1.000000000 0.000000000 0.000000000 0.000000000 0.000000000 1.000000000 0.000000000 0.000000000 0.000000000 0.000000000 1.000000000 0.000000000
0.999999881 0.000189096 0.000459549 0.086229064 -0.000189041 1.000000000 -0.000121278 -0.226211354 -0.000459572 0.000121192 0.999999881 2.289451122
0.999998987 0.000606320 0.001272416 0.163486093 -0.000606915 0.999999642 0.000466571 -0.463705599 -0.001272133 -0.000467343 0.999999046 4.588125229
0.999998450 0.000196425 0.001727431 0.261697412 -0.000197403 0.999999821 0.000566136 -0.694158554 -0.001727320 -0.000566476 0.999998331 6.876761436
0.999996543 0.000067631 0.002624837 0.354431957 -0.000064610 0.999999344 -0.001151074 -0.927150667 -0.002624914 0.001150900 0.999995828 9.177267075
0.999987900 0.001778780 0.004583673 0.447641611 -0.001779594 0.999998391 0.000173429 -1.163044095 -0.004583357 -0.000181584 0.999989450 11.482182503
0.999965727 0.003741818 0.007379814 0.530069172 -0.003752129 0.999992013 0.001383752 -1.393530130 -0.007374577 -0.001411394 0.999971807 13.793503761
0.999947190 0.003628879 0.009622177 0.639184296 -0.003667418 0.999985278 0.003990575 -1.622407079 -0.009607553 -0.004025653 0.999945700 16.064582825
0.999942243 0.003518123 0.010152800 0.764730930 -0.003567938 0.999981642 0.004892539 -1.849079728 -0.010135401 -0.004928481 0.999936461 18.418142319
0.999933183 0.002732047 0.011227368 0.887274325 -0.002790444 0.999982655 0.005188979 -2.075397491 -0.011212996 -0.005219962 0.999923527 20.705961227
0.999929368 0.000279057 0.011879831 0.999864101 -0.000314309 0.999995470 0.002965635 -2.306731224 -0.011878949 -0.002969159 0.999925017 23.030235291
0.999915779 -0.001970469 0.012829631 1.106818318 0.001956001 0.999997437 0.001140093 -2.529123783 -0.012831843 -0.001114902 0.999917030 25.310968399
0.999918759 -0.002697827 0.012451948 1.248744726 0.002692970 0.999996305 0.000406759 -2.777019739 -0.012452998 -0.000373193 0.999922395 27.629806519
0.999906480 -0.002354402 0.013462014 1.354005098 0.002362874 0.999997079 -0.000613500 -3.001834631 -0.013460530 0.000645252 0.999909222 29.916736603
0.999899685 0.000109166 0.014161578 1.474624991 -0.000138033 0.999997854 0.002037493 -3.234462976 -0.014161327 -0.002039244 0.999897599 32.197158813
0.999897599 0.002211849 0.014131032 1.604574442 -0.002270811 0.999988794 0.004157891 -3.453569651 -0.014121676 -0.004189554 0.999891520 34.477542877
0.999869943 0.004316144 0.015537387 1.719820261 -0.004448941 0.999953806 0.008522515 -3.688555002 -0.015499881 -0.008590530 0.999842942 36.786254883
0.999846399 0.006166578 0.016400190 1.833421707 -0.006297389 0.999948680 0.007936492 -3.904899120 -0.016350402 -0.008038552 0.999834001 39.059608459
0.999822021 0.005415076 0.018072816 1.940575361 -0.005534603 0.999963105 0.006570224 -4.110808849 -0.018036563 -0.006669080 0.999815106 41.347461700
0.999825716 0.002970301 0.018431999 2.062239647 -0.003076873 0.999978721 0.005756234 -4.335975647 -0.018414507 -0.005811944 0.999813616 43.623531342
0.999822795 0.002934526 0.018593634 2.194583178 -0.003010804 0.999987125 0.004075695 -4.553237438 -0.018581435 -0.004130954 0.999818802 45.867424011
0.999821305 0.002274606 0.018766090 2.319819927 -0.002340419 0.999991179 0.003485851 -4.786003113 -0.018757991 -0.003529149 0.999817848 48.144123077
0.999822676 0.000673358 0.018820772 2.455088139 -0.000745505 0.999992430 0.003826603 -5.013530254 -0.018818058 -0.003839956 0.999815464 50.423000336
0.999802768 -0.000155935 0.019860614 2.584212780 0.000074573 0.999991596 0.004097351 -5.236661911 -0.019861089 -0.004095062 0.999794483 52.691410065
0.999798834 -0.001384087 0.020009708 2.720902443 0.001303805 0.999991000 0.004024643 -5.465127468 -0.020015102 -0.003997745 0.999791682 54.973350525
0.999762535 -0.001562550 0.021735711 2.841622829 0.001472173 0.999990225 0.004173398 -5.690317154 -0.021742020 -0.004140406 0.999755025 57.274696350
0.999745071 -0.002840897 0.022398723 2.979685307 0.002730761 0.999983966 0.004946086 -5.916778564 -0.022412421 -0.004883659 0.999736905 59.542137146
0.999705553 -0.004400840 0.023863513 3.108290195 0.004298281 0.999981284 0.004347352 -6.139949322 -0.023882195 -0.004243500 0.999705791 61.809051514
0.999688983 -0.005125859 0.024405196 3.259255409 0.005029823 0.999979496 0.003994815 -6.362026215 -0.024425169 -0.003870818 0.999694169 64.060112000
0.999659538 -0.004631001 0.025675792 3.399393082 0.004515098 0.999979377 0.004570190 -6.584247589 -0.025696428 -0.004452706 0.999659896 66.331077576
0.999643862 -0.003630371 0.026438063 3.550015211 0.003498168 0.999981284 0.005044989 -6.812291145 -0.026455883 -0.004950709 0.999637663 68.590408325
0.999606729 -0.003798822 0.027784834 3.687975407 0.003673252 0.999982834 0.004569032 -7.034697533 -0.027801713 -0.004465174 0.999603510 70.845321655
0.999590933 -0.004512596 0.028242670 3.846762657 0.004420099 0.999984682 0.003336666 -7.259637356 -0.028257297 -0.003210465 0.999595523 73.102424622
0.999582767 -0.005537510 0.028349156 4.008923054 0.005437594 0.999978662 0.003600360 -7.484974384 -0.028368490 -0.003444706 0.999591589 75.385711670
0.999538958 -0.006723643 0.029609848 4.166736603 0.006636381 0.999973357 0.003044372 -7.715164185 -0.029629529 -0.002846466 0.999556899 77.650619507
0.999532878 -0.007617292 0.029596366 4.322720528 0.007545723 0.999968350 0.002529123 -7.941121101 -0.029614693 -0.002304615 0.999558747 79.919776917
0.999502778 -0.008064301 0.030480264 4.470611572 0.008003104 0.999965727 0.002129171 -8.159210205 -0.030496383 -0.001884175 0.999533176 82.175224304
0.999489188 -0.007238727 0.031128637 4.639952660 0.007172463 0.999971747 0.002239861 -8.391057968 -0.031143971 -0.002015448 0.999512851 84.453285217
0.999440551 -0.006974553 0.032710485 4.797256947 0.006891271 0.999972641 0.002658115 -8.610062599 -0.032728124 -0.002431211 0.999461353 86.707160950
0.999439061 -0.007112747 0.032725401 4.966870785 0.006974909 0.999966323 0.004324180 -8.846909523 -0.032755066 -0.004093498 0.999455035 88.990676880
0.999412060 -0.006024456 0.033751268 5.125369072 0.005862177 0.999970794 0.004904974 -9.074025154 -0.033779830 -0.004704234 0.999418199 91.248123169
0.999386489 -0.006024849 0.034500912 5.292457104 0.005859912 0.999970913 0.004879773 -9.296283722 -0.034529306 -0.004674606 0.999392867 93.502082825
0.999370873 -0.006195747 0.034920935 5.461736679 0.006055607 0.999973118 0.004117427 -9.512056351 -0.034945518 -0.003903369 0.999381602 95.758132935
0.999332607 -0.006652281 0.035917398 5.624809742 0.006497539 0.999969125 0.004423282 -9.734158516 -0.035945714 -0.004186955 0.999344945 98.016326904
0.999302566 -0.006339513 0.036798943 5.786193848 0.006198444 0.999972939 0.003946349 -9.966659546 -0.036822967 -0.003715501 0.999314904 100.259658813
0.999257624 -0.006422088 0.037987072 5.945978642 0.006244441 0.999969006 0.004793299 -10.183054924 -0.038016684 -0.004552532 0.999266684 102.491798401
0.999236882 -0.006735898 0.038477913 6.139902115 0.006559517 0.999967337 0.004708399 -10.409801483 -0.038508371 -0.004452408 0.999248385 104.772079468
0.999212980 -0.007620742 0.038926180 6.319386959 0.007416424 0.999957979 0.005390518 -10.626699448 -0.038965628 -0.005097583 0.999227524 107.009140015
0.999184489 -0.009011487 0.039358761 6.499774933 0.008802187 0.999946177 0.005487795 -10.843347549 -0.039406087 -0.005136877 0.999210060 109.259696960
0.999140918 -0.009882495 0.040244516 6.677126884 0.009623447 0.999931753 0.006625490 -11.073356628 -0.040307246 -0.006232508 0.999167860 111.515335083
0.999117732 -0.010585318 0.040640857 6.865616798 0.010381807 0.999932468 0.005215321 -11.294699669 -0.040693320 -0.004788794 0.999160230 113.777259827
0.999074996 -0.011022536 0.041564297 7.045412064 0.010848652 0.999931455 0.004406722 -11.517441750 -0.041610017 -0.003951729 0.999126136 116.027969360
0.999043763 -0.011117727 0.042282701 7.226823807 0.010915807 0.999927819 0.005003351 -11.745071411 -0.042335268 -0.004537017 0.999093175 118.277290344
0.998996973 -0.011262111 0.043339022 7.414416790 0.011029975 0.999923468 0.005591718 -11.965392113 -0.043398686 -0.005108080 0.999044716 120.550331116
0.998989701 -0.012051372 0.043294780 7.617058754 0.011779364 0.999909282 0.006532330 -12.194912910 -0.043369569 -0.006015744 0.999041021 122.759437561
0.998908222 -0.012926718 0.044890165 7.803356171 0.012684887 0.999903500 0.005667921 -12.417888641 -0.044959087 -0.005092307 0.998975873 125.079498291
0.998878300 -0.012845936 0.045573886 7.984232903 0.012614492 0.999906182 0.005362343 -12.648727417 -0.045638487 -0.004781438 0.998946607 127.343231201
0.998856843 -0.014572730 0.045526613 8.172846794 0.014327864 0.999881089 0.005700225 -12.865976334 -0.045604270 -0.005041411 0.998946846 129.604095459
0.998876393 -0.015816951 0.044673819 8.360064507 0.015574877 0.999862075 0.005761622 -13.079352379 -0.044758789 -0.005059358 0.998984993 131.854522705
0.998933136 -0.016165869 0.043257594 8.555299759 0.015883332 0.999850273 0.006867340 -13.296755791 -0.043362137 -0.006172941 0.999040306 134.092269897
0.998984635 -0.017032810 0.041707691 8.745002747 0.016765228 0.999836624 0.006757244 -13.523379326 -0.041815970 -0.006051143 0.999106944 136.344528198
0.999056697 -0.017897064 0.039565664 8.954046249 0.017658597 0.999823868 0.006368390 -13.736583710 -0.039672665 -0.005663708 0.999196708 138.568572998
0.999043107 -0.018332459 0.039712209 9.114677429 0.018084835 0.999814749 0.006585795 -13.959839821 -0.039825596 -0.005861304 0.999189436 140.852767944
0.999025643 -0.018658511 0.039994881 9.278802872 0.018400900 0.999807477 0.006799566 -14.168361664 -0.040114049 -0.006056998 0.999176800 143.087036133
0.999066293 -0.018690275 0.038951121 9.471134186 0.018383591 0.999797225 0.008217047 -14.398661613 -0.039096802 -0.007493313 0.999207318 145.323211670
0.999082208 -0.017796693 0.038962487 9.646673203 0.017533978 0.999821246 0.007074241 -14.612194061 -0.039081421 -0.006384581 0.999215603 147.572448730
0.999099791 -0.016671190 0.039009325 9.829248428 0.016465586 0.999848783 0.005586181 -14.830800056 -0.039096560 -0.004938841 0.999223173 149.837722778
0.999111950 -0.014978740 0.039380729 10.003967285 0.014803529 0.999879181 0.004737057 -15.050889015 -0.039446924 -0.004149876 0.999213040 152.090057373
0.999121130 -0.014133891 0.039460644 10.190469742 0.013962070 0.999891818 0.004626517 -15.265692711 -0.039521765 -0.004071499 0.999210417 154.332031250
0.999109626 -0.013432624 0.039992098 10.369190216 0.013238921 0.999899328 0.005104447 -15.484302521 -0.040056627 -0.004570452 0.999186933 156.594528198
0.999112725 -0.012869800 0.040103007 10.563662529 0.012636073 0.999901712 0.006076124 -15.703845024 -0.040177267 -0.005563988 0.999176979 158.820983887
0.999053955 -0.012430901 0.041672990 10.727933884 0.012148220 0.999901593 0.007029645 -15.924932480 -0.041756269 -0.006516742 0.999106586 161.123565674
0.999031961 -0.011417884 0.042483225 10.913548470 0.011036310 0.999896705 0.009205480 -16.146362305 -0.042583942 -0.008727711 0.999054790 163.358596802
0.999007940 -0.010680653 0.043232758 11.104972839 0.010346279 0.999914825 0.007950664 -16.353210449 -0.043313991 -0.007495478 0.999033391 165.650939941
0.998969257 -0.010172589 0.044237934 11.297961235 0.009894618 0.999929905 0.006498017 -16.563980103 -0.044300944 -0.006053602 0.998999894 167.903991699
0.998894632 -0.008327870 0.046261139 11.482221603 0.008023064 0.999944866 0.006770597 -16.780334473 -0.046314977 -0.006391957 0.998906434 170.139038086
0.998794615 -0.007963669 0.048433896 11.694115639 0.007626738 0.999945402 0.007137327 -17.008394241 -0.048488095 -0.006759331 0.998800874 172.436645508
0.998674572 -0.008140664 0.050821140 11.891963005 0.007809912 0.999947011 0.006703357 -17.221118927 -0.050873019 -0.006297563 0.998685300 174.712905884
0.998602509 -0.008331022 0.052190848 12.101531029 0.007960569 0.999941647 0.007301956 -17.441455841 -0.052248642 -0.006876282 0.998610437 176.971817017
0.998554409 -0.008755838 0.053031519 12.302980423 0.008338675 0.999932528 0.008082462 -17.652809143 -0.053098705 -0.007628567 0.998560131 179.190185547
0.998542964 -0.010413962 0.052947432 12.514635086 0.010000537 0.999917388 0.008067151 -17.875257492 -0.053027071 -0.007525894 0.998564720 181.467422485
0.998510182 -0.011246366 0.053393297 12.712506294 0.010841619 0.999910355 0.007864081 -18.087268829 -0.053476952 -0.007273497 0.998542607 183.711181641
0.998574555 -0.012028328 0.052000444 12.938740730 0.011624701 0.999899983 0.008057475 -18.317947388 -0.052092142 -0.007441501 0.998614550 185.948562622
0.998575807 -0.013967483 0.051489525 13.145823479 0.013534919 0.999870181 0.008740177 -18.532884598 -0.051604923 -0.008030823 0.998635292 188.198593140
0.998604655 -0.014733964 0.050712500 13.355966568 0.014323476 0.999861658 0.008448343 -18.744100571 -0.050829973 -0.007710174 0.998677611 190.441314697
0.998551369 -0.015733199 0.051455464 13.553711891 0.015322817 0.999847591 0.008360293 -18.967556000 -0.051579166 -0.007559740 0.998640299 192.683212280
0.998529434 -0.017323898 0.051369939 13.752309799 0.016954813 0.999827206 0.007611947 -19.179033279 -0.051492941 -0.006729784 0.998650610 194.923034668
0.998573363 -0.016749833 0.050703321 13.962445259 0.016376305 0.999835610 0.007773452 -19.393928528 -0.050825190 -0.006932027 0.998683572 197.153823853
0.998564482 -0.014134092 0.051664211 14.166879654 0.013729653 0.999872267 0.008174754 -19.616436005 -0.051773153 -0.007453687 0.998631001 199.399520874
0.998564541 -0.012223035 0.052148443 14.367591858 0.011817723 0.999897599 0.008073584 -19.833797455 -0.052241791 -0.007445721 0.998606682 201.636978149
0.998540699 -0.011649719 0.052733399 14.577959061 0.011279623 0.999909639 0.007310423 -20.047214508 -0.052813806 -0.006704941 0.998581886 203.897659302
0.998507798 -0.011794584 0.053321879 14.777322769 0.011384004 0.999903202 0.007997208 -20.256210327 -0.053411037 -0.007378258 0.998545349 206.127105713
0.998483837 -0.013285159 0.053418122 15.009385109 0.012874939 0.999884903 0.008016243 -20.478546143 -0.053518482 -0.007316334 0.998540044 208.391220093
0.998432398 -0.012868642 0.054470416 15.217807770 0.012462365 0.999891937 0.007791791 -20.678791046 -0.054564804 -0.007100747 0.998484910 210.640762329
0.998355031 -0.012551592 0.055946112 15.438470840 0.012026714 0.999880493 0.009708737 -20.915950775 -0.056061294 -0.009019917 0.998386562 212.894378662
0.998279631 -0.011117682 0.057568882 15.671216011 0.010565165 0.999895275 0.009892976 -21.126108170 -0.057672832 -0.009267733 0.998292446 215.129913330
0.998109579 -0.009389116 0.060738504 15.881751060 0.008801182 0.999911845 0.009940075 -21.335474014 -0.060826469 -0.009386713 0.998104215 217.399581909
0.997980356 -0.009462204 0.062813610 16.110410690 0.008835629 0.999908447 0.010245471 -21.544355392 -0.062904805 -0.009669780 0.997972667 219.643371582
0.997857928 -0.010787742 0.064524680 16.346359253 0.010110488 0.999890447 0.010813403 -21.751205444 -0.064634271 -0.010137864 0.997857511 221.881439209
0.997753501 -0.012224411 0.065867446 16.580617905 0.011484077 0.999866605 0.011606680 -21.956058502 -0.066000536 -0.010824178 0.997760892 224.116897583
0.997692406 -0.014560913 0.066315323 16.833356857 0.013854992 0.999842465 0.011092420 -22.170043945 -0.066466384 -0.010148026 0.997736990 226.353576660
0.997645617 -0.015688132 0.066761583 17.069356918 0.015002219 0.999829650 0.010763087 -22.372467041 -0.066919051 -0.009736174 0.997710884 228.601821899
0.997612476 -0.015851401 0.067216568 17.311607361 0.015141685 0.999824345 0.011054987 -22.580293655 -0.067380004 -0.010010823 0.997677147 230.840225220
0.997565091 -0.016895786 0.067664355 17.559535980 0.016251726 0.999817371 0.010057621 -22.788652420 -0.067821920 -0.008933465 0.997657537 233.093215942
0.997511327 -0.017835150 0.068214133 17.799736023 0.017121505 0.999792576 0.011032257 -22.990480423 -0.068396732 -0.009836870 0.997609675 235.330841064
0.997498393 -0.017556684 0.068474650 18.056076050 0.016815681 0.999793768 0.011383063 -23.201345444 -0.068660386 -0.010203138 0.997587919 237.590393066
0.997472882 -0.017375665 0.068890408 18.301055908 0.016638592 0.999798179 0.011258604 -23.403305054 -0.069072165 -0.010083915 0.997560680 239.827484131
0.997435987 -0.017625455 0.069358677 18.546079636 0.016875977 0.999792874 0.011376975 -23.608932495 -0.069544815 -0.010177308 0.997526884 242.058059692
0.997391999 -0.017826200 0.069938883 18.793586731 0.017065009 0.999788642 0.011466142 -23.812206268 -0.070128508 -0.010242733 0.997485340 244.310195923
0.997361124 -0.017934412 0.070349760 19.041158676 0.017217444 0.999793708 0.010784606 -24.024383545 -0.070528671 -0.009544902 0.997464061 246.543945312
0.997370720 -0.017488470 0.070325516 19.298217773 0.016826248 0.999808431 0.009997944 -24.234273911 -0.070486888 -0.008788343 0.997474015 248.787582397
0.997350872 -0.017736485 0.070545346 19.550670624 0.017037246 0.999799728 0.010501347 -24.443061829 -0.070717476 -0.009271631 0.997453272 251.034362793
0.997323751 -0.018966829 0.070608221 19.803571701 0.018283302 0.999779642 0.010314323 -24.651145935 -0.070788302 -0.008995770 0.997450769 253.265945435
0.997325063 -0.018947341 0.070595726 20.066738129 0.018214125 0.999773443 0.011015360 -24.859766006 -0.070788443 -0.009700055 0.997444212 255.526779175
0.997278869 -0.019786412 0.071016125 20.306346893 0.019046398 0.999757111 0.011082449 -25.067453384 -0.071218170 -0.009699692 0.997413576 257.749481201
0.997275293 -0.019941160 0.071023419 20.574220657 0.019153712 0.999747515 0.011751005 -25.281047821 -0.071239807 -0.010358625 0.997405529 260.018035889
0.997233331 -0.019485364 0.071735680 20.827630997 0.018733045 0.999762416 0.011145341 -25.484022141 -0.071935803 -0.009770678 0.997361362 262.264373779
0.997208297 -0.019394163 0.072107382 21.085807800 0.018682700 0.999770045 0.010528253 -25.687175751 -0.072294988 -0.009151699 0.997341335 264.522247314
0.997176409 -0.018669408 0.072736815 21.343505859 0.017980497 0.999787152 0.010114647 -25.899757385 -0.072910167 -0.008778243 0.997299850 266.761444092
0.997100353 -0.017946480 0.073950864 21.599176407 0.017245404 0.999800205 0.010107987 -26.103412628 -0.074117504 -0.008803365 0.997210681 269.010467529
0.996993959 -0.017586621 0.075457141 21.852626801 0.016890576 0.999808788 0.009852669 -26.323938370 -0.075615987 -0.008548536 0.997100353 271.263824463
0.996929646 -0.018308504 0.076132230 22.130809784 0.017582055 0.999793351 0.010201328 -26.536788940 -0.076303259 -0.008831444 0.997045577 273.513671875
0.996723711 -0.018760664 0.078676991 22.378082275 0.017997058 0.999783933 0.010403553 -26.731990814 -0.078855194 -0.008953513 0.996845901 275.767333984
0.996595323 -0.018687800 0.080302708 22.647750854 0.017839918 0.999777496 0.011263169 -26.928705215 -0.080495328 -0.009792228 0.996706903 278.009033203
0.996552467 -0.018045472 0.080977999 22.937253952 0.017049922 0.999770522 0.012968759 -27.152065277 -0.081193432 -0.011543382 0.996631444 280.270599365
0.996469975 -0.017812725 0.082038283 23.219730377 0.016708702 0.999760568 0.014124397 -27.360410690 -0.082270250 -0.012703785 0.996529043 282.506866455
0.996381938 -0.016741870 0.083322138 23.493925095 0.015639955 0.999781609 0.013859969 -27.557006836 -0.083536007 -0.012506667 0.996426284 284.776306152
0.996254265 -0.015680676 0.085037999 23.758666992 0.014601095 0.999804914 0.013302433 -27.753465652 -0.085229993 -0.012010960 0.996288955 287.008056641
0.996282458 -0.015167995 0.084800728 24.050798416 0.014129444 0.999817789 0.012833786 -27.958282471 -0.084979922 -0.011587891 0.996315300 289.256958008
0.996204197 -0.016018944 0.085560225 24.322038651 0.014944106 0.999801338 0.013188121 -28.165521622 -0.085754484 -0.011859440 0.996245742 291.483367920
0.996132731 -0.015796583 0.086429253 24.584655762 0.014742398 0.999809086 0.012821848 -28.375164032 -0.086615287 -0.011498088 0.996175468 293.746429443
0.996149123 -0.016387282 0.086131722 24.867382050 0.015411695 0.999809563 0.011979501 -28.574043274 -0.086311623 -0.010605936 0.996211648 295.973480225
0.996145964 -0.016401786 0.086163707 25.149396896 0.015447401 0.999811947 0.011731533 -28.775508881 -0.086339906 -0.010355314 0.996211886 298.210174561
0.996148825 -0.015766039 0.086248800 25.431110382 0.014802643 0.999820769 0.011798157 -28.975572586 -0.086419344 -0.010476009 0.996203721 300.449340820
0.996111691 -0.015641527 0.086699232 25.698276520 0.014574477 0.999810219 0.012926889 -29.186401367 -0.086884983 -0.011613027 0.996150672 302.686462402
0.996110439 -0.016235838 0.086604483 25.985820770 0.015147819 0.999798000 0.013205581 -29.388368607 -0.086801410 -0.011842349 0.996155202 304.938751221
0.996065795 -0.015482534 0.087253846 26.270454407 0.014364471 0.999806583 0.013427267 -29.590335846 -0.087444864 -0.012121087 0.996095598 307.188720703
0.996061087 -0.016217111 0.087173313 26.555980682 0.015095662 0.999794900 0.013508471 -29.799940109 -0.087374486 -0.012139326 0.996101558 309.446868896
0.996022880 -0.017591145 0.087345168 26.842552185 0.016440051 0.999768496 0.013880670 -29.999073029 -0.087569125 -0.012389505 0.996081352 311.705780029
0.995994031 -0.017497478 0.087691128 27.127428055 0.016396251 0.999777555 0.013262662 -30.200969696 -0.087903693 -0.011771724 0.996059418 313.948730469
0.996011078 -0.017124698 0.087570898 27.420637131 0.015956787 0.999774396 0.014019467 -30.405269623 -0.087791227 -0.012566195 0.996059656 316.195983887
0.995956421 -0.015295936 0.088525504 27.702510834 0.014186952 0.999812961 0.013142955 -30.608293533 -0.088709995 -0.011833905 0.995987117 318.438385010
0.995949328 -0.013811874 0.088848419 27.985054016 0.012646789 0.999826670 0.013662812 -30.808296204 -0.089021727 -0.012483821 0.995951414 320.688934326
0.995873272 -0.012389102 0.089906424 28.262878418 0.011218026 0.999845624 0.013519176 -31.011688232 -0.090060040 -0.012454812 0.995858371 322.919067383
0.995810747 -0.011426247 0.090721361 28.540904999 0.010204848 0.999851108 0.013915665 -31.206851959 -0.090866871 -0.012931571 0.995779097 325.159881592
0.995814919 -0.010942923 0.090735212 28.838588715 0.009593896 0.999837041 0.015290573 -31.417140961 -0.090887755 -0.014356075 0.995757639 327.388549805
0.995789349 -0.011105764 0.090995528 29.126010895 0.009765430 0.999837339 0.015161691 -31.623735428 -0.091149114 -0.014209239 0.995735884 329.632568359
0.995806873 -0.012952711 0.090558924 29.429624557 0.011687849 0.999826789 0.014483686 -31.823293686 -0.090730824 -0.013364513 0.995785773 331.863952637
0.995783746 -0.012572812 0.090865739 29.714031219 0.011326768 0.999834895 0.014215667 -32.023437500 -0.091029465 -0.013126517 0.995761693 334.079925537
0.995767236 -0.012663519 0.091033757 30.002922058 0.011288702 0.999814570 0.015601343 -32.222152710 -0.091214448 -0.014507656 0.995725513 336.311401367
0.995807230 -0.013367745 0.090494461 30.306724548 0.012001624 0.999806046 0.015623539 -32.417476654 -0.090685748 -0.014471954 0.995774388 338.546936035
0.995811105 -0.013234685 0.090471163 30.591674805 0.011841768 0.999803185 0.015915751 -32.619232178 -0.090663970 -0.014777742 0.995771885 340.792297363
0.995859921 -0.013428233 0.089904107 30.890745163 0.012070042 0.999804914 0.015633797 -32.818695068 -0.090096503 -0.014483926 0.995827734 343.038848877
0.995875239 -0.013464976 0.089728467 31.179817200 0.012076149 0.999799132 0.016003069 -33.013542175 -0.089925915 -0.014853488 0.995837688 345.281982422
0.995925188 -0.013355866 0.089188352 31.471019745 0.011969720 0.999799371 0.016058609 -33.206275940 -0.089384936 -0.014925616 0.995885253 347.520385742
0.995967925 -0.013436662 0.088697582 31.760215759 0.012060459 0.999798715 0.016033420 -33.401653290 -0.088895164 -0.014899041 0.995929480 349.764465332
0.995975137 -0.013032202 0.088677518 32.044052124 0.011613575 0.999796510 0.016494809 -33.599624634 -0.088874452 -0.015398555 0.995923817 352.002563477
0.996026397 -0.013347748 0.088052303 32.332233429 0.011909953 0.999787390 0.016834076 -33.791870117 -0.088258274 -0.015718490 0.995973587 354.225952148
0.996041238 -0.013097995 0.087922424 32.612815857 0.011707181 0.999798357 0.016315732 -33.986999512 -0.088118397 -0.015221822 0.995993674 356.463958740
0.996092200 -0.013243824 0.087320633 32.900363922 0.011817452 0.999788523 0.016831625 -34.181060791 -0.087525092 -0.015733942 0.996038079 358.700378418
0.996149361 -0.012833753 0.086727001 33.191242218 0.011339607 0.999779046 0.017698914 -34.377731323 -0.086934984 -0.016647311 0.996074796 360.947906494
0.996205568 -0.013016822 0.086053841 33.481971741 0.011542413 0.999778450 0.017608963 -34.572952271 -0.086263977 -0.016548876 0.996134996 363.197814941
0.996247590 -0.013124240 0.085547186 33.769432068 0.011620283 0.999769390 0.018054780 -34.764972687 -0.085764423 -0.016992951 0.996170521 365.437225342
0.996294022 -0.013107286 0.085008554 34.053482056 0.011648263 0.999776602 0.017636616 -34.962059021 -0.085220747 -0.016581051 0.996224105 367.688232422
0.996311724 -0.013776927 0.084695861 34.332981110 0.012346572 0.999772549 0.017388858 -35.155540466 -0.084916152 -0.016279018 0.996255100 369.937530518
0.996323287 -0.013967043 0.084527217 34.614799500 0.012628238 0.999786496 0.016352776 -35.342613220 -0.084737577 -0.015225220 0.996286988 372.190460205
0.996370316 -0.013691653 0.084015876 34.890369415 0.012342270 0.999786675 0.016559476 -35.541694641 -0.084224679 -0.015462426 0.996326804 374.433013916
0.996458173 -0.013641427 0.082976386 35.178848267 0.012268431 0.999779642 0.017034292 -35.732856750 -0.083190471 -0.015955973 0.996405900 376.680511475
0.996375382 -0.013297998 0.084019639 35.444698334 0.011866622 0.999776244 0.017512729 -35.925815582 -0.084233724 -0.016452223 0.996310174 378.942474365
0.996379316 -0.013988013 0.083861895 35.724906921 0.012533475 0.999762177 0.017845949 -36.123703003 -0.084091581 -0.016730253 0.996317565 381.185211182
0.996390462 -0.013905068 0.083742119 36.007812500 0.012457010 0.999764144 0.017789647 -36.312381744 -0.083969742 -0.016682263 0.996328592 383.445007324
0.996407330 -0.013121693 0.083667047 36.293155670 0.011656797 0.999770522 0.017973173 -36.507640839 -0.083883680 -0.016933313 0.996331692 385.701385498
0.996406019 -0.011956540 0.083857849 36.569484711 0.010486815 0.999783993 0.017945023 -36.692306519 -0.084054299 -0.017001128 0.996316135 387.958221436
0.996421516 -0.010749034 0.083836779 36.854484558 0.009278713 0.999796569 0.017907878 -36.893497467 -0.084012203 -0.017065898 0.996318579 390.233489990
0.996417403 -0.009549265 0.084030963 37.131172180 0.008073285 0.999807417 0.017887024 -37.090118408 -0.084185593 -0.017144533 0.996302545 392.511688232
0.996426105 -0.008063727 0.084082574 37.412006378 0.006464651 0.999793351 0.019272856 -37.282154083 -0.084220625 -0.018660421 0.996272326 394.774169922
0.996356785 -0.006894296 0.085003957 37.681747437 0.005244740 0.999793828 0.019613698 -37.474880219 -0.085121654 -0.019096415 0.996187687 397.037902832
0.996304095 -0.006491048 0.085650250 37.961666107 0.004952969 0.999822795 0.018157981 -37.673057556 -0.085752957 -0.017666647 0.996159732 399.305603027
0.996231854 -0.006408329 0.086493134 38.235157013 0.004892627 0.999830902 0.017724598 -37.868457794 -0.086592101 -0.017234627 0.996094763 401.571533203
0.996130764 -0.007473793 0.087565720 38.511196136 0.005880678 0.999812841 0.018437235 -38.055458069 -0.087687127 -0.017850948 0.995988131 403.817108154
0.996107638 -0.008978886 0.087685905 38.793098450 0.007284381 0.999780774 0.019625608 -38.250789642 -0.087842882 -0.018910481 0.995954812 406.109222412
0.996060491 -0.009542912 0.088160574 39.076087952 0.007848566 0.999778211 0.019545570 -38.441871643 -0.088327527 -0.018776637 0.995914400 408.365936279
0.996035278 -0.008063207 0.088592365 39.383590698 0.006432109 0.999804795 0.018681366 -38.626228333 -0.088725716 -0.018037466 0.995892704 410.637176514
0.995917916 -0.007644426 0.089939661 39.657978058 0.005923981 0.999794662 0.019380301 -38.824943542 -0.090069346 -0.018768387 0.995758593 412.888122559
0.995921671 -0.005035640 0.090080872 39.971221924 0.003379289 0.999822676 0.018530436 -39.023685455 -0.090158202 -0.018150458 0.995761991 415.152954102
0.995836079 -0.003740253 0.091085404 40.267242432 0.002063756 0.999826849 0.018493008 -39.216213226 -0.091138802 -0.018228026 0.995671332 417.422912598
0.995790780 -0.003969603 0.091568671 40.568828583 0.002287211 0.999826789 0.018470636 -39.413124084 -0.091626123 -0.018183453 0.995627463 419.680816650
0.995694280 -0.003814957 0.092619047 40.858123779 0.002113428 0.999827325 0.018462393 -39.602832794 -0.092673481 -0.018187156 0.995530427 421.938140869
0.995625198 -0.003993616 0.093351267 41.148807526 0.002316467 0.999834180 0.018067453 -39.797187805 -0.093407921 -0.017772164 0.995469272 424.195129395
0.995582402 -0.004445625 0.093786806 41.451286316 0.002653039 0.999811709 0.019229446 -39.991348267 -0.093854636 -0.018895678 0.995406568 426.471893311
0.995521545 -0.003747457 0.094459780 41.743125916 0.001885048 0.999802232 0.019797960 -40.182292938 -0.094515286 -0.019531233 0.995331824 428.727142334
0.995435894 -0.003023631 0.095383830 42.044853210 0.001068296 0.999788344 0.020544048 -40.371597290 -0.095425777 -0.020348389 0.995228589 431.008880615
0.995467305 -0.003677045 0.095032401 42.364025116 0.001699303 0.999780476 0.020883797 -40.570213318 -0.095088325 -0.020627650 0.995255113 433.294067383
0.995439053 -0.004548675 0.095291182 42.674259186 0.002619929 0.999789357 0.020355886 -40.768501282 -0.095363714 -0.020013390 0.995241225 435.564880371
0.995439827 -0.003793385 0.095316388 42.985481262 0.001864706 0.999791861 0.020315420 -40.942253113 -0.095373601 -0.020045042 0.995239735 437.832275391
0.995394647 -0.004175869 0.095771052 43.289268494 0.002212721 0.999785423 0.020595379 -41.131622314 -0.095836520 -0.020288616 0.995190263 440.112426758
0.995444357 -0.004227070 0.095250987 43.603900909 0.002283864 0.999787211 0.020500684 -41.317054749 -0.095317386 -0.020189747 0.995242238 442.386627197
0.995387793 -0.003670666 0.095862351 43.907512665 0.001573346 0.999757886 0.021944888 -41.521350861 -0.095919691 -0.021692852 0.995152652 444.663452148
0.995350182 -0.004202223 0.096230835 44.217338562 0.002108530 0.999759018 0.021848345 -41.702945709 -0.096299477 -0.021543847 0.995119214 446.942596436
0.995345056 -0.003941530 0.096294887 44.522098541 0.001891252 0.999769747 0.021373641 -41.891365051 -0.096356966 -0.021092029 0.995123327 449.207153320
0.995351136 -0.003442649 0.096251316 44.829090118 0.001388723 0.999770045 0.021398045 -42.085586548 -0.096302852 -0.021164905 0.995127022 451.471405029
0.995308876 -0.003046391 0.096699968 45.133594513 0.001006784 0.999776065 0.021133892 -42.278755188 -0.096742690 -0.020937398 0.995089173 453.733489990
0.995214224 -0.002420144 0.097687416 45.433036804 0.000354225 0.999776065 0.021160057 -42.458427429 -0.097716749 -0.021024186 0.994992197 456.011230469
0.995189428 -0.002823448 0.097928986 45.734428406 0.000777998 0.999780834 0.020918988 -42.653873444 -0.097966589 -0.020742163 0.994973540 458.276733398
0.995213628 -0.002064958 0.097700618 46.057651520 0.000077751 0.999793112 0.020339198 -42.846302032 -0.097722396 -0.020234250 0.995007992 460.567962646
0.995186985 -0.000891522 0.097989716 46.367736816 -0.001151482 0.999783218 0.020790640 -43.035400391 -0.097986996 -0.020803411 0.994970381 462.853729248
0.995196819 -0.000261657 0.097894058 46.679157257 -0.001909894 0.999754131 0.022088291 -43.222465515 -0.097875789 -0.022169165 0.994951665 465.134002686
0.995244980 -0.000272022 0.097404070 46.981159210 -0.001915640 0.999748051 0.022365425 -43.405185699 -0.097385615 -0.022445673 0.994993567 467.398742676
0.995332897 -0.000157856 0.096500002 47.295856476 -0.001885485 0.999775946 0.021082968 -43.589271545 -0.096481711 -0.021166520 0.995109618 469.680053711
0.995407224 -0.000426562 0.095730528 47.613910675 -0.001563477 0.999784291 0.020711949 -43.784507751 -0.095718727 -0.020766495 0.995191753 471.976257324
0.995524883 -0.001093501 0.094493054 47.927566528 -0.000987855 0.999758005 0.021976965 -43.981910706 -0.094494231 -0.021971956 0.995282829 474.254943848
0.995497584 -0.001311985 0.094778024 48.220481873 -0.000809304 0.999750078 0.022339752 -44.171512604 -0.094783634 -0.022315875 0.995247781 476.535186768
0.995613635 -0.001236473 0.093551710 48.526229858 -0.000770628 0.999770343 0.021415280 -44.340190887 -0.093556732 -0.021393441 0.995384037 478.827789307
0.995656610 -0.001404813 0.093090802 48.830329895 -0.000676788 0.999750495 0.022325628 -44.531757355 -0.093098946 -0.022291664 0.995407403 481.112365723
0.995698035 -0.001982709 0.092636190 49.136405945 -0.000151163 0.999734938 0.023022275 -44.719982147 -0.092657290 -0.022937240 0.995433927 483.388183594
0.995689929 -0.002387393 0.092713602 49.425102234 0.000333639 0.999754310 0.022160785 -44.903320312 -0.092743747 -0.022034336 0.995446146 485.674041748
0.995777071 -0.002614995 0.091767021 49.731185913 0.000507502 0.999735773 0.022981506 -45.098564148 -0.091802873 -0.022837881 0.995515287 487.972961426
0.995831251 -0.002777881 0.091172136 50.030239105 0.000705172 0.999740660 0.022758372 -45.277885437 -0.091211729 -0.022599207 0.995575011 490.257141113
0.995856822 -0.002147304 0.090909593 50.324317932 0.000055228 0.999735236 0.023008963 -45.457447052 -0.090934932 -0.022908613 0.995593309 492.552520752
0.995884240 -0.001416680 0.090623140 50.623874664 -0.000722477 0.999722004 0.023567805 -45.641139984 -0.090631358 -0.023536280 0.995606303 494.843139648
0.995887637 -0.001165146 0.090589389 50.909385681 -0.000934379 0.999732018 0.023130417 -45.824939728 -0.090592057 -0.023119939 0.995619774 497.151275635
0.995912373 -0.000910862 0.090320185 51.214958191 -0.001152558 0.999739587 0.022790834 -46.019294739 -0.090317406 -0.022801774 0.995651960 499.470611572
0.995947540 -0.000898090 0.089931130 51.508529663 -0.001216531 0.999724150 0.023456207 -46.202892303 -0.089927383 -0.023470556 0.995671749 501.766021729
0.995949626 -0.000723939 0.089910217 51.797958374 -0.001422197 0.999715626 0.023803404 -46.392353058 -0.089901879 -0.023834860 0.995665371 504.049133301
0.995955050 0.000225059 0.089852422 52.089004517 -0.002309379 0.999730587 0.023093849 -46.576847076 -0.089823022 -0.023207942 0.995687306 506.334838867
0.995964468 0.000313595 0.089747876 52.378295898 -0.002444928 0.999717593 0.023639055 -46.761722565 -0.089715101 -0.023763087 0.995683968 508.624237061
0.995999992 -0.000005961 0.089353204 52.677719116 -0.002041666 0.999737382 0.022824677 -46.948310852 -0.089329883 -0.022915810 0.995738566 510.922973633
0.996053696 -0.000792691 0.088749282 52.979206085 -0.001318611 0.999717593 0.023728350 -47.140392303 -0.088743046 -0.023751739 0.995771348 513.225769043
0.996074140 -0.000455261 0.088521577 53.275714874 -0.001644431 0.999719024 0.023645181 -47.319118500 -0.088507459 -0.023697920 0.995793581 515.536254883
0.996104598 0.000007082 0.088179834 53.571060181 -0.002084500 0.999722421 0.023466824 -47.505447388 -0.088155188 -0.023559224 0.995828032 517.845642090
0.996075869 0.000792674 0.088500589 53.850433350 -0.002857322 0.999726653 0.023204956 -47.692222595 -0.088458009 -0.023366768 0.995805800 520.137634277
0.996036589 0.003114213 0.088889651 54.145278931 -0.005229897 0.999708295 0.023578268 -47.884979248 -0.088790305 -0.023949701 0.995762348 522.512512207
0.995847166 0.005216829 0.090890869 54.417564392 -0.007408631 0.999689519 0.023793977 -48.068161011 -0.090738513 -0.024368547 0.995576560 524.837646484
0.995894551 0.006529581 0.090285212 54.732925415 -0.008785241 0.999658525 0.024608923 -48.242210388 -0.090093702 -0.025301071 0.995611846 527.165161133
0.995824039 0.006025888 0.091094248 55.019348145 -0.008296506 0.999663711 0.024567911 -48.426513672 -0.090915576 -0.025221081 0.995539129 529.471496582
0.995779753 0.004234286 0.091677219 55.310310364 -0.006637156 0.999641955 0.025921116 -48.606742859 -0.091534652 -0.026420202 0.995451331 531.782714844
0.995746076 0.002657017 0.092101157 55.616363525 -0.005038949 0.999658585 0.025639262 -48.787578583 -0.092001572 -0.025994284 0.995419502 534.107971191
0.995711625 0.002824152 0.092467792 55.917030334 -0.005150848 0.999675870 0.024933258 -48.965892792 -0.092367418 -0.025302624 0.995403588 536.422180176
0.995636761 0.002375921 0.093284845 56.218147278 -0.004715407 0.999679625 0.024866533 -49.151535034 -0.093195871 -0.025197908 0.995328903 538.738952637
0.995552361 0.003030123 0.094161369 56.516086578 -0.005339100 0.999690950 0.024279248 -49.338558197 -0.094058700 -0.024674004 0.995260835 541.062133789
0.995462060 0.003706713 0.095086291 56.813415527 -0.006000974 0.999697447 0.023853621 -49.523502350 -0.094969079 -0.024315981 0.995183349 543.384582520
0.995385587 0.004154792 0.095865227 57.126132965 -0.006373505 0.999718547 0.022849511 -49.707412720 -0.095743299 -0.023355071 0.995132089 545.712402344
0.995270789 0.004211744 0.097048335 57.415756226 -0.006508023 0.999706030 0.023356818 -49.894729614 -0.096921414 -0.023877950 0.995005548 548.023559570
0.995219707 0.004055580 0.097577102 57.726390839 -0.006449860 0.999685466 0.024234390 -50.084403992 -0.097448148 -0.024747903 0.994932890 550.341369629
0.995104730 0.003998303 0.098744906 58.023365021 -0.006425475 0.999684751 0.024274439 -50.266288757 -0.098616734 -0.024790097 0.994816720 552.648193359
0.995154977 0.002124987 0.098295815 58.341133118 -0.004502943 0.999702394 0.023976330 -50.466533661 -0.098215595 -0.024302784 0.994868398 554.964050293
0.995214939 0.001677453 0.097695477 58.670330048 -0.004080473 0.999693871 0.024402438 -50.650756836 -0.097624622 -0.024684314 0.994917154 557.282226562
0.995167971 0.001965143 0.098167688 58.980823517 -0.004394023 0.999689400 0.024532089 -50.830348969 -0.098088987 -0.024844896 0.994867444 559.589660645
0.995125115 0.002681514 0.098583847 59.296699524 -0.005238540 0.999656260 0.025687898 -51.015327454 -0.098481081 -0.026079103 0.994797170 561.927612305
0.995130658 0.002413944 0.098534726 59.621082306 -0.005024454 0.999642611 0.026253762 -51.197006226 -0.098436125 -0.026621010 0.994787216 564.255981445
0.995099366 0.002838418 0.098838627 59.940521240 -0.005522016 0.999623179 0.026888344 -51.375682831 -0.098725058 -0.027302364 0.994740129 566.577270508
0.995036304 0.003855830 0.099438794 60.259319305 -0.006502347 0.999632835 0.026304170 -51.560394287 -0.099300876 -0.026820188 0.994695961 568.898742676
0.995039225 0.005085699 0.099353112 60.594646454 -0.007571813 0.999667108 0.024661990 -51.734577179 -0.099194638 -0.025291933 0.994746566 571.235534668
0.995027900 0.005524867 0.099443406 60.930980682 -0.008026095 0.999660969 0.024769802 -51.920310974 -0.099272847 -0.025444785 0.994734883 573.557312012
0.995052040 0.005377941 0.099209391 61.260238647 -0.007986346 0.999632239 0.025913531 -52.108222961 -0.099033564 -0.026577635 0.994729102 575.930236816
0.995059431 0.005296699 0.099139400 61.590702057 -0.008012762 0.999602854 0.027018309 -52.293369293 -0.098956928 -0.027679203 0.994706631 578.244567871
0.994982064 0.006187483 0.099862881 61.908012390 -0.008795106 0.999631286 0.025692940 -52.479293823 -0.099667072 -0.026442319 0.994669437 580.629089355
0.995037675 0.005334696 0.099354878 62.237098694 -0.007887680 0.999648213 0.025320541 -52.653991699 -0.099184841 -0.025978573 0.994729877 582.969116211
0.994968057 0.005506959 0.100041144 62.555080414 -0.008243277 0.999602556 0.026959170 -52.846931458 -0.099852927 -0.027648183 0.994617939 585.294128418
0.995041847 0.005767623 0.099289261 62.883365631 -0.008485879 0.999600112 0.026976625 -53.024513245 -0.099093966 -0.027685430 0.994692862 587.612976074
0.994969666 0.003800246 0.100104541 63.210205078 -0.006374713 0.999656737 0.025410470 -53.203521729 -0.099973619 -0.025920782 0.994652390 589.976928711
0.995005190 0.003633662 0.099756800 63.541259766 -0.006176468 0.999663532 0.025193056 -53.380332947 -0.099631682 -0.025683366 0.994692802 592.324462891
0.995017350 0.002221805 0.099677108 63.862712860 -0.004791335 0.999662161 0.025546560 -53.562301636 -0.099586681 -0.025896858 0.994691789 594.657897949
0.995049775 0.001424089 0.099367514 64.194427490 -0.004019603 0.999655783 0.025925033 -53.746307373 -0.099296398 -0.026196113 0.994713008 597.010620117
