1.000000000 0.000000000 0.000000000 0.000000000 0.000000000 1.000000000 0.000000000 0.000000000 0.000000000 0.000000000 1.000000000 0.000000000
0.999999881 0.000017582 0.000461241 0.088619873 -0.000017500 1.000000000 -0.000176914 -0.228233740 -0.000461244 0.000176906 0.999999881 2.294728518
0.999999225 0.000380109 0.001188007 0.166175455 -0.000380659 0.999999821 0.000463153 -0.468318403 -0.001187831 -0.000463605 0.999999166 4.583493233
0.999998391 0.000051318 0.001756524 0.263805598 -0.000052563 0.999999702 0.000709266 -0.699859381 -0.001756487 -0.000709358 0.999998212 6.873035431
0.999996245 -0.000141551 0.002789339 0.355693907 0.000144453 0.999999404 -0.001040516 -0.932599008 -0.002789191 0.001040915 0.999995589 9.161995888
0.999987781 0.001590370 0.004691151 0.450099856 -0.001592064 0.999998689 0.000357313 -1.168560505 -0.004690576 -0.000364777 0.999988914 11.463555336
0.999968290 0.003589929 0.007112504 0.548875093 -0.003601023 0.999992311 0.001547553 -1.399203420 -0.007106892 -0.001573116 0.999973536 13.750392914
0.999945998 0.003540442 0.009769491 0.652275741 -0.003582858 0.999984264 0.004327553 -1.629383683 -0.009754014 -0.004362322 0.999942958 16.028329849
0.999941409 0.003842142 0.010117387 0.751641273 -0.003898194 0.999977112 0.005526280 -1.854561806 -0.010095921 -0.005565396 0.999933541 18.311773300
0.999927998 0.002914877 0.011641694 0.863533318 -0.002982103 0.999978900 0.005761469 -2.079774141 -0.011624656 -0.005795772 0.999915540 20.598449707
0.999927104 0.000300844 0.012072640 0.980386734 -0.000344000 0.999993563 0.003572793 -2.310655355 -0.012071487 -0.003576685 0.999920726 22.910596848
0.999913812 -0.001944566 0.012983894 1.087530851 0.001921254 0.999996543 0.001807733 -2.531906605 -0.012987364 -0.001782633 0.999914050 25.192726135
0.999911308 -0.002729986 0.013043933 1.218275070 0.002719116 0.999995887 0.000850995 -2.776809931 -0.013046206 -0.000815451 0.999914587 27.507966995
0.999891818 -0.002400032 0.014513323 1.320270538 0.002403402 0.999997079 -0.000214768 -3.000472307 -0.014512766 0.000249626 0.999894738 29.794923782
0.999888003 -0.000374767 0.014955833 1.446421504 0.000341414 0.999997377 0.002232637 -3.229053259 -0.014956628 -0.002227281 0.999885619 32.066581726
0.999892235 0.001546502 0.014594577 1.581570148 -0.001611684 0.999988735 0.004455447 -3.448803902 -0.014587522 -0.004478490 0.999883533 34.346595764
0.999865532 0.003561528 0.016004652 1.704407454 -0.003696116 0.999958098 0.008387588 -3.679121017 -0.015974104 -0.008445617 0.999836743 36.676536560
0.999850452 0.005444386 0.016418632 1.825836778 -0.005580475 0.999950290 0.008254350 -3.898965836 -0.016372880 -0.008344740 0.999831200 38.947647095
0.999803007 0.004877233 0.019239679 1.920259953 -0.004995706 0.999968827 0.006114434 -4.095771313 -0.019209258 -0.006209343 0.999796212 41.260349274
0.999811590 0.002370896 0.019264152 2.049075127 -0.002472533 0.999983072 0.005253916 -4.321979046 -0.019251371 -0.005300557 0.999800682 43.535774231
0.999800920 0.002843147 0.019750560 2.172410250 -0.002921045 0.999988079 0.003916316 -4.542037964 -0.019739185 -0.003973228 0.999797285 45.778759003
0.999796510 0.002476484 0.020019673 2.297433376 -0.002535016 0.999992609 0.002898885 -4.770626068 -0.020012341 -0.002949046 0.999795377 48.048580170
0.999801874 0.000623245 0.019902743 2.437756538 -0.000685419 0.999994874 0.003117242 -4.998138428 -0.019900698 -0.003130265 0.999796987 50.328723907
0.999778867 -0.000037877 0.021028165 2.567508698 -0.000033668 0.999994159 0.003401972 -5.221449375 -0.021028172 -0.003401928 0.999773085 52.593639374
0.999772906 -0.001222731 0.021274760 2.705430269 0.001152174 0.999993742 0.003328385 -5.451280594 -0.021278700 -0.003303117 0.999768138 54.875026703
0.999735892 -0.001091458 0.022956314 2.830084324 0.001008375 0.999992907 0.003630460 -5.681333542 -0.022960113 -0.003606353 0.999729872 57.162990570
0.999717832 -0.002465548 0.023626637 2.970808983 0.002366311 0.999988198 0.004227255 -5.906532288 -0.023636781 -0.004170155 0.999711931 59.429576874
0.999679923 -0.003875668 0.025000034 3.101679325 0.003789009 0.999986649 0.003512816 -6.131555080 -0.025013316 -0.003416966 0.999681234 61.697555542
0.999667764 -0.004826580 0.025319235 3.257990360 0.004743453 0.999983191 0.003342194 -6.356965065 -0.025334937 -0.003220983 0.999673843 63.947166443
0.999619663 -0.004133191 0.027265223 3.394775391 0.004027814 0.999984145 0.003918661 -6.580538273 -0.027280986 -0.003807352 0.999620497 66.219345093
0.999590516 -0.003166869 0.028443925 3.544263363 0.003047743 0.999986410 0.004230525 -6.808439255 -0.028456939 -0.004142104 0.999586463 68.469520569
0.999540865 -0.003327310 0.030119887 3.683231831 0.003202991 0.999986172 0.004174814 -7.036856651 -0.030133363 -0.004076424 0.999537587 70.718292236
0.999528706 -0.004065526 0.030427806 3.848738670 0.003982441 0.999988317 0.002790662 -7.261316776 -0.030438792 -0.002668170 0.999533057 72.968460083
0.999520302 -0.005098271 0.030548429 4.016553879 0.005007282 0.999982774 0.003054292 -7.487426281 -0.030563476 -0.002899862 0.999528646 75.245544434
0.999473035 -0.006288939 0.031848237 4.180325985 0.006215571 0.999977827 0.002402121 -7.718940258 -0.031862639 -0.002202901 0.999489844 77.511352539
0.999465108 -0.007095152 0.031922616 4.338648796 0.007021221 0.999972403 0.002427466 -7.946865082 -0.031938955 -0.002202032 0.999487400 79.731719971
0.999430716 -0.007505130 0.032893118 4.489966393 0.007433057 0.999969721 0.002312886 -8.168694496 -0.032909479 -0.002067073 0.999456227 81.986335754
0.999412715 -0.006469160 0.033648681 4.661931038 0.006406651 0.999977469 0.001965175 -8.400987625 -0.033660643 -0.001748446 0.999431789 84.259910583
0.999365330 -0.006172131 0.035081591 4.824990749 0.006091421 0.999978542 0.002407037 -8.621528625 -0.035095699 -0.002191813 0.999381542 86.514137268
0.999351978 -0.005615888 0.035553142 4.989805222 0.005477621 0.999977052 0.003985256 -8.862336159 -0.035574712 -0.003787927 0.999359787 88.793487549
0.999318719 -0.004646200 0.036612790 5.151883602 0.004485456 0.999979973 0.004471321 -9.089157104 -0.036632832 -0.004304049 0.999319494 91.047126770
0.999293149 -0.004559832 0.037315421 5.324703217 0.004404741 0.999981344 0.004237367 -9.310231209 -0.037334044 -0.004070008 0.999294519 93.297874451
0.999272227 -0.004512718 0.037876368 5.497508526 0.004374404 0.999983490 0.003733792 -9.530101776 -0.037892595 -0.003565388 0.999275446 95.549499512
0.999235034 -0.004919226 0.038796004 5.665946484 0.004766082 0.999980450 0.004038914 -9.752982140 -0.038815115 -0.003850919 0.999238968 97.802505493
0.999193847 -0.004507973 0.039890632 5.830992699 0.004363792 0.999983549 0.003700733 -9.987016678 -0.039906658 -0.003523675 0.999197185 100.036819458
0.999113381 -0.004493114 0.041858993 5.988153458 0.004298631 0.999979496 0.004734990 -10.204538345 -0.041879412 -0.004550857 0.999112308 102.256294250
0.999109268 -0.004685981 0.041937321 6.193350792 0.004492249 0.999978721 0.004712594 -10.429154396 -0.041958507 -0.004520003 0.999109149 104.508941650
0.999067426 -0.005153989 0.042867195 6.373583794 0.004921764 0.999972641 0.005521092 -10.648224831 -0.042894483 -0.005304961 0.999065518 106.736282349
0.999032080 -0.006458597 0.043510299 6.561956406 0.006214479 0.999964118 0.005743532 -10.866842270 -0.043545846 -0.005467579 0.999036491 108.980865479
0.998986542 -0.007458498 0.044387888 6.748303413 0.007166420 0.999951661 0.006735678 -11.093177795 -0.044435982 -0.006410750 0.998991609 111.230400085
0.998968184 -0.007978160 0.044708896 6.947049618 0.007744390 0.999955416 0.005399461 -11.315391541 -0.044749990 -0.005047647 0.998985469 113.486740112
0.998913884 -0.008330141 0.045843843 7.134021282 0.008129621 0.999956548 0.004558704 -11.535124779 -0.045879826 -0.004181060 0.998938203 115.722396851
0.998881578 -0.008438756 0.046523090 7.321210861 0.008213663 0.999953568 0.005027351 -11.761076927 -0.046563357 -0.004639604 0.998904526 117.940391541
0.998826325 -0.008631872 0.047660228 7.517447472 0.008347764 0.999946177 0.006156952 -11.985136032 -0.047710810 -0.005751870 0.998844624 120.175857544
0.998776317 -0.009124549 0.048607189 7.719276428 0.008818651 0.999939978 0.006503991 -12.205820084 -0.048663616 -0.006067383 0.998796821 122.405410767
0.998734891 -0.009942896 0.049291003 7.923327923 0.009639489 0.999933124 0.006389299 -12.427755356 -0.049351227 -0.005906075 0.998764157 124.638687134
0.998715878 -0.009790702 0.049706727 8.121736526 0.009523232 0.999938905 0.005614962 -12.654910088 -0.049758658 -0.005134383 0.998748064 126.908409119
0.998716593 -0.011372101 0.049353853 8.323790550 0.011091946 0.999920905 0.005946605 -12.871749878 -0.049417563 -0.005391542 0.998763680 129.169723511
0.998747230 -0.012318296 0.048499908 8.524406433 0.012010096 0.999905825 0.006640973 -13.095359802 -0.048577145 -0.006050165 0.998801112 131.426559448
0.998825073 -0.012764851 0.046750631 8.736101151 0.012421853 0.999893785 0.007619950 -13.310133934 -0.046842933 -0.007030267 0.998877525 133.658996582
0.998892665 -0.013343068 0.045115326 8.958944321 0.013017832 0.999887168 0.007495126 -13.530670166 -0.045210246 -0.006899523 0.998953640 135.944580078
0.998991668 -0.014232065 0.042578571 9.175371170 0.013947174 0.999878287 0.006980539 -13.741772652 -0.042672738 -0.006379650 0.999068737 138.159652710
0.998976052 -0.015140202 0.042633221 9.356174469 0.014854675 0.999865115 0.007006194 -13.963196754 -0.042733543 -0.006365717 0.999066174 140.436706543
0.998969376 -0.015492510 0.042662319 9.533771515 0.015202480 0.999859095 0.007114290 -14.172034264 -0.042766530 -0.006458384 0.999064207 142.667144775
0.999020875 -0.015377455 0.041481532 9.725395203 0.015060778 0.999855101 0.007935958 -14.384208679 -0.041597553 -0.007303444 0.999107778 144.856933594
0.999032617 -0.014440552 0.041537184 9.904456139 0.014168243 0.999876142 0.006842753 -14.598009109 -0.041630853 -0.006247626 0.999113441 147.088287354
0.999049246 -0.013011596 0.041609552 10.087735176 0.012802868 0.999904096 0.005278905 -14.813964844 -0.041674241 -0.004741163 0.999119997 149.333526611
0.999055564 -0.011437666 0.041917782 10.270435333 0.011259164 0.999926507 0.004492010 -15.036490440 -0.041966077 -0.004015808 0.999111056 151.573989868
0.999065042 -0.010693656 0.041889403 10.460536957 0.010518327 0.999934912 0.004403719 -15.251173019 -0.041933779 -0.003958995 0.999112546 153.793075562
0.999053657 -0.009838560 0.042367853 10.645673752 0.009638790 0.999941468 0.004916734 -15.471238136 -0.042413745 -0.004503706 0.999089956 156.043273926
0.999061584 -0.009032495 0.042361286 10.845500946 0.008778566 0.999942362 0.006176577 -15.692578316 -0.042414635 -0.005798909 0.999083221 158.249526978
0.998996437 -0.008738097 0.043929446 11.007450104 0.008419546 0.999936938 0.007431156 -15.916140556 -0.043991610 -0.007053832 0.999006987 160.506622314
0.998937905 -0.007966960 0.045382630 11.184982300 0.007569269 0.999931514 0.008928149 -16.128387451 -0.045450646 -0.008575153 0.998929799 162.743835449
0.998924851 -0.006868460 0.045846492 11.383360863 0.006507069 0.999946594 0.008027224 -16.333038330 -0.045899183 -0.007720267 0.998916268 164.968170166
0.998884976 -0.006066306 0.046817262 11.581129074 0.005755255 0.999960482 0.006775896 -16.546863556 -0.046856519 -0.006498895 0.998880446 167.205871582
0.998776078 -0.004264764 0.049275864 11.767429352 0.003913464 0.999966264 0.007223526 -16.765640259 -0.049305018 -0.007021847 0.998759091 169.442306519
0.998669147 -0.003773053 0.051439218 11.971483231 0.003385292 0.999965191 0.007623279 -16.990047455 -0.051466208 -0.007438996 0.998647034 171.675460815
0.998539984 -0.004095714 0.053862587 12.174137115 0.003711659 0.999966979 0.007228379 -17.200328827 -0.053890411 -0.007017905 0.998522162 173.932235718
0.998447895 -0.003688696 0.055572055 12.386070251 0.003241701 0.999961674 0.008131511 -17.422695160 -0.055599917 -0.007938743 0.998421490 176.178527832
0.998389721 -0.004039097 0.056583755 12.595032692 0.003534015 0.999953091 0.009023500 -17.632858276 -0.056617543 -0.008808999 0.998357117 178.398727417
0.998401582 -0.005926787 0.056205355 12.808844566 0.005457874 0.999949038 0.008492702 -17.845479965 -0.056252811 -0.008172363 0.998383224 180.638122559
0.998332143 -0.006904459 0.057318557 13.007578850 0.006436567 0.999944508 0.008343624 -18.058324814 -0.057372980 -0.007960772 0.998321116 182.888992310
0.998429120 -0.007541627 0.055519942 13.240363121 0.007080586 0.999938846 0.008496058 -18.286867142 -0.055580623 -0.008089599 0.998421431 185.112594604
0.998447537 -0.009475268 0.054888468 13.454268456 0.008985034 0.999917567 0.009171397 -18.500972748 -0.054970846 -0.008663984 0.998450398 187.352798462
0.998463392 -0.010315798 0.054446697 13.667058945 0.009858330 0.999913871 0.008664023 -18.711067200 -0.054531384 -0.008113956 0.998479187 189.597000122
0.998432219 -0.011677399 0.054741811 13.871251106 0.011211456 0.999898314 0.008811072 -18.934429169 -0.054839130 -0.008183523 0.998461664 191.821502686
0.998420358 -0.013279945 0.054593150 14.074496269 0.012847360 0.999883235 0.008267113 -19.147218704 -0.054696556 -0.007552677 0.998474479 194.061264038
0.998446822 -0.012795790 0.054222923 14.284782410 0.012357987 0.999888361 0.008401753 -19.359354019 -0.054324370 -0.007718618 0.998493493 196.294311523
0.998422742 -0.010548358 0.055141725 14.493066788 0.010091982 0.999912500 0.008548316 -19.576608658 -0.055227067 -0.007978344 0.998441935 198.552276611
0.998413384 -0.008961364 0.055591784 14.700922966 0.008517720 0.999929965 0.008212213 -19.790319443 -0.055661485 -0.007725668 0.998419821 200.786758423
0.998390973 -0.008472770 0.056068432 14.918309212 0.008058302 0.999938488 0.007614136 -20.005996704 -0.056129489 -0.007150068 0.998397887 203.044326782
0.998351872 -0.008678426 0.056729093 15.123598099 0.008218974 0.999931693 0.008327371 -20.214593887 -0.056797467 -0.007847393 0.998354852 205.272979736
0.998342752 -0.010675182 0.056549121 15.360466003 0.010200340 0.999910235 0.008678963 -20.440534592 -0.056636706 -0.008087759 0.998362124 207.528793335
0.998280942 -0.010022465 0.057746276 15.574280739 0.009552168 0.999918938 0.008414526 -20.638793945 -0.057825927 -0.007848460 0.998295903 209.774856567
0.998195350 -0.010284983 0.059162956 15.797527313 0.009707105 0.999902427 0.010046686 -20.866960526 -0.059260510 -0.009454254 0.998197794 212.009307861
0.998113453 -0.008894225 0.060749270 16.036472321 0.008287862 0.999913394 0.010226118 -21.077295303 -0.060834963 -0.009703344 0.998100698 214.241378784
0.997915387 -0.007923801 0.064047843 16.234102249 0.007278036 0.999920368 0.010309592 -21.283819199 -0.064124428 -0.009821957 0.997893512 216.480911255
0.997774065 -0.008112523 0.066190057 16.466140747 0.007412969 0.999914110 0.010807632 -21.493000031 -0.066272043 -0.010292910 0.997748435 218.718383789
0.997625411 -0.009649019 0.068194352 16.700180054 0.008879581 0.999893486 0.011577170 -21.696577072 -0.068298817 -0.010944140 0.997604907 220.942565918
0.997520030 -0.010907545 0.069533221 16.941385269 0.010077857 0.999873936 0.012271877 -21.898509979 -0.069658309 -0.011540697 0.997504175 223.172088623
0.997450709 -0.013133705 0.070139378 17.192600250 0.012330309 0.999853432 0.011874981 -22.112150192 -0.070285052 -0.010979866 0.997466505 225.389526367
0.997430325 -0.014509681 0.070158668 17.446126938 0.013730854 0.999838710 0.011570521 -22.314401627 -0.070315257 -0.010577449 0.997468710 227.646697998
0.997381151 -0.014509538 0.070853718 17.694734573 0.013705555 0.999836206 0.011820096 -22.522125244 -0.071013615 -0.010818051 0.997416675 229.888916016
0.997332215 -0.015757738 0.071275480 17.945545197 0.015005090 0.999826014 0.011082863 -22.732526779 -0.071437724 -0.009983799 0.997395039 232.123367310
0.997273684 -0.016773855 0.071859770 18.193340302 0.015948948 0.999800384 0.012037926 -22.932329178 -0.072047345 -0.010859019 0.997342110 234.359680176
0.997260928 -0.016373051 0.072128966 18.476079941 0.015501706 0.999800265 0.012623651 -23.152294159 -0.072321266 -0.011470949 0.997315347 236.642501831
0.997220635 -0.015982032 0.072770998 18.721712112 0.015126403 0.999809980 0.012293785 -23.348804474 -0.072953641 -0.011158854 0.997272909 238.860702515
0.997188985 -0.016169118 0.073162273 18.974842072 0.015282708 0.999803066 0.012659322 -23.554588318 -0.073352568 -0.011505620 0.997239709 241.078979492
0.997137964 -0.016716735 0.073731132 19.228599548 0.015800664 0.999790728 0.012990370 -23.759017944 -0.073932864 -0.011788190 0.997193575 243.319412231
0.997101068 -0.017079534 0.074146278 19.483293533 0.016202942 0.999791861 0.012407952 -23.968282700 -0.074342765 -0.011170597 0.997170210 245.540344238
0.997113049 -0.016817775 0.074047089 19.747056961 0.015981507 0.999801815 0.011871860 -24.176336288 -0.074232064 -0.010654202 0.997184098 247.771255493
0.997076929 -0.017170558 0.074451722 20.006298065 0.016287370 0.999789774 0.012453604 -24.381671906 -0.074649915 -0.011204578 0.997146845 250.005538940
0.997061133 -0.018693594 0.074294038 20.273008347 0.017808031 0.999762475 0.012564358 -24.589111328 -0.074511260 -0.011204403 0.997157216 252.237411499
0.997053027 -0.018570427 0.074434184 20.544311523 0.017636791 0.999757588 0.013180953 -24.792581558 -0.074660912 -0.011829329 0.997138798 254.500274658
0.997042835 -0.019429410 0.074351169 20.796747208 0.018475024 0.999738157 0.013502625 -24.996547699 -0.074594051 -0.012089057 0.997140706 256.716918945
0.997001588 -0.019854739 0.074790284 21.061622620 0.018816572 0.999716938 0.014560272 -25.220220566 -0.075058192 -0.013109314 0.997093081 258.989440918
0.996958554 -0.019525828 0.075447150 21.322063446 0.018516410 0.999729693 0.014055608 -25.419355392 -0.075701214 -0.012615852 0.997050762 261.228240967
0.996936023 -0.019422552 0.075771667 21.589683533 0.018446771 0.999738038 0.013556630 -25.617605209 -0.076015115 -0.012117352 0.997033060 263.479156494
0.996906281 -0.018639261 0.076357663 21.856880188 0.017685138 0.999757051 0.013152704 -25.822874069 -0.076584272 -0.011761616 0.996993721 265.717620850
0.996879041 -0.018200533 0.076818235 22.124933243 0.017231723 0.999763668 0.013255815 -26.021743774 -0.077041343 -0.011890733 0.996957004 267.960296631
0.996703804 -0.017884905 0.079130538 22.380853653 0.016901510 0.999771535 0.013079937 -26.232967377 -0.079346403 -0.011699397 0.996778369 270.220428467
0.996649206 -0.018429991 0.079691395 22.667207718 0.017437125 0.999761641 0.013136955 -26.435472488 -0.079914510 -0.011703348 0.996733010 272.465087891
0.996396840 -0.019167084 0.082618430 22.912059784 0.018041912 0.999734282 0.014344080 -26.639890671 -0.082871415 -0.012801801 0.996477962 274.714843750
0.996290982 -0.018994024 0.083924696 23.196174622 0.017752122 0.999721944 0.015519391 -26.830352783 -0.084196143 -0.013971989 0.996351182 276.955047607
0.996163070 -0.019084504 0.085409641 23.470525742 0.017640863 0.999689043 0.017625516 -27.052425385 -0.085719451 -0.016051190 0.996190012 279.193847656
0.996043205 -0.018874072 0.086843096 23.758399963 0.017306147 0.999674022 0.018772328 -27.250061035 -0.087169096 -0.017195126 0.996045053 281.431091309
0.996009171 -0.018185310 0.087378792 24.049226761 0.016595151 0.999683797 0.018890604 -27.438438416 -0.087694697 -0.017365150 0.995996058 283.691802979
0.995932937 -0.017296037 0.088422179 24.331991196 0.015723746 0.999706149 0.018447416 -27.625717163 -0.088715263 -0.016982060 0.995912194 285.924652100
0.995921135 -0.016434958 0.088717796 24.627765656 0.015011651 0.999748051 0.016686585 -27.801652908 -0.088969693 -0.015286723 0.995917022 288.159332275
0.995875895 -0.017220074 0.089077093 24.911296844 0.015754994 0.999729216 0.017124398 -28.001150131 -0.089347854 -0.015650364 0.995877564 290.384429932
0.995818019 -0.017027274 0.089758374 25.185981750 0.015688419 0.999755204 0.015600770 -28.181535721 -0.090002045 -0.014127360 0.995841324 292.633026123
0.995827019 -0.017563697 0.089554474 25.475442886 0.016316902 0.999759734 0.014635409 -28.373294830 -0.089790016 -0.013113086 0.995874345 294.857849121
0.995811462 -0.017621811 0.089717887 25.762908936 0.016383404 0.999760330 0.014521199 -28.569723129 -0.089952275 -0.012990490 0.995861292 297.086639404
0.995816648 -0.016970703 0.089784719 26.053144455 0.015710190 0.999768138 0.014727460 -28.763904572 -0.090013839 -0.013255315 0.995852292 299.323272705
0.995699465 -0.016531775 0.091154851 26.315565109 0.015146609 0.999759316 0.015866693 -28.968494415 -0.091395222 -0.014417774 0.995710254 301.555511475
0.995695531 -0.016934577 0.091123998 26.611694336 0.015530832 0.999749839 0.016091952 -29.162105560 -0.091373719 -0.014607453 0.995709538 303.795959473
0.995644391 -0.016555600 0.091749832 26.905340195 0.015121114 0.999752641 0.016307980 -29.354419708 -0.091997117 -0.014849589 0.995648563 306.030242920
0.995641768 -0.017104004 0.091678262 27.201002121 0.015689865 0.999746919 0.016123662 -29.555259705 -0.091930836 -0.014614971 0.995658159 308.265380859
0.995595157 -0.018014748 0.092008702 27.499097824 0.016545920 0.999723554 0.016701993 -29.751918793 -0.092284158 -0.015106054 0.995618105 310.523529053
0.995543182 -0.018178206 0.092539802 27.794952393 0.016760455 0.999730289 0.016074693 -29.948097229 -0.092807062 -0.014452039 0.995579243 312.760345459
0.995569110 -0.017647345 0.092361204 28.102258682 0.016158486 0.999727488 0.016843081 -30.148372650 -0.092633270 -0.015276033 0.995583117 315.020599365
0.995509744 -0.016156673 0.093270041 28.395740509 0.014725110 0.999763250 0.016016481 -30.344987869 -0.093506739 -0.014571151 0.995512009 317.252746582
0.995478630 -0.013797539 0.093978606 28.686725616 0.012290914 0.999786794 0.016591610 -30.541112900 -0.094187498 -0.015361511 0.995435894 319.503570557
0.995405614 -0.012358200 0.094946608 28.976894379 0.010902953 0.999815166 0.015830554 -30.734695435 -0.095124722 -0.014722627 0.995356500 321.720367432
0.995356500 -0.011428378 0.095575742 29.271564484 0.009890204 0.999814093 0.016552027 -30.928449631 -0.095747136 -0.015529905 0.995284557 323.957672119
0.995383203 -0.011404547 0.095299944 29.582056046 0.009746630 0.999793231 0.017844258 -31.130313873 -0.095483735 -0.016833022 0.995288610 326.184509277
0.995324552 -0.011455780 0.095905237 29.871299744 0.009820251 0.999798417 0.017508280 -31.324140549 -0.096086480 -0.016484609 0.995236456 328.420288086
0.995322049 -0.012868291 0.095751718 30.179592133 0.011318088 0.999796212 0.016715376 -31.515157700 -0.095947310 -0.015553456 0.995264888 330.653686523
0.995287538 -0.012223505 0.096193828 30.473054886 0.010688857 0.999807537 0.016452890 -31.708818436 -0.096376419 -0.015347156 0.995226562 332.874359131
0.995234430 -0.012498413 0.096707165 30.768964767 0.010864330 0.999789596 0.017405404 -31.898509979 -0.096904345 -0.016271800 0.995160699 335.107788086
0.995279849 -0.012980939 0.096174598 31.083028793 0.011337606 0.999780595 0.017613795 -32.091091156 -0.096382141 -0.016440265 0.995208621 337.340332031
0.995246947 -0.012610248 0.096563436 31.372985840 0.010946712 0.999782681 0.017737834 -32.285205841 -0.096766137 -0.016596472 0.995168746 339.572692871
0.995265603 -0.012910894 0.096331142 31.679119110 0.011282736 0.999784470 0.017427297 -32.479763031 -0.096535377 -0.016257916 0.995196760 341.815582275
0.995251954 -0.012993330 0.096460693 31.975429535 0.011324633 0.999776900 0.017826632 -32.669094086 -0.096670806 -0.016649609 0.995177150 344.068634033
0.995287120 -0.012590881 0.096152022 32.276599884 0.010936663 0.999783337 0.017711869 -32.856933594 -0.096354209 -0.016576810 0.995209038 346.312896729
0.995294034 -0.012312550 0.096115202 32.576835632 0.010680867 0.999790311 0.017472401 -33.047142029 -0.096310198 -0.016363585 0.995216787 348.550659180
0.995225072 -0.011819162 0.096888617 32.874649048 0.010107120 0.999784470 0.018142000 -33.246757507 -0.097082160 -0.017076109 0.995129883 350.786163330
0.995270789 -0.011650752 0.096438006 33.182903290 0.009903880 0.999778450 0.018572848 -33.441787720 -0.096633032 -0.017529909 0.995165706 352.999481201
0.995313287 -0.011744019 0.095986649 33.489295959 0.010074037 0.999789655 0.017864220 -33.630344391 -0.096176252 -0.016813522 0.995222449 355.249267578
0.995374024 -0.011430015 0.095393457 33.794128418 0.009708392 0.999781966 0.018492237 -33.823112488 -0.095583998 -0.017480576 0.995267868 357.480377197
0.995416939 -0.010675638 0.095033884 34.098018646 0.008865241 0.999771476 0.019451896 -34.018001556 -0.095219836 -0.018520247 0.995283902 359.726867676
0.995467603 -0.010831733 0.094483472 34.407306671 0.009019464 0.999767482 0.019586831 -34.211868286 -0.094673671 -0.018645866 0.995333672 361.971893311
0.995499551 -0.010761291 0.094153464 34.712322235 0.008904219 0.999757826 0.020121833 -34.401386261 -0.094347201 -0.019192910 0.995354354 364.210205078
0.995548844 -0.010775547 0.093629055 35.014694214 0.008985719 0.999769151 0.019516760 -34.591873169 -0.093817763 -0.018588565 0.995415807 366.466278076
0.995570481 -0.011447255 0.093318686 35.313129425 0.009678069 0.999765277 0.019389126 -34.783950806 -0.093518727 -0.018400099 0.995447457 368.711914062
0.995579958 -0.011410974 0.093222603 35.606513977 0.009718931 0.999780118 0.018584454 -34.969322205 -0.093414173 -0.017596286 0.995471835 370.966979980
0.995627046 -0.011780771 0.092671685 35.904327393 0.010095669 0.999775469 0.018631428 -35.161251068 -0.092870370 -0.017614366 0.995522380 373.198394775
0.995758235 -0.011772343 0.091251731 36.216243744 0.010074042 0.999767780 0.019049488 -35.346843719 -0.091454804 -0.018049410 0.995645583 375.440948486
0.995616853 -0.011611264 0.092801608 36.491428375 0.009829298 0.999758899 0.019635957 -35.535957336 -0.093007229 -0.018637717 0.995490909 377.685363770
0.995608926 -0.012225100 0.092808113 36.788093567 0.010407407 0.999744952 0.020044295 -35.729804993 -0.093029492 -0.018990384 0.995482206 379.923492432
0.995633662 -0.012175610 0.092548840 37.092800140 0.010353344 0.999743402 0.020144481 -35.914916992 -0.092770390 -0.019098330 0.995504498 382.179748535
0.995619893 -0.011412850 0.092793450 37.391815186 0.009557350 0.999745846 0.020415898 -36.104946136 -0.093002878 -0.019439612 0.995476186 384.429199219
0.995613098 -0.010333003 0.092993245 37.689590454 0.008473665 0.999756634 0.020367064 -36.287563324 -0.093181051 -0.019489722 0.995458424 386.691802979
0.995629430 -0.009153381 0.092942454 37.998203278 0.007312207 0.999770522 0.020131083 -36.479373932 -0.093105413 -0.019363483 0.995467961 388.964233398
0.995595753 -0.007643244 0.093437880 38.290409088 0.005788865 0.999781191 0.020101096 -36.670585632 -0.093571074 -0.019471664 0.995422184 391.243865967
0.995627165 -0.006590340 0.093183279 38.596199036 0.004590090 0.999754727 0.021663796 -36.859905243 -0.093303211 -0.021141345 0.995413184 393.507232666
0.995539904 -0.005461932 0.094183184 38.884449005 0.003428285 0.999757767 0.021740759 -37.043937683 -0.094279133 -0.021320907 0.995317459 395.771759033
0.995475829 -0.005109767 0.094877578 39.184886932 0.003189592 0.999787331 0.020379093 -37.240001678 -0.094961509 -0.019984273 0.995280445 398.039855957
0.995426893 -0.005012555 0.095394641 39.482852936 0.003120617 0.999795675 0.019971607 -37.430740356 -0.095475256 -0.019582583 0.995239139 400.306091309
0.995269716 -0.005961289 0.096967034 39.772369385 0.003924389 0.999767959 0.021183280 -37.616291046 -0.097070791 -0.020702539 0.995062113 402.550048828
0.995280385 -0.007215227 0.096772566 40.083435059 0.005097193 0.999742389 0.022116110 -37.806522369 -0.096907213 -0.021518461 0.995060802 404.828247070
0.995246351 -0.007602022 0.097091928 40.388935089 0.005483504 0.999741435 0.022067953 -37.991050720 -0.097234592 -0.021430647 0.995030761 407.077667236
0.995183229 -0.006171735 0.097838141 40.704029083 0.004118348 0.999767244 0.021175651 -38.173934937 -0.097946070 -0.020670716 0.994976997 409.320098877
0.995124757 -0.005433249 0.098474413 41.013168335 0.003331609 0.999763429 0.021493888 -38.365032196 -0.098567896 -0.021061022 0.994907439 411.570007324
0.995045543 -0.004263092 0.099328801 41.311111450 0.002168379 0.999773204 0.021187108 -38.552375793 -0.099396579 -0.020866754 0.994829059 413.809448242
0.994947135 -0.003313611 0.100345634 41.628814697 0.001181590 0.999772370 0.021298759 -38.739330292 -0.100393385 -0.021072574 0.994724572 416.080322266
0.994904637 -0.003616424 0.100755118 41.948860168 0.001490274 0.999774814 0.021169443 -38.927635193 -0.100808978 -0.020911420 0.994686127 418.334289551
0.994774759 -0.003670980 0.102027714 42.254863739 0.001519748 0.999775052 0.021154517 -39.111541748 -0.102082439 -0.020888926 0.994556606 420.582733154
0.994720876 -0.004003684 0.102539495 42.565971375 0.001867440 0.999779522 0.020920901 -39.300228119 -0.102600642 -0.020618973 0.994508862 422.831146240
0.994630635 -0.004446941 0.103393085 42.882987976 0.002173147 0.999753535 0.022093998 -39.487556458 -0.103465870 -0.021750679 0.994395137 425.098480225
0.994569659 -0.003662738 0.104008444 43.198913574 0.001308622 0.999741614 0.022693116 -39.669883728 -0.104064696 -0.022433780 0.994317412 427.349060059
0.994500756 -0.003082892 0.104684561 43.526523590 0.000633738 0.999725461 0.023420777 -39.853141785 -0.104728028 -0.023225632 0.994229674 429.624938965
0.994477868 -0.003611527 0.104884543 43.846561432 0.001138459 0.999720156 0.023629263 -40.040199280 -0.104940541 -0.023379372 0.994203627 431.890533447
0.994454563 -0.004431346 0.105074853 44.174346924 0.002018725 0.999732137 0.023056228 -40.231182098 -0.105148882 -0.022716248 0.994196951 434.149536133
0.994433999 -0.003675684 0.105297104 44.502044678 0.001235995 0.999729514 0.023225464 -40.403900146 -0.105353981 -0.022966044 0.994169474 436.414886475
0.994382322 -0.004253441 0.105762072 44.829074860 0.001751302 0.999716640 0.023739828 -40.590660095 -0.105833054 -0.023421241 0.994108021 438.690948486
0.994417012 -0.004165707 0.105439536 45.165443420 0.001675100 0.999717653 0.023698732 -40.767910004 -0.105508499 -0.023389798 0.994143248 440.959960938
0.994424641 -0.003495346 0.105392002 45.513854980 0.000859759 0.999686003 0.025042526 -40.969570160 -0.105446458 -0.024812294 0.994115412 443.225341797
0.994419038 -0.004140649 0.105422512 45.850582123 0.001495537 0.999682367 0.025157293 -41.148281097 -0.105493195 -0.024859222 0.994109273 445.500823975
0.994418800 -0.004009106 0.105428278 46.176712036 0.001403049 0.999691904 0.024781333 -41.330192566 -0.105495133 -0.024495102 0.994118214 447.764312744
0.994401991 -0.003119027 0.105616786 46.507339478 0.000548986 0.999703228 0.024353974 -41.511417389 -0.105661392 -0.024159662 0.994108617 450.023071289
0.994365156 -0.002815052 0.105972797 46.831932068 0.000275794 0.999712706 0.023968451 -41.694194794 -0.106009834 -0.023804158 0.994080126 452.278106689
0.994293869 -0.002285172 0.106651224 47.156063080 -0.000276523 0.999711931 0.023998398 -41.868362427 -0.106675342 -0.023890948 0.994006813 454.552154541
0.994240403 -0.002329038 0.107147485 47.476314545 -0.000232086 0.999714673 0.023884110 -42.057910919 -0.107172556 -0.023771415 0.993956149 456.813690186
0.994259775 -0.001482369 0.106982239 47.814857483 -0.000997712 0.999732077 0.023124926 -42.239982605 -0.106987856 -0.023098921 0.993991911 459.092529297
0.994220853 -0.000858656 0.107350908 48.140041351 -0.001715838 0.999713123 0.023887372 -42.426486969 -0.107340626 -0.023933519 0.993934214 461.369506836
0.994264603 -0.000507230 0.106947973 48.473602295 -0.002168288 0.999687612 0.024899239 -42.605537415 -0.106927201 -0.024988323 0.993952751 463.641845703
0.994281530 -0.000415762 0.106789745 48.794250488 -0.002296102 0.999678016 0.025270212 -42.781368256 -0.106765866 -0.025370905 0.993960440 465.907043457
0.994406223 -0.001003185 0.105617926 49.130558014 -0.001571276 0.999703884 0.024289211 -42.962471008 -0.105610982 -0.024319299 0.994110227 468.185363770
0.994514525 -0.000852369 0.104594424 49.473571777 -0.001632675 0.999718487 0.023670930 -43.145618439 -0.104585163 -0.023711855 0.994233191 470.479888916
0.994614601 -0.001295975 0.103634320 49.804286957 -0.001298259 0.999687552 0.024961207 -43.336524963 -0.103634290 -0.024961328 0.994302154 472.756591797
0.994547069 -0.001315917 0.104279950 50.112960815 -0.001348032 0.999674618 0.025471529 -43.520282745 -0.104279570 -0.025473217 0.994221747 475.037322998
0.994727433 -0.000854939 0.102550477 50.449501038 -0.001665693 0.999698639 0.024491278 -43.682991028 -0.102540508 -0.024532964 0.994426250 477.304962158
0.994761884 -0.000947617 0.102214985 50.775711060 -0.001597153 0.999690890 0.024811547 -43.860237122 -0.102206871 -0.024844831 0.994452953 479.590911865
0.994808435 -0.001525865 0.101753816 51.102947235 -0.001062504 0.999677360 0.025378512 -44.040802002 -0.101759709 -0.025354875 0.994485855 481.864013672
0.994817913 -0.001828712 0.101655476 51.415828705 -0.000689334 0.999693930 0.024729732 -44.219165802 -0.101669595 -0.024671661 0.994512260 484.143005371
0.994905055 -0.002341605 0.100789234 51.740806580 -0.000184117 0.999686360 0.025042849 -44.404899597 -0.100816265 -0.024933815 0.994592607 486.427520752
0.994937718 -0.002123492 0.100471281 52.039386749 -0.000395908 0.999686122 0.025049236 -44.574779510 -0.100492947 -0.024962207 0.994624496 488.703643799
0.994956791 -0.001722249 0.100289680 52.357585907 -0.000844431 0.999673247 0.025544574 -44.749473572 -0.100300930 -0.025500437 0.994630337 491.007232666
0.995011985 -0.001167598 0.099748455 52.680091858 -0.001416876 0.999665141 0.025835149 -44.925384521 -0.099745221 -0.025847612 0.994677186 493.293243408
0.995003283 -0.000795904 0.099838689 52.985004425 -0.001731091 0.999680340 0.025221596 -45.099494934 -0.099826865 -0.025268400 0.994683921 495.593078613
0.995023668 -0.000435720 0.099637873 53.310672760 -0.002043292 0.999690890 0.024776826 -45.285789490 -0.099617869 -0.024857113 0.994715333 497.910095215
0.995052159 -0.000495794 0.099353828 53.623825073 -0.002056790 0.999670446 0.025587779 -45.466518402 -0.099333771 -0.025665525 0.994723141 500.204498291
0.995062649 -0.000072242 0.099248759 53.933464050 -0.002499670 0.999664307 0.025789209 -45.647014618 -0.099217303 -0.025909966 0.994728327 502.479125977
0.995108843 0.000827252 0.098780639 54.254722595 -0.003313088 0.999681890 0.025003830 -45.825653076 -0.098728515 -0.025208803 0.994794965 504.767364502
0.995096087 0.001094927 0.098906137 54.558925629 -0.003643925 0.999665678 0.025594929 -46.006286621 -0.098845035 -0.025829822 0.994767547 507.048645020
0.995136321 0.000525835 0.098506011 54.872528076 -0.002971549 0.999690890 0.024682993 -46.185714722 -0.098462597 -0.024855657 0.994830251 509.330413818
0.995154023 -0.000013309 0.098328173 55.191082001 -0.002509158 0.999670923 0.025529845 -46.370441437 -0.098296158 -0.025652852 0.994826436 511.619262695
0.995161176 0.000190043 0.098254465 55.504692078 -0.002715855 0.999669254 0.025573730 -46.547416687 -0.098217115 -0.025716834 0.994832635 513.913635254
0.995219588 0.000901736 0.097659834 55.824115753 -0.003410700 0.999668300 0.025526946 -46.729400635 -0.097604439 -0.025738003 0.994892418 516.210571289
0.995192051 0.001758618 0.097927220 56.124927521 -0.004247128 0.999673247 0.025209181 -46.912139893 -0.097850882 -0.025503889 0.994874179 518.500244141
0.995086372 0.003565853 0.098946206 56.424125671 -0.006097941 0.999661326 0.025299944 -47.088478088 -0.098822474 -0.025778994 0.994771123 520.790039062
0.994961023 0.005836301 0.100092500 56.737571716 -0.008415145 0.999642849 0.025361773 -47.267539978 -0.099908739 -0.026076267 0.994654834 523.118041992
0.994880319 0.006943272 0.100821018 57.054607391 -0.009653251 0.999604523 0.026416166 -47.437957764 -0.100597709 -0.027254172 0.994553804 525.427429199
0.994793594 0.006668163 0.101692148 57.368202209 -0.009381725 0.999612033 0.026229197 -47.615371704 -0.101477765 -0.027046688 0.994470060 527.725158691
0.994762838 0.004965563 0.102089539 57.683506012 -0.007797709 0.999595165 0.027361451 -47.789974213 -0.101912349 -0.028014218 0.994398832 530.025451660
0.994712174 0.003484081 0.102642231 58.011779785 -0.006303111 0.999611437 0.027153101 -47.968261719 -0.102507718 -0.027656492 0.994347692 532.337036133
0.994658828 0.003461428 0.103159368 58.332691193 -0.006236800 0.999626875 0.026593326 -48.145626068 -0.103028812 -0.027094673 0.994309306 534.647583008
0.994573414 0.002999453 0.103994034 58.657981873 -0.005783862 0.999632537 0.026483482 -48.327674866 -0.103876382 -0.026941253 0.994225264 536.965270996
0.994455397 0.003826424 0.105089314 58.972740173 -0.006582527 0.999643087 0.025891993 -48.509952545 -0.104952715 -0.026440186 0.994125664 539.274963379
0.994322062 0.004423235 0.106320441 59.287635803 -0.007196032 0.999643564 0.025710162 -48.695655823 -0.106168821 -0.026329268 0.993999481 541.591979980
0.994213760 0.004716218 0.107315853 59.613941193 -0.007418356 0.999665082 0.024794035 -48.877349854 -0.107162975 -0.025446681 0.993915737 543.912048340
0.994050920 0.004680787 0.108816020 59.935092926 -0.007490773 0.999648631 0.025428863 -49.056694031 -0.108658761 -0.026092703 0.993736625 546.229187012
0.993925691 0.004619384 0.109956235 60.253643036 -0.007538674 0.999629617 0.026148669 -49.238483429 -0.109794721 -0.026818758 0.993592381 548.520507812
0.993847072 0.004424292 0.110672720 60.584896088 -0.007378759 0.999626875 0.026300222 -49.420253754 -0.110515058 -0.026955022 0.993508875 550.818664551
0.993892431 0.003508101 0.110298485 60.934909821 -0.006316581 0.999664426 0.025123432 -49.597793579 -0.110173352 -0.025666699 0.993580937 553.130798340
0.993941128 0.003034568 0.109871678 61.290508270 -0.005896607 0.999651432 0.025733387 -49.782196045 -0.109755278 -0.026225341 0.993612587 555.447631836
0.993893862 0.003107554 0.110296331 61.629680634 -0.006024131 0.999640644 0.026119718 -49.962364197 -0.110175520 -0.026624670 0.993555427 557.751525879
0.993879020 0.003595009 0.110415153 61.980091095 -0.006630969 0.999609768 0.027140997 -50.143295288 -0.110274486 -0.027707024 0.993514895 560.083007812
0.993921041 0.002457801 0.110067196 62.335868835 -0.005557353 0.999596298 0.027862635 -50.326274872 -0.109954275 -0.028304942 0.993533552 562.409606934
0.993890524 0.003149325 0.110325277 62.682495117 -0.006342296 0.999570727 0.028602466 -50.500961304 -0.110187843 -0.029127436 0.993483901 564.722534180
0.993810892 0.004001266 0.111013234 63.031337738 -0.007178285 0.999575496 0.028233467 -50.684638977 -0.110853150 -0.028855614 0.993417799 567.044799805
0.993833065 0.005000478 0.110773027 63.390853882 -0.008020994 0.999607742 0.026838806 -50.858757019 -0.110595338 -0.027561806 0.993483186 569.372009277
0.993794024 0.005442520 0.111102179 63.748241425 -0.008455302 0.999608696 0.026664114 -51.034595490 -0.110913582 -0.027438045 0.993451118 571.691650391
0.993816495 0.005090897 0.110917643 64.107902527 -0.008252965 0.999571979 0.028067823 -51.223808289 -0.110727280 -0.028809670 0.993433177 574.076354980
0.993814170 0.005114571 0.110937528 64.464912415 -0.008449178 0.999525905 0.029609177 -51.407901764 -0.110733472 -0.030363353 0.993386209 576.386901855
0.993728638 0.005489412 0.111683898 64.810928345 -0.008657051 0.999573231 0.027897384 -51.585906982 -0.111483105 -0.028689280 0.993352115 578.770507812
0.993776798 0.004815701 0.111285798 65.166564941 -0.007967469 0.999579132 0.027894057 -51.759178162 -0.111104622 -0.028607130 0.993396878 581.106872559
0.993720055 0.004319273 0.111810662 65.515647888 -0.007659360 0.999536574 0.029460425 -51.946861267 -0.111631580 -0.030131815 0.993292749 583.428649902
0.993768156 0.004473209 0.111376390 65.868705750 -0.007807011 0.999533832 0.029514655 -52.119125366 -0.111192457 -0.030200241 0.993339956 585.743957520
0.993753254 0.001956508 0.111582592 66.242820740 -0.005107793 0.999595940 0.027962860 -52.297275543 -0.111482799 -0.028358126 0.993361592 588.125610352
0.993806183 0.001742577 0.111114733 66.600860596 -0.004876995 0.999597609 0.027943285 -52.469917297 -0.111021340 -0.028312115 0.993414640 590.466796875
0.993831813 0.000057169 0.110897556 66.949966431 -0.003227428 0.999591351 0.028407972 -52.648139954 -0.110850595 -0.028590664 0.993425727 592.797607422
0.993868649 -0.000671573 0.110565156 67.309875488 -0.002514926 0.999585629 0.028678125 -52.826690674 -0.110538580 -0.028780358 0.993454993 595.152587891
