1.000000000 0.000000000 0.000000000 0.000000000 0.000000000 1.000000000 0.000000000 0.000000000 0.000000000 0.000000000 1.000000000 0.000000000
0.999933958 -0.002790038 0.011151092 0.018257378 0.002776799 0.999995410 0.001202571 -0.005694903 -0.011154396 -0.001171528 0.999937117 0.297663927
0.999836385 -0.004813685 0.017438089 0.035662852 0.004793922 0.999987841 0.001174941 -0.008246722 -0.017443534 -0.001091152 0.999847233 0.602947116
0.999787033 -0.007615837 0.019181542 0.046411060 0.007622362 0.999970913 -0.000267086 -0.007818450 -0.019178951 0.000413238 0.999816000 0.911222339
0.999823153 -0.009031917 0.016495036 0.062754363 0.009063863 0.999957204 -0.001863003 -0.009450218 -0.016477503 0.002012182 0.999862194 1.223228216
0.999886811 -0.011625201 0.009549346 0.066788472 0.011656872 0.999926746 -0.003267725 -0.011443340 -0.009510658 0.003378671 0.999949038 1.555513859
0.999909043 -0.013246747 -0.002537092 0.060301736 0.013233716 0.999899447 -0.005086127 -0.019577522 0.002604211 0.005052089 0.999983847 1.877605915
0.999736547 -0.012490375 -0.019256892 0.040019479 0.012384975 0.999907732 -0.005582999 -0.021664524 0.019324848 0.005343032 0.999798954 2.213944674
0.999208331 -0.007925225 -0.038987614 0.011568971 0.007719638 0.999955595 -0.005420888 -0.028843231 0.039028846 0.005115625 0.999225020 2.559817076
0.998276472 -0.004456643 -0.058517180 -0.031525105 0.004064165 0.999968410 -0.006824365 -0.032786757 0.058545742 0.006574780 0.998263061 2.914894581
0.996875107 -0.004445483 -0.078869656 -0.075016618 0.003893824 0.999966919 -0.007146978 -0.037572198 0.078898817 0.006817540 0.996859312 3.282488108
0.994979858 -0.005904322 -0.099900171 -0.124362648 0.005241510 0.999962509 -0.006895917 -0.039146520 0.099937133 0.006337671 0.994973540 3.658506155
0.992794454 -0.007312686 -0.119606704 -0.184891850 0.006604371 0.999958158 -0.006317370 -0.042051181 0.119647890 0.005481924 0.992801309 4.045683384
0.990507185 -0.005972276 -0.137331173 -0.259104997 0.005257595 0.999970675 -0.005566221 -0.050365895 0.137360394 0.004791351 0.990509510 4.449238300
0.988234043 -0.005022774 -0.152866811 -0.336330295 0.004332186 0.999978781 -0.004850334 -0.058355995 0.152887926 0.004131016 0.988234878 4.856554031
0.986045182 -0.004423285 -0.166419014 -0.422463745 0.003651239 0.999981105 -0.004944838 -0.064930350 0.166437745 0.004268198 0.986042738 5.280681610
0.983933687 -0.005756834 -0.178441033 -0.513496578 0.004784628 0.999971330 -0.005878194 -0.071159422 0.178469732 0.004929978 0.983932972 5.716366291
0.982044935 -0.009211707 -0.188421935 -0.597174466 0.007784201 0.999935150 -0.008314707 -0.076329686 0.188486278 0.006698701 0.982052982 6.169904232
0.980572283 -0.008712488 -0.195964560 -0.696760893 0.006940365 0.999928594 -0.009727964 -0.089625597 0.196035326 0.008178907 0.980562747 6.630680561
0.979097545 -0.008160361 -0.203227639 -0.806330323 0.005957889 0.999916792 -0.011446903 -0.096300170 0.203304127 0.009996824 0.979064584 7.108269215
0.977327764 -0.008899044 -0.211544827 -0.915440440 0.006007172 0.999879539 -0.014309013 -0.104392678 0.211646661 0.012713809 0.977263570 7.593336582
0.975533068 -0.013009988 -0.219467685 -1.028370738 0.009695056 0.999822140 -0.016174719 -0.114929475 0.219639108 0.013651218 0.975485682 8.096962929
0.973698914 -0.018657900 -0.227073267 -1.146132231 0.015063824 0.999732494 -0.017550636 -0.125813738 0.227340013 0.013668443 0.973719537 8.610326767
0.971579671 -0.019553958 -0.235903397 -1.276494503 0.015280332 0.999684513 -0.019930741 -0.141744509 0.236218706 0.015759625 0.971572101 9.137309074
0.969533741 -0.015185541 -0.244486555 -1.430536032 0.009649768 0.999669611 -0.023824405 -0.155834705 0.244767547 0.020739330 0.969359934 9.671620369
0.967275858 -0.013126221 -0.253387243 -1.584233284 0.006495436 0.999614596 -0.026987486 -0.176428676 0.253643841 0.024458481 0.966988385 10.216951370
0.965054095 -0.015662508 -0.261582434 -1.741005659 0.008439546 0.999552011 -0.028713219 -0.195424467 0.261914939 0.025502171 0.964753985 10.767938614
0.962583244 -0.018493552 -0.270354301 -1.900790334 0.010509004 0.999465585 -0.030951520 -0.216410607 0.270782262 0.026952259 0.962263227 11.349271774
0.960507691 -0.017440800 -0.277706355 -2.083132744 0.008420445 0.999398470 -0.033641309 -0.237623021 0.278126031 0.029974332 0.960076809 11.923368454
0.958228707 -0.016301764 -0.285538226 -2.274767876 0.005998875 0.999300182 -0.036919978 -0.264883935 0.285940230 0.033664878 0.957655907 12.510247231
0.955867171 -0.017319594 -0.293288469 -2.462016582 0.005101457 0.999088764 -0.042372964 -0.291233420 0.293755054 0.039006725 0.955084562 13.106764793
0.954018056 -0.019202352 -0.299133718 -2.660679340 0.004559361 0.998760045 -0.049572580 -0.329621285 0.299714774 0.045929268 0.952922642 13.717761993
0.952870786 -0.019286476 -0.302762777 -2.870616198 0.001750558 0.998310268 -0.058084480 -0.362708211 0.303371429 0.054817013 0.951294303 14.326534271
0.951603293 -0.019490743 -0.306710601 -3.086090088 -0.000918533 0.997802138 -0.066257849 -0.409584641 0.307327896 0.063332900 0.949493825 14.964396477
0.950368702 -0.018469090 -0.310577154 -3.307381630 -0.005386301 0.997110248 -0.075777270 -0.450461388 0.311079204 0.073689222 0.947522819 15.596587181
0.949048519 -0.018158846 -0.314606458 -3.536067009 -0.008342880 0.996540606 -0.082686879 -0.501990676 0.315019608 0.081098586 0.945613921 16.248252869
0.947524250 -0.016139083 -0.319276124 -3.777711630 -0.013072412 0.995933533 -0.089138769 -0.566591024 0.319416314 0.088634863 0.943460166 16.900251389
0.945841908 -0.014889577 -0.324285924 -4.012148857 -0.016851934 0.995348632 -0.094853267 -0.635926485 0.324189901 0.095181048 0.941191435 17.566196442
0.944190025 -0.012743071 -0.329154402 -4.265218735 -0.021446683 0.994753063 -0.100031957 -0.710526824 0.328702062 0.101508446 0.938962698 18.255062103
0.942369163 -0.010439157 -0.334411949 -4.519826889 -0.025676116 0.994309008 -0.103393845 -0.779443026 0.333588123 0.106021561 0.936738193 18.953548431
0.940799356 -0.008520279 -0.338856906 -4.799739838 -0.028714465 0.994087458 -0.104718089 -0.862022161 0.337745577 0.108248807 0.934992075 19.648391724
0.938564539 -0.007883600 -0.345013678 -5.071197510 -0.029830869 0.994143724 -0.103867255 -0.941621780 0.343812048 0.107778177 0.932832837 20.364974976
0.936349273 -0.007712610 -0.350985050 -5.341787338 -0.030095641 0.994314849 -0.102137677 -1.026300550 0.349777460 0.106199659 0.930793881 21.061874390
0.933889151 -0.007758961 -0.357478410 -5.635182381 -0.030017709 0.994533956 -0.100005396 -1.113127232 0.356300354 0.104124643 0.928551555 21.793582916
0.930549204 -0.007349066 -0.366093069 -5.927683830 -0.030444812 0.994783878 -0.097355373 -1.190373540 0.364899009 0.101739600 0.925471663 22.528549194
0.927193403 -0.005338743 -0.374544829 -6.226986408 -0.031238256 0.995313287 -0.091518082 -1.270690441 0.373278022 0.096555106 0.922681272 23.265983582
0.923802316 -0.001057168 -0.382868409 -6.558968544 -0.034341235 0.995736778 -0.085609496 -1.358005285 0.381326675 0.092234418 0.919827700 24.022859573
0.920264423 0.002309856 -0.391290009 -6.892498016 -0.037486795 0.995903552 -0.082285203 -1.429505110 0.389497072 0.090392351 0.916581273 24.750391006
0.916597247 0.003753868 -0.399793983 -7.238295555 -0.039298888 0.995959520 -0.080747977 -1.496778488 0.397875547 0.089724846 0.913041353 25.498401642
0.912660062 0.003735400 -0.408702374 -7.590805054 -0.039951757 0.995984852 -0.080112018 -1.568021536 0.406762183 0.089443415 0.909144819 26.258396149
0.908690870 0.002801560 -0.417460144 -7.951359749 -0.039042093 0.996165216 -0.078298174 -1.646871448 0.415639997 0.087447345 0.905315578 27.035068512
0.904713929 0.003977273 -0.426001012 -8.331153870 -0.040422220 0.996246457 -0.076544911 -1.717925072 0.424097478 0.086471155 0.901478767 27.820205688
0.900801718 0.002572464 -0.434222937 -8.709468842 -0.038704235 0.996477902 -0.074389063 -1.787103772 0.432502180 0.083816074 0.897728622 28.606149673
0.897121727 0.003334796 -0.441770822 -9.111654282 -0.038267616 0.996799588 -0.070187017 -1.859217286 0.440123022 0.079871818 0.894378126 29.396846771
0.893120944 0.005272613 -0.449785858 -9.517606735 -0.038406037 0.997173786 -0.064571872 -1.920344472 0.448174208 0.074944988 0.890799105 30.207126617
0.889495790 0.005358796 -0.456911951 -9.946266174 -0.036790375 0.997524798 -0.059922595 -1.992238641 0.455459923 0.070110857 0.887491226 31.005363464
0.885771990 0.004527092 -0.464098424 -10.377388000 -0.035852317 0.997631907 -0.058695763 -2.044279814 0.462733626 0.068630077 0.883836806 31.823406219
0.882467747 0.003197857 -0.470361918 -10.820119858 -0.034206849 0.997765481 -0.057393532 -2.106020927 0.469127297 0.066737555 0.880605340 32.649757385
0.879323840 0.004190637 -0.476205826 -11.263910294 -0.034716379 0.997864902 -0.055323236 -2.162400246 0.474957168 0.065179192 0.877591789 33.461875916
0.876069427 0.002818482 -0.482176602 -11.729738235 -0.033129737 0.997971594 -0.054360144 -2.216406345 0.481045276 0.063597642 0.874385893 34.310329437
0.873682261 0.002023753 -0.486492723 -12.213079453 -0.032578856 0.997989953 -0.054356173 -2.272587776 0.485404879 0.063339390 0.871992111 35.153877258
0.871647239 0.001099635 -0.490132600 -12.707153320 -0.032047741 0.997985363 -0.054754354 -2.330685377 0.489085019 0.063434117 0.869926393 36.014934540
0.870183349 0.001991901 -0.492724031 -13.201892853 -0.033651836 0.997897089 -0.055397246 -2.390438080 0.491577506 0.064786822 0.868420541 36.872520447
0.869651973 0.002233436 -0.493660212 -13.704043388 -0.033592250 0.997939646 -0.054662578 -2.448311567 0.492521018 0.064120568 0.867935240 37.746379852
0.869546771 0.003044952 -0.493841141 -14.224161148 -0.033465076 0.998045743 -0.052770913 -2.510898352 0.492715418 0.062413208 0.867949367 38.636562347
0.869256377 0.001997310 -0.494357407 -14.744660378 -0.031928636 0.998130918 -0.052109260 -2.571813107 0.493329316 0.061080467 0.867695451 39.543548584
0.868733764 0.000260900 -0.495279312 -15.268733025 -0.030800091 0.998092830 -0.053498454 -2.628424644 0.494320780 0.061730560 0.867084980 40.437175751
0.867442489 -0.002517507 -0.497531116 -15.794870377 -0.028128117 0.998139739 -0.054091807 -2.687759638 0.496741682 0.060916144 0.865758002 41.363624573
0.865609705 -0.003672457 -0.500706017 -16.329181671 -0.025587866 0.998342156 -0.051558156 -2.757428646 0.500065148 0.057441238 0.864080548 42.293781281
0.863523424 -0.002669753 -0.504301786 -16.878425598 -0.024746599 0.998556972 -0.047660287 -2.820027590 0.503701329 0.053635526 0.862211168 43.224349976
0.860578418 -0.002836495 -0.509310007 -17.429599762 -0.022703798 0.998776913 -0.043924961 -2.879868984 0.508811712 0.049364157 0.859461308 44.150096893
0.856411695 -0.003482159 -0.516281903 -17.978242874 -0.021377375 0.998880565 -0.042198062 -2.937122107 0.515850902 0.047175664 0.855378509 45.075679779
0.851191521 -0.006477478 -0.524815261 -18.543073654 -0.019769453 0.998818576 -0.044391654 -2.998423100 0.524482727 0.048161108 0.850057840 45.972885132
0.845035136 -0.010238141 -0.534612834 -19.123582840 -0.017907452 0.998713911 -0.047431331 -3.058200836 0.534410834 0.049654692 0.843764961 46.883583069
0.839370370 -0.009581566 -0.543475449 -19.715873718 -0.018854855 0.998729706 -0.046728153 -3.121252775 0.543232739 0.049469370 0.838123441 47.757331848
0.833370149 -0.006926280 -0.552671969 -20.313499451 -0.019164110 0.998958170 -0.041416723 -3.178164721 0.552382886 0.045106921 0.832369089 48.657203674
0.828334212 -0.002293329 -0.560229480 -20.929319382 -0.022383908 0.999057651 -0.037185710 -3.235248566 0.559786737 0.043342318 0.827502429 49.544002533
0.824413300 -0.001612245 -0.565985858 -21.524751663 -0.024376450 0.998966873 -0.038352262 -3.290951014 0.565463066 0.045414850 0.823522210 50.385955811
0.821149826 -0.003801487 -0.570699990 -22.146539688 -0.024798241 0.998795748 -0.042333938 -3.347745419 0.570173681 0.048914861 0.820066690 51.263557434
0.818219781 -0.006341839 -0.574870586 -22.778663635 -0.027025605 0.998409390 -0.049480066 -3.409782410 0.574270010 0.056021784 0.816746891 52.148853302
0.814681888 -0.007849692 -0.579855084 -23.403976440 -0.026603257 0.998349667 -0.050891895 -3.469966888 0.579297662 0.056886733 0.813128531 53.021537781
0.811640143 -0.005559794 -0.584131181 -24.034416199 -0.026988747 0.998529971 -0.047004458 -3.529940128 0.583533764 0.053915676 0.810297072 53.874328613
0.808182597 -0.003616777 -0.588920832 -24.672569275 -0.026065476 0.998781562 -0.041903824 -3.588569641 0.588354826 0.049216442 0.807103634 54.756690979
0.805206656 -0.000968533 -0.592993557 -25.318325043 -0.027424840 0.998867869 -0.038870744 -3.641193867 0.592359781 0.047561735 0.804268479 55.618305206
0.802236378 -0.001009334 -0.597005785 -25.959568024 -0.027940178 0.998839378 -0.039233774 -3.695273161 0.596352339 0.048155207 0.801276982 56.465995789
0.798246801 -0.002533725 -0.602325201 -26.609630585 -0.028015235 0.998752713 -0.041329239 -3.743149042 0.601678610 0.049865212 0.797180235 57.336391449
0.794220328 -0.005434417 -0.607605457 -27.267787933 -0.026467338 0.998701513 -0.043528661 -3.805994749 0.607052982 0.050653052 0.793045342 58.199131012
0.789724171 -0.006823410 -0.613424122 -27.932128906 -0.025428841 0.998714626 -0.043846343 -3.861626148 0.612934887 0.050225180 0.788535535 59.054786682
0.785177469 -0.006683241 -0.619234741 -28.608715057 -0.025338663 0.998757541 -0.042908248 -3.922785282 0.618752122 0.049381167 0.784032643 59.906257629
0.780110538 -0.006969593 -0.625602841 -29.289039612 -0.025359318 0.998763859 -0.042749241 -3.973974943 0.625127554 0.049213998 0.778969407 60.751819611
0.774841666 -0.008005683 -0.632104695 -29.989814758 -0.025630189 0.998699725 -0.044066459 -4.027711868 0.631635547 0.050345488 0.773629010 61.596950531
0.769552052 -0.009402658 -0.638514817 -30.700675964 -0.024747403 0.998701334 -0.044532817 -4.092281342 0.638104320 0.050071903 0.768320084 62.434333801
0.763591826 -0.011001972 -0.645605385 -31.404840469 -0.024412420 0.998648047 -0.045892160 -4.148225307 0.645237565 0.050803665 0.762291014 63.283401489
0.757869303 -0.012653638 -0.652283788 -32.129776001 -0.023525057 0.998631656 -0.046705496 -4.211865902 0.651982248 0.050741673 0.756534457 64.122116089
0.751550734 -0.014836079 -0.659508467 -32.858745575 -0.022453474 0.998592496 -0.048051123 -4.270355225 0.659293115 0.050921112 0.750159740 64.961761475
0.745085061 -0.016062545 -0.666776061 -33.601806641 -0.021451358 0.998615623 -0.048027217 -4.332301140 0.666624427 0.050087605 0.743709028 65.803627014
0.738600552 -0.016160553 -0.673949718 -34.365009308 -0.020477187 0.998713493 -0.046389554 -4.392910480 0.673832417 0.048063938 0.737319291 66.627410889
0.732332945 -0.016329555 -0.680750906 -35.119514465 -0.019846356 0.998775899 -0.045308363 -4.470177174 0.680657506 0.046691239 0.731112361 67.426971436
0.725989640 -0.018369997 -0.687460244 -35.898258209 -0.017994342 0.998793483 -0.045692138 -4.533376694 0.687470257 0.045542412 0.724783063 68.242446899
0.719841838 -0.019476449 -0.693864822 -36.691314697 -0.019173851 0.998666883 -0.047923781 -4.593327045 0.693873286 0.047801610 0.718508780 69.033569336
0.713799119 -0.019011375 -0.700092375 -37.489578247 -0.020193404 0.998657107 -0.047707807 -4.656125069 0.700059414 0.048191037 0.712456584 69.840469360
0.708146513 -0.018549971 -0.705821872 -38.288738251 -0.020224348 0.998711765 -0.046538487 -4.721590042 0.705775797 0.047230851 0.706859112 70.636108398
0.702984869 -0.018225513 -0.710971177 -39.102226257 -0.021329092 0.998681664 -0.046690375 -4.784183025 0.710884929 0.047986999 0.701669455 71.438087463
0.698557258 -0.018929927 -0.715303779 -39.930515289 -0.021255350 0.998659909 -0.047186442 -4.854990959 0.715238452 0.048166472 0.697218776 72.228904724
0.693323970 -0.020872055 -0.720323861 -40.765930176 -0.021806296 0.998515010 -0.049921837 -4.919176579 0.720296085 0.050319601 0.691839218 73.023780823
0.688336790 -0.023885956 -0.724997938 -41.611549377 -0.021003628 0.998382270 -0.052834474 -4.985114574 0.725087166 0.051595498 0.686721683 73.821533203
0.683669627 -0.023777304 -0.729404092 -42.438892365 -0.021713387 0.998363912 -0.052896857 -5.059329987 0.729468584 0.052001804 0.682034910 74.570556641
0.678811610 -0.023449687 -0.733937860 -43.299308777 -0.021566134 0.998422205 -0.051846392 -5.125440121 0.733995676 0.051022146 0.677234888 75.359878540
0.673353434 -0.023752306 -0.738939047 -44.165802002 -0.020801118 0.998479486 -0.051049802 -5.194393158 0.739028037 0.049745318 0.671835542 76.153289795
0.668019891 -0.025094476 -0.743720055 -45.037452698 -0.019574488 0.998492897 -0.051273048 -5.264634132 0.743885934 0.048809353 0.666521847 76.938224792
0.663022518 -0.025981009 -0.748148441 -45.918670654 -0.018822948 0.998503089 -0.051356304 -5.339269638 0.748362780 0.048132751 0.661540866 77.716011047
0.658581495 -0.026676638 -0.752036572 -46.812332153 -0.018151915 0.998517513 -0.051316138 -5.407629013 0.752290428 0.047446758 0.657120824 78.495964050
0.655092895 -0.027499668 -0.755047798 -47.712093353 -0.016967388 0.998549819 -0.051089492 -5.482367516 0.755357862 0.046279553 0.653676391 79.252090454
0.650824666 -0.030223718 -0.758626223 -48.590126038 -0.014016702 0.998558700 -0.051807564 -5.561831951 0.759098649 0.044351079 0.649462998 80.013977051
0.646637201 -0.035013393 -0.761993647 -49.501716614 -0.010730240 0.998429537 -0.054983381 -5.633769035 0.762722194 0.043730680 0.645246029 80.783638000
0.642021000 -0.038659889 -0.765711665 -50.418205261 -0.007560449 0.998360038 -0.056745198 -5.702316761 0.766649783 0.042220738 0.640675962 81.546371460
0.634703934 -0.042296764 -0.771597028 -51.345409393 -0.002756367 0.998370647 -0.056995202 -5.779215813 0.772750378 0.038301885 0.633553267 82.322158813
0.626225233 -0.045637000 -0.778305233 -52.277389526 0.001123902 0.998337090 -0.057634573 -5.858049393 0.779641390 0.035217486 0.625235140 83.082504272
0.617175579 -0.046688341 -0.785439134 -53.235496521 0.003805128 0.998403370 -0.056357477 -5.935180664 0.786816359 0.031793758 0.616367757 83.832046509
0.608311415 -0.045268044 -0.792406440 -54.193305969 0.004894267 0.998567164 -0.053288236 -6.018993378 0.793683350 0.028537596 0.607661307 84.568626404
0.598680794 -0.045384429 -0.799700916 -55.180526733 0.003998605 0.998550415 -0.053676002 -6.091019630 0.800977707 0.028937111 0.597994447 85.331771851
0.589452922 -0.046800468 -0.806445837 -56.178215027 0.003056097 0.998442471 -0.055708822 -6.164087296 0.807796836 0.030373152 0.588677824 86.053787231
0.579389334 -0.048750263 -0.813591659 -57.189002991 0.002938681 0.998328090 -0.057726890 -6.241664410 0.815045595 0.031055460 0.578563988 86.778442383
0.568159282 -0.051068068 -0.821332514 -58.185993195 0.004059682 0.998234391 -0.059259009 -6.316129684 0.822908580 0.030334206 0.567363501 87.501464844
0.557837844 -0.052008532 -0.828318894 -59.219951630 0.006989035 0.998293698 -0.057974104 -6.397623539 0.829920530 0.026550999 0.557249606 88.200531006
0.547400773 -0.051985610 -0.835254371 -60.262390137 0.007648669 0.998337746 -0.057123110 -6.476829529 0.836835563 0.024880650 0.546888649 88.887855530
0.537198424 -0.052627698 -0.841812432 -61.302803040 0.008062921 0.998326302 -0.057267174 -6.562124252 0.843417346 0.023976371 0.536723673 89.546020508
0.527137637 -0.053192966 -0.848113418 -62.374996185 0.007297303 0.998285413 -0.058076054 -6.649435520 0.849748611 0.024425136 0.526621997 90.206283569
0.517358482 -0.053549293 -0.854091763 -63.432071686 0.005340416 0.998222828 -0.059351031 -6.729073524 0.855752170 0.026144553 0.516725063 90.829025269
0.506952643 -0.054992709 -0.860217869 -64.494438171 0.005336986 0.998143911 -0.060664907 -6.822596073 0.861957371 0.026163263 0.506305218 91.465583801
0.497282356 -0.055001933 -0.865843534 -65.594467163 0.004275990 0.998131692 -0.060949575 -6.906443596 0.867578208 0.026606811 0.496588469 92.094070435
0.488579273 -0.053007025 -0.870907903 -66.704101562 0.004110297 0.998281598 -0.058453634 -6.997701168 0.872509897 0.024979543 0.487957537 92.709579468
0.479968488 -0.051454615 -0.875775516 -67.807312012 0.004923765 0.998420775 -0.055961952 -7.083980560 0.877271950 0.022547860 0.479463786 93.323898315
0.472664386 -0.051898062 -0.879712999 -68.934143066 0.005145015 0.998409808 -0.056136124 -7.167022705 0.881227434 0.022007411 0.472179800 93.920150757
0.465543598 -0.054297701 -0.883357763 -70.068023682 0.006201964 0.998291790 -0.058093868 -7.255455017 0.885003209 0.021566676 0.465085089 94.494003296
0.458109766 -0.058067381 -0.886996865 -71.176658630 0.008384704 0.998101890 -0.061010413 -7.336453438 0.888856053 0.020512255 0.457727164 95.074066162
0.452020884 -0.060973462 -0.889920890 -72.320960999 0.009215772 0.997927010 -0.063692555 -7.423028946 0.891959786 0.020589054 0.451645762 95.654441833
0.446280926 -0.064241424 -0.892584085 -73.471061707 0.011584768 0.997751117 -0.066018336 -7.528510094 0.894817889 0.019122340 0.446021616 96.236701965
0.440851748 -0.065552443 -0.895183027 -74.620239258 0.014372785 0.997717202 -0.065982640 -7.625020981 0.897464871 0.016222287 0.440787613 96.816421509
0.436444014 -0.062734231 -0.897541642 -75.757293701 0.015390253 0.997940898 -0.062267926 -7.716899872 0.899599731 0.013363074 0.436510861 97.370361328
0.432714373 -0.060891245 -0.899472356 -76.910186768 0.017987330 0.998101056 -0.058914796 -7.811745644 0.901351631 0.009314172 0.432987839 97.936958313
0.428893566 -0.060163599 -0.901349306 -78.058166504 0.019740449 0.998165727 -0.057232734 -7.907947540 0.903139293 0.006753710 0.429294467 98.490234375
0.426651269 -0.060225334 -0.902408779 -79.194213867 0.021248598 0.998172402 -0.056570295 -7.993535042 0.904166520 0.004960868 0.427151263 99.008361816
0.423906446 -0.059560545 -0.903745413 -80.312774658 0.022931635 0.998221219 -0.055030685 -8.073581696 0.905415654 0.002603505 0.424518198 99.527801514
0.421730399 -0.058364376 -0.904840887 -81.446563721 0.024631141 0.998295367 -0.052912265 -8.163601875 0.906386673 0.000027448 0.422449052 100.054000854
0.419275105 -0.059249386 -0.905923724 -82.567977905 0.026719609 0.998241127 -0.052920908 -8.249479294 0.907465935 -0.002017511 0.420120835 100.573059082
0.417106777 -0.060778175 -0.906822920 -83.692565918 0.030109983 0.998137891 -0.053048845 -8.318820953 0.908358574 -0.005177394 0.418160081 101.091323853
0.415012002 -0.059831943 -0.907846391 -84.802062988 0.033223301 0.998166382 -0.050596833 -8.400968552 0.909209073 -0.009163359 0.416238785 101.601127625
0.413045168 -0.059372388 -0.908773065 -85.896720886 0.035034750 0.998169899 -0.049289297 -8.475630760 0.910036325 -0.011479926 0.414369404 102.091743469
0.411181718 -0.060794830 -0.909523845 -86.998321533 0.037689369 0.998054147 -0.049673628 -8.552810669 0.910773814 -0.013854493 0.412672967 102.592346191
0.410797477 -0.061539363 -0.909647286 -88.072563171 0.038233876 0.998004556 -0.050250441 -8.635251045 0.910924613 -0.014136592 0.412330598 103.063705444
0.410617858 -0.062649094 -0.909652650 -89.146560669 0.038162798 0.997943401 -0.051503096 -8.717096329 0.911008596 -0.013566802 0.412164211 103.541046143
0.411190718 -0.063461602 -0.909337580 -90.196983337 0.036938231 0.997914255 -0.052940276 -8.795197487 0.910800576 -0.011820774 0.412677258 104.006576538
0.412324041 -0.063426152 -0.908826709 -91.199325562 0.035736669 0.997931838 -0.053431403 -8.874493599 0.910336077 -0.010447382 0.413737983 104.483917236
0.416795135 -0.063831627 -0.906756520 -92.238769531 0.033339623 0.997933745 -0.054925382 -8.951589584 0.908388853 -0.007338292 0.418062001 104.955383301
0.421449393 -0.064916790 -0.904525399 -93.258682251 0.032209180 0.997876763 -0.056609146 -9.024781227 0.906279683 -0.005276134 0.422645479 105.428886414
0.426816821 -0.064223163 -0.902054727 -94.274047852 0.032005657 0.997923017 -0.055904832 -9.123134613 0.903771579 -0.005009727 0.427985847 105.914634705
0.433671683 -0.063308954 -0.898844063 -95.287918091 0.031226207 0.997985601 -0.055225920 -9.198929787 0.900529802 -0.004117574 0.434774965 106.401733398
0.441185445 -0.062264010 -0.895253301 -96.283554077 0.029568473 0.998057187 -0.054842412 -9.273132324 0.896928728 -0.002275601 0.442169279 106.897430420
0.451054811 -0.061550900 -0.890371263 -97.271247864 0.029325217 0.998102486 -0.054142386 -9.356282234 0.892014265 -0.001689145 0.452003956 107.372299194
0.460163563 -0.061197408 -0.885722518 -98.255805969 0.028962729 0.998125315 -0.053916540 -9.430380821 0.887361646 -0.000842516 0.461073339 107.886001587
0.469765663 -0.061615475 -0.880638242 -99.228195190 0.028044233 0.998099327 -0.054874018 -9.511693954 0.882345438 0.001081103 0.470600784 108.401535034
0.480661929 -0.063594766 -0.874597013 -100.203369141 0.026710605 0.997965813 -0.057885677 -9.587289810 0.876499236 0.004462426 0.481382698 108.916885376
0.491472870 -0.064337000 -0.868513227 -101.153373718 0.025110427 0.997899771 -0.059712142 -9.663585663 0.870530844 0.007538160 0.492056131 109.464370728
0.503862321 -0.062734656 -0.861502886 -102.104042053 0.023508387 0.997985542 -0.058924131 -9.747518539 0.863464117 0.009437103 0.504322052 110.013000488
0.517248869 -0.059757303 -0.853746235 -103.037017822 0.021438757 0.998151004 -0.056875970 -9.830392838 0.855566442 0.011115775 0.517573655 110.546279907
0.529179633 -0.058209468 -0.846510828 -103.958961487 0.021353718 0.998241723 -0.055294242 -9.898809433 0.848241091 0.011184431 0.529492199 111.126800537
0.540331542 -0.056642052 -0.839543581 -104.858062744 0.020535193 0.998322308 -0.054137997 -9.982360840 0.841201544 0.012012279 0.540588200 111.712448120
0.553066075 -0.056060046 -0.831248999 -105.772666931 0.019398304 0.998329520 -0.054421540 -10.058158875 0.832911551 0.013973888 0.553229809 112.290580750
0.563832283 -0.057323251 -0.823897481 -106.646316528 0.019998048 0.998243392 -0.055767875 -10.131643295 0.825647056 0.014967389 0.563988328 112.896347046
0.574965537 -0.059030194 -0.816045463 -107.511238098 0.022035796 0.998149276 -0.056677151 -10.205997467 0.817880809 0.014605196 0.575202227 113.498672485
0.585685968 -0.058069859 -0.808455229 -108.347503662 0.021420451 0.998190761 -0.056180153 -10.284656525 0.810254991 0.015586454 0.585870266 114.105667114
0.596773088 -0.055710044 -0.800473809 -109.186317444 0.020535247 0.998320580 -0.054169919 -10.356115341 0.802147269 0.015889226 0.596914947 114.717742920
0.605972230 -0.053026289 -0.793716550 -109.998970032 0.020989813 0.998494267 -0.050682068 -10.425945282 0.795208871 0.014051965 0.606172800 115.348640442
0.616930187 -0.050586503 -0.785390496 -110.830680847 0.018903729 0.998596728 -0.049469963 -10.498204231 0.786791027 0.015672702 0.617020667 115.974594116
0.626830935 -0.049953047 -0.777552426 -111.617187500 0.017256966 0.998587906 -0.050241392 -10.569362640 0.778964341 0.018074663 0.626807809 116.609260559
0.636375308 -0.050088037 -0.769751787 -112.395431519 0.015515648 0.998518944 -0.052146785 -10.632611275 0.771223605 0.021241728 0.636209846 117.242622375
0.645910740 -0.048858561 -0.761847854 -113.163360596 0.014987589 0.998569250 -0.051333081 -10.709646225 0.763265789 0.021738330 0.645718753 117.871185303
0.655312598 -0.046575777 -0.753920436 -113.908638000 0.014434374 0.998686969 -0.049150549 -10.776222229 0.755219877 0.021326600 0.655124485 118.512588501
0.663611412 -0.044818960 -0.746733606 -114.635749817 0.014783437 0.998794377 -0.046809837 -10.836699486 0.747931361 0.020024247 0.663473964 119.162773132
0.671817362 -0.044228029 -0.739395201 -115.358757019 0.015407468 0.998834252 -0.045747478 -10.900238037 0.740556598 0.019341741 0.671715617 119.815986633
0.679505885 -0.043878600 -0.732356787 -116.059051514 0.014655398 0.998822629 -0.046245914 -10.955961227 0.733523726 0.020691389 0.679348826 120.468978882
0.686952531 -0.042661481 -0.725449026 -116.751258850 0.013810541 0.998861432 -0.045662384 -11.015700340 0.726571023 0.021349043 0.686759651 121.117340088
0.694164693 -0.039677478 -0.718721926 -117.434471130 0.012701608 0.998999357 -0.042882744 -11.071304321 0.719704151 0.020638768 0.693974137 121.777572632
0.701686740 -0.037469659 -0.711499691 -118.101043701 0.012446204 0.999108315 -0.040341441 -11.125876427 0.712376893 0.019451579 0.701527476 122.427192688
0.708853900 -0.035803422 -0.704446077 -118.760459900 0.011221922 0.999157071 -0.039489936 -11.180720329 0.705266058 0.020087356 0.708658040 123.085433960
0.716462076 -0.035302278 -0.696732223 -119.400100708 0.010667614 0.999156535 -0.039655909 -11.226159096 0.697544456 0.020979485 0.716234148 123.742317200
0.724507928 -0.032215644 -0.688513219 -120.032112122 0.007991386 0.999232531 -0.038345095 -11.274667740 0.689220130 0.022279145 0.724209368 124.393051147
0.733470500 -0.029844347 -0.679065764 -120.639266968 0.007751738 0.999337912 -0.035547256 -11.320507050 0.679676950 0.020808920 0.733216286 125.049156189
0.743036330 -0.025416888 -0.668768227 -121.226936340 0.005347833 0.999472141 -0.032043744 -11.371228218 0.669229686 0.020233205 0.742780089 125.693954468
0.753199339 -0.023273582 -0.657380462 -121.800064087 0.003551085 0.999503136 -0.031317245 -11.412168503 0.657782793 0.021253712 0.752907872 126.348907471
0.763030291 -0.022115164 -0.645984292 -122.344284058 0.001847803 0.999484956 -0.032034598 -11.460905075 0.646360099 0.023249716 0.762678266 127.001571655
0.772824168 -0.023379270 -0.634189427 -122.882369995 0.002278537 0.999416947 -0.034066681 -11.499711990 0.634616137 0.024882533 0.772426844 127.667289734
0.782780766 -0.022517908 -0.621890068 -123.413124084 0.002038311 0.999432564 -0.033622622 -11.540328026 0.622294247 0.025051536 0.782382369 128.340057373
0.793187976 -0.020733939 -0.608623862 -123.933708191 0.001513143 0.999484181 -0.032077350 -11.580322266 0.608975053 0.024522429 0.792810202 129.019027710
0.803237736 -0.018335264 -0.595376313 -124.438163757 0.001224942 0.999574780 -0.029130409 -11.621302605 0.595657289 0.022669336 0.802918732 129.707412720
0.812833965 -0.017119462 -0.582243800 -124.931579590 0.001838100 0.999638379 -0.026825879 -11.660375595 0.582492530 0.020734763 0.812571585 130.404006958
0.822058618 -0.015663154 -0.569187284 -125.426696777 0.002256222 0.999703348 -0.024251699 -11.690047264 0.569398224 0.018652108 0.821850121 131.116195679
0.830300987 -0.014648513 -0.557122707 -125.907638550 0.002653834 0.999747157 -0.022331392 -11.721642494 0.557308972 0.017063269 0.830129802 131.828857422
0.837484539 -0.015234970 -0.546248615 -126.345115662 0.004582201 0.999771953 -0.020858590 -11.756329536 0.546441853 0.014965727 0.837363362 132.528594971
0.844053328 -0.015032873 -0.536048532 -126.801383972 0.004712475 0.999776363 -0.020617405 -11.783902168 0.536238611 0.014876073 0.843935370 133.258056641
0.850952387 -0.013981925 -0.525056720 -127.249084473 0.003734786 0.999781370 -0.020570625 -11.812374115 0.525229573 0.015543647 0.850818634 133.974304199
0.857707679 -0.011960847 -0.513998508 -127.683456421 0.002198605 0.999805510 -0.019596867 -11.841717720 0.514132977 0.015678303 0.857567310 134.702774048
0.863951087 -0.011017294 -0.503455222 -128.113494873 0.001569932 0.999814749 -0.019185236 -11.868988991 0.503573298 0.015784714 0.863808393 135.450561523
0.869918168 -0.011344616 -0.493065655 -128.527572632 0.002099979 0.999811530 -0.019298991 -11.900780678 0.493191600 0.015753115 0.869778037 136.193603516
0.875002742 -0.012456002 -0.483957678 -128.944793701 0.003009052 0.999789536 -0.020291960 -11.928076744 0.484108567 0.016299266 0.874855995 136.958389282
0.879510760 -0.013015184 -0.475701004 -129.360595703 0.003554406 0.999777675 -0.020782283 -11.958133698 0.475865662 0.016587406 0.879361510 137.728866577
0.882980227 -0.012554458 -0.469242156 -129.775421143 0.003310986 0.999783933 -0.020518636 -11.975975990 0.469398528 0.016563896 0.882831097 138.510253906
0.886132300 -0.010341730 -0.463316739 -130.184967041 0.002845020 0.999853611 -0.016876468 -12.001860619 0.463423461 0.013636642 0.886032104 139.298065186
0.889361620 -0.006288432 -0.457161158 -130.604736328 0.000561213 0.999919653 -0.012662504 -12.030896187 0.457204103 0.011004981 0.889293671 140.104904175
0.892818928 -0.003213041 -0.450404346 -131.021118164 -0.001278762 0.999952376 -0.009668186 -12.052682877 0.450413972 0.009207899 0.892772377 140.919830322
0.896027565 -0.000881490 -0.443997413 -131.431518555 -0.002914355 0.999964774 -0.007866713 -12.068560600 0.443988740 0.008342760 0.895993531 141.742630005
0.899334133 0.000615805 -0.437261462 -131.843475342 -0.003484183 0.999977410 -0.005757774 -12.083352089 0.437248051 0.006701664 0.899315953 142.586196899
0.902598977 0.002874995 -0.430472791 -132.250015259 -0.004358784 0.999987483 -0.002460725 -12.106293678 0.430460364 0.004097386 0.902600169 143.437988281
0.906001210 0.002540521 -0.423267633 -132.650787354 -0.003162210 0.999994755 -0.000766556 -12.113616943 0.423263431 0.002032961 0.906004369 144.305236816
0.909499288 0.002457130 -0.415698349 -133.050735474 -0.002534905 0.999996722 0.000364754 -12.128770828 0.415697932 0.000722012 0.909502506 145.191345215
0.913390279 0.001493371 -0.407082379 -133.460281372 -0.001605858 0.999998689 0.000065329 -12.130212784 0.407081932 0.000594046 0.913391411 146.092880249
0.917192280 -0.000253762 -0.398444802 -133.837097168 0.000178045 0.999999940 -0.000227035 -12.149045944 0.398444802 0.000137294 0.917192221 146.999969482
0.921243846 -0.001564044 -0.388982326 -134.229370117 0.001055164 0.999998271 -0.001521862 -12.157905579 0.388984025 0.000991566 0.921243966 147.937423706
0.925759733 -0.002896524 -0.378101319 -134.593780518 0.001740489 0.999992788 -0.003399164 -12.172383308 0.378108352 0.002488728 0.925757885 148.863571167
0.931227386 -0.001014301 -0.364437580 -135.004119873 -0.000721854 0.999989033 -0.004627679 -12.181465149 0.364438206 0.004572491 0.931216359 149.841506958
0.937320530 0.002460492 -0.348459572 -135.372375488 -0.004008963 0.999985039 -0.003722752 -12.189085960 0.348445207 0.004886374 0.937316358 150.821609497
0.943899572 0.005909235 -0.330179751 -135.718566895 -0.006561486 0.999978065 -0.000860978 -12.200741768 0.330167472 0.002979146 0.943917692 151.817443848
0.950565279 0.009415385 -0.310381949 -136.058990479 -0.009669874 0.999953032 0.000718780 -12.214284897 0.310374051 0.002318106 0.950611711 152.834274292
0.957151115 0.011188398 -0.289372683 -136.366485596 -0.011270037 0.999935508 0.001384189 -12.221179008 0.289369524 0.001936364 0.957215488 153.852325439
0.963251770 0.012568256 -0.268306017 -136.662322998 -0.012316559 0.999920726 0.002621307 -12.225370407 0.268317729 0.000779629 0.963330150 154.909912109
0.969065726 0.013779165 -0.246417850 -136.941848755 -0.012876322 0.999903202 0.005274904 -12.234896660 0.246466681 -0.001938775 0.969149351 155.975112915
0.974338293 0.015779873 -0.224534541 -137.196655273 -0.014210569 0.999861956 0.008603553 -12.237905502 0.224639356 -0.005192009 0.974428177 157.068069458
0.979222059 0.017627843 -0.202023327 -137.435134888 -0.015396437 0.999801934 0.012611524 -12.238516808 0.202205643 -0.009239042 0.979299426 158.176834106
0.983612359 0.019892110 -0.179195762 -137.656936646 -0.017293274 0.999721587 0.016053369 -12.238652229 0.179465219 -0.012691408 0.983682454 159.310989380
0.987333953 0.022044979 -0.157116756 -137.843643188 -0.019814143 0.999679565 0.015750974 -12.237631798 0.157413661 -0.012438338 0.987454295 160.443298340
0.990574419 0.021413350 -0.135292456 -138.009643555 -0.019781074 0.999714494 0.013397785 -12.228222847 0.135540709 -0.010595270 0.990715146 161.600936890
0.993234992 0.021862365 -0.114045307 -138.159088135 -0.020584112 0.999711573 0.012374026 -12.220235825 0.114282921 -0.009942792 0.993398547 162.782257080
0.995378435 0.020188771 -0.093883388 -138.268615723 -0.018983105 0.999725640 0.013717642 -12.213826180 0.094134569 -0.011872048 0.995488703 163.954757690
0.997061968 0.021136094 -0.073625676 -138.368316650 -0.020041475 0.999677896 0.015574601 -12.216102600 0.073931158 -0.014053275 0.997164369 165.154373169
0.998345196 0.021798527 -0.053213220 -138.442443848 -0.020962806 0.999648809 0.016213069 -12.207777023 0.053547952 -0.015070742 0.998451531 166.370681763
0.999189675 0.022783032 -0.033181079 -138.488311768 -0.022248048 0.999617934 0.016404172 -12.192675591 0.033542134 -0.015652664 0.999314725 167.605499268
0.999645174 0.023789538 -0.011978771 -138.515197754 -0.023585916 0.999579608 0.016862197 -12.190210342 0.012374878 -0.016573684 0.999786079 168.851119995
0.999604702 0.026777711 0.008559359 -138.515853882 -0.026915792 0.999502420 0.016445985 -12.183185577 -0.008114716 -0.016669866 0.999828219 170.108535767
0.999218285 0.027382597 0.028512208 -138.486358643 -0.027814340 0.999502659 0.014857499 -12.178593636 -0.028091185 -0.015638933 0.999483168 171.372680664
0.998483300 0.027297447 0.047814004 -138.433624268 -0.027909730 0.999536097 0.012184903 -12.170872688 -0.047459207 -0.013500895 0.998781919 172.654403687
0.997331262 0.029476939 0.066794217 -138.357376099 -0.030180654 0.999498844 0.009550858 -12.171542168 -0.066479236 -0.011541266 0.997721016 173.943099976
0.995850444 0.029426625 0.086115912 -138.257995605 -0.030188769 0.999515593 0.007561103 -12.171087265 -0.085851692 -0.010129461 0.996256351 175.239944458
0.993995786 0.029763034 0.105292737 -138.130981445 -0.030365862 0.999530256 0.004126442 -12.176432610 -0.105120465 -0.007298970 0.994432688 176.540161133
0.991856337 0.030929694 0.123549044 -137.969985962 -0.031065628 0.999517024 -0.000826548 -12.192714691 -0.123514935 -0.003018312 0.992338121 177.856018066
0.989462316 0.032262657 0.141150519 -137.789443970 -0.031502038 0.999474645 -0.007620373 -12.209091187 -0.141322255 0.003093542 0.989958823 179.175064087
0.986804187 0.033646103 0.158383295 -137.583572388 -0.031985395 0.999403477 -0.013023554 -12.225748062 -0.158727020 0.007785746 0.987291813 180.498214722
0.983711183 0.036415298 0.176028639 -137.360092163 -0.033949237 0.999279082 -0.017001744 -12.261548996 -0.176520824 0.010748770 0.984238207 181.839263916
0.980240822 0.038699027 0.193985373 -137.113174438 -0.035470776 0.999168873 -0.020088954 -12.297233582 -0.194601551 0.012811203 0.980798662 183.187774658
0.976736188 0.037479397 0.211143866 -136.832366943 -0.034004353 0.999220133 -0.020066373 -12.334479332 -0.211731300 0.012419745 0.977249026 184.555114746
0.972902358 0.037143599 0.228213415 -136.522293091 -0.033293080 0.999231219 -0.020700457 -12.379312515 -0.228806853 0.012541595 0.973391056 185.899627686
0.968890369 0.037044745 0.244702071 -136.188644409 -0.031656209 0.999162853 -0.025918558 -12.425256729 -0.245457351 0.017365901 0.969251752 187.253112793
0.964384317 0.038865149 0.261634082 -135.843460083 -0.032013871 0.999024928 -0.030399609 -12.474073410 -0.262560427 0.020940982 0.964688301 188.598556519
0.959600091 0.040932428 0.278374314 -135.464752197 -0.033668030 0.998957634 -0.030828668 -12.524317741 -0.279345930 0.020210873 0.959977806 189.968231201
0.954313815 0.042831726 0.295720518 -135.061004639 -0.035061404 0.998887599 -0.031531438 -12.579120636 -0.296742111 0.019722506 0.954753995 191.317535400
0.948572278 0.046501365 0.313126594 -134.632125854 -0.037531707 0.998695672 -0.034615967 -12.638441086 -0.314327896 0.021083571 0.949080288 192.694000244
0.942632496 0.047385480 0.330452144 -134.175827026 -0.036610752 0.998577714 -0.038757816 -12.705127716 -0.331818640 0.024436280 0.943026662 194.052261353
0.936495841 0.048264444 0.347341448 -133.680145264 -0.036145043 0.998493135 -0.041290887 -12.773668289 -0.348810941 0.026114073 0.936829209 195.414398193
0.929774642 0.048994061 0.364854306 -133.169433594 -0.034341685 0.998325706 -0.046544593 -12.853719711 -0.366523832 0.030746261 0.929900527 196.778991699
0.922016740 0.052384965 0.383589596 -132.623397827 -0.034806684 0.998007298 -0.052629799 -12.938413620 -0.385582238 0.035174076 0.922002792 198.137054443
0.912807822 0.055755801 0.404565364 -132.035461426 -0.036031235 0.997768462 -0.056212887 -13.030441284 -0.406796724 0.036734574 0.912779808 199.486114502
0.901828349 0.058708142 0.428087592 -131.415039062 -0.037520714 0.997624457 -0.057771906 -13.128323555 -0.430462360 0.036038190 0.901888788 200.841125488
