1.000000000 0.000000000 0.000000000 0.000000000 0.000000000 1.000000000 0.000000000 0.000000000 0.000000000 0.000000000 1.000000000 0.000000000
0.999933958 -0.002807587 0.011142029 0.018211868 0.002794706 0.999995410 0.001171438 -0.005177602 -0.011145268 -0.001140222 0.999937236 0.297513574
0.999836385 -0.004832284 0.017432241 0.035598569 0.004812787 0.999987721 0.001160217 -0.008055149 -0.017437633 -0.001076130 0.999847353 0.602818847
0.999786258 -0.007631371 0.019215135 0.045638505 0.007638213 0.999970794 -0.000282684 -0.007357939 -0.019212415 0.000429393 0.999815345 0.912083685
0.999822259 -0.009026308 0.016551867 0.062052570 0.009059126 0.999957144 -0.001908837 -0.008986294 -0.016533928 0.002058443 0.999861181 1.222888827
0.999886930 -0.011619452 0.009546437 0.067011818 0.011651052 0.999926805 -0.003261182 -0.011620773 -0.009507845 0.003372039 0.999949098 1.555529714
0.999909878 -0.013239255 -0.002235580 0.053777613 0.013227682 0.999899447 -0.005114838 -0.018516084 0.002303072 0.005084806 0.999984443 1.881308436
0.999743879 -0.012534481 -0.018843513 0.031086948 0.012432914 0.999907613 -0.005497498 -0.021600358 0.018910682 0.005261811 0.999807358 2.218030453
0.999224782 -0.007878057 -0.038571935 0.003277436 0.007677047 0.999956131 -0.005356633 -0.027606111 0.038612448 0.005056363 0.999241531 2.565790892
0.998299479 -0.004509083 -0.058118865 -0.040967152 0.004127391 0.999969065 -0.006685809 -0.033529848 0.058147226 0.006434559 0.998287261 2.919421434
0.996902049 -0.004455897 -0.078526236 -0.085696012 0.003915350 0.999967575 -0.007036278 -0.037460733 0.078555048 0.006707023 0.996887207 3.285628557
0.994999468 -0.005871106 -0.099707857 -0.130351603 0.005237695 0.999964416 -0.006613258 -0.039495852 0.099743143 0.006057949 0.994994760 3.667207003
0.992874265 -0.007462152 -0.118932672 -0.193492681 0.006842627 0.999960840 -0.005616548 -0.051038519 0.118969940 0.004762715 0.992886424 4.052227020
0.990619361 -0.005972852 -0.136519656 -0.269815385 0.005262929 0.999970734 -0.005560495 -0.051084273 0.136548877 0.004789841 0.990621805 4.454935074
0.988275766 -0.005114437 -0.152593493 -0.340813816 0.004435890 0.999978721 -0.004786868 -0.057720177 0.152614743 0.004053858 0.988277376 4.866066456
0.986072183 -0.004516163 -0.166256309 -0.427888930 0.003778473 0.999981582 -0.004753100 -0.068576738 0.166274697 0.004058705 0.986071050 5.297043324
0.983913600 -0.006366272 -0.178531647 -0.506970823 0.005485970 0.999970376 -0.005424034 -0.077247396 0.178560883 0.004357361 0.983919144 5.729508400
0.982167542 -0.009518573 -0.187766701 -0.602272034 0.008196590 0.999935865 -0.007815758 -0.084083542 0.187829062 0.006137337 0.982182562 6.172800541
0.980589390 -0.009114674 -0.195860863 -0.699596524 0.007392571 0.999927342 -0.009521741 -0.090958931 0.195933431 0.007889003 0.980585396 6.643156528
0.979208350 -0.008598248 -0.202674419 -0.814360797 0.006432992 0.999915004 -0.011339743 -0.096939772 0.202754706 0.009800170 0.979180455 7.116303921
0.977278173 -0.009453267 -0.211749837 -0.913406551 0.006621755 0.999878943 -0.014077121 -0.107961394 0.211857274 0.012355108 0.977222443 7.607536793
0.975655675 -0.012969502 -0.218923882 -1.035499811 0.009701067 0.999824941 -0.015997943 -0.118185759 0.219093084 0.013484688 0.975610793 8.103892326
0.973661602 -0.019645551 -0.227150127 -1.146008492 0.016177183 0.999722540 -0.017120820 -0.131447405 0.227423474 0.012995235 0.973709166 8.621677399
0.971484780 -0.020565564 -0.236208335 -1.272447824 0.016365480 0.999671459 -0.019728314 -0.145260632 0.236536443 0.015300094 0.971502185 9.142104149
0.969494164 -0.016749449 -0.244541109 -1.427440763 0.011311493 0.999656916 -0.023624968 -0.162310332 0.244852930 0.020138143 0.969351053 9.672182083
0.967220843 -0.013821806 -0.253560215 -1.581891894 0.007337111 0.999621809 -0.026502464 -0.179184318 0.253830642 0.023773339 0.966956496 10.221807480
0.965060830 -0.016476862 -0.261507183 -1.743736267 0.009430507 0.999558568 -0.028177306 -0.199239552 0.261856019 0.024726674 0.964790165 10.777015686
0.962528408 -0.019425066 -0.270484209 -1.896171212 0.011608475 0.999468446 -0.030468512 -0.224000126 0.270932198 0.026186906 0.962242186 11.347556114
0.960233212 -0.018946504 -0.278555483 -2.071797132 0.010087605 0.999397755 -0.033202149 -0.242933199 0.279016763 0.029071849 0.959846139 11.930380821
0.958065212 -0.017861661 -0.285992950 -2.266723394 0.007721873 0.999302268 -0.036543351 -0.272349209 0.286446124 0.032802511 0.957534730 12.515209198
0.955748498 -0.019106535 -0.293563604 -2.457710743 0.007120616 0.999098837 -0.041843742 -0.298471391 0.294098526 0.037901744 0.955023289 13.107990265
0.953853786 -0.020261390 -0.299586892 -2.651017189 0.005727041 0.998766959 -0.049313381 -0.333158135 0.300216675 0.045322027 0.952793717 13.724056244
0.952514112 -0.020864360 -0.303778827 -2.855217934 0.003560238 0.998344600 -0.057405721 -0.367956698 0.304473698 0.053598233 0.951011598 14.347600937
0.951402724 -0.020621760 -0.307258099 -3.075248718 0.000231982 0.997803092 -0.066249639 -0.410611093 0.307949305 0.062958822 0.949317336 14.977996826
0.949998140 -0.020548189 -0.311578482 -3.291757345 -0.002944109 0.997198641 -0.074740469 -0.462684393 0.312241465 0.071920626 0.947276473 15.616455078
0.948794484 -0.019775819 -0.315274268 -3.524354458 -0.006466798 0.996613503 -0.081974685 -0.510712922 0.315827668 0.079815947 0.945453525 16.268798828
0.947215438 -0.017782377 -0.320104390 -3.765989780 -0.011143407 0.996031106 -0.088305578 -0.576879740 0.320404232 0.087211467 0.943257868 16.926551819
0.945552707 -0.016905624 -0.325029522 -4.000893593 -0.014468691 0.995479405 -0.093868762 -0.648649812 0.325147033 0.093460612 0.941033721 17.586532593
0.943901002 -0.014857615 -0.329894096 -4.256797791 -0.018993294 0.994891107 -0.099151507 -0.721260667 0.329681814 0.099854983 0.938796520 18.276592255
0.942096829 -0.012735937 -0.335098982 -4.510515690 -0.022967165 0.994481623 -0.102366611 -0.791865110 0.334553510 0.104135536 0.936605453 18.976758957
0.940448225 -0.010911186 -0.339761764 -4.789712906 -0.025900358 0.994279504 -0.103621744 -0.872984171 0.338948786 0.106250867 0.934785783 19.667648315
0.938180387 -0.010299480 -0.345993340 -5.060124397 -0.026925625 0.994357169 -0.102610223 -0.953136921 0.345097780 0.105582997 0.932609081 20.383806229
0.935857296 -0.010275728 -0.352229387 -5.326751709 -0.027197111 0.994486749 -0.101274036 -1.034816384 0.351328045 0.104357667 0.930418193 21.082456589
0.933264077 -0.010461493 -0.359038562 -5.615605831 -0.027156092 0.994659901 -0.099569887 -1.116711020 0.358162940 0.102675080 0.927996218 21.815082550
0.930083454 -0.009730141 -0.367219388 -5.916604042 -0.027708957 0.994943023 -0.096543297 -1.196435571 0.366301805 0.099968590 0.925110400 22.554069519
0.926773965 -0.007785182 -0.375538737 -6.218908310 -0.028351178 0.995483339 -0.090603568 -1.276979685 0.374547988 0.094615988 0.922367394 23.291547775
0.923213005 -0.004000342 -0.384267747 -6.548486710 -0.031325497 0.995834708 -0.085627243 -1.355336189 0.383009613 0.091089576 0.919242203 24.051321030
0.919780970 -0.000069926 -0.392432064 -6.887262821 -0.034782715 0.996049762 -0.081701107 -1.428944468 0.390887469 0.088796996 0.916145205 24.784152985
0.916056037 0.001317284 -0.401048094 -7.232165337 -0.036586232 0.996099412 -0.080296829 -1.494902253 0.399377912 0.088229254 0.912530959 25.534011841
0.912097573 0.001162554 -0.409971565 -7.584409237 -0.037047829 0.996138334 -0.079598621 -1.568228245 0.408295780 0.087790281 0.908618391 26.294227600
0.908151388 0.000654274 -0.418641657 -7.948098183 -0.036743224 0.996264338 -0.078149326 -1.641041279 0.417026728 0.086353652 0.904782772 27.060178757
0.904186487 0.001867136 -0.427133709 -8.329746246 -0.038003590 0.996376216 -0.076093175 -1.714618921 0.425443769 0.085035034 0.900980949 27.844011307
0.900293887 0.000355899 -0.435282499 -8.707365990 -0.036011532 0.996632397 -0.073667683 -1.788106799 0.433790416 0.081997752 0.897274911 28.620849609
0.896610916 0.001182909 -0.442817688 -9.105049133 -0.035605401 0.996951163 -0.069430128 -1.861872196 0.441385448 0.078018501 0.893919468 29.400468826
0.892654061 0.003110691 -0.450731844 -9.512904167 -0.035593931 0.997339904 -0.063609108 -1.924183965 0.449334949 0.072824247 0.890390217 30.210405350
0.888949037 0.003237530 -0.457994640 -9.940789223 -0.034340363 0.997631550 -0.059601061 -1.989233732 0.456716865 0.068710014 0.886954725 31.006324768
0.885110974 0.002348195 -0.465374053 -10.370468140 -0.033333614 0.997738779 -0.058363944 -2.041499615 0.464184672 0.067171164 0.883187830 31.823272705
0.881675780 0.001162102 -0.471854299 -10.812097549 -0.031970166 0.997846186 -0.057279799 -2.100020409 0.470771432 0.065587468 0.879814029 32.651088715
0.878640294 0.001940466 -0.477480292 -11.258749008 -0.032159436 0.997961521 -0.055122834 -2.157554626 0.476400048 0.063788645 0.876911640 33.458621979
0.875366211 0.000652190 -0.483459890 -11.725326538 -0.030601375 0.998068571 -0.054061320 -2.212384701 0.482490867 0.062117994 0.873695552 34.307376862
0.872861505 -0.000559858 -0.487967700 -12.204710007 -0.029599868 0.998097122 -0.054092471 -2.269268990 0.487069428 0.061659023 0.871183991 35.149841309
0.870791018 -0.001325189 -0.491651654 -12.699438095 -0.029192766 0.998092651 -0.054395135 -2.327648640 0.490786016 0.061719466 0.869091392 36.011096954
0.869341016 -0.000748122 -0.494212002 -13.196897507 -0.030440569 0.998019099 -0.055057094 -2.388410330 0.493274182 0.062907495 0.867596149 36.869102478
0.868775249 -0.000750486 -0.495206088 -13.695695877 -0.030105701 0.998069167 -0.054329142 -2.445238590 0.494290680 0.062108345 0.867075026 37.739665985
0.868631899 0.000549095 -0.495457649 -14.224697113 -0.030599004 0.998149931 -0.052539676 -2.504821539 0.494512260 0.060798146 0.867041588 38.635097504
0.868389547 -0.000769625 -0.495881915 -14.746807098 -0.028750712 0.998238564 -0.051897611 -2.564368010 0.495048344 0.059324306 0.866837740 39.539802551
0.867772460 -0.002925183 -0.496953070 -15.273215294 -0.027006213 0.998227477 -0.053033672 -2.624556541 0.496227324 0.059441995 0.866155267 40.440792084
0.866477609 -0.005481138 -0.499185771 -15.803539276 -0.024661118 0.998248875 -0.053767245 -2.682504416 0.498606354 0.058898602 0.864825130 41.365997314
0.864706874 -0.006360657 -0.502236485 -16.338375092 -0.022489481 0.998426676 -0.051365152 -2.751170397 0.501773000 0.055710848 0.863203406 42.288990021
0.862633288 -0.005321212 -0.505801797 -16.888931274 -0.021619830 0.998643041 -0.047378186 -2.814351082 0.505367637 0.051805355 0.861347675 43.217834473
0.859552562 -0.006042909 -0.511011600 -17.440473557 -0.018876407 0.998872459 -0.043563310 -2.872800827 0.510698557 0.047091026 0.858469248 44.146057129
0.855353773 -0.006571350 -0.518002689 -17.989492416 -0.017573908 0.998976052 -0.041691922 -2.931560993 0.517746150 0.044764675 0.854362369 45.070205688
0.850314677 -0.009793987 -0.526183426 -18.558172226 -0.015691256 0.998910487 -0.043950118 -2.993459702 0.526040554 0.045627914 0.849234641 45.954833984
0.844159305 -0.012654128 -0.535943031 -19.119621277 -0.014852758 0.998785496 -0.046976734 -3.057830095 0.535886586 0.047616076 0.842946172 46.832012177
0.838315308 -0.012490639 -0.545042515 -19.725391388 -0.015165471 0.998816371 -0.046215285 -3.116628408 0.544974625 0.047008812 0.837133646 47.729717255
0.832406640 -0.009995940 -0.554075181 -20.322793961 -0.015125801 0.999054968 -0.040747732 -3.181179523 0.553958833 0.042299513 0.831468761 48.623054504
0.827530861 -0.005696765 -0.561391413 -20.945072174 -0.017935518 0.999169886 -0.036577389 -3.230406761 0.561133623 0.040337760 0.826741695 49.506752014
0.823441327 -0.005721830 -0.567372561 -21.553592682 -0.019238759 0.999092638 -0.037997302 -3.283050060 0.567075074 0.042204089 0.822584152 50.383071899
0.820096731 -0.007789461 -0.572171807 -22.154434204 -0.020028392 0.998903930 -0.042305730 -3.339578390 0.571874142 0.046154473 0.819041908 51.231414795
0.816989839 -0.009919759 -0.576566815 -22.776096344 -0.022677746 0.998525858 -0.049313672 -3.397848129 0.576205969 0.053363997 0.815560520 52.106967926
0.813753903 -0.011504524 -0.581095755 -23.408798218 -0.022185450 0.998460591 -0.050835531 -3.455698967 0.580786049 0.054259483 0.812245965 52.971435547
0.810570776 -0.009812918 -0.585558534 -24.049888611 -0.021885503 0.998653591 -0.047031086 -3.514281988 0.585231721 0.050937265 0.809264660 53.842826843
0.807578981 -0.007322341 -0.589713812 -24.687709808 -0.021358250 0.998903871 -0.041652050 -3.577506304 0.589372456 0.046232577 0.806537390 54.700553894
0.804802120 -0.004365270 -0.593527198 -25.341993332 -0.023430867 0.998959780 -0.039118573 -3.623818874 0.593080580 0.045389570 0.803862691 55.550903320
0.801573217 -0.003929467 -0.597883821 -25.996891022 -0.024675984 0.998908997 -0.039647818 -3.678448677 0.597387254 0.046534002 0.800601721 56.421913147
0.797813356 -0.005342038 -0.602880895 -26.641868591 -0.024674710 0.998833656 -0.041503418 -3.729665756 0.602399468 0.047987897 0.796751022 57.278614044
0.793379188 -0.008528015 -0.608667910 -27.308523178 -0.023215752 0.998750508 -0.044254430 -3.786571503 0.608284831 0.049241226 0.792189837 58.172927856
0.789336324 -0.009818229 -0.613882422 -27.982711792 -0.022246931 0.998758197 -0.044579122 -3.843385696 0.613557756 0.048844926 0.788137555 59.026390076
0.784931362 -0.009769465 -0.619505763 -28.664615631 -0.022054026 0.998801529 -0.043693949 -3.902523994 0.619190156 0.047959350 0.783775151 59.870845795
0.779793143 -0.009437775 -0.625966072 -29.347904205 -0.022516446 0.998816609 -0.043109000 -3.960361958 0.625632167 0.047710642 0.778657854 60.715888977
0.774299681 -0.010516222 -0.632731736 -30.044399261 -0.022820706 0.998747587 -0.044526163 -4.013525963 0.632407486 0.048915975 0.773089886 61.563728333
0.768909037 -0.012180164 -0.639242113 -30.754058838 -0.021912832 0.998729050 -0.045387588 -4.076181412 0.638982534 0.048906542 0.767664909 62.399978638
0.762886345 -0.013597091 -0.646389604 -31.461124420 -0.021379920 0.998701453 -0.046241272 -4.138893127 0.646179020 0.049096584 0.761605024 63.248538971
0.756935835 -0.015383394 -0.653308094 -32.185310364 -0.020670293 0.998659074 -0.047464356 -4.198762894 0.653162241 0.049431544 0.755602896 64.091339111
0.750481546 -0.017810266 -0.660651386 -32.914703369 -0.019164002 0.998629928 -0.048691485 -4.258211136 0.660613477 0.049202781 0.749112070 64.935142517
0.744211674 -0.019098854 -0.667670727 -33.663108826 -0.018489271 0.998619020 -0.049174555 -4.315081596 0.667687953 0.048941027 0.742830873 65.773971558
0.737941384 -0.019086365 -0.674594820 -34.419937134 -0.017452231 0.998725951 -0.047348082 -4.379967690 0.674639046 0.046713293 0.736668110 66.585784912
0.731821179 -0.019492431 -0.681217849 -35.196018219 -0.016109644 0.998816669 -0.045886554 -4.462970734 0.681306303 0.044554930 0.730641186 67.397933960
0.725558043 -0.021417487 -0.687827647 -35.973937988 -0.014400986 0.998824120 -0.046292193 -4.526681900 0.688010335 0.043493070 0.724396467 68.205947876
0.719023764 -0.023080666 -0.694602251 -36.765254974 -0.014227975 0.998750031 -0.047915306 -4.595283985 0.694839835 0.044335015 0.717796504 69.011665344
0.712854803 -0.022610191 -0.700947046 -37.564544678 -0.015378089 0.998735905 -0.047855195 -4.657853127 0.701142967 0.044893030 0.711605966 69.821403503
0.707873523 -0.021871693 -0.706000447 -38.375480652 -0.015787926 0.998780847 -0.046771761 -4.724229813 0.706162691 0.044254776 0.706665218 70.605751038
0.702940106 -0.021207524 -0.710932791 -39.190521240 -0.016904632 0.998774886 -0.046508584 -4.791435242 0.711048186 0.044710811 0.701720357 71.401641846
0.698180318 -0.021993410 -0.715584040 -40.008857727 -0.017116707 0.998729527 -0.047396261 -4.858294010 0.715717256 0.045339581 0.696916819 72.195495605
0.693206906 -0.023842487 -0.720344186 -40.848693848 -0.017477954 0.998602748 -0.049872000 -4.925782681 0.720526636 0.047161750 0.691821456 72.986557007
0.687858343 -0.026597336 -0.725357354 -41.684589386 -0.016691877 0.998484433 -0.052441292 -4.996800423 0.725652814 0.048179757 0.686371982 73.786178589
0.683048904 -0.026466459 -0.729892969 -42.519794464 -0.017878633 0.998437881 -0.052935284 -5.067162991 0.730153799 0.049206883 0.681508720 74.534049988
0.678285599 -0.026231632 -0.734330118 -43.380794525 -0.017478304 0.998503864 -0.051812753 -5.134737015 0.734590590 0.047978684 0.676812232 75.320152283
0.673358262 -0.026337391 -0.738847077 -44.255691528 -0.016687941 0.998569191 -0.050804384 -5.204996586 0.739127994 0.046539385 0.671955287 76.105194092
0.668154597 -0.027730675 -0.743505538 -45.128543854 -0.015364500 0.998577893 -0.051051538 -5.275280952 0.743863821 0.045533907 0.666778386 76.888946533
0.663078308 -0.028525643 -0.748006284 -46.018089294 -0.015057463 0.998563170 -0.051428620 -5.347838402 0.748398542 0.045364276 0.661696076 77.674583435
0.658828199 -0.029240228 -0.751725018 -46.912872314 -0.014403757 0.998570919 -0.051465694 -5.416124821 0.752155483 0.044734716 0.657465577 78.451469421
0.655468106 -0.029975653 -0.754627764 -47.813369751 -0.013318512 0.998597860 -0.051235169 -5.490856647 0.755105376 0.043633539 0.654149830 79.207321167
0.651004910 -0.032768849 -0.758365870 -48.684524536 -0.010430356 0.998587251 -0.052102514 -5.567401409 0.759001732 0.041829016 0.649743438 79.968711853
0.646866918 -0.037106991 -0.761699677 -49.596900940 -0.007187547 0.998474479 -0.054745696 -5.644705772 0.762568891 0.040887933 0.645613372 80.738433838
0.642301381 -0.041402958 -0.765332997 -50.513359070 -0.003255946 0.998383462 -0.056743048 -5.713130951 0.766445220 0.038938019 0.641128242 81.503952026
0.635057211 -0.045097310 -0.771147549 -51.440704346 0.001361922 0.998358130 -0.057263199 -5.787667274 0.772463858 0.035315167 0.634076118 82.279006958
0.626845002 -0.048401766 -0.777639091 -52.376022339 0.005235309 0.998307705 -0.057916500 -5.867228508 0.779126346 0.032233484 0.626037598 83.036743164
0.617887616 -0.049340215 -0.784716666 -53.333908081 0.007684759 0.998360395 -0.056722373 -5.943682671 0.786228776 0.029017700 0.617253780 83.786239624
0.608817101 -0.048192445 -0.791845441 -54.298736572 0.009163653 0.998513818 -0.053724911 -6.031892776 0.793257773 0.025452448 0.608353794 84.536979675
0.598858118 -0.048166133 -0.799405396 -55.273521423 0.007872964 0.998495579 -0.054263934 -6.100180149 0.800816417 0.026202710 0.598336399 85.292098999
0.589620709 -0.049476910 -0.806163251 -56.268943787 0.006946708 0.998395622 -0.056194074 -6.176133156 0.807650328 0.027533015 0.589018583 86.013549805
0.579132020 -0.051815987 -0.813585341 -57.278179169 0.007043816 0.998258829 -0.058563557 -6.251007557 0.815203309 0.028185287 0.578488588 86.747245789
0.567938149 -0.053789273 -0.821311593 -58.279663086 0.007902022 0.998172641 -0.059907965 -6.328716278 0.823033273 0.027534002 0.567325294 87.474914551
0.557506263 -0.054904219 -0.828355134 -59.313472748 0.010728173 0.998203874 -0.058941603 -6.408301353 0.830103338 0.023973573 0.557093859 88.176559448
0.547225177 -0.054922998 -0.835181355 -60.358314514 0.011345944 0.998239815 -0.058211938 -6.488102913 0.836908400 0.022379119 0.546885014 88.862098694
0.537269652 -0.055318069 -0.841594458 -61.389205933 0.011479878 0.998233974 -0.058285289 -6.575017929 0.843332410 0.021653518 0.536955833 89.505325317
0.527024925 -0.055890009 -0.848010063 -62.459877014 0.010711828 0.998192787 -0.059130903 -6.663386345 0.849782348 0.022079721 0.526671112 90.169006348
0.517138958 -0.056461014 -0.854037106 -63.520515442 0.008781333 0.998119354 -0.060669083 -6.742566586 0.855856419 0.023874760 0.516662180 90.796501160
0.505831003 -0.057814576 -0.860692918 -64.570472717 0.008357732 0.998033166 -0.062128149 -6.835032940 0.862592101 0.024232909 0.505319297 91.442749023
0.496274441 -0.057689600 -0.866246760 -65.670593262 0.007434147 0.998035491 -0.062207323 -6.923115730 0.868133783 0.024432102 0.495728433 92.067581177
0.487544537 -0.055883497 -0.871307850 -66.780456543 0.006900757 0.998164952 -0.060158446 -7.011931419 0.873070836 0.023317236 0.487035543 92.682830811
0.479404330 -0.054303590 -0.875912428 -67.881141663 0.007804169 0.998307943 -0.057620332 -7.102870464 0.877559423 0.020787666 0.479017019 93.279319763
0.471843153 -0.054781113 -0.879978955 -69.007026672 0.008022858 0.998293340 -0.057844657 -7.188298225 0.881645977 0.020233657 0.471477389 93.877319336
0.464576572 -0.057107542 -0.883689582 -70.140716553 0.009068115 0.998172820 -0.059738584 -7.279961109 0.885486364 0.019739751 0.464245707 94.454391479
0.456915528 -0.060742542 -0.887433708 -71.249893188 0.011110637 0.997977555 -0.062588416 -7.363134861 0.889440656 0.018737664 0.456666321 95.040069580
0.450851202 -0.063701689 -0.890323162 -72.394393921 0.011826714 0.997788846 -0.065401830 -7.450355053 0.892520726 0.018956894 0.450607717 95.618103027
0.444708973 -0.067001887 -0.893165529 -73.546508789 0.014561364 0.997607172 -0.067586564 -7.560570240 0.895556748 0.017050641 0.444620490 96.204406738
0.439441204 -0.068197243 -0.895678878 -74.697227478 0.017327294 0.997571945 -0.067454219 -7.660178661 0.898104370 0.014122479 0.439555854 96.780685425
0.435046226 -0.065442301 -0.898026764 -75.833839417 0.018287268 0.997791708 -0.063853309 -7.752644539 0.900222421 0.011356687 0.435282290 97.335746765
0.431621760 -0.063787088 -0.899796546 -76.991233826 0.020999184 0.997936785 -0.060671248 -7.843188763 0.901810229 0.007292036 0.432070762 97.881896973
0.428432167 -0.063007474 -0.901374519 -78.135101318 0.023019476 0.998003125 -0.058820594 -7.944907665 0.903280675 0.004451465 0.429027110 98.419052124
0.425804555 -0.062882885 -0.902627409 -79.272628784 0.025078248 0.998019159 -0.057698101 -8.037971497 0.904467523 0.001931798 0.426538110 98.937088013
0.423572749 -0.062170457 -0.903726220 -80.411941528 0.026540037 0.998065531 -0.056221191 -8.122534752 0.905473173 -0.000171163 0.424403310 99.466773987
0.421002954 -0.060790610 -0.905019879 -81.554626465 0.027952379 0.998147368 -0.054042947 -8.218924522 0.906628430 -0.002545217 0.421922207 99.996505737
0.418711543 -0.062288631 -0.905980587 -82.724060059 0.030246437 0.998047948 -0.054639705 -8.297281265 0.907615423 -0.004524411 0.419778198 100.525283813
0.416495204 -0.062613048 -0.906979322 -83.842803955 0.032511767 0.998013318 -0.053967785 -8.380602837 0.908556402 -0.007010174 0.417703420 101.038963318
0.414527982 -0.061821718 -0.907934248 -84.962486267 0.035521932 0.998028874 -0.051738333 -8.463082314 0.909343004 -0.010804595 0.415906876 101.542297363
0.412276298 -0.060788304 -0.909028709 -86.066558838 0.037059929 0.998064697 -0.049934313 -8.546586990 0.910304725 -0.013101805 0.413731247 102.048980713
0.410954744 -0.062290732 -0.909525096 -87.175079346 0.038776435 0.997954428 -0.050826460 -8.622096062 0.910830677 -0.014380772 0.412529528 102.536682129
0.410003513 -0.063523255 -0.909869134 -88.256561279 0.040084854 0.997862875 -0.051603641 -8.701360703 0.911202669 -0.015314292 0.411673665 103.019760132
0.408751041 -0.064581141 -0.910358071 -89.307357788 0.040104464 0.997800589 -0.052777439 -8.785247803 0.911764324 -0.014936580 0.410442024 103.503479004
0.409403175 -0.065078840 -0.910029590 -90.340080261 0.039087463 0.997787952 -0.053770080 -8.869064331 0.911515892 -0.013557102 0.411041290 103.962356567
0.411515445 -0.065025136 -0.909080148 -91.388656616 0.036839381 0.997823179 -0.054696620 -8.946938515 0.910658002 -0.010981440 0.413015127 104.436355591
0.415007502 -0.065309182 -0.907470942 -92.418258667 0.035711691 0.997821093 -0.055479746 -9.033007622 0.909116864 -0.009382807 0.416435480 104.921096802
0.420429945 -0.066223539 -0.904905021 -93.441482544 0.034606885 0.997777581 -0.056941442 -9.108330727 0.906664848 -0.007376056 0.421787322 105.384696960
0.425879836 -0.065976672 -0.902371168 -94.455612183 0.034249641 0.997798562 -0.056789506 -9.195458412 0.904131234 -0.006720381 0.427201986 105.863113403
0.433310986 -0.065450653 -0.898864806 -95.471633911 0.033278484 0.997841299 -0.056615241 -9.268359184 0.900629818 -0.005380856 0.434553653 106.343063354
0.440979719 -0.063316569 -0.895280957 -96.464218140 0.031705230 0.997984886 -0.054963328 -9.353634834 0.896956861 -0.004147376 0.442098469 106.836364746
0.450062186 -0.062965147 -0.890774608 -97.459243774 0.031780299 0.998008549 -0.054488130 -9.435211182 0.892431557 -0.003786035 0.451166958 107.324073792
0.459285885 -0.063107073 -0.886044085 -98.444671631 0.031343382 0.998003423 -0.054834187 -9.504909515 0.887735307 -0.002587050 0.460346878 107.835449219
0.469082236 -0.063707791 -0.880853653 -99.417869568 0.030620050 0.997968256 -0.055871986 -9.586121559 0.882623494 -0.000763226 0.470079958 108.349319458
0.479842842 -0.065602124 -0.874898314 -100.397377014 0.028998179 0.997841597 -0.058916520 -9.658733368 0.876875103 0.002900207 0.480709523 108.866607666
0.490909934 -0.066296309 -0.868684173 -101.350799561 0.027602209 0.997783482 -0.060550380 -9.737919807 0.870773077 0.005747179 0.491651684 109.410682678
0.503268301 -0.064766198 -0.861699700 -102.297683716 0.025366625 0.997864842 -0.060185347 -9.819204330 0.863757730 0.008430965 0.503836691 109.959136963
0.516842246 -0.062150713 -0.853821456 -103.222801208 0.024058614 0.998021722 -0.058083858 -9.900021553 0.855742455 0.009478435 0.517315090 110.486831665
0.528724909 -0.060326949 -0.846646607 -104.141860962 0.023835475 0.998132944 -0.056235854 -9.972181320 0.848458409 0.009553074 0.529175639 111.067474365
0.540147781 -0.059328888 -0.839476407 -105.044967651 0.023378137 0.998184800 -0.055503119 -10.051538467 0.841245472 0.010354483 0.540554225 111.650482178
0.552676022 -0.058448095 -0.831344008 -105.947921753 0.021959709 0.998212636 -0.055581108 -10.129310608 0.833106816 0.012462270 0.552971840 112.222625732
0.563955605 -0.059561808 -0.823654234 -106.828605652 0.022502752 0.998133659 -0.056771483 -10.205343246 0.825498402 0.013482113 0.564243436 112.823112488
0.574397087 -0.061349500 -0.816274583 -107.685089111 0.024616104 0.998031139 -0.057688046 -10.281627655 0.818206489 0.013042348 0.574776411 113.430824280
0.586066902 -0.060235631 -0.808020592 -108.523788452 0.023848262 0.998083115 -0.057106826 -10.361348152 0.809911668 0.014198539 0.586380005 114.024795532
0.597059011 -0.058225945 -0.800081491 -109.364921570 0.023050783 0.998195767 -0.055442128 -10.429491043 0.801866055 0.014659718 0.597323895 114.642349243
0.606500983 -0.055855893 -0.793118238 -110.180145264 0.023667617 0.998355508 -0.052211139 -10.498122215 0.794730425 0.012894889 0.606825590 115.267707825
0.617188156 -0.052945700 -0.785032153 -111.002670288 0.021506242 0.998495817 -0.050434444 -10.579425812 0.786521554 0.014244453 0.617398500 115.897064209
0.627264857 -0.052235220 -0.777052283 -111.790855408 0.019621762 0.998491347 -0.051281467 -10.650592804 0.778558791 0.016919926 0.627343595 116.529357910
0.637007475 -0.052612100 -0.769060135 -112.577713013 0.018277314 0.998418510 -0.053163737 -10.712945938 0.770640969 0.019809339 0.636961579 117.162361145
0.646457851 -0.051054303 -0.761239588 -113.330451965 0.017552875 0.998489678 -0.052059826 -10.791251183 0.762747765 0.020292539 0.646377683 117.787841797
0.655787230 -0.048968572 -0.753356040 -114.077003479 0.017061055 0.998600543 -0.050058160 -10.856394768 0.754752994 0.019974459 0.655704975 118.431640625
0.664051712 -0.047244005 -0.746192634 -114.804107666 0.017629329 0.998713613 -0.047543287 -10.918280602 0.747478724 0.018416326 0.664030254 119.085968018
0.672313333 -0.046761956 -0.738788188 -115.526748657 0.018426828 0.998750687 -0.046447590 -10.982861519 0.740037322 0.017613815 0.672335088 119.740722656
0.680046022 -0.046254806 -0.731708884 -116.229522705 0.017548811 0.998748899 -0.046825919 -11.040595055 0.732959330 0.019003166 0.680006981 120.393623352
0.687538087 -0.045288585 -0.724734664 -116.911361694 0.016889647 0.998780549 -0.046390895 -11.098479271 0.725951910 0.019654989 0.687464595 121.037078857
0.694773257 -0.042208817 -0.717989147 -117.594329834 0.015716679 0.998929083 -0.043516085 -11.155384064 0.719057083 0.018949410 0.694692612 121.696769714
0.702272415 -0.040096939 -0.710778236 -118.258949280 0.015444398 0.999035716 -0.041098747 -11.209779739 0.711740911 0.017884977 0.702214539 122.348533630
0.709775925 -0.038045976 -0.703399301 -118.932914734 0.013955474 0.999103844 -0.039958276 -11.267910004 0.704289258 0.018545153 0.709670782 123.004478455
0.717478931 -0.037539389 -0.695568025 -119.572372437 0.013441593 0.999107003 -0.040056195 -11.313182831 0.696450591 0.019389935 0.717342794 123.661476135
0.725236654 -0.034449141 -0.687637150 -120.202911377 0.010647917 0.999189138 -0.038827091 -11.363195419 0.688417196 0.020836925 0.725015461 124.320335388
0.734113395 -0.032215074 -0.678262234 -120.808235168 0.010556854 0.999294698 -0.036036830 -11.408882141 0.678944826 0.019294808 0.733935714 124.977722168
0.743672609 -0.027754463 -0.667967618 -121.399032593 0.008187718 0.999441028 -0.032411706 -11.461112976 0.668493807 0.018634565 0.743484199 125.630691528
0.753842950 -0.025600214 -0.656555593 -121.968269348 0.006440538 0.999480546 -0.031576544 -11.503145218 0.657022953 0.019575190 0.753616452 126.285881042
0.763795614 -0.024476748 -0.644993961 -122.515663147 0.004707935 0.999465406 -0.032353412 -11.549513817 0.645441055 0.021674808 0.763502479 126.932945251
0.773560524 -0.025666304 -0.633202493 -123.053588867 0.005033206 0.999396741 -0.034360789 -11.589746475 0.633702457 0.023393109 0.773223102 127.600845337
0.783583045 -0.024750091 -0.620793998 -123.584571838 0.004808862 0.999417841 -0.033775367 -11.632050514 0.621268570 0.023480486 0.783245862 128.273086548
0.793840349 -0.023038337 -0.607689679 -124.097183228 0.004383522 0.999472976 -0.032165065 -11.673328400 0.608110428 0.022870105 0.793522954 128.948883057
0.803945482 -0.020922199 -0.594334841 -124.606262207 0.004346199 0.999560952 -0.029308230 -11.713073730 0.594687104 0.020979125 0.803683460 129.641189575
0.813512206 -0.019609030 -0.581217289 -125.096519470 0.004846152 0.999625266 -0.026942210 -11.752808571 0.581527770 0.019101147 0.813302279 130.338088989
0.822812200 -0.018438946 -0.568014145 -125.590835571 0.005686115 0.999690652 -0.024215300 -11.785078049 0.568284988 0.016694853 0.822662532 131.048461914
0.831004083 -0.017355086 -0.555995524 -126.059112549 0.005987035 0.999734342 -0.022257777 -11.817097664 0.556234121 0.015167537 0.830887198 131.745513916
0.838320553 -0.017810008 -0.544886589 -126.512451172 0.007629631 0.999751627 -0.020939231 -11.844334602 0.545124233 0.013396505 0.838248253 132.452346802
0.844682455 -0.018007871 -0.534964919 -126.957641602 0.008229309 0.999752641 -0.020659795 -11.875011444 0.535204709 0.013048572 0.844621658 133.181533813
0.851612687 -0.016602291 -0.523908496 -127.392242432 0.006819192 0.999764621 -0.020597242 -11.901174545 0.524127185 0.013968242 0.851525366 133.887878418
0.858302116 -0.014696004 -0.512934089 -127.824874878 0.005356371 0.999791920 -0.019681985 -11.929460526 0.513116598 0.014145624 0.858202279 134.615524292
0.864949822 -0.013546485 -0.501675427 -128.261016846 0.004650938 0.999809146 -0.018978540 -11.958473206 0.501836717 0.014082221 0.864847660 135.353347778
0.870641172 -0.014028817 -0.491718531 -128.671691895 0.005269199 0.999801874 -0.019194834 -11.989835739 0.491890460 0.014120848 0.870542586 136.097015381
0.875746429 -0.015044882 -0.482536882 -129.087005615 0.006040411 0.999777555 -0.020209160 -12.015254974 0.482733637 0.014783377 0.875642359 136.862350464
0.880218387 -0.015531621 -0.474314511 -129.502685547 0.006455744 0.999763727 -0.020757297 -12.046356201 0.474524796 0.015208903 0.880110741 137.633422852
0.883835077 -0.014988016 -0.467558533 -129.917358398 0.006232563 0.999775231 -0.020267172 -12.066938400 0.467757165 0.014998749 0.883729815 138.413711548
0.887106001 -0.012952430 -0.461383998 -130.331756592 0.005856832 0.999841511 -0.016807573 -12.097252846 0.461528659 0.012207851 0.887041330 139.193786621
0.890305340 -0.008698174 -0.455281049 -130.746887207 0.003376958 0.999916077 -0.012499797 -12.120527267 0.455351621 0.009591172 0.890260041 139.999206543
0.893774271 -0.006018588 -0.448476851 -131.168029785 0.001979836 0.999953151 -0.009473799 -12.143633842 0.448512942 0.007579527 0.893744230 140.818420410
0.896968782 -0.003379412 -0.442080945 -131.574661255 0.000100542 0.999972284 -0.007440120 -12.159352303 0.442093909 0.006629108 0.896944284 141.651062012
0.900420427 -0.002181711 -0.435015231 -131.988250732 -0.000301211 0.999984205 -0.005638636 -12.163491249 0.435020596 0.005208175 0.900405467 142.477874756
0.903733850 -0.000768527 -0.428093880 -132.396301270 -0.000586891 0.999995291 -0.003034186 -12.173048973 0.428094149 0.002993341 0.903729200 143.336883545
0.907091618 -0.000441061 -0.420933068 -132.786956787 -0.000009822 0.999999404 -0.001068982 -12.188577652 0.420933336 0.000973800 0.907091141 144.200134277
0.910837770 -0.000381315 -0.412764430 -133.199829102 0.000565739 0.999999762 0.000324598 -12.206539154 0.412764192 -0.000529173 0.910837770 145.086486816
0.914512038 -0.001359407 -0.404556513 -133.598419189 0.001515421 0.999998748 0.000065417 -12.208904266 0.404555887 -0.000672898 0.914513052 145.991333008
0.918482065 -0.003096865 -0.395450711 -133.988616943 0.003372403 0.999994218 0.000001630 -12.230313301 0.395448416 -0.001335116 0.918487251 146.898559570
0.922417521 -0.005407331 -0.386156350 -134.374084473 0.005228336 0.999985099 -0.001513744 -12.239243507 0.386158735 -0.000622651 0.922432125 147.840759277
0.927103877 -0.006053982 -0.374755800 -134.762985229 0.005130025 0.999980807 -0.003463057 -12.251038551 0.374769568 0.001288107 0.927117109 148.791748047
0.932268858 -0.004223115 -0.361741573 -135.141723633 0.002825344 0.999986351 -0.004392851 -12.264668465 0.361755222 0.003073273 0.932268083 149.757598877
0.938321590 -0.000861721 -0.345762819 -135.505523682 -0.000330830 0.999994218 -0.003390013 -12.274102211 0.345763743 0.003295311 0.938315809 150.735046387
0.945008397 0.002986754 -0.327032536 -135.850128174 -0.003231155 0.999994755 -0.000204048 -12.288884163 0.327030152 0.001249520 0.945013046 151.726013184
0.951758981 0.006448555 -0.306778729 -136.189971924 -0.006291764 0.999979079 0.001500030 -12.302301407 0.306781948 0.000502512 0.951779723 152.741882324
0.958193421 0.007768131 -0.286015749 -136.514495850 -0.007503557 0.999969780 0.002021000 -12.307864189 0.286022842 0.000209627 0.958222687 153.797531128
0.964318335 0.009597514 -0.264571548 -136.813491821 -0.009008064 0.999953508 0.003441133 -12.312361717 0.264592290 -0.000935070 0.964359939 154.853744507
0.969899297 0.010199801 -0.243292645 -137.079406738 -0.008994932 0.999941170 0.006062748 -12.318041801 0.243340179 -0.003691854 0.969933927 155.927001953
0.975075006 0.012334692 -0.221532345 -137.330078125 -0.010532761 0.999901235 0.009313503 -12.318208694 0.221625328 -0.006748018 0.975108504 157.023437500
0.979942083 0.014420859 -0.198760077 -137.563522339 -0.011948769 0.999835610 0.013631452 -12.321591377 0.198923990 -0.010983094 0.979953349 158.131164551
0.984261096 0.016810054 -0.175919533 -137.779663086 -0.014034524 0.999756873 0.017009664 -12.318427086 0.176162690 -0.014273004 0.984257579 159.263885498
0.987938344 0.018699726 -0.153714269 -137.959625244 -0.016301615 0.999725163 0.016846785 -12.318714142 0.153987050 -0.014137794 0.987971723 160.382476807
0.991088867 0.017854594 -0.132000327 -138.119491577 -0.016072972 0.999764919 0.014550364 -12.308033943 0.132229090 -0.012299065 0.991142869 161.548568726
0.993678093 0.018554319 -0.110722892 -138.265975952 -0.017166415 0.999761820 0.013475139 -12.297303200 0.110946536 -0.011489234 0.993759930 162.727020264
0.995745182 0.016619658 -0.090638615 -138.375579834 -0.015305600 0.999767840 0.015173646 -12.289392471 0.090869740 -0.013721809 0.995768189 163.920211792
0.997358561 0.017552912 -0.070483565 -138.467590332 -0.016385226 0.999719322 0.017110959 -12.289611816 0.070764124 -0.015910869 0.997366190 165.119247437
0.998576939 0.017791290 -0.050273556 -138.530273438 -0.016918881 0.999699712 0.017725876 -12.278667450 0.050573833 -0.016850080 0.998578131 166.323089600
0.999358058 0.019281592 -0.030192807 -138.571990967 -0.018746028 0.999663651 0.017921802 -12.263240814 0.030528206 -0.017344303 0.999383390 167.556533813
0.999752402 0.020331975 -0.009035958 -138.596084595 -0.020159600 0.999620497 0.018775037 -12.263325691 0.009414261 -0.018588226 0.999782920 168.809646606
0.999670625 0.022927763 0.011523454 -138.592864990 -0.023137268 0.999563217 0.018388707 -12.252350807 -0.011096810 -0.018649276 0.999764562 170.067611694
0.999206483 0.024187105 0.031642579 -138.562133789 -0.024731480 0.999550700 0.016927008 -12.247394562 -0.031218946 -0.017696144 0.999355912 171.327209473
0.998418331 0.023869667 0.050903082 -138.504653931 -0.024624849 0.999595046 0.014260409 -12.236908913 -0.050542079 -0.015491337 0.998601794 172.606674194
0.997208238 0.026177308 0.069932252 -138.423919678 -0.027061196 0.999565065 0.011721704 -12.234381676 -0.069594979 -0.013581428 0.997482896 173.890304565
0.995670199 0.026460616 0.089110337 -138.321121216 -0.027444554 0.999575078 0.009834557 -12.232709885 -0.088812232 -0.012237569 0.995973229 175.182662964
0.993775129 0.026478130 0.108211651 -138.187866211 -0.027373957 0.999602139 0.006801152 -12.237251282 -0.107988529 -0.009720996 0.994104683 176.485488892
0.991517246 0.028051673 0.126912028 -138.039398193 -0.028469898 0.999593556 0.001482319 -12.249732971 -0.126818866 -0.005082916 0.991912842 177.810241699
0.989061356 0.029688407 0.144485980 -137.854705811 -0.029248888 0.999558806 -0.005165641 -12.262895584 -0.144575596 0.000883081 0.989493370 179.130157471
0.986290455 0.031741731 0.161937043 -137.646728516 -0.030459685 0.999481976 -0.010394102 -12.279582024 -0.162183076 0.005319051 0.986746371 180.462417603
0.983193517 0.033900581 0.179391280 -137.414794922 -0.031790283 0.999387503 -0.014626207 -12.308334351 -0.179777220 0.008677490 0.983669102 181.797668457
0.979698777 0.036301300 0.197161213 -137.161590576 -0.033492170 0.999284565 -0.017564785 -12.342343330 -0.197657794 0.010604841 0.980213761 183.144943237
0.976075947 0.034975272 0.214598328 -136.877685547 -0.031998154 0.999337554 -0.017332252 -12.376716614 -0.215062380 0.010050843 0.976548612 184.508621216
0.972174644 0.034786899 0.231659904 -136.564727783 -0.031438120 0.999341190 -0.018132793 -12.416406631 -0.232138067 0.010345286 0.972627819 185.843811035
0.968127310 0.034494426 0.248071522 -136.224441528 -0.029592978 0.999286652 -0.023461191 -12.457723618 -0.248703822 0.015372248 0.968457580 187.198410034
0.963589132 0.036246184 0.264919728 -135.874298096 -0.029934412 0.999164641 -0.027825139 -12.503164291 -0.265706956 0.018881781 0.963868916 188.543716431
0.958710253 0.038324911 0.281790316 -135.494140625 -0.031714331 0.999105155 -0.027984487 -12.554357529 -0.282610714 0.017892221 0.959067822 189.908416748
0.953475654 0.040278099 0.298767000 -135.082275391 -0.033163048 0.999033511 -0.028848592 -12.600432396 -0.299640179 0.017598411 0.953889966 191.261093140
0.947576463 0.043814629 0.316511333 -134.652557373 -0.035544511 0.998860300 -0.031858418 -12.655901909 -0.317546397 0.018938048 0.948053598 192.637451172
0.941623032 0.044481233 0.333717644 -134.187911987 -0.034512982 0.998764873 -0.035743017 -12.721103668 -0.334895283 0.022138860 0.941995203 193.992385864
0.935327053 0.045566294 0.350837529 -133.692672729 -0.034255762 0.998675823 -0.038381342 -12.784111977 -0.352121890 0.023880901 0.935649395 195.350799561
0.928585351 0.046299342 0.368219584 -133.175567627 -0.032492731 0.998520017 -0.043611355 -12.861152649 -0.369693816 0.028532410 0.928715467 196.704040527
0.920701146 0.049729578 0.387086958 -132.632598877 -0.033069681 0.998222232 -0.049585454 -12.944433212 -0.388864696 0.032852542 0.920708895 198.031524658
0.911571681 0.052952491 0.407716900 -131.962814331 -0.034159224 0.997997105 -0.053242467 -13.027500153 -0.409719616 0.034607042 0.911554754 199.536956787
0.900370896 0.055963334 0.431509405 -131.394622803 -0.035787240 0.997859001 -0.054742094 -13.123648643 -0.433649093 0.033845656 0.900445938 200.776367188
