1.000000000 0.000000000 0.000000000 0.000000000 0.000000000 1.000000000 0.000000000 0.000000119 0.000000000 0.000000000 1.000000119 0.000000477
0.999996901 -0.002276067 -0.001034029 -0.011690851 0.002279141 0.999992907 0.002981727 -0.016422290 0.001027234 -0.002984074 0.999994993 1.584718108
0.999993622 -0.002848393 -0.002124926 -0.025556071 0.002856328 0.999988914 0.003740830 -0.030133218 0.002114248 -0.003746876 0.999990702 3.150532961
0.999992073 -0.001708772 -0.003574753 -0.036795944 0.001721271 0.999992430 0.003496022 -0.045069538 0.003568754 -0.003502148 0.999987483 4.715361595
0.999987423 -0.001110472 -0.004904296 -0.054163992 0.001127539 0.999993324 0.003478713 -0.062002711 0.004900400 -0.003484199 0.999981880 6.278098106
0.999981165 -0.000661187 -0.006103636 -0.073080637 0.000683232 0.999993205 0.003610383 -0.074152827 0.006101207 -0.003614485 0.999974787 7.837504387
0.999968648 -0.001253369 -0.007810221 -0.089613594 0.001284740 0.999991119 0.004012906 -0.091363207 0.007805124 -0.004022814 0.999961436 9.376507759
0.999949396 -0.003279715 -0.009513208 -0.098206468 0.003312522 0.999988675 0.003434891 -0.106695190 0.009501835 -0.003466230 0.999948859 10.932003975
0.999931455 -0.004614394 -0.010760752 -0.126100317 0.004652867 0.999982834 0.003552962 -0.121951595 0.010744173 -0.003602787 0.999935806 12.459139824
0.999916911 -0.004426794 -0.012095234 -0.146646515 0.004469850 0.999983728 0.003535016 -0.138132647 0.012079389 -0.003588786 0.999920547 13.992219925
0.999904931 -0.004011349 -0.013190441 -0.168900549 0.004058482 0.999985456 0.003548392 -0.151686311 0.013176017 -0.003601588 0.999906659 15.515263557
0.999906242 -0.001988960 -0.013546946 -0.205334455 0.002044442 0.999989629 0.004082883 -0.170323506 0.013538687 -0.004110197 0.999899924 17.030710220
0.999900401 -0.000108746 -0.014108729 -0.236778885 0.000176721 0.999988437 0.004816831 -0.183274925 0.014108043 -0.004818845 0.999888897 18.527435303
0.999893427 0.000665690 -0.014584012 -0.269720346 -0.000583255 0.999983847 0.005655951 -0.195416555 0.014587544 -0.005646843 0.999877691 20.041629791
0.999885380 0.000957020 -0.015114079 -0.296298802 -0.000875037 0.999984860 0.005429893 -0.200807691 0.015119049 -0.005416044 0.999871135 21.536319733
0.999877810 0.001409071 -0.015566637 -0.322592288 -0.001321092 0.999983132 0.005660589 -0.217329070 0.015574350 -0.005639333 0.999862731 23.067705154
0.999879897 0.002028055 -0.015367301 -0.354691416 -0.001932269 0.999978602 0.006245401 -0.231401250 0.015379638 -0.006214958 0.999862432 24.541952133
0.999874055 0.003056587 -0.015567373 -0.380782306 -0.002941437 0.999968171 0.007414415 -0.242069304 0.015589545 -0.007367691 0.999851406 26.048519135
0.999873877 0.003223149 -0.015552478 -0.406297743 -0.003125449 0.999975204 0.006302243 -0.252922177 0.015572406 -0.006252838 0.999859214 27.525823593
0.999872983 0.003571417 -0.015532109 -0.436346292 -0.003507757 0.999985397 0.004123916 -0.266797930 0.015546611 -0.004068909 0.999870837 29.022975922
0.999884665 0.001626012 -0.015102050 -0.467168510 -0.001567623 0.999991357 0.003877303 -0.280238807 0.015108229 -0.003853182 0.999878526 30.488254547
0.999890208 0.001273138 -0.014768362 -0.493954152 -0.001183833 0.999980986 0.006054158 -0.288236618 0.014775794 -0.006036010 0.999872684 31.950651169
0.999892414 -0.000764190 -0.014650413 -0.520144522 0.000880618 0.999968052 0.007942313 -0.311122775 0.014643883 -0.007954361 0.999861121 33.399639130
0.999892116 -0.001508624 -0.014613559 -0.538173199 0.001614502 0.999972463 0.007236145 -0.319963157 0.014602246 -0.007258956 0.999867082 34.826114655
0.999902368 -0.001412817 -0.013906147 -0.573241115 0.001487952 0.999984384 0.005394183 -0.334105045 0.013898307 -0.005414348 0.999888778 36.249481201
0.999906003 -0.000634784 -0.013700559 -0.591082454 0.000695151 0.999990165 0.004401897 -0.342273265 0.013697626 -0.004411007 0.999896526 37.650459290
0.999920011 0.000139047 -0.012645622 -0.619990468 -0.000090606 0.999992669 0.003831098 -0.368321002 0.012646063 -0.003829647 0.999912679 39.039382935
0.999932647 0.001278689 -0.011533557 -0.639470339 -0.001224279 0.999988079 0.004723348 -0.378783941 0.011539461 -0.004708910 0.999922335 40.408126831
0.999952972 0.001027238 -0.009636899 -0.670291305 -0.000959628 0.999974847 0.007017733 -0.401712537 0.009643867 -0.007008156 0.999929011 41.769428253
0.999967754 0.000276346 -0.008027373 -0.677234948 -0.000210514 0.999966323 0.008200676 -0.414358765 0.008029371 -0.008198724 0.999934196 43.108978271
0.999983490 0.001012465 -0.005687547 -0.702735782 -0.000963952 0.999963164 0.008526063 -0.427072644 0.005695970 -0.008520436 0.999947548 44.424079895
0.999996662 0.000835270 -0.002488077 -0.709780276 -0.000816161 0.999970257 0.007671490 -0.435765505 0.002494412 -0.007669434 0.999967575 45.712860107
0.999998927 0.000219539 0.001466090 -0.715801835 -0.000228539 0.999981105 0.006141560 -0.451847076 -0.001464713 -0.006141888 0.999980092 47.002525330
0.999988019 0.000615936 0.004860280 -0.721376657 -0.000636971 0.999990404 0.004327623 -0.461777329 -0.004857567 -0.004330667 0.999978840 48.255123138
0.999958098 0.000545350 0.009130464 -0.717479885 -0.000591739 0.999986947 0.005078730 -0.481858343 -0.009127577 -0.005083922 0.999945402 49.519733429
0.999896169 0.001032442 0.014373363 -0.702971756 -0.001098594 0.999988914 0.004595255 -0.491360396 -0.014368461 -0.004610569 0.999886155 50.754936218
0.999769092 0.003198300 0.021250337 -0.690490603 -0.003280123 0.999987364 0.003816678 -0.505969644 -0.021237865 -0.003885500 0.999766827 51.974891663
0.999581754 0.004300110 0.028594892 -0.660906672 -0.004411732 0.999982953 0.003841599 -0.518796325 -0.028577888 -0.003966146 0.999583662 53.217453003
0.999308288 0.005089742 0.036835153 -0.619773149 -0.005269409 0.999974787 0.004782177 -0.530242622 -0.036809877 -0.004972969 0.999309897 54.420284271
0.998860478 0.007284162 0.047168463 -0.571733236 -0.007547475 0.999956906 0.005406703 -0.547653973 -0.047127046 -0.005756545 0.998872340 55.626422882
0.998150885 0.009568600 0.060028039 -0.509918690 -0.009923397 0.999935031 0.005615175 -0.560815454 -0.059970409 -0.006200474 0.998180985 56.788810730
0.997082174 0.011831609 0.075413376 -0.447713852 -0.012307251 0.999907136 0.005845527 -0.571410418 -0.075337224 -0.006756602 0.997135162 57.958652496
0.995701075 0.013801711 0.091591708 -0.352569580 -0.014521423 0.999868631 0.007196052 -0.583035946 -0.091480359 -0.008495158 0.995770514 59.099716187
0.993881524 0.014317259 0.109520003 -0.242683887 -0.015282901 0.999851286 0.007982656 -0.595174372 -0.109389439 -0.009607595 0.993952513 60.217556000
0.991612017 0.013769276 0.128515124 -0.102553844 -0.014813345 0.999864459 0.007171768 -0.603511572 -0.128398955 -0.009015348 0.991681635 61.324771881
0.988782585 0.013130945 0.148783237 0.052312851 -0.014184698 0.999881268 0.006023515 -0.610948086 -0.148686484 -0.008066391 0.988851488 62.417770386
0.985461473 0.010539305 0.169571221 0.232105255 -0.011688299 0.999915063 0.005779065 -0.619920313 -0.169495896 -0.007677047 0.985500991 63.483375549
0.981504679 0.005402398 0.191361859 0.443630219 -0.007043230 0.999944031 0.007895340 -0.630342722 -0.191308498 -0.009097120 0.981487811 64.560890198
0.976635277 0.000110723 0.214903563 0.666505814 -0.002146917 0.999954998 0.009241520 -0.639745474 -0.214892849 -0.009486976 0.976591587 65.607330322
0.971224964 -0.005122697 0.238108739 0.931164742 0.003137831 0.999957025 0.008714248 -0.650463343 -0.238143176 -0.007716350 0.971199393 66.637825012
0.964674354 -0.011249090 0.263204873 1.211677551 0.009733673 0.999927640 0.007060854 -0.661161304 -0.263265252 -0.004249473 0.964714170 67.646415710
0.957149923 -0.014634332 0.289222777 1.514595032 0.012960836 0.999886274 0.007700656 -0.669616461 -0.289302617 -0.003622112 0.957230926 68.631370544
0.948389530 -0.016872318 0.316658616 1.833324432 0.014485762 0.999846101 0.009889455 -0.673634291 -0.316776752 -0.004792014 0.948487997 69.601867676
0.938736796 -0.021257218 0.343978882 2.188924789 0.018029774 0.999758363 0.012578889 -0.679961145 -0.344163030 -0.005606405 0.938893139 70.546661377
0.927765012 -0.024278922 0.372374326 2.561414719 0.021248419 0.999699295 0.012240579 -0.685827196 -0.372559607 -0.003444013 0.928001940 71.468589783
0.915644169 -0.023154464 0.401322424 2.956193924 0.021483665 0.999731660 0.008663503 -0.690163672 -0.401415437 0.000689191 0.915895939 72.367095947
0.902637780 -0.024864484 0.429682106 3.387485504 0.026107956 0.999654591 0.003001920 -0.697468281 -0.429608405 0.008508474 0.902975261 73.247993469
0.888405263 -0.026555467 0.458291203 3.839845657 0.029628333 0.999560773 0.000484061 -0.702107847 -0.458102793 0.013148362 0.888802052 74.110084534
0.872621775 -0.027194683 0.487639189 4.312664032 0.029070603 0.999570370 0.003722763 -0.714402437 -0.487530947 0.010927400 0.873037398 74.956512451
0.854862213 -0.026194800 0.518193483 4.815589905 0.024914244 0.999644995 0.009431340 -0.721417010 -0.518256605 0.004847901 0.855211437 75.795700073
0.835126400 -0.026128633 0.549437165 5.338308334 0.022862585 0.999656796 0.012788575 -0.727658153 -0.549582779 0.001881480 0.835437238 76.605949402
0.813902736 -0.019753763 0.580665112 5.886936188 0.018830743 0.999793649 0.007617636 -0.727768779 -0.580695808 0.004734342 0.814106882 77.380798340
0.791858137 -0.012970923 0.610567212 6.461280823 0.015933797 0.999872863 0.000576462 -0.734107137 -0.610497177 0.009272182 0.791964173 78.145950317
0.769252956 -0.010326587 0.638860881 7.052124023 0.014723859 0.999890387 -0.001566723 -0.739397645 -0.638774753 0.010611706 0.769320726 78.860801697
0.746039629 -0.012970146 0.665775239 7.688251495 0.015951255 0.999871433 0.001604463 -0.752600074 -0.665710509 0.009422957 0.746150672 79.576271057
0.721748531 -0.013256916 0.692028344 8.339714050 0.016425710 0.999862969 0.002022846 -0.762135625 -0.691960514 0.009907071 0.721867502 80.238876343
0.696079195 -0.011414280 0.717874229 9.003345490 0.016960554 0.999855995 -0.000547802 -0.781406641 -0.717764616 0.012556863 0.696172595 80.888656616
0.669863939 -0.008835237 0.742431343 9.690719604 0.016910911 0.999851406 -0.003359352 -0.786763072 -0.742291272 0.014805502 0.669913828 81.502616882
0.643015742 -0.006418706 0.765826106 10.397666931 0.015260953 0.999873698 -0.004433301 -0.796302557 -0.765700936 0.014537917 0.643032610 82.088775635
0.614736617 -0.004806560 0.788717806 11.127479553 0.015006509 0.999871671 -0.005602901 -0.814156771 -0.788589716 0.015280207 0.614729881 82.677810669
0.586223364 0.001472024 0.810148180 11.868824005 0.013698639 0.999837339 -0.011729021 -0.835788846 -0.810033798 0.017973751 0.586107790 83.206405640
0.555775225 0.011074851 0.831258774 12.643939972 0.012349452 0.999691069 -0.021575646 -0.853261173 -0.831240892 0.022256803 0.555466712 83.744132996
0.525003076 0.019823961 0.850869417 13.434642792 0.011171148 0.999482095 -0.030179225 -0.872445524 -0.851027131 0.025349375 0.524509668 84.233932495
0.492812842 0.024388414 0.869793475 14.236072540 0.008632251 0.999420881 -0.032913998 -0.910456359 -0.870092571 0.023728713 0.492316931 84.703300476
0.460897774 0.023848511 0.887132764 15.087093353 0.007198501 0.999505460 -0.030609282 -0.941271663 -0.887424052 0.020493776 0.460498303 85.137062073
0.427204162 0.022675198 0.903870821 15.931892395 0.002314839 0.999654770 -0.026172191 -0.977495670 -0.904152155 0.013273183 0.427004248 85.554191589
0.392775595 0.024030283 0.919320345 16.798723221 -0.001711565 0.999675989 -0.025399454 -1.006915092 -0.919632733 0.008402810 0.392689466 85.932006836
0.357571006 0.026898148 0.933498561 17.693080902 -0.008857325 0.999637783 -0.025411161 -1.044477940 -0.933843970 0.000817995 0.357679725 86.299354553
0.321429223 0.028886963 0.946492910 18.591068268 -0.013563929 0.999572515 -0.025900632 -1.070227146 -0.946836531 -0.004512944 0.321683586 86.616279602
0.285465449 0.028176447 0.957974672 19.531892776 -0.016258676 0.999566257 -0.024554862 -1.104494095 -0.958251119 -0.008565837 0.285799712 86.910942078
0.248875633 0.027727149 0.968138456 20.464221954 -0.016841201 0.999562860 -0.024297833 -1.133615494 -0.968389153 -0.010257477 0.249233752 87.157402039
0.212932199 0.027354572 0.976683974 21.429183960 -0.015954904 0.999572039 -0.024517199 -1.162157059 -0.976936817 -0.010362399 0.213277519 87.367225647
0.178206772 0.026333904 0.983640611 22.417125702 -0.013494070 0.999613225 -0.024316791 -1.183915377 -0.983900547 -0.008939897 0.178493232 87.536766052
0.143820763 0.025373163 0.989278436 23.395195007 -0.005376456 0.999676466 -0.024858231 -1.217248082 -0.989589155 -0.001743683 0.143910676 87.662765503
0.110518895 0.028451867 0.993466735 24.365032196 -0.002496033 0.999594867 -0.028349701 -1.256566048 -0.993870974 0.000653450 0.110545136 87.762580872
0.077474497 0.033305097 0.996437967 25.335353851 -0.001998320 0.999444962 -0.033250242 -1.294549227 -0.996992350 0.000584844 0.077498049 87.840072632
0.048609588 0.037746713 0.998104334 26.339717865 0.005451703 0.999260724 -0.038055956 -1.324426651 -0.998802960 0.007291253 0.048367880 87.889221191
0.023139369 0.036112301 0.999079823 27.334434509 0.007375285 0.999314010 -0.036291584 -1.363045335 -0.999705076 0.008208263 0.022857159 87.903610229
0.001146080 0.033230092 0.999447107 28.357061386 0.008706404 0.999409497 -0.033238828 -1.403211355 -0.999961495 0.008739685 0.000856089 87.898239136
-0.017721118 0.030644197 0.999373257 29.363653183 0.008813011 0.999496222 -0.030491691 -1.444338083 -0.999804199 0.008267141 -0.017982258 87.874664307
-0.034271888 0.033750501 0.998842537 30.370248795 0.010728709 0.999384463 -0.033400685 -1.488455057 -0.999355018 0.009571585 -0.034612894 87.844810486
-0.048772946 0.038210906 0.998078704 31.377178192 0.013988497 0.999196053 -0.037570108 -1.525562167 -0.998712003 0.012129217 -0.049268246 87.785072327
-0.060808569 0.043469127 0.997202516 32.391201019 0.017757513 0.998940170 -0.042462051 -1.572868347 -0.997991502 0.015125777 -0.061516035 87.725631714
-0.069684371 0.047116868 0.996455729 33.395553589 0.023047416 0.998693347 -0.045610923 -1.621980429 -0.997302830 0.019787362 -0.070679247 87.648902893
-0.075151511 0.052222867 0.995803654 34.415565491 0.027515590 0.998355985 -0.050280161 -1.682582140 -0.996792436 0.023621498 -0.076464921 87.561553955
-0.078858465 0.056789253 0.995266914 35.428909302 0.029652176 0.998067915 -0.054599624 -1.741174698 -0.996444821 0.025206191 -0.080390036 87.477279663
-0.081580572 0.060924590 0.994802892 36.456352234 0.031223411 0.997796237 -0.058547389 -1.807675123 -0.996177554 0.026284808 -0.083303072 87.394348145
-0.084005117 0.063809432 0.994420171 37.474403381 0.031533923 0.997618079 -0.061350759 -1.873920202 -0.995966256 0.026204199 -0.085817195 87.303588867
-0.086563028 0.067096226 0.993984401 38.506420135 0.032759715 0.997381687 -0.064472593 -1.953871608 -0.995707631 0.026981700 -0.088534407 87.208374023
-0.088386826 0.071092613 0.993546069 39.532043457 0.033751503 0.997090876 -0.068343669 -2.023599863 -0.995514214 0.027492987 -0.090529174 87.108314514
-0.090467095 0.072264902 0.993274212 40.567760468 0.036591917 0.996931612 -0.069198221 -2.103395700 -0.995227039 0.030085644 -0.092833824 87.010009766
-0.092043854 0.070922323 0.993226111 41.614021301 0.036787480 0.997021556 -0.067784198 -2.180302858 -0.995075285 0.030299162 -0.094378769 86.899040222
-0.095001921 0.070550293 0.992973983 42.653781891 0.036066536 0.997074604 -0.067390978 -2.259578943 -0.994823515 0.029410858 -0.097268507 86.819839478
-0.096676074 0.071827196 0.992720783 43.690643311 0.036215462 0.996986151 -0.068608955 -2.336690187 -0.994656861 0.029318996 -0.098985948 86.700950623
-0.099066287 0.074356221 0.992298841 44.753288269 0.034939732 0.996849239 -0.071208991 -2.411984921 -0.994467258 0.027616244 -0.101352140 86.597099304
-0.101897925 0.076613881 0.991840243 45.800472260 0.033114582 0.996738613 -0.073590182 -2.490931034 -0.994243622 0.025345692 -0.104102641 86.495971680
-0.104321368 0.080022670 0.991319120 46.870048523 0.030761143 0.996540487 -0.077207014 -2.577043533 -0.994067729 0.022439763 -0.106422059 86.382339478
-0.106774859 0.084201530 0.990711451 47.932567596 0.027346577 0.996279538 -0.081727445 -2.662709475 -0.993907094 0.018366134 -0.108680248 86.273353577
-0.108899474 0.086543672 0.990278363 48.985477448 0.025276801 0.996121883 -0.084274724 -2.758955002 -0.993731320 0.015853597 -0.110664710 86.150527954
-0.111609787 0.084817976 0.990125895 50.038429260 0.023566430 0.996296644 -0.082690112 -2.853712559 -0.993472576 0.014104712 -0.113195330 86.032043457
-0.114558846 0.080810815 0.990124226 51.118507385 0.020801218 0.996662438 -0.078937724 -2.945999146 -0.993198693 0.011552774 -0.115857467 85.911544800
-0.116860755 0.079262242 0.989980400 52.180488586 0.020872898 0.996785998 -0.077343225 -3.034839630 -0.992928922 0.011625371 -0.118139602 85.784019470
-0.119071968 0.079723828 0.989679754 53.256000519 0.019978534 0.996761739 -0.077890612 -3.121620655 -0.992684603 0.010497763 -0.120279133 85.668327332
-0.120277733 0.082326181 0.989320815 54.323135376 0.021733496 0.996535122 -0.080284230 -3.212671757 -0.992502391 0.011844997 -0.121650212 85.535102844
-0.120848872 0.085256241 0.989003003 55.393352509 0.022060070 0.996289670 -0.083188795 -3.299219131 -0.992425740 0.011764204 -0.122281231 85.402015686
-0.121080801 0.085961573 0.988913596 56.512252808 0.020851066 0.996243715 -0.084045775 -3.399182796 -0.992423654 0.010443571 -0.122418359 85.266517639
-0.120866768 0.084911481 0.989030480 57.602188110 0.017756213 0.996360362 -0.083370835 -3.492973804 -0.992509961 0.007484672 -0.121934555 85.135154724
-0.120732464 0.083935320 0.989130080 58.699851990 0.014362262 0.996462345 -0.082804464 -3.597316742 -0.992581189 0.004208961 -0.121510856 85.004577637
-0.121271580 0.085086428 0.988965809 59.789806366 0.010272596 0.996373594 -0.084464073 -3.693311214 -0.992566347 -0.000083843 -0.121705852 84.884246826
-0.121033907 0.085396066 0.988968253 60.902050018 0.006106333 0.996337891 -0.085285112 -3.789291382 -0.992629528 -0.004283421 -0.121112131 84.746109009
-0.121563368 0.084725417 0.988961041 62.004554749 0.002761689 0.996375322 -0.085021153 -3.888251781 -0.992579758 -0.007604253 -0.121356755 84.618057251
-0.121949777 0.079693139 0.989331663 63.116687775 0.003217822 0.996797860 -0.079897910 -3.985776901 -0.992531121 -0.006560040 -0.121815726 84.487030029
-0.121793255 0.070852362 0.990023315 64.266822815 0.007023611 0.997485459 -0.070522331 -4.083593369 -0.992530704 -0.001635608 -0.121984653 84.339759827
-0.121222466 0.065811381 0.990441203 65.393157959 0.012638711 0.997821152 -0.064754866 -4.166464329 -0.992545068 0.004668158 -0.121790104 84.186935425
-0.120784372 0.068257891 0.990329266 66.522109985 0.020531097 0.997591555 -0.066254385 -4.245255470 -0.992466390 0.012330052 -0.121894881 84.043441772
-0.119284503 0.073898599 0.990106165 67.643821716 0.026172861 0.997113705 -0.071268395 -4.325880051 -0.992515087 0.017412694 -0.120874345 83.892990112
-0.118265882 0.079621695 0.989784658 68.780158997 0.029855983 0.996614516 -0.076603703 -4.413909435 -0.992533028 0.020491386 -0.120242693 83.747360229
-0.117874779 0.083894245 0.989478409 69.917495728 0.030158464 0.996267676 -0.080877163 -4.503765106 -0.992570400 0.020307770 -0.119964950 83.609428406
-0.117520541 0.080951594 0.989765525 71.050415039 0.027618950 0.996552944 -0.078227371 -4.605619431 -0.992686391 0.018142963 -0.119351231 83.477096558
-0.117135577 0.076552734 0.990161180 72.194381714 0.026979703 0.996902049 -0.073882215 -4.698118210 -0.992749453 0.018060014 -0.118838064 83.344093323
-0.116794854 0.073946156 0.990399361 73.341072083 0.024720147 0.997131944 -0.071533650 -4.795328140 -0.992848456 0.016128052 -0.118287824 83.208778381
-0.116694614 0.075075038 0.990326285 74.505935669 0.023019765 0.997075438 -0.072874181 -4.879771233 -0.992901027 0.014293055 -0.118081547 83.073760986
-0.116045460 0.080128379 0.990006506 75.654914856 0.024197854 0.996672928 -0.077831551 -4.972110271 -0.992949069 0.014924038 -0.117598288 82.932968140
-0.116077587 0.082951240 0.989770174 76.815582275 0.023149237 0.996461749 -0.080797143 -5.066311836 -0.992970407 0.013533686 -0.117587134 82.808891296
-0.115420654 0.081365511 0.989978611 77.987510681 0.023440609 0.996585131 -0.079175562 -5.169192314 -0.993040085 0.014067208 -0.116933770 82.666152954
-0.114885062 0.075298950 0.990520835 79.168205261 0.024635676 0.997032285 -0.072936580 -5.253540993 -0.993073404 0.016022824 -0.116399147 82.529586792
-0.115298033 0.073747724 0.990589559 80.342071533 0.023836199 0.997158408 -0.071462393 -5.345333099 -0.993044972 0.015372418 -0.116728269 82.397506714
-0.115048602 0.076865159 0.990381479 81.530593872 0.021461746 0.996961355 -0.074882701 -5.433958530 -0.993128061 0.012640165 -0.116348661 82.265830994
-0.114791550 0.080309212 0.990138054 82.716423035 0.021060599 0.996699512 -0.078399755 -5.522986412 -0.993166387 0.011853271 -0.116104044 82.126342773
-0.115027517 0.079429604 0.990181565 83.907562256 0.019886626 0.996782422 -0.077648908 -5.622719765 -0.993163288 0.010759609 -0.116236977 82.000846863
-0.114383556 0.076174207 0.990512013 85.124526978 0.019893486 0.997031629 -0.074378334 -5.718084812 -0.993237495 0.011197079 -0.115559414 81.855545044
-0.113559917 0.075180955 0.990682542 86.334449768 0.020857753 0.997093558 -0.073276602 -5.811432362 -0.993312180 0.012342132 -0.114797965 81.711235046
-0.112011410 0.075542383 0.990831316 87.540176392 0.021640036 0.997055173 -0.073570542 -5.908983707 -0.993471265 0.013200887 -0.113316290 81.567436218
-0.110978648 0.076041095 0.990909517 88.751480103 0.024439579 0.996975780 -0.073769473 -6.004478931 -0.993522286 0.016030574 -0.112501450 81.426475525
-0.109721869 0.075191133 0.991114199 89.965736389 0.024275545 0.997039914 -0.072953254 -6.097278595 -0.993665874 0.016055273 -0.111222401 81.285720825
-0.108567357 0.075977795 0.991181374 91.173843384 0.024771638 0.996972144 -0.073708363 -6.194060326 -0.993780375 0.016550867 -0.110120721 81.159393311
-0.107234232 0.074140660 0.991465509 92.396263123 0.025313625 0.997096002 -0.071823843 -6.290266037 -0.993911505 0.017395610 -0.108799607 81.025436401
-0.106056139 0.073230594 0.991659820 93.631088257 0.023576986 0.997189343 -0.071117401 -6.385778427 -0.994080603 0.015837913 -0.107484601 80.896362305
-0.105191357 0.072365344 0.991815507 94.863220215 0.024454312 0.997235417 -0.070167206 -6.482213497 -0.994151473 0.016873183 -0.106670216 80.778518677
-0.104117632 0.073197745 0.991867661 96.098281860 0.022318128 0.997208834 -0.071249165 -6.575084686 -0.994314611 0.014718343 -0.105460666 80.656806946
-0.101857096 0.075899191 0.991899371 97.356086731 0.022842420 0.997000754 -0.073943876 -6.673810959 -0.994536757 0.015125671 -0.103285335 80.520385742
-0.100640185 0.074920401 0.992098033 98.609008789 0.020562503 0.997104406 -0.073212564 -6.767171860 -0.994710445 0.013031888 -0.101889327 80.394264221
-0.100251891 0.073321968 0.992256701 99.863006592 0.017000310 0.997261584 -0.071974196 -6.869056225 -0.994816780 0.009653125 -0.101223871 80.272712708
-0.099816941 0.074349351 0.992224097 101.125617981 0.014402024 0.997207820 -0.073273942 -6.966418266 -0.994901538 0.006976053 -0.100609012 80.141189575
-0.100416414 0.073602878 0.992219329 102.390350342 0.011513605 0.997279227 -0.072812989 -7.063252449 -0.994878829 0.004112403 -0.100990616 80.023498535
-0.101223789 0.070970498 0.992329061 103.667884827 0.009275897 0.997476280 -0.070392430 -7.166370392 -0.994820476 0.002079355 -0.101626664 79.896560669
-0.102460220 0.069602773 0.992299020 104.945137024 0.007670970 0.997574627 -0.069180749 -7.265102386 -0.994707465 0.000523620 -0.102745645 79.769195557
-0.104127198 0.068728626 0.992186487 106.221611023 0.005151798 0.997633398 -0.068565257 -7.358940125 -0.994550645 -0.002027964 -0.104234852 79.647560120
-0.106124759 0.069605716 0.991913497 107.492553711 0.005179523 0.997572184 -0.069448620 -7.448020935 -0.994339347 -0.002232579 -0.106227614 79.523101807
-0.107992500 0.067650646 0.991847277 108.775665283 0.004675708 0.997705579 -0.067541145 -7.551986217 -0.994140685 -0.002656349 -0.108061031 79.378417969
-0.111102618 0.062711947 0.991828322 110.042144775 0.002401157 0.998021126 -0.062834546 -7.644991398 -0.993805945 -0.004599547 -0.111033328 79.242408752
-0.115393952 0.062512733 0.991350830 111.310127258 0.001714375 0.998028696 -0.062734291 -7.740192890 -0.993318319 -0.005539611 -0.115273647 79.103683472
-0.121278346 0.068733782 0.990236044 112.559600830 -0.003586477 0.997562766 -0.069681607 -7.827019691 -0.992612123 -0.012002329 -0.120736264 78.967018127
-0.127706215 0.071728259 0.989214957 113.830062866 -0.002637670 0.997353315 -0.072658896 -7.923277378 -0.991808593 -0.011888217 -0.127179056 78.797477722
-0.137185633 0.067795821 0.988222539 115.091705322 -0.000746363 0.997647643 -0.068546034 -8.022158623 -0.990545213 -0.010141105 -0.136812359 78.627098083
-0.147719190 0.065408342 0.986864090 116.332923889 0.001305603 0.997822821 -0.065939248 -8.123687744 -0.989028513 -0.008452038 -0.147482932 78.453186035
-0.160572469 0.066473074 0.984783113 117.567047119 0.001841134 0.997748017 -0.067048028 -8.215939522 -0.987022400 -0.008952945 -0.160333216 78.252548218
-0.174622029 0.066784672 0.982367992 118.800056458 0.004104190 0.997737825 -0.067100011 -8.311135292 -0.984626949 -0.007685319 -0.174501091 78.041503906
-0.189399824 0.064275086 0.979793966 120.030502319 0.004863276 0.997904360 -0.064523041 -8.408459663 -0.981888056 -0.007455644 -0.189315498 77.811447144
-0.204559281 0.066962823 0.976561010 121.242462158 0.008770395 0.997742712 -0.066578113 -8.502513885 -0.978814900 -0.005054348 -0.204684824 77.563095093
-0.219959512 0.070202589 0.972979724 122.440658569 0.008974248 0.997510552 -0.069943771 -8.597076416 -0.975467682 -0.006653038 -0.220041960 77.304565430
-0.234613121 0.073917702 0.969274461 123.645973206 0.009308261 0.997229993 -0.073796540 -8.702037811 -0.972044230 -0.008291373 -0.234651253 77.008163452
-0.250748992 0.072271012 0.965350688 124.839363098 0.005475310 0.997299194 -0.073240645 -8.790936470 -0.968036652 -0.013079423 -0.250467509 76.707717896
-0.266362727 0.066496857 0.961576343 126.039299011 0.000791621 0.997632146 -0.068770960 -8.897498131 -0.963872552 -0.017556816 -0.265784681 76.384536743
-0.282105386 0.062428195 0.957350135 127.219055176 -0.003016999 0.997817934 -0.065956108 -8.991888046 -0.959378719 -0.021494895 -0.281301439 76.049148560
-0.297193676 0.063697800 0.952690065 128.400711060 -0.004990201 0.997655034 -0.068260901 -9.083074570 -0.954804242 -0.025040822 -0.296178937 75.698562622
-0.311748415 0.065740682 0.947887719 129.560592651 -0.005240542 0.997469485 -0.070902951 -9.170895576 -0.950150311 -0.027071334 -0.310614973 75.327514648
-0.325489223 0.067950942 0.943101048 130.718063354 -0.003092850 0.997332633 -0.072925791 -9.272871971 -0.945540726 -0.026653431 -0.324410886 74.937759399
-0.339734465 0.067906193 0.938066721 131.864227295 -0.001228599 0.997357309 -0.072643138 -9.367152214 -0.940520704 -0.025831889 -0.338753253 74.528854370
-0.353516847 0.065604605 0.933124781 133.004425049 -0.001519874 0.997496068 -0.070706114 -9.473722458 -0.935426950 -0.026414039 -0.352531970 74.103454590
-0.367976725 0.064395592 0.927602470 134.138000488 -0.001660648 0.997552037 -0.069910362 -9.567882538 -0.929833531 -0.027265809 -0.366968989 73.660781860
-0.383159995 0.065322831 0.921369314 135.239303589 -0.003379874 0.997390449 -0.072118111 -9.671455383 -0.923675835 -0.030746890 -0.381939381 73.224571228
-0.398329735 0.067565940 0.914750397 136.346588135 -0.002520883 0.997198939 -0.074753523 -9.764286041 -0.917238891 -0.032082539 -0.397043645 72.757255554
-0.412238568 0.069279172 0.908438087 137.450805664 -0.001204725 0.997062385 -0.076584533 -9.866043091 -0.911075175 -0.032665513 -0.410944134 72.251373291
-0.427016467 0.071719728 0.901395202 138.550048828 0.001453884 0.996902883 -0.078630082 -9.970661163 -0.904242754 -0.032265808 -0.425798148 71.740043640
-0.441829294 0.074845508 0.893971503 139.638031006 0.001217784 0.996562719 -0.082832836 -10.075471878 -0.897098303 -0.035509322 -0.440401793 71.213371277
-0.456921577 0.077361748 0.886136532 140.726623535 0.002185352 0.996305466 -0.085852921 -10.175942421 -0.889504373 -0.037291534 -0.455402583 70.657485962
-0.472262621 0.074395746 0.878312767 141.819641113 0.000869108 0.996470749 -0.083936758 -10.289491653 -0.881457508 -0.038876858 -0.470660537 70.088836670
-0.488238811 0.070196584 0.869882345 142.896682739 -0.001489673 0.996691465 -0.081265755 -10.397149086 -0.872708797 -0.040972944 -0.486518860 69.495056152
-0.504517555 0.069514528 0.860598505 143.982940674 -0.003107553 0.996600986 -0.082321852 -10.511418343 -0.863395870 -0.044207186 -0.502586603 68.884979248
-0.520465374 0.068869092 0.851100922 145.044311523 -0.004265178 0.996520102 -0.083244301 -10.615253448 -0.853872120 -0.046955887 -0.518360555 68.249496460
-0.536545813 0.067618564 0.841157675 146.106018066 -0.004941410 0.996515751 -0.083259344 -10.724473953 -0.843856752 -0.048828959 -0.534342110 67.596969604
-0.552120388 0.066771396 0.831086516 147.153045654 -0.006357554 0.996421993 -0.084278375 -10.837007523 -0.833740234 -0.051815484 -0.549720287 66.914710999
-0.567446768 0.066632301 0.820709705 148.194091797 -0.006209387 0.996345818 -0.085185185 -10.943454742 -0.823386729 -0.053434163 -0.564959407 66.209823608
-0.582739532 0.064180784 0.810120702 149.225433350 -0.006536930 0.996474028 -0.083646573 -11.049448013 -0.812632740 -0.054039866 -0.580265224 65.479949951
-0.597636282 0.060583308 0.799475133 150.234558105 -0.006339354 0.996752858 -0.080271684 -11.162976265 -0.801742256 -0.053041413 -0.595311642 64.738914490
-0.612425685 0.059024185 0.788321495 151.235168457 -0.005584309 0.996860802 -0.078976490 -11.268181801 -0.790508509 -0.052769456 -0.610173523 63.972774506
-0.627338290 0.056955542 0.776661336 152.237091064 -0.006724310 0.996888518 -0.078537121 -11.378553391 -0.778717875 -0.054491855 -0.625003397 63.188266754
-0.642238319 0.057819441 0.764321089 153.219284058 -0.008005949 0.996590495 -0.082117327 -11.489043236 -0.766463280 -0.058858022 -0.639585614 62.384315491
-0.657716215 0.057252675 0.751086831 154.185241699 -0.010243637 0.996335328 -0.084917314 -11.593803406 -0.753196061 -0.063545354 -0.654719472 61.565113068
-0.673565984 0.054014530 0.737150848 155.145172119 -0.012112954 0.996385515 -0.084078021 -11.707164764 -0.739027858 -0.065561168 -0.670477152 60.716053009
-0.689824045 0.046582744 0.722476780 156.094100952 -0.015451297 0.996753395 -0.079020083 -11.820457458 -0.723812163 -0.065673165 -0.686864674 59.837497711
-0.706704080 0.044312645 0.706120074 157.023101807 -0.016034929 0.996777117 -0.078601040 -11.927326202 -0.707327485 -0.066870265 -0.703716099 58.938869476
-0.724282801 0.041689981 0.688241541 157.929275513 -0.017691083 0.996718168 -0.078993343 -12.031764984 -0.689276040 -0.069389246 -0.721168220 58.019340515
-0.741590142 0.037652005 0.669795811 158.822448730 -0.021158297 0.996614218 -0.079450063 -12.144937515 -0.670519531 -0.073091112 -0.738282681 57.071487427
-0.758493602 0.035718963 0.650700927 159.689468384 -0.020914286 0.996648192 -0.079087935 -12.250457764 -0.651344836 -0.073596641 -0.755204201 56.100990295
-0.774482667 0.037235361 0.631498158 160.516967773 -0.019180609 0.996424973 -0.082276203 -12.367069244 -0.632304251 -0.075834028 -0.770999670 55.116287231
-0.789814472 0.037013710 0.612227976 161.325988770 -0.015548895 0.996648312 -0.080313854 -12.478786469 -0.613148749 -0.072952524 -0.786591828 54.097557068
-0.804315746 0.038242444 0.592970014 162.117233276 -0.011486809 0.996739626 -0.079863682 -12.595686913 -0.594090879 -0.071046963 -0.801254153 53.047214508
-0.818543971 0.038987994 0.573119223 162.875106812 -0.010180384 0.996552885 -0.082333118 -12.709813118 -0.574353635 -0.073227860 -0.815325499 51.983375549
-0.832502127 0.040058274 0.552571774 163.608123779 -0.009420084 0.996214867 -0.086412109 -12.827211380 -0.553941727 -0.077143557 -0.828973711 50.913616180
-0.845483840 0.040905893 0.532431841 164.317962646 -0.006481838 0.996202111 -0.086829573 -12.941500664 -0.533961594 -0.076864131 -0.842007697 49.825996399
-0.857131243 0.039379332 0.513590395 164.992599487 -0.005032845 0.996385574 -0.084796742 -13.056879044 -0.515073359 -0.075266764 -0.853835106 48.716190338
-0.867704093 0.040863391 0.495399028 165.648956299 -0.002210849 0.996288240 -0.086052001 -13.178287506 -0.497076541 -0.075762905 -0.864392817 47.604698181
-0.877158880 0.043917220 0.478187770 166.273895264 0.000885192 0.995955348 -0.089845762 -13.296148300 -0.480199307 -0.078385726 -0.873650014 46.468994141
-0.886183441 0.041725840 0.461451888 166.883972168 -0.000743133 0.995807469 -0.091470994 -13.419239998 -0.463334024 -0.081403002 -0.882437050 45.324131012
-0.894232452 0.039079718 0.445893735 167.470306396 -0.001768455 0.995865107 -0.090827771 -13.543005943 -0.447599500 -0.082009688 -0.890465617 44.162761688
-0.901522219 0.037183758 0.431132317 168.043548584 -0.002474930 0.995842040 -0.091063350 -13.671184540 -0.432725787 -0.083162658 -0.897681594 42.997062683
-0.908021152 0.035449218 0.417421848 168.587600708 -0.002833187 0.995870888 -0.090736620 -13.793067932 -0.418914825 -0.083573386 -0.904171348 41.822052002
-0.914316595 0.032519635 0.403692454 169.132156372 -0.004248199 0.995946109 -0.089850582 -13.920656204 -0.404977888 -0.083866850 -0.910471976 40.630268097
-0.920137942 0.027356405 0.390637606 169.654571533 -0.006857170 0.996278346 -0.085921422 -14.047654152 -0.391534209 -0.081738241 -0.916525960 39.442268372
-0.925268352 0.024126578 0.378545105 170.158950806 -0.007819906 0.996549666 -0.082629107 -14.166213036 -0.379232526 -0.079414286 -0.921887219 38.259231567
-0.929670930 0.024029912 0.367606491 170.666397095 -0.005714732 0.996809542 -0.079612464 -14.279657364 -0.368346810 -0.076114163 -0.926567554 37.028480530
-0.932889640 0.028368950 0.359043658 171.139694214 -0.001026946 0.996679544 -0.081418447 -14.392784119 -0.360161215 -0.076323129 -0.929762840 35.810127258
-0.935037255 0.033438578 0.352969170 171.599212646 0.004333618 0.996546149 -0.082927912 -14.513498306 -0.354523093 -0.076011054 -0.931952715 34.590911865
-0.936846972 0.036898334 0.347787619 172.054367065 0.007518529 0.996314108 -0.085450470 -14.624969482 -0.349658698 -0.077439152 -0.933671296 33.371292114
-0.938857198 0.033599608 0.342663288 172.510162354 0.005019489 0.996457040 -0.083954029 -14.746891975 -0.344270110 -0.077100851 -0.935699522 32.155754089
-0.940737009 0.026446937 0.338104159 172.966873169 -0.000843742 0.996769190 -0.080316134 -14.862431526 -0.339135885 -0.075841635 -0.937675297 30.930032730
-0.942396939 0.020940868 0.333840549 173.411987305 -0.005791720 0.996867299 -0.078880072 -14.969524384 -0.334446520 -0.076269850 -0.939323306 29.703094482
-0.943999827 0.014678773 0.329619259 173.851959229 -0.012355672 0.996736467 -0.079772703 -15.085247040 -0.329714507 -0.079378098 -0.940737665 28.488780975
-0.945376158 0.012131261 0.325756013 174.293594360 -0.015733615 0.996444643 -0.082768388 -15.196476936 -0.325601965 -0.083372585 -0.941824019 27.257375717
-0.945977390 0.012249460 0.324001312 174.718811035 -0.016279552 0.996231258 -0.085195281 -15.314671516 -0.323823839 -0.085867405 -0.942212760 26.030200958
-0.946378291 0.012891512 0.322803319 175.147064209 -0.015935693 0.996124327 -0.086500771 -15.440896988 -0.322667420 -0.087006554 -0.942505002 24.808868408
-0.946087420 0.015672646 0.323531568 175.569656372 -0.013836137 0.995961666 -0.088707097 -15.560510635 -0.323615402 -0.088401116 -0.942050099 23.569065094
-0.945759535 0.016709244 0.324437290 175.993881226 -0.013435825 0.995810091 -0.090452902 -15.682543755 -0.324589312 -0.089905784 -0.941572547 22.349498749
-0.944999039 0.018520707 0.326548040 176.415313721 -0.012143898 0.995720267 -0.091617189 -15.816642761 -0.326847345 -0.090543732 -0.940729856 21.106937408
-0.944668889 0.019570746 0.327441365 176.855499268 -0.011024947 0.995760441 -0.091322295 -15.941255569 -0.327840418 -0.089879364 -0.940447986 19.914699554
-0.943699062 0.019204099 0.330247462 177.286407471 -0.011903181 0.995695889 -0.091914289 -16.066473007 -0.330591172 -0.090670422 -0.939408541 18.683025360
-0.942478716 0.017839987 0.333789825 177.730209351 -0.013458226 0.995739818 -0.091219291 -16.202444077 -0.333995253 -0.090464473 -0.938223541 17.475826263
-0.940806389 0.016497139 0.338542700 178.171936035 -0.014587821 0.995918512 -0.089070357 -16.326686859 -0.338630378 -0.088736571 -0.936725855 16.256984711
-0.938506901 0.014231435 0.344966888 178.619384766 -0.016433824 0.996176302 -0.085806116 -16.456825256 -0.344869047 -0.086198762 -0.934684515 15.038791656
-0.936141491 0.011689859 0.351429045 179.084320068 -0.018785724 0.996357083 -0.083184257 -16.572994232 -0.351121336 -0.084474094 -0.932511628 13.843780518
-0.933237433 0.014230442 0.358977973 179.543548584 -0.016636932 0.996431410 -0.082751229 -16.694919586 -0.358874589 -0.083198853 -0.929670393 12.637737274
-0.930026114 0.014821330 0.367194504 180.020919800 -0.016902223 0.996403933 -0.083028331 -16.805919647 -0.367104650 -0.083424918 -0.926431119 11.448055267
-0.926119447 0.017908532 0.376804978 180.499404907 -0.015439211 0.996236086 -0.085295260 -16.929639816 -0.376914293 -0.084811166 -0.922357202 10.263339996
-0.921996117 0.019129863 0.386726230 181.003372192 -0.014537415 0.996364295 -0.083945073 -17.048854828 -0.386926055 -0.083019033 -0.918366015 9.079494476
-0.917053103 0.020844175 0.398219943 181.513687134 -0.014458805 0.996238112 -0.085443407 -17.168531418 -0.398502916 -0.084113903 -0.913301885 7.918003082
-0.911392093 0.022896690 0.410901457 182.042999268 -0.014024436 0.996143162 -0.086614788 -17.285688400 -0.411299884 -0.084702700 -0.907555997 6.749752045
-0.904913187 0.025285590 0.424844325 182.584259033 -0.012617059 0.996200979 -0.086165361 -17.412494659 -0.425409079 -0.083332472 -0.901156425 5.563659668
-0.898909986 0.024610797 0.437441468 183.159347534 -0.013458839 0.996398926 -0.083715089 -17.529577255 -0.437926441 -0.081139795 -0.895341694 4.404838562
-0.891978979 0.027526079 0.451238006 183.740036011 -0.011553602 0.996430635 -0.083621949 -17.654453278 -0.451929182 -0.079802446 -0.888477147 3.244010925
-0.885103583 0.030394340 0.464400291 184.343414307 -0.009309856 0.996509075 -0.082963832 -17.765262604 -0.465300739 -0.077755101 -0.881730855 2.093093872
-0.877712727 0.031465981 0.478152931 184.943603516 -0.008069798 0.996729612 -0.080405317 -17.883813858 -0.479119271 -0.074431367 -0.874588370 0.986595154
-0.870256782 0.033365980 0.491466999 185.575454712 -0.005806861 0.996939123 -0.077965178 -17.992835999 -0.492564172 -0.070703596 -0.867399335 -0.124122620
-0.861835301 0.036221825 0.505893171 186.207916260 -0.002273059 0.997160733 -0.075268812 -18.118274689 -0.507183254 -0.066019244 -0.859305918 -1.213043213
-0.852618337 0.039936271 0.521005869 186.860122681 0.001327688 0.997237504 -0.074267767 -18.219974518 -0.522532523 -0.062630318 -0.850315988 -2.286926270
-0.842595518 0.042493068 0.536867976 187.543579102 0.003668019 0.997311950 -0.073180385 -18.325786591 -0.538534462 -0.059692204 -0.840486526 -3.357025146
-0.831464946 0.045481503 0.553712368 188.219970703 0.006957416 0.997417688 -0.071479730 -18.434953690 -0.555533528 -0.055580486 -0.829634428 -4.376670837
-0.820121825 0.047229316 0.570236444 188.930633545 0.008211029 0.997456372 -0.070804194 -18.536006927 -0.572130084 -0.053385839 -0.818423629 -5.418350220
-0.807838321 0.049335603 0.587335587 189.666702271 0.009652820 0.997464359 -0.070509225 -18.640991211 -0.589325070 -0.051290609 -0.806266129 -6.445114136
-0.795435011 0.051705386 0.603829086 190.421661377 0.011329981 0.997448385 -0.070485480 -18.737133026 -0.605932891 -0.049225252 -0.793991268 -7.434211731
-0.781183183 0.053105250 0.622039080 191.187728882 0.013004242 0.997543573 -0.068831861 -18.828895569 -0.624166429 -0.045681149 -0.779954910 -8.421676636
-0.766153336 0.054638304 0.640330851 191.973495483 0.014924999 0.997623324 -0.067267746 -18.926025391 -0.642484486 -0.041980475 -0.765147924 -9.368011475
