1.000000000 0.000000000 0.000000000 0.000000000 0.000000000 1.000000000 0.000000000 0.000000000 0.000000000 0.000000000 1.000000000 0.000000000
0.999996901 -0.002334099 -0.000796500 -0.016713461 0.002336577 0.999992371 0.003123626 -0.020505767 0.000789203 -0.003125478 0.999994814 1.585750461
0.999994099 -0.002837518 -0.001945827 -0.026311176 0.002844784 0.999988973 0.003741583 -0.032195061 0.001935189 -0.003747096 0.999991119 3.151369810
0.999992788 -0.001658208 -0.003403362 -0.039327085 0.001670222 0.999992371 0.003530227 -0.045501024 0.003397483 -0.003535887 0.999987960 4.712434292
0.999988794 -0.001071449 -0.004607437 -0.058779210 0.001087804 0.999993086 0.003548668 -0.064827770 0.004603603 -0.003553641 0.999983072 6.271118641
0.999981880 -0.000570571 -0.005993015 -0.071834460 0.000592617 0.999993026 0.003677488 -0.077000611 0.005990875 -0.003680973 0.999975324 7.823539734
0.999968886 -0.001356850 -0.007783878 -0.086775787 0.001390110 0.999989927 0.004269191 -0.096528582 0.007778008 -0.004279877 0.999960601 9.378152847
0.999947965 -0.003419744 -0.009611708 -0.095538609 0.003452781 0.999988198 0.003422706 -0.108843371 0.009599890 -0.003455715 0.999947965 10.934234619
0.999932051 -0.004614164 -0.010703333 -0.115406394 0.004654736 0.999982119 0.003768787 -0.122454926 0.010685751 -0.003818352 0.999935627 12.448656082
0.999914229 -0.004600388 -0.012257206 -0.133820921 0.004645149 0.999982655 0.003625859 -0.131625786 0.012240311 -0.003682485 0.999918222 14.001007080
0.999901056 -0.004290570 -0.013391286 -0.157381594 0.004341702 0.999983311 0.003791686 -0.148578256 0.013374793 -0.003849452 0.999903083 15.520821571
0.999895513 -0.002626408 -0.014211984 -0.182150379 0.002688854 0.999986827 0.004376615 -0.161353439 0.014200303 -0.004414371 0.999889374 17.040435791
0.999892712 -0.001214876 -0.014598927 -0.216536954 0.001287322 0.999986827 0.004954076 -0.173983932 0.014592716 -0.004972339 0.999881148 18.543874741
0.999885619 -0.000382954 -0.015114481 -0.242003933 0.000471149 0.999982834 0.005831984 -0.184212536 0.015111991 -0.005838439 0.999868751 20.055206299
0.999881268 -0.000608347 -0.015398413 -0.269942671 0.000698353 0.999982655 0.005840438 -0.194469452 0.015394594 -0.005850498 0.999864399 21.545612335
0.999870360 0.000314868 -0.016099697 -0.295990884 -0.000221601 0.999983191 0.005794524 -0.203756854 0.016101254 -0.005790206 0.999853551 23.041229248
0.999865592 0.000996194 -0.016363796 -0.320828378 -0.000892169 0.999979436 0.006363108 -0.215960443 0.016369795 -0.006347654 0.999845803 24.517616272
0.999862850 0.001427924 -0.016500121 -0.345952094 -0.001302859 0.999970376 0.007587902 -0.226820871 0.016510468 -0.007565363 0.999835014 25.987354279
0.999861419 0.001673629 -0.016563646 -0.373845398 -0.001567083 0.999978065 0.006443400 -0.236979127 0.016574064 -0.006416550 0.999841988 27.461269379
0.999862313 0.002347183 -0.016426422 -0.406741440 -0.002277872 0.999988437 0.004236981 -0.245857760 0.016436176 -0.004198981 0.999856114 28.960298538
0.999868214 0.000311848 -0.016231088 -0.433529526 -0.000245490 0.999991596 0.004090141 -0.260258436 0.016232228 -0.004085616 0.999859929 30.423192978
0.999872386 -0.000205297 -0.015975000 -0.461500555 0.000309871 0.999978542 0.006543916 -0.269158959 0.015973313 -0.006548030 0.999850988 31.887777328
0.999873400 -0.002038868 -0.015775386 -0.496952772 0.002168798 0.999963820 0.008223582 -0.288730532 0.015758052 -0.008256757 0.999841690 33.324977875
0.999875069 -0.002680447 -0.015569646 -0.517879605 0.002800009 0.999966681 0.007662458 -0.299203336 0.015548591 -0.007705098 0.999849379 34.747711182
0.999886572 -0.002727764 -0.014808229 -0.545024633 0.002811896 0.999980032 0.005663597 -0.306678683 0.014792484 -0.005704595 0.999874234 36.188552856
0.999892056 -0.001694508 -0.014592703 -0.564208686 0.001764657 0.999987006 0.004795616 -0.314963162 0.014584388 -0.004820851 0.999881983 37.588951111
0.999905825 -0.001336165 -0.013660536 -0.592532516 0.001392123 0.999990642 0.004087627 -0.337744206 0.013654949 -0.004106260 0.999898314 38.979164124
0.999923646 -0.000464265 -0.012342149 -0.614249408 0.000523433 0.999988377 0.004791209 -0.348752320 0.012339783 -0.004797303 0.999912322 40.342109680
0.999942422 -0.000180691 -0.010728145 -0.641091764 0.000256704 0.999974847 0.007084388 -0.366698205 0.010726594 -0.007086734 0.999917269 41.704574585
0.999956906 -0.000843720 -0.009241009 -0.650970697 0.000919495 0.999965966 0.008198645 -0.378771812 0.009233776 -0.008206788 0.999923646 43.038795471
0.999974668 -0.000460111 -0.007106689 -0.665316343 0.000522637 0.999961138 0.008798875 -0.394592971 0.007102363 -0.008802366 0.999936044 44.337871552
0.999992013 -0.000674614 -0.003948417 -0.673930109 0.000706511 0.999967098 0.008082524 -0.405018747 0.003942834 -0.008085249 0.999959528 45.627246857
0.999998868 -0.001447542 -0.000313135 -0.667360127 0.001449527 0.999978244 0.006432241 -0.417957604 0.000303818 -0.006432688 0.999979198 46.903388977
0.999995410 -0.001052014 0.002844898 -0.672083020 0.001038145 0.999987543 0.004872140 -0.430894077 -0.002849988 -0.004869165 0.999984086 48.153053284
0.999973536 -0.001112798 0.007189684 -0.674627542 0.001073831 0.999984741 0.005421473 -0.446979493 -0.007195608 -0.005413608 0.999959409 49.411811829
0.999921918 -0.000845601 0.012464650 -0.661534548 0.000779576 0.999985635 0.005300838 -0.460657746 -0.012468953 -0.005290706 0.999908268 50.648712158
0.999820948 0.001003886 0.018897340 -0.645027280 -0.001088880 0.999989331 0.004487887 -0.473221630 -0.018892631 -0.004507661 0.999811471 51.864681244
0.999637783 0.002655924 0.026782602 -0.632802010 -0.002776629 0.999986112 0.004470643 -0.483904064 -0.026770357 -0.004543389 0.999631286 53.067958832
0.999380648 0.003748895 0.034987114 -0.593533754 -0.003934370 0.999978542 0.005233916 -0.494615436 -0.034966741 -0.005368327 0.999374032 54.288208008
0.998949707 0.005911092 0.045436855 -0.548385382 -0.006186384 0.999963284 0.005920535 -0.508489370 -0.045400195 -0.006195406 0.998949707 55.470558167
0.998261154 0.008145813 0.058382820 -0.494049311 -0.008520901 0.999944627 0.006178609 -0.526133537 -0.058329266 -0.006665339 0.998275161 56.642845154
0.997263730 0.009991188 0.073248014 -0.422745705 -0.010492145 0.999924064 0.006457577 -0.534834623 -0.073177934 -0.007208436 0.997292876 57.788902283
0.995882034 0.012295087 0.089820683 -0.337402344 -0.013075091 0.999881685 0.008100780 -0.550578713 -0.089710467 -0.009241835 0.995924950 58.914405823
0.994095564 0.012367873 0.107800536 -0.228206635 -0.013411053 0.999869883 0.008957316 -0.560336232 -0.107675731 -0.010350145 0.994132161 60.039234161
0.991770148 0.012642527 0.127405211 -0.098416805 -0.013754479 0.999874592 0.007851643 -0.564374328 -0.127289981 -0.009539419 0.991819620 61.159511566
0.989006519 0.012127486 0.147373766 0.058710098 -0.013277823 0.999888480 0.006824268 -0.566756487 -0.147274613 -0.008706049 0.989057302 62.250476837
0.985677123 0.009363029 0.168383449 0.232916832 -0.010658757 0.999920130 0.006792882 -0.581983745 -0.168306395 -0.008490346 0.985698164 63.315860748
0.981762350 0.004135548 0.190067247 0.441037178 -0.005915578 0.999943793 0.008798858 -0.591060162 -0.190020159 -0.009762745 0.981731713 64.374496460
0.977097273 -0.001625901 0.212786868 0.672531128 -0.000639689 0.999943852 0.010577949 -0.605937123 -0.212792099 -0.010471802 0.977041304 65.391937256
0.971655071 -0.006725132 0.236307696 0.930130005 0.004526942 0.999941349 0.009843566 -0.611536384 -0.236360058 -0.008494802 0.971628308 66.420722961
0.965099216 -0.012802341 0.261571437 1.204848289 0.011042493 0.999905407 0.008196731 -0.621007144 -0.261651725 -0.005022258 0.965149283 67.425765991
0.957644403 -0.016238704 0.287495315 1.504446030 0.014344446 0.999859333 0.008694196 -0.624337912 -0.287596047 -0.004201984 0.957742631 68.410469055
0.949048400 -0.018888453 0.314563751 1.829319000 0.016198758 0.999806464 0.011162749 -0.632149875 -0.314713717 -0.005498447 0.949170709 69.378112793
0.939331710 -0.023020303 0.342236787 2.178461075 0.019363169 0.999713123 0.014099191 -0.639376700 -0.342463166 -0.006617029 0.939507902 70.326049805
0.928578973 -0.026036931 0.370220482 2.552778244 0.022669654 0.999652624 0.013444202 -0.637280643 -0.370441914 -0.004091231 0.928846598 71.239364624
0.916474223 -0.025083181 0.399306744 2.945516586 0.023156004 0.999685347 0.009650240 -0.637883127 -0.399423152 0.000402152 0.916766584 72.144798279
0.903299689 -0.026233084 0.428207129 3.371217728 0.027003363 0.999626219 0.004276307 -0.643502116 -0.428159207 0.007700247 0.903670490 73.033561707
0.889175951 -0.028174007 0.456697047 3.822528839 0.030599751 0.999529541 0.002084953 -0.650546730 -0.456540942 0.012120927 0.889619768 73.891334534
0.873475969 -0.028611984 0.486025721 4.302459717 0.029865032 0.999540567 0.005169374 -0.657672882 -0.485950351 0.009999850 0.873929203 74.750839233
0.855699956 -0.027644977 0.516733408 4.802803040 0.025700675 0.999609947 0.010918840 -0.663568079 -0.516833723 0.003937144 0.856076837 75.591575623
0.836237013 -0.027684506 0.547668815 5.329299927 0.023608875 0.999616385 0.014481870 -0.670517862 -0.547859728 0.000819570 0.836569726 76.392120361
0.815028191 -0.021030661 0.579039514 5.873744965 0.019136509 0.999772847 0.009376025 -0.668950081 -0.579105258 0.003439072 0.815245450 77.168449402
0.793144763 -0.014482784 0.608860910 6.458221436 0.016515924 0.999861002 0.002268587 -0.673246443 -0.608809173 0.008256583 0.793273747 77.934204102
0.770579875 -0.011880390 0.637232721 7.045387268 0.015304022 0.999882758 0.000135009 -0.677719831 -0.637159824 0.009648189 0.770671427 78.651123047
0.747482002 -0.014431140 0.664125323 7.678932190 0.016265703 0.999861777 0.003419279 -0.688837886 -0.664082944 0.008246616 0.747613490 79.356170654
0.723494768 -0.014910131 0.690168858 8.330944061 0.017012693 0.999848127 0.003766142 -0.694479704 -0.690120220 0.009016845 0.723638535 80.003883362
0.698278189 -0.012735743 0.715713263 8.999023438 0.017428165 0.999847770 0.000788165 -0.700431883 -0.715614319 0.011923210 0.698393703 80.644142151
0.672026455 -0.010420103 0.740453839 9.668811798 0.017408570 0.999846935 -0.001729357 -0.711006284 -0.740322530 0.014052415 0.672105014 81.252075195
0.645260513 -0.008202068 0.763918698 10.370407104 0.015773455 0.999872208 -0.002587925 -0.720817685 -0.763799787 0.013719520 0.645307422 81.840515137
0.617667079 -0.006867319 0.786409736 11.105415344 0.015927663 0.999865949 -0.003778679 -0.735520959 -0.786278486 0.014859634 0.617693603 82.402435303
0.588922560 -0.000017398 0.808189452 11.842086792 0.013778372 0.999854803 -0.010018689 -0.755660117 -0.808071971 0.017035766 0.588837326 82.943130493
0.559206009 0.009642554 0.828972638 12.604274750 0.012660149 0.999716461 -0.020168884 -0.767977595 -0.828931928 0.021773482 0.558925331 83.449859619
0.528641701 0.017920967 0.848655879 13.397270203 0.011434182 0.999536037 -0.028229628 -0.788502097 -0.848768055 0.024627045 0.528191566 83.941879272
0.496967316 0.022549938 0.867476225 14.199916840 0.009223470 0.999468446 -0.031265084 -0.818787336 -0.867720246 0.023538865 0.496495217 84.401145935
0.464841932 0.022243937 0.885114193 15.028921127 0.007229800 0.999555647 -0.028916910 -0.849259496 -0.885364115 0.019840989 0.464474618 84.834739685
0.431844831 0.021174576 0.901699305 15.892272949 0.002435745 0.999693334 -0.024642302 -0.878623605 -0.901944637 0.012837961 0.431660891 85.248046875
0.398102820 0.022426305 0.917066753 16.762346268 -0.001278359 0.999713719 -0.023892455 -0.908228397 -0.917339921 0.008339310 0.398017526 85.622863770
0.363042921 0.025829464 0.931414306 17.653955460 -0.008811779 0.999666214 -0.024287568 -0.934475064 -0.931730688 0.000610011 0.363149345 85.978218079
0.327780008 0.027204445 0.944362342 18.560583115 -0.013323741 0.999619067 -0.024171680 -0.970481575 -0.944660127 -0.004659446 0.328017622 86.291984558
0.291276634 0.026631257 0.956268132 19.468042374 -0.015967404 0.999608636 -0.022974620 -1.002172351 -0.956505597 -0.008577152 0.291587800 86.591850281
0.254651845 0.025960995 0.966684341 20.400325775 -0.016565960 0.999610066 -0.022481300 -1.032146215 -0.966890812 -0.010289149 0.254982680 86.845489502
0.219118878 0.025669672 0.975360513 21.335279465 -0.015889227 0.999615133 -0.022738431 -1.060905933 -0.975568712 -0.010515306 0.219442427 87.053123474
0.184618756 0.024334896 0.982508898 22.299760818 -0.012986249 0.999666631 -0.022319667 -1.086824775 -0.982724428 -0.008638477 0.184873208 87.216453552
0.150577649 0.023395114 0.988321364 23.272565842 -0.004641567 0.999725640 -0.022957897 -1.117250562 -0.988587320 -0.001130415 0.150644943 87.344383240
0.117183678 0.026650509 0.992752612 24.248832703 -0.002457908 0.999644518 -0.026545396 -1.151169181 -0.993107319 0.000670594 0.117207520 87.453041077
0.083969578 0.031767733 0.995961785 25.208631516 -0.001762449 0.999494791 -0.031731829 -1.184476376 -0.996466875 0.000909177 0.083983146 87.541824341
0.054907970 0.035746560 0.997851312 26.187845230 0.005172059 0.999335408 -0.036084317 -1.218197346 -0.998478055 0.007142263 0.054686591 87.586036682
0.030121610 0.033577550 0.998982131 27.171953201 0.007311769 0.999401391 -0.033812109 -1.264917731 -0.999519587 0.008322801 0.029858075 87.604797363
0.007695949 0.030895097 0.999493003 28.154100418 0.008610389 0.999483645 -0.030961102 -1.298844099 -0.999933302 0.008844302 0.007425957 87.611640930
-0.011224050 0.028062457 0.999543130 29.160827637 0.008692678 0.999571145 -0.027965626 -1.339359999 -0.999899209 0.008374820 -0.011463174 87.594230652
-0.027638163 0.031135969 0.999132931 30.160924911 0.009999745 0.999473453 -0.030869965 -1.380045295 -0.999567986 0.009137887 -0.027934963 87.569099426
-0.042227376 0.035606302 0.998473346 31.149484634 0.013480283 0.999294102 -0.035065461 -1.414801359 -0.999017000 0.011978982 -0.042677552 87.522834778
-0.053747620 0.040722504 0.997723877 32.148990631 0.018224040 0.999041677 -0.039794561 -1.457388639 -0.998388171 0.016043704 -0.054438241 87.457084656
-0.063092582 0.044197604 0.997028470 33.156173706 0.023100477 0.998816013 -0.042815018 -1.505230665 -0.997740269 0.020330526 -0.064038858 87.392723083
-0.069193691 0.049598549 0.996369541 34.159584045 0.026832810 0.998494387 -0.047840912 -1.556070685 -0.997242332 0.023425102 -0.070420399 87.322044373
-0.072578773 0.054027740 0.995898187 35.171638489 0.029042676 0.998222888 -0.052037284 -1.614702225 -0.996939719 0.025146753 -0.074018881 87.244262695
-0.075088061 0.058208410 0.995476544 36.179702759 0.031216834 0.997942746 -0.055997960 -1.674072862 -0.996688068 0.026870850 -0.076750666 87.160690308
-0.077674940 0.060829718 0.995121300 37.182952881 0.031857628 0.997778594 -0.058505494 -1.742245793 -0.996469557 0.027157798 -0.079440281 87.081085205
-0.080747515 0.063966274 0.994679928 38.193622589 0.032794025 0.997568846 -0.061489861 -1.815535188 -0.996194899 0.027654409 -0.082648911 87.009017944
-0.082262173 0.067966163 0.994290471 39.220512390 0.034449890 0.997269571 -0.065319598 -1.881255388 -0.996015072 0.028879866 -0.084378980 86.913032532
-0.084133081 0.070003822 0.993992388 40.246501923 0.036977526 0.997061431 -0.067090131 -1.945453405 -0.995768130 0.031110879 -0.086474404 86.816848755
-0.086838067 0.068182796 0.993886471 41.275691986 0.037095934 0.997184515 -0.065167911 -2.030924082 -0.995531499 0.031210089 -0.089122877 86.733352661
-0.088692449 0.067657813 0.993758440 42.278625488 0.036875974 0.997229457 -0.064602941 -2.104980707 -0.995376229 0.030916018 -0.090941682 86.645042419
-0.090270787 0.069319963 0.993501782 43.320087433 0.036749776 0.997127175 -0.066233769 -2.172863007 -0.995238960 0.030531999 -0.092558965 86.531608582
-0.092721142 0.071383968 0.993129969 44.360950470 0.036313381 0.997005641 -0.068272233 -2.255780220 -0.995029688 0.029733630 -0.095035709 86.433876038
-0.095729910 0.073812656 0.992666841 45.408973694 0.034115467 0.996904314 -0.070837758 -2.327258110 -0.994822562 0.027084000 -0.097951718 86.343345642
-0.098007269 0.077154331 0.992190421 46.465003967 0.032276001 0.996712148 -0.074317768 -2.413277388 -0.994662166 0.024740256 -0.100175261 86.237480164
-0.100459531 0.081627913 0.991587043 47.530410767 0.028642481 0.996452868 -0.079126664 -2.492222548 -0.994528770 0.020452481 -0.102441236 86.134902954
-0.102534667 0.083683081 0.991203308 48.585342407 0.026400089 0.996333003 -0.081385233 -2.586726427 -0.994379044 0.017823042 -0.104367927 86.015563965
-0.105219044 0.081994757 0.991062999 49.638462067 0.024670364 0.996503413 -0.079825670 -2.678608418 -0.994143009 0.016050700 -0.106873989 85.906326294
-0.108553201 0.077770911 0.991043866 50.710620880 0.021884853 0.996880352 -0.075831786 -2.767171621 -0.993849695 0.013457065 -0.109916568 85.796569824
-0.110635400 0.076544508 0.990908980 51.772624969 0.022087706 0.996972859 -0.074546821 -2.850685596 -0.993615568 0.013639392 -0.111991189 85.673469543
-0.113360785 0.076907523 0.990572870 52.836235046 0.020792982 0.996964872 -0.075024255 -2.932912827 -0.993336201 0.012092160 -0.114615858 85.573356628
-0.114481524 0.079452857 0.990243137 53.905784607 0.022494558 0.996748328 -0.077374205 -3.021646976 -0.993170559 0.013417161 -0.115896538 85.444206238
-0.114949204 0.082342781 0.989952743 54.968742371 0.022830199 0.996514261 -0.080237605 -3.107810736 -0.993108869 0.013377572 -0.116428420 85.316802979
-0.115561381 0.083185434 0.989810944 56.074420929 0.021143600 0.996467292 -0.081276305 -3.200742245 -0.993075311 0.011535765 -0.116911963 85.200798035
-0.115331009 0.081809260 0.989952445 57.163581848 0.018342601 0.996608138 -0.080222331 -3.295754194 -0.993157804 0.008906179 -0.116440423 85.076713562
-0.115216024 0.080945976 0.990036845 58.244132996 0.014683675 0.996704102 -0.079782292 -3.395745039 -0.993232071 0.005345181 -0.116024852 84.954025269
-0.115570903 0.082056679 0.989904046 59.333087921 0.010524523 0.996627152 -0.081385247 -3.488881111 -0.993243515 0.001012500 -0.116044722 84.839431763
-0.115804724 0.082327954 0.989854217 60.459899902 0.006150448 0.996599376 -0.082169414 -3.581200123 -0.993252933 -0.003427560 -0.115917273 84.711105347
-0.116516761 0.081662662 0.989825785 61.562847137 0.002790918 0.996636987 -0.081896082 -3.677097321 -0.993184865 -0.006779744 -0.116352819 84.592170715
-0.116933875 0.076600134 0.990181208 62.678981781 0.003242193 0.997045219 -0.076748259 -3.771581650 -0.993134379 -0.005764112 -0.116836712 84.470031738
-0.116980001 0.068033785 0.990801215 63.817211151 0.006849920 0.997682393 -0.067697525 -3.860417604 -0.993110657 -0.001132347 -0.117174909 84.327857971
-0.116243303 0.062812470 0.991232574 64.945068359 0.012522181 0.998011649 -0.061773542 -3.941601992 -0.993141770 0.005231635 -0.116798699 84.178092957
-0.115968749 0.065134957 0.991114795 66.060104370 0.020335108 0.997794032 -0.063194536 -4.018692493 -0.993044674 0.012825835 -0.117037460 84.046264648
-0.114573464 0.070567533 0.990905166 67.183555603 0.025840005 0.997348070 -0.068038605 -4.096713543 -0.993078649 0.017809574 -0.116093084 83.902862549
-0.113459453 0.076692589 0.990578234 68.308044434 0.029630132 0.996834040 -0.073783152 -4.177871704 -0.993100703 0.020979568 -0.115372658 83.761604309
-0.113082252 0.080942757 0.990283191 69.446418762 0.029921383 0.996501565 -0.078034244 -4.265316010 -0.993134975 0.020806354 -0.115108587 83.630104065
-0.112789534 0.078004397 0.990552425 70.583618164 0.027374389 0.996779203 -0.075377770 -4.361311913 -0.993241727 0.018613944 -0.114561602 83.499420166
-0.112515278 0.073730208 0.990910769 71.730354309 0.026646882 0.997108400 -0.071165681 -4.448277473 -0.993292630 0.018397458 -0.114154637 83.371582031
-0.112232864 0.071277753 0.991122246 72.877296448 0.024274003 0.997322917 -0.068974935 -4.540545464 -0.993385434 0.016317250 -0.113662615 83.239639282
-0.112099700 0.072173752 0.991072476 74.018943787 0.022551358 0.997286737 -0.070075527 -4.623424053 -0.993441045 0.014494580 -0.113423161 83.118377686
-0.111031719 0.077181637 0.990815341 75.170135498 0.023546206 0.996904194 -0.075017340 -4.712283134 -0.993537843 0.015000637 -0.112505332 82.977401733
-0.111203030 0.079809591 0.990587890 76.323478699 0.022768758 0.996713042 -0.077747069 -4.806276321 -0.993536770 0.013908743 -0.112654686 82.862976074
-0.110257685 0.078348778 0.990810096 77.495368958 0.023121815 0.996820509 -0.076251052 -4.904390335 -0.993634045 0.014502062 -0.111718692 82.722671509
-0.109912992 0.072171159 0.991317511 78.673492432 0.024392331 0.997255802 -0.069898956 -4.987945557 -0.993641973 0.016497742 -0.111371778 82.594055176
-0.110296458 0.070632756 0.991385698 79.849090576 0.023560602 0.997377038 -0.068438381 -5.075371742 -0.993619442 0.015809134 -0.111671314 82.466537476
-0.110288426 0.073550418 0.991174400 81.016204834 0.021066742 0.997207046 -0.071653955 -5.163241386 -0.993676305 0.012978213 -0.111529872 82.349098206
-0.109848864 0.076968811 0.990963757 82.204216003 0.020390285 0.996962011 -0.075174421 -5.248188019 -0.993739128 0.011948207 -0.111084551 82.213096619
-0.110107534 0.076099575 0.991002142 83.391433716 0.019592546 0.997037053 -0.074386135 -5.345835209 -0.993726492 0.011225780 -0.111272298 82.095520020
-0.110030554 0.072567582 0.991275549 84.561294556 0.019105524 0.997301280 -0.070887990 -5.436197281 -0.993744552 0.011138991 -0.111120053 81.975013733
-0.109309904 0.071702197 0.991418302 85.770584106 0.020165242 0.997349620 -0.069907822 -5.524413586 -0.993803203 0.012350572 -0.110466070 81.837333679
-0.107851997 0.071760997 0.991573632 86.965515137 0.021110332 0.997331917 -0.069881588 -5.622170448 -0.993942738 0.013395581 -0.109079130 81.700347900
-0.107061602 0.072388120 0.991613626 88.176101685 0.023648327 0.997249305 -0.070246279 -5.710957527 -0.993970990 0.015929325 -0.108478978 81.569000244
-0.105674490 0.071531355 0.991824627 89.397636414 0.023708280 0.997307062 -0.069400743 -5.800470829 -0.994118094 0.016180567 -0.107085824 81.429443359
-0.104530185 0.072063021 0.991907358 90.590934753 0.024694743 0.997251868 -0.069848888 -5.895377159 -0.994215071 0.017193582 -0.106022492 81.304862976
-0.102935433 0.070147470 0.992211342 91.811706543 0.025339786 0.997371376 -0.067883432 -5.987398148 -0.994365215 0.018154819 -0.104442373 81.172691345
-0.101784952 0.069228448 0.992394626 93.045303345 0.023569908 0.997463405 -0.067164600 -6.078359127 -0.994527102 0.016554307 -0.103158481 81.049430847
-0.101161852 0.068527475 0.992507041 94.271781921 0.024212679 0.997498930 -0.066404246 -6.164262772 -0.994575322 0.017313676 -0.102568083 80.942977905
-0.099707924 0.069308802 0.992599905 95.506698608 0.022159286 0.997478247 -0.067423515 -6.253134251 -0.994769990 0.015272644 -0.100992329 80.822662354
-0.097973406 0.071718879 0.992601454 96.760574341 0.022696260 0.997301519 -0.069818273 -6.349860668 -0.994930148 0.015688010 -0.099336781 80.699752808
-0.096658632 0.070870265 0.992791235 98.015579224 0.020587735 0.997390807 -0.069194168 -6.437196732 -0.995104551 0.013751105 -0.097865492 80.577384949
-0.095956840 0.069101907 0.992983937 99.268417358 0.017067004 0.997554958 -0.067770727 -6.536012173 -0.995239198 0.010444196 -0.096901573 80.455688477
-0.095446005 0.070119709 0.992962003 100.530555725 0.014518351 0.997507870 -0.069045186 -6.627755642 -0.995328724 0.007826081 -0.096226186 80.328521729
-0.095888212 0.069466323 0.992965221 101.797599792 0.011672037 0.997571707 -0.068661436 -6.719099045 -0.995323658 0.005006103 -0.096466191 80.213401794
-0.097123086 0.066666216 0.993037105 103.069358826 0.008880498 0.997772455 -0.066115566 -6.816565990 -0.995232761 0.002397316 -0.097498789 80.100959778
-0.098601840 0.065207519 0.992988229 104.345932007 0.007095405 0.997871518 -0.064823635 -6.910036087 -0.995101631 0.000653923 -0.098854654 79.982841492
-0.099922359 0.064173631 0.992923558 105.612731934 0.004713718 0.997937262 -0.064023301 -7.000075340 -0.994984090 -0.001716999 -0.100018747 79.863746643
-0.101895012 0.064735800 0.992686629 106.883987427 0.004608891 0.997900426 -0.064602740 -7.086386681 -0.994784534 -0.002007513 -0.101979442 79.744018555
-0.103916198 0.063129887 0.992580414 108.164833069 0.004565500 0.998003304 -0.062996782 -7.179455757 -0.994575560 -0.002014762 -0.103996918 79.606674194
-0.107156113 0.058139000 0.992540896 109.436309814 0.002060675 0.998299718 -0.058253843 -7.266664505 -0.994240046 -0.004196952 -0.107093714 79.477569580
-0.111395352 0.058009893 0.992081642 110.677925110 0.001818559 0.998305082 -0.058169600 -7.353598118 -0.993774533 -0.004675665 -0.111312032 79.343826294
-0.117552191 0.064023912 0.991000712 111.928016663 -0.003377191 0.997888148 -0.064869478 -7.436813354 -0.993061006 -0.010972347 -0.117087707 79.215209961
-0.124124087 0.067162015 0.989991128 113.172630310 -0.003262643 0.997673690 -0.068092272 -7.525497913 -0.992261350 -0.011681880 -0.123616211 79.059539795
-0.133325711 0.063386723 0.989043117 114.435661316 -0.001360268 0.997940004 -0.064140268 -7.615543842 -0.991071343 -0.009896910 -0.132964864 78.890754700
-0.143943325 0.060766768 0.987718463 115.662796021 0.000789334 0.998119533 -0.061291635 -7.714237690 -0.989585578 -0.008042884 -0.143720627 78.720016479
-0.156594485 0.061907653 0.985720932 116.898178101 0.001319668 0.998045862 -0.062472068 -7.800006866 -0.987662137 -0.008481957 -0.156370163 78.521400452
-0.170063436 0.062556170 0.983445525 118.128128052 0.003584365 0.998015702 -0.062863141 -7.882404327 -0.985426545 -0.007165696 -0.169950217 78.299224854
-0.184868991 0.059713438 0.980947316 119.360313416 0.004305280 0.998192012 -0.059951797 -7.976992607 -0.982753754 -0.006859977 -0.184791833 78.075210571
-0.200040892 0.062500320 0.977792084 120.570205688 0.008251662 0.998035431 -0.062106095 -8.064374924 -0.979752719 -0.004355350 -0.200163618 77.829765320
-0.215248898 0.065777853 0.974341393 121.767860413 0.008568914 0.997817695 -0.065469712 -8.152972221 -0.976521671 -0.005743236 -0.215342820 77.573654175
-0.230150491 0.069471002 0.970672190 122.966316223 0.008605094 0.997554958 -0.069354691 -8.249515533 -0.973116994 -0.007609296 -0.230185598 77.286437988
-0.246058837 0.067801848 0.966880560 124.161941528 0.004692060 0.997622013 -0.068763502 -8.333021164 -0.969243586 -0.012383210 -0.245791882 76.988082886
-0.261448443 0.062416229 0.963197231 125.349945068 0.000435702 0.997914672 -0.064547673 -8.427000999 -0.965217352 -0.016456228 -0.260930389 76.671508789
-0.277196467 0.058203705 0.959048688 126.531494141 -0.003367058 0.998098552 -0.061546788 -8.517779350 -0.960807443 -0.020289727 -0.276473373 76.342765808
-0.292246431 0.059458166 0.954492867 127.691329956 -0.005736162 0.997938514 -0.063920818 -8.600832939 -0.956325829 -0.024155753 -0.291302830 76.004966736
-0.306902915 0.061470471 0.949753642 128.856918335 -0.006017148 0.997766733 -0.066522375 -8.684686661 -0.951721787 -0.026130723 -0.305847704 75.637992859
-0.320764184 0.064063087 0.944990098 130.021667480 -0.003825763 0.997614205 -0.068929203 -8.773701668 -0.947151363 -0.025725322 -0.319753796 75.252113342
-0.334968567 0.063713014 0.940072775 131.169555664 -0.002082427 0.997658789 -0.068357892 -8.866917610 -0.942227066 -0.024855375 -0.334051579 74.847671509
-0.348766834 0.061749794 0.935173035 132.305480957 -0.002078264 0.997773647 -0.066658415 -8.964323044 -0.937207222 -0.025191778 -0.347862095 74.426551819
-0.363247722 0.060657930 0.929715872 133.440429688 -0.002253926 0.997818291 -0.065981798 -9.052524567 -0.931689858 -0.026063249 -0.362318516 73.989974976
-0.377638131 0.062134303 0.923866212 134.574691772 -0.003113563 0.997655213 -0.068369657 -9.148039818 -0.925948024 -0.028695500 -0.376559138 73.517379761
-0.392879725 0.064230837 0.917343974 135.685302734 -0.002520807 0.997478724 -0.070921354 -9.236257553 -0.919586360 -0.030176006 -0.391727298 73.055076599
-0.407164246 0.065765433 0.910984099 136.775146484 -0.001558999 0.997352839 -0.072697297 -9.330206871 -0.913353622 -0.031019971 -0.405983865 72.569122314
-0.422134727 0.068200417 0.903964043 137.877960205 0.000822004 0.997194469 -0.074850403 -9.428218842 -0.906532705 -0.030853894 -0.421006531 72.065093994
-0.436982870 0.071180686 0.896648943 138.975433350 0.000691353 0.996890187 -0.078801431 -9.531064034 -0.899469733 -0.033814967 -0.435673058 71.544601440
-0.452057958 0.073811717 0.888929367 140.068145752 0.001628687 0.996637046 -0.081926897 -9.625818253 -0.891987085 -0.035587925 -0.450657904 70.994476318
-0.467372328 0.070787780 0.881221950 141.149368286 0.000422253 0.996806920 -0.079848669 -9.734720230 -0.884060442 -0.036946956 -0.465909898 70.429016113
-0.483273357 0.066645622 0.872929037 142.230163574 -0.002081360 0.997007966 -0.077270985 -9.835872650 -0.875467002 -0.039159887 -0.481688708 69.839019775
-0.499018699 0.066477947 0.864037633 143.307662964 -0.003058312 0.996911943 -0.078467429 -9.940347672 -0.866585851 -0.041799206 -0.497274399 69.224372864
-0.515065968 0.066000968 0.854605734 144.371154785 -0.004243325 0.996822536 -0.079541758 -10.038162231 -0.857140183 -0.044595625 -0.513149261 68.598815918
-0.530773640 0.064873882 0.845027030 145.428527832 -0.004713343 0.996824682 -0.079488106 -10.139943123 -0.847500503 -0.046173092 -0.528782487 67.948150635
-0.546591699 0.064113572 0.834941268 146.479415894 -0.006282300 0.996722817 -0.080649160 -10.246937752 -0.837375581 -0.049327511 -0.544397593 67.276977539
-0.561759889 0.063724130 0.824842274 147.515502930 -0.006536752 0.996655941 -0.081449650 -10.347578049 -0.827274382 -0.051146943 -0.559464812 66.579658508
-0.577155352 0.061290156 0.814331174 148.549835205 -0.006765043 0.996786535 -0.079817258 -10.448959351 -0.816606343 -0.051575944 -0.574886024 65.859588623
-0.591854990 0.057995964 0.803955257 149.570816040 -0.006269060 0.997046769 -0.076540411 -10.557521820 -0.806020081 -0.050340869 -0.589743435 65.108367920
-0.606842041 0.056249928 0.792829454 150.578460693 -0.005508592 0.997170985 -0.074963972 -10.661109924 -0.794803143 -0.049858674 -0.604815483 64.351799011
-0.621722341 0.054022320 0.781372488 151.552139282 -0.006856764 0.997205019 -0.074400261 -10.768291473 -0.783207715 -0.051613998 -0.619614124 63.589946747
-0.636490703 0.054993413 0.769321203 152.527343750 -0.008265306 0.996911168 -0.078100443 -10.871133804 -0.771240056 -0.056068890 -0.634070158 62.794513702
-0.651897192 0.054498229 0.756346464 153.489624023 -0.010514241 0.996668637 -0.080876783 -10.971837997 -0.758234441 -0.060675755 -0.649152517 61.983795166
-0.667864203 0.051280092 0.742514372 154.451583862 -0.012468959 0.996712685 -0.080051117 -11.077762604 -0.744178534 -0.062721662 -0.665029407 61.146499634
-0.684214056 0.043791886 0.727965236 155.396163940 -0.015946947 0.997058392 -0.074968129 -11.186470032 -0.729106843 -0.062903076 -0.681503057 60.288162231
-0.701263130 0.041352820 0.711702228 156.331115723 -0.016816847 0.997078717 -0.074504569 -11.288793564 -0.712704062 -0.064215891 -0.698519170 59.397445679
-0.719108939 0.038539227 0.693827868 157.245941162 -0.018859766 0.997010648 -0.074926712 -11.388104439 -0.694641352 -0.066965908 -0.716232538 58.487716675
-0.736465096 0.034509759 0.675594687 158.143814087 -0.022520680 0.996893585 -0.075471669 -11.491796494 -0.676100552 -0.070797093 -0.733400166 57.543045044
-0.753588259 0.032393940 0.656548023 159.017639160 -0.022452410 0.996933758 -0.074959449 -11.591774940 -0.656963229 -0.071229652 -0.750550270 56.582317352
-0.769689202 0.034046471 0.637510300 159.872268677 -0.020755937 0.996714532 -0.078289315 -11.705131531 -0.638081253 -0.073490560 -0.766453803 55.595481873
-0.785110176 0.033726990 0.618437171 160.683883667 -0.017146057 0.996949911 -0.076136529 -11.813239098 -0.619118810 -0.070379324 -0.782137275 54.585575104
-0.799959362 0.035063840 0.599028766 161.490249634 -0.013181840 0.997023463 -0.075963639 -11.921315193 -0.599909365 -0.068664119 -0.797116101 53.540676117
-0.814505339 0.035546169 0.579066098 162.247680664 -0.012277278 0.996841550 -0.078460485 -12.036888123 -0.580026150 -0.071015850 -0.811496377 52.500869751
-0.828836799 0.036899734 0.558272362 162.991485596 -0.011412766 0.996500015 -0.082808867 -12.147542953 -0.559373975 -0.075006485 -0.825514734 51.438854218
-0.841869593 0.037419140 0.538382173 163.700515747 -0.008808830 0.996507704 -0.083034590 -12.258288383 -0.539609134 -0.074646816 -0.838599920 50.365009308
-0.853715360 0.035845362 0.519504488 164.383773804 -0.007440994 0.996686399 -0.080998488 -12.369473457 -0.520686567 -0.073015295 -0.850619972 49.261375427
-0.864452302 0.037182987 0.501337886 165.041198730 -0.004983930 0.996577978 -0.082507461 -12.484266281 -0.502690017 -0.073822416 -0.861308813 48.157508850
-0.874025285 0.040116686 0.484221548 165.671218872 -0.002124199 0.996260703 -0.086372204 -12.597796440 -0.485875845 -0.076520070 -0.870671749 47.032657623
-0.883132398 0.038001716 0.467581898 166.285751343 -0.003738837 0.996111810 -0.088018484 -12.716814041 -0.469108701 -0.079480201 -0.879556656 45.898712158
-0.891382575 0.035266593 0.451877624 166.878234863 -0.004966406 0.996148527 -0.087540820 -12.833358765 -0.453224450 -0.080276571 -0.887774289 44.749027252
-0.898724973 0.033348933 0.437242806 167.456130981 -0.005755845 0.996120989 -0.087805890 -12.957025528 -0.438475043 -0.081430048 -0.895046830 43.592147827
-0.905261040 0.031490192 0.423687190 168.007019043 -0.006230902 0.996158183 -0.087351695 -13.076364517 -0.424810171 -0.081716046 -0.901586890 42.430267334
-0.911634743 0.028635116 0.410002530 168.545684814 -0.007653472 0.996214271 -0.086594306 -13.195435524 -0.410930067 -0.082080305 -0.907964408 41.254180908
-0.917539358 0.023570456 0.396945804 169.076385498 -0.010132179 0.996531785 -0.082594074 -13.320059776 -0.397515923 -0.079805247 -0.914118290 40.070663452
-0.922929227 0.020223383 0.384438187 169.595336914 -0.011295335 0.996766806 -0.079551920 -13.435348511 -0.384803951 -0.077763148 -0.919716716 38.897041321
-0.927031517 0.020582745 0.374418020 170.086502075 -0.008770573 0.997029126 -0.076524600 -13.544670105 -0.374880821 -0.074224584 -0.924096942 37.670333862
-0.930400431 0.024762822 0.365707129 170.572265625 -0.004283388 0.996912658 -0.078400530 -13.652708054 -0.366519570 -0.074510358 -0.927422106 36.458808899
-0.932602286 0.030023884 0.359654605 171.038116455 0.001189101 0.996783793 -0.080127910 -13.766328812 -0.360903680 -0.074299805 -0.929638743 35.246772766
-0.934642553 0.033168226 0.354038268 171.498535156 0.004099090 0.996579051 -0.082543552 -13.872231483 -0.355564922 -0.075697482 -0.931581140 34.058242798
-0.936619878 0.029840264 0.349074036 171.960449219 0.001667438 0.996734560 -0.080730923 -13.994632721 -0.350343108 -0.075032130 -0.933611155 32.844635010
-0.938479006 0.022671983 0.344591081 172.425689697 -0.004398970 0.996976793 -0.077575348 -14.101686478 -0.345308095 -0.074318692 -0.935542107 31.621912003
-0.940419674 0.016722513 0.339604795 172.885589600 -0.009679459 0.997068405 -0.075900696 -14.205526352 -0.339878470 -0.074665695 -0.937500775 30.431631088
-0.941961646 0.010302645 0.335562497 173.330413818 -0.016638424 0.996868134 -0.077312388 -14.311598778 -0.335308015 -0.078408532 -0.938840091 29.219587326
-0.943379521 0.008173309 0.331614494 173.781051636 -0.019360442 0.996635616 -0.079640813 -14.427334785 -0.331149757 -0.081551731 -0.940047383 28.003198624
-0.944089055 0.008302694 0.329585701 174.216827393 -0.019986594 0.996402919 -0.082351744 -14.538605690 -0.329083860 -0.084334694 -0.940527260 26.780921936
-0.944332600 0.009014610 0.328868657 174.651550293 -0.019625681 0.996300697 -0.083663858 -14.660724640 -0.328406364 -0.085460782 -0.940662324 25.551761627
-0.944137454 0.011949428 0.329335093 175.077926636 -0.017142059 0.996208727 -0.085288785 -14.781106949 -0.329105616 -0.086169809 -0.940353215 24.318134308
-0.943694115 0.012894725 0.330567688 175.514358521 -0.016712900 0.996105909 -0.086567350 -14.906291962 -0.330396682 -0.087217860 -0.939803720 23.091037750
-0.943089366 0.014346171 0.332229853 175.945373535 -0.015858026 0.995992124 -0.088024013 -15.030501366 -0.332161099 -0.088283025 -0.939082026 21.856536865
-0.942466855 0.015757913 0.333927959 176.386886597 -0.014442527 0.996036530 -0.087764621 -15.153152466 -0.333987445 -0.087537996 -0.938503861 20.653179169
-0.941529989 0.015523115 0.336571008 176.825302124 -0.014965707 0.996025443 -0.087803416 -15.279142380 -0.336596280 -0.087706581 -0.937555611 19.431034088
-0.940336287 0.013719089 0.339969844 177.284393311 -0.017220009 0.995987296 -0.087821446 -15.406093597 -0.339810431 -0.088435970 -0.936326802 18.208484650
-0.938676536 0.012346111 0.344577968 177.733520508 -0.018534448 0.996107101 -0.086180508 -15.521276474 -0.344300508 -0.087282188 -0.934793532 16.994827271
-0.936053276 0.010187184 0.351710737 178.182739258 -0.020168742 0.996383786 -0.082537591 -15.650108337 -0.351279736 -0.084353156 -0.932462931 15.769634247
-0.933467746 0.007942457 0.358573198 178.651382446 -0.021960370 0.996613204 -0.079244226 -15.769660950 -0.357988238 -0.081846334 -0.930132091 14.570026398
-0.930536687 0.010409724 0.366050661 179.118988037 -0.020063028 0.996645331 -0.079344712 -15.878431320 -0.365648687 -0.081177235 -0.927206159 13.373760223
-0.927255154 0.010916607 0.374270976 179.604461670 -0.020419361 0.996613145 -0.079657771 -15.984261513 -0.373872966 -0.081505440 -0.923891664 12.187702179
-0.922993064 0.014600887 0.384539276 180.081115723 -0.018350910 0.996473014 -0.081882775 -16.099975586 -0.384378582 -0.082633913 -0.919469833 11.009662628
-0.918868780 0.015679298 0.394251436 180.595901489 -0.017758925 0.996554017 -0.081022896 -16.210861206 -0.394163162 -0.081450902 -0.915424049 9.830780029
-0.913549066 0.017568531 0.406348944 181.112579346 -0.017425723 0.996458709 -0.082258292 -16.325347900 -0.406355053 -0.082227916 -0.910007715 8.663364410
-0.907619119 0.019685686 0.419332922 181.648605347 -0.016963495 0.996364117 -0.083490968 -16.437810898 -0.419451863 -0.082891352 -0.903985202 7.498409271
-0.901079893 0.021878928 0.433100700 182.196594238 -0.015997091 0.996369720 -0.083616033 -16.553947449 -0.433357745 -0.082273088 -0.897458732 6.315231323
-0.894312859 0.021952024 0.446903378 182.783584595 -0.015938219 0.996599019 -0.080847695 -16.670215607 -0.447158307 -0.079425976 -0.890921414 5.128974915
-0.887126625 0.024486877 0.460876048 183.368225098 -0.014636361 0.996596634 -0.081123434 -16.782054901 -0.461293966 -0.078712307 -0.883748889 3.968017578
-0.880246878 0.026884506 0.473753721 183.982482910 -0.012696867 0.996701717 -0.080151774 -16.899799347 -0.474346071 -0.076568551 -0.877002239 2.839225769
-0.872832835 0.028691316 0.487175196 184.607513428 -0.010560929 0.996925890 -0.077633351 -17.012241364 -0.487905085 -0.072905965 -0.869846702 1.717979431
-0.864506245 0.030279417 0.501709223 185.243270874 -0.009044130 0.997085035 -0.075760730 -17.114063263 -0.502540767 -0.070033140 -0.861712337 0.592651367
-0.856196702 0.032753386 0.515610754 185.900222778 -0.006271572 0.997256100 -0.073763415 -17.225725174 -0.516612053 -0.066389672 -0.853641927 -0.497741699
-0.846450150 0.037207607 0.531166375 186.563293457 -0.001802343 0.997349620 -0.072735377 -17.321182251 -0.532464921 -0.062524214 -0.844139695 -1.572601318
-0.835987926 0.039876349 0.547296762 187.249557495 0.000605570 0.997422576 -0.071747750 -17.422540665 -0.548747241 -0.059648842 -0.833857536 -2.624961853
-0.825099170 0.042785540 0.563365519 187.946136475 0.003847881 0.997530937 -0.070123240 -17.526744843 -0.564974785 -0.055690870 -0.823226571 -3.628181458
-0.813273907 0.044506777 0.580176413 188.665954590 0.004790162 0.997548819 -0.069809742 -17.624689102 -0.581861377 -0.053995300 -0.811493516 -4.666595459
-0.801761150 0.046328012 0.595846236 189.418914795 0.005993308 0.997564137 -0.069497727 -17.724411011 -0.597614586 -0.052149478 -0.800085723 -5.664344788
-0.787996292 0.049390581 0.613695681 190.175750732 0.008561891 0.997559786 -0.069290563 -17.818666458 -0.615620434 -0.049346313 -0.786496282 -6.661239624
-0.773804545 0.050054871 0.631443620 190.959762573 0.010221048 0.997729719 -0.066565156 -17.919305801 -0.633342028 -0.045054406 -0.772559345 -7.640846252
-0.758097589 0.051784407 0.650081933 191.761779785 0.012605566 0.997819662 -0.064784534 -18.016124725 -0.652019262 -0.040918335 -0.757097542 -8.586677551
