1.000000000 0.000000000 0.000000000 0.000000000 0.000000000 1.000000000 0.000000000 0.000000000 0.000000000 0.000000000 1.000000000 0.000000000
0.999999881 0.000232653 0.000478478 0.085853428 -0.000232613 0.999999940 -0.000083896 -0.226085246 -0.000478498 0.000083785 0.999999881 2.288016081
0.999999166 0.000601950 0.001233043 0.163849756 -0.000602491 0.999999702 0.000438677 -0.462869734 -0.001232778 -0.000439420 0.999999166 4.583758831
0.999998331 0.000267823 0.001775898 0.261577636 -0.000268778 0.999999821 0.000537703 -0.692833960 -0.001775753 -0.000538180 0.999998271 6.871930599
0.999996543 0.000069358 0.002621979 0.354750842 -0.000066051 0.999999225 -0.001261302 -0.923658013 -0.002622065 0.001261124 0.999995708 9.169947624
0.999986708 0.001863152 0.004798904 0.444944352 -0.001863535 0.999998212 0.000075504 -1.159237862 -0.004798755 -0.000084446 0.999988496 11.476212502
0.999964118 0.003736912 0.007604466 0.528123498 -0.003744671 0.999992490 0.001006411 -1.384597898 -0.007600648 -0.001034851 0.999970496 13.785166740
0.999946415 0.003585319 0.009712161 0.641094565 -0.003619252 0.999987364 0.003478600 -1.613702893 -0.009699568 -0.003513564 0.999946773 16.054634094
0.999942243 0.003417231 0.010182558 0.765877366 -0.003466559 0.999982297 0.004830654 -1.848811984 -0.010165869 -0.004865673 0.999936461 18.395709991
0.999931097 0.002718470 0.011418903 0.886510372 -0.002776198 0.999983430 0.005042716 -2.073849916 -0.011405006 -0.005074070 0.999922097 20.686500549
0.999926329 0.000346723 0.012132745 0.998031020 -0.000377215 0.999996722 0.002510941 -2.299986601 -0.012131837 -0.002515333 0.999923229 23.003990173
0.999913871 -0.001964097 0.012975659 1.106381297 0.001959572 0.999998033 0.000361511 -2.520010710 -0.012976345 -0.000336054 0.999915719 25.285675049
0.999913931 -0.002659517 0.012845087 1.241331100 0.002659174 0.999996483 0.000043705 -2.770362616 -0.012845158 -0.000009544 0.999917448 27.600992203
0.999902368 -0.002357736 0.013776369 1.348810554 0.002370990 0.999996781 -0.000945845 -2.996656656 -0.013774095 0.000978416 0.999904633 29.887338638
0.999890268 -0.000197510 0.014808067 1.467579007 0.000179971 0.999999285 0.001185740 -3.223916054 -0.014808290 -0.001182945 0.999889672 32.176303864
0.999888361 0.001861544 0.014825292 1.598683834 -0.001907682 0.999993384 0.003098550 -3.443741798 -0.014819426 -0.003126486 0.999885261 34.458633423
0.999855936 0.004075249 0.016473265 1.712831974 -0.004196564 0.999964297 0.007336492 -3.678311110 -0.016442778 -0.007404568 0.999837399 36.768730164
0.999834776 0.005909210 0.017191418 1.830649853 -0.006027616 0.999958456 0.006843826 -3.897764921 -0.017150259 -0.006946320 0.999828815 39.041561127
0.999807000 0.004877182 0.019026441 1.936564445 -0.004977871 0.999973834 0.005248277 -4.103763580 -0.019000344 -0.005341976 0.999805212 41.338043213
0.999812782 0.002464167 0.019193204 2.062506199 -0.002548073 0.999987304 0.004348442 -4.331153393 -0.019182242 -0.004396533 0.999806345 43.613636017
0.999815166 0.002486301 0.019065823 2.203616858 -0.002548132 0.999991596 0.003219412 -4.556864738 -0.019057659 -0.003267400 0.999813020 45.858833313
0.999808848 0.001874765 0.019468971 2.324500084 -0.001916966 0.999995828 0.002149191 -4.786853313 -0.019464854 -0.002186101 0.999808133 48.145713806
0.999808311 0.000572259 0.019576380 2.461668015 -0.000624599 0.999996185 0.002667621 -5.018618584 -0.019574778 -0.002679337 0.999804795 50.423496246
0.999788344 -0.000039648 0.020573279 2.592256546 -0.000021527 0.999995589 0.002973304 -5.243322849 -0.020573305 -0.002973118 0.999783933 52.689636230
0.999779940 -0.001150744 0.020946244 2.728065491 0.001090063 0.999995172 0.002908170 -5.474319458 -0.020949489 -0.002884698 0.999776363 54.972400665
0.999762774 -0.001763035 0.021708455 2.864019871 0.001683997 0.999991894 0.003658680 -5.710294247 -0.021714734 -0.003621255 0.999757648 57.268665314
0.999744236 -0.002996035 0.022415940 3.001857758 0.002896680 0.999985754 0.004463479 -5.938197613 -0.022428995 -0.004397405 0.999738753 59.536430359
0.999704421 -0.004608178 0.023870695 3.131926537 0.004517972 0.999982476 0.003831442 -6.162788391 -0.023887934 -0.003722463 0.999707639 61.804374695
0.999687135 -0.005381909 0.024427241 3.283835411 0.005292004 0.999979019 0.003743692 -6.388664246 -0.024446875 -0.003613251 0.999694586 64.057876587
0.999657512 -0.004868340 0.025709674 3.425102711 0.004761987 0.999979854 0.004196307 -6.610563278 -0.025729584 -0.004072441 0.999660671 66.333648682
0.999641299 -0.003964961 0.026487829 3.574050188 0.003841074 0.999981403 0.004726410 -6.839561462 -0.026506081 -0.004622973 0.999637961 68.593673706
0.999604702 -0.004109864 0.027811190 3.711951733 0.003993750 0.999983072 0.004229368 -7.062052250 -0.027828099 -0.004116626 0.999604225 70.848587036
0.999593079 -0.004877348 0.028105726 3.873526573 0.004798543 0.999984384 0.002870673 -7.286087990 -0.028119287 -0.002734639 0.999600768 73.104278564
0.999578357 -0.005816599 0.028447095 4.032281876 0.005725417 0.999978185 0.003285739 -7.514477730 -0.028465590 -0.003121482 0.999589860 75.386070251
0.999538958 -0.006981052 0.029547753 4.194598675 0.006901867 0.999972284 0.002781078 -7.746648312 -0.029566351 -0.002575861 0.999559522 77.651237488
0.999529064 -0.007977246 0.029631754 4.346121788 0.007901346 0.999965131 0.002677684 -7.978295803 -0.029652085 -0.002442293 0.999557316 79.910804749
0.999500215 -0.008492555 0.030450510 4.494822502 0.008430345 0.999962091 0.002170828 -8.194971085 -0.030467791 -0.001913034 0.999534011 82.165122986
0.999474764 -0.007555350 0.031512771 4.658932686 0.007495058 0.999969840 0.002030916 -8.423287392 -0.031527169 -0.001793660 0.999501228 84.452926636
0.999424994 -0.007306650 0.033106361 4.814810753 0.007228174 0.999970794 0.002489466 -8.643693924 -0.033123579 -0.002248736 0.999448717 86.711601257
0.999419689 -0.007090823 0.033316974 4.984583378 0.006957286 0.999967277 0.004122311 -8.881686211 -0.033345114 -0.003888124 0.999436319 88.995162964
0.999391437 -0.006239061 0.034320004 5.145304680 0.006077147 0.999969900 0.004820044 -9.108338356 -0.034349043 -0.004608543 0.999399245 91.249557495
0.999357462 -0.006046700 0.035330653 5.310439110 0.005873832 0.999970257 0.004994609 -9.332111359 -0.035359807 -0.004783873 0.999363184 93.487365723
0.999342024 -0.006532916 0.035677008 5.489282608 0.006400276 0.999972165 0.003830746 -9.547382355 -0.035701040 -0.003599882 0.999356151 95.729370117
0.999305367 -0.007271837 0.036549650 5.657044888 0.007117925 0.999965191 0.004339425 -9.771656990 -0.036579929 -0.004076253 0.999322414 97.972930908
0.999274731 -0.006908781 0.037445057 5.817797661 0.006765345 0.999969304 0.003955955 -10.004815102 -0.037471231 -0.003699758 0.999290824 100.214088440
0.999205589 -0.006860028 0.039257772 5.971029282 0.006672841 0.999965727 0.004897220 -10.221469879 -0.039290018 -0.004631369 0.999217153 102.441650391
0.999213994 -0.007151170 0.038986664 6.176573753 0.006959870 0.999963045 0.005040343 -10.448307991 -0.039021265 -0.004765039 0.999227047 104.706817627
0.999173582 -0.007869094 0.039876763 6.350667000 0.007654442 0.999955416 0.005532725 -10.663504601 -0.039918520 -0.005222917 0.999189317 106.945587158
0.999150217 -0.009251993 0.040163375 6.536304474 0.009031339 0.999943256 0.005671902 -10.880723953 -0.040213563 -0.005304353 0.999177039 109.197883606
0.999112070 -0.010228445 0.040870868 6.716292381 0.009967693 0.999928653 0.006578607 -11.106354713 -0.040935233 -0.006165376 0.999142766 111.450920105
0.999091804 -0.011037780 0.041151676 6.907320023 0.010831215 0.999927640 0.005239166 -11.328433990 -0.041206528 -0.004788687 0.999139130 113.718734741
0.999042869 -0.011398324 0.042230450 7.087258339 0.011222472 0.999927342 0.004398888 -11.550561905 -0.042277530 -0.003920746 0.999098241 115.972190857
0.999001145 -0.011763330 0.043107040 7.265992165 0.011561956 0.999921024 0.004917773 -11.779429436 -0.043161482 -0.004414459 0.999058485 118.219589233
0.998949111 -0.011987894 0.044236701 7.454237461 0.011741078 0.999914050 0.005835060 -12.006262779 -0.044302866 -0.005309541 0.999004006 120.489501953
0.998940051 -0.012702016 0.044244573 7.660041332 0.012417631 0.999900460 0.006696512 -12.235144615 -0.044325236 -0.006140002 0.998998344 122.699508667
0.998862624 -0.013311742 0.045783482 7.849137783 0.013062223 0.999898195 0.005744877 -12.454277992 -0.045855291 -0.005140310 0.998934865 125.010467529
0.998827636 -0.013269701 0.046554428 8.031000137 0.013042927 0.999901533 0.005171580 -12.682032585 -0.046618469 -0.004558312 0.998902380 127.273101807
0.998810649 -0.014854754 0.046437640 8.222623825 0.014603727 0.999876857 0.005740288 -12.902691841 -0.046517182 -0.005055299 0.998904705 129.534622192
0.998831928 -0.016084973 0.045564234 8.411935806 0.015832966 0.999857306 0.005886338 -13.116512299 -0.045652404 -0.005158045 0.998944044 131.782684326
0.998891354 -0.016348021 0.044145260 8.610511780 0.016049501 0.999845862 0.007108234 -13.335039139 -0.044254664 -0.006391844 0.998999834 134.019241333
0.998941660 -0.017374918 0.042586539 8.796535492 0.017104860 0.999831200 0.006697665 -13.555088043 -0.042695727 -0.005962138 0.999070346 136.276031494
0.999011338 -0.018269980 0.040528461 9.004479408 0.018029524 0.999817610 0.006290569 -13.770669937 -0.040635999 -0.005553640 0.999158621 138.504745483
0.999000192 -0.018918261 0.040504020 9.168970108 0.018678175 0.999805629 0.006297805 -13.991535187 -0.040615283 -0.005534968 0.999159515 140.790374756
0.998991847 -0.019291366 0.040534925 9.341571808 0.019048747 0.999798298 0.006363070 -14.200094223 -0.040649503 -0.005584516 0.999157846 143.023757935
0.999029875 -0.019392828 0.039536625 9.526337624 0.019081555 0.999784112 0.008235176 -14.436119080 -0.039687783 -0.007472767 0.999184191 145.255889893
0.999047458 -0.018424891 0.039555155 9.702990532 0.018158158 0.999809980 0.007092090 -14.649233818 -0.039678313 -0.006367086 0.999192238 147.504837036
0.999062061 -0.017347639 0.039677180 9.881313324 0.017140383 0.999837577 0.005557999 -14.865036011 -0.039767161 -0.004872703 0.999197066 149.759140015
0.999073565 -0.015835792 0.040014710 10.058675766 0.015664162 0.999866664 0.004599067 -15.083997726 -0.040082209 -0.003968009 0.999188483 152.011886597
0.999078631 -0.015089301 0.040177062 10.244836807 0.014913312 0.999877870 0.004676378 -15.302414894 -0.040242709 -0.004072895 0.999181747 154.253341675
0.999057949 -0.014580732 0.040873490 10.431943893 0.014395009 0.999884665 0.004834523 -15.518228531 -0.040939271 -0.004241594 0.999152660 156.513320923
0.999057353 -0.012785583 0.041484099 10.599500656 0.012512577 0.999898374 0.006833941 -15.750102043 -0.041567255 -0.006308425 0.999115884 158.762741089
0.999008775 -0.012302298 0.042779349 10.786409378 0.011982974 0.999898493 0.007712878 -15.966300964 -0.042869896 -0.007192608 0.999054730 161.008346558
0.998981476 -0.010710910 0.043831956 10.951789856 0.010299329 0.999900818 0.009605017 -16.184928894 -0.043930486 -0.009143793 0.998992741 163.305847168
0.998957515 -0.010213936 0.044495214 11.142251968 0.009835461 0.999913573 0.008716565 -16.386848450 -0.044580411 -0.008269845 0.998971581 165.568267822
0.998919547 -0.009700832 0.045447662 11.341318130 0.009384508 0.999930263 0.007168354 -16.596019745 -0.045514032 -0.006734106 0.998940945 167.816162109
0.998844862 -0.007802852 0.047413953 11.527822495 0.007450429 0.999943316 0.007605087 -16.811969757 -0.047470599 -0.007243047 0.998846292 170.054412842
0.998712301 -0.007370698 0.050192211 11.721679688 0.006977389 0.999943554 0.008006759 -17.045034409 -0.050248392 -0.007646239 0.998707414 172.353012085
0.998593092 -0.007516193 0.052490696 11.924879074 0.007106841 0.999942899 0.007980892 -17.262279510 -0.052547686 -0.007596620 0.998589456 174.625183105
0.998508155 -0.007272653 0.054116786 12.135764122 0.006825280 0.999941051 0.008447031 -17.477912903 -0.054175019 -0.008065068 0.998498857 176.885726929
0.998460770 -0.007619848 0.054935791 12.340227127 0.007110203 0.999929845 0.009466605 -17.688655853 -0.055004075 -0.009061429 0.998444974 179.111251831
0.998457074 -0.009229938 0.054756269 12.565294266 0.008739019 0.999919474 0.009198220 -17.911466599 -0.054836765 -0.008705512 0.998457313 181.394531250
0.998420477 -0.009963060 0.055292156 12.766991615 0.009477042 0.999914169 0.009045285 -18.121055603 -0.055377524 -0.008506992 0.998429239 183.639511108
0.998489320 -0.011922685 0.053639743 13.006584167 0.011473459 0.999896467 0.008675071 -18.344598770 -0.053737622 -0.008046530 0.998522699 185.891357422
0.998507202 -0.013725793 0.052866932 13.222902298 0.013249498 0.999868512 0.009349308 -18.555671692 -0.052988313 -0.008634889 0.998557806 188.141311646
0.998523831 -0.014450992 0.052358467 13.429430962 0.014009636 0.999863267 0.008786775 -18.762132645 -0.052478276 -0.008040283 0.998589694 190.382812500
0.998481393 -0.015709344 0.052802984 13.636502266 0.015277566 0.999846578 0.008570892 -18.982025146 -0.052929521 -0.007751172 0.998568118 192.619033813
0.998456180 -0.017415762 0.052744135 13.839002609 0.017018914 0.999823391 0.007963874 -19.195096970 -0.052873515 -0.007053932 0.998576283 194.861587524
0.998479187 -0.016772611 0.052515339 14.051492691 0.016350586 0.999830484 0.008455588 -19.413068771 -0.052648261 -0.007584071 0.998584330 197.102661133
0.998483956 -0.014490574 0.053100858 14.256572723 0.014059953 0.999865174 0.008474139 -19.623115540 -0.053216483 -0.007714697 0.998553336 199.337646484
0.998493433 -0.012332438 0.053466063 14.458734512 0.011898537 0.999893725 0.008426208 -19.842918396 -0.053564291 -0.007777346 0.998534143 201.566268921
0.998459995 -0.011768797 0.054214004 14.667489052 0.011367428 0.999905646 0.007705879 -20.057664871 -0.054299578 -0.007077740 0.998499572 203.820312500
0.998430848 -0.012437064 0.054598801 14.877336502 0.012001149 0.999893427 0.008304597 -20.267282486 -0.054696269 -0.007636318 0.998473763 206.058776855
0.998380661 -0.013882834 0.055167016 15.082208633 0.013405001 0.999869406 0.009022204 -20.483070374 -0.055285059 -0.008268079 0.998436391 208.278244019
0.998363376 -0.013995957 0.055448920 15.308702469 0.013526507 0.999869525 0.008832622 -20.697675705 -0.055565305 -0.008068136 0.998422384 210.553771973
0.998273075 -0.013561220 0.057156723 15.524267197 0.013017552 0.999866486 0.009873519 -20.911033630 -0.057282988 -0.009112426 0.998316407 212.807373047
0.998192549 -0.012300460 0.058824524 15.760494232 0.011730403 0.999880910 0.010026353 -21.121767044 -0.058940854 -0.009318194 0.998218000 215.046035767
0.998006284 -0.010442263 0.062245049 15.971112251 0.009833888 0.999900937 0.010072216 -21.330631256 -0.062344059 -0.009440023 0.998010099 217.327148438
0.997871995 -0.010589369 0.064337820 16.203392029 0.009939699 0.999896407 0.010409452 -21.540437698 -0.064441375 -0.009747802 0.997873843 219.571517944
0.997749090 -0.011918968 0.065989845 16.442169189 0.011220537 0.999877095 0.010944469 -21.745498657 -0.066112198 -0.010179393 0.997760236 221.805908203
0.997639656 -0.013192460 0.067389630 16.679723740 0.012431608 0.999854207 0.011697303 -21.948904037 -0.067534141 -0.010831932 0.997658074 224.046676636
0.997573078 -0.015419072 0.067898758 16.931480408 0.014696816 0.999830246 0.011123951 -22.163450241 -0.068058744 -0.010099058 0.997630179 226.278747559
0.997540772 -0.016643938 0.068083525 17.175880432 0.015944147 0.999814391 0.010808976 -22.368284225 -0.068250813 -0.009696858 0.997621059 228.530105591
0.997485757 -0.016883234 0.068828225 17.418701172 0.016165141 0.999809086 0.010976834 -22.573780060 -0.069000423 -0.009836620 0.997568071 230.774688721
0.997429967 -0.017889621 0.069376834 17.665180206 0.017216666 0.999798894 0.010285866 -22.784280777 -0.069546893 -0.009064996 0.997537494 233.020889282
0.997428536 -0.018941853 0.069120005 17.939449310 0.018196061 0.999769390 0.011403564 -23.000495911 -0.069320060 -0.010116530 0.997543097 235.306945801
0.997387290 -0.018760486 0.069761381 18.185344696 0.018004175 0.999772310 0.011454439 -23.204080582 -0.069960393 -0.010168513 0.997497916 237.550888062
0.997338533 -0.018414825 0.070545889 18.424695969 0.017662706 0.999780476 0.011270407 -23.406372070 -0.070737943 -0.009994379 0.997444868 239.777252197
0.997298241 -0.018601082 0.071066745 18.672477722 0.017831199 0.999775410 0.011452330 -23.610675812 -0.071263820 -0.010154184 0.997405827 242.007797241
0.997256160 -0.019098083 0.071523502 18.921821594 0.018318854 0.999765575 0.011535020 -23.811496735 -0.071727060 -0.010193137 0.997372210 244.244567871
0.997205853 -0.019096205 0.072219819 19.168458939 0.018365545 0.999773324 0.010767775 -24.021209717 -0.072409049 -0.009411333 0.997330606 246.475097656
0.997221887 -0.018474139 0.072160974 19.430383682 0.017791502 0.999790788 0.010091337 -24.231784821 -0.072332308 -0.008779448 0.997341931 248.716857910
0.997211456 -0.018670132 0.072255068 19.692243576 0.017941674 0.999781549 0.010717751 -24.444955826 -0.072439380 -0.009391487 0.997328520 250.958358765
0.997195661 -0.020133490 0.072078899 19.955337524 0.019408381 0.999753892 0.010746258 -24.654903412 -0.072277524 -0.009317187 0.997341156 253.190582275
0.997190416 -0.019959278 0.072200075 20.221035004 0.019191580 0.999751866 0.011311135 -24.860330582 -0.072407924 -0.009893723 0.997326016 255.448989868
0.997133434 -0.020572595 0.072812781 20.462385178 0.019770451 0.999735892 0.011720217 -25.070127487 -0.073034681 -0.010247078 0.997276723 257.674377441
0.997119904 -0.021028148 0.072866797 20.731473923 0.020196022 0.999722362 0.012137968 -25.280712128 -0.073101826 -0.010631393 0.997267842 259.943511963
0.997092783 -0.020769335 0.073311895 20.991922379 0.019971423 0.999733269 0.011600223 -25.484560013 -0.073533252 -0.010102359 0.997241616 262.187652588
0.997066736 -0.020604188 0.073711425 21.254211426 0.019839833 0.999741673 0.011086831 -25.687810898 -0.073920809 -0.009591890 0.997217953 264.447998047
0.997032166 -0.019852273 0.074382730 21.516592026 0.019120786 0.999761701 0.010533453 -25.896368027 -0.074574105 -0.009079933 0.997174144 266.689453125
0.996967494 -0.019218516 0.075409561 21.777744293 0.018467924 0.999772906 0.010638325 -26.099861145 -0.075596884 -0.009213407 0.997095942 268.937469482
0.996863186 -0.018940682 0.076844111 22.044082642 0.018194539 0.999780357 0.010398428 -26.317417145 -0.077024192 -0.008967666 0.996988893 271.197418213
0.996755958 -0.019647062 0.078049526 22.314689636 0.018867679 0.999764562 0.010710766 -26.527439117 -0.078241594 -0.009203404 0.996891975 273.446044922
0.996574581 -0.020344663 0.080157503 22.571062088 0.019496441 0.999745429 0.011350518 -26.730936050 -0.080368042 -0.009748849 0.996717572 275.694396973
0.996468186 -0.020332875 0.081471346 22.851112366 0.019366249 0.999732554 0.012637364 -26.930381775 -0.081706531 -0.011014936 0.996595562 277.934387207
0.996402681 -0.019254074 0.082528308 23.142940521 0.018145049 0.999734998 0.014167240 -27.151023865 -0.082779214 -0.012618798 0.996488035 280.204956055
0.996298552 -0.018893175 0.083858378 23.425022125 0.017648477 0.999723196 0.015559472 -27.358642578 -0.084129125 -0.014021904 0.996356249 282.439819336
0.996217012 -0.018249936 0.084962562 23.704587936 0.017023377 0.999740422 0.015138677 -27.548898697 -0.085216790 -0.013635059 0.996269107 284.692443848
0.996118724 -0.017250994 0.086312898 23.973674774 0.016045675 0.999764085 0.014638894 -27.744216919 -0.086545072 -0.013197128 0.996160448 286.915740967
0.996103108 -0.016484981 0.086641975 24.269985199 0.015379112 0.999791682 0.013415782 -27.936790466 -0.086845085 -0.012031024 0.996149182 289.170928955
0.996047258 -0.017332641 0.087117903 24.547811508 0.016176509 0.999771714 0.013959495 -28.144317627 -0.087339953 -0.012495054 0.996100247 291.396423340
0.995929599 -0.016947987 0.088528499 24.805515289 0.015912805 0.999796689 0.012386019 -28.335161209 -0.088720441 -0.010926867 0.995996654 293.651916504
0.995959222 -0.017515326 0.088081285 25.097486496 0.016564149 0.999796450 0.011518236 -28.535520554 -0.088265091 -0.010012704 0.996046662 295.885620117
0.995955229 -0.017594866 0.088111289 25.383413315 0.016654352 0.999796331 0.011398017 -28.739795685 -0.088293895 -0.009884481 0.996045351 298.118316650
0.995941043 -0.016982598 0.088391028 25.667755127 0.016029807 0.999805748 0.011478019 -28.939571381 -0.088568784 -0.010014541 0.996019661 300.354248047
0.995904207 -0.016789082 0.088842198 25.936182022 0.015740467 0.999798059 0.012490666 -29.148338318 -0.089033961 -0.011041090 0.995967388 302.599029541
0.995903373 -0.017067527 0.088798113 26.228445053 0.016010484 0.999792397 0.012602610 -29.351142883 -0.088994764 -0.011129281 0.995969892 304.852478027
0.995867193 -0.016367029 0.089334182 26.519138336 0.015271900 0.999799728 0.012928638 -29.555030823 -0.089527898 -0.011510903 0.995917916 307.100372314
0.995861411 -0.017092660 0.089263007 26.808416367 0.015997211 0.999787986 0.012973221 -29.764081955 -0.089465819 -0.011491570 0.995923579 309.355194092
0.995823920 -0.018588379 0.089382157 27.100076675 0.017451230 0.999756753 0.013487031 -29.965211868 -0.089611121 -0.011870879 0.995906115 311.608551025
0.995793998 -0.018271377 0.089779153 27.389446259 0.017196290 0.999771059 0.012733777 -30.167634964 -0.089991257 -0.011136350 0.995880306 313.848510742
0.995816767 -0.018147008 0.089552015 27.687500000 0.017009590 0.999764860 0.013448139 -30.373485565 -0.089775018 -0.011868638 0.995891273 316.096832275
0.995760918 -0.016524535 0.090482898 27.979381561 0.015442483 0.999800742 0.012645737 -30.578689575 -0.090673842 -0.011194850 0.995817721 318.351104736
0.995746195 -0.015072431 0.090896487 28.265653610 0.013936484 0.999816835 0.013118957 -30.779775620 -0.091077559 -0.011796377 0.995773852 320.596313477
0.995710254 -0.014093827 0.091446474 28.554803848 0.012970066 0.999833047 0.012871452 -30.986005783 -0.091612630 -0.011630167 0.995726824 322.835540771
0.995644629 -0.013313839 0.092274196 28.838151932 0.012150045 0.999839544 0.013162679 -31.182888031 -0.092434622 -0.011984214 0.995646596 325.078552246
0.995624959 -0.012665582 0.092577234 29.136653900 0.011361907 0.999829054 0.014595513 -31.393451691 -0.092746250 -0.013479806 0.995598495 327.310089111
0.995604515 -0.013106786 0.092736766 29.429065704 0.011813918 0.999825418 0.014476570 -31.599376678 -0.092910327 -0.013317355 0.995585442 329.558288574
0.995593905 -0.014752699 0.092601426 29.732969284 0.013549685 0.999815762 0.013606624 -31.798587799 -0.092785083 -0.012291954 0.995610297 331.794036865
0.995588303 -0.014494832 0.092702620 30.026405334 0.013297751 0.999820352 0.013517835 -32.000724792 -0.092881896 -0.012225465 0.995602071 334.012542725
0.995573938 -0.014913390 0.092790119 30.321788788 0.013609838 0.999799848 0.014665391 -32.199600220 -0.092990249 -0.013337623 0.995577693 336.246154785
0.995616555 -0.015504684 0.092234634 30.629810333 0.014214098 0.999792039 0.014632935 -32.395973206 -0.092442304 -0.013257761 0.995629787 338.483276367
0.995633364 -0.015180009 0.092107333 30.921840668 0.013873653 0.999794126 0.014806798 -32.598503113 -0.092313141 -0.013464278 0.995638907 340.726379395
0.995691299 -0.015643032 0.091401011 31.226800919 0.014351891 0.999787986 0.014766377 -32.801559448 -0.091612622 -0.013390975 0.995704591 342.975463867
0.995700777 -0.016259169 0.091189310 31.519756317 0.014955605 0.999776363 0.014960298 -32.994453430 -0.091412134 -0.013532192 0.995721221 345.228271484
0.995760560 -0.015908901 0.090596743 31.817180634 0.014613288 0.999781489 0.014946288 -33.189094543 -0.090814732 -0.013559008 0.995775521 347.467254639
0.995814264 -0.016042849 0.089980781 32.109447479 0.014761209 0.999780118 0.014890979 -33.386562347 -0.090199880 -0.013500425 0.995832145 349.699554443
0.995825589 -0.015678328 0.089920171 32.397384644 0.014357224 0.999779582 0.015320035 -33.587997437 -0.090140551 -0.013965080 0.995831132 351.939086914
0.995868385 -0.015714351 0.089438528 32.687084198 0.014370940 0.999774337 0.015644733 -33.783061981 -0.089664198 -0.014294780 0.995869458 354.163848877
0.995893419 -0.015685240 0.089164399 32.974880219 0.014383928 0.999780715 0.015218394 -33.981197357 -0.089383543 -0.013873363 0.995900571 356.399658203
0.995945334 -0.015946034 0.088535011 33.269920349 0.014614812 0.999770463 0.015664088 -34.178642273 -0.088764466 -0.014306653 0.995949864 358.632537842
0.995989680 -0.015574806 0.088101812 33.560657501 0.014171968 0.999763012 0.016526135 -34.377243042 -0.088338323 -0.015211285 0.995974362 360.875152588
0.996055007 -0.015870428 0.087308437 33.855655670 0.014472934 0.999757171 0.016616261 -34.575759888 -0.087550946 -0.015287098 0.996042728 363.117309570
0.996098578 -0.015616348 0.086854242 34.145416260 0.014197133 0.999755740 0.016934033 -34.768878937 -0.087097473 -0.015634883 0.996077120 365.357147217
0.996153116 -0.015519025 0.086244270 34.434440613 0.014164113 0.999766827 0.016299976 -34.965187073 -0.086477108 -0.015015700 0.996140659 367.609863281
0.996174753 -0.016085370 0.085890107 34.716773987 0.014753453 0.999761224 0.016119612 -35.161239624 -0.086128876 -0.014790772 0.996174216 369.858276367
0.996162713 -0.016051034 0.086036295 34.994888306 0.014796262 0.999774992 0.015202158 -35.353248596 -0.086260930 -0.013870807 0.996176064 372.122802734
0.996219277 -0.015921133 0.085403204 35.279327393 0.014672541 0.999776363 0.015227840 -35.551612854 -0.085626572 -0.013917185 0.996230125 374.350158691
0.996311069 -0.015852341 0.084339358 35.572998047 0.014555694 0.999766529 0.015966984 -35.747680664 -0.084572807 -0.014680463 0.996309161 376.594848633
0.996228933 -0.015277700 0.085407645 35.839973450 0.013924169 0.999768198 0.016421242 -35.943721771 -0.085638739 -0.015170088 0.996210694 378.851379395
0.996224940 -0.015908081 0.085339405 36.122631073 0.014532214 0.999754608 0.016719412 -36.143867493 -0.085584454 -0.015416125 0.996211648 381.096038818
0.996240437 -0.015815152 0.085175455 36.410400391 0.014455140 0.999758363 0.016560357 -36.330825806 -0.085416764 -0.015266872 0.996228337 383.355834961
0.996256232 -0.015062181 0.085127339 36.696449280 0.013686006 0.999766409 0.016726622 -36.528388977 -0.085359380 -0.015498945 0.996229649 385.604827881
0.996253252 -0.013916635 0.085356973 36.971710205 0.012525137 0.999780118 0.016816039 -36.715503693 -0.085572228 -0.015683925 0.996208489 387.853332520
0.996273398 -0.012911202 0.085279539 37.260047913 0.011499790 0.999789000 0.017020982 -36.923309326 -0.085481316 -0.015976859 0.996211588 390.115905762
0.996264577 -0.011661775 0.085561208 37.536903381 0.010259917 0.999806106 0.016805755 -37.117237091 -0.085740611 -0.015865130 0.996191144 392.391326904
0.996296585 -0.010590680 0.085328437 37.824493408 0.009075115 0.999794424 0.018129932 -37.311336517 -0.085502915 -0.017288422 0.996187866 394.647125244
0.996232569 -0.009483611 0.086201303 38.097953796 0.007902894 0.999794662 0.018660288 -37.508144379 -0.086360574 -0.017908748 0.996102989 396.910491943
0.996186852 -0.009168796 0.086761907 38.379852295 0.007709617 0.999823511 0.017138364 -37.709259033 -0.086903729 -0.016404113 0.996081650 399.171661377
0.996158004 -0.008906178 0.087119825 38.665874481 0.007495211 0.999835730 0.016509419 -37.907093048 -0.087252535 -0.015793011 0.996060967 401.441314697
0.996051669 -0.010113757 0.088197179 38.938579559 0.008595806 0.999808609 0.017573720 -38.098159790 -0.088358052 -0.016746210 0.995948017 403.706695557
0.995988131 -0.011674404 0.088720471 39.224933624 0.010042190 0.999772489 0.018821422 -38.294551849 -0.088920020 -0.017854964 0.995878696 405.959442139
0.995986223 -0.012631869 0.088609956 39.516624451 0.011013276 0.999763906 0.018731683 -38.484672546 -0.088825636 -0.017680611 0.995890379 408.207672119
0.995935500 -0.012342442 0.089219205 39.809314728 0.010854912 0.999794245 0.017138794 -38.671211243 -0.089412384 -0.016100667 0.995864511 410.471221924
0.995916545 -0.010869958 0.089622177 40.119274139 0.009320177 0.999800026 0.017692793 -38.875312805 -0.089796558 -0.016785251 0.995818675 412.743743896
0.995831013 -0.009710147 0.090699129 40.398872375 0.008153700 0.999813437 0.017515317 -39.070125580 -0.090852275 -0.016702760 0.995724320 414.983154297
0.995730877 -0.008314966 0.091928922 40.689262390 0.006728447 0.999823272 0.017554587 -39.263263702 -0.092058644 -0.016861109 0.995610833 417.253723145
0.995681703 -0.008663025 0.092427082 40.989238739 0.007089710 0.999824584 0.017336980 -39.458763123 -0.092561074 -0.016606836 0.995568454 419.508178711
0.995573640 -0.008569567 0.093592793 41.278678894 0.006975600 0.999825239 0.017344756 -39.651187897 -0.093725078 -0.016615119 0.995459378 421.760498047
0.995486140 -0.008853665 0.094492778 41.569850922 0.007266521 0.999826908 0.017127350 -39.849548340 -0.094628058 -0.016363405 0.995378315 424.019439697
0.995408893 -0.009224032 0.095268041 41.870967865 0.007514933 0.999804616 0.018283127 -40.044651031 -0.095418066 -0.017483259 0.995283723 426.291137695
0.995368719 -0.008310386 0.095770061 42.172069550 0.006529896 0.999800384 0.018889740 -40.236125946 -0.095907919 -0.018176891 0.995224237 428.541992188
0.995287240 -0.007451206 0.096684255 42.478195190 0.005582666 0.999792695 0.019582376 -40.427017212 -0.096810117 -0.018950332 0.995122433 430.817077637
0.995285988 -0.008112604 0.096643016 42.780479431 0.006226785 0.999784589 0.019798866 -40.626430511 -0.096782811 -0.019103760 0.995122194 433.089843750
0.995243847 -0.008789390 0.097017996 43.090435028 0.006952299 0.999790311 0.019257402 -40.826538086 -0.097166903 -0.018491311 0.995096326 435.354919434
0.995263100 -0.007956638 0.096892245 43.409446716 0.006118394 0.999795914 0.019254396 -41.003616333 -0.097025685 -0.018570369 0.995108604 437.624664307
0.995218575 -0.008453709 0.097306304 43.721778870 0.006570954 0.999785364 0.019652966 -41.198211670 -0.097451545 -0.018919600 0.995060444 439.908874512
0.995256364 -0.008657703 0.096900873 44.038974762 0.006764590 0.999780178 0.019848125 -41.387912750 -0.097051404 -0.019098476 0.995096087 442.181854248
0.995216906 -0.007821476 0.097377218 44.347373962 0.005812813 0.999764800 0.020894291 -41.587726593 -0.097517766 -0.020228310 0.995028198 444.452850342
0.995185971 -0.008395164 0.097644240 44.662406921 0.006386682 0.999761939 0.020863807 -41.772258759 -0.097796135 -0.020139746 0.995002806 446.729034424
0.995156348 -0.007972062 0.097980686 44.968315125 0.006010788 0.999775887 0.020295864 -41.961307526 -0.098120525 -0.019608619 0.994981349 448.994262695
0.995160103 -0.007335330 0.097992957 45.281921387 0.005380861 0.999781549 0.020194419 -42.156318665 -0.098119706 -0.019569391 0.994982183 451.258392334
0.995101810 -0.006686047 0.098629251 45.590187073 0.004762571 0.999794126 0.019724634 -42.350357056 -0.098740846 -0.019158291 0.994928658 453.521179199
0.995020151 -0.006159348 0.099483326 45.895629883 0.004197279 0.999792695 0.019919867 -42.534885406 -0.099585392 -0.019403109 0.994839966 455.800018311
0.994999647 -0.006060012 0.099693939 46.202587128 0.004113167 0.999797046 0.019722177 -42.732784271 -0.099793218 -0.019213503 0.994822800 458.056793213
0.995007873 -0.005080504 0.099667363 46.527233124 0.003215637 0.999816895 0.018862635 -42.924236298 -0.099744931 -0.018447977 0.994841993 460.344543457
0.994986773 -0.004099026 0.099922307 46.842216492 0.002167088 0.999808729 0.019435283 -43.117374420 -0.099982865 -0.019121308 0.994805396 462.630767822
0.995038629 -0.003799153 0.099416949 47.160297394 0.001738268 0.999781966 0.020808123 -43.310340881 -0.099474341 -0.020532075 0.994828284 464.906311035
0.995070398 -0.003952235 0.099091783 47.467594147 0.001863015 0.999774337 0.021167366 -43.495956421 -0.099153057 -0.020878408 0.994853258 467.171997070
0.995169699 -0.004127198 0.098082930 47.787094116 0.002171202 0.999796748 0.020040642 -43.685840607 -0.098145716 -0.019730883 0.994976401 469.452331543
0.995259166 -0.004127597 0.097172096 48.112358093 0.002220800 0.999803007 0.019722879 -43.881320953 -0.097234376 -0.019413572 0.995072067 471.748046875
0.995335460 -0.004646978 0.096362785 48.424381256 0.002623177 0.999773562 0.021117959 -44.082176208 -0.096439078 -0.020766675 0.995122254 474.029022217
0.995279014 -0.004853253 0.096934102 48.717689514 0.002788343 0.999766529 0.021426326 -44.272743225 -0.097015440 -0.021054883 0.995060146 476.311065674
0.995406687 -0.004708803 0.095620953 49.028263092 0.002718227 0.999777198 0.020936957 -44.451450348 -0.095698245 -0.020580869 0.995197535 478.604980469
0.995437801 -0.004868947 0.095287807 49.337779999 0.002823289 0.999762893 0.021591261 -44.639423370 -0.095370330 -0.021223733 0.995215595 480.889068604
0.995462537 -0.005581373 0.094990596 49.648044586 0.003494141 0.999749124 0.022125214 -44.828994751 -0.095090255 -0.021692911 0.995232284 483.161621094
0.995486617 -0.005911383 0.094717704 49.950164795 0.003885879 0.999760091 0.021554831 -45.015735626 -0.094822414 -0.021089483 0.995270729 485.438659668
0.995531559 -0.006466581 0.094207741 50.256893158 0.004377656 0.999740303 0.022363406 -45.213748932 -0.094327897 -0.021851068 0.995301306 487.722778320
0.995605588 -0.006398370 0.093426548 50.553638458 0.004354902 0.999747157 0.022059981 -45.391624451 -0.093544073 -0.021556176 0.995381773 489.996368408
0.995631456 -0.006006907 0.093176946 50.856811523 0.003924139 0.999738693 0.022519961 -45.574321747 -0.093287885 -0.022055944 0.995394766 492.296661377
0.995686471 -0.005397988 0.092624567 51.161399841 0.003290729 0.999732614 0.022888200 -45.756694794 -0.092723362 -0.022484668 0.995438099 494.577728271
0.995694935 -0.005158686 0.092548713 51.452495575 0.003093438 0.999743223 0.022444861 -45.941192627 -0.092640750 -0.022061935 0.995455146 496.878295898
0.995728016 -0.004894602 0.092205301 51.764484406 0.002866336 0.999751270 0.022116879 -46.137107849 -0.092290632 -0.021758106 0.995494306 499.196685791
0.995779335 -0.004964250 0.091644138 52.065273285 0.002873514 0.999732912 0.022931496 -46.323837280 -0.091733500 -0.022571370 0.995527864 501.493896484
0.995785117 -0.004694549 0.091597743 52.357456207 0.002574908 0.999726474 0.023245225 -46.513015747 -0.091681823 -0.022911396 0.995524764 503.768676758
0.995796919 -0.003671132 0.091514878 52.653144836 0.001625907 0.999747455 0.022413090 -46.698322296 -0.091574043 -0.022170097 0.995551467 506.062347412
0.995789528 -0.003326118 0.091608830 52.943695068 0.001209208 0.999731123 0.023153964 -46.887794495 -0.091661222 -0.022945695 0.995525837 508.350982666
0.995807290 -0.003490572 0.091409266 53.244373322 0.001469498 0.999753177 0.022168150 -47.073623657 -0.091464080 -0.021940883 0.995566607 510.642700195
0.995842695 -0.004154104 0.090995125 53.550270081 0.002054548 0.999729693 0.023154816 -47.267765045 -0.091066711 -0.022871602 0.995582104 512.950012207
0.995861828 -0.003823115 0.090799861 53.849845886 0.001725533 0.999730110 0.023168435 -47.449058533 -0.090863928 -0.022915883 0.995599627 515.251586914
0.995880067 -0.002937829 0.090632044 54.148071289 0.000845703 0.999732494 0.023113515 -47.636856079 -0.090675682 -0.022941636 0.995616198 517.557922363
0.995860457 -0.002054841 0.090871513 54.437171936 -0.000014749 0.999740720 0.022768363 -47.823642731 -0.090894744 -0.022675456 0.995602310 519.851989746
0.995796859 0.000199199 0.091589414 54.730468750 -0.002335129 0.999727786 0.023214137 -48.018089294 -0.091559857 -0.023330433 0.995526254 522.206481934
0.995757163 0.002206787 0.091993503 55.034156799 -0.004365618 0.999719620 0.023272581 -48.203212738 -0.091916360 -0.023575449 0.995487571 524.529602051
0.995704770 0.002891659 0.092540175 55.336093903 -0.005167786 0.999689758 0.024365926 -48.381568909 -0.092440993 -0.024739493 0.995410800 526.860046387
0.995625496 0.002830626 0.093390755 55.625015259 -0.005113230 0.999693811 0.024211194 -48.563156128 -0.093293644 -0.024582811 0.995335102 529.161560059
0.995593190 0.000932684 0.093772955 55.925373077 -0.003359934 0.999663293 0.025729779 -48.745170593 -0.093717389 -0.025931468 0.995261014 531.474853516
0.995548010 -0.000626354 0.094253749 56.237045288 -0.001777025 0.999675453 0.025412941 -48.926029205 -0.094239078 -0.025467291 0.995223820 533.800109863
0.995494664 -0.000685049 0.094814904 56.540504456 -0.001672608 0.999691427 0.024784192 -49.107059479 -0.094802611 -0.024831120 0.995186329 536.119506836
0.995418966 -0.000959874 0.095604047 56.846324921 -0.001409617 0.999693573 0.024713792 -49.292015076 -0.095598482 -0.024735343 0.995112538 538.439819336
0.995335221 -0.000344259 0.096476443 57.148605347 -0.001991220 0.999707282 0.024110440 -49.478523254 -0.096456505 -0.024190078 0.995043218 540.756591797
0.995231450 0.000288769 0.097540967 57.455314636 -0.002621831 0.999713480 0.023791473 -49.666275024 -0.097506143 -0.023933759 0.994947135 543.075012207
0.995139778 0.000850999 0.098468952 57.751617432 -0.003096070 0.999738693 0.022649227 -49.848541260 -0.098423943 -0.022844009 0.994882345 545.405578613
0.994991779 0.001046084 0.099951491 58.049663544 -0.003347087 0.999733150 0.022856278 -50.028560638 -0.099900924 -0.023076355 0.994729757 547.734069824
0.994920135 0.001041898 0.100662209 58.359752655 -0.003442934 0.999713540 0.023681622 -50.212039948 -0.100608699 -0.023907898 0.994638801 550.037353516
0.994863451 0.000637558 0.101224095 58.676856995 -0.003085303 0.999706566 0.024026738 -50.400043488 -0.101179056 -0.024215631 0.994573474 552.346923828
0.994947851 -0.000432667 0.100391969 59.013828278 -0.001890668 0.999732554 0.023046337 -50.582859039 -0.100375101 -0.023119710 0.994681001 554.662170410
0.994970918 -0.000859858 0.100160286 59.342235565 -0.001487756 0.999725938 0.023361528 -50.769523621 -0.100152925 -0.023393054 0.994697034 556.978637695
0.994912863 -0.000749528 0.100737378 59.660789490 -0.001646487 0.999717772 0.023699511 -50.953929901 -0.100726739 -0.023744809 0.994630754 559.290527344
0.994893909 -0.000328010 0.100925006 59.985733032 -0.002181007 0.999691308 0.024748867 -51.140720367 -0.100901976 -0.024842620 0.994586170 561.625549316
0.994901240 -0.001272850 0.100846119 60.315727234 -0.001297772 0.999675989 0.025420845 -51.327423096 -0.100845784 -0.025422100 0.994577229 563.955993652
0.994874835 -0.000747150 0.101112731 60.641540527 -0.001910819 0.999655187 0.026187781 -51.508422852 -0.101097450 -0.026246766 0.994530261 566.273742676
0.994829059 0.000181919 0.101563483 60.971714020 -0.002775951 0.999673426 0.025400233 -51.692661285 -0.101525694 -0.025550826 0.994504690 568.598754883
0.994856417 0.001163991 0.101288356 61.313652039 -0.003604245 0.999707580 0.023912491 -51.871398926 -0.101230890 -0.024154564 0.994569659 570.924255371
0.994829834 0.001608782 0.101543449 61.651840210 -0.004070419 0.999702811 0.024039650 -52.056648254 -0.101474598 -0.024328686 0.994540513 573.246276855
0.994861782 0.001378899 0.101234317 61.981895447 -0.003939614 0.999677181 0.025099363 -52.246555328 -0.101167046 -0.025369219 0.994545937 575.611755371
0.994837165 0.001285306 0.101475902 62.313953400 -0.004001173 0.999639034 0.026564674 -52.437614441 -0.101405144 -0.026833551 0.994483232 577.926025391
0.994748414 0.002171186 0.102327518 62.619277954 -0.004767534 0.999672711 0.025135184 -52.625061035 -0.102239445 -0.025491031 0.994433105 580.309204102
0.994797587 0.001402125 0.101862222 62.954223633 -0.003970048 0.999679387 0.025011418 -52.803176880 -0.101794481 -0.025285697 0.994484067 582.648010254
0.994739175 0.001107065 0.102433331 63.277736664 -0.003831864 0.999643922 0.026407754 -52.996826172 -0.102367632 -0.026661342 0.994389296 584.980834961
0.994740844 0.001029775 0.102418870 63.610298157 -0.003742746 0.999647021 0.026300333 -53.176322937 -0.102355652 -0.026545336 0.994393647 587.314880371
0.994718671 -0.000532059 0.102637418 63.933822632 -0.002065817 0.999680221 0.025203237 -53.356952667 -0.102618016 -0.025282161 0.994399488 589.642639160
0.994751036 -0.001318517 0.102315508 64.278022766 -0.001267273 0.999681532 0.025203591 -53.540130615 -0.102316149 -0.025200963 0.994432688 591.990722656
0.994756281 -0.002841813 0.102234088 64.606399536 0.000233669 0.999674380 0.025514437 -53.723121643 -0.102273315 -0.025356760 0.994433105 594.325195312
0.994784534 -0.003465699 0.101938941 64.947639465 0.000843432 0.999667883 0.025755763 -53.907436371 -0.101994358 -0.025535455 0.994457185 596.683349609
