1.000000000 0.000000000 0.000000000 0.000000000 0.000000000 1.000000000 0.000000000 0.000000000 0.000000000 0.000000000 1.000000000 0.000000000
0.999998450 -0.000996949 0.001414459 0.054703120 0.000994722 0.999998271 0.001573928 -0.112818033 -0.001416025 -0.001572519 0.999997735 1.206367016
0.999994457 -0.000970438 0.003178596 0.109129913 0.000962898 0.999996722 0.002372793 -0.229974121 -0.003180889 -0.002369719 0.999992132 2.401043653
0.999985337 -0.002764132 0.004654785 0.163341194 0.002754486 0.999993980 0.002077538 -0.345569581 -0.004660499 -0.002064687 0.999987006 3.617774248
0.999979973 -0.003266982 0.005421368 0.215057790 0.003259043 0.999993563 0.001472627 -0.458708704 -0.005426144 -0.001454929 0.999984205 4.837079048
0.999980509 -0.004334997 0.004492628 0.272161484 0.004329117 0.999989867 0.001317497 -0.575849116 -0.004498294 -0.001298022 0.999988973 6.061754227
0.999982595 -0.005577730 0.001975103 0.328615397 0.005575493 0.999983788 0.001136809 -0.700274348 -0.001981412 -0.001125777 0.999997318 7.307687283
0.999987006 -0.005026542 -0.000874620 0.375211328 0.005027637 0.999986529 0.001255019 -0.818531036 0.000868300 -0.001259400 0.999998748 8.546118736
0.999985039 -0.003457288 -0.004234832 0.410894722 0.003461901 0.999993443 0.001082716 -0.938248754 0.004231061 -0.001097360 0.999990404 9.819831848
0.999971867 -0.002616158 -0.007027004 0.450855970 0.002622803 0.999996126 0.000936565 -1.058267593 0.007024528 -0.000954969 0.999974787 11.087619781
0.999953508 -0.000160313 -0.009648549 0.488217086 0.000170502 0.999999404 0.001055209 -1.182256460 0.009648375 -0.001056805 0.999952853 12.351371765
0.999933004 0.003065481 -0.011161555 0.515232801 -0.003060023 0.999995112 0.000506088 -1.311736345 0.011163053 -0.000471900 0.999937534 13.648045540
0.999915004 0.007204866 -0.010863053 0.539275169 -0.007202688 0.999974012 0.000239465 -1.435593367 0.010864495 -0.000161201 0.999940991 14.931581497
0.999894917 0.009903886 -0.010579849 0.577892482 -0.009894129 0.999950588 0.000974314 -1.567794085 0.010588977 -0.000869533 0.999943554 16.264684677
0.999874175 0.013476353 -0.008365219 0.612180710 -0.013462363 0.999907851 0.001726440 -1.687542796 0.008387715 -0.001613608 0.999963522 17.579433441
0.999870420 0.015191257 -0.005331166 0.649688065 -0.015183969 0.999883711 0.001405227 -1.814821839 0.005351894 -0.001324097 0.999984801 18.908746719
0.999886274 0.014917023 -0.002233859 0.705023050 -0.014914807 0.999888182 0.001004935 -1.939015150 0.002248600 -0.000971503 0.999996960 20.244991302
0.999890208 0.014770119 0.001195146 0.745467842 -0.014769934 0.999890924 -0.000164280 -2.074750185 -0.001197442 0.000146609 0.999999285 21.591167450
0.999882996 0.014353270 0.005264967 0.802916765 -0.014348088 0.999896586 -0.001020682 -2.202016830 -0.005279073 0.000945021 0.999985635 22.939373016
0.999855340 0.014219099 0.009331722 0.862293065 -0.014206783 0.999898136 -0.001384767 -2.333380461 -0.009350462 0.001251993 0.999955416 24.289138794
0.999788404 0.014823006 0.014262563 0.929593563 -0.014811112 0.999889851 -0.000939377 -2.469234943 -0.014274918 0.000727934 0.999897778 25.648920059
0.999699473 0.015531695 0.018965535 0.997040391 -0.015515488 0.999879122 -0.001001591 -2.598693132 -0.018978797 0.000707030 0.999819577 27.037212372
0.999569237 0.016681068 0.024145572 1.070674777 -0.016678572 0.999860883 -0.000304889 -2.730990887 -0.024147302 -0.000097956 0.999708414 28.411125183
0.999432147 0.017484302 0.028809197 1.165015340 -0.017513346 0.999846339 0.000756034 -2.866951704 -0.028791552 -0.001260150 0.999584615 29.794258118
0.999248385 0.018132962 0.034261916 1.269006848 -0.018194905 0.999833405 0.001497043 -2.996111631 -0.034229062 -0.002119310 0.999411702 31.185016632
0.999017835 0.017428337 0.040738147 1.354824662 -0.017494189 0.999846280 0.001260535 -3.134041071 -0.040709913 -0.001971978 0.999169052 32.572025299
0.998762131 0.016694214 0.046855517 1.477355242 -0.016741572 0.999859571 0.000618400 -3.270199776 -0.046838623 -0.001402070 0.998901486 33.976322174
0.998463273 0.015858619 0.053099878 1.610394955 -0.015859542 0.999874115 -0.000404032 -3.404568911 -0.053099595 -0.000438729 0.998589098 35.405185699
0.998088300 0.014952900 0.059969224 1.746388316 -0.014999164 0.999887526 0.000321365 -3.541326046 -0.059957676 -0.001220239 0.998200178 36.846752167
0.997721612 0.014837652 0.065813586 1.904994726 -0.014996699 0.999885678 0.001923219 -3.684336185 -0.065777548 -0.002905824 0.997830093 38.272548676
0.997336924 0.014943482 0.071384497 2.070991516 -0.015156594 0.999882102 0.002444630 -3.818536282 -0.071339563 -0.003520066 0.997445941 39.729785919
0.996838093 0.015068747 0.078017123 2.214118719 -0.015195254 0.999883950 0.001028100 -3.956160069 -0.077992588 -0.002210339 0.996951461 41.175964355
0.996509790 0.014401847 0.082223564 2.404484749 -0.014388880 0.999896169 -0.000750308 -4.104169369 -0.082225829 -0.000435415 0.996613622 42.646472931
0.996135771 0.013092585 0.086845599 2.573914528 -0.012878267 0.999912441 -0.003027622 -4.242195606 -0.086877622 0.001897502 0.996217191 44.108325958
0.995798111 0.011560705 0.090843476 2.764947414 -0.011409850 0.999932408 -0.002179765 -4.396048546 -0.090862557 0.001134096 0.995862842 45.594226837
0.995422423 0.010732129 0.094968744 2.967419624 -0.010553760 0.999941468 -0.002380278 -4.543959618 -0.094988741 0.001367105 0.995477438 47.100494385
0.995038211 0.009849431 0.099005446 3.176962137 -0.009619849 0.999949753 -0.002796013 -4.687025070 -0.099028021 0.001829722 0.995083034 48.600994110
0.994617760 0.009669005 0.103159644 3.392466545 -0.009584358 0.999953210 -0.001316217 -4.849974632 -0.103167549 0.000320414 0.994663954 50.122879028
0.994192481 0.009780316 0.107170388 3.611419916 -0.009584229 0.999951303 -0.002344606 -5.003084183 -0.107188076 0.001303845 0.994238019 51.634300232
0.993733883 0.010570383 0.111270636 3.843067169 -0.010347511 0.999943078 -0.002580277 -5.152719021 -0.111291580 0.001412735 0.993786812 53.161483765
0.993312895 0.009595841 0.115053363 4.079579353 -0.009510061 0.999953926 -0.001294474 -5.303765774 -0.115060493 0.000191653 0.993358493 54.701007843
0.992907107 0.008687880 0.118574508 4.326440811 -0.008753334 0.999961615 0.000031200 -5.455478668 -0.118569687 -0.001068900 0.992945135 56.246700287
0.992488742 0.009169167 0.121991478 4.571345329 -0.009263064 0.999957085 0.000202598 -5.615806103 -0.121984385 -0.001331091 0.992531061 57.790687561
0.992127299 0.008376843 0.124953054 4.836721420 -0.008350276 0.999964893 -0.000736368 -5.766530991 -0.124954820 -0.000312822 0.992162406 59.350143433
0.991654515 0.008119408 0.128667682 5.109230995 -0.007945144 0.999966681 -0.001867605 -5.921895504 -0.128678575 0.000829736 0.991686106 60.933944702
0.991193175 0.006033305 0.132286444 5.381397724 -0.005741569 0.999980092 -0.002586668 -6.077850819 -0.132299453 0.001804356 0.991208136 62.520484924
0.990663111 0.003502127 0.136287346 5.665259838 -0.003112746 0.999990463 -0.003070062 -6.241001129 -0.136296779 0.002617169 0.990664601 64.100303650
0.990125418 0.000790205 0.140182287 5.961576462 -0.000700013 0.999999583 -0.000692699 -6.400980949 -0.140182748 0.000587730 0.990125477 65.704116821
0.989589632 -0.000898458 0.143915236 6.267220974 0.000643141 0.999998271 0.001820587 -6.574375153 -0.143916607 -0.001709077 0.989588261 67.321052551
0.988975465 -0.001505682 0.148072168 6.578952789 0.001225338 0.999997318 0.001984498 -6.731735706 -0.148074731 -0.001781182 0.988974571 68.931983948
0.988257289 -0.001489667 0.152791679 6.902997971 0.001290104 0.999998152 0.001405240 -6.902084351 -0.152793482 -0.001191621 0.988257408 70.554023743
0.987636089 -0.000490054 0.156763405 7.227022171 0.000340196 0.999999404 0.000982783 -7.053568840 -0.156763822 -0.000917301 0.987635612 72.156387329
0.986960053 0.000219371 0.160965458 7.554152966 -0.000494168 0.999998569 0.001667148 -7.207647324 -0.160964847 -0.001724952 0.986958623 73.769264221
0.986005485 0.001263125 0.166707948 7.887209892 -0.001505248 0.999997973 0.001326034 -7.372217655 -0.166705966 -0.001558414 0.986005425 75.383209229
0.984905779 0.002435353 0.173074245 8.216865540 -0.002794822 0.999994338 0.001833296 -7.534344196 -0.173068851 -0.002289335 0.984907091 76.987930298
0.983975589 0.001804203 0.178293824 8.594278336 -0.001894480 0.999998093 0.000336084 -7.706160545 -0.178292885 -0.000668472 0.983977199 78.613845825
0.982949138 0.001005237 0.183875322 8.962347984 -0.000668347 0.999998033 -0.001894134 -7.873474598 -0.183876872 0.001738945 0.982947767 80.247833252
0.981904030 -0.001901867 0.189369753 9.347187042 0.002464296 0.999993145 -0.002734588 -8.043442726 -0.189363256 0.003151766 0.981902003 81.856491089
0.980521202 -0.002566610 0.196396723 9.723630905 0.002668934 0.999996364 -0.000256344 -8.214166641 -0.196395338 0.000775520 0.980524540 83.478591919
0.979401886 -0.000189113 0.201920554 10.141609192 -0.000447933 0.999995053 0.003109236 -8.371456146 -0.201920137 -0.003135639 0.979396999 85.126296997
0.977753878 0.004194227 0.209713444 10.535380363 -0.005351102 0.999973416 0.004949353 -8.529475212 -0.209687069 -0.005961447 0.977750480 86.752426147
0.976294637 0.006985471 0.216332778 10.958779335 -0.007756183 0.999966264 0.002713807 -8.694809914 -0.216306522 -0.004327392 0.976315916 88.376121521
0.974898636 0.005759704 0.222574785 11.385050774 -0.005847123 0.999982834 -0.000266215 -8.860129356 -0.222572476 -0.001041889 0.974915683 89.985466003
0.973492205 0.002329030 0.228708193 11.829788208 -0.002202897 0.999997199 -0.000806795 -9.030761719 -0.228709459 0.000281588 0.973494649 91.614372253
0.972093284 -0.000654133 0.234593704 12.293089867 0.000587877 0.999999762 0.000352362 -9.204261780 -0.234593913 -0.000204616 0.972093344 93.241539001
0.970546663 -0.000021136 0.240913004 12.762483597 -0.000240849 0.999999344 0.001058023 -9.366222382 -0.240912870 -0.001084884 0.970546126 94.882461548
0.968759179 0.001572399 0.247998536 13.233091354 -0.002169072 0.999995351 0.002132740 -9.532680511 -0.247994021 -0.002604038 0.968757987 96.511528015
0.967217803 0.001879424 0.253941089 13.733928680 -0.002449695 0.999995112 0.001929480 -9.702025414 -0.253936201 -0.002488306 0.967217743 98.146049500
0.965594828 0.002317622 0.260040849 14.235640526 -0.002600455 0.999996305 0.000743623 -9.868049622 -0.260038197 -0.001394263 0.965597272 99.771759033
0.964182794 0.000636744 0.265237838 14.734772682 -0.000630545 0.999999821 -0.000108520 -10.033884048 -0.265237898 -0.000062612 0.964183033 101.379798889
0.963087499 -0.001433738 0.269184262 15.256533623 0.001479274 0.999998868 0.000033681 -10.199871063 -0.269183964 0.000365759 0.963088751 102.993324280
0.962005019 -0.003312061 0.273012012 15.791725159 0.002868218 0.999993861 0.002024819 -10.364133835 -0.273017108 -0.001164828 0.962008417 104.633155823
0.961100757 -0.004885774 0.276154786 16.329545975 0.003912524 0.999984145 0.004075125 -10.525527954 -0.276170284 -0.002836143 0.961104512 106.254638672
0.960357547 -0.005226393 0.278722078 16.875823975 0.003896522 0.999978244 0.005325106 -10.687373161 -0.278743833 -0.004027959 0.960357070 107.880561829
0.959680736 -0.004270644 0.281059891 17.433267593 0.003088333 0.999984443 0.004649415 -10.856523514 -0.281075358 -0.003593948 0.959678948 109.526947021
0.958890796 -0.003330352 0.283755809 17.991392136 0.002508492 0.999991536 0.003259683 -11.016944885 -0.283764213 -0.002413881 0.958891034 111.166732788
0.957787871 -0.001084363 0.287473798 18.546691895 0.000048218 0.999993503 0.003611368 -11.186744690 -0.287475854 -0.003445063 0.957781732 112.814392090
0.956903636 0.000358917 0.290405333 19.122413635 -0.001786247 0.999987543 0.004649893 -11.361304283 -0.290400058 -0.004968235 0.956892431 114.463073730
0.955874026 0.001437048 0.293773144 19.705013275 -0.003361354 0.999976039 0.006045542 -11.526982307 -0.293757379 -0.006766252 0.955856085 116.113601685
0.954702854 0.001546730 0.297556788 20.291328430 -0.003378858 0.999978364 0.005642982 -11.690262794 -0.297541708 -0.006392775 0.954687357 117.775367737
0.953448832 0.000965712 0.301553488 20.877548218 -0.002606677 0.999983847 0.005039357 -11.853920937 -0.301543772 -0.005590822 0.953435898 119.437316895
0.952527106 -0.000706011 0.304453284 21.482477188 -0.000900918 0.999986410 0.005137568 -12.022268295 -0.304452807 -0.005167960 0.952513397 121.099456787
0.951441228 -0.002042471 0.307823569 22.090938568 0.000558422 0.999987721 0.004909110 -12.189828873 -0.307829857 -0.004498834 0.951430738 122.764190674
0.950597644 -0.003095893 0.310410082 22.707832336 0.002078383 0.999991298 0.003608645 -12.371619225 -0.310418606 -0.002785219 0.950595915 124.439239502
0.949608922 -0.004231147 0.313408524 23.329643250 0.003628715 0.999990284 0.002505499 -12.537071228 -0.313416004 -0.001241974 0.949615121 126.110435486
0.948489368 -0.003478518 0.316789955 23.951738358 0.002521072 0.999990940 0.003432171 -12.704732895 -0.316799045 -0.002456727 0.948489547 127.778282166
0.947944283 -0.003978194 0.318411291 24.618648529 0.002315330 0.999981642 0.005600670 -12.881732941 -0.318427831 -0.004571896 0.947936058 129.472717285
0.946796477 -0.001347793 0.321830302 25.263216019 -0.001210603 0.999969304 0.007749260 -13.044442177 -0.321830869 -0.007726580 0.946765780 131.153045654
0.945248842 0.000285006 0.326350391 25.900789261 -0.003261967 0.999957919 0.008574759 -13.198471069 -0.326334208 -0.009169827 0.945209980 132.854446411
0.944018781 0.000868478 0.329890579 26.565408707 -0.004020407 0.999952555 0.008872347 -13.360559464 -0.329867274 -0.009701957 0.943977475 134.533676147
0.942614555 0.000813308 0.333881706 27.228942871 -0.004557788 0.999935210 0.010431790 -13.530669212 -0.333851546 -0.011354920 0.942557275 136.233718872
0.941329122 -0.000579796 0.337489396 27.910593033 -0.003020125 0.999944031 0.010141639 -13.689745903 -0.337476373 -0.010565880 0.941274762 137.927185059
0.939978123 -0.002672702 0.341224074 28.600162506 -0.000249115 0.999963701 0.008518646 -13.848752022 -0.341234386 -0.008092347 0.939943314 139.618392944
0.938365340 -0.004739575 0.345612258 29.292352676 0.002147435 0.999966621 0.007882641 -14.009159088 -0.345638096 -0.006654617 0.938344300 141.301589966
0.936815858 -0.006740821 0.349757969 30.002679825 0.003783557 0.999951065 0.009137737 -14.189267159 -0.349802434 -0.007237046 0.936795473 143.030471802
0.935165942 -0.006314182 0.354153663 30.717414856 0.003771571 0.999961853 0.007869173 -14.347891808 -0.354189903 -0.006023267 0.935154200 144.733596802
0.933535993 -0.005306841 0.358444154 31.444858551 0.002760744 0.999967217 0.007614607 -14.523597717 -0.358472854 -0.006118938 0.933520079 146.412948608
0.931512892 -0.003464800 0.363691688 32.177238464 0.001056589 0.999976158 0.006820311 -14.692780495 -0.363706678 -0.005968935 0.931494415 148.114700317
0.929563522 -0.003994645 0.368640363 32.922508240 0.001209650 0.999968946 0.007785566 -14.852363586 -0.368660003 -0.006791252 0.929539502 149.807312012
0.927557349 -0.004285908 0.373656303 33.688339233 0.002061982 0.999977708 0.006351309 -15.018910408 -0.373675168 -0.005120730 0.927545547 151.521331787
0.925395966 -0.005073880 0.378967762 34.437164307 0.002183962 0.999965191 0.008055233 -15.199890137 -0.378995478 -0.006626630 0.925374746 153.231781006
0.923166931 -0.005148475 0.384364814 35.211181641 0.002607676 0.999971151 0.007131259 -15.370741844 -0.384390473 -0.005581043 0.923153698 154.936813354
0.921061575 -0.004871274 0.389386326 36.011772156 0.002036820 0.999968350 0.007691801 -15.538352013 -0.389411449 -0.006291514 0.921042383 156.657684326
0.918877959 -0.004721664 0.394513667 36.823810577 0.002674162 0.999979913 0.005739576 -15.711441994 -0.394532770 -0.004218976 0.918872178 158.368209839
0.916712224 -0.004521160 0.399522573 37.643432617 0.002926945 0.999985158 0.004600309 -15.890433311 -0.399537414 -0.003047779 0.916711807 160.087081909
0.914475739 -0.005495804 0.404603511 38.469577789 0.003564770 0.999978364 0.005525880 -16.061298370 -0.404625058 -0.003610965 0.914475501 161.793701172
0.912468553 -0.006879631 0.409088999 39.322807312 0.003992226 0.999960721 0.007911677 -16.235618591 -0.409127384 -0.005585980 0.912460208 163.512054443
0.910590827 -0.007643381 0.413238317 40.173049927 0.004155098 0.999947727 0.009339374 -16.405672073 -0.413288116 -0.006787303 0.910575032 165.227493286
0.908777535 -0.008357232 0.417197287 41.042766571 0.004197598 0.999931931 0.010886888 -16.569929123 -0.417259812 -0.008142533 0.908750772 166.958129883
0.906998813 -0.007486886 0.421066493 41.917259216 0.003154854 0.999934673 0.010983888 -16.734024048 -0.421121269 -0.008633970 0.906963229 168.666381836
0.904969037 -0.007199481 0.425416559 42.794376373 0.003381520 0.999946892 0.009729118 -16.898902893 -0.425463974 -0.007365997 0.904945374 170.382019043
0.903043330 -0.006561747 0.429499328 43.680541992 0.004290558 0.999971211 0.006256115 -17.073743820 -0.429528087 -0.003806751 0.903045475 172.077606201
0.900972068 -0.006746950 0.433824718 44.576824188 0.004849203 0.999973238 0.005480955 -17.248981476 -0.433850020 -0.002834483 0.900980651 173.787002563
0.899031162 -0.006646352 0.437834233 45.505363464 0.004265354 0.999970198 0.006421310 -17.424915314 -0.437863857 -0.003905440 0.899032772 175.507568359
0.896643281 -0.006416213 0.442707121 46.429187775 0.004774469 0.999976993 0.004822758 -17.602647781 -0.442727923 -0.002210602 0.896653235 177.211791992
0.894191265 -0.008407915 0.447606087 47.356025696 0.006731527 0.999963105 0.005335791 -17.783592224 -0.447634399 -0.001758145 0.894214928 178.915573120
0.891740382 -0.009369309 0.452450365 48.303730011 0.006892537 0.999950886 0.007122319 -17.956985474 -0.452494860 -0.003232728 0.891761124 180.630737305
0.889125764 -0.009790419 0.457558125 49.260951996 0.005928056 0.999933660 0.009876300 -18.128185272 -0.457624495 -0.006068843 0.889124751 182.348419189
0.886238813 -0.007193507 0.463172823 50.228435516 0.003513002 0.999954998 0.008808429 -18.303457260 -0.463215351 -0.006179246 0.886224210 184.057357788
0.883679807 -0.008264950 0.468018800 51.235069275 0.005413656 0.999957681 0.007437014 -18.481201172 -0.468060493 -0.004038247 0.883687198 185.774887085
0.881276608 -0.011497164 0.472460926 52.246303558 0.008702441 0.999929249 0.008100342 -18.658037186 -0.472520649 -0.003027078 0.881314397 187.483489990
0.878688037 -0.014230065 0.477184296 53.283901215 0.011270424 0.999895334 0.009064400 -18.840618134 -0.477263361 -0.002586711 0.878756523 189.210906982
0.876193821 -0.015726073 0.481702298 54.314949036 0.012690862 0.999873698 0.009558681 -19.011171341 -0.481791824 -0.002262040 0.876282811 190.919143677
0.873407245 -0.014748868 0.486767203 55.346065521 0.012132275 0.999890029 0.008527340 -19.188550949 -0.486839443 -0.001542246 0.873490274 192.631958008
0.870508432 -0.012376405 0.491997898 56.400905609 0.009672306 0.999920905 0.008039877 -19.372756958 -0.492058486 -0.002240028 0.870559275 194.339462280
0.867587864 -0.010563909 0.497171670 57.458366394 0.007489142 0.999938428 0.008177804 -19.550758362 -0.497227401 -0.003371575 0.867613673 196.053482056
0.864454687 -0.009269641 0.502625227 58.530071259 0.004921041 0.999938071 0.009977712 -19.730108261 -0.502686620 -0.006151842 0.864446819 197.767242432
0.861694098 -0.008449142 0.507357776 59.610073090 0.002747577 0.999924362 0.011985494 -19.912136078 -0.507420719 -0.008933824 0.861652136 199.477600098
0.858962893 -0.007008001 0.511989892 60.713539124 -0.000132516 0.999903262 0.013908770 -20.085847855 -0.512037814 -0.012014963 0.858878851 201.199707031
0.856295168 -0.004420237 0.516467750 61.825168610 -0.003407796 0.999893129 0.014207750 -20.259866714 -0.516475379 -0.013926045 0.856188774 202.907928467
0.853736818 -0.002579931 0.520698369 62.955951691 -0.004858966 0.999904633 0.012921038 -20.432533264 -0.520682096 -0.013561223 0.853642941 204.627716064
0.851243377 -0.001363263 0.524769068 64.089370728 -0.005243608 0.999924600 0.011103451 -20.613647461 -0.524744689 -0.012203423 0.851172209 206.344680786
0.848935246 -0.002693966 0.528490007 65.244522095 -0.004816223 0.999906003 0.012833497 -20.799875259 -0.528474927 -0.013440133 0.848842502 208.057281494
0.846903861 -0.004498702 0.531727016 66.409973145 -0.002358274 0.999922574 0.012216012 -20.977125168 -0.531740785 -0.011599747 0.846827686 209.764984131
0.844584584 -0.007210074 0.535373569 67.587020874 -0.000237758 0.999904037 0.013841155 -21.152811050 -0.535422087 -0.011817314 0.844501972 211.480728149
0.842158675 -0.009499889 0.539146125 68.777275085 0.002329454 0.999899566 0.013979820 -21.327428818 -0.539224803 -0.010517308 0.842096210 213.195037842
0.839898586 -0.011433809 0.542622983 69.983062744 0.003773528 0.999876916 0.015227923 -21.501037598 -0.542730272 -0.010742308 0.839838326 214.905761719
0.837421477 -0.012618934 0.546411932 71.197738647 0.005478890 0.999877036 0.014694483 -21.675643921 -0.546530128 -0.009311748 0.837387681 216.622024536
0.835542262 -0.013363232 0.549263656 72.424591064 0.006437493 0.999873579 0.014533538 -21.851417542 -0.549388528 -0.008607505 0.835522711 218.307861328
0.833130121 -0.013723149 0.552906692 73.672988892 0.006775873 0.999870360 0.014606777 -22.032886505 -0.553035498 -0.008422920 0.833115101 220.024658203
0.830628991 -0.013789545 0.556655347 74.908187866 0.006984336 0.999872625 0.014347116 -22.213628769 -0.556782305 -0.008029263 0.830619633 221.726898193
0.827930808 -0.011538562 0.560711443 76.156295776 0.005820399 0.999911189 0.011982370 -22.387674332 -0.560800016 -0.006657010 0.827924490 223.425994873
0.824608743 -0.008773294 0.565635383 77.401565552 0.004235242 0.999947429 0.009335368 -22.573101044 -0.565687597 -0.005302425 0.824602604 225.137054443
0.821411073 -0.006297423 0.570301890 78.661567688 0.001860090 0.999963284 0.008362751 -22.767749786 -0.570333600 -0.005808444 0.821392596 226.834793091
0.818331242 -0.005865199 0.574716985 79.937850952 0.001126020 0.999962389 0.008601663 -22.961923599 -0.574745774 -0.006391867 0.818307042 228.524230957
0.815097392 -0.008143119 0.579266667 81.216217041 0.001694286 0.999930441 0.011672591 -23.154731750 -0.579321444 -0.008532857 0.815054417 230.203948975
0.811921716 -0.011453799 0.583653986 82.497863770 0.003454795 0.999884248 0.014816056 -23.338926315 -0.583756149 -0.010013072 0.811867297 231.871948242
0.809008420 -0.015052043 0.587604344 83.804656982 0.005822467 0.999828160 0.017595233 -23.517101288 -0.587768257 -0.010813384 0.808957100 233.533477783
0.805808187 -0.017677940 0.591912806 85.093872070 0.007546842 0.999779642 0.019585216 -23.699901581 -0.592128634 -0.011314854 0.805764019 235.184677124
0.803405464 -0.018021386 0.595159590 86.426452637 0.008801692 0.999792039 0.018392233 -23.858432770 -0.595367312 -0.009538011 0.803397059 236.837829590
0.800773680 -0.017338190 0.598715961 87.777740479 0.008758496 0.999813080 0.017239181 -24.037818909 -0.598902881 -0.008560833 0.800775826 238.489471436
0.798167050 -0.015728701 0.602230668 89.090408325 0.007963901 0.999847174 0.015558447 -24.222156525 -0.602383435 -0.007622133 0.798170567 240.097839355
0.794546664 -0.014726219 0.607024372 90.426239014 0.007853558 0.999871492 0.013976880 -24.412437439 -0.607152164 -0.006337984 0.794560313 241.746215820
0.792054772 -0.014499963 0.610277772 91.805671692 0.008434385 0.999882400 0.012810173 -24.585771561 -0.610391736 -0.004999043 0.792083919 243.377807617
0.788246214 -0.015747717 0.615158498 93.182510376 0.008955808 0.999860168 0.014120156 -24.779356003 -0.615294755 -0.005620919 0.788277090 245.037643433
0.785705090 -0.015943121 0.618395746 94.544708252 0.008892125 0.999855638 0.014479775 -24.950180054 -0.618537307 -0.005877982 0.785733461 246.642135620
0.781983614 -0.015791774 0.623098969 95.920425415 0.007594393 0.999846160 0.015809136 -25.126831055 -0.623252749 -0.007630425 0.781983197 248.269744873
0.779522121 -0.016548671 0.626156092 97.318656921 0.007574528 0.999826849 0.016994637 -25.308305740 -0.626328945 -0.008504858 0.779512525 249.867691040
0.776171982 -0.017506780 0.630278289 98.720520020 0.008691737 0.999816597 0.017067518 -25.480850220 -0.630461454 -0.007769112 0.776181638 251.481536865
0.773630083 -0.016911121 0.633411765 100.149795532 0.007678377 0.999820590 0.017315535 -25.669923782 -0.633590996 -0.008532241 0.773621023 253.078491211
0.771000087 -0.015690411 0.636641741 101.577621460 0.006545820 0.999838769 0.016714353 -25.844594955 -0.636801422 -0.008719428 0.770978570 254.678863525
0.768238902 -0.015166594 0.639983594 102.999343872 0.006041098 0.999846578 0.016443014 -26.022933960 -0.640134871 -0.008765959 0.768212616 256.274993896
0.766285837 -0.015881225 0.642303467 104.461380005 0.005977682 0.999827385 0.017589618 -26.209041595 -0.642471969 -0.009639189 0.766248524 257.893341064
0.764937043 -0.017102839 0.643877983 105.907272339 0.007517975 0.999816477 0.017625885 -26.387435913 -0.644061208 -0.008642036 0.764925122 259.479980469
0.763781011 -0.017987490 0.645224810 107.353836060 0.008886054 0.999809980 0.017353749 -26.562747955 -0.645414352 -0.007520962 0.763795614 261.064086914
0.762919366 -0.019416552 0.646202028 108.798835754 0.010805914 0.999792218 0.017283257 -26.750812531 -0.646403372 -0.006202931 0.762970626 262.642578125
0.761979580 -0.020411046 0.647279263 110.255142212 0.012325701 0.999779344 0.017016772 -26.937564850 -0.647483647 -0.004988261 0.762062967 264.232116699
0.761194646 -0.021881714 0.648154259 111.713264465 0.012503480 0.999739945 0.019067135 -27.108337402 -0.648402929 -0.006409618 0.761270344 265.807189941
0.760160446 -0.021031706 0.649394929 113.179023743 0.011246143 0.999752164 0.019214217 -27.288639069 -0.649638116 -0.007302699 0.760208547 267.400756836
0.758794308 -0.019556483 0.651036680 114.648902893 0.008896125 0.999767184 0.019663403 -27.461914062 -0.651269615 -0.009128776 0.758791506 268.992645264
0.757350385 -0.017847035 0.652764797 116.114570618 0.006942730 0.999790013 0.019279853 -27.634355545 -0.652971804 -0.010069636 0.757315278 270.593627930
0.756127119 -0.017741621 0.654184163 117.587638855 0.006086789 0.999779880 0.020078942 -27.812553406 -0.654396474 -0.011200354 0.756068647 272.177368164
0.755024612 -0.018181229 0.655444324 119.070259094 0.006401177 0.999772251 0.020358771 -27.990177155 -0.655665219 -0.011175759 0.754969060 273.763458252
0.753904283 -0.020442542 0.656666219 120.552146912 0.008062823 0.999728382 0.021865590 -28.158670425 -0.656934798 -0.011189977 0.753864467 275.333740234
0.752597213 -0.021165511 0.658140898 122.039840698 0.009135126 0.999722600 0.021704435 -28.335416794 -0.658417821 -0.010322496 0.752581835 276.918151855
0.751263201 -0.023188883 0.659595311 123.543304443 0.010689816 0.999679089 0.022969507 -28.501430511 -0.659916282 -0.010205191 0.751269817 278.494628906
0.749366343 -0.023734892 0.661730111 125.049331665 0.010475474 0.999657273 0.023992846 -28.668743134 -0.662072778 -0.011047493 0.749358118 280.088836670
0.747441590 -0.025482336 0.663838625 126.568183899 0.011566942 0.999611735 0.025347771 -28.829536438 -0.664226830 -0.011267396 0.747446179 281.673919678
0.745437086 -0.025594546 0.666084468 128.053283691 0.011903027 0.999614358 0.025089487 -28.991064072 -0.666469693 -0.010774213 0.745454252 283.221588135
0.743725657 -0.023583712 0.668068826 129.580978394 0.010364079 0.999664187 0.023751685 -29.155179977 -0.668404579 -0.010740820 0.743720353 284.800598145
0.741873920 -0.021780051 0.670185566 131.103347778 0.008980747 0.999705434 0.022547567 -29.323783875 -0.670479238 -0.010708689 0.741851032 286.383178711
0.739816904 -0.020036116 0.672509849 132.636199951 0.006983633 0.999731243 0.022102466 -29.499721527 -0.672771990 -0.011655220 0.739758074 287.957489014
0.738232315 -0.019716561 0.674258351 134.178466797 0.006825071 0.999739885 0.021761606 -29.675706863 -0.674512029 -0.011463260 0.738174856 289.514282227
0.737012386 -0.020254858 0.675575674 135.734054565 0.007359374 0.999732077 0.021944966 -29.847406387 -0.675839186 -0.011201894 0.736963987 291.076934814
0.736196578 -0.022306308 0.676399946 137.295684814 0.008700415 0.999686003 0.023498056 -30.012357712 -0.676711738 -0.011414231 0.736159503 292.641479492
0.734746099 -0.023908651 0.677920759 138.849365234 0.008406797 0.999622822 0.026142837 -30.182872772 -0.678290069 -0.013509207 0.734669983 294.220947266
0.734507561 -0.024151430 0.678170681 140.401504517 0.008623311 0.999617994 0.026259348 -30.338283539 -0.678545713 -0.013439610 0.734435081 295.789245605
0.734253943 -0.024777608 0.678422570 141.976272583 0.008709513 0.999595284 0.027081329 -30.505777359 -0.678818941 -0.013975844 0.734172642 297.365386963
0.734137654 -0.023898935 0.678579926 143.535446167 0.007969605 0.999614775 0.026583374 -30.674787521 -0.678953886 -0.014107845 0.734045446 298.936370850
0.734600782 -0.023260336 0.678100884 145.112640381 0.008598502 0.999651074 0.024975272 -30.831558228 -0.678445160 -0.012516200 0.734544337 300.507965088
0.734709084 -0.022099365 0.678022206 146.684417725 0.008347432 0.999688089 0.023538366 -30.996475220 -0.678331017 -0.011634111 0.734664440 302.075592041
0.734757304 -0.021262933 0.677996755 148.282562256 0.008112445 0.999712586 0.022560792 -31.177104950 -0.678281546 -0.011076496 0.734718621 303.675964355
0.734574556 -0.022070542 0.678169131 149.854278564 0.008014702 0.999683440 0.023852693 -31.351404190 -0.678480744 -0.012086258 0.734518826 305.255035400
0.734538972 -0.023961762 0.678143144 151.446594238 0.010021163 0.999650419 0.024467470 -31.518569946 -0.678492367 -0.011176527 0.734522343 306.860076904
0.734209120 -0.026993796 0.678386569 153.035568237 0.011735151 0.999564648 0.027073039 -31.688056946 -0.678821862 -0.011916305 0.734206200 308.452209473
0.734268308 -0.028803591 0.678247988 154.624801636 0.013266831 0.999517441 0.028084535 -31.848535538 -0.678729713 -0.011623384 0.734296083 310.059356689
0.733731151 -0.028923506 0.678824067 156.205749512 0.013131805 0.999510527 0.028393421 -32.007637024 -0.679313064 -0.011918952 0.733751833 311.648773193
0.732864141 -0.028020333 0.679797649 157.826171875 0.012975679 0.999545515 0.027211312 -32.177204132 -0.680251241 -0.011121358 0.732894778 313.307067871
0.732537389 -0.027701430 0.680162907 159.442382812 0.012761860 0.999554932 0.026964951 -32.336627960 -0.680607140 -0.011072691 0.732564867 314.917205811
0.732135534 -0.027894327 0.680587530 161.053833008 0.013100284 0.999552965 0.026874825 -32.505783081 -0.681033015 -0.010760124 0.732173622 316.533874512
0.731587946 -0.028350895 0.681157351 162.677856445 0.013725804 0.999544919 0.026860701 -32.672298431 -0.681608915 -0.010301532 0.731644154 318.143127441
0.731031179 -0.027250057 0.681799710 164.301422119 0.014023719 0.999591231 0.024915144 -32.839546204 -0.682199895 -0.008652379 0.731114507 319.750579834
0.729464471 -0.026986323 0.683486164 165.929107666 0.012581739 0.999581754 0.026038714 -33.008769989 -0.683902979 -0.010394873 0.729498923 321.381469727
0.727634251 -0.026276780 0.685461819 167.559875488 0.010394738 0.999573827 0.027283810 -33.174789429 -0.685886562 -0.012727438 0.727597177 322.999084473
0.726268947 -0.027926411 0.686843038 169.196777344 0.010325879 0.999504924 0.029720351 -33.342063904 -0.687333107 -0.014492711 0.726197898 324.602783203
0.724804938 -0.028979862 0.688344300 170.829269409 0.010816461 0.999470472 0.030689126 -33.503635406 -0.688869178 -0.014798185 0.724734545 326.223937988
0.723545551 -0.029907594 0.689628482 172.468032837 0.011563329 0.999445915 0.031211630 -33.671821594 -0.690179765 -0.014608636 0.723490477 327.824493408
0.723742485 -0.029624294 0.689434052 174.127777100 0.014190531 0.999505758 0.028051073 -33.822853088 -0.689924121 -0.010518316 0.723805070 329.405273438
0.723129511 -0.029780842 0.690070152 175.766937256 0.016365552 0.999528289 0.025986316 -33.983764648 -0.690518498 -0.007498094 0.723275781 331.001098633
0.723420084 -0.029473454 0.689778626 177.438812256 0.016460340 0.999540687 0.025446098 -34.171520233 -0.690211833 -0.007054226 0.723572910 332.591064453
0.722745717 -0.028212180 0.690537930 179.077392578 0.016204357 0.999583542 0.023878200 -34.332557678 -0.690923989 -0.006068143 0.722902060 334.194122314
0.722620308 -0.028690951 0.690649331 180.746765137 0.014165039 0.999543071 0.026702251 -34.506740570 -0.691100001 -0.009512513 0.722696662 335.785400391
0.722429931 -0.028504362 0.690856218 182.399169922 0.012109767 0.999518216 0.028576385 -34.666687012 -0.691337883 -0.012278331 0.722427189 337.373931885
0.720865488 -0.030370735 0.692409277 184.053848267 0.009797422 0.999386072 0.033635411 -34.849884033 -0.693005741 -0.017462779 0.720720530 339.000274658
0.720336080 -0.028486945 0.693039894 185.692642212 0.007923974 0.999429047 0.032844797 -35.006332397 -0.693579912 -0.018167662 0.720150650 340.586975098
0.719585538 -0.028188895 0.693831444 187.346740723 0.008864297 0.999467313 0.031412892 -35.150970459 -0.694347262 -0.016453939 0.719451964 342.188781738
0.719065309 -0.029061830 0.694334626 188.989501953 0.011105577 0.999478221 0.030332673 -35.316638947 -0.694853842 -0.014100188 0.719012737 343.775878906
0.718910098 -0.028910674 0.694501579 190.607192993 0.011379820 0.999490321 0.029826961 -35.487213135 -0.695009947 -0.013539602 0.718872666 345.322937012
0.718611360 -0.028215313 0.694839299 192.247482300 0.011782869 0.999527156 0.028401770 -35.651371002 -0.695312083 -0.012222636 0.718604028 346.902313232
0.718598545 -0.029408369 0.694802999 193.902343750 0.012976145 0.999498487 0.028884416 -35.820755005 -0.695303977 -0.011740438 0.718619823 348.476562500
0.717933953 -0.029939258 0.695467055 195.548034668 0.013582032 0.999486923 0.029006256 -35.983364105 -0.695978701 -0.011378719 0.717972279 350.049011230
0.717739105 -0.030931018 0.695624828 197.207611084 0.014895710 0.999466360 0.029072104 -36.153942108 -0.696152747 -0.010504360 0.717816830 351.628601074
0.716634452 -0.031155944 0.696752787 198.873626709 0.015148843 0.999461532 0.029110724 -36.319267273 -0.697284460 -0.010306749 0.716720402 353.230102539
0.716104388 -0.032287169 0.697246075 200.525573730 0.016269619 0.999430239 0.029570667 -36.483718872 -0.697803557 -0.009831754 0.716221690 354.797729492
0.714722574 -0.032784764 0.698639095 202.166793823 0.017592987 0.999427438 0.028901739 -36.648105621 -0.699186802 -0.008365583 0.714890182 356.377014160
0.714292049 -0.033494998 0.699045718 203.817504883 0.018597998 0.999409616 0.028883416 -36.815795898 -0.699600577 -0.007630343 0.714493394 357.922363281
0.713261902 -0.033620346 0.700090826 205.466430664 0.017989419 0.999397993 0.029666064 -36.981235504 -0.700666726 -0.008565445 0.713437319 359.484344482
0.712696254 -0.033326413 0.700680673 207.111724854 0.017282672 0.999401808 0.029955421 -37.148231506 -0.701259851 -0.009239485 0.712845922 361.025695801
0.711535513 -0.033375043 0.701857150 208.750061035 0.017370641 0.999401629 0.029913841 -37.315979004 -0.702435374 -0.009093050 0.711689353 362.578979492
0.711231411 -0.032986883 0.702183664 210.404968262 0.018268446 0.999428332 0.028446896 -37.478282928 -0.702720582 -0.007404523 0.711427510 364.110229492
0.711180687 -0.033796113 0.702196538 212.071685791 0.019186527 0.999404848 0.028668491 -37.644264221 -0.702747405 -0.006915763 0.711405635 365.660766602
0.710223854 -0.034303956 0.703139544 213.742401123 0.020478826 0.999396145 0.028072219 -37.816791534 -0.703678012 -0.005538085 0.710497439 367.210235596
0.710346997 -0.034882035 0.702986658 215.401809692 0.021354070 0.999379516 0.028011324 -37.987289429 -0.703527629 -0.004886134 0.710651219 368.747863770
0.709686458 -0.034873866 0.703654110 217.054779053 0.021842534 0.999383152 0.027500741 -38.145595551 -0.704178989 -0.004147315 0.710010409 370.299774170
0.709184468 -0.034815341 0.704162836 218.734146118 0.021423187 0.999382794 0.027835704 -38.324184418 -0.704697430 -0.004655236 0.709492683 371.854553223
0.708246529 -0.034743708 0.705109775 220.392868042 0.021038067 0.999383330 0.028112141 -38.482025146 -0.705651700 -0.005076176 0.708540738 373.395263672
0.708028913 -0.035630181 0.705284059 222.073028564 0.020830892 0.999345541 0.029573886 -38.660667419 -0.705876172 -0.006247471 0.708307683 374.952453613
0.707421124 -0.035349827 0.705907762 223.732757568 0.019963153 0.999349475 0.030038582 -38.827163696 -0.706510365 -0.007157781 0.707666516 376.494415283
0.706723928 -0.035240602 0.706611156 225.393707275 0.019779511 0.999352396 0.030057734 -38.991523743 -0.707212865 -0.007266098 0.706963360 378.031677246
0.706401587 -0.034974109 0.706946671 227.060577393 0.020105300 0.999366939 0.029350946 -39.150150299 -0.707525671 -0.006520174 0.706657588 379.567565918
0.705720365 -0.035595916 0.707595587 228.727081299 0.020553470 0.999345303 0.029773513 -39.314579010 -0.708192289 -0.006468233 0.705990076 381.106689453
0.705244958 -0.035236619 0.708087504 230.374420166 0.020450540 0.999359608 0.029362774 -39.488498688 -0.708668709 -0.006227177 0.705513954 382.629425049
0.704302549 -0.036234386 0.708974600 232.021759033 0.020582022 0.999318898 0.030626962 -39.649841309 -0.709601521 -0.006978517 0.704568684 384.153991699
0.703877270 -0.036275674 0.709394813 233.700256348 0.020788083 0.999319375 0.030474890 -39.810958862 -0.710017502 -0.006703626 0.704152226 385.674835205
0.703294396 -0.037186954 0.709925354 235.341140747 0.021198655 0.999283850 0.031343322 -39.979309082 -0.710582614 -0.006994121 0.703579128 387.187164307
0.702216983 -0.037855364 0.710955858 236.999786377 0.022018734 0.999262512 0.031458374 -40.134956360 -0.711622417 -0.006436253 0.702532649 388.711395264
0.701848388 -0.039203238 0.711246789 238.677307129 0.022829350 0.999209404 0.032547776 -40.304660797 -0.711960435 -0.006606304 0.702188492 390.225524902
0.701625705 -0.038553305 0.711501956 240.363998413 0.023339778 0.999242783 0.031128978 -40.465343475 -0.712163329 -0.005234594 0.701994300 391.749420166
0.700988770 -0.038367625 0.712139428 242.037216187 0.023886783 0.999254763 0.030323643 -40.625434875 -0.712772191 -0.004245815 0.701382756 393.269897461
0.700392306 -0.038807489 0.712702334 243.689300537 0.024103498 0.999237299 0.030722482 -40.790618896 -0.713351011 -0.004339173 0.700793505 394.773315430
0.699582338 -0.039519604 0.713458300 245.364654541 0.024265479 0.999207437 0.031554166 -40.950859070 -0.714139879 -0.004762329 0.699986815 396.280792236
0.699303210 -0.040240217 0.713691652 247.025512695 0.024817163 0.999179006 0.032020077 -41.113533020 -0.714394271 -0.004679942 0.699727774 397.763305664
0.698901832 -0.040716399 0.714057565 248.695343018 0.025720507 0.999163270 0.031798854 -41.275741577 -0.714754999 -0.003858355 0.699364364 399.262878418
0.698585212 -0.040453080 0.714382410 250.375061035 0.026123604 0.999176860 0.031034106 -41.440208435 -0.715049744 -0.003017727 0.699066997 400.779663086
0.698661149 -0.041869257 0.714226425 252.065414429 0.027900511 0.999121189 0.031277832 -41.598342896 -0.714908421 -0.001925326 0.699215353 402.305236816
0.699202776 -0.043023307 0.713627696 253.740509033 0.028916750 0.999072671 0.031900037 -41.760601044 -0.714338362 -0.001668798 0.699798465 403.822937012
0.700397134 -0.044062797 0.712392032 255.412918091 0.029262954 0.999026120 0.033021431 -41.919639587 -0.713153243 -0.002281418 0.701004505 405.319152832
0.701645434 -0.044604886 0.711128712 257.108581543 0.030465502 0.999003947 0.032602355 -42.081916809 -0.711874664 -0.001210400 0.702305436 406.810333252
0.703504264 -0.044656295 0.709286749 258.776885986 0.031262983 0.999002278 0.031888526 -42.233493805 -0.710003018 -0.000259295 0.704198480 408.284973145
0.702990055 -0.045543555 0.709739923 260.449798584 0.032220166 0.998962283 0.032189034 -42.399612427 -0.710469425 0.000239368 0.703728020 409.843139648
0.702866673 -0.045885567 0.709840000 262.100067139 0.032421313 0.998946667 0.032471213 -42.551517487 -0.710582256 0.000191013 0.703614056 411.360382080
0.703524172 -0.046921667 0.709120631 263.759002686 0.032263141 0.998898089 0.034087364 -42.723117828 -0.709938705 -0.001102829 0.704262614 412.858581543
0.703637362 -0.045523819 0.709099472 265.422363281 0.031465363 0.998962820 0.032909926 -42.878227234 -0.709862232 -0.000844585 0.704340041 414.381164551
