1.000000000 0.000000000 0.000000000 0.000000000 0.000000000 1.000000000 0.000000000 0.000000000 0.000000000 0.000000000 1.000000000 0.000000000
0.999999881 0.000159714 0.000517480 0.087888762 -0.000159621 1.000000000 -0.000179422 -0.225657299 -0.000517509 0.000179340 0.999999821 2.296795607
0.999999166 0.000500383 0.001202495 0.165626720 -0.000500873 0.999999821 0.000406703 -0.464771122 -0.001202291 -0.000407304 0.999999166 4.590395451
0.999998569 0.000186975 0.001685723 0.263609588 -0.000188040 0.999999702 0.000631592 -0.696213901 -0.001685604 -0.000631908 0.999998391 6.880954266
0.999996483 0.000298532 0.002608316 0.356927186 -0.000296117 0.999999464 -0.000926338 -0.930285037 -0.002608591 0.000925563 0.999996185 9.179490089
0.999987006 0.002026613 0.004678856 0.448192716 -0.002028300 0.999997795 0.000355901 -1.164937377 -0.004678125 -0.000365387 0.999988973 11.485183716
0.999962568 0.004130505 0.007601087 0.531288445 -0.004142764 0.999990106 0.001597572 -1.395253658 -0.007594414 -0.001629001 0.999969840 13.802941322
0.999942183 0.003951151 0.009994298 0.640104473 -0.003994378 0.999982774 0.004308970 -1.625432134 -0.009977100 -0.004348643 0.999940753 16.079250336
0.999937236 0.003885934 0.010504375 0.755434871 -0.003937658 0.999980152 0.004907839 -1.846609831 -0.010485096 -0.004948894 0.999932706 18.415655136
0.999921978 0.002890702 0.012158632 0.865266800 -0.002952355 0.999982953 0.005055888 -2.073044300 -0.012143808 -0.005091391 0.999913216 20.710069656
0.999924064 0.000606937 0.012309659 0.989620328 -0.000642029 0.999995768 0.002846994 -2.301656961 -0.012307879 -0.002854680 0.999920189 23.022741318
0.999911845 -0.001657287 0.013172255 1.098295093 0.001644344 0.999998212 0.000993358 -2.523989439 -0.013173879 -0.000971611 0.999912739 25.304113388
0.999911845 -0.002376459 0.013062284 1.236536145 0.002371693 0.999997079 0.000380333 -2.770871878 -0.013063150 -0.000349320 0.999914587 27.618896484
0.999900877 -0.002077515 0.013922005 1.345106959 0.002086685 0.999997675 -0.000644215 -2.996038914 -0.013920632 0.000673202 0.999902785 29.906015396
0.999884546 0.000413155 0.015186230 1.461328626 -0.000435399 0.999998927 0.001461470 -3.222304106 -0.015185604 -0.001467914 0.999883533 32.195724487
0.999881864 0.002410701 0.015185469 1.593991995 -0.002465516 0.999990582 0.003591959 -3.443620443 -0.015176667 -0.003628974 0.999878168 34.477428436
0.999842525 0.004931824 0.017044295 1.706364512 -0.005063885 0.999957383 0.007713663 -3.677210331 -0.017005526 -0.007798759 0.999825001 36.785144806
0.999823868 0.006709947 0.017524859 1.828010321 -0.006839299 0.999949694 0.007331617 -3.897134304 -0.017474785 -0.007450183 0.999819577 39.058090210
0.999802172 0.005352171 0.019157182 1.941591978 -0.005467055 0.999967337 0.005949531 -4.103812218 -0.019124711 -0.006053087 0.999798775 41.347183228
0.999808490 0.002918997 0.019351551 2.067604065 -0.003015114 0.999983311 0.004939578 -4.329163551 -0.019336810 -0.004996979 0.999800503 43.622859955
0.999818981 0.002963443 0.018794276 2.210587502 -0.003043175 0.999986470 0.004215201 -4.560838223 -0.018781532 -0.004271633 0.999814510 45.886436462
0.999814808 0.002287618 0.019107785 2.336473942 -0.002352004 0.999991655 0.003347810 -4.790577888 -0.019099968 -0.003392132 0.999811828 48.159885406
0.999818265 0.000828573 0.019052349 2.474477291 -0.000900496 0.999992430 0.003766746 -5.018330574 -0.019049084 -0.003783218 0.999811411 50.439041138
0.999803066 0.000261420 0.019842815 2.606235027 -0.000333298 0.999993324 0.003619128 -5.235486507 -0.019841734 -0.003625028 0.999796689 52.705951691
0.999797940 -0.001058185 0.020071849 2.741371393 0.000985198 0.999992847 0.003645833 -5.465660095 -0.020075563 -0.003625322 0.999791861 54.987934113
0.999766529 -0.001471510 0.021558547 2.861614466 0.001372051 0.999988377 0.004627530 -5.703040123 -0.021565106 -0.004596870 0.999756873 57.281688690
0.999751210 -0.002887913 0.022116581 3.001019478 0.002769874 0.999981701 0.005365904 -5.927800179 -0.022131676 -0.005303309 0.999740958 59.547966003
0.999712467 -0.004305082 0.023587123 3.129589558 0.004198670 0.999980748 0.004559123 -6.148301125 -0.023606298 -0.004458778 0.999711394 61.816909790
0.999696732 -0.005155613 0.024079276 3.280301571 0.005047902 0.999976993 0.004531828 -6.372913361 -0.024102086 -0.004408904 0.999699771 64.069580078
0.999668777 -0.004698019 0.025307650 3.421307087 0.004571217 0.999976695 0.005065941 -6.594110966 -0.025330866 -0.004948576 0.999666870 66.342262268
0.999649525 -0.003841072 0.026192393 3.568259239 0.003698732 0.999978125 0.005480724 -6.820079327 -0.026212873 -0.005381925 0.999641895 68.604545593
0.999613345 -0.004008050 0.027515067 3.705407619 0.003869174 0.999979496 0.005098648 -7.042665482 -0.027534939 -0.004990217 0.999608397 70.860572815
0.999600947 -0.004813424 0.027834890 3.865891457 0.004712602 0.999982119 0.003686590 -7.264223576 -0.027852137 -0.003553945 0.999605715 73.114242554
0.999588013 -0.005758360 0.028118651 4.024528503 0.005643245 0.999975383 0.004171571 -7.491528511 -0.028141981 -0.004011171 0.999595881 75.394432068
0.999545217 -0.006894065 0.029357782 4.182660103 0.006786129 0.999969780 0.003774669 -7.722568989 -0.029382922 -0.003573726 0.999561846 77.659484863
0.999534249 -0.007963740 0.029459843 4.333785057 0.007858438 0.999962330 0.003688474 -7.953664780 -0.029488111 -0.003455247 0.999559164 79.920707703
0.999503791 -0.008463449 0.030339140 4.481459618 0.008369848 0.999959826 0.003210881 -8.168376923 -0.030365098 -0.002955353 0.999534547 82.175750732
0.999485552 -0.007735956 0.031128427 4.648040771 0.007642393 0.999965847 0.003123590 -8.396017075 -0.031151528 -0.002884088 0.999510467 84.461357117
0.999431014 -0.007498446 0.032883842 4.801525593 0.007386334 0.999966443 0.003529518 -8.613297462 -0.032909203 -0.003284619 0.999452949 86.717819214
0.999425948 -0.007348278 0.033071414 4.970236778 0.007182444 0.999961019 0.005130446 -8.848168373 -0.033107817 -0.004889967 0.999439955 89.000671387
0.999399960 -0.006650134 0.033992499 5.132416725 0.006457136 0.999962389 0.005784335 -9.072567940 -0.034029692 -0.005561369 0.999405265 91.253967285
0.999366820 -0.006450446 0.034988951 5.297140121 0.006250464 0.999963522 0.005821973 -9.293120384 -0.035025228 -0.005599590 0.999370754 93.491981506
0.999352276 -0.006749567 0.035345033 5.473390102 0.006578692 0.999966145 0.004948512 -9.508006096 -0.035377234 -0.004712783 0.999362886 95.724189758
0.999318659 -0.007468708 0.036144082 5.643319130 0.007277846 0.999958873 0.005409319 -9.729389191 -0.036182992 -0.005142583 0.999331892 97.968185425
0.999285519 -0.007197967 0.037101395 5.804974556 0.007014310 0.999962509 0.005077889 -9.960496902 -0.037136551 -0.004814019 0.999298632 100.210731506
0.999229670 -0.007283467 0.038562424 5.962176323 0.007060133 0.999957621 0.005924476 -10.173756599 -0.038603939 -0.005647657 0.999238670 102.443946838
0.999223948 -0.007660103 0.038636774 6.158716202 0.007431242 0.999953926 0.006063542 -10.398048401 -0.038681444 -0.005771717 0.999234915 104.704223633
0.999192953 -0.008464014 0.039264910 6.335503578 0.008214869 0.999945104 0.006502282 -10.610568047 -0.039317794 -0.006174478 0.999207675 106.944656372
0.999165952 -0.009966830 0.039599456 6.518100739 0.009710124 0.999930561 0.006669680 -10.826331139 -0.039663184 -0.006279601 0.999193370 109.197105408
0.999116898 -0.011042243 0.040540207 6.690630436 0.010747332 0.999914229 0.007485284 -11.046716690 -0.040619384 -0.007042974 0.999149859 111.452651978
0.999088764 -0.011884009 0.040993217 6.878498077 0.011639058 0.999912977 0.006208867 -11.267700195 -0.041063435 -0.005726087 0.999140143 113.718017578
0.999041319 -0.012157580 0.042057917 7.057145119 0.011940769 0.999914110 0.005402440 -11.487417221 -0.042119991 -0.004895055 0.999100566 115.969238281
0.999005377 -0.012539017 0.042791132 7.238422394 0.012293933 0.999906540 0.005985831 -11.714859962 -0.042862192 -0.005453807 0.999066055 118.217292786
0.998950064 -0.013071089 0.043907851 7.424392223 0.012790213 0.999895930 0.006671807 -11.937664986 -0.043990489 -0.006103212 0.999013305 120.486457825
0.998910606 -0.013631684 0.044628534 7.622095108 0.013327674 0.999885917 0.007102482 -12.160369873 -0.044720262 -0.006499951 0.998978376 122.731521606
0.998864174 -0.014514285 0.045383632 7.816452503 0.014220595 0.999875844 0.006787461 -12.380483627 -0.045476511 -0.006134369 0.998946548 125.000167847
0.998840034 -0.015129208 0.045713462 8.010844231 0.014870271 0.999871373 0.005999102 -12.602698326 -0.045798346 -0.005312372 0.998936594 127.258804321
0.998820961 -0.016603479 0.045618199 8.200232506 0.016327344 0.999846101 0.006419143 -12.819332123 -0.045717765 -0.005666750 0.998938322 129.514999390
0.998840749 -0.017655103 0.044781987 8.388099670 0.017375143 0.999827027 0.006633185 -13.032227516 -0.044891350 -0.005847403 0.998974741 131.760528564
0.998907924 -0.017890891 0.043161083 8.590350151 0.017564325 0.999814272 0.007933594 -13.249853134 -0.043295007 -0.007166835 0.999036551 133.994873047
0.998957992 -0.019035568 0.041478395 8.792064667 0.018733243 0.999795139 0.007665290 -13.479416847 -0.041615814 -0.006880279 0.999109924 136.271163940
0.999032557 -0.019872697 0.039229017 9.003861427 0.019622577 0.999784708 0.006750672 -13.683482170 -0.039354730 -0.005974367 0.999207377 138.496780396
0.999034166 -0.020281950 0.038979560 9.174438477 0.020008793 0.999772549 0.007385155 -13.913535118 -0.039120480 -0.006598087 0.999212742 140.779739380
0.999027252 -0.020638723 0.038971215 9.343036652 0.020366451 0.999765456 0.007370694 -14.118850708 -0.039114200 -0.006569818 0.999213159 143.010559082
0.999080002 -0.020523941 0.037655115 9.537160873 0.020201998 0.999756217 0.008910610 -14.350454330 -0.037828807 -0.008141704 0.999251068 145.271697998
0.999099553 -0.019653376 0.037600916 9.712239265 0.019379133 0.999783099 0.007644128 -14.561810493 -0.037742991 -0.006908572 0.999263585 147.524703979
0.999122739 -0.018309286 0.037663482 9.889005661 0.018088071 0.999817252 0.006205932 -14.777767181 -0.037770219 -0.005519228 0.999271154 149.766204834
0.999136329 -0.016840236 0.037987422 10.064851761 0.016650859 0.999847293 0.005296209 -14.997251511 -0.038070809 -0.004659111 0.999264121 152.010314941
0.999146521 -0.016086372 0.038045421 10.248447418 0.015895147 0.999859452 0.005323316 -15.212391853 -0.038125709 -0.004714036 0.999261856 154.251342773
0.999136090 -0.015412235 0.038597435 10.431934357 0.015206586 0.999868572 0.005615946 -15.428537369 -0.038678918 -0.005024158 0.999239028 156.514297485
0.999134123 -0.014150834 0.039128523 10.595715523 0.013874932 0.999876916 0.007313738 -15.654785156 -0.039227210 -0.006764498 0.999207437 158.748641968
0.999078214 -0.013567634 0.040728338 10.774358749 0.013240832 0.999878049 0.008283049 -15.871438026 -0.040835761 -0.007736135 0.999135971 160.989517212
0.999054432 -0.012023461 0.041779928 10.936470032 0.011622499 0.999884188 0.009826683 -16.084617615 -0.041893236 -0.009331805 0.999078512 163.279846191
0.999025762 -0.011588955 0.042582043 11.119537354 0.011214985 0.999896467 0.009010763 -16.287981033 -0.042682067 -0.008524426 0.999052346 165.544158936
0.998978555 -0.010877139 0.043857999 11.307786942 0.010539100 0.999912977 0.007931472 -16.501190186 -0.043940451 -0.007461145 0.999006331 167.774795532
0.998926699 -0.008938900 0.045448143 11.499459267 0.008595841 0.999933124 0.007738251 -16.715986252 -0.045514274 -0.007339280 0.998936713 170.047790527
0.998811245 -0.008199274 0.048050631 11.688366890 0.007840212 0.999939978 0.007656339 -16.926536560 -0.048110522 -0.007270510 0.998815536 172.306579590
0.998690963 -0.008469450 0.050444603 11.885581970 0.008103301 0.999939263 0.007458558 -17.142387390 -0.050504714 -0.007040028 0.998699009 174.576156616
0.998610020 -0.008370655 0.052036356 12.094044685 0.007966581 0.999936521 0.007967783 -17.359388351 -0.052099753 -0.007542157 0.998613417 176.835952759
0.998559952 -0.008813472 0.052917447 12.293092728 0.008362528 0.999926805 0.008737051 -17.569374084 -0.052990586 -0.008281947 0.998560667 179.061584473
0.998556376 -0.010355780 0.052704819 12.506523132 0.009920461 0.999914527 0.008514481 -17.792472839 -0.052788485 -0.007979332 0.998573840 181.343460083
0.998526096 -0.011223840 0.053099249 12.705774307 0.010816181 0.999909759 0.007958462 -18.000099182 -0.053183779 -0.007372401 0.998557508 183.586883545
0.998570800 -0.012896466 0.051865906 12.924833298 0.012496193 0.999889612 0.008034365 -18.225318909 -0.051963788 -0.007374757 0.998621762 185.829696655
0.998583257 -0.014612523 0.051165503 13.135437012 0.014173087 0.999859512 0.008940814 -18.440441132 -0.051288966 -0.008202974 0.998650193 188.075195312
0.998588383 -0.015454766 0.050816871 13.344100952 0.015049489 0.999851882 0.008348236 -18.648973465 -0.050938360 -0.007571682 0.998673141 190.314300537
0.998549163 -0.016624907 0.051216140 13.537708282 0.016215857 0.999833226 0.008391976 -18.876876831 -0.051347118 -0.007549289 0.998652279 192.569427490
0.998501539 -0.017590692 0.051820990 13.722665787 0.017178522 0.999817252 0.008388520 -19.090314865 -0.051959075 -0.007485742 0.998621225 194.806838989
0.998558283 -0.016860183 0.050962180 13.961816788 0.016437028 0.999826968 0.008711082 -19.325084686 -0.051100232 -0.007860855 0.998662591 197.071136475
0.998568416 -0.014979585 0.051348820 14.163735390 0.014566507 0.999858499 0.008409369 -19.531265259 -0.051467527 -0.007649356 0.998645365 199.313995361
0.998574436 -0.013212600 0.051714793 14.363776207 0.012801292 0.999883771 0.008276556 -19.749925613 -0.051818129 -0.007602742 0.998627722 201.550643921
0.998555839 -0.012825075 0.052170265 14.574690819 0.012452832 0.999894679 0.007453965 -19.962484360 -0.052260365 -0.006793533 0.998610377 203.808807373
0.998515904 -0.013128173 0.052855328 14.771244049 0.012716432 0.999886215 0.008118795 -20.171421051 -0.052955903 -0.007434615 0.998569131 206.037567139
0.998492837 -0.014559362 0.052915636 15.000167847 0.014133326 0.999864697 0.008416529 -20.396091461 -0.053031016 -0.007655970 0.998563528 208.295410156
0.998433888 -0.013985887 0.054166257 15.205040932 0.013553435 0.999873400 0.008342913 -20.596656799 -0.054276079 -0.007595710 0.998497069 210.539764404
0.998365641 -0.014455118 0.055290632 15.425710678 0.013927794 0.999853790 0.009910841 -20.828485489 -0.055425808 -0.009124569 0.998421133 212.792892456
0.998303890 -0.013039668 0.056738030 15.659140587 0.012472420 0.999868870 0.010340324 -21.040311813 -0.056865420 -0.009615126 0.998335600 215.025131226
0.998118460 -0.011366257 0.060251985 15.859163284 0.010767441 0.999889433 0.010253894 -21.246841431 -0.060361877 -0.009585841 0.998130500 217.293869019
0.997991860 -0.011410794 0.062305611 16.087015152 0.010779694 0.999887168 0.010455902 -21.454235077 -0.062417895 -0.009763269 0.998002350 219.537384033
0.997865617 -0.012896384 0.064015009 16.320058823 0.012210428 0.999863863 0.011095279 -21.660846710 -0.064149387 -0.010289948 0.997887194 221.772964478
0.997758985 -0.014260132 0.065372832 16.552141190 0.013510925 0.999838054 0.011888354 -21.863698959 -0.065531760 -0.010978467 0.997790098 224.009490967
0.997688115 -0.016372614 0.065957293 16.799293518 0.015656808 0.999812961 0.011354913 -22.077800751 -0.066130884 -0.010295982 0.997757792 226.243347168
0.997658432 -0.017695211 0.066063441 17.040969849 0.017007647 0.999795437 0.010955551 -22.279790878 -0.066243760 -0.009806316 0.997755289 228.494598389
0.997605085 -0.017920166 0.066805288 17.278081894 0.017214118 0.999790013 0.011129494 -22.483169556 -0.066990696 -0.009952845 0.997703969 230.735809326
0.997557759 -0.019360872 0.067109428 17.527618408 0.018716045 0.999772549 0.010224094 -22.690820694 -0.067292109 -0.008943100 0.997693241 232.991043091
0.997503936 -0.020342018 0.067618042 17.768161774 0.019623738 0.999743879 0.011270028 -22.892707825 -0.067829981 -0.009914977 0.997647583 235.226623535
0.997511744 -0.020062603 0.067585669 18.037607193 0.019333715 0.999747872 0.011421642 -23.103832245 -0.067797780 -0.010086541 0.997648060 237.507827759
0.997484565 -0.019996144 0.068005189 18.279508591 0.019268332 0.999750137 0.011341528 -23.306621552 -0.068214968 -0.010002651 0.997620523 239.744567871
0.997447133 -0.020221749 0.068486013 18.523950577 0.019467229 0.999742448 0.011666736 -23.513507843 -0.068704307 -0.010303721 0.997583866 241.979690552
0.997405052 -0.020464934 0.069023214 18.767845154 0.019700117 0.999736965 0.011743169 -23.713510513 -0.069245376 -0.010352930 0.997545958 244.222244263
0.997372091 -0.020637657 0.069447920 19.013584137 0.019911017 0.999739707 0.011139124 -23.925109863 -0.069659732 -0.009727073 0.997523308 246.454833984
0.997391224 -0.020324200 0.069264889 19.273351669 0.019657061 0.999753654 0.010299777 -24.134281158 -0.069457166 -0.008911364 0.997545123 248.699188232
0.997366428 -0.020646449 0.069526695 19.523502350 0.019938067 0.999742150 0.010867310 -24.343845367 -0.069733143 -0.009452462 0.997520924 250.945983887
0.997336805 -0.021780802 0.069605187 19.775129318 0.021078231 0.999719381 0.010812378 -24.551191330 -0.069821171 -0.009316428 0.997516036 253.175781250
0.997329175 -0.021763042 0.069719441 20.030643463 0.021015087 0.999713659 0.011443696 -24.757616043 -0.069948532 -0.009947973 0.997500956 255.427062988
0.997300148 -0.022322949 0.069957986 20.271194458 0.021564379 0.999700367 0.011579848 -24.963022232 -0.070195518 -0.010039983 0.997482777 257.649322510
0.997278214 -0.022763580 0.070128486 20.534736633 0.021956496 0.999683797 0.012258177 -25.177911758 -0.070385352 -0.010685037 0.997462630 259.917602539
0.997250319 -0.022610014 0.070573375 20.790311813 0.021839967 0.999693453 0.011664070 -25.379047394 -0.070815466 -0.010090677 0.997438371 262.163543701
0.997221887 -0.022546778 0.070994183 21.047452927 0.021808073 0.999699831 0.011163276 -25.582729340 -0.071224578 -0.009584018 0.997414231 264.423309326
0.997198701 -0.021687772 0.071585074 21.304830551 0.020980844 0.999723554 0.010612626 -25.791046143 -0.071795441 -0.009080980 0.997377992 266.666412354
0.997134447 -0.020915724 0.072701789 21.559585571 0.020194037 0.999739408 0.010647695 -25.993757248 -0.072905548 -0.009149040 0.997296929 268.913696289
0.997018099 -0.020524479 0.074390344 21.804973602 0.019809259 0.999750257 0.010339672 -26.213577271 -0.074584000 -0.008835221 0.997175515 271.175903320
0.996949375 -0.021191819 0.075119436 22.079536438 0.020452181 0.999734640 0.010601859 -26.423398972 -0.075324178 -0.009033158 0.997118175 273.426330566
0.996750772 -0.021700934 0.077568956 22.328010559 0.020904245 0.999720216 0.011068029 -26.622404099 -0.077787444 -0.009410546 0.996925533 275.667846680
0.996650100 -0.021556428 0.078890979 22.600198746 0.020671546 0.999714136 0.012016132 -26.817502975 -0.079127453 -0.010345081 0.996810794 277.908294678
0.996587574 -0.021175982 0.079778805 22.881637573 0.020136844 0.999701858 0.013807446 -27.037025452 -0.080047406 -0.012153838 0.996716976 280.160034180
0.996516168 -0.020855395 0.080750287 23.163265228 0.019721402 0.999695659 0.014815485 -27.242263794 -0.081034720 -0.013171362 0.996624291 282.397979736
0.996453643 -0.019795187 0.081781842 23.438125610 0.018652420 0.999717712 0.014713947 -27.435678482 -0.082050011 -0.013136338 0.996541619 284.654449463
0.996338844 -0.018726800 0.083415985 23.701551437 0.017618394 0.999746680 0.014004132 -27.629467010 -0.083657116 -0.012483204 0.996416390 286.885009766
0.996326089 -0.018334335 0.083655238 23.986618042 0.017325789 0.999768376 0.012766121 -27.818920135 -0.083869919 -0.011269825 0.996412992 289.125488281
0.996274829 -0.019090164 0.084096745 24.258762360 0.018074961 0.999754488 0.012816794 -28.023471832 -0.084320776 -0.011249002 0.996375203 291.352813721
0.996173620 -0.018756233 0.085359000 24.512357712 0.017754629 0.999764502 0.012478119 -28.229574203 -0.085572936 -0.010914857 0.996272147 293.632171631
0.996191263 -0.019156095 0.085064977 24.795038223 0.018194418 0.999761641 0.012066184 -28.433809280 -0.085275851 -0.010472519 0.996302307 295.858917236
0.996197760 -0.019140746 0.084992111 25.076066971 0.018184258 0.999762475 0.012013906 -28.637180328 -0.085201874 -0.010422708 0.996309221 298.091186523
0.996202111 -0.018607493 0.085058846 25.355476379 0.017649936 0.999772310 0.011995809 -28.834402084 -0.085262671 -0.010448967 0.996303737 300.326049805
0.996103883 -0.018477337 0.086229593 25.608413696 0.017413385 0.999762893 0.013074553 -29.042728424 -0.086450741 -0.011522063 0.996189415 302.569610596
0.996107280 -0.018780414 0.086125441 25.894800186 0.017690985 0.999753773 0.013395264 -29.245317459 -0.086355790 -0.011819475 0.996194184 304.818450928
0.996079385 -0.018146032 0.086582914 26.181503296 0.017022913 0.999761283 0.013692436 -29.447698593 -0.086810693 -0.012164859 0.996150553 307.067718506
0.996062875 -0.018788761 0.086635850 26.464269638 0.017651316 0.999747932 0.013876482 -29.657558441 -0.086874731 -0.012292611 0.996143401 309.327056885
0.996029317 -0.020105345 0.086725324 26.750852585 0.018938316 0.999718964 0.014258574 -29.856126785 -0.086987600 -0.012559528 0.996130228 311.586273193
0.995991230 -0.020241756 0.087130740 27.033224106 0.019125314 0.999724209 0.013629323 -30.056734085 -0.087382607 -0.011908281 0.996103644 313.826721191
0.996014059 -0.019898752 0.086948492 27.327394485 0.018718051 0.999721467 0.014373620 -30.260141373 -0.087210275 -0.012688820 0.996109128 316.079254150
0.995968521 -0.018281344 0.087820947 27.609518051 0.017158814 0.999761343 0.013520102 -30.462066650 -0.088047162 -0.011958693 0.996044457 318.325164795
0.995965600 -0.016601045 0.088186890 27.891534805 0.015418567 0.999782085 0.014073098 -30.661888123 -0.088401295 -0.012656607 0.996004462 320.579467773
0.995908976 -0.015378091 0.089043647 28.170623779 0.014204725 0.999803901 0.013796154 -30.862987518 -0.089238346 -0.012474874 0.995932162 322.812255859
0.995846987 -0.014454903 0.089887351 28.445707321 0.013216006 0.999809504 0.014362722 -31.058958054 -0.090077832 -0.013115122 0.995848358 325.051513672
0.995842338 -0.014063589 0.090001710 28.737558365 0.012698491 0.999795735 0.015722163 -31.266174316 -0.090204455 -0.014513912 0.995817482 327.274078369
0.995807946 -0.014666446 0.090284362 29.020118713 0.013319054 0.999791026 0.015508349 -31.468341827 -0.090492927 -0.014240837 0.995795250 329.521575928
0.995806992 -0.016557436 0.089968510 29.319169998 0.015286990 0.999773741 0.014791838 -31.665233612 -0.090193056 -0.013354469 0.995834768 331.755371094
0.995806277 -0.016100157 0.090058282 29.606369019 0.014850401 0.999784172 0.014530116 -31.864562988 -0.090272784 -0.013131781 0.995830476 333.977569580
0.995787263 -0.016450563 0.090205468 29.894021988 0.015088709 0.999761999 0.015758483 -32.061527252 -0.090443231 -0.014331015 0.995798469 336.208557129
0.995835125 -0.016984107 0.089576237 30.198049545 0.015635852 0.999753952 0.015731847 -32.256225586 -0.089821391 -0.014265724 0.995855689 338.442993164
0.995824993 -0.016922165 0.089700639 30.482213974 0.015532898 0.999748707 0.016163388 -32.459171295 -0.089951605 -0.014702595 0.995837629 340.686492920
0.995877385 -0.017052175 0.089091912 30.781055450 0.015691889 0.999749660 0.015946614 -32.658920288 -0.089341529 -0.014482850 0.995895743 342.928070068
0.995892465 -0.017282654 0.088879332 31.069793701 0.015878489 0.999738097 0.016481442 -32.854507446 -0.089140899 -0.015002474 0.995906055 345.168090820
0.995937347 -0.016955230 0.088438265 31.359247208 0.015556154 0.999743104 0.016485220 -33.045429230 -0.088695072 -0.015042486 0.995945215 347.405212402
0.995984972 -0.016959606 0.087899692 31.646259308 0.015568400 0.999742866 0.016488705 -33.240238190 -0.088156715 -0.015054042 0.995992839 349.641906738
0.995991826 -0.016470877 0.087914161 31.929258347 0.015050031 0.999745727 0.016800191 -33.437194824 -0.088168517 -0.015409748 0.995986342 351.882812500
0.996036947 -0.016714264 0.087356031 32.214702606 0.015284855 0.999738514 0.017006440 -33.627632141 -0.087617442 -0.015603818 0.996032000 354.111083984
0.996060431 -0.016707867 0.087088652 32.495552063 0.015321966 0.999745488 0.016557964 -33.821060181 -0.087343119 -0.015158365 0.996062934 356.349304199
0.996102452 -0.016679989 0.086612381 32.780590057 0.015266043 0.999739528 0.016961854 -34.013813019 -0.086872764 -0.015573516 0.996097624 358.585113525
0.996150494 -0.016130313 0.086162634 33.069324493 0.014645148 0.999733508 0.017841185 -34.210304260 -0.086427443 -0.016510641 0.996121347 360.831420898
0.996211290 -0.016304092 0.085423686 33.361114502 0.014838949 0.999732137 0.017758528 -34.404510498 -0.085690342 -0.016423650 0.996186435 363.081115723
0.996262789 -0.016265932 0.084828615 33.649326324 0.014776708 0.999725938 0.018154176 -34.595478058 -0.085100651 -0.016832845 0.996230185 365.321258545
0.996311903 -0.016157901 0.084270425 33.933414459 0.014719645 0.999735653 0.017660717 -34.791919708 -0.084533490 -0.016355149 0.996286511 367.583862305
0.996331036 -0.016861437 0.083905585 34.212757111 0.015446751 0.999727786 0.017481230 -34.986869812 -0.084177524 -0.016121024 0.996320307 369.835083008
0.996326029 -0.017026184 0.083931379 34.489601135 0.015689483 0.999739707 0.016560134 -35.173820496 -0.084191501 -0.015182453 0.996333897 372.088348389
0.996403992 -0.016879229 0.083030842 34.769638062 0.015549669 0.999740720 0.016633533 -35.375259399 -0.083290085 -0.015282620 0.996408105 374.330688477
0.996489286 -0.016860798 0.082005382 35.056373596 0.015529032 0.999737442 0.016850801 -35.563766479 -0.082267962 -0.015518176 0.996489465 376.578765869
0.996397376 -0.016529022 0.083180971 35.318412781 0.015131221 0.999733865 0.017406842 -35.754455566 -0.083446555 -0.016085502 0.996382535 378.850402832
0.996397018 -0.017156810 0.083057977 35.597747803 0.015734809 0.999718726 0.017745042 -35.952877045 -0.083339080 -0.016374201 0.996386707 381.099365234
0.996414244 -0.017154554 0.082851224 35.879657745 0.015737912 0.999719083 0.017721551 -36.139442444 -0.083131962 -0.016354101 0.996404350 383.358276367
0.996433258 -0.016235368 0.082808182 36.164772034 0.014800011 0.999729931 0.017918039 -36.333625793 -0.083076738 -0.016628565 0.996404409 385.619079590
0.996424377 -0.015074498 0.083133489 36.432765961 0.013622764 0.999745011 0.018002406 -36.519935608 -0.083383679 -0.016805526 0.996375799 387.861633301
0.996453166 -0.013812938 0.083007880 36.719028473 0.012352838 0.999760270 0.018077808 -36.723003387 -0.083237693 -0.016988305 0.996384919 390.129852295
0.996439636 -0.012725336 0.083342768 36.990921021 0.011275426 0.999777198 0.017844614 -36.913665771 -0.083551288 -0.016841356 0.996361136 392.404510498
0.996478856 -0.011619252 0.083035253 37.275436401 0.010053544 0.999764144 0.019249260 -37.105358124 -0.083239339 -0.018346684 0.996360600 394.663543701
0.996422052 -0.010204535 0.083898604 37.544795990 0.008579831 0.999769092 0.019702908 -37.298393250 -0.084080286 -0.018912572 0.996279478 396.922821045
0.996364951 -0.009872315 0.084612891 37.820312500 0.008356806 0.999798596 0.018246593 -37.497760773 -0.084775977 -0.017473176 0.996246815 399.187011719
0.996288717 -0.009404671 0.085558861 38.095714569 0.007914037 0.999811292 0.017744889 -37.691349030 -0.085709602 -0.017001918 0.996175051 401.453216553
0.996223927 -0.011019091 0.086120114 38.366626740 0.009433827 0.999778867 0.018792951 -37.882335663 -0.086308166 -0.017909545 0.996107459 403.711059570
0.996169269 -0.012525781 0.086544022 38.651668549 0.010825214 0.999739468 0.020091191 -38.076553345 -0.086773135 -0.019077368 0.996045411 405.965362549
0.996169627 -0.013158523 0.086445704 38.934761047 0.011471342 0.999734461 0.019985093 -38.265869141 -0.086685702 -0.018916890 0.996056080 408.217895508
0.996135771 -0.012949585 0.086866938 39.226428986 0.011382042 0.999763727 0.018516460 -38.450038910 -0.087086193 -0.017456179 0.996047854 410.484252930
0.996113539 -0.011007846 0.087388121 39.533565521 0.009372883 0.999773622 0.019097537 -38.652347565 -0.087578565 -0.018204238 0.995991290 412.753448486
0.996043980 -0.009791302 0.088320769 39.814292908 0.008158193 0.999789357 0.018832723 -38.843368530 -0.088486567 -0.018037682 0.995914042 414.996185303
0.995966613 -0.008455441 0.089325510 40.104610443 0.006789708 0.999797642 0.018935293 -39.032417297 -0.089467525 -0.018252425 0.995822489 417.267120361
0.995926619 -0.008512490 0.089764044 40.400321960 0.006862455 0.999802172 0.018674515 -39.223659515 -0.089905240 -0.017982448 0.995787978 419.520294189
0.995824099 -0.008197469 0.090923324 40.683853149 0.006518703 0.999803066 0.018745158 -39.413547516 -0.091059074 -0.018074179 0.995681465 421.773559570
0.995743692 -0.008435796 0.091778442 40.969715118 0.006755757 0.999804258 0.018600671 -39.608364105 -0.091917381 -0.017901471 0.995605707 424.032684326
0.995679379 -0.008765691 0.092442617 41.265441895 0.006971159 0.999781311 0.019717466 -39.798492432 -0.092595249 -0.018987846 0.995522738 426.307098389
0.995643616 -0.007856209 0.092908673 41.559192657 0.006000096 0.999777257 0.020240298 -39.984901428 -0.093046978 -0.019594660 0.995468915 428.560455322
0.995562851 -0.007099100 0.093830399 41.858543396 0.005151631 0.999766588 0.020981152 -40.173507690 -0.093957447 -0.020404678 0.995367050 430.837097168
0.995562792 -0.007345608 0.093812697 42.158096313 0.005383185 0.999761701 0.021154471 -40.369495392 -0.093945734 -0.020555591 0.995365083 433.109527588
0.995527744 -0.008077999 0.094124831 42.462768555 0.006154962 0.999766707 0.020703139 -40.565902710 -0.094270118 -0.020031214 0.995345056 435.376647949
0.995516837 -0.006927430 0.094330765 42.764411926 0.005002024 0.999774635 0.020632401 -40.737789154 -0.094452433 -0.020068059 0.995327115 437.640869141
0.995462239 -0.007175806 0.094887793 43.062805176 0.005212700 0.999767542 0.020920407 -40.926422119 -0.095015854 -0.020330850 0.995268106 439.925659180
0.995515883 -0.007404205 0.094304450 43.374889374 0.005439154 0.999763012 0.021077331 -41.112934113 -0.094438180 -0.020469882 0.995320201 442.200012207
0.995499015 -0.006625676 0.094541572 43.686435699 0.004569342 0.999748588 0.021950511 -41.306701660 -0.094663233 -0.021419715 0.995279014 444.485748291
0.995467722 -0.007182879 0.094828412 43.993450165 0.005108709 0.999742746 0.022097567 -41.491714478 -0.094962761 -0.021512967 0.995248318 446.763427734
0.995464802 -0.007025861 0.094870247 44.297428131 0.004987033 0.999751866 0.021710724 -41.681594849 -0.094999246 -0.021139141 0.995252848 449.029815674
0.995492697 -0.006417317 0.094620459 44.606914520 0.004412738 0.999761820 0.021379510 -41.870368958 -0.094735116 -0.020865617 0.995283842 451.293640137
0.995431781 -0.005821808 0.095297121 44.905815125 0.003822358 0.999768972 0.021150328 -42.064857483 -0.095398240 -0.020689452 0.995224118 453.556549072
0.995351791 -0.004961061 0.096177660 45.204376221 0.002937714 0.999771595 0.021167809 -42.243946075 -0.096260689 -0.020786878 0.995139062 455.836883545
0.995344162 -0.005483890 0.096228711 45.507595062 0.003482179 0.999774277 0.020957228 -42.438655853 -0.096321911 -0.020524567 0.995138586 458.104644775
0.995376825 -0.004593151 0.095936991 45.826934814 0.002666932 0.999792457 0.020196540 -42.627593994 -0.096009836 -0.019847311 0.995182455 460.393737793
0.995378673 -0.003581886 0.095960952 46.133316040 0.001603888 0.999784946 0.020681735 -42.817726135 -0.096014380 -0.020432245 0.995170236 462.673309326
0.995377183 -0.003248575 0.095988050 46.437705994 0.001153450 0.999760091 0.021874368 -43.004459381 -0.096036091 -0.021662531 0.995142043 464.946960449
0.995413840 -0.003402060 0.095601447 46.736301422 0.001277315 0.999750972 0.022277448 -43.188255310 -0.095653430 -0.022053171 0.995170355 467.210968018
0.995532811 -0.003691284 0.094344154 47.050273895 0.001693020 0.999772727 0.021251841 -43.375743866 -0.094401158 -0.020997182 0.995312810 469.489501953
0.995569408 -0.003473921 0.093966752 47.359462738 0.001523502 0.999782085 0.020820249 -43.567134857 -0.094018616 -0.020584844 0.995357633 471.781158447
0.995660663 -0.003923379 0.092975497 47.665458679 0.001890106 0.999757469 0.021946888 -43.761909485 -0.093039028 -0.021675918 0.995426476 474.059295654
0.995643198 -0.004203955 0.093149930 47.954532623 0.002164549 0.999755919 0.021984030 -43.948570251 -0.093219616 -0.021686623 0.995409310 476.336669922
0.995764136 -0.003903012 0.091860957 48.256820679 0.001904861 0.999759912 0.021829538 -44.127658844 -0.091924094 -0.021562094 0.995532513 478.615844727
0.995767057 -0.004076137 0.091821842 48.554790497 0.002028198 0.999747336 0.022385687 -44.313388824 -0.091889881 -0.022104697 0.995523810 480.895996094
0.995817184 -0.004589542 0.091251887 48.859794617 0.002506826 0.999734044 0.022925345 -44.499126434 -0.091332830 -0.022600705 0.995563924 483.173553467
0.995810449 -0.004977830 0.091306344 49.145935059 0.002974213 0.999752045 0.022066852 -44.682739258 -0.091393553 -0.021702835 0.995578349 485.461334229
0.995917022 -0.006006730 0.090073407 49.451553345 0.003946064 0.999726772 0.023038283 -44.880580902 -0.090187192 -0.022588784 0.995668590 487.765869141
0.996006668 -0.006497196 0.089042433 49.752254486 0.004477848 0.999728560 0.022859504 -45.058456421 -0.089166768 -0.022369497 0.995765507 490.048248291
0.995914280 -0.006179865 0.090091906 49.996170044 0.004060485 0.999711156 0.023688974 -45.256874084 -0.090212278 -0.023226369 0.995651662 492.303436279
0.995991468 -0.005622113 0.089271680 50.303371429 0.003478148 0.999702215 0.024153609 -45.438285828 -0.089380890 -0.023746287 0.995714426 494.594085693
0.995993614 -0.005392168 0.089261875 50.585895538 0.003276223 0.999710560 0.023834478 -45.620376587 -0.089364558 -0.023446545 0.995722890 496.896942139
0.996017694 -0.005104889 0.089009725 50.888824463 0.003024619 0.999719501 0.023490505 -45.811981201 -0.089104667 -0.023127738 0.995753706 499.215393066
0.996047020 -0.005177167 0.088676639 51.178504944 0.003039864 0.999702036 0.024220321 -45.993938446 -0.088775612 -0.023855017 0.995765924 501.508209229
0.996066809 -0.004929045 0.088467859 51.467025757 0.002767603 0.999695063 0.024538005 -46.180393219 -0.088561833 -0.024196649 0.995776772 503.789337158
0.996087551 -0.003995500 0.088281512 51.758014679 0.001887555 0.999711275 0.023948126 -46.365081787 -0.088351719 -0.023687791 0.995807648 506.082275391
0.996093750 -0.003615534 0.088228963 52.046695709 0.001475638 0.999703407 0.024307080 -46.545207977 -0.088290669 -0.024081936 0.995803595 508.376708984
0.996133029 -0.003947252 0.087768778 52.345478058 0.001903923 0.999725401 0.023352368 -46.727367401 -0.087836862 -0.023094961 0.995867133 510.665649414
0.996185064 -0.004658550 0.087141350 52.644416809 0.002551509 0.999702156 0.024275351 -46.917755127 -0.087228455 -0.023960404 0.995900154 512.971618652
0.996205688 -0.004617094 0.086907431 52.934974670 0.002514200 0.999701798 0.024290865 -47.095855713 -0.086993665 -0.023980195 0.995920181 515.270446777
0.996222138 -0.003881624 0.086754687 53.222042084 0.001800023 0.999708891 0.024059465 -47.277515411 -0.086822838 -0.023812411 0.995939136 517.572265625
0.996203601 -0.002900559 0.087006047 53.501411438 0.000818214 0.999712527 0.023959458 -47.464248657 -0.087050542 -0.023797311 0.995919585 519.864013672
0.996171117 -0.001039016 0.087418936 53.791511536 -0.001045044 0.999716341 0.023790771 -47.646671295 -0.087418877 -0.023791036 0.995887518 522.211608887
0.996019006 0.001218346 0.089132778 54.064670563 -0.003378242 0.999704182 0.024085501 -47.830699921 -0.089077070 -0.024290726 0.995728493 524.537841797
0.996065915 0.001939656 0.088594444 54.375846863 -0.004154891 0.999683142 0.024826655 -48.005344391 -0.088518232 -0.025097085 0.995758355 526.870239258
0.995987773 0.001788343 0.089471437 54.659881592 -0.004024850 0.999683738 0.024822719 -48.187324524 -0.089398757 -0.025083235 0.995680153 529.178222656
0.995937586 -0.000068649 0.090046205 54.947696686 -0.002303790 0.999652922 0.026242714 -48.366889954 -0.090016760 -0.026343551 0.995591700 531.487854004
0.995888889 -0.001495542 0.090572283 55.252754211 -0.000849175 0.999665618 0.025843721 -48.544303894 -0.090580657 -0.025814384 0.995554507 533.812072754
0.995870292 -0.001419659 0.090776220 55.551795959 -0.000871437 0.999682188 0.025194323 -48.722507477 -0.090783149 -0.025169384 0.995552599 536.124694824
0.995794654 -0.001702128 0.091597214 55.850009918 -0.000574667 0.999691665 0.024824491 -48.902408600 -0.091611214 -0.024772730 0.995486677 538.441162109
0.995719373 -0.001204813 0.092420354 56.144702911 -0.001041707 0.999705255 0.024255540 -49.088512421 -0.092422336 -0.024247991 0.995424628 540.755920410
0.995636821 -0.000415338 0.093312390 56.443111420 -0.001825394 0.999712050 0.023926599 -49.275424957 -0.093295448 -0.023992537 0.995349288 543.085144043
0.995575786 0.000091203 0.093961634 56.755683899 -0.002225263 0.999741912 0.022607498 -49.455539703 -0.093935333 -0.022716571 0.995319068 545.411132812
0.995478868 0.000132434 0.094982930 57.047424316 -0.002349892 0.999727309 0.023234395 -49.643592834 -0.094953932 -0.023352550 0.995207727 547.731689453
0.995413244 0.000053565 0.095668569 57.350337982 -0.002371569 0.999706328 0.024115998 -49.832363129 -0.095639184 -0.024232266 0.995121062 550.047302246
0.995318770 0.000390878 0.096645527 57.645812988 -0.002694591 0.999715269 0.023707353 -50.009391785 -0.096608743 -0.023856793 0.995036483 552.352294922
0.995320976 -0.001685593 0.096609138 57.955280304 -0.000625671 0.999714375 0.023888579 -50.214508057 -0.096621819 -0.023837250 0.995035708 554.649902344
0.995374203 -0.002006777 0.096052721 58.280559540 -0.000319364 0.999707162 0.024195839 -50.396011353 -0.096073151 -0.024114586 0.995082140 556.961425781
0.995316327 -0.001531252 0.096660919 58.588642120 -0.000849541 0.999697387 0.024584396 -50.578720093 -0.096669324 -0.024551364 0.995013714 559.272583008
0.995297432 -0.000711924 0.096862793 58.903663635 -0.001769059 0.999672592 0.025525097 -50.760337830 -0.096849233 -0.025576420 0.994970381 561.604248047
0.995297134 -0.001156663 0.096862115 59.223960876 -0.001387233 0.999655962 0.026191615 -50.943038940 -0.096859090 -0.026202807 0.994953096 563.937500000
0.995256960 -0.000473185 0.097279042 59.540771484 -0.002148669 0.999637306 0.026845364 -51.122200012 -0.097256467 -0.026927058 0.994895041 566.261169434
0.995193422 0.000697266 0.097926565 59.857833862 -0.003282519 0.999650240 0.026241284 -51.305770874 -0.097874016 -0.026436599 0.994847596 568.582031250
0.995211303 0.001748947 0.097731426 60.191883087 -0.004171933 0.999688804 0.024593433 -51.481132507 -0.097658001 -0.024883393 0.994908929 570.923889160
0.995199621 0.002241832 0.097840555 60.524162292 -0.004685609 0.999682426 0.024754524 -51.666431427 -0.097754002 -0.025094137 0.994894207 573.244750977
0.995180786 0.001998728 0.098037042 60.840454102 -0.004564775 0.999652624 0.025956959 -51.858730316 -0.097951107 -0.026279379 0.994844198 575.631347656
0.995208263 0.001983286 0.097758859 61.170742035 -0.004659520 0.999620318 0.027155174 -52.043724060 -0.097667880 -0.027480559 0.994839549 577.944213867
0.995107353 0.002876409 0.098757498 61.480472565 -0.005419677 0.999660254 0.025494050 -52.226745605 -0.098650634 -0.025904551 0.994784892 580.337951660
0.995184243 0.002062707 0.098000661 61.810653687 -0.004537530 0.999676228 0.025036968 -52.400634766 -0.097917296 -0.025361074 0.994871378 582.677734375
0.995129943 0.001457994 0.098561257 62.130081177 -0.004120842 0.999631822 0.026819019 -52.594791412 -0.098485850 -0.027094558 0.994769514 585.003723145
0.995194137 0.001721939 0.097906433 62.455120087 -0.004381025 0.999627233 0.026950978 -52.773559570 -0.097823516 -0.027250383 0.994830608 587.322753906
0.995116770 -0.000489806 0.098703369 62.779853821 -0.002045039 0.999670684 0.025578640 -52.957096100 -0.098683402 -0.025655583 0.994788229 589.690612793
0.995143950 -0.000674284 0.098428026 63.110248566 -0.001825267 0.999678195 0.025302451 -53.133079529 -0.098413408 -0.025359241 0.994822443 592.043273926
0.995148301 -0.002280755 0.098360002 63.429538727 -0.000257079 0.999667585 0.025781088 -53.316871643 -0.098386109 -0.025681287 0.994816899 594.383728027
0.995177090 -0.002869492 0.098052874 63.759925842 0.000318105 0.999661207 0.026026249 -53.499599457 -0.098094322 -0.025869533 0.994840920 596.742492676
