1.000000000 0.000000000 0.000000000 0.000000000 0.000000000 1.000000000 0.000000000 0.000000000 0.000000000 0.000000000 1.000000000 0.000000000
0.999999940 -0.000057736 0.000396146 0.089763112 0.000057822 1.000000000 -0.000215061 -0.226010352 -0.000396133 0.000215083 0.999999881 2.293198824
0.999999344 0.000225493 0.001122735 0.167278022 -0.000225843 0.999999940 0.000312060 -0.465264052 -0.001122665 -0.000312313 0.999999344 4.581651211
0.999998629 -0.000080590 0.001660407 0.265694618 0.000079831 0.999999881 0.000457202 -0.695641041 -0.001660444 -0.000457069 0.999998450 6.868038177
0.999996841 -0.000256859 0.002509648 0.360739321 0.000260252 0.999999046 -0.001351542 -0.926533997 -0.002509298 0.001352191 0.999995947 9.160802841
0.999988079 0.001536057 0.004638095 0.451492041 -0.001536370 0.999998868 0.000063751 -1.163374662 -0.004637992 -0.000070876 0.999989271 11.466605186
0.999973357 0.003199024 0.006562687 0.564861417 -0.003205985 0.999994338 0.001050359 -1.393392682 -0.006559290 -0.001071371 0.999977887 13.746910095
0.999955356 0.003057568 0.008945024 0.670589447 -0.003090216 0.999988616 0.003638293 -1.622653484 -0.008933798 -0.003665772 0.999953389 16.017719269
0.999947011 0.003239294 0.009784464 0.768262565 -0.003287693 0.999982357 0.004934425 -1.851313233 -0.009768306 -0.004966330 0.999939978 18.303094864
0.999929845 0.002284526 0.011622115 0.873403907 -0.002344130 0.999984145 0.005117418 -2.076772213 -0.011610238 -0.005144303 0.999919355 20.592239380
0.999931395 -0.000178479 0.011706430 0.995200515 0.000145442 0.999996126 0.002822903 -2.306357384 -0.011706888 -0.002821006 0.999927521 22.893114090
0.999917567 -0.002338658 0.012619641 1.100920677 0.002325374 0.999996722 0.001067246 -2.529008389 -0.012622097 -0.001037813 0.999919832 25.174570084
0.999922752 -0.003420673 0.011950506 1.234068394 0.003418160 0.999994159 0.000230772 -2.776115656 -0.011951225 -0.000189906 0.999928534 27.457006454
0.999904156 -0.002932243 0.013532763 1.330823421 0.002938376 0.999995649 -0.000433297 -3.003970385 -0.013531430 0.000473020 0.999908268 29.742622375
0.999907732 -0.001030096 0.013541632 1.463169932 0.000996445 0.999996424 0.002491486 -3.238203764 -0.013544152 -0.002477763 0.999905229 32.013149261
0.999908090 0.000880987 0.013524349 1.592314005 -0.000943722 0.999988735 0.004633006 -3.457107782 -0.013520114 -0.004645343 0.999897838 34.293651581
0.999878109 0.002738794 0.015370826 1.702466249 -0.002875969 0.999956191 0.008909346 -3.691208363 -0.015345752 -0.008952466 0.999842167 36.601753235
0.999857605 0.004587998 0.016238268 1.815160990 -0.004731155 0.999950171 0.008788642 -3.909428358 -0.016197139 -0.008864214 0.999829471 38.872074127
0.999835014 0.003393942 0.017844578 1.925369143 -0.003526429 0.999966443 0.007398248 -4.118334293 -0.017818870 -0.007459953 0.999813378 41.180912018
0.999843895 0.000812602 0.017651238 2.053521872 -0.000931145 0.999977112 0.006708642 -4.342984676 -0.017645380 -0.006724031 0.999821723 43.458114624
0.999852836 -0.000263475 0.017154142 2.190843105 0.000174860 0.999986649 0.005167088 -4.563498020 -0.017155278 -0.005163328 0.999839485 45.706089020
0.999850929 -0.001033001 0.017233690 2.312432766 0.000962598 0.999991119 0.004092963 -4.789044857 -0.017237766 -0.004075763 0.999843121 47.974521637
0.999850392 -0.002361809 0.017134201 2.447129011 0.002286039 0.999987543 0.004440417 -5.013160706 -0.017144477 -0.004400583 0.999843299 50.253452301
0.999834418 -0.002647835 0.017999807 2.573354006 0.002562343 0.999985337 0.004771012 -5.232000828 -0.018012173 -0.004724101 0.999826610 52.515029907
0.999825120 -0.003828647 0.018308256 2.705957890 0.003738264 0.999980628 0.004968434 -5.460387707 -0.018326923 -0.004899124 0.999819994 54.801483154
0.999803841 -0.004218523 0.019358406 2.832312584 0.004120631 0.999978542 0.005093946 -5.684837341 -0.019379482 -0.005013176 0.999799609 57.091152191
0.999786079 -0.005605623 0.019908229 2.968738317 0.005495002 0.999969125 0.005606956 -5.905925274 -0.019939050 -0.005496361 0.999786079 59.360172272
0.999742806 -0.006912118 0.021597069 3.087018013 0.006802842 0.999963701 0.005129189 -6.128740788 -0.021631740 -0.004980948 0.999753594 61.634597778
0.999725342 -0.008004544 0.022023804 3.234132051 0.007899887 0.999957025 0.004834913 -6.348967075 -0.022061560 -0.004659600 0.999745727 63.888809204
0.999692202 -0.007383804 0.023684448 3.365468979 0.007251366 0.999957621 0.005672876 -6.569704056 -0.023725336 -0.005499386 0.999703407 66.157844543
0.999672234 -0.006628942 0.024729103 3.509613514 0.006482278 0.999960959 0.006006263 -6.794026375 -0.024767948 -0.005843993 0.999676168 68.410354614
0.999629319 -0.006748794 0.026376797 3.642267704 0.006596775 0.999961138 0.005846143 -7.016687393 -0.026415227 -0.005669975 0.999634981 70.660202026
0.999619484 -0.007677827 0.026494771 3.804455042 0.007562809 0.999961555 0.004438668 -7.236377239 -0.026527837 -0.004236604 0.999639094 72.907241821
0.999597788 -0.008654887 0.027007608 3.952374458 0.008528452 0.999952137 0.004793142 -7.458076477 -0.027047804 -0.004560879 0.999623716 75.171539307
0.999554276 -0.009865912 0.028176161 4.114723206 0.009744159 0.999942601 0.004455114 -7.689295769 -0.028218497 -0.004178575 0.999593019 77.438201904
0.999541998 -0.010894785 0.028236639 4.269704819 0.010778016 0.999932766 0.004284281 -7.912283897 -0.028281419 -0.003977984 0.999592066 79.675979614
0.999513388 -0.011488532 0.028998127 4.416532993 0.011381141 0.999927759 0.003865740 -8.127059937 -0.029040445 -0.003533828 0.999571860 81.933349609
0.999498308 -0.010711787 0.029805219 4.584604263 0.010598656 0.999935985 0.003951132 -8.355510712 -0.029845642 -0.003633255 0.999547839 84.182098389
0.999457538 -0.010366279 0.031257637 4.740444183 0.010237870 0.999938548 0.004265314 -8.569191933 -0.031299930 -0.003942989 0.999502301 86.436531067
0.999456644 -0.010233356 0.031331923 4.906587601 0.010057202 0.999932766 0.005774640 -8.803302765 -0.031388909 -0.005456390 0.999492347 88.702102661
0.999432623 -0.009306704 0.032374561 5.061364651 0.009108892 0.999938905 0.006252245 -9.024967194 -0.032430775 -0.005953799 0.999456227 90.955268860
0.999405503 -0.009118072 0.033249646 5.223909378 0.008917559 0.999941170 0.006173905 -9.242773056 -0.033303991 -0.005873728 0.999428034 93.206123352
0.999387324 -0.009278818 0.033747721 5.388430119 0.009090288 0.999942243 0.005735558 -9.457776070 -0.033798989 -0.005425268 0.999413908 95.458007812
0.999353707 -0.009807210 0.034581251 5.550258636 0.009602278 0.999935389 0.006087181 -9.676252365 -0.034638718 -0.005751189 0.999383330 97.710647583
0.999326169 -0.009731624 0.035390224 5.712676048 0.009540389 0.999938905 0.005568489 -9.903218269 -0.035442255 -0.005227099 0.999358058 99.945190430
0.999265313 -0.009795437 0.037050199 5.869932175 0.009549113 0.999931097 0.006819515 -10.118661880 -0.037114449 -0.006460709 0.999290049 102.171981812
0.999244273 -0.009881048 0.037590604 6.057188034 0.009640474 0.999931931 0.006575737 -10.333260536 -0.037653014 -0.006208378 0.999271572 104.428359985
0.999220669 -0.010805521 0.037964802 6.224404335 0.010530136 0.999916852 0.007446191 -10.555323601 -0.038042098 -0.007040615 0.999251306 106.645805359
0.999163806 -0.011873191 0.039123997 6.401950836 0.011570519 0.999901354 0.007953576 -10.771725655 -0.039214578 -0.007494241 0.999202669 108.887054443
0.999130309 -0.012721379 0.039708495 6.591527462 0.012381533 0.999884605 0.008792730 -10.991583824 -0.039815772 -0.008293432 0.999172628 111.133300781
0.999113560 -0.013178167 0.039981052 6.776635170 0.012891758 0.999889433 0.007412970 -11.210634232 -0.040074315 -0.006890973 0.999172926 113.399375916
0.999059081 -0.013556800 0.041197199 6.951557636 0.013297869 0.999890089 0.006552714 -11.423759460 -0.041281506 -0.005998714 0.999129534 115.651496887
0.999027431 -0.013711261 0.041906707 7.131067276 0.013432329 0.999885678 0.006930405 -11.642433167 -0.041996945 -0.006360759 0.999097466 117.872962952
0.998986483 -0.014103300 0.042744458 7.325523376 0.013787220 0.999875426 0.007680449 -11.857547760 -0.042847458 -0.007083338 0.999056458 120.115592957
0.998943388 -0.014505940 0.043608855 7.516823292 0.014159509 0.999865770 0.008242491 -12.077257156 -0.043722559 -0.007616302 0.999014676 122.340827942
0.998894989 -0.015412524 0.044398207 7.707561970 0.015062989 0.999852896 0.008196607 -12.294193268 -0.044518016 -0.007518781 0.998980284 124.572463989
0.998877645 -0.015390536 0.044793718 7.893017769 0.015066643 0.999857903 0.007559421 -12.516092300 -0.044903692 -0.006876045 0.998967648 126.837394714
0.998862445 -0.017041557 0.044534288 8.084380150 0.016704567 0.999828935 0.007928221 -12.727130890 -0.044661790 -0.007175278 0.998976350 129.100479126
0.998876154 -0.018057417 0.043822300 8.275532722 0.017705526 0.999807894 0.008404941 -12.943637848 -0.043965653 -0.007619599 0.999003947 131.359359741
0.998929322 -0.018444275 0.042429104 8.472489357 0.018058408 0.999792159 0.009459842 -13.153820992 -0.042594776 -0.008683509 0.999054730 133.595367432
0.998985589 -0.019677319 0.040503863 8.676648140 0.019315956 0.999770224 0.009293759 -13.375627518 -0.040677439 -0.008501961 0.999136150 135.848617554
0.999057353 -0.020285279 0.038380370 8.883337021 0.019959945 0.999761701 0.008840910 -13.582918167 -0.038550567 -0.008066506 0.999224067 138.068923950
0.999048769 -0.021525409 0.037923940 9.062694550 0.021205563 0.999736190 0.008816095 -13.803279877 -0.038103711 -0.008003512 0.999241650 140.347640991
0.999025524 -0.021899996 0.038320281 9.225952148 0.021581139 0.999729097 0.008714885 -14.004886627 -0.038500760 -0.007879398 0.999227464 142.583221436
0.999085009 -0.021674173 0.036867812 9.422218323 0.021292582 0.999715924 0.010711555 -14.235740662 -0.037089519 -0.009916745 0.999262691 144.805969238
0.999104083 -0.020763734 0.036874238 9.594495773 0.020422122 0.999745190 0.009616839 -14.445241928 -0.037064519 -0.008855175 0.999273658 147.054138184
0.999125302 -0.019403826 0.037041731 9.766955376 0.019112948 0.999783874 0.008190699 -14.657796860 -0.037192650 -0.007475560 0.999280095 149.293655396
0.999141335 -0.017832067 0.037398424 9.939833641 0.017567180 0.999818265 0.007399458 -14.874093056 -0.037523575 -0.006736119 0.999273062 151.538101196
0.999148130 -0.017187428 0.037518270 10.121057510 0.016918272 0.999828875 0.007479648 -15.084021568 -0.037640408 -0.006838532 0.999267936 153.772994995
0.999147952 -0.016390324 0.037877180 10.306317329 0.016094156 0.999837518 0.008110822 -15.299718857 -0.038003962 -0.007494310 0.999249518 156.032989502
0.999145329 -0.014948540 0.038536958 10.463713646 0.014593990 0.999848723 0.009465240 -15.512107849 -0.038672619 -0.008894742 0.999212325 158.250671387
0.999096096 -0.014249136 0.040047232 10.639743805 0.013830334 0.999846876 0.010715381 -15.724910736 -0.040193789 -0.010151828 0.999140322 160.487106323
0.999079406 -0.012645969 0.040996011 10.802835464 0.012161642 0.999853551 0.012041956 -15.926921844 -0.041142292 -0.011532292 0.999086738 162.756759644
0.999060154 -0.012325375 0.041556444 10.985399246 0.011877570 0.999868810 0.011005582 -16.120784760 -0.041686639 -0.010501647 0.999075472 165.004852295
0.999016821 -0.011679733 0.042766903 11.171560287 0.011273277 0.999889076 0.009732838 -16.328023911 -0.042875834 -0.009241144 0.999037802 167.249343872
0.998941123 -0.009809601 0.044950698 11.354047775 0.009365588 0.999905348 0.010077783 -16.536340714 -0.045045309 -0.009646121 0.998938382 169.492279053
0.998842835 -0.009437056 0.047158364 11.544181824 0.008935344 0.999901354 0.010838381 -16.764940262 -0.047255997 -0.010404462 0.998828590 171.757171631
0.998729408 -0.009557784 0.049479824 11.740737915 0.009038194 0.999901772 0.010714116 -16.971891403 -0.049577367 -0.010253293 0.998717666 174.016632080
0.998640120 -0.009236887 0.051310852 11.940689087 0.008661769 0.999897301 0.011419599 -17.180662155 -0.051411062 -0.010959628 0.998617411 176.272125244
0.998597920 -0.009637867 0.052050769 12.142457962 0.009027210 0.999887764 0.011954339 -17.379474640 -0.052160140 -0.011467705 0.998572886 178.502990723
0.998582721 -0.011211662 0.052027274 12.348045349 0.010592543 0.999869943 0.012160419 -17.600212097 -0.052156847 -0.011592084 0.998571634 180.739730835
0.998547494 -0.012216708 0.052474517 12.546779633 0.011617187 0.999863923 0.011714862 -17.801345825 -0.052610490 -0.011088241 0.998553574 182.988601685
0.998597860 -0.013602844 0.051159460 12.768460274 0.013005452 0.999843538 0.011991919 -18.026527405 -0.051314577 -0.011309753 0.998618484 185.243133545
0.998612344 -0.015459724 0.050343122 12.977519035 0.014838411 0.999809325 0.012692036 -18.230791092 -0.050529730 -0.011927410 0.998651326 187.489196777
0.998631954 -0.016253905 0.049698103 13.183526993 0.015659664 0.999801457 0.012323098 -18.432783127 -0.049888521 -0.011527985 0.998688281 189.736083984
0.998571396 -0.017988531 0.050313119 13.376958847 0.017381968 0.999771178 0.012467417 -18.654922485 -0.050525874 -0.011575065 0.998655617 191.968551636
0.998547316 -0.019555906 0.050207835 13.573426247 0.018987022 0.999750316 0.011782622 -18.857692719 -0.050425716 -0.010812210 0.998669267 194.206924438
0.998569429 -0.019158136 0.049919181 13.781115532 0.018578822 0.999754846 0.012043353 -19.062692642 -0.050137661 -0.011098686 0.998680651 196.446136475
0.998572230 -0.017446958 0.050488591 13.986141205 0.016829977 0.999778748 0.012619659 -19.271503448 -0.050697595 -0.011751920 0.998644888 198.677429199
0.998593330 -0.014309650 0.051054426 14.177505493 0.013707718 0.999832690 0.012120732 -19.485055923 -0.051219322 -0.011403844 0.998622298 200.949066162
0.998569071 -0.013708682 0.051690347 14.386516571 0.013144877 0.999850512 0.011231550 -19.689001083 -0.051836591 -0.010536015 0.998600006 203.216934204
0.998527884 -0.013815824 0.052452069 14.583312035 0.013208733 0.999841928 0.011903288 -19.888824463 -0.052608229 -0.011192939 0.998552561 205.444564819
0.998517096 -0.015482021 0.052188583 14.814682961 0.014889792 0.999820471 0.011717618 -20.099378586 -0.052360628 -0.010923168 0.998568475 207.703216553
0.998455763 -0.015020101 0.053483408 15.016907692 0.014389320 0.999822557 0.012159607 -20.297088623 -0.053656559 -0.011371240 0.998494685 209.949615479
0.998384953 -0.015327465 0.054704051 15.228745461 0.014603020 0.999800742 0.013618177 -20.520099640 -0.054901883 -0.012797342 0.998409688 212.168640137
0.998327971 -0.013873711 0.056111317 15.462404251 0.013104762 0.999815524 0.014048763 -20.723945618 -0.056295868 -0.013289951 0.998325765 214.403839111
0.998142838 -0.011976924 0.059727777 15.668335915 0.011165713 0.999841094 0.013897115 -20.921688080 -0.059884727 -0.013204401 0.998117983 216.701522827
0.998006344 -0.012159948 0.061929867 15.893623352 0.011287409 0.999832332 0.014419599 -21.123115540 -0.062094834 -0.013691825 0.997976363 218.940536499
0.997864544 -0.013602065 0.063885443 16.120988846 0.012668163 0.999807239 0.015000760 -21.319047928 -0.064077184 -0.014159417 0.997844517 221.169250488
0.997769177 -0.014866057 0.065082401 16.354932785 0.013869078 0.999779880 0.015743826 -21.513843536 -0.065302104 -0.014806070 0.997755706 223.399093628
0.997694016 -0.016736424 0.065776572 16.597482681 0.015764687 0.999759138 0.015264754 -21.717727661 -0.066016205 -0.014192607 0.997717619 225.624511719
0.997652352 -0.017922493 0.066095240 16.833635330 0.016967943 0.999743879 0.014975272 -21.910377502 -0.066346720 -0.013818612 0.997700930 227.865661621
0.997618496 -0.018296281 0.066502221 17.069879532 0.017333895 0.999736905 0.015019972 -22.102298737 -0.066759527 -0.013831460 0.997673213 230.094909668
0.997541010 -0.019584795 0.067292705 17.305805206 0.018664455 0.999723852 0.014278322 -22.302793503 -0.067553751 -0.012987231 0.997631073 232.336929321
0.997521222 -0.020714851 0.067247853 17.566844940 0.019697942 0.999681890 0.015749883 -22.508552551 -0.067552716 -0.014386198 0.997612000 234.631027222
0.997480690 -0.020631777 0.067871042 17.805751801 0.019612247 0.999685109 0.015653864 -22.701030731 -0.068172626 -0.014283323 0.997571290 236.871704102
0.997424722 -0.020243762 0.068804875 18.039461136 0.019204158 0.999691725 0.015737468 -22.896314621 -0.069102235 -0.014375601 0.997506022 239.076690674
0.997398376 -0.020390717 0.069142275 18.284959793 0.019322760 0.999683917 0.016079672 -23.091762543 -0.069448285 -0.014701823 0.997477233 241.299179077
0.997360468 -0.020907642 0.069534309 18.534194946 0.019828500 0.999672592 0.016173858 -23.284679413 -0.069849722 -0.014752409 0.997448385 243.539001465
0.997333288 -0.021184333 0.069839694 18.781024933 0.020148685 0.999676824 0.015500250 -23.484094620 -0.070145480 -0.014051739 0.997437775 245.760284424
0.997342765 -0.020623872 0.069871902 19.035993576 0.019642740 0.999698997 0.014699982 -23.680469513 -0.070154041 -0.013288444 0.997447670 247.988494873
0.997313023 -0.020965561 0.070194073 19.288944244 0.019950982 0.999686539 0.015124020 -23.874881744 -0.070489161 -0.013682939 0.997418702 250.222259521
0.997289240 -0.022294989 0.070121497 19.546390533 0.021282272 0.999658525 0.015156505 -24.073596954 -0.070435464 -0.013623075 0.997423291 252.447921753
0.997276187 -0.022116520 0.070364028 19.801633835 0.021047352 0.999652028 0.015900189 -24.271341324 -0.070691206 -0.014375900 0.997394741 254.702484131
0.997264743 -0.022843949 0.070293278 20.044517517 0.021764703 0.999633729 0.016081419 -24.467094421 -0.070634894 -0.014507519 0.997396708 256.921417236
0.997223139 -0.023381015 0.070705608 20.303806305 0.022259677 0.999614298 0.016605988 -24.669221878 -0.071066588 -0.014985992 0.997358978 259.185668945
0.997188807 -0.023031529 0.071302071 20.556270599 0.021943603 0.999631107 0.016003970 -24.860950470 -0.071644343 -0.014394356 0.997326374 261.426849365
0.997175992 -0.022953637 0.071506336 20.816965103 0.021895964 0.999639452 0.015540322 -25.054605484 -0.071837261 -0.013930734 0.997319102 263.675170898
0.997151434 -0.022144053 0.072100572 21.074377060 0.021110766 0.999663711 0.015061879 -25.253633499 -0.072409861 -0.013496879 0.997283638 265.909423828
0.997115850 -0.021512495 0.072781838 21.334632874 0.020479882 0.999679267 0.014904492 -25.444509506 -0.073079124 -0.013370944 0.997236550 268.145385742
0.996969521 -0.021005966 0.074903384 21.578849792 0.019979231 0.999696374 0.014430571 -25.645805359 -0.075183749 -0.012890328 0.997086406 270.413635254
0.996870041 -0.021726239 0.076014034 21.845508575 0.020682720 0.999681175 0.014488479 -25.843597412 -0.076304592 -0.012870953 0.997001469 272.662994385
0.996683002 -0.022461323 0.078220069 22.094907761 0.021332849 0.999656379 0.015232822 -26.037231445 -0.078535348 -0.013513641 0.996819735 274.904235840
0.996606350 -0.022131173 0.079283737 22.374052048 0.020920085 0.999651968 0.016073687 -26.222431183 -0.079611868 -0.014360518 0.996722519 277.147583008
0.996493936 -0.022081057 0.080698483 22.646038055 0.020672021 0.999619663 0.018254528 -26.438856125 -0.081070855 -0.016522329 0.996571362 279.389953613
0.996406078 -0.021736681 0.081867822 22.927333832 0.020222627 0.999609590 0.019278014 -26.633920670 -0.082254916 -0.017553147 0.996456683 281.627960205
0.996327579 -0.020434441 0.083148941 23.196117401 0.018907275 0.999638498 0.019112891 -26.815538406 -0.083509468 -0.017470578 0.996353805 283.876281738
0.996245682 -0.019469481 0.084352233 23.466060638 0.017954219 0.999664187 0.018685078 -27.001567841 -0.084687710 -0.017100452 0.996260822 286.100799561
0.996199667 -0.019157814 0.084966220 23.746271133 0.017775314 0.999697506 0.016998017 -27.176902771 -0.085266165 -0.015423117 0.996238828 288.342529297
0.996161938 -0.019985694 0.085217498 24.023197174 0.018572086 0.999677002 0.017348986 -27.374637604 -0.085536718 -0.015699731 0.996211290 290.568572998
0.996111631 -0.019923769 0.085817784 24.290374756 0.018579155 0.999692261 0.016438624 -27.561607361 -0.086118869 -0.014780281 0.996175170 292.823608398
0.996148050 -0.020484472 0.085260913 24.577379227 0.019219015 0.999693155 0.015636718 -27.753206253 -0.085555047 -0.013937860 0.996235967 295.053649902
0.996158957 -0.020481551 0.085135698 24.860488892 0.019219905 0.999693334 0.015612644 -27.948633194 -0.085429370 -0.013916376 0.996247053 297.284454346
0.996159136 -0.019838532 0.085283279 25.140184402 0.018573280 0.999705732 0.015603920 -28.138240814 -0.085567728 -0.013959997 0.996234596 299.522888184
0.996105134 -0.019540919 0.085981190 25.401695251 0.018166190 0.999694824 0.016742267 -28.340381622 -0.086282112 -0.015115105 0.996156216 301.756164551
0.996105492 -0.019767661 0.085925013 25.687114716 0.018380931 0.999688208 0.016900266 -28.531932831 -0.086232282 -0.015255066 0.996158242 304.002441406
0.996074021 -0.019105963 0.086438052 25.969764709 0.017699387 0.999698520 0.017009966 -28.722103119 -0.086736977 -0.015413283 0.996111989 306.245910645
0.996077895 -0.019705912 0.086258404 26.253751755 0.018287469 0.999684751 0.017203618 -28.924510956 -0.086570218 -0.015558694 0.996124268 308.491119385
0.996033728 -0.020780163 0.086515352 26.538860321 0.019325525 0.999657929 0.017617455 -29.115758896 -0.086851858 -0.015875626 0.996094644 310.748107910
0.995983839 -0.020547779 0.087143369 26.819784164 0.019139094 0.999672830 0.016970059 -29.309974670 -0.087463535 -0.015234057 0.996051252 312.984497070
0.996012688 -0.020170011 0.086901844 27.114484787 0.018708441 0.999670029 0.017600382 -29.504547119 -0.087228179 -0.015904408 0.996061325 315.233581543
0.995965362 -0.018652100 0.087777056 27.398223877 0.017221432 0.999706686 0.017028125 -29.700378418 -0.088068925 -0.015447780 0.995994508 317.470275879
0.995948315 -0.017001238 0.088306054 27.676773071 0.015502736 0.999724388 0.017627714 -29.893697739 -0.088581413 -0.016187305 0.995937407 319.707397461
0.995895267 -0.016039047 0.089080453 27.957241058 0.014567237 0.999746859 0.017147925 -30.086639404 -0.089332938 -0.015779881 0.995876789 321.940216064
0.995838225 -0.015326923 0.089840345 28.233997345 0.013790187 0.999748230 0.017701071 -30.274551392 -0.090089023 -0.016388480 0.995798886 324.180084229
0.995838463 -0.015125170 0.089873508 28.528278351 0.013448712 0.999724627 0.019229982 -30.477424622 -0.090139620 -0.017941268 0.995767534 326.406616211
0.995796263 -0.015693484 0.090241410 28.809879303 0.014036442 0.999721587 0.018967755 -30.670825958 -0.090513967 -0.017621348 0.995739281 328.645996094
0.995784938 -0.017220939 0.090087451 29.107456207 0.015646553 0.999712765 0.018153325 -30.858177185 -0.090374194 -0.016667251 0.995768428 330.876068115
0.995784819 -0.016661270 0.090194330 29.395902634 0.015118166 0.999727845 0.017764950 -31.047861099 -0.090465769 -0.016326491 0.995765865 333.103027344
0.995750070 -0.017054468 0.090503566 29.680704117 0.015382281 0.999698460 0.019141998 -31.238344193 -0.090802744 -0.017668491 0.995712161 335.333648682
0.995777309 -0.017510401 0.090115987 29.980684280 0.015840523 0.999689937 0.019212360 -31.425870895 -0.090424463 -0.017703747 0.995745957 337.567932129
0.995757163 -0.017139455 0.090409890 30.260787964 0.015417431 0.999686778 0.019711027 -31.620706558 -0.090719409 -0.018233506 0.995709538 339.808258057
0.995797098 -0.017175209 0.089961901 30.561042786 0.015492768 0.999692380 0.019366829 -31.810436249 -0.090266861 -0.017891670 0.995756865 342.058166504
0.995788634 -0.017407456 0.090012357 30.848228455 0.015680026 0.999679863 0.019862780 -31.997110367 -0.090329297 -0.018367734 0.995742559 344.306640625
0.995800912 -0.016985897 0.089955844 31.132825851 0.015247369 0.999684095 0.019978566 -32.184398651 -0.090266801 -0.018523084 0.995745301 346.545654297
0.995820999 -0.016670547 0.089792043 31.419816971 0.014952412 0.999692678 0.019773437 -32.369750977 -0.090094067 -0.018348197 0.995764256 348.784576416
0.995750189 -0.016106350 0.090676241 31.702594757 0.014326605 0.999692440 0.020244308 -32.560874939 -0.090974413 -0.018859187 0.995674610 351.026123047
0.995794535 -0.016221752 0.090167247 31.998008728 0.014419626 0.999683738 0.020602146 -32.748065948 -0.090472937 -0.019215323 0.995713532 353.245666504
0.995825052 -0.015965225 0.089875631 32.288501740 0.014218362 0.999697983 0.020043302 -32.934814453 -0.090168469 -0.018681735 0.995751321 355.489959717
0.995847881 -0.016201166 0.089578710 32.578937531 0.014436385 0.999689400 0.020313870 -33.118164062 -0.089879997 -0.018936334 0.995772481 357.729309082
0.995924950 -0.015484851 0.088845909 32.875473022 0.013619899 0.999674737 0.021558838 -33.311847687 -0.089150839 -0.020260913 0.995811999 359.973266602
0.995979309 -0.015606870 0.088213220 33.170173645 0.013738678 0.999669135 0.021745786 -33.501667023 -0.088523418 -0.020446425 0.995864153 362.214874268
0.996029258 -0.015368023 0.087691486 33.464595795 0.013475580 0.999664247 0.022132052 -33.685409546 -0.088002168 -0.020862473 0.995901704 364.459197998
0.996066034 -0.015372342 0.087270342 33.752052307 0.013536634 0.999675333 0.021587741 -33.870399475 -0.087573864 -0.020321472 0.995950758 366.705413818
0.996088564 -0.016047180 0.086890109 34.036296844 0.014220087 0.999665558 0.021605926 -34.057102203 -0.087207764 -0.020285834 0.995983601 368.948333740
0.996089756 -0.015921267 0.086900167 34.313659668 0.014181244 0.999687135 0.020604020 -34.231601715 -0.087201029 -0.019291105 0.996003866 371.201202393
0.996151567 -0.016086129 0.086158223 34.607513428 0.014320376 0.999675393 0.021073325 -34.425838470 -0.086469233 -0.019758409 0.996058524 373.429260254
0.996186018 -0.015741756 0.085824460 34.896049500 0.013914566 0.999664426 0.021846721 -34.604667664 -0.086139582 -0.020569189 0.996070743 375.684082031
0.996141851 -0.016096640 0.086268947 35.170883179 0.014248449 0.999656498 0.021996722 -34.784538269 -0.086593375 -0.020682653 0.996029019 377.944732666
0.996157289 -0.016750451 0.085965805 35.457897186 0.014887096 0.999641120 0.022271024 -34.970859528 -0.086308017 -0.020905660 0.996049106 380.186767578
0.996165812 -0.016969167 0.085823670 35.747470856 0.015103769 0.999636352 0.022338061 -35.149444580 -0.086171523 -0.020956153 0.996059895 382.439971924
0.996167958 -0.016156383 0.085955366 36.032196045 0.014254190 0.999640763 0.022697948 -35.336250305 -0.086291187 -0.021385744 0.996040404 384.690795898
0.996192753 -0.015324970 0.085819781 36.323947906 0.013428671 0.999653816 0.022630155 -35.513572693 -0.086136878 -0.021391554 0.996053636 386.961914062
0.996213913 -0.014184440 0.085770771 36.617332458 0.012288111 0.999669135 0.022596980 -35.703445435 -0.086062901 -0.021457465 0.996058583 389.232269287
0.996200442 -0.012760606 0.086150348 36.895885468 0.010858169 0.999687672 0.022515360 -35.888099670 -0.086410753 -0.021494374 0.996027708 391.509796143
0.996231437 -0.011459809 0.085974626 37.183719635 0.009428560 0.999667585 0.023995129 -36.070816040 -0.086221024 -0.023094086 0.996008277 393.772155762
0.996178985 -0.010209407 0.086736329 37.459144592 0.008129226 0.999671578 0.024302248 -36.251735687 -0.086955965 -0.023504287 0.995934784 396.040069580
0.996116161 -0.009778216 0.087504126 37.742801666 0.007815817 0.999710858 0.022740932 -36.436588287 -0.087701209 -0.021968694 0.995904565 398.306945801
0.996073365 -0.009753254 0.087991968 38.025962830 0.007815714 0.999719918 0.022337230 -36.622817993 -0.088185176 -0.021561803 0.995870650 400.569122314
0.995919168 -0.010884675 0.089590281 38.293792725 0.008803529 0.999682844 0.023592070 -36.803867340 -0.089818671 -0.022707086 0.995699227 402.809478760
0.995931983 -0.012269762 0.089268982 38.589565277 0.010116278 0.999647856 0.024536110 -36.985454559 -0.089538589 -0.023533227 0.995705307 405.084777832
0.995889843 -0.012588743 0.089694001 38.879127502 0.010441720 0.999648571 0.024366377 -37.162326813 -0.089969210 -0.023329664 0.995671332 407.337860107
0.995894909 -0.011352022 0.089801855 39.190738678 0.009296822 0.999686062 0.023271205 -37.338275909 -0.090037830 -0.022340808 0.995687664 409.600860596
0.995834053 -0.010421393 0.090586476 39.485855103 0.008314565 0.999686837 0.023603991 -37.524497986 -0.090804085 -0.022752468 0.995608807 411.853485107
0.995781481 -0.009259171 0.091288172 39.777626038 0.007171765 0.999705851 0.023167679 -37.705524445 -0.091475837 -0.022415249 0.995554984 414.103851318
0.995687187 -0.008376363 0.092394643 40.072872162 0.006239983 0.999706984 0.023387047 -37.889259338 -0.092563465 -0.022709640 0.995447695 416.379638672
0.995632589 -0.008438352 0.092975929 40.374420166 0.006274940 0.999703288 0.023536332 -38.075897217 -0.093146943 -0.022850119 0.995390058 418.635040283
0.995531261 -0.008760481 0.094025247 40.665130615 0.006572950 0.999701083 0.023549894 -38.254688263 -0.094203450 -0.022826629 0.995291233 420.883789062
0.995456934 -0.009113484 0.094776012 40.956588745 0.006914719 0.999699891 0.023502192 -38.440044403 -0.094961748 -0.022740070 0.995221138 423.131835938
0.995389342 -0.009492034 0.095446311 41.259048462 0.007162593 0.999668777 0.024718838 -38.621459961 -0.095649332 -0.023921223 0.995127618 425.401794434
0.995346069 -0.008686723 0.095972925 41.556514740 0.006287431 0.999660790 0.025273861 -38.796943665 -0.096159898 -0.024552818 0.995063007 427.654388428
0.995266914 -0.008010407 0.096848682 41.864200592 0.005513814 0.999646187 0.026018498 -38.972583771 -0.097022831 -0.025361348 0.994958878 429.935699463
0.995259404 -0.008508113 0.096882239 42.175262451 0.005976517 0.999633789 0.026390929 -39.157279968 -0.097071312 -0.025686802 0.994945884 432.195037842
0.995249391 -0.009343171 0.096909046 42.489139557 0.006846019 0.999636650 0.026068565 -39.343029022 -0.097117394 -0.025281284 0.994951785 434.457305908
0.995206952 -0.008609984 0.097411275 42.794803619 0.006085214 0.999638498 0.026186140 -39.507606506 -0.097601548 -0.025467858 0.994899631 436.718322754
0.995187759 -0.009106960 0.097562216 43.109767914 0.006558295 0.999629557 0.026412409 -39.684925079 -0.097766601 -0.025645467 0.994878888 439.005126953
0.995265543 -0.009299056 0.096747003 43.431877136 0.006749945 0.999622226 0.026642215 -39.859069824 -0.096958205 -0.025863044 0.994952321 441.278137207
0.995193720 -0.009594805 0.097454548 43.736488342 0.006890958 0.999582887 0.028043497 -40.057392120 -0.097682983 -0.027237156 0.994844735 443.523834229
0.995170534 -0.010182754 0.097631499 44.054378510 0.007449248 0.999571025 0.028321953 -40.230461121 -0.097878031 -0.027457898 0.994819582 445.802093506
0.995174944 -0.010508386 0.097552158 44.365825653 0.007800406 0.999574721 0.028099300 -40.407051086 -0.097805940 -0.027202772 0.994833589 448.064575195
0.995200038 -0.009492858 0.097399265 44.687599182 0.006837524 0.999596775 0.027560018 -40.579410553 -0.097621620 -0.026761763 0.994863749 450.332550049
0.995165288 -0.008989573 0.097801119 44.996196747 0.006351575 0.999608457 0.027251057 -40.757457733 -0.098007798 -0.026498118 0.994832814 452.596923828
0.995074809 -0.008360215 0.098773293 45.299991608 0.005672724 0.999606848 0.027458284 -40.925861359 -0.098964021 -0.026762733 0.994731069 454.871398926
0.995063245 -0.008729588 0.098858081 45.607128143 0.006061568 0.999610066 0.027256643 -41.107177734 -0.099057481 -0.026522854 0.994728148 457.141082764
0.995105684 -0.008051833 0.098487705 45.933151245 0.005478436 0.999637187 0.026371717 -41.278083801 -0.098664314 -0.025703087 0.994788766 459.425842285
0.995078146 -0.007147784 0.098836631 46.244201660 0.004506275 0.999627292 0.026923476 -41.454086304 -0.098992258 -0.026345577 0.994739413 461.710968018
0.995084643 -0.006507701 0.098813221 46.558490753 0.003752127 0.999599576 0.028046967 -41.625366211 -0.098956168 -0.027538350 0.994710684 463.990234375
0.995122671 -0.006303929 0.098443009 46.863586426 0.003549792 0.999597967 0.028127106 -41.790458679 -0.098580733 -0.027640466 0.994745076 466.254821777
0.995205462 -0.006610829 0.097582482 47.177219391 0.003980827 0.999624193 0.027121721 -41.962821960 -0.097725101 -0.026603233 0.994857728 468.531372070
0.995285690 -0.006655939 0.096757457 47.500900269 0.004079015 0.999632239 0.026806286 -42.141616821 -0.096900292 -0.026285237 0.994947076 470.828155518
0.995358944 -0.007085757 0.095970385 47.813098907 0.004443685 0.999605954 0.027715882 -42.319122314 -0.096128955 -0.027160790 0.994998276 473.108673096
0.995353580 -0.007179850 0.096019074 48.110172272 0.004464739 0.999584913 0.028461810 -42.500823975 -0.096183561 -0.027900863 0.994972527 475.385864258
0.995433569 -0.006806564 0.095213585 48.423820496 0.004200511 0.999611735 0.027544299 -42.656635284 -0.095364094 -0.027018577 0.995075643 477.688140869
0.995464027 -0.006852546 0.094891243 48.732261658 0.004206855 0.999597669 0.028053321 -42.830574036 -0.095045269 -0.027526883 0.995092273 479.972229004
0.995479703 -0.007581510 0.094671227 49.038883209 0.004884386 0.999576449 0.028688664 -43.004497528 -0.094848618 -0.028096568 0.995095134 482.242645264
0.995513439 -0.008040987 0.094278038 49.338939667 0.005403480 0.999587774 0.028197810 -43.177501678 -0.094465904 -0.027561871 0.995146453 484.513671875
0.995599151 -0.008706668 0.093309566 49.648521423 0.006044066 0.999567449 0.028779866 -43.358268738 -0.093519792 -0.028089236 0.995221138 486.796051025
0.995602548 -0.008395285 0.093300156 49.940650940 0.005743790 0.999572992 0.028651258 -43.522411346 -0.093500860 -0.027989369 0.995225668 489.080261230
0.995620012 -0.008069837 0.093143240 50.243579865 0.005387931 0.999564648 0.029008990 -43.689834595 -0.093336776 -0.028380087 0.995229959 491.382904053
0.995679140 -0.007793597 0.092533909 50.549049377 0.005074312 0.999549389 0.029585902 -43.861263275 -0.092722796 -0.028988512 0.995269895 493.667602539
0.995665789 -0.007260821 0.092719473 50.837329865 0.004585626 0.999567866 0.029033083 -44.025344849 -0.092890218 -0.028482074 0.995268881 495.968475342
0.995692372 -0.007042981 0.092451841 51.148090363 0.004398959 0.999576330 0.028771613 -44.204872131 -0.092615314 -0.028240981 0.995301366 498.282623291
0.995733380 -0.007030144 0.092008069 51.446929932 0.004326499 0.999553859 0.029551407 -44.375541687 -0.092174761 -0.029027252 0.995319664 500.572937012
0.995745838 -0.006512772 0.091912165 51.742393494 0.003785780 0.999548316 0.029812768 -44.549819946 -0.092064798 -0.029337982 0.995320737 502.855438232
0.995769918 -0.005418921 0.091723412 52.042964935 0.002751464 0.999570310 0.029183030 -44.723152161 -0.091842160 -0.028807208 0.995356739 505.143463135
0.995738745 -0.005073976 0.092079207 52.331024170 0.002326449 0.999549508 0.029921589 -44.894729614 -0.092189535 -0.029579870 0.995302022 507.428527832
0.995777845 -0.005599024 0.091624863 52.634155273 0.002929180 0.999567926 0.029247435 -45.069812775 -0.091749020 -0.028855568 0.995363951 509.725677490
0.995816588 -0.006416242 0.091148987 52.942634583 0.003698985 0.999544561 0.029948872 -45.244132996 -0.091299638 -0.029486423 0.995386779 512.022949219
0.995831668 -0.006173435 0.091000728 53.241462708 0.003455575 0.999544084 0.029993713 -45.409271240 -0.091144420 -0.029554231 0.995399058 514.329895020
0.995832443 -0.005550732 0.091034107 53.537513733 0.002865273 0.999557614 0.029603688 -45.575748444 -0.091158167 -0.029219467 0.995407641 516.639648438
0.995836377 -0.004670664 0.091039643 53.827083588 0.002008222 0.999568224 0.029314570 -45.748020172 -0.091137238 -0.029009681 0.995415747 518.931030273
0.995769620 -0.002351998 0.091854945 54.125293732 -0.000361984 0.999564171 0.029518567 -45.920848846 -0.091884322 -0.029426940 0.995334804 521.257141113
0.995702386 -0.000203615 0.092610545 54.429565430 -0.002565715 0.999553084 0.029782921 -46.091274261 -0.092575207 -0.029892538 0.995256901 523.587951660
0.995644629 0.000677217 0.093227148 54.733940125 -0.003563461 0.999519348 0.030796295 -46.252666473 -0.093161471 -0.030994374 0.995168447 525.905029297
0.995579302 0.000122068 0.093923695 55.031299591 -0.003011366 0.999526501 0.030621054 -46.418563843 -0.093875490 -0.030768532 0.995108366 528.203186035
0.995549440 -0.001585061 0.094226524 55.334205627 -0.001410852 0.999495745 0.031719688 -46.581756592 -0.094229288 -0.031711448 0.995045364 530.510681152
0.995505393 -0.003256931 0.094648197 55.647506714 0.000265602 0.999500513 0.031600155 -46.748222351 -0.094703838 -0.031432975 0.995009124 532.820922852
0.995493829 -0.003340648 0.094767578 55.955234528 0.000405147 0.999520004 0.030978126 -46.915107727 -0.094825596 -0.030800143 0.995017231 535.128906250
0.995407581 -0.003510193 0.095664538 56.261165619 0.000566704 0.999526083 0.030778674 -47.083885193 -0.095727265 -0.030583108 0.994937658 537.441528320
0.995312393 -0.002945315 0.096667536 56.558212280 0.000006552 0.999538183 0.030386964 -47.256843567 -0.096712410 -0.030243892 0.994852781 539.741821289
0.995197415 -0.002228470 0.097862847 56.857185364 -0.000723794 0.999545991 0.030121515 -47.429313660 -0.097885534 -0.030047687 0.994743884 542.054443359
0.995098114 -0.002032888 0.098871566 57.169807434 -0.000862239 0.999572337 0.029230157 -47.599483490 -0.098888718 -0.029172124 0.994670808 544.377197266
0.994970024 -0.002163744 0.100149557 57.475486755 -0.000836249 0.999552488 0.029903458 -47.768634796 -0.100169428 -0.029836798 0.994522929 546.693908691
0.994822860 -0.002198801 0.101600118 57.769214630 -0.000918132 0.999530733 0.030621497 -47.938846588 -0.101619750 -0.030556250 0.994353890 548.991516113
0.994759798 -0.002630610 0.102205664 58.083530426 -0.000544756 0.999518394 0.031028081 -48.111244202 -0.102238059 -0.030921161 0.994279265 551.293762207
0.994819164 -0.003569403 0.101597413 58.420406342 0.000520015 0.999549031 0.030025098 -48.278076172 -0.101658769 -0.029816713 0.994372308 553.609497070
0.994828880 -0.003799377 0.101493657 58.751701355 0.000690677 0.999530017 0.030647093 -48.451515198 -0.101562411 -0.030418519 0.994364023 555.926757812
0.994769633 -0.003445415 0.102086887 59.069679260 0.000265707 0.999514878 0.031144319 -48.620773315 -0.102144673 -0.030954294 0.994287848 558.231262207
0.994714141 -0.002740981 0.102645904 59.393112183 -0.000547446 0.999487877 0.031994745 -48.787864685 -0.102681011 -0.031881824 0.994203389 560.564453125
0.994722664 -0.003655660 0.102535248 59.727825165 0.000292276 0.999462068 0.032798082 -48.959472656 -0.102599978 -0.032595020 0.994188547 562.888854980
0.994686007 -0.003115996 0.102907635 60.055660248 -0.000357525 0.999431312 0.033718091 -49.126052856 -0.102954164 -0.033575706 0.994119287 565.204101562
0.994630575 -0.002075467 0.103468478 60.388134003 -0.001382975 0.999442995 0.033342134 -49.296646118 -0.103480071 -0.033306200 0.994073689 567.519958496
0.994650245 -0.001236360 0.103292190 60.731880188 -0.002039847 0.999498308 0.031606223 -49.454765320 -0.103279442 -0.031647827 0.994148910 569.847717285
0.994590819 -0.000724455 0.103868268 61.069816589 -0.002601728 0.999488175 0.031884030 -49.622863770 -0.103838213 -0.031981800 0.994079828 572.170776367
0.994598567 -0.000787216 0.103793062 61.404598236 -0.002643077 0.999454856 0.032907665 -49.793151855 -0.103762411 -0.033004239 0.994054377 574.542724609
0.994625628 -0.000823302 0.103534080 61.748405457 -0.002748688 0.999406099 0.034353208 -49.964881897 -0.103500865 -0.034453172 0.994032502 576.852233887
0.994548500 -0.000333026 0.104275502 62.070083618 -0.003124071 0.999450982 0.032988410 -50.133872986 -0.104229249 -0.033134341 0.994001150 579.224243164
0.994581521 -0.000987190 0.103954881 62.408153534 -0.002439355 0.999457955 0.032829557 -50.293453217 -0.103930950 -0.032905247 0.994040072 581.563964844
0.994537890 -0.001662573 0.104363173 62.745601654 -0.001927408 0.999410093 0.034288660 -50.468814850 -0.104358613 -0.034302518 0.993947923 583.887573242
0.994601846 -0.001386848 0.103756435 63.083450317 -0.002180526 0.999410570 0.034260858 -50.629898071 -0.103742801 -0.034302160 0.994012475 586.206787109
0.994552612 -0.004017200 0.104158558 63.425861359 0.000570465 0.999451995 0.033099916 -50.800514221 -0.104234450 -0.032860193 0.994009733 588.571899414
0.994617939 -0.004510496 0.103513531 63.772136688 0.001103490 0.999456465 0.032947324 -50.960735321 -0.103605874 -0.032655768 0.994082212 590.920288086
0.994597554 -0.006204196 0.103620276 64.100616455 0.002748976 0.999436438 0.033454590 -51.125343323 -0.103769444 -0.032988999 0.994054079 593.258728027
0.994636416 -0.006737750 0.103214584 64.445861816 0.003293312 0.999433100 0.033505764 -51.290695190 -0.103381827 -0.032986138 0.994094610 595.615661621
