1.000000000 0.000000000 0.000000000 0.000000000 0.000000000 1.000000000 0.000000000 0.000000000 0.000000000 0.000000000 1.000000000 0.000000000
0.999999881 0.000154064 0.000432272 0.086481728 -0.000154003 1.000000000 -0.000140927 -0.225714028 -0.000432293 0.000140860 0.999999881 2.288088560
0.999999166 0.000589331 0.001149306 0.165576473 -0.000589844 0.999999702 0.000445890 -0.463491172 -0.001149043 -0.000446568 0.999999225 4.584320068
0.999998510 0.000188711 0.001720246 0.262245685 -0.000189669 0.999999762 0.000556588 -0.693859339 -0.001720140 -0.000556914 0.999998391 6.873893261
0.999996960 0.000046746 0.002507573 0.356537163 -0.000043725 0.999999285 -0.001204985 -0.925130308 -0.002507627 0.001204872 0.999996126 9.171574593
0.999987006 0.001842374 0.004755800 0.445743531 -0.001843201 0.999998271 0.000169451 -1.161276937 -0.004755478 -0.000178215 0.999988616 11.478929520
0.999963522 0.003807047 0.007645714 0.525600076 -0.003816478 0.999991953 0.001219206 -1.388959289 -0.007641012 -0.001248341 0.999970019 13.794183731
0.999947786 0.003465699 0.009604537 0.639571905 -0.003499605 0.999987662 0.003515736 -1.615622759 -0.009592235 -0.003549165 0.999947667 16.065490723
0.999939978 0.003678591 0.010313989 0.765653729 -0.003730848 0.999980211 0.005051988 -1.850677490 -0.010295200 -0.005090165 0.999934018 18.414445877
0.999929249 0.002908866 0.011527839 0.886013448 -0.002970010 0.999981523 0.005290505 -2.075892210 -0.011512239 -0.005324369 0.999919534 20.703561783
0.999927223 0.000633009 0.012042567 1.003912091 -0.000663631 0.999996483 0.002539009 -2.298097849 -0.012040920 -0.002546817 0.999924242 23.024511337
0.999917805 -0.001632725 0.012716253 1.114770889 0.001626488 0.999998569 0.000500744 -2.519002438 -0.012717052 -0.000480020 0.999918997 25.305263519
0.999913633 -0.002226390 0.012952427 1.246379375 0.002227447 0.999997497 -0.000067140 -2.769092083 -0.012952245 0.000095986 0.999916077 27.621446609
0.999902248 -0.001887633 0.013852608 1.354609489 0.001900979 0.999997735 -0.000950363 -2.996613741 -0.013850783 0.000976603 0.999903560 29.908199310
0.999890149 0.000502933 0.014808753 1.472480774 -0.000521838 0.999999046 0.001272815 -3.224136829 -0.014808097 -0.001280403 0.999889553 32.189006805
0.999887884 0.002606497 0.014747426 1.604899406 -0.002656744 0.999990702 0.003388657 -3.445025682 -0.014738456 -0.003427457 0.999885499 34.469043732
0.999848485 0.005139143 0.016631557 1.714311481 -0.005272095 0.999954402 0.007960018 -3.685067177 -0.016589891 -0.008046495 0.999830008 36.778305054
0.999823630 0.006952894 0.017448800 1.830976963 -0.007081469 0.999948144 0.007317748 -3.902318478 -0.017397014 -0.007440021 0.999821007 39.051326752
0.999791205 0.006212138 0.019465646 1.935613036 -0.006324253 0.999963760 0.005703373 -4.106582165 -0.019429505 -0.005825287 0.999794245 41.342121124
0.999799132 0.003781104 0.019680131 2.061279535 -0.003869745 0.999982595 0.004467983 -4.330816746 -0.019662892 -0.004543242 0.999796331 43.618949890
0.999806881 0.003579040 0.019323962 2.203910828 -0.003655534 0.999985635 0.003924656 -4.559831619 -0.019309638 -0.003994538 0.999805570 45.860958099
0.999803782 0.003338576 0.019524861 2.329691410 -0.003396414 0.999989927 0.002929894 -4.789253235 -0.019514879 -0.002995634 0.999805033 48.135295868
0.999814928 0.000967019 0.019220147 2.471483231 -0.001033482 0.999993503 0.003448352 -5.022294044 -0.019216690 -0.003467578 0.999809325 50.417503357
0.999787271 0.000702299 0.020614564 2.598107338 -0.000777630 0.999993026 0.003646433 -5.244056702 -0.020611864 -0.003661688 0.999780834 52.684432983
0.999783039 -0.000412468 0.020827312 2.739657640 0.000343232 0.999994397 0.003327712 -5.471096516 -0.020828567 -0.003319842 0.999777615 54.973415375
0.999758303 -0.000779398 0.021971626 2.867149830 0.000692568 0.999991894 0.003959245 -5.704296589 -0.021974538 -0.003943071 0.999750674 57.267894745
0.999739528 -0.002216610 0.022711068 3.005022049 0.002107491 0.999986231 0.004827431 -5.931370258 -0.022721451 -0.004778311 0.999730408 59.536632538
0.999703467 -0.003957724 0.024026593 3.133244753 0.003855257 0.999983311 0.004309612 -6.156229019 -0.024043247 -0.004215707 0.999701977 61.807083130
0.999684453 -0.004692387 0.024682684 3.286919117 0.004590866 0.999980748 0.004168120 -6.380427361 -0.024701772 -0.004053489 0.999686658 64.061225891
0.999654770 -0.004249701 0.025927776 3.427110195 0.004129511 0.999980509 0.004687378 -6.601933956 -0.025947191 -0.004578690 0.999652803 66.333259583
0.999637127 -0.003294499 0.026733441 3.575554848 0.003158372 0.999981821 0.005132630 -6.829322815 -0.026749860 -0.005046334 0.999629378 68.591682434
0.999599516 -0.003461058 0.028087083 3.712982178 0.003329057 0.999983132 0.004745123 -7.052709103 -0.028103039 -0.004649720 0.999594212 70.844848633
0.999585390 -0.004268620 0.028473930 3.874277115 0.004174615 0.999985635 0.003360030 -7.275594234 -0.028487865 -0.003239770 0.999588907 73.099739075
0.999570429 -0.005150260 0.028851157 4.033285141 0.005042617 0.999980032 0.003802459 -7.503875256 -0.028870165 -0.003655341 0.999576509 75.384613037
0.999524534 -0.006424571 0.030155525 4.192662239 0.006332886 0.999975026 0.003134931 -7.732426643 -0.030174915 -0.002942469 0.999540329 77.649360657
0.999512494 -0.007344028 0.030345639 4.346808434 0.007242693 0.999967813 0.003447945 -7.972086906 -0.030369984 -0.003226480 0.999533534 79.911697388
0.999481082 -0.007753889 0.031267170 4.496491432 0.007672661 0.999966860 0.002717041 -8.184799194 -0.031287204 -0.002475729 0.999507368 82.168991089
0.999466836 -0.007139392 0.031858295 4.666679382 0.007051502 0.999971032 0.002870233 -8.418924332 -0.031877860 -0.002644054 0.999488294 84.442558289
0.999415398 -0.006910297 0.033483684 4.825064182 0.006803821 0.999971449 0.003292810 -8.637228966 -0.033505488 -0.003063068 0.999433875 86.695655823
0.999409080 -0.006849183 0.033687770 4.992588043 0.006691861 0.999966204 0.004780567 -8.871960640 -0.033719379 -0.004552308 0.999421000 88.976310730
0.999378026 -0.005752044 0.034792013 5.152445793 0.005565561 0.999969661 0.005454414 -9.098842621 -0.034822326 -0.005257385 0.999379635 91.233467102
0.999349594 -0.005794178 0.035591893 5.321649075 0.005607602 0.999970019 0.005339685 -9.318946838 -0.035621766 -0.005136626 0.999352157 93.486885071
0.999326646 -0.005972675 0.036201376 5.491207600 0.005805147 0.999971926 0.004731005 -9.535058022 -0.036228612 -0.004517666 0.999333322 95.742179871
0.999291897 -0.006356426 0.037085697 5.656836510 0.006172229 0.999968171 0.005079157 -9.755636215 -0.037116796 -0.004846660 0.999299169 97.999252319
0.999254465 -0.006075847 0.038124975 5.818590164 0.005901531 0.999971569 0.004683092 -9.986191750 -0.038152348 -0.004454605 0.999261916 100.237899780
0.999173522 -0.005889854 0.040221147 5.970623016 0.005666378 0.999967933 0.005667917 -10.200621605 -0.040253241 -0.005435323 0.999174714 102.459960938
0.999196112 -0.006548595 0.039550502 6.180523872 0.006330378 0.999964058 0.005640139 -10.427232742 -0.039586019 -0.005385235 0.999201596 104.748939514
0.999156535 -0.007393368 0.040392701 6.356245995 0.007145862 0.999954820 0.006268400 -10.642316818 -0.040437218 -0.005974471 0.999164224 106.987792969
0.999135494 -0.008818236 0.040626075 6.543542862 0.008567478 0.999943197 0.006342330 -10.856413841 -0.040679704 -0.005988784 0.999154270 109.239631653
0.999098182 -0.009888749 0.041292418 6.725905895 0.009599453 0.999927938 0.007198371 -11.080066681 -0.041360635 -0.006795495 0.999121189 111.495689392
0.999077201 -0.010726611 0.041589607 6.916711807 0.010493347 0.999927998 0.005822957 -11.299531937 -0.041649073 -0.005381169 0.999117792 113.756164551
0.999029577 -0.011145801 0.042608827 7.097716808 0.010950010 0.999928415 0.004825756 -11.518698692 -0.042659555 -0.004354507 0.999080300 116.006530762
0.998987615 -0.011369544 0.043528438 7.278227806 0.011145637 0.999923408 0.005383129 -11.744831085 -0.043586306 -0.004892526 0.999037623 118.252319336
0.998934805 -0.011519781 0.044682458 7.467483044 0.011261077 0.999918342 0.006037217 -11.964715958 -0.044748355 -0.005527612 0.998983026 120.523216248
0.998928428 -0.012234102 0.044636451 7.672659874 0.011940666 0.999905348 0.006834639 -12.190833092 -0.044715844 -0.006294325 0.998979926 122.729400635
0.998868406 -0.013262630 0.045673054 7.871208191 0.013002614 0.999897540 0.005985390 -12.410525322 -0.045747757 -0.005384746 0.998938501 125.039535522
0.998832583 -0.013815436 0.046286874 8.054588318 0.013577362 0.999892950 0.005453931 -12.636732101 -0.046357270 -0.004819111 0.998913288 127.304222107
0.998812914 -0.015480142 0.046184137 8.247055054 0.015226836 0.999867082 0.005831463 -12.855217934 -0.046268269 -0.005121302 0.998915911 129.574661255
0.998839080 -0.016621973 0.045212541 8.437059402 0.016362976 0.999847531 0.006092464 -13.070473671 -0.045306914 -0.005345578 0.998958766 131.820007324
0.998888671 -0.016923711 0.043989290 8.632347107 0.016621437 0.999835670 0.007228252 -13.287267685 -0.044104394 -0.006489054 0.999005914 134.059783936
0.998942196 -0.017885657 0.042362828 8.813425064 0.017610287 0.999821365 0.006864581 -13.505463600 -0.042478036 -0.006111298 0.999078691 136.313064575
0.999020219 -0.018798178 0.040065154 9.026599884 0.018554684 0.999807060 0.006440690 -13.719131470 -0.040178511 -0.005690983 0.999176323 138.538879395
0.999000311 -0.019391702 0.040278189 9.187346458 0.019139612 0.999794722 0.006635043 -13.942519188 -0.040398598 -0.005857501 0.999166489 140.831497192
0.998994589 -0.019648645 0.040295124 9.359498024 0.019388974 0.999788761 0.006824871 -14.151463509 -0.040420711 -0.006036728 0.999164522 143.064880371
0.999040484 -0.019813668 0.039057776 9.551485062 0.019518897 0.999778152 0.007914004 -14.378187180 -0.039205924 -0.007144046 0.999205530 145.310699463
0.999058902 -0.018928353 0.039026074 9.727439880 0.018672792 0.999801815 0.006902622 -14.593130112 -0.039148998 -0.006167400 0.999214351 147.564651489
0.999075353 -0.017782288 0.039144419 9.906019211 0.017585438 0.999830902 0.005367471 -14.810663223 -0.039233245 -0.004674136 0.999219120 149.814865112
0.999092937 -0.016030816 0.039448112 10.082779884 0.015864108 0.999863863 0.004535497 -15.032275200 -0.039515447 -0.003905575 0.999211311 152.068405151
0.999102831 -0.015180171 0.039535914 10.269907951 0.015014010 0.999877155 0.004496311 -15.249408722 -0.039599314 -0.003898685 0.999207973 154.317291260
0.999093473 -0.014479549 0.040032048 10.447727203 0.014288324 0.999885261 0.005058762 -15.469359398 -0.040100697 -0.004482185 0.999185562 156.581054688
0.999093890 -0.013823887 0.040253267 10.639160156 0.013588238 0.999888897 0.006121943 -15.689559937 -0.040333420 -0.005569425 0.999170721 158.805282593
0.999027908 -0.013265406 0.042039115 10.797746658 0.012971587 0.999889493 0.007254245 -15.914628983 -0.042130701 -0.006701878 0.999089777 161.100204468
0.999004483 -0.012290778 0.042882912 10.984283447 0.011917849 0.999889016 0.008941308 -16.129522324 -0.042988047 -0.008421334 0.999040186 163.336273193
0.998971343 -0.011526206 0.043856479 11.170628548 0.011174168 0.999903440 0.008263738 -16.342939377 -0.043947499 -0.007765176 0.999003649 165.625122070
0.998936534 -0.010679483 0.044852830 11.366136551 0.010370713 0.999920964 0.007111163 -16.557981491 -0.044925228 -0.006638444 0.998968303 167.882659912
0.998861432 -0.008793301 0.046887822 11.551546097 0.008459474 0.999937534 0.007313370 -16.772464752 -0.046949204 -0.006908398 0.998873353 170.116714478
0.998738825 -0.008654015 0.049455963 11.748680115 0.008268916 0.999933898 0.007985963 -17.004360199 -0.049521796 -0.007566947 0.998744369 172.422332764
0.998613238 -0.008824418 0.051899880 11.949272156 0.008444917 0.999935985 0.007526908 -17.215734482 -0.051962975 -0.007078181 0.998623848 174.700927734
0.998527706 -0.008842485 0.053518523 12.157331467 0.008423049 0.999931991 0.008057722 -17.433528900 -0.053586133 -0.007595069 0.998534322 176.967590332
0.998479426 -0.009222490 0.054349888 12.363217354 0.008746198 0.999921262 0.008994821 -17.644250870 -0.054428574 -0.008505788 0.998481452 179.189743042
0.998469472 -0.010572189 0.054285109 12.580204964 0.010103895 0.999909401 0.008893798 -17.869514465 -0.054374218 -0.008331697 0.998485804 181.474533081
0.998431146 -0.011427645 0.054815594 12.780588150 0.010963732 0.999901414 0.008756429 -18.080577850 -0.054910269 -0.008141709 0.998458087 183.719299316
0.998482406 -0.012752846 0.053574897 13.003255844 0.012295879 0.999885261 0.008850476 -18.308488846 -0.053681616 -0.008178294 0.998524606 185.973617554
0.998493969 -0.014678902 0.052861851 13.214580536 0.014195852 0.999854088 0.009501893 -18.522443771 -0.052993618 -0.008737163 0.998556554 188.221496582
0.998513937 -0.015627496 0.052210432 13.428774834 0.015178291 0.999844372 0.008989217 -18.730628967 -0.052342787 -0.008183391 0.998595655 190.465362549
0.998465300 -0.016630691 0.052824415 13.623051643 0.016175801 0.999828339 0.009027240 -18.951765060 -0.052965477 -0.008158909 0.998562932 192.715484619
0.998426020 -0.017713983 0.053212844 13.815122604 0.017272696 0.999812484 0.008741400 -19.159311295 -0.053357720 -0.007808514 0.998544872 194.952224731
0.998463094 -0.018047540 0.052399281 14.054885864 0.017598618 0.999804497 0.009016144 -19.393350601 -0.052551750 -0.008080132 0.998585522 197.224182129
0.998486102 -0.015952241 0.052640174 14.270469666 0.015477525 0.999835908 0.009413557 -19.607414246 -0.052781701 -0.008584566 0.998569191 199.457809448
0.998480141 -0.013572089 0.053415041 14.465856552 0.013102778 0.999872386 0.009126591 -19.833663940 -0.053532097 -0.008412835 0.998530626 201.749618530
0.998452306 -0.013074968 0.054055609 14.678905487 0.012648326 0.999886155 0.008227253 -20.044532776 -0.054157034 -0.007530807 0.998504043 204.012756348
0.998409271 -0.013300807 0.054790147 14.881100655 0.012824458 0.999876976 0.009036539 -20.253189087 -0.054903604 -0.008319512 0.998457015 206.239074707
0.998400450 -0.014776241 0.054572701 15.117866516 0.014295983 0.999855638 0.009180283 -20.479904175 -0.054700475 -0.008385427 0.998467624 208.503570557
0.998342574 -0.014629146 0.055660803 15.328149796 0.014142062 0.999858260 0.009134830 -20.678924561 -0.055786554 -0.008332532 0.998407960 210.749267578
0.998267591 -0.015200339 0.056838319 15.546733856 0.014602942 0.999833822 0.010911076 -20.914196014 -0.056994725 -0.010062170 0.998323739 213.003356934
0.998199224 -0.013677201 0.058405317 15.784756660 0.013028037 0.999849081 0.011481194 -21.125076294 -0.058553550 -0.010699612 0.998226881 215.240005493
0.998035848 -0.012117712 0.061462682 16.005899429 0.011441908 0.999870241 0.011335452 -21.334300995 -0.061592069 -0.010609936 0.998045027 217.529830933
0.997900605 -0.012257780 0.063593127 16.237009048 0.011530758 0.999864042 0.011786831 -21.541515350 -0.063728966 -0.011028809 0.997906327 219.776184082
0.997777224 -0.013519084 0.065252326 16.476118088 0.012746667 0.999843836 0.012239245 -21.743566513 -0.065407582 -0.011380292 0.997793734 222.013595581
0.997669578 -0.015312227 0.066490486 16.714023590 0.014485004 0.999811888 0.012905579 -21.944240570 -0.066675574 -0.011912388 0.997703612 224.253005981
0.997605026 -0.017283458 0.066972509 16.970401764 0.016480159 0.999785721 0.012528463 -22.157369614 -0.067174681 -0.011394742 0.997676134 226.493515015
0.997570813 -0.018618379 0.067124210 17.214227676 0.017847901 0.999767900 0.012059849 -22.354812622 -0.067333169 -0.010832529 0.997671723 228.752822876
0.997520924 -0.018766606 0.067822173 17.457792282 0.017966822 0.999761820 0.012383305 -22.561206818 -0.068038419 -0.011134058 0.997620583 230.999694824
0.997467637 -0.019933101 0.068270221 17.707897186 0.019199673 0.999750853 0.011382398 -22.766305923 -0.068480089 -0.010042809 0.997601926 233.254608154
0.997413218 -0.020854335 0.068788715 17.948997498 0.020053761 0.999723077 0.012308356 -22.964811325 -0.069026351 -0.010897045 0.997555256 235.492568970
0.997442067 -0.020516146 0.068471543 18.234109879 0.019700298 0.999726772 0.012569254 -23.174327850 -0.068710722 -0.011188193 0.997573912 237.779556274
0.997397959 -0.020491151 0.069117777 18.474361420 0.019667013 0.999727309 0.012583248 -23.373115540 -0.069356754 -0.011191166 0.997529149 240.007034302
0.997373044 -0.020617669 0.069440439 18.724130630 0.019768624 0.999721467 0.012892127 -23.577064514 -0.069686912 -0.011485516 0.997502744 242.238967896
0.997322917 -0.020797182 0.070103228 18.966907501 0.019929923 0.999716163 0.013048017 -23.777198792 -0.070354693 -0.011615936 0.997454405 244.481384277
0.997279644 -0.021142496 0.070612721 19.214086533 0.020323712 0.999717891 0.012293858 -23.984050751 -0.070852734 -0.010825301 0.997428060 246.713745117
0.997300327 -0.020898599 0.070394307 19.476018906 0.020132523 0.999730229 0.011574777 -24.191265106 -0.070617236 -0.010126312 0.997452080 248.955429077
0.997288704 -0.021203605 0.070466816 19.733165741 0.020399231 0.999718487 0.012115082 -24.396106720 -0.070703849 -0.010644767 0.997440517 251.191986084
0.997252226 -0.022345589 0.070630759 19.986726761 0.021549841 0.999695778 0.012008366 -24.601268768 -0.070877604 -0.010453288 0.997430205 253.423675537
0.997240722 -0.022281738 0.070812687 20.240350723 0.021439072 0.999690294 0.012637851 -24.802507401 -0.071072340 -0.011084824 0.997409582 255.673446655
0.997207344 -0.022806842 0.071114518 20.482690811 0.021949191 0.999676943 0.012818447 -25.006654739 -0.071383901 -0.011221746 0.997385800 257.898101807
0.997187793 -0.023494266 0.071165644 20.747220993 0.022586832 0.999653339 0.013529058 -25.217521667 -0.071458831 -0.011883602 0.997372746 260.155487061
0.997159421 -0.023076858 0.071696743 21.003948212 0.022204995 0.999669909 0.012933869 -25.416936874 -0.071971551 -0.011305102 0.997342527 262.400604248
0.997137606 -0.023009755 0.072021939 21.264074326 0.022174289 0.999677479 0.012378402 -25.615942001 -0.072283536 -0.010745932 0.997326255 264.657592773
0.997110546 -0.022409368 0.072582796 21.524934769 0.021593722 0.999694765 0.012002765 -25.824808121 -0.072829634 -0.010400750 0.997290075 266.896881104
0.997040331 -0.021771502 0.073733829 21.780553818 0.020939726 0.999708354 0.012035188 -26.023960114 -0.073974341 -0.010455603 0.997205317 269.142578125
0.996906519 -0.021359630 0.075638063 22.026155472 0.020510528 0.999717772 0.011985038 -26.242238998 -0.075872712 -0.010396585 0.997063339 271.392395020
0.996800542 -0.022014994 0.076837957 22.294208527 0.021155223 0.999704361 0.011985610 -26.443958282 -0.077079102 -0.010321738 0.996971607 273.639709473
0.996633708 -0.022464368 0.078844726 22.552097321 0.021479471 0.999680519 0.013317665 -26.655700684 -0.079118721 -0.011579292 0.996797919 275.883819580
0.996484220 -0.022495199 0.080704428 22.822410583 0.021401104 0.999667287 0.014396360 -26.846673965 -0.081001431 -0.012618581 0.996634066 278.122924805
0.996446669 -0.021711670 0.081379563 23.107143402 0.020458549 0.999659359 0.016200880 -27.063173294 -0.081703611 -0.014478402 0.996551514 280.371520996
0.996370912 -0.021340650 0.082400054 23.392177582 0.019981582 0.999650955 0.017283181 -27.262947083 -0.082740128 -0.015573975 0.996449471 282.606872559
0.996308863 -0.020889567 0.083260179 23.675619125 0.019534033 0.999663532 0.017062323 -27.449029922 -0.083588578 -0.015372940 0.996381760 284.871185303
0.996203899 -0.019850271 0.084757872 23.943426132 0.018534519 0.999695659 0.016282544 -27.636802673 -0.085055284 -0.014649787 0.996268451 287.102478027
0.996167958 -0.018484797 0.085485429 24.227813721 0.017266808 0.999738932 0.014965488 -27.823165894 -0.085739739 -0.013432079 0.996227026 289.345764160
0.996105671 -0.019259322 0.086038560 24.503587723 0.018022947 0.999723196 0.015123873 -28.023988724 -0.086306006 -0.013514308 0.996177018 291.573516846
0.996076941 -0.019234790 0.086374633 24.778818130 0.018100064 0.999739468 0.013901329 -28.214782715 -0.086619511 -0.012283410 0.996165693 293.835815430
0.996104836 -0.019927703 0.085896991 25.064914703 0.018869765 0.999736011 0.013110841 -28.412115097 -0.086135589 -0.011438913 0.996217728 296.062286377
0.996098638 -0.019872762 0.085979901 25.346773148 0.018839993 0.999740481 0.012806689 -28.609249115 -0.086212106 -0.011136866 0.996214509 298.300201416
0.996103704 -0.019205919 0.086071894 25.629106522 0.018157678 0.999751329 0.012945129 -28.807086945 -0.086299136 -0.011331826 0.996204793 300.539794922
0.996037900 -0.019113695 0.086851545 25.890218735 0.017958185 0.999739766 0.014066396 -29.014812469 -0.087097801 -0.012450971 0.996121883 302.771789551
0.996044099 -0.019467937 0.086700976 26.179292679 0.018302657 0.999731362 0.014215034 -29.213153839 -0.086954437 -0.012571943 0.996132970 305.022918701
0.996016026 -0.018582419 0.087218478 26.463636398 0.017382653 0.999743819 0.014495287 -29.413642883 -0.087465487 -0.012921448 0.996083736 307.273803711
0.996014059 -0.019407889 0.087059408 26.750041962 0.018202033 0.999727309 0.014623526 -29.622989655 -0.087319486 -0.012980578 0.996095777 309.528411865
0.995965660 -0.020470804 0.087368608 27.034667969 0.019225447 0.999701500 0.015071887 -29.820041656 -0.087651059 -0.013331381 0.996062040 311.785400391
0.995915651 -0.020092357 0.088024177 27.317369461 0.018897805 0.999718070 0.014383187 -30.019924164 -0.088288352 -0.012660978 0.996014416 314.026611328
0.995935380 -0.019586679 0.087915115 27.610603333 0.018330835 0.999718368 0.015069491 -30.221811295 -0.088185541 -0.013396678 0.996013999 316.277313232
0.995889008 -0.017650276 0.088845685 27.894794464 0.016440600 0.999762118 0.014328990 -30.423023224 -0.089077465 -0.012809406 0.995942354 318.525970459
0.995874763 -0.016021358 0.089312211 28.176845551 0.014735297 0.999778330 0.015040421 -30.623233795 -0.089533374 -0.013662333 0.995890141 320.771179199
0.995810032 -0.014945223 0.090216666 28.457263947 0.013663532 0.999796987 0.014807781 -30.825511932 -0.090419665 -0.013513058 0.995812058 322.999786377
0.995754659 -0.014110801 0.090959206 28.737564087 0.012771071 0.999801457 0.015294185 -31.019708633 -0.091156945 -0.014067611 0.995737195 325.236846924
0.995758533 -0.013431413 0.091019601 29.032510757 0.011961267 0.999789357 0.016678266 -31.225339890 -0.091224439 -0.015518814 0.995709419 327.463073730
0.995696127 -0.014017432 0.091611683 29.310800552 0.012529334 0.999780416 0.016798554 -31.429306030 -0.091827020 -0.015578423 0.995653093 329.706726074
0.995720387 -0.015820667 0.091052182 29.614904404 0.014417084 0.999767184 0.016052289 -31.623798370 -0.091284946 -0.014670886 0.995716691 331.938323975
0.995713532 -0.015248742 0.091225058 29.903667450 0.013863091 0.999778986 0.015803805 -31.820894241 -0.091445908 -0.014471405 0.995704830 334.158508301
0.995684326 -0.015139565 0.091560550 30.191612244 0.013619272 0.999759197 0.017206322 -32.015937805 -0.091799006 -0.015885081 0.995650828 336.386535645
0.995745838 -0.015946940 0.090751804 30.500680923 0.014457308 0.999750137 0.017048158 -32.206928253 -0.091000989 -0.015663605 0.995727599 338.622467041
0.995746255 -0.015659451 0.090797767 30.786903381 0.014128146 0.999747276 0.017483339 -32.406734467 -0.091048598 -0.016126167 0.995715857 340.863037109
0.995805740 -0.015673310 0.090140216 31.089035034 0.014173957 0.999750733 0.017249746 -32.604042053 -0.090388112 -0.015899753 0.995779693 343.101409912
0.995814741 -0.015820011 0.090014562 31.379438400 0.014295635 0.999743700 0.017554382 -32.794975281 -0.090269201 -0.016194100 0.995785654 345.347045898
0.995861828 -0.015590043 0.089533046 31.671087265 0.014085209 0.999749124 0.017414927 -32.982608795 -0.089782089 -0.016081769 0.995831609 347.585327148
0.995918274 -0.015465024 0.088924266 31.961812973 0.013958146 0.999748707 0.017542604 -33.176837921 -0.089173220 -0.016229780 0.995883822 349.830963135
0.995927811 -0.015024436 0.088894978 32.247879028 0.013479396 0.999747932 0.017955413 -33.373222351 -0.089142360 -0.016684040 0.995879114 352.075592041
0.995969832 -0.015329283 0.088368379 32.535453796 0.013768864 0.999738812 0.018240737 -33.561241150 -0.088624910 -0.016950496 0.995920837 354.303588867
0.995979249 -0.015061723 0.088310495 32.816349030 0.013540830 0.999749959 0.017796012 -33.753925323 -0.088556468 -0.016528664 0.995933950 356.540100098
0.996016145 -0.015185202 0.087870732 33.103702545 0.013638965 0.999741793 0.018170498 -33.944087982 -0.088123992 -0.016899642 0.995966136 358.777526855
0.996070445 -0.014869263 0.087306857 33.396404266 0.013254890 0.999730825 0.019041542 -34.138435364 -0.087566502 -0.017809475 0.995999455 361.025512695
0.996129215 -0.015001011 0.086610995 33.689319611 0.013408604 0.999730766 0.018938329 -34.330520630 -0.086871751 -0.017703693 0.996062160 363.271301270
0.996175289 -0.014917849 0.086094297 33.977828979 0.013288333 0.999722123 0.019469334 -34.520950317 -0.086360835 -0.018250817 0.996096730 365.510253906
0.996222258 -0.015106533 0.085515507 34.264266968 0.013536819 0.999729574 0.018906124 -34.712745667 -0.085777976 -0.017677091 0.996157467 367.763092041
0.996238649 -0.015582617 0.085239492 34.545608521 0.014034174 0.999725997 0.018734988 -34.902847290 -0.085508056 -0.017468253 0.996184349 370.014099121
0.996234536 -0.015552085 0.085293636 34.823608398 0.014088192 0.999743462 0.017738175 -35.088161469 -0.085547604 -0.016469751 0.996197999 372.279052734
0.996295810 -0.015535418 0.084577225 35.107887268 0.014081000 0.999743044 0.017765829 -35.281612396 -0.084831491 -0.016509086 0.996258557 374.517333984
0.996384978 -0.015440853 0.083538078 35.398902893 0.013939184 0.999731123 0.018529385 -35.472522736 -0.083801724 -0.017297950 0.996332347 376.763732910
0.996299148 -0.014827255 0.084665127 35.663673401 0.013276276 0.999734104 0.018852739 -35.662418365 -0.084922142 -0.017658928 0.996231079 379.022155762
0.996301591 -0.015467791 0.084520951 35.944576263 0.013890804 0.999718904 0.019214297 -35.857383728 -0.084794402 -0.017969171 0.996236444 381.262145996
0.996324122 -0.015529882 0.084242560 36.231502533 0.013950903 0.999716401 0.019299658 -36.042457581 -0.084518410 -0.018053459 0.996258318 383.519226074
0.996325552 -0.014762411 0.084364757 36.515144348 0.013154159 0.999721587 0.019587250 -36.236087799 -0.084630422 -0.018405536 0.996242404 385.770782471
0.996329784 -0.013702772 0.084493056 36.794780731 0.012094688 0.999736428 0.019514753 -36.417671204 -0.084738180 -0.018421214 0.996232927 388.033294678
0.996348858 -0.012487373 0.084457070 37.082176208 0.010878196 0.999750912 0.019486642 -36.614818573 -0.084679373 -0.018496756 0.996236563 390.304290771
0.996330082 -0.011346181 0.084839009 37.358791351 0.009724194 0.999762416 0.019507293 -36.805973053 -0.085040204 -0.018610714 0.996203661 392.583648682
0.996356130 -0.010139467 0.084685370 37.642951965 0.008402113 0.999747396 0.020846659 -36.993511200 -0.084875345 -0.020059159 0.996189594 394.842895508
0.996291816 -0.009062166 0.085560195 37.914260864 0.007270260 0.999748170 0.021231661 -37.182716370 -0.085731059 -0.020530885 0.996106684 397.104583740
0.996228874 -0.008491802 0.086347669 38.195446014 0.006798605 0.999779165 0.019884273 -37.379356384 -0.086497448 -0.019222245 0.996066570 399.372741699
0.996157646 -0.008310040 0.087182783 38.472358704 0.006639477 0.999789119 0.019434130 -37.570232391 -0.087325901 -0.018780606 0.996002674 401.637878418
0.996054173 -0.009422162 0.088245317 38.749965668 0.007667197 0.999766469 0.020205235 -37.754127502 -0.088415086 -0.019448912 0.995893776 403.882629395
0.996067882 -0.010935594 0.087915964 39.041439056 0.009065879 0.999724686 0.021638311 -37.948223114 -0.088128395 -0.020756194 0.995892823 406.167175293
0.996005774 -0.011470584 0.088548452 39.323955536 0.009599991 0.999722242 0.021522140 -38.133758545 -0.088770732 -0.020586113 0.995839357 408.421569824
0.995982349 -0.010124707 0.088975593 39.636032104 0.008363964 0.999762177 0.020139659 -38.307235718 -0.089158349 -0.019314555 0.995830178 410.697479248
0.995889664 -0.009644493 0.090060070 39.919010162 0.007805727 0.999754310 0.020747058 -38.501087189 -0.090238042 -0.019958798 0.995720208 412.951568604
0.995907426 -0.007961377 0.090029411 40.236366272 0.006166465 0.999777019 0.020197555 -38.695583344 -0.090170138 -0.019559732 0.995734215 415.220916748
0.995838881 -0.007075212 0.090855502 40.533367157 0.005252708 0.999780416 0.020282838 -38.884227753 -0.090979055 -0.019721197 0.995657504 417.488342285
0.995783150 -0.007425062 0.091437638 40.830356598 0.005598253 0.999779820 0.020219052 -39.075496674 -0.091567636 -0.019621901 0.995605528 419.741210938
0.995683074 -0.007531347 0.092512414 41.120655060 0.005683511 0.999779403 0.020221189 -39.262153625 -0.092644282 -0.019608101 0.995506167 421.996917725
0.995595753 -0.007908483 0.093416095 41.409275055 0.006052495 0.999779105 0.020134594 -39.455463409 -0.093554683 -0.019480521 0.995423496 424.250823975
0.995543003 -0.008456923 0.093928806 41.711277008 0.006497140 0.999755144 0.021150813 -39.643127441 -0.094084710 -0.020446274 0.995354176 426.527618408
0.995495796 -0.007644874 0.094497018 42.008647919 0.005613456 0.999747813 0.021744331 -39.828693390 -0.094639421 -0.021115940 0.995287657 428.787170410
0.995425522 -0.006819448 0.095297046 42.313129425 0.004700992 0.999737144 0.022436883 -40.012054443 -0.095425017 -0.021886256 0.995195985 431.067504883
0.995427251 -0.007497879 0.095227763 42.620273590 0.005345279 0.999724865 0.022839759 -40.208992004 -0.095372811 -0.022226304 0.995193481 433.341369629
0.995378733 -0.008166705 0.095679343 42.927310944 0.006070019 0.999735475 0.022184279 -40.400672913 -0.095835224 -0.021500982 0.995164990 435.607757568
0.995378315 -0.007592401 0.095730610 43.240676880 0.005484760 0.999737084 0.022260329 -40.572853088 -0.095874466 -0.021632388 0.995158255 437.875610352
0.995336115 -0.008057820 0.096130759 43.548316956 0.005907892 0.999726474 0.022628335 -40.759674072 -0.096286796 -0.021954868 0.995111585 440.159881592
0.995386779 -0.008109249 0.095600903 43.864036560 0.005973526 0.999726653 0.022605062 -40.940528870 -0.095758066 -0.021929704 0.995163083 442.434265137
0.995348275 -0.007392486 0.096059114 44.174522400 0.005126279 0.999703169 0.023817206 -41.137672424 -0.096206687 -0.023213988 0.995090663 444.710449219
0.995325625 -0.007907585 0.096251495 44.487159729 0.005643130 0.999701321 0.023775954 -41.314922333 -0.096410759 -0.023121661 0.995073020 446.988311768
0.995320141 -0.007602505 0.096332960 44.795310974 0.005388687 0.999715984 0.023220247 -41.499011993 -0.096482113 -0.022592470 0.995078206 449.256744385
0.995329738 -0.006955963 0.096282549 45.104598999 0.004771376 0.999726355 0.022901012 -41.684730530 -0.096415490 -0.022334658 0.995090485 451.519866943
0.995281518 -0.006341512 0.096821800 45.410263062 0.004164340 0.999734223 0.022671930 -41.875358582 -0.096939839 -0.022161752 0.995043397 453.786407471
0.995206356 -0.005541220 0.097639278 45.713943481 0.003348606 0.999738872 0.022605853 -42.050754547 -0.097739041 -0.022170536 0.994965076 456.067687988
0.995178521 -0.005876488 0.097903639 46.018699646 0.003711476 0.999744833 0.022281155 -42.240447998 -0.098009609 -0.021810360 0.994946420 458.336761475
0.995200276 -0.004884141 0.097737454 46.338550568 0.002812830 0.999768734 0.021319179 -42.421287537 -0.097818971 -0.020941935 0.994983792 460.619293213
0.995173812 -0.003914948 0.098049991 46.647815704 0.001773099 0.999758124 0.021922072 -42.609230042 -0.098112099 -0.021642419 0.994939923 462.898468018
0.995183766 -0.003533542 0.097962491 46.956062317 0.001263694 0.999729455 0.023222957 -42.792957306 -0.098018065 -0.022987319 0.994919121 465.168182373
0.995222628 -0.003688780 0.097560883 47.257976532 0.001389137 0.999719858 0.023628801 -42.973312378 -0.097620711 -0.023380391 0.994949043 467.433715820
0.995291650 -0.003637384 0.096857011 47.568004608 0.001461154 0.999745071 0.022529935 -43.157051086 -0.096914291 -0.022282332 0.995043278 469.714843750
0.995394230 -0.003682646 0.095794782 47.892929077 0.001559184 0.999751568 0.022232197 -43.348735809 -0.095852852 -0.021980440 0.995152771 472.014862061
0.995479643 -0.004384670 0.094874173 48.202735901 0.002167610 0.999722481 0.023458863 -43.541740417 -0.094950698 -0.023147173 0.995212853 474.296997070
0.995459259 -0.004652508 0.095075145 48.498134613 0.002422365 0.999719560 0.023558604 -43.726524353 -0.095158063 -0.023221321 0.995191336 476.579010010
0.995568097 -0.004516306 0.093934104 48.802566528 0.002362050 0.999731958 0.023032233 -43.895668030 -0.094012953 -0.022708282 0.995311975 478.869537354
0.995577633 -0.004882395 0.093815170 49.105041504 0.002668090 0.999715149 0.023713801 -44.079612732 -0.093904227 -0.023358621 0.995307088 481.152038574
0.995626152 -0.005290810 0.093277901 49.411834717 0.003053038 0.999704480 0.024116771 -44.260215759 -0.093377963 -0.023726506 0.995347977 483.424652100
0.995638967 -0.005714685 0.093115143 49.701835632 0.003555469 0.999721229 0.023338083 -44.441936493 -0.093222581 -0.022905234 0.995381773 485.709136963
0.995698869 -0.006496784 0.092420533 50.004776001 0.004250670 0.999691308 0.024479311 -44.637241364 -0.092551038 -0.023981178 0.995419085 488.004852295
0.995771170 -0.006903926 0.091609411 50.306270599 0.004641153 0.999679446 0.024890324 -44.818477631 -0.091751881 -0.024359889 0.995483875 490.286865234
0.995709062 -0.005912174 0.092349470 50.569080353 0.003631468 0.999684691 0.024845025 -45.001106262 -0.092467241 -0.024403054 0.995416582 492.570556641
0.995772243 -0.005080448 0.091715723 50.879142761 0.002790980 0.999681652 0.025073679 -45.176834106 -0.091813914 -0.024711696 0.995469511 494.861053467
0.995786548 -0.005009341 0.091564670 51.168914795 0.002752263 0.999689639 0.024759756 -45.356857300 -0.091660298 -0.024403421 0.995491266 497.165344238
0.995799541 -0.004615814 0.091444097 51.475902557 0.002373134 0.999694109 0.024618719 -45.547981262 -0.091529779 -0.024298299 0.995505869 499.488983154
0.995836020 -0.004684452 0.091041118 51.771133423 0.002389041 0.999676883 0.025305547 -45.727321625 -0.091130242 -0.024982680 0.995525539 501.784484863
0.995850265 -0.004360608 0.090902396 52.062007904 0.002029764 0.999667168 0.025717868 -45.912490845 -0.090984292 -0.025426636 0.995527625 504.060607910
0.995872498 -0.003451845 0.090697140 52.356319427 0.001182086 0.999685049 0.025067493 -46.093528748 -0.090755098 -0.024856817 0.995562971 506.352050781
0.995845556 -0.003043196 0.091007695 52.645896912 0.000709717 0.999670446 0.025661837 -46.274154663 -0.091055803 -0.025490632 0.995519638 508.651000977
0.995881379 -0.003728813 0.090589203 52.950439453 0.001494501 0.999693334 0.024719536 -46.455642700 -0.090653598 -0.024482341 0.995581448 510.943420410
0.995909214 -0.004312541 0.090255283 53.251892090 0.002014238 0.999671757 0.025540082 -46.639923096 -0.090335794 -0.025253806 0.995591104 513.244384766
0.995958626 -0.004205454 0.089714803 53.558006287 0.001902256 0.999666810 0.025742522 -46.819313049 -0.089793168 -0.025467822 0.995634735 515.554931641
0.995961666 -0.003265898 0.089719221 53.851371765 0.000965227 0.999669850 0.025674440 -47.001728058 -0.089773461 -0.025484163 0.995636106 517.865356445
0.995922446 -0.002276134 0.090184540 54.136161804 -0.000005687 0.999680161 0.025293346 -47.182769775 -0.090213269 -0.025190728 0.995603800 520.159301758
0.995870173 -0.000421146 0.090787642 54.432136536 -0.001896714 0.999674499 0.025442783 -47.367324829 -0.090768792 -0.025509907 0.995545208 522.525451660
0.995820940 0.001450518 0.091315962 54.734062195 -0.003804610 0.999664664 0.025610849 -47.548366547 -0.091248184 -0.025851240 0.995492578 524.863342285
0.995766819 0.002092207 0.091890901 55.033432007 -0.004585487 0.999626756 0.026930315 -47.724983215 -0.091800265 -0.027237674 0.995404840 527.185241699
0.995716333 0.001686300 0.092445180 55.336826324 -0.004200838 0.999626279 0.027012490 -47.905406952 -0.092365079 -0.027285125 0.995351315 529.510009766
0.995665252 -0.000055517 0.093008615 55.634243011 -0.002582309 0.999597847 0.028240506 -48.078033447 -0.092972770 -0.028358264 0.995264709 531.829589844
0.995626032 -0.001572555 0.093414538 55.948570251 -0.001030285 0.999612689 0.027808562 -48.251487732 -0.093422092 -0.027783174 0.995238841 534.157592773
0.995582998 -0.001702208 0.093869984 56.252223969 -0.000861225 0.999627948 0.027261067 -48.427253723 -0.093881465 -0.027221497 0.995211124 536.474609375
0.995474100 -0.001685669 0.095017478 56.550319672 -0.000890566 0.999633312 0.027064359 -48.604228973 -0.095028259 -0.027026489 0.995107651 538.792663574
0.995390892 -0.001288655 0.095891930 56.850437164 -0.001258179 0.999648154 0.026494222 -48.785476685 -0.095892340 -0.026492758 0.995039046 541.103576660
0.995307386 -0.000465647 0.096762732 57.156730652 -0.002071129 0.999656796 0.026114363 -48.966056824 -0.096741691 -0.026192226 0.994964838 543.430786133
0.995237470 -0.000074321 0.097480498 57.474285126 -0.002379346 0.999683261 0.025054371 -49.143760681 -0.097451493 -0.025166985 0.994921982 545.755187988
0.995117366 0.000136280 0.098698318 57.771476746 -0.002664045 0.999671817 0.025479689 -49.326236725 -0.098662466 -0.025618214 0.994791150 548.079711914
0.995055318 0.000330635 0.099321239 58.083694458 -0.002942309 0.999653697 0.026149899 -49.507709503 -0.099278197 -0.026312828 0.994711757 550.398437500
0.994989038 0.000578864 0.099982150 58.390472412 -0.003190614 0.999657810 0.025964238 -49.683055878 -0.099932909 -0.026153136 0.994650424 552.704345703
0.995002508 -0.001141594 0.099843070 58.713150024 -0.001427617 0.999669909 0.025657265 -49.875366211 -0.099839397 -0.025671581 0.994672358 555.014587402
0.995063365 -0.001622407 0.099228002 59.048282623 -0.001000443 0.999651551 0.026377076 -50.058349609 -0.099236228 -0.026346136 0.994715035 557.336791992
0.995014668 -0.001430775 0.099718623 59.363006592 -0.001223781 0.999646604 0.026554225 -50.234020233 -0.099721380 -0.026543876 0.994661272 559.643798828
0.994979084 -0.000787436 0.100080200 59.685623169 -0.001962785 0.999623179 0.027378736 -50.410984039 -0.100064047 -0.027437707 0.994602621 561.981201172
0.994979382 -0.001338653 0.100071423 60.013431549 -0.001457432 0.999610722 0.027862573 -50.587577820 -0.100069731 -0.027868534 0.994590163 564.313354492
0.994943082 -0.000752957 0.100437358 60.337581635 -0.002124085 0.999590516 0.028535130 -50.761192322 -0.100417718 -0.028604168 0.994534075 566.633850098
0.994885564 0.000274475 0.101007342 60.660552979 -0.003118341 0.999603093 0.027998216 -50.942451477 -0.100959577 -0.028169999 0.994491637 568.955627441
0.994905412 0.001272772 0.100804903 61.002098083 -0.003953519 0.999643683 0.026398120 -51.112895966 -0.100735381 -0.026662163 0.994555891 571.293395996
0.994898021 0.001913366 0.100868404 61.342906952 -0.004614812 0.999636710 0.026555363 -51.294311523 -0.100780949 -0.026885362 0.994545341 573.614379883
0.994896948 0.001529537 0.100884691 61.670303345 -0.004347485 0.999606431 0.027718442 -51.478771210 -0.100802578 -0.028015587 0.994511902 575.989318848
0.994896412 0.001460543 0.100890465 62.003257751 -0.004407666 0.999569893 0.028994378 -51.661582947 -0.100804724 -0.029291093 0.994474888 578.303100586
0.994819939 0.002210745 0.101628438 62.324859619 -0.005027374 0.999610066 0.027467204 -51.839862823 -0.101528078 -0.027835848 0.994443178 580.683288574
0.994871497 0.001329253 0.101139121 62.659049988 -0.004055047 0.999633968 0.026750125 -52.007320404 -0.101066552 -0.027023058 0.994512558 583.022094727
0.994799018 0.001637873 0.101843975 62.982372284 -0.004546431 0.999588192 0.028333405 -52.193595886 -0.101755634 -0.028649075 0.994396806 585.353698730
0.994858027 0.001769259 0.101263165 63.313796997 -0.004670545 0.999585032 0.028421028 -52.369155884 -0.101170875 -0.028747842 0.994453669 587.671936035
0.994818389 -0.000586372 0.101666264 63.650909424 -0.002197959 0.999625623 0.027272783 -52.550487518 -0.101644173 -0.027354924 0.994444788 590.032714844
0.994824827 -0.000736590 0.101602085 63.985267639 -0.002019202 0.999633014 0.027017865 -52.722274780 -0.101584688 -0.027083205 0.994458139 592.380249023
0.994847715 -0.002410294 0.101351254 64.314567566 -0.000382990 0.999620855 0.027531933 -52.904083252 -0.101379171 -0.027428901 0.994469583 594.720214844
0.994878590 -0.002849085 0.101036482 64.652832031 0.000046657 0.999615490 0.027728314 -53.083553314 -0.101076625 -0.027581593 0.994496226 597.079284668
