1.000000000 0.000000000 0.000000000 0.000000000 0.000000000 1.000000000 0.000000000 0.000000000 0.000000000 0.000000000 1.000000000 0.000000000
0.999999940 -0.000106343 0.000309665 0.088409133 0.000106410 1.000000000 -0.000213260 -0.226389661 -0.000309643 0.000213293 0.999999940 2.285065413
0.999999404 0.000151414 0.001060051 0.167392626 -0.000151692 0.999999940 0.000261627 -0.463702440 -0.001060011 -0.000261787 0.999999404 4.578796864
0.999998629 -0.000427084 0.001597789 0.265853763 0.000426735 0.999999881 0.000218391 -0.693680108 -0.001597882 -0.000217709 0.999998689 6.866443634
0.999997139 -0.000673295 0.002288402 0.362835020 0.000676701 0.999998689 -0.001487884 -0.927584827 -0.002287397 0.001489428 0.999996245 9.153879166
0.999988854 0.001138012 0.004578616 0.451658130 -0.001137681 0.999999344 -0.000074924 -1.164517403 -0.004578698 0.000069714 0.999989450 11.460917473
0.999971151 0.003341503 0.006823367 0.552571297 -0.003351360 0.999993384 0.001433588 -1.399504542 -0.006818531 -0.001456414 0.999975681 13.740003586
0.999952257 0.003126537 0.009264512 0.657507658 -0.003162755 0.999987423 0.003897275 -1.626933336 -0.009252211 -0.003926390 0.999949455 16.012369156
0.999951184 0.003514858 0.009230973 0.780505657 -0.003564647 0.999979138 0.005382792 -1.858742237 -0.009211860 -0.005415434 0.999942899 18.299953461
0.999938190 0.002612745 0.010807959 0.890612245 -0.002671714 0.999981523 0.005445262 -2.081201077 -0.010793532 -0.005473801 0.999926746 20.586332321
0.999933124 0.000275874 0.011559011 1.002630830 -0.000304675 0.999996841 0.002490011 -2.296768427 -0.011558286 -0.002493367 0.999930024 22.894182205
0.999922514 -0.001860703 0.012316721 1.108857036 0.001858587 0.999998212 0.000183253 -2.514399767 -0.012317040 -0.000160347 0.999924123 25.176933289
0.999926507 -0.002674827 0.011825931 1.252165437 0.002682897 0.999996185 -0.000666591 -2.759490490 -0.011824101 0.000698269 0.999929845 27.457256317
0.999907196 -0.002345710 0.013418530 1.347252250 0.002368960 0.999995768 -0.001717053 -2.986526012 -0.013414443 0.001748682 0.999908507 29.741497040
0.999907911 -0.000169310 0.013570710 1.478771687 0.000158058 0.999999642 0.000830229 -3.216469765 -0.013570843 -0.000828008 0.999907553 32.012859344
0.999906719 0.001764009 0.013547119 1.607283831 -0.001804015 0.999994040 0.002941424 -3.438600540 -0.013541850 -0.002965589 0.999903917 34.293277740
0.999864638 0.003979072 0.015956853 1.706921101 -0.004093924 0.999965906 0.007171542 -3.675670147 -0.015927773 -0.007235898 0.999846876 36.611663818
0.999840915 0.005842969 0.016845364 1.821122408 -0.005954591 0.999960601 0.006583762 -3.894629955 -0.016806232 -0.006683023 0.999836385 38.882759094
0.999813199 0.004846722 0.018709026 1.925289869 -0.004940816 0.999975383 0.004986404 -4.100278378 -0.018684398 -0.005077909 0.999812543 41.188785553
0.999819040 0.002453805 0.018863926 2.050756216 -0.002519785 0.999990821 0.003474754 -4.324291706 -0.018855223 -0.003521659 0.999816060 43.466346741
0.999818027 0.002514584 0.018909298 2.182090282 -0.002577574 0.999991238 0.003307451 -4.560764790 -0.018900814 -0.003355589 0.999815762 45.713024139
0.999810994 0.001622550 0.019374201 2.301117420 -0.001663088 0.999996424 0.002076444 -4.789049625 -0.019370764 -0.002108273 0.999810159 47.989616394
0.999810040 0.000294553 0.019495957 2.438278675 -0.000345230 0.999996543 0.002596027 -5.021407127 -0.019495128 -0.002602264 0.999806583 50.269287109
0.999793410 -0.000615942 0.020321848 2.570457935 0.000554424 0.999995232 0.003032680 -5.247951984 -0.020323617 -0.003020786 0.999788880 52.535758972
0.999786973 -0.001754428 0.020564385 2.706923962 0.001691098 0.999993801 0.003096568 -5.480350018 -0.020569690 -0.003061132 0.999783754 54.817066193
0.999753177 -0.001811369 0.022143139 2.835275888 0.001732097 0.999992013 0.003598623 -5.713832855 -0.022149477 -0.003559381 0.999748349 57.115753174
0.999736369 -0.003371092 0.022710942 2.974963188 0.003276622 0.999985814 0.004195651 -5.938763618 -0.022724768 -0.004120130 0.999733269 59.379741669
0.999691963 -0.004715437 0.024364635 3.102321625 0.004623719 0.999981940 0.003819352 -6.165848255 -0.024382202 -0.003705520 0.999695837 61.649059296
0.999672949 -0.005645387 0.024940617 3.253206253 0.005552711 0.999977350 0.003783523 -6.391801834 -0.024961418 -0.003643798 0.999681711 63.903411865
0.999637306 -0.005155851 0.026432117 3.394766808 0.005047806 0.999978662 0.004152755 -6.611228943 -0.026452960 -0.004017824 0.999642015 66.175773621
0.999610066 -0.004051072 0.027625801 3.540498257 0.003917490 0.999980330 0.004887825 -6.841477394 -0.027645059 -0.004777695 0.999606371 68.416450500
0.999568343 -0.004405440 0.029047502 3.680603981 0.004277119 0.999980807 0.004478228 -7.065431595 -0.029066671 -0.004352055 0.999567926 70.664360046
0.999555111 -0.005302794 0.029348567 3.844017506 0.005213657 0.999981582 0.003112868 -7.289133549 -0.029364536 -0.002958470 0.999564409 72.910087585
0.999546170 -0.006228203 0.029473858 4.003428459 0.006125866 0.999974906 0.003561179 -7.514809608 -0.029495295 -0.003379010 0.999559164 75.174583435
0.999489903 -0.007577315 0.031023044 4.160450459 0.007485112 0.999967217 0.003087124 -7.746342659 -0.031045422 -0.002853338 0.999513924 77.438507080
0.999495864 -0.009046750 0.030431854 4.335126877 0.008960669 0.999955416 0.002963829 -7.983758450 -0.030457316 -0.002689644 0.999532461 79.675010681
0.999464929 -0.009447923 0.031314917 4.485424995 0.009374046 0.999952972 0.002505089 -8.200865746 -0.031337112 -0.002210201 0.999506414 81.930915833
0.999445736 -0.008899998 0.032082595 4.653199196 0.008808912 0.999956906 0.002979347 -8.438161850 -0.032107733 -0.002695083 0.999480784 84.197654724
0.999398291 -0.008594803 0.033603221 4.814042091 0.008491691 0.999958813 0.003210060 -8.653974533 -0.033629425 -0.002922779 0.999430180 86.449806213
0.999394417 -0.008583730 0.033721216 4.981425285 0.008434737 0.999954045 0.004558159 -8.889299393 -0.033758797 -0.004270969 0.999420822 88.724990845
0.999373078 -0.007568875 0.034584988 5.143931389 0.007398612 0.999959826 0.005048353 -9.114100456 -0.034621809 -0.004789307 0.999388993 90.974723816
0.999344587 -0.007580947 0.035396222 5.312135696 0.007408075 0.999960005 0.005012496 -9.335430145 -0.035432797 -0.004746993 0.999360800 93.228157043
0.999325812 -0.007812691 0.035872787 5.481389999 0.007654718 0.999960423 0.004538930 -9.552978516 -0.035906829 -0.004261273 0.999346077 95.481979370
0.999297798 -0.008516477 0.036488641 5.652411461 0.008342372 0.999953091 0.004921136 -9.773756027 -0.036528856 -0.004613278 0.999321938 97.731002808
0.999264777 -0.008316118 0.037425246 5.817247391 0.008156437 0.999957085 0.004417311 -10.003743172 -0.037460368 -0.004108808 0.999289691 99.966339111
0.999212980 -0.008505949 0.038744222 5.983074665 0.008295446 0.999949932 0.005590699 -10.220998764 -0.038789839 -0.005264898 0.999233544 102.205360413
0.999182522 -0.008524664 0.039518140 6.171404362 0.008319170 0.999951005 0.005361511 -10.439166069 -0.039561909 -0.005028370 0.999204516 104.458404541
0.999154270 -0.009375501 0.040036004 6.338821411 0.009125319 0.999937654 0.006427071 -10.670902252 -0.040093765 -0.006056294 0.999177575 106.707229614
0.999100149 -0.010422751 0.041110363 6.514279366 0.010164082 0.999927163 0.006496096 -10.884096146 -0.041175079 -0.006072402 0.999133408 108.948486328
0.999050677 -0.011168958 0.042107120 6.696337700 0.010860777 0.999912500 0.007540673 -11.108792305 -0.042187661 -0.007076199 0.999084651 111.185630798
0.999034107 -0.011661033 0.042364519 6.891894341 0.011407838 0.999915600 0.006213439 -11.329545975 -0.042433403 -0.005724151 0.999082923 113.447517395
0.998988688 -0.011911166 0.043355502 7.077253819 0.011690975 0.999917448 0.005328754 -11.545335770 -0.043415394 -0.004816497 0.999045491 115.691665649
0.998945236 -0.012177780 0.044272985 7.261543274 0.011942053 0.999913096 0.005585008 -11.767012596 -0.044337142 -0.005050407 0.999003887 117.914672852
0.998892009 -0.012303481 0.045423962 7.458267212 0.012017784 0.999906301 0.006557277 -11.987447739 -0.045500383 -0.006004116 0.998946249 120.154960632
0.998850584 -0.012882112 0.046168353 7.656897545 0.012570385 0.999896228 0.007035953 -12.208835602 -0.046254203 -0.006447512 0.998908818 122.381530762
0.998807311 -0.013937982 0.046794321 7.855525494 0.013628851 0.999883115 0.006918781 -12.429133415 -0.046885289 -0.006272776 0.998880565 124.625953674
0.998779178 -0.013619868 0.047481310 8.045601845 0.013335235 0.999891222 0.006306252 -12.656114578 -0.047562029 -0.005665379 0.998852193 126.892089844
0.998760641 -0.015094628 0.047429960 8.239684105 0.014775772 0.999865830 0.007066125 -12.876647949 -0.047530267 -0.006356552 0.998849511 129.143646240
0.998776197 -0.016593779 0.046591051 8.433059692 0.016280331 0.999842167 0.007099126 -13.088733673 -0.046701506 -0.006331921 0.998888850 131.402511597
0.998841703 -0.016787304 0.045093801 8.637203217 0.016408917 0.999827087 0.008748270 -13.310147285 -0.045232870 -0.007998197 0.998944461 133.637420654
0.998920679 -0.018185373 0.042740945 8.855991364 0.017862178 0.999809027 0.007931618 -13.528381348 -0.042877015 -0.007159609 0.999054730 135.877258301
0.998979807 -0.019085787 0.040927861 9.057820320 0.018809510 0.999797702 0.007124918 -13.735565186 -0.041055571 -0.006347815 0.999136806 138.105804443
0.999003351 -0.019589210 0.040106539 9.248735428 0.019306647 0.999786198 0.007420525 -13.958266258 -0.040243320 -0.006638808 0.999167860 140.360321045
0.998986065 -0.019967142 0.040349506 9.418457985 0.019687694 0.999779463 0.007311315 -14.163404465 -0.040486585 -0.006509514 0.999158919 142.594757080
0.999027133 -0.019842599 0.039383832 9.611731529 0.019496998 0.999768257 0.009139974 -14.395661354 -0.039556056 -0.008363215 0.999182463 144.816040039
0.999045253 -0.018884633 0.039394688 9.787974358 0.018579667 0.999794602 0.008093049 -14.608685493 -0.039539430 -0.007353382 0.999190867 147.058029175
0.999060333 -0.017875336 0.039482977 9.968124390 0.017633187 0.999823511 0.006472844 -14.822811127 -0.039591726 -0.005770551 0.999199212 149.304092407
0.999082148 -0.016231077 0.039641045 10.147245407 0.016021479 0.999855995 0.005599376 -15.042236328 -0.039726213 -0.004959128 0.999198318 151.548477173
0.999090910 -0.015482757 0.039717607 10.333490372 0.015270569 0.999867439 0.005640209 -15.256441116 -0.039799675 -0.005028571 0.999195039 153.782623291
0.999086499 -0.014977912 0.040021747 10.521018982 0.014756880 0.999874175 0.005812606 -15.470448494 -0.040103775 -0.005216701 0.999181926 156.028106689
0.999081016 -0.013280744 0.040750794 10.686004639 0.012983280 0.999887109 0.007555524 -15.694676399 -0.040846545 -0.007019502 0.999140799 158.272994995
0.999029934 -0.012544978 0.042210553 10.866767883 0.012182083 0.999886751 0.008843533 -15.913202286 -0.042316712 -0.008320741 0.999069631 160.508300781
0.999005377 -0.010837131 0.043252233 11.031200409 0.010400984 0.999892890 0.010296134 -16.124408722 -0.043359187 -0.009836029 0.999011040 162.784118652
0.998962581 -0.010632404 0.044279438 11.213270187 0.010213996 0.999901116 0.009664812 -16.328952789 -0.044377819 -0.009202518 0.998972416 165.039596558
0.998916805 -0.010000717 0.045444742 11.406156540 0.009620463 0.999916852 0.008578497 -16.541873932 -0.045526758 -0.008132004 0.998930037 167.283691406
0.998835981 -0.008084069 0.047552936 11.589781761 0.007674943 0.999931991 0.008779909 -16.751268387 -0.047620673 -0.008404722 0.998830199 169.515884399
0.998714328 -0.007728797 0.050099175 11.781156540 0.007247807 0.999925971 0.009775318 -16.988441467 -0.050171010 -0.009399643 0.998696387 171.786010742
0.998590052 -0.007893447 0.052492205 11.984438896 0.007408157 0.999927998 0.009433161 -17.196453094 -0.052562889 -0.009030992 0.998576701 174.045623779
0.998507798 -0.007547379 0.054085203 12.194909096 0.007002280 0.999922812 0.010260951 -17.412324905 -0.054158479 -0.009866919 0.998483598 176.293609619
0.998474479 -0.007880090 0.054651067 12.408296585 0.007283491 0.999911666 0.011107090 -17.616870880 -0.054733772 -0.010692096 0.998443663 178.524337769
0.998445034 -0.009888611 0.054860663 12.605730057 0.009324533 0.999901056 0.010528493 -17.827400208 -0.054959349 -0.010000571 0.998438537 180.744918823
0.998415709 -0.010754040 0.055229947 12.810149193 0.010208170 0.999896288 0.010156219 -18.033355713 -0.055333447 -0.009576332 0.998421967 182.991470337
0.998476386 -0.012128966 0.053831369 13.035045624 0.011595720 0.999880612 0.010207178 -18.251552582 -0.053948753 -0.009567411 0.998497784 185.229888916
0.998496413 -0.013936359 0.053014323 13.250652313 0.013366080 0.999849081 0.011096436 -18.461160660 -0.053160958 -0.010371159 0.998532057 187.466430664
0.998513103 -0.014766714 0.052474730 13.461356163 0.014224574 0.999841630 0.010689978 -18.666538239 -0.052624278 -0.009927651 0.998565018 189.713348389
0.998465419 -0.016290298 0.052928783 13.661380768 0.015747257 0.999819100 0.010660798 -18.887893677 -0.053092871 -0.009810956 0.998541355 191.926483154
0.998447597 -0.017912751 0.052739602 13.864398003 0.017416179 0.999799728 0.009860148 -19.093755722 -0.052905656 -0.008926319 0.998559594 194.157562256
0.998458743 -0.017659487 0.052613948 14.077300072 0.017150739 0.999801874 0.010105403 -19.303573608 -0.052781980 -0.009187461 0.998563707 196.398239136
0.998461485 -0.015868386 0.053128537 14.288095474 0.015326551 0.999826372 0.010590522 -19.516448975 -0.053287361 -0.009759951 0.998531520 198.637924194
0.998487592 -0.013174898 0.053374767 14.495353699 0.012653966 0.999869049 0.010086116 -19.732353210 -0.053500656 -0.009395462 0.998523593 200.898452759
0.998455524 -0.012433056 0.054148011 14.708712578 0.011950423 0.999885976 0.009227892 -19.940633774 -0.054256570 -0.008566547 0.998490274 203.161300659
0.998415232 -0.012638885 0.054839160 14.908852577 0.012112240 0.999877334 0.009925220 -20.146217346 -0.054957878 -0.009245266 0.998445868 205.383087158
0.998417854 -0.014039723 0.054449201 15.153354645 0.013533052 0.999861658 0.009662999 -20.358314514 -0.054577339 -0.008910845 0.998469770 207.634490967
0.998362064 -0.013769547 0.055530339 15.362390518 0.013219577 0.999859989 0.010259204 -20.564262390 -0.055663835 -0.009508311 0.998404264 209.868469238
0.998271406 -0.013500568 0.057203282 15.585677147 0.012857185 0.999849975 0.011600514 -20.791893005 -0.057351325 -0.010844985 0.998295248 212.141998291
0.998199761 -0.012162521 0.058731403 15.825587273 0.011481557 0.999863029 0.011918130 -21.000202179 -0.058868323 -0.011222347 0.998202622 214.381210327
0.998029768 -0.010969377 0.061774749 16.026424408 0.010251510 0.999876320 0.011925729 -21.204673767 -0.061897922 -0.011268946 0.998018861 216.608047485
0.997887731 -0.010930805 0.064035699 16.254297256 0.010163784 0.999872804 0.012291603 -21.409595490 -0.064161912 -0.011614794 0.997871876 218.848403931
0.997735083 -0.012116224 0.066165447 16.483863831 0.011287271 0.999853194 0.012887981 -21.610157013 -0.066311896 -0.012111963 0.997725427 221.072921753
0.997631311 -0.013622492 0.067424841 16.720912933 0.012729936 0.999825895 0.013649782 -21.810598373 -0.067599028 -0.012759138 0.997630954 223.296112061
0.997573376 -0.015821695 0.067799293 16.975229263 0.014976908 0.999803960 0.012950383 -22.016603470 -0.067990899 -0.011903536 0.997614861 225.520050049
0.997542679 -0.016888026 0.067995742 17.216888428 0.016074311 0.999792814 0.012496556 -22.214197159 -0.068192668 -0.011372863 0.997607350 227.757934570
0.997511923 -0.016881960 0.068447180 17.460054398 0.016048642 0.999790490 0.012706365 -22.417200089 -0.068647347 -0.011576266 0.997573793 229.991760254
0.997451842 -0.017778575 0.069094434 17.709707260 0.016984487 0.999782920 0.012063413 -22.627025604 -0.069293916 -0.010859137 0.997537196 232.242721558
0.997391582 -0.018680949 0.069721758 17.956848145 0.017800409 0.999754012 0.013229392 -22.826078415 -0.069951750 -0.011953807 0.997478783 234.484909058
0.997377396 -0.018237960 0.070039950 18.225967407 0.017323690 0.999756932 0.013638894 -23.039165497 -0.070271656 -0.012389774 0.997450888 236.754974365
0.997339785 -0.017898589 0.070660882 18.466884613 0.016993282 0.999765933 0.013392508 -23.234512329 -0.070884049 -0.012156121 0.997410476 238.975997925
0.997302890 -0.018316200 0.071073562 18.715471268 0.017378738 0.999753952 0.013786112 -23.436384201 -0.071308576 -0.012513761 0.997375727 241.197219849
0.997250795 -0.018544383 0.071742207 18.962985992 0.017591016 0.999748647 0.013897908 -23.635871887 -0.071981907 -0.012597680 0.997326493 243.444961548
0.997216046 -0.018808842 0.072156630 19.214166641 0.017904416 0.999753058 0.013160619 -23.840646744 -0.072386369 -0.011832057 0.997306406 245.667648315
0.997226059 -0.018406332 0.072120577 19.472045898 0.017552672 0.999768376 0.012452557 -24.043241501 -0.072333060 -0.011152107 0.997318208 247.897460938
0.997201085 -0.018778479 0.072368413 19.731609344 0.017881915 0.999755383 0.013016935 -24.246841431 -0.072595134 -0.011686418 0.997292995 250.136077881
0.997163892 -0.019978136 0.072560534 19.989933014 0.019094396 0.999734998 0.012852694 -24.447238922 -0.072798088 -0.011430743 0.997281194 252.366256714
0.997162700 -0.020160802 0.072526790 20.259622574 0.019218691 0.999721944 0.013664387 -24.652666092 -0.072782107 -0.012231747 0.997272849 254.630447388
0.997130096 -0.021339074 0.072638981 20.501842499 0.020371756 0.999694049 0.014031817 -24.856294632 -0.072916195 -0.012511764 0.997259617 256.847473145
0.997085690 -0.021143153 0.073301204 20.761487961 0.020139193 0.999693334 0.014408606 -25.060493469 -0.073583379 -0.012890387 0.997205675 259.116058350
0.997059405 -0.020691356 0.073786288 21.021072388 0.019725671 0.999710202 0.013792443 -25.258289337 -0.074050307 -0.012296402 0.997178614 261.358489990
0.997036695 -0.020751234 0.074075438 21.285083771 0.019821158 0.999715447 0.013268993 -25.456228256 -0.074329711 -0.011761413 0.997164369 263.613769531
0.997013748 -0.020063486 0.074572496 21.550725937 0.019167215 0.999735415 0.012715166 -25.659666061 -0.074807882 -0.011247847 0.997134507 265.855651855
0.996970773 -0.019497186 0.075293481 21.815088272 0.018614477 0.999749660 0.012407709 -25.855491638 -0.075516552 -0.010968574 0.997084200 268.095092773
0.996807992 -0.019048737 0.077529684 22.060909271 0.018115785 0.999754965 0.012719103 -26.073663712 -0.077752955 -0.011273991 0.996909022 270.346252441
0.996720374 -0.019847406 0.078451447 22.340726852 0.018864110 0.999734104 0.013255182 -26.281084061 -0.078693673 -0.011731791 0.996829748 272.592987061
0.996523023 -0.020171070 0.080839559 22.589370728 0.019092405 0.999718368 0.014094259 -26.483734131 -0.081101090 -0.012501833 0.996627450 274.838806152
0.996410668 -0.020154003 0.082215637 22.869178772 0.018989040 0.999708176 0.014927106 -26.670860291 -0.082492486 -0.013312332 0.996502817 277.078948975
0.996349454 -0.019439742 0.083125845 23.154548645 0.018117996 0.999697626 0.016625494 -26.885610580 -0.083423927 -0.015058729 0.996400297 279.329101562
0.996259511 -0.019238250 0.084243044 23.440715790 0.017806938 0.999684572 0.017708896 -27.085342407 -0.084557168 -0.016142545 0.996287882 281.568023682
0.996189177 -0.018232327 0.085291572 23.724298477 0.016784010 0.999702990 0.017667213 -27.275039673 -0.085588373 -0.016168354 0.996199369 283.823944092
0.996080875 -0.017190101 0.086761281 23.995750427 0.015768765 0.999730408 0.017041063 -27.462524414 -0.087030813 -0.015606157 0.996083379 286.054473877
0.996123910 -0.016665980 0.086367570 24.297525406 0.015358425 0.999757409 0.015781920 -27.647369385 -0.086609647 -0.014394279 0.996138334 288.296813965
0.996051311 -0.017509118 0.087035760 24.572834015 0.016167432 0.999739707 0.016096510 -27.847646713 -0.087294951 -0.014625807 0.996075153 290.523681641
0.996003151 -0.017477861 0.087591156 24.843988419 0.016224200 0.999755740 0.015004243 -28.039543152 -0.087832011 -0.013523177 0.996043444 292.778717041
0.996036351 -0.018030161 0.087100424 25.131799698 0.016858704 0.999757528 0.014166476 -28.233142853 -0.087334722 -0.012641927 0.996098816 295.002990723
0.996025443 -0.017966483 0.087238587 25.414766312 0.016815525 0.999761760 0.013910310 -28.429229736 -0.087467737 -0.012388058 0.996090233 297.238006592
0.996031642 -0.017272633 0.087307587 25.699632645 0.016111108 0.999772251 0.013991062 -28.624410629 -0.087529369 -0.012528919 0.996083140 299.476806641
0.995984793 -0.017388027 0.087817170 25.967582703 0.016132457 0.999757528 0.014987133 -28.828218460 -0.088056482 -0.013510250 0.996023834 301.703247070
0.995983064 -0.018258315 0.087659843 26.260084152 0.016997546 0.999741375 0.015107475 -29.024410248 -0.087912992 -0.013556788 0.996035993 303.957916260
0.995941639 -0.017795030 0.088224091 26.547813416 0.016507331 0.999746621 0.015303995 -29.220527649 -0.088474058 -0.013785540 0.995983183 306.202484131
0.995929837 -0.018452091 0.088222958 26.835708618 0.017179595 0.999737442 0.015161313 -29.422664642 -0.088479556 -0.013583967 0.995985389 308.453216553
0.995896101 -0.019796293 0.088311687 27.126163483 0.018472262 0.999704778 0.015784858 -29.620185852 -0.088598087 -0.014088763 0.995967805 310.706939697
0.995842874 -0.019521261 0.088971190 27.410522461 0.018251710 0.999719918 0.015060539 -29.818538666 -0.089240268 -0.013374057 0.995920300 312.942687988
0.995856106 -0.019218463 0.088889018 27.706533432 0.017883038 0.999715328 0.015795596 -30.018642426 -0.089167289 -0.014140534 0.995916307 315.188629150
0.995810091 -0.017399201 0.089776404 27.994720459 0.016109092 0.999756575 0.015074895 -30.217990875 -0.090016857 -0.013565513 0.995847821 317.428710938
0.995776594 -0.015614466 0.090470530 28.276636124 0.014270568 0.999778390 0.015482421 -30.413171768 -0.090692207 -0.014125971 0.995778739 319.671234131
0.995712757 -0.014308651 0.091386124 28.561243057 0.013008486 0.999805748 0.014807054 -30.610614777 -0.091580242 -0.013554777 0.995705426 321.892242432
0.995683432 -0.013535050 0.091821805 28.848991394 0.012175647 0.999808013 0.015348899 -30.805316925 -0.092011936 -0.014164652 0.995657146 324.124572754
0.995695710 -0.013123728 0.091748945 29.149755478 0.011640992 0.999793291 0.016677318 -31.011486053 -0.091948837 -0.015537488 0.995642483 326.348724365
0.995630085 -0.013528151 0.092399888 29.428905487 0.012045742 0.999789953 0.016582323 -31.210948944 -0.092604809 -0.015396836 0.995583892 328.584930420
0.995640576 -0.014880189 0.092079669 29.730401993 0.013480541 0.999784350 0.015803764 -31.404644012 -0.092294998 -0.014493586 0.995626152 330.813323975
0.995599568 -0.014453295 0.092588067 30.014165878 0.013073373 0.999794483 0.015493167 -31.600082397 -0.092792965 -0.014214550 0.995583951 333.028411865
0.995568275 -0.014772486 0.092873909 30.307638168 0.013283115 0.999773383 0.016634280 -31.793392181 -0.093098596 -0.015326907 0.995538831 335.267791748
0.995610118 -0.015164036 0.092360348 30.613798141 0.013680904 0.999767423 0.016670194 -31.985450745 -0.092591666 -0.015333442 0.995586097 337.502044678
0.995580435 -0.014780597 0.092742465 30.899471283 0.013259296 0.999767601 0.016998321 -32.184604645 -0.092972159 -0.015693495 0.995545030 339.744750977
0.995600641 -0.014671919 0.092543699 31.199518204 0.013192042 0.999775469 0.016582675 -32.380020142 -0.092766225 -0.015288881 0.995570540 341.988067627
0.995604932 -0.014633925 0.092502564 31.491121292 0.013118623 0.999769926 0.016968094 -32.572471619 -0.092729591 -0.015680009 0.995567858 344.238433838
0.995639205 -0.014202363 0.092200361 31.783657074 0.012688433 0.999775171 0.016985519 -32.764545441 -0.092420854 -0.015741572 0.995595574 346.474822998
0.995651186 -0.013815803 0.092129536 32.075622559 0.012311230 0.999781728 0.016879454 -32.957424164 -0.092342652 -0.015671823 0.995603919 348.715637207
0.995609701 -0.013280556 0.092655234 32.366283417 0.011718133 0.999780178 0.017386500 -33.155467987 -0.092865773 -0.016224423 0.995546460 350.955444336
0.995644331 -0.013425384 0.092260234 32.664916992 0.011850817 0.999774992 0.017593294 -33.346851349 -0.092475682 -0.016423304 0.995579481 353.177673340
0.995668113 -0.012987017 0.092066795 32.956771851 0.011457676 0.999787807 0.017120369 -33.541664124 -0.092269585 -0.015991334 0.995605648 355.417541504
0.995694757 -0.013106524 0.091761805 33.252365112 0.011556324 0.999781728 0.017404769 -33.731941223 -0.091969900 -0.016269412 0.995628893 357.652160645
0.995786488 -0.012590084 0.090833537 33.556049347 0.010952679 0.999768913 0.018502444 -33.929847717 -0.091045499 -0.017429611 0.995694339 359.888366699
0.995822370 -0.012620163 0.090435036 33.852519989 0.010973953 0.999765337 0.018677419 -34.126342773 -0.090649538 -0.017606964 0.995727122 362.127624512
0.995893538 -0.012545370 0.089657940 34.153293610 0.010878982 0.999759316 0.019050634 -34.315814972 -0.089875355 -0.017997019 0.995790362 364.365966797
0.995945334 -0.012495012 0.089087836 34.447612762 0.010903260 0.999772429 0.018331533 -34.506252289 -0.089296632 -0.017285855 0.995855093 366.618530273
0.995972931 -0.013109480 0.088691048 34.735477448 0.011535932 0.999767244 0.018231276 -34.699314117 -0.088909388 -0.017134719 0.995892346 368.860687256
0.995955944 -0.012797930 0.088925958 35.019428253 0.011299779 0.999786019 0.017330244 -34.885265350 -0.089128710 -0.016255315 0.995887518 371.124664307
0.996015728 -0.013252513 0.088187255 35.306148529 0.011740069 0.999775350 0.017647030 -35.083797455 -0.088401310 -0.016541395 0.995947599 373.350921631
0.996065915 -0.013002104 0.087656051 35.600612640 0.011420434 0.999763250 0.018521497 -35.271999359 -0.087876119 -0.017447567 0.995978594 375.602020264
0.996035695 -0.013352978 0.087946482 35.879745483 0.011750063 0.999755740 0.018718585 -35.460220337 -0.088174939 -0.017611006 0.995949328 377.857604980
0.996033490 -0.013803317 0.087902263 36.170375824 0.012187530 0.999747217 0.018891901 -35.652786255 -0.088140808 -0.017745657 0.995949864 380.103149414
0.996047199 -0.014106098 0.087698571 36.465557098 0.012496228 0.999743640 0.018878870 -35.837265015 -0.087942399 -0.017708339 0.995968163 382.354156494
0.996060133 -0.013258064 0.087683395 36.758689880 0.011622294 0.999749184 0.019139759 -36.030517578 -0.087915167 -0.018045267 0.995964527 384.609558105
0.996050894 -0.012258454 0.087934986 37.045833588 0.010620964 0.999761760 0.019065415 -36.215362549 -0.088147767 -0.018056169 0.995943666 386.870574951
0.996072948 -0.011077586 0.087841876 37.341827393 0.009449561 0.999776185 0.018927839 -36.411834717 -0.088031888 -0.018023435 0.995954573 389.140563965
0.996048510 -0.009551703 0.088295527 37.622650146 0.007908834 0.999789357 0.018937638 -36.606231689 -0.088457815 -0.018164491 0.995914280 391.416931152
0.996083200 -0.008322298 0.088028692 37.914817810 0.006548956 0.999770164 0.020414714 -36.798923492 -0.088178359 -0.019758254 0.995908856 393.678802490
0.995998561 -0.006951821 0.089098535 38.192005157 0.005118942 0.999770820 0.020783393 -36.988792419 -0.089222603 -0.020244140 0.995805979 395.944274902
0.995950699 -0.006693420 0.089651197 38.481613159 0.004984200 0.999801755 0.019275542 -37.183952332 -0.089762442 -0.018750649 0.995786667 398.209838867
0.995899975 -0.006322362 0.090240031 38.768566132 0.004639671 0.999811769 0.018844435 -37.376625061 -0.090342179 -0.018348489 0.995741725 400.474731445
0.995740950 -0.007344539 0.091902204 39.038185120 0.005518761 0.999782681 0.020104911 -37.565475464 -0.092029892 -0.019512096 0.995564997 402.715637207
0.995765150 -0.008341241 0.091554269 39.349197388 0.006449140 0.999759793 0.020942874 -37.757301331 -0.091706984 -0.020263737 0.995579779 404.993835449
0.995726526 -0.008918442 0.091919355 39.639991760 0.007035038 0.999759018 0.020793457 -37.943901062 -0.092082642 -0.020057935 0.995549381 407.249359131
0.995641410 -0.007473254 0.092965513 39.935470581 0.005621189 0.999780774 0.020167988 -38.132110596 -0.093095869 -0.019557500 0.995465040 409.490997314
0.995575070 -0.006582993 0.093738630 40.232498169 0.004677664 0.999778271 0.020531213 -38.325843811 -0.093852989 -0.020001890 0.995385110 411.743408203
0.995485187 -0.005530480 0.094755560 40.519729614 0.003622037 0.999787331 0.020300863 -38.515838623 -0.094847679 -0.019866001 0.995293558 413.985839844
0.995393157 -0.004203544 0.095785059 40.824726105 0.002269294 0.999791443 0.020293636 -38.702011108 -0.095850393 -0.019982781 0.995195150 416.255615234
0.995347500 -0.004580146 0.096241482 41.134456635 0.002642934 0.999791503 0.020246511 -38.893821716 -0.096314155 -0.019897955 0.995151997 418.509674072
0.995228887 -0.004542596 0.097461559 41.430301666 0.002582725 0.999792099 0.020225897 -39.080097198 -0.097533181 -0.019877682 0.995033741 420.760070801
0.995141864 -0.004757655 0.098335661 41.728031158 0.002793619 0.999794066 0.020100826 -39.272239685 -0.098411039 -0.019728463 0.994950294 423.010711670
0.995056987 -0.005195007 0.099169686 42.035789490 0.003099413 0.999768853 0.021273790 -39.462203979 -0.099257298 -0.020861264 0.994843125 425.280212402
0.995003819 -0.004239623 0.099746831 42.343830109 0.002061265 0.999757349 0.021931794 -39.646812439 -0.099815607 -0.021616613 0.994771123 427.531982422
0.994933367 -0.003625673 0.100471064 42.661064148 0.001372655 0.999746203 0.022484604 -39.829582214 -0.100527093 -0.022232771 0.994685829 429.811157227
0.994941413 -0.004226729 0.100367859 42.976734161 0.001953715 0.999739647 0.022734346 -40.021228790 -0.100437783 -0.022423251 0.994690776 432.071350098
0.994910300 -0.004950060 0.100642592 43.296890259 0.002738046 0.999751866 0.022105174 -40.213935852 -0.100727059 -0.021717098 0.994677067 434.338043213
0.994911075 -0.004276703 0.100666091 43.621875763 0.002030160 0.999746859 0.022408649 -40.388572693 -0.100736432 -0.022090247 0.994667828 436.609680176
0.994872689 -0.004658750 0.101028100 43.943168640 0.002378053 0.999739885 0.022683566 -40.575576782 -0.101107493 -0.022327011 0.994624972 438.897338867
0.994927108 -0.004781429 0.100485399 44.269172668 0.002506233 0.999737918 0.022756113 -40.757095337 -0.100567870 -0.022388835 0.994678319 441.170379639
0.994918764 -0.004042001 0.100599945 44.600898743 0.001650558 0.999714315 0.023843709 -40.959320068 -0.100667581 -0.023556504 0.994641185 443.450195312
0.994877636 -0.004671099 0.100978158 44.922637939 0.002251697 0.999707997 0.024060367 -41.142204285 -0.101061061 -0.023709754 0.994597673 445.731323242
0.994857967 -0.004406916 0.101183347 45.236804962 0.002031281 0.999720097 0.023569558 -41.326416016 -0.101258904 -0.023242828 0.994588494 447.997802734
0.994875252 -0.003869376 0.101036891 45.557151794 0.001507803 0.999724150 0.023439299 -41.513603210 -0.101099744 -0.023166830 0.994606555 450.258605957
0.994810104 -0.003382715 0.101691939 45.868656158 0.001026952 0.999730110 0.023209112 -41.702644348 -0.101742998 -0.022984223 0.994545281 452.522125244
0.994740069 -0.002768063 0.102393299 46.182186127 0.000392149 0.999730408 0.023216648 -41.877845764 -0.102429956 -0.023054380 0.994472980 454.802520752
0.994688153 -0.002750045 0.102897689 46.492286682 0.000380224 0.999734402 0.023043390 -42.068878174 -0.102933727 -0.022881860 0.994424999 457.059967041
0.994720936 -0.001859628 0.102601089 46.824279785 -0.000442031 0.999748886 0.022405790 -42.254055023 -0.102617003 -0.022332858 0.994470239 459.343719482
0.994663775 -0.000770890 0.103166878 47.137943268 -0.001601758 0.999736130 0.022913337 -42.439079285 -0.103157304 -0.022956312 0.994400084 461.624877930
0.994701385 -0.000595056 0.102803953 47.460300446 -0.001914046 0.999702752 0.024306308 -42.623992920 -0.102787852 -0.024374288 0.994404614 463.898162842
0.994749308 -0.000754218 0.102339126 47.773788452 -0.001762846 0.999698222 0.024502654 -42.801143646 -0.102326721 -0.024554407 0.994447768 466.164794922
0.994831264 -0.000814148 0.101538517 48.095661163 -0.001584180 0.999721646 0.023537010 -42.984333038 -0.101529419 -0.023576207 0.994553149 468.446258545
0.994887114 -0.000822292 0.100989826 48.424396515 -0.001516845 0.999732375 0.023083132 -43.170982361 -0.100981787 -0.023118295 0.994619668 470.738952637
0.994982898 -0.001245549 0.100037225 48.744758606 -0.001189075 0.999704659 0.024273871 -43.362358093 -0.100037903 -0.024271034 0.994687676 473.021514893
0.994950294 -0.001501791 0.100358054 49.048069000 -0.000985395 0.999693632 0.024728971 -43.548057556 -0.100364447 -0.024702985 0.994643986 475.299346924
0.995066881 -0.001043477 0.099200465 49.369255066 -0.001359420 0.999707401 0.024151955 -43.718750000 -0.099196628 -0.024167666 0.994774342 477.594848633
0.995092750 -0.001344501 0.098937392 49.686180115 -0.001098652 0.999695897 0.024635311 -43.900039673 -0.098940417 -0.024623113 0.994788647 479.878082275
0.995135486 -0.001790410 0.098498911 50.007305145 -0.000700811 0.999680877 0.025251450 -44.081279755 -0.098512694 -0.025197646 0.994816720 482.152832031
0.995134652 -0.002203802 0.098499499 50.310150146 -0.000227290 0.999695837 0.024663240 -44.262191772 -0.098523870 -0.024565632 0.994831443 484.438903809
0.995226264 -0.002433417 0.097563230 50.627906799 -0.000048428 0.999676645 0.025427878 -44.451511383 -0.097593583 -0.025311222 0.994904459 486.732025146
0.995268822 -0.002523571 0.097126551 50.937702179 0.000074058 0.999682009 0.025215166 -44.626155853 -0.097159304 -0.025088673 0.994952679 489.014678955
0.995258033 -0.002250367 0.097244844 51.241420746 -0.000227177 0.999675870 0.025458796 -44.801860809 -0.097270645 -0.025360160 0.994934797 491.309326172
0.995323181 -0.001880865 0.096581958 51.556312561 -0.000643517 0.999659121 0.026099404 -44.981746674 -0.096598104 -0.026039498 0.994982779 493.592102051
0.995296776 -0.001390897 0.096862860 51.851413727 -0.001095212 0.999671578 0.025608374 -45.155727386 -0.096866667 -0.025594020 0.994968235 495.889526367
0.995322347 -0.001185745 0.096601032 52.169464111 -0.001254890 0.999681652 0.025200447 -45.342514038 -0.096600153 -0.025203794 0.995004058 498.205322266
0.995340586 -0.000855511 0.096417338 52.475261688 -0.001661229 0.999660075 0.026019277 -45.521163940 -0.096406817 -0.026058212 0.995000780 500.501098633
0.995339751 -0.000298287 0.096429907 52.780879974 -0.002258315 0.999648809 0.026402315 -45.704185486 -0.096403919 -0.026497042 0.994989514 502.774688721
0.995363832 0.000536850 0.096179254 53.087596893 -0.003025033 0.999664426 0.025726331 -45.885448456 -0.096133180 -0.025898002 0.995031536 505.066101074
0.995342672 0.000717436 0.096397527 53.384788513 -0.003276562 0.999646306 0.026391951 -46.066711426 -0.096344508 -0.026584886 0.994992971 507.356872559
0.995356143 0.000105204 0.096260913 53.693305969 -0.002573631 0.999670982 0.025519283 -46.247734070 -0.096226573 -0.025648519 0.995028913 509.653167725
0.995413542 -0.000680626 0.095662929 54.013416290 -0.001851527 0.999650300 0.026378280 -46.434223175 -0.095647410 -0.026434420 0.995064199 511.954589844
0.995411456 -0.000302664 0.095686264 54.318840027 -0.002254232 0.999643266 0.026612438 -46.609321594 -0.095660180 -0.026706027 0.995055735 514.261108398
0.995426834 0.000274364 0.095525950 54.626369476 -0.002800659 0.999649823 0.026313094 -46.785705566 -0.095485255 -0.026460294 0.995079219 516.570007324
0.995404243 0.001112439 0.095756054 54.923137665 -0.003611992 0.999657094 0.025933977 -46.964870453 -0.095694356 -0.026160656 0.995067060 518.859802246
0.995331347 0.003193473 0.096463114 55.229759216 -0.005743600 0.999641001 0.026170213 -47.150810242 -0.096344918 -0.026602082 0.994992435 521.202026367
0.995253384 0.005261134 0.097174451 55.540546417 -0.007869053 0.999618530 0.026473761 -47.331146240 -0.096998103 -0.027112773 0.994915187 523.532836914
0.995179951 0.006075096 0.097878255 55.851184845 -0.008819535 0.999579310 0.027631089 -47.503250122 -0.097669236 -0.028361142 0.994814694 525.851989746
0.995115817 0.005391847 0.098566234 56.160282135 -0.008152015 0.999585152 0.027621925 -47.680206299 -0.098376408 -0.028290531 0.994747043 528.162170410
0.995090663 0.003755707 0.098896295 56.472991943 -0.006635878 0.999562860 0.028810324 -47.853637695 -0.098744869 -0.029325146 0.994680524 530.476013184
0.995051980 0.002013684 0.099335320 56.797431946 -0.004879139 0.999578834 0.028611792 -48.029247284 -0.099235855 -0.028954899 0.994642556 532.803405762
0.995005906 0.002016668 0.099795677 57.111953735 -0.004833123 0.999596655 0.027988506 -48.203750610 -0.099698998 -0.028331054 0.994614184 535.124938965
0.994930327 0.001859597 0.100549541 57.430206299 -0.004676205 0.999603033 0.027783711 -48.379657745 -0.100457951 -0.028113049 0.994543970 537.447143555
0.994849563 0.002354679 0.101334922 57.747024536 -0.005139302 0.999616086 0.027227098 -48.560901642 -0.101231925 -0.027607661 0.994479716 539.770324707
0.994749010 0.003027638 0.102299109 58.067493439 -0.005815949 0.999619365 0.026969196 -48.742237091 -0.102178507 -0.027422547 0.994388044 542.088073730
0.994638801 0.003410351 0.103353724 58.378040314 -0.006145653 0.999638855 0.026158575 -48.925075531 -0.103227198 -0.026653504 0.994300604 544.419006348
0.994536996 0.003407218 0.104330041 58.697349548 -0.006229550 0.999623060 0.026738051 -49.102905273 -0.104199618 -0.027241906 0.994183183 546.742370605
0.994481504 0.003575644 0.104850404 59.024566650 -0.006488292 0.999602020 0.027451182 -49.282257080 -0.104710519 -0.027979989 0.994109035 549.054870605
0.994397938 0.004111567 0.105620675 59.344245911 -0.006987689 0.999614358 0.026875068 -49.450469971 -0.105469435 -0.027462555 0.994043231 551.359802246
0.994476378 0.002460739 0.104931951 59.687110901 -0.005273538 0.999633908 0.026536919 -49.638107300 -0.104828238 -0.026943699 0.994125307 553.659545898
0.994489074 0.001990999 0.104821138 60.026031494 -0.004864565 0.999619067 0.027165476 -49.819686890 -0.104727127 -0.027525675 0.994120002 555.974243164
0.994437575 0.002204204 0.105304115 60.351100922 -0.005137506 0.999606073 0.027592406 -49.995449066 -0.105201825 -0.027979933 0.994057119 558.276123047
0.994400620 0.002672048 0.105641700 60.685176849 -0.005719902 0.999575675 0.028558420 -50.171081543 -0.105520561 -0.029002771 0.993994117 560.608276367
0.994408071 0.001706595 0.105592273 61.026737213 -0.004829369 0.999558270 0.029325282 -50.350318909 -0.105495565 -0.029671241 0.993977010 562.939025879
0.994374514 0.002285596 0.105896235 61.362033844 -0.005504313 0.999531329 0.030112730 -50.521091461 -0.105777785 -0.030526219 0.993921101 565.259033203
0.994330823 0.003141492 0.106284335 61.701328278 -0.006310316 0.999545038 0.029491438 -50.699302673 -0.106143363 -0.029994935 0.993898332 567.581542969
0.994328916 0.004236660 0.106265344 62.050247192 -0.007258201 0.999579728 0.028063310 -50.869594574 -0.106101803 -0.028675452 0.993941665 569.915527344
0.994295418 0.004881957 0.106550448 62.394683838 -0.007960864 0.999562383 0.028490076 -51.047859192 -0.106364734 -0.029175783 0.993899107 572.232177734
0.994256139 0.004486999 0.106934056 62.728107452 -0.007686746 0.999534369 0.029529255 -51.234096527 -0.106751770 -0.030181613 0.993827522 574.613769531
0.994272053 0.004485205 0.106785089 63.076843262 -0.007840303 0.999488115 0.031020112 -51.413604736 -0.106591307 -0.031679660 0.993798018 576.922424316
0.994179904 0.004997295 0.107616648 63.403827667 -0.008195227 0.999537230 0.029294223 -51.585830688 -0.107420444 -0.030005671 0.993760705 579.304199219
0.994239211 0.004345344 0.107095681 63.752182007 -0.007499275 0.999549389 0.029064544 -51.754112244 -0.106921129 -0.029700249 0.993823826 581.641479492
0.994172454 0.003612283 0.107740194 64.090187073 -0.006962909 0.999503136 0.030739168 -51.938835144 -0.107575640 -0.031310219 0.993703783 583.957946777
0.994239211 0.003698422 0.107119836 64.435340881 -0.007036772 0.999500692 0.030803433 -52.109294891 -0.106952436 -0.031379763 0.993768871 586.275756836
0.994261384 0.000848255 0.106974468 64.796058655 -0.004053823 0.999549031 0.029751847 -52.290176392 -0.106901012 -0.030014772 0.993816555 588.637207031
0.994310558 0.000446337 0.106519111 65.146240234 -0.003629191 0.999552608 0.029688630 -52.460029602 -0.106458187 -0.029906297 0.993867457 590.983947754
0.994319141 -0.001291684 0.106432192 65.483741760 -0.001926072 0.999544322 0.030124571 -52.631896973 -0.106422611 -0.030158440 0.993863463 593.318298340
0.994370937 -0.002086531 0.105934352 65.835235596 -0.001120297 0.999543130 0.030203318 -52.803016663 -0.105948992 -0.030151980 0.993914306 595.674438477
