1.000000000 0.000000000 0.000000000 0.000000000 0.000000000 1.000000000 0.000000000 0.000000000 0.000000000 0.000000000 1.000000000 0.000000000
0.999999821 0.000158139 0.000525963 0.087423265 -0.000158024 0.999999940 -0.000218472 -0.225004479 -0.000525997 0.000218389 0.999999821 2.296211958
0.999998987 0.000599658 0.001251505 0.164589345 -0.000600184 0.999999642 0.000420114 -0.464268893 -0.001251252 -0.000420865 0.999999106 4.587794781
0.999998569 0.000179916 0.001677239 0.263291925 -0.000180851 0.999999762 0.000557289 -0.695089638 -0.001677138 -0.000557592 0.999998450 6.874342918
0.999996543 0.000105719 0.002623627 0.355811417 -0.000102683 0.999999344 -0.001157389 -0.927963018 -0.002623748 0.001157115 0.999995887 9.174008369
0.999987602 0.001840949 0.004628821 0.448460996 -0.001842077 0.999998331 0.000239251 -1.164173484 -0.004628373 -0.000247775 0.999989271 11.478699684
0.999967813 0.003739752 0.007098803 0.538689256 -0.003748198 0.999992251 0.001176844 -1.389827728 -0.007094346 -0.001203413 0.999974132 13.781094551
0.999949634 0.003600258 0.009370264 0.647107482 -0.003637239 0.999985695 0.003932707 -1.619973183 -0.009355971 -0.003966591 0.999948382 16.052780151
0.999942064 0.003372349 0.010219825 0.753353119 -0.003418689 0.999983907 0.004520204 -1.842517853 -0.010204419 -0.004554879 0.999937475 18.387302399
0.999926686 0.002401698 0.011866866 0.860118389 -0.002457936 0.999985874 0.004726856 -2.070153475 -0.011855345 -0.004755678 0.999918342 20.677711487
0.999927402 0.000161672 0.012047993 0.985226691 -0.000190159 0.999997199 0.002363300 -2.297024488 -0.012047580 -0.002365420 0.999924600 22.994998932
0.999917388 -0.001951493 0.012710500 1.095525026 0.001943404 0.999997973 0.000648701 -2.522295713 -0.012711739 -0.000623946 0.999918938 25.276203156
0.999916434 -0.002852577 0.012608721 1.231540322 0.002855493 0.999995887 -0.000213292 -2.767634630 -0.012608059 0.000249278 0.999920487 27.590284348
0.999904513 -0.002448737 0.013602857 1.337572813 0.002463335 0.999996424 -0.001056515 -2.995839119 -0.013600221 0.001089923 0.999906957 29.877647400
0.999896228 -0.000071476 0.014405357 1.458503842 0.000051549 0.999999046 0.001383635 -3.228009939 -0.014405439 -0.001382748 0.999895275 32.162796021
0.999893963 0.001948960 0.014429163 1.588510990 -0.002000756 0.999991596 0.003576073 -3.449374676 -0.014422073 -0.003604563 0.999889433 34.443977356
0.999861002 0.004188637 0.016134832 1.703640103 -0.004315661 0.999959886 0.007845868 -3.686520576 -0.016101319 -0.007914411 0.999839067 36.753154755
0.999838233 0.006016220 0.016953098 1.819137096 -0.006141042 0.999954283 0.007320346 -3.904915571 -0.016908282 -0.007423272 0.999829471 39.025993347
0.999807417 0.005329781 0.018888127 1.922266960 -0.005442027 0.999967933 0.005896271 -4.111222744 -0.018856093 -0.005997926 0.999804199 41.316940308
0.999811411 0.002949958 0.019193735 2.045799255 -0.003041021 0.999984264 0.004716928 -4.335363865 -0.019179516 -0.004774407 0.999804676 43.594062805
0.999812305 0.002978242 0.019151052 2.183972597 -0.003043782 0.999989748 0.003394064 -4.555521011 -0.019140745 -0.003451718 0.999810755 45.839244843
0.999812126 0.002366938 0.019238861 2.312045336 -0.002415672 0.999993861 0.002510231 -4.786550999 -0.019232804 -0.002556234 0.999811769 48.116935730
0.999813318 0.000491409 0.019314088 2.448344707 -0.000546236 0.999995828 0.002833542 -5.016197205 -0.019312618 -0.002843563 0.999809444 50.396350861
0.999795258 -0.000310144 0.020233674 2.580557585 0.000249082 0.999995351 0.003020299 -5.240425110 -0.020234518 -0.003014640 0.999790728 52.666233063
0.999787867 -0.001554158 0.020542029 2.717267513 0.001489482 0.999993920 0.003163389 -5.473128319 -0.020546820 -0.003132121 0.999784052 54.950618744
0.999757707 -0.001982827 0.021923799 2.844472647 0.001907045 0.999992073 0.003476984 -5.704189777 -0.021930525 -0.003434331 0.999753594 57.250389099
0.999737382 -0.003220056 0.022689665 2.983089924 0.003125825 0.999986291 0.004187283 -5.931889534 -0.022702841 -0.004115258 0.999733806 59.520210266
0.999703228 -0.004954422 0.023851341 3.116512060 0.004867798 0.999981344 0.003688466 -6.158282757 -0.023869170 -0.003571268 0.999708712 61.783962250
0.999681115 -0.005600888 0.024623150 3.264165640 0.005512498 0.999978125 0.003656118 -6.385114193 -0.024643086 -0.003519216 0.999690115 64.038124084
0.999658942 -0.005321593 0.025566272 3.410473824 0.005224705 0.999978900 0.003855005 -6.605093956 -0.025586249 -0.003720114 0.999665678 66.310951233
0.999638438 -0.004413197 0.026524674 3.557070255 0.004301290 0.999981642 0.004274551 -6.833305836 -0.026543049 -0.004158916 0.999638975 68.573799133
0.999603868 -0.004531667 0.027777929 3.696262360 0.004424387 0.999982536 0.003922348 -7.058529377 -0.027795210 -0.003797893 0.999606550 70.830329895
0.999592483 -0.005301454 0.028047124 3.858623981 0.005232632 0.999983132 0.002526608 -7.283167839 -0.028060043 -0.002378818 0.999603391 73.084983826
0.999579430 -0.006170996 0.028333062 4.018903732 0.006085066 0.999976635 0.003118041 -7.514765263 -0.028351640 -0.002944321 0.999593616 75.366203308
0.999531388 -0.007430247 0.029698290 4.176243782 0.007350558 0.999969065 0.002791567 -7.748597145 -0.029718114 -0.002571960 0.999554992 77.630729675
0.999528348 -0.008379420 0.029544448 4.334536552 0.008306688 0.999962151 0.002583689 -7.982607841 -0.029564980 -0.002337054 0.999560118 79.895408630
0.999497294 -0.008883723 0.030430697 4.482883453 0.008820611 0.999958634 0.002207645 -8.200570107 -0.030449051 -0.001938117 0.999534428 82.150833130
0.999470592 -0.008088750 0.031510953 4.643681526 0.008027364 0.999965608 0.002074037 -8.431755066 -0.031526651 -0.001819990 0.999501228 84.427635193
0.999412417 -0.007862158 0.033359669 4.795739174 0.007782329 0.999966502 0.002522160 -8.651495934 -0.033378381 -0.002261062 0.999440253 86.684356689
0.999421239 -0.007620855 0.033150233 4.970919609 0.007480112 0.999962509 0.004367557 -8.892132759 -0.033182267 -0.004117063 0.999440789 88.964935303
0.999395967 -0.006680910 0.034104053 5.131779194 0.006514644 0.999966383 0.004984037 -9.119143486 -0.034136213 -0.004758850 0.999405861 91.220832825
0.999364734 -0.006628431 0.035016760 5.297297478 0.006459425 0.999966860 0.004937394 -9.341695786 -0.035048332 -0.004708068 0.999374509 93.473136902
0.999348581 -0.006933956 0.035417110 5.466247559 0.006791581 0.999968350 0.004138679 -9.557450294 -0.035444684 -0.003895444 0.999364018 95.730941772
0.999310672 -0.007498903 0.036356956 5.632742882 0.007334739 0.999962270 0.004646594 -9.779974937 -0.036390424 -0.004376723 0.999328077 97.984436035
0.999281645 -0.007396221 0.037168987 5.796216011 0.007243440 0.999964774 0.004243429 -10.012832642 -0.037199061 -0.003971149 0.999300003 100.223861694
0.999233127 -0.007594370 0.038412545 5.963104725 0.007391313 0.999957919 0.005425480 -10.232518196 -0.038452134 -0.005137399 0.999247253 102.473480225
0.999211729 -0.007825634 0.038919907 6.152285099 0.007627237 0.999957144 0.005243477 -10.451809883 -0.038959268 -0.004942492 0.999228537 104.726959229
0.999171615 -0.008427825 0.039811797 6.313260555 0.008202179 0.999949396 0.005827731 -10.680356026 -0.039858896 -0.005496361 0.999190211 107.003974915
0.999136567 -0.009881536 0.040353552 6.495377064 0.009644913 0.999935091 0.006054224 -10.898279190 -0.040410757 -0.005659790 0.999167144 109.257400513
0.999092937 -0.010940917 0.041153945 6.676854134 0.010662814 0.999918878 0.006971086 -11.124698639 -0.041226882 -0.006525947 0.999128461 111.516227722
0.999069631 -0.011468351 0.041571327 6.868470192 0.011247760 0.999921441 0.005536375 -11.345765114 -0.041631550 -0.005063640 0.999120176 113.788520813
0.999024510 -0.011696717 0.042580687 7.051090240 0.011500357 0.999922097 0.004853507 -11.566637993 -0.042634141 -0.004359079 0.999081194 116.041297913
0.998988569 -0.012100660 0.043306295 7.233999252 0.011888319 0.999916017 0.005157498 -11.793076515 -0.043365072 -0.004637443 0.999048471 118.291610718
0.998930514 -0.012539914 0.044503883 7.421646118 0.012285101 0.999906540 0.005994518 -12.019206047 -0.044574894 -0.005441373 0.998991251 120.563133240
0.998911917 -0.013467177 0.044649217 7.626566887 0.013179294 0.999890447 0.006735776 -12.247811317 -0.044735037 -0.006140001 0.998980045 122.773956299
0.998856366 -0.014366318 0.045600850 7.829386711 0.014101304 0.999881744 0.006128012 -12.469845772 -0.045683496 -0.005477973 0.998940945 125.077186584
0.998824477 -0.014863109 0.046138082 8.014481544 0.014635913 0.999879003 0.005258185 -12.692504883 -0.046210658 -0.004576730 0.998921156 127.340629578
0.998802602 -0.016452869 0.046074890 8.204643250 0.016208172 0.999852479 0.005679477 -12.910581589 -0.046161540 -0.004925885 0.998921871 129.602005005
0.998821855 -0.017612502 0.045217879 8.392663956 0.017361823 0.999831617 0.005930602 -13.125349998 -0.045314725 -0.005138550 0.998959482 131.848556519
0.998885334 -0.017876880 0.043685008 8.591774940 0.017583428 0.999820292 0.007092516 -13.342695236 -0.043803949 -0.006316480 0.999020159 134.084701538
0.998936653 -0.018900454 0.042054202 8.778256416 0.018636847 0.999804139 0.006651530 -13.562477112 -0.042171691 -0.005860698 0.999093115 136.333068848
0.999006867 -0.019795846 0.039916512 8.989471436 0.019563606 0.999789357 0.006200352 -13.776391029 -0.040030848 -0.005413284 0.999183714 138.559371948
0.998971999 -0.020460403 0.040451776 9.145153999 0.020220673 0.999775529 0.006326642 -13.999238968 -0.040572140 -0.005502176 0.999161482 140.858612061
0.998965859 -0.020757964 0.040452328 9.317852020 0.020515038 0.999769032 0.006411209 -14.207635880 -0.040576063 -0.005574699 0.999160945 143.091781616
0.999008477 -0.020914597 0.039302006 9.512084007 0.020619100 0.999756098 0.007909037 -14.438837051 -0.039457835 -0.007090822 0.999196053 145.341735840
0.999029875 -0.019982442 0.039242230 9.690154076 0.019732835 0.999782681 0.006737811 -14.652634621 -0.039368339 -0.005956915 0.999206960 147.593658447
0.999051869 -0.018995654 0.039173324 9.872973442 0.018804388 0.999809384 0.005245346 -14.870343208 -0.039265499 -0.004503742 0.999218643 149.851486206
0.999059200 -0.017649774 0.039611921 10.050809860 0.017494274 0.999837816 0.004268760 -15.090230942 -0.039680835 -0.003571762 0.999206007 152.097000122
0.999066234 -0.016872359 0.039772283 10.237585068 0.016712243 0.999850810 0.004354862 -15.308893204 -0.039839834 -0.003686112 0.999199271 154.341766357
0.999046981 -0.016332719 0.040475953 10.417952538 0.016162023 0.999859035 0.004540829 -15.524543762 -0.040544417 -0.003882329 0.999170184 156.592086792
0.999058247 -0.014751276 0.040804505 10.599112511 0.014512038 0.999875784 0.006153057 -15.750908852 -0.040890206 -0.005555106 0.999148130 158.840255737
0.999005139 -0.014017813 0.042333808 10.778760910 0.013729115 0.999880612 0.007102681 -15.967684746 -0.042428322 -0.006514410 0.999078274 161.072952271
0.998978436 -0.012587487 0.043401036 10.949001312 0.012212125 0.999885798 0.008903014 -16.190977097 -0.043508142 -0.008363901 0.999018013 163.363540649
0.998941898 -0.012339101 0.044303857 11.134710312 0.011990616 0.999895096 0.008122998 -16.396738052 -0.044399440 -0.007583173 0.998985052 165.632553101
0.998898387 -0.011673070 0.045452967 11.329531670 0.011373415 0.999911904 0.006845711 -16.611320496 -0.045528878 -0.006321212 0.998943031 167.881866455
0.998836517 -0.009816724 0.047212966 11.518929482 0.009490650 0.999929607 0.007125685 -16.826135635 -0.047279589 -0.006669313 0.998859465 170.114807129
0.998727381 -0.009581747 0.049515709 11.735866547 0.009237826 0.999931633 0.007169843 -17.051542282 -0.049581025 -0.006703301 0.998747587 172.404434204
0.998601377 -0.009810115 0.051954377 11.936402321 0.009465224 0.999931514 0.006880259 -17.265064240 -0.052018318 -0.006378875 0.998625755 174.674499512
0.998517990 -0.009481339 0.053589135 12.146722794 0.009090822 0.999930382 0.007526257 -17.484924316 -0.053656768 -0.007027935 0.998534679 176.929565430
0.998453498 -0.009903501 0.054704107 12.348718643 0.009463085 0.999920726 0.008304097 -17.695981979 -0.054782011 -0.007773585 0.998468101 179.159332275
0.998455524 -0.011542378 0.054342315 12.573693275 0.011111245 0.999904275 0.008229123 -17.921081543 -0.054432105 -0.007612603 0.998488426 181.433181763
0.998422384 -0.012347239 0.054775253 12.776632309 0.011929317 0.999897182 0.007950177 -18.132268906 -0.054867785 -0.007284203 0.998467028 183.675094604
0.998483300 -0.013799566 0.053296294 13.010673523 0.013400422 0.999879420 0.007839251 -18.358158112 -0.053398050 -0.007113170 0.998547971 185.935623169
0.998485863 -0.015583786 0.052755862 13.221694946 0.015143100 0.999847114 0.008742751 -18.576742172 -0.052884035 -0.007930625 0.998569191 188.185913086
0.998500884 -0.016438030 0.052209135 13.434209824 0.016037619 0.999838650 0.008079059 -18.784656525 -0.052333511 -0.007229636 0.998603523 190.428939819
0.998456776 -0.017134668 0.052824732 13.634880066 0.016726758 0.999826849 0.008154462 -19.004116058 -0.052955315 -0.007258293 0.998570442 192.678421021
0.998441398 -0.018870493 0.052523188 13.838437080 0.018511232 0.999801874 0.007318195 -19.214735031 -0.052650865 -0.006334519 0.998593032 194.919067383
0.998474956 -0.018511694 0.052010771 14.046898842 0.018159341 0.999808967 0.007239086 -19.426240921 -0.052134838 -0.006283564 0.998620331 197.150695801
0.998460889 -0.016042661 0.053089976 14.253490448 0.015645267 0.999846339 0.007892483 -19.653446198 -0.053208444 -0.007049728 0.998558521 199.413543701
0.998470247 -0.014361245 0.053394143 14.460001945 0.013978781 0.999873877 0.007529591 -19.867185593 -0.053495549 -0.006771686 0.998545229 201.654403687
0.998460710 -0.013762355 0.053727936 14.677112579 0.013417537 0.999886990 0.006773337 -20.082344055 -0.053815089 -0.006042014 0.998532653 203.909133911
0.998424828 -0.013948876 0.054344133 14.879247665 0.013562115 0.999880016 0.007479200 -20.293651581 -0.054441940 -0.006730397 0.998494208 206.136581421
0.998413861 -0.015459245 0.054136459 15.122498512 0.015062870 0.999856651 0.007722193 -20.519220352 -0.054248087 -0.006894494 0.998503625 208.395736694
0.998355150 -0.014939728 0.055350561 15.330514908 0.014531267 0.999864101 0.007774698 -20.722255707 -0.055459186 -0.006957595 0.998436749 210.641174316
0.998280227 -0.014857196 0.056707598 15.547794342 0.014345461 0.999852717 0.009420587 -20.952896118 -0.056839205 -0.008590889 0.998346388 212.888244629
0.998218656 -0.013358874 0.058147736 15.784519196 0.012825173 0.999872267 0.009541906 -21.162748337 -0.058267768 -0.008779154 0.998262346 215.120285034
0.998041451 -0.011410492 0.061505225 16.003852844 0.010837375 0.999894798 0.009643714 -21.375978470 -0.061608784 -0.008958273 0.998060107 217.415084839
0.997903705 -0.011324822 0.063718058 16.232248306 0.010710280 0.999892831 0.009977991 -21.586221695 -0.063824214 -0.009274635 0.997918069 219.666213989
0.997774065 -0.012742893 0.065456368 16.469398499 0.012075227 0.999871016 0.010585660 -21.794002533 -0.065582827 -0.009771696 0.997799218 221.903625488
0.997668087 -0.014409732 0.066714220 16.706546783 0.013682292 0.999841928 0.011347958 -21.999885559 -0.066867210 -0.010408691 0.997707546 224.139892578
0.997602642 -0.016599322 0.067181669 16.963102341 0.015909795 0.999815285 0.010785686 -22.215181351 -0.067348279 -0.009690982 0.997682452 226.379409790
0.997554362 -0.017752143 0.067602746 17.202693939 0.017091591 0.999800503 0.010337069 -22.417320251 -0.067772776 -0.009156349 0.997658908 228.636901855
0.997520387 -0.018053753 0.068023428 17.447668076 0.017374735 0.999793231 0.010560632 -22.624885559 -0.068200022 -0.009352554 0.997627854 230.876937866
0.997452140 -0.019213427 0.068702318 17.688566208 0.018592015 0.999780416 0.009673029 -22.833646774 -0.068873070 -0.008371071 0.997590363 233.117370605
0.997462153 -0.019390455 0.068507813 17.960121155 0.018696308 0.999767303 0.010759112 -23.045160294 -0.068700500 -0.009450962 0.997592568 235.402664185
0.997425616 -0.019256666 0.069075182 18.205692291 0.018549401 0.999768913 0.010865987 -23.250564575 -0.069268458 -0.009556710 0.997552276 237.642990112
0.997380257 -0.018722340 0.069871977 18.444446564 0.018022873 0.999781013 0.010627852 -23.452415466 -0.070055678 -0.009340716 0.997499347 239.866989136
0.997344375 -0.018967049 0.070316821 18.690999985 0.018249830 0.999774814 0.010828349 -23.657205582 -0.070506342 -0.009516321 0.997465909 242.097396851
0.997305989 -0.019481834 0.070718564 18.939470291 0.018758554 0.999764860 0.010877362 -23.858753204 -0.070913859 -0.009521484 0.997437000 244.333877563
0.997262180 -0.019507056 0.071326964 19.186468124 0.018828599 0.999770999 0.010171990 -24.071012497 -0.071509056 -0.008801155 0.997401237 246.565170288
0.997281313 -0.019085221 0.071173795 19.448158264 0.018461188 0.999785364 0.009415294 -24.282533646 -0.071338199 -0.008075744 0.997419417 248.808486938
0.997271061 -0.019318605 0.071254946 19.708314896 0.018651960 0.999775946 0.010009351 -24.495779037 -0.071432352 -0.008652993 0.997407854 251.049606323
0.997252166 -0.020845631 0.071088456 19.968866348 0.020185539 0.999746323 0.009991308 -24.706844330 -0.071278699 -0.008528897 0.997419953 253.281799316
0.997241497 -0.020700974 0.071280405 20.227148056 0.019986283 0.999742687 0.010725199 -24.915910721 -0.071484089 -0.009270984 0.997398674 255.533905029
0.997202694 -0.021268781 0.071654618 20.467327118 0.020540167 0.999729753 0.010890066 -25.123073578 -0.071866855 -0.009387804 0.997370124 257.754669189
0.997158647 -0.021808363 0.072104551 20.725931168 0.021034369 0.999712884 0.011476434 -25.335193634 -0.072334155 -0.009927154 0.997330964 260.010192871
0.997127712 -0.021509830 0.072619863 20.983667374 0.020777248 0.999725461 0.010828371 -25.538324356 -0.072832845 -0.009288429 0.997300863 262.257995605
0.997101784 -0.021363741 0.073018275 21.244575500 0.020661600 0.999732852 0.010357964 -25.744182587 -0.073220052 -0.008819271 0.997276783 264.519317627
0.997072041 -0.020539727 0.073656984 21.505830765 0.019870097 0.999754429 0.009812514 -25.954416275 -0.073840447 -0.008320212 0.997235358 266.761596680
0.997008383 -0.019800579 0.074714378 21.765056610 0.019118171 0.999768794 0.009837809 -26.158922195 -0.074891895 -0.008379978 0.997156441 269.008514404
0.996921659 -0.019679753 0.075894296 22.034236908 0.019029992 0.999775887 0.009275179 -26.369728088 -0.076059803 -0.007802360 0.997072756 271.259979248
0.996837437 -0.020582793 0.076756179 22.305212021 0.019894268 0.999754786 0.009724238 -26.583473206 -0.076937519 -0.008166477 0.997002482 273.502044678
0.996620059 -0.021105157 0.079390503 22.552230835 0.020336699 0.999738276 0.010475673 -26.789955139 -0.079590812 -0.008825726 0.996788561 275.748321533
0.996530950 -0.021025660 0.080522500 22.833356857 0.020158395 0.999729812 0.011568408 -26.988235474 -0.080743976 -0.009905072 0.996685684 277.990478516
0.996458411 -0.020045524 0.081662931 23.120262146 0.019055471 0.999735415 0.012885117 -27.204589844 -0.081899591 -0.011283359 0.996576726 280.243896484
0.996381998 -0.019657172 0.082683988 23.404539108 0.018555818 0.999728918 0.014067527 -27.413301468 -0.082938105 -0.012482360 0.996476591 282.479583740
0.996293426 -0.019064266 0.083881855 23.678642273 0.017966093 0.999742925 0.013827423 -27.605360031 -0.084123932 -0.012269138 0.996379793 284.718292236
0.996186137 -0.017957961 0.085386075 23.947940826 0.016896401 0.999770939 0.013138972 -27.801637650 -0.085602470 -0.011646143 0.996261358 286.947509766
0.996170998 -0.017029691 0.085751668 24.235403061 0.016086368 0.999802530 0.011679661 -27.988286972 -0.085933626 -0.010255507 0.996248066 289.204498291
0.996100664 -0.017726615 0.086424500 24.509206772 0.016758367 0.999788523 0.011916121 -28.197225571 -0.086617470 -0.010421322 0.996187150 291.430877686
0.996078134 -0.017894566 0.086649537 24.786787033 0.017064709 0.999801219 0.010308441 -28.390926361 -0.086816780 -0.008789365 0.996185541 293.707183838
0.996114075 -0.018493850 0.086109087 25.074028015 0.017730480 0.999796510 0.009621589 -28.597408295 -0.086269513 -0.008057445 0.996239185 295.932128906
0.996113956 -0.018351188 0.086140253 25.356622696 0.017575396 0.999797940 0.009755990 -28.808719635 -0.086301893 -0.008204130 0.996235251 298.167541504
0.996112764 -0.017720150 0.086287066 25.638330460 0.016933996 0.999808311 0.009834400 -29.012504578 -0.086444795 -0.008334986 0.996221781 300.406433105
0.996043861 -0.017527765 0.087117411 25.897991180 0.016642893 0.999802351 0.010873252 -29.227790833 -0.087290779 -0.009380350 0.996138692 302.643707275
0.996060014 -0.017830899 0.086869955 26.188274384 0.016923983 0.999794424 0.011165335 -29.435478210 -0.087051190 -0.009651156 0.996157110 304.888732910
0.996029437 -0.017379180 0.087311327 26.475597382 0.016453646 0.999800801 0.011308922 -29.640111923 -0.087490469 -0.009827431 0.996116877 307.131164551
0.996035039 -0.018185165 0.087083109 26.763990402 0.017260933 0.999786675 0.011354511 -29.855628967 -0.087270990 -0.009806356 0.996136367 309.382232666
0.995984852 -0.019446136 0.087383769 27.049716949 0.018475911 0.999758482 0.011898219 -30.062456131 -0.087594032 -0.010235953 0.996103644 311.644195557
0.995952129 -0.018692255 0.087920479 27.333805084 0.017780276 0.999779820 0.011144603 -30.268592834 -0.088109449 -0.009536241 0.996065080 313.888641357
0.995969057 -0.018389245 0.087791704 27.627536774 0.017418033 0.999778450 0.011816101 -30.477855682 -0.087989524 -0.010239311 0.996068776 316.139068604
0.995914519 -0.016475914 0.088785134 27.911991119 0.015565939 0.999819100 0.010931861 -30.685594559 -0.088949189 -0.009505174 0.995990813 318.386535645
0.995911241 -0.015227532 0.089043595 28.193307877 0.014245236 0.999830604 0.011656731 -30.893575668 -0.089206018 -0.010340622 0.995959520 320.625946045
0.995849967 -0.013678734 0.089976378 28.474037170 0.012701735 0.999854088 0.011422041 -31.100847244 -0.090119503 -0.010231783 0.995878398 322.856567383
0.995801330 -0.012762194 0.090646490 28.755962372 0.011740448 0.999861479 0.011796061 -31.300899506 -0.090784475 -0.010682303 0.995813191 325.095947266
0.995804489 -0.012582510 0.090637289 29.054861069 0.011427666 0.999846935 0.013249095 -31.516727448 -0.090790108 -0.012157734 0.995795846 327.323242188
0.995767057 -0.013392744 0.090931781 29.340375900 0.012234512 0.999836922 0.013282875 -31.726776123 -0.091094822 -0.012114142 0.995768666 329.562469482
0.995785832 -0.014933656 0.090484984 29.642179489 0.013854024 0.999825239 0.012548011 -31.928073883 -0.090656571 -0.011241547 0.995818734 331.798797607
0.995796800 -0.014529179 0.090430208 29.932754517 0.013464390 0.999832809 0.012373674 -32.134185791 -0.090594880 -0.011104077 0.995825946 334.018859863
0.995759785 -0.014485751 0.090844117 30.219221115 0.013307860 0.999819636 0.013558448 -32.334976196 -0.091024116 -0.012292016 0.995772958 336.249725342
0.995821059 -0.015139686 0.090061381 30.526865005 0.013987461 0.999812186 0.013411227 -32.533523560 -0.090247504 -0.012095453 0.995845914 338.483917236
0.995813251 -0.015187860 0.090140186 30.811935425 0.014004804 0.999807477 0.013742640 -32.740425110 -0.090331554 -0.012422708 0.995834291 340.726531982
0.995862782 -0.015472336 0.089542627 31.111303329 0.014309651 0.999805093 0.013612167 -32.945941925 -0.089735754 -0.012274527 0.995889962 342.970428467
0.995884478 -0.015811022 0.089241914 31.401868820 0.014615136 0.999794662 0.014038112 -33.144805908 -0.089445539 -0.012676055 0.995911002 345.214538574
0.995920837 -0.015437895 0.088901058 31.694046021 0.014232875 0.999798238 0.014172655 -33.343746185 -0.089101911 -0.012849523 0.995939612 347.454040527
0.995970070 -0.015391370 0.088355787 31.982177734 0.014192940 0.999798775 0.014175986 -33.544025421 -0.088556223 -0.012864830 0.995988011 349.695068359
0.995977044 -0.014941437 0.088354439 32.264873505 0.013702171 0.999799311 0.014616024 -33.747573853 -0.088555083 -0.013346577 0.995981812 351.934967041
0.996013463 -0.015295389 0.087881692 32.550971985 0.014047605 0.999791801 0.014799428 -33.943000793 -0.088089742 -0.013505900 0.996020973 354.163787842
0.996044517 -0.014939999 0.087590665 32.835449219 0.013725312 0.999801338 0.014453702 -34.144748688 -0.087789215 -0.013194321 0.996051669 356.401062012
0.996090472 -0.014989149 0.087057807 33.125053406 0.013746670 0.999795318 0.014853914 -34.343383789 -0.087262630 -0.013599088 0.996092439 358.634429932
0.996140718 -0.014547960 0.086557701 33.415618896 0.013230762 0.999788046 0.015771890 -34.544788361 -0.086768799 -0.014565794 0.996121943 360.876373291
0.996209443 -0.014782409 0.085721672 33.709751129 0.013470951 0.999783516 0.015857359 -34.746067047 -0.085937530 -0.014642502 0.996192873 363.124542236
0.996264458 -0.014680492 0.085097909 33.999374390 0.013346815 0.999779463 0.016220085 -34.942100525 -0.085317247 -0.015023711 0.996240556 365.364715576
0.996308565 -0.014747239 0.084569834 34.283367157 0.013479400 0.999788344 0.015543100 -35.139148712 -0.084781148 -0.014345772 0.996296346 367.618041992
0.996320307 -0.015313787 0.084329069 34.561443329 0.014065543 0.999782801 0.015376363 -35.338817596 -0.084546231 -0.014133645 0.996319294 369.868560791
0.996326685 -0.015511726 0.084217928 34.840469360 0.014347570 0.999793291 0.014410848 -35.530265808 -0.084424056 -0.013149589 0.996343195 372.121276855
0.996397674 -0.015002759 0.083466463 35.125080109 0.013826588 0.999797046 0.014651828 -35.738204956 -0.083669342 -0.013444988 0.996402860 374.360809326
0.996480465 -0.014968859 0.082477644 35.412338257 0.013776915 0.999792576 0.015001938 -35.931976318 -0.082685098 -0.013812849 0.996479988 376.608612061
0.996392906 -0.014639187 0.083587654 35.677398682 0.013381021 0.999788880 0.015592515 -36.129287720 -0.083798267 -0.014417786 0.996378422 378.877044678
0.996397018 -0.015293381 0.083420269 35.957298279 0.014019488 0.999776304 0.015835252 -36.330795288 -0.083643779 -0.014608689 0.996388614 381.119720459
0.996413171 -0.015299558 0.083226480 36.240737915 0.014024478 0.999775469 0.015883740 -36.522815704 -0.083450794 -0.014659560 0.996404052 383.379180908
0.996418238 -0.014503998 0.083308853 36.521896362 0.013205646 0.999782920 0.016114779 -36.723022461 -0.083524495 -0.014956908 0.996393442 385.632202148
0.996425569 -0.013456753 0.083396532 36.801696777 0.012153777 0.999796450 0.016111920 -36.912956238 -0.083596371 -0.015040744 0.996386170 387.894531250
0.996452451 -0.012402942 0.083238922 37.086059570 0.011108440 0.999810338 0.015996795 -37.116054535 -0.083421536 -0.015015392 0.996401191 390.162872314
0.996438444 -0.010839345 0.083623454 37.361042023 0.009526282 0.999825180 0.016085187 -37.318595886 -0.083783194 -0.015231278 0.996367574 392.441223145
0.996445715 -0.009342074 0.083717346 37.639606476 0.007905852 0.999816120 0.017470771 -37.514610291 -0.083865143 -0.016746821 0.996336401 394.700958252
0.996389151 -0.008308443 0.084495634 37.912498474 0.006832363 0.999819219 0.017743517 -37.709781647 -0.084627792 -0.017102147 0.996265769 396.968933105
0.996337831 -0.007871786 0.085141137 38.191665649 0.006507866 0.999846220 0.016285229 -37.912048340 -0.085256219 -0.015671503 0.996235788 399.235107422
0.996270776 -0.007804797 0.085927606 38.465373993 0.006481191 0.999856114 0.015671963 -38.108898163 -0.086037584 -0.015056605 0.996178031 401.502746582
0.996142030 -0.008898104 0.087304421 38.736106873 0.007454722 0.999830306 0.016844891 -38.305122375 -0.087439507 -0.016129069 0.996039212 403.748687744
0.996131837 -0.010668993 0.087221518 39.016429901 0.009143823 0.999798477 0.017867057 -38.502899170 -0.087394558 -0.017000405 0.996028662 406.031951904
0.996069491 -0.011212214 0.087862514 39.294368744 0.009687644 0.999795377 0.017758988 -38.697059631 -0.088043645 -0.016838009 0.995974302 408.287780762
0.996066093 -0.009371356 0.088115625 39.605449677 0.007935482 0.999830186 0.016631514 -38.884235382 -0.088256523 -0.015866848 0.995971322 410.571441650
0.995995998 -0.008845828 0.088958710 39.887126923 0.007342783 0.999825001 0.017209047 -39.086761475 -0.089095384 -0.016486937 0.995886683 412.828704834
0.995949149 -0.006568993 0.089677252 40.192443848 0.005095049 0.999848306 0.016655125 -39.293945312 -0.089773037 -0.016130751 0.995831549 415.099182129
0.995859623 -0.005380518 0.090744391 40.485973358 0.003880949 0.999853134 0.016693549 -39.490718842 -0.090820879 -0.016272258 0.995734215 417.366180420
0.995806575 -0.005870963 0.091295041 40.781414032 0.004364094 0.999851048 0.016696358 -39.690792084 -0.091379479 -0.016227923 0.995683849 419.615051270
0.995707631 -0.005869339 0.092368230 41.067966461 0.004339680 0.999850214 0.016752597 -39.884998322 -0.092452727 -0.016279837 0.995583951 421.866516113
0.995621741 -0.005855193 0.093291782 41.355491638 0.004346891 0.999856651 0.016362589 -40.080684662 -0.093374223 -0.015885416 0.995504320 424.123199463
0.995559335 -0.006190229 0.093931444 41.656295776 0.004556470 0.999834776 0.017597612 -40.278789520 -0.094024837 -0.017091475 0.995423079 426.402526855
0.995517433 -0.005222234 0.094433777 41.954090118 0.003530734 0.999830484 0.018070247 -40.470142365 -0.094512135 -0.017655825 0.995367110 428.658538818
0.995441735 -0.004612252 0.095260359 42.257976532 0.002835331 0.999819577 0.018780250 -40.663307190 -0.095329799 -0.018424548 0.995275199 430.938964844
0.995437384 -0.004964022 0.095286995 42.564666748 0.003152766 0.999811649 0.019149572 -40.865268707 -0.095364116 -0.018761784 0.995265663 433.222961426
0.995413482 -0.005592198 0.095502160 42.874347687 0.003841201 0.999821305 0.018508639 -41.065605164 -0.095588602 -0.018056910 0.995257139 435.490356445
0.995386899 -0.004731093 0.095825769 43.181400299 0.002967373 0.999823868 0.018539632 -41.246261597 -0.095896564 -0.018169757 0.995225549 437.756469727
0.995349526 -0.005233778 0.096188106 43.489524841 0.003422663 0.999814034 0.018984253 -41.443271637 -0.096269570 -0.018566744 0.995182097 440.039855957
0.995372415 -0.005243542 0.095948927 43.801216125 0.003423335 0.999811232 0.019125357 -41.633731842 -0.096031085 -0.018708391 0.995202541 442.313476562
0.995406449 -0.004615312 0.095629372 44.140754700 0.002717266 0.999797046 0.019968668 -41.839122772 -0.095702112 -0.019617090 0.995216727 444.616210938
0.995353639 -0.005022695 0.096155860 44.447498322 0.003108738 0.999794245 0.020044204 -42.028339386 -0.096236758 -0.019652154 0.995164454 446.894592285
0.995344341 -0.004994848 0.096253447 44.752296448 0.003122745 0.999803126 0.019590564 -42.222557068 -0.096332349 -0.019198785 0.995163977 449.160369873
0.995353818 -0.004198903 0.096193120 45.063373566 0.002356713 0.999811769 0.019256564 -42.416313171 -0.096255869 -0.018940397 0.995176375 451.426422119
0.995289564 -0.003972767 0.096865110 45.364395142 0.002119295 0.999812841 0.019229943 -42.618274689 -0.096923381 -0.018934080 0.995111704 453.690124512
0.995193899 -0.003109270 0.097874865 45.665054321 0.001242592 0.999816239 0.019127257 -42.800193787 -0.097916357 -0.018913712 0.995014906 455.970550537
0.995174408 -0.003505254 0.098059170 45.969779968 0.001643731 0.999817133 0.019058026 -43.002090454 -0.098108031 -0.018804876 0.994998097 458.235198975
0.995207548 -0.002679772 0.097749479 46.293498993 0.000890490 0.999831319 0.018343801 -43.197612762 -0.097782180 -0.018168842 0.995041966 460.524810791
0.995190203 -0.001554435 0.097949155 46.604156494 -0.000296952 0.999821663 0.018884106 -43.391555786 -0.097961023 -0.018822361 0.995012343 462.810333252
0.995170891 -0.001262520 0.098149426 46.909412384 -0.000711301 0.999798298 0.020072769 -43.582672119 -0.098154977 -0.020045651 0.994969189 465.084472656
0.995183289 -0.001310522 0.098023191 47.210197449 -0.000695371 0.999791265 0.020426486 -43.770103455 -0.098029472 -0.020396262 0.994974434 467.353179932
0.995322168 -0.001474159 0.096600182 47.530765533 -0.000409257 0.999810278 0.019474307 -43.961994171 -0.096610561 -0.019422743 0.995132744 469.634948730
0.995405197 -0.001303357 0.095743455 47.850635529 -0.000490490 0.999824762 0.018710051 -44.152694702 -0.095751069 -0.018671041 0.995230198 471.927032471
0.995480239 -0.001913798 0.094949357 48.156040192 0.000031009 0.999803543 0.019826921 -44.351444244 -0.094968639 -0.019734362 0.995284617 474.209014893
0.995418847 -0.002104080 0.095587201 48.445468903 0.000162095 0.999793470 0.020319600 -44.547309875 -0.095610224 -0.020211015 0.995213568 476.490051270
0.995557666 -0.001926436 0.094134212 48.752296448 0.000093882 0.999810398 0.019468013 -44.725101471 -0.094153889 -0.019372689 0.995369136 478.777740479
0.995581388 -0.002106698 0.093878880 49.057685852 0.000209258 0.999795616 0.020216841 -44.918579102 -0.093902282 -0.020107865 0.995378315 481.062896729
0.995612741 -0.002757850 0.093529269 49.364692688 0.000813057 0.999782920 0.020825155 -45.111297607 -0.093566380 -0.020657744 0.995398641 483.339965820
0.995610237 -0.003188890 0.093542464 49.657295227 0.001318109 0.999798000 0.020054242 -45.300323486 -0.093587525 -0.019842906 0.995413363 485.628845215
0.995681286 -0.002875726 0.092792869 49.959712982 0.000939610 0.999781072 0.020901872 -45.495071411 -0.092832662 -0.020724412 0.995465994 487.938995361
0.995733857 -0.002900627 0.092226043 50.261192322 0.000998422 0.999785960 0.020664912 -45.679714203 -0.092266247 -0.020484675 0.995523572 490.225311279
0.995729446 -0.002272265 0.092291251 50.555400848 0.000323277 0.999776721 0.021127267 -45.866409302 -0.092318654 -0.021007203 0.995507896 492.521972656
0.995762587 -0.001733732 0.091944791 50.855152130 -0.000256894 0.999765933 0.021633981 -46.055213928 -0.091960788 -0.021565929 0.995529056 494.805664062
0.995758414 -0.001290215 0.091996796 51.142578125 -0.000668967 0.999773681 0.021262186 -46.243087769 -0.092003413 -0.021233542 0.995532215 497.110961914
0.995785952 -0.000917365 0.091703549 51.452484131 -0.000996122 0.999782801 0.020818058 -46.440200806 -0.091702729 -0.020821676 0.995568633 499.424194336
0.995812595 -0.000874448 0.091413744 51.745891571 -0.001095853 0.999768138 0.021501260 -46.627986908 -0.091411345 -0.021511396 0.995580852 501.716674805
0.995831966 -0.000667701 0.091204531 52.039821625 -0.001331679 0.999760151 0.021859312 -46.821868896 -0.091197260 -0.021889657 0.995592177 503.998596191
0.995846927 0.000378101 0.091041721 52.332889557 -0.002308268 0.999774754 0.021096556 -47.011566162 -0.091013238 -0.021219090 0.995623589 506.285095215
0.995834053 0.000782583 0.091180936 52.618797302 -0.002766875 0.999762058 0.021637771 -47.201267242 -0.091142319 -0.021799913 0.995599210 508.575439453
0.995854437 0.000158022 0.090960935 52.918052673 -0.002072430 0.999778330 0.020952418 -47.394252777 -0.090937465 -0.021054069 0.995633960 510.861816406
0.995912135 -0.000639112 0.090325251 53.224788666 -0.001328713 0.999763250 0.021724181 -47.589286804 -0.090317726 -0.021755394 0.995675325 513.167602539
0.995911419 -0.000243153 0.090334393 53.517414093 -0.001737917 0.999759853 0.021851100 -47.774593353 -0.090318002 -0.021918755 0.995671690 515.470336914
0.995939612 0.000292925 0.090023287 53.812843323 -0.002265031 0.999759674 0.021805242 -47.965778351 -0.089995265 -0.021920610 0.995700955 517.771423340
0.995912790 0.001342206 0.090310015 54.098598480 -0.003276680 0.999768257 0.021275517 -48.153602600 -0.090260528 -0.021484476 0.995686471 520.072814941
0.995880425 0.002943397 0.090629905 54.396804810 -0.004941121 0.999749541 0.021826169 -48.350650787 -0.090542972 -0.022184065 0.995645463 522.410888672
0.995733857 0.005198751 0.092125244 54.677570343 -0.007256282 0.999731302 0.022013184 -48.538398743 -0.091986060 -0.022587758 0.995504081 524.731689453
0.995739162 0.006075451 0.092013307 54.988357544 -0.008239224 0.999697864 0.023154289 -48.727691650 -0.091844849 -0.023813749 0.995488524 527.067687988
0.995663762 0.005572870 0.092857257 55.276634216 -0.007757746 0.999701083 0.023185089 -48.916290283 -0.092700295 -0.023804914 0.995409429 529.376770020
0.995609105 0.003686557 0.093535319 55.570575714 -0.006019494 0.999677479 0.024671912 -49.102222443 -0.093414187 -0.025126614 0.995310187 531.691162109
0.995556712 0.002096748 0.094140336 55.877235413 -0.004413443 0.999692500 0.024407485 -49.285614014 -0.094060205 -0.024714524 0.995259643 534.016418457
0.995523393 0.002212340 0.094488993 56.182853699 -0.004479750 0.999706864 0.023791175 -49.468544006 -0.094408661 -0.024107957 0.995241582 536.332397461
0.995432436 0.001875743 0.095450230 56.485855103 -0.004143054 0.999713838 0.023561219 -49.655757904 -0.095378734 -0.023849057 0.995155334 538.652648926
0.995347619 0.002275842 0.096322067 56.786781311 -0.004517996 0.999723732 0.023065984 -49.847030640 -0.096242957 -0.023393854 0.995082915 540.970642090
0.995261252 0.003108138 0.097187370 57.094940186 -0.005334136 0.999729156 0.022652771 -50.035682678 -0.097090632 -0.023063833 0.995008290 543.299987793
0.995191276 0.003535405 0.097886257 57.412097931 -0.005690231 0.999747276 0.021743156 -50.222881317 -0.097784676 -0.022195596 0.994960070 545.624816895
0.995078981 0.003807060 0.099011540 57.714012146 -0.006017763 0.999738991 0.022038681 -50.412994385 -0.098901801 -0.022526054 0.994842231 547.960876465
0.995003700 0.003496062 0.099776082 58.025062561 -0.005824559 0.999717176 0.023055466 -50.608016968 -0.099667259 -0.023521429 0.994742751 550.281250000
0.994906604 0.003713857 0.100731783 58.330318451 -0.006028868 0.999724448 0.022687249 -50.789207458 -0.100619763 -0.023178995 0.994654894 552.588500977
0.994935334 0.001808243 0.100500688 58.647983551 -0.004116585 0.999732375 0.022765776 -50.993980408 -0.100432634 -0.023064196 0.994676471 554.883605957
0.994989276 0.001316611 0.099973068 58.979858398 -0.003661840 0.999722302 0.023278730 -51.180438995 -0.099914640 -0.023528172 0.994717777 557.190490723
0.994905651 0.001564387 0.100798257 59.290626526 -0.003976575 0.999710321 0.023734367 -51.366401672 -0.100731932 -0.024014289 0.994623721 559.497741699
0.994868159 0.002087866 0.101157546 59.613555908 -0.004632262 0.999678612 0.024924440 -51.555107117 -0.101072989 -0.025265122 0.994558156 561.831909180
0.994844675 0.001677682 0.101396099 59.940475464 -0.004299117 0.999661922 0.025640421 -51.739017487 -0.101318799 -0.025944153 0.994515657 564.167419434
0.994823635 0.002142566 0.101593167 60.269741058 -0.004848491 0.999639750 0.026395474 -51.922206879 -0.101500034 -0.026751414 0.994475782 566.486572266
0.994779766 0.003184606 0.101995528 60.600688934 -0.005853840 0.999647737 0.025881493 -52.109756470 -0.101877198 -0.026343450 0.994448066 568.815734863
0.994754553 0.004256088 0.102201395 60.937580109 -0.006786520 0.999678612 0.024424333 -52.288921356 -0.102064595 -0.024989812 0.994463861 571.149108887
0.994763851 0.004608564 0.102095611 61.282028198 -0.007160385 0.999670684 0.024642058 -52.474826813 -0.101948440 -0.025244072 0.994469404 573.470214844
0.994691968 0.004504623 0.102798142 61.595191956 -0.007195531 0.999640644 0.025820829 -52.670845032 -0.102644891 -0.026423460 0.994367003 575.874267578
0.994676471 0.004423222 0.102952249 61.925991058 -0.007244061 0.999607980 0.027041739 -52.859054565 -0.102792285 -0.027643571 0.994318724 578.192382812
0.994613409 0.004998294 0.103533722 62.257644653 -0.007729055 0.999632299 0.025991200 -53.053092957 -0.103365764 -0.026651410 0.994286239 580.590393066
0.994676828 0.004249695 0.102956057 62.596652985 -0.006929246 0.999646127 0.025682518 -53.227752686 -0.102810472 -0.026259212 0.994354308 582.929260254
0.994612873 0.003313549 0.103605546 62.920188904 -0.006190042 0.999603868 0.027454706 -53.427268982 -0.103473514 -0.027948132 0.994239450 585.239501953
0.994674087 0.003481389 0.103012033 63.255851746 -0.006355586 0.999599159 0.027586503 -53.604911804 -0.102874726 -0.028094281 0.994297445 587.557434082
0.994672418 0.000509119 0.103084847 63.599784851 -0.003269731 0.999640465 0.026612781 -53.798400879 -0.103034236 -0.026808059 0.994316459 589.916198730
0.994705141 0.000153647 0.102769695 63.940124512 -0.002879958 0.999647796 0.026380504 -53.973052979 -0.102729462 -0.026536791 0.994355321 592.265441895
0.994711459 -0.001812882 0.102692783 64.268348694 -0.000977105 0.999631941 0.027111463 -54.156921387 -0.102704130 -0.027068425 0.994343579 594.603637695
0.994732261 -0.002500918 0.102476969 64.609878540 -0.000319464 0.999621868 0.027496450 -54.340068817 -0.102506988 -0.027384346 0.994355261 596.963317871
