1.000000000 0.000000000 0.000000000 0.000000000 0.000000000 1.000000000 0.000000000 0.000000000 0.000000000 0.000000000 1.000000000 0.000000000
0.999999881 -0.000008149 0.000432060 0.089854121 0.000008247 1.000000000 -0.000226797 -0.225909203 -0.000432058 0.000226800 0.999999881 2.294035435
0.999999344 0.000221154 0.001106027 0.168093562 -0.000221520 0.999999940 0.000330953 -0.465936482 -0.001105954 -0.000331198 0.999999344 4.581833363
0.999998689 -0.000179584 0.001616073 0.266272724 0.000178933 0.999999881 0.000402950 -0.695827127 -0.001616146 -0.000402661 0.999998629 6.865474224
0.999996841 -0.000331413 0.002481232 0.360708714 0.000334618 0.999999106 -0.001291324 -0.929114282 -0.002480802 0.001292150 0.999996066 9.158159256
0.999987721 0.001440707 0.004731847 0.449881554 -0.001441073 0.999998987 0.000073930 -1.165011168 -0.004731737 -0.000080748 0.999988854 11.466755867
0.999969840 0.003317661 0.007020687 0.548788369 -0.003326904 0.999993622 0.001305279 -1.396835327 -0.007016311 -0.001328596 0.999974430 13.745561600
0.999951541 0.003164814 0.009320007 0.655973852 -0.003201419 0.999987245 0.003915302 -1.625705242 -0.009307497 -0.003944950 0.999948919 16.016239166
0.999948263 0.003288578 0.009617966 0.764727294 -0.003337894 0.999981284 0.005115922 -1.853004813 -0.009600963 -0.005147761 0.999940634 18.304515839
0.999932051 0.002387478 0.011412759 0.869939864 -0.002447538 0.999983251 0.005251427 -2.077621937 -0.011400032 -0.005279003 0.999921083 20.592502594
0.999932110 -0.000076708 0.011650264 0.989445448 0.000044931 0.999996245 0.002727841 -2.301953316 -0.011650432 -0.002727132 0.999928355 22.889345169
0.999919891 -0.002128159 0.012471743 1.095056534 0.002121920 0.999997616 0.000513495 -2.520462513 -0.012472807 -0.000486990 0.999922097 25.172828674
0.999921918 -0.003165100 0.012089604 1.233082771 0.003164953 0.999994993 0.000031227 -2.769689322 -0.012089643 0.000007038 0.999926865 27.444543839
0.999902248 -0.002779895 0.013710108 1.328176498 0.002793971 0.999995708 -0.001007642 -2.994256496 -0.013707246 0.001045849 0.999905467 29.730169296
0.999906838 -0.000822899 0.013624174 1.464829206 0.000802801 0.999998510 0.001480564 -3.225265026 -0.013625372 -0.001469489 0.999906063 32.006916046
0.999906898 0.001118509 0.013600325 1.594369292 -0.001170997 0.999991894 0.003851919 -3.448299885 -0.013595909 -0.003867487 0.999900103 34.286575317
0.999872029 0.003253107 0.015664237 1.697304249 -0.003383870 0.999959588 0.008328668 -3.685673714 -0.015636513 -0.008380610 0.999842584 36.593914032
0.999845803 0.005090222 0.016802933 1.808714628 -0.005225498 0.999954164 0.008016690 -3.904105663 -0.016761359 -0.008103259 0.999826670 38.865634918
0.999831915 0.003830061 0.017928971 1.921988726 -0.003939394 0.999973834 0.006066775 -4.104681492 -0.017905267 -0.006136384 0.999820828 41.167411804
0.999834418 0.001395654 0.018139595 2.047175884 -0.001488202 0.999985933 0.005089425 -4.329899788 -0.018132238 -0.005115577 0.999822497 43.441345215
0.999832869 0.000809288 0.018270014 2.172463894 -0.000880888 0.999991953 0.003911288 -4.552936554 -0.018266706 -0.003926728 0.999825418 45.677711487
0.999836564 -0.000140084 0.018076444 2.301299810 0.000083400 0.999995053 0.003136515 -4.783819199 -0.018076796 -0.003134495 0.999831676 47.945243835
0.999837041 -0.001623614 0.017979089 2.437644005 0.001559303 0.999992251 0.003590413 -5.012500763 -0.017984780 -0.003561793 0.999831855 50.224754333
0.999815941 -0.002032733 0.019078858 2.564116478 0.001961293 0.999990940 0.003762454 -5.233485699 -0.019086333 -0.003724342 0.999810815 52.489665985
0.999807775 -0.003117821 0.019362032 2.699650526 0.003050041 0.999989092 0.003529231 -5.460341454 -0.019372825 -0.003469497 0.999806285 54.775531769
0.999782801 -0.003290873 0.020580947 2.825164795 0.003206426 0.999986291 0.004134862 -5.689941406 -0.020594276 -0.004067972 0.999779642 57.068744659
0.999768019 -0.004563224 0.021056134 2.963430882 0.004464280 0.999978781 0.004743712 -5.914613247 -0.021077335 -0.004648610 0.999767065 59.336544037
0.999723136 -0.005966120 0.022760460 3.086929798 0.005874990 0.999974608 0.004068662 -6.137101173 -0.022784153 -0.003933819 0.999732673 61.605026245
0.999705315 -0.006863017 0.023281429 3.234678268 0.006771892 0.999969125 0.003990591 -6.361727238 -0.023308098 -0.003831757 0.999720991 63.860145569
0.999673605 -0.006308470 0.024760898 3.370539188 0.006192230 0.999969423 0.004768449 -6.585632324 -0.024790227 -0.004613567 0.999682009 66.128234863
0.999646723 -0.005412204 0.026021320 3.514220238 0.005279620 0.999972761 0.005161237 -6.812531471 -0.026048541 -0.005022031 0.999648035 68.379043579
0.999602795 -0.005657649 0.027607784 3.648376465 0.005518159 0.999971569 0.005126131 -7.038606644 -0.027635999 -0.004971751 0.999605834 70.625297546
0.999590993 -0.006436375 0.027863413 3.809837341 0.006336220 0.999973178 0.003681334 -7.260037899 -0.027886359 -0.003503279 0.999604940 72.870246887
0.999571323 -0.007283222 0.028355744 3.961584568 0.007167603 0.999965608 0.004176970 -7.484898567 -0.028385190 -0.003971937 0.999589086 75.140075684
0.999525547 -0.008466039 0.029616831 4.124671936 0.008360910 0.999958336 0.003671648 -7.716206074 -0.029646683 -0.003422282 0.999554515 77.409072876
0.999519646 -0.009528898 0.029489079 4.284093857 0.009436512 0.999950111 0.003270416 -7.937600136 -0.029518770 -0.002990571 0.999559760 79.654335022
0.999493361 -0.010029116 0.030209100 4.433963299 0.009947584 0.999946535 0.002847974 -8.154472351 -0.030236045 -0.002546023 0.999539554 81.910552979
0.999480665 -0.009615298 0.030757090 4.608056068 0.009531461 0.999950409 0.002871302 -8.384281158 -0.030783160 -0.002576652 0.999522746 84.187431335
0.999440968 -0.009277598 0.032119673 4.766600132 0.009181960 0.999952912 0.003123743 -8.600072861 -0.032147139 -0.002827075 0.999479115 86.440582275
0.999437571 -0.009064692 0.032285873 4.935116291 0.008922591 0.999949872 0.004542694 -8.837578773 -0.032325439 -0.004252065 0.999468327 88.720603943
0.999412894 -0.008170902 0.033272859 5.092982769 0.007999136 0.999953926 0.005292295 -9.064828873 -0.033314563 -0.005023033 0.999432266 90.976104736
0.999384820 -0.008153842 0.034109719 5.258063316 0.007984051 0.999955058 0.005111067 -9.284022331 -0.034149852 -0.004835589 0.999405026 93.229377747
0.999367893 -0.008426917 0.034537286 5.425540924 0.008274931 0.999955416 0.004541263 -9.500697136 -0.034574017 -0.004252598 0.999393106 95.484550476
0.999338388 -0.008849815 0.035276230 5.589779854 0.008680380 0.999950051 0.004953307 -9.722202301 -0.035318304 -0.004643818 0.999365330 97.739440918
0.999314010 -0.008848940 0.035959300 5.753252029 0.008692664 0.999952078 0.004499902 -9.950531960 -0.035997383 -0.004184233 0.999343097 99.968734741
0.999264777 -0.009055511 0.037253130 5.916683674 0.008846667 0.999944150 0.005767055 -10.168661118 -0.037303280 -0.005433249 0.999289155 102.202507019
0.999239028 -0.009393683 0.037855636 6.105957985 0.009188241 0.999942064 0.005597258 -10.386973381 -0.037906021 -0.005245172 0.999267578 104.451728821
0.999193311 -0.010306437 0.038814280 6.270151138 0.010055506 0.999927282 0.006654648 -10.617436409 -0.038880035 -0.006258983 0.999224305 106.703430176
0.999159455 -0.011786703 0.039260644 6.455046177 0.011535672 0.999911547 0.006614377 -10.830613136 -0.039335135 -0.006155920 0.999207139 108.953521729
0.999121666 -0.012570500 0.039973903 6.638820648 0.012283922 0.999897122 0.007406652 -11.051993370 -0.040062904 -0.006909109 0.999173284 111.212585449
0.999104559 -0.013185584 0.040202636 6.831041813 0.012952683 0.999897838 0.006048218 -11.271718979 -0.040278275 -0.005522070 0.999173164 113.478012085
0.999055982 -0.013905777 0.041155789 7.012660980 0.013712870 0.999893606 0.004965823 -11.485831261 -0.041220460 -0.004396771 0.999140382 115.719696045
0.999024570 -0.014345585 0.041762769 7.192405701 0.014136637 0.999886036 0.005294318 -11.708883286 -0.041833960 -0.004698769 0.999113500 117.949562073
0.998980343 -0.014993641 0.042583622 7.381954193 0.014746211 0.999872506 0.006118640 -11.930346489 -0.042669941 -0.005484456 0.999074101 120.181022644
0.998961449 -0.015798125 0.042736456 7.583827496 0.015538485 0.999858797 0.006400780 -12.149816513 -0.042831540 -0.005730073 0.999065876 122.386703491
0.998930752 -0.016573522 0.043157741 7.789813042 0.016329620 0.999848664 0.005997899 -12.369722366 -0.043250617 -0.005286735 0.999050200 124.652946472
0.998887241 -0.016935384 0.044016246 7.969088554 0.016722983 0.999846697 0.005189295 -12.592955589 -0.044097383 -0.004447437 0.999017358 126.919258118
0.998867929 -0.018629108 0.043769095 8.158358574 0.018408561 0.999815762 0.005436495 -12.808176994 -0.043862306 -0.004624615 0.999026895 129.177200317
0.998892486 -0.019513970 0.042813927 8.349108696 0.019274943 0.999796212 0.005988730 -13.029688835 -0.042922068 -0.005156861 0.999065101 131.426025391
0.998942673 -0.020056188 0.041368227 8.545462608 0.019784668 0.999780059 0.006962397 -13.245207787 -0.041498762 -0.006136579 0.999119699 133.663024902
0.998993576 -0.021076586 0.039592382 8.742730141 0.020826023 0.999760449 0.006730527 -13.468689919 -0.039724749 -0.005899203 0.999193192 135.891662598
0.999074578 -0.021784183 0.037084982 8.948509216 0.021572020 0.999748647 0.006111624 -13.679038048 -0.037208799 -0.005305971 0.999293447 138.103042603
0.999029100 -0.022366032 0.037955910 9.106254578 0.022126727 0.999732614 0.006713305 -13.908932686 -0.038095914 -0.005866947 0.999256790 140.386581421
0.999009669 -0.022646559 0.038299304 9.267604828 0.022403661 0.999726117 0.006759514 -14.115151405 -0.038441900 -0.005894775 0.999243438 142.618423462
0.999065578 -0.022484459 0.036911309 9.460918427 0.022190526 0.999718845 0.008353642 -14.345952034 -0.037088767 -0.007526754 0.999283612 144.821289062
0.999085307 -0.021425940 0.037004393 9.632921219 0.021172203 0.999749660 0.007235345 -14.559618950 -0.037150159 -0.006445264 0.999288917 147.053543091
0.999109447 -0.020214511 0.037036188 9.809000015 0.020017494 0.999783397 0.005682696 -14.775864601 -0.037143040 -0.004936264 0.999297738 149.300720215
0.999130130 -0.018588863 0.037327990 9.981361389 0.018420627 0.999818563 0.004845768 -14.996666908 -0.037411295 -0.004153948 0.999291301 151.549652100
0.999141157 -0.017865624 0.037385944 10.161462784 0.017688310 0.999830723 0.005068070 -15.214825630 -0.037470162 -0.004402422 0.999288023 153.770080566
0.999130607 -0.017153200 0.037996899 10.336836815 0.016950671 0.999840379 0.005645803 -15.434714317 -0.038087673 -0.004996822 0.999261856 156.030624390
0.999141693 -0.016314819 0.038073141 10.531739235 0.016063662 0.999847174 0.006893263 -15.654992104 -0.038179789 -0.006275753 0.999251127 158.243240356
0.999104917 -0.015492286 0.039360054 10.701797485 0.015184345 0.999851823 0.008110605 -15.879456520 -0.039479878 -0.007505687 0.999192178 160.504562378
0.999086022 -0.014446714 0.040229216 10.881237030 0.014039967 0.999847591 0.010374968 -16.099157333 -0.040372968 -0.009800668 0.999136567 162.733505249
0.999050081 -0.013564317 0.041409757 11.056800842 0.013211361 0.999874115 0.008785295 -16.283542633 -0.041523717 -0.008229870 0.999103725 164.970108032
0.999009490 -0.012844499 0.042602811 11.243993759 0.012530328 0.999892354 0.007633283 -16.497703552 -0.042696279 -0.007091895 0.999062955 167.208419800
0.998927712 -0.010918296 0.044992089 11.423245430 0.010559577 0.999910593 0.008202901 -16.713132858 -0.045077626 -0.007719009 0.998953760 169.450531006
0.998839140 -0.010412819 0.047033511 11.613950729 0.009997589 0.999908984 0.009055016 -16.946126938 -0.047123533 -0.008574282 0.998852193 171.671356201
0.998716891 -0.010910165 0.049452256 11.810604095 0.010508933 0.999909759 0.008366279 -17.149501801 -0.049539071 -0.007835854 0.998741448 173.935379028
0.998632371 -0.010288807 0.051258195 12.009084702 0.009827127 0.999908864 0.009250863 -17.366050720 -0.051348697 -0.008734490 0.998642564 176.184326172
0.998579800 -0.010656117 0.052199036 12.214708328 0.010146617 0.999898374 0.010016004 -17.572141647 -0.052300461 -0.009472138 0.998586416 178.413467407
0.998574913 -0.012863102 0.051794946 12.414665222 0.012357545 0.999872923 0.010069195 -17.796031952 -0.051917888 -0.009414789 0.998606980 180.625732422
0.998512626 -0.013822250 0.052737258 12.606782913 0.013305058 0.999859989 0.010145478 -18.007299423 -0.052870106 -0.009428716 0.998556912 182.875976562
0.998584270 -0.014742854 0.051109184 12.828845024 0.014244072 0.999847412 0.010109692 -18.230945587 -0.051250439 -0.009367377 0.998641908 185.119659424
0.998577952 -0.016564757 0.050672278 13.031518936 0.016027004 0.999811172 0.011000376 -18.442489624 -0.050844911 -0.010172607 0.998654723 187.362899780
0.998595893 -0.017449114 0.050017245 13.239830017 0.016940810 0.999800682 0.010568609 -18.648107529 -0.050191689 -0.009706439 0.998692393 189.608871460
0.998547077 -0.019113977 0.050384458 13.429759979 0.018598817 0.999770045 0.010673726 -18.872629166 -0.050576899 -0.009721125 0.998672783 191.838012695
0.998514175 -0.020754259 0.050384954 13.623317719 0.020260870 0.999741793 0.010283615 -19.083160400 -0.050585378 -0.009247495 0.998676896 194.076736450
0.998536527 -0.020368500 0.050097618 13.825389862 0.019878363 0.999749839 0.010262513 -19.288539886 -0.050294109 -0.009251636 0.998691618 196.310791016
0.998549223 -0.017720059 0.050846804 14.029347420 0.017186655 0.999792814 0.010908582 -19.509742737 -0.051029559 -0.010018870 0.998646915 198.543975830
0.998559952 -0.015945498 0.051223036 14.228727341 0.015414450 0.999823451 0.010745758 -19.719934464 -0.051385351 -0.009940709 0.998629391 200.774993896
0.998535395 -0.015474057 0.051840607 14.436939240 0.014979661 0.999838650 0.009911805 -19.926210403 -0.051985618 -0.009120736 0.998606205 203.033981323
0.998503506 -0.015823545 0.052347209 14.636545181 0.015284743 0.999826133 0.010677234 -20.129291534 -0.052507069 -0.009861143 0.998571873 205.260070801
0.998489499 -0.017274400 0.052157070 14.868106842 0.016734010 0.999801874 0.010779853 -20.347206116 -0.052332960 -0.009890775 0.998580694 207.518112183
0.998437941 -0.016827529 0.053276688 15.072098732 0.016272798 0.999808967 0.010829040 -20.543735504 -0.053448729 -0.009945164 0.998521030 209.763519287
0.998349786 -0.017265886 0.054768935 15.290889740 0.016593883 0.999781609 0.012700853 -20.773128510 -0.054976258 -0.011771063 0.998418391 212.014205933
0.998296678 -0.015809160 0.056157526 15.524154663 0.015111302 0.999803603 0.012829760 -20.975055695 -0.056349311 -0.011959295 0.998339474 214.246551514
0.998133302 -0.014500762 0.059326928 15.728305817 0.013756669 0.999821723 0.012931534 -21.180210114 -0.059503868 -0.012091253 0.998154819 216.507873535
0.998005927 -0.014579817 0.061413020 15.953855515 0.013792128 0.999817371 0.013230573 -21.381961823 -0.061594695 -0.012357176 0.998024762 218.752441406
0.997867048 -0.015923671 0.063307248 16.184679031 0.015074447 0.999790192 0.013869440 -21.581844330 -0.063514821 -0.012885537 0.997897685 220.989837646
0.997754395 -0.017374311 0.064686470 16.416738510 0.016454158 0.999756038 0.014730484 -21.779726028 -0.064926624 -0.013633043 0.997796893 223.221160889
0.997680724 -0.019562952 0.065195344 16.665136337 0.018684557 0.999726593 0.014055979 -21.984544754 -0.065452516 -0.012805231 0.997773528 225.452697754
0.997640610 -0.020635836 0.065477818 16.902776718 0.019783957 0.999711275 0.013632070 -22.178146362 -0.065740228 -0.012304495 0.997760892 227.703125000
0.997598112 -0.020691505 0.066104300 17.140510559 0.019806776 0.999705672 0.014011309 -22.379589081 -0.066374741 -0.012668344 0.997714460 229.938919067
0.997545958 -0.021658124 0.066580683 17.384384155 0.020835377 0.999698043 0.013026803 -22.580789566 -0.066842735 -0.011607599 0.997695923 232.185607910
0.997494876 -0.022517363 0.067058563 17.625648499 0.021636693 0.999670267 0.013830395 -22.773990631 -0.067347877 -0.012344824 0.997653186 234.424987793
0.997442126 -0.021879617 0.068047136 17.867910385 0.020933107 0.999674380 0.014591719 -22.981870651 -0.068344243 -0.013129956 0.997575343 236.702697754
0.997402787 -0.021440776 0.068759844 18.099802017 0.020517752 0.999690056 0.014102237 -23.171371460 -0.069040895 -0.012654814 0.997533560 238.920516968
0.997383535 -0.021561252 0.069001399 18.341739655 0.020613732 0.999683619 0.014414677 -23.370838165 -0.069290355 -0.012954586 0.997512341 241.132614136
0.997314572 -0.021908635 0.069882482 18.584642410 0.020932188 0.999673188 0.014674646 -23.568685532 -0.070181154 -0.013172444 0.997447312 243.381317139
0.997278452 -0.022239149 0.070293322 18.827404022 0.021306854 0.999675155 0.013985051 -23.772676468 -0.070581503 -0.012449262 0.997428298 245.610641479
0.997286737 -0.021949356 0.070266746 19.081153870 0.021050287 0.999687135 0.013510147 -23.977790833 -0.070541300 -0.011994353 0.997436881 247.845001221
0.997254550 -0.022245169 0.070629135 19.331830978 0.021304067 0.999674439 0.014050072 -24.179367065 -0.070918679 -0.012506815 0.997403681 250.082046509
0.997224152 -0.023543701 0.070639782 19.589483261 0.022599777 0.999644697 0.014132212 -24.380514145 -0.070947401 -0.012496540 0.997401774 252.306961060
0.997227371 -0.023703540 0.070539132 19.854806900 0.022706725 0.999631047 0.014899901 -24.582685471 -0.070866302 -0.013256877 0.997397721 254.566894531
0.997202277 -0.024501489 0.070621155 20.097599030 0.023481948 0.999608219 0.015231031 -24.782018661 -0.070966668 -0.013530096 0.997386932 256.785705566
0.997177601 -0.025075596 0.070767321 20.356660843 0.023979852 0.999579608 0.016291220 -25.001121521 -0.071146071 -0.014548253 0.997359812 259.037445068
0.997139513 -0.024562575 0.071480282 20.610351562 0.023502041 0.999601424 0.015640261 -25.192972183 -0.071835957 -0.013915589 0.997319400 261.281372070
0.997123361 -0.024419289 0.071754709 20.870006561 0.023395939 0.999612689 0.015067986 -25.386198044 -0.072094880 -0.013345873 0.997308433 263.531616211
0.997091949 -0.023655731 0.072443262 21.127433777 0.022633987 0.999632895 0.014892767 -25.590587616 -0.072768956 -0.013209779 0.997261345 265.766632080
0.997038364 -0.022997286 0.073386773 21.387746811 0.021951210 0.999646008 0.015029281 -25.783252716 -0.073706441 -0.013373842 0.997190297 268.004486084
0.996902585 -0.022363765 0.075399704 21.637100220 0.021295898 0.999661505 0.014937251 -26.000331879 -0.075708255 -0.013285277 0.997041523 270.274749756
0.996788621 -0.023159817 0.076655068 21.905601501 0.022020958 0.999634683 0.015669106 -26.205163956 -0.076989956 -0.013930770 0.996934533 272.522979736
0.996600449 -0.023335032 0.079013124 22.154336929 0.022145070 0.999628246 0.015903318 -26.392272949 -0.079354852 -0.014099503 0.996746719 274.771728516
0.996369421 -0.023443568 0.081844278 22.399345398 0.022038788 0.999594629 0.018025532 -26.587383270 -0.082233675 -0.016156338 0.996482134 276.996459961
0.996390104 -0.022476682 0.081862964 22.705051422 0.021032127 0.999608278 0.018465925 -26.784732819 -0.082245931 -0.016677516 0.996472538 279.280303955
0.996283412 -0.022394540 0.083172783 22.985610962 0.020849932 0.999594510 0.019393580 -26.979776382 -0.083573356 -0.017587353 0.996346474 281.518371582
0.996245444 -0.021382224 0.083891571 23.269212723 0.019827330 0.999616742 0.019324251 -27.163221359 -0.084272608 -0.017588353 0.996287525 283.782226562
0.996159434 -0.020350117 0.085160136 23.540334702 0.018800914 0.999643564 0.018954359 -27.348873138 -0.085515507 -0.017280476 0.996186972 286.014068604
0.996111095 -0.020112030 0.085779846 23.819473267 0.018678613 0.999672711 0.017480502 -27.526023865 -0.086103320 -0.015810277 0.996160746 288.251281738
0.996059000 -0.020995537 0.086171739 24.096586227 0.019513510 0.999647379 0.018005103 -27.723915100 -0.086519383 -0.016252633 0.996117532 290.477233887
0.996058524 -0.020981172 0.086180702 24.372533798 0.019658171 0.999675989 0.016171614 -27.901897430 -0.086492069 -0.014413724 0.996148288 292.732940674
0.996098816 -0.021528153 0.085578732 24.661016464 0.020282179 0.999675632 0.015402369 -28.094100952 -0.085882559 -0.013606559 0.996212363 294.961914062
0.996090472 -0.021450348 0.085694969 24.940105438 0.020193847 0.999675870 0.015502634 -28.291103363 -0.085999735 -0.013711512 0.996200800 297.194458008
0.996107817 -0.020721210 0.085673176 25.222990036 0.019454071 0.999689102 0.015598990 -28.482681274 -0.085969783 -0.013871582 0.996201158 299.433135986
0.996052682 -0.020670360 0.086324096 25.486412048 0.019300750 0.999674737 0.016670579 -28.682373047 -0.086640596 -0.014938655 0.996127605 301.663452148
0.996061206 -0.021081083 0.086125113 25.775720596 0.019718599 0.999667108 0.016640143 -28.873910904 -0.086447254 -0.014876338 0.996145308 303.918182373
0.996025681 -0.020659722 0.086637095 26.059202194 0.019284109 0.999674797 0.016684974 -29.063323975 -0.086953640 -0.014947944 0.996100128 306.161041260
0.996013343 -0.021299552 0.086623676 26.343065262 0.019907881 0.999658942 0.016898103 -29.267923355 -0.086954050 -0.015106242 0.996097803 308.412292480
0.995965898 -0.022297602 0.086917423 26.626659393 0.020864172 0.999631464 0.017365698 -29.460720062 -0.087272607 -0.015482184 0.996064067 310.664855957
0.995935380 -0.022114787 0.087313078 26.912349701 0.020736469 0.999646127 0.016661655 -29.653156281 -0.087650642 -0.014783368 0.996041596 312.898223877
0.995951295 -0.021649450 0.087248549 27.200927734 0.020201629 0.999643683 0.017443229 -29.850231171 -0.087595105 -0.015610042 0.996033847 315.140319824
0.995908618 -0.019986780 0.088127963 27.488632202 0.018590733 0.999688804 0.016633622 -30.045309067 -0.088432990 -0.014927203 0.995970190 317.390136719
0.995892942 -0.018169839 0.088696405 27.768661499 0.016694216 0.999710023 0.017350396 -30.241497040 -0.088985935 -0.015798422 0.995907605 319.624816895
0.995845318 -0.016946791 0.089470088 28.049057007 0.015504175 0.999738753 0.016794479 -30.434658051 -0.089731336 -0.015337544 0.995847821 321.852813721
0.995794177 -0.015924262 0.090223722 28.327526093 0.014415877 0.999745548 0.017345395 -30.625501633 -0.090476960 -0.015971789 0.995770574 324.092498779
0.995786309 -0.015370396 0.090406984 28.617668152 0.013718535 0.999727845 0.018864539 -30.827972412 -0.090672344 -0.017544791 0.995726228 326.316711426
0.995727599 -0.015375193 0.091050461 28.899831772 0.013751563 0.999735475 0.018432850 -31.021175385 -0.091309793 -0.017102007 0.995675623 328.551788330
0.995731771 -0.016441561 0.090817779 29.200546265 0.014885310 0.999730945 0.017786868 -31.213256836 -0.091085777 -0.016359096 0.995708644 330.786315918
0.995737433 -0.015830578 0.090863734 29.489860535 0.014285408 0.999742448 0.017630665 -31.406349182 -0.091119438 -0.016257487 0.995707214 333.010101318
0.995690107 -0.015736293 0.091398172 29.774667740 0.014061374 0.999721706 0.018940685 -31.597051620 -0.091670804 -0.017573874 0.995634198 335.243530273
0.995717764 -0.016409034 0.090977475 30.077552795 0.014748331 0.999712646 0.018896382 -31.784755707 -0.091261394 -0.017473694 0.995673656 337.478332520
0.995686352 -0.016056865 0.091382742 30.358560562 0.014355900 0.999711812 0.019240687 -31.978633881 -0.091665357 -0.017845813 0.995629907 339.711578369
0.995727837 -0.016297569 0.090886317 30.657575607 0.014636907 0.999714077 0.018908579 -32.169834137 -0.091168486 -0.017497506 0.995681763 341.956604004
0.995717227 -0.016378896 0.090987965 30.946716309 0.014683216 0.999706388 0.019274622 -32.357215881 -0.091276936 -0.017856076 0.995665431 344.208557129
0.995749950 -0.016026717 0.090692729 31.238599777 0.014320489 0.999708593 0.019432891 -32.545429230 -0.090977758 -0.018051539 0.995689332 346.448211670
0.995797157 -0.015899764 0.090194903 31.529668808 0.014215098 0.999712884 0.019289810 -32.730525970 -0.090475701 -0.017926609 0.995737314 348.685882568
0.995791376 -0.015559439 0.090318538 31.815923691 0.013840627 0.999711573 0.019625830 -32.919933319 -0.090597846 -0.018293165 0.995719671 350.925720215
0.995823622 -0.015670368 0.089943051 32.103321075 0.013922175 0.999702394 0.020031266 -33.108203888 -0.090230189 -0.018695405 0.995745420 353.144104004
0.995841861 -0.015314621 0.089801654 32.390895844 0.013618436 0.999717653 0.019470561 -33.296459198 -0.090074480 -0.018166644 0.995769322 355.382751465
0.995869875 -0.015380763 0.089479953 32.683307648 0.013652422 0.999708831 0.019895539 -33.484313965 -0.089759901 -0.018591750 0.995790005 357.613708496
0.995918512 -0.015040303 0.088994995 32.975849152 0.013228422 0.999693751 0.020914303 -33.674491882 -0.089282282 -0.019651677 0.995812476 359.855499268
0.995986760 -0.015248886 0.088191897 33.274204254 0.013452141 0.999690413 0.020931760 -33.863288879 -0.088483781 -0.019661386 0.995883524 362.102233887
0.996040583 -0.015288691 0.087575480 33.569606781 0.013468456 0.999681532 0.021338101 -34.048637390 -0.087873831 -0.020074103 0.995929241 364.340332031
0.996099532 -0.015430267 0.086876906 33.862552643 0.013705523 0.999697685 0.020414362 -34.231452942 -0.087165631 -0.019144041 0.996009827 366.593566895
0.996117711 -0.015944928 0.086575300 34.145015717 0.014221205 0.999688923 0.020490501 -34.421791077 -0.086875074 -0.019179745 0.996034503 368.835327148
0.996110559 -0.015810892 0.086682610 34.423847198 0.014168423 0.999708891 0.019530721 -34.600662231 -0.086966172 -0.018226601 0.996044517 371.094818115
0.996160388 -0.016049253 0.086063504 34.709877014 0.014388233 0.999698818 0.019885616 -34.797435760 -0.086356729 -0.018570963 0.996091187 373.323699951
0.996200562 -0.015610239 0.085678235 34.998271942 0.013881658 0.999688625 0.020734113 -34.980003357 -0.085975207 -0.019465981 0.996107101 375.574951172
0.996176839 -0.016131828 0.085856587 35.274440765 0.014376724 0.999675572 0.021021552 -35.164760590 -0.086167850 -0.019706843 0.996085703 377.828094482
0.996167123 -0.016776953 0.085846230 35.558685303 0.015002592 0.999661148 0.021272670 -35.353523254 -0.086174034 -0.019903217 0.996081233 380.068542480
0.996178627 -0.016862584 0.085695982 35.850189209 0.015096486 0.999660969 0.021215377 -35.533416748 -0.086024657 -0.019840602 0.996095419 382.320068359
0.996192038 -0.016045190 0.085696764 36.142597198 0.014255814 0.999668181 0.021451682 -35.719829559 -0.086012535 -0.020148320 0.996090293 384.576232910
0.996209443 -0.015121737 0.085662887 36.423957825 0.013317381 0.999678195 0.021595886 -35.900108337 -0.085961886 -0.020373223 0.996090055 386.819305420
0.996243060 -0.013983489 0.085463800 36.718219757 0.012176954 0.999691963 0.021622900 -36.094688416 -0.085739858 -0.020500977 0.996106565 389.089538574
0.996226251 -0.012793493 0.085847348 36.997055054 0.010986642 0.999708772 0.021486830 -36.278697968 -0.086097248 -0.020462569 0.996076584 391.360626221
0.996253490 -0.011677097 0.085689262 37.284606934 0.009735540 0.999687076 0.023041138 -36.464633942 -0.085931525 -0.022120586 0.996055365 393.627990723
0.996183395 -0.010389390 0.086663499 37.557483673 0.008388304 0.999690413 0.023422601 -36.648124695 -0.086880013 -0.022606246 0.995962262 395.897644043
0.996136427 -0.010116365 0.087234668 37.842433929 0.008226688 0.999724209 0.021994404 -36.838634491 -0.087433107 -0.021191768 0.995944977 398.161712646
0.996096075 -0.009973613 0.087710209 38.126197815 0.008129019 0.999738753 0.021362659 -37.023593903 -0.087900341 -0.020566259 0.995916963 400.426666260
0.995944381 -0.010878717 0.089310415 38.392841339 0.008883526 0.999702692 0.022707129 -37.206829071 -0.089530893 -0.021821648 0.995744884 402.668640137
0.995956957 -0.012186917 0.089002863 38.689956665 0.010137119 0.999673724 0.023446510 -37.389453888 -0.089259572 -0.022449475 0.995755374 404.948272705
0.995972872 -0.012743081 0.088744946 38.984920502 0.010710631 0.999670148 0.023340829 -37.570980072 -0.089013100 -0.022296317 0.995780885 407.207977295
0.995852888 -0.011394029 0.090260953 39.272525787 0.009389687 0.999700487 0.022599677 -37.753051758 -0.090491436 -0.021658435 0.995661616 409.453155518
0.995810270 -0.010741622 0.090810545 39.567237854 0.008702852 0.999701798 0.022817036 -37.937202454 -0.091028556 -0.021931129 0.995606780 411.708953857
0.995760381 -0.009776430 0.091465637 39.860916138 0.007754747 0.999718428 0.022432551 -38.121189117 -0.091659181 -0.021628153 0.995555460 413.959259033
0.995662928 -0.008589633 0.092635900 40.155391693 0.006525005 0.999723971 0.022567466 -38.303352356 -0.092804186 -0.021865139 0.995444298 416.229431152
0.995631695 -0.009069336 0.092926227 40.463577271 0.007012956 0.999723732 0.022431873 -38.489830017 -0.093104012 -0.021682197 0.995420277 418.487823486
0.995526314 -0.008907714 0.094063558 40.756343842 0.006824182 0.999724627 0.022448754 -38.670898438 -0.094237626 -0.021706419 0.995313048 420.742309570
0.995449603 -0.009225480 0.094841875 41.049705505 0.007140059 0.999725699 0.022304296 -38.858615875 -0.095021635 -0.021525634 0.995242417 422.998107910
0.995382071 -0.009730946 0.095498040 41.353828430 0.007527026 0.999697566 0.023411345 -39.041442871 -0.095696971 -0.022584420 0.995154262 425.270172119
0.995329559 -0.009180114 0.096096925 41.651031494 0.006885645 0.999683857 0.024181040 -39.224292755 -0.096288525 -0.023406418 0.995078206 427.520812988
0.995253265 -0.008327002 0.096961096 41.958946228 0.005942434 0.999673307 0.024855878 -39.402408600 -0.097136401 -0.024161713 0.994977713 429.795745850
0.995229661 -0.008923865 0.097152352 42.257659912 0.006484207 0.999656379 0.025398513 -39.592338562 -0.097345635 -0.024647398 0.994945407 432.033447266
0.995172322 -0.009630816 0.097669140 42.565784454 0.007234045 0.999664783 0.024864206 -39.778949738 -0.097875848 -0.024037635 0.994908273 434.295227051
0.995190859 -0.008982036 0.097543150 42.884105682 0.006569870 0.999665320 0.025022332 -39.944770813 -0.097735271 -0.024261143 0.994916677 436.561523438
0.995143652 -0.009318076 0.097991489 43.194412231 0.006869695 0.999656379 0.025293441 -40.123279572 -0.098193526 -0.024497434 0.994865775 438.845062256
0.995196819 -0.009374868 0.097445577 43.515472412 0.006926691 0.999652565 0.025431525 -40.299400330 -0.097650141 -0.024634397 0.994915903 441.119354248
0.995168805 -0.009225908 0.097744450 43.831893921 0.006638264 0.999619663 0.026765775 -40.496833801 -0.097954236 -0.025987614 0.994851530 443.402313232
0.995127082 -0.009666911 0.098125875 44.145439148 0.007056375 0.999612808 0.026916234 -40.669380188 -0.098348074 -0.026092660 0.994809926 445.681121826
0.995120466 -0.009577925 0.098201126 44.455360413 0.007008504 0.999624789 0.026476545 -40.846755981 -0.098417871 -0.025659109 0.994814336 447.945800781
0.995138347 -0.009039005 0.098070934 44.769672394 0.006494876 0.999634862 0.026230041 -41.026607513 -0.098272219 -0.025465563 0.994833708 450.210174561
0.995082378 -0.008518802 0.098683909 45.077568054 0.005969917 0.999641657 0.026095338 -41.210269928 -0.098870859 -0.025377877 0.994776607 452.473297119
0.995002210 -0.007838373 0.099544346 45.385494232 0.005262816 0.999645174 0.026109761 -41.378784180 -0.099713683 -0.025455385 0.994690597 454.753936768
0.994957447 -0.008190866 0.099962324 45.693336487 0.005621885 0.999647319 0.025954163 -41.563179016 -0.100139663 -0.025261320 0.994652689 457.026245117
0.994991720 -0.007332911 0.099687807 46.016761780 0.004851372 0.999672830 0.025112769 -41.736564636 -0.099839360 -0.024503374 0.994701803 459.306030273
0.994957626 -0.006341554 0.100095220 46.326488495 0.003791715 0.999663949 0.025643859 -41.916408539 -0.100224189 -0.025135018 0.994647324 461.586059570
0.994988918 -0.006080608 0.099800311 46.643165588 0.003400001 0.999629438 0.027007852 -42.093238831 -0.099927567 -0.026533186 0.994640887 463.860229492
0.995027184 -0.006311225 0.099403501 46.950302124 0.003597868 0.999616623 0.027452040 -42.265941620 -0.099538654 -0.026957888 0.994668365 466.125915527
0.995148063 -0.006179351 0.098194458 47.275241852 0.003620971 0.999649882 0.026211094 -42.438426971 -0.098322064 -0.025728358 0.994821966 468.409606934
0.995250821 -0.006047421 0.097155713 47.604606628 0.003580098 0.999667287 0.025549835 -42.615905762 -0.097277895 -0.025080673 0.994941115 470.708496094
0.995327294 -0.006976233 0.096307591 47.915401459 0.004394050 0.999625862 0.026997929 -42.803047180 -0.096459918 -0.026448594 0.994985342 472.992034912
0.995322287 -0.007114880 0.096348390 48.217159271 0.004513485 0.999620080 0.027190950 -42.978866577 -0.096505247 -0.026628891 0.994976163 475.270904541
0.995459199 -0.007213372 0.094915442 48.535903931 0.004723805 0.999639571 0.026427906 -43.140621185 -0.095071875 -0.025859546 0.995134413 477.563842773
0.995496452 -0.007329391 0.094515167 48.845943451 0.004805311 0.999626458 0.026905540 -43.314670563 -0.094677053 -0.026330194 0.995159686 479.849639893
0.995517850 -0.007866737 0.094246060 49.154514313 0.005287195 0.999605298 0.027588813 -43.490711212 -0.094425902 -0.026966855 0.995166600 482.127655029
0.995530128 -0.008227962 0.094085164 49.447372437 0.005722146 0.999622464 0.026872324 -43.664272308 -0.094270758 -0.026213836 0.995201409 484.409820557
0.995552063 -0.008633799 0.093816146 49.748855591 0.006028748 0.999589324 0.028015641 -43.851619720 -0.094019465 -0.027325436 0.995195270 486.693847656
0.995617807 -0.008960362 0.093085386 50.057044983 0.006431433 0.999602973 0.027432397 -44.016887665 -0.093294218 -0.026713511 0.995280147 488.980926514
0.995627224 -0.008519648 0.093025789 50.354576111 0.005956457 0.999595821 0.027796527 -44.187561035 -0.093225017 -0.027120877 0.995275557 491.284057617
0.995660365 -0.006768415 0.092815071 50.645950317 0.004192533 0.999601364 0.027919792 -44.349426270 -0.092967056 -0.027409500 0.995291829 493.571380615
0.995623350 -0.006221779 0.093249127 50.935077667 0.003668079 0.999614120 0.027532190 -44.518791199 -0.093384460 -0.027069641 0.995262206 495.881713867
0.995684862 -0.005903707 0.092610784 51.251159668 0.003402798 0.999625862 0.027139215 -44.700271606 -0.092736356 -0.026706971 0.995332479 498.200225830
0.995702982 -0.005598946 0.092434816 51.548011780 0.003033192 0.999606967 0.027874634 -44.873306274 -0.092554532 -0.027474489 0.995328426 500.497528076
0.995696902 -0.005117929 0.092528231 51.841075897 0.002511422 0.999597311 0.028264387 -45.051761627 -0.092635609 -0.027910382 0.995308816 502.781280518
0.995715916 -0.003977138 0.092379943 52.140785217 0.001417430 0.999613702 0.027757579 -45.228099823 -0.092454664 -0.027507724 0.995336831 505.072082520
0.995674729 -0.003634441 0.092835665 52.428367615 0.000993215 0.999593854 0.028480917 -45.404418945 -0.092901468 -0.028265523 0.995274127 507.355773926
0.995702803 -0.003989918 0.092520215 52.731208801 0.001422656 0.999612570 0.027797492 -45.581455231 -0.092595272 -0.027546415 0.995322645 509.652923584
0.995738745 -0.004768014 0.092095591 53.041992188 0.002152225 0.999592125 0.028481435 -45.760810852 -0.092193812 -0.028161863 0.995342731 511.955322266
0.995737672 -0.004402830 0.092123941 53.340934753 0.001768827 0.999587834 0.028654087 -45.931270599 -0.092212126 -0.028369008 0.995335281 514.265930176
0.995762706 -0.003844365 0.091879874 53.643184662 0.001241094 0.999596596 0.028373774 -46.104328156 -0.091951884 -0.028139513 0.995365918 516.571777344
0.995745957 -0.002826930 0.092098117 53.933792114 0.000225092 0.999600947 0.028248858 -46.281074524 -0.092141226 -0.028107954 0.995349228 518.863220215
0.995700538 -0.000815402 0.092626154 54.232795715 -0.001821206 0.999595642 0.028376943 -46.456031799 -0.092611857 -0.028423633 0.995296478 521.190917969
0.995640039 0.000919532 0.093274325 54.537849426 -0.003610462 0.999581933 0.028685005 -46.632011414 -0.093208961 -0.028896701 0.995227158 523.521911621
0.995588899 0.001643136 0.093808860 54.843818665 -0.004449618 0.999548435 0.029715698 -46.796485901 -0.093717679 -0.030002035 0.995146632 525.841064453
0.995528460 0.001120499 0.094455332 55.142024994 -0.003949566 0.999548972 0.029769745 -46.967155457 -0.094379388 -0.030009687 0.995083869 528.141296387
0.995472193 -0.000450418 0.095052049 55.442062378 -0.002503899 0.999517620 0.030959480 -47.134326935 -0.095020145 -0.031057306 0.994990766 530.461853027
0.995399475 -0.002203092 0.095786162 55.756462097 -0.000734579 0.999530733 0.030622981 -47.304588318 -0.095808700 -0.030552460 0.994930744 532.786682129
0.995369792 -0.002204479 0.096093707 56.062816620 -0.000685663 0.999548674 0.030032890 -47.473327637 -0.096116550 -0.029959725 0.994919121 535.097412109
0.995271742 -0.002497367 0.097096942 56.370090485 -0.000421195 0.999549031 0.030026127 -47.648178101 -0.097128130 -0.029925050 0.994821906 537.415161133
0.995205224 -0.002014000 0.097789131 56.675579071 -0.000876054 0.999564350 0.029502001 -47.823093414 -0.097805947 -0.029446209 0.994769692 539.718383789
0.995104730 -0.001373950 0.098816372 56.982658386 -0.001525758 0.999570608 0.029262852 -47.998191833 -0.098814160 -0.029270368 0.994675338 542.042602539
0.995049357 -0.000911332 0.099377133 57.307304382 -0.001907238 0.999598742 0.028263662 -48.168704987 -0.099363014 -0.028313275 0.994648337 544.368530273
0.994873345 -0.000923860 0.101124644 57.603431702 -0.002019106 0.999577463 0.028996142 -48.348320007 -0.101108700 -0.029051669 0.994451106 546.698242188
0.994798064 -0.000753390 0.101864770 57.920989990 -0.002295839 0.999552846 0.029813536 -48.523525238 -0.101841703 -0.029892305 0.994351387 549.019775391
0.994737387 -0.000773237 0.102454595 58.236591339 -0.002314080 0.999546885 0.030011237 -48.695934296 -0.102431372 -0.030090390 0.994284809 551.319641113
0.994770825 -0.001965145 0.102113500 58.568504333 -0.001043753 0.999567032 0.029404437 -48.869709015 -0.102127060 -0.029357256 0.994338036 553.628295898
0.994791150 -0.002082251 0.101913072 58.899536133 -0.000971758 0.999552131 0.029907979 -49.043308258 -0.101929709 -0.029851228 0.994343638 555.944702148
0.994735479 -0.001819957 0.102459505 59.219520569 -0.001296067 0.999538898 0.030337466 -49.213401794 -0.102467462 -0.030310549 0.994274437 558.250244141
0.994684875 -0.001321032 0.102957450 59.542331696 -0.001954410 0.999495268 0.031706188 -49.385841370 -0.102947377 -0.031738881 0.994180322 560.582397461
0.994685709 -0.002007652 0.102939740 59.877342224 -0.001317163 0.999479830 0.032220513 -49.555030823 -0.102950901 -0.032184858 0.994165599 562.916381836
0.994652212 -0.001497243 0.103270091 60.207057953 -0.001918230 0.999454618 0.032965973 -49.721275330 -0.103263132 -0.032987773 0.994106889 565.240661621
0.994602680 -0.000718702 0.103754714 60.540946960 -0.002641421 0.999476433 0.032244235 -49.890518188 -0.103723578 -0.032344256 0.994080067 567.563903809
0.994625747 0.000244553 0.103534065 60.888454437 -0.003453744 0.999518991 0.030818351 -50.053844452 -0.103476703 -0.031010307 0.994148314 569.904907227
0.994585335 0.000815886 0.103920385 61.228279114 -0.004063966 0.999509692 0.031047557 -50.223350525 -0.103844114 -0.031301770 0.994100809 572.225952148
0.994566977 0.000664371 0.104096524 61.558845520 -0.004070465 0.999463081 0.032511525 -50.405838013 -0.104019031 -0.032758605 0.994035661 574.596130371
0.994560122 0.000619402 0.104161784 61.899318695 -0.004166795 0.999418557 0.033842422 -50.577163696 -0.104080237 -0.034092348 0.993984461 576.908020020
0.994453073 0.001224641 0.105173960 62.220798492 -0.004608782 0.999479175 0.031939607 -50.740390778 -0.105080068 -0.032247163 0.993940771 579.295715332
0.994488180 0.000377950 0.104848497 62.562961578 -0.003699615 0.999497354 0.031487949 -50.899337769 -0.104783900 -0.031702287 0.993989527 581.631835938
0.994491696 -0.000185790 0.104814537 62.903095245 -0.003330772 0.999437392 0.033374295 -51.081626892 -0.104761779 -0.033539571 0.993931532 583.944396973
0.994569480 -0.000027885 0.104075544 63.243022919 -0.003473690 0.999433994 0.033463143 -51.245429993 -0.104017571 -0.033642944 0.994006276 586.264465332
0.994509339 -0.002700941 0.104612283 63.588439941 -0.000682868 0.999478102 0.032296866 -51.417747498 -0.104644910 -0.032190982 0.993988514 588.624145508
0.994543016 -0.003174884 0.104279041 63.931121826 -0.000212055 0.999473274 0.032452438 -51.583862305 -0.104327120 -0.032297466 0.994018495 590.973999023
0.994519889 -0.004668955 0.104444183 64.255729675 0.001222363 0.999453306 0.033039059 -51.751514435 -0.104541361 -0.032730337 0.993981779 593.304138184
0.994563699 -0.005498698 0.103984453 64.602531433 0.002045732 0.999443829 0.033284105 -51.918083191 -0.104109645 -0.032890432 0.994021833 595.662109375
