1.000000000 0.000000000 0.000000000 0.000000000 0.000000000 1.000000000 0.000000000 0.000000000 0.000000000 0.000000000 1.000000000 0.000000000
0.999999940 0.000096917 0.000330542 0.087502703 -0.000096838 0.999999881 -0.000238713 -0.224693730 -0.000330565 0.000238681 0.999999940 2.283190966
0.999999344 0.000485589 0.001048113 0.166868672 -0.000485898 0.999999940 0.000293934 -0.460806489 -0.001047970 -0.000294443 0.999999404 4.573967934
0.999998629 0.000121802 0.001611997 0.264509320 -0.000122398 0.999999940 0.000369463 -0.691739380 -0.001611952 -0.000369660 0.999998629 6.861479282
0.999996543 0.000165221 0.002620069 0.356175840 -0.000161967 0.999999225 -0.001241924 -0.925039411 -0.002620271 0.001241496 0.999995768 9.152303696
0.999987602 0.001842892 0.004622907 0.442975819 -0.001842703 0.999998212 -0.000045256 -1.157195210 -0.004622982 0.000036737 0.999989331 11.457261086
0.999964178 0.004098780 0.007405919 0.533191562 -0.004108940 0.999990642 0.001357191 -1.386457682 -0.007400287 -0.001387573 0.999971628 13.759515762
0.999950588 0.003969539 0.009114690 0.644383132 -0.004003192 0.999985158 0.003676913 -1.616022229 -0.009099960 -0.003713219 0.999951720 16.052101135
0.999932349 0.003452008 0.011106060 0.732340157 -0.003501936 0.999983966 0.004479284 -1.837018967 -0.011090419 -0.004517875 0.999928236 18.352989197
0.999917924 0.002421129 0.012584515 0.843504488 -0.002480626 0.999985754 0.004714380 -2.064575672 -0.012572924 -0.004745209 0.999909699 20.641025543
0.999917805 0.000411377 0.012809692 0.967221498 -0.000444168 0.999996603 0.002557148 -2.287787676 -0.012808598 -0.002562627 0.999914706 22.926235199
0.999906838 -0.001857763 0.013523868 1.078254580 0.001846783 0.999997914 0.000824372 -2.511863708 -0.013525375 -0.000799320 0.999908209 25.208015442
0.999907434 -0.002373168 0.013399278 1.216829300 0.002378671 0.999997079 -0.000394744 -2.751321554 -0.013398302 0.000426580 0.999910176 27.519878387
0.999891043 -0.002056226 0.014620226 1.320749164 0.002074160 0.999997139 -0.001211639 -2.979650736 -0.014617691 0.001241831 0.999892414 29.805421829
0.999885738 0.000217101 0.015116152 1.448704720 -0.000226064 0.999999762 0.000591236 -3.204596519 -0.015116018 -0.000594585 0.999885499 32.089954376
0.999881923 0.002153631 0.015210047 1.579572558 -0.002195149 0.999993980 0.002713521 -3.427541971 -0.015204109 -0.002746589 0.999880612 34.370609283
0.999842405 0.004394327 0.017201735 1.690319419 -0.004520487 0.999963105 0.007302151 -3.667900562 -0.017169015 -0.007378760 0.999825358 36.670352936
0.999820948 0.006168371 0.017887415 1.809032440 -0.006288598 0.999957979 0.006672963 -3.886583805 -0.017845498 -0.006784256 0.999817729 38.942325592
0.999793053 0.005429501 0.019604547 1.919947386 -0.005521579 0.999973893 0.004645630 -4.089415073 -0.019578813 -0.004752917 0.999797046 41.249088287
0.999797940 0.003002394 0.019877490 2.045074940 -0.003077810 0.999988198 0.003764470 -4.318972111 -0.019865952 -0.003824889 0.999795377 43.528423309
0.999787986 0.003059850 0.020362156 2.176557541 -0.003117422 0.999991238 0.002796279 -4.545374870 -0.020353420 -0.002859164 0.999788761 45.761669159
0.999782026 0.002555838 0.020722570 2.303064346 -0.002592410 0.999995232 0.001738165 -4.775978088 -0.020718021 -0.001791507 0.999783754 48.032863617
0.999777257 0.001306133 0.021064270 2.440243721 -0.001352913 0.999996662 0.002206757 -5.008574963 -0.021061318 -0.002234764 0.999775708 50.312191010
0.999764264 0.000232175 0.021711908 2.576726437 -0.000290661 0.999996305 0.002690608 -5.237057686 -0.021711208 -0.002696284 0.999760628 52.576045990
0.999762833 -0.000949087 0.021762028 2.719990969 0.000896334 0.999996722 0.002433712 -5.466572285 -0.021764262 -0.002413628 0.999760211 54.860477448
0.999709725 -0.001214910 0.024062615 2.829309464 0.001145112 0.999995112 0.002914227 -5.699254513 -0.024066038 -0.002885827 0.999706209 57.157764435
0.999693274 -0.002262661 0.024661237 2.972987175 0.002174693 0.999991119 0.003593270 -5.926953793 -0.024669148 -0.003538537 0.999689341 59.421817780
0.999658883 -0.003840977 0.025832772 3.111225367 0.003777020 0.999989688 0.002524110 -6.147928238 -0.025842201 -0.002425678 0.999663115 61.687160492
0.999643803 -0.004614423 0.026287150 3.267340422 0.004555210 0.999986947 0.002312008 -6.375241756 -0.026297471 -0.002191441 0.999651730 63.938449860
0.999616563 -0.004180581 0.027373062 3.415159225 0.004100950 0.999987185 0.002964626 -6.601894855 -0.027385103 -0.002851234 0.999620914 66.205924988
0.999601126 -0.003398551 0.028037224 3.569978714 0.003308818 0.999989271 0.003246281 -6.831447601 -0.028047955 -0.003152216 0.999601543 68.465698242
0.999563336 -0.003531694 0.029338082 3.713122129 0.003450805 0.999990106 0.002807286 -7.057985306 -0.029347705 -0.002704820 0.999565542 70.721916199
0.999552727 -0.004344129 0.029593218 3.879584789 0.004304987 0.999989688 0.001386258 -7.285172462 -0.029598940 -0.001258239 0.999561191 72.975517273
0.999544322 -0.005315518 0.029714283 4.044524670 0.005266090 0.999984622 0.001741473 -7.515862942 -0.029723082 -0.001584201 0.999556899 75.258094788
0.999496996 -0.006561194 0.031026842 4.205818653 0.006524901 0.999977946 0.001270810 -7.751070023 -0.031034492 -0.001067724 0.999517739 77.522033691
0.999496996 -0.007506448 0.030812705 4.366808891 0.007479277 0.999971509 0.000997013 -7.986079693 -0.030819315 -0.000766054 0.999524593 79.781089783
0.999465287 -0.008011778 0.031697929 4.516881943 0.007999130 0.999967873 0.000525788 -8.206825256 -0.031701125 -0.000271951 0.999497294 82.035659790
0.999443889 -0.007348652 0.032521240 4.689684391 0.007329075 0.999972880 0.000721177 -8.443238258 -0.032525655 -0.000482425 0.999470770 84.312759399
0.999392092 -0.007126246 0.034128323 4.849663258 0.007094538 0.999974251 0.001050107 -8.665113449 -0.034134936 -0.000807344 0.999416888 86.567192078
0.999387145 -0.006999918 0.034295652 5.019900799 0.006919794 0.999972999 0.002454393 -8.903937340 -0.034311902 -0.002215571 0.999408662 88.851242065
0.999358892 -0.006117786 0.035276115 5.183618546 0.006009156 0.999976873 0.003184574 -9.136762619 -0.035294779 -0.002970552 0.999372542 91.109519958
0.999332368 -0.006136447 0.036016408 5.354262829 0.006028267 0.999976993 0.003111461 -9.362513542 -0.036034673 -0.002892267 0.999346375 93.363304138
0.999313295 -0.006287334 0.036514815 5.525902748 0.006204816 0.999977946 0.002372719 -9.582759857 -0.036528926 -0.002144522 0.999330223 95.615615845
0.999283731 -0.006731472 0.037242327 5.694718361 0.006632083 0.999974251 0.002791618 -9.809570312 -0.037260160 -0.002542624 0.999302387 97.868721008
0.999250472 -0.006463230 0.038167629 5.860123158 0.006379349 0.999976933 0.002319086 -10.046056747 -0.038181741 -0.002073863 0.999268651 100.111679077
0.999202013 -0.006437991 0.039419986 6.021666527 0.006315134 0.999974728 0.003240348 -10.265666008 -0.039439861 -0.002988819 0.999217451 102.342681885
0.999193370 -0.006983405 0.039544251 6.220903873 0.006858585 0.999971092 0.003291253 -10.497742653 -0.039566088 -0.003017380 0.999212384 104.620193481
0.999158084 -0.007671970 0.040300619 6.399471283 0.007517732 0.999963939 0.003977301 -10.719104767 -0.040329661 -0.003670983 0.999179661 106.854965210
0.999130309 -0.009025710 0.040708005 6.583901405 0.008866508 0.999952316 0.004089731 -10.939776421 -0.040742986 -0.003725237 0.999162734 109.105278015
0.999093354 -0.010070161 0.041368067 6.769065857 0.009866490 0.999938190 0.005124632 -11.172669411 -0.041417122 -0.004711829 0.999130845 111.361701965
0.999074876 -0.010893848 0.041602459 6.961320877 0.010750247 0.999935448 0.003673902 -11.396539688 -0.041639797 -0.003223268 0.999127507 113.624786377
0.999033213 -0.011269387 0.042492531 7.143201828 0.011156485 0.999933600 0.002893146 -11.622447014 -0.042522315 -0.002416282 0.999092579 115.875556946
0.998992503 -0.011762952 0.043308273 7.324938774 0.011628840 0.999926746 0.003347298 -11.854628563 -0.043344475 -0.002840300 0.999056160 118.124931335
0.998942196 -0.011965846 0.044399671 7.515110970 0.011780971 0.999920845 0.004423229 -12.087199211 -0.044449087 -0.003895479 0.999004006 120.395126343
0.998934686 -0.012743644 0.044353709 7.720424652 0.012524790 0.999908030 0.005208710 -12.317128181 -0.044416010 -0.004647639 0.999002337 122.604095459
0.998872101 -0.013666170 0.045471426 7.918243408 0.013471139 0.999898672 0.004592786 -12.546555519 -0.045529582 -0.003975053 0.998955071 124.919639587
0.998823285 -0.014093281 0.046407722 8.098276138 0.013923233 0.999895096 0.003985478 -12.776752472 -0.046459030 -0.003334641 0.998914778 127.180198669
0.998804092 -0.015833648 0.046256211 8.289770126 0.015645629 0.999867737 0.004423991 -12.998235703 -0.046320140 -0.003694992 0.998919725 129.436645508
0.998819351 -0.016864732 0.045558129 8.474913597 0.016662853 0.999849558 0.004807444 -13.218194008 -0.045632340 -0.004042639 0.998950064 131.682037354
0.998872280 -0.017193135 0.044257481 8.672382355 0.016945008 0.999838471 0.005975605 -13.439334869 -0.044353075 -0.005218922 0.999002337 133.921081543
0.998941422 -0.018289637 0.042208709 8.871994019 0.018067189 0.999820828 0.005645787 -13.667070389 -0.042304404 -0.004877218 0.999092877 136.159194946
0.999019384 -0.019101344 0.039941728 9.086938858 0.018906562 0.999807477 0.005248853 -13.883100510 -0.040034294 -0.004488545 0.999188244 138.383575439
0.998979867 -0.019949665 0.040511470 9.241973877 0.019745769 0.999790311 0.005426959 -14.111117363 -0.040611248 -0.004621492 0.999164343 140.669326782
0.998969674 -0.020512259 0.040482465 9.414902687 0.020313149 0.999779522 0.005323640 -14.320518494 -0.040582739 -0.004495828 0.999166071 142.901550293
0.999015331 -0.020513311 0.039338887 9.607077599 0.020263942 0.999772012 0.006727228 -14.551359177 -0.039467912 -0.005923443 0.999203265 145.147293091
0.999030769 -0.019635001 0.039396029 9.783676147 0.019427791 0.999795377 0.005635693 -14.768633842 -0.039498623 -0.004864853 0.999207795 147.401092529
0.999050379 -0.018394126 0.039496783 9.961474419 0.018244421 0.999824941 0.004147340 -14.988333702 -0.039566156 -0.003422806 0.999211073 149.645385742
0.999066532 -0.016696623 0.039839722 10.138790131 0.016576203 0.999857008 0.003350995 -15.213006973 -0.039889965 -0.002687477 0.999200404 151.897125244
0.999077618 -0.015819076 0.039921533 10.325104713 0.015700854 0.999871373 0.003273169 -15.431422234 -0.039968174 -0.002643348 0.999197483 154.140380859
0.999067068 -0.014929236 0.040522773 10.504004478 0.014781205 0.999882936 0.003950154 -15.655224800 -0.040577002 -0.003347493 0.999170780 156.402084351
0.999072552 -0.014235783 0.040638469 10.700252533 0.014050128 0.999889493 0.004850412 -15.877390862 -0.040703032 -0.004274937 0.999162138 158.628997803
0.998996079 -0.013724466 0.042643070 10.850164413 0.013468368 0.999889493 0.006287108 -16.107666016 -0.042724654 -0.005706464 0.999070585 160.918884277
0.998963416 -0.012669260 0.043721989 11.033694267 0.012303603 0.999887109 0.008622188 -16.331596375 -0.043826293 -0.008075312 0.999006510 163.152786255
0.998946905 -0.012285200 0.044205692 11.232862473 0.011987668 0.999903619 0.006989449 -16.531869888 -0.044287305 -0.006452165 0.998997927 165.439270020
0.998911858 -0.011430543 0.045215942 11.429212570 0.011175419 0.999920130 0.005891125 -16.750366211 -0.045279678 -0.005379407 0.998959839 167.692306519
0.998841763 -0.009608675 0.047147036 11.617065430 0.009328291 0.999937534 0.006163400 -16.968093872 -0.047203306 -0.005716460 0.998868942 169.927459717
0.998732090 -0.009303155 0.049473766 11.824446678 0.009009477 0.999940455 0.006155784 -17.190843582 -0.049528088 -0.005702246 0.998756468 172.218490601
0.998605311 -0.009496294 0.051932737 12.025110245 0.009197756 0.999939740 0.005984497 -17.409107208 -0.051986448 -0.005498487 0.998632669 174.492050171
0.998527467 -0.009381002 0.053430770 12.235055923 0.009038370 0.999937057 0.006650676 -17.631206512 -0.053489789 -0.006157955 0.998549402 176.753204346
0.998487413 -0.009821211 0.054095432 12.440825462 0.009434482 0.999928117 0.007399734 -17.843013763 -0.054164220 -0.006878178 0.998508394 178.971939087
0.998477995 -0.011003799 0.054042540 12.663917542 0.010628716 0.999917448 0.007223029 -18.066658020 -0.054117549 -0.006637631 0.998512626 181.252044678
0.998436391 -0.011823420 0.054634344 12.863396645 0.011458766 0.999909997 0.006982908 -18.280685425 -0.054711990 -0.006345947 0.998482049 183.496994019
0.998510718 -0.013426446 0.052880622 13.100584030 0.013081118 0.999890804 0.006871106 -18.509300232 -0.052967113 -0.006169134 0.998577178 185.759582520
0.998513937 -0.015270211 0.052314293 13.310013771 0.014882752 0.999858916 0.007787934 -18.730541229 -0.052425824 -0.006997780 0.998600245 188.010498047
0.998525441 -0.016067002 0.051852874 13.518987656 0.015709510 0.999849975 0.007294544 -18.942527771 -0.051962301 -0.006469205 0.998628080 190.254989624
0.998494983 -0.017460039 0.051991891 13.726428986 0.017117301 0.999828756 0.007030233 -19.167604446 -0.052105747 -0.006129689 0.998622775 192.495849609
0.998457015 -0.018604379 0.052320942 13.917295456 0.018284518 0.999811113 0.006585566 -19.378217697 -0.052433584 -0.005618741 0.998608589 194.734100342
0.998500764 -0.018184973 0.051627483 14.153985023 0.017851923 0.999816775 0.006904842 -19.613109589 -0.051743601 -0.005972842 0.998642564 197.010787964
0.998510480 -0.016130690 0.052121524 14.356899261 0.015799845 0.999852359 0.006753391 -19.824230194 -0.052222766 -0.005919819 0.998617887 199.252487183
0.998520672 -0.014154568 0.052501403 14.558080673 0.013832274 0.999883235 0.006497082 -20.044313431 -0.052587237 -0.005761256 0.998599708 201.486190796
0.998497605 -0.013810866 0.053026833 14.770044327 0.013532172 0.999892712 0.005611171 -20.259012222 -0.053098645 -0.004885174 0.998577297 203.746353149
0.998459160 -0.013942065 0.053710546 14.970687866 0.013617154 0.999886751 0.006410529 -20.472984314 -0.053793836 -0.005669267 0.998535872 205.970108032
0.998445272 -0.015742306 0.053471707 15.208922386 0.015413379 0.999859631 0.006558240 -20.702304840 -0.053567454 -0.005723863 0.998547852 208.229949951
0.998382092 -0.015230440 0.054784458 15.414621353 0.014902941 0.999868512 0.006381526 -20.905952454 -0.054874457 -0.005554750 0.998477876 210.474624634
0.998309076 -0.015971720 0.055892095 15.635291100 0.015532028 0.999844968 0.008292459 -21.150749207 -0.056015879 -0.007410319 0.998402297 212.731842041
0.998253465 -0.014471591 0.057275530 15.871391296 0.014003891 0.999865294 0.008558787 -21.363145828 -0.057391677 -0.007741760 0.998321652 214.962509155
0.998095453 -0.013202501 0.060258366 16.099954605 0.012704676 0.999881983 0.008637158 -21.585929871 -0.060365289 -0.007855143 0.998145461 217.279632568
0.997951865 -0.013388499 0.062554590 16.325403214 0.012851389 0.999877036 0.008980772 -21.797769547 -0.062667146 -0.008158463 0.998001158 219.525161743
0.997821927 -0.014610336 0.064327024 16.557794571 0.014029227 0.999856710 0.009476113 -22.005126953 -0.064456269 -0.008553015 0.997883856 221.756240845
0.997714102 -0.016038051 0.065645687 16.791944504 0.015390803 0.999827862 0.010353641 -22.214569092 -0.065800473 -0.009319635 0.997789204 223.993453979
0.997642696 -0.018017529 0.066214606 17.041099548 0.017410481 0.999801040 0.009733615 -22.429071426 -0.066376828 -0.008557844 0.997757912 226.228637695
0.997601867 -0.019174589 0.066503532 17.279848099 0.018590204 0.999783039 0.009394977 -22.633247375 -0.066669233 -0.008136136 0.997741878 228.476684570
0.997538865 -0.019537067 0.067338705 17.515054703 0.018926915 0.999773920 0.009687089 -22.841577530 -0.067512721 -0.008388736 0.997683167 230.712356567
0.997486830 -0.020807452 0.067729652 17.763166428 0.020262988 0.999756694 0.008716042 -23.051073074 -0.067894518 -0.007321730 0.997665644 232.961364746
0.997423947 -0.021820087 0.068332620 18.002880096 0.021191683 0.999726355 0.009907811 -23.258131027 -0.068530105 -0.008434204 0.997613370 235.197204590
0.997449219 -0.021001894 0.068219930 18.278097153 0.020371893 0.999743223 0.009917592 -23.468116760 -0.068410717 -0.008502527 0.997620940 237.467666626
0.997415602 -0.021091212 0.068682224 18.518495560 0.020468961 0.999742925 0.009751112 -23.671693802 -0.068870239 -0.008320059 0.997590899 239.696960449
0.997376084 -0.021153120 0.069234475 18.763235092 0.020503024 0.999738932 0.010087043 -23.881904602 -0.069429763 -0.008641062 0.997549415 241.930786133
0.997326672 -0.021475293 0.069845304 19.007125854 0.020817252 0.999731839 0.010135800 -24.085624695 -0.070044234 -0.008654716 0.997506320 244.171737671
0.997284830 -0.021567341 0.070411459 19.252767563 0.020952938 0.999735773 0.009452919 -24.300367355 -0.070596732 -0.007951926 0.997473180 246.403778076
0.997300327 -0.021028044 0.070355475 19.513225555 0.020477513 0.999753892 0.008537188 -24.511190414 -0.070517659 -0.007073436 0.997485459 248.649261475
0.997278690 -0.021282401 0.070583642 19.765203476 0.020687297 0.999744117 0.009151610 -24.726325989 -0.070760339 -0.007666521 0.997463882 250.889434814
0.997236192 -0.022511087 0.070803523 20.017507553 0.021918569 0.999718010 0.009134381 -24.939153671 -0.070989154 -0.007557225 0.997448444 253.120025635
0.997227132 -0.022240633 0.071016304 20.272550583 0.021608144 0.999719799 0.009662178 -25.146411896 -0.071211278 -0.008100858 0.997428358 255.370620728
0.997183323 -0.022897396 0.071422040 20.512256622 0.022250496 0.999704003 0.009840006 -25.357395172 -0.071626201 -0.008223115 0.997397602 257.593475342
0.997170806 -0.023332184 0.071456268 20.783901215 0.022618260 0.999685943 0.010784080 -25.580198288 -0.071685448 -0.009137353 0.997385442 259.849884033
0.997141182 -0.022806805 0.072036825 21.041624069 0.022132529 0.999703586 0.010144707 -25.784656525 -0.072246850 -0.008521349 0.997350335 262.096740723
0.997114539 -0.022803292 0.072404265 21.302104950 0.022157948 0.999707401 0.009703890 -25.992395401 -0.072604373 -0.008071562 0.997328103 264.355834961
0.997084975 -0.022180364 0.073003769 21.562801361 0.021560008 0.999724448 0.009274797 -26.205684662 -0.073189378 -0.007673798 0.997288525 266.595031738
0.997009933 -0.021479903 0.074228510 21.819850922 0.020848745 0.999739587 0.009267387 -26.411340714 -0.074408248 -0.007692105 0.997198105 268.842224121
0.996896505 -0.021196892 0.075816058 22.072673798 0.020574272 0.999747932 0.008983988 -26.634288788 -0.075987399 -0.007396247 0.997081339 271.093627930
0.996808827 -0.021855336 0.076776244 22.347513199 0.021200409 0.999731660 0.009335183 -26.848121643 -0.076959647 -0.007677704 0.997004628 273.341949463
0.996599972 -0.022336507 0.079306833 22.594636917 0.021610005 0.999716401 0.010007232 -27.053926468 -0.079507872 -0.008259388 0.996800005 275.585662842
0.996481001 -0.022417774 0.080764689 22.868909836 0.021570358 0.999702811 0.011349771 -27.255798340 -0.080995128 -0.009567709 0.996668577 277.824981689
0.996429861 -0.021366704 0.081676252 23.156827927 0.020388573 0.999710321 0.012791116 -27.479045868 -0.081925899 -0.011080188 0.996576846 280.085693359
0.996330559 -0.021156088 0.082931310 23.438827515 0.020070368 0.999701858 0.013903786 -27.687536240 -0.083200753 -0.012188307 0.996458292 282.320739746
0.996255696 -0.020244861 0.084052101 23.713865280 0.019144731 0.999720454 0.013874194 -27.884788513 -0.084309481 -0.012213091 0.996364772 284.572875977
0.996139228 -0.019295380 0.085641094 23.983268738 0.018205343 0.999743223 0.013490885 -28.083189011 -0.085879415 -0.011879674 0.996234596 286.800354004
0.996166766 -0.018894788 0.085409492 24.275360107 0.017931977 0.999766886 0.012026104 -28.275190353 -0.085616790 -0.010448445 0.996273458 289.056396484
0.996095717 -0.019690461 0.086055756 24.549283981 0.018690325 0.999748349 0.012412275 -28.484310150 -0.086278498 -0.010755404 0.996213019 291.283081055
0.995998621 -0.019432927 0.087229364 24.805435181 0.018532282 0.999766409 0.011123093 -28.681797028 -0.087425120 -0.009462027 0.996126175 293.550292969
0.996011674 -0.019887842 0.086978242 25.093286514 0.019074367 0.999766231 0.010173850 -28.882989883 -0.087160252 -0.008474218 0.996158242 295.785095215
0.996005118 -0.019793624 0.087074533 25.377752304 0.018982153 0.999768376 0.010137484 -29.091623306 -0.087255023 -0.008444123 0.996150196 298.020965576
0.996004045 -0.019084625 0.087245114 25.661808014 0.018267212 0.999781549 0.010158038 -29.293149948 -0.087419920 -0.008523722 0.996135056 300.258605957
0.995954752 -0.019104198 0.087801792 25.932329178 0.018205278 0.999773383 0.011027550 -29.505208969 -0.087992586 -0.009384486 0.996076941 302.499908447
0.995957077 -0.019677809 0.087647468 26.222257614 0.018777620 0.999762177 0.011083360 -29.709241867 -0.087844737 -0.009392742 0.996089876 304.743072510
0.995926142 -0.019242978 0.088095039 26.511318207 0.018307975 0.999767303 0.011409299 -29.917289734 -0.088294096 -0.009749975 0.996046722 306.987884521
0.995920599 -0.020378711 0.087904297 26.799472809 0.019453179 0.999746084 0.011372814 -30.129983902 -0.088113748 -0.009616398 0.996064007 309.239288330
0.995870769 -0.021813644 0.088122420 27.088644028 0.020858325 0.999713421 0.011747285 -30.331707001 -0.088353418 -0.009860693 0.996040404 311.497894287
0.995834887 -0.021128943 0.088692315 27.374588013 0.020232309 0.999734819 0.010996429 -30.538644791 -0.088901132 -0.009156176 0.995998383 313.737823486
0.995864987 -0.020805826 0.088431239 27.672256470 0.019835299 0.999733150 0.011839695 -30.749338150 -0.088653974 -0.010036680 0.996011913 315.986083984
0.995814383 -0.018876381 0.089428023 27.958927155 0.017973674 0.999779165 0.010888897 -30.955894470 -0.089613833 -0.009235970 0.995933771 318.229766846
0.995806754 -0.017550739 0.089781977 28.240982056 0.016579570 0.999795794 0.011551355 -31.162361145 -0.089966364 -0.010014372 0.995894372 320.469299316
0.995735168 -0.016000878 0.090859555 28.521835327 0.015037786 0.999823332 0.011274582 -31.369091034 -0.091023907 -0.009860169 0.995799899 322.699859619
0.995693505 -0.015272402 0.091439344 28.808557510 0.014258903 0.999829590 0.011726918 -31.569713593 -0.091602869 -0.010372592 0.995741546 324.936859131
0.995710313 -0.014974578 0.091305539 29.111230850 0.013832349 0.999818146 0.013129969 -31.784786224 -0.091485552 -0.011810677 0.995736361 327.164978027
0.995679259 -0.015748298 0.091513604 29.401866913 0.014623578 0.999809206 0.012947814 -31.992534637 -0.091700047 -0.011553613 0.995719671 329.405029297
0.995677888 -0.017829459 0.091147728 29.706064224 0.016772194 0.999783039 0.012352350 -32.196006775 -0.091348194 -0.010770214 0.995760798 331.639556885
0.995690525 -0.017531903 0.091066137 29.999027252 0.016490759 0.999789894 0.012172816 -32.401180267 -0.091260418 -0.010618608 0.995770454 333.859497070
0.995679855 -0.017690236 0.091151856 30.290256500 0.016544586 0.999774575 0.013308961 -32.602336884 -0.091366746 -0.011743395 0.995748043 336.090301514
0.995737016 -0.018447796 0.090374283 30.599603653 0.017333414 0.999763966 0.013100214 -32.800830841 -0.090594634 -0.011477876 0.995821714 338.325286865
0.995737910 -0.018579746 0.090337493 30.887516022 0.017433582 0.999757528 0.013460183 -33.007541656 -0.090565681 -0.011827909 0.995820224 340.567932129
0.995782852 -0.018932985 0.089766383 31.188083649 0.017804204 0.999752223 0.013358864 -33.213478088 -0.089997075 -0.011704308 0.995873213 342.810913086
0.995789409 -0.019146366 0.089648046 31.479640961 0.017984880 0.999743760 0.013746025 -33.412086487 -0.089888252 -0.012075838 0.995878637 345.054962158
0.995835662 -0.019124152 0.089137331 31.770721436 0.017964413 0.999743402 0.013794954 -33.609790802 -0.089378275 -0.012136208 0.995923817 347.294158936
0.995889306 -0.019007945 0.088561945 32.061183929 0.017869741 0.999747455 0.013627331 -33.808315277 -0.088798620 -0.011988736 0.995977461 349.538116455
0.995900214 -0.018699437 0.088505082 32.345714569 0.017509116 0.999745786 0.014206517 -34.012786865 -0.088748232 -0.012598626 0.995974541 351.779785156
0.995937705 -0.019111264 0.087992594 32.632423401 0.017902857 0.999734700 0.014501904 -34.209915161 -0.088246375 -0.012867677 0.996015549 354.008544922
0.995966077 -0.018778153 0.087743700 32.917160034 0.017611079 0.999746025 0.014056266 -34.411487579 -0.087985381 -0.012454302 0.996043921 356.247467041
0.996011496 -0.019130073 0.087150216 33.206832886 0.017933302 0.999734044 0.014494737 -34.609848022 -0.087404318 -0.012874034 0.996089697 358.479492188
0.996055484 -0.018800646 0.086717993 33.498348236 0.017520851 0.999726415 0.015495811 -34.812145233 -0.086985603 -0.013915312 0.996112406 360.718994141
0.996123433 -0.018981069 0.085893944 33.793113708 0.017703600 0.999721348 0.015610132 -35.013778687 -0.086166307 -0.014028986 0.996181965 362.968261719
0.996165931 -0.019011822 0.085392870 34.083980560 0.017706109 0.999714851 0.016022108 -35.210269928 -0.085673116 -0.014448700 0.996218503 365.212585449
0.996206760 -0.019098051 0.084896393 34.369571686 0.017867859 0.999724329 0.015226933 -35.407787323 -0.085163787 -0.013652256 0.996273458 367.475830078
0.996220529 -0.019772861 0.084579334 34.651473999 0.018562224 0.999714017 0.015076269 -35.607898712 -0.084853239 -0.013449305 0.996302783 369.731353760
0.996224165 -0.019775804 0.084535524 34.929336548 0.018640585 0.999725401 0.014197195 -35.802375793 -0.084793083 -0.012567795 0.996319294 371.996276855
0.996281564 -0.019629417 0.083890691 35.213436127 0.018500252 0.999727666 0.014216285 -36.006092072 -0.084146902 -0.012611423 0.996373653 374.244049072
0.996367335 -0.019655768 0.082860522 35.502609253 0.018489234 0.999719203 0.014822250 -36.202041626 -0.083128594 -0.013236376 0.996450961 376.490447998
0.996288836 -0.019361541 0.083868712 35.773815155 0.018129969 0.999716699 0.015421432 -36.401401520 -0.084143534 -0.013843661 0.996357501 378.751617432
0.996288419 -0.019916816 0.083743401 36.055561066 0.018653307 0.999700606 0.015843390 -36.604793549 -0.084033877 -0.014222493 0.996361375 380.998840332
0.996311784 -0.019897692 0.083467767 36.342147827 0.018648837 0.999702513 0.015715281 -36.793796539 -0.083755627 -0.014100740 0.996386528 383.260040283
0.996311963 -0.018905248 0.083696023 36.623905182 0.017634008 0.999718010 0.015902147 -36.992820740 -0.083973058 -0.014367603 0.996364415 385.512664795
0.996330798 -0.017801175 0.083714224 36.908027649 0.016520025 0.999735951 0.015971730 -37.184082031 -0.083976433 -0.014530165 0.996361792 387.780944824
0.996358216 -0.016688026 0.083617009 37.194286346 0.015399407 0.999752879 0.016032344 -37.389698029 -0.083863892 -0.014686305 0.996369004 390.050689697
0.996340692 -0.015414544 0.084069200 37.469287872 0.014127102 0.999773979 0.015887534 -37.587467194 -0.084295079 -0.014641742 0.996333241 392.329681396
0.996355355 -0.013906222 0.084158018 37.748535156 0.012494973 0.999772727 0.017272603 -37.782604218 -0.084379084 -0.016158098 0.996302724 394.588439941
0.996303856 -0.012882126 0.084927753 38.022548676 0.011434123 0.999781251 0.017514268 -37.976886749 -0.085134804 -0.016478460 0.996233106 396.856842041
0.996231854 -0.012356726 0.085844569 38.300003052 0.011009119 0.999808908 0.016153960 -38.180519104 -0.086027756 -0.015148018 0.996177554 399.124420166
0.996185482 -0.012190240 0.086405657 38.578769684 0.010902517 0.999822736 0.015359488 -38.374851227 -0.086577557 -0.014358861 0.996141613 401.388305664
0.996051967 -0.013117910 0.087797478 38.852878571 0.011717051 0.999796033 0.016451983 -38.569423676 -0.087995380 -0.015358306 0.996002495 403.635284424
0.996068418 -0.014549443 0.087384216 39.143173218 0.013067738 0.999761403 0.017504400 -38.766906738 -0.087618031 -0.016293664 0.996020973 405.915374756
0.996008933 -0.015055259 0.087975167 39.424621582 0.013556932 0.999753118 0.017604046 -38.964012146 -0.088218465 -0.016341114 0.995967090 408.170837402
0.995961666 -0.014201510 0.088649355 39.730518341 0.012756733 0.999776721 0.016843030 -39.159282684 -0.088868767 -0.015644135 0.995920479 410.436492920
0.995908201 -0.013286376 0.089388855 40.023212433 0.011815966 0.999786377 0.016958714 -39.358512878 -0.089595079 -0.015833106 0.995852411 412.691711426
0.995846272 -0.012121159 0.090239860 40.306571960 0.010670133 0.999806166 0.016544765 -39.555000305 -0.090422906 -0.015513171 0.995782614 414.939208984
0.995754480 -0.011132600 0.091373079 40.601448059 0.009651521 0.999815047 0.016635062 -39.752059937 -0.091541372 -0.015682545 0.995677769 417.213073730
0.995716751 -0.011487544 0.091739841 40.904182434 0.010012603 0.999813318 0.016521527 -39.950538635 -0.091912501 -0.015532203 0.995645881 419.469360352
0.995607376 -0.011500481 0.092917219 41.192546844 0.010008875 0.999813735 0.016503153 -40.145317078 -0.093089715 -0.015500661 0.995537043 421.723327637
0.995515227 -0.011538737 0.093895182 41.481208801 0.010046316 0.999815822 0.016351800 -40.344715118 -0.094066575 -0.015335165 0.995447814 423.978546143
0.995449424 -0.012092113 0.094520845 41.783073425 0.010483881 0.999792039 0.017492702 -40.542224884 -0.094712712 -0.016422160 0.995369196 426.254028320
0.995404959 -0.011274075 0.095088005 42.082893372 0.009589356 0.999789178 0.018155858 -40.736053467 -0.095272638 -0.017160598 0.995303273 428.507232666
0.995334208 -0.010440577 0.095920444 42.389106750 0.008663494 0.999783337 0.018924456 -40.929012299 -0.096097238 -0.018005148 0.995209098 430.782867432
0.995342433 -0.011491561 0.095714338 42.696876526 0.009690059 0.999767542 0.019265255 -41.132087708 -0.095913470 -0.018248053 0.995222330 433.061798096
0.995281696 -0.012045079 0.096277274 43.003421783 0.010282787 0.999770761 0.018779578 -41.333427429 -0.096481413 -0.017700976 0.995177329 435.327911377
0.995283723 -0.011127247 0.096365698 43.318737030 0.009345880 0.999777377 0.018917140 -41.512931824 -0.096554756 -0.017927306 0.995166183 437.597442627
0.995235324 -0.011391461 0.096834227 43.630023956 0.009571412 0.999769092 0.019239314 -41.705982208 -0.097031042 -0.018220803 0.995114505 439.882629395
0.995260119 -0.011402562 0.096577629 43.948211670 0.009558486 0.999763489 0.019535445 -41.897220612 -0.096777551 -0.018519713 0.995133758 442.154296875
0.995280087 -0.011072593 0.096409477 44.270694733 0.009124592 0.999745667 0.020622997 -42.108211517 -0.096613318 -0.019645963 0.995128095 444.424835205
0.995224118 -0.011531937 0.096932799 44.580627441 0.009575320 0.999741316 0.020626305 -42.294296265 -0.097145610 -0.019599631 0.995077193 446.708099365
0.995230734 -0.011314808 0.096890658 44.891864777 0.009402384 0.999752343 0.020171860 -42.486206055 -0.097094901 -0.019164652 0.995090604 448.977539062
0.995252907 -0.010752111 0.096726790 45.205230713 0.008870420 0.999763370 0.019862717 -42.679298401 -0.096917480 -0.018910423 0.995112777 451.241363525
0.995181024 -0.010171480 0.097525917 45.508083344 0.008285310 0.999771118 0.019725712 -42.877696991 -0.097704217 -0.018822622 0.995037496 453.505096436
0.995096922 -0.009508655 0.098446183 45.811855316 0.007599447 0.999776065 0.019750275 -43.060256958 -0.098611921 -0.018905303 0.994946361 455.786987305
0.995083630 -0.009639889 0.098567955 46.121360779 0.007747693 0.999778628 0.019561656 -43.258857727 -0.098734707 -0.018701810 0.994938016 458.047760010
0.995108426 -0.008726683 0.098401755 46.446151733 0.006909965 0.999799609 0.018787980 -43.451419830 -0.098545983 -0.018016124 0.994969547 460.335540771
0.995088875 -0.007488030 0.098701514 46.759296417 0.005623887 0.999800801 0.019151384 -43.642986298 -0.098825261 -0.018502239 0.994932771 462.620941162
0.995106578 -0.007017554 0.098557860 47.071163177 0.005022714 0.999777794 0.020473851 -43.833316803 -0.098679632 -0.019878631 0.994920671 464.895202637
0.995170891 -0.007242980 0.097889289 47.379936218 0.005242416 0.999772370 0.020678788 -44.018379211 -0.098016798 -0.020065755 0.994982421 467.159606934
0.995280147 -0.007152695 0.096780829 47.703651428 0.005289541 0.999796093 0.019494161 -44.207817078 -0.096900545 -0.018890223 0.995114744 469.448852539
0.995349526 -0.007078583 0.096068911 48.025169373 0.005257824 0.999801993 0.019192576 -44.404041290 -0.096185751 -0.018598210 0.995189548 471.745788574
0.995424449 -0.007486062 0.095259637 48.335853577 0.005562186 0.999775469 0.020445658 -44.604949951 -0.095391318 -0.019822255 0.995242476 474.026519775
0.995366156 -0.007654821 0.095851883 48.627185822 0.005685082 0.999767363 0.020806080 -44.797386169 -0.095988832 -0.020164745 0.995178163 476.309448242
0.995507717 -0.007567428 0.094378874 48.938938141 0.005689228 0.999780715 0.020153858 -44.972396851 -0.094510704 -0.019526372 0.995332360 478.589355469
0.995513260 -0.007628530 0.094314143 49.240028381 0.005676011 0.999764323 0.020953258 -45.165130615 -0.094451778 -0.020323919 0.995321929 480.869842529
0.995541275 -0.008393466 0.093953788 49.547206879 0.006386664 0.999745548 0.021639807 -45.356945038 -0.094111525 -0.020943273 0.995341361 483.143005371
0.995561302 -0.008783301 0.093704738 49.847400665 0.006839470 0.999755144 0.021045236 -45.543399811 -0.093866646 -0.020310933 0.995377541 485.420349121
0.995650649 -0.009270244 0.092702903 50.156890869 0.007325770 0.999746501 0.021293687 -45.736312866 -0.092876785 -0.020521954 0.995466053 487.707122803
0.995646775 -0.008825911 0.092787579 50.432933807 0.006875958 0.999749184 0.021313969 -45.915512085 -0.092952430 -0.020583179 0.995457768 489.989624023
0.995677233 -0.008321449 0.092507027 50.736591339 0.006342096 0.999745011 0.021670220 -46.096916199 -0.092663787 -0.020989858 0.995476186 492.293182373
0.995725393 -0.007709054 0.092040725 51.040328979 0.005697124 0.999739408 0.022101901 -46.281860352 -0.092187129 -0.021483056 0.995509923 494.577606201
0.995730519 -0.007389064 0.092011437 51.332618713 0.005420010 0.999751270 0.021631630 -46.467094421 -0.092148378 -0.021040572 0.995522916 496.882781982
0.995761752 -0.006941047 0.091707304 51.643699646 0.004999436 0.999758840 0.021384612 -46.665023804 -0.091833629 -0.020835491 0.995556355 499.198425293
0.995802462 -0.007014839 0.091259331 51.941818237 0.005005771 0.999740422 0.022225218 -46.853454590 -0.091391534 -0.021675102 0.995579123 501.493865967
0.995812297 -0.006663134 0.091178544 52.236728668 0.004628082 0.999735832 0.022512663 -47.043914795 -0.091304466 -0.021996405 0.995580077 503.772460938
0.995823324 -0.005927518 0.091108717 52.531604767 0.003958984 0.999755144 0.021771988 -47.230339050 -0.091215461 -0.021320354 0.995602906 506.059082031
0.995828867 -0.005737806 0.091060407 52.823577881 0.003719883 0.999744058 0.022314545 -47.417724609 -0.091165163 -0.021882731 0.995595276 508.345092773
0.995853007 -0.006049043 0.090775847 53.122211456 0.004125283 0.999763250 0.021365104 -47.605350494 -0.090883605 -0.020902026 0.995642126 510.633331299
0.995897472 -0.006780772 0.090234309 53.429004669 0.004784252 0.999739349 0.022323871 -47.801475525 -0.090362154 -0.021800589 0.995670259 512.937011719
0.995923877 -0.006648210 0.089952238 53.728958130 0.004664188 0.999741614 0.022248654 -47.981811523 -0.090076901 -0.021738410 0.995697558 515.235534668
0.995938778 -0.006095814 0.089826435 54.022289276 0.004114516 0.999744534 0.022225641 -48.171825409 -0.089938968 -0.021765785 0.995709419 517.536010742
0.995927215 -0.005123160 0.090015136 54.309963226 0.003153596 0.999752879 0.022008978 -48.361747742 -0.090105645 -0.021635473 0.995697200 519.833374023
0.995911956 -0.003518913 0.090260856 54.613868713 0.001509763 0.999749720 0.022318009 -48.558132172 -0.090316802 -0.022090493 0.995667994 522.169189453
0.995743632 -0.001168162 0.092158638 54.892253876 -0.000911408 0.999745965 0.022519805 -48.742195129 -0.092161544 -0.022507949 0.995489657 524.492004395
0.995798230 -0.000566589 0.091574281 55.211341858 -0.001601961 0.999720037 0.023605524 -48.928153992 -0.091562033 -0.023653036 0.995518446 526.828369141
0.995713115 -0.000769409 0.092491269 55.500160217 -0.001410468 0.999722838 0.023500780 -49.112873077 -0.092483707 -0.023530493 0.995436132 529.137573242
0.995651782 -0.002576152 0.093117937 55.793907166 0.000254571 0.999688983 0.024934907 -49.295860291 -0.093153216 -0.024802776 0.995342910 531.451049805
0.995584786 -0.004119527 0.093776405 56.102016449 0.001823070 0.999696672 0.024561156 -49.476177216 -0.093849137 -0.024281750 0.995290279 533.771789551
0.995569825 -0.003891210 0.093944184 56.410137177 0.001664144 0.999715924 0.023772981 -49.655391693 -0.094010003 -0.023511330 0.995293617 536.088378906
0.995491683 -0.004188349 0.094756164 56.716133118 0.001965346 0.999720931 0.023541415 -49.840351105 -0.094828315 -0.023249058 0.995222151 538.406860352
0.995408237 -0.003722897 0.095647506 57.019268036 0.001518954 0.999731898 0.023104837 -50.032203674 -0.095707886 -0.022853460 0.995147109 540.728149414
0.995318711 -0.002880004 0.096603587 57.325492859 0.000699415 0.999744356 0.022598827 -50.218788147 -0.096643977 -0.022425473 0.995066285 543.056640625
0.995268822 -0.002318045 0.097131625 57.646656036 0.000231276 0.999768972 0.021489687 -50.403266907 -0.097159013 -0.021365555 0.995039403 545.380920410
0.995083869 -0.002416693 0.099006474 57.930789948 0.000227822 0.999755442 0.022113703 -50.597553253 -0.099035718 -0.021982433 0.994841039 547.709716797
0.995026350 -0.002312394 0.099584699 58.244953156 0.000035918 0.999738753 0.022855427 -50.788249969 -0.099611543 -0.022738177 0.994766593 550.027404785
0.994940877 -0.002148703 0.100439094 58.551696777 -0.000118184 0.999745429 0.022558372 -50.970687866 -0.100461997 -0.022456121 0.994687378 552.333312988
0.994961679 -0.004306292 0.100163646 58.875751495 0.002038607 0.999739468 0.022731148 -51.176887512 -0.100235447 -0.022412425 0.994711280 554.643127441
0.995025575 -0.004475359 0.099519260 59.211231232 0.002174112 0.999728024 0.023220086 -51.364143372 -0.099596113 -0.022888210 0.994764626 556.957519531
0.994951665 -0.004335628 0.100261636 59.524864197 0.001974807 0.999718726 0.023633877 -51.549018860 -0.100335903 -0.023316568 0.994680345 559.263732910
0.994942129 -0.003745367 0.100379139 59.848522186 0.001293588 0.999699533 0.024479151 -51.731872559 -0.100440666 -0.024225492 0.994648099 561.591613770
0.994957983 -0.004451917 0.100193582 60.181430817 0.001926341 0.999678314 0.025289606 -51.918731689 -0.100273930 -0.024969088 0.994646490 563.922912598
0.994909227 -0.003817856 0.100702375 60.502712250 0.001208983 0.999662399 0.025955072 -52.098102570 -0.100767471 -0.025701197 0.994578004 566.245605469
0.994843662 -0.002784885 0.101381384 60.827655792 0.000209897 0.999677300 0.025400834 -52.285793304 -0.101419427 -0.025248582 0.994523227 568.572448730
0.994857550 -0.001456892 0.101273708 61.168807983 -0.000975696 0.999712229 0.023966249 -52.464023590 -0.101279512 -0.023941817 0.994569838 570.910278320
0.994848907 -0.000939966 0.101364046 61.510997772 -0.001519570 0.999706328 0.024184436 -52.651531219 -0.101357013 -0.024213893 0.994555414 573.230834961
0.994859755 -0.001368459 0.101252928 61.845481873 -0.001196571 0.999679983 0.025267828 -52.842849731 -0.101255096 -0.025259102 0.994539738 575.605895996
0.994863629 -0.001444208 0.101213746 62.182041168 -0.001246997 0.999647498 0.026521012 -53.030464172 -0.101216376 -0.026511006 0.994511187 577.919433594
0.994786918 -0.000734766 0.101972349 62.507423401 -0.001821820 0.999686420 0.024975976 -53.216083527 -0.101958700 -0.025031550 0.994473636 580.312255859
0.994849861 -0.001574667 0.101346776 62.843654633 -0.000914376 0.999699175 0.024508525 -53.391403198 -0.101354890 -0.024474973 0.994549215 582.651062012
0.994819283 -0.002439941 0.101629794 63.178668976 -0.000235714 0.999653876 0.026307140 -53.588706970 -0.101658806 -0.026194805 0.994474411 584.986999512
0.994888067 -0.002195902 0.100959584 63.511482239 -0.000484731 0.999648213 0.026519351 -53.769287109 -0.100982286 -0.026432723 0.994537055 587.303649902
0.994836330 -0.005162107 0.101360850 63.851043701 0.002599288 0.999673903 0.025399933 -53.959793091 -0.101458922 -0.025005307 0.994525433 589.660705566
0.994872510 -0.005471750 0.100989096 64.186576843 0.002944493 0.999679148 0.025157170 -54.135822296 -0.101094335 -0.024730820 0.994569421 592.006958008
0.994878471 -0.007336532 0.100811779 64.510543823 0.004763879 0.999657393 0.025736470 -54.317939758 -0.100966051 -0.025124406 0.994572520 594.340576172
0.994905353 -0.008109654 0.100486316 64.850334167 0.005524463 0.999647260 0.025978412 -54.501781464 -0.100661539 -0.025290927 0.994599223 596.701721191
