1.000000000 0.000000000 0.000000000 0.000000000 0.000000000 1.000000000 0.000000000 0.000000000 0.000000000 0.000000000 1.000000000 0.000000000
0.999999940 0.000047321 0.000384570 0.087805711 -0.000047262 1.000000000 -0.000154238 -0.226312682 -0.000384577 0.000154220 0.999999940 2.287008524
0.999999285 0.000372829 0.001128422 0.167120904 -0.000373249 0.999999881 0.000371706 -0.463713706 -0.001128284 -0.000372128 0.999999225 4.581153870
0.999998689 -0.000191192 0.001603363 0.266095012 0.000190660 0.999999881 0.000331891 -0.693390667 -0.001603426 -0.000331585 0.999998689 6.867782593
0.999996960 -0.000422521 0.002416929 0.361269653 0.000425913 0.999998927 -0.001403140 -0.926355898 -0.002416334 0.001404165 0.999996066 9.158802032
0.999988914 0.001324699 0.004500447 0.452207863 -0.001324030 0.999999166 -0.000151835 -1.161312342 -0.004500645 0.000145874 0.999989867 11.464920998
0.999973238 0.003179627 0.006584822 0.562236965 -0.003186683 0.999994338 0.001061287 -1.393065095 -0.006581411 -0.001082243 0.999977767 13.745195389
0.999954998 0.003025756 0.008979773 0.667211056 -0.003058321 0.999988794 0.003614981 -1.622236371 -0.008968735 -0.003642282 0.999953151 16.017635345
0.999946892 0.003519116 0.009682856 0.765463769 -0.003571694 0.999978960 0.005418138 -1.857236505 -0.009663587 -0.005452435 0.999938369 18.300073624
0.999926329 0.002572777 0.011859132 0.866492927 -0.002638656 0.999981165 0.005542803 -2.080486059 -0.011844648 -0.005573686 0.999914229 20.595493317
0.999932587 0.000423738 0.011598772 0.991215587 -0.000459530 0.999995053 0.003083337 -2.302698851 -0.011597409 -0.003088459 0.999927998 22.879426956
0.999920547 -0.001793844 0.012480527 1.097486496 0.001781179 0.999997914 0.001025730 -2.520647764 -0.012482341 -0.001003419 0.999921560 25.158721924
0.999921083 -0.002027689 0.012397551 1.233561277 0.002018621 0.999997675 0.000743839 -2.770064354 -0.012399030 -0.000718755 0.999922812 27.457304001
0.999900103 -0.001719995 0.014022434 1.329655647 0.001724851 0.999998391 -0.000334200 -2.994022846 -0.014021837 0.000358354 0.999901593 29.742221832
0.999897301 0.000364121 0.014328335 1.456899643 -0.000401058 0.999996603 0.002575160 -3.224337578 -0.014327348 -0.002580641 0.999893963 32.020778656
0.999897063 0.002250249 0.014172995 1.589301109 -0.002319467 0.999985456 0.004869225 -3.444423914 -0.014161831 -0.004901598 0.999887705 34.300975800
0.999868989 0.004269835 0.015608868 1.709222555 -0.004404727 0.999953151 0.008617888 -3.672126532 -0.015571340 -0.008685513 0.999841154 36.610767365
0.999853671 0.006187872 0.015949605 1.828635216 -0.006320021 0.999946058 0.008248349 -3.889696836 -0.015897704 -0.008347943 0.999838769 38.883731842
0.999816716 0.005384133 0.018373670 1.936584711 -0.005506335 0.999962986 0.006606873 -4.096127033 -0.018337419 -0.006706832 0.999809384 41.213012695
0.999831676 0.002939807 0.018113215 2.064653397 -0.003046077 0.999978244 0.005842126 -4.322168350 -0.018095646 -0.005896317 0.999818921 43.491779327
0.999823153 0.002848883 0.018588193 2.189614773 -0.002928193 0.999986708 0.004240822 -4.542469025 -0.018575864 -0.004294502 0.999818206 45.749065399
0.999825537 0.001981385 0.018581154 2.316940069 -0.002042909 0.999992490 0.003292710 -4.770851612 -0.018574493 -0.003330094 0.999821961 48.027687073
0.999822736 0.000952733 0.018802825 2.449722528 -0.001021761 0.999992728 0.003661900 -4.998473167 -0.018799201 -0.003680463 0.999816477 50.308170319
0.999802232 0.000406302 0.019881494 2.576087475 -0.000485556 0.999991953 0.003981622 -5.219733715 -0.019879712 -0.003990489 0.999794424 52.573196411
0.999800503 -0.000768335 0.019958610 2.714872360 0.000692619 0.999992490 0.003800321 -5.446627617 -0.019961385 -0.003785738 0.999793589 54.858474731
0.999764979 -0.000861798 0.021661254 2.832919836 0.000779651 0.999992490 0.003800550 -5.672785759 -0.021664364 -0.003782768 0.999758124 57.149257660
0.999751806 -0.002174584 0.022176150 2.972400665 0.002079392 0.999988496 0.004314739 -5.897140980 -0.022185281 -0.004267554 0.999744773 59.416992188
0.999707401 -0.003309486 0.023960175 3.096106529 0.003225081 0.999988437 0.003560499 -6.119763374 -0.023971681 -0.003482183 0.999706566 61.686153412
0.999695003 -0.003876091 0.024390347 3.248289585 0.003793539 0.999986947 0.003430010 -6.345903397 -0.024403326 -0.003336438 0.999696553 63.937213898
0.999661386 -0.003368141 0.025802359 3.387641430 0.003269847 0.999987245 0.003850811 -6.567548275 -0.025814999 -0.003765137 0.999659657 66.206489563
0.999637246 -0.002405392 0.026825354 3.535916805 0.002295443 0.999988794 0.004128765 -6.795125961 -0.026834989 -0.004065690 0.999631584 68.465385437
0.999594629 -0.002642551 0.028347174 3.673268795 0.002532759 0.999989092 0.003908306 -7.022564888 -0.028357193 -0.003834927 0.999590456 70.720138550
0.999582529 -0.003469235 0.028683979 3.836469889 0.003395680 0.999990821 0.002612629 -7.248197079 -0.028692780 -0.002514136 0.999585092 72.971328735
0.999569774 -0.004350485 0.029005557 3.998358488 0.004261413 0.999985993 0.003131992 -7.477851391 -0.029018776 -0.003007040 0.999574304 75.250411987
0.999529660 -0.005417014 0.030182991 4.160203457 0.005342081 0.999982476 0.002562704 -7.709808350 -0.030196346 -0.002400259 0.999541163 77.514274597
0.999514818 -0.006521475 0.030457254 4.313362122 0.006450357 0.999976158 0.002432658 -7.938143253 -0.030472392 -0.002235017 0.999533117 79.741920471
0.999481916 -0.006952046 0.031427249 4.461330891 0.006879078 0.999973357 0.002429363 -8.160947800 -0.031443302 -0.002211913 0.999503076 81.996932983
0.999479651 -0.005946437 0.031706080 4.644795895 0.005876960 0.999980152 0.002284083 -8.398200989 -0.031719036 -0.002096560 0.999494612 84.256919861
0.999419928 -0.005771628 0.033563077 4.796091080 0.005697680 0.999981105 0.002298495 -8.611738205 -0.033575710 -0.002105930 0.999433935 86.510696411
0.999425888 -0.005348885 0.033454914 4.975116253 0.005225292 0.999979138 0.003780652 -8.853898048 -0.033474442 -0.003603671 0.999433100 88.776138306
0.999396920 -0.004374900 0.034447804 5.136970043 0.004225857 0.999981344 0.004398253 -9.083000183 -0.034466404 -0.004250029 0.999396801 91.025016785
0.999369502 -0.004306881 0.035245948 5.303985596 0.004152086 0.999981403 0.004463910 -9.308329582 -0.035264518 -0.004314752 0.999368668 93.273826599
0.999350190 -0.004433403 0.035770282 5.473168373 0.004295666 0.999983072 0.003926490 -9.528378487 -0.035787087 -0.003770281 0.999352336 95.529129028
0.999328673 -0.004748257 0.036324993 5.643448353 0.004596353 0.999980330 0.004264171 -9.752192497 -0.036344521 -0.004094346 0.999330938 97.786506653
0.999292791 -0.004328540 0.037349872 5.804969788 0.004189172 0.999983966 0.003808881 -9.984195709 -0.037365757 -0.003649723 0.999294996 100.022186279
0.999219418 -0.004276729 0.039268754 5.957221985 0.004095224 0.999980509 0.004701403 -10.200317383 -0.039288096 -0.004536919 0.999217689 102.241928101
0.999228597 -0.004622332 0.038996223 6.159286022 0.004443849 0.999979258 0.004662401 -10.422729492 -0.039016970 -0.004485512 0.999228477 104.492462158
0.999192119 -0.005358138 0.039828166 6.334708214 0.005147851 0.999972224 0.005380548 -10.640140533 -0.039855890 -0.005171171 0.999192059 106.718742371
0.999159813 -0.006755702 0.040421795 6.515686035 0.006529913 0.999962270 0.005715250 -10.859026909 -0.040458880 -0.005446498 0.999166369 108.965026855
0.999123514 -0.007689805 0.041147485 6.698895454 0.007421444 0.999950230 0.006670707 -11.085346222 -0.041196734 -0.006359485 0.999130845 111.209709167
0.999106646 -0.008532809 0.041389994 6.890251160 0.008325219 0.999951899 0.005185240 -11.304945946 -0.041432254 -0.004836028 0.999129593 113.464508057
0.999063313 -0.008917446 0.042344145 7.071634293 0.008740909 0.999952435 0.004352409 -11.524703979 -0.042380940 -0.003978207 0.999093592 115.706047058
0.999037087 -0.009251738 0.042887412 7.248586655 0.009045902 0.999946594 0.004991053 -11.753628731 -0.042931292 -0.004598291 0.999067426 117.918426514
0.998989344 -0.009821570 0.043861400 7.435510635 0.009567744 0.999936223 0.005993222 -11.978543282 -0.043917477 -0.005567511 0.999019623 120.149955750
0.998937368 -0.010218680 0.044943646 7.627547264 0.009946443 0.999930859 0.006276743 -12.199222565 -0.045004673 -0.005823043 0.998969793 122.381477356
0.998911381 -0.010984532 0.045336999 7.824252605 0.010715791 0.999923587 0.006166444 -12.419859886 -0.045401275 -0.005673910 0.998952746 124.608306885
0.998881936 -0.011441958 0.045868866 8.012210846 0.011210813 0.999923170 0.005293367 -12.646019936 -0.045925915 -0.004773221 0.998933434 126.869316101
0.998879850 -0.013084770 0.045472071 8.206585884 0.012845133 0.999902010 0.005558239 -12.862148285 -0.045540348 -0.004967918 0.998950124 129.129470825
0.998912513 -0.014003321 0.044471540 8.399019241 0.013748600 0.999887288 0.006028437 -13.082859993 -0.044550948 -0.005410458 0.998992443 131.380935669
0.998975337 -0.014353368 0.042921420 8.600156784 0.014063170 0.999876201 0.007055463 -13.298292160 -0.043017372 -0.006444621 0.999053538 133.617874146
0.999029219 -0.015543142 0.041219890 8.798631668 0.015275846 0.999860168 0.006791700 -13.524398804 -0.041319687 -0.006155438 0.999127030 135.873794556
0.999105096 -0.016371472 0.039001308 9.005300522 0.016144034 0.999850750 0.006139448 -13.736104012 -0.039096005 -0.005504315 0.999220312 138.094894409
0.999086916 -0.016834715 0.039267726 9.166012764 0.016585430 0.999840260 0.006665503 -13.961935997 -0.039373666 -0.006008144 0.999206483 140.367004395
0.999078989 -0.017077273 0.039365903 9.336374283 0.016816081 0.999834478 0.006956567 -14.172853470 -0.039478187 -0.006288180 0.999200642 142.598297119
0.999113917 -0.016959917 0.038519707 9.513757706 0.016656505 0.999827683 0.008184080 -14.397294998 -0.038651869 -0.007535223 0.999224305 144.820297241
0.999130368 -0.016038440 0.038487028 9.689291000 0.015778681 0.999850631 0.007043628 -14.611951828 -0.038594253 -0.006430228 0.999234200 147.063018799
0.999147177 -0.014669985 0.038596276 9.865468979 0.014467560 0.999880135 0.005518771 -14.830312729 -0.038672619 -0.004955671 0.999239624 149.316574097
0.999156713 -0.013019857 0.038939048 10.039453506 0.012840663 0.999905765 0.004848470 -15.054632187 -0.038998500 -0.004344378 0.999229789 151.569854736
0.999169827 -0.012158147 0.038880624 10.225078583 0.011979728 0.999916613 0.004818619 -15.270374298 -0.038935963 -0.004348840 0.999232233 153.807235718
0.999161899 -0.011395043 0.039313778 10.401306152 0.011192693 0.999923110 0.005363302 -15.489955902 -0.039371874 -0.004918780 0.999212444 156.058212280
0.999170184 -0.010559508 0.039338328 10.594285965 0.010307867 0.999925077 0.006594180 -15.709824562 -0.039405018 -0.006183214 0.999204159 158.276443481
0.999100149 -0.010077151 0.041196704 10.750022888 0.009770365 0.999922991 0.007641479 -15.933536530 -0.041270543 -0.007232097 0.999121845 160.565750122
0.999067426 -0.009142961 0.042197429 10.929553986 0.008742712 0.999915123 0.009659987 -16.152242661 -0.042282175 -0.009282059 0.999062657 162.801818848
0.999040544 -0.008337174 0.042992946 11.112960815 0.007982526 0.999932706 0.008414056 -16.358297348 -0.043060206 -0.008062791 0.999039948 165.073348999
0.998993039 -0.007665570 0.044203795 11.301820755 0.007352253 0.999946713 0.007246177 -16.572359085 -0.044256974 -0.006913884 0.998996258 167.319564819
0.998900771 -0.005773704 0.046516139 11.481858253 0.005427912 0.999956727 0.007556667 -16.787483215 -0.046557754 -0.007295875 0.998889029 169.553634644
0.998793244 -0.005517903 0.048801325 11.680273056 0.005112907 0.999951482 0.008419819 -17.021652222 -0.048845414 -0.008160142 0.998772979 171.837326050
0.998667002 -0.005776377 0.051290829 11.878013611 0.005374694 0.999953806 0.007965951 -17.231279373 -0.051334471 -0.007679660 0.998651981 174.096267700
0.998588145 -0.005971356 0.052782774 12.085095406 0.005523715 0.999947548 0.008622631 -17.450597763 -0.052831493 -0.008318902 0.998568773 176.346313477
0.998552501 -0.006359326 0.053408381 12.293573380 0.005866785 0.999938905 0.009373888 -17.658884048 -0.053464718 -0.009046983 0.998528779 178.574340820
0.998537838 -0.008228014 0.053426851 12.491541862 0.007736047 0.999925911 0.009408515 -17.879379272 -0.053500302 -0.008981449 0.998527467 180.803619385
0.998497605 -0.009125841 0.054028608 12.688366890 0.008626268 0.999917924 0.009472450 -18.093355179 -0.054110620 -0.008992156 0.998494506 183.047225952
0.998577178 -0.010507969 0.052279983 12.916075706 0.010044006 0.999907911 0.009129426 -18.310646057 -0.052371092 -0.008591336 0.998590708 185.270309448
0.998583376 -0.012275786 0.051773280 13.120059967 0.011763147 0.999878824 0.010194710 -18.528047562 -0.051892161 -0.009571253 0.998606801 187.513381958
0.998591542 -0.013066609 0.051422652 13.322149277 0.012584751 0.999873936 0.009683222 -18.734378815 -0.051542692 -0.009022443 0.998630047 189.756668091
0.998562992 -0.014145237 0.051690139 13.512531281 0.013666862 0.999860525 0.009596451 -18.948049545 -0.051818680 -0.008876220 0.998616993 191.966247559
0.998535156 -0.015214969 0.051925041 13.702955246 0.014752307 0.999848068 0.009281879 -19.154111862 -0.052058384 -0.008502268 0.998607814 194.203033447
0.998546302 -0.015128560 0.051734138 13.916686058 0.014625510 0.999842107 0.010088593 -19.384536743 -0.051878601 -0.009317289 0.998609900 196.458786011
0.998563588 -0.012929697 0.051995404 14.120857239 0.012424505 0.999872446 0.010027611 -19.590847015 -0.052118432 -0.009367190 0.998596907 198.693572998
0.998569131 -0.010908511 0.052351158 14.320424080 0.010408338 0.999897599 0.009817388 -19.804391861 -0.052452885 -0.009258450 0.998580575 200.918045044
0.998529434 -0.010256898 0.053233150 14.527447701 0.009784967 0.999910533 0.009118440 -20.013065338 -0.053321909 -0.008584145 0.998540401 203.167129517
0.998493552 -0.010826117 0.053792819 14.730512619 0.010308833 0.999898016 0.009884445 -20.221727371 -0.053894345 -0.009315015 0.998503208 205.390747070
0.998459280 -0.012284843 0.054113068 14.936161995 0.011727552 0.999874949 0.010604180 -20.434103012 -0.054236572 -0.009953228 0.998478532 207.603012085
0.998433650 -0.012593421 0.054512370 15.139419556 0.012069834 0.999877930 0.009923527 -20.639144897 -0.054630686 -0.009250030 0.998463809 209.837570190
0.998338103 -0.011969938 0.056370605 15.346904755 0.011353753 0.999872327 0.011238585 -20.853246689 -0.056497939 -0.010579891 0.998346627 212.073379517
0.998263538 -0.010824678 0.057902485 15.571916580 0.010163784 0.999879897 0.011696314 -21.062154770 -0.058022145 -0.011087497 0.998253763 214.297164917
0.998060882 -0.009460367 0.061522447 15.759323120 0.008778422 0.999897122 0.011345354 -21.254676819 -0.061623447 -0.010783283 0.998041213 216.548812866
0.997940600 -0.009455513 0.063444264 15.989374161 0.008729747 0.999893367 0.011706920 -21.460462570 -0.063548200 -0.011128958 0.997916698 218.782363892
0.997806132 -0.010450426 0.065375835 16.219541550 0.009670555 0.999878407 0.012234161 -21.661067963 -0.065495744 -0.011575098 0.997785687 221.006759644
0.997718990 -0.011999695 0.066428199 16.453901291 0.011165277 0.999854207 0.012918228 -21.861446381 -0.066573523 -0.012147075 0.997707605 223.235153198
0.997666955 -0.014134859 0.066789478 16.702674866 0.013333092 0.999833703 0.012434973 -22.072303772 -0.066954128 -0.011515451 0.997689605 225.453079224
0.997652888 -0.015463358 0.066706926 16.949802399 0.014696187 0.999820292 0.011976094 -22.271745682 -0.066880137 -0.010967644 0.997700751 227.710510254
0.997589409 -0.015635855 0.067608550 17.179162979 0.014830206 0.999813139 0.012401931 -22.478223801 -0.067789830 -0.011369387 0.997634828 229.948440552
0.997537196 -0.016563475 0.068155661 17.425319672 0.015834108 0.999811590 0.011227883 -22.681268692 -0.068328798 -0.010121049 0.997611523 232.194229126
0.997501612 -0.017697811 0.068391226 17.676023483 0.016914222 0.999784768 0.012019576 -22.878908157 -0.068589240 -0.010832761 0.997586131 234.438034058
0.997462273 -0.016633928 0.069226988 17.930196762 0.015803194 0.999796629 0.012530576 -23.090936661 -0.069421344 -0.011404769 0.997522235 236.683609009
0.997427285 -0.015703149 0.069945864 18.168025970 0.014893992 0.999816179 0.012074891 -23.286323547 -0.070122629 -0.011002051 0.997477710 238.900680542
0.997408986 -0.016082171 0.070118941 18.416084290 0.015245583 0.999806285 0.012449918 -23.492603302 -0.070305564 -0.011348656 0.997460961 241.115356445
0.997353852 -0.016356083 0.070836022 18.661788940 0.015498574 0.999800026 0.012638348 -23.695093155 -0.071028568 -0.011507046 0.997407913 243.359054565
0.997325957 -0.016700100 0.071149349 18.909242630 0.015880654 0.999801099 0.012067443 -23.904981613 -0.071336731 -0.010905273 0.997392595 245.581390381
0.997329295 -0.016343405 0.071183719 19.163352966 0.015573601 0.999814332 0.011355928 -24.111341476 -0.071356088 -0.010217014 0.997398555 247.809173584
0.997310579 -0.016678048 0.071368098 19.416812897 0.015864929 0.999802768 0.011945069 -24.318061829 -0.071553260 -0.010780694 0.997378528 250.035400391
0.997266054 -0.018036606 0.071659513 19.672016144 0.017228749 0.999781072 0.011875744 -24.522979736 -0.071858026 -0.010608672 0.997358561 252.266540527
0.997261345 -0.018178482 0.071689427 19.933761597 0.017316421 0.999770284 0.012628202 -24.730255127 -0.071902514 -0.011352212 0.997346997 254.522521973
0.997248471 -0.018911703 0.071678020 20.178010941 0.018034648 0.999754548 0.012863570 -24.933826447 -0.071903691 -0.011535487 0.997344851 256.740295410
0.997206211 -0.019230677 0.072179899 20.438007355 0.018300565 0.999741018 0.013525371 -25.150289536 -0.072421297 -0.012166651 0.997299910 259.010772705
0.997172594 -0.018912997 0.072726578 20.693811417 0.018012503 0.999752998 0.013018019 -25.350622177 -0.072954804 -0.011671223 0.997266948 261.250518799
0.997160435 -0.018804558 0.072919786 20.956378937 0.017944256 0.999761641 0.012435203 -25.549854279 -0.073136233 -0.011091405 0.997260273 263.498382568
0.997123182 -0.018144829 0.073594593 21.213462830 0.017300799 0.999777257 0.012089954 -25.758190155 -0.073797569 -0.010781928 0.997214973 265.731872559
0.997067332 -0.017458912 0.074510835 21.464620590 0.016611150 0.999790251 0.011982306 -25.954370499 -0.074704394 -0.010709454 0.997148216 267.962860107
0.996936679 -0.017375221 0.076257773 21.726665497 0.016529936 0.999795020 0.011701792 -26.167240143 -0.076445453 -0.010405409 0.997019410 270.232818604
0.996832132 -0.018060740 0.077456601 21.995164871 0.017179159 0.999780059 0.012032942 -26.374166489 -0.077656887 -0.010664185 0.996923089 272.474182129
0.996674359 -0.018496064 0.079362027 22.250637054 0.017561972 0.999768257 0.012452012 -26.574821472 -0.079573952 -0.011016846 0.996767998 274.733032227
0.996579528 -0.018500896 0.080541894 22.528488159 0.017436430 0.999751270 0.013899611 -26.772588730 -0.080779023 -0.012447705 0.996654332 276.970123291
0.996556520 -0.017216571 0.081109375 22.822267532 0.016085388 0.999764323 0.014579227 -26.970737457 -0.081341267 -0.013224348 0.996598661 279.224060059
0.996369064 -0.017174205 0.083388619 23.080759048 0.015913557 0.999749184 0.015758960 -27.176986694 -0.083638355 -0.014374731 0.996392488 281.466064453
0.996271491 -0.016505519 0.084679939 23.352159500 0.015175715 0.999751568 0.016323650 -27.375410080 -0.084928311 -0.014977708 0.996274531 283.709045410
0.996274114 -0.015499701 0.084838375 23.652313232 0.014250365 0.999781191 0.015311976 -27.569248199 -0.085057154 -0.014045948 0.996277094 285.970275879
0.996182680 -0.014865452 0.086017653 23.925365448 0.013655555 0.999799609 0.014637064 -27.767618179 -0.086217992 -0.013406573 0.996186078 288.195739746
0.996083558 -0.014736379 0.087179959 24.183691025 0.013523720 0.999803662 0.014484176 -27.971466064 -0.087376289 -0.013248451 0.996087372 290.427551270
0.996073008 -0.015071172 0.087242894 24.470907211 0.013920098 0.999808073 0.013787316 -28.165111542 -0.087433957 -0.012518746 0.996091604 292.670928955
0.996080339 -0.015527579 0.087079048 24.756343842 0.014450804 0.999811292 0.012982246 -28.365180969 -0.087264203 -0.011672997 0.996116757 294.899414062
0.996073723 -0.015460622 0.087167226 25.039064407 0.014372727 0.999810934 0.013094423 -28.569370270 -0.087353192 -0.011790179 0.996107638 297.133239746
0.996049941 -0.015059533 0.087508753 25.321289062 0.013926948 0.999811351 0.013538717 -28.767673492 -0.087696142 -0.012266508 0.996071696 299.372650146
0.996011496 -0.014477224 0.088042490 25.597648621 0.013275694 0.999810815 0.014217467 -28.970394135 -0.088231668 -0.012991938 0.996015251 301.613372803
0.995997190 -0.014976045 0.088120781 25.887786865 0.013746830 0.999799788 0.014539630 -29.170997620 -0.088320889 -0.013270050 0.996003628 303.863616943
0.995958030 -0.014628028 0.088620469 26.175600052 0.013387768 0.999804199 0.014573461 -29.364532471 -0.088816322 -0.013328127 0.995958805 306.101837158
0.995938182 -0.015211861 0.088744566 26.458322525 0.013971136 0.999796033 0.014585340 -29.570796967 -0.088948339 -0.013286236 0.995947599 308.347503662
0.995879829 -0.016637867 0.089143090 26.747055054 0.015342131 0.999766767 0.015201027 -29.770669937 -0.089375205 -0.013770751 0.995902836 310.603759766
0.995864451 -0.016690163 0.089304939 27.041315079 0.015465181 0.999776840 0.014391298 -29.967029572 -0.089525186 -0.012950664 0.995900273 312.840332031
0.995880723 -0.016242743 0.089206420 27.334806442 0.014950721 0.999773681 0.015132706 -30.169589996 -0.089432016 -0.013736668 0.995898187 315.079956055
0.995818377 -0.014769981 0.090154700 27.624422073 0.013529894 0.999805391 0.014350819 -30.371345520 -0.090349123 -0.013071025 0.995824337 317.320861816
0.995795369 -0.012588809 0.090736523 27.906669617 0.011283442 0.999825537 0.014884997 -30.570880890 -0.090908080 -0.013798591 0.995763659 319.551635742
0.995751023 -0.012099015 0.091287769 28.196079254 0.010849187 0.999840677 0.014174917 -30.772344589 -0.091444746 -0.013124293 0.995723665 321.785858154
0.995700955 -0.011212837 0.091944680 28.482650757 0.009896215 0.999842048 0.014763160 -30.971324921 -0.092095695 -0.013789789 0.995654583 324.024993896
0.995734572 -0.010859595 0.091622896 28.785558701 0.009430032 0.999827325 0.016021192 -31.179668427 -0.091781043 -0.015088849 0.995664895 326.253082275
0.995663762 -0.010463292 0.092434488 29.067224503 0.009053005 0.999836266 0.015663320 -31.381658554 -0.092583254 -0.014758591 0.995595574 328.482757568
0.995663285 -0.011971257 0.092256874 29.369253159 0.010611922 0.999827981 0.015210761 -31.581069946 -0.092423096 -0.014165775 0.995619059 330.713562012
0.995670795 -0.011621915 0.092220239 29.660060883 0.010294780 0.999836624 0.014853630 -31.779685974 -0.092377789 -0.013839940 0.995627820 332.939758301
0.995626092 -0.011814951 0.092678823 29.950084686 0.010366112 0.999816656 0.016098803 -31.976213455 -0.092852049 -0.015067668 0.995565891 335.181396484
0.995665669 -0.012279820 0.092191964 30.257350922 0.010840267 0.999811649 0.016099321 -32.171665192 -0.092372283 -0.015030150 0.995611072 337.419067383
0.995641708 -0.011851832 0.092504352 30.543125153 0.010362523 0.999809086 0.016563646 -32.374835968 -0.092683017 -0.015532877 0.995574415 339.657104492
0.995676875 -0.012105903 0.092091911 30.846389771 0.010636302 0.999808431 0.016432088 -32.574592590 -0.092273191 -0.015381534 0.995614946 341.900573730
0.995681763 -0.012190050 0.092027500 31.141637802 0.010655455 0.999796152 0.017148372 -32.772037506 -0.092217773 -0.016093727 0.995608807 344.149902344
0.995699525 -0.011441653 0.091933765 31.432807922 0.009907785 0.999804318 0.017123597 -32.963733673 -0.092111714 -0.016139094 0.995617867 346.384490967
0.995716810 -0.010969345 0.091802202 31.722040176 0.009450026 0.999811351 0.016968293 -33.154167175 -0.091971010 -0.016028082 0.995632708 348.616943359
0.995693564 -0.010655879 0.092091314 32.011035919 0.009095032 0.999808073 0.017351996 -33.349994659 -0.092258543 -0.016439693 0.995599389 350.856872559
0.995738328 -0.010704540 0.091600180 32.305076599 0.009099220 0.999797940 0.017925004 -33.545532227 -0.091773555 -0.017015120 0.995634615 353.075531006
0.995767057 -0.010266827 0.091337308 32.597152710 0.008706554 0.999809563 0.017464634 -33.740211487 -0.091499224 -0.016595479 0.995666862 355.314422607
0.995804012 -0.010394018 0.090918913 32.893421173 0.008792046 0.999799311 0.018002616 -33.932693481 -0.091087773 -0.017127715 0.995695591 357.546661377
0.995860398 -0.010011158 0.090342849 33.189403534 0.008353871 0.999790192 0.018703921 -34.124679565 -0.090511158 -0.017871777 0.995735049 359.790405273
0.995907545 -0.010187713 0.089802146 33.485588074 0.008522214 0.999784827 0.018910300 -34.320690155 -0.089975476 -0.018067600 0.995780110 362.031738281
0.995973349 -0.010330764 0.089052789 33.784751892 0.008646945 0.999776840 0.019273195 -34.510520935 -0.089232035 -0.018425552 0.995840371 364.270324707
0.996018887 -0.010446519 0.088529348 34.076484680 0.008831718 0.999787688 0.018612422 -34.702102661 -0.088705018 -0.017756457 0.995899677 366.519073486
0.996049583 -0.011044423 0.088109605 34.363204956 0.009449173 0.999784112 0.018501887 -34.895587921 -0.088294916 -0.017596232 0.995938957 368.761871338
0.996055365 -0.010970879 0.088052243 34.644527435 0.009480832 0.999805033 0.017322725 -35.078845978 -0.088225111 -0.016419586 0.995965242 371.024566650
0.996104479 -0.011700278 0.087400451 34.929950714 0.010163123 0.999786258 0.018011840 -35.279991150 -0.087592505 -0.017053416 0.996010423 373.241516113
0.996144116 -0.011488893 0.086976655 35.220405579 0.009899155 0.999776363 0.018687066 -35.465709686 -0.087171927 -0.017754013 0.996034980 375.497039795
0.996114790 -0.011837920 0.087265022 35.496871948 0.010228092 0.999769568 0.018871695 -35.653236389 -0.087468304 -0.017905824 0.996006370 377.748687744
0.996131957 -0.012391085 0.086991757 35.783618927 0.010761889 0.999758422 0.019172246 -35.846378326 -0.087208278 -0.018161889 0.996024549 379.981750488
0.996121943 -0.012357202 0.087110572 36.071273804 0.010726362 0.999758899 0.019164769 -36.032032013 -0.087326393 -0.018156070 0.996014297 382.239624023
0.996125400 -0.011488560 0.087189831 36.359924316 0.009824561 0.999761701 0.019489966 -36.225070953 -0.087392986 -0.018557847 0.996001065 384.492279053
0.996131778 -0.010603568 0.087230153 36.649108887 0.008940366 0.999771059 0.019435471 -36.409610748 -0.087416261 -0.018580418 0.995998561 386.750000000
0.996145964 -0.009437257 0.087202162 36.943084717 0.007774937 0.999781907 0.019382838 -36.606246948 -0.087366045 -0.018630143 0.996002078 389.019500732
0.996117294 -0.007832145 0.087686583 37.224628448 0.006148955 0.999791920 0.019449219 -36.799705505 -0.087820686 -0.018834524 0.995958209 391.297424316
0.996147215 -0.006519874 0.087454170 37.515110016 0.004709307 0.999770582 0.020893404 -36.990756989 -0.087570317 -0.020401061 0.995949388 393.560882568
0.996081591 -0.005026043 0.088296369 37.793087006 0.003163847 0.999769807 0.021217598 -37.178241730 -0.088382691 -0.020855099 0.995868266 395.824890137
0.995999753 -0.004702865 0.089231610 38.074985504 0.002959959 0.999802589 0.019654654 -37.371463776 -0.089306414 -0.019311914 0.995817065 398.090179443
0.995957136 -0.004555679 0.089714214 38.361625671 0.002858150 0.999814630 0.019040901 -37.562122345 -0.089784339 -0.018707504 0.995785534 400.353363037
0.995810807 -0.005609769 0.091265082 38.629871368 0.003777454 0.999788105 0.020237211 -37.749683380 -0.091359258 -0.019807683 0.995620966 402.592041016
0.995846450 -0.006565504 0.090811737 38.940006256 0.004677289 0.999768674 0.020989835 -37.935543060 -0.090928540 -0.020477900 0.995646775 404.878051758
0.995776951 -0.006945645 0.091541588 39.222354889 0.005060179 0.999770582 0.020812847 -38.121269226 -0.091665149 -0.020261738 0.995583773 407.133331299
0.995727062 -0.005510409 0.092180490 39.520648956 0.003670253 0.999790788 0.020120159 -38.304264069 -0.092272095 -0.019695863 0.995539010 409.357910156
0.995695770 -0.004346983 0.092579447 39.828269958 0.002477473 0.999790907 0.020298928 -38.496986389 -0.092648327 -0.019982200 0.995498300 411.616058350
0.995623469 -0.003125547 0.093402199 40.115489960 0.001267942 0.999800384 0.019940961 -38.685112000 -0.093445867 -0.019735266 0.995428741 413.859222412
0.995509207 -0.001986449 0.094644047 40.412384033 0.000102574 0.999801874 0.019905549 -38.874938965 -0.094664834 -0.019806447 0.995312154 416.127899170
0.995474339 -0.002396779 0.095000237 40.720226288 0.000503014 0.999800920 0.019953242 -39.068172455 -0.095029153 -0.019815156 0.995277286 418.381134033
0.995367169 -0.002268186 0.096119545 41.014938354 0.000351309 0.999800801 0.019954855 -39.254104614 -0.096145667 -0.019828646 0.995169699 420.631286621
0.995299399 -0.002496959 0.096813403 41.312564850 0.000592145 0.999805748 0.019698841 -39.445552826 -0.096843794 -0.019548921 0.995107532 422.887573242
0.995221913 -0.002863428 0.097597055 41.618038177 0.000826379 0.999781132 0.020906068 -39.636577606 -0.097635560 -0.020725524 0.995006323 425.160949707
0.995167196 -0.002234471 0.098169468 41.920120239 0.000133176 0.999770880 0.021406109 -39.823070526 -0.098194785 -0.021289587 0.994939446 427.414794922
0.995109916 -0.001538616 0.098762855 42.234714508 -0.000667130 0.999751151 0.022296848 -40.010372162 -0.098772585 -0.022253700 0.994861186 429.690216064
0.995065868 -0.001815210 0.099199437 42.536205292 -0.000407798 0.999749303 0.022384623 -40.200737000 -0.099215195 -0.022314623 0.994815767 431.961212158
0.995004833 -0.002567946 0.099793114 42.849594116 0.000384240 0.999760211 0.021895397 -40.395477295 -0.099825397 -0.021747680 0.994767249 434.225433350
0.994987309 -0.001602739 0.099988542 43.167457581 -0.000617021 0.999754250 0.022165263 -40.569843292 -0.099999495 -0.022115855 0.994741678 436.487182617
0.994958401 -0.002122452 0.100266151 43.486083984 -0.000131393 0.999747574 0.022466673 -40.757110596 -0.100288518 -0.022366580 0.994706929 438.768798828
0.994996428 -0.002044149 0.099889033 43.810314178 -0.000240243 0.999738872 0.022851923 -40.942703247 -0.099909648 -0.022761580 0.994736195 441.039947510
0.994991124 -0.002047303 0.099942341 44.133823395 -0.000379817 0.999705553 0.024260132 -41.154136658 -0.099962600 -0.024176575 0.994697392 443.309722900
0.994947851 -0.002554237 0.100359902 44.451889038 0.000104873 0.999702275 0.024403499 -41.333595276 -0.100392342 -0.024269689 0.994651854 445.587707520
0.994939923 -0.002323261 0.100444175 44.764476776 -0.000070443 0.999716222 0.023821073 -41.515598297 -0.100471005 -0.023707613 0.994657516 447.853210449
0.994928300 -0.001497210 0.100575060 45.084506989 -0.000877962 0.999721825 0.023567494 -41.700836182 -0.100582376 -0.023536270 0.994650304 450.113555908
0.994878292 -0.001243216 0.101071715 45.394817352 -0.001130874 0.999724805 0.023428474 -41.889240265 -0.101073034 -0.023422780 0.994603157 452.375091553
0.994777322 -0.000795619 0.102066062 45.702739716 -0.001617811 0.999721110 0.023560809 -42.066696167 -0.102056332 -0.023602884 0.994498491 454.643798828
0.994727910 -0.001065030 0.102544077 46.009307861 -0.001361403 0.999720812 0.023589445 -42.260047913 -0.102540575 -0.023604687 0.994448721 456.904327393
0.994758427 -0.000293228 0.102252558 46.340244293 -0.002048327 0.999738097 0.022793965 -42.442573547 -0.102232449 -0.022883939 0.994497240 459.187866211
0.994711816 0.000476133 0.102704361 46.657253265 -0.002888433 0.999723315 0.023340365 -42.629051208 -0.102664843 -0.023513589 0.994438052 461.476379395
0.994718552 0.000975558 0.102634922 46.977180481 -0.003528404 0.999688804 0.024694463 -42.811683655 -0.102578886 -0.024926180 0.994412541 463.751708984
0.994727314 0.000815700 0.102551520 47.286346436 -0.003400934 0.999680758 0.025036804 -42.989547729 -0.102498353 -0.025253570 0.994412541 466.019165039
0.994830787 0.000739501 0.101543829 47.607212067 -0.003175074 0.999711096 0.023825902 -43.168132782 -0.101496883 -0.024025152 0.994545639 468.296844482
0.994955957 0.000519034 0.100311249 47.943092346 -0.002873259 0.999723792 0.023326159 -43.354003906 -0.100271434 -0.023496717 0.994682610 470.592407227
0.995031714 0.000185426 0.099559769 48.261169434 -0.002613553 0.999702215 0.024258763 -43.541591644 -0.099525638 -0.024398437 0.994735777 472.871643066
0.995000184 0.000282804 0.099872582 48.564170837 -0.002796963 0.999682724 0.025034543 -43.730396271 -0.099833801 -0.025188718 0.994685173 475.155059814
0.995037615 0.000512209 0.099498034 48.866912842 -0.002902335 0.999710619 0.023878576 -43.889068604 -0.099457011 -0.024048863 0.994751155 477.437164307
0.995079696 0.000400741 0.099076182 49.180744171 -0.002836332 0.999697208 0.024443373 -44.071849823 -0.099036388 -0.024604121 0.994779587 479.711578369
0.995139301 0.000360366 0.098476037 49.499038696 -0.002794193 0.999693990 0.024578106 -44.248359680 -0.098437071 -0.024733804 0.994835854 481.982116699
0.995166421 -0.000257228 0.098201849 49.801628113 -0.002091928 0.999714196 0.023817997 -44.429447174 -0.098179899 -0.023908306 0.994881392 484.266113281
0.995285690 -0.001211108 0.096979015 50.125297546 -0.001178868 0.999697089 0.024583168 -44.621482849 -0.096979417 -0.024581600 0.994982779 486.550292969
0.995379329 -0.001609971 0.096007526 50.439449310 -0.000769095 0.999693632 0.024737848 -44.799995422 -0.096017957 -0.024697378 0.995073080 488.831146240
0.995290875 -0.001481275 0.096921131 50.712066650 -0.000966151 0.999681950 0.025199927 -44.987876892 -0.096927643 -0.025174899 0.994973004 491.101531982
0.995357096 -0.000798411 0.096247703 51.032211304 -0.001658756 0.999674797 0.025446903 -45.164539337 -0.096236736 -0.025488406 0.995032072 493.389984131
0.995348513 -0.000426693 0.096338905 51.327438354 -0.001998370 0.999683559 0.025074311 -45.342056274 -0.096319124 -0.025150200 0.995032728 495.678894043
0.995399177 -0.000680602 0.095812559 51.646694183 -0.001679476 0.999697208 0.024549443 -45.528682709 -0.095800243 -0.024597410 0.995096624 497.971435547
0.995433986 -0.000376571 0.095451772 51.949745178 -0.002048611 0.999677598 0.025308132 -45.708480835 -0.095430523 -0.025388118 0.995112300 500.258728027
0.995431900 0.000066886 0.095474258 52.250129700 -0.002520766 0.999669552 0.025581624 -45.892349243 -0.095440999 -0.025705438 0.995103121 502.533660889
0.995466948 0.001020769 0.095102690 52.561191559 -0.003399617 0.999685287 0.024854794 -46.075160980 -0.095047399 -0.025065444 0.995157063 504.820068359
0.995421648 0.001097433 0.095574610 52.855796814 -0.003577663 0.999661088 0.025783230 -46.258190155 -0.095513925 -0.026007121 0.995088279 507.104827881
0.995457828 0.000712970 0.095201112 53.165470123 -0.003089600 0.999687314 0.024819240 -46.440361023 -0.095153652 -0.025000647 0.995148599 509.393218994
0.995528400 -0.000108939 0.094462454 53.482540131 -0.002332257 0.999666095 0.025732247 -46.627311707 -0.094433710 -0.025837494 0.995195746 511.687805176
0.995536089 0.000053728 0.094381317 53.787303925 -0.002525251 0.999656975 0.026067322 -46.806140900 -0.094347551 -0.026189299 0.995194733 513.990539551
0.995536745 0.000720008 0.094372034 54.086334229 -0.003164557 0.999663234 0.025756214 -46.983222961 -0.094321728 -0.025939902 0.995203793 516.293151855
0.995515049 0.001584371 0.094590500 54.381038666 -0.004025377 0.999663651 0.025620811 -47.166301727 -0.094518095 -0.025886662 0.995186567 518.582702637
0.995450675 0.003608826 0.095209584 54.680252075 -0.006086281 0.999650061 0.025743522 -47.350234985 -0.095083378 -0.026205877 0.995124280 520.919616699
0.995233297 0.005693540 0.097356617 54.967460632 -0.008243069 0.999633074 0.025805401 -47.526805878 -0.097173974 -0.026484912 0.994914949 523.238586426
0.995281279 0.006713984 0.096799292 55.298168182 -0.009350060 0.999596953 0.026804537 -47.703125000 -0.096580304 -0.027583130 0.994942904 525.586486816
0.995216072 0.006052309 0.097510964 55.598205566 -0.008720173 0.999598503 0.026956748 -47.883323669 -0.097308658 -0.027678099 0.994869292 527.884765625
0.995172560 0.004213806 0.098050371 55.904460907 -0.007017178 0.999575794 0.028263872 -48.058254242 -0.097889684 -0.028815467 0.994780004 530.196716309
0.995120764 0.002752202 0.098627448 56.225429535 -0.005526018 0.999596417 0.027862037 -48.230625153 -0.098510996 -0.028271105 0.994734287 532.512756348
0.995081306 0.002736277 0.099023722 56.538425446 -0.005441078 0.999619126 0.027054932 -48.403327942 -0.098911978 -0.027460655 0.994717240 534.819213867
0.994972169 0.002692876 0.100115560 56.848445892 -0.005404911 0.999625385 0.026827689 -48.581092834 -0.100005791 -0.027233917 0.994614065 537.126647949
0.994874835 0.003308964 0.101059683 57.153057098 -0.005993566 0.999636769 0.026272461 -48.762969971 -0.100936048 -0.026743518 0.994533420 539.420959473
0.994757652 0.003895103 0.102186494 57.462722778 -0.006595815 0.999637425 0.026104681 -48.946701050 -0.102047756 -0.026641836 0.994422615 541.736938477
0.994670630 0.004088575 0.103022352 57.782169342 -0.006712854 0.999661446 0.025139077 -49.126369476 -0.102884687 -0.025696674 0.994361341 544.051330566
0.994498909 0.003982367 0.104671173 58.084342957 -0.006715801 0.999645174 0.025775019 -49.303928375 -0.104531385 -0.026336182 0.994172812 546.360717773
0.994407773 0.003894991 0.105536848 58.399398804 -0.006751374 0.999620140 0.026721541 -49.488208771 -0.105392687 -0.027284628 0.994056225 548.650024414
0.994362950 0.003672027 0.105966151 58.725055695 -0.006569322 0.999613702 0.027005613 -49.668884277 -0.105826072 -0.027549509 0.994002879 550.951538086
0.994434059 0.002569794 0.105329163 59.065994263 -0.005340803 0.999646783 0.026034484 -49.846618652 -0.105225049 -0.026452120 0.994096577 553.262084961
0.994434834 0.001796792 0.105338201 59.402652740 -0.004631834 0.999633372 0.026675245 -50.030281067 -0.105251655 -0.027014704 0.994078636 555.581115723
0.994363904 0.002256684 0.105996609 59.728511810 -0.005159143 0.999618948 0.027116353 -50.208724976 -0.105895042 -0.027510375 0.993996680 557.888366699
0.994302154 0.002870005 0.106559932 60.060050964 -0.005905779 0.999585271 0.028184276 -50.386749268 -0.106434837 -0.028653005 0.993906736 560.224060059
0.994325221 0.001675217 0.106369831 60.403709412 -0.004773526 0.999571502 0.028879788 -50.568607330 -0.106275871 -0.029223666 0.993907154 562.551696777
0.994274020 0.002347074 0.106834769 60.738124847 -0.005538517 0.999546885 0.029585801 -50.737987518 -0.106716931 -0.030008096 0.993836462 564.872802734
0.994235396 0.003369363 0.107165530 61.083099365 -0.006494663 0.999563217 0.028827665 -50.914852142 -0.107021600 -0.029357495 0.993823111 567.193054199
0.994257808 0.004325348 0.106924959 61.436183929 -0.007283096 0.999601126 0.027286889 -51.086311340 -0.106764309 -0.027908945 0.993892550 569.523376465
0.994240940 0.004939979 0.107053861 61.784309387 -0.007923502 0.999591410 0.027461976 -51.263145447 -0.106874451 -0.028152062 0.993873954 571.840026855
0.994209230 0.004532542 0.107366078 62.123062134 -0.007660479 0.999557614 0.028738897 -51.452346802 -0.107188322 -0.029394949 0.993804097 574.224670410
0.994202673 0.004428966 0.107430808 62.470588684 -0.007721199 0.999512672 0.030248586 -51.636772156 -0.107244469 -0.030902723 0.993752360 576.538818359
0.994130492 0.004697626 0.108086921 62.805492401 -0.007826769 0.999562025 0.028544260 -51.813247681 -0.107905500 -0.029222690 0.993731499 578.921142578
0.994209588 0.003969031 0.107384786 63.156246185 -0.007067597 0.999569178 0.028489640 -51.985671997 -0.107225433 -0.029083628 0.993809283 581.259948730
0.994124055 0.003356911 0.108194478 63.494426727 -0.006611954 0.999535799 0.029740427 -52.166229248 -0.108044431 -0.030281048 0.993684769 583.575622559
0.994205356 0.003560634 0.107438721 63.842067719 -0.006793942 0.999534428 0.029743433 -52.338546753 -0.107282795 -0.030301016 0.993766725 585.892150879
0.994171739 0.000549065 0.107805476 64.191528320 -0.003707957 0.999569535 0.029103503 -52.528388977 -0.107743092 -0.029333621 0.993745923 588.247863770
0.994193673 0.000266286 0.107604377 64.539527893 -0.003404334 0.999574184 0.028980186 -52.698135376 -0.107550845 -0.029178239 0.993771315 590.595825195
0.994200766 -0.001481550 0.107529402 64.879768372 -0.001700455 0.999563456 0.029494233 -52.874771118 -0.107526161 -0.029506043 0.993764341 592.931579590
0.994236171 -0.002258086 0.107187733 65.233695984 -0.000937793 0.999556780 0.029755954 -53.051185608 -0.107207403 -0.029684961 0.993793368 595.290344238
