1.000000000 0.000000000 0.000000000 0.000000000 0.000000000 1.000000000 0.000000000 0.000000000 0.000000000 0.000000000 1.000000000 0.000000000
0.999999881 0.000166158 0.000490375 0.088051900 -0.000166068 0.999999940 -0.000183191 -0.225703135 -0.000490405 0.000183109 0.999999881 2.294872999
0.999999106 0.000504969 0.001167008 0.165735155 -0.000505457 0.999999702 0.000417999 -0.464578241 -0.001166797 -0.000418588 0.999999225 4.585413933
0.999998271 0.000223044 0.001796850 0.261575282 -0.000224302 0.999999702 0.000700183 -0.696592569 -0.001796693 -0.000700585 0.999998152 6.876540184
0.999996006 0.000196735 0.002811116 0.353874922 -0.000193965 0.999999523 -0.000985379 -0.928463280 -0.002811309 0.000984829 0.999995589 9.171176910
0.999986649 0.001923568 0.004779969 0.447349191 -0.001924903 0.999998093 0.000274520 -1.162673473 -0.004779433 -0.000283717 0.999988616 11.473547935
0.999962986 0.004051831 0.007590180 0.531596303 -0.004062968 0.999990702 0.001452449 -1.391103387 -0.007584224 -0.001483233 0.999970078 13.788228035
0.999943256 0.003912852 0.009909612 0.639911413 -0.003953893 0.999983728 0.004125301 -1.620591640 -0.009893308 -0.004164248 0.999942362 16.061660767
0.999940395 0.003622844 0.010300003 0.765859485 -0.003673499 0.999981165 0.004903337 -1.849072814 -0.010282047 -0.004940880 0.999934852 18.406980515
0.999930084 0.002898340 0.011471960 0.888207078 -0.002959165 0.999981642 0.005288670 -2.076518774 -0.011456423 -0.005322247 0.999920189 20.697460175
0.999927104 0.000287853 0.012064535 1.001999259 -0.000325451 0.999995112 0.003114581 -2.308867693 -0.012063580 -0.003118281 0.999922335 23.027647018
0.999912858 -0.002029255 0.013043490 1.108066320 0.002015740 0.999997437 0.001049235 -2.528501272 -0.013045586 -0.001022851 0.999914467 25.310333252
0.999916673 -0.002742391 0.012622089 1.249818802 0.002734372 0.999996006 0.000652502 -2.778315306 -0.012623830 -0.000617934 0.999920070 27.620220184
0.999906063 -0.002497244 0.013481245 1.357763052 0.002503705 0.999996841 -0.000462381 -3.001893759 -0.013480049 0.000496091 0.999908984 29.906856537
0.999898851 0.000123231 0.014216478 1.477150202 -0.000150547 0.999998093 0.001920366 -3.229775906 -0.014216214 -0.001922312 0.999897122 32.192260742
0.999895573 0.002178429 0.014286919 1.606134057 -0.002238296 0.999988794 0.004175691 -3.450205088 -0.014277661 -0.004207233 0.999889255 34.472713470
0.999863684 0.004456194 0.015894191 1.719837666 -0.004589867 0.999954343 0.008383702 -3.684437990 -0.015856106 -0.008455511 0.999838650 36.779216766
0.999836564 0.006269746 0.016957568 1.832653999 -0.006404273 0.999948382 0.007890569 -3.901659727 -0.016907219 -0.007997878 0.999825060 39.052116394
0.999820054 0.005098319 0.018271990 1.944017529 -0.005215957 0.999965906 0.006396287 -4.105180740 -0.018238759 -0.006490442 0.999812603 41.340030670
0.999822497 0.002715955 0.018644463 2.067080259 -0.002818249 0.999981165 0.005462456 -4.330373287 -0.018629275 -0.005514031 0.999811292 43.614833832
0.999819279 0.002953752 0.018780746 2.198359966 -0.003030593 0.999987125 0.004064357 -4.549437046 -0.018768493 -0.004120538 0.999815464 45.861598969
0.999813974 0.002406289 0.019137964 2.322240353 -0.002472470 0.999991000 0.003435117 -4.782139301 -0.019129522 -0.003481795 0.999810934 48.134769440
0.999816597 0.000923308 0.019130018 2.459808588 -0.000995251 0.999992490 0.003751596 -5.010293484 -0.019126408 -0.003769946 0.999810100 50.418487549
0.999791086 0.000064134 0.020446530 2.584585667 -0.000150816 0.999991000 0.004237948 -5.236090183 -0.020446073 -0.004240145 0.999781966 52.681869507
0.999788404 -0.001166614 0.020537548 2.723438740 0.001084669 0.999991417 0.004000694 -5.462565422 -0.020542039 -0.003977571 0.999781072 54.963527679
0.999764025 -0.001617287 0.021667013 2.852985382 0.001521888 0.999989092 0.004418723 -5.692137241 -0.021673925 -0.004384707 0.999755502 57.256572723
0.999742150 -0.002887226 0.022527369 2.990183353 0.002775287 0.999983668 0.004998732 -5.915469170 -0.022541435 -0.004934922 0.999733686 59.524501801
0.999703288 -0.004658213 0.023907755 3.118470192 0.004552142 0.999979556 0.004489159 -6.138702393 -0.023928177 -0.004378995 0.999704063 61.794174194
0.999690652 -0.005521826 0.024250213 3.270743847 0.005420052 0.999976218 0.004260616 -6.361390114 -0.024273166 -0.004127861 0.999696851 64.046859741
0.999662280 -0.005080457 0.025482101 3.410605907 0.004957211 0.999975741 0.004897413 -6.583027840 -0.025506364 -0.004769440 0.999663234 66.314544678
0.999645472 -0.004124240 0.026304794 3.558638096 0.003985372 0.999977827 0.005329457 -6.809506893 -0.026326193 -0.005222733 0.999639750 68.571166992
0.999611318 -0.004374750 0.027532144 3.697952271 0.004242078 0.999979138 0.004875357 -7.031788826 -0.027552897 -0.004756670 0.999609053 70.827995300
0.999599457 -0.005248706 0.027807930 3.858108521 0.005151852 0.999980390 0.003553487 -7.255002022 -0.027826035 -0.003408802 0.999606967 73.086868286
0.999576211 -0.006230509 0.028436122 4.009394646 0.006117532 0.999973059 0.004058268 -7.481042385 -0.028460637 -0.003882588 0.999587357 75.357719421
0.999533892 -0.007426513 0.029612904 4.168424606 0.007324996 0.999966919 0.003535112 -7.710782528 -0.029638182 -0.003316551 0.999555111 77.621726990
0.999528825 -0.008235599 0.029568363 4.321661472 0.008140190 0.999961257 0.003345641 -7.940203667 -0.029594768 -0.003103372 0.999557137 79.886619568
0.999500334 -0.008680388 0.030394133 4.469830036 0.008596533 0.999958873 0.002888513 -8.156194687 -0.030417958 -0.002625785 0.999533832 82.140792847
0.999477386 -0.008059199 0.031308673 4.639118671 0.007973533 0.999964058 0.002860108 -8.383484840 -0.031330600 -0.002608972 0.999505639 84.413719177
0.999429524 -0.007780123 0.032864906 4.795958519 0.007669345 0.999964476 0.003495467 -8.603144646 -0.032890934 -0.003241421 0.999453723 86.669746399
0.999425232 -0.007471323 0.033064414 4.966114044 0.007319510 0.999962032 0.004710078 -8.833751678 -0.033098351 -0.004465355 0.999442220 88.950485229
0.999402583 -0.006783104 0.033892307 5.129631042 0.006603328 0.999963522 0.005413434 -9.059443474 -0.033927795 -0.005186399 0.999410808 91.202026367
0.999375880 -0.006548643 0.034714170 5.295576096 0.006356564 0.999963880 0.005640611 -9.282441139 -0.034749851 -0.005416428 0.999381363 93.439231873
0.999354601 -0.006569934 0.035319053 5.466031551 0.006401730 0.999967635 0.004873377 -9.500267029 -0.035349939 -0.004644127 0.999364197 95.668151855
0.999315679 -0.007279987 0.036265127 5.633341789 0.007089466 0.999960423 0.005379410 -9.722179413 -0.036302857 -0.005118628 0.999327660 97.911453247
0.999288976 -0.006929350 0.037061885 5.796122551 0.006755384 0.999965608 0.004817090 -9.951089859 -0.037093986 -0.004563297 0.999301374 100.159729004
0.999220550 -0.006936838 0.038861435 5.947813988 0.006713872 0.999960363 0.005865038 -10.166411400 -0.038900569 -0.005599555 0.999227345 102.387794495
0.999221146 -0.007157085 0.038804721 6.149544716 0.006931061 0.999958217 0.005956029 -10.390846252 -0.038845725 -0.005682432 0.999229074 104.658660889
0.999187171 -0.007980129 0.039513789 6.327181816 0.007729735 0.999949098 0.006485612 -10.604595184 -0.039563537 -0.006174909 0.999197900 106.895744324
0.999166727 -0.009303764 0.039740071 6.512765408 0.009049548 0.999937475 0.006572045 -10.819255829 -0.039798733 -0.006206940 0.999188423 109.150726318
0.999120533 -0.010251091 0.040657833 6.690852165 0.009958189 0.999923050 0.007400066 -11.042551041 -0.040730570 -0.006988678 0.999145746 111.409790039
0.999101758 -0.010980952 0.040928237 6.882337570 0.010745927 0.999924541 0.005957896 -11.262417793 -0.040990565 -0.005512733 0.999144316 113.670639038
0.999059021 -0.011401501 0.041846491 7.063666344 0.011199067 0.999924541 0.005068820 -11.480554581 -0.041901123 -0.004595409 0.999111176 115.916488647
0.999025881 -0.011785707 0.042523086 7.244091988 0.011557513 0.999917507 0.005608200 -11.707777023 -0.042585678 -0.005111276 0.999079764 118.159027100
0.998970926 -0.012378688 0.043631505 7.429838181 0.012112072 0.999906361 0.006369688 -11.932235718 -0.043706272 -0.005834667 0.999027371 120.428703308
0.998923242 -0.012912977 0.044559177 7.623223782 0.012622538 0.999897242 0.006793273 -12.155121803 -0.044642318 -0.006223510 0.998983622 122.676544189
0.998881757 -0.013945270 0.045173962 7.819468498 0.013651789 0.999883652 0.006798675 -12.379312515 -0.045263514 -0.006174367 0.998956144 124.941612244
0.998854399 -0.014423817 0.045626782 8.008640289 0.014165882 0.999881804 0.005971507 -12.601904869 -0.045707520 -0.005318324 0.998940706 127.202758789
0.998836935 -0.015956804 0.045499295 8.197163582 0.015674835 0.999855697 0.006547303 -12.821043968 -0.045597199 -0.005826494 0.998942852 129.459365845
0.998855531 -0.017052161 0.044684704 8.382913589 0.016763572 0.999836206 0.006825214 -13.035598755 -0.044793773 -0.006068327 0.998977840 131.713592529
0.998913944 -0.017324522 0.043254569 8.580086708 0.016991325 0.999823093 0.008058931 -13.251998901 -0.043386541 -0.007315225 0.999031544 133.953964233
0.998964131 -0.018390285 0.041622557 8.771903992 0.018075669 0.999805212 0.007922566 -13.479518890 -0.041760143 -0.007162003 0.999101996 136.211105347
0.999035060 -0.019181535 0.039509609 8.981125832 0.018903073 0.999793828 0.007409600 -13.688587189 -0.039643597 -0.006655597 0.999191701 138.436447144
0.999035537 -0.019739345 0.039221287 9.150436401 0.019466862 0.999783754 0.007317251 -13.907588005 -0.039357234 -0.006546678 0.999203742 140.727554321
0.999028563 -0.020101044 0.039214369 9.321477890 0.019816965 0.999774635 0.007619587 -14.116886139 -0.039358690 -0.006835075 0.999201715 142.960083008
0.999062717 -0.020043200 0.038365863 9.500723839 0.019733166 0.999769628 0.008442617 -14.333610535 -0.038526241 -0.007677624 0.999228120 145.199539185
0.999075890 -0.019234244 0.038437057 9.673967361 0.018965133 0.999793112 0.007353656 -14.546989441 -0.038570538 -0.006617896 0.999233961 147.447174072
0.999091923 -0.017938968 0.038645837 9.850830078 0.017726839 0.999825895 0.005824755 -14.762207031 -0.038743604 -0.005134397 0.999236107 149.696685791
0.999110639 -0.016358348 0.038863748 10.027096748 0.016173830 0.999856412 0.005057487 -14.982666016 -0.038940892 -0.004424413 0.999231696 151.948196411
0.999118865 -0.015497821 0.039004039 10.213645935 0.015317190 0.999870658 0.004925668 -15.196446419 -0.039075319 -0.004323896 0.999226928 154.194030762
0.999109209 -0.014829473 0.039508019 10.391743660 0.014629784 0.999878645 0.005338699 -15.413749695 -0.039582398 -0.004755949 0.999204993 156.459701538
0.999114871 -0.014259614 0.039573055 10.589241028 0.014019006 0.999881566 0.006350912 -15.634637833 -0.039658930 -0.005790516 0.999196470 158.678466797
0.999055386 -0.013718849 0.041231222 10.752467155 0.013426837 0.999882758 0.007350920 -15.855184555 -0.041327234 -0.006790371 0.999122620 160.995132446
0.999023438 -0.012702538 0.042317655 10.933061600 0.012311849 0.999879241 0.009480132 -16.074039459 -0.042432964 -0.008949865 0.999059319 163.229888916
0.999006748 -0.011767338 0.042976741 11.122385025 0.011424255 0.999900877 0.008219975 -16.277734756 -0.043069221 -0.007720836 0.999042273 165.512420654
0.998972714 -0.011144036 0.043924145 11.316641808 0.010849329 0.999916971 0.006942136 -16.490140915 -0.043997865 -0.006458456 0.999010742 167.765213013
0.998899043 -0.009236812 0.045993071 11.497767448 0.008917832 0.999934793 0.007135765 -16.703195572 -0.046055980 -0.006717750 0.998916268 169.997695923
0.998774469 -0.008980663 0.048673410 11.689719200 0.008624472 0.999934494 0.007523082 -16.930553436 -0.048737790 -0.007094078 0.998786390 172.305450439
0.998650312 -0.009095185 0.051135380 11.888751030 0.008746899 0.999937057 0.007030721 -17.141923904 -0.051196106 -0.006573955 0.998667002 174.583511353
0.998571932 -0.008903614 0.052679334 12.098175049 0.008505145 0.999933541 0.007783421 -17.362131119 -0.052745141 -0.007324259 0.998581171 176.843841553
0.998532414 -0.009452038 0.053324893 12.304571152 0.009020894 0.999924719 0.008320155 -17.570312500 -0.053399518 -0.007826907 0.998542607 179.075286865
0.998518407 -0.011508647 0.053182922 12.516499519 0.011084438 0.999904394 0.008264501 -17.793975830 -0.053272951 -0.007662754 0.998550534 181.352996826
0.998481512 -0.012307971 0.053694099 12.715451241 0.011895943 0.999897242 0.007986513 -18.004653931 -0.053786881 -0.007335644 0.998525560 183.595581055
0.998542488 -0.013745024 0.052191284 12.941555023 0.013341607 0.999878407 0.008070186 -18.231208801 -0.052295864 -0.007362108 0.998604476 185.836547852
0.998554945 -0.015410267 0.051483307 13.151416779 0.014970503 0.999848127 0.008916628 -18.447498322 -0.051612891 -0.008133010 0.998634160 188.085510254
0.998562694 -0.016190544 0.051093314 13.359639168 0.015774423 0.999839127 0.008537166 -18.658155441 -0.051223319 -0.007718927 0.998657405 190.326660156
0.998531818 -0.017702699 0.051194381 13.554985046 0.017301448 0.999816120 0.008270384 -18.873086929 -0.051331375 -0.007372505 0.998654485 192.561599731
0.998492181 -0.018873617 0.051547971 13.743255615 0.018495999 0.999798536 0.007792862 -19.080310822 -0.051684663 -0.006827681 0.998640060 194.800140381
0.998518586 -0.019454923 0.050814420 13.972997665 0.019073630 0.999786198 0.007977830 -19.309131622 -0.050958771 -0.006996797 0.998676181 197.044921875
0.998552978 -0.017368281 0.050895032 14.184619904 0.016982893 0.999823868 0.007994927 -19.522359848 -0.051024929 -0.007119016 0.998671949 199.283309937
0.998548985 -0.014510988 0.051859017 14.378026962 0.014120144 0.999869108 0.007895143 -19.749485016 -0.051966798 -0.007151430 0.998623192 201.560546875
0.998530984 -0.014002228 0.052343365 14.589265823 0.013652774 0.999882042 0.007027810 -19.962343216 -0.052435596 -0.006302855 0.998604357 203.824203491
0.998487651 -0.014195205 0.053111214 14.787059784 0.013795052 0.999873638 0.007893317 -20.173294067 -0.053216547 -0.007148709 0.998557448 206.049942017
0.998478591 -0.015665235 0.052868791 15.019909859 0.015257312 0.999850631 0.008110626 -20.399400711 -0.052987959 -0.007291650 0.998568535 208.311508179
0.998417735 -0.015258674 0.054122943 15.224313736 0.014826993 0.999854982 0.008368515 -20.604251862 -0.054242793 -0.007552794 0.998499215 210.554458618
0.998347282 -0.015381976 0.055371884 15.450585365 0.014865914 0.999842227 0.009719731 -20.836769104 -0.055512656 -0.008880516 0.998418510 212.815429688
0.998294055 -0.013985119 0.056685522 15.684937477 0.013426872 0.999857605 0.010217112 -21.048959732 -0.056820340 -0.009438574 0.998339832 215.044174194
0.998118818 -0.012813038 0.059955519 15.884508133 0.012227660 0.999873996 0.010120288 -21.257816315 -0.060077641 -0.009368134 0.998149693 217.294174194
0.997981131 -0.012936867 0.062179890 16.109100342 0.012307811 0.999869347 0.010489115 -21.465723038 -0.062307451 -0.009702642 0.998009801 219.540618896
0.997849524 -0.014439973 0.063934885 16.339368820 0.013763929 0.999844670 0.011001819 -21.669984818 -0.064083837 -0.010098164 0.997893453 221.770401001
0.997747540 -0.016030155 0.065137111 16.572967529 0.015287188 0.999812484 0.011888725 -21.876634598 -0.065315478 -0.010866182 0.997805417 224.005325317
0.997672677 -0.018102972 0.065737940 16.822059631 0.017387010 0.999783218 0.011446974 -22.091928482 -0.065930918 -0.010277346 0.997771263 226.243072510
0.997634411 -0.019171055 0.066014484 17.060201645 0.018483719 0.999768555 0.011007047 -22.292652130 -0.066210218 -0.009760818 0.997757912 228.492248535
0.997587740 -0.019636812 0.066581875 17.299316406 0.018931918 0.999758124 0.011201398 -22.496025085 -0.066785723 -0.009913856 0.997718096 230.730468750
0.997523904 -0.021303633 0.067024507 17.539535522 0.020660007 0.999733746 0.010281454 -22.700222015 -0.067225680 -0.008871269 0.997698367 232.973342896
0.997514188 -0.021837465 0.066996641 17.803203583 0.021117017 0.999711514 0.011442978 -22.914413452 -0.067227200 -0.009999763 0.997687578 235.255508423
0.997489691 -0.021482883 0.067473561 18.050050735 0.020742955 0.999716997 0.011647820 -23.118995667 -0.067704700 -0.010218979 0.997653067 237.496185303
0.997445643 -0.021332610 0.068169445 18.287544250 0.020603139 0.999722898 0.011386214 -23.317373276 -0.068393454 -0.009952623 0.997608781 239.721389771
0.997416794 -0.021418193 0.068563171 18.532922745 0.020663077 0.999717951 0.011703819 -23.524381638 -0.068794481 -0.010256860 0.997578263 241.953002930
0.997375309 -0.021811130 0.069042079 18.778045654 0.021060582 0.999711156 0.011580305 -23.722856522 -0.069274716 -0.010095844 0.997546554 244.193832397
0.997335434 -0.021984255 0.069561340 19.024179459 0.021272872 0.999713719 0.010951096 -23.933956146 -0.069782168 -0.009442150 0.997517526 246.425994873
0.997350931 -0.021674242 0.069435716 19.284076691 0.021018390 0.999727428 0.010162244 -24.141656876 -0.069637053 -0.008675896 0.997534692 248.667297363
0.997322083 -0.022105865 0.069714092 19.532232285 0.021409532 0.999713302 0.010719909 -24.352512360 -0.069931060 -0.009198658 0.997509420 250.909545898
0.997286558 -0.023272995 0.069841512 19.784933090 0.022588285 0.999688864 0.010577695 -24.560150146 -0.070065960 -0.008971394 0.997502029 253.142272949
0.997282922 -0.023341849 0.069869973 20.045555115 0.022602236 0.999680042 0.011357616 -24.769390106 -0.070112735 -0.009747540 0.997491419 255.401138306
0.997226775 -0.024137657 0.070400476 20.279346466 0.023369880 0.999658346 0.011709305 -24.978761673 -0.070659064 -0.010031582 0.997449994 257.622528076
0.997215629 -0.024219599 0.070527829 20.546077728 0.023422474 0.999652267 0.012107542 -25.188060760 -0.070796542 -0.010421894 0.997436345 259.896911621
0.997189701 -0.024047900 0.070953436 20.801414490 0.023275977 0.999660730 0.011686238 -25.392589569 -0.071210399 -0.010001883 0.997411132 262.140197754
0.997162104 -0.024035377 0.071343638 21.059347153 0.023305770 0.999667406 0.011041627 -25.593828201 -0.071585290 -0.009347575 0.997390687 264.398468018
0.997137010 -0.023187408 0.071974784 21.317512512 0.022481080 0.999691010 0.010608289 -25.805103302 -0.072198510 -0.008959844 0.997350037 266.641265869
0.997065425 -0.022550194 0.073157050 21.573213577 0.021827132 0.999704897 0.010668207 -26.007284164 -0.073376015 -0.009040092 0.997263372 268.888031006
0.996966779 -0.022018369 0.074648283 21.829605103 0.021309104 0.999720156 0.010284634 -26.225059509 -0.074853837 -0.008662750 0.997156799 271.140930176
0.996870279 -0.022847343 0.075681612 22.097764969 0.022091432 0.999697506 0.010810247 -26.437425613 -0.075905703 -0.009104498 0.997073412 273.386596680
0.996695817 -0.023137877 0.077858977 22.351812363 0.022324780 0.999686897 0.011297511 -26.640224457 -0.078096010 -0.009521998 0.996900380 275.636199951
0.996589541 -0.023170272 0.079197697 22.626174927 0.022260010 0.999675870 0.012357247 -26.836338043 -0.079458341 -0.010552162 0.996782362 277.878143311
0.996532321 -0.023027536 0.079956904 22.912975311 0.021975989 0.999660373 0.014006699 -27.052362442 -0.080252297 -0.012200996 0.996699929 280.136474609
0.996460795 -0.022666933 0.080945112 23.195613861 0.021528855 0.999657094 0.014905186 -27.255128860 -0.081255212 -0.013109778 0.996607125 282.373352051
0.996381402 -0.021721404 0.082172289 23.470029831 0.020560060 0.999676824 0.014952949 -27.451372147 -0.082470514 -0.013209376 0.996505976 284.639617920
0.996271789 -0.020716550 0.083745226 23.737604141 0.019584958 0.999705791 0.014311383 -27.645040512 -0.084017068 -0.012617882 0.996384442 286.867889404
0.996231854 -0.019917801 0.084412210 24.015630722 0.018862417 0.999733865 0.013281946 -27.836107254 -0.084654294 -0.011639679 0.996342421 289.111602783
0.996165097 -0.020706784 0.085009031 24.287723541 0.019624043 0.999715567 0.013552804 -28.041475296 -0.085265502 -0.011832608 0.996288002 291.338836670
0.996116519 -0.020566421 0.085608982 24.552248001 0.019559190 0.999729395 0.012587769 -28.239732742 -0.085844703 -0.010864440 0.996249259 293.618316650
0.996132255 -0.021060159 0.085305236 24.836160660 0.020116536 0.999726713 0.011906383 -28.440866470 -0.085532673 -0.010144288 0.996283710 295.848205566
0.996133745 -0.020998605 0.085303023 25.118871689 0.020069454 0.999729633 0.011735461 -28.643461227 -0.085526392 -0.009978101 0.996285915 298.087860107
0.996130466 -0.020359403 0.085495569 25.398456573 0.019424930 0.999742210 0.011747849 -28.842056274 -0.085712716 -0.010041646 0.996269286 300.327026367
0.996096373 -0.020305976 0.085904367 25.668344498 0.019290417 0.999734044 0.012635695 -29.051891327 -0.086138107 -0.010929238 0.996223271 302.569061279
0.996098399 -0.020671466 0.085794047 25.953815460 0.019651648 0.999725997 0.012714506 -29.252296448 -0.086033374 -0.010978906 0.996231735 304.814300537
0.996081829 -0.019963192 0.086153902 26.240293503 0.018922515 0.999737918 0.012879215 -29.455055237 -0.086388446 -0.011198506 0.996198535 307.062713623
0.996079981 -0.020730235 0.085994944 26.526201248 0.019690469 0.999722600 0.012921756 -29.666641235 -0.086238980 -0.011177819 0.996211708 309.318359375
0.996034503 -0.022061741 0.086188965 26.812397003 0.020994579 0.999691546 0.013268637 -29.866317749 -0.086455099 -0.011406519 0.996190548 311.580902100
0.996011853 -0.021815307 0.086513124 27.095561981 0.020791302 0.999702871 0.012719994 -30.070705414 -0.086764909 -0.010870545 0.996169508 313.820220947
0.996034563 -0.021363774 0.086364254 27.388357162 0.020281663 0.999704659 0.013387820 -30.275203705 -0.086624764 -0.011583118 0.996173680 316.070312500
0.996003509 -0.019758565 0.087101363 27.671056747 0.018727336 0.999744713 0.012640805 -30.479490280 -0.087328896 -0.010959111 0.996119261 318.314727783
0.995995283 -0.018321831 0.087508269 27.951345444 0.017240277 0.999765575 0.013099353 -30.679895401 -0.087727763 -0.011538228 0.996077597 320.566833496
0.995931149 -0.017108468 0.088478766 28.227891922 0.016037505 0.999789417 0.012800982 -30.883138657 -0.088679157 -0.011329920 0.995995820 322.798278809
0.995883405 -0.016475886 0.089133665 28.505233765 0.015355327 0.999794424 0.013242840 -31.080047607 -0.089333519 -0.011819650 0.995931566 325.035369873
0.995882332 -0.016284117 0.089180030 28.797504425 0.015035214 0.999779522 0.014658263 -31.290409088 -0.089399040 -0.013257065 0.995907664 327.262359619
0.995851517 -0.016898924 0.089410312 29.078212738 0.015652869 0.999770582 0.014619282 -31.495571136 -0.089636870 -0.013159106 0.995887578 329.508728027
0.995860875 -0.018491037 0.088989817 29.377841949 0.017340414 0.999755979 0.013685660 -31.692317963 -0.089221165 -0.012085891 0.995938480 331.745483398
0.995862365 -0.018380268 0.088997468 29.664424896 0.017255830 0.999761462 0.013387495 -31.893323898 -0.089222305 -0.011796373 0.995941818 333.962463379
0.995839894 -0.018868890 0.089145005 29.950620651 0.017619137 0.999735355 0.014785529 -32.092914581 -0.089400403 -0.013153361 0.995908916 336.190826416
0.995898902 -0.019364081 0.088375770 30.253639221 0.018142186 0.999728620 0.014608524 -32.288063049 -0.088634670 -0.012945287 0.995980084 338.425445557
0.995902956 -0.019300215 0.088344418 30.536901474 0.018050548 0.999725699 0.014922567 -32.491867065 -0.088608183 -0.013266766 0.995978177 340.667480469
0.995953619 -0.019342504 0.087762229 30.833223343 0.018118706 0.999727488 0.014719833 -32.694061279 -0.088023029 -0.013070133 0.996032715 342.913452148
0.995966077 -0.019309359 0.087628171 31.118961334 0.018047806 0.999722064 0.015166285 -32.891319275 -0.087896660 -0.013523609 0.996037781 345.155944824
0.995994389 -0.019108333 0.087351196 31.403177261 0.017845094 0.999724925 0.015219736 -33.086078644 -0.087617978 -0.013599978 0.996061325 347.392486572
0.996040165 -0.019110955 0.086826071 31.689449310 0.017855793 0.999724865 0.015209882 -33.283988953 -0.087092847 -0.013599304 0.996107399 349.640014648
0.996048331 -0.018704347 0.086820178 31.970233917 0.017399745 0.999724388 0.015759079 -33.485610962 -0.087091021 -0.014186155 0.996099353 351.882720947
0.996074200 -0.019099450 0.086437598 32.250537872 0.017772676 0.999712527 0.016093189 -33.677555084 -0.086720116 -0.014493783 0.996127248 354.112487793
0.996098578 -0.018726178 0.086238079 32.528636932 0.017442895 0.999725997 0.015610324 -33.875019073 -0.086506791 -0.014045180 0.996152282 356.349761963
0.996157229 -0.018891390 0.085521206 32.815429688 0.017583948 0.999717057 0.016015595 -34.069404602 -0.085799575 -0.014450249 0.996207595 358.587615967
0.996215761 -0.018339049 0.084958047 33.103580475 0.016967865 0.999714315 0.016833635 -34.266998291 -0.085242487 -0.015328377 0.996242344 360.827453613
0.996267915 -0.018441787 0.084321395 33.391296387 0.017084997 0.999713063 0.016784193 -34.463973999 -0.084606752 -0.015280921 0.996297240 363.074279785
0.996307909 -0.018305305 0.083876550 33.675823212 0.016915595 0.999708116 0.017249415 -34.657684326 -0.084167831 -0.015766907 0.996326864 365.316406250
0.996353149 -0.018310949 0.083337419 33.958057404 0.016987082 0.999718368 0.016567156 -34.852951050 -0.083617315 -0.015091077 0.996383667 367.578369141
0.996369004 -0.018778201 0.083043352 34.237579346 0.017465465 0.999711335 0.016506178 -35.050891876 -0.083329313 -0.014995856 0.996409237 369.827758789
0.996367395 -0.018987197 0.083015785 34.514179230 0.017758939 0.999722004 0.015508993 -35.239295959 -0.083287187 -0.013978382 0.996427655 372.081359863
0.996436775 -0.018767519 0.082228214 34.795566559 0.017539853 0.999724150 0.015627088 -35.441150665 -0.082498811 -0.014129138 0.996490955 374.326812744
0.996522009 -0.018754577 0.081191629 35.081226349 0.017507037 0.999717951 0.016050171 -35.633453369 -0.081469730 -0.014572924 0.996569276 376.574768066
0.996442676 -0.018151904 0.082294419 35.342575073 0.016847907 0.999721706 0.016512368 -35.828063965 -0.082571238 -0.015067140 0.996471286 378.844573975
0.996439517 -0.018780893 0.082193911 35.620208740 0.017455677 0.999706268 0.016812116 -36.027847290 -0.082485527 -0.015317501 0.996474683 381.092468262
0.996466041 -0.018670842 0.081897013 35.902851105 0.017341452 0.999706566 0.016913924 -36.220352173 -0.082188763 -0.015433938 0.996497214 383.353210449
0.996478856 -0.018006865 0.081887268 36.184509277 0.016659737 0.999714851 0.017104710 -36.417652130 -0.082171932 -0.015680259 0.996494830 385.610168457
0.996473372 -0.016856542 0.082198232 36.457298279 0.015501925 0.999733627 0.017090376 -36.604644775 -0.082464427 -0.015755873 0.996469438 387.870025635
0.996512115 -0.015525501 0.081990704 36.741970062 0.014175991 0.999754667 0.017015900 -36.806301117 -0.082234770 -0.015794249 0.996487796 390.146667480
0.996501148 -0.014501594 0.082311362 37.013580322 0.013150324 0.999770224 0.016935036 -37.002254486 -0.082538031 -0.015793361 0.996462882 392.423736572
0.996522009 -0.013317735 0.082258850 37.290534973 0.011846336 0.999761462 0.018349685 -37.195201874 -0.082483627 -0.017311396 0.996442199 394.679473877
0.996482849 -0.012057386 0.082925282 37.563201904 0.010534967 0.999768257 0.018772028 -37.390518188 -0.083132416 -0.017832391 0.996378899 396.940032959
0.996437550 -0.011756008 0.083510481 37.841796875 0.010339978 0.999795616 0.017368661 -37.592330933 -0.083697602 -0.016443292 0.996355534 399.206542969
0.996343613 -0.011184861 0.084701151 38.110870361 0.009792090 0.999810219 0.016841006 -37.786727905 -0.084873445 -0.015950024 0.996264100 401.472381592
0.996313214 -0.012997259 0.084800273 38.393215179 0.011529401 0.999775469 0.017776458 -37.978137970 -0.085012279 -0.016733218 0.996239364 403.732391357
0.996255219 -0.014526167 0.085232608 38.674999237 0.012949187 0.999735117 0.019025864 -38.173873901 -0.085486390 -0.017850924 0.996179342 405.987152100
0.996200562 -0.015347483 0.085725643 38.948925018 0.013775242 0.999726415 0.018901946 -38.364341736 -0.085992306 -0.017649233 0.996139467 408.255889893
0.996157944 -0.015098160 0.086263850 39.237712860 0.013648122 0.999755859 0.017374493 -38.550155640 -0.086505130 -0.016130399 0.996120811 410.521972656
0.996123970 -0.013179800 0.086966902 39.537055969 0.011648942 0.999768555 0.018086854 -38.755584717 -0.087185144 -0.017003683 0.996046960 412.811950684
0.996052146 -0.011926197 0.087966934 39.814788818 0.010395935 0.999786913 0.017833563 -38.948585510 -0.088160887 -0.016848659 0.995963693 415.055206299
0.995966613 -0.010651061 0.089090519 40.103919983 0.009084703 0.999797225 0.017968699 -39.140075684 -0.089263827 -0.017086862 0.995861411 417.326385498
0.995921195 -0.010750152 0.089585841 40.398574829 0.009201987 0.999801397 0.017676499 -39.333366394 -0.089758083 -0.016780037 0.995822251 419.580505371
0.995814264 -0.010792564 0.090760812 40.682044983 0.009223253 0.999800920 0.017692341 -39.524215698 -0.090933688 -0.016781176 0.995715559 421.833129883
0.995728016 -0.011005621 0.091676548 40.966567993 0.009441330 0.999802768 0.017479405 -39.721481323 -0.091850810 -0.016539186 0.995635390 424.092987061
0.995669603 -0.011465917 0.092252336 41.263793945 0.009790141 0.999779046 0.018597232 -39.915237427 -0.092445187 -0.017613530 0.995561957 426.365722656
0.995622873 -0.010595006 0.092858404 41.556526184 0.008848119 0.999776423 0.019203937 -40.105018616 -0.093041107 -0.018298259 0.995494246 428.619567871
0.995557129 -0.009777714 0.093649425 41.857715607 0.007950664 0.999771118 0.019862751 -40.294330597 -0.093822196 -0.019029927 0.995407045 430.895660400
0.995548368 -0.010014840 0.093718268 42.156333923 0.008175128 0.999766707 0.019993650 -40.491271973 -0.093896650 -0.019138487 0.995397985 433.171356201
0.995499909 -0.010835016 0.094141260 42.459033966 0.009040824 0.999769688 0.019464167 -40.690521240 -0.094330467 -0.018525461 0.995368540 435.437500000
0.995487154 -0.009517990 0.094417311 42.766391754 0.007726529 0.999783456 0.019321334 -40.864025116 -0.094580762 -0.018504621 0.995345175 437.707061768
0.995446861 -0.010018014 0.094790347 43.072902679 0.008173963 0.999770224 0.019822313 -41.057701111 -0.094967134 -0.018957252 0.995299876 439.990875244
0.995476723 -0.010000644 0.094478756 43.387229919 0.008132250 0.999764085 0.020140190 -41.247982025 -0.094657905 -0.019280763 0.995323181 442.263641357
0.995450079 -0.008980931 0.094860025 43.695041656 0.007024447 0.999756038 0.020938782 -41.448463440 -0.095024951 -0.020177176 0.995270371 444.529022217
0.995407760 -0.009474910 0.095255040 44.002136230 0.007507435 0.999751389 0.020992033 -41.633705139 -0.095430270 -0.020180510 0.995231509 446.808319092
0.995407343 -0.009443851 0.095263287 44.305355072 0.007512968 0.999759376 0.020607250 -41.825286865 -0.095434979 -0.019796897 0.995238721 449.070251465
0.995411038 -0.008672489 0.095297433 44.612194061 0.006770440 0.999771655 0.020264309 -42.015430450 -0.095451429 -0.019526111 0.995242476 451.332092285
0.995367646 -0.008039581 0.095804922 44.916393280 0.006149559 0.999780893 0.020006765 -42.212127686 -0.095944792 -0.019324930 0.995199025 453.598937988
0.995298743 -0.007446446 0.096566141 45.218238831 0.005535239 0.999783754 0.020044500 -42.395114899 -0.096694507 -0.019415747 0.995124817 455.879364014
0.995253384 -0.007744593 0.097008824 45.518867493 0.005849554 0.999786794 0.019803891 -42.592830658 -0.097141519 -0.019142438 0.995086432 458.143371582
0.995300412 -0.006994724 0.096582517 45.840927124 0.005189578 0.999807358 0.018928766 -42.780738831 -0.096696325 -0.018338583 0.995144904 460.424682617
0.995283782 -0.005976979 0.096821420 46.150207520 0.004100256 0.999800086 0.019570718 -42.975681305 -0.096919052 -0.019081429 0.995109260 462.707244873
0.995326340 -0.005581243 0.096408211 46.461666107 0.003594623 0.999777853 0.020767743 -43.165378571 -0.096502721 -0.020324128 0.995125175 464.984893799
0.995346546 -0.005553603 0.096200146 46.759689331 0.003534006 0.999770045 0.021151375 -43.350719452 -0.096295491 -0.020712975 0.995137274 467.248535156
0.995459437 -0.005619099 0.095020071 47.078155518 0.003741545 0.999794543 0.019926183 -43.538757324 -0.095112503 -0.019480186 0.995275915 469.532989502
0.995539904 -0.005483987 0.094181776 47.393672943 0.003623610 0.999795139 0.019912720 -43.738227844 -0.094271705 -0.019482631 0.995355964 471.822753906
0.995606959 -0.005939812 0.093442269 47.696933746 0.004003155 0.999773502 0.020899531 -43.933357239 -0.093545236 -0.020433655 0.995405436 474.104522705
0.995582759 -0.006213226 0.093682103 47.986957550 0.004255257 0.999768615 0.021085447 -44.122749329 -0.093791418 -0.020593666 0.995378852 476.382476807
0.995724857 -0.006204053 0.092161864 48.300617218 0.004308992 0.999775469 0.020747108 -44.302936554 -0.092269883 -0.020261284 0.995527864 478.672241211
0.995717824 -0.006122734 0.092242673 48.598602295 0.004174712 0.999764502 0.021296619 -44.490924835 -0.092351332 -0.020820331 0.995508790 480.951873779
0.995771587 -0.006656918 0.091621839 48.908622742 0.004661072 0.999747574 0.021980293 -44.681854248 -0.091745012 -0.021460297 0.995551288 483.221832275
0.995800734 -0.006555018 0.091311932 49.186096191 0.004608564 0.999757946 0.021511083 -44.878150940 -0.091430850 -0.020999935 0.995589972 485.561309814
0.995829821 -0.006708793 0.090983585 49.486221313 0.004742966 0.999751031 0.021805428 -45.066101074 -0.091107227 -0.021282960 0.995613694 487.841857910
0.995857358 -0.006098139 0.090724528 49.765384674 0.004132781 0.999753058 0.021835010 -45.246406555 -0.090835273 -0.021369612 0.995636642 490.091613770
0.995869637 -0.005537615 0.090624735 50.060073853 0.003543392 0.999748290 0.022151394 -45.427780151 -0.090724595 -0.021738784 0.995638669 492.394378662
0.995949149 -0.004743490 0.089792565 50.362819672 0.002721470 0.999740243 0.022627860 -45.611743927 -0.089876562 -0.022291832 0.995703399 494.678710938
0.995957017 -0.004126853 0.089735433 50.646659851 0.002162348 0.999756098 0.021978395 -45.791969299 -0.089804254 -0.021695500 0.995723128 496.979919434
0.995984077 -0.003879330 0.089446589 50.950901031 0.001947758 0.999763250 0.021671887 -45.989208221 -0.089509472 -0.021410633 0.995755911 499.302978516
0.996016502 -0.003961253 0.089081265 51.240974426 0.001962423 0.999744594 0.022514677 -46.176307678 -0.089147694 -0.022250175 0.995769858 501.596954346
0.996028364 -0.003556545 0.088965163 51.530162811 0.001543741 0.999741435 0.022683203 -46.364044189 -0.089022838 -0.022455778 0.995776415 503.878967285
0.996056259 -0.002633896 0.088686056 51.820404053 0.000693647 0.999759912 0.021901432 -46.549217224 -0.088722445 -0.021753538 0.995818734 506.163391113
0.996045530 -0.002321387 0.088812955 52.101699829 0.000334996 0.999749601 0.022374380 -46.735298157 -0.088842645 -0.022256151 0.995796978 508.451416016
0.996068597 -0.002754496 0.088542111 52.396682739 0.000850815 0.999767840 0.021530829 -46.923648834 -0.088580862 -0.021370852 0.995839655 510.737487793
0.996112227 -0.003460214 0.088025317 52.696063995 0.001495028 0.999748409 0.022381382 -47.117416382 -0.088080630 -0.022162769 0.995866776 513.042968750
0.996117771 -0.003104307 0.087976038 52.984848022 0.001129003 0.999746263 0.022493631 -47.300781250 -0.088023536 -0.022306982 0.995868564 515.345581055
0.996141016 -0.002361423 0.087735370 53.276538849 0.000399151 0.999749482 0.022376612 -47.489753723 -0.087766238 -0.022255244 0.995892465 517.651123047
0.996113002 -0.001592091 0.088069983 53.557083130 -0.000362393 0.999754131 0.022171950 -47.681022644 -0.088083625 -0.022117687 0.995867550 519.948303223
0.996077836 0.000279152 0.088480219 53.854076385 -0.002240729 0.999753892 0.022071121 -47.868083954 -0.088452280 -0.022182811 0.995833397 522.302734375
0.996024609 0.002227213 0.089050733 54.148849487 -0.004230889 0.999741971 0.022317963 -48.058467865 -0.088978052 -0.022606004 0.995777011 524.633361816
0.995967329 0.002932739 0.089669004 54.443450928 -0.005051420 0.999713182 0.023410000 -48.237052917 -0.089574620 -0.023768548 0.995696425 526.957885742
0.995912611 0.002457586 0.090288579 54.729904175 -0.004585746 0.999716282 0.023370769 -48.420349121 -0.090205550 -0.023689283 0.995641410 529.248840332
0.995906055 0.000606622 0.090391301 55.029827118 -0.002843883 0.999692738 0.024624106 -48.603248596 -0.090348586 -0.024780357 0.995601833 531.563171387
0.995869339 -0.001118350 0.090792224 55.337242126 -0.001109422 0.999699652 0.024482854 -48.786903381 -0.090792343 -0.024482448 0.995568871 533.888793945
0.995838523 -0.000938774 0.091130443 55.636230469 -0.001226255 0.999718368 0.023698574 -48.968566895 -0.091127031 -0.023711702 0.995556951 536.206604004
0.995765209 -0.001134634 0.091925159 55.936168671 -0.001026712 0.999724209 0.023461321 -49.152423859 -0.091926411 -0.023456348 0.995489419 538.524108887
0.995716751 -0.000588707 0.092453800 56.237728119 -0.001527119 0.999738574 0.022812817 -49.340515137 -0.092443071 -0.022856293 0.995455623 540.838134766
0.995638371 0.000084854 0.093296669 56.538177490 -0.002194337 0.999744177 0.022508139 -49.529685974 -0.093270898 -0.022614686 0.995383918 543.166992188
0.995587349 0.000538849 0.093838193 56.849395752 -0.002558257 0.999767721 0.021401141 -49.715194702 -0.093804881 -0.021546766 0.995357394 545.490173340
0.995467663 0.000915320 0.095096320 57.142303467 -0.002995284 0.999759495 0.021731727 -49.901916504 -0.095053561 -0.021918073 0.995230854 547.824462891
0.995416641 0.001114309 0.095626794 57.448722839 -0.003277606 0.999742150 0.022468202 -50.091907501 -0.095577106 -0.022678643 0.995163620 550.143737793
0.995374322 0.001261995 0.096064486 57.750038147 -0.003399675 0.999750137 0.022092145 -50.274288177 -0.096012585 -0.022316540 0.995129943 552.448486328
0.995380163 -0.000736799 0.096008539 58.065925598 -0.001378136 0.999757886 0.021960435 -50.475524902 -0.096001476 -0.021991296 0.995138228 554.758605957
0.995451927 -0.001030331 0.095259763 58.391056061 -0.001116384 0.999746621 0.022479339 -50.665863037 -0.095258787 -0.022483448 0.995198548 557.077453613
0.995366275 -0.000681033 0.096152805 58.689701080 -0.001542521 0.999733150 0.023048980 -50.854068756 -0.096142858 -0.023090500 0.995099604 559.383483887
0.995340109 0.000164206 0.096425623 59.001968384 -0.002481551 0.999710917 0.023913033 -51.038524628 -0.096393816 -0.024040887 0.995052874 561.716247559
0.995339930 -0.000479038 0.096427023 59.322536469 -0.001899459 0.999696374 0.024572989 -51.225284576 -0.096409492 -0.024641637 0.995036662 564.049987793
0.995308518 0.000082627 0.096751705 59.636989594 -0.002530218 0.999679863 0.025175234 -51.405132294 -0.096718654 -0.025301924 0.994990110 566.373779297
0.995241523 0.001236831 0.097431190 59.951751709 -0.003656941 0.999689102 0.024664512 -51.594192505 -0.097370379 -0.024903454 0.994936585 568.696533203
0.995250762 0.002447144 0.097313412 60.282985687 -0.004707115 0.999724329 0.023000835 -51.772964478 -0.097230315 -0.023349661 0.994987965 571.037658691
0.995245636 0.002918947 0.097353347 60.614494324 -0.005191339 0.999719739 0.023096565 -51.961544037 -0.097258650 -0.023492150 0.994981825 573.358154297
0.995230794 0.002650353 0.097512364 60.931930542 -0.005046275 0.999691188 0.024332020 -52.158538818 -0.097417772 -0.024708048 0.994936764 575.734985352
0.995265305 0.002627256 0.097160667 61.262233734 -0.005129311 0.999661386 0.025510926 -52.347045898 -0.097060740 -0.025888501 0.994941711 578.046997070
0.995165408 0.003118428 0.098163657 61.569526672 -0.005509919 0.999694288 0.024100633 -52.539932251 -0.098058514 -0.024524989 0.994878411 580.440979004
0.995203197 0.002229938 0.097803622 61.892082214 -0.004566148 0.999709427 0.023669425 -52.718101501 -0.097722411 -0.024002476 0.994924188 582.782653809
0.995220244 0.001492776 0.097644195 62.216953278 -0.003947522 0.999680877 0.024951359 -52.911617279 -0.097575784 -0.025217552 0.994908571 585.096069336
0.995270908 0.001722209 0.097122304 62.538295746 -0.004179897 0.999676049 0.025107307 -53.095359802 -0.097047605 -0.025394535 0.994955778 587.416076660
0.995219290 -0.001288091 0.097657301 62.861457825 -0.001083144 0.999705970 0.024224276 -53.291648865 -0.097659774 -0.024214245 0.994925261 589.774414062
0.995254874 -0.001635636 0.097287975 63.192554474 -0.000700946 0.999712110 0.023978144 -53.471645355 -0.097299211 -0.023932559 0.994967401 592.126525879
0.995260477 -0.003222913 0.097190797 63.509334564 0.000854821 0.999701977 0.024397187 -53.658023834 -0.097240470 -0.024198478 0.994966686 594.462341309
0.995282233 -0.003915703 0.096942507 63.839057922 0.001543135 0.999697745 0.024536857 -53.844520569 -0.097009286 -0.024271507 0.994987488 596.825012207
