1.000000000 0.000000000 0.000000000 0.000000000 0.000000000 1.000000000 0.000000000 0.000000000 0.000000000 0.000000000 1.000000000 0.000000000
0.999999881 0.000056598 0.000425370 0.086933866 -0.000056540 0.999999940 -0.000137179 -0.227299020 -0.000425378 0.000137155 0.999999881 2.288738012
0.999999106 0.000572777 0.001212870 0.165385753 -0.000573451 0.999999642 0.000555338 -0.466100663 -0.001212551 -0.000556033 0.999999106 4.584213257
0.999998510 0.000085599 0.001738547 0.263132334 -0.000086709 0.999999821 0.000638706 -0.696611047 -0.001738492 -0.000638856 0.999998271 6.870079041
0.999996483 -0.000055944 0.002642741 0.355837733 0.000058950 0.999999344 -0.001137497 -0.927936733 -0.002642676 0.001137648 0.999995887 9.163038254
0.999987781 0.001688309 0.004659699 0.448080540 -0.001689501 0.999998569 0.000251768 -1.164113045 -0.004659268 -0.000259637 0.999989152 11.468299866
0.999971092 0.003194397 0.006897375 0.552815855 -0.003205600 0.999993563 0.001613899 -1.404136300 -0.006892175 -0.001635962 0.999974906 13.754706383
0.999951065 0.003087478 0.009390526 0.657214284 -0.003126965 0.999986351 0.004193217 -1.632123828 -0.009377451 -0.004222375 0.999947071 16.027565002
0.999946237 0.003344182 0.009815987 0.755722702 -0.003399110 0.999978542 0.005584407 -1.859033346 -0.009797105 -0.005617471 0.999936223 18.306516647
0.999930680 0.002117890 0.011578491 0.857308984 -0.002180988 0.999982715 0.005439683 -2.079893112 -0.011566771 -0.005464558 0.999918163 20.591594696
0.999931216 -0.000275032 0.011723756 0.980380774 0.000238129 0.999994934 0.003149000 -2.307901382 -0.011724567 -0.003145991 0.999926269 22.895212173
0.999919713 -0.002547066 0.012409789 1.089480400 0.002530817 0.999995887 0.001324968 -2.529018641 -0.012413116 -0.001293455 0.999922097 25.177539825
0.999913096 -0.003626703 0.012675796 1.212429643 0.003616537 0.999993086 0.000824894 -2.779859781 -0.012678701 -0.000778980 0.999919236 27.465780258
0.999896109 -0.003214756 0.014050740 1.314798713 0.003215218 0.999994874 -0.000010323 -3.004756927 -0.014050634 0.000055498 0.999901235 29.753543854
0.999894381 -0.001124686 0.014484484 1.442558050 0.001092377 0.999996841 0.002238311 -3.229747534 -0.014486955 -0.002222252 0.999892533 32.025382996
0.999899805 0.000843608 0.014131324 1.576082468 -0.000903874 0.999990582 0.004258877 -3.448235989 -0.014127598 -0.004271223 0.999891043 34.305831909
0.999871552 0.002753559 0.015788091 1.693881750 -0.002882708 0.999962449 0.008163254 -3.675597668 -0.015765021 -0.008207717 0.999842048 36.619266510
0.999855280 0.004676023 0.016353961 1.812373519 -0.004801285 0.999959290 0.007628650 -3.892492533 -0.016317626 -0.007706067 0.999837160 38.890758514
0.999821126 0.004240328 0.018431881 1.922688484 -0.004352984 0.999972045 0.006076165 -4.096967697 -0.018405601 -0.006155312 0.999811649 41.196826935
0.999825358 0.001725138 0.018608736 2.047198296 -0.001824967 0.999984026 0.005348978 -4.323953152 -0.018599210 -0.005382003 0.999812543 43.471027374
0.999825478 0.001854787 0.018590292 2.178161621 -0.001929856 0.999989986 0.004020934 -4.547933578 -0.018582646 -0.004056109 0.999819100 45.738521576
0.999822378 0.001608651 0.018777011 2.303883314 -0.001668599 0.999993563 0.003177404 -4.778641701 -0.018771779 -0.003208171 0.999818623 48.015163422
0.999822795 -0.000014697 0.018832225 2.440083742 -0.000054411 0.999993265 0.003669110 -5.008383274 -0.018832151 -0.003669485 0.999815941 50.296131134
0.999800563 -0.000832716 0.019953743 2.567240715 0.000753978 0.999992013 0.003953221 -5.232205391 -0.019956870 -0.003937388 0.999793053 52.562507629
0.999797881 -0.002000356 0.020007048 2.708070993 0.001921418 0.999990225 0.003963958 -5.461734772 -0.020014782 -0.003924715 0.999791980 54.849838257
0.999773741 -0.002394272 0.021137051 2.834185600 0.002305064 0.999988258 0.004243819 -5.687370777 -0.021146964 -0.004194136 0.999767601 57.139167786
0.999758899 -0.003717274 0.021641402 2.972839832 0.003613490 0.999981821 0.004832805 -5.911589146 -0.021658972 -0.004753439 0.999754131 59.407424927
0.999715745 -0.005006625 0.023310704 3.098293543 0.004910442 0.999979198 0.004181509 -6.133510113 -0.023331154 -0.004065854 0.999719441 61.674259186
0.999701619 -0.005880375 0.023708981 3.250042915 0.005789049 0.999975562 0.003918705 -6.356427193 -0.023731446 -0.003780282 0.999711215 63.925292969
0.999667227 -0.005265939 0.025251728 3.385844707 0.005149869 0.999975801 0.004659339 -6.579908371 -0.025275655 -0.004527746 0.999670267 66.193229675
0.999644816 -0.004453992 0.026276402 3.532490969 0.004326687 0.999978602 0.004899697 -6.803826809 -0.026297659 -0.004784266 0.999642730 68.445968628
0.999605298 -0.004670990 0.027703024 3.669726133 0.004543990 0.999978900 0.004645501 -7.028390884 -0.027724138 -0.004517784 0.999605536 70.692260742
0.999590755 -0.005531394 0.028063912 3.832551956 0.005441999 0.999979854 0.003260839 -7.250275612 -0.028081382 -0.003106781 0.999600828 72.936660767
0.999577224 -0.006366238 0.028367495 3.985895395 0.006263332 0.999973476 0.003714994 -7.476645947 -0.028390396 -0.003535749 0.999590576 75.200881958
0.999537587 -0.007479907 0.029474698 4.151096821 0.007389058 0.999967635 0.003189968 -7.708796978 -0.029497603 -0.002970703 0.999560416 77.467674255
0.999530911 -0.008480093 0.029428931 4.307504654 0.008406394 0.999961197 0.002627117 -7.929677963 -0.029450068 -0.002378493 0.999563396 79.710762024
0.999500394 -0.008893471 0.030330336 4.455383778 0.008829242 0.999958456 0.002250897 -8.148896217 -0.030349096 -0.001981978 0.999537349 81.964836121
0.999490976 -0.008364006 0.030786699 4.633644104 0.008289333 0.999962330 0.002552330 -8.383857727 -0.030806882 -0.002295830 0.999522686 84.238250732
0.999445021 -0.008099571 0.032311775 4.791717529 0.008013821 0.999964058 0.002782461 -8.600364685 -0.032333147 -0.002521975 0.999474049 86.489448547
0.999433994 -0.008394902 0.032575510 4.956509590 0.008264383 0.999957263 0.004139220 -8.836374283 -0.032608867 -0.003867661 0.999460697 88.775489807
0.999405861 -0.007562224 0.033625741 5.115534782 0.007406645 0.999961317 0.004748944 -9.063280106 -0.033660356 -0.004497068 0.999423206 91.032676697
0.999388278 -0.007625523 0.034128882 5.286044121 0.007473924 0.999961555 0.004567336 -9.284446716 -0.034162391 -0.004309466 0.999406993 93.288436890
0.999367595 -0.007632594 0.034728717 5.453446388 0.007496846 0.999963701 0.004037303 -9.503983498 -0.034758270 -0.003774394 0.999388635 95.543220520
0.999339283 -0.008136371 0.035425689 5.619477272 0.007989054 0.999958873 0.004298111 -9.726125717 -0.035459206 -0.004012253 0.999363065 97.798919678
0.999300897 -0.007624297 0.036600303 5.777686119 0.007484003 0.999964118 0.003968613 -9.959639549 -0.036629252 -0.003691922 0.999322116 100.034973145
0.999226093 -0.007629989 0.038589079 5.929327488 0.007437750 0.999959230 0.005122797 -10.177702904 -0.038626593 -0.004831816 0.999242067 102.259162903
0.999228954 -0.008358374 0.038361352 6.128326416 0.008169337 0.999953687 0.005081888 -10.401682854 -0.038402054 -0.004764584 0.999251008 104.509460449
0.999189973 -0.008920847 0.039239001 6.301960945 0.008695900 0.999944806 0.005899644 -10.619419098 -0.039289467 -0.005553648 0.999212444 106.736282349
0.999153137 -0.010311285 0.039833914 6.478590965 0.010077127 0.999930739 0.006074702 -10.837079048 -0.039893787 -0.005668146 0.999187827 108.987174988
0.999103785 -0.011433139 0.040753532 6.653564930 0.011155439 0.999913037 0.007035055 -11.060840607 -0.040830415 -0.006574127 0.999144435 111.235626221
0.999090552 -0.012048388 0.040901404 6.844832420 0.011825289 0.999913871 0.005692172 -11.283022881 -0.040966462 -0.005203325 0.999146998 113.496459961
0.999041915 -0.012242237 0.042019650 7.025129318 0.012041884 0.999914885 0.005017928 -11.502624512 -0.042077512 -0.004507125 0.999104142 115.732261658
0.999003768 -0.012498613 0.042838201 7.206022263 0.012272619 0.999909401 0.005534473 -11.728385925 -0.042903487 -0.005003223 0.999066710 117.967521667
0.998947918 -0.012859816 0.044019662 7.392915726 0.012601567 0.999901772 0.006139105 -11.944231033 -0.044094291 -0.005577928 0.999011815 120.212692261
0.998901308 -0.013367941 0.044915948 7.587012291 0.013091746 0.999893546 0.006437663 -12.165360451 -0.044997223 -0.005842563 0.998969972 122.446937561
0.998862684 -0.014301457 0.045487031 7.784869671 0.014025652 0.999881327 0.006376835 -12.387428284 -0.045572832 -0.005731596 0.998944581 124.680519104
0.998840868 -0.014300989 0.045961283 7.972898006 0.014054511 0.999885082 0.005681455 -12.614247322 -0.046037257 -0.005028906 0.998926997 126.945938110
0.998824239 -0.016001215 0.045764279 8.165016174 0.015737047 0.999857366 0.006126882 -12.831349373 -0.045855787 -0.005399481 0.998933494 129.202453613
0.998842835 -0.017108129 0.044946544 8.355319023 0.016837139 0.999837756 0.006400757 -13.045894623 -0.045048751 -0.005636579 0.998968899 131.450881958
0.998911381 -0.017463570 0.043256808 8.556931496 0.017149607 0.999823868 0.007618720 -13.263607025 -0.043382235 -0.006868588 0.999035060 133.682495117
0.998973072 -0.018345885 0.041427433 8.762937546 0.018048620 0.999808788 0.007538097 -13.493679047 -0.041557800 -0.006782650 0.999113083 135.927566528
0.999037623 -0.019122379 0.039473206 8.969610214 0.018868402 0.999798894 0.006796706 -13.701794624 -0.039595231 -0.006045369 0.999197543 138.153823853
0.999027550 -0.020123633 0.039230131 9.145057678 0.019871980 0.999779403 0.006794281 -13.921489716 -0.039358202 -0.006008093 0.999207079 140.430572510
0.999015510 -0.020402135 0.039391238 9.313987732 0.020139264 0.999772251 0.007058654 -14.131267548 -0.039526273 -0.006258394 0.999198973 142.664031982
0.999068081 -0.020653129 0.037900679 9.510175705 0.020369565 0.999761820 0.007852697 -14.349581718 -0.038053825 -0.007073359 0.999250770 144.860046387
0.999082148 -0.019738268 0.038019195 9.684096336 0.019494828 0.999787092 0.006763391 -14.565372467 -0.038144596 -0.006016006 0.999254048 147.106201172
0.999106467 -0.018548850 0.037976362 9.861026764 0.018366478 0.999818027 0.005145674 -14.781502724 -0.038064901 -0.004443584 0.999265373 149.348236084
0.999121726 -0.016920909 0.038333509 10.035655975 0.016766042 0.999849916 0.004357907 -15.003152847 -0.038401496 -0.003711378 0.999255478 151.600372314
0.999133646 -0.016308108 0.038286503 10.219890594 0.016157387 0.999860466 0.004242741 -15.219965935 -0.038350344 -0.003620456 0.999257743 153.838775635
0.999126196 -0.015507639 0.038811389 10.393911362 0.015333279 0.999870956 0.004786050 -15.440204620 -0.038880609 -0.004186762 0.999235094 156.092834473
0.999134183 -0.014602689 0.038955625 10.584014893 0.014374593 0.999877810 0.006128941 -15.662515640 -0.039040368 -0.005563664 0.999222159 158.306945801
0.999088585 -0.014364691 0.040193222 10.754630089 0.014094234 0.999876142 0.007004282 -15.883708000 -0.040288854 -0.006431405 0.999167383 160.597763062
0.999059856 -0.013409632 0.041225515 10.932684898 0.013067805 0.999878049 0.008549939 -16.097146988 -0.041335132 -0.008003175 0.999113202 162.832717896
0.999046803 -0.012544304 0.041809481 11.118846893 0.012240906 0.999896824 0.007504820 -16.302150726 -0.041899320 -0.006985880 0.999097407 165.097305298
0.999000371 -0.011901474 0.043091252 11.305770874 0.011637652 0.999911964 0.006368069 -16.517812729 -0.043163255 -0.005860222 0.999050856 167.339050293
0.998915970 -0.010023238 0.045456849 11.483735085 0.009728416 0.999930322 0.006702333 -16.734941483 -0.045520853 -0.006252845 0.998943806 169.573226929
0.998791516 -0.010174457 0.048082653 11.668527603 0.009813244 0.999921858 0.007742436 -16.970949173 -0.048157673 -0.007261233 0.998813272 171.840087891
0.998669028 -0.010429735 0.050510511 11.867164612 0.010064751 0.999921381 0.007474856 -17.184885025 -0.050584506 -0.006956533 0.998695552 174.101516724
0.998587549 -0.010576093 0.052069504 12.072606087 0.010163548 0.999914825 0.008181416 -17.405712128 -0.052151613 -0.007640650 0.998609960 176.354843140
0.998555481 -0.010951415 0.052601814 12.280126572 0.010490387 0.999904156 0.009032599 -17.615432739 -0.052695699 -0.008467738 0.998574734 178.579162598
0.998531103 -0.013091319 0.052576192 12.476608276 0.012654789 0.999882698 0.008627166 -17.829113007 -0.052682970 -0.007949154 0.998579562 180.811370850
0.998472214 -0.013929248 0.053472817 12.669391632 0.013502046 0.999874115 0.008342122 -18.041372299 -0.053582281 -0.007607382 0.998534381 183.060073853
0.998542488 -0.015061129 0.051827405 12.892566681 0.014634447 0.999855816 0.008602414 -18.263885498 -0.051949497 -0.007831411 0.998618960 185.286437988
0.998543561 -0.016835440 0.051259838 13.098221779 0.016359052 0.999819160 0.009699163 -18.481060028 -0.051413864 -0.008846476 0.998638272 187.525146484
0.998552918 -0.017712506 0.050776199 13.304237366 0.017275672 0.999810100 0.009029112 -18.686826706 -0.050926477 -0.008138853 0.998669326 189.773574829
0.998524487 -0.018928990 0.050896745 13.500869751 0.018484564 0.999786913 0.009188480 -18.904626846 -0.051059827 -0.008234119 0.998661637 191.976577759
0.998491883 -0.020461559 0.050942555 13.696730614 0.020045467 0.999761462 0.008665558 -19.115236282 -0.051107708 -0.007631323 0.998663902 194.215332031
0.998502254 -0.020013191 0.050917909 13.900336266 0.019579630 0.999767780 0.008999561 -19.329441071 -0.051086187 -0.007989129 0.998662233 196.455184937
0.998520553 -0.017881000 0.051351983 14.102258682 0.017439675 0.999807119 0.009029422 -19.537128448 -0.051503535 -0.008120501 0.998639822 198.682357788
0.998538256 -0.015897822 0.051658046 14.301799774 0.015455520 0.999840498 0.008950340 -19.753358841 -0.051792104 -0.008138853 0.998624742 200.905990601
0.998509467 -0.015491556 0.052335951 14.511619568 0.015080169 0.999852240 0.008246353 -19.966230392 -0.052455984 -0.007444825 0.998595476 203.161453247
0.998472095 -0.015749365 0.052965164 14.711052895 0.015300399 0.999843597 0.008871494 -20.172920227 -0.053096607 -0.008047551 0.998556972 205.385528564
0.998456001 -0.017497221 0.052720159 14.941096306 0.017036295 0.999812841 0.009179630 -20.395492554 -0.052870911 -0.008267302 0.998567104 207.616394043
0.998399079 -0.017062757 0.053926792 15.146345139 0.016582882 0.999818861 0.009333627 -20.596027374 -0.054076280 -0.008424424 0.998501241 209.858947754
0.998314619 -0.017782576 0.055242602 15.360401154 0.017185595 0.999788880 0.011262895 -20.832939148 -0.055431236 -0.010294535 0.998409450 212.096633911
0.998260081 -0.016327700 0.056659956 15.595799446 0.015699809 0.999810576 0.011509259 -21.040365219 -0.056837130 -0.010599684 0.998327255 214.330505371
0.998079538 -0.014868250 0.060134456 15.783354759 0.014182007 0.999829531 0.011822619 -21.242040634 -0.060299989 -0.010947088 0.998120248 216.569717407
0.997951329 -0.014728013 0.062261086 16.007598877 0.014001327 0.999828815 0.012091900 -21.443897247 -0.062428519 -0.011195388 0.997986674 218.803802490
0.997806549 -0.015885690 0.064263254 16.237670898 0.015098827 0.999805212 0.012711583 -21.644639969 -0.064452656 -0.011713400 0.997852027 221.036178589
0.997699201 -0.017540781 0.065487847 16.472774506 0.016694255 0.999770164 0.013451426 -21.845193863 -0.065708756 -0.012327204 0.997762680 223.268569946
0.997615695 -0.019930659 0.066073813 16.718351364 0.019103972 0.999731421 0.013119971 -22.057247162 -0.066317558 -0.011826416 0.997728467 225.485275269
0.997578263 -0.021309109 0.066209592 16.959674835 0.020503599 0.999707520 0.012821981 -22.255664825 -0.066463478 -0.011433395 0.997723341 227.722839355
0.997537434 -0.021278976 0.066829875 17.195098877 0.020448795 0.999705255 0.013082059 -22.457958221 -0.067088552 -0.011683254 0.997678638 229.959899902
0.997481644 -0.022535592 0.067249559 17.441009521 0.021762989 0.999688745 0.012199254 -22.663248062 -0.067503527 -0.010704982 0.997661591 232.209579468
0.997403324 -0.023419101 0.068104029 17.680875778 0.022548627 0.999654293 0.013522417 -22.862798691 -0.068397164 -0.011951652 0.997586548 234.451034546
0.997422874 -0.022960963 0.067973979 17.952938080 0.022091275 0.999664545 0.013518612 -23.066104889 -0.068261594 -0.011982141 0.997595489 236.742706299
0.997374296 -0.022994945 0.068671606 18.192352295 0.022123255 0.999665082 0.013427351 -23.262178421 -0.068957381 -0.011872856 0.997548878 238.975128174
0.997335672 -0.023374546 0.069102392 18.438329697 0.022475837 0.999652743 0.013754593 -23.463190079 -0.069399908 -0.012164813 0.997514725 241.202484131
0.997281492 -0.023955541 0.069684789 18.684558868 0.023036147 0.999637008 0.013967557 -23.662145615 -0.069994114 -0.012324315 0.997471213 243.442169189
0.997248471 -0.024197107 0.070070222 18.932216644 0.023316054 0.999638915 0.013364656 -23.866975784 -0.070368312 -0.011694124 0.997452497 245.663269043
0.997266889 -0.023604251 0.070012748 19.187513351 0.022776254 0.999661267 0.012601301 -24.067474365 -0.070286483 -0.010972232 0.997466505 247.892852783
0.997237682 -0.024005629 0.070290297 19.441799164 0.023135385 0.999645710 0.013168856 -24.270221710 -0.070581511 -0.011506285 0.997439623 250.127517700
0.997196913 -0.025315316 0.070408776 19.698040009 0.024450190 0.999614954 0.013122180 -24.471714020 -0.070713840 -0.011363888 0.997431934 252.354507446
0.997199833 -0.025554700 0.070280664 19.964252472 0.024636788 0.999599874 0.013896787 -24.676637650 -0.070607647 -0.012126384 0.997430444 254.615631104
0.997167826 -0.026372092 0.070433289 20.204568863 0.025440976 0.999577165 0.014084471 -24.877326965 -0.070774943 -0.012252690 0.997417033 256.834167480
0.997148514 -0.026761683 0.070558868 20.472459793 0.025793241 0.999560654 0.014601062 -25.084192276 -0.070918605 -0.012739488 0.997400761 259.119567871
0.997116148 -0.026413660 0.071146004 20.730033875 0.025470862 0.999575734 0.014126545 -25.284099579 -0.071488954 -0.012273655 0.997365892 261.374053955
0.997087419 -0.026538583 0.071500205 20.987651825 0.025617436 0.999576986 0.013769636 -25.481937408 -0.071835361 -0.011897882 0.997345507 263.629547119
0.997039199 -0.025556207 0.072524138 21.241142273 0.024653448 0.999607384 0.013315816 -25.681159973 -0.072835952 -0.011488420 0.997277677 265.856445312
0.996994555 -0.024979303 0.073334590 21.501014709 0.024064969 0.999621511 0.013325331 -25.877906799 -0.073639676 -0.011520485 0.997218311 268.102569580
0.996849656 -0.024803184 0.075336747 21.746517181 0.023876343 0.999628007 0.013178649 -26.089237213 -0.075635582 -0.011338367 0.997071087 270.372650146
0.996742308 -0.025587415 0.076486357 22.015710831 0.024605675 0.999602675 0.013750579 -26.294795990 -0.076807804 -0.011823786 0.996975839 272.620727539
0.996582091 -0.025719881 0.078502543 22.271245956 0.024673773 0.999593675 0.014266948 -26.492841721 -0.078837618 -0.012281230 0.996811748 274.868164062
0.996466398 -0.025517177 0.080022633 22.544569016 0.024395136 0.999590278 0.014968154 -26.679578781 -0.080371797 -0.012963098 0.996680617 277.108703613
0.996414006 -0.024850594 0.080879435 22.831024170 0.023536339 0.999575615 0.017162686 -26.896627426 -0.081271626 -0.015197537 0.996576130 279.369842529
0.996321857 -0.024650738 0.082066789 23.111770630 0.023219485 0.999561965 0.018349189 -27.095350266 -0.082483165 -0.016376147 0.996457934 281.604797363
0.996226132 -0.023939392 0.083429076 23.378446579 0.022488007 0.999579728 0.018293312 -27.278629303 -0.083831944 -0.016348116 0.996345818 283.837768555
0.996153235 -0.022896394 0.084584370 23.648302078 0.021433549 0.999605298 0.018162470 -27.469461441 -0.084966846 -0.016279658 0.996250749 286.060577393
0.996137977 -0.022524362 0.084863260 23.944227219 0.021201180 0.999639690 0.016461173 -27.644771576 -0.085203461 -0.014598398 0.996256649 288.323455811
0.996062040 -0.023330553 0.085534431 24.216852188 0.021960812 0.999615610 0.016920149 -27.844352722 -0.085896313 -0.014975110 0.996191561 290.550903320
0.995985746 -0.023482824 0.086377077 24.479150772 0.022221567 0.999632359 0.015534540 -28.028465271 -0.086710110 -0.013552748 0.996141493 292.807312012
0.995990992 -0.024179319 0.086123884 24.762815475 0.023014225 0.999629974 0.014495539 -28.219766617 -0.086442500 -0.012455354 0.996178985 295.036041260
0.995968521 -0.024204697 0.086375915 25.043558121 0.023031084 0.999628663 0.014558208 -28.417919159 -0.086696230 -0.012510186 0.996156156 297.267791748
0.995972633 -0.023552859 0.086509295 25.327074051 0.022366215 0.999642372 0.014660834 -28.610666275 -0.086823665 -0.012666903 0.996143103 299.505493164
0.995907247 -0.023365317 0.087308928 25.592632294 0.022084324 0.999634266 0.015609334 -28.813577652 -0.087641731 -0.013617285 0.996058941 301.735534668
0.995902419 -0.023643060 0.087288797 25.882028580 0.022353735 0.999626517 0.015718982 -29.006732941 -0.087627850 -0.013703343 0.996058941 303.979644775
0.995872974 -0.023116134 0.087764740 26.170074463 0.021812731 0.999637485 0.015781356 -29.199857712 -0.088097729 -0.013801835 0.996016204 306.222503662
0.995851457 -0.024046496 0.087759048 26.456539154 0.022766635 0.999619782 0.015555899 -29.400747299 -0.088099748 -0.013493383 0.996020198 308.468780518
0.995794356 -0.025041347 0.088127472 26.743810654 0.023722256 0.999590814 0.015983773 -29.594791412 -0.088491656 -0.013825970 0.995980978 310.723754883
0.995743990 -0.024636120 0.088808715 27.028362274 0.023352535 0.999607682 0.015463712 -29.795148849 -0.089154840 -0.013323988 0.995928645 312.950592041
0.995768309 -0.024514230 0.088569231 27.328369141 0.023173371 0.999601245 0.016135888 -29.992971420 -0.088929452 -0.014015158 0.995939434 315.196166992
0.995723248 -0.022816284 0.089523546 27.617139816 0.021525709 0.999650300 0.015355243 -30.189985275 -0.089842573 -0.013362515 0.995866358 317.427795410
0.995730877 -0.020720869 0.089947216 27.904769897 0.019378597 0.999687850 0.015770704 -30.387670517 -0.090245910 -0.013960326 0.995821655 319.669525146
0.995665491 -0.019503107 0.090938926 28.188226700 0.018204192 0.999720395 0.015091113 -30.583702087 -0.091207825 -0.013370230 0.995742142 321.890930176
0.995643318 -0.018407730 0.091408871 28.475399017 0.017028200 0.999729395 0.015848961 -30.779819489 -0.091675878 -0.014223384 0.995687306 324.125000000
0.995650589 -0.017935995 0.091424294 28.771213531 0.016430065 0.999717236 0.017198045 -30.984367371 -0.091706894 -0.015621134 0.995663643 326.345245361
0.995590985 -0.018583726 0.091942668 29.051666260 0.017088365 0.999709010 0.017024742 -31.181789398 -0.092232324 -0.015378532 0.995618761 328.578735352
0.995579839 -0.020492660 0.091656312 29.355155945 0.019057704 0.999682188 0.016503843 -31.377357483 -0.091965392 -0.014684134 0.995653927 330.805236816
0.995561659 -0.019575438 0.092054576 29.639545441 0.018160231 0.999704063 0.016186262 -31.571348190 -0.092344180 -0.014442688 0.995622396 333.019195557
0.995518923 -0.019564973 0.092516504 29.928749084 0.018000649 0.999681175 0.017712960 -31.769580841 -0.092833549 -0.015968230 0.995553553 335.257080078
0.995553732 -0.019867683 0.092075832 30.235233307 0.018317293 0.999676347 0.017652880 -31.958728790 -0.092396758 -0.015887812 0.995595515 337.492187500
0.995527565 -0.019440122 0.092448957 30.520395279 0.017847871 0.999678314 0.018018804 -32.156429291 -0.092769526 -0.016288202 0.995554388 339.729736328
0.995531261 -0.019343870 0.092430346 30.820228577 0.017779544 0.999684930 0.017718032 -32.351093292 -0.092743978 -0.015995484 0.995561481 341.983398438
0.995524287 -0.019550323 0.092461839 31.113687515 0.017943952 0.999673784 0.018173041 -32.541999817 -0.092786983 -0.016432576 0.995550394 344.235443115
0.995554864 -0.019140240 0.092218146 31.408285141 0.017540343 0.999681771 0.018128492 -32.730411530 -0.092535786 -0.016430371 0.995573819 346.477233887
0.995575368 -0.019009741 0.092022836 31.702278137 0.017413214 0.999684155 0.018121192 -32.921356201 -0.092338242 -0.016438600 0.995591998 348.721008301
0.995547116 -0.018349813 0.092462078 31.991735458 0.016727716 0.999692798 0.018287977 -33.110160828 -0.092769258 -0.016659863 0.995548248 350.964080811
0.995582461 -0.018559314 0.092038594 32.286594391 0.016900670 0.999680996 0.018767992 -33.302021027 -0.092357568 -0.017129570 0.995578527 353.192352295
0.995584965 -0.018063547 0.092110090 32.572872162 0.016432263 0.999694943 0.018437950 -33.495697021 -0.092415057 -0.016842971 0.995578051 355.429748535
0.995587587 -0.018236460 0.092047669 32.862808228 0.016575234 0.999686241 0.018779807 -33.684185028 -0.092361286 -0.017171232 0.995577455 357.664520264
0.995657802 -0.017499594 0.091429174 33.163753510 0.015746484 0.999678731 0.019860905 -33.880012512 -0.091747358 -0.018334981 0.995613515 359.909088135
0.995706379 -0.017632820 0.090872645 33.463794708 0.015893845 0.999677122 0.019824732 -34.071147919 -0.091192871 -0.018295294 0.995665193 362.153381348
0.995738745 -0.017438447 0.090555504 33.761260986 0.015665924 0.999672234 0.020247962 -34.258605957 -0.090878911 -0.018743046 0.995685518 364.389373779
0.995781183 -0.017327398 0.090108588 34.055568695 0.015616187 0.999684691 0.019661073 -34.447128296 -0.090420857 -0.018170971 0.995737851 366.634674072
0.995791018 -0.018231073 0.089821681 34.344116211 0.016553149 0.999674916 0.019390300 -34.634437561 -0.090145975 -0.017821856 0.995769083 368.885803223
0.995772660 -0.017969016 0.090077393 34.629623413 0.016371081 0.999695778 0.018447163 -34.816013336 -0.090381466 -0.016894514 0.995763958 371.150909424
0.995833516 -0.018340580 0.089327902 34.921611786 0.016741848 0.999686539 0.018613864 -35.009986877 -0.089641310 -0.017040798 0.995828271 373.379852295
0.995964885 -0.018392276 0.087838098 35.226394653 0.016758692 0.999673247 0.019299088 -35.198513031 -0.088164352 -0.017749164 0.995947838 375.620880127
0.995840669 -0.017660463 0.089383177 35.501586914 0.015956635 0.999677718 0.019740948 -35.386650085 -0.089702994 -0.018232584 0.995801687 377.881896973
0.995829463 -0.018250572 0.089390412 35.789756775 0.016528770 0.999664187 0.019964145 -35.576969147 -0.089724734 -0.018403370 0.995796502 380.116851807
0.995854735 -0.018306142 0.089098103 36.086643219 0.016589854 0.999662995 0.019965529 -35.761363983 -0.089433573 -0.018404646 0.995822668 382.375274658
0.995855808 -0.017585341 0.089230075 36.379814148 0.015831912 0.999668181 0.020320561 -35.952850342 -0.089557804 -0.018823668 0.995803714 384.625671387
0.995873332 -0.016603658 0.089221507 36.675720215 0.014864952 0.999687135 0.020116834 -36.131675720 -0.089527607 -0.018707553 0.995808601 386.887695312
0.995895863 -0.015505444 0.089168049 36.976989746 0.013766990 0.999703646 0.020078495 -36.327659607 -0.089452937 -0.018768515 0.995814145 389.158966064
0.995873570 -0.014163095 0.089639202 37.261642456 0.012406058 0.999720454 0.020128133 -36.519477844 -0.089899220 -0.018933002 0.995770872 391.437713623
0.995910466 -0.012846567 0.089427486 37.557403564 0.010951488 0.999705613 0.021649752 -36.708312988 -0.089679278 -0.020581853 0.995757937 393.699615479
0.995828748 -0.011285549 0.090542480 37.836128235 0.009345685 0.999718249 0.021820355 -36.892539978 -0.090763219 -0.020883152 0.995653450 395.955566406
0.995772064 -0.011067307 0.091189265 38.127246857 0.009244969 0.999749541 0.020382360 -37.084701538 -0.091392018 -0.019453142 0.995624959 398.219665527
0.995722532 -0.010839164 0.091755740 38.419399261 0.009062792 0.999763787 0.019754374 -37.272758484 -0.091948189 -0.018838312 0.995585561 400.483306885
0.995582521 -0.011986597 0.093121260 38.699695587 0.010083815 0.999731183 0.020877128 -37.458553314 -0.093346484 -0.019845890 0.995435894 402.721771240
0.995591819 -0.013245879 0.092852078 39.008838654 0.011237042 0.999692082 0.022124365 -37.648788452 -0.093116544 -0.020983450 0.995434105 404.998260498
0.995527446 -0.013739633 0.093467496 39.299850464 0.011733517 0.999689639 0.021979077 -37.833278656 -0.093740463 -0.020784076 0.995379746 407.251739502
0.995497227 -0.012207963 0.094001345 39.624668121 0.010282367 0.999727845 0.020941960 -38.011604309 -0.094231404 -0.019881103 0.995351791 409.524749756
0.995436132 -0.011449763 0.094740674 39.928459167 0.009478337 0.999729633 0.021232575 -38.201313019 -0.094958156 -0.020237690 0.995275557 411.784637451
0.995370567 -0.010277368 0.095560312 40.227432251 0.008314771 0.999746740 0.020913346 -38.388362885 -0.095751047 -0.020021971 0.995203912 414.032928467
0.995275021 -0.008904610 0.096686706 40.535884857 0.006916054 0.999758005 0.020882700 -38.572784424 -0.096849240 -0.020115342 0.995095909 416.301086426
0.995236456 -0.009360935 0.097039975 40.850505829 0.007379619 0.999757349 0.020756340 -38.761074066 -0.097210728 -0.019941347 0.995064020 418.552978516
0.995132446 -0.009330074 0.098102957 41.154315948 0.007330874 0.999758482 0.020719355 -38.945079803 -0.098272562 -0.019899324 0.994960546 420.807373047
0.995048881 -0.009281738 0.098952264 41.457477570 0.007301505 0.999766111 0.020355420 -39.133079529 -0.099118061 -0.019532133 0.994883955 423.069488525
0.994981706 -0.009779307 0.099579185 41.771087646 0.007668328 0.999738097 0.021559762 -39.322086334 -0.099763967 -0.020687960 0.994796038 425.338256836
0.994925559 -0.008939977 0.100215837 42.079681396 0.006750117 0.999731421 0.022169285 -39.506031036 -0.100387119 -0.021380320 0.994718730 427.588623047
0.994853258 -0.008118855 0.100999385 42.397502899 0.005845220 0.999723196 0.022786984 -39.688446045 -0.101156436 -0.022079343 0.994625509 429.863159180
0.994858027 -0.009257634 0.100854643 42.719116211 0.006954809 0.999707699 0.023160825 -39.879512787 -0.101039566 -0.022340311 0.994631648 432.139678955
0.994799793 -0.009887847 0.101368688 43.040515900 0.007625937 0.999713719 0.022676984 -40.072109222 -0.101563886 -0.021786027 0.994590461 434.407165527
0.994795799 -0.008865312 0.101502381 43.366497040 0.006590394 0.999720037 0.022725882 -40.242122650 -0.101675421 -0.021938672 0.994575679 436.676605225
0.994749546 -0.009334465 0.101912133 43.686672211 0.006999810 0.999705255 0.023242163 -40.429790497 -0.102099039 -0.022406762 0.994521976 438.958862305
0.994764507 -0.009356719 0.101764925 44.011882782 0.007018013 0.999703467 0.023315266 -40.609313965 -0.101952903 -0.022479009 0.994535208 441.229583740
0.994749010 -0.008685243 0.101975240 44.336872101 0.006207917 0.999678433 0.024585703 -40.813064575 -0.102155998 -0.023823550 0.994483054 443.500244141
0.994712234 -0.009096252 0.102299176 44.662597656 0.006610740 0.999675274 0.024609355 -40.990474701 -0.102489829 -0.023802949 0.994449198 445.780700684
0.994672477 -0.008711639 0.102717020 44.978092194 0.006268629 0.999690294 0.024082728 -41.172019958 -0.102895014 -0.023310535 0.994418979 448.045349121
0.994690180 -0.008228931 0.102585167 45.303737640 0.005820560 0.999700904 0.023754077 -41.355701447 -0.102749929 -0.023030842 0.994440496 450.305664062
0.994611382 -0.007414947 0.103407837 45.618198395 0.005010467 0.999711454 0.023492800 -41.544189453 -0.103552215 -0.022848085 0.994361579 452.569213867
0.994529128 -0.006846062 0.104235046 45.935329437 0.004406814 0.999711454 0.023613771 -41.719142914 -0.104366645 -0.023025235 0.994272411 454.845825195
0.994494677 -0.006980821 0.104553714 46.252414703 0.004563362 0.999717116 0.023343081 -41.908634186 -0.104687102 -0.022737451 0.994245231 457.104400635
0.994517326 -0.006169698 0.104389869 46.586795807 0.003798056 0.999730468 0.022902640 -42.095542908 -0.104503028 -0.022380592 0.994272649 459.384643555
0.994479597 -0.005353205 0.104792655 46.910148621 0.002919038 0.999722600 0.023368025 -42.279693604 -0.104888685 -0.022933129 0.994219422 461.667266846
0.994484067 -0.005111040 0.104763284 47.235080719 0.002534571 0.999691546 0.024711637 -42.463584900 -0.104857251 -0.024309801 0.994190037 463.944183350
0.994514644 -0.005095182 0.104473524 47.552478790 0.002482104 0.999681175 0.025126640 -42.640659332 -0.104568243 -0.024729496 0.994210184 466.209564209
0.994578063 -0.004892247 0.103877328 47.879699707 0.002408461 0.999708533 0.024022752 -42.821578979 -0.103964567 -0.023642316 0.994299889 468.490295410
0.994681776 -0.005069024 0.102871314 48.218734741 0.002649441 0.999716938 0.023643510 -43.008392334 -0.102962032 -0.023245219 0.994413614 470.787017822
0.994773567 -0.005922696 0.101933457 48.541969299 0.003411806 0.999686897 0.024789365 -43.196937561 -0.102048360 -0.024312036 0.994482279 473.070129395
0.994743526 -0.006183108 0.102211662 48.850238800 0.003587572 0.999667048 0.025558084 -43.384925842 -0.102335639 -0.025057046 0.994434237 475.345550537
0.994869530 -0.005834735 0.100998990 49.176483154 0.003400148 0.999699891 0.024260450 -43.540435791 -0.101110235 -0.023792569 0.994590700 477.632507324
0.994887829 -0.006109781 0.100800574 49.495109558 0.003603615 0.999680281 0.025025988 -43.723083496 -0.100921258 -0.024534805 0.994591832 479.911651611
0.994965911 -0.006577392 0.099997193 49.824363708 0.004057332 0.999669492 0.025383817 -43.901687622 -0.100131094 -0.024850314 0.994663894 482.185821533
0.994977951 -0.007126729 0.099840552 50.130634308 0.004683695 0.999684334 0.024682421 -44.081611633 -0.099984951 -0.024090843 0.994697154 484.468566895
0.995042861 -0.007773144 0.099142887 50.454910278 0.005249870 0.999656260 0.025686424 -44.273918152 -0.099308476 -0.025038606 0.994741619 486.772766113
0.995104611 -0.008134082 0.098492831 50.770050049 0.005629325 0.999654293 0.025682118 -44.445919037 -0.098667689 -0.025001941 0.994806290 489.051757812
0.995072126 -0.008504788 0.098787926 51.052303314 0.005954348 0.999642134 0.026083535 -44.636131287 -0.098974399 -0.025366783 0.994766533 491.312103271
0.995180070 -0.008198680 0.097721092 51.381446838 0.005644136 0.999635696 0.026389018 -44.811450958 -0.097901858 -0.025710270 0.994863927 493.598541260
0.995174289 -0.007992291 0.097797252 51.680839539 0.005459816 0.999643505 0.026135430 -44.989192963 -0.097971268 -0.025475351 0.994863153 495.889526367
0.995212078 -0.008107424 0.097401738 52.004177094 0.005633396 0.999655128 0.025648458 -45.173892975 -0.097576089 -0.024976954 0.994914591 498.199951172
0.995264709 -0.008076976 0.096865252 52.316230774 0.005517785 0.999629378 0.026658950 -45.353477478 -0.097044662 -0.025998224 0.994940519 500.491455078
0.995231569 -0.007626489 0.097241946 52.616413116 0.005020912 0.999622524 0.027011383 -45.535816193 -0.097411260 -0.026394341 0.994894147 502.768280029
0.995266438 -0.006833589 0.096943185 52.927970886 0.004294157 0.999642789 0.026379550 -45.714809418 -0.097088821 -0.025838392 0.994940281 505.058776855
0.995234013 -0.006927812 0.097269177 53.228439331 0.004292850 0.999618828 0.027272565 -45.895416260 -0.097421035 -0.026725026 0.994884372 507.347045898
0.995246649 -0.007541830 0.097093843 53.536914825 0.004977458 0.999633074 0.026626438 -46.076423645 -0.097259022 -0.026016597 0.994919002 509.632659912
0.995297849 -0.008233361 0.096510559 53.858764648 0.005614777 0.999609530 0.027372854 -46.257759094 -0.096698247 -0.026702261 0.994955420 511.929290771
0.995314896 -0.008123578 0.096344769 54.170669556 0.005478281 0.999601543 0.027689375 -46.432296753 -0.096531309 -0.027031844 0.994962752 514.234985352
0.995336056 -0.007467981 0.096178234 54.478641510 0.004849026 0.999611795 0.027435236 -46.605682373 -0.096345767 -0.026840907 0.994985938 516.538513184
0.995313823 -0.006622728 0.096471064 54.778888702 0.004004469 0.999619007 0.027308730 -46.783668518 -0.096615195 -0.026794437 0.994961083 518.829284668
0.995263577 -0.004391585 0.097113535 55.089485168 0.001751679 0.999627054 0.027252275 -46.959739685 -0.097197019 -0.026953083 0.994900107 521.151550293
0.995196700 -0.002399019 0.097866267 55.406005859 -0.000294459 0.999621749 0.027498309 -47.136421204 -0.097895227 -0.027395042 0.994819582 523.483947754
0.995130122 -0.001704987 0.098555326 55.723396301 -0.001125776 0.999588728 0.028659828 -47.304973602 -0.098563679 -0.028631210 0.994718790 525.802490234
0.995057225 -0.002186390 0.099278964 56.032791138 -0.000666172 0.999588132 0.028690550 -47.478111267 -0.099300802 -0.028614881 0.994645953 528.098754883
0.995023549 -0.004244670 0.099549070 56.350463867 0.001259031 0.999548018 0.030035293 -47.647918701 -0.099631585 -0.029760489 0.994579256 530.411499023
0.994954586 -0.005689308 0.100164957 56.672695160 0.002719533 0.999553382 0.029760450 -47.817977905 -0.100289524 -0.029337894 0.994525671 532.729003906
0.994934618 -0.005783936 0.100357123 56.993522644 0.002878448 0.999573171 0.029072175 -47.988365173 -0.100482434 -0.028636040 0.994526565 535.041320801
0.994822979 -0.005914034 0.101451017 57.308036804 0.002996645 0.999578238 0.028884958 -48.161029816 -0.101579070 -0.028431406 0.994421124 537.357055664
0.994728148 -0.005471905 0.102401212 57.621665955 0.002571088 0.999592185 0.028438531 -48.340377808 -0.102515064 -0.028025324 0.994336545 539.664733887
0.994620323 -0.004905444 0.103471592 57.933231354 0.001980608 0.999596059 0.028350851 -48.520591736 -0.103568882 -0.027993396 0.994228184 541.972167969
0.994524479 -0.004627097 0.104402341 58.255897522 0.001784644 0.999625564 0.027302962 -48.693855286 -0.104489602 -0.026967142 0.994160295 544.286132812
0.994391561 -0.004677050 0.105657771 58.575531006 0.001722879 0.999605417 0.028033806 -48.868572235 -0.105747215 -0.027694546 0.994007289 546.599060059
0.994223893 -0.004590819 0.107227646 58.880100250 0.001505778 0.999583066 0.028834201 -49.048183441 -0.107315309 -0.028506191 0.993816316 548.882873535
0.994160116 -0.004886510 0.107804134 59.211742401 0.001734903 0.999568820 0.029309008 -49.225761414 -0.107900888 -0.028950818 0.993739963 551.185668945
0.994214416 -0.005736929 0.107260518 59.560554504 0.002729590 0.999599576 0.028163530 -49.395942688 -0.107379138 -0.027707810 0.993831992 553.500976562
0.994227946 -0.006389420 0.107097730 59.907688141 0.003344315 0.999585688 0.028588470 -49.572505951 -0.107236020 -0.028065292 0.993837416 555.820678711
0.994176328 -0.005870360 0.107605450 60.241390228 0.002771694 0.999577761 0.028923536 -49.745288849 -0.107729778 -0.028456841 0.993772984 558.128173828
0.994154930 -0.005016524 0.107846148 60.583362579 0.001806811 0.999553025 0.029839108 -49.916786194 -0.107947625 -0.029469837 0.993719697 560.459167480
0.994160831 -0.005474910 0.107769310 60.932132721 0.002194917 0.999531448 0.030530436 -50.089599609 -0.107885949 -0.030115619 0.993707061 562.790588379
0.994116962 -0.004801606 0.108204916 61.271198273 0.001425846 0.999510467 0.031253640 -50.257354736 -0.108302005 -0.030915491 0.993637204 565.105590820
0.994067848 -0.003803186 0.108696505 61.617179871 0.000478660 0.999531746 0.030595131 -50.430366516 -0.108762003 -0.030361600 0.993604004 567.424987793
0.994087040 -0.002769666 0.108550169 61.974720001 -0.000394279 0.999575973 0.029115012 -50.596355438 -0.108584769 -0.028985655 0.993664443 569.760131836
0.994076610 -0.002251303 0.108658098 62.328598022 -0.000928075 0.999573052 0.029200947 -50.768615723 -0.108677454 -0.029128820 0.993650198 572.075439453
0.994078815 -0.002324671 0.108637765 62.674251556 -0.000993295 0.999534905 0.030477472 -50.952091217 -0.108658105 -0.030404910 0.993614018 574.445556641
0.994056106 -0.002558440 0.108838588 63.023036957 -0.000924435 0.999489486 0.031937879 -51.129871368 -0.108864732 -0.031848662 0.993546247 576.759399414
0.993909299 -0.001815307 0.110186316 63.339916229 -0.001538318 0.999538362 0.030343315 -51.301036835 -0.110190518 -0.030328004 0.993447661 579.141601562
0.993951738 -0.002373053 0.109791830 63.692260742 -0.000948952 0.999543607 0.030195169 -51.467620850 -0.109813370 -0.030116729 0.993495822 581.479553223
0.993897021 -0.002934372 0.110272698 64.039871216 -0.000559723 0.999499142 0.031641647 -51.642913818 -0.110310309 -0.031510253 0.993397593 583.805664062
0.993952751 -0.002600615 0.109778211 64.390815735 -0.000882190 0.999498248 0.031665344 -51.809818268 -0.109805472 -0.031570699 0.993451595 586.120849609
0.993952274 -0.005992487 0.109648943 64.770805359 0.002635448 0.999524057 0.030735586 -51.992820740 -0.109780937 -0.030260732 0.993495047 588.502746582
0.993986309 -0.006209636 0.109328359 65.124748230 0.002880859 0.999528170 0.030579187 -52.156871796 -0.109466657 -0.030080330 0.993535161 590.846008301
0.994016349 -0.008486533 0.108900942 65.475509644 0.005114715 0.999499917 0.031204306 -52.330993652 -0.109111279 -0.030460592 0.993562698 593.180297852
0.994083226 -0.009340942 0.108218744 65.837463379 0.005971947 0.999488652 0.031413730 -52.500789642 -0.108456828 -0.030581579 0.993630648 595.537048340
