1.000000000 0.000000000 0.000000000 0.000000000 0.000000000 1.000000000 0.000000000 0.000000000 0.000000000 0.000000000 1.000000000 0.000000000
0.999999881 0.000161861 0.000449028 0.086167626 -0.000161797 1.000000000 -0.000141843 -0.226045921 -0.000449051 0.000141770 0.999999881 2.289874792
0.999999046 0.000518682 0.001241524 0.164275318 -0.000519129 0.999999821 0.000360281 -0.462810695 -0.001241337 -0.000360925 0.999999106 4.589658737
0.999998510 0.000139664 0.001731914 0.262005627 -0.000140619 0.999999762 0.000551075 -0.694289029 -0.001731837 -0.000551317 0.999998271 6.880300045
0.999996483 0.000150673 0.002686562 0.353853047 -0.000147932 0.999999464 -0.001020387 -0.927389562 -0.002686715 0.001019986 0.999995887 9.172276497
0.999987423 0.001870573 0.004659554 0.446124882 -0.001872239 0.999998212 0.000353217 -1.162940502 -0.004658885 -0.000361936 0.999989092 11.476108551
0.999961555 0.004121477 0.007735081 0.527908385 -0.004133225 0.999990344 0.001503496 -1.393269658 -0.007728808 -0.001535409 0.999968946 13.791721344
0.999942362 0.003970997 0.009983373 0.637553930 -0.004011310 0.999983788 0.004021268 -1.620784879 -0.009967244 -0.004061082 0.999942124 16.063808441
0.999939084 0.003886512 0.010329357 0.768118858 -0.003938110 0.999979854 0.004979606 -1.848286986 -0.010309798 -0.005019980 0.999934256 18.404516220
0.999930620 0.002958328 0.011399465 0.890764117 -0.003017767 0.999981940 0.005200561 -2.073262691 -0.011383874 -0.005234601 0.999921501 20.692865372
0.999928236 0.000562974 0.011966389 1.004631996 -0.000598552 0.999995410 0.002969794 -2.304632187 -0.011964662 -0.002976744 0.999924004 23.012937546
0.999914527 -0.001681992 0.012959404 1.111009717 0.001670686 0.999998212 0.000883278 -2.524204016 -0.012960866 -0.000861552 0.999915659 25.293510437
0.999916017 -0.002473396 0.012720454 1.249608278 0.002468514 0.999996841 0.000399537 -2.773763180 -0.012721402 -0.000368103 0.999918997 27.616001129
0.999906301 -0.002148432 0.013517185 1.358826041 0.002157036 0.999997556 -0.000621996 -2.999182701 -0.013515813 0.000651094 0.999908447 29.903179169
0.999894023 0.000061200 0.014557354 1.475419998 -0.000090478 0.999997973 0.002010606 -3.231907606 -0.014557198 -0.002011710 0.999891996 32.190128326
0.999892175 0.002114636 0.014527950 1.607040763 -0.002174014 0.999989331 0.004072553 -3.451323032 -0.014519184 -0.004103698 0.999886215 34.473793030
0.999868155 0.004090377 0.015712775 1.724690318 -0.004220197 0.999957085 0.008237819 -3.684267998 -0.015678408 -0.008303043 0.999842584 36.779254913
0.999846220 0.005905808 0.016508849 1.838956356 -0.006034611 0.999951661 0.007763184 -3.902111053 -0.016462203 -0.007861616 0.999833524 39.051414490
0.999818623 0.005013754 0.018380521 1.943932295 -0.005131175 0.999966681 0.006346728 -4.109579563 -0.018348087 -0.006439887 0.999811053 41.355163574
0.999823749 0.002537396 0.018605649 2.066833496 -0.002638458 0.999981880 0.005409212 -4.334831238 -0.018591588 -0.005457347 0.999812245 43.634872437
0.999819577 0.002996414 0.018762682 2.200499296 -0.003072636 0.999987125 0.004034950 -4.554467201 -0.018750351 -0.004091873 0.999815822 45.871444702
0.999821067 0.002255088 0.018782072 2.327788830 -0.002316793 0.999991953 0.003264208 -4.785895824 -0.018774558 -0.003307137 0.999818385 48.147201538
0.999819636 0.000905488 0.018968916 2.461746931 -0.000976556 0.999992549 0.003737608 -5.014736652 -0.018965391 -0.003755458 0.999813020 50.424240112
0.999800444 0.000140137 0.019983722 2.590902328 -0.000218358 0.999992311 0.003912098 -5.237709522 -0.019983022 -0.003915681 0.999792635 52.692050934
0.999793947 -0.001072576 0.020270323 2.726768970 0.000995594 0.999992311 0.003807506 -5.465482712 -0.020274250 -0.003786540 0.999787271 54.976707458
0.999768078 -0.001197877 0.021503575 2.855872869 0.001103516 0.999989688 0.004399453 -5.698059082 -0.021508623 -0.004374703 0.999759078 57.268516541
0.999748111 -0.002548687 0.022297956 2.991706371 0.002437624 0.999984503 0.005006642 -5.922399521 -0.022310374 -0.004951026 0.999738812 59.536041260
0.999710202 -0.004105128 0.023720279 3.120718002 0.004002566 0.999982417 0.004369684 -6.145020485 -0.023737801 -0.004273475 0.999709070 61.803245544
0.999694347 -0.004825750 0.024247183 3.270076275 0.004724558 0.999979913 0.004228908 -6.368964195 -0.024267098 -0.004113058 0.999697149 64.055923462
0.999665082 -0.004344794 0.025511799 3.409717798 0.004226009 0.999979973 0.004708172 -6.589413166 -0.025531745 -0.004598783 0.999663413 66.326950073
0.999646962 -0.003387084 0.026350390 3.558774471 0.003253364 0.999981642 0.005115924 -6.816575050 -0.026367234 -0.005028392 0.999639630 68.587463379
0.999612451 -0.003582338 0.027603582 3.696899414 0.003455511 0.999983251 0.004640922 -7.038869858 -0.027619744 -0.004543739 0.999608159 70.842765808
0.999596477 -0.004353160 0.028070325 3.854557037 0.004261284 0.999985397 0.003332093 -7.262782574 -0.028084416 -0.003211132 0.999600410 73.098785400
0.999590456 -0.005321933 0.028118532 4.017564774 0.005216929 0.999979138 0.003806438 -7.490513325 -0.028138204 -0.003658186 0.999597371 75.377403259
0.999547064 -0.006530180 0.029378686 4.174807549 0.006439579 0.999974310 0.003177403 -7.719624519 -0.029398676 -0.002986778 0.999563277 77.642364502
0.999545157 -0.007502212 0.029209470 4.331772804 0.007414987 0.999967754 0.003093334 -7.952192307 -0.029231731 -0.002875340 0.999568522 79.909858704
0.999515772 -0.007938975 0.030086119 4.479101181 0.007862609 0.999965608 0.002655673 -8.168655396 -0.030106165 -0.002417832 0.999543786 82.166320801
0.999501288 -0.007328957 0.030716505 4.650033474 0.007245768 0.999969780 0.002818736 -8.402407646 -0.030736228 -0.002594765 0.999524117 84.448799133
0.999450505 -0.007018274 0.032395113 4.803746223 0.006917121 0.999970794 0.003233505 -8.620199203 -0.032416862 -0.003007647 0.999469995 86.704597473
0.999451578 -0.007147613 0.032332201 4.973034382 0.006999641 0.999964476 0.004687525 -8.853045464 -0.032364547 -0.004458641 0.999466181 88.990577698
0.999422312 -0.006161548 0.033421289 5.129297256 0.005983709 0.999967396 0.005418559 -9.080825806 -0.033453587 -0.005215446 0.999426603 91.249145508
0.999394298 -0.006129003 0.034256171 5.294965267 0.005949324 0.999967933 0.005344671 -9.301677704 -0.034287844 -0.005137633 0.999398768 93.503318787
0.999376595 -0.006292464 0.034737159 5.463375092 0.006135257 0.999970436 0.004630332 -9.516772270 -0.034765258 -0.004414326 0.999385774 95.759452820
0.999341011 -0.006756418 0.035664096 5.626813889 0.006579007 0.999965429 0.005089498 -9.739185333 -0.035697244 -0.004851510 0.999350965 98.016998291
0.999310553 -0.006422634 0.036570992 5.787227154 0.006259308 0.999969840 0.004578781 -9.970009804 -0.036599297 -0.004346714 0.999320567 100.259948730
0.999262452 -0.006474609 0.037848379 5.945706367 0.006260096 0.999963701 0.005783473 -10.188278198 -0.037884448 -0.005542274 0.999266803 102.491241455
0.999249578 -0.007091734 0.038078230 6.138545990 0.006881087 0.999960303 0.005660160 -10.415173531 -0.038116861 -0.005393893 0.999258757 104.771881104
0.999219358 -0.007638383 0.038760640 6.313789845 0.007403140 0.999953330 0.006208986 -10.628961563 -0.038806252 -0.005917187 0.999229252 107.008361816
0.999192357 -0.008970630 0.039168183 6.493659496 0.008725907 0.999941349 0.006414520 -10.845703125 -0.039223429 -0.006067561 0.999212027 109.262199402
0.999151468 -0.010149788 0.039914392 6.669280529 0.009859768 0.999923587 0.007456176 -11.070646286 -0.039987009 -0.007056303 0.999175310 111.519721985
0.999138415 -0.010796401 0.040072866 6.861008644 0.010561394 0.999925733 0.006071591 -11.290904999 -0.040135436 -0.005643135 0.999178290 113.785850525
0.999091387 -0.011234037 0.041110806 7.038318634 0.011029098 0.999925554 0.005208410 -11.510825157 -0.041166257 -0.004750262 0.999140978 116.038169861
0.999052227 -0.011647753 0.041939169 7.219642639 0.011417797 0.999918461 0.005718443 -11.738368988 -0.042002358 -0.005234170 0.999103725 118.294128418
0.999005258 -0.011802776 0.043001790 7.406104088 0.011526250 0.999911308 0.006672874 -11.962798119 -0.043076735 -0.006170586 0.999052703 120.563728333
0.998990059 -0.012549513 0.043142345 7.605345726 0.012235338 0.999896765 0.007538624 -12.187807083 -0.043232497 -0.007003150 0.999040425 122.772460938
0.998933613 -0.013396084 0.044183634 7.803569317 0.013115458 0.999891996 0.006635209 -12.409809113 -0.044267751 -0.006048644 0.999001384 125.091804504
0.998902142 -0.013522657 0.044850186 7.983074188 0.013263065 0.999893546 0.006080494 -12.635896683 -0.044927638 -0.005478968 0.998975217 127.356376648
0.998882771 -0.015191348 0.044748262 8.172573090 0.014919102 0.999868155 0.006411671 -12.852369308 -0.044839758 -0.005736902 0.998977840 129.627990723
0.998902321 -0.016417356 0.043869611 8.358410835 0.016144661 0.999848127 0.006563218 -13.065023422 -0.043970689 -0.005847754 0.999015689 131.878280640
0.998957098 -0.016787637 0.042459145 8.552608490 0.016482990 0.999835908 0.007515119 -13.279563904 -0.042578343 -0.006807428 0.999069870 134.118453979
0.999006689 -0.017760053 0.040868662 8.742700577 0.017464306 0.999818683 0.007582179 -13.506669044 -0.040995918 -0.006860904 0.999135673 136.369323730
0.999079466 -0.018511809 0.038697824 8.950874329 0.018243629 0.999807060 0.007271786 -13.719901085 -0.038824968 -0.006559104 0.999224484 138.594024658
0.999052644 -0.019188432 0.039059348 9.105339050 0.018913101 0.999793708 0.007406376 -13.941968918 -0.039193410 -0.006660627 0.999209404 140.885360718
0.999034405 -0.019485926 0.039375383 9.268653870 0.019204978 0.999787509 0.007500806 -14.146677971 -0.039513171 -0.006737361 0.999196410 143.118606567
0.999088645 -0.019704834 0.037862904 9.465091705 0.019373439 0.999770880 0.009099484 -14.379986763 -0.038033541 -0.008357658 0.999241471 145.355438232
0.999104977 -0.018779151 0.037902396 9.638280869 0.018490549 0.999797523 0.007950574 -14.591553688 -0.038044032 -0.007242623 0.999249816 147.605773926
0.999123096 -0.017749090 0.037917245 9.816583633 0.017516369 0.999825656 0.006460925 -14.806428909 -0.038025308 -0.005791087 0.999260008 149.861175537
0.999136269 -0.016384326 0.038187545 9.992319107 0.016186621 0.999853969 0.005480548 -15.024477005 -0.038271766 -0.004857687 0.999255478 152.110137939
0.999145508 -0.015625764 0.038263883 10.174543381 0.015425571 0.999865711 0.005521589 -15.240881920 -0.038345024 -0.004926629 0.999252558 154.348632812
0.999127686 -0.014985476 0.038978446 10.354906082 0.014771952 0.999874294 0.005760235 -15.455691338 -0.039059866 -0.005179423 0.999223471 156.613052368
0.999126077 -0.013726530 0.039482731 10.518291473 0.013444258 0.999882221 0.007405949 -15.677635193 -0.039579738 -0.006868661 0.999192774 158.851654053
0.999070764 -0.013096119 0.041060980 10.694324493 0.012771828 0.999885261 0.008150201 -15.890450478 -0.041163005 -0.007618204 0.999123454 161.089492798
0.999058604 -0.011634422 0.041792400 10.862876892 0.011215057 0.999884486 0.010255029 -16.113225937 -0.041906886 -0.009776672 0.999073684 163.375305176
0.999021411 -0.011286911 0.042763166 11.044661522 0.010904877 0.999898612 0.009156484 -16.312606812 -0.042862181 -0.008681198 0.999043286 165.638885498
0.998988450 -0.010653766 0.043687005 11.237647057 0.010320568 0.999915957 0.007845365 -16.524562836 -0.043766927 -0.007386555 0.999014437 167.889282227
0.998932362 -0.008868741 0.045335405 11.423561096 0.008511608 0.999931276 0.008064559 -16.737180710 -0.045403812 -0.007670072 0.998939276 170.123611450
0.998793840 -0.008544897 0.048351623 11.609440804 0.008155483 0.999932766 0.008245326 -16.961805344 -0.048418827 -0.007841049 0.998796344 172.411437988
0.998673677 -0.008765226 0.050735231 11.808273315 0.008368032 0.999932706 0.008035902 -17.175003052 -0.050802253 -0.007600690 0.998679817 174.683212280
0.998589158 -0.008801705 0.052364647 12.013360023 0.008365601 0.999928653 0.008541577 -17.390167236 -0.052436087 -0.008091467 0.998591483 176.948898315
0.998554230 -0.009092005 0.052977648 12.218091965 0.008591291 0.999916375 0.009671497 -17.602067947 -0.053061150 -0.009202369 0.998548865 179.169479370
0.998545051 -0.010886741 0.052816000 12.434940338 0.010426738 0.999905348 0.008977265 -17.813577652 -0.052908733 -0.008413503 0.998564005 181.428741455
0.998502910 -0.011753342 0.053419933 12.631637573 0.011300504 0.999897659 0.008771129 -18.023323059 -0.053517561 -0.008154325 0.998533607 183.672271729
0.998560727 -0.013202501 0.051982846 12.852118492 0.012767262 0.999880672 0.008695943 -18.245372772 -0.052091446 -0.008019748 0.998610258 185.890380859
0.998560131 -0.014927481 0.051525079 13.057925224 0.014452900 0.999849737 0.009571035 -18.458522797 -0.051660225 -0.008812567 0.998625815 188.137771606
0.998569906 -0.015744304 0.051090229 13.267875671 0.015296214 0.999841094 0.009149817 -18.667343140 -0.051226169 -0.008355244 0.998652160 190.377227783
0.998544574 -0.016880719 0.051221356 13.459674835 0.016428059 0.999822319 0.009245565 -18.885879517 -0.051368322 -0.008390638 0.998644531 192.606002808
0.998516440 -0.017971454 0.051399291 13.650580406 0.017551100 0.999808908 0.008617857 -19.090038300 -0.051544331 -0.007702957 0.998641014 194.844146729
0.998552084 -0.017652318 0.050814569 13.883605957 0.017236713 0.999814332 0.008605557 -19.311065674 -0.050957043 -0.007717220 0.998671055 197.099273682
0.998564303 -0.015623647 0.051237646 14.093197823 0.015205575 0.999847889 0.008539169 -19.522439957 -0.051363263 -0.007747811 0.998649895 199.333572388
0.998586535 -0.013855940 0.051311869 14.295858383 0.013453161 0.999875903 0.008186693 -19.742935181 -0.051418949 -0.007484815 0.998649120 201.613723755
0.998566151 -0.013483077 0.051804177 14.506040573 0.013132542 0.999888539 0.007100982 -19.953594208 -0.051894143 -0.006410480 0.998632014 203.880218506
0.998531520 -0.013781542 0.052391231 14.705639839 0.013381791 0.999878645 0.007973271 -20.165697098 -0.052494757 -0.007260474 0.998594880 206.105453491
0.998517573 -0.015160305 0.052276835 14.933526993 0.014754408 0.999858022 0.008141524 -20.390607834 -0.052392844 -0.007358142 0.998599410 208.369705200
0.998457491 -0.014774640 0.053520225 15.136705399 0.014351526 0.999862671 0.008281464 -20.593936920 -0.053635236 -0.007500592 0.998532474 210.613861084
0.998385012 -0.015454094 0.054667719 15.355024338 0.014938524 0.999840081 0.009827118 -20.828449249 -0.054810841 -0.008994590 0.998456240 212.877365112
0.998332322 -0.014035180 0.055995904 15.588309288 0.013501820 0.999859869 0.009891975 -21.035606384 -0.056126900 -0.009119431 0.998381972 215.108444214
0.998172343 -0.012019922 0.059223309 15.814963341 0.011440876 0.999883473 0.010106728 -21.254901886 -0.059337888 -0.009410689 0.998193622 217.412963867
0.998036444 -0.012145481 0.061447274 16.038539886 0.011525666 0.999879181 0.010431354 -21.463287354 -0.061566543 -0.009702653 0.998055816 219.658996582
0.997909904 -0.013592759 0.063175105 16.269512177 0.012927098 0.999856591 0.010933618 -21.668745041 -0.063314669 -0.010094094 0.997942567 221.892272949
0.997804523 -0.015018081 0.064502567 16.499692917 0.014289014 0.999828875 0.011749431 -21.873342514 -0.064667985 -0.010801957 0.997848392 224.124404907
0.997735023 -0.016840141 0.065124787 16.743970871 0.016146667 0.999807298 0.011160108 -22.085927963 -0.065300174 -0.010083283 0.997814715 226.358428955
0.997695684 -0.018192133 0.065363184 16.980577469 0.017527990 0.999788880 0.010719861 -22.287643433 -0.065544412 -0.009549476 0.997803926 228.606201172
0.997651100 -0.018594600 0.065928303 17.217908859 0.017915178 0.999780238 0.010881755 -22.490764618 -0.066116177 -0.009675076 0.997765005 230.842559814
0.997602344 -0.020188304 0.066196509 17.464813232 0.019567411 0.999758363 0.010014561 -22.699985504 -0.066382699 -0.008695254 0.997756302 233.094055176
0.997542143 -0.021215536 0.066779844 17.701843262 0.020524748 0.999728620 0.011013411 -22.901748657 -0.066995382 -0.009615702 0.997706950 235.325347900
0.997540474 -0.020971900 0.066881947 17.960407257 0.020255234 0.999730110 0.011375648 -23.112716675 -0.067102484 -0.009992958 0.997696042 237.574447632
0.997506618 -0.020787746 0.067442171 18.199190140 0.020085234 0.999736845 0.011077998 -23.312219620 -0.067654721 -0.009695784 0.997661650 239.805282593
0.997469306 -0.020911660 0.067953862 18.440475464 0.020174889 0.999730349 0.011510533 -23.523538589 -0.068176232 -0.010110442 0.997622073 242.034698486
0.997422159 -0.021068901 0.068593845 18.681703568 0.020324297 0.999726892 0.011535116 -23.722787857 -0.068818145 -0.010111256 0.997577965 244.278747559
0.997386575 -0.021413976 0.069003694 18.926906586 0.020716466 0.999726951 0.010808197 -23.933555603 -0.069216296 -0.009350436 0.997557878 246.510971069
0.997403681 -0.021052539 0.068866439 19.185600281 0.020405842 0.999740958 0.010080704 -24.142633438 -0.069060817 -0.008649252 0.997574985 248.749572754
0.997379422 -0.021493506 0.069081686 19.433958054 0.020800147 0.999725878 0.010740530 -24.354131699 -0.069293611 -0.009275476 0.997553110 250.993865967
0.997344673 -0.022579273 0.069236815 19.682651520 0.021900276 0.999704480 0.010550362 -24.560554504 -0.069454573 -0.009006042 0.997544467 253.221725464
0.997351408 -0.022495748 0.069167227 19.943826675 0.021771189 0.999700129 0.011211598 -24.767400742 -0.069398679 -0.009676051 0.997542083 255.481506348
0.997310400 -0.023256980 0.069505349 20.181468964 0.022518884 0.999681592 0.011384067 -24.975669861 -0.069747970 -0.009788266 0.997516632 257.705535889
0.997295499 -0.023504158 0.069636658 20.445262909 0.022717267 0.999669075 0.012070531 -25.188819885 -0.069897331 -0.010455931 0.997499347 259.974426270
0.997262836 -0.023150757 0.070220493 20.698173523 0.022401206 0.999683678 0.011443141 -25.389844894 -0.070463195 -0.009838796 0.997465849 262.218627930
0.997237802 -0.023114206 0.070587061 20.952293396 0.022406483 0.999690592 0.010801672 -25.590835571 -0.070814885 -0.009190228 0.997447133 264.472839355
0.997208714 -0.022370923 0.071234174 21.206832886 0.021687694 0.999711215 0.010350513 -25.801818848 -0.071445152 -0.008776718 0.997405887 266.712188721
0.997142315 -0.021628806 0.072382905 21.460435867 0.020920582 0.999725699 0.010528374 -26.005973816 -0.072590783 -0.008983997 0.997321308 268.960693359
0.997047424 -0.021234937 0.073792607 21.717536926 0.020538582 0.999737144 0.010182783 -26.227706909 -0.073989466 -0.008637124 0.997221649 271.214324951
0.996981680 -0.021893876 0.074486442 21.992109299 0.021179363 0.999721885 0.010369001 -26.437034607 -0.074692748 -0.008760127 0.997168243 273.464843750
0.996754348 -0.022508578 0.077292792 22.229461670 0.021734701 0.999705136 0.010839089 -26.635471344 -0.077513963 -0.009123973 0.996949494 275.713714600
0.996650755 -0.022475448 0.078627080 22.500869751 0.021610528 0.999696314 0.011834002 -26.832044601 -0.078869186 -0.010095195 0.996833861 277.954864502
0.996594608 -0.021702470 0.079550207 22.784421921 0.020679628 0.999692798 0.013659276 -27.055957794 -0.079822212 -0.011967691 0.996737301 280.211364746
0.996500552 -0.021453233 0.080786280 23.061723709 0.020299951 0.999680340 0.015070201 -27.265144348 -0.081083760 -0.013377505 0.996617496 282.445648193
0.996449411 -0.020485464 0.081662357 23.338869095 0.019350639 0.999705195 0.014663909 -27.457717896 -0.081938677 -0.013031625 0.996552169 284.703857422
0.996342421 -0.019416008 0.083215401 23.602779388 0.018302437 0.999732733 0.014123920 -27.652795792 -0.083467402 -0.012549217 0.996431470 286.934417725
0.996312380 -0.018946737 0.083683185 23.880771637 0.017880814 0.999749362 0.013468888 -27.851070404 -0.083917387 -0.011922894 0.996401370 289.186248779
0.996253848 -0.019740099 0.084193006 24.152967453 0.018644933 0.999731302 0.013774416 -28.056303024 -0.084442303 -0.012153040 0.996354222 291.414031982
0.996178925 -0.019311292 0.085174046 24.409385681 0.018278986 0.999749839 0.012883305 -28.255956650 -0.085401557 -0.011277182 0.996282816 293.687225342
0.996201158 -0.019858634 0.084787115 24.692388535 0.018909773 0.999749422 0.011979653 -28.453907013 -0.085003778 -0.010330841 0.996327043 295.916748047
0.996198177 -0.019744011 0.084848657 24.970825195 0.018798433 0.999752104 0.011928833 -28.657112122 -0.085063145 -0.010288460 0.996322453 298.151824951
0.996194720 -0.019104732 0.085036688 25.249300003 0.018147055 0.999763012 0.012020761 -28.856672287 -0.085246183 -0.010431853 0.996305346 300.390930176
0.996126235 -0.018964974 0.085864946 25.508510590 0.017919447 0.999755740 0.012930918 -29.063575745 -0.086089201 -0.011342174 0.996222854 302.628356934
0.996148169 -0.019189648 0.085560732 25.796752930 0.018131623 0.999749422 0.013125818 -29.266569138 -0.085791171 -0.011523901 0.996246517 304.877502441
0.996106029 -0.018779138 0.086140215 26.079288483 0.017680826 0.999752581 0.013495604 -29.469419479 -0.086372338 -0.011920022 0.996191621 307.126373291
0.996099949 -0.019419108 0.086068608 26.360853195 0.018327165 0.999741375 0.013459027 -29.676485062 -0.086307704 -0.011829142 0.996198237 309.379425049
0.996053338 -0.020604499 0.086330973 26.642692566 0.019476665 0.999713778 0.013886170 -29.875726700 -0.086592391 -0.012149926 0.996169686 311.635772705
0.996022582 -0.020255374 0.086768322 26.926687241 0.019192412 0.999730408 0.013067373 -30.076154709 -0.087009601 -0.011350107 0.996142805 313.881011963
0.996037364 -0.019800777 0.086702555 27.214292526 0.018661659 0.999728680 0.013929179 -30.282302856 -0.086954847 -0.012255970 0.996136844 316.123901367
0.995999455 -0.017794702 0.087569900 27.500000000 0.016728621 0.999776900 0.012892970 -30.484222412 -0.087779827 -0.011376466 0.996074915 318.377349854
0.995980620 -0.016168000 0.088098906 27.778387070 0.015032038 0.999795318 0.013542503 -30.686452866 -0.088299818 -0.012163763 0.996019661 320.620544434
0.995924652 -0.015056933 0.088924803 28.057622910 0.013914660 0.999812841 0.013451396 -30.893013000 -0.089110680 -0.012159217 0.995947421 322.853240967
0.995871961 -0.014181023 0.089654520 28.335464478 0.012986018 0.999819219 0.013898288 -31.089319229 -0.089835390 -0.012676660 0.995875955 325.095794678
0.995858133 -0.013840792 0.089860849 28.628150940 0.012520723 0.999805510 0.015237289 -31.297771454 -0.090054266 -0.014049055 0.995837748 327.325256348
0.995817184 -0.014312464 0.090240106 28.913116455 0.012998858 0.999801219 0.015127771 -31.503425598 -0.090438671 -0.013891477 0.995805144 329.570739746
0.995822251 -0.016208358 0.089862771 29.214033127 0.014962323 0.999782503 0.014522376 -31.702756882 -0.090078637 -0.013117149 0.995848238 331.806854248
0.995836198 -0.015638420 0.089809418 29.503784180 0.014427887 0.999796271 0.014112382 -31.901147842 -0.090011835 -0.012757860 0.995858967 334.031799316
0.995802402 -0.015380794 0.090228818 29.788894653 0.014046483 0.999782681 0.015404548 -32.099838257 -0.090446144 -0.014072489 0.995801866 336.263153076
0.995860875 -0.016215349 0.089432821 30.096616745 0.014897016 0.999770582 0.015388892 -32.295494080 -0.089661859 -0.013992913 0.995873988 338.500152588
0.995860755 -0.016139207 0.089447677 30.380676270 0.014798654 0.999768317 0.015630033 -32.496810913 -0.089679219 -0.014241634 0.995868802 340.745697021
0.995909333 -0.016284013 0.088878050 30.681016922 0.014975195 0.999769688 0.015373019 -32.697277069 -0.089107916 -0.013979167 0.995923817 342.989196777
0.995933950 -0.016514029 0.088559613 30.970121384 0.015156019 0.999757349 0.015985025 -32.894527435 -0.088802107 -0.014577820 0.995942533 345.231140137
0.995973229 -0.016197419 0.088175565 31.257741928 0.014842373 0.999761820 0.016001642 -33.087898254 -0.088413730 -0.014628470 0.995976388 347.469451904
0.996028304 -0.016113844 0.087566890 31.544916153 0.014770576 0.999763429 0.015966311 -33.283447266 -0.087803438 -0.014609481 0.996030688 349.708862305
0.996032417 -0.015630212 0.087607808 31.825445175 0.014238800 0.999762714 0.016484812 -33.483325958 -0.087844670 -0.015171974 0.996018648 351.950317383
0.996077299 -0.015932681 0.087041348 32.109561920 0.014521933 0.999753118 0.016817046 -33.676029205 -0.087287813 -0.015487067 0.996062756 354.178955078
0.996098161 -0.015488139 0.086882085 32.390697479 0.014111507 0.999765337 0.016436754 -33.873523712 -0.087116249 -0.015146583 0.996083140 356.417022705
0.996151507 -0.015564461 0.086255006 32.679332733 0.014154273 0.999756396 0.016936650 -34.068592072 -0.086497605 -0.015650593 0.996129036 358.651184082
0.996198297 -0.015086878 0.085797958 32.964977264 0.013595216 0.999746561 0.017943591 -34.267189026 -0.086046927 -0.016708935 0.996150970 360.900238037
0.996252537 -0.015419971 0.085106730 33.252880096 0.013935331 0.999740660 0.018011075 -34.464244843 -0.085362412 -0.016757583 0.996209025 363.142028809
0.996296227 -0.015361599 0.084605247 33.539283752 0.013852302 0.999734759 0.018397577 -34.655941010 -0.084865429 -0.017157458 0.996244669 365.381347656
0.996346176 -0.015459110 0.083995581 33.821754456 0.014018349 0.999744773 0.017715639 -34.848262787 -0.084248006 -0.016473426 0.996308625 367.630645752
0.996362090 -0.016188078 0.083668500 34.099384308 0.014769947 0.999737144 0.017540682 -35.043132782 -0.083930440 -0.016241094 0.996339262 369.882507324
0.996344924 -0.016082898 0.083893523 34.371837616 0.014743814 0.999754190 0.016556945 -35.230411530 -0.084139191 -0.015259517 0.996337116 372.149566650
0.996420562 -0.015816182 0.083040863 34.655677795 0.014492099 0.999758422 0.016523642 -35.429279327 -0.083282143 -0.015261064 0.996409059 374.402770996
0.996507049 -0.015801225 0.082000770 34.941642761 0.014444435 0.999749184 0.017113065 -35.620761871 -0.082250595 -0.015868837 0.996485293 376.652557373
0.996412158 -0.015566560 0.083189346 35.205226898 0.014156368 0.999746323 0.017514708 -35.813446045 -0.083440900 -0.016274204 0.996379793 378.920776367
0.996404111 -0.016084250 0.083189115 35.483467102 0.014646968 0.999733150 0.017858893 -36.012027740 -0.083454169 -0.016576208 0.996373653 381.170715332
0.996426523 -0.016061001 0.082922414 35.768386841 0.014639967 0.999735832 0.017716626 -36.197418213 -0.083185069 -0.016439332 0.996398509 383.434814453
0.996431410 -0.015263210 0.083013907 36.050846100 0.013822327 0.999744177 0.017904224 -36.392555237 -0.083265953 -0.016692890 0.996387541 385.690032959
0.996441662 -0.014158905 0.083086967 36.327808380 0.012706902 0.999757648 0.017978577 -36.579299927 -0.083321393 -0.016858827 0.996380091 387.951507568
0.996463597 -0.012975859 0.083017312 36.611518860 0.011526282 0.999773026 0.017916661 -36.779930115 -0.083230972 -0.016896421 0.996387005 390.222015381
0.996447146 -0.011763335 0.083394617 36.883117676 0.010311809 0.999788105 0.017814936 -36.974040985 -0.083586507 -0.016891692 0.996357322 392.499114990
0.996449828 -0.010384575 0.083546154 37.158920288 0.008804183 0.999775708 0.019262630 -37.165470123 -0.083727449 -0.018458685 0.996317744 394.759948730
0.996389806 -0.009469013 0.084365353 37.430110931 0.007838710 0.999776602 0.019634631 -37.357738495 -0.084532432 -0.018902430 0.996241331 397.027130127
0.996323228 -0.008993304 0.085200235 37.706180573 0.007472456 0.999807298 0.018152425 -37.555870056 -0.085347049 -0.017449031 0.996198475 399.291290283
0.996280909 -0.008817255 0.085712537 37.985084534 0.007341976 0.999819696 0.017511945 -37.748214722 -0.085851490 -0.016817518 0.996165991 401.554748535
0.996146321 -0.009715480 0.087167397 38.254943848 0.008112290 0.999791682 0.018727509 -37.939231873 -0.087331176 -0.017948210 0.996017575 403.802551270
0.996166229 -0.011545369 0.086715087 38.540935516 0.009890541 0.999761105 0.019488998 -38.129543304 -0.086919405 -0.018556625 0.996042490 406.075592041
0.996105790 -0.011951849 0.087352164 38.819393158 0.010270899 0.999753892 0.019667588 -38.322494507 -0.087565735 -0.018693812 0.995983362 408.331909180
0.996088147 -0.010824815 0.087699071 39.130008698 0.009223860 0.999783695 0.018639844 -38.506515503 -0.087881871 -0.017758008 0.995972633 410.594329834
0.996019542 -0.010469747 0.088517718 39.413215637 0.008801327 0.999776602 0.019217778 -38.704750061 -0.088699140 -0.018362207 0.995889246 412.852722168
0.995993555 -0.008151912 0.089052796 39.722606659 0.006525435 0.999806821 0.018540084 -38.901172638 -0.089186721 -0.017884698 0.995854259 415.125366211
0.995916486 -0.007122986 0.089997806 40.016109467 0.005467266 0.999811411 0.018630501 -39.094745636 -0.090113543 -0.018062385 0.995767713 417.394500732
0.995869100 -0.007553794 0.090487339 40.313705444 0.005897250 0.999810338 0.018560326 -39.290401459 -0.090610377 -0.017950028 0.995724559 419.649810791
0.995766640 -0.007204165 0.091634773 40.601657867 0.005525647 0.999812543 0.018558018 -39.479816437 -0.091751307 -0.017973114 0.995619714 421.905853271
0.995682001 -0.007198314 0.092551529 40.889068604 0.005532834 0.999818325 0.018239189 -39.672813416 -0.092666015 -0.017648358 0.995540857 424.166564941
0.995629311 -0.007638823 0.093080372 41.188835144 0.005849581 0.999793112 0.019480256 -39.866531372 -0.093209922 -0.018850630 0.995468020 426.437438965
0.995576978 -0.006761226 0.093706019 41.483032227 0.004908741 0.999788165 0.019985547 -40.053779602 -0.093821310 -0.019437170 0.995399296 428.691925049
0.995501578 -0.005955491 0.094557531 41.784561157 0.004017270 0.999778211 0.020674938 -40.242000580 -0.094659664 -0.020202072 0.995304704 430.968505859
0.995505333 -0.006394917 0.094489306 42.086978912 0.004444139 0.999772906 0.020841504 -40.436340332 -0.094601132 -0.020327905 0.995307624 433.242340088
0.995473504 -0.007228524 0.094763599 42.394538879 0.005321362 0.999778628 0.020362755 -40.635353088 -0.094889805 -0.019766316 0.995291531 435.513519287
0.995470703 -0.006395105 0.094853215 42.705028534 0.004488797 0.999783933 0.020297216 -40.810379028 -0.094962522 -0.019779509 0.995284319 437.783294678
0.995425522 -0.006862911 0.095293157 43.012115479 0.004904586 0.999772251 0.020769557 -41.003936768 -0.095413998 -0.020207178 0.995232522 440.070739746
0.995467782 -0.006813452 0.094854273 43.324085236 0.004859032 0.999771476 0.020820191 -41.189277649 -0.094974458 -0.020264933 0.995273411 442.345367432
0.995447516 -0.006108362 0.095115416 43.647155762 0.004047690 0.999753237 0.021842850 -41.389678955 -0.095225379 -0.021358414 0.995226502 444.648284912
0.995409250 -0.006543318 0.095485762 43.952281952 0.004477929 0.999751687 0.021828603 -41.572021484 -0.095604889 -0.021300821 0.995191395 446.924713135
0.995401919 -0.006465198 0.095567860 44.254611969 0.004443406 0.999762118 0.021353250 -41.760215759 -0.095683195 -0.020830421 0.995193839 449.185943604
0.995395660 -0.005828234 0.095674098 44.558662415 0.003832263 0.999771357 0.021032697 -41.950519562 -0.095774814 -0.020569207 0.995190620 451.447601318
0.995341480 -0.005269745 0.096268184 44.861034393 0.003276519 0.999777317 0.020851284 -42.144851685 -0.096356615 -0.020438725 0.995137036 453.710449219
0.995267451 -0.004649009 0.097062163 45.162879944 0.002639982 0.999779820 0.020816527 -42.324794769 -0.097137570 -0.020461770 0.995060623 455.988494873
0.995226979 -0.004828295 0.097467862 45.461425781 0.002821518 0.999781430 0.020716464 -42.521915436 -0.097546570 -0.020342575 0.995023012 458.248443604
0.995253384 -0.004137037 0.097228996 45.782752991 0.002185757 0.999794185 0.020166861 -42.715236664 -0.097292416 -0.019858617 0.995057702 460.535949707
0.995244622 -0.002914648 0.097363755 46.094650269 0.000921781 0.999789298 0.020506974 -42.902572632 -0.097403012 -0.020319708 0.995037496 462.823211670
0.995248377 -0.002502335 0.097336754 46.400894165 0.000391706 0.999764502 0.021696843 -43.089355469 -0.097368129 -0.021555623 0.995014966 465.095825195
0.995288730 -0.002819460 0.096914470 46.704875946 0.000669983 0.999753237 0.022204509 -43.274890900 -0.096953161 -0.022034969 0.995045006 467.365570068
0.995431185 -0.002925973 0.095437028 47.027309418 0.000951242 0.999784648 0.020730395 -43.457862854 -0.095477134 -0.020544898 0.995219588 469.650085449
0.995499074 -0.002798982 0.094729610 47.343593597 0.000859264 0.999789357 0.020510972 -43.652706146 -0.094767049 -0.020337258 0.995291710 471.942291260
0.995564103 -0.003142970 0.094032794 47.650184631 0.001123099 0.999767661 0.021525713 -43.849079132 -0.094078615 -0.021324620 0.995336354 474.220275879
0.995527565 -0.003207354 0.094417214 47.940639496 0.001148543 0.999760449 0.021851739 -44.038909912 -0.094464704 -0.021645566 0.995292842 476.502777100
0.995645702 -0.002342175 0.093188599 48.248458862 0.000363476 0.999774218 0.021244584 -44.214538574 -0.093217313 -0.021118205 0.995421708 478.789245605
0.995655417 -0.002464630 0.093081728 48.546726227 0.000414605 0.999757051 0.022036839 -44.405212402 -0.093113422 -0.021902503 0.995414674 481.068725586
0.995700121 -0.002926870 0.092589043 48.853019714 0.000830413 0.999742687 0.022673029 -44.592075348 -0.092631571 -0.022498649 0.995446205 483.343597412
0.995701849 -0.003298743 0.092558384 49.143066406 0.001297803 0.999764323 0.021670010 -44.774425507 -0.092608072 -0.021456746 0.995471358 485.632141113
0.995769083 -0.003370784 0.091830336 49.447906494 0.001285271 0.999740124 0.022760190 -44.972717285 -0.091883175 -0.022545863 0.995514452 487.943908691
0.995827377 -0.003374751 0.091194548 49.747402191 0.001326248 0.999745667 0.022514267 -45.152133942 -0.091247343 -0.022299377 0.995578527 490.228515625
0.995813012 -0.002978672 0.091364413 50.040409088 0.000928918 0.999747157 0.022469254 -45.331092834 -0.091408238 -0.022290304 0.995563984 492.536468506
0.995861292 -0.000785311 0.090882428 50.325500488 -0.001297999 0.999737740 0.022861753 -45.504310608 -0.090876572 -0.022885097 0.995599151 494.817718506
0.995831370 -0.000290737 0.091213182 50.609825134 -0.001761690 0.999747038 0.022420114 -45.685798645 -0.091196634 -0.022487340 0.995578945 497.126586914
0.995878875 -0.000089913 0.090692930 50.918674469 -0.001928037 0.999752522 0.022162497 -45.881164551 -0.090672478 -0.022246020 0.995632291 499.440521240
0.995905876 0.000110116 0.090396367 51.210937500 -0.002188751 0.999735415 0.022895861 -46.066665649 -0.090369917 -0.022999976 0.995642662 501.732543945
0.995907962 0.000495160 0.090371013 51.499603271 -0.002611298 0.999724984 0.023299385 -46.258056641 -0.090334632 -0.023440031 0.995635569 504.012573242
0.995944858 0.001415172 0.089955948 51.799274445 -0.003468021 0.999736965 0.022668395 -46.446552277 -0.089900210 -0.022888439 0.995687723 506.303131104
0.995922208 0.001541792 0.090202801 52.083782196 -0.003654496 0.999722660 0.023261249 -46.632583618 -0.090141937 -0.023496039 0.995651722 508.594421387
0.995942950 0.001206892 0.089978687 52.379444122 -0.003204494 0.999751508 0.022059673 -46.815017700 -0.089929707 -0.022258516 0.995699346 510.879333496
0.995979607 0.000428429 0.089578532 52.678852081 -0.002493680 0.999733567 0.022944547 -47.008014679 -0.089544855 -0.023075679 0.995715380 513.181457520
0.995992899 0.000553592 0.089430556 52.972866058 -0.002621622 0.999731779 0.023008611 -47.190223694 -0.089393832 -0.023150863 0.995727181 515.480041504
0.996005535 0.001336171 0.089282803 53.262554169 -0.003391512 0.999732614 0.022872822 -47.376556396 -0.089228377 -0.023084262 0.995743632 517.782775879
0.995984197 0.002314504 0.089498766 53.548164368 -0.004357907 0.999734044 0.022642966 -47.564392090 -0.089422561 -0.022942064 0.995729506 520.081115723
0.995928526 0.004044144 0.090055384 53.843971252 -0.006140324 0.999716341 0.023011696 -47.761619568 -0.089936793 -0.023470974 0.995670855 522.421508789
0.995753527 0.006428938 0.091833934 54.120563507 -0.008616555 0.999688029 0.023444857 -47.947372437 -0.091654561 -0.024136592 0.995498240 524.744201660
0.995818853 0.007136698 0.091070861 54.442920685 -0.009362768 0.999667168 0.024039496 -48.125522614 -0.090868980 -0.024791660 0.995554149 527.075683594
0.995741069 0.006872891 0.091937542 54.730037689 -0.009129977 0.999666750 0.024152201 -48.311340332 -0.091740876 -0.024888726 0.995471835 529.382202148
0.995671153 0.005242886 0.092798300 55.017639160 -0.007645139 0.999644279 0.025550278 -48.493843079 -0.092631318 -0.026149133 0.995357037 531.702026367
0.995611012 0.003704996 0.093514957 55.322891235 -0.006096572 0.999661267 0.025301544 -48.675071716 -0.093389519 -0.025760615 0.995296359 534.019897461
0.995585144 0.003788351 0.093786605 55.625156403 -0.006113189 0.999680936 0.024513729 -48.854942322 -0.093663804 -0.024978843 0.995290458 536.328186035
0.995507121 0.003547471 0.094619393 55.927158356 -0.005862332 0.999689996 0.024198249 -49.038375854 -0.094504207 -0.024644218 0.995219409 538.641784668
0.995419323 0.004097261 0.095517367 56.224815369 -0.006393669 0.999697447 0.023748143 -49.229270935 -0.095391162 -0.024250060 0.995144546 540.952514648
0.995323956 0.004788604 0.096474364 56.523845673 -0.007080919 0.999700367 0.023432519 -49.418563843 -0.096333243 -0.024006078 0.995059609 543.272583008
0.995246410 0.005216773 0.097249083 56.832435608 -0.007432032 0.999720752 0.022430919 -49.603744507 -0.097104929 -0.023047054 0.995007277 545.591918945
0.995113075 0.005246734 0.098602764 57.133129120 -0.007565822 0.999703169 0.023160312 -49.791328430 -0.098451972 -0.023793137 0.994857311 547.908020020
0.995043874 0.005051572 0.099308476 57.435749054 -0.007453612 0.999688208 0.023831550 -49.979026794 -0.099157125 -0.024453647 0.994771242 550.215942383
0.994952798 0.004946651 0.100223124 57.739738464 -0.007412240 0.999678612 0.024243569 -50.166900635 -0.100070998 -0.024864083 0.994669557 552.523376465
0.994972348 0.004021848 0.100069411 58.063739777 -0.006382831 0.999708474 0.023284484 -50.351264954 -0.099946611 -0.023806140 0.994707942 554.839172363
0.995028794 0.003622949 0.099521853 58.394649506 -0.005997009 0.999704301 0.023565862 -50.537742615 -0.099407069 -0.024045544 0.994756222 557.156860352
0.994971812 0.003787224 0.100085191 58.707954407 -0.006221231 0.999692142 0.024018429 -50.723232269 -0.099963434 -0.024520310 0.994688928 559.465148926
0.994956017 0.004295791 0.100221589 59.030738831 -0.006837565 0.999663293 0.025031824 -50.908401489 -0.100080326 -0.025590828 0.994650185 561.796875000
0.994987249 0.003728008 0.099932052 59.362213135 -0.006332425 0.999648094 0.025757361 -51.093475342 -0.099800855 -0.026261054 0.994660795 564.129821777
0.994955719 0.004232268 0.100225478 59.684688568 -0.006890664 0.999633133 0.026192859 -51.269680023 -0.100077845 -0.026751352 0.994619906 566.447265625
0.994919240 0.005017080 0.100551307 60.011054993 -0.007625338 0.999643803 0.025572039 -51.457283020 -0.100387208 -0.026208851 0.994603217 568.777404785
0.994938612 0.006212999 0.100292109 60.349567413 -0.008666662 0.999673247 0.024048043 -51.634597778 -0.100109927 -0.024795530 0.994667351 571.108886719
0.994923830 0.006677680 0.100409389 60.686592102 -0.009159222 0.999663413 0.024273576 -51.822078705 -0.100213513 -0.025070036 0.994650066 573.429809570
0.994917274 0.006256292 0.100500971 61.004795074 -0.008824345 0.999645293 0.025128324 -52.008686066 -0.100308098 -0.025887460 0.994619608 575.806152344
0.994912744 0.006146000 0.100552619 61.335559845 -0.008841496 0.999612808 0.026383175 -52.198108673 -0.100351542 -0.027137987 0.994581878 578.120849609
0.994807243 0.006601626 0.101561986 61.641780853 -0.009154659 0.999653161 0.024692170 -52.377960205 -0.101363741 -0.025493721 0.994522750 580.496948242
0.994858980 0.005850157 0.101100758 61.973304749 -0.008319409 0.999676824 0.024019316 -52.552856445 -0.100927569 -0.024736926 0.994586229 582.835205078
0.994810462 0.005479265 0.101597928 62.299976349 -0.008162693 0.999628365 0.026015341 -52.749866486 -0.101417609 -0.026709646 0.994485319 585.168395996
0.994885683 0.005649559 0.100849055 62.630916595 -0.008305174 0.999629259 0.025932178 -52.930084229 -0.100665167 -0.026637124 0.994563699 587.486694336
0.994826555 0.003179754 0.101537392 62.964248657 -0.005727887 0.999675632 0.024813831 -53.117362976 -0.101425551 -0.025267053 0.994522214 589.843811035
0.994864643 0.002860406 0.101174079 63.299522400 -0.005382908 0.999681115 0.024668075 -53.296760559 -0.101071276 -0.025086006 0.994562805 592.193481445
0.994888902 0.000964498 0.100970216 63.625286102 -0.003524815 0.999676645 0.025181822 -53.482521057 -0.100913286 -0.025409022 0.994570732 594.532287598
0.994924903 0.000444008 0.100619338 63.961105347 -0.003006033 0.999675035 0.025312364 -53.666168213 -0.100575402 -0.025486363 0.994602919 596.887756348
