1.000000000 0.000000000 0.000000000 0.000000000 0.000000000 1.000000000 0.000000000 0.000000000 0.000000000 0.000000000 1.000000000 0.000000000
0.999999940 0.000042540 0.000332371 0.088279732 -0.000042492 1.000000000 -0.000146077 -0.226797700 -0.000332377 0.000146063 0.999999940 2.285590410
0.999999344 0.000358094 0.001091914 0.167580232 -0.000358502 0.999999881 0.000372934 -0.464439392 -0.001091780 -0.000373325 0.999999344 4.579957008
0.999998629 0.000073369 0.001635987 0.264626592 -0.000074389 0.999999821 0.000623468 -0.697177052 -0.001635941 -0.000623589 0.999998450 6.868806362
0.999996305 0.000145310 0.002695740 0.358202338 -0.000142535 0.999999404 -0.001029313 -0.930207908 -0.002695887 0.001028925 0.999995828 9.164562225
0.999987900 0.001827961 0.004585252 0.452286065 -0.001829329 0.999998271 0.000294278 -1.165647745 -0.004584706 -0.000302662 0.999989450 11.469388008
0.999966741 0.003826576 0.007203916 0.552583277 -0.003836423 0.999991715 0.001353580 -1.395644546 -0.007198677 -0.001381172 0.999973118 13.757113457
0.999946117 0.003672997 0.009708707 0.658591449 -0.003711837 0.999985218 0.003985504 -1.624976397 -0.009693925 -0.004021326 0.999944866 16.032558441
0.999940097 0.003813520 0.010258206 0.759718776 -0.003867709 0.999978602 0.005267841 -1.852648616 -0.010237896 -0.005307201 0.999933481 18.319456100
0.999930799 0.002823069 0.011421043 0.871940911 -0.002889435 0.999979079 0.005798505 -2.081622839 -0.011404433 -0.005831104 0.999917924 20.591506958
0.999927580 0.000536307 0.012020851 0.992179811 -0.000572646 0.999995232 0.003019757 -2.303111792 -0.012019175 -0.003026422 0.999923110 22.907110214
0.999915183 -0.001531527 0.012929209 1.098648429 0.001517061 0.999998271 0.001128665 -2.523559093 -0.012930912 -0.001108955 0.999915779 25.185535431
0.999914944 -0.002139956 0.012861509 1.228824377 0.002127968 0.999997318 0.000945716 -2.774599075 -0.012863497 -0.000918267 0.999916852 27.484142303
0.999895692 -0.001755667 0.014331565 1.328776479 0.001757513 0.999998450 -0.000116158 -2.997745037 -0.014331340 0.000141334 0.999897301 29.769023895
0.999897003 0.000349703 0.014341909 1.460878253 -0.000398846 0.999994040 0.003423818 -3.235994101 -0.014340625 -0.003429187 0.999891281 32.035453796
0.999896049 0.002323268 0.014228649 1.593553662 -0.002404648 0.999980807 0.005704975 -3.454135418 -0.014215123 -0.005738597 0.999882400 34.316997528
0.999866366 0.003990883 0.015854320 1.707942605 -0.004146020 0.999943733 0.009764307 -3.684170008 -0.015814455 -0.009828734 0.999826610 36.625480652
0.999852061 0.005888889 0.016158607 1.829833746 -0.006039880 0.999938369 0.009311502 -3.898130894 -0.016102774 -0.009407721 0.999826074 38.896274567
0.999834836 0.004508795 0.017606070 1.944724917 -0.004662015 0.999951482 0.008671287 -4.113847256 -0.017566120 -0.008751933 0.999807417 41.205776215
0.999843419 0.001896410 0.017594857 2.069907427 -0.002038112 0.999965608 0.008039123 -4.335802555 -0.017579010 -0.008073725 0.999812841 43.483562469
0.999849260 0.000955509 0.017337212 2.198399067 -0.001068015 0.999978542 0.006481208 -4.558547020 -0.017330643 -0.006498748 0.999828815 45.729866028
0.999846160 0.000419770 0.017536683 2.320473909 -0.000510674 0.999986470 0.005179506 -4.777474880 -0.017534271 -0.005187664 0.999832809 48.000820160
0.999849081 -0.001319874 0.017323161 2.455765247 0.001219039 0.999982238 0.005830097 -5.002620220 -0.017330544 -0.005808100 0.999832928 50.277660370
0.999826312 -0.001822549 0.018547198 2.579929352 0.001709654 0.999979854 0.006100961 -5.219829559 -0.018557945 -0.006068192 0.999809384 52.547969818
0.999813914 -0.003076292 0.019041622 2.710073471 0.002960242 0.999976933 0.006119734 -5.443797112 -0.019060005 -0.006062228 0.999799967 54.831615448
0.999790847 -0.003070037 0.020218786 2.837275267 0.002938061 0.999974191 0.006553847 -5.668148518 -0.020238388 -0.006493073 0.999774098 57.127048492
0.999775827 -0.004710289 0.020641031 2.976897717 0.004564670 0.999964416 0.007096246 -5.886116028 -0.020673718 -0.007000435 0.999761760 59.395740509
0.999731481 -0.006253710 0.022312395 3.097766399 0.006106356 0.999959111 0.006666132 -6.105515480 -0.022353176 -0.006528094 0.999728799 61.669048309
0.999709189 -0.007174189 0.023022139 3.244910717 0.007020298 0.999952495 0.006758306 -6.326437950 -0.023069529 -0.006594718 0.999712050 63.921962738
0.999679565 -0.006750815 0.024396539 3.381694317 0.006573156 0.999951363 0.007355063 -6.541787624 -0.024445001 -0.007192344 0.999675274 66.188751221
0.999661744 -0.005895724 0.025331410 3.527806997 0.005700987 0.999953687 0.007752926 -6.762260914 -0.025375942 -0.007605889 0.999649048 68.438858032
0.999618948 -0.006129565 0.026913602 3.661951542 0.005929201 0.999954164 0.007518222 -6.980299950 -0.026958449 -0.007355781 0.999609590 70.689292908
0.999609530 -0.007116241 0.027021155 3.826102257 0.006960733 0.999958694 0.005844723 -7.193356037 -0.027061632 -0.005654354 0.999617875 72.940124512
0.999582410 -0.008061112 0.027747098 3.971777916 0.007890834 0.999949396 0.006240859 -7.411846161 -0.027796004 -0.006019306 0.999595463 75.207206726
0.999539196 -0.009176251 0.028932966 4.134854794 0.009010968 0.999942303 0.005837826 -7.639617443 -0.028984869 -0.005574422 0.999564350 77.475830078
0.999533415 -0.009853752 0.028911943 4.290598869 0.009687306 0.999935746 0.005891480 -7.861539841 -0.028968133 -0.005608652 0.999564588 79.718963623
0.999500930 -0.010358546 0.029840875 4.437122345 0.010206468 0.999934137 0.005244078 -8.070629120 -0.029893234 -0.004936891 0.999540865 81.976593018
0.999483287 -0.009743942 0.030627837 4.605329037 0.009582304 0.999939382 0.005419828 -8.294346809 -0.030678790 -0.005123543 0.999516189 84.235939026
0.999439418 -0.009384143 0.032134298 4.763579845 0.009200100 0.999940455 0.005870416 -8.506565094 -0.032187469 -0.005571487 0.999466360 86.485504150
0.999436378 -0.009125966 0.032304857 4.923740864 0.008888251 0.999932408 0.007494444 -8.739974022 -0.032371070 -0.007203085 0.999449909 88.769287109
0.999409258 -0.008231750 0.033366535 5.080081463 0.007974858 0.999937534 0.007824843 -8.956286430 -0.033428870 -0.007554130 0.999412477 91.028472900
0.999379158 -0.008295866 0.034241319 5.244216442 0.008032851 0.999937236 0.007811647 -9.171351433 -0.034303982 -0.007531742 0.999383092 93.279426575
0.999353588 -0.008282945 0.034981295 5.408324718 0.008025873 0.999939919 0.007482896 -9.385315895 -0.035041172 -0.007197305 0.999359965 95.535278320
0.999321282 -0.008910664 0.035745941 5.577309608 0.008637553 0.999932349 0.007787587 -9.598850250 -0.035812926 -0.007473543 0.999330580 97.793090820
0.999287605 -0.008513739 0.036769614 5.736609936 0.008241068 0.999937475 0.007560935 -9.826898575 -0.036831681 -0.007252527 0.999295175 100.027313232
0.999214888 -0.008530537 0.038687181 5.887186527 0.008206116 0.999929905 0.008536794 -10.034905434 -0.038757287 -0.008212621 0.999214828 102.251274109
0.999212444 -0.008983485 0.038649119 6.086673260 0.008658641 0.999925792 0.008564232 -10.250739098 -0.038723197 -0.008222838 0.999216139 104.500869751
0.999179244 -0.009991272 0.039254788 6.264344692 0.009636688 0.999911070 0.009211753 -10.457653999 -0.039343342 -0.008825905 0.999186754 106.728942871
0.999143600 -0.011362314 0.039785441 6.446912289 0.010992832 0.999894500 0.009493308 -10.665576935 -0.039889112 -0.009047822 0.999163091 108.973876953
0.999104857 -0.012521891 0.040404510 6.633277893 0.012101784 0.999870300 0.010625418 -10.884952545 -0.040532324 -0.010126937 0.999126911 111.222946167
0.999075711 -0.013179160 0.040915139 6.816740990 0.012811504 0.999875426 0.009235001 -11.095954895 -0.041031744 -0.008702282 0.999119937 113.481346130
0.999026120 -0.013599917 0.041972738 6.997828484 0.013261216 0.999877274 0.008337473 -11.304178238 -0.042080980 -0.007772744 0.999083996 115.727493286
0.998984754 -0.014098196 0.042787306 7.180477619 0.013748175 0.999869585 0.008463822 -11.520237923 -0.042901061 -0.007866981 0.999048352 117.965690613
0.998936057 -0.014451514 0.043793000 7.369981766 0.014052334 0.999856949 0.009409361 -11.733603477 -0.043922719 -0.008783956 0.998996258 120.213439941
0.998901188 -0.015364927 0.044275209 7.570759773 0.014936399 0.999838531 0.009993407 -11.948749542 -0.044421617 -0.009321113 0.998969376 122.426155090
0.998850107 -0.015734447 0.045285415 7.754826546 0.015305021 0.999834657 0.009813824 -12.168331146 -0.045432340 -0.009109446 0.998925865 124.697662354
0.998806417 -0.015932510 0.046172768 7.936664104 0.015530599 0.999838412 0.009050209 -12.384757042 -0.046309501 -0.008322317 0.998892486 126.967453003
0.998787940 -0.017618865 0.045958690 8.129960060 0.017195564 0.999806166 0.009589651 -12.595513344 -0.046118744 -0.008787741 0.998897433 129.223312378
0.998820961 -0.018521776 0.044871762 8.327461243 0.018088270 0.999786019 0.010047744 -12.806989670 -0.045048252 -0.009224248 0.998942196 131.474594116
0.998886585 -0.019009287 0.043178093 8.531922340 0.018552385 0.999767900 0.010958007 -13.012269974 -0.043376375 -0.010144751 0.999007285 133.708923340
0.998930097 -0.019859768 0.041763816 8.724114418 0.019421706 0.999752283 0.010868900 -13.227790833 -0.041969325 -0.010046150 0.999068379 135.958145142
0.998995185 -0.020520154 0.039843403 8.930966377 0.020118009 0.999742806 0.010467985 -13.431735992 -0.040047958 -0.009655896 0.999151111 138.180282593
0.998988867 -0.021706527 0.039371200 9.105271339 0.021322144 0.999720991 0.010156849 -13.637032509 -0.039580684 -0.009307101 0.999173045 140.442642212
0.998979688 -0.022084340 0.039392546 9.276618958 0.021695049 0.999711752 0.010282702 -13.837508202 -0.039608281 -0.009417588 0.999170840 142.674972534
0.999027550 -0.021847822 0.038296293 9.464557648 0.021424457 0.999705076 0.011430802 -14.049467087 -0.038534742 -0.010599210 0.999201059 144.885360718
0.999044597 -0.020846102 0.038409159 9.638528824 0.020463549 0.999737263 0.010326300 -14.255555153 -0.038614340 -0.009530448 0.999208748 147.124786377
0.999064744 -0.019529294 0.038577631 9.813783646 0.019205227 0.999777257 0.008753221 -14.463792801 -0.038739983 -0.008004143 0.999217272 149.379257202
0.999082565 -0.017835218 0.038935244 9.989248276 0.017538389 0.999814570 0.007952009 -14.678516388 -0.039069846 -0.007261852 0.999210238 151.634185791
0.999092937 -0.017186422 0.038960282 10.172572136 0.016890742 0.999826074 0.007905758 -14.887806892 -0.039089382 -0.007240519 0.999209404 153.862731934
0.999083936 -0.016381802 0.039533209 10.353613853 0.016061600 0.999835670 0.008403652 -15.100697517 -0.039664384 -0.007760988 0.999183059 156.126754761
0.999086976 -0.015668701 0.039745312 10.550060272 0.015299247 0.999837101 0.009582752 -15.313932419 -0.039888989 -0.008965929 0.999163926 158.346008301
0.999042511 -0.015148888 0.041042872 10.704956055 0.014722248 0.999834597 0.010677402 -15.529313087 -0.041197833 -0.010062935 0.999100327 160.614242554
0.999023139 -0.014064924 0.041890774 10.888500214 0.013544148 0.999827743 0.012689708 -15.739666939 -0.042062029 -0.012109936 0.999041617 162.846527100
0.998990893 -0.013521204 0.042828556 11.072895050 0.013049020 0.999851108 0.011285427 -15.933542252 -0.042974778 -0.010715167 0.999018669 165.098876953
0.998949409 -0.012773472 0.044013131 11.263881683 0.012333273 0.999871254 0.010258718 -16.141742706 -0.044138499 -0.009705111 0.998978376 167.341857910
0.998871803 -0.010895929 0.046222571 11.446261406 0.010419087 0.999890089 0.010544648 -16.349538803 -0.046332397 -0.010051154 0.998875439 169.574981689
0.998777449 -0.010290457 0.048349649 11.652754784 0.009737913 0.999884725 0.011649787 -16.579423904 -0.048463970 -0.011164719 0.998762488 171.853683472
0.998648405 -0.010470982 0.050908830 11.848573685 0.009908130 0.999887109 0.011295904 -16.782903671 -0.051021356 -0.010776226 0.998639345 174.117538452
0.998565018 -0.010338797 0.052545812 12.053157806 0.009713262 0.999879062 0.012146029 -16.994558334 -0.052665040 -0.011618207 0.998544633 176.371368408
0.998528481 -0.010700121 0.053164020 12.264002800 0.010019485 0.999864638 0.013052627 -17.195667267 -0.053296488 -0.012500742 0.998500466 178.601104736
0.998505175 -0.012720056 0.053156763 12.459284782 0.012058637 0.999846041 0.012745022 -17.406841278 -0.053310696 -0.012084972 0.998504817 180.832916260
0.998449802 -0.013621571 0.053967588 12.655473709 0.012969231 0.999838710 0.012419463 -17.608127594 -0.054128055 -0.011700291 0.998465478 183.082489014
0.998518169 -0.014340565 0.052495982 12.877953529 0.013690253 0.999825299 0.012726553 -17.827733994 -0.052669324 -0.011989010 0.998540044 185.314071655
0.998522222 -0.016176822 0.051881161 13.086237907 0.015493318 0.999788284 0.013549631 -18.033670425 -0.052089352 -0.012725800 0.998561323 187.559417725
0.998542726 -0.017008083 0.051216181 13.296534538 0.016359571 0.999780953 0.013054859 -18.232282639 -0.051426999 -0.012197957 0.998602211 189.805221558
0.998496115 -0.018700836 0.051533114 13.494259834 0.018035082 0.999748170 0.013353823 -18.452497482 -0.051769860 -0.012404341 0.998582006 192.028106689
0.998466551 -0.020367634 0.051474772 13.692869186 0.019738415 0.999724507 0.012702741 -18.654640198 -0.051719308 -0.011667233 0.998593509 194.267379761
0.998484433 -0.020124270 0.051222261 13.904734612 0.019482216 0.999725580 0.013003222 -18.859174728 -0.051469881 -0.011985593 0.998602569 196.510711670
0.998496652 -0.018234141 0.051691383 14.115615845 0.017572263 0.999757946 0.013230170 -19.064315796 -0.051920116 -0.012301947 0.998575509 198.754348755
0.998520315 -0.015852531 0.052018110 14.316719055 0.015197791 0.999800563 0.012958275 -19.276315689 -0.052213155 -0.012148540 0.998562038 201.021759033
0.998492897 -0.015381958 0.052680839 14.526700974 0.014770384 0.999819100 0.011978787 -19.478097916 -0.052855574 -0.011182616 0.998539567 203.282806396
0.998458743 -0.015647501 0.053248201 14.727628708 0.014986473 0.999805927 0.012790815 -19.677597046 -0.053438012 -0.011973100 0.998499334 205.508834839
0.998423100 -0.017695038 0.053274650 14.956245422 0.017042300 0.999774456 0.012681718 -19.889736176 -0.053487025 -0.011753798 0.998499393 207.782562256
0.998363316 -0.017079236 0.054580588 15.161869049 0.016396157 0.999781847 0.012938422 -20.083841324 -0.054789659 -0.012022334 0.998425543 210.025619507
0.998296976 -0.017685471 0.055590622 15.390098572 0.016908364 0.999752998 0.014418542 -20.305889130 -0.055831902 -0.013454040 0.998349547 212.279403687
0.998241663 -0.016361231 0.056972954 15.624995232 0.015555043 0.999772906 0.014565210 -20.505306244 -0.057198323 -0.013653383 0.998269439 214.511520386
0.998073459 -0.014772777 0.060258772 15.828308105 0.013910067 0.999795020 0.014711210 -20.704036713 -0.060463741 -0.013844665 0.998074472 216.748962402
0.997941792 -0.014861139 0.062380359 16.055316925 0.013950308 0.999790013 0.015011508 -20.901269913 -0.062590353 -0.014110388 0.997939527 218.988922119
0.997796535 -0.016182767 0.064343370 16.283924103 0.015210204 0.999763012 0.015576443 -21.094654083 -0.064580195 -0.014563446 0.997806251 221.212158203
0.997697473 -0.017656907 0.065483093 16.518800735 0.016627071 0.999729872 0.016238566 -21.287221909 -0.065752126 -0.015112385 0.997721553 223.439163208
0.997624278 -0.019606221 0.066040277 16.764616013 0.018611297 0.999704361 0.015647059 -21.487419128 -0.066327505 -0.014380793 0.997694194 225.662689209
0.997595727 -0.020927923 0.066066310 17.004501343 0.019963449 0.999684691 0.015225313 -21.677644730 -0.066364132 -0.013869795 0.997699082 227.901107788
0.997552574 -0.021206230 0.066627353 17.240472794 0.020219754 0.999676228 0.015445598 -21.869686127 -0.066933326 -0.014060607 0.997658372 230.128692627
0.997490823 -0.022365328 0.067170724 17.485925674 0.021443376 0.999666154 0.014415370 -22.066560745 -0.067470685 -0.012938832 0.997637331 232.374481201
0.997425258 -0.023334485 0.067810751 17.725517273 0.022323493 0.999628603 0.015628846 -22.261032104 -0.068150267 -0.014074833 0.997575700 234.611297607
0.997440577 -0.022645757 0.067819297 17.995405197 0.021611266 0.999639153 0.015948718 -22.462100983 -0.068156004 -0.014442236 0.997570157 236.862609863
0.997414410 -0.022458104 0.068264738 18.237577438 0.021439357 0.999648094 0.015619723 -22.649200439 -0.068591513 -0.014115786 0.997544885 239.091033936
0.997384846 -0.022715230 0.068611301 18.483797073 0.021661373 0.999636292 0.016065024 -22.847728729 -0.068951279 -0.014536799 0.997514069 241.317413330
0.997338533 -0.023186687 0.069124416 18.729852676 0.022108575 0.999622345 0.016321249 -23.041788101 -0.069476746 -0.014749567 0.997474551 243.556823730
0.997299135 -0.023527713 0.069575228 18.975267410 0.022491939 0.999624729 0.015633309 -23.240417480 -0.069916934 -0.014026204 0.997454226 245.777481079
0.997327447 -0.023120463 0.069308244 19.233564377 0.022143479 0.999644756 0.014831639 -23.434764862 -0.069626532 -0.013257271 0.997485042 248.007034302
0.997287750 -0.023580443 0.069720067 19.482728958 0.022556944 0.999626577 0.015431195 -23.633234024 -0.070057891 -0.013816674 0.997447252 250.245437622
0.997253120 -0.024943501 0.069742568 19.738712311 0.023931108 0.999596298 0.015314369 -23.830175400 -0.070096396 -0.013603286 0.997447431 252.473052979
0.997250021 -0.025287535 0.069661893 20.002206802 0.024208095 0.999574125 0.016296366 -24.031909943 -0.070044324 -0.014565170 0.997437537 254.734909058
0.997205973 -0.025952695 0.070046782 20.239011765 0.024851039 0.999554098 0.016553465 -24.227615356 -0.070445150 -0.014766477 0.997406363 256.955383301
0.997179627 -0.026090596 0.070370309 20.496719360 0.024958279 0.999545217 0.016922571 -24.427433014 -0.070779823 -0.015118522 0.997377396 259.221282959
0.997148752 -0.025806364 0.070909455 20.751934052 0.024691587 0.999558091 0.016553078 -24.622850418 -0.071305275 -0.014755013 0.997345507 261.466369629
0.997122586 -0.025757104 0.071297325 21.009906769 0.024676317 0.999567389 0.015998563 -24.814437866 -0.071678586 -0.014193174 0.997326791 263.727172852
0.997097254 -0.024970502 0.071927086 21.267044067 0.023911688 0.999593198 0.015544408 -25.015445709 -0.072285995 -0.013779387 0.997288704 265.968688965
0.997029364 -0.024315784 0.073082663 21.522754669 0.023222847 0.999605954 0.015767680 -25.208063126 -0.073437274 -0.014023654 0.997201264 268.218200684
0.996946394 -0.023925962 0.074333102 21.786674500 0.022838775 0.999619901 0.015441749 -25.419734955 -0.074674301 -0.013696916 0.997113824 270.482421875
0.996832311 -0.024659514 0.075611860 22.052879333 0.023521367 0.999596775 0.015906420 -25.619335175 -0.075973623 -0.014077540 0.997010469 272.732025146
0.996672630 -0.025142569 0.077533029 22.306041718 0.023940543 0.999578893 0.016394276 -25.814451218 -0.077912576 -0.014483546 0.996854901 274.985321045
0.996574044 -0.025188712 0.078776628 22.579011917 0.023843119 0.999554098 0.017975470 -26.004604340 -0.079194278 -0.016035609 0.996730208 277.218322754
0.996543586 -0.024024632 0.079521701 22.866813660 0.022589300 0.999566138 0.018900342 -26.194515228 -0.079941265 -0.017038675 0.996653974 279.474975586
0.996426821 -0.023943579 0.080995388 23.141090393 0.022421287 0.999555349 0.019652471 -26.389533997 -0.081429936 -0.017766228 0.996520638 281.733123779
0.996310294 -0.023268092 0.082610436 23.403720856 0.021636054 0.999553621 0.020596486 -26.581731796 -0.083052814 -0.018733127 0.996369004 283.976837158
0.996317029 -0.022238513 0.082812175 23.699300766 0.020686956 0.999594867 0.019547120 -26.765716553 -0.083213314 -0.017761992 0.996373415 286.246612549
0.996209919 -0.021417938 0.084302932 23.962905884 0.019909229 0.999626935 0.018696580 -26.952871323 -0.084671929 -0.016947314 0.996264756 288.477020264
0.996195912 -0.021304116 0.084497713 24.237226486 0.019781899 0.999627352 0.018811574 -27.145114899 -0.084867015 -0.017068487 0.996246099 290.705932617
0.996192396 -0.021602811 0.084463157 24.522686005 0.020135585 0.999631882 0.018184714 -27.329898834 -0.084824905 -0.016414756 0.996260643 292.952209473
0.996185958 -0.022256317 0.084369250 24.799747467 0.020863205 0.999631584 0.017358074 -27.519725800 -0.084724508 -0.015531654 0.996283472 295.184906006
0.996177018 -0.022047834 0.084529757 25.077562332 0.020652341 0.999636173 0.017348081 -27.711658478 -0.084881492 -0.015536022 0.996269941 297.421936035
0.996179521 -0.021387499 0.084669717 25.356494904 0.019990850 0.999650300 0.017308934 -27.896577835 -0.085010298 -0.015550185 0.996258736 299.657257080
0.996097326 -0.021443369 0.085617259 25.608507156 0.019907031 0.999625862 0.018757990 -28.099746704 -0.085987456 -0.016980398 0.996151447 301.891723633
0.996088743 -0.022310629 0.085495211 25.893951416 0.020763876 0.999605000 0.018938497 -28.287082672 -0.085883975 -0.017089210 0.996158600 304.142333984
0.996057987 -0.021671318 0.086016603 26.176469803 0.020090066 0.999613702 0.019206461 -28.474855423 -0.086399585 -0.017402673 0.996108532 306.388000488
0.996051073 -0.022401547 0.085909374 26.459665298 0.020839214 0.999601543 0.019039836 -28.667051315 -0.086301669 -0.017174365 0.996120989 308.638397217
0.995990932 -0.023543846 0.086301744 26.741918564 0.021944433 0.999570251 0.019435061 -28.853570938 -0.086722240 -0.017463299 0.996079445 310.896667480
0.995945275 -0.023130096 0.086936235 27.023424149 0.021573059 0.999590337 0.018807262 -29.043571472 -0.087335631 -0.016855521 0.996036351 313.136596680
0.995963633 -0.022754185 0.086824730 27.317218781 0.021137848 0.999586582 0.019490408 -29.233509064 -0.087232329 -0.017576450 0.996032953 315.387359619
0.995924532 -0.021328000 0.087632716 27.601661682 0.019766279 0.999630570 0.018650603 -29.423341751 -0.087998129 -0.016842417 0.995978236 317.633972168
0.995906174 -0.019281920 0.088312790 27.878787994 0.017638482 0.999657154 0.019352086 -29.614608765 -0.088655666 -0.017715154 0.995904744 319.856811523
0.995832741 -0.018194929 0.089366138 28.159624100 0.016585421 0.999687314 0.018719984 -29.804042816 -0.089678772 -0.017159799 0.995822906 322.088684082
0.995817900 -0.017898394 0.089590155 28.446956635 0.016222330 0.999680161 0.019401541 -29.991264343 -0.089908764 -0.017867042 0.995789647 324.333892822
0.995823264 -0.017409600 0.089625813 28.742082596 0.015605113 0.999661922 0.020795096 -30.188278198 -0.089957543 -0.019309623 0.995758414 326.557708740
0.995777249 -0.017905788 0.090038940 29.022480011 0.016110875 0.999657512 0.020622300 -30.379528046 -0.090377375 -0.019084614 0.995724738 328.804351807
0.995763123 -0.019374399 0.089890994 29.320558548 0.017642163 0.999643922 0.020025145 -30.566719055 -0.090246953 -0.018354436 0.995750248 331.043304443
0.995795012 -0.019203676 0.089575142 29.612365723 0.017505968 0.999652684 0.019700209 -30.752647400 -0.089922354 -0.018049268 0.995785236 333.272888184
0.995745480 -0.019254828 0.090113692 29.898756027 0.017434575 0.999628663 0.020943388 -30.940322876 -0.090483479 -0.019283189 0.995711267 335.511138916
0.995796561 -0.019695835 0.089449823 30.204019547 0.017868485 0.999615848 0.021183906 -31.126039505 -0.089832693 -0.019496530 0.995766044 337.747344971
0.995767891 -0.019347971 0.089843884 30.484004974 0.017491940 0.999617934 0.021400038 -31.313110352 -0.090223610 -0.019737929 0.995725870 339.986145020
0.995810926 -0.019691011 0.089290835 30.783639908 0.017869042 0.999616444 0.021158561 -31.500173569 -0.089673214 -0.019474383 0.995780826 342.235015869
0.995823801 -0.019716423 0.089141801 31.072935104 0.017845031 0.999604285 0.021741966 -31.684139252 -0.089535199 -0.020060426 0.995781600 344.481384277
0.995848477 -0.019664153 0.088877022 31.360422134 0.017792961 0.999604046 0.021797290 -31.865425110 -0.089270473 -0.020125413 0.995804071 346.726226807
0.995897353 -0.019327270 0.088401474 31.649007797 0.017483534 0.999614120 0.021583417 -32.045341492 -0.088784516 -0.019949298 0.995850980 348.969268799
0.995880961 -0.018865522 0.088685691 31.932224274 0.016973602 0.999612927 0.022038912 -32.231544495 -0.089067161 -0.020442817 0.995815814 351.213775635
0.995915651 -0.019011576 0.088264465 32.219287872 0.017094376 0.999602318 0.022426452 -32.414371490 -0.088655740 -0.020826029 0.995844603 353.438354492
0.995926797 -0.018371072 0.088274322 32.502887726 0.016483966 0.999620676 0.022059442 -32.598220825 -0.088646099 -0.020514477 0.995851934 355.690155029
0.995964408 -0.018502366 0.087822475 32.792205811 0.016586261 0.999609292 0.022497814 -32.779685974 -0.088204429 -0.020950373 0.995882034 357.925231934
0.996047497 -0.018331973 0.086910024 33.089408875 0.016357664 0.999592960 0.023374764 -32.964408875 -0.087303147 -0.021860732 0.995941818 360.164703369
0.996100068 -0.018617520 0.086244315 33.383518219 0.016645424 0.999584556 0.023529412 -33.149307251 -0.086646564 -0.022002071 0.995996118 362.409484863
0.996164262 -0.018651640 0.085491702 33.677108765 0.016674444 0.999578059 0.023783404 -33.326538086 -0.085899234 -0.022266649 0.996054947 364.650299072
0.996214390 -0.018561058 0.084925473 33.964885712 0.016652711 0.999593914 0.023124333 -33.507884979 -0.085320197 -0.021622559 0.996118963 366.908386230
0.996238649 -0.019358518 0.084462076 34.245288849 0.017469157 0.999581635 0.023051415 -33.691211700 -0.084872991 -0.021489227 0.996159971 369.151092529
0.996231794 -0.019029753 0.084618054 34.521068573 0.017217051 0.999607563 0.022100590 -33.865970612 -0.085005417 -0.020560440 0.996168315 371.421600342
0.996268749 -0.020225799 0.083901748 34.801647186 0.018414168 0.999581516 0.022310324 -34.054534912 -0.084317870 -0.020682100 0.996224165 373.656707764
0.996323884 -0.020001188 0.083298430 35.090942383 0.018121317 0.999565125 0.023263158 -34.233898163 -0.083727479 -0.021668158 0.996253073 375.912292480
0.996288598 -0.020246603 0.083660893 35.357860565 0.018342767 0.999556422 0.023462970 -34.411151886 -0.084098831 -0.021841316 0.996217966 378.164031982
0.996281803 -0.020798489 0.083605379 35.635566711 0.018877644 0.999540865 0.023700384 -34.593002319 -0.084059916 -0.022033991 0.996217072 380.402374268
0.996300042 -0.021008708 0.083335571 35.922683716 0.019094124 0.999536633 0.023705289 -34.766227722 -0.083794981 -0.022026362 0.996239483 382.653930664
0.996315241 -0.020035092 0.083392955 36.207675934 0.018084517 0.999546468 0.024080280 -34.947978973 -0.083837584 -0.022483431 0.996225715 384.907379150
0.996332228 -0.019247549 0.083375841 36.489543915 0.017297946 0.999561191 0.024042940 -35.121299744 -0.083802052 -0.022512523 0.996228099 387.170013428
0.996367991 -0.018117998 0.083201170 36.778808594 0.016169777 0.999580443 0.024030264 -35.308700562 -0.083601616 -0.022597643 0.996243000 389.437896729
0.996357143 -0.016743941 0.083618782 37.051116943 0.014792751 0.999604940 0.023899700 -35.488449097 -0.083985932 -0.022575684 0.996211171 391.715728760
0.996374488 -0.015472381 0.083657116 37.331256866 0.013388411 0.999587357 0.025414782 -35.667938232 -0.084015824 -0.024202604 0.996170461 393.980712891
0.996315062 -0.013926978 0.084630355 37.602497101 0.011772409 0.999595106 0.025904531 -35.848644257 -0.084956855 -0.024812767 0.996075630 396.247650146
0.996253729 -0.013732355 0.085381322 37.880889893 0.011683329 0.999632716 0.024452062 -36.032581329 -0.085685752 -0.023362920 0.996048272 398.514007568
0.996215343 -0.013495201 0.085864857 38.161479950 0.011478516 0.999647558 0.023937276 -36.212600708 -0.086157635 -0.022861080 0.996019125 400.780456543
0.996064901 -0.014514191 0.087430567 38.422698975 0.012350695 0.999605179 0.025235631 -36.389785767 -0.087762341 -0.024056496 0.995850921 403.021331787
0.996074259 -0.015606394 0.087134935 38.719345093 0.013419514 0.999581516 0.025627252 -36.556148529 -0.087498434 -0.024357338 0.995866835 405.314575195
0.996028244 -0.016076241 0.087574899 39.002647400 0.013873127 0.999573231 0.025707753 -36.733749390 -0.087950803 -0.024390709 0.995826125 407.573394775
0.995972335 -0.015143596 0.088374235 39.296562195 0.012991139 0.999606133 0.024880713 -36.909702301 -0.088716231 -0.023632422 0.995776474 409.827026367
0.995895743 -0.014281719 0.089374125 39.581401825 0.012072905 0.999609470 0.025206219 -37.091453552 -0.089699201 -0.024023764 0.995679140 412.084167480
0.995832860 -0.013194045 0.090237662 39.867542267 0.010980946 0.999627709 0.024977885 -37.270664215 -0.090533644 -0.023882905 0.995606959 414.337921143
0.995747507 -0.011711197 0.091377012 40.162036896 0.009469537 0.999644518 0.024927102 -37.446174622 -0.091636427 -0.023955805 0.995504320 416.609283447
0.995711088 -0.012131369 0.091718063 40.466545105 0.009888020 0.999641597 0.024874154 -37.627124786 -0.091986969 -0.023860561 0.995474219 418.868774414
0.995596528 -0.012080168 0.092959814 40.756721497 0.009806382 0.999642372 0.024877945 -37.802749634 -0.093227074 -0.023856794 0.995359004 421.126007080
0.995528340 -0.012220284 0.093669392 41.049659729 0.009938442 0.999643266 0.024788512 -37.985721588 -0.093938902 -0.023746738 0.995294631 423.385498047
0.995453715 -0.012707456 0.094394974 41.349548340 0.010307187 0.999612093 0.025872132 -38.162616730 -0.094687127 -0.024781564 0.995198607 425.655822754
0.995407820 -0.012078666 0.094959617 41.644985199 0.009578038 0.999596417 0.026745453 -38.340675354 -0.095244333 -0.025713108 0.995121717 427.907836914
0.995322347 -0.011412987 0.095932715 41.950809479 0.008791807 0.999577641 0.027701508 -38.516246796 -0.096208356 -0.026728507 0.995002270 430.190124512
0.995348811 -0.012268549 0.095552444 42.262645721 0.009645001 0.999565005 0.027870262 -38.697578430 -0.095852822 -0.026819032 0.995034158 432.453399658
0.995300710 -0.013021485 0.095952593 42.571109772 0.010446534 0.999572992 0.027289322 -38.878913879 -0.096266970 -0.026158711 0.995011747 434.722778320
0.995306730 -0.012039444 0.096018352 42.885536194 0.009463193 0.999584079 0.027241217 -39.036739349 -0.096306384 -0.026204733 0.995006680 436.996398926
0.995260060 -0.012348228 0.096461430 43.193778992 0.009730732 0.999572814 0.027558630 -39.211711884 -0.096760526 -0.026489362 0.994955063 439.285095215
0.995277524 -0.012423619 0.096272178 43.507843018 0.009801118 0.999569178 0.027665697 -39.381267548 -0.096574411 -0.026591469 0.994970441 441.558227539
0.995293200 -0.012209295 0.096136324 43.831214905 0.009442654 0.999529481 0.029180907 -39.579383850 -0.096447356 -0.028135777 0.994940341 443.833831787
0.995246589 -0.012692412 0.096556589 44.142948151 0.009923154 0.999527037 0.029106501 -39.743965149 -0.096880361 -0.028009998 0.994901776 446.120697021
0.995222628 -0.012412018 0.096838534 44.445625305 0.009686836 0.999545097 0.028561063 -39.914661407 -0.097149000 -0.027486561 0.994890153 448.387969971
0.995223165 -0.011637324 0.096930966 44.758625031 0.008932507 0.999559820 0.028291926 -40.087688446 -0.097217560 -0.027290946 0.994888842 450.647491455
0.995185673 -0.011235697 0.097361527 45.066867828 0.008527542 0.999566317 0.028187066 -40.264488220 -0.097635999 -0.027221110 0.994849861 452.911163330
0.995116413 -0.010507504 0.098146759 45.371665955 0.007772762 0.999571919 0.028204726 -40.427272797 -0.098401114 -0.027304117 0.994772196 455.190704346
0.995066941 -0.010536902 0.098644711 45.673625946 0.007816478 0.999579489 0.027923971 -40.605583191 -0.098897479 -0.027015166 0.994730830 457.449371338
0.995102227 -0.009595648 0.098384544 45.995872498 0.006934350 0.999601722 0.027356315 -40.780197144 -0.098607853 -0.026540095 0.994772315 459.733581543
0.995064735 -0.008459374 0.098866008 46.304485321 0.005723004 0.999593556 0.027928477 -40.953281403 -0.099062085 -0.027224835 0.994708776 462.017211914
0.995067000 -0.008120346 0.098872535 46.612262726 0.005251355 0.999558508 0.029242834 -41.124717712 -0.099066362 -0.028579362 0.994670331 464.289154053
0.995113432 -0.008337837 0.098385550 46.919036865 0.005461507 0.999550700 0.029468480 -41.290802002 -0.098587044 -0.028787149 0.994711876 466.556488037
0.995200753 -0.008189139 0.097511113 47.236553192 0.005431183 0.999578595 0.028515443 -41.462734222 -0.097703524 -0.027848987 0.994825959 468.840179443
0.995256305 -0.008211990 0.096940331 47.556133270 0.005515990 0.999591410 0.028046222 -41.636821747 -0.097131029 -0.027378464 0.994894922 471.131500244
0.995344818 -0.008748498 0.095980056 47.867492676 0.005982893 0.999559581 0.029064419 -41.813545227 -0.096192047 -0.028354878 0.994958818 473.416412354
0.995293736 -0.008875476 0.096496932 48.161293030 0.006070372 0.999551535 0.029324165 -41.985397339 -0.096713923 -0.028600382 0.994901121 475.699218750
0.995411694 -0.008661571 0.095291920 48.472553253 0.005954789 0.999571681 0.028652938 -42.141841888 -0.095499285 -0.027954029 0.995036900 477.982971191
0.995465517 -0.008706793 0.094723769 48.783081055 0.005957611 0.999553978 0.029267313 -42.313262939 -0.094936326 -0.028570276 0.995073199 480.265106201
0.995463431 -0.009276334 0.094691612 49.090724945 0.006451373 0.999526203 0.030095950 -42.485107422 -0.094925910 -0.029348521 0.995051742 482.540679932
0.995463073 -0.009931541 0.094628528 49.388816833 0.007187404 0.999544978 0.029295892 -42.652923584 -0.094876409 -0.028482847 0.995081544 484.829772949
0.995560229 -0.010107629 0.093581751 49.696708679 0.007331636 0.999524176 0.029960262 -42.827346802 -0.093840040 -0.029141139 0.995160699 487.115875244
0.995596647 -0.010142229 0.093189918 49.999229431 0.007376104 0.999523282 0.029979313 -42.991832733 -0.093449548 -0.029159926 0.995196879 489.399505615
0.995609999 -0.009814253 0.093082540 50.301773071 0.007030636 0.999519587 0.030185761 -43.154624939 -0.093334071 -0.029398810 0.995200694 491.701721191
0.995659947 -0.009618551 0.092567623 50.604148865 0.006781361 0.999498963 0.030915812 -43.326358795 -0.092818595 -0.030153900 0.995226324 493.983154297
0.995678961 -0.009304255 0.092394739 50.897766113 0.006514489 0.999515057 0.030449830 -43.489696503 -0.092633255 -0.029716350 0.995256722 496.290374756
0.995707870 -0.008925998 0.092119783 51.209526062 0.006199484 0.999535441 0.029841311 -43.663269043 -0.092343338 -0.029142136 0.995300651 498.605041504
0.995724857 -0.009024075 0.091926724 51.507057190 0.006202661 0.999502182 0.030931588 -43.834449768 -0.092160106 -0.030229161 0.995285213 500.899505615
0.995744646 -0.008839399 0.091730513 51.802066803 0.005996116 0.999494374 0.031225478 -44.005828857 -0.091960147 -0.030542575 0.995294154 503.177886963
0.995775402 -0.008087978 0.091465101 52.101966858 0.005309777 0.999518335 0.030577088 -44.174583435 -0.091668338 -0.029962258 0.995338738 505.464508057
0.995758235 -0.008011452 0.091657944 52.392524719 0.005157208 0.999495566 0.031334747 -44.344215393 -0.091862760 -0.030729130 0.995297432 507.750701904
0.995778918 -0.008666582 0.091374405 52.695022583 0.005896799 0.999516189 0.030538980 -44.514278412 -0.091594875 -0.029871251 0.995348215 510.044219971
0.995822608 -0.009320031 0.090832271 53.006149292 0.006497060 0.999488115 0.031325199 -44.686824799 -0.091077745 -0.030604199 0.995373428 512.347961426
0.995825410 -0.009069683 0.090825744 53.302749634 0.006226619 0.999483168 0.031536970 -44.849971771 -0.091064833 -0.030839784 0.995367289 514.654174805
0.995840192 -0.008597797 0.090710320 53.600143433 0.005791326 0.999497712 0.031156795 -45.014640808 -0.090932645 -0.030501857 0.995389819 516.965881348
0.995824814 -0.007702388 0.090959229 53.889034271 0.004891086 0.999504685 0.031089814 -45.184463501 -0.091153666 -0.030515121 0.995369196 519.259216309
0.995771825 -0.005673242 0.091685779 54.183956146 0.002801901 0.999502480 0.031415619 -45.360000610 -0.091818400 -0.031025890 0.995292425 521.589660645
0.995708227 -0.003797355 0.092469543 54.485649109 0.000865491 0.999496222 0.031725753 -45.527164459 -0.092543423 -0.031509563 0.995209873 523.922485352
0.995642245 -0.003075242 0.093204394 54.788818359 0.000010727 0.999459922 0.032862175 -45.686489105 -0.093255110 -0.032717977 0.995104551 526.247619629
0.995573223 -0.003617673 0.093919694 55.087898254 0.000518408 0.999455154 0.033002552 -45.852169037 -0.093987897 -0.032807764 0.995032728 528.554870605
0.995532274 -0.005489979 0.094263583 55.389915466 0.002256159 0.999406219 0.034378503 -46.014423370 -0.094396375 -0.034012225 0.994953513 530.865478516
0.995448053 -0.007193706 0.095033489 55.698673248 0.003954125 0.999406040 0.034233268 -46.176479340 -0.095223330 -0.033701673 0.994885206 533.186462402
0.995419741 -0.007172837 0.095330663 56.006263733 0.003985444 0.999428093 0.033583544 -46.335594177 -0.095517032 -0.033049796 0.994879007 535.499511719
0.995343447 -0.007641460 0.096087985 56.313339233 0.004440572 0.999429405 0.033481859 -46.499607086 -0.096289009 -0.032899268 0.994809508 537.814392090
0.995266676 -0.007358974 0.096902311 56.617973328 0.004154649 0.999439180 0.033227928 -46.669883728 -0.097092487 -0.032668058 0.994739056 540.124328613
0.995170593 -0.006594600 0.097938597 56.922420502 0.003384485 0.999452829 0.032906849 -46.834442139 -0.098102003 -0.032416452 0.994648278 542.444030762
0.995101035 -0.006190375 0.098668665 57.246871948 0.003071910 0.999491870 0.031726070 -46.993412018 -0.098814920 -0.031267542 0.994614482 544.770385742
0.994941294 -0.005874534 0.100285999 57.534378052 0.002646634 0.999475181 0.032289684 -47.162071228 -0.100423038 -0.031860922 0.994434536 547.089538574
0.994862020 -0.006095377 0.101056263 57.848228455 0.002734026 0.999439418 0.033367369 -47.330841064 -0.101203002 -0.032919638 0.994320989 549.405944824
0.994788766 -0.006438405 0.101753056 58.161491394 0.003001877 0.999421060 0.033890314 -47.497161865 -0.101912357 -0.033408254 0.994232237 551.704956055
0.994795918 -0.007604357 0.101603195 58.490451813 0.004291821 0.999453425 0.032781571 -47.657043457 -0.101796940 -0.032174919 0.994284689 554.015258789
0.994810939 -0.007675325 0.101451181 58.819824219 0.004292449 0.999428809 0.033521205 -47.824974060 -0.101650514 -0.032911792 0.994275570 556.332458496
0.994753480 -0.007450975 0.102029279 59.139472961 0.004029265 0.999423802 0.033701666 -47.984085083 -0.102221601 -0.033113744 0.994210362 558.641906738
0.994753063 -0.007054534 0.102063082 59.471511841 0.003536437 0.999394655 0.034609806 -48.146392822 -0.102245465 -0.034067269 0.994175613 560.979858398
0.994752169 -0.007246633 0.102057122 59.805736542 0.003646829 0.999366045 0.035414957 -48.307800293 -0.102249064 -0.034856912 0.994147956 563.309692383
0.994728088 -0.006937049 0.102312721 60.135082245 0.003260361 0.999344349 0.036059324 -48.464458466 -0.102495812 -0.035535645 0.994098425 565.625427246
0.994690418 -0.005849314 0.102745876 60.468624115 0.002211099 0.999367654 0.035488099 -48.627399445 -0.102888487 -0.035072494 0.994074404 567.950378418
0.994727790 -0.005025355 0.102426834 60.814857483 0.001567890 0.999427140 0.033808049 -48.781112671 -0.102538072 -0.033469211 0.994165838 570.283081055
0.994694114 -0.004478199 0.102779500 61.155303955 0.000978047 0.999418676 0.034080118 -48.944625854 -0.102872364 -0.033798773 0.994120061 572.605834961
0.994683087 -0.004639896 0.102878787 61.489028931 0.001014488 0.999377429 0.035263963 -49.115070343 -0.102978371 -0.034972094 0.994068623 574.992065430
0.994680583 -0.004784010 0.102896377 61.828422546 0.001012969 0.999326944 0.036669996 -49.279663086 -0.103002556 -0.036370698 0.994015932 577.305053711
0.994593918 -0.004259537 0.103753254 62.147182465 0.000627037 0.999386489 0.035018448 -49.441535950 -0.103838757 -0.034764066 0.993986547 579.696838379
0.994630873 -0.005047466 0.103362314 62.485946655 0.001461107 0.999395132 0.034743324 -49.595005035 -0.103475161 -0.034405757 0.994036794 582.036560059
0.994619191 -0.006242688 0.103409685 62.828407288 0.002500670 0.999338627 0.036276542 -49.764465332 -0.103567749 -0.035822753 0.993977189 584.355712891
0.994689107 -0.006009964 0.102749012 63.165641785 0.002290571 0.999339163 0.036278553 -49.920776367 -0.102899127 -0.035850529 0.994045496 586.675720215
0.994612634 -0.008687750 0.103296563 63.508708954 0.005058380 0.999362290 0.035345618 -50.087032318 -0.103537783 -0.034632683 0.994022369 589.042663574
0.994655252 -0.008882626 0.102869049 63.852439880 0.005296370 0.999370337 0.035083164 -50.240020752 -0.103115924 -0.034350820 0.994076014 591.394409180
0.994635403 -0.010558952 0.102902696 64.182579041 0.006927602 0.999342740 0.035582867 -50.399665833 -0.103210777 -0.034679119 0.994054794 593.733520508
0.994667411 -0.011336542 0.102509476 64.526634216 0.007695425 0.999327719 0.035845775 -50.558258057 -0.102846928 -0.034865767 0.994085968 596.092712402
