1.000000000 0.000000000 0.000000000 0.000000000 0.000000000 1.000000000 0.000000000 0.000000000 0.000000000 0.000000000 1.000000000 0.000000000
0.999999881 0.000165871 0.000438900 0.086072035 -0.000165818 1.000000000 -0.000120008 -0.226142138 -0.000438920 0.000119935 0.999999881 2.286690474
0.999999106 0.000536442 0.001209367 0.163891032 -0.000536897 0.999999762 0.000375606 -0.462335825 -0.001209165 -0.000376255 0.999999225 4.580868721
0.999998331 0.000182332 0.001803979 0.259987891 -0.000183450 0.999999762 0.000619694 -0.694205821 -0.001803865 -0.000620024 0.999998152 6.871419907
0.999996126 0.000142395 0.002778157 0.352922618 -0.000139380 0.999999404 -0.001085629 -0.925758183 -0.002778310 0.001085238 0.999995530 9.165246010
0.999986410 0.001878860 0.004856704 0.445391953 -0.001880106 0.999998212 0.000252055 -1.161016226 -0.004856221 -0.000261182 0.999988139 11.470149040
0.999961317 0.003942577 0.007859197 0.523247898 -0.003953683 0.999991119 0.001397940 -1.390725851 -0.007853619 -0.001428959 0.999968112 13.785126686
0.999941885 0.003770969 0.010100529 0.633486390 -0.003811071 0.999984860 0.003953937 -1.619329572 -0.010085467 -0.003992200 0.999941170 16.057678223
0.999941349 0.003428234 0.010273647 0.767687917 -0.003481019 0.999980807 0.005124326 -1.853784561 -0.010255880 -0.005159788 0.999934018 18.397056580
0.999930441 0.002566030 0.011511377 0.888579011 -0.002626710 0.999982715 0.005259290 -2.077120304 -0.011497680 -0.005289162 0.999919832 20.687925339
0.999929070 -0.000403973 0.011903346 1.004855394 0.000373362 0.999996603 0.002573772 -2.302897930 -0.011904346 -0.002569146 0.999925792 23.000480652
0.999915838 -0.002706766 0.012691265 1.113839388 0.002698617 0.999996185 0.000659199 -2.525395632 -0.012693001 -0.000624895 0.999919236 25.281625748
0.999909818 -0.003831173 0.012873380 1.243442059 0.003834475 0.999992609 -0.000231873 -2.770635843 -0.012872395 0.000281215 0.999917090 27.593473434
0.999899864 -0.003531909 0.013702711 1.353363991 0.003548721 0.999992907 -0.001202768 -2.997528553 -0.013698367 0.001251274 0.999905348 29.880300522
0.999893129 -0.002330998 0.014426971 1.473979950 0.002320195 0.999996960 0.000765499 -3.225909948 -0.014428712 -0.000731944 0.999895632 32.165931702
0.999896288 -0.000258527 0.014392226 1.605987787 0.000217407 0.999995887 0.002858616 -3.448380709 -0.014392906 -0.002855191 0.999892354 34.447044373
0.999864876 0.002069855 0.016308565 1.713906646 -0.002180881 0.999974549 0.006793029 -3.678837776 -0.016294084 -0.006827678 0.999843955 36.747631073
0.999843538 0.003887303 0.017254511 1.828099966 -0.003995289 0.999972641 0.006228332 -3.899008274 -0.017229827 -0.006296295 0.999831796 39.019474030
0.999812841 0.003183783 0.019083569 1.936341286 -0.003278824 0.999982357 0.004951046 -4.109632015 -0.019067474 -0.005012691 0.999805629 41.318733215
0.999811530 0.000765472 0.019401345 2.061106682 -0.000837368 0.999992728 0.003697834 -4.335326195 -0.019398378 -0.003713384 0.999804914 43.596103668
0.999818444 0.000294743 0.019050833 2.204882860 -0.000352624 0.999995291 0.003034977 -4.564826012 -0.019049846 -0.003041144 0.999813914 45.837844849
0.999807596 -0.000283827 0.019614682 2.323957443 0.000246584 0.999998152 0.001901124 -4.794653893 -0.019615186 -0.001895922 0.999805808 48.119640350
0.999811530 -0.001574239 0.019349458 2.466698408 0.001531903 0.999996424 0.002202611 -5.024461746 -0.019352859 -0.002172554 0.999810338 50.401641846
0.999792874 -0.002294295 0.020223377 2.597822666 0.002242709 0.999994099 0.002573135 -5.249554157 -0.020229161 -0.002527246 0.999792278 52.665813446
0.999785364 -0.003625864 0.020396024 2.735105038 0.003573180 0.999990106 0.002618921 -5.482233524 -0.020405319 -0.002545480 0.999788523 54.947662354
0.999765754 -0.004337503 0.021205490 2.871206760 0.004277851 0.999986768 0.002857623 -5.714739799 -0.021217611 -0.002766240 0.999771059 57.240520477
0.999743938 -0.005642274 0.021911805 3.008869171 0.005565453 0.999978125 0.003565346 -5.942219734 -0.021931445 -0.003442483 0.999753535 59.507297516
0.999700785 -0.007152731 0.023391481 3.136563778 0.007085123 0.999970496 0.002971880 -6.169254780 -0.023412049 -0.002805259 0.999721944 61.776279449
0.999687433 -0.007864414 0.023731496 3.288750887 0.007803222 0.999965966 0.002670023 -6.394863129 -0.023751689 -0.002484007 0.999714732 64.029594421
0.999658823 -0.007335314 0.025067586 3.428410769 0.007254325 0.999968171 0.003320222 -6.620525360 -0.025091147 -0.003137241 0.999680221 66.303138733
0.999642074 -0.006477771 0.025957104 3.575779200 0.006384353 0.999972820 0.003680216 -6.850081444 -0.025980242 -0.003513179 0.999656260 68.563697815
0.999605417 -0.006552660 0.027318312 3.713178158 0.006464114 0.999973595 0.003328328 -7.076128960 -0.027339404 -0.003150425 0.999621212 70.820938110
0.999589086 -0.007361009 0.027700836 3.873330593 0.007311290 0.999971449 0.001895696 -7.301653862 -0.027713999 -0.001692389 0.999614418 73.076446533
0.999571800 -0.008254277 0.028073438 4.031134129 0.008187362 0.999963462 0.002497656 -7.533966064 -0.028093029 -0.002266739 0.999602735 75.356742859
0.999521554 -0.009469171 0.029443422 4.188265324 0.009409943 0.999953389 0.002149500 -7.768546581 -0.029462405 -0.001871410 0.999564111 77.621086121
0.999519289 -0.010197833 0.029276524 4.343082428 0.010153115 0.999947071 0.001675683 -8.000186920 -0.029292060 -0.001377629 0.999569952 79.882781982
0.999487936 -0.010585517 0.030196525 4.490275860 0.010550490 0.999943495 0.001319028 -8.220402718 -0.030208778 -0.000999764 0.999543071 82.137809753
0.999467969 -0.009980122 0.031051867 4.656287193 0.009944287 0.999949694 0.001308248 -8.453378677 -0.031063369 -0.000998763 0.999516904 84.414100647
0.999417484 -0.009753588 0.032701500 4.812838554 0.009701744 0.999951422 0.001743725 -8.674536705 -0.032716915 -0.001425447 0.999463677 86.667732239
0.999420702 -0.009598465 0.032651316 4.983311653 0.009498837 0.999949694 0.003204979 -8.912808418 -0.032680441 -0.002892973 0.999461651 88.952140808
0.999394000 -0.008655103 0.033714931 5.142013073 0.008528892 0.999956071 0.003885434 -9.143188477 -0.033747088 -0.003595529 0.999423921 91.208374023
0.999361873 -0.008618842 0.034662791 5.307031631 0.008490472 0.999956548 0.003848830 -9.367421150 -0.034694456 -0.003552070 0.999391675 93.460517883
0.999342024 -0.008903976 0.035159346 5.476585388 0.008794800 0.999956012 0.003258656 -9.586847305 -0.035186816 -0.002947293 0.999376416 95.716201782
0.999306500 -0.009370660 0.036038127 5.640146255 0.009245221 0.999950528 0.003645805 -9.811402321 -0.036070503 -0.003310096 0.999343753 97.973556519
0.999278009 -0.009388971 0.036817528 5.804059982 0.009279639 0.999952137 0.003139317 -10.043541908 -0.036845237 -0.002795397 0.999317050 100.211425781
0.999231160 -0.009546366 0.038025782 5.969755650 0.009393269 0.999947071 0.004202797 -10.262702942 -0.038063906 -0.003842380 0.999267936 102.455718994
0.999207914 -0.009765860 0.038575571 6.158722878 0.009617117 0.999945581 0.004039579 -10.484980583 -0.038612921 -0.003665393 0.999247551 104.708724976
0.999166787 -0.010615016 0.039408810 6.318043709 0.010441883 0.999934852 0.004596535 -10.712730408 -0.039455045 -0.004181203 0.999212563 106.970222473
0.999134600 -0.012139420 0.039780859 6.505884647 0.011961455 0.999917388 0.004708656 -10.933177948 -0.039834738 -0.004228743 0.999197304 109.230361938
0.999081671 -0.013062583 0.040806513 6.679383278 0.012845777 0.999901950 0.005570736 -11.158809662 -0.040875282 -0.005041428 0.999151528 111.488899231
0.999061584 -0.013571560 0.041130979 6.870195866 0.013406690 0.999900937 0.004281627 -11.383081436 -0.041185006 -0.003726178 0.999144614 113.748710632
0.999013126 -0.013968203 0.042162735 7.051455498 0.013841884 0.999898791 0.003286483 -11.603754997 -0.042204373 -0.002699628 0.999105334 116.001197815
0.998972356 -0.014364129 0.042987198 7.233873367 0.014216729 0.999891937 0.003732729 -11.833969116 -0.043036163 -0.003117755 0.999068677 118.250747681
0.998916924 -0.014685718 0.044149473 7.422466278 0.014491031 0.999883831 0.004726537 -12.064604759 -0.044213761 -0.004081646 0.999013782 120.521682739
0.998900831 -0.015465838 0.044247285 7.626721382 0.015227341 0.999867618 0.005722057 -12.296774864 -0.044329926 -0.005041999 0.999004185 122.731468201
0.998838782 -0.016369453 0.045314137 7.825212955 0.016169058 0.999857843 0.004785415 -12.518269539 -0.045386031 -0.004047171 0.998961329 125.038932800
0.998799562 -0.016969429 0.045950506 8.009443283 0.016804200 0.999850869 0.003979778 -12.743818283 -0.046011176 -0.003202839 0.998935938 127.304000854
0.998777509 -0.018579990 0.045805272 8.200980186 0.018405231 0.999821663 0.004234135 -12.963281631 -0.045875769 -0.003385902 0.998941422 129.566268921
0.998798549 -0.019565830 0.044929136 8.389743805 0.019374201 0.999801278 0.004696665 -13.183854103 -0.045012102 -0.003820555 0.998979092 131.811203003
0.998852253 -0.019883376 0.043577366 8.586685181 0.019644663 0.999789596 0.005899385 -13.404566765 -0.043685500 -0.005036551 0.999032676 134.047103882
0.998900414 -0.020568883 0.042128749 8.771055222 0.020337673 0.999775708 0.005909479 -13.632876396 -0.042240854 -0.005046181 0.999094665 136.299789429
0.998971999 -0.021476850 0.039918650 8.982841492 0.021276508 0.999758899 0.005436829 -13.848040581 -0.040025786 -0.004581912 0.999188185 138.526031494
0.998949170 -0.022206280 0.040092357 9.142560959 0.022004668 0.999742925 0.005463046 -14.073215485 -0.040203363 -0.004575087 0.999181032 140.811309814
0.998940945 -0.022458173 0.040156394 9.314280510 0.022248752 0.999736547 0.005654462 -14.284569740 -0.040272802 -0.004755044 0.999177337 143.043975830
0.998987317 -0.022584459 0.038913965 9.506117821 0.022327861 0.999726057 0.007016174 -14.514971733 -0.039061762 -0.006140202 0.999217927 145.283584595
0.999005914 -0.021648129 0.038971692 9.681462288 0.021431485 0.999752522 0.005968323 -14.731992722 -0.039091259 -0.005127169 0.999222457 147.536560059
0.999025583 -0.020577313 0.039043106 9.862407684 0.020418542 0.999781549 0.004460893 -14.951570511 -0.039126374 -0.003659342 0.999227583 149.780776978
0.999045610 -0.018955082 0.039351247 10.038570404 0.018827559 0.999816239 0.003608730 -15.174518585 -0.039412420 -0.002864398 0.999218941 152.036911011
0.999058664 -0.018126484 0.039408617 10.223793030 0.017997485 0.999831438 0.003625668 -15.394223213 -0.039467692 -0.002913000 0.999216616 154.278762817
0.999049723 -0.017330658 0.039990731 10.400856018 0.017172987 0.999843299 0.004282905 -15.616426468 -0.040058691 -0.003592075 0.999190867 156.539581299
0.999053717 -0.016733615 0.040147409 10.595256805 0.016540388 0.999850035 0.005140301 -15.837015152 -0.040227398 -0.004471383 0.999180555 158.765075684
0.999005675 -0.015919147 0.041643854 10.759079933 0.015655570 0.999855340 0.006647791 -16.065544128 -0.041743658 -0.005989222 0.999110401 161.049972534
0.998976052 -0.014806814 0.042751253 10.939198494 0.014439227 0.999856174 0.008894221 -16.288478851 -0.042876799 -0.008267818 0.999046206 163.287353516
0.998949945 -0.014143884 0.043577380 11.122104645 0.013820190 0.999874711 0.007720430 -16.500946045 -0.043681111 -0.007110075 0.999020338 165.580245972
0.998914540 -0.013355402 0.044624496 11.317597389 0.013069145 0.999892116 0.006700418 -16.719017029 -0.044709165 -0.006109942 0.998981357 167.835769653
0.998842418 -0.011573162 0.046687759 11.503067970 0.011251559 0.999911129 0.007145313 -16.936483383 -0.046766307 -0.006611733 0.998883963 170.074066162
0.998715937 -0.011210523 0.049404800 11.696264267 0.010861501 0.999914110 0.007327364 -17.164501190 -0.049482703 -0.006781345 0.998751938 172.379806519
0.998593330 -0.011341771 0.051794842 11.898360252 0.010991162 0.999914765 0.007048981 -17.379512787 -0.051870376 -0.006469780 0.998632848 174.652587891
0.998509288 -0.011230987 0.053414386 12.106022835 0.010835413 0.999911726 0.007689616 -17.598133087 -0.053496033 -0.007099386 0.998542845 176.915664673
0.998468399 -0.011508526 0.054115195 12.316616058 0.011067918 0.999903202 0.008434759 -17.808696747 -0.054207038 -0.007822897 0.998499095 179.141967773
0.998449981 -0.013593115 0.053971466 12.531641006 0.013148445 0.999876618 0.008585558 -18.038864136 -0.054081522 -0.007862608 0.998505592 181.401199341
0.998409748 -0.014400280 0.054503039 12.732503891 0.013944484 0.999864578 0.008733825 -18.253837585 -0.054621432 -0.007959919 0.998475432 183.644119263
0.998462737 -0.015271287 0.053281374 12.958997726 0.014818636 0.999850690 0.008880277 -18.485422134 -0.053409033 -0.008077069 0.998539984 185.888946533
0.998462200 -0.017229805 0.052691501 13.170238495 0.016746428 0.999813676 0.009601609 -18.699239731 -0.052847121 -0.008704450 0.998564601 188.137222290
0.998480737 -0.017994070 0.052081920 13.381514549 0.017527569 0.999802232 0.009400070 -18.909896851 -0.052240770 -0.008472919 0.998598576 190.381118774
0.998439670 -0.019249119 0.052420516 13.590169907 0.018783905 0.999779940 0.009352943 -19.132593155 -0.052589018 -0.008353687 0.998581290 192.629623413
0.998408914 -0.020921426 0.052360665 13.788509369 0.020488188 0.999751389 0.008797333 -19.343320847 -0.052531701 -0.007710561 0.998589516 194.868057251
0.998437643 -0.020384923 0.052025635 13.995535851 0.019936772 0.999759674 0.009118531 -19.555433273 -0.052199010 -0.008067061 0.998604119 197.100585938
0.998444378 -0.017958926 0.052785702 14.205076218 0.017474195 0.999800920 0.009630273 -19.777427673 -0.052948147 -0.008692901 0.998559356 199.365142822
0.998446643 -0.016186859 0.053311013 14.406992912 0.015713364 0.999833405 0.009288996 -19.988109589 -0.053452488 -0.008436874 0.998534679 201.603332520
0.998426616 -0.015513551 0.053884499 14.622380257 0.015078072 0.999850333 0.008478918 -20.198146820 -0.054007974 -0.007653103 0.998511195 203.867919922
0.998380125 -0.015837351 0.054646131 14.824724197 0.015362072 0.999840498 0.009106559 -20.404394150 -0.054781646 -0.008252330 0.998464286 206.093917847
0.998369992 -0.017186955 0.054423440 15.066321373 0.016704330 0.999817133 0.009310484 -20.628723145 -0.054573517 -0.008386203 0.998474479 208.368377686
0.998297751 -0.016829927 0.055842351 15.272702217 0.016325163 0.999821901 0.009482907 -20.828811646 -0.055991992 -0.008555129 0.998394549 210.614913940
0.998231053 -0.016609536 0.057085533 15.499432564 0.016006626 0.999811351 0.011002600 -21.059837341 -0.057257511 -0.010069392 0.998308599 212.880569458
0.998175383 -0.015212542 0.058434639 15.739498138 0.014589899 0.999832392 0.011067306 -21.266262054 -0.058593199 -0.010194554 0.998229861 215.113037109
0.997975230 -0.013752628 0.062098987 15.940789223 0.013075342 0.999850810 0.011299774 -21.475692749 -0.062245112 -0.010464931 0.998005986 217.384750366
0.997835100 -0.013761746 0.064309716 16.171363831 0.013035138 0.999846518 0.011704534 -21.682125092 -0.064460926 -0.010840908 0.997861326 219.630355835
0.997695267 -0.015266589 0.066113971 16.406997681 0.014492961 0.999820948 0.012165342 -21.883533478 -0.066287853 -0.011179115 0.997737944 221.864120483
0.997580051 -0.016664803 0.067500368 16.644138336 0.015827445 0.999791265 0.012921051 -22.085140228 -0.067701623 -0.011821426 0.997635543 224.102050781
0.997497141 -0.018640468 0.068205625 16.894611359 0.017839583 0.999764919 0.012332598 -22.295146942 -0.068419479 -0.011084971 0.997595012 226.338455200
0.997460425 -0.019901905 0.068384759 17.139362335 0.019121299 0.999744475 0.012050658 -22.495161057 -0.068607137 -0.010712450 0.997586191 228.588348389
0.997405469 -0.020250296 0.069083199 17.381841660 0.019455437 0.999736786 0.012159402 -22.695751190 -0.069311269 -0.010783811 0.997536778 230.828216553
0.997350156 -0.021554422 0.069483936 17.634197235 0.020823181 0.999720097 0.011231215 -22.901182175 -0.069706559 -0.009754576 0.997519851 233.079879761
0.997294307 -0.022558048 0.069964811 17.878311157 0.021751894 0.999688148 0.012262968 -23.101245880 -0.070219629 -0.010707921 0.997474015 235.313278198
0.997307837 -0.021938615 0.069970146 18.164295197 0.021107133 0.999697804 0.012600748 -23.313400269 -0.070225447 -0.011089956 0.997469485 237.589309692
0.997271299 -0.021944823 0.070486188 18.409143448 0.021124613 0.999700546 0.012360920 -23.509012222 -0.070736319 -0.010838198 0.997436166 239.816146851
0.997238219 -0.022031229 0.070925385 18.659927368 0.021170419 0.999693096 0.012865819 -23.715917587 -0.071187064 -0.011328768 0.997398615 242.045684814
0.997181058 -0.022280868 0.071648121 18.905447006 0.021398786 0.999685705 0.013055536 -23.916034698 -0.071916483 -0.011485550 0.997344553 244.285781860
0.997141480 -0.022521945 0.072122037 19.156982422 0.021692755 0.999689519 0.012259851 -24.122989655 -0.072375774 -0.010660280 0.997320473 246.518096924
0.997162044 -0.022344496 0.071894407 19.422046661 0.021566575 0.999700367 0.011578532 -24.330415726 -0.072131604 -0.009995157 0.997345030 248.757202148
0.997137308 -0.022612782 0.072151303 19.679943085 0.021786988 0.999688029 0.012211933 -24.535736084 -0.072404936 -0.010605015 0.997318923 250.992614746
0.997099459 -0.023825767 0.072284311 19.938653946 0.023005629 0.999661386 0.012157545 -24.741756439 -0.072549485 -0.010459336 0.997309983 253.224044800
0.997088850 -0.023853010 0.072420456 20.198589325 0.022982027 0.999653399 0.012836389 -24.945514679 -0.072701558 -0.011134651 0.997291505 255.478546143
0.997039139 -0.024573823 0.072862953 20.441108704 0.023677180 0.999633253 0.013144374 -25.149675369 -0.073159225 -0.011380266 0.997255325 257.699310303
0.997040987 -0.024970880 0.072703071 20.722278595 0.024039116 0.999617636 0.013663107 -25.360584259 -0.073016450 -0.011874958 0.997260034 259.974365234
0.997015595 -0.024412900 0.073240615 20.983949661 0.023519522 0.999638379 0.013035791 -25.558677673 -0.073532380 -0.011274301 0.997229099 262.222991943
0.996993423 -0.024345562 0.073561370 21.247304916 0.023497915 0.999647379 0.012366699 -25.756736755 -0.073836505 -0.010600979 0.997213960 264.481262207
0.996969402 -0.023679880 0.074103445 21.510704041 0.022840573 0.999665260 0.012153218 -25.965900421 -0.074366428 -0.010423821 0.997176528 266.716491699
0.996889055 -0.023065524 0.075367324 21.769248962 0.022199189 0.999677777 0.012312519 -26.165542603 -0.075627021 -0.010601119 0.997079849 268.966827393
0.996800601 -0.022448782 0.076710522 22.036249161 0.021618936 0.999698639 0.011631344 -26.375438690 -0.076948509 -0.009935732 0.996985555 271.222351074
0.996697009 -0.023336982 0.077784911 22.305950165 0.022459166 0.999674022 0.012141041 -26.583927155 -0.078042887 -0.010353955 0.996896207 273.465698242
0.996512771 -0.023788646 0.079977594 22.566183090 0.022855036 0.999659777 0.012568749 -26.780866623 -0.080249384 -0.010697027 0.996717334 275.720764160
0.996399522 -0.023754638 0.081385903 22.843852997 0.022690883 0.999644876 0.013970685 -26.977399826 -0.081688866 -0.012073666 0.996584654 277.960571289
0.996328413 -0.023009950 0.082463488 23.133060455 0.021812133 0.999643445 0.015397130 -27.192058563 -0.082788393 -0.013541892 0.996475160 280.221649170
0.996245027 -0.022615733 0.083571665 23.419387817 0.021321172 0.999638975 0.016350653 -27.392646790 -0.083911277 -0.014507414 0.996367633 282.459503174
0.996171415 -0.021790260 0.084662095 23.701946259 0.020484585 0.999657929 0.016260469 -27.583665848 -0.084987439 -0.014463944 0.996277034 284.731536865
0.996069789 -0.020824090 0.086089313 23.975780487 0.019531066 0.999683857 0.015834745 -27.775199890 -0.086391829 -0.014091097 0.996161580 286.960174561
0.996034145 -0.020484382 0.086581245 24.263113022 0.019279445 0.999705613 0.014730291 -27.963584900 -0.086857513 -0.013002636 0.996135890 289.195434570
0.995985329 -0.021265287 0.086953215 24.543127060 0.020034056 0.999686718 0.015008053 -28.165941238 -0.087245114 -0.013205775 0.996099353 291.421356201
0.995904207 -0.021225311 0.087887540 24.807464600 0.020080222 0.999701798 0.013892801 -28.357284546 -0.088156208 -0.012071097 0.996033490 293.685668945
0.995937109 -0.021775680 0.087379202 25.099845886 0.020715328 0.999700546 0.013023642 -28.553115845 -0.087636642 -0.011160638 0.996089995 295.919586182
0.995944321 -0.021682324 0.087320000 25.386232376 0.020627690 0.999703169 0.012962088 -28.753677368 -0.087575145 -0.011108308 0.996095896 298.151306152
0.995943546 -0.020988591 0.087498605 25.670467377 0.019921403 0.999716282 0.013052150 -28.950334549 -0.087747738 -0.011256109 0.996079147 300.390014648
0.995866656 -0.020815959 0.088411003 25.934566498 0.019643681 0.999707460 0.014108945 -29.157444000 -0.088678837 -0.012313909 0.995984137 302.635192871
0.995864928 -0.020888561 0.088411458 26.225419998 0.019699091 0.999703586 0.014305117 -29.356678009 -0.088684052 -0.012504341 0.995981336 304.889465332
0.995828450 -0.020230858 0.088973269 26.514459610 0.019013690 0.999713957 0.014506546 -29.555633545 -0.089241311 -0.012754320 0.995928347 307.139343262
0.995822132 -0.021036005 0.088858031 26.805145264 0.019812994 0.999696732 0.014623412 -29.764032364 -0.089138716 -0.012801774 0.995936930 309.393218994
0.995774865 -0.022285387 0.089082710 27.094215393 0.021022543 0.999665082 0.015089355 -29.960742950 -0.089389153 -0.013152855 0.995909929 311.648620605
0.995746493 -0.021986660 0.089473695 27.384176254 0.020781092 0.999680579 0.014383405 -30.159915924 -0.089761347 -0.012462864 0.995885313 313.889587402
0.995767534 -0.021385813 0.089384779 27.680635452 0.020103201 0.999681950 0.015225151 -30.363592148 -0.089681953 -0.013363792 0.995880783 316.141204834
0.995725214 -0.019503400 0.090282232 27.971885681 0.018287566 0.999730885 0.014274763 -30.563632965 -0.090536319 -0.012562701 0.995813906 318.394989014
0.995734155 -0.018093914 0.090476818 28.260850906 0.016812220 0.999747515 0.014908125 -30.762409210 -0.090723738 -0.013323412 0.995786965 320.643737793
0.995660722 -0.016683493 0.091549687 28.543788910 0.015399174 0.999773085 0.014717208 -30.962451935 -0.091774456 -0.013243558 0.995691717 322.873291016
0.995606005 -0.015647082 0.092324413 28.828643799 0.014294091 0.999780774 0.015297888 -31.156847000 -0.092543542 -0.013910976 0.995611608 325.108459473
0.995617628 -0.015205274 0.092273377 29.131544113 0.013725881 0.999767363 0.016646240 -31.363698959 -0.092505008 -0.015306756 0.995594561 327.338684082
0.995575547 -0.015815267 0.092624173 29.421541214 0.014344622 0.999760628 0.016521884 -31.565864563 -0.092863292 -0.015120125 0.995564044 329.581420898
0.995587707 -0.017540876 0.092181124 29.728841782 0.016138185 0.999742627 0.015940184 -31.762559891 -0.092436984 -0.014382211 0.995614648 331.814392090
0.995586097 -0.017032482 0.092294343 30.022205353 0.015661100 0.999756217 0.015562790 -31.956787109 -0.092536926 -0.014048665 0.995610058 334.034912109
0.995561063 -0.017202444 0.092532478 30.314954758 0.015706867 0.999734342 0.016866783 -32.151542664 -0.092798054 -0.015338520 0.995566726 336.264190674
0.995632827 -0.018091690 0.091584876 30.628072739 0.016628111 0.999721885 0.016718538 -32.342620850 -0.091861874 -0.015122642 0.995656908 338.497741699
0.995637715 -0.018040268 0.091542341 30.917566299 0.016541816 0.999716938 0.017101433 -32.542247772 -0.091824934 -0.015512557 0.995654345 340.739501953
0.995670855 -0.018213408 0.091146350 31.220094681 0.016744634 0.999717712 0.016853355 -32.738956451 -0.091427572 -0.015254182 0.995694876 342.981109619
0.995701075 -0.018477088 0.090762720 31.515281677 0.016970316 0.999705553 0.017345037 -32.930919647 -0.091056488 -0.015730200 0.995721459 345.223754883
0.995745063 -0.018447481 0.090285175 31.809989929 0.016955905 0.999707222 0.017260039 -33.118770599 -0.090577155 -0.015655732 0.995766521 347.464569092
0.995799005 -0.018447757 0.089687519 32.102958679 0.016963765 0.999706745 0.017280469 -33.311416626 -0.089979999 -0.015686437 0.995820045 349.707672119
0.995814919 -0.018067582 0.089589380 32.391513824 0.016547704 0.999706745 0.017678812 -33.506984711 -0.089882515 -0.016122324 0.995821834 351.948883057
0.995843410 -0.018510869 0.089180753 32.680168152 0.016967697 0.999693394 0.018031102 -33.695190430 -0.089487188 -0.016442960 0.995852232 354.176239014
0.995868504 -0.018165192 0.088971809 32.964859009 0.016667508 0.999707103 0.017547404 -33.887523651 -0.089264497 -0.015991971 0.995879531 356.413604736
0.995919287 -0.018168895 0.088400736 33.255290985 0.016642481 0.999699950 0.017973611 -34.077991486 -0.088700756 -0.016429057 0.995922804 358.647735596
0.995981038 -0.017830316 0.087771438 33.550579071 0.016245998 0.999692678 0.018731896 -34.270877838 -0.088078447 -0.017230680 0.995964527 360.896057129
0.996043622 -0.018028993 0.087017536 33.846496582 0.016469885 0.999691308 0.018602049 -34.463191986 -0.087326050 -0.017095283 0.996033072 363.139953613
0.996094644 -0.017875895 0.086463504 34.136489868 0.016268168 0.999682009 0.019263400 -34.654159546 -0.086780369 -0.017781561 0.996068776 365.374420166
0.996138811 -0.017982690 0.085930929 34.425247192 0.016449960 0.999693334 0.018511754 -34.843303680 -0.086237468 -0.017026719 0.996129096 367.633483887
0.996146679 -0.018487588 0.085731134 34.706184387 0.016960630 0.999684989 0.018505342 -35.035472870 -0.086046234 -0.016979979 0.996146441 369.882965088
0.996150374 -0.018580535 0.085667677 34.986305237 0.017134886 0.999698639 0.017579637 -35.222263336 -0.085968487 -0.016044058 0.996168673 372.145538330
0.996214688 -0.018378129 0.084963053 35.274787903 0.016931212 0.999699652 0.017719416 -35.417213440 -0.085263193 -0.016213814 0.996226549 374.380584717
0.996310055 -0.018265078 0.083860561 35.568153381 0.016790479 0.999692321 0.018255765 -35.605976105 -0.084168188 -0.016780343 0.996310294 376.626983643
0.996216238 -0.017457183 0.085138142 35.832382202 0.015895166 0.999693334 0.018990358 -35.801616669 -0.085443534 -0.017565222 0.996188164 378.874481201
0.996214092 -0.018166378 0.085013852 36.115074158 0.016587991 0.999677300 0.019236032 -35.995014191 -0.085335881 -0.017752999 0.996194065 381.114959717
0.996241689 -0.018119395 0.084700182 36.405464172 0.016546579 0.999678075 0.019234531 -36.179046631 -0.085021421 -0.017760746 0.996220767 383.371643066
0.996250093 -0.017251972 0.084782965 36.690784454 0.015663020 0.999689698 0.019371020 -36.371109009 -0.085090846 -0.017970424 0.996211112 385.622863770
0.996257603 -0.016159710 0.084909469 36.972190857 0.014560053 0.999705315 0.019425187 -36.554351807 -0.085198350 -0.018116208 0.996199310 387.882080078
0.996281207 -0.015355114 0.084781490 37.261085510 0.013750479 0.999715745 0.019478347 -36.753849030 -0.085056476 -0.018240131 0.996209085 390.156250000
0.996272206 -0.014142415 0.085098088 37.535671234 0.012531113 0.999732494 0.019439133 -36.943836212 -0.085350253 -0.018300297 0.996182859 392.426879883
0.996297121 -0.013018928 0.084985808 37.821392059 0.011299341 0.999722183 0.020683574 -37.131500244 -0.085231476 -0.019646706 0.996167481 394.685333252
0.996240616 -0.011919571 0.085805103 38.093643188 0.010130047 0.999722600 0.021260981 -37.321311951 -0.086034745 -0.020311842 0.996085048 396.942749023
0.996154308 -0.011876130 0.086807013 38.372135162 0.010185573 0.999750257 0.019891948 -37.514949799 -0.087021567 -0.018931268 0.996026516 399.205352783
0.996116877 -0.011298723 0.087312937 38.654457092 0.009657569 0.999769092 0.019195845 -37.707126617 -0.087509684 -0.018278077 0.995995879 401.468109131
0.996018708 -0.012483407 0.088266559 38.935783386 0.010741001 0.999738514 0.020187765 -37.893119812 -0.088495485 -0.019159321 0.995892346 403.718078613
0.995993435 -0.013954965 0.088330835 39.214675903 0.012114341 0.999698877 0.021339763 -38.078712463 -0.088602036 -0.020184195 0.995862603 405.997100830
0.995916963 -0.014416201 0.089115590 39.495964050 0.012568806 0.999695063 0.021256819 -38.265678406 -0.089394860 -0.020049954 0.995794535 408.252471924
0.995884717 -0.013246617 0.089656822 39.808021545 0.011464033 0.999726772 0.020368164 -38.447303772 -0.089902140 -0.019256512 0.995764434 410.517730713
0.995833218 -0.012426425 0.090342715 40.103488922 0.010606488 0.999731600 0.020597061 -38.637145996 -0.090574421 -0.019553022 0.995697737 412.773803711
0.995761573 -0.011340906 0.091271490 40.387645721 0.009527184 0.999748886 0.020282958 -38.824687958 -0.091478623 -0.019327428 0.995619476 415.021881104
0.995693982 -0.010318121 0.092124887 40.690116882 0.008482994 0.999758184 0.020289412 -39.011604309 -0.092311971 -0.019420553 0.995540738 417.295074463
0.995636761 -0.010696535 0.092698611 40.991428375 0.008851119 0.999754846 0.020296022 -39.203445435 -0.092892982 -0.019386979 0.995487332 419.553375244
0.995532990 -0.010712366 0.093804605 41.281238556 0.008850206 0.999755859 0.020245044 -39.387855530 -0.093998581 -0.019324416 0.995384693 421.806457520
0.995436907 -0.010827619 0.094805047 41.571083069 0.008961157 0.999758005 0.020091042 -39.579090118 -0.094999626 -0.019149804 0.995293021 424.065521240
0.995384157 -0.011232120 0.095311269 41.877441406 0.009261321 0.999734521 0.021094726 -39.764907837 -0.095522918 -0.020114647 0.995223939 426.336761475
0.995332241 -0.010451583 0.095940337 42.173778534 0.008402081 0.999728262 0.021741457 -39.949699402 -0.096141525 -0.020833872 0.995149612 428.587249756
0.995256960 -0.009619592 0.096803807 42.481231689 0.007483735 0.999721050 0.022402706 -40.133232117 -0.096992321 -0.021571996 0.995051324 430.861846924
0.995260894 -0.010006498 0.096724421 42.797508240 0.007831276 0.999708414 0.022842363 -40.328582764 -0.096924774 -0.021976635 0.995049000 433.140014648
0.995229840 -0.010839215 0.096953772 43.111377716 0.008710346 0.999712110 0.022353945 -40.522033691 -0.097168148 -0.021402808 0.995037794 435.407379150
0.995217741 -0.010105963 0.097156540 43.426216125 0.007972397 0.999718964 0.022323269 -40.691642761 -0.097354837 -0.021441946 0.995018721 437.681427002
0.995197475 -0.010450817 0.097328044 43.741333008 0.008275601 0.999707460 0.022726262 -40.877536774 -0.097537085 -0.021811673 0.994992793 439.969329834
0.995251238 -0.010529614 0.096768580 44.060680389 0.008357836 0.999704599 0.022821033 -41.058788300 -0.096980296 -0.021903886 0.995045304 442.244079590
0.995221436 -0.009996624 0.097130924 44.374847412 0.007709098 0.999684811 0.023897784 -41.254348755 -0.097339198 -0.023034796 0.994984686 444.535217285
0.995184362 -0.010749568 0.097429462 44.688323975 0.008437386 0.999673665 0.024112888 -41.435260773 -0.097656883 -0.023174718 0.994950294 446.812927246
0.995168924 -0.010528930 0.097611040 44.994461060 0.008260368 0.999686956 0.023615895 -41.618244171 -0.097829133 -0.022695502 0.994944394 449.076690674
0.995182335 -0.010006569 0.097529560 45.306335449 0.007759394 0.999696255 0.023393068 -41.804302216 -0.097734019 -0.022523602 0.994957685 451.339538574
0.995135427 -0.009350986 0.098071523 45.614109039 0.007120856 0.999708712 0.023065252 -41.991630554 -0.098258629 -0.022254698 0.994912028 453.601684570
0.995070934 -0.008630455 0.098789521 45.921501160 0.006388911 0.999715447 0.022984024 -42.165500641 -0.098959759 -0.022239573 0.994842887 455.879699707
0.995020509 -0.008746671 0.099285901 46.222202301 0.006507584 0.999717593 0.022853412 -42.356109619 -0.099457771 -0.022093499 0.994796455 458.137420654
0.995062530 -0.007922665 0.098933257 46.548889160 0.005767837 0.999740303 0.022047702 -42.540443420 -0.099082239 -0.021368211 0.994849801 460.420898438
0.995034397 -0.006645490 0.099309705 46.860424042 0.004428113 0.999736249 0.022531660 -42.724342346 -0.099433266 -0.021980027 0.994801402 462.706451416
0.995041490 -0.006355030 0.099257633 47.174308777 0.003992556 0.999704540 0.023981957 -42.909381866 -0.099380687 -0.023466755 0.994772732 464.981903076
0.995100856 -0.006521203 0.098649628 47.482559204 0.004137366 0.999694943 0.024349988 -43.088500977 -0.098778322 -0.023822544 0.994824290 467.247741699
0.995178163 -0.006494397 0.097868249 47.798770905 0.004241125 0.999721527 0.023213996 -43.270004272 -0.097991772 -0.022686994 0.994928598 469.526641846
0.995265663 -0.006759825 0.096957467 48.124382019 0.004573567 0.999730647 0.022753181 -43.456699371 -0.097085170 -0.022202013 0.995028436 471.822814941
0.995344341 -0.007033681 0.096125722 48.435592651 0.004760585 0.999704003 0.023856025 -43.647716522 -0.096265063 -0.023287341 0.995083213 474.107116699
0.995319009 -0.007219150 0.096373558 48.731460571 0.004920793 0.999698341 0.024064822 -43.832015991 -0.096518211 -0.023477942 0.995054305 476.384399414
0.995422304 -0.006878216 0.095326073 49.043346405 0.004634121 0.999707282 0.023742668 -44.005432129 -0.095461480 -0.023192231 0.995162904 478.686157227
0.995466948 -0.006846574 0.094861254 49.353637695 0.004558405 0.999693930 0.024316931 -44.186954498 -0.094998725 -0.023774294 0.995193481 480.969573975
0.995481074 -0.007456507 0.094667017 49.660560608 0.005117394 0.999676168 0.024927609 -44.370025635 -0.094822243 -0.024330512 0.995196819 483.241088867
0.995491385 -0.007690719 0.094539754 49.960762024 0.005407886 0.999688148 0.024379341 -44.549156189 -0.094697781 -0.023758160 0.995222509 485.519226074
0.995524764 -0.008078365 0.094155096 50.263580322 0.005735710 0.999667823 0.025124924 -44.738670349 -0.094326787 -0.024472432 0.995240390 487.806732178
0.995621920 -0.008035358 0.093125597 50.563156128 0.005747683 0.999675691 0.024807720 -44.906715393 -0.093294740 -0.024163853 0.995345294 490.094818115
0.995625377 -0.007386173 0.093142681 50.863670349 0.005052569 0.999668002 0.025265051 -45.080135345 -0.093298368 -0.024683919 0.995332181 492.399658203
0.995698035 -0.006490012 0.092429042 51.170761108 0.004149553 0.999666452 0.025491377 -45.254776001 -0.092563644 -0.024998179 0.995392859 494.683441162
0.995686889 -0.006047070 0.092579275 51.459693909 0.003741116 0.999678910 0.025061201 -45.433250427 -0.092701100 -0.024606757 0.995389879 496.988922119
0.995716333 -0.005818160 0.092277691 51.773155212 0.003548301 0.999687552 0.024743145 -45.623043060 -0.092392817 -0.024309728 0.995425820 499.299774170
0.995752752 -0.005709233 0.091890305 52.070678711 0.003387126 0.999671459 0.025406577 -45.801254272 -0.092005186 -0.024987424 0.995444953 501.594177246
0.995770812 -0.005439587 0.091710448 52.364608765 0.003092634 0.999664545 0.025713613 -45.983654022 -0.091819547 -0.025321243 0.995453656 503.868530273
0.995789647 -0.004290551 0.091567360 52.661102295 0.002008674 0.999685466 0.024997821 -46.163661957 -0.091645814 -0.024708642 0.995485067 506.158752441
0.995770574 -0.004195894 0.091778032 52.949440002 0.001855319 0.999671161 0.025573032 -46.344619751 -0.091855168 -0.025294598 0.995451033 508.449371338
0.995780230 -0.004486622 0.091659613 53.244213104 0.002233899 0.999693274 0.024664886 -46.525783539 -0.091742158 -0.024356050 0.995484829 510.746154785
0.995825052 -0.005082747 0.091140881 53.555152893 0.002777452 0.999673426 0.025402771 -46.712619781 -0.091240220 -0.025043581 0.995513976 513.046997070
0.995854676 -0.004623919 0.090840161 53.861141205 0.002301519 0.999668181 0.025653927 -46.892265320 -0.090928651 -0.025338518 0.995535016 515.362304688
0.995873928 -0.003825559 0.090667062 54.160522461 0.001528451 0.999676406 0.025391538 -47.073402405 -0.090734869 -0.025148192 0.995557487 517.673034668
0.995846212 -0.002846343 0.091005974 54.449604034 0.000579341 0.999689102 0.024927199 -47.254222870 -0.091048613 -0.024770934 0.995538294 519.966125488
0.995807409 -0.000754397 0.091471173 54.750080109 -0.001555451 0.999681890 0.025178283 -47.440074921 -0.091461048 -0.025215002 0.995489299 522.333007812
0.995744884 0.001092707 0.092145398 55.051834106 -0.003447668 0.999671400 0.025401711 -47.621383667 -0.092087358 -0.025611306 0.995421648 524.674133301
0.995692372 0.001861822 0.092699975 55.356739044 -0.004338054 0.999638915 0.026517993 -47.795276642 -0.092617147 -0.026805900 0.995340884 527.000122070
0.995629847 0.001433002 0.093375497 55.658378601 -0.003924157 0.999641061 0.026500756 -47.974094391 -0.093304016 -0.026751362 0.995278239 529.314697266
0.995611548 -0.000445574 0.093581267 55.959682465 -0.002161392 0.999612451 0.027754569 -48.149566650 -0.093557380 -0.027835036 0.995224714 531.624450684
0.995568335 -0.002109136 0.094016999 56.273708344 -0.000480881 0.999621212 0.027517214 -48.326702118 -0.094039440 -0.027440483 0.995190263 533.939392090
0.995530605 -0.002071764 0.094416752 56.577842712 -0.000463881 0.999639928 0.026826024 -48.502475739 -0.094438329 -0.026749922 0.995171189 536.257934570
0.995434821 -0.002322243 0.095414765 56.878677368 -0.000229131 0.999642909 0.026720172 -48.681457520 -0.095442742 -0.026620053 0.995078862 538.574157715
0.995353758 -0.001774276 0.096268721 57.178627014 -0.000751504 0.999656618 0.026194168 -48.864459991 -0.096282139 -0.026144812 0.995010614 540.885253906
0.995232105 -0.001316084 0.097526327 57.474487305 -0.001221384 0.999662399 0.025954014 -49.049617767 -0.097527571 -0.025949385 0.994894505 543.195861816
0.995127976 -0.000745647 0.098589070 57.773128510 -0.001731615 0.999684989 0.025039190 -49.231449127 -0.098576665 -0.025087917 0.994813144 545.532897949
0.994954884 -0.000602014 0.100321904 58.068202972 -0.001929286 0.999682307 0.025132840 -49.405746460 -0.100305162 -0.025199592 0.994637489 547.861328125
0.994911432 -0.000400957 0.100752614 58.383800507 -0.002267101 0.999649823 0.026365379 -49.593788147 -0.100727901 -0.026459632 0.994562089 550.159362793
0.994864523 -0.000605963 0.101213805 58.701774597 -0.002075273 0.999649763 0.026383413 -49.771743774 -0.101194337 -0.026457967 0.994514823 552.466796875
0.994952083 -0.001749687 0.100335293 59.039932251 -0.000795735 0.999679089 0.025323533 -49.948226929 -0.100347385 -0.025275547 0.994631350 554.784790039
0.994977236 -0.001930962 0.100082211 59.371856689 -0.000644569 0.999669611 0.025695434 -50.129261017 -0.100098751 -0.025630878 0.994647324 557.106933594
0.994932413 -0.001775486 0.100530274 59.691074371 -0.000853503 0.999658942 0.026102163 -50.309070587 -0.100542337 -0.026055688 0.994591475 559.416870117
0.994903028 -0.001298517 0.100827880 60.020294189 -0.001432146 0.999634266 0.027005311 -50.488849640 -0.100826077 -0.027012067 0.994537294 561.757934570
0.994919002 -0.001628204 0.100665458 60.351287842 -0.001158359 0.999617934 0.027616769 -50.665763855 -0.100671969 -0.027593061 0.994536936 564.091613770
0.994887292 -0.001151499 0.100984648 60.678009033 -0.001721807 0.999596238 0.028361121 -50.843338013 -0.100976534 -0.028390000 0.994483650 566.411254883
0.994855046 -0.000378741 0.101307757 61.007343292 -0.002438103 0.999613881 0.027679563 -51.023986816 -0.101279110 -0.027784152 0.994470000 568.733093262
0.994879484 0.000606103 0.101066321 61.349956512 -0.003259222 0.999654353 0.026088215 -51.195892334 -0.101015575 -0.026284026 0.994537592 571.071350098
0.994895875 0.001032798 0.100901410 61.693271637 -0.003713312 0.999645114 0.026381459 -51.378227234 -0.100838356 -0.026621491 0.994546592 573.391662598
0.994841456 0.000742797 0.101439498 62.010028839 -0.003535943 0.999619424 0.027358050 -51.563838959 -0.101380572 -0.027575610 0.994465470 575.773925781
0.994844913 0.000669474 0.101405397 62.344150543 -0.003602476 0.999580324 0.028743170 -51.749691010 -0.101343587 -0.028960310 0.994429827 578.088928223
0.994771361 0.001305981 0.102118574 62.663181305 -0.004089575 0.999625564 0.027053840 -51.929317474 -0.102045000 -0.027330006 0.994404316 580.475280762
0.994817853 0.000523706 0.101671234 62.997093201 -0.003252515 0.999638855 0.026675617 -52.100536346 -0.101620555 -0.026868066 0.994460404 582.814208984
0.994782388 0.000096927 0.102019452 63.327190399 -0.003006964 0.999592960 0.028370935 -52.291404724 -0.101975158 -0.028529679 0.994377732 585.142333984
0.994839132 0.000188716 0.101464741 63.659099579 -0.003086656 0.999591708 0.028404810 -52.466075897 -0.101417951 -0.028571403 0.994433582 587.460571289
0.994794786 -0.002634903 0.101865731 63.998077393 -0.000154961 0.999625385 0.027370043 -52.650588989 -0.101899698 -0.027243359 0.994421542 589.812805176
0.994839549 -0.003086788 0.101413809 64.337402344 0.000333223 0.999630988 0.027157515 -52.823223114 -0.101460211 -0.026983574 0.994473696 592.161682129
0.994847059 -0.005316453 0.101247475 64.664222717 0.002504927 0.999608278 0.027875761 -53.004585266 -0.101356022 -0.027478503 0.994470596 594.493225098
0.994905353 -0.006130305 0.100627989 65.006858826 0.003323773 0.999601424 0.028034190 -53.182495117 -0.100759752 -0.027556892 0.994529009 596.850097656
