1.000000000 0.000000000 0.000000000 0.000000000 0.000000000 1.000000000 0.000000000 0.000000000 0.000000000 0.000000000 1.000000000 0.000000000
0.999999881 0.000118747 0.000454780 0.086249337 -0.000118712 1.000000000 -0.000077461 -0.227446347 -0.000454789 0.000077407 0.999999881 2.286732435
0.999999285 0.000499397 0.001214725 0.164441690 -0.000500024 0.999999762 0.000516160 -0.465318382 -0.001214467 -0.000516767 0.999999106 4.579154491
0.999998450 0.000065207 0.001765074 0.261945039 -0.000066179 0.999999762 0.000550290 -0.694903791 -0.001765038 -0.000550405 0.999998212 6.865168095
0.999996483 -0.000226793 0.002617192 0.356164873 0.000230146 0.999999166 -0.001280698 -0.925838888 -0.002616899 0.001281296 0.999995768 9.157173157
0.999987066 0.001595319 0.004818370 0.446456164 -0.001596327 0.999998748 0.000205476 -1.162958741 -0.004818036 -0.000213165 0.999988377 11.463934898
0.999972880 0.003122600 0.006660402 0.558894038 -0.003130728 0.999994338 0.001210307 -1.395926952 -0.006656586 -0.001231127 0.999977112 13.740241051
0.999954402 0.002977067 0.009065135 0.664339006 -0.003012136 0.999987960 0.003857326 -1.625431895 -0.009053543 -0.003884456 0.999951541 16.012126923
0.999948800 0.003313223 0.009558813 0.768340230 -0.003363246 0.999980628 0.005221840 -1.854926229 -0.009541325 -0.005253722 0.999940693 18.307455063
0.999926567 0.002558872 0.011839778 0.866998434 -0.002623892 0.999981523 0.005479364 -2.080021858 -0.011825539 -0.005510028 0.999914885 20.602050781
0.999932110 -0.000086857 0.011649691 0.993772745 0.000053582 0.999995947 0.002856561 -2.302971601 -0.011649891 -0.002855743 0.999928057 22.901420593
0.999915421 -0.002241451 0.012812650 1.096534252 0.002230776 0.999997139 0.000847334 -2.522322655 -0.012814512 -0.000818680 0.999917507 25.179582596
0.999917626 -0.003592467 0.012317312 1.234671950 0.003586928 0.999993443 0.000471755 -2.775335073 -0.012318928 -0.000427535 0.999923944 27.478702545
0.999898255 -0.003207264 0.013899252 1.333032131 0.003212880 0.999994814 -0.000381707 -3.001601696 -0.013897954 0.000426325 0.999903262 29.763795853
0.999893725 -0.001123175 0.014534017 1.455500245 0.001093083 0.999997258 0.002078268 -3.228966713 -0.014536311 -0.002062161 0.999892175 32.015541077
0.999900103 0.000842703 0.014106974 1.590614557 -0.000903074 0.999990463 0.004273699 -3.448661327 -0.014103238 -0.004286012 0.999891341 34.295394897
0.999868512 0.002865329 0.015960876 1.704096794 -0.002990532 0.999964833 0.007826053 -3.674055338 -0.015937891 -0.007872756 0.999841988 36.612804413
0.999848485 0.004740714 0.016749481 1.820955276 -0.004863410 0.999961555 0.007292297 -3.891975164 -0.016714267 -0.007372652 0.999833107 38.884273529
0.999818981 0.003509142 0.018697193 1.923093081 -0.003626372 0.999973953 0.006239726 -4.103086948 -0.018674808 -0.006306400 0.999805748 41.185230255
0.999819815 0.001087082 0.018954517 2.049339771 -0.001183361 0.999986529 0.005068977 -4.326904774 -0.018948749 -0.005090494 0.999807537 43.459453583
0.999827564 0.000369748 0.018565467 2.183691978 -0.000443915 0.999991953 0.003990901 -4.550019741 -0.018563844 -0.003998454 0.999819696 45.699436188
0.999827385 -0.000248047 0.018584775 2.310024261 0.000192354 0.999995470 0.002998433 -4.778427601 -0.018585436 -0.002994340 0.999822795 47.964920044
0.999834478 -0.001850547 0.018095741 2.451471090 0.001790974 0.999992907 0.003307732 -5.005336761 -0.018101735 -0.003274776 0.999830723 50.243076324
0.999814630 -0.002233047 0.019123713 2.578842163 0.002170536 0.999992192 0.003288918 -5.223885059 -0.019130912 -0.003246799 0.999811828 52.504428864
0.999806583 -0.003400878 0.019369528 2.714305639 0.003337767 0.999989033 0.003289674 -5.453696251 -0.019380506 -0.003224387 0.999807000 54.789669037
0.999782741 -0.003835709 0.020485453 2.843648434 0.003763694 0.999986589 0.003552730 -5.683551311 -0.020498805 -0.003474858 0.999783814 57.083412170
0.999765515 -0.005167997 0.021029165 2.982979059 0.005083252 0.999978781 0.004081288 -5.909063339 -0.021049811 -0.003973435 0.999770522 59.353736877
0.999723017 -0.006513063 0.022614764 3.106267929 0.006437945 0.999973536 0.003392895 -6.132562160 -0.022636270 -0.003246362 0.999738455 61.625549316
0.999706030 -0.007476470 0.023063341 3.255760670 0.007404093 0.999967337 0.003221812 -6.358123302 -0.023086676 -0.003050102 0.999728799 63.878002167
0.999675155 -0.006919349 0.024528667 3.391667843 0.006826575 0.999969244 0.003863972 -6.581811905 -0.024554646 -0.003695271 0.999691784 66.144668579
0.999654770 -0.005992584 0.025586171 3.536631584 0.005886711 0.999973834 0.004211278 -6.810083389 -0.025610739 -0.004059205 0.999663711 68.398292542
0.999613881 -0.006230607 0.027078452 3.671899319 0.006126007 0.999973416 0.003944108 -7.036283970 -0.027102306 -0.003776701 0.999625444 70.650718689
0.999602437 -0.007152889 0.027273171 3.834166527 0.007084117 0.999971509 0.002617438 -7.261005878 -0.027291110 -0.002423191 0.999624729 72.903251648
0.999584138 -0.008206716 0.027643837 3.991047859 0.008128437 0.999962628 0.002942813 -7.488467693 -0.027666954 -0.002716887 0.999613523 75.184700012
0.999545455 -0.009322624 0.028670443 4.154218674 0.009259940 0.999954402 0.002318359 -7.720010757 -0.028690752 -0.002051819 0.999586284 77.450660706
0.999526501 -0.010183939 0.029036527 4.299743176 0.010119545 0.999945998 0.002363742 -7.950128078 -0.029059034 -0.002068786 0.999575496 79.679496765
0.999499142 -0.010741044 0.029766111 4.448261738 0.010691206 0.999941170 0.001832917 -8.167503357 -0.029784046 -0.001513764 0.999555230 81.935325623
0.999482751 -0.009532838 0.030713666 4.612279892 0.009467783 0.999952614 0.002262770 -8.406927109 -0.030733783 -0.001970809 0.999525785 84.197921753
0.999437034 -0.009212179 0.032259509 4.768372536 0.009119280 0.999953926 0.003025667 -8.629281998 -0.032285891 -0.002729780 0.999474943 86.450988770
0.999446154 -0.008787923 0.032096490 4.935690880 0.008663842 0.999954462 0.004002873 -8.862334251 -0.032130197 -0.003722577 0.999476731 88.722732544
0.999424040 -0.007774603 0.033032261 5.092021942 0.007630587 0.999960780 0.004483733 -9.087789536 -0.033065833 -0.004229094 0.999444187 90.976318359
0.999400258 -0.007721649 0.033757359 5.257329464 0.007577587 0.999961555 0.004393416 -9.310319901 -0.033789985 -0.004134980 0.999420404 93.228324890
0.999383330 -0.007907232 0.034210924 5.424322605 0.007777172 0.999962151 0.003933168 -9.530278206 -0.034240726 -0.003664680 0.999406815 95.481697083
0.999350786 -0.008344978 0.035047915 5.586612701 0.008202464 0.999957502 0.004208073 -9.753079414 -0.035081543 -0.003917862 0.999376774 97.737457275
0.999309480 -0.008172194 0.036244720 5.744911671 0.008037655 0.999960244 0.003856076 -9.985342026 -0.036274798 -0.003562091 0.999335527 99.973564148
0.999248683 -0.008344103 0.037846375 5.906044483 0.008156290 0.999953687 0.005114156 -10.205390930 -0.037887294 -0.004801628 0.999270439 102.206237793
0.999217927 -0.008603407 0.038595099 6.091881752 0.008412334 0.999951541 0.005110432 -10.425984383 -0.038637195 -0.004781761 0.999241948 104.458961487
0.999194026 -0.008940733 0.039135698 6.260355473 0.008719855 0.999945045 0.005811008 -10.654132843 -0.039185509 -0.005465065 0.999217033 106.719459534
0.999153793 -0.010256986 0.039831448 6.444183826 0.010030136 0.999932349 0.005890863 -10.869450569 -0.039889175 -0.005486362 0.999189019 108.969833374
0.999110758 -0.011139330 0.040664196 6.627521038 0.010867728 0.999917150 0.006894168 -11.098233223 -0.040737625 -0.006446111 0.999149084 111.224166870
0.999095142 -0.011600584 0.040918872 6.816038132 0.011382326 0.999919772 0.005562869 -11.319909096 -0.040980119 -0.005092083 0.999146998 113.479461670
0.999048769 -0.011933533 0.041941050 6.997739792 0.011738166 0.999919057 0.004901268 -11.540506363 -0.041996144 -0.004404295 0.999108076 115.722274780
0.999008894 -0.012405596 0.042747520 7.180539131 0.012187276 0.999911368 0.005364022 -11.767203331 -0.042810272 -0.004837730 0.999071479 117.957069397
0.998965204 -0.012635309 0.043689556 7.370814323 0.012383620 0.999905169 0.006026755 -11.985522270 -0.043761566 -0.005479483 0.999026954 120.205398560
0.998925209 -0.013047033 0.044476870 7.564424038 0.012770416 0.999897361 0.006497779 -12.207674980 -0.044557083 -0.005922807 0.998989284 122.434837341
0.998885155 -0.014068476 0.045061395 7.759230614 0.013798172 0.999884844 0.006304093 -12.428716660 -0.045144893 -0.005675300 0.998964310 124.671806335
0.998857141 -0.014128175 0.045659687 7.944603920 0.013881851 0.999887288 0.005707350 -12.655328751 -0.045735184 -0.005066986 0.998940766 126.929924011
0.998842597 -0.015857067 0.045408327 8.138517380 0.015599440 0.999860168 0.006022349 -12.871768951 -0.045497481 -0.005307034 0.998950362 129.194824219
0.998862147 -0.017092960 0.044522244 8.328847885 0.016827827 0.999838412 0.006322966 -13.087521553 -0.044623125 -0.005566559 0.998988330 131.449645996
0.998920858 -0.017438414 0.043047447 8.528400421 0.017124014 0.999823928 0.007661572 -13.306525230 -0.043173473 -0.006916158 0.999043643 133.684295654
0.998953223 -0.018464942 0.041850876 8.720348358 0.018168624 0.999807179 0.007449751 -13.533506393 -0.041980367 -0.006681581 0.999096096 135.942413330
0.999031603 -0.019034874 0.039667297 8.930456161 0.018770559 0.999799192 0.007025061 -13.745770454 -0.039793044 -0.006273681 0.999188364 138.164657593
0.999020815 -0.019996211 0.039464027 9.103721619 0.019709490 0.999776542 0.007641194 -13.975522041 -0.039608009 -0.006855895 0.999191761 140.425186157
0.999007523 -0.020215612 0.039689809 9.269289017 0.019924957 0.999771774 0.007705164 -14.179830551 -0.039836522 -0.006906699 0.999182284 142.655761719
0.999042392 -0.020104118 0.038860496 9.458096504 0.019762669 0.999762833 0.009150799 -14.403172493 -0.039035257 -0.008374049 0.999202728 144.871444702
0.999056339 -0.019208414 0.038954433 9.633379936 0.018907202 0.999788523 0.008086106 -14.616149902 -0.039101508 -0.007341956 0.999208272 147.122863770
0.999080718 -0.017815972 0.038991008 9.810474396 0.017570833 0.999823689 0.006620776 -14.829965591 -0.039102092 -0.005929586 0.999217629 149.363265991
0.999089122 -0.016193120 0.039480854 9.987010956 0.015976392 0.999855578 0.005798893 -15.049305916 -0.039569050 -0.005162849 0.999203622 151.610687256
0.999098063 -0.015561327 0.039507542 10.172588348 0.015346658 0.999865830 0.005731148 -15.261732101 -0.039591420 -0.005119670 0.999202847 153.845260620
0.999089360 -0.014912620 0.039976347 10.351664543 0.014668212 0.999871850 0.006400142 -15.480226517 -0.040066663 -0.005807933 0.999180138 156.095169067
0.999094963 -0.014076318 0.040140986 10.545335770 0.013793309 0.999877989 0.007318638 -15.694773674 -0.040239111 -0.006758336 0.999167264 158.314376831
0.999044478 -0.013603681 0.041533854 10.718828201 0.013255557 0.999874711 0.008645589 -15.917301178 -0.041646272 -0.008086772 0.999099672 160.577941895
0.999013186 -0.012679256 0.042567294 10.900959015 0.012239153 0.999869168 0.010583762 -16.132465363 -0.042695913 -0.010052331 0.999037504 162.814270020
0.998996198 -0.012053207 0.043142591 11.094936371 0.011649714 0.999886096 0.009591811 -16.336164474 -0.043253288 -0.009079585 0.999022901 165.065811157
0.998954952 -0.011383057 0.044264164 11.286609650 0.011027279 0.999904990 0.008273505 -16.544727325 -0.044354133 -0.007776747 0.998985589 167.305877686
0.998867333 -0.009524635 0.046618875 11.468376160 0.009124632 0.999919832 0.008785600 -16.759805679 -0.046698816 -0.008350269 0.998874128 169.542205811
0.998766899 -0.008852948 0.048849825 11.670392990 0.008414256 0.999922454 0.009178761 -16.979768753 -0.048927303 -0.008756407 0.998763978 171.781112671
0.998640656 -0.009314721 0.051284775 11.869412422 0.008884202 0.999923408 0.008616257 -17.185029984 -0.051361103 -0.008148919 0.998646915 174.037734985
0.998554945 -0.009096147 0.052964929 12.077390671 0.008597800 0.999916673 0.009629255 -17.405399323 -0.053048108 -0.009159957 0.998549879 176.287078857
0.998499334 -0.009454829 0.053941347 12.282381058 0.008894119 0.999904037 0.010625384 -17.614166260 -0.054036625 -0.010129677 0.998487532 178.508743286
0.998499274 -0.011929165 0.053448252 12.491465569 0.011406825 0.999884188 0.010067205 -17.824508667 -0.053562164 -0.009442422 0.998519897 180.738342285
0.998452246 -0.012848115 0.054110173 12.690760612 0.012342471 0.999877095 0.009668573 -18.030830383 -0.054227751 -0.008985754 0.998488188 182.986206055
0.998512983 -0.013487868 0.052819222 12.906767845 0.012969468 0.999864340 0.010145139 -18.259653091 -0.052948896 -0.009445017 0.998552561 185.198684692
0.998514354 -0.015279037 0.052302387 13.114388466 0.014719771 0.999830484 0.011061488 -18.471807480 -0.052462533 -0.010275174 0.998570025 187.439071655
0.998537660 -0.016142584 0.051593829 13.326060295 0.015620369 0.999822795 0.010508982 -18.675109863 -0.051754326 -0.009687702 0.998612881 189.683761597
0.998498380 -0.017442204 0.051929712 13.518712997 0.016910519 0.999800086 0.010660443 -18.893087387 -0.052105278 -0.009766277 0.998593867 191.890686035
0.998464704 -0.018531373 0.052199002 13.710140228 0.018020211 0.999785066 0.010246264 -19.095628738 -0.052377667 -0.009289896 0.998584151 194.127807617
0.998486757 -0.018306009 0.051855095 13.936037064 0.017762663 0.999782741 0.010919727 -19.321878433 -0.052043717 -0.009982121 0.998594880 196.398361206
0.998504341 -0.015997436 0.052279677 14.140416145 0.015462763 0.999824107 0.010615648 -19.523534775 -0.052440304 -0.009791384 0.998576045 198.636322021
0.998508632 -0.014061146 0.052752662 14.340709686 0.013517831 0.999851942 0.010641997 -19.736621857 -0.052894492 -0.009913024 0.998550832 200.867172241
0.998482168 -0.013669821 0.053352326 14.551438332 0.013166921 0.999865592 0.009766127 -19.941761017 -0.053478666 -0.009048820 0.998528004 203.121109009
0.998438835 -0.013856800 0.054110188 14.751504898 0.013303974 0.999855697 0.010563529 -20.146684647 -0.054248761 -0.009827157 0.998479128 205.346984863
0.998422623 -0.015437619 0.053980619 14.985790253 0.014889492 0.999833584 0.010541596 -20.363386154 -0.054134373 -0.009721225 0.998486340 207.604187012
0.998364329 -0.015063857 0.055149585 15.194389343 0.014512766 0.999840796 0.010379569 -20.557712555 -0.055297159 -0.009562219 0.998424113 209.850296021
0.998290777 -0.014936021 0.056501888 15.418399811 0.014285331 0.999827027 0.011902677 -20.781814575 -0.056669891 -0.011075184 0.998331547 212.096008301
0.998232901 -0.013603211 0.057845097 15.657466888 0.012945527 0.999847293 0.011729346 -20.982776642 -0.057995830 -0.010959783 0.998256624 214.331192017
0.998027802 -0.011700455 0.061672963 15.839689255 0.010985513 0.999868572 0.011918825 -21.177978516 -0.061804309 -0.011217807 0.998025239 216.557403564
0.997896075 -0.011591914 0.063789442 16.068635941 0.010831806 0.999866307 0.012248860 -21.380844116 -0.063922897 -0.011532133 0.997888207 218.795578003
0.997753859 -0.012873597 0.065739609 16.302366257 0.012060085 0.999845862 0.012756731 -21.581521988 -0.065893717 -0.011935251 0.997755289 221.029174805
0.997651637 -0.014477635 0.066945128 16.539319992 0.013591431 0.999814153 0.013674350 -21.782447815 -0.067130633 -0.012732357 0.997663081 223.258499146
0.997596085 -0.016477764 0.067311369 16.795206070 0.015643008 0.999794304 0.012909760 -21.988201141 -0.067510247 -0.011825772 0.997648478 225.487533569
0.997566044 -0.017856298 0.067402162 17.038948059 0.017053973 0.999776900 0.012460183 -22.184589386 -0.067609631 -0.011280384 0.997648060 227.733337402
0.997507334 -0.018161865 0.068185389 17.274475098 0.017349336 0.999771416 0.012489852 -22.379623413 -0.068396650 -0.011275748 0.997594416 229.966186523
0.997440875 -0.019364750 0.068823181 17.514627457 0.018598065 0.999757886 0.011763331 -22.584783554 -0.069034301 -0.010453248 0.997559488 232.205902100
0.997424185 -0.019492637 0.069028571 17.781421661 0.018639684 0.999741971 0.012979205 -22.795227051 -0.069263771 -0.011659103 0.997530222 234.484527588
0.997400939 -0.019261844 0.069428585 18.028553009 0.018404290 0.999746501 0.012970293 -22.994607925 -0.069660828 -0.011658800 0.997502565 236.725967407
0.997353196 -0.018705856 0.070260361 18.265491486 0.017843701 0.999757826 0.012878533 -23.192298889 -0.070484258 -0.011590740 0.997445524 238.928787231
0.997324407 -0.018643405 0.070684500 18.514139175 0.017766349 0.999757409 0.013016505 -23.391775131 -0.070910022 -0.011725872 0.997413933 241.157180786
0.997280002 -0.018949959 0.071228281 18.763685226 0.018059142 0.999750733 0.013129813 -23.590456009 -0.071459323 -0.011807778 0.997373641 243.396789551
0.997251868 -0.019128989 0.071574010 19.012966156 0.018280171 0.999754786 0.012495697 -23.796272278 -0.071795508 -0.011152973 0.997357011 245.618133545
0.997252762 -0.018413313 0.071748152 19.267875671 0.017625850 0.999777436 0.011593157 -23.997228622 -0.071945645 -0.010296690 0.997355402 247.847412109
0.997222662 -0.018580459 0.072123021 19.521982193 0.017757192 0.999769866 0.012039316 -24.201347351 -0.072330110 -0.010725175 0.997323036 250.087722778
0.997196078 -0.019865254 0.072147608 19.781721115 0.019043999 0.999745965 0.012053185 -24.407341003 -0.072368748 -0.010645410 0.997321129 252.315490723
0.997186244 -0.019956924 0.072259091 20.045200348 0.019082934 0.999736428 0.012765503 -24.614748001 -0.072494790 -0.011350669 0.997304201 254.575302124
0.997150600 -0.020714736 0.072536647 20.288345337 0.019815689 0.999717891 0.013092272 -24.819444656 -0.072787389 -0.011617604 0.997279763 256.794708252
0.997130334 -0.020924000 0.072753772 20.556545258 0.019980876 0.999707043 0.013666991 -25.035327911 -0.073018409 -0.012174089 0.997256279 259.066864014
0.997088253 -0.020590995 0.073423900 20.811157227 0.019688018 0.999721646 0.013000848 -25.233348846 -0.073671177 -0.011517423 0.997216105 261.311126709
0.997066796 -0.020437565 0.073757477 21.075363159 0.019565925 0.999730170 0.012520994 -25.433753967 -0.073993482 -0.011041135 0.997197568 263.568634033
0.997039080 -0.019591957 0.074358888 21.337114334 0.018747322 0.999751747 0.012040018 -25.639854431 -0.074576326 -0.010610337 0.997158825 265.809326172
0.996958017 -0.018883919 0.075618938 21.595678329 0.018024020 0.999765098 0.012037962 -25.839456558 -0.075828500 -0.010638384 0.997064114 268.058685303
0.996813357 -0.018515600 0.077590905 21.839851379 0.017648460 0.999773979 0.011846717 -26.057662964 -0.077792712 -0.010439605 0.996915042 270.309173584
0.996738076 -0.019250322 0.078375109 22.121009827 0.018353458 0.999757707 0.012147563 -26.264179230 -0.078589968 -0.010669485 0.996850014 272.555084229
0.996524692 -0.019560570 0.080968879 22.367101669 0.018577449 0.999744415 0.012877582 -26.462545395 -0.081200071 -0.011328631 0.996633410 274.803436279
0.996403754 -0.019403121 0.082481071 22.644102097 0.018336639 0.999738455 0.013667971 -26.652915955 -0.082724698 -0.012106390 0.996498823 277.043304443
0.996336043 -0.018736437 0.083448954 22.931442261 0.017480770 0.999723077 0.015752569 -26.874155045 -0.083720997 -0.014236097 0.996387661 279.291534424
0.996204197 -0.018633243 0.085030556 23.211595535 0.017243175 0.999705851 0.017053192 -27.077938080 -0.085323289 -0.015522262 0.996232390 281.526885986
0.996177614 -0.017581716 0.085563056 23.494945526 0.016185479 0.999724686 0.016984733 -27.266090393 -0.085838124 -0.015534931 0.996187985 283.758331299
0.996084630 -0.016536655 0.086844631 23.768896103 0.015169104 0.999750674 0.016383534 -27.456007004 -0.087093920 -0.015002032 0.996087134 285.986755371
0.996058404 -0.016155848 0.087215789 24.057979584 0.014887660 0.999774039 0.015171792 -27.646076202 -0.087441184 -0.013813557 0.996073902 288.237609863
0.996010721 -0.016951550 0.087607920 24.338148117 0.015657557 0.999758244 0.015436476 -27.847084045 -0.087848417 -0.014003173 0.996035397 290.463592529
0.995995700 -0.016794112 0.087808870 24.611522675 0.015576720 0.999773085 0.014531018 -28.042488098 -0.088032961 -0.013105056 0.996031463 292.724395752
0.996034086 -0.017224394 0.087289043 24.902936935 0.016084995 0.999776363 0.013739745 -28.238403320 -0.087506153 -0.012281213 0.996088266 294.954528809
0.996022344 -0.017094076 0.087449066 25.185146332 0.015964430 0.999780059 0.013600920 -28.437227249 -0.087662317 -0.012150745 0.996076107 297.192687988
0.996035099 -0.016362000 0.087443158 25.471187592 0.015210335 0.999788821 0.013820563 -28.634632111 -0.087650813 -0.012435725 0.996073663 299.431549072
0.995954871 -0.016269777 0.088369526 25.735912323 0.015007772 0.999775946 0.014926679 -28.841150284 -0.088592567 -0.013540067 0.995975912 301.672180176
0.995975018 -0.016842423 0.088034488 26.028133392 0.015573640 0.999765038 0.015079380 -29.039325714 -0.088267781 -0.013647670 0.996003211 303.920410156
0.995918989 -0.016170559 0.088791467 26.312110901 0.014889265 0.999775648 0.015073761 -29.234237671 -0.089015268 -0.013690207 0.995936155 306.163055420
0.995907485 -0.017112892 0.088743821 26.599868774 0.015823288 0.999758959 0.015215067 -29.439716339 -0.088982806 -0.013748580 0.995938241 308.413146973
0.995864928 -0.018233711 0.088996783 26.889974594 0.016920054 0.999736726 0.015492936 -29.633798599 -0.089255847 -0.013923039 0.995911419 310.673889160
0.995841563 -0.017792838 0.089347094 27.179805756 0.016531046 0.999753177 0.014842601 -29.832096100 -0.089589141 -0.013303877 0.995889962 312.910766602
0.995858133 -0.017336532 0.089252755 27.476493835 0.016001293 0.999749422 0.015654095 -30.035024643 -0.089501791 -0.014161099 0.995885968 315.156555176
0.995803773 -0.015383533 0.090212137 27.765293121 0.014105795 0.999791145 0.014784249 -30.233940125 -0.090420730 -0.013449696 0.995812833 317.400451660
0.995772362 -0.013592459 0.090844259 28.049144745 0.012254104 0.999808252 0.015274004 -30.431303024 -0.091034435 -0.014096214 0.995747983 319.640563965
0.995714366 -0.012316360 0.091657929 28.337455750 0.011024334 0.999832749 0.014589171 -30.628749847 -0.091822289 -0.013516181 0.995683670 321.868835449
0.995658517 -0.011675874 0.092345491 28.624467850 0.010316012 0.999831438 0.015189474 -30.824398041 -0.092507273 -0.014170892 0.995611131 324.110473633
0.995664954 -0.011397356 0.092311233 28.924823761 0.009906129 0.999813199 0.016596464 -31.032905579 -0.092483148 -0.015610072 0.995591879 326.344482422
0.995595932 -0.011560560 0.093032859 29.210506439 0.010095633 0.999817908 0.016201627 -31.229995728 -0.093203217 -0.015191052 0.995531142 328.581787109
0.995597363 -0.012977266 0.092830256 29.514699936 0.011600420 0.999814808 0.015356137 -31.423679352 -0.093012325 -0.014211660 0.995563507 330.816345215
0.995576322 -0.012626040 0.093104087 29.805902481 0.011228582 0.999816537 0.015518254 -31.626865387 -0.093282938 -0.014404178 0.995535433 333.039031982
0.995548308 -0.012782604 0.093381427 30.098936081 0.011299749 0.999801815 0.016391110 -31.818307877 -0.093572430 -0.015262956 0.995495498 335.279846191
0.995592356 -0.013296370 0.092839137 30.408172607 0.011827985 0.999796391 0.016348846 -32.010997772 -0.093037605 -0.015178683 0.995546877 337.509124756
0.995559514 -0.012856089 0.093252078 30.692047119 0.011343003 0.999795556 0.016737711 -32.211975098 -0.093448162 -0.015605629 0.995501816 339.738128662
0.995621502 -0.012950148 0.092574693 30.999101639 0.011467765 0.999797642 0.016526930 -32.410556793 -0.092769988 -0.015392941 0.995568573 341.983459473
0.995616257 -0.013225062 0.092592545 31.291879654 0.011706915 0.999788284 0.016919997 -32.601955414 -0.092796721 -0.015761849 0.995560229 344.236328125
0.995661616 -0.012762740 0.092168950 31.591251373 0.011243422 0.999792516 0.016984560 -32.794456482 -0.092366599 -0.015874580 0.995598495 346.478729248
0.995690703 -0.012408942 0.091902174 31.881813049 0.010903243 0.999798298 0.016867725 -32.985637665 -0.092092961 -0.015793011 0.995625138 348.708679199
0.995677054 -0.012042393 0.092098504 32.170085907 0.010484162 0.999793887 0.017384335 -33.183052063 -0.092288874 -0.016343612 0.995598137 350.945373535
0.995717287 -0.012333795 0.091624126 32.461627960 0.010751856 0.999784946 0.017739099 -33.375030518 -0.091823205 -0.016677996 0.995635629 353.171600342
0.995740533 -0.011808204 0.091440193 32.752605438 0.010277523 0.999799371 0.017192582 -33.569484711 -0.091624878 -0.016179577 0.995662153 355.410980225
0.995755017 -0.011727439 0.091292761 33.045696259 0.010144969 0.999790490 0.017778812 -33.763965607 -0.091482148 -0.016777175 0.995665371 357.648925781
0.995814204 -0.011308224 0.090698496 33.341865540 0.009639140 0.999776423 0.018819526 -33.961280823 -0.090891048 -0.017866494 0.995700538 359.887939453
0.995852113 -0.011520773 0.090253651 33.639541626 0.009857161 0.999773741 0.018856717 -34.155460358 -0.090450466 -0.017888859 0.995740235 362.132354736
0.995904148 -0.011425774 0.089690194 33.937698364 0.009736901 0.999767363 0.019245083 -34.345554352 -0.089889221 -0.018292954 0.995783746 364.374664307
0.995940030 -0.011420880 0.089291081 34.228809357 0.009789001 0.999777377 0.018692570 -34.538280487 -0.089484699 -0.017742610 0.995830178 366.629272461
0.995980620 -0.012043771 0.088755883 34.521408081 0.010432691 0.999772668 0.018593421 -34.732772827 -0.088959642 -0.017592721 0.995879829 368.878936768
0.995955110 -0.011694608 0.089089096 34.802227020 0.010166392 0.999793649 0.017588293 -34.916618347 -0.089276396 -0.016611435 0.995868325 371.144866943
0.996029735 -0.012302579 0.088167220 35.094257355 0.010778953 0.999784529 0.017736413 -35.114906311 -0.088366419 -0.016715640 0.995947719 373.378112793
0.996053457 -0.012017636 0.087937683 35.384170532 0.010410677 0.999770701 0.018709712 -35.304504395 -0.088142373 -0.017720381 0.995950282 375.630493164
0.996022761 -0.012413294 0.088230446 35.662372589 0.010780281 0.999762058 0.018961012 -35.492324829 -0.088444822 -0.017934443 0.995919704 377.882507324
0.996017814 -0.012935182 0.088211276 35.949211121 0.011275931 0.999750495 0.019282419 -35.685997009 -0.088438697 -0.018210968 0.995915055 380.123168945
0.996018291 -0.013208884 0.088165149 36.240623474 0.011560252 0.999749064 0.019183850 -35.869537354 -0.088396445 -0.018088255 0.995921135 382.375701904
0.996025741 -0.012489556 0.088185392 36.532512665 0.010811483 0.999751747 0.019481009 -36.062889099 -0.088406794 -0.018450174 0.995913684 384.626281738
0.996033549 -0.011860630 0.088184476 36.825119019 0.010180760 0.999758482 0.019474929 -36.247138977 -0.088394165 -0.018499898 0.995913744 386.885131836
0.996059954 -0.010684675 0.088036649 37.122821808 0.008988151 0.999766588 0.019644601 -36.446411133 -0.088225998 -0.018775916 0.995923519 389.152618408
0.996050954 -0.008996659 0.088325709 37.411460876 0.007288466 0.999780476 0.019643193 -36.639133453 -0.088483036 -0.018921863 0.995897949 391.434356689
0.996074677 -0.007858983 0.088166527 37.701396942 0.006032907 0.999762237 0.020959044 -36.827644348 -0.088310286 -0.020344874 0.995885253 393.690429688
0.996015429 -0.006617816 0.088934258 37.985706329 0.004715232 0.999755859 0.021586239 -37.019145966 -0.089055389 -0.021080883 0.995803535 395.958435059
0.995975912 -0.006440603 0.089389943 38.275196075 0.004679999 0.999791205 0.019891407 -37.210983276 -0.089499384 -0.019393018 0.995797992 398.217315674
0.995922446 -0.006111421 0.090006970 38.564609528 0.004383840 0.999802649 0.019379063 -37.400253296 -0.090107635 -0.018905463 0.995752573 400.485931396
0.995835662 -0.007700259 0.090840481 38.842525482 0.005876860 0.999776185 0.020322971 -37.584598541 -0.090976663 -0.019704483 0.995658040 402.748962402
0.995796323 -0.009200358 0.091131143 39.138828278 0.007278354 0.999744475 0.021400450 -37.774887085 -0.091304772 -0.020647209 0.995608926 405.001403809
0.995766699 -0.010117587 0.091357887 39.438919067 0.008192332 0.999736905 0.021424264 -37.960617065 -0.091550604 -0.020585133 0.995587587 407.264007568
0.995748878 -0.009929212 0.091572165 39.742851257 0.008137968 0.999768615 0.019913683 -38.142616272 -0.091748700 -0.019083818 0.995599270 409.527893066
0.995729923 -0.008425426 0.091928937 40.066448212 0.006565905 0.999768019 0.020511532 -38.340602875 -0.092080437 -0.019820353 0.995554209 411.808441162
0.995641768 -0.007239369 0.092978172 40.351150513 0.005365952 0.999777973 0.020383216 -38.529357910 -0.093105085 -0.019795464 0.995459497 414.046691895
0.995548189 -0.006010877 0.094061501 40.649860382 0.004106720 0.999782979 0.020424241 -38.715656281 -0.094163857 -0.019947035 0.995356798 416.316406250
0.995503306 -0.006104751 0.094529785 40.956439972 0.004218297 0.999788225 0.020143174 -38.904792786 -0.094632745 -0.019653844 0.995318234 418.569152832
0.995392919 -0.006023208 0.095690168 41.250766754 0.004111534 0.999788284 0.020162359 -39.090896606 -0.095791347 -0.019676041 0.995206952 420.822448730
0.995293260 -0.006270155 0.096706919 41.544532776 0.004351909 0.999789834 0.020033849 -39.284263611 -0.096812241 -0.019518694 0.995111287 423.082611084
0.995229721 -0.006593969 0.097335972 41.851638794 0.004554031 0.999765754 0.021165000 -39.472183228 -0.097452722 -0.020620769 0.995026529 425.346984863
0.995193660 -0.005828189 0.097752914 42.154907227 0.003707486 0.999754131 0.021862149 -39.658615112 -0.097856298 -0.021394653 0.994970679 427.594238281
0.995114326 -0.004994302 0.098602511 42.466114044 0.002779867 0.999741077 0.022582823 -39.843006134 -0.098689772 -0.022198392 0.994870603 429.868804932
0.995095015 -0.005396994 0.098776281 42.768459320 0.003165595 0.999736488 0.022733252 -40.036094666 -0.098872967 -0.022309056 0.994849980 432.118225098
0.995058417 -0.006134342 0.099101596 43.081550598 0.003930264 0.999740839 0.022420539 -40.231128693 -0.099213444 -0.021920245 0.994824648 434.381286621
0.995047092 -0.005153674 0.099270783 43.397048950 0.002948475 0.999745905 0.022347894 -40.399890900 -0.099360734 -0.021944514 0.994809449 436.648101807
0.994973779 -0.005626932 0.099977285 43.705631256 0.003370174 0.999736011 0.022727294 -40.586353302 -0.100078769 -0.022276120 0.994730115 438.929321289
0.995020151 -0.005790201 0.099505797 44.029186249 0.003525455 0.999731123 0.022920724 -40.768959045 -0.099611744 -0.022455782 0.994772971 441.203765869
0.994969666 -0.005080343 0.100047439 44.342239380 0.002686326 0.999707103 0.024049014 -40.966163635 -0.100140311 -0.023659281 0.994691968 443.471527100
0.994948089 -0.005681750 0.100229509 44.662876129 0.003278140 0.999703467 0.024129491 -41.145862579 -0.100336879 -0.023679022 0.994671702 445.749389648
0.994929373 -0.005350051 0.100434691 44.976062775 0.002991720 0.999716580 0.023617193 -41.329116821 -0.100532591 -0.023196967 0.994663298 448.015441895
0.994947135 -0.004830146 0.100283839 45.295562744 0.002495490 0.999723256 0.023392873 -41.515464783 -0.100369096 -0.023024416 0.994683743 450.279632568
0.994883239 -0.004228821 0.100942999 45.607341766 0.001904287 0.999731004 0.023113446 -41.704139709 -0.101013578 -0.022802958 0.994623661 452.542236328
0.994786203 -0.003432841 0.101924770 45.916782379 0.001082970 0.999732554 0.023101347 -41.878211975 -0.101976812 -0.022870515 0.994523823 454.820220947
0.994751632 -0.003670959 0.102254085 46.226989746 0.001337460 0.999737322 0.022879807 -42.068180084 -0.102311231 -0.022622963 0.994495153 457.081726074
0.994774520 -0.003014504 0.102051556 46.555973053 0.000737219 0.999749959 0.022345407 -42.256607056 -0.102093406 -0.022153405 0.994528115 459.364990234
0.994779050 -0.001703951 0.102037348 46.878585815 -0.000608967 0.999743700 0.022631932 -42.438556671 -0.102049746 -0.022575906 0.994523108 461.649169922
0.994813561 -0.001617759 0.101703487 47.201770782 -0.000815183 0.999714613 0.023875806 -42.622573853 -0.101713099 -0.023834880 0.994528174 463.924652100
0.994838595 -0.001679681 0.101455428 47.511157990 -0.000780573 0.999706686 0.024205033 -42.801284790 -0.101466343 -0.024159297 0.994545519 466.189392090
0.994970918 -0.001921748 0.100146763 47.839179993 -0.000402074 0.999731183 0.023178821 -42.984580994 -0.100164391 -0.023102520 0.994702637 468.470733643
0.995055556 -0.002096562 0.099297352 48.166225433 -0.000190375 0.999735057 0.023016134 -43.173660278 -0.099319302 -0.022921234 0.994791508 470.761718750
0.995133877 -0.002392883 0.098502904 48.480106354 0.000024180 0.999710977 0.024041226 -43.361621857 -0.098531932 -0.023921853 0.994846463 473.040191650
0.995096266 -0.002582607 0.098877035 48.780624390 0.000174096 0.999703288 0.024359526 -43.546092987 -0.098910607 -0.024222858 0.994801521 475.319702148
0.995195329 -0.002635628 0.097873926 49.090328217 0.000274650 0.999708831 0.024128284 -43.722415924 -0.097909026 -0.023985475 0.994906306 477.608551025
0.995217919 -0.002864928 0.097637691 49.401653290 0.000415572 0.999684870 0.025097290 -43.906803131 -0.097678818 -0.024936693 0.994905531 479.889953613
0.995242834 -0.003491488 0.097363696 49.715389252 0.001015915 0.999675155 0.025464019 -44.086383820 -0.097420998 -0.025243968 0.994923055 482.163909912
0.995298207 -0.003970707 0.096776761 50.029109955 0.001558789 0.999686599 0.024985362 -44.268123627 -0.096845642 -0.024717027 0.994992435 484.447906494
0.995378435 -0.004536883 0.095922999 50.343425751 0.002119939 0.999678075 0.025283638 -44.453750610 -0.096006833 -0.024963437 0.995067537 486.730834961
0.995422125 -0.004724407 0.095458210 50.645008087 0.002301507 0.999672771 0.025475962 -44.628818512 -0.095547318 -0.025139645 0.995107412 489.013000488
0.995437443 -0.004594515 0.095305979 50.952598572 0.002143018 0.999664545 0.025808811 -44.803920746 -0.095392600 -0.025486812 0.995113373 491.314941406
0.995519996 -0.004143854 0.094460346 51.266075134 0.001663767 0.999652147 0.026318964 -44.981754303 -0.094536573 -0.026043892 0.995180666 493.597534180
0.995499730 -0.003464546 0.094701037 51.559738159 0.001041302 0.999671042 0.025625801 -45.152183533 -0.094758689 -0.025411868 0.995175898 495.899902344
0.995526373 -0.003216295 0.094428942 51.875053406 0.000817227 0.999676108 0.025433756 -45.341156006 -0.094480157 -0.025242805 0.995206654 498.214874268
0.995554268 -0.003105400 0.094138585 52.175457001 0.000636820 0.999655426 0.026241535 -45.520866394 -0.094187640 -0.026064925 0.995213211 500.513610840
0.995568812 -0.002600082 0.094000109 52.472915649 0.000098920 0.999646068 0.026602954 -45.702430725 -0.094036028 -0.026475770 0.995216668 502.788482666
0.995591462 -0.001666597 0.093780696 52.774482727 -0.000771733 0.999662697 0.025958061 -45.883113861 -0.093792319 -0.025916001 0.995254397 505.071411133
0.995590627 -0.001515588 0.093792282 53.072200775 -0.000994281 0.999642789 0.026707340 -46.065380096 -0.093799278 -0.026682835 0.995233417 507.360534668
0.995636225 -0.001951576 0.093300469 53.382946014 -0.000470251 0.999663711 0.025928261 -46.247650146 -0.093319714 -0.025858991 0.995300353 509.652069092
0.995671690 -0.002444898 0.092907920 53.695018768 -0.000041745 0.999642074 0.026753241 -46.430519104 -0.092940062 -0.026641326 0.995315194 511.955444336
0.995678127 -0.002207883 0.092845283 53.996780396 -0.000291200 0.999638259 0.026894476 -46.604778290 -0.092871062 -0.026805282 0.995317280 514.265808105
0.995709002 -0.001525997 0.092527054 54.303482056 -0.000936030 0.999646723 0.026559485 -46.781288147 -0.092534922 -0.026532125 0.995355904 516.578979492
0.995692492 -0.000571734 0.092714891 54.594394684 -0.001889362 0.999648213 0.026454832 -46.962791443 -0.092697412 -0.026516052 0.995341182 518.870422363
0.995610595 0.001906891 0.093573101 54.889629364 -0.004405539 0.999638975 0.026503336 -47.140590668 -0.093488798 -0.026799235 0.995259583 521.203918457
0.995544016 0.003726069 0.094223782 55.196601868 -0.006256411 0.999627292 0.026573464 -47.318099976 -0.094089642 -0.027044559 0.995196342 523.537780762
0.995491683 0.004397443 0.094746679 55.504821777 -0.007050779 0.999591768 0.027687987 -47.488704681 -0.094586246 -0.028231194 0.995116293 525.859497070
0.995434463 0.003898134 0.095367238 55.803504944 -0.006561291 0.999596775 0.027627664 -47.663822174 -0.095221072 -0.028127264 0.995058656 528.162780762
0.995381176 0.002057401 0.095979117 56.104446411 -0.004862800 0.999567449 0.029004529 -47.836700439 -0.095877923 -0.029337287 0.994960785 530.479919434
0.995309353 0.000445649 0.096742518 56.415538788 -0.003236372 0.999583066 0.028691920 -48.011051178 -0.096689403 -0.028870426 0.994895816 532.791381836
0.995249271 0.000606336 0.097357944 56.722034454 -0.003340321 0.999604523 0.027921246 -48.182212830 -0.097302526 -0.028113808 0.994857609 535.107543945
0.995155692 0.000424061 0.098310374 57.029891968 -0.003173501 0.999608219 0.027812248 -48.357452393 -0.098260067 -0.027989505 0.994767070 537.417358398
0.995034158 0.001094733 0.099527761 57.331459045 -0.003819596 0.999622941 0.027191496 -48.535549164 -0.099460460 -0.027436623 0.994663179 539.729736328
0.994901121 0.001892581 0.100837134 57.636463165 -0.004620562 0.999629378 0.026826644 -48.711944580 -0.100749001 -0.027155783 0.994541168 542.047912598
0.994784832 0.002071921 0.101975828 57.950000763 -0.004753009 0.999649346 0.026055450 -48.892391205 -0.101886071 -0.026404260 0.994445562 544.363830566
0.994643033 0.002268566 0.103344202 58.257663727 -0.005029850 0.999637067 0.026466532 -49.068164825 -0.103246644 -0.026844556 0.994293511 546.696899414
0.994486332 0.001670570 0.104853153 58.558906555 -0.004643317 0.999593973 0.028113836 -49.262046814 -0.104763627 -0.028445691 0.994090259 548.978393555
0.994414270 0.001413743 0.105537504 58.881675720 -0.004429142 0.999588549 0.028342921 -49.438476562 -0.105453990 -0.028652051 0.994011343 551.285400391
0.994473577 0.000393295 0.104986534 59.221984863 -0.003274877 0.999622583 0.027276181 -49.612541199 -0.104936175 -0.027469261 0.994099438 553.598571777
0.994492948 -0.000003246 0.104803443 59.559028625 -0.002930374 0.999608099 0.027837638 -49.791324615 -0.104762465 -0.027991449 0.994103253 555.912231445
0.994388878 0.000277562 0.105785422 59.878677368 -0.003296656 0.999592125 0.028365992 -49.967292786 -0.105734408 -0.028555570 0.993984282 558.219970703
0.994353771 0.000723137 0.106113292 60.211177826 -0.003857989 0.999562025 0.029340215 -50.141822815 -0.106045581 -0.029583938 0.993921101 560.553039551
0.994373739 -0.000143065 0.105928034 60.553684235 -0.003089178 0.999534547 0.030348871 -50.321815491 -0.105883069 -0.030505354 0.993910551 562.878417969
0.994330704 0.000239775 0.106331743 60.890312195 -0.003590000 0.999503076 0.031316999 -50.495285034 -0.106271371 -0.031521186 0.993837357 565.189697266
0.994278789 0.001170961 0.106809795 61.233329773 -0.004455814 0.999524176 0.030520771 -50.667861938 -0.106723234 -0.030822080 0.993810952 567.515258789
0.994283319 0.002042257 0.106754452 61.583637238 -0.005176214 0.999563456 0.029087851 -50.837352753 -0.106648445 -0.029474149 0.993859828 569.848571777
0.994262218 0.002638773 0.106937706 61.931118011 -0.005812469 0.999551475 0.029377187 -51.011402130 -0.106812231 -0.029830199 0.993831575 572.164428711
0.994242787 0.002344199 0.107126415 62.273109436 -0.005672647 0.999510229 0.030776141 -51.199272156 -0.107001811 -0.031206638 0.993768990 574.559692383
0.994234681 0.002273733 0.107202090 62.619815826 -0.005749681 0.999467313 0.032126326 -51.375961304 -0.107071936 -0.032557480 0.993718028 576.875061035
0.994100213 0.002870181 0.108427286 62.941284180 -0.006242717 0.999506772 0.030777497 -51.555679321 -0.108285449 -0.031272799 0.993627846 579.274047852
0.994166613 0.002315135 0.107830770 63.292465210 -0.005649852 0.999514818 0.030630229 -51.720813751 -0.107707523 -0.031060774 0.993697286 581.610656738
0.994095445 0.001393605 0.108500004 63.634593964 -0.004924916 0.999466538 0.032285493 -51.907913208 -0.108397134 -0.032629207 0.993572056 583.954528809
0.994157672 0.001612563 0.107924916 63.981498718 -0.005136177 0.999462485 0.032378756 -52.073684692 -0.107814692 -0.032743916 0.993631601 586.270019531
0.994130909 -0.001539312 0.108171843 64.335784912 -0.001861241 0.999507546 0.031328589 -52.256385803 -0.108166769 -0.031346060 0.993638456 588.633850098
0.994158924 -0.001695064 0.107912324 64.686470032 -0.001685445 0.999510884 0.031227529 -52.420471191 -0.107912481 -0.031227011 0.993669868 590.984924316
0.994172037 -0.003409105 0.107752323 65.029228210 -0.000023797 0.999492943 0.031841852 -52.592975616 -0.107806250 -0.031658839 0.993667722 593.321777344
0.994228840 -0.004036714 0.107204229 65.384803772 0.000586085 0.999481320 0.032199461 -52.763828278 -0.107278585 -0.031950802 0.993715465 595.674865723
