1.000000000 0.000000000 0.000000000 0.000000000 0.000000000 1.000000000 0.000000000 0.000000000 0.000000000 0.000000000 1.000000000 0.000000000
0.999999881 0.000159674 0.000453235 0.086180627 -0.000159618 1.000000000 -0.000122985 -0.225983068 -0.000453254 0.000122912 0.999999881 2.288473845
0.999999166 0.000559907 0.001183793 0.164965048 -0.000560394 0.999999762 0.000411168 -0.462981343 -0.001183563 -0.000411831 0.999999225 4.584524155
0.999998450 0.000223691 0.001752296 0.261523008 -0.000224631 0.999999821 0.000536628 -0.693246484 -0.001752175 -0.000537020 0.999998331 6.873934746
0.999996662 0.000137917 0.002577577 0.355772763 -0.000134911 0.999999285 -0.001166185 -0.925381482 -0.002577737 0.001165833 0.999996006 9.171813011
0.999986410 0.001920197 0.004853555 0.444692850 -0.001921334 0.999998093 0.000229729 -1.161399364 -0.004853104 -0.000239051 0.999988198 11.480636597
0.999963224 0.003834027 0.007674962 0.525731921 -0.003843117 0.999991894 0.001169998 -1.388641238 -0.007670413 -0.001199451 0.999969840 13.795251846
0.999947488 0.003468725 0.009650291 0.638922215 -0.003501457 0.999988198 0.003377031 -1.614604950 -0.009638462 -0.003410643 0.999947727 16.067411423
0.999942064 0.003418534 0.010209709 0.767508149 -0.003467798 0.999982357 0.004811361 -1.849883080 -0.010193078 -0.004846486 0.999936283 18.411987305
0.999931753 0.002630056 0.011385716 0.888212383 -0.002687546 0.999983788 0.005036964 -2.075253487 -0.011372283 -0.005067220 0.999922514 20.700485229
0.999929786 -0.000182087 0.011843000 1.003305197 0.000153746 0.999997139 0.002393883 -2.302341223 -0.011843401 -0.002391894 0.999926984 23.014213562
0.999917388 -0.002463626 0.012613354 1.111741781 0.002460166 0.999997020 0.000289856 -2.522497654 -0.012614030 -0.000258802 0.999920368 25.295997620
0.999909997 -0.003654570 0.012907385 1.241498947 0.003660334 0.999993205 -0.000422895 -2.771650076 -0.012905750 0.000470102 0.999916553 27.614803314
0.999899983 -0.003350518 0.013741607 1.351905584 0.003369702 0.999993384 -0.001373112 -2.999986887 -0.013736916 0.001419279 0.999904692 29.903125763
0.999889076 -0.001811464 0.014778673 1.466961265 0.001800260 0.999998093 0.000771401 -3.228077650 -0.014780043 -0.000744710 0.999890506 32.184005737
0.999889612 0.000254131 0.014854975 1.598165393 -0.000296792 0.999995828 0.002869707 -3.449901342 -0.014854182 -0.002873798 0.999885559 34.461948395
0.999858201 0.002984661 0.016571073 1.710089445 -0.003100289 0.999971092 0.006956432 -3.685416698 -0.016549829 -0.007006822 0.999838591 36.770217896
0.999837339 0.004807129 0.017384363 1.826082945 -0.004918408 0.999967694 0.006364039 -3.904866934 -0.017353209 -0.006448507 0.999828577 39.042331696
0.999801457 0.003938606 0.019532492 1.930376053 -0.004038073 0.999979079 0.005055568 -4.116412163 -0.019512171 -0.005133437 0.999796450 41.346862793
0.999805450 0.001559313 0.019668873 2.057101727 -0.001633443 0.999991596 0.003753349 -4.341712475 -0.019662859 -0.003784746 0.999799550 43.626140594
0.999810219 0.001285494 0.019439826 2.201148510 -0.001347924 0.999993980 0.003198708 -4.571180344 -0.019435599 -0.003224305 0.999805927 45.860836029
0.999808371 0.000809185 0.019558465 2.329039097 -0.000848859 0.999997735 0.002020251 -4.799745083 -0.019556783 -0.002036467 0.999806702 48.134197235
0.999811649 -0.000806193 0.019391607 2.469102859 0.000756397 0.999996364 0.002575114 -5.032064915 -0.019393614 -0.002559961 0.999808669 50.411857605
0.999791980 -0.001768375 0.020317182 2.601253033 0.001713537 0.999994814 0.002716196 -5.256038189 -0.020321880 -0.002680816 0.999789894 52.678638458
0.999787152 -0.003019891 0.020414079 2.742086887 0.002960351 0.999991298 0.002946173 -5.490239143 -0.020422798 -0.002885113 0.999787271 54.965885162
0.999747276 -0.003277594 0.022237623 2.856116295 0.003202968 0.999989092 0.003390674 -5.723158836 -0.022248492 -0.003318592 0.999746978 57.258670807
0.999730766 -0.004725642 0.022717699 2.997891903 0.004631358 0.999980450 0.004201081 -5.952304840 -0.022737108 -0.004094737 0.999733090 59.525142670
0.999688804 -0.006235051 0.024152869 3.128968239 0.006149671 0.999974608 0.003607624 -6.177651405 -0.024174754 -0.003457970 0.999701738 61.791141510
0.999669373 -0.007028779 0.024733903 3.279281616 0.006944925 0.999969840 0.003474540 -6.403100491 -0.024757572 -0.003301617 0.999688029 64.045326233
0.999642015 -0.006584722 0.025931973 3.421607494 0.006483724 0.999971211 0.003976846 -6.625935555 -0.025957411 -0.003807287 0.999655724 66.314277649
0.999625742 -0.005645896 0.026766585 3.572795868 0.005529332 0.999974906 0.004426855 -6.855029106 -0.026790906 -0.004277196 0.999631822 68.575988770
0.999589086 -0.005882584 0.028051412 3.712167501 0.005770289 0.999975026 0.004082443 -7.080425262 -0.028074728 -0.003918901 0.999598145 70.831054688
0.999575138 -0.006667416 0.028374011 3.873797894 0.006595425 0.999974787 0.002630018 -7.304280281 -0.028390829 -0.002441762 0.999593854 73.086288452
0.999560058 -0.007674927 0.028648620 4.035134315 0.007591242 0.999966621 0.003028729 -7.532789230 -0.028670909 -0.002809918 0.999584973 75.366996765
0.999512553 -0.008851658 0.029935637 4.194148064 0.008779998 0.999958217 0.002524433 -7.765143871 -0.029956730 -0.002260368 0.999548674 77.632438660
0.999506831 -0.009882350 0.029805781 4.354287148 0.009809937 0.999948561 0.002574749 -8.002738953 -0.029829696 -0.002281087 0.999552369 79.892005920
0.999475658 -0.010322534 0.030689823 4.503224850 0.010262503 0.999945045 0.002112926 -8.219733238 -0.030709952 -0.001796863 0.999526680 82.146820068
0.999452949 -0.009838294 0.031572822 4.669450760 0.009779384 0.999950171 0.002019737 -8.448706627 -0.031591121 -0.001709869 0.999499440 84.424049377
0.999399364 -0.009548579 0.033313487 4.824696541 0.009474029 0.999952257 0.002394892 -8.667601585 -0.033334766 -0.002077840 0.999442101 86.679557800
0.999396086 -0.009762566 0.033353373 4.994565964 0.009637847 0.999945939 0.003898101 -8.904130936 -0.033389635 -0.003574292 0.999435961 88.962539673
0.999368250 -0.008937921 0.034397651 5.156062126 0.008783275 0.999950647 0.004644276 -9.134192467 -0.034437459 -0.004339218 0.999397397 91.223129272
0.999336839 -0.008948385 0.035295986 5.323031902 0.008790181 0.999950588 0.004634918 -9.357309341 -0.035335720 -0.004321585 0.999366105 93.479072571
0.999314845 -0.009060506 0.035883758 5.492383003 0.008924130 0.999952316 0.003958737 -9.574633598 -0.035917912 -0.003635793 0.999348104 95.732902527
0.999283731 -0.009560082 0.036614582 5.659169197 0.009408608 0.999946475 0.004307074 -9.797150612 -0.036653798 -0.003959497 0.999320209 97.988265991
0.999249637 -0.009355780 0.037585359 5.822616100 0.009217369 0.999950111 0.003854162 -10.028868675 -0.037619546 -0.003504833 0.999286115 100.227218628
0.999178410 -0.009283272 0.039450243 5.977672100 0.009109548 0.999948025 0.004581057 -10.243515968 -0.039490715 -0.004217919 0.999211073 102.447067261
0.999184072 -0.009838819 0.039169528 6.180078506 0.009667365 0.999942839 0.004564199 -10.468027115 -0.039212197 -0.004181809 0.999222100 104.726364136
0.999144554 -0.010748658 0.039933380 6.356386185 0.010543516 0.999930143 0.005344186 -10.685878754 -0.039988030 -0.004918576 0.999188006 106.966056824
0.999110162 -0.012209711 0.040374283 6.540300846 0.012005369 0.999913812 0.005299842 -10.901057243 -0.040435519 -0.004810417 0.999170542 109.218963623
0.999069095 -0.013423692 0.040996458 6.724139214 0.013176589 0.999893367 0.006291751 -11.128572464 -0.041076556 -0.005745701 0.999139488 111.473945618
0.999045014 -0.014149099 0.041338734 6.913916111 0.013961771 0.999890924 0.004816746 -11.348213196 -0.041402385 -0.004234984 0.999133587 113.742630005
0.999004245 -0.014354516 0.042243082 7.097063065 0.014198598 0.999891222 0.003988737 -11.570292473 -0.042295747 -0.003384973 0.999099374 115.993652344
0.998959363 -0.014787015 0.043145820 7.279950142 0.014612499 0.999883652 0.004357359 -11.798793793 -0.043205231 -0.003722356 0.999059260 118.248809814
0.998907924 -0.015052933 0.044233732 7.468696594 0.014833971 0.999876082 0.005274256 -12.027241707 -0.044307638 -0.004612333 0.999007285 120.518402100
0.998889208 -0.015781170 0.044399392 7.671442986 0.015520749 0.999860287 0.006204093 -12.256267548 -0.044491105 -0.005508090 0.998994648 122.727790833
0.998829842 -0.016349513 0.045515604 7.872993469 0.016137633 0.999857187 0.005018718 -12.476976395 -0.045591149 -0.004278332 0.998951018 125.048149109
0.998799443 -0.016635338 0.046075914 8.057928085 0.016442973 0.999854445 0.004550835 -12.707217216 -0.046144906 -0.003787745 0.998927593 127.313346863
0.998778760 -0.018385854 0.045860365 8.251934052 0.018179271 0.999822676 0.004917676 -12.927248001 -0.045942657 -0.004077962 0.998935699 129.583267212
0.998805106 -0.019367248 0.044867989 8.441938400 0.019152243 0.999803066 0.005216822 -13.144316673 -0.044960178 -0.004351267 0.998979330 131.829467773
0.998864233 -0.019682061 0.043391217 8.639524460 0.019429743 0.999791861 0.006228980 -13.362198830 -0.043504775 -0.005378826 0.999038815 134.068618774
0.998894989 -0.020569194 0.042257179 8.817062378 0.020332636 0.999775112 0.006020214 -13.586953163 -0.042371508 -0.005154361 0.999088645 136.325927734
0.998961389 -0.021431083 0.040211216 9.027728081 0.021221256 0.999758899 0.005637668 -13.802656174 -0.040322345 -0.004778479 0.999175310 138.549270630
0.998946607 -0.021986840 0.040276751 9.190897942 0.021773957 0.999746561 0.005716534 -14.026399612 -0.040392242 -0.004833527 0.999172211 140.841171265
0.998937726 -0.022343023 0.040301397 9.364303589 0.022120731 0.999737501 0.005953323 -14.238012314 -0.040423840 -0.005055503 0.999169886 143.073196411
0.998974204 -0.022516029 0.039287694 9.547561646 0.022252154 0.999726832 0.007141045 -14.467475891 -0.039437760 -0.006259484 0.999202430 145.312469482
0.998993516 -0.021662449 0.039280485 9.724453926 0.021445248 0.999752343 0.005942554 -14.681748390 -0.039399482 -0.005094193 0.999210656 147.562408447
0.999013662 -0.020362670 0.039458040 9.903906822 0.020200361 0.999785781 0.004507777 -14.900911331 -0.039541375 -0.003706265 0.999211073 149.812957764
0.999035358 -0.018637519 0.039761640 10.082541466 0.018505679 0.999821961 0.003681328 -15.123623848 -0.039823171 -0.002941960 0.999202430 152.066101074
0.999047160 -0.017765088 0.039864372 10.269073486 0.017635858 0.999838173 0.003591062 -15.341238022 -0.039921708 -0.002884598 0.999198675 154.314254761
0.999035716 -0.017077066 0.040448029 10.447605133 0.016926762 0.999848425 0.004055707 -15.562007904 -0.040511165 -0.003367142 0.999173343 156.579711914
0.999036789 -0.016439198 0.040685307 10.640968323 0.016244831 0.999854982 0.005103396 -15.785016060 -0.040763296 -0.004437554 0.999158919 158.808502197
0.998978853 -0.015923591 0.042280417 10.803305626 0.015662825 0.999856234 0.006491809 -16.013727188 -0.042377710 -0.005822949 0.999084711 161.094238281
0.998955846 -0.014892603 0.043189391 10.990085602 0.014537359 0.999858022 0.008527794 -16.234394073 -0.043310251 -0.007891031 0.999030530 163.330215454
0.998921752 -0.014068856 0.044244807 11.178499222 0.013750128 0.999877334 0.007499946 -16.444625854 -0.044344895 -0.006883485 0.998992503 165.615814209
0.998884022 -0.013450664 0.045273278 11.373474121 0.013178986 0.999893367 0.006294004 -16.659723282 -0.045353103 -0.005690325 0.998954833 167.865798950
0.998813748 -0.011680654 0.047271729 11.559269905 0.011370197 0.999911964 0.006831125 -16.877193451 -0.047347352 -0.006285533 0.998858809 170.097213745
0.998706639 -0.011055007 0.049627468 11.772188187 0.010724209 0.999918640 0.006926935 -17.104486465 -0.049700011 -0.006385761 0.998743773 172.399963379
0.998577356 -0.011308195 0.052108038 11.973942757 0.010980482 0.999918044 0.006571161 -17.318651199 -0.052178089 -0.005989641 0.998619795 174.674972534
0.998494804 -0.010945917 0.053743415 12.185251236 0.010566486 0.999917269 0.007339136 -17.539962769 -0.053819302 -0.006760210 0.998527765 176.927703857
0.998448372 -0.011428746 0.054501925 12.393720627 0.011017467 0.999908566 0.007840711 -17.748138428 -0.054586552 -0.007228071 0.998482943 179.162567139
0.998425841 -0.013460626 0.054449078 12.609832764 0.013057026 0.999884605 0.007761440 -17.973459244 -0.054547284 -0.007038279 0.998486400 181.428649902
0.998380899 -0.014319300 0.055050831 12.811040878 0.013921619 0.999874175 0.007600647 -18.186859131 -0.055152733 -0.006821945 0.998454571 183.672134399
0.998437226 -0.015379488 0.053725425 13.038763046 0.014991894 0.999858677 0.007609900 -18.413829803 -0.053834863 -0.006792563 0.998526752 185.925888062
0.998445928 -0.017101860 0.053042561 13.251161575 0.016679225 0.999825597 0.008400350 -18.630804062 -0.053176973 -0.007502587 0.998556852 188.172531128
0.998459995 -0.017987819 0.052479513 13.465497971 0.017597292 0.999814034 0.007894158 -18.841274261 -0.052611742 -0.006958505 0.998590767 190.414215088
0.998413503 -0.019055139 0.052986741 13.664226532 0.018653965 0.999793530 0.008055520 -19.066291809 -0.053129300 -0.007054327 0.998562753 192.663818359
0.998362243 -0.020193400 0.053525686 13.853683472 0.019817092 0.999775112 0.007551904 -19.275873184 -0.053666148 -0.006478813 0.998537838 194.902542114
0.998414636 -0.020029964 0.052602991 14.094934464 0.019642023 0.999776125 0.007881458 -19.506439209 -0.052749071 -0.006835734 0.998584390 197.155410767
0.998434246 -0.017999412 0.052963544 14.307538033 0.017603826 0.999813676 0.007926102 -19.719562531 -0.053096339 -0.006981331 0.998564959 199.395172119
0.998445690 -0.015438328 0.053552672 14.507058144 0.015045212 0.999856889 0.007736162 -19.946338654 -0.053664442 -0.006918427 0.998535037 201.679412842
0.998424888 -0.014818920 0.054112043 14.722557068 0.014469238 0.999871850 0.006848254 -20.159931183 -0.054206587 -0.006054507 0.998511374 203.947357178
0.998379171 -0.015023212 0.054893959 14.921794891 0.014630571 0.999864399 0.007547611 -20.369798660 -0.054999918 -0.006732248 0.998463690 206.169204712
0.998377144 -0.016554458 0.054488562 15.166417122 0.016158549 0.999839783 0.007698589 -20.595771790 -0.054607272 -0.006805639 0.998484850 208.430084229
0.998319030 -0.016337389 0.055608127 15.375463486 0.015935130 0.999843597 0.007669583 -20.798610687 -0.055724740 -0.006770568 0.998423219 210.672592163
0.998243868 -0.016220190 0.056974236 15.599860191 0.015725389 0.999834716 0.009122278 -21.027956009 -0.057112802 -0.008210315 0.998333991 212.916748047
0.998183668 -0.014777263 0.058404848 15.836953163 0.014235727 0.999851704 0.009677382 -21.242456436 -0.058539197 -0.008828369 0.998246133 215.147415161
0.998008788 -0.012810156 0.061760113 16.048402786 0.012255522 0.999881148 0.009350962 -21.445682526 -0.061872572 -0.008575439 0.998047233 217.417053223
0.997874200 -0.012961503 0.063867450 16.279663086 0.012368948 0.999876738 0.009664591 -21.655141830 -0.063984849 -0.008854074 0.997911572 219.663177490
0.997747779 -0.014447639 0.065503344 16.517559052 0.013810492 0.999852836 0.010169336 -21.863170624 -0.065640613 -0.009241798 0.997800529 221.898345947
0.997640669 -0.015951773 0.066773109 16.753938675 0.015257719 0.999824226 0.010891392 -22.068601608 -0.066935115 -0.009846890 0.997708738 224.134719849
0.997570992 -0.017861689 0.067327850 17.008708954 0.017193791 0.999797165 0.010486532 -22.286073685 -0.067501500 -0.009303437 0.997675776 226.375991821
0.997529149 -0.018960962 0.067645408 17.250329971 0.018321380 0.999781489 0.010062851 -22.489284515 -0.067821421 -0.008798631 0.997658670 228.627120972
0.997477174 -0.019309383 0.068311088 17.491899490 0.018647579 0.999772906 0.010312526 -22.695812225 -0.068494700 -0.009012673 0.997610748 230.865158081
0.997410893 -0.020763233 0.068851084 17.735818863 0.020155456 0.999751627 0.009510441 -22.904619217 -0.069031447 -0.008098093 0.997581661 233.105422974
0.997403026 -0.021333074 0.068790019 18.001594543 0.020656085 0.999731123 0.010537843 -23.116928101 -0.068996333 -0.009089544 0.997575521 235.383270264
0.997372210 -0.021125788 0.069297962 18.248273849 0.020435967 0.999734461 0.010648364 -23.320945740 -0.069504514 -0.009204213 0.997539163 237.621246338
0.997336030 -0.020467483 0.070012756 18.493072510 0.019783050 0.999749601 0.010455400 -23.524417877 -0.070209228 -0.009042481 0.997491241 239.849746704
0.997304738 -0.020736411 0.070377305 18.742237091 0.020031806 0.999742031 0.010702916 -23.731252670 -0.070581079 -0.009264286 0.997463048 242.080718994
0.997263074 -0.021025194 0.070881151 18.991249084 0.020320198 0.999736786 0.010652659 -23.933700562 -0.071086466 -0.009183187 0.997428000 244.322845459
0.997217476 -0.021289332 0.071442455 19.240142822 0.020628341 0.999737442 0.009977371 -24.145839691 -0.071636103 -0.008475871 0.997394919 246.556015015
0.997233450 -0.020856868 0.071345344 19.500179291 0.020258361 0.999753356 0.009102255 -24.355236053 -0.071517579 -0.007631734 0.997410119 248.797927856
0.997205436 -0.021226145 0.071629636 19.753742218 0.020590113 0.999741793 0.009606287 -24.565639496 -0.071815066 -0.008104580 0.997385025 251.034454346
0.997182488 -0.022484872 0.071565092 20.013557434 0.021849850 0.999714732 0.009643986 -24.777647018 -0.071761504 -0.008053127 0.997389317 253.265289307
0.997174442 -0.022736637 0.071597382 20.279012680 0.022045651 0.999702573 0.010426563 -24.990028381 -0.071813151 -0.008818693 0.997379243 255.523681641
0.997138441 -0.023479307 0.071859404 20.517808914 0.022770051 0.999683678 0.010673433 -25.199584961 -0.072087303 -0.009006646 0.997357607 257.741790771
0.997092128 -0.023690643 0.072429225 20.781639099 0.022934554 0.999673545 0.011253036 -25.411800385 -0.072672181 -0.009559181 0.997310042 259.996978760
0.997064114 -0.023429122 0.072897553 21.040163040 0.022698473 0.999683619 0.010835430 -25.618242264 -0.073128343 -0.009148957 0.997280598 262.239013672
0.997038245 -0.023366574 0.073271535 21.303297043 0.022677006 0.999690533 0.010229127 -25.822263718 -0.073487878 -0.008537253 0.997259557 264.501556396
0.997014999 -0.022635283 0.073815815 21.566879272 0.021967312 0.999710202 0.009848570 -26.035844803 -0.074017353 -0.008197636 0.997223198 266.744750977
0.996948838 -0.021987947 0.074897394 21.826459885 0.021312149 0.999724805 0.009810426 -26.238622665 -0.075092487 -0.008184267 0.997142971 268.991058350
0.996851027 -0.021432655 0.076345563 22.091066360 0.020772098 0.999739707 0.009435882 -26.458778381 -0.076527916 -0.007820311 0.997036755 271.247894287
0.996747851 -0.022189351 0.077468216 22.362615585 0.021496894 0.999721229 0.009761145 -26.671110153 -0.077663220 -0.008064074 0.996946990 273.495330811
0.996557593 -0.022514526 0.079787359 22.617471695 0.021746881 0.999708593 0.010477152 -26.878440857 -0.079999998 -0.008705958 0.996756852 275.742279053
0.996459603 -0.022572258 0.080986269 22.898519516 0.021705225 0.999697387 0.011570497 -27.077402115 -0.081222951 -0.009771709 0.996648073 277.983886719
0.996409297 -0.022041658 0.081747688 23.189239502 0.021022765 0.999690473 0.013303810 -27.295860291 -0.082015619 -0.011537476 0.996564209 280.236419678
0.996341646 -0.021767244 0.082640387 23.476276398 0.020648066 0.999683499 0.014373356 -27.501842499 -0.082927100 -0.012614410 0.996475816 282.473388672
0.996268392 -0.021018675 0.083711095 23.754985809 0.019917978 0.999704123 0.013962348 -27.692174911 -0.083979793 -0.012242892 0.996392250 284.728210449
0.996148586 -0.019976845 0.085374750 24.021940231 0.018912662 0.999733329 0.013255600 -27.887208939 -0.085616782 -0.011589885 0.996260762 286.959014893
0.996173322 -0.018968243 0.085316621 24.317138672 0.018017141 0.999766827 0.011904174 -28.079284668 -0.085522525 -0.010321457 0.996282756 289.204376221
0.996106505 -0.019794745 0.085907511 24.591445923 0.018817406 0.999748826 0.012171609 -28.287746429 -0.086126879 -0.010507661 0.996228635 291.430755615
0.995976329 -0.019141885 0.087547794 24.841365814 0.018183267 0.999765813 0.011734108 -28.498489380 -0.087751910 -0.010094987 0.996091127 293.705444336
0.995992362 -0.019574217 0.087269306 25.130430222 0.018693073 0.999765813 0.010902726 -28.700090408 -0.087462299 -0.009227701 0.996125102 295.938842773
0.995988309 -0.019622345 0.087305181 25.414649963 0.018744560 0.999765217 0.010862790 -28.905868530 -0.087497838 -0.009182714 0.996122360 298.175445557
0.995990634 -0.018995043 0.087418079 25.699636459 0.018102920 0.999775708 0.010986800 -29.106651306 -0.087607168 -0.009360227 0.996111095 300.410827637
0.995927393 -0.018917816 0.088151842 25.964315414 0.017944312 0.999769092 0.011823002 -29.315645218 -0.088355161 -0.010193028 0.996036828 302.653961182
0.995931923 -0.019337742 0.088009462 26.256084442 0.018355401 0.999760032 0.011957387 -29.519184113 -0.088219561 -0.010293297 0.996047795 304.902740479
0.995904386 -0.018804755 0.088434495 26.547349930 0.017800100 0.999767840 0.012135445 -29.724309921 -0.088642173 -0.010511601 0.996007979 307.153778076
0.995919049 -0.019946339 0.088019326 26.841344833 0.018929310 0.999744177 0.012374293 -29.939002991 -0.088243634 -0.010657649 0.996041834 309.408691406
0.995871365 -0.020967135 0.088321254 27.128744125 0.019919593 0.999720514 0.012725481 -30.140459061 -0.088563390 -0.010913619 0.996010780 311.666168213
0.995845020 -0.020610733 0.088701166 27.416128159 0.019619610 0.999735117 0.012031270 -30.345188141 -0.088925645 -0.010240996 0.995985627 313.910797119
0.995857596 -0.020263236 0.088639349 27.711801529 0.019203385 0.999733746 0.012793429 -30.552547455 -0.088874988 -0.011038259 0.995981634 316.156127930
0.995811403 -0.018652802 0.089507647 27.998289108 0.017644938 0.999771833 0.012038267 -30.758411407 -0.089711778 -0.010408487 0.995913386 318.395904541
0.995816886 -0.017103545 0.089755349 28.284818649 0.016037639 0.999792218 0.012583544 -30.961254120 -0.089951910 -0.011091442 0.995884359 320.646240234
0.995751560 -0.015816322 0.090711884 28.566198349 0.014757317 0.999815166 0.012333287 -31.166103363 -0.090890162 -0.010942227 0.995800793 322.878143311
0.995692611 -0.014879528 0.091513582 28.846897125 0.013755909 0.999822199 0.012896709 -31.366630554 -0.091689199 -0.011582308 0.995720327 325.115173340
0.995703578 -0.014475033 0.091459088 29.146135330 0.013221272 0.999810338 0.014299484 -31.578372955 -0.091648720 -0.013028841 0.995706141 327.340637207
0.995659053 -0.015214277 0.091823503 29.430261612 0.013954036 0.999799669 0.014351084 -31.785869598 -0.092023432 -0.013007479 0.995671868 329.587890625
0.995674014 -0.016723346 0.091397904 29.734979630 0.015556171 0.999788404 0.013467778 -31.984905243 -0.091603801 -0.011987715 0.995723367 331.822601318
0.995676100 -0.016630061 0.091392055 30.026288986 0.015471769 0.999791086 0.013367812 -32.188377380 -0.091595262 -0.011896016 0.995725214 334.037475586
0.995643854 -0.017039657 0.091667861 30.316232681 0.015755311 0.999767721 0.014716386 -32.388233185 -0.091897324 -0.013208024 0.995680809 336.265045166
0.995708406 -0.017629694 0.090851434 30.625310898 0.016383668 0.999761581 0.014442592 -32.582992554 -0.091084369 -0.012892134 0.995759726 338.499847412
0.995703876 -0.017497750 0.090925656 30.912626266 0.016211748 0.999758065 0.014862871 -32.788291931 -0.091163732 -0.013324956 0.995746732 340.742156982
0.995752811 -0.017584950 0.090371989 31.215177536 0.016320487 0.999758601 0.014711806 -32.991359711 -0.090608872 -0.013174407 0.995799422 342.986267090
0.995770693 -0.017651221 0.090161987 31.508365631 0.016351212 0.999751747 0.015136984 -33.188785553 -0.090406790 -0.013598708 0.995812058 345.225280762
0.995819271 -0.017538536 0.089645840 31.800779343 0.016246410 0.999753594 0.015123173 -33.383037567 -0.089888997 -0.013603527 0.995858848 347.463104248
0.995871663 -0.017339269 0.089100853 32.092678070 0.016052304 0.999756515 0.015140282 -33.581550598 -0.089341678 -0.013647502 0.995907545 349.706237793
0.995873034 -0.016863503 0.089176700 32.376834869 0.015530944 0.999757588 0.015615758 -33.782012939 -0.089418404 -0.014166315 0.995893419 351.946563721
0.995906055 -0.017329056 0.088716939 32.662902832 0.015978059 0.999745667 0.015915798 -33.974346161 -0.088970207 -0.014433117 0.995929718 354.172607422
0.995923758 -0.016984401 0.088585801 32.945518494 0.015680609 0.999758542 0.015393090 -34.171195984 -0.088825844 -0.013941267 0.995949626 356.409423828
0.995975912 -0.017241210 0.087946996 33.236083984 0.015908966 0.999748170 0.015826818 -34.366687775 -0.088197716 -0.014363983 0.995999336 358.644287109
0.996039331 -0.016730474 0.087325282 33.531124115 0.015328035 0.999742925 0.016705913 -34.566078186 -0.087582342 -0.015301222 0.996039689 360.884887695
0.996101439 -0.016748311 0.086610563 33.825473785 0.015365216 0.999744058 0.016611237 -34.763633728 -0.086866602 -0.015215685 0.996103764 363.133483887
0.996153414 -0.016709641 0.086018182 34.117610931 0.015287745 0.999735832 0.017162515 -34.960388184 -0.086282238 -0.015781473 0.996145725 365.375946045
0.996192873 -0.016707085 0.085560367 34.401695251 0.015346358 0.999745488 0.016536864 -35.156173706 -0.085814871 -0.015160867 0.996195734 367.623718262
0.996212006 -0.017466256 0.085185684 34.684272766 0.016121872 0.999734819 0.016444346 -35.354068756 -0.085450299 -0.015008703 0.996229410 369.873962402
0.996199191 -0.017397109 0.085349903 34.961479187 0.016129984 0.999749541 0.015513485 -35.544471741 -0.085598424 -0.014077827 0.996230304 372.140045166
0.996281683 -0.017332671 0.084394075 35.250087738 0.016080773 0.999750614 0.015491285 -35.742519379 -0.084641539 -0.014076564 0.996312022 374.373535156
0.996360183 -0.017270751 0.083474293 35.539394379 0.015972363 0.999741197 0.016197244 -35.937965393 -0.083732419 -0.014805009 0.996378243 376.620086670
0.996294916 -0.016787715 0.084349722 35.806911469 0.015438502 0.999742627 0.016622452 -36.134635925 -0.084607072 -0.015258630 0.996297538 378.877990723
0.996294022 -0.017580574 0.084196396 36.088241577 0.016213560 0.999725699 0.016892370 -36.333538055 -0.084470287 -0.015464643 0.996306002 381.118743896
0.996317923 -0.017442873 0.083942384 36.374603271 0.016064923 0.999725342 0.017062968 -36.526180267 -0.084216952 -0.015651613 0.996324539 383.373687744
0.996340692 -0.016963758 0.083769880 36.660369873 0.015573479 0.999730349 0.017222101 -36.723358154 -0.084039442 -0.015854489 0.996336281 385.627716064
0.996326864 -0.015749367 0.084170647 36.930130005 0.014329679 0.999745131 0.017444408 -36.912395477 -0.084423922 -0.016174193 0.996298790 387.866729736
0.996362269 -0.014477327 0.083979510 37.218856812 0.013056890 0.999762654 0.017438764 -37.115982056 -0.084212065 -0.016278816 0.996314824 390.135955811
0.996345162 -0.013369408 0.084365658 37.492679596 0.011939695 0.999776840 0.017428499 -37.310653687 -0.084579855 -0.016357500 0.996282458 392.408172607
0.996373117 -0.012340617 0.084191345 37.777175903 0.010799885 0.999766231 0.018731328 -37.502613068 -0.084402800 -0.017754141 0.996273458 394.665832520
0.996324360 -0.010980897 0.084953934 38.050781250 0.009385038 0.999772370 0.019161589 -37.696117401 -0.085145012 -0.018293863 0.996200621 396.927947998
0.996279776 -0.010693124 0.085512012 38.332473755 0.009215637 0.999801695 0.017654236 -37.895717621 -0.085683823 -0.016800513 0.996180654 399.192169189
0.996181130 -0.010076045 0.086727738 38.603473663 0.008615848 0.999815047 0.017194450 -38.090534210 -0.086884961 -0.016381551 0.996083677 401.453247070
0.996135831 -0.011662732 0.087048180 38.887977600 0.010129237 0.999785960 0.018037589 -38.279087067 -0.087239921 -0.017086156 0.996040821 403.716552734
0.996074557 -0.013164197 0.087534219 39.171543121 0.011502751 0.999744475 0.019457944 -38.475776672 -0.087768011 -0.018374676 0.995971501 405.968780518
0.996050060 -0.014200283 0.087650158 39.455867767 0.012551481 0.999734223 0.019333780 -38.666435242 -0.087901428 -0.018157270 0.995963633 408.239532471
0.996018052 -0.014024016 0.088041820 39.751289368 0.012493867 0.999761581 0.017906889 -38.852672577 -0.088271961 -0.016735602 0.995955825 410.506469727
0.995983660 -0.012227699 0.088695414 40.054599762 0.010621764 0.999771535 0.018555617 -39.057655334 -0.088902019 -0.017538996 0.995885968 412.779632568
0.995928228 -0.010987222 0.089477383 40.339542389 0.009394816 0.999790251 0.018198509 -39.249095917 -0.089658566 -0.017283782 0.995822608 415.021942139
0.995840013 -0.009715913 0.090599597 40.631958008 0.008095641 0.999800980 0.018234257 -39.439296722 -0.090758741 -0.017424939 0.995720446 417.296081543
0.995799661 -0.009814534 0.091031395 40.932556152 0.008207778 0.999804258 0.018008193 -39.632408142 -0.091190323 -0.017185384 0.995685160 419.550415039
0.995697320 -0.009662182 0.092160396 41.219749451 0.008030636 0.999804795 0.018057795 -39.822830200 -0.092316866 -0.017239992 0.995580554 421.802978516
0.995608866 -0.009901401 0.093085483 41.507495880 0.008269288 0.999805629 0.017902875 -40.019271851 -0.093244642 -0.017054509 0.995497167 424.060638428
0.995546818 -0.010167871 0.093718588 41.807464600 0.008426547 0.999784768 0.018957401 -40.211364746 -0.093891174 -0.018083256 0.995418251 426.333160400
0.995513201 -0.009325176 0.094162241 42.105464935 0.007504221 0.999778271 0.019674093 -40.401679993 -0.094324842 -0.018879203 0.995362461 428.586791992
0.995443463 -0.008698077 0.094956033 42.410106659 0.006793865 0.999769568 0.020358535 -40.590080261 -0.095111236 -0.019620650 0.995273232 430.867095947
0.995439172 -0.009225219 0.094951436 42.712696075 0.007311293 0.999763429 0.020485116 -40.787269592 -0.095117956 -0.019697465 0.995271087 433.139617920
0.995398104 -0.009955493 0.095307603 43.021076202 0.008083853 0.999767244 0.020003898 -40.984806061 -0.095484570 -0.019141393 0.995246828 435.407012939
0.995403349 -0.008924519 0.095354490 43.329914093 0.007040787 0.999773741 0.020073259 -41.160690308 -0.095512040 -0.019309616 0.995240986 437.670745850
0.995347798 -0.009571066 0.095871992 43.635314941 0.007650594 0.999763072 0.020379230 -41.351249695 -0.096044317 -0.019550940 0.995185137 439.956573486
0.995410562 -0.009612023 0.095212489 43.953083038 0.007685419 0.999758661 0.020580878 -41.538688660 -0.095387325 -0.019754674 0.995244205 442.232818604
0.995386899 -0.009346745 0.095485032 44.266304016 0.007286387 0.999733508 0.021903738 -41.745376587 -0.095664322 -0.021106955 0.995189846 444.506500244
0.995342135 -0.009674369 0.095918708 44.576282501 0.007591438 0.999727905 0.022056794 -41.929874420 -0.096106008 -0.021225896 0.995144784 446.785034180
0.995322168 -0.009534747 0.096139804 44.879844666 0.007494027 0.999739349 0.021565355 -42.117420197 -0.096320383 -0.020744003 0.995134175 449.049865723
0.995340586 -0.008870342 0.096012443 45.190769196 0.006843982 0.999747276 0.021413965 -42.309127808 -0.096178114 -0.020657081 0.995149791 451.309997559
0.995281339 -0.008387907 0.096667945 45.494033813 0.006377596 0.999757290 0.021086304 -42.501144409 -0.096821375 -0.020370295 0.995093286 453.576080322
0.995207131 -0.007903666 0.097468890 45.796852112 0.005872512 0.999759912 0.021108303 -42.681037903 -0.097612329 -0.020434750 0.995014727 455.857635498
0.995160401 -0.007771352 0.097956136 46.097450256 0.005740701 0.999763072 0.020995036 -42.877239227 -0.098096095 -0.020331092 0.994969189 458.116210938
0.995199859 -0.006845441 0.097623631 46.422496796 0.004893802 0.999783635 0.020216914 -43.065742493 -0.097740903 -0.019642124 0.995018065 460.402343750
0.995179832 -0.005922405 0.097888112 46.735069275 0.003910361 0.999777317 0.020733619 -43.255729675 -0.097989105 -0.020250900 0.994981408 462.690032959
0.995220661 -0.005904898 0.097472809 47.048706055 0.003763806 0.999747813 0.022135312 -43.445720673 -0.097578958 -0.021662652 0.994992018 464.966369629
0.995252669 -0.006095980 0.097132944 47.351425171 0.003934925 0.999740779 0.022424472 -43.627243042 -0.097244479 -0.021935808 0.995018780 467.232574463
0.995344579 -0.006004268 0.096192770 47.668449402 0.003983520 0.999767721 0.021185538 -43.812179565 -0.096297614 -0.020703729 0.995137155 469.516479492
0.995431185 -0.005800659 0.095305309 47.987922668 0.003811440 0.999771357 0.021040864 -44.008686066 -0.095405556 -0.020581482 0.995225668 471.812347412
0.995502472 -0.006395323 0.094519563 48.293567657 0.004308986 0.999742925 0.022260705 -44.203659058 -0.094637617 -0.021753302 0.995274007 474.092773438
0.995481908 -0.006535320 0.094726726 48.588855743 0.004448033 0.999743044 0.022229239 -44.387603760 -0.094847657 -0.021707460 0.995255053 476.374786377
0.995579243 -0.005959173 0.093736276 48.891220093 0.003925796 0.999753296 0.021862008 -44.563896179 -0.093843415 -0.021397373 0.995356977 478.665618896
0.995588481 -0.005831720 0.093645833 49.192951202 0.003747487 0.999741673 0.022417013 -44.749851227 -0.093752369 -0.021967178 0.995353162 480.946685791
0.995641530 -0.006595467 0.093029313 49.503829956 0.004467047 0.999723852 0.023068747 -44.938255310 -0.093155764 -0.022552636 0.995396197 483.221313477
0.995662212 -0.006866179 0.092787951 49.801532745 0.004782669 0.999731839 0.022658281 -45.123931885 -0.092918649 -0.022116220 0.995428026 485.501159668
0.995699763 -0.007309064 0.092351221 50.100692749 0.005194736 0.999719381 0.023114113 -45.314735413 -0.092494257 -0.022534972 0.995458186 487.789123535
0.995748758 -0.007505410 0.091804460 50.394252777 0.005393337 0.999715447 0.023232710 -45.491294861 -0.091952734 -0.022638807 0.995505989 490.079132080
0.995764792 -0.006815835 0.091685705 50.691055298 0.004678257 0.999712825 0.023508940 -45.667739868 -0.091819607 -0.022980444 0.995510459 492.380065918
0.995831668 -0.006167184 0.091001637 50.994632721 0.004009645 0.999706924 0.023872618 -45.847938538 -0.091122210 -0.023408225 0.995564520 494.664031982
0.995819747 -0.005764801 0.091158196 51.279472351 0.003647355 0.999719977 0.023377804 -46.029487610 -0.091267459 -0.022947593 0.995561957 496.966339111
0.995857894 -0.005586875 0.090751454 51.588588715 0.003506528 0.999727786 0.023066852 -46.223659515 -0.090855621 -0.022653090 0.995606422 499.281311035
0.995900393 -0.005501665 0.090289235 51.884414673 0.003375696 0.999713838 0.023682039 -46.405796051 -0.090393677 -0.023280159 0.995633960 501.577270508
0.995903254 -0.005202761 0.090275109 52.176582336 0.003038094 0.999704897 0.024099417 -46.594940186 -0.090373859 -0.023726426 0.995625257 503.861938477
0.995938122 -0.004364342 0.089934640 52.474388123 0.002272611 0.999724805 0.023347635 -46.778221130 -0.090011805 -0.023048414 0.995673954 506.148773193
0.995935023 -0.003928136 0.089987576 52.764713287 0.001782402 0.999712408 0.023912739 -46.961898804 -0.090055630 -0.023655144 0.995655775 508.441040039
0.995950818 -0.004247908 0.089798503 53.062103271 0.002193523 0.999733806 0.022964034 -47.146789551 -0.089872152 -0.022674073 0.995695174 510.736938477
0.995990157 -0.004670475 0.089341000 53.364276886 0.002556397 0.999714375 0.023762830 -47.336223602 -0.089426458 -0.023439152 0.995717525 513.036193848
0.995986998 -0.004510361 0.089384198 53.657028198 0.002384516 0.999712110 0.023875754 -47.516487122 -0.089466155 -0.023566799 0.995711148 515.341796875
0.996013999 -0.003926948 0.089110889 53.952529907 0.001825270 0.999718547 0.023654208 -47.700561523 -0.089178696 -0.023397274 0.995740771 517.646972656
0.996022701 -0.002876480 0.089053854 54.242015839 0.000776913 0.999721169 0.023602068 -47.889488220 -0.089096934 -0.023439009 0.995747089 519.938476562
0.995960891 -0.000976721 0.089784250 54.537807465 -0.001141792 0.999722242 0.023541216 -48.074588776 -0.089782320 -0.023548638 0.995683074 522.299194336
0.995818913 0.001229229 0.091340691 54.817657471 -0.003418460 0.999710560 0.023815168 -48.257934570 -0.091284990 -0.024027837 0.995534897 524.623229980
0.995852292 0.002261955 0.090956710 55.134761810 -0.004541472 0.999680579 0.024862407 -48.441196442 -0.090871416 -0.025172358 0.995544434 526.967895508
0.995785654 0.001869314 0.091691650 55.428329468 -0.004157878 0.999684393 0.024774687 -48.623176575 -0.091616392 -0.025051517 0.995479226 529.281799316
0.995739937 0.000036477 0.092205346 55.722660065 -0.002446440 0.999658346 0.026024019 -48.802185059 -0.092172883 -0.026138736 0.995399892 531.596069336
0.995709956 -0.001453656 0.092517011 56.031803131 -0.000934257 0.999667645 0.025761994 -48.981143951 -0.092523709 -0.025737910 0.995377779 533.917602539
0.995672822 -0.001432516 0.092916436 56.334823608 -0.000902590 0.999684870 0.025084352 -49.160453796 -0.092923090 -0.025059676 0.995357871 536.236755371
0.995586991 -0.001715338 0.093827061 56.636154175 -0.000611165 0.999693215 0.024761291 -49.341636658 -0.093840763 -0.024709364 0.995280564 538.556213379
0.995519638 -0.001356554 0.094544739 56.935512543 -0.000945061 0.999704361 0.024295161 -49.529815674 -0.094549745 -0.024275664 0.995224059 540.866943359
0.995435834 -0.000666528 0.095431194 57.238960266 -0.001630769 0.999710798 0.023992788 -49.715190887 -0.095419601 -0.024038909 0.995146811 543.184936523
0.995374024 -0.000154377 0.096075602 57.554035187 -0.002059206 0.999734700 0.022940440 -49.898216248 -0.096053638 -0.023032157 0.995109618 545.510742188
0.995264649 -0.000159858 0.097202227 57.847549438 -0.002141754 0.999719739 0.023573795 -50.085933685 -0.097178765 -0.023670347 0.994985342 547.827148438
0.995192468 -0.000014512 0.097937815 58.156803131 -0.002361890 0.999705553 0.024148410 -50.268939972 -0.097909339 -0.024263637 0.994899511 550.150634766
0.995152652 -0.000127362 0.098342143 58.466983795 -0.002275531 0.999701560 0.024321482 -50.452648163 -0.098315880 -0.024427362 0.994855404 552.457519531
0.995169699 -0.001240477 0.098161958 58.790882111 -0.001031995 0.999732733 0.023096068 -50.632884979 -0.098164365 -0.023085814 0.994902432 554.769042969
0.995216966 -0.001482752 0.097679220 59.117351532 -0.000831667 0.999719918 0.023649096 -50.821205139 -0.097686939 -0.023617217 0.994936943 557.085754395
0.995146513 -0.001359772 0.098394163 59.423477173 -0.001013298 0.999709904 0.024064003 -51.005931854 -0.098398343 -0.024046911 0.994856477 559.391967773
0.995129406 -0.000738523 0.098574698 59.742179871 -0.001737969 0.999685168 0.025034761 -51.189609528 -0.098562159 -0.025084149 0.994814694 561.724853516
0.995131671 -0.001483275 0.098542430 60.067825317 -0.001053701 0.999669433 0.025687976 -51.374099731 -0.098547950 -0.025666757 0.994801164 564.054626465
0.995110452 -0.001039389 0.098763078 60.388195038 -0.001566322 0.999652743 0.026302243 -51.551837921 -0.098756142 -0.026328333 0.994763315 566.372985840
0.995058179 0.000051581 0.099293262 60.710533142 -0.002612659 0.999667168 0.025663218 -51.737907410 -0.099258892 -0.025795817 0.994727194 568.696838379
0.995084465 0.001081929 0.099024042 61.046642303 -0.003475836 0.999705791 0.024005678 -51.914291382 -0.098968953 -0.024231868 0.994795442 571.028930664
0.995095074 0.001302375 0.098914757 61.384925842 -0.003720290 0.999698758 0.024263924 -52.101097107 -0.098853350 -0.024512902 0.994800031 573.350952148
0.995059133 0.001312123 0.099275008 61.700611115 -0.003845968 0.999671698 0.025336431 -52.293304443 -0.099209145 -0.025593059 0.994737387 575.719360352
0.995052695 0.001171362 0.099341437 62.028465271 -0.003833427 0.999638498 0.026610484 -52.481101990 -0.099274352 -0.026859649 0.994697511 578.035827637
0.994967401 0.001893980 0.100181215 62.339530945 -0.004407111 0.999680936 0.024870489 -52.663303375 -0.100102164 -0.025186837 0.994658351 580.418579102
0.994991839 0.001122099 0.099950023 62.666717529 -0.003600657 0.999690354 0.024621040 -52.841518402 -0.099891439 -0.024857614 0.994687855 582.759033203
0.994959593 0.000728831 0.100273244 62.990703583 -0.003383262 0.999648273 0.026304474 -53.036319733 -0.100218788 -0.026511138 0.994612098 585.079589844
0.995023370 0.000937115 0.099636696 63.319114685 -0.003588686 0.999644101 0.026436491 -53.216388702 -0.099576443 -0.026662491 0.994672596 587.397888184
0.995005846 -0.001858287 0.099799097 63.658706665 -0.000642805 0.999686599 0.025023269 -53.402835846 -0.099814326 -0.024962453 0.994692922 589.751586914
0.995028734 -0.002099033 0.099566191 63.989624023 -0.000377087 0.999691248 0.024843749 -53.581741333 -0.099587590 -0.024757788 0.994720757 592.101501465
0.995050848 -0.003808969 0.099293649 64.313903809 0.001287261 0.999675333 0.025448179 -53.768222809 -0.099358335 -0.025194420 0.994732738 594.437988281
0.995073497 -0.004458594 0.099039912 64.646888733 0.001934658 0.999671280 0.025565481 -53.951164246 -0.099121325 -0.025247920 0.994754970 596.793457031
