1.000000000 0.000000000 0.000000000 0.000000000 0.000000000 1.000000000 0.000000000 0.000000000 0.000000000 0.000000000 1.000000000 0.000000000
0.999999940 0.000034940 0.000417670 0.086800791 -0.000034889 1.000000000 -0.000121811 -0.228468210 -0.000417674 0.000121797 0.999999881 2.287233353
0.999999225 0.000347119 0.001197575 0.165253982 -0.000347673 0.999999821 0.000462250 -0.466953009 -0.001197415 -0.000462666 0.999999166 4.581716061
0.999998510 0.000015080 0.001719819 0.263459682 -0.000016166 0.999999821 0.000631574 -0.698272169 -0.001719809 -0.000631601 0.999998331 6.865244389
0.999996483 -0.000299405 0.002636472 0.355911642 0.000302304 0.999999344 -0.001099048 -0.931789815 -0.002636141 0.001099841 0.999995947 9.158253670
0.999988019 0.001455447 0.004665016 0.447599292 -0.001456511 0.999998808 0.000224716 -1.167181611 -0.004664685 -0.000231508 0.999989152 11.462578773
0.999969304 0.003487389 0.007015848 0.545234680 -0.003497264 0.999992907 0.001395824 -1.397519588 -0.007010930 -0.001420318 0.999974430 13.748077393
0.999948144 0.003373161 0.009611647 0.648362041 -0.003413446 0.999985456 0.004178042 -1.627481103 -0.009597414 -0.004210634 0.999945104 16.022150040
0.999939084 0.003542762 0.010451986 0.744809151 -0.003596940 0.999980152 0.005169301 -1.851564527 -0.010433466 -0.005206582 0.999931991 18.323249817
0.999928713 0.002502936 0.011669169 0.854049623 -0.002565478 0.999982417 0.005347695 -2.077343464 -0.011655578 -0.005377250 0.999917626 20.595264435
0.999925077 0.000134668 0.012238628 0.978559196 -0.000171220 0.999995530 0.002985611 -2.303154945 -0.012238171 -0.002987483 0.999920666 22.917221069
0.999913335 -0.002009189 0.013012192 1.086827278 0.001991708 0.999997139 0.001356270 -2.527587891 -0.013014878 -0.001330236 0.999914467 25.197048187
0.999912739 -0.002498992 0.012973035 1.220900059 0.002488956 0.999996543 0.000789657 -2.773845434 -0.012974965 -0.000757299 0.999915540 27.492061615
0.999898434 -0.002126899 0.014095110 1.326528788 0.002129446 0.999997735 -0.000165720 -2.998234987 -0.014094725 0.000195718 0.999900639 29.778364182
0.999894559 -0.000209248 0.014517961 1.457555175 0.000173466 0.999996960 0.002465878 -3.229900360 -0.014518432 -0.002463099 0.999891520 32.060924530
0.999893069 0.001769765 0.014513137 1.588183880 -0.001837800 0.999987423 0.004675790 -3.449282885 -0.014504680 -0.004701963 0.999883771 34.341125488
0.999863505 0.004013981 0.016027136 1.707494497 -0.004155074 0.999952853 0.008779785 -3.680759192 -0.015991142 -0.008845180 0.999832988 36.660514832
0.999847114 0.005908654 0.016456282 1.828789830 -0.006045487 0.999947488 0.008277701 -3.896804810 -0.016406508 -0.008375923 0.999830365 38.931617737
0.999811828 0.004954281 0.018756635 1.928724289 -0.005089488 0.999961495 0.007167660 -4.105187416 -0.018720401 -0.007261775 0.999798298 41.229789734
0.999814451 0.002493716 0.019103156 2.054354906 -0.002608245 0.999978781 0.005972697 -4.326716423 -0.019087853 -0.006021414 0.999799728 43.503608704
0.999826372 0.001993048 0.018525859 2.190315723 -0.002085911 0.999985337 0.004994642 -4.551398754 -0.018515633 -0.005032417 0.999815881 45.754199982
0.999828994 0.001234402 0.018452082 2.316704035 -0.001309720 0.999990821 0.004070314 -4.778769016 -0.018446889 -0.004093784 0.999821484 48.026386261
0.999832809 -0.000140410 0.018285010 2.454563618 0.000060152 0.999990344 0.004389781 -5.003471851 -0.018285450 -0.004387947 0.999823153 50.305881500
0.999812961 -0.000582438 0.019332923 2.580712318 0.000492300 0.999988973 0.004666850 -5.222660542 -0.019335428 -0.004656460 0.999802232 52.568855286
0.999805152 -0.001784230 0.019661156 2.714881897 0.001694324 0.999987960 0.004588509 -5.449304104 -0.019669108 -0.004554302 0.999796271 54.851810455
0.999777973 -0.002290955 0.020946063 2.840218067 0.002184514 0.999984741 0.005103131 -5.678500652 -0.020957433 -0.005056242 0.999767542 57.146244049
0.999766231 -0.003735400 0.021296689 2.980793476 0.003616964 0.999977767 0.005597022 -5.899616718 -0.021317123 -0.005518686 0.999757528 59.413570404
0.999721706 -0.004967424 0.023061551 3.103579998 0.004852613 0.999975562 0.005031754 -6.122576237 -0.023085983 -0.004918445 0.999721348 61.683662415
0.999704838 -0.005621286 0.023635915 3.253048420 0.005509017 0.999973357 0.004812348 -6.344458103 -0.023662331 -0.004680716 0.999709010 63.939258575
0.999675810 -0.005216403 0.024920024 3.394057512 0.005088415 0.999973536 0.005196666 -6.563319206 -0.024946474 -0.005068178 0.999675930 66.209487915
0.999649942 -0.004113542 0.026136331 3.538804054 0.003971620 0.999977112 0.005479691 -6.787987709 -0.026158275 -0.005373970 0.999643326 68.469314575
0.999610007 -0.004398625 0.027575774 3.676321030 0.004253594 0.999976814 0.005315850 -7.012985706 -0.027598519 -0.005196481 0.999605596 70.722312927
0.999595046 -0.005267574 0.027964883 3.835995674 0.005159168 0.999978840 0.003947238 -7.233856201 -0.027985085 -0.003801364 0.999601126 72.976531982
0.999582589 -0.006163442 0.028224532 3.997149229 0.006043710 0.999972403 0.004325450 -7.459004879 -0.028250413 -0.004153064 0.999592185 75.256973267
0.999539196 -0.007306900 0.029459937 4.157037735 0.007203758 0.999967575 0.003605694 -7.686865330 -0.029485326 -0.003391811 0.999559402 77.521789551
0.999521554 -0.008137421 0.029839566 4.305861473 0.008021745 0.999959767 0.003994305 -7.916251659 -0.029870871 -0.003753030 0.999546707 79.753005981
0.999489665 -0.008562898 0.030776000 4.453323364 0.008449360 0.999956965 0.003817354 -8.133356094 -0.030807359 -0.003555369 0.999519050 82.007461548
0.999468148 -0.007648043 0.031700060 4.622286320 0.007542761 0.999965608 0.003439479 -8.359408379 -0.031725284 -0.003198544 0.999491513 84.286338806
0.999421835 -0.007458895 0.033170927 4.779518127 0.007321260 0.999964118 0.004268804 -8.580089569 -0.033201572 -0.004023483 0.999440610 86.543029785
0.999421895 -0.007247587 0.033215728 4.949892044 0.007068523 0.999959886 0.005505163 -8.811159134 -0.033254296 -0.005267194 0.999432981 88.826240540
0.999394298 -0.006398072 0.034206152 5.111015797 0.006185840 0.999960959 0.006306736 -9.036160469 -0.034245167 -0.006091323 0.999394894 91.080024719
0.999368787 -0.006224949 0.034974322 5.278537750 0.006011381 0.999962687 0.006208267 -9.254329681 -0.035011664 -0.005994105 0.999368846 93.315620422
0.999365389 -0.005586093 0.035180509 5.464527130 0.005394502 0.999970138 0.005538539 -9.474200249 -0.035210390 -0.005345243 0.999365628 95.542030334
0.999336720 -0.006444114 0.035840482 5.635624886 0.006233333 0.999962628 0.005989722 -9.694485664 -0.035877742 -0.005762343 0.999339581 97.786468506
0.999299109 -0.006280698 0.036902454 5.794255733 0.006075795 0.999965489 0.005662073 -9.924396515 -0.036936749 -0.005433893 0.999302745 100.023414612
0.999242008 -0.006206387 0.038430616 5.950558186 0.005947318 0.999958813 0.006851873 -10.140082359 -0.038471550 -0.006618120 0.999237776 102.251533508
0.999237418 -0.006919853 0.038427256 6.153788090 0.006681716 0.999957681 0.006322072 -10.351566315 -0.038469389 -0.006060490 0.999241352 104.515518188
0.999203384 -0.007941407 0.039108541 6.331588745 0.007669367 0.999945343 0.007101186 -10.566123009 -0.039162807 -0.006795592 0.999209762 106.745903015
0.999165893 -0.009465425 0.039721996 6.510777473 0.009185395 0.999931633 0.007226346 -10.780724525 -0.039787684 -0.006855456 0.999184608 108.998695374
0.999127269 -0.010480735 0.040433742 6.691669941 0.010155622 0.999914467 0.008237681 -11.003829956 -0.040516626 -0.007819860 0.999148369 111.255981445
0.999108851 -0.010986740 0.040755633 6.882063866 0.010709855 0.999918103 0.007005880 -11.224527359 -0.040829271 -0.006563148 0.999144554 113.527870178
0.999060929 -0.011544269 0.041760430 7.061316967 0.011300531 0.999917626 0.006067922 -11.439128876 -0.041827045 -0.005590309 0.999109209 115.775009155
0.999029934 -0.011889762 0.042400610 7.240209103 0.011621746 0.999910951 0.006561994 -11.663539886 -0.042474866 -0.006062859 0.999079108 118.006546021
0.998979151 -0.012389777 0.043440234 7.426885605 0.012087388 0.999900877 0.007216760 -11.881896019 -0.043525338 -0.006684315 0.999029934 120.258079529
0.998932004 -0.012812464 0.044392094 7.618304253 0.012491239 0.999893725 0.007505980 -12.099105835 -0.044483542 -0.006943452 0.998986006 122.492935181
0.998894989 -0.013759199 0.044937164 7.812435150 0.013441090 0.999882400 0.007373454 -12.315413475 -0.045033325 -0.006761303 0.998962581 124.726615906
0.998869240 -0.014533509 0.045265555 8.004467010 0.014243826 0.999876022 0.006715655 -12.537706375 -0.045357548 -0.006063306 0.998952329 126.984855652
0.998853087 -0.016207699 0.045052499 8.195323944 0.015914131 0.999849796 0.006867246 -12.749623299 -0.045157030 -0.006142399 0.998960972 129.246780396
0.998876274 -0.017152332 0.044181738 8.384327888 0.016850246 0.999832094 0.007200734 -12.963591576 -0.044297829 -0.006448169 0.998997569 131.494232178
0.998939693 -0.017495353 0.042585265 8.583292007 0.017150700 0.999817193 0.008445293 -13.179887772 -0.042725239 -0.007705970 0.999057174 133.725189209
0.998996675 -0.018877899 0.040611893 8.787804604 0.018560925 0.999794364 0.008167909 -13.403888702 -0.040757734 -0.007405920 0.999141634 135.963226318
0.999056160 -0.019571474 0.038778976 8.991359711 0.019294811 0.999785781 0.007495785 -13.610072136 -0.038917370 -0.006740477 0.999219716 138.190490723
0.999061882 -0.020091953 0.038360041 9.167907715 0.019801470 0.999772429 0.007937544 -13.831666946 -0.038510788 -0.007170513 0.999232471 140.457168579
0.999048889 -0.020386217 0.038544454 9.335353851 0.020099446 0.999767482 0.007813011 -14.035337448 -0.038694765 -0.007030858 0.999226391 142.691574097
0.999093592 -0.020272288 0.037430909 9.517463684 0.019931963 0.999756753 0.009443052 -14.260025024 -0.037613235 -0.008688421 0.999254584 144.887344360
0.999108374 -0.019358709 0.037518665 9.690866470 0.019059202 0.999783695 0.008324103 -14.472086906 -0.037671693 -0.007601606 0.999261260 147.129135132
0.999128997 -0.018100686 0.037597116 9.865732193 0.017856544 0.999817312 0.006819285 -14.686539650 -0.037713677 -0.006141991 0.999269724 149.367507935
0.999150693 -0.016329205 0.037829943 10.040111542 0.016110335 0.999851704 0.006083345 -14.904559135 -0.037923668 -0.005468725 0.999265671 151.613265991
0.999162912 -0.015593546 0.037819311 10.222288132 0.015373965 0.999863267 0.006089964 -15.118182182 -0.037909113 -0.005503434 0.999266028 153.835754395
0.999150038 -0.014694927 0.038511559 10.392271042 0.014451631 0.999873817 0.006588278 -15.331903458 -0.038603518 -0.006026121 0.999236584 156.096481323
0.999162018 -0.014128612 0.038413949 10.591375351 0.013840666 0.999874115 0.007751574 -15.551252365 -0.038518641 -0.007213403 0.999231935 158.310394287
0.999111295 -0.013267586 0.040007759 10.750177383 0.012902686 0.999872923 0.009365183 -15.779936790 -0.040126927 -0.008840653 0.999155462 160.570999146
0.999077201 -0.012364082 0.041132294 10.926814079 0.011912180 0.999866188 0.011213542 -15.993005753 -0.041265436 -0.010713218 0.999090731 162.805221558
0.999049485 -0.011924013 0.041928433 11.103128433 0.011496834 0.999879599 0.010414736 -16.200428009 -0.042047579 -0.009922792 0.999066293 165.054443359
0.999013722 -0.011203193 0.042965610 11.293638229 0.010813934 0.999898374 0.009281524 -16.410259247 -0.043065235 -0.008807742 0.999033451 167.290512085
0.998932660 -0.009259744 0.045251049 11.470184326 0.008828770 0.999913871 0.009714653 -16.620044708 -0.045337100 -0.009304773 0.998928428 169.519042969
0.998813331 -0.009071985 0.047848601 11.650546074 0.008592567 0.999910891 0.010215652 -16.844287872 -0.047937017 -0.009792389 0.998802364 171.780197144
0.998698652 -0.009421880 0.050122526 11.853008270 0.008945916 0.999912739 0.009711930 -17.048776627 -0.050209653 -0.009250898 0.998695850 174.038482666
0.998613834 -0.009108082 0.051839415 12.052564621 0.008573062 0.999907792 0.010533772 -17.263315201 -0.051930573 -0.010074751 0.998599887 176.270492554
0.998559237 -0.009906678 0.052738294 12.255390167 0.009312800 0.999890506 0.011494733 -17.474483490 -0.052846402 -0.010987029 0.998542130 178.496109009
0.998508811 -0.010775203 0.053517722 12.450300217 0.010146879 0.999876499 0.011998340 -17.685144424 -0.053640395 -0.011437410 0.998494804 180.728820801
0.998545051 -0.011942280 0.052584946 12.657100677 0.011368006 0.999872565 0.011206504 -17.891092300 -0.052712083 -0.010592415 0.998553574 182.983657837
0.998555720 -0.013226348 0.052071150 12.866893768 0.012649203 0.999855042 0.011397811 -18.104400635 -0.052214354 -0.010722692 0.998578250 185.220275879
0.998572052 -0.014992751 0.051272951 13.081795692 0.014378826 0.999820709 0.012321656 -18.311042786 -0.051448487 -0.011566816 0.998608649 187.459747314
0.998548269 -0.015800392 0.051494613 13.262203217 0.015236335 0.999819636 0.011328002 -18.510128021 -0.051664311 -0.010526967 0.998609126 189.686950684
0.998508692 -0.016924987 0.051903404 13.461900711 0.016378334 0.999806046 0.010939491 -18.717046738 -0.052078489 -0.010073083 0.998592198 191.929306030
0.998508871 -0.017913565 0.051566981 13.672054291 0.017364332 0.999787867 0.011079277 -18.941827774 -0.051754508 -0.010167331 0.998608053 194.180953979
0.998525083 -0.017469404 0.051405277 13.880882263 0.016898356 0.999790847 0.011522410 -19.148801804 -0.051595807 -0.010636752 0.998611391 196.415023804
0.998533607 -0.015753986 0.051790737 14.093225479 0.015156229 0.999814153 0.011914376 -19.358119965 -0.051968809 -0.011111955 0.998586833 198.648773193
0.998554230 -0.013442515 0.052045487 14.287878036 0.012863283 0.999851704 0.011448347 -19.574308395 -0.052191664 -0.010762322 0.998579085 200.914382935
0.998517394 -0.012662491 0.052942213 14.494499207 0.012103534 0.999867737 0.010865222 -19.783843994 -0.053072810 -0.010208325 0.998538435 203.174423218
0.998486876 -0.013305116 0.053355578 14.698953629 0.012689468 0.999849081 0.011860836 -19.992130280 -0.053505346 -0.011165834 0.998505056 205.406875610
0.998438537 -0.014734372 0.053883500 14.902858734 0.014068886 0.999820292 0.012709054 -20.201316833 -0.054061078 -0.011931127 0.998466313 207.624908447
0.998414695 -0.014690124 0.054334313 15.126006126 0.014048636 0.999827266 0.012169484 -20.403783798 -0.054503694 -0.011386868 0.998448610 209.903274536
0.998316050 -0.014204068 0.056243274 15.335898399 0.013473823 0.999820232 0.013341668 -20.610359192 -0.056422662 -0.012561389 0.998327971 212.148620605
0.998242617 -0.012859685 0.057847627 15.565900803 0.012090925 0.999834239 0.013619856 -20.812824249 -0.058013182 -0.012896489 0.998232543 214.380172729
0.998065352 -0.011942309 0.061016161 15.757562637 0.011133254 0.999845684 0.013582566 -21.010650635 -0.061168961 -0.012876978 0.998044312 216.609725952
0.997943640 -0.012098501 0.062945351 15.987012863 0.011247854 0.999840796 0.013850934 -21.210727692 -0.063102908 -0.013114451 0.997920871 218.844406128
0.997804046 -0.013337054 0.064878225 16.215406418 0.012422196 0.999817848 0.014484206 -21.406675339 -0.065059595 -0.013646469 0.997788012 221.066909790
0.997723937 -0.014937474 0.065755807 16.451156616 0.013972284 0.999788165 0.015113911 -21.600944519 -0.065967642 -0.014160752 0.997721255 223.289505005
0.997658968 -0.017077357 0.066219054 16.697177887 0.016153762 0.999764979 0.014458043 -21.801918030 -0.066450402 -0.013354509 0.997700334 225.507766724
0.997636557 -0.018407909 0.066199005 16.940355301 0.017516818 0.999748349 0.014016164 -21.996713638 -0.066440366 -0.012823441 0.997707903 227.765701294
0.997583747 -0.018580234 0.066943981 17.175422668 0.017664596 0.999742448 0.014243803 -22.196809769 -0.067191392 -0.013026845 0.997655034 230.000640869
0.997538865 -0.019848622 0.067247950 17.421348572 0.019007908 0.999733269 0.013118627 -22.396234512 -0.067490384 -0.011808096 0.997650027 232.244216919
0.997495592 -0.020546088 0.067678124 17.660629272 0.019653520 0.999711215 0.013828022 -22.588792801 -0.067942694 -0.012463278 0.997611344 234.480697632
0.997464597 -0.020528993 0.068138793 17.918394089 0.019566076 0.999699473 0.014769190 -22.794391632 -0.068421520 -0.013398534 0.997566462 236.710525513
0.997429311 -0.020401197 0.068690769 18.159688950 0.019452948 0.999706388 0.014445380 -22.985780716 -0.068965308 -0.013072009 0.997533381 238.934661865
0.997393250 -0.020838834 0.069083057 18.403511047 0.019851107 0.999691129 0.014953591 -23.186767578 -0.069373354 -0.013543236 0.997498751 241.151687622
0.997347891 -0.021410862 0.069561370 18.649925232 0.020403342 0.999676764 0.015162311 -23.384208679 -0.069863513 -0.013702817 0.997462451 243.388717651
0.997316062 -0.021737341 0.069915444 18.896678925 0.020767733 0.999678135 0.014565511 -23.586929321 -0.070209540 -0.013074432 0.997446597 245.608963013
0.997325003 -0.021341728 0.069909759 19.150283813 0.020420201 0.999695301 0.013870001 -23.787561417 -0.070184462 -0.012405327 0.997456908 247.839721680
0.997300446 -0.021676645 0.070156448 19.400833130 0.020718474 0.999682248 0.014356608 -23.985631943 -0.070445359 -0.012864317 0.997432709 250.070388794
0.997261465 -0.022812588 0.070349433 19.656511307 0.021869225 0.999660552 0.014150875 -24.183687210 -0.070648372 -0.012573635 0.997422040 252.306854248
0.997257948 -0.023024652 0.070330247 19.920635223 0.022017997 0.999644220 0.015055166 -24.387470245 -0.070651874 -0.013465355 0.997410119 254.570526123
0.997224867 -0.024241464 0.070391908 20.161291122 0.023207050 0.999610901 0.015476010 -24.589555740 -0.070739679 -0.013799476 0.997399330 256.790863037
0.997188568 -0.024299135 0.070883915 20.416385651 0.023237741 0.999605596 0.015760235 -24.787387848 -0.071238928 -0.014068743 0.997360051 259.062713623
0.997160673 -0.023894558 0.071411632 20.670602798 0.022862799 0.999622524 0.015230750 -24.981760025 -0.071748614 -0.013554836 0.997330666 261.308013916
0.997142553 -0.023836961 0.071682341 20.931076050 0.022839671 0.999630988 0.014700398 -25.175754547 -0.072006315 -0.013021192 0.997319162 263.557373047
0.997112691 -0.023211017 0.072301917 21.190711975 0.022231413 0.999650240 0.014324241 -25.379447937 -0.072609097 -0.012675509 0.997279942 265.797973633
0.997046053 -0.022575503 0.073412955 21.445976257 0.021577239 0.999664068 0.014362780 -25.572702408 -0.073712535 -0.012736306 0.997198224 268.042358398
0.996925294 -0.022041183 0.075194001 21.694034576 0.021032337 0.999678195 0.014182266 -25.782821655 -0.075482391 -0.012557155 0.997067988 270.292327881
0.996813834 -0.022753920 0.076449811 21.960636139 0.021721020 0.999661624 0.014315446 -25.981292725 -0.076749660 -0.012609268 0.996970594 272.540069580
0.996648788 -0.023195045 0.078442477 22.215196609 0.022050496 0.999637842 0.015425898 -26.182060242 -0.078771874 -0.013644505 0.996799290 274.775909424
0.996563852 -0.022918740 0.079594590 22.496662140 0.021720303 0.999637783 0.015890161 -26.363544464 -0.079929948 -0.014106741 0.996700644 277.019714355
0.996473074 -0.022903636 0.080726653 22.775053024 0.021510527 0.999605060 0.018084895 -26.576244354 -0.081108980 -0.016284633 0.996572196 279.267852783
0.996380627 -0.022707233 0.081915215 23.056283951 0.021207510 0.999592006 0.019132247 -26.771890640 -0.082316235 -0.017325779 0.996455669 281.506164551
0.996334076 -0.021658182 0.082760312 23.337797165 0.020168839 0.999619961 0.018789792 -26.953804016 -0.083135813 -0.017051734 0.996392250 283.770385742
0.996240795 -0.020687293 0.084120825 23.605541229 0.019199392 0.999645233 0.018458443 -27.141519547 -0.084472843 -0.016773984 0.996284544 286.002655029
0.996228576 -0.019933660 0.084447093 23.889196396 0.018551055 0.999681175 0.017125757 -27.325019836 -0.084761538 -0.015494586 0.996280789 288.241119385
0.996175528 -0.020736279 0.084878311 24.162973404 0.019315409 0.999659836 0.017527310 -27.522863388 -0.085212894 -0.015820820 0.996237218 290.467468262
0.996067286 -0.020896923 0.086100377 24.416162491 0.019561790 0.999675393 0.016321398 -27.707757950 -0.086413495 -0.014572933 0.996152759 292.719268799
0.996075571 -0.021521354 0.085850485 24.699010849 0.020273827 0.999676228 0.015376935 -27.897174835 -0.086153619 -0.013576069 0.996189356 294.949188232
0.996044457 -0.021555988 0.086201020 24.975782394 0.020314146 0.999677241 0.015257763 -28.091300964 -0.086502060 -0.013446311 0.996161044 297.181091309
0.996046722 -0.020795999 0.086362503 25.257989883 0.019552382 0.999693036 0.015221066 -28.282032013 -0.086652525 -0.013472302 0.996147513 299.419860840
0.995972395 -0.020687610 0.087241046 25.517599106 0.019313343 0.999676347 0.016567312 -28.484636307 -0.087555535 -0.014815675 0.996049464 301.650207520
0.995965421 -0.021657391 0.087084539 25.809709549 0.020281440 0.999655604 0.016654123 -28.676898956 -0.087415233 -0.014820728 0.996061802 303.903167725
0.995924115 -0.021180598 0.087673083 26.094411850 0.019758612 0.999659419 0.017055428 -28.870494843 -0.088004470 -0.015253615 0.996003270 306.146972656
0.995904863 -0.021992272 0.087691024 26.379913330 0.020597775 0.999647021 0.016775699 -29.065681458 -0.088028990 -0.014900761 0.996006429 308.396514893
0.995853543 -0.023146439 0.087976970 26.669214249 0.021700114 0.999613702 0.017360980 -29.258510590 -0.088344857 -0.015379882 0.995971322 310.654144287
0.995811582 -0.023230990 0.088430002 26.958374023 0.021842021 0.999622881 0.016642500 -29.452659607 -0.088783294 -0.014641305 0.995943308 312.891052246
0.995848119 -0.022842307 0.088118099 27.260105133 0.021388492 0.999619603 0.017407648 -29.650600433 -0.088482216 -0.015450663 0.995957911 315.146392822
0.995793760 -0.021077039 0.089164987 27.547079086 0.019664790 0.999667346 0.016687578 -29.847661972 -0.089487053 -0.014863978 0.995877206 317.390289307
0.995804787 -0.019433849 0.089415707 27.834995270 0.017978869 0.999693096 0.017048866 -30.040786743 -0.089719586 -0.015369751 0.995848477 319.633239746
0.995741010 -0.018383279 0.090343386 28.122982025 0.016974201 0.999722362 0.016340684 -30.234043121 -0.090618685 -0.014737580 0.995776594 321.863830566
0.995702207 -0.017717917 0.090901837 28.411563873 0.016245846 0.999725044 0.016908575 -30.423904419 -0.091176420 -0.015359127 0.995716453 324.097320557
0.995730519 -0.017358799 0.090660997 28.715183258 0.015771646 0.999710083 0.018193683 -30.626373291 -0.090950519 -0.016686130 0.995715618 326.326354980
0.995672166 -0.017640829 0.091246836 28.997261047 0.016059088 0.999708295 0.018040081 -30.821159363 -0.091538481 -0.016496662 0.995664895 328.565216064
0.995672226 -0.018664958 0.091041073 29.297744751 0.017169658 0.999704897 0.017180236 -31.011878967 -0.091334879 -0.015542736 0.995699048 330.796020508
0.995648503 -0.017879065 0.091456540 29.582305908 0.016398817 0.999722421 0.016911255 -31.202278137 -0.091733530 -0.015337885 0.995665431 333.021240234
0.995626867 -0.018291792 0.091612324 29.874259949 0.016712438 0.999698699 0.017977221 -31.390098572 -0.091913581 -0.016367538 0.995632470 335.265319824
0.995632350 -0.018651890 0.091478519 30.174610138 0.017083505 0.999693871 0.017898118 -31.579265594 -0.091784343 -0.016257169 0.995646179 337.498687744
0.995640635 -0.018463230 0.091426171 30.461383820 0.016864488 0.999691606 0.018228555 -31.773416519 -0.091734529 -0.016607234 0.995644987 339.736328125
0.995661736 -0.018458512 0.091196992 30.761552811 0.016901307 0.999698400 0.017818058 -31.966341019 -0.091498405 -0.016199416 0.995673478 341.981506348
0.995670080 -0.018526290 0.091092683 31.055149078 0.016904881 0.999685228 0.018539064 -32.160671234 -0.091407463 -0.016918877 0.995669782 344.226257324
0.995684147 -0.017895184 0.091065347 31.345151901 0.016274383 0.999696314 0.018509768 -32.350097656 -0.091368914 -0.016947847 0.995672882 346.464965820
0.995696545 -0.017561197 0.090994403 31.634983063 0.015955266 0.999704361 0.018346259 -32.539390564 -0.091289677 -0.016815467 0.995682359 348.707641602
0.995666444 -0.017005080 0.091428682 31.923137665 0.015334445 0.999702930 0.018944133 -32.734584808 -0.091723666 -0.017460030 0.995631397 350.944854736
0.995706797 -0.017075656 0.090974450 32.215896606 0.015383509 0.999695957 0.019269144 -32.922470093 -0.091275819 -0.017786914 0.995666742 353.160186768
0.995716870 -0.016522963 0.090967871 32.501434326 0.014869355 0.999712229 0.018825810 -33.113574982 -0.091252744 -0.017392540 0.995675862 355.391937256
0.995725036 -0.016607504 0.090861395 32.790176392 0.014908667 0.999701738 0.019343905 -33.302051544 -0.091155566 -0.017906586 0.995675683 357.624420166
0.995798349 -0.016206628 0.090127580 33.089298248 0.014451654 0.999693692 0.020090759 -33.491809845 -0.090425558 -0.018703852 0.995727539 359.865325928
0.995838583 -0.016483672 0.089631423 33.385437012 0.014729135 0.999687433 0.020201350 -33.682609558 -0.089936405 -0.018797087 0.995770037 362.108276367
0.995915651 -0.016495844 0.088768601 33.685009003 0.014733073 0.999681771 0.020476749 -33.867614746 -0.089078151 -0.019085281 0.995841801 364.343841553
0.995984137 -0.016653584 0.087967448 33.980239868 0.014963828 0.999691427 0.019833531 -34.054512024 -0.088270605 -0.018437549 0.995925903 366.598876953
0.995976686 -0.017144207 0.087956689 34.259422302 0.015461257 0.999684751 0.019779598 -34.244972229 -0.088268079 -0.018340096 0.995927930 368.843688965
0.995972931 -0.016907156 0.088045873 34.543384552 0.015298148 0.999704063 0.018917527 -34.428260803 -0.088339657 -0.017494405 0.995936871 371.110565186
0.996009171 -0.017643685 0.087489806 34.821666718 0.016004855 0.999683678 0.019397974 -34.626815796 -0.087804385 -0.017920295 0.995976508 373.351013184
0.996064186 -0.017414000 0.086907037 35.115386963 0.015701558 0.999669611 0.020349169 -34.813560486 -0.087232687 -0.018904503 0.996008575 375.605072021
0.996044636 -0.017491678 0.087115265 35.391921997 0.015771333 0.999667466 0.020397244 -34.994346619 -0.087443084 -0.018942641 0.995989382 377.856506348
0.996037364 -0.018033048 0.087088659 35.677932739 0.016278397 0.999650776 0.020816261 -35.185604095 -0.087433621 -0.019316109 0.995983064 380.087982178
0.996035457 -0.018003576 0.087116487 35.968734741 0.016259609 0.999653757 0.020687219 -35.364944458 -0.087458767 -0.019188726 0.995983243 382.328338623
0.996041894 -0.017112795 0.087222248 36.261608124 0.015332809 0.999661148 0.021036791 -35.553543091 -0.087552704 -0.019616166 0.995966733 384.583679199
0.996057928 -0.016415570 0.087172940 36.551822662 0.014650356 0.999675214 0.020850940 -35.732688904 -0.087486908 -0.019491628 0.995974898 386.840911865
0.996085644 -0.015283816 0.087061875 36.850605011 0.013518153 0.999691546 0.020834198 -35.927902222 -0.087353446 -0.019575726 0.995985031 389.109191895
0.996064007 -0.013891247 0.087541603 37.132392883 0.012115499 0.999710500 0.020783452 -36.116737366 -0.087804973 -0.019641032 0.995944023 391.382385254
0.996100426 -0.012482577 0.087339275 37.424179077 0.010574160 0.999695837 0.022279264 -36.303588867 -0.087590836 -0.021268843 0.995929420 393.648803711
0.996014237 -0.011408527 0.088460900 37.696701050 0.009462640 0.999704659 0.022385415 -36.484043121 -0.088690147 -0.021459119 0.995828092 395.913665771
0.995956659 -0.011319384 0.089118801 37.984565735 0.009483754 0.999734759 0.020994131 -36.675216675 -0.089332782 -0.020064067 0.995799720 398.180969238
0.995905161 -0.011142021 0.089714102 38.270420074 0.009344832 0.999747574 0.020427568 -36.862945557 -0.089919053 -0.019505555 0.995757997 400.447723389
0.995762110 -0.012047472 0.091173746 38.548236847 0.010139785 0.999720395 0.021358036 -37.042434692 -0.091405571 -0.020343043 0.995605886 402.692962646
0.995773792 -0.013450221 0.090849109 38.850807190 0.011437519 0.999678254 0.022638766 -37.232460022 -0.091124371 -0.021503998 0.995607316 404.973937988
0.995741189 -0.013898886 0.091138802 39.142910004 0.011888398 0.999674618 0.022565547 -37.415649414 -0.091422789 -0.021385951 0.995582402 407.228271484
0.995668590 -0.012608975 0.092114225 39.448474884 0.010661074 0.999709606 0.021608137 -37.595432281 -0.092359930 -0.020532507 0.995513916 409.488525391
0.995608866 -0.011697008 0.092876911 39.748264313 0.009705321 0.999713719 0.021867191 -37.785392761 -0.093106121 -0.020869771 0.995437443 411.747283936
0.995541573 -0.010249030 0.093765579 40.045097351 0.008263878 0.999733865 0.021535331 -37.971248627 -0.093961366 -0.020664448 0.995361388 414.001220703
0.995454252 -0.009155942 0.094799787 40.347221375 0.007137906 0.999741137 0.021604618 -38.154998779 -0.094973072 -0.020829737 0.995261908 416.270904541
0.995409191 -0.009655945 0.095222212 40.654270172 0.007639665 0.999739289 0.021516368 -38.341945648 -0.095405146 -0.020690128 0.995223463 418.521209717
0.995301008 -0.009806655 0.096330673 40.950344086 0.007774774 0.999739707 0.021445550 -38.523880005 -0.096515909 -0.020595836 0.995118320 420.770446777
0.995223284 -0.010141003 0.097096607 41.250110626 0.008107620 0.999739945 0.021313546 -38.713447571 -0.097287521 -0.020424517 0.995046675 423.025573730
0.995143652 -0.010571176 0.097864285 41.559249878 0.008409164 0.999711931 0.022478133 -38.898921967 -0.098073713 -0.021546017 0.994945884 425.297363281
0.995113492 -0.010033827 0.098226286 41.866962433 0.007788226 0.999700069 0.023218291 -39.083312988 -0.098429777 -0.022339830 0.994893193 427.549224854
0.995041132 -0.009349244 0.099023610 42.180850983 0.006998231 0.999686003 0.024062719 -39.264690399 -0.099217474 -0.023250412 0.994794071 429.828552246
0.995056629 -0.009612588 0.098842703 42.502197266 0.007247583 0.999679446 0.024258258 -39.454505920 -0.099044204 -0.023421966 0.994807363 432.099212646
0.995026588 -0.010247687 0.099081129 42.819282532 0.007939774 0.999688566 0.023659499 -39.642917633 -0.099292710 -0.022755148 0.994798064 434.363250732
0.995027304 -0.009398591 0.099158123 43.140007019 0.007079257 0.999693811 0.023716234 -39.811355591 -0.099350631 -0.022896336 0.994789004 436.633331299
0.994972408 -0.009756271 0.099673048 43.454437256 0.007392502 0.999683261 0.024057085 -39.994586945 -0.099876165 -0.023199307 0.994729400 438.922119141
0.995003819 -0.009672263 0.099366792 43.777973175 0.007270325 0.999673307 0.024506191 -40.176338196 -0.099571347 -0.023661330 0.994749069 441.193298340
0.994967937 -0.009005859 0.099788159 44.099048615 0.006539075 0.999665558 0.025019772 -40.362419128 -0.099980108 -0.024241349 0.994694114 443.507263184
0.994932294 -0.009753084 0.100072779 44.418186188 0.007257914 0.999654353 0.025267424 -40.542236328 -0.100284629 -0.024413057 0.994659245 445.790039062
0.994921863 -0.009678127 0.100183696 44.730785370 0.007220274 0.999664664 0.024867047 -40.723739624 -0.100390770 -0.024017414 0.994658172 448.055999756
0.994891346 -0.008472068 0.100595608 45.046813965 0.006036429 0.999681771 0.024491953 -40.905155182 -0.100771084 -0.023759592 0.994625866 450.313995361
0.994837940 -0.008239628 0.101141468 45.359085083 0.005811133 0.999688268 0.024282061 -41.089229584 -0.101310000 -0.023568967 0.994575679 452.570556641
0.994735062 -0.007498948 0.102205150 45.668479919 0.005037618 0.999691546 0.024319110 -41.262229919 -0.102355994 -0.023676202 0.994466007 454.847137451
0.994729877 -0.007954502 0.102221325 45.984580994 0.005508935 0.999692321 0.024184316 -41.450157166 -0.102382250 -0.023493739 0.994467676 457.116088867
0.994750261 -0.007082684 0.102087945 46.314086914 0.004741567 0.999720514 0.023156809 -41.626811981 -0.102223448 -0.022551181 0.994505823 459.399444580
0.994729936 -0.005621917 0.102375254 46.634605408 0.003215097 0.999714911 0.023659639 -41.808898926 -0.102479070 -0.023205802 0.994464457 461.684906006
0.994741023 -0.005075688 0.102296218 46.953845978 0.002556992 0.999690652 0.024737701 -41.986728668 -0.102390140 -0.024346035 0.994446337 463.958862305
0.994768560 -0.005150621 0.102024242 47.264701843 0.002611504 0.999683917 0.025005341 -42.162445068 -0.102120794 -0.024608089 0.994467556 466.222167969
0.994867504 -0.005426971 0.101040810 47.588130951 0.003015728 0.999707341 0.024001522 -42.342544556 -0.101141497 -0.023573624 0.994592726 468.502349854
0.994948089 -0.005363584 0.100246809 47.917663574 0.003002168 0.999714792 0.023692057 -42.529037476 -0.100345306 -0.023271410 0.994680464 470.795959473
0.995008051 -0.005661551 0.099634051 48.234516144 0.003204634 0.999687254 0.024802202 -42.717388153 -0.099743307 -0.024359100 0.994715095 473.075103760
0.994982004 -0.005743612 0.099889189 48.538745880 0.003219777 0.999671996 0.025409235 -42.904052734 -0.100002356 -0.024960110 0.994674087 475.353607178
0.995044231 -0.005594745 0.099275783 48.852634430 0.003143910 0.999686956 0.024826422 -43.073509216 -0.099383608 -0.024391280 0.994750202 477.656158447
0.995090425 -0.005784164 0.098800451 49.173118591 0.003290880 0.999672472 0.025379892 -43.252380371 -0.098914906 -0.024930151 0.994783580 479.938415527
0.995119035 -0.006490871 0.098469637 49.489624023 0.003945853 0.999653637 0.026018480 -43.433380127 -0.098604411 -0.025502935 0.994799852 482.212585449
0.995149314 -0.006682658 0.098148830 49.800151825 0.004219671 0.999671519 0.025280563 -43.609222412 -0.098285541 -0.024743782 0.994850516 484.488006592
0.995212734 -0.007194129 0.097466752 50.115436554 0.004708293 0.999658346 0.025710486 -43.794158936 -0.097618416 -0.025128501 0.994906664 486.774169922
0.995262384 -0.007647964 0.096924141 50.417812347 0.005183630 0.999657512 0.025651738 -43.961803436 -0.097087137 -0.025027793 0.994961083 489.027191162
0.995296597 -0.007584439 0.096577048 50.730415344 0.005090506 0.999647856 0.026043508 -44.136394501 -0.096740566 -0.025429390 0.994984746 491.324890137
0.995344937 -0.006957559 0.096124455 51.041767120 0.004439329 0.999642074 0.026386652 -44.310806274 -0.096273616 -0.025837097 0.995019495 493.607299805
0.995333910 -0.006497820 0.096270852 51.339870453 0.004020529 0.999656320 0.025904162 -44.483566284 -0.096406117 -0.025396230 0.995018065 495.907928467
0.995348275 -0.006271182 0.096137859 51.657825470 0.003824526 0.999664545 0.025612628 -44.670104980 -0.096266232 -0.025125803 0.995038390 498.218933105
0.995376170 -0.006201520 0.095853381 51.963153839 0.003696086 0.999647439 0.026293674 -44.847030640 -0.095982641 -0.025817811 0.995048046 500.510925293
0.995387733 -0.005690884 0.095764764 52.266410828 0.003155037 0.999640882 0.026610583 -45.028106689 -0.095881782 -0.026185706 0.995048225 502.791412354
0.995412469 -0.004944348 0.095548511 52.573936462 0.002472379 0.999659598 0.025972437 -45.207702637 -0.095644385 -0.025617052 0.995085895 505.079833984
0.995411456 -0.004882104 0.095562615 52.872989655 0.002321688 0.999635756 0.026885945 -45.388603210 -0.095659070 -0.026540710 0.995060265 507.366851807
0.995415509 -0.005483704 0.095487654 53.179351807 0.003001347 0.999654293 0.026120871 -45.568771362 -0.095597893 -0.025714530 0.995087862 509.654510498
0.995461464 -0.006239695 0.094960935 53.499771118 0.003697502 0.999630690 0.026923383 -45.751594543 -0.095093846 -0.026450071 0.995116830 511.953887939
0.995452583 -0.005934904 0.095073156 53.808269501 0.003382917 0.999630153 0.026981069 -45.923973083 -0.095198147 -0.026536748 0.995104551 514.267395020
0.995470524 -0.005055237 0.094936498 54.118488312 0.002536332 0.999642015 0.026634477 -46.098049164 -0.095037147 -0.026273044 0.995126903 516.574096680
0.995434701 -0.004247298 0.095350094 54.415222168 0.001744583 0.999652147 0.026315672 -46.276668549 -0.095428698 -0.026029186 0.995095909 518.866821289
0.995403767 -0.002297439 0.095739610 54.724853516 -0.000252930 0.999645650 0.026617948 -46.459632874 -0.095766827 -0.026519822 0.995050430 521.209045410
0.995322824 -0.000205020 0.096604042 55.031661987 -0.002398153 0.999637127 0.026829951 -46.638038635 -0.096574485 -0.026936138 0.994961202 523.540954590
0.995246947 0.000651675 0.097381026 55.341312408 -0.003390128 0.999603450 0.027958196 -46.807621002 -0.097324200 -0.028155444 0.994854391 525.856933594
0.995164692 0.000270728 0.098220259 55.649162292 -0.003014643 0.999609292 0.027789015 -46.980640411 -0.098174363 -0.027950745 0.994776607 528.167053223
0.995120585 -0.001695584 0.098651446 55.961029053 -0.001193244 0.999572337 0.029216817 -47.154724121 -0.098658800 -0.029191971 0.994693041 530.473449707
0.995058894 -0.003300153 0.099231400 56.277416229 0.000436820 0.999583244 0.028863007 -47.327049255 -0.099285297 -0.028677044 0.994645715 532.783203125
0.995016396 -0.003304704 0.099656776 56.595699310 0.000477377 0.999597073 0.028381156 -47.500843048 -0.099710412 -0.028192138 0.994617045 535.106079102
0.994932830 -0.003647763 0.100475602 56.912963867 0.000807487 0.999599278 0.028294479 -47.679218292 -0.100538529 -0.028069980 0.994537055 537.426086426
0.994823575 -0.002863779 0.101576991 57.225505829 0.000058304 0.999618590 0.027611416 -47.857357025 -0.101617329 -0.027462563 0.994444370 539.752563477
0.994705617 -0.002300695 0.102739528 57.535133362 -0.000528934 0.999621511 0.027506044 -48.038902283 -0.102763921 -0.027414760 0.994327903 542.071044922
0.994604349 -0.002092018 0.103719302 57.854305267 -0.000686275 0.999642074 0.026743742 -48.217544556 -0.103738129 -0.026670622 0.994246960 544.383422852
0.994428217 -0.002030327 0.105395399 58.164459229 -0.000852097 0.999626994 0.027296443 -48.390769958 -0.105411522 -0.027234159 0.994055748 546.703369141
0.994336545 -0.001938278 0.106259212 58.482139587 -0.001053444 0.999604821 0.028091595 -48.571182251 -0.106271669 -0.028044438 0.993941545 548.992553711
0.994275212 -0.001995698 0.106830694 58.809932709 -0.001054723 0.999593675 0.028489679 -48.748794556 -0.106844127 -0.028439259 0.993868947 551.291687012
0.994359136 -0.002913167 0.106025793 59.158962250 -0.000002899 0.999621987 0.027492832 -48.922767639 -0.106065802 -0.027338058 0.993983150 553.602478027
0.994354010 -0.003466329 0.106056683 59.498134613 0.000478599 0.999602675 0.028183561 -49.102935791 -0.106112227 -0.027973678 0.993960619 555.919433594
0.994279265 -0.003536718 0.106752872 59.824958801 0.000466912 0.999586046 0.028767491 -49.279312134 -0.106810421 -0.028553076 0.993869364 558.224365234
0.994243562 -0.003121301 0.107097410 60.161636353 -0.000075337 0.999554932 0.029830925 -49.452991486 -0.107142851 -0.029667281 0.993800938 560.550781250
0.994258761 -0.004268150 0.106917061 60.506927490 0.000989177 0.999527991 0.030702665 -49.630584717 -0.106997646 -0.030420637 0.993793786 562.874023438
0.994227171 -0.003820022 0.107227311 60.847610474 0.000447706 0.999504983 0.031456616 -49.801788330 -0.107294418 -0.031227015 0.993736804 565.185607910
0.994178057 -0.003019906 0.107707441 61.191040039 -0.000308925 0.999523103 0.030876165 -49.975723267 -0.107749335 -0.030729679 0.993703008 567.506164551
0.994179070 -0.001869387 0.107724033 61.542881012 -0.001308211 0.999566257 0.029419374 -50.141513824 -0.107732289 -0.029389046 0.993745446 569.833129883
0.994175613 -0.001410392 0.107763134 61.901699066 -0.001809881 0.999554873 0.029779229 -50.317916870 -0.107757173 -0.029800825 0.993730485 572.153015137
0.994129121 -0.001451715 0.108190484 62.243545532 -0.001907183 0.999519527 0.030936208 -50.498683929 -0.108183414 -0.030960923 0.993648708 574.546752930
0.994120181 -0.001497089 0.108271584 62.593585968 -0.002007904 0.999477684 0.032255966 -50.673053741 -0.108263314 -0.032283708 0.993597925 576.851806641
0.993972898 -0.001039695 0.109620616 62.917427063 -0.002326910 0.999529660 0.030579034 -50.844776154 -0.109600827 -0.030649811 0.993503153 579.261474609
0.994011998 -0.001789555 0.109256521 63.271556854 -0.001505772 0.999546647 0.030071417 -51.006401062 -0.109260812 -0.030055860 0.993558586 581.594055176
0.993970156 -0.001689414 0.109637849 63.612579346 -0.001820146 0.999489307 0.031902503 -51.191883087 -0.109635748 -0.031909693 0.993459523 583.923583984
0.994051754 -0.001479193 0.108898431 63.963951111 -0.001997442 0.999491930 0.031809479 -51.356567383 -0.108890168 -0.031837780 0.993543863 586.239196777
0.993983209 -0.004311411 0.109447807 64.319091797 0.000903217 0.999513626 0.031170415 -51.539131165 -0.109528951 -0.030884005 0.993503690 588.602233887
0.994000316 -0.004524237 0.109283827 64.671531677 0.001135499 0.999517143 0.031050943 -51.703643799 -0.109371543 -0.030740552 0.993525505 590.951965332
0.993997395 -0.006204228 0.109227709 65.015899658 0.002760022 0.999495029 0.031655341 -51.875869751 -0.109368935 -0.031163855 0.993512571 593.286621094
0.994033873 -0.006829611 0.108858630 65.374015808 0.003364503 0.999482751 0.031983215 -52.046707153 -0.109020770 -0.031426143 0.993542612 595.642272949
