1.000000000 0.000000000 0.000000000 0.000000000 0.000000000 1.000000000 0.000000000 0.000000000 0.000000000 0.000000000 1.000000000 0.000000000
0.999999881 0.000157548 0.000453883 0.086131968 -0.000157485 1.000000000 -0.000138981 -0.225899428 -0.000453905 0.000138909 0.999999881 2.288535118
0.999999225 0.000455446 0.001183536 0.164947554 -0.000455803 0.999999821 0.000301697 -0.462042391 -0.001183398 -0.000302236 0.999999225 4.585657597
0.999998510 0.000128844 0.001713171 0.262029231 -0.000129879 0.999999821 0.000603899 -0.694883585 -0.001713093 -0.000604120 0.999998271 6.877420902
0.999996185 0.000235309 0.002761161 0.353358895 -0.000232491 0.999999404 -0.001020666 -0.927196264 -0.002761400 0.001020020 0.999995649 9.171830177
0.999987125 0.001977651 0.004679875 0.447226048 -0.001979148 0.999997973 0.000315324 -1.162723899 -0.004679242 -0.000324582 0.999988973 11.473525047
0.999962449 0.004183308 0.007582100 0.535434425 -0.004193939 0.999990225 0.001386892 -1.389190078 -0.007576224 -0.001418639 0.999970257 13.787390709
0.999944866 0.003961795 0.009718694 0.647967160 -0.003999677 0.999984443 0.003881630 -1.617557526 -0.009703164 -0.003920289 0.999945283 16.062862396
0.999936998 0.003923577 0.010515876 0.756633878 -0.003973761 0.999980807 0.004755677 -1.842569590 -0.010497015 -0.004797165 0.999933422 18.391407013
0.999918044 0.003070250 0.012430628 0.861264229 -0.003131596 0.999983072 0.004918589 -2.068110943 -0.012415315 -0.004957114 0.999910653 20.685539246
0.999926090 0.000446104 0.012149555 0.991516650 -0.000481766 0.999995530 0.002932435 -2.303087950 -0.012148191 -0.002938071 0.999921858 23.002241135
0.999911964 -0.001805373 0.013151158 1.097195148 0.001792362 0.999997914 0.001001111 -2.524117947 -0.013152936 -0.000977451 0.999913037 25.284637451
0.999913216 -0.002899104 0.012848651 1.235862017 0.002894499 0.999995768 0.000377014 -2.770128727 -0.012849692 -0.000339791 0.999917388 27.599809647
0.999902964 -0.002579454 0.013690139 1.344949603 0.002589070 0.999996483 -0.000684720 -2.995233297 -0.013688324 0.000720098 0.999906003 29.886962891
0.999890625 -0.000372748 0.014776771 1.463684320 0.000349426 0.999998689 0.001580892 -3.222472668 -0.014777340 -0.001575556 0.999889493 32.179393768
0.999889731 0.001669672 0.014754230 1.596168637 -0.001723873 0.999991775 0.003661640 -3.442805052 -0.014747997 -0.003686671 0.999884367 34.461605072
0.999856889 0.003976008 0.016442677 1.709984064 -0.004108978 0.999959171 0.008061019 -3.679921627 -0.016409954 -0.008127429 0.999832332 36.774059296
0.999839842 0.005791486 0.016927721 1.831032038 -0.005921761 0.999953091 0.007656014 -3.898542166 -0.016882589 -0.007755030 0.999827385 39.047084808
0.999807119 0.004873388 0.019024549 1.935803652 -0.004988083 0.999969661 0.005985997 -4.102483749 -0.018994801 -0.006079739 0.999801040 41.342628479
0.999814689 0.002430005 0.019094069 2.062817574 -0.002527696 0.999983847 0.005093797 -4.328645229 -0.019081384 -0.005141118 0.999804735 43.618442535
0.999820530 0.002509336 0.018779056 2.206564426 -0.002581912 0.999989271 0.003841479 -4.550206184 -0.018769220 -0.003889275 0.999816298 45.872272491
0.999817312 0.001922480 0.019016320 2.332447767 -0.001980794 0.999993384 0.003048183 -4.781430244 -0.019010337 -0.003085293 0.999814451 48.149631500
0.999817371 0.000389530 0.019108087 2.469101429 -0.000453582 0.999994278 0.003347898 -5.009380817 -0.019106673 -0.003355954 0.999811828 50.430614471
0.999804080 -0.000755451 0.019779818 2.603134871 0.000678176 0.999992132 0.003913154 -5.236815453 -0.019782621 -0.003898973 0.999796689 52.697563171
0.999799430 -0.001931768 0.019933138 2.739607811 0.001856092 0.999991059 0.003814321 -5.465784550 -0.019940328 -0.003776558 0.999794066 54.979492188
0.999775052 -0.002295995 0.021089533 2.871067286 0.002207053 0.999988496 0.004239703 -5.696006775 -0.021099024 -0.004192202 0.999768615 57.279293060
0.999760389 -0.003587821 0.021595158 3.010212421 0.003482167 0.999981761 0.004928072 -5.921309948 -0.021612443 -0.004851693 0.999754667 59.549095154
0.999717236 -0.005031230 0.023240259 3.134707928 0.004933539 0.999978721 0.004258945 -6.144603252 -0.023261189 -0.004143084 0.999720812 61.816413879
0.999700487 -0.005689142 0.023799310 3.283765793 0.005592866 0.999976039 0.004109878 -6.368927479 -0.023822116 -0.003975542 0.999708295 64.068206787
0.999670029 -0.005094877 0.025175223 3.421856880 0.004975948 0.999976099 0.004784442 -6.592226505 -0.025198998 -0.004657592 0.999671578 66.339065552
0.999649405 -0.004182731 0.026143698 3.567248583 0.004048622 0.999978304 0.005180583 -6.818998814 -0.026164802 -0.005072921 0.999644697 68.600921631
0.999615669 -0.004213588 0.027400952 3.704699755 0.004083902 0.999980330 0.004787126 -7.041592121 -0.027420580 -0.004673384 0.999613047 70.855003357
0.999604344 -0.005065840 0.027665619 3.864827156 0.004975351 0.999982059 0.003338692 -7.263524055 -0.027682032 -0.003199725 0.999611676 73.108901978
0.999586225 -0.005867879 0.028159874 4.017827511 0.005760183 0.999975801 0.003904030 -7.490310192 -0.028182102 -0.003740209 0.999595761 75.378463745
0.999542415 -0.007044867 0.029417483 4.176251411 0.006937983 0.999969006 0.003733860 -7.723997593 -0.029442877 -0.003528053 0.999560237 77.639053345
0.999536932 -0.008103098 0.029330617 4.332460403 0.008010106 0.999962449 0.003286655 -7.953753471 -0.029356146 -0.003050192 0.999564469 79.907249451
0.999509931 -0.008543035 0.030114850 4.480307102 0.008451278 0.999959230 0.003172809 -8.173116684 -0.030140728 -0.002916745 0.999541461 82.162773132
0.999494612 -0.007783104 0.030821005 4.651447296 0.007706070 0.999966979 0.002617401 -8.397009850 -0.030840363 -0.002378570 0.999521434 84.444633484
0.999443054 -0.007518623 0.032511648 4.805997849 0.007431229 0.999968410 0.002808122 -8.613262177 -0.032531731 -0.002564957 0.999467432 86.700172424
0.999441803 -0.007276909 0.032608949 4.974734783 0.007132910 0.999964297 0.004530116 -8.850770950 -0.032640748 -0.004294989 0.999457896 88.979255676
0.999407887 -0.006260969 0.033832952 5.130850792 0.006083374 0.999967098 0.005349555 -9.080156326 -0.033865336 -0.005140570 0.999413133 91.234077454
0.999382436 -0.006285730 0.034572646 5.298587799 0.006112828 0.999968290 0.005104554 -9.299347878 -0.034603629 -0.004890065 0.999389172 93.489410400
0.999362707 -0.006400225 0.035116941 5.466276646 0.006252604 0.999971151 0.004311915 -9.514304161 -0.035143524 -0.004089593 0.999373913 95.745826721
0.999336362 -0.006599348 0.035822760 5.634354115 0.006432766 0.999967933 0.004763448 -9.737440109 -0.035853051 -0.004529846 0.999346793 98.005722046
0.999298990 -0.006389484 0.036888037 5.793448448 0.006235854 0.999971390 0.004278359 -9.967954636 -0.036914319 -0.004045330 0.999310255 100.252906799
0.999239862 -0.006458725 0.038444698 5.951093674 0.006262182 0.999966621 0.005230600 -10.184974670 -0.038477197 -0.004985875 0.999247134 102.484878540
0.999246001 -0.006871736 0.038212080 6.152516365 0.006681073 0.999964595 0.005115062 -10.411748886 -0.038245879 -0.004855908 0.999256551 104.775993347
0.999214709 -0.007601317 0.038886286 6.329285622 0.007380422 0.999955833 0.005820907 -10.628283501 -0.038928822 -0.005529338 0.999226689 107.014213562
0.999191463 -0.008989912 0.039185934 6.514296055 0.008763464 0.999943852 0.005946663 -10.844305038 -0.039237194 -0.005598450 0.999214232 109.267982483
0.999162257 -0.010319782 0.039601389 6.700550079 0.010066139 0.999927521 0.006598962 -11.066879272 -0.039666612 -0.006194800 0.999193907 111.523178101
0.999139011 -0.010988069 0.040006083 6.888229847 0.010792837 0.999928713 0.005092819 -11.286705971 -0.040059198 -0.004656654 0.999186397 113.791954041
0.999103129 -0.011352834 0.040796403 7.068275452 0.011191824 0.999928653 0.004172935 -11.505653381 -0.040840879 -0.003712606 0.999158740 116.039451599
0.999064982 -0.011774099 0.041599896 7.247882843 0.011592774 0.999922216 0.004597351 -11.733774185 -0.041650787 -0.004110794 0.999123693 118.293739319
0.999009252 -0.011843726 0.042895969 7.429643631 0.011622170 0.999917805 0.005410649 -11.959154129 -0.042956524 -0.004906745 0.999064922 120.565139771
0.999003410 -0.012617141 0.042812508 7.634440422 0.012356088 0.999903440 0.006356746 -12.191992760 -0.042888578 -0.005821416 0.999062896 122.774291992
0.998945117 -0.013567135 0.043869700 7.827740192 0.013335512 0.999895573 0.005568136 -12.411967278 -0.043940663 -0.004977238 0.999021769 125.083106995
0.998906076 -0.014113149 0.044580512 8.008129120 0.013910927 0.999891520 0.004843065 -12.637305260 -0.044644020 -0.004217612 0.998993993 127.352745056
0.998888135 -0.016072014 0.044318363 8.197364807 0.015858823 0.999861062 0.005157867 -12.855302811 -0.044395093 -0.004449296 0.999004126 129.611526489
0.998905540 -0.017131960 0.043519411 8.380093575 0.016915021 0.999842763 0.005348250 -13.071099281 -0.043604184 -0.004606266 0.999038219 131.863372803
0.998956680 -0.017486954 0.042185675 8.573133469 0.017229293 0.999830663 0.006463712 -13.289895058 -0.042291559 -0.005730140 0.999088943 134.100036621
0.999013066 -0.018423313 0.040416196 8.764341354 0.018180344 0.999814451 0.006371046 -13.516625404 -0.040526073 -0.005629980 0.999162555 136.345993042
0.999076843 -0.019087894 0.038485955 8.966661453 0.018852588 0.999801397 0.006467734 -13.739173889 -0.038601775 -0.005736203 0.999238253 138.569229126
0.999069810 -0.020000754 0.038203847 9.130356789 0.019792285 0.999787271 0.005827182 -13.950494766 -0.038312264 -0.005065620 0.999253094 140.853591919
0.999063373 -0.020329477 0.038200971 9.297933578 0.020115316 0.999779820 0.005982258 -14.160858154 -0.038314171 -0.005208230 0.999252200 143.085693359
0.999104142 -0.020559797 0.036988929 9.486473083 0.020297989 0.999766290 0.007439719 -14.393457413 -0.037133243 -0.006682253 0.999287963 145.335723877
0.999122500 -0.019613007 0.037008185 9.658063889 0.019393392 0.999792159 0.006283832 -14.608931541 -0.037123736 -0.005560605 0.999295175 147.588638306
0.999142587 -0.018491047 0.037043639 9.835348129 0.018326361 0.999820590 0.004780328 -14.828094482 -0.037125379 -0.004097353 0.999302208 149.845520020
0.999158621 -0.017074440 0.037289273 10.007617950 0.016944328 0.999849200 0.003802519 -15.049659729 -0.037348583 -0.003167477 0.999297261 152.098251343
0.999166548 -0.016232356 0.037453458 10.189015388 0.016099708 0.999863029 0.003840607 -15.268361092 -0.037510667 -0.003234415 0.999290943 154.346008301
0.999151409 -0.015462633 0.038175739 10.367887497 0.015310324 0.999873579 0.004278995 -15.489071846 -0.038237091 -0.003690880 0.999261916 156.610244751
0.999149263 -0.014276121 0.038690742 10.532737732 0.014052622 0.999882996 0.006042433 -15.721062660 -0.038772468 -0.005493586 0.999233067 158.860656738
0.999102592 -0.013738325 0.040067881 10.711769104 0.013486498 0.999887586 0.006548614 -15.935400963 -0.040153351 -0.006002361 0.999175489 161.107528687
0.999079525 -0.012331087 0.041085701 10.871202469 0.011992944 0.999892235 0.008466464 -16.157920837 -0.041185685 -0.007965934 0.999119759 163.405471802
0.999049485 -0.011949576 0.041921150 11.052665710 0.011646982 0.999904394 0.007454976 -16.361301422 -0.042006221 -0.006959634 0.999093056 165.666198730
0.999016583 -0.011359381 0.042858601 11.246069908 0.011100765 0.999918759 0.006267365 -16.576965332 -0.042926304 -0.005785438 0.999061465 167.915634155
0.998952568 -0.009569480 0.044747345 11.428161621 0.009285780 0.999935567 0.006543612 -16.793090820 -0.044807076 -0.006121244 0.998976827 170.156066895
0.998820722 -0.009167609 0.047679290 11.612017632 0.008853715 0.999937773 0.006790533 -17.023572922 -0.047738582 -0.006360387 0.998839617 172.445388794
0.998710096 -0.009378501 0.049902320 11.811872482 0.009056774 0.999936759 0.006669351 -17.241319656 -0.049961712 -0.006208795 0.998731852 174.714981079
0.998623788 -0.009316084 0.051611852 12.017745972 0.008959997 0.999934435 0.007126413 -17.460031509 -0.051674850 -0.006654162 0.998641908 176.972976685
0.998588324 -0.009898810 0.052186660 12.222518921 0.009496100 0.999923170 0.007959020 -17.672557831 -0.052261438 -0.007452214 0.998605669 179.204849243
0.998565257 -0.011377837 0.052328061 12.433030128 0.010983711 0.999909103 0.007813330 -17.898502350 -0.052412216 -0.007227362 0.998599410 181.478012085
0.998532176 -0.012268426 0.052754119 12.631002426 0.011885514 0.999900758 0.007566073 -18.110380173 -0.052841712 -0.006927957 0.998578906 183.721588135
0.998579800 -0.013583696 0.051514193 12.854219437 0.013211472 0.999884129 0.007559282 -18.339921951 -0.051610917 -0.006867969 0.998643577 185.977478027
0.998594105 -0.015187178 0.050787721 13.064146042 0.014769164 0.999853969 0.008595818 -18.557289124 -0.050910857 -0.007833640 0.998672426 188.224929810
0.998603344 -0.016007937 0.050348725 13.271142960 0.015619978 0.999845147 0.008089465 -18.766996384 -0.050470438 -0.007291722 0.998699009 190.469329834
0.998570085 -0.017051926 0.050664458 13.475076675 0.016663685 0.999828517 0.008075591 -18.991765976 -0.050793473 -0.007219788 0.998683095 192.724197388
0.998544455 -0.018811539 0.050547283 13.670094490 0.018463735 0.999802589 0.007338937 -19.203256607 -0.050675359 -0.006394965 0.998694718 194.959930420
0.998578548 -0.018141482 0.050118044 13.874680519 0.017777396 0.999812424 0.007700749 -19.419380188 -0.050248332 -0.006798835 0.998713613 197.191818237
0.998570323 -0.016287822 0.050910234 14.078458786 0.015911415 0.999843061 0.007790106 -19.641836166 -0.051029131 -0.006968916 0.998672843 199.452667236
0.998582900 -0.014596981 0.051180195 14.281229019 0.014217380 0.999868691 0.007773253 -19.862623215 -0.051286947 -0.007034587 0.998659134 201.698303223
0.998564720 -0.014102851 0.051666871 14.491699219 0.013759094 0.999880731 0.007002987 -20.076637268 -0.051759478 -0.006282048 0.998639822 203.958602905
0.998528898 -0.014378911 0.052281991 14.690643311 0.014004097 0.999873519 0.007528370 -20.285947800 -0.052383635 -0.006785133 0.998604000 206.183197021
0.998513460 -0.015981544 0.052109011 14.918493271 0.015600752 0.999848604 0.007706248 -20.506164551 -0.052224275 -0.006881853 0.998611689 208.439361572
0.998456836 -0.015529174 0.053317390 15.121451378 0.015132186 0.999854743 0.007841397 -20.710041046 -0.053431414 -0.007022489 0.998546898 210.684097290
0.998375893 -0.015814446 0.054730691 15.339142799 0.015333909 0.999840140 0.009188897 -20.942796707 -0.054867260 -0.008334738 0.998458803 212.941986084
0.998317719 -0.014405263 0.056161404 15.571117401 0.013895990 0.999858737 0.009448033 -21.153821945 -0.056289572 -0.008651720 0.998376966 215.173202515
0.998134613 -0.013397685 0.059563328 15.769522667 0.012859528 0.999872983 0.009409224 -21.367383957 -0.059681822 -0.008625718 0.998180151 217.461273193
0.998003542 -0.013573593 0.061683659 15.995629311 0.012995034 0.999867797 0.009770961 -21.577884674 -0.061808150 -0.008949873 0.998047888 219.703521729
0.997871518 -0.014979812 0.063466549 16.226736069 0.014357544 0.999844313 0.010249417 -21.783542633 -0.063610218 -0.009316377 0.997931302 221.938354492
0.997760832 -0.016480729 0.064820245 16.458778381 0.015795706 0.999813974 0.011066400 -21.990224838 -0.064990580 -0.010017741 0.997835517 224.176452637
0.997689605 -0.018699285 0.065313049 16.711175919 0.018047379 0.999781311 0.010557043 -22.205589294 -0.065496169 -0.009353922 0.997808993 226.415054321
0.997647464 -0.019934040 0.065590471 16.948898315 0.019312035 0.999762475 0.010103581 -22.406036377 -0.065776266 -0.008813126 0.997795463 228.672973633
0.997615397 -0.020124052 0.066021070 17.192571640 0.019494496 0.999758303 0.010166073 -22.613498688 -0.066209704 -0.008854782 0.997766435 230.920303345
0.997562170 -0.021391846 0.066423349 17.438858032 0.020826897 0.999740899 0.009186154 -22.822824478 -0.066602625 -0.007780369 0.997749209 233.176055908
0.997513294 -0.022353057 0.066840403 17.676759720 0.021717664 0.999711931 0.010217785 -23.027362823 -0.067049541 -0.008740758 0.997711420 235.412246704
0.997530460 -0.021728767 0.066789888 17.953428268 0.021064062 0.999721527 0.010640423 -23.243492126 -0.067002498 -0.009207279 0.997710347 237.701004028
0.997493386 -0.021606224 0.067380361 18.191070557 0.020951023 0.999726176 0.010415546 -23.443786621 -0.067586936 -0.008977751 0.997672975 239.930847168
0.997460783 -0.021769295 0.067807347 18.435417175 0.021087479 0.999719739 0.010754927 -23.652053833 -0.068022460 -0.009297732 0.997640491 242.162734985
0.997409403 -0.022115430 0.068450183 18.674249649 0.021428207 0.999712527 0.010757859 -23.854598999 -0.068668418 -0.009263225 0.997596562 244.403793335
0.997371197 -0.022410668 0.068908900 18.918600082 0.021765729 0.999712110 0.010096014 -24.068189621 -0.069115326 -0.008569620 0.997571886 246.635162354
0.997387171 -0.022134455 0.068767227 19.173944473 0.021536017 0.999723613 0.009431674 -24.280347824 -0.068956986 -0.007926060 0.997588098 248.871643066
0.997368455 -0.022351306 0.068967961 19.423389435 0.021716373 0.999714673 0.009942378 -24.490352631 -0.069170497 -0.008418479 0.997569323 251.112426758
0.997329593 -0.023671303 0.069088772 19.673049927 0.023026891 0.999683857 0.010108929 -24.703453064 -0.069306202 -0.008491036 0.997559309 253.343200684
0.997326732 -0.023888662 0.069053784 19.933128357 0.023190195 0.999671638 0.010898940 -24.914892197 -0.069291480 -0.009268435 0.997553408 255.602935791
0.997268200 -0.024443382 0.069703318 20.163883209 0.023719331 0.999655902 0.011196589 -25.123643875 -0.069953009 -0.009512686 0.997504950 257.823883057
0.997260630 -0.024928348 0.069640815 20.430866241 0.024159599 0.999637902 0.011859394 -25.338766098 -0.069911234 -0.010144413 0.997501612 260.085937500
0.997234881 -0.024681993 0.070097089 20.685173035 0.023947652 0.999649405 0.011297340 -25.542591095 -0.070351347 -0.009587439 0.997476339 262.329742432
0.997203171 -0.024638722 0.070560761 20.940456390 0.023931215 0.999654651 0.010854854 -25.748165131 -0.070803843 -0.009135891 0.997448444 264.588287354
0.997175753 -0.023843393 0.071218096 21.195077896 0.023151878 0.999676526 0.010519652 -25.959548950 -0.071445875 -0.008841109 0.997405291 266.828155518
0.997111320 -0.023107285 0.072353981 21.449529648 0.022405777 0.999693811 0.010492307 -26.161771774 -0.072574280 -0.008840851 0.997323811 269.076019287
0.996979237 -0.022675715 0.074284330 21.689115524 0.021964787 0.999704897 0.010373428 -26.383966446 -0.074497640 -0.008710454 0.997183144 271.329650879
0.996888041 -0.023419285 0.075271465 21.959600449 0.022659678 0.999683499 0.010929917 -26.596675873 -0.075503632 -0.009190276 0.997103155 273.577789307
0.996692836 -0.023777882 0.077703916 22.206825256 0.022938240 0.999668658 0.011680533 -26.801822662 -0.077955902 -0.009859513 0.996908069 275.821044922
0.996582448 -0.023775654 0.079107970 22.479578018 0.022822129 0.999655843 0.012935942 -26.999322891 -0.079388306 -0.011086322 0.996782184 278.061950684
0.996532202 -0.022904588 0.079992451 22.760692596 0.021823877 0.999658704 0.014358543 -27.214960098 -0.080294028 -0.012563006 0.996692061 280.311950684
0.996462226 -0.022544125 0.080961697 23.043468475 0.021383863 0.999656320 0.015169654 -27.416257858 -0.081275843 -0.013384713 0.996601820 282.548950195
0.996399045 -0.021788938 0.081940487 23.322591782 0.020599518 0.999670208 0.015333231 -27.610628128 -0.082247563 -0.013590081 0.996519268 284.809265137
0.996298611 -0.020842114 0.083394691 23.588647842 0.019655740 0.999693930 0.015021927 -27.805850983 -0.083682269 -0.013327141 0.996403337 287.036560059
0.996288300 -0.019781260 0.083774827 23.872097015 0.018738063 0.999737024 0.013220499 -27.992708206 -0.084014319 -0.011601649 0.996397018 289.290466309
0.996216953 -0.020652300 0.084411271 24.142480850 0.019564863 0.999714792 0.013689695 -28.199697495 -0.084669918 -0.011986411 0.996336937 291.517211914
0.996152759 -0.020156112 0.085282616 24.406572342 0.019154299 0.999737799 0.012549032 -28.398796082 -0.085513175 -0.010867227 0.996277750 293.802520752
0.996173263 -0.020687029 0.084917091 24.689479828 0.019761739 0.999736011 0.011722629 -28.597953796 -0.085137188 -0.009999659 0.996318996 296.030334473
0.996181607 -0.020594759 0.084841140 24.971218109 0.019674834 0.999738395 0.011664893 -28.802465439 -0.085059188 -0.009951118 0.996326149 298.262023926
0.996176422 -0.019973142 0.085050032 25.249494553 0.019046064 0.999750137 0.011697972 -29.001163483 -0.085262425 -0.010033377 0.996308029 300.499664307
0.996103346 -0.019906875 0.085917056 25.507728577 0.018899230 0.999742925 0.012525656 -29.207931519 -0.086144306 -0.010853083 0.996223509 302.740173340
0.996101081 -0.019973842 0.085928068 25.792020798 0.018942559 0.999738634 0.012800440 -29.411779404 -0.086161278 -0.011122836 0.996219039 304.990753174
0.996067584 -0.019250343 0.086479902 26.073524475 0.018195489 0.999750316 0.012969465 -29.614055634 -0.086707957 -0.011344920 0.996169150 307.239929199
0.996060729 -0.020338552 0.086308971 26.359481812 0.019281449 0.999728680 0.013063951 -29.825347900 -0.086551249 -0.011348329 0.996182740 309.494995117
0.996007264 -0.021316238 0.086691625 26.641166687 0.020211143 0.999703169 0.013605343 -30.028526306 -0.086955927 -0.011798882 0.996142268 311.762542725
0.995971739 -0.020769473 0.087228931 26.924549103 0.019722471 0.999722958 0.012847695 -30.231401443 -0.087471597 -0.011075571 0.996105433 314.012298584
0.995992541 -0.020471491 0.087061055 27.216650009 0.019358357 0.999719918 0.013610861 -30.436845779 -0.087315299 -0.011870957 0.996110022 316.255340576
0.995951176 -0.018769786 0.087913752 27.500610352 0.017720018 0.999762237 0.012706189 -30.639802933 -0.088131346 -0.011096912 0.996046960 318.502655029
0.995937586 -0.017152544 0.088397212 27.781173706 0.016024442 0.999781072 0.013455614 -30.844051361 -0.088608645 -0.011984437 0.995994329 320.751251221
0.995876670 -0.016083192 0.089280434 28.061168671 0.014963072 0.999800920 0.013201297 -31.050241470 -0.089474961 -0.011810955 0.995919049 322.984008789
0.995827377 -0.015529528 0.089926004 28.340824127 0.014345856 0.999801934 0.013794183 -31.247680664 -0.090122394 -0.012446561 0.995852947 325.220367432
0.995823145 -0.015192624 0.090029411 28.633321762 0.013875363 0.999787509 0.015239330 -31.458477020 -0.090241797 -0.013926487 0.995822430 327.445648193
0.995788336 -0.015909771 0.090290807 28.917690277 0.014603706 0.999779224 0.015107358 -31.663045883 -0.090511240 -0.013725151 0.995800793 329.691528320
0.995793164 -0.017305870 0.089979708 29.218841553 0.016075211 0.999767244 0.014383829 -31.861190796 -0.090207689 -0.012876878 0.995839715 331.928863525
0.995780587 -0.017049825 0.090167351 29.505321503 0.015829662 0.999773383 0.014230063 -32.061912537 -0.090389520 -0.012742702 0.995824933 334.147003174
0.995768607 -0.017372683 0.090238288 29.795150757 0.016045772 0.999752641 0.015409281 -32.259815216 -0.090483651 -0.013896137 0.995800912 336.380187988
0.995846152 -0.018034497 0.089246832 30.102626801 0.016730180 0.999742329 0.015341324 -32.454219818 -0.089500517 -0.013784482 0.995891392 338.615112305
0.995848238 -0.017880226 0.089255095 30.386184692 0.016549578 0.999740899 0.015626233 -32.656440735 -0.089511372 -0.014084224 0.995886147 340.860382080
0.995887816 -0.018320194 0.088723451 30.684782028 0.017000144 0.999733627 0.015611123 -32.858116150 -0.088985801 -0.014038616 0.995933950 343.101654053
0.995915294 -0.018752709 0.088323772 30.975076675 0.017403929 0.999720275 0.016016290 -33.052146912 -0.088599414 -0.014413688 0.995963037 345.342620850
0.995950341 -0.018605970 0.087958954 31.263717651 0.017263448 0.999722838 0.015999256 -33.243591309 -0.088232242 -0.014415990 0.995995522 347.582092285
0.996003926 -0.018546591 0.087362267 31.551191330 0.017225066 0.999725878 0.015856644 -33.438182831 -0.087632403 -0.014288460 0.996050417 349.825561523
0.996015489 -0.018135210 0.087317124 31.833581924 0.016784005 0.999728084 0.016184160 -33.636322021 -0.087586895 -0.014654142 0.996049106 352.067993164
0.996047199 -0.018482560 0.086881176 32.117290497 0.017103372 0.999715984 0.016592139 -33.828910828 -0.087163173 -0.015040591 0.996080518 354.294860840
0.996069908 -0.018051207 0.086711377 32.396659851 0.016724410 0.999732077 0.016003508 -34.023841858 -0.086977035 -0.014490417 0.996104836 356.532592773
0.996123791 -0.018165130 0.086065769 32.683147430 0.016806826 0.999722898 0.016480595 -34.218158722 -0.086341292 -0.014970222 0.996153116 358.768371582
0.996188223 -0.017851578 0.085382506 32.973339081 0.016433628 0.999715626 0.017281191 -34.415058136 -0.085666731 -0.015812175 0.996198356 361.016082764
0.996248960 -0.018057456 0.084628515 33.263507843 0.016657479 0.999712884 0.017219760 -34.611190796 -0.084915183 -0.015745467 0.996263742 363.259552002
0.996300340 -0.017924368 0.084049150 33.548416138 0.016491985 0.999707162 0.017705699 -34.803817749 -0.084341913 -0.016254056 0.996304274 365.494018555
0.996356070 -0.018022288 0.083365411 33.832897186 0.016663255 0.999717116 0.016969303 -34.996192932 -0.083647653 -0.015518330 0.996374488 367.752593994
0.996360958 -0.018554244 0.083189562 34.107257843 0.017204124 0.999708891 0.016917054 -35.191719055 -0.083479218 -0.015424285 0.996390164 370.004150391
0.996361256 -0.018657442 0.083163783 34.380287170 0.017374292 0.999718964 0.016126409 -35.380920410 -0.083441280 -0.014622818 0.996405423 372.255615234
0.996417701 -0.018520236 0.082514852 34.659252167 0.017247288 0.999721408 0.016113123 -35.581520081 -0.082790256 -0.014632246 0.996459544 374.500915527
0.996506274 -0.018469799 0.081450261 34.945888519 0.017160578 0.999712467 0.016744759 -35.774116516 -0.081736118 -0.015288524 0.996536732 376.744903564
0.996417761 -0.017430201 0.082751714 35.208499908 0.016065434 0.999724209 0.017129675 -35.969047546 -0.083027467 -0.015738873 0.996422887 379.006072998
0.996411145 -0.018101359 0.082687311 35.485580444 0.016716003 0.999708593 0.017415918 -36.167236328 -0.082978465 -0.015971210 0.996423364 381.250091553
0.996439815 -0.018039061 0.082354084 35.770401001 0.016652975 0.999708414 0.017486870 -36.355892181 -0.082645491 -0.016053170 0.996449709 383.506530762
0.996459723 -0.017210484 0.082291111 36.051986694 0.015803523 0.999718130 0.017718295 -36.552764893 -0.082572855 -0.016355077 0.996450841 385.760070801
0.996458054 -0.015911419 0.082572073 36.324748993 0.014491504 0.999737144 0.017767021 -36.739627838 -0.082833089 -0.016507499 0.996426642 388.017242432
0.996487021 -0.014882200 0.082414128 36.609764099 0.013465926 0.999752402 0.017714133 -36.939098358 -0.082657345 -0.016542127 0.996440709 390.286956787
0.996474028 -0.013571785 0.082796492 36.882282257 0.012132750 0.999766886 0.017858880 -37.137699127 -0.083019577 -0.016791366 0.996406436 392.564453125
0.996498704 -0.012403551 0.082683027 37.159046173 0.010858878 0.999758482 0.019105477 -37.327877045 -0.082900025 -0.018140739 0.996392727 394.827697754
0.996436894 -0.011356617 0.083573774 37.426609039 0.009749572 0.999760151 0.019612134 -37.521713257 -0.083776452 -0.018727444 0.996308565 397.087799072
0.996372700 -0.010950642 0.084388852 37.700836182 0.009454545 0.999791324 0.018107895 -37.720172882 -0.084569536 -0.017244354 0.996268332 399.354248047
0.996279895 -0.010430447 0.085543521 37.971523285 0.008948379 0.999803424 0.017690500 -37.914417267 -0.085711241 -0.016859215 0.996177316 401.615936279
0.996250212 -0.012129791 0.085664690 38.253093719 0.010578175 0.999772191 0.018543418 -38.105258942 -0.085870087 -0.017567713 0.996151388 403.895629883
0.996184707 -0.013692872 0.086189188 38.534290314 0.012028224 0.999731481 0.019803677 -38.299633026 -0.086437218 -0.018691419 0.996082008 406.145080566
0.996151209 -0.014554819 0.086435802 38.811244965 0.012895624 0.999722242 0.019723192 -38.488327026 -0.086698897 -0.018532636 0.996062100 408.412109375
0.996111691 -0.014459083 0.086903937 39.102268219 0.012908904 0.999747813 0.018373484 -38.673881531 -0.087147690 -0.017180208 0.996047199 410.677856445
0.996072531 -0.012297684 0.087683111 39.406372070 0.010671539 0.999762714 0.018990420 -38.877517700 -0.087895863 -0.017980125 0.995967388 412.940887451
0.996018350 -0.011121213 0.088452093 39.688304901 0.009502583 0.999779999 0.018699594 -39.068984985 -0.088640593 -0.017784614 0.995904863 415.184631348
0.995936453 -0.010033985 0.089498051 39.978374481 0.008382703 0.999787927 0.018807318 -39.259342194 -0.089667782 -0.017980658 0.995809436 417.457763672
0.995879352 -0.010197089 0.090111993 40.272727966 0.008563841 0.999792337 0.018492734 -39.450996399 -0.090281852 -0.017644830 0.995759845 419.713806152
0.995776117 -0.010229497 0.091242887 40.557773590 0.008573725 0.999791741 0.018520409 -39.640506744 -0.091413334 -0.017659890 0.995656431 421.967376709
0.995694578 -0.010482521 0.092100099 40.843894958 0.008829573 0.999792874 0.018336460 -39.836582184 -0.092273250 -0.017444309 0.995580912 424.226745605
0.995631099 -0.010917707 0.092733376 41.141269684 0.009147268 0.999768019 0.019495374 -40.029220581 -0.092924707 -0.018561944 0.995500028 426.498992920
0.995589077 -0.010030068 0.093282588 41.435527802 0.008194718 0.999765754 0.020037450 -40.216514587 -0.093461715 -0.019184643 0.995437980 428.751953125
0.995516896 -0.009116057 0.094143219 41.736946106 0.007203802 0.999761164 0.020632103 -40.403469086 -0.094308801 -0.019861421 0.995344877 431.027282715
0.995513916 -0.009643100 0.094122618 42.039501190 0.007700837 0.999750257 0.020976920 -40.603912354 -0.094301403 -0.020157989 0.995339572 433.315551758
0.995461643 -0.010486013 0.094585396 42.342823029 0.008585268 0.999753416 0.020480189 -40.801689148 -0.094776839 -0.019575197 0.995306075 435.582550049
0.995459557 -0.009540333 0.094706364 42.653850555 0.007634917 0.999761522 0.020461200 -40.974704742 -0.094878964 -0.019645222 0.995294929 437.853363037
0.995425224 -0.010039272 0.095016077 42.962318420 0.008095263 0.999750316 0.020823220 -41.164619446 -0.095201425 -0.019958775 0.995257914 440.140411377
0.995468855 -0.010118918 0.094548516 43.275432587 0.008165690 0.999745607 0.021022571 -41.351299286 -0.094737202 -0.020155260 0.995298266 442.415802002
0.995486021 -0.009086731 0.094473377 43.605762482 0.007069238 0.999740183 0.021667948 -41.545501709 -0.094645731 -0.020902283 0.995291531 444.715087891
0.995433033 -0.009744933 0.094963729 43.910800934 0.007689667 0.999728739 0.021984629 -41.733039856 -0.095152192 -0.021153983 0.995238066 446.991394043
0.995433748 -0.009665692 0.094965540 44.215415955 0.007650307 0.999738216 0.021563524 -41.922561646 -0.095149107 -0.020738538 0.995247006 449.257476807
0.995453060 -0.008989650 0.094828375 44.524745941 0.007012165 0.999751389 0.021165980 -42.110923767 -0.094995089 -0.020404791 0.995268583 451.521423340
0.995398104 -0.008458484 0.095451757 44.825107574 0.006467537 0.999755383 0.021148277 -42.308788300 -0.095607296 -0.020433620 0.995209396 453.786102295
0.995309353 -0.007715875 0.096434362 45.124073029 0.005708402 0.999761701 0.021075577 -42.487716675 -0.096573994 -0.020426236 0.995116174 456.064666748
0.995267212 -0.008154750 0.096833393 45.422889709 0.006145209 0.999759912 0.021032693 -42.685073853 -0.096981660 -0.020338085 0.995078325 458.333312988
0.995307386 -0.007096235 0.096502699 45.741561890 0.005188131 0.999786317 0.020009108 -42.868801117 -0.096624061 -0.019414548 0.995131552 460.619384766
0.995288789 -0.006595269 0.096729457 46.050178528 0.004616481 0.999775767 0.020666476 -43.062480927 -0.096844077 -0.020122563 0.995096147 462.905334473
0.995334208 -0.006522131 0.096265681 46.363647461 0.004422171 0.999747932 0.022011470 -43.252296448 -0.096384950 -0.021483062 0.995112360 465.185638428
0.995342731 -0.006426881 0.096184894 46.660202026 0.004284412 0.999738395 0.022464462 -43.434829712 -0.096304104 -0.021947742 0.995109975 467.449554443
0.995449424 -0.006514031 0.095067896 46.974456787 0.004513447 0.999764085 0.021243621 -43.619613647 -0.095183842 -0.020717863 0.995244026 469.731689453
0.995490193 -0.006352426 0.094651565 47.284267426 0.004391217 0.999771595 0.020914206 -43.811046600 -0.094762802 -0.020404253 0.995290756 472.026519775
0.995541453 -0.006995400 0.094066441 47.583633423 0.004923908 0.999740660 0.022235697 -44.004508972 -0.094197586 -0.021673385 0.995317578 474.306945801
0.995526433 -0.007104014 0.094215855 47.877353668 0.005016434 0.999737084 0.022375783 -44.190959930 -0.094350025 -0.021803055 0.995300353 476.586730957
0.995635688 -0.007183831 0.093047805 48.182262421 0.005156939 0.999744475 0.022005491 -44.367111206 -0.093182117 -0.021429613 0.995418429 478.868194580
0.995660663 -0.007137307 0.092783965 48.485225677 0.005061982 0.999732137 0.022583410 -44.553710938 -0.092920303 -0.022015745 0.995430231 481.151947021
0.995682955 -0.007753941 0.092495099 48.790466309 0.005628210 0.999714434 0.023220859 -44.739994049 -0.092648745 -0.022600029 0.995442450 483.429809570
0.995668650 -0.008119904 0.092617303 49.080783844 0.006066956 0.999730051 0.022425979 -44.922958374 -0.092774399 -0.021766944 0.995449245 485.719146729
0.995765209 -0.008642099 0.091527082 49.386455536 0.006535633 0.999707401 0.023289440 -45.116798401 -0.091701597 -0.022592625 0.995530188 488.027252197
0.995809019 -0.008875309 0.091025263 49.687088013 0.006789924 0.999707937 0.023194099 -45.296661377 -0.091204531 -0.022478838 0.995578468 490.314453125
0.995824397 -0.008605433 0.090884261 49.980422974 0.006485795 0.999700606 0.023592049 -45.477554321 -0.091060080 -0.022904081 0.995581985 492.609558105
0.995861948 -0.007926744 0.090531483 50.278991699 0.005755499 0.999690235 0.024219245 -45.660129547 -0.090695396 -0.023597974 0.995598972 494.893920898
0.995863974 -0.007565509 0.090541147 50.564071655 0.005433228 0.999702692 0.023773761 -45.840026855 -0.090694092 -0.023183504 0.995609045 497.195831299
0.995899081 -0.007147875 0.090187974 50.870460510 0.005056485 0.999713480 0.023396447 -46.030818939 -0.090329371 -0.022844471 0.995649934 499.511474609
0.995919228 -0.007169968 0.089963928 51.162132263 0.005008849 0.999694109 0.024224870 -46.213912964 -0.090110086 -0.023675399 0.995650351 501.805145264
0.995925128 -0.006941912 0.089917943 51.450294495 0.004757820 0.999688983 0.024481444 -46.399433136 -0.090059914 -0.023953868 0.995648265 504.085693359
0.995944917 -0.006069253 0.089760326 51.743675232 0.003945914 0.999708533 0.023814218 -46.582920074 -0.089878701 -0.023363462 0.995678663 506.379577637
0.995923579 -0.005823860 0.090012439 52.027633667 0.003640680 0.999695659 0.024399385 -46.767017365 -0.090127125 -0.023972219 0.995641649 508.668121338
0.995938241 -0.006179154 0.089825742 52.323303223 0.004071945 0.999712646 0.023623221 -46.951580048 -0.089945890 -0.023161504 0.995677233 510.957885742
0.995967627 -0.006995515 0.089439549 52.624511719 0.004817835 0.999687195 0.024540817 -47.141288757 -0.089583248 -0.024010954 0.995689809 513.263732910
0.995986879 -0.006887865 0.089235090 52.920413971 0.004709924 0.999686420 0.024594394 -47.319965363 -0.089376524 -0.024075400 0.995706856 515.564636230
0.995998383 -0.006039381 0.089166336 53.211948395 0.003881181 0.999695778 0.024357785 -47.501495361 -0.089286290 -0.023914244 0.995718896 517.865722656
0.995963633 -0.005085040 0.089613572 53.496643066 0.002927975 0.999703228 0.024185780 -47.687103271 -0.089709960 -0.023825772 0.995683014 520.160583496
0.995935857 -0.003407461 0.090000719 53.790962219 0.001202065 0.999697924 0.024547054 -47.879203796 -0.090057172 -0.024339100 0.995639145 522.510864258
0.995883286 -0.001225107 0.090637840 54.092014313 -0.001018612 0.999694288 0.024704371 -48.062957764 -0.090640403 -0.024694985 0.995577455 524.847412109
0.995823085 -0.000244235 0.091303170 54.389888763 -0.002124692 0.999663651 0.025847636 -48.237648010 -0.091278762 -0.025933661 0.995487750 527.174011230
0.995754719 -0.000629083 0.092045367 54.680923462 -0.001755791 0.999664903 0.025826491 -48.418243408 -0.092030779 -0.025878461 0.995419860 529.478698730
0.995731354 -0.002615569 0.092261620 54.982460022 0.000101970 0.999628961 0.027238455 -48.596092224 -0.092298649 -0.027112775 0.995362103 531.790954590
0.995681226 -0.004193185 0.092742965 55.294048309 0.001696231 0.999634385 0.026985841 -48.773612976 -0.092822209 -0.026711984 0.995324314 534.111083984
0.995635748 -0.004397624 0.093220614 55.593460083 0.001942259 0.999649167 0.026413666 -48.950675964 -0.093304083 -0.026117332 0.995294988 536.423767090
0.995558143 -0.004604485 0.094035879 55.896739960 0.002134215 0.999650359 0.026353141 -49.132144928 -0.094124347 -0.026035395 0.995219946 538.740600586
0.995488644 -0.004067209 0.094792955 56.197078705 0.001622757 0.999664485 0.025850119 -49.315803528 -0.094866283 -0.025579670 0.995161355 541.052978516
0.995374739 -0.003659628 0.095997937 56.494419098 0.001186469 0.999666214 0.025807070 -49.503456116 -0.096060328 -0.025573811 0.995046914 543.369750977
0.995313168 -0.002965339 0.096658625 56.795295715 0.000590108 0.999697387 0.024592722 -49.678550720 -0.096702300 -0.024420422 0.995013714 545.694580078
0.995174527 -0.002625063 0.098085649 57.090660095 0.000207176 0.999696076 0.024652824 -49.853084564 -0.098120555 -0.024513541 0.994872510 548.021301270
0.995120227 -0.002653941 0.098633975 57.398048401 0.000123440 0.999671042 0.025652725 -50.032852173 -0.098669596 -0.025515374 0.994793057 550.310668945
0.995060563 -0.002816180 0.099229932 57.711631775 0.000239296 0.999662578 0.025971152 -50.215072632 -0.099269614 -0.025819123 0.994725525 552.623657227
0.995101392 -0.004139736 0.098774001 58.039646149 0.001670849 0.999684453 0.025064953 -50.393852234 -0.098846614 -0.024777127 0.994794130 554.935424805
0.995132208 -0.004371232 0.098451518 58.366062164 0.001859748 0.999670863 0.025587194 -50.576797485 -0.098530963 -0.025279548 0.994812787 557.251586914
0.995056093 -0.004200799 0.099225610 58.679401398 0.001638612 0.999663413 0.025889225 -50.755386353 -0.099300973 -0.025598641 0.994728088 559.565063477
0.995050609 -0.003694992 0.099299893 59.003620148 0.001033841 0.999639273 0.026837243 -50.935253143 -0.099363260 -0.026601756 0.994695604 561.897094727
0.995070100 -0.004696229 0.099064305 59.332572937 0.001976747 0.999618888 0.027532015 -51.117355347 -0.099155851 -0.027200453 0.994700074 564.227966309
0.995050430 -0.004081690 0.099287309 59.656257629 0.001290737 0.999602675 0.028157873 -51.290153503 -0.099362791 -0.027890351 0.994660318 566.545532227
0.995002210 -0.003132537 0.099803738 59.984748840 0.000394330 0.999623299 0.027443828 -51.470661163 -0.099852115 -0.027267318 0.994628549 568.880310059
0.995036542 -0.002173100 0.099486329 60.323375702 -0.000392311 0.999668062 0.025759742 -51.641162872 -0.099509291 -0.025670914 0.994705439 571.205810547
0.995036602 -0.001628652 0.099495709 60.664634705 -0.000977209 0.999657869 0.026136342 -51.825279236 -0.099504255 -0.026103849 0.994694710 573.528564453
0.995025933 -0.001724776 0.099601522 60.990985870 -0.000977391 0.999632895 0.027074609 -52.012271881 -0.099611662 -0.027037282 0.994659007 575.913574219
0.995024562 -0.001887523 0.099612124 61.322368622 -0.000948438 0.999595821 0.028415008 -52.197563171 -0.099625498 -0.028368106 0.994620562 578.230590820
0.994940460 -0.001113423 0.100459680 61.643642426 -0.001605425 0.999634802 0.026979163 -52.379249573 -0.100453019 -0.027003950 0.994575262 580.623596191
0.994977415 -0.002022757 0.100079961 61.976806641 -0.000618523 0.999652326 0.026353629 -52.548042297 -0.100098506 -0.026283162 0.994630337 582.959228516
0.994936705 -0.001948306 0.100484811 62.297626495 -0.000866018 0.999608696 0.027956240 -52.737354279 -0.100499965 -0.027901705 0.994545758 585.291015625
0.994990349 -0.001597042 0.099959001 62.625808716 -0.001236318 0.999599338 0.028276863 -52.915145874 -0.099964112 -0.028258786 0.994589686 587.609313965
0.994946599 -0.004356544 0.100310668 62.960861206 0.001659823 0.999635339 0.026951462 -53.098472595 -0.100391522 -0.026648769 0.994591057 589.968688965
0.994966984 -0.004798012 0.100088485 63.293766022 0.002097810 0.999631405 0.027065974 -53.274879456 -0.100181460 -0.026719784 0.994610369 592.319030762
0.994966447 -0.006634645 0.099988997 63.616771698 0.003893736 0.999611974 0.027582373 -53.453060150 -0.100133196 -0.027054206 0.994606137 594.655944824
0.994985163 -0.007187105 0.099765383 63.953880310 0.004436770 0.999604702 0.027762583 -53.633041382 -0.099925488 -0.027180716 0.994623542 597.018798828
