1.000000000 0.000000000 0.000000000 0.000000000 0.000000000 1.000000000 0.000000000 0.000000000 0.000000000 0.000000000 1.000000000 0.000000000
0.999999881 0.000073963 0.000434907 0.086688228 -0.000073922 1.000000000 -0.000094360 -0.228446096 -0.000434914 0.000094328 0.999999881 2.287322521
0.999999285 0.000426757 0.001210789 0.165037841 -0.000427415 0.999999702 0.000543703 -0.467816979 -0.001210557 -0.000544220 0.999999106 4.581089973
0.999998510 -0.000097270 0.001718431 0.262894154 0.000096357 0.999999821 0.000531419 -0.697658658 -0.001718482 -0.000531253 0.999998391 6.867277145
0.999996543 -0.000400372 0.002604965 0.356033057 0.000403570 0.999999166 -0.001227228 -0.930153072 -0.002604472 0.001228275 0.999995828 9.158613205
0.999987960 0.001377694 0.004725842 0.446798444 -0.001378886 0.999998987 0.000248839 -1.167284489 -0.004725494 -0.000255352 0.999988794 11.464328766
0.999968648 0.003385886 0.007160592 0.543200135 -0.003396504 0.999993086 0.001471260 -1.398954153 -0.007155562 -0.001495535 0.999973297 13.750699043
0.999949634 0.003260051 0.009498760 0.651019454 -0.003299617 0.999985933 0.004152634 -1.628093243 -0.009485089 -0.004183767 0.999946296 16.021743774
0.999940455 0.003372364 0.010371666 0.748167753 -0.003425190 0.999981165 0.005079817 -1.850523472 -0.010354341 -0.005115040 0.999933302 18.327825546
0.999927282 0.002336402 0.011828134 0.860347152 -0.002395172 0.999984801 0.004956879 -2.074115038 -0.011816373 -0.004984850 0.999917746 20.613786697
0.999927878 0.000006637 0.012009772 0.983999550 -0.000042870 0.999995410 0.003016722 -2.303838730 -0.012009698 -0.003017019 0.999923348 22.923933029
0.999918759 -0.002202624 0.012550085 1.095532417 0.002184377 0.999996543 0.001467452 -2.528982401 -0.012553273 -0.001439919 0.999920189 25.203742981
0.999914408 -0.003128388 0.012703342 1.223821402 0.003118531 0.999994814 0.000795731 -2.775621653 -0.012705768 -0.000756047 0.999918997 27.488698959
0.999893248 -0.002764732 0.014343671 1.320562601 0.002768722 0.999996066 -0.000258321 -2.998945713 -0.014342901 0.000298007 0.999897063 29.774381638
0.999893963 -0.000835001 0.014534795 1.452865839 0.000792750 0.999995589 0.002912385 -3.232089996 -0.014537160 -0.002900555 0.999890089 32.049110413
0.999897420 0.001089576 0.014277847 1.587412357 -0.001163143 0.999986112 0.005145257 -3.451144934 -0.014272042 -0.005161337 0.999884844 34.330562592
0.999870121 0.002992066 0.015837817 1.703044772 -0.003132933 0.999955714 0.008877059 -3.677074194 -0.015810555 -0.008925525 0.999835193 36.642658234
0.999859512 0.004892834 0.016031563 1.825871944 -0.005028623 0.999951720 0.008440785 -3.893130541 -0.015989488 -0.008520219 0.999835849 38.913311005
0.999823213 0.003627879 0.018448709 1.924620628 -0.003761398 0.999966919 0.007207815 -4.099977970 -0.018421950 -0.007275936 0.999803841 41.217636108
0.999833703 0.001023149 0.018205760 2.054533243 -0.001146678 0.999976337 0.006775970 -4.327005386 -0.018198397 -0.006795719 0.999811351 43.494598389
0.999832153 0.000331325 0.018314058 2.178636789 -0.000432219 0.999984741 0.005505425 -4.556025982 -0.018311949 -0.005512418 0.999817252 45.739765167
0.999831855 -0.000567502 0.018327821 2.304207325 0.000481886 0.999988914 0.004675475 -4.783951759 -0.018330270 -0.004665857 0.999821126 48.002029419
0.999831915 -0.002263976 0.018192690 2.439957380 0.002169606 0.999984086 0.005205296 -5.010353565 -0.018204186 -0.005164951 0.999820948 50.276607513
0.999811411 -0.002660935 0.019238155 2.566499710 0.002554144 0.999981225 0.005573407 -5.228981495 -0.019252623 -0.005523217 0.999799371 52.538852692
0.999800920 -0.003914527 0.019567629 2.701582432 0.003802829 0.999976277 0.005742252 -5.455469608 -0.019589642 -0.005666696 0.999792039 54.824642181
0.999773383 -0.004481757 0.020811358 2.827700138 0.004361622 0.999973595 0.005814358 -5.678657532 -0.020836871 -0.005722269 0.999766529 57.117729187
0.999752760 -0.006107985 0.021377869 2.966870785 0.005972367 0.999961615 0.006401947 -5.898993492 -0.021416150 -0.006272688 0.999750912 59.386940002
0.999708831 -0.007599161 0.022898952 3.091510773 0.007467918 0.999955237 0.005811539 -6.118695259 -0.022942090 -0.005638839 0.999720871 61.659778595
0.999691546 -0.008393936 0.023375317 3.241482735 0.008257763 0.999948323 0.005915953 -6.341623783 -0.023423763 -0.005721100 0.999709189 63.911903381
0.999658883 -0.007959771 0.024875002 3.377370834 0.007797708 0.999947786 0.006605370 -6.560101509 -0.024926281 -0.006409149 0.999668717 66.177673340
0.999639869 -0.007040736 0.025891988 3.525117159 0.006861794 0.999951959 0.006993449 -6.783160210 -0.025939982 -0.006813265 0.999640286 68.433441162
0.999594867 -0.007306857 0.027509240 3.660577297 0.007121035 0.999951184 0.006846800 -7.004921436 -0.027557926 -0.006648131 0.999598086 70.687858582
0.999579489 -0.008116485 0.027835282 3.821263313 0.007967494 0.999953270 0.005459293 -7.222468376 -0.027878296 -0.005235220 0.999597609 72.941215515
0.999560773 -0.009075232 0.028215028 3.976914167 0.008910248 0.999942482 0.005967567 -7.443288326 -0.028267566 -0.005713542 0.999584079 75.216567993
0.999515474 -0.010221505 0.029400613 4.136939526 0.010060471 0.999933541 0.005619966 -7.670855522 -0.029456105 -0.005321459 0.999551892 77.482376099
0.999492884 -0.011353876 0.029750628 4.287970066 0.011206255 0.999924064 0.005123907 -7.890673637 -0.029806545 -0.004787914 0.999544144 79.720405579
0.999461353 -0.011800764 0.030624203 4.436400414 0.011668890 0.999921799 0.004481357 -8.100750923 -0.030674694 -0.004121592 0.999520838 81.975982666
0.999448001 -0.011178973 0.031282254 4.602644444 0.011026546 0.999926507 0.005040871 -8.332440376 -0.031336304 -0.004693154 0.999497890 84.262374878
0.999396384 -0.010970198 0.032961518 4.756878853 0.010795118 0.999926746 0.005484853 -8.544268608 -0.033019263 -0.005125719 0.999441683 86.516532898
0.999385417 -0.010986314 0.033287998 4.923769951 0.010757422 0.999917328 0.007047366 -8.774615288 -0.033362668 -0.006684942 0.999420941 88.792137146
0.999362946 -0.010105217 0.034229163 5.085010529 0.009846030 0.999921620 0.007732242 -8.994728088 -0.034304615 -0.007390296 0.999384105 91.047370911
0.999337912 -0.010183221 0.034929559 5.253477097 0.009928343 0.999922872 0.007462652 -9.207890511 -0.035002861 -0.007110918 0.999361932 93.301284790
0.999319553 -0.010393283 0.035390139 5.422781944 0.010155962 0.999924719 0.006879129 -9.419268608 -0.035458971 -0.006515027 0.999349892 95.555000305
0.999284625 -0.010892918 0.036213838 5.588766098 0.010637213 0.999917150 0.007246092 -9.635483742 -0.036289766 -0.006855694 0.999317765 97.810165405
0.999247909 -0.010665435 0.037280224 5.749056816 0.010415658 0.999922037 0.006887747 -9.861087799 -0.037350774 -0.006494269 0.999281049 100.046722412
0.999170661 -0.010629869 0.039305728 5.901432037 0.010331379 0.999916196 0.007789383 -10.070541382 -0.039385237 -0.007376840 0.999196887 102.271339417
0.999177456 -0.010990250 0.039034318 6.105544090 0.010691461 0.999911964 0.007855028 -10.288883209 -0.039117210 -0.007431232 0.999207020 104.530464172
0.999130666 -0.011937444 0.039941657 6.279841423 0.011597670 0.999894619 0.008727702 -10.499890327 -0.040041633 -0.008256886 0.999163926 106.757827759
0.999088168 -0.013313681 0.040566187 6.461633682 0.012955430 0.999874830 0.009081412 -10.710523605 -0.040682014 -0.008547578 0.999135494 109.000411987
0.999046326 -0.014322432 0.041246537 6.646161079 0.013917040 0.999852300 0.010098946 -10.929814339 -0.041385077 -0.009515285 0.999097884 111.244758606
0.999021947 -0.015003694 0.041592311 6.836279869 0.014654823 0.999854863 0.008680142 -11.142291069 -0.041716509 -0.008062125 0.999096930 113.503425598
0.998973966 -0.015387456 0.042593241 7.018911362 0.015065141 0.999855399 0.007878026 -11.353629112 -0.042708308 -0.007228269 0.999061465 115.750480652
0.998933434 -0.015963331 0.043325841 7.204907417 0.015627161 0.999845207 0.008086827 -11.570811272 -0.043448225 -0.007401140 0.999028265 117.990806580
0.998889923 -0.016271053 0.044206195 7.395011902 0.015890472 0.999833584 0.008947072 -11.783426285 -0.044344429 -0.008234682 0.998982310 120.229728699
0.998860657 -0.016944306 0.044612739 7.598876953 0.016520709 0.999815047 0.009846658 -12.003341675 -0.044771332 -0.009098407 0.998955905 122.436882019
0.998799264 -0.017931851 0.045589741 7.790662766 0.017524907 0.999803066 0.009310301 -12.219402313 -0.045747720 -0.008500167 0.998916805 124.716667175
0.998743355 -0.018763361 0.046472065 7.975513458 0.018390343 0.999795258 0.008441243 -12.434361458 -0.046620935 -0.007575998 0.998883903 126.985977173
0.998714626 -0.020516437 0.046348535 8.168907166 0.020133389 0.999759316 0.008716308 -12.641757011 -0.046516206 -0.007771953 0.998887300 129.247894287
0.998730600 -0.021567263 0.045520298 8.362499237 0.021174017 0.999734342 0.009103515 -12.853212357 -0.045704544 -0.008128111 0.998921931 131.501113892
0.998784363 -0.021808183 0.044207733 8.562188148 0.021370778 0.999718130 0.010342852 -13.062906265 -0.044420835 -0.009385525 0.998968780 133.735519409
0.998836040 -0.023019759 0.042386498 8.760885239 0.022620114 0.999695182 0.009884216 -13.276537895 -0.042601109 -0.008913924 0.999052525 135.983947754
0.998911798 -0.023693969 0.040170990 8.975308418 0.023337396 0.999684215 0.009322246 -13.481268883 -0.040379182 -0.008374616 0.999149382 138.202758789
0.998896062 -0.024632607 0.039999288 9.150793076 0.024285575 0.999663293 0.009138892 -13.690238953 -0.040210940 -0.008157395 0.999158025 140.483093262
0.998889208 -0.024890307 0.040011898 9.324111938 0.024523176 0.999652743 0.009640486 -13.896480560 -0.040237956 -0.008648558 0.999152720 142.713821411
0.998933613 -0.024963837 0.038837936 9.523338318 0.024568090 0.999641597 0.010633864 -14.114036560 -0.039089479 -0.009668352 0.999188960 144.923751831
0.998950839 -0.024055265 0.038968712 9.698070526 0.023698419 0.999673009 0.009593482 -14.322439194 -0.039186746 -0.008659922 0.999194384 147.160186768
0.998973846 -0.023016900 0.039005525 9.879949570 0.022722837 0.999710083 0.007965730 -14.529391289 -0.039177556 -0.007071240 0.999207258 149.393371582
0.998999596 -0.021320224 0.039309196 10.058582306 0.021050321 0.999751925 0.007267409 -14.745537758 -0.039454386 -0.006432668 0.999200583 151.636276245
0.999012053 -0.020642176 0.039354593 10.243823051 0.020374332 0.999766529 0.007194999 -14.954899788 -0.039493926 -0.006386067 0.999199390 153.858276367
0.999004006 -0.019772856 0.039999910 10.423967361 0.019477962 0.999780238 0.007748734 -15.167543411 -0.040144335 -0.006961900 0.999169648 156.117294312
0.999015868 -0.019006450 0.040074125 10.623058319 0.018653436 0.999783993 0.009164637 -15.385402679 -0.040239658 -0.008408098 0.999154687 158.324600220
0.998960853 -0.018363837 0.041713588 10.786155701 0.017969115 0.999790430 0.009818063 -15.587743759 -0.041885145 -0.009058304 0.999081314 160.575805664
0.998941600 -0.017272551 0.042631581 10.971456528 0.016791634 0.999791563 0.011613219 -15.797794342 -0.042823289 -0.010885074 0.999023378 162.805999756
0.998915672 -0.016556174 0.043511242 11.160928726 0.016105156 0.999813080 0.010695798 -15.997149467 -0.043680195 -0.009983446 0.998995662 165.055908203
0.998879910 -0.015729530 0.044626936 11.355316162 0.015315847 0.999836624 0.009596634 -16.206315994 -0.044770595 -0.008902385 0.998957634 167.293884277
0.998807907 -0.014002534 0.046764608 11.540188789 0.013540812 0.999856532 0.010175578 -16.418003082 -0.046900380 -0.009530218 0.998854101 169.523513794
0.998725176 -0.013473685 0.048646584 11.759926796 0.012965448 0.999858141 0.010748011 -16.642320633 -0.048784509 -0.010103583 0.998758197 171.781799316
0.998602033 -0.013734573 0.051042672 11.958432198 0.013232439 0.999860764 0.010162497 -16.841527939 -0.051175147 -0.009472869 0.998644888 174.038726807
0.998526514 -0.013631170 0.052523617 12.168621063 0.013084737 0.999856770 0.010733438 -17.050540924 -0.052662395 -0.010030366 0.998561978 176.288894653
0.998463750 -0.014098961 0.053585235 12.372140884 0.013496451 0.999841750 0.011589268 -17.255046844 -0.053740155 -0.010848254 0.998495996 178.511627197
0.998460710 -0.015972881 0.053112224 12.581347466 0.015381740 0.999815345 0.011520245 -17.466783524 -0.053286433 -0.010685556 0.998522043 180.752365112
0.998402715 -0.016912775 0.053905986 12.779922485 0.016320108 0.999801695 0.011415766 -17.672542572 -0.054088365 -0.010517781 0.998480737 183.000732422
0.998469889 -0.017970985 0.052296616 13.009537697 0.017394612 0.999783218 0.011455610 -17.894720078 -0.052491143 -0.010528403 0.998565912 185.254379272
0.998468876 -0.019794906 0.051653069 13.217890739 0.019187164 0.999741018 0.012235435 -18.103496552 -0.051881891 -0.011225625 0.998590112 187.496017456
0.998487234 -0.020710755 0.050935261 13.428761482 0.020151831 0.999731183 0.011462498 -18.302286148 -0.051158965 -0.010418718 0.998636186 189.741271973
0.998437047 -0.021862689 0.051434502 13.628380775 0.021289101 0.999705195 0.011673430 -18.517847061 -0.051674556 -0.010560189 0.998608112 191.971817017
0.998395264 -0.023519207 0.051514383 13.824611664 0.022973437 0.999673903 0.011161173 -18.723649979 -0.051760074 -0.009959798 0.998609900 194.209213257
0.998420119 -0.022872653 0.051324803 14.026432037 0.022327390 0.999688387 0.011172239 -18.927659988 -0.051564351 -0.010008638 0.998619556 196.446640015
0.998450220 -0.020697268 0.051658873 14.241376877 0.020144157 0.999734282 0.011204872 -19.133255005 -0.051877052 -0.010146882 0.998602033 198.669845581
0.998466074 -0.018886175 0.052045289 14.444890976 0.018343620 0.999772489 0.010882760 -19.342134476 -0.052238982 -0.009911371 0.998585343 200.905929565
0.998443425 -0.018452331 0.052632902 14.657766342 0.017948719 0.999788642 0.010025202 -19.548208237 -0.052806765 -0.009064904 0.998563588 203.165832520
0.998417675 -0.018828824 0.052985545 14.863331795 0.018296629 0.999777377 0.010511344 -19.750000000 -0.053171657 -0.009525256 0.998539984 205.389923096
0.998387754 -0.020200010 0.053044401 15.097364426 0.019646572 0.999747217 0.010934301 -19.965583801 -0.053251866 -0.009874534 0.998532236 207.641784668
0.998335600 -0.019816106 0.054158706 15.303350449 0.019246848 0.999754190 0.011012434 -20.161806107 -0.054363612 -0.009951721 0.998471677 209.880783081
0.998259783 -0.019975426 0.055482753 15.525547981 0.019315891 0.999736547 0.012398109 -20.381948471 -0.055715799 -0.011304834 0.998382628 212.115890503
0.998200297 -0.018605964 0.057007395 15.760044098 0.017918410 0.999760687 0.012548399 -20.585336685 -0.057227228 -0.011504335 0.998294890 214.350921631
0.998040736 -0.017446764 0.060085382 15.965991020 0.016726499 0.999782324 0.012469472 -20.785278320 -0.060289849 -0.011440024 0.998115361 216.602432251
0.997904539 -0.017600423 0.062263545 16.193264008 0.016828908 0.999775350 0.012893930 -20.987916946 -0.062476490 -0.011819083 0.997976422 218.847000122
0.997758687 -0.019003591 0.064159073 16.423093796 0.018181391 0.999745250 0.013374661 -21.185071945 -0.064396888 -0.012178185 0.997850060 221.075546265
0.997643352 -0.020750133 0.065400548 16.656515121 0.019864177 0.999702275 0.014167977 -21.383441925 -0.065675050 -0.012835459 0.997758508 223.305191040
0.997569799 -0.022861846 0.065815285 16.909805298 0.022017857 0.999666154 0.013520680 -21.590093613 -0.066102415 -0.012038713 0.997740209 225.538162231
0.997521043 -0.023903592 0.066183344 17.148628235 0.023063553 0.999643743 0.013427746 -21.790252686 -0.066480748 -0.011868037 0.997717142 227.782394409
0.997482896 -0.024186552 0.066654868 17.389677048 0.023338221 0.999636710 0.013476766 -21.986429214 -0.066956602 -0.011887238 0.997685075 230.022293091
0.997395515 -0.025514292 0.067463920 17.627094269 0.024702791 0.999612391 0.012835789 -22.189815521 -0.067765281 -0.011135810 0.997639120 232.261413574
0.997387052 -0.025811570 0.067474976 17.890642166 0.024924939 0.999592006 0.013949313 -22.395757675 -0.067807488 -0.012231055 0.997623444 234.542648315
0.997347832 -0.025371324 0.068217434 18.136554718 0.024466535 0.999601603 0.014066380 -22.593385696 -0.068547152 -0.012360028 0.997571230 236.787048340
0.997311831 -0.024816368 0.068944305 18.374982834 0.023924531 0.999619424 0.013731492 -22.785150528 -0.069258839 -0.012045118 0.997525990 239.007339478
0.997282028 -0.025063340 0.069284394 18.621700287 0.024138432 0.999608397 0.014154698 -22.987386703 -0.069612041 -0.012443808 0.997496545 241.229537964
0.997238100 -0.025492214 0.069758728 18.870454788 0.024551392 0.999596119 0.014311260 -23.184629440 -0.070095375 -0.012559060 0.997461259 243.470886230
0.997208536 -0.025926847 0.070020422 19.119987488 0.025030512 0.999593437 0.013648391 -23.388916016 -0.070345826 -0.011857644 0.997452199 245.696182251
0.997214198 -0.025535773 0.070083894 19.377449036 0.024689322 0.999611676 0.012917643 -23.591438293 -0.070386544 -0.011151332 0.997457445 247.934631348
0.997191191 -0.025825659 0.070304945 19.629005432 0.024938358 0.999598205 0.013469514 -23.792404175 -0.070624560 -0.011678391 0.997434616 250.170104980
0.997147858 -0.027160503 0.070415102 19.883857727 0.026268624 0.999562919 0.013561369 -23.995218277 -0.070752636 -0.011672984 0.997425616 252.393859863
0.997141778 -0.027439954 0.070393406 20.149787903 0.026484085 0.999544322 0.014476618 -24.199924469 -0.070758566 -0.012570935 0.997414231 254.658905029
0.997106969 -0.028054884 0.070643820 20.387817383 0.027086081 0.999525964 0.014634833 -24.398513794 -0.071020916 -0.012679031 0.997394204 256.875701904
0.997068048 -0.028684542 0.070940495 20.652732849 0.027653249 0.999497712 0.015477248 -24.612844467 -0.071348839 -0.013470135 0.997360468 259.155822754
0.997048318 -0.028250458 0.071389921 20.911180496 0.027261928 0.999518931 0.014783732 -24.807167053 -0.071773238 -0.012793868 0.997338831 261.400604248
0.997026563 -0.028236300 0.071699247 21.171142578 0.027280612 0.999525905 0.014273765 -25.001529694 -0.072068281 -0.012275324 0.997324109 263.655853271
0.996992469 -0.027447226 0.072474644 21.426040649 0.026510533 0.999552488 0.013855053 -25.203290939 -0.072822481 -0.011892043 0.997274041 265.892639160
0.996939123 -0.026847957 0.073428616 21.684246063 0.025903100 0.999569237 0.013790106 -25.397777557 -0.073767245 -0.011845867 0.997205138 268.134948730
0.996850193 -0.026539674 0.074734971 21.952110291 0.025606515 0.999581993 0.013417051 -25.602037430 -0.075059824 -0.011461087 0.997113168 270.401824951
0.996762991 -0.027275978 0.075627930 22.227775574 0.026305877 0.999558747 0.013794045 -25.806756973 -0.075970821 -0.011759933 0.997040689 272.650238037
0.996574521 -0.027553095 0.077973641 22.471086502 0.026510185 0.999545097 0.014379044 -26.001321793 -0.078334339 -0.012262696 0.996851742 274.897155762
0.996485889 -0.027472675 0.079127043 22.745086670 0.026291633 0.999527335 0.015929407 -26.194915771 -0.079527266 -0.013793048 0.996737242 277.130615234
0.996410131 -0.026436690 0.080423087 23.018632889 0.025161603 0.999541879 0.016827257 -26.387699127 -0.080831096 -0.014743277 0.996618688 279.380828857
0.996278465 -0.026259407 0.082095668 23.289596558 0.024877092 0.999531746 0.017815772 -26.588375092 -0.082525067 -0.015707171 0.996465147 281.619323730
0.996219873 -0.025618268 0.083004862 23.565341949 0.024188697 0.999542058 0.018183017 -26.779247284 -0.083432682 -0.016106505 0.996383309 283.859924316
0.996234417 -0.024799835 0.083077662 23.869421005 0.023437861 0.999575019 0.017329495 -26.970315933 -0.083472140 -0.015317078 0.996392310 286.139678955
0.996142983 -0.024102807 0.084370166 24.138069153 0.022796949 0.999605477 0.016407186 -27.160017014 -0.084732346 -0.014420521 0.996299386 288.366729736
0.996146202 -0.023469960 0.084509671 24.417226791 0.022161277 0.999620020 0.016390618 -27.363990784 -0.084862240 -0.014454609 0.996287763 290.614837646
0.996132433 -0.023708982 0.084604867 24.700139999 0.022453520 0.999623597 0.015760127 -27.553947449 -0.084946677 -0.013799495 0.996289849 292.859191895
0.996142685 -0.024251584 0.084329747 24.981346130 0.023053367 0.999619365 0.015153651 -27.751939774 -0.084665142 -0.013151112 0.996322691 295.085235596
0.996134937 -0.024215071 0.084432125 25.258985519 0.023009123 0.999619424 0.015227115 -27.950603485 -0.084768698 -0.013225552 0.996312797 297.321411133
0.996131063 -0.023708224 0.084621534 25.537534714 0.022468831 0.999626338 0.015568881 -28.142059326 -0.084959023 -0.013607298 0.996291518 299.557617188
0.996124566 -0.023382468 0.084788613 25.812765121 0.022082178 0.999624372 0.016241286 -28.339492798 -0.085136525 -0.014306029 0.996266544 301.792236328
0.996111929 -0.023667073 0.084857114 26.099391937 0.022356780 0.999616206 0.016358474 -28.533016205 -0.085211717 -0.014397739 0.996258795 304.043365479
0.996083438 -0.023262555 0.085302830 26.380863190 0.021910109 0.999619484 0.016756825 -28.726594925 -0.085660174 -0.014822205 0.996214092 306.280395508
0.996075213 -0.023930475 0.085214227 26.661371231 0.022579785 0.999604225 0.016779358 -28.930107117 -0.085582040 -0.014789387 0.996221364 308.527191162
0.996018410 -0.025299640 0.085482664 26.944540024 0.023894124 0.999562621 0.017425617 -29.124090195 -0.085886121 -0.015313703 0.996187270 310.792633057
0.995983303 -0.025065353 0.085958257 27.227634430 0.023714766 0.999579310 0.016697580 -29.315605164 -0.086340621 -0.014592032 0.996158779 313.028015137
0.995995164 -0.024860371 0.085881427 27.515531540 0.023436137 0.999571264 0.017552551 -29.512084961 -0.086280972 -0.015469526 0.996150732 315.270812988
0.995957494 -0.023192290 0.086779252 27.801750183 0.021831801 0.999623895 0.016594069 -29.705631256 -0.087131478 -0.014632442 0.996089280 317.524505615
0.995958090 -0.021016538 0.087324880 28.077999115 0.019570392 0.999657273 0.017383929 -29.901082993 -0.087660283 -0.015604680 0.996028185 319.751464844
0.995913088 -0.020227619 0.088022523 28.357522964 0.018819273 0.999681711 0.016800478 -30.095829010 -0.088334337 -0.015075295 0.995976806 321.978240967
0.995877504 -0.019448251 0.088599183 28.637186050 0.017992005 0.999690056 0.017205469 -30.285055161 -0.088906348 -0.015540464 0.995918691 324.217773438
0.995868683 -0.018880337 0.088821895 28.927940369 0.017279567 0.999674737 0.018756887 -30.487779617 -0.089147151 -0.017144589 0.995870888 326.441009521
0.995812535 -0.018976862 0.089426756 29.205173492 0.017393146 0.999678314 0.018455775 -30.682441711 -0.089748219 -0.016823081 0.995822370 328.678070068
0.995811164 -0.020364018 0.089137033 29.502754211 0.018846985 0.999663413 0.017827855 -30.872795105 -0.089470081 -0.016073214 0.995859802 330.915893555
0.995816767 -0.019723916 0.089218654 29.789386749 0.018206153 0.999675930 0.017793735 -31.066528320 -0.089540705 -0.016094970 0.995853245 333.138549805
0.995780349 -0.019807966 0.089605756 30.074337006 0.018187605 0.999656618 0.018863853 -31.255411148 -0.089948654 -0.017154546 0.995798647 335.371948242
0.995827258 -0.020364366 0.088956811 30.377616882 0.018751228 0.999644876 0.018932216 -31.443084717 -0.089310773 -0.017185168 0.995855451 337.606323242
0.995795310 -0.019995123 0.089397512 30.656354904 0.018346567 0.999646842 0.019224709 -31.635700226 -0.089750342 -0.017503733 0.995810449 339.844573975
0.995821953 -0.020187246 0.089056261 30.951063156 0.018575186 0.999648929 0.018893421 -31.826864243 -0.089406408 -0.017160246 0.995847404 342.092346191
0.995830774 -0.020652940 0.088849775 31.239114761 0.018992279 0.999629498 0.019495791 -32.014339447 -0.089219511 -0.017727045 0.995854199 344.349273682
0.995889843 -0.020127837 0.088307850 31.529537201 0.018491585 0.999642551 0.019308144 -32.197414398 -0.088664912 -0.017595835 0.995905995 346.593505859
0.995937169 -0.019845702 0.087836891 31.814571381 0.018209811 0.999646187 0.019386603 -32.384983063 -0.088190541 -0.017708344 0.995946229 348.833068848
0.995912492 -0.019388137 0.088218272 32.093341827 0.017692868 0.999644279 0.019958278 -32.576976776 -0.088573821 -0.018315865 0.995901227 351.074157715
0.995948970 -0.019498125 0.087780938 32.378395081 0.017788483 0.999637485 0.020216599 -32.761230469 -0.088143282 -0.018573210 0.995934606 353.304016113
0.995951176 -0.019063981 0.087850899 32.659263611 0.017382907 0.999651611 0.019861093 -32.951560974 -0.088198893 -0.018253574 0.995935619 355.551574707
0.996007919 -0.019292012 0.087156959 32.951610565 0.017581258 0.999638259 0.020353639 -33.137714386 -0.087518103 -0.018740058 0.995986640 357.789703369
0.996070564 -0.018928446 0.086516030 33.243194580 0.017159455 0.999629140 0.021145158 -33.324440002 -0.086884171 -0.019577505 0.996025980 360.022552490
0.996126413 -0.019146563 0.085822828 33.536540985 0.017395118 0.999625862 0.021109365 -33.511390686 -0.086194895 -0.019534700 0.996086717 362.272003174
0.996159256 -0.019169450 0.085436828 33.824020386 0.017385991 0.999616146 0.021570083 -33.695686340 -0.085817531 -0.020001823 0.996110082 364.514312744
0.996201575 -0.019121598 0.084951609 34.111061096 0.017409075 0.999630868 0.020854134 -33.881393433 -0.085319020 -0.019295994 0.996166825 366.776885986
0.996231377 -0.019757446 0.084455572 34.393337250 0.018070811 0.999622762 0.020688785 -34.068744659 -0.084832467 -0.019084636 0.996212363 369.023559570
0.996190667 -0.019452453 0.085005730 34.662654877 0.017831588 0.999645233 0.019785676 -34.248630524 -0.085360453 -0.018194519 0.996183932 371.290374756
0.996268511 -0.020146292 0.083923385 34.956188202 0.018535797 0.999629617 0.019925307 -34.443325043 -0.084293723 -0.018295370 0.996272981 373.536956787
0.996312082 -0.019850042 0.083475627 35.242004395 0.018170033 0.999617755 0.020837585 -34.627052307 -0.083857350 -0.019243982 0.996291935 375.789703369
0.996283710 -0.020158105 0.083739921 35.514110565 0.018445099 0.999605536 0.021179877 -34.811340332 -0.084133849 -0.019556576 0.996262550 378.049346924
0.996271670 -0.020717598 0.083746701 35.791481018 0.018987950 0.999590635 0.021397436 -34.998558044 -0.084155716 -0.019727480 0.996257305 380.290954590
0.996283114 -0.020880613 0.083571762 36.076625824 0.019162649 0.999589324 0.021306423 -35.178440094 -0.083982341 -0.019625766 0.996273935 382.537689209
0.996285677 -0.020039788 0.083745353 36.359397888 0.018285131 0.999598026 0.021667080 -35.366661072 -0.084145881 -0.020055309 0.996251523 384.796844482
0.996301830 -0.018933153 0.083810702 36.643089294 0.017161865 0.999614894 0.021804698 -35.547821045 -0.084191248 -0.020285711 0.996243119 387.058898926
0.996348023 -0.017767519 0.083514988 36.936367035 0.016002638 0.999635279 0.021754617 -35.738708496 -0.083871052 -0.020338709 0.996268988 389.334167480
0.996335626 -0.016173691 0.083986573 37.213237762 0.014399122 0.999661028 0.021692147 -35.925491333 -0.084308952 -0.020403324 0.996230662 391.616882324
0.996356308 -0.014767818 0.084000267 37.495880127 0.012860746 0.999648094 0.023199182 -36.109962463 -0.084313296 -0.022034341 0.996195614 393.882537842
0.996290445 -0.013482803 0.084990703 37.766952515 0.011502933 0.999651968 0.023741959 -36.294387817 -0.085281223 -0.022676250 0.996098816 396.151977539
0.996227980 -0.013116083 0.085777447 38.044639587 0.011249877 0.999690175 0.022203708 -36.482513428 -0.086042091 -0.021154970 0.996066809 398.417083740
0.996186674 -0.012716615 0.086316027 38.326110840 0.010891585 0.999707758 0.021581706 -36.665264130 -0.086565256 -0.020559290 0.996033967 400.684967041
0.996028662 -0.013842065 0.087950312 38.587326050 0.011865560 0.999666095 0.022956207 -36.849617004 -0.088238716 -0.021821463 0.995860279 402.924926758
0.996043682 -0.014834940 0.087618098 38.889076233 0.012807171 0.999638021 0.023660285 -37.030410767 -0.087937362 -0.022444537 0.995873094 405.203674316
0.996001780 -0.015125223 0.088043548 39.172214508 0.013105298 0.999638557 0.023475364 -37.208854675 -0.088366799 -0.022227667 0.995840013 407.458801270
0.995926976 -0.013895935 0.089085959 39.462528229 0.011903547 0.999667823 0.022857213 -37.389869690 -0.089373991 -0.021703679 0.995761633 409.699157715
0.995877087 -0.012810649 0.089803539 39.752079010 0.010776442 0.999675095 0.023100169 -37.574653625 -0.090070285 -0.022037163 0.995691597 411.946075439
0.995790660 -0.011787719 0.090895429 40.030899048 0.009737277 0.999688745 0.022968834 -37.758117676 -0.091137886 -0.021987079 0.995595455 414.188659668
0.995690346 -0.010164458 0.092180900 40.324645996 0.008090945 0.999706388 0.022839831 -37.937141418 -0.092385992 -0.021995571 0.995480299 416.461120605
0.995659173 -0.010627306 0.092465267 40.630111694 0.008551431 0.999702990 0.022817636 -38.122901917 -0.092680290 -0.021927878 0.995454371 418.716217041
0.995544076 -0.010588063 0.093700841 40.919784546 0.008486188 0.999704003 0.022801843 -38.302913666 -0.093914546 -0.021905078 0.995339274 420.969604492
0.995455325 -0.010789376 0.094615236 41.209396362 0.008685045 0.999706328 0.022624582 -38.488647461 -0.094831534 -0.021700021 0.995256782 423.226470947
0.995384037 -0.011261058 0.095308483 41.512187958 0.009026161 0.999674797 0.023847824 -38.671291351 -0.095546052 -0.022877477 0.995162010 425.496459961
0.995331109 -0.010608686 0.095934741 41.808715820 0.008281648 0.999662519 0.024622150 -38.851001740 -0.096163586 -0.023712695 0.995082974 427.744201660
0.995252967 -0.009726873 0.096833184 42.116031647 0.007319105 0.999655843 0.025189312 -39.027465820 -0.097044885 -0.024361011 0.994981766 430.019256592
0.995263755 -0.010379373 0.096655041 42.427299500 0.007942209 0.999641597 0.025565753 -39.215270996 -0.096885733 -0.024677014 0.994989574 432.279327393
0.995225608 -0.011185686 0.096957311 42.740173340 0.008794459 0.999647379 0.025055047 -39.401618958 -0.097203374 -0.024082737 0.994973063 434.546600342
0.995220840 -0.010329570 0.097101204 43.054744720 0.007940798 0.999657035 0.024955178 -39.564620972 -0.097325675 -0.024064859 0.994961560 436.818634033
0.995170832 -0.010822422 0.097559445 43.364479065 0.008392511 0.999645114 0.025283039 -39.744735718 -0.097798415 -0.024342174 0.994908512 439.103424072
0.995220542 -0.010819267 0.097050861 43.684066772 0.008373594 0.999637902 0.025571914 -39.922527313 -0.097292386 -0.024637032 0.994950831 441.375854492
0.995224833 -0.009987500 0.097096756 44.012874603 0.007454148 0.999623120 0.026418852 -40.112182617 -0.097324044 -0.025568923 0.994924247 443.655303955
0.995170176 -0.010635877 0.097586632 44.322120667 0.008079627 0.999614775 0.026552577 -40.286968231 -0.097831443 -0.025635868 0.994872749 445.933563232
0.995156527 -0.010520601 0.097738728 44.630970001 0.008003871 0.999627054 0.026106078 -40.465255737 -0.097976945 -0.025197344 0.994869590 448.199890137
0.995169997 -0.009947685 0.097660460 44.944198608 0.007459870 0.999639094 0.025806297 -40.643531799 -0.097881928 -0.024953121 0.994885147 450.462951660
0.995114744 -0.009321095 0.098284215 45.251647949 0.006819232 0.999644876 0.025760645 -40.829589844 -0.098489426 -0.024964577 0.994824827 452.729217529
0.995035172 -0.008557362 0.099155083 45.557621002 0.006038290 0.999652028 0.025677675 -40.997901917 -0.099340320 -0.024951460 0.994740605 455.008148193
0.995003104 -0.009159955 0.099422842 45.861946106 0.006653409 0.999652326 0.025513338 -41.183414459 -0.099621959 -0.024724346 0.994718134 457.283111572
0.995043993 -0.008352044 0.099084161 46.188320160 0.005921909 0.999675035 0.024794782 -41.361614227 -0.099259049 -0.024085132 0.994770110 459.571899414
0.995024621 -0.007564605 0.099341661 46.499938965 0.005070009 0.999666154 0.025339760 -41.543151855 -0.099500179 -0.024710024 0.994730651 461.853485107
0.995042145 -0.007073391 0.099201672 46.816036224 0.004464578 0.999638975 0.026495459 -41.718841553 -0.099353276 -0.025921207 0.994714558 464.132476807
0.995072842 -0.007210388 0.098883390 47.122463226 0.004560079 0.999624968 0.027002243 -41.892810822 -0.099041000 -0.026418287 0.994732618 466.398406982
0.995189190 -0.007282416 0.097701855 47.444908142 0.004803524 0.999661088 0.025583273 -42.063976288 -0.097855069 -0.024990883 0.994886875 468.681243896
0.995287478 -0.007105949 0.096707493 47.770355225 0.004682828 0.999669969 0.025260126 -42.245395660 -0.096855074 -0.024688222 0.994992256 470.976501465
0.995353758 -0.007851591 0.095965095 48.078613281 0.005355041 0.999641180 0.026245132 -42.427452087 -0.096136734 -0.025609298 0.995038629 473.256011963
0.995315313 -0.008070094 0.096345365 48.374359131 0.005543518 0.999634385 0.026463090 -42.605491638 -0.096523710 -0.025805021 0.994996130 475.537536621
0.995455205 -0.007425597 0.094940498 48.687644958 0.005074992 0.999675155 0.024976246 -42.753459930 -0.095095120 -0.024380919 0.995169520 477.816284180
0.995452881 -0.007443493 0.094963528 48.989673615 0.005040333 0.999661565 0.025520952 -42.933010101 -0.095121339 -0.024926262 0.995153546 480.094665527
0.995491982 -0.007981670 0.094508484 49.298271179 0.005537302 0.999644041 0.026098076 -43.111511230 -0.094683163 -0.025457105 0.995181918 482.365844727
0.995493948 -0.008513837 0.094441727 49.591499329 0.006203166 0.999674797 0.024733294 -43.282814026 -0.094621599 -0.024036007 0.995223165 484.652008057
0.995580375 -0.009352702 0.093446322 49.903808594 0.006986193 0.999647260 0.025619902 -43.470321655 -0.093652979 -0.024853840 0.995294571 486.948516846
0.995642960 -0.009635960 0.092747830 50.207374573 0.007307401 0.999650300 0.025413306 -43.640739441 -0.092960276 -0.024624832 0.995365202 489.229248047
0.995601296 -0.010660678 0.093083017 50.473171234 0.008235611 0.999617517 0.026398106 -43.836624146 -0.093328848 -0.025515391 0.995308340 491.486816406
0.995703876 -0.010392084 0.092010029 50.787055969 0.007991667 0.999619126 0.026418759 -44.007728577 -0.092249520 -0.025569946 0.995407581 493.771881104
0.995691955 -0.009965359 0.092185922 51.072120667 0.007586487 0.999630034 0.026119696 -44.183261871 -0.092412114 -0.025307804 0.995399117 496.058807373
0.995746851 -0.009918905 0.091595806 51.384353638 0.007601761 0.999643087 0.025611807 -44.366870880 -0.091817163 -0.024806589 0.995466769 498.357055664
0.995781958 -0.009823947 0.091223538 51.680316925 0.007440462 0.999622941 0.026431397 -44.544158936 -0.091448784 -0.025641158 0.995479584 500.646789551
0.995765448 -0.009603151 0.091428809 51.968544006 0.007168988 0.999611974 0.026914900 -44.727294922 -0.091651797 -0.026145471 0.995447814 502.919677734
0.995794952 -0.008814284 0.091185085 52.266128540 0.006456397 0.999637961 0.026120966 -44.903953552 -0.091382310 -0.025422396 0.995491326 505.211059570
0.995752394 -0.008833603 0.091646798 52.551609039 0.006387586 0.999616325 0.026948685 -45.083469391 -0.091849700 -0.026248818 0.995426834 507.496917725
0.995769799 -0.009257011 0.091415323 52.849323273 0.006891850 0.999634147 0.026154555 -45.261581421 -0.091623984 -0.025413901 0.995469272 509.778350830
0.995804548 -0.010079792 0.090948716 53.155471802 0.007641857 0.999603152 0.027114104 -45.446166992 -0.091185912 -0.026305337 0.995486379 512.073852539
0.995800674 -0.009650735 0.091037467 53.449878693 0.007183850 0.999599099 0.027386341 -45.621425629 -0.091265276 -0.026617335 0.995470762 514.379821777
0.995836914 -0.009153209 0.090691812 53.751373291 0.006733027 0.999613881 0.026955884 -45.796161652 -0.090903521 -0.026233040 0.995514095 516.686157227
0.995825768 -0.008301131 0.090895072 54.040225983 0.005885667 0.999623179 0.026810065 -45.975860596 -0.091083363 -0.026163176 0.995499611 518.979248047
0.995752335 -0.006408221 0.091849029 54.328525543 0.003959889 0.999632597 0.026813541 -46.153873444 -0.091987126 -0.026335930 0.995411873 521.300903320
0.995677054 -0.004630746 0.092767037 54.630401611 0.002122110 0.999629796 0.027122740 -46.333183289 -0.092858285 -0.026808627 0.995318353 523.633789062
0.995608807 -0.003760945 0.093536131 54.936889648 0.001121545 0.999600053 0.028254546 -46.502357483 -0.093604989 -0.028025568 0.995214880 525.959350586
0.995538056 -0.004169630 0.094268687 55.234992981 0.001516719 0.999601245 0.028196162 -46.675247192 -0.094348684 -0.027927374 0.995147347 528.256225586
0.995496690 -0.006030221 0.094604529 55.539962769 0.003264007 0.999563336 0.029367298 -46.844383240 -0.094740316 -0.028926255 0.995081604 530.562744141
0.995450735 -0.007571850 0.094976284 55.857585907 0.004810801 0.999559999 0.029266303 -47.017528534 -0.095156111 -0.028676255 0.995049238 532.881591797
0.995423436 -0.007748574 0.095247798 56.165969849 0.005037901 0.999576271 0.028666778 -47.190593719 -0.095429555 -0.028055735 0.995040715 535.191894531
0.995328724 -0.008077830 0.096205577 56.472858429 0.005357920 0.999579549 0.028496707 -47.363273621 -0.096395321 -0.027848128 0.994953454 537.508117676
0.995239019 -0.007505532 0.097174339 56.774082184 0.004805264 0.999596715 0.027992135 -47.541732788 -0.097345226 -0.027391918 0.994873643 539.816162109
0.995134532 -0.006831595 0.098288044 57.076950073 0.004119844 0.999605954 0.027766388 -47.719654083 -0.098438993 -0.027226361 0.994770527 542.135437012
0.995067179 -0.006444295 0.098993018 57.398872375 0.003809864 0.999634087 0.026778314 -47.893402100 -0.099129364 -0.026269075 0.994727731 544.451904297
0.994927108 -0.006816464 0.100367486 57.694492340 0.004029073 0.999601245 0.027948406 -48.082992554 -0.100517973 -0.027402241 0.994557798 546.786010742
0.994825184 -0.006682581 0.101380862 58.008537292 0.003795892 0.999582589 0.028639950 -48.258041382 -0.101529919 -0.028106915 0.994435370 549.107971191
0.994695961 -0.006708630 0.102639250 58.314201355 0.003766679 0.999577224 0.028830033 -48.431690216 -0.102789260 -0.028290508 0.994300783 551.404968262
0.994708061 -0.007680727 0.102454551 58.645816803 0.004830714 0.999595225 0.028036525 -48.605068207 -0.102628402 -0.027393226 0.994342506 553.711730957
0.994728088 -0.007718408 0.102256693 58.978195190 0.004806595 0.999576747 0.028691394 -48.782260895 -0.102434866 -0.028048629 0.994344175 556.025573730
0.994668126 -0.007631128 0.102844536 59.299507141 0.004664229 0.999566853 0.029058062 -48.955680847 -0.103021711 -0.028423436 0.994273007 558.332824707
0.994639039 -0.007051077 0.103167146 59.629077911 0.003951211 0.999535441 0.030220602 -49.130462646 -0.103332318 -0.029650955 0.994204819 560.666259766
0.994633496 -0.007697666 0.103174500 59.964786530 0.004535781 0.999513805 0.030845637 -49.301429749 -0.103361771 -0.030212129 0.994184971 562.998474121
0.994609833 -0.007263433 0.103433751 60.296634674 0.004007628 0.999490976 0.031650301 -49.470088959 -0.103610985 -0.031065175 0.994132638 565.315429688
0.994558036 -0.006490060 0.103981480 60.633560181 0.003268420 0.999510229 0.031123305 -49.645000458 -0.104132541 -0.030614078 0.994092166 567.640136719
0.994572461 -0.005416256 0.103904784 60.977882385 0.002348432 0.999558330 0.029624987 -49.809097290 -0.104019351 -0.029220179 0.994145870 569.973937988
0.994512141 -0.005016644 0.104500525 61.318893433 0.001900309 0.999551117 0.029899478 -49.982070923 -0.104603618 -0.029536813 0.994075239 572.295776367
0.994496584 -0.005087954 0.104645655 61.644374847 0.001867386 0.999522269 0.030850923 -50.154037476 -0.104752615 -0.030485719 0.994030952 574.666809082
0.994502902 -0.005143187 0.104582712 61.988609314 0.001720946 0.999460936 0.032786757 -50.336097717 -0.104694963 -0.032426547 0.993975580 576.976562500
0.994385600 -0.004477898 0.105722249 62.302486420 0.001195572 0.999515831 0.031089684 -50.507591248 -0.105810270 -0.030788736 0.993909597 579.359802246
0.994419694 -0.005131389 0.105372027 62.645248413 0.001874116 0.999518037 0.030987898 -50.672004700 -0.105480246 -0.030617494 0.993949950 581.697875977
0.994378507 -0.006432126 0.105688214 62.988449097 0.003029925 0.999472976 0.032320011 -50.848518372 -0.105840385 -0.031818096 0.993874073 584.021545410
0.994470000 -0.006276993 0.104833387 63.332939148 0.002926899 0.999481082 0.032079678 -51.011913300 -0.104980342 -0.031595442 0.993972242 586.338867188
0.994385839 -0.008897506 0.105439462 63.680603027 0.005618790 0.999492526 0.031352077 -51.191135406 -0.105664909 -0.030583620 0.993931353 588.703979492
0.994443834 -0.009286118 0.104858145 64.031547546 0.006033748 0.999492049 0.031291593 -51.355827332 -0.105095468 -0.030485043 0.993994772 591.049438477
0.994432569 -0.011178129 0.104781471 64.365142822 0.007887196 0.999464214 0.031769507 -51.523811340 -0.105080456 -0.030766202 0.993987679 593.380981445
0.994459689 -0.011738160 0.104461230 64.713462830 0.008443751 0.999454558 0.031923678 -51.692565918 -0.104778975 -0.030864770 0.994016409 595.737304688
