1.000000000 0.000000000 0.000000000 0.000000000 0.000000000 1.000000000 0.000000000 0.000000000 0.000000000 0.000000000 1.000000000 0.000000000
0.999999881 0.000137541 0.000456898 0.086167194 -0.000137479 1.000000000 -0.000135989 -0.226083100 -0.000456917 0.000135926 0.999999881 2.289299726
0.999999046 0.000572862 0.001251945 0.163911656 -0.000573450 0.999999702 0.000469777 -0.464199215 -0.001251676 -0.000470495 0.999999106 4.588260174
0.999998271 0.000162537 0.001814703 0.261190325 -0.000163566 0.999999821 0.000567380 -0.694915652 -0.001814611 -0.000567676 0.999998152 6.881593227
0.999996364 0.000135453 0.002684976 0.354000419 -0.000132658 0.999999464 -0.001041278 -0.928151608 -0.002685115 0.001040918 0.999995768 9.177607536
0.999986768 0.001864018 0.004790318 0.444880188 -0.001865162 0.999998212 0.000234459 -1.162788153 -0.004789873 -0.000243390 0.999988377 11.482542992
0.999961674 0.004207094 0.007679857 0.527546704 -0.004220471 0.999989569 0.001726319 -1.395980597 -0.007672513 -0.001758666 0.999969006 13.794681549
0.999940455 0.004031497 0.010145902 0.634715796 -0.004076883 0.999981821 0.004456665 -1.626036763 -0.010127749 -0.004497763 0.999938548 16.071691513
0.999938965 0.003728713 0.010397729 0.760863483 -0.003780838 0.999980390 0.004997903 -1.850107312 -0.010378892 -0.005036911 0.999933481 18.409881592
0.999930561 0.002933669 0.011421484 0.885843992 -0.002994092 0.999981523 0.005276789 -2.076323986 -0.011405793 -0.005310619 0.999920845 20.698698044
0.999928236 0.000465189 0.011964994 0.997833967 -0.000501208 0.999995291 0.003007517 -2.305306673 -0.011963541 -0.003013298 0.999923885 23.012361526
0.999916732 -0.001812484 0.012772107 1.106282711 0.001799754 0.999997854 0.001008141 -2.525635004 -0.012773909 -0.000985071 0.999917865 25.293983459
0.999914408 -0.002559204 0.012825342 1.241881132 0.002553859 0.999996662 0.000433106 -2.773501158 -0.012826405 -0.000400315 0.999917626 27.604988098
0.999902308 -0.002198575 0.013804444 1.348366857 0.002205263 0.999997556 -0.000469292 -2.999427319 -0.013803375 0.000499689 0.999904633 29.892395020
0.999896348 0.000060234 0.014397328 1.472931266 -0.000083941 0.999998569 0.001646010 -3.226773500 -0.014397207 -0.001647048 0.999894917 32.176002502
0.999892592 0.002077019 0.014505422 1.602677464 -0.002131097 0.999990880 0.003713675 -3.446658611 -0.014497575 -0.003744189 0.999887943 34.457782745
0.999862015 0.004551637 0.015971495 1.716915131 -0.004684556 0.999954641 0.008294726 -3.684163809 -0.015933011 -0.008368400 0.999838173 36.762580872
0.999835849 0.006363028 0.016961833 1.830479860 -0.006495634 0.999948740 0.007774286 -3.901615143 -0.016911499 -0.007883187 0.999825895 39.035682678
0.999812245 0.005439180 0.018597111 1.937894821 -0.005556090 0.999965072 0.006240543 -4.104860306 -0.018562522 -0.006342699 0.999807596 41.324970245
0.999817967 0.003001607 0.018840183 2.061896324 -0.003102462 0.999980986 0.005326231 -4.330272198 -0.018823838 -0.005383712 0.999808371 43.601036072
0.999809861 0.003435959 0.019193085 2.191054344 -0.003518018 0.999984741 0.004243336 -4.552919388 -0.019178212 -0.004310051 0.999806762 45.838279724
0.999813259 0.002819660 0.019117363 2.318993807 -0.002884383 0.999990225 0.003358866 -4.782917023 -0.019107709 -0.003413381 0.999811590 48.113025665
0.999811828 0.001184337 0.019362334 2.453690052 -0.001253537 0.999992967 0.003562229 -5.009881973 -0.019357974 -0.003585831 0.999806166 50.393634796
0.999787152 0.000771959 0.020616084 2.581049919 -0.000853819 0.999991715 0.003962185 -5.233460426 -0.020612856 -0.003978943 0.999779642 52.662506104
0.999777973 -0.000385580 0.021068439 2.718151093 0.000307330 0.999993086 0.003717188 -5.459084034 -0.021069728 -0.003709887 0.999771118 54.953151703
0.999757409 -0.000610594 0.022013629 2.849494696 0.000514031 0.999990225 0.004391911 -5.692865849 -0.022016093 -0.004379530 0.999748051 57.233814240
0.999738395 -0.001950227 0.022785502 2.987069607 0.001834099 0.999985218 0.005116373 -5.918295860 -0.022795141 -0.005073244 0.999727309 59.500511169
0.999699295 -0.003545640 0.024264479 3.114149570 0.003437618 0.999984026 0.004492081 -6.140958786 -0.024280017 -0.004407318 0.999695480 61.769596100
0.999688089 -0.004295824 0.024602480 3.271608353 0.004192845 0.999982238 0.004235752 -6.363534451 -0.024620239 -0.004131277 0.999688327 64.020988464
0.999657869 -0.003846822 0.025869057 3.412692070 0.003720675 0.999980986 0.004922783 -6.586793900 -0.025887500 -0.004824848 0.999653161 66.291336060
0.999639928 -0.002878693 0.026678897 3.561663628 0.002736324 0.999981821 0.005371374 -6.813758850 -0.026693879 -0.005296438 0.999629557 68.549926758
0.999603808 -0.003107516 0.027975312 3.699958801 0.002968727 0.999983072 0.005001284 -7.037063599 -0.027990380 -0.004916252 0.999596119 70.804977417
0.999589026 -0.003969993 0.028390905 3.859318495 0.003866621 0.999985635 0.003694974 -7.260204792 -0.028405167 -0.003583679 0.999589980 73.062477112
0.999576867 -0.004903457 0.028670955 4.019268036 0.004789078 0.999980330 0.004056653 -7.486268044 -0.028690279 -0.003917629 0.999580681 75.345474243
0.999529541 -0.006170218 0.030046042 4.177225590 0.006064474 0.999975145 0.003609222 -7.716665268 -0.030067565 -0.003425311 0.999542058 77.610336304
0.999531150 -0.007002667 0.029806431 4.335531712 0.006905728 0.999970496 0.003353967 -7.946692944 -0.029829033 -0.003146559 0.999550045 79.876579285
0.999504805 -0.007465182 0.030568667 4.485826969 0.007376038 0.999968231 0.003027931 -8.163629532 -0.030590301 -0.002800956 0.999528050 82.133499146
0.999468386 -0.006899807 0.031862628 4.647107601 0.006807844 0.999972343 0.002993851 -8.390852928 -0.031882402 -0.002775344 0.999487758 84.415351868
0.999417484 -0.006675752 0.033468857 4.803765774 0.006563393 0.999972463 0.003465876 -8.608181953 -0.033491075 -0.003244187 0.999433756 86.671012878
0.999417365 -0.006513944 0.033504345 4.978923798 0.006346690 0.999966979 0.005095940 -8.845741272 -0.033536430 -0.004880329 0.999425590 88.958892822
0.999383152 -0.005623997 0.034665745 5.139848232 0.005418927 0.999967277 0.006006752 -9.073003769 -0.034698382 -0.005815196 0.999380887 91.212394714
0.999358058 -0.005434756 0.035411585 5.309215069 0.005223537 0.999968052 0.006054474 -9.293347359 -0.035443351 -0.005865613 0.999354482 93.450683594
0.999344528 -0.006217294 0.035662692 5.489327431 0.006039037 0.999968767 0.005103976 -9.507990837 -0.035693303 -0.004885264 0.999350846 95.695388794
0.999307394 -0.006727558 0.036598135 5.656476974 0.006526693 0.999962986 0.005605116 -9.728929520 -0.036634490 -0.005362370 0.999314368 97.944007874
0.999275863 -0.006517349 0.037485879 5.818404198 0.006328193 0.999966621 0.005162496 -9.958894730 -0.037518278 -0.004921540 0.999283850 100.185905457
0.999220788 -0.006551841 0.038923312 5.977008820 0.006315763 0.999960899 0.006185085 -10.174339294 -0.038962312 -0.005934434 0.999223053 102.418411255
0.999213099 -0.006897534 0.039058849 6.178040504 0.006665899 0.999959350 0.006057525 -10.393142700 -0.039099053 -0.005792396 0.999218464 104.689147949
0.999178112 -0.007853518 0.039767221 6.355559349 0.007596222 0.999949276 0.006617030 -10.606375694 -0.039817162 -0.006309511 0.999187052 106.929748535
0.999151468 -0.009310931 0.040122695 6.540568352 0.009045347 0.999935925 0.006795825 -10.821699142 -0.040183406 -0.006427133 0.999171674 109.182548523
0.999104500 -0.010375307 0.041017633 6.715621948 0.010065732 0.999919355 0.007746730 -11.043460846 -0.041094694 -0.007326921 0.999128401 111.440963745
0.999084949 -0.011158533 0.041287556 6.906362534 0.010907310 0.999920607 0.006304965 -11.261726379 -0.041354638 -0.005848860 0.999127388 113.706726074
0.999040782 -0.011436192 0.042269323 7.086729050 0.011212254 0.999921799 0.005531155 -11.481539726 -0.042329274 -0.005051914 0.999090970 115.962036133
0.998995245 -0.011769406 0.043243162 7.267517090 0.011511348 0.999914467 0.006211724 -11.710971832 -0.043312572 -0.005707696 0.999045253 118.216621399
0.998938918 -0.012172712 0.044415075 7.454958916 0.011871139 0.999904633 0.007047367 -11.935176849 -0.044496618 -0.006512631 0.998988450 120.488616943
0.998930693 -0.012994816 0.044368509 7.661994934 0.012662588 0.999889612 0.007760870 -12.160836220 -0.044464462 -0.007190751 0.998985112 122.698394775
0.998860538 -0.013610724 0.045742664 7.852834702 0.013298471 0.999886155 0.007123682 -12.379570007 -0.045834422 -0.006507257 0.998927832 125.013511658
0.998822629 -0.013686542 0.046541020 8.034861565 0.013390756 0.999888062 0.006661273 -12.605411530 -0.046626985 -0.006030210 0.998894155 127.277565002
0.998802662 -0.015311169 0.046462525 8.225666046 0.014997804 0.999862432 0.007085627 -12.820755959 -0.046564627 -0.006380305 0.998895049 129.539611816
0.998828709 -0.016400808 0.045521565 8.415573120 0.016089395 0.999844611 0.007199041 -13.030906677 -0.045632564 -0.006458194 0.998937428 131.785278320
0.998884678 -0.016700147 0.044164773 8.613393784 0.016342031 0.999830723 0.008457295 -13.246352196 -0.044298533 -0.007726120 0.998988450 134.021347046
0.998933852 -0.017498648 0.042718038 8.795907021 0.017161151 0.999818623 0.008254582 -13.464769363 -0.042854745 -0.007512692 0.999053001 136.271804810
0.999017000 -0.018396987 0.040331379 9.011371613 0.018111758 0.999808490 0.007426184 -13.670705795 -0.040460274 -0.006688412 0.999158740 138.496719360
0.998994887 -0.019035887 0.040581737 9.171389580 0.018722367 0.999791980 0.008091788 -13.897895813 -0.040727329 -0.007323869 0.999143481 140.783447266
0.998986065 -0.019450724 0.040601496 9.343532562 0.019141305 0.999784768 0.007995777 -14.100934982 -0.040748283 -0.007210505 0.999143422 143.017944336
0.999029577 -0.019574067 0.039453745 9.535955429 0.019217003 0.999771059 0.009409204 -14.324481964 -0.039628886 -0.008641891 0.999177098 145.272445679
0.999050140 -0.018570149 0.039419558 9.714072227 0.018260278 0.999799609 0.008206383 -14.534709930 -0.039564047 -0.007478776 0.999189019 147.527816772
0.999072611 -0.017571690 0.039311357 9.897352219 0.017322470 0.999827683 0.006671397 -14.747583389 -0.039421815 -0.005984239 0.999204755 149.778213501
0.999077797 -0.016316066 0.039715745 10.074859619 0.016105020 0.999854386 0.005628096 -14.963582993 -0.039801795 -0.004983283 0.999195158 152.030456543
0.999084830 -0.015532260 0.039852839 10.259801865 0.015316376 0.999866366 0.005716661 -15.179618835 -0.039936308 -0.005101028 0.999189198 154.274688721
0.999065101 -0.014926608 0.040572099 10.440185547 0.014690246 0.999873459 0.006117576 -15.395222664 -0.040658277 -0.005515842 0.999157906 156.524322510
0.999070346 -0.013581202 0.040912565 10.618671417 0.013287589 0.999884009 0.007440042 -15.612690926 -0.041008871 -0.006889496 0.999134958 158.769927979
0.999009252 -0.012995590 0.042561688 10.799836159 0.012660739 0.999886811 0.008127576 -15.826238632 -0.042662490 -0.007580662 0.999060810 161.009735107
0.998988152 -0.011373423 0.043511670 10.964812279 0.010924611 0.999884725 0.010538687 -16.051141739 -0.043626513 -0.010052674 0.998997331 163.294692993
0.998958886 -0.010938512 0.044289190 11.151832581 0.010519562 0.999897718 0.009681491 -16.252534866 -0.044390563 -0.009205506 0.998971820 165.549255371
0.998921096 -0.010334166 0.045275405 11.347497940 0.009969028 0.999916017 0.008283195 -16.462455750 -0.045357198 -0.007822907 0.998940170 167.799667358
0.998854399 -0.008465007 0.047098622 11.533052444 0.008058992 0.999928772 0.008803741 -16.675487518 -0.047169793 -0.008414089 0.998851478 170.033126831
0.998707592 -0.008325053 0.050138347 11.722991943 0.007877904 0.999927461 0.009109367 -16.907737732 -0.050210554 -0.008702607 0.998700738 172.325210571
0.998589039 -0.008563367 0.052408092 11.928233147 0.008113028 0.999928355 0.008799634 -17.117790222 -0.052479688 -0.008362031 0.998586893 174.592071533
0.998495698 -0.008374637 0.054188929 12.135507584 0.007869703 0.999923646 0.009524724 -17.332990646 -0.054264560 -0.009083943 0.998485267 176.845397949
0.998450696 -0.008848839 0.054936551 12.344142914 0.008292993 0.999912083 0.010337703 -17.539628983 -0.055023212 -0.009866097 0.998436332 179.077224731
0.998447537 -0.010317396 0.054734912 12.563825607 0.009754661 0.999896824 0.010538349 -17.766887665 -0.054837994 -0.009988070 0.998445332 181.350234985
0.998411953 -0.011178557 0.055214342 12.766757965 0.010631652 0.999891579 0.010188923 -17.971788406 -0.055322256 -0.009585724 0.998422563 183.593139648
0.998466790 -0.012395534 0.053947851 12.993696213 0.011855724 0.999876499 0.010314657 -18.194944382 -0.054069046 -0.009659252 0.998490453 185.837234497
0.998468101 -0.014121409 0.053498134 13.206026077 0.013553592 0.999848008 0.010961726 -18.401596069 -0.053644802 -0.010219841 0.998507798 188.089675903
0.998486102 -0.014929557 0.052939195 13.418490410 0.014393761 0.999841392 0.010487807 -18.605991364 -0.053087376 -0.009709936 0.998542726 190.335296631
0.998446286 -0.016104294 0.053345323 13.624531746 0.015569412 0.999824405 0.010427332 -18.825712204 -0.053503882 -0.009580577 0.998521626 192.571380615
0.998422563 -0.017827580 0.053240284 13.826833725 0.017329007 0.999801695 0.009811661 -19.034294128 -0.053404652 -0.008873583 0.998533547 194.810943604
0.998479009 -0.017199580 0.052380756 14.042890549 0.016703190 0.999811411 0.009899626 -19.243597031 -0.052541148 -0.009009643 0.998578072 197.042221069
0.998449028 -0.014895825 0.053645846 14.243296623 0.014366055 0.999844253 0.010247430 -19.461046219 -0.053790137 -0.009460854 0.998507380 199.290130615
0.998460293 -0.013127076 0.053895503 14.453279495 0.012604004 0.999870181 0.010033787 -19.673965454 -0.054020215 -0.009339037 0.998496175 201.526443481
0.998441458 -0.012515165 0.054388143 14.669055939 0.012019491 0.999883235 0.009431193 -19.884757996 -0.054499820 -0.008762777 0.998475313 203.784301758
0.998403728 -0.012849581 0.054999948 14.873829842 0.012318770 0.999874234 0.009979304 -20.089191437 -0.055121262 -0.009285843 0.998436451 206.006835938
0.998381317 -0.014262305 0.055057209 15.104026794 0.013704697 0.999851048 0.010492118 -20.312088013 -0.055198651 -0.009720593 0.998428047 208.264999390
0.998329997 -0.013724840 0.056114133 15.314445496 0.013137437 0.999855101 0.010823547 -20.511140823 -0.056254558 -0.010068277 0.998365700 210.510162354
0.998249829 -0.014451423 0.057344086 15.546977043 0.013769374 0.999829888 0.012271352 -20.742996216 -0.057511665 -0.011460283 0.998279035 212.769271851
0.998184085 -0.012992132 0.058818959 15.784903526 0.012273480 0.999845684 0.012562858 -20.948650360 -0.058973100 -0.011818131 0.998189509 215.001602173
0.997981787 -0.011426903 0.062463868 15.987995148 0.010658083 0.999863446 0.012627593 -21.148775101 -0.062599622 -0.011936363 0.997967303 217.265014648
0.997849882 -0.011589944 0.064506695 16.221462250 0.010773666 0.999857605 0.012987626 -21.351810455 -0.064648025 -0.012264729 0.997832775 219.511123657
0.997714937 -0.013093039 0.066282630 16.459323883 0.012223812 0.999834120 0.013502569 -21.553327560 -0.066448435 -0.012661488 0.997709453 221.745666504
0.997608602 -0.014858197 0.067500666 16.698181152 0.013924133 0.999800980 0.014287322 -21.752307892 -0.067699514 -0.013313270 0.997616947 223.983230591
0.997536063 -0.017030682 0.068057157 16.954179764 0.016123204 0.999773920 0.013861284 -21.962793350 -0.068277836 -0.012729829 0.997585118 226.222015381
0.997500360 -0.018346867 0.068237722 17.199579239 0.017472988 0.999757767 0.013381263 -22.156986237 -0.068466693 -0.012155499 0.997579277 228.480133057
0.997446954 -0.018726939 0.068911761 17.442483902 0.017831659 0.999748707 0.013583980 -22.355653763 -0.069148839 -0.012320487 0.997530222 230.722229004
0.997395217 -0.020050773 0.069287203 17.696731567 0.019217586 0.999735057 0.012670954 -22.558107376 -0.069522910 -0.011306417 0.997516215 232.978408813
0.997341454 -0.021007000 0.069776900 17.940490723 0.020087799 0.999702394 0.013849158 -22.756307602 -0.070047066 -0.012410673 0.997466445 235.215728760
0.997363746 -0.020063631 0.069735073 18.220819473 0.019137029 0.999719799 0.013930243 -22.959520340 -0.069995023 -0.012558998 0.997468293 237.481384277
0.997326910 -0.020241244 0.070209138 18.466379166 0.019319685 0.999718308 0.013780375 -23.154064178 -0.070468314 -0.012387121 0.997437119 239.709121704
0.997294068 -0.020443084 0.070615083 18.717473984 0.019483527 0.999708533 0.014250763 -23.358272552 -0.070885830 -0.012836370 0.997401834 241.941421509
0.997241020 -0.020671474 0.071295798 18.962839127 0.019691650 0.999702036 0.014418722 -23.555723190 -0.071572617 -0.012975006 0.997350991 244.183364868
0.997203112 -0.021058647 0.071711548 19.214323044 0.020133378 0.999704778 0.013601275 -23.759708405 -0.071976788 -0.012119438 0.997332692 246.415298462
0.997218549 -0.020774134 0.071579099 19.477985382 0.019892137 0.999717355 0.013012929 -23.965339661 -0.071829207 -0.011552874 0.997350037 248.655319214
0.997200191 -0.021047201 0.071754970 19.734275818 0.020124869 0.999705553 0.013552879 -24.168495178 -0.072019085 -0.012070872 0.997330189 250.896835327
0.997164130 -0.022380494 0.071852960 19.992702484 0.021458225 0.999677479 0.013581911 -24.372648239 -0.072133757 -0.012001555 0.997322738 253.133377075
0.997159839 -0.022567248 0.071853869 20.258138657 0.021587484 0.999663472 0.014383119 -24.576313019 -0.072154269 -0.012791122 0.997311592 255.392471313
0.997126818 -0.023386484 0.072049923 20.498590469 0.022385171 0.999641716 0.014673885 -24.776472092 -0.072367296 -0.013018874 0.997293115 257.608459473
0.997117639 -0.023541028 0.072126336 20.779005051 0.022503551 0.999631763 0.015163268 -24.983825684 -0.072456732 -0.013496463 0.997280240 259.892333984
0.997085929 -0.023015391 0.072733872 21.036849976 0.022010844 0.999651372 0.014582880 -25.179336548 -0.073044136 -0.012939448 0.997244775 262.138397217
0.997062206 -0.023060616 0.073042072 21.300123215 0.022097865 0.999658346 0.013961672 -25.375011444 -0.073339075 -0.012306582 0.997231066 264.398406982
0.997032881 -0.022313869 0.073671862 21.561260223 0.021355700 0.999677062 0.013768230 -25.581701279 -0.073955283 -0.012154063 0.997187495 266.637573242
0.996964991 -0.021732178 0.074756950 21.820793152 0.020762185 0.999690115 0.013728152 -25.775829315 -0.075032137 -0.012134370 0.997107208 268.888610840
0.996866584 -0.021112075 0.076232001 22.083667755 0.020162225 0.999709427 0.013208291 -25.983459473 -0.076488733 -0.011629896 0.997002542 271.136718750
0.996767402 -0.022070223 0.077250540 22.353263855 0.021055751 0.999681473 0.013922300 -26.191019058 -0.077533208 -0.012250727 0.996914566 273.380310059
0.996581137 -0.022416394 0.079519950 22.610054016 0.021335298 0.999668419 0.014419109 -26.385681152 -0.079816811 -0.012673229 0.996728957 275.632934570
0.996464014 -0.022490339 0.080955625 22.885848999 0.021287598 0.999650240 0.015689503 -26.576757431 -0.081280172 -0.013910674 0.996594191 277.873779297
0.996385157 -0.021671435 0.082140252 23.173353195 0.020323949 0.999645412 0.017205609 -26.789266586 -0.082483992 -0.015473996 0.996472239 280.128845215
0.996298373 -0.021336155 0.083272912 23.457183838 0.019870048 0.999633372 0.018395355 -26.987991333 -0.083634868 -0.016672624 0.996357024 282.364715576
0.996222138 -0.020567235 0.084370427 23.735973358 0.019093899 0.999651432 0.018232718 -27.172622681 -0.084716007 -0.016552877 0.996267617 284.616271973
0.996131420 -0.019524010 0.085680045 24.006233215 0.018096570 0.999684751 0.017405380 -27.357868195 -0.085992850 -0.015787529 0.996170580 286.839599609
0.996080637 -0.018856838 0.086415932 24.289974213 0.017498460 0.999711514 0.016449753 -27.543529510 -0.086701170 -0.014873130 0.996123314 289.094116211
0.996032953 -0.019629817 0.086793616 24.568887711 0.018241376 0.999693215 0.016761390 -27.741991043 -0.087095998 -0.015111664 0.996085227 291.320312500
0.995992184 -0.019399611 0.087310784 24.839965820 0.018110579 0.999715269 0.015531837 -27.927505493 -0.087587245 -0.013888338 0.996060014 293.579925537
0.996010721 -0.020000849 0.086962968 25.128414154 0.018801235 0.999716699 0.014591920 -28.119241714 -0.087230183 -0.012898698 0.996104598 295.811035156
0.996009052 -0.020064488 0.086967923 25.412395477 0.018877599 0.999717414 0.014448525 -28.314788818 -0.087233253 -0.012749118 0.996106327 298.040863037
0.996011794 -0.019417694 0.087083533 25.696123123 0.018217696 0.999728143 0.014553560 -28.508296967 -0.087342441 -0.012909055 0.996094704 300.279174805
0.995941043 -0.019105744 0.087957144 25.959684372 0.017798794 0.999719560 0.015619342 -28.712282181 -0.088230886 -0.013990412 0.996001720 302.511352539
0.995941997 -0.019345190 0.087893747 26.249694824 0.018027648 0.999713242 0.015759379 -28.906892776 -0.088173427 -0.014110912 0.996005177 304.758300781
0.995912671 -0.018493773 0.088407904 26.537620544 0.017145919 0.999725282 0.015981039 -29.103546143 -0.088679180 -0.014399883 0.995956123 307.007446289
0.995923579 -0.019305093 0.088111214 26.830272675 0.017948072 0.999708176 0.016167613 -29.310989380 -0.088397622 -0.014520280 0.995979428 309.266113281
0.995879829 -0.020655569 0.088298962 27.119993210 0.019270075 0.999677896 0.016514769 -29.503746033 -0.088611618 -0.014745199 0.995957017 311.528686523
0.995838821 -0.020032868 0.088902749 27.404163361 0.018677751 0.999696732 0.016048584 -29.702981949 -0.089197308 -0.014321301 0.995910943 313.772644043
0.995851994 -0.019589750 0.088853419 27.700769424 0.018181011 0.999696314 0.016636357 -29.899688721 -0.089152336 -0.014951907 0.995905697 316.023620605
0.995803893 -0.017646901 0.089795187 27.986648560 0.016294910 0.999742806 0.015767336 -30.096172333 -0.090050340 -0.014237968 0.995835423 318.267913818
0.995803535 -0.015832074 0.090136722 28.272853851 0.014411773 0.999761879 0.016386345 -30.292507172 -0.090374678 -0.015018545 0.995794535 320.521301270
0.995721161 -0.014494559 0.091264717 28.552946091 0.013056444 0.999781251 0.016335040 -30.491878510 -0.091481514 -0.015073549 0.995692670 322.752288818
0.995677114 -0.013818982 0.091848485 28.838901520 0.012325030 0.999782622 0.016812796 -30.684402466 -0.092060864 -0.015608080 0.995631039 324.992034912
0.995675206 -0.013128959 0.091969855 29.139827728 0.011485201 0.999765038 0.018379336 -30.889339447 -0.092189558 -0.017243560 0.995592117 327.224304199
0.995647073 -0.013983855 0.092148758 29.427492142 0.012349470 0.999756575 0.018282807 -31.084529877 -0.092382006 -0.017065234 0.995577395 329.469482422
0.995662749 -0.015980957 0.091653302 29.733934402 0.014436364 0.999742806 0.017490886 -31.273843765 -0.091909252 -0.016091883 0.995637357 331.703857422
0.995655715 -0.015407762 0.091826975 30.024209976 0.013898657 0.999758005 0.017051158 -31.464668274 -0.092067473 -0.015700813 0.995628953 333.920684814
0.995634019 -0.015513341 0.092044644 30.315570831 0.013854555 0.999730408 0.018633263 -31.658523560 -0.092308909 -0.017276678 0.995580554 336.148101807
0.995700896 -0.016178248 0.091202833 30.625759125 0.014547932 0.999722719 0.018512322 -31.846492767 -0.091477029 -0.017105920 0.995660245 338.382293701
0.995694697 -0.016118100 0.091281042 30.913736343 0.014454540 0.999717712 0.018856492 -32.042404175 -0.091559224 -0.017455878 0.995646536 340.625610352
0.995743334 -0.016310548 0.090715080 31.216081619 0.014682081 0.999719381 0.018589908 -32.235897064 -0.090992831 -0.017178891 0.995703459 342.870452881
0.995753229 -0.016361160 0.090596780 31.507127762 0.014684749 0.999708891 0.019139905 -32.426406860 -0.090883575 -0.017728228 0.995703697 345.111328125
0.995788693 -0.016211838 0.090233348 31.798936844 0.014529726 0.999708772 0.019267589 -32.613040924 -0.090519421 -0.017875383 0.995734274 347.350097656
0.995843112 -0.016156118 0.089640871 32.091945648 0.014488967 0.999710262 0.019217817 -32.801856995 -0.089925393 -0.017839128 0.995788753 349.597900391
0.995853245 -0.015720019 0.089605168 32.378486633 0.014010240 0.999708116 0.019678429 -32.992679596 -0.089888357 -0.018341441 0.995782971 351.838989258
0.995900333 -0.016130505 0.089007355 32.668689728 0.014399257 0.999695122 0.020058589 -33.177742004 -0.089303754 -0.018694712 0.995828986 354.066955566
0.995922267 -0.015861385 0.088809967 32.953102112 0.014180589 0.999708831 0.019524846 -33.365631104 -0.089093797 -0.018185848 0.995857179 356.303863525
0.995974422 -0.015911659 0.088214472 33.243755341 0.014210592 0.999701440 0.019877955 -33.551399231 -0.088504426 -0.018544355 0.995903134 358.541687012
0.996032834 -0.015516609 0.087623522 33.537479401 0.013753107 0.999691188 0.020693894 -33.740737915 -0.087917566 -0.019406699 0.995938718 360.784973145
0.996074796 -0.015765060 0.087100558 33.827392578 0.014014460 0.999688029 0.020673709 -33.929367065 -0.087399311 -0.019371891 0.995984972 363.024688721
0.996125102 -0.015803633 0.086515725 34.118385315 0.014017904 0.999676764 0.021209311 -34.114959717 -0.086822964 -0.019914361 0.996024609 365.260925293
0.996173918 -0.015866304 0.085940897 34.407363892 0.014152681 0.999689400 0.020512275 -34.302391052 -0.086239658 -0.019217500 0.996089041 367.525115967
0.996182859 -0.016333876 0.085748442 34.689640045 0.014631825 0.999683917 0.020440461 -34.489955902 -0.086055212 -0.019107779 0.996107101 369.776458740
0.996184945 -0.016364805 0.085719042 34.968593597 0.014742719 0.999700785 0.019522280 -34.672885895 -0.086012863 -0.018184068 0.996128082 372.039672852
0.996263564 -0.016300566 0.084812552 35.261909485 0.014685402 0.999699414 0.019633137 -34.867671967 -0.085107096 -0.018314272 0.996203482 374.289276123
0.996347845 -0.016331196 0.083809666 35.551918030 0.014696046 0.999690115 0.020090291 -35.050533295 -0.084111787 -0.018785248 0.996279180 376.536254883
0.996256888 -0.016000208 0.084948577 35.819145203 0.014296350 0.999684989 0.020628115 -35.237052917 -0.085251883 -0.019336445 0.996171713 378.782073975
0.996254802 -0.016679034 0.084841400 36.100967407 0.014945494 0.999667168 0.021027032 -35.428588867 -0.085163876 -0.019680286 0.996172547 381.022735596
0.996276975 -0.016608963 0.084596202 36.388645172 0.014877277 0.999667525 0.021059517 -35.608928680 -0.084917866 -0.019722544 0.996192753 383.279937744
0.996294439 -0.015833978 0.084537812 36.675674438 0.014073802 0.999672413 0.021376750 -35.798465729 -0.084848613 -0.020107770 0.996190965 385.537170410
0.996295929 -0.014735772 0.084718890 36.956485748 0.012962379 0.999686003 0.021444811 -35.978370667 -0.085008301 -0.020267216 0.996174037 387.798278809
0.996318161 -0.013688494 0.084633060 37.244838715 0.011916173 0.999699831 0.021411052 -36.170124054 -0.084900759 -0.020323716 0.996182084 390.067749023
0.996302962 -0.012336119 0.085018858 37.520935059 0.010546311 0.999713898 0.021468982 -36.359592438 -0.085259385 -0.020492977 0.996147931 392.345977783
0.996308982 -0.010943514 0.085139260 37.799419403 0.009033907 0.999699652 0.022782257 -36.542587280 -0.085363016 -0.021929028 0.996108592 394.607818604
0.996251523 -0.009750747 0.085952312 38.074710846 0.007776900 0.999698997 0.023269465 -36.730148315 -0.086153321 -0.022513798 0.996027470 396.873626709
0.996189654 -0.009376653 0.086707726 38.356712341 0.007516436 0.999734998 0.021755535 -36.921154022 -0.086888760 -0.021020904 0.995996237 399.144165039
0.996130526 -0.009169336 0.087406129 38.634208679 0.007338983 0.999747515 0.021239195 -37.106014252 -0.087578788 -0.020515537 0.995946407 401.409729004
0.996001184 -0.010174670 0.088758990 38.909488678 0.008245640 0.999722421 0.022073012 -37.285377502 -0.088958919 -0.021252865 0.995808482 403.656524658
0.996011496 -0.011479921 0.088482991 39.203758240 0.009463333 0.999686539 0.023176597 -37.473205566 -0.088721350 -0.022246808 0.995808005 405.950042725
0.995953679 -0.012052570 0.089057006 39.488941193 0.010031460 0.999682665 0.023107417 -37.655735016 -0.089307241 -0.022120545 0.995758474 408.204101562
0.995927632 -0.010574938 0.089535482 39.789867401 0.008623863 0.999717474 0.022149976 -37.831012726 -0.089744426 -0.021287628 0.995737314 410.464355469
0.995865703 -0.009829367 0.090303876 40.080421448 0.007821658 0.999715030 0.022559835 -38.020343781 -0.090499885 -0.021760246 0.995658696 412.719390869
0.995789647 -0.008478986 0.091274694 40.364719391 0.006476389 0.999732256 0.022214208 -38.204166412 -0.091438621 -0.021529550 0.995578051 414.967620850
0.995698392 -0.007465817 0.092352666 40.662414551 0.005428766 0.999736786 0.022288898 -38.387195587 -0.092494771 -0.021691663 0.995476782 417.241607666
0.995672047 -0.007810947 0.092607170 40.969177246 0.005776577 0.999736488 0.022215482 -38.573642731 -0.092756309 -0.021584377 0.995454967 419.498138428
0.995561004 -0.007590294 0.093810402 41.261516571 0.005531724 0.999738574 0.022184541 -38.754314423 -0.093954265 -0.021567134 0.995342910 421.753814697
0.995484769 -0.007350401 0.094636515 41.554447174 0.005310956 0.999748528 0.021784158 -38.937744141 -0.094772831 -0.021183185 0.995273530 424.015258789
0.995422781 -0.007871561 0.095244452 41.856689453 0.005697806 0.999717534 0.023073381 -39.123947144 -0.095399171 -0.022425082 0.995186448 426.284698486
0.995375216 -0.007286544 0.095787652 42.155715942 0.005047273 0.999708712 0.023598991 -39.304946899 -0.095931709 -0.023006378 0.995122015 428.538513184
0.995300591 -0.006517709 0.096614361 42.462619781 0.004196753 0.999698162 0.024206655 -39.484691620 -0.096742995 -0.023687430 0.995027483 430.815460205
0.995299459 -0.006996377 0.096592128 42.775085449 0.004655615 0.999690533 0.024437597 -39.671012878 -0.096733212 -0.023873037 0.995024025 433.086029053
0.995251536 -0.007769830 0.097025827 43.085979462 0.005464383 0.999696910 0.024004316 -39.860958099 -0.097182944 -0.023360141 0.994992375 435.351196289
0.995260954 -0.006969640 0.096989438 43.402713776 0.004666079 0.999702096 0.023957215 -40.027782440 -0.097127512 -0.023391126 0.994997025 437.617767334
0.995217502 -0.007320319 0.097409211 43.712818146 0.004980152 0.999693632 0.024245577 -40.211174011 -0.097556859 -0.023644507 0.994948983 439.904083252
0.995269239 -0.007156753 0.096890450 44.038593292 0.004820623 0.999692500 0.024323711 -40.389919281 -0.097034715 -0.023741571 0.994997919 442.187805176
0.995259106 -0.007057142 0.097002760 44.343090057 0.004623530 0.999669492 0.025289990 -40.573833466 -0.097149163 -0.024721595 0.994962692 444.436248779
0.995199621 -0.007922836 0.097544082 44.646991730 0.005461384 0.999660671 0.025475435 -40.751789093 -0.097712800 -0.024820415 0.994905114 446.705078125
0.995215356 -0.007463576 0.097420253 44.970802307 0.005015270 0.999665976 0.025352126 -40.935562134 -0.097576916 -0.024742236 0.994920373 448.997680664
0.995203555 -0.006589546 0.097603664 45.278057098 0.004202558 0.999687493 0.024641355 -41.111968994 -0.097735524 -0.024112981 0.994920254 451.256561279
0.995154202 -0.005614656 0.098165408 45.584892273 0.003219690 0.999693692 0.024538672 -41.297683716 -0.098273106 -0.024103699 0.994867504 453.524291992
0.995071471 -0.005053498 0.099031046 45.889247894 0.002627970 0.999693751 0.024607752 -41.470611572 -0.099125087 -0.024226228 0.994779944 455.799560547
0.995020926 -0.005286180 0.099525914 46.189350128 0.002858936 0.999695301 0.024514912 -41.658821106 -0.099625185 -0.024108311 0.994732916 458.061035156
0.995051265 -0.004355257 0.099266313 46.512958527 0.002000113 0.999714434 0.023812696 -41.840736389 -0.099341668 -0.023496309 0.994775951 460.346527100
0.995039403 -0.003296350 0.099427097 46.826370239 0.000890020 0.999705791 0.024236621 -42.021499634 -0.099477760 -0.024027899 0.994749606 462.631317139
0.995049715 -0.002965462 0.099334024 47.138545990 0.000413904 0.999669611 0.025697410 -42.203475952 -0.099377416 -0.025529087 0.994722247 464.906890869
0.995078743 -0.002956796 0.099043287 47.443317413 0.000398247 0.999665976 0.025842443 -42.376312256 -0.099086627 -0.025675818 0.994747519 467.171295166
0.995184004 -0.002799102 0.097984239 47.762653351 0.000391537 0.999697745 0.024581550 -42.553035736 -0.098023430 -0.024424806 0.994884312 469.449920654
0.995275617 -0.003043714 0.097043671 48.083808899 0.000661713 0.999697924 0.024568401 -42.742485046 -0.097089142 -0.024388110 0.994976759 471.740447998
0.995337188 -0.003718600 0.096384667 48.388549805 0.001253913 0.999670982 0.025619322 -42.926849365 -0.096448228 -0.025379010 0.995014310 474.019195557
0.995310128 -0.003866333 0.096657865 48.685852051 0.001365866 0.999663055 0.025922051 -43.107276917 -0.096725501 -0.025668457 0.994980037 476.298339844
0.995408356 -0.003722399 0.095647246 48.997978210 0.001302340 0.999677837 0.025351893 -43.273849487 -0.095710792 -0.025110925 0.995092392 478.581542969
0.995441675 -0.003674900 0.095301233 49.307949066 0.001216727 0.999665380 0.025839025 -43.451095581 -0.095364287 -0.025605287 0.995113075 480.866699219
0.995471478 -0.004284984 0.094963357 49.617420197 0.001782981 0.999649465 0.026416231 -43.631103516 -0.095043272 -0.026127288 0.995130241 483.143463135
0.995505691 -0.004739492 0.094582886 49.922889709 0.002304721 0.999663591 0.025834853 -43.809047699 -0.094673477 -0.025500752 0.995181739 485.427947998
0.995555818 -0.004888566 0.094045892 50.227687836 0.002390399 0.999641836 0.026657607 -43.994922638 -0.094142519 -0.026314331 0.995210946 487.715026855
0.995597422 -0.004693764 0.093615100 50.524269104 0.002241297 0.999651909 0.026285307 -44.160770416 -0.093705893 -0.025959762 0.995261371 490.011474609
0.995605588 -0.004153977 0.093553260 50.824810028 0.001652883 0.999639571 0.026796073 -44.332187653 -0.093630843 -0.026523687 0.995253563 492.314361572
0.995681345 -0.003426146 0.092773587 51.135452271 0.000917771 0.999633193 0.027066790 -44.504444122 -0.092832290 -0.026864752 0.995319366 494.601165771
0.995685995 -0.003106881 0.092735112 51.426719666 0.000652774 0.999649048 0.026482230 -44.677169800 -0.092784844 -0.026307445 0.995338559 496.902435303
0.995704174 -0.002763567 0.092549615 51.736492157 0.000336094 0.999655783 0.026234198 -44.864181519 -0.092590265 -0.026090400 0.995362401 499.221130371
0.995743394 -0.002622862 0.092131242 52.036315918 0.000135669 0.999635637 0.026992097 -45.040187836 -0.092168473 -0.026864706 0.995380938 501.516113281
0.995754302 -0.002260531 0.092022866 52.331851959 -0.000262568 0.999624550 0.027396843 -45.222286224 -0.092050239 -0.027304685 0.995379925 503.803405762
0.995782554 -0.001277820 0.091736890 52.630577087 -0.001173029 0.999643922 0.026657186 -45.399505615 -0.091738276 -0.026652372 0.995426416 506.092498779
0.995776951 -0.001044196 0.091799691 52.921607971 -0.001480408 0.999622643 0.027428843 -45.579372406 -0.091793671 -0.027448909 0.995399773 508.382507324
0.995786309 -0.001235098 0.091695428 53.218448639 -0.001198247 0.999648690 0.026477465 -45.756244659 -0.091695905 -0.026475769 0.995434999 510.675628662
0.995827198 -0.001877931 0.091239475 53.527805328 -0.000621234 0.999625564 0.027355149 -45.939559937 -0.091256708 -0.027297677 0.995453119 512.981445312
0.995840609 -0.001719206 0.091096044 53.827957153 -0.000788712 0.999621868 0.027487326 -46.112983704 -0.091108859 -0.027444847 0.995462596 515.287780762
0.995849490 -0.000895024 0.091010667 54.126014709 -0.001605621 0.999623179 0.027399458 -46.290596008 -0.091000907 -0.027431864 0.995472908 517.598632812
0.995829880 -0.000008651 0.091228686 54.415542603 -0.002466453 0.999631882 0.027017998 -46.467514038 -0.091195337 -0.027130341 0.995463431 519.893432617
0.995777190 0.002232224 0.091775782 54.715091705 -0.004761306 0.999614656 0.027347483 -46.651229858 -0.091679364 -0.027668968 0.995404124 522.247009277
0.995719552 0.004169354 0.092332073 55.017345428 -0.006748055 0.999595463 0.027633997 -46.829921722 -0.092179485 -0.028138772 0.995344877 524.578308105
0.995675683 0.004699103 0.092778817 55.322673798 -0.007399296 0.999558270 0.028781053 -46.999443054 -0.092602596 -0.029343089 0.995270669 526.900207520
0.995621264 0.004349592 0.093377285 55.620716095 -0.007045771 0.999567151 0.028563805 -47.170330048 -0.093212612 -0.029096650 0.995220900 529.206909180
0.995598614 0.002403744 0.093688980 55.920532227 -0.005243292 0.999533951 0.030073877 -47.343132019 -0.093573026 -0.030432750 0.995147169 531.520263672
0.995545685 0.000704871 0.094277710 56.227218628 -0.003528071 0.999550164 0.029782243 -47.514560699 -0.094214320 -0.029982204 0.995100319 533.841369629
0.995494485 0.000687558 0.094817914 56.531986237 -0.003469222 0.999568403 0.029175181 -47.684864044 -0.094756931 -0.029372675 0.995066941 536.162475586
0.995404661 0.000398854 0.095757283 56.834705353 -0.003195728 0.999572635 0.029056363 -47.859436035 -0.095704772 -0.029228853 0.994980514 538.481201172
0.995317936 0.000881115 0.096651122 57.138183594 -0.003650551 0.999587655 0.028480861 -48.036338806 -0.096586175 -0.028700342 0.994910777 540.794799805
0.995218277 0.001686185 0.097661458 57.442123413 -0.004445058 0.999596953 0.028038679 -48.211120605 -0.097574823 -0.028338715 0.994824648 543.116516113
0.995129347 0.002155122 0.098553821 57.758296967 -0.004852314 0.999619961 0.027136220 -48.385520935 -0.098457895 -0.027482266 0.994761646 545.441101074
0.995019138 0.001966374 0.099664606 58.057327271 -0.004777619 0.999597192 0.027976239 -48.572772980 -0.099569447 -0.028313054 0.994627714 547.762939453
0.994929254 0.001878873 0.100559644 58.367752075 -0.004790851 0.999575913 0.028724058 -48.748043060 -0.100463040 -0.029060172 0.994516313 550.086975098
0.994848371 0.002235054 0.101349868 58.676761627 -0.005141426 0.999582767 0.028424483 -48.917102814 -0.101244040 -0.028799132 0.994444728 552.394531250
0.994871676 -0.000152339 0.101144828 59.001937866 -0.002714634 0.999598444 0.028206989 -49.105583191 -0.101108521 -0.028336901 0.994471788 554.709167480
0.994939148 -0.000569927 0.100477509 59.338493347 -0.002327248 0.999584973 0.028714484 -49.281318665 -0.100452170 -0.028803004 0.994524896 557.031188965
0.994885385 -0.000489957 0.101009123 59.654315948 -0.002454505 0.999575615 0.029024107 -49.453247070 -0.100980505 -0.029123586 0.994462073 559.336791992
0.994860947 0.000121944 0.101250172 59.978469849 -0.003177376 0.999544382 0.030016335 -49.625633240 -0.101200372 -0.030183790 0.994408071 561.669006348
0.994857192 -0.000469691 0.101286329 60.309310913 -0.002633685 0.999531150 0.030503733 -49.796005249 -0.101253174 -0.030613612 0.994389534 564.005065918
0.994815648 0.000189528 0.101694651 60.634517670 -0.003372498 0.999509633 0.031128261 -49.961921692 -0.101638906 -0.031309843 0.994328558 566.321228027
0.994763553 0.001362007 0.102193795 60.964569092 -0.004499288 0.999525428 0.030475104 -50.135345459 -0.102103785 -0.030775324 0.994297564 568.650146484
0.994787395 0.002347569 0.101943627 61.306854248 -0.005306801 0.999572158 0.028766653 -50.298774719 -0.101832457 -0.029157698 0.994374275 570.982727051
0.994735301 0.002803730 0.102440126 61.641387939 -0.005812109 0.999560177 0.029080525 -50.475059509 -0.102313548 -0.029522819 0.994314015 573.305847168
0.994748771 0.002721925 0.102310009 61.978031158 -0.005816362 0.999534130 0.029959563 -50.651130676 -0.102180794 -0.030397307 0.994301438 575.685852051
0.994756401 0.002589275 0.102239117 62.316379547 -0.005830414 0.999489367 0.031415466 -50.830673218 -0.102105550 -0.031846832 0.994263709 577.999450684
0.994714737 0.003095323 0.102629781 62.648876190 -0.006176655 0.999539196 0.029719584 -51.004528046 -0.102490485 -0.030196410 0.994275689 580.383361816
0.994770229 0.002350050 0.102111243 62.985519409 -0.005376179 0.999554098 0.029370528 -51.170272827 -0.101996683 -0.029765893 0.994339347 582.722534180
0.994721889 0.001908594 0.102590300 63.313003540 -0.005093539 0.999512792 0.030792287 -51.350929260 -0.102481537 -0.031152317 0.994247079 585.049743652
0.994785964 0.002082312 0.101963811 63.646587372 -0.005241788 0.999514103 0.030728139 -51.518760681 -0.101850279 -0.031102397 0.994313359 587.368591309
0.994702578 0.000334567 0.102794059 63.977230072 -0.003393114 0.999556780 0.029580714 -51.692852020 -0.102738559 -0.029772809 0.994262695 589.730224609
0.994726002 0.000091024 0.102568097 64.314743042 -0.003128555 0.999561250 0.029454295 -51.860469818 -0.102520414 -0.029619843 0.994289815 592.080261230
0.994755685 -0.001461748 0.102269143 64.645812988 -0.001597470 0.999553859 0.029825106 -52.032127380 -0.102267109 -0.029832067 0.994309545 594.417480469
0.994782329 -0.002161636 0.101997361 64.986343384 -0.000923061 0.999543846 0.030186027 -52.205692291 -0.102016091 -0.030122677 0.994326591 596.776550293
