1.000000000 0.000000000 0.000000000 0.000000000 0.000000000 1.000000000 0.000000000 0.000000000 0.000000000 0.000000000 1.000000000 0.000000000
0.999999881 0.000065067 0.000424489 0.086814836 -0.000064998 1.000000000 -0.000162655 -0.226168454 -0.000424500 0.000162628 0.999999881 2.285771132
0.999999285 0.000477185 0.001194802 0.165288568 -0.000477687 0.999999821 0.000419808 -0.464347333 -0.001194602 -0.000420379 0.999999225 4.578525066
0.999998391 0.000109171 0.001793655 0.261838406 -0.000110128 0.999999821 0.000533825 -0.694900334 -0.001793596 -0.000534022 0.999998212 6.865005970
0.999996424 0.000037194 0.002668251 0.355445862 -0.000034108 0.999999344 -0.001156468 -0.926884830 -0.002668292 0.001156374 0.999995768 9.155744553
0.999986470 0.001814881 0.004876861 0.445431739 -0.001816417 0.999998391 0.000310592 -1.163619399 -0.004876290 -0.000319446 0.999988079 11.463098526
0.999967515 0.003842086 0.007087890 0.543515503 -0.003852013 0.999991596 0.001387479 -1.392611265 -0.007082498 -0.001414736 0.999973893 13.740745544
0.999948800 0.003739967 0.009408297 0.650523782 -0.003776568 0.999985337 0.003875571 -1.620550990 -0.009393663 -0.003910903 0.999948204 16.011415482
0.999948740 0.003831400 0.009375260 0.774910212 -0.003882978 0.999977410 0.005489506 -1.855248213 -0.009354018 -0.005525630 0.999940991 18.303855896
0.999934316 0.002915245 0.011084998 0.884446025 -0.002977093 0.999980092 0.005567060 -2.077839375 -0.011068548 -0.005599696 0.999923050 20.595071793
0.999929965 0.000395241 0.011827115 0.997386217 -0.000430571 0.999995470 0.002984789 -2.301851749 -0.011825882 -0.002989672 0.999925613 22.903347015
0.999919534 -0.001795698 0.012556577 1.106561780 0.001782220 0.999997854 0.001084504 -2.522769451 -0.012558497 -0.001062039 0.999920607 25.183200836
0.999921501 -0.002634896 0.012242330 1.246000051 0.002627411 0.999996364 0.000627438 -2.772301674 -0.012243938 -0.000595223 0.999924839 27.486740112
0.999905825 -0.002301299 0.013526927 1.347003460 0.002306139 0.999997258 -0.000342224 -2.996948957 -0.013526103 0.000373386 0.999908388 29.772045135
0.999904871 -0.000255503 0.013789249 1.476325631 0.000223755 0.999997318 0.002303892 -3.227329493 -0.013789800 -0.002300587 0.999902189 32.036132812
0.999900758 0.001757995 0.013977333 1.603858948 -0.001823084 0.999987543 0.004645309 -3.447832108 -0.013968994 -0.004670330 0.999891460 34.315700531
0.999872923 0.003927079 0.015451253 1.718735933 -0.004055706 0.999957323 0.008302162 -3.673848152 -0.015417991 -0.008363773 0.999846160 36.627792358
0.999848902 0.005809706 0.016379952 1.832215428 -0.005938330 0.999951839 0.007814849 -3.891057491 -0.016333764 -0.007910939 0.999835312 38.900318146
0.999824286 0.004808258 0.018114975 1.936843514 -0.004918098 0.999969780 0.006023872 -4.088533878 -0.018085465 -0.006111904 0.999817789 41.207431793
0.999823749 0.002439631 0.018616902 2.057549953 -0.002529472 0.999985218 0.004803728 -4.312091827 -0.018604908 -0.004849973 0.999815226 43.480575562
0.999818385 0.002557086 0.018885840 2.183950424 -0.002628397 0.999989510 0.003752000 -4.542783260 -0.018876048 -0.003800959 0.999814630 45.775856018
0.999817371 0.002057243 0.019000309 2.311339378 -0.002111469 0.999993682 0.002834326 -4.773073196 -0.018994356 -0.002873927 0.999815464 48.050601959
0.999815404 0.000415915 0.019207792 2.445227623 -0.000475740 0.999995053 0.003110143 -5.000529289 -0.019206405 -0.003118706 0.999810696 50.330986023
0.999797463 -0.000281285 0.020123344 2.574696541 0.000211878 0.999994040 0.003451111 -5.224982262 -0.020124195 -0.003446147 0.999791563 52.595073700
0.999796867 -0.001447964 0.020099189 2.716564178 0.001384840 0.999994159 0.003154147 -5.452485561 -0.020103641 -0.003125673 0.999792993 54.883346558
0.999763489 -0.001646255 0.021684550 2.837350845 0.001565380 0.999991775 0.003746052 -5.684848309 -0.021690542 -0.003711222 0.999757826 57.171924591
0.999747634 -0.003046827 0.022255754 2.977008343 0.002951472 0.999986351 0.004316130 -5.910383224 -0.022268599 -0.004249354 0.999742985 59.439594269
0.999695659 -0.004191358 0.024308363 3.098858356 0.004098597 0.999984145 0.003864603 -6.136005402 -0.024324177 -0.003763797 0.999697030 61.709129333
0.999686420 -0.004981120 0.024539681 3.253790140 0.004892536 0.999981225 0.003668599 -6.360559940 -0.024557495 -0.003547387 0.999692142 63.962875366
0.999653995 -0.004561730 0.025906056 3.394744158 0.004461308 0.999982297 0.003932862 -6.579516411 -0.025923537 -0.003815926 0.999656618 66.228256226
0.999631882 -0.003470832 0.026906291 3.545051575 0.003357066 0.999985337 0.004272218 -6.807340622 -0.026920723 -0.004180320 0.999628782 68.479141235
0.999598145 -0.003779960 0.028093655 3.686711788 0.003672893 0.999985754 0.003861743 -7.032101631 -0.028107855 -0.003757005 0.999597847 70.729087830
0.999585688 -0.004624785 0.028408300 3.849136829 0.004553028 0.999986291 0.002590108 -7.258369446 -0.028419893 -0.002459691 0.999593019 72.981788635
0.999570131 -0.005587053 0.028781833 4.008594513 0.005499606 0.999980032 0.003116514 -7.488536835 -0.028798673 -0.002956886 0.999580860 75.262367249
0.999526024 -0.006731928 0.030039994 4.168847561 0.006660759 0.999974847 0.002468582 -7.719688892 -0.030055854 -0.002267323 0.999545693 77.527610779
0.999528587 -0.007554507 0.029757353 4.332951546 0.007496041 0.999969721 0.002075788 -7.942717552 -0.029772131 -0.001851747 0.999554992 79.763847351
0.999495924 -0.008099482 0.030697281 4.479926109 0.008043628 0.999965727 0.001942597 -8.165260315 -0.030711962 -0.001694700 0.999526799 82.019660950
0.999481320 -0.006980572 0.031437322 4.648185730 0.006926286 0.999974310 0.001835356 -8.400718689 -0.031449318 -0.001616660 0.999504030 84.293205261
0.999433637 -0.006810252 0.032953419 4.803587437 0.006735682 0.999974489 0.002373396 -8.621457100 -0.032968741 -0.002150088 0.999454021 86.550857544
0.999437273 -0.006429624 0.032919470 4.973532677 0.006313475 0.999973476 0.003630975 -8.860350609 -0.032941941 -0.003421095 0.999451399 88.825836182
0.999403059 -0.005574719 0.034094848 5.130306244 0.005429595 0.999975741 0.004347561 -9.090236664 -0.034118261 -0.004159844 0.999409139 91.082405090
0.999377608 -0.005451070 0.034852434 5.297894955 0.005306380 0.999976873 0.004242668 -9.313207626 -0.034874756 -0.004055087 0.999383450 93.335090637
0.999358177 -0.005597675 0.035383008 5.466619492 0.005474472 0.999978602 0.003577927 -9.531869888 -0.035402272 -0.003381927 0.999367416 95.590217590
0.999334455 -0.006019501 0.035978381 5.634520531 0.005880873 0.999974847 0.003957686 -9.756618500 -0.036001295 -0.003743467 0.999344826 97.847236633
0.999301970 -0.005707669 0.036916599 5.797136307 0.005582346 0.999978304 0.003496949 -9.990305901 -0.036935762 -0.003288427 0.999312222 100.087097168
0.999222279 -0.005699894 0.039017297 5.945909977 0.005531580 0.999974906 0.004420442 -10.207319260 -0.039041515 -0.004201177 0.999228776 102.311271667
0.999229848 -0.006081049 0.038764451 6.151240349 0.005915795 0.999972939 0.004376334 -10.430445671 -0.038790014 -0.004143641 0.999238789 104.576538086
0.999197423 -0.006841683 0.039467916 6.327286720 0.006641596 0.999964416 0.005198513 -10.649823189 -0.039502069 -0.004932211 0.999207318 106.808044434
0.999162436 -0.008243481 0.040078528 6.509161949 0.008033711 0.999953210 0.005392223 -10.867065430 -0.040121105 -0.005065728 0.999181986 109.051864624
0.999126017 -0.009593589 0.040681534 6.692267418 0.009339660 0.999935746 0.006427263 -11.092519760 -0.040740583 -0.006041694 0.999151468 111.298339844
0.999108553 -0.010171274 0.040971972 6.882995605 0.009970388 0.999937296 0.005104395 -11.313252449 -0.041021314 -0.004691338 0.999147236 113.550453186
0.999068856 -0.011022610 0.041711811 7.065044403 0.010866775 0.999933124 0.003960888 -11.529567719 -0.041752677 -0.003503927 0.999121845 115.791137695
0.999042690 -0.011168091 0.042296842 7.244309425 0.010989729 0.999929667 0.004447102 -11.756321907 -0.042343535 -0.003978014 0.999095201 118.019927979
0.998997629 -0.011659567 0.043218419 7.433169365 0.011439855 0.999920368 0.005327614 -11.980900764 -0.043277111 -0.004827861 0.999051452 120.263648987
0.998972416 -0.012329290 0.043612842 7.634950161 0.012081728 0.999909341 0.005935369 -12.207160950 -0.043682076 -0.005402351 0.999030888 122.466514587
0.998924971 -0.013504679 0.044348456 7.832100868 0.013274919 0.999896944 0.005471265 -12.430451393 -0.044417780 -0.004876661 0.999001086 124.761306763
0.998884737 -0.014304836 0.044996534 8.013672829 0.014115636 0.999890089 0.004519701 -12.653325081 -0.045056246 -0.003879504 0.998976886 127.027252197
0.998878896 -0.015885683 0.044591829 8.206437111 0.015685484 0.999865234 0.004835902 -12.872872353 -0.044662639 -0.004131036 0.998993576 129.299667358
0.998909414 -0.016990338 0.043491915 8.397567749 0.016782671 0.999845922 0.005135616 -13.091369629 -0.043572471 -0.004400104 0.999040604 131.556549072
0.998963356 -0.017490106 0.042029250 8.593033791 0.017254826 0.999833286 0.005954281 -13.306891441 -0.042126391 -0.005222901 0.999098599 133.793075562
0.999020398 -0.018359484 0.040261801 8.783389091 0.018141074 0.999818623 0.005783411 -13.531377792 -0.040360678 -0.005047353 0.999172449 136.043151855
0.999091029 -0.019174773 0.038070094 8.986439705 0.018973788 0.999804020 0.005633665 -13.752535820 -0.038170658 -0.004906210 0.999259233 138.268508911
0.999069333 -0.019811148 0.038314465 9.152902603 0.019606190 0.999791443 0.005717759 -13.979335785 -0.038419750 -0.004961236 0.999249399 140.555099487
0.999061704 -0.020027246 0.038399894 9.319864273 0.019822353 0.999787390 0.005709167 -14.188170433 -0.038506068 -0.004942635 0.999246180 142.786804199
0.999102533 -0.019910242 0.037385941 9.507848740 0.019644726 0.999779165 0.007456004 -14.421053886 -0.037526138 -0.006714876 0.999273002 145.017578125
0.999119103 -0.019024242 0.037404012 9.679876328 0.018799091 0.999803066 0.006362043 -14.637255669 -0.037517678 -0.005653277 0.999279976 147.259109497
0.999138117 -0.017928945 0.037437718 9.857989311 0.017756665 0.999830186 0.004929227 -14.857477188 -0.037519731 -0.004260210 0.999286771 149.507263184
0.999153078 -0.016462147 0.037709579 10.033082008 0.016326051 0.999858975 0.003914108 -15.078274727 -0.037768696 -0.003295145 0.999280989 151.752273560
0.999164760 -0.015695672 0.037727740 10.215621948 0.015553661 0.999870837 0.004054822 -15.297979355 -0.037786517 -0.003464631 0.999279797 153.982635498
0.999161780 -0.014967459 0.038100488 10.397966385 0.014812306 0.999880850 0.004351353 -15.515637398 -0.038161065 -0.003783349 0.999264479 156.228500366
0.999151945 -0.013615859 0.038858581 10.562290192 0.013390658 0.999892056 0.006049796 -15.741133690 -0.038936757 -0.005524323 0.999226391 158.470230103
0.999103844 -0.013151520 0.040230952 10.742420197 0.012878355 0.999892294 0.007041592 -15.961183548 -0.040319223 -0.006517174 0.999165595 160.709945679
0.999098122 -0.011559414 0.040855907 10.915769577 0.011206960 0.999898016 0.008845277 -16.182361603 -0.040953968 -0.008379428 0.999125898 162.977615356
0.999059021 -0.011099203 0.041927256 11.089471817 0.010761134 0.999907792 0.008280393 -16.390045166 -0.042015292 -0.007821416 0.999086499 165.224441528
0.999000549 -0.010384278 0.043474112 11.273330688 0.010070874 0.999921739 0.007421785 -16.607347488 -0.043547772 -0.006976545 0.999026954 167.450088501
0.998948455 -0.008478422 0.045056265 11.455804825 0.008152145 0.999939203 0.007420437 -16.826330185 -0.045116436 -0.007045329 0.998956919 169.698684692
0.998835862 -0.007787479 0.047608383 11.643554688 0.007442578 0.999944746 0.007417542 -17.037677765 -0.047663521 -0.007054579 0.998838544 171.938919067
0.998713195 -0.008023239 0.050076228 11.839042664 0.007676591 0.999945164 0.007110883 -17.251909256 -0.050130542 -0.006717317 0.998720050 174.196990967
0.998637319 -0.007975253 0.051573727 12.046979904 0.007578128 0.999940157 0.007891119 -17.474874496 -0.051633570 -0.007489533 0.998637974 176.438842773
0.998606920 -0.008508136 0.052075349 12.248155594 0.008066292 0.999929667 0.008688988 -17.685312271 -0.052145623 -0.008256828 0.998605430 178.665969849
0.998578966 -0.010371165 0.052272648 12.449869156 0.009948175 0.999915600 0.008345718 -17.902973175 -0.052354801 -0.007813841 0.998597980 180.907623291
0.998543799 -0.011250532 0.052759472 12.647425652 0.010850917 0.999910176 0.007854636 -18.112758636 -0.052843105 -0.007270710 0.998576343 183.155273438
0.998610258 -0.012294449 0.051248245 12.861875534 0.011885629 0.999895096 0.008274376 -18.342420578 -0.051344600 -0.007653760 0.998651803 185.376144409
0.998610198 -0.014335555 0.050716557 13.065289497 0.013890610 0.999861896 0.009114831 -18.559839249 -0.050840221 -0.008397679 0.998671472 187.616744995
0.998641908 -0.015152229 0.049849261 13.274810791 0.014733805 0.999853075 0.008750591 -18.769311905 -0.049974535 -0.008004239 0.998718381 189.858367920
0.998589754 -0.016246952 0.050542805 13.460836411 0.015819928 0.999835730 0.008837461 -18.992092133 -0.050678089 -0.008025413 0.998682797 192.082107544
0.998564780 -0.017961951 0.050455410 13.654325485 0.017567951 0.999811649 0.008241606 -19.204580307 -0.050593942 -0.007343379 0.998692334 194.315277100
0.998610437 -0.017471537 0.049718775 13.859923363 0.017068533 0.999818027 0.008518820 -19.416364670 -0.049858559 -0.007658356 0.998726964 196.545745850
0.998590350 -0.015202275 0.050854038 14.053327560 0.014786717 0.999854147 0.008537880 -19.635679245 -0.050976422 -0.007773881 0.998669624 198.772415161
0.998602867 -0.013636830 0.051049806 14.255206108 0.013226874 0.999877572 0.008359740 -19.850738525 -0.051157542 -0.007672833 0.998661101 201.003570557
0.998576581 -0.013157540 0.051688697 14.462069511 0.012780836 0.999889374 0.007611743 -20.062820435 -0.051783130 -0.006940284 0.998634219 203.258346558
0.998541772 -0.013367802 0.052303068 14.659868240 0.012946098 0.999880970 0.008393221 -20.273063660 -0.052409049 -0.007703861 0.998595953 205.484252930
0.998514116 -0.015117855 0.052354205 14.879863739 0.014676201 0.999853492 0.008810124 -20.497621536 -0.052479718 -0.008028671 0.998589694 207.714706421
0.998463809 -0.014772839 0.053400841 15.086074829 0.014317630 0.999857783 0.008896951 -20.698602676 -0.053524688 -0.008118710 0.998533547 209.961776733
0.998360813 -0.015273564 0.055156719 15.284484863 0.014701032 0.999833941 0.010770949 -20.930763245 -0.055312075 -0.009942432 0.998419523 212.164230347
0.998300314 -0.013845798 0.056610011 15.518306732 0.013250885 0.999853134 0.010870880 -21.137563705 -0.056752209 -0.010102270 0.998337209 214.398895264
0.998138130 -0.012646885 0.059668526 15.732726097 0.011999341 0.999865294 0.011198224 -21.353919983 -0.059802122 -0.010461392 0.998155355 216.657211304
0.997998953 -0.012664396 0.061948229 15.955981255 0.011961901 0.999859989 0.011697809 -21.560878754 -0.062087700 -0.010933382 0.998010814 218.896041870
0.997845411 -0.014095232 0.064077161 16.181427002 0.013323445 0.999833643 0.012456100 -21.766462326 -0.064242080 -0.011575532 0.997867167 221.126800537
0.997740388 -0.015614101 0.065349475 16.414964676 0.014775921 0.999802649 0.013289865 -21.968883514 -0.065544091 -0.012294237 0.997773945 223.359237671
0.997671306 -0.017694497 0.065868966 16.659578323 0.016886847 0.999775469 0.012798127 -22.179624557 -0.066080630 -0.011656007 0.997746170 225.581390381
0.997635603 -0.019095022 0.066019990 16.899000168 0.018305814 0.999753833 0.012538541 -22.379077911 -0.066243157 -0.011300343 0.997739494 227.822906494
0.997581363 -0.019582981 0.066692196 17.132156372 0.018776212 0.999743044 0.012702399 -22.577812195 -0.066923797 -0.011419446 0.997692883 230.054534912
0.997521639 -0.021115860 0.067117296 17.378828049 0.020360567 0.999721646 0.011917602 -22.783920288 -0.067350253 -0.010521517 0.997673869 232.304061890
0.997462094 -0.021968212 0.067726217 17.617465973 0.021120962 0.999689758 0.013200803 -22.985546112 -0.067995220 -0.011736858 0.997616589 234.540771484
0.997456551 -0.021544151 0.067942128 17.886161804 0.020678271 0.999696076 0.013422047 -23.192626953 -0.068210647 -0.011982982 0.997598946 236.800460815
0.997431636 -0.021188593 0.068419501 18.127445221 0.020343397 0.999708176 0.013026481 -23.386180878 -0.068675563 -0.011601136 0.997571588 239.031753540
0.997391880 -0.021501891 0.068899639 18.371809006 0.020619599 0.999696314 0.013491210 -23.590999603 -0.069168806 -0.012035340 0.997532368 241.257766724
0.997349858 -0.021752307 0.069428749 18.618551254 0.020867048 0.999691784 0.013450556 -23.787340164 -0.069699921 -0.011966135 0.997496247 243.503540039
0.997303367 -0.022074930 0.069991052 18.863498688 0.021225357 0.999692023 0.012858952 -23.993791580 -0.070253357 -0.011338691 0.997464716 245.726409912
0.997319400 -0.021571938 0.069918796 19.119058609 0.020770632 0.999710202 0.012167396 -24.198343277 -0.070161007 -0.010682520 0.997478485 247.963134766
0.997285604 -0.021809325 0.070325077 19.370782852 0.020972248 0.999700427 0.012619456 -24.399688721 -0.070579238 -0.011110328 0.997444272 250.198120117
0.997252405 -0.023209501 0.070348985 19.627027512 0.022375671 0.999670148 0.012617840 -24.602857590 -0.070618622 -0.011009066 0.997442603 252.425994873
0.997250199 -0.023443846 0.070302427 19.891176224 0.022556812 0.999655962 0.013385022 -24.809265137 -0.070592016 -0.011762418 0.997435927 254.688247681
0.997215211 -0.024104459 0.070575267 20.130706787 0.023202272 0.999638617 0.013575434 -25.010845184 -0.070876986 -0.011900122 0.997413993 256.907379150
0.997169495 -0.024418676 0.071110658 20.383687973 0.023478644 0.999625921 0.014025446 -25.215946198 -0.071426556 -0.012316164 0.997369826 259.175079346
0.997147918 -0.023992363 0.071556278 20.640819550 0.023083072 0.999642313 0.013507409 -25.415914536 -0.071854748 -0.011817149 0.997345090 261.421905518
0.997121513 -0.023931229 0.071944661 20.900989532 0.023062890 0.999651074 0.012876232 -25.614002228 -0.072227702 -0.011179916 0.997325480 263.680847168
0.997108281 -0.023274926 0.072341971 21.163311005 0.022420889 0.999669254 0.012595422 -25.824235916 -0.072611220 -0.010937026 0.997300327 265.919921875
0.997058332 -0.022622941 0.073232509 21.419570923 0.021739161 0.999681234 0.012842889 -26.024152756 -0.073499717 -0.011213096 0.997232199 268.161712646
0.996915400 -0.022307266 0.075246841 21.668085098 0.021431405 0.999693036 0.012427410 -26.236595154 -0.075500958 -0.010776432 0.997087479 270.417663574
0.996831000 -0.023055734 0.076134600 21.943994522 0.022131395 0.999671102 0.012962406 -26.444137573 -0.076408409 -0.011236363 0.997013271 272.662414551
0.996626675 -0.023437597 0.078650676 22.186550140 0.022445939 0.999657333 0.013468962 -26.643421173 -0.078939408 -0.011658139 0.996811271 274.909149170
0.996487498 -0.023439186 0.080394544 22.457246780 0.022328142 0.999642789 0.014691271 -26.835458755 -0.080710188 -0.012844609 0.996654809 277.147705078
0.996444285 -0.022853550 0.081095889 22.742444992 0.021611735 0.999635756 0.016157908 -27.046417236 -0.081435621 -0.014347831 0.996575296 279.399932861
0.996361136 -0.022693835 0.082156338 23.025688171 0.021341050 0.999622405 0.017306993 -27.248113632 -0.082518078 -0.015490712 0.996469140 281.639282227
0.996315956 -0.021538187 0.083008967 23.307855606 0.020169744 0.999647081 0.017289042 -27.437852859 -0.083352037 -0.015551084 0.996398807 283.902526855
0.996222019 -0.020670243 0.084347174 23.578313828 0.019323280 0.999672949 0.016754601 -27.628091812 -0.084665909 -0.015061438 0.996295512 286.135101318
0.996236801 -0.019911269 0.084355295 23.867727280 0.018656153 0.999703586 0.015641222 -27.818038940 -0.084641710 -0.014008614 0.996312976 288.381683350
0.996180654 -0.020798076 0.084802791 24.141435623 0.019493340 0.999679029 0.016184647 -28.020191193 -0.085112169 -0.014469741 0.996266305 290.607879639
0.996099710 -0.020673305 0.085778914 24.399614334 0.019396646 0.999688745 0.015690053 -28.220026016 -0.086076587 -0.013965034 0.996190608 292.868286133
0.996106744 -0.021176092 0.085575230 24.681184769 0.019972084 0.999689579 0.014901420 -28.412727356 -0.085864231 -0.013134289 0.996220231 295.096466064
0.996100485 -0.021102699 0.085664555 24.961215973 0.019891348 0.999690175 0.014969692 -28.610149384 -0.085953899 -0.013207336 0.996211588 297.327789307
0.996096611 -0.020386895 0.085882448 25.240852356 0.019167511 0.999703705 0.014999128 -28.802162170 -0.086162791 -0.013294427 0.996192396 299.566558838
0.996051311 -0.020285329 0.086430542 25.506248474 0.018969871 0.999691784 0.016014107 -29.004106522 -0.086728759 -0.014311297 0.996129155 301.805297852
0.996048689 -0.020773195 0.086345449 25.794940948 0.019439517 0.999678850 0.016258152 -29.199235916 -0.086655438 -0.014515398 0.996132612 304.058166504
0.996008515 -0.020373024 0.086902075 26.080009460 0.019011684 0.999683678 0.016464291 -29.391065598 -0.087210014 -0.014746420 0.996080816 306.303436279
0.996008217 -0.020842018 0.086794309 26.365945816 0.019504942 0.999678195 0.016224850 -29.592578888 -0.087104537 -0.014467170 0.996094048 308.554595947
0.995963514 -0.021882655 0.087049939 26.653591156 0.020507207 0.999650836 0.016663814 -29.786779404 -0.087384179 -0.014811400 0.996064544 310.814941406
0.995920479 -0.021492945 0.087638095 26.936090469 0.020151366 0.999666393 0.016164374 -29.984670639 -0.087956280 -0.014332408 0.996021152 313.048400879
0.995932043 -0.021132348 0.087594435 27.230283737 0.019718427 0.999661386 0.016975772 -30.183032990 -0.087923519 -0.015179493 0.996011555 315.294006348
0.995896935 -0.019481968 0.088373795 27.516040802 0.018141761 0.999708295 0.015943229 -30.375755310 -0.088658646 -0.014274556 0.995959759 317.536895752
0.995880365 -0.017536677 0.088964000 27.800235748 0.016136745 0.999734700 0.016430844 -30.571012497 -0.089228556 -0.014927569 0.995899320 319.785095215
0.995822489 -0.016155096 0.089869700 28.082052231 0.014774755 0.999762774 0.016003504 -30.768815994 -0.090106919 -0.014608848 0.995824933 322.007354736
0.995780706 -0.015417474 0.090460435 28.368001938 0.013974517 0.999765158 0.016563017 -30.960731506 -0.090694547 -0.015228991 0.995762408 324.246246338
0.995795548 -0.014996052 0.090367883 28.666088104 0.013435429 0.999750316 0.017853329 -31.163238525 -0.090613052 -0.016564135 0.995748401 326.469726562
0.995743752 -0.015823202 0.090796642 28.944877625 0.014290356 0.999744594 0.017507588 -31.357473373 -0.091050498 -0.016135555 0.995715559 328.705535889
0.995719552 -0.017495416 0.090753764 29.242528915 0.016032033 0.999729812 0.016828826 -31.549552917 -0.091023654 -0.015301825 0.995731115 330.937530518
0.995711327 -0.016715260 0.090991609 29.525638580 0.015263927 0.999745309 0.016622867 -31.744661331 -0.091246292 -0.015162691 0.995712876 333.160430908
0.995673299 -0.017114082 0.091333084 29.812971115 0.015547290 0.999719918 0.017838826 -31.937414169 -0.091612801 -0.016341655 0.995660603 335.399108887
0.995707214 -0.017339511 0.090920262 30.114297867 0.015763961 0.999713302 0.018018570 -32.129070282 -0.091206647 -0.016507952 0.995695174 337.634948730
0.995678544 -0.016991796 0.091299087 30.394128799 0.015393022 0.999716103 0.018187165 -32.324192047 -0.091582201 -0.016703201 0.995657444 339.870361328
0.995697141 -0.017106988 0.091073915 30.691329956 0.015537142 0.999718666 0.017918285 -32.518318176 -0.091354832 -0.016426155 0.995682895 342.117095947
0.995703399 -0.017203312 0.090987839 30.982938766 0.015582405 0.999707460 0.018495129 -32.709136963 -0.091279402 -0.016997848 0.995680213 344.361999512
0.995743692 -0.016643615 0.090651780 31.273715973 0.015013765 0.999713600 0.018631659 -32.897808075 -0.090935946 -0.017191328 0.995708346 346.598358154
0.995767653 -0.016640659 0.090386383 31.561779022 0.015013592 0.999713302 0.018651450 -33.088523865 -0.090670846 -0.017215490 0.995732069 348.842620850
0.995742381 -0.016166748 0.090750039 31.846542358 0.014487605 0.999711990 0.019131318 -33.281566620 -0.091033198 -0.017735118 0.995689929 351.084167480
0.995782495 -0.016502697 0.090248995 32.133502960 0.014809678 0.999702096 0.019397065 -33.466594696 -0.090542220 -0.017978702 0.995730340 353.307342529
0.995786071 -0.016315334 0.090242662 32.418163300 0.014669113 0.999714196 0.018875418 -33.655448914 -0.090524837 -0.017472103 0.995740891 355.551452637
0.995816290 -0.016101211 0.089948058 32.706764221 0.014431159 0.999711752 0.019186523 -33.841724396 -0.090231046 -0.017808195 0.995761573 357.783538818
0.995880127 -0.015324391 0.089375533 33.002300262 0.013583109 0.999706447 0.020058604 -34.034275055 -0.089656711 -0.018761965 0.995796025 360.027465820
0.995909631 -0.015281713 0.089053199 33.294097900 0.013528835 0.999703348 0.020253981 -34.226867676 -0.089336284 -0.018966347 0.995820880 362.265960693
0.995969236 -0.015078967 0.088419132 33.591148376 0.013302307 0.999698281 0.020648565 -34.413242340 -0.088703826 -0.019389156 0.995869339 364.501708984
0.996042669 -0.015162054 0.087573722 33.886844635 0.013463788 0.999710321 0.019950673 -34.600559235 -0.087850824 -0.018692652 0.995958269 366.760650635
0.996076643 -0.015806701 0.087071709 34.172863007 0.014126923 0.999702811 0.019874444 -34.792091370 -0.087359972 -0.018566413 0.996003807 368.999053955
0.996073008 -0.015552671 0.087159581 34.451110840 0.013934911 0.999719799 0.019138712 -34.975112915 -0.087432817 -0.017848995 0.996010542 371.253082275
0.996112585 -0.016022023 0.086619511 34.731170654 0.014411693 0.999712229 0.019184336 -35.168571472 -0.086901955 -0.017861428 0.996056736 373.489288330
0.996160686 -0.015830886 0.086100012 35.021896362 0.014158390 0.999699712 0.020001194 -35.354038239 -0.086390793 -0.018705366 0.996085703 375.744445801
0.996117055 -0.016245343 0.086526141 35.294898987 0.014553318 0.999690950 0.020150159 -35.538944244 -0.086826734 -0.018812671 0.996045768 377.997833252
0.996132731 -0.016877960 0.086225018 35.580879211 0.015171324 0.999676585 0.020409955 -35.728759766 -0.086541615 -0.019022875 0.996066570 380.233032227
0.996131420 -0.017116807 0.086192906 35.866641998 0.015401240 0.999670625 0.020529652 -35.913795471 -0.086515933 -0.019122757 0.996066928 382.487182617
0.996134460 -0.016532738 0.086271554 36.150249481 0.014783612 0.999672771 0.020874394 -36.104400635 -0.086588442 -0.019518295 0.996052921 384.733154297
0.996176302 -0.015902296 0.085905910 36.451316833 0.014145846 0.999679029 0.021016410 -36.291381836 -0.086212538 -0.019720843 0.996081591 387.012176514
0.996209741 -0.014663932 0.085737817 36.748550415 0.012915347 0.999697864 0.020913823 -36.484592438 -0.086018577 -0.019727223 0.996098220 389.287200928
0.996196806 -0.013037337 0.086149722 37.027343750 0.011276379 0.999718070 0.020895779 -36.671836853 -0.086397871 -0.019844854 0.996063054 391.565795898
0.996215463 -0.011644006 0.086133778 37.311775208 0.009742854 0.999700248 0.022459619 -36.857093811 -0.086369470 -0.021535432 0.996030390 393.829711914
0.996159256 -0.010393701 0.086940758 37.588806152 0.008461506 0.999709606 0.022563353 -37.038860321 -0.087150022 -0.021741048 0.995957911 396.096954346
0.996117294 -0.010162140 0.087447681 37.875465393 0.008338099 0.999740541 0.021198710 -37.231681824 -0.087640397 -0.020387257 0.995943546 398.363677979
0.996095777 -0.009909178 0.087720282 38.162647247 0.008115035 0.999750972 0.020786047 -37.420257568 -0.087904409 -0.019993041 0.995928228 400.628509521
0.995943725 -0.010823136 0.089324981 38.428882599 0.008890918 0.999718368 0.022000948 -37.599708557 -0.089537956 -0.021117525 0.995759487 402.869567871
0.995979190 -0.011887670 0.088792346 38.738906860 0.009912699 0.999694288 0.022650516 -37.784767151 -0.089034483 -0.021679275 0.995792568 405.150817871
0.995941401 -0.012344365 0.089152575 39.026268005 0.010373478 0.999692261 0.022536499 -37.968696594 -0.089403346 -0.021520214 0.995763004 407.406585693
0.995908856 -0.010991967 0.089692488 39.330562592 0.009050695 0.999716520 0.022021735 -38.151519775 -0.089909121 -0.021119861 0.995725989 409.645385742
0.995869160 -0.010167372 0.090228193 39.624019623 0.008189794 0.999718666 0.022260796 -38.338249207 -0.090429120 -0.021429887 0.995672286 411.897460938
0.995787084 -0.009187450 0.091233544 39.908710480 0.007211776 0.999732792 0.021961253 -38.524429321 -0.091410927 -0.021210777 0.995587349 414.145568848
0.995695293 -0.008135118 0.092328407 40.201633453 0.006121668 0.999737680 0.022069786 -38.706993103 -0.092483714 -0.021409579 0.995483935 416.415618896
0.995653391 -0.008591850 0.092739977 40.505306244 0.006573288 0.999735296 0.022049395 -38.894443512 -0.092904881 -0.021343946 0.995446205 418.673217773
0.995560825 -0.008731556 0.093714654 40.796993256 0.006691819 0.999734282 0.022057632 -39.076400757 -0.093882337 -0.021332588 0.995354712 420.922393799
0.995485604 -0.009050095 0.094479471 41.090763092 0.007018326 0.999737382 0.021815049 -39.264003754 -0.094652094 -0.021053480 0.995287776 423.180206299
0.995413601 -0.009364941 0.095205076 41.393047333 0.007208834 0.999710262 0.022965731 -39.449073792 -0.095392555 -0.022174086 0.995192647 425.450378418
0.995386183 -0.008799308 0.095545396 41.694492340 0.006576256 0.999700963 0.023556983 -39.629337311 -0.095724069 -0.022819964 0.995146394 427.706604004
0.995321095 -0.008182334 0.096275531 42.003017426 0.005855269 0.999684453 0.024428628 -39.810321808 -0.096445039 -0.023750613 0.995054960 429.986541748
0.995276153 -0.008164644 0.096741885 42.300964355 0.005800137 0.999678135 0.024697470 -39.999500275 -0.096912391 -0.024019683 0.995003045 432.262939453
0.995266199 -0.008944470 0.096773922 42.614261627 0.006619168 0.999682188 0.024322620 -40.189579010 -0.096960723 -0.023566917 0.995009184 434.526580811
0.995229959 -0.007993564 0.097228907 42.923946381 0.005657261 0.999689162 0.024280904 -40.356063843 -0.097392775 -0.023615032 0.994965792 436.794769287
0.995200753 -0.008274251 0.097503699 43.239215851 0.005907967 0.999681711 0.024532415 -40.536308289 -0.097675644 -0.023838636 0.994932711 439.082122803
0.995263517 -0.008224880 0.096865021 43.562103271 0.005847881 0.999675453 0.024797685 -40.715290070 -0.097037531 -0.024113774 0.994988561 441.354034424
0.995267808 -0.007294287 0.096895613 43.896148682 0.004848438 0.999664187 0.025453608 -40.904552460 -0.097048752 -0.024863362 0.994969010 443.641143799
0.995223820 -0.007896778 0.097298525 44.204845428 0.005409191 0.999652326 0.025803845 -41.082847595 -0.097468466 -0.025154300 0.994920671 445.917694092
0.995223820 -0.008110796 0.097281151 44.513690948 0.005669581 0.999662638 0.025344666 -41.262634277 -0.097453885 -0.024672072 0.994934320 448.181640625
0.995258510 -0.007316979 0.096989200 44.833686829 0.004918034 0.999676585 0.024950175 -41.442901611 -0.097140387 -0.024354884 0.994972587 450.444915771
0.995197237 -0.006672412 0.097662255 45.135051727 0.004273154 0.999684513 0.024755457 -41.628082275 -0.097796641 -0.024219241 0.994911671 452.704162598
0.995103657 -0.006091184 0.098649152 45.436763763 0.003651549 0.999683499 0.024892131 -41.800598145 -0.098769546 -0.024410028 0.994810879 454.974517822
0.995062172 -0.006717120 0.099026099 45.733238220 0.004275492 0.999682069 0.024848038 -41.990188599 -0.099161521 -0.024301955 0.994774520 457.235229492
0.995105922 -0.006063722 0.098627761 46.057376862 0.003700533 0.999702096 0.024125997 -42.170753479 -0.098744676 -0.023642944 0.994831920 459.518249512
0.995079696 -0.004877302 0.098957673 46.363830566 0.002449659 0.999693394 0.024638830 -42.351490021 -0.099047489 -0.024275187 0.994786561 461.796356201
0.995075822 -0.004498727 0.099014416 46.674961090 0.001943710 0.999662936 0.025885852 -42.530452728 -0.099097513 -0.025565926 0.994749188 464.072570801
0.995098710 -0.004260218 0.098794796 46.978324890 0.001694502 0.999659419 0.026039539 -42.702426910 -0.098872095 -0.025744500 0.994767010 466.338836670
0.995179057 -0.004449396 0.097974867 47.292613983 0.001979180 0.999678075 0.025295526 -42.885032654 -0.098055877 -0.024979668 0.994867325 468.617889404
0.995284259 -0.004697226 0.096887223 47.619594574 0.002299533 0.999688625 0.024844093 -43.067291260 -0.096973747 -0.024504144 0.994985223 470.912811279
0.995363533 -0.005499196 0.096026964 47.930480957 0.002995614 0.999652326 0.026196385 -43.256137848 -0.096137635 -0.025787266 0.995033979 473.188354492
0.995350540 -0.005728126 0.096148662 48.226703644 0.003177255 0.999639392 0.026662653 -43.436763763 -0.096266717 -0.026233198 0.995009780 475.465759277
0.995397925 -0.005491412 0.095670380 48.530509949 0.002994628 0.999651611 0.026221832 -43.602836609 -0.095781051 -0.025814658 0.995067656 477.765533447
0.995437264 -0.005339906 0.095268607 48.842536926 0.002817315 0.999642313 0.026593598 -43.777381897 -0.095376536 -0.026203860 0.995096326 480.053192139
0.995447159 -0.006197884 0.095113434 49.151359558 0.003603984 0.999617517 0.027419232 -43.957172394 -0.095246993 -0.026951609 0.995088756 482.331115723
0.995486915 -0.006882745 0.094648317 49.454719543 0.004364489 0.999631643 0.026787773 -44.133369446 -0.094797827 -0.026253784 0.995150268 484.604522705
0.995564401 -0.007266158 0.093802392 49.763549805 0.004733026 0.999618888 0.027199270 -44.314537048 -0.093964279 -0.026634652 0.995219111 486.889709473
0.995558262 -0.007057547 0.093882613 50.043167114 0.004503486 0.999614716 0.027388938 -44.484516144 -0.094039746 -0.026844487 0.995206416 489.158935547
0.995575368 -0.006776486 0.093723103 50.347824097 0.004184164 0.999603987 0.027828272 -44.654689789 -0.093874566 -0.027312988 0.995209336 491.462310791
0.995634794 -0.006447319 0.093111932 50.654960632 0.003832681 0.999594033 0.028232165 -44.827247620 -0.093256138 -0.027752053 0.995255291 493.745635986
0.995632946 -0.006272082 0.093143359 50.945793152 0.003704844 0.999609172 0.027709611 -44.998706818 -0.093280733 -0.027243519 0.995267034 496.044738770
0.995653033 -0.005938524 0.092949584 51.256893158 0.003400753 0.999617696 0.027437270 -45.183029175 -0.093076989 -0.027001902 0.995292723 498.355377197
0.995690286 -0.005762536 0.092561580 51.557708740 0.003162979 0.999597073 0.028206823 -45.356510162 -0.092686817 -0.027792489 0.995307326 500.647369385
0.995687187 -0.005204954 0.092627905 51.850326538 0.002563346 0.999587357 0.028614644 -45.534545898 -0.092738613 -0.028253801 0.995289564 502.926971436
0.995735526 -0.004406273 0.092147596 52.156658173 0.001846341 0.999610484 0.027847590 -45.709030151 -0.092234395 -0.027558703 0.995355844 505.214965820
0.995716453 -0.004395092 0.092354491 52.445781708 0.001761147 0.999589920 0.028582115 -45.882610321 -0.092442229 -0.028297037 0.995315909 507.496795654
0.995745182 -0.004947212 0.092015892 52.745662689 0.002414464 0.999615669 0.027616093 -46.058929443 -0.092117161 -0.027276423 0.995374501 509.790985107
0.995780289 -0.005602798 0.091598451 53.055526733 0.003017750 0.999593854 0.028335702 -46.238365173 -0.091720037 -0.027939711 0.995392740 512.088378906
0.995776415 -0.005464351 0.091648683 53.355976105 0.002848185 0.999585330 0.028652135 -46.411102295 -0.091767259 -0.028270088 0.995379031 514.401733398
0.995792627 -0.004771750 0.091511130 53.655612946 0.002193491 0.999598324 0.028254189 -46.580940247 -0.091609195 -0.027934585 0.995403111 516.712951660
0.995799959 -0.003735787 0.091480196 53.948829651 0.001158591 0.999601364 0.028209094 -46.757621765 -0.091549106 -0.027984628 0.995407283 519.002319336
0.995716870 -0.001739818 0.092437603 54.244083405 -0.000867685 0.999603033 0.028160578 -46.935470581 -0.092449918 -0.028120171 0.995320320 521.348083496
0.995642900 0.000279025 0.093249135 54.548877716 -0.002942929 0.999591410 0.028431294 -47.110477448 -0.093203098 -0.028581843 0.995236814 523.684387207
0.995579362 0.001179071 0.093916029 54.852737427 -0.003969060 0.999556124 0.029526019 -47.275497437 -0.093839541 -0.029768260 0.995142221 526.001953125
0.995522559 0.000586806 0.094522461 55.155437469 -0.003383320 0.999561191 0.029428173 -47.446823120 -0.094463736 -0.029616207 0.995087624 528.310180664
0.995513201 -0.001363885 0.094612464 55.464252472 -0.001548228 0.999527454 0.030699143 -47.616447449 -0.094609633 -0.030707888 0.995040715 530.624023438
0.995491147 -0.002963509 0.094807796 55.784317017 0.000075851 0.999536395 0.030447138 -47.786041260 -0.094854049 -0.030302670 0.995029867 532.939819336
0.995442629 -0.002962282 0.095316395 56.082664490 0.000113461 0.999553502 0.029879592 -47.954044342 -0.095362365 -0.029732602 0.994998515 535.239074707
0.995353580 -0.003318440 0.096229695 56.393611908 0.000469234 0.999561191 0.029615907 -48.125595093 -0.096285731 -0.029433144 0.994918466 537.560119629
0.995259881 -0.002721367 0.097212642 56.689514160 -0.000112665 0.999575436 0.029135536 -48.300785065 -0.097250640 -0.029008381 0.994837105 539.861938477
0.995167315 -0.001978799 0.098173767 56.995952606 -0.000856062 0.999584079 0.028825421 -48.474060059 -0.098189987 -0.028770160 0.994751751 542.183593750
0.995101988 -0.001632644 0.098840594 57.320472717 -0.001104571 0.999617577 0.027632158 -48.644645691 -0.098847903 -0.027605994 0.994719565 544.510559082
0.994949877 -0.001397781 0.100362808 57.612167358 -0.001440633 0.999601185 0.028203489 -48.820018768 -0.100362197 -0.028205642 0.994551003 546.826049805
0.994871616 -0.001213298 0.101139821 57.925354004 -0.001745297 0.999573410 0.029158903 -48.996520996 -0.101132035 -0.029185884 0.994444847 549.140686035
0.994814873 -0.001054451 0.101696275 58.239471436 -0.001926373 0.999571502 0.029208388 -49.167655945 -0.101683483 -0.029252846 0.994386613 551.439819336
0.994827330 -0.002056245 0.101559699 58.566326141 -0.000825378 0.999598444 0.028323518 -49.340354919 -0.101577155 -0.028260833 0.994426131 553.746887207
0.994865060 -0.002234459 0.101185851 58.899833679 -0.000692050 0.999582708 0.028877776 -49.516769409 -0.101208165 -0.028799519 0.994448364 556.063476562
0.994796932 -0.002026520 0.101857536 59.214233398 -0.000966991 0.999569297 0.029331231 -49.689731598 -0.101873107 -0.029277118 0.994366467 558.368103027
0.994742870 -0.001454820 0.102394059 59.533447266 -0.001663016 0.999537647 0.030357424 -49.861549377 -0.102390900 -0.030368116 0.994280577 560.702575684
0.994745493 -0.001852584 0.102361210 59.867469788 -0.001351121 0.999511600 0.031219855 -50.035758972 -0.102369025 -0.031194115 0.994257390 563.027526855
0.994722128 -0.001364289 0.102596305 60.195823669 -0.001883731 0.999500275 0.031554699 -50.198944092 -0.102588080 -0.031581424 0.994222462 565.342895508
0.994668245 -0.000455028 0.103125788 60.526756287 -0.002769416 0.999511778 0.031121759 -50.374458313 -0.103089593 -0.031241423 0.994181335 567.661743164
0.994695246 0.000458721 0.102864586 60.872089386 -0.003520970 0.999555886 0.029590121 -50.539779663 -0.102805331 -0.029795336 0.994255126 569.998107910
0.994639695 0.000828197 0.103397734 61.210937500 -0.003931876 0.999547601 0.029816691 -50.712394714 -0.103326254 -0.030063413 0.994193017 572.323791504
0.994668245 0.000779981 0.103123479 61.551559448 -0.003973107 0.999518752 0.030762313 -50.887039185 -0.103049867 -0.031008018 0.994192779 574.710571289
0.994665682 0.000759516 0.103148252 61.890907288 -0.004093577 0.999475718 0.032115158 -51.062980652 -0.103069790 -0.032366093 0.994147360 577.024902344
0.994592726 0.001088244 0.103846833 62.217758179 -0.004258833 0.999531329 0.030314568 -51.229663849 -0.103765175 -0.030592911 0.994131207 579.413940430
0.994632840 0.000503877 0.103466958 62.555950165 -0.003657235 0.999534428 0.030289512 -51.396720886 -0.103403538 -0.030505341 0.994171619 581.752807617
0.994637668 -0.000703855 0.103418797 62.895175934 -0.002575387 0.999498188 0.031571429 -51.572509766 -0.103389122 -0.031668473 0.994136691 584.066650391
0.994686127 -0.000539139 0.102952272 63.229866028 -0.002731002 0.999496281 0.031620070 -51.741058350 -0.102917448 -0.031733204 0.994183540 586.385986328
0.994634688 -0.003056885 0.103404537 63.568885803 -0.000096667 0.999535441 0.030478483 -51.914428711 -0.103449658 -0.030324956 0.994172275 588.743591309
0.994675517 -0.003298447 0.103002712 63.910984039 0.000168609 0.999538541 0.030379908 -52.080497742 -0.103055373 -0.030200792 0.994216979 591.088989258
0.994680941 -0.004963659 0.102884084 64.241470337 0.001793894 0.999521554 0.030878745 -52.251655579 -0.102988124 -0.030529935 0.994213879 593.424560547
0.994729996 -0.005734072 0.102368549 64.585983276 0.002582286 0.999519289 0.030894622 -52.421096802 -0.102496490 -0.030467467 0.994266689 595.780456543
