1.000000000 0.000000000 0.000000000 0.000000000 0.000000000 1.000000000 0.000000000 0.000000000 0.000000000 0.000000000 1.000000000 0.000000000
0.999999881 0.000145223 0.000399826 0.086653277 -0.000145160 1.000000000 -0.000158899 -0.225804165 -0.000399849 0.000158841 0.999999881 2.287983418
0.999999285 0.000422197 0.001143906 0.165474460 -0.000422538 0.999999881 0.000297292 -0.462075412 -0.001143780 -0.000297775 0.999999225 4.584681511
0.999998569 0.000085792 0.001661576 0.262583524 -0.000086848 0.999999762 0.000635095 -0.695328414 -0.001661521 -0.000635238 0.999998391 6.874526501
0.999996364 0.000164894 0.002699551 0.354264736 -0.000162384 0.999999583 -0.000929869 -0.928219259 -0.002699703 0.000929427 0.999995947 9.164968491
0.999987483 0.001877019 0.004635544 0.447877884 -0.001878615 0.999998212 0.000339982 -1.162506700 -0.004634897 -0.000348686 0.999989212 11.466391563
0.999963582 0.004106068 0.007472087 0.532243013 -0.004117881 0.999990284 0.001566353 -1.391882658 -0.007465582 -0.001597065 0.999970853 13.776760101
0.999946475 0.003874184 0.009596180 0.642027855 -0.003913464 0.999984026 0.004077910 -1.619210839 -0.009580229 -0.004115245 0.999945641 16.049839020
0.999935091 0.003884542 0.010703056 0.745021343 -0.003936603 0.999980509 0.004847412 -1.843388200 -0.010684018 -0.004889232 0.999930918 18.384508133
0.999922931 0.003045264 0.012031051 0.857195318 -0.003109130 0.999981105 0.005293198 -2.073056936 -0.012014708 -0.005330196 0.999913573 20.666263580
0.999922276 0.000476910 0.012458883 0.981358051 -0.000512612 0.999995708 0.002862537 -2.299849987 -0.012457465 -0.002868701 0.999918222 23.002237320
0.999908626 -0.001784223 0.013400606 1.088393927 0.001772525 0.999998033 0.000884746 -2.521317005 -0.013402159 -0.000860912 0.999909759 25.284358978
0.999911129 -0.002690307 0.013051289 1.228483915 0.002686470 0.999996305 0.000311513 -2.767535210 -0.013052080 -0.000276424 0.999914765 27.597702026
0.999900460 -0.002360326 0.013912280 1.337509155 0.002368755 0.999996960 -0.000589373 -2.994250536 -0.013910848 0.000622269 0.999903023 29.884834290
0.999886572 -0.000121731 0.015062334 1.455380559 0.000096587 0.999998629 0.001670067 -3.222098112 -0.015062517 -0.001668422 0.999885142 32.173217773
0.999883235 0.001908185 0.015160828 1.586648226 -0.001965065 0.999991119 0.003737800 -3.441764832 -0.015153560 -0.003767156 0.999877989 34.454315186
0.999846816 0.004332880 0.016955260 1.699211955 -0.004465378 0.999959707 0.007784521 -3.675140381 -0.016920855 -0.007859040 0.999825954 36.762313843
0.999825656 0.006130631 0.017636852 1.818676591 -0.006262657 0.999952674 0.007440346 -3.895192146 -0.017590407 -0.007549502 0.999816835 39.035007477
0.999804378 0.004919927 0.019162318 1.931360722 -0.005034155 0.999969840 0.005917370 -4.101218224 -0.019132629 -0.006012679 0.999798894 41.324745178
0.999812245 0.002490182 0.019214580 2.057921171 -0.002580553 0.999985754 0.004679924 -4.325176239 -0.019202653 -0.004728630 0.999804437 43.603004456
0.999823987 0.002389083 0.018610032 2.205631733 -0.002468648 0.999987841 0.004253532 -4.556408882 -0.018599644 -0.004298725 0.999817789 45.841209412
0.999819577 0.001393582 0.018939843 2.326141834 -0.001457347 0.999993265 0.003353333 -4.785854340 -0.018935045 -0.003380330 0.999814987 48.118122101
0.999818504 -0.000049782 0.019052055 2.461021185 -0.000024957 0.999992311 0.003922637 -5.015935421 -0.019052103 -0.003922401 0.999810815 50.392311096
0.999791622 -0.000365155 0.020409675 2.585507393 0.000275162 0.999990225 0.004411934 -5.238579273 -0.020411087 -0.004405399 0.999781966 52.657024384
0.999785781 -0.001663562 0.020627430 2.722519398 0.001569054 0.999988198 0.004597005 -5.468731403 -0.020634834 -0.004563655 0.999776721 54.938716888
0.999762654 -0.001838247 0.021714756 2.853070736 0.001737772 0.999987721 0.004645015 -5.693777561 -0.021723032 -0.004606175 0.999753416 57.237461090
0.999748051 -0.003037448 0.022246324 2.993446589 0.002922411 0.999982178 0.005201762 -5.916993141 -0.022261728 -0.005135438 0.999738932 59.505233765
0.999706388 -0.004384481 0.023828665 3.120195866 0.004285386 0.999981940 0.004208133 -6.135396004 -0.023846686 -0.004104783 0.999707162 61.774475098
0.999689162 -0.004979247 0.024428185 3.269157887 0.004877077 0.999979138 0.004240274 -6.361051559 -0.024448790 -0.004119818 0.999692619 64.027130127
0.999657393 -0.004413350 0.025800478 3.407873631 0.004291804 0.999979436 0.004764558 -6.582211018 -0.025820974 -0.004652197 0.999655783 66.298034668
0.999639332 -0.003466733 0.026629185 3.557830811 0.003327984 0.999980688 0.005252945 -6.809936523 -0.026646884 -0.005162430 0.999631584 68.561195374
0.999601007 -0.003663013 0.028007917 3.695575953 0.003532189 0.999982655 0.004719017 -7.031303883 -0.028024718 -0.004618205 0.999596477 70.812294006
0.999584079 -0.004355773 0.028508302 3.854281425 0.004256905 0.999984682 0.003527884 -7.256599426 -0.028523231 -0.003405059 0.999587297 73.067283630
0.999572992 -0.005358422 0.028725324 4.014768600 0.005246370 0.999978364 0.003974766 -7.483618736 -0.028746001 -0.003822366 0.999579430 75.350273132
0.999522209 -0.006635273 0.030191278 4.170679569 0.006531795 0.999972463 0.003524757 -7.713941574 -0.030213837 -0.003325869 0.999537885 77.614852905
0.999523044 -0.007521543 0.029948920 4.329464912 0.007430707 0.999967396 0.003143176 -7.942916870 -0.029971592 -0.002919137 0.999546468 79.875228882
0.999491513 -0.007973270 0.030870423 4.477377892 0.007892638 0.999965131 0.002732954 -8.159534454 -0.030891132 -0.002487916 0.999519587 82.131546021
0.999484897 -0.007021327 0.031314656 4.653394699 0.006945245 0.999972641 0.002537722 -8.388284683 -0.031331625 -0.002318926 0.999506354 84.416656494
0.999427795 -0.006755893 0.033143044 4.808340549 0.006663596 0.999973536 0.002894493 -8.606328011 -0.033161726 -0.002671984 0.999446452 86.669326782
0.999434412 -0.006465790 0.033000100 4.978979111 0.006329581 0.999971032 0.004230353 -8.841474533 -0.033026498 -0.004019084 0.999446392 88.959793091
0.999404550 -0.005459776 0.034070343 5.137494564 0.005289189 0.999972999 0.005095016 -9.071908951 -0.034097236 -0.004911776 0.999406457 91.217674255
0.999375284 -0.005321144 0.034936879 5.303886414 0.005157072 0.999975264 0.004784645 -9.291770935 -0.034961477 -0.004601484 0.999378085 93.471916199
0.999357641 -0.005571268 0.035402052 5.472567558 0.005428639 0.999976754 0.004123667 -9.509003639 -0.035424214 -0.003928832 0.999364555 95.732170105
0.999323606 -0.005904925 0.036297668 5.639734268 0.005748297 0.999973714 0.004417971 -9.730345726 -0.036322802 -0.004206333 0.999331236 97.991752625
0.999297857 -0.005562504 0.037052471 5.802845955 0.005419094 0.999977529 0.003969754 -9.963148117 -0.037073724 -0.003766176 0.999305427 100.232681274
0.999246895 -0.005568051 0.038399976 5.960679054 0.005379090 0.999972880 0.005022447 -10.181537628 -0.038426906 -0.004812107 0.999249876 102.463073730
0.999226511 -0.005836462 0.038886975 6.155264854 0.005648324 0.999971926 0.004946165 -10.407458305 -0.038914744 -0.004722693 0.999231398 104.753059387
0.999192536 -0.006606555 0.039629992 6.332043648 0.006392478 0.999964237 0.005526170 -10.623119354 -0.039665092 -0.005268374 0.999199152 106.990280151
0.999167860 -0.007932755 0.040008485 6.515720367 0.007712183 0.999954224 0.005664434 -10.840887070 -0.040051579 -0.005351167 0.999183297 109.243759155
0.999132156 -0.009089866 0.040648863 6.698653221 0.008826045 0.999938965 0.006664973 -11.068986893 -0.040706955 -0.006300422 0.999151289 111.502021790
0.999105573 -0.009662643 0.041166358 6.883817196 0.009445902 0.999940515 0.005456269 -11.292514801 -0.041216630 -0.005062536 0.999137402 113.765533447
0.999056935 -0.010143565 0.042217560 7.062379837 0.009964362 0.999940455 0.004453079 -11.512665749 -0.042260211 -0.004028209 0.999098659 116.017692566
0.999014258 -0.010407632 0.043153349 7.242042542 0.010199047 0.999935210 0.005050892 -11.741931915 -0.043203115 -0.004605790 0.999055684 118.267951965
0.998962998 -0.010740099 0.044246934 7.429113388 0.010481269 0.999926567 0.006077562 -11.971070290 -0.044308960 -0.005607495 0.999002278 120.535942078
0.998958826 -0.011532472 0.044138491 7.636400223 0.011249593 0.999914587 0.006651917 -12.194308281 -0.044211436 -0.006148451 0.999003291 122.743675232
0.998886704 -0.012315552 0.045537423 7.830070019 0.012035788 0.999907017 0.006412705 -12.423512459 -0.045612156 -0.005857487 0.998942077 125.052253723
0.998851836 -0.013222734 0.046045568 8.016961098 0.012984296 0.999900699 0.005473606 -12.642717361 -0.046113372 -0.004869451 0.998924315 127.307731628
0.998832285 -0.014756953 0.046005443 8.208333969 0.014501724 0.999877512 0.005876666 -12.861620903 -0.046086527 -0.005202645 0.998923838 129.579818726
0.998852015 -0.015891962 0.045189593 8.397159576 0.015633645 0.999859393 0.006064039 -13.076232910 -0.045279611 -0.005350600 0.998959959 131.827560425
0.998899758 -0.016278567 0.043980513 8.591445923 0.015977949 0.999846578 0.007178206 -13.293452263 -0.044090617 -0.006467590 0.999006569 134.069015503
0.998956740 -0.016948301 0.042404905 8.786789894 0.016652388 0.999834538 0.007321801 -13.522592545 -0.042521991 -0.006608020 0.999073684 136.314193726
0.999024272 -0.017781211 0.040426526 8.994444847 0.017494574 0.999819338 0.007433010 -13.742711067 -0.040551398 -0.006718512 0.999154866 138.539718628
0.999014556 -0.018515090 0.040335614 9.162270546 0.018248411 0.999809146 0.006969721 -13.957095146 -0.040456966 -0.006226791 0.999161899 140.817932129
0.998999953 -0.018876703 0.040531982 9.329811096 0.018620519 0.999804199 0.006688917 -14.159611702 -0.040650312 -0.005927501 0.999155879 143.051177979
0.999038696 -0.019063171 0.039474797 9.521656036 0.018741699 0.999788225 0.008497824 -14.393089294 -0.039628431 -0.007749831 0.999184430 145.288375854
0.999056339 -0.018188065 0.039443854 9.698946953 0.017911686 0.999812543 0.007348984 -14.605388641 -0.039570123 -0.006635542 0.999194741 147.538787842
0.999070466 -0.017099531 0.039568208 9.880006790 0.016882828 0.999840558 0.005804446 -14.820859909 -0.039661158 -0.005131027 0.999199986 149.784149170
0.999085486 -0.015310687 0.039922148 10.056409836 0.015122904 0.999873102 0.005001493 -15.040399551 -0.039993666 -0.004393180 0.999190211 152.036773682
0.999090493 -0.014439815 0.040120736 10.241448402 0.014248891 0.999885798 0.005040639 -15.257885933 -0.040188942 -0.004464378 0.999182045 154.279678345
0.999079347 -0.013560507 0.040700305 10.422288895 0.013338065 0.999894559 0.005731959 -15.477941513 -0.040773746 -0.005183818 0.999154985 156.542587280
0.999081731 -0.012906870 0.040855203 10.618775368 0.012638294 0.999896824 0.006825319 -15.699166298 -0.040939085 -0.006302712 0.999141753 158.769821167
0.999012649 -0.012303816 0.042687032 10.774486542 0.011976012 0.999896884 0.007926493 -15.919930458 -0.042780161 -0.007407447 0.999057055 161.065780640
0.998979151 -0.011262642 0.043747336 10.958279610 0.010834488 0.999891162 0.010011768 -16.137596130 -0.043855336 -0.009527568 0.998992443 163.297500610
0.998947620 -0.010597704 0.044622891 11.146705627 0.010213569 0.999908864 0.008827684 -16.341041565 -0.044712380 -0.008362635 0.998964906 165.584136963
0.998907447 -0.009909386 0.045670100 11.343961716 0.009573182 0.999925435 0.007574406 -16.554084778 -0.045741756 -0.007128922 0.998927832 167.838134766
0.998828292 -0.008084019 0.047715351 11.529645920 0.007714471 0.999938846 0.007923953 -16.767383575 -0.047776494 -0.007546570 0.998829484 170.073150635
0.998697996 -0.007670619 0.050433166 11.727330208 0.007283989 0.999942660 0.007845522 -16.987760544 -0.050490454 -0.007467950 0.998696625 172.369461060
0.998578846 -0.007998768 0.052690193 11.932847977 0.007611985 0.999942601 0.007537340 -17.200828552 -0.052747451 -0.007125552 0.998582482 174.641586304
0.998489201 -0.007895487 0.054378547 12.142017365 0.007452303 0.999937356 0.008347943 -17.421304703 -0.054441061 -0.007930086 0.998485506 176.906524658
0.998439014 -0.008288646 0.055232272 12.346915245 0.007790140 0.999927104 0.009234794 -17.631633759 -0.055304777 -0.008790113 0.998430848 179.131088257
0.998437524 -0.010058399 0.054966807 12.571410179 0.009585935 0.999914885 0.008852370 -17.850233078 -0.055051159 -0.008311627 0.998449087 181.402450562
0.998396754 -0.010908169 0.055542581 12.772850037 0.010452807 0.999909401 0.008482357 -18.058799744 -0.055630077 -0.007888181 0.998420298 183.645339966
0.998479843 -0.011706307 0.053858995 13.008155823 0.011261058 0.999899864 0.008562962 -18.282867432 -0.053953853 -0.007943437 0.998511851 185.873611450
0.998482108 -0.013600651 0.053369705 13.217950821 0.013120379 0.999870241 0.009339076 -18.496635437 -0.053489804 -0.008624669 0.998531163 188.115661621
0.998505473 -0.014497571 0.052692886 13.433702469 0.014057978 0.999863207 0.008703620 -18.704101562 -0.052811872 -0.007949856 0.998572886 190.356033325
0.998472035 -0.015616865 0.053007223 13.635060310 0.015163949 0.999845028 0.008935920 -18.928186417 -0.053138562 -0.008118466 0.998554170 192.599060059
0.998429298 -0.016581567 0.053517293 13.824649811 0.016135685 0.999831498 0.008752998 -19.138950348 -0.053653412 -0.007875709 0.998528600 194.836212158
0.998487651 -0.016100155 0.052566245 14.070662498 0.015660252 0.999838829 0.008769766 -19.364551544 -0.052698974 -0.007933302 0.998578906 197.105941772
0.998499155 -0.014145703 0.052908622 14.276860237 0.013710422 0.999869168 0.008581038 -19.571449280 -0.053023085 -0.007842760 0.998562515 199.347763062
0.998501778 -0.012336067 0.053309035 14.480609894 0.011909186 0.999894500 0.008317959 -19.787817001 -0.053406019 -0.007670631 0.998543441 201.581192017
0.998486698 -0.012062279 0.053653371 14.696360588 0.011677927 0.999903917 0.007471385 -19.999528885 -0.053738341 -0.006833520 0.998531640 203.839889526
0.998448730 -0.012310747 0.054299369 14.897015572 0.011879414 0.999895275 0.008259235 -20.209150314 -0.054395366 -0.007601380 0.998490512 206.067657471
0.998431027 -0.014082124 0.054195918 15.133316040 0.013630317 0.999869227 0.008697214 -20.438920975 -0.054311316 -0.007944860 0.998492539 208.329864502
0.998370469 -0.013573638 0.055427115 15.341121674 0.013109152 0.999875963 0.008735119 -20.639631271 -0.055538803 -0.007994284 0.998424530 210.576034546
0.998306453 -0.014990430 0.056208041 15.570385933 0.014430651 0.999842227 0.010351718 -20.875682831 -0.056354348 -0.009523070 0.998365402 212.840866089
0.998233676 -0.013462472 0.057862468 15.804216385 0.012865364 0.999860168 0.010679601 -21.084701538 -0.057998151 -0.009916316 0.998267472 215.075057983
0.998090208 -0.012859837 0.060419317 16.038658142 0.012226096 0.999866426 0.010847036 -21.308092117 -0.060550742 -0.010087628 0.998114169 217.380767822
0.997958779 -0.013157409 0.062490441 16.267246246 0.012482073 0.999859512 0.011185168 -21.515459061 -0.062628821 -0.010382327 0.997982860 219.628540039
0.997829020 -0.014551912 0.064229637 16.502027512 0.013827336 0.999835789 0.011711110 -21.719093323 -0.064389519 -0.010797562 0.997866392 221.865051270
0.997718692 -0.016136764 0.065551400 16.735914230 0.015337766 0.999802053 0.012673914 -21.922981262 -0.065742925 -0.011639589 0.997768700 224.098114014
0.997654259 -0.018375330 0.065941229 16.989995956 0.017618153 0.999772251 0.012045844 -22.133895874 -0.066147558 -0.010855823 0.997750938 226.336227417
0.997618437 -0.019564943 0.066140845 17.229284286 0.018835595 0.999754906 0.011632910 -22.332555771 -0.066352226 -0.010359405 0.997742414 228.585601807
0.997561693 -0.019672057 0.066959970 17.467428207 0.018921262 0.999751031 0.011828491 -22.536426544 -0.067175969 -0.010532684 0.997685552 230.828857422
0.997510612 -0.020682421 0.067415379 17.717781067 0.020000013 0.999741793 0.010781785 -22.742326736 -0.067620963 -0.009406637 0.997666717 233.086883545
0.997460067 -0.021563120 0.067883916 17.959644318 0.020806016 0.999713421 0.011840330 -22.942758560 -0.068119779 -0.010397865 0.997622967 235.324935913
0.997460186 -0.020846130 0.068109445 18.226179123 0.020067995 0.999725521 0.012089176 -23.150526047 -0.068342775 -0.010691650 0.997604609 237.584732056
0.997430146 -0.020537574 0.068639353 18.466341019 0.019764801 0.999733567 0.011918817 -23.348318100 -0.068865851 -0.010531545 0.997570336 239.809936523
0.997393131 -0.020656617 0.069139190 18.709844589 0.019857196 0.999728024 0.012229938 -23.552930832 -0.069373004 -0.010825147 0.997532010 242.036483765
0.997350395 -0.020843243 0.069697596 18.955068588 0.020038197 0.999724388 0.012229986 -23.751728058 -0.069933303 -0.010800965 0.997493207 244.278335571
0.997314453 -0.021070562 0.070141241 19.202619553 0.020309286 0.999726951 0.011549006 -23.961286545 -0.070365436 -0.010093474 0.997470200 246.509323120
0.997326970 -0.020721816 0.070068307 19.461067200 0.020011928 0.999741197 0.010818270 -24.169984818 -0.070274360 -0.009387152 0.997483552 248.752609253
0.997305036 -0.020835385 0.070347555 19.712411880 0.020090938 0.999734581 0.011273598 -24.377342224 -0.070563778 -0.009829866 0.997458816 250.999221802
0.997278035 -0.022144089 0.070328616 19.967342377 0.021405825 0.999707758 0.011233798 -24.584197998 -0.070556805 -0.009697779 0.997460544 253.229553223
0.997273445 -0.022002917 0.070438534 20.226016998 0.021218970 0.999704540 0.011858573 -24.789588928 -0.070678644 -0.010331607 0.997445643 255.484222412
0.997234166 -0.022570673 0.070812650 20.464363098 0.021774460 0.999690950 0.011995866 -24.993860245 -0.071061514 -0.010420782 0.997417510 257.703338623
0.997221768 -0.023037441 0.070837788 20.728908539 0.022197254 0.999673843 0.012625244 -25.203338623 -0.071105525 -0.011017765 0.997407973 259.962829590
0.997187734 -0.022735436 0.071411125 20.983226776 0.021938805 0.999688268 0.011920256 -25.401798248 -0.071659885 -0.010320057 0.997375727 262.206878662
0.997166991 -0.022661394 0.071724862 21.243431091 0.021896744 0.999694884 0.011429350 -25.603546143 -0.071961984 -0.009826431 0.997358978 264.460052490
0.997143745 -0.021823391 0.072304934 21.501626968 0.021087000 0.999717891 0.010932324 -25.812437057 -0.072523125 -0.009376402 0.997322679 266.698913574
0.997070730 -0.021049911 0.073531926 21.756551743 0.020293945 0.999733448 0.011012937 -26.013986588 -0.073744141 -0.009488421 0.997232139 268.944580078
0.996956825 -0.020814436 0.075125225 22.009868622 0.020069249 0.999741673 0.010660740 -26.233093262 -0.075327739 -0.009120589 0.997117102 271.193389893
0.996894240 -0.021558907 0.075743504 22.287168503 0.020773144 0.999722064 0.011146674 -26.444057465 -0.075962760 -0.009538624 0.997065008 273.435211182
0.996659994 -0.022055781 0.078627735 22.525812149 0.021232998 0.999710977 0.011285054 -26.635917664 -0.078853905 -0.009577863 0.996840179 275.680664062
0.996553123 -0.021849470 0.080028310 22.800020218 0.020927578 0.999704838 0.012340404 -26.832315445 -0.080274314 -0.010623069 0.996716261 277.922027588
0.996488690 -0.021135759 0.081015445 23.082029343 0.020084674 0.999703586 0.013766917 -27.048793793 -0.081282400 -0.012091410 0.996617794 280.168792725
0.996398807 -0.021021044 0.082143247 23.362611771 0.019861136 0.999691546 0.014912299 -27.255870819 -0.082431369 -0.013227138 0.996508896 282.405883789
0.996314645 -0.019610761 0.083502121 23.636711121 0.018445067 0.999721646 0.014708797 -27.447134018 -0.083767325 -0.013114386 0.996398985 284.662750244
0.996217012 -0.018585928 0.084889531 23.904680252 0.017439488 0.999746680 0.014226845 -27.642587662 -0.085132442 -0.012692595 0.996288836 286.892639160
0.996199965 -0.018241068 0.085164979 24.193881989 0.017175945 0.999765038 0.013222647 -27.837694168 -0.085386172 -0.011709610 0.996279120 289.136993408
0.996141970 -0.018968739 0.085680895 24.468017578 0.017878259 0.999749362 0.013476730 -28.042793274 -0.085915044 -0.011892914 0.996231437 291.363525391
0.996086359 -0.019038118 0.086310528 24.733520508 0.018016797 0.999758422 0.012596735 -28.241987228 -0.086529478 -0.010992395 0.996188581 293.641479492
0.996119320 -0.019533647 0.085818172 25.020029068 0.018568799 0.999755204 0.012026938 -28.444902420 -0.086032093 -0.010386721 0.996238351 295.868682861
0.996106863 -0.019701205 0.085924178 25.301752090 0.018775042 0.999756753 0.011573703 -28.644256592 -0.086131275 -0.009915413 0.996234477 298.102020264
0.996102452 -0.019066839 0.086117767 25.582403183 0.018122613 0.999767005 0.011732913 -28.844085693 -0.086321399 -0.010126506 0.996215940 300.339263916
0.996074378 -0.018745199 0.086512513 25.850950241 0.017674770 0.999757648 0.013122614 -29.060012817 -0.086737551 -0.011542011 0.996164322 302.573425293
0.996067047 -0.019047217 0.086530387 26.137292862 0.017955817 0.999749362 0.013373772 -29.261606216 -0.086763427 -0.011767448 0.996159434 304.822113037
0.996042013 -0.018374663 0.086962797 26.424549103 0.017246133 0.999757290 0.013710771 -29.465375900 -0.087193631 -0.012156732 0.996117175 307.075805664
0.996039450 -0.019273706 0.086797707 26.710762024 0.018147266 0.999740779 0.013748234 -29.673591614 -0.087040178 -0.012118643 0.996131063 309.331695557
0.995996535 -0.020270571 0.087063000 26.995759964 0.019112423 0.999717653 0.014115569 -29.872865677 -0.087324545 -0.012395075 0.996102810 311.591094971
0.995964289 -0.020304248 0.087423362 27.280372620 0.019191707 0.999724030 0.013547741 -30.074970245 -0.087674327 -0.011815263 0.996079147 313.832489014
0.995998323 -0.019925216 0.087122634 27.576559067 0.018753976 0.999722719 0.014241568 -30.278221130 -0.087382242 -0.012550682 0.996095777 316.083129883
0.995948374 -0.018039040 0.088099159 27.857545853 0.016917448 0.999766290 0.013461215 -30.481760025 -0.088321388 -0.011916264 0.996020675 318.328094482
0.995948374 -0.016366517 0.088424824 28.139762878 0.015176514 0.999785185 0.014113395 -30.683292389 -0.088636801 -0.012714231 0.995982885 320.576354980
0.995886862 -0.015524421 0.089265861 28.420047760 0.014345326 0.999801338 0.013835227 -30.886943817 -0.089462921 -0.012497774 0.995911658 322.806274414
0.995838761 -0.014745372 0.089931846 28.700437546 0.013502316 0.999804914 0.014415018 -31.083831787 -0.090126857 -0.013140744 0.995843589 325.045379639
0.995833993 -0.014342419 0.090049870 28.995107651 0.012970716 0.999791026 0.015799494 -31.292430878 -0.090257630 -0.014565662 0.995811939 327.273712158
0.995795250 -0.015085130 0.090354756 29.276952744 0.013717133 0.999781966 0.015742186 -31.495458603 -0.090572521 -0.014436589 0.995785236 329.521728516
0.995809555 -0.016448388 0.089959748 29.578437805 0.015171248 0.999774456 0.014862216 -31.689872742 -0.090183906 -0.013435137 0.995834529 331.758422852
0.995800376 -0.016046355 0.090133756 29.864768982 0.014790513 0.999784172 0.014583830 -31.888553619 -0.090348333 -0.013189459 0.995822847 333.978851318
0.995785117 -0.016500540 0.090219997 30.153455734 0.015111076 0.999756813 0.016062299 -32.086181641 -0.090463087 -0.014631279 0.995792329 336.206024170
0.995828748 -0.017017264 0.089640595 30.457427979 0.015656158 0.999751568 0.015865399 -32.278968811 -0.089888304 -0.014395793 0.995847821 338.442535400
0.995833516 -0.016796907 0.089629509 30.741334915 0.015397663 0.999748826 0.016280137 -32.481235504 -0.089880459 -0.014832221 0.995842099 340.683288574
0.995886564 -0.016934035 0.089011334 31.040214539 0.015572850 0.999751270 0.015964586 -32.679527283 -0.089259528 -0.014512759 0.995902658 342.927429199
0.995903194 -0.017046547 0.088804260 31.329193115 0.015646795 0.999742508 0.016434627 -32.874000549 -0.089061543 -0.014977797 0.995913446 345.168060303
0.995941579 -0.016836898 0.088413119 31.617904663 0.015441600 0.999745429 0.016441943 -33.065811157 -0.088667467 -0.015009973 0.995948136 347.406280518
0.995995343 -0.016713444 0.087828107 31.906055450 0.015318493 0.999745905 0.016532857 -33.261791229 -0.088082112 -0.015121255 0.995998442 349.650909424
0.996000171 -0.016219040 0.087866887 32.187225342 0.014781200 0.999746382 0.016989894 -33.459087372 -0.088120162 -0.015623157 0.995987356 351.891174316
0.996038198 -0.016653754 0.087352477 32.471446991 0.015191051 0.999733508 0.017382979 -33.649906158 -0.087618671 -0.015987137 0.996025801 354.120727539
0.996064246 -0.016309300 0.087120660 32.752067566 0.014898587 0.999747574 0.016818419 -33.843566895 -0.087372936 -0.015454253 0.996055722 356.357849121
0.996114075 -0.016369458 0.086537808 33.038368225 0.014927312 0.999739170 0.017285902 -34.036048889 -0.086798191 -0.015926950 0.996098578 358.590911865
0.996173918 -0.015927481 0.085930303 33.328453064 0.014414692 0.999730468 0.018196749 -34.232646942 -0.086196989 -0.016888466 0.996134877 360.837066650
0.996223927 -0.015962576 0.085340783 33.617492676 0.014472216 0.999732256 0.018053913 -34.426284790 -0.085606135 -0.016750671 0.996188223 363.086425781
0.996268153 -0.015877709 0.084838949 33.904109955 0.014352557 0.999724805 0.018556803 -34.618431091 -0.085110255 -0.017269896 0.996221840 365.328308105
0.996319413 -0.015893217 0.084230959 34.188652039 0.014427229 0.999734163 0.017984577 -34.812278748 -0.084494390 -0.016703166 0.996283889 367.581298828
0.996325076 -0.016660767 0.084016204 34.463871002 0.015212028 0.999724805 0.017854398 -35.006076813 -0.084290542 -0.016510727 0.996304393 369.834930420
0.996322513 -0.016581096 0.084062584 34.739402771 0.015212187 0.999741435 0.016898895 -35.193191528 -0.084321059 -0.015557971 0.996317208 372.101135254
0.996389627 -0.016623454 0.083253182 35.020069122 0.015269969 0.999741077 0.016867951 -35.388687134 -0.083512045 -0.015535777 0.996385574 374.336608887
0.996479750 -0.016530050 0.082188055 35.308017731 0.015145399 0.999733150 0.017442407 -35.579463959 -0.082454443 -0.016136233 0.996464193 376.581054688
0.996396780 -0.016324466 0.083227739 35.570823669 0.014896465 0.999731481 0.017749978 -35.769184113 -0.083495148 -0.016446220 0.996372402 378.832122803
0.996387362 -0.016966702 0.083211899 35.848136902 0.015516615 0.999716818 0.018042320 -35.966167450 -0.083494455 -0.016685976 0.996368468 381.078552246
0.996407986 -0.016834129 0.082992576 36.131290436 0.015396765 0.999720693 0.017928880 -36.150341034 -0.083271213 -0.016586665 0.996388853 383.336212158
0.996429265 -0.015950734 0.082911670 36.414844513 0.014495726 0.999730647 0.018121390 -36.344585419 -0.083178394 -0.016854815 0.996392131 385.592529297
0.996420801 -0.014882917 0.083211072 36.688697815 0.013417330 0.999745369 0.018144481 -36.529899597 -0.083459936 -0.016963068 0.996366739 387.848266602
0.996448040 -0.013719046 0.083086543 36.975131989 0.012255379 0.999761045 0.018100675 -36.728004456 -0.083315007 -0.017018123 0.996377945 390.120361328
0.996434867 -0.012180759 0.083481729 37.251022339 0.010701106 0.999778032 0.018148879 -36.924880981 -0.083684266 -0.017190833 0.996344030 392.404144287
0.996475399 -0.011041127 0.083155409 37.536388397 0.009456626 0.999766707 0.019424519 -37.116508484 -0.083350487 -0.018569687 0.996347249 394.668243408
0.996423542 -0.009698645 0.083940238 37.806232452 0.008056522 0.999769926 0.019879669 -37.309005737 -0.084113702 -0.019132301 0.996272445 396.928405762
0.996374071 -0.009414310 0.084558435 38.084678650 0.007885914 0.999799788 0.018390883 -37.507484436 -0.084714629 -0.017657379 0.996248722 399.195648193
0.996296704 -0.008971205 0.085512638 38.362380981 0.007469552 0.999812543 0.017864423 -37.701313019 -0.085656874 -0.017159523 0.996176898 401.467193604
0.996233582 -0.010649971 0.086053468 38.630149841 0.009063482 0.999782026 0.018805815 -37.889213562 -0.086234987 -0.017955044 0.996112943 403.721801758
0.996166706 -0.012147628 0.086627424 38.913188934 0.010448543 0.999744594 0.020040251 -38.082496643 -0.086848736 -0.019058300 0.996039152 405.973663330
0.996162951 -0.013070933 0.086536318 39.197586060 0.011400132 0.999739468 0.019773636 -38.268421173 -0.086772233 -0.018711243 0.996052444 408.230651855
0.996219337 -0.012953027 0.085901923 39.508335114 0.011408928 0.999764800 0.018441793 -38.456733704 -0.086120591 -0.017392021 0.996132910 410.503295898
0.996069074 -0.011188357 0.087870486 39.788974762 0.009532249 0.999769390 0.019244188 -38.660095215 -0.088065557 -0.018330935 0.995945930 412.762542725
0.996006310 -0.009789058 0.088744171 40.068176270 0.008136719 0.999787092 0.018961823 -38.850128174 -0.088910893 -0.018164009 0.995873928 415.004913330
0.995914400 -0.008528830 0.089898705 40.358623505 0.006839389 0.999794483 0.019084044 -39.039749146 -0.090042986 -0.018391224 0.995768011 417.279876709
0.995863676 -0.008679408 0.090443857 40.655906677 0.007007479 0.999798954 0.018786993 -39.230865479 -0.090588726 -0.018075498 0.995724320 419.535247803
0.995762348 -0.008545500 0.091565587 40.942752838 0.006857120 0.999800920 0.018737795 -39.418399811 -0.091707483 -0.018030513 0.995622694 421.792388916
0.995677710 -0.008683546 0.092470489 41.229064941 0.007001216 0.999804258 0.018502058 -39.612010956 -0.092613064 -0.017774677 0.995543540 424.048583984
0.995615959 -0.009136985 0.093088321 41.526981354 0.007333847 0.999779165 0.019693928 -39.805633545 -0.093247704 -0.018924888 0.995463014 426.324493408
0.995563567 -0.008208276 0.093732476 41.821704865 0.006334326 0.999774396 0.020272588 -39.993301392 -0.093877733 -0.019588919 0.995390952 428.583099365
0.995485961 -0.007337451 0.094624512 42.123287201 0.005386885 0.999768019 0.020852733 -40.179649353 -0.094755575 -0.020248875 0.995294631 430.858825684
0.995497167 -0.007780238 0.094471365 42.430431366 0.005821501 0.999762714 0.020991582 -40.372074127 -0.094612256 -0.020347094 0.995306253 433.141479492
0.995443881 -0.008654075 0.094956733 42.737049103 0.006738079 0.999767542 0.020479672 -40.569381714 -0.095111907 -0.019746540 0.995270729 435.409362793
0.995438933 -0.007765620 0.095084429 43.044692993 0.005834920 0.999771476 0.020566339 -40.745243073 -0.095222406 -0.019917719 0.995256722 437.673034668
0.995410323 -0.008554637 0.095314652 43.352256775 0.006579053 0.999757349 0.021021971 -40.937622070 -0.095471352 -0.020298405 0.995225310 439.957489014
0.995459378 -0.008660711 0.094792053 43.666843414 0.006680540 0.999753237 0.021187080 -41.123538971 -0.094952166 -0.020457616 0.995271623 442.233764648
0.995424449 -0.007838373 0.095231205 43.973205566 0.005748097 0.999736965 0.022204023 -41.323028564 -0.095380202 -0.021555027 0.995207429 444.506500244
0.995374203 -0.008173883 0.095726930 44.280574799 0.006062698 0.999732316 0.022324374 -41.505779266 -0.095883802 -0.021640740 0.995157242 446.780303955
0.995352447 -0.007973825 0.095968217 44.581047058 0.005906116 0.999744654 0.021810573 -41.692070007 -0.096117608 -0.021142408 0.995145440 449.039428711
0.995345831 -0.007296521 0.096091032 44.887504578 0.005254269 0.999755263 0.021489223 -41.880367279 -0.096224293 -0.020884318 0.995140672 451.300537109
0.995307505 -0.006787091 0.096525468 45.193157196 0.004749846 0.999761403 0.021319928 -42.075492859 -0.096647151 -0.020761400 0.995102167 453.566864014
0.995217800 -0.006146393 0.097487152 45.494544983 0.004080864 0.999763250 0.021372965 -42.255493164 -0.097595446 -0.020872926 0.995007217 455.846557617
0.995184898 -0.006530406 0.097798951 45.796321869 0.004476128 0.999765038 0.021209817 -42.451343536 -0.097914480 -0.020669926 0.994980156 458.116394043
0.995207906 -0.005766155 0.097611286 46.115013123 0.003769251 0.999780059 0.020629771 -42.641426086 -0.097708777 -0.020162990 0.995010793 460.401519775
0.995184839 -0.004768534 0.097899862 46.425170898 0.002694007 0.999769270 0.021311559 -42.832599640 -0.097978897 -0.020945193 0.994968057 462.686828613
0.995188713 -0.004120141 0.097889096 46.736534119 0.001918580 0.999743342 0.022573853 -43.018234253 -0.097956963 -0.022277435 0.994941235 464.967071533
0.995252013 -0.004291726 0.097236097 47.041114807 0.002067749 0.999734223 0.022961164 -43.200801849 -0.097308792 -0.022651087 0.994996428 467.230560303
0.995324135 -0.004182495 0.096501917 47.352802277 0.002083731 0.999759316 0.021838943 -43.385841370 -0.096570045 -0.021535739 0.995093107 469.508666992
0.995400548 -0.004413227 0.095697515 47.671421051 0.002365779 0.999766111 0.021497898 -43.575908661 -0.095770016 -0.021172620 0.995178223 471.802825928
0.995482326 -0.004959495 0.094816953 47.978839874 0.002846873 0.999744952 0.022403354 -43.766105652 -0.094903886 -0.022032209 0.995242596 474.085998535
0.995440364 -0.005282333 0.095239207 48.266975403 0.003146932 0.999740541 0.022557713 -43.953533173 -0.095333681 -0.022155145 0.995198786 476.362609863
0.995542407 -0.004970818 0.094183810 48.575340271 0.002898718 0.999751031 0.022124648 -44.128150940 -0.094270341 -0.021753017 0.995308936 478.665832520
0.995574892 -0.004854963 0.093845315 48.880683899 0.002739476 0.999739528 0.022657985 -44.312408447 -0.093930848 -0.022300635 0.995328903 480.949005127
0.995610774 -0.005454746 0.093431607 49.187038422 0.003288704 0.999722600 0.023321483 -44.499652863 -0.093532920 -0.022911847 0.995352507 483.221282959
0.995637476 -0.005734123 0.093128987 49.485912323 0.003643865 0.999737918 0.022599317 -44.681781769 -0.093234167 -0.022161374 0.995397568 485.498291016
0.995701730 -0.006158008 0.092413843 49.788417816 0.004024728 0.999721527 0.023252629 -44.875129700 -0.092531301 -0.022780739 0.995449185 487.783203125
0.995767593 -0.006422065 0.091682114 50.087810516 0.004320433 0.999723732 0.023103131 -45.049934387 -0.091805160 -0.022609243 0.995520294 490.043823242
0.995782077 -0.005896169 0.091559358 50.384895325 0.003738701 0.999711692 0.023717251 -45.230937958 -0.091672793 -0.023274904 0.995517075 492.345886230
0.995842397 -0.004984526 0.090956368 50.689434052 0.002815446 0.999708951 0.023960216 -45.409423828 -0.091049321 -0.023604520 0.995566607 494.632537842
0.995830178 -0.004848531 0.091097713 50.972785950 0.002707453 0.999717534 0.023611974 -45.592781067 -0.091186479 -0.023266882 0.995562017 496.932983398
0.995852411 -0.004765933 0.090858318 51.280101776 0.002658946 0.999724984 0.023296779 -45.786094666 -0.090944365 -0.022958569 0.995591283 499.249908447
0.995890081 -0.004679236 0.090450644 51.574890137 0.002514224 0.999707878 0.024034986 -45.968860626 -0.090536684 -0.023708787 0.995610893 501.546173096
0.995892584 -0.004337949 0.090438284 51.863861084 0.002133197 0.999698460 0.024460938 -46.156105042 -0.090517133 -0.024167545 0.995601535 503.821594238
0.995919049 -0.003150597 0.090195879 52.159008026 0.001025041 0.999720812 0.023602614 -46.337657928 -0.090245053 -0.023413841 0.995644331 506.109191895
0.995909512 -0.002739232 0.090314515 52.445018768 0.000532617 0.999701083 0.024447611 -46.525661469 -0.090354472 -0.024299512 0.995613158 508.396942139
0.995913327 -0.002989061 0.090264507 52.737003326 0.000861642 0.999721169 0.023598503 -46.709892273 -0.090309858 -0.023424288 0.995638192 510.687072754
0.995935857 -0.003517942 0.089996591 53.040740967 0.001318408 0.999699235 0.024487974 -46.899200439 -0.090055674 -0.024269804 0.995640993 512.990783691
0.995961726 -0.003129491 0.089724250 53.341201782 0.000926258 0.999697268 0.024586732 -47.079429626 -0.089774035 -0.024404339 0.995663106 515.302368164
0.995966494 -0.002373943 0.089694500 53.634452820 0.000192998 0.999704242 0.024316117 -47.261653900 -0.089725718 -0.024200726 0.995672464 517.613403320
0.995944440 -0.001551037 0.089956753 53.922039032 -0.000622333 0.999708712 0.024127085 -47.447341919 -0.089967981 -0.024085220 0.995653391 519.913269043
0.995910406 0.000597822 0.090344414 54.220375061 -0.002818286 0.999697030 0.024452195 -47.635864258 -0.090302423 -0.024606813 0.995610356 522.261718750
0.995822966 0.002703383 0.091266431 54.516941071 -0.004973464 0.999683619 0.024654850 -47.819068909 -0.091170914 -0.025005775 0.995521247 524.602722168
0.995779872 0.003465232 0.091708355 54.817050934 -0.005850717 0.999651134 0.025755592 -47.992919922 -0.091587111 -0.026183458 0.995452762 526.919921875
0.995719194 0.002982574 0.092381135 55.113929749 -0.005365924 0.999658823 0.025561474 -48.173397064 -0.092273377 -0.025947759 0.995395660 529.240539551
0.995706916 0.001043242 0.092556491 55.419719696 -0.003545163 0.999632597 0.026870998 -48.351310730 -0.092494443 -0.027083760 0.995344698 531.558349609
0.995666206 -0.000626218 0.092996851 55.731590271 -0.001862700 0.999642432 0.026674263 -48.530998230 -0.092980310 -0.026731884 0.995309174 533.872680664
0.995620549 -0.000498446 0.093484841 56.032268524 -0.001940051 0.999660194 0.025991712 -48.706428528 -0.093466029 -0.026059248 0.995281398 536.184936523
0.995535374 -0.000731371 0.094386190 56.333404541 -0.001709897 0.999666154 0.025781203 -48.887611389 -0.094373532 -0.025827494 0.995201766 538.495910645
0.995475054 -0.000426400 0.095022358 56.635509491 -0.001985376 0.999678314 0.025285158 -49.072700500 -0.095002569 -0.025359398 0.995153904 540.799987793
0.995390117 0.000277521 0.095908262 56.938037872 -0.002689093 0.999683440 0.025016222 -49.255577087 -0.095870957 -0.025158811 0.995075762 543.117553711
0.995309114 0.000671104 0.096744724 57.251823425 -0.003004001 0.999708235 0.023970308 -49.436122894 -0.096700400 -0.024148485 0.995020509 545.441955566
0.995171547 0.001079509 0.098144941 57.539722443 -0.003491021 0.999696136 0.024402529 -49.618865967 -0.098088786 -0.024627330 0.994872928 547.747619629
0.995103300 0.000856083 0.098837934 57.850337982 -0.003377893 0.999672890 0.025350077 -49.804992676 -0.098783918 -0.025559800 0.994780600 550.066345215
0.995039821 0.000653067 0.099474393 58.157218933 -0.003219975 0.999665916 0.025646351 -49.987434387 -0.099424407 -0.025839444 0.994709551 552.364013672
0.995052099 -0.000776954 0.099351332 58.479557037 -0.001688950 0.999692678 0.024733536 -50.168918610 -0.099340007 -0.024778951 0.994744897 554.674621582
0.995068848 -0.001030056 0.099181242 58.803230286 -0.001487551 0.999678552 0.025306599 -50.354492188 -0.099175453 -0.025329348 0.994747519 556.992248535
0.995006919 -0.000869241 0.099802233 59.117149353 -0.001715534 0.999665499 0.025810225 -50.536590576 -0.099791273 -0.025852570 0.994672477 559.302551270
0.994988501 -0.000343277 0.099989071 59.442577362 -0.002339361 0.999640465 0.026710825 -50.716579437 -0.099962294 -0.026810877 0.994629920 561.641357422
0.995010555 -0.000404926 0.099768654 59.773559570 -0.002351812 0.999618709 0.027512155 -50.897521973 -0.099741742 -0.027609518 0.994630337 563.972045898
0.994979560 0.000063528 0.100078620 60.096961975 -0.002891344 0.999600649 0.028111158 -51.073402405 -0.100036852 -0.028259389 0.994582295 566.292297363
0.994926274 0.001050671 0.100600950 60.424480438 -0.003849941 0.999610662 0.027635384 -51.256420135 -0.100532763 -0.027882475 0.994542956 568.621032715
0.994953215 0.001828524 0.100323372 60.762973785 -0.004452770 0.999653518 0.025940187 -51.428398132 -0.100241169 -0.026255988 0.994616687 570.947692871
0.994951189 0.002135666 0.100336887 61.103057861 -0.004789226 0.999644876 0.026213078 -51.611663818 -0.100245275 -0.026561268 0.994608223 573.269897461
0.994946003 0.001993199 0.100392930 61.431457520 -0.004760274 0.999615073 0.027330440 -51.798843384 -0.100299843 -0.027670203 0.994572341 575.653137207
0.994949698 0.001989096 0.100355767 61.763732910 -0.004889810 0.999577105 0.028666627 -51.982654572 -0.100256294 -0.029012568 0.994538546 577.968261719
0.994847357 0.002611848 0.101350591 62.076251984 -0.005395997 0.999615312 0.027206050 -52.167320251 -0.101240523 -0.027612749 0.994478703 580.361083984
0.994894564 0.002015837 0.100899965 62.408386230 -0.004752651 0.999627113 0.026891004 -52.339893341 -0.100808129 -0.027233254 0.994533122 582.700439453
0.994859874 0.001090025 0.101255305 62.736507416 -0.003989613 0.999587595 0.028438315 -52.527732849 -0.101182565 -0.028696109 0.994453907 585.027465820
0.994925976 0.001385897 0.100600354 63.067348480 -0.004298537 0.999577641 0.028741594 -52.703834534 -0.100518033 -0.029028194 0.994511664 587.344787598
0.994887888 -0.001178033 0.100978449 63.403335571 -0.001585439 0.999626458 0.027282327 -52.886962891 -0.100972883 -0.027302952 0.994514406 589.715270996
0.994932652 -0.001384070 0.100534134 63.741115570 -0.001349446 0.999631345 0.027116843 -53.059646606 -0.100534603 -0.027115094 0.994563997 592.064392090
0.994946361 -0.003014994 0.100362748 64.067359924 0.000265491 0.999624550 0.027397739 -53.237533569 -0.100407675 -0.027232634 0.994573593 594.400146484
0.994954169 -0.003501021 0.100269541 64.399894714 0.000723153 0.999615252 0.027726965 -53.419017792 -0.100328043 -0.027514551 0.994573832 596.756469727
