1.000000000 0.000000000 0.000000000 0.000000000 0.000000000 1.000000000 0.000000000 0.000000000 0.000000000 0.000000000 1.000000000 0.000000000
0.999999881 0.000111226 0.000507920 0.088687018 -0.000111151 1.000000000 -0.000146641 -0.226627931 -0.000507936 0.000146584 0.999999881 2.295736551
0.999999106 0.000495479 0.001256327 0.165992603 -0.000496098 0.999999762 0.000492480 -0.466508299 -0.001256083 -0.000493103 0.999999106 4.583981514
0.999998391 -0.000005284 0.001748552 0.265027493 0.000004528 0.999999881 0.000432320 -0.695108294 -0.001748554 -0.000432311 0.999998391 6.870206356
0.999996364 -0.000228152 0.002694925 0.358219117 0.000231470 0.999999166 -0.001230824 -0.928989053 -0.002694641 0.001231443 0.999995530 9.161790848
0.999987185 0.001564115 0.004818379 0.449298441 -0.001564768 0.999998748 0.000131826 -1.165066957 -0.004818168 -0.000139364 0.999988377 11.467036247
0.999967813 0.003511862 0.007206069 0.549065888 -0.003522106 0.999992788 0.001409559 -1.397892952 -0.007201068 -0.001434894 0.999972999 13.750124931
0.999949753 0.003382668 0.009438591 0.658156037 -0.003419642 0.999986529 0.003903887 -1.625957251 -0.009425258 -0.003935968 0.999947846 16.020925522
0.999942362 0.003593922 0.010109263 0.755243897 -0.003649671 0.999978304 0.005501702 -1.857136965 -0.010089268 -0.005538282 0.999933720 18.309799194
0.999921739 0.002700110 0.012217322 0.858206749 -0.002769427 0.999980152 0.005660415 -2.080675602 -0.012201797 -0.005693808 0.999909341 20.603885651
0.999927521 0.000272964 0.012035969 0.986250877 -0.000308839 0.999995530 0.002978942 -2.302714348 -0.012035104 -0.002982443 0.999923110 22.911706924
0.999919891 -0.001865149 0.012520047 1.097897887 0.001849774 0.999997497 0.001239454 -2.525345564 -0.012522329 -0.001216195 0.999920785 25.193622589
0.999911606 -0.002294155 0.013090131 1.221494317 0.002285076 0.999997139 0.000708525 -2.772528410 -0.013091719 -0.000678551 0.999913990 27.498849869
0.999888122 -0.001951959 0.014826796 1.318196535 0.001959157 0.999997973 -0.000470929 -2.995542049 -0.014825844 0.000499924 0.999889970 29.784778595
0.999885976 0.000129891 0.015097796 1.445498824 -0.000168452 0.999996841 0.002552809 -3.227975845 -0.015097415 -0.002555061 0.999882698 32.050300598
0.999889374 0.002022870 0.014740631 1.580446005 -0.002093811 0.999986351 0.004798817 -3.447687387 -0.014730724 -0.004829150 0.999879837 34.330257416
0.999850571 0.004032682 0.016810071 1.692400694 -0.004169685 0.999958336 0.008122947 -3.671834230 -0.016776614 -0.008191827 0.999825716 36.655277252
0.999838412 0.005953724 0.016965922 1.818117619 -0.006081313 0.999953508 0.007478614 -3.888339281 -0.016920609 -0.007580582 0.999828160 38.925838470
0.999794006 0.004782632 0.019723676 1.915106416 -0.004908283 0.999968052 0.006327096 -4.097888470 -0.019692786 -0.006422602 0.999785423 41.238327026
0.999803782 0.002301592 0.019673429 2.045392513 -0.002405145 0.999983370 0.005241537 -4.322288036 -0.019661037 -0.005287825 0.999792695 43.515789032
0.999807954 0.001799074 0.019515695 2.181013346 -0.001879273 0.999989867 0.004091818 -4.546786785 -0.019508136 -0.004127707 0.999801159 45.764244080
0.999806166 0.001249484 0.019655513 2.306463718 -0.001310625 0.999994338 0.003098014 -4.775551319 -0.019651532 -0.003123174 0.999801993 48.032489777
0.999803960 0.000194865 0.019798025 2.442735195 -0.000263629 0.999993920 0.003470707 -5.003053188 -0.019797234 -0.003475246 0.999798000 50.309654236
0.999780595 -0.000642113 0.020936880 2.571056128 0.000566509 0.999993324 0.003616780 -5.225427628 -0.020939065 -0.003604125 0.999774277 52.575622559
0.999777496 -0.001975688 0.020998588 2.714069843 0.001901092 0.999991834 0.003571790 -5.454789162 -0.021005470 -0.003531076 0.999773145 54.863143921
0.999745429 -0.002179206 0.022457547 2.841023445 0.002090830 0.999989986 0.003957979 -5.686387062 -0.022465952 -0.003910017 0.999739945 57.142448425
0.999726355 -0.003612459 0.023110719 2.980765820 0.003505490 0.999982953 0.004667383 -5.911582470 -0.023127183 -0.004585092 0.999722004 59.408691406
0.999678671 -0.004979409 0.024854375 3.108232021 0.004880788 0.999979973 0.004027037 -6.134632587 -0.024873933 -0.003904435 0.999682963 61.676410675
0.999665499 -0.005754308 0.025214739 3.263484478 0.005652622 0.999975622 0.004102260 -6.360987663 -0.025237726 -0.003958358 0.999673784 63.928508759
0.999629796 -0.005168059 0.026711637 3.404093266 0.005052186 0.999977469 0.004403611 -6.580225945 -0.026733795 -0.004267028 0.999633491 66.197792053
0.999605715 -0.004222513 0.027758487 3.554290295 0.004096174 0.999980927 0.004606630 -6.805552959 -0.027777407 -0.004491109 0.999604166 68.455848694
0.999563396 -0.004420976 0.029213320 3.695240974 0.004292487 0.999980807 0.004459507 -7.032025814 -0.029232480 -0.004332162 0.999563277 70.710159302
0.999548376 -0.005188080 0.029600164 3.859932423 0.005099008 0.999982178 0.003083862 -7.254438877 -0.029615635 -0.002931538 0.999557078 72.961280823
0.999537826 -0.006269428 0.029746136 4.026052952 0.006173589 0.999975443 0.003312681 -7.479758263 -0.029766172 -0.003127509 0.999551952 75.240005493
0.999493003 -0.007388383 0.030970430 4.189265728 0.007306593 0.999969482 0.002753213 -7.711501122 -0.030989822 -0.002525530 0.999516547 77.504638672
0.999473751 -0.008478354 0.031308800 4.342790604 0.008402466 0.999961376 0.002554545 -7.940026760 -0.031329248 -0.002290129 0.999506474 79.745887756
0.999442816 -0.008931070 0.032162745 4.494241238 0.008856782 0.999957800 0.002451497 -8.161116600 -0.032183278 -0.002165273 0.999479592 82.001747131
0.999430537 -0.008348517 0.032694522 4.670153141 0.008274958 0.999962926 0.002384568 -8.398926735 -0.032713220 -0.002112665 0.999462545 84.291824341
0.999376237 -0.008097456 0.034373712 4.829029083 0.008009492 0.999964237 0.002695946 -8.616876602 -0.034394316 -0.002418948 0.999405384 86.543945312
0.999372542 -0.007732050 0.034564395 4.999928951 0.007587982 0.999962091 0.004297330 -8.858961105 -0.034596302 -0.004032360 0.999393165 88.829238892
0.999339581 -0.006818666 0.035692472 5.161764622 0.006647044 0.999965787 0.004924820 -9.087482452 -0.035724826 -0.004684318 0.999350607 91.087036133
0.999317288 -0.006717717 0.036326658 5.333477020 0.006546585 0.999966860 0.004827833 -9.309686661 -0.036357891 -0.004586722 0.999328315 93.336860657
0.999297082 -0.006948574 0.036836557 5.506175041 0.006803639 0.999968648 0.004058462 -9.526117325 -0.036863599 -0.003804987 0.999313056 95.590744019
0.999275863 -0.007491842 0.037302267 5.677740574 0.007332688 0.999963403 0.004401588 -9.749094009 -0.037333868 -0.004124875 0.999294341 97.844436646
0.999233603 -0.007074323 0.038496919 5.840229034 0.006918081 0.999967277 0.004190257 -9.983367920 -0.038525298 -0.003920721 0.999249935 100.078231812
0.999154806 -0.007062279 0.040493175 5.994890690 0.006863669 0.999963701 0.005041680 -10.198277473 -0.040527318 -0.004759488 0.999167144 102.300819397
0.999151587 -0.007463073 0.040504776 6.198038578 0.007257910 0.999960065 0.005209857 -10.425728798 -0.040542044 -0.004911456 0.999165773 104.556472778
0.999117672 -0.008061067 0.041216683 6.379297733 0.007820487 0.999951422 0.005994855 -10.642696381 -0.041263007 -0.005667232 0.999132216 106.786018372
0.999066353 -0.009516366 0.042141397 6.564999104 0.009257447 0.999936998 0.006334911 -10.859847069 -0.042199027 -0.005938875 0.999091506 109.029838562
0.999029994 -0.010556846 0.042750213 6.751799107 0.010255705 0.999921083 0.007257427 -11.083343506 -0.042823464 -0.006811953 0.999059439 111.273979187
0.999017656 -0.011373721 0.042827427 6.948721886 0.011130780 0.999920607 0.005906743 -11.300168991 -0.042891204 -0.005424239 0.999065042 113.518608093
0.998979509 -0.011946974 0.043556437 7.135828018 0.011738351 0.999918401 0.005042368 -11.517621994 -0.043613125 -0.004525942 0.999038219 115.764610291
0.998941898 -0.012172809 0.044349611 7.320461273 0.011947141 0.999914348 0.005349940 -11.741592407 -0.044410937 -0.004814427 0.999001741 117.996879578
0.998894691 -0.012418103 0.045333359 7.513543129 0.012148196 0.999906838 0.006224494 -11.960636139 -0.045406435 -0.005666896 0.998952508 120.231666565
0.998879552 -0.013136791 0.045466799 7.720605373 0.012842132 0.999894679 0.006766872 -12.183813095 -0.045550913 -0.006175400 0.998942852 122.435096741
0.998827636 -0.013910005 0.046367131 7.915492535 0.013619298 0.999885559 0.006579730 -12.405173302 -0.046453346 -0.005940528 0.998902798 124.711441040
0.998796940 -0.014309339 0.046902567 8.103864670 0.014051412 0.999884307 0.005824299 -12.627564430 -0.046980474 -0.005158246 0.998882413 126.985198975
0.998785019 -0.015982281 0.046615839 8.298843384 0.015712528 0.999857664 0.006147472 -12.842077255 -0.046707451 -0.005407549 0.998893976 129.250244141
0.998815835 -0.017221685 0.045498800 8.495222092 0.016942304 0.999835134 0.006519057 -13.060389519 -0.045603584 -0.005740483 0.998943150 131.504638672
0.998869598 -0.017675545 0.044127628 8.693009377 0.017374787 0.999823153 0.007189942 -13.270550728 -0.044246919 -0.006415105 0.998999953 133.745742798
0.998925984 -0.018479120 0.042488385 8.881216049 0.018184640 0.999807894 0.007306979 -13.494093895 -0.042615242 -0.006526494 0.999070346 135.991683960
0.999005139 -0.019304160 0.040200450 9.094457626 0.019054150 0.999796748 0.006592972 -13.702927589 -0.040319547 -0.005820428 0.999169827 138.216384888
0.998990953 -0.020037694 0.040193502 9.267219543 0.019768424 0.999779463 0.007085477 -13.932867050 -0.040326618 -0.006283766 0.999166787 140.511535645
0.998971760 -0.020311151 0.040532526 9.437522888 0.020031167 0.999772727 0.007301839 -14.141155243 -0.040671624 -0.006482417 0.999151528 142.741165161
0.999020875 -0.020037644 0.039443649 9.632613182 0.019708725 0.999767840 0.008710224 -14.366861343 -0.039609022 -0.007924310 0.999183834 144.992401123
0.999029338 -0.019249739 0.039623398 9.807988167 0.018963989 0.999791443 0.007575002 -14.579622269 -0.039760958 -0.006816231 0.999186099 147.237091064
0.999051154 -0.018168928 0.039580967 9.991674423 0.017940121 0.999820411 0.006128363 -14.795844078 -0.039685205 -0.005412463 0.999197543 149.476211548
0.999068081 -0.016680192 0.039809491 10.171473503 0.016482551 0.999850094 0.005287833 -15.015635490 -0.039891727 -0.004626742 0.999193311 151.719284058
0.999077618 -0.015856478 0.039905738 10.358975410 0.015657596 0.999863327 0.005291468 -15.228643417 -0.039984196 -0.004661760 0.999189436 153.944488525
0.999068439 -0.015241540 0.040372811 10.544637680 0.015027435 0.999871373 0.005601346 -15.444314957 -0.040452991 -0.004989428 0.999168992 156.192428589
0.999068201 -0.013771560 0.040903609 10.711827278 0.013486532 0.999882877 0.007236099 -15.663728714 -0.040998474 -0.006677709 0.999136806 158.408279419
0.999014735 -0.012956542 0.042446930 10.891740799 0.012615701 0.999886036 0.008287896 -15.880067825 -0.042549472 -0.007744233 0.999064326 160.644638062
0.998989582 -0.011815961 0.043360211 11.061178207 0.011398700 0.999886394 0.009857832 -16.092237473 -0.043471761 -0.009353621 0.999010861 162.917236328
0.998959243 -0.011737032 0.044076420 11.248360634 0.011372034 0.999898970 0.008522631 -16.288654327 -0.044172000 -0.008012520 0.998991787 165.167068481
0.998921812 -0.011061290 0.045085341 11.442041397 0.010742722 0.999915659 0.007302055 -16.501434326 -0.045162313 -0.006809843 0.998956442 167.398971558
0.998848498 -0.009323304 0.047061309 11.628291130 0.008970443 0.999930143 0.007703548 -16.716213226 -0.047129847 -0.007272516 0.998862267 169.633605957
0.998715699 -0.008875976 0.049881265 11.806213379 0.008487822 0.999932051 0.007988026 -16.942123413 -0.049948778 -0.007554384 0.998723209 171.880828857
0.998601675 -0.009121969 0.052071806 12.010618210 0.008730670 0.999931872 0.007737204 -17.154186249 -0.052138846 -0.007271761 0.998613358 174.135467529
0.998508930 -0.008940196 0.053850029 12.213817596 0.008496996 0.999928176 0.008453605 -17.372798920 -0.053921733 -0.007983440 0.998513222 176.376144409
0.998449981 -0.009361313 0.054863207 12.419050217 0.008856387 0.999916196 0.009439267 -17.583135605 -0.054946970 -0.008938747 0.998449206 178.597961426
0.998453259 -0.010998430 0.054497730 12.628421783 0.010514374 0.999902725 0.009160904 -17.800075531 -0.054593172 -0.008573725 0.998471856 180.827545166
0.998408496 -0.011907393 0.055124104 12.828449249 0.011442602 0.999896288 0.008739701 -18.008834839 -0.055222455 -0.008095030 0.998441219 183.074096680
0.998476386 -0.012874214 0.053656895 13.053459167 0.012404824 0.999881923 0.009071909 -18.232694626 -0.053767357 -0.008392482 0.998518229 185.308151245
0.998481691 -0.014732736 0.053077288 13.263856888 0.014240352 0.999852061 0.009643026 -18.441377640 -0.053211503 -0.008872542 0.998543978 187.553619385
0.998504281 -0.015560501 0.052412838 13.476658821 0.015099844 0.999843895 0.009173552 -18.649688721 -0.052547399 -0.008368406 0.998583376 189.799484253
0.998468816 -0.017161982 0.052586768 13.680835724 0.016704364 0.999818921 0.009129364 -18.873966217 -0.052733913 -0.008236959 0.998574615 192.023330688
0.998445749 -0.018881382 0.052436274 13.882061005 0.018455869 0.999792814 0.008587379 -19.085393906 -0.052587550 -0.007606275 0.998587370 194.254623413
0.998460948 -0.018524816 0.052272748 14.094457626 0.018085567 0.999797165 0.008863547 -19.298189163 -0.052426349 -0.007904523 0.998593509 196.497634888
0.998461425 -0.016635872 0.052897409 14.304973602 0.016172314 0.999827087 0.009179348 -19.512567520 -0.053040970 -0.008309750 0.998557746 198.740966797
0.998489916 -0.013735477 0.053188737 14.503915787 0.013286521 0.999873161 0.008785246 -19.729286194 -0.053302646 -0.008065287 0.998545825 200.984115601
0.998464286 -0.013273668 0.053784411 14.716939926 0.012873803 0.999886930 0.007774234 -19.940155029 -0.053881522 -0.007069886 0.998522222 203.247100830
0.998416066 -0.013589297 0.054595135 14.917705536 0.013147444 0.999877870 0.008444279 -20.148435593 -0.054703224 -0.007713117 0.998472750 205.473052979
0.998417020 -0.015211418 0.054147374 15.149581909 0.014760154 0.999853015 0.008724213 -20.373413086 -0.054272126 -0.007911180 0.998494864 207.728286743
0.998352766 -0.014869706 0.055414151 15.356367111 0.014408312 0.999858141 0.008716551 -20.573247910 -0.055535913 -0.007903767 0.998425484 209.974914551
0.998280168 -0.015522839 0.056529481 15.575525284 0.014957334 0.999833822 0.010413109 -20.810260773 -0.056681730 -0.009549668 0.998346627 212.222122192
0.998216748 -0.014123655 0.057998247 15.812052727 0.013548541 0.999855220 0.010297363 -21.014749527 -0.058135282 -0.009493209 0.998263597 214.455642700
0.998049676 -0.012730082 0.061113186 16.028873444 0.012098811 0.999869704 0.010688524 -21.227394104 -0.061241280 -0.009928279 0.998073637 216.746795654
0.997909367 -0.012734241 0.063362353 16.256914139 0.012061213 0.999866843 0.010993087 -21.434431076 -0.063493907 -0.010205878 0.997929990 218.991912842
0.997761607 -0.014009138 0.065386564 16.488845825 0.013275519 0.999844134 0.011640771 -21.638755798 -0.065539442 -0.010746676 0.997792125 221.224060059
0.997661829 -0.015739499 0.066506036 16.726690292 0.014951392 0.999812305 0.012331288 -21.840467453 -0.066687629 -0.011308101 0.997709811 223.456008911
0.997598171 -0.017932389 0.066904068 16.981750488 0.017175747 0.999782026 0.011867475 -22.054084778 -0.067102306 -0.010689844 0.997688830 225.686996460
0.997552276 -0.019246098 0.067224190 17.221960068 0.018514104 0.999762535 0.011495037 -22.253688812 -0.067429461 -0.010222305 0.997671664 227.933624268
0.997499287 -0.019501118 0.067933194 17.460237503 0.018744187 0.999755144 0.011761966 -22.458518982 -0.068145923 -0.010459202 0.997620463 230.169891357
0.997427881 -0.020464119 0.068693951 17.700796127 0.019756328 0.999744713 0.010967189 -22.665046692 -0.068900838 -0.009581840 0.997577488 232.413375854
0.997408211 -0.021192223 0.068758138 17.957372665 0.020404035 0.999718070 0.012145383 -22.876504898 -0.068996131 -0.010710962 0.997559428 234.691604614
0.997363687 -0.020916346 0.069485351 18.197885513 0.020119676 0.999723732 0.012145489 -23.076305389 -0.069720201 -0.010715447 0.997509062 236.934631348
0.997301519 -0.020420827 0.070517175 18.433183670 0.019625489 0.999735951 0.011953182 -23.275724411 -0.070742644 -0.010536991 0.997438908 239.153564453
0.997265816 -0.020693704 0.070941381 18.676519394 0.019878704 0.999728262 0.012175259 -23.479475021 -0.071174040 -0.010731747 0.997406185 241.369445801
0.997217715 -0.021266969 0.071446173 18.925987244 0.020421371 0.999712765 0.012545212 -23.681135178 -0.071692452 -0.011051280 0.997365534 243.606079102
0.997174978 -0.021351105 0.072014220 19.170480728 0.020553118 0.999719024 0.011803919 -23.888725281 -0.072246008 -0.010290456 0.997333765 245.833923340
0.997182429 -0.021033620 0.072005309 19.427835464 0.020281389 0.999732018 0.011162221 -24.096939087 -0.072220773 -0.009670401 0.997341812 248.071411133
0.997166336 -0.021302760 0.072149217 19.687902451 0.020507118 0.999720633 0.011750617 -24.306682587 -0.072379380 -0.010237748 0.997324646 250.301269531
0.997141182 -0.023044268 0.071960211 19.950574875 0.022247385 0.999682128 0.011855998 -24.514501572 -0.072210543 -0.010221176 0.997337162 252.538040161
0.997136116 -0.022929715 0.072067678 20.216636658 0.022086835 0.999678254 0.012471003 -24.720743179 -0.072330445 -0.010843541 0.997321784 254.804428101
0.997114778 -0.023652025 0.072129995 20.465007782 0.022791913 0.999659181 0.012724447 -24.924762726 -0.072406381 -0.011043753 0.997314036 257.024932861
0.997077286 -0.023892595 0.072567105 20.724542618 0.022982897 0.999646723 0.013345304 -25.137451172 -0.072860323 -0.011638499 0.997274220 259.288970947
0.997038901 -0.023646006 0.073173299 20.980531693 0.022770166 0.999659002 0.012780583 -25.338022232 -0.073450558 -0.011076571 0.997237325 261.525970459
0.997021198 -0.023568880 0.073438115 21.244295120 0.022722518 0.999665678 0.012339197 -25.539104462 -0.073704399 -0.010633745 0.997223377 263.773406982
0.996991813 -0.022805559 0.074075557 21.507129669 0.021978837 0.999686956 0.011956737 -25.746086121 -0.074325047 -0.010292673 0.997180939 266.003295898
0.996961176 -0.022055764 0.074711956 21.771589279 0.021235904 0.999705434 0.011750413 -25.943893433 -0.074949123 -0.010128132 0.997135878 268.243438721
0.996824145 -0.021697460 0.076622963 22.027891159 0.020850819 0.999712586 0.011832374 -26.160709381 -0.076857679 -0.010197145 0.996989906 270.485198975
0.996755540 -0.022305157 0.077335633 22.307592392 0.021446994 0.999699056 0.011909589 -26.365089417 -0.077577993 -0.010212332 0.996933997 272.729248047
0.996510506 -0.022944881 0.080251388 22.542808533 0.021998871 0.999677956 0.012652551 -26.561552048 -0.080515854 -0.010842960 0.996694326 274.959442139
0.996439874 -0.022823906 0.081159204 22.827840805 0.021816488 0.999673843 0.013278143 -26.749866486 -0.081435807 -0.011460260 0.996612608 277.197387695
0.996360660 -0.021846032 0.082390644 23.112430573 0.020653615 0.999669671 0.015297441 -26.972801208 -0.082697615 -0.013540106 0.996482670 279.462036133
0.996252298 -0.021721581 0.083723575 23.395006180 0.020399248 0.999653816 0.016617361 -27.176868439 -0.084055535 -0.014847188 0.996350467 281.694671631
0.996183038 -0.020483950 0.084852882 23.668834686 0.019171001 0.999683976 0.016259335 -27.363380432 -0.085159115 -0.014570558 0.996260822 283.938171387
0.996088326 -0.019475568 0.086190484 23.941326141 0.018177912 0.999709725 0.015815092 -27.555843353 -0.086473487 -0.014186467 0.996153176 286.166351318
0.996058881 -0.018850807 0.086667828 24.227313995 0.017647233 0.999737144 0.014632592 -27.748397827 -0.086920872 -0.013045478 0.996129811 288.421203613
0.995991588 -0.019641073 0.087263815 24.504394531 0.018394310 0.999717355 0.015068552 -27.951938629 -0.087535106 -0.013402997 0.996071219 290.647460938
0.995939076 -0.019576117 0.087875612 24.772460938 0.018398514 0.999729931 0.014190919 -28.147422791 -0.088129692 -0.012516509 0.996030390 292.914367676
0.995949149 -0.020243967 0.087609366 25.060262680 0.019159928 0.999729335 0.013196937 -28.341859818 -0.087852806 -0.011464890 0.996067464 295.142028809
0.995937347 -0.020193780 0.087755159 25.345247269 0.019107338 0.999730289 0.013202821 -28.542942047 -0.087998107 -0.011472418 0.996054530 297.374694824
0.995932400 -0.019572211 0.087951951 25.630317688 0.018485848 0.999742687 0.013149441 -28.737522125 -0.088186674 -0.011470088 0.996037960 299.613494873
0.995891094 -0.019304803 0.088477746 25.902750015 0.018099826 0.999732494 0.014401174 -28.946479797 -0.088732086 -0.012740568 0.995974064 301.835815430
0.995883107 -0.019664103 0.088487878 26.195009232 0.018449718 0.999724329 0.014520854 -29.143810272 -0.088749021 -0.012828497 0.995971382 304.081115723
0.995845973 -0.019039961 0.089041047 26.485485077 0.017809577 0.999734879 0.014592353 -29.340988159 -0.089295268 -0.012945953 0.995921016 306.328094482
0.995842338 -0.019855533 0.088903025 26.778701782 0.018640198 0.999721408 0.014479807 -29.547286987 -0.089165762 -0.012762435 0.995935023 308.576171875
0.995798349 -0.020951960 0.089143805 27.071001053 0.019692080 0.999693751 0.014989309 -29.744583130 -0.089430563 -0.013170903 0.995905995 310.826110840
0.995757043 -0.020707341 0.089661203 27.362373352 0.019491863 0.999706268 0.014410862 -29.945663452 -0.089933284 -0.012602054 0.995868087 313.057739258
0.995790541 -0.020305179 0.089381829 27.662576675 0.019031625 0.999705195 0.015077796 -30.146631241 -0.089661650 -0.013313241 0.995883405 315.301666260
0.995748281 -0.018629273 0.090214133 27.951231003 0.017404487 0.999745607 0.014344212 -30.349054337 -0.090458408 -0.012713091 0.995819032 317.534729004
0.995737016 -0.017005781 0.090656795 28.239013672 0.015737139 0.999768198 0.014690423 -30.546180725 -0.090885617 -0.013201120 0.995773852 319.786254883
0.995668173 -0.015661934 0.091648743 28.523284912 0.014455507 0.999800205 0.013812642 -30.742235184 -0.091846757 -0.012427981 0.995695591 322.005584717
0.995638609 -0.015018542 0.092076428 28.814409256 0.013732102 0.999799371 0.014589133 -30.940135956 -0.092277057 -0.013261102 0.995645046 324.242919922
0.995681047 -0.015036942 0.091614373 29.118946075 0.013641657 0.999781489 0.015837206 -31.148479462 -0.091832511 -0.014519035 0.995668590 326.470550537
0.995622993 -0.015647694 0.092140429 29.402854919 0.014272509 0.999776959 0.015564971 -31.348363876 -0.092363432 -0.014181770 0.995624363 328.705902100
0.995607316 -0.017117642 0.092050292 29.703054428 0.015820358 0.999765217 0.014804566 -31.545928955 -0.092282124 -0.013283265 0.995644271 330.936492920
0.995580256 -0.016512999 0.092451319 29.991901398 0.015244476 0.999779940 0.014410445 -31.743974686 -0.092668928 -0.012937383 0.995612860 333.171203613
0.995544374 -0.016645968 0.092813037 30.283800125 0.015235670 0.999757767 0.015883010 -31.944337845 -0.093054958 -0.014398173 0.995556891 335.409759521
0.995556414 -0.016978333 0.092623547 30.586315155 0.015570940 0.999752402 0.015896391 -32.138233185 -0.092870511 -0.014383518 0.995574296 337.641448975
0.995534658 -0.016595095 0.092927739 30.871582031 0.015153204 0.999753952 0.016200488 -32.339405060 -0.093173720 -0.014719995 0.995540977 339.872253418
0.995549977 -0.016442975 0.092788897 31.173486710 0.015014824 0.999758124 0.016068606 -32.540065765 -0.093030669 -0.014603892 0.995556116 342.120819092
0.995533407 -0.016589902 0.092940718 31.465312958 0.015117517 0.999749184 0.016523937 -32.735599518 -0.093191534 -0.015045099 0.995534539 344.371093750
0.995563924 -0.016267825 0.092670359 31.760488510 0.014774592 0.999750078 0.016776733 -32.931564331 -0.092920125 -0.015333143 0.995555520 346.613250732
0.995582521 -0.016021885 0.092513025 32.052089691 0.014545555 0.999756157 0.016610416 -33.124317169 -0.092756599 -0.015191389 0.995572865 348.849548340
0.995549500 -0.015577618 0.092942901 32.341926575 0.014033003 0.999752760 0.017249443 -33.324447632 -0.093188621 -0.015868409 0.995521963 351.088653564
0.995573521 -0.015829002 0.092644893 32.633602142 0.014258835 0.999743700 0.017585726 -33.515968323 -0.092899516 -0.016186872 0.995544016 353.309295654
0.995580256 -0.015656425 0.092600338 32.924991608 0.014139701 0.999755204 0.017012766 -33.709350586 -0.092844054 -0.015628232 0.995557964 355.550109863
0.995602965 -0.015579722 0.092369050 33.217994690 0.014023758 0.999748945 0.017470337 -33.900787354 -0.092618063 -0.016098157 0.995571494 357.782897949
0.995642781 -0.014787690 0.092069648 33.512718201 0.013147953 0.999744415 0.018390907 -34.097812653 -0.092318065 -0.017100247 0.995582700 360.024047852
0.995691538 -0.014808149 0.091537260 33.813285828 0.013168844 0.999742389 0.018486775 -34.293128967 -0.091787420 -0.017201688 0.995629966 362.262298584
0.995744824 -0.014749294 0.090965591 34.114376068 0.013086176 0.999736547 0.018852413 -34.482791901 -0.091219679 -0.017581798 0.995675564 364.495605469
0.995813072 -0.014775413 0.090210371 34.412754059 0.013175710 0.999745607 0.018302871 -34.675296783 -0.090457842 -0.017037654 0.995754540 366.751800537
0.995833218 -0.015458556 0.089873530 34.701698303 0.013885576 0.999739647 0.018101169 -34.868957520 -0.090129957 -0.016777797 0.995788693 368.993438721
0.995812118 -0.015044607 0.090177752 34.985664368 0.013533047 0.999757826 0.017350087 -35.056591034 -0.090416946 -0.016057048 0.995774508 371.256164551
0.995853543 -0.015936244 0.089563601 35.273876190 0.014428980 0.999743581 0.017451357 -35.253723145 -0.089818738 -0.016086685 0.995828211 373.488830566
0.995900393 -0.015854783 0.089057416 35.566776276 0.014275804 0.999729931 0.018339019 -35.444751740 -0.089324132 -0.016992465 0.995857656 375.741851807
0.995879471 -0.016262449 0.089216799 35.846958160 0.014685445 0.999724567 0.018304169 -35.629741669 -0.089489885 -0.016918555 0.995844007 377.990661621
0.995862126 -0.016664771 0.089336142 36.136310577 0.015058438 0.999713123 0.018624753 -35.824069977 -0.089620896 -0.017202424 0.995827377 380.226074219
0.995873034 -0.016913095 0.089167722 36.434333801 0.015305140 0.999708235 0.018685978 -36.009803772 -0.089457743 -0.017244134 0.995841324 382.466827393
0.995884418 -0.016085142 0.089193814 36.730163574 0.014454366 0.999716818 0.018899402 -36.202686310 -0.089472584 -0.017532378 0.995834887 384.722534180
0.995898008 -0.015388208 0.089165054 37.026103973 0.013757283 0.999727190 0.018876892 -36.389099121 -0.089431211 -0.017572789 0.995837986 386.972991943
0.995921254 -0.014215359 0.089099936 37.327907562 0.012589882 0.999744415 0.018778848 -36.586650848 -0.089344099 -0.017580498 0.995845675 389.246093750
0.995907962 -0.012625073 0.089486800 37.615798950 0.010994919 0.999765038 0.018686291 -36.778713226 -0.089701697 -0.017625928 0.995812714 391.525115967
0.995930433 -0.011697317 0.089364082 37.910800934 0.009934638 0.999747872 0.020144094 -36.969902039 -0.089577176 -0.019174311 0.995795310 393.789093018
0.995868921 -0.010280736 0.090218581 38.195171356 0.008456103 0.999752402 0.020583566 -37.160778046 -0.090407863 -0.019735636 0.995709240 396.049499512
0.995827377 -0.010103867 0.090695873 38.489250183 0.008426938 0.999786735 0.018853543 -37.352931976 -0.090867035 -0.018010583 0.995700181 398.314025879
0.995749414 -0.009407380 0.091621779 38.781230927 0.007767149 0.999803424 0.018242333 -37.545333862 -0.091775395 -0.017453156 0.995626748 400.586181641
0.995682597 -0.011079737 0.092159808 39.062343597 0.009339050 0.999770164 0.019297553 -37.730319977 -0.092352428 -0.018353552 0.995557129 402.845611572
0.995622098 -0.012606164 0.092615843 39.358787537 0.010751764 0.999732137 0.020494264 -37.924018860 -0.092849389 -0.019408759 0.995490968 405.097686768
0.995558321 -0.013565074 0.093164317 39.651763916 0.011706457 0.999721944 0.020467520 -38.111846924 -0.093416072 -0.019285982 0.995440304 407.353027344
0.995534301 -0.013431826 0.093440153 39.959842682 0.011692619 0.999748468 0.019135732 -38.297454834 -0.093673676 -0.017957715 0.995441020 409.616088867
0.995472670 -0.011541188 0.094344929 40.277725220 0.009728060 0.999759495 0.019655470 -38.495410919 -0.094549067 -0.018648693 0.995345652 411.883361816
0.995401680 -0.010326812 0.095230229 40.568439484 0.008511903 0.999774635 0.019444710 -38.684638977 -0.095409557 -0.018544704 0.995265484 414.119049072
0.995315492 -0.009139114 0.096247010 40.876014709 0.007286984 0.999781787 0.019577475 -38.873085022 -0.096404940 -0.018784417 0.995164871 416.391296387
0.995248795 -0.009236631 0.096926354 41.184883118 0.007409872 0.999788344 0.019189944 -39.062137604 -0.097083092 -0.018380554 0.995106518 418.644897461
0.995131612 -0.009156512 0.098128907 41.483695984 0.007306302 0.999789000 0.019197695 -39.249782562 -0.098283991 -0.018387273 0.994988501 420.898925781
0.995047450 -0.009516658 0.098944254 41.785526276 0.007676959 0.999790967 0.018957440 -39.443210602 -0.099103957 -0.018103961 0.994912505 423.152709961
0.994977772 -0.009835629 0.099611826 42.097877502 0.007870491 0.999766886 0.020101776 -39.633754730 -0.099786326 -0.019216824 0.994823277 425.421813965
0.994930148 -0.009131121 0.100152478 42.406723022 0.007083058 0.999758840 0.020786010 -39.822006226 -0.100318134 -0.019971246 0.994754970 427.668182373
0.994861960 -0.008404972 0.100891352 42.726028442 0.006270358 0.999750137 0.021456055 -40.008781433 -0.101046488 -0.020713186 0.994666040 429.942840576
0.994837582 -0.008643147 0.101111025 43.034431458 0.006476945 0.999742866 0.021732694 -40.206169128 -0.101272881 -0.020965613 0.994637728 432.195404053
0.994808912 -0.009564548 0.101309411 43.357177734 0.007432688 0.999743342 0.021399664 -40.403747559 -0.101488106 -0.020535583 0.994624734 434.458526611
0.994808853 -0.008446072 0.101409353 43.681682587 0.006318220 0.999753475 0.021285687 -40.575225830 -0.101564109 -0.020534460 0.994617045 436.725555420
0.994749248 -0.008729199 0.101970531 44.000564575 0.006551577 0.999743700 0.021670839 -40.764202118 -0.102133565 -0.020888977 0.994551361 439.008026123
0.994814634 -0.008660479 0.101336084 44.332645416 0.006458042 0.999736249 0.022041894 -40.951053619 -0.101500235 -0.021273160 0.994608104 441.277130127
0.994787514 -0.007666422 0.101680800 44.663066864 0.005399495 0.999731123 0.022551058 -41.136760712 -0.101826362 -0.021884486 0.994561434 443.560546875
0.994760215 -0.008322020 0.101896092 44.988647461 0.006041185 0.999724686 0.022672100 -41.320182800 -0.102056734 -0.021937726 0.994536638 445.837463379
0.994781435 -0.008297828 0.101690494 45.312683105 0.006068068 0.999734700 0.022216687 -41.508079529 -0.101847865 -0.021483682 0.994567990 448.102996826
0.994769692 -0.007533880 0.101865277 45.637714386 0.005318564 0.999743700 0.022001639 -41.699745178 -0.102004953 -0.021344788 0.994554877 450.361877441
0.994734764 -0.007114973 0.102235779 45.956428528 0.004922058 0.999752641 0.021685869 -41.889328003 -0.102364786 -0.021068472 0.994523883 452.617858887
0.994673133 -0.006594555 0.102867559 46.274486542 0.004373317 0.999752700 0.021803793 -42.068466187 -0.102985896 -0.021237779 0.994456053 454.887359619
0.994649351 -0.006653193 0.103094064 46.588535309 0.004459731 0.999759078 0.021492237 -42.259796143 -0.103212200 -0.020917466 0.994439363 457.147125244
0.994668007 -0.005864485 0.102961451 46.918346405 0.003728159 0.999774039 0.020928988 -42.451286316 -0.103060931 -0.020433538 0.994465053 459.427185059
0.994642854 -0.004480795 0.103275284 47.239421844 0.002287500 0.999769509 0.021346031 -42.637027740 -0.103347145 -0.020995431 0.994423747 461.709442139
0.994653106 -0.004225765 0.103185728 47.559589386 0.001900638 0.999742270 0.022621343 -42.823249817 -0.103254721 -0.022304274 0.994404793 463.981262207
0.994720519 -0.004422575 0.102525137 47.877574921 0.002050155 0.999727964 0.023233719 -43.006370544 -0.102599978 -0.022900863 0.994459033 466.245788574
0.994796455 -0.004312770 0.101792186 48.201534271 0.002102041 0.999759734 0.021815337 -43.185897827 -0.101861842 -0.021487847 0.994566441 468.525573730
0.994902134 -0.004782893 0.100730732 48.537574768 0.002625826 0.999764621 0.021535901 -43.379138947 -0.100810029 -0.021161610 0.994680643 470.818664551
0.994979739 -0.005257206 0.099938162 48.858314514 0.002989969 0.999735057 0.022822663 -43.575904846 -0.100031652 -0.022409277 0.994731843 473.095397949
0.994928241 -0.005452850 0.100439772 49.162387848 0.003154018 0.999729693 0.023032255 -43.760890961 -0.100538209 -0.022598654 0.994676530 475.376190186
0.995013714 -0.004843469 0.099621743 49.474338531 0.002607620 0.999742031 0.022561356 -43.936164856 -0.099705331 -0.022189086 0.994769514 477.665405273
0.995038927 -0.005002655 0.099360250 49.792064667 0.002709251 0.999727070 0.023203231 -44.121780396 -0.099449210 -0.022818923 0.994780958 479.946838379
0.995061338 -0.005735815 0.099095896 50.110191345 0.003380073 0.999707997 0.023923913 -44.308292389 -0.099204198 -0.023470810 0.994790196 482.221130371
0.995079517 -0.006099280 0.098891377 50.420650482 0.003815235 0.999721944 0.023269182 -44.491310120 -0.099005811 -0.022777395 0.994826138 484.497528076
0.995144308 -0.006510476 0.098210685 50.737678528 0.004198952 0.999709606 0.023724740 -44.681228638 -0.098336637 -0.023197155 0.994882822 486.783660889
0.995142996 -0.006122344 0.098249100 51.025680542 0.003795136 0.999708116 0.023856241 -44.859909058 -0.098366484 -0.023367504 0.994875789 489.052429199
0.995147824 -0.005893752 0.098214552 51.337829590 0.003508889 0.999695301 0.024437241 -45.039100647 -0.098328643 -0.023974042 0.994865179 491.355804443
0.995219767 -0.005495163 0.097506046 51.657630920 0.003082324 0.999685705 0.024878917 -45.220214844 -0.097612098 -0.024459446 0.994923949 493.639068604
0.995197535 -0.005303618 0.097742490 51.956089020 0.002939895 0.999700129 0.024311341 -45.398342133 -0.097842105 -0.023907239 0.994914770 495.938262939
0.995220780 -0.005158217 0.097513884 52.277633667 0.002834555 0.999708951 0.023952579 -45.589393616 -0.097609058 -0.023561694 0.994945824 498.251861572
0.995255232 -0.005075271 0.097165957 52.586643219 0.002696115 0.999693692 0.024601137 -45.768951416 -0.097261049 -0.024222443 0.994964123 500.545837402
0.995243907 -0.004734016 0.097299486 52.887825012 0.002306902 0.999683738 0.025042146 -45.954524994 -0.097387262 -0.024698582 0.994940042 502.823181152
0.995273530 -0.003790215 0.097037576 53.197074890 0.001445673 0.999705553 0.024220088 -46.134662628 -0.097100787 -0.023965329 0.994985998 505.111236572
0.995251358 -0.003516120 0.097274601 53.496753693 0.001104846 0.999691069 0.024831092 -46.315811157 -0.097331859 -0.024605708 0.994947791 507.398834229
0.995272577 -0.004049736 0.097036682 53.807365417 0.001716485 0.999707699 0.024116462 -46.500370026 -0.097105995 -0.023835892 0.994988561 509.682159424
0.995318413 -0.004560450 0.096542098 54.128990173 0.002155127 0.999684989 0.025004381 -46.688373566 -0.096625708 -0.024679260 0.995014727 511.976287842
0.995314956 -0.004154064 0.096596383 54.438705444 0.001746595 0.999686062 0.024994180 -46.865802765 -0.096669890 -0.024708368 0.995009720 514.278686523
0.995333076 -0.003405770 0.096438989 54.750839233 0.001019034 0.999692261 0.024787111 -47.046596527 -0.096493721 -0.024573158 0.995030165 516.581909180
0.995329559 -0.002312486 0.096508026 55.051250458 -0.000061671 0.999697685 0.024590386 -47.230899811 -0.096535705 -0.024481490 0.995028377 518.872314453
0.995219946 -0.000055727 0.097658560 55.353794098 -0.002322791 0.999703348 0.024241589 -47.407649994 -0.097630955 -0.024352549 0.994924724 521.214660645
0.995137095 0.002033255 0.098478302 55.669200897 -0.004487768 0.999684632 0.024709299 -47.594718933 -0.098397017 -0.025031092 0.994832397 523.546997070
0.995064199 0.002754884 0.099195205 55.983592987 -0.005339399 0.999652922 0.025798792 -47.769962311 -0.099089719 -0.026201101 0.994733512 525.862976074
0.994994879 0.002374816 0.099897712 56.293903351 -0.004972333 0.999655902 0.025760824 -47.949604034 -0.099802151 -0.026128618 0.994664133 528.164672852
0.994969964 0.000619551 0.100171030 56.609283447 -0.003340708 0.999629855 0.026999654 -48.127605438 -0.100117229 -0.027198490 0.994603813 530.470214844
0.994917810 -0.001160980 0.100683086 56.935657501 -0.001544736 0.999639869 0.026791463 -48.307205200 -0.100677922 -0.026810830 0.994557738 532.779541016
0.994887233 -0.001144144 0.100985281 57.254802704 -0.001501912 0.999657571 0.026122471 -48.483367920 -0.100980595 -0.026140580 0.994544923 535.087951660
0.994794130 -0.001299400 0.101896971 57.576057434 -0.001350000 0.999662936 0.025927508 -48.664524078 -0.101896316 -0.025930090 0.994457006 537.402770996
0.994685054 -0.000533766 0.102962770 57.890247345 -0.002085748 0.999676943 0.025332028 -48.846626282 -0.102943026 -0.025412148 0.994362593 539.706909180
0.994571865 -0.000018150 0.104052171 58.208698273 -0.002625651 0.999677181 0.025271395 -49.036174774 -0.104019038 -0.025407426 0.994250715 542.030761719
0.994480491 0.000033315 0.104921766 58.531063080 -0.002629986 0.999693573 0.024610385 -49.222980499 -0.104888804 -0.024750492 0.994175911 544.347534180
0.994307339 -0.000005221 0.106550127 58.843948364 -0.002690189 0.999679863 0.025153359 -49.401367188 -0.106516175 -0.025296809 0.993989110 546.668334961
0.994207144 -0.000062372 0.107480526 59.164352417 -0.002765524 0.999653816 0.026161529 -49.589241028 -0.107444949 -0.026307223 0.993862927 548.972473145
0.994147658 -0.000356152 0.108029373 59.493682861 -0.002507381 0.999649048 0.026370000 -49.769664764 -0.108000860 -0.026486540 0.993797898 551.275390625
0.994196177 -0.001564769 0.107571177 59.840587616 -0.001180258 0.999675393 0.025449840 -49.948177338 -0.107576109 -0.025429092 0.993871510 553.579040527
0.994189978 -0.002056926 0.107619882 60.181491852 -0.000763655 0.999657393 0.026160967 -50.132740021 -0.107636809 -0.026091153 0.993847847 555.893127441
0.994123697 -0.002054669 0.108229853 60.513870239 -0.000833887 0.999644756 0.026637079 -50.312576294 -0.108246118 -0.026570801 0.993768990 558.198730469
0.994094253 -0.001710364 0.108506829 60.853080750 -0.001311210 0.999613464 0.027769396 -50.492416382 -0.108512387 -0.027747670 0.993707895 560.528320312
0.994092405 -0.002499115 0.108508229 61.200531006 -0.000590028 0.999595642 0.028427767 -50.671104431 -0.108535402 -0.028323848 0.993689001 562.858093262
0.994086981 -0.002245783 0.108563729 61.545944214 -0.000927654 0.999573946 0.029171761 -50.845466614 -0.108582981 -0.029099975 0.993661404 565.163818359
0.994038880 -0.001310483 0.109018467 61.895046234 -0.001831587 0.999585927 0.028716315 -51.026733398 -0.109010942 -0.028744813 0.993624866 567.488281250
0.994039357 -0.000369665 0.109020755 62.249610901 -0.002625741 0.999623001 0.027330713 -51.199722290 -0.108989760 -0.027454063 0.993663669 569.815673828
0.993984163 0.000091934 0.109524213 62.600627899 -0.003101345 0.999622285 0.027307101 -51.376884460 -0.109480321 -0.027482493 0.993608952 572.137207031
0.993944764 -0.000391324 0.109879673 62.937606812 -0.002801265 0.999578357 0.028899461 -51.567031860 -0.109844647 -0.029032266 0.993524671 574.521118164
0.993936062 -0.000526660 0.109957546 63.291885376 -0.002819521 0.999537647 0.030273873 -51.747344971 -0.109922633 -0.030400325 0.993475139 576.830017090
0.993788540 0.000246928 0.111284234 63.614860535 -0.003477865 0.999577999 0.028840024 -51.924278259 -0.111230142 -0.029047918 0.993370056 579.221496582
0.993834019 -0.000474615 0.110877052 63.971084595 -0.002696560 0.999591589 0.028449116 -52.091300964 -0.110845290 -0.028572682 0.993426859 581.556945801
0.993777633 -0.000830020 0.111378573 64.319244385 -0.002528775 0.999546349 0.030011913 -52.272613525 -0.111352973 -0.030106820 0.993324697 583.884887695
0.993843734 -0.000594761 0.110789165 64.673088074 -0.002751626 0.999544680 0.030049648 -52.443939209 -0.110756598 -0.030169509 0.993389547 586.201965332
0.993785799 -0.003980871 0.111238457 65.030738831 0.000716958 0.999568462 0.029366205 -52.634037018 -0.111307353 -0.029103963 0.993359745 588.565795898
0.993820250 -0.004217922 0.110921286 65.389083862 0.000976014 0.999571323 0.029265171 -52.801959991 -0.110997163 -0.028976062 0.993398190 590.911865234
0.993831038 -0.006194876 0.110731184 65.739830017 0.002893871 0.999547243 0.029946877 -52.979667664 -0.110866554 -0.029441694 0.993399084 593.246520996
0.993878067 -0.006714592 0.110278338 66.102020264 0.003400434 0.999537647 0.030213293 -53.155166626 -0.110430218 -0.029653331 0.993441343 595.600280762
