1.000000000 0.000000000 0.000000000 0.000000000 0.000000000 1.000000000 0.000000000 0.000000000 0.000000000 0.000000000 1.000000000 0.000000000
0.999999881 0.000169241 0.000468434 0.086028494 -0.000169179 1.000000000 -0.000132937 -0.226042017 -0.000468456 0.000132857 0.999999881 2.290195227
0.999999046 0.000534691 0.001213405 0.164731845 -0.000535177 0.999999762 0.000400529 -0.463323712 -0.001213191 -0.000401178 0.999999106 4.588315010
0.999998331 0.000144158 0.001772880 0.261362135 -0.000145128 0.999999821 0.000546873 -0.694474399 -0.001772801 -0.000547129 0.999998271 6.879273891
0.999996483 0.000197740 0.002644297 0.355208486 -0.000194890 0.999999404 -0.001077786 -0.928262472 -0.002644508 0.001077266 0.999995947 9.179100990
0.999987066 0.001928992 0.004687526 0.446913928 -0.001930318 0.999998093 0.000278460 -1.163985133 -0.004686980 -0.000287505 0.999989033 11.485222816
0.999963820 0.003932217 0.007538291 0.530738533 -0.003943538 0.999991119 0.001487635 -1.394494534 -0.007532374 -0.001517309 0.999970436 13.797768593
0.999945283 0.003747292 0.009773292 0.641158164 -0.003786623 0.999984801 0.004008963 -1.622699380 -0.009758120 -0.004045751 0.999944150 16.069887161
0.999942720 0.003179016 0.010221854 0.759291887 -0.003226062 0.999984264 0.004589295 -1.846138716 -0.010207104 -0.004622010 0.999937177 18.406581879
0.999926388 0.002274398 0.011915556 0.867528021 -0.002331269 0.999985933 0.004761051 -2.073601723 -0.011904560 -0.004788479 0.999917686 20.699319839
0.999928534 -0.000535115 0.011939607 0.991118193 0.000501295 0.999995947 0.002835443 -2.309905529 -0.011941074 -0.002829256 0.999924660 23.012708664
0.999914289 -0.002817395 0.012784390 1.099115849 0.002805872 0.999995589 0.000919185 -2.531378746 -0.012786923 -0.000883235 0.999917924 25.294200897
0.999914050 -0.004270880 0.012395895 1.237097383 0.004271732 0.999990821 -0.000042179 -2.773873568 -0.012395600 0.000095127 0.999923170 27.610080719
0.999901712 -0.003852218 0.013481722 1.342461944 0.003865352 0.999992073 -0.000948284 -3.001297712 -0.013477962 0.001000303 0.999908745 29.896867752
0.999901175 -0.002498721 0.013832927 1.469174385 0.002480736 0.999996185 0.001317137 -3.231425762 -0.013836162 -0.001282691 0.999903381 32.183643341
0.999904633 -0.000414257 0.013804697 1.600510001 0.000363984 0.999993324 0.003644071 -3.454722404 -0.013806115 -0.003638698 0.999898016 34.463855743
0.999872446 0.002001183 0.015846195 1.704927921 -0.002131179 0.999964297 0.008190982 -3.693937778 -0.015829237 -0.008223710 0.999840856 36.771026611
0.999851763 0.003801441 0.016796062 1.818679333 -0.003929242 0.999963522 0.007582554 -3.910483122 -0.016766628 -0.007647425 0.999830186 39.043930054
0.999826074 0.002697793 0.018454662 1.929846525 -0.002807972 0.999978364 0.005946958 -4.115757942 -0.018438216 -0.005997744 0.999812007 41.346221924
0.999826312 0.000294561 0.018636236 2.054162502 -0.000383342 0.999988556 0.004760476 -4.339876175 -0.018634625 -0.004766793 0.999814987 43.625541687
0.999827862 0.000780867 0.018535901 2.190455198 -0.000855706 0.999991477 0.004029877 -4.570509911 -0.018532598 -0.004045044 0.999820173 45.884326935
0.999823928 0.000092337 0.018764369 2.316754341 -0.000155796 0.999994218 0.003380432 -4.802584171 -0.018763954 -0.003382761 0.999818206 48.156745911
0.999823570 -0.001341805 0.018735312 2.454388618 0.001272912 0.999992371 0.003688602 -5.030357838 -0.018740119 -0.003664103 0.999817669 50.440715790
0.999801397 -0.002162818 0.019812068 2.582448483 0.002085702 0.999990106 0.003912197 -5.252205849 -0.019820333 -0.003870098 0.999796033 52.705623627
0.999791443 -0.003448000 0.020128939 2.717891455 0.003368622 0.999986410 0.003976059 -5.481652737 -0.020142371 -0.003907423 0.999789536 54.988544464
0.999765217 -0.003923798 0.021308528 2.840190649 0.003834236 0.999983668 0.004242293 -5.709705830 -0.021324823 -0.004159595 0.999763966 57.279422760
0.999748647 -0.005345543 0.021770313 2.980558395 0.005239815 0.999974191 0.004910709 -5.934363365 -0.021795999 -0.004795402 0.999750912 59.544994354
0.999709547 -0.006765785 0.023129528 3.110736370 0.006670797 0.999968946 0.004181549 -6.156282902 -0.023157101 -0.004026042 0.999723732 61.812591553
0.999694943 -0.007562457 0.023509029 3.263311863 0.007473312 0.999964535 0.003877410 -6.378826618 -0.023537517 -0.003700536 0.999716103 64.064559937
0.999666393 -0.006983441 0.024862867 3.402395248 0.006873629 0.999966204 0.004499393 -6.601487160 -0.024893448 -0.004326995 0.999680758 66.337852478
0.999652922 -0.006001513 0.025649071 3.551899672 0.005876974 0.999970555 0.004928102 -6.828948975 -0.025677893 -0.004775654 0.999658823 68.602272034
0.999618709 -0.006124398 0.026924161 3.689574242 0.006005902 0.999971867 0.004479766 -7.051297665 -0.026950840 -0.004316355 0.999627471 70.852920532
0.999602854 -0.006826417 0.027338862 3.847403526 0.006740387 0.999972045 0.003237709 -7.275829315 -0.027360199 -0.003052148 0.999620974 73.107032776
0.999587834 -0.007815434 0.027624771 4.005646706 0.007720064 0.999963880 0.003557286 -7.501640797 -0.027651578 -0.003342555 0.999612033 75.391387939
0.999537289 -0.009109508 0.029020319 4.161330700 0.009024056 0.999954641 0.003074165 -7.732688904 -0.029047009 -0.002810862 0.999574065 77.656372070
0.999542117 -0.010141250 0.028512530 4.324512482 0.010064953 0.999945402 0.002818186 -7.962751389 -0.028539557 -0.002529918 0.999589443 79.913162231
0.999512374 -0.010601340 0.029371599 4.470616341 0.010533509 0.999941587 0.002463187 -8.180489540 -0.029395994 -0.002152600 0.999565542 82.168083191
0.999496341 -0.009970149 0.030127214 4.640051842 0.009903577 0.999948204 0.002358123 -8.406855583 -0.030149167 -0.002058568 0.999543309 84.436820984
0.999443114 -0.009693445 0.031930126 4.791871071 0.009608746 0.999949932 0.002804972 -8.626283646 -0.031955715 -0.002496602 0.999486148 86.689048767
0.999440849 -0.009678589 0.032003321 4.960057259 0.009547176 0.999945343 0.004256480 -8.860608101 -0.032042768 -0.003948560 0.999478698 88.971519470
0.999418914 -0.008552789 0.032999273 5.119151115 0.008391487 0.999952197 0.005023468 -9.090128899 -0.033040665 -0.004743635 0.999442756 91.227172852
0.999388218 -0.008519881 0.033920385 5.283545494 0.008358805 0.999953091 0.004887607 -9.311185837 -0.033960443 -0.004601083 0.999412596 93.482429504
0.999368966 -0.008662245 0.034447104 5.450498581 0.008522235 0.999954820 0.004209239 -9.527486801 -0.034482006 -0.003913016 0.999397576 95.739669800
0.999340534 -0.008961205 0.035187345 5.614333630 0.008805602 0.999950707 0.004574666 -9.749841690 -0.035226606 -0.004261803 0.999370277 97.996719360
0.999307573 -0.008705732 0.036172785 5.772788048 0.008562110 0.999954820 0.004123440 -9.979734421 -0.036207035 -0.003810869 0.999337137 100.235870361
0.999231935 -0.008570021 0.038236450 5.921610832 0.008382607 0.999952018 0.005059141 -10.194697380 -0.038277980 -0.004734735 0.999255836 102.458763123
0.999245286 -0.009010364 0.037784949 6.125685692 0.008827993 0.999948561 0.004990704 -10.420919418 -0.037827976 -0.004653372 0.999273419 104.744354248
0.999209583 -0.009709478 0.038547363 6.297619820 0.009495895 0.999938548 0.005720037 -10.637873650 -0.038600538 -0.005349473 0.999240398 106.983741760
0.999172688 -0.011066685 0.039134089 6.475937843 0.010850934 0.999924719 0.005721307 -10.852906227 -0.039194468 -0.005291933 0.999217570 109.239700317
0.999131978 -0.012337701 0.039787978 6.655873299 0.012078812 0.999904275 0.006740585 -11.080179214 -0.039867338 -0.006254142 0.999185324 111.496574402
0.999110222 -0.013006663 0.040123001 6.846009731 0.012802794 0.999903738 0.005333963 -11.300912857 -0.040188517 -0.004815530 0.999180436 113.762779236
0.999068856 -0.013287454 0.041046493 7.026998520 0.013114600 0.999903977 0.004477573 -11.521276474 -0.041102041 -0.003935094 0.999147177 116.014976501
0.999031663 -0.013499540 0.041873809 7.206776619 0.013308165 0.999899626 0.004845649 -11.747006416 -0.041935019 -0.004283693 0.999111176 118.264923096
0.998980880 -0.013708061 0.043003026 7.390423775 0.013469825 0.999892235 0.005824866 -11.973524094 -0.043078247 -0.005239687 0.999057889 120.524375916
0.998956859 -0.014379348 0.043338954 7.589737892 0.014105039 0.999878526 0.006628594 -12.199923515 -0.043429006 -0.006010382 0.999038458 122.732559204
0.998906374 -0.015710883 0.044036370 7.785377979 0.015468667 0.999863327 0.005835763 -12.421325684 -0.044122033 -0.005148197 0.999012887 125.038482666
0.998873711 -0.016381977 0.044529591 7.971447468 0.016170952 0.999856234 0.005095100 -12.645163536 -0.044606663 -0.004369276 0.998995006 127.299346924
0.998855114 -0.017982835 0.044329099 8.162216187 0.017750492 0.999826610 0.005629516 -12.866643906 -0.044422645 -0.004836208 0.999001145 129.569488525
0.998874426 -0.019359041 0.043302964 8.349662781 0.019127673 0.999800444 0.005751151 -13.081175804 -0.043405667 -0.004916392 0.999045372 131.814224243
0.998924315 -0.019621514 0.042012539 8.542510986 0.019347746 0.999788821 0.006913060 -13.298480988 -0.042139303 -0.006092776 0.999093175 134.053771973
0.998962879 -0.020786479 0.040510427 8.722004890 0.020538246 0.999767840 0.006534211 -13.521165848 -0.040636845 -0.005695421 0.999157727 136.315307617
0.999037683 -0.021634815 0.038153134 8.931902885 0.021421412 0.999752700 0.005993306 -13.734402657 -0.038273357 -0.005170246 0.999253869 138.540298462
0.999014258 -0.022132026 0.038479827 9.093953133 0.021896629 0.999738932 0.006528195 -13.965770721 -0.038614258 -0.005679183 0.999238014 140.835220337
0.999005556 -0.022531120 0.038475584 9.263823509 0.022298736 0.999730468 0.006458292 -14.172405243 -0.038610723 -0.005593913 0.999238670 143.068481445
0.999044359 -0.023066714 0.037124004 9.459718704 0.022784565 0.999708354 0.008005284 -14.410051346 -0.037297837 -0.007151781 0.999278605 145.333526611
0.999064207 -0.022253685 0.037085544 9.634094238 0.022015937 0.999734461 0.006806894 -14.623628616 -0.037227172 -0.005984052 0.999288917 147.588470459
0.999086142 -0.021211717 0.037105568 9.814783096 0.021029007 0.999764800 0.005307524 -14.843188286 -0.037209418 -0.004522380 0.999297261 149.854522705
0.999105513 -0.019732926 0.037402991 9.986579895 0.019582033 0.999798596 0.004396392 -15.064339638 -0.037482210 -0.003660032 0.999290526 152.107910156
0.999115467 -0.019004928 0.037511848 10.168355942 0.018850617 0.999812365 0.004463098 -15.283017159 -0.037589621 -0.003752028 0.999286234 154.348220825
0.999097168 -0.018479308 0.038252421 10.348124504 0.018313302 0.999821365 0.004685608 -15.499808311 -0.038332172 -0.003980850 0.999257088 156.612472534
0.999106228 -0.016997641 0.038702302 10.514408112 0.016760629 0.999838710 0.006440295 -15.727261543 -0.038805529 -0.005785863 0.999230027 158.857177734
0.999059916 -0.016447380 0.040109418 10.693523407 0.016179362 0.999844611 0.006997664 -15.940819740 -0.040218286 -0.006342140 0.999170780 161.097763062
0.999041617 -0.014902514 0.041153666 10.857879639 0.014523843 0.999849558 0.009485140 -16.169460297 -0.041288834 -0.008878340 0.999107718 163.391601562
0.999017179 -0.014573409 0.041859735 11.041722298 0.014243371 0.999865055 0.008171806 -16.367578506 -0.041973177 -0.007567550 0.999090016 165.657409668
0.998991013 -0.013974384 0.042679321 11.237281799 0.013704621 0.999884248 0.006606787 -16.577909470 -0.042766705 -0.006015218 0.999066889 167.907623291
0.998940229 -0.012284344 0.044356432 11.421847343 0.011991336 0.999904513 0.006865827 -16.793006897 -0.044436533 -0.006326658 0.998992145 170.143508911
0.998801589 -0.011775659 0.047504909 11.607476234 0.011458055 0.999910176 0.006952512 -17.015628815 -0.047582511 -0.006399866 0.998846948 172.439620972
0.998691797 -0.011985340 0.049707826 11.807474136 0.011671794 0.999910057 0.006593320 -17.229032516 -0.049782373 -0.006004516 0.998742044 174.710906982
0.998613656 -0.011970548 0.051258102 12.014661789 0.011613986 0.999906242 0.007248437 -17.448278427 -0.051340062 -0.006643077 0.998659134 176.970550537
0.998565257 -0.012428046 0.052087259 12.213624001 0.012015386 0.999893963 0.008228151 -17.661235809 -0.052183993 -0.007590497 0.998608649 179.195007324
0.998540819 -0.013840434 0.052197687 12.426385880 0.013451781 0.999879122 0.007789744 -17.883567810 -0.052299198 -0.007076225 0.998606384 181.475234985
0.998508275 -0.014721088 0.052579828 12.624700546 0.014339051 0.999868035 0.007635721 -18.096502304 -0.052685298 -0.006870385 0.998587489 183.719711304
0.998555839 -0.016053405 0.051269516 12.853549957 0.015673283 0.999846637 0.007807686 -18.330219269 -0.051386986 -0.006992847 0.998654306 185.972579956
0.998554587 -0.017932435 0.050669543 13.062784195 0.017513989 0.999808967 0.008690285 -18.545009613 -0.050815705 -0.007790298 0.998677611 188.222885132
0.998563111 -0.018782349 0.050189640 13.271018982 0.018395755 0.999797583 0.008153620 -18.754240036 -0.050332613 -0.007218628 0.998706460 190.466232300
0.998517454 -0.019930422 0.050654750 13.470804214 0.019539248 0.999775410 0.008205932 -18.977024078 -0.050806925 -0.007204009 0.998682439 192.705413818
0.998496234 -0.021571947 0.050399661 13.670274734 0.021215705 0.999746084 0.007592645 -19.189678192 -0.050550658 -0.006511963 0.998700261 194.949707031
0.998529553 -0.021101911 0.049933754 13.875234604 0.020747649 0.999755859 0.007602397 -19.401702881 -0.050081991 -0.006555212 0.998723507 197.180938721
0.998525143 -0.018445943 0.051061481 14.075055122 0.018058008 0.999804676 0.008048322 -19.626024246 -0.051199969 -0.007114384 0.998663068 199.432846069
0.998544037 -0.016658392 0.051305510 14.279417038 0.016274028 0.999836385 0.007900393 -19.844276428 -0.051428720 -0.007053943 0.998651743 201.671096802
0.998530805 -0.015964763 0.051781744 14.492209435 0.015613671 0.999852359 0.007177692 -20.057777405 -0.051888693 -0.006358644 0.998632550 203.936721802
0.998489320 -0.016240031 0.052492388 14.690593719 0.015854256 0.999844253 0.007757277 -20.266510010 -0.052610200 -0.006913330 0.998591185 206.163116455
0.998485923 -0.017785139 0.052053366 14.933667183 0.017395785 0.999817312 0.007923495 -20.490564346 -0.052184775 -0.007005990 0.998612881 208.432495117
0.998424947 -0.017342011 0.053356167 15.134318352 0.016940782 0.999824882 0.007962910 -20.692426682 -0.053484917 -0.007046474 0.998543739 210.677856445
0.998364925 -0.017376728 0.054456342 15.363010406 0.016871970 0.999810457 0.009715067 -20.927631378 -0.054614842 -0.008780399 0.998468816 212.929565430
0.998316467 -0.016024051 0.055744525 15.596843719 0.015492855 0.999830484 0.009948289 -21.138761520 -0.055894502 -0.009067898 0.998395443 215.159729004
0.998146415 -0.014552094 0.059093237 15.800699234 0.013991487 0.999853194 0.009889547 -21.345506668 -0.059228469 -0.009044412 0.998203576 217.429946899
0.998014510 -0.014629520 0.061262134 16.026195526 0.014026728 0.999849021 0.010258074 -21.554555893 -0.061402950 -0.009378400 0.998068929 219.666366577
0.997879684 -0.016042763 0.063077457 16.256057739 0.015396128 0.999823987 0.010724220 -21.759351730 -0.063238397 -0.009730332 0.997951031 221.903015137
0.997769594 -0.017941121 0.064295791 16.490932465 0.017234372 0.999785006 0.011529959 -21.965532303 -0.064488828 -0.010396144 0.997864246 224.146072388
0.997702539 -0.020146977 0.064681828 16.743072510 0.019483641 0.999751091 0.010869838 -22.178646088 -0.064884730 -0.009584626 0.997846842 226.387466431
0.997651875 -0.021170959 0.065134548 16.977754593 0.020525446 0.999733508 0.010563759 -22.381111145 -0.065340824 -0.009202040 0.997820497 228.638793945
0.997611582 -0.021402333 0.065673232 17.216957092 0.020741824 0.999727309 0.010723055 -22.586341858 -0.065884836 -0.009335262 0.997783542 230.880783081
0.997557521 -0.022353530 0.066176049 17.462806702 0.021751247 0.999715269 0.009807896 -22.794755936 -0.066376448 -0.008344528 0.997759759 233.134643555
0.997506201 -0.023233691 0.066645153 17.701705933 0.022558203 0.999686360 0.010870423 -22.997945786 -0.066876806 -0.009339918 0.997717559 235.373321533
0.997504830 -0.023092581 0.066714622 17.965938568 0.022403752 0.999687910 0.011054827 -23.206851959 -0.066949092 -0.009532589 0.997710824 237.644226074
0.997477710 -0.023143632 0.067103274 18.207258224 0.022458183 0.999687791 0.010951412 -23.409654617 -0.067335784 -0.009416769 0.997686028 239.877914429
0.997442782 -0.023233209 0.067586757 18.450828552 0.022515383 0.999681890 0.011363239 -23.619188309 -0.067829259 -0.009812438 0.997648716 242.110214233
0.997402489 -0.023477079 0.068096489 18.693563461 0.022747919 0.999675453 0.011463632 -23.820446014 -0.068343513 -0.009884802 0.997613013 244.353836060
0.997368455 -0.023651050 0.068533450 18.938426971 0.022970051 0.999678791 0.010707916 -24.030765533 -0.068764701 -0.009105521 0.997591317 246.586898804
0.997386217 -0.023434300 0.068347633 19.195259094 0.022802802 0.999690056 0.010005206 -24.241996765 -0.068560913 -0.008420538 0.997611403 248.829299927
0.997362137 -0.023661800 0.068620890 19.443910599 0.022993764 0.999680400 0.010508846 -24.449935913 -0.068847634 -0.008903272 0.997587383 251.072784424
0.997330308 -0.024991784 0.068611220 19.693630219 0.024327282 0.999648809 0.010503634 -24.659446716 -0.068849623 -0.008806470 0.997588158 253.303421021
0.997318089 -0.025062531 0.068764053 19.947889328 0.024353415 0.999641418 0.011131436 -24.865722656 -0.069018386 -0.009426943 0.997570813 255.558502197
0.997279346 -0.025587428 0.069132909 20.181268692 0.024869377 0.999627650 0.011227437 -25.071365356 -0.069394447 -0.009477598 0.997544289 257.777160645
0.997254193 -0.026114317 0.069297604 20.441776276 0.025337908 0.999606133 0.012059598 -25.290336609 -0.069585226 -0.010270628 0.997523129 260.050079346
0.997222781 -0.025780430 0.069873907 20.693807602 0.025035515 0.999620259 0.011515879 -25.492292404 -0.070144266 -0.009734566 0.997489333 262.291290283
0.997205973 -0.025771374 0.070114978 20.950532913 0.025067115 0.999626398 0.010905897 -25.693870544 -0.070369840 -0.009117846 0.997479320 264.545837402
0.997184157 -0.025162490 0.070643894 21.206586838 0.024465825 0.999643326 0.010709773 -25.906877518 -0.070888177 -0.008951255 0.997444093 266.781280518
0.997117937 -0.024552645 0.071783550 21.459358215 0.023839165 0.999657691 0.010779295 -26.108856201 -0.072023645 -0.009036971 0.997361958 269.029907227
0.997034013 -0.024012398 0.073120207 21.720375061 0.023332451 0.999676466 0.010139180 -26.320678711 -0.073340014 -0.008403036 0.997271538 271.286193848
0.996937513 -0.024749372 0.074182332 21.988098145 0.024014553 0.999653459 0.010781338 -26.535364151 -0.074423455 -0.008966865 0.997186422 273.534271240
0.996739268 -0.025370250 0.076596528 22.230775833 0.024602138 0.999637425 0.010955160 -26.731870651 -0.076846682 -0.009035002 0.997001946 275.778869629
0.996628344 -0.025310084 0.078046121 22.499336243 0.024425220 0.999626398 0.012271679 -26.930635452 -0.078327559 -0.010324009 0.996874273 278.019500732
0.996590018 -0.024525100 0.078783549 22.787908554 0.023532594 0.999631882 0.013501812 -27.143774033 -0.079085670 -0.011601786 0.996800423 280.271453857
0.996509552 -0.024302820 0.079861939 23.065631866 0.023203811 0.999623120 0.014660848 -27.351150513 -0.080188140 -0.012756575 0.996698141 282.508819580
0.996428490 -0.023759067 0.081028968 23.339557648 0.022660874 0.999638855 0.014445942 -27.543146133 -0.081342913 -0.012558161 0.996607065 284.770416260
0.996334314 -0.022623237 0.082499512 23.604816437 0.021574555 0.999675035 0.013580819 -27.735845566 -0.082779922 -0.011751145 0.996498525 286.998840332
0.996347666 -0.022224888 0.082446039 23.892213821 0.021279145 0.999697506 0.012332181 -27.922096252 -0.082695194 -0.010532758 0.996519208 289.245117188
0.996293306 -0.022917693 0.082911655 24.162267685 0.021961898 0.999681652 0.012421741 -28.127861023 -0.083169930 -0.010554803 0.996479452 291.472503662
0.996201992 -0.023269039 0.083905518 24.416063309 0.022398902 0.999685287 0.011297038 -28.323923111 -0.084141992 -0.009374741 0.996409595 293.749389648
0.996212065 -0.023800598 0.083636448 24.695426941 0.023004046 0.999680519 0.010474933 -28.525165558 -0.083859041 -0.008511277 0.996441424 295.975738525
0.996209323 -0.023792678 0.083671354 24.973735809 0.022997076 0.999680817 0.010459757 -28.732517242 -0.083893515 -0.008495913 0.996438503 298.205139160
0.996206999 -0.023195494 0.083866291 25.250534058 0.022396540 0.999694467 0.010454955 -28.932792664 -0.084083185 -0.008536982 0.996422172 300.441589355
0.996148169 -0.022892423 0.084644601 25.505836487 0.021990776 0.999691367 0.011569312 -29.145650864 -0.084883310 -0.009663349 0.996344030 302.674041748
0.996146858 -0.023083985 0.084608421 25.789447784 0.022151152 0.999683380 0.011947675 -29.351680756 -0.084857434 -0.010027464 0.996342659 304.923309326
0.996118546 -0.022326099 0.085143015 26.070381165 0.021374378 0.999698579 0.012073344 -29.554977417 -0.085386902 -0.010206603 0.996295512 307.173614502
0.996110797 -0.023030119 0.085046470 26.352027893 0.022073599 0.999682248 0.012170415 -29.768091202 -0.085299723 -0.010245802 0.996302605 309.430816650
0.996055424 -0.024355980 0.085324116 26.633874893 0.023367487 0.999647975 0.012564912 -29.970378876 -0.085600086 -0.010521539 0.996273994 311.690216064
0.996017396 -0.023923712 0.085889600 26.913452148 0.022971954 0.999663472 0.012052631 -30.177652359 -0.086149052 -0.010031579 0.996231675 313.931549072
0.996035755 -0.023485284 0.085797489 27.202653885 0.022484073 0.999667585 0.012617385 -30.383518219 -0.086065285 -0.010638289 0.996232629 316.185852051
0.995989978 -0.021453321 0.086854257 27.482444763 0.020508399 0.999720573 0.011757182 -30.589778900 -0.087082207 -0.009928795 0.996151567 318.432830811
0.995994985 -0.019593721 0.087235384 27.761383057 0.018579304 0.999750197 0.012425373 -30.794366837 -0.087457046 -0.010754836 0.996110260 320.683898926
0.995934188 -0.018136866 0.088239454 28.036993027 0.017115232 0.999777615 0.012320936 -31.001293182 -0.088443287 -0.010760603 0.996023118 322.914062500
0.995889306 -0.017193018 0.088931307 28.313529968 0.016124837 0.999789119 0.012715797 -31.199508667 -0.089131184 -0.011229523 0.995956600 325.153411865
0.995893180 -0.016862616 0.088951349 28.607120514 0.015668908 0.999777794 0.014101044 -31.410984039 -0.089169368 -0.012649364 0.995936155 327.382598877
0.995857418 -0.017373502 0.089252897 28.885576248 0.016176954 0.999769568 0.014112255 -31.618516922 -0.089477509 -0.012609953 0.995908976 329.629394531
0.995867372 -0.018992553 0.088810921 29.184713364 0.017876761 0.999751151 0.013342274 -31.817836761 -0.089042217 -0.011699485 0.995959163 331.863403320
0.995840430 -0.018715555 0.089171700 29.466585159 0.017625358 0.999760091 0.012997667 -32.019363403 -0.089393586 -0.011371920 0.995931447 334.080474854
0.995827317 -0.019204935 0.089213707 29.754394531 0.018006679 0.999736786 0.014216797 -32.218231201 -0.089463256 -0.012551035 0.995911062 336.307891846
0.995883584 -0.019839071 0.088443555 30.057773590 0.018656477 0.999725342 0.014177906 -32.416011810 -0.088700548 -0.012469502 0.995980263 338.542449951
0.995887399 -0.019776579 0.088414818 30.340991974 0.018570302 0.999723136 0.014445289 -32.620597839 -0.088676043 -0.012743991 0.995979011 340.786437988
0.995926023 -0.020117061 0.087901659 30.636728287 0.018931724 0.999718487 0.014297845 -32.824138641 -0.088164568 -0.012575464 0.996026516 343.030822754
0.995955467 -0.020417355 0.087497793 30.925262451 0.019201066 0.999707222 0.014720066 -33.022006989 -0.087772727 -0.012980480 0.996055961 345.272094727
0.995983899 -0.020156905 0.087234311 31.210683823 0.018934565 0.999710858 0.014817096 -33.218112946 -0.087507755 -0.013105840 0.996077716 347.511352539
0.996032894 -0.020105205 0.086685002 31.495487213 0.018883780 0.999710858 0.014887542 -33.417739868 -0.086959258 -0.013191542 0.996124506 349.753417969
0.996035695 -0.019631684 0.086760990 31.774511337 0.018371917 0.999714196 0.015294738 -33.618583679 -0.087036446 -0.013640140 0.996111751 351.994720459
0.996069849 -0.020078398 0.086264804 32.057346344 0.018800350 0.999701500 0.015602426 -33.811695099 -0.086552329 -0.013919299 0.996150017 354.220855713
0.996090949 -0.019771999 0.086091399 32.336208344 0.018543808 0.999714911 0.015042651 -34.009376526 -0.086364284 -0.013387387 0.996173680 356.459350586
0.996147752 -0.020050546 0.085367382 32.624000549 0.018796517 0.999703646 0.015468433 -34.205081940 -0.085652240 -0.013804234 0.996229410 358.696014404
0.996202290 -0.019560894 0.084843516 32.910221100 0.018247729 0.999701977 0.016225517 -34.403224945 -0.085135624 -0.014615695 0.996262193 360.946868896
0.996254146 -0.019619288 0.084217384 33.198623657 0.018321766 0.999701679 0.016152196 -34.601390839 -0.084509149 -0.014548681 0.996316493 363.193695068
0.996294796 -0.019499123 0.083765425 33.483470917 0.018164592 0.999696255 0.016664522 -34.797283173 -0.084064923 -0.015081212 0.996346176 365.434997559
0.996350288 -0.019547429 0.083090462 33.768550873 0.018284453 0.999705970 0.015933931 -34.992725372 -0.083377488 -0.014356514 0.996414602 367.696746826
0.996349514 -0.020069785 0.082974911 34.043670654 0.018811174 0.999696255 0.015922712 -35.191982269 -0.083269291 -0.014303730 0.996424437 369.949340820
0.996347427 -0.020031171 0.083009467 34.317764282 0.018852385 0.999710321 0.014960300 -35.383235931 -0.083285093 -0.013340730 0.996436477 372.215393066
0.996413589 -0.020128811 0.082187869 34.602890015 0.018967057 0.999709189 0.014891743 -35.583244324 -0.082463734 -0.013279474 0.996505618 374.462005615
0.996506393 -0.020036578 0.081078000 34.890632629 0.018843098 0.999702990 0.015458663 -35.778648376 -0.081363656 -0.013876894 0.996587932 376.708526611
0.996420920 -0.019419333 0.082271077 35.149364471 0.018166533 0.999707758 0.015949050 -35.975074768 -0.082556777 -0.014397384 0.996482372 378.967498779
0.996416509 -0.020218998 0.082131468 35.426143646 0.018942963 0.999687910 0.016286209 -36.175758362 -0.082435131 -0.014672032 0.996488392 381.209747314
0.996441305 -0.020134823 0.081849359 35.707889557 0.018864043 0.999689698 0.016269716 -36.365280151 -0.082151562 -0.014667807 0.996511877 383.466766357
0.996457517 -0.019375090 0.081835613 35.989048004 0.018085862 0.999700844 0.016465945 -36.563369751 -0.082130156 -0.014927547 0.996509790 385.721374512
0.996460855 -0.018401366 0.082018897 36.261817932 0.017102212 0.999717355 0.016514223 -36.752834320 -0.082299590 -0.015053075 0.996493876 387.981933594
0.996500075 -0.017132428 0.081817612 36.549232483 0.015818527 0.999735713 0.016680291 -36.959812164 -0.082081765 -0.015327677 0.996507704 390.256500244
0.996482193 -0.016055141 0.082252674 36.819538116 0.014750332 0.999755919 0.016446618 -37.154468536 -0.082496665 -0.015175512 0.996475816 392.539581299
0.996520996 -0.014949118 0.081990421 37.101570129 0.013536140 0.999750555 0.017762376 -37.348106384 -0.082235508 -0.016590748 0.996474802 394.796051025
0.996469021 -0.013588545 0.082855694 37.368373871 0.012117301 0.999760330 0.018233806 -37.544120789 -0.083083607 -0.017165432 0.996394694 397.052001953
0.996430933 -0.013245100 0.083366141 37.645473480 0.011886567 0.999788642 0.016771322 -37.746597290 -0.083570667 -0.015720528 0.996377766 399.317169189
0.996357858 -0.012439240 0.084357940 37.919609070 0.011108982 0.999806702 0.016220324 -37.941280365 -0.084543392 -0.015224119 0.996303439 401.589141846
0.996310472 -0.014426855 0.084600516 38.197395325 0.013013714 0.999766827 0.017231468 -38.136814117 -0.084829383 -0.016066922 0.996265948 403.859252930
0.996237338 -0.015940871 0.085189328 38.477729797 0.014413184 0.999724627 0.018517958 -38.334091187 -0.085461073 -0.017220430 0.996192753 406.110870361
0.996192276 -0.016736945 0.085561551 38.754188538 0.015220108 0.999715745 0.018349782 -38.526000977 -0.085844368 -0.016977653 0.996163905 408.376922607
0.996154785 -0.016558496 0.086031228 39.043529510 0.015153493 0.999741316 0.016958797 -38.713939667 -0.086289786 -0.015589912 0.996148109 410.642883301
0.996153831 -0.014886996 0.086347781 39.353893280 0.013435240 0.999758780 0.017369743 -38.918025970 -0.086585544 -0.016142836 0.996113598 412.921539307
0.996085584 -0.013612317 0.087339528 39.631305695 0.012156977 0.999778628 0.017173359 -39.113029480 -0.087553956 -0.016044352 0.996030509 415.164672852
0.996017456 -0.012290968 0.088306412 39.921569824 0.010804386 0.999792039 0.017292680 -39.306381226 -0.088500582 -0.016269717 0.995943189 417.435821533
0.995956779 -0.012490257 0.088961095 40.213977814 0.011014835 0.999793828 0.017056715 -39.500995636 -0.089155816 -0.016007863 0.995889068 419.689544678
0.995847523 -0.012306806 0.090201475 40.496345520 0.010811464 0.999796152 0.017047746 -39.692565918 -0.090392902 -0.016001744 0.995777547 421.945709229
0.995761156 -0.012422694 0.091133624 40.781745911 0.010925580 0.999797463 0.016908199 -39.891700745 -0.091325216 -0.015840847 0.995695114 424.207153320
0.995704591 -0.012910990 0.091682285 41.079147339 0.011313184 0.999775290 0.017926032 -40.085487366 -0.091893144 -0.016811818 0.995626926 426.481994629
0.995663524 -0.012022346 0.092248522 41.372688293 0.010347227 0.999773145 0.018615633 -40.277332306 -0.092451416 -0.017580392 0.995561898 428.740234375
0.995586812 -0.011271695 0.093164757 41.671558380 0.009516401 0.999769092 0.019263601 -40.468246460 -0.093360372 -0.018291997 0.995464325 431.017089844
0.995604992 -0.011513275 0.092941694 41.972557068 0.009750318 0.999764264 0.019400308 -40.666793823 -0.093143143 -0.018408833 0.995482504 433.282928467
0.995553792 -0.012172472 0.093405053 42.276535034 0.010465312 0.999769509 0.018745081 -40.865798950 -0.093611687 -0.017684225 0.995451629 435.552673340
0.995538116 -0.011136394 0.093701042 42.579948425 0.009416291 0.999779284 0.018779509 -41.045028687 -0.093889490 -0.017813403 0.995423198 437.817047119
0.995504379 -0.011581339 0.094004005 42.883663177 0.009811392 0.999766171 0.019268811 -41.240989685 -0.094205163 -0.018259877 0.995385349 440.099212646
0.995544434 -0.011646075 0.093571164 43.195838928 0.009875202 0.999763668 0.019366233 -41.429664612 -0.093774587 -0.018355913 0.995424271 442.372436523
0.995554209 -0.010794376 0.093569726 43.509731293 0.008924875 0.999752581 0.020375278 -41.637756348 -0.093766518 -0.019449593 0.995404184 444.626800537
0.995511949 -0.011378326 0.093948975 43.814334869 0.009477905 0.999741852 0.020649731 -41.827583313 -0.094159685 -0.019666614 0.995362759 446.906524658
0.995490015 -0.011131827 0.094211094 44.113372803 0.009286101 0.999756634 0.020007154 -42.016372681 -0.094410904 -0.019042069 0.995351195 449.173767090
0.995501637 -0.010489672 0.094161578 44.418323517 0.008663761 0.999766946 0.019779162 -42.209957123 -0.094347082 -0.018874394 0.995360434 451.439086914
0.995452225 -0.009858922 0.094749883 44.718139648 0.008044069 0.999777079 0.019517053 -42.406532288 -0.094921172 -0.018666120 0.995309711 453.701751709
0.995370448 -0.008993322 0.095690988 45.015140533 0.007161204 0.999784768 0.019472441 -42.588859558 -0.095845513 -0.018697031 0.995220602 455.981750488
0.995346725 -0.009383500 0.095899552 45.314620972 0.007562975 0.999784589 0.019329552 -42.789226532 -0.096060269 -0.018514324 0.995203257 458.246429443
0.995387495 -0.008357707 0.095570400 45.632972717 0.006632350 0.999809504 0.018356677 -42.976219177 -0.095705606 -0.017638151 0.995253325 460.531585693
0.995361388 -0.007024451 0.095949456 45.936981201 0.005227206 0.999806404 0.018969700 -43.170291901 -0.096064143 -0.018380156 0.995205402 462.815124512
0.995379508 -0.006915580 0.095769338 46.241020203 0.004986724 0.999780178 0.020365367 -43.363357544 -0.095889129 -0.019793695 0.995195210 465.085845947
0.995413959 -0.006894823 0.095411599 46.537761688 0.004934638 0.999772310 0.020765228 -43.549449921 -0.095533051 -0.020199182 0.995221257 467.347686768
0.995509982 -0.006883800 0.094405986 46.850933075 0.005049616 0.999794185 0.019653840 -43.738906860 -0.094521843 -0.019088883 0.995339751 469.632690430
0.995564699 -0.006923379 0.093823873 47.164833069 0.005140094 0.999801755 0.019235080 -43.934539795 -0.093938455 -0.018667500 0.995402992 471.934387207
0.995632946 -0.007751189 0.093033217 47.467590332 0.005865938 0.999772131 0.020520680 -44.134696960 -0.093171075 -0.019885335 0.995451510 474.216033936
0.995617867 -0.007880131 0.093182825 47.761409760 0.005964548 0.999765456 0.020817908 -44.327976227 -0.093325026 -0.020170886 0.995431304 476.496826172
0.995741427 -0.008187828 0.091826051 48.068283081 0.006329597 0.999769628 0.020509437 -44.507755280 -0.091972828 -0.019840870 0.995563805 478.773651123
0.995737553 -0.008218376 0.091865264 48.361682892 0.006304765 0.999757469 0.021101460 -44.696678162 -0.092016414 -0.020432327 0.995547771 481.053802490
0.995770514 -0.008869965 0.091445699 48.663337708 0.006913391 0.999740779 0.021690639 -44.886348724 -0.091614388 -0.020966699 0.995573819 483.326232910
0.995776832 -0.009521442 0.091311648 48.950881958 0.007598902 0.999742568 0.021379298 -45.077732086 -0.091491707 -0.020595146 0.995592833 485.610748291
0.995836020 -0.010066600 0.090604924 49.251556396 0.008124000 0.999729693 0.021783648 -45.270294189 -0.090799734 -0.020956865 0.995648623 487.906951904
0.995896399 -0.010534651 0.089885361 49.550071716 0.008577573 0.999718249 0.022131609 -45.454994202 -0.090093181 -0.021269793 0.995706201 490.189453125
0.995867193 -0.010416814 0.090222262 49.812843323 0.008452558 0.999719381 0.022126097 -45.646373749 -0.090427421 -0.021272043 0.995675862 492.462768555
0.995925784 -0.009856443 0.089636140 50.117218018 0.007859779 0.999713600 0.022600986 -45.831863403 -0.089833245 -0.021804381 0.995718062 494.753295898
0.995934486 -0.009415212 0.089586549 50.401432037 0.007458830 0.999726832 0.022147698 -46.014507294 -0.089770600 -0.021389447 0.995732725 497.046264648
0.995956898 -0.009366799 0.089342818 50.705017090 0.007444172 0.999733925 0.021828653 -46.209453583 -0.089523517 -0.021075312 0.995761693 499.359619141
0.996000946 -0.009504028 0.088835247 50.999172211 0.007514570 0.999714017 0.022702577 -46.396202087 -0.089025609 -0.021944229 0.995787501 501.651336670
0.996022463 -0.009272238 0.088618234 51.287502289 0.007265863 0.999710500 0.022936491 -46.585487366 -0.088805236 -0.022201372 0.995801508 503.929565430
0.996036291 -0.008412968 0.088548414 51.576953888 0.006464923 0.999731243 0.022263611 -46.772686005 -0.088711940 -0.021602906 0.995823026 506.226043701
0.996039331 -0.008188601 0.088535599 51.866355896 0.006188842 0.999720037 0.022838026 -46.959564209 -0.088697806 -0.022199640 0.995811164 508.521575928
0.996068120 -0.008662170 0.088165827 52.163463593 0.006763004 0.999738991 0.021816812 -47.147243500 -0.088331826 -0.021134768 0.995866835 510.818359375
0.996111870 -0.009307366 0.087604322 52.466033936 0.007342168 0.999714732 0.022728216 -47.339916229 -0.087790877 -0.021996638 0.995895982 513.118591309
0.996134102 -0.009226653 0.087359548 52.760353088 0.007253537 0.999711871 0.022876719 -47.524539948 -0.087545462 -0.022154616 0.995914161 515.415527344
0.996161699 -0.008671647 0.087101296 53.049224854 0.006713464 0.999718666 0.022749513 -47.710773468 -0.087274060 -0.022077441 0.995939791 517.720275879
0.996148825 -0.007764538 0.087333739 53.331531525 0.005810218 0.999727488 0.022609586 -47.899158478 -0.087485477 -0.022015085 0.995922565 520.018615723
0.996108711 -0.006037357 0.087925822 53.619785309 0.004067931 0.999737203 0.022560706 -48.087970734 -0.088038921 -0.022115242 0.995871484 522.360046387
0.995975435 -0.003667317 0.089550935 53.896125793 0.001618019 0.999735415 0.022946037 -48.275512695 -0.089611374 -0.022708802 0.995717764 524.685302734
0.995999753 -0.002268113 0.089326300 54.205127716 0.000142746 0.999716878 0.023792494 -48.453281403 -0.089354984 -0.023684567 0.995718181 527.021606445
0.995929241 -0.002709507 0.090097919 54.494171143 0.000580064 0.999720097 0.023652550 -48.637912750 -0.090136774 -0.023504004 0.995652139 529.332824707
0.995872855 -0.004549796 0.090644494 54.784358978 0.002287508 0.999683797 0.025046067 -48.818595886 -0.090729788 -0.024735350 0.995568335 531.648376465
0.995803297 -0.006118789 0.091314517 55.085494995 0.003878953 0.999687731 0.024686161 -48.998336792 -0.091437057 -0.024228357 0.995516062 533.966003418
0.995797634 -0.006236364 0.091367856 55.391307831 0.004038453 0.999698460 0.024220778 -49.182655334 -0.091491342 -0.023750011 0.995522559 536.281616211
0.995744288 -0.006708780 0.091914572 55.695354462 0.004516524 0.999700844 0.024038313 -49.367584229 -0.092048347 -0.023520878 0.995476723 538.597839355
0.995665073 -0.005941346 0.092821039 55.992507935 0.003792288 0.999720991 0.023311971 -49.553955078 -0.092933625 -0.022858907 0.995409966 540.923522949
0.995562673 -0.005283505 0.093951665 56.292171478 0.003130062 0.999729335 0.023053356 -49.743179321 -0.094048016 -0.022656985 0.995309830 543.240905762
0.995415509 -0.005395569 0.095492132 56.560836792 0.003275470 0.999744952 0.022344651 -49.937065125 -0.095588364 -0.021929435 0.995179355 545.563537598
0.995239794 -0.005251625 0.097314544 56.837623596 0.003050224 0.999736369 0.022756476 -50.117130280 -0.097408392 -0.022351317 0.994993448 547.876281738
0.995208979 -0.005167490 0.097633660 57.158779144 0.002857984 0.999713004 0.023779884 -50.305397034 -0.097728521 -0.023386922 0.994938254 550.199157715
0.995172203 -0.005256145 0.098003179 57.472534180 0.002930250 0.999710977 0.023861693 -50.489128113 -0.098100290 -0.023459319 0.994899988 552.509277344
0.995208383 -0.006253872 0.097576253 57.797515869 0.004027287 0.999727368 0.022999207 -50.673004150 -0.097693473 -0.022496039 0.994962215 554.822814941
0.995232582 -0.006627711 0.097304359 58.120761871 0.004376215 0.999718070 0.023333902 -50.858573914 -0.097431600 -0.022796834 0.994981110 557.138000488
0.995187223 -0.006512739 0.097775094 58.435382843 0.004218690 0.999711394 0.023650939 -51.042800903 -0.097900912 -0.023124633 0.994927466 559.451599121
0.995182216 -0.006122853 0.097850963 58.759620667 0.003718873 0.999687195 0.024731308 -51.230525970 -0.097971790 -0.024248265 0.994893670 561.790954590
0.995192170 -0.006478900 0.097726353 59.084945679 0.004021930 0.999671400 0.025317393 -51.413162231 -0.097858272 -0.024802621 0.994891226 564.125183105
0.995171070 -0.005941378 0.097975627 59.405075073 0.003411151 0.999656856 0.025972387 -51.591850281 -0.098096304 -0.025512759 0.994849861 566.440979004
0.995128453 -0.005055534 0.098456264 59.731422424 0.002579805 0.999677658 0.025256563 -51.776893616 -0.098552205 -0.024879528 0.994820833 568.774230957
0.995167434 -0.004050396 0.098109193 60.066474915 0.001751699 0.999722183 0.023504809 -51.952140808 -0.098177142 -0.023219366 0.994898021 571.101074219
0.995181739 -0.003744134 0.097976096 60.404838562 0.001418345 0.999715865 0.023797216 -52.140327454 -0.098037362 -0.023543594 0.994904101 573.423950195
0.995129228 -0.003761421 0.098508731 60.722259521 0.001317719 0.999690056 0.024860280 -52.334426880 -0.098571703 -0.024609387 0.994825542 575.817871094
0.995124519 -0.003884143 0.098549806 61.050201416 0.001297956 0.999653399 0.026292993 -52.526512146 -0.098617777 -0.026036890 0.994784653 578.135192871
0.995078146 -0.003177646 0.099041626 61.373855591 0.000751046 0.999698877 0.024528449 -52.710777283 -0.099089764 -0.024333341 0.994780958 580.529968262
0.995120049 -0.003907203 0.098593973 61.702655792 0.001538373 0.999708593 0.024090711 -52.887283325 -0.098659359 -0.023821477 0.994836152 582.869384766
0.995058894 -0.004450309 0.099186532 62.024700165 0.001892724 0.999663651 0.025864800 -53.083808899 -0.099268287 -0.025549270 0.994732618 585.197509766
0.995123148 -0.004237634 0.098548859 62.352466583 0.001689715 0.999662459 0.025923483 -53.263584137 -0.098625451 -0.025630537 0.994794548 587.516052246
0.995078802 -0.006596202 0.098867133 62.686897278 0.004182859 0.999688625 0.024597412 -53.448894501 -0.098998599 -0.024062814 0.994796693 589.884277344
0.995114446 -0.006963158 0.098482527 63.019378662 0.004552658 0.999685049 0.024679994 -53.630783081 -0.098623358 -0.024111064 0.994832695 592.235229492
0.995107114 -0.008461649 0.098438106 63.340610504 0.006030333 0.999670029 0.024970280 -53.814971924 -0.098616913 -0.024254488 0.994829774 594.572509766
0.995111525 -0.009000023 0.098346449 63.669784546 0.006551156 0.999661088 0.025195021 -53.998878479 -0.098539896 -0.024427574 0.994833171 596.930236816
