1.000000000 0.000000000 0.000000000 0.000000000 0.000000000 1.000000000 0.000000000 0.000000000 0.000000000 0.000000000 1.000000000 0.000000000
0.999999940 0.000034197 0.000390228 0.087503389 -0.000034149 1.000000000 -0.000122111 -0.227466151 -0.000390232 0.000122097 0.999999940 2.286273003
0.999999285 0.000329011 0.001163464 0.165891513 -0.000329482 0.999999881 0.000404633 -0.465082049 -0.001163331 -0.000405016 0.999999225 4.579315662
0.999998450 -0.000018210 0.001773431 0.261685550 0.000017365 0.999999881 0.000476850 -0.694957614 -0.001773440 -0.000476819 0.999998331 6.867608547
0.999996483 -0.000052342 0.002654011 0.355987340 0.000055720 0.999999166 -0.001272862 -0.926254213 -0.002653943 0.001273005 0.999995649 9.160451889
0.999987066 0.001716338 0.004801250 0.446681470 -0.001717417 0.999998510 0.000220731 -1.163601875 -0.004800864 -0.000228973 0.999988377 11.466721535
0.999971092 0.003367169 0.006805946 0.556754231 -0.003377805 0.999993086 0.001552054 -1.401650429 -0.006800673 -0.001574999 0.999975622 13.747481346
0.999952853 0.003229504 0.009149347 0.662272453 -0.003266411 0.999986589 0.004021843 -1.628817558 -0.009136236 -0.004051540 0.999950051 16.019626617
0.999948621 0.003105942 0.009651442 0.763603449 -0.003157184 0.999980927 0.005298455 -1.856880188 -0.009634802 -0.005328653 0.999939382 18.307138443
0.999936759 0.002334613 0.011002361 0.870561898 -0.002398280 0.999980450 0.005777066 -2.084343195 -0.010988658 -0.005803086 0.999922752 20.577148438
0.999930382 -0.000965209 0.011759161 0.987819910 0.000933775 0.999996006 0.002678401 -2.304411411 -0.011761699 -0.002667233 0.999927282 22.903726578
0.999916732 -0.003160877 0.012503792 1.097505927 0.003152657 0.999994874 0.000677117 -2.525392056 -0.012505867 -0.000637641 0.999921560 25.186515808
0.999916136 -0.004372598 0.012184857 1.232300758 0.004368823 0.999990404 0.000336306 -2.776906729 -0.012186208 -0.000283044 0.999925733 27.471361160
0.999901354 -0.003999960 0.013460205 1.334868312 0.004009231 0.999991715 -0.000661844 -3.001662254 -0.013457446 0.000715744 0.999909222 29.758272171
0.999902010 -0.002663094 0.013743524 1.459146619 0.002639241 0.999994993 0.001753428 -3.230015993 -0.013748127 -0.001716984 0.999904037 32.009140015
0.999908745 -0.000633289 0.013495050 1.591327906 0.000578729 0.999991655 0.004046485 -3.451398611 -0.013497499 -0.004038305 0.999900758 34.291053772
0.999874294 0.001591237 0.015777213 1.696568251 -0.001717224 0.999966681 0.007975034 -3.682753325 -0.015763998 -0.008001124 0.999843657 36.605758667
0.999862373 0.003373255 0.016248476 1.816896558 -0.003495810 0.999965668 0.007520012 -3.901112556 -0.016222557 -0.007575778 0.999839664 38.877853394
0.999823093 0.002219897 0.018678900 1.913700104 -0.002324301 0.999981761 0.005569556 -4.101583958 -0.018666197 -0.005611985 0.999810159 41.183753967
0.999823689 -0.000279962 0.018778211 2.041213751 0.000189188 0.999988258 0.004835634 -4.329693317 -0.018779345 -0.004831227 0.999812007 43.459671021
0.999826908 -0.000677274 0.018593889 2.174643755 0.000614901 0.999994099 0.003360014 -4.551466465 -0.018596057 -0.003347999 0.999821484 45.702461243
0.999819040 -0.001434959 0.018976199 2.294125319 0.001389426 0.999996126 0.002412467 -4.781087399 -0.018979589 -0.002385664 0.999817014 47.978321075
0.999811590 -0.002715536 0.019219780 2.428377628 0.002665172 0.999992967 0.002645548 -5.009609222 -0.019226832 -0.002593826 0.999811769 50.261447906
0.999788880 -0.003880597 0.020177333 2.559127331 0.003820506 0.999988079 0.003015869 -5.236436844 -0.020188797 -0.002938145 0.999791861 52.528762817
0.999779403 -0.005140834 0.020364888 2.697194576 0.005079705 0.999982417 0.003052309 -5.467957020 -0.020380225 -0.002948188 0.999787986 54.810096741
0.999746978 -0.005037785 0.021928430 2.822493553 0.004962882 0.999981642 0.003468852 -5.699711800 -0.021945504 -0.003359145 0.999753535 57.104232788
0.999727607 -0.006567975 0.022394590 2.964462757 0.006476819 0.999970376 0.004140567 -5.925602436 -0.022421120 -0.003994392 0.999740660 59.369621277
0.999680340 -0.008318322 0.023871517 3.092359304 0.008237351 0.999960005 0.003488260 -6.149395466 -0.023899578 -0.003290508 0.999708891 61.640098572
0.999668777 -0.009392861 0.023959763 3.248418570 0.009310996 0.999950409 0.003526143 -6.375569344 -0.023991697 -0.003301886 0.999706686 63.892364502
0.999624550 -0.008735995 0.025968740 3.381570816 0.008638236 0.999955118 0.003874385 -6.595256329 -0.026001420 -0.003648606 0.999655247 66.169815063
0.999600351 -0.007610123 0.027230838 3.525549650 0.007489896 0.999961674 0.004514293 -6.824130535 -0.027264157 -0.004308532 0.999618948 68.410545349
0.999551237 -0.007808518 0.028918833 3.662772655 0.007689202 0.999961495 0.004234718 -7.049467564 -0.028950784 -0.004010455 0.999572814 70.663085938
0.999534905 -0.008649640 0.029246790 3.826934814 0.008566664 0.999958873 0.002961280 -7.274456978 -0.029271210 -0.002709355 0.999567807 72.911560059
0.999522209 -0.009560269 0.029390564 3.988678694 0.009460863 0.999948978 0.003519358 -7.502182961 -0.029422710 -0.003239617 0.999561787 75.178977966
0.999466717 -0.010847616 0.030801009 4.147892952 0.010760320 0.999937594 0.002998585 -7.732456684 -0.030831616 -0.002665557 0.999521017 77.443847656
0.999476731 -0.012173879 0.029968239 4.323989868 0.012104161 0.999923587 0.002506712 -7.962368965 -0.029996466 -0.002142660 0.999547720 79.696052551
0.999442101 -0.012591583 0.030936033 4.471967697 0.012526300 0.999918818 0.002303173 -8.182487488 -0.030962525 -0.001914373 0.999518752 81.952262878
0.999429524 -0.011812154 0.031640165 4.649498940 0.011743477 0.999928296 0.002355473 -8.419302940 -0.031665709 -0.001982563 0.999496520 84.240791321
0.999388874 -0.011488554 0.033011783 4.809771061 0.011416212 0.999932051 0.002379067 -8.632218361 -0.033036865 -0.002000744 0.999452114 86.493659973
0.999382317 -0.011857005 0.033082016 4.983155251 0.011733886 0.999923468 0.003913344 -8.871074677 -0.033125892 -0.003522746 0.999444962 88.770385742
0.999360800 -0.010965244 0.034025628 5.143595695 0.010809416 0.999930263 0.004760372 -9.100972176 -0.034075458 -0.004389531 0.999409735 91.024261475
0.999334335 -0.010988142 0.034786634 5.311759949 0.010838669 0.999931157 0.004482572 -9.319597244 -0.034833502 -0.004102547 0.999384642 93.272941589
0.999317229 -0.011112727 0.035235409 5.481855392 0.010980869 0.999931991 0.003933588 -9.537144661 -0.035276733 -0.003543986 0.999371290 95.524703979
0.999285042 -0.011486933 0.036020484 5.648944378 0.011347597 0.999927282 0.004070256 -9.758107185 -0.036064629 -0.003658600 0.999342740 97.780395508
0.999255598 -0.011173127 0.036924858 5.811685562 0.011046936 0.999932408 0.003619783 -9.989142418 -0.036962807 -0.003209182 0.999311507 100.017364502
0.999177814 -0.011181080 0.038972463 5.962818623 0.011009766 0.999928713 0.004607608 -10.205873489 -0.039021198 -0.004174742 0.999229729 102.238784790
0.999183059 -0.011634730 0.038705364 6.166854382 0.011469295 0.999924123 0.004493531 -10.427609444 -0.038754713 -0.004045936 0.999240577 104.506584167
0.999143183 -0.012404834 0.039482623 6.341692924 0.012202447 0.999911189 0.005362902 -10.645911217 -0.039545640 -0.004876522 0.999205887 106.737808228
0.999099255 -0.013849936 0.040107608 6.522763252 0.013638288 0.999891639 0.005545807 -10.861881256 -0.040180072 -0.004993813 0.999179900 108.980567932
0.999059498 -0.015138143 0.040629771 6.708471775 0.014885720 0.999868035 0.006508110 -11.085783958 -0.040722933 -0.005897186 0.999153078 111.224586487
0.999038041 -0.015787147 0.040909726 6.899515152 0.015590535 0.999865353 0.005120556 -11.306856155 -0.040985055 -0.004477827 0.999149680 113.480918884
0.998996496 -0.016635112 0.041584071 7.083059311 0.016476335 0.999855638 0.004158062 -11.525144577 -0.041647241 -0.003468737 0.999126315 115.721534729
0.998961627 -0.016836487 0.042332537 7.262404442 0.016660031 0.999850988 0.004517559 -11.750114441 -0.042402286 -0.003807607 0.999093354 117.954681396
0.998911917 -0.017001973 0.043427166 7.451123714 0.016774740 0.999843657 0.005591571 -11.973018646 -0.043515448 -0.004857008 0.999040902 120.205055237
0.998883367 -0.017765842 0.043776933 7.653767586 0.017523013 0.999828875 0.005924549 -12.195222855 -0.043874696 -0.005150830 0.999023795 122.406929016
0.998831511 -0.018343752 0.044710949 7.847177029 0.018110069 0.999820173 0.005625954 -12.416223526 -0.044806104 -0.004809661 0.998984098 124.701240540
0.998795033 -0.018566463 0.045427650 8.029333115 0.018357214 0.999818861 0.005019103 -12.642451286 -0.045512605 -0.004179130 0.998955011 126.968719482
0.998769641 -0.020299200 0.045245554 8.219293594 0.020079514 0.999784291 0.005304664 -12.858727455 -0.045343477 -0.004389629 0.998961747 129.227890015
0.998787761 -0.021451432 0.044303548 8.410972595 0.021220051 0.999758661 0.005686348 -13.078722000 -0.044414837 -0.004739330 0.999001920 131.481735229
0.998842478 -0.021856371 0.042847663 8.608856201 0.021589393 0.999744594 0.006683775 -13.293972969 -0.042982787 -0.005750983 0.999059260 133.717514038
0.998890102 -0.022883635 0.041169852 8.796046257 0.022648608 0.999724388 0.006166227 -13.514267921 -0.041299623 -0.005226943 0.999133110 135.965988159
0.998952746 -0.023688765 0.039146248 9.002075195 0.023475442 0.999706984 0.005900232 -13.732046127 -0.039274544 -0.004975078 0.999216020 138.190490723
0.998939514 -0.024318486 0.039093535 9.171123505 0.024097400 0.999690890 0.006116624 -13.959983826 -0.039230205 -0.005168084 0.999216855 140.482864380
0.998925805 -0.024574243 0.039286207 9.339461327 0.024349770 0.999684334 0.006182151 -14.168133736 -0.039425731 -0.005218899 0.999208927 142.714965820
0.998970032 -0.024383068 0.038266338 9.535339355 0.024106188 0.999679863 0.007680510 -14.397410393 -0.038441364 -0.006750144 0.999238074 144.964706421
0.998986065 -0.023579767 0.038355198 9.709790230 0.023347437 0.999706328 0.006494135 -14.611746788 -0.038497072 -0.005592052 0.999243021 147.209732056
0.999014676 -0.022329591 0.038352914 9.890909195 0.022150133 0.999741793 0.005097658 -14.831027985 -0.038456831 -0.004243114 0.999251246 149.457077026
0.999027073 -0.021160532 0.038692750 10.067861557 0.021019097 0.999770820 0.004058541 -15.049998283 -0.038769767 -0.003241305 0.999242902 151.689910889
0.999039948 -0.020456871 0.038738512 10.252546310 0.020307798 0.999784768 0.004237799 -15.265549660 -0.038816866 -0.003447036 0.999240398 153.915985107
0.999027491 -0.019953992 0.039315462 10.435239792 0.019797035 0.999794364 0.004377424 -15.481882095 -0.039394729 -0.003594838 0.999217272 156.160568237
0.999040067 -0.018290877 0.039802965 10.607327461 0.018068578 0.999819040 0.005937618 -15.698874474 -0.039904371 -0.005212735 0.999189854 158.373016357
0.999004781 -0.017668091 0.040955309 10.788103104 0.017403696 0.999825418 0.006803238 -15.915456772 -0.041068356 -0.006083693 0.999137878 160.610641479
0.998985469 -0.016278697 0.041988764 10.967435837 0.015914327 0.999832869 0.008997447 -16.144083023 -0.042128220 -0.008320095 0.999077559 162.861267090
0.998955488 -0.015965519 0.042813625 11.149979591 0.015629131 0.999844372 0.008180312 -16.347826004 -0.042937566 -0.007502628 0.999049604 165.101074219
0.998919010 -0.015321883 0.043886304 11.342594147 0.015028705 0.999862552 0.007002599 -16.561906815 -0.043987565 -0.006335475 0.999011993 167.338333130
0.998851359 -0.013365231 0.046013322 11.523600578 0.013040970 0.999888062 0.007340111 -16.775413513 -0.046106279 -0.006731622 0.998913884 169.566131592
0.998732090 -0.013029204 0.048625931 11.707706451 0.012657571 0.999888301 0.007942848 -17.006067276 -0.048723996 -0.007317292 0.998785436 171.824523926
0.998607755 -0.013291940 0.051047839 11.909152985 0.012919826 0.999887586 0.007612609 -17.217714310 -0.051143285 -0.006942480 0.998667300 174.083038330
0.998527765 -0.013281569 0.052591700 12.115142822 0.012855991 0.999881864 0.008422176 -17.437854767 -0.052697346 -0.007733660 0.998580515 176.320205688
0.998468935 -0.013639355 0.053609677 12.318138123 0.013162020 0.999870598 0.009246943 -17.646375656 -0.053728867 -0.008527173 0.998519182 178.543777466
0.998453498 -0.015135866 0.053492587 12.525936127 0.014668504 0.999850750 0.009118772 -17.862134933 -0.053622622 -0.008320013 0.998526633 180.771835327
0.998404741 -0.016117156 0.054114118 12.724645615 0.015670080 0.999839485 0.008675910 -18.070091248 -0.054245271 -0.007814095 0.998497069 183.017929077
0.998464882 -0.017451731 0.052566007 12.953223228 0.016996302 0.999814153 0.009098577 -18.300535202 -0.052715026 -0.008191184 0.998575985 185.250305176
0.998456717 -0.019364944 0.052049465 13.162077904 0.018873280 0.999772668 0.009921069 -18.514518738 -0.052229751 -0.008923416 0.998595238 187.495498657
0.998475909 -0.020213505 0.051353551 13.374324799 0.019754890 0.999760568 0.009422465 -18.721199036 -0.051531710 -0.008393620 0.998636127 189.739562988
0.998423517 -0.021972876 0.051648263 13.575146675 0.021518933 0.999724925 0.009328781 -18.943651199 -0.051839039 -0.008202661 0.998621762 191.957305908
0.998398125 -0.023672489 0.051388424 13.777869225 0.023262363 0.999692738 0.008564547 -19.152540207 -0.051575370 -0.007355410 0.998642027 194.193008423
0.998416960 -0.023365568 0.051163238 13.989496231 0.022933984 0.999696434 0.009006390 -19.367046356 -0.051358148 -0.007818757 0.998649657 196.431732178
0.998424947 -0.021739457 0.051720951 14.200716972 0.021270502 0.999727666 0.009600315 -19.582288742 -0.051915567 -0.008485063 0.998615503 198.663696289
0.998469591 -0.018846670 0.051991593 14.397832870 0.018406827 0.999790728 0.008925776 -19.800296783 -0.052148931 -0.007955116 0.998607635 200.919219971
0.998447716 -0.018429831 0.052558981 14.610354424 0.018034736 0.999805450 0.007981660 -20.010452271 -0.052695863 -0.007021382 0.998585939 203.183868408
0.998405933 -0.018756934 0.053234238 14.810976982 0.018318374 0.999794304 0.008714388 -20.218959808 -0.053386744 -0.007725332 0.998543978 205.408233643
0.998382986 -0.020565733 0.052996885 15.041679382 0.020117413 0.999757290 0.008979090 -20.441373825 -0.053168684 -0.007898409 0.998554289 207.669143677
0.998324156 -0.019967690 0.054316711 15.246564865 0.019491294 0.999766886 0.009286417 -20.643562317 -0.054489482 -0.008212150 0.998480499 209.914093018
0.998251498 -0.020461710 0.055454671 15.464243889 0.019895818 0.999744415 0.010737592 -20.874206543 -0.055660207 -0.009615501 0.998403490 212.156402588
0.998190403 -0.019047907 0.057035528 15.697911263 0.018449238 0.999769270 0.011004776 -21.081691742 -0.057231978 -0.009932599 0.998311639 214.390808105
0.998024881 -0.017520308 0.060327377 15.901533127 0.016880861 0.999795973 0.011093048 -21.286249161 -0.060509421 -0.010052760 0.998117030 216.662567139
0.997884810 -0.017603988 0.062576719 16.128425598 0.016913349 0.999790251 0.011549328 -21.492870331 -0.062766895 -0.010466518 0.997973323 218.897979736
0.997732222 -0.019002119 0.064568818 16.360107422 0.018245865 0.999758065 0.012282009 -21.695566177 -0.064786583 -0.011076046 0.997837603 221.127151489
0.997632086 -0.020198783 0.065745108 16.595720291 0.019387824 0.999728143 0.012949719 -21.893875122 -0.065988801 -0.011644400 0.997752428 223.355529785
0.997545004 -0.022418624 0.066344664 16.843009949 0.021655139 0.999691010 0.012204845 -22.099740982 -0.066597797 -0.010738177 0.997722030 225.579177856
0.997495234 -0.023503451 0.066713877 17.080656052 0.022752263 0.999669075 0.011997493 -22.301425934 -0.066973783 -0.010449551 0.997699976 227.820373535
0.997444570 -0.023753138 0.067382045 17.318239212 0.022978097 0.999660850 0.012254192 -22.503715515 -0.067650266 -0.010674564 0.997651994 230.056747437
0.997385323 -0.024675401 0.067922749 17.562276840 0.023962183 0.999649107 0.011295288 -22.707851410 -0.068177626 -0.009638177 0.997626662 232.303161621
0.997349620 -0.025605597 0.068103842 17.813699722 0.024791783 0.999610960 0.012768196 -22.918315887 -0.068404280 -0.011045938 0.997596502 234.578536987
0.997305930 -0.025396395 0.068816610 18.053667068 0.024580559 0.999617457 0.012676276 -23.116773605 -0.069112234 -0.010950577 0.997548699 236.822280884
0.997245610 -0.025105122 0.069791786 18.285614014 0.024279874 0.999625206 0.012647828 -23.316289902 -0.070083141 -0.010918456 0.997481406 239.020507812
0.997218490 -0.025486955 0.070040882 18.535442352 0.024634268 0.999611855 0.013011195 -23.518939972 -0.070345327 -0.011249597 0.997459292 241.239471436
0.997161686 -0.026095347 0.070622504 18.783552170 0.025215263 0.999593258 0.013324887 -23.721347809 -0.070941493 -0.011506300 0.997414231 243.478240967
0.997128785 -0.026326351 0.071000777 19.032596588 0.025491266 0.999595106 0.012642377 -23.927114487 -0.071304880 -0.010796177 0.997396052 245.701202393
0.997124434 -0.025917886 0.071213342 19.286821365 0.025128741 0.999612749 0.011955187 -24.132091522 -0.071495615 -0.010131308 0.997389436 247.935241699
0.997092366 -0.026338305 0.071505532 19.541362762 0.025489612 0.999593675 0.012755706 -24.339998245 -0.071812421 -0.010895969 0.997358620 250.167922974
0.997051299 -0.027639851 0.071587324 19.799398422 0.026797535 0.999560297 0.012700166 -24.544368744 -0.071906872 -0.010744355 0.997353435 252.402526855
0.997055292 -0.027776983 0.071478337 20.072376251 0.026881831 0.999548018 0.013455254 -24.749763489 -0.071819790 -0.011494165 0.997351408 254.673019409
0.997037530 -0.028645501 0.071384318 20.315866470 0.027732067 0.999520779 0.013754672 -24.952098846 -0.071744122 -0.011734291 0.997354090 256.888580322
0.996974468 -0.029166097 0.072050616 20.572860718 0.028193744 0.999497592 0.014475987 -25.168680191 -0.072436646 -0.012400813 0.997295916 259.168853760
0.996942341 -0.028747141 0.072660901 20.831830978 0.027803894 0.999515891 0.013960007 -25.366920471 -0.073027059 -0.011897066 0.997258961 261.412048340
0.996929169 -0.028688805 0.072863810 21.096639633 0.027780216 0.999523461 0.013452781 -25.563966751 -0.073215023 -0.011387295 0.997251153 263.665161133
0.996911705 -0.027874861 0.073416896 21.362491608 0.027000982 0.999552548 0.012868879 -25.764286041 -0.073742747 -0.010846809 0.997218311 265.903350830
0.996861517 -0.027398566 0.074271731 21.624135971 0.026497735 0.999563217 0.013087416 -25.962629318 -0.074597850 -0.011078311 0.997152150 268.143829346
0.996722817 -0.026966956 0.076265648 21.876811981 0.026082316 0.999580681 0.012571908 -26.167955399 -0.076572701 -0.010541522 0.997008264 270.394744873
0.996679127 -0.027688429 0.076576926 22.161542892 0.026780471 0.999558628 0.012858570 -26.372898102 -0.076899149 -0.010765101 0.996980727 272.638854980
0.996444225 -0.028043969 0.079452246 22.405929565 0.027049057 0.999541998 0.013571063 -26.570577621 -0.079796433 -0.011373698 0.996746302 274.880798340
0.996334493 -0.027902752 0.080863930 22.683710098 0.026843689 0.999539435 0.014154721 -26.756498337 -0.081221633 -0.011932151 0.996624708 277.121856689
0.996273935 -0.027335390 0.081798971 22.965608597 0.026058486 0.999521911 0.016637510 -26.977663040 -0.082214676 -0.014443957 0.996509969 279.359741211
0.996180356 -0.027096298 0.083008654 23.249759674 0.025696786 0.999509811 0.017882220 -27.177635193 -0.083452523 -0.015680866 0.996388316 281.594848633
0.996085703 -0.026053783 0.084465690 23.524354935 0.024647282 0.999540269 0.017652107 -27.362882614 -0.084886789 -0.015501160 0.996270001 283.851867676
0.995977938 -0.025075294 0.086017884 23.797140121 0.023656171 0.999567330 0.017477999 -27.554000854 -0.086418942 -0.015372847 0.996140301 286.085083008
0.996000946 -0.024572240 0.085896417 24.090267181 0.023272626 0.999599516 0.016098935 -27.736896515 -0.086257599 -0.014035520 0.996173978 288.327117920
0.995925963 -0.025454091 0.086507164 24.366584778 0.024106544 0.999571800 0.016586596 -27.937274933 -0.086892314 -0.014433636 0.996113122 290.553070068
0.995894432 -0.025488662 0.086859860 24.642705917 0.024311673 0.999598086 0.014581606 -28.114833832 -0.087196626 -0.012410031 0.996113837 292.805877686
0.995913029 -0.026271032 0.086412370 24.931894302 0.025203964 0.999592245 0.013416692 -28.305694580 -0.086729616 -0.011183920 0.996169090 295.038879395
0.995895147 -0.026217494 0.086633541 25.214338303 0.025156654 0.999594867 0.013314415 -28.504236221 -0.086947531 -0.011080352 0.996151209 297.268676758
0.995907128 -0.025469875 0.086719021 25.499956131 0.024400929 0.999612987 0.013364461 -28.699707031 -0.087025851 -0.011193740 0.996143162 299.505981445
0.995867431 -0.025528766 0.087156050 25.771675110 0.024347017 0.999597013 0.014595359 -28.907016754 -0.087493539 -0.012413055 0.996087730 301.736602783
0.995858312 -0.026267627 0.087040901 26.066186905 0.025074091 0.999576390 0.014777579 -29.104595184 -0.087392189 -0.012533903 0.996095240 303.996368408
0.995825648 -0.026070628 0.087473519 26.353834152 0.024852009 0.999578714 0.014991708 -29.300842285 -0.087827526 -0.012755235 0.996054053 306.240783691
0.995826662 -0.027071977 0.087157428 26.645469666 0.025858101 0.999552667 0.015026670 -29.506416321 -0.087525234 -0.012710231 0.996081352 308.486694336
0.995755792 -0.028030917 0.087661929 26.930286407 0.026779819 0.999522507 0.015415644 -29.699657440 -0.088052168 -0.013002647 0.996030986 310.742980957
0.995727420 -0.027692784 0.088092498 27.218200684 0.026494088 0.999540150 0.014747764 -29.898334503 -0.088460401 -0.012350819 0.996003091 312.984039307
0.995740414 -0.027194688 0.088099092 27.514434814 0.025918694 0.999542356 0.015595515 -30.098764420 -0.088482901 -0.013245673 0.995989561 315.227355957
0.995708168 -0.025334027 0.089013837 27.800155640 0.024101628 0.999598563 0.014892811 -30.297985077 -0.089355394 -0.012683516 0.995919049 317.461334229
0.995701313 -0.023630798 0.089557327 28.085952759 0.022347525 0.999633133 0.015304919 -30.493347168 -0.089886136 -0.013237744 0.995864093 319.705932617
0.995645761 -0.022499062 0.090460785 28.370069504 0.021260062 0.999666810 0.014636976 -30.690452576 -0.090759978 -0.012650042 0.995792568 321.930480957
0.995604932 -0.022219036 0.090978973 28.657445908 0.020907169 0.999663591 0.015347339 -30.885364532 -0.091289386 -0.013377774 0.995734572 324.159423828
0.995632291 -0.022026464 0.090726145 28.961406708 0.020592019 0.999648213 0.016716653 -31.091711044 -0.091062434 -0.014775403 0.995735705 326.387390137
0.995566189 -0.022571668 0.091315560 29.244142532 0.021145249 0.999639273 0.016558310 -31.289638519 -0.091656372 -0.014554001 0.995684326 328.626251221
0.995567918 -0.024167914 0.090886556 29.549074173 0.022827981 0.999615371 0.015753750 -31.483184814 -0.091232322 -0.013609176 0.995736599 330.860839844
0.995541155 -0.023484336 0.091357857 29.837318420 0.022154225 0.999633670 0.015546481 -31.680932999 -0.091689497 -0.013453199 0.995696723 333.088867188
0.995501220 -0.023864049 0.091694295 30.128320694 0.022412386 0.999607146 0.016828975 -31.875204086 -0.092059910 -0.014698179 0.995644927 335.325927734
0.995528281 -0.024141669 0.091326550 30.432439804 0.022700384 0.999601364 0.016787803 -32.065120697 -0.091695420 -0.014639585 0.995679498 337.558349609
0.995520532 -0.024005445 0.091448620 30.718406677 0.022526253 0.999598861 0.017173201 -32.262298584 -0.091824181 -0.015036280 0.995661676 339.787780762
0.995530427 -0.024021013 0.091335200 31.018522263 0.022572089 0.999603093 0.016863925 -32.458885193 -0.091704026 -0.014726928 0.995677412 342.033905029
0.995529115 -0.024018677 0.091350608 31.312179565 0.022513064 0.999593794 0.017476819 -32.652832031 -0.091733269 -0.015342099 0.995665431 344.286346436
0.995578289 -0.023246197 0.091012739 31.605630875 0.021744370 0.999611139 0.017458333 -32.842437744 -0.091383189 -0.015402125 0.995696604 346.524444580
0.995599031 -0.023062864 0.090833291 31.896717072 0.021577535 0.999617398 0.017300608 -33.032226562 -0.091197558 -0.015264508 0.995715797 348.764404297
0.995577753 -0.022567788 0.091189899 32.185848236 0.021030428 0.999620736 0.017784841 -33.227664948 -0.091556676 -0.015788434 0.995674610 351.002807617
0.995607674 -0.022813333 0.090801127 32.477008820 0.021255208 0.999610543 0.018090012 -33.414993286 -0.091178454 -0.016080562 0.995704710 353.221191406
0.995614588 -0.022530869 0.090797558 32.764759064 0.021017781 0.999624372 0.017586378 -33.608161926 -0.091159709 -0.015600891 0.995714009 355.458282471
0.995625675 -0.022712318 0.090628356 33.054771423 0.021166669 0.999614298 0.017979745 -33.797466278 -0.091001764 -0.015982797 0.995722413 357.686859131
0.995709121 -0.021792794 0.089935951 33.353946686 0.020167576 0.999617219 0.018940290 -33.993003845 -0.090314277 -0.017045228 0.995767534 359.927124023
0.995745122 -0.021916760 0.089505404 33.651763916 0.020287963 0.999612272 0.019067256 -34.186141968 -0.089888595 -0.017170247 0.995803773 362.174407959
0.995780051 -0.021967120 0.089104168 33.946979523 0.020303236 0.999602973 0.019537153 -34.375808716 -0.089497983 -0.017645603 0.995830655 364.410919189
0.995822847 -0.021919472 0.088635616 34.239944458 0.020318039 0.999614358 0.018929726 -34.565963745 -0.089016356 -0.017049748 0.995884240 366.659362793
0.995838583 -0.022687828 0.088264897 34.528743744 0.021122901 0.999603391 0.018623814 -34.755432129 -0.088652417 -0.016681902 0.995922923 368.909667969
0.995826662 -0.022530111 0.088440768 34.812122345 0.021042144 0.999621511 0.017721038 -34.939952850 -0.088806555 -0.015786096 0.995923817 371.172637939
0.995869935 -0.022984339 0.087834030 35.097816467 0.021500995 0.999610424 0.017797099 -35.134323120 -0.088208847 -0.015835078 0.995976090 373.399475098
0.996026635 -0.023014851 0.086030655 35.404716492 0.021506015 0.999598980 0.018424308 -35.323421478 -0.086420208 -0.016500928 0.996122122 375.638580322
0.995884061 -0.022561137 0.087782517 35.675735474 0.020979663 0.999601305 0.018896980 -35.512474060 -0.088173851 -0.016977558 0.995960414 377.892456055
0.995875120 -0.023192067 0.087720111 35.966125488 0.021593260 0.999583781 0.019131564 -35.706645966 -0.088127300 -0.017158490 0.995961428 380.139068604
0.995902896 -0.023294225 0.087377287 36.265541077 0.021690713 0.999579370 0.019256471 -35.892833710 -0.087789096 -0.017282300 0.995989084 382.395416260
0.995909631 -0.022400156 0.087533928 36.558097839 0.020761242 0.999592543 0.019589046 -36.085044861 -0.087937064 -0.017691607 0.995968938 384.652191162
0.995928347 -0.021424392 0.087565564 36.849693298 0.019790638 0.999614298 0.019483348 -36.266281128 -0.087949216 -0.017671043 0.995968342 386.914367676
0.995966792 -0.020175580 0.087424606 37.150108337 0.018561194 0.999642551 0.019239860 -36.458538055 -0.087781549 -0.017539555 0.995985329 389.186584473
0.995961368 -0.018717628 0.087809093 37.433860779 0.017085336 0.999667585 0.019304009 -36.650695801 -0.088141233 -0.017725797 0.995950282 391.465606689
0.995993257 -0.017349886 0.087729052 37.726684570 0.015580675 0.999661922 0.020811524 -36.839866638 -0.088060476 -0.019361261 0.995926976 393.731079102
0.995930433 -0.016107088 0.088673919 38.005023956 0.014299219 0.999677539 0.020985439 -37.024642944 -0.088983342 -0.019632068 0.995839596 395.997100830
0.995872080 -0.015948795 0.089355148 38.295837402 0.014265654 0.999709189 0.019443655 -37.217353821 -0.089639269 -0.018088687 0.995810032 398.264282227
0.995816827 -0.015770951 0.090000793 38.583892822 0.014121319 0.999720931 0.018936532 -37.409206390 -0.090274304 -0.017586386 0.995761573 400.529113770
0.995674014 -0.016889740 0.091367826 38.861206055 0.015109530 0.999682963 0.020140789 -37.596969604 -0.091679052 -0.018673137 0.995613515 402.766754150
0.995669723 -0.018326601 0.091136307 39.166362762 0.016459180 0.999639869 0.021200009 -37.786170959 -0.091491997 -0.019608177 0.995612741 405.050262451
0.995604038 -0.018815469 0.091752760 39.454986572 0.016943676 0.999633014 0.021136899 -37.972629547 -0.092116803 -0.019489357 0.995557427 407.304931641
0.995575488 -0.017725358 0.092278279 39.772075653 0.015931234 0.999670148 0.020143047 -38.152725220 -0.092604868 -0.018583817 0.995529473 409.563018799
0.995556533 -0.016949641 0.092629299 40.080314636 0.015120480 0.999677300 0.020413430 -38.344032288 -0.092945412 -0.018922117 0.995491385 411.824829102
0.995497763 -0.015754730 0.093466453 40.374607086 0.013940482 0.999702096 0.020031992 -38.530834198 -0.093754195 -0.018638834 0.995420873 414.071655273
0.995412946 -0.014660168 0.094541200 40.678707123 0.012835431 0.999720097 0.019880280 -38.715431213 -0.094806179 -0.018575611 0.995322406 416.344085693
0.995386124 -0.014970016 0.094775617 40.991828918 0.013148383 0.999717176 0.019815899 -38.906284332 -0.095045440 -0.018478325 0.995301425 418.596832275
0.995276988 -0.014900342 0.095925480 41.289962769 0.013046931 0.999716461 0.019919693 -39.092884064 -0.096195094 -0.018574081 0.995189130 420.850921631
0.995207846 -0.015060329 0.096615665 41.590938568 0.013221988 0.999719679 0.019639483 -39.284500122 -0.096884340 -0.018267917 0.995127916 423.108734131
0.995142221 -0.015439467 0.097228952 41.900390625 0.013470057 0.999691248 0.020879328 -39.474445343 -0.097521290 -0.019468224 0.995042980 425.377258301
0.995091796 -0.014737667 0.097852126 42.204929352 0.012684049 0.999686658 0.021575980 -39.660453796 -0.098139450 -0.020228919 0.994967043 427.628753662
0.995025992 -0.013962829 0.098632626 42.518737793 0.011829961 0.999684036 0.022176223 -39.843902588 -0.098911099 -0.020899098 0.994876802 429.904113770
0.995020986 -0.014730387 0.098572433 42.832046509 0.012595975 0.999673247 0.022240672 -40.033020020 -0.098867863 -0.020888316 0.994881272 432.186889648
0.994957507 -0.015328698 0.099119246 43.146636963 0.013217658 0.999672353 0.021919739 -40.228324890 -0.099422768 -0.020499086 0.994834065 434.449096680
0.994952202 -0.014495509 0.099297717 43.467430115 0.012363918 0.999680459 0.022048533 -40.399906158 -0.099585593 -0.020709524 0.994813442 436.716522217
0.994917452 -0.015021779 0.099567145 43.786949158 0.012841948 0.999664545 0.022497972 -40.588733673 -0.099871717 -0.021104990 0.994776428 438.999511719
0.994989991 -0.015167098 0.098817348 44.115493774 0.013004785 0.999662578 0.022489462 -40.768600464 -0.099125095 -0.021091692 0.994851410 441.274108887
0.994943678 -0.014873050 0.099326789 44.432872772 0.012550740 0.999634027 0.023964630 -40.975608826 -0.099646881 -0.022596831 0.994766235 443.540313721
0.994897246 -0.015328603 0.099721722 44.753063202 0.012973212 0.999622345 0.024225414 -41.156539917 -0.100055397 -0.022808088 0.994720399 445.818267822
0.994869947 -0.014984746 0.100045614 45.065807343 0.012671669 0.999638379 0.023715850 -41.337856293 -0.100364804 -0.022326441 0.994700193 448.083831787
0.994890809 -0.014270102 0.099942617 45.386524200 0.011992185 0.999655306 0.023356080 -41.521278381 -0.100241445 -0.022038218 0.994719028 450.343627930
0.994849265 -0.013665067 0.100441292 45.701442719 0.011391970 0.999666750 0.023169935 -41.710731506 -0.100724451 -0.021906365 0.994673073 452.608154297
0.994764388 -0.013079097 0.101354577 46.012645721 0.010776348 0.999671996 0.023234069 -41.885261536 -0.101625226 -0.022020197 0.994579017 454.882263184
0.994736671 -0.013339082 0.101593480 46.325447083 0.011040728 0.999670982 0.023151860 -42.076789856 -0.101868905 -0.021908334 0.994556487 457.146301270
0.994775176 -0.012378400 0.101338036 46.657241821 0.010161746 0.999698341 0.022360943 -42.257827759 -0.101584256 -0.021214334 0.994600713 459.429199219
0.994732022 -0.011395738 0.101873942 46.972557068 0.009112076 0.999697268 0.022853857 -42.442138672 -0.102103524 -0.021805184 0.994534791 461.712615967
0.994771659 -0.011149126 0.101513147 47.296665192 0.008736859 0.999669433 0.024176780 -42.626556396 -0.101749159 -0.023163470 0.994540393 463.990936279
0.994821310 -0.011114098 0.101029553 47.609542847 0.008680174 0.999662161 0.024498967 -42.803726196 -0.101267695 -0.023495145 0.994581699 466.255249023
0.994895101 -0.011082277 0.100304373 47.929904938 0.008770426 0.999686301 0.023460045 -42.985965729 -0.100532874 -0.022460569 0.994680107 468.535491943
0.994982064 -0.011037257 0.099442847 48.261871338 0.008783989 0.999695301 0.023068378 -43.172111511 -0.099667177 -0.022079118 0.994775832 470.829528809
0.995056927 -0.011529729 0.098634563 48.579627991 0.009192326 0.999666750 0.024119318 -43.361228943 -0.098879784 -0.023093417 0.994831383 473.108947754
0.995028198 -0.011819706 0.098889537 48.881439209 0.009424095 0.999651492 0.024657270 -43.548065186 -0.099146523 -0.023602735 0.994792819 475.384063721
0.995165944 -0.011538049 0.097527727 49.203273773 0.009252667 0.999672651 0.023853023 -43.713645935 -0.097771019 -0.022835324 0.994946897 477.679229736
0.995183229 -0.011737292 0.097326308 49.517402649 0.009414720 0.999660671 0.024288760 -43.893959045 -0.097578347 -0.023255469 0.994956076 479.963043213
0.995210350 -0.012136178 0.097000614 49.834815979 0.009763929 0.999642432 0.024893442 -44.074378967 -0.097268052 -0.023827096 0.994972885 482.239044189
0.995220125 -0.012640471 0.096835367 50.140640259 0.010350999 0.999655724 0.024108933 -44.252967834 -0.097106799 -0.022991354 0.995008349 484.525726318
0.995284677 -0.013059556 0.096113175 50.453891754 0.010693517 0.999627948 0.025091281 -44.445159912 -0.096405104 -0.023945179 0.995054066 486.827911377
0.995337605 -0.013178212 0.095547065 50.765644073 0.010855594 0.999633729 0.024787828 -44.619163513 -0.095838726 -0.023635041 0.995116234 489.112365723
0.995352566 -0.012606294 0.095468864 51.072296143 0.010249344 0.999631464 0.025138428 -44.794567108 -0.095750600 -0.024043107 0.995114863 491.411193848
0.995412052 -0.012014139 0.094923414 51.382701874 0.009620450 0.999625087 0.025634594 -44.972202301 -0.095195785 -0.024603780 0.995154560 493.694396973
0.995397449 -0.011476361 0.095143162 51.679985046 0.009113275 0.999639988 0.025234595 -45.146495819 -0.095398523 -0.024251388 0.995143652 495.994750977
0.995432734 -0.011089639 0.094818532 51.997310638 0.008786554 0.999656916 0.024672516 -45.329719543 -0.095059596 -0.023726705 0.995188773 498.298614502
0.995468795 -0.010822991 0.094470650 52.300636292 0.008458894 0.999641776 0.025389364 -45.507953644 -0.094711594 -0.024475202 0.995203793 500.597106934
0.995466053 -0.010260774 0.094562210 52.599643707 0.007867634 0.999640107 0.025645765 -45.688850403 -0.094791338 -0.024785504 0.995188594 502.875915527
0.995504618 -0.009390417 0.094246462 52.906040192 0.007073643 0.999665260 0.024886156 -45.867645264 -0.094448604 -0.024107613 0.995237827 505.159942627
0.995483875 -0.009082999 0.094495408 53.201538086 0.006676192 0.999646008 0.025755133 -46.050525665 -0.094695903 -0.025007950 0.995192111 507.448669434
0.995494485 -0.009787877 0.094312750 53.507808685 0.007449519 0.999656856 0.025113903 -46.236865997 -0.094526179 -0.024298172 0.995225787 509.735137939
0.995525241 -0.010500775 0.093910240 53.820793152 0.008099005 0.999631226 0.025919834 -46.421779633 -0.094147764 -0.025043271 0.995243311 512.039672852
0.995520353 -0.010155939 0.094001718 54.123275757 0.007737486 0.999630511 0.026056577 -46.597812653 -0.094231628 -0.025212515 0.995230973 514.346496582
0.995532393 -0.009551344 0.093935922 54.426055908 0.007159949 0.999642491 0.025761880 -46.775043488 -0.094148397 -0.024974208 0.995244801 516.652221680
0.995501339 -0.008664993 0.094350398 54.720134735 0.006279269 0.999653757 0.025553385 -46.956542969 -0.094539143 -0.024845978 0.995211065 518.945617676
0.995443821 -0.006330153 0.095140636 55.019603729 0.003883153 0.999657452 0.025882984 -47.141078949 -0.095271915 -0.025395608 0.995127320 521.273132324
0.995388627 -0.004333004 0.095827982 55.329208374 0.001837049 0.999657154 0.026119109 -47.320137024 -0.095908299 -0.025822617 0.995055199 523.597229004
0.995330274 -0.003539308 0.096462384 55.641765594 0.000923418 0.999630988 0.027149402 -47.490783691 -0.096522868 -0.026933551 0.994966269 525.916687012
0.995261848 -0.004050912 0.097145952 55.945964813 0.001438732 0.999635875 0.026944220 -47.665496826 -0.097219735 -0.026676785 0.994905472 528.213317871
0.995223641 -0.005784439 0.097449571 56.257415771 0.003049575 0.999597907 0.028190007 -47.840068817 -0.097573459 -0.027758181 0.994841099 530.522888184
0.995171726 -0.007349597 0.097873703 56.580562592 0.004626677 0.999596715 0.028018704 -48.015647888 -0.098040156 -0.027430590 0.994804323 532.840087891
0.995150626 -0.007493321 0.098076731 56.898391724 0.004819486 0.999610960 0.027471252 -48.192165375 -0.098244414 -0.026865350 0.994799614 535.145996094
0.995050132 -0.007575043 0.099085011 57.211143494 0.004890712 0.999615133 0.027306078 -48.368774414 -0.099253736 -0.026686316 0.994704247 537.463500977
0.994965374 -0.007198094 0.099960692 57.518810272 0.004524532 0.999626577 0.026947130 -48.552612305 -0.100117341 -0.026359187 0.994626403 539.769592285
0.994858861 -0.006165877 0.101083368 57.832508087 0.003512595 0.999645114 0.026405461 -48.727111816 -0.101210319 -0.025914639 0.994527400 542.096679688
0.994783044 -0.005696222 0.101853862 58.162933350 0.003153529 0.999679804 0.025107732 -48.902290344 -0.101964273 -0.024655551 0.994482398 544.423950195
0.994624555 -0.005573590 0.103397109 58.463813782 0.002914664 0.999661565 0.025848951 -49.085651398 -0.103506193 -0.025408635 0.994304240 546.742614746
0.994568110 -0.005759014 0.103928387 58.789501190 0.002948401 0.999626279 0.027177140 -49.273166656 -0.104046054 -0.026723094 0.994213402 549.060668945
0.994469404 -0.005566135 0.104879059 59.108024597 0.002706064 0.999621093 0.027392780 -49.451374054 -0.104991786 -0.026957469 0.994107664 551.357299805
0.994499564 -0.006666347 0.104528405 59.445652008 0.003905632 0.999638677 0.026593633 -49.629421234 -0.104667917 -0.026039110 0.994166255 553.664428711
0.994501472 -0.006787701 0.104502089 59.779239655 0.003959856 0.999620914 0.027243916 -49.810344696 -0.104647398 -0.026680300 0.994151413 555.974060059
0.994428992 -0.006485061 0.105208971 60.102813721 0.003602491 0.999613523 0.027565444 -49.986183167 -0.105347082 -0.027032861 0.994068027 558.282043457
0.994399726 -0.005948619 0.105516620 60.437290192 0.002930875 0.999582827 0.028731752 -50.164665222 -0.105643503 -0.028261589 0.994002402 560.614318848
0.994392931 -0.006571870 0.105544090 60.778148651 0.003482853 0.999560893 0.029425254 -50.340454102 -0.105691135 -0.028892664 0.993979096 562.945068359
0.994376481 -0.006261813 0.105717584 61.115829468 0.003087322 0.999540091 0.030165030 -50.513011932 -0.105857842 -0.029669013 0.993938565 565.264465332
0.994327545 -0.005198774 0.106234215 61.456363678 0.002050234 0.999555886 0.029725470 -50.692260742 -0.106341556 -0.029339047 0.993896663 567.588378906
0.994338572 -0.004237373 0.106173858 61.807441711 0.001233895 0.999597609 0.028338043 -50.863464355 -0.106251195 -0.028046601 0.993943691 569.922729492
0.994290590 -0.003800989 0.106638826 62.155185699 0.000757078 0.999591529 0.028570095 -51.039306641 -0.106703848 -0.028326239 0.993887305 572.243591309
0.994289041 -0.003890433 0.106649794 62.492904663 0.000683078 0.999546826 0.030093756 -51.231330872 -0.106718548 -0.029849043 0.993841052 574.627014160
0.994251370 -0.004010167 0.106995381 62.836215973 0.000646989 0.999505103 0.031449154 -51.407028198 -0.107068531 -0.031199139 0.993762016 576.936157227
0.994146287 -0.002899511 0.108003296 63.156467438 -0.000331276 0.999553263 0.029883835 -51.580223083 -0.108041689 -0.029744687 0.993701279 579.320068359
0.994184911 -0.003537382 0.107628666 63.504512787 0.000339041 0.999558270 0.029720241 -51.746685028 -0.107686259 -0.029510928 0.993746817 581.656982422
0.994099259 -0.004126728 0.108394973 63.841819763 0.000715993 0.999503851 0.031485893 -51.933113098 -0.108471125 -0.031222492 0.993609190 583.989440918
0.994176805 -0.003847044 0.107692502 64.190681458 0.000461569 0.999505281 0.031443786 -52.100440979 -0.107760198 -0.031210972 0.993686914 586.307189941
0.994100571 -0.006969047 0.108237132 64.542076111 0.003647042 0.999517083 0.030859601 -52.286689758 -0.108399898 -0.030282805 0.993646026 588.664916992
0.994158208 -0.007386959 0.107679531 64.899490356 0.004100080 0.999519765 0.030714132 -52.451946259 -0.107854724 -0.030093214 0.993711114 591.013671875
0.994151711 -0.009031920 0.107614264 65.241539001 0.005701527 0.999496400 0.031215077 -52.622997284 -0.107841991 -0.030418959 0.993702531 593.351196289
0.994173944 -0.009745048 0.107346363 65.596626282 0.006400118 0.999484479 0.031460725 -52.794174194 -0.107597612 -0.030590402 0.993723810 595.709472656
