1.000000000 0.000000000 0.000000000 0.000000000 0.000000000 1.000000000 0.000000000 0.000000000 0.000000000 0.000000000 1.000000000 0.000000000
0.999999881 0.000162507 0.000419783 0.086407535 -0.000162442 1.000000000 -0.000155964 -0.225760609 -0.000419808 0.000155896 0.999999881 2.288906336
0.999999225 0.000505005 0.001157336 0.164986372 -0.000505380 0.999999821 0.000323191 -0.462756813 -0.001157173 -0.000323776 0.999999285 4.587173462
0.999998510 0.000240221 0.001703694 0.261665672 -0.000241307 0.999999762 0.000637557 -0.695836663 -0.001703540 -0.000637968 0.999998331 6.879834175
0.999996185 0.000281693 0.002739634 0.352764070 -0.000279134 0.999999523 -0.000934578 -0.928946614 -0.002739896 0.000933810 0.999995828 9.174213409
0.999987364 0.002017627 0.004617156 0.446835577 -0.002019454 0.999997914 0.000391227 -1.163964748 -0.004616356 -0.000400546 0.999989212 11.476734161
0.999962986 0.003971917 0.007633812 0.528470635 -0.003983483 0.999991059 0.001500538 -1.393346429 -0.007627782 -0.001530891 0.999969721 13.794942856
0.999944389 0.003800491 0.009837210 0.637616277 -0.003840578 0.999984443 0.004059429 -1.621055722 -0.009821630 -0.004096983 0.999943316 16.069076538
0.999936104 0.003789649 0.010644173 0.748274446 -0.003841749 0.999980748 0.004878570 -1.845117807 -0.010625479 -0.004919151 0.999931455 18.401010513
0.999918878 0.002854648 0.012408819 0.855377555 -0.002917034 0.999983251 0.005012365 -2.070579052 -0.012394303 -0.005048156 0.999910474 20.695272446
0.999922812 0.000507450 0.012408374 0.982865095 -0.000545330 0.999995112 0.003049590 -2.303337812 -0.012406766 -0.003056122 0.999918342 23.008371353
0.999908984 -0.001798639 0.013372970 1.089389324 0.001786051 0.999997914 0.000953215 -2.522173166 -0.013374659 -0.000929244 0.999910057 25.290981293
0.999910593 -0.002618996 0.013109460 1.228098512 0.002614385 0.999996483 0.000368886 -2.768299580 -0.013110382 -0.000334579 0.999913990 27.603208542
0.999899745 -0.002307102 0.013972045 1.337648153 0.002315575 0.999997199 -0.000590343 -2.994270563 -0.013970643 0.000622637 0.999902189 29.890481949
0.999888718 0.000091810 0.014914686 1.455545187 -0.000118440 0.999998391 0.001784589 -3.221897602 -0.014914497 -0.001786157 0.999887168 32.173103333
0.999886692 0.002160252 0.014901012 1.587240458 -0.002217775 0.999990165 0.003844928 -3.441115141 -0.014892559 -0.003877540 0.999881566 34.453945160
0.999852896 0.004366315 0.016586382 1.701318741 -0.004500880 0.999957204 0.008084304 -3.673960447 -0.016550375 -0.008157768 0.999829710 36.760726929
0.999834538 0.006204770 0.017098978 1.821863294 -0.006336913 0.999950409 0.007684884 -3.892347813 -0.017050451 -0.007791967 0.999824226 39.033069611
0.999803782 0.005189633 0.019116567 1.930534840 -0.005307020 0.999967337 0.006094953 -4.097311974 -0.019084310 -0.006195208 0.999798656 41.319252014
0.999810576 0.002762662 0.019266125 2.056865692 -0.002859570 0.999983370 0.005004243 -4.321646690 -0.019251982 -0.005058387 0.999801934 43.594982147
0.999818027 0.003091043 0.018823829 2.201762915 -0.003172196 0.999985933 0.004282876 -4.551487923 -0.018810323 -0.004341810 0.999813616 45.850620270
0.999817908 0.002295835 0.018944869 2.329059362 -0.002361113 0.999991357 0.003424023 -4.781241417 -0.018936848 -0.003468130 0.999814689 48.128845215
0.999820352 0.000781553 0.018939236 2.467039108 -0.000855123 0.999992132 0.003876675 -5.010528088 -0.018936059 -0.003892174 0.999813139 50.411140442
0.999801695 -0.000470186 0.019908713 2.597225428 0.000381146 0.999989867 0.004475986 -5.237079144 -0.019910617 -0.004467510 0.999791801 52.677646637
0.999796629 -0.001607243 0.020102710 2.734707594 0.001523591 0.999990165 0.004175847 -5.462509155 -0.020109221 -0.004144370 0.999789238 54.962661743
0.999765575 -0.001918230 0.021564439 2.858205795 0.001818722 0.999987543 0.004633138 -5.691247463 -0.021573057 -0.004592833 0.999756753 57.263298035
0.999750793 -0.003054521 0.022113256 2.997654438 0.002940561 0.999982238 0.005184131 -5.913994312 -0.022128699 -0.005117814 0.999742031 59.532840729
0.999712467 -0.004534004 0.023544569 3.126329899 0.004431627 0.999980509 0.004398505 -6.134563446 -0.023564048 -0.004292901 0.999713063 61.800537109
0.999693274 -0.005217058 0.024210557 3.273764849 0.005116056 0.999977946 0.004231882 -6.358150482 -0.024232103 -0.004106722 0.999697924 64.054382324
0.999666154 -0.004632020 0.025419962 3.414136887 0.004512966 0.999978602 0.004738854 -6.578884125 -0.025441371 -0.004622552 0.999665618 66.325462341
0.999648392 -0.003805166 0.026239971 3.564195633 0.003673811 0.999980509 0.005052279 -6.805063725 -0.026258685 -0.004954102 0.999642909 68.588668823
0.999614894 -0.003981950 0.027462687 3.702704906 0.003855804 0.999981761 0.004644752 -7.028175831 -0.027480682 -0.004537074 0.999612033 70.847106934
0.999604166 -0.004674501 0.027742116 3.862592697 0.004579808 0.999983490 0.003475898 -7.253987789 -0.027757902 -0.003347469 0.999609053 73.105636597
0.999589384 -0.005648594 0.028089503 4.021615505 0.005544575 0.999977469 0.003779616 -7.478954792 -0.028110221 -0.003622319 0.999598205 75.383346558
0.999549448 -0.006807081 0.029232262 4.181402206 0.006713399 0.999972045 0.003301693 -7.709937096 -0.029253921 -0.003103958 0.999567211 77.647804260
0.999549389 -0.007715953 0.029009150 4.338246346 0.007632465 0.999966502 0.002987636 -7.937819958 -0.029031225 -0.002764878 0.999574661 79.908653259
0.999518037 -0.008242952 0.029931026 4.484414101 0.008161185 0.999962628 0.002852998 -8.157494545 -0.029953426 -0.002607350 0.999547899 82.162475586
0.999489307 -0.007404807 0.031085769 4.647902489 0.007334169 0.999970257 0.002385759 -8.379795074 -0.031102510 -0.002156553 0.999513865 84.438125610
0.999434710 -0.007148035 0.032850541 4.801031113 0.007046462 0.999970078 0.003206748 -8.602549553 -0.032872479 -0.002973456 0.999455094 86.693687439
0.999433994 -0.007225746 0.032855432 4.973059654 0.007078507 0.999964416 0.004595506 -8.837011337 -0.032887466 -0.004360336 0.999449551 88.976425171
0.999405265 -0.006131471 0.033938039 5.132173538 0.005956946 0.999968529 0.005241192 -9.064220428 -0.033969123 -0.005035907 0.999410152 91.232452393
0.999374449 -0.006070263 0.034838293 5.297512054 0.005892951 0.999969304 0.005189980 -9.285821915 -0.034868713 -0.004981434 0.999379516 93.487037659
0.999354243 -0.006253918 0.035383314 5.465979576 0.006098704 0.999971271 0.004492892 -9.501638412 -0.035410397 -0.004274198 0.999363720 95.745155334
0.999320209 -0.006645366 0.036260493 5.632469177 0.006471072 0.999966860 0.004921962 -9.724218369 -0.036292002 -0.004683972 0.999330223 98.001991272
0.999292314 -0.006370615 0.037074991 5.795724869 0.006213388 0.999971211 0.004354467 -9.954690933 -0.037101667 -0.004121024 0.999302983 100.245651245
0.999241173 -0.006463276 0.038409811 5.954769135 0.006259772 0.999965668 0.005416138 -10.171962738 -0.038443506 -0.005171590 0.999247313 102.476814270
0.999227583 -0.006658818 0.038728647 6.151542187 0.006460202 0.999965370 0.005251237 -10.397995949 -0.038762268 -0.004996986 0.999235928 104.759254456
0.999196351 -0.007396550 0.039394815 6.326572418 0.007166537 0.999956489 0.005976690 -10.614476204 -0.039437305 -0.005689561 0.999205947 106.997795105
0.999173462 -0.008862497 0.039672296 6.510211945 0.008627114 0.999944091 0.006100487 -10.831511497 -0.039724153 -0.005753187 0.999194145 109.251518250
0.999128520 -0.009845260 0.040561877 6.685555458 0.009569574 0.999929726 0.006985209 -11.055374146 -0.040627804 -0.006590962 0.999152601 111.506698608
0.999108315 -0.010556708 0.040879738 6.876029968 0.010332812 0.999930441 0.005684387 -11.277461052 -0.040936906 -0.005256915 0.999147832 113.774497986
0.999056756 -0.010899432 0.042033788 7.055149078 0.010705412 0.999930918 0.004838170 -11.498111725 -0.042083621 -0.004383618 0.999104500 116.028366089
0.999016464 -0.011183983 0.042906966 7.233824730 0.010962643 0.999925375 0.005390437 -11.726311684 -0.042964049 -0.004914762 0.999064445 118.276817322
0.998962820 -0.011443597 0.044070646 7.420675278 0.011179128 0.999918044 0.006242770 -11.951171875 -0.044138469 -0.005743626 0.999008894 120.548706055
0.998951972 -0.012177134 0.044121165 7.626389027 0.011887908 0.999906123 0.006811746 -12.173808098 -0.044199962 -0.006280099 0.999002934 122.755126953
0.998873591 -0.013118900 0.045603409 7.815814972 0.012830762 0.999895811 0.006605355 -12.400687218 -0.045685321 -0.006012787 0.998937726 125.057968140
0.998839438 -0.013487982 0.046236306 7.999412537 0.013225781 0.999894679 0.005972125 -12.625320435 -0.046311993 -0.005353685 0.998912632 127.321128845
0.998824060 -0.015013162 0.046099473 8.192138672 0.014734866 0.999871135 0.006370782 -12.842751503 -0.046189182 -0.005684021 0.998916507 129.588424683
0.998852968 -0.016023515 0.045121286 8.384102821 0.015736649 0.999853611 0.006705729 -13.058575630 -0.045222130 -0.005987980 0.998959005 131.833663940
0.998912275 -0.016309051 0.043683954 8.581684113 0.015986191 0.999842286 0.007729960 -13.272600174 -0.043803137 -0.007023211 0.999015510 134.073043823
0.998961747 -0.017100736 0.042223834 8.766832352 0.016793635 0.999829948 0.007617357 -13.494033813 -0.042346913 -0.006900357 0.999079108 136.326431274
0.999034405 -0.018004270 0.040077075 8.975711823 0.017716387 0.999814749 0.007526837 -13.711482048 -0.040205169 -0.006809548 0.999168217 138.554443359
0.999005079 -0.018685024 0.040492736 9.136892319 0.018409114 0.999804795 0.007176008 -13.927010536 -0.040618923 -0.006423434 0.999154091 140.854614258
0.998998165 -0.019039096 0.040500853 9.310031891 0.018761037 0.999797881 0.007234483 -14.134014130 -0.040630408 -0.006467397 0.999153316 143.088348389
0.999036908 -0.019329589 0.039389983 9.497511864 0.019000251 0.999781609 0.008718219 -14.365049362 -0.039549891 -0.007961405 0.999185801 145.335281372
0.999051630 -0.018357856 0.039482251 9.674031258 0.018072380 0.999807954 0.007575296 -14.576921463 -0.039613739 -0.006854575 0.999191523 147.589950562
0.999070525 -0.017206676 0.039521575 9.857387543 0.016980298 0.999837458 0.006056466 -14.793066025 -0.039619360 -0.005379748 0.999200344 149.838851929
0.999080539 -0.015477673 0.039981011 10.031682968 0.015282143 0.999869704 0.005191611 -15.010153770 -0.040056162 -0.004575843 0.999186873 152.088348389
0.999088049 -0.014660557 0.040101610 10.217602730 0.014465776 0.999882102 0.005143076 -15.225698471 -0.040172283 -0.004558283 0.999182343 154.334472656
0.999077260 -0.013831404 0.040658869 10.396896362 0.013612471 0.999891281 0.005656573 -15.443617821 -0.040732685 -0.005097885 0.999157071 156.598968506
0.999076843 -0.013218652 0.040876571 10.590610504 0.012954033 0.999893427 0.006731731 -15.663472176 -0.040961199 -0.006196000 0.999141514 158.826248169
0.999027133 -0.012536775 0.042278394 10.764657021 0.012211288 0.999893844 0.007948192 -15.884301186 -0.042373545 -0.007424186 0.999074280 161.113952637
0.998986781 -0.011425701 0.043530244 10.943687439 0.010989008 0.999887049 0.010258127 -16.104400635 -0.043642528 -0.009769380 0.998999476 163.347747803
0.998963773 -0.010965833 0.044171348 11.131303787 0.010588894 0.999905527 0.008758543 -16.307527542 -0.044263229 -0.008281740 0.998985589 165.643753052
0.998927593 -0.010195756 0.045161434 11.328701019 0.009865994 0.999922991 0.007518801 -16.519605637 -0.045234609 -0.007065176 0.998951435 167.898986816
0.998849392 -0.008377150 0.047220822 11.515466690 0.008017096 0.999937296 0.007809145 -16.733489990 -0.047283281 -0.007421585 0.998853981 170.138153076
0.998728693 -0.007801702 0.049801182 11.716116905 0.007406613 0.999939620 0.008112943 -16.956541061 -0.049861472 -0.007733772 0.998726189 172.432861328
0.998600543 -0.007988630 0.052278474 11.916852951 0.007590097 0.999940634 0.007817357 -17.169071198 -0.052337822 -0.007409619 0.998601913 174.706680298
0.998520851 -0.007921454 0.053790241 12.126440048 0.007485765 0.999937534 0.008296426 -17.384943008 -0.053852610 -0.007881492 0.998517811 176.972946167
0.998478830 -0.008376203 0.054497249 12.332007408 0.007895756 0.999928117 0.009025364 -17.592975616 -0.054568928 -0.008581339 0.998473108 179.192672729
0.998468995 -0.009602997 0.054476053 12.555723190 0.009126481 0.999917865 0.008989314 -17.814661026 -0.054557912 -0.008478374 0.998474538 181.472290039
0.998429954 -0.010507446 0.055019353 12.756202698 0.010030338 0.999909699 0.008940607 -18.026994705 -0.055108327 -0.008374709 0.998445272 183.717300415
0.998500824 -0.011536469 0.053507302 12.991772652 0.011080645 0.999899745 0.008807759 -18.248418808 -0.053603556 -0.008201659 0.998528540 185.958999634
0.998509943 -0.013427047 0.052894339 13.203716278 0.012933339 0.999869645 0.009665169 -18.463813782 -0.053017229 -0.008966669 0.998553336 188.204605103
0.998528421 -0.014333901 0.052300341 13.416714668 0.013869754 0.999861240 0.009226841 -18.672340393 -0.052425340 -0.008487870 0.998588800 190.447799683
0.998487353 -0.015339432 0.052801128 13.621292114 0.014885121 0.999848723 0.008986747 -18.888982773 -0.052931011 -0.008187200 0.998564601 192.688095093
0.998465598 -0.017065680 0.052680727 13.822269440 0.016651081 0.999826849 0.008299030 -19.099962234 -0.052813243 -0.007409106 0.998576880 194.929443359
0.998480618 -0.016681341 0.052518502 14.028036118 0.016254824 0.999831378 0.008538023 -19.312339783 -0.052652083 -0.007671372 0.998583436 197.160491943
0.998490930 -0.013918430 0.053124350 14.238992691 0.013457777 0.999868691 0.009019122 -19.538061142 -0.053242903 -0.008290574 0.998547196 199.413040161
0.998496890 -0.012065148 0.053463437 14.446144104 0.011610685 0.999893844 0.008802942 -19.753398895 -0.053563971 -0.008168964 0.998530924 201.651962280
0.998474121 -0.011473215 0.054016147 14.660957336 0.011058520 0.999907017 0.007969905 -19.964603424 -0.054102566 -0.007360404 0.998508275 203.913116455
0.998449981 -0.011825480 0.054384723 14.867568016 0.011375270 0.999898493 0.008580375 -20.172863007 -0.054480668 -0.007948435 0.998483181 206.137634277
0.998420954 -0.013262831 0.054586664 15.095148087 0.012795226 0.999878466 0.008906896 -20.395616531 -0.054698151 -0.008194384 0.998469234 208.394241333
0.998365045 -0.012930387 0.055677511 15.304772377 0.012442862 0.999881208 0.009094022 -20.597448349 -0.055788491 -0.008386366 0.998407304 210.637176514
0.998293519 -0.012624979 0.057014532 15.533486366 0.012039769 0.999871314 0.010596077 -20.831954956 -0.057140980 -0.009891552 0.998317122 212.901702881
0.998231411 -0.011233615 0.058377031 15.771135330 0.010624489 0.999885917 0.010734308 -21.039979935 -0.058490966 -0.010095096 0.998236895 215.131973267
0.998046160 -0.009566108 0.061744407 15.982297897 0.008917864 0.999902308 0.010765912 -21.250888824 -0.061841354 -0.010194249 0.998033941 217.424057007
0.997904301 -0.009612788 0.063988991 16.212089539 0.008904838 0.999896049 0.011339670 -21.461318970 -0.064091332 -0.010746094 0.997886181 219.662628174
0.997772753 -0.011037705 0.065784954 16.446800232 0.010288334 0.999878407 0.011719124 -21.663513184 -0.065906286 -0.011016206 0.997765005 221.893676758
0.997674346 -0.012873360 0.066933230 16.684474945 0.012062827 0.999849081 0.012499673 -21.868545532 -0.067084044 -0.011663202 0.997679114 224.127975464
0.997617781 -0.014893653 0.067356884 16.941127777 0.014120802 0.999829054 0.011935576 -22.081113815 -0.067523137 -0.010956010 0.997657537 226.366912842
0.997569025 -0.015918793 0.067842714 17.179048538 0.015168939 0.999818325 0.011553741 -22.280815125 -0.068014324 -0.010496552 0.997629046 228.614654541
0.997529328 -0.016337942 0.068327107 17.420532227 0.015558871 0.999807894 0.011918773 -22.485528946 -0.068508722 -0.010826232 0.997591734 230.848754883
0.997478306 -0.017660806 0.068738051 17.668495178 0.016950760 0.999796927 0.010899407 -22.690050125 -0.068916582 -0.009706761 0.997575223 233.095275879
0.997420430 -0.018626317 0.069321968 17.909444809 0.017841293 0.999769747 0.011926344 -22.890832901 -0.069528148 -0.010658788 0.997523129 235.331756592
0.997433782 -0.018224437 0.069235742 18.188882828 0.017422492 0.999774158 0.012169084 -23.098217010 -0.069441862 -0.010931594 0.997526228 237.611907959
0.997399569 -0.018345678 0.069696069 18.432111740 0.017556217 0.999774814 0.011922916 -23.295333862 -0.069899105 -0.010668314 0.997497022 239.840179443
0.997365713 -0.018490726 0.070140556 18.679611206 0.017672455 0.999768555 0.012268870 -23.500350952 -0.070351176 -0.010996995 0.997461796 242.074478149
0.997319818 -0.018872635 0.070689872 18.926155090 0.018042438 0.999760747 0.012364421 -23.700580597 -0.070906311 -0.011055865 0.997421682 244.314331055
0.997286320 -0.019090522 0.071102627 19.176441193 0.018313605 0.999765456 0.011562690 -23.909381866 -0.071306691 -0.010229168 0.997402012 246.548034668
0.997304440 -0.018749868 0.070938662 19.437309265 0.018021235 0.999778330 0.010897443 -24.118932724 -0.071127266 -0.009589665 0.997421145 248.788085938
0.997285843 -0.018966416 0.071142048 19.691318512 0.018194197 0.999768496 0.011487018 -24.326831818 -0.071343444 -0.010161469 0.997400045 251.029449463
0.997256458 -0.020190639 0.071217060 19.946968079 0.019427303 0.999746263 0.011394966 -24.533197403 -0.071429089 -0.009980147 0.997395694 253.260955811
0.997245014 -0.020314444 0.071342565 20.203290939 0.019504471 0.999737322 0.012031743 -24.738763809 -0.071568258 -0.010607094 0.997379303 255.511962891
0.997220814 -0.020980449 0.071486942 20.445970535 0.020158734 0.999722302 0.012196838 -24.943202972 -0.071722992 -0.010721855 0.997366965 257.730957031
0.997181416 -0.021305982 0.071939200 20.709495544 0.020443484 0.999710262 0.012704420 -25.154996872 -0.072189048 -0.011197925 0.997328043 260.000488281
0.997157216 -0.020872174 0.072400793 20.968299866 0.020042511 0.999725044 0.012167045 -25.356779099 -0.072634861 -0.010681362 0.997301400 262.242126465
0.997131407 -0.020917589 0.072742365 21.228679657 0.020122118 0.999729574 0.011651201 -25.558937073 -0.072966397 -0.010154047 0.997282684 264.499298096
0.997098982 -0.020211812 0.073382989 21.488399506 0.019438261 0.999747813 0.011240292 -25.767055511 -0.073591657 -0.009781248 0.997240484 266.738159180
0.997027099 -0.019448692 0.074556395 21.744741440 0.018656271 0.999761999 0.011310196 -25.968725204 -0.074758627 -0.009885628 0.997152627 268.983917236
0.996949375 -0.019074019 0.075684011 22.013416290 0.018296394 0.999772608 0.010954781 -26.184597015 -0.075875759 -0.009536617 0.997071624 271.234893799
0.996837258 -0.019767821 0.076971687 22.280321121 0.018963054 0.999757826 0.011172276 -26.391735077 -0.077173904 -0.009677324 0.996970654 273.481658936
0.996661961 -0.020483036 0.079027280 22.534873962 0.019602532 0.999737024 0.011901572 -26.595655441 -0.079250269 -0.010312710 0.996801376 275.728851318
0.996540546 -0.020638291 0.080505960 22.808380127 0.019626124 0.999718368 0.013343734 -26.794122696 -0.080758676 -0.011717550 0.996664762 277.969177246
0.996494651 -0.019709844 0.081300713 23.092966080 0.018575566 0.999719560 0.014684559 -27.007778168 -0.081567355 -0.013122879 0.996581435 280.215606689
0.996407986 -0.019511241 0.082403675 23.375595093 0.018245013 0.999704063 0.016091391 -27.214969635 -0.082693249 -0.014530137 0.996469080 282.452789307
0.996349335 -0.018520977 0.083335683 23.656576157 0.017268205 0.999727190 0.015728623 -27.404027939 -0.083604261 -0.014232148 0.996397316 284.713165283
0.996257126 -0.017559713 0.084635817 23.926380157 0.016343800 0.999753356 0.015037990 -27.596273422 -0.084879003 -0.013598436 0.996298432 286.944061279
0.996244967 -0.017050827 0.084883586 24.214414597 0.015926283 0.999776542 0.013907674 -27.787834167 -0.085101746 -0.012503572 0.996293783 289.192718506
0.996184468 -0.017808015 0.085436173 24.487928391 0.016660517 0.999761343 0.014125373 -27.991563797 -0.085667327 -0.012648067 0.996243536 291.420104980
0.996148229 -0.017798256 0.085859098 24.761758804 0.016747903 0.999776006 0.012938317 -28.185049057 -0.086070143 -0.011450522 0.996223271 293.692474365
0.996164501 -0.018379435 0.085548162 25.044919968 0.017401690 0.999774754 0.012160937 -28.384662628 -0.085752383 -0.010625611 0.996259928 295.918823242
0.996175170 -0.018364416 0.085427269 25.328407288 0.017398901 0.999776244 0.012033082 -28.586866379 -0.085629135 -0.010500716 0.996271729 298.150390625
0.996170282 -0.017791577 0.085604325 25.607978821 0.016815148 0.999785185 0.012113912 -28.785272598 -0.085801452 -0.010628068 0.996255577 300.387756348
0.996120930 -0.017488066 0.086239249 25.871963501 0.016414573 0.999778926 0.013141342 -28.995132446 -0.086450011 -0.011674787 0.996187806 302.623809814
0.996119201 -0.017811900 0.086193092 26.158124924 0.016718458 0.999770582 0.013391279 -29.196847916 -0.086411841 -0.011898297 0.996188462 304.872467041
0.996093690 -0.017226946 0.086605817 26.444341660 0.016101891 0.999777019 0.013672395 -29.399429321 -0.086822025 -0.012224468 0.996148825 307.123504639
0.996088088 -0.018075684 0.086497165 26.729478836 0.016949721 0.999761999 0.013734170 -29.608123779 -0.086724818 -0.012214341 0.996157408 309.382537842
0.996047199 -0.019144673 0.086737178 27.013961792 0.017995577 0.999739826 0.014010686 -29.806406021 -0.086982839 -0.012394419 0.996132731 311.641662598
0.996006191 -0.018873464 0.087266870 27.294382095 0.017761989 0.999751151 0.013495615 -30.009876251 -0.087499864 -0.011891683 0.996093571 313.882659912
0.996032059 -0.018509187 0.087048829 27.588691711 0.017340284 0.999749303 0.014165241 -30.212039948 -0.087289207 -0.012599580 0.996103287 316.131011963
0.995981693 -0.016932119 0.087941930 27.869489670 0.015822263 0.999786437 0.013302125 -30.413808823 -0.088148385 -0.011857236 0.996036768 318.375915527
0.995973229 -0.015088298 0.088372499 28.150236130 0.013910957 0.999806285 0.013923307 -30.616136551 -0.088565469 -0.012637896 0.995990157 320.619567871
0.995900691 -0.013737191 0.089404382 28.425903320 0.012562239 0.999827325 0.013691477 -30.818889618 -0.089577012 -0.012512229 0.995901287 322.849243164
0.995853603 -0.012857803 0.090057366 28.705301285 0.011624572 0.999831438 0.014205033 -31.015756607 -0.090224847 -0.013099250 0.995835364 325.089721680
0.995854795 -0.012435710 0.090103090 29.000082016 0.011071044 0.999816656 0.015629591 -31.225028992 -0.090280898 -0.014567271 0.995809793 327.319549561
0.995821357 -0.013056369 0.090384647 29.281143188 0.011696951 0.999810636 0.015553778 -31.428276062 -0.090570599 -0.014431558 0.995785594 329.566101074
0.995835602 -0.014579874 0.089992829 29.581396103 0.013304796 0.999802649 0.014752337 -31.624370575 -0.090190135 -0.013493568 0.995833099 331.801757812
0.995830238 -0.014428006 0.090078779 29.867998123 0.013178592 0.999808729 0.014449686 -31.823698044 -0.090270050 -0.013202321 0.995829761 334.018859863
0.995803475 -0.014698203 0.090329491 30.154663086 0.013309548 0.999784112 0.015956448 -32.023567200 -0.090544522 -0.014687241 0.995784104 336.245727539
0.995853364 -0.015252580 0.089685291 30.457796097 0.013888455 0.999778509 0.015814576 -32.217185974 -0.089906633 -0.014503409 0.995844603 338.481872559
0.995854974 -0.015108332 0.089692049 30.742401123 0.013718234 0.999776363 0.016094873 -32.418849945 -0.089915171 -0.014797744 0.995839477 340.723541260
0.995903134 -0.015271742 0.089127444 31.040489197 0.013894271 0.999774575 0.016055109 -32.620986938 -0.089352541 -0.014750972 0.995890796 342.966094971
0.995921135 -0.015271786 0.088926390 31.329330444 0.013850569 0.999766648 0.016577179 -32.817516327 -0.089158803 -0.015277881 0.995900214 345.209350586
0.995973587 -0.015052135 0.088373765 31.618555069 0.013622271 0.999766707 0.016760634 -33.010437012 -0.088605419 -0.015489302 0.995946288 347.443634033
0.996028364 -0.015093274 0.087747522 31.908119202 0.013684037 0.999767900 0.016639562 -33.203716278 -0.087978289 -0.015372740 0.996003747 349.688720703
0.996036828 -0.014688548 0.087720260 32.191246033 0.013243505 0.999767244 0.017032668 -33.401168823 -0.087950021 -0.015803443 0.995999455 351.931549072
0.996075273 -0.015145018 0.087204792 32.475070953 0.013684624 0.999756336 0.017320279 -33.589736938 -0.087445863 -0.016058940 0.996039808 354.159027100
0.996101081 -0.014672958 0.086990796 32.755168915 0.013259677 0.999770939 0.016801968 -33.784786224 -0.087217391 -0.015582989 0.996067405 356.393402100
0.996147156 -0.014913542 0.086420223 33.042549133 0.013470428 0.999760330 0.017257985 -33.977703094 -0.086656898 -0.016027378 0.996109247 358.629974365
0.996205091 -0.014363666 0.085843526 33.331562042 0.012860383 0.999754548 0.018039351 -34.172824860 -0.086081557 -0.016866913 0.996145308 360.885925293
0.996263564 -0.014534542 0.085133217 33.621532440 0.013046472 0.999752641 0.018009704 -34.367652893 -0.085373916 -0.016831720 0.996206939 363.140777588
0.996306360 -0.014438616 0.084647492 33.908699036 0.012902597 0.999742508 0.018665187 -34.561794281 -0.084895201 -0.017504072 0.996236145 365.380401611
0.996361971 -0.014453557 0.083986573 34.194690704 0.012987764 0.999754071 0.017972980 -34.754241943 -0.084225699 -0.016816795 0.996304810 367.642517090
0.996370912 -0.014956437 0.083792306 34.471763611 0.013498220 0.999747872 0.017942348 -34.949470520 -0.084039547 -0.016746191 0.996321678 369.897064209
0.996371806 -0.014984661 0.083777219 34.746902466 0.013598855 0.999761522 0.017087815 -35.138347626 -0.084013298 -0.015886545 0.996337950 372.161102295
0.996440649 -0.014586838 0.083025709 35.030910492 0.013215248 0.999767303 0.017045703 -35.333255768 -0.083255038 -0.015887823 0.996401608 374.403594971
0.996526897 -0.014552721 0.081989482 35.317653656 0.013153581 0.999758959 0.017579308 -35.523742676 -0.082225546 -0.016439799 0.996478081 376.651458740
0.996435583 -0.013612457 0.083250977 35.577354431 0.012140055 0.999761224 0.018167034 -35.717918396 -0.083478384 -0.017091608 0.996363103 378.919403076
0.996433735 -0.014250480 0.083167106 35.855472565 0.012756536 0.999748111 0.018467013 -35.914813995 -0.083409324 -0.017340228 0.996364415 381.167602539
0.996457338 -0.014138315 0.082901850 36.138084412 0.012641434 0.999747932 0.018553268 -36.101089478 -0.083143257 -0.017439544 0.996384978 383.426239014
0.996467590 -0.013237058 0.082927801 36.419296265 0.011713278 0.999753952 0.018834449 -36.295188904 -0.083156712 -0.017796563 0.996377707 385.682342529
0.996463299 -0.012079837 0.083158068 36.694442749 0.010548891 0.999767125 0.018824905 -36.479160309 -0.083366118 -0.017881097 0.996358573 387.940521240
0.996488571 -0.010900008 0.083017878 36.980812073 0.009369977 0.999779403 0.018797550 -36.677433014 -0.083204471 -0.017953668 0.996370673 390.213104248
0.996475816 -0.009413242 0.083350979 37.256805420 0.007874780 0.999792993 0.018767189 -36.872425079 -0.083510362 -0.018044680 0.996343434 392.498168945
0.996502280 -0.008141967 0.083168283 37.538986206 0.006483208 0.999775171 0.020195251 -37.064399719 -0.083314016 -0.019585418 0.996330857 394.760894775
0.996438503 -0.007048814 0.084027573 37.809005737 0.005322918 0.999770582 0.020746002 -37.256416321 -0.084154546 -0.020224839 0.996247470 397.024688721
0.996398628 -0.006936578 0.084507421 38.088153839 0.005330954 0.999801219 0.019210652 -37.451709747 -0.084623873 -0.018690964 0.996237636 399.291412354
0.996325254 -0.006140091 0.085429110 38.364017487 0.004571496 0.999817491 0.018544892 -37.641040802 -0.085527390 -0.018086208 0.996171713 401.563415527
0.996267796 -0.007908636 0.085953042 38.637844086 0.006257266 0.999790967 0.019464906 -37.830104828 -0.086089015 -0.018854428 0.996109009 403.827514648
0.996217430 -0.009510937 0.086373225 38.921665192 0.007726802 0.999750316 0.020966999 -38.025718689 -0.086551063 -0.020220306 0.996042132 406.077636719
0.996209562 -0.010564795 0.086341657 39.205505371 0.008811298 0.999747574 0.020664755 -38.211860657 -0.086538203 -0.019825647 0.996051252 408.335723877
0.996179283 -0.010384308 0.086712554 39.494510651 0.008746832 0.999776602 0.019242596 -38.395168304 -0.086893007 -0.018410614 0.996047497 410.601257324
0.996092796 -0.007898940 0.087958686 39.789608002 0.006171715 0.999783099 0.019891437 -38.595607758 -0.088096716 -0.019270858 0.995925486 412.865142822
0.996028781 -0.006800258 0.088771217 40.068508148 0.005072545 0.999793589 0.019673642 -38.785732269 -0.088886671 -0.019145219 0.995857716 415.107940674
0.995935559 -0.005695862 0.089888118 40.357143402 0.003932806 0.999796569 0.019778833 -38.973815918 -0.089982510 -0.019344928 0.995755434 417.383605957
0.995879233 -0.005822286 0.090501368 40.651924133 0.004072591 0.999801457 0.019506004 -39.164108276 -0.090596959 -0.019057050 0.995705307 419.639617920
0.995779455 -0.005816921 0.091594055 40.937244415 0.004049615 0.999802232 0.019469028 -39.350624084 -0.091689192 -0.019015938 0.995606065 421.893218994
0.995688736 -0.006000048 0.092562824 41.221477509 0.004225554 0.999803722 0.019354783 -39.544544220 -0.092660777 -0.018880209 0.995518684 424.152740479
0.995618999 -0.006391057 0.093283817 41.518058777 0.004506377 0.999781728 0.020400392 -39.733554840 -0.093393832 -0.019890646 0.995430529 426.423065186
0.995572269 -0.005506424 0.093837515 41.813449860 0.003550662 0.999773264 0.020996230 -39.919933319 -0.093931869 -0.020570079 0.995366096 428.676361084
0.995506585 -0.004764267 0.094572544 42.116508484 0.002718900 0.999759853 0.021744583 -40.106540680 -0.094653435 -0.021389738 0.995280504 430.952545166
0.995515525 -0.005518870 0.094437122 42.416488647 0.003475028 0.999756455 0.021793140 -40.297428131 -0.094534405 -0.021367244 0.995292187 433.221893311
0.995463848 -0.006229537 0.094935596 42.719360352 0.004231550 0.999765635 0.021232508 -40.492385864 -0.095045611 -0.020734467 0.995256960 435.488037109
0.995445311 -0.005374011 0.095182426 43.027114868 0.003364921 0.999768436 0.021255730 -40.665309906 -0.095274627 -0.020838633 0.995232880 437.757995605
0.995415449 -0.006032041 0.095454827 43.335262299 0.003969716 0.999754906 0.021780409 -40.855686188 -0.095562808 -0.021301625 0.995195389 440.042785645
0.995453775 -0.006157548 0.095048003 43.648571014 0.004088550 0.999750793 0.021947356 -41.040222168 -0.095159449 -0.021458967 0.995230675 442.317901611
0.995476127 -0.005168457 0.094871454 43.974876404 0.003025377 0.999737322 0.022719253 -41.234283447 -0.094963953 -0.022329452 0.995230258 444.608184814
0.995417058 -0.005723377 0.095457397 44.279518127 0.003544735 0.999729633 0.022977171 -41.419105530 -0.095563099 -0.022533491 0.995168269 446.885192871
0.995422840 -0.005559779 0.095406592 44.584201813 0.003427313 0.999740958 0.022500681 -41.605731964 -0.095506981 -0.022070710 0.995184004 449.150299072
0.995446920 -0.005168190 0.095177554 44.895217896 0.003070589 0.999749482 0.022172101 -41.794036865 -0.095268294 -0.021778898 0.995213389 451.413757324
0.995379448 -0.004538706 0.095912069 45.194282532 0.002434443 0.999753952 0.022045135 -41.987335205 -0.095988534 -0.021709781 0.995145679 453.679565430
0.995297551 -0.004041239 0.096780658 45.494880676 0.001912051 0.999754310 0.022082791 -42.165569305 -0.096846119 -0.021793894 0.995060742 455.961944580
0.995277166 -0.004188047 0.096983753 45.798423767 0.002076201 0.999758780 0.021865943 -42.358909607 -0.097051919 -0.021561315 0.995045722 458.224639893
0.995293915 -0.003252502 0.096847154 46.117507935 0.001225442 0.999779105 0.020982629 -42.543548584 -0.096894018 -0.020765204 0.995078027 460.511566162
0.995254695 -0.002171418 0.097279750 46.422756195 0.000061896 0.999764919 0.021682879 -42.733661652 -0.097303957 -0.021573961 0.995020866 462.795684814
0.995278835 -0.001937214 0.097037122 46.732147217 -0.000291237 0.999736667 0.022945505 -42.919174194 -0.097056031 -0.022865437 0.995016217 465.073211670
0.995313048 -0.002021463 0.096684054 47.031673431 -0.000224530 0.999730527 0.023213718 -43.099151611 -0.096704908 -0.023126628 0.995044351 467.340911865
0.995421052 -0.001954129 0.095567383 47.347194672 -0.000153152 0.999757111 0.022037897 -43.283790588 -0.095587239 -0.021951625 0.995179117 469.623229980
0.995479286 -0.001918887 0.094959766 47.660999298 -0.000154035 0.999761939 0.021817336 -43.478492737 -0.094979040 -0.021733332 0.995242000 471.924530029
0.995549619 -0.002677493 0.094201058 47.966407776 0.000503975 0.999733269 0.023089422 -43.674186707 -0.094237752 -0.022939185 0.995285511 474.205413818
0.995499194 -0.002865354 0.094727002 48.255386353 0.000638631 0.999722958 0.023528704 -43.862876892 -0.094768159 -0.023362312 0.995225191 476.489074707
0.995610118 -0.002739199 0.093556799 48.559894562 0.000614036 0.999741316 0.022736453 -44.027763367 -0.093594871 -0.022579202 0.995354235 478.772888184
0.995618939 -0.002730433 0.093463592 48.857585907 0.000543270 0.999725521 0.023418669 -44.214035034 -0.093501896 -0.023265295 0.995347202 481.049804688
0.995662808 -0.003442117 0.092971526 49.163589478 0.001194730 0.999705970 0.024217699 -44.399429321 -0.093027569 -0.024001587 0.995374203 483.320404053
0.995666265 -0.004014554 0.092911080 49.455474854 0.001850046 0.999725103 0.023370974 -44.580802917 -0.092979386 -0.023097802 0.995400071 485.608703613
0.995779574 -0.005163023 0.091633245 49.762435913 0.002945145 0.999699831 0.024322597 -44.777336121 -0.091731340 -0.023950072 0.995495737 487.902526855
0.995827973 -0.005688039 0.091073632 50.060874939 0.003474089 0.999695003 0.024449568 -44.955425262 -0.091184922 -0.024031162 0.995543957 490.185791016
0.995804608 -0.005753244 0.091324195 50.320503235 0.003498241 0.999685466 0.024833191 -45.146911621 -0.091438331 -0.024409531 0.995511532 492.439483643
0.995856822 -0.005071407 0.090793304 50.627437592 0.002782740 0.999675632 0.025316309 -45.326499939 -0.090892240 -0.024958765 0.995547891 494.730957031
0.995884418 -0.005072709 0.090490349 50.917606354 0.002828982 0.999685884 0.024906250 -45.505908966 -0.090588264 -0.024547752 0.995585799 497.033020020
0.995911241 -0.004731757 0.090211771 51.224822998 0.002529533 0.999696374 0.024510428 -45.694965363 -0.090300351 -0.024182025 0.995620966 499.354766846
0.995953500 -0.004761467 0.089744069 51.517963409 0.002507041 0.999678791 0.025216622 -45.874092102 -0.089835316 -0.024889594 0.995645583 501.647491455
0.995959997 -0.004510285 0.089684702 51.805816650 0.002227186 0.999671280 0.025540743 -46.057304382 -0.089770436 -0.025237814 0.995642662 503.927185059
0.995987177 -0.003484338 0.089427806 52.097515106 0.001274450 0.999692678 0.024756629 -46.238189697 -0.089486599 -0.024543313 0.995685518 506.219177246
0.995967150 -0.003104580 0.089663997 52.385383606 0.000835650 0.999678791 0.025331268 -46.420177460 -0.089713842 -0.025154185 0.995649874 508.517639160
0.996031106 -0.003877652 0.088921644 52.693988800 0.001714761 0.999701142 0.024387071 -46.604362488 -0.088989645 -0.024137797 0.995740056 510.813934326
0.996056020 -0.004526590 0.088610999 52.992538452 0.002294154 0.999677777 0.025279328 -46.789779663 -0.088696852 -0.024976339 0.995745599 513.117797852
0.996088445 -0.004431479 0.088249944 53.292392731 0.002191446 0.999673486 0.025463551 -46.969882965 -0.088333942 -0.025170555 0.995772839 515.425842285
0.996101677 -0.003435318 0.088144824 53.584541321 0.001211116 0.999679804 0.025274580 -47.150463104 -0.088203438 -0.025069300 0.995786965 517.735351562
0.996089756 -0.002582585 0.088309161 53.870056152 0.000394426 0.999692738 0.024786880 -47.330780029 -0.088346019 -0.024655128 0.995784640 520.031982422
0.996035218 -0.000382950 0.088958964 54.165447235 -0.001855158 0.999683857 0.025074830 -47.519813538 -0.088940464 -0.025140448 0.995719612 522.387451172
0.995978832 0.001555288 0.089575052 54.460166931 -0.003835809 0.999672711 0.025292814 -47.701366425 -0.089506418 -0.025534697 0.995658875 524.717834473
0.995920837 0.002122890 0.090206549 54.756076813 -0.004525898 0.999640107 0.026442772 -47.876449585 -0.090117924 -0.026743164 0.995572090 527.041259766
0.995874643 0.001619867 0.090724945 55.050502777 -0.004023130 0.999645591 0.026312940 -48.054168701 -0.090650186 -0.026569387 0.995528281 529.355468750
0.995834410 -0.000193645 0.091179907 55.344509125 -0.002338669 0.999614656 0.027665058 -48.230983734 -0.091150112 -0.027763061 0.995450079 531.671386719
0.995781839 -0.001768672 0.091735698 55.652069092 -0.000741114 0.999626458 0.027317595 -48.406330109 -0.091749765 -0.027270349 0.995408595 533.995727539
0.995756924 -0.001751188 0.092005759 55.953697205 -0.000707499 0.999643624 0.026683768 -48.583469391 -0.092019700 -0.026635639 0.995400906 536.315734863
0.995674968 -0.001915567 0.092885591 56.252555847 -0.000547523 0.999648988 0.026484732 -48.761459351 -0.092903726 -0.026421044 0.995324492 538.635009766
0.995601416 -0.001384209 0.093679264 56.551403046 -0.001045558 0.999664426 0.025883052 -48.943294525 -0.093683638 -0.025867149 0.995266020 540.953979492
0.995506048 -0.000672956 0.094695300 56.849178314 -0.001757445 0.999671161 0.025579749 -49.125698090 -0.094681367 -0.025631219 0.995177627 543.278625488
0.995435119 -0.000210964 0.095440559 57.162052155 -0.002159059 0.999691904 0.024728505 -49.306144714 -0.095416375 -0.024821680 0.995127916 545.606140137
0.995314240 -0.000482330 0.096691780 57.452011108 -0.001978853 0.999676526 0.025356388 -49.498039246 -0.096672721 -0.025428914 0.994991362 547.934020996
0.995242715 -0.000372441 0.097425103 57.758087158 -0.002193870 0.999653399 0.026232926 -49.679809570 -0.097401120 -0.026321867 0.994897068 550.252929688
0.995149791 -0.000203058 0.098371327 58.058509827 -0.002362798 0.999660015 0.025966164 -49.854038239 -0.098343171 -0.026072655 0.994810939 552.560180664
0.995190144 -0.002475884 0.097932048 58.382358551 -0.000064898 0.999663830 0.025932642 -50.052223206 -0.097963348 -0.025814261 0.994855165 554.874633789
0.995258570 -0.003132602 0.097213812 58.711250305 0.000582749 0.999655306 0.026246637 -50.228675842 -0.097262539 -0.026065540 0.994917393 557.184204102
0.995217979 -0.002845334 0.097638667 59.022220612 0.000241223 0.999644220 0.026672339 -50.406303406 -0.097679839 -0.026521236 0.994864464 559.493225098
0.995178461 -0.002170643 0.098056681 59.335498810 -0.000556961 0.999613881 0.027780674 -50.584941864 -0.098079123 -0.027701346 0.994792998 561.824829102
0.995179534 -0.002800061 0.098031186 59.660820007 0.000021870 0.999598622 0.028329493 -50.761238098 -0.098071173 -0.028190782 0.994780004 564.156555176
0.995154142 -0.002199989 0.098302670 59.981163025 -0.000650922 0.999580324 0.028959880 -50.933448792 -0.098325133 -0.028883528 0.994735062 566.475280762
0.995107651 -0.001343191 0.098787524 60.304039001 -0.001465535 0.999596834 0.028353933 -51.113243103 -0.098785795 -0.028359994 0.994704485 568.797302246
0.995123088 -0.000113272 0.098640807 60.640113831 -0.002542788 0.999637544 0.026800450 -51.283508301 -0.098608091 -0.026920568 0.994762123 571.137634277
0.995109618 0.000364985 0.098776340 60.974296570 -0.003045773 0.999631047 0.026990542 -51.464179993 -0.098730043 -0.027159398 0.994743526 573.458862305
0.995097816 0.000250049 0.098895453 61.299583435 -0.003044561 0.999600291 0.028107334 -51.650600433 -0.098848879 -0.028270639 0.994700789 575.842407227
0.995098591 0.000260788 0.098886728 61.628028870 -0.003169988 0.999566734 0.029263534 -51.831798553 -0.098836243 -0.029433573 0.994668245 578.159484863
0.995013714 0.000836423 0.099734932 61.945392609 -0.003620144 0.999608815 0.027733481 -52.010509491 -0.099672720 -0.027956253 0.994627476 580.548522949
0.995052457 -0.000033458 0.099350594 62.274200439 -0.002666944 0.999630690 0.027047597 -52.177268982 -0.099314809 -0.027178742 0.994684815 582.889160156
0.995065570 -0.000318312 0.099218860 62.601856232 -0.002579582 0.999573827 0.029077439 -52.369812012 -0.099185802 -0.029189901 0.994640827 585.210266113
0.995138586 -0.000180727 0.098483883 62.928817749 -0.002699539 0.999572456 0.029112022 -52.542156219 -0.098447032 -0.029236361 0.994712710 587.529846191
0.995049119 -0.002488720 0.099353015 63.257648468 -0.000267831 0.999615610 0.027722033 -52.720935822 -0.099383794 -0.027611395 0.994665921 589.900390625
0.995086610 -0.002599976 0.098973885 63.589759827 -0.000095681 0.999629438 0.027221557 -52.888862610 -0.099008001 -0.027097279 0.994717538 592.251892090
0.995077968 -0.004445469 0.098994508 63.909545898 0.001691222 0.999609709 0.027888777 -53.067619324 -0.099079818 -0.027584087 0.994697094 594.591918945
0.995114326 -0.004937136 0.098605864 64.242828369 0.002185739 0.999605775 0.027991528 -53.244209290 -0.098705187 -0.027639244 0.994732797 596.947753906
