1.000000000 0.000000000 0.000000000 0.000000000 0.000000000 1.000000000 0.000000000 0.000000000 0.000000000 0.000000000 1.000000000 0.000000000
0.999999940 -0.000093892 0.000314810 0.088412076 0.000093971 0.999999940 -0.000249557 -0.226204991 -0.000314787 0.000249586 0.999999940 2.286233187
0.999999344 0.000158718 0.001089898 0.167647600 -0.000158980 0.999999940 0.000240288 -0.463833392 -0.001089860 -0.000240461 0.999999344 4.581526279
0.999998629 -0.000430525 0.001613299 0.266615748 0.000430103 0.999999881 0.000261902 -0.694426537 -0.001613412 -0.000261208 0.999998689 6.870446205
0.999997258 -0.000533696 0.002282845 0.365096509 0.000537006 0.999998808 -0.001449647 -0.928748369 -0.002282069 0.001450869 0.999996305 9.160566330
0.999989629 0.001174284 0.004401281 0.455138326 -0.001173770 0.999999225 -0.000119205 -1.164759994 -0.004401418 0.000114037 0.999990284 11.467815399
0.999974370 0.003197660 0.006393937 0.570923269 -0.003205653 0.999994099 0.001240375 -1.399335623 -0.006389935 -0.001260840 0.999978781 13.752128601
0.999955773 0.003021280 0.008902228 0.673538089 -0.003055505 0.999987960 0.003833377 -1.628206134 -0.008890539 -0.003860408 0.999953032 16.026597977
0.999946475 0.003196800 0.009831429 0.768258154 -0.003248641 0.999980807 0.005261440 -1.857978106 -0.009814418 -0.005293097 0.999937832 18.303440094
0.999935031 0.002458681 0.011126386 0.876759529 -0.002523736 0.999979794 0.005836625 -2.086629152 -0.011111812 -0.005864325 0.999921083 20.573135376
0.999929905 -0.000139461 0.011838755 0.995957851 0.000107192 0.999996305 0.002726278 -2.302579165 -0.011839090 -0.002724818 0.999926209 22.902116776
0.999920785 -0.002300213 0.012373839 1.106864929 0.002292664 0.999997199 0.000624207 -2.522555828 -0.012375239 -0.000595789 0.999923289 25.186769485
0.999916136 -0.003052370 0.012587417 1.238533974 0.003052625 0.999995291 -0.000000960 -2.766801596 -0.012587356 0.000039384 0.999920726 27.471702576
0.999892414 -0.002711721 0.014416240 1.332141161 0.002729166 0.999995589 -0.001190528 -2.990949154 -0.014412948 0.001229745 0.999895394 29.757526398
0.999902725 -0.000621275 0.013935919 1.475978374 0.000599296 0.999998569 0.001581235 -3.223700523 -0.013936879 -0.001572729 0.999901652 32.034408569
0.999905407 0.001427727 0.013682015 1.609037995 -0.001480732 0.999991417 0.003864720 -3.445595264 -0.013676381 -0.003884614 0.999898911 34.311828613
0.999865651 0.003442940 0.016024493 1.712550402 -0.003574708 0.999960005 0.008201498 -3.681648731 -0.015995620 -0.008257680 0.999837875 36.635246277
0.999845862 0.005332066 0.016727006 1.829572797 -0.005465092 0.999953806 0.007917185 -3.900953293 -0.016684020 -0.008007378 0.999828637 38.907085419
0.999816537 0.004311939 0.018661318 1.934463143 -0.004434897 0.999968708 0.006552523 -4.108212471 -0.018632485 -0.006634080 0.999804378 41.210128784
0.999821842 0.001777249 0.018791899 2.060692549 -0.001885235 0.999981821 0.005730228 -4.333641052 -0.018781370 -0.005764633 0.999807060 43.487194061
0.999822199 0.001587118 0.018789340 2.190789700 -0.001664472 0.999990225 0.004102000 -4.551503658 -0.018782651 -0.004132544 0.999815166 45.725849152
0.999820530 0.000810919 0.018926766 2.316115618 -0.000873683 0.999994159 0.003308066 -4.781862736 -0.018923972 -0.003324008 0.999815404 47.992233276
0.999823749 -0.000694104 0.018762836 2.453368902 0.000622858 0.999992549 0.003802725 -5.010677814 -0.018765332 -0.003790369 0.999816716 50.271099091
0.999801517 -0.001194240 0.019885780 2.582162380 0.001117160 0.999991834 0.003886766 -5.230562687 -0.019890258 -0.003863780 0.999794722 52.539875031
0.999793231 -0.002319708 0.020203155 2.717311382 0.002243343 0.999990344 0.003801710 -5.459077835 -0.020211775 -0.003755601 0.999788761 54.823822021
0.999757767 -0.002686061 0.021850364 2.838781834 0.002598806 0.999988556 0.004020690 -5.686786175 -0.021860912 -0.003962930 0.999753296 57.128211975
0.999741673 -0.003961680 0.022381784 2.979054451 0.003861176 0.999982238 0.004531826 -5.910602093 -0.022399342 -0.004444235 0.999739230 59.396709442
0.999697447 -0.005426884 0.023989033 3.106477022 0.005335385 0.999978185 0.003876611 -6.133817673 -0.024009552 -0.003747447 0.999704719 61.668056488
0.999679148 -0.006204739 0.024557387 3.257208109 0.006113862 0.999974191 0.003773997 -6.359295845 -0.024580171 -0.003622645 0.999691427 63.925552368
0.999642253 -0.005615252 0.026147485 3.396610975 0.005503211 0.999975383 0.004354905 -6.581434250 -0.026171297 -0.004209452 0.999648631 66.191459656
0.999620676 -0.004580903 0.027156558 3.545367241 0.004454405 0.999978900 0.004716784 -6.808115005 -0.027177600 -0.004594029 0.999620020 68.435791016
0.999574065 -0.004968934 0.028756352 3.683297873 0.004843284 0.999978423 0.004437467 -7.033162594 -0.028777778 -0.004296302 0.999576569 70.682502747
0.999555826 -0.005910174 0.029210797 3.846399307 0.005822799 0.999978304 0.003075326 -7.255683899 -0.029228341 -0.002903871 0.999568462 72.930480957
0.999540329 -0.006802488 0.029544521 4.004318714 0.006701909 0.999971390 0.003501969 -7.481956959 -0.029567501 -0.003302354 0.999557316 75.203720093
0.999494493 -0.007980677 0.030775020 4.168748856 0.007892120 0.999964416 0.002997977 -7.713890553 -0.030797843 -0.002753582 0.999521852 77.469482422
0.999483228 -0.008908503 0.030885238 4.324990273 0.008833976 0.999957740 0.002548584 -7.940328121 -0.030906636 -0.002274427 0.999519706 79.711143494
0.999445915 -0.009376190 0.031936541 4.474001884 0.009299258 0.999953568 0.002556631 -8.162817001 -0.031959027 -0.002258229 0.999486685 81.967071533
0.999439836 -0.008926743 0.032254245 4.644921303 0.008860230 0.999958336 0.002204498 -8.391341209 -0.032272574 -0.001917483 0.999477267 84.233047485
0.999392152 -0.008675869 0.033764616 4.802377701 0.008599735 0.999960124 0.002399424 -8.606633186 -0.033784084 -0.002107598 0.999426901 86.491714478
0.999390960 -0.008298493 0.033894800 4.972128391 0.008165977 0.999958456 0.004046138 -8.848544121 -0.033926975 -0.003766890 0.999417186 88.750732422
0.999361396 -0.007428322 0.034952231 5.132752419 0.007273662 0.999963224 0.004549950 -9.074496269 -0.034984745 -0.004292814 0.999378741 90.999229431
0.999337554 -0.007480345 0.035615392 5.302639484 0.007326198 0.999963224 0.004456650 -9.296558380 -0.035647422 -0.004192773 0.999355614 93.246345520
0.999319255 -0.007669427 0.036085673 5.472682953 0.007533314 0.999963939 0.003906368 -9.515181541 -0.036114331 -0.003631865 0.999341071 95.496803284
0.999287128 -0.007979759 0.036897011 5.638259411 0.007829759 0.999960423 0.004208070 -9.737335205 -0.036929131 -0.003916175 0.999310195 97.748100281
0.999250054 -0.007581397 0.037971050 5.802670956 0.007438549 0.999964654 0.003901877 -9.972508430 -0.037999287 -0.003616501 0.999271154 99.985946655
0.999178469 -0.007536292 0.039817862 5.957775116 0.007348994 0.999961317 0.004848117 -10.188551903 -0.039852850 -0.004551513 0.999195278 102.211242676
0.999172747 -0.008045790 0.039862137 6.156493187 0.007851043 0.999956429 0.005039595 -10.418181419 -0.039900951 -0.004722466 0.999192417 104.469055176
0.999134004 -0.008717639 0.040686931 6.336013317 0.008485918 0.999946773 0.005864488 -10.636481285 -0.040735893 -0.005514143 0.999154747 106.700004578
0.999093711 -0.010138241 0.041343264 6.518623352 0.009897479 0.999932885 0.006024006 -10.852877617 -0.041401565 -0.005609352 0.999126852 108.949249268
0.999049842 -0.011320791 0.042086557 6.703084946 0.011042069 0.999915600 0.006849167 -11.076205254 -0.042160545 -0.006377936 0.999090493 111.202888489
0.999038100 -0.012050332 0.042161651 6.900123596 0.011832964 0.999915421 0.005401345 -11.297212601 -0.042223178 -0.004897251 0.999096215 113.471221924
0.998994410 -0.012476346 0.043062352 7.086194992 0.012284310 0.999913335 0.004721220 -11.517822266 -0.043117523 -0.004187481 0.999061227 115.713806152
0.998959124 -0.012745243 0.043796975 7.265535355 0.012522466 0.999907255 0.005357188 -11.745470047 -0.043861195 -0.004803166 0.999026179 117.939270020
0.998908103 -0.013466768 0.044733323 7.455849648 0.013210370 0.999894559 0.006022347 -11.966093063 -0.044809707 -0.005424827 0.998980820 120.181205750
0.998855293 -0.013828118 0.045790367 7.651899338 0.013548099 0.999887586 0.006419945 -12.188259125 -0.045873992 -0.005792223 0.998930454 122.418075562
0.998816252 -0.014641504 0.046386119 7.849730015 0.014356885 0.999876022 0.006463108 -12.411015511 -0.046474997 -0.005789496 0.998902678 124.650436401
0.998783767 -0.015193898 0.046906088 8.041064262 0.014940167 0.999871850 0.005755228 -12.635528564 -0.046987522 -0.005047444 0.998882651 126.914428711
0.998761594 -0.016950022 0.046774045 8.234415054 0.016690014 0.999843001 0.005943815 -12.848500252 -0.046867456 -0.005155796 0.998887837 129.171386719
0.998780966 -0.017887726 0.046004727 8.424857140 0.017617237 0.999825001 0.006278438 -13.062747955 -0.046108987 -0.005460308 0.998921454 131.417068481
0.998852789 -0.018247671 0.044273265 8.630124092 0.017935175 0.999811471 0.007445297 -13.280238152 -0.044400781 -0.006642707 0.998991728 133.647750854
0.998907268 -0.019356247 0.042540126 8.837648392 0.019051490 0.999789953 0.007557803 -13.511026382 -0.042677477 -0.006739092 0.999066174 135.890884399
0.998972178 -0.020140640 0.040607598 9.041711807 0.019863307 0.999776661 0.007221587 -13.724464417 -0.040743966 -0.006407562 0.999149084 138.116729736
0.998981118 -0.020751925 0.040075611 9.228856087 0.020491811 0.999766290 0.006890651 -13.933688164 -0.040209237 -0.006062409 0.999172866 140.382751465
0.998966992 -0.021029675 0.040281668 9.399866104 0.020773420 0.999761343 0.006769675 -14.139828682 -0.040414415 -0.005925894 0.999165416 142.616226196
0.999008775 -0.021109173 0.039188050 9.587502480 0.020801052 0.999749660 0.008253807 -14.364788055 -0.039352469 -0.007430476 0.999197721 144.820190430
0.999029040 -0.020232731 0.039135277 9.764777184 0.019964334 0.999774516 0.007236844 -14.580068588 -0.039272871 -0.006448509 0.999207735 147.055404663
0.999049485 -0.018988378 0.039237265 9.944843292 0.018780636 0.999807656 0.005656415 -14.796620369 -0.039337121 -0.004914138 0.999213934 149.308029175
0.999071002 -0.017319694 0.039460678 10.120597839 0.017138986 0.999840915 0.004913120 -15.018567085 -0.039539509 -0.004232239 0.999209046 151.557586670
0.999083996 -0.016466867 0.039496664 10.308411598 0.016286394 0.999855340 0.004886726 -15.234362602 -0.039571423 -0.004238992 0.999207735 153.796920776
0.999075770 -0.015717687 0.040004864 10.486631393 0.015508504 0.999864399 0.005533935 -15.454718590 -0.040086422 -0.004908405 0.999184072 156.047271729
0.999076545 -0.014910386 0.040292997 10.681385994 0.014648708 0.999869704 0.006781835 -15.675000191 -0.040388864 -0.006185332 0.999164820 158.267150879
0.999032557 -0.014416907 0.041546468 10.851318359 0.014105575 0.999870241 0.007777015 -15.898130417 -0.041653190 -0.007183454 0.999106288 160.556930542
0.999000192 -0.013522649 0.042614128 11.030117035 0.013122676 0.999867201 0.009651765 -16.113265991 -0.042738996 -0.009082902 0.999044955 162.791519165
0.998974144 -0.012928620 0.043399025 11.211655617 0.012553556 0.999881506 0.008903692 -16.319175720 -0.043508992 -0.008349749 0.999018073 165.053512573
0.998929441 -0.012260732 0.044605058 11.403536797 0.011928775 0.999899209 0.007700740 -16.531204224 -0.044694979 -0.007160411 0.998975039 167.299713135
0.998853683 -0.010450641 0.046713226 11.588014603 0.010093934 0.999918103 0.007865513 -16.743658066 -0.046791598 -0.007384976 0.998877347 169.532546997
0.998742223 -0.009862954 0.049159139 11.784471512 0.009443250 0.999916971 0.008762626 -16.971620560 -0.049241479 -0.008287383 0.998752475 171.797515869
0.998627365 -0.010130609 0.051387884 11.987447739 0.009722400 0.999919176 0.008187488 -17.177762985 -0.051466677 -0.007676636 0.998645306 174.061264038
0.998542547 -0.009990759 0.053037826 12.195058823 0.009537450 0.999915838 0.008793136 -17.393497467 -0.053121220 -0.008274477 0.998553813 176.295227051
0.998477936 -0.010711596 0.054102037 12.399187088 0.010196067 0.999900043 0.009795913 -17.608386993 -0.054201558 -0.009229377 0.998487353 178.520919800
0.998414516 -0.011530728 0.055094700 12.598440170 0.011000168 0.999890327 0.009923534 -17.817728043 -0.055203084 -0.009301749 0.998431802 180.755142212
0.998462081 -0.012191589 0.054081820 12.813296318 0.011697847 0.999886990 0.009436735 -18.033876419 -0.054190770 -0.008789580 0.998491943 183.025756836
0.998480797 -0.013533875 0.053412192 13.029768944 0.013043484 0.999869645 0.009519214 -18.249685287 -0.053534061 -0.008808072 0.998527169 185.264892578
0.998485565 -0.015220722 0.052867848 13.244027138 0.014682815 0.999836504 0.010548108 -18.461483002 -0.053019751 -0.009755885 0.998545825 187.502777100
0.998466313 -0.016042111 0.052987739 13.437803268 0.015537002 0.999829948 0.009930807 -18.670150757 -0.053138051 -0.009092306 0.998545766 189.735427856
0.998429716 -0.017106125 0.053342756 13.642912865 0.016616492 0.999815822 0.009609069 -18.880365372 -0.053497303 -0.008707610 0.998530030 191.973434448
0.998417675 -0.018189829 0.053209722 13.837717056 0.017711395 0.999798477 0.009449285 -19.102115631 -0.053370874 -0.008491915 0.998538792 194.221847534
0.998437583 -0.017896520 0.052934069 14.051891327 0.017398173 0.999800146 0.009860307 -19.312572479 -0.053099945 -0.008923949 0.998549342 196.453033447
0.998455465 -0.016340004 0.053101197 14.267585754 0.015808161 0.999820828 0.010420308 -19.527219772 -0.053261951 -0.009564782 0.998534799 198.694458008
0.998480499 -0.013335612 0.053470843 14.474368095 0.012820744 0.999868214 0.009960445 -19.751928329 -0.053596620 -0.009259773 0.998519659 200.964065552
0.998445213 -0.012675942 0.054281719 14.684550285 0.012195176 0.999883533 0.009178938 -19.962444305 -0.054391745 -0.008502691 0.998483479 203.218887329
0.998411536 -0.013082487 0.054801822 14.889923096 0.012544819 0.999869823 0.010143695 -20.171579361 -0.054927386 -0.009440103 0.998445749 205.444915771
0.998392522 -0.014556725 0.054775354 15.102294922 0.013973899 0.999841750 0.011008318 -20.384046555 -0.054926932 -0.010225199 0.998438001 207.664398193
0.998342693 -0.015151529 0.055518568 15.305855751 0.014593137 0.999838889 0.010449336 -20.583621979 -0.055667948 -0.009621826 0.998402953 209.876983643
0.998245120 -0.014736097 0.057356741 15.517489433 0.014094137 0.999833584 0.011580952 -20.794103622 -0.057517868 -0.010752235 0.998286486 212.114624023
0.998171151 -0.013560811 0.058910020 15.746546745 0.012891130 0.999848008 0.011733093 -21.000181198 -0.059060168 -0.010952218 0.998194396 214.341308594
0.997980893 -0.012719376 0.062228531 15.937782288 0.012012370 0.999859095 0.011722432 -21.199569702 -0.062368866 -0.010951253 0.997993112 216.579574585
0.997863650 -0.012848685 0.064057209 16.171375275 0.012099619 0.999853969 0.012067975 -21.403869629 -0.064202920 -0.011267121 0.997873247 218.807846069
0.997716606 -0.014082260 0.066056371 16.402423859 0.013275634 0.999831975 0.012634316 -21.602916718 -0.066223204 -0.011728524 0.997735918 221.029586792
0.997621238 -0.015712613 0.067119397 16.641271591 0.014857598 0.999802232 0.013218998 -21.801874161 -0.067313813 -0.012190321 0.997657359 223.258697510
0.997548759 -0.017952431 0.067632094 16.889051437 0.017126283 0.999771655 0.012775433 -22.010757446 -0.067845993 -0.011585833 0.997628510 225.474624634
0.997510731 -0.019062238 0.067889690 17.131790161 0.018263722 0.999756753 0.012363335 -22.207023621 -0.068108834 -0.011092640 0.997616231 227.724151611
0.997464240 -0.019226711 0.068524629 17.372434616 0.018392257 0.999749064 0.012787699 -22.413698196 -0.068753295 -0.011494949 0.997567415 229.963989258
0.997425377 -0.020452710 0.068733707 17.625564575 0.019702304 0.999738872 0.011577841 -22.615587234 -0.068952538 -0.010193820 0.997567832 232.207550049
0.997389734 -0.021230655 0.069013543 17.876480103 0.020431967 0.999716103 0.012258357 -22.812049866 -0.069254190 -0.010816277 0.997540414 234.450027466
0.997343004 -0.020464953 0.069915369 18.134735107 0.019610751 0.999724686 0.012882398 -23.022502899 -0.070159763 -0.011477076 0.997469723 236.717773438
0.997296095 -0.020170543 0.070665434 18.375150681 0.019318519 0.999732375 0.012719962 -23.217643738 -0.070903078 -0.011320416 0.997418940 238.938278198
0.997258842 -0.020499920 0.071094990 18.622159958 0.019620266 0.999722362 0.013049415 -23.420579910 -0.071342789 -0.011618741 0.997384310 241.155960083
0.997217178 -0.020852417 0.071577147 18.872100830 0.019959420 0.999714017 0.013168786 -23.619638443 -0.071831308 -0.011703500 0.997348070 243.392700195
0.997195244 -0.020881988 0.071872286 19.124225616 0.020032609 0.999720931 0.012518620 -23.826993942 -0.072113648 -0.011043719 0.997335255 245.614196777
0.997192204 -0.020499378 0.072024055 19.380121231 0.019701850 0.999736667 0.011766203 -24.031507492 -0.072246276 -0.010314157 0.997333407 247.845642090
0.997165799 -0.020759430 0.072314516 19.637878418 0.019923896 0.999726295 0.012256449 -24.236658096 -0.072549164 -0.010780926 0.997306585 250.080001831
0.997143686 -0.022121575 0.072215915 19.898572922 0.021289635 0.999698043 0.012269715 -24.441970825 -0.072465539 -0.010697216 0.997313559 252.308731079
0.997126102 -0.022047993 0.072480157 20.154878616 0.021156864 0.999691129 0.013039769 -24.646860123 -0.072745271 -0.011468842 0.997284591 254.558822632
0.997093022 -0.022754556 0.072716713 20.400318146 0.021841858 0.999672711 0.013322132 -24.849645615 -0.072996065 -0.011695137 0.997263670 256.778808594
0.997080028 -0.023266321 0.072733216 20.666704178 0.022307506 0.999653459 0.013967426 -25.060264587 -0.073032975 -0.012304144 0.997253597 259.032257080
0.997037351 -0.022923850 0.073423788 20.923292160 0.022002183 0.999668956 0.013337133 -25.257596970 -0.073705219 -0.011682134 0.997211635 261.269989014
0.997010827 -0.022977434 0.073765390 21.187549591 0.022080313 0.999672413 0.012954461 -25.458766937 -0.074038878 -0.011286977 0.997191489 263.521820068
0.996989071 -0.022255899 0.074279539 21.451522827 0.021375390 0.999691784 0.012628075 -25.666976929 -0.074537694 -0.011002298 0.997157514 265.758819580
0.996934295 -0.021561814 0.075213954 21.713237762 0.020670921 0.999706864 0.012603301 -25.864488602 -0.075463668 -0.011009921 0.997087717 267.998657227
0.996803999 -0.021285767 0.076997794 21.974111557 0.020394741 0.999715984 0.012340054 -26.079618454 -0.077238582 -0.010730268 0.996954918 270.266662598
0.996668220 -0.022084316 0.078514054 22.242752075 0.021138920 0.999694049 0.012852030 -26.286327362 -0.078773834 -0.011149511 0.996830225 272.511016846
0.996528745 -0.022447472 0.080166176 22.504383087 0.021457633 0.999682784 0.013187706 -26.486576080 -0.080436774 -0.011421753 0.996694267 274.771667480
0.996450663 -0.022485267 0.081120186 22.788879395 0.021392534 0.999668658 0.014314759 -26.680316925 -0.081415169 -0.012528583 0.996601462 277.007202148
0.996365666 -0.021349287 0.082459591 23.066684723 0.020137731 0.999677181 0.015496702 -26.881368637 -0.082763813 -0.013779834 0.996473908 279.255279541
0.996253133 -0.021463994 0.083779626 23.350837708 0.020189483 0.999667645 0.016030440 -27.081859589 -0.084095843 -0.014278909 0.996355355 281.526702881
0.996119976 -0.020614909 0.085557207 23.617734909 0.019220902 0.999669313 0.017085254 -27.283294678 -0.085881129 -0.015374477 0.996186674 283.769897461
0.996148467 -0.019852672 0.085405491 23.923986435 0.018555652 0.999700546 0.015953837 -27.475189209 -0.085696653 -0.014307640 0.996218503 286.035736084
0.996029377 -0.019139074 0.086943746 24.192621231 0.017880887 0.999724209 0.015227148 -27.671697617 -0.087211207 -0.013612059 0.996096849 288.264434814
0.995942831 -0.019389708 0.087874308 24.455060959 0.018124897 0.999720752 0.015168583 -27.871980667 -0.088143878 -0.013514330 0.996016085 290.501007080
0.995933175 -0.019728499 0.087908283 24.744850159 0.018523218 0.999723136 0.014505487 -28.065116882 -0.088170126 -0.012818150 0.996022940 292.743408203
0.995929956 -0.020369656 0.087798633 25.028091431 0.019228661 0.999719560 0.013821865 -28.264381409 -0.088055536 -0.012077359 0.996042371 294.969207764
0.995904386 -0.020096090 0.088152498 25.310262680 0.018943457 0.999723971 0.013892711 -28.466205597 -0.088407353 -0.012165898 0.996010125 297.206176758
0.995887578 -0.019321511 0.088512659 25.595592499 0.018154895 0.999737620 0.013966415 -28.660223007 -0.088759296 -0.012302042 0.995977163 299.443084717
0.995830655 -0.019147959 0.089188591 25.862726212 0.017856127 0.999724090 0.015259768 -28.869939804 -0.089456193 -0.013603580 0.995897830 301.677093506
0.995830059 -0.019669959 0.089080639 26.156436920 0.018362237 0.999711573 0.015476089 -29.066246033 -0.089359373 -0.013775838 0.995904148 303.928619385
0.995785773 -0.019242765 0.089668140 26.447362900 0.017911205 0.999717414 0.015631048 -29.262044907 -0.089943588 -0.013959114 0.995848954 306.174163818
0.995772183 -0.020364678 0.089570589 26.739225388 0.019036159 0.999696076 0.015661513 -29.466531754 -0.089862302 -0.013890220 0.995857358 308.418579102
0.995714068 -0.021386616 0.089977473 27.030609131 0.020010332 0.999668956 0.016170299 -29.662355423 -0.090293519 -0.014300518 0.995812476 310.674713135
0.995678365 -0.020841779 0.090499945 27.322992325 0.019522853 0.999690294 0.015434718 -29.859106064 -0.090793580 -0.013601197 0.995776832 312.917144775
0.995703459 -0.020660734 0.090264954 27.620721817 0.019266060 0.999681592 0.016295105 -30.060230255 -0.090572909 -0.014486045 0.995784402 315.155059814
0.995626271 -0.019325025 0.091404594 27.912109375 0.017989876 0.999719381 0.015408518 -30.255613327 -0.091676712 -0.013696769 0.995694637 317.399993896
0.995616078 -0.016953059 0.091984980 28.198734283 0.015561066 0.999753535 0.015829019 -30.451145172 -0.092230648 -0.014328239 0.995634675 319.636962891
0.995567799 -0.016033331 0.092669636 28.490077972 0.014667590 0.999773800 0.015400177 -30.650873184 -0.092895590 -0.013972682 0.995577812 321.865539551
0.995522320 -0.015501712 0.093246989 28.779350281 0.014079878 0.999774635 0.015886687 -30.844058990 -0.093472242 -0.014502645 0.995516241 324.104034424
0.995523036 -0.014902931 0.093338124 29.078962326 0.013342452 0.999760985 0.017320409 -31.048074722 -0.093573958 -0.015997503 0.995483935 326.327789307
0.995453537 -0.015255923 0.094018392 29.363168716 0.013699340 0.999758482 0.017179469 -31.246437073 -0.094257802 -0.015813371 0.995422244 328.563415527
0.995459020 -0.016986096 0.093663439 29.670501709 0.015522921 0.999746203 0.016328173 -31.437086105 -0.093917035 -0.014800095 0.995469987 330.794281006
0.995445251 -0.016168306 0.093953297 29.960054398 0.014708975 0.999760449 0.016204337 -31.634971619 -0.094192803 -0.014748576 0.995444715 333.012451172
0.995415688 -0.016321376 0.094240308 30.255598068 0.014752869 0.999741137 0.017316546 -31.826110840 -0.094498552 -0.015846848 0.995398879 335.250671387
0.995450318 -0.016711755 0.093804769 30.564048767 0.015165644 0.999737561 0.017171007 -32.015354156 -0.094067104 -0.015670275 0.995442510 337.483764648
0.995413005 -0.016378125 0.094258696 30.850351334 0.014797402 0.999738336 0.017444698 -32.211330414 -0.094519727 -0.015969895 0.995394886 339.717407227
0.995437920 -0.016724154 0.093934514 31.154369354 0.015171955 0.999736726 0.017214224 -32.406352997 -0.094197683 -0.015710521 0.995429456 341.965576172
0.995435119 -0.016945332 0.093924373 31.450202942 0.015337431 0.999723613 0.017814724 -32.598762512 -0.094200283 -0.016292840 0.995420039 344.219818115
0.995515883 -0.016342221 0.093172424 31.756204605 0.014759722 0.999735296 0.017648529 -32.786781311 -0.093436182 -0.016194193 0.995493531 346.459716797
0.995564163 -0.015981296 0.092717640 32.054016113 0.014408216 0.999741077 0.017611008 -32.977714539 -0.092975087 -0.016196992 0.995536685 348.692474365
0.995539188 -0.015487845 0.093069263 32.344913483 0.013853059 0.999738634 0.018185798 -33.175231934 -0.093326584 -0.016815377 0.995493531 350.932342529
0.995586574 -0.015593234 0.092544481 32.639553070 0.013953191 0.999734402 0.018342352 -33.361877441 -0.092805929 -0.016970105 0.995539606 353.160308838
0.995592952 -0.015190248 0.092541501 32.931064606 0.013580217 0.999745667 0.018002927 -33.557456970 -0.092791446 -0.016666854 0.995545983 355.398590088
0.995627522 -0.015306285 0.092148826 33.230197906 0.013662240 0.999736488 0.018445699 -33.749141693 -0.092406869 -0.017106086 0.995574355 357.630157471
0.995690584 -0.014774014 0.091553286 33.530029297 0.013051106 0.999726832 0.019388884 -33.942699432 -0.091814734 -0.018110456 0.995611370 359.871704102
0.995748818 -0.015079848 0.090865828 33.833709717 0.013361499 0.999720752 0.019489616 -34.136241913 -0.091134362 -0.018192664 0.995672405 362.120422363
0.995798588 -0.015044022 0.090325512 34.134147644 0.013284485 0.999710619 0.020049699 -34.327148438 -0.090601005 -0.018765531 0.995710433 364.363677979
0.995843530 -0.014985863 0.089839324 34.431064606 0.013290957 0.999722779 0.019434653 -34.517124176 -0.090105668 -0.018159823 0.995766640 366.619201660
0.995876610 -0.015713355 0.089347988 34.723197937 0.014023818 0.999711394 0.019506086 -34.709636688 -0.089628719 -0.018172657 0.995809376 368.861724854
0.995847940 -0.015762284 0.089656785 35.008861542 0.014165510 0.999729931 0.018418375 -34.891281128 -0.089922890 -0.017071869 0.995802402 371.118286133
0.995932281 -0.016254628 0.088626757 35.306381226 0.014649029 0.999717116 0.018736886 -35.089111328 -0.088906229 -0.017362373 0.995888650 373.354919434
0.996023893 -0.016260741 0.087590709 35.605838776 0.014629719 0.999707997 0.019230891 -35.275623322 -0.087877832 -0.017873000 0.995970905 375.600036621
0.995913446 -0.016090453 0.088867113 35.881439209 0.014386895 0.999701023 0.019777134 -35.463821411 -0.089158766 -0.018417792 0.995847106 377.869140625
0.995924175 -0.016623344 0.088649645 36.173179626 0.014897848 0.999687076 0.020090530 -35.654392242 -0.088955902 -0.018687952 0.995860219 380.107666016
0.995943487 -0.016542371 0.088447526 36.469959259 0.014818375 0.999687910 0.020112978 -35.839122772 -0.088752650 -0.018720740 0.995877743 382.360778809
0.995943785 -0.015844259 0.088571258 36.761371613 0.014089101 0.999692500 0.020406548 -36.030696869 -0.088867344 -0.019075885 0.995860815 384.613098145
0.995954752 -0.014848143 0.088622510 37.054508209 0.013088472 0.999706089 0.020404028 -36.213165283 -0.088899426 -0.019161552 0.995856225 386.877136230
0.995999694 -0.013696285 0.088299237 37.360301971 0.011937140 0.999720216 0.020419886 -36.409767151 -0.088554204 -0.019284163 0.995884657 389.153472900
0.995998323 -0.012204191 0.088533774 37.648170471 0.010437722 0.999737680 0.020388098 -36.599464417 -0.088759355 -0.019382427 0.995864511 391.429290771
0.996001482 -0.010842668 0.088676237 37.936378479 0.008942874 0.999722421 0.021793252 -36.786323547 -0.088887937 -0.020913091 0.995822012 393.695281982
0.995932698 -0.009643489 0.089582726 38.217597961 0.007687018 0.999724925 0.022159215 -36.973320007 -0.089771777 -0.021380464 0.995732844 395.961730957
0.995869100 -0.009247114 0.090327732 38.506923676 0.007401288 0.999757349 0.020748412 -37.166980743 -0.090497665 -0.019994158 0.995695949 398.228027344
0.995828509 -0.008953685 0.090803832 38.796718597 0.007161689 0.999773622 0.020041455 -37.353824615 -0.090962686 -0.019307543 0.995667100 400.493835449
0.995672882 -0.009901797 0.092398785 39.073505402 0.007950232 0.999737978 0.021465346 -37.541618347 -0.092587121 -0.020637874 0.995490670 402.736267090
0.995720208 -0.011186683 0.091739759 39.383144379 0.009211315 0.999717116 0.021927522 -37.725311279 -0.091959104 -0.020988632 0.995541573 405.025848389
0.995679736 -0.011631978 0.092123829 39.676509857 0.009657011 0.999714494 0.021855026 -37.909694672 -0.092351764 -0.020870961 0.995507717 407.277801514
0.995656788 -0.010161043 0.092543438 39.997795105 0.008238355 0.999742687 0.021134475 -38.096946716 -0.092734359 -0.020280274 0.995484352 409.543975830
0.995603442 -0.009352709 0.093199767 40.300662994 0.007395088 0.999745190 0.021327857 -38.286636353 -0.093375519 -0.020544868 0.995418966 411.802429199
0.995528579 -0.008126359 0.094110869 40.592910767 0.006181554 0.999761641 0.020938156 -38.472549438 -0.094258569 -0.020262782 0.995341539 414.049530029
0.995408475 -0.006838722 0.095473066 40.890968323 0.004854655 0.999767721 0.020998264 -38.657577515 -0.095594488 -0.020438362 0.995210528 416.321838379
0.995368361 -0.007041633 0.095876329 41.202690125 0.005052777 0.999767303 0.020970983 -38.847671509 -0.096001685 -0.020389412 0.995172322 418.578948975
0.995256782 -0.007186303 0.097017162 41.499942780 0.005183138 0.999768496 0.020883787 -39.032173157 -0.097144760 -0.020281877 0.995063603 420.831359863
0.995168149 -0.007252323 0.097917296 41.798458099 0.005241389 0.999770284 0.020778699 -39.223655701 -0.098045498 -0.020165082 0.994977593 423.087799072
0.995104373 -0.007782509 0.098522320 42.109241486 0.005649197 0.999743819 0.021913564 -39.410633087 -0.098667644 -0.021249710 0.994893551 425.356567383
0.995054781 -0.007088593 0.099074379 42.416149139 0.004882897 0.999735117 0.022487806 -39.593105316 -0.099207550 -0.021892831 0.994825900 427.608093262
0.994973540 -0.006207488 0.099946111 42.730659485 0.003907756 0.999723434 0.023189077 -39.775474548 -0.100062422 -0.022681952 0.994722545 429.882598877
0.994992495 -0.006977877 0.099705756 43.050960541 0.004651102 0.999711812 0.023549849 -39.968143463 -0.099841341 -0.022968173 0.994738340 432.139190674
0.994934022 -0.007514832 0.100248635 43.365112305 0.005234809 0.999722004 0.022987381 -40.158660889 -0.100393511 -0.022346145 0.994696796 434.400787354
0.994937837 -0.006590541 0.100276083 43.689788818 0.004307138 0.999726892 0.022970641 -40.327297211 -0.100400083 -0.022422457 0.994694471 436.671630859
0.994902253 -0.006895387 0.100608863 44.011287689 0.004561013 0.999715388 0.023414072 -40.514785767 -0.100741692 -0.022835836 0.994650424 438.958282471
0.994937956 -0.006949597 0.100250088 44.337505341 0.004610619 0.999712110 0.023544285 -40.694313049 -0.100384854 -0.022962887 0.994683564 441.229888916
0.994937658 -0.006471970 0.100286402 44.665584564 0.004024225 0.999689519 0.024590651 -40.890369415 -0.100414440 -0.024062587 0.994654655 443.530029297
0.994885325 -0.006946235 0.100771673 44.984451294 0.004481879 0.999685824 0.024660666 -41.068275452 -0.100911319 -0.024082895 0.994603872 445.810821533
0.994863272 -0.006590948 0.101012938 45.297565460 0.004172761 0.999700189 0.024131995 -41.250148773 -0.101141684 -0.023586536 0.994592369 448.077331543
0.994879425 -0.006113011 0.100884199 45.618690491 0.003726837 0.999709189 0.023824144 -41.434127808 -0.101000488 -0.023326172 0.994612873 450.340209961
0.994805753 -0.005420414 0.101647057 45.929824829 0.003032160 0.999716163 0.023635358 -41.622299194 -0.101746306 -0.023204381 0.994539738 452.602294922
0.994731665 -0.004738619 0.102402672 46.243030548 0.002325383 0.999717057 0.023672676 -41.796379089 -0.102485880 -0.023309840 0.994461298 454.880767822
0.994716883 -0.004893231 0.102539539 46.558719635 0.002492515 0.999720037 0.023527646 -41.987518311 -0.102625966 -0.023147766 0.994450629 457.140075684
0.994743764 -0.003944051 0.102319390 46.891468048 0.001604267 0.999735534 0.022939686 -42.172828674 -0.102382809 -0.022654960 0.994487047 459.427612305
0.994703054 -0.002774442 0.102752648 47.211196899 0.000363064 0.999724269 0.023479065 -42.356212616 -0.102789469 -0.023317389 0.994429767 461.713806152
0.994692683 -0.002613862 0.102856904 47.527168274 0.000053041 0.999690175 0.024891801 -42.539867401 -0.102890089 -0.024754234 0.994384646 463.985229492
0.994728863 -0.002705062 0.102504499 47.839736938 0.000122822 0.999682605 0.025189415 -42.715782166 -0.102540128 -0.025044050 0.994413555 466.248992920
0.994830012 -0.002915520 0.101512454 48.165237427 0.000466842 0.999708533 0.024137354 -42.896881104 -0.101553231 -0.023965171 0.994541407 468.525756836
0.994912982 -0.002676364 0.100702442 48.495162964 0.000293686 0.999719739 0.023667963 -43.079879761 -0.100737572 -0.023517985 0.994635046 470.812469482
0.995001197 -0.003186810 0.099812239 48.812820435 0.000724298 0.999694645 0.024697965 -43.267078400 -0.099860474 -0.024502212 0.994699717 473.093872070
0.994935095 -0.003391846 0.100462049 49.110797882 0.000841839 0.999676585 0.025414314 -43.453109741 -0.100515768 -0.025201021 0.994616330 475.372528076
0.995080590 -0.003211853 0.099016853 49.435150146 0.000805246 0.999703526 0.024335401 -43.617053986 -0.099065676 -0.024135955 0.994788170 477.662750244
0.995099902 -0.003432222 0.098814934 49.749546051 0.000953623 0.999683917 0.025119552 -43.799598694 -0.098869912 -0.024902234 0.994788706 479.942016602
0.995127320 -0.003827879 0.098524198 50.064598083 0.001318434 0.999673367 0.025522852 -43.977245331 -0.098589726 -0.025268594 0.994807243 482.213287354
0.995125353 -0.004463953 0.098518416 50.364463806 0.002039305 0.999692857 0.024698103 -44.155883789 -0.098598436 -0.024376798 0.994828701 484.498443604
0.995237529 -0.005342480 0.097333327 50.688987732 0.002851934 0.999665320 0.025708988 -44.348129272 -0.097438112 -0.025308959 0.994919717 486.796539307
0.995336294 -0.005729851 0.096296482 51.005844116 0.003228457 0.999653757 0.026111716 -44.524314880 -0.096412778 -0.025679050 0.995010078 489.076873779
0.995253801 -0.005519886 0.097156599 51.274921417 0.002988117 0.999652624 0.026184870 -44.710620880 -0.097267412 -0.025770279 0.994924545 491.358734131
0.995331407 -0.004853363 0.096393697 51.595752716 0.002287091 0.999640465 0.026715487 -44.887424469 -0.096488677 -0.026370304 0.994984806 493.646423340
0.995300174 -0.004262604 0.096743658 51.890495300 0.001728181 0.999653459 0.026266003 -45.058845520 -0.096822098 -0.025975361 0.994962692 495.943481445
0.995343268 -0.004361148 0.096295238 52.213397980 0.001890686 0.999667108 0.025731426 -45.240383148 -0.096375413 -0.025429538 0.995020151 498.245300293
0.995394588 -0.004203336 0.095770217 52.522762299 0.001658612 0.999643862 0.026635271 -45.417617798 -0.095848061 -0.026353756 0.995047152 500.535156250
0.995387673 -0.003765447 0.095860630 52.822414398 0.001185287 0.999635816 0.026958467 -45.598537445 -0.095927216 -0.026720501 0.995029628 502.812072754
0.995420516 -0.002938129 0.095546789 53.130954742 0.000429422 0.999654889 0.026266268 -45.776897430 -0.095591009 -0.026104959 0.995078325 505.103088379
0.995404065 -0.002889091 0.095720343 53.431514740 0.000305088 0.999635339 0.026998989 -45.955112457 -0.095763437 -0.026845697 0.995042026 507.394989014
0.995427430 -0.003368762 0.095461339 53.743484497 0.000889705 0.999661565 0.025999893 -46.132141113 -0.095516615 -0.025796074 0.995093524 509.684997559
0.995472789 -0.004079726 0.094959512 54.057357788 0.001518289 0.999633431 0.027030624 -46.315284729 -0.095035002 -0.026764076 0.995114088 511.980133057
0.995502770 -0.004070892 0.094644651 54.369155884 0.001501119 0.999628663 0.027207166 -46.490917206 -0.094720267 -0.026942736 0.995139241 514.282470703
0.995488107 -0.003257540 0.094830610 54.666187286 0.000710647 0.999638438 0.026878674 -46.664951324 -0.094883882 -0.026690012 0.995130479 516.585205078
0.995472431 -0.002351935 0.095021226 54.963832855 -0.000186600 0.999643624 0.026697742 -46.844673157 -0.095050126 -0.026594602 0.995117188 518.877807617
0.995401382 -0.000091891 0.095791951 55.264526367 -0.002478464 0.999640048 0.026713353 -47.022891998 -0.095759913 -0.026827928 0.995042861 521.209045410
0.995331049 0.001934576 0.096500278 55.577053070 -0.004561245 0.999624848 0.027006119 -47.202049255 -0.096411832 -0.027320195 0.994966507 523.543029785
0.995270610 0.002596316 0.097106434 55.890220642 -0.005369494 0.999584854 0.028307702 -47.373779297 -0.096992642 -0.028695241 0.994871378 525.863525391
0.995212138 0.002097439 0.097715065 56.196094513 -0.004878112 0.999589741 0.028226757 -47.547370911 -0.097615756 -0.028568281 0.994814038 528.163146973
0.995177627 0.000227740 0.098089091 56.506843567 -0.003148343 0.999556184 0.029621247 -47.720329285 -0.098038830 -0.029787222 0.994736731 530.473999023
0.995113313 -0.001437702 0.098729320 56.826324463 -0.001455488 0.999571741 0.029225996 -47.891960144 -0.098729037 -0.029226875 0.994684994 532.796936035
0.995089531 -0.001328332 0.098970108 57.144016266 -0.001505212 0.999591231 0.028550133 -48.063461304 -0.098967575 -0.028558908 0.994680762 535.112609863
0.994988143 -0.001551698 0.099980377 57.456661224 -0.001306742 0.999592423 0.028518174 -48.241424561 -0.099983871 -0.028505895 0.994580626 537.429931641
0.994914472 -0.001347235 0.100713991 57.770114899 -0.001501719 0.999601126 0.028206408 -48.424472809 -0.100711808 -0.028214207 0.994515419 539.740661621
0.994804084 -0.000522212 0.101805806 58.083770752 -0.002312655 0.999612868 0.027725814 -48.599597931 -0.101780869 -0.027817201 0.994417846 542.065002441
0.994722784 0.000025295 0.102599040 58.412097931 -0.002762577 0.999643922 0.026537403 -48.771236420 -0.102561854 -0.026680797 0.994368792 544.387329102
0.994548142 -0.000051692 0.104277693 58.708179474 -0.002800207 0.999625981 0.027202496 -48.953079224 -0.104240097 -0.027346194 0.994176090 546.707153320
0.994459927 -0.000125735 0.105116121 59.031703949 -0.002871569 0.999593556 0.028362392 -49.135253906 -0.105076969 -0.028507110 0.994055390 549.022766113
0.994372308 -0.000387948 0.105940670 59.349456787 -0.002666323 0.999584913 0.028686857 -49.311710358 -0.105907813 -0.028807890 0.993958592 551.321166992
0.994362652 -0.001546775 0.106021315 59.684040070 -0.001413945 0.999611199 0.027844846 -49.486251831 -0.106023170 -0.027837783 0.993973851 553.630615234
0.994399428 -0.001721884 0.105673335 60.023563385 -0.001280757 0.999597549 0.028339919 -49.663719177 -0.105679601 -0.028316544 0.993996978 555.945434570
0.994325280 -0.001519921 0.106371701 60.349472046 -0.001554713 0.999583542 0.028815733 -49.838882446 -0.106371194 -0.028817594 0.993908823 558.256591797
0.994292259 -0.001141308 0.106683947 60.686576843 -0.002058459 0.999551415 0.029878035 -50.014892578 -0.106670178 -0.029927108 0.993843973 560.593444824
0.994287074 -0.001314748 0.106731124 61.029953003 -0.001963306 0.999529719 0.030602312 -50.187423706 -0.106721163 -0.030637031 0.993816853 562.922302246
0.994265616 -0.001154224 0.106933743 61.368885040 -0.002197613 0.999509990 0.031221846 -50.354652405 -0.106917404 -0.031277802 0.993775845 565.242126465
0.994205058 -0.000103870 0.107500158 61.712596893 -0.003215422 0.999523461 0.030703289 -50.530773163 -0.107452124 -0.030871028 0.993730843 567.568664551
0.994215846 0.000764934 0.107398883 62.064311981 -0.003935301 0.999562621 0.029310713 -50.700492859 -0.107329503 -0.029563818 0.993783832 569.897888184
0.994174719 0.001174892 0.107774027 62.413822174 -0.004384264 0.999553800 0.029546607 -50.874893188 -0.107691228 -0.029846998 0.993736267 572.218933105
0.994148970 0.000859630 0.108013511 62.752044678 -0.004231527 0.999510646 0.030992044 -51.061538696 -0.107934006 -0.031267773 0.993666232 574.602294922
0.994161308 0.000858726 0.107900895 63.104873657 -0.004377176 0.999466181 0.032375548 -51.236858368 -0.107815504 -0.032658808 0.993634343 576.913940430
0.994003594 0.001073719 0.109342337 63.421394348 -0.004511892 0.999502957 0.031201553 -51.415546417 -0.109254465 -0.031507798 0.993514299 579.298583984
0.994023740 0.000506517 0.109162927 63.769622803 -0.003999626 0.999486804 0.031782459 -51.587402344 -0.109090798 -0.032029130 0.993515551 581.637756348
0.993970096 -0.000598667 0.109650090 64.110610962 -0.003005536 0.999460757 0.032701813 -51.756324768 -0.109610535 -0.032834187 0.993432164 583.961059570
0.994030714 -0.000384624 0.109100431 64.460479736 -0.003222321 0.999454081 0.032882541 -51.921333313 -0.109053507 -0.033037815 0.993486702 586.276916504
0.993998051 -0.003985943 0.109325074 64.814918518 0.000484050 0.999486446 0.032039784 -52.108398438 -0.109396651 -0.031794563 0.993489563 588.645874023
0.994041502 -0.004348778 0.108915389 65.171188354 0.000848522 0.999482274 0.032163128 -52.273765564 -0.108998872 -0.031879071 0.993530512 590.993774414
0.994032681 -0.006150097 0.108908519 65.513137817 0.002605852 0.999463201 0.032655794 -52.442451477 -0.109050907 -0.032177128 0.993515253 593.328308105
0.994079053 -0.006882537 0.108440414 65.871391296 0.003337685 0.999455154 0.032837056 -52.610328674 -0.108607337 -0.032280691 0.993560493 595.684997559
