1.000000000 0.000000000 0.000000000 0.000000000 0.000000000 1.000000000 0.000000000 0.000000000 0.000000000 0.000000000 1.000000000 0.000000000
0.999999821 0.000214479 0.000562785 0.087029330 -0.000214375 0.999999940 -0.000185531 -0.225116864 -0.000562825 0.000185411 0.999999821 2.299015522
0.999998927 0.000631566 0.001325589 0.163290173 -0.000632104 0.999999702 0.000405358 -0.463998824 -0.001325333 -0.000406196 0.999999046 4.591526985
0.999998331 0.000251108 0.001802753 0.261358172 -0.000252087 0.999999821 0.000542910 -0.694763839 -0.001802617 -0.000543363 0.999998152 6.880249500
0.999996305 0.000200300 0.002698020 0.354806334 -0.000197353 0.999999344 -0.001092660 -0.928650856 -0.002698237 0.001092123 0.999995768 9.180314064
0.999987125 0.001849057 0.004727784 0.447345316 -0.001849708 0.999998331 0.000133427 -1.163194656 -0.004727528 -0.000142171 0.999988854 11.485261917
0.999966443 0.003637850 0.007331735 0.533869565 -0.003646708 0.999992609 0.001195186 -1.391589046 -0.007327333 -0.001221882 0.999972403 13.792775154
0.999949098 0.003468272 0.009480339 0.644367754 -0.003505720 0.999986053 0.003936317 -1.621838212 -0.009466555 -0.003969352 0.999947309 16.063106537
0.999939263 0.003117233 0.010571951 0.744114935 -0.003164493 0.999984980 0.004456519 -1.843575716 -0.010557899 -0.004489704 0.999934196 18.400459290
0.999921620 0.002239887 0.012314382 0.850297570 -0.002298696 0.999985933 0.004763619 -2.072839022 -0.012303540 -0.004791552 0.999912858 20.690925598
0.999924779 -0.000477408 0.012250240 0.977264285 0.000446413 0.999996662 0.002532722 -2.303494692 -0.012251410 -0.002527063 0.999921739 23.002271652
0.999911487 -0.002705228 0.013021897 1.086665630 0.002695663 0.999996126 0.000752095 -2.527127028 -0.013023879 -0.000716926 0.999914885 25.283298492
0.999909163 -0.004085097 0.012844519 1.223792672 0.004088254 0.999991596 -0.000219545 -2.772849560 -0.012843514 0.000272037 0.999917507 27.597599030
0.999897242 -0.003671768 0.013860189 1.330737948 0.003687574 0.999992549 -0.001114996 -3.000367641 -0.013855991 0.001165992 0.999903381 29.885204315
0.999886811 -0.002097638 0.014898354 1.447697520 0.002083877 0.999997318 0.000939183 -3.229899406 -0.014900286 -0.000908030 0.999888599 32.168071747
0.999890208 -0.000050605 0.014817767 1.581721783 0.000005303 0.999995351 0.003057355 -3.451752663 -0.014817854 -0.003056941 0.999885559 34.450469971
0.999853015 0.002437481 0.016970666 1.686862588 -0.002561793 0.999970138 0.007307266 -3.686005116 -0.016952343 -0.007349669 0.999829412 36.751716614
0.999837577 0.004274587 0.017508188 1.808257461 -0.004394894 0.999966919 0.006838748 -3.906234264 -0.017478380 -0.006914586 0.999823272 39.024463654
0.999804497 0.003446084 0.019477718 1.915144205 -0.003554403 0.999978423 0.005529305 -4.114683628 -0.019458242 -0.005597455 0.999795139 41.315765381
0.999807775 0.001047689 0.019580333 2.042711258 -0.001130821 0.999990404 0.004235088 -4.338772297 -0.019575706 -0.004256415 0.999799371 43.592399597
0.999814868 0.001159747 0.019206014 2.187945127 -0.001230225 0.999992549 0.003658151 -4.566313744 -0.019201625 -0.003681102 0.999808967 45.833126068
0.999809742 0.000444417 0.019499021 2.314068079 -0.000494542 0.999996603 0.002565894 -4.795171738 -0.019497810 -0.002575049 0.999806702 48.106994629
0.999807298 -0.000889389 0.019617317 2.450833797 0.000830541 0.999995053 0.003007742 -5.025674343 -0.019619891 -0.002990869 0.999803066 50.386638641
0.999786079 -0.001853768 0.020599820 2.580630541 0.001781345 0.999992192 0.003533499 -5.252040386 -0.020606214 -0.003496048 0.999781549 52.648212433
0.999779582 -0.003135543 0.020758163 2.719513178 0.003064796 0.999989450 0.003439054 -5.481009007 -0.020768728 -0.003374676 0.999778628 54.929672241
0.999746263 -0.003393559 0.022267483 2.837403297 0.003309540 0.999987245 0.003808919 -5.710976124 -0.022280125 -0.003734258 0.999744773 57.219932556
0.999726832 -0.004812850 0.022868745 2.977432013 0.004710153 0.999978602 0.004542445 -5.936817169 -0.022890115 -0.004433490 0.999728143 59.484561920
0.999686539 -0.006097041 0.024283580 3.108556747 0.006006950 0.999974787 0.003781184 -6.159787178 -0.024306023 -0.003634129 0.999697983 61.751289368
0.999670506 -0.007009972 0.024693971 3.261708736 0.006918012 0.999968767 0.003807471 -6.385965824 -0.024719888 -0.003635384 0.999687910 64.004486084
0.999642372 -0.006607613 0.025912769 3.403776169 0.006499156 0.999969780 0.004267478 -6.607488632 -0.025940184 -0.004097541 0.999655128 66.275466919
0.999628603 -0.005717376 0.026645496 3.555811405 0.005592972 0.999973118 0.004741062 -6.836076260 -0.026671886 -0.004590274 0.999633729 68.538635254
0.999587119 -0.005931318 0.028113378 3.693544865 0.005812742 0.999973893 0.004297629 -7.059525490 -0.028138135 -0.004132438 0.999595523 70.792533875
0.999570251 -0.006751470 0.028523615 3.854258537 0.006667734 0.999973178 0.003029809 -7.284674168 -0.028543305 -0.002838319 0.999588490 73.047584534
0.999561548 -0.007781472 0.028568877 4.018172741 0.007689279 0.999964893 0.003335470 -7.511099339 -0.028593829 -0.003114333 0.999586403 75.330726624
0.999509215 -0.009067579 0.029984705 4.175768375 0.008983801 0.999955416 0.002927566 -7.743322372 -0.030009916 -0.002656752 0.999546170 77.595222473
0.999506354 -0.010034986 0.029775260 4.333780289 0.009967777 0.999947429 0.002404828 -7.971135139 -0.029797819 -0.002106848 0.999553680 79.862068176
0.999477088 -0.010468394 0.030592341 4.483372211 0.010409623 0.999943614 0.002079777 -8.190113068 -0.030612392 -0.001760235 0.999529779 82.116386414
0.999449134 -0.009464013 0.031809811 4.643603325 0.009393839 0.999953091 0.002354783 -8.426636696 -0.031830605 -0.002054670 0.999491155 84.396362305
0.999397397 -0.009189312 0.033472493 4.801115513 0.009101421 0.999954641 0.002777201 -8.645913124 -0.033496499 -0.002470879 0.999435723 86.652023315
0.999403894 -0.008924911 0.033347618 4.973884583 0.008786994 0.999952257 0.004279950 -8.881623268 -0.033384219 -0.003984374 0.999434650 88.932510376
0.999377489 -0.008045459 0.034349423 5.135796547 0.007874946 0.999956012 0.005096436 -9.110134125 -0.034388915 -0.004822765 0.999396861 91.185005188
0.999348521 -0.007823178 0.035232872 5.302042007 0.007649098 0.999957919 0.005072864 -9.331759453 -0.035271075 -0.004800059 0.999366224 93.421875000
0.999331474 -0.008017190 0.035669263 5.479078293 0.007857960 0.999958515 0.004602018 -9.553561211 -0.035704680 -0.004318654 0.999353051 95.648536682
0.999291956 -0.008808855 0.036578104 5.644858360 0.008627936 0.999949753 0.005100944 -9.775618553 -0.036621198 -0.004781739 0.999317706 97.886390686
0.999259531 -0.008527758 0.037518177 5.807509422 0.008358403 0.999954164 0.004668480 -10.005605698 -0.037556268 -0.004351432 0.999285042 100.136985779
0.999202132 -0.008546813 0.039014407 5.966109753 0.008335492 0.999949694 0.005575937 -10.220644951 -0.039060097 -0.005246283 0.999223053 102.372520447
0.999195993 -0.008821304 0.039109003 6.165850639 0.008604708 0.999946654 0.005703116 -10.445175171 -0.039157230 -0.005362008 0.999218702 104.623207092
0.999161839 -0.009503223 0.039815329 6.343025208 0.009259851 0.999937356 0.006292543 -10.660345078 -0.039872628 -0.005918585 0.999187350 106.860572815
0.999135196 -0.010942794 0.040114105 6.529425621 0.010696795 0.999922693 0.006341973 -10.875484467 -0.040180400 -0.005907396 0.999174953 109.114349365
0.999098301 -0.012027774 0.040717922 6.713252068 0.011731404 0.999902964 0.007509752 -11.103384972 -0.040804300 -0.007025301 0.999142408 111.368614197
0.999071479 -0.012790721 0.041143168 6.902879238 0.012548883 0.999902427 0.006130917 -11.322902679 -0.041217584 -0.005608923 0.999134421 113.634185791
0.999024451 -0.013172200 0.042148635 7.084080696 0.012957987 0.999901712 0.005351465 -11.543176651 -0.042214982 -0.004800083 0.999097049 115.887153625
0.998983979 -0.013476772 0.043004371 7.265288353 0.013236277 0.999895155 0.005872209 -11.770348549 -0.043079007 -0.005297024 0.999057651 118.134429932
0.998926938 -0.013876906 0.044185638 7.453388691 0.013586432 0.999884129 0.006867503 -11.996444702 -0.044275820 -0.006259808 0.998999715 120.404373169
0.998914957 -0.014483083 0.044261400 7.657445908 0.014157304 0.999870420 0.007664995 -12.221445084 -0.044366684 -0.007030056 0.998990595 122.613113403
0.998840511 -0.015181317 0.045685656 7.850828648 0.014874943 0.999864578 0.007038681 -12.443192482 -0.045786329 -0.006350947 0.998931050 124.923080444
0.998800814 -0.015435897 0.046461474 8.032402039 0.015155280 0.999864757 0.006386041 -12.666740417 -0.046553776 -0.005674247 0.998899698 127.188255310
0.998776555 -0.016915534 0.046468321 8.222322464 0.016614651 0.999838412 0.006853702 -12.883252144 -0.046576746 -0.006073261 0.998896360 129.451141357
0.998799682 -0.018009990 0.045550533 8.413363457 0.017701635 0.999817669 0.007163800 -13.096897125 -0.045671239 -0.006348880 0.998936355 131.696121216
0.998860180 -0.018333342 0.044070050 8.614012718 0.017986052 0.999804199 0.008264016 -13.311103821 -0.044212915 -0.007461952 0.998994291 133.932861328
0.998910666 -0.019236172 0.042512495 8.807892799 0.018900516 0.999787033 0.008283442 -13.536414146 -0.042662788 -0.007470910 0.999061584 136.188034058
0.998987019 -0.020131899 0.040243492 9.020488739 0.019841917 0.999774337 0.007592212 -13.743113518 -0.040387250 -0.006786013 0.999161124 138.414215088
0.998958290 -0.020708745 0.040665936 9.179682732 0.020406209 0.999761045 0.007840578 -13.964941978 -0.040818587 -0.007002572 0.999141991 140.700561523
0.998942554 -0.020993130 0.040902276 9.347229004 0.020691004 0.999755561 0.007795883 -14.167123795 -0.041055940 -0.006941330 0.999132693 142.935043335
0.998985171 -0.021298643 0.039685421 9.544986725 0.020947291 0.999737799 0.009248325 -14.395289421 -0.039871991 -0.008407637 0.999169409 145.172454834
0.999001622 -0.020413885 0.039737098 9.722424507 0.020102955 0.999764204 0.008208615 -14.607254982 -0.039895296 -0.007401586 0.999176562 147.422225952
0.999025583 -0.019296005 0.039691258 9.901096344 0.019045254 0.999796271 0.006685967 -14.818885803 -0.039812181 -0.005923522 0.999189615 149.658462524
0.999041200 -0.017835639 0.039982770 10.081351280 0.017616652 0.999827862 0.005822668 -15.037701607 -0.040079743 -0.005112723 0.999183357 151.911102295
0.999050677 -0.017024249 0.040099543 10.270494461 0.016805658 0.999841988 0.005781970 -15.253682137 -0.040191639 -0.005102583 0.999178886 154.161941528
0.999043286 -0.016229639 0.040611610 10.450878143 0.015984487 0.999852061 0.006353915 -15.470694542 -0.040708732 -0.005698679 0.999154806 156.429794312
0.999047279 -0.015533394 0.040782925 10.647992134 0.015245822 0.999856770 0.007352883 -15.689229012 -0.040891301 -0.006724108 0.999140978 158.650329590
0.998991728 -0.015065919 0.042290952 10.810443878 0.014718567 0.999855399 0.008512812 -15.910778046 -0.042413089 -0.007881766 0.999069095 160.954757690
0.998962939 -0.014081721 0.043298017 10.995406151 0.013628952 0.999849439 0.010734572 -16.128797531 -0.043442667 -0.010133334 0.999004543 163.191375732
0.998931527 -0.013134853 0.044308882 11.179439545 0.012713674 0.999871373 0.009773985 -16.338134766 -0.044431560 -0.009200212 0.998970032 165.474792480
0.998898208 -0.012592410 0.045211636 11.375782013 0.012229055 0.999890745 0.008304388 -16.544055939 -0.045311265 -0.007742342 0.998942912 167.726638794
0.998831987 -0.010789822 0.047100678 11.563804626 0.010397675 0.999909282 0.008562814 -16.755790710 -0.047188804 -0.008063072 0.998853326 169.960723877
0.998712003 -0.010427210 0.049653783 11.764381409 0.010019145 0.999913990 0.008459999 -16.970249176 -0.049737729 -0.007951614 0.998730600 172.261367798
0.998590589 -0.010639227 0.051994912 11.965580940 0.010240573 0.999916136 0.007927544 -17.178489685 -0.052074898 -0.007383915 0.998615801 174.536346436
0.998505116 -0.010535661 0.053633861 12.176343918 0.010086947 0.999911904 0.008630085 -17.395587921 -0.053720068 -0.008076182 0.998523355 176.793807983
0.998450577 -0.011016090 0.054546583 12.379921913 0.010522277 0.999901116 0.009332009 -17.604518890 -0.054643996 -0.008743593 0.998467624 179.017562866
0.998448253 -0.012545640 0.054255765 12.597798347 0.012058576 0.999884009 0.009295318 -17.824804306 -0.054366097 -0.008626646 0.998483777 181.299621582
0.998412132 -0.013297342 0.054740250 12.798989296 0.012833246 0.999878705 0.008820985 -18.032173157 -0.054850914 -0.008104484 0.998461664 183.545242310
0.998465061 -0.014745216 0.053385824 13.027448654 0.014288185 0.999857962 0.008932506 -18.253684998 -0.053509962 -0.008156009 0.998534024 185.784149170
0.998471558 -0.016633052 0.052705772 13.239381790 0.016139744 0.999822021 0.009771470 -18.468130112 -0.052858923 -0.008905880 0.998562217 188.030456543
0.998488843 -0.017423736 0.052120112 13.450416565 0.016957683 0.999812365 0.009370885 -18.676156998 -0.052273601 -0.008472889 0.998596787 190.275360107
0.998434782 -0.018765792 0.052686553 13.652629852 0.018310737 0.999790967 0.009106508 -18.893644333 -0.052846417 -0.008127524 0.998569667 192.514770508
0.998411596 -0.020450279 0.052498087 13.854473114 0.020027559 0.999762654 0.008565685 -19.105943680 -0.052660812 -0.007500672 0.998584270 194.757949829
0.998429656 -0.020032667 0.052315973 14.059812546 0.019608049 0.999770582 0.008617200 -19.316299438 -0.052476604 -0.007577852 0.998593390 196.992202759
0.998456657 -0.017123152 0.052831318 14.273344994 0.016669987 0.999820471 0.009006309 -19.536640167 -0.052976057 -0.008111712 0.998562813 199.231582642
0.998465121 -0.015188290 0.053259924 14.476563454 0.014739051 0.999852479 0.008817543 -19.750616074 -0.053385995 -0.008019007 0.998541772 201.466003418
0.998447001 -0.014477547 0.053794190 14.692552567 0.014069959 0.999869406 0.007947818 -19.961158752 -0.053902227 -0.007178594 0.998520434 203.729217529
0.998417258 -0.014727145 0.054276150 14.897701263 0.014282443 0.999861240 0.008572161 -20.168954849 -0.054394864 -0.007783400 0.998489201 205.955718994
0.998393953 -0.016191633 0.054289516 15.136066437 0.015724126 0.999835730 0.009027450 -20.394758224 -0.054426778 -0.008159298 0.998484433 208.222000122
0.998337090 -0.015757559 0.055450555 15.344408989 0.015259585 0.999839485 0.009392442 -20.597988129 -0.055589661 -0.008530671 0.998417199 210.469039917
0.998254895 -0.015494972 0.056982774 15.567369461 0.014902635 0.999830663 0.010805311 -20.828779221 -0.057140548 -0.009937261 0.998316705 212.726531982
0.998195529 -0.014058902 0.058377482 15.804508209 0.013422920 0.999846339 0.011272198 -21.038772583 -0.058526982 -0.010468260 0.998230994 214.957702637
0.997997582 -0.012448950 0.062014081 16.012815475 0.011771711 0.999867141 0.011274171 -21.249095917 -0.062146198 -0.010521584 0.998011589 217.234451294
0.997863412 -0.012506439 0.064126760 16.244815826 0.011780403 0.999862313 0.011687556 -21.456192017 -0.064264126 -0.010907144 0.997873247 219.479049683
0.997735918 -0.013979932 0.065784663 16.484191895 0.013194554 0.999836564 0.012358032 -21.661554337 -0.065946668 -0.011462054 0.997757256 221.715148926
0.997629702 -0.015707707 0.066994473 16.722131729 0.014858449 0.999803007 0.013156082 -21.863100052 -0.067187935 -0.012129461 0.997666597 223.947845459
0.997557640 -0.017880011 0.067520931 16.977615356 0.017065361 0.999774694 0.012622779 -22.074584961 -0.067731403 -0.011439680 0.997637987 226.187225342
0.997515619 -0.018923504 0.067855142 17.219673157 0.018138478 0.999761403 0.012166701 -22.273420334 -0.068069182 -0.010905685 0.997621000 228.440002441
0.997470379 -0.019293088 0.068416797 17.465284348 0.018495023 0.999753535 0.012279105 -22.474756241 -0.068636827 -0.010982674 0.997581244 230.684707642
0.997402668 -0.020335600 0.069098115 17.709646225 0.019590382 0.999742508 0.011445599 -22.680540085 -0.069313072 -0.010062212 0.997544169 232.931198120
0.997409046 -0.021275567 0.068720929 17.982900620 0.020461740 0.999712169 0.012524801 -22.889719009 -0.068967611 -0.011086200 0.997557282 235.212402344
0.997373641 -0.021136418 0.069275685 18.230484009 0.020300088 0.999712586 0.012754373 -23.090934753 -0.069525361 -0.011314571 0.997516036 237.455017090
0.997335732 -0.020830756 0.069910243 18.472932816 0.020004271 0.999721706 0.012501573 -23.287075043 -0.070151217 -0.011069761 0.997474968 239.680953979
0.997302353 -0.020938907 0.070352912 18.719972610 0.020085953 0.999716163 0.012809623 -23.489362717 -0.070601165 -0.011361959 0.997439921 241.908081055
0.997259617 -0.021195469 0.070880130 18.969120026 0.020338757 0.999711394 0.012786793 -23.686872482 -0.071130693 -0.011310138 0.997402906 244.149475098
0.997216403 -0.021342451 0.071441628 19.217187881 0.020530468 0.999716163 0.012080817 -23.894746780 -0.071679197 -0.010580458 0.997371733 246.379180908
0.997231960 -0.020857861 0.071367837 19.479064941 0.020104332 0.999734461 0.011260482 -24.100503922 -0.071583778 -0.009794509 0.997386456 248.619293213
0.997202873 -0.021165334 0.071682550 19.732601166 0.020379128 0.999724030 0.011681625 -24.304458618 -0.071910024 -0.010188123 0.997359097 250.860992432
0.997181237 -0.022555666 0.071559973 19.991752625 0.021767382 0.999693692 0.011776604 -24.512226105 -0.071803689 -0.010185734 0.997366726 253.094863892
0.997156143 -0.022760987 0.071844384 20.247842789 0.021918194 0.999681652 0.012497546 -24.717168808 -0.072105981 -0.010887306 0.997337520 255.345382690
0.997117519 -0.023279872 0.072213024 20.488708496 0.022423852 0.999668598 0.012642271 -24.920167923 -0.072483413 -0.010986537 0.997309089 257.565185547
0.997089684 -0.023938093 0.072381958 20.760112762 0.023025870 0.999644935 0.013411292 -25.133636475 -0.072677284 -0.011705603 0.997286797 259.840209961
0.997061610 -0.023633201 0.072867215 21.019054413 0.022755463 0.999658465 0.012852613 -25.334178925 -0.073146075 -0.011156721 0.997258842 262.086853027
0.997035027 -0.023573659 0.073248968 21.281198502 0.022735186 0.999666333 0.012259727 -25.534332275 -0.073513553 -0.010558049 0.997238278 264.351074219
0.997006238 -0.022890059 0.073854297 21.544391632 0.022073520 0.999686062 0.011853485 -25.741954803 -0.074102432 -0.010187777 0.997198582 266.593811035
0.996933579 -0.022291284 0.075009853 21.804986954 0.021477265 0.999701560 0.011641393 -25.940286636 -0.075246952 -0.009994690 0.997114778 268.841827393
0.996825874 -0.021829352 0.076561123 22.062482834 0.021002308 0.999712229 0.011591010 -26.156589508 -0.076792099 -0.009946259 0.996997535 271.101196289
0.996719182 -0.022646453 0.077703141 22.332363129 0.021773977 0.999690235 0.012057330 -26.364255905 -0.077952117 -0.010325867 0.996903718 273.345703125
0.996538579 -0.022659574 0.079983771 22.594665527 0.021722184 0.999684930 0.012570641 -26.564836502 -0.080243431 -0.010789706 0.996716857 275.600219727
0.996432602 -0.022569375 0.081318341 22.874578476 0.021538928 0.999676406 0.013526888 -26.756574631 -0.081597328 -0.011727122 0.996596396 277.840057373
0.996374786 -0.022292560 0.082099453 23.161090851 0.021090347 0.999657691 0.015481655 -26.977834702 -0.082416475 -0.013694025 0.996503890 280.094390869
0.996296585 -0.022045940 0.083109684 23.447345734 0.020728970 0.999645948 0.016676024 -27.181106567 -0.083447888 -0.014891485 0.996400893 282.331024170
0.996210039 -0.021123849 0.084376253 23.727394104 0.019805185 0.999668777 0.016435096 -27.371185303 -0.084695481 -0.014701720 0.996298432 284.598999023
0.996115804 -0.020117745 0.085723855 23.999864578 0.018840417 0.999699533 0.015683612 -27.560005188 -0.086013615 -0.014007621 0.996195495 286.829895020
0.996132553 -0.019544898 0.085661434 24.298624039 0.018371452 0.999726593 0.014465687 -27.744028091 -0.085920736 -0.012836019 0.996219277 289.073669434
0.996078610 -0.020260941 0.086121246 24.574951172 0.019071532 0.999711335 0.014611299 -27.946126938 -0.086392425 -0.012911538 0.996177495 291.300201416
0.995960474 -0.020351462 0.087455988 24.831085205 0.019265272 0.999726653 0.013246098 -28.135936737 -0.087701671 -0.011507727 0.996080279 293.579315186
0.995968997 -0.020852443 0.087240018 25.117544174 0.019831397 0.999724448 0.012554306 -28.334680557 -0.087477773 -0.010773610 0.996108174 295.806121826
0.995965242 -0.020943355 0.087261818 25.403362274 0.019925490 0.999723077 0.012519342 -28.536912918 -0.087499849 -0.010730095 0.996106744 298.036102295
0.995960891 -0.020336557 0.087455295 25.687393188 0.019314768 0.999735057 0.012514034 -28.733201981 -0.087686628 -0.010774309 0.996089876 300.272979736
0.995887041 -0.020060508 0.088355072 25.949943542 0.018943490 0.999729931 0.013462870 -28.939832687 -0.088601261 -0.011733742 0.995998085 302.501708984
0.995902359 -0.020281868 0.088131480 26.243207932 0.019136498 0.999721348 0.013821760 -29.141960144 -0.088387243 -0.012078595 0.996012926 304.746002197
0.995876431 -0.019668397 0.088562146 26.531671524 0.018507963 0.999732018 0.013905312 -29.340307236 -0.088811912 -0.012208868 0.995973587 306.995788574
0.995867372 -0.020474732 0.088481262 26.821784973 0.019308034 0.999715209 0.014021699 -29.550300598 -0.088743158 -0.012255354 0.995979130 309.252990723
0.995818555 -0.021764467 0.088722475 27.111629486 0.020572567 0.999685705 0.014326450 -29.747509003 -0.089006394 -0.012441294 0.995953321 311.511596680
0.995788455 -0.021548834 0.089111961 27.400218964 0.020394260 0.999696255 0.013846793 -29.951051712 -0.089383267 -0.011971104 0.995925367 313.753845215
0.995810091 -0.021033175 0.088993542 27.698524475 0.019835221 0.999700665 0.014324253 -30.151456833 -0.089268200 -0.012499029 0.995929182 316.004272461
0.995769680 -0.019490961 0.089793272 27.986043930 0.018342171 0.999739230 0.013601236 -30.354566574 -0.090034962 -0.011896695 0.995867550 318.247222900
0.995774090 -0.018039022 0.090046905 28.273759842 0.016824417 0.999757230 0.014229444 -30.555397034 -0.090281732 -0.012654324 0.995835781 320.498840332
0.995719075 -0.016921194 0.090869099 28.557750702 0.015702127 0.999777079 0.014113870 -30.761089325 -0.091087647 -0.012626613 0.995762765 322.731842041
0.995662391 -0.016282851 0.091603197 28.838012695 0.015019603 0.999782622 0.014462980 -30.955081940 -0.091818780 -0.013024400 0.995690525 324.971740723
0.995653450 -0.015660027 0.091809459 29.134014130 0.014252015 0.999770880 0.015971880 -31.164331436 -0.092038542 -0.014593989 0.995648503 327.200347900
0.995619595 -0.016182926 0.092085198 29.419862747 0.014775913 0.999763668 0.015940826 -31.368391037 -0.092321381 -0.014510356 0.995623529 329.445495605
0.995641947 -0.018151788 0.091474660 29.726787567 0.016825484 0.999742270 0.015249543 -31.565301895 -0.091727875 -0.013643980 0.995690584 331.677276611
0.995635629 -0.017753683 0.091620982 30.016866684 0.016446071 0.999752045 0.015007311 -31.763656616 -0.091864705 -0.013435007 0.995680869 333.892242432
0.995622933 -0.018181097 0.091675445 30.309604645 0.016749844 0.999725878 0.016357569 -31.960479736 -0.091947719 -0.014750422 0.995654523 336.115631104
0.995679379 -0.018893532 0.090915091 30.618551254 0.017488642 0.999715388 0.016224848 -32.152645111 -0.091195747 -0.014564767 0.995726466 338.347625732
0.995685458 -0.018817257 0.090865895 30.908372879 0.017385313 0.999712229 0.016524857 -32.352855682 -0.091150723 -0.014873829 0.995725989 340.588684082
0.995742798 -0.019018821 0.090193257 31.211698532 0.017616687 0.999711692 0.016316650 -32.551750183 -0.090477578 -0.014658282 0.995790601 342.831481934
0.995762706 -0.019207738 0.089931786 31.503614426 0.017759185 0.999699771 0.016879875 -32.746315002 -0.090229034 -0.015211237 0.995804787 345.066131592
0.995793343 -0.019030094 0.089629464 31.794639587 0.017578663 0.999701738 0.016955340 -32.937377930 -0.089925393 -0.015308449 0.995830834 347.305236816
0.995851874 -0.019041196 0.088974774 32.086948395 0.017600926 0.999701440 0.016944110 -33.131649017 -0.089270845 -0.015307782 0.995889664 349.550018311
0.995870054 -0.018683380 0.088847019 32.374050140 0.017203465 0.999700725 0.017393643 -33.327938080 -0.089145415 -0.015793331 0.995893419 351.791015625
0.995912552 -0.019059878 0.088288844 32.662429810 0.017563652 0.999689162 0.017692981 -33.516487122 -0.088598646 -0.016069986 0.995937765 354.015289307
0.995936930 -0.018703109 0.088089995 32.944896698 0.017252367 0.999703169 0.017201588 -33.709392548 -0.088385582 -0.015611937 0.995963931 356.250305176
0.995973945 -0.018774649 0.087655082 33.232276917 0.017292855 0.999694943 0.017633807 -33.900314331 -0.087959409 -0.016047010 0.995994747 358.482513428
0.996036530 -0.018267756 0.087049149 33.525279999 0.016721930 0.999689877 0.018454371 -34.094734192 -0.087359279 -0.016925596 0.996033013 360.728881836
0.996089101 -0.018316342 0.086435124 33.817550659 0.016783236 0.999689281 0.018430626 -34.288623810 -0.086745858 -0.016907880 0.996086955 362.978363037
0.996137440 -0.018073795 0.085927248 34.107894897 0.016513012 0.999686122 0.018840257 -34.478519440 -0.086240783 -0.017348565 0.996123195 365.218048096
0.996180952 -0.018051494 0.085426077 34.394062042 0.016550625 0.999696553 0.018245041 -34.671173096 -0.085729502 -0.016761510 0.996177435 367.467712402
0.996189117 -0.018766206 0.085176751 34.674278259 0.017285807 0.999687016 0.018084746 -34.862529755 -0.085489459 -0.016543478 0.996201694 369.722320557
0.996194899 -0.018795820 0.085103251 34.953994751 0.017396791 0.999701560 0.017151145 -35.049507141 -0.085400231 -0.015605357 0.996224463 371.987609863
0.996250391 -0.018341625 0.084550254 35.239784241 0.016955318 0.999710381 0.017085357 -35.246208191 -0.084839098 -0.015587716 0.996272743 374.242034912
0.996350408 -0.018317109 0.083368853 35.531417847 0.016932199 0.999707103 0.017288731 -35.432899475 -0.083661117 -0.015814018 0.996368766 376.491302490
0.996254563 -0.018378260 0.084493086 35.797801971 0.016900878 0.999692082 0.018167475 -35.626747131 -0.084800951 -0.016671427 0.996258438 378.754272461
0.996248782 -0.019064108 0.084409140 36.079509735 0.017571172 0.999676406 0.018394630 -35.821678162 -0.084732495 -0.016842462 0.996261477 380.997406006
0.996271908 -0.019065261 0.084134750 36.366443634 0.017575510 0.999675989 0.018412059 -36.006759644 -0.084458530 -0.016864708 0.996284246 383.256683350
0.996288776 -0.018183798 0.084130891 36.650733948 0.016674245 0.999687731 0.018610969 -36.200115204 -0.084443040 -0.017139077 0.996280909 385.506774902
0.996303082 -0.017095219 0.084190138 36.933380127 0.015577700 0.999704719 0.018649042 -36.383823395 -0.084484093 -0.017268609 0.996275187 387.768981934
0.996333420 -0.015989855 0.084047824 37.221313477 0.014474148 0.999722004 0.018612403 -36.581298828 -0.084322050 -0.017327638 0.996287882 390.038024902
0.996316969 -0.014319524 0.084544130 37.497642517 0.012786916 0.999744475 0.018641742 -36.775260925 -0.084789455 -0.017492019 0.996245325 392.314971924
0.996353209 -0.013043639 0.084321946 37.782592773 0.011404120 0.999737024 0.019896096 -36.964630127 -0.084559314 -0.018861918 0.996239841 394.574676514
0.996295631 -0.011973176 0.085156813 38.055122375 0.010275909 0.999740303 0.020341566 -37.154766083 -0.085378230 -0.019391149 0.996159911 396.834106445
0.996253908 -0.011672616 0.085684069 38.336280823 0.010091940 0.999771237 0.018857781 -37.350479126 -0.085884586 -0.017922418 0.996143997 399.097229004
0.996175408 -0.010994294 0.086681962 38.615081787 0.009450957 0.999789834 0.018194905 -37.539833069 -0.086863771 -0.017306089 0.996069849 401.368286133
0.996094525 -0.012405789 0.087417558 38.889812469 0.010763012 0.999756992 0.019238666 -37.728961945 -0.087634988 -0.018222652 0.995985985 403.626373291
0.996038795 -0.013914825 0.087824754 39.177455902 0.012154465 0.999714971 0.020547109 -37.922397614 -0.088085629 -0.019398253 0.995923996 405.879089355
0.996018767 -0.014631712 0.087936223 39.461452484 0.012888961 0.999709785 0.020353613 -38.108383179 -0.088208526 -0.019139174 0.995918095 408.149230957
0.995990813 -0.014437203 0.088284016 39.758995056 0.012815060 0.999738991 0.018913437 -38.291984558 -0.088534027 -0.017706243 0.995915771 410.417694092
0.995922446 -0.012954541 0.089278229 40.058074951 0.011248780 0.999744952 0.019582873 -38.494365692 -0.089509144 -0.018498749 0.995814204 412.697174072
0.995855689 -0.011813099 0.090176225 40.342876434 0.010101291 0.999760389 0.019415759 -38.684131622 -0.090383977 -0.018424397 0.995736539 414.941070557
0.995756745 -0.010475375 0.091425516 40.635543823 0.008731395 0.999772608 0.019454569 -38.871406555 -0.091608517 -0.018573746 0.995621860 417.213378906
0.995714188 -0.010702216 0.091862783 40.936347961 0.008976783 0.999775767 0.019175403 -39.060863495 -0.092047408 -0.018268591 0.995587051 419.467773438
0.995604932 -0.010788488 0.093028627 41.224407196 0.009042161 0.999775290 0.019173065 -39.248123169 -0.093214579 -0.018247619 0.995478809 421.719421387
0.995516300 -0.011049222 0.093942888 41.513336182 0.009311664 0.999777675 0.018914184 -39.439765930 -0.094130985 -0.017954610 0.995397925 423.976745605
0.995439291 -0.011415856 0.094711028 41.813755035 0.009562830 0.999754310 0.019995907 -39.628643036 -0.094916031 -0.018999010 0.995303929 426.253601074
0.995403528 -0.010546305 0.095187441 42.113220215 0.008618265 0.999749780 0.020643653 -39.814331055 -0.095381334 -0.019728415 0.995245278 428.508331299
0.995326519 -0.009779690 0.096070886 42.418994904 0.007764685 0.999742448 0.021325659 -40.001426697 -0.096254699 -0.020480031 0.995146036 430.783966064
0.995332479 -0.009905003 0.095995769 42.724414825 0.007872686 0.999737203 0.021526601 -40.192977905 -0.096183762 -0.020670377 0.995149076 433.049011230
0.995276153 -0.010255313 0.096541204 43.030006409 0.008287421 0.999750078 0.020762933 -40.384632111 -0.096730009 -0.019864775 0.995112419 435.312835693
0.995275438 -0.009167605 0.096657813 43.343864441 0.007178030 0.999755561 0.020911368 -40.558776855 -0.096825898 -0.020118758 0.995097995 437.580352783
0.995218873 -0.009620083 0.097194575 43.653068542 0.007585396 0.999744713 0.021282025 -40.749023438 -0.097374506 -0.020443015 0.995037854 439.864654541
0.995267630 -0.009645790 0.096691571 43.974514008 0.007586898 0.999737024 0.021638503 -40.936397552 -0.096874863 -0.020802511 0.995079100 442.136505127
0.995271325 -0.008944372 0.096721277 44.299011230 0.006804827 0.999725223 0.022428008 -41.134784698 -0.096895292 -0.021663787 0.995058775 444.418518066
0.995224357 -0.009505760 0.097150192 44.609851837 0.007339271 0.999716818 0.022633495 -41.320121765 -0.097337820 -0.021812391 0.995012343 446.698486328
0.995222509 -0.009340011 0.097184300 44.917640686 0.007221434 0.999728978 0.022128530 -41.506301880 -0.097364642 -0.021321001 0.995020390 448.965393066
0.995240748 -0.008718956 0.097056128 45.230415344 0.006630128 0.999739766 0.021823600 -41.694496155 -0.097221158 -0.021076238 0.995039642 451.228607178
0.995165825 -0.008015659 0.097881123 45.533828735 0.005931986 0.999749959 0.021560283 -41.886520386 -0.098029479 -0.020875426 0.994964540 453.490234375
0.995097816 -0.007389750 0.098618984 45.841159821 0.005284471 0.999752820 0.021591784 -42.065925598 -0.098754175 -0.020964788 0.994891107 455.769836426
0.995063066 -0.007581155 0.098954126 46.145313263 0.005504221 0.999759078 0.021245016 -42.258495331 -0.099091344 -0.020595461 0.994865179 458.038360596
0.995095730 -0.006673836 0.098692551 46.468788147 0.004674015 0.999779463 0.020480486 -42.444942474 -0.098807469 -0.019918753 0.994907200 460.324066162
0.995094717 -0.005789316 0.098757342 46.780654907 0.003725533 0.999771059 0.021069147 -42.636222839 -0.098856717 -0.020597870 0.994888425 462.600402832
0.995132506 -0.005519755 0.098390713 47.097824097 0.003349022 0.999747634 0.022213887 -42.822418213 -0.098488510 -0.021776251 0.994899809 464.877319336
0.995154798 -0.005538238 0.098164432 47.401050568 0.003339732 0.999740183 0.022546342 -43.004337311 -0.098263793 -0.022109261 0.994914711 467.143096924
0.995278478 -0.005571808 0.096900322 47.722335815 0.003510652 0.999764144 0.021428386 -43.189243317 -0.096996866 -0.020987028 0.995063305 469.422149658
0.995337069 -0.005337989 0.096311197 48.040653229 0.003295858 0.999766648 0.021350097 -43.383731842 -0.096402705 -0.020933112 0.995122254 471.713073730
0.995423257 -0.005690270 0.095394239 48.352951050 0.003571720 0.999743521 0.022364419 -43.576652527 -0.095497020 -0.021921344 0.995188236 473.994842529
0.995381057 -0.005784568 0.095828705 48.648536682 0.003623614 0.999735534 0.022708872 -43.764060974 -0.095934734 -0.022256738 0.995138705 476.276153564
0.995505452 -0.005030335 0.094570547 48.956249237 0.002905341 0.999740481 0.022594210 -43.945213318 -0.094659641 -0.022217900 0.995261729 478.565032959
0.995517492 -0.004952465 0.094447993 49.259307861 0.002772827 0.999727070 0.023194948 -44.129623413 -0.094537072 -0.022829086 0.995259523 480.849121094
0.995540142 -0.005605409 0.094172113 49.566253662 0.003392562 0.999714732 0.023641609 -44.315216064 -0.094277769 -0.023216683 0.995275199 483.121429443
0.995574951 -0.005795447 0.093791731 49.868743896 0.003654131 0.999729216 0.022986198 -44.497230530 -0.093899556 -0.022541761 0.995326459 485.402526855
0.995647073 -0.006236624 0.092994079 50.174499512 0.004058679 0.999713421 0.023591030 -44.688961029 -0.093114570 -0.023110908 0.995387137 487.687408447
0.995705962 -0.006201436 0.092364207 50.470706940 0.004065014 0.999720216 0.023300609 -44.858650208 -0.092482895 -0.022825090 0.995452642 489.941406250
0.995710254 -0.005658373 0.092352167 50.768615723 0.003467113 0.999709070 0.023870433 -45.039367676 -0.092460372 -0.023447840 0.995440245 492.246368408
0.995762408 -0.005035664 0.091825455 51.073417664 0.002812949 0.999700248 0.024319243 -45.220073700 -0.091920406 -0.023957886 0.995478213 494.534454346
0.995761871 -0.004414921 0.091862850 51.360939026 0.002237987 0.999714553 0.023787187 -45.398410797 -0.091941632 -0.023480786 0.995487511 496.833251953
0.995791793 -0.004178422 0.091548823 51.669845581 0.002029789 0.999720514 0.023550352 -45.592082977 -0.091621652 -0.023265423 0.995522022 499.151062012
0.995816946 -0.004040632 0.091280915 51.963226318 0.001833053 0.999704123 0.024255341 -45.774082184 -0.091351934 -0.023986557 0.995529771 501.444030762
0.995819747 -0.003633021 0.091267668 52.254058838 0.001396819 0.999697447 0.024553502 -45.959770203 -0.091329262 -0.024323378 0.995523572 503.722534180
0.995844841 -0.002610989 0.091028653 52.551021576 0.000439866 0.999715030 0.023862880 -46.142665863 -0.091065027 -0.023723688 0.995562255 506.013397217
0.995837033 -0.002258319 0.091123812 52.841686249 0.000025811 0.999700010 0.024493473 -46.326965332 -0.091151789 -0.024389150 0.995538294 508.304931641
0.995847940 -0.002561751 0.090997845 53.139007568 0.000418956 0.999722302 0.023559056 -46.513214111 -0.091032952 -0.023423113 0.995572329 510.599609375
0.995870411 -0.003008209 0.090736128 53.443233490 0.000802341 0.999703467 0.024337498 -46.700565338 -0.090782434 -0.024164191 0.995577514 512.903442383
0.995899737 -0.002576497 0.090427265 53.749271393 0.000364359 0.999700427 0.024471167 -46.882297516 -0.090463229 -0.024337882 0.995602369 515.217895508
0.995922804 -0.001816548 0.090191208 54.048706055 -0.000378858 0.999704123 0.024318596 -47.066738129 -0.090208687 -0.024253620 0.995627522 517.527832031
0.995875657 -0.000867649 0.090724096 54.333473206 -0.001308815 0.999712825 0.023927679 -47.249549866 -0.090718798 -0.023947736 0.995588541 519.821411133
0.995838642 0.000758268 0.091130018 54.634410858 -0.002969104 0.999704421 0.024127120 -47.440979004 -0.091084793 -0.024297299 0.995546639 522.179077148
0.995771587 0.002837314 0.091821350 54.935596466 -0.005079195 0.999694467 0.024191227 -47.622432709 -0.091724679 -0.024555309 0.995481610 524.507263184
0.995745540 0.003511173 0.092078686 55.241233826 -0.005872206 0.999660552 0.025383083 -47.800498962 -0.091958307 -0.025815802 0.995428145 526.824890137
0.995689929 0.003252319 0.092687339 55.542400360 -0.005608409 0.999667466 0.025170641 -47.980808258 -0.092574663 -0.025581982 0.995377064 529.143371582
0.995650291 0.001382395 0.093159124 55.841148376 -0.003878599 0.999638081 0.026619336 -48.161396027 -0.093088612 -0.026864870 0.995295346 531.458801270
0.995607615 -0.000243893 0.093623653 56.153976440 -0.002215838 0.999655128 0.026167687 -48.337505341 -0.093597732 -0.026260205 0.995263696 533.787536621
0.995578051 -0.000388689 0.093938723 56.457786560 -0.002020327 0.999671578 0.025548080 -48.516765594 -0.093917809 -0.025624895 0.995250106 536.101623535
0.995486736 -0.000465696 0.094899774 56.759933472 -0.001951976 0.999675930 0.025381632 -48.697860718 -0.094880849 -0.025452318 0.995163143 538.416625977
0.995417476 -0.000161943 0.095623925 57.059597015 -0.002240888 0.999684453 0.025020000 -48.885406494 -0.095597804 -0.025119631 0.995103002 540.722839355
0.995322287 0.000726580 0.096607551 57.363014221 -0.003111809 0.999693990 0.024541512 -49.066696167 -0.096560158 -0.024727343 0.995019972 543.047790527
0.995246232 0.001175351 0.097383857 57.680084229 -0.003461310 0.999722421 0.023308087 -49.246318817 -0.097329415 -0.023534361 0.994973958 545.366699219
0.995103300 0.001173532 0.098832987 57.971748352 -0.003572871 0.999703109 0.024103208 -49.436279297 -0.098775342 -0.024338301 0.994812012 547.685302734
0.995044351 0.001433115 0.099421889 58.286258698 -0.003920639 0.999683976 0.024829002 -49.619556427 -0.099354900 -0.025095755 0.994735479 550.000305176
0.994967818 0.001683946 0.100180447 58.590679169 -0.004177405 0.999686599 0.024685115 -49.797687531 -0.100107476 -0.024979388 0.994663000 552.301208496
0.995045304 -0.000032067 0.099421769 58.928714752 -0.002391064 0.999702990 0.024252987 -49.991882324 -0.099393025 -0.024370546 0.994749784 554.614013672
0.995105982 -0.000559053 0.098811768 59.259750366 -0.001886110 0.999694467 0.024650518 -50.173332214 -0.098795347 -0.024716243 0.994800806 556.923217773
0.995055079 -0.000405865 0.099323459 59.573596954 -0.002089001 0.999684870 0.025013309 -50.356487274 -0.099302307 -0.025097106 0.994740784 559.232482910
0.995003402 0.000270217 0.099840082 59.888317108 -0.002904194 0.999651492 0.026237560 -50.538993835 -0.099798195 -0.026396418 0.994657516 561.564819336
0.994987071 -0.000515662 0.100002088 60.212486267 -0.002176266 0.999638259 0.026807757 -50.720237732 -0.099979721 -0.026891006 0.994625986 563.897888184
0.994971991 -0.000154337 0.100153312 60.536010742 -0.002615231 0.999617815 0.027521407 -50.899208069 -0.100119263 -0.027644953 0.994591296 566.215942383
0.994924903 0.000769922 0.100616872 60.862380981 -0.003494674 0.999631763 0.026907019 -51.081569672 -0.100559086 -0.027122086 0.994561434 568.539062500
0.994948030 0.001634662 0.100377567 61.201515198 -0.004203879 0.999668717 0.025389338 -51.256500244 -0.100302823 -0.025683051 0.994625390 570.871276855
0.994907439 0.002143022 0.100770764 61.532413483 -0.004740691 0.999662399 0.025545597 -51.437973022 -0.100681998 -0.025893230 0.994581580 573.190246582
0.994913340 0.002010480 0.100713857 61.861148834 -0.004716893 0.999633908 0.026641376 -51.625041962 -0.100623429 -0.026980920 0.994558632 575.563903809
0.994913816 0.001931269 0.100711219 62.193962097 -0.004773658 0.999596834 0.027989822 -51.811210632 -0.100616552 -0.028328223 0.994521916 577.878051758
0.994825661 0.002304019 0.101571597 62.505596161 -0.004996617 0.999642491 0.026262909 -51.990795135 -0.101474784 -0.026634527 0.994481504 580.251586914
0.994857252 0.001180896 0.101279922 62.837841034 -0.003874279 0.999643862 0.026400870 -52.172794342 -0.101212703 -0.026657484 0.994507551 582.588073730
0.994866848 0.000736368 0.101189621 63.168430328 -0.003517292 0.999620855 0.027306642 -52.357822418 -0.101131149 -0.027522383 0.994492352 584.918212891
0.994911194 0.000018717 0.100755595 63.520065308 -0.002772274 0.999626398 0.027189123 -52.539001465 -0.100717463 -0.027330086 0.994539618 587.305664062
0.994920075 -0.001087667 0.100661576 63.850070953 -0.001560407 0.999654889 0.026224209 -52.716491699 -0.100655369 -0.026248069 0.994575024 589.643310547
0.994937122 -0.001684225 0.100484580 64.184928894 -0.000969347 0.999652207 0.026353093 -52.898773193 -0.100494012 -0.026317069 0.994589686 591.988952637
0.994937956 -0.003636335 0.100424685 64.508995056 0.000942022 0.999638677 0.026863599 -53.082866669 -0.100486085 -0.026633013 0.994581878 594.326660156
0.994965076 -0.004107585 0.100138098 64.845214844 0.001423448 0.999638140 0.026861085 -53.261756897 -0.100212201 -0.026583299 0.994610906 596.684509277
