1.000000000 0.000000000 0.000000000 0.000000000 0.000000000 1.000000000 0.000000000 0.000000000 0.000000000 0.000000000 1.000000000 0.000000000
0.999999940 -0.000098402 0.000339827 0.088057332 0.000098480 0.999999940 -0.000230077 -0.226673350 -0.000339804 0.000230110 0.999999940 2.286776304
0.999999404 0.000188089 0.001091967 0.167583331 -0.000188377 0.999999940 0.000263796 -0.464092821 -0.001091918 -0.000264002 0.999999344 4.582902431
0.999998748 -0.000388725 0.001537654 0.267561883 0.000388186 0.999999881 0.000350755 -0.696122766 -0.001537790 -0.000350158 0.999998748 6.869381905
0.999997139 -0.000630042 0.002277323 0.363919169 0.000633193 0.999998868 -0.001383031 -0.930067420 -0.002276449 0.001384469 0.999996424 9.160218239
0.999989867 0.001168992 0.004341121 0.454747617 -0.001168992 0.999999344 -0.000002717 -1.166593075 -0.004341121 -0.000002358 0.999990523 11.465295792
0.999972403 0.003318832 0.006645209 0.563322902 -0.003328010 0.999993503 0.001370656 -1.402143002 -0.006640617 -0.001392734 0.999976993 13.753460884
0.999951720 0.003146986 0.009306756 0.664464593 -0.003184953 0.999986649 0.004067434 -1.632133245 -0.009293831 -0.004096879 0.999948442 16.031101227
0.999946117 0.003352257 0.009827021 0.766917825 -0.003405654 0.999979436 0.005421984 -1.862392664 -0.009808645 -0.005455160 0.999936998 18.322814941
0.999928176 0.002381355 0.011745569 0.865337729 -0.002449103 0.999980330 0.005756959 -2.088353395 -0.011731631 -0.005785311 0.999914408 20.600563049
0.999929249 -0.000091367 0.011896173 0.993400335 0.000057854 0.999996006 0.002817436 -2.306580067 -0.011896382 -0.002816548 0.999925256 22.913389206
0.999919474 -0.002212980 0.012502674 1.103073001 0.002203418 0.999997199 0.000778434 -2.526773453 -0.012504363 -0.000750822 0.999921501 25.196073532
0.999917150 -0.002688424 0.012583690 1.239699721 0.002686576 0.999996364 0.000163782 -2.772830009 -0.012584084 -0.000129961 0.999920785 27.478519440
0.999893546 -0.002339512 0.014401142 1.333622932 0.002354874 0.999996662 -0.001049875 -2.996200323 -0.014398640 0.001083676 0.999895751 29.763454437
0.999902785 -0.000439000 0.013937519 1.472783566 0.000408670 0.999997556 0.002178941 -3.232088566 -0.013938439 -0.002173033 0.999900520 32.036537170
0.999902904 0.001539102 0.013855522 1.602854013 -0.001602215 0.999988437 0.004545137 -3.453429699 -0.013848367 -0.004566895 0.999893665 34.315513611
0.999871790 0.003648452 0.015585764 1.715591311 -0.003774329 0.999960423 0.008054713 -3.678793669 -0.015555757 -0.008112508 0.999846041 36.636547089
0.999850810 0.005558427 0.016349649 1.831319094 -0.005684248 0.999954462 0.007659323 -3.897663593 -0.016306333 -0.007751117 0.999836981 38.908725739
0.999823213 0.004251299 0.018316239 1.931002378 -0.004371822 0.999969006 0.006545157 -4.107353210 -0.018287841 -0.006624075 0.999810934 41.201831818
0.999826670 0.001839710 0.018527240 2.056781292 -0.001946898 0.999981463 0.005769035 -4.332334042 -0.018516283 -0.005804106 0.999811649 43.477241516
0.999832094 0.001812277 0.018234510 2.189584732 -0.001895124 0.999987960 0.004527162 -4.561329365 -0.018226091 -0.004560959 0.999823451 45.753044128
0.999830008 0.001173071 0.018397635 2.315913677 -0.001241290 0.999992371 0.003697066 -4.790265560 -0.018393153 -0.003719274 0.999824047 48.022373199
0.999834359 -0.000527669 0.018189445 2.454414368 0.000454336 0.999991715 0.004035495 -5.016517162 -0.018191427 -0.004026562 0.999826431 50.303375244
0.999811649 -0.001303048 0.019364199 2.579637289 0.001224740 0.999991000 0.004055263 -5.235721588 -0.019369308 -0.004030783 0.999804378 52.568592072
0.999803066 -0.002589519 0.019673733 2.713824749 0.002504780 0.999987483 0.004330629 -5.466972351 -0.019684704 -0.004280499 0.999797106 54.851665497
0.999780715 -0.003053876 0.020716459 2.843617916 0.002958269 0.999984860 0.004644111 -5.695357800 -0.020730326 -0.004581809 0.999774516 57.146297455
0.999763787 -0.004490434 0.021265473 2.982134342 0.004381292 0.999976993 0.005176194 -5.918110371 -0.021288224 -0.005081799 0.999760449 59.414157867
0.999717414 -0.005850632 0.023038037 3.103999138 0.005742568 0.999972165 0.004754029 -6.143724442 -0.023065211 -0.004620389 0.999723256 61.686965942
0.999704719 -0.006997648 0.023268532 3.256857395 0.006891256 0.999965549 0.004649404 -6.365662098 -0.023300262 -0.004487684 0.999718428 63.939708710
0.999663889 -0.006347985 0.025132513 3.388698578 0.006219448 0.999967217 0.005189219 -6.584116459 -0.025164630 -0.005031165 0.999670684 66.209709167
0.999642253 -0.005450618 0.026185494 3.536113262 0.005307018 0.999970496 0.005550289 -6.808720112 -0.026214976 -0.005409337 0.999641716 68.455627441
0.999601364 -0.005644556 0.027667465 3.673504829 0.005499326 0.999970734 0.005322392 -7.033237457 -0.027696701 -0.005168118 0.999603033 70.706665039
0.999590278 -0.006549092 0.027863212 3.836639643 0.006437497 0.999970913 0.004092954 -7.256500721 -0.027889200 -0.003911907 0.999603391 72.955177307
0.999575078 -0.007439110 0.028178865 3.992724895 0.007316449 0.999963343 0.004453555 -7.478935242 -0.028210962 -0.004245494 0.999592960 75.225166321
0.999533772 -0.008601257 0.029298829 4.156736374 0.008490712 0.999956310 0.003895287 -7.708242893 -0.029331058 -0.003644702 0.999563038 77.490173340
0.999526620 -0.009694871 0.029198991 4.314334393 0.009594273 0.999947548 0.003583422 -7.931871414 -0.029232200 -0.003301582 0.999567211 79.720458984
0.999502063 -0.010198731 0.029859671 4.464134216 0.010108624 0.999943852 0.003167065 -8.147847176 -0.029890295 -0.002863648 0.999549091 81.976348877
0.999490499 -0.009746632 0.030392731 4.637290478 0.009651480 0.999948084 0.003275806 -8.379409790 -0.030423081 -0.002980802 0.999532640 84.242752075
0.999439359 -0.009546596 0.032088518 4.789828300 0.009436260 0.999949098 0.003588175 -8.593710899 -0.032121133 -0.003283369 0.999478579 86.495994568
0.999439359 -0.009342891 0.032150317 4.957241058 0.009183243 0.999944746 0.005109791 -8.831730843 -0.032196276 -0.004811683 0.999469995 88.766136169
0.999410689 -0.008569372 0.033237502 5.115099907 0.008386753 0.999948919 0.005629860 -9.055914879 -0.033284053 -0.005347788 0.999431610 91.025001526
0.999389589 -0.008751796 0.033824485 5.283233643 0.008563991 0.999947131 0.005693268 -9.275964737 -0.033872519 -0.005400119 0.999411583 93.273712158
0.999373436 -0.008852354 0.034268070 5.451459408 0.008682995 0.999949455 0.005087852 -9.491492271 -0.034311369 -0.004787116 0.999399722 95.526794434
0.999344468 -0.009361978 0.034969151 5.616127491 0.009175744 0.999942899 0.005482381 -9.712151527 -0.035018481 -0.005157920 0.999373317 97.781097412
0.999306560 -0.008872267 0.036159992 5.774739742 0.008692335 0.999949038 0.005130077 -9.944515228 -0.036203671 -0.004812206 0.999332845 100.021492004
0.999232590 -0.008794610 0.038169049 5.923795700 0.008569280 0.999944866 0.006063053 -10.157936096 -0.038220264 -0.005731319 0.999252915 102.242210388
0.999223232 -0.009194152 0.038319353 6.113111019 0.008969724 0.999941587 0.006024624 -10.378402710 -0.038372517 -0.005676229 0.999247372 104.499778748
0.999188423 -0.009889200 0.039045230 6.288731575 0.009628289 0.999930084 0.006864649 -10.594547272 -0.039110389 -0.006483139 0.999213874 106.729187012
0.999153733 -0.011181252 0.039580692 6.470697880 0.010910504 0.999915540 0.007049875 -10.808059692 -0.039656177 -0.006612064 0.999191463 108.976028442
0.999116480 -0.012157119 0.040229842 6.652555466 0.011842300 0.999897420 0.008054556 -11.031714439 -0.040323634 -0.007571026 0.999157965 111.223815918
0.999090672 -0.012879613 0.040644191 6.841731548 0.012618053 0.999898016 0.006685279 -11.249073982 -0.040726144 -0.006166349 0.999151289 113.480239868
0.999038398 -0.013520632 0.041706990 7.022029877 0.013295964 0.999895573 0.005659475 -11.463509560 -0.041779153 -0.005099499 0.999113858 115.719978333
0.999006569 -0.013593949 0.042438943 7.201188087 0.013352013 0.999893010 0.005979068 -11.685270309 -0.042515680 -0.005406483 0.999081194 117.942268372
0.998958766 -0.014033569 0.043409981 7.390460968 0.013739813 0.999880672 0.007058043 -11.907997131 -0.043503851 -0.006454249 0.999032438 120.177001953
0.998943925 -0.014821577 0.043489255 7.597030640 0.014497316 0.999864817 0.007762120 -12.131062508 -0.043598425 -0.007123446 0.999023855 122.380958557
0.998886883 -0.015579463 0.044522651 7.781703949 0.015288204 0.999859452 0.006874883 -12.342280388 -0.044623502 -0.006186561 0.998984694 124.667526245
0.998844802 -0.015884275 0.045351826 7.963536263 0.015620600 0.999858975 0.006162548 -12.565802574 -0.045443323 -0.005447006 0.998952031 126.934036255
0.998827577 -0.017486278 0.045143213 8.155141830 0.017201502 0.999829590 0.006689175 -12.781785011 -0.045252498 -0.005904801 0.998958111 129.191040039
0.998850346 -0.018676501 0.044149339 8.347797394 0.018391522 0.999807358 0.006852304 -12.996195793 -0.044268820 -0.006032452 0.999001443 131.440521240
0.998904943 -0.019015372 0.042747341 8.544386864 0.018695524 0.999794304 0.007869612 -13.208507538 -0.042888198 -0.007061812 0.999054849 133.676269531
0.998964846 -0.020189203 0.040765405 8.737985611 0.019903686 0.999774635 0.007397771 -13.426549911 -0.040905580 -0.006578732 0.999141276 135.900253296
0.999041378 -0.020813094 0.038509961 8.948524475 0.020566218 0.999765396 0.006795810 -13.636262894 -0.038642362 -0.005997291 0.999235094 138.122665405
0.999018967 -0.021901928 0.038491856 9.116188049 0.021646189 0.999740839 0.007048239 -13.862159729 -0.038636252 -0.006208121 0.999234021 140.414840698
0.999002874 -0.022214536 0.038726315 9.282300949 0.021959625 0.999734402 0.006995405 -14.068046570 -0.038871430 -0.006138015 0.999225378 142.645721436
0.999042213 -0.021886455 0.037889820 9.468274117 0.021564472 0.999728084 0.008885781 -14.300438881 -0.038073983 -0.008060197 0.999242425 144.880462646
0.999056458 -0.021057675 0.037983976 9.640983582 0.020777218 0.999754012 0.007763225 -14.513948441 -0.038138106 -0.006966699 0.999248207 147.120819092
0.999088168 -0.019997703 0.037721634 9.820752144 0.019768832 0.999783874 0.006430578 -14.730568886 -0.037842080 -0.005679002 0.999267578 149.353759766
0.999101102 -0.018532377 0.038123809 9.996005058 0.018336488 0.999816835 0.005481480 -14.948838234 -0.038218413 -0.004777497 0.999257982 151.594680786
0.999112666 -0.017790878 0.038175311 10.178003311 0.017595403 0.999830246 0.005450422 -15.160829544 -0.038265802 -0.004773877 0.999256194 153.827117920
0.999098361 -0.017247722 0.038796365 10.357706070 0.017039677 0.999838591 0.005686801 -15.375750542 -0.038888194 -0.005020596 0.999230921 156.076644897
0.999098599 -0.015896635 0.039360691 10.520841599 0.015621405 0.999851346 0.007290181 -15.596521378 -0.039470721 -0.006668740 0.999198437 158.301147461
0.999050498 -0.015218539 0.040821616 10.701758385 0.014900964 0.999856353 0.008072669 -15.810884476 -0.040938605 -0.007456720 0.999133945 160.542053223
0.999029994 -0.013936007 0.041769568 10.866753578 0.013528114 0.999858141 0.010032161 -16.030132294 -0.041903451 -0.009457365 0.999076903 162.804260254
0.999002993 -0.013771893 0.042466413 11.050060272 0.013407930 0.999871016 0.008843589 -16.227790833 -0.042582724 -0.008265384 0.999058902 165.053161621
0.998966396 -0.013073198 0.043534085 11.240462303 0.012758187 0.999890447 0.007506011 -16.438562393 -0.043627441 -0.006942836 0.999023855 167.298645020
0.998903573 -0.011228696 0.045449220 11.422856331 0.010880648 0.999909639 0.007898140 -16.652927399 -0.045533791 -0.007394962 0.998935461 169.527221680
0.998781145 -0.010610407 0.048204668 11.615098953 0.010193067 0.999908507 0.008895315 -16.887857437 -0.048294634 -0.008393120 0.998797834 171.803405762
0.998657048 -0.010870378 0.050655145 11.812445641 0.010454515 0.999909520 0.008467449 -17.093826294 -0.050742600 -0.007926501 0.998680234 174.063308716
0.998579681 -0.010833335 0.052166257 12.019743919 0.010382694 0.999906480 0.008901866 -17.307094574 -0.052257817 -0.008347596 0.998598754 176.301162720
0.998520613 -0.011657385 0.053110685 12.225496292 0.011154693 0.999890149 0.009751629 -17.520343781 -0.053218525 -0.009144768 0.998540998 178.523803711
0.998459041 -0.012662670 0.054028973 12.421526909 0.012146658 0.999877512 0.009868339 -17.729740143 -0.054147311 -0.009196861 0.998490572 180.754165649
0.998494983 -0.013371759 0.053188328 12.627120018 0.012873416 0.999870062 0.009701026 -17.946269989 -0.053311124 -0.009001707 0.998537302 183.005447388
0.998508632 -0.014520139 0.052628178 12.839384079 0.014029802 0.999854803 0.009674500 -18.159608841 -0.052761003 -0.008921708 0.998567343 185.243103027
0.998511612 -0.016317731 0.052042045 13.052907944 0.015802817 0.999822199 0.010290395 -18.365905762 -0.052200705 -0.009452666 0.998591959 187.482101440
0.998499393 -0.017268568 0.051969074 13.246576309 0.016778789 0.999810755 0.009846020 -18.574672699 -0.052129272 -0.008959267 0.998600185 189.710693359
0.998475790 -0.018472215 0.052008543 13.457287788 0.017996076 0.999791861 0.009608471 -18.788516998 -0.052175213 -0.008657877 0.998600423 191.950103760
0.998448551 -0.019238364 0.052251879 13.644652367 0.018755069 0.999776959 0.009723983 -19.008520126 -0.052427292 -0.008728911 0.998586535 194.174743652
0.998470545 -0.018820344 0.051982574 13.859302521 0.018311096 0.999779761 0.010255452 -19.219951630 -0.052164130 -0.009287912 0.998595357 196.405883789
0.998489797 -0.017109329 0.052205686 14.073223114 0.016582604 0.999807358 0.010505907 -19.430030823 -0.052375372 -0.009624336 0.998581111 198.648986816
0.998514950 -0.014986807 0.052376915 14.274970055 0.014474238 0.999843717 0.010151853 -19.647266388 -0.052520875 -0.009378661 0.998575747 200.887466431
0.998481750 -0.014409309 0.053163953 14.484539032 0.013926668 0.999858439 0.009437684 -19.856719971 -0.053292423 -0.008682960 0.998541176 203.147918701
0.998441935 -0.014741085 0.053817272 14.686265945 0.014223129 0.999848902 0.009994740 -20.060714722 -0.053956475 -0.009213720 0.998500764 205.370773315
0.998435318 -0.016613878 0.053392112 14.920230865 0.016065694 0.999813914 0.010679954 -20.284887314 -0.053559605 -0.009805463 0.998516440 207.604949951
0.998365760 -0.016140521 0.054820716 15.122041702 0.015594400 0.999824643 0.010375212 -20.477054596 -0.054978564 -0.009503360 0.998442292 209.850173950
0.998291492 -0.016342843 0.056098521 15.334253311 0.015666010 0.999799371 0.012483672 -20.709941864 -0.056291278 -0.011583504 0.998347104 212.065750122
0.998228312 -0.014992508 0.057580713 15.568708420 0.014278072 0.999816239 0.012799008 -20.915189743 -0.057762016 -0.011954191 0.998258770 214.298049927
0.998039067 -0.013954343 0.061018821 15.765245438 0.013172491 0.999826133 0.013196869 -21.123594284 -0.061192367 -0.012367222 0.998049378 216.540115356
0.997895598 -0.014042020 0.063302621 15.991356850 0.013200119 0.999819040 0.013698295 -21.326728821 -0.063483514 -0.012833866 0.997900367 218.777633667
0.997741342 -0.015547010 0.065349333 16.220169067 0.014639746 0.999790013 0.014339336 -21.524009705 -0.065558538 -0.013350255 0.997759402 221.001373291
0.997635841 -0.016615223 0.066682920 16.455856323 0.015636764 0.999762654 0.015168594 -21.720569611 -0.066919133 -0.014090030 0.997658849 223.234619141
0.997566223 -0.018565688 0.067210175 16.703407288 0.017627336 0.999738991 0.014527730 -21.923534393 -0.067462385 -0.013307634 0.997632980 225.456832886
0.997524321 -0.019922027 0.067441665 16.944465637 0.019001530 0.999717712 0.014262903 -22.119567871 -0.067706771 -0.012946097 0.997621238 227.697158813
0.997482002 -0.020222258 0.067975134 17.182998657 0.019292094 0.999711394 0.014312594 -22.312416077 -0.068244949 -0.012965173 0.997584343 229.927200317
0.997395098 -0.021410801 0.068881467 17.420940399 0.020511787 0.999695241 0.013732589 -22.515909195 -0.069154508 -0.012283934 0.997530282 232.167434692
0.997375846 -0.022876119 0.068688475 17.692928314 0.021879259 0.999644578 0.015230270 -22.728431702 -0.069012471 -0.013687450 0.997521877 234.449386597
0.997350991 -0.022731647 0.069097802 17.945014954 0.021729458 0.999648035 0.015221231 -22.924575806 -0.069419488 -0.013679449 0.997493744 236.687332153
0.997299075 -0.022196136 0.070012584 18.181800842 0.021181647 0.999660075 0.015199486 -23.119295120 -0.070326135 -0.013675455 0.997430325 238.889205933
0.997270465 -0.022389356 0.070358790 18.429586411 0.021358725 0.999653757 0.015366657 -23.314775467 -0.070678487 -0.013821936 0.997403502 241.111801147
0.997225285 -0.022974802 0.070808426 18.681438446 0.021913050 0.999636054 0.015735239 -23.512926102 -0.071144141 -0.014139952 0.997365773 243.356033325
0.997187078 -0.023409279 0.071205340 18.930681229 0.022390924 0.999635756 0.015066527 -23.714057922 -0.071532123 -0.013429791 0.997347891 245.580978394
0.997197270 -0.022964442 0.071205728 19.187299728 0.021998620 0.999655485 0.014318555 -23.912540436 -0.071510009 -0.012711998 0.997358859 247.817367554
0.997165263 -0.023332288 0.071533144 19.442043304 0.022322373 0.999639988 0.014885350 -24.110809326 -0.071854711 -0.013246364 0.997327089 250.053680420
0.997136772 -0.024572495 0.071515702 19.701206207 0.023563616 0.999611020 0.014916854 -24.309917450 -0.071854450 -0.013188975 0.997327924 252.280990601
0.997128665 -0.024637286 0.071605943 19.966787338 0.023585558 0.999601722 0.015496421 -24.508567810 -0.071959212 -0.013763060 0.997312605 254.543182373
0.997098327 -0.025593475 0.071692616 20.211994171 0.024522172 0.999574721 0.015783630 -24.707525253 -0.072066084 -0.013979774 0.997301936 256.764953613
0.997081697 -0.026006453 0.071774520 20.475465775 0.024869923 0.999551475 0.016683398 -24.918787003 -0.072176211 -0.014849689 0.997281373 259.020294189
0.997031748 -0.025599841 0.072610997 20.727609634 0.024492880 0.999570429 0.016094944 -25.110687256 -0.072991826 -0.014268720 0.997230411 261.265686035
0.997016251 -0.025609910 0.072819769 20.991882324 0.024545016 0.999578834 0.015481301 -25.301589966 -0.073185578 -0.013647746 0.997224927 263.518676758
0.996984363 -0.025073878 0.073439598 21.252592087 0.023999371 0.999592185 0.015477430 -25.508775711 -0.073797718 -0.013668251 0.997179568 265.751678467
0.996931314 -0.024457425 0.074362352 21.507785797 0.023393111 0.999611616 0.015150128 -25.695074081 -0.074703984 -0.013364072 0.997116268 267.993682861
0.996798813 -0.024351506 0.076151878 21.766923904 0.023253439 0.999612927 0.015273144 -25.901702881 -0.076494329 -0.013453459 0.996979237 270.246246338
0.996688783 -0.025103901 0.077339113 22.037719727 0.023974763 0.999592543 0.015493962 -26.099431992 -0.077696554 -0.013588471 0.996884465 272.493988037
0.996522725 -0.025173115 0.079427682 22.292003632 0.023945034 0.999579132 0.016376544 -26.296457291 -0.079806484 -0.014417697 0.996706128 274.734893799
0.996408999 -0.024946900 0.080911249 22.568286896 0.023664249 0.999579310 0.016773092 -26.474611282 -0.081295639 -0.014798154 0.996580184 276.977752686
0.996339917 -0.024486629 0.081897631 22.848850250 0.022978786 0.999549568 0.019303599 -26.691862106 -0.082333408 -0.017351039 0.996453762 279.221343994
0.996248662 -0.024486618 0.083000556 23.134290695 0.022867532 0.999530315 0.020401932 -26.886377335 -0.083461143 -0.018427376 0.996340632 281.461395264
0.996224284 -0.022847528 0.083756901 23.417566299 0.021242457 0.999574184 0.020004902 -27.061038971 -0.084178314 -0.018150162 0.996285379 283.704772949
0.996120989 -0.021791380 0.085254133 23.685720444 0.020183543 0.999602675 0.019676121 -27.245582581 -0.085649021 -0.017879063 0.996164918 285.931640625
0.996127784 -0.021284563 0.085301407 23.979906082 0.019805558 0.999639153 0.018147519 -27.422292709 -0.085656866 -0.016387811 0.996189892 288.172454834
0.996070623 -0.022138696 0.085751288 24.256355286 0.020620888 0.999615371 0.018545728 -27.617620468 -0.086128883 -0.016704584 0.996143878 290.398895264
0.995957136 -0.022263814 0.087026879 24.512680054 0.020782961 0.999624014 0.017885368 -27.809146881 -0.087392345 -0.016004384 0.996045411 292.650054932
0.995961726 -0.022893356 0.086812086 24.797311783 0.021491563 0.999623597 0.017048007 -27.996026993 -0.087169714 -0.015113432 0.996078849 294.875946045
0.995946527 -0.022827890 0.087002121 25.078641891 0.021434357 0.999627113 0.016918011 -28.186088562 -0.087355874 -0.014984594 0.996064603 297.105651855
0.995950460 -0.022195047 0.087120689 25.362918854 0.020790532 0.999639392 0.016995965 -28.373580933 -0.087466501 -0.015115852 0.996052802 299.344268799
0.995894670 -0.022160748 0.087765269 25.627109528 0.020682229 0.999629080 0.017720014 -28.566400528 -0.088125385 -0.015832089 0.995983541 301.572143555
0.995877624 -0.022830624 0.087786503 25.918273926 0.021347027 0.999613583 0.017802034 -28.754978180 -0.088159032 -0.015854666 0.995980144 303.825073242
0.995843589 -0.022171238 0.088339768 26.203443527 0.020652447 0.999623418 0.018069774 -28.943624496 -0.088707127 -0.016170235 0.995926499 306.061157227
0.995842338 -0.022862379 0.088177867 26.493429184 0.021358244 0.999610424 0.017964052 -29.140838623 -0.088554218 -0.016006038 0.995942771 308.307281494
0.995802402 -0.024139114 0.088287972 26.786523819 0.022582548 0.999572098 0.018587207 -29.331470490 -0.088698864 -0.016515421 0.995921671 310.566070557
0.995764554 -0.024246370 0.088685326 27.077354431 0.022742145 0.999580503 0.017932819 -29.521665573 -0.089082919 -0.015839972 0.995898187 312.795959473
0.995804369 -0.023832953 0.088349901 27.373540878 0.022278668 0.999579906 0.018536991 -29.713867188 -0.088754594 -0.016490897 0.995917022 315.051177979
0.995759368 -0.022805402 0.089124732 27.659667969 0.021302819 0.999615014 0.017774412 -29.905754089 -0.089495771 -0.015800428 0.995861888 317.281127930
0.995759130 -0.021469424 0.089460015 27.946365356 0.019911299 0.999634743 0.018273257 -30.094303131 -0.089819677 -0.016414491 0.995822728 319.534332275
0.995696783 -0.020274596 0.090425842 28.229125977 0.018754750 0.999668717 0.017625840 -30.283571243 -0.090753257 -0.015854083 0.995747209 321.761108398
0.995662451 -0.019401697 0.090995207 28.515653610 0.017811952 0.999674916 0.018250359 -30.471555710 -0.091319695 -0.016550394 0.995684087 324.003601074
0.995656490 -0.019228963 0.091095828 28.812271118 0.017499510 0.999651849 0.019745873 -30.670972824 -0.091443792 -0.018065974 0.995646358 326.231353760
0.995609343 -0.020023767 0.091438681 29.096969604 0.018315140 0.999642313 0.019487165 -30.859943390 -0.091796167 -0.017726893 0.995620012 328.473480225
0.995613515 -0.021366857 0.091090523 29.397514343 0.019725176 0.999627173 0.018884940 -31.050046921 -0.091460057 -0.017005321 0.995663524 330.719299316
0.995589018 -0.020600505 0.091532424 29.684097290 0.018993540 0.999650359 0.018392842 -31.237041473 -0.091879338 -0.016573187 0.995632172 332.937042236
0.995554686 -0.020623237 0.091898866 29.973070145 0.018893152 0.999628246 0.019656437 -31.424243927 -0.092270076 -0.017832799 0.995574296 335.166351318
0.995594859 -0.021042533 0.091367058 30.279827118 0.019340334 0.999623179 0.019476006 -31.608661652 -0.091742449 -0.017623145 0.995626807 337.403259277
0.995585024 -0.020808345 0.091528192 30.567445755 0.019053429 0.999618292 0.020005809 -31.802612305 -0.091909535 -0.018173555 0.995601535 339.647216797
0.995603740 -0.020761199 0.091335230 30.868072510 0.019040309 0.999625027 0.019672748 -31.991476059 -0.091709428 -0.017847216 0.995625854 341.893585205
0.995587051 -0.020943532 0.091475956 31.157060623 0.019186286 0.999614894 0.020047301 -32.177005768 -0.091860585 -0.018203748 0.995605409 344.139404297
0.995601773 -0.020347666 0.091449246 31.445873260 0.018582935 0.999625087 0.020107673 -32.361400604 -0.091824114 -0.018319841 0.995606720 346.366607666
0.995628119 -0.020125536 0.091212213 31.736221313 0.018364850 0.999629378 0.020101616 -32.545783997 -0.091582946 -0.018338637 0.995628595 348.595550537
0.995616019 -0.019733878 0.091430649 32.024410248 0.017917184 0.999626338 0.020648094 -32.736038208 -0.091803968 -0.018919392 0.995597363 350.833526611
0.995645285 -0.020163730 0.091015860 32.313362122 0.018332064 0.999613166 0.020916093 -32.919189453 -0.091402397 -0.019156501 0.995629787 353.057098389
0.995658398 -0.019936197 0.090922363 32.602664948 0.018158549 0.999628186 0.020336907 -33.104724884 -0.091293998 -0.018597594 0.995650411 355.301269531
0.995697498 -0.020077225 0.090461940 32.896045685 0.018235007 0.999610126 0.021145266 -33.292842865 -0.090851218 -0.019404713 0.995675385 357.539947510
0.995751619 -0.019394824 0.090014346 33.192440033 0.017482825 0.999605536 0.021981185 -33.481136322 -0.090405151 -0.020314101 0.995697796 359.792541504
0.995787084 -0.019617284 0.089572370 33.490997314 0.017701626 0.999598265 0.022131341 -33.669231415 -0.089970551 -0.020452529 0.995734394 362.041839600
0.995828629 -0.019522766 0.089129940 33.786773682 0.017576149 0.999590695 0.022573128 -33.850944519 -0.089534149 -0.020912403 0.995764196 364.280944824
0.995862663 -0.019434663 0.088769920 34.077793121 0.017543096 0.999603152 0.022039453 -34.035285950 -0.089163020 -0.020390971 0.995808303 366.532836914
0.995882154 -0.019934012 0.088438839 34.367473602 0.018070817 0.999598563 0.021818576 -34.217948914 -0.088838272 -0.020130567 0.995842636 368.778625488
0.995863676 -0.019818215 0.088672213 34.649646759 0.018039819 0.999620616 0.020812545 -34.394493103 -0.089051031 -0.019126827 0.995843410 371.040740967
0.995934427 -0.020279940 0.087768599 34.944198608 0.018476849 0.999602199 0.021307655 -34.588245392 -0.088165790 -0.019599341 0.995912910 373.266357422
0.995960474 -0.019979233 0.087541804 35.235595703 0.018110069 0.999591827 0.022094253 -34.766220093 -0.087947495 -0.020419616 0.995915771 375.519714355
0.995927691 -0.020583153 0.087774523 35.517070770 0.018708371 0.999580026 0.022128642 -34.944938660 -0.088193156 -0.020396408 0.995894551 377.775939941
0.995931447 -0.021270221 0.087567590 35.809421539 0.019380277 0.999561667 0.022376658 -35.130325317 -0.088005170 -0.020588528 0.995907247 380.021911621
0.995924711 -0.021615211 0.087561168 36.100761414 0.019722709 0.999554038 0.022421382 -35.308044434 -0.088006765 -0.020603064 0.995906770 382.272735596
0.995934427 -0.020930598 0.087617144 36.391784668 0.018995402 0.999558151 0.022862904 -35.495529175 -0.088056952 -0.021105627 0.995891809 384.521850586
0.995942175 -0.020253405 0.087687917 36.682323456 0.018319439 0.999572098 0.022804011 -35.672443390 -0.088112265 -0.021105081 0.995886922 386.779571533
0.995980501 -0.019065481 0.087517850 36.979934692 0.017137978 0.999594927 0.022722915 -35.860912323 -0.087915614 -0.021131705 0.995903671 389.044708252
0.995963097 -0.017629912 0.088015549 37.261886597 0.015684145 0.999618113 0.022749981 -36.046401978 -0.088383004 -0.021277690 0.995859265 391.319458008
0.996009469 -0.016432878 0.087721452 37.556476593 0.014351009 0.999601424 0.024310926 -36.230728149 -0.088086009 -0.022955019 0.995848298 393.582122803
0.995953143 -0.015028373 0.088608548 37.838783264 0.012872929 0.999608397 0.024846951 -36.413623810 -0.088947274 -0.023605747 0.995756567 395.844177246
0.995898485 -0.014809771 0.089258768 38.127128601 0.012771692 0.999645472 0.023361482 -36.598659515 -0.089573108 -0.022125673 0.995734453 398.109436035
0.995854735 -0.014659882 0.089768946 38.415523529 0.012671473 0.999662459 0.022680303 -36.778949738 -0.090071134 -0.021448782 0.995704353 400.373748779
0.995707214 -0.015726624 0.091213152 38.687709808 0.013586286 0.999618649 0.024038903 -36.959335327 -0.091556430 -0.022696458 0.995541215 402.611450195
0.995700657 -0.016767506 0.091099203 38.994228363 0.014557575 0.999584734 0.024869118 -37.137130737 -0.091478363 -0.023436017 0.995531261 404.885772705
0.995700479 -0.017227408 0.091015764 39.294326782 0.015033100 0.999580860 0.024739930 -37.314189911 -0.091403827 -0.023265313 0.995542109 407.145874023
0.995606542 -0.015846841 0.092285082 39.594009399 0.013703953 0.999622583 0.023807967 -37.488281250 -0.092627525 -0.022438698 0.995447874 409.397949219
0.995563626 -0.014817802 0.092916392 39.896179199 0.012638999 0.999632180 0.023993894 -37.671501160 -0.093237743 -0.022713082 0.995384693 411.655670166
0.995513022 -0.013586025 0.093643501 40.192668915 0.011412781 0.999653876 0.023704270 -37.851669312 -0.093933128 -0.022529176 0.995323539 413.905487061
0.995419264 -0.012420495 0.094795868 40.493705750 0.010229998 0.999670029 0.023558641 -38.028007507 -0.095057212 -0.022480961 0.995217919 416.178619385
0.995378613 -0.012604377 0.095196970 40.806842804 0.010411083 0.999669611 0.023501186 -38.211429596 -0.095461726 -0.022401478 0.995181024 418.434875488
0.995282054 -0.012537001 0.096209966 41.108066559 0.010324867 0.999671519 0.023456275 -38.389938354 -0.096472435 -0.022352256 0.995084643 420.690795898
0.995193541 -0.012542875 0.097121038 41.405509949 0.010336556 0.999677658 0.023187118 -38.573211670 -0.097380549 -0.022071771 0.995002449 422.949981689
0.995126665 -0.013044181 0.097738340 41.715309143 0.010710982 0.999645889 0.024358684 -38.754611969 -0.098021455 -0.023193102 0.994913995 425.222198486
0.995069206 -0.012164777 0.098434068 42.019538879 0.009754404 0.999641538 0.024931490 -38.931579590 -0.098702081 -0.023848392 0.994831145 427.476776123
0.994991660 -0.011326348 0.099314518 42.333374023 0.008822520 0.999633014 0.025614163 -39.107757568 -0.099568173 -0.024609674 0.994726360 429.752288818
0.995003343 -0.012035574 0.099113576 42.649597168 0.009500566 0.999616563 0.026009200 -39.297706604 -0.099388592 -0.024937605 0.994736135 432.005828857
0.994954646 -0.012868867 0.099497229 42.968292236 0.010377319 0.999620497 0.025518524 -39.484413147 -0.099787861 -0.024357256 0.994710565 434.275421143
0.994958103 -0.011955352 0.099576242 43.292282104 0.009469133 0.999632418 0.025403311 -39.646560669 -0.099843360 -0.024332330 0.994705617 436.547424316
0.994920850 -0.012433702 0.099889569 43.610969543 0.009893490 0.999615967 0.025885444 -39.827888489 -0.100173049 -0.024765711 0.994661748 438.830261230
0.994950831 -0.012549544 0.099575303 43.936252594 0.009983097 0.999606073 0.026230484 -40.005207062 -0.099865250 -0.025103971 0.994684160 441.102172852
0.994955242 -0.012026598 0.099596500 44.266586304 0.009354291 0.999584675 0.027255015 -40.197368622 -0.099882931 -0.026185863 0.994654536 443.375885010
0.994892359 -0.012408969 0.100176066 44.584117889 0.009724662 0.999581635 0.027239924 -40.367279053 -0.100472189 -0.026126610 0.994596779 445.656585693
0.994884849 -0.012192196 0.100277342 44.897308350 0.009556700 0.999597251 0.026720565 -40.543441772 -0.100562736 -0.025625568 0.994600654 447.919952393
0.994908571 -0.011521738 0.100120321 45.221302032 0.008927576 0.999613702 0.026319966 -40.717727661 -0.100384891 -0.025292126 0.994627178 450.184631348
0.994849503 -0.010861431 0.100779355 45.533473969 0.008255064 0.999621511 0.026243215 -40.901882172 -0.101026252 -0.025276110 0.994562626 452.449645996
0.994780302 -0.010093208 0.101539508 45.846691132 0.007466537 0.999628544 0.026215369 -41.067863464 -0.101766393 -0.025320387 0.994486034 454.725189209
0.994766116 -0.010561580 0.101630166 46.161273956 0.007964421 0.999632120 0.025926903 -41.251449585 -0.101866588 -0.024981778 0.994484484 456.988830566
0.994801879 -0.009732959 0.101363130 46.492031097 0.007200233 0.999653518 0.025322611 -41.430931091 -0.101574451 -0.024461143 0.994527102 459.270690918
0.994787335 -0.008755816 0.101594739 46.812721252 0.006168020 0.999649167 0.025757981 -41.607936859 -0.101784632 -0.024997076 0.994492352 461.557495117
0.994805634 -0.008466247 0.101440236 47.134075165 0.005747721 0.999617219 0.027061662 -41.785575867 -0.101630509 -0.026338045 0.994473457 463.836639404
0.994842410 -0.008392785 0.101084277 47.445789337 0.005631275 0.999603868 0.027573323 -41.957668304 -0.101275645 -0.026861880 0.994495690 466.103210449
0.994965076 -0.008544574 0.099858485 47.775249481 0.005947732 0.999637067 0.026274055 -42.129402161 -0.100046761 -0.025547832 0.994654715 468.385894775
0.995025039 -0.008404458 0.099269345 48.100917816 0.005846323 0.999643981 0.026032474 -42.309688568 -0.099452786 -0.025322609 0.994720042 470.677520752
0.995114863 -0.009109881 0.098302811 48.419193268 0.006464785 0.999609232 0.027192701 -42.492424011 -0.098512113 -0.026424352 0.994785070 472.961517334
0.995087862 -0.009380128 0.098550521 48.719551086 0.006691663 0.999597371 0.027575295 -42.670730591 -0.098769501 -0.026780372 0.994749904 475.237274170
0.995173275 -0.008601608 0.097755462 49.032783508 0.006041582 0.999631763 0.026453966 -42.825794220 -0.097947001 -0.025735680 0.994858801 477.532257080
0.995193720 -0.008774832 0.097531758 49.345153809 0.006157371 0.999613583 0.027105670 -43.002208710 -0.097731926 -0.026374850 0.994863212 479.812896729
0.995226443 -0.009058365 0.097170897 49.660442352 0.006407151 0.999599576 0.027561441 -43.175239563 -0.097381651 -0.026807286 0.994885981 482.085449219
0.995212555 -0.009813888 0.097240724 49.957866669 0.007216630 0.999608696 0.027025387 -43.351657867 -0.097467899 -0.026194254 0.994893909 484.370239258
0.995306730 -0.009759500 0.096277326 50.274681091 0.007116382 0.999589443 0.027758449 -43.532897949 -0.096508697 -0.026943028 0.994967401 486.652923584
0.995369673 -0.009840064 0.095616885 50.587551117 0.007219051 0.999589622 0.027718982 -43.703128815 -0.095850423 -0.026900370 0.995032191 488.936828613
0.995376408 -0.009496763 0.095581964 50.890430450 0.006829615 0.999579191 0.028192885 -43.874275208 -0.095809482 -0.027409740 0.995022237 491.230163574
0.995427787 -0.008873147 0.095104031 51.200607300 0.006162491 0.999567389 0.028757932 -44.046440125 -0.095318079 -0.028040363 0.995051861 493.513275146
0.995412767 -0.008228897 0.095319092 51.496417999 0.005563859 0.999587059 0.028191224 -44.212169647 -0.095511720 -0.027531562 0.995047510 495.817840576
0.995441020 -0.007924994 0.095048457 51.814540863 0.005311939 0.999601781 0.027713386 -44.391651154 -0.095230229 -0.027082156 0.995086789 498.139770508
0.995465875 -0.007935994 0.094787084 52.118099213 0.005246754 0.999577522 0.028586982 -44.565341949 -0.094973885 -0.027960042 0.995087028 500.436218262
0.995462835 -0.007558784 0.094850622 52.416519165 0.004830614 0.999568939 0.028959526 -44.742435455 -0.095028646 -0.028369945 0.995070219 502.715301514
0.995482028 -0.006674458 0.094715543 52.721618652 0.004015611 0.999593258 0.028234819 -44.915077209 -0.094865456 -0.027726909 0.995103896 505.003936768
0.995474100 -0.006577293 0.094805658 53.018348694 0.003853152 0.999575138 0.028888427 -45.088817596 -0.094955392 -0.028392382 0.995076537 507.290405273
0.995479107 -0.007048587 0.094719090 53.322238922 0.004386097 0.999590099 0.028288182 -45.265892029 -0.094879657 -0.027744843 0.995101988 509.580078125
0.995501935 -0.007777815 0.094421320 53.635307312 0.005043913 0.999562085 0.029158494 -45.444801331 -0.094606772 -0.028551083 0.995105207 511.879394531
0.995511532 -0.007678729 0.094328083 53.940040588 0.004931705 0.999557853 0.029320706 -45.612369537 -0.094511524 -0.028723901 0.995109320 514.181762695
0.995522857 -0.007199853 0.094245560 54.242523193 0.004466189 0.999564052 0.029184621 -45.785091400 -0.094414592 -0.028633038 0.995121121 516.481994629
0.995498121 -0.006389226 0.094565399 54.537364960 0.003669534 0.999575377 0.028905919 -45.959793091 -0.094709940 -0.028428776 0.995098948 518.774414062
0.995463669 -0.004759572 0.095023170 54.845767975 0.001977280 0.999567151 0.029352857 -46.140876770 -0.095121741 -0.029031813 0.995042145 521.108581543
0.995322526 -0.002587620 0.096573025 55.138996124 -0.000259759 0.999565959 0.029459996 -46.309528351 -0.096607342 -0.029347287 0.994889796 523.427124023
0.995325446 -0.001354005 0.096568033 55.458614349 -0.001619233 0.999527216 0.030704044 -46.478546143 -0.096563935 -0.030716883 0.994852662 525.755859375
0.995245218 -0.001883555 0.097381935 55.762500763 -0.001120983 0.999525249 0.030789202 -46.650882721 -0.097393699 -0.030751975 0.994770706 528.064941406
0.995190799 -0.003797463 0.097881593 56.069099426 0.000638216 0.999478340 0.032287344 -46.817852020 -0.097953133 -0.032069594 0.994674206 530.377441406
0.995134830 -0.005402930 0.098373905 56.390159607 0.002268435 0.999486923 0.031947087 -46.984184265 -0.098496050 -0.031568501 0.994636595 532.693359375
0.995113671 -0.005502755 0.098582566 56.710510254 0.002403519 0.999499857 0.031529188 -47.153114319 -0.098706774 -0.031138184 0.994629204 535.009826660
0.995005727 -0.005719171 0.099655166 57.020107269 0.002605375 0.999505162 0.031347886 -47.321693420 -0.099785134 -0.030931683 0.994528115 537.319396973
0.994934559 -0.005557862 0.100370437 57.334945679 0.002453280 0.999515474 0.031028215 -47.496826172 -0.100494236 -0.030624805 0.994466305 539.634704590
0.994842649 -0.004730925 0.101319656 57.651344299 0.001637412 0.999530554 0.030593630 -47.664829254 -0.101416826 -0.030269947 0.994383395 541.961914062
0.994759500 -0.004337978 0.102150105 57.979366302 0.001322347 0.999561787 0.029570797 -47.831619263 -0.102233604 -0.029280752 0.994329393 544.280151367
0.994640052 -0.004202326 0.103312366 58.289649963 0.001089612 0.999544203 0.030167148 -48.006061554 -0.103392042 -0.029892886 0.994191408 546.623352051
0.994569302 -0.004470067 0.103980109 58.612972260 0.001216602 0.999508321 0.031331699 -48.179138184 -0.104069054 -0.031035047 0.994085729 548.941528320
0.994464755 -0.004364974 0.104979217 58.927318573 0.001078331 0.999507964 0.031343970 -48.345348358 -0.105064385 -0.031057272 0.993980348 551.242797852
0.994469404 -0.005608323 0.104876734 59.262928009 0.002426994 0.999533713 0.030437026 -48.512809753 -0.104998536 -0.030014159 0.994019330 553.548400879
0.994498372 -0.005788046 0.104592159 59.599788666 0.002544045 0.999512434 0.031122552 -48.686523438 -0.104721278 -0.030685237 0.994028211 555.859558105
0.994436502 -0.005575097 0.105189763 59.926952362 0.002272141 0.999501348 0.031493716 -48.854419708 -0.105312899 -0.031079495 0.993953347 558.168457031
0.994399011 -0.005133832 0.105566502 60.261791229 0.001697605 0.999466538 0.032614496 -49.023330688 -0.105677612 -0.032252610 0.993877232 560.503295898
0.994405866 -0.005797511 0.105467603 60.603355408 0.002295027 0.999442697 0.033300202 -49.191165924 -0.105601899 -0.032871865 0.993864954 562.829711914
0.994370580 -0.005440870 0.105819546 60.937240601 0.001822026 0.999411106 0.034264915 -49.356651306 -0.105943672 -0.033879206 0.993794799 565.144470215
0.994315743 -0.004542342 0.106374368 61.278823853 0.000970310 0.999434590 0.033607528 -49.523475647 -0.106466889 -0.033313274 0.993758023 567.468383789
0.994337440 -0.003252742 0.106218919 61.629783630 -0.000179373 0.999478638 0.032286182 -49.684432983 -0.106268562 -0.032122415 0.993818462 569.802490234
0.994311392 -0.002741812 0.106476575 61.976680756 -0.000704997 0.999477327 0.032320388 -49.848251343 -0.106509544 -0.032211602 0.993789732 572.119567871
0.994288921 -0.002945087 0.106680982 62.312824249 -0.000638800 0.999437034 0.033544704 -50.023109436 -0.106719710 -0.033421274 0.993727267 574.500000000
0.994291246 -0.003027255 0.106656961 62.661979675 -0.000698364 0.999391377 0.034876201 -50.190567017 -0.106697626 -0.034751587 0.993683994 576.810546875
0.994185090 -0.002576433 0.107653804 62.983383179 -0.001039511 0.999437451 0.033519022 -50.357139587 -0.107679628 -0.033436015 0.993623257 579.194396973
0.994201541 -0.003308459 0.107480891 63.330532074 -0.000227971 0.999459445 0.032873932 -50.510765076 -0.107531555 -0.032707825 0.993663490 581.529113770
0.994173646 -0.004032319 0.107714072 63.676601410 0.000276013 0.999391973 0.034865104 -50.690330505 -0.107789151 -0.034632243 0.993570507 583.856384277
0.994255602 -0.003825587 0.106963523 64.024429321 0.000103079 0.999394834 0.034785543 -50.849639893 -0.107031867 -0.034574691 0.993654311 586.174499512
0.994173527 -0.006886588 0.107571349 64.373939514 0.003261128 0.999421835 0.033842470 -51.020107269 -0.107742220 -0.033294484 0.993621230 588.531982422
0.994215012 -0.007230806 0.107164219 64.725730896 0.003640379 0.999426663 0.033661801 -51.177490234 -0.107346199 -0.033076957 0.993671358 590.879699707
0.994223177 -0.008758810 0.106974393 65.066734314 0.005134952 0.999405086 0.034104526 -51.341171265 -0.107209466 -0.033358201 0.993676662 593.213989258
0.994250953 -0.009402501 0.106661282 65.419792175 0.005761537 0.999391735 0.034392711 -51.504478455 -0.106919788 -0.033580441 0.993700385 595.570617676
