1.000000000 0.000000000 0.000000000 0.000000000 0.000000000 1.000000000 0.000000000 0.000000000 0.000000000 0.000000000 1.000000000 0.000000000
0.999999881 0.000133199 0.000527092 0.087732613 -0.000133102 1.000000000 -0.000182420 -0.225618258 -0.000527116 0.000182350 0.999999821 2.297353029
0.999999106 0.000551034 0.001239738 0.164534047 -0.000551523 0.999999702 0.000393966 -0.464163452 -0.001239521 -0.000394649 0.999999166 4.589937210
0.999998450 0.000289602 0.001721647 0.262526363 -0.000290734 0.999999762 0.000656749 -0.695864141 -0.001721457 -0.000657248 0.999998331 6.877768517
0.999996603 0.000135372 0.002643840 0.353819937 -0.000132598 0.999999464 -0.001049621 -0.928345859 -0.002643981 0.001049266 0.999995947 9.174288750
0.999987423 0.001924447 0.004639305 0.445967615 -0.001925984 0.999998093 0.000326716 -1.164036512 -0.004638668 -0.000335648 0.999989212 11.477963448
0.999967337 0.003688869 0.007189265 0.533471584 -0.003697751 0.999992430 0.001222694 -1.390867591 -0.007184700 -0.001249238 0.999973416 13.784406662
0.999949336 0.003570718 0.009412906 0.642375290 -0.003609558 0.999985039 0.004112518 -1.622435451 -0.009398080 -0.004146286 0.999947250 16.055412292
0.999940634 0.003537166 0.010299305 0.760052681 -0.003585581 0.999982595 0.004686087 -1.847708344 -0.010282550 -0.004722739 0.999935985 18.411128998
0.999926865 0.002654924 0.011792438 0.873606741 -0.002711743 0.999984741 0.004804879 -2.072203159 -0.011779503 -0.004836506 0.999918938 20.705005646
0.999929070 0.000388930 0.011901221 0.996104479 -0.000419757 0.999996543 0.002587778 -2.301576614 -0.011900171 -0.002592590 0.999925852 23.024162292
0.999916553 -0.001910471 0.012781369 1.103392720 0.001902065 0.999997854 0.000669720 -2.524211645 -0.012782620 -0.000645354 0.999918163 25.305662155
0.999917924 -0.002556125 0.012548567 1.240898609 0.002553673 0.999996722 0.000211356 -2.774206400 -0.012549064 -0.000179294 0.999921203 27.620693207
0.999902308 -0.002191132 0.013805931 1.342305183 0.002199906 0.999997377 -0.000620384 -3.001681089 -0.013804536 0.000650695 0.999904513 29.906164169
0.999891102 0.000235323 0.014749938 1.460042357 -0.000256820 0.999999046 0.001455534 -3.226932526 -0.014749582 -0.001459163 0.999890149 32.192214966
0.999888361 0.002243025 0.014772232 1.591066599 -0.002298180 0.999990463 0.003717831 -3.449053526 -0.014763752 -0.003751365 0.999883950 34.472980499
0.999861181 0.004374579 0.016078098 1.707995415 -0.004505131 0.999957085 0.008092659 -3.685831308 -0.016042003 -0.008163966 0.999838114 36.784893036
0.999840438 0.006203654 0.016753808 1.824866533 -0.006331501 0.999951065 0.007588677 -3.903605223 -0.016705910 -0.007693542 0.999830842 39.057655334
0.999813437 0.005299342 0.018574597 1.934156179 -0.005409631 0.999967933 0.005892431 -4.108801842 -0.018542778 -0.005991814 0.999810219 41.358192444
0.999818623 0.002883709 0.018828638 2.058017015 -0.002979177 0.999982834 0.005044262 -4.335409641 -0.018813768 -0.005099440 0.999810040 43.635658264
0.999824882 0.002593457 0.018533664 2.199373960 -0.002664127 0.999989271 0.003789391 -4.557194710 -0.018523639 -0.003838103 0.999821186 45.884113312
0.999825120 0.001675142 0.018624593 2.325206757 -0.001731503 0.999993980 0.003010422 -4.788324833 -0.018619433 -0.003042144 0.999822021 48.167903900
0.999824107 0.000160571 0.018753665 2.461632490 -0.000221733 0.999994636 0.003259300 -5.015917301 -0.018753042 -0.003262885 0.999818742 50.452590942
0.999807358 -0.000936949 0.019604709 2.592591763 0.000866869 0.999993324 0.003582837 -5.240882397 -0.019607931 -0.003565153 0.999801397 52.721000671
0.999802947 -0.002078158 0.019740663 2.731588125 0.002011754 0.999992311 0.003383101 -5.469115734 -0.019747542 -0.003342722 0.999799430 55.007854462
0.999778986 -0.002472694 0.020877717 2.859080553 0.002385275 0.999988317 0.004211076 -5.705632687 -0.020887882 -0.004160346 0.999773145 57.294006348
0.999760449 -0.003694327 0.021570943 2.995470524 0.003591651 0.999982059 0.004796803 -5.929257870 -0.021588279 -0.004718178 0.999755800 59.560787201
0.999723256 -0.005295492 0.022921287 3.124518394 0.005202567 0.999978006 0.004111880 -6.151648045 -0.022942558 -0.003991493 0.999728799 61.827518463
0.999704897 -0.006087045 0.023518512 3.271705627 0.005994337 0.999973953 0.004010458 -6.376444817 -0.023542315 -0.003868297 0.999715328 64.081344604
0.999676645 -0.005637283 0.024800019 3.409468174 0.005524876 0.999974191 0.004598754 -6.599388123 -0.024825303 -0.004460249 0.999681830 66.352798462
0.999657214 -0.004620126 0.025768980 3.556291580 0.004492207 0.999977291 0.005019699 -6.827090263 -0.025791585 -0.004902219 0.999655306 68.616050720
0.999622822 -0.004938586 0.027014278 3.693382740 0.004814494 0.999977589 0.004656657 -7.051380634 -0.027036669 -0.004524841 0.999624193 70.873062134
0.999609232 -0.005554115 0.027396582 3.851192951 0.005462719 0.999979258 0.003409759 -7.276362896 -0.027414953 -0.003258767 0.999618769 73.130432129
0.999592423 -0.006599960 0.027771397 4.008928299 0.006496604 0.999971628 0.003810260 -7.503310680 -0.027795758 -0.003628287 0.999607027 75.409019470
0.999547064 -0.007773989 0.029067954 4.164896011 0.007680564 0.999965012 0.003324308 -7.734089375 -0.029092776 -0.003099545 0.999571860 77.673950195
0.999542892 -0.008613246 0.028979098 4.320539474 0.008527130 0.999958873 0.003094011 -7.965254784 -0.029004561 -0.002845488 0.999575257 79.939979553
0.999511361 -0.009073709 0.029912367 4.466114044 0.008995187 0.999955773 0.002758567 -8.182494164 -0.029936075 -0.002488152 0.999548674 82.194702148
0.999494851 -0.008436787 0.030640507 4.635633469 0.008354022 0.999961019 0.002828208 -8.413257599 -0.030663176 -0.002570808 0.999526441 84.469841003
0.999449134 -0.008195067 0.032160372 4.791792870 0.008089734 0.999961436 0.003403998 -8.632349014 -0.032187030 -0.003141955 0.999476910 86.726074219
0.999442518 -0.007986994 0.032421548 4.957917213 0.007832997 0.999957442 0.004874120 -8.867702484 -0.032459099 -0.004617444 0.999462426 89.010620117
0.999414921 -0.006936216 0.033491217 5.114212990 0.006755529 0.999962032 0.005505206 -9.094094276 -0.033528127 -0.005275735 0.999423802 91.267150879
0.999388933 -0.006918582 0.034262795 5.279499054 0.006736730 0.999962568 0.005420172 -9.314105988 -0.034299009 -0.005186040 0.999398112 93.521728516
0.999373615 -0.007140484 0.034660142 5.447337151 0.006981365 0.999964535 0.004709671 -9.528738976 -0.034692537 -0.004464747 0.999388039 95.778816223
0.999343038 -0.007762671 0.035401594 5.615133286 0.007585681 0.999957979 0.005131085 -9.749410629 -0.035439942 -0.004859169 0.999359906 98.032653809
0.999300301 -0.007365504 0.036667682 5.772385597 0.007201620 0.999963462 0.004599520 -9.980010033 -0.036700215 -0.004332235 0.999316931 100.270698547
0.999232590 -0.007361237 0.038471960 5.924786568 0.007150492 0.999958634 0.005612629 -10.195067406 -0.038511682 -0.005333229 0.999243855 102.492286682
0.999248266 -0.008226114 0.037883308 6.131904602 0.008022268 0.999952495 0.005529772 -10.419335365 -0.037926994 -0.005221704 0.999266863 104.774093628
0.999216080 -0.008948914 0.038563192 6.306675434 0.008714454 0.999942541 0.006243703 -10.635329247 -0.038616847 -0.005902751 0.999236643 107.011329651
0.999185622 -0.010407956 0.038982436 6.488106728 0.010168916 0.999928296 0.006325310 -10.849720955 -0.039045472 -0.005923749 0.999219835 109.262855530
0.999151945 -0.011417509 0.039560355 6.671191216 0.011136142 0.999911070 0.007325479 -11.076049805 -0.039640483 -0.006878717 0.999190271 111.519935608
0.999133587 -0.012207864 0.039787710 6.861196518 0.011981508 0.999910593 0.005922555 -11.295557976 -0.039856452 -0.005440708 0.999190629 113.789222717
0.999082625 -0.012674942 0.040904779 7.038830757 0.012483750 0.999909878 0.004926111 -11.514566422 -0.040963531 -0.004410948 0.999150932 116.046493530
0.999046862 -0.013002191 0.041669510 7.217554092 0.012783366 0.999903083 0.005513550 -11.742770195 -0.041737154 -0.004975619 0.999116361 118.296524048
0.998993278 -0.013200343 0.042873815 7.402139664 0.012935898 0.999895573 0.006439600 -11.968908310 -0.042954344 -0.005878506 0.999059737 120.570167542
0.998983979 -0.013928133 0.042860966 7.605165958 0.013633141 0.999881387 0.007167175 -12.193440437 -0.042955711 -0.006575563 0.999055386 122.779136658
0.998935342 -0.014746521 0.043712076 7.805218697 0.014488743 0.999875784 0.006208163 -12.412875175 -0.043798193 -0.005568221 0.999024868 125.086280823
0.998903036 -0.015127105 0.044315316 7.985481739 0.014894141 0.999873459 0.005582429 -12.637895584 -0.044394162 -0.004916267 0.999001980 127.352386475
0.998883188 -0.016828999 0.044149615 8.175137520 0.016587907 0.999845445 0.005821508 -12.853950500 -0.044240765 -0.005082658 0.999007940 129.624801636
0.998905957 -0.018029915 0.043149121 8.361702919 0.017783111 0.999823272 0.006096881 -13.068514824 -0.043251418 -0.005322883 0.999050140 131.870758057
0.998960733 -0.018361859 0.041716490 8.555183411 0.018079536 0.999811053 0.007134797 -13.284070015 -0.041839618 -0.006373166 0.999104023 134.109146118
0.999010444 -0.019292908 0.040073898 8.740164757 0.019031765 0.999795258 0.006887821 -13.505912781 -0.040198576 -0.006118329 0.999172986 136.365966797
0.999073923 -0.020205824 0.037986282 8.943944931 0.019961374 0.999777615 0.006803542 -13.724998474 -0.038115308 -0.006038984 0.999255061 138.594406128
0.999065161 -0.020881828 0.037850980 9.110591888 0.020649366 0.999765515 0.006522093 -13.943113327 -0.037978299 -0.005734397 0.999262094 140.885253906
0.999055922 -0.021109173 0.037968341 9.275897980 0.020867249 0.999759436 0.006756753 -14.152380943 -0.038101844 -0.005958080 0.999256134 143.120025635
0.999095976 -0.021279378 0.036801703 9.465482712 0.020986345 0.999745011 0.008330722 -14.386566162 -0.036969591 -0.007550858 0.999287844 145.373641968
0.999116242 -0.020392872 0.036754649 9.638113022 0.020143894 0.999771655 0.007131694 -14.599111557 -0.036891699 -0.006385010 0.999298871 147.630783081
0.999141097 -0.019015687 0.036815472 9.812145233 0.018817049 0.999806643 0.005734447 -14.816024780 -0.036917392 -0.005036764 0.999305546 149.874313354
0.999153316 -0.017698213 0.037140794 9.984387398 0.017533679 0.999834955 0.004751126 -15.035223007 -0.037218753 -0.004095889 0.999298751 152.123962402
0.999158204 -0.017060827 0.037306935 10.164391518 0.016892727 0.999845684 0.004816446 -15.253405571 -0.037383351 -0.004182177 0.999292254 154.369766235
0.999137342 -0.016632224 0.038051914 10.344459534 0.016458059 0.999852538 0.004885811 -15.467892647 -0.038127564 -0.004255335 0.999263823 156.631652832
0.999144256 -0.014890602 0.038587548 10.505896568 0.014637958 0.999869585 0.006821614 -15.695368767 -0.038684096 -0.006250934 0.999231875 158.878692627
0.999092638 -0.014285086 0.040122904 10.684995651 0.013985218 0.999872148 0.007744432 -15.911987305 -0.040228412 -0.007176278 0.999164760 161.122619629
0.999070168 -0.012923322 0.041127931 10.843108177 0.012541411 0.999875903 0.009530465 -16.129833221 -0.041245990 -0.009005802 0.999108434 163.415618896
0.999040246 -0.012738471 0.041908126 11.025545120 0.012395179 0.999887526 0.008441175 -16.329151154 -0.042010944 -0.007913616 0.999085784 165.677825928
0.999005675 -0.012163877 0.042891581 11.219152451 0.011870828 0.999904394 0.007080415 -16.540523529 -0.042973608 -0.006564217 0.999054670 167.926467896
0.998945892 -0.010266431 0.044739950 11.402460098 0.009941474 0.999922574 0.007479719 -16.755599976 -0.044813283 -0.007027054 0.998970687 170.167282104
0.998810887 -0.010013388 0.047712829 11.588628769 0.009664673 0.999924839 0.007533731 -16.983030319 -0.047784679 -0.007063644 0.998832703 172.454345703
0.998695731 -0.010245207 0.050018765 11.787252426 0.009888322 0.999923885 0.007377271 -17.198522568 -0.050090544 -0.006873047 0.998720944 174.725997925
0.998611271 -0.010186863 0.051688854 11.992777824 0.009783556 0.999919653 0.008049607 -17.417181015 -0.051766701 -0.007532728 0.998630762 176.982162476
0.998552382 -0.010713232 0.052709576 12.190547943 0.010265665 0.999908864 0.008754620 -17.626020432 -0.052798577 -0.008200848 0.998571515 179.208404541
0.998551488 -0.012302334 0.052381609 12.406153679 0.011869742 0.999892890 0.008561630 -17.848279953 -0.052481335 -0.007927472 0.998590410 181.483413696
0.998510420 -0.013106694 0.052963387 12.602684021 0.012680820 0.999884486 0.008368989 -18.059158325 -0.053066969 -0.007684904 0.998561382 183.726043701
0.998575151 -0.014801201 0.051272448 12.831396103 0.014399997 0.999862790 0.008185551 -18.282453537 -0.051386572 -0.007435564 0.998651087 185.968399048
0.998572230 -0.016540447 0.050793089 13.037200928 0.016101681 0.999829531 0.009035329 -18.496404648 -0.050933883 -0.008204577 0.998668253 188.217590332
0.998581350 -0.017321950 0.050351478 13.245926857 0.016907802 0.999819756 0.008639464 -18.706506729 -0.050492056 -0.007775876 0.998694122 190.457763672
0.998548806 -0.018552763 0.050556879 13.437474251 0.018137993 0.999798000 0.008650568 -18.926992416 -0.050707158 -0.007721016 0.998683691 192.694427490
0.998509943 -0.019538192 0.050953507 13.625138283 0.019126058 0.999780476 0.008563579 -19.136882782 -0.051109638 -0.007576280 0.998664260 194.931915283
0.998558819 -0.018972341 0.050202813 13.857128143 0.018569432 0.999791622 0.008480017 -19.361040115 -0.050353236 -0.007535558 0.998703063 197.207336426
0.998570323 -0.017023295 0.050669093 14.057541847 0.016625579 0.999827623 0.008260464 -19.568475723 -0.050800975 -0.007406252 0.998681307 199.450607300
0.998579264 -0.015221523 0.051065307 14.256575584 0.014831055 0.999857903 0.008016755 -19.784788132 -0.051180080 -0.007248013 0.998663127 201.687866211
0.998559773 -0.014891138 0.051541608 14.465020180 0.014546389 0.999869227 0.007057490 -19.996217728 -0.051639963 -0.006297581 0.998645902 203.949584961
0.998525560 -0.015144084 0.052129317 14.662250519 0.014764206 0.999861658 0.007664623 -20.204086304 -0.052238178 -0.006883673 0.998610914 206.178649902
0.998509169 -0.016633779 0.051987659 14.896065712 0.016243709 0.999836862 0.007916725 -20.430812836 -0.052110851 -0.007060453 0.998616278 208.440460205
0.998448908 -0.016102744 0.053295854 15.098047256 0.015702728 0.999845386 0.007915836 -20.632823944 -0.053415075 -0.007066668 0.998547375 210.686386108
0.998379767 -0.017128371 0.054262165 15.325263023 0.016631136 0.999815524 0.009601937 -20.869764328 -0.054416623 -0.008683938 0.998480558 212.941711426
0.998327315 -0.015719656 0.055638485 15.558032990 0.015199263 0.999836802 0.009763992 -21.078832626 -0.055782896 -0.008901997 0.998403192 215.173355103
0.998173296 -0.013725231 0.058835689 15.763760567 0.013172192 0.999865294 0.009777330 -21.283802032 -0.058961969 -0.008984475 0.998219788 217.431228638
0.998038530 -0.013844713 0.061052542 15.987378120 0.013255682 0.999861717 0.010042443 -21.492162704 -0.061183140 -0.009213452 0.998084009 219.677444458
0.997915983 -0.015336766 0.062677868 16.219955444 0.014695705 0.999835014 0.010676161 -21.699527740 -0.062831275 -0.009732816 0.997976720 221.910934448
0.997810066 -0.016731838 0.063993528 16.451112747 0.016029809 0.999805689 0.011468140 -21.902755737 -0.064172976 -0.010417220 0.997884393 224.148468018
0.997738183 -0.018818473 0.064532183 16.695856094 0.018149143 0.999775410 0.010942731 -22.116592407 -0.064723626 -0.009746778 0.997855544 226.380599976
0.997697949 -0.020140456 0.064754903 16.932954788 0.019497953 0.999754369 0.010538834 -22.318881989 -0.064951248 -0.009251983 0.997845531 228.630340576
0.997648180 -0.020453179 0.065419741 17.168720245 0.019800059 0.999747574 0.010616355 -22.521852493 -0.065620385 -0.009296072 0.997801363 230.868927002
0.997600019 -0.021865729 0.065697379 17.415626526 0.021272913 0.999726534 0.009709555 -22.730867386 -0.065891720 -0.008288679 0.997792363 233.122543335
0.997543931 -0.022882789 0.066201419 17.652555466 0.022220513 0.999695659 0.010723146 -22.933206558 -0.066426627 -0.009225780 0.997748733 235.354187012
0.997544289 -0.022443427 0.066344991 17.916179657 0.021761511 0.999702811 0.010983292 -23.145744324 -0.066571794 -0.009512554 0.997736275 237.618988037
0.997516572 -0.022017892 0.066902369 18.152538300 0.021331482 0.999712348 0.010957036 -23.347255707 -0.067124389 -0.009502700 0.997699320 239.845046997
0.997483313 -0.022240534 0.067323036 18.393856049 0.021539124 0.999706089 0.011126718 -23.553524017 -0.067550726 -0.009648634 0.997669160 242.075042725
0.997438192 -0.022395659 0.067939244 18.635850906 0.021683922 0.999702215 0.011195662 -23.754863739 -0.068169765 -0.009693791 0.997626603 244.317077637
0.997401714 -0.022661563 0.068382062 18.878942490 0.021996029 0.999703228 0.010469940 -23.964466095 -0.068599023 -0.008938602 0.997604251 246.547088623
0.997416615 -0.022051428 0.068365492 19.133855820 0.021439651 0.999723375 0.009669553 -24.173677444 -0.068559796 -0.008178840 0.997613490 248.789306641
0.997390866 -0.022394989 0.068627700 19.381406784 0.021745376 0.999711514 0.010198274 -24.383682251 -0.068836302 -0.008679330 0.997590184 251.037551880
0.997363627 -0.023466887 0.068666480 19.631385803 0.022827780 0.999688625 0.010077442 -24.591682434 -0.068881586 -0.008483371 0.997588754 253.267074585
0.997358024 -0.023358712 0.068784699 19.884834290 0.022672892 0.999685407 0.010734544 -24.799518585 -0.069013789 -0.009146634 0.997573733 255.520584106
0.997327566 -0.024261411 0.068913504 20.127986908 0.023563225 0.999662638 0.010926350 -25.009969711 -0.069155321 -0.009273326 0.997562826 257.748626709
0.997297287 -0.024278961 0.069344252 20.383443832 0.023533981 0.999656439 0.011540152 -25.222473145 -0.069600597 -0.009877014 0.997526050 260.011138916
0.997271836 -0.023990979 0.069808684 20.637220383 0.023280052 0.999668658 0.010979831 -25.425508499 -0.070048966 -0.009324726 0.997499943 262.255584717
0.997247696 -0.023991825 0.070152856 20.893386841 0.023319513 0.999674082 0.010386969 -25.628921509 -0.070379175 -0.008722452 0.997482121 264.513336182
0.997218668 -0.023239892 0.070815623 21.147357941 0.022593571 0.999695599 0.009914219 -25.840160370 -0.071024470 -0.008286665 0.997440159 266.752838135
0.997141719 -0.022521732 0.072119743 21.398567200 0.021845756 0.999709904 0.010148188 -26.045467377 -0.072327368 -0.008543672 0.997344434 269.002746582
0.997058094 -0.021999128 0.073424667 21.655710220 0.021341803 0.999724925 0.009725077 -26.267332077 -0.073618419 -0.008129455 0.997253299 271.252716064
0.996993661 -0.022667987 0.074092485 21.930221558 0.021996306 0.999709368 0.009869036 -26.476409912 -0.074294657 -0.008209606 0.997202575 273.502166748
0.996775806 -0.023352558 0.076763302 22.166166306 0.022620825 0.999690115 0.010388126 -26.676052094 -0.076982103 -0.008618180 0.996995211 275.743927002
0.996664703 -0.023332035 0.078198925 22.434328079 0.022497388 0.999680281 0.011537545 -26.874748230 -0.078443125 -0.009739795 0.996870995 277.984375000
0.996594787 -0.022647100 0.079284176 22.710857391 0.021681378 0.999680281 0.013020333 -27.095375061 -0.079553694 -0.011257004 0.996767163 280.239013672
0.996505022 -0.022391202 0.080475479 22.988594055 0.021325314 0.999673426 0.014080170 -27.302595139 -0.080764458 -0.012314793 0.996657193 282.474670410
0.996443093 -0.021365363 0.081515007 23.261671066 0.020276517 0.999694109 0.014162214 -27.502819061 -0.081792653 -0.012459000 0.996571481 284.741027832
0.996331334 -0.020387955 0.083115682 23.526201248 0.019338761 0.999723077 0.013409009 -27.696987152 -0.083366029 -0.011752460 0.996449769 286.968872070
0.996313214 -0.019686261 0.083501033 23.806352615 0.018730842 0.999750018 0.012210082 -27.886430740 -0.083720528 -0.010601021 0.996432900 289.210876465
0.996247768 -0.020396296 0.084109642 24.077442169 0.019429594 0.999735594 0.012296057 -28.092548370 -0.084338188 -0.010615703 0.996380687 291.438293457
0.996210098 -0.020049402 0.084637225 24.344844818 0.019101139 0.999745548 0.011998904 -28.302419662 -0.084856249 -0.010336763 0.996339560 293.703918457
0.996237755 -0.020603845 0.084176414 24.626913071 0.019742738 0.999744058 0.011049459 -28.501777649 -0.084382519 -0.009346014 0.996389627 295.928833008
0.996238053 -0.020547140 0.084187388 24.906633377 0.019681230 0.999744654 0.011102637 -28.708576202 -0.084394023 -0.009403961 0.996388078 298.165130615
0.996238351 -0.019906480 0.084337220 25.184095383 0.019040426 0.999757469 0.011060948 -28.908311844 -0.084536970 -0.009413527 0.996375799 300.403930664
0.996185362 -0.019693088 0.085012652 25.442945480 0.018737774 0.999752104 0.012020753 -29.118297577 -0.085228309 -0.010381947 0.996307492 302.640747070
0.996192992 -0.019978622 0.084855154 25.728790283 0.019000897 0.999743581 0.012314403 -29.322116852 -0.085079409 -0.010655199 0.996317208 304.887817383
0.996177435 -0.019318746 0.085189268 26.014339447 0.018320879 0.999754190 0.012479873 -29.524330139 -0.085409425 -0.010871425 0.996286631 307.134613037
0.996177673 -0.020009734 0.085027114 26.297286987 0.019011613 0.999740720 0.012532489 -29.736270905 -0.085255831 -0.010868085 0.996299744 309.389404297
0.996138632 -0.021302491 0.085170195 26.580896378 0.020269398 0.999710321 0.012976272 -29.938432693 -0.085421957 -0.011199818 0.996281922 311.647583008
0.996093929 -0.021122042 0.085736148 26.859807968 0.020138832 0.999721289 0.012316722 -30.142456055 -0.085972406 -0.010541988 0.996241748 313.888214111
0.996116102 -0.020754753 0.085568644 27.149702072 0.019718092 0.999721766 0.012942547 -30.348041534 -0.085813455 -0.011205028 0.996248186 316.140411377
0.996082246 -0.019159177 0.086331524 27.430953979 0.018180564 0.999761403 0.012107615 -30.553575516 -0.086542897 -0.010490624 0.996192873 318.388153076
0.996087015 -0.017571125 0.086612724 27.711292267 0.016531439 0.999782622 0.012706551 -30.757061005 -0.086817168 -0.011224999 0.996160984 320.636901855
0.996029973 -0.016356114 0.087502353 27.987195969 0.015324185 0.999805033 0.012451973 -30.962055206 -0.087688930 -0.011061633 0.996086597 322.868041992
0.995986283 -0.015585562 0.088138871 28.262613297 0.014505396 0.999811769 0.012882574 -31.160179138 -0.088323049 -0.011552376 0.996024907 325.104125977
0.995991290 -0.015338736 0.088125445 28.553577423 0.014128313 0.999797344 0.014342609 -31.372423172 -0.088327572 -0.013040048 0.996006072 327.330200195
0.995955408 -0.016284794 0.088360399 28.832508087 0.015077361 0.999783814 0.014315156 -31.577852249 -0.088574395 -0.012925016 0.995985687 329.575164795
0.995965123 -0.018136561 0.087888360 29.130678177 0.017015120 0.999764323 0.013492265 -31.775444031 -0.088112332 -0.011942398 0.996038973 331.814666748
0.995968223 -0.017838940 0.087914631 29.413402557 0.016736118 0.999771953 0.013265496 -31.978315353 -0.088131242 -0.011740666 0.996039629 334.029144287
0.995948493 -0.018133666 0.088077277 29.697153091 0.016910190 0.999750257 0.014617304 -32.177444458 -0.088320322 -0.013068683 0.996006310 336.257324219
0.996016204 -0.018868651 0.087153040 30.000238419 0.017686596 0.999741018 0.014315415 -32.371929169 -0.087400593 -0.012716944 0.996092081 338.493865967
0.996019006 -0.018892914 0.087115772 30.280668259 0.017693929 0.999738097 0.014514870 -32.575241089 -0.087367170 -0.012915666 0.996092439 340.736785889
0.996055424 -0.019058926 0.086662605 30.573884964 0.017878212 0.999736726 0.014380169 -32.778961182 -0.086913846 -0.012774074 0.996133924 342.982788086
0.996071279 -0.019281873 0.086431779 30.857936859 0.018067690 0.999727130 0.014808227 -32.977169037 -0.086693726 -0.013188427 0.996147692 345.224029541
0.996113658 -0.019185076 0.085962556 31.141933441 0.017971098 0.999727845 0.014873847 -33.172111511 -0.086224534 -0.013271202 0.996187329 347.462677002
0.996164918 -0.019139551 0.085376427 31.426109314 0.017926579 0.999727428 0.014951532 -33.371402740 -0.085639343 -0.013363686 0.996236563 349.707672119
0.996171594 -0.018782638 0.085377514 31.703987122 0.017525878 0.999727070 0.015445910 -33.573120117 -0.085644327 -0.013890462 0.996228933 351.949432373
0.996202171 -0.019291436 0.084906273 31.982440948 0.018018859 0.999713838 0.015729027 -33.764686584 -0.085185423 -0.014139376 0.996264756 354.178222656
0.996222913 -0.019043624 0.084718294 32.257530212 0.017821023 0.999726176 0.015164320 -33.961700439 -0.084983863 -0.013597277 0.996289670 356.418121338
0.996276915 -0.019182464 0.084048912 32.540027618 0.017927768 0.999716699 0.015657611 -34.157787323 -0.084325440 -0.014092509 0.996338606 358.657592773
0.996336997 -0.018737791 0.083435684 32.826480865 0.017416548 0.999711514 0.016535364 -34.356597900 -0.083721444 -0.015021636 0.996375918 360.899932861
0.996385932 -0.018874738 0.082818277 33.110778809 0.017563291 0.999708951 0.016535370 -34.554786682 -0.083106279 -0.015021047 0.996427476 363.147674561
0.996428013 -0.018760579 0.082335293 33.392761230 0.017418938 0.999704063 0.016983069 -34.749076843 -0.082629539 -0.015488213 0.996459961 365.390991211
0.996481955 -0.018801300 0.081673130 33.673061371 0.017522488 0.999712825 0.016346408 -34.945030212 -0.081957005 -0.014857784 0.996525109 367.653533936
0.996497571 -0.019246027 0.081378460 33.949020386 0.017977716 0.999705672 0.016289420 -35.143344879 -0.081668027 -0.014769368 0.996550143 369.903869629
0.996511042 -0.019489745 0.081154026 34.225017548 0.018308474 0.999715686 0.015274712 -35.332466125 -0.081428654 -0.013735612 0.996584535 372.158966064
0.996567428 -0.019056698 0.080561504 34.499973297 0.017869130 0.999721110 0.015436534 -35.534072876 -0.080833197 -0.013943982 0.996630192 374.403472900
0.996652424 -0.019023182 0.079510599 34.782215118 0.017828289 0.999717593 0.015711112 -35.725677490 -0.079787016 -0.014240981 0.996710241 376.651641846
0.996560872 -0.018383484 0.080800302 35.036315918 0.017123805 0.999721229 0.016255498 -35.921470642 -0.081076607 -0.014815980 0.996597767 378.912750244
0.996545613 -0.019038936 0.080835424 35.305503845 0.017754462 0.999704838 0.016579235 -36.120243073 -0.081127226 -0.015086774 0.996589541 381.149261475
0.996579111 -0.019070722 0.080413945 35.586719513 0.017794669 0.999704719 0.016555415 -36.311058044 -0.080705911 -0.015067843 0.996624053 383.409393311
0.996581435 -0.018165985 0.080593750 35.859462738 0.016856598 0.999715090 0.016897600 -36.510314941 -0.080877736 -0.015481300 0.996603727 385.657043457
0.996593058 -0.016894052 0.080726139 36.131053925 0.015581479 0.999736369 0.016862052 -36.698131561 -0.080989733 -0.015546772 0.996593654 387.920288086
0.996621609 -0.015671117 0.080620684 36.410789490 0.014373544 0.999758005 0.016650105 -36.898723602 -0.080862083 -0.015435051 0.996605754 390.191589355
0.996601522 -0.014473707 0.081092365 36.676883698 0.013162572 0.999774218 0.016679760 -37.096870422 -0.081315465 -0.015555690 0.996567011 392.467803955
0.996619105 -0.013024831 0.081121430 36.949493408 0.011594263 0.999769390 0.018081037 -37.290996552 -0.081338219 -0.017079366 0.996540189 394.726593018
0.996563554 -0.011787525 0.081987880 37.213661194 0.010310758 0.999777317 0.018412147 -37.485652924 -0.082186654 -0.017503520 0.996463180 396.990112305
0.996500552 -0.011513340 0.082789011 37.485725403 0.010134540 0.999803185 0.017055398 -37.688091278 -0.082969077 -0.016156688 0.996421158 399.255493164
0.996442795 -0.011288504 0.083511777 37.755336761 0.009942270 0.999814272 0.016518656 -37.884502411 -0.083682723 -0.015629603 0.996369898 401.520294189
0.996313691 -0.012299583 0.084898099 38.021961212 0.010865766 0.999790788 0.017330160 -38.074142456 -0.085093483 -0.016343791 0.996239007 403.768310547
0.996311486 -0.013713482 0.084707566 38.306858063 0.012183046 0.999753535 0.018557932 -38.274120331 -0.084941193 -0.017457489 0.996232986 406.067993164
0.996253669 -0.014212701 0.085302599 38.580577850 0.012690968 0.999751031 0.018355094 -38.465358734 -0.085542224 -0.017203758 0.996186018 408.326416016
0.996258080 -0.012355739 0.085542031 38.884937286 0.010913032 0.999790549 0.017312622 -38.650371552 -0.085738048 -0.016314315 0.996184111 410.600128174
0.996169567 -0.011822915 0.086640060 39.160686493 0.010306716 0.999786139 0.017926460 -38.850833893 -0.086833477 -0.016964819 0.996078372 412.854248047
0.996167958 -0.009404863 0.086953096 39.467453003 0.007934372 0.999819875 0.017241489 -39.054332733 -0.087099582 -0.016485503 0.996063173 415.122314453
0.996089637 -0.008532136 0.087935172 39.756423950 0.007030344 0.999824345 0.017373992 -39.249847412 -0.088067964 -0.016687836 0.995974660 417.391906738
0.996030390 -0.008715671 0.088586234 40.045536041 0.007204953 0.999823451 0.017359117 -39.448261261 -0.088721894 -0.016651943 0.995917380 419.643463135
0.995938241 -0.008671870 0.089619756 40.328227997 0.007140568 0.999823332 0.017393172 -39.641693115 -0.089754738 -0.016682593 0.995824158 421.895843506
0.995864391 -0.008944683 0.090410121 40.612144470 0.007428665 0.999826372 0.017090846 -39.838069916 -0.090547308 -0.016348537 0.995757878 424.153717041
0.995806992 -0.009236633 0.091011681 40.906562805 0.007598615 0.999803066 0.018327970 -40.032112122 -0.091163062 -0.017559558 0.995681107 426.426330566
0.995771587 -0.008442456 0.091474056 41.195625305 0.006738134 0.999798179 0.018924590 -40.222198486 -0.091615364 -0.018228205 0.995627642 428.676330566
0.995692790 -0.007620631 0.092400134 41.491302490 0.005842064 0.999792695 0.019503780 -40.411354065 -0.092529625 -0.018879965 0.995530963 430.951416016
0.995693445 -0.007980314 0.092362873 41.791374207 0.006161687 0.999781966 0.019958457 -40.610996246 -0.092501990 -0.019303393 0.995525360 433.214782715
0.995655954 -0.008684606 0.092702776 42.094951630 0.006918293 0.999788642 0.019357912 -40.810081482 -0.092851311 -0.018632475 0.995505571 435.484619141
0.995636642 -0.007967245 0.092974462 42.395809174 0.006183581 0.999791563 0.019456783 -40.987281799 -0.093110085 -0.018796971 0.995478392 437.754760742
0.995594203 -0.008540733 0.093376920 42.696498871 0.006721805 0.999781847 0.019776618 -41.180465698 -0.093525440 -0.019061824 0.995434403 440.042480469
0.995632112 -0.008581710 0.092968464 43.005306244 0.006770493 0.999781430 0.019779989 -41.367568970 -0.093117878 -0.019064147 0.995472550 442.316741943
0.995608091 -0.007743113 0.093298174 43.308349609 0.005810383 0.999763250 0.020969503 -41.573001862 -0.093438454 -0.020335304 0.995417356 444.557220459
0.995577931 -0.008347063 0.093567476 43.613342285 0.006403199 0.999757767 0.021056004 -41.759422302 -0.093720555 -0.020363759 0.995390177 446.833160400
0.995576203 -0.008244054 0.093594834 43.914157867 0.006341769 0.999767601 0.020603964 -41.949996948 -0.093742937 -0.019919259 0.995397151 449.097259521
0.995576620 -0.007568770 0.093649223 44.214996338 0.005689782 0.999777436 0.020314872 -42.142684937 -0.093782134 -0.019692168 0.995398104 451.359863281
0.995537758 -0.006972235 0.094105750 44.515594482 0.005106802 0.999785960 0.020049030 -42.339038849 -0.094225392 -0.019478988 0.995360315 453.626281738
0.995453477 -0.006311828 0.095039427 44.811664581 0.004418817 0.999787927 0.020115469 -42.521480560 -0.095146224 -0.019604050 0.995270193 455.904724121
0.995429754 -0.006742202 0.095259584 45.108840942 0.004865973 0.999789834 0.019914553 -42.718772888 -0.095373861 -0.019360002 0.995253205 458.171539307
0.995443046 -0.005851293 0.095177501 45.421047211 0.004043145 0.999807894 0.019179415 -42.908859253 -0.095271438 -0.018707201 0.995275557 460.456268311
0.995435476 -0.004771580 0.095317028 45.724449158 0.002913381 0.999803185 0.019624589 -43.101039886 -0.095391899 -0.019257318 0.995253503 462.736175537
0.995413065 -0.004321912 0.095572993 46.022415161 0.002323229 0.999776483 0.021014029 -43.290847778 -0.095642433 -0.020695597 0.995200574 465.007537842
0.995450377 -0.004423317 0.095178239 46.320941925 0.002413607 0.999771833 0.021220002 -43.474948883 -0.095250398 -0.020893736 0.995234072 467.274810791
0.995568275 -0.004526561 0.093932785 46.635894775 0.002663360 0.999797404 0.019951379 -43.661727905 -0.094004065 -0.019612784 0.995378613 469.559478760
0.995664299 -0.004646935 0.092903383 46.953250885 0.002833173 0.999803007 0.019645447 -43.857627869 -0.092976384 -0.019297061 0.995481312 471.852691650
0.995758355 -0.005263122 0.091856517 47.258411407 0.003374538 0.999779880 0.020703377 -44.052825928 -0.091945261 -0.020305587 0.995556951 474.132385254
0.995711625 -0.005520634 0.092346214 47.542926788 0.003596961 0.999773324 0.020984575 -44.244758606 -0.092441134 -0.020562420 0.995505810 476.414855957
0.995894670 -0.005220571 0.090368070 47.857757568 0.003413430 0.999791443 0.020140573 -44.415927887 -0.090454355 -0.019749427 0.995704770 478.696563721
0.995892406 -0.005410219 0.090382762 48.152763367 0.003548884 0.999778569 0.020741943 -44.607017517 -0.090474971 -0.020335983 0.995691001 480.983367920
0.995954335 -0.005933607 0.089664496 48.458137512 0.004040510 0.999765396 0.021279883 -44.796279907 -0.089769721 -0.020831503 0.995744765 483.262237549
0.995951772 -0.006355579 0.089664027 48.742961884 0.004543649 0.999781609 0.020397643 -44.983619690 -0.089774102 -0.019907670 0.995763123 485.551147461
0.996043265 -0.007320560 0.088567473 49.046390533 0.005429449 0.999752522 0.021574311 -45.188774109 -0.088703491 -0.021008076 0.995836496 487.874908447
0.996141970 -0.007709281 0.087416939 49.342788696 0.005816537 0.999743640 0.021886002 -45.373817444 -0.087563246 -0.021293102 0.995931387 490.155181885
0.996067703 -0.007758141 0.088254809 49.602607727 0.005807470 0.999733627 0.022338070 -45.576194763 -0.088404603 -0.021737695 0.995847344 492.449432373
0.996145666 -0.007030964 0.087431140 49.905841827 0.005086846 0.999735296 0.022438964 -45.757865906 -0.087565742 -0.021907730 0.995917797 494.741851807
0.996149063 -0.006916235 0.087402746 50.186222076 0.004999701 0.999742568 0.022127543 -45.944725037 -0.087533318 -0.021605339 0.995927215 497.049713135
0.996182621 -0.006779064 0.087030388 50.487075806 0.004897770 0.999750018 0.021811886 -46.141002655 -0.087156489 -0.021302365 0.995966852 499.375518799
0.996220052 -0.006752846 0.086601734 50.772994995 0.004811683 0.999732912 0.022604004 -46.328117371 -0.086731263 -0.022101866 0.995986462 501.671447754
0.996211231 -0.006449316 0.086726427 51.051864624 0.004476950 0.999727249 0.022917699 -46.517417908 -0.086850584 -0.022442598 0.995968640 503.949310303
0.996239662 -0.005296994 0.086477987 51.338138580 0.003399108 0.999750435 0.022079000 -46.703788757 -0.086573355 -0.021702029 0.996009052 506.245544434
0.996234894 -0.004907464 0.086556248 51.623844147 0.002959985 0.999739826 0.022613581 -46.891304016 -0.086644709 -0.022272231 0.995990276 508.545227051
0.996298611 -0.005421404 0.085788801 51.925506592 0.003568023 0.999757230 0.021742608 -47.081939697 -0.085885853 -0.021356031 0.996076047 510.839660645
0.996319056 -0.005859012 0.085522011 52.214534760 0.003943113 0.999737859 0.022554174 -47.272544861 -0.085631721 -0.022133928 0.996080995 513.136657715
0.996356547 -0.005711941 0.085093893 52.505886078 0.003791546 0.999734819 0.022712495 -47.458522797 -0.085201062 -0.022307105 0.996114016 515.438476562
0.996363461 -0.004998608 0.085057713 52.786319733 0.003089323 0.999740660 0.022563770 -47.645534515 -0.085148439 -0.022218943 0.996120512 517.743591309
0.996328473 -0.004010373 0.085518897 53.060691833 0.002121007 0.999751985 0.022172393 -47.831329346 -0.085586622 -0.021909598 0.996089756 520.047546387
0.996319771 -0.002558165 0.085676238 53.354160309 0.000625325 0.999744892 0.022579065 -48.029891968 -0.085712142 -0.022442389 0.996067107 522.380676270
0.996165931 -0.000373017 0.087483980 53.622440338 -0.001622110 0.999740183 0.022733429 -48.214786530 -0.087469719 -0.022788171 0.995906472 524.707153320
0.996212304 0.001001383 0.086948559 53.930580139 -0.003066498 0.999716282 0.023620682 -48.391906738 -0.086900242 -0.023797838 0.995932758 527.032653809
0.996147692 0.000686786 0.087687738 54.211750031 -0.002761478 0.999719083 0.023540877 -48.577274323 -0.087646924 -0.023692336 0.995869935 529.341308594
0.996088207 -0.001026612 0.088357568 54.494899750 -0.001175746 0.999689996 0.024869863 -48.760173798 -0.088355698 -0.024876466 0.995778322 531.655334473
0.996048152 -0.002694461 0.088773847 54.796688080 0.000523523 0.999700367 0.024468927 -48.939933777 -0.088813186 -0.024325749 0.995751202 533.983276367
0.996021986 -0.002618450 0.089069247 55.090270996 0.000495575 0.999715388 0.023847751 -49.122257233 -0.089106351 -0.023708742 0.995739818 536.298217773
0.995946229 -0.002888581 0.089904465 55.384208679 0.000773047 0.999722183 0.023556840 -49.305732727 -0.089947537 -0.023391841 0.995671749 538.620178223
0.995868385 -0.002325328 0.090778112 55.674377441 0.000249684 0.999738336 0.022869699 -49.493034363 -0.090807542 -0.022752544 0.995608509 540.931945801
0.995783091 -0.001630668 0.091724277 55.966609955 -0.000440503 0.999745429 0.022555616 -49.682445526 -0.091737732 -0.022500904 0.995528936 543.252075195
0.995718420 -0.001237850 0.092430204 56.272434235 -0.000770451 0.999764502 0.021688914 -49.870117188 -0.092435285 -0.021667264 0.995482922 545.577453613
0.995565295 -0.001340337 0.094063424 56.548938751 -0.000760681 0.999751031 0.022296770 -50.066349030 -0.094069906 -0.022269445 0.995316505 547.905883789
0.995520055 -0.001512733 0.094538756 56.854324341 -0.000684851 0.999730408 0.023208560 -50.255592346 -0.094548360 -0.023169328 0.995250642 550.224548340
0.995434105 -0.001450777 0.095440082 57.147567749 -0.000776206 0.999728382 0.023292569 -50.440860748 -0.095447965 -0.023260299 0.995162606 552.525024414
0.995458722 -0.002853049 0.095151156 57.461849213 0.000723592 0.999748647 0.022406723 -50.627319336 -0.095191173 -0.022236118 0.995210648 554.833618164
0.995487988 -0.002932169 0.094842046 57.778209686 0.000781428 0.999741852 0.022706281 -50.815040588 -0.094884142 -0.022529719 0.995233357 557.149780273
0.995439470 -0.002661865 0.095358089 58.081996918 0.000455943 0.999731958 0.023147359 -51.001586914 -0.095394157 -0.022998314 0.995173872 559.457885742
0.995412350 -0.002004017 0.095655985 58.391674042 -0.000291836 0.999712288 0.023981122 -51.185741425 -0.095676519 -0.023899024 0.995125532 561.794250488
0.995403886 -0.002289658 0.095738724 58.708564758 -0.000076388 0.999694824 0.024702614 -51.371917725 -0.095766068 -0.024596391 0.995099962 564.124450684
0.995384634 -0.001761331 0.095951065 59.022792816 -0.000661559 0.999681890 0.025213646 -51.550773621 -0.095964961 -0.025160752 0.995066583 566.440490723
0.995330215 -0.000687837 0.096526176 59.338008881 -0.001704688 0.999693394 0.024701633 -51.740341187 -0.096513569 -0.024750821 0.995023906 568.765930176
0.995349467 0.000359024 0.096328467 59.667823792 -0.002596049 0.999729753 0.023098562 -51.919265747 -0.096294142 -0.023241214 0.995081544 571.102905273
0.995351791 0.000825667 0.096302107 59.998161316 -0.003071382 0.999726713 0.023173572 -52.107215881 -0.096256651 -0.023361640 0.995082378 573.423645020
0.995334804 0.000607472 0.096479587 60.309471130 -0.002968312 0.999699593 0.024328185 -52.301593781 -0.096435837 -0.024501072 0.995037556 575.802612305
0.995338261 0.000616888 0.096443944 60.631843567 -0.003090825 0.999669969 0.025504259 -52.491073608 -0.096396357 -0.025683459 0.995011628 578.117553711
0.995213032 0.001378211 0.097718857 60.928089142 -0.003739856 0.999705255 0.023988709 -52.676475525 -0.097656980 -0.024239337 0.994924843 580.499511719
0.995278120 0.000446419 0.097062893 61.254650116 -0.002739368 0.999720275 0.023491362 -52.853630066 -0.097025253 -0.023646329 0.995000958 582.839111328
0.995235682 0.000383875 0.097497925 61.572929382 -0.002868529 0.999674559 0.025345292 -53.052604675 -0.097456470 -0.025504213 0.994912922 585.167053223
0.995307744 0.000476590 0.096759267 61.896430969 -0.002940210 0.999675095 0.025320357 -53.233497620 -0.096715756 -0.025486033 0.994985700 587.486267090
0.995217800 -0.001477273 0.097669318 62.218162537 -0.000875809 0.999710500 0.024045078 -53.420440674 -0.097676560 -0.024015626 0.994928420 589.854125977
0.995262861 -0.001616441 0.097206950 62.549602509 -0.000690157 0.999719083 0.023690430 -53.599430084 -0.097217940 -0.023645295 0.994982183 592.205505371
0.995272279 -0.003378784 0.097065523 62.866973877 0.001020631 0.999703348 0.024333827 -53.787952423 -0.097118966 -0.024119714 0.994980454 594.540649414
0.995298445 -0.004036348 0.096771285 63.195507050 0.001676764 0.999699593 0.024452040 -53.973381042 -0.096840911 -0.024174815 0.995006263 596.899658203
