1.000000000 0.000000000 0.000000000 0.000000000 0.000000000 1.000000000 0.000000000 0.000000000 0.000000000 0.000000000 1.000000000 0.000000000
0.999999881 0.000070405 0.000519773 0.088289209 -0.000070326 1.000000000 -0.000151618 -0.227193430 -0.000519784 0.000151582 0.999999881 2.296710730
0.999999046 0.000447017 0.001294597 0.165446624 -0.000447710 0.999999762 0.000535310 -0.468081236 -0.001294357 -0.000535890 0.999999046 4.587865353
0.999998331 0.000069712 0.001801775 0.264238358 -0.000070881 0.999999702 0.000648524 -0.697921991 -0.001801729 -0.000648650 0.999998152 6.874186993
0.999996245 -0.000036020 0.002746118 0.356645167 0.000039006 0.999999404 -0.001087349 -0.929705083 -0.002746077 0.001087452 0.999995649 9.165262222
0.999986887 0.001742686 0.004802306 0.448488325 -0.001744011 0.999998391 0.000271751 -1.165277481 -0.004801825 -0.000280123 0.999988377 11.468397141
0.999970257 0.003293973 0.006975324 0.556912124 -0.003304947 0.999993265 0.001562251 -1.402312279 -0.006970130 -0.001585257 0.999974430 13.755120277
0.999949396 0.003220186 0.009529994 0.660217881 -0.003261718 0.999985218 0.004345691 -1.632049441 -0.009515859 -0.004376555 0.999945104 16.028535843
0.999943912 0.003335390 0.010049604 0.763554513 -0.003390423 0.999979317 0.005464072 -1.857993364 -0.010031172 -0.005497838 0.999934494 18.325588226
0.999936163 0.002455107 0.011024329 0.878252566 -0.002518327 0.999980450 0.005724263 -2.082055330 -0.011010058 -0.005751661 0.999922872 20.596967697
0.999930263 0.000018766 0.011808189 0.994235754 -0.000059749 0.999993980 0.003470388 -2.311867952 -0.011808051 -0.003470851 0.999924242 22.917251587
0.999920368 -0.002233992 0.012419307 1.104322553 0.002211982 0.999995887 0.001785776 -2.534042597 -0.012423246 -0.001758162 0.999921262 25.200626373
0.999916971 -0.002787151 0.012577038 1.237989306 0.002770284 0.999995232 0.001358374 -2.784490347 -0.012580765 -0.001323419 0.999920011 27.483345032
0.999901116 -0.002387628 0.013855659 1.339026093 0.002379514 0.999996960 0.000602030 -3.009015560 -0.013857054 -0.000569001 0.999903858 29.769588470
0.999902844 -0.000745536 0.013920480 1.475363731 0.000702486 0.999994874 0.003097208 -3.238220930 -0.013922718 -0.003087129 0.999898255 32.051353455
0.999908090 0.001183594 0.013513627 1.608564377 -0.001256217 0.999984801 0.005366898 -3.456964970 -0.013507070 -0.005383380 0.999894321 34.332458496
0.999875069 0.003049092 0.015508205 1.721702099 -0.003191818 0.999952734 0.009186786 -3.684790850 -0.015479460 -0.009235140 0.999837518 36.656543732
0.999860525 0.004901360 0.015962962 1.841258645 -0.005046402 0.999946237 0.009058629 -3.902507782 -0.015917704 -0.009137924 0.999831438 38.927623749
0.999823570 0.003824036 0.018390933 1.939953327 -0.003958480 0.999965668 0.007279530 -4.102762222 -0.018362464 -0.007351046 0.999804378 41.237205505
0.999832034 0.001218648 0.018287888 2.068345308 -0.001345233 0.999975264 0.006911093 -4.330065727 -0.018279012 -0.006934535 0.999808908 43.514553070
0.999828994 0.000658979 0.018477030 2.193597794 -0.000761348 0.999984324 0.005533881 -4.556984425 -0.018473092 -0.005547002 0.999813974 45.763996124
0.999826252 -0.000065467 0.018645344 2.319304943 -0.000014987 0.999990702 0.004314844 -4.780164719 -0.018645456 -0.004314372 0.999816835 48.030635834
0.999828815 -0.001859343 0.018408850 2.460339546 0.001781100 0.999989271 0.004265817 -5.000575066 -0.018416585 -0.004232298 0.999821544 50.316055298
0.999803901 -0.001825186 0.019719614 2.585580349 0.001739567 0.999988973 0.004358120 -5.216561794 -0.019727351 -0.004322962 0.999796033 52.579616547
0.999792039 -0.002996509 0.020174121 2.720193386 0.002907292 0.999985874 0.004450188 -5.445508003 -0.020187171 -0.004390611 0.999786615 54.866161346
0.999761343 -0.003145806 0.021617860 2.844371080 0.003044560 0.999984264 0.004714783 -5.672296524 -0.021632347 -0.004647841 0.999755204 57.148231506
0.999742806 -0.004679810 0.022190379 2.984987259 0.004560321 0.999974847 0.005432290 -5.896087646 -0.022215242 -0.005329698 0.999738991 59.415935516
0.999702334 -0.006032279 0.023640161 3.111753702 0.005920113 0.999970913 0.004811835 -6.117938042 -0.023668496 -0.004670451 0.999708951 61.688781738
0.999684691 -0.007081550 0.024094762 3.262950897 0.006972909 0.999965131 0.004589991 -6.339883804 -0.024126431 -0.004420532 0.999699116 63.942378998
0.999649346 -0.006572572 0.025656002 3.400062799 0.006436721 0.999964833 0.005374023 -6.561433315 -0.025690421 -0.005206998 0.999656379 66.211441040
0.999628425 -0.005659442 0.026661128 3.547060966 0.005506441 0.999967992 0.005808698 -6.787171841 -0.026693147 -0.005659732 0.999627590 68.466102600
0.999584973 -0.005914984 0.028193913 3.683773041 0.005762131 0.999968231 0.005499616 -7.010011673 -0.028225545 -0.005334876 0.999587357 70.716041565
0.999573708 -0.006920533 0.028361214 3.848227978 0.006807379 0.999968410 0.004084367 -7.230585575 -0.028388584 -0.003889561 0.999589324 72.965209961
0.999559820 -0.007837557 0.028613489 4.009814739 0.007714746 0.999960542 0.004399976 -7.454872608 -0.028646847 -0.004177294 0.999580860 75.236648560
0.999518275 -0.008946901 0.029716451 4.172356606 0.008834513 0.999953330 0.003911154 -7.684292316 -0.029750060 -0.003646739 0.999550641 77.503807068
0.999502480 -0.009939305 0.029933041 4.327695847 0.009829872 0.999944448 0.003800916 -7.917852879 -0.029969160 -0.003504785 0.999544621 79.766700745
0.999473393 -0.010395737 0.030736741 4.477829933 0.010305446 0.999942064 0.003094523 -8.129681587 -0.030767130 -0.002776138 0.999522746 82.022911072
0.999457300 -0.009569696 0.031518824 4.653569221 0.009462576 0.999948919 0.003545975 -8.367880821 -0.031551149 -0.003245801 0.999496818 84.303939819
0.999407768 -0.009320176 0.033125352 4.810386658 0.009179021 0.999948144 0.004410755 -8.587944984 -0.033164740 -0.004104085 0.999441504 86.558296204
0.999414384 -0.008757182 0.033082254 4.982894897 0.008578142 0.999947786 0.005550043 -8.819557190 -0.033129133 -0.005263007 0.999437213 88.823478699
0.999390185 -0.008064691 0.033973645 5.143742561 0.007862787 0.999950647 0.006072381 -9.042537689 -0.034020942 -0.005801550 0.999404311 91.077232361
0.999361217 -0.007787762 0.034876898 5.309797287 0.007585638 0.999953687 0.005923956 -9.260675430 -0.034921415 -0.005655608 0.999374032 93.328437805
0.999346733 -0.007858826 0.035274591 5.478988171 0.007673397 0.999956012 0.005389022 -9.476211548 -0.035315394 -0.005114825 0.999363065 95.582839966
0.999312520 -0.008383155 0.036112718 5.645349026 0.008183826 0.999950469 0.005663952 -9.695828438 -0.036158416 -0.005364518 0.999331653 97.836647034
0.999281168 -0.008370041 0.036974613 5.809652328 0.008177265 0.999952137 0.005361948 -9.925551414 -0.037017725 -0.005055743 0.999301791 100.070632935
0.999225199 -0.008455275 0.038440935 5.973334312 0.008210623 0.999945045 0.006517809 -10.140583992 -0.038493939 -0.006197134 0.999239624 102.308731079
0.999199033 -0.008543372 0.039092869 6.161676407 0.008299273 0.999944985 0.006402140 -10.357345581 -0.039145425 -0.006072570 0.999215066 104.562477112
0.999177396 -0.009825752 0.039342973 6.338778019 0.009542388 0.999927223 0.007383704 -10.581058502 -0.039412662 -0.007002205 0.999198496 106.794807434
0.999130428 -0.011290025 0.040136285 6.519775867 0.010994084 0.999910772 0.007586489 -10.795377731 -0.040218350 -0.007138631 0.999165416 109.046142578
0.999102175 -0.012327160 0.040530909 6.709686279 0.011996475 0.999892831 0.008391922 -11.014948845 -0.040630005 -0.007898159 0.999143004 111.305236816
0.999084115 -0.012648100 0.040877640 6.899988174 0.012354763 0.999896109 0.007420646 -11.238861084 -0.040967256 -0.006908815 0.999136567 113.568565369
0.999033928 -0.013096128 0.041947249 7.080353737 0.012837196 0.999896884 0.006436235 -11.450997353 -0.042027216 -0.005891533 0.999099076 115.815605164
0.998998463 -0.013506016 0.042658120 7.262821198 0.013225942 0.999889076 0.006841007 -11.673611641 -0.042745784 -0.006269961 0.999066293 118.052177429
0.998949766 -0.013825510 0.043682061 7.451435089 0.013502309 0.999879420 0.007685275 -11.888701439 -0.043783050 -0.007087397 0.999015868 120.298332214
0.998920023 -0.014534702 0.044132397 7.650678635 0.014172792 0.999863327 0.008502441 -12.110716820 -0.044249952 -0.007867780 0.998989582 122.507194519
0.998884976 -0.015686948 0.044525802 7.849786758 0.015354249 0.999851644 0.007804163 -12.327909470 -0.044641614 -0.007111802 0.998977780 124.762573242
0.998840928 -0.016439792 0.045238987 8.030599594 0.016142078 0.999845624 0.006938327 -12.546843529 -0.045346059 -0.006200034 0.998952091 127.026489258
0.998820364 -0.018184828 0.045024768 8.220110893 0.017871363 0.999813259 0.007354876 -12.761099815 -0.045150101 -0.006541546 0.998958766 129.280334473
0.998837948 -0.019170994 0.044217829 8.407316208 0.018848903 0.999792695 0.007689657 -12.973672867 -0.044356085 -0.006847263 0.998992324 131.529983521
0.998899877 -0.019539025 0.042630289 8.605896950 0.019168844 0.999775112 0.009075115 -13.189493179 -0.042798024 -0.008247958 0.999049723 133.762023926
0.998944700 -0.020614496 0.041043095 8.783853531 0.020284593 0.999758780 0.008438225 -13.402771950 -0.041207138 -0.007596777 0.999121726 135.995285034
0.999009192 -0.021546198 0.038939908 8.991529465 0.021253673 0.999742866 0.007910624 -13.609274864 -0.039100334 -0.007075170 0.999210238 138.222183228
0.999012291 -0.021858238 0.038686320 9.166093826 0.021544341 0.999731660 0.008512335 -13.833702087 -0.038862009 -0.007670458 0.999215066 140.497482300
0.999005377 -0.022206038 0.038664948 9.337787628 0.021888740 0.999723375 0.008610493 -14.038327217 -0.038845453 -0.007755604 0.999215126 142.729415894
0.999023139 -0.022353671 0.038118627 9.525105476 0.021985324 0.999707699 0.010055073 -14.265140533 -0.038332254 -0.009207200 0.999222636 144.983734131
0.999035716 -0.021702832 0.038166165 9.699346542 0.021378120 0.999731898 0.008895490 -14.474287033 -0.038348991 -0.008070991 0.999231815 147.229675293
0.999060154 -0.020661686 0.038103823 9.881310463 0.020392971 0.999764442 0.007427390 -14.688105583 -0.038248308 -0.006643358 0.999246180 149.463180542
0.999076724 -0.019038498 0.038513511 10.055367470 0.018800434 0.999801934 0.006534037 -14.902904510 -0.038630284 -0.005803934 0.999236643 151.705169678
0.999086559 -0.018337768 0.038595416 10.239781380 0.018098162 0.999814749 0.006548388 -15.114398003 -0.038708352 -0.005843902 0.999233425 153.928192139
0.999075830 -0.017534662 0.039245479 10.415505409 0.017265905 0.999825180 0.007176758 -15.330307007 -0.039364468 -0.006492516 0.999203801 156.183547974
0.999081969 -0.016786482 0.039411869 10.611627579 0.016461765 0.999827981 0.008549250 -15.549685478 -0.039548595 -0.007892613 0.999186516 158.396453857
0.999034941 -0.016030794 0.040895417 10.767307281 0.015653599 0.999832094 0.009527096 -15.761208534 -0.041041281 -0.008877740 0.999118030 160.655273438
0.998998940 -0.015142646 0.042092521 10.944993973 0.014685458 0.999830008 0.011149604 -15.969833374 -0.042254202 -0.010520295 0.999051452 162.892349243
0.998996139 -0.014504462 0.042383894 11.141231537 0.014087735 0.999849617 0.010114431 -16.166347504 -0.042524226 -0.009507185 0.999050140 165.125198364
0.998953819 -0.013765830 0.043609820 11.330780029 0.013385040 0.999869764 0.009011726 -16.376731873 -0.043728199 -0.008418580 0.999008000 167.363296509
0.998879313 -0.011963895 0.045794860 11.512615204 0.011552303 0.999890566 0.009241918 -16.586847305 -0.045900416 -0.008702524 0.998908162 169.593414307
0.998770535 -0.011441791 0.048234191 11.715340614 0.010977122 0.999890864 0.009887530 -16.810047150 -0.048342060 -0.009345901 0.998787045 171.851455688
0.998652816 -0.011751394 0.050542161 11.913989067 0.011271568 0.999888718 0.009768170 -17.018318176 -0.050651327 -0.009185320 0.998674273 174.110397339
0.998576939 -0.011666060 0.052038357 12.123194695 0.011139374 0.999883890 0.010399670 -17.232299805 -0.052153651 -0.009805195 0.998590887 176.360366821
0.998539448 -0.012056151 0.052667126 12.328922272 0.011472004 0.999869406 0.011379641 -17.438186646 -0.052797452 -0.010758824 0.998547256 178.582855225
0.998510778 -0.014386499 0.052623332 12.528224945 0.013829737 0.999844611 0.010929038 -17.648502350 -0.052772380 -0.010184995 0.998554647 180.820877075
0.998453856 -0.015389744 0.053413391 12.725032806 0.014832462 0.999831498 0.010814176 -17.856002808 -0.053570818 -0.010005202 0.998513937 183.069900513
0.998532116 -0.016706785 0.051521081 12.953123093 0.016172081 0.999811113 0.010777902 -18.076427460 -0.051691413 -0.009928877 0.998613775 185.291305542
0.998538792 -0.018557554 0.050753612 13.160932541 0.017982755 0.999769151 0.011758605 -18.289579391 -0.050960109 -0.010828733 0.998641968 187.529525757
0.998553514 -0.019443426 0.050128970 13.368165016 0.018910350 0.999759674 0.011086582 -18.490800858 -0.050332498 -0.010122591 0.998681188 189.775344849
0.998501182 -0.020912779 0.050576780 13.562501907 0.020362623 0.999728024 0.011368595 -18.710115433 -0.050800778 -0.010321682 0.998655379 191.981933594
0.998468637 -0.022576399 0.050503403 13.760236740 0.022056770 0.999698102 0.010822825 -18.917058945 -0.050732493 -0.009692307 0.998665273 194.216644287
0.998493075 -0.022318257 0.050133139 13.972187042 0.021795331 0.999702573 0.010953374 -19.123367310 -0.050362684 -0.009844203 0.998682439 196.456710815
0.998508871 -0.020549051 0.050574612 14.180712700 0.020003099 0.999736309 0.011277546 -19.334293365 -0.050793014 -0.010249081 0.998656631 198.702209473
0.998533487 -0.017827462 0.051117323 14.380282402 0.017291110 0.999791026 0.010915654 -19.549510956 -0.051301222 -0.010015774 0.998633027 200.965270996
0.998512328 -0.017452173 0.051658470 14.590948105 0.016958641 0.999806404 0.009976745 -19.757240295 -0.051822584 -0.009085842 0.998614967 203.227447510
0.998477876 -0.017654169 0.052251384 14.789651871 0.017112326 0.999795258 0.010799240 -19.961336136 -0.052431330 -0.009888659 0.998575568 205.455871582
0.998452842 -0.019458754 0.052089531 15.024166107 0.018931966 0.999764740 0.010587552 -20.180244446 -0.052283298 -0.009585012 0.998586297 207.727111816
0.998398721 -0.019094778 0.053248592 15.228755951 0.018531566 0.999767303 0.011050793 -20.381515503 -0.053447202 -0.010046318 0.998520195 209.973724365
0.998327792 -0.019577591 0.054390684 15.453571320 0.018942256 0.999746501 0.012172017 -20.603620529 -0.054615185 -0.011121381 0.998445511 212.234039307
0.998261154 -0.018180285 0.056071762 15.684945107 0.017527934 0.999773145 0.012104068 -20.804944992 -0.056279089 -0.011100200 0.998353302 214.473220825
0.998111844 -0.016520044 0.059158463 15.884682655 0.015825143 0.999800384 0.012195783 -21.006252289 -0.059348136 -0.011236563 0.998174071 216.707641602
0.997976243 -0.016623765 0.061376445 16.108638763 0.015878944 0.999794483 0.012603262 -21.209611893 -0.061573341 -0.011603164 0.998035073 218.947601318
0.997839034 -0.017867446 0.063230023 16.336259842 0.017066220 0.999767303 0.013189146 -21.408607483 -0.063450985 -0.012081547 0.997911811 221.170684814
0.997739375 -0.019141532 0.064418487 16.569620132 0.018280337 0.999735773 0.013931730 -21.605262756 -0.064668149 -0.012722642 0.997825682 223.400894165
0.997662067 -0.021041378 0.065020017 16.812524796 0.020227650 0.999708891 0.013148145 -21.807672501 -0.065277763 -0.011802200 0.997797310 225.620513916
0.997632504 -0.022418659 0.065015607 17.053291321 0.021623090 0.999682784 0.012914674 -22.006719589 -0.065284520 -0.011478259 0.997800648 227.865097046
0.997586250 -0.022587864 0.065663770 17.287664413 0.021780614 0.999678433 0.012983783 -22.203573227 -0.065935947 -0.011522247 0.997757256 230.100814819
0.997502029 -0.023735804 0.066529885 17.522085190 0.022976849 0.999662161 0.012149874 -22.407653809 -0.066795796 -0.010590877 0.997710466 232.342758179
0.997489154 -0.024209566 0.066552386 17.785388947 0.023369195 0.999637365 0.013376897 -22.618658066 -0.066852108 -0.011788034 0.997693241 234.640411377
0.997458756 -0.024130320 0.067035936 18.029537201 0.023271857 0.999637187 0.013557687 -22.820276260 -0.067338772 -0.011963181 0.997658432 236.882308960
0.997403026 -0.023526032 0.068071708 18.261529922 0.022666937 0.999653697 0.013365537 -23.015741348 -0.068362594 -0.011787849 0.997590840 239.085525513
0.997374535 -0.023488279 0.068500549 18.504310608 0.022605630 0.999651492 0.013632274 -23.215124130 -0.068796873 -0.012047985 0.997557938 241.305816650
0.997335613 -0.023929739 0.068913408 18.751100540 0.023026431 0.999638617 0.013872638 -23.412504196 -0.069220491 -0.012248845 0.997526109 243.544036865
0.997300625 -0.024142696 0.069343492 18.996191025 0.023285175 0.999642372 0.013148191 -23.616134644 -0.069636114 -0.011498023 0.997506142 245.765182495
0.997303367 -0.023496268 0.069526441 19.246328354 0.022693938 0.999666691 0.012307505 -23.817062378 -0.069792457 -0.010696487 0.997504115 247.997558594
0.997286677 -0.023691408 0.069700897 19.502845764 0.022845015 0.999655604 0.012915481 -24.024698257 -0.069982886 -0.011288119 0.997484326 250.231323242
0.997249484 -0.025132636 0.069727011 19.756633759 0.024291694 0.999621928 0.012882431 -24.227575302 -0.070024446 -0.011153208 0.997482836 252.455612183
0.997252405 -0.025225462 0.069650166 20.019981384 0.024337355 0.999611557 0.013570341 -24.431737900 -0.069965430 -0.011837954 0.997479200 254.720520020
0.997232497 -0.025931822 0.069676563 20.262929916 0.025026724 0.999591053 0.013831858 -24.633060455 -0.070006758 -0.012049801 0.997473717 256.941558838
0.997176826 -0.026347695 0.070315056 20.515638351 0.025388135 0.999572337 0.014505751 -24.843276978 -0.070667185 -0.012679630 0.997419357 259.205902100
0.997146904 -0.026089728 0.070833571 20.770149231 0.025165090 0.999586403 0.013914991 -25.040122986 -0.071167305 -0.012092756 0.997391224 261.447998047
0.997127533 -0.026099700 0.071101680 21.029701233 0.025194911 0.999590278 0.013592625 -25.240640640 -0.071427301 -0.011762180 0.997376442 263.700866699
0.997094095 -0.025372827 0.071829677 21.286226273 0.024481844 0.999612391 0.013257566 -25.445816040 -0.072138220 -0.011460518 0.997328818 265.935729980
0.997040093 -0.024774095 0.072782993 21.542388916 0.023861244 0.999625802 0.013385106 -25.643203735 -0.073087372 -0.011608794 0.997258008 268.180267334
0.996934712 -0.024267258 0.074379675 21.797422409 0.023373684 0.999644101 0.012860848 -25.849603653 -0.074665308 -0.011082897 0.997147024 270.445404053
0.996833026 -0.025014007 0.075486727 22.065578461 0.024084080 0.999622881 0.013204475 -26.053640366 -0.075788558 -0.011344631 0.997059405 272.693389893
0.996669948 -0.025142195 0.077567510 22.319782257 0.024146618 0.999613941 0.013746513 -26.250123978 -0.077883169 -0.011827743 0.996892333 274.943786621
0.996568620 -0.025061006 0.078886472 22.593286514 0.023988310 0.999606788 0.014516523 -26.436985016 -0.079219252 -0.012574357 0.996777892 277.185729980
0.996510804 -0.023956362 0.079951383 22.881750107 0.022714632 0.999607384 0.016404746 -26.655197144 -0.080312982 -0.014531442 0.996663749 279.455383301
0.996408522 -0.023801876 0.081261821 23.158557892 0.022418268 0.999588490 0.017896798 -26.858118057 -0.081654370 -0.016010772 0.996532083 281.690246582
0.996338308 -0.022893529 0.082376689 23.429733276 0.021544190 0.999619484 0.017231960 -27.037851334 -0.082739852 -0.015394122 0.996452272 283.930786133
0.996256769 -0.021878928 0.083629683 23.695363998 0.020561026 0.999650955 0.016587803 -27.226417542 -0.083963424 -0.014806194 0.996358871 286.154785156
0.996217668 -0.021628076 0.084158421 23.976066589 0.020384826 0.999670446 0.015604201 -27.414073944 -0.084468186 -0.013829625 0.996330202 288.403747559
0.996167481 -0.022395194 0.084550977 24.249917984 0.021128479 0.999651134 0.015847038 -27.613897324 -0.084876366 -0.013999871 0.996293128 290.629791260
0.996114135 -0.022401532 0.085174344 24.510345459 0.021174036 0.999658883 0.015287892 -27.809421539 -0.085487753 -0.013425002 0.996248782 292.891265869
0.996119618 -0.022998746 0.084951252 24.792877197 0.021843646 0.999656141 0.014501879 -28.003482819 -0.085255571 -0.012589962 0.996279597 295.123260498
0.996110916 -0.022960791 0.085063517 25.071498871 0.021808602 0.999657691 0.014449726 -28.200248718 -0.085366175 -0.012538415 0.996270716 297.352935791
0.996116579 -0.022275822 0.085179389 25.351385117 0.021110445 0.999671161 0.014557878 -28.393695831 -0.085475676 -0.012703170 0.996259272 299.591552734
0.996054113 -0.022003181 0.085976608 25.611600876 0.020726342 0.999661624 0.015715634 -28.596452713 -0.086293302 -0.013871641 0.996173203 301.812194824
0.996058285 -0.022277532 0.085857153 25.898975372 0.020997385 0.999654889 0.015784625 -28.789932251 -0.086179160 -0.013919630 0.996182382 304.054473877
0.996028066 -0.021734178 0.086346671 26.184858322 0.020435320 0.999664783 0.015898012 -28.982164383 -0.086663254 -0.014070345 0.996138275 306.294799805
0.996020675 -0.022151556 0.086325012 26.471937180 0.020867307 0.999658167 0.015751086 -29.183233261 -0.086644426 -0.013887039 0.996142447 308.535430908
0.995971501 -0.023605304 0.086507678 26.764596939 0.022279177 0.999619484 0.016263278 -29.378408432 -0.086858660 -0.014270442 0.996118426 310.795623779
0.995931447 -0.023298590 0.087049901 27.048282623 0.022012470 0.999634266 0.015705425 -29.576053619 -0.087383986 -0.013725344 0.996080160 313.030273438
0.995966554 -0.022807304 0.086777218 27.345306396 0.021471219 0.999636590 0.016299129 -29.773204803 -0.087117411 -0.014370176 0.996094406 315.284667969
0.995919883 -0.021449158 0.087655500 27.635322571 0.020172592 0.999677539 0.015423499 -29.969192505 -0.087958053 -0.013592331 0.996031463 317.529663086
0.995930374 -0.019264868 0.088044330 27.918565750 0.017935799 0.999713302 0.015861755 -30.164615631 -0.088324666 -0.014218058 0.995990217 319.767791748
0.995866776 -0.017750969 0.089074269 28.199480057 0.016462781 0.999749303 0.015175902 -30.360706329 -0.089321308 -0.013646767 0.995909393 322.001190186
0.995819688 -0.017399872 0.089667253 28.482013702 0.016043875 0.999746084 0.015821189 -30.556043625 -0.089919768 -0.014316442 0.995846093 324.238952637
0.995845079 -0.016790804 0.089501902 28.778541565 0.015304493 0.999733746 0.017267009 -30.760461807 -0.089768007 -0.015825488 0.995836973 326.463287354
0.995785713 -0.017339228 0.090056263 29.056776047 0.015872013 0.999729753 0.016982893 -30.956283569 -0.090326391 -0.015481952 0.995791852 328.701232910
0.995753646 -0.018692059 0.090140253 29.351331711 0.017312791 0.999721169 0.016059080 -31.146604538 -0.090415291 -0.014430308 0.995799601 330.929412842
0.995772660 -0.017987221 0.090073571 29.637712479 0.016620755 0.999735475 0.015897823 -31.343139648 -0.090335697 -0.014333528 0.995808244 333.147064209
0.995737076 -0.017983029 0.090466909 29.922647476 0.016485285 0.999714851 0.017275823 -31.538888931 -0.090751804 -0.015710805 0.995749593 335.381317139
0.995753586 -0.018402291 0.090200163 30.221675873 0.016930556 0.999711215 0.017054420 -31.727819443 -0.090487950 -0.015454861 0.995777607 337.615325928
0.995733976 -0.018134225 0.090472303 30.502754211 0.016619867 0.999709308 0.017463798 -31.926628113 -0.090762705 -0.015885655 0.995745838 339.850708008
0.995754838 -0.018315034 0.090204455 30.800506592 0.016835453 0.999711394 0.017136242 -32.120754242 -0.090492263 -0.015544863 0.995775759 342.099456787
0.995751977 -0.018320462 0.090235263 31.088701248 0.016797356 0.999703825 0.017609954 -32.312267303 -0.090531155 -0.016019430 0.995764732 344.346557617
0.995781183 -0.017847672 0.090007477 31.377504349 0.016303957 0.999707580 0.017857222 -32.505241394 -0.090299867 -0.016314408 0.995781004 346.585327148
0.995796025 -0.017757351 0.089860961 31.663303375 0.016237993 0.999713063 0.017610876 -32.691925049 -0.090147898 -0.016077679 0.995798588 348.824096680
0.995776236 -0.017257804 0.090176553 31.946670532 0.015682481 0.999712229 0.018148817 -32.887241364 -0.090463825 -0.016657969 0.995760381 351.064117432
0.995800316 -0.017553026 0.089853153 32.230369568 0.015960831 0.999703169 0.018407974 -33.074935913 -0.090149589 -0.016896540 0.995784879 353.290802002
0.995812833 -0.017383995 0.089746729 32.515285492 0.015835410 0.999713600 0.017938379 -33.267177582 -0.090032876 -0.016442090 0.995803058 355.527862549
0.995848119 -0.017208407 0.089390643 32.804145813 0.015623854 0.999708712 0.018395772 -33.458358765 -0.089681186 -0.016922766 0.995826721 357.759826660
0.995890617 -0.016382581 0.089071155 33.096305847 0.014708753 0.999703288 0.019416103 -33.655303955 -0.089362830 -0.018026186 0.995836139 360.006134033
0.995929301 -0.016517019 0.088611208 33.390995026 0.014834058 0.999697506 0.019617710 -33.849418640 -0.088908419 -0.018223392 0.995873034 362.253784180
0.995975792 -0.016363550 0.088115670 33.686058044 0.014656354 0.999692917 0.019986758 -34.037612915 -0.088415653 -0.018614875 0.995909691 364.496887207
0.996009827 -0.016106524 0.087778419 33.974552155 0.014457300 0.999707341 0.019392002 -34.228195190 -0.088065073 -0.018045584 0.995951235 366.751159668
0.996013224 -0.016602088 0.087646626 34.258628845 0.014956257 0.999699891 0.019401463 -34.421318054 -0.087942421 -0.018013252 0.995962679 369.000427246
0.996026933 -0.016524484 0.087506540 34.543201447 0.014966717 0.999718070 0.018428059 -34.602687836 -0.087786391 -0.017045153 0.995993495 371.259643555
0.996063411 -0.016558720 0.087083362 34.825084686 0.014978245 0.999711752 0.018771175 -34.803459167 -0.087369084 -0.017392924 0.996024072 373.494598389
0.996172071 -0.016467134 0.085848831 35.123748779 0.014852232 0.999701202 0.019415898 -34.990566254 -0.086142905 -0.018066529 0.996118963 375.738098145
0.996033907 -0.015849046 0.087551542 35.389533997 0.014171891 0.999704599 0.019744731 -35.180206299 -0.087838612 -0.018425647 0.995964289 378.011169434
0.996021211 -0.016412830 0.087592013 35.675209045 0.014711782 0.999691129 0.020030543 -35.371955872 -0.087893732 -0.018662211 0.995955050 380.253906250
0.996035755 -0.016199963 0.087465674 35.967006683 0.014500267 0.999694169 0.020033298 -35.554347992 -0.087763458 -0.018685604 0.995966196 382.510253906
0.996040940 -0.015186254 0.087589175 36.257617950 0.013453299 0.999702573 0.020341562 -35.744625092 -0.087872036 -0.019082665 0.995948970 384.768676758
0.996034801 -0.013808546 0.087886490 36.541282654 0.012066338 0.999720633 0.020323889 -35.925304413 -0.088142589 -0.019182831 0.995923281 387.025329590
0.996065795 -0.012783914 0.087689966 36.839649200 0.011051167 0.999734521 0.020217035 -36.119812012 -0.087925144 -0.019168420 0.995942652 389.298583984
0.996050477 -0.011174347 0.088082127 37.124607086 0.009426697 0.999750853 0.020232202 -36.311447144 -0.088286258 -0.019321974 0.995907724 391.579833984
0.996070385 -0.009706064 0.088031918 37.413143158 0.007840715 0.999737859 0.021510558 -36.496711731 -0.088217631 -0.020735798 0.995885313 393.843475342
0.995995462 -0.008466383 0.089001186 37.691104889 0.006530609 0.999736190 0.022018727 -36.684314728 -0.089164115 -0.021349324 0.995788097 396.106506348
0.995937586 -0.008222938 0.089669593 37.979465485 0.006411991 0.999769986 0.020465171 -36.877037048 -0.089817256 -0.019807067 0.995761216 398.370666504
0.995834529 -0.007626013 0.090859950 38.259239197 0.005842971 0.999785423 0.019873951 -37.064289093 -0.090992019 -0.019260274 0.995665312 400.627136230
0.995800555 -0.009372293 0.091067679 38.549373627 0.007492820 0.999752283 0.020958237 -37.253498077 -0.091241553 -0.020187875 0.995624125 402.899841309
0.995750427 -0.010812160 0.091455482 38.841880798 0.008830169 0.999717891 0.022048594 -37.440116882 -0.091668084 -0.021147333 0.995564997 405.151336670
0.995723128 -0.011797029 0.091631301 39.132572174 0.009814635 0.999708593 0.022055039 -37.625591278 -0.091864780 -0.021061385 0.995548725 407.399749756
0.995684862 -0.011528254 0.092079841 39.435043335 0.009673725 0.999741793 0.020561440 -37.805522919 -0.092293099 -0.019581959 0.995539248 409.666748047
0.995596290 -0.009013929 0.093310349 39.737339020 0.007054681 0.999748111 0.021305745 -38.000389099 -0.093478888 -0.020553645 0.995409071 411.903198242
0.995540977 -0.008011433 0.093989030 40.031368256 0.006053237 0.999759018 0.021100948 -38.187541962 -0.094135441 -0.020437920 0.995349586 414.144653320
0.995439112 -0.006650277 0.095166855 40.332931519 0.004646002 0.999763072 0.021266742 -38.371692657 -0.095285751 -0.020727603 0.995234132 416.418487549
0.995398402 -0.006425634 0.095607340 40.642314911 0.004435042 0.999769270 0.021018459 -38.558147430 -0.095720336 -0.020497717 0.995197177 418.670989990
0.995298147 -0.006396619 0.096647009 40.940177917 0.004385228 0.999769628 0.021009808 -38.741775513 -0.096759155 -0.020487202 0.995096922 420.922515869
0.995214164 -0.006673667 0.097489879 41.239429474 0.004663157 0.999772012 0.020836076 -38.932861328 -0.097606689 -0.020281741 0.995018363 423.178100586
0.995141268 -0.006913403 0.098214217 41.548294067 0.004776180 0.999747038 0.021979297 -39.118789673 -0.098341338 -0.021403417 0.994922519 425.447845459
0.995109797 -0.006048490 0.098589130 41.856987000 0.003845909 0.999739110 0.022515777 -39.300167084 -0.098699555 -0.022026507 0.994873464 427.701080322
0.995030344 -0.005513141 0.099419594 42.169975281 0.003212722 0.999723732 0.023283765 -39.483516693 -0.099520512 -0.022848643 0.994773149 429.982086182
0.995021164 -0.005856202 0.099491723 42.478736877 0.003532644 0.999717236 0.023514420 -39.675640106 -0.099601313 -0.023045879 0.994760513 432.253448486
0.994984567 -0.006465452 0.099819332 42.794502258 0.004180979 0.999724925 0.023078311 -39.867710114 -0.099941112 -0.022545220 0.994737923 434.522033691
0.994951785 -0.005383200 0.100209542 43.109897614 0.003090676 0.999730289 0.023018511 -40.036533356 -0.100306436 -0.022592593 0.994700074 436.790435791
0.994895935 -0.005834569 0.100737058 43.423355103 0.003493039 0.999719977 0.023404738 -40.221794128 -0.100845411 -0.022933401 0.994637728 439.074249268
0.994911969 -0.005930957 0.100573018 43.747455597 0.003545149 0.999708414 0.023884296 -40.405624390 -0.100685365 -0.023406226 0.994642913 441.344787598
0.994919777 -0.004785981 0.100557245 44.079063416 0.002331049 0.999696732 0.024516614 -40.595245361 -0.100644067 -0.024157660 0.994629145 443.609375000
0.994874477 -0.005481348 0.100969039 44.397624969 0.002999002 0.999689996 0.024720633 -40.776187897 -0.101073213 -0.024291124 0.994582415 445.888061523
0.994879603 -0.005530725 0.100914933 44.715637207 0.003081735 0.999697268 0.024407642 -40.960533142 -0.101019375 -0.023971675 0.994595647 448.153289795
0.994882286 -0.004860154 0.100923181 45.034545898 0.002447416 0.999708533 0.024016742 -41.142879486 -0.101010501 -0.023646835 0.994604290 450.414459229
0.994806886 -0.004284110 0.101690307 45.345550537 0.001867277 0.999713778 0.023849910 -41.331787109 -0.101763368 -0.023536172 0.994530201 452.673706055
0.994720519 -0.003745669 0.102552459 45.659564972 0.001307721 0.999715209 0.023829609 -41.503921509 -0.102612503 -0.023569692 0.994442105 454.954437256
0.994692683 -0.004301772 0.102801658 45.972301483 0.001859778 0.999714017 0.023838485 -41.696460724 -0.102874823 -0.023520771 0.994416118 457.218627930
0.994704723 -0.003351223 0.102720648 46.306030273 0.000967355 0.999729216 0.023248326 -41.882770538 -0.102770746 -0.023025855 0.994438529 459.511322021
0.994696081 -0.002505541 0.102826737 46.629920959 0.000074642 0.999720573 0.023637764 -42.065399170 -0.102857225 -0.023504717 0.994418383 461.797088623
0.994695187 -0.002027189 0.102846518 46.949691772 -0.000540329 0.999689043 0.024930563 -42.246280670 -0.102865070 -0.024853880 0.994384706 464.070800781
0.994760454 -0.002158454 0.102211408 47.267467499 -0.000420172 0.999682367 0.025200114 -42.422664642 -0.102233335 -0.025111021 0.994443476 466.336547852
0.994898558 -0.002441066 0.100850880 47.600414276 0.000020366 0.999711990 0.023996828 -42.601753235 -0.100880414 -0.023872357 0.994612098 468.617523193
0.994987786 -0.002352785 0.099969007 47.930675507 -0.000028790 0.999716401 0.023815008 -42.791431427 -0.099996686 -0.023698524 0.994705498 470.908172607
0.995054245 -0.002876294 0.099291660 48.248001099 0.000369783 0.999680996 0.025253091 -42.983737946 -0.099332623 -0.025091479 0.994737864 473.185974121
0.995013058 -0.003033935 0.099698707 48.550827026 0.000480948 0.999671519 0.025621094 -43.165203094 -0.099743679 -0.025445370 0.994687796 475.466339111
0.995099306 -0.002839416 0.098840035 48.862159729 0.000352231 0.999683022 0.025172109 -43.334667206 -0.098880179 -0.025013931 0.994784892 477.753021240
0.995122552 -0.003210329 0.098595411 49.177078247 0.000661974 0.999665141 0.025868427 -43.514575958 -0.098645456 -0.025676988 0.994791329 480.032257080
0.995144665 -0.004016014 0.098340414 49.493724823 0.001426598 0.999650776 0.026387317 -43.694278717 -0.098412029 -0.026118910 0.994802952 482.308624268
0.995178223 -0.004556137 0.097976111 49.802322388 0.002039770 0.999665856 0.025768312 -43.871582031 -0.098060772 -0.025444221 0.994855106 484.582183838
0.995298803 -0.004957111 0.096725874 50.123134613 0.002401698 0.999645472 0.026517684 -44.058147430 -0.096823022 -0.026160710 0.994957805 486.866302490
0.995277047 -0.005354697 0.096927278 50.413333893 0.002816291 0.999649882 0.026306668 -44.229591370 -0.097034194 -0.025909442 0.994943738 489.145935059
0.995304108 -0.005196595 0.096658014 50.725715637 0.002613999 0.999636650 0.026826367 -44.403297424 -0.096762300 -0.026447730 0.994956076 491.449951172
0.995365858 -0.004613850 0.096049622 51.039642334 0.002009107 0.999628067 0.027197784 -44.577457428 -0.096139386 -0.026878774 0.995004833 493.734954834
0.995358348 -0.004184984 0.096146151 51.335964203 0.001624555 0.999642372 0.026693450 -44.749786377 -0.096223466 -0.026413357 0.995009243 496.030731201
0.995399654 -0.004053240 0.095723562 51.656246185 0.001518219 0.999646544 0.026540730 -44.937355042 -0.095797293 -0.026273305 0.995054007 498.340454102
0.995431542 -0.003873947 0.095399521 51.959762573 0.001283278 0.999629140 0.027202390 -45.112258911 -0.095469527 -0.026955690 0.995067239 500.633087158
0.995444775 -0.003458682 0.095276445 52.262229919 0.000838989 0.999620795 0.027522059 -45.292366028 -0.095335513 -0.027316755 0.995070338 502.914215088
0.995460451 -0.002468423 0.095144130 52.567348480 -0.000073931 0.999643385 0.026708284 -45.469291687 -0.095176138 -0.026594074 0.995105147 505.200378418
0.995472550 -0.002188415 0.095024355 52.869651794 -0.000426649 0.999621987 0.027490899 -45.648666382 -0.095048591 -0.027406977 0.995095313 507.488952637
0.995483994 -0.002818311 0.094886862 53.178119659 0.000266726 0.999638200 0.026892770 -45.830486298 -0.094928309 -0.026746014 0.995124757 509.786834717
0.995532691 -0.003629192 0.094347574 53.495178223 0.001022800 0.999616861 0.027659111 -46.012435913 -0.094411828 -0.027439052 0.995154977 512.089416504
0.995527625 -0.003421052 0.094408996 53.799495697 0.000794565 0.999611974 0.027843887 -46.184291840 -0.094467618 -0.027644346 0.995144069 514.397766113
0.995553434 -0.003040740 0.094148695 54.107036591 0.000435154 0.999616742 0.027683383 -46.360885620 -0.094196774 -0.027519323 0.995173156 516.702819824
0.995527565 -0.002182131 0.094445057 54.400768280 -0.000418405 0.999621451 0.027506363 -46.538951874 -0.094469339 -0.027422860 0.995149970 518.993347168
0.995462716 -0.000414837 0.095150575 54.702526093 -0.002245776 0.999609470 0.027853338 -46.723110199 -0.095124975 -0.027940650 0.995073140 521.348266602
0.995244861 0.001556544 0.097391829 54.989654541 -0.004290511 0.999602258 0.027868707 -46.893104553 -0.097309716 -0.028154047 0.994855821 523.668518066
0.995338976 0.002616524 0.096402459 55.322967529 -0.005452025 0.999559760 0.029161518 -47.071495056 -0.096283719 -0.029551182 0.994915187 526.010314941
0.995259702 0.002060711 0.097231239 55.626598358 -0.004909575 0.999565303 0.029069746 -47.244277954 -0.097129069 -0.029409310 0.994837165 528.319091797
0.995201647 0.000272642 0.097844720 55.933105469 -0.003264141 0.999532044 0.030415177 -47.414272308 -0.097790644 -0.030588616 0.994736731 530.636840820
0.995157957 -0.001306432 0.098279797 56.253688812 -0.001668729 0.999542952 0.030184066 -47.584869385 -0.098274313 -0.030201916 0.994700968 532.962768555
0.995118260 -0.001245039 0.098681405 56.568595886 -0.001674695 0.999563396 0.029499121 -47.753112793 -0.098675050 -0.029520379 0.994681716 535.275146484
0.995047271 -0.001782200 0.099388361 56.885753632 -0.001154744 0.999564588 0.029484831 -47.929393768 -0.099397644 -0.029453561 0.994611800 537.592285156
0.994963586 -0.001120734 0.100229897 57.200153351 -0.001789081 0.999579608 0.028936809 -48.105602264 -0.100220196 -0.028970392 0.994543374 539.914550781
0.994873941 -0.000451619 0.101121888 57.514694214 -0.002439647 0.999591708 0.028466394 -48.278160095 -0.101093456 -0.028567174 0.994466662 542.235290527
0.994787633 -0.000029520 0.101968288 57.843017578 -0.002781233 0.999620080 0.027422696 -48.450786591 -0.101930358 -0.027563358 0.994409621 544.563293457
0.994704962 -0.000165369 0.102771498 58.155704498 -0.002744350 0.999599338 0.028170465 -48.633155823 -0.102734983 -0.028303346 0.994306028 546.882385254
0.994641066 -0.000120023 0.103388108 58.479755402 -0.002866646 0.999582767 0.028738862 -48.804939270 -0.103348427 -0.028881224 0.994225800 549.200866699
0.994579494 0.000261761 0.103978544 58.797851562 -0.003242482 0.999588549 0.028498691 -48.974601746 -0.103928305 -0.028681362 0.994171143 551.505981445
0.994642973 -0.001882671 0.103352167 59.135402679 -0.001051738 0.999598086 0.028330488 -49.161350250 -0.103363983 -0.028287422 0.994241297 553.803405762
0.994665504 -0.002225750 0.103129029 59.470527649 -0.000760067 0.999581933 0.028903903 -49.336639404 -0.103150234 -0.028828103 0.994247913 556.118225098
0.994605362 -0.002035766 0.103711374 59.790992737 -0.000991550 0.999575138 0.029129902 -49.505691528 -0.103726596 -0.029075595 0.994180799 558.418518066
0.994570017 -0.001673272 0.104056425 60.120841980 -0.001486321 0.999540389 0.030279284 -49.679527283 -0.104059272 -0.030269532 0.994110286 560.750549316
0.994597852 -0.002641900 0.103768945 60.461097717 -0.000566750 0.999522984 0.030879460 -49.851310730 -0.103801019 -0.030771459 0.994121969 563.076782227
0.994561791 -0.002132767 0.104126595 60.791416168 -0.001166305 0.999499500 0.031612128 -50.017898560 -0.104141928 -0.031561650 0.994061470 565.395263672
0.994502366 -0.001027047 0.104709007 61.127376556 -0.002244142 0.999513209 0.031118166 -50.192054749 -0.104689978 -0.031182071 0.994015932 567.720031738
0.994499207 -0.000133631 0.104743719 61.471542358 -0.002982491 0.999557614 0.029592775 -50.356719971 -0.104701325 -0.029742388 0.994058847 570.045837402
0.994486213 0.000161361 0.104867831 61.818019867 -0.003307880 0.999549448 0.029831380 -50.529769897 -0.104815774 -0.030013781 0.994038522 572.367980957
0.994488537 0.000119841 0.104844995 62.154468536 -0.003402684 0.999509454 0.031133087 -50.713737488 -0.104789838 -0.031318255 0.994001150 574.722412109
0.994484723 0.000059742 0.104882188 62.499160767 -0.003491765 0.999464333 0.032539342 -50.888908386 -0.104824059 -0.032726102 0.993952155 577.032531738
0.994407475 0.000731479 0.105608620 62.820861816 -0.003987991 0.999522924 0.030627783 -51.051685333 -0.105535820 -0.030877667 0.993935943 579.408081055
0.994419456 0.000186147 0.105498336 63.159751892 -0.003436563 0.999524951 0.030629177 -51.218750000 -0.105442509 -0.030820802 0.993947685 581.747009277
0.994390786 -0.001111652 0.105762340 63.495697021 -0.002291486 0.999483764 0.032050267 -51.395248413 -0.105743356 -0.032112844 0.993874907 584.050231934
0.994456530 -0.000818116 0.105145179 63.837104797 -0.002589148 0.999476016 0.032264754 -51.563400269 -0.105116479 -0.032358129 0.993933320 586.368469238
0.994469464 -0.003909452 0.104952998 64.195457458 0.000657180 0.999519050 0.031004606 -51.737113953 -0.105023719 -0.030764163 0.993993759 588.730590820
0.994511545 -0.004129707 0.104544640 64.535179138 0.000894836 0.999519885 0.030970503 -51.901603699 -0.104622319 -0.030706970 0.994037986 591.069030762
0.994510651 -0.005672415 0.104481317 64.867225647 0.002408767 0.999505997 0.031336401 -52.069770813 -0.104607441 -0.030912714 0.994033039 593.401855469
0.994560540 -0.006289965 0.103969991 65.214393616 0.003033035 0.999500573 0.031454146 -52.238288879 -0.104115911 -0.030967709 0.994082928 595.757202148
