1.000000000 0.000000000 0.000000000 0.000000000 0.000000000 1.000000000 0.000000000 0.000000000 0.000000000 0.000000000 1.000000000 0.000000000
0.999999881 0.000125684 0.000433686 0.086433508 -0.000125604 1.000000000 -0.000185130 -0.225212410 -0.000433710 0.000185076 0.999999881 2.287995815
0.999999344 0.000499909 0.001157970 0.165242717 -0.000500299 0.999999821 0.000337224 -0.462242395 -0.001157801 -0.000337803 0.999999285 4.584368229
0.999998629 0.000102578 0.001657342 0.262710005 -0.000103552 0.999999821 0.000587218 -0.694712102 -0.001657281 -0.000587389 0.999998450 6.874856949
0.999996185 0.000086353 0.002737189 0.353357345 -0.000083243 0.999999464 -0.001136506 -0.926325500 -0.002737285 0.001136274 0.999995589 9.168605804
0.999987304 0.001850199 0.004694378 0.446250498 -0.001851108 0.999998271 0.000189273 -1.161572576 -0.004694019 -0.000197960 0.999988854 11.471577644
0.999963760 0.003791542 0.007620993 0.528845072 -0.003800862 0.999992073 0.001208810 -1.389478683 -0.007616348 -0.001237733 0.999970257 13.784498215
0.999946713 0.003555971 0.009694779 0.641255498 -0.003590696 0.999987185 0.003566705 -1.616443038 -0.009681972 -0.003601326 0.999946654 16.057184219
0.999936044 0.003296402 0.010817747 0.748409331 -0.003345348 0.999984264 0.004509686 -1.843430042 -0.010802710 -0.004545587 0.999931335 18.399106979
0.999923706 0.002406283 0.012112767 0.862694025 -0.002464089 0.999985695 0.004759687 -2.071835756 -0.012101142 -0.004789172 0.999915302 20.684686661
0.999926269 -0.000239819 0.012133841 0.992791772 0.000214066 0.999997854 0.002123661 -2.297647476 -0.012134323 -0.002120908 0.999924123 23.019147873
0.999912500 -0.002481143 0.012986910 1.101062179 0.002477929 0.999996841 0.000263581 -2.521608353 -0.012987524 -0.000231377 0.999915659 25.300519943
0.999908566 -0.003882193 0.012952300 1.237525463 0.003891945 0.999992132 -0.000727842 -2.768214703 -0.012949371 0.000778185 0.999915838 27.626005173
0.999888361 -0.003541950 0.014516247 1.335785508 0.003572200 0.999991477 -0.002058484 -2.992588520 -0.014508831 0.002110109 0.999892533 29.912023544
0.999891698 -0.001747830 0.014611313 1.467226148 0.001741860 0.999998391 0.000421324 -3.226891041 -0.014612030 -0.000395828 0.999893188 32.192714691
0.999893427 0.000352223 0.014595974 1.598761678 -0.000391044 0.999996305 0.002656958 -3.450422049 -0.014594986 -0.002662382 0.999889910 34.471618652
0.999850392 0.003020407 0.017025350 1.701594949 -0.003137947 0.999971390 0.006881333 -3.686269522 -0.017004076 -0.006933729 0.999831378 36.778339386
0.999837041 0.004858869 0.017382020 1.826145649 -0.004968007 0.999968231 0.006241178 -3.905511379 -0.017351143 -0.006326516 0.999829412 39.050697327
0.999801457 0.004124164 0.019492405 1.934118986 -0.004215996 0.999980152 0.004672479 -4.112821102 -0.019472746 -0.004753731 0.999799073 41.340686798
0.999807000 0.001706876 0.019572768 2.061254501 -0.001771586 0.999993026 0.003289220 -4.338250637 -0.019567018 -0.003323260 0.999803007 43.618713379
0.999811947 0.001446746 0.019338436 2.205729723 -0.001499991 0.999995112 0.002739128 -4.569091320 -0.019334378 -0.002767621 0.999809265 45.863899231
0.999808192 0.000841462 0.019566378 2.333432436 -0.000876127 0.999998033 0.001763136 -4.801050186 -0.019564856 -0.001779940 0.999807000 48.141010284
0.999810517 -0.000815463 0.019447802 2.473165989 0.000771949 0.999997318 0.002244896 -5.033314228 -0.019449575 -0.002229458 0.999808371 50.419677734
0.999787927 -0.001166343 0.020560183 2.602345943 0.001114729 0.999996126 0.002521672 -5.257860184 -0.020563044 -0.002498218 0.999785542 52.683525085
0.999779820 -0.002480596 0.020835342 2.738819122 0.002426177 0.999993563 0.002636701 -5.491081238 -0.020841748 -0.002585571 0.999779403 54.963863373
0.999751091 -0.002398197 0.022177318 2.869880676 0.002328853 0.999992251 0.003152070 -5.728045940 -0.022184705 -0.003099638 0.999749064 57.253200531
0.999727666 -0.003711637 0.023038568 3.008110046 0.003626677 0.999986410 0.003728430 -5.955105782 -0.023052095 -0.003643861 0.999727607 59.521396637
0.999686122 -0.005182794 0.024507886 3.138189316 0.005105542 0.999981761 0.003213716 -6.181932449 -0.024524098 -0.003087582 0.999694467 61.786716461
0.999666750 -0.005885586 0.025133515 3.288646221 0.005808680 0.999978185 0.003131827 -6.408899784 -0.025151400 -0.002984791 0.999679208 64.038841248
0.999636769 -0.005351103 0.026411178 3.430047035 0.005255722 0.999979436 0.003679515 -6.633111954 -0.026430326 -0.003539370 0.999644399 66.306449890
0.999615133 -0.004407159 0.027388720 3.580245495 0.004296742 0.999982357 0.004089055 -6.862748623 -0.027406259 -0.003969798 0.999616504 68.568664551
0.999577284 -0.004656810 0.028697178 3.720413685 0.004551149 0.999982655 0.003746182 -7.089056015 -0.028714126 -0.003613993 0.999581158 70.823760986
0.999561548 -0.005264475 0.029136445 3.881315231 0.005190962 0.999983132 0.002598112 -7.317419052 -0.029149629 -0.002445727 0.999572039 73.078872681
0.999548376 -0.006284120 0.029386658 4.043827057 0.006198410 0.999976218 0.003006813 -7.546512604 -0.029404854 -0.002823305 0.999563515 75.358253479
0.999500871 -0.007469324 0.030698841 4.203839302 0.007395660 0.999969423 0.002512472 -7.779302597 -0.030716673 -0.002284179 0.999525547 77.623664856
0.999498725 -0.008448231 0.030511457 4.362673283 0.008380918 0.999962091 0.002333417 -8.013023376 -0.030530022 -0.002076533 0.999531627 79.878463745
0.999467015 -0.008894424 0.031412117 4.512536049 0.008840150 0.999959111 0.001866302 -8.230697632 -0.031427436 -0.001587619 0.999504745 82.133811951
0.999448538 -0.008233949 0.032166570 4.684332848 0.008176154 0.999964714 0.001927864 -8.464957237 -0.032181296 -0.001663802 0.999480665 84.418510437
0.999396026 -0.007990024 0.033820748 4.843606949 0.007915270 0.999965906 0.002343635 -8.685067177 -0.033838321 -0.002074519 0.999425113 86.672492981
0.999392688 -0.007845379 0.033951130 5.011884689 0.007720127 0.999962866 0.003818749 -8.922596931 -0.033979833 -0.003554323 0.999416173 88.960395813
0.999364197 -0.006914586 0.034976494 5.173245430 0.006757151 0.999966502 0.004617366 -9.153215408 -0.035007257 -0.004378088 0.999377489 91.216682434
0.999333918 -0.006834864 0.035844937 5.341429234 0.006681800 0.999968052 0.004388218 -9.374631882 -0.035873774 -0.004145786 0.999347866 93.473190308
0.999313891 -0.006999186 0.036370303 5.511824608 0.006865038 0.999969184 0.003811970 -9.593266487 -0.036395870 -0.003559671 0.999331117 95.732154846
0.999282658 -0.007446596 0.037130389 5.681598663 0.007295852 0.999964595 0.004193731 -9.817066193 -0.037160303 -0.003919824 0.999301612 97.989204407
0.999248564 -0.007101069 0.038107459 5.845053673 0.006959993 0.999968410 0.003833423 -10.051746368 -0.038133480 -0.003565314 0.999266267 100.232948303
0.999196529 -0.007175745 0.039433133 6.006033421 0.006987562 0.999963462 0.004907953 -10.269113541 -0.039466914 -0.004628467 0.999210179 102.463180542
0.999177575 -0.007576655 0.039836746 6.202309608 0.007396301 0.999961734 0.004672752 -10.497926712 -0.039870635 -0.004374265 0.999195218 104.745559692
0.999141753 -0.008260013 0.040588021 6.380709648 0.008043122 0.999952495 0.005504095 -10.717269897 -0.040631548 -0.005172918 0.999160826 106.980766296
0.999110878 -0.009552905 0.041063473 6.564218521 0.009326318 0.999940217 0.005706021 -10.934842110 -0.041115530 -0.005317975 0.999140263 109.231719971
0.999069393 -0.010682886 0.041788027 6.747989655 0.010413838 0.999923646 0.006650858 -11.162504196 -0.041855887 -0.006209496 0.999104381 111.487884521
0.999040604 -0.011346599 0.042297300 6.939049244 0.011136867 0.999924481 0.005190849 -11.383422852 -0.042353004 -0.004714810 0.999091566 113.756278992
0.998992145 -0.011501275 0.043386251 7.122120857 0.011317563 0.999925911 0.004477592 -11.606186867 -0.043434534 -0.003982053 0.999048352 116.009086609
0.998960137 -0.011845117 0.044029668 7.305567741 0.011641941 0.999920368 0.004868119 -11.833124161 -0.044083819 -0.004350464 0.999018371 118.254325867
0.998897970 -0.012047196 0.045362201 7.494222641 0.011789984 0.999912918 0.005933481 -12.061398506 -0.045429729 -0.005392122 0.998952985 120.522102356
0.998889863 -0.012849917 0.045321576 7.704053879 0.012562064 0.999899089 0.006630504 -12.286637306 -0.045402203 -0.006053810 0.998950481 122.728927612
0.998825490 -0.013469548 0.046542685 7.904259205 0.013211427 0.999895632 0.005849035 -12.510314941 -0.046616603 -0.005227270 0.998899162 125.036216736
0.998793423 -0.013555350 0.047200594 8.089601517 0.013318575 0.999897122 0.005327257 -12.738381386 -0.047267944 -0.004692186 0.998871148 127.299224854
0.998771071 -0.015387408 0.047112137 8.282441139 0.015141505 0.999869764 0.005571965 -12.955023766 -0.047191750 -0.004851769 0.998874068 129.561691284
0.998791695 -0.016483750 0.046296604 8.472524643 0.016230516 0.999851167 0.005840493 -13.171242714 -0.046385989 -0.005082019 0.998910606 131.811904907
0.998852849 -0.016764859 0.044856813 8.672436714 0.016467975 0.999840021 0.006979842 -13.388034821 -0.044966653 -0.006233133 0.998969018 134.050018311
0.998903453 -0.017741214 0.043325126 8.858407021 0.017466296 0.999824822 0.006715782 -13.609946251 -0.043436684 -0.005951688 0.999038458 136.304016113
0.998978138 -0.018639153 0.041172571 9.069685936 0.018397292 0.999811172 0.006245516 -13.825717926 -0.041281212 -0.005481670 0.999132574 138.534042358
0.998966277 -0.019290878 0.041160919 9.239406586 0.019033775 0.999796867 0.006629101 -14.054146767 -0.041280448 -0.005838803 0.999130487 140.818130493
0.998963714 -0.019608673 0.041072328 9.415520668 0.019346170 0.999789834 0.006779029 -14.263221741 -0.041196622 -0.005977412 0.999133229 143.050125122
0.999006867 -0.019905103 0.039863776 9.611179352 0.019591652 0.999774098 0.008238357 -14.497260094 -0.040018748 -0.007449177 0.999171138 145.315765381
0.999023795 -0.018956721 0.039901216 9.789766312 0.018690664 0.999800622 0.007030432 -14.710113525 -0.040026527 -0.006277788 0.999178886 147.571960449
0.999042571 -0.017782006 0.039971612 9.971967697 0.017575247 0.999830246 0.005518192 -14.927115440 -0.040062953 -0.004810397 0.999185562 149.822128296
0.999052584 -0.016495790 0.040271167 10.150376320 0.016324515 0.999856293 0.004578351 -15.146163940 -0.040340900 -0.003916605 0.999178290 152.071853638
0.999060452 -0.015645104 0.040415481 10.338772774 0.015472190 0.999869764 0.004587773 -15.363113403 -0.040481996 -0.003958147 0.999172449 154.315292358
0.999042809 -0.014956855 0.041107293 10.522890091 0.014773062 0.999879479 0.004771272 -15.578413963 -0.041173715 -0.004159424 0.999143362 156.581848145
0.999045074 -0.013573404 0.041529052 10.699636459 0.013312051 0.999889851 0.006563363 -15.806731224 -0.041613560 -0.006004259 0.999115765 158.819534302
0.998979270 -0.012825877 0.043309588 10.878625870 0.012508704 0.999892950 0.007586508 -16.024005890 -0.043402258 -0.007037017 0.999032855 161.056549072
0.998967111 -0.011466954 0.043968882 11.051658630 0.011058680 0.999893546 0.009517551 -16.249004364 -0.044073332 -0.009021483 0.998987556 163.355712891
0.998936296 -0.010916039 0.044800654 11.238552094 0.010537961 0.999906838 0.008666676 -16.452280045 -0.044891082 -0.008185349 0.998958349 165.618225098
0.998893619 -0.010246550 0.045897227 11.435124397 0.009905723 0.999921679 0.007647179 -16.666135788 -0.045971982 -0.007184074 0.998916924 167.848709106
0.998825014 -0.008456100 0.047719035 11.625638008 0.008108884 0.999939263 0.007465166 -16.882959366 -0.047779266 -0.007069447 0.998832822 170.125549316
0.998700261 -0.007666424 0.050387446 11.818700790 0.007302108 0.999945879 0.007410410 -17.094661713 -0.050441533 -0.007032846 0.998702228 172.380645752
0.998578787 -0.008090394 0.052678064 12.024460793 0.007715107 0.999943435 0.007323576 -17.312721252 -0.052734338 -0.006906752 0.998584628 174.649169922
0.998490810 -0.007774075 0.054364625 12.236176491 0.007357258 0.999941945 0.007863003 -17.532510757 -0.054422598 -0.007451162 0.998490214 176.909545898
0.998450279 -0.008141268 0.055052597 12.444601059 0.007661048 0.999930739 0.008928345 -17.745353699 -0.055121474 -0.008492747 0.998443544 179.131011963
0.998443663 -0.010065142 0.054852430 12.660496712 0.009621087 0.999918818 0.008353478 -17.965223312 -0.054932058 -0.007812737 0.998459458 181.391921997
0.998418868 -0.010947366 0.055136181 12.865434647 0.010509767 0.999910951 0.008220404 -18.177490234 -0.055221267 -0.007627938 0.998445034 183.633605957
0.998469532 -0.012505212 0.053872351 13.087335587 0.012088169 0.999894381 0.008060219 -18.403882980 -0.053967465 -0.007396664 0.998515308 185.875930786
0.998485684 -0.014102348 0.053175893 13.301917076 0.013643350 0.999866545 0.008984875 -18.618951797 -0.053295512 -0.008245771 0.998544753 188.121200562
0.998500466 -0.015006673 0.052645497 13.516946793 0.014593693 0.999859631 0.008220238 -18.825162888 -0.052761465 -0.007439618 0.998579443 190.361312866
0.998467505 -0.015909601 0.053004287 13.717329979 0.015500434 0.999846876 0.008121684 -19.044345856 -0.053125378 -0.007287648 0.998561203 192.600448608
0.998441219 -0.017509192 0.052995946 13.917852402 0.017136887 0.999825239 0.007471418 -19.256532669 -0.053117506 -0.006551586 0.998566806 194.838088989
0.998458624 -0.017027883 0.052824680 14.130193710 0.016642313 0.999831617 0.007730352 -19.472003937 -0.052947417 -0.006839312 0.998573899 197.078781128
0.998466790 -0.015374164 0.053176753 14.344818115 0.014982135 0.999857605 0.007762909 -19.687528610 -0.053288531 -0.006954306 0.998554945 199.310028076
0.998484254 -0.012533838 0.053591162 14.545562744 0.012148111 0.999897838 0.007517289 -19.909584045 -0.053679910 -0.006854862 0.998534799 201.582458496
0.998456776 -0.011920447 0.054239485 14.759525299 0.011578179 0.999911070 0.006620194 -20.124628067 -0.054313589 -0.005981983 0.998506010 203.847595215
0.998409212 -0.012100186 0.055069059 14.958571434 0.011721609 0.999905467 0.007192410 -20.334838867 -0.055150870 -0.006535470 0.998456657 206.067001343
0.998401403 -0.013585098 0.054863129 15.195514679 0.013197518 0.999885321 0.007420596 -20.561807632 -0.054957651 -0.006684677 0.998466253 208.329544067
0.998338044 -0.013193272 0.056099266 15.403831482 0.012755523 0.999885380 0.008154057 -20.772470474 -0.056200411 -0.007424930 0.998391867 210.573455811
0.998262346 -0.013878894 0.057267364 15.627573013 0.013383152 0.999869645 0.009031117 -21.000129700 -0.057385236 -0.008249007 0.998318017 212.829238892
0.998193681 -0.012409789 0.058781944 15.864518166 0.011892167 0.999887407 0.009147472 -21.210557938 -0.058888834 -0.008431905 0.998228967 215.062194824
0.998044491 -0.010280659 0.061656326 16.103504181 0.009721001 0.999908864 0.009370164 -21.429927826 -0.061747037 -0.008752477 0.998053432 217.367141724
0.997910619 -0.010337698 0.063776389 16.333539963 0.009740933 0.999905884 0.009660989 -21.640632629 -0.063870244 -0.009019562 0.997917593 219.615798950
0.997786641 -0.011750588 0.065449543 16.571578979 0.011111439 0.999886990 0.010121000 -21.847381592 -0.065561071 -0.009371357 0.997804523 221.851165771
0.997685432 -0.013498850 0.066645131 16.809362411 0.012806530 0.999859571 0.010804510 -22.052574158 -0.066781618 -0.009926010 0.997718215 224.087310791
0.997620761 -0.015491205 0.067178085 17.064447403 0.014834963 0.999837339 0.010256610 -22.268533707 -0.067326039 -0.009235624 0.997688293 226.326766968
0.997583807 -0.016814727 0.067407101 17.306465149 0.016188875 0.999820709 0.009820190 -22.471370697 -0.067560151 -0.008705220 0.997677207 228.579940796
0.997535586 -0.017112892 0.068043649 17.550085068 0.016458523 0.999812841 0.010166008 -22.681938171 -0.068204872 -0.009021057 0.997630537 230.819900513
0.997496307 -0.018314335 0.068306044 17.802156448 0.017741609 0.999802232 0.008982003 -22.890390396 -0.068457015 -0.007747656 0.997623920 233.072387695
0.997444570 -0.019206103 0.068814486 18.043025970 0.018559577 0.999777555 0.010022265 -23.095212936 -0.068991661 -0.008719487 0.997579157 235.309661865
0.997463942 -0.018700672 0.068672590 18.321817398 0.018032631 0.999783993 0.010335021 -23.308563232 -0.068851024 -0.009070463 0.997585714 237.573898315
0.997421324 -0.018547041 0.069329195 18.562395096 0.017882967 0.999788165 0.010186932 -23.510540009 -0.069503434 -0.008920854 0.997541845 239.801116943
0.997392535 -0.018677002 0.069707647 18.810194016 0.017982319 0.999782324 0.010579892 -23.721559525 -0.069890060 -0.009298800 0.997511506 242.030670166
0.997348547 -0.018839404 0.070292130 19.055625916 0.018132012 0.999778450 0.010688164 -23.925697327 -0.070477918 -0.009385288 0.997469187 244.271224976
0.997313440 -0.019149622 0.070705235 19.303880692 0.018498432 0.999780357 0.009853248 -24.137142181 -0.070878386 -0.008518838 0.997448564 246.502593994
0.997337520 -0.018879700 0.070437267 19.569595337 0.018284332 0.999791622 0.009087701 -24.347255707 -0.070594169 -0.007775608 0.997474790 248.739776611
0.997312725 -0.019231802 0.070693053 19.820999146 0.018601377 0.999781370 0.009565286 -24.559560776 -0.070861556 -0.008224592 0.997452259 250.979553223
0.997285664 -0.020391345 0.070751198 20.076221466 0.019762605 0.999758840 0.009575373 -24.771121979 -0.070929393 -0.008151154 0.997447968 253.212158203
0.997274637 -0.020349277 0.070917077 20.331624985 0.019681534 0.999755204 0.010102017 -24.979156494 -0.071105294 -0.008678729 0.997431159 255.465255737
0.997233152 -0.020935256 0.071328424 20.568761826 0.020253479 0.999742150 0.010268214 -25.187456131 -0.071525007 -0.008795154 0.997400045 257.683746338
0.997217953 -0.021208664 0.071460441 20.834781647 0.020493019 0.999732316 0.010732947 -25.397739410 -0.071668953 -0.009238647 0.997385621 259.944122314
0.997195661 -0.020949405 0.071848154 21.092931747 0.020270916 0.999742925 0.010159680 -25.603143692 -0.072042547 -0.008674759 0.997363865 262.181945801
0.997175634 -0.020909877 0.072135381 21.354011536 0.020269129 0.999748349 0.009603228 -25.807884216 -0.072318040 -0.008113981 0.997348607 264.435974121
0.997154355 -0.020176638 0.072636791 21.616107941 0.019555962 0.999765933 0.009246097 -26.022830963 -0.072806351 -0.007799303 0.997315586 266.674743652
0.997076392 -0.019498501 0.073880889 21.870800018 0.018861081 0.999778688 0.009315636 -26.228374481 -0.074046187 -0.007894925 0.997223556 268.918762207
0.996963859 -0.019037403 0.075503893 22.121257782 0.018399021 0.999788940 0.009141708 -26.450706482 -0.075662002 -0.007724754 0.997103572 271.161895752
0.996853054 -0.019711949 0.076781765 22.388320923 0.019058475 0.999775767 0.009234284 -26.660530090 -0.076946564 -0.007741881 0.997005105 273.409942627
0.996676028 -0.020267755 0.078905523 22.641725540 0.019506717 0.999755621 0.010403923 -26.875156403 -0.079097100 -0.008830152 0.996827781 275.649414062
0.996575356 -0.020220866 0.080179252 22.919363022 0.019394755 0.999750674 0.011068771 -27.070053101 -0.080383070 -0.009475807 0.996718943 277.891784668
0.996498585 -0.019902864 0.081205584 23.199371338 0.018898280 0.999735236 0.013120810 -27.292509079 -0.081445239 -0.011540222 0.996610999 280.136718750
0.996431768 -0.019626526 0.082088098 23.484682083 0.018532243 0.999729156 0.014071432 -27.499176025 -0.082342036 -0.012499945 0.996525764 282.373687744
0.996357203 -0.018618438 0.083219819 23.762552261 0.017516294 0.999749124 0.013954382 -27.694099426 -0.083458751 -0.012445846 0.996433437 284.633270264
0.996247888 -0.017573657 0.084742211 24.031253815 0.016519384 0.999777377 0.013126171 -27.888126373 -0.084954016 -0.011677031 0.996316373 286.861053467
0.996248960 -0.016521826 0.084941432 24.319517136 0.015585908 0.999810398 0.011669787 -28.076169968 -0.085118122 -0.010302125 0.996317625 289.108398438
0.996185660 -0.017361278 0.085514553 24.592693329 0.016397486 0.999794066 0.011960068 -28.285394669 -0.085704595 -0.010512223 0.996265113 291.334991455
0.996111214 -0.017138623 0.086421698 24.856645584 0.016253669 0.999808133 0.010933286 -28.487529755 -0.086592503 -0.009486097 0.996198654 293.614837646
0.996138990 -0.017661363 0.085994668 25.142673492 0.016856566 0.999807060 0.010075895 -28.690212250 -0.086156040 -0.008587415 0.996244609 295.842681885
0.996157110 -0.017582608 0.085801579 25.427438736 0.016784931 0.999809027 0.010009405 -28.897712708 -0.085961185 -0.008530769 0.996261954 298.073822021
0.996154666 -0.016956860 0.085954942 25.707660675 0.016148455 0.999818683 0.010091606 -29.100986481 -0.086110488 -0.008664762 0.996247888 300.311553955
0.996096849 -0.016851820 0.086642474 25.971076965 0.015962992 0.999812722 0.010941242 -29.311988831 -0.086810619 -0.009515466 0.996179402 302.543304443
0.996099591 -0.016870905 0.086607173 26.257944107 0.015958812 0.999809802 0.011212978 -29.519901276 -0.086779892 -0.009787096 0.996179461 304.794738770
0.996070206 -0.016240237 0.087065481 26.542745590 0.015316859 0.999819279 0.011263189 -29.724124908 -0.087232642 -0.009885356 0.996138930 307.045593262
0.996070147 -0.016981633 0.086924300 26.828235626 0.016052006 0.999806345 0.011382567 -29.940690994 -0.087100759 -0.009942528 0.996149898 309.300903320
0.996024728 -0.018163791 0.087204605 27.112499237 0.017197894 0.999782324 0.011814845 -30.144718170 -0.087400220 -0.010268144 0.996120274 311.557556152
0.995986581 -0.017816845 0.087711133 27.396713257 0.016892839 0.999793828 0.011265790 -30.354377747 -0.087893777 -0.009738886 0.996082246 313.799102783
0.996018350 -0.017225591 0.087468632 27.690938950 0.016241075 0.999796629 0.011954864 -30.564378738 -0.087656759 -0.010486677 0.996095657 316.053375244
0.995963216 -0.015228383 0.088460356 27.973751068 0.014303200 0.999836206 0.011083270 -30.771800995 -0.088614665 -0.009773264 0.996018052 318.299621582
0.995947480 -0.013626117 0.088898227 28.252208710 0.012622031 0.999850154 0.011847193 -30.979667664 -0.089046322 -0.010677105 0.995970249 320.541259766
0.995868444 -0.012248122 0.089977361 28.529638290 0.011243719 0.999868751 0.011661276 -31.187818527 -0.090108380 -0.010601417 0.995875537 322.773071289
0.995828450 -0.011565867 0.090509094 28.811790466 0.010503093 0.999870300 0.012209676 -31.391342163 -0.090638556 -0.011208118 0.995820761 325.012603760
0.995825529 -0.011040788 0.090607204 29.108921051 0.009854310 0.999859810 0.013531665 -31.604488373 -0.090743914 -0.012582306 0.995794713 327.242614746
0.995795965 -0.011904536 0.090821810 29.392642975 0.010724488 0.999851644 0.013470026 -31.812364578 -0.090968698 -0.012439379 0.995775998 329.485443115
0.995802462 -0.013684991 0.090499923 29.692670822 0.012574714 0.999838650 0.012827110 -32.013088226 -0.090660863 -0.011635256 0.995813847 331.720611572
0.995799422 -0.013345775 0.090585008 29.980243683 0.012279116 0.999848545 0.012322377 -32.213848114 -0.090735763 -0.011158312 0.995812476 333.939819336
0.995777845 -0.013899422 0.090737522 30.269645691 0.012703250 0.999824941 0.013747015 -32.417167664 -0.090912700 -0.012536313 0.995779932 336.168945312
0.995839000 -0.014508943 0.089967608 30.575698853 0.013329753 0.999817371 0.013693872 -32.616424561 -0.090149865 -0.012437647 0.995850563 338.404083252
0.995839357 -0.014183280 0.090015382 30.860494614 0.012966358 0.999816537 0.014089498 -32.824146271 -0.090198703 -0.012863703 0.995840847 340.647094727
0.995878160 -0.014290278 0.089568220 31.157861710 0.013096259 0.999817550 0.013904403 -33.029560089 -0.089750588 -0.012674082 0.995883584 342.893280029
0.995905042 -0.014398752 0.089251563 31.447631836 0.013160207 0.999808967 0.014449978 -33.231239319 -0.089442566 -0.013216238 0.995904267 345.137847900
0.995935321 -0.014228570 0.088940576 31.734663010 0.012986633 0.999810159 0.014526788 -33.426937103 -0.089130394 -0.013312701 0.995931089 347.375762939
0.995978415 -0.014416999 0.088426083 32.024040222 0.013188702 0.999808490 0.014459273 -33.625465393 -0.088617615 -0.013234896 0.995977759 349.624267578
0.995990574 -0.014039004 0.088350005 32.308864594 0.012773614 0.999807835 0.014871609 -33.827644348 -0.088541821 -0.013683433 0.995978415 351.868621826
0.996022284 -0.014387744 0.087935247 32.593624115 0.013103666 0.999799192 0.015162420 -34.021907806 -0.088135734 -0.013949833 0.996010780 354.098175049
0.996047139 -0.014034079 0.087710731 32.875064850 0.012790405 0.999809861 0.014725241 -34.221336365 -0.087900691 -0.013545180 0.996037126 356.334564209
0.996103108 -0.014184936 0.087048128 33.164505005 0.012916282 0.999802232 0.015120174 -34.418533325 -0.087245405 -0.013936915 0.996089280 358.570465088
0.996153116 -0.013654118 0.086558804 33.453254700 0.012318362 0.999796927 0.015947219 -34.618820190 -0.086758964 -0.014819610 0.996119082 360.825195312
0.996220529 -0.013786461 0.085758939 33.746513367 0.012468097 0.999796033 0.015889596 -34.818870544 -0.085960507 -0.014760292 0.996189177 363.073791504
0.996274590 -0.013653292 0.085150160 34.035453796 0.012299218 0.999789774 0.016406586 -35.016212463 -0.085356265 -0.015298183 0.996233046 365.314025879
0.996315122 -0.013687354 0.084668368 34.317886353 0.012392228 0.999798298 0.015803199 -35.214298248 -0.084867597 -0.014695740 0.996283770 367.563171387
0.996329129 -0.014325365 0.084397927 34.595909119 0.013046186 0.999791801 0.015688617 -35.412109375 -0.084605105 -0.014529957 0.996308625 369.813537598
0.996319652 -0.014208641 0.084529437 34.871036530 0.013000601 0.999805629 0.014824690 -35.605690002 -0.084723644 -0.013671197 0.996310711 372.079498291
0.996383786 -0.014288150 0.083756357 35.154014587 0.013096501 0.999805272 0.014759773 -35.805339813 -0.083950944 -0.013609485 0.996376932 374.314971924
0.996474922 -0.014175033 0.082684949 35.443477631 0.012942952 0.999797344 0.015417967 -36.002468109 -0.082886741 -0.014293430 0.996456444 376.561157227
0.996377528 -0.013463586 0.083967045 35.703659058 0.012170159 0.999799490 0.015896855 -36.200138092 -0.084164217 -0.014817380 0.996341705 378.820220947
0.996382296 -0.014116773 0.083803900 35.983085632 0.012796107 0.999785662 0.016275274 -36.402164459 -0.084015697 -0.015144031 0.996349335 381.063934326
0.996401072 -0.014015745 0.083597295 36.267971039 0.012694985 0.999786377 0.016309798 -36.593311310 -0.083808035 -0.015189834 0.996366143 383.323455811
0.996399641 -0.013127625 0.083758019 36.548442841 0.011773789 0.999792278 0.016637187 -36.793991089 -0.083959028 -0.015591138 0.996347249 385.575408936
0.996403217 -0.011957905 0.083890408 36.826263428 0.010602153 0.999806225 0.016587956 -36.982589722 -0.084072508 -0.015638873 0.996336937 387.836669922
0.996425629 -0.010702224 0.083794221 37.112136841 0.009341421 0.999818325 0.016615083 -37.186923981 -0.083956823 -0.015772939 0.996344686 390.110595703
0.996407390 -0.009601276 0.084143132 37.385017395 0.008241955 0.999830067 0.016487358 -37.383304596 -0.084287129 -0.015734620 0.996317267 392.386230469
0.996420085 -0.008738540 0.084086552 37.662509918 0.007263460 0.999814630 0.017832384 -37.577468872 -0.084226780 -0.017157789 0.996298909 394.640838623
0.996373475 -0.007617529 0.084745727 37.937622070 0.006084361 0.999813378 0.018334994 -37.775154114 -0.084869578 -0.017752882 0.996233881 396.902801514
0.996324062 -0.007250899 0.085356690 38.218231201 0.005827393 0.999839902 0.016914511 -37.978439331 -0.085465670 -0.016354926 0.996206880 399.168975830
0.996232033 -0.006588683 0.086477362 38.492073059 0.005194285 0.999853015 0.016339555 -38.173923492 -0.086572289 -0.015828801 0.996119857 401.434509277
0.996170104 -0.008428204 0.087028958 38.765594482 0.006944637 0.999825597 0.017335536 -38.368583679 -0.087159872 -0.016664758 0.996054947 403.698516846
0.996123254 -0.009959285 0.087402605 39.052337646 0.008364449 0.999792218 0.018594343 -38.565967560 -0.087569632 -0.017791184 0.995999575 405.952453613
0.996110737 -0.010807089 0.087444216 39.333488464 0.009221399 0.999786019 0.018517407 -38.757286072 -0.087625623 -0.017639035 0.995997250 408.206054688
0.996067762 -0.010533638 0.087966412 39.625415802 0.009094807 0.999818504 0.016741421 -38.942684174 -0.088126794 -0.015875552 0.995982826 410.472595215
0.995997250 -0.008568093 0.088973552 39.922405243 0.007007513 0.999816298 0.017837420 -39.152717590 -0.089110069 -0.017142538 0.995874226 412.736907959
0.995926440 -0.007236157 0.089878835 40.205043793 0.005680314 0.999829888 0.017554184 -39.346260071 -0.089990556 -0.016972134 0.995797992 414.979919434
0.995843947 -0.005886130 0.090884827 40.498977661 0.004302041 0.999835670 0.017615691 -39.538604736 -0.090973563 -0.017151488 0.995705605 417.248718262
0.995794654 -0.005965609 0.091418967 40.798580170 0.004399665 0.999840319 0.017321272 -39.733005524 -0.091507725 -0.016846223 0.995661795 419.500579834
0.995692730 -0.005891755 0.092527308 41.083686829 0.004305365 0.999840438 0.017335363 -39.923217773 -0.092614681 -0.016862331 0.995559216 421.750732422
0.995609522 -0.005911003 0.093416259 41.370193481 0.004331114 0.999844313 0.017106051 -40.118518829 -0.093502827 -0.016626354 0.995480120 424.003143311
0.995552838 -0.006199596 0.094000846 41.671688080 0.004497477 0.999822259 0.018308563 -40.315341949 -0.094097659 -0.017804375 0.995403767 426.280334473
0.995500028 -0.005276299 0.094613947 41.967281342 0.003505405 0.999815702 0.018873490 -40.507976532 -0.094696097 -0.018456899 0.995335102 428.540100098
0.995424211 -0.004537505 0.095445633 42.271335602 0.002682566 0.999805212 0.019553851 -40.697917938 -0.095515773 -0.019208344 0.995242536 430.819854736
0.995426655 -0.004611996 0.095416948 42.572181702 0.002762348 0.999805868 0.019507919 -40.893867493 -0.095488414 -0.019155132 0.995246172 433.091949463
0.995382965 -0.005256983 0.095839202 42.879848480 0.003442601 0.999811888 0.019087048 -41.094696045 -0.095921516 -0.018668989 0.995213807 435.359741211
0.995361328 -0.004261542 0.096112937 43.187503815 0.002452587 0.999817789 0.018931435 -41.271453857 -0.096176088 -0.018607888 0.995190382 437.624603271
0.995325565 -0.004635841 0.096464947 43.495868683 0.002794224 0.999811411 0.019217396 -41.465457916 -0.096535832 -0.018858023 0.995150983 439.909667969
0.995375395 -0.004693362 0.095946722 43.811954498 0.002852701 0.999809384 0.019312384 -41.655197144 -0.096019089 -0.018949363 0.995199084 442.182952881
0.995345414 -0.003947251 0.096290663 44.126453400 0.001983850 0.999788344 0.020477582 -41.861511230 -0.096351109 -0.020191237 0.995142579 444.469360352
0.995298684 -0.004462785 0.096750073 44.436599731 0.002470582 0.999782681 0.020701252 -42.052444458 -0.096821427 -0.020364901 0.995093405 446.750793457
0.995278537 -0.004313395 0.096963637 44.739299774 0.002364097 0.999792993 0.020209292 -42.243698120 -0.097030744 -0.019884638 0.995082736 449.014892578
0.995307386 -0.003594606 0.096696325 45.051383972 0.001674920 0.999800026 0.019926570 -42.435218811 -0.096748605 -0.019671105 0.995114446 451.276336670
0.995226383 -0.002887667 0.097550645 45.351531982 0.000971283 0.999805748 0.019686785 -42.633594513 -0.097588547 -0.019498061 0.995035827 453.540496826
0.995139837 -0.002213051 0.098447241 45.654541016 0.000276782 0.999806345 0.019677395 -42.816852570 -0.098471738 -0.019554507 0.994947731 455.818389893
0.995125353 -0.002485500 0.098586924 45.960788727 0.000586070 0.999813735 0.019290844 -43.013877869 -0.098616496 -0.019139025 0.994941473 458.086791992
0.995155573 -0.001992393 0.098292477 46.278865814 0.000141871 0.999822617 0.018830093 -43.210411072 -0.098312549 -0.018724926 0.994979382 460.364624023
0.995158672 -0.000772424 0.098277882 46.593509674 -0.001124562 0.999814272 0.019245412 -43.402900696 -0.098274477 -0.019262761 0.994972885 462.648345947
0.995161474 -0.000165138 0.098254107 46.905231476 -0.001866660 0.999786317 0.020586725 -43.593772888 -0.098236516 -0.020670524 0.994948387 464.927520752
0.995207906 -0.000093777 0.097780146 47.208801270 -0.001950572 0.999781489 0.020811807 -43.779014587 -0.097760737 -0.020902805 0.994990408 467.191650391
0.995319605 -0.000168145 0.096637681 47.526390076 -0.001729203 0.999807417 0.019549543 -43.966293335 -0.096622355 -0.019625150 0.995127618 469.470977783
0.995387137 -0.000276997 0.095938817 47.842418671 -0.001583350 0.999812126 0.019314300 -44.164031982 -0.095926158 -0.019377112 0.995199800 471.760620117
0.995488048 -0.000976773 0.094881222 48.150608063 -0.000968891 0.999790251 0.020458085 -44.360950470 -0.094881311 -0.020457711 0.995278358 474.037109375
0.995493591 -0.001194113 0.094821244 48.446262360 -0.000755650 0.999789059 0.020523939 -44.551467896 -0.094825745 -0.020503102 0.995282710 476.311889648
0.995585918 -0.001390773 0.093845211 48.754833221 -0.000505549 0.999796152 0.020180104 -44.732837677 -0.093854167 -0.020138472 0.995382190 478.593750000
0.995609581 -0.001451136 0.093592122 49.058429718 -0.000494864 0.999784350 0.020765793 -44.923419952 -0.093602046 -0.020720936 0.995394051 480.877197266
0.995643795 -0.002240562 0.093211740 49.364658356 0.000235164 0.999768376 0.021519864 -45.116680145 -0.093238361 -0.021404196 0.995413840 483.152526855
0.995669603 -0.002642668 0.092925139 49.662754059 0.000709411 0.999782741 0.020831347 -45.304359436 -0.092959993 -0.020675212 0.995455146 485.433380127
0.995744526 -0.003053228 0.092106096 49.966796875 0.001102384 0.999774098 0.021223849 -45.499565125 -0.092150092 -0.021031996 0.995522976 487.720764160
0.995774806 -0.002623731 0.091791123 50.251846313 0.000679458 0.999774873 0.021206329 -45.681491852 -0.091826119 -0.021054359 0.995552361 490.007598877
0.995798409 -0.002324536 0.091542974 50.551628113 0.000332162 0.999762893 0.021773584 -45.866523743 -0.091571882 -0.021651695 0.995563030 492.314147949
0.995858848 -0.001911537 0.090892591 50.856838226 -0.000107802 0.999753416 0.022206655 -46.053459167 -0.090912648 -0.022124492 0.995613039 494.603302002
0.995850563 -0.001792790 0.090986066 51.142906189 -0.000195272 0.999761641 0.021836566 -46.240718842 -0.091003522 -0.021763723 0.995612741 496.906280518
0.995888650 -0.001658911 0.090570338 51.452190399 -0.000297300 0.999767065 0.021581039 -46.439289093 -0.090585068 -0.021519236 0.995656133 499.220581055
0.995927572 -0.001455076 0.090144478 51.746353149 -0.000544948 0.999754310 0.022158295 -46.624412537 -0.090154573 -0.022117184 0.995682120 501.515136719
0.995939195 -0.001080946 0.090023361 52.037528992 -0.000948154 0.999746501 0.022493897 -46.815925598 -0.090024866 -0.022487907 0.995685577 503.796691895
0.995960176 0.000006586 0.089797474 52.330169678 -0.001960730 0.999763191 0.021673484 -47.003555298 -0.089776069 -0.021761991 0.995724320 506.082305908
0.995943606 0.000465263 0.089977756 52.614120483 -0.002464402 0.999752462 0.022108342 -47.191577911 -0.089945197 -0.022240398 0.995698333 508.369720459
0.995970309 0.000235761 0.089683153 52.908840179 -0.002156807 0.999770224 0.021324063 -47.381576538 -0.089657530 -0.021431565 0.995742023 510.659912109
0.996005952 -0.000455770 0.089285620 53.210998535 -0.001531301 0.999752641 0.022185454 -47.577407837 -0.089273654 -0.022233564 0.995758951 512.962402344
0.996013284 -0.000269335 0.089203253 53.504947662 -0.001722653 0.999750912 0.022253158 -47.761173248 -0.089187011 -0.022318106 0.995764792 515.264343262
0.996065140 0.000162948 0.088623539 53.802116394 -0.002129029 0.999753654 0.022090552 -47.950325012 -0.088598125 -0.022192312 0.995820165 517.566040039
0.996029198 0.001004861 0.089021884 54.084106445 -0.002967153 0.999755383 0.021913221 -48.141937256 -0.088978104 -0.022090347 0.995788515 519.864135742
0.995989799 0.002890257 0.089420252 54.380321503 -0.004861626 0.999749720 0.021836175 -48.329589844 -0.089334764 -0.022183333 0.995754540 522.214355469
0.995829463 0.005029656 0.091095403 54.656349182 -0.007059056 0.999733686 0.021969263 -48.517189026 -0.090960652 -0.022520687 0.995599806 524.537292480
0.995884359 0.005770032 0.090448909 54.978546143 -0.007908985 0.999697030 0.023307621 -48.707241058 -0.090287007 -0.023927055 0.995628297 526.862243652
0.995816827 0.005313474 0.091217071 55.267585754 -0.007464348 0.999701679 0.023254793 -48.894252777 -0.091066316 -0.023838386 0.995559454 529.164550781
0.995789826 0.003429396 0.091602758 55.563888550 -0.005716411 0.999678195 0.024715969 -49.079647064 -0.091488525 -0.025135547 0.995488882 531.474365234
0.995757401 0.001861741 0.091998331 55.872692108 -0.004124469 0.999693513 0.024411310 -49.262420654 -0.091924690 -0.024687186 0.995459914 533.797729492
0.995726407 0.001981897 0.092331201 56.173538208 -0.004185375 0.999710917 0.023677422 -49.445343018 -0.092257597 -0.023962671 0.995446801 536.112854004
0.995645821 0.001660170 0.093202330 56.473640442 -0.003869354 0.999715686 0.023527378 -49.632053375 -0.093136787 -0.023785572 0.995369196 538.429748535
0.995587528 0.002020521 0.093815483 56.775844574 -0.004195784 0.999726772 0.022995150 -49.822311401 -0.093743384 -0.023287315 0.995324016 540.744873047
0.995514989 0.002824851 0.094560876 57.079643250 -0.004984142 0.999732018 0.022606539 -50.011627197 -0.094471678 -0.022976454 0.995262384 543.069641113
0.995466709 0.003240308 0.095055096 57.394592285 -0.005305141 0.999755204 0.021477820 -50.197315216 -0.094962239 -0.021884732 0.995240331 545.395874023
0.995364428 0.003393213 0.096114688 57.690368652 -0.005541086 0.999740660 0.022088900 -50.388252258 -0.096014805 -0.022519087 0.995125115 547.715148926
0.995297730 0.003247447 0.096808478 57.996200562 -0.005474345 0.999726295 0.022746416 -50.577579498 -0.096708126 -0.023169417 0.995043099 550.037719727
0.995214105 0.003685688 0.097648516 58.295104980 -0.005908199 0.999729753 0.022480939 -50.760490417 -0.097539276 -0.022950275 0.994967103 552.343811035
0.995270550 0.001621893 0.097127721 58.618743896 -0.003776859 0.999750674 0.022007205 -50.958602905 -0.097067803 -0.022269962 0.995028615 554.658813477
0.995295107 0.001385284 0.096880123 58.940971375 -0.003594720 0.999737322 0.022635058 -51.149414062 -0.096823327 -0.022876818 0.995038569 556.980163574
0.995211244 0.001765149 0.097731777 59.244396210 -0.004028956 0.999727964 0.022970974 -51.335231781 -0.097664632 -0.023254730 0.994947791 559.285583496
0.995198309 0.002456341 0.097847849 59.561370850 -0.004815935 0.999703228 0.023886068 -51.521915436 -0.097760111 -0.024242604 0.994914711 561.617431641
0.995214880 0.001888660 0.097691968 59.885963440 -0.004301704 0.999690652 0.024495825 -51.708469391 -0.097615488 -0.024798853 0.994915128 563.950805664
0.995145500 0.002539709 0.098381616 60.197669983 -0.005041591 0.999669909 0.025190134 -51.889984131 -0.098285168 -0.025563845 0.994829893 566.276428223
0.995091796 0.003651991 0.098888956 60.517864227 -0.006121587 0.999676645 0.024681535 -52.080139160 -0.098766856 -0.025165750 0.994792342 568.601989746
0.995093048 0.004982862 0.098817870 60.851020813 -0.007305714 0.999705255 0.023158498 -52.259815216 -0.098673321 -0.023766803 0.994836152 570.940490723
0.995064557 0.005489397 0.099077746 61.178447723 -0.007829224 0.999699235 0.023242727 -52.445869446 -0.098920360 -0.023903714 0.994808197 573.259033203
0.995080829 0.005091228 0.098935209 61.508010864 -0.007538292 0.999674439 0.024375949 -52.643009186 -0.098778896 -0.025001844 0.994795263 575.643371582
0.995096266 0.005036596 0.098782308 61.838760376 -0.007617168 0.999639034 0.025764106 -52.834182739 -0.098616891 -0.026390210 0.994775414 577.956604004
0.995018244 0.005430600 0.099543683 62.155658722 -0.007867724 0.999678552 0.024106782 -53.021903992 -0.099380739 -0.024769874 0.994741142 580.341552734
0.995075166 0.004721452 0.099009804 62.483425140 -0.007095828 0.999695241 0.023642808 -53.200447083 -0.098867990 -0.024228930 0.994805574 582.681762695
0.995068550 0.003700296 0.099120475 62.810707092 -0.006249358 0.999657333 0.025418676 -53.398132324 -0.098992459 -0.025912767 0.994750679 585.002380371
0.995127022 0.003923445 0.098522700 63.135509491 -0.006465818 0.999653816 0.025498934 -53.580112457 -0.098388553 -0.026011707 0.994808078 587.320007324
0.995061219 0.001323675 0.099254377 63.458545685 -0.003732069 0.999702990 0.024083136 -53.767684937 -0.099193022 -0.024334615 0.994770586 589.678283691
0.995088339 0.001128558 0.098984472 63.788177490 -0.003494074 0.999712288 0.023727743 -53.946681976 -0.098929226 -0.023957059 0.994805992 592.027526855
0.995107174 -0.000789372 0.098797694 64.108718872 -0.001629250 0.999701023 0.024397483 -54.135612488 -0.098787405 -0.024439074 0.994808435 594.362792969
0.995155275 -0.001618535 0.098302446 64.441711426 -0.000798210 0.999698460 0.024540497 -54.320251465 -0.098312519 -0.024500074 0.994853914 596.720031738
