1.000000000 0.000000000 0.000000000 0.000000000 0.000000000 1.000000000 0.000000000 0.000000000 0.000000000 0.000000000 1.000000000 0.000000000
0.999999940 -0.000039430 0.000336065 0.088093549 0.000039489 1.000000000 -0.000173128 -0.228212297 -0.000336058 0.000173142 0.999999940 2.287595034
0.999999404 0.000221575 0.001058191 0.168106034 -0.000222011 0.999999881 0.000411664 -0.467349142 -0.001058100 -0.000411899 0.999999344 4.583140373
0.999998689 -0.000058701 0.001572830 0.266017526 0.000057850 0.999999881 0.000541033 -0.697129369 -0.001572862 -0.000540941 0.999998629 6.869557381
0.999997139 -0.000164591 0.002398151 0.361162066 0.000167464 0.999999225 -0.001198043 -0.929085255 -0.002397952 0.001198441 0.999996424 9.166542053
0.999989092 0.001556997 0.004415382 0.453043818 -0.001556888 0.999998868 -0.000028113 -1.163674474 -0.004415420 0.000021239 0.999990284 11.471839905
0.999971986 0.003342290 0.006712229 0.552090406 -0.003349438 0.999993861 0.001053785 -1.392704964 -0.006708667 -0.001076237 0.999976933 13.759968758
0.999950886 0.003181311 0.009388449 0.654266000 -0.003216470 0.999987841 0.003732199 -1.622799873 -0.009376463 -0.003762214 0.999948978 16.037452698
0.999944985 0.003402652 0.009919259 0.753210962 -0.003452678 0.999981403 0.005030453 -1.849866033 -0.009901958 -0.005064425 0.999938130 18.332784653
0.999920666 0.002405835 0.012366536 0.849883854 -0.002468876 0.999984086 0.005084993 -2.072782993 -0.012354104 -0.005115122 0.999910593 20.631441116
0.999926805 0.000142456 0.012099031 0.979941666 -0.000178579 0.999995530 0.002984565 -2.301913023 -0.012098552 -0.002986507 0.999922276 22.924085617
0.999913394 -0.002082546 0.012992192 1.085515380 0.002072109 0.999997556 0.000816684 -2.519902706 -0.012993861 -0.000789692 0.999915242 25.206457138
0.999912441 -0.002538982 0.012987508 1.219199300 0.002529975 0.999996543 0.000709897 -2.771492958 -0.012989265 -0.000676977 0.999915421 27.498870850
0.999894142 -0.002215618 0.014374781 1.320332050 0.002222766 0.999997377 -0.000481308 -2.993812561 -0.014373674 0.000513209 0.999896586 29.784286499
0.999887168 -0.000286490 0.015016267 1.446874619 0.000252413 0.999997377 0.002271198 -3.223897696 -0.015016882 -0.002267153 0.999884665 32.052047729
0.999886632 0.001691151 0.014963469 1.579934001 -0.001758244 0.999988437 0.004471826 -3.443897724 -0.014955735 -0.004497629 0.999877989 34.331874847
0.999850273 0.003902341 0.016854810 1.691132545 -0.004035508 0.999960840 0.007874024 -3.668201923 -0.016823422 -0.007940860 0.999827087 36.641773224
0.999831378 0.005775899 0.017434079 1.810486078 -0.005909699 0.999953330 0.007632902 -3.888172150 -0.017389180 -0.007734645 0.999818861 38.911968231
0.999801099 0.004705492 0.019379407 1.918293834 -0.004819904 0.999971330 0.005861384 -4.092041016 -0.019351270 -0.005953626 0.999794960 41.214263916
0.999807656 0.002171463 0.019494215 2.047442436 -0.002267461 0.999985397 0.004903672 -4.318117142 -0.019483283 -0.004946930 0.999797940 43.488739014
0.999816358 0.001793822 0.019080782 2.183644056 -0.001869331 0.999990463 0.003940227 -4.544490814 -0.019073531 -0.003975172 0.999810278 45.734817505
0.999813318 0.001347406 0.019273328 2.307952881 -0.001398818 0.999995470 0.002654285 -4.770307064 -0.019269660 -0.002680750 0.999810755 48.005741119
0.999817073 -0.000639076 0.019117080 2.447374821 0.000580411 0.999995053 0.003074126 -4.999817371 -0.019118948 -0.003062468 0.999812543 50.284141541
0.999801278 -0.001508528 0.019876510 2.580133915 0.001445425 0.999993980 0.003188751 -5.221874714 -0.019881198 -0.003159389 0.999797344 52.549625397
0.999789655 -0.002790018 0.020320620 2.713929176 0.002719413 0.999990165 0.003501351 -5.455374241 -0.020330191 -0.003445355 0.999787390 54.832530975
0.999760389 -0.002594819 0.021734392 2.841638565 0.002519862 0.999990761 0.003475482 -5.682946205 -0.021743216 -0.003419882 0.999757707 57.130989075
0.999751866 -0.004162866 0.021881023 2.986636400 0.004074670 0.999983430 0.004073687 -5.909578323 -0.021897618 -0.003983519 0.999752223 59.401115417
0.999711156 -0.005282423 0.023446515 3.113338470 0.005203846 0.999980628 0.003411026 -6.134487629 -0.023464080 -0.003288028 0.999719262 61.669551849
0.999693036 -0.006499929 0.023908749 3.263763666 0.006423191 0.999973953 0.003285104 -6.360382557 -0.023929480 -0.003130525 0.999708772 63.923225403
0.999656916 -0.006019779 0.025491022 3.399838924 0.005917672 0.999974132 0.004079196 -6.586398602 -0.025514919 -0.003926948 0.999666870 66.188049316
0.999629974 -0.004885282 0.026758242 3.545153856 0.004765365 0.999978304 0.004543461 -6.815745831 -0.026779857 -0.004414268 0.999631524 68.442459106
0.999592662 -0.005117306 0.028076388 3.684449196 0.005000320 0.999978542 0.004235279 -7.040781498 -0.028097458 -0.004093162 0.999596834 70.691734314
0.999580145 -0.006025318 0.028336613 3.846783876 0.005946803 0.999978244 0.002854237 -7.264839649 -0.028353192 -0.002684527 0.999594331 72.938644409
0.999553382 -0.006782311 0.029103754 3.996639252 0.006692201 0.999972522 0.003192432 -7.491118908 -0.029124606 -0.002996238 0.999571323 75.211540222
0.999506176 -0.008127857 0.030354116 4.156502724 0.008048641 0.999963820 0.002730968 -7.723348141 -0.030375218 -0.002485310 0.999535501 77.476486206
0.999492764 -0.008775908 0.030612784 4.306758404 0.008694964 0.999958336 0.002776246 -7.955483437 -0.030635864 -0.002508661 0.999527454 79.720680237
0.999465168 -0.009222423 0.031371251 4.458436966 0.009159522 0.999955773 0.002148144 -8.170943260 -0.031389669 -0.001859650 0.999505460 81.975502014
0.999430597 -0.008431056 0.032669250 4.614834785 0.008355903 0.999962211 0.002436267 -8.402555466 -0.032688551 -0.002161899 0.999463260 84.230903625
0.999388874 -0.008153109 0.033991389 4.777523041 0.008048455 0.999962509 0.003214523 -8.624128342 -0.034016319 -0.002938981 0.999416947 86.485343933
0.999394119 -0.007407946 0.034006581 4.947249413 0.007269520 0.999964774 0.004192414 -8.856727600 -0.034036439 -0.003942662 0.999412775 88.744583130
0.999362051 -0.006743730 0.035070863 5.106481552 0.006587973 0.999967873 0.004554905 -9.080231667 -0.035100449 -0.004320953 0.999374449 90.999359131
0.999333382 -0.006765663 0.035873394 5.273980618 0.006605378 0.999967694 0.004584734 -9.302807808 -0.035903256 -0.004344722 0.999345779 93.244201660
0.999315262 -0.006828639 0.036368243 5.444532394 0.006687973 0.999969602 0.003988130 -9.520295143 -0.036394376 -0.003742168 0.999330640 95.492645264
0.999269426 -0.007126009 0.037550673 5.608368397 0.006972652 0.999966919 0.004213379 -9.743340492 -0.037579451 -0.003948474 0.999285758 97.751380920
0.999236584 -0.007020574 0.038434543 5.777873993 0.006875190 0.999968648 0.003913538 -9.977805138 -0.038460813 -0.003646304 0.999253571 99.985717773
0.999165952 -0.007170490 0.040197738 5.938933372 0.006970717 0.999962628 0.005107711 -10.195871353 -0.040232867 -0.004823244 0.999178708 102.205841064
0.999134362 -0.007404532 0.040935867 6.129850388 0.007199392 0.999960780 0.005156410 -10.417329788 -0.040972441 -0.004857232 0.999148488 104.460144043
0.999115944 -0.008615481 0.041149575 6.309902191 0.008372190 0.999946475 0.006081029 -10.643882751 -0.041199762 -0.005731140 0.999134421 106.670158386
0.999078572 -0.010109648 0.041710068 6.496830940 0.009867899 0.999933302 0.005997789 -10.857719421 -0.041767921 -0.005580671 0.999111712 108.923583984
0.999042392 -0.011112542 0.042317808 6.685615540 0.010838369 0.999918818 0.006702798 -11.080591202 -0.042388856 -0.006237724 0.999081731 111.180923462
0.999025702 -0.011408431 0.042628814 6.880425453 0.011188744 0.999922872 0.005388589 -11.303474426 -0.042687006 -0.004906376 0.999076426 113.442413330
0.998975098 -0.012046969 0.043629877 7.066142082 0.011862092 0.999919534 0.004493860 -11.521610260 -0.043680504 -0.003971712 0.999037683 115.686508179
0.998940408 -0.012452222 0.044304542 7.253684044 0.012250431 0.999913335 0.004823226 -11.746440887 -0.044360761 -0.004275367 0.999006391 117.923263550
0.998889267 -0.012558462 0.045417171 7.444141865 0.012319794 0.999908805 0.005531173 -11.965492249 -0.045482490 -0.004965498 0.998952806 120.174713135
0.998883307 -0.013561930 0.045255609 7.656374454 0.013299575 0.999893010 0.006093301 -12.189290047 -0.045333404 -0.005484617 0.998956859 122.376678467
0.998833716 -0.014449192 0.046069294 7.853116035 0.014202906 0.999882996 0.005668889 -12.410569191 -0.046145823 -0.005007959 0.998922110 124.638099670
0.998794734 -0.015318006 0.046628121 8.040314674 0.015104138 0.999873757 0.004935503 -12.634229660 -0.046697836 -0.004225276 0.998900056 126.905799866
0.998773217 -0.017122811 0.046462603 8.232881546 0.016896395 0.999843359 0.005261471 -12.851214409 -0.046545424 -0.004469967 0.998906136 129.156188965
0.998803556 -0.018084465 0.045434553 8.426330566 0.017843520 0.999824464 0.005703141 -13.070178986 -0.045529708 -0.004885606 0.998951018 131.398788452
0.998859048 -0.018518765 0.044020854 8.623549461 0.018236622 0.999810576 0.006802261 -13.287101746 -0.044138484 -0.005991708 0.999007404 133.632019043
0.998911798 -0.019748790 0.042251606 8.811027527 0.019508420 0.999791145 0.006093893 -13.502167702 -0.042363133 -0.005263000 0.999088347 135.869384766
0.999004185 -0.020622401 0.039565459 9.027033806 0.020422179 0.999776542 0.005458027 -13.715568542 -0.039669182 -0.004644577 0.999202132 138.088516235
0.998969316 -0.020708697 0.040391468 9.190546989 0.020476725 0.999771535 0.006148494 -13.947620392 -0.040509567 -0.005315072 0.999164939 140.384841919
0.998957932 -0.020905556 0.040571384 9.362863541 0.020655973 0.999765038 0.006561276 -14.159853935 -0.040699016 -0.005716396 0.999155045 142.617645264
0.999007702 -0.020635474 0.039469484 9.556834221 0.020340484 0.999762118 0.007861005 -14.386365891 -0.039622318 -0.007050376 0.999189794 144.844558716
0.999021649 -0.019666996 0.039609663 9.732895851 0.019411685 0.999788344 0.006819970 -14.601381302 -0.039735414 -0.006044408 0.999191940 147.083145142
0.999037325 -0.018651083 0.039706282 9.912162781 0.018459622 0.999816179 0.005183259 -14.816673279 -0.039795656 -0.004445306 0.999197960 149.326141357
0.999054432 -0.016831096 0.040084634 10.088968277 0.016668079 0.999851346 0.004397553 -15.038964272 -0.040152691 -0.003725262 0.999186575 151.575942993
0.999068320 -0.015909953 0.040117234 10.277242661 0.015746692 0.999866426 0.004382402 -15.254639626 -0.040181596 -0.003746606 0.999185383 153.806060791
0.999053955 -0.015076014 0.040790930 10.454336166 0.014887908 0.999877095 0.004911399 -15.473728180 -0.040859964 -0.004299461 0.999155641 156.064331055
0.999073029 -0.014207319 0.040632948 10.654693604 0.013956386 0.999881804 0.006452559 -15.699604034 -0.040719818 -0.005879489 0.999153376 158.273010254
0.999015033 -0.013675216 0.042215336 10.825857162 0.013365560 0.999881744 0.007608844 -15.929759026 -0.042314399 -0.007037117 0.999079585 160.558334351
0.998979449 -0.012850142 0.043299697 11.007209778 0.012455870 0.999878645 0.009363219 -16.144292831 -0.043414757 -0.008814328 0.999018252 162.796066284
0.998957753 -0.012121467 0.044004872 11.196937561 0.011761066 0.999895155 0.008439744 -16.345586777 -0.044102561 -0.007913404 0.998995662 165.041763306
0.998920500 -0.011342293 0.045046438 11.392303467 0.011021546 0.999912083 0.007362337 -16.560802460 -0.045125980 -0.006857908 0.998957753 167.280242920
0.998835623 -0.009468188 0.047305230 11.575829506 0.009110013 0.999928176 0.007781490 -16.776632309 -0.047375519 -0.007341478 0.998850107 169.509323120
0.998736262 -0.008748731 0.049490247 11.793788910 0.008328261 0.999927521 0.008695860 -17.008672714 -0.049562741 -0.008272705 0.998736680 171.775146484
0.998607099 -0.009046420 0.051980391 11.993535995 0.008630985 0.999929011 0.008211074 -17.217384338 -0.052050989 -0.007750997 0.998614371 174.036712646
0.998521090 -0.008882053 0.053634934 12.201944351 0.008414781 0.999924719 0.008931640 -17.436208725 -0.053710226 -0.008467104 0.998520672 176.285903931
0.998455763 -0.009774501 0.054684471 12.408039093 0.009255771 0.999909759 0.009731135 -17.647798538 -0.054774653 -0.009209963 0.998456240 178.512939453
0.998384178 -0.010685812 0.055811483 12.604130745 0.010159637 0.999901295 0.009702967 -17.855810165 -0.055909652 -0.009120263 0.998394191 180.747070312
0.998442411 -0.011179442 0.054659229 12.825086594 0.010667721 0.999896526 0.009644846 -18.075521469 -0.054761391 -0.009046732 0.998458624 183.006134033
0.998450220 -0.012362390 0.054261070 13.039192200 0.011857067 0.999883354 0.009624903 -18.290407181 -0.054373734 -0.008966610 0.998480380 185.243789673
0.998447955 -0.014100350 0.053878725 13.253479004 0.013547444 0.999851882 0.010613566 -18.501436234 -0.054020409 -0.009867175 0.998491049 187.479156494
0.998445630 -0.015440859 0.053552385 13.457613945 0.014929367 0.999839187 0.009938211 -18.711385727 -0.053697221 -0.009123260 0.998515725 189.697311401
0.998421609 -0.016575607 0.053661034 13.668547630 0.016068032 0.999822080 0.009876575 -18.926057816 -0.053815201 -0.008998758 0.998510420 191.936889648
0.998402297 -0.017618047 0.053688005 13.871311188 0.017144091 0.999809980 0.009275809 -19.142274857 -0.053841233 -0.008340557 0.998514652 194.187286377
0.998418689 -0.017252516 0.053501699 14.086203575 0.016764101 0.999813855 0.009564354 -19.351066589 -0.053656749 -0.008652321 0.998521924 196.416625977
0.998437285 -0.015820343 0.053596973 14.301546097 0.015288032 0.999829888 0.010327253 -19.566856384 -0.053751223 -0.009491725 0.998509169 198.643173218
0.998436391 -0.012792408 0.054415986 14.502557755 0.012278279 0.999876857 0.009771967 -19.788387299 -0.054534283 -0.009088553 0.998470545 200.911117554
0.998409688 -0.012118284 0.055057172 14.717359543 0.011633265 0.999890745 0.009121336 -20.001688004 -0.055161692 -0.008466335 0.998441517 203.166229248
0.998371720 -0.012841384 0.055581074 14.925437927 0.012306090 0.999874651 0.009962482 -20.212060928 -0.055702046 -0.009262274 0.998404503 205.398773193
0.998321772 -0.014313142 0.056113970 15.134330750 0.013733930 0.999848545 0.010694150 -20.425106049 -0.056258533 -0.009905538 0.998367131 207.615524292
0.998307288 -0.014348021 0.056360874 15.359696388 0.013778111 0.999850035 0.010487393 -20.633964539 -0.056502901 -0.009693095 0.998355389 209.892181396
0.998217046 -0.013887751 0.058050904 15.574719429 0.013238407 0.999845624 0.011555437 -20.842708588 -0.058202431 -0.010766331 0.998246670 212.135070801
0.998136997 -0.012662118 0.059684653 15.813864708 0.011979864 0.999858856 0.011775012 -21.050256729 -0.059825324 -0.011038060 0.998147845 214.372573853
0.997938156 -0.011043544 0.063224278 16.013593674 0.010309547 0.999875784 0.011923889 -21.250846863 -0.063348114 -0.011247492 0.997928083 216.624084473
0.997811437 -0.011324530 0.065146334 16.250320435 0.010552610 0.999870062 0.012180952 -21.454236984 -0.065275788 -0.011466829 0.997801483 218.853149414
0.997684002 -0.012521454 0.066856258 16.486570358 0.011709683 0.999853075 0.012520169 -21.651185989 -0.067003191 -0.011708307 0.997684062 221.082534790
0.997590601 -0.013895814 0.067969494 16.725727081 0.013020187 0.999826670 0.013308783 -21.851808548 -0.068142645 -0.012391740 0.997598648 223.308090210
0.997525394 -0.016090335 0.068441339 16.975870132 0.015263092 0.999804199 0.012592759 -22.058979034 -0.068630584 -0.011516971 0.997575581 225.526199341
0.997501075 -0.017489737 0.068451881 17.222417831 0.016685320 0.999785066 0.012305833 -22.258811951 -0.068652391 -0.011132943 0.997578502 227.772262573
0.997457623 -0.017728304 0.069021374 17.459568024 0.016898394 0.999777973 0.012589393 -22.462820053 -0.069229238 -0.011391036 0.997535765 230.001907349
0.997409701 -0.018733373 0.069446705 17.708709717 0.017985919 0.999773562 0.011372717 -22.666233063 -0.069644026 -0.010094197 0.997520804 232.246444702
0.997379899 -0.019767735 0.069587737 17.957426071 0.018953275 0.999744117 0.012345018 -22.865886688 -0.069813967 -0.010993758 0.997499466 234.481475830
0.997306406 -0.018956818 0.070855126 18.202461243 0.018083110 0.999752522 0.012952182 -23.077922821 -0.071083128 -0.011636015 0.997402489 236.735168457
0.997254550 -0.018658958 0.071659669 18.445301056 0.017781248 0.999759257 0.012866752 -23.278717041 -0.071882486 -0.011557231 0.997346103 238.957672119
0.997232258 -0.019024383 0.071873389 18.698526382 0.018116405 0.999747872 0.013263924 -23.482229233 -0.072107613 -0.011925126 0.997325540 241.177001953
0.997184575 -0.019444525 0.072421335 18.949930191 0.018514650 0.999737620 0.013489136 -23.682651520 -0.072664633 -0.012110301 0.997282863 243.413558960
0.997150779 -0.019724140 0.072810091 19.203359604 0.018835122 0.999739707 0.012876688 -23.889348984 -0.073045120 -0.011468613 0.997262716 245.637481689
0.997162640 -0.019231837 0.072778784 19.468450546 0.018399945 0.999757707 0.012083733 -24.091739655 -0.072993547 -0.010710320 0.997274876 247.872970581
0.997142673 -0.019473825 0.072987996 19.730184555 0.018602289 0.999747515 0.012601699 -24.296068192 -0.073214993 -0.011207948 0.997253120 250.107757568
0.997113526 -0.020918317 0.072985798 19.992174149 0.020055691 0.999720335 0.012532106 -24.500354767 -0.073227532 -0.011032153 0.997254252 252.331649780
0.997115016 -0.021200582 0.072886176 20.262592316 0.020281928 0.999705553 0.013321182 -24.707145691 -0.073147126 -0.011804477 0.997251272 254.590835571
0.997087002 -0.021976430 0.073038064 20.507503510 0.021041172 0.999686837 0.013550097 -24.909595490 -0.073312968 -0.011973821 0.997237086 256.809204102
0.997063935 -0.022483734 0.073197633 20.778642654 0.021504182 0.999668717 0.014143052 -25.119237900 -0.073491380 -0.012527473 0.997217178 259.076477051
0.997038245 -0.022175873 0.073640883 21.039123535 0.021229198 0.999681950 0.013613324 -25.317979813 -0.073919341 -0.012009666 0.997191846 261.320892334
0.997018218 -0.022231532 0.073894888 21.304746628 0.021326806 0.999687850 0.013010071 -25.516288757 -0.074161075 -0.011395332 0.997181177 263.574279785
0.996992588 -0.021491960 0.074457034 21.570573807 0.020602142 0.999707103 0.012698353 -25.724155426 -0.074708134 -0.011126189 0.997143388 265.815979004
0.996928751 -0.021058148 0.075428560 21.836006165 0.020164369 0.999717414 0.012591379 -25.924217224 -0.075672403 -0.011031738 0.997071683 268.060089111
0.996820867 -0.021092083 0.076833531 22.092433929 0.020176230 0.999716103 0.012676888 -26.129978180 -0.077079095 -0.011086375 0.996963382 270.300445557
0.996647358 -0.022128560 0.078768112 22.341617584 0.021167075 0.999691188 0.013020714 -26.333553314 -0.079031914 -0.011309769 0.996807933 272.561828613
0.996422946 -0.022560541 0.081440218 22.600082397 0.021579968 0.999683857 0.012900745 -26.525300980 -0.081705518 -0.011097121 0.996594727 274.793395996
0.996382177 -0.022733638 0.081887834 22.880863190 0.021575492 0.999654710 0.015000385 -26.734989166 -0.082200564 -0.013179345 0.996528685 277.049499512
0.996303320 -0.021703588 0.083117887 23.163988113 0.020390138 0.999654055 0.016618721 -26.939987183 -0.083449818 -0.014862502 0.996401131 279.297058105
0.996168077 -0.021962291 0.084656894 23.438898087 0.020601321 0.999644637 0.016916618 -27.139537811 -0.084998354 -0.015107751 0.996266544 281.566436768
0.996040285 -0.021294629 0.086315326 23.709711075 0.019808540 0.999641120 0.018037194 -27.340106964 -0.086668439 -0.016255992 0.996104479 283.810119629
0.996072948 -0.020347634 0.086165436 24.019899368 0.018965412 0.999678433 0.016829960 -27.528579712 -0.086480178 -0.015129707 0.996138692 286.070617676
0.995949090 -0.019678717 0.087738313 24.289869308 0.018352481 0.999705195 0.015897028 -27.720680237 -0.088025264 -0.014222415 0.996016741 288.300567627
0.995921195 -0.019826861 0.088022299 24.563964844 0.018498210 0.999702692 0.015884694 -27.920688629 -0.088311069 -0.014191645 0.995991766 290.529479980
0.995930493 -0.020445935 0.087774828 24.857664108 0.019177230 0.999699354 0.015273169 -28.109939575 -0.088060714 -0.013527737 0.996023238 292.779052734
0.995916069 -0.021025866 0.087800570 25.146841049 0.019814102 0.999696314 0.014650276 -28.308795929 -0.088081934 -0.012850757 0.996030271 295.007934570
0.995908916 -0.020285903 0.088056408 25.439693451 0.019038467 0.999706507 0.014983196 -28.516557693 -0.088334516 -0.013245441 0.996002734 297.271362305
0.995904326 -0.019925954 0.088190570 25.727996826 0.018630663 0.999706507 0.015486334 -28.710201263 -0.088473260 -0.013779858 0.995983183 299.515472412
0.995895445 -0.019317338 0.088425122 26.012273788 0.017967429 0.999709904 0.016036762 -28.907752991 -0.088709235 -0.014382166 0.995953739 301.757110596
0.995884776 -0.019943215 0.088407092 26.304912567 0.018575495 0.999695003 0.016266568 -29.104124069 -0.088704534 -0.014557418 0.995951593 304.005645752
0.995867848 -0.019464687 0.088703461 26.595348358 0.018073477 0.999701083 0.016460206 -29.298418045 -0.088997364 -0.014789010 0.995922089 306.254943848
0.995862961 -0.020373730 0.088554479 26.884874344 0.019013302 0.999688327 0.016179154 -29.496299744 -0.088856496 -0.014428506 0.995939910 308.506103516
0.995797992 -0.021897765 0.088921852 27.176155090 0.020481253 0.999648869 0.016811242 -29.692523956 -0.089258768 -0.014919371 0.995896697 310.770355225
0.995774746 -0.022041773 0.089144818 27.470113754 0.020692106 0.999657214 0.016036170 -29.887220383 -0.089467734 -0.014123818 0.995889544 313.015411377
0.995797396 -0.021620000 0.088995129 27.770328522 0.020213023 0.999656558 0.016680708 -30.083669662 -0.089325182 -0.014811745 0.995892465 315.261138916
0.995758772 -0.020289475 0.089736544 28.060523987 0.018942859 0.999695182 0.015832722 -30.280523300 -0.090030439 -0.014065709 0.995839655 317.502563477
0.995740354 -0.018595647 0.090307064 28.345680237 0.017186034 0.999718428 0.016361766 -30.478382111 -0.090585895 -0.014740051 0.995779574 319.755310059
0.995692968 -0.017304352 0.091081597 28.635078430 0.015954910 0.999752164 0.015523121 -30.672363281 -0.091327637 -0.014003064 0.995722413 321.980682373
0.995634258 -0.016210841 0.091921099 28.919174194 0.014795777 0.999761641 0.016054988 -30.864671707 -0.092159435 -0.014624852 0.995636821 324.212341309
0.995664001 -0.016079677 0.091622114 29.221500397 0.014528123 0.999739945 0.017576179 -31.072177887 -0.091880895 -0.016168872 0.995638728 326.442016602
0.995636523 -0.016373351 0.091868319 29.512289047 0.014851761 0.999741316 0.017222092 -31.267116547 -0.092126541 -0.015782537 0.995622158 328.676177979
0.995625794 -0.018123804 0.091655686 29.820001602 0.016663779 0.999722123 0.016669810 -31.462455750 -0.091932349 -0.015069562 0.995651245 330.915283203
0.995608449 -0.017964756 0.091875322 30.110666275 0.016525947 0.999728918 0.016397377 -31.655967712 -0.092144996 -0.014807038 0.995635509 333.142425537
0.995562017 -0.018069126 0.092356354 30.401124954 0.016527172 0.999711394 0.017433412 -31.846681595 -0.092644706 -0.015829658 0.995573401 335.383697510
0.995602846 -0.018593360 0.091810927 30.709701538 0.017067809 0.999703348 0.017373608 -32.037147522 -0.092106722 -0.015730206 0.995624840 337.615814209
0.995596349 -0.018044226 0.091992006 30.994180679 0.016458292 0.999702990 0.017969580 -32.237316132 -0.092288949 -0.016376419 0.995597541 339.844329834
0.995621502 -0.018232003 0.091680951 31.296865463 0.016681170 0.999704957 0.017653542 -32.431327820 -0.091975763 -0.016046902 0.995631933 342.076385498
0.995604217 -0.018309737 0.091852337 31.589092255 0.016702605 0.999694347 0.018235225 -32.622955322 -0.092158139 -0.016620897 0.995605648 344.320922852
0.995647967 -0.018262578 0.091387354 31.881673813 0.016646584 0.999691844 0.018414119 -32.812442780 -0.091695473 -0.016812691 0.995645285 346.561706543
0.995671272 -0.017960358 0.091192685 32.173954010 0.016348897 0.999697268 0.018387368 -33.002037048 -0.091495320 -0.016816875 0.995663524 348.794860840
0.995634675 -0.017533310 0.091673560 32.467983246 0.015882574 0.999698877 0.018705390 -33.194686890 -0.091973916 -0.017167725 0.995613396 351.030914307
0.995680094 -0.017486289 0.091188774 32.765270233 0.015800513 0.999691367 0.019175949 -33.386459351 -0.091495924 -0.017652284 0.995648921 353.248870850
0.995698392 -0.017162034 0.091050468 33.059249878 0.015508882 0.999702334 0.018833039 -33.578281403 -0.091346577 -0.017339936 0.995668173 355.494262695
0.995745778 -0.017471984 0.090470754 33.359149933 0.015809523 0.999693334 0.019059883 -33.766056061 -0.090776034 -0.017548501 0.995716631 357.731719971
0.995835721 -0.016976112 0.089570507 33.660568237 0.015222591 0.999679565 0.020224009 -33.959991455 -0.089885138 -0.018776296 0.995775104 359.965606689
0.995902956 -0.017244648 0.088768192 33.961334229 0.015493273 0.999672234 0.020381164 -34.152076721 -0.089090556 -0.018922353 0.995843768 362.212219238
0.995954633 -0.017108556 0.088214010 34.256416321 0.015337239 0.999667704 0.020718662 -34.337715149 -0.088539146 -0.019281888 0.995885968 364.449462891
0.995998263 -0.017011762 0.087738432 34.548011780 0.015298099 0.999679685 0.020167083 -34.527572632 -0.088053413 -0.018744148 0.995939314 366.707733154
0.996036351 -0.017652068 0.087179586 34.835979462 0.015961869 0.999671638 0.020046795 -34.716201782 -0.087504834 -0.018575784 0.995990872 368.950531006
0.996005535 -0.017603731 0.087539494 35.113872528 0.015993195 0.999690354 0.019065320 -34.897949219 -0.087848008 -0.017589126 0.995978534 371.216644287
0.996075571 -0.018091854 0.086637631 35.404224396 0.016468942 0.999675930 0.019410476 -35.093219757 -0.086960725 -0.017907467 0.996050775 373.442565918
0.996120155 -0.017794926 0.086185798 35.695720673 0.016103053 0.999664545 0.020286212 -35.278015137 -0.086517870 -0.018819651 0.996072650 375.694854736
0.996094644 -0.018093796 0.086418107 35.974140167 0.016389385 0.999657750 0.020391887 -35.461364746 -0.086757496 -0.018895915 0.996050239 377.952606201
0.996092618 -0.018826762 0.086284481 36.258769989 0.017119771 0.999643683 0.020480799 -35.649089813 -0.086639307 -0.018923603 0.996060014 380.192626953
0.996131301 -0.018832279 0.085835271 36.554039001 0.017118033 0.999639869 0.020663928 -35.832763672 -0.086193502 -0.019114658 0.996095002 382.439331055
0.996134043 -0.018008186 0.085980624 36.840831757 0.016255725 0.999646425 0.021038922 -36.022922516 -0.086329095 -0.019559912 0.996074557 384.692535400
0.996158481 -0.017136332 0.085874677 37.130672455 0.015378476 0.999659240 0.021089999 -36.204097748 -0.086206816 -0.019688360 0.996082723 386.952056885
0.996184111 -0.015879394 0.085819378 37.420913696 0.014121721 0.999678791 0.021049494 -36.397354126 -0.086126044 -0.019757258 0.996088326 389.222167969
0.996169329 -0.014676780 0.086204201 37.698841095 0.012923035 0.999698758 0.020867022 -36.582458496 -0.086484469 -0.019673068 0.996058941 391.494537354
0.996189713 -0.013435137 0.086171418 37.984470367 0.011531780 0.999679387 0.022547908 -36.770221710 -0.086446725 -0.021468289 0.996025085 393.753326416
0.996121764 -0.012089353 0.087150820 38.258998871 0.010134626 0.999687850 0.022836935 -36.954597473 -0.087399684 -0.021865128 0.995933354 396.022705078
0.996059358 -0.011760895 0.087905623 38.538871765 0.009901763 0.999718606 0.021555405 -37.146785736 -0.088134408 -0.020600049 0.995895505 398.285034180
0.996005297 -0.011802745 0.088509783 38.819404602 0.009991932 0.999732196 0.020874146 -37.332340240 -0.088732451 -0.019906376 0.995856583 400.549987793
0.995839059 -0.012767093 0.090229951 39.087577820 0.010782868 0.999689996 0.022444151 -37.518257141 -0.090488501 -0.021377828 0.995668113 402.788726807
0.995866954 -0.014083562 0.089725487 39.391872406 0.012065258 0.999662697 0.022997063 -37.701343536 -0.090019107 -0.021819450 0.995701015 405.090026855
0.995827138 -0.014538445 0.090094991 39.680740356 0.012549568 0.999665678 0.022602675 -37.881710052 -0.090393484 -0.021377698 0.995676696 407.347503662
0.995768487 -0.013342560 0.090923488 39.984889984 0.011381624 0.999691963 0.022051392 -38.065227509 -0.091189727 -0.020923223 0.995613694 409.605590820
0.995717227 -0.012608676 0.091588467 40.279327393 0.010612398 0.999696076 0.022250604 -38.252670288 -0.091841191 -0.021183332 0.995548308 411.866363525
0.995656967 -0.011505653 0.092384025 40.570419312 0.009509768 0.999712408 0.022015439 -38.437812805 -0.092610754 -0.021041278 0.995480061 414.113830566
0.995568395 -0.010380774 0.093464948 40.871593475 0.008357836 0.999722779 0.022009309 -38.620506287 -0.093667507 -0.021130608 0.995379269 416.387084961
0.995529473 -0.010813700 0.093830474 41.178997040 0.008793244 0.999721050 0.021919878 -38.807163239 -0.094041303 -0.020996809 0.995346963 418.644042969
0.995425463 -0.010819615 0.094926856 41.473457336 0.008787011 0.999723673 0.021804260 -38.988670349 -0.095136538 -0.020870393 0.995245457 420.895965576
0.995347679 -0.010798508 0.095740683 41.767639160 0.008768370 0.999728262 0.021599980 -39.174827576 -0.095947899 -0.020660002 0.995171905 423.149780273
0.995269239 -0.011339384 0.096491210 42.072277069 0.009181426 0.999698281 0.022778984 -39.360759735 -0.096720405 -0.021785296 0.995073140 425.424285889
0.995226026 -0.010488086 0.097031511 42.376194000 0.008244245 0.999690056 0.023496956 -39.542663574 -0.097247869 -0.022584835 0.995003819 427.677978516
0.995144308 -0.009599262 0.097956777 42.685623169 0.007273415 0.999683797 0.024073139 -39.722091675 -0.098156877 -0.023243770 0.994899452 429.953277588
0.995166004 -0.010332212 0.097663090 43.003524780 0.007970374 0.999667108 0.024542823 -39.914440155 -0.097884178 -0.023645774 0.994916856 432.226989746
0.995131612 -0.011128620 0.097923696 43.317913055 0.008822150 0.999674082 0.023955302 -40.103576660 -0.098158374 -0.022974782 0.994905531 434.493682861
0.995124400 -0.010204008 0.098098293 43.636924744 0.007879227 0.999679685 0.024056761 -40.271854401 -0.098312348 -0.023166535 0.994885921 436.763214111
0.995095670 -0.010610717 0.098346725 43.955978394 0.008241439 0.999666691 0.024466086 -40.456268311 -0.098573536 -0.023535574 0.994851530 439.050079346
0.995126247 -0.010600659 0.098038629 44.277210236 0.008237169 0.999666333 0.024481175 -40.632144928 -0.098265432 -0.023554297 0.994881511 441.321777344
0.995120823 -0.010472337 0.098106690 44.590530396 0.007966184 0.999632657 0.025902143 -40.832504272 -0.098341927 -0.024994226 0.994838774 443.575561523
0.995068133 -0.010916333 0.098590977 44.905124664 0.008386059 0.999625683 0.026042394 -41.007259369 -0.098838367 -0.025087163 0.994787216 445.857604980
0.995050490 -0.010625550 0.098801166 45.214748383 0.008137078 0.999640286 0.025555616 -41.186267853 -0.099037156 -0.024625178 0.994778991 448.126617432
0.995049119 -0.010054432 0.098874606 45.528602600 0.007585793 0.999650836 0.025311699 -41.367530823 -0.099094562 -0.024436345 0.994777918 450.386474609
0.994991481 -0.009480546 0.099509157 45.838073730 0.007013594 0.999660075 0.025111808 -41.551216125 -0.099713407 -0.024288120 0.994719684 452.649841309
0.994921029 -0.008800712 0.100272849 46.146263123 0.006307599 0.999663711 0.025153264 -41.721611023 -0.100460492 -0.024393035 0.994641960 454.928497314
0.994898498 -0.008721323 0.100502878 46.456447601 0.006262083 0.999673784 0.024758924 -41.905376434 -0.100686006 -0.024003254 0.994628668 457.187164307
0.994922340 -0.008146586 0.100314505 46.781906128 0.005734267 0.999687970 0.024312461 -42.089347839 -0.100481249 -0.023613784 0.994658649 459.469482422
0.994881988 -0.007165622 0.100789346 47.092262268 0.004676347 0.999678612 0.024912417 -42.270118713 -0.100935474 -0.024313590 0.994595826 461.749694824
0.994922459 -0.006697789 0.100420505 47.410697937 0.004099133 0.999651909 0.026061775 -42.446769714 -0.100560106 -0.025517816 0.994603634 464.023590088
0.994947970 -0.006923896 0.100153059 47.717845917 0.004288476 0.999639452 0.026505319 -42.621086121 -0.100300461 -0.025941910 0.994618893 466.288269043
0.995044947 -0.007087592 0.099173397 48.038749695 0.004595879 0.999668539 0.025330754 -42.796504974 -0.099320076 -0.024749450 0.994747698 468.567749023
0.995099306 -0.006645475 0.098656446 48.361560822 0.004200174 0.999679327 0.024973052 -42.979427338 -0.098790772 -0.024436297 0.994808137 470.861724854
0.995176315 -0.007007692 0.097851254 48.677280426 0.004468640 0.999648213 0.026143173 -43.165122986 -0.098000027 -0.025579805 0.994857609 473.141540527
0.995146513 -0.007182079 0.098141521 48.977424622 0.004602142 0.999638498 0.026489060 -43.345783234 -0.098296300 -0.025908833 0.994819820 475.420776367
0.995230496 -0.006180053 0.097355597 49.286937714 0.003686516 0.999661028 0.025771748 -43.508358002 -0.097481877 -0.025289932 0.994915843 477.725860596
0.995259225 -0.006355139 0.097050130 49.601333618 0.003806703 0.999643564 0.026421595 -43.685623169 -0.097183444 -0.025926894 0.994928718 480.010711670
0.995307148 -0.006935010 0.096516989 49.917930603 0.004366721 0.999631345 0.026795547 -43.861671448 -0.096667252 -0.026248334 0.994970500 482.288391113
0.995316744 -0.007388561 0.096384563 50.223117828 0.004893269 0.999647379 0.026099633 -44.037494659 -0.096543409 -0.025505766 0.995001912 484.572998047
0.995406687 -0.007899681 0.095410317 50.538112640 0.005380070 0.999630690 0.026636604 -44.222293854 -0.095585495 -0.026000939 0.995081604 486.860076904
0.995372534 -0.007036031 0.095832705 50.819065094 0.004485711 0.999630690 0.026801689 -44.390701294 -0.095985889 -0.026247790 0.995036483 489.142639160
0.995395780 -0.006754079 0.095611550 51.128295898 0.004190979 0.999627113 0.026982911 -44.558334351 -0.095758125 -0.026457971 0.995052934 491.445831299
0.995455325 -0.006062437 0.095036685 51.438663483 0.003452000 0.999612987 0.027608048 -44.733367920 -0.095167279 -0.027154515 0.995090842 493.728240967
0.995459139 -0.005557314 0.095027648 51.735942841 0.003006673 0.999631763 0.026963187 -44.903762817 -0.095142521 -0.026555032 0.995109320 496.032257080
0.995469391 -0.005399384 0.094929181 52.050094604 0.002896077 0.999644935 0.026488287 -45.086410522 -0.095038481 -0.026093356 0.995131552 498.342468262
0.995511115 -0.005267262 0.094498158 52.353954315 0.002700209 0.999624372 0.027272427 -45.261993408 -0.094606295 -0.026894839 0.995151401 500.636260986
0.995509207 -0.004965538 0.094533861 52.651489258 0.002370368 0.999617755 0.027544811 -45.441741943 -0.094634496 -0.027197033 0.995140493 502.913787842
0.995544612 -0.003981756 0.094207831 52.956409454 0.001457292 0.999638379 0.026850389 -45.617809296 -0.094280675 -0.026593473 0.995190382 505.202301025
0.995546281 -0.003797724 0.094196647 53.257446289 0.001209105 0.999620438 0.027522864 -45.794803619 -0.094265401 -0.027286392 0.995173037 507.495330811
0.995561361 -0.004238551 0.094018988 53.564212799 0.001718148 0.999637425 0.026872139 -45.976196289 -0.094098799 -0.026591331 0.995207667 509.789062500
0.995578825 -0.004646479 0.093814440 53.873348236 0.002057045 0.999614656 0.027679531 -46.155273438 -0.093906902 -0.027364170 0.995204866 512.087463379
0.995597780 -0.004315687 0.093628936 54.181324005 0.001717304 0.999611616 0.027814778 -46.329246521 -0.093712606 -0.027531538 0.995218694 514.401672363
0.995616257 -0.003660833 0.093460634 54.483848572 0.001086899 0.999619126 0.027576357 -46.503585815 -0.093525976 -0.027353887 0.995240986 516.713195801
0.995606065 -0.002878155 0.093597159 54.777969360 0.000331710 0.999629617 0.027210623 -46.680774689 -0.093640804 -0.027060011 0.995238245 519.000366211
0.995515525 -0.000930769 0.094593666 55.074287415 -0.001687112 0.999617815 0.027591264 -46.865818024 -0.094583206 -0.027627122 0.995133460 521.341735840
0.995437562 0.001176586 0.095407799 55.381160736 -0.003847571 0.999605656 0.027816331 -47.042732239 -0.095337451 -0.028056510 0.995049655 523.678222656
0.995386362 0.001914242 0.095927969 55.690971375 -0.004714852 0.999568939 0.028976779 -47.212059021 -0.095831156 -0.029295379 0.994966388 526.000671387
0.995308161 0.001495905 0.096744426 55.991821289 -0.004311242 0.999573052 0.028898278 -47.384384155 -0.096659884 -0.029179784 0.994889557 528.303588867
0.995243549 -0.000265774 0.097417951 56.296066284 -0.002696577 0.999537945 0.030275762 -47.554611206 -0.097380966 -0.030394450 0.994782925 530.620849609
0.995182157 -0.001734537 0.098027937 56.610214233 -0.001208671 0.999550402 0.029956821 -47.722393036 -0.098035820 -0.029930975 0.994732797 532.938964844
0.995140016 -0.001724787 0.098454773 56.922374725 -0.001171606 0.999568343 0.029353125 -47.893062592 -0.098462895 -0.029325821 0.994708657 535.252990723
0.995026052 -0.001911161 0.099596731 57.230537415 -0.000998192 0.999574423 0.029153312 -48.065586090 -0.099610046 -0.029107720 0.994600713 537.568176270
0.994912207 -0.001254003 0.100737631 57.539894104 -0.001626602 0.999592245 0.028507907 -48.241405487 -0.100732297 -0.028526723 0.994504452 539.886901855
0.994776487 -0.000616896 0.102075204 57.845470428 -0.002282208 0.999597311 0.028282441 -48.418979645 -0.102051549 -0.028367659 0.994374573 542.206237793
0.994671702 -0.000188606 0.103092730 58.162040710 -0.002641282 0.999623477 0.027312733 -48.592670441 -0.103059076 -0.027439499 0.994296670 544.516967773
0.994501889 0.000168299 0.104718655 58.469955444 -0.003083358 0.999612153 0.027675787 -48.765419006 -0.104673386 -0.027846502 0.994116724 546.841918945
0.994417667 -0.000205476 0.105514847 58.790996552 -0.002856233 0.999579251 0.028864939 -48.948623657 -0.105476372 -0.029005177 0.993998826 549.156616211
0.994320273 -0.000266154 0.106428578 59.110668182 -0.002825160 0.999578416 0.028894080 -49.121459961 -0.106391385 -0.029030649 0.993900418 551.459106445
0.994359255 -0.001445580 0.106053934 59.450866699 -0.001571412 0.999596477 0.028358642 -49.298545837 -0.106052138 -0.028365334 0.993955910 553.767700195
0.994404733 -0.001909917 0.105619892 59.794307709 -0.001171359 0.999575853 0.029103531 -49.477424622 -0.105630666 -0.029064411 0.993980587 556.080749512
0.994346499 -0.001771891 0.106169216 60.120819092 -0.001387318 0.999558747 0.029675117 -49.651191711 -0.106174923 -0.029654639 0.993905187 558.385131836
0.994309068 -0.001418589 0.106524318 60.454376221 -0.001857511 0.999528408 0.030648975 -49.821929932 -0.106517568 -0.030672425 0.993837595 560.717407227
0.994300067 -0.002303238 0.106594011 60.797416687 -0.001064866 0.999502182 0.031529810 -49.998210907 -0.106613591 -0.031463593 0.993802607 563.050964355
0.994268417 -0.001662675 0.106899895 61.136276245 -0.001803932 0.999475837 0.032323681 -50.163192749 -0.106897607 -0.032331247 0.993744254 565.365112305
0.994230866 -0.000625979 0.107259326 61.481834412 -0.002771161 0.999499261 0.031520236 -50.333160400 -0.107225344 -0.031635623 0.993731320 567.687377930
0.994261384 0.000138301 0.106977887 61.835475922 -0.003368819 0.999543667 0.030017879 -50.499946594 -0.106924906 -0.030206008 0.993808150 570.015747070
0.994246423 0.000594256 0.107115194 62.186100006 -0.003850864 0.999536514 0.030198580 -50.671424866 -0.107047595 -0.030437315 0.993787885 572.335144043
0.994237125 0.000353529 0.107202835 62.525905609 -0.003750947 0.999496996 0.031491511 -50.852302551 -0.107137792 -0.031712141 0.993738294 574.713684082
0.994222045 0.000280729 0.107343040 62.872039795 -0.003868138 0.999440849 0.033213295 -51.031608582 -0.107273683 -0.033436600 0.993667126 577.027343750
0.994130492 0.000730940 0.108184367 63.199806213 -0.004138412 0.999502242 0.031275731 -51.198913574 -0.108107649 -0.031539872 0.993638754 579.404785156
0.994192183 0.000094166 0.107618637 63.549644470 -0.003468350 0.999508142 0.031166412 -51.363502502 -0.107562780 -0.031358670 0.993703544 581.743103027
0.994167626 -0.001736156 0.107831903 63.898380280 -0.001817618 0.999458671 0.032849580 -51.544200897 -0.107830569 -0.032853991 0.993626237 584.063049316
0.994230628 -0.001440197 0.107253827 64.243659973 -0.002117775 0.999451339 0.033052094 -51.710800171 -0.107242584 -0.033088546 0.993682146 586.381774902
0.994187593 -0.004621829 0.107562229 64.596221924 0.001191961 0.999489546 0.031929750 -51.886741638 -0.107654892 -0.031615958 0.993685424 588.742797852
0.994210422 -0.005041256 0.107332140 64.945327759 0.001614374 0.999486864 0.031990800 -52.051918030 -0.107438341 -0.031632315 0.993708432 591.091918945
0.994211733 -0.006860079 0.107219405 65.285911560 0.003383389 0.999463737 0.032574266 -52.222068787 -0.107385352 -0.032022957 0.993701637 593.427429199
0.994246662 -0.007473304 0.106853589 65.640769958 0.003990586 0.999454916 0.032770105 -52.389671326 -0.107040264 -0.032155160 0.993734598 595.788696289
