1.000000000 0.000000000 0.000000000 0.000000000 0.000000000 1.000000000 0.000000000 0.000000000 0.000000000 0.000000000 1.000000000 0.000000000
0.999999881 0.000146811 0.000459350 0.086240672 -0.000146771 1.000000000 -0.000089089 -0.226374432 -0.000459363 0.000089021 0.999999881 2.287734747
0.999999046 0.000595400 0.001225554 0.164359793 -0.000595974 0.999999642 0.000468301 -0.463694900 -0.001225275 -0.000469031 0.999999166 4.585072517
0.999998391 0.000174160 0.001780095 0.260885388 -0.000175126 0.999999821 0.000542781 -0.693998098 -0.001780000 -0.000543092 0.999998212 6.876357079
0.999996424 0.000092691 0.002665880 0.354142517 -0.000089496 0.999999285 -0.001198452 -0.926143527 -0.002665989 0.001198209 0.999995649 9.174710274
0.999986947 0.001864519 0.004742937 0.445606887 -0.001865524 0.999998212 0.000207354 -1.162073851 -0.004742542 -0.000216200 0.999988735 11.481219292
0.999962866 0.003905914 0.007673369 0.525762975 -0.003916134 0.999991477 0.001317336 -1.390692353 -0.007668158 -0.001347337 0.999969721 13.793711662
0.999943256 0.003680302 0.009996505 0.634912729 -0.003718009 0.999986112 0.003756084 -1.618271112 -0.009982543 -0.003793038 0.999943018 16.066301346
0.999942839 0.003601557 0.010065971 0.769916892 -0.003652885 0.999980390 0.005085510 -1.853069901 -0.010047456 -0.005121990 0.999936402 18.405141830
0.999933362 0.002808576 0.011203838 0.890742302 -0.002868178 0.999981761 0.005307257 -2.077561140 -0.011188730 -0.005339038 0.999923110 20.696437836
0.999927878 0.000424860 0.012000170 1.002159595 -0.000456719 0.999996364 0.002652307 -2.301888704 -0.011999001 -0.002657596 0.999924421 23.014781952
0.999917448 -0.001835724 0.012714094 1.112673521 0.001826072 0.999998033 0.000770730 -2.524443150 -0.012715485 -0.000747449 0.999918878 25.295167923
0.999916255 -0.002595823 0.012676658 1.246445656 0.002595681 0.999996603 0.000027701 -2.770442724 -0.012676686 0.000005206 0.999919593 27.609800339
0.999905348 -0.002211414 0.013581758 1.354156017 0.002224454 0.999997020 -0.000945042 -2.997061014 -0.013579627 0.000975165 0.999907315 29.897289276
0.999892890 0.000121740 0.014635659 1.472035766 -0.000141455 0.999999106 0.001346033 -3.225841761 -0.014635486 -0.001347960 0.999891937 32.182952881
0.999890804 0.002127675 0.014627543 1.603075147 -0.002174918 0.999992549 0.003214565 -3.445058346 -0.014620593 -0.003246028 0.999887884 34.464233398
0.999854207 0.004351965 0.016507268 1.713550091 -0.004477216 0.999961436 0.007558261 -3.680069923 -0.016473738 -0.007631066 0.999835312 36.773815155
0.999832690 0.006183224 0.017217161 1.831469655 -0.006306525 0.999954820 0.007116524 -3.899476528 -0.017172378 -0.007223913 0.999826431 39.046844482
0.999802470 0.005351460 0.019139087 1.938675165 -0.005453960 0.999971032 0.005307242 -4.102935314 -0.019110134 -0.005410577 0.999802768 41.340583801
0.999810159 0.002870267 0.019273624 2.064325809 -0.002951497 0.999986887 0.004187497 -4.328968048 -0.019261353 -0.004243589 0.999805570 43.618507385
0.999817014 0.002655970 0.018944466 2.208290100 -0.002717050 0.999991179 0.003199117 -4.555013657 -0.018935800 -0.003250005 0.999815404 45.859481812
0.999817789 0.001782969 0.019003946 2.336464405 -0.001826543 0.999995768 0.002275726 -4.786782265 -0.018999806 -0.002310023 0.999816954 48.136024475
0.999814928 0.000464954 0.019231068 2.469903708 -0.000519975 0.999995768 0.002856140 -5.018839359 -0.019229656 -0.002865611 0.999810994 50.409938812
0.999794364 -0.000028164 0.020280076 2.598437786 -0.000035926 0.999994934 0.003159894 -5.242171288 -0.020280065 -0.003159972 0.999789357 52.672828674
0.999789655 -0.001374186 0.020467259 2.734851837 0.001303419 0.999993145 0.003470564 -5.476200581 -0.020471890 -0.003443157 0.999784529 54.953056335
0.999754369 -0.001650179 0.022100270 2.852753639 0.001569387 0.999992013 0.003672539 -5.706269264 -0.022106156 -0.003636952 0.999749124 57.250343323
0.999734879 -0.002937330 0.022837752 2.990630627 0.002842104 0.999987125 0.004200969 -5.930846214 -0.022849798 -0.004134948 0.999730349 59.516658783
0.999691665 -0.004330934 0.024448983 3.118927479 0.004242101 0.999984205 0.003684057 -6.157566071 -0.024464551 -0.003579207 0.999694288 61.783809662
0.999672830 -0.004997303 0.025085170 3.268434286 0.004907836 0.999981403 0.003626823 -6.383504868 -0.025102826 -0.003502522 0.999678850 64.037490845
0.999647915 -0.004569141 0.026134711 3.413374424 0.004465271 0.999981999 0.004031389 -6.605036259 -0.026152657 -0.003913272 0.999650240 66.306083679
0.999627292 -0.003624372 0.027056314 3.563159227 0.003502394 0.999983490 0.004554329 -6.834845543 -0.027072370 -0.004457870 0.999623477 68.567741394
0.999590397 -0.003876902 0.028355869 3.702623844 0.003759569 0.999984145 0.004190023 -7.059968948 -0.028371662 -0.004081701 0.999589026 70.822853088
0.999578118 -0.004671752 0.028666450 3.864211321 0.004594746 0.999985635 0.002751566 -7.283689022 -0.028678892 -0.002618690 0.999585271 73.080245972
0.999566078 -0.005516570 0.028939679 4.024751186 0.005423356 0.999979794 0.003298481 -7.512755871 -0.028957296 -0.003140099 0.999575734 75.359596252
0.999521017 -0.006684616 0.030220771 4.183581352 0.006604511 0.999974430 0.002749689 -7.744007111 -0.030238381 -0.002548779 0.999539495 77.624588013
0.999517202 -0.007820167 0.030070037 4.340296268 0.007755342 0.999967337 0.002271804 -7.971742630 -0.030086821 -0.002037504 0.999545217 79.886619568
0.999487579 -0.008282692 0.030919503 4.489458084 0.008229121 0.999964356 0.001859449 -8.190373421 -0.030933803 -0.001604056 0.999520123 82.141410828
0.999480247 -0.007572498 0.031338450 4.667407990 0.007521552 0.999970198 0.001743283 -8.419796944 -0.031350713 -0.001506663 0.999507308 84.420135498
0.999424636 -0.007211408 0.033139918 4.822579384 0.007139913 0.999971926 0.002275213 -8.641374588 -0.033155397 -0.002037288 0.999448121 86.672172546
0.999422908 -0.007329360 0.033168968 4.993278980 0.007219165 0.999967992 0.003440792 -8.875823021 -0.033193126 -0.003199355 0.999443829 88.958282471
0.999392390 -0.006224443 0.034294523 5.152445793 0.006083560 0.999972641 0.004210864 -9.106575966 -0.034319796 -0.003999672 0.999402881 91.216712952
0.999364793 -0.006239343 0.035087407 5.320020676 0.006100204 0.999973118 0.004071149 -9.329342842 -0.035111859 -0.003854523 0.999375880 93.470413208
0.999346673 -0.006543844 0.035544876 5.490414619 0.006426370 0.999973476 0.003418209 -9.548128128 -0.035566304 -0.003187552 0.999362230 95.727043152
0.999314308 -0.006859573 0.036385693 5.655776501 0.006724830 0.999970078 0.003824274 -9.772752762 -0.036410820 -0.003576964 0.999330521 97.983497620
0.999281287 -0.006610975 0.037325833 5.816598892 0.006491381 0.999973416 0.003324339 -10.005719185 -0.037346810 -0.003079654 0.999297619 100.225791931
0.999227941 -0.006643264 0.038719896 5.974683762 0.006478622 0.999969482 0.004376025 -10.223865509 -0.038747787 -0.004121795 0.999240518 102.455963135
0.999220192 -0.007094489 0.038840946 6.172825336 0.006933460 0.999966800 0.004278974 -10.452825546 -0.038870018 -0.004006334 0.999236345 104.739280701
0.999185026 -0.007601969 0.039641973 6.348477364 0.007415651 0.999960721 0.004844955 -10.669765472 -0.039677259 -0.004547035 0.999202192 106.977310181
0.999159575 -0.008971427 0.039995588 6.532186031 0.008777978 0.999948859 0.005009776 -10.889748573 -0.040038485 -0.004654485 0.999187231 109.231292725
0.999120474 -0.010175212 0.040676728 6.714360237 0.009940865 0.999932826 0.005959331 -11.118868828 -0.040734630 -0.005549728 0.999154568 111.489768982
0.999095440 -0.011066438 0.041059520 6.902238846 0.010892245 0.999930739 0.004463748 -11.339563370 -0.041106068 -0.004012479 0.999146879 113.752601624
0.999050736 -0.011330257 0.042062610 7.081755638 0.011187784 0.999930859 0.003620984 -11.562638283 -0.042100724 -0.003146960 0.999108434 116.004005432
0.999010324 -0.011582534 0.042944841 7.263944626 0.011414953 0.999926269 0.004145378 -11.793619156 -0.042989682 -0.003651062 0.999068856 118.256919861
0.998961210 -0.011829949 0.044005036 7.452604294 0.011625580 0.999920428 0.004897176 -12.019334793 -0.044059470 -0.004380504 0.999019444 120.527946472
0.998955429 -0.012634618 0.043914720 7.657454491 0.012404195 0.999907851 0.005515617 -12.246656418 -0.043980364 -0.004965128 0.999020100 122.735939026
0.998874605 -0.013497122 0.045468066 7.846834183 0.013274652 0.999898434 0.005191255 -12.476197243 -0.045533519 -0.004581839 0.998952448 125.050605774
0.998843849 -0.014333346 0.045885749 8.035749435 0.014143774 0.999890029 0.004453404 -12.699335098 -0.045944542 -0.003799258 0.998936713 127.303810120
0.998822153 -0.015823394 0.045867488 8.224308014 0.015614734 0.999866009 0.004903959 -12.920496941 -0.045938931 -0.004181973 0.998935521 129.566009521
0.998845398 -0.016920809 0.044961683 8.412708282 0.016704893 0.999846995 0.005173685 -13.137424469 -0.045042351 -0.004416631 0.998975337 131.811477661
0.998901963 -0.017185677 0.043583378 8.609272003 0.016921081 0.999836087 0.006432731 -13.357357025 -0.043686785 -0.005688190 0.999029100 134.046691895
0.998955548 -0.017872497 0.042052548 8.792032242 0.017622884 0.999824822 0.006298948 -13.580424309 -0.042157762 -0.005551282 0.999095559 136.296981812
0.999027848 -0.018796317 0.039874136 9.000665665 0.018563909 0.999808490 0.006190885 -13.801072121 -0.039982870 -0.005444646 0.999185562 138.522918701
0.999010384 -0.019519769 0.039963864 9.164805412 0.019310018 0.999797702 0.005627884 -14.014449120 -0.040065631 -0.004850612 0.999185264 140.815872192
0.998999894 -0.019958204 0.040010218 9.336119652 0.019752976 0.999789655 0.005518131 -14.223110199 -0.040111933 -0.004722292 0.999184012 143.049636841
0.999040306 -0.020057566 0.038936619 9.522562027 0.019795969 0.999778867 0.007092505 -14.455462456 -0.039070271 -0.006314910 0.999216497 145.290878296
0.999053776 -0.019205770 0.039022386 9.697000504 0.018984064 0.999801517 0.006044035 -14.671536446 -0.039130721 -0.005297512 0.999220073 147.543869019
0.999068499 -0.018093230 0.039174329 9.876514435 0.017929038 0.999828935 0.004538549 -14.890179634 -0.039249748 -0.003831964 0.999222100 149.792724609
0.999086082 -0.016365413 0.039485324 10.051638603 0.016233649 0.999861538 0.003655292 -15.111061096 -0.039539676 -0.003010961 0.999213457 152.045547485
0.999095023 -0.015566829 0.039581619 10.239383698 0.015439041 0.999874532 0.003532211 -15.328073502 -0.039631639 -0.002917912 0.999210238 154.296356201
0.999082804 -0.014849431 0.040162217 10.417358398 0.014700200 0.999883890 0.004008386 -15.549031258 -0.040217079 -0.003414317 0.999185145 156.562789917
0.999084055 -0.014382176 0.040300712 10.612586975 0.014189414 0.999886513 0.005065054 -15.772341728 -0.040368978 -0.004488572 0.999174714 158.778564453
0.999035358 -0.013401421 0.041818645 10.781383514 0.013149411 0.999893665 0.006295543 -16.002035141 -0.041898567 -0.005739580 0.999105394 161.092239380
0.999016583 -0.012344313 0.042586923 10.970163345 0.011994615 0.999892235 0.008457180 -16.224763870 -0.042686734 -0.007938049 0.999056935 163.328369141
0.998974919 -0.011833383 0.043695837 11.148490906 0.011533853 0.999908268 0.007100691 -16.430662155 -0.043775856 -0.006589430 0.999019563 165.612823486
0.998934031 -0.011201213 0.044781551 11.341262817 0.010956468 0.999923706 0.005707030 -16.644630432 -0.044842064 -0.005210299 0.998980463 167.866378784
0.998861611 -0.009402083 0.046766791 11.527805328 0.009130823 0.999940276 0.006010536 -16.862602234 -0.046820506 -0.005576674 0.998887777 170.103408813
0.998754203 -0.008747530 0.049127579 11.734852791 0.008445291 0.999944150 0.006356394 -17.090190887 -0.049180444 -0.005933580 0.998772264 172.393554688
0.998626530 -0.008939271 0.051624727 11.932882309 0.008640819 0.999944687 0.006001438 -17.305269241 -0.051675510 -0.005547115 0.998648524 174.666290283
0.998541594 -0.008855245 0.053256653 12.142474174 0.008519177 0.999942362 0.006534038 -17.524860382 -0.053311445 -0.006070805 0.998559475 176.918548584
0.998494685 -0.009173339 0.054075044 12.345715523 0.008787768 0.999934316 0.007363741 -17.738555908 -0.054139037 -0.006877459 0.998509765 179.142990112
0.998479784 -0.010998733 0.054009292 12.562613487 0.010622324 0.999917269 0.007251422 -17.964065552 -0.054084577 -0.006666695 0.998514116 181.422897339
0.998444080 -0.011840980 0.054492019 12.763417244 0.011471019 0.999908924 0.007097047 -18.178850174 -0.054571096 -0.006460924 0.998489022 183.668640137
0.998508692 -0.013068152 0.053005606 12.995718002 0.012708968 0.999893963 0.007107773 -18.404914856 -0.053092871 -0.006423526 0.998568892 185.905059814
0.998517036 -0.015024601 0.052325476 13.206306458 0.014633291 0.999862075 0.007853534 -18.623363495 -0.052436251 -0.007076194 0.998599172 188.150985718
0.998529911 -0.015831280 0.051839534 13.417139053 0.015456162 0.999851406 0.007629100 -18.837802887 -0.051952608 -0.006816644 0.998626292 190.393417358
0.998482287 -0.016813636 0.052443925 13.611686707 0.016444325 0.999836922 0.007465552 -19.059377670 -0.052560896 -0.006591817 0.998595953 192.636428833
0.998435318 -0.018017918 0.052935936 13.799732208 0.017685885 0.999820888 0.006734155 -19.267095566 -0.053047795 -0.005787399 0.998575151 194.874908447
0.998484790 -0.017704090 0.052101679 14.042530060 0.017357966 0.999824226 0.007088261 -19.498062134 -0.052218009 -0.006173141 0.998616636 197.138244629
0.998508632 -0.015770277 0.052267201 14.255702972 0.015418520 0.999855757 0.007126389 -19.713130951 -0.052372053 -0.006309878 0.998607695 199.377090454
0.998522997 -0.013749482 0.052560564 14.462130547 0.013404895 0.999886334 0.006902961 -19.939819336 -0.052649502 -0.006188196 0.998593807 201.646377563
0.998496771 -0.013432363 0.053137586 14.673599243 0.013137129 0.999896228 0.005901421 -20.155071259 -0.053211343 -0.005194474 0.998569906 203.911270142
0.998456419 -0.013596809 0.053850386 14.873863220 0.013250111 0.999889195 0.006789952 -20.369253159 -0.053936746 -0.006065948 0.998525858 206.138275146
0.998454273 -0.015096359 0.053489815 15.111913681 0.014742373 0.999866784 0.007006238 -20.601070404 -0.053588450 -0.006206842 0.998543799 208.398422241
0.998392165 -0.014585013 0.054775503 15.318328857 0.014212072 0.999873102 0.007191950 -20.806764603 -0.054873440 -0.006401913 0.998472869 210.648925781
0.998306036 -0.015376692 0.056112979 15.532348633 0.014907571 0.999850333 0.008769331 -21.043981552 -0.056239437 -0.007917968 0.998385906 212.894165039
0.998247802 -0.013852711 0.057528056 15.768659592 0.013343482 0.999868393 0.009226568 -21.258268356 -0.057648301 -0.008442778 0.998301208 215.126480103
0.998091877 -0.011687458 0.060630091 15.996685028 0.011152295 0.999895871 0.009157612 -21.472518921 -0.060730807 -0.008463973 0.998118281 217.422729492
0.997948885 -0.011711089 0.062935524 16.223152161 0.011134638 0.999892831 0.009502336 -21.683517456 -0.063040078 -0.008782081 0.997972310 219.671005249
0.997820675 -0.013171199 0.064656451 16.457876205 0.012542568 0.999870062 0.010118950 -21.892383575 -0.064781353 -0.009285938 0.997856259 221.903549194
0.997712910 -0.014819830 0.065948993 16.691274643 0.014128735 0.999840379 0.010933348 -22.099193573 -0.066100478 -0.009976567 0.997763097 224.137191772
0.997638643 -0.016897811 0.066570036 16.942571640 0.016237646 0.999813735 0.010445473 -22.315641403 -0.066734135 -0.009339868 0.997727096 226.375656128
0.997604132 -0.018003006 0.066797450 17.182167053 0.017368177 0.999798417 0.010072346 -22.519779205 -0.066965319 -0.008888065 0.997715712 228.625732422
0.997561455 -0.018372925 0.067331120 17.426433563 0.017727898 0.999791205 0.010165007 -22.726825714 -0.067503810 -0.008946578 0.997678876 230.870849609
0.997496247 -0.019441972 0.067996226 17.667839050 0.018844979 0.999778211 0.009410314 -22.938215256 -0.068164095 -0.008105364 0.997641206 233.116760254
0.997495413 -0.020095956 0.067816600 17.937139511 0.019432686 0.999756813 0.010425956 -23.153079987 -0.068009615 -0.009081983 0.997643471 235.410415649
0.997460485 -0.019814095 0.068410583 18.181953430 0.019134657 0.999760985 0.010572902 -23.359273911 -0.068603724 -0.009237041 0.997601211 237.654205322
0.997415483 -0.019735312 0.069086164 18.419208527 0.019062862 0.999764383 0.010379421 -23.561588287 -0.069274746 -0.009035615 0.997556686 239.878936768
0.997384608 -0.019853799 0.069495477 18.666809082 0.019163523 0.999760330 0.010585399 -23.767990112 -0.069688983 -0.009225939 0.997526050 242.114486694
0.997342944 -0.020233491 0.069985174 18.913707733 0.019541316 0.999753237 0.010560943 -23.970800400 -0.070181616 -0.009165277 0.997492135 244.356582642
0.997299910 -0.020298909 0.070576541 19.161350250 0.019654255 0.999758780 0.009816640 -24.182617188 -0.070758767 -0.008403005 0.997458041 246.591522217
0.997315228 -0.019871151 0.070480227 19.422183990 0.019276578 0.999772847 0.009106174 -24.394433975 -0.070645146 -0.007723110 0.997471750 248.831100464
0.997300625 -0.020185411 0.070597261 19.677581787 0.019558880 0.999763072 0.009554866 -24.604236603 -0.070773415 -0.008148271 0.997459114 251.070678711
0.997271955 -0.021546915 0.070599809 19.932270050 0.020928396 0.999735951 0.009489066 -24.815149307 -0.070785619 -0.007985637 0.997459590 253.302551270
0.997250080 -0.021638751 0.070880771 20.185766220 0.020960087 0.999727190 0.010304642 -25.026046753 -0.071084410 -0.008790636 0.997431695 255.552780151
0.997222364 -0.022334777 0.071054891 20.427560806 0.021642722 0.999710679 0.010494864 -25.234807968 -0.071268730 -0.008927892 0.997417212 257.771484375
0.997186899 -0.022478594 0.071505614 20.692092896 0.021754269 0.999704003 0.010892413 -25.448030472 -0.071729288 -0.009306219 0.997380674 260.043243408
0.997163713 -0.022251850 0.071897894 20.949577332 0.021560829 0.999713719 0.010373106 -25.654525757 -0.072108135 -0.008793507 0.997358024 262.290130615
0.997133076 -0.022244992 0.072324350 21.208902359 0.021583360 0.999717891 0.009916844 -25.861795425 -0.072524548 -0.008327410 0.997331858 264.550994873
0.997108042 -0.021545529 0.072878845 21.470020294 0.020901041 0.999735534 0.009594478 -26.076398849 -0.073066287 -0.008043488 0.997294664 266.793121338
0.997046173 -0.021070542 0.073858075 21.727397919 0.020422103 0.999746144 0.009523824 -26.280767441 -0.074039996 -0.007987355 0.997223318 269.035705566
0.996914506 -0.020433374 0.075790413 21.977807999 0.019789230 0.999761403 0.009240474 -26.499511719 -0.075961150 -0.007712126 0.997081101 271.292846680
0.996820927 -0.021131365 0.076821908 22.251073837 0.020457555 0.999745131 0.009547561 -26.712474823 -0.077004083 -0.007945620 0.996999145 273.540618896
0.996616662 -0.021783752 0.079250179 22.499477386 0.021031667 0.999725640 0.010312485 -26.919582367 -0.079453081 -0.008610832 0.996801555 275.782989502
0.996501386 -0.021842800 0.080671579 22.774480820 0.020964816 0.999711573 0.011714524 -27.120836258 -0.080904193 -0.009982274 0.996671915 278.023162842
0.996461153 -0.021051379 0.081375703 23.066455841 0.020065006 0.999715149 0.012920104 -27.336549759 -0.081624500 -0.011241576 0.996599674 280.278076172
0.996361077 -0.020779511 0.082660109 23.347131729 0.019693833 0.999709070 0.013928074 -27.543478012 -0.082925469 -0.012249498 0.996480465 282.514343262
0.996291101 -0.019643528 0.083774783 23.623735428 0.018556209 0.999733388 0.013738126 -27.735298157 -0.084022298 -0.012132629 0.996389985 284.772674561
0.996188700 -0.018735847 0.085187994 23.892509460 0.017654385 0.999753952 0.013430732 -27.934135437 -0.085418671 -0.011875602 0.996274412 287.001831055
0.996209443 -0.018109612 0.085080057 24.189191818 0.017193200 0.999786139 0.011491621 -28.118532181 -0.085269965 -0.009985263 0.996307850 289.241516113
0.996156693 -0.018918170 0.085522018 24.463880539 0.017969210 0.999768257 0.011852392 -28.328752518 -0.085726425 -0.010270076 0.996265829 291.466735840
0.996050775 -0.019187639 0.086687334 24.720546722 0.018324077 0.999774337 0.010746647 -28.527942657 -0.086873963 -0.009115742 0.996177554 293.727447510
0.996058464 -0.019825500 0.086455427 25.004407883 0.019061189 0.999771655 0.009657135 -28.728616714 -0.086627148 -0.007971128 0.996208906 295.955230713
0.996052265 -0.019935973 0.086501248 25.286624908 0.019179381 0.999770284 0.009568966 -28.935796738 -0.086672142 -0.007872147 0.996205807 298.185943604
0.996057272 -0.019167271 0.086618260 25.569097519 0.018384095 0.999782681 0.009830462 -29.141904831 -0.086787879 -0.008199303 0.996193051 300.422821045
0.996004164 -0.019102436 0.087241098 25.834156036 0.018234501 0.999776065 0.010734867 -29.354623795 -0.087426625 -0.009101175 0.996129394 302.657836914
0.996004701 -0.019779488 0.087083012 26.124231339 0.018923163 0.999764264 0.010648115 -29.557640076 -0.087273084 -0.008957688 0.996144176 304.907745361
0.995968044 -0.019091474 0.087653376 26.410850525 0.018209906 0.999775290 0.010846090 -29.764774323 -0.087840751 -0.009206200 0.996091962 307.153564453
0.995980740 -0.019880667 0.087333463 26.701574326 0.018987365 0.999758661 0.011047494 -29.982837677 -0.087532036 -0.009344860 0.996117890 309.404968262
0.995934606 -0.021117790 0.087568507 26.988328934 0.020203838 0.999731779 0.011310290 -30.185878754 -0.087783873 -0.009495089 0.996094227 311.661621094
0.995905042 -0.020758552 0.087990060 27.273666382 0.019887626 0.999744236 0.010763213 -30.396034241 -0.088190988 -0.008969222 0.996063173 313.904266357
0.995913327 -0.020330602 0.087996230 27.567743301 0.019398481 0.999746442 0.011435057 -30.605165482 -0.088206381 -0.009681331 0.996055186 316.153991699
0.995872855 -0.018773170 0.088796534 27.852859497 0.017897597 0.999783158 0.010646459 -30.814085007 -0.088977158 -0.009013273 0.995992899 318.398559570
0.995870948 -0.017247463 0.089128196 28.136201859 0.016310081 0.999803841 0.011234916 -31.020275116 -0.089304492 -0.009734837 0.995956779 320.647064209
0.995813966 -0.015902856 0.090009063 28.415967941 0.014978557 0.999828041 0.010935182 -31.227722168 -0.090167485 -0.009541199 0.995880902 322.879455566
0.995762229 -0.014951088 0.090743124 28.697320938 0.013977305 0.999837756 0.011357269 -31.429695129 -0.090898201 -0.010040793 0.995809555 325.119903564
0.995771229 -0.014708760 0.090682708 28.996402740 0.013607288 0.999826074 0.012752785 -31.644676208 -0.090854518 -0.011464911 0.995798171 327.349700928
0.995734692 -0.015528907 0.090946287 29.280797958 0.014437269 0.999815762 0.012648760 -31.853763580 -0.091125935 -0.011281794 0.995775461 329.595825195
0.995760977 -0.017599247 0.090278342 29.585479736 0.016598776 0.999792337 0.011820991 -32.055690765 -0.090467647 -0.010272373 0.995846391 331.829376221
0.995737851 -0.017036403 0.090641573 29.868015289 0.016045604 0.999803364 0.011648508 -32.262561798 -0.090822212 -0.010144461 0.995815396 334.039886475
0.995715916 -0.017316384 0.090828851 30.157066345 0.016204664 0.999784648 0.012962998 -32.466259003 -0.091033764 -0.011435613 0.995782077 336.270660400
0.995778024 -0.017839609 0.090044759 30.464134216 0.016758984 0.999778330 0.012742881 -32.666030884 -0.090252154 -0.011180021 0.995856166 338.506378174
0.995769680 -0.017762182 0.090151198 30.749826431 0.016646186 0.999775410 0.013115971 -32.875118256 -0.090363912 -0.011559812 0.995841682 340.748565674
0.995817304 -0.017982988 0.089578964 31.049585342 0.016892456 0.999773860 0.012917312 -33.081596375 -0.089791000 -0.011350073 0.995895982 342.990722656
0.995833039 -0.017993856 0.089402609 31.339591980 0.016885530 0.999771118 0.013137974 -33.280799866 -0.089618556 -0.011573619 0.995908856 345.233001709
0.995875537 -0.017914375 0.088943213 31.629533768 0.016805969 0.999771714 0.013195268 -33.479766846 -0.089159288 -0.011646066 0.995949268 347.468536377
0.995918930 -0.017877769 0.088465050 31.918716431 0.016772352 0.999772012 0.013223220 -33.682628632 -0.088681296 -0.011685488 0.995991528 349.715179443
0.995931506 -0.017390871 0.088419609 32.202648163 0.016235555 0.999773502 0.013768748 -33.887634277 -0.088639013 -0.012277190 0.995988071 351.953369141
0.995966077 -0.017808003 0.087945916 32.489086151 0.016633946 0.999762714 0.014064683 -34.084789276 -0.088175520 -0.012545059 0.996025980 354.181884766
0.995990634 -0.017617425 0.087705702 32.772449493 0.016496781 0.999772906 0.013485866 -34.285499573 -0.087923385 -0.011984933 0.996055126 356.419525146
0.996050477 -0.017879430 0.086968549 33.064128876 0.016740171 0.999764502 0.013811374 -34.483947754 -0.087195009 -0.012300961 0.996115327 358.654876709
0.996105909 -0.017256930 0.086459152 33.353500366 0.016051216 0.999764264 0.014621338 -34.686313629 -0.086691074 -0.013176627 0.996148109 360.902374268
0.996175945 -0.017488277 0.085600898 33.647521973 0.016297072 0.999760687 0.014594886 -34.888969421 -0.085835658 -0.013144028 0.996222615 363.147491455
0.996220887 -0.017425118 0.085089684 33.935657501 0.016191510 0.999753892 0.015166448 -35.089248657 -0.085333019 -0.013731402 0.996257842 365.386993408
0.996271551 -0.017444611 0.084490441 34.221576691 0.016273037 0.999761939 0.014535311 -35.290626526 -0.084723875 -0.013106203 0.996318281 367.647094727
0.996293545 -0.018176401 0.084076375 34.502235413 0.017009243 0.999749184 0.014577631 -35.494514465 -0.084320240 -0.013093526 0.996352673 369.896881104
0.996291041 -0.018029878 0.084138878 34.775539398 0.016946364 0.999764323 0.013574263 -35.684761047 -0.084363781 -0.012098065 0.996361554 372.145629883
0.996345997 -0.018206308 0.083444662 35.056186676 0.017109862 0.999757826 0.013836184 -35.897472382 -0.083676338 -0.012357902 0.996416330 374.389373779
0.996436357 -0.018219290 0.082356945 35.344940186 0.017094303 0.999750972 0.014344498 -36.094284058 -0.082597777 -0.012885544 0.996499658 376.634216309
0.996363878 -0.017987642 0.083279327 35.613513947 0.016807856 0.999748468 0.014846141 -36.292423248 -0.083525442 -0.013392411 0.996415615 378.878204346
0.996361375 -0.018658739 0.083161883 35.892723083 0.017456010 0.999732614 0.015166312 -36.495903015 -0.083422631 -0.013659454 0.996420622 381.118927002
0.996378601 -0.018546367 0.082979880 36.175575256 0.017332599 0.999732316 0.015323854 -36.692810059 -0.083241872 -0.013830102 0.996433377 383.375793457
0.996403039 -0.017770335 0.082856707 36.459957123 0.016538050 0.999742508 0.015535199 -36.894023895 -0.083111443 -0.014109032 0.996440351 385.631347656
0.996402919 -0.016880212 0.083043449 36.734996796 0.015642410 0.999756992 0.015533616 -37.085475922 -0.083285481 -0.014178740 0.996424794 387.883880615
0.996426821 -0.015661709 0.082995944 37.018608093 0.014419479 0.999775112 0.015545737 -37.290569305 -0.083220750 -0.014293429 0.996428728 390.153259277
0.996428907 -0.014267008 0.083222203 37.295249939 0.013017949 0.999794722 0.015532088 -37.491641998 -0.083426721 -0.014393240 0.996409953 392.434570312
0.996469200 -0.013103447 0.082930207 37.577682495 0.011744549 0.999789000 0.016852746 -37.688003540 -0.083133548 -0.015819266 0.996412814 394.689941406
0.996401489 -0.011931265 0.083914988 37.845684052 0.010506489 0.999793410 0.017399969 -37.886215210 -0.084105253 -0.016455702 0.996320963 396.950897217
0.996349454 -0.011686426 0.084564753 38.123989105 0.010378429 0.999819994 0.015890524 -38.089973450 -0.084735222 -0.014954868 0.996291280 399.218139648
0.996267915 -0.011024920 0.085607946 38.398593903 0.009739810 0.999833822 0.015414811 -38.288341522 -0.085763656 -0.014523477 0.996209621 401.483306885
0.996212125 -0.012759801 0.086016215 38.672386169 0.011392940 0.999801159 0.016362974 -38.483657837 -0.086207911 -0.015321014 0.996159375 403.749206543
0.996142685 -0.014330115 0.086570144 38.954227448 0.012836007 0.999759376 0.017791020 -38.684425354 -0.086804263 -0.016611181 0.996086955 405.998657227
0.996158540 -0.014784122 0.086311214 39.246807098 0.013321767 0.999758184 0.017494317 -38.874542236 -0.086548984 -0.016277296 0.996114612 408.263366699
0.996141434 -0.014774356 0.086510368 39.541893005 0.013401553 0.999775171 0.016428014 -39.068241119 -0.086733639 -0.015205250 0.996115565 410.528808594
0.996104479 -0.013211708 0.087185651 39.844478607 0.011809042 0.999792755 0.016584463 -39.271228790 -0.087386698 -0.015490280 0.996053934 412.804840088
0.996041954 -0.011923443 0.088081054 40.125099182 0.010514445 0.999809504 0.016443305 -39.467590332 -0.088260323 -0.015452095 0.995977581 415.046813965
0.995950639 -0.010545419 0.089281224 40.414428711 0.009112350 0.999823272 0.016443595 -39.662067413 -0.089438841 -0.015563450 0.995870650 417.320617676
0.995905757 -0.010827358 0.089746445 40.711570740 0.009409104 0.999824345 0.016210955 -39.858863831 -0.089906186 -0.015300148 0.995832622 419.574005127
0.995818734 -0.010700676 0.090722188 40.997489929 0.009260968 0.999824643 0.016275531 -40.052635193 -0.090880424 -0.015367304 0.995743215 421.826904297
0.995718062 -0.010644784 0.091826856 41.279853821 0.009205181 0.999828339 0.016086683 -40.250930786 -0.091982327 -0.015172517 0.995645046 424.081817627
0.995672405 -0.011068393 0.092271149 41.580192566 0.009520243 0.999806702 0.017201612 -40.449501038 -0.092443727 -0.016248725 0.995585322 426.357360840
0.995628119 -0.010244341 0.092841819 41.873268127 0.008624540 0.999803782 0.017831367 -40.643466949 -0.093006268 -0.016952693 0.995521188 428.616333008
0.995552897 -0.009407831 0.093733326 42.173435211 0.007709929 0.999799848 0.018459905 -40.835750580 -0.093888216 -0.017655136 0.995426118 430.892242432
0.995570004 -0.009850387 0.093505517 42.475692749 0.008138003 0.999792397 0.018676883 -41.038887024 -0.093670070 -0.017833199 0.995443583 433.151245117
0.995516598 -0.010521057 0.094000235 42.780761719 0.008849152 0.999795496 0.018185353 -41.241107941 -0.094172321 -0.017271997 0.995406091 435.418609619
0.995517910 -0.009682836 0.094076239 43.088546753 0.008012044 0.999803662 0.018121488 -41.419929504 -0.094233230 -0.017286524 0.995400012 437.685302734
0.995476425 -0.010195344 0.094460368 43.390655518 0.008491390 0.999794245 0.018423222 -41.614845276 -0.094628774 -0.017537788 0.995358109 439.963348389
0.995520532 -0.010289792 0.093984783 43.703536987 0.008581672 0.999790907 0.018560564 -41.805534363 -0.094156109 -0.017670875 0.995400608 442.236999512
0.995534182 -0.009295855 0.093942329 44.028205872 0.007487296 0.999780118 0.019585954 -42.012252808 -0.094103739 -0.018795116 0.995384932 444.508178711
0.995504379 -0.009951591 0.094192326 44.335109711 0.008131880 0.999773204 0.019683274 -42.202365875 -0.094366863 -0.018828820 0.995359361 446.785705566
0.995499551 -0.009751616 0.094263405 44.636569977 0.007971060 0.999782979 0.019247277 -42.395637512 -0.094430640 -0.018409276 0.995361209 449.049804688
0.995509207 -0.009232465 0.094212711 44.940788269 0.007479787 0.999792635 0.018939607 -42.589973450 -0.094368026 -0.018149864 0.995371938 451.311279297
0.995471716 -0.008538090 0.094673723 45.242866516 0.006797090 0.999802113 0.018696725 -42.787681580 -0.094814643 -0.017968554 0.995332718 453.572631836
0.995400965 -0.007889313 0.095470600 45.541873932 0.006131826 0.999806583 0.018688072 -42.972023010 -0.095599554 -0.018016716 0.995256841 455.849487305
0.995388985 -0.008122369 0.095576316 45.841152191 0.006374824 0.999807239 0.018575462 -43.173576355 -0.095708773 -0.017880529 0.995248795 458.108215332
0.995438039 -0.007064934 0.095148362 46.163776398 0.005411218 0.999830127 0.017627196 -43.365028381 -0.095256716 -0.017031915 0.995307028 460.400054932
0.995420992 -0.006219077 0.095384754 46.468975067 0.004484544 0.999820888 0.018388182 -43.563079834 -0.095482044 -0.017876226 0.995270610 462.685119629
0.995440900 -0.005739774 0.095206857 46.772830963 0.003896305 0.999801457 0.019537382 -43.754852295 -0.095300101 -0.019077355 0.995265722 464.958465576
0.995488048 -0.005842648 0.094706342 47.071918488 0.003970117 0.999793112 0.019948337 -43.943675995 -0.094803296 -0.019482337 0.995305359 467.226470947
0.995566845 -0.005805511 0.093877174 47.380699158 0.004069969 0.999817431 0.018668270 -44.134010315 -0.093968414 -0.018203434 0.995408773 469.510162354
0.995668769 -0.005992207 0.092778511 47.699829102 0.004321202 0.999825001 0.018201116 -44.329315186 -0.092871353 -0.017721368 0.995520413 471.806121826
0.995757878 -0.006404212 0.091789074 48.005577087 0.004670008 0.999806762 0.019095710 -44.528503418 -0.091893628 -0.018586051 0.995595336 474.088928223
0.995766699 -0.006567923 0.091682196 48.297004700 0.004831259 0.999804974 0.019151315 -44.720642090 -0.091790080 -0.018627299 0.995604098 476.364776611
0.995788932 -0.006415175 0.091450773 48.588310242 0.004692524 0.999807715 0.019039499 -44.907852173 -0.091555342 -0.018530190 0.995627522 478.668151855
0.995820820 -0.006338717 0.091109440 48.887722015 0.004558404 0.999794841 0.019735204 -45.101627350 -0.091215841 -0.019237410 0.995645225 480.949523926
0.995859861 -0.007018706 0.090630688 49.188858032 0.005201358 0.999780953 0.020272879 -45.293876648 -0.090753108 -0.019717542 0.995678186 483.222808838
0.995879769 -0.007164308 0.090399250 49.481098175 0.005413832 0.999793470 0.019594200 -45.482490540 -0.090520933 -0.019024067 0.995712757 485.500000000
0.995920122 -0.007634634 0.089914761 49.776039124 0.005829019 0.999776363 0.020326898 -45.683586121 -0.090049848 -0.019719852 0.995741963 487.788757324
0.995998502 -0.007363957 0.089066014 50.065929413 0.005603546 0.999784291 0.019999167 -45.861934662 -0.089194059 -0.019420056 0.995824933 490.083343506
0.996008873 -0.006853811 0.088990435 50.357883453 0.005052526 0.999778032 0.020450838 -46.047504425 -0.089110859 -0.019919587 0.995822430 492.387084961
0.996079087 -0.006180531 0.088250391 50.656703949 0.004362544 0.999774694 0.020778365 -46.234786987 -0.088358916 -0.020311903 0.995881498 494.673706055
0.996068776 -0.005921681 0.088384166 50.937225342 0.004143951 0.999785662 0.020283625 -46.422718048 -0.088485345 -0.019837627 0.995879948 496.979797363
0.996102393 -0.005548836 0.088029400 51.240085602 0.003797481 0.999791741 0.020050125 -46.623901367 -0.088122331 -0.019637693 0.995916069 499.291931152
0.996138155 -0.005477337 0.087627724 51.527843475 0.003685664 0.999781132 0.020595150 -46.812099457 -0.087721340 -0.020192649 0.995940387 501.586181641
0.996151865 -0.005228424 0.087488130 51.814273834 0.003420275 0.999777675 0.020804532 -47.005409241 -0.087577462 -0.020425241 0.995948255 503.866119385
0.996160090 -0.004222118 0.087448470 52.098693848 0.002479793 0.999796450 0.020023081 -47.195541382 -0.087515205 -0.019729342 0.995967805 506.153625488
0.996138811 -0.004027951 0.087699383 52.376396179 0.002209271 0.999780715 0.020824848 -47.390129089 -0.087764032 -0.020550689 0.995929420 508.440368652
0.996138275 -0.004176096 0.087699242 52.661563873 0.002434172 0.999797821 0.019960044 -47.582931519 -0.087764867 -0.019669492 0.995947003 510.734405518
0.996165514 -0.004824386 0.087355793 52.958919525 0.003018314 0.999779224 0.020795189 -47.780773163 -0.087436825 -0.020451786 0.995960116 513.036865234
0.996185243 -0.004636362 0.087140664 53.248935699 0.002825846 0.999777734 0.020888824 -47.968032837 -0.087218150 -0.020562893 0.995976985 515.338317871
0.996205866 -0.004136389 0.086929813 53.536258698 0.002346724 0.999783397 0.020679586 -48.158306122 -0.086996526 -0.020397123 0.995999694 517.645263672
0.996168852 -0.003141075 0.087395929 53.814071655 0.001374574 0.999793708 0.020265477 -48.348827362 -0.087441549 -0.020067701 0.995967507 519.950012207
0.996131301 -0.001462254 0.087865002 54.103324890 -0.000341466 0.999789536 0.020509768 -48.542724609 -0.087876506 -0.020460425 0.995921254 522.293945312
0.995973825 0.000859049 0.089639500 54.375946045 -0.002733692 0.999780118 0.020792460 -48.734348297 -0.089601927 -0.020953797 0.995757341 524.620788574
0.996035159 0.001603083 0.088945672 54.693874359 -0.003566813 0.999753296 0.021923313 -48.923286438 -0.088888571 -0.022153648 0.995795190 526.954711914
0.995961428 0.001213750 0.089773662 54.978897095 -0.003197106 0.999753892 0.021952359 -49.113174438 -0.089724928 -0.022150720 0.995720208 529.265930176
0.995912492 -0.000667415 0.090320595 55.268402100 -0.001451910 0.999725223 0.023396738 -49.299922943 -0.090311393 -0.023432240 0.995637894 531.578613281
0.995859265 -0.002100159 0.090883262 55.570518494 0.000012267 0.999736130 0.022967795 -49.482460022 -0.090907536 -0.022871580 0.995596647 533.901123047
0.995832920 -0.001872825 0.091177426 55.870716095 -0.000159685 0.999751747 0.022279412 -49.666316986 -0.091196522 -0.022201132 0.995585322 536.214538574
0.995755017 -0.002174782 0.092017673 56.169445038 0.000143720 0.999756336 0.022073392 -49.855037689 -0.092043258 -0.021966470 0.995512664 538.530944824
0.995686650 -0.001834635 0.092761926 56.465457916 -0.000164948 0.999768019 0.021543808 -50.049060822 -0.092779927 -0.021466192 0.995455146 540.846191406
0.995605469 -0.001105420 0.093640588 56.765777588 -0.000881346 0.999775469 0.021172935 -50.240409851 -0.093642965 -0.021162415 0.995380878 543.169799805
0.995537519 -0.000696937 0.094364226 57.076084137 -0.001215437 0.999795079 0.020206887 -50.430931091 -0.094358988 -0.020231405 0.995332658 545.496276855
0.995435536 -0.000409728 0.095435634 57.368206024 -0.001565919 0.999786019 0.020625547 -50.623718262 -0.095423669 -0.020680847 0.995221913 547.821777344
0.995359421 -0.000509264 0.096225433 57.671424866 -0.001557257 0.999769747 0.021399507 -50.816898346 -0.096214175 -0.021450048 0.995129526 550.140380859
0.995258927 -0.000195183 0.097260572 57.967990875 -0.001851551 0.999778807 0.020953115 -51.000301361 -0.097243138 -0.021033859 0.995038390 552.447082520
0.995310247 -0.002219497 0.096708722 58.290836334 0.000177741 0.999777019 0.021115921 -51.209545135 -0.096734025 -0.020999704 0.995088696 554.754333496
0.995362222 -0.002617840 0.096162319 58.615550995 0.000555651 0.999769449 0.021465397 -51.397125244 -0.096196346 -0.021312414 0.995134115 557.063171387
0.995293379 -0.002378090 0.096878752 58.921825409 0.000265674 0.999762058 0.021811806 -51.586421967 -0.096907571 -0.021683404 0.995057166 559.373413086
0.995281339 -0.001782526 0.097014777 59.239395142 -0.000452035 0.999735236 0.023006344 -51.777973175 -0.097030096 -0.022941640 0.995016992 561.706665039
0.995295465 -0.002335601 0.096857883 59.563125610 0.000042501 0.999719799 0.023670195 -51.967124939 -0.096886031 -0.023554724 0.995016694 564.039916992
0.995261192 -0.001730401 0.097222358 59.878746033 -0.000620132 0.999708295 0.024141461 -52.148399353 -0.097235769 -0.024087349 0.994969785 566.364868164
0.995209754 -0.000540118 0.097761288 60.199783325 -0.001784106 0.999717891 0.023685506 -52.339931488 -0.097746499 -0.023746463 0.994928002 568.692687988
0.995215297 0.000640644 0.097704448 60.531154633 -0.002816321 0.999751091 0.022131654 -52.520298004 -0.097665936 -0.022300923 0.994969368 571.027832031
0.995181143 0.001005648 0.098049335 60.858749390 -0.003206994 0.999746263 0.022296401 -52.709518433 -0.098002039 -0.022503400 0.994931698 573.348754883
0.995214939 0.001023644 0.097704656 61.191070557 -0.003327333 0.999720216 0.023418050 -52.902137756 -0.097653359 -0.023631094 0.994939923 575.715515137
0.995228410 0.000964378 0.097567670 61.521076202 -0.003383702 0.999690771 0.024633951 -53.093826294 -0.097513735 -0.024846546 0.994924009 578.029235840
0.995164335 0.001176580 0.098217189 61.838817596 -0.003449310 0.999730110 0.022973260 -53.283172607 -0.098163635 -0.023200946 0.994899809 580.413879395
0.995218635 0.000557816 0.097670846 62.166130066 -0.002771543 0.999742329 0.022530979 -53.464210510 -0.097633094 -0.022693945 0.994963706 582.752868652
0.995179117 -0.000093633 0.098073728 62.485782623 -0.002284981 0.999705970 0.024140723 -53.661354065 -0.098047160 -0.024248440 0.994886279 585.073913574
0.995249212 0.000092580 0.097360283 62.810264587 -0.002473980 0.999700725 0.024339231 -53.847465515 -0.097328894 -0.024464469 0.994951546 587.392211914
0.995182753 -0.002178325 0.098012902 63.134113312 -0.000084169 0.999733746 0.023073588 -54.039394379 -0.098037072 -0.022970688 0.994917631 589.751403809
0.995215595 -0.002440698 0.097671933 63.463848114 0.000210326 0.999739110 0.022839133 -54.221694946 -0.097702198 -0.022709321 0.994956493 592.099792480
0.995222032 -0.004060786 0.097553454 63.779640198 0.001792173 0.999726176 0.023331458 -54.410163879 -0.097621471 -0.023045147 0.994956791 594.434631348
0.995244026 -0.004613310 0.097304091 64.109359741 0.002325926 0.999718606 0.023607926 -54.600387573 -0.097385630 -0.023269322 0.994974673 596.793029785
