1.000000000 0.000000000 0.000000000 0.000000000 0.000000000 1.000000000 0.000000000 0.000000000 0.000000000 0.000000000 1.000000000 0.000000000
0.999999940 0.000012734 0.000396542 0.087273262 -0.000012700 1.000000000 -0.000084691 -0.227852941 -0.000396543 0.000084685 0.999999940 2.286979437
0.999999344 0.000319916 0.001100125 0.166742355 -0.000320397 0.999999821 0.000437435 -0.465477943 -0.001099985 -0.000437787 0.999999225 4.579983234
0.999998510 -0.000053449 0.001695800 0.262788922 0.000052622 0.999999881 0.000487866 -0.694956422 -0.001695826 -0.000487776 0.999998391 6.866564274
0.999996662 -0.000139926 0.002564403 0.356410354 0.000142947 0.999999285 -0.001177806 -0.926846027 -0.002564236 0.001178169 0.999996006 9.157210350
0.999987125 0.001684935 0.004782007 0.446481466 -0.001686146 0.999998510 0.000249228 -1.163257599 -0.004781581 -0.000257288 0.999988556 11.463225365
0.999968886 0.003773337 0.006927282 0.547699869 -0.003785072 0.999991417 0.001681769 -1.398561358 -0.006920876 -0.001707937 0.999974608 13.740956306
0.999949694 0.003547058 0.009380564 0.652694106 -0.003586254 0.999984801 0.004164910 -1.625737786 -0.009365648 -0.004198341 0.999947369 16.013301849
0.999944150 0.003866746 0.009833386 0.756280720 -0.003920757 0.999977291 0.005479337 -1.854084373 -0.009811976 -0.005517585 0.999936640 18.309997559
0.999927402 0.002860670 0.011700802 0.860587716 -0.002924986 0.999980628 0.005483325 -2.077883244 -0.011684891 -0.005517151 0.999916494 20.600292206
0.999927044 0.000585137 0.012065520 0.979728162 -0.000624337 0.999994457 0.003245420 -2.301761150 -0.012063557 -0.003252716 0.999921918 22.901609421
0.999914587 -0.001613716 0.012967808 1.086227179 0.001598899 0.999997973 0.001152920 -2.520223856 -0.012969646 -0.001132087 0.999915183 25.184186935
0.999921501 -0.002842626 0.012204595 1.231801510 0.002835192 0.999995708 0.000626379 -2.767679691 -0.012206325 -0.000591728 0.999925256 27.460035324
0.999906003 -0.002509323 0.013476313 1.333917141 0.002514408 0.999996722 -0.000360359 -2.990943909 -0.013475365 0.000394210 0.999909103 29.746541977
0.999906063 -0.000374160 0.013699925 1.462910056 0.000346503 0.999997914 0.002021050 -3.219633818 -0.013700652 -0.002016113 0.999904096 32.030620575
0.999905169 0.001549670 0.013678940 1.593240738 -0.001605106 0.999990523 0.004042591 -3.438433409 -0.013672546 -0.004064164 0.999898195 34.312236786
0.999868751 0.003639732 0.015786815 1.697530627 -0.003771864 0.999957979 0.008348132 -3.670381546 -0.015755767 -0.008406583 0.999840558 36.621463776
0.999847770 0.005542741 0.016541258 1.813331842 -0.005670675 0.999954283 0.007697349 -3.886376619 -0.016497836 -0.007789978 0.999833524 38.893180847
0.999822021 0.004561475 0.018307557 1.920957446 -0.004677740 0.999969125 0.006312849 -4.094072342 -0.018278196 -0.006397362 0.999812484 41.210010529
0.999825120 0.002095186 0.018583722 2.044838428 -0.002193399 0.999983728 0.005266046 -4.318490028 -0.018572384 -0.005305886 0.999813497 43.487117767
0.999820948 0.002207043 0.018789239 2.172195435 -0.002283676 0.999989152 0.004058092 -4.539889812 -0.018780075 -0.004100274 0.999815345 45.729499817
0.999818325 0.001529679 0.018999297 2.296471357 -0.001586460 0.999994338 0.002973874 -4.767071247 -0.018994641 -0.003003475 0.999815047 48.002834320
0.999818265 0.000450284 0.019058313 2.431909800 -0.000512457 0.999994576 0.003257512 -4.993623734 -0.019056736 -0.003266687 0.999813080 50.283412933
0.999795437 -0.000098357 0.020232305 2.560427904 0.000030010 0.999994278 0.003378377 -5.214744568 -0.020232519 -0.003377078 0.999789596 52.551422119
0.999789178 -0.001259954 0.020493587 2.696869850 0.001194947 0.999994218 0.003183997 -5.443367958 -0.020497479 -0.003158837 0.999784887 54.834896088
0.999756813 -0.001736424 0.021983095 2.822474480 0.001657826 0.999992132 0.003593100 -5.673418045 -0.021989159 -0.003555782 0.999751806 57.131286621
0.999740541 -0.002998875 0.022578422 2.961879253 0.002903011 0.999986649 0.004277391 -5.899754524 -0.022590946 -0.004210737 0.999735951 59.397594452
0.999693692 -0.004297625 0.024370445 3.086476564 0.004206988 0.999984145 0.003769202 -6.126850605 -0.024386255 -0.003665522 0.999695837 61.667095184
0.999681711 -0.005237599 0.024677429 3.241894722 0.005150228 0.999980390 0.003602753 -6.352157116 -0.024695810 -0.003474512 0.999688923 63.918258667
0.999645829 -0.004690863 0.026199970 3.380251884 0.004581570 0.999980569 0.004230027 -6.575889587 -0.026219303 -0.004108492 0.999647796 66.185699463
0.999624431 -0.003857508 0.027130742 3.529107332 0.003734563 0.999982536 0.004580760 -6.803389072 -0.027147941 -0.004477719 0.999621391 68.441284180
0.999581099 -0.004023674 0.028661482 3.667126179 0.003897157 0.999982417 0.004468679 -7.030659676 -0.028678959 -0.004355109 0.999579191 70.694419861
0.999567389 -0.004844779 0.029009085 3.831662178 0.004758713 0.999984205 0.003035121 -7.252679825 -0.029023325 -0.002895762 0.999574542 72.943962097
0.999559760 -0.005750712 0.029111719 3.997092724 0.005651858 0.999978006 0.003476810 -7.480267048 -0.029131079 -0.003310743 0.999570131 75.220932007
0.999519348 -0.006833550 0.030238487 4.160416126 0.006746312 0.999972761 0.002986072 -7.712325573 -0.030258067 -0.002780639 0.999538243 77.485916138
0.999505401 -0.008056667 0.030398812 4.317537785 0.007987990 0.999965250 0.002379953 -7.934127331 -0.030416932 -0.002135951 0.999534965 79.724571228
0.999474287 -0.008499596 0.031289976 4.467570305 0.008433221 0.999961853 0.002252630 -8.155802727 -0.031307932 -0.001987570 0.999507844 81.978889465
0.999462485 -0.007697737 0.031866282 4.646896839 0.007626425 0.999968112 0.002358737 -8.392441750 -0.031883426 -0.002114444 0.999489367 84.250495911
0.999421060 -0.007452130 0.033196673 4.808320999 0.007360787 0.999968767 0.002872941 -8.612415314 -0.033217050 -0.002626924 0.999444664 86.502342224
0.999407113 -0.007513130 0.033597726 4.975784779 0.007383535 0.999964774 0.003979633 -8.844928741 -0.033626441 -0.003729203 0.999427497 88.779266357
0.999377310 -0.006525651 0.034675937 5.134605408 0.006365696 0.999968588 0.004721302 -9.074992180 -0.034705650 -0.004497625 0.999387443 91.033706665
0.999356389 -0.006602861 0.035259176 5.303314209 0.006446674 0.999968886 0.004541540 -9.296340942 -0.035288069 -0.004311312 0.999367893 93.287109375
0.999338090 -0.006932533 0.035715599 5.473244190 0.006792979 0.999968827 0.004027261 -9.514700890 -0.035742398 -0.003781980 0.999353886 95.540527344
0.999311030 -0.007342098 0.036379293 5.642550945 0.007196377 0.999965489 0.004134932 -9.734317780 -0.036408387 -0.003870283 0.999329507 97.798385620
0.999276519 -0.006938415 0.037393469 5.804688454 0.006803700 0.999969840 0.003728686 -9.967285156 -0.037418224 -0.003471574 0.999293685 100.034576416
0.999200344 -0.006867375 0.039391372 5.956425667 0.006693112 0.999967217 0.004554069 -10.182736397 -0.039421361 -0.004286775 0.999213517 102.254798889
0.999205112 -0.007110146 0.039223321 6.157946587 0.006932158 0.999965012 0.004671958 -10.408128738 -0.039255157 -0.004396342 0.999219537 104.511817932
0.999174774 -0.008002063 0.039817996 6.336724281 0.007795796 0.999955416 0.005332832 -10.624793053 -0.039858900 -0.005018018 0.999192715 106.739875793
0.999137938 -0.009327769 0.040449943 6.518667698 0.009105776 0.999942482 0.005668829 -10.843162537 -0.040500492 -0.005295614 0.999165475 108.980812073
0.999094188 -0.010410924 0.041259110 6.700666904 0.010145291 0.999926388 0.006642343 -11.068156242 -0.041325226 -0.006217740 0.999126375 111.227340698
0.999075055 -0.011258639 0.041502591 6.892802238 0.011050925 0.999925256 0.005230945 -11.288291931 -0.041558392 -0.004767464 0.999124646 113.483444214
0.999037862 -0.012119990 0.042147871 7.078141689 0.011939609 0.999918461 0.004528808 -11.509320259 -0.042199325 -0.004021221 0.999101102 115.727195740
0.999004304 -0.012228699 0.042905815 7.257980824 0.012029120 0.999915540 0.004906738 -11.733649254 -0.042962205 -0.004385733 0.999067068 117.957649231
0.998963475 -0.012398741 0.043797720 7.450996399 0.012159048 0.999909580 0.005734938 -11.952322960 -0.043864865 -0.005196455 0.999023914 120.197021484
0.998962104 -0.013071249 0.043632690 7.659957886 0.012800649 0.999897122 0.006475436 -12.178756714 -0.043712847 -0.005910189 0.999026597 122.394783020
0.998868763 -0.014498517 0.045287900 7.849899292 0.014224031 0.999878526 0.006377314 -12.408213615 -0.045374859 -0.005725923 0.998953640 124.711112976
0.998825610 -0.015388335 0.045940176 8.034189224 0.015152534 0.999870121 0.005476643 -12.629343033 -0.046018485 -0.004774101 0.998929203 126.984710693
0.998817444 -0.016864631 0.045602299 8.228961945 0.016611004 0.999844372 0.005935005 -12.847149849 -0.045695297 -0.005170485 0.998942018 129.257614136
0.998845518 -0.018144537 0.044479072 8.423274040 0.017883582 0.999820411 0.006257893 -13.065519333 -0.044584643 -0.005455224 0.998990715 131.516082764
0.998901308 -0.018561400 0.043030433 8.621154785 0.018269658 0.999807358 0.007163288 -13.278883934 -0.043155104 -0.006369266 0.999048114 133.753387451
0.998945415 -0.019439913 0.041594572 8.812845230 0.019172223 0.999792814 0.006824997 -13.498774529 -0.041718636 -0.006020338 0.999111235 136.006210327
0.999024034 -0.020269576 0.039243139 9.020015717 0.020026019 0.999777734 0.006589551 -13.717564583 -0.039367989 -0.005797235 0.999207973 138.228454590
0.999009192 -0.020921070 0.039279707 9.192238808 0.020674303 0.999763966 0.006678102 -13.940336227 -0.039410152 -0.005859404 0.999205887 140.515945435
0.998991549 -0.021097766 0.039633058 9.356586456 0.020826114 0.999756813 0.007254586 -14.151273727 -0.039776478 -0.006421867 0.999188006 142.746246338
0.999038517 -0.021249719 0.038345329 9.551708221 0.020950774 0.999747038 0.008181225 -14.375173569 -0.038509477 -0.007369994 0.999231040 144.970169067
0.999050260 -0.020426493 0.038488206 9.725219727 0.020171398 0.999772012 0.007004712 -14.589007378 -0.038622502 -0.006221699 0.999234498 147.214843750
0.999069750 -0.019409142 0.038509406 9.906028748 0.019212106 0.999800384 0.005480189 -14.806468964 -0.038608082 -0.004735244 0.999243140 149.461593628
0.999084294 -0.018013252 0.038807731 10.082207680 0.017849656 0.999830306 0.004558031 -15.026042938 -0.038883250 -0.003861154 0.999236286 151.703369141
0.999091327 -0.017294174 0.038954828 10.266149521 0.017128987 0.999842763 0.004570424 -15.240983009 -0.039027750 -0.003899014 0.999230504 153.938079834
0.999077201 -0.016697349 0.039573334 10.449094772 0.016519226 0.999851823 0.004823874 -15.456967354 -0.039648023 -0.004165702 0.999204934 156.184127808
0.999083102 -0.015139798 0.040047068 10.615642548 0.014901869 0.999869466 0.006232995 -15.671189308 -0.040136207 -0.005630503 0.999178350 158.417953491
0.999029934 -0.014478813 0.041587219 10.793745041 0.014194494 0.999873877 0.007123848 -15.887693405 -0.041685116 -0.006526629 0.999109507 160.653015137
0.999005079 -0.012850512 0.042703476 10.957735062 0.012482761 0.999882758 0.008867258 -16.103780746 -0.042812422 -0.008325377 0.999048412 162.934921265
0.998966992 -0.012641409 0.043648038 11.139364243 0.012311423 0.999893606 0.007820765 -16.304845810 -0.043742254 -0.007275317 0.999016345 165.194915771
0.998922229 -0.012025731 0.044830184 11.331954002 0.011736386 0.999908626 0.006711932 -16.522068024 -0.044906806 -0.006178554 0.998971999 167.442489624
0.998851180 -0.010091400 0.046845753 11.516084671 0.009778912 0.999928474 0.006895018 -16.735097885 -0.046911988 -0.006428996 0.998878300 169.673767090
0.998727798 -0.009929747 0.049438529 11.704555511 0.009573935 0.999926507 0.007428711 -16.970235825 -0.049508665 -0.006945938 0.998749554 171.944335938
0.998615980 -0.010150846 0.051604442 11.908806801 0.009798865 0.999926984 0.007069217 -17.182565689 -0.051672421 -0.006553769 0.998642683 174.206573486
0.998532534 -0.010132000 0.053198632 12.117952347 0.009733074 0.999922574 0.007752529 -17.402070999 -0.053273063 -0.007223367 0.998553872 176.453155518
0.998489738 -0.010465588 0.053930949 12.324977875 0.010008997 0.999911845 0.008729399 -17.613758087 -0.054017548 -0.008176421 0.998506486 178.674942017
0.998466194 -0.012590329 0.053913832 12.526400566 0.012156093 0.999891043 0.008374652 -17.828821182 -0.054013405 -0.007706425 0.998510480 180.896667480
0.998418272 -0.013573047 0.054558959 12.725201607 0.013165110 0.999882698 0.007829499 -18.038822174 -0.054658830 -0.007098841 0.998479843 183.145477295
0.998481929 -0.015281722 0.052916355 12.955755234 0.014856407 0.999854147 0.008421564 -18.279388428 -0.053037323 -0.007622632 0.998563528 185.379562378
0.998489439 -0.017106324 0.052213617 13.168762207 0.016652321 0.999819696 0.009117846 -18.491329193 -0.052360181 -0.008234595 0.998594224 187.624832153
0.998506665 -0.017999567 0.051580116 13.381144524 0.017583711 0.999809146 0.008504888 -18.698717117 -0.051723357 -0.007585216 0.998632669 189.866470337
0.998452842 -0.019379877 0.052118730 13.574420929 0.018930653 0.999779403 0.009099167 -18.927007675 -0.052283570 -0.008098449 0.998599589 192.090332031
0.998406231 -0.020385988 0.052625749 13.764497757 0.019969642 0.999765098 0.008425303 -19.130977631 -0.052785136 -0.007360956 0.998578787 194.326568604
0.998429596 -0.020994060 0.051936850 13.988252640 0.020542758 0.999746561 0.009208204 -19.364959717 -0.052117001 -0.008126818 0.998607934 196.582778931
0.998456895 -0.018832667 0.052241359 14.194160461 0.018384172 0.999790013 0.009052385 -19.571105957 -0.052400868 -0.008078003 0.998593390 198.815322876
0.998465896 -0.016953673 0.052709401 14.391430855 0.016496070 0.999822438 0.009104600 -19.787380219 -0.052854396 -0.008221134 0.998568416 201.045104980
0.998435736 -0.016390156 0.053455427 14.600145340 0.015957946 0.999836385 0.008502261 -19.999301910 -0.053586040 -0.007635921 0.998534024 203.296875000
0.998396099 -0.016671099 0.054103572 14.802712440 0.016191212 0.999825656 0.009295942 -20.206708908 -0.054249115 -0.008405030 0.998492002 205.520065308
0.998381197 -0.018321065 0.053844981 15.038404465 0.017838387 0.999796391 0.009431159 -20.427232742 -0.054006808 -0.008455386 0.998504758 207.753570557
0.998319149 -0.018082816 0.055061992 15.243482590 0.017592838 0.999801338 0.009370486 -20.624780655 -0.055220500 -0.008386040 0.998438954 209.993286133
0.998240829 -0.018395083 0.056363359 15.464021683 0.017784324 0.999777794 0.011318586 -20.856910706 -0.056559034 -0.010296289 0.998346150 212.201934814
0.998191357 -0.016991815 0.057664566 15.703066826 0.016360348 0.999801219 0.011405195 -21.061363220 -0.057846893 -0.010441155 0.998270810 214.433959961
0.997994483 -0.015919518 0.061266173 15.892995834 0.015228809 0.999815285 0.011724436 -21.266481400 -0.061441503 -0.010767908 0.998052716 216.674865723
0.997859240 -0.016139723 0.063375086 16.121038437 0.015399125 0.999807537 0.012157103 -21.471723557 -0.063559122 -0.011155158 0.997915685 218.913223267
0.997716486 -0.017611030 0.065205134 16.353635788 0.016811021 0.999776781 0.012797560 -21.673683167 -0.065415978 -0.011672171 0.997789800 221.140197754
0.997597992 -0.019127378 0.066576287 16.587469101 0.018255759 0.999739826 0.013675920 -21.874544144 -0.066820547 -0.012427671 0.997687638 223.361785889
0.997529507 -0.021367369 0.066922061 16.841480255 0.020528357 0.999702156 0.013199923 -22.084543228 -0.067184173 -0.011793512 0.997670829 225.587615967
0.997501910 -0.022600291 0.066926874 17.086194992 0.021785857 0.999679744 0.012874053 -22.281036377 -0.067196392 -0.011383834 0.997674763 227.832901001
0.997448802 -0.022711433 0.067675769 17.322820663 0.021870859 0.999674618 0.013135860 -22.483091354 -0.067952052 -0.011622222 0.997620881 230.069351196
0.997373939 -0.024125459 0.068287842 17.570186615 0.023322910 0.999649644 0.012525451 -22.689970016 -0.068566099 -0.010899887 0.997586966 232.311782837
0.997306466 -0.025248859 0.068865150 17.813926697 0.024372486 0.999611318 0.013536680 -22.887836456 -0.069180176 -0.011821803 0.997534096 234.550262451
0.997302413 -0.024523918 0.069183260 18.083436966 0.023621073 0.999625146 0.013838179 -23.093822479 -0.069496699 -0.012166666 0.997507930 236.807601929
0.997264326 -0.024465853 0.069751665 18.326374054 0.023561601 0.999627709 0.013757398 -23.289413452 -0.070062302 -0.012076302 0.997469544 239.036392212
0.997225881 -0.024627177 0.070243075 18.573146820 0.023693422 0.999619901 0.014095654 -23.490940094 -0.070563525 -0.012392252 0.997430325 241.257385254
0.997172952 -0.025248559 0.070771739 18.819972992 0.024286270 0.999600947 0.014424826 -23.690277100 -0.071107693 -0.012665266 0.997388244 243.489944458
0.997124434 -0.025500018 0.071361750 19.066928864 0.024567986 0.999601424 0.013908158 -23.894941330 -0.071687952 -0.012114952 0.997353554 245.711303711
0.997148573 -0.024944836 0.071220808 19.329669952 0.024072021 0.999624550 0.013087279 -24.094921112 -0.071520530 -0.011335531 0.997374713 247.945434570
0.997107208 -0.025270406 0.071684226 19.583608627 0.024353771 0.999610424 0.013632608 -24.296463013 -0.072000787 -0.011847390 0.997334182 250.183090210
0.997068226 -0.026571048 0.071757518 19.843118668 0.025670404 0.999580026 0.013444651 -24.495807648 -0.072084606 -0.011563189 0.997331440 252.408233643
0.997056544 -0.026770052 0.071844608 20.109405518 0.025796954 0.999563038 0.014438485 -24.701814651 -0.072199717 -0.012542614 0.997311473 254.668609619
0.997017562 -0.027552877 0.072088845 20.355337143 0.026559966 0.999539196 0.014696110 -24.902124405 -0.072460547 -0.012737603 0.997289956 256.890380859
0.996972203 -0.028023502 0.072533906 20.614664078 0.026958041 0.999514401 0.015626846 -25.115955353 -0.072936609 -0.013624161 0.997243464 259.159484863
0.996932209 -0.027644522 0.073224880 20.873590469 0.026600230 0.999530613 0.015198662 -25.311939240 -0.073610663 -0.013204237 0.997199595 261.406555176
0.996907532 -0.027713161 0.073534667 21.137569427 0.026708500 0.999536395 0.014610946 -25.506374359 -0.073905483 -0.012601763 0.997185647 263.665557861
0.996876061 -0.027065888 0.074198313 21.400852203 0.026063936 0.999556124 0.014438988 -25.713130951 -0.074556164 -0.012459986 0.997138977 265.907196045
0.996823907 -0.026345439 0.075153358 21.663375854 0.025328998 0.999574721 0.014446273 -25.906301498 -0.075501993 -0.012496830 0.997067332 268.150329590
0.996718824 -0.025635459 0.076775156 21.929681778 0.024609335 0.999595046 0.014281931 -26.121074677 -0.077110179 -0.012345682 0.996946156 270.429046631
0.996616185 -0.026426945 0.077832647 22.203893661 0.025359793 0.999570727 0.014667720 -26.321714401 -0.078186862 -0.012644267 0.996858537 272.674072266
0.996411800 -0.026864508 0.080261253 22.454059601 0.025703158 0.999549925 0.015468044 -26.521804810 -0.080640666 -0.013349574 0.996653855 274.924743652
0.996284783 -0.026787391 0.081848003 22.729320526 0.025543436 0.999542415 0.016208004 -26.705419540 -0.082244709 -0.014057109 0.996513009 277.165832520
0.996237338 -0.025605900 0.082798220 23.012220383 0.024188172 0.999543905 0.018080812 -26.918535233 -0.083223425 -0.016010044 0.996402264 279.428192139
0.996135533 -0.025408801 0.084074110 23.297204971 0.023879565 0.999531448 0.019145206 -27.114673615 -0.084521182 -0.017063564 0.996275604 281.663269043
0.996069729 -0.024591507 0.085089937 23.578744888 0.023017718 0.999546409 0.019427605 -27.301939011 -0.085529082 -0.017392676 0.996183872 283.919128418
0.995977819 -0.023511730 0.086459547 23.852842331 0.021975163 0.999583960 0.018681239 -27.484653473 -0.086862817 -0.016706141 0.996080101 286.148620605
0.995973766 -0.022624021 0.086743280 24.146261215 0.021168534 0.999619842 0.017662693 -27.667671204 -0.087109923 -0.015755350 0.996074080 288.405303955
0.995894372 -0.023455165 0.087431379 24.423440933 0.021949135 0.999594450 0.018147154 -27.864528656 -0.087821558 -0.016153606 0.996005177 290.632232666
0.995840251 -0.023261236 0.088097177 24.693883896 0.021837002 0.999615490 0.017096097 -28.053579330 -0.088460967 -0.015101205 0.995965183 292.917846680
0.995855212 -0.023786023 0.087788597 24.984180450 0.022448847 0.999616861 0.016187893 -28.241600037 -0.088140018 -0.014150046 0.996007562 295.149383545
0.995845377 -0.023722177 0.087915823 25.269752502 0.022388251 0.999619246 0.016128022 -28.435424805 -0.088264927 -0.014092736 0.995997310 297.386718750
0.995854378 -0.023041666 0.087994315 25.556951523 0.021700472 0.999633729 0.016168289 -28.624589920 -0.088334627 -0.014191743 0.995989740 299.624938965
0.995790005 -0.023089901 0.088707723 25.830627441 0.021667944 0.999621391 0.016959451 -28.821130753 -0.089065716 -0.014965938 0.995913327 301.866119385
0.995794833 -0.023401972 0.088573292 26.123128891 0.021957057 0.999610066 0.017252686 -29.015123367 -0.088942505 -0.015235324 0.995920241 304.109680176
0.995763302 -0.022892686 0.089058280 26.416059494 0.021420747 0.999618232 0.017448755 -29.206132889 -0.089423731 -0.015467133 0.995873570 306.358917236
0.995747030 -0.023630604 0.089047737 26.705881119 0.022157805 0.999601424 0.017491937 -29.404052734 -0.089425579 -0.015444438 0.995873749 308.610565186
0.995686591 -0.024762483 0.089414224 26.995517731 0.023248302 0.999568820 0.017936537 -29.596466064 -0.089819819 -0.015780441 0.995832980 310.875671387
0.995646000 -0.024507985 0.089934237 27.288095474 0.023055671 0.999587059 0.017152229 -29.788476944 -0.090317450 -0.015004055 0.995800138 313.121856689
0.995661914 -0.024272256 0.089823015 27.589082718 0.022738259 0.999578297 0.018062212 -29.984981537 -0.090223558 -0.015941437 0.995793939 315.379547119
0.995622694 -0.022320645 0.090758681 27.880836487 0.020851670 0.999636292 0.017101688 -30.175668716 -0.091107421 -0.015134362 0.995726049 317.617034912
0.995607018 -0.020716779 0.091311075 28.167593002 0.019183625 0.999660552 0.017636362 -30.367225647 -0.091645449 -0.015807210 0.995666146 319.868347168
0.995554328 -0.019347537 0.092180282 28.454689026 0.017827740 0.999691665 0.017282290 -30.560928345 -0.092486233 -0.015562092 0.995592356 322.095581055
0.995514631 -0.019274037 0.092623487 28.746946335 0.017690446 0.999683499 0.017887855 -30.751075745 -0.092938945 -0.016169071 0.995540440 324.335723877
0.995510042 -0.018806083 0.092769243 29.046287537 0.017075650 0.999665856 0.019411709 -30.951457977 -0.093103305 -0.017740456 0.995498359 326.559997559
0.995450199 -0.019378362 0.093291245 29.332742691 0.017658733 0.999659240 0.019223301 -31.144340515 -0.093631990 -0.017488439 0.995453179 328.804840088
0.995436728 -0.020530354 0.093189217 29.636878967 0.018871846 0.999648035 0.018643772 -31.335563660 -0.093539178 -0.016800046 0.995473802 331.038299561
0.995450437 -0.020193661 0.093116097 29.931941986 0.018564790 0.999659657 0.018326132 -31.525131226 -0.093454488 -0.016514070 0.995486498 333.253936768
0.995414555 -0.020162769 0.093505897 30.226760864 0.018444585 0.999645472 0.019203154 -31.709674835 -0.093859933 -0.017390421 0.995433509 335.493316650
0.995447516 -0.020609930 0.093055509 30.536808014 0.018891001 0.999634922 0.019315422 -31.897094727 -0.093419619 -0.017469579 0.995473564 337.725952148
0.995416582 -0.020262193 0.093462043 30.823310852 0.018498233 0.999634683 0.019701529 -32.089992523 -0.093827099 -0.017882345 0.995427907 339.961425781
0.995457411 -0.020318691 0.093014449 31.128690720 0.018590033 0.999638617 0.019413760 -32.280143738 -0.093375310 -0.017596424 0.995475471 342.202911377
0.995450497 -0.020215932 0.093110695 31.423641205 0.018439302 0.999631882 0.019901868 -32.466804504 -0.093478762 -0.018094430 0.995456755 344.448272705
0.995478570 -0.019688150 0.092923686 31.718540192 0.017901924 0.999639332 0.020017164 -32.652084351 -0.093284287 -0.018263148 0.995472014 346.688568115
0.995508313 -0.019360878 0.092673205 32.011943817 0.017603924 0.999650061 0.019738708 -32.833530426 -0.093022928 -0.018018633 0.995500922 348.924255371
0.995503247 -0.018992705 0.092803687 32.304470062 0.017177019 0.999645889 0.020324679 -33.024848938 -0.093156852 -0.018639194 0.995476961 351.165740967
0.995537460 -0.019166619 0.092399523 32.600200653 0.017325105 0.999635816 0.020691071 -33.210990906 -0.092762455 -0.018997906 0.995507002 353.391387939
0.995544016 -0.018638613 0.092437558 32.892711639 0.016831284 0.999652326 0.020293163 -33.398567200 -0.092783652 -0.018646892 0.995511770 355.635833740
0.995566905 -0.018445246 0.092229366 33.189888000 0.016607298 0.999648690 0.020656005 -33.582820892 -0.092577964 -0.019032756 0.995523453 357.871368408
0.995627522 -0.018042065 0.091653183 33.492439270 0.016118949 0.999635041 0.021679681 -33.771236420 -0.092010893 -0.020107534 0.995554984 360.107238770
0.995691240 -0.018340264 0.090898558 33.796718597 0.016422518 0.999627352 0.021800963 -33.959423065 -0.091264546 -0.020214245 0.995621502 362.347595215
0.995755196 -0.018327327 0.090197153 34.099559784 0.016392486 0.999620318 0.022145523 -34.141887665 -0.090568796 -0.020572966 0.995677650 364.580841064
0.995817423 -0.018393524 0.089494653 34.397880554 0.016544705 0.999634981 0.021356650 -34.323673248 -0.089854814 -0.019786660 0.995758295 366.829650879
0.995844543 -0.019016603 0.089061558 34.688724518 0.017182317 0.999625027 0.021317378 -34.511341095 -0.089433551 -0.019698508 0.995797992 369.066894531
0.995833576 -0.018620204 0.089268692 34.972370148 0.016878266 0.999652922 0.020228835 -34.687049866 -0.089614362 -0.018637847 0.995802164 371.332275391
0.995894909 -0.019441916 0.088404439 35.268852234 0.017693449 0.999633014 0.020518845 -34.881202698 -0.088770926 -0.018870436 0.995873272 373.557952881
0.995937049 -0.019235792 0.087974899 35.565307617 0.017407563 0.999617279 0.021501504 -35.064670563 -0.088354833 -0.019882713 0.995890617 375.812683105
0.995924413 -0.019571684 0.088042825 35.848228455 0.017714800 0.999604881 0.021822955 -35.246704102 -0.088435151 -0.020174352 0.995877624 378.062042236
0.995913208 -0.020268014 0.088011414 36.136993408 0.018394031 0.999587595 0.022051619 -35.432651520 -0.088422067 -0.020342618 0.995875359 380.298767090
0.995929241 -0.020384002 0.087803259 36.432037354 0.018520398 0.999586642 0.021987490 -35.608985901 -0.088215150 -0.020271832 0.995895147 382.546539307
0.995931327 -0.019496121 0.087981515 36.722408295 0.017583760 0.999593139 0.022458890 -35.795921326 -0.088383578 -0.020820471 0.995868921 384.794342041
0.995956302 -0.018592451 0.087894097 37.016326904 0.016683092 0.999609649 0.022408379 -35.972072601 -0.088276424 -0.020851424 0.995877743 387.057098389
0.996000171 -0.017209187 0.087678440 37.317638397 0.015311386 0.999634624 0.022271879 -36.161296844 -0.088029705 -0.020840315 0.995899796 389.321960449
0.995986640 -0.015749546 0.088105626 37.604980469 0.013840601 0.999657094 0.022235658 -36.344467163 -0.088425614 -0.020926988 0.995862842 391.602233887
0.996022344 -0.014595560 0.087900095 37.897468567 0.012559512 0.999640882 0.023671914 -36.526664734 -0.088214047 -0.022473773 0.995848000 393.864898682
0.995960772 -0.013184148 0.088816129 38.179931641 0.011079171 0.999647021 0.024151845 -36.710872650 -0.089103200 -0.023070285 0.995755136 396.129364014
0.995891154 -0.012771032 0.089654282 38.469223022 0.010787229 0.999686897 0.022577070 -36.896095276 -0.089914538 -0.021517176 0.995717049 398.399566650
0.995846450 -0.012526937 0.090182662 38.759307861 0.010569990 0.999698877 0.022144819 -37.082820892 -0.090432920 -0.021099608 0.995678961 400.666534424
0.995704234 -0.013552132 0.091594301 39.033187866 0.011449846 0.999659657 0.023438832 -37.262775421 -0.091880783 -0.022289405 0.995520532 402.905609131
0.995732963 -0.014584812 0.091121800 39.352928162 0.012435551 0.999631882 0.024110096 -37.444831848 -0.091439895 -0.022874070 0.995547771 405.196777344
0.995684505 -0.015129705 0.091561384 39.647502899 0.012944672 0.999618173 0.024411157 -37.628746033 -0.091895759 -0.023120580 0.995500207 407.453826904
0.995636880 -0.013374938 0.092349067 39.953994751 0.011259404 0.999662936 0.023391157 -37.802913666 -0.092630796 -0.022249304 0.995451927 409.693359375
0.995568752 -0.012549523 0.093194924 40.250614166 0.010365966 0.999661267 0.023877231 -37.987190247 -0.093462989 -0.022805369 0.995361567 411.949584961
0.995544493 -0.010885108 0.093662865 40.552303314 0.008735640 0.999689698 0.023328496 -38.169120789 -0.093887731 -0.022406351 0.995330632 414.194152832
0.995482564 -0.009969197 0.094419591 40.858470917 0.007787515 0.999694765 0.023446597 -38.350650787 -0.094624519 -0.022605386 0.995256305 416.459289551
0.995409012 -0.010244816 0.095162459 41.163974762 0.008051910 0.999693871 0.023399295 -38.535041809 -0.095373042 -0.022525635 0.995186627 418.715240479
0.995302916 -0.010235676 0.096268110 41.459564209 0.008017793 0.999694049 0.023397297 -38.713768005 -0.096478164 -0.022515535 0.995080411 420.966949463
0.995213270 -0.010630326 0.097146593 41.756240845 0.008395340 0.999691248 0.023386188 -38.900199890 -0.097365186 -0.022458665 0.994995236 423.220397949
0.995147765 -0.011076706 0.097765379 42.065204620 0.008731626 0.999664605 0.024382165 -39.078681946 -0.098002650 -0.023410205 0.994910777 425.487976074
0.995100200 -0.010279596 0.098335996 42.366214752 0.007851657 0.999655485 0.025045471 -39.256900787 -0.098559581 -0.024150649 0.994838059 427.732879639
0.995033562 -0.009469232 0.099088773 42.680335999 0.006954810 0.999645770 0.025690177 -39.433101654 -0.099296935 -0.024873443 0.994746864 430.007446289
0.995033324 -0.010515224 0.098985672 42.996353149 0.007964551 0.999626875 0.026128082 -39.620651245 -0.099223465 -0.025209930 0.994745791 432.278472900
0.995003402 -0.011347928 0.099195175 43.316806793 0.008864855 0.999637067 0.025437217 -39.804771423 -0.099447869 -0.024430765 0.994742811 434.548187256
0.995004296 -0.010645521 0.099262059 43.636268616 0.008155499 0.999642611 0.025457451 -39.968746185 -0.099497601 -0.024520740 0.994735599 436.809204102
0.994958818 -0.011063422 0.099673666 43.950439453 0.008524162 0.999629080 0.025865709 -40.147724152 -0.099922881 -0.024885677 0.994683921 439.088409424
0.995006382 -0.011056844 0.099197581 44.275077820 0.008531491 0.999629498 0.025846006 -40.320434570 -0.099446625 -0.024870636 0.994732022 441.363830566
0.995004296 -0.010340595 0.099294648 44.602058411 0.007711137 0.999610305 0.026828730 -40.508247375 -0.099533372 -0.025929034 0.994696319 443.643249512
0.994979918 -0.011026129 0.099465720 44.922706604 0.008377374 0.999600112 0.027008295 -40.683200836 -0.099723741 -0.026039448 0.994674385 445.919158936
0.994980991 -0.010842354 0.099474996 45.239673615 0.008241551 0.999614477 0.026519084 -40.860221863 -0.099724144 -0.025566157 0.994686604 448.185729980
0.994996190 -0.010357699 0.099373654 45.558521271 0.007783748 0.999624908 0.026254596 -41.038738251 -0.099608310 -0.025349723 0.994703710 450.448364258
0.994932652 -0.009773164 0.100066602 45.867607117 0.007203003 0.999635577 0.026013665 -41.220916748 -0.100284398 -0.025161060 0.994640589 452.710937500
0.994853556 -0.009017962 0.100922622 46.177947998 0.006426765 0.999642015 0.025970830 -41.388206482 -0.101120695 -0.025188558 0.994555235 454.990966797
0.994821787 -0.009354265 0.101203203 46.488838196 0.006772776 0.999643624 0.025821595 -41.571674347 -0.101408698 -0.025002453 0.994530618 457.257904053
0.994858623 -0.008236604 0.100937225 46.817325592 0.005767177 0.999677479 0.024732400 -41.743423462 -0.101108380 -0.024023123 0.994585276 459.538757324
0.994828939 -0.007214452 0.101308145 47.134403229 0.004661249 0.999666095 0.025416497 -41.924343109 -0.101457663 -0.024812847 0.994530499 461.819305420
0.994837463 -0.007061611 0.101235144 47.450866699 0.004371387 0.999632001 0.026771264 -42.101989746 -0.101386949 -0.026190521 0.994502187 464.088989258
0.994901538 -0.007249664 0.100589916 47.764274597 0.004535284 0.999620080 0.027187102 -42.274997711 -0.100748807 -0.026592286 0.994556427 466.355377197
0.994980633 -0.007259678 0.099803977 48.085083008 0.004682715 0.999650180 0.026030300 -42.450435638 -0.099958032 -0.025432292 0.994666576 468.639190674
0.995053470 -0.007294049 0.099072643 48.412342072 0.004771645 0.999659002 0.025673287 -42.632720947 -0.099226125 -0.025073554 0.994748950 470.933959961
0.995130718 -0.007711560 0.098261602 48.727867126 0.005103210 0.999628603 0.026768699 -42.814376831 -0.098431543 -0.026136905 0.994800508 473.212341309
0.995118499 -0.007828912 0.098376021 49.031990051 0.005191632 0.999620914 0.027035613 -42.992820740 -0.098550394 -0.026392905 0.994781911 475.493469238
0.995206535 -0.007492510 0.097508110 49.341220856 0.004944792 0.999640644 0.026343748 -43.152015686 -0.097670443 -0.025735311 0.994886041 477.778167725
0.995221496 -0.007638048 0.097343937 49.651523590 0.005024080 0.999620914 0.027069787 -43.330551147 -0.097513787 -0.026451373 0.994882584 480.059143066
0.995247424 -0.008242440 0.097030468 49.967033386 0.005577107 0.999600589 0.027708270 -43.506637573 -0.097220093 -0.027035428 0.994895577 482.334381104
0.995236576 -0.008640857 0.097106062 50.268096924 0.006044658 0.999617159 0.026998172 -43.680290222 -0.097302169 -0.026282592 0.994907737 484.622161865
0.995290160 -0.009731348 0.096450754 50.576602936 0.007071757 0.999586403 0.027878197 -43.868011475 -0.096682116 -0.027064819 0.994947374 486.925567627
0.995361686 -0.010222289 0.095658205 50.890808105 0.007560027 0.999575078 0.028152142 -44.038425446 -0.095905341 -0.027298380 0.995016038 489.208190918
0.995309949 -0.009994640 0.096219890 51.158611298 0.007290869 0.999569774 0.028410602 -44.222969055 -0.096462443 -0.027575826 0.994954586 491.481506348
0.995357394 -0.009381752 0.095789820 51.475700378 0.006657199 0.999565244 0.028723076 -44.392711639 -0.096017644 -0.027952028 0.994987071 493.775634766
0.995342433 -0.008984848 0.095982186 51.769348145 0.006276357 0.999574482 0.028483413 -44.563648224 -0.096197277 -0.027748328 0.994975448 496.069122314
0.995373249 -0.008786242 0.095681541 52.087684631 0.006122020 0.999586284 0.028102737 -44.744148254 -0.095888861 -0.027386945 0.995015323 498.384918213
0.995429039 -0.008589813 0.095116898 52.398319244 0.005881432 0.999570251 0.028718082 -44.912895203 -0.095322691 -0.028027387 0.995051920 500.678344727
0.995434582 -0.008141763 0.095097505 52.700485229 0.005389278 0.999560058 0.029164864 -45.090789795 -0.095293134 -0.028519208 0.995040596 502.956359863
0.995472193 -0.007252712 0.094775937 53.010307312 0.004572105 0.999584198 0.028470235 -45.264423370 -0.094943002 -0.027908003 0.995091438 505.247344971
0.995472968 -0.007071423 0.094780780 53.315010071 0.004320486 0.999564230 0.029198077 -45.437900543 -0.094945952 -0.028656393 0.995069981 507.540863037
0.995505631 -0.007602782 0.094395801 53.627899170 0.004943752 0.999585330 0.028370909 -45.612274170 -0.094572358 -0.027776739 0.995130360 509.829223633
0.995567262 -0.008296618 0.093685530 53.945053101 0.005579279 0.999557078 0.029229663 -45.790828705 -0.093886547 -0.028577397 0.995172679 512.128845215
0.995580733 -0.008113224 0.093558408 54.249114990 0.005388082 0.999554873 0.029343605 -45.957984924 -0.093754835 -0.028709827 0.995181262 514.438781738
0.995598912 -0.007639022 0.093404517 54.550346375 0.004948030 0.999566913 0.029007798 -46.127300262 -0.093585655 -0.028417967 0.995205581 516.740783691
0.995590746 -0.006784383 0.093557447 54.844902039 0.004100540 0.999575317 0.028849047 -46.301399231 -0.093713440 -0.028338201 0.995195866 519.032348633
0.995526791 -0.004849728 0.094354704 55.143119812 0.002122489 0.999577761 0.028983023 -46.476314545 -0.094455406 -0.028653113 0.995116770 521.345520020
0.995341957 -0.002851839 0.096365638 55.432857513 0.000013385 0.999566436 0.029442867 -46.647686005 -0.096407831 -0.029304428 0.994910419 523.664428711
0.995398164 -0.002072279 0.095802709 55.764373779 -0.000835798 0.999540269 0.030304765 -46.815933228 -0.095821470 -0.030245379 0.994938910 526.003845215
0.995323122 -0.002444563 0.096572191 56.064258575 -0.000506823 0.999533892 0.030525094 -46.987300873 -0.096601807 -0.030431274 0.994857728 528.300109863
0.995272100 -0.004276772 0.097031884 56.372043610 0.001197826 0.999494493 0.031767365 -47.152107239 -0.097118698 -0.031500939 0.994774163 530.610107422
0.995217562 -0.005884575 0.097504877 56.691619873 0.002834219 0.999503076 0.031393152 -47.316577911 -0.097641155 -0.030966666 0.994739771 532.929138184
0.995196581 -0.005801905 0.097724587 57.008281708 0.002799260 0.999520600 0.030834708 -47.483531952 -0.097856656 -0.030413041 0.994735718 535.241088867
0.995101154 -0.006120717 0.098672561 57.319458008 0.003101100 0.999522924 0.030726772 -47.653610229 -0.098813549 -0.030270254 0.994645476 537.554870605
0.995031059 -0.005740377 0.099399425 57.632476807 0.002753606 0.999541283 0.030159323 -47.828117371 -0.099526972 -0.029735759 0.994590461 539.869812012
0.994944036 -0.004945460 0.100309066 57.948379517 0.001965156 0.999554217 0.029788295 -47.999767303 -0.100411698 -0.029440559 0.994510233 542.194885254
0.994885743 -0.004509939 0.100906439 58.278678894 0.001610780 0.999584079 0.028794218 -48.169059753 -0.100994334 -0.028484415 0.994479120 544.520019531
0.994781256 -0.004644938 0.101923853 58.586902618 0.001648258 0.999564409 0.029465703 -48.346126556 -0.102016337 -0.029143933 0.994355679 546.838928223
0.994655430 -0.004837404 0.103136607 58.900714874 0.001698190 0.999533236 0.030503552 -48.520679474 -0.103236005 -0.030165378 0.994199336 549.160095215
0.994551122 -0.004828539 0.104137845 59.213665009 0.001629614 0.999524832 0.030781409 -48.690979004 -0.104236998 -0.030443987 0.994086385 551.461120605
0.994551837 -0.006050493 0.104067490 59.546955109 0.002964369 0.999551952 0.029784173 -48.859580994 -0.104201086 -0.029313410 0.994124174 553.772094727
0.994614244 -0.006241433 0.103458151 59.888126373 0.003113069 0.999533772 0.030371908 -49.033451080 -0.103599481 -0.029886262 0.994170010 556.086303711
0.994552612 -0.005938048 0.104066052 60.210548401 0.002749871 0.999523222 0.030752821 -49.202041626 -0.104199044 -0.030299131 0.994094849 558.394348145
0.994537473 -0.005242009 0.104247607 60.542289734 0.001940097 0.999493897 0.031749953 -49.369789124 -0.104361288 -0.031374268 0.994044423 560.728515625
0.994559526 -0.006037842 0.103994898 60.884204865 0.002682532 0.999472201 0.032373879 -49.539489746 -0.104135491 -0.031918786 0.994050741 563.057800293
0.994526565 -0.005292642 0.104349770 61.217845917 0.001842643 0.999449313 0.033130575 -49.701293945 -0.104467668 -0.032756966 0.993988693 565.374145508
0.994477630 -0.004147404 0.104867026 61.558670044 0.000751464 0.999474645 0.032402087 -49.869049072 -0.104946315 -0.032144349 0.993958235 567.699768066
0.994504571 -0.003123195 0.104645871 61.907649994 -0.000108371 0.999523699 0.030861059 -50.030464172 -0.104692422 -0.030702807 0.994030595 570.027160645
0.994470716 -0.002653980 0.104980916 62.252777100 -0.000595329 0.999522030 0.030907979 -50.198520660 -0.105012782 -0.030799583 0.993993819 572.349060059
0.994512498 -0.002785867 0.104580574 62.602630615 -0.000574987 0.999484718 0.032092609 -50.375686646 -0.104616091 -0.031976636 0.993998587 574.713562012
0.994535625 -0.002905870 0.104357034 62.948749542 -0.000615013 0.999432147 0.033690803 -50.550773621 -0.104395665 -0.033570882 0.993969083 577.022338867
0.994424105 -0.001930916 0.105437271 63.275501251 -0.001428332 0.999494016 0.031775359 -50.710700989 -0.105445266 -0.031748779 0.993918180 579.414916992
0.994477630 -0.002607062 0.104916334 63.619808197 -0.000716792 0.999499440 0.031630829 -50.873062134 -0.104946285 -0.031531356 0.993977964 581.754272461
0.994394958 -0.003137906 0.105682589 63.954849243 -0.000344318 0.999458194 0.032915477 -51.044883728 -0.105728604 -0.032767374 0.993855000 584.086425781
0.994460046 -0.002923746 0.105074316 64.296524048 -0.000552191 0.999454021 0.033036452 -51.208923340 -0.105113544 -0.032911450 0.993915498 586.403259277
0.994432211 -0.005967960 0.105209030 64.648666382 0.002597949 0.999480009 0.032139566 -51.388053894 -0.105346128 -0.031687293 0.993930638 588.764709473
0.994475842 -0.006206542 0.104781777 64.997085571 0.002883962 0.999489069 0.031831309 -51.547348022 -0.104925811 -0.031353272 0.993985653 591.113220215
0.994483888 -0.007983360 0.104585364 65.334503174 0.004619074 0.999465227 0.032370653 -51.715103149 -0.104787879 -0.031709008 0.993988931 593.449523926
0.994539857 -0.008933971 0.103974499 65.685630798 0.005573066 0.999453902 0.032570064 -51.881561279 -0.104208700 -0.031812768 0.994046509 595.807617188
