1.000000000 0.000000000 0.000000000 0.000000000 0.000000000 1.000000000 0.000000000 0.000000000 0.000000000 0.000000000 1.000000000 0.000000000
0.999999881 0.000141135 0.000452865 0.086292677 -0.000141074 1.000000000 -0.000134130 -0.226176530 -0.000452884 0.000134066 0.999999881 2.289480925
0.999999225 0.000504585 0.001136611 0.166274697 -0.000505026 0.999999821 0.000387383 -0.463081539 -0.001136415 -0.000387957 0.999999285 4.586145878
0.999998450 0.000142989 0.001740810 0.262383044 -0.000143959 0.999999821 0.000557389 -0.694210589 -0.001740730 -0.000557639 0.999998331 6.877281666
0.999996662 0.000212391 0.002573711 0.357252032 -0.000209461 0.999999344 -0.001138440 -0.926977515 -0.002573951 0.001137897 0.999996066 9.179052353
0.999987364 0.001926622 0.004641139 0.448431551 -0.001927210 0.999998152 0.000122308 -1.161638737 -0.004640895 -0.000131251 0.999989271 11.486762047
0.999965310 0.004089711 0.007251348 0.536404252 -0.004100734 0.999990404 0.001505969 -1.393283129 -0.007245120 -0.001535653 0.999972582 13.796735764
0.999945700 0.003952228 0.009641619 0.643485487 -0.003992787 0.999983311 0.004191053 -1.622523189 -0.009624894 -0.004229323 0.999944687 16.070238113
0.999943733 0.003591916 0.009973021 0.769321799 -0.003641018 0.999981284 0.004909684 -1.850475311 -0.009955201 -0.004945720 0.999938190 18.417709351
0.999933898 0.002825483 0.011143000 0.889168859 -0.002882397 0.999982893 0.005094915 -2.074494600 -0.011128414 -0.005126697 0.999924898 20.709646225
0.999929011 0.000281327 0.011908310 1.001620650 -0.000318171 0.999995172 0.003092229 -2.309859991 -0.011907382 -0.003095799 0.999924302 23.031972885
0.999914765 -0.002022309 0.012900870 1.107147932 0.002008804 0.999997437 0.001059699 -2.529681921 -0.012902980 -0.001033694 0.999916196 25.314786911
0.999916494 -0.002686676 0.012635171 1.242995501 0.002684049 0.999996305 0.000224858 -2.773366928 -0.012635731 -0.000190926 0.999920070 27.619903564
0.999905348 -0.002324642 0.013557704 1.350073338 0.002333905 0.999997020 -0.000667485 -2.999830723 -0.013556110 0.000699065 0.999907851 29.907335281
0.999898732 0.000013127 0.014226942 1.468524456 -0.000043355 0.999997675 0.002124427 -3.234304190 -0.014226882 -0.002124829 0.999896526 32.192787170
0.999897659 0.002074143 0.014159361 1.599103451 -0.002136505 0.999988019 0.004390588 -3.454596281 -0.014150086 -0.004420389 0.999890089 34.473712921
0.999869287 0.004494169 0.015532847 1.716137886 -0.004628623 0.999951959 0.008630974 -3.689311028 -0.015493311 -0.008701742 0.999842048 36.778781891
0.999849319 0.006335030 0.016163254 1.832678556 -0.006467800 0.999945641 0.008175393 -3.906601429 -0.016110584 -0.008278702 0.999835908 39.051673889
0.999817789 0.005592625 0.018258402 1.931033611 -0.005714870 0.999961555 0.006649973 -4.111633778 -0.018220507 -0.006753105 0.999811172 41.347934723
0.999823749 0.003124903 0.018513860 2.052764893 -0.003237253 0.999976516 0.006041563 -4.338278770 -0.018494546 -0.006100432 0.999810398 43.627399445
0.999818146 0.003223001 0.018791525 2.181499958 -0.003305691 0.999984980 0.004371013 -4.555740356 -0.018777154 -0.004432337 0.999813795 45.859081268
0.999814153 0.002915062 0.019062862 2.303624868 -0.002983904 0.999989152 0.003583898 -4.786066532 -0.019052209 -0.003640114 0.999811888 48.127906799
0.999813557 0.001279253 0.019268081 2.438671350 -0.001357864 0.999990821 0.004067306 -5.014958858 -0.019262701 -0.004092711 0.999806106 50.407894135
0.999792814 0.000914359 0.020339640 2.567553043 -0.000998538 0.999990940 0.004128866 -5.234674931 -0.020335682 -0.004148320 0.999784529 52.674381256
0.999784768 -0.000215965 0.020744741 2.704720497 0.000136658 0.999992669 0.003824358 -5.459584713 -0.020745415 -0.003820700 0.999777496 54.965167999
0.999758065 -0.000245385 0.021995692 2.830009460 0.000145980 0.999989748 0.004520750 -5.690232754 -0.021996576 -0.004516446 0.999747872 57.249534607
0.999742568 -0.001605965 0.022631217 2.969259262 0.001488542 0.999985337 0.005204455 -5.914560795 -0.022639247 -0.005169427 0.999730289 59.517745972
0.999705374 -0.003172382 0.024064258 3.097012520 0.003063166 0.999984801 0.004574028 -6.137459278 -0.024078401 -0.004498967 0.999699950 61.787181854
0.999692738 -0.003750962 0.024501095 3.252844572 0.003647226 0.999984205 0.004277261 -6.359758854 -0.024516750 -0.004186586 0.999690652 64.040016174
0.999661624 -0.003456497 0.025780426 3.393131018 0.003331049 0.999982417 0.004907398 -6.581581116 -0.025796935 -0.004819861 0.999655604 66.313392639
0.999646544 -0.002531784 0.026464554 3.543071747 0.002395194 0.999983668 0.005191701 -6.807120800 -0.026477264 -0.005126478 0.999636233 68.572799683
0.999612868 -0.002628258 0.027697710 3.682089806 0.002497400 0.999985576 0.004758074 -7.029349804 -0.027709812 -0.004687060 0.999605000 70.827857971
0.999599874 -0.003354720 0.028086901 3.842535496 0.003257625 0.999988556 0.003501995 -7.253551483 -0.028098328 -0.003409097 0.999599338 73.084197998
0.999590874 -0.004310552 0.028276030 4.002938747 0.004201035 0.999983370 0.003931416 -7.481304646 -0.028292509 -0.003811020 0.999592423 75.368850708
0.999544919 -0.005580456 0.029648669 4.159246445 0.005479061 0.999978840 0.003500025 -7.712107658 -0.029667579 -0.003335985 0.999554217 77.632995605
0.999548793 -0.006480349 0.029329842 4.319950581 0.006393914 0.999974966 0.003039835 -7.941224098 -0.029348806 -0.002850930 0.999565184 79.897796631
0.999519229 -0.006931986 0.030219773 4.466830254 0.006853222 0.999972761 0.002709164 -8.159079552 -0.030237732 -0.002500758 0.999539673 82.152847290
0.999502242 -0.006422942 0.030886836 4.637032509 0.006338520 0.999975920 0.002830432 -8.392070770 -0.030904280 -0.002633246 0.999518871 84.436134338
0.999454021 -0.006134393 0.032464974 4.791137695 0.006038167 0.999977052 0.003061216 -8.607618332 -0.032483000 -0.002863515 0.999468207 86.693847656
0.999447882 -0.005722671 0.032727063 4.957802773 0.005571500 0.999973416 0.004708464 -8.846027374 -0.032753129 -0.004523526 0.999453366 88.975654602
0.999419749 -0.004779257 0.033724841 5.116462708 0.004603375 0.999975324 0.005290970 -9.072208405 -0.033749301 -0.005132651 0.999417067 91.233070374
0.999391556 -0.004741410 0.034555525 5.282349586 0.004564947 0.999976158 0.005183802 -9.293036461 -0.034579277 -0.005022904 0.999389350 93.487335205
0.999372602 -0.004885134 0.035079498 5.449874878 0.004729426 0.999978542 0.004520307 -9.509166718 -0.035100833 -0.004351565 0.999374270 95.743499756
0.999344945 -0.005282133 0.035800681 5.616698265 0.005102678 0.999973893 0.005102096 -9.733303070 -0.035826702 -0.004916075 0.999345899 97.997886658
0.999310136 -0.004949548 0.036807328 5.777978897 0.004783856 0.999978006 0.004588329 -9.964088440 -0.036829229 -0.004409083 0.999311864 100.237998962
0.999235809 -0.004896663 0.038780257 5.928576946 0.004687673 0.999974012 0.005478149 -10.177992821 -0.038806081 -0.005292174 0.999232769 102.460350037
0.999254465 -0.005716610 0.038181454 6.133484840 0.005506800 0.999969184 0.005597971 -10.403711319 -0.038212277 -0.005383540 0.999255121 104.726814270
0.999228179 -0.006365991 0.038762379 6.309774399 0.006132428 0.999962330 0.006141455 -10.618261337 -0.038800016 -0.005899007 0.999229610 106.964927673
0.999206185 -0.007706175 0.039082918 6.493199348 0.007465698 0.999952316 0.006295221 -10.834230423 -0.039129566 -0.005998444 0.999216080 109.215324402
0.999165297 -0.008788101 0.039893944 6.669043541 0.008498479 0.999936342 0.007423621 -11.061561584 -0.039956640 -0.007078385 0.999176264 111.471946716
0.999142170 -0.009434558 0.040322673 6.856706619 0.009197094 0.999939263 0.006070496 -11.283408165 -0.040377498 -0.005694437 0.999168217 113.740325928
0.999095678 -0.009908179 0.041346438 7.035241127 0.009703850 0.999939680 0.005139610 -11.501594543 -0.041394874 -0.004733744 0.999131680 115.994598389
0.999056995 -0.010155718 0.042213060 7.212613106 0.009920341 0.999934018 0.005781692 -11.730271339 -0.042268984 -0.005357472 0.999091864 118.241416931
0.999003351 -0.010521779 0.043377314 7.398466110 0.010244020 0.999925613 0.006620699 -11.954944611 -0.043443747 -0.006169742 0.999036849 120.516548157
0.998997927 -0.011246691 0.043319162 7.600875854 0.010927144 0.999911308 0.007606285 -12.183450699 -0.043400869 -0.007125307 0.999032438 122.727134705
0.998935521 -0.012065004 0.044520691 7.796017647 0.011781223 0.999908626 0.006631045 -12.403465271 -0.044596616 -0.006099479 0.998986483 125.035095215
0.998907268 -0.012384519 0.045064058 7.978776932 0.012123450 0.999908149 0.006061994 -12.628977776 -0.045134988 -0.005509039 0.998965681 127.298812866
0.998890996 -0.014021392 0.044945594 8.167407036 0.013743810 0.999884486 0.006479078 -12.846106529 -0.045031246 -0.005854169 0.998968422 129.561645508
0.998911560 -0.015218201 0.044090763 8.353672028 0.014940987 0.999866545 0.006610106 -13.058929443 -0.044185471 -0.005944152 0.999005675 131.811096191
0.998968184 -0.015508931 0.042685661 8.548028946 0.015193605 0.999854922 0.007701718 -13.274361610 -0.042798914 -0.007045222 0.999058902 134.048645020
0.999022484 -0.016373241 0.041060578 8.737740517 0.016076505 0.999842227 0.007546668 -13.497469902 -0.041177671 -0.006879181 0.999128103 136.299819946
0.999084830 -0.017227769 0.039147411 8.940280914 0.016945528 0.999827981 0.007530056 -13.714973450 -0.039270397 -0.006859791 0.999205053 138.525527954
0.999080002 -0.017781826 0.039024509 9.106458664 0.017504558 0.999819100 0.007435198 -13.934787750 -0.039149661 -0.006745249 0.999210715 140.814880371
0.999064386 -0.018143566 0.039256569 9.270513535 0.017855391 0.999811053 0.007679095 -14.141961098 -0.039388482 -0.006970969 0.999199629 143.048751831
0.999109149 -0.018401256 0.037977569 9.464326859 0.018066833 0.999795079 0.009130308 -14.375324249 -0.038137794 -0.008436040 0.999236882 145.290710449
0.999118149 -0.017543532 0.038145334 9.636947632 0.017252130 0.999819517 0.007954884 -14.586896896 -0.038278002 -0.007289781 0.999240518 147.543304443
0.999141812 -0.016379824 0.038043782 9.812544823 0.016143646 0.999848485 0.006507000 -14.800777435 -0.038144607 -0.005887250 0.999254823 149.780212402
0.999149680 -0.014695088 0.038522005 9.985230446 0.014486709 0.999878883 0.005682945 -15.021131516 -0.038600847 -0.005120054 0.999241710 152.033370972
0.999160767 -0.013924410 0.038521580 10.170003891 0.013710063 0.999889076 0.005822957 -15.239524841 -0.038598388 -0.005289937 0.999240816 154.276977539
0.999146461 -0.013245028 0.039127368 10.344762802 0.013010270 0.999895811 0.006248431 -15.455821991 -0.039206058 -0.005734040 0.999214649 156.543563843
0.999142945 -0.012732161 0.039388463 10.534954071 0.012458232 0.999896467 0.007192217 -15.673196793 -0.039475966 -0.006695342 0.999198079 158.770217896
0.999083877 -0.011980180 0.041081827 10.689592361 0.011619346 0.999891877 0.009010813 -15.905371666 -0.041185342 -0.008525215 0.999115109 161.067306519
0.999051332 -0.010852650 0.042173527 10.870157242 0.010392797 0.999884248 0.011107854 -16.122459412 -0.042289194 -0.010659015 0.999048650 163.301559448
0.999032378 -0.010385733 0.042736281 11.062561035 0.009962488 0.999899268 0.010104768 -16.328239441 -0.042836931 -0.009669229 0.999035299 165.589767456
0.998993635 -0.009628552 0.043807004 11.256012917 0.009252663 0.999918699 0.008775222 -16.537420273 -0.043887928 -0.008361059 0.999001443 167.846343994
0.998912334 -0.007691495 0.045991223 11.438182831 0.007278889 0.999931812 0.009132161 -16.749732971 -0.046058331 -0.008787462 0.998900056 170.082107544
0.998804331 -0.007520666 0.048303053 11.639429092 0.007071855 0.999930203 0.009455748 -16.974685669 -0.048370801 -0.009102850 0.998787880 172.394195557
0.998683453 -0.007647835 0.050722990 11.837003708 0.007200563 0.999933600 0.008994809 -17.181709290 -0.050788417 -0.008617735 0.998672187 174.662704468
0.998601675 -0.007314395 0.052354902 12.044901848 0.006814355 0.999929488 0.009723094 -17.397165298 -0.052422326 -0.009352732 0.998581231 176.911254883
0.998571813 -0.007797354 0.052854542 12.253451347 0.007264898 0.999920905 0.010258636 -17.600664139 -0.052930363 -0.009860003 0.998549521 179.140853882
0.998547256 -0.009608632 0.053021401 12.461741447 0.009063835 0.999903858 0.010505943 -17.824182510 -0.053117253 -0.010010103 0.998538136 181.419845581
0.998492599 -0.010461960 0.053879742 12.656055450 0.009922599 0.999898076 0.010268239 -18.031845093 -0.053981677 -0.009718137 0.998494685 183.668426514
0.998579085 -0.011927416 0.051937092 12.890558243 0.011421952 0.999884546 0.010018185 -18.246299744 -0.052050594 -0.009410726 0.998600125 185.909545898
0.998583853 -0.013720680 0.051400777 13.097573280 0.013176144 0.999853611 0.010917880 -18.459293365 -0.051543046 -0.010225154 0.998618543 188.157943726
0.998601437 -0.014595576 0.050814457 13.305278778 0.014087091 0.999847233 0.010350467 -18.663352966 -0.050957769 -0.009620162 0.998654425 190.404998779
0.998571455 -0.015953436 0.050995834 13.512887955 0.015464369 0.999830723 0.009970581 -18.877605438 -0.051146265 -0.009167718 0.998649120 192.649887085
0.998542488 -0.017719092 0.050980315 13.707368851 0.017262781 0.999807119 0.009377146 -19.086811066 -0.051136628 -0.008483416 0.998655558 194.889923096
0.998574734 -0.017215971 0.050518960 13.912023544 0.016757607 0.999814630 0.009482677 -19.296154022 -0.050672855 -0.008622585 0.998678029 197.122497559
0.998582184 -0.014971885 0.051083021 14.122046471 0.014484294 0.999846041 0.009901966 -19.515182495 -0.051223401 -0.009148021 0.998645306 199.383682251
0.998590469 -0.013268588 0.051390853 14.322443008 0.012798613 0.999873340 0.009463483 -19.724575043 -0.051509909 -0.008792412 0.998633802 201.622650146
0.998570144 -0.012713105 0.051925816 14.533353806 0.012281201 0.999887347 0.008628350 -19.934183121 -0.052029666 -0.007978301 0.998613656 203.889541626
0.998537481 -0.012950577 0.052491117 14.732870102 0.012479962 0.999879003 0.009283502 -20.141103745 -0.052604992 -0.008614836 0.998578191 206.116561890
0.998516560 -0.014605578 0.052453257 14.965918541 0.014116494 0.999853492 0.009682634 -20.365341187 -0.052586984 -0.008927816 0.998576581 208.390319824
0.998456299 -0.014165768 0.053705838 15.169105530 0.013639078 0.999855340 0.010160841 -20.568317413 -0.053842004 -0.009412657 0.998505116 210.634353638
0.998388588 -0.014098984 0.054966349 15.393698692 0.013501395 0.999845743 0.011228168 -20.790519714 -0.055116177 -0.010467951 0.998425066 212.892807007
0.998332441 -0.012703670 0.056311693 15.627436638 0.012070858 0.999860227 0.011563639 -20.999641418 -0.056450725 -0.010864624 0.998346269 215.123825073
0.998146892 -0.011136504 0.059822772 15.830460548 0.010473052 0.999880254 0.011392449 -21.203840256 -0.059942465 -0.010744811 0.998144031 217.402740479
0.998019159 -0.011262087 0.061894272 16.058288574 0.010550125 0.999874473 0.011817685 -21.410276413 -0.062019598 -0.011141285 0.998012722 219.646087646
0.997899413 -0.012804649 0.063504115 16.292808533 0.012039492 0.999850452 0.012417012 -21.614702225 -0.063653611 -0.011626369 0.997904241 221.882904053
0.997793555 -0.014400673 0.064812757 16.524578094 0.013573548 0.999820948 0.013184048 -21.816070557 -0.064991012 -0.012275221 0.997810364 224.119735718
0.997726560 -0.016535444 0.065331861 16.775432587 0.015733557 0.999794662 0.012769614 -22.028774261 -0.065529592 -0.011712682 0.997781873 226.357711792
0.997688591 -0.017704017 0.065604113 17.013450623 0.016941639 0.999782503 0.012159140 -22.223901749 -0.065805107 -0.011019591 0.997771621 228.613128662
0.997655153 -0.017896663 0.066058606 17.254159927 0.017114963 0.999776900 0.012380448 -22.427127838 -0.066265427 -0.011220826 0.997738957 230.857208252
0.997578025 -0.018938364 0.066928804 17.489789963 0.018198365 0.999766529 0.011649054 -22.632282257 -0.067133799 -0.010402843 0.997689784 233.100357056
0.997590601 -0.019528311 0.066570327 17.759523392 0.018730914 0.999745309 0.012581465 -22.840913773 -0.066799074 -0.011304227 0.997702420 235.390502930
0.997556329 -0.019437639 0.067110084 18.000936508 0.018629264 0.999746442 0.012650419 -23.040601730 -0.067338966 -0.011369292 0.997665346 237.632400513
0.997514307 -0.019002460 0.067854010 18.235754013 0.018189797 0.999755442 0.012574536 -23.240879059 -0.068076365 -0.011309031 0.997615993 239.853149414
0.997485220 -0.019219127 0.068219185 18.479349136 0.018390236 0.999749482 0.012757731 -23.442443848 -0.068447299 -0.011471081 0.997588813 242.084991455
0.997441053 -0.019509066 0.068780050 18.723011017 0.018671928 0.999743819 0.012793302 -23.641807556 -0.069012016 -0.011476304 0.997549832 244.327438354
0.997397602 -0.019606506 0.069380566 18.965906143 0.018813703 0.999750257 0.012062048 -23.849355698 -0.069599740 -0.010725352 0.997517288 246.561080933
0.997412205 -0.019287564 0.069260873 19.223134995 0.018549096 0.999764204 0.011289504 -24.054874420 -0.069462277 -0.009975562 0.997534692 248.798202515
0.997382700 -0.019692464 0.069569595 19.468841553 0.018908622 0.999750316 0.011907698 -24.264135361 -0.069786720 -0.010561069 0.997505963 251.039108276
0.997356176 -0.020864498 0.069607332 19.721122742 0.020083625 0.999727488 0.011899346 -24.470455170 -0.069836646 -0.010469919 0.997503519 253.268508911
0.997346878 -0.020970237 0.069709435 19.979606628 0.020142781 0.999718308 0.012551976 -24.674867630 -0.069953009 -0.011114532 0.997488320 255.525314331
0.997305870 -0.021451926 0.070147581 20.211847305 0.020608762 0.999706686 0.012721675 -24.878019333 -0.070399918 -0.011241750 0.997455478 257.744262695
0.997285068 -0.021716319 0.070361629 20.477552414 0.020822030 0.999693155 0.013418575 -25.090482712 -0.070631422 -0.011917073 0.997431278 260.012634277
0.997258246 -0.021603452 0.070775561 20.731956482 0.020736380 0.999700963 0.012962948 -25.291961670 -0.071034439 -0.011459779 0.997407973 262.255706787
0.997230887 -0.021562411 0.071172334 20.989841461 0.020733315 0.999708533 0.012367444 -25.491426468 -0.071418256 -0.010857562 0.997387350 264.518066406
0.997202396 -0.020823231 0.071789742 21.245063782 0.020013303 0.999727905 0.011982935 -25.700254440 -0.072019726 -0.010512660 0.997347951 266.759490967
0.997135341 -0.020179775 0.072896734 21.499752045 0.019353626 0.999740362 0.012021866 -25.900566101 -0.073120423 -0.010576610 0.997267008 269.006439209
0.997029781 -0.019777067 0.074433789 21.753746033 0.018944645 0.999749959 0.011872921 -26.119480133 -0.074649997 -0.010427535 0.997155190 271.261535645
0.996912777 -0.020581437 0.075770997 22.016654968 0.019705353 0.999730229 0.012291855 -26.325889587 -0.076003544 -0.010760814 0.997049510 273.504455566
0.996734560 -0.020946488 0.077982888 22.266901016 0.019994210 0.999716043 0.012972276 -26.529529572 -0.078232452 -0.011370711 0.996870279 275.755218506
0.996649623 -0.020892544 0.079075649 22.546077728 0.019852811 0.999706030 0.013912023 -26.720678329 -0.079343066 -0.012295538 0.996771574 277.997283936
0.996580184 -0.020447716 0.080061242 22.826959610 0.019255860 0.999692380 0.015630748 -26.934938431 -0.080356225 -0.014035647 0.996667385 280.250030518
0.996504545 -0.020148054 0.081073113 23.107963562 0.018856317 0.999683261 0.016667271 -27.135726929 -0.081383251 -0.015080269 0.996568799 282.488098145
0.996419668 -0.019155864 0.082346343 23.380088806 0.017872553 0.999707520 0.016293352 -27.320281982 -0.082634367 -0.014763277 0.996470571 284.746154785
0.996316850 -0.018087259 0.083818547 23.646717072 0.016844904 0.999737740 0.015505649 -27.509788513 -0.084077030 -0.014036626 0.996360421 286.974578857
0.996309459 -0.016892416 0.084155396 23.933858871 0.015776021 0.999778867 0.013913336 -27.691087723 -0.084371805 -0.012534353 0.996355474 289.223815918
0.996241033 -0.017740469 0.084789120 24.204959869 0.016585337 0.999759972 0.014308752 -27.896438599 -0.085022628 -0.012848708 0.996296048 291.451232910
0.996145666 -0.017457090 0.085959211 24.459796906 0.016363235 0.999776125 0.013413555 -28.093759537 -0.086174108 -0.011955283 0.996208370 293.725646973
0.996167004 -0.018096639 0.085579239 24.742971420 0.017096564 0.999776900 0.012404504 -28.289821625 -0.085784629 -0.010893844 0.996254086 295.951538086
0.996165991 -0.018045761 0.085601255 25.024824142 0.017045848 0.999777853 0.012397598 -28.492568970 -0.085805960 -0.010890922 0.996252298 298.185882568
0.996157527 -0.017439105 0.085826837 25.304811478 0.016426498 0.999786973 0.012490379 -28.689954758 -0.086026385 -0.011032550 0.996231735 300.425109863
0.996112943 -0.017263182 0.086377211 25.566442490 0.016142080 0.999776363 0.013660852 -28.900243759 -0.086593732 -0.012213442 0.996168852 302.655975342
0.996110618 -0.017541600 0.086346805 25.852354050 0.016416917 0.999771118 0.013718170 -29.098247528 -0.086567655 -0.012247269 0.996170700 304.903594971
0.996081710 -0.016883934 0.086811259 26.137939453 0.015738904 0.999780238 0.013857433 -29.297693253 -0.087026142 -0.012436824 0.996128380 307.151733398
0.996074855 -0.017523739 0.086764358 26.421110153 0.016372038 0.999768376 0.013967798 -29.506322861 -0.086989038 -0.012492461 0.996130943 309.407104492
0.996042252 -0.018841613 0.086861037 26.708164215 0.017662231 0.999741375 0.014326410 -29.705135345 -0.087108493 -0.012735551 0.996117353 311.665435791
0.996009767 -0.018697321 0.087263651 26.993745804 0.017577533 0.999753177 0.013583116 -29.907051086 -0.087496080 -0.011995035 0.996092618 313.912170410
0.996022522 -0.018598840 0.087139323 27.283813477 0.017412793 0.999745309 0.014351374 -30.110906601 -0.087384053 -0.012776949 0.996092737 316.161651611
0.995990098 -0.017062884 0.087821007 27.568016052 0.015935412 0.999781489 0.013523492 -30.312904358 -0.088032588 -0.012069802 0.996044457 318.407196045
0.995974362 -0.015679920 0.088256627 27.849254608 0.014495506 0.999796391 0.014045098 -30.512872696 -0.088458873 -0.012709235 0.995998740 320.653350830
0.995918751 -0.014415328 0.089095131 28.127473831 0.013246350 0.999818385 0.013697962 -30.715120316 -0.089276418 -0.012461870 0.995928884 322.885223389
0.995874405 -0.013935910 0.089665338 28.409235001 0.012712153 0.999818325 0.014204701 -30.909883499 -0.089847006 -0.013006260 0.995870650 325.119476318
0.995884001 -0.013637802 0.089605264 28.705423355 0.012284299 0.999802172 0.015639354 -31.119005203 -0.089800827 -0.014474243 0.995854557 327.348663330
0.995848000 -0.014548458 0.089861497 28.986892700 0.013202953 0.999791920 0.015549465 -31.321212769 -0.090069018 -0.014298463 0.995832860 329.593292236
0.995863140 -0.016392998 0.089374736 29.287343979 0.015132282 0.999776483 0.014765389 -31.517698288 -0.089596793 -0.013351866 0.995888591 331.825927734
0.995860457 -0.015732858 0.089523412 29.572637558 0.014498447 0.999790788 0.014422319 -31.715911865 -0.089731611 -0.013064668 0.995880306 334.044708252
0.995837986 -0.015927823 0.089738011 29.858392715 0.014596290 0.999773741 0.015474841 -31.909633636 -0.089964174 -0.014100592 0.995845318 336.274993896
0.995894194 -0.016642971 0.088981539 30.162332535 0.015309311 0.999760330 0.015649619 -32.106235504 -0.089220673 -0.014223117 0.995910347 338.509216309
0.995889544 -0.016406870 0.089077957 30.444202423 0.015047748 0.999760211 0.015907891 -32.307228088 -0.089317612 -0.014502075 0.995897591 340.752868652
0.995931923 -0.016777085 0.088533126 30.740425110 0.015453069 0.999758601 0.015619335 -32.505302429 -0.088773809 -0.014187687 0.995950758 342.997589111
0.995952249 -0.017129185 0.088236719 31.028219223 0.015779622 0.999747932 0.015969738 -32.697837830 -0.088488013 -0.014512754 0.995971501 345.240478516
0.995996416 -0.017141389 0.087732717 31.315607071 0.015805179 0.999748647 0.015902543 -32.889045715 -0.087983258 -0.014452245 0.996017039 347.480804443
0.996036291 -0.017288325 0.087251745 31.602060318 0.015961461 0.999746442 0.015882188 -33.084625244 -0.087504186 -0.014426570 0.996059656 349.729522705
0.996046901 -0.017036363 0.087179445 31.884368896 0.015672516 0.999744177 0.016304811 -33.282867432 -0.087434918 -0.014874036 0.996059120 351.972656250
0.996083140 -0.017424822 0.086687542 32.167675018 0.016033124 0.999731600 0.016724654 -33.474800110 -0.086955696 -0.015269274 0.996095181 354.199676514
0.996106386 -0.017117497 0.086481147 32.446182251 0.015780130 0.999745607 0.016124275 -33.668479919 -0.086735144 -0.014696813 0.996122956 356.439697266
0.996163726 -0.017352706 0.085771605 32.733486176 0.015991742 0.999735415 0.016529076 -33.862537384 -0.086035751 -0.015094033 0.996177673 358.677398682
0.996210515 -0.016831098 0.085330456 33.020431519 0.015400670 0.999730051 0.017394118 -34.060001373 -0.085600168 -0.016014056 0.996200860 360.919342041
0.996267676 -0.016847532 0.084657162 33.309402466 0.015437157 0.999731302 0.017287016 -34.255817413 -0.084925659 -0.015915625 0.996260285 363.167999268
0.996323109 -0.016806837 0.084011003 33.597251892 0.015365357 0.999723852 0.017775578 -34.449645996 -0.084286571 -0.016419359 0.996306181 365.410827637
0.996363938 -0.016878720 0.083510086 33.878097534 0.015492680 0.999731600 0.017217619 -34.644447327 -0.083778307 -0.015861221 0.996358097 367.660369873
0.996378541 -0.017535005 0.083200343 34.153945923 0.016171740 0.999724090 0.017031088 -34.838329315 -0.083476037 -0.015623915 0.996387303 369.914276123
0.996370554 -0.017543504 0.083293356 34.424877167 0.016241413 0.999735475 0.016284570 -35.029705048 -0.083557002 -0.014872667 0.996392012 372.172393799
0.996428370 -0.017358638 0.082638718 34.707096100 0.016069766 0.999738991 0.016236193 -35.226615906 -0.082898982 -0.014850221 0.996447265 374.410247803
0.996512949 -0.017297694 0.081624955 34.993202209 0.015967730 0.999729395 0.016918328 -35.419460297 -0.081895515 -0.015555968 0.996519506 376.654052734
0.996435821 -0.016514026 0.082722321 35.256416321 0.015139557 0.999737203 0.017215323 -35.611770630 -0.082984872 -0.015901584 0.996423960 378.915893555
0.996424198 -0.017150940 0.082731828 35.532455444 0.015750967 0.999722004 0.017544925 -35.810600281 -0.083009727 -0.016179083 0.996417403 381.163635254
0.996460140 -0.017084071 0.082312711 35.818073273 0.015698809 0.999724507 0.017447222 -35.997104645 -0.082588114 -0.016093247 0.996453762 383.420959473
0.996466756 -0.016134556 0.082423724 36.097156525 0.014719648 0.999734104 0.017745255 -36.194488525 -0.082688130 -0.016469307 0.996439338 385.673126221
0.996471643 -0.014962106 0.082585983 36.371986389 0.013539968 0.999750733 0.017753419 -36.380378723 -0.082831033 -0.016572569 0.996425748 387.933197021
0.996488571 -0.013917734 0.082562931 36.654510498 0.012484821 0.999762774 0.017846392 -36.582656860 -0.082791723 -0.016752945 0.996426046 390.205291748
0.996475339 -0.012856433 0.082894191 36.927501678 0.011427646 0.999778271 0.017687766 -36.776580811 -0.083103217 -0.016678138 0.996401370 392.478851318
0.996487558 -0.011387679 0.082962699 37.202754974 0.009837900 0.999769986 0.019065358 -36.968059540 -0.083160713 -0.018182214 0.996370256 394.739227295
0.996435881 -0.010214184 0.083732314 37.473087311 0.008614608 0.999773979 0.019442519 -37.161941528 -0.083911978 -0.018651910 0.996298611 397.003692627
0.996372461 -0.009717886 0.084543094 37.750408173 0.008230653 0.999805510 0.017922211 -37.361076355 -0.084700815 -0.017161353 0.996258616 399.274078369
0.996312618 -0.009498485 0.085269772 38.022891998 0.008046586 0.999817014 0.017354704 -37.553844452 -0.085419022 -0.016604586 0.996206701 401.538848877
0.996206760 -0.010650001 0.086363912 38.296573639 0.009121779 0.999795079 0.018070530 -37.742042542 -0.086538665 -0.017214192 0.996099710 403.783203125
0.996194065 -0.012122007 0.086315997 38.576885223 0.010482863 0.999756515 0.019418066 -37.940280914 -0.086530365 -0.018439325 0.996078551 406.075531006
0.996126711 -0.012707788 0.087006204 38.854187012 0.011045187 0.999747694 0.019563839 -38.133804321 -0.087232850 -0.018527064 0.996015608 408.332427979
0.996107817 -0.011359992 0.087407999 39.156841278 0.009778385 0.999781013 0.018501500 -38.317707062 -0.087599032 -0.017574783 0.996000767 410.604248047
0.996057272 -0.010365293 0.088104919 39.448116302 0.008756909 0.999788225 0.018622292 -38.513851166 -0.088279285 -0.017777340 0.995937228 412.866210938
0.995981574 -0.009074842 0.089096896 39.727725983 0.007480873 0.999806166 0.018207939 -38.705360413 -0.089244857 -0.017468253 0.995856524 415.115203857
0.995899439 -0.007965727 0.090115450 40.018146515 0.006352416 0.999814570 0.018175382 -38.895141602 -0.090243518 -0.017528405 0.995765448 417.392181396
0.995854437 -0.008181380 0.090592645 40.318012238 0.006564142 0.999813974 0.018135346 -39.090648651 -0.090724148 -0.017465502 0.995722890 419.648071289
0.995750904 -0.008269460 0.091717079 40.604614258 0.006646014 0.999816060 0.017991921 -39.281021118 -0.091848984 -0.017305912 0.995622575 421.904876709
0.995668411 -0.008321262 0.092602171 40.891269684 0.006694677 0.999818027 0.017862076 -39.476402283 -0.092733972 -0.017164771 0.995542943 424.163543701
0.995599687 -0.008845922 0.093289964 41.190212250 0.007098577 0.999793410 0.019045491 -39.670783997 -0.093439169 -0.018299462 0.995456815 426.442321777
0.995557249 -0.008059707 0.093812421 41.487983704 0.006244019 0.999787748 0.019631919 -39.861495972 -0.093950741 -0.018958936 0.995396316 428.700805664
0.995480895 -0.007269070 0.094683073 41.790611267 0.005371589 0.999779940 0.020279819 -40.049259186 -0.094809659 -0.019679578 0.995300889 430.981262207
0.995504737 -0.007672988 0.094401836 42.103164673 0.005773854 0.999775767 0.020374276 -40.244384766 -0.094537012 -0.019737624 0.995325685 433.257354736
0.995478332 -0.008407259 0.094615594 42.411701202 0.006539996 0.999778032 0.020028088 -40.445159912 -0.094762936 -0.019318748 0.995312333 435.527435303
0.995494127 -0.007519179 0.094525695 42.728065491 0.005651907 0.999783874 0.020006360 -40.620506287 -0.094655700 -0.019381965 0.995321512 437.802703857
0.995458782 -0.008161839 0.094842881 43.036293030 0.006239364 0.999769390 0.020548994 -40.815856934 -0.094988748 -0.019863918 0.995280087 440.089935303
0.995492876 -0.008326191 0.094470471 43.347122192 0.006378042 0.999761105 0.020905016 -41.004638672 -0.094621964 -0.020208258 0.995308161 442.363647461
0.995470762 -0.007524338 0.094770126 43.660064697 0.005476696 0.999746323 0.021848008 -41.208351135 -0.094910495 -0.021230025 0.995259404 444.664398193
0.995429516 -0.007968149 0.095166199 43.966640472 0.005897072 0.999740064 0.022024192 -41.394599915 -0.095316954 -0.021362333 0.995217741 446.944274902
0.995413363 -0.007715456 0.095355123 44.266746521 0.005689639 0.999752700 0.021498634 -41.583217621 -0.095497400 -0.020857489 0.995211124 449.210906982
0.995401382 -0.007076688 0.095530204 44.572196960 0.005070776 0.999761879 0.021224119 -41.773094177 -0.095657654 -0.020642104 0.995200217 451.474670410
0.995344222 -0.006505684 0.096164182 44.872108459 0.004515966 0.999771416 0.020894032 -41.965309143 -0.096278138 -0.020362478 0.995146155 453.736877441
0.995269716 -0.005832847 0.096974865 45.172073364 0.003817456 0.999773085 0.020955183 -42.146141052 -0.097075075 -0.020485859 0.995066226 456.014556885
0.995224953 -0.005586689 0.097447552 45.469841003 0.003596494 0.999781609 0.020586954 -42.339729309 -0.097541265 -0.020138182 0.995027721 458.275634766
0.995249689 -0.004688341 0.097241871 45.788711548 0.002765029 0.999798059 0.019903980 -42.530803680 -0.097315542 -0.019540561 0.995061696 460.557067871
0.995235145 -0.003571392 0.097438596 46.098491669 0.001583724 0.999789238 0.020468906 -42.721305847 -0.097491160 -0.020217065 0.995030940 462.842803955
0.995232284 -0.003190517 0.097480305 46.407276154 0.001067261 0.999761224 0.021825776 -42.910652161 -0.097526670 -0.021617681 0.994998097 465.123199463
0.995254636 -0.003249554 0.097250447 46.709415436 0.001107090 0.999755681 0.022076240 -43.092952728 -0.097298406 -0.021863818 0.995015085 467.395568848
0.995368302 -0.003334229 0.096076772 47.027988434 0.001331676 0.999780715 0.020899845 -43.278335571 -0.096125379 -0.020675102 0.995154500 469.680480957
0.995418668 -0.003178684 0.095558770 47.340782166 0.001218808 0.999787807 0.020561019 -43.471069336 -0.095603861 -0.020350352 0.995211422 471.971832275
0.995499074 -0.003778160 0.094695978 47.647361755 0.001704895 0.999757409 0.021965247 -43.668067932 -0.094756007 -0.021704935 0.995263815 474.252929688
0.995446265 -0.003938650 0.095243163 47.937751770 0.001806433 0.999746084 0.022462953 -43.859260559 -0.095307447 -0.022188615 0.995200515 476.534881592
0.995556951 -0.003447415 0.094098307 48.241935730 0.001433679 0.999768615 0.021459563 -44.030197144 -0.094150513 -0.021229310 0.995331526 478.817810059
0.995563090 -0.003633296 0.094025984 48.543418884 0.001541091 0.999749839 0.022314405 -44.219856262 -0.094083555 -0.022070492 0.995319664 481.097473145
0.995635152 -0.003968822 0.093246207 48.855407715 0.001857224 0.999740124 0.022721294 -44.404067993 -0.093312129 -0.022448935 0.995383739 483.370086670
0.995625019 -0.004388461 0.093335748 49.145812988 0.002352939 0.999757230 0.021907475 -44.588691711 -0.093409240 -0.021592019 0.995393693 485.657714844
0.995730817 -0.005516889 0.092139833 49.456398010 0.003425767 0.999733269 0.022837857 -44.787746429 -0.092241250 -0.022424705 0.995484173 487.962615967
0.995837569 -0.005871620 0.090957239 49.761947632 0.003789894 0.999727309 0.023042696 -44.968887329 -0.091067739 -0.022602061 0.995588183 490.242492676
0.995735705 -0.005376817 0.092096649 50.020030975 0.003243315 0.999723196 0.023299925 -45.161815643 -0.092196435 -0.022901865 0.995477438 492.522705078
0.995811284 -0.004922210 0.091299690 50.329307556 0.002765691 0.999714494 0.023731718 -45.345130920 -0.091390438 -0.023379806 0.995540619 494.814025879
0.995800257 -0.004379695 0.091447569 50.614143372 0.002240222 0.999721587 0.023485184 -45.529083252 -0.091524974 -0.023181686 0.995532930 497.111053467
0.995822549 -0.004293534 0.091208614 50.922107697 0.002189522 0.999729455 0.023155671 -45.723209381 -0.091283366 -0.022859234 0.995562494 499.427825928
0.995867252 -0.004298847 0.090718910 51.219566345 0.002138632 0.999712110 0.023895985 -45.906303406 -0.090795502 -0.023603214 0.995589793 501.720489502
0.995867729 -0.003866448 0.090733320 51.510292053 0.001677645 0.999705970 0.024187358 -46.094573975 -0.090800166 -0.023935193 0.995581448 504.000671387
0.995890081 -0.003019456 0.090521231 51.807598114 0.000886137 0.999721110 0.023597991 -46.280784607 -0.090567261 -0.023420783 0.995614827 506.291931152
0.995866656 -0.002731258 0.090786055 52.095436096 0.000531546 0.999705911 0.024244975 -46.465026855 -0.090825573 -0.024096509 0.995575249 508.587341309
0.995894849 -0.002972621 0.090469144 52.395767212 0.000867167 0.999728084 0.023303034 -46.648071289 -0.090513833 -0.023128916 0.995626569 510.877136230
0.995945215 -0.003828221 0.089879505 52.701580048 0.001665070 0.999707460 0.024129886 -46.837459564 -0.089945592 -0.023882387 0.995660305 513.181518555
0.995964408 -0.003685510 0.089672446 52.998397827 0.001506509 0.999702215 0.024355112 -47.019680023 -0.089735515 -0.024121733 0.995673478 515.487548828
0.995972812 -0.003018446 0.089606516 53.289562225 0.000855393 0.999707520 0.024168050 -47.202285767 -0.089653268 -0.023994075 0.995683908 517.795227051
0.995961308 -0.001956961 0.089761332 53.576625824 -0.000184723 0.999715626 0.023845252 -47.385131836 -0.089782462 -0.023765534 0.995677769 520.095947266
0.995932877 -0.000759410 0.090094849 53.878570557 -0.001424265 0.999706805 0.024170754 -47.579959869 -0.090086788 -0.024200771 0.995639861 522.446105957
0.995789886 0.001430709 0.091653399 54.159076691 -0.003678995 0.999696195 0.024366057 -47.762420654 -0.091590717 -0.024600660 0.995492816 524.771240234
0.995835125 0.002515635 0.091139197 54.480381012 -0.004855100 0.999664128 0.025456531 -47.944595337 -0.091044553 -0.025792995 0.995512664 527.115356445
0.995747030 0.002137353 0.092104472 54.767127991 -0.004503679 0.999664903 0.025491579 -48.127346039 -0.092019141 -0.025797974 0.995423019 529.422607422
0.995713949 0.000135472 0.092485517 55.064590454 -0.002642135 0.999632359 0.026981395 -48.306922913 -0.092447877 -0.027110115 0.995348394 531.732238770
0.995667636 -0.001456085 0.092972353 55.373359680 -0.001031821 0.999642730 0.026705958 -48.484012604 -0.092978038 -0.026686190 0.995310426 534.052124023
0.995647252 -0.001348705 0.093193240 55.679405212 -0.001084752 0.999659896 0.026056357 -48.660446167 -0.093196683 -0.026044026 0.995306969 536.369445801
0.995560527 -0.001653040 0.094109178 55.981098175 -0.000780737 0.999666333 0.025818510 -48.840682983 -0.094120480 -0.025777366 0.995226979 538.686950684
0.995474815 -0.001020011 0.095020473 56.279254913 -0.001380446 0.999681771 0.025193371 -49.023666382 -0.095015921 -0.025210531 0.995156586 540.998901367
0.995386779 -0.000198446 0.095944196 56.588077545 -0.002200412 0.999687731 0.024896182 -49.207973480 -0.095919177 -0.024992445 0.995075285 543.323120117
0.995276272 0.000034512 0.097083122 56.872428894 -0.002374635 0.999709368 0.023988880 -49.394813538 -0.097054102 -0.024106098 0.994987130 545.639160156
0.995150447 0.000092972 0.098364733 57.170372009 -0.002476854 0.999706209 0.024113288 -49.571826935 -0.098333597 -0.024239987 0.994858265 547.966430664
0.995084405 -0.000099013 0.099030524 57.475902557 -0.002451258 0.999668479 0.025630377 -49.764259338 -0.099000238 -0.025747141 0.994754195 550.276977539
0.995007813 -0.000278173 0.099796243 57.785301208 -0.002319147 0.999661624 0.025909280 -49.946216583 -0.099769674 -0.026011383 0.994670510 552.584472656
0.995032728 -0.001287484 0.099540174 58.109573364 -0.001195178 0.999689817 0.024877649 -50.124366760 -0.099541321 -0.024873042 0.994722486 554.889953613
0.995071590 -0.001582146 0.099146314 58.436801910 -0.000932663 0.999679267 0.025313143 -50.307735443 -0.099154554 -0.025280861 0.994750798 557.206665039
0.995024383 -0.001249286 0.099625178 58.752662659 -0.001313763 0.999669909 0.025657179 -50.487876892 -0.099624343 -0.025660396 0.994694173 559.518981934
0.994998634 -0.000724534 0.099885076 59.075927734 -0.001957434 0.999640226 0.026749929 -50.672107697 -0.099868521 -0.026811663 0.994639337 561.858398438
0.994993329 -0.000770344 0.099938400 59.403553009 -0.001989245 0.999619544 0.027510311 -50.852577209 -0.099921592 -0.027571380 0.994613171 564.187805176
0.994958520 -0.000425570 0.100287572 59.727188110 -0.002391513 0.999605954 0.027968144 -51.024139404 -0.100259975 -0.028066978 0.994565308 566.504272461
0.994926512 0.000440292 0.100604340 60.057979584 -0.003199693 0.999623001 0.027268536 -51.205802917 -0.100554414 -0.027452091 0.994552732 568.836120605
0.994941592 0.001652736 0.100440875 60.394687653 -0.004256578 0.999660194 0.025715347 -51.378631592 -0.100364238 -0.026012806 0.994610667 571.159118652
0.994954169 0.002198352 0.100305647 60.736541748 -0.004829750 0.999650359 0.025998507 -51.562572479 -0.100213423 -0.026351774 0.994616926 573.478820801
0.994961500 0.001963727 0.100237742 61.063762665 -0.004688674 0.999625564 0.026956500 -51.747837067 -0.100147262 -0.027290663 0.994598269 575.855163574
0.994953394 0.001803649 0.100322038 61.394062042 -0.004657709 0.999590814 0.028222041 -51.931442261 -0.100230090 -0.028546883 0.994554698 578.169799805
0.994822323 0.002442627 0.101600133 61.702430725 -0.005181794 0.999629915 0.026705097 -52.113494873 -0.101497293 -0.027093293 0.994466841 580.561401367
0.994862020 0.001685882 0.101226568 62.038398743 -0.004356334 0.999648094 0.026165683 -52.284698486 -0.101146840 -0.026472226 0.994519293 582.893188477
0.994821608 0.001766164 0.101622544 62.363674164 -0.004615063 0.999602675 0.027805854 -52.475311279 -0.101533070 -0.028130852 0.994434357 585.232177734
0.994886398 0.001959729 0.100982383 62.695072174 -0.004810510 0.999596417 0.027994704 -52.652339935 -0.100886777 -0.028337328 0.994494259 587.549438477
0.994862795 -0.000466981 0.101232447 63.036205292 -0.002257159 0.999638438 0.026793536 -52.835494995 -0.101208381 -0.026884388 0.994501889 589.912292480
0.994876981 -0.000846931 0.101088978 63.369983673 -0.001863350 0.999641359 0.026713410 -53.011222839 -0.101075344 -0.026764922 0.994518697 592.263183594
0.994894087 -0.002462630 0.100894667 63.698108673 -0.000280915 0.999630749 0.027168946 -53.190711975 -0.100924328 -0.027058568 0.994526029 594.602478027
0.994912446 -0.003157091 0.100693263 64.034904480 0.000414018 0.999628663 0.027251143 -53.370121002 -0.100741886 -0.027070818 0.994544268 596.963134766
