1.000000000 0.000000000 0.000000000 0.000000000 0.000000000 1.000000000 0.000000000 0.000000000 0.000000000 0.000000000 1.000000000 0.000000000
0.999999940 -0.000017859 0.000402326 0.087166637 0.000017914 1.000000000 -0.000136445 -0.228624359 -0.000402323 0.000136453 0.999999881 2.287114859
0.999999225 0.000274888 0.001208190 0.165504366 -0.000275420 0.999999821 0.000440087 -0.467886448 -0.001208069 -0.000440420 0.999999166 4.582457066
0.999998391 -0.000191762 0.001745838 0.262612879 0.000190661 0.999999762 0.000630873 -0.700271070 -0.001745959 -0.000630539 0.999998212 6.870300293
0.999996364 -0.000192346 0.002692078 0.356566995 0.000195228 0.999999404 -0.001070407 -0.933712959 -0.002691870 0.001070928 0.999995828 9.164072990
0.999987245 0.001548716 0.004817706 0.447710246 -0.001550120 0.999998748 0.000287669 -1.169147491 -0.004817254 -0.000295133 0.999988317 11.469252586
0.999967277 0.003582754 0.007250122 0.546108961 -0.003594099 0.999992251 0.001552376 -1.403319120 -0.007244505 -0.001578383 0.999972522 13.757031441
0.999947488 0.003486577 0.009637394 0.652711272 -0.003527260 0.999984920 0.004207583 -1.632064462 -0.009622579 -0.004241356 0.999944746 16.029556274
0.999943256 0.003471818 0.010069054 0.761056304 -0.003525311 0.999979734 0.005299723 -1.858937144 -0.010050452 -0.005334918 0.999935269 18.312969208
0.999925554 0.002467458 0.011943741 0.866652727 -0.002529125 0.999983490 0.005150745 -2.080352545 -0.011930835 -0.005180569 0.999915421 20.606061935
0.999930501 -0.000033481 0.011788657 0.993629336 -0.000002209 0.999995410 0.003027464 -2.310325384 -0.011788706 -0.003027281 0.999925911 22.899972916
0.999919295 -0.002240460 0.012502951 1.102945209 0.002229703 0.999997079 0.000874268 -2.528887510 -0.012504875 -0.000846320 0.999921441 25.181432724
0.999915481 -0.002522492 0.012753217 1.233858824 0.002515966 0.999996722 0.000527743 -2.776854038 -0.012754506 -0.000495612 0.999918520 27.479066849
0.999893725 -0.002352064 0.014382741 1.330699444 0.002363079 0.999996960 -0.000748908 -2.998628139 -0.014380935 0.000782816 0.999896288 29.764772415
0.999900460 0.000215881 0.014103395 1.468732595 -0.000246459 0.999997556 0.002166449 -3.229358435 -0.014102895 -0.002169710 0.999898195 32.031238556
0.999902725 0.002150005 0.013784235 1.601627827 -0.002213595 0.999987006 0.004599668 -3.451038122 -0.013774166 -0.004629733 0.999894381 34.310440063
0.999861002 0.004460315 0.016062381 1.708025217 -0.004591195 0.999956489 0.008120632 -3.676537037 -0.016025454 -0.008193248 0.999838114 36.624717712
0.999843419 0.006294144 0.016542858 1.828958750 -0.006426170 0.999947786 0.007939809 -3.896656513 -0.016492022 -0.008044873 0.999831557 38.896026611
0.999805450 0.005658942 0.018894166 1.926108837 -0.005773538 0.999965250 0.006016055 -4.099991322 -0.018859465 -0.006123971 0.999803364 41.203807831
0.999819994 0.003165622 0.018705217 2.055536270 -0.003266769 0.999980152 0.005379336 -4.328238964 -0.018687814 -0.005439474 0.999810576 43.480804443
0.999814928 0.003423979 0.018932449 2.186107635 -0.003505295 0.999984682 0.004263496 -4.552201748 -0.018917566 -0.004329071 0.999811649 45.724361420
0.999814987 0.002535650 0.019074012 2.312582254 -0.002603009 0.999990463 0.003507427 -4.783078671 -0.019064939 -0.003556427 0.999811947 47.994949341
0.999816656 0.001341784 0.019097548 2.449527979 -0.001414677 0.999991775 0.003803858 -5.010118008 -0.019092286 -0.003830177 0.999810398 50.280097961
0.999796033 0.000497664 0.020190185 2.576864004 -0.000579638 0.999991596 0.004054447 -5.233701229 -0.020187996 -0.004065323 0.999787927 52.545303345
0.999792457 -0.000771000 0.020357434 2.714279413 0.000687347 0.999991238 0.004115899 -5.463479042 -0.020360431 -0.004101052 0.999784291 54.826599121
0.999766409 -0.000976649 0.021588391 2.843168497 0.000878691 0.999989271 0.004546588 -5.691454887 -0.021592595 -0.004526556 0.999756634 57.123828888
0.999755859 -0.002423629 0.021961264 2.984004498 0.002311919 0.999984384 0.005110658 -5.914199352 -0.021973308 -0.005058639 0.999745786 59.392879486
0.999712825 -0.003588561 0.023694528 3.109031916 0.003483191 0.999983847 0.004486829 -6.136683464 -0.023710251 -0.004403008 0.999709129 61.662960052
0.999696612 -0.004445973 0.024225837 3.260534048 0.004339749 0.999980748 0.004435543 -6.360927582 -0.024245091 -0.004329063 0.999696672 63.915809631
0.999656498 -0.003818933 0.025928730 3.396228790 0.003687712 0.999980152 0.005106776 -6.582935333 -0.025947710 -0.005009404 0.999650896 66.185806274
0.999628842 -0.003105580 0.027066372 3.542211533 0.002961601 0.999981284 0.005357937 -6.806739330 -0.027082501 -0.005275789 0.999619305 68.436439514
0.999579847 -0.003244773 0.028801786 3.676847935 0.003094963 0.999981463 0.005244469 -7.031570911 -0.028818268 -0.005153125 0.999571383 70.683586121
0.999574840 -0.004246601 0.028845321 3.843500137 0.004140510 0.999984443 0.003736674 -7.252653599 -0.028860740 -0.003615651 0.999576926 72.924858093
0.999557436 -0.004965222 0.029329672 3.996531487 0.004839799 0.999978840 0.004345783 -7.478896141 -0.029350625 -0.004201910 0.999560475 75.189422607
0.999507427 -0.006204249 0.030764543 4.157920837 0.006092714 0.999974489 0.003717832 -7.707778931 -0.030786827 -0.003528561 0.999519765 77.457565308
0.999510169 -0.006849315 0.030536685 4.321355820 0.006739925 0.999970496 0.003683772 -7.936690807 -0.030561019 -0.003476153 0.999526799 79.702796936
0.999481261 -0.007289906 0.031368665 4.471751690 0.007195988 0.999969244 0.003105814 -8.151251793 -0.031390343 -0.002878475 0.999503076 81.958244324
0.999473453 -0.006709918 0.031745534 4.653820515 0.006611134 0.999972999 0.003215704 -8.382174492 -0.031766254 -0.003004137 0.999490798 84.206771851
0.999425948 -0.006454759 0.033257343 4.812206268 0.006342314 0.999973834 0.003485476 -8.597487450 -0.033278976 -0.003272546 0.999440730 86.459976196
0.999425411 -0.006480770 0.033267893 4.984863281 0.006325683 0.999968588 0.004764894 -8.832342148 -0.033297729 -0.004551714 0.999435067 88.731246948
0.999403596 -0.005565648 0.034079615 5.149930477 0.005386819 0.999971211 0.005336965 -9.058571815 -0.034108333 -0.005150201 0.999404788 90.983337402
0.999374866 -0.005279671 0.034955945 5.316679001 0.005102896 0.999973774 0.005144391 -9.278024673 -0.034982186 -0.004962798 0.999375641 93.237869263
0.999357283 -0.005422033 0.035435393 5.486823559 0.005262125 0.999975562 0.004604360 -9.495402336 -0.035459485 -0.004414935 0.999361336 95.493255615
0.999324858 -0.005768185 0.036284551 5.653934479 0.005592425 0.999972165 0.004943556 -9.717545509 -0.036312055 -0.004737299 0.999329269 97.748855591
0.999296904 -0.005637893 0.037066467 5.820697308 0.005477703 0.999975204 0.004421841 -9.947403908 -0.037090484 -0.004215692 0.999302983 99.986587524
0.999244809 -0.005748888 0.038428728 5.986106873 0.005537583 0.999969065 0.005602791 -10.164970398 -0.038459744 -0.005385759 0.999245644 102.227050781
0.999219120 -0.005793556 0.039083418 6.174520493 0.005587015 0.999969840 0.005391764 -10.383363724 -0.039113477 -0.005169194 0.999221444 104.480094910
0.999181509 -0.006347792 0.039950479 6.344626427 0.006100128 0.999961376 0.006318133 -10.612359047 -0.039989032 -0.006069259 0.999181807 106.737228394
0.999146283 -0.007550629 0.040616114 6.530580521 0.007300364 0.999953449 0.006306505 -10.826454163 -0.040661842 -0.006004610 0.999154866 108.984367371
0.999113977 -0.008522001 0.041214824 6.721002579 0.008233380 0.999940395 0.007167538 -11.049288750 -0.041273460 -0.006821851 0.999124527 111.240875244
0.999102533 -0.009170604 0.041352484 6.918249130 0.008940223 0.999943495 0.005752670 -11.269948006 -0.041402895 -0.005377807 0.999128044 113.499946594
0.999052465 -0.009686975 0.042430308 7.100975990 0.009488696 0.999943137 0.004872008 -11.489596367 -0.042475089 -0.004464784 0.999087572 115.745559692
0.999019682 -0.010134700 0.043092031 7.280050278 0.009919924 0.999937296 0.005195046 -11.713890076 -0.043141976 -0.004762483 0.999057710 117.965751648
0.998972893 -0.010711074 0.044027116 7.469850540 0.010446481 0.999925911 0.006235484 -11.938889503 -0.044090640 -0.005769151 0.999010861 120.196540833
0.998945117 -0.011409214 0.044477653 7.672742367 0.011106095 0.999913454 0.007056223 -12.164203644 -0.044554301 -0.006554808 0.998985469 122.401367188
0.998913884 -0.012172099 0.044976972 7.865319252 0.011897850 0.999908924 0.006360207 -12.377874374 -0.045050293 -0.005818170 0.998967707 124.661949158
0.998877704 -0.012661375 0.045638748 8.049130440 0.012434253 0.999908984 0.005256980 -12.598584175 -0.045701154 -0.004683597 0.998944163 126.935592651
0.998862386 -0.014507703 0.045425769 8.240942001 0.014268450 0.999882519 0.005586657 -12.814580917 -0.045501485 -0.004932146 0.998952091 129.199035645
0.998896897 -0.015468683 0.044334847 8.434955597 0.015215840 0.999866009 0.006034831 -13.035867691 -0.044422254 -0.005353582 0.998998523 131.453735352
0.998953700 -0.015808411 0.042912312 8.632158279 0.015516454 0.999854207 0.007128167 -13.250612259 -0.043018732 -0.006454862 0.999053478 133.688629150
0.999011099 -0.017162764 0.041015636 8.831250191 0.016914507 0.999836445 0.006392125 -13.467650414 -0.041118629 -0.005692044 0.999138057 135.929031372
0.999076366 -0.017922135 0.039052784 9.037167549 0.017707575 0.999826133 0.005833060 -13.679445267 -0.039150547 -0.005136141 0.999220192 138.155700684
0.999071658 -0.018714961 0.038801227 9.208009720 0.018497830 0.999811172 0.005947648 -13.904280663 -0.038905211 -0.005224387 0.999229252 140.436691284
0.999054432 -0.018896645 0.039156716 9.372365952 0.018662516 0.999805748 0.006336341 -14.117078781 -0.039268851 -0.005599587 0.999212980 142.669509888
0.999098301 -0.018822260 0.038054854 9.560363770 0.018546164 0.999799252 0.007595195 -14.342851639 -0.038190175 -0.006882576 0.999246716 144.894531250
0.999110579 -0.017804995 0.038221922 9.733263016 0.017566694 0.999824166 0.006561459 -14.559854507 -0.038332026 -0.005884191 0.999247670 147.141326904
0.999138653 -0.016529843 0.038061801 9.912014008 0.016350254 0.999853611 0.005024874 -14.777544975 -0.038139295 -0.004398225 0.999262750 149.380523682
0.999142945 -0.015003958 0.038577151 10.085071564 0.014853609 0.999880910 0.004180994 -14.999582291 -0.038635295 -0.003604402 0.999246895 151.630325317
0.999156833 -0.014175600 0.038531583 10.269647598 0.014027794 0.999893129 0.004103639 -15.215520859 -0.038585633 -0.003559666 0.999248981 153.860733032
0.999143243 -0.013400746 0.039156821 10.448372841 0.013226764 0.999901474 0.004698897 -15.438919067 -0.039215926 -0.004176952 0.999222040 156.126022339
0.999149323 -0.012656121 0.039250288 10.644325256 0.012434361 0.999905348 0.005888911 -15.660308838 -0.039321102 -0.005395849 0.999212086 158.331481934
0.999109209 -0.011969808 0.040466193 10.809057236 0.011708055 0.999909043 0.006699238 -15.879394531 -0.040542696 -0.006219489 0.999158382 160.617294312
0.999071896 -0.011020213 0.041639779 10.987707138 0.010662092 0.999904275 0.008812764 -16.101068497 -0.041732915 -0.008360617 0.999093831 162.853836060
0.999036968 -0.010436323 0.042617768 11.170588493 0.010116225 0.999919057 0.007719695 -16.308181763 -0.042694882 -0.007281129 0.999061644 165.115402222
0.998998404 -0.009682254 0.043686077 11.361965179 0.009398713 0.999933362 0.006691135 -16.524534225 -0.043747954 -0.006273839 0.999022901 167.353164673
0.998912215 -0.007826024 0.045969263 11.542344093 0.007503315 0.999945998 0.007188468 -16.742788315 -0.046023041 -0.006835726 0.998916984 169.585174561
0.998808265 -0.007490594 0.048227567 11.747348785 0.007114489 0.999942899 0.007965498 -16.973505020 -0.048284482 -0.007612891 0.998804629 171.855758667
0.998691857 -0.007792006 0.050536104 11.946586609 0.007435786 0.999946117 0.007232976 -17.179353714 -0.050589737 -0.006847739 0.998696029 174.114593506
0.998613834 -0.007939558 0.052032933 12.151674271 0.007549038 0.999941885 0.007697510 -17.396898270 -0.052091032 -0.007294042 0.998615682 176.370285034
0.998550296 -0.008591844 0.053136457 12.354694366 0.008141064 0.999929070 0.008694115 -17.611881256 -0.053207394 -0.008248924 0.998549402 178.606262207
0.998484850 -0.009555222 0.054191023 12.548481941 0.009100641 0.999921381 0.008629075 -17.822536469 -0.054269221 -0.008122831 0.998493254 180.840270996
0.998544753 -0.009927188 0.053006683 12.766866684 0.009513936 0.999922395 0.008042908 -18.033327103 -0.053082418 -0.007526902 0.998561740 183.095306396
0.998558462 -0.011144766 0.052507326 12.979153633 0.010715343 0.999906838 0.008452760 -18.256780624 -0.052596644 -0.007877940 0.998584747 185.333404541
0.998564363 -0.012887732 0.051989991 13.191289902 0.012423652 0.999880135 0.009239646 -18.467533112 -0.052102841 -0.008580478 0.998604834 187.569931030
0.998555303 -0.013851302 0.051917758 13.383505821 0.013415281 0.999871850 0.008737414 -18.680849075 -0.052032121 -0.008028300 0.998613119 189.797225952
0.998517096 -0.014734368 0.052408069 13.581760406 0.014296602 0.999859810 0.008718190 -18.896329880 -0.052529179 -0.007956004 0.998587728 192.036178589
0.998513043 -0.016040504 0.052100144 13.787755013 0.015620530 0.999842227 0.008458219 -19.122823715 -0.052227590 -0.007631811 0.998606026 194.277450562
0.998518825 -0.015714506 0.052087341 13.996190071 0.015277352 0.999844670 0.008780302 -19.334732056 -0.052217230 -0.007971540 0.998603940 196.507812500
0.998543024 -0.013932472 0.052132461 14.212400436 0.013476536 0.999867857 0.009087136 -19.549409866 -0.052252181 -0.008371330 0.998598874 198.749923706
0.998551250 -0.011623671 0.052540462 14.411121368 0.011170278 0.999897897 0.008914868 -19.776893616 -0.052638736 -0.008315060 0.998579025 200.992492676
0.998516381 -0.010811927 0.053368326 14.619236946 0.010391958 0.999912858 0.008140490 -19.990266800 -0.053451698 -0.007573811 0.998541713 203.246047974
0.998485029 -0.011429106 0.053823818 14.824189186 0.010957963 0.999899089 0.009040401 -20.202672958 -0.053921711 -0.008436906 0.998509526 205.473663330
0.998467922 -0.013060780 0.053770386 15.033586502 0.012570895 0.999876440 0.009438877 -20.413682938 -0.053887021 -0.008748475 0.998508751 207.692855835
0.998413384 -0.013664762 0.054626279 15.240310669 0.013154296 0.999866486 0.009693379 -20.630048752 -0.054751441 -0.008959428 0.998459816 209.925796509
0.998322189 -0.013147209 0.056390855 15.451953888 0.012556800 0.999862731 0.010811587 -20.843013763 -0.056525256 -0.010085357 0.998350143 212.171051025
0.998242199 -0.011998652 0.058038577 15.676993370 0.011363758 0.999872088 0.011256934 -21.053585052 -0.058166213 -0.010577610 0.998250902 214.397552490
0.998077810 -0.010368248 0.061099853 15.879288673 0.009710088 0.999891639 0.011058959 -21.255796432 -0.061207894 -0.010444418 0.998070419 216.633956909
0.997955322 -0.010577209 0.063034005 16.108293533 0.009883898 0.999887288 0.011300694 -21.461149216 -0.063146420 -0.010654566 0.997947395 218.864105225
0.997821867 -0.011789203 0.064904280 16.338588715 0.011038840 0.999868274 0.011907554 -21.663587570 -0.065036103 -0.011165149 0.997820437 221.089019775
0.997724056 -0.013220609 0.066120178 16.572490692 0.012411385 0.999843180 0.012634535 -21.866050720 -0.066276848 -0.011785138 0.997731626 223.317291260
0.997652888 -0.015741492 0.066639975 16.815628052 0.014955598 0.999812782 0.012275602 -22.080247879 -0.066820718 -0.011250151 0.997701585 225.528961182
0.997617960 -0.017077632 0.066833913 17.056055069 0.016306037 0.999794126 0.012073468 -22.282066345 -0.067026347 -0.010954913 0.997691035 227.771835327
0.997577250 -0.017208092 0.067404881 17.294023514 0.016409380 0.999788642 0.012385279 -22.488628387 -0.067603745 -0.011249201 0.997648776 230.010162354
0.997533739 -0.018489024 0.067711651 17.540525436 0.017772337 0.999779582 0.011171612 -22.692359924 -0.067903295 -0.009940663 0.997642398 232.255310059
0.997512102 -0.019290786 0.067806087 17.785884857 0.018522860 0.999757230 0.011935900 -22.890815735 -0.068019882 -0.010650241 0.997627139 234.492187500
0.997459233 -0.019308930 0.068572573 18.048490524 0.018456103 0.999744534 0.013048748 -23.110027313 -0.068807036 -0.011750013 0.997560740 236.745910645
0.997422695 -0.019138716 0.069149569 18.288009644 0.018278362 0.999747753 0.013053383 -23.309396744 -0.069381945 -0.011755802 0.997520924 238.967575073
0.997387409 -0.019450871 0.069570147 18.532520294 0.018559253 0.999737442 0.013439601 -23.513147354 -0.069813296 -0.012113321 0.997486532 241.187576294
0.997341216 -0.020003563 0.070074350 18.776931763 0.019082047 0.999722719 0.013795434 -23.715000153 -0.070330881 -0.012421592 0.997446358 243.421310425
0.997312009 -0.020347625 0.070388630 19.024925232 0.019460665 0.999722779 0.013263782 -23.922647476 -0.070639007 -0.011858324 0.997431457 245.645339966
0.997311711 -0.020012980 0.070489667 19.276962280 0.019175734 0.999737501 0.012534401 -24.128059387 -0.070722014 -0.011149017 0.997433722 247.878738403
0.997277200 -0.020433767 0.070856214 19.530166626 0.019547580 0.999722064 0.013177846 -24.332952499 -0.071105793 -0.011756900 0.997399509 250.112670898
0.997255504 -0.021842955 0.070740245 19.787813187 0.020959562 0.999693096 0.013206179 -24.537698746 -0.071007006 -0.011687252 0.997407317 252.341720581
0.997239113 -0.022125337 0.070884012 20.047821045 0.021182837 0.999677241 0.014020686 -24.743516922 -0.071171336 -0.012480450 0.997386158 254.601013184
0.997203112 -0.022921281 0.071137801 20.288816452 0.021943903 0.999654174 0.014490563 -24.945899963 -0.071445353 -0.012888995 0.997361243 256.820007324
0.997175872 -0.023280488 0.071401238 20.550481796 0.022254821 0.999637902 0.015126974 -25.161632538 -0.071727566 -0.013495233 0.997332990 259.103179932
0.997143507 -0.022954492 0.071957350 20.806316376 0.021949744 0.999650657 0.014722987 -25.360582352 -0.072270185 -0.013101487 0.997298956 261.348358154
0.997125149 -0.023017136 0.072192140 21.067592621 0.022048369 0.999656260 0.014187675 -25.556167603 -0.072493896 -0.012555170 0.997289836 263.601379395
0.997100830 -0.022385843 0.072724178 21.330101013 0.021432919 0.999674261 0.013857468 -25.762702942 -0.073010705 -0.012258604 0.997255743 265.841430664
0.997040689 -0.021799320 0.073720418 21.587003708 0.020821661 0.999685228 0.014004409 -25.958196640 -0.074002497 -0.012427985 0.997180581 268.086486816
0.996879816 -0.021299709 0.076006532 21.829868317 0.020310035 0.999698877 0.013770234 -26.166597366 -0.076276965 -0.012183572 0.997012258 270.341522217
0.996770680 -0.022053141 0.077213749 22.099424362 0.021028582 0.999679983 0.014057236 -26.367849350 -0.077499047 -0.012388144 0.996915460 272.589996338
0.996597826 -0.022160714 0.079383068 22.352653503 0.021042775 0.999667585 0.014891924 -26.564748764 -0.079686701 -0.013170818 0.996732950 274.835296631
0.996507406 -0.021909678 0.080579154 22.635255814 0.020728089 0.999665499 0.015471198 -26.748073578 -0.080891155 -0.013746912 0.996628046 277.071899414
0.996409237 -0.021580745 0.081871040 22.910118103 0.020183498 0.999636829 0.017855987 -26.961902618 -0.082226649 -0.016139427 0.996482968 279.315948486
0.996329546 -0.021405095 0.082880422 23.196140289 0.019932982 0.999629140 0.018548910 -27.155391693 -0.083246723 -0.016828774 0.996386886 281.553283691
0.996276557 -0.020380570 0.083771385 23.477989197 0.018876791 0.999646783 0.018704072 -27.345722198 -0.084123008 -0.017053097 0.996309400 283.815612793
0.996204853 -0.019409779 0.084847994 23.752204895 0.017903930 0.999669075 0.018472753 -27.534662247 -0.085178472 -0.016883533 0.996222734 286.050354004
0.996171296 -0.018968094 0.085340418 24.036016464 0.017558156 0.999697149 0.017241752 -27.722091675 -0.085641623 -0.015677320 0.996202648 288.302825928
0.996107578 -0.019717056 0.085912973 24.310441971 0.018283287 0.999680638 0.017443696 -27.918045044 -0.086229496 -0.015805023 0.996149898 290.530212402
0.995988965 -0.019543592 0.087315537 24.563577652 0.018162722 0.999697566 0.016581368 -28.108196259 -0.087613188 -0.014928972 0.996042669 292.776397705
0.995993733 -0.020095102 0.087136194 24.849731445 0.018783670 0.999698043 0.015844356 -28.299781799 -0.087428279 -0.014144143 0.996070385 295.006347656
0.995996654 -0.019972134 0.087130792 25.136917114 0.018647959 0.999698341 0.015985221 -28.496952057 -0.087423764 -0.014296414 0.996068537 297.238464355
0.995998502 -0.019455835 0.087226130 25.421709061 0.018121652 0.999706805 0.016061617 -28.686092377 -0.087513059 -0.014416667 0.996059060 299.477691650
0.995911539 -0.019149819 0.088280901 25.681190491 0.017699756 0.999695897 0.017179303 -28.889015198 -0.088583015 -0.015546519 0.995947421 301.706665039
0.995911360 -0.019511953 0.088202454 25.974178314 0.018047938 0.999686301 0.017365480 -29.079505920 -0.088513628 -0.015702611 0.995951176 303.953430176
0.995884299 -0.019235428 0.088569090 26.265403748 0.017756289 0.999689937 0.017458213 -29.267536163 -0.088877439 -0.015813703 0.995917022 306.191650391
0.995886564 -0.019827006 0.088411942 26.556165695 0.018350655 0.999678731 0.017480278 -29.468900681 -0.088730119 -0.015785960 0.995930612 308.436614990
0.995840013 -0.020893754 0.088691026 26.845869064 0.019377196 0.999651551 0.017926106 -29.659479141 -0.089034662 -0.016132951 0.995897889 310.690032959
0.995786548 -0.020585170 0.089361086 27.132179260 0.019099640 0.999665320 0.017447388 -29.855302811 -0.089690335 -0.015667109 0.995846450 312.928619385
0.995806217 -0.020148402 0.089241065 27.428937912 0.018595465 0.999661446 0.018199034 -30.051485062 -0.089577533 -0.016463233 0.995843768 315.175323486
0.995756090 -0.018076843 0.090238795 27.718690872 0.016580701 0.999712825 0.017302103 -30.243246078 -0.090525664 -0.015732454 0.995769799 317.417388916
0.995749176 -0.016479440 0.090620078 28.006856918 0.014939887 0.999732614 0.017641302 -30.432876587 -0.090886563 -0.016212456 0.995729268 319.664123535
0.995685816 -0.015075028 0.091555856 28.292282104 0.013578060 0.999764144 0.016951300 -30.623828888 -0.091789797 -0.015635014 0.995655656 321.886749268
0.995646775 -0.014421002 0.092084020 28.582061768 0.012850701 0.999762118 0.017623192 -30.816192627 -0.092316285 -0.016363127 0.995595276 324.125640869
0.995659113 -0.014027655 0.092011794 28.882680893 0.012338979 0.999745309 0.018896135 -31.016315460 -0.092253424 -0.017678773 0.995578587 326.357086182
0.995611072 -0.014525502 0.092454635 29.165178299 0.012873470 0.999747097 0.018440014 -31.206048965 -0.092699096 -0.017168868 0.995546162 328.597259521
0.995592475 -0.016245222 0.092367105 29.465440750 0.014661371 0.999733984 0.017800178 -31.396268845 -0.092631727 -0.016367497 0.995565891 330.833496094
0.995547891 -0.015467249 0.092979208 29.749217987 0.013878210 0.999746740 0.017712671 -31.589006424 -0.093229629 -0.016343426 0.995510459 333.054626465
0.995513260 -0.015536391 0.093337692 30.040355682 0.013847090 0.999728799 0.018719314 -31.777141571 -0.093603201 -0.017342869 0.995458663 335.304748535
0.995536327 -0.015721804 0.093059584 30.344955444 0.014047705 0.999727905 0.018617395 -31.963623047 -0.093326978 -0.017227024 0.995486438 337.538818359
0.995511711 -0.015256817 0.093400426 30.631111145 0.013535867 0.999727190 0.019031426 -32.159790039 -0.093665309 -0.017681750 0.995446742 339.772033691
0.995508671 -0.015211252 0.093440302 30.930545807 0.013514994 0.999732673 0.018759470 -32.352077484 -0.093700662 -0.017412370 0.995448112 342.013885498
0.995503902 -0.015254948 0.093485475 31.224203110 0.013516104 0.999724209 0.019205254 -32.540393829 -0.093752682 -0.017855342 0.995435417 344.263214111
0.995544612 -0.015051201 0.093082793 31.520839691 0.013316904 0.999726415 0.019224927 -32.727203369 -0.093346678 -0.017899692 0.995472729 346.506256104
0.995557547 -0.014672866 0.093004882 31.813962936 0.012951874 0.999733984 0.019081032 -32.915409088 -0.093260117 -0.017791675 0.995482802 348.743347168
0.995502472 -0.014123081 0.093676932 32.104553223 0.012322736 0.999728560 0.019769384 -33.110134125 -0.093930729 -0.018526116 0.995406330 350.983489990
0.995537400 -0.014132514 0.093303308 32.402923584 0.012299573 0.999720454 0.020190891 -33.299007416 -0.093562581 -0.018953195 0.995432973 353.202392578
0.995575488 -0.014050963 0.092908546 32.700183868 0.012280423 0.999732375 0.019601168 -33.486595154 -0.093159117 -0.018373488 0.995481670 355.448944092
0.995595813 -0.014535628 0.092615560 32.997108459 0.012754078 0.999722600 0.019798933 -33.671455383 -0.092877671 -0.018530512 0.995505035 357.684722900
0.995640218 -0.013748349 0.092259422 33.291809082 0.011850904 0.999707460 0.021082887 -33.867763519 -0.092522301 -0.019897608 0.995511770 359.926666260
0.995691657 -0.013815318 0.091691159 33.594196320 0.011917500 0.999703884 0.021213308 -34.058670044 -0.091957077 -0.020029180 0.995561540 362.172515869
0.995746255 -0.013605895 0.091127865 33.895549774 0.011687866 0.999699473 0.021548379 -34.242717743 -0.091393664 -0.020391628 0.995606065 364.411499023
0.995773196 -0.013559580 0.090839721 34.190650940 0.011699294 0.999711454 0.020980064 -34.430404663 -0.091097988 -0.019828625 0.995644510 366.668579102
0.995793283 -0.014174269 0.090524599 34.481426239 0.012328424 0.999705195 0.020917259 -34.618614197 -0.090794407 -0.019713242 0.995674551 368.910430908
0.995802999 -0.013915339 0.090457588 34.769580841 0.012160378 0.999727547 0.019923240 -34.797725677 -0.090710193 -0.018739626 0.995700955 371.169403076
0.995850146 -0.014385855 0.089863986 35.065689087 0.012613049 0.999715090 0.020264495 -34.990634918 -0.090129897 -0.019046940 0.995747805 373.408416748
0.995887280 -0.014066055 0.089502066 35.362167358 0.012219783 0.999701798 0.021142909 -35.172866821 -0.089772768 -0.019962264 0.995762229 375.660247803
0.995841563 -0.014482035 0.089943126 35.645843506 0.012616490 0.999694049 0.021275414 -35.355754852 -0.090223722 -0.020052178 0.995719552 377.921813965
0.995851755 -0.015201735 0.089711986 35.940181732 0.013326209 0.999680698 0.021468179 -35.542644501 -0.090009682 -0.020183599 0.995736361 380.164978027
0.995854199 -0.015563551 0.089621812 36.238891602 0.013687523 0.999674916 0.021509426 -35.725257874 -0.089927435 -0.020193549 0.995743573 382.414459229
0.995852232 -0.014812291 0.089771450 36.533130646 0.012897039 0.999677479 0.021877421 -35.913944244 -0.090066545 -0.020628888 0.995722055 384.669067383
0.995870411 -0.014028708 0.089696750 36.829029083 0.012113785 0.999687612 0.021857738 -36.093746185 -0.089975402 -0.020680908 0.995729268 386.926391602
0.995884120 -0.013060811 0.089689210 37.125751495 0.011143483 0.999699175 0.021845037 -36.285575867 -0.089947544 -0.020755675 0.995730221 389.191009521
0.995865881 -0.011602740 0.090093136 37.411647797 0.009668701 0.999713898 0.021873966 -36.472213745 -0.090321176 -0.020912452 0.995693088 391.458465576
0.995891094 -0.010465926 0.089952216 37.707664490 0.008395924 0.999691844 0.023359898 -36.657226562 -0.090168983 -0.022508679 0.995672107 393.716583252
0.995814264 -0.008979332 0.090956554 37.994411469 0.006838130 0.999692678 0.023825265 -36.843910217 -0.091142535 -0.023103571 0.995569825 395.978057861
0.995732546 -0.008885315 0.091857120 38.283409119 0.006861034 0.999727070 0.022329627 -37.030273438 -0.092030458 -0.021604100 0.995521784 398.239471436
0.995676517 -0.008618404 0.092489049 38.575313568 0.006621140 0.999738693 0.021879762 -37.215080261 -0.092653483 -0.021172779 0.995473206 400.505523682
0.995517969 -0.009676633 0.094076820 38.852165222 0.007539062 0.999705970 0.023050474 -37.395515442 -0.094272219 -0.022237910 0.995297968 402.747131348
0.995529592 -0.010857631 0.093823358 39.169166565 0.008662101 0.999679744 0.023776315 -37.576839447 -0.094051450 -0.022857316 0.995304823 405.044891357
0.995491922 -0.011185228 0.094184674 39.465953827 0.009001357 0.999681473 0.023580125 -37.755588531 -0.094418406 -0.022626033 0.995275438 407.299041748
0.995453477 -0.009966464 0.094726466 39.782447815 0.007833327 0.999707878 0.022864148 -37.935565948 -0.094926670 -0.022018172 0.995240748 409.564025879
0.995356083 -0.009487284 0.095793024 40.075611115 0.007272887 0.999698758 0.023439221 -38.124122620 -0.095986545 -0.022633679 0.995125294 411.819519043
0.995321810 -0.006880722 0.096369289 40.393634796 0.004690173 0.999725878 0.022938896 -38.314231873 -0.096500717 -0.022379592 0.995081306 414.076629639
0.995227993 -0.005512660 0.097422354 40.703601837 0.003272970 0.999726951 0.023134386 -38.496509552 -0.097523287 -0.022705125 0.994974196 416.343780518
0.995176733 -0.005709794 0.097932003 41.017150879 0.003471046 0.999729037 0.023015389 -38.680999756 -0.098036900 -0.022564450 0.994926929 418.596679688
0.995078564 -0.005824930 0.098917529 41.320007324 0.003557034 0.999727130 0.023088031 -38.861644745 -0.099025033 -0.022622550 0.994827688 420.847503662
0.994994223 -0.005884331 0.099760346 41.624919891 0.003618003 0.999731600 0.022883447 -39.047386169 -0.099868245 -0.022407964 0.994748235 423.102355957
0.994921207 -0.006228284 0.100463860 41.939193726 0.003836846 0.999705017 0.023979653 -39.229434967 -0.100583568 -0.023472399 0.994651675 425.374664307
0.994863749 -0.005427579 0.101077244 42.248878479 0.002941597 0.999689817 0.024727704 -39.409271240 -0.101180099 -0.024303367 0.994571209 427.627777100
0.994775593 -0.004515318 0.101985455 42.566616058 0.001944000 0.999678075 0.025297919 -39.585571289 -0.102066852 -0.024967495 0.994464099 429.902526855
0.994809926 -0.004918304 0.101631567 42.892921448 0.002340650 0.999672949 0.025466433 -39.768020630 -0.101723582 -0.025096374 0.994496107 432.160156250
0.994778931 -0.005811927 0.101887614 43.216278076 0.003272048 0.999680161 0.025077665 -39.957008362 -0.102000773 -0.024613354 0.994479775 434.423919678
0.994775414 -0.005269030 0.101951458 43.543235779 0.002730257 0.999683082 0.025025314 -40.122093201 -0.102051012 -0.024616214 0.994474530 436.692749023
0.994728684 -0.005625978 0.102387421 43.865203857 0.003052293 0.999675870 0.025276072 -40.301834106 -0.102496423 -0.024830319 0.994423449 438.980957031
0.994808078 -0.005619530 0.101613745 44.198223114 0.003065079 0.999675751 0.025277508 -40.476158142 -0.101722859 -0.024834815 0.994502783 441.255828857
0.994753599 -0.005241829 0.102166474 44.519027710 0.002528707 0.999641180 0.026667334 -40.675144196 -0.102269597 -0.026269078 0.994409800 443.507904053
0.994710326 -0.005813740 0.102555469 44.841884613 0.003077265 0.999635458 0.026820943 -40.849121094 -0.102674015 -0.026363475 0.994365633 445.781311035
0.994698822 -0.005696265 0.102673471 45.160987854 0.003005963 0.999648511 0.026338222 -41.026634216 -0.102787420 -0.025889959 0.994366348 448.044616699
0.994721234 -0.004996778 0.102491930 45.486434937 0.002344422 0.999659657 0.025982825 -41.204669952 -0.102586880 -0.025605384 0.994394422 450.305633545
0.994654894 -0.004435178 0.103159890 45.801143646 0.001773856 0.999663591 0.025875488 -41.390251160 -0.103239946 -0.025554189 0.994328141 452.568115234
0.994562984 -0.003805423 0.104066961 46.115825653 0.001127662 0.999667168 0.025777878 -41.557773590 -0.104130410 -0.025520371 0.994236171 454.844940186
0.994535983 -0.004292010 0.104305886 46.431301117 0.001618910 0.999668419 0.025698664 -41.743705750 -0.104381613 -0.025389384 0.994213164 457.106231689
0.994561613 -0.003526056 0.104090072 46.766433716 0.000905680 0.999681771 0.025210658 -41.925514221 -0.104145840 -0.024979280 0.994248390 459.390777588
0.994539499 -0.002677371 0.104326323 47.090057373 0.000006657 0.999672472 0.025591562 -42.103443146 -0.104360670 -0.025451127 0.994213820 461.674987793
0.994573832 -0.002418843 0.104004636 47.417804718 -0.000362537 0.999643028 0.026715636 -42.279678345 -0.104032129 -0.026608374 0.994217873 463.952117920
0.994605899 -0.002252062 0.103701241 47.732536316 -0.000554815 0.999634385 0.027030163 -42.451114655 -0.103724219 -0.026941895 0.994241059 466.217681885
0.994683444 -0.002206989 0.102955982 48.056766510 -0.000477024 0.999660850 0.026037619 -42.628387451 -0.102978528 -0.025948299 0.994345188 468.496429443
0.994784236 -0.002172686 0.101978630 48.393386841 -0.000428298 0.999675333 0.025476366 -42.807205200 -0.102000862 -0.025387164 0.994460404 470.791839600
0.994877875 -0.002517105 0.101052612 48.717952728 -0.000185947 0.999642670 0.026730625 -42.993484497 -0.101083793 -0.026612500 0.994521856 473.069427490
0.994819522 -0.002833989 0.101617560 49.019599915 0.000063539 0.999628484 0.027256371 -43.174747467 -0.101657048 -0.027108710 0.994450092 475.348144531
0.994888604 -0.002219412 0.100954063 49.338443756 -0.000482904 0.999642432 0.026735466 -43.341049194 -0.100977302 -0.026647564 0.994531810 477.662384033
0.994934380 -0.002379694 0.100498602 49.661697388 -0.000360525 0.999628901 0.027239280 -43.514923096 -0.100526124 -0.027137527 0.994564235 479.949645996
0.994964480 -0.003070035 0.100180916 49.982574463 0.000287965 0.999614239 0.027773106 -43.691421509 -0.100227520 -0.027604410 0.994581521 482.225677490
0.994986773 -0.003486410 0.099946000 50.297248840 0.000778723 0.999631941 0.027117724 -43.866828918 -0.100003749 -0.026903946 0.994623184 484.508575439
0.995033920 -0.004054345 0.099453643 50.614410400 0.001298377 0.999613702 0.027760165 -44.050533295 -0.099527776 -0.027493177 0.994654894 486.792510986
0.995091796 -0.003601654 0.098890677 50.920547485 0.000869775 0.999617159 0.027654475 -44.214958191 -0.098952420 -0.027432729 0.994713962 489.088623047
0.995098531 -0.003160766 0.098837607 51.233211517 0.000374703 0.999602377 0.028194152 -44.385238647 -0.098887421 -0.028018929 0.994704068 491.390197754
0.995169997 -0.002781988 0.098127365 51.553596497 -0.000011592 0.999595046 0.028456880 -44.555896759 -0.098166779 -0.028320566 0.994767070 493.675048828
0.995162368 -0.002445684 0.098213308 51.855388641 -0.000320752 0.999603987 0.028141970 -44.728355408 -0.098243214 -0.028037339 0.994767427 495.978698730
0.995181203 -0.002172556 0.098029912 52.177688599 -0.000543644 0.999616861 0.027672665 -44.908737183 -0.098052472 -0.027592603 0.994798660 498.287078857
0.995230675 -0.002070128 0.097527593 52.490333557 -0.000715394 0.999593019 0.028517753 -45.081569672 -0.097546935 -0.028451510 0.994824171 500.578399658
0.995231509 -0.001551441 0.097528413 52.794742584 -0.001268441 0.999583125 0.028844789 -45.257553101 -0.097532503 -0.028830955 0.994814634 502.855651855
0.995242774 -0.000565933 0.097424008 53.102119446 -0.002190385 0.999600530 0.028182700 -45.431278229 -0.097401030 -0.028262028 0.994843841 505.141906738
0.995246768 -0.000426817 0.097384065 53.410224915 -0.002410502 0.999575973 0.029015835 -45.607822418 -0.097355179 -0.029112656 0.994823933 507.433197021
0.995285332 -0.001215258 0.096982710 53.726783752 -0.001536876 0.999598384 0.028297832 -45.786621094 -0.096978150 -0.028313467 0.994883716 509.728118896
0.995295286 -0.001762576 0.096873358 54.042785645 -0.001068521 0.999574065 0.029165071 -45.964576721 -0.096883513 -0.029131366 0.994869292 512.029357910
0.995319724 -0.001550660 0.096625283 54.359897614 -0.001297750 0.999566615 0.029409112 -46.137416840 -0.096629031 -0.029396860 0.994886220 514.344177246
0.995337665 -0.000835453 0.096447960 54.669883728 -0.001991941 0.999571085 0.029215222 -46.308612823 -0.096431009 -0.029271133 0.994909167 516.654418945
0.995311141 -0.000014232 0.096725143 54.970550537 -0.002793523 0.999578595 0.028892701 -46.480941772 -0.096684799 -0.029027432 0.994891703 518.947204590
0.995243490 0.001934752 0.097398683 55.276638031 -0.004819551 0.999556363 0.029391907 -46.663398743 -0.097298600 -0.029721525 0.994811356 521.270446777
0.995185435 0.003938619 0.097930700 55.592918396 -0.006872039 0.999537170 0.029634800 -46.834671021 -0.097768657 -0.030165102 0.994751871 523.592224121
0.995128930 0.004852407 0.098462269 55.910621643 -0.007908482 0.999498248 0.030671509 -46.996955872 -0.098264053 -0.031300794 0.994667947 525.913757324
0.995070040 0.004346258 0.099079549 56.221534729 -0.007416105 0.999503076 0.030636445 -47.165916443 -0.098897159 -0.031220188 0.994607806 528.215087891
0.995054066 0.002324902 0.099307731 56.536518097 -0.005522477 0.999474645 0.031935904 -47.332672119 -0.099181302 -0.032326374 0.994544148 530.526306152
0.994992375 0.000760964 0.099948063 56.858531952 -0.003952350 0.999488473 0.031736318 -47.500392914 -0.099872775 -0.031972431 0.994486392 532.849060059
0.994929850 0.000723780 0.100569971 57.171718597 -0.003869391 0.999509335 0.031086273 -47.666328430 -0.100498125 -0.031317808 0.994444191 535.161865234
0.994834661 0.000365519 0.101508141 57.484718323 -0.003522490 0.999515653 0.030923158 -47.837448120 -0.101447672 -0.031120988 0.994353950 537.471984863
0.994737625 0.001030953 0.102450944 57.800193787 -0.004153821 0.999533057 0.030272920 -48.007377625 -0.102371909 -0.030539172 0.994277298 539.784851074
0.994642198 0.001799507 0.103361711 58.116626740 -0.004918518 0.999539912 0.029928742 -48.178802490 -0.103260286 -0.030276775 0.994193435 542.106140137
0.994556904 0.002209219 0.104170792 58.446281433 -0.005232613 0.999572694 0.028759090 -48.345569611 -0.104062729 -0.029147636 0.994143546 544.424133301
0.994369507 0.002519546 0.105938233 58.750656128 -0.005654676 0.999554574 0.029303996 -48.520462036 -0.105817221 -0.029738050 0.993940771 546.758300781
0.994295716 0.002673886 0.106625959 59.077266693 -0.005911354 0.999530673 0.030058369 -48.694274902 -0.106495544 -0.030517204 0.993844748 549.080627441
0.994218230 0.002831006 0.107341096 59.403274536 -0.006098810 0.999527454 0.030127142 -48.865463257 -0.107205078 -0.030607607 0.993765831 551.384582520
0.994223595 0.001535458 0.107317746 59.741466522 -0.004715675 0.999556959 0.029386170 -49.039024353 -0.107225075 -0.029722493 0.993790388 553.695129395
0.994277477 0.001347884 0.106819972 60.089805603 -0.004574102 0.999540508 0.029963138 -49.213485718 -0.106730498 -0.030280279 0.993826747 556.011962891
0.994210243 0.001751903 0.107438192 60.418762207 -0.005031488 0.999529362 0.030261854 -49.382156372 -0.107334599 -0.030627223 0.993751109 558.319152832
0.994168997 0.002545315 0.107803032 60.756038666 -0.005938928 0.999496460 0.031170409 -49.550392151 -0.107669398 -0.031628892 0.993683457 560.654052734
0.994178593 0.001977808 0.107726745 61.100280762 -0.005430040 0.999480724 0.031762309 -49.719745636 -0.107607968 -0.032162361 0.993673027 562.980895996
0.994133890 0.002661727 0.108123049 61.441192627 -0.006208466 0.999453127 0.032479450 -49.887218475 -0.107977442 -0.032960203 0.993606806 565.296752930
0.994080782 0.003741806 0.108578831 61.783782959 -0.007245298 0.999465048 0.031890251 -50.057613373 -0.108401433 -0.032488175 0.993576169 567.614929199
0.994092226 0.004483972 0.108445913 62.137561798 -0.007817840 0.999509156 0.030336602 -50.221214294 -0.108256690 -0.031005196 0.993639290 569.937683105
0.994074702 0.004921407 0.108587317 62.496269226 -0.008287300 0.999498367 0.030567646 -50.394783020 -0.108382404 -0.031286422 0.993616760 572.258178711
0.994073689 0.004740404 0.108604714 62.840980530 -0.008211654 0.999468863 0.031537328 -50.568733215 -0.108397529 -0.032242253 0.993584633 574.634338379
0.994038761 0.004652563 0.108927429 63.189163208 -0.008296652 0.999420106 0.033025008 -50.743686676 -0.108710609 -0.033731870 0.993501008 576.943542480
0.993942857 0.005479241 0.109761491 63.515144348 -0.008977844 0.999466419 0.031405803 -50.911132812 -0.109530821 -0.032201007 0.993461609 579.325988770
0.993972182 0.004744018 0.109530695 63.864559174 -0.008177226 0.999488592 0.030916831 -51.071723938 -0.109328009 -0.031626128 0.993502438 581.663330078
0.993997753 0.003161869 0.109354578 64.217887878 -0.006774747 0.999442935 0.032682475 -51.248626709 -0.109190308 -0.033227153 0.993465364 583.999694824
0.994061589 0.003491566 0.108763032 64.566368103 -0.007110898 0.999433160 0.032907173 -51.415565491 -0.108586483 -0.033485156 0.993522823 586.316955566
0.994033337 0.000092958 0.109076880 64.920310974 -0.003610004 0.999479830 0.032046713 -51.596343994 -0.109017164 -0.032249272 0.993516624 588.667541504
0.994078219 -0.000365050 0.108665705 65.276458740 -0.003124017 0.999485016 0.031936299 -51.760269165 -0.108621381 -0.032086655 0.993565202 591.015197754
0.994107366 -0.002384853 0.108373702 65.623870850 -0.001141475 0.999472141 0.032464914 -51.930404663 -0.108393930 -0.032397319 0.993579984 593.353881836
0.994173050 -0.003052646 0.107751861 65.982772827 -0.000449803 0.999472737 0.032465499 -52.097103119 -0.107794158 -0.032324802 0.993647575 595.711669922
