1.000000000 0.000000000 0.000000000 0.000000000 0.000000000 1.000000000 0.000000000 0.000000000 0.000000000 0.000000000 1.000000000 0.000000000
0.999999881 0.000158829 0.000459122 0.086276703 -0.000158775 1.000000000 -0.000116090 -0.226256162 -0.000459141 0.000116017 0.999999881 2.289425373
0.999999166 0.000507259 0.001200901 0.165004015 -0.000507747 0.999999762 0.000405430 -0.463329911 -0.001200695 -0.000406040 0.999999166 4.587256908
0.999998510 0.000182858 0.001728478 0.261657327 -0.000183834 0.999999821 0.000564603 -0.694345117 -0.001728375 -0.000564920 0.999998331 6.877931595
0.999996483 0.000238102 0.002639262 0.354833722 -0.000235314 0.999999404 -0.001056671 -0.927928627 -0.002639512 0.001056046 0.999995947 9.176995277
0.999987245 0.001989277 0.004655825 0.446896851 -0.001990742 0.999997973 0.000310153 -1.163695574 -0.004655198 -0.000319417 0.999989152 11.482803345
0.999964416 0.003906275 0.007475623 0.530128002 -0.003916455 0.999991417 0.001347692 -1.392389655 -0.007470295 -0.001376922 0.999971151 13.795783043
0.999945343 0.003772618 0.009749371 0.640030861 -0.003811761 0.999984741 0.003999469 -1.621895313 -0.009734133 -0.004036412 0.999944448 16.068183899
0.999943793 0.003164224 0.010117763 0.766948581 -0.003212067 0.999983668 0.004715913 -1.849899411 -0.010102674 -0.004748147 0.999937713 18.413547516
0.999934494 0.002326627 0.011207364 0.890222907 -0.002382289 0.999984920 0.004955738 -2.075597286 -0.011195665 -0.004982113 0.999924898 20.703153610
0.999930441 -0.000548797 0.011775409 0.998815417 0.000515116 0.999995768 0.002863045 -2.311717749 -0.011776933 -0.002856780 0.999926507 23.015832901
0.999916613 -0.002822323 0.012600076 1.106920838 0.002810063 0.999995589 0.000990636 -2.533508778 -0.012602814 -0.000955147 0.999920130 25.297077179
0.999914765 -0.004075475 0.012404316 1.240854025 0.004073304 0.999991596 0.000200346 -2.779409647 -0.012405030 -0.000149802 0.999922991 27.616901398
0.999905825 -0.003741292 0.013203282 1.349920034 0.003752427 0.999992549 -0.000818739 -3.005358696 -0.013200121 0.000868206 0.999912500 29.904018402
0.999898255 -0.002328192 0.014073732 1.467701793 0.002311594 0.999996603 0.001195491 -3.232667208 -0.014076466 -0.001162837 0.999900222 32.193367004
0.999901116 -0.000302351 0.014055343 1.598787546 0.000257657 0.999994874 0.003181578 -3.452957392 -0.014056235 -0.003177642 0.999896049 34.474746704
0.999874651 0.002345268 0.015660018 1.709801674 -0.002470538 0.999965072 0.007984811 -3.693991661 -0.015640747 -0.008022500 0.999845445 36.782127380
0.999857545 0.004178297 0.016356336 1.826166391 -0.004304014 0.999961376 0.007658519 -3.913445711 -0.016323706 -0.007727825 0.999836922 39.054889679
0.999830604 0.003149627 0.018129962 1.932628274 -0.003256894 0.999977350 0.005890092 -4.117668152 -0.018110998 -0.005948143 0.999818265 41.358135223
0.999831438 0.000660308 0.018342854 2.056901932 -0.000757902 0.999985695 0.005314121 -4.345922947 -0.018339081 -0.005327129 0.999817610 43.634380341
0.999830306 0.001049133 0.018391807 2.190327168 -0.001122365 0.999991477 0.003971917 -4.566917419 -0.018387483 -0.003991885 0.999822974 45.875144958
0.999825120 0.000618586 0.018690875 2.314323425 -0.000678521 0.999994636 0.003200450 -4.798439503 -0.018688791 -0.003212572 0.999820292 48.148361206
0.999826610 -0.000706222 0.018606037 2.451349735 0.000640836 0.999993622 0.003519939 -5.025462151 -0.018608401 -0.003507405 0.999820709 50.426982880
0.999807000 -0.001210078 0.019606469 2.578901291 0.001136909 0.999992311 0.003742584 -5.245889187 -0.019610848 -0.003719571 0.999800682 52.690055847
0.999800384 -0.002454496 0.019830996 2.713994741 0.002382518 0.999990523 0.003652392 -5.474449635 -0.019839771 -0.003604415 0.999796689 54.971954346
0.999774575 -0.002798456 0.021047598 2.841868877 0.002706968 0.999986768 0.004373906 -5.707464695 -0.021059560 -0.004315944 0.999768913 57.273345947
0.999756098 -0.004138329 0.021691144 2.979481220 0.004030253 0.999979258 0.005023811 -5.932590008 -0.021711485 -0.004935166 0.999752104 59.541439056
0.999712467 -0.005510417 0.023333643 3.105808020 0.005408042 0.999975502 0.004448311 -6.156443119 -0.023357581 -0.004320843 0.999717832 61.809818268
0.999698043 -0.006335741 0.023742830 3.256200314 0.006235224 0.999971271 0.004305212 -6.380165100 -0.023769427 -0.004155870 0.999708772 64.063140869
0.999673963 -0.005903464 0.024842678 3.397188663 0.005783078 0.999971211 0.004914987 -6.602118015 -0.024870973 -0.004769717 0.999679267 66.330177307
0.999659300 -0.005051412 0.025607739 3.547075272 0.004916347 0.999973714 0.005334551 -6.829210758 -0.025634011 -0.005206837 0.999657810 68.594207764
0.999622107 -0.005324755 0.026968006 3.683861732 0.005193152 0.999974251 0.004947674 -7.052683830 -0.026993653 -0.004805754 0.999624074 70.849906921
0.999604046 -0.006109061 0.027466362 3.840962887 0.006008219 0.999974906 0.003752552 -7.277524948 -0.027488595 -0.003586042 0.999615669 73.105163574
0.999588728 -0.007075006 0.027789641 3.997888565 0.006959723 0.999966800 0.004242904 -7.505282402 -0.027818738 -0.004047752 0.999604881 75.388290405
0.999548316 -0.008341456 0.028869428 4.158754349 0.008237724 0.999959230 0.003710177 -7.735179901 -0.028899202 -0.003470683 0.999576271 77.655555725
0.999534845 -0.009313407 0.029039303 4.306294441 0.009213822 0.999951184 0.003561293 -7.964028835 -0.029071053 -0.003292074 0.999571860 79.919944763
0.999506235 -0.009797407 0.029855028 4.454869270 0.009704133 0.999947488 0.003267548 -8.181267738 -0.029885476 -0.002976218 0.999548852 82.175010681
0.999488950 -0.009088700 0.030647857 4.624621391 0.008997191 0.999954581 0.003122360 -8.409822464 -0.030674847 -0.002845019 0.999525368 84.459037781
0.999438584 -0.008765085 0.032337870 4.779841423 0.008651536 0.999955893 0.003649596 -8.628487587 -0.032368433 -0.003367775 0.999470353 86.710632324
0.999437153 -0.008622036 0.032420211 4.948982239 0.008453785 0.999950111 0.005323201 -8.865352631 -0.032464493 -0.005046131 0.999460101 88.999794006
0.999417603 -0.007478598 0.033294905 5.109889507 0.007289212 0.999956548 0.005805913 -9.087731361 -0.033336889 -0.005559837 0.999428689 91.254707336
0.999393940 -0.007212109 0.034055814 5.275458336 0.007018405 0.999958575 0.005804004 -9.307768822 -0.034096260 -0.005561467 0.999403059 93.491889954
0.999358773 -0.007270363 0.035056561 5.442227364 0.007087167 0.999960601 0.005347154 -9.528127670 -0.035094053 -0.005095273 0.999371052 95.726501465
0.999320567 -0.007837933 0.036011048 5.607089996 0.007630344 0.999953628 0.005898440 -9.748788834 -0.036055598 -0.005619655 0.999333978 97.969116211
0.999284089 -0.007398849 0.037102599 5.766156197 0.007195722 0.999958336 0.005605276 -9.978446960 -0.037142538 -0.005334282 0.999295712 100.212203979
0.999219656 -0.007439633 0.038792700 5.920544624 0.007197135 0.999953747 0.006387046 -10.189798355 -0.038838424 -0.006102865 0.999226868 102.444053650
0.999223888 -0.007774018 0.038615458 6.118502140 0.007529406 0.999950826 0.006475996 -10.413297653 -0.038663894 -0.006180220 0.999233127 104.701400757
0.999188960 -0.008432899 0.039377477 6.294555187 0.008158439 0.999941349 0.007125502 -10.626211166 -0.039435260 -0.006798463 0.999198973 106.935585022
0.999160588 -0.009805705 0.039772052 6.477660179 0.009525932 0.999928534 0.007217783 -10.840521812 -0.039840002 -0.006832859 0.999182642 109.189147949
0.999116838 -0.010700233 0.040632252 6.653340340 0.010378995 0.999913216 0.008108685 -11.060903549 -0.040715497 -0.007679801 0.999141276 111.439796448
0.999089241 -0.011492754 0.041092031 6.841355324 0.011224673 0.999914169 0.006748722 -11.280298233 -0.041166056 -0.006281332 0.999132514 113.711265564
0.999044061 -0.011614189 0.042142402 7.020502090 0.011369574 0.999917150 0.006039547 -11.500250816 -0.042209052 -0.005554632 0.999093354 115.961669922
0.999005258 -0.011992227 0.042950075 7.201786518 0.011729604 0.999910891 0.006361446 -11.723914146 -0.043022547 -0.005851331 0.999056995 118.209632874
0.998953581 -0.012350352 0.044035904 7.388246536 0.012037535 0.999900460 0.007361756 -11.947392464 -0.044122431 -0.006823969 0.999002814 120.476585388
0.998933792 -0.013135352 0.044256750 7.591046333 0.012787749 0.999885201 0.008128219 -12.173354149 -0.044358429 -0.007553608 0.998987138 122.689514160
0.998861670 -0.013781103 0.045666587 7.781736374 0.013461569 0.999882758 0.007297249 -12.389160156 -0.045761805 -0.006674198 0.998930097 125.000068665
0.998826981 -0.014186467 0.046299815 7.967403889 0.013895056 0.999881625 0.006609804 -12.612285614 -0.046388105 -0.005958712 0.998905659 127.261581421
0.998806059 -0.015699489 0.046261992 8.158179283 0.015395544 0.999857545 0.006919153 -12.826491356 -0.046364035 -0.006198663 0.998905361 129.520034790
0.998826683 -0.016823748 0.045411240 8.347356796 0.016508181 0.999836981 0.007315197 -13.040182114 -0.045526892 -0.006556957 0.998941600 131.764831543
0.998886347 -0.017079920 0.043980312 8.545333862 0.016719548 0.999823630 0.008548803 -13.255338669 -0.044118572 -0.007803951 0.998995841 133.999389648
0.998931050 -0.018138818 0.042516872 8.729258537 0.017813191 0.999809265 0.008025144 -13.471292496 -0.042654317 -0.007259205 0.999063611 136.253692627
0.999009132 -0.019028053 0.040234186 8.942214012 0.018736260 0.999795496 0.007617009 -13.681724548 -0.040370896 -0.006855624 0.999161243 138.479553223
0.998991489 -0.019442754 0.040470630 9.111389160 0.019141287 0.999786198 0.007823120 -13.905143738 -0.040614076 -0.007040570 0.999150097 140.775848389
0.998982310 -0.019702978 0.040572025 9.282627106 0.019391010 0.999779463 0.008068553 -14.111529350 -0.040722053 -0.007273610 0.999144018 143.008834839
0.999020040 -0.019697351 0.039638583 9.471918106 0.019341232 0.999769390 0.009347818 -14.336954117 -0.039813567 -0.008571998 0.999170363 145.249526978
0.999038279 -0.018780317 0.039621424 9.648728371 0.018468192 0.999795496 0.008229134 -14.547835350 -0.039767869 -0.007489485 0.999180853 147.499084473
0.999057114 -0.017604036 0.039688949 9.828294754 0.017349964 0.999826729 0.006737108 -14.762056351 -0.039800670 -0.006042154 0.999189377 149.746841431
0.999068141 -0.015964406 0.040100239 10.006050110 0.015739961 0.999858618 0.005906736 -14.980262756 -0.040188864 -0.005270055 0.999178231 151.997177124
0.999076962 -0.015240375 0.040161528 10.194740295 0.015020652 0.999870539 0.005767033 -15.193674088 -0.040244225 -0.005158458 0.999176562 154.247283936
0.999068260 -0.014431846 0.040672313 10.372987747 0.014185525 0.999879301 0.006338391 -15.410288811 -0.040758889 -0.005755527 0.999152362 156.506927490
0.999068737 -0.013805089 0.040878251 10.567712784 0.013521050 0.999882579 0.007216729 -15.626006126 -0.040973082 -0.006657293 0.999138057 158.733612061
0.999017119 -0.013134871 0.042335428 10.743582726 0.012776698 0.999880373 0.008719862 -15.850432396 -0.042444900 -0.008170386 0.999065340 161.008987427
0.998989999 -0.012108054 0.043272048 10.928703308 0.011651905 0.999873996 0.010778137 -16.066627502 -0.043397091 -0.010263046 0.999005198 163.245147705
0.998960853 -0.011325137 0.044145916 11.118423462 0.010907974 0.999893665 0.009679082 -16.270919800 -0.044250842 -0.009187481 0.998978198 165.522338867
0.998923957 -0.010665134 0.045135509 11.314628601 0.010292773 0.999911129 0.008474228 -16.482080460 -0.045221880 -0.008000541 0.998944879 167.771850586
0.998849928 -0.008855785 0.047120284 11.499597549 0.008441001 0.999923944 0.008994393 -16.694715500 -0.047196347 -0.008586306 0.998848736 170.003784180
0.998714566 -0.008369605 0.049991939 11.686949730 0.007919788 0.999926329 0.009189113 -16.917877197 -0.050065167 -0.008781374 0.998707354 172.300231934
0.998599291 -0.008616756 0.052205920 11.893456459 0.008172782 0.999928653 0.008711824 -17.126319885 -0.052277263 -0.008272951 0.998598337 174.572219849
0.998507559 -0.008218192 0.053991761 12.100185394 0.007715098 0.999924898 0.009519815 -17.342676163 -0.054065943 -0.009089055 0.998495996 176.834793091
0.998454452 -0.008670840 0.054895639 12.305178642 0.008118504 0.999914169 0.010276606 -17.549089432 -0.054980036 -0.009815054 0.998439193 179.060302734
0.998455048 -0.010799449 0.054505594 12.528347015 0.010264697 0.999896407 0.010081438 -17.770788193 -0.054608826 -0.009506379 0.998462558 181.338439941
0.998418272 -0.011585625 0.055015195 12.730179787 0.011052412 0.999888957 0.009986541 -17.979339600 -0.055124801 -0.009362696 0.998435557 183.581192017
0.998489559 -0.013158520 0.053342063 12.961849213 0.012655698 0.999872327 0.009753238 -18.197429657 -0.053463593 -0.009063425 0.998528600 185.816940308
0.998495519 -0.014916793 0.052764144 13.172527313 0.014370620 0.999839306 0.010715497 -18.411565781 -0.052915510 -0.009941122 0.998549521 188.061691284
0.998511076 -0.015834846 0.052201908 13.385754585 0.015325293 0.999831021 0.010147157 -18.616363525 -0.052353777 -0.009332039 0.998584986 190.303833008
0.998467684 -0.017054882 0.052644778 13.583663940 0.016538369 0.999810874 0.010231479 -18.838459015 -0.052809324 -0.009345143 0.998560905 192.555587769
0.998418033 -0.017984472 0.053274043 13.770948410 0.017458122 0.999794245 0.010329051 -19.048427582 -0.053448845 -0.009382647 0.998526514 194.793457031
0.998479605 -0.017600290 0.052237485 14.017265320 0.017087648 0.999801517 0.010244242 -19.273910522 -0.052407414 -0.009336052 0.998582065 197.056518555
0.998489320 -0.015623811 0.052677996 14.222236633 0.015110588 0.999834478 0.010126921 -19.477951050 -0.052827500 -0.009315627 0.998560190 199.298187256
0.998496354 -0.013763349 0.053062439 14.425479889 0.013251401 0.999862313 0.009987837 -19.691413879 -0.053192608 -0.009269667 0.998541236 201.534957886
0.998476923 -0.013302778 0.053542215 14.639548302 0.012832610 0.999876082 0.009115440 -19.897575378 -0.053656846 -0.008414471 0.998524010 203.796295166
0.998442173 -0.013513959 0.054134645 14.842235565 0.012995597 0.999866366 0.009916048 -20.103500366 -0.054261427 -0.009197088 0.998484373 206.022445679
0.998425007 -0.015259490 0.053986095 15.080097198 0.014744126 0.999841869 0.009931664 -20.320545197 -0.054129120 -0.009120043 0.998492301 208.280120850
0.998364210 -0.014792294 0.055227593 15.287672997 0.014271681 0.999850035 0.009809217 -20.517425537 -0.055364408 -0.009004982 0.998425603 210.525588989
0.998293519 -0.015324662 0.056348186 15.512136459 0.014705150 0.999826968 0.011392648 -20.745777130 -0.056513015 -0.010544600 0.998346090 212.778442383
0.998230040 -0.013887128 0.057827763 15.748980522 0.013243364 0.999846101 0.011500832 -20.951103210 -0.057978574 -0.010714640 0.998260319 215.013244629
0.998069823 -0.012847251 0.060756989 15.980358124 0.012164386 0.999858737 0.011595830 -21.166606903 -0.060897376 -0.010834379 0.998085201 217.333404541
0.997933745 -0.013042532 0.062913328 16.208740234 0.012306646 0.999851346 0.012070173 -21.372880936 -0.063061409 -0.011270982 0.997946024 219.577285767
0.997808397 -0.014482901 0.064564988 16.445751190 0.013692815 0.999826014 0.012662857 -21.575630188 -0.064737134 -0.011751026 0.997833252 221.815216064
0.997699499 -0.015845684 0.065912962 16.679807663 0.014989031 0.999797046 0.013470986 -21.776838303 -0.066113025 -0.012452027 0.997734427 224.051513672
0.997622907 -0.017699139 0.066597767 16.927314758 0.016872192 0.999773681 0.012959024 -21.986598969 -0.066812038 -0.011804567 0.997695744 226.287490845
0.997586966 -0.018963126 0.066789664 17.169002533 0.018157724 0.999755085 0.012645303 -22.186847687 -0.067013130 -0.011402039 0.997686923 228.546295166
0.997539937 -0.019286348 0.067397349 17.409769058 0.018465536 0.999747813 0.012780536 -22.387376785 -0.067626849 -0.011504564 0.997644365 230.790222168
0.997460306 -0.020616518 0.068175659 17.648168564 0.019841507 0.999730825 0.012025612 -22.591999054 -0.068405248 -0.010642362 0.997600794 233.030349731
0.997466028 -0.021220943 0.067905523 17.921133041 0.020384038 0.999707758 0.012993856 -22.797519684 -0.068161421 -0.011576742 0.997607112 235.321945190
0.997440994 -0.021047542 0.068326250 18.166870117 0.020202920 0.999711096 0.013029282 -22.996974945 -0.068580754 -0.011615551 0.997577965 237.564315796
0.997396111 -0.020802081 0.069052733 18.405006409 0.019950075 0.999716401 0.013005329 -23.197011948 -0.069303676 -0.011593858 0.997528255 239.786865234
0.997360766 -0.021005062 0.069500208 18.650903702 0.020130290 0.999709308 0.013263259 -23.399692535 -0.069758601 -0.011829195 0.997493744 242.017776489
0.997325242 -0.021362079 0.069899827 18.900051117 0.020487150 0.999702811 0.013210100 -23.595199585 -0.070161268 -0.011742719 0.997466564 244.260238647
0.997288346 -0.021508014 0.070380352 19.147705078 0.020671429 0.999706984 0.012593483 -23.802482605 -0.070630595 -0.011104471 0.997440755 246.492446899
0.997296751 -0.021085531 0.070388392 19.404254913 0.020308210 0.999724746 0.011740793 -24.006698608 -0.070616581 -0.010279594 0.997450590 248.734878540
0.997266233 -0.021330064 0.070747040 19.654560089 0.020515162 0.999714732 0.012225218 -24.210756302 -0.070987619 -0.010740411 0.997419298 250.973526001
0.997241497 -0.022523694 0.070724592 19.911262512 0.021716418 0.999690175 0.012162668 -24.414663315 -0.070976615 -0.010593231 0.997421861 253.204696655
0.997244835 -0.022731414 0.070611946 20.177858353 0.021871420 0.999677181 0.012928640 -24.619766235 -0.070883021 -0.011348639 0.997420073 255.465270996
0.997208178 -0.023375053 0.070919283 20.416387558 0.022505570 0.999661803 0.013034620 -24.822011948 -0.071199976 -0.011402152 0.997396886 257.685699463
0.997190833 -0.023584429 0.071092799 20.683557510 0.022678960 0.999651432 0.013516922 -25.028230667 -0.071386792 -0.011866639 0.997378111 259.964965820
0.997157991 -0.023362985 0.071623683 20.939388275 0.022496482 0.999663949 0.012880954 -25.226076126 -0.071900554 -0.011233068 0.997348547 262.206573486
0.997125387 -0.023277143 0.072104163 21.197925568 0.022446375 0.999672174 0.012310843 -25.425039291 -0.072367080 -0.010656977 0.997321129 264.465759277
0.997097075 -0.022405861 0.072769798 21.456026077 0.021592073 0.999695361 0.011950647 -25.633823395 -0.073015407 -0.010344706 0.997277081 266.704772949
0.997023523 -0.021704940 0.073979862 21.712440491 0.020860873 0.999708414 0.012163179 -25.834129333 -0.074222311 -0.010583693 0.997185588 268.953918457
0.996917486 -0.021319412 0.075505234 21.972167969 0.020506589 0.999723315 0.011524186 -26.047185898 -0.075730033 -0.009940308 0.997078836 271.211547852
0.996850550 -0.022036256 0.076180346 22.251623154 0.021194993 0.999705315 0.011834141 -26.254508972 -0.076418683 -0.010182228 0.997023880 273.459197998
0.996615946 -0.022750592 0.078987852 22.491699219 0.021847302 0.999685884 0.012281283 -26.450258255 -0.079242446 -0.010514053 0.996799946 275.705657959
0.996475875 -0.022805475 0.080720522 22.757429123 0.021761334 0.999668181 0.013791570 -26.646631241 -0.081008241 -0.011986380 0.996641338 277.940643311
0.996455014 -0.021914650 0.081222922 23.052604675 0.020746356 0.999669194 0.015199983 -26.863050461 -0.081529155 -0.013461020 0.996580064 280.201782227
0.996357620 -0.021676287 0.082472309 23.333696365 0.020390276 0.999657512 0.016403802 -27.067167282 -0.082799643 -0.014662419 0.996458292 282.437408447
0.996309340 -0.020502534 0.083350293 23.613708496 0.019225899 0.999685705 0.016090492 -27.255603790 -0.083654001 -0.014428628 0.996390402 284.698852539
0.996202826 -0.019601129 0.084827453 23.884588242 0.018341452 0.999710143 0.015603894 -27.448253632 -0.085108712 -0.013988784 0.996273518 286.928039551
0.996158779 -0.019160850 0.085444368 24.162065506 0.018032178 0.999739945 0.013961765 -27.628986359 -0.085689656 -0.012367384 0.996245086 289.171234131
0.996092498 -0.020080427 0.086002059 24.436977386 0.018895935 0.999715328 0.014564885 -27.835533142 -0.086270057 -0.012882885 0.996188462 291.397521973
0.996032119 -0.019377861 0.086859345 24.700874329 0.018236436 0.999736845 0.013915438 -28.040534973 -0.087106161 -0.012276218 0.996123374 293.675720215
0.996049464 -0.019829376 0.086557351 24.986978531 0.018755637 0.999736965 0.013200635 -28.238103867 -0.086796321 -0.011525046 0.996159434 295.905426025
0.996044278 -0.019719381 0.086642742 25.269983292 0.018646656 0.999739349 0.013173021 -28.439731598 -0.086879916 -0.011505315 0.996152341 298.140228271
0.996047556 -0.019090876 0.086745918 25.553594589 0.018005490 0.999749720 0.013277560 -28.635883331 -0.086977676 -0.011663178 0.996141970 300.377502441
0.995994091 -0.018985711 0.087380081 25.819677353 0.017796438 0.999738336 0.014369340 -28.843101501 -0.087630033 -0.012756723 0.996071398 302.613311768
0.995998859 -0.019235089 0.087271035 26.109834671 0.018034089 0.999731779 0.014529465 -29.042224884 -0.087527119 -0.012897476 0.996078670 304.867095947
0.995964408 -0.018569455 0.087808438 26.395624161 0.017346952 0.999742091 0.014665089 -29.239500046 -0.088058107 -0.013082696 0.996029377 307.116119385
0.995955586 -0.019328091 0.087743178 26.682516098 0.018102661 0.999727428 0.014740520 -29.445558548 -0.088004172 -0.013092520 0.996034086 309.372467041
0.995923579 -0.020590875 0.087819561 26.971832275 0.019330755 0.999697983 0.015175496 -29.642835617 -0.088105515 -0.013416019 0.996020794 311.630889893
0.995890379 -0.020612678 0.088189408 27.258594513 0.019407427 0.999706447 0.014502392 -29.841468811 -0.088462450 -0.012731262 0.995998144 313.870758057
0.995914996 -0.020417996 0.087957136 27.554525375 0.019146858 0.999700069 0.015271350 -30.043603897 -0.088242553 -0.013524861 0.996007323 316.122802734
0.995870709 -0.018611349 0.088853866 27.839662552 0.017403683 0.999745548 0.014347086 -30.242523193 -0.089098282 -0.012741460 0.995941281 318.370147705
0.995869398 -0.016871620 0.089215174 28.122932434 0.015600687 0.999766946 0.014923907 -30.440353394 -0.089446165 -0.013470443 0.995900571 320.618560791
0.995806694 -0.015595600 0.090143435 28.403728485 0.014327022 0.999789238 0.014702867 -30.642648697 -0.090353735 -0.013349724 0.995820284 322.847137451
0.995757639 -0.014812754 0.090816006 28.686748505 0.013497737 0.999795198 0.015077164 -30.836097717 -0.091020770 -0.013787391 0.995753467 325.084594727
0.995750904 -0.014440707 0.090947606 28.984596252 0.012987869 0.999778748 0.016546119 -31.042825699 -0.091166414 -0.015294597 0.995718241 327.314758301
0.995728791 -0.015252262 0.091058902 29.269950867 0.013811609 0.999769568 0.016430398 -31.241792679 -0.091288544 -0.015102549 0.995709896 329.560729980
0.995744228 -0.016799934 0.090615056 29.573097229 0.015454033 0.999759912 0.015534234 -31.434667587 -0.090854272 -0.014067757 0.995764852 331.796508789
0.995721877 -0.016467636 0.090920880 29.859895706 0.015130465 0.999767303 0.015376751 -31.632118225 -0.091152936 -0.013935292 0.995739341 334.012969971
0.995703459 -0.016899729 0.091044039 30.150886536 0.015434423 0.999740124 0.016774634 -31.828117371 -0.091303863 -0.015297350 0.995705605 336.241363525
0.995765269 -0.017689392 0.090214327 30.459373474 0.016248392 0.999728680 0.016682671 -32.018920898 -0.090484969 -0.015146189 0.995782614 338.478363037
0.995778143 -0.017579770 0.090093136 30.746667862 0.016115747 0.999726415 0.016951937 -32.217239380 -0.090366505 -0.015428455 0.995789051 340.719543457
0.995814264 -0.017631443 0.089683443 31.044618607 0.016178582 0.999726176 0.016901132 -32.416553497 -0.089956895 -0.015379435 0.995826900 342.963073730
0.995820403 -0.017803866 0.089580759 31.332542419 0.016325822 0.999718606 0.017205389 -32.607063293 -0.089861862 -0.015670996 0.995830953 345.205688477
0.995859325 -0.017643269 0.089178428 31.622308731 0.016154829 0.999718368 0.017384967 -32.798343658 -0.089460038 -0.015872318 0.995863855 347.444213867
0.995914817 -0.017656909 0.088554300 31.913045883 0.016183453 0.999718785 0.017329497 -32.990470886 -0.088835403 -0.015825588 0.995920599 349.689788818
0.995909631 -0.017212167 0.088700041 32.194412231 0.015692482 0.999718368 0.017801898 -33.185634613 -0.088981479 -0.016337160 0.995899200 351.929626465
0.995942235 -0.017521806 0.088272519 32.480354309 0.015985757 0.999708772 0.018078305 -33.374000549 -0.088563576 -0.016593844 0.995932281 354.159576416
0.995965004 -0.017325742 0.088053957 32.763118744 0.015830075 0.999718785 0.017655885 -33.566581726 -0.088335089 -0.016190741 0.995959163 356.396575928
0.996016502 -0.017369207 0.087460957 33.051383972 0.015846767 0.999711096 0.018071478 -33.756626129 -0.087749593 -0.016613517 0.996004045 358.630279541
0.996079743 -0.016826440 0.086845867 33.344165802 0.015241318 0.999705493 0.018883117 -33.949810028 -0.087138034 -0.017485442 0.996042788 360.875915527
0.996132076 -0.016975723 0.086213343 33.636047363 0.015406399 0.999703884 0.018835735 -34.141929626 -0.086507566 -0.017434645 0.996098638 363.125701904
0.996176541 -0.017079009 0.085677549 33.925754547 0.015482767 0.999694586 0.019260902 -34.330951691 -0.085980356 -0.017860733 0.996136725 365.365447998
0.996232510 -0.017039139 0.085032180 34.213428497 0.015507505 0.999705970 0.018640576 -34.522994995 -0.085324802 -0.017251708 0.996203840 367.632629395
0.996237516 -0.017619755 0.084854923 34.492115021 0.016104201 0.999698937 0.018512057 -34.714420319 -0.085155569 -0.017075881 0.996221304 369.888458252
0.996257782 -0.017602326 0.084620640 34.772384644 0.016179297 0.999716461 0.017473089 -34.899417877 -0.084904216 -0.016038598 0.996259987 372.155120850
0.996308446 -0.017392924 0.084064476 35.058620453 0.015976798 0.999719262 0.017489227 -35.094329834 -0.084345065 -0.016081586 0.996306837 374.389739990
0.996353269 -0.017164921 0.083580039 35.342189789 0.015701957 0.999712348 0.018129798 -35.284019470 -0.083867192 -0.016751315 0.996336102 376.638305664
0.996305704 -0.017021196 0.084174082 35.615287781 0.015516704 0.999708533 0.018495627 -35.475170135 -0.084464371 -0.017121194 0.996279359 378.909881592
0.996298790 -0.017700871 0.084115312 35.892692566 0.016173217 0.999692261 0.018808357 -35.669445038 -0.084422350 -0.017378325 0.996278524 381.147338867
0.996330738 -0.017773079 0.083720393 36.181983948 0.016244663 0.999689341 0.018902175 -35.855335236 -0.084030330 -0.017472809 0.996309996 383.404418945
0.996356010 -0.016778866 0.083625153 36.468116760 0.015234989 0.999702156 0.019065963 -36.047901154 -0.083920166 -0.017722461 0.996314883 385.660797119
0.996348262 -0.015508232 0.083961658 36.744575500 0.013953684 0.999720752 0.019070260 -36.231300354 -0.084233962 -0.017829046 0.996286511 387.922027588
0.996372759 -0.014492709 0.083851755 37.031314850 0.012935326 0.999734104 0.019086689 -36.428268433 -0.084106065 -0.017932804 0.996295571 390.195465088
0.996363163 -0.013051636 0.084202640 37.308883667 0.011480674 0.999751389 0.019114235 -36.623161316 -0.084431186 -0.018078018 0.996265233 392.476013184
0.996401787 -0.011806745 0.083928734 37.594100952 0.010126588 0.999740303 0.020416474 -36.811820984 -0.084147990 -0.019493097 0.996262610 394.736755371
0.996338665 -0.010549266 0.084840819 37.863117218 0.008798935 0.999741197 0.020978300 -37.003261566 -0.085040152 -0.020154983 0.996173680 396.993225098
0.996291578 -0.010172186 0.085437544 38.143138885 0.008537826 0.999773920 0.019472947 -37.198291779 -0.085616313 -0.018671283 0.996153235 399.256744385
0.996211946 -0.009387923 0.086449333 38.420513153 0.007796238 0.999794245 0.018731015 -37.385597229 -0.086607389 -0.017986085 0.996080101 401.528167725
0.996173024 -0.011258145 0.086676657 38.701652527 0.009567800 0.999756336 0.019892558 -37.575344086 -0.086879484 -0.018987123 0.996037900 403.790069580
0.996110737 -0.012827468 0.087171443 38.986686707 0.011018479 0.999714494 0.021201689 -37.767448425 -0.087418512 -0.020158734 0.995967746 406.045135498
0.996066630 -0.013481827 0.087575577 39.264278412 0.011680307 0.999710083 0.021051049 -37.950508118 -0.087833986 -0.019945337 0.995935440 408.298797607
0.996024251 -0.013295151 0.088084474 39.557437897 0.011616335 0.999741495 0.019544464 -38.132122040 -0.088321552 -0.018443538 0.995921254 410.566040039
0.996006727 -0.011793321 0.088496193 39.867561340 0.010044448 0.999745846 0.020181511 -38.332801819 -0.088711701 -0.019212026 0.995871961 412.845947266
0.995932460 -0.010469257 0.089493945 40.148910522 0.008717120 0.999763012 0.019946776 -38.521083832 -0.089681558 -0.019085510 0.995787621 415.089630127
0.995852768 -0.009132242 0.090519771 40.443317413 0.007345762 0.999772012 0.020049350 -38.707839966 -0.090682238 -0.019301264 0.995692849 417.360504150
0.995801687 -0.009325036 0.091059968 40.741928101 0.007550881 0.999775290 0.019808471 -38.896766663 -0.091224238 -0.019037729 0.995648324 419.614715576
0.995703220 -0.009209524 0.092141785 41.030689240 0.007413765 0.999776244 0.019812418 -39.081890106 -0.092303626 -0.019044172 0.995548785 421.871124268
0.995617211 -0.009393588 0.093049198 41.319751740 0.007602348 0.999779224 0.019586287 -39.273536682 -0.093212642 -0.018793045 0.995468974 424.132507324
0.995560706 -0.009819697 0.093608208 41.620502472 0.007919756 0.999755383 0.020646686 -39.462005615 -0.093788065 -0.019813674 0.995395005 426.402923584
0.995511711 -0.009083251 0.094201416 41.914321899 0.007108119 0.999748170 0.021281505 -39.648902893 -0.094370991 -0.020516392 0.995325685 428.656097412
0.995429814 -0.008215534 0.095141739 42.216865540 0.006158696 0.999741316 0.021892166 -39.833320618 -0.095296994 -0.021206165 0.995223045 430.932739258
0.995454907 -0.008769074 0.094828784 42.525852203 0.006723501 0.999738157 0.021869268 -40.019142151 -0.094995730 -0.021132292 0.995253325 433.223480225
0.995404899 -0.009226643 0.095309980 42.831108093 0.007229792 0.999747515 0.021275248 -40.212707520 -0.095482215 -0.020488415 0.995220244 435.489715576
0.995403111 -0.008314161 0.095412239 43.143531799 0.006305896 0.999752581 0.021330541 -40.384525299 -0.095565990 -0.020630829 0.995209217 437.759246826
0.995363116 -0.008793387 0.095785484 43.453174591 0.006735764 0.999739945 0.021783775 -40.574714661 -0.095952123 -0.021037579 0.995163739 440.043334961
0.995411575 -0.008863538 0.095274426 43.767635345 0.006803268 0.999736369 0.021927698 -40.758232117 -0.095443659 -0.021178905 0.995209515 442.317199707
0.995378733 -0.008393024 0.095659539 44.081062317 0.006203598 0.999712467 0.023162151 -40.960002899 -0.095826440 -0.022461677 0.995144546 444.591522217
0.995351851 -0.008833705 0.095899329 44.394393921 0.006646024 0.999710917 0.023107769 -41.139900208 -0.096075729 -0.022363011 0.995122790 446.870330811
0.995343745 -0.008568298 0.096006759 44.699726105 0.006418142 0.999722123 0.022682348 -41.326515198 -0.096174419 -0.021960549 0.995122313 449.136627197
0.995354593 -0.008053450 0.095940642 45.009304047 0.005932647 0.999732137 0.022370135 -41.513221741 -0.096095100 -0.021697031 0.995135665 451.397369385
0.995301902 -0.007502538 0.096528575 45.312873840 0.005387546 0.999740005 0.022152547 -41.703910828 -0.096669681 -0.021528425 0.995083630 453.658172607
0.995224476 -0.006947114 0.097364999 45.614898682 0.004797082 0.999739766 0.022298932 -41.882209778 -0.097494572 -0.021725371 0.994998813 455.934570312
0.995166838 -0.006809982 0.097962126 45.913822174 0.004695328 0.999751270 0.021800807 -42.071147919 -0.098086230 -0.021235483 0.994951308 458.192993164
0.995194137 -0.006051982 0.097734556 46.233589172 0.004001509 0.999767959 0.021162426 -42.259704590 -0.097839959 -0.020669634 0.994987488 460.475067139
0.995175004 -0.004947164 0.097991168 46.545623779 0.002814489 0.999756396 0.021890232 -42.448486328 -0.098075598 -0.021508813 0.994946480 462.760894775
0.995225489 -0.004639140 0.097492144 46.861255646 0.002399903 0.999730766 0.023073105 -42.632991791 -0.097572982 -0.022728970 0.994968772 465.040374756
0.995249510 -0.004835814 0.097238481 47.163940430 0.002571608 0.999722958 0.023396943 -42.813087463 -0.097324699 -0.023035733 0.994986057 467.310119629
0.995330751 -0.004660869 0.096410692 47.475582123 0.002528739 0.999749899 0.022225454 -42.997329712 -0.096490160 -0.021877883 0.995093465 469.589782715
0.995426893 -0.004694671 0.095410295 47.797325134 0.002613750 0.999756157 0.021923520 -43.187313080 -0.095489949 -0.021573881 0.995196581 471.883605957
0.995497942 -0.005088846 0.094647557 48.102256775 0.002915555 0.999729216 0.023086067 -43.380287170 -0.094739437 -0.022706177 0.995243132 474.166992188
0.995440781 -0.005305943 0.095233567 48.392135620 0.003091286 0.999721706 0.023387488 -43.565475464 -0.095331140 -0.022986466 0.995180190 476.450744629
0.995572090 -0.005049826 0.093865164 48.704345703 0.002911207 0.999733388 0.022906933 -43.740089417 -0.093955800 -0.022532245 0.995321274 478.747100830
0.995586276 -0.004933873 0.093720876 49.005020142 0.002742975 0.999720275 0.023491286 -43.924346924 -0.093810558 -0.023130525 0.995321274 481.027008057
0.995641112 -0.005734549 0.093091011 49.314552307 0.003493193 0.999700427 0.024222163 -44.111576080 -0.093202017 -0.023791391 0.995362937 483.300201416
0.995673835 -0.006390546 0.092695743 49.613010406 0.004212675 0.999710917 0.023671499 -44.293563843 -0.092820227 -0.023178602 0.995413065 485.575805664
0.995754600 -0.006972552 0.091782793 49.918422699 0.004770633 0.999696016 0.024188114 -44.483169556 -0.091923535 -0.023647565 0.995485306 487.864379883
0.995755970 -0.006258697 0.091819659 50.197708130 0.004071866 0.999704063 0.023984615 -44.653743744 -0.091942586 -0.023508951 0.995486677 490.137817383
0.995770335 -0.005864401 0.091690242 50.495079041 0.003645469 0.999696851 0.024349086 -44.830123901 -0.091805257 -0.023911847 0.995489836 492.441223145
0.995827913 -0.005209250 0.091102421 50.797840118 0.002975804 0.999692023 0.024634436 -45.007984161 -0.091202691 -0.024260558 0.995536804 494.726531982
0.995814145 -0.004624670 0.091284141 51.084911346 0.002415797 0.999701977 0.024293453 -45.187152863 -0.091369301 -0.023971239 0.995528519 497.033691406
0.995857656 -0.004375765 0.090820074 51.395648956 0.002202667 0.999709189 0.024013961 -45.379169464 -0.090898752 -0.023714442 0.995577753 499.356903076
0.995890260 -0.004441208 0.090458952 51.690631866 0.002215676 0.999692738 0.024688255 -45.559829712 -0.090540811 -0.024386363 0.995594084 501.654113770
0.995904207 -0.004209760 0.090316027 51.983898163 0.001958417 0.999685585 0.025001543 -45.744789124 -0.090392858 -0.024722267 0.995599210 503.936248779
0.995921135 -0.003226168 0.090169445 52.278209686 0.001046437 0.999706328 0.024210533 -45.925735474 -0.090221047 -0.024017431 0.995632112 506.229522705
0.995929480 -0.002900165 0.090088882 52.568836212 0.000675772 0.999694407 0.024711784 -46.107154846 -0.090133019 -0.024550319 0.995627105 508.517761230
0.995947897 -0.003142766 0.089876875 52.863731384 0.001010604 0.999717236 0.023758814 -46.289615631 -0.089926131 -0.023571711 0.995669484 510.810607910
0.995982528 -0.003772523 0.089468211 53.167991638 0.001575701 0.999695778 0.024612159 -46.478385925 -0.089533851 -0.024372304 0.995685518 513.114624023
0.996003687 -0.003491484 0.089243613 53.464256287 0.001294492 0.999694884 0.024663951 -46.656440735 -0.089302503 -0.024449864 0.995704412 515.417419434
0.996022999 -0.002677690 0.089056164 53.758163452 0.000486964 0.999697089 0.024612006 -46.839859009 -0.089095071 -0.024470761 0.995722413 517.722717285
0.995994627 -0.001793626 0.089394905 54.043601990 -0.000395244 0.999700665 0.024461688 -47.026077271 -0.089412019 -0.024399044 0.995695829 520.023376465
0.995995641 -0.000133535 0.089402027 54.352321625 -0.002074200 0.999695182 0.024601104 -47.215820312 -0.089378066 -0.024688028 0.995691776 522.369689941
0.995836198 0.002036933 0.091138244 54.628356934 -0.004312506 0.999683738 0.024778420 -47.396663666 -0.091058940 -0.025068281 0.995530009 524.698303223
0.995885670 0.003098303 0.090565242 54.949546814 -0.005461462 0.999650717 0.025857264 -47.573451996 -0.090453498 -0.026245501 0.995554745 527.031066895
0.995807886 0.002675280 0.091430023 55.237434387 -0.005054060 0.999654412 0.025795860 -47.754932404 -0.091329426 -0.026149819 0.995477259 529.343383789
0.995758772 0.000792937 0.091999054 55.528167725 -0.003306635 0.999625266 0.027173882 -47.930358887 -0.091943026 -0.027362840 0.995388269 531.649414062
0.995696962 -0.000683797 0.092667602 55.831588745 -0.001809919 0.999638498 0.026823618 -48.104850769 -0.092652448 -0.026875913 0.995335639 533.966796875
0.995672107 -0.000579175 0.092934273 56.136672974 -0.001863368 0.999655128 0.026193563 -48.281906128 -0.092917383 -0.026253367 0.995327652 536.286743164
0.995597243 -0.000894845 0.093729973 56.439853668 -0.001544956 0.999661863 0.025954301 -48.461292267 -0.093721524 -0.025984840 0.995259285 538.606201172
0.995541155 -0.000436356 0.094328634 56.741920471 -0.001967885 0.999675572 0.025393397 -48.644836426 -0.094309114 -0.025465796 0.995217204 540.920288086
0.995452344 0.000485863 0.095259391 57.045539856 -0.002866759 0.999686897 0.024858568 -48.824481964 -0.095217489 -0.025018606 0.995142043 543.244628906
0.995382369 0.000960036 0.095984019 57.358139038 -0.003267456 0.999709427 0.023885341 -49.006061554 -0.095933199 -0.024088673 0.995096207 545.569335938
0.995265603 0.000885787 0.097188525 57.651515961 -0.003276675 0.999695837 0.024443666 -49.191291809 -0.097137310 -0.024646400 0.994965792 547.886962891
0.995203674 0.000790447 0.097821668 57.960983276 -0.003276510 0.999675632 0.025256190 -49.375000000 -0.097769998 -0.025455568 0.994883358 550.205749512
0.995124996 0.001029069 0.098616593 58.263568878 -0.003544838 0.999672651 0.025338786 -49.554962158 -0.098558217 -0.025564840 0.994802833 552.507507324
0.995149553 -0.000338554 0.098373108 58.585319519 -0.002086664 0.999696434 0.024549333 -49.736751556 -0.098351538 -0.024635527 0.994846761 554.817993164
0.995182097 -0.000341425 0.098042957 58.907970428 -0.002115350 0.999686360 0.024953114 -49.920860291 -0.098020710 -0.025040284 0.994869411 557.133605957
0.995107114 -0.000045444 0.098801948 59.217327118 -0.002474424 0.999674797 0.025381552 -50.102481842 -0.098770954 -0.025501840 0.994783342 559.445251465
0.995081425 0.000560189 0.099057935 59.534965515 -0.003184639 0.999648035 0.026337955 -50.282936096 -0.099008307 -0.026523877 0.994733036 561.781799316
0.995067418 0.000312402 0.099201605 59.858829498 -0.003013826 0.999628663 0.027082959 -50.464912415 -0.099156320 -0.027248343 0.994698703 564.112121582
0.995030105 0.000882680 0.099570483 60.177913666 -0.003650231 0.999611914 0.027616149 -50.639587402 -0.099507466 -0.027842356 0.994647205 566.433837891
0.994967639 0.001910276 0.100178108 60.503276825 -0.004641404 0.999623775 0.027036751 -50.823173523 -0.100088745 -0.027365664 0.994602084 568.761535645
0.994991601 0.002973979 0.099914312 60.840991974 -0.005548312 0.999659479 0.025497425 -50.997150421 -0.099804468 -0.025924079 0.994669259 571.095031738
0.994978786 0.003403315 0.100027569 61.178688049 -0.005986558 0.999655902 0.025536507 -51.179321289 -0.099906243 -0.026007108 0.994656920 573.415954590
0.995013356 0.003291583 0.099686675 61.514251709 -0.005980068 0.999626040 0.026682569 -51.366813660 -0.099561557 -0.027145647 0.994660974 575.782348633
0.995024443 0.003159289 0.099580966 61.846637726 -0.005965134 0.999593139 0.027891366 -51.550712585 -0.099452347 -0.028346607 0.994638503 578.095825195
0.994924605 0.004008072 0.100543596 62.162452698 -0.006674683 0.999634445 0.026199572 -51.728679657 -0.100401819 -0.026737694 0.994587660 580.482604980
0.994942248 0.003017287 0.100402892 62.491260529 -0.005624777 0.999653876 0.025697330 -51.900695801 -0.100290619 -0.026132103 0.994615018 582.819396973
0.994921803 0.002844355 0.100610629 62.817096710 -0.005645309 0.999604046 0.027565798 -52.096778870 -0.100492395 -0.027993789 0.994543850 585.149047852
0.994976640 0.003085248 0.100060008 63.144744873 -0.005875549 0.999601722 0.027603582 -52.273185730 -0.099934988 -0.028052825 0.994598389 587.466918945
0.994942963 0.000577032 0.100439847 63.478008270 -0.003248894 0.999645114 0.026440073 -52.456981659 -0.100388929 -0.026632681 0.994591773 589.821899414
0.994948208 0.000505134 0.100388199 63.805309296 -0.003144626 0.999653459 0.026136357 -52.629375458 -0.100340195 -0.026320005 0.994605005 592.166503906
0.994959295 -0.001352760 0.100271754 64.128433228 -0.001339939 0.999640346 0.026781801 -52.812480927 -0.100271933 -0.026781160 0.994599521 594.501647949
0.995007873 -0.002246954 0.099769823 64.466690063 -0.000449962 0.999635339 0.027000645 -52.993457794 -0.099794112 -0.026910750 0.994644105 596.861328125
