1.000000000 0.000000000 0.000000000 0.000000000 0.000000000 1.000000000 0.000000000 0.000000000 0.000000000 0.000000000 1.000000000 0.000000000
0.999999881 0.000067067 0.000493557 0.088446759 -0.000066985 1.000000000 -0.000166009 -0.227285877 -0.000493568 0.000165976 0.999999881 2.294928789
0.999999106 0.000534968 0.001229403 0.166199550 -0.000535613 0.999999702 0.000524565 -0.466898143 -0.001229122 -0.000525223 0.999999106 4.584297657
0.999998391 0.000105049 0.001757694 0.264288217 -0.000106164 0.999999821 0.000634163 -0.697250187 -0.001757627 -0.000634348 0.999998212 6.870565414
0.999996543 -0.000052332 0.002614661 0.359016538 0.000055403 0.999999225 -0.001174317 -0.929512739 -0.002614598 0.001174458 0.999995887 9.166742325
0.999987721 0.001702666 0.004666512 0.450734079 -0.001703528 0.999998510 0.000180805 -1.165264606 -0.004666198 -0.000188752 0.999989092 11.472735405
0.999968886 0.003574844 0.007033788 0.546895921 -0.003585358 0.999992490 0.001482741 -1.398763776 -0.007028434 -0.001507914 0.999974191 13.760267258
0.999949872 0.003450958 0.009409471 0.653373241 -0.003489315 0.999985695 0.004063054 -1.627197266 -0.009395313 -0.004095682 0.999947488 16.032281876
0.999942899 0.003487352 0.010102728 0.755217373 -0.003541592 0.999979377 0.005355963 -1.855562806 -0.010083840 -0.005391437 0.999934614 18.331569672
0.999924123 0.002444412 0.012075933 0.859449506 -0.002509782 0.999982297 0.005401099 -2.079337358 -0.012062516 -0.005430996 0.999912381 20.626941681
0.999929547 0.000125181 0.011868473 0.988875151 -0.000166514 0.999993920 0.003481661 -2.311374187 -0.011867966 -0.003483393 0.999923527 22.928094864
0.999918282 -0.002143140 0.012601073 1.096764922 0.002121116 0.999996185 0.001760850 -2.533478498 -0.012604798 -0.001733978 0.999919116 25.209735870
0.999915898 -0.002654525 0.012696452 1.231884956 0.002643803 0.999996126 0.000861210 -2.775472164 -0.012698689 -0.000827571 0.999918938 27.509111404
0.999899805 -0.002384693 0.013958348 1.333744526 0.002388498 0.999997079 -0.000255909 -2.997888327 -0.013957696 0.000289223 0.999902427 29.795257568
0.999896765 -0.000496230 0.014361874 1.464281082 0.000456107 0.999996006 0.002796842 -3.232340097 -0.014363204 -0.002790002 0.999892950 32.066406250
0.999899745 0.001398060 0.014090782 1.599214673 -0.001471527 0.999985456 0.005204758 -3.453060389 -0.014083301 -0.005224972 0.999887168 34.347660065
0.999872506 0.003485283 0.015582676 1.716585636 -0.003626269 0.999952674 0.009028494 -3.681779623 -0.015550468 -0.009083850 0.999837816 36.662063599
0.999856770 0.005323255 0.016061874 1.836737394 -0.005463920 0.999946952 0.008726558 -3.898743391 -0.016014569 -0.008813071 0.999832869 38.934177399
0.999827325 0.004146986 0.018120695 1.937680483 -0.004279351 0.999964416 0.007271871 -4.103310585 -0.018089898 -0.007348159 0.999809384 41.230678558
0.999832034 0.001650660 0.018252475 2.062521696 -0.001766338 0.999978364 0.006323321 -4.326362610 -0.018241642 -0.006354498 0.999813497 43.508396149
0.999837518 0.001207216 0.017985392 2.196406841 -0.001291888 0.999988079 0.004696904 -4.541290283 -0.017979505 -0.004719376 0.999827206 45.743240356
0.999840915 0.000217937 0.017835982 2.323940039 -0.000287808 0.999992311 0.003914937 -4.770108223 -0.017834995 -0.003919447 0.999833405 48.009941101
0.999840856 -0.001170538 0.017800150 2.459319353 0.001094540 0.999990225 0.004278672 -4.996235847 -0.017804984 -0.004258508 0.999832511 50.290634155
0.999826193 -0.001683053 0.018566204 2.588431597 0.001596725 0.999987781 0.004663609 -5.217198372 -0.018573826 -0.004633153 0.999816716 52.554729462
0.999819279 -0.002916829 0.018781442 2.721777201 0.002827467 0.999984562 0.004782802 -5.445963860 -0.018795103 -0.004728835 0.999812186 54.835330963
0.999786198 -0.003175538 0.020433282 2.841549158 0.003075467 0.999983251 0.004927038 -5.669375896 -0.020448584 -0.004863142 0.999779105 57.134609222
0.999769390 -0.004565304 0.020984281 2.978017092 0.004451903 0.999975204 0.005447624 -5.890489578 -0.021008631 -0.005352947 0.999764979 59.402770996
0.999724329 -0.005768406 0.022758203 3.100141287 0.005662417 0.999972820 0.004718837 -6.111450195 -0.022784801 -0.004588670 0.999729872 61.672916412
0.999708116 -0.006557470 0.023252821 3.248664856 0.006452721 0.999968708 0.004576981 -6.334965706 -0.023282107 -0.004425601 0.999719143 63.926788330
0.999680221 -0.006120914 0.024535464 3.387149572 0.005999541 0.999969423 0.005017399 -6.554936409 -0.024565421 -0.004868593 0.999686480 66.194137573
0.999655128 -0.005074297 0.025764203 3.530633450 0.004934605 0.999972820 0.005482631 -6.782112598 -0.025791319 -0.005353604 0.999653041 68.450073242
0.999615014 -0.005355656 0.027227893 3.665493965 0.005208113 0.999971390 0.005486865 -7.008738041 -0.027256504 -0.005342946 0.999614179 70.697807312
0.999599874 -0.006212655 0.027594158 3.824355125 0.006105087 0.999973416 0.003980799 -7.227698803 -0.027618159 -0.003810742 0.999611199 72.946060181
0.999582887 -0.006908887 0.028040199 3.976057529 0.006782364 0.999966383 0.004604808 -7.453372002 -0.028071068 -0.004412710 0.999596179 75.215965271
0.999537408 -0.008079988 0.029322613 4.137433052 0.007962364 0.999959707 0.004125951 -7.684140205 -0.029354773 -0.003890565 0.999561369 77.485328674
0.999526978 -0.008928892 0.029429264 4.292339325 0.008818444 0.999953568 0.003880594 -7.905385017 -0.029462548 -0.003619239 0.999559343 79.730873108
0.999498248 -0.009397966 0.030248838 4.440399647 0.009285625 0.999949455 0.003852218 -8.124793053 -0.030283520 -0.003569406 0.999534905 81.986953735
0.999482930 -0.008380415 0.031046756 4.612388611 0.008271889 0.999959230 0.003622456 -8.351244926 -0.031075848 -0.003363767 0.999511361 84.238464355
0.999433994 -0.008226079 0.032619976 4.769491196 0.008093286 0.999958396 0.004200908 -8.568807602 -0.032653183 -0.003934527 0.999458969 86.489784241
0.999438226 -0.007865074 0.032578472 4.938835144 0.007698752 0.999956727 0.005227519 -8.799420357 -0.032618176 -0.004973769 0.999455512 88.774131775
0.999413610 -0.006979696 0.033521596 5.099932671 0.006772990 0.999957383 0.006276029 -9.027963638 -0.033563964 -0.006045307 0.999418259 91.027397156
0.999389827 -0.006716508 0.034277543 5.265653610 0.006494904 0.999957323 0.006572269 -9.249830246 -0.034320220 -0.006345630 0.999390721 93.264343262
0.999383748 -0.006466618 0.034503859 5.447751522 0.006281843 0.999965370 0.005460925 -9.469539642 -0.034537978 -0.005240812 0.999389589 95.498748779
0.999350488 -0.007236727 0.035302393 5.614842892 0.007035165 0.999958277 0.005830466 -9.689710617 -0.035343111 -0.005578320 0.999359667 97.739746094
0.999314129 -0.006991675 0.036362942 5.773978233 0.006797947 0.999962032 0.005448572 -9.919308662 -0.036399651 -0.005197641 0.999323785 99.969970703
0.999244094 -0.006908272 0.038256306 5.924850941 0.006659869 0.999955893 0.006616767 -10.134882927 -0.038300335 -0.006356984 0.999246061 102.194496155
0.999253869 -0.007235721 0.037938897 6.133024216 0.006993920 0.999954343 0.006502267 -10.353832245 -0.037984207 -0.006232073 0.999258935 104.434928894
0.999212980 -0.008013672 0.038848635 6.305662155 0.007742549 0.999944627 0.007124381 -10.567005157 -0.038903575 -0.006817988 0.999219716 106.669624329
0.999187887 -0.009548998 0.039144929 6.490674019 0.009263836 0.999929190 0.007459721 -10.783980370 -0.039213393 -0.007091031 0.999205709 108.919601440
0.999148905 -0.010541829 0.039877608 6.669976711 0.010205449 0.999910831 0.008629481 -11.007681847 -0.039965007 -0.008215169 0.999167323 111.172523499
0.999124348 -0.011157247 0.040323939 6.854383469 0.010871065 0.999914289 0.007309382 -11.226740837 -0.040402036 -0.006864618 0.999159873 113.433433533
0.999075890 -0.011692224 0.041360445 7.031857491 0.011434891 0.999913812 0.006452835 -11.442194939 -0.041432340 -0.005973920 0.999123394 115.675041199
0.999046743 -0.011918401 0.041995332 7.210853577 0.011640416 0.999908745 0.006857741 -11.664200783 -0.042073231 -0.006362360 0.999094248 117.908958435
0.998984873 -0.012345512 0.043322627 7.394634247 0.012011721 0.999896228 0.007956614 -11.888084412 -0.043416359 -0.007428158 0.999029458 120.156990051
0.998960972 -0.013194789 0.043622345 7.596875191 0.012818017 0.999878168 0.008905598 -12.113707542 -0.043734547 -0.008337193 0.999008417 122.365592957
0.998913229 -0.013295337 0.044671681 7.785766602 0.012944310 0.999883115 0.008138117 -12.320044518 -0.044774666 -0.007551029 0.998968601 124.624610901
0.998890221 -0.014084371 0.044943336 7.975353241 0.013767309 0.999878109 0.007356485 -12.540205956 -0.045041464 -0.006729571 0.998962462 126.895324707
0.998878956 -0.015755022 0.044638690 8.166756630 0.015424994 0.999851167 0.007728170 -12.753456116 -0.044753805 -0.007030955 0.998973310 129.162033081
0.998904109 -0.016864369 0.043658771 8.354182243 0.016533829 0.999831855 0.007920944 -12.965035439 -0.043785010 -0.007190417 0.999015093 131.411361694
0.998965859 -0.017151153 0.042107873 8.549399376 0.016775979 0.999816477 0.009247022 -13.180167198 -0.042258743 -0.008531059 0.999070287 133.647842407
0.999012709 -0.018205296 0.040523887 8.736742020 0.017865876 0.999802351 0.008722295 -13.394195557 -0.040674660 -0.007989692 0.999140501 135.878479004
0.999105811 -0.019097297 0.037722781 8.948515892 0.018798459 0.999789178 0.008260887 -13.603648186 -0.037872594 -0.007544369 0.999254107 138.090988159
0.999070406 -0.019707808 0.038340311 9.103640556 0.019392237 0.999775112 0.008585378 -13.823989868 -0.038500886 -0.007833892 0.999227881 140.389236450
0.999053717 -0.019977454 0.038633414 9.264437675 0.019662095 0.999770284 0.008525684 -14.023856163 -0.038794853 -0.007758001 0.999217153 142.623886108
0.999088466 -0.020046851 0.037688032 9.452099800 0.019682653 0.999756157 0.010009872 -14.252807617 -0.037879512 -0.009258946 0.999239445 144.868865967
0.999105215 -0.019100741 0.037732728 9.623703003 0.018774990 0.999783635 0.008968589 -14.462423325 -0.037895862 -0.008252135 0.999247611 147.111389160
0.999119103 -0.018097414 0.037861444 9.804202080 0.017828360 0.999813437 0.007431875 -14.677316666 -0.037988871 -0.006750321 0.999255359 149.366043091
0.999138832 -0.016241914 0.038178831 9.977531433 0.015999092 0.999849796 0.006657082 -14.894279480 -0.038281225 -0.006040523 0.999248683 151.612289429
0.999149621 -0.015567571 0.038179569 10.160573959 0.015324365 0.999860406 0.006654414 -15.107165337 -0.038277835 -0.006063677 0.999248743 153.841827393
0.999138176 -0.014669491 0.038828932 10.334970474 0.014396991 0.999869823 0.007288292 -15.323358536 -0.038930792 -0.006722990 0.999219298 156.110534668
0.999138117 -0.013990736 0.039081797 10.527464867 0.013668563 0.999870479 0.008498630 -15.542013168 -0.039195638 -0.007957111 0.999199867 158.335159302
0.999092638 -0.013268976 0.040470771 10.695981979 0.012897119 0.999872267 0.009435639 -15.756311417 -0.040590797 -0.008905120 0.999136150 160.598861694
0.999062777 -0.012266695 0.041512679 10.874332428 0.011797309 0.999863803 0.011533269 -15.969645500 -0.041648503 -0.011032721 0.999071360 162.834259033
0.999034345 -0.011462032 0.042418033 11.058271408 0.011033426 0.999885798 0.010324717 -16.168832779 -0.042531531 -0.009846730 0.999046624 165.093444824
0.998999536 -0.010782901 0.043400779 11.249930382 0.010402778 0.999905586 0.008974789 -16.375902176 -0.043493457 -0.008514321 0.999017417 167.338027954
0.998920560 -0.008893213 0.045591366 11.430259705 0.008479011 0.999920964 0.009270481 -16.587034225 -0.045670211 -0.008873904 0.998917162 169.567687988
0.998816431 -0.008838428 0.047828957 11.632743835 0.008376186 0.999916315 0.009856302 -16.809944153 -0.047912076 -0.009444015 0.998806834 171.847976685
0.998698711 -0.009043510 0.050189834 11.829119682 0.008582152 0.999918997 0.009400154 -17.014142990 -0.050270785 -0.008957188 0.998695433 174.110519409
0.998615503 -0.008844315 0.051853605 12.033058167 0.008328988 0.999913871 0.010145798 -17.227674484 -0.051938862 -0.009699862 0.998603284 176.363357544
0.998562813 -0.009286194 0.052782368 12.235134125 0.008716843 0.999901474 0.011006766 -17.432586670 -0.052879378 -0.010530850 0.998545349 178.584808350
0.998561323 -0.011444421 0.052386280 12.443753242 0.010887081 0.999881208 0.010912069 -17.650999069 -0.052504931 -0.010326036 0.998567283 180.831222534
0.998505294 -0.012310409 0.053249422 12.638476372 0.011753126 0.999872983 0.010766018 -17.858568192 -0.053375188 -0.010124079 0.998523176 183.080856323
0.998585701 -0.012925672 0.051569119 12.861976624 0.012379224 0.999864042 0.010901788 -18.081172943 -0.051703013 -0.010247986 0.998609900 185.313247681
0.998589456 -0.014587643 0.051051427 13.066951752 0.013995183 0.999830663 0.011943490 -18.292152405 -0.051217005 -0.011212169 0.998624623 187.559082031
0.998610497 -0.015461981 0.050378710 13.276895523 0.014902454 0.999823153 0.011463243 -18.494670868 -0.050547052 -0.010696547 0.998664439 189.801422119
0.998563290 -0.016583044 0.050954498 13.476188660 0.016032506 0.999808788 0.011194391 -18.708488464 -0.051130392 -0.010361381 0.998638213 192.052764893
0.998534739 -0.018242588 0.050947003 13.672829628 0.017728223 0.999787390 0.010529826 -18.914213181 -0.051128261 -0.009611198 0.998645842 194.293762207
0.998561025 -0.017786514 0.050594252 13.885007858 0.017261235 0.999792695 0.010800334 -19.122726440 -0.050775871 -0.009911474 0.998660862 196.532852173
0.998564482 -0.015950663 0.051134143 14.092645645 0.015416644 0.999822676 0.010821007 -19.330698013 -0.051297680 -0.010017158 0.998633146 198.777038574
0.998581111 -0.013099612 0.051615424 14.289505005 0.012566713 0.999864459 0.010635476 -19.544368744 -0.051747750 -0.009971746 0.998610377 201.022949219
0.998560548 -0.012587456 0.052138016 14.500715256 0.012100149 0.999880195 0.009651616 -19.751981735 -0.052253257 -0.009006847 0.998593271 203.283325195
0.998523176 -0.012820059 0.052791700 14.698670387 0.012293465 0.999871433 0.010287588 -19.955398560 -0.052916802 -0.009623406 0.998552620 205.510375977
0.998505950 -0.014243694 0.052754462 14.930603981 0.013708070 0.999850810 0.010501103 -20.177150726 -0.052896172 -0.009762255 0.998552263 207.769088745
0.998441279 -0.013771307 0.054086946 15.133749008 0.013199514 0.999853253 0.010914797 -20.377956390 -0.054229330 -0.010183864 0.998476624 210.012466431
0.998365939 -0.013793478 0.055452887 15.349483490 0.013135118 0.999839008 0.012219450 -20.599897385 -0.055612508 -0.011471102 0.998386502 212.232376099
0.998301566 -0.012510466 0.056898050 15.583569527 0.011837009 0.999855995 0.012157862 -20.802837372 -0.057041958 -0.011463711 0.998305917 214.468536377
0.998125196 -0.010449741 0.060306631 15.781829834 0.009720752 0.999876261 0.012368793 -21.002696991 -0.060428418 -0.011759378 0.998103261 216.715713501
0.997986019 -0.010426676 0.062571242 16.004835129 0.009651490 0.999872983 0.012678389 -21.205432892 -0.062695496 -0.012048949 0.997959912 218.952239990
0.997845471 -0.011947404 0.064511433 16.235128403 0.011115099 0.999850512 0.013245168 -21.406837463 -0.064660050 -0.012499581 0.997829080 221.180541992
0.997747719 -0.013349632 0.065736622 16.467428207 0.012450779 0.999823689 0.014064278 -21.606473923 -0.065912791 -0.013214134 0.997737885 223.404418945
0.997700155 -0.015151351 0.066066101 16.715452194 0.014304460 0.999809563 0.013273106 -21.810901642 -0.066254631 -0.012297540 0.997726977 225.623947144
0.997669518 -0.016341001 0.066244975 16.954257965 0.015512593 0.999795258 0.013000350 -22.010824203 -0.066443831 -0.011942421 0.997718811 227.865203857
0.997612834 -0.016637025 0.067020930 17.186098099 0.015780922 0.999787211 0.013282899 -22.209243774 -0.067227677 -0.012193540 0.997663140 230.099655151
0.997530043 -0.017748345 0.067961983 17.421447754 0.016932659 0.999777794 0.012559464 -22.414962769 -0.068169773 -0.011377665 0.997608840 232.340972900
0.997529089 -0.018634131 0.067738466 17.689306259 0.017739464 0.999747753 0.013785305 -22.623626709 -0.067978263 -0.012549598 0.997607887 234.629959106
0.997508287 -0.018496759 0.068081655 17.938388824 0.017588500 0.999748409 0.013916146 -22.825983047 -0.068321958 -0.012684018 0.997582614 236.870666504
0.997446179 -0.018132042 0.069081306 18.170362473 0.017213738 0.999755800 0.013865265 -23.022630692 -0.069315828 -0.012640711 0.997514665 239.077102661
0.997414827 -0.018301414 0.069488332 18.415973663 0.017360641 0.999749541 0.014118507 -23.222166061 -0.069729321 -0.012875642 0.997482955 241.298706055
0.997371554 -0.018652491 0.070014410 18.660921097 0.017689871 0.999740601 0.014343876 -23.417388916 -0.070263796 -0.013067627 0.997442782 243.533233643
0.997338414 -0.019001985 0.070391260 18.907400131 0.018085619 0.999743521 0.013632735 -23.619455338 -0.070632242 -0.012323380 0.997426271 245.755050659
0.997343838 -0.018249493 0.070512995 19.159135818 0.017389828 0.999767005 0.012786314 -23.821464539 -0.070729904 -0.011526145 0.997428894 247.989227295
0.997330427 -0.018653769 0.070596986 19.419395447 0.017747968 0.999752164 0.013436169 -24.029216766 -0.070830114 -0.012147351 0.997414410 250.227310181
0.997305632 -0.020288127 0.070496701 19.677488327 0.019382089 0.999720812 0.013512642 -24.233831406 -0.070751160 -0.012109862 0.997420490 252.460403442
0.997306406 -0.020182805 0.070516169 19.941455841 0.019235218 0.999715626 0.014091325 -24.436120987 -0.070780516 -0.012696975 0.997411191 254.726150513
0.997274220 -0.020814709 0.070788391 20.181804657 0.019837311 0.999698281 0.014482474 -24.637275696 -0.071068481 -0.013038746 0.997386217 256.947448730
0.997244000 -0.021271924 0.071075886 20.444206238 0.020244040 0.999680281 0.015151061 -24.853675842 -0.071375452 -0.013670445 0.997355759 259.220642090
0.997209549 -0.021017522 0.071633972 20.697719574 0.020021103 0.999692857 0.014599704 -25.049247742 -0.071918845 -0.013124770 0.997324109 261.464752197
0.997188926 -0.021037109 0.071914740 20.957548141 0.020071192 0.999698699 0.014127826 -25.247146606 -0.072190292 -0.012644697 0.997310638 263.720733643
0.997160912 -0.020281602 0.072516277 21.218276978 0.019334732 0.999718666 0.013735570 -25.450727463 -0.072774462 -0.012294491 0.997272611 265.961334229
0.997089863 -0.019638455 0.073660590 21.473386765 0.018665535 0.999729514 0.013873458 -25.647230148 -0.073913112 -0.012458171 0.997186899 268.206146240
0.996982515 -0.019022016 0.075260043 21.727647781 0.018060256 0.999746442 0.013439240 -25.857641220 -0.075496614 -0.012039471 0.997073352 270.465698242
0.996871293 -0.019853592 0.076508395 21.994522095 0.018848889 0.999726653 0.013831768 -26.061109543 -0.076762103 -0.012346395 0.996972919 272.715515137
0.996705711 -0.019941201 0.078614719 22.246965408 0.018866219 0.999718428 0.014393261 -26.260456085 -0.078879610 -0.012862681 0.996801138 274.967498779
0.996608377 -0.019856667 0.079858616 22.522741318 0.018700941 0.999709606 0.015194180 -26.446664810 -0.080137141 -0.013649216 0.996690392 277.210052490
0.996529400 -0.019192886 0.080998488 22.805299759 0.017852331 0.999691904 0.017242329 -26.665494919 -0.081304491 -0.015736476 0.996564984 279.471069336
0.996435881 -0.018949905 0.082196407 23.084943771 0.017494489 0.999677837 0.018390873 -26.864082336 -0.082518436 -0.016887344 0.996446490 281.708160400
0.996339560 -0.017890410 0.083592243 23.359169006 0.016440911 0.999702871 0.017996503 -27.049570084 -0.083889365 -0.016556295 0.996337652 283.975860596
0.996240079 -0.016875081 0.084975868 23.626827240 0.015430632 0.999725580 0.017626589 -27.238449097 -0.085249990 -0.016249083 0.996227086 286.206146240
0.996279299 -0.016116293 0.084662989 23.927425385 0.014808180 0.999761343 0.016056245 -27.417356491 -0.084901564 -0.014742799 0.996280253 288.460449219
0.996222258 -0.016933177 0.085173108 24.200262070 0.015580771 0.999742091 0.016518131 -27.618268967 -0.085430868 -0.015128665 0.996229231 290.687438965
0.996122301 -0.016882900 0.086343274 24.456413269 0.015596584 0.999757409 0.015550698 -27.809803009 -0.086584873 -0.014143741 0.996144056 292.941711426
0.996139109 -0.017527265 0.086021349 24.741407394 0.016336277 0.999761105 0.014529803 -28.000904083 -0.086255454 -0.013068435 0.996187329 295.174530029
0.996139884 -0.017471997 0.086023264 25.022874832 0.016275821 0.999761105 0.014587032 -28.199527740 -0.086257584 -0.013130625 0.996186316 297.404144287
0.996131659 -0.016979463 0.086217031 25.303701401 0.015774488 0.999768376 0.014638212 -28.391422272 -0.086445622 -0.013221555 0.996168852 299.641571045
0.996055603 -0.016778134 0.087130204 25.562910080 0.015462691 0.999756396 0.015750540 -28.593502045 -0.087373257 -0.014341146 0.996072412 301.888793945
0.996042311 -0.017208926 0.087198533 25.849861145 0.015898844 0.999750316 0.015696499 -28.785942078 -0.087446906 -0.014248021 0.996067286 304.138977051
0.996005833 -0.016712343 0.087710410 26.138067245 0.015369751 0.999754488 0.015960196 -28.983551025 -0.087955594 -0.014548362 0.996018171 306.386474609
0.995989621 -0.017730804 0.087694652 26.427793503 0.016406316 0.999740541 0.015801240 -29.185094833 -0.087952062 -0.014299122 0.996021986 308.637054443
0.995938003 -0.018869160 0.088042460 26.717853546 0.017482832 0.999711096 0.016490839 -29.381973267 -0.088328205 -0.014884618 0.995980144 310.893829346
0.995902956 -0.018457849 0.088524915 27.007719040 0.017115748 0.999727130 0.015895966 -29.580465317 -0.088794187 -0.014315672 0.995947123 313.135742188
0.995933652 -0.018086327 0.088256709 27.308570862 0.016703568 0.999726236 0.016381091 -29.776840210 -0.088528834 -0.014840279 0.995963037 315.385406494
0.995869339 -0.016798103 0.089231983 27.594781876 0.015432928 0.999753416 0.015967201 -29.977313995 -0.089478210 -0.014524132 0.995882809 317.624877930
0.995850384 -0.014974791 0.089765251 27.876752853 0.013569100 0.999775887 0.016249534 -30.170051575 -0.089988485 -0.014964074 0.995830357 319.859741211
0.995787680 -0.014041127 0.090607099 28.164812088 0.012694458 0.999800503 0.015421980 -30.366168976 -0.090805575 -0.014206809 0.995767236 322.087707520
0.995761752 -0.013767692 0.090933658 28.454877853 0.012363298 0.999795675 0.015989453 -30.559677124 -0.091135211 -0.014797446 0.995728493 324.320678711
0.995780408 -0.013350015 0.090792000 28.754112244 0.011822552 0.999779761 0.017340831 -30.764932632 -0.091003492 -0.016194267 0.995718896 326.551544189
0.995702386 -0.013465286 0.091626555 29.030509949 0.011939977 0.999781191 0.017174911 -30.961921692 -0.091837771 -0.016007081 0.995645344 328.786285400
0.995709240 -0.014839699 0.091339163 29.330717087 0.013406823 0.999777555 0.016281074 -31.153713226 -0.091560468 -0.014986647 0.995686710 331.012145996
0.995697737 -0.014463906 0.091524482 29.618549347 0.013031491 0.999783397 0.016228948 -31.350955963 -0.091739379 -0.014966426 0.995670557 333.231903076
0.995659351 -0.014620966 0.091916658 29.905429840 0.013086116 0.999765098 0.017278867 -31.540630341 -0.092147686 -0.016001035 0.995616794 335.464813232
0.995689332 -0.015142666 0.091506369 30.207599640 0.013616457 0.999757946 0.017280132 -31.731369019 -0.091745876 -0.015959650 0.995654523 337.698516846
0.995667279 -0.014878257 0.091789730 30.490219116 0.013315188 0.999756157 0.017617766 -31.927780151 -0.092029467 -0.016319234 0.995622575 339.934265137
0.995661438 -0.014881478 0.091852181 30.785886765 0.013356457 0.999763072 0.017195443 -32.121726990 -0.092086308 -0.015894020 0.995624185 342.180816650
0.995650232 -0.014923153 0.091968313 31.075904846 0.013352724 0.999754727 0.017667513 -32.313186646 -0.092209421 -0.016362637 0.995605171 344.430206299
0.995678246 -0.014087006 0.091795594 31.363683701 0.012513822 0.999765217 0.017691014 -32.504528046 -0.092023216 -0.016465843 0.995620728 346.664123535
0.995696306 -0.013781144 0.091645516 31.655216217 0.012222831 0.999771535 0.017543288 -32.696689606 -0.091866329 -0.016347622 0.995637178 348.897735596
0.995635390 -0.013171426 0.092393987 31.944345474 0.011532861 0.999767005 0.018246125 -32.895828247 -0.092612796 -0.017100925 0.995555282 351.135253906
0.995692551 -0.013261908 0.091763332 32.242870331 0.011599925 0.999759257 0.018621357 -33.087242126 -0.091988213 -0.017476698 0.995606661 353.346313477
0.995703876 -0.012943934 0.091685608 32.530662537 0.011329626 0.999772012 0.018105621 -33.279312134 -0.091899052 -0.016989075 0.995623410 355.587677002
0.995716870 -0.012962555 0.091541395 32.819820404 0.011310992 0.999764204 0.018537555 -33.469139099 -0.091760114 -0.017422734 0.995628715 357.820404053
0.995798945 -0.012091536 0.090764575 33.119850159 0.010364105 0.999756515 0.019479245 -33.664508820 -0.090978011 -0.018456724 0.995681822 360.063354492
0.995819330 -0.012096365 0.090539955 33.415096283 0.010356036 0.999752879 0.019666854 -33.858856201 -0.090755492 -0.018647000 0.995698571 362.310974121
0.995873809 -0.012247753 0.089917913 33.713989258 0.010468760 0.999740481 0.020229660 -34.048461914 -0.090142354 -0.019204861 0.995743632 364.549560547
0.995916367 -0.012138788 0.089460164 34.006221771 0.010422588 0.999753058 0.019626193 -34.237747192 -0.089676328 -0.018613642 0.995796978 366.792816162
0.995929360 -0.012735214 0.089232214 34.292606354 0.011032181 0.999747932 0.019552695 -34.428611755 -0.089458726 -0.018488673 0.995818913 369.035614014
0.995905578 -0.012540324 0.089525700 34.573886871 0.010910657 0.999766231 0.018669575 -34.611427307 -0.089738891 -0.017616346 0.995809495 371.295837402
0.995997846 -0.013005999 0.088425972 34.871334076 0.011370932 0.999755383 0.018969497 -34.806999207 -0.088651061 -0.017888093 0.995902121 373.514190674
0.996020973 -0.012678379 0.088212550 35.162811279 0.010975952 0.999744475 0.019757533 -34.991249084 -0.088440508 -0.018710699 0.995905697 375.769500732
0.995972574 -0.012884757 0.088726796 35.440273285 0.011145568 0.999736428 0.020069288 -35.177497864 -0.088962004 -0.018999549 0.995853901 378.022857666
0.995966852 -0.013544778 0.088693947 35.729354858 0.011791818 0.999725223 0.020258378 -35.368064880 -0.088943966 -0.019130811 0.995852828 380.263916016
0.996000230 -0.013850218 0.088270351 36.028736115 0.012108843 0.999721944 0.020232825 -35.548656464 -0.088526033 -0.019083049 0.995890975 382.509277344
0.996005535 -0.013105387 0.088324711 36.322391510 0.011329768 0.999724090 0.020574749 -35.739723206 -0.088569984 -0.019491859 0.995879233 384.766967773
0.995986164 -0.011891026 0.088714264 36.602012634 0.010101513 0.999736845 0.020593431 -35.921806335 -0.088935815 -0.019614618 0.995844185 387.007781982
0.996011972 -0.011034675 0.088534035 36.899940491 0.009259589 0.999748290 0.020435443 -36.114997864 -0.088737242 -0.019534163 0.995863497 389.272979736
0.995995641 -0.009415107 0.088904276 37.186611176 0.007623757 0.999761462 0.020467309 -36.306560516 -0.089075767 -0.019707568 0.995829880 391.548889160
0.996013045 -0.007862411 0.088860676 37.478786469 0.005936594 0.999742210 0.021915879 -36.493095398 -0.089010082 -0.021300968 0.995802939 393.808441162
0.995928288 -0.006772613 0.089893490 37.755039215 0.004800788 0.999743462 0.022133233 -36.677284241 -0.090020336 -0.021611558 0.995705426 396.071228027
0.995853484 -0.006526396 0.090736292 38.043540955 0.004648636 0.999770880 0.020890640 -36.872753143 -0.090851851 -0.020382220 0.995655775 398.337463379
0.995817840 -0.006200045 0.091150142 38.335777283 0.004384649 0.999788284 0.020103317 -37.057464600 -0.091255486 -0.019619580 0.995634198 400.602050781
0.995682359 -0.007391719 0.092530690 38.612529755 0.005416601 0.999752522 0.021578507 -37.247486115 -0.092667289 -0.020984137 0.995476067 402.838714600
0.995683074 -0.008648773 0.092413433 38.920639038 0.006590223 0.999723792 0.022557441 -37.434249878 -0.092582993 -0.021851039 0.995465159 405.129058838
0.995647848 -0.009039844 0.092755087 39.214279175 0.007000261 0.999727011 0.022290774 -37.615901947 -0.092931263 -0.021544453 0.995439351 407.379638672
0.995600164 -0.008222074 0.093341447 39.523338318 0.006246462 0.999750614 0.021437913 -37.797187805 -0.093494430 -0.020760531 0.995403349 409.633148193
0.995551050 -0.007283754 0.093941115 39.827056885 0.005271395 0.999751627 0.021651890 -37.986045837 -0.094075486 -0.021060359 0.995342433 411.889099121
0.995498657 -0.006286984 0.094566360 40.127464294 0.004278155 0.999761164 0.021430286 -38.173156738 -0.094678484 -0.020929256 0.995287895 414.138763428
0.995378673 -0.004884984 0.095904469 40.427570343 0.002860139 0.999770343 0.021239271 -38.355026245 -0.095986225 -0.020866819 0.995163918 416.410919189
0.995354235 -0.005131282 0.096145213 40.742443085 0.003108307 0.999770880 0.021178808 -38.544361115 -0.096231863 -0.020781562 0.995141923 418.665557861
0.995244205 -0.004984915 0.097284019 41.042541504 0.002941070 0.999772191 0.021141147 -38.728057861 -0.097367242 -0.020754484 0.995032072 420.919067383
0.995178163 -0.005158605 0.097947374 41.343852997 0.003124969 0.999776721 0.020904597 -38.917968750 -0.098033324 -0.020497719 0.994971991 423.176666260
0.995110750 -0.005636736 0.098604560 41.652675629 0.003471392 0.999749362 0.022117671 -39.105350494 -0.098704532 -0.021667236 0.994880855 425.446258545
0.995047212 -0.004917203 0.099280939 41.956893921 0.002676482 0.999738991 0.022690101 -39.288761139 -0.099366568 -0.022311999 0.994800687 427.700805664
0.994962156 -0.004214318 0.100162670 42.271007538 0.001868572 0.999722064 0.023501661 -39.471847534 -0.100233875 -0.023196099 0.994693458 429.981170654
0.994960129 -0.005062497 0.100143671 42.581275940 0.002705801 0.999716520 0.023654986 -39.661632538 -0.100235052 -0.023264799 0.994691730 432.250396729
0.994912267 -0.005838224 0.100575559 42.900047302 0.003523657 0.999725163 0.023175510 -39.854240417 -0.100683220 -0.022703208 0.994659483 434.520233154
0.994904399 -0.004976497 0.100699365 43.221118927 0.002660663 0.999729156 0.023118747 -40.022617340 -0.100787140 -0.022733023 0.994648218 436.785858154
0.994858086 -0.005401520 0.101134807 43.540985107 0.003043195 0.999720037 0.023458410 -40.208522797 -0.101233199 -0.023030013 0.994596124 439.070465088
0.994894326 -0.005343327 0.100780383 43.868640900 0.002978933 0.999717057 0.023596769 -40.388706207 -0.100877956 -0.023176072 0.994628847 441.341522217
0.994885862 -0.004907186 0.100886039 44.199932098 0.002410065 0.999688089 0.024858896 -40.592391968 -0.100976557 -0.024488622 0.994587362 443.620239258
0.994846344 -0.005338270 0.101253554 44.521522522 0.002834758 0.999687016 0.024852971 -40.769409180 -0.101354562 -0.024437852 0.994550169 445.902862549
0.994814396 -0.005100665 0.101578936 44.833984375 0.002631912 0.999698222 0.024422998 -40.952819824 -0.101672858 -0.024029003 0.994527638 448.168609619
0.994820058 -0.004153172 0.101565994 45.158290863 0.001732261 0.999712527 0.023912426 -41.133018494 -0.101636112 -0.023612626 0.994541287 450.437835693
0.994769096 -0.003499431 0.102088720 45.474342346 0.001084898 0.999718726 0.023697253 -41.320198059 -0.102142915 -0.023462547 0.994492948 452.704589844
0.994693816 -0.003193919 0.102829874 45.787971497 0.000744281 0.999715209 0.023851819 -41.496093750 -0.102876760 -0.023648720 0.994413078 454.979980469
0.994673193 -0.003390349 0.103023119 46.103237152 0.000962088 0.999720752 0.023610612 -41.685729980 -0.103074402 -0.023385726 0.994398713 457.237518311
0.994699359 -0.002352658 0.102798432 46.436820984 -0.000006302 0.999736845 0.022941083 -41.869262695 -0.102825329 -0.022820130 0.994437635 459.521789551
0.994668305 -0.001719760 0.103111610 46.756954193 -0.000709522 0.999723136 0.023518426 -42.056022644 -0.103123516 -0.023466185 0.994391739 461.805541992
0.994710267 -0.001294145 0.102712288 47.083492279 -0.001252503 0.999693513 0.024725627 -42.238311768 -0.102712810 -0.024723485 0.994403720 464.084045410
0.994734287 -0.001236809 0.102479763 47.396038055 -0.001352421 0.999681652 0.025192427 -42.415718079 -0.102478318 -0.025198372 0.994415939 466.348480225
0.994878531 -0.001423965 0.101067975 47.729648590 -0.000994348 0.999714434 0.023873165 -42.592441559 -0.101073124 -0.023851395 0.994592965 468.629638672
0.994941652 -0.001293464 0.100446396 48.054504395 -0.001089013 0.999719441 0.023660429 -42.781726837 -0.100448824 -0.023650134 0.994661093 470.919982910
0.995003760 -0.002081017 0.099815190 48.368225098 -0.000413102 0.999688387 0.024960212 -42.970928192 -0.099836007 -0.024876736 0.994692981 473.196868896
0.995000124 -0.002228971 0.099848673 48.670112610 -0.000300789 0.999679565 0.025313733 -43.153667450 -0.099873088 -0.025217198 0.994680643 475.468292236
0.995117307 -0.001848991 0.098681912 48.992023468 -0.000572752 0.999699473 0.024506928 -43.314594269 -0.098697573 -0.024443790 0.994817197 477.753570557
0.995145321 -0.002136247 0.098393276 49.304904938 -0.000337326 0.999684334 0.025116161 -43.495868683 -0.098415874 -0.025027417 0.994830728 480.031616211
0.995155632 -0.002753538 0.098273136 49.617012024 0.000215376 0.999666274 0.025828909 -43.676769257 -0.098311469 -0.025682615 0.994824171 482.302825928
0.995159626 -0.003195115 0.098220348 49.920326233 0.000755307 0.999690473 0.024867298 -43.852523804 -0.098269403 -0.024672745 0.994853973 484.590270996
0.995233536 -0.003620581 0.097454540 50.236125946 0.001084844 0.999659896 0.026060110 -44.045204163 -0.097515754 -0.025830168 0.994898736 486.881805420
0.995304465 -0.003786012 0.096721128 50.550403595 0.001304793 0.999668777 0.025703723 -44.216377258 -0.096786387 -0.025456822 0.994979680 489.162689209
0.995318055 -0.003308485 0.096597135 50.855770111 0.000814421 0.999665499 0.025847260 -44.388725281 -0.096650347 -0.025647575 0.994987905 491.454681396
0.995386779 -0.002679442 0.095906138 51.169815063 0.000160154 0.999654889 0.026266333 -44.563961029 -0.095943436 -0.026129799 0.995043695 493.736083984
0.995366812 -0.002139556 0.096125863 51.463729858 -0.000372762 0.999658942 0.026110152 -44.739585876 -0.096148953 -0.026025010 0.995026648 496.032379150
0.995397508 -0.001821133 0.095814727 51.781322479 -0.000632581 0.999672890 0.025572326 -44.922409058 -0.095829964 -0.025515247 0.995070636 498.348876953
0.995408773 -0.001599659 0.095701806 52.083278656 -0.000924780 0.999652922 0.026328007 -45.100391388 -0.095710717 -0.026295630 0.995061815 500.647613525
0.995411038 -0.001355014 0.095681973 52.384162903 -0.001202260 0.999643743 0.026664097 -45.281410217 -0.095684014 -0.026656775 0.995054781 502.921386719
0.995434999 -0.000436749 0.095440842 52.689102173 -0.002054068 0.999659896 0.025998220 -45.459281921 -0.095419742 -0.026075581 0.995095551 505.205596924
0.995431185 -0.000110243 0.095481813 52.987754822 -0.002442460 0.999642730 0.026617682 -45.637413025 -0.095450617 -0.026729280 0.995075226 507.490173340
0.995459974 -0.000785009 0.095177747 53.295543671 -0.001697730 0.999660373 0.026001504 -45.821510315 -0.095165834 -0.026045041 0.995120645 509.778320312
0.995529056 -0.001608374 0.094441578 53.613346100 -0.000938282 0.999637306 0.026914805 -46.006793976 -0.094450630 -0.026883084 0.995166421 512.075317383
0.995501757 -0.001169281 0.094735704 53.912296295 -0.001403393 0.999632061 0.027085150 -46.181205750 -0.094732553 -0.027096266 0.995133877 514.375305176
0.995509446 -0.000506821 0.094660923 54.215923309 -0.002036126 0.999639690 0.026765227 -46.358383179 -0.094640382 -0.026837777 0.995149732 516.675659180
0.995478928 0.000375490 0.094981812 54.511142731 -0.002905810 0.999644518 0.026503135 -46.537799835 -0.094938099 -0.026659310 0.995126188 518.967712402
0.995420396 0.002165601 0.095569782 54.810310364 -0.004738162 0.999632299 0.026699422 -46.718345642 -0.095476821 -0.027029978 0.995064616 521.294982910
0.995330572 0.004268181 0.096430607 55.118453979 -0.006892649 0.999614358 0.026899444 -46.896949768 -0.096278608 -0.027438501 0.994976163 523.622253418
0.995245278 0.004941657 0.097274780 55.427162170 -0.007707008 0.999576092 0.028073052 -47.068485260 -0.097094841 -0.028689273 0.994861543 525.941162109
0.995182633 0.004419851 0.097938485 55.734573364 -0.007205918 0.999578834 0.028111696 -47.245529175 -0.097772963 -0.028682012 0.994795263 528.244201660
0.995145202 0.002410870 0.098388292 56.044776917 -0.005317552 0.999556899 0.029291449 -47.417922974 -0.098274082 -0.029672433 0.994716942 530.556396484
0.995110571 0.000771918 0.098763332 56.366485596 -0.003667489 0.999568522 0.029140094 -47.591770172 -0.098698229 -0.029359827 0.994684160 532.862670898
0.995076537 0.000704438 0.099106789 56.678470612 -0.003553292 0.999585450 0.028571734 -47.766181946 -0.099045575 -0.028783213 0.994666517 535.167358398
0.994987428 0.000238503 0.099999659 56.992881775 -0.003109799 0.999587297 0.028558167 -47.944068909 -0.099951565 -0.028725995 0.994577527 537.480041504
0.994893968 0.000873638 0.100921415 57.301071167 -0.003723702 0.999599457 0.028055498 -48.123641968 -0.100856498 -0.028288050 0.994498670 539.786376953
0.994772553 0.001489088 0.102105960 57.608806610 -0.004352137 0.999603510 0.027822943 -48.302692413 -0.102024041 -0.028121881 0.994384289 542.102050781
0.994657397 0.001863622 0.103214011 57.924613953 -0.004669135 0.999625981 0.026946582 -48.479572296 -0.103125185 -0.027284538 0.994294107 544.416687012
0.994526207 0.001951990 0.104469255 58.237056732 -0.004840525 0.999612689 0.027403239 -48.653038025 -0.104375318 -0.027758922 0.994150519 546.740966797
0.994445801 0.001772342 0.105235294 58.558158875 -0.004793914 0.999583244 0.028466534 -48.834735870 -0.105140984 -0.028812913 0.994039834 549.053588867
0.994356990 0.001712321 0.106071077 58.880935669 -0.004775422 0.999578595 0.028630579 -49.010429382 -0.105977364 -0.028975552 0.993946254 551.360595703
0.994427800 0.000513335 0.105418749 59.223770142 -0.003436108 0.999614596 0.027545609 -49.183990479 -0.105363980 -0.027754350 0.994046271 553.669494629
0.994426370 0.000097882 0.105433136 59.560962677 -0.003097182 0.999595106 0.028284056 -49.364631653 -0.105387688 -0.028452957 0.994024098 555.988525391
0.994353831 0.000291657 0.106114790 59.884998322 -0.003363695 0.999580324 0.028772315 -49.540336609 -0.106061868 -0.028966799 0.993937552 558.296264648
0.994305015 0.001013765 0.106567077 60.218551636 -0.004206812 0.999548733 0.029742263 -49.713745117 -0.106488854 -0.030021189 0.993860602 560.629882812
0.994288743 0.000492681 0.106722511 60.560066223 -0.003768291 0.999527872 0.030493289 -49.888755798 -0.106657118 -0.030721299 0.993821144 562.964355469
0.994246125 0.000958818 0.107115380 60.896541595 -0.004329774 0.999502480 0.031242197 -50.058410645 -0.107032128 -0.031526219 0.993755579 565.280700684
0.994188309 0.001967339 0.107637085 61.239753723 -0.005311402 0.999511719 0.030790083 -50.234756470 -0.107523955 -0.031182842 0.993713379 567.602966309
0.994223237 0.002710835 0.107297540 61.594882965 -0.005874424 0.999557078 0.029179193 -50.400749207 -0.107170902 -0.029640943 0.993798673 569.935058594
0.994207442 0.003116199 0.107433327 61.945594788 -0.006301759 0.999550045 0.029324776 -50.572975159 -0.107293606 -0.029831925 0.993779719 572.254333496
0.994183600 0.003010960 0.107656553 62.288452148 -0.006348322 0.999509394 0.030670816 -50.759353638 -0.107511386 -0.031175859 0.993714929 574.629760742
0.994177878 0.002934395 0.107711390 62.636596680 -0.006459191 0.999454379 0.032390177 -50.940074921 -0.107557602 -0.032897323 0.993654430 576.943298340
0.994075239 0.003570960 0.108634733 62.969303131 -0.006935082 0.999507487 0.030605242 -51.110877991 -0.108471923 -0.031177307 0.993610442 579.323974609
0.994116902 0.002873485 0.108274564 63.317161560 -0.006229201 0.999510229 0.030667178 -51.277748108 -0.108133413 -0.031161221 0.993647933 581.661926270
0.994062483 0.002686250 0.108777791 63.662330627 -0.006194799 0.999470890 0.031929202 -51.457382202 -0.108634479 -0.032413475 0.993553102 584.001464844
0.994124830 0.002997723 0.108198114 64.009948730 -0.006503959 0.999464512 0.032067377 -51.624736786 -0.108044051 -0.032582685 0.993611991 586.317565918
0.994078159 0.000581758 0.108665459 64.364852905 -0.003954606 0.999516964 0.030825907 -51.798416138 -0.108595043 -0.031073092 0.993600309 588.687316895
0.994092345 0.000220585 0.108536802 64.713943481 -0.003599206 0.999514878 0.030933890 -51.966953278 -0.108477324 -0.031141790 0.993611038 591.037048340
0.994098365 -0.001275270 0.108474232 65.055305481 -0.002130401 0.999508500 0.031274449 -52.134719849 -0.108460814 -0.031320974 0.993607104 593.374511719
0.994142473 -0.002229978 0.108054526 65.410430908 -0.001179632 0.999503613 0.031480342 -52.304565430 -0.108071104 -0.031423409 0.993646383 595.731262207
