1.000000000 0.000000000 0.000000000 0.000000000 0.000000000 1.000000000 0.000000000 0.000000000 0.000000000 0.000000000 1.000000000 0.000000000
0.999999881 0.000152447 0.000465827 0.085991882 -0.000152381 1.000000000 -0.000142604 -0.226016104 -0.000465848 0.000142533 0.999999881 2.289210796
0.999999106 0.000515590 0.001219931 0.164194107 -0.000516032 0.999999821 0.000362416 -0.462970108 -0.001219744 -0.000363046 0.999999166 4.586683273
0.999998391 0.000230370 0.001776506 0.262543708 -0.000231437 0.999999821 0.000600693 -0.694656849 -0.001776367 -0.000601104 0.999998212 6.876168728
0.999996483 0.000271999 0.002619221 0.355959386 -0.000269403 0.999999464 -0.000991635 -0.927795053 -0.002619489 0.000990925 0.999996066 9.174069405
0.999986768 0.002004903 0.004736528 0.446850091 -0.002006517 0.999997914 0.000336014 -1.162981391 -0.004735844 -0.000345513 0.999988735 11.480240822
0.999961734 0.004178516 0.007682144 0.528629065 -0.004191513 0.999989808 0.001676463 -1.393598437 -0.007675061 -0.001708599 0.999969065 13.791084290
0.999940753 0.004054819 0.010096570 0.636460304 -0.004099899 0.999981701 0.004448113 -1.623435736 -0.010078349 -0.004489245 0.999939084 16.064165115
0.999937594 0.003792729 0.010500003 0.755544186 -0.003846549 0.999979556 0.005110373 -1.849740267 -0.010480406 -0.005150445 0.999931753 18.403783798
0.999926805 0.002857997 0.011752401 0.869614363 -0.002919414 0.999982119 0.005212037 -2.075236082 -0.011737297 -0.005245967 0.999917388 20.689403534
0.999926448 0.000612759 0.012112834 0.995079637 -0.000645651 0.999996126 0.002711781 -2.297961712 -0.012111128 -0.002719401 0.999922931 23.010765076
0.999915183 -0.001620838 0.012919666 1.103312612 0.001614291 0.999998569 0.000517143 -2.516515493 -0.012920486 -0.000496243 0.999916375 25.292615891
0.999915421 -0.002398966 0.012784904 1.238859892 0.002399921 0.999997258 -0.000059339 -2.762785196 -0.012784724 0.000090016 0.999918222 27.598880768
0.999904931 -0.002176052 0.013611270 1.348077774 0.002188982 0.999997258 -0.000935181 -2.990566730 -0.013609198 0.000964887 0.999906898 29.886257172
0.999900639 0.000286227 0.014093157 1.472405791 -0.000307202 0.999998808 0.001486167 -3.221392632 -0.014092715 -0.001490348 0.999899566 32.181385040
0.999898732 0.002337709 0.014041054 1.602962136 -0.002388588 0.999990642 0.003607904 -3.442637682 -0.014032490 -0.003641076 0.999894857 34.465728760
0.999860764 0.004329887 0.016113069 1.710646868 -0.004462374 0.999956489 0.008195522 -3.682479382 -0.016076883 -0.008266283 0.999836564 36.774272919
0.999835908 0.006154841 0.017034268 1.824994802 -0.006286531 0.999950707 0.007688129 -3.900233984 -0.016986106 -0.007793953 0.999825299 39.047374725
0.999808490 0.005415848 0.018805359 1.930540323 -0.005522861 0.999968827 0.005643219 -4.099742413 -0.018774213 -0.005745998 0.999807239 41.348045349
0.999810755 0.003015843 0.019221338 2.052809238 -0.003107534 0.999983907 0.004742195 -4.326329708 -0.019206725 -0.004801028 0.999804080 43.625045776
0.999812663 0.003006042 0.019121150 2.191346645 -0.003070752 0.999989569 0.003355713 -4.547374725 -0.019110866 -0.003413800 0.999811649 45.873371124
0.999813199 0.002330098 0.019186139 2.319138050 -0.002381170 0.999993682 0.002639542 -4.780099869 -0.019179864 -0.002684734 0.999812424 48.148090363
0.999816477 0.000264962 0.019156514 2.456855297 -0.000321627 0.999995589 0.002954978 -5.009590626 -0.019155644 -0.002960596 0.999812245 50.427669525
0.999799252 -0.000428798 0.020032447 2.589111090 0.000364604 0.999994755 0.003208088 -5.233240128 -0.020033715 -0.003200140 0.999794304 52.697563171
0.999792874 -0.001609047 0.020290093 2.724639893 0.001545470 0.999993861 0.003148724 -5.463751793 -0.020295035 -0.003116714 0.999789238 54.979171753
0.999760628 -0.001955964 0.021788571 2.851504326 0.001882183 0.999992371 0.003406244 -5.693408966 -0.021795070 -0.003364419 0.999756813 57.284931183
0.999744594 -0.003183869 0.022374079 2.992437363 0.003093258 0.999986887 0.004083260 -5.920493603 -0.022386786 -0.004013009 0.999741316 59.554584503
0.999704540 -0.004608657 0.023866924 3.121842861 0.004528220 0.999983907 0.003423137 -6.144659519 -0.023882316 -0.003314050 0.999709249 61.818958282
0.999692500 -0.005469147 0.024190793 3.274141550 0.005396266 0.999980688 0.003077011 -6.368714333 -0.024207154 -0.002945524 0.999702632 64.071426392
0.999663949 -0.004966115 0.025440920 3.414376736 0.004874768 0.999981403 0.003651317 -6.592570305 -0.025458587 -0.003526072 0.999669671 66.340499878
0.999647498 -0.003925934 0.026258240 3.564584017 0.003821884 0.999984622 0.004011609 -6.821275711 -0.026273586 -0.003909838 0.999647141 68.601737976
0.999614358 -0.004216132 0.027444433 3.703752518 0.004119087 0.999985039 0.003591604 -7.046730518 -0.027459159 -0.003477173 0.999616861 70.858055115
0.999603152 -0.004950852 0.027731804 3.863148212 0.004888164 0.999985337 0.002327846 -7.273797035 -0.027742915 -0.002191364 0.999612808 73.115936279
0.999584973 -0.005818301 0.028213691 4.019436836 0.005738819 0.999979317 0.002897236 -7.504913330 -0.028229967 -0.002734120 0.999597669 75.391746521
0.999542117 -0.006968166 0.029444490 4.177159309 0.006897883 0.999973059 0.002487844 -7.738484859 -0.029461036 -0.002283600 0.999563277 77.656127930
0.999538302 -0.007860668 0.029347524 4.333326817 0.007803760 0.999967456 0.002053104 -7.969066143 -0.029362706 -0.001823135 0.999567270 79.915824890
0.999508321 -0.008364596 0.030215818 4.480750084 0.008313939 0.999963880 0.001801757 -8.189724922 -0.030229798 -0.001549659 0.999541819 82.169860840
0.999492288 -0.007487094 0.030969426 4.648246288 0.007431403 0.999970555 0.001912973 -8.425051689 -0.030982837 -0.001681855 0.999518514 84.445213318
0.999437213 -0.007290739 0.032744952 4.800153732 0.007212640 0.999970794 0.002502525 -8.646872520 -0.032762248 -0.002264939 0.999460638 86.698364258
0.999434710 -0.007021068 0.032877773 4.971711636 0.006895931 0.999968529 0.003917996 -8.884082794 -0.032904241 -0.003689058 0.999451697 88.979820251
0.999408722 -0.006007729 0.033853903 5.132375717 0.005847000 0.999971151 0.004844696 -9.113929749 -0.033882033 -0.004643888 0.999415040 91.230415344
0.999384522 -0.005760726 0.034603700 5.299713135 0.005597267 0.999972641 0.004818734 -9.336491585 -0.034630518 -0.004622082 0.999389470 93.469146729
0.999365807 -0.005750855 0.035141230 5.464680195 0.005623732 0.999977291 0.003715281 -9.553005219 -0.035161793 -0.003515301 0.999375403 95.696273804
0.999332726 -0.006244530 0.035987098 5.632423878 0.006104196 0.999973357 0.004008108 -9.775204659 -0.036011159 -0.003785761 0.999344230 97.946540833
0.999304593 -0.006013070 0.036799163 5.794429779 0.005890072 0.999976814 0.003449884 -10.005956650 -0.036819052 -0.003230736 0.999316752 100.195449829
0.999238372 -0.005991541 0.038559198 5.945497513 0.005828724 0.999973536 0.004333558 -10.222893715 -0.038584147 -0.004105506 0.999246895 102.424385071
0.999236465 -0.006169204 0.038579565 6.142913818 0.005997950 0.999971569 0.004553204 -10.452828407 -0.038606554 -0.004318330 0.999245286 104.697334290
0.999197185 -0.007103592 0.039427135 6.316945076 0.006910779 0.999963522 0.005024508 -10.668231964 -0.039461389 -0.004748002 0.999209762 106.934036255
0.999177217 -0.008616793 0.039630305 6.502000809 0.008417863 0.999951124 0.005183708 -10.887423515 -0.039673030 -0.004845840 0.999200940 109.189125061
0.999139547 -0.009730468 0.040317517 6.679126740 0.009490457 0.999936044 0.006140171 -11.112986565 -0.040374678 -0.005752256 0.999168038 111.445587158
0.999119043 -0.010536234 0.040621795 6.869371414 0.010351733 0.999935150 0.004749601 -11.336627960 -0.040669207 -0.004324912 0.999163270 113.711395264
0.999073267 -0.010879016 0.041645091 7.048546791 0.010719793 0.999934375 0.004044736 -11.561180115 -0.041686356 -0.003594560 0.999124408 115.965789795
0.999034464 -0.011165153 0.042490348 7.229463100 0.010981998 0.999929368 0.004541495 -11.790608406 -0.042538062 -0.004070482 0.999086559 118.217277527
0.998982310 -0.011391861 0.043639340 7.416176796 0.011170164 0.999923468 0.005320652 -12.014966965 -0.043696608 -0.004827779 0.999033272 120.490203857
0.998977482 -0.012169584 0.043540321 7.620086670 0.011918311 0.999910772 0.006025991 -12.242273331 -0.043609768 -0.005500901 0.999033451 122.698356628
0.998911321 -0.012972880 0.044809174 7.814757824 0.012738506 0.999903619 0.005512103 -12.469147682 -0.044876371 -0.004935300 0.998980343 125.011680603
0.998874426 -0.013405882 0.045499459 7.995773315 0.013200331 0.999901295 0.004815157 -12.695514679 -0.045559518 -0.004209128 0.998952746 127.276535034
0.998855531 -0.014969909 0.045426119 8.184354782 0.014744233 0.999877214 0.005298987 -12.915719986 -0.045499872 -0.004623149 0.998953760 129.536926270
0.998878956 -0.016086759 0.044518679 8.371780396 0.015853263 0.999858677 0.005592960 -13.132466316 -0.044602364 -0.004880924 0.998992920 131.780364990
0.998938322 -0.016361810 0.043065127 8.568321228 0.016087784 0.999848068 0.006702044 -13.350261688 -0.043168247 -0.006002106 0.999049842 134.017105103
0.998982966 -0.017346498 0.041618668 8.747752190 0.017093034 0.999833107 0.006438442 -13.572074890 -0.041723412 -0.005720504 0.999112785 136.261001587
0.999054313 -0.018157823 0.039504927 8.955743790 0.017930999 0.999820709 0.006088335 -13.787975311 -0.039608385 -0.005374216 0.999200881 138.490798950
0.999039233 -0.018673079 0.039648008 9.120615005 0.018440941 0.999810636 0.006212752 -14.012545586 -0.039756510 -0.005475636 0.999194384 140.777542114
0.999032378 -0.019157305 0.039589576 9.292715073 0.018934553 0.999802768 0.005993872 -14.219088554 -0.039696597 -0.005238463 0.999198020 143.010742188
0.999071717 -0.019207867 0.038558882 9.480979919 0.018925261 0.999791384 0.007680926 -14.453081131 -0.038698368 -0.006944058 0.999226928 145.258804321
0.999087751 -0.018264823 0.038601212 9.656064987 0.018031761 0.999817073 0.006377296 -14.666546822 -0.038710646 -0.005675430 0.999234319 147.508087158
0.999103427 -0.016993411 0.038779318 9.830724716 0.016813014 0.999846280 0.004973332 -14.885168076 -0.038857877 -0.004316875 0.999235451 149.771652222
0.999111950 -0.015596208 0.039142173 10.006078720 0.015444737 0.999872029 0.004169190 -15.108120918 -0.039202187 -0.003560947 0.999224961 152.025299072
0.999116838 -0.014948288 0.039265972 10.190271378 0.014795702 0.999881804 0.004173696 -15.327301025 -0.039323725 -0.003589043 0.999220073 154.268493652
0.999101400 -0.014152200 0.039951548 10.374073029 0.013976146 0.999891341 0.004682546 -15.547452927 -0.040013473 -0.004119970 0.999190629 156.531936646
0.999108911 -0.013110649 0.040116996 10.551043510 0.012879600 0.999898911 0.006012426 -15.772466660 -0.040191773 -0.005490378 0.999176919 158.771362305
0.999059379 -0.012476296 0.041529141 10.729969025 0.012201765 0.999902010 0.006857523 -15.988953590 -0.041610628 -0.006344344 0.999113739 161.004089355
0.999041975 -0.011372939 0.042257484 10.906884193 0.011018389 0.999902189 0.008613710 -16.211172104 -0.042351313 -0.008139847 0.999069631 163.296310425
0.999015689 -0.010919199 0.042993836 11.092704773 0.010606590 0.999915659 0.007492435 -16.413635254 -0.043072022 -0.007029041 0.999047220 165.560852051
0.998980999 -0.010284326 0.043945216 11.286596298 0.010021702 0.999930620 0.006192298 -16.628997803 -0.044005848 -0.005745583 0.999014735 167.809143066
0.998918474 -0.008306352 0.045749411 11.469671249 0.008012419 0.999946058 0.006604523 -16.845932007 -0.045801796 -0.006230815 0.998931110 170.043121338
0.998782814 -0.008159293 0.048644822 11.661094666 0.007859273 0.999948919 0.006355600 -17.069664001 -0.048694186 -0.005965552 0.998795927 172.341064453
0.998665512 -0.008390707 0.050958157 11.862531662 0.008099601 0.999949694 0.005916485 -17.284074783 -0.051005237 -0.005495849 0.998683274 174.615112305
0.998584330 -0.008268186 0.052544594 12.070307732 0.007932933 0.999946713 0.006585697 -17.506263733 -0.052596252 -0.006159540 0.998596847 176.875671387
0.998535872 -0.008808582 0.053370103 12.271453857 0.008432624 0.999938071 0.007265425 -17.717834473 -0.053430788 -0.006804738 0.998548329 179.100830078
0.998526931 -0.010073329 0.053314220 12.489755630 0.009708485 0.999927700 0.007097882 -17.945505142 -0.053381868 -0.006569826 0.998552561 181.375289917
0.998490632 -0.010898706 0.053830605 12.687295914 0.010553033 0.999921858 0.006701593 -18.157821655 -0.053899448 -0.006123401 0.998527586 183.619964600
0.998571932 -0.012383638 0.051968761 12.928452492 0.012059788 0.999905884 0.006540590 -18.382841110 -0.052044868 -0.005904519 0.998627245 185.859741211
0.998574436 -0.014292905 0.051426366 13.136370659 0.013924725 0.999874830 0.007510563 -18.605068207 -0.051527280 -0.006783757 0.998648524 188.104080200
0.998591542 -0.015209645 0.050830223 13.346869469 0.014880918 0.999865890 0.006839344 -18.815771103 -0.050927430 -0.006073311 0.998683870 190.345794678
0.998559177 -0.016006315 0.051217306 13.547198296 0.015683932 0.999854624 0.006690140 -19.037071228 -0.051316939 -0.005877211 0.998665094 192.586837769
0.998518050 -0.017043535 0.051684525 13.734645844 0.016730681 0.999839008 0.006479753 -19.250514984 -0.051786650 -0.005605432 0.998642504 194.823577881
0.998570561 -0.016055778 0.050980430 13.971267700 0.015731452 0.999853432 0.006756692 -19.483989716 -0.051081441 -0.005945037 0.998676896 197.108459473
0.998578548 -0.013923716 0.051448766 14.173805237 0.013603253 0.999885798 0.006573747 -19.695636749 -0.051534418 -0.005864531 0.998654127 199.346237183
0.998579443 -0.011976616 0.051920105 14.368947983 0.011656859 0.999911129 0.006457060 -19.916105270 -0.051992834 -0.005842662 0.998630285 201.578399658
0.998554945 -0.011589821 0.052474789 14.578398705 0.011315915 0.999920785 0.005513867 -20.131792068 -0.052534532 -0.004912099 0.998607039 203.834411621
0.998513460 -0.011881903 0.053193517 14.775304794 0.011567154 0.999913692 0.006221007 -20.345607758 -0.053262845 -0.005596462 0.998564899 206.053558350
0.998502672 -0.013468445 0.053018548 15.008701324 0.013157960 0.999894142 0.006200907 -20.569818497 -0.053096458 -0.005494006 0.998574197 208.316360474
0.998444200 -0.012998086 0.054224569 15.213713646 0.012692322 0.999901533 0.005979443 -20.773649216 -0.054296952 -0.005281904 0.998510897 210.560913086
0.998390198 -0.013383904 0.055117350 15.446240425 0.012979025 0.999886096 0.007697188 -21.009559631 -0.055214096 -0.006969427 0.998450220 212.804412842
0.998331785 -0.012016159 0.056473065 15.680055618 0.011591304 0.999902070 0.007844688 -21.223478317 -0.056561798 -0.007177006 0.998373330 215.034820557
0.998150051 -0.010108337 0.059952617 15.877368927 0.009656214 0.999922693 0.007826285 -21.430257797 -0.060027093 -0.007232890 0.998170555 217.277221680
0.998019338 -0.010236488 0.062069137 16.102924347 0.009744904 0.999918759 0.008217508 -21.643001556 -0.062148210 -0.007596374 0.998037994 219.512695312
0.997897267 -0.011451025 0.063795500 16.336799622 0.010920587 0.999902904 0.008657142 -21.850826263 -0.063888438 -0.007942255 0.997925460 221.746459961
0.997796059 -0.012802496 0.065108426 16.568328857 0.012213991 0.999880970 0.009428870 -22.060367584 -0.065221369 -0.008612854 0.997833669 223.982391357
0.997730255 -0.014723874 0.065708369 16.815134048 0.014171306 0.999860287 0.008867610 -22.277877808 -0.065829761 -0.007916307 0.997799456 226.216567993
0.997695029 -0.015895065 0.065969691 17.053926468 0.015366351 0.999845624 0.008514234 -22.485782623 -0.066094853 -0.007480895 0.997785270 228.467437744
0.997656882 -0.016501551 0.066396430 17.292804718 0.015948756 0.999833524 0.008847207 -22.696973801 -0.066531405 -0.007767536 0.997754037 230.704574585
0.997599661 -0.017665390 0.066953696 17.529680252 0.017171927 0.999820948 0.007938603 -22.908826828 -0.067081958 -0.006769824 0.997724414 232.945007324
0.997586787 -0.018707350 0.066862538 17.796062469 0.018133255 0.999793351 0.009182869 -23.131324768 -0.067020498 -0.007948273 0.997719944 235.238372803
0.997557580 -0.018604524 0.067326076 18.040086746 0.018025009 0.999795139 0.009204913 -23.339611053 -0.067483522 -0.007968877 0.997688591 237.480575562
0.997519493 -0.018265173 0.067980155 18.276134491 0.017685963 0.999802172 0.009112398 -23.547672272 -0.068133153 -0.007887500 0.997645080 239.702423096
0.997483671 -0.018460309 0.068450063 18.519224167 0.017866232 0.999797404 0.009281057 -23.756727219 -0.068607502 -0.008034759 0.997611463 241.932556152
0.997445047 -0.018667491 0.068955809 18.765472412 0.018069515 0.999793530 0.009285529 -23.962814331 -0.069114916 -0.008015804 0.997576475 244.173965454
0.997413158 -0.018598035 0.069434218 19.011648178 0.018050266 0.999800742 0.008508189 -24.176725388 -0.069578625 -0.007232872 0.997550249 246.406265259
0.997425437 -0.018147064 0.069377311 19.267805099 0.017650383 0.999813914 0.007765539 -24.391889572 -0.069505341 -0.006521010 0.997560263 248.643432617
0.997402668 -0.018410841 0.069633499 19.517072678 0.017880075 0.999806225 0.008237876 -24.604362488 -0.069771670 -0.006971428 0.997538567 250.881454468
0.997381508 -0.019758547 0.069568433 19.771013260 0.019238813 0.999781847 0.008133062 -24.817167282 -0.069713950 -0.006773351 0.997544050 253.110076904
0.997391641 -0.019805508 0.069408834 20.035097122 0.019239662 0.999776065 0.008811500 -25.030769348 -0.069567800 -0.007453112 0.997549355 255.370712280
0.997353077 -0.020442154 0.069778144 20.270862579 0.019864559 0.999762535 0.008961555 -25.242849350 -0.069944777 -0.007551722 0.997522235 257.591094971
0.997331917 -0.020698804 0.070003524 20.532157898 0.020088524 0.999753833 0.009410721 -25.456352234 -0.070181087 -0.007979347 0.997502327 259.860961914
0.997311115 -0.020450871 0.070372857 20.787811279 0.019886203 0.999764264 0.008715292 -25.662630081 -0.070534520 -0.007292409 0.997482657 262.101226807
0.997280955 -0.020312620 0.070838861 21.043687820 0.019789474 0.999771535 0.008079037 -25.870044708 -0.070986792 -0.006655207 0.997455001 264.358978271
0.997254848 -0.019514635 0.071427986 21.300832748 0.019017002 0.999790072 0.007640372 -26.087667465 -0.071562089 -0.006261052 0.997416437 266.598999023
0.997190118 -0.018751554 0.072527550 21.554147720 0.018242683 0.999804080 0.007672302 -26.296348572 -0.072657213 -0.006327646 0.997336984 268.843963623
0.997068286 -0.018328788 0.074288979 21.802619934 0.017825430 0.999813497 0.007433128 -26.526353836 -0.074411362 -0.006087103 0.997209072 271.105285645
0.996978402 -0.019047761 0.075308420 22.072095871 0.018504353 0.999797583 0.007907043 -26.745363235 -0.075443789 -0.006489618 0.997128963 273.351989746
0.996809363 -0.019342480 0.077439688 22.322000504 0.018720379 0.999786437 0.008751387 -26.957889557 -0.077592432 -0.007273764 0.996958554 275.595062256
0.996688426 -0.019268250 0.078998543 22.590583801 0.018577635 0.999782622 0.009467878 -27.156322479 -0.079163790 -0.007968917 0.996829748 277.835540771
0.996633172 -0.018658813 0.079838619 22.872146606 0.017810956 0.999777257 0.011318734 -27.384138107 -0.080032028 -0.009858621 0.996743500 280.092346191
0.996554315 -0.018455125 0.080863610 23.151586533 0.017511908 0.999770343 0.012358112 -27.595764160 -0.081073098 -0.010899453 0.996648550 282.327239990
0.996473372 -0.017379122 0.082090385 23.420455933 0.016439063 0.999791503 0.012113603 -27.791969299 -0.082283780 -0.010721396 0.996551275 284.568817139
0.996368468 -0.016325472 0.083566055 23.681491852 0.015423918 0.999815822 0.011422808 -27.991973877 -0.083737142 -0.010092411 0.996436715 286.792144775
0.996314704 -0.015373256 0.084383748 23.960462570 0.014583560 0.999843895 0.009966855 -28.187618256 -0.084523804 -0.008699507 0.996383488 289.053741455
0.996262312 -0.016132979 0.084859394 24.233446121 0.015324842 0.999830842 0.010166099 -28.399700165 -0.085009046 -0.008827644 0.996341050 291.280120850
0.996174037 -0.016013512 0.085911855 24.486970901 0.015297913 0.999842584 0.008981429 -28.601558685 -0.086042166 -0.007632793 0.996262193 293.563964844
0.996204674 -0.016512731 0.085461147 24.770816803 0.015867574 0.999840260 0.008222949 -28.809545517 -0.085583284 -0.006835679 0.996307552 295.790588379
0.996194839 -0.016422806 0.085592791 25.048625946 0.015782788 0.999842346 0.008148845 -29.021699905 -0.085713118 -0.006766946 0.996296883 298.023162842
0.996197879 -0.015769240 0.085680306 25.328557968 0.015118276 0.999851763 0.008241192 -29.229677200 -0.085797571 -0.006914519 0.996288598 300.261108398
0.996119559 -0.015448113 0.086643159 25.588413239 0.014695158 0.999848545 0.009321433 -29.448417664 -0.086774021 -0.008012028 0.996195734 302.491363525
0.996130288 -0.015619216 0.086489625 25.874897003 0.014861935 0.999845445 0.009392804 -29.657470703 -0.086622968 -0.008071054 0.996208429 304.735290527
0.996095359 -0.014842060 0.087027296 26.157619476 0.014062913 0.999855399 0.009559209 -29.868122101 -0.087156586 -0.008298025 0.996160030 306.985107422
0.996088862 -0.015769353 0.086937606 26.441781998 0.014970201 0.999839544 0.009836588 -30.089410782 -0.087078758 -0.008496642 0.996165156 309.240722656
0.996055603 -0.017018678 0.087083489 26.726875305 0.016183428 0.999816120 0.010288401 -30.299766541 -0.087242559 -0.008838509 0.996147871 311.509643555
0.996018648 -0.016698478 0.087567270 27.012350082 0.015924416 0.999827802 0.009530762 -30.509315491 -0.087711342 -0.008098361 0.996113002 313.755737305
0.996038318 -0.016398476 0.087399594 27.302898407 0.015560689 0.999826312 0.010258460 -30.722915649 -0.087552622 -0.008857823 0.996120632 316.000427246
0.995993853 -0.014634461 0.088215098 27.590452194 0.013868275 0.999860644 0.009292098 -30.933521271 -0.088338777 -0.008031483 0.996058047 318.256683350
0.995972693 -0.013014883 0.088706583 27.869852066 0.012166279 0.999874890 0.010100403 -31.146350861 -0.088826947 -0.008980495 0.996006548 320.495758057
0.995918632 -0.011876020 0.089470938 28.150745392 0.011023544 0.999889195 0.010016072 -31.360879898 -0.089579955 -0.008988906 0.995939016 322.730895996
0.995860994 -0.010865317 0.090237543 28.428688049 0.009969396 0.999896526 0.010373285 -31.565231323 -0.090340912 -0.009430736 0.995866239 324.969818115
0.995845139 -0.010447944 0.090461850 28.722167969 0.009416819 0.999885738 0.011817784 -31.783653259 -0.090575002 -0.010916820 0.995829761 327.197570801
0.995811701 -0.010772409 0.090790942 29.007034302 0.009741579 0.999883056 0.011789388 -31.998102188 -0.090907328 -0.010855565 0.995800138 329.436492920
0.995829105 -0.012321686 0.090401441 29.307121277 0.011379968 0.999875486 0.010925144 -32.202522278 -0.090524800 -0.009850809 0.995845497 331.677001953
0.995833457 -0.011762404 0.090428285 29.595504761 0.010834202 0.999883533 0.010748525 -32.412296295 -0.090544194 -0.009724022 0.995844901 333.896636963
0.995808005 -0.011804434 0.090703107 29.882490158 0.010760444 0.999870241 0.011990393 -32.616893768 -0.090832867 -0.010964124 0.995805740 336.127868652
0.995864034 -0.012495164 0.089992508 30.187875748 0.011473360 0.999863744 0.011862700 -32.819557190 -0.090128474 -0.010781119 0.995871782 338.364959717
0.995865285 -0.012290752 0.090008296 30.473060608 0.011242163 0.999862969 0.012147659 -33.029472351 -0.090145268 -0.011085542 0.995866954 340.605499268
0.995924115 -0.012451159 0.089331627 30.773010254 0.011440038 0.999864697 0.011821849 -33.237319946 -0.089466721 -0.010751707 0.995931804 342.847076416
0.995942831 -0.012627114 0.089097343 31.062210083 0.011578732 0.999857545 0.012273773 -33.441768646 -0.089239642 -0.011192343 0.995947242 345.089538574
0.995997369 -0.012158032 0.088550851 31.351503372 0.011113599 0.999862790 0.012278231 -33.644104004 -0.088687994 -0.011244967 0.995995998 347.326782227
0.996049523 -0.012080113 0.087973274 31.639974594 0.011044593 0.999863923 0.012248153 -33.848407745 -0.088109277 -0.011228140 0.996047556 349.570617676
0.996060193 -0.011689917 0.087905541 31.922908783 0.010611384 0.999862671 0.012726565 -34.057434082 -0.088042259 -0.011743626 0.996047437 351.814239502
0.996104717 -0.011962222 0.087362610 32.206398010 0.010866432 0.999856353 0.013007828 -34.257934570 -0.087505639 -0.012007838 0.996091664 354.041687012
0.996122837 -0.011688238 0.087193385 32.487106323 0.010640989 0.999865651 0.012465830 -34.462612152 -0.087327376 -0.011489674 0.996113420 356.281219482
0.996167600 -0.011840131 0.086658791 32.774513245 0.010748853 0.999857008 0.013048650 -34.666912079 -0.086800918 -0.012067159 0.996152520 358.516052246
0.996205330 -0.011465017 0.086275265 33.058574677 0.010307582 0.999850988 0.013849146 -34.871704102 -0.086421177 -0.012907302 0.996175051 360.762207031
0.996259570 -0.011696026 0.085615478 33.346008301 0.010544395 0.999847889 0.013891086 -35.076549530 -0.085764915 -0.012936362 0.996231556 363.002746582
0.996311903 -0.011514612 0.085028544 33.632511139 0.010338745 0.999844909 0.014256504 -35.275436401 -0.085179500 -0.013324837 0.996276498 365.240600586
0.996354759 -0.011580014 0.084515832 33.916423798 0.010468700 0.999852955 0.013580536 -35.478302002 -0.084660679 -0.012646260 0.996329606 367.500030518
0.996380448 -0.012149003 0.084133178 34.195617676 0.011057558 0.999848664 0.013426719 -35.681053162 -0.084283575 -0.012447814 0.996364057 369.751464844
0.996366024 -0.012137177 0.084304579 34.465351105 0.011113788 0.999858916 0.012597921 -35.880455017 -0.084445596 -0.011615200 0.996360362 372.007781982
0.996439576 -0.012024556 0.083448090 34.750812531 0.011024153 0.999861717 0.012438786 -36.084487915 -0.083586141 -0.011474553 0.996434450 374.252655029
0.996525288 -0.011949536 0.082429044 35.037620544 0.010911079 0.999855459 0.013037197 -36.285766602 -0.082572915 -0.012092507 0.996511638 376.496246338
0.996440768 -0.011639394 0.083488181 35.304428101 0.010539458 0.999851882 0.013603458 -36.489120483 -0.083634160 -0.012675120 0.996415913 378.758422852
0.996442378 -0.012157145 0.083395079 35.583152771 0.011034147 0.999842227 0.013913724 -36.696434021 -0.083551079 -0.012944032 0.996419430 381.005737305
0.996467233 -0.012166017 0.083095893 35.867874146 0.011054867 0.999843419 0.013818944 -36.891521454 -0.083250992 -0.012851513 0.996445715 383.268188477
0.996459365 -0.011306213 0.083311915 36.148513794 0.010168365 0.999849319 0.014069355 -37.096656799 -0.083458431 -0.013172393 0.996424198 385.523193359
0.996473789 -0.010197907 0.083282694 36.430934906 0.009058680 0.999860346 0.014045451 -37.291679382 -0.083414309 -0.013241491 0.996427000 387.791290283
0.996489525 -0.008983631 0.083233953 36.713722229 0.007842029 0.999870777 0.014032379 -37.502239227 -0.083349273 -0.013330394 0.996431172 390.062988281
0.996469975 -0.007751131 0.083591513 36.985050201 0.006602829 0.999880254 0.014004777 -37.705768585 -0.083690040 -0.013403403 0.996401668 392.336608887
0.996460259 -0.006455150 0.083816387 37.257427216 0.005174467 0.999866664 0.015487880 -37.906528473 -0.083905198 -0.014999354 0.996360838 394.589660645
0.996411204 -0.005403673 0.084471896 37.531154633 0.004082710 0.999866724 0.015802851 -38.108917236 -0.084546037 -0.015401265 0.996300519 396.858886719
0.996339023 -0.004960456 0.085346371 37.807128906 0.003749366 0.999890089 0.014344728 -38.317287445 -0.085408136 -0.013972219 0.996248007 399.125762939
0.996272564 -0.004791160 0.086128220 38.081481934 0.003622100 0.999899209 0.013724644 -38.518222809 -0.086185306 -0.013361519 0.996189535 401.391082764
0.996163726 -0.005649552 0.087327428 38.355651855 0.004376835 0.999881506 0.014758701 -38.717124939 -0.087400466 -0.014319863 0.996070266 403.636352539
0.996178806 -0.007520208 0.087012194 38.644573212 0.006146941 0.999852419 0.016039668 -38.923027039 -0.087119989 -0.015443518 0.996078134 405.916473389
0.996135116 -0.008015750 0.087468028 38.924705505 0.006633200 0.999848604 0.016085586 -39.123428345 -0.087583721 -0.015443224 0.996037483 408.170501709
0.996078253 -0.006278259 0.088253476 39.234855652 0.004981448 0.999876499 0.014906736 -39.311660767 -0.088336162 -0.014408644 0.995986521 410.446105957
0.996016681 -0.005705285 0.088985063 39.519733429 0.004347869 0.999871314 0.015440830 -39.517383575 -0.089061700 -0.014992428 0.995913267 412.702972412
0.995976627 -0.003498194 0.089544095 39.828437805 0.002177829 0.999887526 0.014838870 -39.725582123 -0.089585915 -0.014584157 0.995872319 414.975097656
0.995920837 -0.002731012 0.090190262 40.126117706 0.001393499 0.999888122 0.014889543 -39.925498962 -0.090220854 -0.014703123 0.995813251 417.240875244
0.995870352 -0.002960435 0.090738684 40.420738220 0.001626726 0.999889612 0.014768780 -40.128597260 -0.090772390 -0.014560185 0.995765209 419.493621826
0.995781004 -0.003064641 0.091710724 40.708011627 0.001718879 0.999889731 0.014749377 -40.327217102 -0.091745831 -0.014529509 0.995676458 421.744262695
0.995694637 -0.003218151 0.092637591 40.995040894 0.001883048 0.999893129 0.014495930 -40.529495239 -0.092674337 -0.014259078 0.995594382 424.003784180
0.995647609 -0.003673563 0.093125686 41.295124054 0.002243738 0.999878049 0.015453760 -40.728042603 -0.093171097 -0.015177550 0.995534360 426.277893066
0.995588303 -0.002796000 0.093786441 41.587421417 0.001289222 0.999869108 0.016122799 -40.925827026 -0.093819253 -0.015930755 0.995461762 428.529632568
0.995513439 -0.001943129 0.094601095 41.888412476 0.000359193 0.999859571 0.016757460 -41.122577667 -0.094620347 -0.016648294 0.995374203 430.804901123
0.995521665 -0.002408974 0.094502211 42.192039490 0.000846544 0.999862373 0.016569870 -41.317340851 -0.094529130 -0.016415669 0.995386720 433.080810547
0.995490909 -0.003087438 0.094806403 42.496658325 0.001583171 0.999871671 0.015937848 -41.524047852 -0.094843440 -0.015715888 0.995368123 435.343658447
0.995502770 -0.002356827 0.094703421 42.809963226 0.000831104 0.999869287 0.016146747 -41.711200714 -0.094729111 -0.015995428 0.995374560 437.613769531
0.995470881 -0.002831210 0.095024794 43.118064880 0.001259454 0.999861479 0.016596382 -41.914218903 -0.095058605 -0.016401540 0.995336533 439.898254395
0.995523334 -0.002832471 0.094474211 43.430122375 0.001270516 0.999861598 0.016589195 -42.109622955 -0.094508111 -0.016394898 0.995389104 442.171386719
0.995510817 -0.001547656 0.094634987 43.756526947 -0.000069611 0.999854088 0.017083835 -42.309478760 -0.094647601 -0.017013725 0.995365441 444.464538574
0.995469868 -0.002060141 0.095056169 44.060462952 0.000410787 0.999849021 0.017367676 -42.506603241 -0.095077619 -0.017249951 0.995320380 446.738311768
0.995453656 -0.002038694 0.095225021 44.360286713 0.000416768 0.999854565 0.017049342 -42.708461761 -0.095245928 -0.016932139 0.995309770 449.001007080
0.995472014 -0.001474235 0.095044889 44.666267395 -0.000119987 0.999859393 0.016765460 -42.909378052 -0.095056266 -0.016700946 0.995331764 451.263793945
0.995397210 -0.000864469 0.095831595 44.963481903 -0.000722846 0.999863148 0.016527632 -43.113861084 -0.095832758 -0.016520835 0.995260298 453.524902344
0.995324612 -0.000094926 0.096586511 45.264263153 -0.001495132 0.999864519 0.016390005 -43.302474976 -0.096574984 -0.016457787 0.995189607 455.803924561
0.995286405 -0.000328890 0.096978821 45.561649323 -0.001239648 0.999869406 0.016113333 -43.507438660 -0.096971452 -0.016157601 0.995155990 458.065246582
0.995337903 0.000425725 0.096448444 45.884891510 -0.001919172 0.999879658 0.015392165 -43.709041595 -0.096430287 -0.015505507 0.995218933 460.353668213
0.995304346 0.001453534 0.096783303 46.190250397 -0.003003147 0.999869525 0.015867423 -43.909828186 -0.096747607 -0.016083568 0.995178998 462.638641357
0.995295823 0.001736274 0.096866451 46.492771149 -0.003421681 0.999845564 0.017235888 -44.109439850 -0.096821561 -0.017486254 0.995148242 464.910614014
0.995338619 0.001739785 0.096426062 46.791664124 -0.003426106 0.999844015 0.017325424 -44.301376343 -0.096380860 -0.017575027 0.995189488 467.174560547
0.995464027 0.001384272 0.095128767 47.107444763 -0.002978378 0.999857426 0.016617399 -44.504467010 -0.095092192 -0.016825354 0.995326281 469.457641602
0.995498061 0.001443583 0.094770625 47.418151855 -0.003008513 0.999861419 0.016372010 -44.709804535 -0.094733857 -0.016583422 0.995364487 471.755767822
0.995596528 0.000879596 0.093737736 47.725158691 -0.002515750 0.999846518 0.017337853 -44.914489746 -0.093708105 -0.017497329 0.995445907 474.042266846
0.995591521 0.000635636 0.093793072 48.015888214 -0.002277860 0.999845922 0.017402997 -45.111862183 -0.093767561 -0.017539924 0.995439649 476.319061279
0.995683610 0.000502956 0.092811018 48.320697784 -0.002109165 0.999849677 0.017208947 -45.304306030 -0.092788428 -0.017330423 0.995535016 478.616882324
0.995720804 0.000404227 0.092411585 48.624324799 -0.002051449 0.999840677 0.017730542 -45.501312256 -0.092389680 -0.017844247 0.995563030 480.901702881
0.995756626 -0.000328368 0.092024483 48.927425385 -0.001380320 0.999827802 0.018503495 -45.702053070 -0.092014723 -0.018552000 0.995584786 483.175964355
0.995766521 -0.000602787 0.091916963 49.218990326 -0.001049144 0.999838829 0.017922610 -45.896957397 -0.091912970 -0.017943174 0.995605350 485.455627441
0.995821118 -0.001006365 0.091320291 49.516719818 -0.000696722 0.999826431 0.018615806 -46.101551056 -0.091323182 -0.018601634 0.995647609 487.741516113
0.995908797 -0.001725631 0.090346672 49.813362122 0.000060169 0.999830186 0.018433614 -46.287067413 -0.090363123 -0.018352762 0.995739758 490.005584717
0.995915174 -0.001213973 0.090285495 50.106006622 -0.000477073 0.999824882 0.018706044 -46.475891113 -0.090292402 -0.018672707 0.995740175 492.310821533
0.995974004 -0.000454091 0.089640796 50.405185699 -0.001245143 0.999820590 0.018899202 -46.666366577 -0.089633293 -0.018934730 0.995794833 494.598754883
0.995963931 0.000053350 0.089754581 50.686359406 -0.001720203 0.999827504 0.018493973 -46.859088898 -0.089738116 -0.018573727 0.995792150 496.901672363
0.996004462 0.000181405 0.089303195 50.993694305 -0.001808000 0.999833941 0.018133746 -47.064357758 -0.089285083 -0.018222751 0.995839357 499.214385986
0.996039987 0.000427345 0.088905267 51.282661438 -0.002106314 0.999821186 0.018791953 -47.257911682 -0.088881344 -0.018904801 0.995862722 501.507659912
0.996046007 0.000804164 0.088835500 51.569416046 -0.002518138 0.999812782 0.019183399 -47.457099915 -0.088803448 -0.019331248 0.995861530 503.784301758
0.996051729 0.001879607 0.088753946 51.854919434 -0.003517854 0.999826372 0.018305494 -47.651081085 -0.088704102 -0.018545443 0.995885491 506.066802979
0.996052086 0.002131834 0.088744149 52.136585236 -0.003838809 0.999810815 0.019068558 -47.849342346 -0.088686705 -0.019333953 0.995871902 508.353424072
0.996066153 0.001741437 0.088595480 52.425571442 -0.003363742 0.999829352 0.018165374 -48.047000885 -0.088548720 -0.018391928 0.995902002 510.649597168
0.996102273 0.001120653 0.088200167 52.724624634 -0.002813181 0.999814212 0.019067664 -48.249023438 -0.088162407 -0.019241467 0.995920241 512.947753906
0.996133327 0.001446338 0.087842524 53.020977020 -0.003132488 0.999813437 0.019060338 -48.439952850 -0.087798551 -0.019261803 0.995952010 515.261535645
0.996147931 0.002318037 0.087657757 53.312458038 -0.003996683 0.999811888 0.018979341 -48.637081146 -0.087597288 -0.019256573 0.995969832 517.568054199
0.996121705 0.003214044 0.087926030 53.593532562 -0.004872576 0.999814153 0.018654689 -48.833469391 -0.087849729 -0.019010777 0.995952368 519.863525391
0.996073365 0.005288304 0.088373266 53.881835938 -0.006991337 0.999795496 0.018972501 -49.035614014 -0.088254884 -0.019515852 0.995906711 522.210021973
0.995918155 0.007537242 0.089944199 54.157524109 -0.009286241 0.999775529 0.019042784 -49.229400635 -0.089780472 -0.019800298 0.995764732 524.534179688
0.995954633 0.008808556 0.089423761 54.471393585 -0.010629513 0.999745309 0.019907482 -49.417167664 -0.089225620 -0.020777477 0.995794713 526.871398926
0.995875597 0.008471095 0.090332545 54.755165100 -0.010302132 0.999750435 0.019823009 -49.612079620 -0.090142064 -0.020671871 0.995714366 529.179199219
0.995815754 0.006704432 0.091137730 55.038833618 -0.008691098 0.999732792 0.021419127 -49.805309296 -0.090969779 -0.022121593 0.995607913 531.494262695
0.995782971 0.005112633 0.091597594 55.341663361 -0.007062704 0.999754965 0.020978058 -49.994590759 -0.091467895 -0.021536516 0.995575130 533.812438965
0.995767832 0.005067738 0.091764838 55.643753052 -0.006974764 0.999766052 0.020472905 -50.187400818 -0.091639608 -0.021026293 0.995570242 536.130859375
0.995693326 0.004802027 0.092583828 55.942630768 -0.006688999 0.999775946 0.020081695 -50.380050659 -0.092466652 -0.020614503 0.995502353 538.449523926
0.995617390 0.005267217 0.093371704 56.238864899 -0.007124472 0.999783099 0.019568821 -50.579555511 -0.093248375 -0.020148283 0.995438993 540.770812988
0.995538592 0.005971569 0.094165258 56.537834167 -0.007807781 0.999786258 0.019143527 -50.776023865 -0.094030805 -0.019793343 0.995372534 543.094116211
0.995469093 0.006331449 0.094873928 56.848178864 -0.008086268 0.999803066 0.018123308 -50.971466064 -0.094740495 -0.018808369 0.995324373 545.419616699
0.995367050 0.006162382 0.095950216 57.139522552 -0.008012007 0.999789238 0.018903596 -51.177074432 -0.095813505 -0.019584773 0.995206535 547.753601074
0.995307446 0.006207928 0.096562915 57.445343018 -0.008151220 0.999771774 0.019743191 -51.374485016 -0.096418306 -0.020437654 0.995131075 550.074462891
0.995221019 0.006229763 0.097450033 57.743125916 -0.008171802 0.999775589 0.019542154 -51.564804077 -0.097306438 -0.020245105 0.995048523 552.369628906
0.995280445 0.005015242 0.096910372 58.064975739 -0.006840838 0.999805152 0.018514920 -51.759529114 -0.096798643 -0.019090487 0.995120883 554.680297852
0.995306730 0.004957349 0.096643128 58.383705139 -0.006843501 0.999792278 0.019194977 -51.960315704 -0.096527919 -0.019766267 0.995133996 556.996154785
0.995242357 0.005169922 0.097292818 58.689178467 -0.007103228 0.999783933 0.019535139 -52.155113220 -0.097170793 -0.020133298 0.995064020 559.305358887
0.995235741 0.005834288 0.097322963 59.006618500 -0.007855806 0.999760985 0.020400990 -52.348705292 -0.097180679 -0.021068344 0.995043755 561.638793945
0.995261788 0.005206424 0.097092062 59.329658508 -0.007286540 0.999751151 0.021081904 -52.547317505 -0.096958153 -0.021689482 0.995052040 563.966674805
0.995214880 0.005790177 0.097538210 59.645095825 -0.007944120 0.999732792 0.021709220 -52.737102509 -0.097386450 -0.022380192 0.994994998 566.284545898
0.995192528 0.006655988 0.097711727 59.969104767 -0.008733802 0.999744415 0.020852437 -52.931598663 -0.097547971 -0.021605581 0.994996190 568.608764648
0.995202541 0.007751105 0.097528353 60.298069000 -0.009694529 0.999763489 0.019468682 -53.121398926 -0.097354382 -0.020320773 0.995042324 570.928710938
0.995190620 0.008237160 0.097610146 60.631004333 -0.010212594 0.999752700 0.019755669 -53.320533752 -0.097423270 -0.020657513 0.995028675 573.250793457
0.995184362 0.007801666 0.097709022 60.948928833 -0.009886909 0.999733210 0.020875385 -53.523414612 -0.097520076 -0.021740897 0.994996011 575.623535156
0.995212913 0.007794660 0.097418673 61.279792786 -0.010005052 0.999702990 0.022221733 -53.723518372 -0.097216539 -0.023090038 0.994995356 577.936706543
0.995061994 0.008379865 0.098901272 61.570617676 -0.010455023 0.999735534 0.020482505 -53.915275574 -0.098703474 -0.021415375 0.994886339 580.322753906
0.995121658 0.007471712 0.098372333 61.896949768 -0.009458318 0.999760389 0.019743931 -54.099357605 -0.098201230 -0.020578049 0.994953752 582.662109375
0.995113432 0.007143620 0.098479614 62.219570160 -0.009340798 0.999717236 0.021868005 -54.310775757 -0.098295547 -0.022681024 0.994898796 584.986389160
0.995159686 0.007443969 0.097988389 62.541236877 -0.009654480 0.999709010 0.022104120 -54.502563477 -0.097795315 -0.022943156 0.994942069 587.305419922
0.995136380 0.004468538 0.098404966 62.866584778 -0.006540102 0.999763548 0.020738913 -54.702087402 -0.098289035 -0.021281622 0.994930327 589.664123535
0.995164156 0.004097346 0.098140322 63.193870544 -0.006151944 0.999768138 0.020641865 -54.892532349 -0.098032981 -0.021145800 0.994958460 592.013793945
0.995175660 0.002432942 0.098079182 63.511692047 -0.004521214 0.999767661 0.021075062 -55.086566925 -0.098005116 -0.021416828 0.994955361 594.351928711
0.995211184 0.001670223 0.097733766 63.843074799 -0.003754329 0.999769390 0.021144297 -55.281585693 -0.097675912 -0.021409966 0.994987965 596.713317871
