1.000000000 0.000000000 0.000000000 0.000000000 0.000000000 1.000000000 0.000000000 0.000000000 0.000000000 0.000000000 1.000000000 0.000000000
0.999999940 -0.000039228 0.000352937 0.087868042 0.000039274 1.000000000 -0.000130185 -0.228466839 -0.000352932 0.000130199 0.999999940 2.285796881
0.999999344 0.000263225 0.001054547 0.168056250 -0.000263693 0.999999881 0.000443816 -0.467275083 -0.001054430 -0.000444093 0.999999285 4.579802513
0.999998868 -0.000143614 0.001516955 0.266366899 0.000142666 0.999999821 0.000625534 -0.699292779 -0.001517044 -0.000625317 0.999998629 6.865639210
0.999997199 -0.000175308 0.002328369 0.362375110 0.000177814 0.999999404 -0.001076022 -0.932046175 -0.002328179 0.001076433 0.999996722 9.159662247
0.999989331 0.001516944 0.004352927 0.454313040 -0.001517813 0.999998808 0.000196361 -1.166635752 -0.004352625 -0.000202967 0.999990523 11.464912415
0.999974906 0.003097331 0.006371378 0.566834450 -0.003106022 0.999994218 0.001354533 -1.400635719 -0.006367146 -0.001374289 0.999978721 13.749116898
0.999954224 0.002917215 0.009109234 0.666486263 -0.002953525 0.999987721 0.003975148 -1.629925728 -0.009097528 -0.004001871 0.999950588 16.028493881
0.999942780 0.003552546 0.010089929 0.758326411 -0.003607671 0.999978602 0.005450444 -1.856766939 -0.010070353 -0.005486534 0.999934256 18.320940018
0.999918759 0.002729888 0.012456091 0.856311321 -0.002800446 0.999980092 0.005650599 -2.080752373 -0.012440417 -0.005685022 0.999906421 20.618253708
0.999926746 0.000450916 0.012093185 0.985329628 -0.000486415 0.999995589 0.002932659 -2.297832489 -0.012091808 -0.002938327 0.999922574 22.909803391
0.999912739 -0.001784701 0.013089117 1.090656161 0.001775334 0.999998093 0.000727222 -2.515359163 -0.013090389 -0.000703921 0.999914050 25.189208984
0.999911487 -0.002063827 0.013139773 1.226424336 0.002054633 0.999997616 0.000713147 -2.769194365 -0.013141217 -0.000686086 0.999913394 27.499460220
0.999889016 -0.001721138 0.014802679 1.323981047 0.001732055 0.999998212 -0.000724708 -2.989747286 -0.014801407 0.000750267 0.999890149 29.785394669
0.999888062 0.000499042 0.014955567 1.460334539 -0.000529151 0.999997854 0.002009343 -3.220083952 -0.014954532 -0.002017032 0.999886155 32.046955109
0.999891460 0.002391472 0.014543713 1.595581293 -0.002449268 0.999989212 0.003957440 -3.438936949 -0.014534095 -0.003992631 0.999886453 34.327102661
0.999851644 0.004780058 0.016546570 1.710225582 -0.004912275 0.999956250 0.007959228 -3.670304298 -0.016507804 -0.008039331 0.999831438 36.641941071
0.999832988 0.006674644 0.017012510 1.832422018 -0.006799689 0.999950230 0.007302999 -3.886773586 -0.016962919 -0.007417459 0.999828637 38.913352966
0.999801457 0.005714880 0.019094689 1.935395956 -0.005824982 0.999966681 0.005715432 -4.091904640 -0.019061388 -0.005825522 0.999801338 41.211505890
0.999810636 0.003238797 0.019189620 2.062575102 -0.003323903 0.999984741 0.004404727 -4.315968513 -0.019175062 -0.004467677 0.999806166 43.488811493
0.999816000 0.003108758 0.018935144 2.196997166 -0.003186086 0.999986708 0.004055002 -4.548082352 -0.018922290 -0.004114585 0.999812603 45.728298187
0.999810040 0.002526065 0.019327093 2.315604448 -0.002581033 0.999992609 0.002819696 -4.774737835 -0.019319821 -0.002869044 0.999809265 48.000858307
0.999812365 0.001351159 0.019323153 2.452986717 -0.001412989 0.999993920 0.003186443 -5.002439022 -0.019318733 -0.003213148 0.999808192 50.277633667
0.999796748 0.000671376 0.020149155 2.583454132 -0.000740161 0.999993920 0.003406524 -5.224510670 -0.020146741 -0.003420745 0.999791205 52.540485382
0.999792814 -0.000567245 0.020346241 2.720541000 0.000501795 0.999994636 0.003221791 -5.453170300 -0.020347960 -0.003210914 0.999787867 54.821876526
0.999762654 -0.001044780 0.021757971 2.845932484 0.000961707 0.999992192 0.003828133 -5.686178207 -0.021761803 -0.003806300 0.999755859 57.118072510
0.999746859 -0.002392166 0.022372060 2.984842062 0.002294168 0.999987662 0.004405012 -5.910962582 -0.022382323 -0.004352572 0.999739945 59.386497498
0.999708414 -0.003833781 0.023837883 3.113986492 0.003742041 0.999985397 0.003891917 -6.137070179 -0.023852454 -0.003801580 0.999708235 61.654384613
0.999688864 -0.004605687 0.024515403 3.263816833 0.004515145 0.999982774 0.003747310 -6.362273693 -0.024532236 -0.003635454 0.999692559 63.907691956
0.999657631 -0.004186088 0.025829086 3.405798912 0.004079722 0.999983132 0.004169360 -6.583535671 -0.025846096 -0.004062557 0.999657810 66.174827576
0.999631882 -0.003252208 0.026934408 3.553025484 0.003134027 0.999985278 0.004428776 -6.809778690 -0.026948413 -0.004342733 0.999627411 68.430534363
0.999588728 -0.003469473 0.028464714 3.690960884 0.003352861 0.999985814 0.004143386 -7.035194397 -0.028478688 -0.004046244 0.999586225 70.683555603
0.999580681 -0.004390922 0.028620897 3.856988907 0.004314384 0.999986947 0.002735410 -7.259113789 -0.028632531 -0.002610781 0.999586582 72.932754517
0.999558091 -0.005251938 0.029258203 4.014172554 0.005153886 0.999980867 0.003425706 -7.488545418 -0.029275630 -0.003273399 0.999566019 75.200492859
0.999520421 -0.006371161 0.030306002 4.179196358 0.006290314 0.999976397 0.002762279 -7.718957901 -0.030322881 -0.002570320 0.999536932 77.464263916
0.999518156 -0.007555485 0.030104110 4.340115547 0.007479507 0.999968529 0.002635663 -7.947078705 -0.030123074 -0.002409229 0.999543309 79.693222046
0.999489486 -0.008056243 0.030918809 4.489397526 0.007982792 0.999965012 0.002498307 -8.167737961 -0.030937852 -0.002250213 0.999518812 81.948890686
0.999470651 -0.007427879 0.031673975 4.663345814 0.007364549 0.999970615 0.002115594 -8.396943092 -0.031688768 -0.001881210 0.999496043 84.227172852
0.999420285 -0.007136191 0.033290561 4.822643280 0.007041544 0.999970675 0.002959460 -8.621542931 -0.033310708 -0.002723327 0.999441385 86.476257324
0.999416173 -0.007259474 0.033386379 4.988646507 0.007127197 0.999966264 0.004079289 -8.856373787 -0.033414871 -0.003838956 0.999434114 88.767280579
0.999389887 -0.006402251 0.034333773 5.149069786 0.006249386 0.999970078 0.004557764 -9.082299232 -0.034361936 -0.004340420 0.999399960 91.019844055
0.999363959 -0.006573214 0.035049118 5.317624092 0.006418773 0.999969184 0.004517105 -9.305525780 -0.035077725 -0.004289259 0.999375403 93.273284912
0.999343276 -0.007041917 0.035545044 5.486465454 0.006899083 0.999967575 0.004139436 -9.524632454 -0.035573043 -0.003891489 0.999359488 95.522895813
0.999310732 -0.007033943 0.036447950 5.649890423 0.006873786 0.999966145 0.004517579 -9.748920441 -0.036478493 -0.004263930 0.999325454 97.772972107
0.999276280 -0.006849046 0.037414391 5.812909603 0.006702776 0.999969363 0.004033492 -9.979557991 -0.037440863 -0.003779794 0.999291718 100.017509460
0.999201596 -0.006864227 0.039357200 5.965977192 0.006667379 0.999964714 0.005130661 -10.196586609 -0.039391033 -0.004864155 0.999212027 102.247833252
0.999203324 -0.007346986 0.039227191 6.165843964 0.007152930 0.999961495 0.005085079 -10.423683167 -0.039263044 -0.004800439 0.999217391 104.511436462
0.999168038 -0.008189286 0.039952159 6.343780994 0.007958267 0.999950707 0.005938008 -10.641017914 -0.039998826 -0.005615118 0.999183953 106.738700867
0.999130070 -0.009560578 0.040591180 6.525213718 0.009314303 0.999937057 0.006252029 -10.857975960 -0.040648405 -0.005868511 0.999156237 108.985519409
0.999095798 -0.010788678 0.041124094 6.710485458 0.010504878 0.999919474 0.007110949 -11.080582619 -0.041197497 -0.006672516 0.999128759 111.239746094
0.999074459 -0.011277658 0.041508202 6.900110245 0.011048287 0.999922454 0.005751161 -11.302034378 -0.041569840 -0.005287244 0.999121606 113.492225647
0.999032736 -0.011614035 0.042409107 7.081352234 0.011411516 0.999922276 0.005014342 -11.520783424 -0.042464048 -0.004525540 0.999087751 115.731208801
0.998987198 -0.012162540 0.043320075 7.265541553 0.011947658 0.999915004 0.005215743 -11.745362282 -0.043379828 -0.004692888 0.999047637 117.975898743
0.998929739 -0.012483394 0.044536203 7.452319145 0.012224682 0.999906778 0.006076706 -11.965080261 -0.044607900 -0.005525762 0.998989224 120.230087280
0.998898983 -0.013019030 0.045072135 7.652284145 0.012713009 0.999894142 0.007069665 -12.192749023 -0.045159403 -0.006488878 0.998958766 122.437782288
0.998866916 -0.013819900 0.045540202 7.847995758 0.013550070 0.999888778 0.006228465 -12.406060219 -0.045621205 -0.005604334 0.998943090 124.693489075
0.998827100 -0.014412805 0.046224691 8.032721519 0.014180216 0.999885142 0.005355643 -12.628584862 -0.046296556 -0.004693885 0.998916686 126.963111877
0.998816431 -0.016035782 0.045920014 8.225933075 0.015792258 0.999859214 0.005661182 -12.844821930 -0.046004333 -0.004929300 0.998929083 129.218917847
0.998850882 -0.017160531 0.044748340 8.420954704 0.016910976 0.999839246 0.005949519 -13.061079025 -0.044843253 -0.005185943 0.998980582 131.460052490
0.998925328 -0.017401859 0.042957552 8.622960091 0.017100880 0.999826610 0.007364026 -13.281201363 -0.043078255 -0.006621500 0.999049783 133.690536499
0.998971105 -0.018610381 0.041359358 8.812147141 0.018348182 0.999809146 0.006710201 -13.497572899 -0.041476347 -0.005944428 0.999121785 135.921432495
0.999053299 -0.019404424 0.038935110 9.023013115 0.019173523 0.999796391 0.006295154 -13.710574150 -0.039049335 -0.005542671 0.999221921 138.144607544
0.999026954 -0.020053759 0.039281446 9.188920975 0.019813666 0.999782622 0.006491985 -13.935679436 -0.039403096 -0.005707358 0.999207079 140.435165405
0.999015570 -0.020429043 0.039379016 9.358206749 0.020194510 0.999775946 0.006344397 -14.141448975 -0.039499808 -0.005542912 0.999204218 142.667922974
0.999050498 -0.020529903 0.038426913 9.544878006 0.020244636 0.999764621 0.007798003 -14.371799469 -0.038577963 -0.007012660 0.999230981 144.920944214
0.999067605 -0.019617835 0.038458444 9.718385696 0.019372761 0.999789655 0.006734797 -14.586278915 -0.038582478 -0.005983470 0.999237478 147.165267944
0.999085248 -0.018476240 0.038565751 9.896471024 0.018290048 0.999819338 0.005175170 -14.803062439 -0.038654402 -0.004465065 0.999242663 149.403457642
0.999100208 -0.016676221 0.038994193 10.070682526 0.016515154 0.999853730 0.004448961 -15.025543213 -0.039062668 -0.003800963 0.999229550 151.645629883
0.999113023 -0.015869604 0.039002694 10.255151749 0.015711728 0.999867082 0.004350957 -15.240500450 -0.039066564 -0.003734298 0.999229610 153.878158569
0.999097705 -0.015132916 0.039683875 10.429855347 0.014952946 0.999876559 0.004828025 -15.458689690 -0.039752036 -0.004230278 0.999200642 156.134552002
0.999096036 -0.014370061 0.040007357 10.622701645 0.014137574 0.999881566 0.006088028 -15.682446480 -0.040090106 -0.005516917 0.999180853 158.353012085
0.999053776 -0.013772842 0.041253123 10.791272163 0.013499023 0.999884903 0.006908805 -15.903664589 -0.041343540 -0.006345391 0.999124825 160.628250122
0.999030709 -0.012874647 0.042092353 10.976823807 0.012509827 0.999881923 0.008919084 -16.123920441 -0.042202212 -0.008383870 0.999073923 162.864700317
0.999004185 -0.012339099 0.042876001 11.161533356 0.012014665 0.999897242 0.007816267 -16.331062317 -0.042968042 -0.007293342 0.999049842 165.120986938
0.998957932 -0.011758254 0.044100385 11.352875710 0.011465318 0.999910653 0.006889570 -16.549665451 -0.044177450 -0.006376766 0.999003351 167.355773926
0.998875320 -0.010014349 0.046342894 11.535564423 0.009692982 0.999927402 0.007154096 -16.763839722 -0.046411172 -0.006696849 0.998899996 169.594223022
0.998738587 -0.009223420 0.049358066 11.718850136 0.008840834 0.999929190 0.007963944 -16.983842850 -0.049428023 -0.007517531 0.998749435 171.821899414
0.998631358 -0.009818469 0.051369809 11.934513092 0.009440889 0.999926627 0.007587728 -17.207744598 -0.051440548 -0.007092367 0.998650789 174.071563721
0.998557210 -0.010089859 0.052740443 12.144609451 0.009669865 0.999919474 0.008212576 -17.426116943 -0.052819066 -0.007690734 0.998574495 176.332901001
0.998516083 -0.010463130 0.053443503 12.355303764 0.009977654 0.999906540 0.009342677 -17.639545441 -0.053536270 -0.008795572 0.998527110 178.562728882
0.998497367 -0.011845493 0.053504348 12.555740356 0.011379582 0.999894857 0.009004162 -17.858591080 -0.053605374 -0.008381775 0.998526990 180.792922974
0.998428762 -0.012914881 0.054528475 12.750197411 0.012461643 0.999885023 0.008643781 -18.067869186 -0.054633845 -0.007950685 0.998474777 183.042526245
0.998530447 -0.014199232 0.052302729 12.982221603 0.013764773 0.999867737 0.008657534 -18.288043976 -0.052418746 -0.007924874 0.998593688 185.269119263
0.998535156 -0.016101742 0.051657174 13.191343307 0.015643919 0.999834716 0.009254878 -18.501010895 -0.051797662 -0.008433200 0.998621941 187.517791748
0.998555839 -0.016822236 0.051022630 13.401825905 0.016386794 0.999825656 0.008940698 -18.711339951 -0.051164139 -0.008091688 0.998657525 189.760482788
0.998515248 -0.018437367 0.051257446 13.596694946 0.018005081 0.999798417 0.008882681 -18.934494019 -0.051410887 -0.007946600 0.998645961 192.001220703
0.998481810 -0.019430596 0.051541295 13.786334991 0.018995127 0.999779701 0.008925442 -19.144662857 -0.051703367 -0.007932859 0.998631001 194.236251831
0.998510897 -0.019226858 0.051052328 14.012475014 0.018793939 0.999783278 0.008946550 -19.368366241 -0.051213279 -0.007973752 0.998655915 196.496780396
0.998526514 -0.017039862 0.051519599 14.212826729 0.016608128 0.999823391 0.008796486 -19.575244904 -0.051660389 -0.007927881 0.998633265 198.735961914
0.998536706 -0.014775638 0.052018750 14.410876274 0.014335182 0.999858260 0.008830200 -19.794061661 -0.052141853 -0.008071581 0.998607039 200.959045410
0.998508036 -0.014213361 0.052721720 14.618032455 0.013799471 0.999871135 0.008206228 -20.007806778 -0.052831557 -0.007466452 0.998575509 203.205627441
0.998473167 -0.014784841 0.053223286 14.821407318 0.014343968 0.999859631 0.008655929 -20.213266373 -0.053343784 -0.007879280 0.998545110 205.433731079
0.998407722 -0.016078372 0.054070000 15.021027565 0.015598580 0.999835193 0.009283885 -20.427257538 -0.054210361 -0.008425686 0.998493969 207.648437500
0.998401999 -0.015559928 0.054326002 15.237045288 0.015089219 0.999845088 0.009063974 -20.637157440 -0.054458603 -0.008229753 0.998482108 209.917205811
0.998315573 -0.014768276 0.056105319 15.449406624 0.014215650 0.999846518 0.010236141 -20.851448059 -0.056247875 -0.009421325 0.998372376 212.162231445
0.998242378 -0.013636673 0.057673566 15.677191734 0.013064058 0.999861777 0.010293930 -21.059324265 -0.057805959 -0.009522386 0.998282373 214.390151978
0.998052061 -0.012434773 0.061133325 15.871558189 0.011812427 0.999874711 0.010531047 -21.265945435 -0.061256621 -0.009788401 0.998073995 216.626861572
0.997923374 -0.012119466 0.063262045 16.099924088 0.011466775 0.999877453 0.010670088 -21.471561432 -0.063383617 -0.009922521 0.997939885 218.864074707
0.997783422 -0.013462003 0.065169208 16.331504822 0.012751989 0.999854863 0.011298706 -21.675588608 -0.065311864 -0.010442627 0.997810245 221.094009399
0.997684658 -0.014952422 0.066344805 16.567680359 0.014192019 0.999828279 0.011917961 -21.877313614 -0.066511631 -0.010948801 0.997725546 223.318969727
0.997638047 -0.017181851 0.066508442 16.823780060 0.016467644 0.999800861 0.011271958 -22.087064743 -0.066688888 -0.010150096 0.997722149 225.541778564
0.997623682 -0.018652029 0.066325210 17.068759918 0.017976213 0.999780357 0.010771682 -22.286815643 -0.066511549 -0.009553810 0.997739851 227.786193848
0.997572303 -0.018627653 0.067100890 17.301862717 0.017921818 0.999777734 0.011105719 -22.495046616 -0.067292839 -0.009876187 0.997684479 230.022247314
0.997515857 -0.019638412 0.067649670 17.545715332 0.018986620 0.999767005 0.010264415 -22.704833984 -0.067835487 -0.008954477 0.997656345 232.267074585
0.997464657 -0.020701844 0.068086490 17.793109894 0.020003194 0.999740183 0.010927085 -22.904447556 -0.068295032 -0.009537434 0.997619629 234.510482788
0.997445822 -0.019672140 0.068664275 18.056499481 0.018921683 0.999754131 0.011562777 -23.116857529 -0.068874858 -0.010234000 0.997572839 236.758590698
0.997410417 -0.019399246 0.069254033 18.293777466 0.018671254 0.999763548 0.011143802 -23.313360214 -0.069453828 -0.009821884 0.997536838 238.974975586
0.997386634 -0.019528225 0.069560073 18.539588928 0.018777149 0.999758303 0.011435111 -23.520414352 -0.069766551 -0.010099089 0.997512221 241.196182251
0.997343063 -0.019980222 0.070054665 18.785934448 0.019199640 0.999746084 0.011798178 -23.725826263 -0.070272610 -0.010421807 0.997473300 243.432403564
0.997313023 -0.020208091 0.070415966 19.033496857 0.019474700 0.999749005 0.011086144 -23.936374664 -0.070622310 -0.009685026 0.997456133 245.653457642
0.997319162 -0.019999802 0.070388392 19.285551071 0.019301772 0.999757707 0.010583084 -24.148017883 -0.070582993 -0.009196093 0.997463524 247.883819580
0.997282684 -0.020282896 0.070822366 19.538362503 0.019542653 0.999747097 0.011129481 -24.356250763 -0.071030192 -0.009715184 0.997426867 250.118423462
0.997266054 -0.021720853 0.070628859 19.797792435 0.020981802 0.999717236 0.011189020 -24.565204620 -0.070851915 -0.009676510 0.997439921 252.346405029
0.997261405 -0.021575347 0.070740730 20.058238983 0.020793194 0.999714434 0.011774505 -24.771127701 -0.070974551 -0.010271334 0.997425258 254.606048584
0.997245908 -0.022157466 0.070779331 20.301301956 0.021367470 0.999700844 0.011899162 -24.975244522 -0.071021818 -0.010354016 0.997421026 256.824554443
0.997204363 -0.022864485 0.071138449 20.562269211 0.022027092 0.999678791 0.012533676 -25.189994812 -0.071402177 -0.010931664 0.997387648 259.097839355
0.997167051 -0.022369135 0.071815692 20.814535141 0.021569366 0.999696612 0.011892807 -25.388587952 -0.072059937 -0.010310098 0.997346997 261.336914062
0.997145176 -0.022144558 0.072187267 21.074211121 0.021380641 0.999707043 0.011338128 -25.591131210 -0.072417185 -0.009762351 0.997326612 263.588836670
0.997123837 -0.021444745 0.072692081 21.335670471 0.020712188 0.999726951 0.010816555 -25.798421860 -0.072904177 -0.009279832 0.997295797 265.828857422
0.997063160 -0.020737566 0.073722094 21.594175339 0.019980410 0.999739945 0.010993200 -26.003265381 -0.073930889 -0.009487918 0.997218251 268.073455811
0.996951461 -0.020427508 0.075302422 21.848934174 0.019662004 0.999747336 0.010893183 -26.225938797 -0.075505927 -0.009379379 0.997101188 270.330444336
0.996858001 -0.021183090 0.076323159 22.121959686 0.020373005 0.999727666 0.011376967 -26.436477661 -0.076543391 -0.009786287 0.997018278 272.578613281
0.996667385 -0.021319397 0.078737557 22.368688583 0.020449666 0.999720752 0.011835932 -26.636550903 -0.078967899 -0.010186331 0.996825099 274.826049805
0.996548355 -0.021020969 0.080308698 22.641632080 0.020101456 0.999723017 0.012241187 -26.826030731 -0.080543771 -0.010584612 0.996694863 277.068237305
0.996511281 -0.020110494 0.080998257 22.929210663 0.018999146 0.999714792 0.014468113 -27.051176071 -0.081266105 -0.012878741 0.996609211 279.325531006
0.996393025 -0.019901805 0.082491651 23.205661774 0.018675050 0.999703646 0.015616330 -27.256580353 -0.082778007 -0.014019468 0.996469438 281.563507080
0.996321619 -0.018479483 0.083676465 23.479999542 0.017272988 0.999736428 0.015119706 -27.445261002 -0.083933823 -0.013618746 0.996378243 283.828277588
0.996217668 -0.017585397 0.085093893 23.747610092 0.016370086 0.999754071 0.014958831 -27.642555237 -0.085336030 -0.013509259 0.996260583 286.057922363
0.996216893 -0.017174574 0.085187837 24.033041000 0.016082039 0.999779522 0.013494792 -27.831211090 -0.085400827 -0.012073745 0.996273518 288.293457031
0.996154606 -0.018060325 0.085731260 24.306886673 0.016917899 0.999758303 0.014033590 -28.038114548 -0.085963987 -0.012529231 0.996219516 290.519226074
0.996046424 -0.017992308 0.086992845 24.562984467 0.016907722 0.999770045 0.013188355 -28.240123749 -0.087210126 -0.011665365 0.996121645 292.774444580
0.996056795 -0.018636135 0.086738616 24.847772598 0.017650498 0.999770761 0.012116442 -28.435565948 -0.086944543 -0.010537687 0.996157348 295.004241943
0.996042967 -0.018714180 0.086880319 25.128545761 0.017748419 0.999771953 0.011875235 -28.635736465 -0.087082729 -0.010286254 0.996147990 297.236968994
0.996053278 -0.017958289 0.086921304 25.412885666 0.016987026 0.999784887 0.011900891 -28.834398270 -0.087116331 -0.010377388 0.996144116 299.475677490
0.995977700 -0.017880639 0.087799057 25.673242569 0.016784759 0.999772072 0.013204161 -29.045600891 -0.088015124 -0.011677366 0.996050656 301.711791992
0.995965838 -0.018319609 0.087842703 25.961528778 0.017225880 0.999764562 0.013192948 -29.245269775 -0.088063709 -0.011626559 0.996046960 303.964477539
0.995925665 -0.017542232 0.088455148 26.246858597 0.016434917 0.999777377 0.013231236 -29.444181442 -0.088667549 -0.011723574 0.995992243 306.212463379
0.995927632 -0.018185005 0.088302977 26.536838531 0.017075412 0.999765813 0.013304947 -29.655139923 -0.088524222 -0.011742957 0.996004820 308.463989258
0.995883763 -0.019585194 0.088498451 26.826532364 0.018437719 0.999735236 0.013765022 -29.855354309 -0.088744596 -0.012076653 0.995981216 310.722564697
0.995837271 -0.019348495 0.089071512 27.111890793 0.018227449 0.999744236 0.013382247 -30.061771393 -0.089307666 -0.011702994 0.995935261 312.958770752
0.995846927 -0.018808652 0.089078560 27.408929825 0.017637867 0.999747574 0.013912261 -30.264736176 -0.089317732 -0.012283328 0.995927453 315.206665039
0.995789170 -0.017125942 0.090058066 27.696075439 0.016005266 0.999785364 0.013151403 -30.469001770 -0.090263955 -0.011654619 0.995849788 317.449584961
0.995773554 -0.015113084 0.090590641 27.981264114 0.013930357 0.999809444 0.013673839 -30.670570374 -0.090780035 -0.012354087 0.995794356 319.693572998
0.995703220 -0.013887663 0.091554768 28.265018463 0.012714442 0.999829531 0.013385265 -30.876304626 -0.091725059 -0.012163683 0.995710075 321.917480469
0.995673537 -0.013867167 0.091878995 28.554197311 0.012647326 0.999824166 0.013845606 -31.072372437 -0.092054836 -0.012623682 0.995673835 324.156555176
0.995671749 -0.013339364 0.091977611 28.854070663 0.011993025 0.999812901 0.015174914 -31.280618668 -0.092162825 -0.014006143 0.995645463 326.380645752
0.995593429 -0.013826597 0.092749625 29.133985519 0.012484035 0.999808967 0.015039731 -31.482498169 -0.092939839 -0.013815568 0.995575964 328.619293213
0.995598018 -0.015211962 0.092484966 29.436426163 0.013943589 0.999799967 0.014345145 -31.679595947 -0.092684686 -0.012992426 0.995610714 330.851837158
0.995573163 -0.014549271 0.092855923 29.722091675 0.013293472 0.999811828 0.014128434 -31.878328323 -0.093043998 -0.012831514 0.995579302 333.065185547
0.995543361 -0.014997377 0.093103826 30.014484406 0.013650881 0.999793053 0.015082381 -32.073917389 -0.093310766 -0.013744215 0.995542169 335.294738770
0.995562732 -0.015350978 0.092839673 30.318136215 0.013976732 0.999783218 0.015434509 -32.273342133 -0.093056485 -0.014068427 0.995561540 337.527252197
0.995524764 -0.015067347 0.093292348 30.601482391 0.013663088 0.999783754 0.015672760 -32.472492218 -0.093508311 -0.014327959 0.995515406 339.756103516
0.995552003 -0.015129725 0.092990734 30.902433395 0.013764193 0.999788105 0.015308476 -32.672351837 -0.093202643 -0.013960442 0.995549262 342.000244141
0.995528162 -0.015159882 0.093240909 31.192432404 0.013746498 0.999780953 0.015782075 -32.869720459 -0.093459748 -0.014429766 0.995518446 344.253448486
0.995564759 -0.014672425 0.092927001 31.487628937 0.013245195 0.999784946 0.015956834 -33.064685822 -0.093141139 -0.014655227 0.995545030 346.493194580
0.995584548 -0.014537398 0.092736796 31.781562805 0.013128186 0.999789178 0.015787849 -33.259292603 -0.092946738 -0.014500671 0.995565593 348.725585938
0.995532632 -0.013976257 0.093377262 32.071662903 0.012503229 0.999788284 0.016341504 -33.461116791 -0.093585864 -0.015100982 0.995496690 350.956604004
0.995594561 -0.014201035 0.092681296 32.365901947 0.012713510 0.999781132 0.016620664 -33.653244019 -0.092897035 -0.015369136 0.995557070 353.173126221
0.995592594 -0.014110722 0.092716105 32.656135559 0.012670377 0.999790013 0.016105326 -33.848056793 -0.092923909 -0.014859597 0.995562255 355.411529541
0.995599270 -0.013962232 0.092666715 32.948051453 0.012473684 0.999783993 0.016623273 -34.043083191 -0.092878781 -0.015394221 0.995558381 357.641754150
0.995677114 -0.013194751 0.091941528 33.249465942 0.011630055 0.999778628 0.017533481 -34.241844177 -0.092152528 -0.016388400 0.995609999 359.887603760
0.995721877 -0.013532309 0.091403991 33.552097321 0.011965538 0.999772310 0.017667472 -34.439445496 -0.091622241 -0.016498197 0.995657146 362.135833740
0.995759130 -0.013485806 0.091004878 33.850749969 0.011885716 0.999765515 0.018101584 -34.631576538 -0.091227666 -0.016943159 0.995685935 364.372283936
0.995815277 -0.013424479 0.090396635 34.149345398 0.011888631 0.999776065 0.017507207 -34.826503754 -0.090611398 -0.016359255 0.995751917 366.624694824
0.995823860 -0.014100069 0.090200230 34.436828613 0.012578348 0.999769211 0.017416744 -35.022388458 -0.090424977 -0.016209442 0.995771348 368.869323730
0.995813668 -0.013711504 0.090372950 34.724338531 0.012263876 0.999787807 0.016554257 -35.211032867 -0.090580754 -0.015376630 0.995770395 371.135345459
0.995878994 -0.014188088 0.089575067 35.020652771 0.012737137 0.999778569 0.016749062 -35.409328461 -0.089792885 -0.015539110 0.995839238 373.369201660
0.995983660 -0.014135811 0.088412367 35.322364807 0.012648977 0.999769330 0.017354779 -35.600940704 -0.088637307 -0.016166750 0.995932758 375.613403320
0.995865107 -0.013585884 0.089822412 35.598800659 0.012045831 0.999771416 0.017665466 -35.792900085 -0.090041876 -0.016510436 0.995801091 377.877746582
0.995847762 -0.014350043 0.089896038 35.889587402 0.012776873 0.999755561 0.018050987 -35.992183685 -0.090133078 -0.016827449 0.995787501 380.123138428
0.995870948 -0.014331457 0.089640431 36.188770294 0.012760290 0.999755204 0.018076034 -36.180904388 -0.089877553 -0.016857557 0.995810151 382.380493164
0.995880842 -0.013610726 0.089643925 36.482933044 0.012013212 0.999759734 0.018336199 -36.376388550 -0.089871936 -0.017183756 0.995805204 384.629180908
0.995879173 -0.012577547 0.089813866 36.773983002 0.010968620 0.999770761 0.018385215 -36.562782288 -0.090024523 -0.017324315 0.995788872 386.886566162
0.995904684 -0.011407605 0.089686662 37.076759338 0.009805921 0.999784827 0.018279059 -36.762096405 -0.089875884 -0.017324744 0.995802283 389.157104492
0.995876610 -0.010005020 0.090163782 37.361721039 0.008394439 0.999798656 0.018224372 -36.956489563 -0.090327978 -0.017392352 0.995760202 391.434143066
0.995905697 -0.008901507 0.089958705 37.659996033 0.007161253 0.999781311 0.019649308 -37.149780273 -0.090113923 -0.018924646 0.995751619 393.696929932
0.995837152 -0.007604341 0.090832710 37.943141937 0.005822154 0.999785721 0.019869417 -37.339958191 -0.090964347 -0.019257858 0.995667934 395.959838867
0.995748699 -0.007146920 0.091834098 38.234130859 0.005471291 0.999814272 0.018485080 -37.539428711 -0.091949143 -0.017904041 0.995602727 398.230865479
0.995686352 -0.006963091 0.092520446 38.525375366 0.005327871 0.999825418 0.017909408 -37.730777740 -0.092629001 -0.017339217 0.995549679 400.490692139
0.995559871 -0.008082001 0.093781792 38.809535980 0.006336363 0.999801397 0.018896684 -37.920181274 -0.093915880 -0.018218547 0.995413363 402.730499268
0.995566547 -0.009573653 0.093572669 39.119407654 0.007730419 0.999769270 0.020041108 -38.113845825 -0.093742959 -0.019228902 0.995410681 405.010437012
0.995487809 -0.010043927 0.094356768 39.410999298 0.008181099 0.999764264 0.020108525 -38.304138184 -0.094536506 -0.019245848 0.995335400 407.263824463
0.995483577 -0.008296636 0.094570786 39.734607697 0.006565050 0.999805331 0.018606387 -38.479553223 -0.094706751 -0.017901491 0.995344162 409.514770508
0.995393693 -0.007671013 0.095564567 40.032360077 0.005858559 0.999797940 0.019231912 -38.677330017 -0.095692791 -0.018583452 0.995237410 411.769195557
0.995375752 -0.006101297 0.095863439 40.347446442 0.004345341 0.999819160 0.018515350 -38.872772217 -0.095959075 -0.018013172 0.995222270 414.021514893
0.995292425 -0.005099137 0.096783221 40.654304504 0.003311477 0.999821126 0.018622421 -39.065868378 -0.096860848 -0.018214256 0.995131254 416.285278320
0.995225847 -0.005512574 0.097442918 40.963165283 0.003733099 0.999823213 0.018434601 -39.260341644 -0.097527310 -0.017982835 0.995070338 418.538238525
0.995125651 -0.005465913 0.098463722 41.264324188 0.003657373 0.999821544 0.018538713 -39.450843811 -0.098547488 -0.018088233 0.994967937 420.787902832
0.995042086 -0.005646270 0.099294089 41.567382812 0.003847733 0.999825239 0.018295432 -39.646049500 -0.099380016 -0.017822668 0.994889915 423.041931152
0.994980991 -0.005848723 0.099892981 41.881599426 0.003939106 0.999805927 0.019303182 -39.836437225 -0.099986479 -0.018812811 0.994810939 425.312988281
0.994921207 -0.005174667 0.100523703 42.188377380 0.003178438 0.999794722 0.020008305 -40.027412415 -0.100606613 -0.019587174 0.994733393 427.562316895
0.994839251 -0.004347694 0.101370603 42.505764008 0.002251792 0.999781549 0.020780902 -40.216453552 -0.101438798 -0.020445392 0.994631648 429.836334229
0.994843662 -0.004450332 0.101322956 42.822895050 0.002352287 0.999780536 0.020816579 -40.407859802 -0.101393364 -0.020470902 0.994635761 432.083770752
0.994812489 -0.005160097 0.101594709 43.145065308 0.003113322 0.999789178 0.020294726 -40.605667114 -0.101677991 -0.019873152 0.994618773 434.346435547
0.994792163 -0.004203868 0.101837799 43.466636658 0.002147250 0.999791622 0.020296255 -40.780609131 -0.101901896 -0.019971885 0.994593978 436.614044189
0.994740248 -0.004713923 0.102320820 43.787513733 0.002618556 0.999784291 0.020603059 -40.972450256 -0.102395877 -0.020226760 0.994538069 438.902221680
0.994798362 -0.004724015 0.101754591 44.118934631 0.002628265 0.999781787 0.020720350 -41.158184052 -0.101830274 -0.020345129 0.994593740 441.174377441
0.994747162 -0.003833745 0.102290303 44.437286377 0.001614137 0.999761641 0.021773061 -41.361606598 -0.102349386 -0.021493584 0.994516253 443.410217285
0.994734824 -0.004366684 0.102390580 44.764591217 0.002137454 0.999758482 0.021871446 -41.546737671 -0.102461375 -0.021537425 0.994503736 445.681152344
0.994736016 -0.004268195 0.102382109 45.084884644 0.002089520 0.999769270 0.021377653 -41.735363007 -0.102449737 -0.021051191 0.994515419 447.941192627
0.994747400 -0.003702732 0.102292776 45.406490326 0.001550459 0.999775946 0.021111829 -41.925163269 -0.102348015 -0.020842336 0.994530261 450.197784424
0.994709849 -0.003146495 0.102675647 45.727069855 0.001009947 0.999781966 0.020854073 -42.118789673 -0.102718860 -0.020640049 0.994496286 452.458251953
0.994637430 -0.002613333 0.103390254 46.044200897 0.000451661 0.999780893 0.020925777 -42.299697876 -0.103422299 -0.020766862 0.994420648 454.731201172
0.994613528 -0.002878122 0.103612795 46.359474182 0.000749992 0.999788105 0.020572364 -42.493827820 -0.103650048 -0.020383844 0.994404912 456.993377686
0.994622231 -0.002036253 0.103549264 46.690551758 -0.000032852 0.999800444 0.019976215 -42.686096191 -0.103569277 -0.019872190 0.994423687 459.273132324
0.994573891 -0.001189440 0.104025833 47.009365082 -0.000975287 0.999784231 0.020756178 -42.880157471 -0.104028061 -0.020745009 0.994358003 461.553802490
0.994594216 -0.000718592 0.103835486 47.334957123 -0.001567044 0.999758244 0.021928845 -43.067081451 -0.103826150 -0.021973016 0.994352698 463.831573486
0.994656086 -0.000892939 0.103239201 47.652580261 -0.001409125 0.999752045 0.022223275 -43.250091553 -0.103233442 -0.022249991 0.994408250 466.095520020
0.994734406 -0.000791245 0.102482669 47.979049683 -0.001382881 0.999775648 0.021141799 -43.436496735 -0.102476388 -0.021172196 0.994510114 468.376342773
0.994868934 -0.001097884 0.101165213 48.319824219 -0.001011481 0.999783218 0.020797046 -43.631813049 -0.101166099 -0.020792663 0.994652271 470.676147461
0.994942129 -0.001795777 0.100435138 48.638999939 -0.000436911 0.999753356 0.022203732 -43.830970764 -0.100450255 -0.022135308 0.994695842 472.955535889
0.994907200 -0.002035574 0.100775026 48.944915771 -0.000256002 0.999741733 0.022721380 -44.021705627 -0.100795239 -0.022631465 0.994649768 475.234466553
0.995020211 -0.001822405 0.099656783 49.265384674 -0.000343011 0.999764323 0.021707291 -44.188938141 -0.099672854 -0.021633375 0.994785070 477.523925781
0.995041192 -0.002069895 0.099442065 49.581272125 -0.000149674 0.999751091 0.022307582 -44.375946045 -0.099463508 -0.022211846 0.994793296 479.804809570
0.995065153 -0.002599972 0.099188715 49.899925232 0.000317620 0.999734998 0.023019038 -44.564025879 -0.099222310 -0.022873944 0.994802296 482.079162598
0.995064020 -0.002980499 0.099189647 50.205093384 0.000769326 0.999750555 0.022323156 -44.748878479 -0.099231429 -0.022136664 0.994818151 484.365905762
0.995137572 -0.003127795 0.098444819 50.525016785 0.000849737 0.999730945 0.023173884 -44.945350647 -0.098490842 -0.022977551 0.994872630 486.665191650
0.995189369 -0.003145047 0.097920679 50.838024139 0.000910461 0.999738216 0.022856686 -45.123588562 -0.097966939 -0.022657575 0.994931817 488.945526123
0.995178998 -0.002663510 0.098039322 51.142631531 0.000394603 0.999731779 0.023154942 -45.304584503 -0.098074697 -0.023004627 0.994913161 491.237457275
0.995233357 -0.002484188 0.097490527 51.456287384 0.000149577 0.999713242 0.023947060 -45.492584229 -0.097522072 -0.023818329 0.994948328 493.517913818
0.995215893 -0.001906920 0.097680964 51.753376007 -0.000397761 0.999722064 0.023569062 -45.672309875 -0.097698763 -0.023495158 0.994938612 495.810882568
0.995238841 -0.001624491 0.097452112 52.074752808 -0.000639478 0.999730706 0.023195872 -45.864196777 -0.097463556 -0.023147751 0.994969785 498.122833252
0.995246351 -0.001683910 0.097374685 52.380199432 -0.000665312 0.999709606 0.024088081 -46.049728394 -0.097386986 -0.024038363 0.994956255 500.412902832
0.995235145 -0.001158813 0.097496711 52.682338715 -0.001227333 0.999701262 0.024410591 -46.236377716 -0.097495854 -0.024413936 0.994936466 502.686126709
0.995294333 -0.000094828 0.096897602 52.999137878 -0.002231630 0.999711871 0.023900807 -46.423854828 -0.096871920 -0.024004575 0.995007455 504.971374512
0.995265245 0.000119645 0.097196214 53.300186157 -0.002522546 0.999694228 0.024599658 -46.606506348 -0.097163543 -0.024728367 0.994961202 507.257873535
0.995290399 -0.000445111 0.096937209 53.609909058 -0.001889848 0.999710321 0.023994194 -46.793640137 -0.096919812 -0.024064386 0.995001197 509.539459229
0.995332301 -0.001253355 0.096500322 53.928657532 -0.001177715 0.999683559 0.025131270 -46.984756470 -0.096501291 -0.025127614 0.995015621 511.837097168
0.995320797 -0.000891807 0.096620657 54.238479614 -0.001546772 0.999682248 0.025160840 -47.162147522 -0.096612401 -0.025192559 0.995003223 514.145935059
0.995321512 -0.000253884 0.096617661 54.548171997 -0.002179674 0.999683022 0.025081143 -47.346286774 -0.096593402 -0.025174396 0.995005488 516.449401855
0.995307148 0.000546546 0.096763447 54.847499847 -0.002972922 0.999684691 0.024932940 -47.532196045 -0.096719302 -0.025103603 0.994994998 518.736389160
0.995234132 0.002528076 0.097481407 55.158931732 -0.004998838 0.999672174 0.025110092 -47.716018677 -0.097385958 -0.025477713 0.994920671 521.045227051
0.995125592 0.004745937 0.098500647 55.469963074 -0.007271718 0.999653459 0.025299141 -47.898254395 -0.098346457 -0.025892094 0.994815350 523.375305176
0.995044529 0.005606318 0.099272095 55.784561157 -0.008272428 0.999615431 0.026465358 -48.072631836 -0.099085547 -0.027155429 0.994708300 525.688476562
0.994959712 0.005326889 0.100133941 56.092563629 -0.008007544 0.999619663 0.026387881 -48.250778198 -0.099955283 -0.027056701 0.994623899 527.987854004
0.994942546 0.003398357 0.100388080 56.406158447 -0.006190168 0.999602318 0.027511787 -48.425266266 -0.100254670 -0.027994068 0.994567871 530.289428711
0.994905829 0.001695978 0.100794345 56.731697083 -0.004491984 0.999611199 0.027519237 -48.606395721 -0.100708492 -0.027831819 0.994526565 532.594909668
0.994872868 0.001565103 0.101121455 57.045593262 -0.004325261 0.999623835 0.027081987 -48.783607483 -0.101041026 -0.027380507 0.994505346 534.889831543
0.994789183 0.001113614 0.101947226 57.367588043 -0.003891045 0.999626517 0.027049005 -48.966293335 -0.101879038 -0.027304741 0.994421959 537.200805664
0.994702697 0.001532501 0.102782339 57.682292938 -0.004302616 0.999633312 0.026734991 -49.151111603 -0.102703676 -0.027035598 0.994344532 539.500305176
0.994587779 0.002046513 0.103878938 57.992916107 -0.004837454 0.999633849 0.026622439 -49.333892822 -0.103786409 -0.026980860 0.994233608 541.804565430
0.994471729 0.002422324 0.104978062 58.312686920 -0.005122855 0.999662638 0.025462722 -49.511196136 -0.104880981 -0.025859738 0.994148612 544.121582031
0.994329512 0.002488325 0.106314369 58.628509521 -0.005280987 0.999648094 0.025994519 -49.688667297 -0.106212288 -0.026408562 0.993992746 546.435119629
0.994145691 0.002240212 0.108024627 58.931373596 -0.005223129 0.999612570 0.027338279 -49.874420166 -0.107921548 -0.027742459 0.993772268 548.705505371
0.994098663 0.001889765 0.108463526 59.263023376 -0.004922393 0.999604106 0.027698966 -50.055606842 -0.108368233 -0.028069403 0.993714452 551.003417969
0.994144380 0.000795386 0.108056858 59.608154297 -0.003703050 0.999636352 0.026710654 -50.231956482 -0.107996315 -0.026954390 0.993785799 553.315856934
0.994140983 0.000347964 0.108090699 59.950305939 -0.003331968 0.999618232 0.027427102 -50.415328979 -0.108039886 -0.027626555 0.993762612 555.631103516
0.994080901 0.000659102 0.108640164 60.284267426 -0.003689770 0.999609530 0.027697735 -50.590690613 -0.108579472 -0.027934643 0.993695319 557.935607910
0.994030416 0.001217513 0.109096639 60.622982025 -0.004395390 0.999572814 0.028893270 -50.768722534 -0.109014869 -0.029200306 0.993611157 560.266784668
0.994034767 0.000695715 0.109061621 60.971603394 -0.003949534 0.999553382 0.029621517 -50.944900513 -0.108992286 -0.029875556 0.993593574 562.595520020
0.993999541 0.001067134 0.109379031 61.315639496 -0.004410844 0.999530137 0.030332562 -51.117530823 -0.109295271 -0.030633006 0.993537188 564.908935547
0.993937671 0.002075690 0.109925225 61.661663055 -0.005386115 0.999540687 0.029826876 -51.295486450 -0.109812811 -0.030238127 0.993492246 567.228942871
0.993960559 0.002998102 0.109697111 62.024291992 -0.006127567 0.999583423 0.028202258 -51.463684082 -0.109566845 -0.028704109 0.993564904 569.572082520
0.993950367 0.003216415 0.109783031 62.385696411 -0.006401619 0.999568343 0.028673518 -51.643325806 -0.109643415 -0.029202847 0.993541837 571.893127441
0.993917584 0.003335924 0.110075973 62.723972321 -0.006672899 0.999528825 0.029960752 -51.828872681 -0.109924152 -0.030513046 0.993471444 574.272521973
0.993905306 0.003125570 0.110193074 63.076461792 -0.006574413 0.999499440 0.030948753 -52.003822327 -0.110041179 -0.031484585 0.993428230 576.585876465
0.993780315 0.003652174 0.111297973 63.405906677 -0.007009587 0.999531627 0.029789638 -52.184143066 -0.111137025 -0.030384511 0.993340492 578.970581055
0.993833721 0.002939675 0.110840879 63.761760712 -0.006230859 0.999549508 0.029358186 -52.349327087 -0.110704638 -0.029867791 0.993404448 581.306823730
0.993838072 0.001992589 0.110823981 64.116523743 -0.005457412 0.999505341 0.030969663 -52.534469604 -0.110707462 -0.031383637 0.993357539 583.630737305
0.993915081 0.002112452 0.110129200 64.469551086 -0.005559970 0.999503732 0.031006623 -52.703842163 -0.110009037 -0.031430271 0.993433535 585.947570801
0.993916571 -0.001127472 0.110129133 64.833000183 -0.002202216 0.999544203 0.030108083 -52.888587952 -0.110112883 -0.030167453 0.993461132 588.303588867
0.993939221 -0.001359503 0.109923884 65.187774658 -0.001940039 0.999550819 0.029904094 -53.054729462 -0.109915175 -0.029936103 0.993490040 590.647766113
0.993943989 -0.003170601 0.109843083 65.532722473 -0.000173204 0.999537230 0.030418746 -53.229873657 -0.109888695 -0.030253552 0.993483365 592.980834961
0.993990839 -0.003975663 0.109391086 65.891525269 0.000618837 0.999528348 0.030703316 -53.403221130 -0.109461576 -0.030451119 0.993524492 595.335815430
