1.000000000 0.000000000 0.000000000 0.000000000 0.000000000 1.000000000 0.000000000 0.000000000 0.000000000 0.000000000 1.000000000 0.000000000
0.999999881 0.000195533 0.000487045 0.085875675 -0.000195502 1.000000000 -0.000064104 -0.226809695 -0.000487058 0.000064009 0.999999881 2.288416624
0.999999106 0.000473452 0.001255668 0.163596466 -0.000473910 0.999999821 0.000364689 -0.463096321 -0.001255495 -0.000365283 0.999999166 4.586061001
0.999998331 0.000102892 0.001826823 0.260223657 -0.000103866 0.999999881 0.000532891 -0.694222569 -0.001826768 -0.000533080 0.999998212 6.875586510
0.999996424 -0.000062224 0.002664237 0.354108185 0.000065640 0.999999285 -0.001282456 -0.925404429 -0.002664155 0.001282626 0.999995649 9.173158646
0.999986708 0.001746941 0.004833902 0.444259167 -0.001747690 0.999998450 0.000150625 -1.162076235 -0.004833631 -0.000159071 0.999988377 11.479689598
0.999964416 0.003706389 0.007579346 0.528892756 -0.003715475 0.999992371 0.001185002 -1.390231252 -0.007574897 -0.001213121 0.999970555 13.790326118
0.999947667 0.003491615 0.009625345 0.642140508 -0.003525956 0.999987423 0.003553049 -1.617957830 -0.009612820 -0.003586801 0.999947369 16.060440063
0.999940515 0.003477419 0.010336228 0.767675161 -0.003528337 0.999981701 0.004911951 -1.851707578 -0.010318955 -0.004948128 0.999934494 18.406591415
0.999930263 0.002689532 0.011496218 0.889475048 -0.002748830 0.999983013 0.005145340 -2.077003717 -0.011482185 -0.005176583 0.999920666 20.694625854
0.999927282 0.000087992 0.012058844 1.004835606 -0.000122931 0.999995768 0.002896685 -2.308532715 -0.012058537 -0.002897957 0.999923050 23.010341644
0.999916553 -0.002122026 0.012740000 1.115242600 0.002111707 0.999997377 0.000823422 -2.529184103 -0.012741715 -0.000796450 0.999918520 25.292060852
0.999915600 -0.003096802 0.012617041 1.250824571 0.003094252 0.999995112 0.000221642 -2.775834560 -0.012617667 -0.000182583 0.999920368 27.608455658
0.999906719 -0.002733606 0.013381625 1.360631466 0.002744724 0.999995887 -0.000812513 -3.001729250 -0.013379348 0.000849166 0.999910116 29.895456314
0.999896169 -0.000469759 0.014402400 1.479666471 0.000443545 0.999998152 0.001823302 -3.231438398 -0.014403229 -0.001816725 0.999894559 32.179630280
0.999897301 0.001596344 0.014244197 1.612347484 -0.001653999 0.999990523 0.004036725 -3.452088833 -0.014237619 -0.004059870 0.999890447 34.459640503
0.999867201 0.003783134 0.015846808 1.729292035 -0.003911194 0.999959886 0.008057971 -3.684210539 -0.015815688 -0.008118882 0.999841988 36.770469666
0.999844074 0.005635967 0.016733447 1.843268394 -0.005764118 0.999954402 0.007620033 -3.902771473 -0.016689738 -0.007715299 0.999830902 39.043464661
0.999811888 0.005020462 0.018734695 1.948732138 -0.005138075 0.999967277 0.006234986 -4.110532284 -0.018702785 -0.006330073 0.999805033 41.335449219
0.999817014 0.002557422 0.018958261 2.073329687 -0.002657830 0.999982595 0.005272953 -4.335334778 -0.018944442 -0.005322375 0.999806345 43.611473083
0.999822915 0.002320689 0.018671382 2.216064453 -0.002390316 0.999990284 0.003707635 -4.552397728 -0.018662598 -0.003751608 0.999818802 45.859066010
0.999825358 0.001488511 0.018629953 2.343511581 -0.001540383 0.999994993 0.002770270 -4.781573296 -0.018625736 -0.002798483 0.999822617 48.141651154
0.999819636 0.000420771 0.018986968 2.476964235 -0.000475734 0.999995708 0.002890324 -5.007543087 -0.018985670 -0.002898835 0.999815702 50.422164917
0.999802411 -0.000405001 0.019872556 2.607284546 0.000342503 0.999994993 0.003148240 -5.232430458 -0.019873736 -0.003140812 0.999797583 52.690116882
0.999799073 -0.001686387 0.019970650 2.744986057 0.001620632 0.999993324 0.003308319 -5.465126991 -0.019976094 -0.003275289 0.999795139 54.971748352
0.999769747 -0.001718415 0.021388965 2.870503426 0.001640623 0.999991953 0.003654002 -5.695973396 -0.021395072 -0.003618069 0.999764562 57.260070801
0.999751508 -0.003055392 0.022082523 3.007537365 0.002958928 0.999985874 0.004399723 -5.922697544 -0.022095656 -0.004333290 0.999746442 59.526737213
0.999713123 -0.004400775 0.023544583 3.136363506 0.004315812 0.999983907 0.003658233 -6.146249771 -0.023560306 -0.003555570 0.999716103 61.792995453
0.999700308 -0.005174506 0.023925232 3.287493706 0.005094279 0.999981344 0.003412912 -6.370988369 -0.023942446 -0.003290008 0.999707878 64.045494080
0.999668777 -0.004616081 0.025323831 3.425318956 0.004515697 0.999981701 0.004019797 -6.594841480 -0.025341928 -0.003904111 0.999671221 66.318222046
0.999650419 -0.003588320 0.026193038 3.574055195 0.003474478 0.999984324 0.004390433 -6.823264122 -0.026208384 -0.004297891 0.999647260 68.580886841
0.999616444 -0.003760167 0.027437303 3.711953640 0.003647490 0.999984682 0.004155678 -7.049559116 -0.027452514 -0.004054007 0.999614894 70.835594177
0.999601245 -0.004553968 0.027865374 3.869712830 0.004475572 0.999985874 0.002875098 -7.275213242 -0.027878072 -0.002749238 0.999607563 73.091964722
0.999589741 -0.005435338 0.028122073 4.029392242 0.005340433 0.999979794 0.003448778 -7.506106853 -0.028140251 -0.003297179 0.999598563 75.371719360
0.999545991 -0.006626345 0.029394727 4.186300278 0.006542247 0.999974251 0.002956246 -7.737819195 -0.029413559 -0.002762596 0.999563575 77.636909485
0.999549031 -0.007663596 0.029031644 4.349256039 0.007586408 0.999967337 0.002767980 -7.970208645 -0.029051913 -0.002546486 0.999574661 79.899291992
0.999518454 -0.008150045 0.029938588 4.495268822 0.008079450 0.999964297 0.002478167 -8.188834190 -0.029957719 -0.002235087 0.999548674 82.153755188
0.999502838 -0.007286937 0.030674571 4.667537689 0.007209462 0.999970675 0.002635532 -8.425687790 -0.030692874 -0.002413074 0.999525964 84.428443909
0.999451578 -0.007064930 0.032353293 4.820878983 0.006971442 0.999971151 0.003001530 -8.642685890 -0.032373570 -0.002774335 0.999471962 86.684219360
0.999450147 -0.006393322 0.032535698 4.991209984 0.006248140 0.999970078 0.004561970 -8.881167412 -0.032563891 -0.004356173 0.999460161 88.959075928
0.999423146 -0.005453123 0.033518087 5.151637077 0.005275315 0.999971509 0.005390990 -9.109124184 -0.033546533 -0.005211062 0.999423563 91.206527710
0.999394953 -0.005225104 0.034384597 5.316569805 0.005043280 0.999972820 0.005372553 -9.330213547 -0.034411747 -0.005195891 0.999394178 93.444587708
0.999384344 -0.005317583 0.034679022 5.492075920 0.005157592 0.999975622 0.004701285 -9.553623199 -0.034703184 -0.004519531 0.999387443 95.681900024
0.999354005 -0.005864857 0.035456151 5.661170006 0.005686947 0.999970675 0.005116498 -9.775567055 -0.035485122 -0.004911555 0.999358118 97.931900024
0.999327242 -0.005535930 0.036258750 5.822575569 0.005369507 0.999974608 0.004685705 -10.006809235 -0.036283769 -0.004487860 0.999331415 100.174430847
0.999257445 -0.005558534 0.038128890 5.973402500 0.005348968 0.999970078 0.005596063 -10.221641541 -0.038158849 -0.005387959 0.999257147 102.405799866
0.999268591 -0.006171730 0.037738163 6.173376083 0.005959546 0.999965727 0.005732466 -10.448863983 -0.037772257 -0.005503370 0.999271154 104.665512085
0.999235392 -0.006494401 0.038554493 6.346498013 0.006260996 0.999961376 0.006171583 -10.663072586 -0.038593087 -0.005925474 0.999237537 106.903076172
0.999213934 -0.007994848 0.038830735 6.528322697 0.007750329 0.999949217 0.006443543 -10.881354332 -0.038880277 -0.006137526 0.999224961 109.156433105
0.999165475 -0.008733432 0.039900821 6.697813034 0.008440716 0.999936283 0.007498679 -11.106355667 -0.039963763 -0.007155630 0.999175429 111.416030884
0.999140501 -0.009451752 0.040359996 6.884183407 0.009201678 0.999937356 0.006377397 -11.329947472 -0.040417749 -0.006000536 0.999164879 113.683036804
0.999089837 -0.009934586 0.041483156 7.061165810 0.009713803 0.999937594 0.005520391 -11.549839020 -0.041535407 -0.005112407 0.999123931 115.936485291
0.999056816 -0.009887069 0.042281747 7.241843224 0.009639911 0.999935269 0.006045407 -11.775175095 -0.042338781 -0.005632111 0.999087453 118.187248230
0.999010682 -0.010134482 0.043300811 7.429966927 0.009854541 0.999929190 0.006673654 -11.994009018 -0.043365378 -0.006240341 0.999039769 120.458992004
0.999002993 -0.010810322 0.043315534 7.632162094 0.010489808 0.999915957 0.007620030 -12.221447945 -0.043394275 -0.007158060 0.999032319 122.666427612
0.998956621 -0.011761326 0.044126906 7.837100983 0.011463205 0.999909759 0.007002953 -12.448397636 -0.044205286 -0.006489812 0.999001384 124.966026306
0.998916686 -0.011688787 0.045041960 8.013635635 0.011402765 0.999913216 0.006601785 -12.676054001 -0.045115229 -0.006081030 0.998963237 127.226333618
0.998906553 -0.013198880 0.044849228 8.204154968 0.012892955 0.999891579 0.007103603 -12.894247055 -0.044938125 -0.006517596 0.998968601 129.493988037
0.998926103 -0.014511107 0.043998744 8.390186310 0.014209530 0.999873400 0.007159245 -13.105993271 -0.044097070 -0.006526357 0.999005914 131.746963501
0.998974919 -0.014860045 0.042757824 8.582282066 0.014515784 0.999859750 0.008350665 -13.321776390 -0.042875919 -0.007721440 0.999050558 133.986679077
0.999030948 -0.015859874 0.041055739 8.772581100 0.015539362 0.999846280 0.008114208 -13.545624733 -0.041178111 -0.007468365 0.999123871 136.239486694
0.999104798 -0.016594712 0.038912304 8.980226517 0.016285390 0.999833286 0.008252795 -13.761893272 -0.039042775 -0.007611705 0.999208629 138.462966919
0.999081612 -0.017160533 0.039259642 9.140415192 0.016845020 0.999823153 0.008353452 -13.985469818 -0.039396048 -0.007684451 0.999194145 140.756759644
0.999067187 -0.017544638 0.039458245 9.305223465 0.017224917 0.999816120 0.008428249 -14.188905716 -0.039598867 -0.007740722 0.999185681 142.990829468
0.999118626 -0.017855564 0.037986774 9.502733231 0.017478451 0.999794781 0.010236437 -14.424409866 -0.038161755 -0.009563465 0.999225795 145.222320557
0.999132931 -0.017023223 0.037993785 9.676630020 0.016692324 0.999819994 0.009009589 -14.633453369 -0.038140327 -0.008367572 0.999237299 147.473587036
0.999149621 -0.015924426 0.038030714 9.854921341 0.015644437 0.999848306 0.007648471 -14.849105835 -0.038146742 -0.007046998 0.999247313 149.730682373
0.999154091 -0.014698848 0.038406402 10.030353546 0.014453087 0.999873221 0.006668830 -15.065644264 -0.038499556 -0.006108099 0.999240041 151.981079102
0.999161601 -0.013938411 0.038492177 10.213939667 0.013691472 0.999884129 0.006671466 -15.277865410 -0.038580701 -0.006138859 0.999236584 154.225311279
0.999136925 -0.013343684 0.039334290 10.393966675 0.013085878 0.999891162 0.006804444 -15.488801956 -0.039420798 -0.006283848 0.999202907 156.488662720
0.999138474 -0.012001021 0.039726924 10.559811592 0.011664776 0.999894261 0.008684895 -15.714158058 -0.039826944 -0.008214009 0.999172747 158.725952148
0.999082029 -0.011338534 0.041310463 10.736089706 0.010955463 0.999895036 0.009487543 -15.924591064 -0.041413691 -0.009026258 0.999101341 160.961395264
0.999062359 -0.010188585 0.042076349 10.911523819 0.009712930 0.999886751 0.011493574 -16.146175385 -0.042188693 -0.011074114 0.999048293 163.254440308
0.999031186 -0.009688135 0.042928141 11.094305992 0.009230229 0.999898493 0.010852220 -16.347486496 -0.043028925 -0.010445468 0.999019146 165.513015747
0.998994708 -0.009040619 0.043907519 11.289077759 0.008638039 0.999918997 0.009349918 -16.552928925 -0.043988492 -0.008961242 0.998991847 167.765243530
0.998925269 -0.007198285 0.045789905 11.473684311 0.006755432 0.999928951 0.009818804 -16.764038086 -0.045857333 -0.009498918 0.998902798 170.004165649
0.998776555 -0.006690932 0.048999056 11.653356552 0.006225434 0.999934018 0.009646621 -16.980014801 -0.049060378 -0.009329776 0.998752177 172.300445557
0.998656094 -0.007003448 0.051349860 11.853507996 0.006525600 0.999933898 0.009467502 -17.190921783 -0.051412757 -0.009119691 0.998635828 174.572174072
0.998572648 -0.006770247 0.052979592 12.060607910 0.006242502 0.999929249 0.010120438 -17.404266357 -0.053044371 -0.009775267 0.998544335 176.832260132
0.998509705 -0.007286972 0.054086063 12.258323669 0.006710112 0.999918759 0.010839538 -17.608661652 -0.054160655 -0.010460460 0.998477519 179.055145264
0.998527110 -0.008984787 0.053506318 12.487804413 0.008425851 0.999907672 0.010662640 -17.826534271 -0.053597178 -0.010196096 0.998510599 181.326873779
0.998484969 -0.009745741 0.054155994 12.684692383 0.009191006 0.999902785 0.010482904 -18.033010483 -0.054252889 -0.009969272 0.998477519 183.572143555
0.998549819 -0.011349042 0.052624371 12.913061142 0.010829587 0.999889910 0.010145687 -18.246189117 -0.052733727 -0.009561072 0.998562932 185.829925537
0.998561919 -0.013205724 0.051958386 13.125377655 0.012661817 0.999861658 0.010783387 -18.453016281 -0.052093599 -0.010109994 0.998591006 188.081176758
0.998576045 -0.014042872 0.051464237 13.333603859 0.013538884 0.999857008 0.010128568 -18.656496048 -0.051599108 -0.009417377 0.998623490 190.327575684
0.998539090 -0.015309605 0.051820435 13.531747818 0.014797175 0.999837875 0.010257844 -18.875019073 -0.051969070 -0.009476062 0.998603761 192.562377930
0.998499095 -0.016501151 0.052222081 13.721275330 0.016034011 0.999827623 0.009351694 -19.074739456 -0.052367397 -0.008500326 0.998591781 194.801391602
0.998552144 -0.015701307 0.051449731 13.958372116 0.015236045 0.999839544 0.009422845 -19.292057037 -0.051589418 -0.008625310 0.998631120 197.060302734
0.998567104 -0.013667058 0.051739193 14.168120384 0.013211070 0.999870956 0.009144991 -19.499876022 -0.051857494 -0.008448356 0.998618722 199.300170898
0.998573840 -0.011383396 0.052159075 14.369710922 0.010929381 0.999899924 0.008981396 -19.719741821 -0.052256096 -0.008398521 0.998598397 201.571136475
0.998551846 -0.011004448 0.052659355 14.580823898 0.010596808 0.999911726 0.008014051 -19.929740906 -0.052742902 -0.007444425 0.998580396 203.839599609
0.998515904 -0.011281242 0.053281367 14.780977249 0.010830948 0.999903202 0.008732440 -20.138267517 -0.053374723 -0.008142390 0.998541355 206.066116333
0.998509526 -0.012569050 0.053110942 15.016819000 0.012128548 0.999889374 0.008608213 -20.359853745 -0.053213257 -0.007951223 0.998551488 208.335052490
0.998438597 -0.012347223 0.054478597 15.218254089 0.011889029 0.999891102 0.008726670 -20.561443329 -0.054580420 -0.008065348 0.998476744 210.578720093
0.998372793 -0.012412540 0.055656526 15.438865662 0.011866467 0.999878228 0.010131281 -20.790283203 -0.055775505 -0.009454346 0.998398542 212.841476440
0.998307467 -0.011027259 0.057100452 15.674407959 0.010478134 0.999896109 0.009907317 -20.996208191 -0.057203766 -0.009292243 0.998319268 215.077468872
0.998147190 -0.008247811 0.060284272 15.898134232 0.007640274 0.999917746 0.010301447 -21.207441330 -0.060364276 -0.009821773 0.998128116 217.378112793
0.998008430 -0.008406069 0.062516756 16.123283386 0.007753063 0.999912918 0.010680566 -21.415977478 -0.062601089 -0.010174597 0.997986794 219.625320435
0.997883499 -0.009572951 0.064318545 16.353750229 0.008873170 0.999898314 0.011156810 -21.619283676 -0.064418808 -0.010562487 0.997866988 221.857086182
0.997781932 -0.011269316 0.065606341 16.588516235 0.010517398 0.999875128 0.011795221 -21.822843552 -0.065731078 -0.011079052 0.997775793 224.095993042
0.997726738 -0.013221804 0.066079676 16.840782166 0.012502648 0.999858141 0.011284906 -22.036336899 -0.066219516 -0.010433082 0.997750461 226.333358765
0.997686267 -0.014387879 0.066445492 17.077093124 0.013694923 0.999847114 0.010872698 -22.235616684 -0.066591769 -0.009937575 0.997730732 228.580947876
0.997644126 -0.014502813 0.067049943 17.317325592 0.013793322 0.999844015 0.011032398 -22.441394806 -0.067199513 -0.010081567 0.997688591 230.821258545
0.997604251 -0.015621538 0.067391716 17.566146851 0.014987667 0.999838650 0.009901205 -22.648424149 -0.067535520 -0.008867440 0.997677445 233.076110840
0.997559369 -0.016565649 0.067829698 17.803531647 0.015873311 0.999816358 0.010733287 -22.850368500 -0.067995034 -0.009630408 0.997639120 235.312698364
0.997560859 -0.015612742 0.068034060 18.074962616 0.014890853 0.999827385 0.011105014 -23.060123444 -0.068195701 -0.010064841 0.997621179 237.564376831
0.997531235 -0.015616041 0.068466224 18.315324783 0.014905842 0.999829769 0.010871666 -23.259050369 -0.068624355 -0.009824282 0.997594178 239.789505005
0.997502089 -0.015839070 0.068838574 18.560203552 0.015102301 0.999823093 0.011210132 -23.466707230 -0.069003955 -0.010142510 0.997564852 242.019348145
0.997458398 -0.016269270 0.069368653 18.803928375 0.015511338 0.999814034 0.011450909 -23.672086716 -0.069542058 -0.010345806 0.997525394 244.258193970
0.997420728 -0.016455434 0.069865301 19.048625946 0.015752496 0.999819696 0.010600432 -23.882579803 -0.070027173 -0.009472536 0.997500122 246.490066528
0.997443497 -0.016110817 0.069619775 19.309047699 0.015457506 0.999831319 0.009912590 -24.093471527 -0.069767736 -0.008811099 0.997524321 248.729644775
0.997424960 -0.016359573 0.069826700 19.562688828 0.015673485 0.999823391 0.010362240 -24.301191330 -0.069983907 -0.009241129 0.997505307 250.966201782
0.997398138 -0.017903501 0.069832787 19.811832428 0.017211324 0.999796748 0.010501076 -24.511978149 -0.070006609 -0.009271838 0.997503459 253.192672729
0.997397244 -0.017953198 0.069831267 20.071363449 0.017222870 0.999790668 0.011046581 -24.718938828 -0.070014961 -0.009815134 0.997497797 255.449218750
0.997357488 -0.018390367 0.070283882 20.303863525 0.017646350 0.999781668 0.011192214 -24.925245285 -0.070474356 -0.009922384 0.997464299 257.668426514
0.997361362 -0.019056220 0.070050009 20.579189301 0.018265046 0.999762177 0.011917677 -25.143251419 -0.070260458 -0.010606765 0.997472286 259.939086914
0.997329772 -0.018651756 0.070606671 20.831027985 0.017896919 0.999775887 0.011308326 -25.345216751 -0.070801780 -0.010014490 0.997440100 262.178985596
0.997306347 -0.018669026 0.070931971 21.088899612 0.017952845 0.999781311 0.010720917 -25.548257828 -0.071116604 -0.009418610 0.997423530 264.438018799
0.997281849 -0.017879866 0.071478143 21.345825195 0.017186677 0.999799252 0.010301297 -25.758195877 -0.071648002 -0.009044823 0.997388959 266.675964355
0.997212350 -0.017132591 0.072623275 21.599006653 0.016426062 0.999811947 0.010314839 -25.961959839 -0.072786331 -0.009093170 0.997306168 268.923278809
0.997128546 -0.016871730 0.073824048 21.858592987 0.016187076 0.999820352 0.009862686 -26.174930573 -0.073977187 -0.008639370 0.997222483 271.172027588
0.997042120 -0.017794417 0.074769028 22.123832703 0.017058801 0.999799728 0.010465690 -26.389247894 -0.074940301 -0.009159265 0.997145832 273.414367676
0.996844530 -0.018181844 0.077268645 22.368093491 0.017379202 0.999787927 0.011047508 -26.592769623 -0.077453129 -0.009669783 0.996949017 275.657806396
0.996725798 -0.018196972 0.078781702 22.637399673 0.017274216 0.999774218 0.012378562 -26.793045044 -0.078989178 -0.010977141 0.996815026 277.898040771
0.996703148 -0.017661335 0.079189010 22.926517487 0.016659990 0.999772906 0.013287999 -27.000837326 -0.079405710 -0.011924900 0.996771038 280.156890869
0.996610463 -0.017361248 0.080411926 23.202859879 0.016248109 0.999763191 0.014476734 -27.208427429 -0.080644213 -0.013121125 0.996656537 282.390472412
0.996533573 -0.016391655 0.081559800 23.470174789 0.015273796 0.999780893 0.014311124 -27.401632309 -0.081776507 -0.013015789 0.996565700 284.628295898
0.996437788 -0.015298292 0.082931735 23.732046127 0.014225197 0.999807537 0.013515018 -27.595918655 -0.083122529 -0.012287154 0.996463597 286.853668213
0.996416330 -0.014387392 0.083351575 24.018091202 0.013394867 0.999832690 0.012454701 -27.788902283 -0.083516844 -0.011293584 0.996442318 289.112792969
0.996347070 -0.015111322 0.084047720 24.285886765 0.014098041 0.999820769 0.012636516 -27.995731354 -0.084223606 -0.011405448 0.996381640 291.340179443
0.996280491 -0.015088857 0.084837407 24.545219421 0.014138730 0.999830484 0.011789100 -28.198078156 -0.085000902 -0.010545759 0.996325016 293.622161865
0.996295333 -0.015583192 0.084573500 24.824958801 0.014709072 0.999831855 0.010948946 -28.399019241 -0.084729925 -0.009664388 0.996357024 295.851013184
0.996296644 -0.015586413 0.084558092 25.103488922 0.014724832 0.999833107 0.010803424 -28.604072571 -0.084712356 -0.009518310 0.996360004 298.084503174
0.996294022 -0.014957369 0.084702983 25.380914688 0.014078593 0.999840736 0.010962695 -28.806221008 -0.084853470 -0.009729568 0.996345997 300.323913574
0.996218801 -0.014727360 0.085622557 25.634542465 0.013747117 0.999833167 0.012026840 -29.018596649 -0.085785389 -0.010804300 0.996255159 302.557983398
0.996221602 -0.014948164 0.085553147 25.918230057 0.013937597 0.999826014 0.012397322 -29.223983765 -0.085723586 -0.011158075 0.996256471 304.805480957
0.996186912 -0.014362784 0.086054109 26.200857162 0.013334653 0.999832809 0.012510430 -29.425817490 -0.086219423 -0.011315225 0.996211886 307.052398682
0.996184349 -0.015090196 0.085959591 26.484180450 0.014053558 0.999821186 0.012652055 -29.639398575 -0.086135149 -0.011395739 0.996218383 309.310577393
0.996145487 -0.016117353 0.086222798 26.766544342 0.015048136 0.999801695 0.013036293 -29.843158722 -0.086415797 -0.011688553 0.996190608 311.578125000
0.996107340 -0.015967507 0.086690560 27.046247482 0.014938877 0.999810278 0.012501406 -30.048824310 -0.086873740 -0.011157681 0.996156991 313.817749023
0.996129990 -0.015591561 0.086498402 27.338144302 0.014506806 0.999808252 0.013155172 -30.254352570 -0.086686909 -0.011849446 0.996165156 316.070251465
0.996085942 -0.013890670 0.087291874 27.618810654 0.012864904 0.999841571 0.012302624 -30.460020065 -0.087448947 -0.011131469 0.996106803 318.317474365
0.996062040 -0.012082075 0.087831222 27.896480560 0.010989301 0.999856234 0.012914687 -30.664031982 -0.087974638 -0.011898625 0.996051669 320.570373535
0.995990217 -0.010761401 0.088812329 28.172113419 0.009678305 0.999873579 0.012616976 -30.868680954 -0.088936873 -0.011706832 0.995968461 322.801849365
0.995934427 -0.009939387 0.089530282 28.447380066 0.008797081 0.999874830 0.013144449 -31.067464828 -0.089649744 -0.012303405 0.995897293 325.038696289
0.995934486 -0.009680126 0.089559115 28.738880157 0.008415882 0.999859631 0.014483189 -31.278881073 -0.089686759 -0.013670587 0.995876312 327.264495850
0.995893776 -0.010429862 0.089926712 29.016572952 0.009156914 0.999852121 0.014556362 -31.487356186 -0.090065233 -0.013673138 0.995841980 329.509063721
0.995926797 -0.012267935 0.089328505 29.317649841 0.011083273 0.999844074 0.013745840 -31.685424805 -0.089483216 -0.012699797 0.995907366 331.747070312
0.995900631 -0.011771825 0.089685090 29.598882675 0.010598537 0.999852002 0.013547326 -31.888631821 -0.089831308 -0.012541260 0.995877981 333.964294434
0.995883167 -0.012116443 0.089833006 29.884851456 0.010817287 0.999829948 0.014934718 -32.089523315 -0.089998677 -0.013901487 0.995844781 336.192626953
0.995949209 -0.012643919 0.089023434 30.188306808 0.011368816 0.999825537 0.014815762 -32.285839081 -0.089195229 -0.013743657 0.995919347 338.427886963
0.995953321 -0.012561596 0.088989504 30.471036911 0.011253313 0.999821305 0.015188046 -32.491214752 -0.089164376 -0.014125159 0.995916784 340.671691895
0.995999753 -0.012485690 0.088478781 30.767553329 0.011208548 0.999825835 0.014916625 -32.693595886 -0.088649623 -0.013865237 0.995966315 342.918853760
0.996009350 -0.012631307 0.088350475 31.053016663 0.011310666 0.999816954 0.015432463 -32.892402649 -0.088529229 -0.014371573 0.995969892 345.159667969
0.996048391 -0.012487335 0.087929852 31.338949203 0.011169259 0.999818027 0.015466183 -33.086692810 -0.088106982 -0.014422954 0.996006608 347.397705078
0.996097445 -0.012447707 0.087378405 31.625101089 0.011136197 0.999818146 0.015481021 -33.284828186 -0.087555230 -0.014447543 0.996054828 349.644805908
0.996092916 -0.011975174 0.087495513 31.905138016 0.010615162 0.999815762 0.015992614 -33.486347198 -0.087670907 -0.015001351 0.996036530 351.888519287
0.996130109 -0.012320746 0.087022319 32.188339233 0.010937022 0.999806345 0.016359726 -33.679721832 -0.087207042 -0.015344658 0.996071994 354.115325928
0.996149480 -0.011972249 0.086849920 32.467124939 0.010627045 0.999816537 0.015934708 -33.877056122 -0.087024763 -0.014950392 0.996093988 356.352325439
0.996208251 -0.012185582 0.086143054 32.754516602 0.010818609 0.999808431 0.016317699 -34.071594238 -0.086325385 -0.015323875 0.996149123 358.589813232
0.996261716 -0.011802238 0.085576490 33.040370941 0.010360328 0.999797225 0.017273979 -34.270915985 -0.085763007 -0.016322808 0.996181786 360.832672119
0.996328473 -0.012063068 0.084760427 33.330066681 0.010633348 0.999793947 0.017299041 -34.468761444 -0.084951647 -0.016334238 0.996251106 363.077270508
0.996369600 -0.011982330 0.084284708 33.613395691 0.010522232 0.999787152 0.017746342 -34.661327362 -0.084479406 -0.016795058 0.996283650 365.314544678
0.996408343 -0.012017471 0.083820991 33.893058777 0.010622785 0.999797940 0.017065037 -34.857475281 -0.084009148 -0.016113330 0.996334672 367.568756104
0.996426761 -0.012700279 0.083502382 34.168235779 0.011316646 0.999791205 0.017022470 -35.053646088 -0.083701134 -0.016016677 0.996362150 369.822753906
0.996412873 -0.012750315 0.083659150 34.438636780 0.011439503 0.999804497 0.016129183 -35.244201660 -0.083848439 -0.015114304 0.996363938 372.081756592
0.996500909 -0.012643677 0.082619987 34.723194122 0.011352076 0.999806225 0.016084155 -35.443016052 -0.082807340 -0.015089968 0.996451318 374.322204590
0.996586740 -0.012613565 0.081582904 35.008388519 0.011293060 0.999798059 0.016627297 -35.635433197 -0.081776135 -0.015649226 0.996527851 376.566741943
0.996499121 -0.011956784 0.082743436 35.269943237 0.010565720 0.999795735 0.017229259 -35.831634521 -0.082932562 -0.016294695 0.996421874 378.825805664
0.996493936 -0.012603790 0.082709312 35.545318604 0.011197179 0.999785066 0.017448567 -36.028919220 -0.082911447 -0.016461285 0.996420979 381.069610596
0.996520519 -0.012545380 0.082398154 35.827194214 0.011138102 0.999784529 0.017516522 -36.217922211 -0.082600154 -0.016537815 0.996445537 383.327484131
0.996535599 -0.011758769 0.082331270 36.109725952 0.010328359 0.999788582 0.017778257 -36.415328979 -0.082522906 -0.016866321 0.996446431 385.586791992
0.996526599 -0.010698224 0.082585186 36.383010864 0.009254129 0.999797881 0.017849166 -36.602943420 -0.082759447 -0.017022913 0.996424139 387.845153809
0.996548712 -0.009674104 0.082444377 36.666667938 0.008233907 0.999807835 0.017790871 -36.802917480 -0.082600653 -0.017050631 0.996436775 390.115112305
0.996525526 -0.008364040 0.082866885 36.937194824 0.006912929 0.999817908 0.017782843 -36.999900818 -0.083000533 -0.017148202 0.996401966 392.393310547
0.996547043 -0.007097600 0.082726240 37.213378906 0.005534928 0.999802172 0.019103736 -37.191444397 -0.082845457 -0.018579889 0.996389151 394.656494141
0.996493280 -0.005937680 0.083463132 37.485267639 0.004313762 0.999798119 0.019623596 -37.386775970 -0.083562799 -0.019194737 0.996317565 396.923431396
0.996446550 -0.005670020 0.084036216 37.761547089 0.004160511 0.999826968 0.018126866 -37.586116791 -0.084124453 -0.017712818 0.996297956 399.189666748
0.996365249 -0.005164828 0.085027374 38.032478333 0.003671033 0.999836326 0.017715368 -37.779880524 -0.085104957 -0.017338837 0.996221125 401.447204590
0.996309876 -0.006768832 0.085561931 38.307090759 0.005207639 0.999816120 0.018456412 -37.968059540 -0.085671119 -0.017942728 0.996161997 403.726715088
0.996266484 -0.008251311 0.085936233 38.589736938 0.006592372 0.999786794 0.019570250 -38.161548615 -0.086079381 -0.018930662 0.996108353 405.980285645
0.996245682 -0.009336182 0.086065553 38.870647430 0.007675285 0.999778271 0.019608812 -38.352378845 -0.086229555 -0.018874619 0.996096432 408.241638184
0.996225893 -0.009137132 0.086316139 39.163963318 0.007585232 0.999803960 0.018290160 -38.539733887 -0.086466342 -0.017566402 0.996099889 410.510925293
0.996149480 -0.007537721 0.087346129 39.459156036 0.005928533 0.999808192 0.018667901 -38.740867615 -0.087470099 -0.018078186 0.996003091 412.782165527
0.996072292 -0.006280888 0.088320896 39.734195709 0.004673300 0.999819815 0.018396689 -38.932662964 -0.088420525 -0.017911684 0.995922089 415.021179199
0.995978415 -0.004936523 0.089457586 40.018844604 0.003284693 0.999821544 0.018602775 -39.125087738 -0.089533448 -0.018234123 0.995816827 417.292327881
0.995924294 -0.005167353 0.090044409 40.311416626 0.003536781 0.999827147 0.018258687 -39.317848206 -0.090123184 -0.017865801 0.995770335 419.547149658
0.995818436 -0.005125805 0.091210835 40.594036102 0.003473616 0.999827147 0.018263509 -39.507133484 -0.091288686 -0.017870307 0.995664120 421.797210693
0.995732069 -0.005345306 0.092135727 40.877719879 0.003691648 0.999829292 0.018109167 -39.703979492 -0.092216782 -0.017691748 0.995581746 424.050781250
0.995663226 -0.005561026 0.092863590 41.172863007 0.003793888 0.999808550 0.019195104 -39.895481110 -0.092952549 -0.018759547 0.995493770 426.322570801
0.995621860 -0.004696495 0.093354516 41.466831207 0.002862426 0.999800444 0.019770484 -40.085823059 -0.093428753 -0.019416707 0.995436609 428.577331543
0.995550692 -0.003962141 0.094144322 41.768573761 0.002043947 0.999788582 0.020462736 -40.273876190 -0.094205491 -0.020179266 0.995348215 430.857360840
0.995550156 -0.004290510 0.094135739 42.066627502 0.002343870 0.999781251 0.020779911 -40.476837158 -0.094204307 -0.020466803 0.995342612 433.132324219
0.995520175 -0.004897370 0.094422676 42.371223450 0.003019421 0.999795139 0.020021366 -40.673076630 -0.094501369 -0.019646576 0.995330870 435.399841309
0.995519638 -0.003984954 0.094470397 42.680099487 0.002095095 0.999795794 0.020095522 -40.849990845 -0.094531201 -0.019807564 0.995324850 437.667999268
0.995478868 -0.004361906 0.094883263 42.986408234 0.002433612 0.999788344 0.020429047 -41.043277740 -0.094952270 -0.020105772 0.995278776 439.955657959
0.995520949 -0.004323805 0.094441488 43.297027588 0.002395834 0.999786615 0.020518299 -41.229335785 -0.094510056 -0.020200133 0.995318890 442.229980469
0.995482385 -0.003332466 0.094887920 43.600399017 0.001322368 0.999773562 0.021238919 -41.422744751 -0.094937205 -0.021017494 0.995261312 444.505218506
0.995448589 -0.003999776 0.095216036 43.907169342 0.001964654 0.999767840 0.021457892 -41.611549377 -0.095279738 -0.021173162 0.995225310 446.783691406
0.995426059 -0.003646967 0.095465288 44.209320068 0.001649647 0.999778271 0.020992512 -41.801773071 -0.095520668 -0.020739006 0.995211363 449.051727295
0.995438755 -0.003203410 0.095348373 44.516727448 0.001228484 0.999783635 0.020764247 -41.994102478 -0.095394239 -0.020552402 0.995227516 451.313964844
0.995385587 -0.002478798 0.095925413 44.817626953 0.000501062 0.999786913 0.020636030 -42.191436768 -0.095956132 -0.020492742 0.995174587 453.580413818
0.995295703 -0.001659146 0.096869640 45.116340637 -0.000327990 0.999789894 0.020493994 -42.370830536 -0.096883312 -0.020429352 0.995086074 455.863586426
0.995281577 -0.001992169 0.097008035 45.417812347 0.000020820 0.999793530 0.020318273 -42.568202972 -0.097028486 -0.020220382 0.995076180 458.127716064
0.995305538 -0.001135339 0.096776307 45.736324310 -0.000775066 0.999805629 0.019700542 -42.761974335 -0.096779868 -0.019683065 0.995111108 460.416534424
0.995303214 -0.000149181 0.096806169 46.046276093 -0.001819218 0.999793410 0.020244824 -42.953071594 -0.096789174 -0.020325851 0.995097339 462.701538086
0.995315909 0.000206359 0.096674524 46.351955414 -0.002291468 0.999767125 0.021457810 -43.140926361 -0.096647575 -0.021578826 0.995084643 464.974395752
0.995336413 0.000129322 0.096464768 46.650142670 -0.002229791 0.999762714 0.021666989 -43.324085236 -0.096439078 -0.021781033 0.995100558 467.241424561
0.995432317 -0.000168136 0.095469065 46.962486267 -0.001810028 0.999785483 0.020633493 -43.514068604 -0.095452048 -0.020712052 0.995218515 469.525421143
0.995495617 -0.000012898 0.094807096 47.277713776 -0.001916340 0.999792933 0.020258022 -43.708492279 -0.094787732 -0.020348456 0.995289505 471.824981689
0.995597720 -0.000446251 0.093727946 47.586174011 -0.001583161 0.999765933 0.021576688 -43.908031464 -0.093715638 -0.021630088 0.995364010 474.108001709
0.995543420 -0.000658037 0.094302617 47.872020721 -0.001401583 0.999761999 0.021772640 -44.097015381 -0.094294518 -0.021807779 0.995305479 476.391510010
0.995664477 -0.000295153 0.093016490 48.175323486 -0.001704160 0.999769270 0.021414012 -44.274566650 -0.093001343 -0.021479687 0.995434284 478.684844971
0.995665729 -0.000199973 0.093002357 48.471950531 -0.001840911 0.999759376 0.021858139 -44.461502075 -0.092984334 -0.021934610 0.995425880 480.967315674
0.995721400 -0.000913123 0.092402667 48.781505585 -0.001193566 0.999740660 0.022741171 -44.653007507 -0.092399478 -0.022754157 0.995462000 483.244506836
0.995725870 -0.001378818 0.092347912 49.071758270 -0.000668896 0.999754608 0.022139292 -44.839469910 -0.092355788 -0.022106441 0.995480657 485.533142090
0.995803952 -0.001565861 0.091500357 49.374416351 -0.000540363 0.999735534 0.022989459 -45.033283234 -0.091512144 -0.022942435 0.995539665 487.844665527
0.995865226 -0.001765326 0.090825714 49.675327301 -0.000299666 0.999741912 0.022717109 -45.212890625 -0.090842374 -0.022650393 0.995607674 490.134307861
0.995846272 -0.001311179 0.091040917 49.966655731 -0.000780286 0.999736726 0.022933416 -45.393756866 -0.091047011 -0.022909192 0.995583117 492.443389893
0.995903790 0.000636071 0.090416990 50.254199982 -0.002728678 0.999731243 0.023022233 -45.566291809 -0.090378039 -0.023174649 0.995637834 494.730224609
0.995870650 0.001113277 0.090776809 50.536685944 -0.003183417 0.999738097 0.022663128 -45.748695374 -0.090727821 -0.022858519 0.995613337 497.037017822
0.995928705 0.001353227 0.090133600 50.845703125 -0.003367046 0.999747992 0.022194300 -45.941970825 -0.090080850 -0.022407426 0.995682359 499.352752686
0.995954216 0.001373373 0.089851357 51.137657166 -0.003460062 0.999727786 0.023072157 -46.129291534 -0.089795232 -0.023289703 0.995687902 501.647308350
0.995953202 0.001674881 0.089857586 51.423137665 -0.003794338 0.999718487 0.023421220 -46.319797516 -0.089793056 -0.023667384 0.995679140 503.926330566
0.995977223 0.002399422 0.089574955 51.715835571 -0.004459084 0.999730110 0.022800704 -46.507152557 -0.089496069 -0.023108404 0.995719075 506.220428467
0.995957315 0.002493442 0.089792870 51.998703003 -0.004616530 0.999714375 0.023444364 -46.694412231 -0.089708790 -0.023764119 0.995684505 508.510223389
0.995979965 0.001955422 0.089555047 52.289558411 -0.003985655 0.999738932 0.022497006 -46.881042480 -0.089487694 -0.022763506 0.995727777 510.801208496
0.996019781 0.001430860 0.089120656 52.590984344 -0.003533674 0.999718964 0.023441834 -47.073730469 -0.089062072 -0.023663456 0.995744944 513.105651855
0.996037126 0.001596937 0.088923410 52.884033203 -0.003708052 0.999714971 0.023580696 -47.255783081 -0.088860393 -0.023816984 0.995759308 515.407287598
0.996059179 0.002338111 0.088659987 53.175849915 -0.004443744 0.999712586 0.023559608 -47.442424774 -0.088579424 -0.023860749 0.995783210 517.712951660
0.996033728 0.003333492 0.088913493 53.457187653 -0.005431826 0.999712169 0.023368223 -47.630485535 -0.088810019 -0.023758497 0.995765209 520.015319824
0.995956898 0.005104709 0.089687526 53.742748260 -0.007219321 0.999703169 0.023268983 -47.815128326 -0.089542150 -0.023822390 0.995698035 522.361206055
0.995789707 0.007445465 0.091364190 54.020095825 -0.009659300 0.999669790 0.023812672 -48.002891541 -0.091156714 -0.024594929 0.995532811 524.687438965
0.995804310 0.008580231 0.091104895 54.328517914 -0.010860628 0.999639273 0.024564259 -48.182720184 -0.090861268 -0.025450652 0.995538235 527.027343750
0.995736182 0.008193030 0.091882080 54.619564056 -0.010486529 0.999644637 0.024506345 -48.366905212 -0.091648683 -0.025365381 0.995468318 529.340332031
0.995696545 0.006348812 0.092455909 54.912147522 -0.008766726 0.999629498 0.025769483 -48.546466827 -0.092258029 -0.026469121 0.995383263 531.655334473
0.995661914 0.004742201 0.092924081 55.218410492 -0.007136963 0.999650478 0.025455816 -48.726215363 -0.092770882 -0.026008585 0.995347738 533.975769043
0.995627463 0.004847530 0.093286954 55.519912720 -0.007202744 0.999663353 0.024926867 -48.907398224 -0.093134701 -0.025489796 0.995327175 536.289123535
0.995544434 0.004562060 0.094183296 55.819129944 -0.006916637 0.999671280 0.024688657 -49.091545105 -0.094039708 -0.025230089 0.995248616 538.603088379
0.995477319 0.004864590 0.094874337 56.119590759 -0.007185763 0.999682784 0.024139486 -49.279758453 -0.094726808 -0.024712054 0.995196462 540.917053223
0.995383680 0.005659852 0.095810086 56.421482086 -0.007972353 0.999685645 0.023770733 -49.466514587 -0.095645443 -0.024424832 0.995115757 543.242370605
0.995322943 0.006068627 0.096412763 56.735569000 -0.008313013 0.999703407 0.022894332 -49.651569366 -0.096245229 -0.023588736 0.995078146 545.566833496
0.995217443 0.005905445 0.097505659 57.030647278 -0.008226322 0.999691904 0.023417654 -49.841323853 -0.097337328 -0.024107771 0.994959414 547.881774902
0.995137632 0.005758305 0.098325826 57.336277008 -0.008193596 0.999669135 0.024381753 -50.031623840 -0.098152891 -0.025068840 0.994855464 550.203125000
0.995064855 0.005685994 0.099063471 57.641372681 -0.008149732 0.999667108 0.024483414 -50.215850830 -0.098891258 -0.025169926 0.994780004 552.506713867
0.995106339 0.004579148 0.098703764 57.966503143 -0.006922092 0.999701917 0.023407767 -50.397903442 -0.098567180 -0.023976455 0.994841516 554.822387695
0.995155454 0.004404124 0.098215386 58.292434692 -0.006768233 0.999695122 0.023750484 -50.584312439 -0.098080829 -0.024300171 0.994881749 557.143127441
0.995086610 0.004648547 0.098899290 58.602058411 -0.007091696 0.999677956 0.024366222 -50.770168304 -0.098754182 -0.024947861 0.994799078 559.451721191
0.995067477 0.005275095 0.099059612 58.920436859 -0.007819701 0.999648869 0.025316961 -50.953750610 -0.098891288 -0.025966702 0.994759381 561.786499023
0.995078862 0.004655567 0.098976962 59.244434357 -0.007246236 0.999639988 0.025831109 -51.134918213 -0.098821074 -0.026421197 0.994754314 564.121032715
0.995047033 0.005346291 0.099261187 59.565502167 -0.008007363 0.999618530 0.026429772 -51.315315247 -0.099082015 -0.027093690 0.994710326 566.442138672
0.995011747 0.006109474 0.099570461 59.888359070 -0.008708604 0.999632061 0.025689704 -51.500755310 -0.099376872 -0.026428681 0.994698822 568.764099121
0.995011926 0.007321300 0.099486955 60.222930908 -0.009794726 0.999654412 0.024396159 -51.679878235 -0.099273957 -0.025248917 0.994739771 571.101196289
0.994994223 0.007830582 0.099625185 60.557430267 -0.010341258 0.999641180 0.024709787 -51.867591858 -0.099395953 -0.025616346 0.994718134 573.422485352
0.994982421 0.007378625 0.099776655 60.874710083 -0.009973319 0.999624252 0.025531288 -52.054603577 -0.099550769 -0.026398286 0.994682193 575.793579102
0.994986713 0.007319836 0.099738993 61.204322815 -0.010038028 0.999590933 0.026778534 -52.242977142 -0.099502176 -0.027645467 0.994653165 578.108581543
0.994878054 0.007638148 0.100794718 61.512035370 -0.010232229 0.999628961 0.025244417 -52.423191071 -0.100564532 -0.026146468 0.994586945 580.479125977
0.994922638 0.006894148 0.100405946 61.845306396 -0.009432371 0.999647260 0.024826843 -52.599536896 -0.100199379 -0.025647856 0.994636774 582.811645508
0.994895399 0.006936969 0.100672431 62.166809082 -0.009640330 0.999605119 0.026391439 -52.793510437 -0.100449614 -0.027227240 0.994569540 585.141601562
0.994962394 0.007174799 0.099992394 62.495025635 -0.009870856 0.999600291 0.026493998 -52.973514557 -0.099762350 -0.027347539 0.994635403 587.458984375
0.994932950 0.004642746 0.100432821 62.829319000 -0.007211868 0.999655545 0.025232567 -53.160377502 -0.100281090 -0.025829023 0.994623840 589.820007324
0.994933546 0.004595979 0.100430645 63.156139374 -0.007124992 0.999666095 0.024837503 -53.336280823 -0.100282982 -0.025427233 0.994633913 592.170043945
0.994965434 0.002889180 0.100176908 63.480060577 -0.005470248 0.999659836 0.025499990 -53.523113251 -0.100069158 -0.025919605 0.994642794 594.504577637
0.994987369 0.002296626 0.099974371 63.813880920 -0.004874069 0.999661744 0.025544418 -53.704849243 -0.099881887 -0.025903655 0.994661987 596.866943359
