1.000000000 0.000000000 0.000000000 0.000000000 0.000000000 1.000000000 0.000000000 0.000000000 0.000000000 0.000000000 1.000000000 0.000000000
0.999999940 0.000019543 0.000348734 0.090058148 -0.000019474 1.000000000 -0.000200555 -0.226085111 -0.000348738 0.000200548 0.999999940 2.291354895
0.999999404 0.000245249 0.001086462 0.167128727 -0.000245548 0.999999940 0.000275045 -0.464963645 -0.001086395 -0.000275312 0.999999285 4.581251621
0.999998689 -0.000085512 0.001583485 0.265649915 0.000084602 0.999999821 0.000574612 -0.697844148 -0.001583533 -0.000574477 0.999998569 6.870441437
0.999996960 -0.000032840 0.002460666 0.361383349 0.000035516 0.999999404 -0.001087495 -0.930709302 -0.002460629 0.001087579 0.999996364 9.169654846
0.999989152 0.001710698 0.004333198 0.456148773 -0.001711459 0.999998510 0.000171843 -1.165159464 -0.004332898 -0.000179257 0.999990642 11.470717430
0.999970913 0.003505942 0.006764683 0.559882879 -0.003515878 0.999992847 0.001457499 -1.399374962 -0.006759525 -0.001481241 0.999976039 13.764153481
0.999950588 0.003316138 0.009374700 0.663923860 -0.003355019 0.999985814 0.004134838 -1.629462004 -0.009360856 -0.004166086 0.999947488 16.042583466
0.999943316 0.003801858 0.009939465 0.760844588 -0.003855404 0.999978065 0.005373663 -1.854607701 -0.009918817 -0.005411679 0.999936104 18.341165543
0.999916673 0.002832172 0.012596207 0.855069876 -0.002902346 0.999980330 0.005556245 -2.078972578 -0.012580222 -0.005592340 0.999905229 20.639715195
0.999924302 0.000797854 0.012279721 0.981431842 -0.000829439 0.999996364 0.002567302 -2.293944597 -0.012277626 -0.002577293 0.999921322 22.927589417
0.999912441 -0.001364526 0.013161360 1.088095188 0.001358670 0.999998927 0.000453911 -2.513710260 -0.013161968 -0.000435990 0.999913275 25.210088730
0.999917507 -0.002433450 0.012613393 1.229708076 0.002436710 0.999997020 -0.000243107 -2.762396097 -0.012612764 0.000273822 0.999920428 27.494188309
0.999895513 -0.001971814 0.014318057 1.326318264 0.001985895 0.999997556 -0.000969238 -2.990624905 -0.014316112 0.000997571 0.999897003 29.779117584
0.999895334 -0.000112632 0.014468493 1.460598350 0.000096428 0.999999464 0.001120687 -3.218516111 -0.014468610 -0.001119175 0.999894679 32.037212372
0.999891698 0.001871307 0.014595269 1.590125322 -0.001916535 0.999993324 0.003085397 -3.439066648 -0.014589401 -0.003113035 0.999888659 34.317752838
0.999855340 0.003770304 0.016586056 1.696548939 -0.003890967 0.999966085 0.007248663 -3.671164513 -0.016558165 -0.007312147 0.999836266 36.621349335
0.999840856 0.005639486 0.016922258 1.819895506 -0.005756997 0.999959588 0.006903425 -3.891630173 -0.016882645 -0.006999747 0.999832928 38.891670227
0.999809086 0.004611900 0.018987631 1.922154427 -0.004716484 0.999973953 0.005466912 -4.099180222 -0.018961923 -0.005555423 0.999804795 41.188270569
0.999818206 0.002138038 0.018946661 2.050573111 -0.002226484 0.999986708 0.004648286 -4.327241898 -0.018936468 -0.004689626 0.999809742 43.465156555
0.999820232 0.002319065 0.018817153 2.184237957 -0.002393377 0.999989450 0.003927636 -4.556906700 -0.018807838 -0.003971966 0.999815226 45.700744629
0.999816120 0.001840673 0.019094221 2.306998730 -0.001896625 0.999993980 0.002912580 -4.785498142 -0.019088743 -0.002948259 0.999813437 47.970973969
0.999816179 0.000531736 0.019163141 2.443635225 -0.000596076 0.999994218 0.003351971 -5.014918327 -0.019161245 -0.003362777 0.999810755 50.250602722
0.999797940 -0.000342335 0.020104246 2.573771715 0.000267606 0.999992967 0.003719654 -5.239587307 -0.020105381 -0.003713522 0.999790967 52.517875671
0.999790609 -0.001571652 0.020399965 2.709682226 0.001496603 0.999992013 0.003693608 -5.469589233 -0.020405605 -0.003662304 0.999785125 54.801326752
0.999771178 -0.001674687 0.021325242 2.845895290 0.001589468 0.999990702 0.004012460 -5.699333191 -0.021331763 -0.003977647 0.999764562 57.104076385
0.999757171 -0.003151885 0.021810969 2.984820604 0.003048473 0.999983966 0.004772866 -5.925974369 -0.021825658 -0.004705217 0.999750733 59.371509552
0.999715328 -0.004445160 0.023441723 3.110906124 0.004351388 0.999982357 0.004049681 -6.148659706 -0.023459312 -0.003946524 0.999716997 61.642517090
0.999700725 -0.005234975 0.023900790 3.262972355 0.005141506 0.999978840 0.003970511 -6.373791218 -0.023921074 -0.003846437 0.999706447 63.895221710
0.999670267 -0.004759068 0.025236649 3.402748108 0.004645394 0.999978781 0.004561042 -6.595709801 -0.025257824 -0.004442304 0.999671102 66.163764954
0.999647021 -0.003851773 0.026284104 3.549180031 0.003725286 0.999981225 0.004859602 -6.820881367 -0.026302332 -0.004759971 0.999642730 68.414314270
0.999603689 -0.004054421 0.027856471 3.685883999 0.003928434 0.999981821 0.004575948 -7.044512272 -0.027874516 -0.004464703 0.999601424 70.664688110
0.999597371 -0.004893600 0.027946731 3.854830265 0.004806651 0.999983370 0.003177500 -7.266110420 -0.027961819 -0.003041891 0.999604344 72.910842896
0.999579728 -0.005788850 0.028403599 4.010894775 0.005684283 0.999976754 0.003760813 -7.495085239 -0.028424710 -0.003597779 0.999589384 75.187370300
0.999543011 -0.006922036 0.029427363 4.173845291 0.006832102 0.999971688 0.003155569 -7.725548744 -0.029448375 -0.002953076 0.999561906 77.453071594
0.999535441 -0.008007310 0.029411400 4.331218719 0.007929021 0.999964714 0.002777599 -7.946949959 -0.029432602 -0.002543105 0.999563515 79.689132690
0.999507487 -0.008482112 0.030212965 4.478843689 0.008408428 0.999961376 0.002564976 -8.166690826 -0.030233555 -0.002309669 0.999540210 81.946319580
0.999489009 -0.007559198 0.031057769 4.649898529 0.007480943 0.999968529 0.002635072 -8.399713516 -0.031076711 -0.002401384 0.999514103 84.216461182
0.999439120 -0.007364604 0.032666542 4.801790714 0.007274085 0.999969304 0.002888964 -8.614577293 -0.032686815 -0.002649726 0.999462128 86.474067688
0.999435127 -0.006892082 0.032890022 4.973182678 0.006748376 0.999967217 0.004478280 -8.853908539 -0.032919805 -0.004253796 0.999448955 88.740409851
0.999410748 -0.005896551 0.033813424 5.133028030 0.005730859 0.999971032 0.004995050 -9.079320908 -0.033841908 -0.004798327 0.999415696 90.995216370
0.999386668 -0.005888694 0.034519389 5.300775528 0.005727995 0.999972224 0.004752359 -9.299997330 -0.034546424 -0.004551717 0.999392748 93.251693726
0.999372423 -0.006094066 0.034894135 5.470398903 0.005953809 0.999973774 0.004122012 -9.517619133 -0.034918349 -0.003911672 0.999382436 95.510665894
0.999333918 -0.006411710 0.035925344 5.635365963 0.006259151 0.999970853 0.004357445 -9.738153458 -0.035952237 -0.004129680 0.999345005 97.771339417
0.999305725 -0.006015896 0.036765896 5.796271801 0.005874665 0.999974966 0.003948164 -9.971412659 -0.036788724 -0.003729437 0.999316096 100.008949280
0.999234498 -0.006011869 0.038653560 5.947584629 0.005817458 0.999969900 0.005140084 -10.189695358 -0.038683299 -0.004911284 0.999239504 102.232910156
0.999238074 -0.006287264 0.038520060 6.149197578 0.006108905 0.999970019 0.004746269 -10.410074234 -0.038548756 -0.004507338 0.999246538 104.511764526
0.999198735 -0.006896417 0.039424505 6.321591377 0.006680187 0.999961853 0.005613773 -10.630462646 -0.039461732 -0.005345911 0.999206722 106.744255066
0.999169648 -0.008151975 0.039919760 6.502690315 0.007921352 0.999951005 0.005931954 -10.850044250 -0.039966155 -0.005610810 0.999185264 108.996665955
0.999125957 -0.009141414 0.040788777 6.680148602 0.008863455 0.999936283 0.006990258 -11.075163841 -0.040850088 -0.006622619 0.999143362 111.251304626
0.999107242 -0.009917249 0.041064952 6.870990753 0.009691560 0.999936819 0.005691359 -11.297087669 -0.041118797 -0.005288293 0.999140382 113.505836487
0.999056280 -0.010488028 0.042148564 7.050875187 0.010297859 0.999935806 0.004726467 -11.515508652 -0.042195424 -0.004287966 0.999100268 115.744819641
0.999026299 -0.010756558 0.042787474 7.231482506 0.010551707 0.999931753 0.005010657 -11.738250732 -0.042838454 -0.004554297 0.999071598 117.975303650
0.998987615 -0.011113278 0.043591946 7.420912266 0.010852753 0.999921858 0.006208563 -11.964195251 -0.043657534 -0.005729185 0.999030113 120.208457947
0.998957038 -0.012008896 0.044051912 7.622451782 0.011717254 0.999907732 0.006872652 -12.188701630 -0.044130370 -0.006349317 0.999005556 122.413681030
0.998904169 -0.012934436 0.044978194 7.812399864 0.012679186 0.999901831 0.005955696 -12.405138969 -0.045050815 -0.005378883 0.998970151 124.716064453
0.998866260 -0.013560439 0.045632411 7.995617390 0.013339552 0.999897897 0.005141570 -12.629117966 -0.045697473 -0.004527024 0.998944998 126.984046936
0.998853981 -0.015123327 0.045408864 8.186598778 0.014884083 0.999873519 0.005602253 -12.847810745 -0.045487847 -0.004919963 0.998952806 129.246246338
0.998879373 -0.016277058 0.044442002 8.379117966 0.016029205 0.999853969 0.005927689 -13.065752983 -0.044531997 -0.005208676 0.998994350 131.501113892
0.998940587 -0.016592819 0.042926207 8.577703476 0.016305843 0.999842286 0.007026848 -13.282105446 -0.043036032 -0.006319455 0.999053538 133.737289429
0.998990953 -0.017459324 0.041378841 8.768293381 0.017184187 0.999827862 0.006995629 -13.506435394 -0.041493859 -0.006277509 0.999119043 135.980102539
0.999079287 -0.018198019 0.038853481 8.977972984 0.017967904 0.999818921 0.006263758 -13.717296600 -0.038960446 -0.005559875 0.999225259 138.192901611
0.999060154 -0.019334665 0.038793452 9.143386841 0.019103082 0.999797404 0.006331499 -13.936592102 -0.038908016 -0.005584474 0.999227107 140.452148438
0.999046326 -0.019770583 0.038929570 9.307471275 0.019532001 0.999788046 0.006499385 -14.144963264 -0.039049819 -0.005732815 0.999220729 142.683517456
0.999090612 -0.019831516 0.037743911 9.501690865 0.019540831 0.999776602 0.008055038 -14.376585007 -0.037895225 -0.007310167 0.999254942 144.903762817
0.999101520 -0.018919036 0.037921641 9.672409058 0.018670039 0.999801934 0.006909388 -14.590047836 -0.038044836 -0.006195182 0.999256790 147.144363403
0.999117970 -0.018039213 0.037918918 9.854482651 0.017847549 0.999826133 0.005387000 -14.808627129 -0.038009498 -0.004705490 0.999266326 149.393859863
0.999133408 -0.016255351 0.038317073 10.026805878 0.016092483 0.999860108 0.004555154 -15.028969765 -0.038385760 -0.003934590 0.999255240 151.635986328
0.999146879 -0.015390273 0.038323563 10.210969925 0.015226388 0.999873579 0.004564545 -15.245164871 -0.038388968 -0.003977120 0.999254942 153.865173340
0.999139071 -0.014634274 0.038820263 10.391094208 0.014443799 0.999882281 0.005182518 -15.467898369 -0.038891543 -0.004617344 0.999232769 156.124130249
0.999147177 -0.013716170 0.038947504 10.583877563 0.013466087 0.999887049 0.006676124 -15.691109657 -0.039034683 -0.006145960 0.999218941 158.329605103
0.999093890 -0.013254724 0.040443588 10.749952316 0.012970931 0.999889374 0.007271419 -15.905004501 -0.040535495 -0.006740238 0.999155343 160.605026245
0.999052882 -0.012287852 0.041740805 10.923682213 0.011891633 0.999881923 0.009727420 -16.129407883 -0.041855410 -0.009221842 0.999081075 162.837921143
0.999045849 -0.011523318 0.042126112 11.117546082 0.011195466 0.999905169 0.008010322 -16.328475952 -0.042214431 -0.007531059 0.999080181 165.098861694
0.999006689 -0.010749007 0.043242928 11.306480408 0.010454800 0.999920666 0.007023998 -16.544633865 -0.043314997 -0.006564926 0.999039888 167.339630127
0.998928010 -0.008863395 0.045435473 11.487112045 0.008536814 0.999936342 0.007376825 -16.761125565 -0.045497969 -0.006981043 0.998940051 169.569702148
0.998833656 -0.008608472 0.047509439 11.699134827 0.008233200 0.999933362 0.008088870 -16.994272232 -0.047575910 -0.007688283 0.998838007 171.848388672
0.998710930 -0.008898944 0.049972642 11.894699097 0.008531167 0.999934971 0.007568055 -17.203887939 -0.050036740 -0.007131974 0.998722017 174.112426758
0.998636663 -0.008777022 0.051456414 12.100602150 0.008345704 0.999928236 0.008591070 -17.427562714 -0.051528122 -0.008149918 0.998638272 176.375900269
0.998598397 -0.009198272 0.052121140 12.303390503 0.008713222 0.999916673 0.009525784 -17.637777328 -0.052204430 -0.009058289 0.998595238 178.595336914
0.998571098 -0.011049205 0.052283671 12.506575584 0.010591105 0.999903083 0.009030791 -17.854528427 -0.052378386 -0.008464145 0.998591363 180.861083984
0.998511195 -0.011963752 0.053219002 12.698613167 0.011504438 0.999893963 0.008928635 -18.066997528 -0.053320177 -0.008303087 0.998542845 183.109649658
0.998599827 -0.012958864 0.051287953 12.927181244 0.012519682 0.999882162 0.008875070 -18.291625977 -0.051396932 -0.008220533 0.998644471 185.324111938
0.998608410 -0.014677472 0.050652884 13.132904053 0.014190060 0.999849558 0.009968850 -18.508007050 -0.050791573 -0.009236209 0.998666584 187.565841675
0.998623550 -0.015534434 0.050098125 13.339370728 0.015080643 0.999841869 0.009423373 -18.714784622 -0.050236590 -0.008654890 0.998699844 189.808914185
0.998568177 -0.016730241 0.050810166 13.532126427 0.016242232 0.999817967 0.010002380 -18.943586349 -0.050968263 -0.009162789 0.998658240 192.051437378
0.998537064 -0.018411824 0.050840449 13.727455139 0.017955674 0.999794483 0.009414431 -19.153291702 -0.051003329 -0.008487780 0.998662412 194.290603638
0.998566091 -0.017844977 0.050470378 13.928578377 0.017399076 0.999805808 0.009260490 -19.359388351 -0.050625831 -0.008369073 0.998682559 196.522705078
0.998587787 -0.015337260 0.050863609 14.139234543 0.014846231 0.999839604 0.010017700 -19.580726624 -0.051009089 -0.009248419 0.998655379 198.741546631
0.998586893 -0.013464929 0.051408686 14.337869644 0.012977865 0.999867797 0.009796427 -19.794210434 -0.051533796 -0.009115410 0.998629630 200.977371216
0.998566687 -0.012919736 0.051938727 14.548740387 0.012464846 0.999881148 0.009072574 -20.004434586 -0.052049775 -0.008412163 0.998609006 203.236694336
0.998529077 -0.013136057 0.052604560 14.744167328 0.012648815 0.999874055 0.009584604 -20.207958221 -0.052723844 -0.008905120 0.998569429 205.459533691
0.998514593 -0.014664643 0.052474823 14.980123520 0.014157847 0.999849558 0.010016646 -20.430934906 -0.052613821 -0.009258836 0.998571992 207.718872070
0.998476684 -0.014496496 0.053237714 15.186458588 0.013978866 0.999851465 0.010082543 -20.629421234 -0.053375967 -0.009322980 0.998530924 209.961654663
0.998398662 -0.014099918 0.054782994 15.404783249 0.013484311 0.999841869 0.011590670 -20.853797913 -0.054937765 -0.010833398 0.998431027 212.203506470
0.998341501 -0.012701080 0.056149587 15.638628960 0.012060254 0.999858379 0.011736983 -21.059074402 -0.056290708 -0.011040338 0.998353422 214.436828613
0.998159945 -0.011527197 0.059529807 15.836291313 0.010839163 0.999870777 0.011867754 -21.264995575 -0.059658911 -0.011200665 0.998155892 216.692840576
0.998019695 -0.011782869 0.061788864 16.060649872 0.011039670 0.999862731 0.012355715 -21.470249176 -0.061925966 -0.011649117 0.998012781 218.927993774
0.997878015 -0.012970798 0.063806020 16.286098480 0.012169298 0.999842286 0.012934129 -21.670124054 -0.063963741 -0.012130210 0.997878492 221.155593872
0.997781873 -0.014377384 0.064997204 16.518358231 0.013511595 0.999814272 0.013740461 -21.869956970 -0.065182693 -0.012831765 0.997790933 223.384704590
0.997713149 -0.016333299 0.065587565 16.760354996 0.015488982 0.999790788 0.013361000 -22.080596924 -0.065792076 -0.012314559 0.997757316 225.601715088
0.997672260 -0.017392352 0.065935843 16.998243332 0.016582126 0.999780476 0.012815537 -22.273477554 -0.066144265 -0.011692346 0.997741580 227.847900391
0.997636139 -0.017647261 0.066411994 17.234287262 0.016811950 0.999772787 0.013115568 -22.473806381 -0.066628322 -0.011968052 0.997706056 230.084274292
0.997577846 -0.018718863 0.066993192 17.478904724 0.017949272 0.999766052 0.012071245 -22.676551819 -0.067203477 -0.010839529 0.997680426 232.330917358
0.997501016 -0.019739045 0.067839183 17.716287613 0.018887648 0.999734879 0.013168836 -22.876064301 -0.068081133 -0.011854604 0.997609317 234.570449829
0.997467220 -0.018972876 0.068549275 17.958343506 0.018074123 0.999742687 0.013707649 -23.083414078 -0.068791687 -0.012433964 0.997553527 236.819534302
0.997418880 -0.018388057 0.069406845 18.190885544 0.017500730 0.999757469 0.013371012 -23.276878357 -0.069635876 -0.012121829 0.997498751 239.025299072
0.997391880 -0.018396882 0.069792017 18.431245804 0.017482782 0.999753416 0.013685822 -23.479442596 -0.070026591 -0.012429968 0.997467637 241.235427856
0.997332096 -0.018833244 0.070526555 18.672664642 0.017891442 0.999742448 0.013961894 -23.679199219 -0.070771322 -0.012662824 0.997412205 243.469055176
0.997283280 -0.019243479 0.071105853 18.914194107 0.018340135 0.999742866 0.013335356 -23.885122299 -0.071344197 -0.011995034 0.997379601 245.697479248
0.997286856 -0.018819733 0.071167260 19.171951294 0.017955409 0.999757290 0.012765306 -24.089292526 -0.071390226 -0.011452832 0.997382700 247.935653687
0.997251868 -0.019269645 0.071536250 19.418985367 0.018365268 0.999743164 0.013278572 -24.291973114 -0.071773753 -0.011928299 0.997349620 250.166076660
0.997207999 -0.020370470 0.071842097 19.676141739 0.019466512 0.999722481 0.013260484 -24.492696762 -0.072092287 -0.011824945 0.997327864 252.392257690
0.997230828 -0.020539993 0.071476094 19.948635101 0.019585920 0.999709785 0.014023545 -24.696897507 -0.071743384 -0.012584785 0.997343719 254.657012939
0.997219980 -0.021214074 0.071430340 20.195510864 0.020256177 0.999695241 0.014108012 -24.896116257 -0.071707860 -0.012621884 0.997345805 256.875122070
0.997192085 -0.021357920 0.071775779 20.454906464 0.020325726 0.999679685 0.015080763 -25.113441467 -0.072074868 -0.013579521 0.997306764 259.141815186
0.997152090 -0.020997953 0.072436102 20.708683014 0.019994404 0.999694169 0.014551760 -25.310783386 -0.072719514 -0.013061999 0.997266889 261.382202148
0.997138560 -0.020862980 0.072659276 20.971500397 0.019898869 0.999704361 0.013967790 -25.507305145 -0.072929211 -0.012481984 0.997259021 263.630950928
0.997109950 -0.020058723 0.073275156 21.232120514 0.019119000 0.999725997 0.013503614 -25.707866669 -0.073525935 -0.012063643 0.997220337 265.864593506
0.997062206 -0.019494386 0.074072324 21.492206573 0.018552443 0.999738276 0.013383449 -25.902553558 -0.074313842 -0.011969910 0.997163117 268.100463867
0.996907413 -0.019040171 0.076243453 21.739152908 0.018070998 0.999747097 0.013381440 -26.113374710 -0.076478958 -0.011962260 0.996999443 270.355834961
0.996781826 -0.019826425 0.077671655 22.007011414 0.018802723 0.999726713 0.013889131 -26.319063187 -0.077925809 -0.012383992 0.996882260 272.602478027
0.996611834 -0.020173868 0.079736143 22.257991791 0.019057829 0.999709845 0.014733036 -26.520948410 -0.080010228 -0.013163520 0.996707141 274.843139648
0.996367633 -0.020413082 0.082672276 22.502428055 0.019078078 0.999675035 0.016906124 -26.719465256 -0.082990520 -0.015267489 0.996433377 277.067199707
0.996395767 -0.019411676 0.082575373 22.811555862 0.018029332 0.999685109 0.017453304 -26.917964935 -0.082888171 -0.015901620 0.996432006 279.343566895
0.996297538 -0.019156244 0.083810620 23.094421387 0.017693402 0.999678493 0.018162293 -27.113233566 -0.084131613 -0.016612152 0.996316195 281.582000732
0.996264935 -0.018969426 0.084239222 23.387725830 0.017474804 0.999677122 0.018444674 -27.304042816 -0.084561899 -0.016903719 0.996274769 283.857086182
0.996157289 -0.017942909 0.085725002 23.658197403 0.016444746 0.999700069 0.018150702 -27.492795944 -0.086024962 -0.016671227 0.996153533 286.084747314
0.996163368 -0.017580371 0.085728049 23.947515488 0.016181778 0.999724865 0.016982026 -27.682643890 -0.086003006 -0.015529642 0.996173859 288.341186523
0.996107101 -0.018413501 0.086206034 24.223207474 0.016964143 0.999702632 0.017515317 -27.882030487 -0.086502932 -0.015984721 0.996123374 290.567443848
0.996024430 -0.018237492 0.087193251 24.484029770 0.016879687 0.999724925 0.016284468 -28.065921783 -0.087466240 -0.014747937 0.996058285 292.809509277
0.996025562 -0.018876141 0.087044209 24.768026352 0.017595943 0.999725759 0.015451386 -28.256603241 -0.087311991 -0.013858347 0.996084750 295.039031982
0.996006429 -0.018667558 0.087307885 25.049364090 0.017366493 0.999726892 0.015638005 -28.454357147 -0.087575987 -0.014059328 0.996058583 297.263641357
0.996002614 -0.018047981 0.087482996 25.333272934 0.016742149 0.999737561 0.015637634 -28.644298553 -0.087742276 -0.014110472 0.996043265 299.501312256
0.995936573 -0.017897680 0.088260956 25.599401474 0.016500667 0.999727190 0.016532607 -28.843421936 -0.088532791 -0.015009063 0.995960176 301.724365234
0.995934427 -0.018243341 0.088214047 25.892103195 0.016827337 0.999717772 0.016769046 -29.035861969 -0.088495068 -0.015216458 0.995960474 303.971374512
0.995896995 -0.017949773 0.088696241 26.181743622 0.016523676 0.999722540 0.016786613 -29.224473953 -0.088972948 -0.015252148 0.995917261 306.205780029
0.995892823 -0.018499877 0.088629723 26.468597412 0.017073557 0.999712706 0.016824204 -29.425548553 -0.088915505 -0.015241880 0.995922565 308.447326660
0.995844305 -0.019572541 0.088943772 26.757682800 0.018092962 0.999684691 0.017410953 -29.621250153 -0.089256495 -0.015729342 0.995884478 310.710601807
0.995803714 -0.019305985 0.089455307 27.049690247 0.017889250 0.999701977 0.016612200 -29.813716888 -0.089749336 -0.014942201 0.995852411 312.956024170
0.995825768 -0.019062335 0.089260846 27.345800400 0.017577356 0.999694347 0.017393064 -30.010965347 -0.089565098 -0.015751494 0.995856404 315.195068359
0.995758474 -0.017366115 0.090351902 27.631660461 0.015920106 0.999733806 0.016700422 -30.207820892 -0.090617873 -0.015191177 0.995769799 317.429138184
0.995743096 -0.015627226 0.090837494 27.916921616 0.014110865 0.999750495 0.017311485 -30.401500702 -0.091085382 -0.015955990 0.995715261 319.665832520
0.995692551 -0.014403120 0.091590807 28.202339172 0.012933779 0.999778271 0.016615875 -30.593658447 -0.091809809 -0.015359688 0.995658040 321.890991211
0.995651364 -0.013857388 0.092120610 28.490583420 0.012311983 0.999774158 0.017323088 -30.786666870 -0.092339866 -0.016113572 0.995597184 324.122985840
0.995658159 -0.013653308 0.092078485 28.790332794 0.011977444 0.999752879 0.018728513 -30.987329483 -0.092311427 -0.017544335 0.995575547 326.350463867
0.995599985 -0.014201291 0.092622958 29.070272446 0.012541270 0.999750555 0.018479872 -31.179586411 -0.092862293 -0.017236952 0.995529771 328.585723877
0.995603442 -0.016028102 0.092287973 29.372795105 0.014457271 0.999739468 0.017664459 -31.367357254 -0.092547081 -0.016252564 0.995575666 330.816925049
0.995575309 -0.015292547 0.092714027 29.656450272 0.013733436 0.999753773 0.017431108 -31.559169769 -0.092957750 -0.016080698 0.995540142 333.033691406
0.995531857 -0.015912827 0.093075953 29.948720932 0.014241239 0.999725580 0.018596178 -31.749422073 -0.093346350 -0.017187566 0.995485306 335.279052734
0.995564520 -0.016465319 0.092629448 30.254127502 0.014801920 0.999717116 0.018616069 -31.937467575 -0.092909731 -0.017162403 0.995526612 337.513793945
0.995540917 -0.016117852 0.092943825 30.537696838 0.014408542 0.999714911 0.019032657 -32.133205414 -0.093224116 -0.017608600 0.995489359 339.750244141
0.995559275 -0.016022436 0.092762575 30.839126587 0.014340765 0.999721050 0.018767094 -32.326591492 -0.093037382 -0.017353470 0.995511353 341.996032715
0.995554566 -0.016012557 0.092815243 31.132892609 0.014277449 0.999711275 0.019328224 -32.516506195 -0.093097933 -0.017917139 0.995495737 344.244171143
0.995566666 -0.014945045 0.092864789 31.423370361 0.013214319 0.999727786 0.019224124 -32.699722290 -0.093126833 -0.017911753 0.995493114 346.475036621
0.995587289 -0.014928247 0.092645086 31.717473984 0.013213162 0.999730289 0.019098338 -32.887268066 -0.092905194 -0.017789926 0.995515943 348.719085693
0.995580256 -0.014476361 0.092793703 32.011905670 0.012711165 0.999727488 0.019585686 -33.080341339 -0.093051948 -0.018319605 0.995492697 350.961608887
0.995622814 -0.014653184 0.092305072 32.306446075 0.012865393 0.999718428 0.019933669 -33.266689301 -0.092571184 -0.018658878 0.995531201 353.181579590
0.995629132 -0.014242525 0.092302568 32.596256256 0.012500635 0.999733210 0.019422315 -33.456481934 -0.092554562 -0.018183578 0.995541573 355.423034668
0.995663106 -0.014459998 0.091901638 32.890434265 0.012686919 0.999722600 0.019848289 -33.643096924 -0.092163146 -0.018596262 0.995570242 357.653717041
0.995742857 -0.013663708 0.091157526 33.192180634 0.011809238 0.999712825 0.020852072 -33.834747314 -0.091416262 -0.019686803 0.995618165 359.894653320
0.995797157 -0.013787911 0.090541445 33.492931366 0.011933407 0.999708354 0.020991901 -34.024108887 -0.090804480 -0.019823207 0.995671570 362.141876221
0.995854378 -0.013965167 0.089883208 33.791965485 0.012076825 0.999695480 0.021518517 -34.209987640 -0.090156347 -0.020343807 0.995719790 364.380126953
0.995911598 -0.013890925 0.089258470 34.086757660 0.012079025 0.999710441 0.020807695 -34.395309448 -0.089521676 -0.019644469 0.995791078 366.628936768
0.995941639 -0.014546812 0.088817373 34.379257202 0.012764814 0.999706328 0.020598762 -34.581745148 -0.089090951 -0.019381428 0.995834887 368.875732422
0.995940566 -0.014507670 0.088835239 34.662143707 0.012774962 0.999717474 0.020042347 -34.765522003 -0.089100927 -0.018826121 0.995844603 371.131011963
0.996000588 -0.014552976 0.088153347 34.950817108 0.012866479 0.999723732 0.019669527 -34.948467255 -0.088415235 -0.018456638 0.995912671 373.358886719
0.996138871 -0.014507580 0.086584032 35.255474091 0.012796638 0.999712288 0.020282969 -35.133285522 -0.086853392 -0.019096667 0.996038020 375.602722168
0.995994508 -0.013690759 0.088360012 35.525341034 0.011898620 0.999713302 0.020777185 -35.322532654 -0.088619158 -0.019642603 0.995871842 377.854675293
0.995990276 -0.014325485 0.088306904 35.811206818 0.012516126 0.999700963 0.021009231 -35.510734558 -0.088581450 -0.019819727 0.995871723 380.090515137
0.996011496 -0.014326220 0.088066749 36.105472565 0.012522976 0.999701142 0.020994402 -35.690380096 -0.088341199 -0.019807808 0.995893300 382.344909668
0.996021509 -0.013417051 0.088096812 36.400054932 0.011590524 0.999707818 0.021212108 -35.877815247 -0.088355668 -0.020106629 0.995886028 384.599121094
0.996007562 -0.012461509 0.088394754 36.682510376 0.010623172 0.999718010 0.021236956 -36.057464600 -0.088634469 -0.020213135 0.995859206 386.852233887
0.996045947 -0.011375702 0.088108085 36.981842041 0.009534852 0.999727964 0.021285869 -36.252067566 -0.088326238 -0.020361610 0.995883465 389.118225098
0.996019840 -0.009966180 0.088572964 37.263565063 0.008123484 0.999743521 0.021140438 -36.437751770 -0.088760912 -0.020336773 0.995845437 391.393890381
0.996058226 -0.008853052 0.088258430 37.557685852 0.006885187 0.999721348 0.022576183 -36.621917725 -0.088433683 -0.021879517 0.995841742 393.650329590
0.995991588 -0.007511767 0.089130543 37.840515137 0.005492096 0.999723077 0.022883341 -36.806949615 -0.089277744 -0.022302102 0.995757043 395.915771484
0.995913386 -0.007050055 0.090037450 38.120601654 0.005137324 0.999756575 0.021457817 -36.998153687 -0.090166800 -0.020907581 0.995707214 398.169067383
0.995834529 -0.006232584 0.090965949 38.401107788 0.004332239 0.999768555 0.021073245 -37.184310913 -0.091076225 -0.020591378 0.995631099 400.430725098
0.995790839 -0.008425617 0.091265857 38.694774628 0.006431139 0.999734521 0.022125568 -37.369144440 -0.091428056 -0.021445498 0.995580733 402.697418213
0.995722890 -0.009998636 0.091847621 38.985263824 0.007884922 0.999696314 0.023347385 -37.556598663 -0.092053168 -0.022523317 0.995499372 404.946136475
0.995737553 -0.010917776 0.091584668 39.289264679 0.008827856 0.999692023 0.023193708 -37.736759186 -0.091809690 -0.022286350 0.995527089 407.204864502
0.995736480 -0.010759094 0.091613933 39.597862244 0.008815642 0.999728024 0.021591822 -37.914379120 -0.091821335 -0.020692125 0.995560467 409.472320557
0.995719969 -0.009278629 0.091954328 39.923637390 0.007269230 0.999727964 0.022163035 -38.106281281 -0.092134960 -0.021399746 0.995516479 411.731475830
0.995638192 -0.007968385 0.092957608 40.211746216 0.005958689 0.999742806 0.021877030 -38.290222168 -0.093108036 -0.021227699 0.995429695 413.973510742
0.995557725 -0.006816631 0.093905151 40.513473511 0.004779214 0.999748588 0.021904364 -38.472026825 -0.094030865 -0.021358270 0.995340109 416.242309570
0.995501995 -0.006852126 0.094492249 40.818393707 0.004827254 0.999754131 0.021640910 -38.658088684 -0.094617315 -0.021087429 0.995290279 418.496490479
0.995414972 -0.006821473 0.095406927 41.114509583 0.004769291 0.999752700 0.021721309 -38.840843201 -0.095531501 -0.021166686 0.995201349 420.744384766
0.995332539 -0.006947096 0.096254326 41.410392761 0.004897513 0.999756515 0.021513335 -39.028503418 -0.096380368 -0.020941513 0.995124280 422.995910645
0.995261014 -0.007278727 0.096966527 41.715244293 0.005102554 0.999729931 0.022671623 -39.212852478 -0.097105362 -0.022069406 0.995029390 425.266693115
0.995228708 -0.006356575 0.097362176 42.021202087 0.004125999 0.999724805 0.023094321 -39.391311646 -0.097482190 -0.022582417 0.994980991 427.516876221
0.995152295 -0.005632311 0.098184429 42.331768036 0.003316130 0.999712765 0.023737364 -39.572441101 -0.098289922 -0.023296697 0.994885087 429.792327881
0.995162368 -0.006027607 0.098058760 42.640892029 0.003681058 0.999703050 0.024093378 -39.764328003 -0.098174840 -0.023615869 0.994888902 432.037719727
0.995125830 -0.006826402 0.098376147 42.954727173 0.004516653 0.999709249 0.023682365 -39.954975128 -0.098509200 -0.023122603 0.994867384 434.301055908
0.995103896 -0.005894784 0.098658487 43.267398834 0.003553037 0.999708176 0.023894778 -40.125667572 -0.098770581 -0.023427248 0.994834423 436.567413330
0.995078027 -0.006439367 0.098885231 43.582679749 0.004064743 0.999698937 0.024196662 -40.309921265 -0.099011257 -0.023675619 0.994804621 438.854125977
0.995108962 -0.006013994 0.098600067 43.909156799 0.003614751 0.999693453 0.024493679 -40.489936829 -0.098717131 -0.024017461 0.994825780 441.136779785
0.995108068 -0.006173750 0.098599240 44.222339630 0.003753766 0.999687672 0.024710309 -40.668533325 -0.098721005 -0.024219310 0.994820356 443.404510498
0.995011151 -0.005978156 0.099584587 44.518226624 0.003449732 0.999667764 0.025542596 -40.848854065 -0.099704184 -0.025071625 0.994701326 445.643249512
0.995003760 -0.005880497 0.099664241 44.831901550 0.003396195 0.999679744 0.025078075 -41.026901245 -0.099779777 -0.024614295 0.994705021 447.904663086
0.994989097 -0.004810614 0.099867404 45.146335602 0.002368728 0.999695659 0.024555467 -41.206474304 -0.099955127 -0.024195863 0.994697630 450.157165527
0.994946957 -0.004416060 0.100304008 45.457431793 0.002007314 0.999707460 0.024102690 -41.388900757 -0.100381099 -0.023779554 0.994664848 452.415344238
0.994853675 -0.004090517 0.101239584 45.764530182 0.001649253 0.999706149 0.024185689 -41.562782288 -0.101308763 -0.023894250 0.994568050 454.685455322
0.994823158 -0.004091901 0.101539776 46.071964264 0.001659793 0.999709904 0.024025209 -41.750053406 -0.101608671 -0.023732295 0.994541347 456.944641113
0.994819224 -0.003117390 0.101611368 46.398509979 0.000763304 0.999730587 0.023198210 -41.930027008 -0.101656295 -0.023000464 0.994553685 459.229980469
0.994815052 -0.002141665 0.101678178 46.717502594 -0.000276508 0.999717593 0.023762567 -42.113945007 -0.101700358 -0.023667477 0.994533479 461.514434814
0.994833052 -0.001816594 0.101508096 47.037471771 -0.000696790 0.999694169 0.024719480 -42.293479919 -0.101521961 -0.024662487 0.994527519 463.792480469
0.994862795 -0.001689715 0.101218261 47.346721649 -0.000867788 0.999681592 0.025217844 -42.470939636 -0.101228647 -0.025176140 0.994544566 466.058441162
0.994938433 -0.001432531 0.100476041 47.665451050 -0.001000802 0.999707520 0.024163451 -42.649723053 -0.100481272 -0.024141703 0.994646013 468.339660645
0.995018363 -0.001582888 0.099679351 47.994960785 -0.000781788 0.999719322 0.023679297 -42.834838867 -0.099688850 -0.023639264 0.994737804 470.635711670
0.995088458 -0.002147868 0.098965921 48.310794830 -0.000326272 0.999687970 0.024976961 -43.024669647 -0.098988689 -0.024886573 0.994777322 472.912689209
0.995115697 -0.002048706 0.098694049 48.615219116 -0.000408009 0.999690771 0.024865620 -43.205112457 -0.098714478 -0.024784438 0.994807124 475.181091309
0.995172560 -0.002044211 0.098118842 48.928138733 -0.000372454 0.999697089 0.024605339 -43.371406555 -0.098139405 -0.024523107 0.994870484 477.469146729
0.995170832 -0.002309839 0.098132141 49.235774994 -0.000184851 0.999677241 0.025405049 -43.555397034 -0.098159164 -0.025300497 0.994849086 479.742218018
0.995232344 -0.002635727 0.097496584 49.554206848 0.000114083 0.999665558 0.025860451 -43.732173920 -0.097532146 -0.025726041 0.994899750 482.014801025
0.995242059 -0.003397275 0.097374119 49.857524872 0.000974402 0.999689043 0.024918864 -43.908527374 -0.097428486 -0.024705421 0.994935811 484.303863525
0.995325506 -0.004585742 0.096468039 50.174530029 0.002058562 0.999652505 0.026280286 -44.107501984 -0.096555032 -0.025958857 0.994989097 486.610565186
0.995399356 -0.005057220 0.095679060 50.488101959 0.002561656 0.999653757 0.026187520 -44.279129028 -0.095778383 -0.025821945 0.995067656 488.894805908
0.995382190 -0.004752285 0.095873646 50.761226654 0.002192067 0.999638617 0.026791755 -44.464889526 -0.095966294 -0.026457874 0.995032907 491.164093018
0.995455265 -0.003860598 0.095151201 51.076637268 0.001313047 0.999639392 0.026821805 -44.634956360 -0.095220447 -0.026574967 0.995101392 493.446289062
0.995442688 -0.003315548 0.095303886 51.367702484 0.000800275 0.999650657 0.026418246 -44.807781219 -0.095358178 -0.026221581 0.995097578 495.733795166
0.995516598 -0.003369097 0.094526552 51.687252045 0.000910398 0.999660373 0.026041733 -44.991977692 -0.094582170 -0.025838921 0.995181620 498.024353027
0.995560169 -0.002799928 0.094085366 51.989963531 0.000299411 0.999646604 0.026580738 -45.165325165 -0.094126508 -0.026434559 0.995209217 500.315032959
0.995536029 -0.002221237 0.094355926 52.282947540 -0.000313730 0.999639630 0.026842685 -45.345710754 -0.094381526 -0.026752461 0.995176554 502.590148926
0.995582819 -0.001303815 0.093878657 52.592704773 -0.001150386 0.999659061 0.026083397 -45.523696899 -0.093880646 -0.026076179 0.995241880 504.875152588
0.995562136 -0.001286217 0.094097257 52.885223389 -0.001240341 0.999640405 0.026787084 -45.700653076 -0.094097868 -0.026784923 0.995202482 507.157653809
0.995560884 -0.001981244 0.094099134 53.180862427 -0.000472812 0.999660552 0.026050024 -45.882781982 -0.094118804 -0.025978878 0.995221972 509.439453125
0.995617867 -0.002786450 0.093473688 53.493186951 0.000275128 0.999638855 0.026868755 -46.067131042 -0.093514808 -0.026725296 0.995259047 511.734283447
0.995603979 -0.002477139 0.093629561 53.790943146 -0.000069069 0.999630511 0.027181463 -46.242527008 -0.093662307 -0.027068440 0.995235980 514.032470703
0.995614648 -0.001765786 0.093532965 54.090011597 -0.000755277 0.999637485 0.026911492 -46.419281006 -0.093546569 -0.026864119 0.995252430 516.327209473
0.995584190 -0.000770777 0.093870126 54.381000519 -0.001771316 0.999634027 0.026994627 -46.601066589 -0.093856573 -0.027041698 0.995218456 518.619995117
0.995503426 0.001311364 0.094716422 54.676097870 -0.003865877 0.999633491 0.026791649 -46.775497437 -0.094646595 -0.027037339 0.995143712 520.953369141
0.995421231 0.003243367 0.095529705 54.984100342 -0.005841232 0.999620259 0.026927242 -46.954223633 -0.095406100 -0.027361961 0.995062232 523.287109375
0.995370388 0.003831820 0.096037216 55.294498444 -0.006540825 0.999589086 0.027908945 -47.123771667 -0.095890813 -0.028407900 0.994986415 525.605102539
0.995312750 0.003324130 0.096651539 55.597801208 -0.006035634 0.999595940 0.027775614 -47.297622681 -0.096520148 -0.028228775 0.994930625 527.909118652
0.995282829 0.001547908 0.097004600 55.906543732 -0.004374698 0.999571741 0.028934874 -47.469184875 -0.096918285 -0.029222745 0.994863272 530.221130371
0.995218337 -0.000085801 0.097675212 56.225208282 -0.002735524 0.999582827 0.028750477 -47.643440247 -0.097636931 -0.028880198 0.994802952 532.538757324
0.995207012 -0.000376982 0.097789019 56.538970947 -0.002401390 0.999596775 0.028292658 -47.818733215 -0.097760260 -0.028391885 0.994804859 534.845642090
0.995141625 -0.000567882 0.098452076 56.856765747 -0.002206322 0.999603629 0.028067049 -47.995208740 -0.098428987 -0.028147910 0.994745910 537.161193848
0.995064974 0.000029739 0.099225260 57.166400909 -0.002770257 0.999618471 0.027481498 -48.171680450 -0.099186584 -0.027620757 0.994685411 539.457946777
0.994966924 0.000720594 0.100202382 57.477901459 -0.003464222 0.999623775 0.027209559 -48.349021912 -0.100145087 -0.027419733 0.994594932 541.780822754
0.994890153 0.001004063 0.100958347 57.798511505 -0.003656315 0.999653041 0.026089149 -48.524272919 -0.100897126 -0.026324974 0.994548440 544.105529785
0.994756103 0.000904786 0.102271639 58.106906891 -0.003695317 0.999625981 0.027099313 -48.704471588 -0.102208875 -0.027335130 0.994387329 546.419372559
0.994636714 0.000757640 0.103426896 58.410789490 -0.003644932 0.999608815 0.027730117 -48.886016846 -0.103365421 -0.027958378 0.994250417 548.712036133
0.994571805 0.000340651 0.104052141 58.729438782 -0.003283684 0.999599218 0.028114226 -49.065303802 -0.104000874 -0.028303284 0.994174361 551.014221191
0.994617999 -0.000735391 0.103607111 59.066440582 -0.002088056 0.999629378 0.027140379 -49.240081787 -0.103588685 -0.027210647 0.994247913 553.329284668
0.994617462 -0.001212118 0.103607297 59.400085449 -0.001667059 0.999614954 0.027698224 -49.420234680 -0.103600979 -0.027721856 0.994232535 555.648437500
0.994573057 -0.000764121 0.104037203 59.726917267 -0.002171916 0.999602616 0.028104825 -49.595516205 -0.104017347 -0.028178267 0.994176209 557.956115723
0.994533062 0.000011997 0.104422428 60.058273315 -0.003053223 0.999575794 0.028964462 -49.768814087 -0.104377784 -0.029124942 0.994111180 560.291564941
0.994531572 -0.000649604 0.104434386 60.393669128 -0.002475385 0.999553025 0.029790588 -49.946464539 -0.104407057 -0.029886194 0.994085431 562.615600586
0.994494855 -0.000155851 0.104785018 60.726772308 -0.003066421 0.999527276 0.030589456 -50.116794586 -0.104740255 -0.030742371 0.994024277 564.929931641
0.994447172 0.000722415 0.105234742 61.066211700 -0.003888142 0.999545932 0.029880492 -50.290649414 -0.105165362 -0.030123737 0.993998349 567.255065918
0.994486392 0.001506731 0.104854681 61.417751312 -0.004487379 0.999592304 0.028196352 -50.456062317 -0.104769453 -0.028511411 0.994087756 569.595153809
0.994424760 0.001840100 0.105432078 61.756282806 -0.004852051 0.999587178 0.028318323 -50.631484985 -0.105336443 -0.028672004 0.994023263 571.916320801
0.994476080 0.001635819 0.104950540 62.109947205 -0.004767442 0.999550581 0.029595116 -50.814437866 -0.104854964 -0.029931985 0.994036973 574.296020508
0.994477928 0.001550210 0.104934320 62.453147888 -0.004823872 0.999509215 0.030950652 -50.993602753 -0.104834855 -0.031285930 0.993997335 576.609130859
0.994404674 0.002016996 0.105618469 62.787029266 -0.005130571 0.999559939 0.029216059 -51.164489746 -0.105513059 -0.029594468 0.993977427 578.993591309
0.994454086 0.001364391 0.105162978 63.129592896 -0.004415198 0.999575853 0.028782932 -51.330322266 -0.105079107 -0.029087622 0.994038403 581.332275391
0.994410396 0.000547919 0.105581954 63.461860657 -0.003803722 0.999523342 0.030637849 -51.515594482 -0.105514832 -0.030868202 0.993938506 583.640686035
0.994493544 0.000672492 0.104795180 63.804260254 -0.003898474 0.999524593 0.030581888 -51.685192108 -0.104724810 -0.030822033 0.994023502 585.958862305
0.994412661 -0.002192672 0.105539836 64.140830994 -0.000941781 0.999560118 0.029640235 -51.865402222 -0.105558425 -0.029574022 0.993973255 588.305541992
0.994469821 -0.002363380 0.104996204 64.490043640 -0.000726615 0.999567986 0.029381592 -52.031509399 -0.105020292 -0.029295398 0.994038463 590.649291992
0.994507015 -0.004189198 0.104585290 64.825897217 0.001074000 0.999554574 0.029824743 -52.204734802 -0.104663655 -0.029548595 0.994068623 592.979614258
0.994560659 -0.004991714 0.104039229 65.173622131 0.001880396 0.999548614 0.029981906 -52.377746582 -0.104141921 -0.029623186 0.994121194 595.334533691
