1.000000000 0.000000000 0.000000000 0.000000000 0.000000000 1.000000000 0.000000000 0.000000000 0.000000000 0.000000000 1.000000000 0.000000000
0.999999881 0.000175748 0.000461547 0.086102396 -0.000175705 1.000000000 -0.000092618 -0.226493523 -0.000461563 0.000092536 0.999999881 2.287603617
0.999999106 0.000519557 0.001231854 0.163816571 -0.000520050 0.999999762 0.000400369 -0.463048100 -0.001231646 -0.000401009 0.999999166 4.583889961
0.999998271 0.000247042 0.001830505 0.259887367 -0.000248161 0.999999702 0.000611054 -0.694117248 -0.001830353 -0.000611507 0.999998152 6.872484207
0.999996305 0.000199364 0.002701748 0.353122681 -0.000196503 0.999999523 -0.001059196 -0.926290929 -0.002701958 0.001058661 0.999995708 9.168935776
0.999986231 0.002000623 0.004847823 0.444008023 -0.002002435 0.999997795 0.000368977 -1.162446856 -0.004847074 -0.000378680 0.999988139 11.474637032
0.999962151 0.004115046 0.007668668 0.526903510 -0.004126623 0.999990344 0.001494465 -1.390616775 -0.007662445 -0.001526054 0.999969423 13.782942772
0.999946177 0.003767992 0.009665508 0.639771342 -0.003803911 0.999985874 0.003700480 -1.616009116 -0.009651429 -0.003737048 0.999946475 16.054904938
0.999939203 0.003758046 0.010362327 0.764776349 -0.003808807 0.999980748 0.004883233 -1.846351862 -0.010343776 -0.004922404 0.999934375 18.400667191
0.999933243 0.002809091 0.011209161 0.890044570 -0.002864930 0.999983549 0.004968629 -2.070856571 -0.011195020 -0.005000412 0.999924839 20.686532974
0.999927700 0.000466703 0.012014449 1.002132535 -0.000503211 0.999995232 0.003035842 -2.305791616 -0.012012976 -0.003041669 0.999923170 23.012735367
0.999914944 -0.001809491 0.012917177 1.108919144 0.001796590 0.999997795 0.001010305 -2.526272774 -0.012918977 -0.000987012 0.999916017 25.295467377
0.999917328 -0.002704978 0.012560665 1.248414397 0.002699263 0.999996245 0.000471926 -2.774616957 -0.012561894 -0.000437982 0.999921024 27.609409332
0.999906898 -0.002467752 0.013414881 1.357806921 0.002473827 0.999996781 -0.000436249 -3.001258135 -0.013413763 0.000469394 0.999909878 29.897573471
0.999899983 -0.000327140 0.014136981 1.478155136 0.000298140 0.999997854 0.002053404 -3.230004549 -0.014137622 -0.002048984 0.999897957 32.185764313
0.999899328 0.001746034 0.014083839 1.609507442 -0.001806138 0.999989331 0.004255975 -3.450298786 -0.014076257 -0.004280983 0.999891758 34.466972351
0.999868751 0.004026228 0.015694588 1.722645283 -0.004156976 0.999956965 0.008307125 -3.684431553 -0.015660468 -0.008371279 0.999842346 36.778099060
0.999847174 0.005861587 0.016472373 1.837849855 -0.005992296 0.999950886 0.007896927 -3.902716160 -0.016425274 -0.007994427 0.999833167 39.051246643
0.999823391 0.004938321 0.018131778 1.944757700 -0.005047049 0.999969482 0.005955693 -4.102912426 -0.018101810 -0.006046153 0.999817848 41.347858429
0.999826312 0.002513222 0.018460821 2.066454887 -0.002609808 0.999983013 0.005209730 -4.329871655 -0.018447414 -0.005257005 0.999815941 43.624950409
0.999830306 0.002053648 0.018305436 2.204741478 -0.002126118 0.999989986 0.003940329 -4.553634644 -0.018297160 -0.003978580 0.999824703 45.863842010
0.999824822 0.001260003 0.018671477 2.322216988 -0.001321219 0.999993801 0.003266640 -4.785673141 -0.018667243 -0.003290738 0.999820352 48.143081665
0.999826074 -0.000364280 0.018647712 2.459112167 0.000296474 0.999993324 0.003638780 -5.014388561 -0.018648913 -0.003632618 0.999819517 50.426544189
0.999807358 -0.001216981 0.019590450 2.587672472 0.001139405 0.999991477 0.003970542 -5.237888336 -0.019595109 -0.003947455 0.999800205 52.692802429
0.999802768 -0.002387971 0.019717034 2.724344015 0.002310979 0.999989688 0.003926713 -5.466924191 -0.019726209 -0.003880373 0.999797881 54.974868774
0.999774873 -0.002678139 0.021054788 2.849872351 0.002583917 0.999986529 0.004501027 -5.698799610 -0.021066559 -0.004445608 0.999768198 57.268760681
0.999759316 -0.003979309 0.021573583 2.988515377 0.003868388 0.999979019 0.005180828 -5.922776699 -0.021593746 -0.005096126 0.999753773 59.536327362
0.999718368 -0.005430191 0.023101160 3.114673138 0.005326724 0.999975443 0.004538125 -6.146087646 -0.023125237 -0.004413794 0.999722779 61.805309296
0.999704123 -0.006165966 0.023530014 3.264344215 0.006064658 0.999972165 0.004374444 -6.369154930 -0.023556327 -0.004230448 0.999713540 64.059799194
0.999675095 -0.005681473 0.024849189 3.402406216 0.005560157 0.999972284 0.004948436 -6.590576172 -0.024876611 -0.004808662 0.999678969 66.331825256
0.999654949 -0.004741235 0.025835533 3.549582481 0.004605518 0.999975324 0.005310096 -6.816987514 -0.025860075 -0.005189278 0.999652088 68.594146729
0.999622524 -0.004870694 0.027035445 3.687809944 0.004736850 0.999976158 0.005012497 -7.040583134 -0.027059218 -0.004882541 0.999621928 70.849700928
0.999609232 -0.005683627 0.027369656 3.845807552 0.005584490 0.999977529 0.003697197 -7.264157295 -0.027390052 -0.003542906 0.999618649 73.107093811
0.999591172 -0.006582444 0.027823281 4.001729965 0.006465712 0.999969900 0.004283327 -7.490993977 -0.027850639 -0.004101678 0.999603689 75.385475159
0.999546051 -0.007889180 0.029078048 4.159813881 0.007781025 0.999962389 0.003830737 -7.720935822 -0.029107176 -0.003602740 0.999569833 77.648239136
0.999543011 -0.008973646 0.028863769 4.318195820 0.008877833 0.999954581 0.003445920 -7.948776722 -0.028893379 -0.003188097 0.999577403 79.913825989
0.999517620 -0.009403650 0.029598348 4.466694355 0.009318651 0.999952078 0.003008417 -8.164209366 -0.029625215 -0.002731150 0.999557316 82.167602539
0.999497473 -0.009000882 0.030393943 4.632405281 0.008916333 0.999955952 0.002916182 -8.391907692 -0.030418856 -0.002643714 0.999533713 84.448783875
0.999446809 -0.008710421 0.032095663 4.785520554 0.008610006 0.999957621 0.003265492 -8.608541489 -0.032122746 -0.002987341 0.999479532 86.705070496
0.999442875 -0.008440028 0.032289255 4.952700615 0.008287058 0.999953926 0.004868373 -8.845042229 -0.032328848 -0.004598078 0.999466717 88.987182617
0.999413133 -0.007348243 0.033457126 5.108733177 0.007163606 0.999958456 0.005635156 -9.072829247 -0.033497136 -0.005392177 0.999424279 91.245773315
0.999386966 -0.007245759 0.034252532 5.275103092 0.007060792 0.999959767 0.005517972 -9.292613983 -0.034291141 -0.005272739 0.999397933 93.501098633
0.999364972 -0.007525652 0.034826979 5.442821503 0.007366340 0.999961793 0.004700402 -9.506445885 -0.034861024 -0.004440871 0.999382257 95.757225037
0.999339104 -0.007868846 0.035486832 5.609854698 0.007691513 0.999957263 0.005130895 -9.728003502 -0.035525687 -0.004854558 0.999356925 98.014884949
0.999307275 -0.007539763 0.036446922 5.770466805 0.007372351 0.999961615 0.004725527 -9.959280014 -0.036481157 -0.004453553 0.999324441 100.255729675
0.999234259 -0.007568706 0.038386889 5.921125412 0.007354463 0.999956608 0.005719311 -10.173828125 -0.038428515 -0.005432616 0.999246657 102.479995728
0.999244094 -0.008130802 0.038015336 6.124748707 0.007916769 0.999951899 0.005777357 -10.398726463 -0.038060479 -0.005472030 0.999260426 104.753807068
0.999208868 -0.008541820 0.038841177 6.298898697 0.008300676 0.999945283 0.006365499 -10.614242554 -0.038893424 -0.006038054 0.999225140 106.994819641
0.999185741 -0.009894033 0.039113536 6.483561993 0.009640482 0.999931276 0.006665738 -10.831971169 -0.039176803 -0.006283237 0.999212682 109.249046326
0.999147952 -0.010845196 0.039821833 6.664999008 0.010559855 0.999917090 0.007368787 -11.053199768 -0.039898448 -0.006941997 0.999179602 111.505058289
0.999128997 -0.011704398 0.040051673 6.855071068 0.011474330 0.999916375 0.005969364 -11.272001266 -0.040118191 -0.005504598 0.999179721 113.767761230
0.999076784 -0.012127531 0.041212596 7.032732010 0.011935115 0.999916732 0.004911689 -11.489920616 -0.041268729 -0.004415279 0.999138355 116.019371033
0.999040306 -0.012725513 0.041910481 7.212187290 0.012511893 0.999907315 0.005355454 -11.716314316 -0.041974749 -0.004825934 0.999107003 118.264785767
0.998988509 -0.012825854 0.043098409 7.398270607 0.012563717 0.999900937 0.006347675 -11.941784859 -0.043175552 -0.005799779 0.999050677 120.533241272
0.998974025 -0.013583236 0.043203503 7.600909233 0.013302459 0.999888539 0.006779866 -12.162714005 -0.043290779 -0.006198197 0.999043345 122.742141724
0.998924911 -0.014245857 0.044112947 7.800550938 0.013974458 0.999881506 0.006454655 -12.389162064 -0.044199657 -0.005831262 0.999005795 125.047309875
0.998881996 -0.014268710 0.045068838 7.977596283 0.014018020 0.999884427 0.005873589 -12.615828514 -0.045147438 -0.005235246 0.998966634 127.309303284
0.998863578 -0.016053749 0.044875979 8.168334961 0.015791485 0.999856114 0.006192533 -12.833387375 -0.044968937 -0.005476837 0.998973370 129.577636719
0.998875141 -0.017183950 0.044193882 8.351820946 0.016914137 0.999836028 0.006471998 -13.048585892 -0.044297844 -0.005717216 0.999001980 131.828674316
0.998924673 -0.017598297 0.042893112 8.545964241 0.017291619 0.999822319 0.007510409 -13.264648438 -0.043017652 -0.006760641 0.999051452 134.065673828
0.998975456 -0.018581267 0.041264530 8.742656708 0.018286875 0.999804676 0.007500351 -13.494301796 -0.041395836 -0.006738068 0.999120116 136.319198608
0.999048352 -0.019271551 0.039126042 8.952569008 0.019016813 0.999795616 0.006872371 -13.704528809 -0.039250486 -0.006121780 0.999210656 138.542144775
0.999020815 -0.020355059 0.039281517 9.110079765 0.020082694 0.999771535 0.007315964 -13.927822113 -0.039421469 -0.006519923 0.999201417 140.820938110
0.999003589 -0.020628097 0.039576821 9.273134232 0.020360569 0.999767125 0.007150965 -14.130781174 -0.039715119 -0.006338032 0.999190927 143.053573608
0.999055684 -0.020990895 0.038040400 9.473056793 0.020670654 0.999747634 0.008792259 -14.362539291 -0.038215350 -0.007997635 0.999237537 145.305740356
0.999077320 -0.020055447 0.037977070 9.647750854 0.019779062 0.999775171 0.007639509 -14.574388504 -0.038121738 -0.006881310 0.999249518 147.558181763
0.999097466 -0.019034369 0.037973411 9.827464104 0.018816127 0.999804378 0.006096500 -14.789247513 -0.038082033 -0.005376484 0.999260128 149.804824829
0.999112010 -0.017680172 0.038243726 10.001552582 0.017498331 0.999833882 0.005084234 -15.005955696 -0.038327262 -0.004410519 0.999255419 152.051391602
0.999121726 -0.016904000 0.038337369 10.186716080 0.016715234 0.999846518 0.005238998 -15.222084999 -0.038420051 -0.004593580 0.999251127 154.291915894
0.999101758 -0.016363794 0.039089054 10.368881226 0.016168933 0.999855220 0.005296052 -15.436132431 -0.039170068 -0.004659267 0.999221683 156.551605225
0.999109864 -0.015092229 0.039391994 10.539327621 0.014826197 0.999865294 0.007036845 -15.660618782 -0.039492890 -0.006446547 0.999199033 158.779754639
0.999055922 -0.014298283 0.041023556 10.714363098 0.013984787 0.999870896 0.007918733 -15.876089096 -0.041131482 -0.007337552 0.999126792 161.014373779
0.999044240 -0.013245927 0.041655198 10.891260147 0.012841785 0.999867976 0.009954778 -16.100706100 -0.041781560 -0.009410338 0.999082446 163.307601929
0.999012828 -0.012824155 0.042530973 11.072662354 0.012452976 0.999882042 0.008980745 -16.302366257 -0.042641129 -0.008442242 0.999054790 165.569610596
0.998966277 -0.012070144 0.043825939 11.261521339 0.011732440 0.999899447 0.007954622 -16.515695572 -0.043917555 -0.007432215 0.999007463 167.799102783
0.998927295 -0.010277687 0.045151070 11.461454391 0.009940238 0.999920964 0.007691977 -16.730306625 -0.045226559 -0.007234913 0.998950541 170.068969727
0.998817265 -0.009537193 0.047677550 11.651094437 0.009175090 0.999927342 0.007807948 -16.942853928 -0.047748547 -0.007361267 0.998832285 172.320709229
0.998701036 -0.009726612 0.050016627 11.850509644 0.009352307 0.999926507 0.007712247 -17.160264969 -0.050087970 -0.007234457 0.998718560 174.592193604
0.998620689 -0.009816536 0.051577497 12.055150032 0.009401499 0.999921441 0.008283322 -17.378540039 -0.051654760 -0.007786991 0.998634636 176.839843750
0.998561859 -0.010267964 0.052618980 12.251606941 0.009814491 0.999912500 0.008869203 -17.585369110 -0.052705444 -0.008340020 0.998575270 179.081893921
0.998554885 -0.011964645 0.052392725 12.469872475 0.011511112 0.999893665 0.008949635 -17.811611176 -0.052494239 -0.008333603 0.998586416 181.351638794
0.998523474 -0.012786848 0.052795723 12.668695450 0.012335905 0.999884605 0.008858327 -18.022659302 -0.052902911 -0.008193963 0.998565972 183.594985962
0.998577714 -0.014769506 0.051228855 12.894593239 0.014366126 0.999862850 0.008233459 -18.237531662 -0.051343437 -0.007485789 0.998652935 185.847747803
0.998581111 -0.016396478 0.050665088 13.102659225 0.015961938 0.999832392 0.008969497 -18.449926376 -0.050803661 -0.008148056 0.998675406 188.100631714
0.998595655 -0.017253272 0.050090738 13.311655045 0.016850013 0.999822199 0.008461835 -18.658809662 -0.050227825 -0.007605919 0.998708844 190.343780518
0.998559594 -0.018458493 0.050377406 13.505448341 0.018055527 0.999801457 0.008442337 -18.878597260 -0.050523229 -0.007520585 0.998694599 192.584426880
0.998516619 -0.019601058 0.050797511 13.692110062 0.019221056 0.999783635 0.007958501 -19.085239410 -0.050942507 -0.006970313 0.998677313 194.821868896
0.998548687 -0.020044826 0.049987268 13.922740936 0.019645214 0.999771118 0.008472703 -19.317228317 -0.050145652 -0.007478397 0.998713911 197.079849243
0.998566329 -0.017955450 0.050427448 14.123100281 0.017565908 0.999812424 0.008157459 -19.523696899 -0.050564453 -0.007259962 0.998694420 199.323791504
0.998585880 -0.015982341 0.050701633 14.322818756 0.015585812 0.999844849 0.008206625 -19.742717743 -0.050824929 -0.007404795 0.998680055 201.558273315
0.998563290 -0.015729558 0.051224567 14.529554367 0.015384145 0.999856234 0.007130428 -19.952503204 -0.051329367 -0.006332138 0.998661637 203.817520142
0.998522460 -0.015936969 0.051952314 14.725955963 0.015552662 0.999848664 0.007793229 -20.161441803 -0.052068654 -0.006973717 0.998619080 206.042434692
0.998493969 -0.017541684 0.051980246 14.951744080 0.017145118 0.999820471 0.008065262 -20.387153625 -0.052112397 -0.007161908 0.998615563 208.296920776
0.998432279 -0.017003391 0.053327452 15.153505325 0.016586890 0.999828458 0.008243068 -20.590293884 -0.053458467 -0.007345609 0.998543024 210.542480469
0.998369932 -0.017614035 0.054290369 15.378258705 0.017104002 0.999805212 0.009845071 -20.824897766 -0.054453205 -0.008900438 0.998476624 212.782119751
0.998320818 -0.016190413 0.055617169 15.611355782 0.015656164 0.999827147 0.010028163 -21.033514023 -0.055769920 -0.009140573 0.998401821 215.012802124
0.998162925 -0.014409673 0.058848530 15.832201958 0.013833442 0.999852359 0.010187484 -21.247245789 -0.058986638 -0.009354693 0.998214900 217.304733276
0.998029172 -0.014335427 0.061092094 16.055419922 0.013712777 0.999849796 0.010599152 -21.455705643 -0.061234869 -0.009740521 0.998075843 219.553298950
0.997902095 -0.015679479 0.062813722 16.286977768 0.015008033 0.999825239 0.011147048 -21.660106659 -0.062977538 -0.010180952 0.997963011 221.787231445
0.997794807 -0.016980385 0.064165071 16.516887665 0.016246952 0.999796689 0.011935087 -21.863697052 -0.064354680 -0.010866283 0.997867882 224.023345947
0.997720122 -0.018959096 0.064770013 16.762454987 0.018250696 0.999767184 0.011511400 -22.077589035 -0.064973190 -0.010303060 0.997833848 226.259246826
0.997674942 -0.020201093 0.065089770 16.998363495 0.019516494 0.999747515 0.011136547 -22.280002594 -0.065298304 -0.009840329 0.997817278 228.510162354
0.997637749 -0.020565799 0.065543123 17.237794876 0.019866057 0.999738812 0.011310048 -22.483478546 -0.065758586 -0.009981251 0.997785628 230.750579834
0.997563243 -0.021934532 0.066231318 17.473167419 0.021287188 0.999718666 0.010463978 -22.689617157 -0.066442207 -0.009028601 0.997749388 232.992599487
0.997568429 -0.022601647 0.065929346 17.743465424 0.021888107 0.999693930 0.011525257 -22.901357651 -0.066169679 -0.010054163 0.997757673 235.284011841
0.997537494 -0.022478344 0.066434376 17.984745026 0.021753004 0.999695837 0.011621476 -23.104402542 -0.066675417 -0.010147712 0.997723043 237.526733398
0.997500420 -0.022090103 0.067117527 18.219713211 0.021368627 0.999706089 0.011448423 -23.306249619 -0.067350678 -0.009985600 0.997679353 239.752014160
0.997467399 -0.022324679 0.067529812 18.462259293 0.021574557 0.999697328 0.011817123 -23.514007568 -0.067773193 -0.010330271 0.997647226 241.981155396
0.997425139 -0.022700068 0.068028182 18.706531525 0.021949764 0.999690056 0.011756564 -23.712463379 -0.068273962 -0.010233092 0.997614145 244.223571777
0.997390270 -0.022715868 0.068531856 18.950353622 0.022005629 0.999696136 0.011100956 -23.922962189 -0.068763211 -0.009563898 0.997587085 246.454147339
0.997401834 -0.022344889 0.068485595 19.205043793 0.021687292 0.999711394 0.010330619 -24.132373810 -0.068696663 -0.008818514 0.997598529 248.695266724
0.997373402 -0.022612454 0.068810806 19.452100754 0.021917637 0.999701083 0.010835874 -24.339019775 -0.069035269 -0.009299243 0.997570813 250.934265137
0.997341394 -0.023725331 0.068899907 19.702245712 0.023039190 0.999676883 0.010736214 -24.545770645 -0.069132358 -0.009120272 0.997565806 253.165344238
0.997340739 -0.023853911 0.068865739 19.961561203 0.023119951 0.999667287 0.011435340 -24.752834320 -0.069115616 -0.009812758 0.997560382 255.423126221
0.997308731 -0.024493253 0.069104619 20.195112228 0.023755141 0.999651790 0.011482894 -24.957342148 -0.069361806 -0.009810399 0.997543275 257.641296387
0.997298896 -0.024781376 0.069143705 20.466962814 0.023993336 0.999637723 0.012204587 -25.176902771 -0.069421090 -0.010512636 0.997532070 259.920806885
0.997267485 -0.024422003 0.069721736 20.720342636 0.023668993 0.999652505 0.011606117 -25.378852844 -0.069980942 -0.009924159 0.997498989 262.162384033
0.997237086 -0.024353517 0.070177987 20.973724365 0.023628699 0.999658704 0.011140035 -25.581825256 -0.070425332 -0.009451043 0.997472286 264.418640137
0.997214317 -0.023584438 0.070764177 21.231681824 0.022883536 0.999680817 0.010699278 -25.791679382 -0.070993938 -0.009050136 0.997435689 266.658782959
0.997161090 -0.022855407 0.071745120 21.487987518 0.022148073 0.999698102 0.010639106 -25.992691040 -0.071966611 -0.009019887 0.997366309 268.907989502
0.997034550 -0.022345267 0.073639348 21.732265472 0.021626502 0.999710441 0.010543666 -26.217428207 -0.073853649 -0.008919834 0.997229218 271.166992188
0.996943235 -0.023072250 0.074645646 22.001852036 0.022304101 0.999689460 0.011108007 -26.430171967 -0.074878752 -0.009409147 0.997148275 273.415466309
0.996764123 -0.023386922 0.076904841 22.250164032 0.022558883 0.999678016 0.011618339 -26.631921768 -0.077151790 -0.009845854 0.996970713 275.664978027
0.996653497 -0.023287851 0.078355268 22.519609451 0.022376819 0.999671638 0.012485087 -26.825185776 -0.078620307 -0.010689965 0.996847272 277.906372070
0.996602476 -0.022722539 0.079165526 22.802597046 0.021649955 0.999662280 0.014380773 -27.048357010 -0.079465561 -0.012617988 0.996757746 280.166625977
0.996523857 -0.022551805 0.080196835 23.081375122 0.021368917 0.999650240 0.015577658 -27.254579544 -0.080520093 -0.013809787 0.996657372 282.404327393
0.996441185 -0.021338999 0.081545196 23.351428986 0.020161042 0.999680579 0.015241818 -27.443656921 -0.081844397 -0.013543540 0.996553123 284.668640137
0.996327877 -0.020429164 0.083146766 23.616861343 0.019270901 0.999706149 0.014709195 -27.637845993 -0.083422832 -0.013052869 0.996428728 286.898284912
0.996312022 -0.019551644 0.083547167 23.892705917 0.018495999 0.999739230 0.013390751 -27.827087402 -0.083787195 -0.011796076 0.996413827 289.151397705
0.996233225 -0.020347985 0.084292985 24.161727905 0.019257544 0.999720216 0.013729352 -28.032756805 -0.084548764 -0.012054359 0.996346414 291.378997803
0.996204078 -0.020104693 0.084694102 24.430263519 0.019110648 0.999738812 0.012531384 -28.227245331 -0.084923916 -0.010865258 0.996328175 293.653839111
0.996220052 -0.020678798 0.084367201 24.710407257 0.019767428 0.999737024 0.011623587 -28.425910950 -0.084585361 -0.009911928 0.996366858 295.880950928
0.996216893 -0.020689892 0.084402807 24.989475250 0.019789230 0.999738097 0.011493772 -28.628932953 -0.084618501 -0.009780024 0.996365368 298.116851807
0.996212959 -0.020083221 0.084595434 25.267126083 0.019173862 0.999749541 0.011548358 -28.828483582 -0.084806159 -0.009882602 0.996348441 300.356201172
0.996171176 -0.019686667 0.085178733 25.528493881 0.018646697 0.999741793 0.012987783 -29.044427872 -0.085412428 -0.011349753 0.996280968 302.590850830
0.996172488 -0.019956464 0.085101672 25.813041687 0.018909639 0.999735475 0.013089381 -29.244659424 -0.085340388 -0.011430037 0.996286273 304.838623047
0.996136546 -0.019160464 0.085701570 26.093820572 0.018091265 0.999748707 0.013235187 -29.446128845 -0.085933633 -0.011633606 0.996232867 307.084991455
0.996152639 -0.019950982 0.085333310 26.381725311 0.018886095 0.999733627 0.013268332 -29.657413483 -0.085575268 -0.011605672 0.996264100 309.340454102
0.996118426 -0.021299705 0.085407354 26.667575836 0.020192688 0.999700785 0.013804711 -29.858507156 -0.085675865 -0.012026522 0.996250391 311.601593018
0.996084571 -0.020850930 0.085911579 26.947437286 0.019796519 0.999718070 0.013107056 -30.060895920 -0.086160652 -0.011354988 0.996216536 313.841918945
0.996103048 -0.020498069 0.085782297 27.236976624 0.019374002 0.999715388 0.013915887 -30.266956329 -0.086043142 -0.012199710 0.996216714 316.091064453
0.996070385 -0.018972224 0.086509265 27.519340515 0.017907063 0.999754190 0.013072195 -30.469516754 -0.086736009 -0.011471701 0.996165276 318.336517334
0.996062994 -0.017623814 0.086878814 27.798778534 0.016496228 0.999770343 0.013679800 -30.670726776 -0.087099962 -0.012192770 0.996124923 320.586639404
0.996012688 -0.016588649 0.087655775 28.076047897 0.015476886 0.999791145 0.013347778 -30.872657776 -0.087858886 -0.011937918 0.996061385 322.822753906
0.995961487 -0.015803294 0.088379487 28.351400375 0.014638677 0.999797463 0.013810119 -31.069499969 -0.088579826 -0.012460587 0.995991051 325.060394287
0.995961666 -0.015373758 0.088453487 28.642459869 0.014073799 0.999783874 0.015301504 -31.280422211 -0.088669628 -0.013994834 0.995962799 327.287994385
0.995929301 -0.016022846 0.088701874 28.920862198 0.014718441 0.999773979 0.015340116 -31.485866547 -0.088927627 -0.013972118 0.995940089 329.534729004
0.995935202 -0.017470516 0.088360861 29.217731476 0.016258331 0.999763966 0.014419754 -31.681648254 -0.088591911 -0.012924545 0.995984137 331.772247314
0.995930314 -0.017133193 0.088482335 29.501916885 0.015938107 0.999772191 0.014195438 -31.881652832 -0.088705391 -0.012727426 0.995976508 333.991058350
0.995913029 -0.017619139 0.088583700 29.787752151 0.016292501 0.999744356 0.015676979 -32.080204010 -0.088837273 -0.014169656 0.995945454 336.218811035
0.995972753 -0.018348837 0.087758258 30.091112137 0.017052719 0.999734521 0.015496192 -32.273536682 -0.088019304 -0.013937269 0.996021271 338.454498291
0.995985568 -0.018248614 0.087633543 30.373950958 0.016915789 0.999730051 0.015927689 -32.476810455 -0.087900549 -0.014381361 0.996025443 340.696868896
0.996025264 -0.018348893 0.087160155 30.667575836 0.017048432 0.999732256 0.015641451 -32.676666260 -0.087423839 -0.014093338 0.996071517 342.938842773
0.996036589 -0.018507184 0.086996675 30.951692581 0.017168846 0.999722838 0.016106972 -32.871799469 -0.087270647 -0.014549503 0.996078372 345.179962158
0.996073604 -0.018310215 0.086614750 31.236698151 0.016975397 0.999725938 0.016122509 -33.064319611 -0.086886227 -0.014588886 0.996111333 347.418762207
0.996135592 -0.018269438 0.085907497 31.522157669 0.016941432 0.999725819 0.016162349 -33.260086060 -0.086179219 -0.014644493 0.996172011 349.663940430
0.996136069 -0.017775455 0.086005293 31.799291611 0.016398100 0.999726117 0.016694900 -33.459297180 -0.086278498 -0.015220069 0.996154785 351.906372070
0.996170104 -0.018268559 0.085508250 32.079051971 0.016874710 0.999713182 0.016995337 -33.649513245 -0.085794225 -0.015487320 0.996192515 354.136688232
0.996191204 -0.017885448 0.085341685 32.355056763 0.016534841 0.999726951 0.016506640 -33.844734192 -0.085613616 -0.015032656 0.996214986 356.374603271
0.996239722 -0.017997352 0.084749840 32.637783051 0.016618052 0.999718189 0.016952433 -34.037933350 -0.085031062 -0.015480312 0.996257961 358.608215332
0.996300757 -0.017576139 0.084119342 32.924488068 0.016124839 0.999709666 0.017901329 -34.235523224 -0.084409565 -0.016478693 0.996294856 360.856231689
0.996369362 -0.017705442 0.083274625 33.212539673 0.016270563 0.999707758 0.017877901 -34.431060791 -0.083566822 -0.016458066 0.996366262 363.106231689
0.996408284 -0.017691653 0.082809955 33.495883942 0.016220942 0.999699116 0.018399354 -34.625041962 -0.083110556 -0.016990010 0.996395469 365.349914551
0.996450067 -0.017694520 0.082304984 33.773632050 0.016283896 0.999709249 0.017778859 -34.818531036 -0.082595661 -0.016375497 0.996448576 367.599761963
0.996465802 -0.018500483 0.081936970 34.047630310 0.017097358 0.999695480 0.017793167 -35.014659882 -0.082241207 -0.016329380 0.996478617 369.851898193
0.996455193 -0.018438501 0.082080409 34.318107605 0.017134549 0.999715924 0.016562520 -35.199138641 -0.082362488 -0.015097396 0.996488094 372.114196777
0.996520638 -0.018070763 0.081363402 34.596008301 0.016748343 0.999716818 0.016906591 -35.401302338 -0.081645876 -0.015485067 0.996541023 374.360168457
0.996600688 -0.018010221 0.080391459 34.878479004 0.016645722 0.999706447 0.017611252 -35.592956543 -0.080685034 -0.016213212 0.996607721 376.606414795
0.996521354 -0.018018024 0.081366695 35.140033722 0.016611019 0.999701262 0.017936124 -35.781967163 -0.081665553 -0.016522145 0.996522844 378.862670898
0.996505857 -0.018552480 0.081436597 35.412540436 0.017118875 0.999686599 0.018267009 -35.979045868 -0.081749976 -0.016809078 0.996511102 381.110107422
0.996534586 -0.018622771 0.081067592 35.695510864 0.017198866 0.999686062 0.018227441 -36.165405273 -0.081381567 -0.016770011 0.996541858 383.372253418
0.996543169 -0.017716378 0.081164792 35.971687317 0.016269345 0.999697328 0.018455144 -36.360111237 -0.081467167 -0.017070856 0.996529758 385.622802734
0.996547461 -0.016586427 0.081351034 36.244335175 0.015129637 0.999714553 0.018491374 -36.545452118 -0.081634536 -0.017196717 0.996513963 387.888610840
0.996581674 -0.015499668 0.081146322 36.526103973 0.014045391 0.999730825 0.018461915 -36.743762970 -0.081410639 -0.017259078 0.996531129 390.159027100
0.996573627 -0.014424865 0.081444435 36.797142029 0.012969843 0.999747157 0.018366106 -36.936012268 -0.081688769 -0.017246852 0.996508658 392.432006836
0.996597111 -0.013200250 0.081363171 37.070812225 0.011633723 0.999738276 0.019697629 -37.125049591 -0.081601895 -0.018684046 0.996489882 394.689849854
0.996537745 -0.011953815 0.082277782 37.334251404 0.010317478 0.999740958 0.020284502 -37.318630219 -0.082498953 -0.019365370 0.996402979 396.945251465
0.996491432 -0.011538265 0.082895495 37.608932495 0.010011598 0.999772966 0.018808916 -37.515190125 -0.083093695 -0.017913006 0.996380746 399.211090088
0.996417820 -0.011061400 0.083839744 37.880966187 0.009558875 0.999786735 0.018301697 -37.707546234 -0.084024303 -0.017434724 0.996311188 401.477233887
0.996341765 -0.012788644 0.084495880 38.144855499 0.011201998 0.999752343 0.019225322 -37.896442413 -0.084720805 -0.018208466 0.996238351 403.743621826
0.996289790 -0.014348367 0.084857449 38.424808502 0.012643019 0.999707818 0.020600021 -38.090419769 -0.085128233 -0.019450735 0.996180117 405.995483398
0.996275961 -0.015241521 0.084864035 38.710247040 0.013565353 0.999702036 0.020292984 -38.276439667 -0.085148044 -0.019066205 0.996185899 408.264617920
0.996230423 -0.014977242 0.085443906 38.996009827 0.013427138 0.999735236 0.018687706 -38.459102631 -0.085701182 -0.017469995 0.996167719 410.530670166
0.996187985 -0.013186087 0.086229861 39.288463593 0.011543300 0.999742806 0.019522214 -38.661869049 -0.086465098 -0.018452423 0.996083975 412.809051514
0.996112466 -0.011827013 0.087293044 39.563457489 0.010180248 0.999762177 0.019285932 -38.851402283 -0.087500401 -0.018322291 0.995995939 415.051086426
0.996027589 -0.010561335 0.088416487 39.850498199 0.008880098 0.999772608 0.019386772 -39.039291382 -0.088601142 -0.018524617 0.995895028 417.323577881
0.995988011 -0.010652873 0.088851742 40.144477844 0.008991946 0.999777615 0.019072643 -39.228477478 -0.089035176 -0.018197170 0.995862246 419.577087402
0.995892882 -0.010594690 0.089917608 40.426067352 0.008907950 0.999777138 0.019139364 -39.416660309 -0.090100355 -0.018259771 0.995765209 421.828735352
0.995805144 -0.010687682 0.090872884 40.709083557 0.009009276 0.999781489 0.018860018 -39.608451843 -0.091054589 -0.017962206 0.995683908 424.087890625
0.995735645 -0.010895404 0.091606103 41.002365112 0.009103660 0.999759436 0.019954408 -39.797798157 -0.091801457 -0.019035367 0.995595396 426.363983154
0.995702088 -0.009988534 0.092073418 41.295799255 0.008133978 0.999756873 0.020495448 -39.984279633 -0.092255749 -0.019658439 0.995541215 428.619903564
0.995640635 -0.009392065 0.092798531 41.597061157 0.007457335 0.999747992 0.021173527 -40.171226501 -0.092974015 -0.020389194 0.995459735 430.900878906
0.995628119 -0.009672984 0.092903152 41.892036438 0.007713403 0.999740541 0.021428717 -40.369361877 -0.093086325 -0.020618433 0.995444536 433.170562744
0.995579779 -0.010359126 0.093346901 42.193542480 0.008447596 0.999746859 0.020849643 -40.564208984 -0.093539268 -0.019968923 0.995415330 435.437042236
0.995586693 -0.009423574 0.093373306 42.500358582 0.007513710 0.999755740 0.020784575 -40.736816406 -0.093546376 -0.019991262 0.995414138 437.705902100
0.995542288 -0.009752719 0.093810514 42.802585602 0.007799872 0.999745667 0.021161135 -40.926921844 -0.093993030 -0.020335101 0.995365143 439.991180420
0.995581269 -0.009810810 0.093389720 43.112419128 0.007860742 0.999743819 0.021225981 -41.111995697 -0.093574047 -0.020398078 0.995403290 442.266479492
0.995576203 -0.008985447 0.093527131 43.426551819 0.006932306 0.999728203 0.022254137 -41.308689117 -0.093701690 -0.021507330 0.995367944 444.547302246
0.995533288 -0.009557444 0.093926296 43.731067657 0.007493122 0.999723017 0.022306269 -41.491645813 -0.094113484 -0.021502838 0.995329261 446.826995850
0.995528817 -0.009303897 0.093998447 44.031223297 0.007293643 0.999737799 0.021707011 -41.676910400 -0.094175763 -0.020924365 0.995335698 449.092468262
0.995530605 -0.008609268 0.094046153 44.334037781 0.006621456 0.999748468 0.021428209 -41.866687775 -0.094206959 -0.020709714 0.995337188 451.357971191
0.995492876 -0.008095550 0.094489366 44.635169983 0.006120027 0.999756992 0.021178473 -42.059104919 -0.094637863 -0.020504743 0.995300591 453.621093750
0.995424032 -0.007430711 0.095266931 44.934215546 0.005432551 0.999760151 0.021216556 -42.238311768 -0.095401742 -0.020601930 0.995225549 455.901031494
0.995400488 -0.007629110 0.095496327 45.232692719 0.005663849 0.999766886 0.020833602 -42.430885315 -0.095633015 -0.020196898 0.995211720 458.165344238
0.995421410 -0.006926314 0.095331408 45.547836304 0.005016371 0.999782145 0.020259855 -42.622817993 -0.095450960 -0.019688880 0.995239377 460.450378418
0.995412707 -0.006081448 0.095480941 45.854148865 0.004103038 0.999773085 0.020903144 -42.814369202 -0.095586389 -0.020415492 0.995211720 462.735076904
0.995433509 -0.005807687 0.095280454 46.161380768 0.003713032 0.999747813 0.022146679 -43.001155853 -0.095385045 -0.021691773 0.995204091 465.012695312
0.995460272 -0.005907292 0.094993792 46.459339142 0.003794938 0.999741852 0.022402056 -43.182601929 -0.095101595 -0.021939866 0.995225787 467.282043457
0.995577514 -0.005962244 0.093753360 46.773052216 0.003990589 0.999767184 0.021203659 -43.368347168 -0.093857959 -0.020735763 0.995369554 469.565185547
0.995668173 -0.005919699 0.092789017 47.089096069 0.004002205 0.999774992 0.020837566 -43.560428619 -0.092891492 -0.020375943 0.995467722 471.859893799
0.995750368 -0.006208424 0.091883861 47.391445160 0.004194209 0.999746978 0.022098197 -43.757045746 -0.091997817 -0.021618901 0.995524645 474.140808105
0.995697796 -0.006367725 0.092440717 47.675247192 0.004318882 0.999740958 0.022347007 -43.944435120 -0.092559077 -0.021851631 0.995467424 476.425048828
0.995821178 -0.006182697 0.091114439 47.977058411 0.004200786 0.999750674 0.021927645 -44.120826721 -0.091227308 -0.021453265 0.995598972 478.718780518
0.995840967 -0.006189613 0.090898260 48.275955200 0.004157604 0.999737561 0.022527123 -44.308212280 -0.091013849 -0.022055516 0.995605290 481.002716064
0.995870233 -0.006674688 0.090541616 48.576171875 0.004592522 0.999720633 0.023185659 -44.493499756 -0.090671085 -0.022674095 0.995622754 483.276275635
0.995862365 -0.007297029 0.090581268 48.858955383 0.005290573 0.999735713 0.022371272 -44.677257538 -0.090720579 -0.021799481 0.995637774 485.562072754
0.995943427 -0.007987876 0.089626037 49.163917542 0.005928922 0.999712884 0.023215482 -44.872673035 -0.089785747 -0.022589926 0.995704889 487.879364014
0.996027470 -0.008457263 0.088644035 49.461875916 0.006390402 0.999701619 0.023574332 -45.055530548 -0.088816978 -0.022914210 0.995784342 490.161315918
0.995982409 -0.008692439 0.089126088 49.717422485 0.006597074 0.999695480 0.023777803 -45.245124817 -0.089305624 -0.023094304 0.995736480 492.433746338
0.996037245 -0.008227412 0.088556848 50.015613556 0.006090576 0.999684334 0.024372783 -45.428627014 -0.088729426 -0.023736829 0.995772898 494.723663330
0.996035397 -0.007748668 0.088619210 50.296455383 0.005649937 0.999698281 0.023908937 -45.607082367 -0.088777713 -0.023313453 0.995778561 497.021697998
0.996064305 -0.007611856 0.088306017 50.597743988 0.005545830 0.999705672 0.023618011 -45.798385620 -0.088459805 -0.023035327 0.995813370 499.335754395
0.996108115 -0.007796566 0.087794550 50.888031006 0.005669870 0.999685049 0.024446914 -45.981979370 -0.087957516 -0.023853989 0.995838583 501.631500244
0.996111572 -0.007514158 0.087778978 51.171237946 0.005362787 0.999680161 0.024719100 -46.167961121 -0.087936640 -0.024152247 0.995833218 503.909576416
0.996132016 -0.006536554 0.087625869 51.459266663 0.004451909 0.999702871 0.023964643 -46.350181580 -0.087756462 -0.023481850 0.995865166 506.201934814
0.996138096 -0.006160108 0.087583348 51.746639252 0.004042317 0.999695659 0.024337130 -46.531219482 -0.087706603 -0.023889104 0.995859861 508.498474121
0.996171653 -0.006566150 0.087171964 52.044570923 0.004539754 0.999715328 0.023423892 -46.716056824 -0.087300949 -0.022938477 0.995917857 510.794067383
0.996208668 -0.007117502 0.086704284 52.342281342 0.005031377 0.999693155 0.024255041 -46.903438568 -0.086850330 -0.023726840 0.995938778 513.100585938
0.996245325 -0.006912571 0.086300343 52.636234283 0.004831857 0.999693155 0.024295809 -47.083351135 -0.086441815 -0.023787595 0.995972872 515.406188965
0.996246219 -0.006181729 0.086344175 52.919410706 0.004112961 0.999700665 0.024116918 -47.265823364 -0.086467400 -0.023671258 0.995973408 517.716003418
0.996209860 -0.005292595 0.086821042 53.196586609 0.003229975 0.999709547 0.023880435 -47.449943542 -0.086922206 -0.023509501 0.995937645 520.019165039
0.996206284 -0.003471405 0.086953104 53.496719360 0.001391302 0.999711633 0.023971308 -47.636787415 -0.087011240 -0.023759393 0.995923936 522.365905762
0.996171117 -0.001384838 0.087413922 53.789165497 -0.000737289 0.999705851 0.024239801 -47.821506500 -0.087421782 -0.024211438 0.995877087 524.696228027
0.996132374 -0.000618300 0.087862425 54.084663391 -0.001628132 0.999673665 0.025493644 -47.999465942 -0.087849513 -0.025538096 0.995806336 527.024719238
0.996076226 -0.000956593 0.088494256 54.372985840 -0.001286159 0.999679506 0.025282990 -48.179275513 -0.088490061 -0.025297599 0.995755792 529.337890625
0.996019602 -0.002600745 0.089096531 54.660346985 0.000230651 0.999646068 0.026601389 -48.355560303 -0.089134187 -0.026474955 0.995667696 531.654968262
0.995963216 -0.004102434 0.089668535 54.962066650 0.001771268 0.999658763 0.026061721 -48.529991150 -0.089744851 -0.025797686 0.995630622 533.981750488
0.995943069 -0.004283841 0.089884721 55.259552002 0.001978521 0.999667168 0.025720958 -48.711143494 -0.089964986 -0.025438769 0.995620012 536.295166016
0.995864034 -0.004436333 0.090747707 55.552551270 0.002129943 0.999672651 0.025496470 -48.891700745 -0.090831146 -0.025197726 0.995547473 538.611083984
0.995797575 -0.003922218 0.091498777 55.847015381 0.001652490 0.999689341 0.024868676 -49.074008942 -0.091567904 -0.024612963 0.995494604 540.927307129
0.995697021 -0.003143161 0.092615269 56.140537262 0.000884682 0.999701500 0.024416573 -49.256511688 -0.092664354 -0.024229577 0.995402575 543.258789062
0.995604515 -0.002594332 0.093621194 56.445652008 0.000417543 0.999729335 0.023263128 -49.437187195 -0.093656205 -0.023121785 0.995336115 545.579711914
0.995494545 -0.003003209 0.094770998 56.730453491 0.000726169 0.999710381 0.024052111 -49.629837036 -0.094815768 -0.023874925 0.995208502 547.914794922
0.995440483 -0.002926924 0.095339775 57.036003113 0.000547458 0.999687970 0.024974344 -49.814682007 -0.095383123 -0.024808275 0.995131433 550.234619141
0.995350182 -0.003015687 0.096274361 57.330234528 0.000593785 0.999682903 0.025174996 -49.997810364 -0.096319743 -0.025000773 0.995036423 552.535949707
0.995382965 -0.004069928 0.095896490 57.648899078 0.001751243 0.999704361 0.024250804 -50.179046631 -0.095966846 -0.023970896 0.995095789 554.845397949
0.995404124 -0.004212932 0.095670439 57.964984894 0.001872660 0.999697149 0.024538422 -50.362571716 -0.095744841 -0.024246490 0.995110571 557.162048340
0.995337844 -0.003948036 0.096370317 58.270042419 0.001537187 0.999684453 0.025077930 -50.546386719 -0.096438929 -0.024812877 0.995029569 559.476684570
0.995313764 -0.003452022 0.096636608 58.586029053 0.000934547 0.999659300 0.026084099 -50.729396820 -0.096693732 -0.025871549 0.994977832 561.817687988
0.995308042 -0.003361186 0.096698664 58.906822205 0.000780158 0.999642730 0.026716895 -50.909011841 -0.096753918 -0.026516097 0.994955063 564.150024414
0.995293319 -0.003278188 0.096852913 59.226562500 0.000650210 0.999631107 0.027152820 -51.084999084 -0.096906193 -0.026962042 0.994928241 566.471130371
0.995251656 -0.002178603 0.097310930 59.543769836 -0.000418945 0.999644339 0.026664870 -51.268665314 -0.097334415 -0.026579022 0.994896710 568.792602539
0.995266259 -0.000849700 0.097181998 59.874088287 -0.001591571 0.999685109 0.025040338 -51.442054749 -0.097172678 -0.025076475 0.994951546 571.125976562
0.995234251 -0.000581923 0.097511135 60.200958252 -0.001893623 0.999678314 0.025292845 -51.625511169 -0.097494490 -0.025356956 0.994912982 573.449890137
0.995240748 -0.000573526 0.097444937 60.528881073 -0.002003352 0.999650896 0.026344560 -51.810695648 -0.097426027 -0.026414396 0.994892180 575.837036133
0.995245457 -0.000607400 0.097396776 60.857177734 -0.002104035 0.999613166 0.027733939 -51.997207642 -0.097375952 -0.027807003 0.994859099 578.150390625
0.995157719 -0.000034891 0.098290898 61.172264099 -0.002531183 0.999659181 0.025982115 -52.179176331 -0.098258302 -0.026105091 0.994818509 580.543457031
0.995197654 -0.000679155 0.097883835 61.497291565 -0.001873460 0.999660611 0.025983723 -52.356285095 -0.097868271 -0.026042324 0.994858563 582.884643555
0.995155215 -0.001006136 0.098311223 61.820644379 -0.001672792 0.999629557 0.027163247 -52.542896271 -0.098302118 -0.027196098 0.994784951 585.225830078
0.995227158 -0.000747123 0.097582497 62.145664215 -0.001919245 0.999627471 0.027227536 -52.721397400 -0.097566456 -0.027284861 0.994854987 587.546264648
0.995160878 -0.003133520 0.098208681 62.475296021 0.000594695 0.999665260 0.025869943 -52.904281616 -0.098256856 -0.025686353 0.994829476 589.919372559
0.995219886 -0.003596857 0.097593211 62.810489655 0.001087208 0.999667585 0.025756409 -53.080528259 -0.097653434 -0.025527187 0.994893074 592.270935059
0.995226324 -0.005353419 0.097446755 63.127292633 0.002813988 0.999653339 0.026178481 -53.261936188 -0.097553134 -0.025779296 0.994896412 594.604370117
0.995242119 -0.005710740 0.097264983 63.456779480 0.003159028 0.999647319 0.026368462 -53.444267273 -0.097381264 -0.025935745 0.994909167 596.967773438
