1.000000000 0.000000000 0.000000000 0.000000000 0.000000000 1.000000000 0.000000000 0.000000000 0.000000000 0.000000000 1.000000000 0.000000000
0.999999940 -0.000078943 0.000332662 0.088062763 0.000079001 1.000000000 -0.000173578 -0.226995274 -0.000332649 0.000173605 0.999999940 2.286542654
0.999999404 0.000173368 0.000998211 0.168599814 -0.000173627 0.999999940 0.000258898 -0.464071602 -0.000998167 -0.000259071 0.999999404 4.580496311
0.999998689 -0.000378234 0.001542660 0.266989440 0.000377806 0.999999881 0.000277663 -0.695121527 -0.001542765 -0.000277080 0.999998748 6.867402077
0.999997377 -0.000562215 0.002218912 0.364574105 0.000565304 0.999998868 -0.001391691 -0.928868651 -0.002218127 0.001392942 0.999996543 9.159241676
0.999989867 0.001215926 0.004349633 0.454306126 -0.001215402 0.999999285 -0.000123125 -1.164121151 -0.004349778 0.000117837 0.999990463 11.466300011
0.999973297 0.003178653 0.006578656 0.556709051 -0.003186507 0.999994218 0.001183731 -1.395642281 -0.006574856 -0.001204663 0.999977648 13.747780800
0.999954224 0.003029996 0.009077523 0.660694242 -0.003065016 0.999987960 0.003846436 -1.625495911 -0.009065758 -0.003874083 0.999951363 16.019765854
0.999952555 0.003152333 0.009215374 0.778120160 -0.003201947 0.999980450 0.005374014 -1.860815644 -0.009198251 -0.005403266 0.999943018 18.321777344
0.999929667 0.002313727 0.011630340 0.874116838 -0.002375711 0.999983013 0.005318552 -2.081131935 -0.011617837 -0.005345807 0.999918222 20.619663239
0.999932349 -0.000321810 0.011627150 0.997995436 0.000291003 0.999996424 0.002651180 -2.305805683 -0.011627959 -0.002647618 0.999928892 22.915166855
0.999919355 -0.002418604 0.012467007 1.103456616 0.002412380 0.999996901 0.000514186 -2.525158167 -0.012468211 -0.000484069 0.999922156 25.198118210
0.999924004 -0.003484424 0.011821572 1.239662051 0.003490706 0.999993801 -0.000510762 -2.769281387 -0.011819719 0.000551989 0.999929965 27.474237442
0.999905348 -0.003048403 0.013418510 1.335563302 0.003067629 0.999994278 -0.001412512 -2.996843576 -0.013414127 0.001453541 0.999908924 29.760126114
0.999907434 -0.000947760 0.013572774 1.462989688 0.000932692 0.999998927 0.001116475 -3.227351904 -0.013573815 -0.001103713 0.999907255 32.016750336
0.999903977 0.001064321 0.013818186 1.589408994 -0.001108605 0.999994338 0.003197500 -3.448230505 -0.013814704 -0.003212511 0.999899387 34.297821045
0.999869406 0.002971153 0.015881736 1.691886306 -0.003091530 0.999966621 0.007560396 -3.681976080 -0.015858741 -0.007608508 0.999845266 36.598194122
0.999849021 0.004798451 0.016698938 1.806397676 -0.004918077 0.999962509 0.007130014 -3.901114225 -0.016664103 -0.007211064 0.999835134 38.868717194
0.999815345 0.004388370 0.018709315 1.910861492 -0.004493019 0.999974430 0.005555083 -4.108098030 -0.018684456 -0.005638118 0.999809504 41.165943146
0.999821961 0.001952274 0.018769534 2.037763596 -0.002034821 0.999988377 0.004379817 -4.333370686 -0.018760765 -0.004417230 0.999814272 43.443405151
0.999832571 0.000747305 0.018277276 2.175095081 -0.000811638 0.999993503 0.003512672 -4.561896324 -0.018274527 -0.003526919 0.999826789 45.683811188
0.999830067 0.000059513 0.018441834 2.298420668 -0.000106157 0.999996781 0.002528267 -4.792131901 -0.018441621 -0.002529795 0.999826729 47.946319580
0.999834359 -0.001319279 0.018148368 2.436491013 0.001263911 0.999994516 0.003062003 -5.022618294 -0.018152304 -0.003038558 0.999830604 50.223602295
0.999812543 -0.001862219 0.019272530 2.562751055 0.001799490 0.999993026 0.003271704 -5.244279385 -0.019278491 -0.003236410 0.999808848 52.487735748
0.999805629 -0.003009868 0.019485842 2.699030876 0.002950282 0.999990880 0.003085934 -5.472655296 -0.019494956 -0.003027846 0.999805331 54.773143768
0.999788225 -0.003024971 0.020355264 2.831870317 0.002952336 0.999989152 0.003597444 -5.705923080 -0.020365926 -0.003536586 0.999786317 57.053695679
0.999772549 -0.004404685 0.020867785 2.970820189 0.004320771 0.999982536 0.004064641 -5.930175781 -0.020885330 -0.003973553 0.999773979 59.320766449
0.999724209 -0.005625695 0.022799825 3.089813709 0.005547837 0.999978662 0.003476642 -6.154958725 -0.022818895 -0.003349194 0.999733984 61.593311310
0.999712348 -0.006509173 0.023079993 3.240526438 0.006435989 0.999974012 0.003243768 -6.380168438 -0.023100505 -0.003094292 0.999728382 63.845813751
0.999679983 -0.005895247 0.024600733 3.376153231 0.005799247 0.999975264 0.003971870 -6.604868889 -0.024623537 -0.003827934 0.999689460 66.113899231
0.999655187 -0.004934805 0.025788555 3.521183729 0.004825715 0.999979079 0.004290672 -6.832534790 -0.025809191 -0.004164743 0.999658167 68.372573853
0.999617994 -0.005175340 0.027149323 3.658915043 0.005064745 0.999978602 0.004140702 -7.059889793 -0.027170172 -0.004001616 0.999622822 70.625350952
0.999608397 -0.006056941 0.027318867 3.824077606 0.005985993 0.999978602 0.002678067 -7.281964302 -0.027334502 -0.002513488 0.999623179 72.881523132
0.999585569 -0.006940878 0.027936801 3.976052761 0.006853306 0.999971271 0.003229186 -7.510529995 -0.027958414 -0.003036389 0.999604404 75.155662537
0.999550819 -0.008041033 0.028870415 4.139104843 0.007969012 0.999964893 0.002608782 -7.741607666 -0.028890375 -0.002377542 0.999579728 77.419692993
0.999531806 -0.008803518 0.029303174 4.282750130 0.008730588 0.999958456 0.002615771 -7.970290184 -0.029324984 -0.002358713 0.999567091 79.652427673
0.999500930 -0.009310786 0.030186335 4.429967880 0.009243308 0.999954522 0.002374148 -8.189898491 -0.030207064 -0.002093942 0.999541521 81.907051086
0.999494851 -0.008226302 0.030698476 4.599960327 0.008166452 0.999964476 0.002074448 -8.420387268 -0.030714450 -0.001822703 0.999526560 84.184020996
0.999443173 -0.007946779 0.032407429 4.751440048 0.007876105 0.999966264 0.002307909 -8.636868477 -0.032424673 -0.002051379 0.999472082 86.438598633
0.999444127 -0.007738371 0.032427106 4.922279358 0.007629366 0.999964833 0.003483900 -8.872792244 -0.032452926 -0.003234565 0.999467969 88.710441589
0.999418259 -0.006960924 0.033386651 5.082788467 0.006821835 0.999967575 0.004278106 -9.101729393 -0.033415344 -0.004047859 0.999433339 90.960296631
0.999391377 -0.006738848 0.034225538 5.247010231 0.006601529 0.999969721 0.004123596 -9.323904991 -0.034252293 -0.003895145 0.999405622 93.195960999
0.999391019 -0.006318262 0.034315139 5.429616928 0.006205454 0.999974966 0.003392920 -9.548158646 -0.034335729 -0.003177913 0.999405324 95.422645569
0.999352157 -0.006921526 0.035318159 5.593625546 0.006792268 0.999969780 0.003778488 -9.771758080 -0.035343245 -0.003536150 0.999368966 97.664031982
0.999322414 -0.006545885 0.036218472 5.753002167 0.006427382 0.999973595 0.003387355 -10.005287170 -0.036239687 -0.003152270 0.999338150 99.898895264
0.999249756 -0.006556924 0.038172126 5.902044296 0.006396417 0.999970138 0.004325440 -10.223387718 -0.038199354 -0.004078030 0.999261796 102.126037598
0.999247730 -0.006627062 0.038211256 6.101846695 0.006475130 0.999970615 0.004098495 -10.446540833 -0.038237292 -0.003847989 0.999261200 104.374961853
0.999202251 -0.007074678 0.039303489 6.274624825 0.006891166 0.999964714 0.004802616 -10.665924072 -0.039336070 -0.004527938 0.999215782 106.601097107
0.999164045 -0.008363673 0.040016174 6.454529762 0.008165737 0.999953628 0.005107302 -10.887039185 -0.040057030 -0.004776272 0.999185920 108.847908020
0.999120295 -0.009363466 0.040877711 6.633918762 0.009120678 0.999939620 0.006121880 -11.112757683 -0.040932566 -0.005743660 0.999145389 111.087844849
0.999107301 -0.009867674 0.041075803 6.824902534 0.009682318 0.999942183 0.004709001 -11.335943222 -0.041119900 -0.004307088 0.999144852 113.340599060
0.999069273 -0.010210656 0.041911934 7.007830620 0.010048551 0.999941230 0.004076567 -11.558558464 -0.041951098 -0.003651618 0.999112964 115.582481384
0.999030232 -0.010888712 0.042663980 7.191484451 0.010713863 0.999933243 0.004324779 -11.785755157 -0.042708222 -0.003863489 0.999080122 117.822410583
0.998972297 -0.011017512 0.043965749 7.378002167 0.010792743 0.999927461 0.005346464 -12.011852264 -0.044021469 -0.004866458 0.999018669 120.066390991
0.998928308 -0.011602271 0.044806607 7.572203159 0.011370335 0.999920547 0.005427821 -12.231325150 -0.044866025 -0.004912538 0.998980939 122.294654846
0.998883843 -0.012562827 0.045532238 7.766307831 0.012325373 0.999908924 0.005492084 -12.455513954 -0.045597095 -0.004924753 0.998947799 124.522819519
0.998855233 -0.012868884 0.046071857 7.954915524 0.012672244 0.999909341 0.004557654 -12.681714058 -0.046126336 -0.003968603 0.998927712 126.786079407
0.998847604 -0.014169025 0.045854695 8.147523880 0.013950171 0.999889731 0.005089280 -12.902041435 -0.045921750 -0.004443734 0.998935163 129.052078247
0.998856664 -0.015511525 0.045218397 8.334453583 0.015287799 0.999869168 0.005289283 -13.119609833 -0.045294527 -0.004591946 0.998963118 131.312622070
0.998923540 -0.015848206 0.043594878 8.534222603 0.015568001 0.999855995 0.006759449 -13.343340874 -0.043695729 -0.006073489 0.999026358 133.544052124
0.999009371 -0.017177343 0.041050341 8.758119583 0.016949166 0.999838948 0.005900043 -13.564258575 -0.041145075 -0.005198429 0.999139667 135.787322998
0.999082386 -0.018268958 0.038737345 8.963921547 0.018077761 0.999822617 0.005280279 -13.777966499 -0.038826939 -0.004575150 0.999235570 138.006683350
0.999091268 -0.018617271 0.038339037 9.140542984 0.018417874 0.999814987 0.005547585 -14.000414848 -0.038435228 -0.004836421 0.999249399 140.268554688
0.999081671 -0.018939374 0.038432039 9.307325363 0.018739646 0.999808967 0.005550473 -14.210583687 -0.038529810 -0.004825172 0.999245822 142.500320435
0.999122918 -0.018579133 0.037525497 9.485224724 0.018328689 0.999807596 0.007007061 -14.438748360 -0.037648458 -0.006313124 0.999271035 144.720428467
0.999139309 -0.017555842 0.037582766 9.655689240 0.017345505 0.999832034 0.005915436 -14.655275345 -0.037680306 -0.005258453 0.999275982 146.957046509
0.999154210 -0.016503278 0.037663784 9.833101273 0.016351603 0.999856949 0.004331475 -14.874317169 -0.037729878 -0.003711948 0.999281108 149.198364258
0.999166846 -0.014738205 0.038055565 10.003185272 0.014615285 0.999886990 0.003506255 -15.097219467 -0.038102947 -0.002947140 0.999269485 151.445999146
0.999173403 -0.013927666 0.038190715 10.184963226 0.013804656 0.999898672 0.003482758 -15.314957619 -0.038235351 -0.002952670 0.999264419 153.685485840
0.999164820 -0.013217605 0.038663503 10.360852242 0.013076458 0.999906898 0.003901236 -15.534668922 -0.038711466 -0.003392396 0.999244690 155.934661865
0.999167085 -0.012528582 0.038837034 10.551980972 0.012344386 0.999911427 0.004979022 -15.757929802 -0.038895976 -0.004495456 0.999233186 158.158767700
0.999092817 -0.011972906 0.040867526 10.703541756 0.011727986 0.999911785 0.006227518 -15.982508659 -0.040938474 -0.005742575 0.999145150 160.429641724
0.999068260 -0.011003019 0.041731331 10.886747360 0.010674564 0.999910414 0.008085407 -16.201499939 -0.041816555 -0.007632410 0.999096096 162.664825439
0.999051869 -0.010226907 0.042316779 11.077136993 0.009933135 0.999925137 0.007146713 -16.406013489 -0.042386696 -0.006719599 0.999078691 164.913375854
0.999013126 -0.009587810 0.043367855 11.268778801 0.009335417 0.999938309 0.006018570 -16.623109818 -0.043422889 -0.005607774 0.999041021 167.151611328
0.998920560 -0.007747496 0.045802310 11.446128845 0.007464841 0.999952018 0.006339061 -16.839771271 -0.045849226 -0.005990310 0.998930395 169.384948730
0.998800874 -0.007182945 0.048429746 11.623869896 0.006867288 0.999954104 0.006681091 -17.065425873 -0.048475523 -0.006340497 0.998804271 171.623291016
0.998676419 -0.007579761 0.050872102 11.823266029 0.007278272 0.999954879 0.006109042 -17.277095795 -0.050916120 -0.005730695 0.998686492 173.890548706
0.998600125 -0.007276775 0.052390497 12.028917313 0.006919589 0.999951601 0.006995891 -17.501350403 -0.052438870 -0.006623577 0.998602152 176.146362305
0.998571515 -0.007646271 0.052882459 12.239824295 0.007252037 0.999944508 0.007642770 -17.712120056 -0.052937951 -0.007248347 0.998571515 178.372268677
0.998547971 -0.009594399 0.053008482 12.438726425 0.009208137 0.999929309 0.007526228 -17.931901932 -0.053076934 -0.007027191 0.998565674 180.615341187
0.998501062 -0.010531849 0.053710144 12.634446144 0.010162690 0.999922872 0.007141709 -18.144845963 -0.053781219 -0.006585164 0.998531044 182.863403320
0.998574078 -0.011541335 0.052121423 12.860014915 0.011177130 0.999911010 0.007273786 -18.374124527 -0.052200742 -0.006680846 0.998614192 185.113693237
0.998584807 -0.013310445 0.051489685 13.070306778 0.012919148 0.999885142 0.007924928 -18.588556290 -0.051589258 -0.007248511 0.998642027 187.359573364
0.998590171 -0.013999084 0.051203120 13.271068573 0.013630203 0.999878645 0.007546419 -18.800930023 -0.051302556 -0.006837870 0.998659730 189.602767944
0.998564363 -0.015396523 0.051307157 13.473516464 0.015023343 0.999857783 0.007651180 -19.023609161 -0.051417675 -0.006869391 0.998653531 191.834854126
0.998526454 -0.016452042 0.051714350 13.661359787 0.016093971 0.999843538 0.007332835 -19.233783722 -0.051826898 -0.006489740 0.998634934 194.071609497
0.998554766 -0.016972404 0.050993335 13.885499954 0.016613699 0.999834180 0.007450062 -19.462482452 -0.051111322 -0.006592107 0.998671234 196.338043213
0.998569727 -0.014728135 0.051396143 14.095511436 0.014363614 0.999868989 0.007454538 -19.677259445 -0.051499207 -0.006705642 0.998650491 198.572570801
0.998569250 -0.012196830 0.052064057 14.290233612 0.011831272 0.999903202 0.007323772 -19.903720856 -0.052148350 -0.006697308 0.998616874 200.858596802
0.998537064 -0.011546375 0.052826282 14.498616219 0.011217133 0.999915779 0.006524811 -20.118774414 -0.052897178 -0.005922706 0.998582423 203.121841431
0.998497963 -0.011740084 0.053517357 14.699067116 0.011364764 0.999908686 0.007311988 -20.331398010 -0.053598311 -0.006692793 0.998540103 205.343658447
0.998494923 -0.013267614 0.053215284 14.936401367 0.012886126 0.999888718 0.007505488 -20.558336258 -0.053308949 -0.006808453 0.998554885 207.603302002
0.998435795 -0.013019012 0.054374821 15.141366005 0.012616317 0.999890387 0.007742651 -20.764677048 -0.054469667 -0.007044529 0.998490632 209.846145630
0.998345017 -0.012850939 0.056054253 15.361000061 0.012348073 0.999880373 0.009308253 -21.002332687 -0.056167174 -0.008600686 0.998384356 212.095840454
0.998284459 -0.011430810 0.057423931 15.596384048 0.010887980 0.999893129 0.009757031 -21.216167450 -0.057529319 -0.009115062 0.998302281 214.326843262
0.998096049 -0.010308866 0.060811535 15.782302856 0.009728312 0.999904335 0.009835157 -21.425163269 -0.060907107 -0.009224837 0.998100758 216.565109253
0.997958243 -0.010311548 0.063031562 16.008962631 0.009684400 0.999900520 0.010247204 -21.634801865 -0.063130960 -0.009615859 0.997958899 218.795700073
0.997824132 -0.011589467 0.064906612 16.241264343 0.010907115 0.999881506 0.010857320 -21.840473175 -0.065024763 -0.010125751 0.997832298 221.023162842
0.997723162 -0.013225737 0.066132963 16.475322723 0.012482682 0.999854386 0.011636429 -22.046340942 -0.066277251 -0.010784418 0.997742951 223.246109009
0.997664332 -0.015136474 0.066607989 16.726358414 0.014419925 0.999832988 0.011225365 -22.260534286 -0.066766761 -0.010238666 0.997716010 225.470336914
0.997628152 -0.016313165 0.066871345 16.965522766 0.015623646 0.999819398 0.010821195 -22.460479736 -0.067035809 -0.009750757 0.997702897 227.712554932
0.997579873 -0.016672989 0.067501515 17.200040817 0.015960356 0.999811292 0.011082937 -22.664451599 -0.067673557 -0.009978767 0.997657597 229.941818237
0.997525275 -0.018196678 0.067913473 17.448520660 0.017538847 0.999793530 0.010270038 -22.873952866 -0.068086341 -0.009053500 0.997638345 232.190780640
0.997473776 -0.019216163 0.068387456 17.690853119 0.018494248 0.999766469 0.011173792 -23.075691223 -0.068586193 -0.009880790 0.997596264 234.426559448
0.997467041 -0.018793015 0.068602189 17.959856033 0.018030252 0.999768734 0.011721008 -23.290525436 -0.068806589 -0.010454405 0.997575223 236.687606812
0.997428298 -0.018753292 0.069173485 18.201225281 0.017997878 0.999771595 0.011527736 -23.491294861 -0.069373854 -0.010253115 0.997538030 238.913070679
0.997397423 -0.018852692 0.069590524 18.447700500 0.018059736 0.999764800 0.012006257 -23.700658798 -0.069800504 -0.010718224 0.997503400 241.140213013
0.997341871 -0.019376047 0.070241079 18.694620132 0.018563068 0.999753177 0.012208527 -23.904020309 -0.070460305 -0.010872185 0.997455359 243.384078979
0.997301400 -0.019834632 0.070686325 18.941217422 0.019071601 0.999752522 0.011453276 -24.110967636 -0.070896000 -0.010074268 0.997432828 245.604675293
0.997317731 -0.019489639 0.070551105 19.199153900 0.018766187 0.999764442 0.010902692 -24.321012497 -0.070746973 -0.009549472 0.997448564 247.837738037
0.997281790 -0.019965395 0.070925578 19.449375153 0.019185921 0.999747992 0.011654387 -24.529724121 -0.071140401 -0.010261937 0.997413516 250.074020386
0.997244656 -0.021472305 0.071006738 19.704935074 0.020699788 0.999718487 0.011597544 -24.736946106 -0.071235761 -0.010095765 0.997408330 252.300949097
0.997239649 -0.021585621 0.071042635 19.968103409 0.020753790 0.999707401 0.012426350 -24.945055008 -0.071290053 -0.010917646 0.997395873 254.560699463
0.997207820 -0.022401489 0.071235903 20.209318161 0.021548029 0.999686778 0.012726866 -25.150053024 -0.071498692 -0.011156339 0.997378290 256.779174805
0.997169375 -0.023105524 0.071549319 20.471817017 0.022159472 0.999656498 0.013988130 -25.379634857 -0.071847945 -0.012363039 0.997338951 259.034393311
0.997127116 -0.022765528 0.072244242 20.725814819 0.021846130 0.999670208 0.013491013 -25.580184937 -0.072527565 -0.011873996 0.997295678 261.276763916
0.997101843 -0.022787301 0.072585195 20.986690521 0.021890363 0.999674141 0.013128847 -25.782176971 -0.072860710 -0.011501880 0.997275770 263.535949707
0.997069478 -0.022047486 0.073255278 21.246917725 0.021170484 0.999694824 0.012726964 -25.988460541 -0.073513523 -0.011138818 0.997232020 265.779388428
0.997016609 -0.021453669 0.074145973 21.506937027 0.020580044 0.999709725 0.012526595 -26.185890198 -0.074393205 -0.010963297 0.997168720 268.025207520
0.996886194 -0.020857453 0.076045029 21.758880615 0.019951316 0.999720991 0.012656209 -26.403718948 -0.076287791 -0.011099604 0.997024059 270.289703369
0.996793747 -0.021535551 0.077060632 22.033321381 0.020605750 0.999705195 0.012840764 -26.607604980 -0.077314466 -0.011211699 0.996943653 272.538269043
0.996588707 -0.022127667 0.079506703 22.281780243 0.021090593 0.999681473 0.013860066 -26.813817978 -0.079788066 -0.012135942 0.996737957 274.785156250
0.996470034 -0.022181485 0.080966264 22.558942795 0.021014230 0.999662995 0.015240425 -27.007829666 -0.081277050 -0.013485182 0.996600270 277.025238037
0.996404588 -0.021999527 0.081816465 22.841995239 0.020700313 0.999646366 0.016694142 -27.219028473 -0.082154810 -0.014940495 0.996507585 279.280090332
0.996296883 -0.021718645 0.083192520 23.123430252 0.020252338 0.999625087 0.018429089 -27.424591064 -0.083561599 -0.016676001 0.996363044 281.519012451
0.996273696 -0.020912623 0.083673514 23.411066055 0.019508768 0.999655426 0.017560448 -27.604534149 -0.084011935 -0.015862647 0.996338487 283.787384033
0.996173382 -0.020097733 0.085057095 23.679910660 0.018699117 0.999677062 0.017208254 -27.794775009 -0.085375473 -0.015551911 0.996227503 286.017761230
0.996225536 -0.020105084 0.084441781 23.977806091 0.018800920 0.999691784 0.016211526 -27.984428406 -0.084741689 -0.014562755 0.996296525 288.268554688
0.996172130 -0.020877985 0.084883675 24.251253128 0.019533137 0.999670744 0.016643282 -28.184432983 -0.085203201 -0.014921527 0.996251881 290.494598389
0.996127129 -0.020606318 0.085476145 24.516437531 0.019375334 0.999696612 0.015206270 -28.368997574 -0.085763544 -0.013491248 0.996224165 292.754852295
0.996146500 -0.021073747 0.085135378 24.799718857 0.019932650 0.999700129 0.014231226 -28.560392380 -0.085409753 -0.012479413 0.996267676 294.977813721
0.996129155 -0.021182468 0.085310839 25.079032898 0.020056752 0.999700367 0.014031072 -28.756629944 -0.085582487 -0.012265703 0.996255577 297.205718994
0.996126890 -0.020445136 0.085516892 25.358449936 0.019308168 0.999714136 0.014101407 -28.949710846 -0.085780747 -0.012395618 0.996236861 299.443664551
0.996077240 -0.019996852 0.086198471 25.620172501 0.018719524 0.999703169 0.015601452 -29.156780243 -0.086484849 -0.013926657 0.996155739 301.662872314
0.996077955 -0.020134132 0.086158536 25.908210754 0.018838080 0.999697208 0.015829522 -29.351434708 -0.086451180 -0.014144377 0.996155679 303.908660889
0.996040821 -0.019545712 0.086721711 26.189935684 0.018219370 0.999705017 0.016059533 -29.545026779 -0.087010033 -0.014415937 0.996103048 306.144989014
0.996024728 -0.019888017 0.086828642 26.471784592 0.018586902 0.999702930 0.015767779 -29.745206833 -0.087116420 -0.014091223 0.996098459 308.388732910
0.995979607 -0.020945242 0.087096952 26.758209229 0.019595759 0.999674916 0.016320292 -29.942510605 -0.087410457 -0.014547948 0.996066272 310.654815674
0.995926440 -0.020792479 0.087739564 27.040901184 0.019476401 0.999684989 0.015829399 -30.141197205 -0.088041052 -0.014056065 0.996017635 312.893005371
0.995960414 -0.020603130 0.087397553 27.340171814 0.019225124 0.999677718 0.016579712 -30.338382721 -0.087710969 -0.014832507 0.996035457 315.136657715
0.995905161 -0.019122837 0.088358171 27.622116089 0.017790407 0.999716163 0.015842963 -30.535366058 -0.088636033 -0.014206162 0.995962858 317.372467041
0.995889544 -0.016924091 0.088980839 27.902862549 0.015539376 0.999747515 0.016231751 -30.729310989 -0.089233086 -0.014782324 0.995901048 319.611450195
0.995828092 -0.015571110 0.089910649 28.182067871 0.014231893 0.999778330 0.015516949 -30.921554565 -0.090132318 -0.014172616 0.995828927 321.831359863
0.995795250 -0.014885789 0.090388767 28.467067719 0.013480024 0.999778807 0.016143035 -31.114570618 -0.090609074 -0.014856717 0.995775700 324.066284180
0.995813906 -0.014871627 0.090186052 28.766218185 0.013342580 0.999757171 0.017533643 -31.317810059 -0.090424895 -0.016256928 0.995770574 326.292388916
0.995758116 -0.015348156 0.090720311 29.045864105 0.013828478 0.999753654 0.017356176 -31.514404297 -0.090964355 -0.016028028 0.995725155 328.530364990
0.995764017 -0.016411349 0.090469487 29.343795776 0.014977565 0.999751627 0.016504485 -31.706541061 -0.090717867 -0.015079561 0.995762408 330.764099121
0.995738506 -0.016200244 0.090787701 29.626783371 0.014774943 0.999757171 0.016349513 -31.901529312 -0.091030508 -0.014938456 0.995736003 332.978149414
0.995698810 -0.016617903 0.091146484 29.915536880 0.015089369 0.999734163 0.017433677 -32.094154358 -0.091411956 -0.015983349 0.995684803 335.213958740
0.995708287 -0.016796624 0.091009468 30.213188171 0.015267220 0.999730647 0.017475158 -32.285228729 -0.091278479 -0.016010698 0.995696664 337.447448730
0.995667934 -0.016586816 0.091490470 30.492439270 0.014998347 0.999725103 0.018022485 -32.484809875 -0.091764264 -0.016572198 0.995642841 339.681396484
0.995685101 -0.016590556 0.091301002 30.790027618 0.015042611 0.999731660 0.017616399 -32.678066254 -0.091568783 -0.016166985 0.995667458 341.924682617
0.995670378 -0.016803216 0.091422975 31.077325821 0.015198701 0.999718428 0.018218521 -32.869140625 -0.091703370 -0.016750135 0.995645463 344.176910400
0.995722771 -0.016354291 0.090932116 31.373369217 0.014764777 0.999726653 0.018125571 -33.056625366 -0.091203697 -0.016705450 0.995692134 346.420135498
0.995736539 -0.016179344 0.090813011 31.663497925 0.014615607 0.999733627 0.017858014 -33.246147156 -0.091077760 -0.016454587 0.995707810 348.652191162
0.995693207 -0.015714182 0.091368236 31.952606201 0.014075901 0.999728918 0.018547377 -33.444282532 -0.091634937 -0.017181408 0.995644450 350.891143799
0.995747268 -0.015809597 0.090760432 32.248825073 0.014141360 0.999719501 0.018994449 -33.635505676 -0.091035277 -0.017630195 0.995691597 353.105682373
0.995765746 -0.015115490 0.090675890 32.536350250 0.013489847 0.999737501 0.018514240 -33.827461243 -0.090931952 -0.017212637 0.995708287 355.352569580
0.995792150 -0.015024216 0.090400904 32.827926636 0.013383386 0.999734938 0.018729489 -34.015068054 -0.090658344 -0.017440815 0.995729327 357.587219238
0.995874465 -0.014320272 0.089604758 33.128150940 0.012596497 0.999725103 0.019773552 -34.209926605 -0.089863293 -0.018563269 0.995781124 359.831909180
0.995918274 -0.014328922 0.089114398 33.426181793 0.012605947 0.999723136 0.019867299 -34.401859283 -0.089374408 -0.018662836 0.995823205 362.080169678
0.995950043 -0.014267188 0.088768244 33.718574524 0.012511843 0.999715567 0.020299602 -34.588592529 -0.089032620 -0.019106733 0.995845377 364.314025879
0.996009290 -0.014205986 0.088112086 34.014450073 0.012532295 0.999730945 0.019519273 -34.776062012 -0.088365659 -0.018337127 0.995919287 366.575225830
0.996026456 -0.014799261 0.087819628 34.299190521 0.013149452 0.999726593 0.019335249 -34.965438843 -0.088081777 -0.018103635 0.995948732 368.816986084
0.996020079 -0.014667592 0.087914348 34.580123901 0.013089170 0.999743044 0.018503807 -35.150131226 -0.088163167 -0.017279435 0.995956182 371.082397461
0.996069670 -0.015079667 0.087279849 34.871536255 0.013489001 0.999732554 0.018786138 -35.344051361 -0.087539792 -0.017534984 0.996006668 373.313964844
0.996103287 -0.014670331 0.086965680 35.162818909 0.013017369 0.999724209 0.019543843 -35.528366089 -0.087228410 -0.018335622 0.996019542 375.568511963
0.996071994 -0.014762026 0.087307587 35.440883636 0.013095611 0.999721587 0.019628815 -35.712127686 -0.087573037 -0.018408367 0.995988011 377.826690674
0.996078610 -0.015444304 0.087113500 35.729850769 0.013766538 0.999708652 0.019827571 -35.903026581 -0.087394357 -0.018550571 0.996001005 380.065399170
0.996095359 -0.015676478 0.086881064 36.022319794 0.013997805 0.999704063 0.019897187 -36.086475372 -0.087167256 -0.018603353 0.996019959 382.319824219
0.996094882 -0.014844486 0.087032177 36.310997009 0.013125927 0.999707997 0.020285422 -36.278656006 -0.087307900 -0.019063823 0.995999038 384.570129395
0.996122718 -0.014130557 0.086831994 36.605331421 0.012425547 0.999719858 0.020144964 -36.460075378 -0.087092333 -0.018987922 0.996019185 386.829925537
0.996136069 -0.012901641 0.086871810 36.898677826 0.011204329 0.999737263 0.019997459 -36.653133392 -0.087106980 -0.018946849 0.996018767 389.090759277
0.996120393 -0.011384128 0.087261312 37.178756714 0.009678091 0.999754071 0.019949080 -36.842864990 -0.087466963 -0.019027162 0.995985687 391.361389160
0.996153593 -0.010144099 0.087035313 37.469219208 0.008310185 0.999736249 0.021407450 -37.031471252 -0.087229535 -0.020601824 0.995975196 393.625091553
0.996086895 -0.008659058 0.087954238 37.748489380 0.006775009 0.999741614 0.021696782 -37.219482422 -0.088119373 -0.021015989 0.995888174 395.887084961
0.996007383 -0.008450771 0.088870153 38.030601501 0.006676223 0.999772668 0.020246217 -37.412246704 -0.089021057 -0.019572062 0.995837450 398.151885986
0.995959044 -0.008516303 0.089404017 38.314826965 0.006771128 0.999780953 0.019805280 -37.602626801 -0.089553095 -0.019119879 0.995798528 400.410034180
0.995817542 -0.009532021 0.090865247 38.587844849 0.007608918 0.999740124 0.021487331 -37.792015076 -0.091046445 -0.020706076 0.995631337 402.644378662
0.995833874 -0.011047831 0.090514064 38.884601593 0.009116313 0.999722421 0.021725111 -37.972656250 -0.090728946 -0.020809444 0.995658159 404.936340332
0.995778620 -0.011462126 0.091067784 39.175872803 0.009524208 0.999719501 0.021686101 -38.159030914 -0.091290794 -0.020727212 0.995608509 407.187042236
0.995717645 -0.010099592 0.091893032 39.472484589 0.008213127 0.999748170 0.020883979 -38.343528748 -0.092080802 -0.020039823 0.995549798 409.433715820
0.995648384 -0.009407901 0.092712663 39.766738892 0.007465621 0.999745727 0.021274084 -38.535293579 -0.092889234 -0.020489346 0.995465636 411.681762695
0.995567799 -0.008239781 0.093684815 40.051033020 0.006306896 0.999761462 0.020909190 -38.720920563 -0.093834758 -0.020225657 0.995382309 413.923278809
0.995499849 -0.007501645 0.094465971 40.354923248 0.005540346 0.999763966 0.021007141 -38.906272888 -0.094601281 -0.020389227 0.995306432 416.193542480
0.995435536 -0.007579749 0.095134065 40.659999847 0.005606479 0.999764025 0.020992160 -39.095767975 -0.095270686 -0.020362979 0.995243073 418.449127197
0.995335937 -0.007736727 0.096158952 40.957630157 0.005744574 0.999763370 0.020976899 -39.280166626 -0.096298508 -0.020326672 0.995144904 420.700469971
0.995248914 -0.007938568 0.097038895 41.253551483 0.005940617 0.999764681 0.020860791 -39.470649719 -0.097181655 -0.020185206 0.995061934 422.956390381
0.995171070 -0.008101601 0.097819626 41.560848236 0.005970491 0.999738812 0.022059217 -39.657291412 -0.097972780 -0.021368667 0.994959652 425.226165771
0.995103300 -0.007321636 0.098569818 41.860092163 0.005119445 0.999732018 0.022575861 -39.839263916 -0.098708697 -0.021960689 0.994874001 427.478942871
0.995040238 -0.006741081 0.099244475 42.176200867 0.004417142 0.999711335 0.023617443 -40.025279999 -0.099375032 -0.023061929 0.994782746 429.756072998
0.995031178 -0.006929603 0.099322453 42.494262695 0.004602496 0.999709964 0.023639835 -40.216182709 -0.099457458 -0.023065241 0.994774461 432.021087646
0.994974852 -0.007607210 0.099834844 42.810554504 0.005331351 0.999720275 0.023043260 -40.405471802 -0.099982210 -0.022395208 0.994737089 434.285278320
0.994979441 -0.006826852 0.099846683 43.129364014 0.004531936 0.999720693 0.023193182 -40.576564789 -0.099977136 -0.022624234 0.994732499 436.551696777
0.994926751 -0.007111848 0.100350507 43.446178436 0.004775941 0.999712467 0.023498535 -40.761970520 -0.100488774 -0.022900052 0.994674623 438.843750000
0.994984329 -0.007182954 0.099772878 43.773857117 0.004839266 0.999707162 0.023712408 -40.943504333 -0.099913985 -0.023110649 0.994727671 441.114410400
0.994964421 -0.006704099 0.100004166 44.108097076 0.004259762 0.999687433 0.024635890 -41.136344910 -0.100138076 -0.024085844 0.994681895 443.439758301
0.994916856 -0.007338493 0.100431785 44.426780701 0.004857510 0.999677539 0.024925439 -41.317214966 -0.100582309 -0.024310892 0.994631708 445.720489502
0.994909167 -0.007354198 0.100507326 44.739589691 0.004910246 0.999686718 0.024541948 -41.500347137 -0.100656338 -0.023923494 0.994633615 447.983978271
0.994909883 -0.006473254 0.100560568 45.060340881 0.004036252 0.999693692 0.024418758 -41.684600830 -0.100687854 -0.023888573 0.994631171 450.241241455
0.994825780 -0.006080627 0.101414442 45.368541718 0.003642214 0.999700189 0.024211898 -41.872039795 -0.101531267 -0.023717251 0.994549513 452.508331299
0.994737864 -0.005364745 0.102312051 45.680618286 0.002910360 0.999704719 0.024123408 -42.044754028 -0.102411255 -0.023698704 0.994459808 454.783752441
0.994684219 -0.005951557 0.102800272 45.986240387 0.003488649 0.999702871 0.024121387 -42.235752106 -0.102913290 -0.023634529 0.994409442 457.050231934
0.994721413 -0.004995958 0.102490552 46.315696716 0.002630291 0.999727309 0.023203980 -42.414817810 -0.102578528 -0.022811918 0.994463325 459.330322266
0.994659483 -0.004165520 0.103127085 46.626815796 0.001717558 0.999714851 0.023814768 -42.599262238 -0.103196867 -0.023510464 0.994383037 461.604797363
0.994717240 -0.004078105 0.102571584 46.957469940 0.001512115 0.999684274 0.025081901 -42.781631470 -0.102641486 -0.024794299 0.994409382 463.886779785
0.994742393 -0.003779631 0.102338389 47.269718170 0.001190862 0.999678135 0.025345448 -42.955963135 -0.102401242 -0.025090326 0.994426727 466.153900146
0.994780242 -0.003843850 0.101967342 47.584621429 0.001354409 0.999699593 0.024472125 -43.138145447 -0.102030776 -0.024206281 0.994486630 468.430023193
0.994871080 -0.003953020 0.101073734 47.916030884 0.001529604 0.999709785 0.024042979 -43.322032928 -0.101139449 -0.023765063 0.994588315 470.719665527
0.994934916 -0.004203819 0.100432783 48.234683990 0.001681730 0.999681413 0.025183681 -43.510372162 -0.100506648 -0.024887225 0.994625092 472.995452881
0.994894445 -0.004292624 0.100829996 48.537258148 0.001691980 0.999664009 0.025863726 -43.695861816 -0.100907162 -0.025561076 0.994567394 475.272399902
0.994973063 -0.003473516 0.100082316 48.856174469 0.000965140 0.999684453 0.025100656 -43.861381531 -0.100137919 -0.024877883 0.994662523 477.551544189
0.994990468 -0.003712944 0.099900849 49.174968719 0.001149442 0.999668896 0.025705799 -44.040382385 -0.099963203 -0.025462193 0.994665205 479.838684082
0.995009959 -0.004268092 0.099685632 49.493675232 0.001659534 0.999654412 0.026236122 -44.219215393 -0.099763162 -0.025939768 0.994673014 482.112091064
0.995027483 -0.004446351 0.099501543 49.805072784 0.001935097 0.999677420 0.025320644 -44.392841339 -0.099582054 -0.025002189 0.994715214 484.390350342
0.995095730 -0.005116008 0.098783895 50.124500275 0.002548984 0.999656200 0.026095010 -44.582153320 -0.098883443 -0.025715234 0.994766772 486.671722412
0.995141566 -0.004671148 0.098343469 50.431636810 0.002156515 0.999668360 0.025660692 -44.749603271 -0.098430723 -0.025323940 0.994821608 488.961425781
0.995162904 -0.004409022 0.098139748 50.745044708 0.001849227 0.999656022 0.026158854 -44.925472260 -0.098221332 -0.025850840 0.994828761 491.262451172
0.995231390 -0.004109974 0.097455189 51.064392090 0.001522251 0.999644816 0.026612444 -45.102634430 -0.097529933 -0.026337191 0.994884014 493.548034668
0.995194554 -0.003562402 0.097852349 51.363441467 0.001009067 0.999657989 0.026130846 -45.274765015 -0.097911984 -0.025906537 0.994857848 495.854187012
0.995226443 -0.003578493 0.097527184 51.686180115 0.001065768 0.999666452 0.025804287 -45.462097168 -0.097586975 -0.025577167 0.994898260 498.170776367
0.995270610 -0.003452897 0.097078957 51.995239258 0.000872368 0.999645472 0.026611652 -45.639568329 -0.097136416 -0.026401106 0.994920969 500.464843750
0.995259225 -0.003304673 0.097201213 52.297733307 0.000687973 0.999636769 0.026941648 -45.820598602 -0.097254932 -0.026747052 0.994900048 502.743499756
0.995273650 -0.002371737 0.097080477 52.604438782 -0.000169612 0.999657750 0.026161134 -45.997089386 -0.097109288 -0.026053956 0.994932652 505.036285400
0.995253503 -0.002249667 0.097290054 52.905559540 -0.000375627 0.999636531 0.026957460 -46.176246643 -0.097315319 -0.026866047 0.994890928 507.321655273
0.995274067 -0.002909942 0.097062021 53.216243744 0.000350349 0.999651968 0.026377320 -46.357994080 -0.097105011 -0.026218656 0.994928718 509.612487793
0.995316446 -0.003654327 0.096601032 53.537151337 0.001026703 0.999628484 0.027236504 -46.541954041 -0.096664682 -0.027009763 0.994950414 511.912292480
0.995288670 -0.003154731 0.096904896 53.846340179 0.000512713 0.999627709 0.027276848 -46.714538574 -0.096954867 -0.027098648 0.994919717 514.222351074
0.995300353 -0.002580550 0.096801572 54.159931183 -0.000038334 0.999634266 0.027042547 -46.891639709 -0.096835956 -0.026919167 0.994936228 516.527832031
0.995265901 -0.001677310 0.097175106 54.460918427 -0.000943333 0.999637187 0.026916029 -47.071395874 -0.097185008 -0.026880275 0.994903207 518.818481445
0.995222569 0.000058943 0.097632103 54.771106720 -0.002717030 0.999629259 0.027092813 -47.251159668 -0.097594321 -0.027228648 0.994853735 521.115112305
0.995111465 0.002233472 0.098732874 55.082977295 -0.004945066 0.999616981 0.027227759 -47.426811218 -0.098634265 -0.027582895 0.994741380 523.442382812
0.995026886 0.003206360 0.099554986 55.398262024 -0.006044614 0.999583423 0.028220886 -47.594497681 -0.099423014 -0.028682310 0.994631767 525.752685547
0.994942486 0.002813682 0.100408100 55.707008362 -0.005677382 0.999584854 0.028246252 -47.769378662 -0.100286953 -0.028673451 0.994545281 528.046936035
0.994916260 0.001065896 0.100699894 56.022884369 -0.004061496 0.999555051 0.029547468 -47.940803528 -0.100623593 -0.029806249 0.994477928 530.347778320
0.994837046 -0.000351409 0.101484351 56.344593048 -0.002632844 0.999567986 0.029270595 -48.112770081 -0.101450816 -0.029386664 0.994406462 532.654602051
0.994792342 -0.000377805 0.101921543 56.662044525 -0.002559348 0.999585211 0.028685484 -48.284919739 -0.101890087 -0.028796952 0.994378865 534.959289551
0.994716406 -0.000674633 0.102658778 56.989646912 -0.002263934 0.999591053 0.028505411 -48.460060120 -0.102636017 -0.028587209 0.994308114 537.270446777
0.994607091 -0.000196696 0.103714220 57.305236816 -0.002741040 0.999599040 0.028182009 -48.638961792 -0.103678159 -0.028314315 0.994207799 539.571594238
0.994469762 0.000604343 0.105022542 57.617660522 -0.003543876 0.999607086 0.027805185 -48.814193726 -0.104964457 -0.028023602 0.994081080 541.879699707
0.994385123 0.000603891 0.105819762 57.946266174 -0.003495538 0.999625444 0.027142815 -48.995944977 -0.105763726 -0.027360309 0.994014800 544.199218750
0.994219780 0.000799738 0.107360639 58.260444641 -0.003782069 0.999612451 0.027577888 -49.166625977 -0.107296973 -0.027824527 0.993837535 546.524414062
0.994084120 0.000460002 0.108612068 58.576576233 -0.003607902 0.999579012 0.028788228 -49.350944519 -0.108553104 -0.029009782 0.993667305 548.803283691
0.993978977 -0.000029896 0.109571770 58.901473999 -0.003188842 0.999568522 0.029200261 -49.528427124 -0.109525375 -0.029373851 0.993549883 551.098266602
0.994023621 -0.001306408 0.109156691 59.249465942 -0.001788783 0.999599218 0.028252751 -49.701278687 -0.109149843 -0.028279161 0.993622959 553.409301758
0.994027436 -0.001932317 0.109113172 59.596538544 -0.001245254 0.999577284 0.029046142 -49.881263733 -0.109123178 -0.029008534 0.993604898 555.723449707
0.993929386 -0.001610411 0.110007703 59.927860260 -0.001660286 0.999559462 0.029633459 -50.055953979 -0.110006958 -0.029636210 0.993488848 558.026123047
0.993862391 -0.000956576 0.110618651 60.268707275 -0.002449356 0.999527097 0.030649863 -50.229522705 -0.110595658 -0.030732691 0.993390203 560.354614258
0.993879318 -0.001688882 0.110457651 60.622024536 -0.001803225 0.999501884 0.031507351 -50.405681610 -0.110455848 -0.031513691 0.993381262 562.674743652
0.993827045 -0.000931857 0.110936508 60.965412140 -0.002692372 0.999467552 0.032515116 -50.576309204 -0.110907741 -0.032613076 0.993295431 564.972961426
0.993779361 -0.000143011 0.111366749 61.315597534 -0.003429043 0.999485672 0.031882491 -50.747665405 -0.111314036 -0.032066040 0.993267834 567.291564941
0.993761599 0.000596162 0.111523844 61.670574188 -0.004019582 0.999527574 0.030474432 -50.914382935 -0.111452974 -0.030732602 0.993294418 569.614990234
0.993738532 0.000960418 0.111725792 62.024951935 -0.004415682 0.999519408 0.030682957 -51.085117340 -0.111642644 -0.030984184 0.993265271 571.951049805
0.993735194 0.001102972 0.111754425 62.385345459 -0.004644752 0.999494970 0.031437129 -51.252754211 -0.111663312 -0.031759258 0.993238389 574.266296387
0.993627965 0.000619921 0.112707980 62.716259003 -0.004328006 0.999457181 0.032658238 -51.430938721 -0.112626538 -0.032937940 0.993091285 576.608642578
0.993511319 0.001525549 0.113723591 63.055419922 -0.005063529 0.999511838 0.030827971 -51.591766357 -0.113621041 -0.031203778 0.993033946 578.933105469
0.993596315 0.000478852 0.112987421 63.419006348 -0.004199028 0.999456823 0.032689892 -51.780906677 -0.112910390 -0.032955002 0.993058443 581.245300293
0.993541718 -0.000060369 0.113467574 63.769718170 -0.003680988 0.999456346 0.032763112 -51.945426941 -0.113407858 -0.032969188 0.993001401 583.567321777
0.993668556 -0.001540946 0.112340406 64.143379211 -0.002238138 0.999436021 0.033505708 -52.122467041 -0.112328671 -0.033545002 0.993104756 585.912902832
0.993642092 -0.002713018 0.112552628 64.490951538 -0.000984688 0.999461949 0.032784540 -52.289665222 -0.112581000 -0.032686930 0.993104875 588.232910156
0.993667901 -0.003427650 0.112306036 64.852859497 -0.000256540 0.999462783 0.032774050 -52.456024170 -0.112358071 -0.032595325 0.993133008 590.578308105
0.993658543 -0.005481543 0.112305783 65.203887939 0.001745291 0.999442518 0.033339903 -52.625389099 -0.112425931 -0.032932475 0.993114173 592.911254883
0.993690252 -0.005709991 0.112013996 65.568115234 0.001995921 0.999445498 0.033241361 -52.786994934 -0.112141669 -0.032808047 0.993150413 595.264282227
