1.000000000 0.000000000 0.000000000 0.000000000 0.000000000 1.000000000 0.000000000 0.000000000 0.000000000 0.000000000 1.000000000 0.000000000
0.999999881 0.000168454 0.000513889 0.087631866 -0.000168371 1.000000000 -0.000161745 -0.225845128 -0.000513917 0.000161659 0.999999881 2.297749996
0.999999046 0.000564263 0.001218316 0.165126756 -0.000564765 0.999999762 0.000411487 -0.464807779 -0.001218083 -0.000412175 0.999999166 4.592355251
0.999998510 0.000216516 0.001714434 0.263208151 -0.000217505 0.999999821 0.000577254 -0.695830345 -0.001714309 -0.000577626 0.999998391 6.882501602
0.999996603 0.000125394 0.002594977 0.355486661 -0.000122675 0.999999464 -0.001047936 -0.929161549 -0.002595107 0.001047614 0.999996066 9.177540779
0.999987960 0.001842140 0.004531235 0.448172957 -0.001843323 0.999998271 0.000256870 -1.164226055 -0.004530754 -0.000265219 0.999989629 11.480705261
0.999965012 0.003851154 0.007423999 0.532234430 -0.003862168 0.999991477 0.001469754 -1.395243406 -0.007418274 -0.001498375 0.999971390 13.796833992
0.999944746 0.003696052 0.009838778 0.637929499 -0.003736724 0.999984562 0.004118640 -1.624072552 -0.009823402 -0.004155178 0.999943137 16.070953369
0.999945641 0.003172993 0.009933989 0.763283670 -0.003218042 0.999984741 0.004522222 -1.847842216 -0.009919486 -0.004553944 0.999940455 18.403623581
0.999928832 0.002248283 0.011715320 0.868822217 -0.002303960 0.999986172 0.004741202 -2.075677156 -0.011704495 -0.004767857 0.999920130 20.697872162
0.999931157 -0.000543739 0.011722487 0.994664073 0.000509551 0.999995530 0.002919181 -2.313099623 -0.011724025 -0.002913008 0.999927044 23.009374619
0.999915957 -0.002841315 0.012649017 1.100621819 0.002828826 0.999995410 0.001005119 -2.534150839 -0.012651815 -0.000969252 0.999919474 25.291639328
0.999916852 -0.004166037 0.012206096 1.237238526 0.004166814 0.999991298 -0.000038227 -2.775956154 -0.012205831 0.000089085 0.999925494 27.601728439
0.999903321 -0.003828834 0.013370005 1.342007875 0.003840972 0.999992251 -0.000882258 -3.004226685 -0.013366522 0.000933527 0.999910235 29.890640259
0.999905765 -0.002393637 0.013518898 1.465020776 0.002373343 0.999996006 0.001517011 -3.234406471 -0.013522473 -0.001484783 0.999907494 32.180057526
0.999907315 -0.000382164 0.013611232 1.592809319 0.000331722 0.999993026 0.003707932 -3.455293179 -0.013612553 -0.003703074 0.999900460 34.460655212
0.999877393 0.002151073 0.015511802 1.697322369 -0.002281266 0.999962270 0.008380345 -3.695024967 -0.015493191 -0.008414703 0.999844551 36.761940002
0.999857724 0.003979647 0.016391745 1.810840130 -0.004108618 0.999960721 0.007841915 -3.911912203 -0.016359895 -0.007908146 0.999834895 39.035018921
0.999828935 0.003322409 0.018188553 1.917555332 -0.003429366 0.999976993 0.005852412 -4.112725735 -0.018168690 -0.005913786 0.999817431 41.345397949
0.999830067 0.000966189 0.018407986 2.040496588 -0.001058720 0.999986827 0.005017580 -4.339407921 -0.018402893 -0.005036217 0.999817967 43.624496460
0.999828875 0.000968157 0.018472906 2.176205635 -0.001037901 0.999992371 0.003766239 -4.561750412 -0.018469119 -0.003784768 0.999822259 45.863647461
0.999823868 0.000247630 0.018766481 2.295716763 -0.000302961 0.999995589 0.002945603 -4.792396069 -0.018765669 -0.002950769 0.999819696 48.143527985
0.999819934 -0.001354076 0.018926606 2.430717945 0.001291279 0.999993622 0.003329725 -5.021399975 -0.018930994 -0.003304686 0.999815345 50.424247742
0.999801576 -0.002696900 0.019736031 2.563084602 0.002624552 0.999989688 0.003690778 -5.246912956 -0.019745782 -0.003638247 0.999798417 52.693763733
0.999793708 -0.003953815 0.019920329 2.699084282 0.003884855 0.999986351 0.003499318 -5.474293709 -0.019933894 -0.003421209 0.999795496 54.976314545
0.999748647 -0.004069436 0.022043845 2.810857296 0.003985004 0.999984562 0.003872773 -5.703897953 -0.022059262 -0.003783954 0.999749482 57.279666901
0.999732375 -0.005373039 0.022502515 2.951805592 0.005274334 0.999976158 0.004443489 -5.928488255 -0.022525856 -0.004323613 0.999736905 59.546588898
0.999688625 -0.006750187 0.024021389 3.081003428 0.006660347 0.999970496 0.003818037 -6.151932716 -0.024046451 -0.003656856 0.999704182 61.811313629
0.999674797 -0.007655548 0.024323655 3.234492302 0.007570667 0.999964952 0.003579846 -6.375710487 -0.024350209 -0.003394535 0.999697745 64.062927246
0.999645948 -0.007117422 0.025638841 3.374485970 0.007012359 0.999966621 0.004185362 -6.598831177 -0.025667772 -0.004004091 0.999662638 66.333068848
0.999629557 -0.006122940 0.026518703 3.524257660 0.006001918 0.999971151 0.004640814 -6.827552319 -0.026546357 -0.004479932 0.999637544 68.595817566
0.999595106 -0.006345098 0.027735310 3.663951874 0.006230501 0.999971688 0.004216288 -7.051217556 -0.027761281 -0.004041777 0.999606431 70.850769043
0.999580383 -0.007113655 0.028077671 3.824886799 0.007035944 0.999971151 0.002865522 -7.275546074 -0.028097244 -0.002666767 0.999601662 73.106735229
0.999567330 -0.008039504 0.028293280 3.986595392 0.007947514 0.999962747 0.003362290 -7.504494667 -0.028319258 -0.003135973 0.999593973 75.387573242
0.999518812 -0.009230188 0.029613625 4.144746780 0.009150201 0.999954045 0.002835390 -7.735556602 -0.029638436 -0.002563055 0.999557436 77.652603149
0.999512792 -0.010089396 0.029535480 4.301973343 0.010019150 0.999946594 0.002525389 -7.965819836 -0.029559383 -0.002228239 0.999560535 79.916358948
0.999480903 -0.010563829 0.030436063 4.450619698 0.010505677 0.999942601 0.002069914 -8.182958603 -0.030456187 -0.001749088 0.999534547 82.172859192
0.999474764 -0.009941757 0.030841546 4.627110004 0.009880453 0.999948859 0.002139407 -8.412583351 -0.030861231 -0.001833554 0.999521971 84.441902161
0.999419689 -0.009703177 0.032654360 4.778132439 0.009620920 0.999950171 0.002675207 -8.632826805 -0.032678690 -0.002359490 0.999463081 86.699348450
0.999426067 -0.009625282 0.032477174 4.954355240 0.009494173 0.999946117 0.004188767 -8.868326187 -0.032515749 -0.003878019 0.999463677 88.976638794
0.999397635 -0.008497202 0.033647705 5.111708641 0.008339452 0.999953568 0.004825870 -9.096356392 -0.033687148 -0.004542360 0.999422133 91.232963562
0.999377191 -0.008433485 0.034265194 5.280990601 0.008278730 0.999954879 0.004655766 -9.317548752 -0.034302905 -0.004369194 0.999401927 93.487472534
0.999364197 -0.008612453 0.034598868 5.451232910 0.008480728 0.999956250 0.003952173 -9.534200668 -0.034631398 -0.003656237 0.999393404 95.744354248
0.999329269 -0.008983863 0.035499372 5.615889549 0.008837065 0.999951780 0.004289888 -9.756534576 -0.035536189 -0.003973302 0.999360442 98.003265381
0.999298573 -0.008642228 0.036437146 5.776476860 0.008510410 0.999956667 0.003771253 -9.988802910 -0.036468156 -0.003458513 0.999328971 100.248168945
0.999247432 -0.008696879 0.037802514 5.933403969 0.008526602 0.999952734 0.004663278 -10.204437256 -0.037841283 -0.004337442 0.999274313 102.478790283
0.999238908 -0.009153767 0.037919052 6.132550240 0.008989308 0.999949455 0.004505282 -10.432040215 -0.037958376 -0.004160988 0.999270678 104.766288757
0.999208331 -0.009901485 0.038531717 6.310060501 0.009712555 0.999939919 0.005087338 -10.648984909 -0.038579758 -0.004709070 0.999244452 107.005592346
0.999183297 -0.011400694 0.038764417 6.493927956 0.011209748 0.999923944 0.005139621 -10.866093636 -0.038820062 -0.004700885 0.999235153 109.256782532
0.999144971 -0.012463208 0.039420672 6.675257683 0.012228733 0.999906123 0.006183590 -11.094755173 -0.039494038 -0.005696238 0.999203563 111.510169983
0.999121189 -0.013245075 0.039766222 6.864507198 0.013061057 0.999902785 0.004883709 -11.317274094 -0.039827049 -0.004360029 0.999197006 113.774459839
0.999069333 -0.013686256 0.040902812 7.043388367 0.013532653 0.999900222 0.004029850 -11.540344238 -0.040953882 -0.003472577 0.999154925 116.027603149
0.999032378 -0.013902036 0.041728236 7.221847534 0.013721839 0.999895275 0.004601739 -11.769278526 -0.041787833 -0.004024698 0.999118388 118.274971008
0.998978436 -0.014324953 0.042858098 7.405051708 0.014095140 0.999884665 0.005659621 -11.997212410 -0.042934231 -0.005049749 0.999065161 120.533782959
0.998971462 -0.014906905 0.042824846 7.610373497 0.014649029 0.999872625 0.006329191 -12.222486496 -0.042913742 -0.005695339 0.999062598 122.740402222
0.998897016 -0.015995342 0.044146575 7.796112537 0.015757104 0.999859333 0.005739304 -12.447615623 -0.044232175 -0.005037352 0.999008596 125.052673340
0.998857319 -0.016752247 0.044759762 7.976258755 0.016546650 0.999850810 0.004960024 -12.671312332 -0.044836175 -0.004213733 0.998985469 127.316162109
0.998834729 -0.018437276 0.044601336 8.164884567 0.018220743 0.999820113 0.005256535 -12.888650894 -0.044690218 -0.004437740 0.998991132 129.577117920
0.998857558 -0.019627001 0.043569669 8.353443146 0.019406332 0.999796569 0.005482026 -13.104658127 -0.043668404 -0.004630236 0.999035358 131.821624756
0.998911619 -0.019930569 0.042170271 8.547542572 0.019671161 0.999785066 0.006557552 -13.321815491 -0.042291906 -0.005720876 0.999088943 134.058197021
0.998955846 -0.020657510 0.040748488 8.727549553 0.020406106 0.999770164 0.006575961 -13.546049118 -0.040874965 -0.005737576 0.999147773 136.304214478
0.999029577 -0.021536408 0.038418680 8.937470436 0.021315960 0.999753952 0.006138378 -13.760697365 -0.038541425 -0.005313491 0.999242783 138.530258179
0.998992980 -0.022443824 0.038849305 9.091865540 0.022216890 0.999733567 0.006263353 -13.986149788 -0.038979534 -0.005393935 0.999225438 140.818801880
0.998987198 -0.022744557 0.038822800 9.261922836 0.022511803 0.999725997 0.006422016 -14.194946289 -0.038958229 -0.005541540 0.999225497 143.051620483
0.999018371 -0.023112638 0.037788410 9.449795723 0.022838654 0.999709785 0.007666248 -14.422981262 -0.037954625 -0.006795688 0.999256372 145.301788330
0.999038339 -0.022245383 0.037782401 9.624475479 0.022013314 0.999736190 0.006547286 -14.637609482 -0.037918083 -0.005709274 0.999264538 147.554626465
0.999056637 -0.021138445 0.037938017 9.803283691 0.020961912 0.999767482 0.005045041 -14.856048584 -0.038035844 -0.004245027 0.999267340 149.807449341
0.999077141 -0.019671923 0.038180389 9.977718353 0.019526027 0.999800563 0.004190344 -15.076060295 -0.038255200 -0.003440966 0.999262035 152.058776855
0.999085009 -0.018900080 0.038365729 10.161905289 0.018756798 0.999815822 0.004091174 -15.291980743 -0.038435981 -0.003367813 0.999255419 154.306533813
0.999081850 -0.018082516 0.038839869 10.339549065 0.017914409 0.999828637 0.004671820 -15.513730049 -0.038917687 -0.003971737 0.999234438 156.571884155
0.999083161 -0.017472764 0.039083488 10.531691551 0.017267155 0.999835193 0.005592146 -15.735083580 -0.039174758 -0.004912158 0.999220252 158.792434692
0.999036193 -0.016744759 0.040575325 10.698217392 0.016479339 0.999840558 0.006867209 -15.962783813 -0.040683839 -0.006191935 0.999152899 161.101303101
0.999005795 -0.015701521 0.041725934 10.877119064 0.015327694 0.999839604 0.009263939 -16.186056137 -0.041864697 -0.008615167 0.999086142 163.336441040
0.998983860 -0.015183579 0.042432722 11.067132950 0.014862355 0.999858499 0.007875462 -16.392131805 -0.042546298 -0.007236809 0.999068260 165.627334595
0.998947144 -0.014430452 0.043546975 11.259203911 0.014158747 0.999878347 0.006541414 -16.604713440 -0.043636065 -0.005917955 0.999030113 167.883499146
0.998881519 -0.012533775 0.045591101 11.442348480 0.012238643 0.999902308 0.006746849 -16.820196152 -0.045671217 -0.006181329 0.998937368 170.117401123
0.998771906 -0.012041059 0.048059639 11.640084267 0.011716094 0.999906540 0.007037688 -17.044021606 -0.048139900 -0.006465974 0.998819649 172.418838501
0.998646259 -0.012220727 0.050559778 11.836737633 0.011893839 0.999906421 0.006761272 -17.258216858 -0.050637681 -0.006150770 0.998698175 174.692489624
0.998571277 -0.012080633 0.052051567 12.046432495 0.011706411 0.999903440 0.007488336 -17.478439331 -0.052137006 -0.006868300 0.998616278 176.950210571
0.998510957 -0.012440714 0.053114120 12.244106293 0.012007125 0.999891996 0.008474680 -17.690916061 -0.053213816 -0.007824311 0.998552561 179.170166016
0.998504162 -0.014172024 0.052808929 12.462530136 0.013778592 0.999874532 0.007806800 -17.905942917 -0.052912954 -0.007067488 0.998574078 181.450149536
0.998468518 -0.014980330 0.053256061 12.661415100 0.014603278 0.999865532 0.007462139 -18.117547989 -0.053360682 -0.006672999 0.998553038 183.694046021
0.998524368 -0.016108235 0.051861715 12.891164780 0.015719367 0.999845386 0.007897425 -18.349748611 -0.051980905 -0.007070539 0.998623073 185.928405762
0.998528123 -0.017808596 0.051229045 13.100975990 0.017389519 0.999811649 0.008614589 -18.563863754 -0.051372811 -0.007711061 0.998649776 188.177383423
0.998535097 -0.018633788 0.050798096 13.310667038 0.018248111 0.999801099 0.008045684 -18.773010254 -0.050937913 -0.007106929 0.998676538 190.417022705
0.998504162 -0.019555613 0.051058069 13.512943268 0.019152923 0.999781549 0.008364259 -18.998039246 -0.051210485 -0.007373836 0.998660624 192.660705566
0.998473644 -0.021317646 0.050950035 13.713091850 0.020957775 0.999751568 0.007587106 -19.209358215 -0.051099114 -0.006507725 0.998672366 194.898895264
0.998499274 -0.020822626 0.050651900 13.925512314 0.020450821 0.999760032 0.007847694 -19.425247192 -0.050803166 -0.006800045 0.998685539 197.137756348
0.998507917 -0.019265512 0.051095460 14.136598587 0.018881496 0.999789774 0.007987771 -19.641038895 -0.051238608 -0.007011094 0.998661876 199.369888306
0.998533249 -0.016413715 0.051593978 14.333541870 0.016025526 0.999840140 0.007928703 -19.866676331 -0.051715866 -0.007090254 0.998636603 201.646499634
0.998508513 -0.015769286 0.052268762 14.544602394 0.015410673 0.999854922 0.007256916 -20.081943512 -0.052375615 -0.006440597 0.998606682 203.916336060
0.998463392 -0.015964318 0.053064782 14.740665436 0.015565882 0.999847472 0.007913375 -20.290853500 -0.053183030 -0.007075215 0.998559713 206.137542725
0.998442352 -0.017469741 0.052986912 14.981917381 0.017068129 0.999822140 0.008022501 -20.514413834 -0.053117640 -0.007105616 0.998562992 208.410171509
0.998379946 -0.017247664 0.054223791 15.186496735 0.016815888 0.999823272 0.008408996 -20.720884323 -0.054359246 -0.007483553 0.998493433 210.654403687
0.998317182 -0.017748708 0.055206873 15.408513069 0.017250096 0.999806106 0.009495242 -20.946571350 -0.055364698 -0.008526937 0.998429775 212.918350220
0.998254597 -0.016255051 0.056776024 15.640767097 0.015707662 0.999825835 0.010074192 -21.160383224 -0.056929894 -0.009164788 0.998336077 215.150222778
0.998094857 -0.014352136 0.060005177 15.860076904 0.013787419 0.999856770 0.009814623 -21.369823456 -0.060137436 -0.008968607 0.998149812 217.450012207
0.997970581 -0.014462047 0.062014751 16.088768005 0.013857626 0.999852300 0.010165467 -21.579669952 -0.062152613 -0.009285458 0.998023450 219.697830200
0.997840047 -0.015924215 0.063731581 16.323217392 0.015275278 0.999826491 0.010656753 -21.785751343 -0.063890234 -0.009660218 0.997910142 221.936096191
0.997733116 -0.017485771 0.064983897 16.557416916 0.016778346 0.999794066 0.011416036 -21.990451813 -0.065170139 -0.010299835 0.997820973 224.172378540
0.997659683 -0.019712595 0.065470256 16.810401917 0.019037532 0.999759257 0.010918975 -22.205024719 -0.065669730 -0.009647029 0.997794807 226.412475586
0.997620523 -0.020972803 0.065676749 17.049388885 0.020319462 0.999737322 0.010600210 -22.406764984 -0.065881811 -0.009240471 0.997784674 228.669662476
0.997572362 -0.021187421 0.066336334 17.289434433 0.020507410 0.999730110 0.010915266 -22.615558624 -0.066549711 -0.009528381 0.997737586 230.914596558
0.997522593 -0.022258146 0.066732757 17.536254883 0.021650821 0.999717474 0.009810380 -22.822107315 -0.066932268 -0.008341254 0.997722745 233.168533325
0.997466624 -0.023161313 0.067261025 17.775239944 0.022481095 0.999688327 0.010852594 -23.024818420 -0.067491420 -0.009312997 0.997676373 235.400863647
0.997487187 -0.022642262 0.067131788 18.055429459 0.021933164 0.999695778 0.011281156 -23.241374969 -0.067366794 -0.009780396 0.997680366 237.679168701
0.997454345 -0.022543978 0.067650430 18.294746399 0.021849263 0.999700844 0.010991715 -23.440322876 -0.067877993 -0.009485620 0.997648537 239.910522461
0.997420371 -0.022663100 0.068109080 18.539424896 0.021936845 0.999694467 0.011392245 -23.649923325 -0.068346463 -0.009868759 0.997612834 242.141983032
0.997375190 -0.022879196 0.068697318 18.781599045 0.022142543 0.999689043 0.011465576 -23.850479126 -0.068938293 -0.009914348 0.997571588 244.383789062
0.997337580 -0.023097323 0.069168024 19.027252197 0.022408638 0.999691486 0.010716226 -24.060882568 -0.069394201 -0.009137734 0.997547448 246.616653442
0.997351289 -0.022680279 0.069108360 19.283859253 0.022048948 0.999707997 0.009884568 -24.268730164 -0.069312349 -0.008334619 0.997560203 248.853637695
0.997328281 -0.023202501 0.069265924 19.533012390 0.022522530 0.999690354 0.010581770 -24.480548859 -0.069489993 -0.008993457 0.997542083 251.095108032
0.997292459 -0.024226647 0.069432020 19.786636353 0.023564326 0.999668837 0.010342446 -24.687330246 -0.069659591 -0.008678323 0.997533083 253.329315186
0.997295141 -0.024274491 0.069375820 20.048442841 0.023560317 0.999660850 0.011094136 -24.896450043 -0.069621600 -0.009429612 0.997528911 255.589019775
0.997249007 -0.024942953 0.069801345 20.281982422 0.024214976 0.999643326 0.011256238 -25.103164673 -0.070057213 -0.009535034 0.997497380 257.808166504
0.997219682 -0.025288453 0.070094585 20.542060852 0.024497986 0.999626458 0.012114072 -25.321535110 -0.070374750 -0.010363217 0.997466743 260.074218750
0.997181714 -0.024913317 0.070766620 20.794628143 0.024153352 0.999641180 0.011574604 -25.525121689 -0.071029589 -0.009832731 0.997425735 262.318145752
0.997156799 -0.024872217 0.071130522 21.052951813 0.024147103 0.999647439 0.011036011 -25.728240967 -0.071379937 -0.009287038 0.997405887 264.577911377
0.997134030 -0.024146020 0.071698859 21.312641144 0.023445562 0.999668956 0.010595099 -25.938789368 -0.071930945 -0.008883715 0.997370005 266.820587158
0.997063279 -0.023521457 0.072880313 21.566425323 0.022810236 0.999683857 0.010575838 -26.140012741 -0.073106036 -0.008882363 0.997284591 269.066528320
0.996950448 -0.023190059 0.074511923 21.814487457 0.022473784 0.999692976 0.010437110 -26.360244751 -0.074731067 -0.008730716 0.997165501 271.322875977
0.996869683 -0.023908358 0.075361684 22.087707520 0.023159698 0.999673545 0.010792712 -26.570629120 -0.075595133 -0.009013574 0.997097850 273.571380615
0.996659398 -0.024447886 0.077925153 22.331928253 0.023617629 0.999654233 0.011558496 -26.775417328 -0.078180797 -0.009679478 0.996892154 275.817199707
0.996544719 -0.024421565 0.079385310 22.603879929 0.023487141 0.999643683 0.012683387 -26.971487045 -0.079666786 -0.010775030 0.996763289 278.058929443
0.996499598 -0.024041418 0.080065802 22.892299652 0.022971883 0.999634504 0.014252797 -27.187759399 -0.080379210 -0.012363642 0.996687651 280.315032959
0.996422231 -0.023739008 0.081111841 23.174106598 0.022565151 0.999627352 0.015358381 -27.392004013 -0.081446208 -0.013473132 0.996586621 282.550659180
0.996351898 -0.022966750 0.082193159 23.451211929 0.021763822 0.999642968 0.015501690 -27.587966919 -0.082519844 -0.013656300 0.996495843 284.814605713
0.996234834 -0.021886712 0.083888471 23.715305328 0.020711325 0.999675095 0.014856187 -27.780128479 -0.084186383 -0.013062809 0.996364415 287.045410156
0.996253252 -0.021043684 0.083884314 24.002445221 0.019928627 0.999701977 0.014108117 -27.978420258 -0.084156200 -0.012383559 0.996375561 289.299224854
0.996184170 -0.021843337 0.084497541 24.273963928 0.020696737 0.999681771 0.014421983 -28.182222366 -0.084785670 -0.012618128 0.996319354 291.526458740
0.996100962 -0.021632835 0.085527033 24.533508301 0.020587323 0.999702334 0.013087575 -28.372188568 -0.085784703 -0.011275775 0.996249914 293.797790527
0.996111810 -0.022312898 0.085225381 24.815425873 0.021349318 0.999697626 0.012201085 -28.569896698 -0.085471846 -0.010334141 0.996286988 296.023651123
0.996123433 -0.022115115 0.085140824 25.099618912 0.021143923 0.999700844 0.012291892 -28.774488449 -0.085387193 -0.010444034 0.996293128 298.257720947
0.996118903 -0.021557286 0.085338086 25.379377365 0.020583929 0.999712825 0.012269528 -28.971181870 -0.085578084 -0.010465315 0.996276557 300.495513916
0.996056795 -0.021492075 0.086075455 25.639511108 0.020457925 0.999707758 0.012878700 -29.175533295 -0.086327083 -0.011066990 0.996205330 302.738952637
0.996043622 -0.021894261 0.086126611 25.924381256 0.020843120 0.999697089 0.013085120 -29.376197815 -0.086387038 -0.011238200 0.996198356 304.988708496
0.996022046 -0.021278573 0.086528815 26.212566376 0.020199439 0.999707103 0.013328012 -29.579372406 -0.086787075 -0.011527159 0.996160328 307.239349365
0.996008456 -0.022242118 0.086443394 26.495018005 0.021170720 0.999687433 0.013291352 -29.785781860 -0.086712018 -0.011408232 0.996168017 309.498138428
0.995958686 -0.023419924 0.086705446 26.779788971 0.022317991 0.999657571 0.013656706 -29.985488892 -0.086995617 -0.011666422 0.996140361 311.756927490
0.995921552 -0.023181070 0.087193877 27.066423416 0.022132957 0.999670923 0.012968211 -30.186542511 -0.087465800 -0.010985463 0.996106863 314.000152588
0.995944917 -0.022849416 0.087015025 27.357950211 0.021725202 0.999668121 0.013845013 -30.393278122 -0.087302484 -0.011898451 0.996110737 316.246185303
0.995894551 -0.020861702 0.088083960 27.640573502 0.019784763 0.999718606 0.013081789 -30.597461700 -0.088332094 -0.011285361 0.996027112 318.489105225
0.995902538 -0.018955382 0.088423163 27.922853470 0.017813444 0.999747634 0.013685755 -30.799514771 -0.088660263 -0.012054559 0.995988965 320.739654541
0.995836914 -0.017443223 0.089469589 28.200677872 0.016292002 0.999775052 0.013581441 -31.003787994 -0.089686371 -0.012067258 0.995896935 322.971405029
0.995785058 -0.016404603 0.090238310 28.479291916 0.015195763 0.999785602 0.014066853 -31.200628281 -0.090449728 -0.012636323 0.995820880 325.208892822
0.995781660 -0.016276032 0.090299197 28.775875092 0.014927170 0.999767005 0.015593046 -31.410900116 -0.090531960 -0.014179358 0.995792627 327.437866211
0.995747864 -0.017283153 0.090485774 29.060585022 0.015950467 0.999753654 0.015430648 -31.612802505 -0.090730190 -0.013921742 0.995778143 329.682769775
0.995760083 -0.019173594 0.089967877 29.364442825 0.017922973 0.999731421 0.014688149 -31.808511734 -0.090225339 -0.013013382 0.995836377 331.920104980
0.995740950 -0.018784977 0.090261377 29.648805618 0.017545886 0.999740899 0.014501805 -32.008995056 -0.090510391 -0.012856324 0.995812535 334.134002686
0.995719314 -0.018687572 0.090519875 29.937158585 0.017310921 0.999722600 0.015969675 -32.208091736 -0.090793200 -0.014334331 0.995766580 336.361511230
0.995784879 -0.019399706 0.089643493 30.245464325 0.018046102 0.999710977 0.015885808 -32.401603699 -0.089925751 -0.014201134 0.995847225 338.597747803
0.995794773 -0.019273570 0.089560807 30.531633377 0.017891595 0.999708474 0.016207909 -32.603141785 -0.089847103 -0.014537369 0.995849490 340.842895508
0.995834410 -0.019272320 0.089120388 30.829610825 0.017920118 0.999712229 0.015948124 -32.803279877 -0.089402102 -0.014284643 0.995893180 343.088867188
0.995840251 -0.019388029 0.089030005 31.116933823 0.017994026 0.999702990 0.016433781 -32.998954773 -0.089322187 -0.014763413 0.995893300 345.331359863
0.995879650 -0.018916996 0.088689163 31.405271530 0.017512430 0.999709010 0.016588444 -33.192966461 -0.088977180 -0.014966934 0.995921135 347.569732666
0.995939136 -0.018939575 0.088013493 31.697235107 0.017553000 0.999709725 0.016501561 -33.387504578 -0.088300467 -0.014889649 0.995982587 349.815856934
0.995944977 -0.018485988 0.088044688 31.980358124 0.017059281 0.999711156 0.016929373 -33.585384369 -0.088332213 -0.015358745 0.995972633 352.060852051
0.995967388 -0.018818628 0.087720305 32.263328552 0.017369794 0.999700308 0.017250754 -33.775455475 -0.088018641 -0.015657505 0.995995700 354.292633057
0.995997667 -0.018549627 0.087432906 32.545848846 0.017152512 0.999713361 0.016703630 -33.968383789 -0.087717697 -0.015137081 0.996030450 356.529937744
0.996045887 -0.018804364 0.086827166 32.833793640 0.017379260 0.999702036 0.017140059 -34.160537720 -0.087123588 -0.015563290 0.996075928 358.766143799
0.996104479 -0.018339401 0.086252667 33.124729156 0.016847134 0.999696076 0.017997431 -34.356182098 -0.086556502 -0.016474215 0.996110737 361.011901855
0.996146739 -0.018475426 0.085734300 33.414237976 0.016992791 0.999693751 0.017991101 -34.551116943 -0.086040452 -0.016464911 0.996155560 363.261413574
0.996193886 -0.018692629 0.085137211 33.703399658 0.017180569 0.999682009 0.018458469 -34.742439270 -0.085455172 -0.016925506 0.996198356 365.499908447
0.996241391 -0.018639654 0.084591247 33.989334106 0.017186167 0.999692559 0.017878316 -34.936737061 -0.084898464 -0.016357319 0.996255338 367.765045166
0.996240377 -0.019333705 0.084447406 34.265758514 0.017892690 0.999681652 0.017787784 -35.131072998 -0.084764414 -0.016209915 0.996269286 370.018005371
0.996242881 -0.019440869 0.084391892 34.543354034 0.018087899 0.999695778 0.016767208 -35.317340851 -0.084692165 -0.015177740 0.996291637 372.276367188
0.996314049 -0.019576926 0.083516948 34.830059052 0.018219857 0.999689817 0.016980452 -35.519477844 -0.083823480 -0.015396196 0.996361673 374.525054932
0.996375859 -0.019623613 0.082765959 35.115112305 0.018248912 0.999683321 0.017333526 -35.707439423 -0.083079875 -0.015760325 0.996418238 376.772308350
0.996311367 -0.019476555 0.083571985 35.388687134 0.018031534 0.999675155 0.018010914 -35.900028229 -0.083895624 -0.016437544 0.996339083 379.035247803
0.996301949 -0.020255005 0.083499022 35.668567657 0.018787555 0.999655604 0.018322954 -36.096450806 -0.083841383 -0.016686456 0.996339381 381.279541016
0.996329844 -0.020257372 0.083164714 35.956432343 0.018795358 0.999655426 0.018325178 -36.283046722 -0.083507285 -0.016694816 0.996367335 383.537658691
0.996349812 -0.019377725 0.083135553 36.240547180 0.017886516 0.999666154 0.018644644 -36.478332520 -0.083469093 -0.017089574 0.996363819 385.792999268
0.996353447 -0.018410442 0.083311640 36.518547058 0.016907023 0.999681890 0.018715454 -36.663406372 -0.083629683 -0.017238652 0.996347785 388.053131104
0.996380866 -0.017187770 0.083245113 36.805404663 0.015687587 0.999703169 0.018642025 -36.860183716 -0.083540820 -0.017268647 0.996354699 390.325866699
0.996373951 -0.015871737 0.083588675 37.080673218 0.014350934 0.999720871 0.018763470 -37.056224823 -0.083863162 -0.017495852 0.996323586 392.603668213
0.996391177 -0.014630323 0.083609588 37.357269287 0.012999416 0.999715030 0.020017451 -37.243988037 -0.083878621 -0.018858334 0.996297538 394.866607666
0.996335089 -0.013409993 0.084479891 37.629364014 0.011709196 0.999719322 0.020596007 -37.436832428 -0.084732369 -0.019531326 0.996212304 397.130615234
0.996274292 -0.013043616 0.085247912 37.906799316 0.011465342 0.999754190 0.018977387 -37.631893158 -0.085474476 -0.017929289 0.996179044 399.396301270
0.996202826 -0.012328102 0.086185083 38.184818268 0.010783545 0.999773264 0.018364053 -37.822353363 -0.086391941 -0.017364943 0.996109843 401.668395996
0.996129215 -0.014053714 0.086769558 38.458484650 0.012421016 0.999736071 0.019327834 -38.009693146 -0.087018274 -0.018175259 0.996040881 403.933197021
0.996069789 -0.015612568 0.087183625 38.745243073 0.013874558 0.999693453 0.020505577 -38.201538086 -0.087477028 -0.019215355 0.995981097 406.187866211
0.996025681 -0.016353292 0.087552652 39.022605896 0.014610953 0.999683022 0.020504465 -38.388729095 -0.087860212 -0.019143749 0.995948851 408.446258545
0.995984197 -0.016265664 0.088040449 39.316635132 0.014624492 0.999707758 0.019254163 -38.573650360 -0.088327900 -0.017889295 0.995930791 410.712677002
0.995966256 -0.014319812 0.088577993 39.626365662 0.012620885 0.999726057 0.019710451 -38.770973206 -0.088835984 -0.018513016 0.995874226 412.981842041
0.995892584 -0.013015338 0.089602433 39.907737732 0.011306308 0.999744833 0.019554691 -38.961254120 -0.089834079 -0.018461298 0.995785654 415.226257324
0.995808125 -0.011714340 0.090713896 40.201183319 0.009970911 0.999757171 0.019648429 -39.149280548 -0.090922043 -0.018661568 0.995683134 417.496276855
0.995766878 -0.011906873 0.091139741 40.502044678 0.010174384 0.999759018 0.019450238 -39.339576721 -0.091349371 -0.018440615 0.995648146 419.750335693
0.995662868 -0.011933382 0.092267729 40.790493011 0.010178290 0.999758601 0.019468967 -39.526298523 -0.092477798 -0.018445399 0.995543897 422.005218506
0.995585382 -0.012191154 0.093065210 41.082351685 0.010435764 0.999758780 0.019325376 -39.720256805 -0.093278348 -0.018268855 0.995472431 424.264434814
0.995536506 -0.012464904 0.093550660 41.385383606 0.010596523 0.999734819 0.020442134 -39.910366058 -0.093780667 -0.019359572 0.995404661 426.542175293
0.995489895 -0.011899322 0.094118573 41.680351257 0.009960594 0.999728978 0.021041853 -40.098102570 -0.094343431 -0.020009479 0.995338619 428.796295166
0.995399892 -0.011005222 0.095172875 41.982219696 0.008972873 0.999723017 0.021755937 -40.283992767 -0.095385939 -0.020801881 0.995223045 431.074066162
0.995413065 -0.011347152 0.094995052 42.291641235 0.009295107 0.999714375 0.022016309 -40.477508545 -0.095217742 -0.021032333 0.995234251 433.358581543
0.995360911 -0.011972086 0.095463507 42.596885681 0.009984113 0.999723792 0.021274969 -40.669013977 -0.095691852 -0.020223156 0.995205522 435.621795654
0.995348454 -0.010896196 0.095721349 42.903690338 0.008882720 0.999730766 0.021435747 -40.842391968 -0.095929146 -0.020485776 0.995177269 437.880401611
0.995294511 -0.011384093 0.096224636 43.209056854 0.009326091 0.999718606 0.021810245 -41.029914856 -0.096445851 -0.020810217 0.995120645 440.159057617
0.995348036 -0.011488253 0.095656544 43.526607513 0.009440319 0.999716997 0.021834377 -41.213085175 -0.095880315 -0.020829778 0.995174885 442.433166504
0.995341599 -0.010680381 0.095817581 43.848052979 0.008521279 0.999701142 0.022914434 -41.410266876 -0.096033677 -0.021991201 0.995135128 444.702056885
0.995295465 -0.011179759 0.096238740 44.156055450 0.008997443 0.999693096 0.023080258 -41.592521667 -0.096467257 -0.022105772 0.995090663 446.976379395
0.995286167 -0.011215175 0.096331187 44.460483551 0.009072284 0.999702215 0.022654312 -41.779308319 -0.096556582 -0.021673584 0.995091438 449.237854004
0.995313823 -0.010606476 0.096114047 44.772624969 0.008485496 0.999711990 0.022449266 -41.966632843 -0.096324459 -0.021528490 0.995117128 451.499176025
0.995258331 -0.009986512 0.096753106 45.077659607 0.007870610 0.999722004 0.022226138 -42.158767700 -0.096948169 -0.021359242 0.995060205 453.762908936
0.995171547 -0.009213536 0.097716831 45.380416870 0.007079644 0.999729276 0.022161821 -42.335365295 -0.097894579 -0.021363018 0.994967401 456.041503906
0.995153606 -0.009547720 0.097868063 45.687049866 0.007431484 0.999731064 0.021965137 -42.527587891 -0.098051466 -0.021131381 0.994956970 458.311462402
0.995178878 -0.008554680 0.097703628 46.006675720 0.006528868 0.999757409 0.021035196 -42.709053040 -0.097859874 -0.020295892 0.994993210 460.593078613
0.995162427 -0.007777004 0.097934872 46.313716888 0.005663976 0.999745548 0.021835413 -42.901382446 -0.098079771 -0.021175083 0.994953275 462.871978760
0.995174170 -0.007159640 0.097862631 46.626464844 0.004933561 0.999723971 0.022970073 -43.083923340 -0.098000064 -0.022376414 0.994934916 465.150115967
0.995213211 -0.007155782 0.097465083 46.930736542 0.004927495 0.999721408 0.023083961 -43.262382507 -0.097603112 -0.022493200 0.994971216 467.415435791
0.995343804 -0.007473516 0.096098378 47.252105713 0.005386850 0.999744475 0.021954987 -43.446353912 -0.096237898 -0.021335093 0.995129704 469.696319580
0.995403111 -0.007415258 0.095486112 47.569530487 0.005343327 0.999745071 0.021936204 -43.639812469 -0.095624432 -0.021325154 0.995189011 471.986968994
0.995457590 -0.007844526 0.094882496 47.872745514 0.005690152 0.999720275 0.022955012 -43.827468872 -0.095036045 -0.022310842 0.995223761 474.266784668
0.995437682 -0.008021777 0.095076159 48.167285919 0.005859544 0.999718308 0.022999527 -44.011711121 -0.095233880 -0.022337491 0.995204270 476.544433594
0.995545864 -0.008059046 0.093932651 48.475444794 0.005955053 0.999725521 0.022657787 -44.185970306 -0.094089486 -0.021997493 0.995320618 478.837097168
0.995548010 -0.008148437 0.093903139 48.777820587 0.005960959 0.999704838 0.023552062 -44.374229431 -0.094067350 -0.022887459 0.995302737 481.120117188
0.995588124 -0.008741480 0.093424417 49.087783813 0.006520232 0.999689341 0.024054745 -44.557880402 -0.093605667 -0.023339469 0.995335758 483.396636963
0.995600104 -0.008894548 0.093280733 49.385330200 0.006739077 0.999703526 0.023396956 -44.738174438 -0.093461201 -0.022665387 0.995364845 485.675750732
0.995666862 -0.009313777 0.092524648 49.690773010 0.007127039 0.999688029 0.023936491 -44.927867889 -0.092718728 -0.023173345 0.995422602 487.962402344
0.995714128 -0.009872709 0.091955833 49.985282898 0.007682166 0.999678969 0.024145264 -45.104019165 -0.092164695 -0.023335358 0.995470285 490.256134033
0.995742738 -0.009440450 0.091691457 50.285362244 0.007213132 0.999671519 0.024592537 -45.280494690 -0.091893509 -0.023826454 0.995483756 492.557952881
0.995818555 -0.008913742 0.090917557 50.593238831 0.006667118 0.999665558 0.024984421 -45.459453583 -0.091109857 -0.024273794 0.995544970 494.845733643
0.995798469 -0.008599054 0.091168754 50.878570557 0.006378700 0.999676526 0.024617827 -45.639026642 -0.091350965 -0.023932850 0.995531142 497.148223877
0.995835721 -0.008563548 0.090762496 51.189632416 0.006381831 0.999684334 0.024300672 -45.830345154 -0.090941958 -0.023620246 0.995576024 499.466003418
0.995877147 -0.008364883 0.090325966 51.485507965 0.006133951 0.999669909 0.024948079 -46.009094238 -0.090504840 -0.024291171 0.995599747 501.759155273
0.995885849 -0.008089941 0.090254433 51.778591156 0.005832014 0.999664068 0.025253080 -46.193298340 -0.090428405 -0.024622820 0.995598495 504.039520264
0.995890617 -0.007145490 0.090281673 52.069156647 0.004950028 0.999687135 0.024518467 -46.373214722 -0.090428621 -0.023970814 0.995614409 506.325897217
0.995908439 -0.006999162 0.090095654 52.360321045 0.004765785 0.999676526 0.024980245 -46.553726196 -0.090241350 -0.024448659 0.995619774 508.612915039
0.995920777 -0.007312294 0.089935057 52.655452728 0.005154060 0.999693692 0.024206556 -46.736568451 -0.090084516 -0.023644282 0.995653391 510.910827637
0.995963156 -0.007977646 0.089407504 52.962318420 0.005754327 0.999668419 0.025097476 -46.924407959 -0.089578062 -0.024481684 0.995678902 513.208129883
0.995995939 -0.007689666 0.089067191 53.262931824 0.005479875 0.999671698 0.025028376 -47.099273682 -0.089230418 -0.024440082 0.995711029 515.520751953
0.996032774 -0.007228806 0.088692404 53.561424255 0.005044289 0.999678969 0.024829715 -47.281257629 -0.088843442 -0.024283821 0.995749533 517.828430176
0.996021450 -0.006328504 0.088889085 53.847808838 0.004156930 0.999688983 0.024594067 -47.463733673 -0.089017078 -0.024126710 0.995737910 520.123718262
0.995972157 -0.003976081 0.089574687 54.137840271 0.001771680 0.999693930 0.024675719 -47.649444580 -0.089645386 -0.024417637 0.995674312 522.474365234
0.995830715 -0.001671799 0.091205359 54.418067932 -0.000603899 0.999689281 0.024918063 -47.829330444 -0.091218673 -0.024869250 0.995520353 524.797180176
0.995865524 -0.000484420 0.090838246 54.731094360 -0.001863261 0.999666572 0.025758045 -48.002693176 -0.090820424 -0.025820812 0.995532513 527.132324219
0.995785832 -0.000679969 0.091706887 55.021308899 -0.001681955 0.999668896 0.025675392 -48.182479858 -0.091693968 -0.025721438 0.995454967 529.439636230
0.995715857 -0.002469779 0.092432588 55.312274933 -0.000033195 0.999633610 0.027067570 -48.359382629 -0.092465572 -0.026954681 0.995350957 531.753784180
0.995666504 -0.003964958 0.092911154 55.621509552 0.001498175 0.999644935 0.026604647 -48.533363342 -0.092983656 -0.026350155 0.995319009 534.078613281
0.995640695 -0.003871091 0.093190506 55.927043915 0.001455148 0.999661446 0.025978798 -48.709625244 -0.093259498 -0.025729945 0.995309293 536.392272949
0.995563090 -0.004155237 0.094004676 56.230270386 0.001747514 0.999668598 0.025680643 -48.888984680 -0.094080240 -0.025402427 0.995240510 538.708801270
0.995490074 -0.003564616 0.094798297 56.533416748 0.001194637 0.999685585 0.025045231 -49.072601318 -0.094857760 -0.024819035 0.995181382 541.028198242
0.995415330 -0.002742240 0.095607415 56.837608337 0.000396625 0.999698639 0.024544191 -49.254238129 -0.095645897 -0.024393750 0.995116413 543.350280762
0.995349646 -0.002291001 0.096300095 57.153018951 0.000017916 0.999721467 0.023598421 -49.436073303 -0.096327312 -0.023486957 0.995072544 545.675292969
0.995222569 -0.002271250 0.097605363 57.447624207 -0.000073472 0.999711692 0.024012167 -49.622333527 -0.097631752 -0.023904623 0.994935453 548.002563477
0.995175421 -0.002087042 0.098089457 57.761077881 -0.000334613 0.999695718 0.024665300 -49.806587219 -0.098111086 -0.024579123 0.994871914 550.323120117
0.995080292 -0.001887798 0.099054016 58.063003540 -0.000534812 0.999701500 0.024425210 -49.985179901 -0.099070549 -0.024358021 0.994782269 552.630065918
0.995100439 -0.003952294 0.098790102 58.386127472 0.001558624 0.999703586 0.024295310 -50.183963776 -0.098856829 -0.024022294 0.994811773 554.952636719
0.995151937 -0.004118221 0.098262995 58.715820312 0.001697136 0.999693215 0.024709707 -50.366985321 -0.098334610 -0.024423143 0.994853675 557.268798828
0.995082378 -0.003761475 0.098979481 59.025939941 0.001282689 0.999684215 0.025095159 -50.547340393 -0.099042624 -0.024844792 0.994772971 559.574401855
0.995045304 -0.003183730 0.099372953 59.343238831 0.000603119 0.999662042 0.025988186 -50.727416992 -0.099422127 -0.025799489 0.994710803 561.908996582
0.995042562 -0.003543201 0.099386670 59.670455933 0.000887066 0.999641597 0.026756724 -50.910331726 -0.099445857 -0.026535913 0.994689226 564.237609863
0.995008767 -0.003059736 0.099740699 59.991264343 0.000329794 0.999625146 0.027375396 -51.084960938 -0.099787086 -0.027205868 0.994636774 566.559326172
0.994966447 -0.002013665 0.100188129 60.320316315 -0.000672666 0.999641359 0.026771862 -51.268489838 -0.100206114 -0.026704498 0.994608283 568.892395020
0.994982481 -0.000912969 0.100045174 60.657882690 -0.001617745 0.999680817 0.025211668 -51.442230225 -0.100036263 -0.025247015 0.994663417 571.219726562
0.994991004 -0.000472195 0.099963039 60.999378204 -0.002089606 0.999672055 0.025521232 -51.626823425 -0.099942304 -0.025602277 0.994663775 573.541015625
0.994973481 -0.000637397 0.100136481 61.320732117 -0.002036283 0.999644220 0.026595879 -51.816539764 -0.100117788 -0.026666101 0.994618297 575.931884766
0.994944751 -0.000825151 0.100420199 61.645935059 -0.001965082 0.999614835 0.027683489 -51.999847412 -0.100404359 -0.027740875 0.994559884 578.252685547
0.994887471 0.000012659 0.100989439 61.972312927 -0.002690395 0.999648333 0.026378863 -52.184875488 -0.100953586 -0.026515698 0.994537652 580.643798828
0.994934857 -0.000908974 0.100517005 62.304550171 -0.001682502 0.999668479 0.025693690 -52.354393005 -0.100507036 -0.025732672 0.994603515 582.983642578
0.994904459 -0.001206682 0.100815050 62.632991791 -0.001599381 0.999613583 0.027748305 -52.551788330 -0.100809604 -0.027768152 0.994518161 585.315368652
0.994971335 -0.000876530 0.100155979 62.963562012 -0.001930220 0.999608219 0.027923457 -52.728988647 -0.100141212 -0.027976364 0.994579852 587.632934570
0.994932055 -0.003740230 0.100479543 63.301548004 0.001048032 0.999639332 0.026832921 -52.914093018 -0.100543678 -0.026591627 0.994577229 589.988708496
0.994946539 -0.003996881 0.100326255 63.632637024 0.001332609 0.999645054 0.026609054 -53.088058472 -0.100397013 -0.026340891 0.994598687 592.338378906
0.994957983 -0.005695529 0.100130528 63.957859039 0.002989679 0.999626815 0.027152538 -53.269317627 -0.100247808 -0.026716283 0.994603693 594.672302246
0.994973600 -0.006464091 0.099928223 64.294837952 0.003749422 0.999619424 0.027330168 -53.449272156 -0.100066856 -0.026818123 0.994619250 597.035339355
