1.000000000 0.000000000 0.000000000 0.000000000 0.000000000 1.000000000 0.000000000 0.000000000 0.000000000 0.000000000 1.000000000 0.000000000
0.999999881 0.000123320 0.000450786 0.086040840 -0.000123242 1.000000000 -0.000170946 -0.225629225 -0.000450807 0.000170890 0.999999881 2.290790319
0.999999106 0.000468690 0.001218809 0.164112076 -0.000469053 0.999999821 0.000297511 -0.462208152 -0.001218669 -0.000298082 0.999999166 4.590781689
0.999998510 0.000120347 0.001721993 0.262017250 -0.000121259 0.999999881 0.000529518 -0.694228292 -0.001721929 -0.000529726 0.999998331 6.882575512
0.999996543 0.000178272 0.002613002 0.354051441 -0.000175489 0.999999404 -0.001065345 -0.927461267 -0.002613190 0.001064883 0.999996006 9.176071167
0.999987066 0.001964141 0.004683450 0.445277810 -0.001966014 0.999997973 0.000395218 -1.163987637 -0.004682665 -0.000404421 0.999988854 11.478915215
0.999964535 0.004012807 0.007406256 0.530748427 -0.004023229 0.999990940 0.001392814 -1.391978621 -0.007400599 -0.001422562 0.999971628 13.794324875
0.999945521 0.003883492 0.009697451 0.639409781 -0.003922191 0.999984324 0.003974793 -1.619917870 -0.009681865 -0.004012612 0.999945104 16.066665649
0.999940038 0.003837731 0.010259219 0.763939500 -0.003887146 0.999980927 0.004801143 -1.845445395 -0.010240600 -0.004840734 0.999935865 18.418277740
0.999931097 0.002933527 0.011368118 0.884743214 -0.002991102 0.999982834 0.005050940 -2.071726561 -0.011353106 -0.005084596 0.999922633 20.705154419
0.999926984 0.000701475 0.012064215 0.998653471 -0.000733881 0.999996126 0.002681901 -2.299825191 -0.012062288 -0.002690558 0.999923646 23.030401230
0.999914348 -0.001575862 0.012989855 1.105376244 0.001566819 0.999998510 0.000706332 -2.521502495 -0.012990949 -0.000685918 0.999915421 25.312606812
0.999916673 -0.002240418 0.012706752 1.244034886 0.002237733 0.999997497 0.000225557 -2.771644354 -0.012707228 -0.000197104 0.999919236 27.622446060
0.999906600 -0.001970666 0.013517939 1.353221416 0.001982036 0.999997795 -0.000827783 -2.996883154 -0.013516275 0.000854499 0.999908328 29.909490585
0.999892414 0.000476633 0.014660540 1.470512390 -0.000499253 0.999998689 0.001539300 -3.226810455 -0.014659784 -0.001546454 0.999891341 32.197883606
0.999889612 0.002461855 0.014651231 1.602094412 -0.002517276 0.999989808 0.003765468 -3.448656082 -0.014641809 -0.003801933 0.999885559 34.479099274
0.999862134 0.004991072 0.015836140 1.723497868 -0.005122492 0.999952674 0.008269004 -3.687052727 -0.015794117 -0.008348985 0.999840379 36.795856476
0.999836385 0.006792087 0.016758403 1.836825728 -0.006920332 0.999947071 0.007606451 -3.903268337 -0.016705854 -0.007721181 0.999830544 39.069442749
0.999810278 0.005969474 0.018542049 1.943776131 -0.006084072 0.999962628 0.006130194 -4.108397961 -0.018504765 -0.006241842 0.999809384 41.360778809
0.999817371 0.003552645 0.018782135 2.067095757 -0.003649792 0.999980152 0.005140562 -4.333366394 -0.018763501 -0.005208173 0.999810398 43.637962341
0.999817252 0.003524177 0.018788381 2.204587698 -0.003596574 0.999986231 0.003820858 -4.553976536 -0.018774653 -0.003887734 0.999816179 45.878765106
0.999813914 0.003004980 0.019056810 2.329001904 -0.003064889 0.999990404 0.003115266 -4.786270618 -0.019047270 -0.003173093 0.999813497 48.154941559
0.999812722 0.001567799 0.019288048 2.463155985 -0.001636006 0.999992490 0.003520968 -5.015304565 -0.019282382 -0.003551864 0.999807715 50.433902740
0.999794960 0.000720478 0.020243919 2.592259169 -0.000801708 0.999991655 0.004004753 -5.240643501 -0.020240860 -0.004020161 0.999787152 52.699134827
0.999792814 -0.000495533 0.020352522 2.730329990 0.000416211 0.999992251 0.003901441 -5.469068050 -0.020354301 -0.003892160 0.999785244 54.980533600
0.999763489 -0.000594413 0.021745980 2.855764627 0.000501371 0.999990702 0.004283807 -5.699144363 -0.021748327 -0.004271891 0.999754369 57.276153564
0.999744058 -0.001681276 0.022560064 2.991923809 0.001570513 0.999986649 0.004926558 -5.923572540 -0.022568049 -0.004889866 0.999733329 59.544143677
0.999708474 -0.003126039 0.023942184 3.121356964 0.003027179 0.999986768 0.004164239 -6.145857811 -0.023954883 -0.004090548 0.999704659 61.813388824
0.999693990 -0.003725436 0.024454985 3.272552013 0.003625569 0.999984920 0.004126762 -6.371544361 -0.024469992 -0.004036836 0.999692440 64.065185547
0.999662697 -0.003236497 0.025768872 3.412548065 0.003118696 0.999984443 0.004610271 -6.592457771 -0.025783394 -0.004528351 0.999657273 66.338142395
0.999645710 -0.002380476 0.026510619 3.562050343 0.002249409 0.999985099 0.004972695 -6.819119453 -0.026522061 -0.004911301 0.999636173 68.599411011
0.999607205 -0.002551794 0.027908843 3.698699951 0.002424414 0.999986470 0.004597048 -7.042794228 -0.027920198 -0.004527579 0.999599874 70.855354309
0.999598324 -0.003350071 0.028141949 3.861655712 0.003264696 0.999989867 0.003079105 -7.264927864 -0.028151978 -0.002985993 0.999599218 73.110168457
0.999586880 -0.004259174 0.028423702 4.020837784 0.004155196 0.999984384 0.003716206 -7.495303154 -0.028439090 -0.003596565 0.999589086 75.393005371
0.999544382 -0.005400531 0.029693423 4.179094791 0.005306884 0.999980628 0.003231715 -7.726402283 -0.029710302 -0.003072663 0.999553859 77.658462524
0.999535680 -0.006424271 0.029784942 4.332912922 0.006338594 0.999975502 0.002970061 -7.957911491 -0.029803293 -0.002779887 0.999551892 79.920501709
0.999508858 -0.006900857 0.030565156 4.482196331 0.006825848 0.999973476 0.002557745 -8.174842834 -0.030581992 -0.002347856 0.999529481 82.174354553
0.999493062 -0.006235527 0.031219717 4.651798248 0.006158141 0.999977708 0.002574262 -8.406738281 -0.031235065 -0.002380701 0.999509156 84.449470520
0.999437928 -0.005927771 0.032996450 4.805574894 0.005835149 0.999978721 0.002902590 -8.624601364 -0.033012949 -0.002708420 0.999451280 86.704109192
0.999438286 -0.005716966 0.033020485 4.974382401 0.005569429 0.999974072 0.004558288 -8.862140656 -0.033045687 -0.004371824 0.999444306 88.986373901
0.999407053 -0.004673084 0.034112364 5.132546902 0.004497667 0.999976277 0.005217269 -9.090222359 -0.034135934 -0.005060749 0.999404371 91.244255066
0.999376833 -0.004608567 0.034996383 5.298483849 0.004431382 0.999976993 0.005138834 -9.311396599 -0.035019252 -0.004980548 0.999374211 93.497947693
0.999358773 -0.004846574 0.035476711 5.467569351 0.004691201 0.999979019 0.004461499 -9.527477264 -0.035497580 -0.004292210 0.999360681 95.753730774
0.999325037 -0.005192768 0.036365800 5.633138180 0.005014758 0.999974966 0.004984479 -9.750442505 -0.036390774 -0.004798749 0.999326110 98.011306763
0.999292970 -0.004909689 0.037273686 5.795228958 0.004748118 0.999978960 0.004422003 -9.981358528 -0.037294615 -0.004241897 0.999295294 100.255218506
0.999244273 -0.005002667 0.038547307 5.954561234 0.004792810 0.999973238 0.005534611 -10.197957993 -0.038573958 -0.005345678 0.999241412 102.485321045
0.999233484 -0.005531791 0.038753178 6.154104710 0.005324150 0.999970913 0.005459178 -10.425251007 -0.038782254 -0.005248666 0.999233902 104.769302368
0.999203503 -0.006203244 0.039418876 6.330887794 0.005962424 0.999962807 0.006223864 -10.641498566 -0.039456021 -0.005983874 0.999203384 107.005661011
0.999175489 -0.007554294 0.039890677 6.512516975 0.007309240 0.999953508 0.006285405 -10.856776237 -0.039936315 -0.005988651 0.999184251 109.260772705
0.999140263 -0.008818486 0.040508330 6.693592072 0.008529797 0.999936998 0.007293923 -11.082363129 -0.040570103 -0.006942125 0.999152601 111.522598267
0.999120116 -0.009665726 0.040814262 6.882677078 0.009432013 0.999937952 0.005914931 -11.302091599 -0.040868908 -0.005524767 0.999149263 113.781120300
0.999077022 -0.010087239 0.041753445 7.063107491 0.009889318 0.999938905 0.004944081 -11.521693230 -0.041800775 -0.004526605 0.999115646 116.032531738
0.999039531 -0.010248763 0.042603038 7.243885040 0.010020500 0.999934316 0.005568056 -11.749359131 -0.042657305 -0.005135805 0.999076545 118.280029297
0.998989284 -0.010326257 0.043750029 7.431731224 0.010059801 0.999929488 0.006306205 -11.969641685 -0.043812070 -0.005859714 0.999022603 120.550521851
0.998980880 -0.011076198 0.043756757 7.634405136 0.010777813 0.999917090 0.007049222 -12.194877625 -0.043831207 -0.006570436 0.999017358 122.758262634
0.998937547 -0.012077923 0.044473726 7.838961124 0.011817109 0.999911427 0.006122654 -12.416152954 -0.044543747 -0.005590598 0.998991787 125.065933228
0.998896480 -0.012576412 0.045253359 8.018978119 0.012341541 0.999908924 0.005465802 -12.641186714 -0.045317974 -0.004901275 0.998960555 127.328918457
0.998885095 -0.014212385 0.045016363 8.211029053 0.013970404 0.999886274 0.005685503 -12.858271599 -0.045092043 -0.005050267 0.998970091 129.599136353
0.998911738 -0.015263605 0.044072215 8.399862289 0.015008640 0.999868631 0.006110316 -13.076675415 -0.044159703 -0.005442203 0.999009669 131.842697144
0.998961926 -0.015640484 0.042784512 8.593728065 0.015349940 0.999856830 0.007110987 -13.292389870 -0.042889614 -0.006446864 0.999058962 134.081329346
0.999015033 -0.016371824 0.041240308 8.778645515 0.016084909 0.999844134 0.007279366 -13.521884918 -0.041353062 -0.006608850 0.999122739 136.332595825
0.999087632 -0.017079307 0.039141510 8.987360001 0.016817413 0.999834001 0.007010495 -13.737616539 -0.039254751 -0.006345841 0.999209166 138.554046631
0.999068856 -0.017676128 0.039360177 9.146652222 0.017409386 0.999823093 0.007109425 -13.959300041 -0.039478887 -0.006417567 0.999199748 140.842422485
0.999060750 -0.018063188 0.039386943 9.316102982 0.017804317 0.999817550 0.006913358 -14.163763046 -0.039504647 -0.006205607 0.999200106 143.076461792
0.999103725 -0.017962486 0.038328588 9.504407883 0.017645746 0.999807358 0.008586134 -14.393212318 -0.038475432 -0.007902102 0.999228239 145.326171875
0.999123573 -0.016942143 0.038276590 9.680112839 0.016669082 0.999833345 0.007441765 -14.606040001 -0.038396288 -0.006797206 0.999239385 147.578964233
0.999138772 -0.015834775 0.038351186 9.861123085 0.015620006 0.999860585 0.005893248 -14.823643684 -0.038439158 -0.005289127 0.999246955 149.838989258
0.999146998 -0.014389341 0.038710508 10.034073830 0.014203461 0.999886274 0.005072649 -15.042982101 -0.038779110 -0.004518499 0.999237597 152.091903687
0.999154627 -0.013552917 0.038811363 10.218717575 0.013370094 0.999898255 0.004966292 -15.257529259 -0.038874727 -0.004443182 0.999234200 154.340240479
0.999142170 -0.012724680 0.039408267 10.395704269 0.012512832 0.999905884 0.005617746 -15.478248596 -0.039476041 -0.005119819 0.999207377 156.607620239
0.999144852 -0.012021700 0.039558623 10.588511467 0.011765379 0.999908328 0.006705922 -15.699721336 -0.039635606 -0.006234766 0.999194682 158.837249756
0.999087632 -0.011491811 0.041131910 10.747438431 0.011166732 0.999904633 0.008124373 -15.926475525 -0.041221362 -0.007657654 0.999120712 161.130142212
0.999054432 -0.010578414 0.042169642 10.928558350 0.010170090 0.999899387 0.009885659 -16.140115738 -0.042269975 -0.009447443 0.999061584 163.368591309
0.999027312 -0.009796239 0.042992674 11.114656448 0.009397228 0.999910891 0.009473188 -16.353555679 -0.043081652 -0.009059961 0.999030471 165.643920898
0.998985708 -0.009133982 0.044092901 11.304558754 0.008789891 0.999929428 0.007991296 -16.561870575 -0.044162780 -0.007595619 0.998995483 167.899810791
0.998910367 -0.007339900 0.046089333 11.488445282 0.006967501 0.999941766 0.008235401 -16.774431229 -0.046147097 -0.007905299 0.998903394 170.136840820
0.998801947 -0.006810596 0.048457958 11.697323799 0.006406009 0.999943316 0.008499659 -16.996309280 -0.048513100 -0.008179053 0.998789072 172.434310913
0.998677433 -0.006980745 0.050937861 11.894496918 0.006580315 0.999946117 0.008024610 -17.206060410 -0.050991129 -0.007678808 0.998669565 174.708068848
0.998596668 -0.006819929 0.052518912 12.103846550 0.006374585 0.999942303 0.008642538 -17.424396515 -0.052574817 -0.008295622 0.998582542 176.961654663
0.998556674 -0.007405743 0.053195544 12.309632301 0.006931990 0.999934793 0.009084868 -17.629825592 -0.053259347 -0.008703005 0.998542786 179.197250366
0.998544097 -0.008911995 0.053200088 12.522108078 0.008422640 0.999920189 0.009415481 -17.855710983 -0.053279757 -0.008953687 0.998539448 181.475097656
0.998501241 -0.009721154 0.053860027 12.718643188 0.009248451 0.999916494 0.009018832 -18.063611984 -0.053943206 -0.008507193 0.998507738 183.719329834
0.998561740 -0.010912141 0.052493956 12.945299149 0.010460570 0.999905884 0.008869410 -18.283304214 -0.052585818 -0.008307534 0.998581827 185.985107422
0.998569846 -0.012604214 0.051954493 13.153074265 0.012115861 0.999879479 0.009703930 -18.498723984 -0.052070539 -0.009060578 0.998602331 188.235671997
0.998588264 -0.013414606 0.051396955 13.361682892 0.012958884 0.999873817 0.009189727 -18.706291199 -0.051513743 -0.008510705 0.998635948 190.481643677
0.998552084 -0.014733459 0.051735021 13.568143845 0.014274240 0.999855399 0.009234680 -18.929313660 -0.051863611 -0.008482829 0.998618066 192.733398438
0.998540998 -0.016370699 0.051457666 13.766578674 0.015951235 0.999836206 0.008551780 -19.138351440 -0.051589236 -0.007718488 0.998638570 194.971588135
0.998559773 -0.015871994 0.051250461 13.968338966 0.015450458 0.999843538 0.008610797 -19.349018097 -0.051379118 -0.007806552 0.998648703 197.205734253
0.998556793 -0.013304624 0.052031975 14.178400040 0.012861313 0.999878109 0.008845556 -19.566883087 -0.052143320 -0.008163592 0.998606205 199.473037720
0.998564661 -0.011491740 0.052312538 14.381486893 0.011057363 0.999902010 0.008585377 -19.780961990 -0.052406076 -0.007994615 0.998593807 201.707641602
0.998542428 -0.010968598 0.052846428 14.594532013 0.010572352 0.999913931 0.007771756 -19.994426727 -0.052927118 -0.007201717 0.998572409 203.968963623
0.998503506 -0.011176850 0.053533562 14.794040680 0.010735256 0.999905944 0.008529369 -20.203882217 -0.053623863 -0.007941907 0.998529673 206.195449829
0.998492420 -0.012392644 0.053472459 15.033581734 0.011951364 0.999891877 0.008564378 -20.426534653 -0.053572815 -0.007912396 0.998532593 208.466476440
0.998441815 -0.012024362 0.054491937 15.240667343 0.011553654 0.999893129 0.008944935 -20.630659103 -0.054593675 -0.008301415 0.998474121 210.713012695
0.998367667 -0.012096625 0.055818260 15.469042778 0.011547558 0.999881804 0.010148769 -20.866779327 -0.055934422 -0.009487635 0.998389482 213.034286499
0.998291492 -0.010812504 0.057419937 15.704767227 0.010238347 0.999894679 0.010284069 -21.079231262 -0.057525091 -0.009678612 0.998297155 215.292068481
0.998109221 -0.008749926 0.060839243 15.905286789 0.008133745 0.999913156 0.010368306 -21.281215668 -0.060924698 -0.009853851 0.998093724 217.516281128
0.997976482 -0.008943804 0.062951490 16.132354736 0.008283851 0.999908030 0.010736755 -21.490144730 -0.063041747 -0.010193548 0.997958779 219.759201050
0.997850955 -0.010269045 0.064714238 16.364456177 0.009555755 0.999890268 0.011322029 -21.695352554 -0.064823389 -0.010679305 0.997839630 221.988876343
0.997746468 -0.011813463 0.066048644 16.597200394 0.011036424 0.999865651 0.012117169 -21.899299622 -0.066182904 -0.011360922 0.997742832 224.224365234
0.997681201 -0.013984587 0.066608272 16.846721649 0.013238230 0.999844790 0.011633356 -22.113372803 -0.066760615 -0.010724604 0.997711360 226.459365845
0.997650027 -0.015147003 0.066819869 17.087837219 0.014425436 0.999832451 0.011268040 -22.314582825 -0.066979356 -0.010277658 0.997701406 228.711959839
0.997604668 -0.015587986 0.067394122 17.327405930 0.014848437 0.999823987 0.011460548 -22.518186569 -0.067560919 -0.010432398 0.997660518 230.952331543
0.997556806 -0.016808579 0.067807302 17.569908142 0.016128205 0.999814093 0.010568957 -22.724212646 -0.067972347 -0.009449526 0.997642398 233.193878174
0.997518718 -0.017492581 0.068193108 17.825574875 0.016723245 0.999790013 0.011836368 -22.936702728 -0.068385832 -0.010666588 0.997602046 235.480636597
0.997486293 -0.017207507 0.068738997 18.069917679 0.016432928 0.999795079 0.011818143 -23.137533188 -0.068928279 -0.010658851 0.997564673 237.721420288
0.997449338 -0.016920991 0.069343746 18.313034058 0.016148897 0.999801397 0.011679899 -23.338464737 -0.069527596 -0.010530281 0.997524440 239.938110352
0.997414470 -0.017145121 0.069788396 18.558895111 0.016346091 0.999794424 0.012004416 -23.543771744 -0.069979861 -0.010832611 0.997489572 242.171203613
0.997373879 -0.017513953 0.070275284 18.806249619 0.016706694 0.999787688 0.012058576 -23.745262146 -0.070471562 -0.010852842 0.997454703 244.411422729
0.997330606 -0.017534917 0.070882894 19.052675247 0.016771482 0.999795020 0.011351245 -23.955284119 -0.071067408 -0.010132130 0.997420073 246.644470215
0.997350156 -0.017076980 0.070717849 19.313236237 0.016369889 0.999810159 0.010566379 -24.163911819 -0.070884883 -0.009380739 0.997440398 248.883651733
0.997330427 -0.017306931 0.070939429 19.567104340 0.016558867 0.999800980 0.011119661 -24.371183395 -0.071117751 -0.009915299 0.997418642 251.119201660
0.997304618 -0.018681103 0.070954628 19.824338913 0.017942641 0.999778152 0.011030725 -24.579088211 -0.071144938 -0.009727880 0.997418523 253.348266602
0.997307003 -0.018959209 0.070847258 20.089231491 0.018154515 0.999763370 0.011984986 -24.790645599 -0.071057722 -0.010666515 0.997415185 255.608459473
0.997266352 -0.019650502 0.071231499 20.324333191 0.018832235 0.999748945 0.012140931 -24.996412277 -0.071452186 -0.010766290 0.997385919 257.826477051
0.997242987 -0.019777993 0.071520999 20.592508316 0.018928666 0.999742210 0.012533642 -25.203281403 -0.071750455 -0.011145291 0.997360349 260.097625732
0.997215748 -0.019581702 0.071952350 20.849225998 0.018759036 0.999750853 0.012091563 -25.406734467 -0.072171189 -0.010708138 0.997334778 262.340789795
0.997191608 -0.019458938 0.072319351 21.109577179 0.018675040 0.999759495 0.011499883 -25.608203888 -0.072525732 -0.010117020 0.997315347 264.602172852
0.997162461 -0.018741531 0.072909079 21.369853973 0.017973667 0.999776006 0.011173729 -25.820159912 -0.073102161 -0.009831579 0.997276008 266.845062256
0.997090757 -0.018036624 0.074058205 21.625600815 0.017256910 0.999788821 0.011154820 -26.020511627 -0.074243754 -0.009844352 0.997191548 269.090972900
0.996978283 -0.017709034 0.075634986 21.878183365 0.016936047 0.999797642 0.010849230 -26.239805222 -0.075811818 -0.009535491 0.997076571 271.354003906
0.996874392 -0.018487055 0.076809436 22.149112701 0.017658813 0.999778509 0.011448362 -26.451826096 -0.077004083 -0.010056215 0.996980071 273.598205566
0.996694446 -0.018892711 0.079014055 22.401041031 0.018022908 0.999769032 0.011707025 -26.651182175 -0.079216979 -0.010244264 0.996804714 275.851562500
0.996585667 -0.018981503 0.080353409 22.676630020 0.017984901 0.999752343 0.013108483 -26.850263596 -0.080582328 -0.011618578 0.996680200 278.091766357
0.996538043 -0.018184746 0.081124619 22.963314056 0.017053068 0.999747694 0.014620936 -27.068031311 -0.081370011 -0.013186893 0.996596694 280.346618652
0.996456206 -0.017983237 0.082168736 23.246511459 0.016758561 0.999738395 0.015569936 -27.270416260 -0.082427241 -0.014137728 0.996496737 282.582641602
0.996381402 -0.017115517 0.083252683 23.523456573 0.015869128 0.999752164 0.015609944 -27.463504791 -0.083499223 -0.014232315 0.996406138 284.849548340
0.996261477 -0.016058365 0.084882580 23.790544510 0.014861148 0.999781251 0.014717514 -27.653968811 -0.085100330 -0.013401041 0.996282279 287.078369141
0.996236026 -0.015316966 0.085317083 24.069545746 0.014230853 0.999810100 0.013323999 -27.843252182 -0.085504957 -0.012059718 0.996264756 289.329864502
0.996186018 -0.016124450 0.085751988 24.344911575 0.015012015 0.999794841 0.013601813 -28.048957825 -0.085953705 -0.012262627 0.996223688 291.556701660
0.996124864 -0.016144786 0.086455889 24.612495422 0.015161530 0.999812841 0.012017587 -28.238029480 -0.086633727 -0.010660215 0.996183217 293.849365234
0.996134460 -0.016677001 0.086243592 24.895168304 0.015779980 0.999814093 0.011072388 -28.437225342 -0.086412221 -0.009668664 0.996212542 296.076446533
0.996140659 -0.016613815 0.086184055 25.178638458 0.015714301 0.999814868 0.011105070 -28.643621445 -0.086352587 -0.009707888 0.996217310 298.307189941
0.996133626 -0.015932124 0.086394206 25.459108353 0.015026574 0.999825299 0.011121838 -28.843429565 -0.086556301 -0.009780629 0.996198952 300.544769287
0.996096075 -0.015741687 0.086860009 25.725702286 0.014730368 0.999816120 0.012271829 -29.055677414 -0.087037221 -0.010944443 0.996144891 302.772125244
0.996092021 -0.015753673 0.086904950 26.012243271 0.014726737 0.999814034 0.012445345 -29.259992599 -0.087084852 -0.011116881 0.996138871 305.023162842
0.996061504 -0.015190145 0.087353989 26.296175003 0.014152648 0.999821842 0.012484058 -29.461381912 -0.087528080 -0.011198600 0.996099114 307.275177002
0.996059597 -0.016048167 0.087222040 26.581657410 0.015011487 0.999808848 0.012528497 -29.674039841 -0.087406427 -0.011169796 0.996110082 309.530029297
0.996014714 -0.017314503 0.087492280 26.866924286 0.016239503 0.999783933 0.012983747 -29.875570297 -0.087698169 -0.011511174 0.996080518 311.785980225
0.995977521 -0.017177314 0.087941073 27.152597427 0.016141811 0.999791920 0.012472578 -30.082595825 -0.088137008 -0.011002881 0.996047556 314.025848389
0.995998025 -0.016719570 0.087796874 27.446128845 0.015623123 0.999791324 0.013160827 -30.290081024 -0.087998591 -0.011736498 0.996051431 316.280181885
0.995945930 -0.014969292 0.088699579 27.730691910 0.013929849 0.999826968 0.012326188 -30.494871140 -0.088868745 -0.011040648 0.995982170 318.524627686
0.995948017 -0.013599871 0.088896409 28.015399933 0.012501146 0.999838531 0.012904742 -30.696861267 -0.089057565 -0.011741145 0.995957255 320.774505615
0.995873570 -0.012217349 0.089924723 28.293203354 0.011116853 0.999857187 0.012728726 -30.902322769 -0.090067364 -0.011676521 0.995867252 323.005798340
0.995826364 -0.011472926 0.090545565 28.573816299 0.010321936 0.999859929 0.013169780 -31.100543976 -0.090684004 -0.012180207 0.995805144 325.244934082
0.995827317 -0.011146598 0.090574399 28.870605469 0.009848092 0.999842346 0.014770637 -31.313816071 -0.090724759 -0.013817019 0.995780110 327.473937988
0.995809078 -0.011897971 0.090678550 29.156299591 0.010620717 0.999837577 0.014555072 -31.517469406 -0.090837002 -0.013531002 0.995773852 329.719482422
0.995810270 -0.013259421 0.090476900 29.455123901 0.012069649 0.999833465 0.013684528 -31.715864182 -0.090643309 -0.012535169 0.995804489 331.955383301
0.995802581 -0.013062421 0.090590462 29.742092133 0.011885567 0.999837995 0.013518284 -31.918437958 -0.090752378 -0.012384824 0.995796502 334.168579102
0.995792687 -0.013628963 0.090615422 30.032676697 0.012335111 0.999814034 0.014823228 -32.117740631 -0.090800591 -0.013643109 0.995775640 336.397308350
0.995852709 -0.014373064 0.089837611 30.338294983 0.013107402 0.999806523 0.014662487 -32.312629700 -0.090030968 -0.013424139 0.995848477 338.631347656
0.995862126 -0.014224974 0.089756720 30.623924255 0.012937953 0.999805331 0.014904543 -32.515975952 -0.089951254 -0.013681602 0.995852113 340.873321533
0.995910764 -0.014375944 0.089190692 30.922922134 0.013115864 0.999806046 0.014697948 -32.718273163 -0.089384675 -0.013468034 0.995906115 343.115631104
0.995928586 -0.014534423 0.088966392 31.210857391 0.013234036 0.999797046 0.015189070 -32.915641785 -0.089169100 -0.013949844 0.995918810 345.355102539
0.995951176 -0.014455224 0.088725261 31.495841980 0.013138995 0.999795079 0.015401052 -33.113174438 -0.088929705 -0.014172937 0.995936990 347.593627930
0.996009409 -0.014470933 0.088067546 31.786224365 0.013161623 0.999794304 0.015429731 -33.310997009 -0.088272721 -0.014209044 0.995994925 349.838745117
0.996017218 -0.014122557 0.088035800 32.069614410 0.012776240 0.999792933 0.015837627 -33.511024475 -0.088241249 -0.014649785 0.995991349 352.081481934
0.996058762 -0.014465255 0.087508075 32.354774475 0.013096816 0.999783099 0.016191848 -33.704128265 -0.087723322 -0.014981955 0.996032238 354.307922363
0.996078134 -0.014174544 0.087335400 32.634597778 0.012858725 0.999795437 0.015610513 -33.900054932 -0.087538809 -0.014426269 0.996056616 356.544464111
0.996122658 -0.014264209 0.086811133 32.921367645 0.012913361 0.999786973 0.016102541 -34.096359253 -0.087022327 -0.014919084 0.996094644 358.780548096
0.996170759 -0.013625402 0.086360939 33.208778381 0.012199480 0.999780715 0.017017541 -34.295845032 -0.086573869 -0.015898818 0.996118486 361.034332275
0.996227562 -0.013677421 0.085694909 33.500194550 0.012266647 0.999780774 0.016967757 -34.493587494 -0.085908204 -0.015852557 0.996176958 363.282012939
0.996274114 -0.013627948 0.085159592 33.788425446 0.012182797 0.999773204 0.017466642 -34.688217163 -0.085378312 -0.016364085 0.996214211 365.524566650
0.996316016 -0.013677125 0.084659867 34.072616577 0.012297889 0.999783337 0.016791638 -34.883560181 -0.084871173 -0.015688637 0.996268392 367.788116455
0.996329248 -0.014174712 0.084421538 34.352962494 0.012797887 0.999776483 0.016827853 -35.082496643 -0.084641211 -0.015685668 0.996288002 370.040679932
0.996340632 -0.014357232 0.084257312 34.634143829 0.013066383 0.999788940 0.015851848 -35.271507263 -0.084467113 -0.014692901 0.996317923 372.295043945
0.996402979 -0.014062547 0.083567880 34.918266296 0.012770629 0.999790847 0.015974037 -35.471908569 -0.083775058 -0.014849363 0.996374071 374.551666260
0.996486723 -0.013971516 0.082576595 35.205886841 0.012653187 0.999784410 0.016466789 -35.664810181 -0.082788847 -0.015364083 0.996448636 376.799530029
0.996396720 -0.013508475 0.083732381 35.469505310 0.012125460 0.999781847 0.017003689 -35.859146118 -0.083943829 -0.015927125 0.996343195 379.061645508
0.996386170 -0.014254258 0.083733127 35.747287750 0.012846243 0.999767244 0.017330306 -36.057880402 -0.083960682 -0.016192015 0.996337533 381.305633545
0.996412337 -0.014283133 0.083417207 36.033340454 0.012884646 0.999767661 0.017279334 -36.245433807 -0.083644621 -0.016142540 0.996364832 383.562927246
0.996426344 -0.013357993 0.083402269 36.316474915 0.011937540 0.999775469 0.017506894 -36.442115784 -0.083617412 -0.016448714 0.996362150 385.814697266
0.996425807 -0.012182715 0.083589502 36.592437744 0.010752088 0.999788225 0.017543793 -36.628818512 -0.083785519 -0.016582323 0.996345818 388.075958252
0.996447623 -0.010971417 0.083496496 36.877708435 0.009534557 0.999799788 0.017587939 -36.831024170 -0.083672740 -0.016729362 0.996352851 390.349609375
0.996427417 -0.009961369 0.083864331 37.150939941 0.008527693 0.999811590 0.017436076 -37.024787903 -0.084022209 -0.016658619 0.996324599 392.623596191
0.996457696 -0.008886338 0.083624601 37.431545258 0.007339134 0.999796510 0.018791042 -37.216613770 -0.083774559 -0.018110743 0.996320128 394.878295898
0.996405959 -0.007584180 0.084365994 37.704608917 0.005981876 0.999797225 0.019228889 -37.410533905 -0.084494717 -0.018655112 0.996249378 397.140563965
0.996339560 -0.007299084 0.085171595 37.980358124 0.005805752 0.999825418 0.017767752 -37.611000061 -0.085286401 -0.017208228 0.996207893 399.401702881
0.996238530 -0.006529589 0.086407743 38.249813080 0.005053007 0.999837518 0.017296234 -37.804374695 -0.086506657 -0.016794559 0.996109724 401.662963867
0.996224642 -0.007968801 0.086445920 38.538299561 0.006431611 0.999816477 0.018046062 -37.992866516 -0.086573862 -0.017421946 0.996093094 403.928253174
0.996171355 -0.009478346 0.086906828 38.822288513 0.007828668 0.999783039 0.019303370 -38.188606262 -0.087070920 -0.018549096 0.996029496 406.182861328
0.996158302 -0.010243658 0.086969689 39.102050781 0.008612229 0.999780178 0.019113146 -38.376575470 -0.087146364 -0.018290713 0.996027589 408.448547363
0.996130705 -0.009945716 0.087319814 39.395473480 0.008457760 0.999812841 0.017393773 -38.561386108 -0.087476477 -0.016587943 0.996028483 410.715606689
0.996031582 -0.007957892 0.088643022 39.685718536 0.006357468 0.999811947 0.018322442 -38.769016266 -0.088772148 -0.017686188 0.995894909 412.984405518
0.995977819 -0.006823610 0.089339368 39.971038818 0.005232908 0.999823928 0.018027276 -38.962245941 -0.089446634 -0.017487265 0.995838106 415.229919434
0.995878994 -0.005641228 0.090516083 40.261009216 0.004015698 0.999827683 0.018130556 -39.153274536 -0.090602756 -0.017692355 0.995729923 417.504180908
0.995827377 -0.005712423 0.091077954 40.558105469 0.004104638 0.999832630 0.017830398 -39.346443176 -0.091164581 -0.017382154 0.995684087 419.759063721
0.995722175 -0.005669330 0.092223175 40.844177246 0.004042133 0.999832988 0.017821336 -39.537441254 -0.092308834 -0.017372325 0.995578885 422.013000488
0.995640695 -0.005901400 0.093084224 41.131572723 0.004275454 0.999835074 0.017657228 -39.735118866 -0.093173064 -0.017182278 0.995501578 424.271606445
0.995564282 -0.006230182 0.093877450 41.428245544 0.004495931 0.999815524 0.018673746 -39.926979065 -0.093976460 -0.018168850 0.995408535 426.540008545
0.995516419 -0.005348305 0.094437800 41.725387573 0.003534849 0.999806345 0.019359505 -40.117591858 -0.094523050 -0.018938886 0.995342493 428.794525146
0.995441318 -0.004540765 0.095268764 42.029083252 0.002646624 0.999796510 0.019999029 -40.307540894 -0.095340185 -0.019655723 0.995250642 431.069763184
0.995456457 -0.005028925 0.095084690 42.331794739 0.003116341 0.999790072 0.020252353 -40.510379791 -0.095166557 -0.019864015 0.995263159 433.331787109
0.995398164 -0.005922006 0.095641941 42.635276794 0.004044904 0.999795616 0.019808315 -40.710903168 -0.095739707 -0.019330299 0.995218694 435.598297119
0.995410800 -0.005065594 0.095560029 42.948535919 0.003189810 0.999799430 0.019771939 -40.887599945 -0.095641032 -0.019376382 0.995227277 437.866394043
0.995367408 -0.005583695 0.095981732 43.255989075 0.003656461 0.999788404 0.020243347 -41.081825256 -0.096074454 -0.019798614 0.995177209 440.152465820
0.995408177 -0.005676029 0.095552720 43.569080353 0.003730494 0.999782383 0.020527186 -41.270557404 -0.095648445 -0.020076469 0.995212674 442.427062988
0.995372474 -0.005013416 0.095960490 43.877288818 0.002958589 0.999763548 0.021543570 -41.472587585 -0.096045800 -0.021159966 0.995151997 444.700531006
0.995342851 -0.005579923 0.096236467 44.187412262 0.003524264 0.999762177 0.021517273 -41.656242371 -0.096333660 -0.021077901 0.995125830 446.977844238
0.995309412 -0.005202793 0.096602552 44.488132477 0.003188865 0.999774575 0.020990258 -41.844661713 -0.096689977 -0.020583747 0.995101810 449.242340088
0.995304823 -0.004548673 0.096683130 44.794795990 0.002558676 0.999782503 0.020696703 -42.035022736 -0.096756242 -0.020352144 0.995100021 451.504791260
0.995255947 -0.004082203 0.097205587 45.100326538 0.002095673 0.999787033 0.020529710 -42.231094360 -0.097268708 -0.020228608 0.995052576 453.768035889
0.995160043 -0.003252787 0.098213054 45.401477814 0.001238225 0.999787688 0.020566152 -42.412502289 -0.098259114 -0.020345008 0.994952798 456.048950195
0.995112062 -0.003416536 0.098693013 45.701141357 0.001417594 0.999792576 0.020317169 -42.608547211 -0.098741956 -0.020077953 0.994910479 458.316894531
0.995140731 -0.002488489 0.098431498 46.025573730 0.000571968 0.999809921 0.019494040 -42.797424316 -0.098461278 -0.019343011 0.994952798 460.607849121
0.995126069 -0.001359358 0.098601386 46.337665558 -0.000631654 0.999796569 0.020158509 -42.991165161 -0.098608725 -0.020122539 0.994922757 462.893493652
0.995142996 -0.000920696 0.098435208 46.648067474 -0.001194830 0.999769628 0.021430451 -43.179939270 -0.098432235 -0.021443974 0.994912684 465.168029785
0.995191813 -0.000986597 0.097940110 46.952472687 -0.001143564 0.999764085 0.021691108 -43.363624573 -0.097938403 -0.021698814 0.994955897 467.430541992
0.995296538 -0.001048922 0.096869409 47.268856049 -0.000958030 0.999785900 0.020669280 -43.553119659 -0.096870355 -0.020664867 0.995082438 469.710083008
0.995376587 -0.001173086 0.096042149 47.589813232 -0.000773846 0.999795139 0.020231877 -43.745357513 -0.096046209 -0.020212660 0.995171607 472.008331299
0.995450974 -0.001454114 0.095263906 47.898090363 -0.000600802 0.999767840 0.021538543 -43.944892883 -0.095273077 -0.021497799 0.995218992 474.288604736
0.995383203 -0.001684975 0.095965795 48.186683655 -0.000432878 0.999756932 0.022043740 -44.137302399 -0.095979609 -0.021983517 0.995140433 476.572113037
0.995552242 -0.001800846 0.094193712 48.497249603 -0.000211197 0.999772072 0.021346353 -44.310756683 -0.094210707 -0.021271301 0.995325029 478.847991943
0.995547771 -0.001986779 0.094236836 48.797267914 -0.000094868 0.999756217 0.022079904 -44.499954224 -0.094257735 -0.021990538 0.995304942 481.126800537
0.995600164 -0.002471603 0.093669854 49.107433319 0.000359035 0.999745250 0.022563474 -44.685165405 -0.093701772 -0.022430569 0.995347559 483.400360107
0.995610654 -0.002794809 0.093549706 49.401081085 0.000755335 0.999761462 0.021829283 -44.870765686 -0.093588404 -0.021662805 0.995375335 485.687408447
0.995696843 -0.003532397 0.092602842 49.706710815 0.001456218 0.999746203 0.022478225 -45.066883087 -0.092658743 -0.022246646 0.995449364 487.994079590
0.995782673 -0.004015741 0.091655470 50.011821747 0.001916180 0.999733984 0.022983605 -45.251960754 -0.091723390 -0.022711048 0.995525539 490.275939941
0.995689571 -0.002736404 0.092708133 50.271667480 0.000608375 0.999735892 0.022974556 -45.439506531 -0.092746496 -0.022819120 0.995428264 492.557250977
0.995751023 -0.001870889 0.092067353 50.580425262 -0.000285507 0.999726057 0.023403196 -45.622383118 -0.092085935 -0.023330042 0.995477736 494.849212646
0.995747685 -0.001441590 0.092111178 50.868560791 -0.000682127 0.999734759 0.023020377 -45.804153442 -0.092119925 -0.022985317 0.995482504 497.146820068
0.995767832 -0.001259327 0.091895722 51.175567627 -0.000832627 0.999741435 0.022722540 -45.997299194 -0.091900580 -0.022702886 0.995509326 499.456817627
0.995805204 -0.001340693 0.091488056 51.470779419 -0.000805248 0.999725461 0.023415023 -46.181312561 -0.091494329 -0.023390476 0.995530844 501.749847412
0.995801091 -0.001070455 0.091537237 51.759654999 -0.001113559 0.999715984 0.023804899 -46.370948792 -0.091536745 -0.023806876 0.995517015 504.027130127
0.995834172 -0.000217093 0.091182344 52.057773590 -0.001887955 0.999733627 0.022999257 -46.555953979 -0.091163062 -0.023075595 0.995568514 506.321044922
0.995825469 0.000097580 0.091277502 52.352096558 -0.002262084 0.999718666 0.023610296 -46.741661072 -0.091249518 -0.023718212 0.995545566 508.620971680
0.995872200 -0.000467622 0.090765402 52.659511566 -0.001599180 0.999741137 0.022696745 -46.929401398 -0.090752505 -0.022748208 0.995613635 510.914184570
0.995899558 -0.001052879 0.090458803 52.958660126 -0.001082788 0.999721885 0.023556957 -47.118289948 -0.090458445 -0.023558311 0.995621502 513.212280273
0.995913923 -0.000946127 0.090302028 53.255500793 -0.001207525 0.999716163 0.023791824 -47.303058624 -0.090298906 -0.023803653 0.995630205 515.514160156
0.995932639 -0.000161027 0.090101071 53.550823212 -0.001976412 0.999718726 0.023632944 -47.488815308 -0.090079553 -0.023714898 0.995652199 517.820495605
0.995894790 0.000767162 0.090515032 53.836032867 -0.002874465 0.999727786 0.023153193 -47.672954559 -0.090472624 -0.023318321 0.995625973 520.122680664
0.995873928 0.002372124 0.090716347 54.142620087 -0.004539377 0.999709010 0.023691578 -47.869041443 -0.090633735 -0.024005625 0.995594919 522.465148926
0.995795131 0.004538702 0.091495208 54.440521240 -0.006741963 0.999694347 0.023785939 -48.053768158 -0.091359302 -0.024302781 0.995521367 524.802734375
0.995755672 0.005317873 0.091882095 54.743022919 -0.007650043 0.999656975 0.025048675 -48.232803345 -0.091717377 -0.025645265 0.995454729 527.127441406
0.995692194 0.004905368 0.092590243 55.040573120 -0.007237630 0.999664485 0.024870116 -48.415267944 -0.092437200 -0.025433114 0.995393634 529.447692871
0.995669186 0.003054208 0.092916630 55.339824677 -0.005521653 0.999638557 0.026309984 -48.595199585 -0.092802688 -0.026709093 0.995326221 531.765686035
0.995632887 0.001512538 0.093342721 55.650081635 -0.003948126 0.999656320 0.025913805 -48.772743225 -0.093271479 -0.026169160 0.995296717 534.092407227
0.995595276 0.001459696 0.093743019 55.952308655 -0.003860167 0.999669135 0.025430707 -48.953842163 -0.093674876 -0.025680553 0.995271564 536.406494141
0.995518327 0.001325877 0.094559111 56.254470825 -0.003718656 0.999677181 0.025132855 -49.135139465 -0.094495274 -0.025371851 0.995201945 538.726623535
0.995441556 0.001937264 0.095354110 56.555450439 -0.004309495 0.999686241 0.024678478 -49.322547913 -0.095276356 -0.024976909 0.995137453 541.042724609
0.995339930 0.002595412 0.096394338 56.861133575 -0.004958584 0.999692798 0.024284231 -49.508148193 -0.096301682 -0.024649043 0.995046914 543.364196777
0.995270252 0.003146845 0.097093642 57.159042358 -0.005417658 0.999717712 0.023133093 -49.688297272 -0.096993439 -0.023549704 0.995006382 545.685668945
0.995132804 0.003297182 0.098488264 57.452407837 -0.005644608 0.999706268 0.023565451 -49.871063232 -0.098381653 -0.024006682 0.994859159 548.011413574
0.995101631 0.003275044 0.098802112 57.769508362 -0.005712912 0.999685943 0.024401449 -50.051460266 -0.098691143 -0.024846371 0.994807899 550.316711426
0.995048940 0.002934259 0.099343091 58.084182739 -0.005401538 0.999683380 0.024576090 -50.237323761 -0.099239521 -0.024991019 0.994749844 552.627197266
0.995117784 0.001860884 0.098677225 58.415019989 -0.004204499 0.999713898 0.023547688 -50.418468475 -0.098605163 -0.023847612 0.994840980 554.947875977
0.995144188 0.001583221 0.098414905 58.742439270 -0.003932514 0.999711931 0.023681924 -50.601772308 -0.098349050 -0.023953950 0.994863629 557.269348145
0.995092213 0.001698006 0.098936491 59.055618286 -0.004090050 0.999704063 0.023979768 -50.784866333 -0.098866500 -0.024266738 0.994804800 559.577880859
0.995064318 0.002412533 0.099202730 59.374713898 -0.004899351 0.999679565 0.024832070 -50.967567444 -0.099111043 -0.025195533 0.994757354 561.908630371
0.995068431 0.001848971 0.099173389 59.700492859 -0.004393413 0.999666512 0.025444241 -51.152130127 -0.099093281 -0.025754470 0.994744778 564.239440918
0.995030880 0.002350082 0.099538915 60.021522522 -0.004971426 0.999647081 0.026095008 -51.332706451 -0.099442467 -0.026460189 0.994691432 566.556213379
0.995000601 0.003235351 0.099815995 60.345088959 -0.005808694 0.999657929 0.025501033 -51.518619537 -0.099699326 -0.025953343 0.994679034 568.875427246
0.995014250 0.004294094 0.099640310 60.680831909 -0.006723368 0.999687970 0.024057470 -51.695747375 -0.099505931 -0.024607444 0.994732678 571.202575684
0.994993269 0.004737908 0.099829189 61.011154175 -0.007218052 0.999673903 0.024497362 -51.882122040 -0.099680565 -0.025095282 0.994702935 573.521423340
0.995003581 0.004644129 0.099730328 61.339633942 -0.007191673 0.999656558 0.025200034 -52.064720154 -0.099579036 -0.025791356 0.994695365 575.881042480
0.995001793 0.004542663 0.099753037 61.670230865 -0.007237886 0.999617994 0.026673701 -52.256259918 -0.099593766 -0.027262382 0.994654655 578.195373535
0.994913697 0.004937875 0.100609295 61.979259491 -0.007467649 0.999664962 0.024783457 -52.436187744 -0.100453198 -0.025408721 0.994617283 580.563598633
0.994986832 0.004238009 0.099915937 62.313121796 -0.006723029 0.999676108 0.024547523 -52.614639282 -0.099779524 -0.025096200 0.994693041 582.901245117
0.994897246 0.004278895 0.100802474 62.627075195 -0.006952184 0.999632955 0.026183721 -52.808147430 -0.100653455 -0.026750909 0.994561851 585.218566895
0.994947135 0.004429081 0.100301757 62.955024719 -0.007102734 0.999628425 0.026314693 -52.988693237 -0.100147948 -0.026894145 0.994609058 587.538269043
0.994933426 0.002209810 0.100511566 63.287925720 -0.004736689 0.999678493 0.024908487 -53.173709869 -0.100424208 -0.025258379 0.994624019 589.891845703
0.994961321 0.001933335 0.100240238 63.621837616 -0.004428954 0.999685585 0.024679838 -53.352207184 -0.100161001 -0.024999438 0.994657099 592.240173340
0.994966507 0.000321193 0.100207061 63.944282532 -0.002866510 0.999676883 0.025257619 -53.538314819 -0.100166574 -0.025417736 0.994645953 594.578186035
0.995005429 -0.000399997 0.099820256 64.280555725 -0.002144941 0.999675393 0.025386585 -53.723373413 -0.099797994 -0.025473898 0.994681716 596.937988281
