1.000000000 0.000000000 0.000000000 0.000000000 0.000000000 1.000000000 0.000000000 0.000000000 0.000000000 0.000000000 1.000000000 0.000000000
0.999999881 0.000040416 0.000463702 0.088546976 -0.000040334 1.000000000 -0.000176519 -0.227726147 -0.000463710 0.000176500 0.999999881 2.296045780
0.999999285 0.000383836 0.001148773 0.166783243 -0.000384338 0.999999821 0.000436494 -0.467237353 -0.001148606 -0.000436935 0.999999225 4.584821224
0.999998450 0.000016913 0.001746565 0.263961345 -0.000018088 0.999999762 0.000672175 -0.698753178 -0.001746553 -0.000672206 0.999998271 6.872172356
0.999996364 -0.000012003 0.002693469 0.356366307 0.000014567 0.999999523 -0.000951935 -0.932236969 -0.002693457 0.000951971 0.999995947 9.163605690
0.999987245 0.001710983 0.004744866 0.448105723 -0.001712487 0.999998450 0.000313129 -1.166305780 -0.004744323 -0.000321251 0.999988735 11.467884064
0.999969065 0.003629524 0.006974299 0.553391755 -0.003641451 0.999991953 0.001698209 -1.400706768 -0.006968078 -0.001723553 0.999974251 13.747620583
0.999948919 0.003539842 0.009465170 0.656568289 -0.003582620 0.999983430 0.004506349 -1.630118370 -0.009449063 -0.004540029 0.999945104 16.020679474
0.999941766 0.003659915 0.010147970 0.753386378 -0.003715293 0.999978304 0.005443593 -1.853825331 -0.010127824 -0.005480978 0.999933720 18.312002182
0.999923468 0.002619497 0.012088775 0.857911289 -0.002686269 0.999981225 0.005510582 -2.076969862 -0.012074113 -0.005542634 0.999911726 20.606666565
0.999928594 0.000173140 0.011961157 0.983721495 -0.000214595 0.999993980 0.003464622 -2.308670044 -0.011960486 -0.003466940 0.999922454 22.905776978
0.999914944 -0.002070193 0.012881378 1.089564562 0.002047872 0.999996364 0.001745791 -2.530648947 -0.012884944 -0.001719263 0.999915481 25.186946869
0.999914825 -0.002451611 0.012818355 1.226213813 0.002434702 0.999996126 0.001334585 -2.777127981 -0.012821577 -0.001303263 0.999916971 27.482681274
0.999899507 -0.002183508 0.014008436 1.329239607 0.002177228 0.999997437 0.000463630 -3.001013517 -0.014009414 -0.000433084 0.999901772 29.768495560
0.999896467 -0.000176015 0.014382715 1.457831144 0.000130536 0.999994993 0.003162975 -3.229078531 -0.014383201 -0.003160770 0.999891579 32.040630341
0.999899626 0.001760185 0.014057862 1.591063380 -0.001836306 0.999983668 0.005403761 -3.446841002 -0.014048122 -0.005429033 0.999886572 34.321353912
0.999868214 0.003964345 0.015743863 1.708565831 -0.004107532 0.999950409 0.009072852 -3.675621510 -0.015707115 -0.009136323 0.999834895 36.645351410
0.999853075 0.005872884 0.016101660 1.830942869 -0.006014810 0.999943435 0.008780167 -3.892601013 -0.016049184 -0.008875726 0.999831855 38.917263031
0.999822199 0.004942356 0.018196296 1.937534571 -0.005074342 0.999961197 0.007214451 -4.097240925 -0.018159932 -0.007305503 0.999808431 41.219955444
0.999834836 0.002385996 0.018014636 2.065720558 -0.002507420 0.999974191 0.006720735 -4.323721409 -0.017998131 -0.006764794 0.999815166 43.496814728
0.999834180 0.002118662 0.018081928 2.193457127 -0.002221240 0.999981523 0.005654760 -4.554654598 -0.018069616 -0.005693986 0.999820530 45.762771606
0.999834239 0.001240864 0.018163951 2.319677830 -0.001328609 0.999987423 0.004819459 -4.780794144 -0.018157747 -0.004842792 0.999823332 48.043197632
0.999832332 -0.000332009 0.018308081 2.453584194 0.000234605 0.999985814 0.005322179 -5.007233620 -0.018309588 -0.005316991 0.999818206 50.323753357
0.999821305 -0.001441689 0.018850092 2.587221861 0.001336200 0.999983311 0.005607615 -5.228110790 -0.018857859 -0.005581425 0.999806583 52.593624115
0.999816000 -0.002506449 0.019019699 2.723921776 0.002406536 0.999983191 0.005274178 -5.450592995 -0.019032601 -0.005227436 0.999805212 54.882400513
0.999790370 -0.003067638 0.020242257 2.850039959 0.002944648 0.999977052 0.006102918 -5.678994179 -0.020260513 -0.006042033 0.999776483 57.178058624
0.999778748 -0.004577135 0.020530973 2.990308046 0.004438012 0.999966919 0.006816704 -5.901097775 -0.020561494 -0.006724080 0.999765992 59.451381683
0.999737203 -0.006063317 0.022109158 3.113566875 0.005926948 0.999963164 0.006228263 -6.118308067 -0.022146104 -0.006095588 0.999736130 61.719581604
0.999718845 -0.007051621 0.022636961 3.260747910 0.006911890 0.999956608 0.006244990 -6.339541435 -0.022680014 -0.006086770 0.999724269 63.973064423
0.999689341 -0.006514170 0.024059108 3.397104263 0.006351623 0.999956548 0.006826377 -6.557224751 -0.024102530 -0.006671442 0.999687374 66.242050171
0.999670923 -0.005631613 0.025023162 3.541645527 0.005454407 0.999959588 0.007144331 -6.778424740 -0.025062384 -0.007005494 0.999661326 68.497955322
0.999629259 -0.005843529 0.026593318 3.674523354 0.005657821 0.999959111 0.007053122 -7.000366688 -0.026633443 -0.006900046 0.999621451 70.748657227
0.999615550 -0.006617411 0.026925018 3.834944248 0.006466608 0.999962866 0.005684075 -7.217947960 -0.026961634 -0.005507776 0.999621272 72.997817993
0.999592245 -0.007551800 0.027537802 3.983263016 0.007385098 0.999953747 0.006150243 -7.439602852 -0.027582971 -0.005944365 0.999601841 75.266014099
0.999547124 -0.008794048 0.028778337 4.143208027 0.008631557 0.999946177 0.005765674 -7.666995049 -0.028827488 -0.005514661 0.999569237 77.531387329
0.999542236 -0.009604378 0.028689984 4.300847054 0.009449922 0.999940097 0.005514423 -7.886817932 -0.028741226 -0.005240781 0.999573171 79.779945374
0.999511302 -0.010074181 0.029591991 4.446550369 0.009930261 0.999938190 0.005006395 -8.097767830 -0.029640596 -0.004710092 0.999549568 82.037399292
0.999490261 -0.009441664 0.030495925 4.613631248 0.009293253 0.999944389 0.005004553 -8.318777084 -0.030541476 -0.004718595 0.999522388 84.296333313
0.999445617 -0.009263641 0.031981781 4.770229816 0.009093221 0.999943614 0.005470067 -8.531835556 -0.032030653 -0.005176216 0.999473453 86.550300598
0.999447465 -0.008869303 0.032036595 4.937448025 0.008661385 0.999940574 0.006622968 -8.760137558 -0.032093432 -0.006341826 0.999464869 88.828033447
0.999419034 -0.007993565 0.033132412 5.093077183 0.007755230 0.999943316 0.007315684 -8.982272148 -0.033189014 -0.007054484 0.999424219 91.085372925
0.999401152 -0.008098175 0.033642288 5.261216164 0.007863615 0.999943852 0.007098704 -9.197978973 -0.033697888 -0.006829902 0.999408722 93.337257385
0.999379516 -0.008380521 0.034208022 5.425456524 0.008164167 0.999945819 0.006459478 -9.410095215 -0.034260303 -0.006176190 0.999393821 95.593208313
0.999352753 -0.008970820 0.034834865 5.591706753 0.008736196 0.999938130 0.006881753 -9.626956940 -0.034894440 -0.006572974 0.999369383 97.840942383
0.999321580 -0.008733690 0.035778038 5.754904747 0.008510200 0.999943316 0.006394089 -9.851517677 -0.035831857 -0.006085273 0.999339283 100.077644348
0.999268472 -0.008829092 0.037210479 5.917094231 0.008560045 0.999936104 0.007383542 -10.062498093 -0.037273284 -0.007059618 0.999280155 102.309310913
0.999232948 -0.009127210 0.038082555 6.102439880 0.008851704 0.999933422 0.007396778 -10.278738976 -0.038147535 -0.007054008 0.999247253 104.564109802
0.999213874 -0.009700044 0.038438149 6.275594711 0.009397740 0.999923527 0.008037562 -10.492314339 -0.038513180 -0.007670013 0.999228597 106.782043457
0.999169707 -0.011025961 0.039222043 6.460552216 0.010707926 0.999908090 0.008309455 -10.704132080 -0.039310053 -0.007882569 0.999195933 109.029045105
0.999131083 -0.011911506 0.039938573 6.648024082 0.011547340 0.999889731 0.009336494 -10.925098419 -0.040045377 -0.008867198 0.999158502 111.273811340
0.999112070 -0.012332245 0.040286832 6.836412907 0.012018351 0.999895573 0.008024402 -11.141380310 -0.040381581 -0.007533093 0.999155939 113.541259766
0.999052227 -0.012584061 0.041669343 7.013969421 0.012289991 0.999897778 0.007305957 -11.354012489 -0.041757017 -0.006786918 0.999104679 115.793441772
0.999011934 -0.013106740 0.042464990 7.197257042 0.012804876 0.999890804 0.007372796 -11.570702553 -0.042556982 -0.006821752 0.999070704 118.021598816
0.998959363 -0.013478875 0.043571163 7.391923428 0.013139949 0.999881208 0.008055761 -11.784779549 -0.043674566 -0.007474856 0.999017835 120.262298584
0.998951375 -0.014091640 0.043562073 7.599695683 0.013719779 0.999866962 0.008823523 -12.005826950 -0.043680623 -0.008216608 0.999011695 122.461029053
0.998922586 -0.015163573 0.043860599 7.816475868 0.014793942 0.999852300 0.008739731 -12.230723381 -0.043986656 -0.008081445 0.998999536 124.718315125
0.998875916 -0.015555526 0.044775799 7.997842312 0.015215089 0.999852777 0.007933955 -12.449989319 -0.044892620 -0.007243767 0.998965681 126.988189697
0.998857617 -0.016869463 0.044708565 8.186795235 0.016505549 0.999827683 0.008496417 -12.663715363 -0.044844184 -0.007748770 0.998963952 129.246643066
0.998868883 -0.018210050 0.043924119 8.376377106 0.017848816 0.999803782 0.008602306 -12.873596191 -0.044072144 -0.007808583 0.998997808 131.502975464
0.998927236 -0.018499505 0.042452306 8.569409370 0.018100243 0.999788463 0.009770176 -13.084053040 -0.042624064 -0.008991297 0.999050736 133.734146118
0.998982430 -0.019699927 0.040571209 8.772859573 0.019345095 0.999771297 0.009120141 -13.292409897 -0.040741596 -0.008326008 0.999134958 135.987640381
0.999059081 -0.020410273 0.038268618 8.980571747 0.020093605 0.999760866 0.008641405 -13.499681473 -0.038435832 -0.007864320 0.999230146 138.205429077
0.999033153 -0.021274300 0.038472690 9.150941849 0.020950884 0.999741852 0.008790170 -13.722780228 -0.038649768 -0.007975635 0.999220908 140.500488281
0.999021590 -0.021523321 0.038635172 9.319244385 0.021186544 0.999734104 0.009105317 -13.928648949 -0.038820881 -0.008277862 0.999211907 142.732055664
0.999063730 -0.021274865 0.037674122 9.519998550 0.020905903 0.999729931 0.010160496 -14.147741318 -0.037880115 -0.009363372 0.999238372 144.974441528
0.999079525 -0.020215947 0.037834652 9.692059517 0.019884916 0.999760747 0.009105344 -14.358503342 -0.038009677 -0.008344623 0.999242544 147.218566895
0.999108016 -0.018877463 0.037773047 9.869195938 0.018600520 0.999797583 0.007669850 -14.570451736 -0.037910189 -0.006960410 0.999256909 149.454101562
0.999122739 -0.017404914 0.038087998 10.045034409 0.017159782 0.999829888 0.006753391 -14.786168098 -0.038199056 -0.006093886 0.999251544 151.691009521
0.999130368 -0.016766662 0.038176026 10.227479935 0.016515128 0.999839842 0.006894550 -15.000076294 -0.038285512 -0.006258071 0.999247253 153.918426514
0.999109447 -0.016249726 0.038938425 10.411139488 0.015989676 0.999847710 0.006980736 -15.210456848 -0.039045937 -0.006351905 0.999217272 156.179306030
0.999124885 -0.014641074 0.039178502 10.577978134 0.014315777 0.999860764 0.008570653 -15.421614647 -0.039298538 -0.008002284 0.999195397 158.366073608
0.999082863 -0.013987399 0.040468510 10.757017136 0.013609544 0.999861300 0.009597498 -15.633870125 -0.040597145 -0.009037938 0.999134719 160.598388672
0.999057293 -0.012826759 0.041472252 10.926319122 0.012372602 0.999860764 0.011189109 -15.845261574 -0.041609999 -0.010665443 0.999077022 162.847366333
0.999029577 -0.012419498 0.042259894 11.106895447 0.011990665 0.999874175 0.010385976 -16.044054031 -0.042383566 -0.009869172 0.999052644 165.089874268
0.998981774 -0.011761063 0.043555580 11.293992996 0.011364059 0.999891758 0.009351337 -16.254549026 -0.043660842 -0.008846845 0.999007225 167.319122314
0.998941600 -0.009693935 0.044961590 11.479875565 0.009292318 0.999915123 0.009132829 -16.458602905 -0.045046303 -0.008705370 0.998946965 169.534103394
0.998824656 -0.008821851 0.047659229 11.668033600 0.008387638 0.999921560 0.009303046 -16.666416168 -0.047737565 -0.008892362 0.998820305 171.773147583
0.998704672 -0.009011629 0.050078109 11.865886688 0.008565513 0.999921739 0.009115881 -16.876739502 -0.050156340 -0.008675128 0.998703718 174.027755737
0.998617589 -0.008947624 0.051794738 12.067743301 0.008447198 0.999915600 0.009872559 -17.093200684 -0.051878698 -0.009421390 0.998608887 176.260711670
0.998595357 -0.008809600 0.052246235 12.272523880 0.008229490 0.999902189 0.011308142 -17.302728653 -0.052340742 -0.010862296 0.998570144 178.482467651
0.998558581 -0.010855314 0.052563321 12.471879005 0.010316060 0.999891460 0.010519649 -17.513507843 -0.052671809 -0.009962238 0.998562157 180.709625244
0.998525083 -0.011814214 0.052990690 12.670662880 0.011306455 0.999887347 0.009871614 -17.716802597 -0.053101346 -0.009257918 0.998546243 182.954833984
0.998578250 -0.013169670 0.051655583 12.892581940 0.012651690 0.999866426 0.010341786 -17.942771912 -0.051784888 -0.009673551 0.998611331 185.185379028
0.998584926 -0.015145767 0.050977867 13.100212097 0.014592689 0.999830842 0.011204137 -18.155406952 -0.051138934 -0.010444379 0.998636961 187.425918579
0.998609722 -0.015924728 0.050249662 13.305877686 0.015422870 0.999827445 0.010359318 -18.354261398 -0.050405964 -0.009569921 0.998682976 189.663833618
0.998573542 -0.017135018 0.050568204 13.513853073 0.016624743 0.999806702 0.010494242 -18.576137543 -0.050738253 -0.009638588 0.998665452 191.921585083
0.998547137 -0.018635532 0.050560020 13.709932327 0.018155193 0.999785662 0.009943045 -18.784774780 -0.050734483 -0.009010669 0.998671532 194.153564453
0.998575270 -0.018082904 0.050204013 13.921179771 0.017600667 0.999794781 0.010031124 -18.993528366 -0.050375100 -0.009133208 0.998688579 196.391677856
0.998574197 -0.016176039 0.050871368 14.128207207 0.015698178 0.999828994 0.009779177 -19.200674057 -0.051020857 -0.008966647 0.998657346 198.636749268
0.998600125 -0.013987032 0.051010013 14.326836586 0.013497696 0.999859631 0.009924836 -19.420284271 -0.051141668 -0.009222424 0.998648822 200.884643555
0.998573244 -0.013454599 0.051675554 14.534074783 0.013006002 0.999874830 0.009007517 -19.629234314 -0.051790286 -0.008322574 0.998623252 203.148712158
0.998527050 -0.013690369 0.052501440 14.729438782 0.013199901 0.999865949 0.009677391 -19.834934235 -0.052626893 -0.008970121 0.998574018 205.376174927
0.998511493 -0.015171510 0.052388880 14.954947472 0.014689993 0.999846339 0.009564087 -20.050735474 -0.052525941 -0.008780260 0.998580933 207.631683350
0.998454869 -0.014734560 0.053578142 15.159245491 0.014208773 0.999847174 0.010181183 -20.254350662 -0.053719964 -0.009404174 0.998511732 209.876663208
0.998391151 -0.014705279 0.054764431 15.372236252 0.014113232 0.999837875 0.011181902 -20.475311279 -0.054919995 -0.010391008 0.998436630 212.095886230
0.998326838 -0.013416232 0.056246147 15.602805138 0.012784260 0.999851227 0.011580643 -20.685293198 -0.056393150 -0.010842200 0.998349667 214.325775146
0.998133779 -0.011261949 0.060018092 15.796900749 0.010602771 0.999880016 0.011290229 -20.879405975 -0.060138036 -0.010632799 0.998133540 216.581054688
0.998003304 -0.011285208 0.062145621 16.022478104 0.010579870 0.999875903 0.011667178 -21.085493088 -0.062269568 -0.010986387 0.997998893 218.816955566
0.997864723 -0.012670247 0.064072698 16.249702454 0.011911924 0.999854565 0.012203544 -21.287574768 -0.064218000 -0.011414258 0.997870564 221.048110962
0.997775197 -0.014061415 0.065168463 16.481807709 0.013242329 0.999828160 0.012983698 -21.489442825 -0.065339826 -0.012091832 0.997789800 223.268829346
0.997710943 -0.016053686 0.065688677 16.728727341 0.015284426 0.999808788 0.012196561 -21.696104050 -0.065871909 -0.011164628 0.997765601 225.496978760
0.997676671 -0.017158931 0.065929472 16.965776443 0.016407151 0.999794245 0.011927424 -21.896642685 -0.066120565 -0.010817998 0.997753024 227.745422363
0.997626424 -0.017537784 0.066587463 17.196331024 0.016762765 0.999785304 0.012180079 -22.098392487 -0.066786766 -0.011034979 0.997706234 229.980102539
0.997539818 -0.018934183 0.067496933 17.431610107 0.018196970 0.999768019 0.011520332 -22.305131912 -0.067699403 -0.010263750 0.997652888 232.219650269
0.997531116 -0.019767338 0.067385562 17.695631027 0.018941676 0.999737740 0.012869827 -22.519033432 -0.067622289 -0.011561658 0.997643948 234.505218506
0.997501969 -0.019564988 0.067874961 17.941230774 0.018727172 0.999740601 0.012957974 -22.722005844 -0.068110883 -0.011654497 0.997609615 236.746734619
0.997459054 -0.019033609 0.068651147 18.177854538 0.018195361 0.999752343 0.012814984 -22.919418335 -0.068878055 -0.011533292 0.997558415 238.958847046
0.997420251 -0.018932544 0.069241904 18.421623230 0.018074377 0.999752164 0.012999375 -23.120899200 -0.069470860 -0.011714335 0.997515142 241.181594849
0.997384906 -0.019547815 0.069579229 18.669879913 0.018670868 0.999738097 0.013231656 -23.321134567 -0.069819659 -0.011897947 0.997488678 243.422927856
0.997346520 -0.019844912 0.070043564 18.915952682 0.019015534 0.999741137 0.012487911 -23.527996063 -0.070273265 -0.011122858 0.997465730 245.646911621
0.997358799 -0.019287204 0.070023797 19.172149658 0.018510342 0.999759912 0.011726283 -23.732986450 -0.070233144 -0.010399146 0.997476399 247.883926392
0.997335732 -0.019576319 0.070271231 19.425464630 0.018747339 0.999746919 0.012437062 -23.942441940 -0.070496909 -0.011086531 0.997450411 250.118621826
0.997324765 -0.020995485 0.070018142 19.684129715 0.020168995 0.999718547 0.012490148 -24.148614883 -0.070260681 -0.011044540 0.997467458 252.351364136
0.997320294 -0.020827472 0.070131421 19.941204071 0.019956300 0.999714911 0.013099905 -24.351827621 -0.070384264 -0.011665237 0.997451663 254.611022949
0.997302592 -0.021416042 0.070206463 20.182136536 0.020534223 0.999701202 0.013258164 -24.552742004 -0.070469417 -0.011780763 0.997444332 256.830413818
0.997276783 -0.021797525 0.070455015 20.447145462 0.020855030 0.999683201 0.014085316 -24.770734787 -0.070739731 -0.012577617 0.997415602 259.110656738
0.997246981 -0.021481510 0.070972167 20.699115753 0.020568416 0.999696314 0.013571458 -24.969652176 -0.071242169 -0.012074311 0.997385979 261.352416992
0.997222781 -0.021498265 0.071305841 20.958393097 0.020619601 0.999702334 0.013035809 -25.169075012 -0.071564876 -0.011529305 0.997369230 263.608062744
0.997202694 -0.020759722 0.071804352 21.219997406 0.019920889 0.999724925 0.012378741 -25.370273590 -0.072041586 -0.010913708 0.997341871 265.850830078
0.997161508 -0.020100504 0.072560504 21.476156235 0.019245876 0.999737263 0.012458216 -25.569618225 -0.072791852 -0.011026364 0.997286201 268.093200684
0.997013092 -0.019873077 0.074632242 21.721733093 0.019011317 0.999744356 0.012239581 -25.781295776 -0.074856423 -0.010784164 0.997135937 270.345214844
0.996929228 -0.020651111 0.075535923 21.994899750 0.019735534 0.999722719 0.012847542 -25.991327286 -0.075780325 -0.011317348 0.997060239 272.595153809
0.996724188 -0.021147452 0.078062214 22.235570908 0.020144835 0.999704421 0.013609190 -26.191177368 -0.078326948 -0.011992058 0.996855617 274.838012695
0.996612728 -0.020878403 0.079544380 22.512205124 0.019824240 0.999705136 0.014019335 -26.377647400 -0.079813637 -0.012394939 0.996732712 277.084716797
0.996537209 -0.020601809 0.080554344 22.788074493 0.019362016 0.999682248 0.016141834 -26.593917847 -0.080861300 -0.014526247 0.996619642 279.344757080
0.996431530 -0.020434096 0.081893362 23.065748215 0.019058146 0.999664366 0.017548418 -26.797794342 -0.082224466 -0.015925063 0.996486664 281.578491211
0.996365368 -0.019241778 0.082980514 23.341690063 0.017884055 0.999694288 0.017074391 -26.984424591 -0.083283670 -0.015528305 0.996404886 283.837219238
0.996238649 -0.018436212 0.084667712 23.605136871 0.017073862 0.999713302 0.016786629 -27.176332474 -0.084952928 -0.015277883 0.996267796 286.062652588
0.996300995 -0.017629193 0.084104314 23.905195236 0.016351711 0.999740541 0.015854064 -27.367370605 -0.084361993 -0.014420166 0.996330798 288.329223633
0.996237397 -0.018415350 0.084687166 24.176580429 0.017107196 0.999723256 0.016146775 -27.567316055 -0.084961079 -0.014637263 0.996276736 290.557128906
0.996191800 -0.018690409 0.085162319 24.443252563 0.017505128 0.999739528 0.014643441 -27.751665115 -0.085413814 -0.013096897 0.996259451 292.831695557
0.996218204 -0.019358501 0.084702350 24.726253510 0.018270362 0.999740541 0.013603094 -27.944492340 -0.084943719 -0.012004107 0.996313393 295.058349609
0.996205509 -0.019457640 0.084829144 25.004276276 0.018379614 0.999740243 0.013470796 -28.142410278 -0.085069239 -0.011860553 0.996304572 297.291351318
0.996203244 -0.018753683 0.085013531 25.282279968 0.017653534 0.999750674 0.013674247 -28.338968277 -0.085248783 -0.012121540 0.996285975 299.531127930
0.996130288 -0.018546674 0.085909456 25.538530350 0.017329572 0.999738932 0.014891454 -28.546287537 -0.086163238 -0.013345052 0.996191621 301.760467529
0.996128440 -0.018828403 0.085869625 25.823915482 0.017599801 0.999731958 0.015042502 -28.742343903 -0.086129852 -0.013472976 0.996192813 304.007141113
0.996090949 -0.018217983 0.086433522 26.107023239 0.016963460 0.999740183 0.015226728 -28.938121796 -0.086688459 -0.013700996 0.996141255 306.250976562
0.996091783 -0.019026378 0.086250104 26.393257141 0.017781977 0.999726713 0.015173289 -29.142374039 -0.086515225 -0.013580292 0.996157944 308.498687744
0.996043801 -0.020118965 0.086555757 26.677024841 0.018840959 0.999701381 0.015556826 -29.338287354 -0.086842917 -0.013864484 0.996125519 310.761474609
0.995999038 -0.019957634 0.087106556 26.959785461 0.018722137 0.999712527 0.014977787 -29.538208008 -0.087380439 -0.013287043 0.996086359 312.997528076
0.996016502 -0.019576678 0.086993404 27.251489639 0.018273257 0.999708891 0.015754230 -29.739727020 -0.087276481 -0.014101821 0.996084332 315.245727539
0.995973706 -0.017685536 0.087884210 27.536884308 0.016442241 0.999754488 0.014850863 -29.937166214 -0.088125311 -0.013346056 0.996019959 317.487701416
0.995945275 -0.015970094 0.088532113 27.818449020 0.014657374 0.999773085 0.015457937 -30.136293411 -0.088758886 -0.014097612 0.995953381 319.738342285
0.995875418 -0.014375259 0.089584827 28.097967148 0.013095821 0.999803901 0.014853327 -30.333375931 -0.089780778 -0.013618874 0.995868564 321.952819824
0.995831132 -0.013654782 0.090189733 28.380855560 0.012306882 0.999804378 0.015484450 -30.529209137 -0.090383530 -0.014309942 0.995804191 324.193603516
0.995843649 -0.013148271 0.090124652 28.676057816 0.011661794 0.999787390 0.017000357 -30.737636566 -0.090329021 -0.015878681 0.995785415 326.420837402
0.995774209 -0.013441003 0.090844937 28.950693130 0.011964316 0.999787629 0.016780119 -30.935436249 -0.091051191 -0.015622314 0.995723665 328.659637451
0.995792687 -0.015155941 0.090372480 29.250930786 0.013770289 0.999778152 0.015936598 -31.128530502 -0.090593964 -0.014625093 0.995780528 330.893249512
0.995775521 -0.014483561 0.090671450 29.532253265 0.013115852 0.999791324 0.015661951 -31.325094223 -0.090879358 -0.014406552 0.995757699 333.099914551
0.995729148 -0.014591414 0.091162033 29.818315506 0.013110854 0.999772608 0.016818808 -31.520408630 -0.091386721 -0.015551767 0.995694160 335.346130371
0.995775521 -0.014965151 0.090592623 30.122066498 0.013491825 0.999766946 0.016853837 -31.712890625 -0.090823740 -0.015560376 0.995745361 337.579711914
0.995751202 -0.014696931 0.090903983 30.404886246 0.013183561 0.999764621 0.017226173 -31.910600662 -0.091135763 -0.015954541 0.995710671 339.816802979
0.995788515 -0.014698905 0.090494208 30.704507828 0.013244187 0.999773562 0.016654864 -32.103702545 -0.090718530 -0.015386201 0.995757639 342.065948486
0.995771408 -0.014662275 0.090689473 30.989892960 0.013171187 0.999768436 0.017018398 -32.295135498 -0.090918012 -0.015751943 0.995733798 344.317443848
0.995808542 -0.014059180 0.090375409 31.276046753 0.012577183 0.999777198 0.016946921 -32.486812592 -0.090593539 -0.015739217 0.995763600 346.557189941
0.995823562 -0.013652368 0.090271868 31.563480377 0.012189970 0.999785721 0.016731495 -32.679687500 -0.090480953 -0.015561203 0.995776534 348.796600342
0.995778799 -0.013213086 0.090828843 31.850259781 0.011683335 0.999781132 0.017353278 -32.879119873 -0.091038257 -0.016218843 0.995715320 351.033142090
0.995820582 -0.013294545 0.090357929 32.146408081 0.011735166 0.999773264 0.017767219 -33.074028015 -0.090573639 -0.016632602 0.995750844 353.250976562
0.995846033 -0.013274884 0.090079360 32.436828613 0.011775529 0.999783456 0.017155930 -33.267341614 -0.090287596 -0.016023941 0.995786786 355.497955322
0.995864749 -0.013245110 0.089877360 32.726692200 0.011715639 0.999777794 0.017523607 -33.459323883 -0.090089470 -0.016398173 0.995798647 357.729553223
0.995916724 -0.012567284 0.089397557 33.019824982 0.010947144 0.999767244 0.018590165 -33.657043457 -0.089610383 -0.017535608 0.995822489 359.970153809
0.995954454 -0.012741336 0.088950932 33.318050385 0.011129220 0.999765158 0.018596172 -33.850128174 -0.089166984 -0.017530985 0.995862365 362.209777832
0.996040106 -0.012908721 0.087963201 33.621631622 0.011288595 0.999757767 0.018890886 -34.038692474 -0.088185735 -0.017823095 0.995944560 364.454956055
0.996114373 -0.012809352 0.087133624 33.918712616 0.011269419 0.999772012 0.018142264 -34.230300903 -0.087346159 -0.017089821 0.996031404 366.720001221
0.996131599 -0.013336979 0.086856157 34.199729919 0.011808611 0.999766827 0.018086616 -34.423988342 -0.087077104 -0.016990999 0.996056616 368.964782715
0.996125877 -0.012998433 0.086973205 34.477291107 0.011581575 0.999792278 0.016775576 -34.602802277 -0.087173164 -0.015703302 0.996069372 371.218292236
0.996167243 -0.014204969 0.086306900 34.767150879 0.012730932 0.999763906 0.017605515 -34.820178986 -0.086536594 -0.016439268 0.996113122 373.475036621
0.996231377 -0.014123308 0.085578039 35.056205750 0.012615670 0.999755979 0.018132407 -35.006801605 -0.085813247 -0.016984444 0.996166468 375.729644775
0.996190131 -0.014368950 0.086016022 35.327999115 0.012828508 0.999747753 0.018434849 -35.196601868 -0.086259224 -0.017261159 0.996123135 377.981201172
0.996173382 -0.014971005 0.086107068 35.607070923 0.013410126 0.999735594 0.018677160 -35.389938354 -0.086363912 -0.017450979 0.996110737 380.211608887
0.996187866 -0.015081038 0.085921489 35.898380280 0.013510201 0.999731243 0.018834520 -35.577808380 -0.086182468 -0.017601902 0.996123791 382.458282471
0.996180177 -0.014288308 0.086144321 36.184932709 0.012687665 0.999737024 0.019099941 -35.770664215 -0.086394586 -0.017934011 0.996099591 384.715515137
0.996215463 -0.013488544 0.085864887 36.477939606 0.011886646 0.999746084 0.019140080 -35.957542419 -0.086101249 -0.018046999 0.996122897 386.969299316
0.996234417 -0.012391364 0.085810088 36.770301819 0.010801598 0.999761760 0.018966144 -36.153495789 -0.086024664 -0.017967841 0.996130943 389.236175537
0.996224225 -0.011084276 0.086107075 37.049118042 0.009490794 0.999776483 0.018893208 -36.346321106 -0.086297229 -0.018004647 0.996106744 391.511779785
0.996240497 -0.009945692 0.086057350 37.335857391 0.008213438 0.999756932 0.020459769 -36.537670135 -0.086239919 -0.019676022 0.996080041 393.773010254
0.996185005 -0.008630442 0.086838767 37.613967896 0.006862015 0.999763370 0.020642443 -36.725425720 -0.086996384 -0.019967800 0.996008515 396.040618896
0.996137321 -0.008339751 0.087412283 37.902317047 0.006700838 0.999796510 0.019025939 -36.919586182 -0.087553166 -0.018366711 0.995990515 398.308105469
0.996120453 -0.008296235 0.087608002 38.189788818 0.006691095 0.999804616 0.018599629 -37.112892151 -0.087745197 -0.017941285 0.995981336 400.570739746
0.995974720 -0.009352612 0.089145198 38.455493927 0.007600680 0.999771595 0.019971829 -37.299697876 -0.089311637 -0.019213874 0.995818377 402.808776855
0.995987833 -0.010537329 0.088866152 38.756324768 0.008735459 0.999748766 0.020640831 -37.488830566 -0.089061320 -0.019781729 0.995829821 405.088195801
0.995954096 -0.010969044 0.089191027 39.042648315 0.009191959 0.999751389 0.020310869 -37.674045563 -0.089391656 -0.019408857 0.995807469 407.343078613
0.995897174 -0.009879140 0.089951128 39.333530426 0.008129952 0.999771059 0.019791631 -37.858425140 -0.090126060 -0.018979138 0.995749533 409.565277100
0.995858014 -0.009073645 0.090468235 39.627429962 0.007292499 0.999773383 0.019999212 -38.051334381 -0.090629205 -0.019256635 0.995698631 411.816162109
0.995763659 -0.007841388 0.091614150 39.902885437 0.006058189 0.999787092 0.019726135 -38.239898682 -0.091749333 -0.019087553 0.995599151 414.056579590
0.995671749 -0.007007975 0.092674375 40.200679779 0.005205827 0.999792874 0.019673487 -38.427154541 -0.092793055 -0.019105891 0.995502114 416.329620361
0.995623410 -0.007510371 0.093152918 40.505115509 0.005673081 0.999784410 0.019972524 -38.623458862 -0.093282834 -0.019356653 0.995451450 418.586059570
0.995527625 -0.007682440 0.094159037 40.796939850 0.005834544 0.999785244 0.019884890 -38.810287476 -0.094291583 -0.019246580 0.995358586 420.837036133
0.995446742 -0.007868076 0.094994113 41.088317871 0.006024830 0.999788284 0.019675022 -39.000900269 -0.095128804 -0.019013109 0.995283365 423.091094971
0.995382786 -0.008430219 0.095613785 41.392612457 0.006467598 0.999762356 0.020817893 -39.192062378 -0.095766567 -0.020103386 0.995200813 425.365356445
0.995319664 -0.007564875 0.096340246 41.691082001 0.005506416 0.999751210 0.021614525 -39.382312775 -0.096479766 -0.020982878 0.995113730 427.611236572
0.995227754 -0.006758970 0.097344503 41.998695374 0.004569651 0.999731898 0.022695839 -39.571014404 -0.097471803 -0.022142701 0.994991958 429.892822266
0.995266795 -0.008108878 0.096842527 42.320274353 0.005941734 0.999725878 0.022645488 -39.758651733 -0.096999630 -0.021962887 0.995042086 432.170776367
0.995231867 -0.008876930 0.097132355 42.631320953 0.006755405 0.999731839 0.022148702 -39.952064514 -0.097302914 -0.021386929 0.995024920 434.434326172
0.995208144 -0.007659677 0.097478628 42.936801910 0.005521620 0.999738634 0.022184500 -40.125232697 -0.097623095 -0.021539954 0.994990349 436.691741943
0.995170653 -0.007932311 0.097838312 43.247955322 0.005766847 0.999732494 0.022396060 -40.311187744 -0.097989790 -0.021723682 0.994950294 438.981140137
0.995190978 -0.008000895 0.097626247 43.566154480 0.005828178 0.999729455 0.022520375 -40.493125916 -0.097780026 -0.021843094 0.994968295 441.253082275
0.995221376 -0.007500919 0.097355723 43.902854919 0.005212772 0.999704659 0.023736067 -40.696956635 -0.097505033 -0.023115151 0.994966507 443.539031982
0.995157838 -0.008035708 0.097960144 44.212619781 0.005712420 0.999696255 0.023974104 -40.879417419 -0.098123036 -0.023298431 0.994901478 445.820007324
0.995158911 -0.008117477 0.097944088 44.522876740 0.005842824 0.999706984 0.023488525 -41.065353394 -0.098106094 -0.022802545 0.994914711 448.088378906
0.995147705 -0.007305749 0.098120794 44.837348938 0.005035125 0.999714255 0.023368832 -41.252212524 -0.098263487 -0.022761395 0.994900048 450.347625732
0.995089531 -0.007197014 0.098716766 45.142929077 0.004925603 0.999717951 0.023233818 -41.443679810 -0.098856121 -0.022633485 0.994844317 452.605468750
0.995014727 -0.006688981 0.099503338 45.450447083 0.004392934 0.999719381 0.023276314 -41.619281769 -0.099631116 -0.022723163 0.994764924 454.879638672
0.994994760 -0.006783965 0.099696688 45.757392883 0.004500266 0.999722719 0.023113536 -41.811424255 -0.099825859 -0.022549182 0.994749367 457.145538330
0.995023549 -0.006019555 0.099457212 46.083351135 0.003788976 0.999737322 0.022601208 -41.999053955 -0.099567145 -0.022111893 0.994785130 459.428619385
0.994949281 -0.005075575 0.100250751 46.386573792 0.002763382 0.999727249 0.023189513 -42.183410645 -0.100341111 -0.022795359 0.994691908 461.706268311
0.994993389 -0.004817527 0.099823855 46.704845428 0.002402769 0.999701858 0.024296306 -42.364994049 -0.099911138 -0.023934815 0.994708419 463.982238770
0.995002329 -0.004932183 0.099729776 47.010257721 0.002467787 0.999688923 0.024819015 -42.543376923 -0.099821173 -0.024448864 0.994704902 466.250427246
0.995151341 -0.005589649 0.098196298 47.336536407 0.003266557 0.999711335 0.023802485 -42.725173950 -0.098301016 -0.023366312 0.994882345 468.530548096
0.995179951 -0.005525476 0.097910009 47.650913239 0.003226681 0.999715686 0.023621457 -42.913814545 -0.098012708 -0.023191677 0.994914830 470.822052002
0.995277941 -0.006137757 0.096871994 47.966606140 0.003774272 0.999691188 0.024562424 -43.099258423 -0.096992828 -0.024080819 0.994993687 473.096801758
0.995278895 -0.006064201 0.096866757 48.266864777 0.003686795 0.999688089 0.024703205 -43.282310486 -0.096986331 -0.024229448 0.994990766 475.375976562
0.995372474 -0.005876807 0.095911711 48.574909210 0.003597171 0.999707341 0.023923703 -43.445251465 -0.096024238 -0.023467988 0.995102227 477.673950195
0.995409250 -0.006025183 0.095520124 48.885665894 0.003664020 0.999683857 0.024875158 -43.630996704 -0.095639788 -0.024410972 0.995116651 479.957000732
0.995447874 -0.006624662 0.095078178 49.200534821 0.004212988 0.999664843 0.025543533 -43.812019348 -0.095215552 -0.025026692 0.995141983 482.233245850
0.995478153 -0.006999898 0.094732009 49.496940613 0.004680921 0.999684513 0.024679452 -43.989288330 -0.094874874 -0.024124429 0.995196819 484.516815186
0.995547831 -0.008369704 0.093885243 49.815311432 0.005979665 0.999651551 0.025709521 -44.187412262 -0.094067700 -0.025033664 0.995251000 486.832580566
0.995604813 -0.008761508 0.093242541 50.120445251 0.006370998 0.999644041 0.025904411 -44.361778259 -0.093436338 -0.025196508 0.995306373 489.114990234
0.995620430 -0.009256721 0.093027577 50.396472931 0.006877301 0.999641776 0.025865691 -44.550231934 -0.093233667 -0.025112633 0.995327473 491.370300293
0.995705664 -0.009124304 0.092124596 50.710674286 0.006728585 0.999631941 0.026282389 -44.728988647 -0.092330515 -0.025549661 0.995400488 493.656799316
0.995694041 -0.008769021 0.092285067 50.996456146 0.006398817 0.999642789 0.025948124 -44.904415131 -0.092479654 -0.025245877 0.995394468 495.947723389
0.995738506 -0.008822005 0.091798894 51.307811737 0.006521708 0.999657929 0.025327878 -45.087299347 -0.091990955 -0.024621258 0.995455384 498.256774902
0.995787859 -0.008775346 0.091266125 51.605823517 0.006423999 0.999640644 0.026025565 -45.262069702 -0.091461711 -0.025329648 0.995486379 500.545867920
0.995778084 -0.008099969 0.091434896 51.895748138 0.005722989 0.999639571 0.026228743 -45.442096710 -0.091614418 -0.025594728 0.995465517 502.826538086
0.995821238 -0.007357622 0.091027334 52.197475433 0.005057335 0.999662638 0.025475185 -45.621765137 -0.091184065 -0.024908373 0.995522499 505.117492676
0.995794713 -0.007131340 0.091334470 52.485710144 0.004749991 0.999643743 0.026263701 -45.801692963 -0.091489241 -0.025719415 0.995473802 507.407104492
0.995818615 -0.007641826 0.091032445 52.781913757 0.005361995 0.999666393 0.025262453 -45.981273651 -0.091195151 -0.024668707 0.995527446 509.701843262
0.995823920 -0.008429939 0.090904646 53.085395813 0.006060483 0.999635458 0.026309889 -46.167770386 -0.091093317 -0.025649091 0.995512009 511.996063232
0.995862842 -0.008121615 0.090505235 53.392677307 0.005751001 0.999634266 0.026423190 -46.343704224 -0.090686731 -0.025793379 0.995545387 514.310119629
0.995843887 -0.007395808 0.090775274 53.682838440 0.005017248 0.999638736 0.026402999 -46.523361206 -0.090937749 -0.025837822 0.995521307 516.617858887
0.995804608 -0.006415274 0.091279618 53.970020294 0.004077186 0.999659359 0.025778016 -46.698207855 -0.091413900 -0.025297705 0.995491624 518.921142578
0.995761693 -0.004819463 0.091844551 54.270744324 0.002435104 0.999657512 0.026055217 -46.875057220 -0.091938667 -0.025721133 0.995432436 521.217102051
0.995733798 -0.003194586 0.092217028 54.559928894 0.000750329 0.999647737 0.026527990 -47.055915833 -0.092269287 -0.026345624 0.995385408 523.537841797
0.995668709 -0.002328277 0.092942372 54.861251831 -0.000240333 0.999618709 0.027615847 -47.225322723 -0.092971191 -0.027518574 0.995288432 525.851379395
0.995630026 -0.002838652 0.093342230 55.161693573 0.000279709 0.999624074 0.027416296 -47.397422791 -0.093384959 -0.027270380 0.995256543 528.148803711
0.995585561 -0.004671890 0.093742192 55.460903168 0.001993130 0.999587536 0.028649122 -47.569667816 -0.093837373 -0.028335812 0.995184243 530.452209473
0.995528817 -0.006438897 0.094238438 55.775653839 0.003756366 0.999583423 0.028615111 -47.747116089 -0.094383426 -0.028133174 0.995138347 532.768920898
0.995513558 -0.006504418 0.094394930 56.081790924 0.003872226 0.999599397 0.028041303 -47.919830322 -0.094539501 -0.027549982 0.995139778 535.072509766
0.995428920 -0.006861608 0.095258281 56.389759064 0.004229134 0.999604404 0.027809551 -48.095413208 -0.095411427 -0.027279573 0.995064020 537.389587402
0.995336890 -0.006253809 0.096256666 56.686435699 0.003644055 0.999621570 0.027264409 -48.272983551 -0.096390747 -0.026786506 0.994983077 539.693420410
0.995248497 -0.005425855 0.097216271 56.994117737 0.002828097 0.999635756 0.026839318 -48.450176239 -0.097326495 -0.026436856 0.994901240 542.020874023
0.995183289 -0.004883712 0.097909637 57.313560486 0.002379289 0.999667346 0.025679374 -48.623725891 -0.098002471 -0.025322730 0.994863868 544.337829590
0.995031059 -0.004931838 0.099442594 57.606094360 0.002315183 0.999648392 0.026411461 -48.806129456 -0.099537902 -0.026050003 0.994692683 546.667663574
0.994922161 -0.004922781 0.100526981 57.914928436 0.002162812 0.999618113 0.027545553 -48.988254547 -0.100624219 -0.027188256 0.994552970 548.986022949
0.994883120 -0.004903851 0.100912899 58.232582092 0.002137305 0.999619365 0.027505074 -49.161678314 -0.101009361 -0.027148657 0.994514942 551.289428711
0.994924664 -0.006116061 0.100435928 58.564563751 0.003469633 0.999642730 0.026502982 -49.337059021 -0.100562140 -0.026019998 0.994590402 553.601867676
0.994939148 -0.006585509 0.100263350 58.893173218 0.003880153 0.999623716 0.027153637 -49.518875122 -0.100404456 -0.026627179 0.994590342 555.922119141
0.994863808 -0.006201513 0.101031773 59.206771851 0.003444542 0.999617517 0.027439779 -49.694454193 -0.101163298 -0.026950838 0.994504631 558.231079102
0.994833767 -0.005325557 0.101377629 59.529262543 0.002430060 0.999586165 0.028663585 -49.872241974 -0.101488337 -0.028269155 0.994435012 560.566650391
0.994855523 -0.005968262 0.101128086 59.864253998 0.003021453 0.999567032 0.029267542 -50.047531128 -0.101258978 -0.028811423 0.994442821 562.898254395
0.994811833 -0.005364695 0.101589940 60.189189911 0.002336206 0.999549925 0.029906455 -50.216808319 -0.101704650 -0.029513961 0.994376719 565.214477539
0.994775951 -0.004411906 0.101986527 60.524253845 0.001444113 0.999573827 0.029155385 -50.391609192 -0.102071725 -0.028855797 0.994358420 567.538940430
0.994806588 -0.003597888 0.101719707 60.868560791 0.000799432 0.999620438 0.027538832 -50.559326172 -0.101780176 -0.027314499 0.994431973 569.874450684
0.994768322 -0.003115389 0.102108859 61.204872131 0.000316408 0.999624074 0.027416466 -50.734241486 -0.102155887 -0.027240729 0.994395375 572.197204590
0.994769514 -0.003341425 0.102090314 61.536746979 0.000403124 0.999585569 0.028788475 -50.919197083 -0.102144189 -0.028596746 0.994358480 574.570434570
0.994779170 -0.003395105 0.101994500 61.874759674 0.000293456 0.999537528 0.030409584 -51.101100922 -0.102050573 -0.030220890 0.994320035 576.879943848
0.994692743 -0.002594470 0.102857091 62.191204071 -0.000332566 0.999595702 0.028429938 -51.274051666 -0.102889270 -0.028313262 0.994289756 579.270446777
0.994753838 -0.003375533 0.102241427 62.530784607 0.000478532 0.999598086 0.028346179 -51.444549561 -0.102296025 -0.028148543 0.994355619 581.609497070
0.994686127 -0.004133444 0.102870516 62.860511780 0.001094938 0.999561906 0.029576151 -51.626014709 -0.102947697 -0.029306350 0.994254947 583.937316895
0.994777739 -0.003841870 0.101992823 63.198284149 0.000830380 0.999562860 0.029552540 -51.797973633 -0.102061778 -0.029313518 0.994346023 586.256530762
0.994709551 -0.006403803 0.102527015 63.539226532 0.003516241 0.999592721 0.028319919 -51.974571228 -0.102666609 -0.027809588 0.994326949 588.611816406
0.994748354 -0.006602739 0.102137439 63.879924774 0.003755250 0.999599576 0.028046206 -52.142723083 -0.102281727 -0.027515367 0.994374871 590.958251953
0.994748890 -0.008271019 0.102010936 64.210472107 0.005381412 0.999577343 0.028569192 -52.320072174 -0.102204129 -0.027870214 0.994372964 593.294799805
0.994792938 -0.008921308 0.101526357 64.552558899 0.006034047 0.999569476 0.028710214 -52.495250702 -0.101738803 -0.027948098 0.994418502 595.646179199
