1.000000000 0.000000000 0.000000000 0.000000000 0.000000000 1.000000000 0.000000000 0.000000000 0.000000000 0.000000000 1.000000000 0.000000000
0.999999881 0.000170281 0.000462744 0.086206593 -0.000170217 1.000000000 -0.000137402 -0.225954592 -0.000462767 0.000137324 0.999999881 2.289497614
0.999999046 0.000542260 0.001234487 0.164327696 -0.000542783 0.999999762 0.000423391 -0.463358194 -0.001234257 -0.000424061 0.999999106 4.587948322
0.999998450 0.000202502 0.001735333 0.261599004 -0.000203572 0.999999762 0.000616127 -0.695051789 -0.001735208 -0.000616479 0.999998331 6.878091812
0.999996603 0.000145841 0.002613492 0.354915887 -0.000143078 0.999999404 -0.001057671 -0.928083658 -0.002613645 0.001057294 0.999995947 9.178095818
0.999987423 0.001892673 0.004667861 0.446476668 -0.001893733 0.999998212 0.000222652 -1.162962198 -0.004667432 -0.000231489 0.999989092 11.484583855
0.999966383 0.003555360 0.007386214 0.530626774 -0.003565714 0.999992669 0.001389168 -1.394606352 -0.007381221 -0.001415459 0.999971688 13.795906067
0.999948084 0.003440413 0.009591950 0.640262127 -0.003479309 0.999985814 0.004041275 -1.623774290 -0.009577910 -0.004074438 0.999945760 16.066871643
0.999943018 0.003390316 0.010136488 0.768885851 -0.003438149 0.999983013 0.004705157 -1.847954273 -0.010120367 -0.004739739 0.999937534 18.421596527
0.999933302 0.002604536 0.011258436 0.890637517 -0.002660962 0.999984026 0.004999833 -2.074599266 -0.011245233 -0.005029457 0.999924123 20.709844589
0.999928832 0.000247836 0.011928225 1.005835772 -0.000282343 0.999995708 0.002891228 -2.306927919 -0.011927458 -0.002894390 0.999924660 23.037801743
0.999916911 -0.002029689 0.012731768 1.114832401 0.002017379 0.999997497 0.000979594 -2.528730869 -0.012733723 -0.000953827 0.999918461 25.319095612
0.999914885 -0.002562552 0.012788475 1.248721361 0.002561304 0.999996722 0.000113952 -2.773853302 -0.012788728 -0.000081187 0.999918163 27.644222260
0.999904573 -0.002312156 0.013621063 1.357282400 0.002323227 0.999997020 -0.000796999 -3.001065969 -0.013619179 0.000828568 0.999906898 29.931114197
0.999892235 0.000204271 0.014679084 1.468637943 -0.000228033 0.999998689 0.001617082 -3.228172064 -0.014678733 -0.001620255 0.999890924 32.214191437
0.999892175 0.002253284 0.014512083 1.602232695 -0.002307946 0.999990344 0.003750961 -3.448588610 -0.014503491 -0.003784050 0.999887645 34.495574951
0.999858201 0.004692769 0.016173944 1.712211967 -0.004828543 0.999953270 0.008365869 -3.686806202 -0.016133931 -0.008442777 0.999834180 36.794044495
0.999837220 0.006522609 0.016819889 1.829888344 -0.006654398 0.999947488 0.007791318 -3.903506756 -0.016768187 -0.007901976 0.999828100 39.066764832
0.999809623 0.005584675 0.018700816 1.937317848 -0.005701547 0.999964535 0.006202111 -4.108763218 -0.018665517 -0.006307553 0.999805868 41.374504089
0.999814987 0.003079965 0.018984998 2.060433626 -0.003181505 0.999980807 0.005320561 -4.334854603 -0.018968247 -0.005379978 0.999805689 43.653911591
0.999809265 0.003488668 0.019216402 2.191577911 -0.003562734 0.999986470 0.003821456 -4.555167198 -0.019202808 -0.003889190 0.999808073 45.906883240
0.999806046 0.002834558 0.019489598 2.317085028 -0.002890852 0.999991715 0.002860862 -4.784457684 -0.019481327 -0.002916649 0.999805987 48.180065155
0.999804914 0.001505859 0.019694438 2.452910423 -0.001570172 0.999993503 0.003250514 -5.013392448 -0.019689411 -0.003280803 0.999800742 50.462104797
0.999788523 0.000524393 0.020556953 2.584809303 -0.000594790 0.999993980 0.003418519 -5.236764908 -0.020555042 -0.003430023 0.999782860 52.727203369
0.999785960 -0.000651971 0.020676393 2.725885868 0.000585366 0.999994636 0.003227181 -5.465597630 -0.020678384 -0.003214386 0.999781072 55.014301300
0.999758720 -0.001053363 0.021941291 2.852721691 0.000967057 0.999991775 0.003943769 -5.698981285 -0.021945264 -0.003921599 0.999751508 57.306777954
0.999737859 -0.002299198 0.022780303 2.990284920 0.002192578 0.999986529 0.004704236 -5.926430225 -0.022790812 -0.004653055 0.999729455 59.576148987
0.999709010 -0.003779662 0.023825282 3.123831272 0.003686628 0.999985337 0.003947543 -6.148886681 -0.023839856 -0.003858559 0.999708354 61.841224670
0.999686718 -0.004399876 0.024643345 3.271501541 0.004310445 0.999983907 0.003680930 -6.372874260 -0.024659149 -0.003573553 0.999689460 64.092315674
0.999657214 -0.003799255 0.025903886 3.411886454 0.003689700 0.999983966 0.004275716 -6.595629692 -0.025919719 -0.004178672 0.999655306 66.361717224
0.999639928 -0.002925948 0.026672438 3.562232733 0.002801281 0.999984980 0.004710148 -6.823807240 -0.026685819 -0.004633735 0.999633133 68.624359131
0.999603987 -0.003101648 0.027966456 3.700681210 0.002983400 0.999986410 0.004268925 -7.047203064 -0.027979320 -0.004183799 0.999599755 70.874389648
0.999589860 -0.003875487 0.028373882 3.859918833 0.003793997 0.999988496 0.002925297 -7.271729469 -0.028384889 -0.002816447 0.999593079 73.128967285
0.999576628 -0.004864721 0.028685141 4.018660545 0.004771866 0.999983251 0.003304587 -7.499434471 -0.028700732 -0.003166307 0.999583006 75.412773132
0.999527395 -0.006154918 0.030121531 4.174874306 0.006071529 0.999977469 0.002859074 -7.731616497 -0.030138450 -0.002674839 0.999542117 77.677116394
0.999531388 -0.007133231 0.029767193 4.337176323 0.007054157 0.999971449 0.002760605 -7.965769768 -0.029786028 -0.002549328 0.999553025 79.933364868
0.999500334 -0.007583449 0.030684335 4.484562397 0.007516252 0.999969065 0.002304692 -8.182767868 -0.030700864 -0.002072909 0.999526441 82.189262390
0.999479890 -0.006867118 0.031508856 4.653637886 0.006799637 0.999974310 0.002248288 -8.412219048 -0.031523488 -0.002032869 0.999500930 84.458374023
0.999424279 -0.006622255 0.033278026 4.808726311 0.006536099 0.999975085 0.002697114 -8.632293701 -0.033295050 -0.002478052 0.999442458 86.712776184
0.999426842 -0.006461286 0.033228669 4.979454041 0.006325381 0.999971151 0.004193470 -8.868202209 -0.033254802 -0.003980881 0.999439001 88.993606567
0.999394178 -0.005399763 0.034379683 5.136957645 0.005232653 0.999974012 0.004948819 -9.097751617 -0.034405522 -0.004765925 0.999396503 91.250709534
0.999361873 -0.005418261 0.035303693 5.303306103 0.005246858 0.999973953 0.004945971 -9.320366859 -0.035329577 -0.004757581 0.999364376 93.504196167
0.999337614 -0.005721927 0.035938695 5.471815109 0.005569110 0.999975026 0.004350834 -9.537689209 -0.035962697 -0.004147805 0.999344468 95.760498047
0.999305010 -0.006034580 0.036783416 5.639482975 0.005861463 0.999971271 0.004812433 -9.760948181 -0.036811389 -0.004593484 0.999311686 98.018951416
0.999272048 -0.005771291 0.037708297 5.802000523 0.005608901 0.999974549 0.004410819 -9.993917465 -0.037732787 -0.004196106 0.999279082 100.261985779
0.999213815 -0.005790228 0.039220329 5.960722923 0.005580786 0.999969661 0.005447496 -10.211113930 -0.039250676 -0.005224333 0.999215722 102.491470337
0.999211490 -0.006616320 0.039149106 6.161449432 0.006412182 0.999965191 0.005337649 -10.437632561 -0.039183050 -0.005082408 0.999219120 104.776290894
0.999174893 -0.007070324 0.039993372 6.336252689 0.006838526 0.999959052 0.005929745 -10.652057648 -0.040033657 -0.005651358 0.999182343 107.011573792
0.999145865 -0.008446915 0.040449679 6.518367767 0.008205363 0.999947488 0.006133966 -10.870226860 -0.040499378 -0.005796821 0.999162734 109.265312195
0.999106407 -0.009608081 0.041156922 6.700037956 0.009321631 0.999931037 0.007146172 -11.097620010 -0.041222747 -0.006756138 0.999127150 111.522193909
0.999082506 -0.010316599 0.041563835 6.889807701 0.010086818 0.999932706 0.005734264 -11.317824364 -0.041620210 -0.005309756 0.999119401 113.788879395
0.999032676 -0.010761710 0.042636428 7.071018219 0.010565081 0.999932528 0.004834373 -11.537509918 -0.042685572 -0.004379241 0.999078870 116.043571472
0.998988330 -0.011111896 0.043575134 7.251750946 0.010894171 0.999926925 0.005230840 -11.764416695 -0.043630082 -0.004750833 0.999036372 118.294136047
0.998939991 -0.011420471 0.044591557 7.441366196 0.011162136 0.999919474 0.006038054 -11.990006447 -0.044656925 -0.005533918 0.998987079 120.568191528
0.998926878 -0.012198323 0.044680782 7.645809650 0.011899855 0.999905169 0.006939878 -12.218209267 -0.044761192 -0.006400736 0.998977244 122.779052734
0.998861790 -0.013091865 0.045866095 7.843199730 0.012811962 0.999897480 0.006391340 -12.443276405 -0.045945063 -0.005796430 0.998927116 125.086898804
0.998826861 -0.014183310 0.046301037 8.031524658 0.013945749 0.999887884 0.005449814 -12.662910461 -0.046373133 -0.004797718 0.998912811 127.343269348
0.998809397 -0.015742220 0.046171501 8.221743584 0.015484115 0.999862432 0.005942460 -12.882132530 -0.046258703 -0.005220460 0.998915851 129.602920532
0.998820066 -0.016933741 0.045515820 8.405803680 0.016678702 0.999843001 0.005977343 -13.094420433 -0.045609891 -0.005211143 0.998945832 131.855606079
0.998882174 -0.017367788 0.043963328 8.606025696 0.017075796 0.999829710 0.007008604 -13.311572075 -0.044077571 -0.006250061 0.999008477 134.089935303
0.998937011 -0.018137872 0.042377740 8.798618317 0.017860346 0.999816537 0.006918438 -13.536754608 -0.042495459 -0.006154202 0.999077678 136.338394165
0.999002039 -0.018980572 0.040429268 9.005719185 0.018728297 0.999802709 0.006609558 -13.753442764 -0.040546738 -0.005845791 0.999160469 138.563079834
0.998997211 -0.019541906 0.040282540 9.175331116 0.019272622 0.999789298 0.007062554 -13.976615906 -0.040412068 -0.006279121 0.999163389 140.853866577
0.998986661 -0.019819684 0.040407296 9.343599319 0.019552385 0.999784291 0.006999594 -14.181083679 -0.040537309 -0.006202443 0.999158740 143.086120605
0.999025643 -0.020142591 0.039272178 9.537648201 0.019827170 0.999768078 0.008404679 -14.413352966 -0.039432362 -0.007617833 0.999193132 145.350219727
0.999045193 -0.019270495 0.039208427 9.713873863 0.019001491 0.999793291 0.007221927 -14.626168251 -0.039339494 -0.006470012 0.999205053 147.604171753
0.999067187 -0.017995561 0.039253749 9.892389297 0.017784791 0.999825537 0.005712030 -14.842411041 -0.039349694 -0.005008582 0.999212921 149.847839355
0.999081433 -0.016295237 0.039633308 10.067741394 0.016111726 0.999857903 0.004945294 -15.062687874 -0.039708253 -0.004302190 0.999202073 152.099609375
0.999091744 -0.015518912 0.039684284 10.255450249 0.015340585 0.999870837 0.004794226 -15.277563095 -0.039753553 -0.004181092 0.999200761 154.344436646
0.999078155 -0.014738113 0.040318657 10.432753563 0.014532433 0.999879897 0.005389747 -15.497808456 -0.040393241 -0.004798851 0.999172330 156.610733032
0.999076605 -0.014094070 0.040586669 10.625310898 0.013850645 0.999884427 0.006272565 -15.715978622 -0.040670384 -0.005704620 0.999156415 158.841384888
0.999015927 -0.013523777 0.042240169 10.787058830 0.013208148 0.999882817 0.007742419 -15.941006660 -0.042339917 -0.007176885 0.999077499 161.125808716
0.998991370 -0.012547421 0.043114275 10.973241806 0.012129952 0.999877095 0.009930827 -16.160785675 -0.043233588 -0.009397836 0.999020755 163.361328125
0.998970270 -0.011952420 0.043766543 11.173007965 0.011583867 0.999895334 0.008664821 -16.362606049 -0.043865528 -0.008148911 0.999004185 165.643157959
0.998929262 -0.011438732 0.044825800 11.369550705 0.011129661 0.999912560 0.007138464 -16.571453094 -0.044903524 -0.006631925 0.998969316 167.896804810
0.998860776 -0.009691302 0.046725452 11.557725906 0.009364020 0.999930084 0.007218197 -16.781919479 -0.046792138 -0.006772436 0.998881698 170.143478394
0.998749077 -0.008698290 0.049239375 11.745130539 0.008336069 0.999936700 0.007556857 -16.997833252 -0.049301982 -0.007136941 0.998758495 172.374588013
0.998625994 -0.009072666 0.051611606 11.956653595 0.008700468 0.999934554 0.007431638 -17.219827652 -0.051675655 -0.006972382 0.998639524 174.679458618
0.998543680 -0.009332668 0.053135492 12.166124344 0.008944902 0.999931633 0.007530841 -17.431747437 -0.053202137 -0.007044582 0.998558939 176.951217651
0.998515129 -0.009777205 0.053589895 12.376659393 0.009350142 0.999922514 0.008214033 -17.641927719 -0.053666059 -0.007700764 0.998529255 179.174331665
0.998492837 -0.010895164 0.053790160 12.596590042 0.010476426 0.999912560 0.008060491 -17.865423203 -0.053873282 -0.007484813 0.998519838 181.458068848
0.998452187 -0.011798517 0.054351855 12.796192169 0.011419723 0.999908268 0.007274628 -18.071569443 -0.054432705 -0.006642684 0.998495340 183.706054688
0.998520970 -0.013243590 0.052730378 13.033443451 0.012871470 0.999889791 0.007390406 -18.296014786 -0.052822437 -0.006700758 0.998581409 185.956710815
0.998534679 -0.015205122 0.051935159 13.245927811 0.014808229 0.999858201 0.008018373 -18.512035370 -0.052049715 -0.007237556 0.998618245 188.204086304
0.998546541 -0.016046813 0.051450480 13.457100868 0.015694737 0.999850571 0.007239780 -18.720514297 -0.051558968 -0.006421757 0.998649299 190.444091797
0.998505175 -0.016947731 0.051962864 13.657149315 0.016601671 0.999837041 0.007084171 -18.939298630 -0.052074455 -0.006210912 0.998623848 192.703735352
0.998478889 -0.018710226 0.051863462 13.855467796 0.018392997 0.999809146 0.006587199 -19.155364990 -0.051976811 -0.005623254 0.998632431 194.945220947
0.998504519 -0.018254386 0.051531315 14.060472488 0.017922739 0.999815762 0.006890651 -19.372283936 -0.051647600 -0.005956763 0.998647571 197.177536011
0.998497963 -0.015848424 0.052446023 14.269589424 0.015509019 0.999856055 0.006872143 -19.592334747 -0.052547388 -0.006048433 0.998600245 199.451736450
0.998518288 -0.013942624 0.052599777 14.476658821 0.013602914 0.999884248 0.006810918 -19.811889648 -0.052688647 -0.006085317 0.998592436 201.685684204
0.998498321 -0.013500883 0.053093027 14.690628052 0.013210828 0.999895871 0.005810312 -20.026655197 -0.053165939 -0.005100184 0.998572767 203.942489624
0.998463750 -0.013840690 0.053652376 14.893569946 0.013519875 0.999888539 0.006337889 -20.238554001 -0.053734113 -0.005602778 0.998539567 206.166000366
0.998449266 -0.015089402 0.053585105 15.131599426 0.014750702 0.999868691 0.006710717 -20.463453293 -0.053679328 -0.005909892 0.998540759 208.424133301
0.998391449 -0.014518524 0.054805227 15.337371826 0.014162822 0.999876082 0.006873128 -20.669828415 -0.054898217 -0.006085876 0.998473406 210.669418335
0.998325467 -0.013984526 0.056131028 15.560220718 0.013555639 0.999875963 0.008014323 -20.896171570 -0.056236148 -0.007240011 0.998391211 212.919281006
0.998254478 -0.012686494 0.057681374 15.794157028 0.012239048 0.999892294 0.008103878 -21.109985352 -0.057777964 -0.007383768 0.998302221 215.152496338
0.998082221 -0.011054123 0.060907584 15.997686386 0.010573274 0.999910355 0.008211415 -21.320657730 -0.060992893 -0.007551676 0.998109579 217.418823242
0.997950912 -0.011048010 0.063023098 16.228382111 0.010528859 0.999907911 0.008563614 -21.533660889 -0.063111901 -0.007882506 0.997975349 219.654037476
0.997826099 -0.012551962 0.064695537 16.465133667 0.011989139 0.999886870 0.009080482 -21.742532730 -0.064802200 -0.008285098 0.997863710 221.883956909
0.997722387 -0.014285368 0.065924138 16.699298859 0.013662514 0.999857783 0.009889239 -21.952442169 -0.066056043 -0.008966027 0.997775555 224.115234375
0.997656703 -0.016351981 0.066435717 16.953180313 0.015761616 0.999831557 0.009400728 -22.170742035 -0.066578254 -0.008331566 0.997746348 226.350708008
0.997617900 -0.017355025 0.066763200 17.193338394 0.016795585 0.999818981 0.008931738 -22.375185013 -0.066906117 -0.007789135 0.997728884 228.596878052
0.997577906 -0.017764926 0.067251377 17.435037613 0.017182486 0.999809921 0.009229201 -22.586277008 -0.067402542 -0.008051302 0.997693479 230.836715698
0.997519851 -0.018741678 0.067844406 17.676013947 0.018212037 0.999798715 0.008416842 -22.798418045 -0.067988507 -0.007160382 0.997660339 233.081787109
0.997515440 -0.019430825 0.067714877 17.947782516 0.018833781 0.999778032 0.009444353 -23.015903473 -0.067883343 -0.008145562 0.997660160 235.375778198
0.997496068 -0.019101789 0.068092927 18.199028015 0.018496145 0.999783695 0.009513787 -23.224739075 -0.068259917 -0.008230509 0.997633636 237.621139526
0.997454464 -0.018770276 0.068790413 18.436771393 0.018173994 0.999791861 0.009283739 -23.429927826 -0.068950340 -0.008009911 0.997587919 239.845123291
0.997424841 -0.019033890 0.069148071 18.683494568 0.018414391 0.999784470 0.009585439 -23.640649796 -0.069315635 -0.008287437 0.997560382 242.074722290
0.997381449 -0.019347889 0.069683939 18.928350449 0.018725878 0.999778867 0.009568393 -23.844633102 -0.069853656 -0.008238445 0.997523248 244.313720703
0.997341454 -0.019545063 0.070200048 19.174362183 0.018972525 0.999781132 0.008813458 -24.058679581 -0.070356928 -0.007458155 0.997493982 246.543701172
0.997367263 -0.019192720 0.069929868 19.437236786 0.018672656 0.999792933 0.008083078 -24.272626877 -0.070070527 -0.006756021 0.997519135 248.782470703
0.997343957 -0.019398978 0.070205115 19.688749313 0.018839026 0.999785304 0.008629359 -24.485206604 -0.070357427 -0.007283844 0.997495234 251.020828247
0.997311354 -0.020651100 0.070310853 19.939968109 0.020102816 0.999761820 0.008496764 -24.698076248 -0.070469573 -0.007060473 0.997488916 253.249847412
0.997305989 -0.020682964 0.070376337 20.195983887 0.020084618 0.999755979 0.009199180 -24.910425186 -0.070549414 -0.007760913 0.997478008 255.502593994
0.997260988 -0.021158775 0.070871763 20.431875229 0.020543573 0.999744833 0.009398273 -25.120826721 -0.071052529 -0.007916571 0.997441173 257.721496582
0.997241974 -0.021626601 0.071000084 20.695850372 0.020975072 0.999730825 0.009909364 -25.336256027 -0.071195275 -0.008392800 0.997427225 259.982238770
0.997218192 -0.021361839 0.071410969 20.953353882 0.020741034 0.999740422 0.009423714 -25.545711517 -0.071593739 -0.007916363 0.997402489 262.228393555
0.997189581 -0.021323632 0.071820550 21.210046768 0.020733058 0.999744892 0.008958484 -25.753887177 -0.071993239 -0.007444246 0.997377336 264.486602783
0.997155905 -0.020657254 0.072480030 21.467741013 0.020077938 0.999760389 0.008712383 -25.972339630 -0.072642639 -0.007232356 0.997331798 266.725677490
0.997086048 -0.020087251 0.073591664 21.722063065 0.019493127 0.999771416 0.008782666 -26.180103302 -0.073751256 -0.007322542 0.997249722 268.970336914
0.996990979 -0.019686213 0.074976623 21.985019684 0.019099884 0.999781132 0.008529261 -26.401144028 -0.075128123 -0.007071549 0.997148752 271.217102051
0.996902049 -0.020379419 0.075967096 22.256683350 0.019772716 0.999766409 0.008730057 -26.614707947 -0.076127261 -0.007200936 0.997072101 273.465057373
0.996698916 -0.020877073 0.078456149 22.501890182 0.020184461 0.999750078 0.009610771 -26.824474335 -0.078637175 -0.007995450 0.996871352 275.710327148
0.996586025 -0.020703416 0.079923011 22.775470734 0.019892525 0.999742389 0.010928893 -27.027576447 -0.080128692 -0.009301711 0.996741116 277.945892334
0.996530294 -0.020224318 0.080736227 23.060604095 0.019285906 0.999737263 0.012386199 -27.244787216 -0.080965541 -0.010786150 0.996658504 280.201080322
0.996458352 -0.019883094 0.081702560 23.344301224 0.018859586 0.999733865 0.013280014 -27.451652527 -0.081944868 -0.011692104 0.996568263 282.439239502
0.996387303 -0.019039538 0.082763664 23.623449326 0.018013025 0.999751508 0.013132054 -27.647500992 -0.082993120 -0.011593788 0.996482611 284.701538086
0.996278644 -0.018018344 0.084287107 23.890409470 0.017005999 0.999774575 0.012713344 -27.847267151 -0.084497184 -0.011232647 0.996360421 286.929260254
0.996272266 -0.017251428 0.084521972 24.177198410 0.016403237 0.999808013 0.010719427 -28.035732269 -0.084690660 -0.009293035 0.996364057 289.185760498
0.996199310 -0.018132204 0.085193694 24.448331833 0.017241506 0.999788821 0.011179234 -28.248437881 -0.085378401 -0.009667878 0.996301711 291.411926270
0.996110857 -0.017758224 0.086300604 24.704856873 0.016921017 0.999802470 0.010423011 -28.457637787 -0.086468659 -0.008922179 0.996214569 293.693359375
0.996137977 -0.018273314 0.085878827 24.990070343 0.017514922 0.999800742 0.009576232 -28.661369324 -0.086036697 -0.008035087 0.996259511 295.920013428
0.996131182 -0.018233705 0.085965835 25.270715714 0.017490327 0.999802887 0.009392677 -28.869796753 -0.086120158 -0.007852768 0.996253729 298.153442383
0.996130884 -0.017590130 0.086104512 25.551404953 0.016832106 0.999812961 0.009521684 -29.074739456 -0.086255901 -0.008035524 0.996240556 300.391174316
0.996070743 -0.017496411 0.086815678 25.816387177 0.016648030 0.999806523 0.010486715 -29.289722443 -0.086982362 -0.009000202 0.996169150 302.635070801
0.996066034 -0.017993100 0.086767957 26.102857590 0.017136252 0.999796808 0.010609998 -29.496112823 -0.086941242 -0.009081383 0.996172011 304.882446289
0.996037066 -0.017310800 0.087238058 26.391267776 0.016427256 0.999806285 0.010835798 -29.704515457 -0.087408751 -0.009359774 0.996128559 307.134857178
0.996034801 -0.018248497 0.087072141 26.678510666 0.017362120 0.999789536 0.010926350 -29.919305801 -0.087253205 -0.009371269 0.996142030 309.392517090
0.995995283 -0.019385830 0.087278873 26.965106964 0.018477755 0.999766469 0.011200298 -30.123729706 -0.087475628 -0.009542725 0.996120930 311.651916504
0.995970666 -0.019310273 0.087574966 27.250259399 0.018447109 0.999773085 0.010654977 -30.332496643 -0.087760836 -0.008996543 0.996100962 313.892272949
0.995991111 -0.019069139 0.087396219 27.545778275 0.018130098 0.999769211 0.011525922 -30.543926239 -0.087595843 -0.009895213 0.996106863 316.142517090
0.995943010 -0.017190784 0.088328086 27.828346252 0.016305659 0.999809444 0.010732732 -30.753051758 -0.088495731 -0.009248941 0.996033728 318.385437012
0.995941460 -0.015348010 0.088684179 28.110347748 0.014408557 0.999833167 0.011223806 -30.958698273 -0.088841662 -0.009900443 0.995996475 320.637329102
0.995863616 -0.013986574 0.089777865 28.387371063 0.013041602 0.999853313 0.011103676 -31.168066025 -0.089920007 -0.009886900 0.995899856 322.865814209
0.995814681 -0.013183213 0.090439394 28.667261124 0.012199648 0.999860287 0.011419639 -31.368061066 -0.090577312 -0.010268513 0.995836496 325.103759766
0.995816529 -0.012902507 0.090460956 28.963714600 0.011795208 0.999848902 0.012764612 -31.581684113 -0.090611994 -0.011644203 0.995818198 327.332244873
0.995785356 -0.013648878 0.090694182 29.247966766 0.012553303 0.999841273 0.012639415 -31.789632797 -0.090852328 -0.011447632 0.995798588 329.577514648
0.995800912 -0.015434421 0.090234101 29.550249100 0.014427675 0.999826252 0.011798715 -31.991918564 -0.090400517 -0.010447304 0.995850623 331.813568115
0.995783269 -0.014937815 0.090512179 29.835668564 0.013949110 0.999836147 0.011546229 -32.197540283 -0.090669803 -0.010234979 0.995828390 334.032531738
0.995777428 -0.015640279 0.090459831 30.127759933 0.014541030 0.999812484 0.012798144 -32.400600433 -0.090643033 -0.011428721 0.995817840 336.265594482
0.995841682 -0.016211146 0.089646123 30.433858871 0.015117632 0.999802947 0.012863682 -32.602264404 -0.089836985 -0.011454954 0.995890617 338.500061035
0.995855033 -0.016212443 0.089498349 30.719968796 0.015100344 0.999800324 0.013089101 -32.809265137 -0.089692660 -0.011683391 0.995901108 340.743286133
0.995891452 -0.016422406 0.089052916 31.017364502 0.015326652 0.999798357 0.012974467 -33.015979767 -0.089248031 -0.011556280 0.995942354 342.987487793
0.995904744 -0.016775191 0.088838749 31.305168152 0.015650583 0.999788642 0.013340482 -33.215908051 -0.089043751 -0.011895472 0.995956659 345.228546143
0.995941937 -0.016569097 0.088459559 31.593086243 0.015448333 0.999791622 0.013339492 -33.413951874 -0.088662148 -0.011918807 0.995990574 347.469390869
0.995981753 -0.016568018 0.088010564 31.880802155 0.015457906 0.999792337 0.013280064 -33.615680695 -0.088212311 -0.011866243 0.996030986 349.717590332
0.995984018 -0.016210394 0.088051043 32.163101196 0.015060743 0.999792755 0.013705345 -33.820270538 -0.088254943 -0.012324193 0.996021688 351.959899902
0.996016026 -0.016608728 0.087613806 32.446773529 0.015433496 0.999781847 0.014074213 -34.017349243 -0.087828457 -0.012665954 0.996055186 354.186340332
0.996039033 -0.016225612 0.087423854 32.726852417 0.015100579 0.999794781 0.013514764 -34.218624115 -0.087625168 -0.012141084 0.996079504 356.422760010
0.996101022 -0.016396591 0.086681992 33.015865326 0.015245351 0.999786794 0.013926595 -34.418048859 -0.086891867 -0.012550801 0.996138692 358.660247803
0.996158361 -0.015910193 0.086112604 33.306610107 0.014685225 0.999782026 0.014840051 -34.621486664 -0.086329944 -0.013518455 0.996174872 360.899078369
0.996199787 -0.016063686 0.085602641 33.592533112 0.014849535 0.999780178 0.014801511 -34.822784424 -0.085821584 -0.013474103 0.996219397 363.140380859
0.996233940 -0.015958391 0.085224919 33.879669189 0.014709339 0.999775290 0.015263875 -35.021244049 -0.085449353 -0.013952788 0.996244788 365.383178711
0.996281803 -0.015925018 0.084669694 34.164596558 0.014734690 0.999783874 0.014664953 -35.222522736 -0.084884956 -0.013362843 0.996301115 367.650268555
0.996286094 -0.016509034 0.084507398 34.442756653 0.015326440 0.999775589 0.014623711 -35.424652100 -0.084729858 -0.013274202 0.996315539 369.907287598
0.996282816 -0.016538128 0.084540881 34.718654633 0.015431989 0.999786794 0.013720918 -35.620319366 -0.084749773 -0.012365280 0.996325493 372.171447754
0.996349335 -0.016348634 0.083789453 35.004634857 0.015256924 0.999790370 0.013653078 -35.822261810 -0.083995081 -0.012324866 0.996389925 374.403472900
0.996422648 -0.016254725 0.082931191 35.291351318 0.015129432 0.999784946 0.014179486 -36.020328522 -0.083143838 -0.012874058 0.996454358 376.647674561
0.996350288 -0.016081065 0.083829455 35.561157227 0.014899638 0.999780953 0.014699858 -36.220375061 -0.084047481 -0.013397180 0.996371627 378.901824951
0.996344447 -0.016743088 0.083770037 35.840545654 0.015537143 0.999766290 0.015027241 -36.424629211 -0.084002063 -0.013670760 0.996371925 381.147705078
0.996366858 -0.016652348 0.083520576 36.126266479 0.015437440 0.999765694 0.015171039 -36.619800568 -0.083753645 -0.013826579 0.996390522 383.405517578
0.996380985 -0.015861532 0.083505616 36.409549713 0.014629018 0.999775171 0.015350921 -36.821254730 -0.083730355 -0.014073760 0.996389031 385.657836914
0.996373475 -0.014856107 0.083780222 36.686149597 0.013610199 0.999788404 0.015422755 -37.012966156 -0.083991617 -0.014226560 0.996364832 387.918914795
0.996405125 -0.013550919 0.083624385 36.973712921 0.012312798 0.999807060 0.015303739 -37.217552185 -0.083815627 -0.014219075 0.996379852 390.194030762
0.996386111 -0.012338173 0.084038578 37.249519348 0.011091919 0.999821723 0.015280343 -37.417816162 -0.084212132 -0.014292972 0.996345341 392.474609375
0.996418893 -0.011215637 0.083808474 37.532867432 0.009853142 0.999812782 0.016653212 -37.615795135 -0.083979569 -0.015767796 0.996342719 394.734497070
0.996364474 -0.009983217 0.084606089 37.805732727 0.008557596 0.999815643 0.017196033 -37.815929413 -0.084762163 -0.016409498 0.996266007 396.998931885
0.996319413 -0.009740365 0.085162804 38.086013794 0.008439050 0.999842286 0.015627023 -38.019561768 -0.085301585 -0.014850813 0.996244490 399.264739990
0.996240258 -0.009198376 0.086143844 38.360103607 0.007935237 0.999855995 0.014994116 -38.215629578 -0.086269364 -0.014254167 0.996169865 401.526611328
0.996169806 -0.010927683 0.086754233 38.633892059 0.009572429 0.999825954 0.016022444 -38.414932251 -0.086914197 -0.015130624 0.996100903 403.796386719
0.996099532 -0.012424798 0.087357223 38.917182922 0.010973584 0.999794006 0.017073078 -38.612453461 -0.087551370 -0.016047865 0.996030748 406.047851562
0.996097207 -0.013592429 0.087211356 39.204166412 0.012149313 0.999780834 0.017056858 -38.808349609 -0.087424070 -0.015930733 0.996043742 408.304382324
0.996079087 -0.013311444 0.087459013 39.498500824 0.011998592 0.999807596 0.015519657 -38.999534607 -0.087648757 -0.014409426 0.996047258 410.569274902
0.996014476 -0.011338341 0.088467635 39.801353455 0.009932881 0.999817610 0.016310783 -39.212715149 -0.088636436 -0.015367039 0.995945513 412.828338623
0.995928228 -0.009911723 0.089602478 40.077281952 0.008503342 0.999834478 0.016086189 -39.409332275 -0.089747086 -0.015258771 0.995847642 415.068054199
0.995852351 -0.008845141 0.090552904 40.370979309 0.007404272 0.999840796 0.016235515 -39.604618073 -0.090682074 -0.015497698 0.995759308 417.341644287
0.995808125 -0.008878340 0.091035016 40.670013428 0.007467534 0.999846995 0.015826333 -39.800712585 -0.091161586 -0.015080186 0.995721936 419.595428467
0.995699763 -0.008838274 0.092216507 40.955951691 0.007411404 0.999847770 0.015804019 -39.995826721 -0.092342123 -0.015052605 0.995613575 421.849334717
0.995610595 -0.009013547 0.093157306 41.243080139 0.007588751 0.999849021 0.015637461 -40.196861267 -0.093284190 -0.014861879 0.995528519 424.107269287
0.995561421 -0.009320666 0.093650967 41.544868469 0.007782446 0.999828994 0.016776826 -40.393669128 -0.093791313 -0.015973529 0.995463729 426.378326416
0.995512605 -0.008448632 0.094251372 41.840095520 0.006847330 0.999826908 0.017300174 -40.588241577 -0.094381236 -0.016577173 0.995398104 428.633758545
0.995449424 -0.007695501 0.094980493 42.144973755 0.006009674 0.999819517 0.018022493 -40.782279968 -0.095102027 -0.017369678 0.995315969 430.912963867
0.995432317 -0.008145620 0.095121652 42.443969727 0.006431817 0.999811649 0.018309684 -40.986881256 -0.095252879 -0.017614242 0.995297372 433.190216064
0.995378911 -0.008668276 0.095633060 42.749286652 0.007018185 0.999820828 0.017577300 -41.187747955 -0.095768295 -0.016824901 0.995261431 435.457122803
0.995383918 -0.007592295 0.095672667 43.062427521 0.005940941 0.999828637 0.017533505 -41.367660522 -0.095789395 -0.016884184 0.995258391 437.727478027
0.995338082 -0.008143947 0.096103892 43.370098114 0.006430698 0.999815047 0.018123334 -41.568958282 -0.096233733 -0.017420826 0.995206296 440.013031006
0.995391905 -0.008196743 0.095539033 43.686332703 0.006482605 0.999812722 0.018238366 -41.760562897 -0.095670626 -0.017534981 0.995258570 442.286956787
0.995343566 -0.007220093 0.096119866 43.989509583 0.005408380 0.999803007 0.019095682 -41.960048676 -0.096238814 -0.018486913 0.995186508 444.554748535
0.995300531 -0.007735822 0.096524730 44.301239014 0.005905093 0.999797463 0.019237686 -42.151882172 -0.096654005 -0.018577294 0.995144665 446.834838867
0.995291829 -0.007398539 0.096640669 44.608341217 0.005623250 0.999810636 0.018629478 -42.345451355 -0.096760198 -0.017998327 0.995145082 449.099914551
0.995297790 -0.006725945 0.096628129 44.918270111 0.004972110 0.999818861 0.018379698 -42.541778564 -0.096734241 -0.017812829 0.995150864 451.357879639
0.995252967 -0.006191078 0.097123772 45.224082947 0.004458703 0.999827385 0.018043676 -42.740440369 -0.097218692 -0.017524980 0.995108724 453.624420166
0.995173395 -0.005657201 0.097968802 45.527042389 0.003898234 0.999827921 0.018136475 -42.927986145 -0.098054551 -0.017667037 0.995024145 455.900756836
0.995132565 -0.005710863 0.098379962 45.829933167 0.003977128 0.999833405 0.017809959 -43.129638672 -0.098465309 -0.017332001 0.994989514 458.160339355
0.995166361 -0.004792320 0.098086193 46.153408051 0.003143421 0.999851227 0.016958352 -43.325798035 -0.098152876 -0.016568052 0.995033443 460.445404053
0.995158017 -0.003881626 0.098212436 46.467269897 0.002146460 0.999839842 0.017766982 -43.525680542 -0.098265707 -0.017470136 0.995006859 462.727905273
0.995194912 -0.003445236 0.097852148 46.781181335 0.001594336 0.999818563 0.018987164 -43.719326019 -0.097899809 -0.018739926 0.995019734 465.004577637
0.995233178 -0.003580614 0.097457483 47.085418701 0.001699776 0.999810815 0.019375242 -43.908912659 -0.097508430 -0.019117232 0.995051026 467.271270752
0.995349407 -0.003579700 0.096263677 47.405704498 0.001872533 0.999839425 0.017818771 -44.097290039 -0.096312016 -0.017555645 0.995196342 469.554077148
0.995429873 -0.003514485 0.095430203 47.726295471 0.001845629 0.999843955 0.017570347 -44.299453735 -0.095477052 -0.017313916 0.995281041 471.847534180
0.995503485 -0.004070224 0.094637223 48.031494141 0.002285688 0.999817669 0.018957350 -44.504219055 -0.094697133 -0.018655801 0.995331287 474.130218506
0.995466709 -0.004271080 0.095014140 48.323764801 0.002470506 0.999815345 0.019060157 -44.697219849 -0.095077999 -0.018739024 0.995293379 476.411468506
0.995548785 -0.004007131 0.094162211 48.622962952 0.002276399 0.999826610 0.018480552 -44.877403259 -0.094219953 -0.018183937 0.995385349 478.689331055
0.995580077 -0.004282290 0.093819037 48.927421570 0.002482724 0.999810815 0.019289572 -45.074378967 -0.093883909 -0.018971389 0.995402396 480.967620850
0.995627761 -0.004648827 0.093293123 49.236644745 0.002802272 0.999797761 0.019914284 -45.265876770 -0.093366839 -0.019565782 0.995439529 483.239349365
0.995622158 -0.005250618 0.093322173 49.528675079 0.003468658 0.999808788 0.019246669 -45.458919525 -0.093405373 -0.018838707 0.995449901 485.526947021
0.995712042 -0.005480614 0.092344709 49.834033966 0.003658750 0.999795556 0.019886693 -45.655464172 -0.092434824 -0.019463556 0.995528519 487.826507568
0.995774150 -0.005935591 0.091645308 50.136657715 0.004149738 0.999798000 0.019664848 -45.843021393 -0.091743529 -0.019201441 0.995597541 490.109771729
0.995794475 -0.005894772 0.091424629 50.432014465 0.004071478 0.999789298 0.020116836 -46.033538818 -0.091523945 -0.019659998 0.995608807 492.406097412
0.995837152 -0.005426949 0.090989955 50.733005524 0.003560367 0.999780118 0.020663939 -46.224662781 -0.091082096 -0.020253958 0.995637417 494.692749023
0.995825648 -0.005110047 0.091132551 51.018341064 0.003258805 0.999785542 0.020450978 -46.415103912 -0.091217510 -0.020068629 0.995628774 496.998107910
0.995864809 -0.005077817 0.090705350 51.328247070 0.003274849 0.999794304 0.020014977 -46.614711761 -0.090788342 -0.019635165 0.995676637 499.318572998
0.995923936 -0.004993618 0.090058573 51.627674103 0.003131126 0.999778628 0.020810325 -46.804801941 -0.090142556 -0.020443520 0.995718956 501.615173340
0.995910883 -0.004674439 0.090220168 51.914299011 0.002777619 0.999772727 0.021138461 -46.998264313 -0.090298474 -0.020801423 0.995697498 503.893157959
0.995915473 -0.003719030 0.090214014 52.204689026 0.001893844 0.999792099 0.020308901 -47.187278748 -0.090270787 -0.020055098 0.995715320 506.184448242
0.995918810 -0.003582442 0.090182520 52.492469788 0.001701842 0.999779701 0.020921526 -47.379798889 -0.090237610 -0.020682666 0.995705426 508.472839355
0.995932758 -0.003861159 0.090017177 52.784221649 0.002057561 0.999795437 0.020120356 -47.573478699 -0.090076439 -0.019853305 0.995736957 510.770111084
0.995973110 -0.004568625 0.089535937 53.089168549 0.002691726 0.999774337 0.021072067 -47.771392822 -0.089612000 -0.020746207 0.995760679 513.067321777
0.995983899 -0.004072178 0.089439407 53.383598328 0.002190247 0.999774337 0.021129476 -47.957687378 -0.089505255 -0.020848723 0.995768130 515.377197266
0.996003568 -0.003496249 0.089244813 53.678810120 0.001635517 0.999779940 0.020914368 -48.150440216 -0.089298300 -0.020684823 0.995790064 517.687194824
0.995970488 -0.002450072 0.089647286 53.962928772 0.000608226 0.999788344 0.020567026 -48.341655731 -0.089678690 -0.020429626 0.995761216 519.978149414
0.995927691 -0.000682686 0.090152472 54.254508972 -0.001247286 0.999771237 0.021349782 -48.548137665 -0.090146437 -0.021375289 0.995699108 522.338623047
0.995870888 0.001295625 0.090770781 54.552974701 -0.003248998 0.999766231 0.021375393 -48.736999512 -0.090721875 -0.021582052 0.995642364 524.677673340
0.995821893 0.002002673 0.091294222 54.851161957 -0.004075954 0.999737859 0.022529103 -48.921493530 -0.091225185 -0.022807086 0.995569110 527.002441406
0.995746076 0.001898467 0.092120036 55.143104553 -0.003978963 0.999740958 0.022406213 -49.107799530 -0.092053659 -0.022677438 0.995495796 529.316589355
0.995706379 0.000036481 0.092567638 55.438251495 -0.002253391 0.999713123 0.023844669 -49.291770935 -0.092540227 -0.023950880 0.995420873 531.626708984
0.995643079 -0.001432046 0.093234874 55.744438171 -0.000750900 0.999726474 0.023374112 -49.472293854 -0.093242854 -0.023342282 0.995369732 533.952514648
0.995596230 -0.001137163 0.093738325 56.047393799 -0.000998871 0.999740958 0.022737144 -49.656799316 -0.093739897 -0.022730643 0.995337188 536.273498535
0.995522141 -0.001250962 0.094520234 56.351348877 -0.000875062 0.999747574 0.022448003 -49.842994690 -0.094524451 -0.022430196 0.995269775 538.593139648
0.995445073 -0.000699141 0.095334232 56.653095245 -0.001392796 0.999759734 0.021874886 -50.034404755 -0.095326610 -0.021908028 0.995204926 540.906188965
0.995359659 -0.000048890 0.096224844 56.961425781 -0.002052418 0.999761581 0.021738386 -50.228939056 -0.096202947 -0.021835005 0.995122254 543.228210449
0.995260715 0.000549534 0.097242311 57.256057739 -0.002552761 0.999787033 0.020477146 -50.416091919 -0.097210340 -0.020628335 0.995050192 545.548400879
0.995123565 0.000563317 0.098634347 57.552658081 -0.002638571 0.999777913 0.020910682 -50.604583740 -0.098600671 -0.021068970 0.994903982 547.875915527
0.995063424 0.000662711 0.099238560 57.860946655 -0.002864162 0.999752879 0.022042600 -50.801250458 -0.099199429 -0.022218015 0.994819522 550.174621582
0.995002270 0.000239108 0.099851653 58.173221588 -0.002505384 0.999742091 0.022571640 -50.994827271 -0.099820517 -0.022709006 0.994746208 552.483581543
0.995021641 -0.000634529 0.099656202 58.497253418 -0.001520073 0.999766767 0.021542925 -51.181312561 -0.099646628 -0.021587169 0.994788706 554.791870117
0.995067418 -0.001272116 0.099192970 58.826274872 -0.000909175 0.999758840 0.021942077 -51.372436523 -0.099196941 -0.021924032 0.994826376 557.109252930
0.995032549 -0.001301076 0.099542633 59.144924164 -0.000909216 0.999754131 0.022155883 -51.559082031 -0.099547006 -0.022136329 0.994786561 559.419799805
0.995010972 -0.000717638 0.099762991 59.466644287 -0.001610599 0.999728262 0.023255184 -51.748283386 -0.099752575 -0.023299839 0.994739354 561.751464844
0.995012581 -0.001127607 0.099742979 59.794925690 -0.001242785 0.999718368 0.023699678 -51.933158875 -0.099741608 -0.023705440 0.994730890 564.083679199
0.994993567 -0.000657890 0.099937081 60.120746613 -0.001776596 0.999703884 0.024269240 -52.117652893 -0.099923439 -0.024325285 0.994697750 566.399291992
0.994939744 0.000192866 0.100472726 60.443393707 -0.002595280 0.999713778 0.023780946 -52.308837891 -0.100439392 -0.023921357 0.994655550 568.718994141
0.994960189 0.001325482 0.100262046 60.784107208 -0.003571606 0.999746561 0.022226360 -52.489318848 -0.100207172 -0.022472441 0.994712710 571.053466797
0.994927227 0.001840011 0.100580081 61.115383148 -0.004126026 0.999737680 0.022525009 -52.679115295 -0.100512281 -0.022825740 0.994673967 573.371276855
0.994954169 0.001912179 0.100312524 61.449703217 -0.004280701 0.999716938 0.023401503 -52.870208740 -0.100239374 -0.023712829 0.994680762 575.740173340
0.994946599 0.001708076 0.100390971 61.780769348 -0.004209996 0.999685645 0.024715196 -53.064483643 -0.100317203 -0.025012942 0.994641125 578.054870605
0.994850397 0.002564932 0.101321653 62.092880249 -0.004932498 0.999720454 0.023123205 -53.252834320 -0.101234019 -0.023503898 0.994584978 580.428955078
0.994906723 0.001782063 0.100784056 62.429061890 -0.004068221 0.999738932 0.022482758 -53.431293488 -0.100717686 -0.022778260 0.994654298 582.763854980
0.994861901 0.001251874 0.101233043 62.752998352 -0.003727385 0.999698520 0.024268134 -53.630970001 -0.101172142 -0.024520779 0.994566619 585.089782715
0.994922578 0.001521036 0.100631967 63.083175659 -0.003998246 0.999693751 0.024419419 -53.816318512 -0.100564018 -0.024697782 0.994624019 587.407226562
0.994867921 -0.000897939 0.101178125 63.416080475 -0.001452262 0.999730885 0.023152299 -54.007175446 -0.101171687 -0.023180420 0.994598866 589.759948730
0.994897068 -0.001173324 0.100888133 63.751197815 -0.001154780 0.999734402 0.023014596 -54.190429688 -0.100888357 -0.023013657 0.994631469 592.107849121
0.994909406 -0.002750857 0.100735597 64.076034546 0.000384557 0.999723673 0.023502093 -54.377906799 -0.100772418 -0.023343712 0.994635582 594.444763184
0.994941950 -0.003498143 0.100389920 64.413764954 0.001125425 0.999718845 0.023681941 -54.565254211 -0.100444525 -0.023449177 0.994666219 596.804443359
