1.000000000 0.000000000 0.000000000 0.000000000 0.000000000 1.000000000 0.000000000 0.000000000 0.000000000 0.000000000 1.000000000 0.000000000
0.999999881 0.000072248 0.000424943 0.087022953 -0.000072204 1.000000000 -0.000102959 -0.228747457 -0.000424951 0.000102928 0.999999881 2.288219929
0.999999106 0.000439456 0.001208870 0.165458277 -0.000440120 0.999999762 0.000548563 -0.468279719 -0.001208628 -0.000549095 0.999999046 4.583422184
0.999998510 -0.000038645 0.001686856 0.263743490 0.000037535 0.999999702 0.000657912 -0.699268401 -0.001686881 -0.000657848 0.999998331 6.868592739
0.999996722 -0.000292806 0.002594353 0.356244326 0.000295746 0.999999344 -0.001132831 -0.931829572 -0.002594020 0.001133594 0.999996006 9.159298897
0.999988139 0.001461968 0.004651342 0.447701246 -0.001463429 0.999998927 0.000310792 -1.168425083 -0.004650882 -0.000317595 0.999989152 11.462836266
0.999972105 0.003233496 0.006726471 0.554325223 -0.003245047 0.999993205 0.001707116 -1.405649304 -0.006720905 -0.001728896 0.999975920 13.744301796
0.999952614 0.003119978 0.009220945 0.658030152 -0.003161748 0.999984741 0.004518848 -1.635119319 -0.009206705 -0.004547788 0.999947309 16.017211914
0.999943733 0.003297010 0.010077262 0.747063398 -0.003351021 0.999980032 0.005347517 -1.855224967 -0.010059432 -0.005380984 0.999934912 18.307870865
0.999925137 0.002315099 0.012016363 0.852556884 -0.002380420 0.999982476 0.005424589 -2.080890417 -0.012003595 -0.005452787 0.999913096 20.599695206
0.999931991 -0.000183100 0.011662745 0.975022316 0.000142184 0.999993801 0.003508975 -2.309686661 -0.011663318 -0.003507078 0.999925852 22.883665085
0.999915481 -0.002375296 0.012779512 1.077920198 0.002352447 0.999995708 0.001802697 -2.531264067 -0.012783738 -0.001772482 0.999916732 25.161569595
0.999915540 -0.002938060 0.012655844 1.208445787 0.002921912 0.999994874 0.001294241 -2.777158976 -0.012659580 -0.001257152 0.999919057 27.447212219
0.999897420 -0.002719505 0.014061494 1.308492899 0.002715785 0.999996245 0.000283633 -3.000576973 -0.014062210 -0.000245416 0.999901056 29.732240677
0.999897838 -0.000468438 0.014282292 1.440847397 0.000428639 0.999996006 0.002789516 -3.227288008 -0.014283541 -0.002783110 0.999894083 32.014408112
0.999902368 0.001498812 0.013895274 1.574774504 -0.001568178 0.999986291 0.004982529 -3.445540428 -0.013887617 -0.005003833 0.999890983 34.295448303
0.999872983 0.003524428 0.015544185 1.694097042 -0.003668391 0.999950528 0.009242750 -3.675984383 -0.015510841 -0.009298597 0.999836445 36.610942841
0.999860108 0.005403981 0.015832452 1.815720081 -0.005547848 0.999943554 0.009057068 -3.893213749 -0.015782615 -0.009143637 0.999833703 38.882419586
0.999834120 0.004392936 0.017671820 1.930661321 -0.004522797 0.999962986 0.007315250 -4.096471310 -0.017639030 -0.007393962 0.999817193 41.184295654
0.999845624 0.001865779 0.017464904 2.058348179 -0.001983869 0.999975264 0.006746640 -4.322152138 -0.017451880 -0.006780247 0.999824762 43.460857391
0.999843419 0.001332739 0.017644450 2.182676792 -0.001434468 0.999982417 0.005754086 -4.551028728 -0.017636472 -0.005778497 0.999827743 45.718257904
0.999840081 0.000461100 0.017878808 2.306919098 -0.000546264 0.999988556 0.004758819 -4.776313782 -0.017876409 -0.004767824 0.999828815 47.993083954
0.999843657 -0.001068706 0.017645763 2.443143129 0.000973408 0.999984860 0.005408302 -5.003411293 -0.017651275 -0.005390280 0.999829650 50.272918701
0.999820530 -0.001422414 0.018889768 2.566612244 0.001315969 0.999983191 0.005646288 -5.221342564 -0.018897479 -0.005620417 0.999805629 52.541439056
0.999816120 -0.002713763 0.018981887 2.701969862 0.002607095 0.999980688 0.005641980 -5.446419716 -0.018996829 -0.005591454 0.999803901 54.822471619
0.999786437 -0.003040005 0.020440942 2.829020023 0.002925828 0.999979973 0.005613328 -5.669660091 -0.020457596 -0.005552321 0.999775410 57.118923187
0.999766648 -0.004422643 0.021143243 2.964632034 0.004292601 0.999971628 0.006191974 -5.889287472 -0.021170029 -0.006099769 0.999757230 59.384056091
0.999725759 -0.005907317 0.022667112 3.086839676 0.005778954 0.999966860 0.005724273 -6.111843586 -0.022700181 -0.005591711 0.999726593 61.661106110
0.999704301 -0.006932061 0.023304788 3.234279633 0.006805260 0.999961555 0.005515837 -6.331436157 -0.023342133 -0.005355611 0.999713182 63.915824890
0.999664128 -0.006421393 0.025105044 3.367100954 0.006264059 0.999960303 0.006340669 -6.550339699 -0.025144765 -0.006181280 0.999664724 66.183876038
0.999643385 -0.005514099 0.026126089 3.513630867 0.005339200 0.999962866 0.006759502 -6.772456169 -0.026162395 -0.006617599 0.999635756 68.429756165
0.999600947 -0.005717886 0.027664153 3.650236607 0.005537899 0.999962986 0.006578399 -6.993359566 -0.027700745 -0.006422572 0.999595642 70.676673889
0.999589205 -0.006548926 0.027902119 3.815897465 0.006408676 0.999966383 0.005112979 -7.210013390 -0.027934667 -0.004932061 0.999597728 72.926155090
0.999566793 -0.007401817 0.028490048 3.967799187 0.007243908 0.999957860 0.005641848 -7.433110237 -0.028530614 -0.005433024 0.999578178 75.194213867
0.999521434 -0.008742790 0.029673370 4.132571220 0.008592523 0.999949574 0.005187787 -7.661052704 -0.029717231 -0.004930334 0.999546289 77.459556580
0.999516010 -0.009586168 0.029595699 4.290308952 0.009440504 0.999942660 0.005057603 -7.888474941 -0.029642485 -0.004775756 0.999549150 79.699607849
0.999487460 -0.010076361 0.030388560 4.439745903 0.009930244 0.999938488 0.004955373 -8.104333878 -0.030436616 -0.004651067 0.999525905 81.953125000
0.999478459 -0.009449149 0.030878987 4.609333038 0.009318101 0.999946892 0.004385192 -8.314648628 -0.030918786 -0.004095172 0.999513507 84.212142944
0.999430954 -0.009127351 0.032470703 4.763261795 0.008978576 0.999948442 0.004724722 -8.527721405 -0.032512154 -0.004430493 0.999461532 86.468040466
0.999436975 -0.008592346 0.032431219 4.937311172 0.008396525 0.999945700 0.006169373 -8.759835243 -0.032482464 -0.005893590 0.999454916 88.728019714
0.999409497 -0.007547024 0.033521306 5.093919754 0.007331291 0.999951601 0.006553933 -8.979784966 -0.033569146 -0.006304310 0.999416530 90.980567932
0.999385774 -0.007570872 0.034215372 5.261465073 0.007347470 0.999950886 0.006650295 -9.197811127 -0.034264036 -0.006394815 0.999392331 93.225440979
0.999368489 -0.007892279 0.034649968 5.426042557 0.007682466 0.999951363 0.006184212 -9.411101341 -0.034697104 -0.005914109 0.999380350 95.469932556
0.999342382 -0.008413948 0.035269160 5.594173431 0.008198351 0.999946833 0.006253070 -9.625574112 -0.035319895 -0.005959809 0.999358296 97.712783813
0.999311984 -0.008197803 0.036171224 5.759516716 0.007992663 0.999951184 0.005812313 -9.852977753 -0.036217108 -0.005519210 0.999328673 99.944869995
0.999252558 -0.008302613 0.037754200 5.917779922 0.008041142 0.999942660 0.007072180 -10.066893578 -0.037810758 -0.006763306 0.999262154 102.163139343
0.999229610 -0.008446066 0.038325444 6.106642723 0.008192091 0.999943376 0.006779015 -10.281454086 -0.038380537 -0.006459827 0.999242365 104.417579651
0.999189138 -0.009022173 0.039236769 6.266994476 0.008723657 0.999931753 0.007772604 -10.495690346 -0.039304215 -0.007424014 0.999199688 106.602134705
0.999167681 -0.010591503 0.039392974 6.463035583 0.010291405 0.999916434 0.007813112 -10.708245277 -0.039472435 -0.007401200 0.999193370 108.852851868
0.999128401 -0.011364993 0.040164776 6.643979073 0.011016825 0.999899864 0.008879190 -10.929481506 -0.040261671 -0.008428963 0.999153614 111.093589783
0.999119341 -0.012030083 0.040197656 6.835470200 0.011741335 0.999903619 0.007411587 -11.146228790 -0.040282946 -0.006933086 0.999164224 113.353950500
0.999071538 -0.012496059 0.041229811 7.014595032 0.012234358 0.999903381 0.006593612 -11.360389709 -0.041308228 -0.006083070 0.999127865 115.597846985
0.999032974 -0.012602529 0.042119935 7.191999435 0.012309498 0.999898374 0.007209141 -11.582971573 -0.042206503 -0.006683696 0.999086499 117.830612183
0.998992920 -0.012903040 0.042973161 7.382907867 0.012568647 0.999888659 0.008042521 -11.797350883 -0.043072145 -0.007494308 0.999043822 120.083106995
0.998966277 -0.013960735 0.043259874 7.581937790 0.013599830 0.999870300 0.008625848 -12.015562057 -0.043374680 -0.008028605 0.999026656 122.292922974
0.998922527 -0.013751991 0.044323865 7.765423775 0.013409453 0.999877930 0.008016199 -12.227907181 -0.044428691 -0.007413203 0.998985052 124.567092896
0.998880804 -0.013451352 0.045343883 7.941377640 0.013131738 0.999886751 0.007339210 -12.449042320 -0.045437481 -0.006735553 0.998944402 126.827323914
0.998874187 -0.015596696 0.044800408 8.137885094 0.015268424 0.999854207 0.007660328 -12.662236214 -0.044913355 -0.006967672 0.998966575 129.087860107
0.998901606 -0.016699875 0.043782253 8.328395844 0.016365616 0.999834239 0.007981983 -12.876171112 -0.043908298 -0.007256691 0.999009192 131.344970703
0.998956263 -0.017174326 0.042325996 8.521587372 0.016809287 0.999818504 0.008965421 -13.086673737 -0.042472292 -0.008244593 0.999063611 133.577758789
0.999017298 -0.018256502 0.040387437 8.725828171 0.017924046 0.999802470 0.008578585 -13.298834801 -0.040536087 -0.007846247 0.999147296 135.814392090
0.999091983 -0.019036813 0.038115196 8.934950829 0.018739978 0.999791265 0.008130017 -13.507184029 -0.038262013 -0.007408357 0.999240279 138.038757324
0.999073446 -0.019907041 0.038157791 9.099239349 0.019601142 0.999772787 0.008374139 -13.730776787 -0.038315829 -0.007618444 0.999236584 140.301315308
0.999058485 -0.020036304 0.038480036 9.260715485 0.019717934 0.999768257 0.008635506 -13.934724808 -0.038644146 -0.007868628 0.999222040 142.533126831
0.999098122 -0.020220738 0.037336670 9.454420090 0.019848382 0.999749780 0.010316827 -14.166593552 -0.037535936 -0.009566450 0.999249458 144.731719971
0.999113202 -0.019315811 0.037413321 9.625989914 0.018979475 0.999776423 0.009324141 -14.379001617 -0.037585042 -0.008605786 0.999256372 146.980712891
0.999134123 -0.017916135 0.037548322 9.799658775 0.017631821 0.999813437 0.007889553 -14.592720032 -0.037682667 -0.007220677 0.999263644 149.226684570
0.999152303 -0.016431984 0.037744466 9.974184036 0.016172867 0.999843538 0.007160214 -14.810854912 -0.037856232 -0.006543707 0.999261737 151.467376709
0.999158621 -0.015761644 0.037863303 10.154979706 0.015499311 0.999853790 0.007212028 -15.020750046 -0.037971448 -0.006619106 0.999256909 153.694747925
0.999144912 -0.015137740 0.038473722 10.337541580 0.014851728 0.999859929 0.007708897 -15.236489296 -0.038585026 -0.007130905 0.999229968 155.954193115
0.999145925 -0.014122490 0.038832985 10.500893593 0.013779031 0.999863684 0.009097937 -15.450546265 -0.038956184 -0.008555085 0.999204278 158.147857666
0.999104857 -0.013619311 0.040047005 10.677203178 0.013209796 0.999857962 0.010472744 -15.665061951 -0.040183939 -0.009934357 0.999142885 160.379959106
0.999073386 -0.011977262 0.041338421 10.836521149 0.011500187 0.999864697 0.011759223 -15.870313644 -0.041473672 -0.011272928 0.999076009 162.631683350
0.999047399 -0.011828882 0.042006947 11.018897057 0.011383362 0.999876559 0.010829242 -16.067291260 -0.042129859 -0.010340743 0.999058545 164.880538940
0.999008000 -0.010975459 0.043157592 11.207332611 0.010561978 0.999896228 0.009797066 -16.277683258 -0.043260649 -0.009331517 0.999020219 167.115112305
0.998940587 -0.009084207 0.045112919 11.389748573 0.008629208 0.999910057 0.010270284 -16.489137650 -0.045202155 -0.009870114 0.998929143 169.348373413
0.998836637 -0.008314452 0.047498476 11.592584610 0.007815175 0.999912262 0.010687497 -16.711814880 -0.047583185 -0.010303856 0.998814106 171.605987549
0.998720765 -0.008352272 0.049870640 11.788892746 0.007838907 0.999914348 0.010480648 -16.919544220 -0.049953897 -0.010076310 0.998700798 173.867752075
0.998629928 -0.008226896 0.051676877 11.987687111 0.007673638 0.999911189 0.010895374 -17.128570557 -0.051761929 -0.010483898 0.998604417 176.115341187
0.998578906 -0.009098412 0.052510433 12.192625046 0.008488420 0.999894023 0.011827984 -17.338005066 -0.052612491 -0.011365445 0.998550355 178.347549438
0.998511493 -0.010239362 0.053570993 12.387057304 0.009648353 0.999889851 0.011279253 -17.536224365 -0.053680580 -0.010745595 0.998500347 180.582901001
0.998568475 -0.011143154 0.052314382 12.594778061 0.010549922 0.999876976 0.011602262 -17.755861282 -0.052437231 -0.011033739 0.998563230 182.846069336
0.998581886 -0.012601906 0.051724482 12.806665421 0.012010995 0.999859214 0.011719186 -17.967422485 -0.051864877 -0.011081306 0.998592615 185.081954956
0.998585463 -0.014350195 0.051198553 13.017934799 0.013724945 0.999827147 0.012543033 -18.171373367 -0.051369701 -0.011822591 0.998609722 187.322418213
0.998581290 -0.015380831 0.050977178 13.218092918 0.014808925 0.999823332 0.011577646 -18.367292404 -0.051146243 -0.010806307 0.998632729 189.540328979
0.998557746 -0.016600994 0.051057026 13.426424026 0.016033206 0.999805272 0.011510295 -18.579271317 -0.051238164 -0.010675088 0.998629451 191.779617310
0.998538375 -0.017130326 0.051261000 13.613512039 0.016582804 0.999801040 0.011087411 -18.787874222 -0.051440731 -0.010221156 0.998623729 194.024307251
0.998556495 -0.016769078 0.051027086 13.823504448 0.016200196 0.999802172 0.011541901 -18.995014191 -0.051210530 -0.010698589 0.998630583 196.257034302
0.998573482 -0.014606500 0.051357944 14.033056259 0.013993448 0.999826789 0.012276201 -19.206462860 -0.051528361 -0.011540012 0.998604834 198.499450684
0.998589814 -0.012918535 0.051490866 14.234499931 0.012365252 0.999862492 0.011049354 -19.414670944 -0.051626522 -0.010397076 0.998612285 200.787582397
0.998563945 -0.012375974 0.052124266 14.443374634 0.011860648 0.999877810 0.010184231 -19.621164322 -0.052243941 -0.009551380 0.998588622 203.047210693
0.998521626 -0.012822036 0.052822668 14.639545441 0.012277822 0.999868274 0.010614268 -19.822612762 -0.052951813 -0.009950030 0.998547494 205.267227173
0.998525560 -0.014334801 0.052358713 14.876598358 0.013767738 0.999842703 0.011175050 -20.040964127 -0.052510679 -0.010437710 0.998565793 207.526733398
0.998443365 -0.014309875 0.053908095 15.076010704 0.013735137 0.999845028 0.011016902 -20.235248566 -0.054057389 -0.010259315 0.998485088 209.770706177
0.998399019 -0.013499013 0.054927684 15.295242310 0.012830703 0.999839485 0.012501665 -20.457433701 -0.055087630 -0.011776891 0.998412013 212.011306763
0.998342216 -0.012144354 0.056261562 15.527727127 0.011446347 0.999853611 0.012712196 -20.661275864 -0.056407712 -0.012047133 0.998335123 214.240982056
0.998140752 -0.010640798 0.060015369 15.702553749 0.009903036 0.999871850 0.012576928 -20.855579376 -0.060141508 -0.011959211 0.998118222 216.496200562
0.998009384 -0.010569550 0.062173177 15.926951408 0.009791040 0.999869943 0.012813021 -21.056726456 -0.062300526 -0.012178775 0.997983098 218.729782104
0.997868598 -0.011613802 0.064213902 16.153877258 0.010775234 0.999852300 0.013389931 -21.255800247 -0.064359926 -0.012669470 0.997846305 220.956802368
0.997774839 -0.012855348 0.065422073 16.382740021 0.011962472 0.999830246 0.014021418 -21.452781677 -0.065591209 -0.013207612 0.997759104 223.189071655
0.997722745 -0.014996907 0.065759905 16.632167816 0.014139521 0.999809027 0.013484249 -21.660421371 -0.065949574 -0.012523727 0.997744381 225.397399902
0.997673631 -0.016418075 0.066166170 16.866527557 0.015592807 0.999794245 0.012969884 -21.849670410 -0.066365503 -0.011907994 0.997724235 227.639907837
0.997625232 -0.016256049 0.066929504 17.100934982 0.015394748 0.999792159 0.013364500 -22.055778503 -0.067132860 -0.012302401 0.997668207 229.882324219
0.997584820 -0.017239239 0.067284979 17.344554901 0.016454922 0.999790251 0.012193518 -22.256078720 -0.067481071 -0.011056902 0.997659266 232.123199463
0.997559607 -0.017884552 0.067489311 17.586706161 0.017052034 0.999771476 0.012891551 -22.452512741 -0.067704439 -0.011709264 0.997636735 234.355758667
0.997515857 -0.017153712 0.068322107 17.860380173 0.016252661 0.999773741 0.013722406 -22.667617798 -0.068542048 -0.012577902 0.997568905 236.652252197
0.997469723 -0.017348791 0.068942435 18.093852997 0.016435195 0.999769747 0.013796804 -22.862911224 -0.069165915 -0.012628813 0.997525215 238.875656128
0.997414887 -0.017635828 0.069660269 18.331796646 0.016695779 0.999761820 0.014054020 -23.061166763 -0.069891527 -0.012854655 0.997471869 241.101943970
0.997372568 -0.018080963 0.070150144 18.577156067 0.017119827 0.999751627 0.014278308 -23.263774872 -0.070390858 -0.013039839 0.997434258 243.336746216
0.997340143 -0.018506544 0.070499443 18.833490372 0.017570347 0.999749303 0.013876587 -23.475997925 -0.070738584 -0.012600980 0.997415245 245.565475464
0.997342348 -0.018458569 0.070479631 19.079549789 0.017552383 0.999755383 0.013455113 -23.681770325 -0.070710763 -0.012182267 0.997422457 247.793624878
0.997320890 -0.018769428 0.070701040 19.333808899 0.017820124 0.999742806 0.014033916 -23.882728577 -0.070946254 -0.012736417 0.997398794 250.026565552
0.997286022 -0.020074481 0.070833892 19.588962555 0.019120075 0.999717414 0.014126364 -24.086528778 -0.071097463 -0.012733676 0.997388065 252.249649048
0.997285604 -0.020201540 0.070806555 19.855434418 0.019186338 0.999703586 0.014988713 -24.292808533 -0.071088366 -0.013589508 0.997377455 254.524307251
0.997262716 -0.020997237 0.070896856 20.094955444 0.019955369 0.999682665 0.015372114 -24.492805481 -0.071197130 -0.013915264 0.997365177 256.741607666
0.997223854 -0.021718306 0.071224444 20.353002548 0.020602010 0.999653637 0.016370399 -24.710491180 -0.071555316 -0.014857585 0.997325957 259.001739502
0.997195005 -0.021352997 0.071736917 20.608898163 0.020265868 0.999669135 0.015848361 -24.906871796 -0.072051592 -0.014350099 0.997297585 261.239837646
0.997155905 -0.021663768 0.072185449 20.864933014 0.020604992 0.999669492 0.015380021 -25.102787018 -0.072494760 -0.013848899 0.997272611 263.496429443
0.997129679 -0.020814609 0.072795548 21.125892639 0.019759130 0.999689341 0.015189527 -25.305908203 -0.073089093 -0.013707550 0.997231185 265.740356445
0.997061431 -0.020630363 0.073775321 21.387615204 0.019554334 0.999692082 0.015277956 -25.503437042 -0.074067786 -0.013790432 0.997157872 267.988708496
0.996966660 -0.020801358 0.074998803 21.643138885 0.019695817 0.999686599 0.015450481 -25.701379776 -0.075296685 -0.013926452 0.997063875 270.226776123
0.996787369 -0.021735650 0.077087261 21.886480331 0.020618930 0.999671042 0.015252939 -25.893749237 -0.077393420 -0.013614480 0.996907651 272.497863770
0.996579111 -0.021988951 0.079665594 22.146566391 0.020854818 0.999669373 0.015040433 -26.079637527 -0.079969972 -0.013327570 0.996708155 274.737060547
0.996516466 -0.022436764 0.080320485 22.420684814 0.021110345 0.999626994 0.017325401 -26.289699554 -0.080679253 -0.015569454 0.996618450 277.019104004
0.996455371 -0.021385634 0.081359424 22.705808640 0.020004552 0.999642313 0.017752567 -26.473949432 -0.081709974 -0.016062081 0.996526718 279.272796631
0.996358395 -0.022447078 0.082257539 22.989248276 0.020924749 0.999594331 0.019322548 -26.686342239 -0.082657911 -0.017530963 0.996423781 281.554260254
0.996254921 -0.021560559 0.083732910 23.255241394 0.020004159 0.999612033 0.019382458 -26.871681213 -0.084118336 -0.017634865 0.996299684 283.798614502
0.996242464 -0.021055231 0.084009863 23.555694580 0.019539800 0.999631941 0.018820444 -27.060077667 -0.084375210 -0.017108189 0.996287167 286.070953369
0.996157408 -0.020354507 0.085183084 23.825443268 0.018887049 0.999659598 0.017997773 -27.248191833 -0.085520431 -0.016319759 0.996202707 288.299926758
0.996115983 -0.020373270 0.085661151 24.101577759 0.018893166 0.999658465 0.018054022 -27.447668076 -0.085999720 -0.016365493 0.996160746 290.540832520
0.996114731 -0.020914817 0.085546665 24.388118744 0.019469326 0.999653935 0.017696742 -27.635360718 -0.085887186 -0.015962450 0.996177018 292.782501221
0.996100247 -0.021555986 0.085553892 24.671646118 0.020154657 0.999648750 0.017209714 -27.830682755 -0.085894823 -0.015418297 0.996184945 295.014709473
0.996080935 -0.021734761 0.085734040 24.952203751 0.020344246 0.999647439 0.017059570 -28.023576736 -0.086074613 -0.015248520 0.996171951 297.269165039
0.996087670 -0.021393850 0.085741438 25.236528397 0.019940415 0.999643207 0.017772228 -28.213769913 -0.086091056 -0.015992979 0.996158898 299.511352539
0.996079743 -0.020653605 0.086014159 25.514869690 0.019149698 0.999649644 0.018273076 -28.405319214 -0.086361431 -0.016554294 0.996126294 301.750823975
0.996063828 -0.021235336 0.086057268 25.799884796 0.019724939 0.999636769 0.018363629 -28.594352722 -0.086415961 -0.016593870 0.996121049 303.998657227
0.996020436 -0.020412050 0.086756274 26.083845139 0.018876689 0.999651015 0.018481189 -28.781648636 -0.087103225 -0.016769972 0.996058106 306.249023438
0.996017337 -0.021585897 0.086507335 26.372409821 0.020093134 0.999634445 0.018089751 -28.974088669 -0.086866200 -0.016279498 0.996086955 308.492126465
0.995959818 -0.022873558 0.086837135 26.660961151 0.021332335 0.999598682 0.018635264 -29.161575317 -0.087228552 -0.016707534 0.996048212 310.744293213
0.995930135 -0.022937430 0.087160937 26.953252792 0.021431997 0.999605179 0.018168701 -29.356580734 -0.087543271 -0.016226728 0.996028543 312.991302490
0.995959938 -0.022112770 0.087033607 27.246183395 0.020562604 0.999614298 0.018667659 -29.547838211 -0.087412834 -0.016802603 0.996030450 315.229766846
0.995902240 -0.020845743 0.088000827 27.528512955 0.019325100 0.999649465 0.018096672 -29.743061066 -0.088347204 -0.016321896 0.995956004 317.457641602
0.995890915 -0.019209240 0.088499926 27.810798645 0.017618423 0.999669611 0.018721649 -29.935991287 -0.088830285 -0.017085489 0.995900333 319.710083008
0.995852649 -0.017795939 0.089222655 28.096860886 0.016266258 0.999708474 0.017842457 -30.123027802 -0.089514159 -0.016317137 0.995851874 321.928039551
0.995799780 -0.017478451 0.089873783 28.381500244 0.015898695 0.999706805 0.018263500 -30.307991028 -0.090166628 -0.016757911 0.995785654 324.164093018
0.995832920 -0.017314084 0.089536905 28.682498932 0.015591187 0.999680281 0.019906096 -30.513154984 -0.089852937 -0.018427161 0.995784700 326.386657715
0.995801508 -0.018117443 0.089729294 28.961265564 0.016415451 0.999671757 0.019669930 -30.703559875 -0.090056233 -0.018114395 0.995771945 328.621734619
0.995811164 -0.019345503 0.089363530 29.260534286 0.017720696 0.999663532 0.018939825 -30.891258240 -0.089699864 -0.017276904 0.995818973 330.852996826
0.995795608 -0.019435026 0.089517511 29.545455933 0.017831041 0.999666452 0.018683130 -31.078884125 -0.089850761 -0.017008388 0.995809972 333.082550049
0.995767891 -0.019699126 0.089768827 29.834079742 0.017991591 0.999642253 0.019791180 -31.265161514 -0.090126581 -0.018092340 0.995765984 335.331481934
0.995786011 -0.020125400 0.089471437 30.133224487 0.018423928 0.999634087 0.019802351 -31.449615479 -0.089837253 -0.018070487 0.995792508 337.566833496
0.995767832 -0.019854529 0.089734219 30.413284302 0.018098390 0.999629200 0.020342018 -31.642635345 -0.090104826 -0.018631883 0.995757937 339.803985596
0.995808959 -0.020061683 0.089229710 30.709625244 0.018359868 0.999634326 0.019852396 -31.826671600 -0.089595355 -0.018130951 0.995813131 342.050781250
0.995799601 -0.020455036 0.089245498 30.999412537 0.018696982 0.999615192 0.020490864 -32.013835907 -0.089630298 -0.018736178 0.995798886 344.299194336
0.995857835 -0.020011336 0.088694528 31.290143967 0.018239548 0.999618471 0.020742020 -32.199493408 -0.089075767 -0.019038355 0.995842874 346.537872314
0.995883346 -0.019572876 0.088505782 31.577209473 0.017809281 0.999627650 0.020672308 -32.384323120 -0.088877447 -0.019010982 0.995861113 348.770141602
0.995847464 -0.018981529 0.089036398 31.861293793 0.017169282 0.999630570 0.021075927 -32.572753906 -0.089403555 -0.019459721 0.995805323 351.004272461
0.995891213 -0.019051602 0.088530913 32.152565002 0.017233208 0.999625444 0.021258872 -32.755287170 -0.088902764 -0.019645849 0.995846570 353.217620850
0.995907187 -0.018779561 0.088408411 32.439861298 0.016981667 0.999634445 0.021044703 -32.944293976 -0.088771261 -0.019457251 0.995862067 355.462799072
0.995939910 -0.018870406 0.088019967 32.731552124 0.017040722 0.999623716 0.021492520 -33.128902435 -0.088392422 -0.019905336 0.995886743 357.693664551
0.996007323 -0.018372789 0.087360620 33.027069092 0.016479759 0.999614596 0.022341274 -33.314529419 -0.087737426 -0.020812390 0.995926142 359.934722900
0.996033609 -0.018632812 0.087006554 33.320941925 0.016742758 0.999608815 0.022402648 -33.499992371 -0.087389939 -0.020857062 0.995955825 362.176818848
0.996102810 -0.018780226 0.086177170 33.617908478 0.016880287 0.999599278 0.022722946 -33.679702759 -0.086569399 -0.021179691 0.996020675 364.418884277
0.996183693 -0.018827198 0.085226163 33.910942078 0.017015623 0.999614656 0.021932893 -33.860153198 -0.085606255 -0.020399015 0.996120155 366.678894043
0.996215999 -0.019450966 0.084707677 34.189594269 0.017666191 0.999606967 0.021768700 -34.041633606 -0.085097820 -0.020189865 0.996168017 368.917877197
0.996187031 -0.019365611 0.085067883 34.461143494 0.017648390 0.999625981 0.020892413 -34.220573425 -0.085440665 -0.019311439 0.996156037 371.179229736
0.996235073 -0.020126937 0.084323458 34.750949860 0.018389728 0.999603391 0.021328140 -34.415180206 -0.084719270 -0.019697154 0.996210098 373.432525635
0.996314645 -0.020072440 0.083392188 35.041160583 0.018300112 0.999591291 0.021963287 -34.594100952 -0.083798960 -0.020356258 0.996274769 375.685455322
0.996290147 -0.020418195 0.083600305 35.313552856 0.018634852 0.999583006 0.022056863 -34.772701263 -0.084015816 -0.020417158 0.996255159 377.940490723
0.996300459 -0.020889807 0.083360486 35.594570160 0.019095337 0.999569714 0.022266254 -34.957798004 -0.083789751 -0.020592082 0.996270657 380.171386719
0.996293306 -0.020941829 0.083432809 35.877754211 0.019146778 0.999568939 0.022257365 -35.134986877 -0.083862960 -0.020577401 0.996264756 382.415710449
0.996300757 -0.020305159 0.083501585 36.172374725 0.018477835 0.999573767 0.022598706 -35.320579529 -0.083924867 -0.020972181 0.996251345 384.686340332
0.996345401 -0.019582763 0.083140723 36.466442108 0.017763557 0.999587476 0.022564821 -35.499645233 -0.083548330 -0.021005478 0.996282339 386.963195801
0.996360719 -0.018130966 0.083285376 36.755512238 0.016300803 0.999611557 0.022602316 -35.690238953 -0.083662823 -0.021162441 0.996269405 389.241119385
0.996346176 -0.016634703 0.083770379 37.030006409 0.014804306 0.999638915 0.022424158 -35.871551514 -0.084113143 -0.021102063 0.996232748 391.508178711
0.996378005 -0.015141543 0.083675258 37.318046570 0.013180567 0.999626517 0.023938533 -36.054473877 -0.084006473 -0.022748934 0.996205509 393.763732910
0.996338904 -0.013856648 0.084360443 37.595024109 0.011838021 0.999632537 0.024381997 -36.237678528 -0.084667303 -0.023294073 0.996136904 396.014495850
0.996277809 -0.013682579 0.085107975 37.875091553 0.011768214 0.999667168 0.022954559 -36.425594330 -0.085393734 -0.021867545 0.996107280 398.280242920
0.996229649 -0.013563645 0.085688747 38.158077240 0.011698733 0.999684393 0.022228621 -36.605674744 -0.085963242 -0.021142364 0.996073961 400.550201416
0.996062875 -0.014533347 0.087450258 38.423507690 0.012466912 0.999631107 0.024129778 -36.792739868 -0.087768689 -0.022944547 0.995876551 402.793792725
0.996088266 -0.015759047 0.086947046 38.742439270 0.013677849 0.999606669 0.024480490 -36.968009949 -0.087298632 -0.023195479 0.995912075 405.105316162
0.996091962 -0.016141208 0.086834289 39.028850555 0.014104571 0.999612093 0.024016988 -37.142127991 -0.087188259 -0.022698371 0.995933115 407.362213135
0.996002555 -0.015398043 0.087987885 39.305664062 0.013362299 0.999630213 0.023679022 -37.319763184 -0.088319972 -0.022408642 0.995840073 409.596679688
0.996020079 -0.014536615 0.087935746 39.607650757 0.012475899 0.999635518 0.023938728 -37.504882812 -0.088251695 -0.022746375 0.995838583 411.855834961
0.995963752 -0.013713589 0.088702597 39.887439728 0.011658490 0.999652386 0.023645191 -37.685878754 -0.088996030 -0.022515615 0.995777488 414.101440430
0.995892227 -0.012994000 0.089608386 40.179100037 0.010899779 0.999656856 0.023820663 -37.867290497 -0.089887142 -0.022746105 0.995692134 416.371215820
0.995835423 -0.013147069 0.090215996 40.473106384 0.011041807 0.999655843 0.023795351 -38.050277710 -0.090497799 -0.022700109 0.995637834 418.630859375
0.995736539 -0.013171649 0.091297366 40.755779266 0.011036226 0.999654531 0.023855286 -38.227348328 -0.091580033 -0.022746002 0.995537877 420.892761230
0.995673239 -0.013815916 0.091890581 41.039501190 0.011682978 0.999650657 0.023709293 -38.410682678 -0.092186056 -0.022533154 0.995486796 423.144897461
0.995597959 -0.014199464 0.092645101 41.327434540 0.011960603 0.999623895 0.024676662 -38.586151123 -0.092960656 -0.023459945 0.995393336 425.415985107
0.995541453 -0.013935214 0.093289234 41.625408173 0.011593081 0.999605000 0.025601199 -38.770668030 -0.093609162 -0.024405545 0.995309770 427.667541504
0.995474994 -0.013159514 0.094108403 41.926517487 0.010693177 0.999587178 0.026663862 -38.949008942 -0.094420448 -0.025536891 0.995204806 429.946868896
0.995405972 -0.012867719 0.094875574 42.221717834 0.010361014 0.999585330 0.026866470 -39.125392914 -0.095181942 -0.025760038 0.995126545 432.222076416
0.995358407 -0.013393414 0.095300950 42.526382446 0.010914928 0.999589860 0.026480872 -39.308422089 -0.095616542 -0.025317756 0.995096147 434.487823486
0.995325148 -0.012360806 0.095785730 42.821582794 0.009804421 0.999584258 0.027113415 -39.479228973 -0.096081041 -0.026047546 0.995032668 436.751770020
0.995281696 -0.012723835 0.096189901 43.125587463 0.010104621 0.999566078 0.027667863 -39.658569336 -0.096500188 -0.026565356 0.994978368 439.041198730
0.995335162 -0.013012061 0.095596738 43.451309204 0.010407467 0.999562204 0.027693897 -39.830329895 -0.095915250 -0.026569791 0.995034754 441.321441650
0.995306790 -0.012670457 0.095937662 43.782794952 0.009927448 0.999529779 0.029015103 -40.027149200 -0.096260212 -0.027926512 0.994964302 443.695220947
0.995266199 -0.013259018 0.096276775 44.090187073 0.010493844 0.999519348 0.029170848 -40.193912506 -0.096617259 -0.028022453 0.994926989 445.954437256
0.995253325 -0.013376777 0.096394643 44.399051666 0.010631859 0.999524772 0.028933426 -40.368808746 -0.096735902 -0.027771235 0.994922578 448.228240967
0.995233119 -0.012437195 0.096728466 44.711448669 0.009699420 0.999540389 0.028722584 -40.544372559 -0.097041234 -0.027647460 0.994896293 450.487396240
0.995208144 -0.012049975 0.097033672 45.021564484 0.009338154 0.999554336 0.028353006 -40.717216492 -0.097332098 -0.027311027 0.994877160 452.747711182
0.995118439 -0.011724729 0.097988792 45.320842743 0.008955979 0.999549448 0.028648026 -40.881645203 -0.098280527 -0.027630590 0.994775116 455.008666992
0.995049059 -0.012291264 0.098622210 45.615329742 0.009503897 0.999543369 0.028683258 -41.061660767 -0.098929718 -0.027603954 0.994711459 457.274322510
0.995072603 -0.011426741 0.098488487 45.932949066 0.008717434 0.999572814 0.027895441 -41.232158661 -0.098765180 -0.026899423 0.994747102 459.554687500
0.995028853 -0.010475229 0.099034853 46.233810425 0.007699770 0.999567926 0.028365877 -41.404640198 -0.099289209 -0.027462319 0.994679570 461.832183838
0.995028853 -0.010111216 0.099072680 46.542743683 0.007195345 0.999531627 0.029744867 -41.576030731 -0.099327028 -0.028884141 0.994635463 464.106201172
0.995045006 -0.009699159 0.098951079 46.847183228 0.006745996 0.999523044 0.030135747 -41.740356445 -0.099196173 -0.029318903 0.994635820 466.375885010
0.995080352 -0.009947550 0.098569788 47.159187317 0.007101940 0.999549031 0.029177912 -41.909263611 -0.098815575 -0.028334331 0.994702280 468.665496826
0.995163620 -0.010280110 0.097691722 47.487190247 0.007493153 0.999555588 0.028852258 -42.084945679 -0.097944923 -0.027980700 0.994798362 470.965942383
0.995244622 -0.010575025 0.096831545 47.804244995 0.007683646 0.999514818 0.030184230 -42.266441345 -0.097103775 -0.029296674 0.994842947 473.250579834
0.995204985 -0.010787021 0.097215727 48.100292206 0.007811385 0.999490798 0.030937361 -42.442039490 -0.097499952 -0.030029617 0.994782388 475.529357910
0.995253205 -0.009293360 0.096874565 48.402481079 0.006352354 0.999510825 0.030623237 -42.595909119 -0.097111769 -0.029862491 0.994825363 477.814544678
0.995258629 -0.009430443 0.096805014 48.707954407 0.006427774 0.999489844 0.031282824 -42.762722015 -0.097050644 -0.030512264 0.994811594 480.093658447
0.995270133 -0.010014851 0.096628532 49.018089294 0.006959986 0.999466777 0.031899944 -42.930053711 -0.096896484 -0.031076536 0.994809210 482.370697021
0.995280862 -0.010424055 0.096474439 49.319595337 0.007423441 0.999479055 0.031409517 -43.096420288 -0.096751586 -0.030545125 0.994839668 484.642272949
0.995346963 -0.010870202 0.095739886 49.631187439 0.007830111 0.999454916 0.032072283 -43.268280029 -0.096036330 -0.031173399 0.994889557 486.927093506
0.995364845 -0.010811812 0.095561363 49.921138763 0.007800997 0.999463141 0.031824220 -43.423648834 -0.095854148 -0.030931247 0.994914711 489.195892334
0.995373309 -0.010352740 0.095523611 50.228412628 0.007279467 0.999446332 0.032465488 -43.585861206 -0.095806830 -0.031619925 0.994897604 491.498413086
0.995455146 -0.009899355 0.094717085 50.541305542 0.006793917 0.999430656 0.033052944 -43.748836517 -0.094990350 -0.032259230 0.994955361 493.778625488
0.995429456 -0.009399236 0.095036320 50.836334229 0.006322810 0.999447823 0.032620508 -43.907630920 -0.095290452 -0.031870518 0.994939208 496.071624756
0.995442867 -0.009231962 0.094912127 51.157562256 0.006189280 0.999458969 0.032302443 -44.077903748 -0.095158972 -0.031567801 0.994961381 498.377624512
0.995461166 -0.008752027 0.094765075 51.461456299 0.005656709 0.999443352 0.032882564 -44.237342834 -0.095000096 -0.032197263 0.994956434 500.667785645
0.995467305 -0.008124085 0.094756022 51.767642975 0.005025859 0.999446332 0.032889798 -44.399497986 -0.094970763 -0.032264497 0.994957089 502.963836670
0.995509028 -0.007234453 0.094389513 52.077499390 0.004197923 0.999468446 0.032329191 -44.565868378 -0.094573237 -0.031787761 0.995010257 505.251708984
0.995526135 -0.007154687 0.094215475 52.383174896 0.004048134 0.999443114 0.033122785 -44.729724884 -0.094399996 -0.032593206 0.995000601 507.540802002
0.995590329 -0.007540874 0.093504198 52.701976776 0.004563383 0.999476910 0.032016408 -44.891487122 -0.093696728 -0.031448536 0.995103896 509.839324951
0.995644748 -0.008234619 0.092863984 53.021614075 0.005214222 0.999450922 0.032720819 -45.058166504 -0.093082443 -0.032094095 0.995141149 512.147766113
0.995608926 -0.007961166 0.093270995 53.317291260 0.004915872 0.999448717 0.032834325 -45.218513489 -0.093480997 -0.032231644 0.995099127 514.457824707
0.995634139 -0.007578970 0.093033224 53.626480103 0.004561285 0.999457836 0.032606527 -45.382705688 -0.093229882 -0.032039825 0.995129049 516.759460449
0.995626211 -0.006579472 0.093194172 53.920917511 0.003559079 0.999464095 0.032538883 -45.548969269 -0.093358308 -0.032064881 0.995116115 519.051330566
0.995566666 -0.004602954 0.093945660 54.211421967 0.001535598 0.999464273 0.032696534 -45.710742950 -0.094045825 -0.032407314 0.995040298 521.327087402
0.995467365 -0.001918388 0.095085584 54.515312195 -0.001185302 0.999468625 0.032573797 -45.869125366 -0.095097542 -0.032538854 0.994935989 523.648864746
0.995405316 -0.001317523 0.095742039 54.825721741 -0.001923550 0.999428391 0.033751953 -46.026916504 -0.095731795 -0.033781029 0.994833767 525.961059570
0.995360434 -0.001870674 0.096198104 55.134849548 -0.001391259 0.999426603 0.033830255 -46.191314697 -0.096206225 -0.033807136 0.994787157 528.265502930
0.995317698 -0.003491214 0.096594594 55.438095093 0.000103999 0.999385536 0.035049137 -46.345836639 -0.096657611 -0.034874987 0.994706452 530.569946289
0.995282769 -0.004915117 0.096891999 55.770984650 0.001544629 0.999391973 0.034830410 -46.504745483 -0.097004279 -0.034516439 0.994685233 532.880126953
0.995199561 -0.004706827 0.097753003 56.075267792 0.001386179 0.999420524 0.034009948 -46.657688141 -0.097856432 -0.033711184 0.994629443 535.204345703
0.995083869 -0.005268219 0.098895393 56.390411377 0.001922842 0.999423623 0.033892300 -46.817386627 -0.099016950 -0.033535521 0.994520485 537.515441895
0.994969666 -0.004622019 0.100071400 56.695701599 0.001272052 0.999437451 0.033513743 -46.984596252 -0.100170016 -0.033217855 0.994415641 539.816772461
0.994833648 -0.004134205 0.101434171 57.007354736 0.000743421 0.999440312 0.033443473 -47.153152466 -0.101515651 -0.033195283 0.994279981 542.133911133
0.994758785 -0.003785110 0.102179237 57.329555511 0.000460508 0.999470413 0.032540966 -47.315910339 -0.102248266 -0.032323357 0.994233608 544.457824707
0.994594097 -0.003780816 0.103771120 57.636734009 0.000316234 0.999442577 0.033382930 -47.480197906 -0.103839509 -0.033169642 0.994040787 546.780883789
0.994493008 -0.003966116 0.104727209 57.949405670 0.000391262 0.999417186 0.034133427 -47.644966125 -0.104801528 -0.033904471 0.993915141 549.069519043
0.994424045 -0.004378092 0.105364628 58.273338318 0.000744555 0.999404550 0.034500003 -47.809379578 -0.105452932 -0.034229185 0.993835032 551.370605469
0.994466722 -0.005307579 0.104917847 58.614433289 0.001816051 0.999442220 0.033346254 -47.966327667 -0.105036281 -0.032971203 0.993921757 553.681823730
0.994474351 -0.005960854 0.104810633 58.953487396 0.002396732 0.999415576 0.034098454 -48.133007050 -0.104952641 -0.033658832 0.993907452 555.997863770
0.994409382 -0.005477757 0.105451502 59.278785706 0.001842198 0.999401510 0.034542710 -48.293327332 -0.105577596 -0.034155328 0.993824422 558.305664062
0.994383812 -0.004832209 0.105723850 59.612529755 0.001090088 0.999371767 0.035424426 -48.451942444 -0.105828620 -0.035110231 0.993764281 560.637084961
0.994405150 -0.005675893 0.105480880 59.955360413 0.001857213 0.999340475 0.036265612 -48.616931915 -0.105617166 -0.035866808 0.993759811 562.962158203
0.994350016 -0.004922344 0.106037013 60.288711548 0.000978175 0.999306738 0.037216082 -48.771202087 -0.106146686 -0.036902092 0.993665457 565.275695801
0.994305134 -0.004093374 0.106491953 60.630393982 0.000195625 0.999330461 0.036586065 -48.930847168 -0.106570423 -0.036356885 0.993640184 567.597595215
0.994313121 -0.003079260 0.106451072 60.979309082 -0.000660919 0.999384224 0.035082072 -49.082256317 -0.106493533 -0.034952927 0.993698776 569.932067871
0.994270265 -0.002675025 0.106861800 61.326988220 -0.001062044 0.999390364 0.034898832 -49.238235474 -0.106890000 -0.034812368 0.993661165 572.255920410
0.994228959 -0.002938454 0.107238613 61.658752441 -0.001045734 0.999311864 0.037077412 -49.423187256 -0.107273772 -0.036975581 0.993541718 574.632446289
0.994255781 -0.002923483 0.106990434 62.010864258 -0.001230644 0.999248624 0.038740478 -49.588932037 -0.107023291 -0.038649607 0.993505061 576.941528320
0.994086444 -0.002685917 0.108558290 62.326099396 -0.001347304 0.999311984 0.037062146 -49.743324280 -0.108583182 -0.036989242 0.993398964 579.315063477
0.994216204 -0.003640728 0.107335575 62.683250427 -0.000308511 0.999324262 0.036753841 -49.892322540 -0.107396856 -0.036574386 0.993543327 581.660644531
0.994057536 -0.003948663 0.108784087 63.015693665 -0.000246905 0.999257624 0.038527403 -50.061199188 -0.108855456 -0.038325317 0.993318498 583.982421875
0.994130671 -0.003796920 0.108119234 63.365955353 -0.000385030 0.999253452 0.038631931 -50.212471008 -0.108185187 -0.038446821 0.993387043 586.300354004
0.994071305 -0.006289012 0.108548231 63.722511292 0.002268296 0.999307990 0.037124626 -50.372543335 -0.108706601 -0.036658302 0.993397713 588.680969238
0.994101405 -0.006230561 0.108275361 64.070907593 0.002240696 0.999315143 0.036931910 -50.520023346 -0.108431332 -0.036471453 0.993434668 591.023986816
0.994105756 -0.007895443 0.108126685 64.418464661 0.003867935 0.999292612 0.037407242 -50.677062988 -0.108345546 -0.036768530 0.993433118 593.362365723
0.994162738 -0.008250768 0.107574239 64.775711060 0.004210544 0.999279022 0.037730716 -50.834373474 -0.107807994 -0.037057534 0.993480802 595.721984863
