1.000000000 0.000000000 0.000000000 0.000000000 0.000000000 1.000000000 0.000000000 0.000000000 0.000000000 0.000000000 1.000000000 0.000000000
0.999999881 0.000138352 0.000428950 0.086281858 -0.000138282 1.000000000 -0.000163594 -0.225534558 -0.000428972 0.000163535 0.999999881 2.287930727
0.999999225 0.000451823 0.001156770 0.165645555 -0.000452152 0.999999881 0.000284039 -0.462047040 -0.001156641 -0.000284562 0.999999285 4.585013390
0.999998569 0.000116846 0.001670944 0.263118863 -0.000117902 0.999999821 0.000632032 -0.695641339 -0.001670870 -0.000632228 0.999998331 6.876387119
0.999996424 0.000258091 0.002666437 0.355187833 -0.000255529 0.999999523 -0.000961170 -0.928486526 -0.002666684 0.000960485 0.999995947 9.172245979
0.999987423 0.001947128 0.004642035 0.447697520 -0.001948508 0.999998033 0.000292878 -1.162814140 -0.004641457 -0.000301920 0.999989212 11.475376129
0.999966323 0.004074862 0.007121615 0.543461382 -0.004085396 0.999990523 0.001465190 -1.391965270 -0.007115577 -0.001494235 0.999973536 13.783101082
0.999948978 0.003835576 0.009346160 0.653111696 -0.003874283 0.999983966 0.004126838 -1.621560693 -0.009330182 -0.004162837 0.999947846 16.059669495
0.999941289 0.003854224 0.010123149 0.763437271 -0.003903354 0.999980688 0.004837883 -1.845833182 -0.010104308 -0.004877115 0.999937057 18.394144058
0.999926448 0.002858497 0.011791334 0.869034767 -0.002916071 0.999983847 0.004868432 -2.071641445 -0.011777228 -0.004902457 0.999918640 20.683336258
0.999928355 0.000497420 0.011955332 0.995877028 -0.000529501 0.999996245 0.002680386 -2.299156427 -0.011953954 -0.002686525 0.999924958 22.998790741
0.999915779 -0.001744255 0.012861778 1.102114439 0.001734319 0.999998152 0.000783634 -2.521407127 -0.012863122 -0.000761262 0.999916911 25.281137466
0.999917507 -0.002390952 0.012618262 1.238892078 0.002391744 0.999997079 -0.000047622 -2.765354156 -0.012618112 0.000077798 0.999920368 27.588373184
0.999907613 -0.002088308 0.013426188 1.347597003 0.002102520 0.999997258 -0.001044550 -2.991701365 -0.013423970 0.001072683 0.999909282 29.875532150
0.999902546 0.000215298 0.013959865 1.469985843 -0.000239834 0.999998450 0.001755945 -3.225797892 -0.013959465 -0.001759122 0.999900997 32.165802002
0.999900699 0.002174973 0.013928202 1.600277781 -0.002232708 0.999988973 0.004130949 -3.448467493 -0.013919063 -0.004161636 0.999894440 34.447784424
0.999863207 0.004484481 0.015921079 1.709083676 -0.004620599 0.999952972 0.008523070 -3.685448885 -0.015882112 -0.008595468 0.999836922 36.752193451
0.999838948 0.006312826 0.016796954 1.823311925 -0.006448798 0.999946833 0.008053279 -3.902601957 -0.016745223 -0.008160302 0.999826431 39.025077820
0.999817133 0.005590394 0.018288665 1.932217479 -0.005712988 0.999961495 0.006657966 -4.109898567 -0.018250737 -0.006761232 0.999810517 41.321750641
0.999819338 0.003190242 0.018738424 2.053203344 -0.003294121 0.999979258 0.005515364 -4.332221031 -0.018720441 -0.005576094 0.999809265 43.598041534
0.999824941 0.003182375 0.018445857 2.194258451 -0.003262903 0.999985278 0.004337128 -4.553164482 -0.018431785 -0.004396555 0.999820471 45.845916748
0.999829054 0.002241901 0.018358462 2.322584152 -0.002307796 0.999990880 0.003568913 -4.783324242 -0.018350296 -0.003610669 0.999825239 48.126869202
0.999832988 0.000730391 0.018259205 2.459407806 -0.000805517 0.999991179 0.004107406 -5.013187885 -0.018256040 -0.004121428 0.999824762 50.408512115
0.999816537 -0.000364111 0.019150041 2.589743614 0.000283391 0.999991000 0.004217644 -5.233808994 -0.019151406 -0.004211443 0.999807715 52.677097321
0.999813914 -0.001508177 0.019233644 2.728165627 0.001436179 0.999991894 0.003756616 -5.457918167 -0.019239159 -0.003728295 0.999808013 54.964817047
0.999786913 -0.002039360 0.020542139 2.853058338 0.001945569 0.999987602 0.004584711 -5.691030979 -0.020551234 -0.004543769 0.999778450 57.259601593
0.999771655 -0.003376146 0.021105113 2.991339684 0.003264746 0.999980688 0.005310485 -5.916660309 -0.021122629 -0.005240368 0.999763131 59.530525208
0.999736190 -0.004958000 0.022428092 3.119379997 0.004858775 0.999978185 0.004476446 -6.136095524 -0.022449791 -0.004366292 0.999738455 61.795288086
0.999722719 -0.005676208 0.022849511 3.267494440 0.005580719 0.999975562 0.004240585 -6.358860970 -0.022873022 -0.004111894 0.999729931 64.048355103
0.999696374 -0.005103732 0.024103936 3.404297352 0.004987249 0.999975622 0.004890207 -6.581343651 -0.024128299 -0.004768510 0.999697506 66.319061279
0.999679923 -0.004107669 0.024964539 3.550519228 0.003975160 0.999977708 0.005355195 -6.808526993 -0.024985980 -0.005254242 0.999674022 68.581024170
0.999644816 -0.004286805 0.026299203 3.685230732 0.004160063 0.999979496 0.004872077 -7.030047894 -0.026319548 -0.004760941 0.999642253 70.835899353
0.999631584 -0.005007753 0.026676061 3.841121197 0.004913715 0.999981463 0.003589585 -7.253483772 -0.026693540 -0.003457184 0.999637783 73.092506409
0.999619246 -0.005937077 0.026946161 3.998039484 0.005829329 0.999974728 0.004075446 -7.480850697 -0.026969668 -0.003916816 0.999628723 75.376243591
0.999578953 -0.007085210 0.028135374 4.154481888 0.006984181 0.999968886 0.003687437 -7.712380886 -0.028160620 -0.003489382 0.999597371 77.641380310
0.999574423 -0.007917947 0.028076770 4.307771683 0.007831207 0.999964356 0.003198033 -7.938593864 -0.028101090 -0.002976797 0.999600649 79.903396606
0.999545991 -0.008371391 0.028942332 4.452560425 0.008288451 0.999961197 0.002984537 -8.157219887 -0.028966192 -0.002743295 0.999576688 82.158126831
0.999528170 -0.007610702 0.029757820 4.620412827 0.007531276 0.999967754 0.002780300 -8.384097099 -0.029778026 -0.002554873 0.999553263 84.441192627
0.999474108 -0.007407998 0.031573758 4.768564224 0.007310627 0.999968112 0.003198196 -8.601931572 -0.031596445 -0.002965690 0.999496281 86.698997498
0.999481499 -0.007201636 0.031382855 4.942378998 0.007057672 0.999964058 0.004695712 -8.837097168 -0.031415544 -0.004471787 0.999496400 88.981880188
0.999458373 -0.006178561 0.032323670 5.100228310 0.006008462 0.999967515 0.005356875 -9.063697815 -0.032355711 -0.005159757 0.999463081 91.237533569
0.999428213 -0.006131403 0.033249211 5.262173653 0.005959904 0.999968410 0.005254629 -9.284301758 -0.033280373 -0.005053461 0.999433398 93.491012573
0.999408364 -0.006260543 0.033816777 5.426277161 0.006114020 0.999971390 0.004434508 -9.498593330 -0.033843581 -0.004225127 0.999418199 95.748245239
0.999378502 -0.006611096 0.034625396 5.588909149 0.006443241 0.999966979 0.004957058 -9.721310616 -0.034657024 -0.004730877 0.999388039 98.004302979
0.999342859 -0.006318324 0.035690174 5.745865822 0.006166768 0.999971509 0.004354905 -9.949678421 -0.035716668 -0.004131950 0.999353409 100.246139526
0.999267220 -0.006197789 0.037768766 5.893534184 0.005994915 0.999967039 0.005482349 -10.166717529 -0.037801500 -0.005251911 0.999271512 102.468284607
0.999281585 -0.006700115 0.037302267 6.096755981 0.006510891 0.999965310 0.005191843 -10.390230179 -0.037335761 -0.004945241 0.999290526 104.758598328
0.999243140 -0.007355013 0.038196605 6.267123222 0.007129443 0.999956369 0.006038391 -10.608032227 -0.038239338 -0.005761500 0.999252021 106.997619629
0.999208331 -0.008776502 0.038802598 6.443027973 0.008546690 0.999944925 0.006084517 -10.824360847 -0.038853873 -0.005748065 0.999228299 109.255012512
0.999170780 -0.009868222 0.039502017 6.621037483 0.009603186 0.999930143 0.006893530 -11.047558784 -0.039567284 -0.006508468 0.999195695 111.518180847
0.999144793 -0.010590178 0.039969109 6.805196762 0.010384360 0.999931693 0.005353543 -11.266420364 -0.040023081 -0.004933911 0.999186516 113.784980774
0.999098957 -0.010931450 0.041009124 6.980745316 0.010748527 0.999931276 0.004678390 -11.489476204 -0.041057449 -0.004233387 0.999147832 116.037124634
0.999063492 -0.011122426 0.041813862 7.160580635 0.010916712 0.999927104 0.005144916 -11.716548920 -0.041868042 -0.004683629 0.999112189 118.287818909
0.999011219 -0.011152213 0.043039482 7.344082832 0.010903049 0.999922454 0.006019641 -11.939588547 -0.043103270 -0.005544425 0.999055266 120.559738159
0.999009132 -0.012096864 0.042829212 7.550711632 0.011821752 0.999907851 0.006670965 -12.167914391 -0.042905964 -0.006158039 0.999060154 122.768310547
0.998939991 -0.013165802 0.044107378 7.740725040 0.012905985 0.999897659 0.006170185 -12.392347336 -0.044184092 -0.005594396 0.999007881 125.083534241
0.998907328 -0.014022026 0.044581693 7.926273346 0.013795610 0.999890327 0.005382323 -12.614063263 -0.044652276 -0.004761410 0.998991251 127.336479187
0.998886824 -0.015560302 0.044529006 8.112431526 0.015314954 0.999865651 0.005845738 -12.832760811 -0.044613980 -0.005157271 0.998991013 129.596435547
0.998908162 -0.016702021 0.043629326 8.299129486 0.016458480 0.999846876 0.005935427 -13.046813965 -0.043721773 -0.005210873 0.999030173 131.843460083
0.998953104 -0.016994525 0.042472657 8.489459991 0.016697345 0.999833584 0.007341997 -13.267152786 -0.042590361 -0.006625130 0.999070585 134.081817627
0.999005497 -0.017725820 0.040910427 8.677517891 0.017436074 0.999820411 0.007428390 -13.495699883 -0.041034751 -0.006707686 0.999135137 136.332199097
0.999083340 -0.018483540 0.038610365 8.887416840 0.018228479 0.999809742 0.006947584 -13.707121849 -0.038731437 -0.006237408 0.999230146 138.557235718
0.999052167 -0.019068599 0.039127834 9.042401314 0.018804774 0.999797881 0.007099567 -13.931866646 -0.039255314 -0.006357046 0.999208987 140.849456787
0.999041915 -0.019320536 0.039267682 9.206786156 0.019057579 0.999793470 0.007059823 -14.136164665 -0.039395962 -0.006304712 0.999203801 143.081512451
0.999087095 -0.019521721 0.037998654 9.399448395 0.019210506 0.999779105 0.008538100 -14.366693497 -0.038156927 -0.007800333 0.999241292 145.322265625
0.999103844 -0.018582832 0.038028795 9.572420120 0.018313961 0.999804854 0.007406420 -14.579486847 -0.038159009 -0.006703325 0.999249220 147.571670532
0.999124944 -0.017407125 0.038029797 9.751673698 0.017195715 0.999834836 0.005879199 -14.795136452 -0.038125854 -0.005220105 0.999259293 149.813598633
0.999137759 -0.015902668 0.038350739 9.927059174 0.015718333 0.999863386 0.005103344 -15.015560150 -0.038426660 -0.004496133 0.999251246 152.064315796
0.999145925 -0.015099059 0.038463213 10.112155914 0.014914368 0.999875844 0.005084166 -15.232009888 -0.038535204 -0.004506168 0.999247074 154.309585571
0.999134958 -0.014374843 0.039022129 10.287134171 0.014159798 0.999883056 0.005781552 -15.454055786 -0.039100673 -0.005224006 0.999221623 156.570297241
0.999129951 -0.013696777 0.039392252 10.477684021 0.013435492 0.999885976 0.006889998 -15.674121857 -0.039482132 -0.006354749 0.999200046 158.789443970
0.999081075 -0.013063989 0.040820133 10.643545151 0.012733203 0.999884069 0.008352981 -15.905125618 -0.040924527 -0.007825535 0.999131560 161.087509155
0.999050975 -0.011996237 0.041871201 10.821887970 0.011545322 0.999872983 0.010994392 -16.127908707 -0.041997772 -0.010500539 0.999062538 163.325042725
0.999030948 -0.011319955 0.042535473 11.014396667 0.010930535 0.999896288 0.009376654 -16.328144073 -0.042637214 -0.008902633 0.999050915 165.602752686
0.998993754 -0.010512724 0.043598492 11.206695557 0.010163512 0.999914527 0.008223684 -16.540843964 -0.043681223 -0.007772296 0.999015272 167.852020264
0.998918355 -0.008617281 0.045691650 11.388905525 0.008235298 0.999929607 0.008541690 -16.754161835 -0.045762032 -0.008156167 0.998919010 170.084075928
0.998816669 -0.008318268 0.047917001 11.591607094 0.007907902 0.999930501 0.008747354 -16.976211548 -0.047986437 -0.008358079 0.998812973 172.375747681
0.998689830 -0.008542995 0.050454531 11.787357330 0.008120826 0.999930322 0.008566411 -17.188297272 -0.050524205 -0.008145453 0.998689592 174.648727417
0.998615742 -0.008614133 0.051888209 11.995569229 0.008155064 0.999925792 0.009052505 -17.403499603 -0.051962335 -0.008616820 0.998611867 176.917053223
0.998570979 -0.009097430 0.052661948 12.196750641 0.008589593 0.999914467 0.009861629 -17.611000061 -0.052747160 -0.009395191 0.998563707 179.135772705
0.998552203 -0.010688016 0.052719098 12.404613495 0.010179192 0.999899089 0.009910676 -17.832710266 -0.052819692 -0.009359689 0.998560190 181.402633667
0.998510659 -0.011573416 0.053316548 12.600808144 0.011072963 0.999891937 0.009672327 -18.040626526 -0.053422727 -0.009067550 0.998530746 183.648788452
0.998572767 -0.013068792 0.051783536 12.824157715 0.012586484 0.999874353 0.009629135 -18.262414932 -0.051902872 -0.008963619 0.998611927 185.893600464
0.998575807 -0.014861430 0.051238414 13.030929565 0.014345247 0.999842703 0.010427241 -18.474822998 -0.051385313 -0.009677363 0.998632133 188.141204834
0.998591185 -0.015762625 0.050667107 13.238387108 0.015280767 0.999834299 0.009883663 -18.680286407 -0.050814521 -0.009095507 0.998666644 190.387344360
0.998547912 -0.017050803 0.051100891 13.430681229 0.016547902 0.999810576 0.010248277 -18.904829025 -0.051265959 -0.009387786 0.998640895 192.616912842
0.998512268 -0.018102344 0.051435009 13.619602203 0.017619854 0.999796569 0.009818687 -19.108633041 -0.051602293 -0.008897802 0.998628080 194.854919434
0.998546779 -0.017594941 0.050939102 13.851136208 0.017101491 0.999802768 0.010106760 -19.339282990 -0.051106878 -0.009220936 0.998650730 197.149581909
0.998562336 -0.015710553 0.051248681 14.054576874 0.015215897 0.999833941 0.010028026 -19.545047760 -0.051397726 -0.009233813 0.998635590 199.392410278
0.998567939 -0.013867380 0.051670175 14.252059937 0.013375320 0.999861896 0.009856764 -19.759124756 -0.051799729 -0.009151543 0.998615563 201.628570557
0.998542488 -0.013362372 0.052291181 14.460616112 0.012904109 0.999875367 0.009091567 -19.968133926 -0.052406158 -0.008403544 0.998590469 203.899276733
0.998497486 -0.013609648 0.053079419 14.656041145 0.013097473 0.999864340 0.009985145 -20.174833298 -0.053208109 -0.009274935 0.998540401 206.119461060
0.998481035 -0.015081654 0.052992664 14.888986588 0.014567820 0.999843180 0.010069267 -20.394250870 -0.053136211 -0.009281985 0.998544097 208.389648438
0.998423636 -0.014702329 0.054168027 15.094425201 0.014167667 0.999847174 0.010241300 -20.593515396 -0.054310318 -0.009457720 0.998479307 210.633804321
0.998354077 -0.015081213 0.055332720 15.322902679 0.014443408 0.999824703 0.011908625 -20.825004578 -0.055502627 -0.011089830 0.998396873 212.883010864
0.998292029 -0.013635552 0.056807172 15.555878639 0.012949337 0.999838948 0.012430372 -21.033655167 -0.056967512 -0.011673527 0.998307765 215.114288330
0.998108447 -0.012340752 0.060225554 15.759679794 0.011614307 0.999855697 0.012397262 -21.239654541 -0.060369860 -0.011674334 0.998107791 217.377426147
0.997976005 -0.012367514 0.062377054 15.986145973 0.011582802 0.999849319 0.012926109 -21.444841385 -0.062527522 -0.012177448 0.997968912 219.625152588
0.997852147 -0.013854201 0.064024284 16.219444275 0.013025913 0.999826193 0.013336460 -21.643672943 -0.064197928 -0.012473841 0.997859240 221.857543945
0.997738838 -0.015050757 0.065503694 16.451534271 0.014145026 0.999798119 0.014269072 -21.842590332 -0.065705247 -0.013310255 0.997750282 224.100814819
0.997663975 -0.017229635 0.066104181 16.697633743 0.016347321 0.999770224 0.013865132 -22.053466797 -0.066327892 -0.012752117 0.997716308 226.335021973
0.997633338 -0.018556384 0.066206187 16.941848755 0.017708426 0.999753773 0.013371874 -22.249904633 -0.066438012 -0.012167820 0.997716308 228.592742920
0.997579694 -0.018887019 0.066917159 17.178447723 0.018019348 0.999745846 0.013546373 -22.449472427 -0.067155994 -0.012307785 0.997666597 230.833892822
0.997516215 -0.020358089 0.067431927 17.417909622 0.019540681 0.999727607 0.012759573 -22.651678085 -0.067673326 -0.011410214 0.997642338 233.074066162
0.997501493 -0.020873571 0.067493379 17.681104660 0.019974919 0.999702930 0.013962339 -22.858558655 -0.067764789 -0.012579275 0.997622013 235.363739014
0.997468233 -0.020725431 0.068026558 17.926023483 0.019808000 0.999703884 0.014133364 -23.057144165 -0.068299338 -0.012750111 0.997583389 237.610168457
0.997423887 -0.020557337 0.068723775 18.163299561 0.019642226 0.999709547 0.013965189 -23.252609253 -0.068990886 -0.012579325 0.997537971 239.832565308
0.997383356 -0.020684833 0.069271550 18.406316757 0.019745318 0.999703825 0.014220183 -23.452693939 -0.069545195 -0.012815184 0.997496486 242.059036255
0.997348666 -0.021038095 0.069663368 18.654258728 0.020094089 0.999696910 0.014224181 -23.646354675 -0.069941498 -0.012786646 0.997469127 244.299850464
0.997295439 -0.021057999 0.070415348 18.895637512 0.020152345 0.999705136 0.013547426 -23.848812103 -0.070679881 -0.012091754 0.997425735 246.531616211
0.997312427 -0.020745583 0.070267662 19.155584335 0.019894810 0.999720275 0.012785990 -24.053073883 -0.070513248 -0.011353661 0.997446239 248.775543213
0.997282922 -0.021115605 0.070574701 19.406114578 0.020222699 0.999706566 0.013342582 -24.255800247 -0.070835732 -0.011879122 0.997417271 251.013916016
0.997252524 -0.022426978 0.070600562 19.662128448 0.021542363 0.999679923 0.013266509 -24.457201004 -0.070875488 -0.011709158 0.997416437 253.245300293
0.997241974 -0.022525333 0.070719451 19.919956207 0.021583453 0.999668241 0.014054679 -24.659538269 -0.071012594 -0.012489545 0.997397184 255.499343872
0.997220337 -0.023145465 0.070823617 20.163150787 0.022196103 0.999653399 0.014162446 -24.858650208 -0.071126863 -0.012551071 0.997388363 257.719268799
0.997191310 -0.023578359 0.071087748 20.430755615 0.022584997 0.999636173 0.014745366 -25.067146301 -0.071409561 -0.013098435 0.997361064 260.004638672
0.997155368 -0.023380661 0.071655221 20.685636520 0.022425575 0.999648929 0.014104618 -25.262136459 -0.071959846 -0.012457585 0.997329712 262.247772217
0.997121036 -0.023268957 0.072167367 20.945074081 0.022345034 0.999658048 0.013583617 -25.459608078 -0.072458759 -0.011931931 0.997300029 264.510589600
0.997088492 -0.022479124 0.072864190 21.203805923 0.021572338 0.999679983 0.013208131 -25.665939331 -0.073137775 -0.011597822 0.997254550 266.753723145
0.997019589 -0.021859733 0.073987618 21.462112427 0.020940188 0.999693751 0.013181381 -25.862190247 -0.074253112 -0.011592779 0.997172117 268.998199463
0.996918797 -0.021299778 0.075493172 21.721433640 0.020356448 0.999705195 0.013243154 -26.083189011 -0.075752966 -0.011665577 0.997058392 271.263488770
0.996833801 -0.021890923 0.076441087 21.994913101 0.020925967 0.999691248 0.013401859 -26.285415649 -0.076710857 -0.011759825 0.996984005 273.513458252
0.996622443 -0.022623373 0.078941837 22.239702225 0.021579554 0.999668360 0.014050918 -26.480482101 -0.079233527 -0.012299930 0.996780217 275.757354736
0.996482253 -0.022682125 0.080676988 22.505327225 0.021502128 0.999649286 0.015465096 -26.671489716 -0.080999486 -0.013675965 0.996620357 277.992889404
0.996450484 -0.022124065 0.081223242 22.801530838 0.020847410 0.999645948 0.016532471 -26.876363754 -0.081560247 -0.014780491 0.996558785 280.256652832
0.996362448 -0.021963470 0.082337938 23.084810257 0.020576667 0.999632418 0.017653778 -27.076061249 -0.082695417 -0.015895324 0.996448100 282.493927002
0.996308506 -0.020830281 0.083279327 23.364488602 0.019414490 0.999653637 0.017774409 -27.267309189 -0.083620712 -0.016091971 0.996367693 284.757507324
0.996197999 -0.019886633 0.084817618 23.634599686 0.018466685 0.999676406 0.017493088 -27.457725525 -0.085138045 -0.015860280 0.996242881 286.985565186
0.996157706 -0.018964415 0.085499369 23.910383224 0.017677203 0.999719083 0.015787378 -27.637786865 -0.085774742 -0.014215329 0.996213078 289.233947754
0.996084511 -0.019879613 0.086141750 24.184368134 0.018539356 0.999694765 0.016330939 -27.839752197 -0.086440116 -0.014669982 0.996149004 291.460815430
0.995999217 -0.019474873 0.087213971 24.447795868 0.018234244 0.999721169 0.014999358 -28.028579712 -0.087481767 -0.013349069 0.996076703 293.735992432
0.996031463 -0.019972006 0.086733252 24.736763000 0.018796803 0.999720395 0.014345300 -28.224578857 -0.086995512 -0.012658063 0.996128261 295.964202881
0.996031702 -0.019992884 0.086724319 25.022649765 0.018835582 0.999722660 0.014142499 -28.421693802 -0.086983018 -0.012452877 0.996131897 298.202575684
0.996026218 -0.019274380 0.086949654 25.305057526 0.018106364 0.999735117 0.014202059 -28.615203857 -0.087200373 -0.012571282 0.996111453 300.442535400
0.995978117 -0.019227449 0.087509565 25.572505951 0.017973145 0.999724448 0.015098820 -28.819381714 -0.087775767 -0.013465269 0.996049225 302.686218262
0.995981157 -0.019538552 0.087407380 25.860687256 0.018258465 0.999714315 0.015420740 -29.016899109 -0.087683722 -0.013762835 0.996053278 304.929931641
0.995953977 -0.018893789 0.087856106 26.149486542 0.017597361 0.999724865 0.015507534 -29.212015152 -0.088124931 -0.013898757 0.996012449 307.173980713
0.995958865 -0.019640975 0.087635420 26.439661026 0.018338289 0.999709368 0.015645327 -29.418228149 -0.087917238 -0.013975020 0.996029735 309.426574707
0.995911658 -0.020862406 0.087890722 26.726264954 0.019511160 0.999678254 0.016205370 -29.615098953 -0.088200547 -0.014424266 0.995998323 311.694061279
0.995868444 -0.020503815 0.088462614 27.011625290 0.019202022 0.999694824 0.015541794 -29.813282013 -0.088754281 -0.013778919 0.995958269 313.934234619
0.995895028 -0.020103827 0.088254809 27.307699203 0.018749263 0.999693751 0.016150670 -30.011678696 -0.088552460 -0.014429657 0.995966971 316.185852051
0.995846093 -0.018324552 0.089188933 27.593488693 0.017021287 0.999737263 0.015351134 -30.209877014 -0.089446798 -0.013769258 0.995896399 318.432708740
0.995841205 -0.016941074 0.089516006 27.875793457 0.015571576 0.999751151 0.015975235 -30.406623840 -0.089764372 -0.014514895 0.995857239 320.672790527
0.995772660 -0.015452580 0.090542845 28.156007767 0.014086493 0.999777377 0.015707420 -30.604047775 -0.090765439 -0.014365591 0.995768666 322.902862549
0.995724499 -0.014435086 0.091238029 28.437698364 0.013003092 0.999783039 0.016270187 -30.796722412 -0.091453105 -0.015014247 0.995696187 325.141998291
0.995731056 -0.014121846 0.091215476 28.737213135 0.012555795 0.999764085 0.017719802 -31.001684189 -0.091444202 -0.016498871 0.995673537 327.367858887
0.995706081 -0.014747561 0.091388695 29.024477005 0.013192111 0.999758005 0.017600941 -31.200679779 -0.091626160 -0.016319752 0.995659709 329.612121582
0.995715022 -0.016189463 0.091046199 29.327203751 0.014719075 0.999750555 0.016798265 -31.391864777 -0.091295436 -0.015386169 0.995705009 331.847656250
0.995712936 -0.016226392 0.091062933 29.617645264 0.014775952 0.999753356 0.016579565 -31.587467194 -0.091309503 -0.015162945 0.995707095 334.067199707
0.995685101 -0.016415298 0.091333166 29.907239914 0.014827309 0.999727368 0.018038224 -31.781511307 -0.091604367 -0.016606165 0.995657027 336.295532227
0.995736063 -0.016924744 0.090682417 30.213987350 0.015357205 0.999720812 0.017956091 -31.970785141 -0.090961002 -0.016486900 0.995717943 338.531890869
0.995737731 -0.016737927 0.090698689 30.501178741 0.015146625 0.999719560 0.018204914 -32.166973114 -0.090977982 -0.016753536 0.995711982 340.776763916
0.995799124 -0.016759479 0.090017408 30.803564072 0.015200047 0.999722779 0.017981395 -32.362579346 -0.090293787 -0.016537592 0.995777845 343.021850586
0.995810270 -0.016746763 0.089897074 31.093519211 0.015144908 0.999714613 0.018471491 -32.553283691 -0.090180755 -0.017032616 0.995779872 345.264404297
0.995841682 -0.016568197 0.089580394 31.382839203 0.014962872 0.999715865 0.018562490 -32.741168976 -0.089862458 -0.017144926 0.995806694 347.500122070
0.995897293 -0.016634401 0.088948414 31.674659729 0.015041471 0.999714732 0.018548906 -32.931270599 -0.089231610 -0.017134894 0.995863438 349.744842529
0.995901287 -0.016247831 0.088975549 31.959487915 0.014611511 0.999712467 0.019011257 -33.125308990 -0.089258857 -0.017633269 0.995852351 351.986328125
0.995936751 -0.016647993 0.088503212 32.245353699 0.014997669 0.999701560 0.019279530 -33.309818268 -0.088797778 -0.017873850 0.995889425 354.212829590
0.995956600 -0.016267326 0.088349834 32.527263641 0.014669986 0.999717534 0.018699065 -33.499065399 -0.088629059 -0.017327366 0.995913982 356.449035645
0.996012747 -0.016410062 0.087689094 32.816379547 0.014786512 0.999707580 0.019132515 -33.686805725 -0.087977402 -0.017759612 0.995964170 358.682495117
0.996075690 -0.016018026 0.087045163 33.109447479 0.014323842 0.999696314 0.020053154 -33.878719330 -0.087339960 -0.018727638 0.996002436 360.929168701
0.996114612 -0.016076513 0.086586505 33.399906158 0.014398823 0.999696970 0.019965716 -34.068611145 -0.086881228 -0.018641397 0.996044278 363.178680420
0.996170223 -0.016097151 0.085940264 33.692180634 0.014391624 0.999687731 0.020428315 -34.256317139 -0.086242251 -0.019113259 0.996090829 365.423126221
0.996222079 -0.015987260 0.085359134 33.979244232 0.014337966 0.999699295 0.019900087 -34.446903229 -0.085651614 -0.018601030 0.996151507 367.687744141
0.996231973 -0.016651222 0.085114419 34.259422302 0.015012966 0.999690235 0.019851696 -34.636817932 -0.085418619 -0.018499073 0.996173382 369.941436768
0.996231377 -0.016750589 0.085102275 34.537616730 0.015198364 0.999706745 0.018854819 -34.819744110 -0.085393161 -0.017490346 0.996193767 372.206787109
0.996300757 -0.016652085 0.084306024 34.825725555 0.015120455 0.999709547 0.018773539 -35.011547089 -0.084594168 -0.017429354 0.996262968 374.452178955
0.996385932 -0.016600255 0.083303936 35.115642548 0.015015967 0.999695003 0.019608852 -35.200954437 -0.083604045 -0.018287094 0.996331275 376.700012207
0.996285796 -0.016029699 0.084602751 35.378299713 0.014390946 0.999697506 0.019944398 -35.390285492 -0.084896885 -0.018652804 0.996215045 378.963378906
0.996283174 -0.016681608 0.084507786 35.658779144 0.015023630 0.999682844 0.020217376 -35.581489563 -0.084818251 -0.018872617 0.996217668 381.204132080
0.996307552 -0.016685421 0.084219471 35.946567535 0.015027891 0.999681592 0.020276813 -35.763969421 -0.084530957 -0.018936299 0.996240914 383.459747314
0.996319830 -0.015987061 0.084208988 36.230930328 0.014309596 0.999687731 0.020486336 -35.954067230 -0.084510222 -0.019205945 0.996237457 385.715606689
0.996312916 -0.014787461 0.084509470 36.502925873 0.013088932 0.999701738 0.020617517 -36.136108398 -0.084789149 -0.019435359 0.996209264 387.958068848
0.996354043 -0.013762741 0.084197558 36.795269012 0.012075640 0.999716640 0.020513998 -36.330566406 -0.084456041 -0.019422464 0.996237814 390.228393555
0.996330023 -0.012458438 0.084683515 37.072265625 0.010755138 0.999731183 0.020540262 -36.520431519 -0.084916644 -0.019554095 0.996196270 392.509155273
0.996349037 -0.011336549 0.084616937 37.351039886 0.009525943 0.999717534 0.021770855 -36.704063416 -0.084839836 -0.020885317 0.996175706 394.767028809
0.996295571 -0.010061420 0.085404456 37.627384186 0.008194832 0.999720335 0.022178411 -36.891181946 -0.085603729 -0.021396376 0.996099472 397.033050537
0.996246934 -0.009866863 0.085991703 37.909679413 0.008115806 0.999752939 0.020688964 -37.084472656 -0.086174592 -0.019913424 0.996080995 399.300354004
0.996162653 -0.009231668 0.087032780 38.183917999 0.007505960 0.999769092 0.020134706 -37.269477844 -0.087198541 -0.019404178 0.996001899 401.562744141
0.996107280 -0.010931093 0.087468691 38.468193054 0.009113814 0.999734759 0.021148831 -37.456111908 -0.087676674 -0.020269329 0.995942771 403.834625244
0.996059000 -0.012413720 0.087819614 38.756259918 0.010504013 0.999698877 0.022174623 -37.641677856 -0.088068433 -0.021164773 0.995889544 406.086578369
0.996019065 -0.013281998 0.088144414 39.035316467 0.011370204 0.999689877 0.022156123 -37.824459076 -0.088411361 -0.021065697 0.995861411 408.348968506
0.995984554 -0.013074286 0.088565253 39.331806183 0.011286096 0.999722838 0.020661410 -38.004280090 -0.088810861 -0.019578889 0.995856106 410.616638184
0.995950282 -0.011657659 0.089146234 39.641105652 0.009812589 0.999729037 0.021107411 -38.199661255 -0.089368135 -0.020147178 0.995794892 412.903625488
0.995880485 -0.010470205 0.090068944 39.925849915 0.008614901 0.999743164 0.020962864 -38.387065887 -0.090265281 -0.020100577 0.995714903 415.147857666
0.995790958 -0.009266433 0.091183737 40.218791962 0.007370582 0.999750018 0.021106362 -38.571460724 -0.091356523 -0.020345446 0.995610416 417.422698975
0.995746732 -0.009421121 0.091649279 40.519767761 0.007560442 0.999758542 0.020628218 -38.755935669 -0.091821507 -0.019847570 0.995577693 419.677856445
0.995642126 -0.009498944 0.092771202 40.808364868 0.007613345 0.999757588 0.020658068 -38.940422058 -0.092944950 -0.019861739 0.995473087 421.931243896
0.995548606 -0.009642213 0.093754902 41.096332550 0.007756026 0.999760568 0.020461891 -39.130535126 -0.093929753 -0.019643638 0.995384991 424.187652588
0.995485067 -0.010030061 0.094387092 41.397079468 0.008026506 0.999734819 0.021582773 -39.317348480 -0.094578557 -0.020727729 0.995301604 426.460296631
0.995452046 -0.009281175 0.094810873 41.696063995 0.007214683 0.999729395 0.022115538 -39.501014709 -0.094990462 -0.021330923 0.995249629 428.714233398
0.995378792 -0.008473521 0.095651433 42.000976562 0.006315088 0.999719083 0.022845818 -39.684249878 -0.095818155 -0.022136195 0.995152652 430.989532471
0.995376170 -0.008766030 0.095652707 42.307559967 0.006578632 0.999710143 0.023159575 -39.881103516 -0.095827997 -0.022423228 0.995145321 433.265136719
0.995335758 -0.009602102 0.095992513 42.617420197 0.007471806 0.999718308 0.022527210 -40.073013306 -0.096181780 -0.021704899 0.995127082 435.534942627
0.995317996 -0.008822455 0.096251078 42.928909302 0.006674361 0.999721885 0.022616792 -40.243988037 -0.096423857 -0.021868482 0.995100021 437.807342529
0.995273113 -0.009248592 0.096673988 43.239078522 0.007042333 0.999707401 0.023138000 -40.430885315 -0.096859708 -0.022347815 0.995047033 440.094543457
0.995323241 -0.009276043 0.096153565 43.556179047 0.007087306 0.999708414 0.023079533 -40.609806061 -0.096339628 -0.022290125 0.995098889 442.369720459
0.995288253 -0.008356913 0.096599147 43.869991302 0.006051052 0.999690235 0.024138769 -40.799865723 -0.096770972 -0.023440506 0.995030642 444.653106689
0.995248914 -0.008895128 0.096955635 44.181644440 0.006573890 0.999684691 0.024234463 -40.978443146 -0.097140625 -0.023481945 0.994993746 446.931579590
0.995242953 -0.008676335 0.097037263 44.489936829 0.006405491 0.999698997 0.023688855 -41.160026550 -0.097213589 -0.022954596 0.994998813 449.197021484
0.995254755 -0.007895894 0.096982695 44.799678802 0.005661310 0.999712706 0.023294656 -41.343257904 -0.097138755 -0.022635067 0.995013416 451.455688477
0.995202720 -0.007320983 0.097559921 45.106895447 0.005090888 0.999720395 0.023088088 -41.533237457 -0.097701661 -0.022480659 0.994961798 453.721374512
0.995109439 -0.006501089 0.098564543 45.409622192 0.004247811 0.999725223 0.023053607 -41.707839966 -0.098687306 -0.022522172 0.994863689 455.999725342
0.995072842 -0.007001462 0.098898791 45.713706970 0.004753191 0.999725223 0.022950409 -41.900459290 -0.099032320 -0.022367246 0.994832814 458.266693115
0.995115340 -0.006338074 0.098515302 46.037986755 0.004175204 0.999746025 0.022145338 -42.082809448 -0.098630637 -0.021625845 0.994889081 460.547546387
0.995109141 -0.005110064 0.098649226 46.352611542 0.002895971 0.999740899 0.022574257 -42.267738342 -0.098739028 -0.022178166 0.994866192 462.833343506
0.995136797 -0.004678758 0.098391131 46.666942596 0.002355688 0.999715984 0.023713509 -42.450256348 -0.098474115 -0.023366405 0.994865239 465.111145020
0.995186746 -0.004567814 0.097890317 46.971847534 0.002221867 0.999708056 0.024060672 -42.628589630 -0.097971633 -0.023727361 0.994906247 467.376525879
0.995287597 -0.004565392 0.096859433 47.289649963 0.002349894 0.999733269 0.022975078 -42.811138153 -0.096938483 -0.022639202 0.995032787 469.658966064
0.995366871 -0.004655254 0.096037209 47.613521576 0.002512770 0.999745548 0.022417780 -42.995780945 -0.096117117 -0.022072600 0.995125294 471.959014893
0.995427370 -0.005096823 0.095385157 47.920532227 0.002864278 0.999719024 0.023527892 -43.187503815 -0.095478289 -0.023147097 0.995162368 474.243530273
0.995413244 -0.005304772 0.095521286 48.219787598 0.003072841 0.999719143 0.023497766 -43.369445801 -0.095619112 -0.023096465 0.995150030 476.525268555
0.995543599 -0.005535072 0.094139211 48.529560089 0.003349100 0.999721467 0.023362784 -43.547740936 -0.094242297 -0.022943389 0.995284855 478.821624756
0.995544016 -0.005430470 0.094141766 48.831291199 0.003177690 0.999705374 0.024063069 -43.731735229 -0.094244704 -0.023656690 0.995267928 481.102752686
0.995575011 -0.006070852 0.093773939 49.139156342 0.003784547 0.999691546 0.024539646 -43.914817810 -0.093894012 -0.024076162 0.995290995 483.375701904
0.995614111 -0.006431371 0.093333416 49.441188812 0.004216975 0.999705493 0.023903504 -44.094108582 -0.093459666 -0.023405083 0.995347917 485.655029297
0.995669246 -0.006805743 0.092716403 49.743770599 0.004551944 0.999689460 0.024498347 -44.283378601 -0.092854328 -0.023970213 0.995391071 487.941345215
0.995732129 -0.007403905 0.091993295 50.038864136 0.005209243 0.999696612 0.024074020 -44.449321747 -0.092143632 -0.023492059 0.995468557 490.232086182
0.995749235 -0.006732391 0.091859169 50.336036682 0.004497298 0.999689281 0.024517080 -44.625625610 -0.091995679 -0.023999741 0.995470285 492.536071777
0.995819747 -0.006111921 0.091135152 50.644172668 0.003856536 0.999682426 0.024903288 -44.804153442 -0.091258414 -0.024447724 0.995527089 494.827423096
0.995822728 -0.005629929 0.091133974 50.931350708 0.003413648 0.999695182 0.024456572 -44.981800079 -0.091243871 -0.024043307 0.995538414 497.130798340
0.995833933 -0.005324379 0.091029890 51.238182068 0.003138529 0.999703705 0.024138732 -45.172531128 -0.091131434 -0.023752466 0.995555520 499.455993652
0.995870709 -0.005134353 0.090637617 51.532878876 0.002890853 0.999686718 0.024866359 -45.352436066 -0.090736888 -0.024501659 0.995573401 501.750152588
0.995879710 -0.004640752 0.090564974 51.824974060 0.002368517 0.999680102 0.025180919 -45.536239624 -0.090652846 -0.024862655 0.995572150 504.029327393
0.995900512 -0.003542120 0.090386093 52.118247986 0.001339573 0.999701083 0.024417248 -45.717651367 -0.090445541 -0.024196073 0.995607436 506.314025879
0.995899737 -0.003090481 0.090410687 52.405914307 0.000831202 0.999686837 0.025016055 -45.900207520 -0.090459682 -0.024838336 0.995590329 508.603057861
0.995934129 -0.003520571 0.090015285 52.701938629 0.001346677 0.999706268 0.024199612 -46.084373474 -0.090074040 -0.023979997 0.995646298 510.896942139
0.995943844 -0.004109414 0.089882806 53.001865387 0.001855078 0.999681950 0.025150014 -46.272136688 -0.089957558 -0.024881264 0.995634735 513.193359375
0.995972991 -0.003840608 0.089571148 53.302463531 0.001594537 0.999682844 0.025133913 -46.449043274 -0.089639276 -0.024889877 0.995663166 515.506530762
0.995986402 -0.003169227 0.089448757 53.596874237 0.000942187 0.999688804 0.024928639 -46.630325317 -0.089499913 -0.024744309 0.995679319 517.818542480
0.995984674 -0.002431122 0.089491382 53.884399414 0.000223904 0.999695718 0.024665823 -46.813240051 -0.089524105 -0.024546742 0.995682120 520.106933594
0.995919764 -0.000208988 0.090243019 54.182044983 -0.002045130 0.999688208 0.024885112 -47.003028870 -0.090220101 -0.024968134 0.995608807 522.467712402
0.995874524 0.001819511 0.090722501 54.483478546 -0.004103560 0.999679148 0.024996055 -47.184013367 -0.090647906 -0.025265221 0.995562494 524.803039551
0.995827496 0.002486645 0.091220886 54.781677246 -0.004898015 0.999644160 0.026220087 -47.360095978 -0.091123223 -0.026557485 0.995485425 527.124755859
0.995767117 0.002265622 0.091883883 55.077064514 -0.004677132 0.999650002 0.026038358 -47.538375854 -0.091792740 -0.026357895 0.995429218 529.441772461
0.995724022 0.000580668 0.092376083 55.373374939 -0.003120713 0.999620855 0.027354704 -47.715591431 -0.092325181 -0.027526017 0.995348394 531.760620117
0.995686233 -0.000952389 0.092779018 55.687438965 -0.001549595 0.999637187 0.026891368 -47.889854431 -0.092770942 -0.026919136 0.995323539 534.090698242
0.995674670 -0.000922746 0.092903927 55.992408752 -0.001521443 0.999654651 0.026234511 -48.066783905 -0.092896074 -0.026262388 0.995329320 536.401428223
0.995607615 -0.001249488 0.093615755 56.299983978 -0.001197629 0.999659121 0.026079271 -48.246875763 -0.093616433 -0.026076840 0.995266795 538.721862793
0.995536566 -0.000772672 0.094373457 56.598567963 -0.001648066 0.999671698 0.025569990 -48.430080414 -0.094362237 -0.025611397 0.995208383 541.030944824
0.995445609 -0.000053289 0.095331118 56.899284363 -0.002359699 0.999679625 0.025198737 -48.611770630 -0.095301934 -0.025308922 0.995126545 543.354858398
0.995404422 0.000692705 0.095758528 57.215972900 -0.002997931 0.999709070 0.023931548 -48.789924622 -0.095714100 -0.024108645 0.995116830 545.677978516
0.995232165 0.000554659 0.097532749 57.504272461 -0.002974212 0.999691367 0.024663948 -48.979820251 -0.097488970 -0.024836442 0.994926631 547.996582031
0.995184302 0.000453722 0.098020278 57.815326691 -0.002991038 0.999664128 0.025740223 -49.166870117 -0.097975686 -0.025909455 0.994851470 550.312194824
0.995165825 0.000561196 0.098206751 58.130340576 -0.003089526 0.999667764 0.025594795 -49.344139099 -0.098159738 -0.025774479 0.994836867 552.617309570
0.995218575 -0.000845973 0.097670592 58.454689026 -0.001564816 0.999696076 0.024603602 -49.523658752 -0.097661749 -0.024638791 0.994914651 554.924987793
0.995225430 -0.001179142 0.097596116 58.773647308 -0.001285538 0.999681950 0.025187133 -49.708003998 -0.097594775 -0.025192337 0.994907320 557.238464355
0.995172322 -0.001013839 0.098137900 59.084846497 -0.001495845 0.999673784 0.025496082 -49.887588501 -0.098131724 -0.025519796 0.994846284 559.547790527
0.995164216 -0.000673642 0.098222166 59.403694153 -0.001925130 0.999650598 0.026360925 -50.067512512 -0.098205611 -0.026422543 0.994815290 561.881286621
0.995173275 -0.001001856 0.098129354 59.729915619 -0.001667335 0.999630928 0.027114945 -50.248916626 -0.098120324 -0.027147679 0.994804144 564.211975098
0.995159328 -0.000624548 0.098272622 60.049793243 -0.002110254 0.999613464 0.027722316 -50.424041748 -0.098251946 -0.027795501 0.994773328 566.528198242
0.995107472 0.000358492 0.098796964 60.372169495 -0.003046083 0.999629319 0.027053688 -50.606060028 -0.098750629 -0.027222272 0.994739711 568.856262207
0.995130062 0.001086909 0.098565929 60.704933167 -0.003621143 0.999667346 0.025535790 -50.781867981 -0.098505393 -0.025768355 0.994802773 571.184326172
0.995114446 0.001401780 0.098718002 61.035434723 -0.003970272 0.999658525 0.025826838 -50.964511871 -0.098648094 -0.026092598 0.994780242 573.506591797
0.995123267 0.001484020 0.098627917 61.361728668 -0.004164298 0.999627352 0.026975350 -51.154651642 -0.098551139 -0.027254514 0.994758725 575.875732422
0.995156348 0.001454924 0.098294578 61.695896149 -0.004253550 0.999591291 0.028268265 -51.339237213 -0.098213270 -0.028549444 0.994755805 578.188415527
0.995032728 0.001774138 0.099533677 61.996055603 -0.004451593 0.999633968 0.026684348 -51.518550873 -0.099449940 -0.026994878 0.994676352 580.567443848
0.995059907 0.001081088 0.099269755 62.324211121 -0.003720981 0.999644160 0.026411830 -51.692131042 -0.099205881 -0.026650736 0.994709969 582.904357910
0.995067060 -0.000178627 0.099204265 62.651618958 -0.002635591 0.999597788 0.028236134 -51.889114380 -0.099169411 -0.028358303 0.994666338 585.243164062
0.995058000 -0.000381828 0.099293858 62.977130890 -0.002402838 0.999607265 0.027923588 -52.063098907 -0.099265531 -0.028024184 0.994666219 587.579101562
0.995016575 -0.001772416 0.099693924 63.292469025 -0.000927522 0.999634147 0.027029399 -52.240852356 -0.099705368 -0.026987165 0.994650960 589.907836914
0.995048821 -0.002245853 0.099361852 63.625404358 -0.000440266 0.999635160 0.027003529 -52.418579102 -0.099386260 -0.026913576 0.994684875 592.250976562
0.995043814 -0.004067771 0.099354185 63.943859100 0.001357849 0.999625564 0.027327778 -52.597053528 -0.099428140 -0.027057426 0.994676828 594.587158203
0.995080173 -0.004649382 0.098963045 64.278877258 0.001930185 0.999618351 0.027554918 -52.776893616 -0.099053405 -0.027228337 0.994709551 596.942993164
