1.000000000 0.000000000 0.000000000 0.000000000 0.000000000 1.000000000 0.000000000 0.000000000 0.000000000 0.000000000 1.000000000 0.000000000
0.999999940 -0.000016800 0.000392781 0.089615032 0.000016880 1.000000000 -0.000204078 -0.227754384 -0.000392778 0.000204085 0.999999881 2.293519497
0.999999285 0.000271684 0.001098786 0.168070808 -0.000272165 0.999999881 0.000437541 -0.468886256 -0.001098667 -0.000437839 0.999999285 4.582837582
0.999998748 0.000055049 0.001583711 0.266853571 -0.000056000 0.999999762 0.000600145 -0.698197186 -0.001583677 -0.000600233 0.999998510 6.867515564
0.999996960 -0.000034165 0.002456862 0.361681938 0.000036926 0.999999344 -0.001123653 -0.930366635 -0.002456822 0.001123740 0.999996364 9.162640572
0.999988616 0.001680481 0.004442550 0.454013914 -0.001681323 0.999998569 0.000185858 -1.165652633 -0.004442231 -0.000193325 0.999990165 11.467782974
0.999971032 0.003564425 0.006728474 0.552627206 -0.003573375 0.999992728 0.001318514 -1.396470189 -0.006723726 -0.001342520 0.999976456 13.752773285
0.999949872 0.003345550 0.009442510 0.653362751 -0.003382172 0.999986768 0.003865173 -1.625260949 -0.009429456 -0.003896916 0.999947965 16.030584335
0.999943554 0.003712901 0.009957382 0.755832553 -0.003764210 0.999979734 0.005139058 -1.851958513 -0.009938101 -0.005176250 0.999937236 18.321508408
0.999920726 0.002870686 0.012259691 0.855145693 -0.002935149 0.999981940 0.005243408 -2.075299025 -0.012244417 -0.005278976 0.999911129 20.617237091
0.999929905 0.000304487 0.011834693 0.988724589 -0.000342414 0.999994814 0.003202838 -2.305794716 -0.011833657 -0.003206667 0.999924839 22.915683746
0.999919653 -0.001926063 0.012526901 1.096763372 0.001911881 0.999997497 0.001144005 -2.524377823 -0.012529070 -0.001119963 0.999920905 25.197463989
0.999918878 -0.002511338 0.012485066 1.234960198 0.002496858 0.999996185 0.001175236 -2.779514074 -0.012487970 -0.001143967 0.999921381 27.497846603
0.999904692 -0.002182174 0.013631107 1.339058399 0.002178166 0.999997556 0.000308880 -3.004113674 -0.013631748 -0.000279160 0.999907017 29.784194946
0.999902070 -0.000308620 0.013993282 1.469298720 0.000272475 0.999996603 0.002584822 -3.232075930 -0.013994035 -0.002580757 0.999898672 32.057353973
0.999907255 0.001535189 0.013535773 1.602851868 -0.001602768 0.999986291 0.004983238 -3.452594519 -0.013527937 -0.005004471 0.999895930 34.338451385
0.999884307 0.003051527 0.014901181 1.723925829 -0.003187264 0.999953568 0.009093952 -3.684589148 -0.014872739 -0.009140395 0.999847591 36.658412933
0.999873102 0.004931096 0.015148798 1.843461990 -0.005065629 0.999947906 0.008855239 -3.902179718 -0.015104339 -0.008930854 0.999846041 38.931182861
0.999849498 0.003308179 0.017039156 1.951389670 -0.003437342 0.999965489 0.007556647 -4.110170841 -0.017013572 -0.007614076 0.999826252 41.226112366
0.999853909 0.000787953 0.017072072 2.076030731 -0.000902462 0.999977231 0.006700723 -4.332645416 -0.017066400 -0.006715151 0.999831796 43.501155853
0.999858677 0.000464910 0.016802356 2.207626581 -0.000555856 0.999985218 0.005408401 -4.554839134 -0.016799590 -0.005416976 0.999844313 45.772418976
0.999855697 -0.000101999 0.016987389 2.330699444 0.000025920 0.999989986 0.004478731 -4.780826569 -0.016987678 -0.004477645 0.999845684 48.047584534
0.999857068 -0.002060250 0.016779142 2.465909243 0.001976006 0.999985397 0.005035772 -5.008811951 -0.016789274 -0.005001897 0.999846458 50.332889557
0.999838173 -0.002883736 0.017756805 2.590618372 0.002790828 0.999982297 0.005254839 -5.229218960 -0.017771641 -0.005204434 0.999828517 52.600997925
0.999833405 -0.003983984 0.017806517 2.726678371 0.003893601 0.999979377 0.005107581 -5.454026699 -0.017826499 -0.005037399 0.999828339 54.889675140
0.999798119 -0.004463508 0.019590309 2.840695858 0.004351946 0.999974072 0.005733713 -5.682468414 -0.019615395 -0.005647301 0.999791622 57.184101105
0.999776602 -0.005843462 0.020313282 2.974387646 0.005715924 0.999963641 0.006330982 -5.904268265 -0.020349536 -0.006213458 0.999773562 59.453067780
0.999737382 -0.007460889 0.021674432 3.099850416 0.007336170 0.999956131 0.005827962 -6.125052452 -0.021716965 -0.005667424 0.999748111 61.725547791
0.999718487 -0.008547653 0.022134162 3.246897697 0.008420862 0.999947608 0.005815116 -6.345916271 -0.022182707 -0.005627090 0.999738038 63.981071472
0.999688566 -0.007979003 0.023645863 3.383124352 0.007826257 0.999947965 0.006545356 -6.565025330 -0.023696855 -0.006358257 0.999698997 66.255836487
0.999667883 -0.007002664 0.024799988 3.523478985 0.006832611 0.999952734 0.006935101 -6.786355972 -0.024847375 -0.006763349 0.999668360 68.499877930
0.999625206 -0.007276909 0.026391195 3.654839993 0.007097784 0.999951124 0.006874672 -7.007797241 -0.026439931 -0.006684775 0.999628007 70.748069763
0.999606371 -0.008130176 0.026851097 3.810718536 0.007985830 0.999953091 0.005478625 -7.223901749 -0.026894381 -0.005262040 0.999624431 72.995941162
0.999585330 -0.008819606 0.027410455 3.960181236 0.008660109 0.999944925 0.005932153 -7.444525719 -0.027461264 -0.005692316 0.999606669 75.265220642
0.999537528 -0.010043917 0.028701689 4.119971752 0.009890468 0.999936104 0.005483293 -7.671457767 -0.028754929 -0.005196885 0.999572992 77.531669617
0.999535084 -0.011054257 0.028415781 4.276629448 0.010902517 0.999925494 0.005489290 -7.902289391 -0.028474340 -0.005176934 0.999581039 79.780654907
0.999506593 -0.011647944 0.029170113 4.423332214 0.011497873 0.999919832 0.005307139 -8.116292953 -0.029229589 -0.004969127 0.999560297 82.036537170
0.999494255 -0.010749700 0.029927405 4.589862823 0.010605450 0.999931514 0.004974548 -8.336282730 -0.029978827 -0.004654638 0.999539673 84.308143616
0.999447823 -0.010559714 0.031506248 4.742693901 0.010400457 0.999932349 0.005214434 -8.546521187 -0.031559173 -0.004883875 0.999489963 86.564086914
0.999445975 -0.010618621 0.031540688 4.907988071 0.010412985 0.999923468 0.006676801 -8.775753975 -0.031609170 -0.006344670 0.999480188 88.829757690
0.999423563 -0.009565618 0.032573797 5.062620163 0.009334815 0.999930263 0.007230260 -8.995906830 -0.032640699 -0.006922022 0.999443114 91.084274292
0.999401450 -0.009769588 0.033185732 5.227113724 0.009534913 0.999928474 0.007222463 -9.212244034 -0.033253912 -0.006901717 0.999423087 93.338706970
0.999381602 -0.009866195 0.033748940 5.389208794 0.009641130 0.999930143 0.006825031 -9.425992966 -0.033813920 -0.006495433 0.999407053 95.592056274
0.999356508 -0.010805164 0.034200806 5.559243202 0.010558971 0.999917030 0.007370859 -9.642519951 -0.034277618 -0.007004992 0.999387801 97.847724915
0.999319077 -0.010573410 0.035353407 5.717729568 0.010337865 0.999923170 0.006838802 -9.865547180 -0.035422996 -0.006468666 0.999351501 100.080276489
0.999265730 -0.010733595 0.036780983 5.876126289 0.010445937 0.999913394 0.008004138 -10.076436996 -0.036863711 -0.007614049 0.999291301 102.298393250
0.999246955 -0.010826728 0.037261959 6.062923431 0.010548409 0.999915063 0.007657717 -10.287936211 -0.037341703 -0.007258896 0.999276161 104.554847717
0.999214470 -0.012201582 0.037703123 6.234836578 0.011888293 0.999893010 0.008522431 -10.503045082 -0.037803076 -0.008067511 0.999252617 106.765045166
0.999184787 -0.013739733 0.037959781 6.419275284 0.013420719 0.999872565 0.008646145 -10.713630676 -0.038073745 -0.008129647 0.999241889 109.013587952
0.999142408 -0.014602217 0.038745608 6.597229481 0.014239100 0.999852240 0.009631237 -10.933163643 -0.038880516 -0.009071276 0.999202609 111.268524170
0.999118805 -0.015152289 0.039141644 6.782573223 0.014835501 0.999854863 0.008371157 -11.147354126 -0.039262813 -0.007783094 0.999198556 113.531120300
0.999072969 -0.015730228 0.040072318 6.960698128 0.015443435 0.999852955 0.007456434 -11.357679367 -0.040183716 -0.006830667 0.999168932 115.776184082
0.999037325 -0.015762297 0.040936459 7.139958382 0.015448599 0.999848843 0.007968220 -11.575922966 -0.041055880 -0.007328139 0.999129891 118.015678406
0.998988152 -0.015931532 0.042057652 7.325351715 0.015581138 0.999841213 0.008645972 -11.787199974 -0.042188715 -0.007981919 0.999077737 120.269851685
0.998975635 -0.017093739 0.041898996 7.528551102 0.016726736 0.999818742 0.009094242 -12.002081871 -0.042046852 -0.008384092 0.999080479 122.474357605
0.998942733 -0.017589703 0.042473007 7.725018501 0.017236982 0.999813974 0.008656597 -12.222309113 -0.042617381 -0.007915340 0.999060035 124.765899658
0.998909950 -0.017808497 0.043148134 7.903237820 0.017475430 0.999814570 0.008084165 -12.443456650 -0.043284103 -0.007321322 0.999035954 127.032913208
0.998888135 -0.019343622 0.042991616 8.088385582 0.018999597 0.999784172 0.008396576 -12.652328491 -0.043144751 -0.007570417 0.999040127 129.281921387
0.998910666 -0.020345047 0.041995198 8.273732185 0.019989302 0.999760807 0.008873652 -12.864924431 -0.042165693 -0.008024531 0.999078333 131.524215698
0.998964012 -0.020569565 0.040594779 8.460149765 0.020174375 0.999745309 0.010120763 -13.075531960 -0.040792618 -0.009291303 0.999124408 133.756729126
0.998995483 -0.021776760 0.039163884 8.634305954 0.021420578 0.999725521 0.009491458 -13.286095619 -0.039359830 -0.008643010 0.999187648 136.002517700
0.999069333 -0.022518348 0.036786877 8.841638565 0.022184364 0.999709189 0.009462002 -13.497683525 -0.036989238 -0.008637104 0.999278307 138.224533081
0.999052584 -0.023286441 0.036764584 9.003756523 0.022959765 0.999693215 0.009283171 -13.712982178 -0.036969479 -0.008430269 0.999280810 140.508621216
0.999033332 -0.023603732 0.037081402 9.162896156 0.023279641 0.999687135 0.009147591 -13.910873413 -0.037285708 -0.008275507 0.999270380 142.743103027
0.999067962 -0.023503317 0.036202822 9.354105949 0.023117546 0.999671817 0.011037933 -14.142737389 -0.036450375 -0.010190726 0.999283433 144.984283447
0.999077678 -0.022627106 0.036494266 9.523220062 0.022277210 0.999702156 0.009966167 -14.351457596 -0.036708910 -0.009143982 0.999284148 147.234481812
0.999101520 -0.021402733 0.036579218 9.697219849 0.021104002 0.999740839 0.008533513 -14.562367439 -0.036752384 -0.007753877 0.999294460 149.473815918
0.999119759 -0.020048428 0.036846973 9.871997833 0.019782253 0.999775648 0.007574271 -14.775139809 -0.036990564 -0.006838688 0.999292195 151.713989258
0.999127507 -0.019446716 0.036959525 10.056730270 0.019176936 0.999786913 0.007640029 -14.987094879 -0.037100226 -0.006924593 0.999287546 153.939498901
0.999112606 -0.019030103 0.037573647 10.237687111 0.018735612 0.999791086 0.008174411 -15.201058388 -0.037721358 -0.007463192 0.999260426 156.204742432
0.999131322 -0.017332653 0.037897412 10.406362534 0.016991897 0.999812424 0.009295210 -15.405825615 -0.038051423 -0.008643188 0.999238372 158.390716553
0.999087274 -0.016614389 0.039352205 10.580671310 0.016221521 0.999815583 0.010281679 -15.616753578 -0.039515767 -0.009633942 0.999172449 160.624862671
0.999073982 -0.015057858 0.040304068 10.751291275 0.014578855 0.999819815 0.012152452 -15.822793961 -0.040479802 -0.011553613 0.999113560 162.901977539
0.999055088 -0.014972920 0.040801018 10.934601784 0.014535427 0.999833882 0.010998228 -16.017671585 -0.040958915 -0.010394773 0.999106765 165.158706665
0.999019623 -0.014428892 0.041851569 11.121866226 0.014025779 0.999852479 0.009909711 -16.226903915 -0.041988391 -0.009312994 0.999074697 167.392105103
0.998946011 -0.012398002 0.044193752 11.298883438 0.011950385 0.999874771 0.010378358 -16.435264587 -0.044316892 -0.009839286 0.998969078 169.630676270
0.998829186 -0.011810243 0.046914540 11.474268913 0.011291202 0.999872208 0.011313235 -16.669975281 -0.047042169 -0.010770266 0.998834848 171.868118286
0.998720288 -0.011829361 0.049170453 11.674197197 0.011287184 0.999872565 0.011289557 -16.877985001 -0.049297731 -0.010720115 0.998726606 174.121124268
0.998634279 -0.011831851 0.050888427 11.870941162 0.011248288 0.999867857 0.011738703 -17.084205627 -0.051020600 -0.011150261 0.998635352 176.366668701
0.998582840 -0.012617274 0.051700603 12.072407722 0.011971766 0.999846697 0.012776256 -17.293300629 -0.051853877 -0.012139205 0.998580873 178.595581055
0.998530567 -0.013562362 0.052465275 12.270292282 0.012913485 0.999836087 0.012686993 -17.493270874 -0.052628733 -0.011990841 0.998542130 180.834274292
0.998555243 -0.014461048 0.051751461 12.468352318 0.013822735 0.999824107 0.012670947 -17.708057404 -0.051925592 -0.011937296 0.998579621 183.097915649
0.998563051 -0.015685255 0.051242288 12.676346779 0.015034388 0.999801636 0.013062626 -17.920080185 -0.051437017 -0.012273462 0.998600841 185.336914062
0.998560071 -0.017655024 0.050656360 12.887357712 0.016985077 0.999762893 0.013625450 -18.118846893 -0.050884906 -0.012745429 0.998623252 187.573410034
0.998529017 -0.018207235 0.051072016 13.060916901 0.017565068 0.999761283 0.012994668 -18.313213348 -0.051296413 -0.012078468 0.998610556 189.799545288
0.998497427 -0.019445345 0.051232640 13.266086578 0.018813796 0.999741256 0.012780679 -18.519876480 -0.051467907 -0.011797596 0.998605013 192.041763306
0.998473167 -0.020250045 0.051393855 13.455373764 0.019638378 0.999730468 0.012378800 -18.725341797 -0.051630668 -0.011350607 0.998601735 194.262863159
0.998498142 -0.019887600 0.051048689 13.669363022 0.019257015 0.999732435 0.012815026 -18.928823471 -0.051289890 -0.011812733 0.998613954 196.494491577
0.998523057 -0.018560475 0.051060401 13.884216309 0.017947784 0.999761641 0.012431815 -19.129020691 -0.051278975 -0.011497033 0.998618186 198.738174438
0.998530388 -0.015558327 0.051913276 14.073285103 0.014930543 0.999810874 0.012458932 -19.339550018 -0.052097302 -0.011665528 0.998573899 200.979705811
0.998512089 -0.014886107 0.052460160 14.284551620 0.014293053 0.999829829 0.011661923 -19.543916702 -0.052624837 -0.010894753 0.998554945 203.237518311
0.998462677 -0.015114776 0.053328011 14.482613564 0.014478215 0.999819458 0.012302946 -19.742803574 -0.053504344 -0.011511938 0.998501241 205.463775635
0.998449445 -0.016603075 0.053131964 14.712048531 0.015940277 0.999790013 0.012874159 -19.962726593 -0.053334571 -0.012007263 0.998504460 207.705673218
0.998378992 -0.016377188 0.054508671 14.914639473 0.015690817 0.999792397 0.012996241 -20.153898239 -0.054710202 -0.012119889 0.998428702 209.948715210
0.998308897 -0.015822923 0.055936880 15.124279022 0.015034927 0.999782085 0.014480203 -20.373020172 -0.056153812 -0.013614708 0.998329282 212.171127319
0.998254120 -0.014615576 0.057226840 15.355954170 0.013772930 0.999791205 0.015091518 -20.576845169 -0.057435464 -0.014276990 0.998247147 214.394439697
0.998068094 -0.012541150 0.060850557 15.556726456 0.011663508 0.999823093 0.014756748 -20.766448975 -0.061024852 -0.014018509 0.998037815 216.659591675
0.997919321 -0.012526052 0.063248761 15.779123306 0.011588143 0.999817669 0.015174020 -20.964563370 -0.063427299 -0.014409510 0.997882366 218.897735596
0.997772634 -0.013967028 0.065228127 16.007951736 0.012971814 0.999793291 0.015656119 -21.158929825 -0.065433294 -0.014775120 0.997747540 221.134887695
0.997667730 -0.015463267 0.066482387 16.243326187 0.014407541 0.999762774 0.016330071 -21.351776123 -0.066719137 -0.015334137 0.997653902 223.368652344
0.997603238 -0.017353358 0.066982269 16.489336014 0.016325787 0.999740958 0.015858060 -21.555187225 -0.067240112 -0.014726514 0.997628152 225.586532593
0.997561455 -0.018759843 0.067224845 16.729978561 0.017753989 0.999721766 0.015528923 -21.746295929 -0.067497462 -0.014297545 0.997617006 227.839767456
0.997507930 -0.018675825 0.068038121 16.964689255 0.017638708 0.999719381 0.015812276 -21.942457199 -0.068314336 -0.014572767 0.997557402 230.073822021
0.997447550 -0.020065455 0.068526000 17.208448410 0.019095760 0.999708474 0.014776644 -22.139575958 -0.068802521 -0.013430374 0.997539878 232.309066772
0.997402966 -0.021050395 0.068878330 17.452844620 0.019996155 0.999672651 0.015959762 -22.332294464 -0.069191739 -0.014541014 0.997497439 234.546295166
0.997353852 -0.020052344 0.069880001 17.707042694 0.018951170 0.999686241 0.016385609 -22.533596039 -0.070186652 -0.015017948 0.997420847 236.798202515
0.997310460 -0.019817693 0.070561633 17.947172165 0.018723259 0.999694586 0.016138148 -22.722606659 -0.070859902 -0.014773602 0.997376859 239.023330688
0.997290373 -0.019938434 0.070812225 18.192670822 0.018825579 0.999689102 0.016348323 -22.917470932 -0.071116179 -0.014970946 0.997355640 241.237121582
0.997213483 -0.020096123 0.071843162 18.438327789 0.018950909 0.999682844 0.016586795 -23.112236023 -0.072153710 -0.015179086 0.997277975 243.483489990
0.997184515 -0.020591812 0.072103024 18.687719345 0.019501641 0.999685109 0.015791133 -23.310739517 -0.072405502 -0.014340550 0.997272134 245.710250854
0.997195780 -0.020476419 0.071980752 18.951934814 0.019420080 0.999693632 0.015344736 -23.512392044 -0.072272889 -0.013903833 0.997288108 247.948791504
0.997178257 -0.020840025 0.072118707 19.210359573 0.019735586 0.999677300 0.015993074 -23.709545135 -0.072428726 -0.014524641 0.997267842 250.176147461
0.997122288 -0.022150425 0.072501831 19.463287354 0.021036221 0.999649107 0.016095741 -23.906293869 -0.072832912 -0.014524257 0.997238398 252.399551392
0.997131526 -0.022464063 0.072276622 19.735822678 0.021298520 0.999631047 0.016856698 -24.104610443 -0.072628617 -0.015268962 0.997242153 254.663482666
0.997103870 -0.023363683 0.072374523 19.982709885 0.022183146 0.999608159 0.017072678 -24.299381256 -0.072745055 -0.015417740 0.997231364 256.881469727
0.997099817 -0.024107659 0.072185293 20.253414154 0.022855990 0.999574542 0.018115900 -24.511411667 -0.072591327 -0.016413499 0.997226655 259.155853271
0.997068703 -0.023897963 0.072683759 20.510540009 0.022676805 0.999588251 0.017580148 -24.701993942 -0.073073976 -0.015880378 0.997200072 261.395141602
0.997038782 -0.023727566 0.073148578 20.771808624 0.022544654 0.999602020 0.016955025 -24.891822815 -0.073521785 -0.015255706 0.997176945 263.647460938
0.997002602 -0.022942299 0.073887900 21.031642914 0.021772791 0.999625146 0.016595110 -25.089843750 -0.074240930 -0.014936623 0.997128427 265.884094238
0.996938050 -0.022491673 0.074890487 21.297948837 0.021297023 0.999633491 0.016712606 -25.283779144 -0.075238936 -0.015066490 0.997051656 268.131042480
0.996833086 -0.022636620 0.076232605 21.552776337 0.021429010 0.999632120 0.016622158 -25.477624893 -0.076580830 -0.014935929 0.996951461 270.378082275
0.996613801 -0.023304671 0.078853533 21.791889191 0.021957353 0.999598384 0.017910611 -25.690727234 -0.079239257 -0.016118545 0.996725321 272.625183105
0.996443570 -0.023593549 0.080892950 22.062313080 0.022243135 0.999598503 0.017554635 -25.868877411 -0.081274644 -0.015692892 0.996568203 274.864288330
0.996418536 -0.023616299 0.081193708 22.350532532 0.022097524 0.999564707 0.019553604 -26.065273285 -0.081620120 -0.017689396 0.996506453 277.124908447
0.996406674 -0.022249894 0.081722587 22.646827698 0.020654120 0.999580204 0.020320494 -26.248888016 -0.082140394 -0.018559568 0.996447921 279.368713379
0.996275246 -0.022632349 0.083207153 22.919582367 0.020938726 0.999556601 0.021171041 -26.444448471 -0.083649382 -0.019349935 0.996307492 281.626708984
0.996111751 -0.022102233 0.085280366 23.183536530 0.020305973 0.999554515 0.021873375 -26.632366180 -0.085725814 -0.020056631 0.996116877 283.872680664
0.996179223 -0.021828972 0.084560648 23.494119644 0.020146634 0.999582767 0.020697642 -26.807781219 -0.084977165 -0.018914949 0.996203482 286.130706787
0.996070802 -0.021217786 0.085980922 23.762300491 0.019558357 0.999606669 0.020096680 -26.993442535 -0.086373501 -0.018336073 0.996094108 288.358886719
0.995997012 -0.021474479 0.086768948 24.027225494 0.019844729 0.999610901 0.019601852 -27.176635742 -0.087156139 -0.017801482 0.996035576 290.576873779
0.995999396 -0.022076860 0.086589523 24.319562912 0.020509630 0.999610066 0.018947681 -27.357439041 -0.086974062 -0.017095964 0.996063888 292.824920654
0.995979846 -0.022705017 0.086652555 24.606004715 0.021193976 0.999607444 0.018318420 -27.547964096 -0.087034464 -0.016408265 0.996070206 295.055236816
0.995951414 -0.022694830 0.086980410 24.892759323 0.021195333 0.999611080 0.018124525 -27.735511780 -0.087357901 -0.016207568 0.996045113 297.326843262
0.995945811 -0.022394113 0.087122306 25.179853439 0.020838534 0.999607503 0.018723926 -27.921813965 -0.087507419 -0.016832517 0.996021569 299.571075439
0.995945871 -0.021714065 0.087294415 25.463212967 0.020107307 0.999612629 0.019243635 -28.111810684 -0.087678447 -0.017410360 0.995996773 301.813171387
0.995926380 -0.022263592 0.087378532 25.752660751 0.020648139 0.999599576 0.019348590 -28.299242020 -0.087774314 -0.017465571 0.995987177 304.065704346
0.995895803 -0.022120530 0.087762669 26.042055130 0.020489838 0.999601066 0.019438367 -28.485435486 -0.088157639 -0.017560342 0.995951831 306.324066162
0.995888054 -0.022855174 0.087661669 26.333513260 0.021242810 0.999588370 0.019282138 -28.679353714 -0.088066287 -0.017340671 0.995963693 308.581359863
0.995816052 -0.024786152 0.087953888 26.624223709 0.023122864 0.999534965 0.019879756 -28.865165710 -0.088405721 -0.017762832 0.995926142 310.836364746
0.995786786 -0.024711823 0.088306054 26.915353775 0.023109239 0.999549985 0.019124674 -29.054603577 -0.088738918 -0.017003408 0.995909750 313.084930420
0.995824277 -0.024446951 0.087956078 27.218286514 0.022782991 0.999542832 0.019872632 -29.245121002 -0.088401720 -0.017785750 0.995926023 315.333709717
0.995774746 -0.023288120 0.088827185 27.506078720 0.021666616 0.999581337 0.019175403 -29.434772491 -0.089236550 -0.017169794 0.995862484 317.568786621
0.995776653 -0.021390291 0.089282230 27.791513443 0.019711044 0.999612629 0.019647941 -29.622747421 -0.089667916 -0.017805114 0.995812535 319.795135498
0.995720565 -0.020110670 0.090200372 28.079280853 0.018483659 0.999651611 0.018836997 -29.807071686 -0.090547793 -0.017089151 0.995745480 322.035552979
0.995690167 -0.019532213 0.090661936 28.368049622 0.017844651 0.999652803 0.019387323 -29.991376877 -0.091009147 -0.017685940 0.995692968 324.267547607
0.995733082 -0.019620938 0.090169206 28.668724060 0.017817646 0.999625623 0.020760709 -30.187702179 -0.090542793 -0.019065522 0.995710075 326.494293213
0.995675206 -0.019956211 0.090733588 28.950725555 0.018173732 0.999626100 0.020429201 -30.376457214 -0.091107361 -0.018691882 0.995665550 328.731109619
0.995660067 -0.021608669 0.090521440 29.251871109 0.019899577 0.999607086 0.019740829 -30.562465668 -0.090912446 -0.017853817 0.995698810 330.962829590
0.995636880 -0.021078434 0.090899877 29.539947510 0.019370373 0.999619603 0.019632140 -30.750490189 -0.091279104 -0.017785717 0.995666504 333.198059082
0.995583832 -0.021189157 0.091454171 29.825986862 0.019368799 0.999597132 0.020746488 -30.934196472 -0.091856927 -0.018883511 0.995593131 335.433166504
0.995616198 -0.021732477 0.090973057 30.130823135 0.019924032 0.999586344 0.020740153 -31.117065430 -0.091386147 -0.018836683 0.995637357 337.664215088
0.995603323 -0.021153092 0.091249742 30.412124634 0.019320864 0.999594510 0.020916207 -31.303474426 -0.091655172 -0.019061219 0.995608449 339.893493652
0.995615900 -0.021143183 0.091114253 30.710823059 0.019339925 0.999600112 0.020628918 -31.491859436 -0.091513991 -0.018776337 0.995626748 342.135986328
0.995625675 -0.020976570 0.091046847 31.004606247 0.019119985 0.999592185 0.021216175 -31.678352356 -0.091454744 -0.019382551 0.995620608 344.394195557
0.995685399 -0.020304261 0.090546012 31.298061371 0.018441541 0.999601662 0.021361541 -31.861730576 -0.090943687 -0.019599566 0.995663166 346.632324219
0.995711684 -0.020036072 0.090315029 31.588645935 0.018181536 0.999607563 0.021310315 -32.044174194 -0.090706564 -0.019576864 0.995685160 348.864013672
0.995681703 -0.019504178 0.090760097 31.877035141 0.017598243 0.999608397 0.021752853 -32.231838226 -0.091148831 -0.020061700 0.995635152 351.102294922
0.995728374 -0.019640265 0.090218037 32.170082092 0.017719764 0.999600053 0.022039225 -32.413364410 -0.090614796 -0.020346437 0.995678127 353.312744141
0.995745718 -0.019393424 0.090081386 32.460292816 0.017506426 0.999611437 0.021690821 -32.599727631 -0.090467028 -0.020021534 0.995698094 355.553741455
0.995775700 -0.019560793 0.089711457 32.754997253 0.017653240 0.999601901 0.022007711 -32.780750275 -0.090106234 -0.020331047 0.995724618 357.783721924
0.995815814 -0.019076856 0.089369863 33.047233582 0.017080450 0.999588490 0.023050452 -32.967193604 -0.089772835 -0.021427525 0.995731771 360.024047852
0.995877981 -0.019194249 0.088649094 33.348892212 0.017193975 0.999581277 0.023272736 -33.152420044 -0.089058675 -0.021652576 0.995791018 362.274475098
0.995936334 -0.019271087 0.087974191 33.645858765 0.017261408 0.999573708 0.023547910 -33.331016541 -0.088390477 -0.021933662 0.995844364 364.517547607
0.995994985 -0.019098233 0.087344877 33.936725616 0.017155921 0.999589741 0.022934191 -33.512794495 -0.087747045 -0.021343857 0.995914042 366.767059326
0.996024013 -0.019792013 0.086859085 34.219905853 0.017872091 0.999579608 0.022826226 -33.695911407 -0.087274358 -0.021183118 0.995959044 369.010284424
0.996002495 -0.019556651 0.087158211 34.498565674 0.017704926 0.999601841 0.021968247 -33.871021271 -0.087553144 -0.020337300 0.995952189 371.276489258
0.996056259 -0.020311745 0.086369075 34.782672882 0.018475104 0.999586999 0.022011602 -34.058052063 -0.086780503 -0.020329110 0.996020019 373.509399414
0.996115685 -0.020086033 0.085732922 35.075828552 0.018181559 0.999571562 0.022937424 -34.237689972 -0.086156912 -0.021289570 0.996054113 375.762115479
0.996084690 -0.020357197 0.086027913 35.350753784 0.018437203 0.999564171 0.023054196 -34.415687561 -0.086459748 -0.021377813 0.996025980 378.017303467
0.996090710 -0.020772183 0.085859030 35.636539459 0.018839410 0.999551892 0.023260349 -34.597969055 -0.086303726 -0.021551885 0.996035755 380.251922607
0.996086180 -0.020842105 0.085896552 35.927017212 0.018907242 0.999550223 0.023277927 -34.773948669 -0.086343095 -0.021562757 0.996032000 382.501068115
0.996083736 -0.019934244 0.086137585 36.214805603 0.017968532 0.999561489 0.023536041 -34.955337524 -0.086568974 -0.021896103 0.996005177 384.757965088
0.996118665 -0.018983116 0.085949354 36.503852844 0.017010650 0.999576211 0.023623703 -35.132873535 -0.086361386 -0.022069957 0.996019304 387.011047363
0.996132910 -0.017528782 0.086093023 36.796756744 0.015550157 0.999600470 0.023599567 -35.319690704 -0.086472288 -0.022169545 0.996007562 389.279357910
0.996096253 -0.015907941 0.086828321 37.075847626 0.013920273 0.999628067 0.023449657 -35.497924805 -0.087169066 -0.022149449 0.995947242 391.548065186
0.996110559 -0.014857456 0.086850256 37.364521027 0.012712603 0.999601662 0.025197169 -35.681728363 -0.087190010 -0.023995070 0.995902658 393.802673340
0.996062875 -0.013389459 0.087632395 37.649566650 0.011171532 0.999606073 0.025751127 -35.863769531 -0.087942660 -0.024670754 0.995819986 396.060882568
0.996006131 -0.013198733 0.088303745 37.936866760 0.011107013 0.999646962 0.024137357 -36.045822144 -0.088591158 -0.023060165 0.995801091 398.323211670
0.995961964 -0.013033705 0.088824227 38.225692749 0.010994400 0.999665499 0.023409616 -36.223526001 -0.089099623 -0.022338521 0.995772183 400.588317871
0.995801687 -0.013906292 0.090474598 38.497608185 0.011696969 0.999621511 0.024903862 -36.400905609 -0.090786651 -0.023741029 0.995587289 402.829254150
0.995804787 -0.015390874 0.090199150 38.813198090 0.013136878 0.999587715 0.025529753 -36.578754425 -0.090554878 -0.024237717 0.995596468 405.140899658
0.995819449 -0.015765907 0.089972243 39.110458374 0.013566419 0.999595165 0.025005741 -36.749561310 -0.090330064 -0.023680601 0.995630264 407.396362305
0.995723486 -0.015057294 0.091147706 39.402664185 0.012836420 0.999607444 0.024903048 -36.933788300 -0.091486908 -0.023626540 0.995525956 409.643310547
0.995670915 -0.014236635 0.091851592 39.699821472 0.011971177 0.999611557 0.025168320 -37.115795135 -0.092174210 -0.023959789 0.995454609 411.899566650
0.995639622 -0.013139631 0.092352927 39.987495422 0.010904794 0.999636352 0.024661999 -37.291389465 -0.092643410 -0.023547372 0.995420873 414.141967773
0.995540798 -0.012523780 0.093496025 40.282337189 0.010263715 0.999644279 0.024614705 -37.465274811 -0.093771033 -0.023545327 0.995315313 416.410522461
0.995502889 -0.013106012 0.093820184 40.586574554 0.010831829 0.999635994 0.024708163 -37.647514343 -0.094109848 -0.023580799 0.995282531 418.669555664
0.995411277 -0.013429053 0.094742291 40.878746033 0.011123685 0.999630034 0.024819368 -37.823081970 -0.095040552 -0.023651592 0.995192349 420.931457520
0.995337367 -0.013785207 0.095464870 41.171436310 0.011489398 0.999632418 0.024556814 -38.001464844 -0.095768288 -0.023345478 0.995129764 423.187957764
0.995280027 -0.014101204 0.096014492 41.473907471 0.011695871 0.999604642 0.025568642 -38.177555084 -0.096337095 -0.024324989 0.995051503 425.456237793
0.995198190 -0.013282831 0.096975125 41.770538330 0.010764813 0.999592364 0.026442815 -38.356647491 -0.097286835 -0.025271917 0.994935453 427.704254150
0.995141029 -0.012513001 0.097661152 42.082492828 0.009901084 0.999581516 0.027183643 -38.529739380 -0.097960427 -0.026084611 0.994848430 429.983825684
0.995080888 -0.012354909 0.098292321 42.388793945 0.009714807 0.999580204 0.027293133 -38.703174591 -0.098588265 -0.026203983 0.994783223 432.259063721
0.995023131 -0.012910779 0.098803721 42.702743530 0.010303932 0.999586403 0.026849043 -38.885910034 -0.099109523 -0.025697352 0.994744658 434.524749756
0.994952142 -0.011769979 0.099659003 43.000427246 0.009074715 0.999581873 0.027455142 -39.057319641 -0.099940486 -0.026412170 0.994642735 436.780853271
0.994893193 -0.012313726 0.100179367 43.312957764 0.009545314 0.999560475 0.028067108 -39.235870361 -0.100480959 -0.026967529 0.994573414 439.061889648
0.994943500 -0.012299644 0.099680655 43.638580322 0.009556112 0.999563575 0.027954103 -39.402809143 -0.099980973 -0.026860191 0.994626701 441.333251953
0.995026767 -0.011480722 0.098945104 44.000606537 0.008654571 0.999543488 0.028944878 -39.587970734 -0.099232264 -0.027944596 0.994671822 443.624114990
0.994955897 -0.012147981 0.099574655 44.312671661 0.009273497 0.999528229 0.029279813 -39.758251190 -0.099883363 -0.028208723 0.994599223 445.892456055
0.994959831 -0.012565214 0.099483900 44.628936768 0.009712069 0.999528885 0.029112019 -39.933948517 -0.099802852 -0.027999094 0.994613171 448.157501221
0.994981766 -0.012064706 0.099326022 44.956577301 0.009236083 0.999539971 0.028888913 -40.107696533 -0.099628888 -0.027826559 0.994635522 450.414276123
0.994937778 -0.011479693 0.099834949 45.267829895 0.008652193 0.999550343 0.028708760 -40.282840729 -0.100119628 -0.027699634 0.994589746 452.668273926
0.994853139 -0.011255439 0.100700319 45.575511932 0.008389584 0.999548912 0.028837632 -40.445339203 -0.100979470 -0.027844375 0.994498789 454.930603027
0.994840801 -0.011475003 0.100797221 45.888622284 0.008632110 0.999553740 0.028595114 -40.622661591 -0.101080358 -0.027577493 0.994495988 457.191955566
0.994869947 -0.010413665 0.100624867 46.218933105 0.007670876 0.999589443 0.027606169 -40.788841248 -0.100871071 -0.026692668 0.994541287 459.476776123
0.994889081 -0.009599777 0.100516617 46.538818359 0.006803777 0.999581277 0.028122267 -40.961952209 -0.100744516 -0.027294638 0.994537830 461.756774902
0.994901299 -0.009511935 0.100403786 46.855751038 0.006598921 0.999548674 0.029305346 -41.132354736 -0.100637227 -0.028493365 0.994515121 464.031677246
0.994922221 -0.009518528 0.100195460 47.163745880 0.006553266 0.999531865 0.029882446 -41.299564362 -0.100432999 -0.029074097 0.994519055 466.298645020
0.994988143 -0.010047921 0.099487059 47.479347229 0.007208028 0.999557376 0.028863784 -41.469081879 -0.099733047 -0.028002016 0.994620144 468.580413818
0.995067537 -0.009825717 0.098711766 47.806598663 0.007049454 0.999570787 0.028434468 -41.644126892 -0.098948807 -0.027598349 0.994709730 470.877136230
0.995121837 -0.010243286 0.098120540 48.119541168 0.007357469 0.999530971 0.029727772 -41.824188232 -0.098379038 -0.028860833 0.994730353 473.158905029
0.995110750 -0.010233835 0.098234043 48.425621033 0.007303848 0.999518991 0.030140011 -41.995918274 -0.098495238 -0.029275162 0.994706750 475.439453125
0.995141089 -0.009826079 0.097967535 48.722751617 0.006915270 0.999525905 0.030007379 -42.157920837 -0.098215930 -0.029184109 0.994737089 477.715820312
0.995147347 -0.009930557 0.097893752 49.036155701 0.006998968 0.999518037 0.030244669 -42.321304321 -0.098146901 -0.029412743 0.994737208 480.002136230
0.995160937 -0.010436787 0.097702488 49.346820831 0.007441830 0.999492586 0.030968241 -42.490695953 -0.097976126 -0.030091302 0.994733691 482.271575928
0.995198727 -0.010941962 0.097261257 49.659690857 0.008018045 0.999505579 0.030402686 -42.658275604 -0.097545855 -0.029476870 0.994794428 484.549743652
0.995291829 -0.010976303 0.096300654 49.975200653 0.008052700 0.999496400 0.030695418 -42.831436157 -0.096589088 -0.029775418 0.994878888 486.829956055
0.995288312 -0.010770143 0.096359864 50.270988464 0.007825724 0.999492407 0.030882400 -42.991222382 -0.096643567 -0.029982807 0.994867265 489.117462158
0.995276034 -0.010409271 0.096525721 50.576663971 0.007413426 0.999481142 0.031343605 -43.155342102 -0.096801914 -0.030479956 0.994836807 491.420898438
0.995350897 -0.009936132 0.095801175 50.891395569 0.006908413 0.999467671 0.031884253 -43.318378448 -0.096066974 -0.031074192 0.994889736 493.702758789
0.995318294 -0.009269980 0.096204400 51.187126160 0.006287513 0.999491513 0.031258345 -43.477073669 -0.096445218 -0.030507112 0.994870663 495.994598389
0.995354176 -0.009197195 0.095840156 51.508411407 0.006260928 0.999503076 0.030892937 -43.651100159 -0.096076652 -0.030149369 0.994917214 498.289459229
0.995392680 -0.008958507 0.095463052 51.817874908 0.005969211 0.999484241 0.031553339 -43.813598633 -0.095696501 -0.030838128 0.994932771 500.582336426
0.995377243 -0.008291424 0.095684029 52.118072510 0.005294818 0.999488831 0.031529222 -43.976989746 -0.095896535 -0.030876840 0.994912267 502.862121582
0.995418668 -0.007428227 0.095323265 52.431735992 0.004501256 0.999512792 0.030884108 -44.143882751 -0.095506243 -0.030313540 0.994967163 505.150115967
0.995401442 -0.007319841 0.095511250 52.735015869 0.004325627 0.999493778 0.031518802 -44.307319641 -0.095693611 -0.030960718 0.994929194 507.439147949
0.995447397 -0.007754868 0.094996385 53.045688629 0.004898647 0.999529958 0.030263016 -44.470817566 -0.095186412 -0.029659890 0.995017469 509.729705811
0.995493293 -0.008281459 0.094468832 53.363929749 0.005372737 0.999504864 0.031003172 -44.641792297 -0.094678812 -0.030355897 0.995044947 512.027099609
0.995472550 -0.007924309 0.094718136 53.666328430 0.005006848 0.999506831 0.030999575 -44.803733826 -0.094917081 -0.030384991 0.995021343 514.328674316
0.995517135 -0.007194715 0.094306961 53.978389740 0.004308458 0.999517143 0.030772883 -44.970607758 -0.094482817 -0.030228609 0.995067477 516.631286621
0.995525002 -0.006265523 0.094290398 54.276943207 0.003411487 0.999532104 0.030399382 -45.140060425 -0.094436742 -0.029941672 0.995080531 518.919067383
0.995442986 -0.004478942 0.095253564 54.578987122 0.001557310 0.999526680 0.030724397 -45.313262939 -0.095346078 -0.030436046 0.994978905 521.251037598
0.995360792 -0.002400677 0.096182264 54.892246246 -0.000568816 0.999524355 0.030834295 -45.479309082 -0.096210547 -0.030745955 0.994886041 523.575378418
0.995303869 -0.001479276 0.096788153 55.204509735 -0.001637428 0.999482989 0.032113951 -45.640563965 -0.096785583 -0.032121621 0.994786799 525.895080566
0.995248735 -0.002100009 0.097340919 55.512973785 -0.001028679 0.999484777 0.032080226 -45.805717468 -0.097358115 -0.032027945 0.994733870 528.193847656
0.995206058 -0.004114368 0.097713135 55.823184967 0.000840716 0.999437690 0.033520248 -45.970439911 -0.097796097 -0.033277411 0.994650066 530.498107910
0.995171607 -0.005826302 0.097977437 56.151763916 0.002560472 0.999437928 0.033425238 -46.132995605 -0.098117106 -0.033012975 0.994627118 532.813964844
0.995120645 -0.005721832 0.098499209 56.459098816 0.002513419 0.999463141 0.032666314 -46.292053223 -0.098633237 -0.032259356 0.994600832 535.116516113
0.995008528 -0.006067868 0.099604845 56.767303467 0.002825145 0.999462485 0.032664675 -46.460403442 -0.099749498 -0.032220241 0.994490683 537.431518555
0.994910061 -0.005380024 0.100623101 57.076934814 0.002159257 0.999482572 0.032089785 -46.626792908 -0.100743689 -0.031709183 0.994406998 539.741271973
0.994764149 -0.004940614 0.102077737 57.372142792 0.001683375 0.999487400 0.031970918 -46.803455353 -0.102183379 -0.031631697 0.994262516 542.066223145
0.994665444 -0.004483638 0.103056610 57.702495575 0.001329417 0.999529123 0.030655019 -46.964138031 -0.103145517 -0.030354481 0.994203031 544.387573242
0.994486809 -0.005016631 0.104741655 57.999156952 0.001695948 0.999493837 0.031768586 -47.142395020 -0.104847990 -0.031415805 0.993991911 546.716003418
0.994445443 -0.005406697 0.105113849 58.328384399 0.001930451 0.999448717 0.033144895 -47.317096710 -0.105235100 -0.032757875 0.993907690 549.043945312
0.994348288 -0.005025445 0.106048197 58.645969391 0.001525740 0.999452293 0.033056442 -47.477874756 -0.106156237 -0.032707814 0.993811369 551.339660645
0.994404018 -0.005894423 0.105479643 58.990371704 0.002525453 0.999483228 0.032044630 -47.639205933 -0.105614036 -0.031598926 0.993905008 553.650146484
0.994414449 -0.006031763 0.105373494 59.325313568 0.002605497 0.999464333 0.032622889 -47.806129456 -0.105513811 -0.032166120 0.993897438 555.957946777
0.994392812 -0.006101273 0.105573386 59.663669586 0.002624762 0.999450684 0.033037454 -47.973915100 -0.105716981 -0.032575104 0.993862510 558.269409180
0.994373560 -0.005621883 0.105781250 60.003479004 0.002010740 0.999412537 0.034213565 -48.139522552 -0.105911419 -0.033808369 0.993800759 560.599182129
0.994389892 -0.006842812 0.105555139 60.349712372 0.003154934 0.999379933 0.035065427 -48.308677673 -0.105729654 -0.034535680 0.993794978 562.922973633
0.994333804 -0.006098727 0.106127791 60.683067322 0.002279529 0.999346614 0.036070954 -48.470825195 -0.106278405 -0.035624642 0.993698180 565.230957031
0.994322062 -0.005252399 0.106282637 61.027317047 0.001479083 0.999366760 0.035550389 -48.634571075 -0.106402047 -0.035191335 0.993700266 567.541931152
0.994328260 -0.004234286 0.106270179 61.374122620 0.000614191 0.999419093 0.034074645 -48.790695190 -0.106352739 -0.033816107 0.993753254 569.857238770
0.994299352 -0.003805197 0.106557027 61.727424622 0.000132419 0.999406338 0.034453604 -48.955772400 -0.106624871 -0.034243084 0.993709445 572.179260254
0.994262934 -0.003858362 0.106893830 62.055664062 0.000086748 0.999377966 0.035265949 -49.117103577 -0.106963396 -0.035054360 0.993644774 574.542785645
0.994279444 -0.003940981 0.106738433 62.404342651 0.000025487 0.999327779 0.036659621 -49.282714844 -0.106811181 -0.036447179 0.993611038 576.849975586
0.994129956 -0.003166183 0.108146019 62.721279144 -0.000715771 0.999357343 0.035837833 -49.455741882 -0.108189993 -0.035704870 0.993488789 579.239990234
0.994164288 -0.003975186 0.107803151 63.072265625 0.000199606 0.999386847 0.035011102 -49.602569580 -0.107876249 -0.034785274 0.993555486 581.573608398
0.994148791 -0.005108473 0.107898556 63.420886993 0.001068676 0.999297500 0.037465386 -49.781738281 -0.108014122 -0.037130855 0.993455708 583.903808594
0.994219840 -0.004951980 0.107248820 63.768299103 0.000936497 0.999297798 0.037458874 -49.935188293 -0.107359000 -0.037141915 0.993526280 586.223205566
0.994178593 -0.007883233 0.107455365 64.136222839 0.003971307 0.999323189 0.036570616 -50.103321075 -0.107670926 -0.035930980 0.993537068 588.612426758
0.994180381 -0.008127924 0.107421264 64.480270386 0.004217760 0.999321938 0.036577471 -50.255451202 -0.107645735 -0.035911527 0.993540525 590.953063965
0.994182527 -0.009952574 0.107247368 64.822654724 0.005997022 0.999291956 0.037142113 -50.413864136 -0.107541099 -0.036282878 0.993538380 593.286376953
0.994221151 -0.010656199 0.106821314 65.177772522 0.006690309 0.999277353 0.037416216 -50.571968079 -0.107142858 -0.036485329 0.993573904 595.639526367
