1.000000000 0.000000000 0.000000000 0.000000000 0.000000000 1.000000000 0.000000000 0.000000000 0.000000000 0.000000000 1.000000000 0.000000000
0.999999881 0.000172392 0.000467917 0.086059354 -0.000172333 1.000000000 -0.000125699 -0.225899130 -0.000467939 0.000125618 0.999999881 2.288228512
0.999999046 0.000598544 0.001245902 0.163703337 -0.000599093 0.999999702 0.000439999 -0.463593036 -0.001245638 -0.000440745 0.999999046 4.585154057
0.999998331 0.000216911 0.001770028 0.261291951 -0.000217959 0.999999821 0.000591459 -0.694280803 -0.001769900 -0.000591844 0.999998271 6.874270916
0.999996483 0.000095134 0.002647813 0.354120225 -0.000092113 0.999999344 -0.001141017 -0.926060438 -0.002647920 0.001140769 0.999995768 9.170433998
0.999986649 0.001889600 0.004807345 0.444881409 -0.001890965 0.999998152 0.000279387 -1.162552595 -0.004806808 -0.000288474 0.999988377 11.475697517
0.999962330 0.003911919 0.007751853 0.523590684 -0.003923034 0.999991298 0.001419163 -1.391399384 -0.007746235 -0.001449521 0.999968946 13.788403511
0.999946058 0.003559164 0.009765300 0.636258602 -0.003594720 0.999987006 0.003625866 -1.616847157 -0.009752266 -0.003660775 0.999945819 16.060800552
0.999938726 0.003790102 0.010398366 0.764143407 -0.003843988 0.999979258 0.005167062 -1.851599574 -0.010378566 -0.005206717 0.999932587 18.403560638
0.999927938 0.002994458 0.011619417 0.884854138 -0.003057390 0.999980688 0.005402100 -2.076507568 -0.011603016 -0.005437236 0.999917865 20.692483902
0.999927282 0.000546229 0.012047489 1.002369881 -0.000577323 0.999996483 0.002577679 -2.297958136 -0.012046037 -0.002584446 0.999924123 23.006643295
0.999917030 -0.001705996 0.012769705 1.112129211 0.001699087 0.999998391 0.000551805 -2.518936872 -0.012770624 -0.000530062 0.999918401 25.288110733
0.999913514 -0.002445090 0.012921946 1.244589806 0.002443914 0.999997020 0.000106765 -2.768708229 -0.012922169 -0.000075175 0.999916434 27.598546982
0.999902308 -0.002102714 0.013816831 1.353003502 0.002114553 0.999997556 -0.000842360 -2.995128632 -0.013815021 0.000871494 0.999904156 29.885772705
0.999889433 0.000044242 0.014871509 1.471398830 -0.000064049 0.999999106 0.001331354 -3.222583055 -0.014871436 -0.001332160 0.999888539 32.170570374
0.999888718 0.002111023 0.014766206 1.605707765 -0.002162061 0.999991715 0.003441302 -3.443891287 -0.014758818 -0.003472844 0.999885082 34.452262878
0.999856353 0.004558233 0.016325574 1.718445301 -0.004684589 0.999959290 0.007709915 -3.680444956 -0.016289767 -0.007785287 0.999836922 36.760505676
0.999832571 0.006389339 0.017147636 1.834530354 -0.006512813 0.999953210 0.007154497 -3.898744345 -0.017101118 -0.007264980 0.999827385 39.033744812
0.999804020 0.005391112 0.019046824 1.940613270 -0.005498971 0.999969065 0.005614951 -4.104413509 -0.019015964 -0.005718589 0.999802828 41.326560974
0.999809206 0.002965664 0.019310245 2.065016985 -0.003050948 0.999985635 0.004388514 -4.328849316 -0.019296955 -0.004446590 0.999803901 43.603458405
0.999816775 0.002713766 0.018950192 2.207559109 -0.002786161 0.999988854 0.003794901 -4.559042454 -0.018939681 -0.003847003 0.999813199 45.846984863
0.999810815 0.002204208 0.019325338 2.326984882 -0.002262853 0.999992907 0.003013224 -4.791475296 -0.019318558 -0.003056384 0.999808729 48.128421783
0.999814212 0.000377333 0.019272426 2.464862108 -0.000450520 0.999992847 0.003793324 -5.026113510 -0.019270850 -0.003801302 0.999807060 50.407958984
0.999786615 -0.000176774 0.020657046 2.589532614 0.000091827 0.999991477 0.004113119 -5.248518944 -0.020657595 -0.004110344 0.999778271 52.674758911
0.999775946 -0.001371653 0.021125427 2.725191832 0.001285976 0.999990940 0.004068689 -5.475756168 -0.021130810 -0.004040610 0.999768615 54.960182190
0.999750376 -0.001329497 0.022303764 2.853438139 0.001232802 0.999989808 0.004348564 -5.704359531 -0.022309318 -0.004319983 0.999741793 57.238231659
0.999733806 -0.002715517 0.022909995 2.994720936 0.002600040 0.999983788 0.005068768 -5.930036545 -0.022923389 -0.005007853 0.999724686 59.504467010
0.999695957 -0.004323066 0.024274793 3.122797012 0.004212304 0.999980509 0.004612088 -6.153896332 -0.024294257 -0.004508433 0.999694705 61.776611328
0.999678910 -0.005192876 0.024800334 3.277319431 0.005086690 0.999977589 0.004342833 -6.376037121 -0.024822326 -0.004215287 0.999683082 64.033393860
0.999650300 -0.004856702 0.025991565 3.419528008 0.004732035 0.999977112 0.004855801 -6.596770763 -0.026014550 -0.004731110 0.999650300 66.303283691
0.999636531 -0.003922219 0.026671592 3.570412159 0.003782031 0.999978721 0.005304498 -6.823673248 -0.026691834 -0.005201696 0.999630094 68.559440613
0.999600232 -0.004061797 0.027979622 3.709368229 0.003928394 0.999980688 0.004821185 -7.045251369 -0.027998663 -0.004709344 0.999596894 70.814041138
0.999583662 -0.004834676 0.028445356 3.869329214 0.004736111 0.999982655 0.003531434 -7.268694878 -0.028461933 -0.003395244 0.999589026 73.072006226
0.999566615 -0.005688066 0.028883476 4.027471066 0.005576689 0.999976635 0.003935162 -7.496400833 -0.028905183 -0.003772383 0.999575019 75.358695984
0.999518812 -0.006966492 0.030225243 4.186443329 0.006866776 0.999970615 0.003401608 -7.726212502 -0.030248052 -0.003192422 0.999537349 77.623657227
0.999511540 -0.007746288 0.030276293 4.341654301 0.007644750 0.999964893 0.003467979 -7.962461472 -0.030302092 -0.003234832 0.999535501 79.888160706
0.999479234 -0.008221959 0.031203317 4.490509033 0.008134429 0.999962687 0.002931050 -8.176926613 -0.031226251 -0.002675703 0.999508739 82.143272400
0.999469817 -0.007652747 0.031646784 4.664856911 0.007576947 0.999968112 0.002514438 -8.401947021 -0.031665020 -0.002273319 0.999495924 84.425582886
0.999421537 -0.007409542 0.033190358 4.819677830 0.007314604 0.999968827 0.002980923 -8.619689941 -0.033211410 -0.002736424 0.999444604 86.682785034
0.999414563 -0.007358820 0.033411749 4.992765903 0.007203799 0.999962747 0.004757740 -8.861421585 -0.033445515 -0.004514263 0.999430358 88.962760925
0.999384761 -0.006370737 0.034488838 5.153017044 0.006188247 0.999966323 0.005395438 -9.087480545 -0.034522038 -0.005178694 0.999390662 91.219383240
0.999360621 -0.006319630 0.035190742 5.322456837 0.006143651 0.999968112 0.005106615 -9.306859970 -0.035221890 -0.004887152 0.999367595 93.473091125
0.999342263 -0.006516584 0.035673957 5.491800308 0.006359506 0.999969602 0.004514835 -9.523563385 -0.035702284 -0.004284996 0.999353290 95.729675293
0.999314427 -0.006974245 0.036359008 5.662502289 0.006799277 0.999964714 0.004933668 -9.745373726 -0.036392134 -0.004683072 0.999326587 97.989318848
0.999276221 -0.006518214 0.037475981 5.821516037 0.006354697 0.999969721 0.004480715 -9.976987839 -0.037504055 -0.004239325 0.999287426 100.229972839
0.999204576 -0.006408771 0.039360009 5.973824501 0.006199260 0.999966025 0.005442663 -10.191921234 -0.039393552 -0.005194330 0.999210238 102.452819824
0.999219656 -0.006981751 0.038879208 6.180966377 0.006778946 0.999962747 0.005345708 -10.416591644 -0.038915094 -0.005077976 0.999229610 104.739387512
0.999180794 -0.007765635 0.039716784 6.354778767 0.007535272 0.999954045 0.005946546 -10.631842613 -0.039761126 -0.005642398 0.999193311 106.979225159
0.999154031 -0.009064635 0.040112834 6.539968491 0.008829638 0.999942839 0.006031746 -10.847602844 -0.040165216 -0.005672462 0.999176979 109.236167908
0.999117553 -0.010315188 0.040714756 6.723690987 0.010040035 0.999925375 0.006956788 -11.072329521 -0.040783487 -0.006541872 0.999146581 111.496833801
0.999095678 -0.011079931 0.041047789 6.914268017 0.010867556 0.999926329 0.005393404 -11.291602135 -0.041104529 -0.004942437 0.999142647 113.763465881
0.999055207 -0.011397297 0.041941013 7.095934868 0.011218574 0.999926984 0.004494179 -11.509859085 -0.041989170 -0.004019414 0.999109924 116.012039185
0.999017835 -0.011868661 0.042690624 7.277941704 0.011674282 0.999920249 0.004799626 -11.735675812 -0.042744197 -0.004296529 0.999076784 118.264984131
0.998969734 -0.011970458 0.043774713 7.465670109 0.011732691 0.999915123 0.005684498 -11.960595131 -0.043839041 -0.005165047 0.999025166 120.533546448
0.998960435 -0.012849548 0.043737400 7.669487953 0.012589210 0.999901414 0.006222529 -12.183610916 -0.043813046 -0.005665442 0.999023676 122.737991333
0.998887062 -0.013692251 0.045134261 7.855270386 0.013441644 0.999892533 0.005851373 -12.409885406 -0.045209534 -0.005238183 0.998963714 125.057594299
0.998848498 -0.014318867 0.045789074 8.038588524 0.014096912 0.999887288 0.005166605 -12.636019707 -0.045857888 -0.004515172 0.998937726 127.328186035
0.998832047 -0.015840309 0.045645807 8.230535507 0.015606336 0.999863148 0.005477675 -12.854904175 -0.045726340 -0.004758913 0.998942614 129.599288940
0.998857200 -0.016870916 0.044716176 8.418680191 0.016624013 0.999844432 0.005887689 -13.072364807 -0.044808555 -0.005137598 0.998982370 131.842056274
0.998912513 -0.017158112 0.043352898 8.615217209 0.016868366 0.999832928 0.007040367 -13.289628029 -0.043466449 -0.006301418 0.999035060 134.083251953
0.998963773 -0.018004837 0.041799787 8.796830177 0.017738732 0.999819934 0.006728339 -13.511762619 -0.041913409 -0.005979892 0.999103367 136.333282471
0.999028683 -0.018891070 0.039808273 9.002998352 0.018640215 0.999804139 0.006663367 -13.731303215 -0.039926354 -0.005914862 0.999185145 138.559417725
0.999024689 -0.019629810 0.039554015 9.164903641 0.019397216 0.999792278 0.006255618 -13.945671082 -0.039668597 -0.005482279 0.999197960 140.840881348
0.999019384 -0.019858209 0.039569981 9.335881233 0.019612584 0.999785960 0.006585926 -14.156571388 -0.039692298 -0.005803399 0.999195099 143.073638916
0.999054074 -0.020112131 0.038554389 9.518857956 0.019823803 0.999772727 0.007846244 -14.384551048 -0.038703427 -0.007074527 0.999225795 145.311050415
0.999071240 -0.019211957 0.038568195 9.692686081 0.018969314 0.999797881 0.006647457 -14.597519875 -0.038688123 -0.005909671 0.999233782 147.560897827
0.999087334 -0.018159064 0.038662720 9.871688843 0.017976508 0.999825537 0.005064235 -14.813665390 -0.038747940 -0.004364591 0.999239504 149.811508179
0.999103546 -0.016462091 0.039001964 10.045143127 0.016311683 0.999858379 0.004171454 -15.034296036 -0.039065104 -0.003531526 0.999230444 152.067565918
0.999111891 -0.015645204 0.039122738 10.229557991 0.015494742 0.999871373 0.004146175 -15.252014160 -0.039182577 -0.003536297 0.999225795 154.315795898
0.999102473 -0.015036437 0.039600492 10.408954620 0.014868634 0.999879181 0.004528570 -15.470350266 -0.039663803 -0.003935701 0.999205351 156.580871582
0.999116898 -0.014448274 0.039454546 10.608392715 0.014232502 0.999882102 0.005744257 -15.693653107 -0.039532885 -0.005177647 0.999204934 158.791961670
0.999045551 -0.013662920 0.041488469 10.761125565 0.013398257 0.999888122 0.006650552 -15.916102409 -0.041574687 -0.006088331 0.999116838 161.113967896
0.999011934 -0.012604314 0.042617179 10.939633369 0.012236995 0.999885798 0.008868979 -16.137428284 -0.042724106 -0.008338710 0.999052107 163.348678589
0.998994589 -0.011836338 0.043240242 11.133510590 0.011521241 0.999905288 0.007529036 -16.340150833 -0.043325260 -0.007023285 0.999036312 165.636581421
0.998959601 -0.011243383 0.044196833 11.328359604 0.010972328 0.999919534 0.006370759 -16.556364059 -0.044264909 -0.005879187 0.999002457 167.889755249
0.998887599 -0.009439249 0.046201900 11.511363029 0.009137504 0.999935508 0.006737880 -16.772075653 -0.046262521 -0.006308213 0.998909414 170.123382568
0.998768330 -0.008913600 0.048808381 11.704700470 0.008589919 0.999939859 0.006837409 -16.998086929 -0.048866387 -0.006409729 0.998784781 172.422332764
0.998643577 -0.009171107 0.051253676 11.904082298 0.008866691 0.999941647 0.006163636 -17.208837509 -0.051307209 -0.005700826 0.998666644 174.697235107
0.998565018 -0.009010931 0.052789573 12.113359451 0.008665547 0.999939501 0.006767935 -17.428770065 -0.052847367 -0.006300773 0.998582721 176.953094482
0.998514295 -0.009582779 0.053640839 12.313579559 0.009194868 0.999929845 0.007473770 -17.640462875 -0.053708680 -0.006969446 0.998532355 179.173721313
0.998509109 -0.011171135 0.053429574 12.531155586 0.010801564 0.999915719 0.007200751 -17.859643936 -0.053505518 -0.006612893 0.998545647 181.453613281
0.998472095 -0.011996400 0.053938050 12.729084015 0.011634265 0.999907553 0.007022906 -18.074298859 -0.054017309 -0.006384646 0.998519599 183.697982788
0.998538911 -0.013859202 0.052227426 12.958641052 0.013529790 0.999886334 0.006655572 -18.293867111 -0.052313734 -0.005939222 0.998613000 185.924545288
0.998554170 -0.015535713 0.051460735 13.169799805 0.015179164 0.999858081 0.007312186 -18.511480331 -0.051567029 -0.006520483 0.998648226 188.166442871
0.998565376 -0.016254431 0.051018164 13.372613907 0.015922237 0.999849379 0.006911029 -18.724428177 -0.051122807 -0.006088790 0.998673797 190.407302856
0.998518944 -0.017429389 0.051537469 13.568800926 0.017094631 0.999829769 0.006929109 -18.945457458 -0.051649470 -0.006037831 0.998647034 192.632385254
0.998481810 -0.018570570 0.051857214 13.758829117 0.018251425 0.999811530 0.006621158 -19.157184601 -0.051970392 -0.005664638 0.998632610 194.867355347
0.998501480 -0.019059511 0.051298805 13.979078293 0.018741721 0.999802113 0.006668836 -19.384681702 -0.051415768 -0.005697414 0.998661101 197.106109619
0.998530567 -0.016894082 0.051491573 14.190611839 0.016576594 0.999840975 0.006586751 -19.600259781 -0.051594663 -0.005723516 0.998651683 199.345474243
0.998538792 -0.014298777 0.052114021 14.388602257 0.013972010 0.999880373 0.006629220 -19.829437256 -0.052202590 -0.005891395 0.998619080 201.612686157
0.998512864 -0.013989381 0.052690610 14.599089622 0.013707411 0.999889731 0.005709024 -20.045900345 -0.052764662 -0.004978282 0.998594582 203.878479004
0.998477042 -0.014151108 0.053322732 14.800031662 0.013823136 0.999883175 0.006514496 -20.260189056 -0.053408701 -0.005767487 0.998556137 206.103195190
0.998459578 -0.015873197 0.053165391 15.033709526 0.015555211 0.999858618 0.006389583 -20.483671188 -0.053259287 -0.005552742 0.998565257 208.354675293
0.998395443 -0.015488626 0.054469250 15.238226891 0.015150498 0.999863327 0.006615237 -20.691282272 -0.054564271 -0.005779386 0.998493433 210.598220825
0.998329639 -0.015439346 0.055673491 15.463773727 0.015033487 0.999857247 0.007701468 -20.920530319 -0.055784460 -0.006851637 0.998419344 212.844299316
0.998270214 -0.013958594 0.057111319 15.697933197 0.013510057 0.999874830 0.008232323 -21.138040543 -0.057219084 -0.007446507 0.998333812 215.075073242
0.998093247 -0.012001051 0.060546238 15.901678085 0.011535610 0.999901235 0.008031081 -21.347099304 -0.060636651 -0.007317330 0.998133004 217.339492798
0.997953653 -0.012092892 0.062786758 16.128759384 0.011593230 0.999898195 0.008316294 -21.559553146 -0.062880933 -0.007571375 0.997992277 219.582992554
0.997830212 -0.013276866 0.064486697 16.361080170 0.012728662 0.999879301 0.008904487 -21.769783020 -0.064597137 -0.008064338 0.997878850 221.811294556
0.997726858 -0.014792418 0.065743856 16.594203949 0.014187006 0.999852657 0.009666008 -21.979024887 -0.065877147 -0.008711328 0.997789741 224.047805786
0.997664034 -0.016768649 0.066221289 16.847106934 0.016200660 0.999827325 0.009104948 -22.198278427 -0.066362508 -0.008010850 0.997763336 226.286621094
0.997632504 -0.017927881 0.066392176 17.087438583 0.017389135 0.999811113 0.008683640 -22.404541016 -0.066535309 -0.007508580 0.997755826 228.535888672
0.997578382 -0.018360918 0.067083985 17.325826645 0.017812083 0.999802828 0.008770411 -22.611989975 -0.067231774 -0.007554267 0.997708797 230.774856567
0.997512579 -0.019762680 0.067661911 17.565950394 0.019266365 0.999782562 0.007980038 -22.824827194 -0.067804910 -0.006656589 0.997676432 233.015808105
0.997517765 -0.020576112 0.067340739 17.838235855 0.020009030 0.999758482 0.009084872 -23.043910980 -0.067511410 -0.007714899 0.997688591 235.308639526
0.997493029 -0.020272164 0.067799099 18.084440231 0.019700164 0.999764562 0.009094751 -23.251491547 -0.067967512 -0.007736299 0.997657478 237.549987793
0.997452736 -0.019964948 0.068478629 18.324241638 0.019392377 0.999771237 0.009015987 -23.458555222 -0.068642959 -0.007665058 0.997611761 239.778091431
0.997420609 -0.019989047 0.068938665 18.568847656 0.019392980 0.999768555 0.009304928 -23.670349121 -0.069108702 -0.007943999 0.997577488 242.007431030
0.997379422 -0.020449895 0.069398113 18.815002441 0.019845860 0.999759018 0.009382355 -23.876653671 -0.069573261 -0.007980502 0.997544944 244.246719360
0.997338891 -0.020638064 0.069922566 19.061519623 0.020088797 0.999761641 0.008549486 -24.091068268 -0.070082366 -0.007122075 0.997515798 246.478652954
0.997357428 -0.020097177 0.069815747 19.322395325 0.019600216 0.999777496 0.007796011 -24.304849625 -0.069956906 -0.006407005 0.997529447 248.716812134
0.997336566 -0.020588469 0.069970481 19.576053619 0.020059679 0.999764740 0.008251741 -24.516662598 -0.070123926 -0.006826178 0.997514904 250.959609985
0.997315049 -0.022076188 0.069823310 19.831192017 0.021554111 0.999733865 0.008221856 -24.730409622 -0.069986224 -0.006694802 0.997525632 253.189743042
0.997298479 -0.021919899 0.070108242 20.082723618 0.021344196 0.999732077 0.008950319 -24.943347931 -0.070285641 -0.007429736 0.997499228 255.438690186
0.997260630 -0.022570612 0.070440300 20.320499420 0.021979753 0.999716520 0.009152016 -25.155782700 -0.070626907 -0.007578684 0.997473955 257.659637451
0.997242391 -0.023096353 0.070526712 20.593511581 0.022460571 0.999699771 0.009794605 -25.375078201 -0.070731767 -0.008183528 0.997461796 259.916992188
0.997215748 -0.022924276 0.070959248 20.848281860 0.022325069 0.999708176 0.009226136 -25.583206177 -0.071150042 -0.007616276 0.997436523 262.164459229
0.997193396 -0.022781750 0.071317784 21.106752396 0.022213621 0.999714971 0.008749308 -25.791740417 -0.071496785 -0.007140528 0.997415245 264.423004150
0.997170448 -0.022018420 0.071876638 21.364999771 0.021475133 0.999734759 0.008322684 -26.007509232 -0.072040819 -0.006755575 0.997378826 266.662445068
0.997112870 -0.021429824 0.072847649 21.620487213 0.020883093 0.999747813 0.008258634 -26.214689255 -0.073006250 -0.006713504 0.997308910 268.911163330
0.996984243 -0.021243336 0.074640118 21.872676849 0.020700350 0.999753416 0.008040898 -26.434604645 -0.074792519 -0.006471571 0.997178078 271.164764404
0.996874809 -0.021957926 0.075884372 22.138181686 0.021389019 0.999736786 0.008301761 -26.649589539 -0.076046668 -0.006652724 0.997082055 273.412963867
0.996709347 -0.022643553 0.077831224 22.392454147 0.021997135 0.999716282 0.009152780 -26.860105515 -0.078016378 -0.007410598 0.996924520 275.656707764
0.996632040 -0.022559963 0.078839242 22.673759460 0.021811599 0.999708712 0.010340681 -27.062067032 -0.079049557 -0.008586245 0.996833742 277.898834229
0.996516705 -0.022198353 0.080384962 22.943794250 0.021297321 0.999700725 0.012049136 -27.285041809 -0.080628380 -0.010295180 0.996691048 280.141204834
0.996442497 -0.021711662 0.081431553 23.225944519 0.020736624 0.999703109 0.012800523 -27.490955353 -0.081685290 -0.011066371 0.996596694 282.377777100
0.996356666 -0.020816069 0.082706086 23.499313354 0.019827615 0.999722064 0.012754976 -27.689653397 -0.082948595 -0.011068640 0.996492326 284.638519287
0.996247768 -0.019808602 0.084249303 23.766008377 0.018857457 0.999749362 0.012070587 -27.887685776 -0.084467284 -0.010436568 0.996371508 286.866149902
0.996260285 -0.019082623 0.084269062 24.057748795 0.018254105 0.999777257 0.010591417 -28.077932358 -0.084452406 -0.009013553 0.996386766 289.108825684
0.996192336 -0.019920100 0.084875949 24.329618454 0.019057121 0.999758244 0.010965763 -28.290260315 -0.085073881 -0.009306518 0.996331215 291.335113525
0.996185839 -0.019541755 0.085040346 24.606054306 0.018718923 0.999770045 0.010462531 -28.500955582 -0.085225232 -0.008830758 0.996322572 293.604309082
0.996213734 -0.020066185 0.084590636 24.889467239 0.019324923 0.999767423 0.009572743 -28.704891205 -0.084763065 -0.007901791 0.996369779 295.831451416
0.996206522 -0.020171279 0.084650315 25.169900894 0.019451888 0.999767363 0.009314644 -28.912076950 -0.084818527 -0.007632702 0.996367157 298.068542480
0.996212661 -0.019574160 0.084717408 25.449951172 0.018836070 0.999777436 0.009503008 -29.117147446 -0.084884562 -0.007871275 0.996359646 300.307006836
0.996162236 -0.019291874 0.085373461 25.710870743 0.018462861 0.999774516 0.010489438 -29.332872391 -0.085556589 -0.008872944 0.996293783 302.540924072
0.996159852 -0.019683965 0.085311599 25.995174408 0.018835200 0.999764800 0.010742565 -29.540071487 -0.085502990 -0.009094449 0.996296525 304.789276123
0.996141315 -0.019057471 0.085669532 26.281644821 0.018172959 0.999773324 0.011092807 -29.749172211 -0.085861519 -0.009493136 0.996261775 307.039337158
0.996136963 -0.019918816 0.085524380 26.565555573 0.019035548 0.999756813 0.011130895 -29.962682724 -0.085725307 -0.009459890 0.996273816 309.296386719
0.996091366 -0.021122554 0.085767843 26.848875046 0.020213360 0.999730051 0.011455402 -30.166395187 -0.085986666 -0.009676970 0.996249318 311.554901123
0.996069312 -0.021000220 0.086051956 27.132287979 0.020134183 0.999737680 0.010919828 -30.375652313 -0.086258695 -0.009144318 0.996230781 313.795898438
0.996086597 -0.020795133 0.085901700 27.422687531 0.019861341 0.999734104 0.011710956 -30.585605621 -0.086122394 -0.009959000 0.996234775 316.047088623
0.996043503 -0.019087549 0.086792566 27.703653336 0.018215474 0.999775469 0.010828793 -30.793039322 -0.086979762 -0.009204984 0.996167541 318.293609619
0.996043921 -0.017419560 0.087137841 27.982782364 0.016494652 0.999799848 0.011323125 -30.997413635 -0.087317631 -0.009841023 0.996131837 320.543304443
0.995971084 -0.015988261 0.088237733 28.257101059 0.015062245 0.999824405 0.011150461 -31.205717087 -0.088400513 -0.009776480 0.996036947 322.772827148
0.995927453 -0.015130945 0.088879712 28.535736084 0.014160616 0.999833167 0.011537803 -31.406009674 -0.089039467 -0.010232223 0.995975554 325.008056641
0.995938361 -0.014921045 0.088791773 28.831779480 0.013830493 0.999821305 0.012884752 -31.620269775 -0.088968165 -0.011604385 0.995966852 327.236907959
0.995913148 -0.015708284 0.088939898 29.112714767 0.014625135 0.999810815 0.012817085 -31.829406738 -0.089124419 -0.011463946 0.995954514 329.483642578
0.995917022 -0.017130800 0.088632777 29.409959793 0.016128456 0.999797881 0.012012807 -32.031661987 -0.088820659 -0.010534247 0.995991945 331.721496582
0.995904982 -0.016830893 0.088825658 29.693582535 0.015856190 0.999806225 0.011667491 -32.235267639 -0.089004807 -0.010211277 0.995978951 333.940765381
0.995885432 -0.017287560 0.088958070 29.979776382 0.016184304 0.999783099 0.013108388 -32.438522339 -0.089165390 -0.011614726 0.995949209 336.168518066
0.995948493 -0.018078851 0.088089757 30.284124374 0.016997147 0.999770820 0.013014223 -32.637844086 -0.088304840 -0.011464220 0.996027648 338.406829834
0.995952308 -0.017839143 0.088095069 30.565567017 0.016738232 0.999772429 0.013219866 -32.844398499 -0.088310860 -0.011691803 0.996024370 340.650360107
0.995989203 -0.017870530 0.087670378 30.859313965 0.016789490 0.999773860 0.013052762 -33.051086426 -0.087883808 -0.011528471 0.996064007 342.897094727
0.996003449 -0.017997950 0.087482475 31.144077301 0.016879452 0.999766409 0.013508398 -33.252426147 -0.087705150 -0.011977755 0.996074438 345.141357422
0.996043026 -0.017763015 0.087078869 31.428564072 0.016643260 0.999769449 0.013568395 -33.451576233 -0.087299816 -0.012065429 0.996109009 347.377746582
0.996089876 -0.017801709 0.086535133 31.714208603 0.016697038 0.999769807 0.013472745 -33.652595520 -0.086755060 -0.011975183 0.996157706 349.625061035
0.996103227 -0.017457766 0.086449631 31.995794296 0.016308693 0.999769270 0.013980358 -33.858093262 -0.086673751 -0.012515999 0.996158123 351.867767334
0.996140122 -0.017926013 0.085927337 32.276699066 0.016746230 0.999755621 0.014431268 -34.055213928 -0.086165056 -0.012936607 0.996196806 354.095184326
0.996161938 -0.017689224 0.085723035 32.553596497 0.016560357 0.999766767 0.013862090 -34.255756378 -0.085948259 -0.012389282 0.996222496 356.333343506
0.996208489 -0.017894158 0.085136816 32.837261200 0.016736055 0.999757707 0.014297251 -34.454212189 -0.085372008 -0.012818189 0.996266663 358.571990967
0.996263981 -0.017447429 0.084579498 33.124282837 0.016214605 0.999752283 0.015241073 -34.657348633 -0.084824473 -0.013812709 0.996300161 360.812011719
0.996314526 -0.017567823 0.083956718 33.409603119 0.016351458 0.999751389 0.015153762 -34.857704163 -0.084202074 -0.013725097 0.996354163 363.054077148
0.996349394 -0.017461138 0.083564080 33.692573547 0.016196784 0.999744236 0.015784465 -35.057266235 -0.083818309 -0.014373373 0.996377409 365.294342041
0.996392667 -0.017562047 0.083025396 33.973396301 0.016351836 0.999750197 0.015234060 -35.257766724 -0.083272219 -0.013821487 0.996430993 367.552459717
0.996399879 -0.017955650 0.082855806 34.249320984 0.016751654 0.999743998 0.015203682 -35.457946777 -0.083107613 -0.013760972 0.996445477 369.803771973
0.996418476 -0.018162249 0.082585789 34.528720856 0.017052362 0.999754786 0.014124783 -35.649135590 -0.082822084 -0.012665910 0.996483803 372.056671143
0.996472836 -0.018011915 0.081961706 34.810756683 0.016891705 0.999754488 0.014340502 -35.858016968 -0.082199886 -0.012905447 0.996532321 374.306884766
0.996556640 -0.018004999 0.080936037 35.095844269 0.016856156 0.999747574 0.014855461 -36.053993225 -0.081183068 -0.013440039 0.996608615 376.554412842
0.996478140 -0.017344870 0.082038067 35.358608246 0.016131818 0.999750793 0.015426279 -36.254165649 -0.082285188 -0.014048527 0.996509790 378.827850342
0.996455789 -0.017975960 0.082174882 35.632957458 0.016721046 0.999733150 0.015934102 -36.459476471 -0.082439385 -0.014503579 0.996490538 381.078552246
0.996480286 -0.017998720 0.081872031 35.915157318 0.016760258 0.999734819 0.015789008 -36.649368286 -0.082134485 -0.014361239 0.996517777 383.338134766
0.996483028 -0.017324820 0.081985518 36.194869995 0.016054442 0.999740958 0.016129170 -36.850723267 -0.082243741 -0.014756212 0.996502995 385.593902588
0.996506453 -0.016301490 0.081909105 36.471645355 0.015023822 0.999756038 0.016190840 -37.042293549 -0.082153045 -0.014903693 0.996508241 387.855255127
0.996521592 -0.015242089 0.081928760 36.754470825 0.013957167 0.999770820 0.016233312 -37.248054504 -0.082157403 -0.015033353 0.996505976 390.134033203
0.996520996 -0.014266060 0.082112357 37.027397156 0.012984592 0.999785781 0.016119218 -37.445755005 -0.082324728 -0.014996946 0.996492684 392.412475586
0.996552646 -0.013165159 0.081911415 37.304706573 0.011768214 0.999777377 0.017513808 -37.641258240 -0.082123756 -0.016489482 0.996485651 394.668792725
0.996488214 -0.012054884 0.082860567 37.570125580 0.010606496 0.999783516 0.017897872 -37.837692261 -0.083058394 -0.016956160 0.996400416 396.935424805
0.996420741 -0.011702997 0.083718009 37.841865540 0.010347328 0.999808550 0.016608886 -38.043048859 -0.083896354 -0.015683180 0.996351004 399.201385498
0.996375859 -0.011549718 0.084272109 38.117012024 0.010235815 0.999819517 0.016006650 -38.239421844 -0.084441766 -0.015086047 0.996314228 401.469055176
0.996274114 -0.012512902 0.085331053 38.388874054 0.011113363 0.999796212 0.016856641 -38.431667328 -0.085524581 -0.015845520 0.996210039 403.713775635
0.996232986 -0.014248971 0.085537888 38.662586212 0.012731309 0.999752164 0.018261960 -38.633041382 -0.085776895 -0.017104162 0.996167541 405.997192383
0.996177912 -0.014698385 0.086101316 38.940990448 0.013168404 0.999745548 0.018310670 -38.827079773 -0.086348549 -0.017106868 0.996118069 408.250122070
0.996111095 -0.013571898 0.087054826 39.236389160 0.012108854 0.999776781 0.017312126 -39.015026093 -0.087270357 -0.016190667 0.996053100 410.515167236
0.996074080 -0.012595330 0.087623239 39.529178619 0.011098938 0.999784410 0.017543873 -39.213260651 -0.087825298 -0.016502468 0.995999336 412.774047852
0.996018827 -0.011483899 0.088399984 39.812614441 0.010002814 0.999802351 0.017179161 -39.408027649 -0.088579819 -0.016226521 0.995936930 415.024078369
0.995927215 -0.010179550 0.089584060 40.103157043 0.008674596 0.999814928 0.017172702 -39.600193024 -0.089742295 -0.016325658 0.995831132 417.300292969
0.995885611 -0.010491902 0.090008944 40.401371002 0.008993480 0.999814391 0.017036933 -39.797698975 -0.090170979 -0.016157346 0.995795250 419.558349609
0.995789468 -0.010647219 0.091048740 40.687397003 0.009142030 0.999814808 0.016932784 -39.989799500 -0.091212153 -0.016029119 0.995702386 421.811920166
0.995709538 -0.010568690 0.091929935 40.973167419 0.009075007 0.999820173 0.016650958 -40.186214447 -0.092089377 -0.015745247 0.995626271 424.066314697
0.995634794 -0.010884894 0.092697874 41.269508362 0.009265449 0.999797106 0.017882651 -40.383724213 -0.092873737 -0.016945699 0.995533705 426.343566895
0.995588481 -0.010164480 0.093275115 41.563785553 0.008482967 0.999794602 0.018406307 -40.575786591 -0.093443044 -0.017533854 0.995470226 428.604187012
0.995525777 -0.009631804 0.093997814 41.867851257 0.007869835 0.999786675 0.019097511 -40.767089844 -0.094161712 -0.018272322 0.995389163 430.883453369
0.995526254 -0.009851893 0.093970060 42.174312592 0.008074399 0.999781549 0.019277046 -40.966644287 -0.094139427 -0.018432051 0.995388329 433.169189453
0.995495975 -0.010684693 0.094199568 42.480674744 0.008950029 0.999782860 0.018818086 -41.168102264 -0.094380185 -0.017890245 0.995375454 435.434631348
0.995510399 -0.010119106 0.094109952 42.792968750 0.008386406 0.999788284 0.018788785 -41.346927643 -0.094280154 -0.017915186 0.995384514 437.704681396
0.995460927 -0.010478167 0.094591796 43.098297119 0.008697636 0.999777496 0.019216033 -41.542743683 -0.094772108 -0.018306088 0.995330691 439.992340088
0.995492160 -0.010574784 0.094252631 43.409393311 0.008783484 0.999773204 0.019399941 -41.732460022 -0.094436407 -0.018484622 0.995359242 442.266143799
0.995464444 -0.010109066 0.094594955 43.715728760 0.008200762 0.999755323 0.020540493 -41.941310883 -0.094779462 -0.019671582 0.995303869 444.552185059
0.995424926 -0.010440525 0.094974138 44.023002625 0.008529547 0.999753356 0.020504793 -42.126667023 -0.095164791 -0.019600896 0.995268643 446.832061768
0.995413005 -0.010239718 0.095121443 44.325477600 0.008370432 0.999764204 0.020029845 -42.318389893 -0.095304124 -0.019141760 0.995264292 449.099700928
0.995436847 -0.009665199 0.094931632 44.634532928 0.007833715 0.999776304 0.019646436 -42.510326385 -0.095100299 -0.018813118 0.995289922 451.363647461
0.995364010 -0.008900410 0.095766760 44.931869507 0.007076710 0.999787390 0.019365966 -42.707088470 -0.095918752 -0.018598473 0.995215416 453.627777100
0.995278358 -0.008243153 0.096710838 45.231769562 0.006397704 0.999791801 0.019376734 -42.889423370 -0.096850418 -0.018666517 0.995123863 455.907165527
0.995234132 -0.008325526 0.097158395 45.528842926 0.006485454 0.999793887 0.019239346 -43.088256836 -0.097298540 -0.018517533 0.995082974 458.167510986
0.995268643 -0.007494842 0.096871607 45.850337982 0.005728504 0.999812484 0.018499073 -43.281730652 -0.096992090 -0.017856622 0.995124936 460.453247070
0.995267212 -0.006381368 0.096965924 46.161705017 0.004574904 0.999812007 0.018840808 -43.472831726 -0.097067915 -0.018308032 0.995109379 462.739257812
0.995310724 -0.005984205 0.096543849 46.475166321 0.004068162 0.999791026 0.020031000 -43.663475037 -0.096643537 -0.019544313 0.995127082 465.016937256
0.995341718 -0.005848359 0.096232235 46.776424408 0.003927229 0.999789417 0.020140778 -43.848262787 -0.096329764 -0.019669032 0.995155096 467.286560059
0.995434463 -0.006393090 0.095233396 47.088272095 0.004573768 0.999803066 0.019309876 -44.043544769 -0.095338091 -0.018786142 0.995267689 469.570709229
0.995486736 -0.006159699 0.094700560 47.401527405 0.004388430 0.999811828 0.018900769 -44.240402222 -0.094799124 -0.018399879 0.995326459 471.867736816
0.995573342 -0.006579235 0.093757547 47.711219788 0.004705916 0.999785125 0.020187570 -44.442726135 -0.093870200 -0.019656988 0.995390296 474.149658203
0.995551944 -0.006532968 0.093988255 48.005767822 0.004603522 0.999774516 0.020730758 -44.637664795 -0.094102487 -0.020205870 0.995357454 476.431213379
0.995630383 -0.006175193 0.093177535 48.306987762 0.004306526 0.999785841 0.020242674 -44.820419312 -0.093282588 -0.019752948 0.995443642 478.750549316
0.995656967 -0.006109999 0.092897266 48.610366821 0.004184057 0.999772549 0.020912599 -45.011924744 -0.093003914 -0.020433087 0.995456040 481.035217285
0.995693147 -0.006890159 0.092453316 48.915611267 0.004936714 0.999760091 0.021341080 -45.202060699 -0.092578188 -0.020792756 0.995488286 483.309753418
0.995703995 -0.007178469 0.092315011 49.210533142 0.005276191 0.999769032 0.020833943 -45.391731262 -0.092443243 -0.020257372 0.995511889 485.590667725
0.995751917 -0.007730132 0.091752060 49.511447906 0.005795802 0.999755681 0.021329908 -45.587806702 -0.091894515 -0.020707514 0.995553553 487.879547119
0.995825231 -0.008109806 0.090918988 49.808349609 0.006174356 0.999748647 0.021548739 -45.768966675 -0.091070890 -0.020897411 0.995625138 490.158142090
0.995845497 -0.007487381 0.090750925 50.105598450 0.005535692 0.999748349 0.021738669 -45.948318481 -0.090890847 -0.021145983 0.995636284 492.461059570
0.995894670 -0.006816023 0.090262227 50.406902313 0.004834531 0.999742925 0.022153080 -46.133216858 -0.090390019 -0.021625759 0.995671630 494.749023438
0.995874286 -0.006242900 0.090528846 50.691772461 0.004289878 0.999754190 0.021752026 -46.317543030 -0.090642370 -0.021273924 0.995656252 497.055603027
0.995915890 -0.006113261 0.090078838 50.997539520 0.004183030 0.999757886 0.021601478 -46.515487671 -0.090189084 -0.021136455 0.995700359 499.368957520
0.995948076 -0.006073545 0.089724623 51.290615082 0.004093094 0.999744236 0.022240076 -46.701244354 -0.089836739 -0.021782707 0.995718241 501.664489746
0.995966792 -0.005754795 0.089538112 51.582843781 0.003757333 0.999740660 0.022461098 -46.892219543 -0.089644149 -0.022034083 0.995730102 503.950225830
0.995985210 -0.004885265 0.089384377 51.873977661 0.002956301 0.999760151 0.021700233 -47.078842163 -0.089468934 -0.021348864 0.995760798 506.243927002
0.995989263 -0.004806316 0.089343950 52.161102295 0.002816388 0.999745429 0.022385413 -47.265811920 -0.089428782 -0.022044005 0.995749235 508.533264160
0.996011972 -0.005065173 0.089075737 52.455924988 0.003171522 0.999766231 0.021387581 -47.453159332 -0.089163266 -0.021019783 0.995795131 510.823120117
0.996039450 -0.005720922 0.088729180 52.756664276 0.003759144 0.999745131 0.022261100 -47.647655487 -0.088833913 -0.021839386 0.995806992 513.124633789
0.996076882 -0.005572420 0.088316046 53.056808472 0.003625187 0.999747038 0.022193547 -47.829803467 -0.088417374 -0.021786317 0.995845258 515.436157227
0.996086776 -0.005007294 0.088238329 53.344802856 0.003059216 0.999749005 0.022198873 -48.018966675 -0.088327333 -0.021842066 0.995851994 517.745239258
0.996078312 -0.004120730 0.088379681 53.626594543 0.002187365 0.999756455 0.021961380 -48.205528259 -0.088448659 -0.021681935 0.995844781 520.033203125
0.996034384 -0.002362530 0.088936374 53.924575806 0.000389129 0.999753475 0.022199711 -48.404846191 -0.088966906 -0.022077071 0.995789886 522.385131836
0.995863676 -0.000045597 0.090859920 54.198581696 -0.001995923 0.999747515 0.022377891 -48.590766907 -0.090837993 -0.022466678 0.995612144 524.713439941
0.995903671 0.001335222 0.090410858 54.514350891 -0.003447740 0.999724507 0.023213608 -48.767398834 -0.090354949 -0.023430228 0.995633960 527.044189453
0.995836079 0.000915419 0.091157436 54.805061340 -0.003037680 0.999727488 0.023145238 -48.953491211 -0.091111422 -0.023325769 0.995567501 529.349792480
0.995788574 -0.000903723 0.091675222 55.098575592 -0.001347629 0.999699056 0.024493029 -49.137046814 -0.091669790 -0.024513423 0.995487690 531.662170410
0.995739460 -0.002569063 0.092175223 55.404941559 0.000331341 0.999705076 0.024283925 -49.323638916 -0.092210427 -0.024149923 0.995446563 533.983459473
0.995726168 -0.002581965 0.092318080 55.711349487 0.000386288 0.999716818 0.023793798 -49.509178162 -0.092353351 -0.023656446 0.995445251 536.300109863
0.995661855 -0.003062529 0.092995211 56.014453888 0.000872043 0.999721348 0.023586323 -49.695365906 -0.093041539 -0.023402909 0.995387137 538.620422363
0.995593727 -0.002456300 0.093738802 56.313499451 0.000297814 0.999734640 0.023033652 -49.884162903 -0.093770504 -0.022904245 0.995330274 540.932922363
0.995498300 -0.001707907 0.094763488 56.610877991 -0.000444206 0.999742568 0.022684621 -50.071613312 -0.094777830 -0.022624597 0.995241344 543.253417969
0.995416105 -0.001292813 0.095629893 56.924388885 -0.000757337 0.999770761 0.021398978 -50.254760742 -0.095635638 -0.021373311 0.995186865 545.574768066
0.995227277 -0.001275290 0.097575717 57.188140869 -0.000898729 0.999752402 0.022233138 -50.447372437 -0.097579911 -0.022214720 0.994979739 547.897521973
0.995147824 -0.001402196 0.098380990 57.495540619 -0.000875980 0.999732494 0.023109652 -50.638282776 -0.098387085 -0.023083702 0.994880557 550.215332031
0.995100141 -0.001363270 0.098862283 57.804634094 -0.000968895 0.999722481 0.023538198 -50.827743530 -0.098866917 -0.023518650 0.994822621 552.517883301
0.995117843 -0.003026920 0.098646738 58.126564026 0.000790799 0.999742031 0.022699188 -51.014877319 -0.098689996 -0.022510361 0.994863510 554.827270508
0.995146811 -0.003309676 0.098345190 58.451751709 0.001022851 0.999728143 0.023294365 -51.205204010 -0.098395564 -0.023080723 0.994879603 557.144348145
0.995073497 -0.003007813 0.099094309 58.760139465 0.000664733 0.999719560 0.023669476 -51.389694214 -0.099137723 -0.023486992 0.994796455 559.450927734
0.995045722 -0.002251375 0.099393100 59.076843262 -0.000219871 0.999691308 0.024845414 -51.576568604 -0.099418350 -0.024744172 0.994738042 561.783081055
0.995045841 -0.002963212 0.099372931 59.403614044 0.000438079 0.999676704 0.025422873 -51.760684967 -0.099416144 -0.025253389 0.994725406 564.115783691
0.995007098 -0.002427993 0.099774599 59.724327087 -0.000171720 0.999660850 0.026039012 -51.941268921 -0.099803992 -0.025926135 0.994669259 566.436767578
0.994972348 -0.001398125 0.100139514 60.051902771 -0.001164184 0.999673545 0.025524393 -52.129234314 -0.100142516 -0.025512645 0.994645953 568.759460449
0.994983494 -0.000502005 0.100038208 60.387702942 -0.001901744 0.999711812 0.023931479 -52.307621002 -0.100021385 -0.024001677 0.994695723 571.089538574
0.994946599 -0.000117806 0.100405075 60.724529266 -0.002319810 0.999705493 0.024160704 -52.494968414 -0.100378349 -0.024271533 0.994653285 573.412841797
0.994964898 0.000045921 0.100223690 61.057796478 -0.002594086 0.999676704 0.025294600 -52.686592102 -0.100190133 -0.025427230 0.994643331 575.803466797
0.994986773 0.000139297 0.100006469 61.391494751 -0.002806923 0.999643922 0.026534325 -52.873283386 -0.099967159 -0.026682012 0.994632900 578.109191895
0.994911194 0.000538227 0.100755736 61.712627411 -0.003092753 0.999677658 0.025199171 -53.065551758 -0.100709714 -0.025382541 0.994592011 580.512451172
0.994929552 -0.000092826 0.100574486 62.042102814 -0.002448056 0.999680936 0.025139969 -53.245811462 -0.100544728 -0.025258711 0.994611859 582.854553223
0.994920552 -0.000940905 0.100658953 62.371440887 -0.001736621 0.999647081 0.026509048 -53.436531067 -0.100648366 -0.026549196 0.994567871 585.174621582
0.994979322 -0.000734512 0.100077920 62.701042175 -0.001930745 0.999646068 0.026532363 -53.615272522 -0.100061975 -0.026592378 0.994625747 587.489501953
0.994933963 -0.003517388 0.100468926 63.032428741 0.000934606 0.999668181 0.025742780 -53.808288574 -0.100526147 -0.025518470 0.994607091 589.857543945
0.994955242 -0.003820156 0.100247115 63.363044739 0.001248568 0.999668837 0.025702700 -53.986267090 -0.100312106 -0.025447870 0.994630516 592.206542969
0.994940519 -0.005797167 0.100298434 63.686370850 0.003179115 0.999650538 0.026242787 -54.169807434 -0.100415520 -0.025791151 0.994611263 594.547973633
0.994966030 -0.006222757 0.100018792 64.023139954 0.003580081 0.999640286 0.026579591 -54.353496552 -0.100148208 -0.026087718 0.994630396 596.909606934
