1.000000000 0.000000000 0.000000000 0.000000000 0.000000000 1.000000000 0.000000000 0.000000000 0.000000000 0.000000000 1.000000000 0.000000000
0.999999940 0.000058018 0.000401237 0.086994462 -0.000057978 1.000000000 -0.000099358 -0.227313980 -0.000401243 0.000099335 0.999999940 2.285940170
0.999999344 0.000486628 0.001123763 0.165924460 -0.000487176 0.999999762 0.000487244 -0.465626329 -0.001123526 -0.000487791 0.999999225 4.577850819
0.999998510 0.000044734 0.001685234 0.262669891 -0.000045637 0.999999881 0.000535963 -0.695470273 -0.001685210 -0.000536039 0.999998391 6.863433361
0.999996722 -0.000128969 0.002564511 0.356566221 0.000132127 0.999999225 -0.001231153 -0.926759660 -0.002564350 0.001231488 0.999995947 9.155622482
0.999987304 0.001333890 0.004869205 0.447258085 -0.001332677 0.999999046 -0.000252485 -1.159030318 -0.004869537 0.000245993 0.999988139 11.460274696
0.999967158 0.003797272 0.007159536 0.541088343 -0.003808328 0.999991596 0.001531307 -1.395353079 -0.007153662 -0.001558523 0.999973178 13.743404388
0.999948621 0.003624196 0.009462310 0.648102701 -0.003663007 0.999984920 0.004087587 -1.623103142 -0.009447355 -0.004122037 0.999946892 16.015369415
0.999943376 0.003769709 0.009949643 0.761800945 -0.003822071 0.999978900 0.005249037 -1.850948930 -0.009929649 -0.005286769 0.999936700 18.313510895
0.999928594 0.002772594 0.011619521 0.870196998 -0.002832883 0.999982536 0.005175286 -2.074063540 -0.011604970 -0.005207832 0.999919116 20.601755142
0.999928832 0.000385468 0.011917606 0.991625011 -0.000419557 0.999995828 0.002858021 -2.298927069 -0.011916456 -0.002862818 0.999924898 22.911849976
0.999919653 -0.001759839 0.012552369 1.100506067 0.001752714 0.999998271 0.000578663 -2.516526461 -0.012553367 -0.000556616 0.999921024 25.194808960
0.999917448 -0.002403855 0.012615862 1.234998345 0.002400659 0.999997079 0.000268480 -2.766606808 -0.012616470 -0.000238171 0.999920368 27.488222122
0.999898612 -0.002168979 0.014075634 1.333686590 0.002180863 0.999997318 -0.000829003 -2.990560293 -0.014073798 0.000859616 0.999900579 29.774068832
0.999900341 -0.000095152 0.014118497 1.466321588 0.000063727 0.999997497 0.002226272 -3.225508690 -0.014118672 -0.002225149 0.999897838 32.045768738
0.999899268 0.001885749 0.014065750 1.598068476 -0.001948149 0.999988258 0.004423899 -3.445216656 -0.014057243 -0.004450856 0.999891222 34.326969147
0.999863982 0.003899419 0.016020784 1.704749823 -0.004032678 0.999957442 0.008293970 -3.673934221 -0.015987763 -0.008357449 0.999837279 36.639648438
0.999846399 0.005768725 0.016548686 1.823290825 -0.005901991 0.999950469 0.008015466 -3.892939568 -0.016501626 -0.008111904 0.999831021 38.912284851
0.999804616 0.004826967 0.019168591 1.920611620 -0.004954597 0.999965847 0.006616378 -4.099110126 -0.019135999 -0.006710057 0.999794483 41.222789764
0.999811590 0.002358283 0.019270360 2.047998905 -0.002467125 0.999981165 0.005626302 -4.323305607 -0.019256733 -0.005672784 0.999798477 43.499717712
0.999808967 0.002342807 0.019404301 2.175606728 -0.002427443 0.999987662 0.004339267 -4.550434113 -0.019393895 -0.004385541 0.999802411 45.759220123
0.999812365 0.001692612 0.019296356 2.306689978 -0.001755454 0.999993205 0.003240181 -4.776389122 -0.019290740 -0.003273447 0.999808550 48.039424896
0.999815047 -0.000088775 0.019232787 2.444736719 0.000021223 0.999993801 0.003512517 -5.003564835 -0.019232981 -0.003511459 0.999808848 50.319469452
0.999790847 -0.000693481 0.020438863 2.573668003 0.000618372 0.999992967 0.003680902 -5.226061344 -0.020441273 -0.003667494 0.999784350 52.590713501
0.999788582 -0.001877371 0.020474963 2.715403557 0.001799255 0.999991119 0.003832974 -5.457825661 -0.020481974 -0.003795324 0.999783039 54.878463745
0.999750972 -0.002476026 0.022178529 2.838028908 0.002389285 0.999989390 0.003936652 -5.684731960 -0.022188036 -0.003882681 0.999746263 57.174995422
0.999737918 -0.003929065 0.022550829 2.982097626 0.003824429 0.999981701 0.004681264 -5.911271095 -0.022568811 -0.004593792 0.999734759 59.445686340
0.999701977 -0.005458983 0.023792351 3.114856005 0.005360397 0.999976814 0.004205456 -6.136873722 -0.023814758 -0.004076667 0.999708056 61.710597992
0.999683499 -0.006276835 0.024362385 3.264474869 0.006183318 0.999973357 0.003911977 -6.359629154 -0.024386292 -0.003760098 0.999695539 63.966800690
0.999648988 -0.005831354 0.025843397 3.402966738 0.005714422 0.999973059 0.004596207 -6.582985878 -0.025869504 -0.004446913 0.999655426 66.237075806
0.999629200 -0.004729819 0.026815107 3.552004814 0.004596931 0.999976873 0.005015134 -6.810836315 -0.026838206 -0.004890007 0.999627829 68.492172241
0.999584317 -0.005023814 0.028388364 3.688236952 0.004891386 0.999976754 0.004732395 -7.035815716 -0.028411480 -0.004591569 0.999585688 70.744865417
0.999568164 -0.005648137 0.028838186 3.848224640 0.005554202 0.999979019 0.003336362 -7.258204460 -0.028856428 -0.003174748 0.999578536 72.994636536
0.999544680 -0.006564677 0.029451536 3.999992371 0.006465627 0.999973118 0.003457091 -7.479416847 -0.029473439 -0.003265094 0.999560237 75.264381409
0.999505579 -0.007675421 0.030493122 4.165869236 0.007586512 0.999966562 0.003030308 -7.713772774 -0.030515362 -0.002797473 0.999530435 77.526824951
0.999473333 -0.008439633 0.031333279 4.307332993 0.008352544 0.999960899 0.002909281 -7.941866875 -0.031356610 -0.002646036 0.999504685 79.779716492
0.999443889 -0.008949025 0.032123283 4.460228443 0.008873696 0.999957561 0.002486800 -8.158931732 -0.032144174 -0.002200364 0.999480844 82.036544800
0.999412894 -0.007608837 0.033405829 4.621336460 0.007530526 0.999968588 0.002469401 -8.387769699 -0.033423569 -0.002216388 0.999438822 84.289329529
0.999365628 -0.007440398 0.034826204 4.785871506 0.007338475 0.999968410 0.003053525 -8.609325409 -0.034847822 -0.002796017 0.999388695 86.540138245
0.999363899 -0.007406272 0.034884222 4.954590321 0.007252364 0.999963343 0.004536401 -8.842769623 -0.034916539 -0.004280523 0.999381006 88.811599731
0.999329269 -0.006479669 0.036040034 5.115849972 0.006295387 0.999966502 0.005224379 -9.068508148 -0.036072683 -0.004993989 0.999336660 91.061897278
0.999300897 -0.006376619 0.036837399 5.288158417 0.006189558 0.999967396 0.005189804 -9.289844513 -0.036869287 -0.004958169 0.999307811 93.310966492
0.999276519 -0.006457109 0.037480373 5.457954884 0.006284202 0.999969006 0.004729278 -9.508081436 -0.037509743 -0.004490322 0.999286175 95.562866211
0.999236703 -0.007112117 0.038412038 5.629481316 0.006917629 0.999962509 0.005193734 -9.730277061 -0.038447544 -0.004924050 0.999248445 97.807838440
0.999190986 -0.006904223 0.039622400 5.795216560 0.006719746 0.999965966 0.004787204 -9.960494995 -0.039654106 -0.004517079 0.999203265 100.030242920
0.999133110 -0.007139779 0.041013144 5.963676453 0.006903076 0.999958694 0.005910117 -10.176891327 -0.041053645 -0.005621877 0.999141157 102.241561890
0.999111295 -0.007173890 0.041535996 6.159776688 0.006940917 0.999959290 0.005750443 -10.394799232 -0.041575570 -0.005457034 0.999120474 104.497268677
0.999068320 -0.008576975 0.042295888 6.337067604 0.008294224 0.999942124 0.006856042 -10.619893074 -0.042352244 -0.006498843 0.999081612 106.717391968
0.999019682 -0.009953416 0.043134216 6.527692318 0.009662636 0.999929190 0.006944546 -10.833116531 -0.043200284 -0.006520948 0.999045134 108.963768005
0.998981714 -0.011060231 0.043739613 6.724793434 0.010730073 0.999912202 0.007775910 -11.055567741 -0.043821774 -0.007298664 0.999012709 111.212547302
0.998966515 -0.011385301 0.044002846 6.921947002 0.011114123 0.999917686 0.006402455 -11.274944305 -0.044072118 -0.005906785 0.999010801 113.474388123
0.998918056 -0.011993321 0.044931933 7.110940933 0.011772487 0.999917269 0.005176295 -11.485710144 -0.044990301 -0.004641734 0.998976648 115.732154846
0.998890996 -0.012211914 0.045471445 7.297450066 0.011972626 0.999913037 0.005531024 -11.707212448 -0.045535032 -0.004980477 0.998950243 117.945869446
0.998843491 -0.012512038 0.046421923 7.499985218 0.012230633 0.999905109 0.006341029 -11.927350044 -0.046496853 -0.005765927 0.998901784 120.186599731
0.998823106 -0.012896077 0.046755120 7.704390049 0.012587051 0.999897003 0.006897859 -12.148688316 -0.046839267 -0.006301233 0.998882592 122.392570496
0.998777866 -0.013813891 0.047454525 7.902327061 0.013512846 0.999886513 0.006658874 -12.366184235 -0.047541123 -0.006009491 0.998851299 124.616783142
0.998759210 -0.014000439 0.047791135 8.095977783 0.013726301 0.999887407 0.006059561 -12.591373444 -0.047870584 -0.005396047 0.998838961 126.878662109
0.998749077 -0.015535720 0.047527540 8.296989441 0.015245679 0.999862909 0.006459043 -12.809353828 -0.047621369 -0.005726373 0.998849034 129.154113770
0.998764336 -0.016770381 0.046784110 8.488427162 0.016465515 0.999840617 0.006894333 -13.026962280 -0.046892285 -0.006115488 0.998881221 131.406768799
0.998803437 -0.017078931 0.045825962 8.683103561 0.016712068 0.999825239 0.008376772 -13.246432304 -0.045961019 -0.007600900 0.998914301 133.644622803
0.998880565 -0.018219819 0.043655895 8.891772270 0.017910820 0.999811769 0.007458777 -13.455491066 -0.043783575 -0.006668514 0.999018729 135.892318726
0.998941064 -0.019056901 0.041877337 9.096825600 0.018775977 0.999798596 0.007091382 -13.669563293 -0.042004045 -0.006297586 0.999097586 138.120574951
0.998948812 -0.019709742 0.041386046 9.281271935 0.019391438 0.999779344 0.008078529 -13.901357651 -0.041536137 -0.007267503 0.999110579 140.380981445
0.998935640 -0.019817691 0.041651167 9.450963974 0.019471819 0.999772608 0.008693327 -14.109535217 -0.041813977 -0.007873051 0.999094367 142.609893799
0.998980522 -0.019901209 0.040519416 9.654566765 0.019528676 0.999763489 0.009569202 -14.331254005 -0.040700272 -0.008768156 0.999132931 144.833114624
0.998999476 -0.018918080 0.040523991 9.833935738 0.018587576 0.999790967 0.008517089 -14.542783737 -0.040676650 -0.007755325 0.999142230 147.067459106
0.999022007 -0.017779585 0.040481422 10.019380569 0.017509490 0.999822080 0.007016839 -14.757620811 -0.040598974 -0.006301168 0.999155641 149.313613892
0.999037683 -0.016172059 0.040769935 10.200468063 0.015936170 0.999854386 0.006104345 -14.974955559 -0.040862709 -0.005448755 0.999149919 151.555603027
0.999041677 -0.015372281 0.040980503 10.388916016 0.015132053 0.999866426 0.006165762 -15.188240051 -0.041069817 -0.005539734 0.999140918 153.787445068
0.999049008 -0.015020656 0.040931780 10.566658020 0.014747435 0.999866962 0.006968847 -15.403845787 -0.041031014 -0.006358581 0.999137640 156.023178101
0.999032557 -0.013349199 0.041901164 10.754782677 0.013021585 0.999882579 0.008081980 -15.622668266 -0.042004127 -0.007528542 0.999089062 158.246810913
0.998994172 -0.012673756 0.043011494 10.942222595 0.012291346 0.999882638 0.009143778 -15.836722374 -0.043122325 -0.008605912 0.999032736 160.477416992
0.998953700 -0.011499011 0.044263232 11.113750458 0.011029758 0.999880433 0.010831111 -16.050138474 -0.044382483 -0.010331566 0.998961210 162.742675781
0.998923600 -0.011082374 0.045045443 11.300951004 0.010648143 0.999894619 0.009868381 -16.248523712 -0.045150075 -0.009378103 0.998936176 164.987365723
0.998885810 -0.010317924 0.046050470 11.498525620 0.009914491 0.999910533 0.008980454 -16.462654114 -0.046139013 -0.008513880 0.998898864 167.217361450
0.998803616 -0.008489883 0.048157394 11.685909271 0.008057904 0.999925673 0.009157151 -16.672737122 -0.048231553 -0.008758148 0.998797774 169.451232910
0.998668492 -0.007724469 0.051004380 11.872834206 0.007241332 0.999927223 0.009650432 -16.894992828 -0.051075209 -0.009268245 0.998651803 171.675964355
0.998548508 -0.007780619 0.053294204 12.077827454 0.007274192 0.999926567 0.009689862 -17.107622147 -0.053365681 -0.009288126 0.998531818 173.929824829
0.998471022 -0.008084670 0.054683689 12.290273666 0.007549189 0.999921560 0.009991778 -17.317758560 -0.054760180 -0.009563683 0.998453736 176.177490234
0.998415947 -0.008866601 0.055562902 12.500991821 0.008270952 0.999905944 0.010941060 -17.529176712 -0.055654697 -0.010464170 0.998395205 178.411209106
0.998347759 -0.009900942 0.056601685 12.699602127 0.009305576 0.999898732 0.010772414 -17.733472824 -0.056702606 -0.010227905 0.998338699 180.646041870
0.998406410 -0.010599266 0.055428512 12.917114258 0.010023639 0.999892950 0.010652781 -17.948381424 -0.055535492 -0.010080207 0.998405933 182.903579712
0.998419821 -0.012004893 0.054896556 13.133880615 0.011424785 0.999875665 0.010868979 -18.163370132 -0.055020221 -0.010224623 0.998432875 185.142059326
0.998423994 -0.014017649 0.054340649 13.350750923 0.013389272 0.999839425 0.011910552 -18.372249603 -0.054498877 -0.011164200 0.998451471 187.376327515
0.998421729 -0.014768646 0.054184705 13.553537369 0.014184969 0.999837279 0.011140828 -18.577379227 -0.054340433 -0.010354634 0.998468757 189.608520508
0.998400927 -0.015960723 0.054231416 13.768664360 0.015388409 0.999821484 0.010954502 -18.788623810 -0.054396585 -0.010102447 0.998468280 191.847427368
0.998392522 -0.016774656 0.054137893 13.969496727 0.016198384 0.999807537 0.011065844 -19.011068344 -0.054313097 -0.010171109 0.998472154 194.087112427
0.998409212 -0.016374245 0.053953093 14.186910629 0.015780643 0.999810398 0.011409947 -19.217733383 -0.054129694 -0.010540380 0.998478293 196.326049805
0.998428285 -0.014980409 0.054005910 14.406105995 0.014352884 0.999825060 0.011988813 -19.428106308 -0.054176070 -0.011194828 0.998468637 198.566223145
0.998432636 -0.012418578 0.054573186 14.605216980 0.011828627 0.999868214 0.011120068 -19.636777878 -0.054704089 -0.010457111 0.998447835 200.815689087
0.998402476 -0.011927737 0.055228494 14.820310593 0.011368840 0.999881029 0.010422883 -19.844591141 -0.055346239 -0.009778348 0.998419344 203.074493408
0.998343289 -0.012233261 0.056223854 15.020065308 0.011646445 0.999874353 0.010753034 -20.044288635 -0.056348335 -0.010080409 0.998360276 205.296478271
0.998346090 -0.013957716 0.055768974 15.258037567 0.013342639 0.999846101 0.011386185 -20.263412476 -0.055919308 -0.010623246 0.998378754 207.546401978
0.998284638 -0.013798725 0.056898825 15.468164444 0.013156176 0.999845564 0.011652041 -20.461257935 -0.057050820 -0.010883484 0.998311877 209.786956787
0.998207390 -0.013634809 0.058275748 15.685001373 0.012904395 0.999833584 0.012891761 -20.680339813 -0.058441829 -0.012116639 0.998217285 212.004806519
0.998143375 -0.012398632 0.059632860 15.924634933 0.011632835 0.999845505 0.013171946 -20.885953903 -0.059786972 -0.012453789 0.998133481 214.234436035
0.997915864 -0.011017275 0.063580252 16.115741730 0.010197556 0.999860823 0.013202808 -21.083976746 -0.063716851 -0.012526929 0.997889400 216.489028931
0.997780323 -0.011118662 0.065656394 16.348924637 0.010246191 0.999854863 0.013610250 -21.285545349 -0.065798193 -0.012907310 0.997749448 218.725189209
0.997636974 -0.012450911 0.067567818 16.582155228 0.011532475 0.999835908 0.013965896 -21.479860306 -0.067730621 -0.013153669 0.997616947 220.947463989
0.997540891 -0.013773223 0.068720177 16.823684692 0.012803342 0.999812365 0.014534028 -21.674331665 -0.068907455 -0.013618439 0.997530043 223.171997070
0.997485697 -0.015809832 0.069083758 17.079502106 0.014881017 0.999792099 0.013938797 -21.879810333 -0.069289774 -0.012875712 0.997513473 225.392883301
0.997459412 -0.017339269 0.069094695 17.327140808 0.016432550 0.999771655 0.013669707 -22.077249527 -0.069315933 -0.012499578 0.997516453 227.639968872
0.997398019 -0.017144985 0.070023268 17.564363480 0.016219569 0.999773860 0.013763065 -22.274026871 -0.070243388 -0.012591507 0.997450411 229.876312256
0.997336328 -0.018381424 0.070585534 17.810564041 0.017513590 0.999763608 0.012894119 -22.478500366 -0.070805855 -0.011623570 0.997422338 232.116943359
0.997309208 -0.019225661 0.070743501 18.062046051 0.018304253 0.999739349 0.013649970 -22.673170090 -0.070987485 -0.012318335 0.997401118 234.351531982
0.997260988 -0.018292060 0.071664974 18.327650070 0.017309234 0.999747694 0.014311316 -22.879266739 -0.071908675 -0.013031651 0.997326076 236.613830566
0.997207046 -0.018231682 0.072428793 18.570415497 0.017242106 0.999749541 0.014264636 -23.074762344 -0.072670721 -0.012975968 0.997271597 238.833038330
0.997177958 -0.018335244 0.072800465 18.821336746 0.017326387 0.999745190 0.014465302 -23.273157120 -0.073047146 -0.013163112 0.997241616 241.050094604
0.997126639 -0.018821241 0.073378675 19.070724487 0.017775219 0.999731243 0.014882232 -23.474431992 -0.073639058 -0.013535148 0.997193038 243.288299561
0.997086525 -0.019173285 0.073829539 19.323989868 0.018166019 0.999732852 0.014290566 -23.679216385 -0.074083827 -0.012907743 0.997168481 245.513671875
0.997088134 -0.018982535 0.073856913 19.586156845 0.018020678 0.999744117 0.013667974 -23.882308960 -0.074097462 -0.012297221 0.997175157 247.750457764
0.997069478 -0.019419612 0.073994726 19.849191666 0.018410737 0.999728322 0.014292282 -24.084690094 -0.074252166 -0.012888104 0.997156203 249.983322144
0.997038543 -0.020703839 0.074064314 20.112586975 0.019700954 0.999704421 0.014245849 -24.285406113 -0.074337378 -0.012744523 0.997151732 252.212585449
0.997028768 -0.020842724 0.074156523 20.378396988 0.019777438 0.999690771 0.015070907 -24.487182617 -0.074447729 -0.013559501 0.997132719 254.468200684
0.997010887 -0.021907268 0.074090011 20.630367279 0.020819874 0.999664307 0.015417350 -24.687196732 -0.074402906 -0.013828719 0.997132421 256.687561035
0.996984005 -0.022206876 0.074361742 20.902156830 0.021040294 0.999643564 0.016434867 -24.905321121 -0.074700199 -0.014820704 0.997095883 258.950805664
0.996938705 -0.021808008 0.075083479 21.160108566 0.020677930 0.999661386 0.015795659 -25.099319458 -0.075402535 -0.014194734 0.997052133 261.195861816
0.996921778 -0.021840464 0.075298272 21.428455353 0.020750273 0.999668658 0.015230430 -25.294490814 -0.075605966 -0.013621089 0.997044683 263.447357178
0.996888161 -0.021210143 0.075920805 21.695993423 0.020109097 0.999681771 0.015237836 -25.505365372 -0.076219819 -0.013663724 0.996997356 265.688262939
0.996840537 -0.020533251 0.076728590 21.962018967 0.019458266 0.999702096 0.014731720 -25.692102432 -0.077008225 -0.013192170 0.996943176 267.925262451
0.996691406 -0.020372109 0.078684054 22.217632294 0.019260062 0.999704003 0.014866333 -25.901826859 -0.078963622 -0.013301687 0.996788740 270.190704346
0.996618569 -0.021074576 0.079417773 22.503704071 0.019917453 0.999684095 0.015334259 -26.104854584 -0.079715848 -0.013700611 0.996723473 272.438262939
0.996411562 -0.021806793 0.081783369 22.753293991 0.020569548 0.999661326 0.015940571 -26.300062180 -0.082103267 -0.014201125 0.996522665 274.684265137
0.996324837 -0.021861408 0.082817949 23.037755966 0.020491941 0.999639452 0.017350011 -26.491420746 -0.083167389 -0.015589145 0.996413648 276.921020508
0.996272624 -0.020725163 0.083733924 23.328773499 0.019238710 0.999643445 0.018520234 -26.687837601 -0.084087901 -0.016840268 0.996316075 279.171234131
0.996142626 -0.021079740 0.085179441 23.608551025 0.019528497 0.999628603 0.019003991 -26.878477097 -0.085548393 -0.017267253 0.996184349 281.419616699
0.996019602 -0.020414449 0.086765513 23.881595612 0.018746097 0.999624193 0.019999895 -27.073373795 -0.087141193 -0.018293770 0.996027946 283.664245605
0.996075869 -0.019463954 0.086336993 24.194799423 0.017906647 0.999663353 0.018775538 -27.255401611 -0.086673357 -0.017155856 0.996089041 285.921173096
0.995941460 -0.018891742 0.087998547 24.464052200 0.017364515 0.999685645 0.018088510 -27.444538116 -0.088312596 -0.016487041 0.995956421 288.150421143
0.995890141 -0.019063184 0.088539869 24.737657547 0.017545776 0.999686182 0.017884966 -27.636379242 -0.088853009 -0.016257966 0.995912075 290.380371094
0.995887697 -0.019219723 0.088533610 25.030939102 0.017764037 0.999694228 0.017200923 -27.821533203 -0.088837139 -0.015557475 0.995924592 292.625366211
0.995900571 -0.019640734 0.088295624 25.319656372 0.018246142 0.999696136 0.016574074 -28.015640259 -0.088594310 -0.014895073 0.995956421 294.853607178
0.995885491 -0.019542223 0.088487953 25.605693817 0.018138342 0.999697089 0.016641706 -28.210033417 -0.088786364 -0.014968210 0.995938241 297.087860107
0.995877385 -0.018881593 0.088723280 25.891946793 0.017466953 0.999708116 0.016693935 -28.397336960 -0.089012586 -0.015075386 0.995916486 299.325347900
0.995796204 -0.018869346 0.089632913 26.154548645 0.017338347 0.999690711 0.017828880 -28.595096588 -0.089941621 -0.016199838 0.995815277 301.562347412
0.995799184 -0.019138735 0.089541458 26.449811935 0.017596109 0.999683380 0.017985890 -28.784603119 -0.089857347 -0.016334750 0.995820701 303.810211182
0.995746076 -0.019052338 0.090148479 26.742546082 0.017490419 0.999683380 0.018084520 -28.973644257 -0.090464503 -0.016430859 0.995764136 306.052337646
0.995732665 -0.019910475 0.090111077 27.034996033 0.018357718 0.999668956 0.018027836 -29.171581268 -0.090440176 -0.016296670 0.995768666 308.298126221
0.995683074 -0.021055102 0.090398408 27.330871582 0.019457420 0.999639153 0.018518956 -29.361303329 -0.090755709 -0.016680088 0.995733500 310.554504395
0.995651960 -0.020819252 0.090795249 27.629745483 0.019296346 0.999658525 0.017618774 -29.550743103 -0.091131061 -0.015790150 0.995713651 312.801544189
0.995662093 -0.020254612 0.090811908 27.926473618 0.018641744 0.999653637 0.018573806 -29.748546600 -0.091156662 -0.016800337 0.995694816 315.036437988
0.995582283 -0.018708449 0.092010722 28.217765808 0.017144449 0.999695301 0.017759217 -29.940433502 -0.092314921 -0.016103288 0.995599627 317.270690918
0.995582581 -0.016964413 0.092343956 28.509965897 0.015335814 0.999714613 0.018317381 -30.132909775 -0.092628337 -0.016820293 0.995558679 319.502807617
0.995514035 -0.016253216 0.093207665 28.804319382 0.014665986 0.999735951 0.017688781 -30.325355530 -0.093470573 -0.016242450 0.995489478 321.733398438
0.995476067 -0.015749225 0.093699552 29.098981857 0.014090897 0.999732614 0.018333785 -30.515401840 -0.093963243 -0.016930528 0.995431721 323.973480225
0.995483160 -0.015497088 0.093664132 29.400684357 0.013705526 0.999711215 0.019740639 -30.715406418 -0.093943015 -0.018367758 0.995408118 326.205596924
0.995417297 -0.015624620 0.094341308 29.690694809 0.013857882 0.999716640 0.019353302 -30.906606674 -0.094616972 -0.017957238 0.995351791 328.439971924
0.995407462 -0.016635027 0.094272554 29.996957779 0.014956154 0.999717355 0.018487398 -31.095554352 -0.094553441 -0.016992543 0.995374680 330.671722412
0.995391309 -0.016441271 0.094475672 30.292625427 0.014748090 0.999718368 0.018592276 -31.289621353 -0.094754726 -0.017113255 0.995353520 332.901885986
0.995379090 -0.016707456 0.094558783 30.589447021 0.014940343 0.999700844 0.019365197 -31.470926285 -0.094854020 -0.017862972 0.995330930 335.146911621
0.995400190 -0.017312283 0.094227046 30.900430679 0.015554707 0.999691665 0.019355267 -31.657121658 -0.094533071 -0.017800568 0.995362580 337.377899170
0.995380044 -0.017090332 0.094480239 31.188804626 0.015289047 0.999687850 0.019756401 -31.849647522 -0.094788395 -0.018220613 0.995330691 339.607421875
0.995402753 -0.016986411 0.094259247 31.496753693 0.015209745 0.999693453 0.019535271 -32.041873932 -0.094562180 -0.018011808 0.995355964 341.847656250
0.995444715 -0.017136659 0.093787849 31.801532745 0.015314059 0.999680281 0.020118617 -32.229705811 -0.094102629 -0.018590700 0.995388865 344.088165283
0.995463729 -0.016509570 0.093697622 32.097976685 0.014674162 0.999687374 0.020243909 -32.415710449 -0.094002537 -0.018777145 0.995394826 346.315551758
0.995484412 -0.016128188 0.093544073 32.393115997 0.014294324 0.999692917 0.020241324 -32.601554871 -0.093841799 -0.018812779 0.995409369 348.543518066
0.995449483 -0.015738485 0.093981959 32.684528351 0.013856506 0.999690890 0.020644052 -32.789741516 -0.094277814 -0.019247847 0.995359838 350.782653809
0.995490491 -0.015660899 0.093559846 32.982589722 0.013750358 0.999684274 0.021030433 -32.976718903 -0.093859665 -0.019649118 0.995391548 353.001586914
0.995515704 -0.015185888 0.093369573 33.281578064 0.013328799 0.999701321 0.020481227 -33.162734985 -0.093652718 -0.019144878 0.995420814 355.249023438
0.995567203 -0.015229497 0.092812836 33.584613800 0.013348728 0.999693453 0.020851362 -33.346420288 -0.093101948 -0.019520001 0.995465219 357.478088379
0.995618641 -0.014687436 0.092347309 33.885650635 0.012736273 0.999683797 0.021682529 -33.532463074 -0.092636593 -0.020411367 0.995490730 359.720855713
0.995674610 -0.014999884 0.091689974 34.193790436 0.013056236 0.999677896 0.021761259 -33.720214844 -0.091986857 -0.020470006 0.995549798 361.971099854
0.995732427 -0.015081746 0.091046475 34.498176575 0.013115511 0.999668479 0.022155758 -33.901657104 -0.091350444 -0.020867087 0.995600164 364.212066650
0.995782554 -0.015009127 0.090508685 34.795570374 0.013101960 0.999680221 0.021629166 -34.087795258 -0.090804383 -0.020352107 0.995660722 366.470489502
0.995816767 -0.015779274 0.089999646 35.084426880 0.013904680 0.999673903 0.021417977 -34.269355774 -0.090308256 -0.020076966 0.995711446 368.722106934
0.995792806 -0.015424519 0.090325281 35.367229462 0.013621413 0.999696136 0.020544915 -34.450195312 -0.090614736 -0.019228123 0.995700300 370.984802246
0.995859325 -0.016389595 0.089417525 35.671409607 0.014576502 0.999675453 0.020892212 -34.648162842 -0.089730904 -0.019502312 0.995775044 373.243225098
0.995930195 -0.016082266 0.088681318 35.969879150 0.014212013 0.999663889 0.021680905 -34.828449249 -0.089000188 -0.020332323 0.995824158 375.493804932
0.995896459 -0.016381893 0.089004777 36.250946045 0.014484012 0.999654651 0.021927573 -35.010055542 -0.089333259 -0.020548450 0.995789826 377.748931885
0.995883226 -0.016891772 0.089057915 36.539253235 0.014969199 0.999641180 0.022211831 -35.195583344 -0.089401193 -0.020787258 0.995778739 379.981262207
0.995885491 -0.016816106 0.089046426 36.837108612 0.014895008 0.999642670 0.022194870 -35.371887207 -0.089387849 -0.020777203 0.995780110 382.223571777
0.995878220 -0.015991941 0.089278527 37.128467560 0.014053084 0.999652445 0.022303473 -35.555793762 -0.089604184 -0.020956906 0.995756924 384.474334717
0.995908856 -0.014967294 0.089115523 37.424766541 0.013042945 0.999669969 0.022137191 -35.731826782 -0.089417435 -0.020884294 0.995775282 386.720672607
0.995924711 -0.013656540 0.089147612 37.723278046 0.011731213 0.999687254 0.022085434 -35.921726227 -0.089421332 -0.020949623 0.995773494 388.981445312
0.995886028 -0.012119396 0.089800842 38.009208679 0.010183890 0.999706447 0.021980263 -36.105476379 -0.090040870 -0.020975310 0.995717287 391.255798340
0.995914042 -0.010778141 0.089660890 38.304370880 0.008701312 0.999685585 0.023521865 -36.290042877 -0.089886226 -0.022645589 0.995694578 393.517883301
0.995841563 -0.009517657 0.090603128 38.589801788 0.007389512 0.999689460 0.023795201 -36.472194672 -0.090801477 -0.023026740 0.995602727 395.786804199
0.995779276 -0.009340792 0.091304012 38.881778717 0.007339911 0.999725997 0.022225779 -36.660469055 -0.091486603 -0.021461807 0.995575011 398.051391602
0.995725691 -0.009061303 0.091913819 39.173385620 0.007092748 0.999738812 0.021721477 -36.844192505 -0.092086636 -0.020976713 0.995530009 400.312866211
0.995546281 -0.010015349 0.093740188 39.445602417 0.007872415 0.999699771 0.023202298 -37.024009705 -0.093944430 -0.022361001 0.995326221 402.552490234
0.995594978 -0.011536241 0.093045220 39.771923065 0.009349349 0.999670446 0.023905298 -37.209899902 -0.093290329 -0.022930082 0.995374858 404.851745605
0.995536923 -0.011961185 0.093612000 40.065559387 0.009759603 0.999665678 0.023940764 -37.390159607 -0.093867064 -0.022920299 0.995320916 407.102203369
0.995523870 -0.011448936 0.093814068 40.378273010 0.009301534 0.999685466 0.023295358 -37.572326660 -0.094051249 -0.022318469 0.995317161 409.364288330
0.995440066 -0.010890139 0.094764613 40.676795959 0.008657798 0.999675930 0.023936057 -37.760345459 -0.094994582 -0.023006462 0.995211899 411.618682861
0.995398700 -0.010171223 0.095277473 40.972221375 0.007968688 0.999692917 0.023469055 -37.941375732 -0.095486894 -0.022601835 0.995173991 413.863311768
0.995294273 -0.009244927 0.096456639 41.276809692 0.006986197 0.999694049 0.023728548 -38.125446320 -0.096646495 -0.022943027 0.995054305 416.139526367
0.995249927 -0.009688455 0.096868753 41.586875916 0.007425413 0.999691784 0.023695206 -38.306442261 -0.097068444 -0.022863366 0.995015025 418.397674561
0.995145738 -0.009652325 0.097937807 41.884475708 0.007352839 0.999689341 0.023812883 -38.484977722 -0.098137237 -0.022977164 0.994907618 420.656127930
0.995045900 -0.010559057 0.098853521 42.179374695 0.008271906 0.999689162 0.023518099 -38.665874481 -0.099071100 -0.022583881 0.994824052 422.920471191
0.994969964 -0.010321783 0.099640541 42.488815308 0.007876775 0.999658883 0.024900565 -38.849338531 -0.099863574 -0.023990463 0.994711876 425.185272217
0.994924128 -0.010266914 0.100102887 42.800678253 0.007725192 0.999638617 0.025745761 -39.034824371 -0.100331046 -0.024841765 0.994643927 427.434906006
0.994868755 -0.009980814 0.100680202 43.115745544 0.007312814 0.999613106 0.026834102 -39.214622498 -0.100909069 -0.025960159 0.994556844 429.704528809
0.994785130 -0.009463598 0.101552442 43.427612305 0.006781647 0.999619842 0.026722338 -39.384281158 -0.101766758 -0.025894292 0.994471252 431.984008789
0.994719207 -0.009280163 0.102213643 43.735660553 0.006626876 0.999632955 0.026267312 -39.568519592 -0.102419898 -0.025451237 0.994415581 434.228912354
0.994716525 -0.009202377 0.102246337 44.054477692 0.006490683 0.999619126 0.026822306 -39.738906860 -0.102454230 -0.026016943 0.994397402 436.482666016
0.994642973 -0.009680544 0.102916591 44.368995667 0.006892666 0.999600530 0.027409917 -39.919525146 -0.103140824 -0.026553713 0.994312286 438.767364502
0.994715989 -0.009397715 0.102234058 44.707275391 0.006618682 0.999600351 0.027488366 -40.092060089 -0.102451518 -0.026666466 0.994380534 441.046112061
0.994695306 -0.009423627 0.102432497 45.023624420 0.006561988 0.999579787 0.028237958 -40.264122009 -0.102655552 -0.027416008 0.994339049 443.296600342
0.994651735 -0.009969960 0.102802671 45.345691681 0.007079457 0.999570310 0.028443640 -40.435241699 -0.103042088 -0.027563730 0.994295001 445.566986084
0.994654179 -0.010363169 0.102740526 45.671352386 0.007489427 0.999570847 0.028317289 -40.611694336 -0.102989905 -0.027396442 0.994305015 447.829467773
0.994650126 -0.009616224 0.102852792 45.996238708 0.006773959 0.999586403 0.027947985 -40.785781860 -0.103079028 -0.027101744 0.994303882 450.083862305
0.994594812 -0.009070023 0.103435680 46.311813354 0.006236687 0.999597251 0.027682861 -40.960456848 -0.103645094 -0.026888132 0.994250953 452.337005615
0.994505107 -0.008694062 0.104326189 46.627784729 0.005817585 0.999595344 0.027844639 -41.126285553 -0.104526073 -0.027084712 0.994153202 454.607696533
0.994471967 -0.008789602 0.104633428 46.942302704 0.005921657 0.999599040 0.027688624 -41.306755066 -0.104834855 -0.026915960 0.994125366 456.871276855
0.994496286 -0.007907921 0.104472719 47.277732849 0.005142055 0.999629736 0.026717382 -41.475563049 -0.104645327 -0.026033135 0.994168818 459.153930664
0.994460225 -0.007114620 0.104873762 47.597557068 0.004260347 0.999615073 0.027415210 -41.652275085 -0.105028450 -0.026816534 0.994107604 461.433166504
0.994523823 -0.006954968 0.104277723 47.931522369 0.004011428 0.999588192 0.028411089 -41.823669434 -0.104432397 -0.027837206 0.994142354 463.713592529
0.994551480 -0.006779139 0.104025833 48.248577118 0.003804732 0.999578953 0.028764809 -41.991004944 -0.104177006 -0.028212288 0.994158685 465.982574463
0.994660616 -0.007059272 0.102958418 48.581447601 0.004236464 0.999609709 0.027609924 -42.160060883 -0.103113152 -0.027026322 0.994302392 468.272430420
0.994722545 -0.007041749 0.102359705 48.914550781 0.004273992 0.999619961 0.027233729 -42.337165833 -0.102512591 -0.026652522 0.994374573 470.569488525
0.994782031 -0.007416662 0.101753078 49.235073090 0.004518393 0.999578297 0.028684312 -42.520355225 -0.101922914 -0.028074875 0.994396031 472.845458984
0.994777143 -0.007430357 0.101799622 49.546684265 0.004483146 0.999565065 0.029149365 -42.694229126 -0.101971932 -0.028540738 0.994377792 475.121887207
0.994871974 -0.006911331 0.100905702 49.867687225 0.004069383 0.999589980 0.028343124 -42.849838257 -0.101060212 -0.027787160 0.994492173 477.403686523
0.994878232 -0.007175084 0.100825734 50.186080933 0.004275775 0.999571800 0.028942393 -43.020973206 -0.100990258 -0.028363045 0.994483054 479.681396484
0.994916558 -0.007953431 0.100387931 50.508918762 0.005002057 0.999548733 0.029617252 -43.194568634 -0.100578196 -0.028964542 0.994507432 481.954956055
0.994977951 -0.008632304 0.099721678 50.826404572 0.005747392 0.999557555 0.029180802 -43.366973877 -0.099929459 -0.028461115 0.994587362 484.225830078
0.995062888 -0.008563441 0.098876193 51.146999359 0.005600245 0.999527931 0.030207511 -43.546199799 -0.099088199 -0.029504646 0.994641125 486.506469727
0.995101154 -0.009629360 0.098391682 51.456943512 0.006754128 0.999541700 0.029513720 -43.705924988 -0.098630771 -0.028704591 0.994710028 488.790557861
0.995109439 -0.009181634 0.098350056 51.769454956 0.006260609 0.999531269 0.029967828 -43.871406555 -0.098579116 -0.029205538 0.994700551 491.090820312
0.995231628 -0.008925129 0.097130440 52.093284607 0.006014057 0.999525130 0.030222349 -44.037036896 -0.097354054 -0.029494090 0.994812667 493.368072510
0.995183647 -0.008211276 0.097683445 52.388225555 0.005329967 0.999544024 0.029720843 -44.199489594 -0.097882949 -0.029057045 0.994773626 495.656005859
0.995202899 -0.007893347 0.097513653 52.712848663 0.005029982 0.999549925 0.029574752 -44.378028870 -0.097703226 -0.028942388 0.994794607 497.961669922
0.995211363 -0.007915445 0.097425267 53.023452759 0.004986006 0.999529183 0.030275363 -44.547092438 -0.097619034 -0.029644629 0.994782209 500.253021240
0.995212376 -0.007064251 0.097480617 53.334575653 0.004097466 0.999523282 0.030601300 -44.717636108 -0.097650342 -0.030055368 0.994766831 502.535003662
0.995274782 -0.006001226 0.096912548 53.655387878 0.003136727 0.999554396 0.029682921 -44.884136200 -0.097047485 -0.029238677 0.994850159 504.814514160
0.995284438 -0.005920874 0.096818805 53.966030121 0.002991158 0.999534011 0.030376978 -45.053035736 -0.096953541 -0.029944129 0.994838297 507.106781006
0.995276153 -0.006092516 0.096893087 54.264884949 0.003268578 0.999565959 0.029276948 -45.218978882 -0.097029403 -0.028821949 0.994864106 509.383728027
0.995315194 -0.006803967 0.096443713 54.584178925 0.003913819 0.999538481 0.030124746 -45.392501831 -0.096604161 -0.029606154 0.994882464 511.679992676
0.995360970 -0.006252880 0.096007556 54.906524658 0.003375214 0.999540925 0.030106520 -45.557010651 -0.096151739 -0.029642811 0.994925201 513.989685059
0.995378077 -0.005599818 0.095870383 55.214626312 0.002734472 0.999546289 0.029993044 -45.728187561 -0.095994852 -0.029592261 0.994941831 516.289550781
0.995373547 -0.004617430 0.095970079 55.516365051 0.001775531 0.999557853 0.029676674 -45.898746490 -0.096064694 -0.029368972 0.994941711 518.579772949
0.995316267 -0.002267799 0.096645363 55.822444916 -0.000640678 0.999548078 0.030052679 -46.070079803 -0.096669838 -0.029973838 0.994865000 520.901000977
0.995260119 -0.000480442 0.097246848 56.140460968 -0.002444567 0.999548197 0.029956803 -46.235500336 -0.097217299 -0.030052539 0.994809330 523.225646973
0.995215476 0.000157985 0.097704105 56.458789825 -0.003199477 0.999515057 0.030973736 -46.397769928 -0.097651832 -0.031138144 0.994733393 525.534606934
0.995165646 -0.000507639 0.098209202 56.768249512 -0.002548182 0.999516547 0.030987484 -46.565811157 -0.098177455 -0.031087935 0.994683206 527.837463379
0.995154142 -0.002393875 0.098297760 57.089332581 -0.000780452 0.999479771 0.032241818 -46.730010986 -0.098323822 -0.032162298 0.994634628 530.137451172
0.995115876 -0.004132646 0.098628268 57.416755676 0.000978976 0.999487460 0.032002319 -46.894004822 -0.098709963 -0.031749465 0.994609594 532.455566406
0.995094776 -0.004327813 0.098831601 57.735549927 0.001219375 0.999503314 0.031490635 -47.063629150 -0.098918788 -0.031215647 0.994605780 534.768493652
0.995007813 -0.004606303 0.099689811 58.056758881 0.001499221 0.999511421 0.031219995 -47.229301453 -0.099784903 -0.030914688 0.994528651 537.084289551
0.994927824 -0.004057020 0.100509636 58.370044708 0.000965488 0.999525428 0.030788127 -47.401355743 -0.100586869 -0.030534923 0.994459569 539.383300781
0.994865537 -0.003613561 0.101141207 58.688915253 0.000506763 0.999527812 0.030726274 -47.576824188 -0.101204470 -0.030517261 0.994397461 541.690917969
0.994803131 -0.003264257 0.101764344 59.013046265 0.000243123 0.999559224 0.029685823 -47.743881226 -0.101816371 -0.029506810 0.994365513 544.003845215
0.994695425 -0.003470940 0.102805011 59.326488495 0.000314340 0.999528348 0.030705029 -47.917610168 -0.102863118 -0.030509835 0.994227469 546.310791016
0.994605184 -0.003521790 0.103673413 59.634807587 0.000280830 0.999511242 0.031259269 -48.081031799 -0.103732802 -0.031061510 0.994120181 548.592346191
0.994524777 -0.003867154 0.104429483 59.951843262 0.000573137 0.999501824 0.031554587 -48.250724792 -0.104499497 -0.031321965 0.994031549 550.886962891
0.994544148 -0.004815828 0.104204990 60.286926270 0.001648551 0.999534667 0.030459473 -48.414428711 -0.104303196 -0.030121505 0.994089246 553.196777344
0.994541764 -0.005533108 0.104192339 60.622074127 0.002314228 0.999517024 0.030989217 -48.586410522 -0.104313493 -0.030578950 0.994074166 555.512329102
0.994458377 -0.005135752 0.105006762 60.941467285 0.001828137 0.999499857 0.031571098 -48.755416870 -0.105116367 -0.031204170 0.993970394 557.814880371
0.994395137 -0.004330799 0.105638131 61.267833710 0.000889341 0.999467969 0.032603178 -48.922462463 -0.105723105 -0.032326493 0.993870139 560.144592285
0.994383335 -0.004978803 0.105721094 61.606727600 0.001456383 0.999442041 0.033369143 -49.091670990 -0.105828233 -0.033027742 0.993835807 562.470275879
0.994347751 -0.004255309 0.106086262 61.940864563 0.000610241 0.999409080 0.034368273 -49.255226135 -0.106169820 -0.034109280 0.993762791 564.778076172
0.994291186 -0.003255367 0.106651045 62.279388428 -0.000374515 0.999421835 0.033997428 -49.423374176 -0.106700063 -0.033843286 0.993715107 567.087219238
0.994277835 -0.002500043 0.106795810 62.623577118 -0.000974249 0.999472260 0.032467544 -49.582660675 -0.106820628 -0.032385796 0.993750751 569.408569336
0.994242132 -0.002177094 0.107134439 62.966598511 -0.001340485 0.999462664 0.032750349 -49.749824524 -0.107148178 -0.032705396 0.993704975 571.741210938
0.994249403 -0.002034290 0.107069761 63.317432404 -0.001547359 0.999442279 0.033357851 -49.910442352 -0.107077897 -0.033331700 0.993691742 574.054931641
0.994103789 -0.002242952 0.108409792 63.632793427 -0.001527821 0.999396980 0.034687012 -50.086318970 -0.108422235 -0.034648117 0.993500888 576.405883789
0.994033098 -0.001374081 0.109070949 63.967861176 -0.002209035 0.999461949 0.032723621 -50.240386963 -0.109057225 -0.032769296 0.993495166 578.731933594
0.994081736 -0.002865244 0.108597018 64.318267822 -0.000902440 0.999399841 0.034629155 -50.425312042 -0.108631074 -0.034522213 0.993482530 581.046997070
0.994087756 -0.003261056 0.108530387 64.665565491 -0.000528202 0.999391973 0.034867212 -50.586593628 -0.108578078 -0.034718394 0.993481457 583.370056152
0.994128048 -0.004310451 0.108124375 65.022560120 0.000464765 0.999367177 0.035567261 -50.757369995 -0.108209260 -0.035308156 0.993500888 585.713439941
0.994074583 -0.005464059 0.108563818 65.357833862 0.001687904 0.999391258 0.034844320 -50.917861938 -0.108688146 -0.034454599 0.993478596 588.036376953
0.994048953 -0.005848807 0.108776808 65.699920654 0.002070741 0.999391675 0.034812853 -51.077354431 -0.108914249 -0.034380432 0.993456423 590.374389648
0.994049311 -0.007643723 0.108662412 66.048538208 0.003832787 0.999371648 0.035237018 -51.238273621 -0.108863473 -0.034610853 0.993453979 592.704406738
0.994107187 -0.008046040 0.108103909 66.406021118 0.004240095 0.999364495 0.035390217 -51.397453308 -0.108319983 -0.034723282 0.993509471 595.052551270
