1.000000000 0.000000000 0.000000000 0.000000000 0.000000000 1.000000000 0.000000000 0.000000000 0.000000000 0.000000000 1.000000000 0.000000000
0.999999881 0.000153159 0.000472892 0.088257805 -0.000153107 1.000000000 -0.000109437 -0.226437762 -0.000472909 0.000109365 0.999999881 2.293958664
0.999999046 0.000592591 0.001184728 0.165844634 -0.000593226 0.999999642 0.000535465 -0.466002822 -0.001184411 -0.000536167 0.999999166 4.584679127
0.999998510 0.000241081 0.001692897 0.264159799 -0.000242216 0.999999762 0.000670253 -0.695804179 -0.001692735 -0.000670662 0.999998271 6.872584820
0.999996662 0.000153270 0.002590378 0.356876493 -0.000150505 0.999999344 -0.001067543 -0.927277863 -0.002590540 0.001067150 0.999996066 9.169060707
0.999987423 0.001910192 0.004643851 0.449024737 -0.001911553 0.999998093 0.000288878 -1.162627339 -0.004643290 -0.000297751 0.999989152 11.473542213
0.999964952 0.003654902 0.007525934 0.530315757 -0.003664399 0.999992490 0.001248501 -1.390131235 -0.007521315 -0.001276035 0.999970913 13.783783913
0.999945998 0.003473162 0.009798332 0.639802396 -0.003510360 0.999986708 0.003781666 -1.618811011 -0.009785068 -0.003815857 0.999944866 16.055774689
0.999943554 0.003549844 0.010011363 0.774701655 -0.003601014 0.999980509 0.005097804 -1.852366447 -0.009993072 -0.005133567 0.999936879 18.397752762
0.999933362 0.002831230 0.011190399 0.895048141 -0.002892260 0.999980927 0.005441330 -2.078114271 -0.011174781 -0.005473332 0.999922574 20.685922623
0.999929547 0.000180131 0.011862613 1.008714199 -0.000218198 0.999994814 0.003207760 -2.311698675 -0.011861974 -0.003210122 0.999924481 23.002981186
0.999916673 -0.002108349 0.012736598 1.115732908 0.002092742 0.999996960 0.001238473 -2.532044888 -0.012739169 -0.001211715 0.999918103 25.285511017
0.999920070 -0.002775555 0.012334069 1.258328915 0.002767960 0.999995947 0.000632811 -2.780813694 -0.012335778 -0.000598620 0.999923706 27.599115372
0.999909341 -0.002468477 0.013233935 1.364965200 0.002472426 0.999996901 -0.000282011 -3.006306648 -0.013233197 0.000314706 0.999912322 29.886182785
0.999902546 0.000013806 0.013962226 1.483845234 -0.000044258 0.999997616 0.002180704 -3.237053156 -0.013962164 -0.002181110 0.999900103 32.167388916
0.999899805 0.002067687 0.014004208 1.612744927 -0.002128192 0.999988377 0.004306960 -3.456211805 -0.013995141 -0.004336333 0.999892712 34.449745178
0.999871850 0.004290102 0.015419289 1.727576017 -0.004421704 0.999953985 0.008510972 -3.690721989 -0.015382070 -0.008578063 0.999844849 36.747882843
0.999852359 0.006097529 0.016063623 1.842834830 -0.006230161 0.999946773 0.008219651 -3.909279346 -0.016012650 -0.008318518 0.999837220 39.019985199
0.999823451 0.005254459 0.018048523 1.946269751 -0.005379615 0.999961734 0.006892800 -4.117886543 -0.018011617 -0.006988676 0.999813378 41.323486328
0.999824882 0.002889069 0.018491708 2.065986156 -0.002996756 0.999978721 0.005798507 -4.340499878 -0.018474564 -0.005852906 0.999812245 43.603652954
0.999830246 0.002552130 0.018247835 2.206184626 -0.002627394 0.999988139 0.004101725 -4.555713654 -0.018237151 -0.004148973 0.999825060 45.848808289
0.999828279 0.001747465 0.018453874 2.326533079 -0.001807155 0.999993145 0.003218369 -4.784676552 -0.018448122 -0.003251165 0.999824524 48.129714966
0.999835551 -0.000392766 0.018131480 2.467517376 0.000326517 0.999993205 0.003656626 -5.014449596 -0.018132791 -0.003650104 0.999828935 50.413414001
0.999817431 -0.000936524 0.019083757 2.596221447 0.000863177 0.999992192 0.003851292 -5.236466408 -0.019087218 -0.003834116 0.999810457 52.678718567
0.999808311 -0.002079083 0.019471835 2.728952885 0.002005763 0.999990702 0.003784242 -5.465413570 -0.019479526 -0.003744459 0.999803245 54.961559296
0.999787450 -0.002720400 0.020437593 2.858101130 0.002636379 0.999987960 0.004136895 -5.694438934 -0.020448595 -0.004082134 0.999782562 57.257053375
0.999772966 -0.004305242 0.020874334 2.996318340 0.004207131 0.999979854 0.004741717 -5.918514729 -0.020894326 -0.004652818 0.999770880 59.525218964
0.999729753 -0.005700361 0.022536205 3.119591713 0.005610353 0.999975979 0.004055144 -6.141464710 -0.022558786 -0.003927612 0.999737740 61.792606354
0.999715507 -0.006557558 0.022930486 3.268160820 0.006472084 0.999971747 0.003799764 -6.364559174 -0.022954760 -0.003650275 0.999729812 64.047332764
0.999692500 -0.006104064 0.024034739 3.407051325 0.006003171 0.999972880 0.004267820 -6.585528851 -0.024060138 -0.004122223 0.999702036 66.316482544
0.999674737 -0.005166399 0.024972809 3.553177834 0.005053077 0.999976635 0.004598754 -6.812793732 -0.024995983 -0.004471069 0.999677539 68.577720642
0.999640226 -0.005293321 0.026295282 3.688820839 0.005180021 0.999976933 0.004374964 -7.038575172 -0.026317835 -0.004237180 0.999644637 70.833404541
0.999626219 -0.005991824 0.026678929 3.845207691 0.005911155 0.999977708 0.003101591 -7.263707161 -0.026696919 -0.002942727 0.999639332 73.088844299
0.999610066 -0.007075224 0.027011544 4.001271248 0.006983109 0.999969423 0.003503000 -7.490996838 -0.027035508 -0.003313009 0.999628961 75.371047974
0.999560475 -0.008368895 0.028437305 4.154110432 0.008288107 0.999961257 0.002957663 -7.721249580 -0.028460953 -0.002720672 0.999591231 77.635871887
0.999553502 -0.009239002 0.028415561 4.306579590 0.009158511 0.999953687 0.002961509 -7.955302715 -0.028441610 -0.002699943 0.999591827 79.899093628
0.999522984 -0.009701570 0.029322317 4.451546192 0.009625969 0.999950051 0.002718331 -8.173863411 -0.029347228 -0.002434779 0.999566317 82.153594971
0.999507904 -0.008937813 0.030068453 4.617379189 0.008862917 0.999957263 0.002623131 -8.403365135 -0.030090617 -0.002355346 0.999544382 84.431152344
0.999460399 -0.008689914 0.031678863 4.772618294 0.008593887 0.999958098 0.003166166 -8.622704506 -0.031705048 -0.002892213 0.999493003 86.684486389
0.999460101 -0.008371009 0.031770840 4.938782692 0.008230307 0.999955773 0.004556829 -8.857689857 -0.031807579 -0.004292885 0.999484777 88.965896606
0.999432325 -0.007375941 0.032870226 5.094486237 0.007203879 0.999959707 0.005349964 -9.086651802 -0.032908361 -0.005110134 0.999445319 91.220191956
0.999408007 -0.007292590 0.033621021 5.259042740 0.007122347 0.999961197 0.005180582 -9.306706429 -0.033657506 -0.004938055 0.999421179 93.474372864
0.999395192 -0.007582382 0.033937365 5.426749229 0.007436127 0.999962509 0.004433738 -9.521694183 -0.033969715 -0.004178694 0.999414086 95.731109619
0.999364316 -0.008147137 0.034707360 5.592288017 0.007984742 0.999956489 0.004815090 -9.742482185 -0.034745075 -0.004534900 0.999386013 97.984733582
0.999326169 -0.007714066 0.035881612 5.748261452 0.007558352 0.999961436 0.004473268 -9.975399017 -0.035914738 -0.004199048 0.999345958 100.223091125
0.999258816 -0.007629682 0.037733179 5.898306847 0.007432343 0.999957979 0.005367365 -10.189856529 -0.037772555 -0.005082940 0.999273419 102.444206238
0.999272943 -0.008186267 0.037237406 6.103487015 0.007989740 0.999953389 0.005423406 -10.417139053 -0.037280068 -0.005121945 0.999291718 104.726356506
0.999237895 -0.009082018 0.037961502 6.274860382 0.008855057 0.999941885 0.006142690 -10.633336067 -0.038015082 -0.005801857 0.999260306 106.965316772
0.999207437 -0.010493289 0.038396578 6.454337120 0.010253974 0.999926746 0.006424333 -10.851790428 -0.038461186 -0.006025525 0.999241948 109.222602844
0.999159575 -0.011605375 0.039310690 6.628183365 0.011334147 0.999910474 0.007115445 -11.074236870 -0.039389744 -0.006663912 0.999201715 111.486595154
0.999142289 -0.012368976 0.039521798 6.818177223 0.012151369 0.999909639 0.005741505 -11.295076370 -0.039589237 -0.005256336 0.999202132 113.749816895
0.999097466 -0.012847821 0.040489793 6.996324539 0.012662261 0.999908149 0.004836112 -11.515836716 -0.040548213 -0.004319055 0.999168217 116.004570007
0.999060810 -0.013245285 0.041253906 7.176339626 0.013036298 0.999900758 0.005330809 -11.743416786 -0.041320421 -0.004788005 0.999134600 118.257888794
0.999014616 -0.013899526 0.042148340 7.360881805 0.013644609 0.999886870 0.006329783 -11.970808983 -0.042231549 -0.005748448 0.999091327 120.517562866
0.998990417 -0.014768924 0.042426270 7.561388969 0.014494983 0.999872088 0.006757315 -12.194577217 -0.042520639 -0.006135526 0.999076784 122.735610962
0.998913229 -0.015598472 0.043921508 7.743252754 0.015328802 0.999861538 0.006469984 -12.419910431 -0.044016350 -0.005789690 0.999014020 125.064125061
0.998876154 -0.016739609 0.044341985 7.929881573 0.016508719 0.999848247 0.005568142 -12.638728142 -0.044428457 -0.004829855 0.999001026 127.319351196
0.998855412 -0.018261649 0.044207294 8.117093086 0.018015902 0.999819994 0.005950910 -12.856287003 -0.044308022 -0.005147664 0.999004662 129.579803467
0.998874605 -0.019446675 0.043257505 8.303692818 0.019198185 0.999796689 0.006152477 -13.070171356 -0.043368358 -0.005315089 0.999045014 131.824417114
0.998934090 -0.019679137 0.041753586 8.497722626 0.019388402 0.999784946 0.007356679 -13.287423134 -0.041889381 -0.006539303 0.999100804 134.057662964
0.998968005 -0.020740537 0.040408026 8.674654007 0.020470208 0.999765456 0.007092280 -13.507653236 -0.040545642 -0.006257801 0.999158084 136.306396484
0.999044716 -0.021600293 0.037986100 8.885318756 0.021354089 0.999748349 0.006875257 -13.723567963 -0.038125042 -0.006057532 0.999254584 138.531692505
0.999023318 -0.022251794 0.038173702 9.045246124 0.022005433 0.999734282 0.006861688 -13.942997932 -0.038316239 -0.006014957 0.999247551 140.820999146
0.999013603 -0.022663021 0.038185865 9.213191032 0.022422062 0.999725997 0.006726616 -14.148394585 -0.038327850 -0.005863776 0.999248028 143.055267334
0.999051094 -0.022785041 0.037121169 9.399960518 0.022480652 0.999710321 0.008596848 -14.383557320 -0.037306298 -0.007754182 0.999273717 145.310577393
0.999072969 -0.021964660 0.037024003 9.573578835 0.021706399 0.999737263 0.007363061 -14.595393181 -0.037176009 -0.006552577 0.999287367 147.567291260
0.999098122 -0.020812292 0.037009295 9.749940872 0.020607317 0.999770164 0.005911423 -14.812347412 -0.037123822 -0.005143430 0.999297440 149.814422607
0.999115288 -0.019345835 0.037342057 9.923839569 0.019171637 0.999803603 0.005017405 -15.032354355 -0.037431788 -0.004297059 0.999289930 152.066558838
0.999122381 -0.018611591 0.037524566 10.104741096 0.018433619 0.999817193 0.005083194 -15.248517036 -0.037612315 -0.004387020 0.999282718 154.313629150
0.999104142 -0.018136812 0.038234964 10.281773567 0.017953219 0.999825656 0.005139660 -15.463128090 -0.038321510 -0.004448615 0.999255538 156.567459106
0.999110520 -0.016647974 0.038743690 10.447555542 0.016391376 0.999841630 0.006931224 -15.685585976 -0.038852945 -0.006289997 0.999225140 158.810516357
0.999062777 -0.015941963 0.040242143 10.623354912 0.015643319 0.999847770 0.007725085 -15.900206566 -0.040359173 -0.007088324 0.999160051 161.043746948
0.999037385 -0.014601040 0.041363593 10.786718369 0.014194814 0.999848247 0.010097587 -16.130039215 -0.041504748 -0.009500720 0.999093115 163.345108032
0.999003828 -0.014133438 0.042326894 10.967689514 0.013766580 0.999865234 0.008946254 -16.328510284 -0.042447634 -0.008354646 0.999063909 165.609466553
0.998974383 -0.013569575 0.043196980 11.161991119 0.013259936 0.999884367 0.007446509 -16.538627625 -0.043293029 -0.006866084 0.999038756 167.859359741
0.998915851 -0.011720848 0.045054231 11.343689919 0.011380701 0.999904871 0.007798841 -16.751462936 -0.045141358 -0.007277639 0.998954058 170.093826294
0.998783410 -0.011479819 0.047960062 11.533626556 0.011106741 0.999906003 0.008038224 -16.980384827 -0.048047844 -0.007495762 0.998816848 172.386138916
0.998669505 -0.011694796 0.050224435 11.734769821 0.011321779 0.999906242 0.007705098 -17.192193985 -0.050309826 -0.007126217 0.998708248 174.654464722
0.998588920 -0.011536820 0.051837213 11.940901756 0.011118689 0.999903262 0.008347373 -17.409114838 -0.051928505 -0.007759231 0.998620689 176.915206909
0.998544514 -0.011965787 0.052591432 12.142563820 0.011490772 0.999890447 0.009325305 -17.619558334 -0.052697260 -0.008707414 0.998572588 179.133987427
0.998527706 -0.013554060 0.052525107 12.361736298 0.013099382 0.999873698 0.008991087 -17.841215134 -0.052640352 -0.008289805 0.998579085 181.413925171
0.998484194 -0.014345215 0.053135321 12.558050156 0.013897836 0.999864757 0.008779589 -18.052000046 -0.053254079 -0.008027816 0.998548687 183.659362793
0.998544335 -0.015691852 0.051602572 12.786791801 0.015273117 0.999847233 0.008498955 -18.271463394 -0.051728055 -0.007698452 0.998631477 185.912536621
0.998544455 -0.017376181 0.051058810 12.994329453 0.016924618 0.999813855 0.009263017 -18.486068726 -0.051210266 -0.008385384 0.998652637 188.164077759
0.998550713 -0.018173140 0.050657395 13.202098846 0.017745905 0.999803185 0.008870897 -18.695507050 -0.050808635 -0.007959078 0.998676717 190.406127930
0.998522460 -0.019323463 0.050788280 13.402173996 0.018895580 0.999781847 0.008891540 -18.915225983 -0.050949018 -0.007918728 0.998669863 192.644302368
0.998487651 -0.020455502 0.051028702 13.592355728 0.020042950 0.999762237 0.008583433 -19.122690201 -0.051192150 -0.007547687 0.998660266 194.881790161
0.998516083 -0.020882286 0.050294809 13.822063446 0.020455994 0.999750555 0.008975831 -19.355209351 -0.050469704 -0.007933680 0.998694062 197.146347046
0.998532712 -0.018763384 0.050795585 14.022667885 0.018339910 0.999793172 0.008790137 -19.561290741 -0.050950006 -0.007845651 0.998670340 199.388534546
0.998555303 -0.016772905 0.051048316 14.224805832 0.016353849 0.999829113 0.008615725 -19.777339935 -0.051184099 -0.007768440 0.998658955 201.624374390
0.998532295 -0.016187236 0.051684104 14.432028770 0.015803030 0.999844432 0.007833738 -19.988681793 -0.051802866 -0.007005473 0.998632729 203.883544922
0.998481810 -0.016376572 0.052590467 14.626409531 0.015949776 0.999836445 0.008524956 -20.196727753 -0.052721482 -0.007673208 0.998579741 206.103958130
0.998474061 -0.018191878 0.052139420 14.866479874 0.017759988 0.999804139 0.008734882 -20.417703629 -0.052288115 -0.007795557 0.998601615 208.370437622
0.998415112 -0.017710229 0.053420991 15.069624901 0.017267585 0.999812722 0.008736184 -20.617887497 -0.053565707 -0.007799886 0.998533845 210.614547729
0.998354971 -0.018607784 0.054231942 15.300053596 0.018068343 0.999782443 0.010420423 -20.851314545 -0.054414056 -0.009423401 0.998473942 212.861618042
0.998305023 -0.017182589 0.055605393 15.532960892 0.016603863 0.999803185 0.010853018 -21.061870575 -0.055780936 -0.009911357 0.998393834 215.093200684
0.998132408 -0.015877713 0.058987860 15.732476234 0.015262805 0.999824524 0.010860370 -21.269687653 -0.059149940 -0.009939764 0.998199761 217.351318359
0.998000503 -0.015860600 0.061183650 15.956311226 0.015192232 0.999819875 0.011373746 -21.477392197 -0.061353035 -0.010421488 0.998061657 219.598373413
0.997876465 -0.017542051 0.062727131 16.190889359 0.016822677 0.999786735 0.011978155 -21.682075500 -0.062923849 -0.010897484 0.997958839 221.833984375
0.997759402 -0.018995389 0.064150684 16.420333862 0.018207319 0.999751687 0.012847061 -21.884731293 -0.064378783 -0.011650265 0.997857511 224.070144653
0.997682035 -0.021037942 0.064713791 16.666933060 0.020278411 0.999717832 0.012371352 -22.096446991 -0.064955786 -0.011030385 0.997827172 226.308258057
0.997641146 -0.022353096 0.064903870 16.905181885 0.021617297 0.999694109 0.012017096 -22.297458649 -0.065152630 -0.010585702 0.997819304 228.561050415
0.997593880 -0.022743508 0.065491647 17.143148422 0.021992307 0.999684095 0.012168503 -22.498596191 -0.065747708 -0.010698915 0.997778893 230.805145264
0.997526646 -0.024500102 0.065880746 17.382518768 0.023802515 0.999652207 0.011352910 -22.700866699 -0.066135988 -0.009756704 0.997762859 233.048645020
0.997505903 -0.025346426 0.065874942 17.647460938 0.024580298 0.999620795 0.012414808 -22.913396835 -0.066164620 -0.010764619 0.997750640 235.340759277
0.997478604 -0.024988426 0.066422179 17.888208389 0.024209907 0.999628723 0.012500001 -23.114204407 -0.066709884 -0.010860409 0.997713327 237.586486816
0.997441351 -0.024674824 0.067095987 18.125873566 0.023898095 0.999638081 0.012354589 -23.314098358 -0.067376547 -0.010719514 0.997670054 239.816055298
0.997404575 -0.025065877 0.067496747 18.368970871 0.024258735 0.999624312 0.012751563 -23.518695831 -0.067791015 -0.011081082 0.997637928 242.047897339
0.997360229 -0.025557837 0.067966290 18.613153458 0.024739923 0.999611259 0.012848877 -23.716575623 -0.068268284 -0.011133476 0.997604787 244.288803101
0.997314513 -0.025647478 0.068600066 18.856784821 0.024868939 0.999616504 0.012179134 -23.925266266 -0.068886124 -0.010440417 0.997569919 246.523223877
0.997334003 -0.025076274 0.068527363 19.114242554 0.024348255 0.999638081 0.011438585 -24.131515503 -0.068789393 -0.009739570 0.997583687 248.767532349
0.997309983 -0.025437227 0.068743922 19.363525391 0.024659587 0.999622226 0.012137290 -24.342409134 -0.069026701 -0.010409445 0.997560441 251.008010864
0.997275889 -0.026781835 0.068727955 19.616659164 0.026012387 0.999588788 0.012066354 -24.547481537 -0.069022834 -0.010245706 0.997562468 253.235626221
0.997272670 -0.026866974 0.068741120 19.876781464 0.026043057 0.999578178 0.012854142 -24.753274918 -0.069057472 -0.011028854 0.997551739 255.493515015
0.997221231 -0.027419753 0.069266886 20.110466003 0.026568994 0.999560177 0.013174105 -24.958141327 -0.069597639 -0.011297146 0.997511208 257.716339111
0.997204900 -0.027852053 0.069329917 20.373762131 0.026953721 0.999540627 0.013859507 -25.168081284 -0.069684088 -0.011952067 0.997497618 259.982635498
0.997170627 -0.027469473 0.069972754 20.626510620 0.026591355 0.999555886 0.013450308 -25.369192123 -0.070311129 -0.011551582 0.997458339 262.228729248
0.997145355 -0.027494380 0.070323437 20.883592606 0.026650466 0.999561369 0.012910931 -25.567714691 -0.070647597 -0.010999920 0.997440696 264.493835449
0.997123897 -0.026699858 0.070929728 21.140703201 0.025891222 0.999589145 0.012295783 -25.771179199 -0.071228884 -0.010423960 0.997405529 266.738983154
0.997059047 -0.025995929 0.072093509 21.393440247 0.025169313 0.999606848 0.012350933 -25.970111847 -0.072386235 -0.010500066 0.997321367 268.985900879
0.996950626 -0.025815532 0.073640719 21.643451691 0.024995107 0.999615073 0.012040977 -26.185485840 -0.073923215 -0.010163601 0.997212172 271.258239746
0.996855974 -0.026565649 0.074648425 21.913993835 0.025695583 0.999590516 0.012592066 -26.393646240 -0.074952379 -0.010634342 0.997130394 273.505950928
0.996666908 -0.026886024 0.077021189 22.159934998 0.025965119 0.999579191 0.012933253 -26.588582993 -0.077336505 -0.010890279 0.996945560 275.757415771
0.996553302 -0.026793618 0.078508511 22.430223465 0.025768531 0.999569237 0.014041294 -26.782123566 -0.078850925 -0.011969849 0.996814489 277.998687744
0.996510386 -0.025992421 0.079318680 22.716150284 0.024811001 0.999566615 0.015844116 -26.997673035 -0.079696149 -0.013820851 0.996723354 280.262756348
0.996431470 -0.025740989 0.080385417 22.996765137 0.024469236 0.999559999 0.016766060 -27.196844101 -0.080781616 -0.014739257 0.996622860 282.499542236
0.996372581 -0.024637520 0.081453457 23.272932053 0.023365641 0.999590278 0.016531426 -27.383649826 -0.081827380 -0.014568251 0.996539950 284.772186279
0.996274114 -0.023634221 0.082941800 23.538635254 0.022376435 0.999620616 0.016061772 -27.574901581 -0.083289921 -0.014145985 0.996424973 287.004974365
0.996275127 -0.023228630 0.083044089 23.822881699 0.022059707 0.999644637 0.014966057 -27.764047623 -0.083362207 -0.013078379 0.996433496 289.248138428
0.996209741 -0.024084223 0.083582856 24.093700409 0.022879591 0.999620497 0.015340598 -27.965866089 -0.083920605 -0.013370110 0.996382773 291.475219727
0.996123195 -0.024174284 0.084582694 24.350017548 0.023051454 0.999633014 0.014226638 -28.160072327 -0.084895574 -0.012221728 0.996314883 293.733551025
0.996139646 -0.024777388 0.084213197 24.633111954 0.023744870 0.999630392 0.013240476 -28.353647232 -0.084510140 -0.011189732 0.996359766 295.967773438
0.996130764 -0.024726264 0.084332898 24.909881592 0.023705764 0.999633312 0.013081008 -28.552303314 -0.084625423 -0.011031218 0.996351779 298.201660156
0.996142089 -0.024001550 0.084409863 25.189138412 0.022968501 0.999649167 0.013188600 -28.749147415 -0.084696800 -0.011198950 0.996343851 300.440307617
0.996090829 -0.024064206 0.084993228 25.455436707 0.022926923 0.999634385 0.014331805 -28.957143784 -0.085307054 -0.012327145 0.996278405 302.687591553
0.996091068 -0.024663080 0.084819570 25.741449356 0.023526693 0.999619901 0.014371376 -29.154596329 -0.085141785 -0.012319671 0.996292770 304.938110352
0.996060014 -0.024085727 0.085348487 26.024183273 0.022902971 0.999628007 0.014810252 -29.355762482 -0.085673437 -0.012797166 0.996241093 307.186676025
0.996051431 -0.024790762 0.085246764 26.306245804 0.023614569 0.999611914 0.014778472 -29.559806824 -0.085580043 -0.012707054 0.996250212 309.440490723
0.995997548 -0.026073735 0.085493214 26.587890625 0.024856603 0.999574363 0.015270480 -29.755960464 -0.085854985 -0.013084290 0.996221721 311.695037842
0.995975018 -0.025764700 0.085847937 26.871721268 0.024604388 0.999591410 0.014546831 -29.953746796 -0.086187646 -0.012376048 0.996201992 313.931945801
0.995999038 -0.025262831 0.085718982 27.161693573 0.024035811 0.999593735 0.015316647 -30.155096054 -0.086071096 -0.013195037 0.996201634 316.177093506
0.995967746 -0.023514070 0.086575791 27.445671082 0.022350850 0.999646664 0.014380877 -30.353950500 -0.086883374 -0.012387846 0.996141493 318.427947998
0.995973110 -0.022005465 0.086911052 27.724821091 0.020771155 0.999670446 0.015080981 -30.552898407 -0.087214284 -0.013215004 0.996101916 320.671356201
0.995916128 -0.021171017 0.087765589 28.002784729 0.019951550 0.999692082 0.014748706 -30.752708435 -0.088050835 -0.012937415 0.996031940 322.904693604
0.995884061 -0.020280210 0.088338412 28.284107208 0.018994773 0.999701440 0.015367750 -30.947412491 -0.088623703 -0.013626526 0.995971978 325.144195557
0.995885313 -0.019854056 0.088420108 28.580278397 0.018434646 0.999688208 0.016840827 -31.155160904 -0.088726893 -0.015141541 0.995940924 327.375152588
0.995840430 -0.020257134 0.088833138 28.862115860 0.018826541 0.999679685 0.016912751 -31.358432770 -0.089147277 -0.015169982 0.995902896 329.618499756
0.995841265 -0.021934686 0.088425465 29.160957336 0.020597685 0.999659657 0.016004434 -31.549591064 -0.088746428 -0.014116514 0.995954216 331.858520508
0.995862424 -0.021550041 0.088280842 29.448825836 0.020225160 0.999669433 0.015874773 -31.746997833 -0.088593751 -0.014023596 0.995969117 334.082702637
0.995830536 -0.021817535 0.088574968 29.732488632 0.020373646 0.999644935 0.017172903 -31.939802170 -0.088918202 -0.015296708 0.995921433 336.310363770
0.995888114 -0.022577515 0.087732919 30.037900925 0.021165330 0.999631524 0.016993575 -32.129268646 -0.088084280 -0.015066804 0.995999038 338.549774170
0.995893836 -0.022442300 0.087703064 30.320203781 0.021002091 0.999629557 0.017309938 -32.326438904 -0.088059038 -0.015396912 0.995996237 340.789947510
0.995956063 -0.022701727 0.086926349 30.618761063 0.021287674 0.999626100 0.017159997 -32.522583008 -0.087283418 -0.015240143 0.996066868 343.027862549
0.995965898 -0.023194639 0.086682893 30.903528214 0.021745313 0.999608159 0.017626986 -32.712238312 -0.087057784 -0.015670933 0.996079922 345.275848389
0.996020257 -0.022844411 0.086149871 31.193412781 0.021410607 0.999617040 0.017530678 -32.900657654 -0.086517356 -0.015616389 0.996127963 347.518768311
0.996078312 -0.022883009 0.085467026 31.478752136 0.021461714 0.999616206 0.017511835 -33.091907501 -0.085834935 -0.015608893 0.996187031 349.758178711
0.996087849 -0.022448212 0.085468993 31.757139206 0.020977279 0.999616623 0.018069584 -33.288513184 -0.085841864 -0.016205987 0.996176958 351.997985840
0.996133864 -0.022713397 0.084862761 32.039176941 0.021221958 0.999604821 0.018435802 -33.477081299 -0.085247986 -0.016563574 0.996222079 354.225219727
0.996151745 -0.022321317 0.084755488 32.316913605 0.020874938 0.999621630 0.017913479 -33.668773651 -0.085123256 -0.016075274 0.996240735 356.463439941
0.996200740 -0.022343799 0.084171757 32.602043152 0.020869575 0.999613643 0.018353909 -33.859275818 -0.084549338 -0.016527543 0.996282220 358.698364258
0.996243060 -0.021994222 0.083761223 32.884719849 0.020450234 0.999605536 0.019246895 -34.052146912 -0.084151499 -0.017461648 0.996299982 360.946777344
0.996299148 -0.022302985 0.083009340 33.170745850 0.020766467 0.999597490 0.019327855 -34.245441437 -0.083406985 -0.017532514 0.996361315 363.188751221
0.996354282 -0.022366045 0.082327552 33.456211090 0.020801952 0.999587536 0.019807430 -34.434249878 -0.082736589 -0.018022651 0.996408463 365.429595947
0.996395350 -0.022424931 0.081813678 33.734394073 0.020922365 0.999597192 0.019177115 -34.622936249 -0.082210764 -0.017396258 0.996463120 367.679321289
0.996407807 -0.023247968 0.081430174 34.009704590 0.021763893 0.999581277 0.019065676 -34.814704895 -0.081839308 -0.017224947 0.996496677 369.931518555
0.996397793 -0.023181854 0.081572168 34.279758453 0.021777548 0.999599636 0.018063482 -34.997962952 -0.081958264 -0.016221970 0.996503711 372.198974609
0.996472895 -0.023217082 0.080639720 34.562641144 0.021835370 0.999599934 0.017974263 -35.189815521 -0.081024788 -0.016150065 0.996581256 374.435729980
0.996557713 -0.023112420 0.079614885 34.846138000 0.021684764 0.999588966 0.018750353 -35.379779816 -0.080015518 -0.016959378 0.996649325 376.682952881
0.996480465 -0.022826286 0.080657654 35.106201172 0.021337252 0.999586523 0.019275209 -35.571411133 -0.081064284 -0.017486352 0.996555448 378.950744629
0.996475577 -0.023521638 0.080518238 35.379840851 0.022012876 0.999566019 0.019574948 -35.765064240 -0.080943733 -0.017733522 0.996560931 381.194488525
0.996501446 -0.023508029 0.080201343 35.660614014 0.022005351 0.999566317 0.019569114 -35.946876526 -0.080626614 -0.017735789 0.996586502 383.455566406
0.996520042 -0.022563901 0.080241077 35.937896729 0.021045029 0.999583900 0.019724561 -36.136360168 -0.080652751 -0.017967243 0.996580303 385.709014893
0.996533573 -0.021633308 0.080329828 36.207508087 0.020099422 0.999600828 0.019854667 -36.318733215 -0.080727287 -0.018171258 0.996570587 387.967193604
0.996562958 -0.020407325 0.080285758 36.485160828 0.018858518 0.999621987 0.020002462 -36.515995026 -0.080663607 -0.018419640 0.996571183 390.233764648
0.996560514 -0.019122858 0.080631070 36.753887177 0.017576749 0.999648571 0.019841500 -36.702846527 -0.080982141 -0.018356025 0.996546507 392.511230469
0.996602654 -0.017852891 0.080401540 37.032337189 0.016192054 0.999642789 0.021261653 -36.889457703 -0.080752417 -0.019887554 0.996535778 394.769378662
0.996550560 -0.016703548 0.081291124 37.296722412 0.014979521 0.999650717 0.021771971 -37.077220917 -0.081626393 -0.020479165 0.996452570 397.033172607
0.996514261 -0.016363213 0.081801087 37.572441101 0.014757699 0.999687195 0.020193269 -37.269283295 -0.082105927 -0.018915685 0.996444106 399.297760010
0.996443987 -0.015780399 0.082766242 37.840763092 0.014195145 0.999705076 0.019707037 -37.458038330 -0.083052814 -0.018462082 0.996374190 401.560424805
0.996379614 -0.017236179 0.083249785 38.114452362 0.015562380 0.999664426 0.020713054 -37.643440247 -0.083578847 -0.019342501 0.996313572 403.825561523
0.996324897 -0.018718725 0.083583161 38.394344330 0.016938658 0.999615312 0.021955580 -37.832111359 -0.083962001 -0.020459108 0.996258855 406.078857422
0.996268392 -0.019451747 0.084088169 38.665397644 0.017663578 0.999602854 0.021957384 -38.016662598 -0.084481873 -0.020390149 0.996216357 408.353424072
0.996253550 -0.019233804 0.084314719 38.956672668 0.017557623 0.999634087 0.020576730 -38.197048187 -0.084679633 -0.019019276 0.996226728 410.623168945
0.996206164 -0.017415414 0.085264057 39.247707367 0.015676692 0.999656081 0.021019520 -38.392761230 -0.085600801 -0.019603113 0.996136665 412.900299072
0.996136606 -0.016315339 0.086288184 39.521095276 0.014572293 0.999677598 0.020791836 -38.579463959 -0.086599596 -0.019454092 0.996053219 415.139648438
0.996063769 -0.015139936 0.087337218 39.805587769 0.013354816 0.999690473 0.020987600 -38.764999390 -0.087627962 -0.019738609 0.995957673 417.413391113
0.996017694 -0.015462256 0.087804392 40.099235535 0.013690038 0.999690950 0.020750197 -38.951988220 -0.088098109 -0.019465521 0.995921552 419.668731689
0.995924294 -0.015366483 0.088874400 40.381538391 0.013573342 0.999692559 0.020745452 -39.134857178 -0.089165881 -0.019454572 0.995826781 421.922454834
0.995847404 -0.015531088 0.089704618 40.665950775 0.013739478 0.999694288 0.020555478 -39.324943542 -0.089996450 -0.019237624 0.995756269 424.183685303
0.995794833 -0.016072772 0.090191737 40.963161469 0.014167700 0.999663651 0.021723134 -39.513011932 -0.090510562 -0.020353969 0.995687485 426.460906982
0.995754421 -0.015080598 0.090805091 41.254013062 0.013107542 0.999665678 0.022285784 -39.695701599 -0.091110811 -0.021000937 0.995619297 428.718688965
0.995692849 -0.014374581 0.091591455 41.551517487 0.012325928 0.999661922 0.022893865 -39.877098083 -0.091889568 -0.021666313 0.995533407 430.996490479
0.995692015 -0.014531702 0.091576636 41.857074738 0.012487406 0.999660730 0.022856951 -40.061042786 -0.091877714 -0.021614930 0.995535672 433.293212891
0.995646536 -0.015189015 0.091964975 42.158176422 0.013190868 0.999664366 0.022296304 -40.251922607 -0.092272766 -0.020986142 0.995512545 435.558532715
0.995642126 -0.014399078 0.092137687 42.459468842 0.012386282 0.999672771 0.022380209 -40.422023773 -0.092429794 -0.021141438 0.995494664 437.820678711
0.995605648 -0.014815033 0.092465803 42.760253906 0.012767817 0.999660969 0.022692705 -40.606105804 -0.092770666 -0.021412402 0.995457232 440.102081299
0.995639741 -0.014996894 0.092068486 43.068973541 0.012943570 0.999654889 0.022858925 -40.788238525 -0.092379518 -0.021567559 0.995490313 442.377746582
0.995679259 -0.014120985 0.091778494 43.395797729 0.011996798 0.999648213 0.023655349 -40.979698181 -0.092080243 -0.022452090 0.995498538 444.670959473
0.995628297 -0.014641373 0.092248954 43.696472168 0.012496821 0.999638975 0.023782402 -41.160049438 -0.092563845 -0.022525612 0.995451927 446.950469971
0.995612919 -0.014492025 0.092438355 43.994262695 0.012379914 0.999649882 0.023381516 -41.344539642 -0.092744835 -0.022134561 0.995443940 449.218505859
0.995636344 -0.013712678 0.092305213 44.297515869 0.011637129 0.999668062 0.022986544 -41.527427673 -0.092589781 -0.021812070 0.995465398 451.480590820
0.995573163 -0.013210499 0.093056545 44.592853546 0.011140895 0.999679685 0.022724813 -41.717041016 -0.093326941 -0.021587482 0.995401442 453.742980957
0.995509267 -0.012618296 0.093819492 44.890144348 0.010515953 0.999683142 0.022869105 -41.893218994 -0.094078317 -0.021779804 0.995326519 456.021575928
0.995498598 -0.012756418 0.093913436 45.189262390 0.010676771 0.999687254 0.022613535 -42.082695007 -0.094172522 -0.021509049 0.995323539 458.286010742
0.995520592 -0.011827421 0.093802541 45.501689911 0.009819875 0.999713302 0.021834649 -42.267890930 -0.094033889 -0.020815713 0.995351315 460.572082520
0.995507240 -0.010877736 0.094058707 45.806835175 0.008806495 0.999710143 0.022407865 -42.454536438 -0.094275199 -0.021478867 0.995314360 462.862426758
0.995514154 -0.010522678 0.094025828 46.106613159 0.008320636 0.999682546 0.023781003 -42.639274597 -0.094246238 -0.022891972 0.995285690 465.138519287
0.995549798 -0.010477241 0.093653828 46.403106689 0.008249721 0.999674559 0.024140211 -42.817398071 -0.093876272 -0.023260161 0.995312095 467.405364990
0.995668709 -0.010504288 0.092377864 46.715766907 0.008441185 0.999706805 0.022695757 -42.995590210 -0.092589177 -0.021817677 0.995465457 469.689056396
0.995742083 -0.010362668 0.091598570 47.027061462 0.008332910 0.999711752 0.022514028 -43.186092377 -0.091805495 -0.021654880 0.995541453 471.987854004
0.995803118 -0.011234410 0.090828665 47.324497223 0.009134889 0.999682128 0.023497934 -43.374755859 -0.091063775 -0.022569610 0.995589256 474.268859863
0.995773911 -0.011539640 0.091110885 47.610485077 0.009421032 0.999675870 0.023649015 -43.558010101 -0.091354273 -0.022690710 0.995559931 476.552703857
0.995901346 -0.011027155 0.089771546 47.910472870 0.008991935 0.999693990 0.023044048 -43.721424103 -0.089998201 -0.022142379 0.995695770 478.836395264
0.995920658 -0.011191622 0.089536242 48.205501556 0.009122467 0.999682546 0.023485657 -43.901763916 -0.089770667 -0.022573054 0.995706737 481.119598389
0.995967150 -0.011728518 0.088948987 48.505100250 0.009615699 0.999662161 0.024144610 -44.084224701 -0.089202136 -0.023191929 0.995743513 483.391723633
0.995966315 -0.012351174 0.088874072 48.788341522 0.010322896 0.999676466 0.023245493 -44.264568329 -0.089132428 -0.022234289 0.995771646 485.680755615
0.996045887 -0.012699645 0.087927163 49.091148376 0.010630398 0.999656320 0.023962036 -44.452751160 -0.088201255 -0.022932589 0.995838583 488.006896973
0.996132672 -0.013185464 0.086867467 49.386005402 0.011131796 0.999647856 0.024083547 -44.631076813 -0.087154433 -0.023023415 0.995928705 490.287048340
0.996070981 -0.012408378 0.087684631 49.633884430 0.010301265 0.999648094 0.024442365 -44.819347382 -0.087957077 -0.023443064 0.995848298 492.555877686
0.996120811 -0.012005324 0.087173328 49.931629181 0.009899854 0.999649823 0.024544999 -44.996093750 -0.087437451 -0.023586785 0.995890737 494.848144531
0.996122420 -0.011534691 0.087218724 50.209274292 0.009449764 0.999660492 0.024279818 -45.177352905 -0.087469175 -0.023361474 0.995893240 497.146636963
0.996157646 -0.011341034 0.086841106 50.510097504 0.009280032 0.999666452 0.024100073 -45.370361328 -0.087085471 -0.023201585 0.995930552 499.463378906
0.996193707 -0.011403272 0.086418152 50.797981262 0.009270349 0.999643326 0.025042698 -45.552440643 -0.086672902 -0.024146248 0.995944142 501.757446289
0.996212184 -0.011052343 0.086250357 51.079822540 0.008890329 0.999637485 0.025410725 -45.737625122 -0.086499944 -0.024547677 0.995949388 504.031829834
0.996249795 -0.010251422 0.085914135 51.368415833 0.008159013 0.999662340 0.024670493 -45.918315887 -0.086138040 -0.023876997 0.995997012 506.320556641
0.996230066 -0.010117958 0.086158693 51.645221710 0.007965332 0.999648392 0.025291687 -46.099880219 -0.086384304 -0.024510048 0.995960474 508.612945557
0.996245146 -0.010416492 0.085947640 51.933429718 0.008359145 0.999670804 0.024262486 -46.277992249 -0.086172074 -0.023452943 0.996004164 510.899383545
0.996275306 -0.011230133 0.085494816 52.226600647 0.009106965 0.999641359 0.025183521 -46.465492249 -0.085746981 -0.024311123 0.996020317 513.202941895
0.996293366 -0.011063128 0.085305117 52.513168335 0.008922382 0.999636650 0.025435729 -46.643310547 -0.085555509 -0.024580326 0.996030152 515.507385254
0.996324658 -0.010332903 0.085032046 52.800239563 0.008218930 0.999649286 0.025173537 -46.822959900 -0.085262313 -0.024382139 0.996060252 517.814025879
0.996291816 -0.009512815 0.085512422 53.074947357 0.007407296 0.999662340 0.024906041 -47.006057739 -0.085720479 -0.024180263 0.996025741 520.113830566
0.996292889 -0.007532517 0.085695349 53.372337341 0.005402243 0.999671400 0.025063468 -47.190170288 -0.085855991 -0.024507614 0.996006012 522.473083496
0.996268153 -0.005551214 0.086133234 53.663024902 0.003381795 0.999673843 0.025312303 -47.371700287 -0.086245641 -0.024926553 0.995962024 524.804077148
0.996225417 -0.004891431 0.086665086 53.953956604 0.002612886 0.999648452 0.026385352 -47.543659210 -0.086763673 -0.026059313 0.995888054 527.130249023
0.996170044 -0.005151431 0.087285325 54.242229462 0.002862594 0.999649227 0.026327381 -47.721786499 -0.087390333 -0.025976684 0.995835423 529.448364258
0.996122301 -0.006891068 0.087708838 54.531288147 0.004479888 0.999607384 0.027657945 -47.896472931 -0.087864995 -0.027157769 0.995762110 531.769409180
0.996060371 -0.008575589 0.088262275 54.830295563 0.006191989 0.999609649 0.027244344 -48.071655273 -0.088461466 -0.026590489 0.995724618 534.091979980
0.996038318 -0.008793664 0.088489056 55.120903015 0.006446164 0.999620497 0.026779598 -48.250137329 -0.088690959 -0.026103092 0.995717108 536.394592285
0.995942712 -0.008943810 0.089543253 55.409824371 0.006582745 0.999623716 0.026628546 -48.428855896 -0.089747712 -0.025931068 0.995626926 538.711547852
0.995866716 -0.008269308 0.090449661 55.697803497 0.005940117 0.999644578 0.025990207 -48.608684540 -0.090632439 -0.025345502 0.995561779 541.024841309
0.995761633 -0.007456763 0.091669291 55.994651794 0.005134512 0.999660611 0.025542703 -48.788978577 -0.091828637 -0.024963766 0.995461881 543.347412109
0.995676517 -0.006736339 0.092643291 56.272712708 0.004495617 0.999692798 0.024374001 -48.962066650 -0.092779018 -0.023852132 0.995400965 545.664123535
0.995530963 -0.006533842 0.094208859 56.557811737 0.004238717 0.999689817 0.024541648 -49.139331818 -0.094339997 -0.024032649 0.995249867 547.992248535
0.995508134 -0.006435438 0.094456986 56.861183167 0.004028818 0.999662876 0.025647109 -49.322311401 -0.094590187 -0.025151355 0.995198667 550.291809082
0.995477319 -0.006652606 0.094767459 57.170780182 0.004230298 0.999659777 0.025738558 -49.501781464 -0.094906427 -0.025221253 0.995166779 552.600769043
0.995539486 -0.007640519 0.094035953 57.493766785 0.005323228 0.999676526 0.024868818 -49.681571960 -0.094195530 -0.024257315 0.995258152 554.918945312
0.995534956 -0.007781821 0.094072491 57.807079315 0.005417100 0.999663532 0.025366511 -49.865554810 -0.094238237 -0.024743646 0.995242119 557.239562988
0.995502412 -0.007656835 0.094426185 58.113327026 0.005239772 0.999652922 0.025818804 -50.047103882 -0.094591096 -0.025207914 0.995196998 559.549743652
0.995457947 -0.006859446 0.094954699 58.422538757 0.004326465 0.999629974 0.026855899 -50.226573944 -0.095103785 -0.026323108 0.995119274 561.885803223
0.995449424 -0.007314229 0.095011741 58.738685608 0.004721812 0.999611139 0.027481453 -50.405761719 -0.095175818 -0.026907763 0.995096743 564.219665527
0.995425880 -0.006753819 0.095297910 59.054016113 0.004091624 0.999596655 0.028103290 -50.581031799 -0.095449276 -0.027584819 0.995052040 566.541687012
0.995380640 -0.005900031 0.095824912 59.369018555 0.003284084 0.999618232 0.027434044 -50.760757446 -0.095950186 -0.026992621 0.995020092 568.860778809
0.995405734 -0.004806944 0.095625155 59.700977325 0.002358079 0.999666750 0.025705544 -50.930686951 -0.095716864 -0.025361953 0.995085478 571.202575684
0.995405376 -0.004297410 0.095653705 60.031284332 0.001828376 0.999663234 0.025884913 -51.112773895 -0.095732741 -0.025591094 0.995078027 573.524414062
0.995420516 -0.004410161 0.095490783 60.349845886 0.001820810 0.999628723 0.027186403 -51.301502228 -0.095575236 -0.026888035 0.995058954 575.896789551
0.995420456 -0.004454069 0.095489472 60.672031403 0.001764235 0.999599814 0.028234839 -51.482543945 -0.095577024 -0.027937073 0.995029867 578.213439941
0.995333731 -0.003719577 0.096420057 60.977962494 0.001137671 0.999639630 0.026818845 -51.664455414 -0.096485049 -0.026584007 0.994979382 580.596435547
0.995397866 -0.004593879 0.095718913 61.302619934 0.002100542 0.999656320 0.026133029 -51.833084106 -0.095806070 -0.025811698 0.995065331 582.936706543
0.995377779 -0.005592909 0.095873967 61.624107361 0.002924789 0.999605238 0.027947417 -52.025466919 -0.095992424 -0.027537828 0.995001018 585.263305664
0.995442867 -0.005394513 0.095207267 61.944210052 0.002739929 0.999604464 0.027990889 -52.200874329 -0.095320605 -0.027602468 0.995063841 587.582641602
0.995395303 -0.008400075 0.095486052 62.271812439 0.005836238 0.999615729 0.027098028 -52.386573792 -0.095676981 -0.026415976 0.995061874 589.938720703
0.995413840 -0.008670412 0.095268682 62.597221375 0.006119091 0.999615490 0.027039865 -52.560256958 -0.095466532 -0.026332892 0.995084226 592.291931152
0.995411694 -0.010418606 0.095115937 62.911373138 0.007833119 0.999590695 0.027515501 -52.738712311 -0.095363669 -0.026644198 0.995085776 594.628417969
0.995415270 -0.010960063 0.095017090 63.235458374 0.008371389 0.999583960 0.027600212 -52.915752411 -0.095280059 -0.026678247 0.995092928 596.993652344
