1.000000000 0.000000000 0.000000000 0.000000000 0.000000000 1.000000000 0.000000000 0.000000000 0.000000000 0.000000000 1.000000000 0.000000000
0.999999940 -0.000032398 0.000333405 0.088178933 0.000032457 1.000000000 -0.000176352 -0.227922231 -0.000333399 0.000176363 0.999999940 2.285683870
0.999999404 0.000243541 0.001091541 0.167295843 -0.000243962 0.999999881 0.000385358 -0.466953963 -0.001091448 -0.000385624 0.999999344 4.579003334
0.999998629 -0.000063856 0.001661616 0.264631689 0.000062778 0.999999762 0.000648754 -0.698252261 -0.001661657 -0.000648649 0.999998391 6.866898537
0.999996245 -0.000079946 0.002713464 0.357272804 0.000082813 0.999999464 -0.001056635 -0.929526627 -0.002713378 0.001056856 0.999995708 9.155460358
0.999987960 0.001622003 0.004628383 0.450984687 -0.001623055 0.999998689 0.000223441 -1.164270401 -0.004628013 -0.000230950 0.999989271 11.457543373
0.999968946 0.003453064 0.007081557 0.558716118 -0.003464297 0.999992788 0.001574713 -1.400658965 -0.007076068 -0.001599196 0.999973655 13.749462128
0.999948502 0.003227589 0.009621621 0.664240777 -0.003266197 0.999986649 0.003999666 -1.627497911 -0.009608584 -0.004030887 0.999945700 16.026187897
0.999939978 0.003728193 0.010295002 0.762733519 -0.003784555 0.999977946 0.005460663 -1.854565144 -0.010274414 -0.005499298 0.999932051 18.302539825
0.999929190 0.002859099 0.011553093 0.872584164 -0.002930677 0.999976575 0.006183488 -2.085777283 -0.011535144 -0.006216907 0.999914110 20.569297791
0.999927342 0.000400089 0.012048575 0.992679000 -0.000436090 0.999995410 0.002985503 -2.299409628 -0.012047326 -0.002990541 0.999922872 22.892679214
0.999913931 -0.001678993 0.013010316 1.098017931 0.001666126 0.999998152 0.000999716 -2.519906521 -0.013011971 -0.000977953 0.999914825 25.172739029
0.999914527 -0.002177873 0.012888572 1.236298919 0.002165873 0.999997199 0.000944882 -2.770445347 -0.012890594 -0.000916886 0.999916434 27.464517593
0.999894798 -0.001934063 0.014373939 1.334478140 0.001942086 0.999997973 -0.000544198 -2.989982605 -0.014372856 0.000572057 0.999896526 29.750371933
0.999902904 0.000052435 0.013935355 1.479631186 -0.000090549 0.999996185 0.002734450 -3.226081848 -0.013935160 -0.002735447 0.999899149 32.037044525
0.999902844 0.002009107 0.013793845 1.610868216 -0.002078047 0.999985456 0.004985397 -3.445439577 -0.013783627 -0.005013577 0.999892414 34.318771362
0.999871492 0.004122247 0.015488485 1.725371242 -0.004259972 0.999951601 0.008869647 -3.673094273 -0.015451171 -0.008934489 0.999840677 36.631874084
0.999859631 0.006018780 0.015626550 1.848041654 -0.006148782 0.999946773 0.008284599 -3.888440132 -0.015575853 -0.008379522 0.999843538 38.904056549
0.999822915 0.005103616 0.018119691 1.945878506 -0.005225659 0.999963939 0.006694547 -4.088040829 -0.018084874 -0.006788050 0.999813437 41.200763702
0.999833167 0.002767537 0.018054269 2.072229624 -0.002869104 0.999980211 0.005602214 -4.311060905 -0.018038407 -0.005653080 0.999821365 43.477481842
0.999832511 0.002358034 0.018149549 2.206746340 -0.002443210 0.999986112 0.004672285 -4.538941383 -0.018138276 -0.004715845 0.999824345 45.750785828
0.999830425 0.001884967 0.018317550 2.331915617 -0.001954317 0.999991000 0.003768838 -4.767815590 -0.018310281 -0.003803998 0.999825239 48.029327393
0.999831438 0.000159872 0.018367102 2.467362642 -0.000238312 0.999990880 0.004268602 -4.996801376 -0.018366249 -0.004272259 0.999822199 50.311634064
0.999811530 -0.000516762 0.019412825 2.594738007 0.000428499 0.999989569 0.004550544 -5.219255447 -0.019414974 -0.004541367 0.999801219 52.578159332
0.999806881 -0.001658626 0.019582702 2.731643200 0.001574107 0.999989390 0.004330635 -5.444803715 -0.019589676 -0.004298972 0.999798894 54.863441467
0.999772966 -0.002102127 0.021202920 2.853059769 0.002000892 0.999986470 0.004794667 -5.672921658 -0.021212714 -0.004751155 0.999763608 57.156497955
0.999755621 -0.003553037 0.021819690 2.990633488 0.003436906 0.999979675 0.005357489 -5.895087242 -0.021838283 -0.005281189 0.999747574 59.424312592
0.999711394 -0.004759447 0.023545349 3.116179705 0.004644033 0.999976933 0.004953966 -6.120168209 -0.023568382 -0.004843191 0.999710500 61.690269470
0.999701083 -0.005631727 0.023791315 3.269079208 0.005520909 0.999973536 0.004721093 -6.342005253 -0.023817275 -0.004588332 0.999705791 63.942295074
0.999667645 -0.005139792 0.025262596 3.407544851 0.005007218 0.999973476 0.005308322 -6.563155651 -0.025289206 -0.005180063 0.999666750 66.212425232
0.999647021 -0.004161389 0.026237555 3.554358482 0.004013103 0.999975681 0.005701751 -6.788672924 -0.026260646 -0.005594445 0.999639452 68.468650818
0.999606967 -0.004443151 0.027680689 3.691447973 0.004292245 0.999975622 0.005508699 -7.012994289 -0.027704490 -0.005387722 0.999601662 70.717506409
0.999595463 -0.005347400 0.027932178 3.856080770 0.005234445 0.999977827 0.004115446 -7.233774185 -0.027953567 -0.003967573 0.999601364 72.968086243
0.999581158 -0.006248032 0.028254922 4.014994621 0.006123133 0.999971092 0.004504783 -7.458267689 -0.028282251 -0.004329888 0.999590576 75.249725342
0.999539614 -0.007440116 0.029413959 4.175272942 0.007324856 0.999965072 0.004024338 -7.688119888 -0.029442875 -0.003807032 0.999559224 77.515213013
0.999525487 -0.008286914 0.029664418 4.326672554 0.008172021 0.999958634 0.003992257 -7.912669182 -0.029696273 -0.003747945 0.999552071 79.745513916
0.999494851 -0.008814847 0.030531982 4.474920750 0.008710396 0.999955773 0.003552386 -8.127759933 -0.030561944 -0.003284646 0.999527454 82.001167297
0.999476314 -0.007777959 0.031409893 4.641258240 0.007670900 0.999964356 0.003527498 -8.355995178 -0.031436205 -0.003284710 0.999500275 84.267501831
0.999433815 -0.007534550 0.032789942 4.797852039 0.007411381 0.999965072 0.003876207 -8.571304321 -0.032817990 -0.003630994 0.999454737 86.525817871
0.999424696 -0.006723574 0.033240929 4.963747025 0.006545609 0.999963641 0.005459704 -8.806550980 -0.033276431 -0.005238981 0.999432385 88.790596008
0.999396920 -0.005826356 0.034232114 5.123250008 0.005621844 0.999965787 0.006067540 -9.030349731 -0.034266289 -0.005871434 0.999395490 91.046501160
0.999370396 -0.005803453 0.034999605 5.291127205 0.005593903 0.999965847 0.006082156 -9.250973701 -0.035033703 -0.005882543 0.999368846 93.300422668
0.999353886 -0.005976002 0.035441060 5.460373878 0.005780714 0.999967515 0.005610158 -9.467573166 -0.035473436 -0.005401660 0.999356031 95.555152893
0.999319792 -0.006604988 0.036281846 5.627753735 0.006400860 0.999963045 0.005739410 -9.684311867 -0.036318418 -0.005503272 0.999325037 97.815994263
0.999285042 -0.006393692 0.037266456 5.791289330 0.006196841 0.999966264 0.005395386 -9.916083336 -0.037299693 -0.005160594 0.999290824 100.057067871
0.999209285 -0.006359881 0.039246805 5.942112923 0.006112717 0.999960840 0.006414468 -10.129907608 -0.039286062 -0.006169491 0.999208987 102.276123047
0.999209762 -0.006447422 0.039220575 6.142075062 0.006181960 0.999957204 0.006885954 -10.358349800 -0.039263293 -0.006638052 0.999206841 104.526473999
0.999175072 -0.007191001 0.039968520 6.319058418 0.006891878 0.999947250 0.007616715 -10.570835114 -0.040021189 -0.007334973 0.999171913 106.754966736
0.999140084 -0.008545288 0.040572099 6.502035141 0.008235061 0.999935567 0.007807327 -10.782595634 -0.040636212 -0.007466499 0.999146104 108.999038696
0.999094725 -0.009578421 0.041451581 6.682846069 0.009218345 0.999918044 0.008869098 -11.003866196 -0.041533139 -0.008478954 0.999101162 111.243003845
0.999079347 -0.010181565 0.041675072 6.878075600 0.009871676 0.999922097 0.007634887 -11.220120430 -0.041749563 -0.007216454 0.999102056 113.495285034
0.999034047 -0.011086470 0.042521901 7.064027786 0.010819673 0.999920368 0.006499374 -11.430397034 -0.042590570 -0.006033021 0.999074399 115.744857788
0.999006867 -0.011128565 0.043142397 7.241998672 0.010833884 0.999916375 0.007058262 -11.652968407 -0.043217331 -0.006583852 0.999043941 117.961524963
0.998960733 -0.011655225 0.044063319 7.433284760 0.011321099 0.999905229 0.007824802 -11.869325638 -0.044150338 -0.007317824 0.998998106 120.203140259
0.998926640 -0.012141180 0.044699751 7.631273746 0.011756552 0.999891520 0.008857550 -12.092094421 -0.044802442 -0.008322528 0.998961210 122.409683228
0.998887658 -0.013049302 0.045311522 7.828511715 0.012688859 0.999885619 0.008233247 -12.307486534 -0.045413774 -0.007649140 0.998938978 124.682228088
0.998864353 -0.013944834 0.045557745 8.017198563 0.013625409 0.999880373 0.007314493 -12.525053978 -0.045654297 -0.006685442 0.998934925 126.954208374
0.998861134 -0.015699016 0.045053501 8.211043358 0.015366202 0.999852061 0.007723978 -12.738113403 -0.045168098 -0.007022881 0.998954713 129.219100952
0.998890638 -0.016823743 0.043980829 8.404918671 0.016490091 0.999832451 0.007938069 -12.949341774 -0.044107001 -0.007204016 0.999000847 131.469741821
0.998938143 -0.017065817 0.042792793 8.594878197 0.016679138 0.999816895 0.009376969 -13.163301468 -0.042944983 -0.008653265 0.999040067 133.703643799
0.998983800 -0.018309841 0.041184597 8.784805298 0.017968077 0.999801099 0.008653248 -13.375952721 -0.041334845 -0.007904449 0.999114096 135.945800781
0.999038637 -0.018931296 0.039540421 8.984661102 0.018596144 0.999788105 0.008826853 -13.595441818 -0.039699148 -0.008083068 0.999179006 138.170181274
0.999043286 -0.019744880 0.039021757 9.158739090 0.019407928 0.999771178 0.008995052 -13.812801361 -0.039190426 -0.008229115 0.999197900 140.429748535
0.999027729 -0.019853076 0.039363757 9.320171356 0.019503728 0.999767065 0.009239152 -14.015797615 -0.039538015 -0.008462428 0.999182284 142.661026001
0.999063492 -0.019990984 0.038373124 9.509678841 0.019598601 0.999751985 0.010574473 -14.237479210 -0.038575005 -0.009812511 0.999207497 144.888824463
0.999070644 -0.019060479 0.038658820 9.682273865 0.018707670 0.999780118 0.009467677 -14.446917534 -0.038830783 -0.008735662 0.999207556 147.131591797
0.999096334 -0.018014174 0.038497418 9.863634109 0.017718397 0.999810934 0.008010577 -14.658230782 -0.038634442 -0.007321225 0.999226689 149.363616943
0.999106407 -0.016809551 0.038778134 10.041372299 0.016546179 0.999837756 0.007102774 -14.874194145 -0.038891241 -0.006454795 0.999222696 151.602035522
0.999115586 -0.016050817 0.038861942 10.227596283 0.015788738 0.999850512 0.007041434 -15.080735207 -0.038969152 -0.006421626 0.999219775 153.820480347
0.999101698 -0.015976649 0.039247788 10.413660049 0.015706681 0.999850869 0.007177373 -15.292479515 -0.039356608 -0.006554473 0.999203742 156.081741333
0.999096394 -0.013947775 0.040147908 10.573768616 0.013591019 0.999865830 0.009145371 -15.511606216 -0.040270079 -0.008591456 0.999151886 158.269195557
0.999045014 -0.013428169 0.041577924 10.754177094 0.013018045 0.999863982 0.010119115 -15.722973824 -0.041708149 -0.009568188 0.999083936 160.508956909
0.999009609 -0.011990601 0.042849071 10.923840523 0.011493532 0.999863982 0.011828057 -15.929546356 -0.042985078 -0.011323854 0.999011517 162.755050659
0.998981059 -0.011974901 0.043514278 11.111038208 0.011540287 0.999881148 0.010225355 -16.118270874 -0.043631546 -0.009712768 0.999000609 165.004623413
0.998936832 -0.011381738 0.044671793 11.303610802 0.010984771 0.999898076 0.009121775 -16.328281403 -0.044771060 -0.008621369 0.998960018 167.236328125
0.998861849 -0.009532392 0.046734754 11.489214897 0.009107037 0.999915302 0.009305995 -16.538398743 -0.046819501 -0.008869789 0.998863935 169.469619751
0.998744190 -0.008853860 0.049310736 11.677767754 0.008369572 0.999914765 0.010018929 -16.763853073 -0.049395237 -0.009593636 0.998733222 171.689407349
0.998628199 -0.008960881 0.051588494 11.879125595 0.008465332 0.999915957 0.009816309 -16.971624374 -0.051672123 -0.009366131 0.998620152 173.942749023
0.998537660 -0.008898638 0.053322308 12.082053185 0.008364110 0.999912620 0.010239269 -17.182176590 -0.053408764 -0.009778302 0.998524845 176.185623169
0.998488903 -0.009950948 0.054044154 12.291922569 0.009368405 0.999895394 0.011021714 -17.391214371 -0.054148164 -0.010498750 0.998477697 178.421066284
0.998417079 -0.010959521 0.055164162 12.487331390 0.010363002 0.999884903 0.011087976 -17.597970963 -0.055279326 -0.010498760 0.998415709 180.654998779
0.998474061 -0.011641765 0.053980168 12.701382637 0.011082185 0.999881804 0.010654178 -17.809242249 -0.054097820 -0.010039703 0.998485148 182.909591675
0.998488069 -0.012748007 0.053469900 12.915212631 0.012174762 0.999864995 0.011032960 -18.023622513 -0.053603332 -0.010365295 0.998508453 185.146194458
0.998489797 -0.014746758 0.052920185 13.129309654 0.014148134 0.999831796 0.011668740 -18.228145599 -0.053083356 -0.010902395 0.998530567 187.381301880
0.998484075 -0.015325361 0.052864112 13.332960129 0.014765832 0.999830902 0.010958706 -18.427732468 -0.053023119 -0.010161512 0.998541594 189.614486694
0.998462260 -0.016410971 0.052948676 13.543596268 0.015875213 0.999818563 0.010523214 -18.634729385 -0.053111769 -0.009666461 0.998541772 191.854019165
0.998441339 -0.017476678 0.053006884 13.738670349 0.016947709 0.999802172 0.010412374 -18.851419449 -0.053178374 -0.009497798 0.998539805 194.097625732
0.998467088 -0.017213656 0.052603621 13.955408096 0.016665727 0.999802411 0.010837172 -19.058708191 -0.052779764 -0.009943885 0.998556674 196.327148438
0.998494983 -0.015462668 0.052618451 14.173747063 0.014907274 0.999829173 0.010931299 -19.267417908 -0.052778486 -0.010130449 0.998554885 198.570648193
0.998512626 -0.013181468 0.052903570 14.374425888 0.012657955 0.999867618 0.010218537 -19.474168777 -0.053031262 -0.009533686 0.998547435 200.817932129
0.998489201 -0.012445183 0.053523101 14.586734772 0.011960819 0.999884665 0.009360478 -19.682054520 -0.053633422 -0.008706158 0.998522699 203.076965332
0.998440802 -0.012872614 0.054317724 14.787372589 0.012347935 0.999873936 0.009984042 -19.886556625 -0.054439388 -0.009297763 0.998473823 205.300765991
0.998436809 -0.014724783 0.053918060 15.019264221 0.014187981 0.999845982 0.010325124 -20.106189728 -0.054061797 -0.009543997 0.998491943 207.540359497
0.998355150 -0.014548878 0.055457208 15.222038269 0.013971028 0.999844193 0.010793278 -20.306209564 -0.055605590 -0.010000730 0.998402774 209.782974243
0.998302400 -0.013913054 0.056557283 15.455222130 0.013295911 0.999848068 0.011273567 -20.525913239 -0.056705531 -0.010502448 0.998335719 212.038589478
0.998237967 -0.012564103 0.057993501 15.693126678 0.011930475 0.999865472 0.011259223 -20.731260300 -0.058127157 -0.010547493 0.998253465 214.273330688
0.998060942 -0.010071632 0.061424065 15.882778168 0.009392289 0.999891579 0.011338620 -20.927595139 -0.061531611 -0.010739721 0.998047292 216.508438110
0.997940600 -0.009910141 0.063374214 16.110504150 0.009198566 0.999891460 0.011510112 -21.131265640 -0.063481398 -0.010903458 0.997923434 218.741165161
0.997800291 -0.010999816 0.065373108 16.342815399 0.010239292 0.999876022 0.011957308 -21.331207275 -0.065496534 -0.011261630 0.997789264 220.981338501
0.997709870 -0.012834693 0.066409886 16.580270767 0.012022610 0.999848127 0.012613592 -21.531578064 -0.066561684 -0.011786282 0.997712791 223.202529907
0.997655272 -0.014860443 0.066806331 16.830221176 0.014098425 0.999830365 0.011863383 -21.738914490 -0.066971287 -0.010893703 0.997695446 225.419601440
0.997603595 -0.016273512 0.067247517 17.068527222 0.015520090 0.999810994 0.011710972 -21.943593979 -0.067425385 -0.010639220 0.997667611 227.659042358
0.997556865 -0.016704775 0.067832410 17.306995392 0.015920740 0.999800205 0.012082745 -22.150028229 -0.068020716 -0.010973285 0.997623563 229.891082764
0.997507751 -0.017771153 0.068281710 17.553651810 0.017055480 0.999793470 0.011049975 -22.354578018 -0.068463974 -0.009857860 0.997604907 232.135650635
0.997455895 -0.018453395 0.068856724 17.794754028 0.017659064 0.999770522 0.012127010 -22.556837082 -0.069064707 -0.010880210 0.997552872 234.375610352
0.997422934 -0.017982513 0.069456056 18.037786484 0.017178344 0.999778509 0.012158197 -22.757205963 -0.069659308 -0.010933724 0.997510910 236.618728638
0.997344553 -0.017286899 0.070746355 18.266361237 0.016475169 0.999791861 0.012041234 -22.955650330 -0.070939764 -0.010843702 0.997421682 238.828155518
0.997325778 -0.017587055 0.070935935 18.516103745 0.016736612 0.999780953 0.012565565 -23.164728165 -0.071141370 -0.011344735 0.997401714 241.042236328
0.997281492 -0.017995795 0.071456142 18.766969681 0.017128939 0.999772310 0.012725601 -23.367019653 -0.071668871 -0.011467037 0.997362554 243.288696289
0.997237444 -0.018418392 0.071959741 19.015455246 0.017604617 0.999773860 0.011926753 -23.574348450 -0.072163157 -0.010626984 0.997336209 245.517898560
0.997242987 -0.018128144 0.071957156 19.275262833 0.017340519 0.999782979 0.011555416 -23.784671783 -0.072151020 -0.010275782 0.997340739 247.755523682
0.997231781 -0.018514516 0.072013855 19.537012100 0.017689778 0.999770641 0.012073563 -23.991714478 -0.072220862 -0.010766231 0.997330546 249.989990234
0.997211277 -0.019796988 0.071956754 19.798358917 0.018975703 0.999746978 0.012079339 -24.197114944 -0.072177678 -0.010680223 0.997334599 252.218170166
0.997206748 -0.019875146 0.071998201 20.064746857 0.019002128 0.999737620 0.012790288 -24.403623581 -0.072233513 -0.011386442 0.997322857 254.480453491
0.997201502 -0.020627992 0.071859628 20.311985016 0.019738331 0.999719739 0.013068804 -24.607610703 -0.072109081 -0.011613842 0.997329175 256.698364258
0.997172117 -0.021360239 0.072051086 20.581537247 0.020405615 0.999694347 0.013959530 -24.829324722 -0.072327234 -0.012449809 0.997303247 258.967742920
0.997138798 -0.020991720 0.072619259 20.836584091 0.020076809 0.999709904 0.013305923 -25.026813507 -0.072877504 -0.011809889 0.997271001 261.210205078
0.997130036 -0.021013463 0.072733402 21.101108551 0.020127423 0.999714255 0.012893657 -25.227834702 -0.072983563 -0.011392716 0.997268081 263.462219238
0.997102678 -0.020313745 0.073304325 21.363048553 0.019446447 0.999732435 0.012525904 -25.435287476 -0.073539153 -0.011064104 0.997230947 265.700347900
0.997056305 -0.019548675 0.074139357 21.622320175 0.018685924 0.999749601 0.012312759 -25.631893158 -0.074361473 -0.010891150 0.997171879 267.942077637
0.996891797 -0.019571424 0.076312669 21.864427567 0.018681774 0.999749124 0.012354432 -25.845285416 -0.076535322 -0.010890379 0.997007310 270.186706543
0.996817589 -0.020114666 0.077136524 22.143430710 0.019218937 0.999739170 0.012337130 -26.049402237 -0.077364556 -0.010815389 0.996944189 272.437927246
0.996599555 -0.021100128 0.079649813 22.382835388 0.020077758 0.999705732 0.013615023 -26.254980087 -0.079913653 -0.011969537 0.996729910 274.678009033
0.996520698 -0.020963339 0.080665931 22.666254044 0.019827707 0.999693096 0.014853659 -26.448873520 -0.080952562 -0.013202558 0.996630490 276.918762207
0.996493101 -0.019680683 0.081326991 22.960256577 0.018451015 0.999704242 0.015844002 -26.649703979 -0.081614763 -0.014287874 0.996561527 279.172180176
0.996349990 -0.019524505 0.083098464 23.230680466 0.018221028 0.999699235 0.016415512 -26.845104218 -0.083393984 -0.014841460 0.996406138 281.435455322
0.996224761 -0.018880967 0.084732942 23.497085571 0.017453142 0.999693513 0.017560225 -27.047031403 -0.085038520 -0.016015077 0.996248901 283.677947998
0.996250808 -0.018082209 0.084601067 23.800268173 0.016778724 0.999729693 0.016093211 -27.233428955 -0.084869206 -0.014613379 0.996284902 285.937713623
0.996131957 -0.017491044 0.086111955 24.067327499 0.016214861 0.999748468 0.015497298 -27.429563522 -0.086361364 -0.014041059 0.996164918 288.167388916
0.996104360 -0.017149085 0.086498030 24.338693619 0.015891578 0.999758065 0.015205744 -27.631402969 -0.086737886 -0.013771917 0.996135890 290.415008545
0.996121466 -0.017536731 0.086223744 24.629123688 0.016343610 0.999760926 0.014524057 -27.824192047 -0.086457826 -0.013058518 0.996169865 292.669708252
0.996101320 -0.018154636 0.086328208 24.912494659 0.017005173 0.999756813 0.014031885 -28.027448654 -0.086561963 -0.012509153 0.996167958 294.897613525
0.996050477 -0.017624000 0.087021410 25.178590775 0.016426949 0.999760568 0.014452877 -28.234479904 -0.087255292 -0.012966300 0.996101618 297.158325195
0.996040404 -0.017261839 0.087210014 25.462787628 0.016025789 0.999761224 0.014853653 -28.428344727 -0.087445579 -0.013397230 0.996079206 299.400024414
0.996022522 -0.016654961 0.087530948 25.742748260 0.015363398 0.999763250 0.015408552 -28.627449036 -0.087766841 -0.014002493 0.996042609 301.639862061
0.995986223 -0.017343927 0.087811582 26.028047562 0.016026070 0.999748468 0.015690686 -28.826093674 -0.088061623 -0.014220432 0.996013522 303.894287109
0.995967865 -0.016852085 0.088112943 26.318870544 0.015508897 0.999753118 0.015906427 -29.021940231 -0.088359252 -0.014475756 0.995983422 306.145538330
0.995954454 -0.017729517 0.088092797 26.604946136 0.016399588 0.999740720 0.015797850 -29.223220825 -0.088350043 -0.014289252 0.995986998 308.398101807
0.995906472 -0.019108066 0.088345937 26.895975113 0.017739668 0.999710619 0.016248364 -29.418338776 -0.088630840 -0.014614625 0.995957315 310.662078857
0.995869577 -0.019604150 0.088653371 27.186944962 0.018288687 0.999710619 0.015626358 -29.614330292 -0.088934064 -0.013940461 0.995939970 312.903106689
0.995919168 -0.019016540 0.088223763 27.490915298 0.017642053 0.999710977 0.016333299 -29.814170837 -0.088508844 -0.014710197 0.995966792 315.167480469
0.995869398 -0.017571328 0.089080609 27.780221939 0.016263088 0.999749303 0.015390624 -30.008563995 -0.089328706 -0.013878328 0.995905519 317.400604248
0.995864093 -0.015925841 0.089448549 28.065549850 0.014565283 0.999768317 0.015842766 -30.204942703 -0.089680143 -0.014474398 0.995865464 319.648986816
0.995805383 -0.014996305 0.090259269 28.355031967 0.013686727 0.999792099 0.015110577 -30.402685165 -0.090467095 -0.013811839 0.995803654 321.877197266
0.995753646 -0.014510165 0.090907395 28.640626907 0.013126687 0.999789059 0.015798032 -30.597858429 -0.091117434 -0.014537634 0.995734036 324.117523193
0.995783329 -0.014246792 0.090623446 28.943222046 0.012750192 0.999772966 0.017072037 -30.804231644 -0.090846114 -0.015844587 0.995738804 326.352752686
0.995718181 -0.014534311 0.091290571 29.226675034 0.013055800 0.999774218 0.016772017 -31.002687454 -0.091513738 -0.015508335 0.995683074 328.585296631
0.995707691 -0.015210235 0.091295205 29.526035309 0.013819350 0.999778867 0.015847918 -31.196681976 -0.091516070 -0.014518253 0.995697737 330.818420410
0.995729506 -0.015225261 0.091054432 29.816574097 0.013844336 0.999779761 0.015778391 -31.393152237 -0.091274597 -0.014450424 0.995720863 333.048431396
0.995663941 -0.015582194 0.091708429 30.098485947 0.014098961 0.999759614 0.016799062 -31.585626602 -0.091948159 -0.015433230 0.995644212 335.297485352
0.995686710 -0.016178360 0.091359116 30.402925491 0.014694219 0.999749303 0.016894529 -31.778877258 -0.091609538 -0.015479205 0.995674789 337.529205322
0.995671749 -0.015950268 0.091560721 30.686201096 0.014409248 0.999743581 0.017467067 -31.978805542 -0.091815837 -0.016072145 0.995646298 339.760284424
0.995674312 -0.016105870 0.091505311 30.984266281 0.014619939 0.999750555 0.016885940 -32.171627045 -0.091754451 -0.015475096 0.995661438 341.993194580
0.995669007 -0.016035317 0.091575727 31.275510788 0.014494053 0.999742270 0.017470857 -32.364459991 -0.091832265 -0.016067881 0.995644867 344.252716064
0.995706081 -0.015688185 0.091231778 31.565685272 0.014149972 0.999747038 0.017483009 -32.553272247 -0.091482982 -0.016117014 0.995676160 346.492401123
0.995729864 -0.015411615 0.091019370 31.855133057 0.013889066 0.999753237 0.017337540 -32.744125366 -0.091264121 -0.015999332 0.995698214 348.721252441
0.995679080 -0.015008878 0.091640376 32.145107269 0.013415062 0.999748290 0.017983388 -32.943656921 -0.091887213 -0.016676320 0.995629728 350.958404541
0.995712876 -0.014928664 0.091285191 32.440711975 0.013315422 0.999744654 0.018256113 -33.136264801 -0.091534421 -0.016962346 0.995657444 353.178588867
0.995734215 -0.014725336 0.091084480 32.734943390 0.013156616 0.999755144 0.017799202 -33.327842712 -0.091324262 -0.016524917 0.995684028 355.430541992
0.995741367 -0.014723225 0.091006592 33.026252747 0.013136900 0.999751568 0.018005405 -33.516986847 -0.091249079 -0.016733183 0.995687485 357.661407471
0.995832443 -0.014268792 0.090078272 33.328292847 0.012583997 0.999735594 0.019244008 -33.715652466 -0.090329058 -0.018030265 0.995748758 359.896179199
0.995851159 -0.014387590 0.089852318 33.621238708 0.012683001 0.999729156 0.019513259 -33.911964417 -0.090108722 -0.018292706 0.995763838 362.134643555
0.995908082 -0.014398500 0.089218833 33.918460846 0.012663948 0.999720216 0.019977245 -34.102054596 -0.089481540 -0.018765630 0.995811701 364.369232178
0.995951951 -0.014347534 0.088736273 34.209033966 0.012675240 0.999731839 0.019380573 -34.290592194 -0.088990532 -0.018177360 0.995866597 366.609008789
0.995975018 -0.015070496 0.088356853 34.495750427 0.013421291 0.999724925 0.019229768 -34.480934143 -0.088622347 -0.017966500 0.995903254 368.850708008
0.995990038 -0.015006126 0.088197276 34.779029846 0.013468774 0.999747157 0.018000208 -34.659255981 -0.088445075 -0.016740110 0.995940387 371.101287842
0.996026635 -0.015313865 0.087729052 35.067123413 0.013723748 0.999730885 0.018699916 -34.863224030 -0.087991841 -0.017421644 0.995968759 373.338195801
0.996070266 -0.014960363 0.087293386 35.357170105 0.013310116 0.999722123 0.019456133 -35.048557281 -0.087560177 -0.018217789 0.995992661 375.589721680
0.996032953 -0.015251009 0.087667838 35.632293701 0.013590891 0.999717414 0.019502234 -35.231620789 -0.087940484 -0.018233385 0.995958865 377.839111328
0.996033788 -0.015774941 0.087565735 35.916805267 0.014084388 0.999703050 0.019890515 -35.424865723 -0.087853484 -0.018578321 0.995960057 380.075195312
0.996052563 -0.015909091 0.087327689 36.213153839 0.014210095 0.999698162 0.020042732 -35.610218048 -0.087620191 -0.018722679 0.995977938 382.325866699
0.996075988 -0.015208896 0.087184630 36.509315491 0.013477862 0.999700844 0.020409217 -35.801506042 -0.087468952 -0.019154072 0.995983005 384.583496094
0.996083677 -0.014082464 0.087286502 36.795368195 0.012345731 0.999715567 0.020405002 -35.983634949 -0.087549031 -0.019247470 0.995974243 386.832916260
0.996101499 -0.012834613 0.087276168 37.091384888 0.011112073 0.999734342 0.020193983 -36.176918030 -0.087512143 -0.019145433 0.995979428 389.101654053
0.996085286 -0.011392252 0.087659672 37.375213623 0.009663348 0.999750853 0.020122068 -36.365844727 -0.087867044 -0.019196207 0.995947242 391.384887695
0.996120572 -0.009922660 0.087436795 37.666683197 0.008055131 0.999732375 0.021685628 -36.553714752 -0.087628566 -0.020897187 0.995934010 393.643310547
0.996067762 -0.008544571 0.088181689 37.947612762 0.006624675 0.999735117 0.022041786 -36.741744995 -0.088346653 -0.021370938 0.995860517 395.904235840
0.996010005 -0.008278016 0.088856831 38.235488892 0.006477380 0.999768198 0.020533726 -36.934638977 -0.089006215 -0.019876240 0.995832741 398.170349121
0.995979488 -0.008362204 0.089190476 38.522525787 0.006587603 0.999774814 0.020172585 -37.125579834 -0.089339070 -0.019503927 0.995810390 400.430725098
0.995856464 -0.009536940 0.090438083 38.799263000 0.007615393 0.999738336 0.021568432 -37.311767578 -0.090620115 -0.020790340 0.995668530 402.667358398
0.995877147 -0.011053253 0.090036280 39.105724335 0.009083248 0.999710917 0.022260576 -37.498035431 -0.090256296 -0.021350976 0.995689809 404.957733154
0.995841742 -0.011542437 0.090364784 39.395877838 0.009602061 0.999714553 0.021878071 -37.679363251 -0.090591505 -0.020919411 0.995668411 407.209686279
0.995790839 -0.011074201 0.090983048 39.693798065 0.009150220 0.999726176 0.021536577 -37.865211487 -0.091196626 -0.020613417 0.995619535 409.451873779
0.995749772 -0.010288529 0.091523372 39.992034912 0.008316282 0.999725461 0.021904450 -38.055244446 -0.091723599 -0.021050213 0.995561957 411.705444336
0.995662034 -0.009313225 0.092576638 40.273708344 0.007349102 0.999741077 0.021534508 -38.239345551 -0.092753217 -0.020760732 0.995472670 413.949493408
0.995572805 -0.008400194 0.093617573 40.575069427 0.006395708 0.999744236 0.021690957 -38.424385071 -0.093775854 -0.020996176 0.995371938 416.225097656
0.995530784 -0.008711492 0.094034493 40.882469177 0.006701677 0.999742746 0.021667849 -38.614044189 -0.094199061 -0.020940823 0.995333135 418.488220215
0.995438516 -0.009679065 0.094912961 41.179096222 0.007648627 0.999734461 0.021733159 -38.798938751 -0.095098108 -0.020908073 0.995248318 420.747039795
0.995374620 -0.009902976 0.095557012 41.475513458 0.007868904 0.999734879 0.021639874 -38.987846375 -0.095745966 -0.020787859 0.995188713 422.999542236
0.995296538 -0.010109914 0.096345842 41.775730133 0.007958427 0.999710798 0.022689031 -39.169982910 -0.096547380 -0.021815555 0.995089293 425.269531250
0.995240688 -0.009577472 0.096975334 42.077617645 0.007335408 0.999698102 0.023450106 -39.357700348 -0.097170651 -0.022627149 0.995010495 427.521575928
0.995187163 -0.008593499 0.097614884 42.389274597 0.006239733 0.999682963 0.024392506 -39.540664673 -0.097793557 -0.023666015 0.994925261 429.796936035
0.995103657 -0.008404010 0.098478571 42.692039490 0.006028381 0.999684215 0.024396088 -39.722045898 -0.098652497 -0.023682972 0.994840086 432.077819824
0.995083570 -0.010235010 0.098508514 43.015705109 0.007936648 0.999687731 0.023695283 -39.915092468 -0.098720275 -0.022796959 0.994854033 434.356475830
0.995079100 -0.009316103 0.098645009 43.332851410 0.006931760 0.999676108 0.024486143 -40.100151062 -0.098841183 -0.023681864 0.994821310 436.625244141
0.995052278 -0.009649416 0.098882884 43.646480560 0.007210065 0.999661446 0.024996839 -40.285289764 -0.099090599 -0.024160214 0.994785011 438.914123535
0.995114803 -0.009837674 0.098233320 43.972980499 0.007373597 0.999649763 0.025415534 -40.465801239 -0.098448955 -0.024567045 0.994838774 441.186248779
0.995126307 -0.009256402 0.098174050 44.309238434 0.006756051 0.999645054 0.025770508 -40.643543243 -0.098377757 -0.024981642 0.994835556 443.476501465
0.995068073 -0.010038438 0.098684333 44.621479034 0.007501798 0.999632657 0.026042152 -40.823551178 -0.098909490 -0.025173405 0.994777977 445.750549316
0.995064199 -0.009877939 0.098740555 44.939247131 0.007380291 0.999644279 0.025628375 -41.004741669 -0.098958597 -0.024773147 0.994783103 448.025604248
0.995072961 -0.008995892 0.098736599 45.261837006 0.006525589 0.999658287 0.025313629 -41.187465668 -0.098930560 -0.024544589 0.994791687 450.289001465
0.995032489 -0.008766988 0.099164061 45.573204041 0.006286864 0.999660254 0.025295217 -41.373062134 -0.099352129 -0.024546128 0.994749546 452.554656982
0.994931579 -0.008369669 0.100205034 45.875625610 0.005833107 0.999655783 0.025580008 -41.546722412 -0.100384638 -0.024865847 0.994637907 454.818603516
0.994935691 -0.008147174 0.100183077 46.188228607 0.005660908 0.999669492 0.025076516 -41.727073669 -0.100354269 -0.024382398 0.994652987 457.088592529
0.994940042 -0.007060875 0.100221887 46.511581421 0.004652351 0.999695241 0.024245318 -41.904617310 -0.100362532 -0.023656372 0.994669676 459.376068115
0.994918942 -0.006125281 0.100492507 46.823852539 0.003616746 0.999677777 0.025125632 -42.090126038 -0.100614019 -0.024634510 0.994620502 461.656738281
0.994938493 -0.005940819 0.100310259 47.141448975 0.003324533 0.999650538 0.026228983 -42.268844604 -0.100431018 -0.025762739 0.994610429 463.942626953
0.994958460 -0.005994045 0.100108624 47.448661804 0.003335364 0.999637842 0.026704261 -42.442054749 -0.100232430 -0.026235735 0.994618118 466.209716797
0.995051503 -0.006303778 0.099159062 47.767215729 0.003781573 0.999664962 0.025603365 -42.616954803 -0.099287242 -0.025101691 0.994742095 468.492218018
0.995145798 -0.006393118 0.098203927 48.097534180 0.003950215 0.999678493 0.025050135 -42.797302246 -0.098332509 -0.024540612 0.994850993 470.791839600
0.995248735 -0.006704056 0.097134121 48.418418884 0.004184683 0.999650002 0.026117612 -42.982688904 -0.097275235 -0.025587043 0.994928479 473.074676514
0.995213032 -0.006739289 0.097496949 48.714187622 0.004143901 0.999632180 0.026798232 -43.165813446 -0.097641699 -0.026265929 0.994874954 475.353332520
0.995324731 -0.006342856 0.096376777 49.037590027 0.003863914 0.999657452 0.025886256 -43.329219818 -0.096507959 -0.025392838 0.995008171 477.661071777
0.995341659 -0.006452874 0.096194051 49.347042084 0.003930466 0.999643981 0.026388541 -43.506778717 -0.096330106 -0.025887530 0.995012760 479.942199707
0.995355606 -0.006914174 0.096018016 49.656806946 0.004347177 0.999628305 0.026918026 -43.682830811 -0.096168429 -0.026375605 0.995015562 482.215240479
0.995385289 -0.007526716 0.095662601 49.958480835 0.005018959 0.999638140 0.026428236 -43.860656738 -0.095826894 -0.025826152 0.995062947 484.484558105
0.995433092 -0.007513773 0.095165104 50.265892029 0.004936052 0.999615312 0.027293334 -44.045585632 -0.095333561 -0.026698951 0.995087385 486.769775391
0.995507002 -0.008087378 0.094341934 50.559783936 0.005575718 0.999623775 0.026856232 -44.209739685 -0.094523661 -0.026209544 0.995177507 489.038574219
0.995520532 -0.007773446 0.094225608 50.866539001 0.005217678 0.999612570 0.027340015 -44.382972717 -0.094401643 -0.026725905 0.995175362 491.344299316
0.995587111 -0.007077261 0.093574725 51.181350708 0.004496505 0.999604404 0.027761765 -44.555450439 -0.093734190 -0.027218493 0.995225132 493.634887695
0.995568752 -0.006514520 0.093810752 51.472728729 0.003963511 0.999617934 0.027353836 -44.726402283 -0.093953103 -0.026860809 0.995214224 495.936553955
0.995590925 -0.006196135 0.093596682 51.786216736 0.003686267 0.999629557 0.026964916 -44.907913208 -0.093729086 -0.026501002 0.995244980 498.249267578
0.995619059 -0.006071603 0.093304753 52.085681915 0.003493596 0.999608278 0.027768523 -45.081829071 -0.093436792 -0.027320901 0.995250285 500.545928955
0.995638430 -0.005276836 0.093146637 52.391284943 0.002707261 0.999612868 0.027691178 -45.252426147 -0.093256697 -0.027318228 0.995267272 502.827239990
0.995683193 -0.004537969 0.092706151 52.697914124 0.002044839 0.999634147 0.026970137 -45.429122925 -0.092794627 -0.026664145 0.995328188 505.100372314
0.995667517 -0.004591723 0.092870772 52.990890503 0.001989457 0.999603331 0.028093480 -45.610282898 -0.092962943 -0.027786998 0.995281696 507.379547119
0.995703518 -0.004804517 0.092473462 53.293323517 0.002334547 0.999638081 0.026799710 -45.781318665 -0.092568748 -0.026468683 0.995354414 509.664184570
0.995750487 -0.005656959 0.091917932 53.604282379 0.003115349 0.999609411 0.027770840 -45.965007782 -0.092039123 -0.027366471 0.995379269 511.962615967
0.995741248 -0.005248177 0.092042126 53.901908875 0.002696349 0.999609113 0.027827028 -46.135803223 -0.092152208 -0.027460342 0.995366216 514.265441895
0.995760679 -0.004504972 0.091871612 54.203212738 0.001974831 0.999616861 0.027612293 -46.310016632 -0.091960795 -0.027313808 0.995387971 516.568359375
0.995746136 -0.003470142 0.092073984 54.493888855 0.000963778 0.999628127 0.027251696 -46.485675812 -0.092134327 -0.027047034 0.995379210 518.860717773
0.995656610 -0.001019139 0.093095452 54.789264679 -0.001535409 0.999624312 0.027364358 -46.658462524 -0.093088366 -0.027388446 0.995281041 521.202392578
0.995590568 0.000954457 0.093800366 55.096035004 -0.003544266 0.999616981 0.027447093 -46.833698273 -0.093738228 -0.027658520 0.995212615 523.526733398
0.995521903 0.001883132 0.094512008 55.402091980 -0.004591099 0.999584854 0.028442845 -46.999679565 -0.094419204 -0.028749390 0.995117307 525.845825195
0.995483816 0.001368939 0.094921678 55.706661224 -0.004082969 0.999588192 0.028404001 -47.173084259 -0.094843686 -0.028663285 0.995079458 528.147094727
0.995441675 -0.000586236 0.095370188 56.012042999 -0.002250180 0.999558330 0.029630845 -47.343685150 -0.095345445 -0.029710378 0.995000780 530.456054688
0.995372057 -0.002000522 0.096075319 56.325492859 -0.000821979 0.999569416 0.029329436 -47.514320374 -0.096092634 -0.029272676 0.994941890 532.767639160
0.995337307 -0.002022465 0.096433371 56.635475159 -0.000743204 0.999589682 0.028635047 -47.684207916 -0.096451685 -0.028573202 0.994927406 535.074157715
0.995247483 -0.002395886 0.097348385 56.948978424 -0.000374608 0.999595642 0.028431345 -47.859085083 -0.097377144 -0.028332694 0.994844198 537.390136719
0.995128214 -0.001568616 0.098576546 57.248252869 -0.001182512 0.999611557 0.027843911 -48.034118652 -0.098581932 -0.027824834 0.994739830 539.696289062
0.995004833 -0.001014087 0.099822909 57.552463531 -0.001769279 0.999612331 0.027790561 -48.216262817 -0.099812396 -0.027828358 0.994617045 542.011413574
0.994881630 -0.000785977 0.101044014 57.863506317 -0.001933890 0.999638498 0.026816871 -48.391777039 -0.101028562 -0.026875021 0.994520485 544.329711914
0.994750679 -0.000910193 0.102323875 58.174465179 -0.001929806 0.999615729 0.027652588 -48.569625854 -0.102309719 -0.027704893 0.994366765 546.642333984
0.994600713 -0.001542124 0.103764497 58.463382721 -0.001446539 0.999586344 0.028720949 -48.751335144 -0.103765860 -0.028715974 0.994187117 548.933288574
0.994534612 -0.002316140 0.104381308 58.784091949 -0.000737562 0.999573231 0.029207170 -48.929351807 -0.104404397 -0.029124530 0.994108379 551.229370117
0.994585574 -0.003352721 0.103866860 59.121753693 0.000449001 0.999608696 0.027966956 -49.097267151 -0.103919975 -0.027768895 0.994197905 553.534790039
0.994584501 -0.003769701 0.103862710 59.456581116 0.000790978 0.999587536 0.028705712 -49.277088165 -0.103928097 -0.028468102 0.994177222 555.850891113
0.994507730 -0.003514508 0.104604118 59.776664734 0.000461639 0.999573648 0.029194893 -49.451004028 -0.104662105 -0.028986257 0.994085312 558.154296875
0.994469881 -0.002805792 0.104983941 60.106964111 -0.000372818 0.999542356 0.030245246 -49.624244690 -0.105020761 -0.030117126 0.994013906 560.486145020
0.994472980 -0.003484043 0.104934722 60.446662903 0.000228091 0.999518514 0.031024391 -49.799495697 -0.104992278 -0.030828979 0.993995070 562.814758301
0.994470417 -0.002959541 0.104974054 60.783794403 -0.000391783 0.999491274 0.031890277 -49.968078613 -0.105015032 -0.031755067 0.993963480 565.127014160
0.994414508 -0.002114251 0.105523296 61.122390747 -0.001199440 0.999508381 0.031329129 -50.141326904 -0.105537653 -0.031280704 0.993923187 567.445983887
0.994434714 -0.001318320 0.105346479 61.469505310 -0.001834111 0.999553561 0.029821932 -50.307315826 -0.105338760 -0.029849181 0.993988335 569.776733398
0.994376123 -0.000925028 0.105902448 61.811737061 -0.002265239 0.999547362 0.030000331 -50.479888916 -0.105882272 -0.030071504 0.993923962 572.099670410
0.994368970 -0.000881268 0.105968885 62.140277863 -0.002480927 0.999497771 0.031592127 -50.664306641 -0.105943516 -0.031677131 0.993867457 574.469787598
0.994359553 -0.000958823 0.106056452 62.484504700 -0.002584626 0.999443114 0.033268478 -50.843154907 -0.106029294 -0.033354945 0.993803442 576.780822754
0.994226098 -0.000624693 0.107302919 62.801689148 -0.002749825 0.999506354 0.031297673 -51.008323669 -0.107269488 -0.031412032 0.993733644 579.173828125
0.994269788 -0.001164648 0.106893204 63.148345947 -0.002192765 0.999508142 0.031286124 -51.173904419 -0.106877066 -0.031341244 0.993778169 581.511047363
0.994268179 -0.002342695 0.106888860 63.492767334 -0.001160897 0.999464393 0.032703917 -51.349678040 -0.106908217 -0.032640550 0.993732989 583.811035156
0.994336128 -0.002111956 0.106260657 63.837242126 -0.001397189 0.999456406 0.032938678 -51.516708374 -0.106272437 -0.032900572 0.993792593 586.129333496
0.994321704 -0.005564244 0.106270157 64.201599121 0.002202384 0.999494195 0.031726241 -51.695243835 -0.106392935 -0.031312034 0.993831038 588.509033203
0.994368494 -0.005947340 0.105810583 64.547134399 0.002594814 0.999491096 0.031793725 -51.859233856 -0.105945811 -0.031340122 0.993877888 590.848815918
0.994390905 -0.007718557 0.105486579 64.887138367 0.004349905 0.999474287 0.032127250 -52.026931763 -0.105679125 -0.031488184 0.993901551 593.180847168
0.994412661 -0.008166363 0.105245590 65.234291077 0.004780086 0.999463975 0.032387163 -52.195526123 -0.105453663 -0.031703129 0.993918657 595.536315918
