1.000000000 0.000000000 0.000000000 0.000000000 0.000000000 1.000000000 0.000000000 0.000000000 0.000000000 0.000000000 1.000000000 0.000000000
0.999999881 0.000179362 0.000466801 0.085823238 -0.000179297 1.000000000 -0.000138312 -0.226060301 -0.000466825 0.000138229 0.999999881 2.289753199
0.999999046 0.000548772 0.001223173 0.164515764 -0.000549268 0.999999762 0.000405079 -0.463164240 -0.001222950 -0.000405750 0.999999106 4.586299896
0.999998271 0.000145657 0.001850422 0.260454297 -0.000146675 0.999999821 0.000550180 -0.694262445 -0.001850341 -0.000550451 0.999998093 6.878643990
0.999996424 0.000137800 0.002657019 0.355782062 -0.000134577 0.999999285 -0.001212919 -0.926248372 -0.002657183 0.001212557 0.999995708 9.179688454
0.999987125 0.001848329 0.004719900 0.447341412 -0.001848780 0.999998331 0.000091175 -1.161603093 -0.004719722 -0.000099899 0.999988914 11.486917496
0.999963701 0.004056196 0.007481501 0.532763243 -0.004067265 0.999990642 0.001464952 -1.392858624 -0.007475489 -0.001495328 0.999970853 13.796617508
0.999943614 0.003926649 0.009867697 0.640290141 -0.003967870 0.999983490 0.004161185 -1.622419000 -0.009851193 -0.004200104 0.999942601 16.070087433
0.999942601 0.003477616 0.010134435 0.770196795 -0.003526558 0.999982178 0.004815394 -1.849332929 -0.010117508 -0.004850858 0.999937057 18.415685654
0.999931097 0.002699578 0.011425029 0.889706075 -0.002757142 0.999983549 0.005025628 -2.074281931 -0.011411277 -0.005056782 0.999922097 20.707614899
0.999928474 0.000147836 0.011957977 1.003302574 -0.000183105 0.999995649 0.002948427 -2.307541370 -0.011957488 -0.002950405 0.999924183 23.022148132
0.999916196 -0.002186338 0.012765809 1.111874104 0.002173286 0.999997139 0.001036235 -2.529349089 -0.012768038 -0.001008404 0.999918103 25.303766251
0.999917030 -0.003114689 0.012501474 1.249627233 0.003110362 0.999995112 0.000365522 -2.776341438 -0.012502551 -0.000326608 0.999921799 27.609806061
0.999903440 -0.002713690 0.013627143 1.354701519 0.002720644 0.999996126 -0.000491808 -3.002775431 -0.013625755 0.000528835 0.999907017 29.896818161
0.999901772 -0.000518526 0.014001653 1.480176806 0.000491810 0.999998033 0.001911495 -3.232455730 -0.014002617 -0.001904422 0.999900162 32.182151794
0.999900818 0.001561993 0.013995830 1.609725356 -0.001621372 0.999989748 0.004232288 -3.453941584 -0.013989076 -0.004254562 0.999893069 34.461353302
0.999871135 0.003641063 0.015636262 1.721608877 -0.003773441 0.999957204 0.008444924 -3.687571049 -0.015604844 -0.008502838 0.999842107 36.768867493
0.999849021 0.005462616 0.016495815 1.835959196 -0.005592402 0.999953628 0.007831852 -3.903490305 -0.016452268 -0.007922919 0.999833226 39.042098999
0.999824822 0.004648421 0.018129272 1.943184614 -0.004766253 0.999967754 0.006461780 -4.109568596 -0.018098649 -0.006547056 0.999814868 41.333919525
0.999826968 0.002220309 0.018467816 2.065482140 -0.002325187 0.999981225 0.005659436 -4.335031986 -0.018454900 -0.005701398 0.999813437 43.609848022
0.999824107 0.002310666 0.018609155 2.197571278 -0.002386590 0.999988914 0.004058775 -4.552498817 -0.018599568 -0.004102475 0.999818623 45.855510712
0.999825060 0.001486199 0.018651450 2.324468613 -0.001551641 0.999992609 0.003494636 -4.785550117 -0.018646125 -0.003522965 0.999819875 48.132766724
0.999823570 -0.000026845 0.018779356 2.459273577 -0.000044967 0.999992609 0.003823586 -5.012834072 -0.018779324 -0.003823756 0.999816358 50.412425995
0.999805331 -0.000816533 0.019719336 2.589565039 0.000734773 0.999991119 0.004153062 -5.236462593 -0.019722553 -0.004137764 0.999796927 52.681129456
0.999804556 -0.001918042 0.019677635 2.730686903 0.001842829 0.999990940 0.003839698 -5.462363243 -0.019684820 -0.003802685 0.999799073 54.969280243
0.999768257 -0.002408390 0.021391172 2.851092100 0.002312321 0.999987125 0.004514677 -5.693878174 -0.021401770 -0.004464168 0.999760985 57.265636444
0.999745429 -0.003777426 0.022245124 2.987926960 0.003662337 0.999979734 0.005212169 -5.919622421 -0.022264358 -0.005129372 0.999738932 59.535579681
0.999704778 -0.005242993 0.023724148 3.116475582 0.005133748 0.999975920 0.004663353 -6.142723560 -0.023748025 -0.004540184 0.999707580 61.800067902
0.999694228 -0.006071210 0.023971708 3.269613743 0.005967199 0.999972463 0.004408059 -6.364869118 -0.023997815 -0.004263667 0.999702930 64.052345276
0.999664664 -0.005512630 0.025300929 3.408395767 0.005385836 0.999972582 0.005076887 -6.587384224 -0.025328221 -0.004938918 0.999666989 66.323188782
0.999644637 -0.004520831 0.026269155 3.556273937 0.004378580 0.999975383 0.005470116 -6.813644886 -0.026293239 -0.005353151 0.999639869 68.586021423
0.999611497 -0.004752893 0.027464774 3.695433378 0.004616010 0.999976635 0.005045247 -7.035921574 -0.027488112 -0.004916510 0.999610066 70.842796326
0.999596477 -0.005516216 0.027863974 3.854538441 0.005413469 0.999978244 0.003761506 -7.259691238 -0.027884122 -0.003609148 0.999604642 73.099990845
0.999583721 -0.006472066 0.028115643 4.015816689 0.006354482 0.999970675 0.004269466 -7.487005711 -0.028142450 -0.004089030 0.999595523 75.376190186
0.999540150 -0.007648521 0.029341053 4.174315453 0.007543774 0.999964714 0.003679034 -7.715582371 -0.029368155 -0.003456001 0.999562681 77.641517639
0.999535739 -0.008663061 0.029208582 4.333851337 0.008562123 0.999956965 0.003579023 -7.946402073 -0.029238330 -0.003327273 0.999566913 79.899711609
0.999505341 -0.009099354 0.030102575 4.480838776 0.009006486 0.999954283 0.003219203 -8.162332535 -0.030130491 -0.002946492 0.999541581 82.155059814
0.999491096 -0.008426034 0.030766672 4.652503490 0.008333397 0.999960482 0.003137854 -8.389734268 -0.030791899 -0.002879866 0.999521673 84.430435181
0.999442101 -0.008105095 0.032399897 4.807640553 0.007992471 0.999961555 0.003604123 -8.607002258 -0.032427866 -0.003343157 0.999468505 86.686386108
0.999442756 -0.008083926 0.032384902 4.975903034 0.007920032 0.999955118 0.005185836 -8.840311050 -0.032425374 -0.004926457 0.999462128 88.970909119
0.999413192 -0.006990639 0.033532139 5.132622719 0.006798154 0.999959767 0.005850941 -9.066742897 -0.033571690 -0.005619551 0.999420524 91.228073120
0.999386549 -0.006866708 0.034342404 5.298924923 0.006671330 0.999960899 0.005800438 -9.286502838 -0.034380883 -0.005567770 0.999393404 93.482978821
0.999370575 -0.006946938 0.034787100 5.467873573 0.006773872 0.999964237 0.005090401 -9.500480652 -0.034821212 -0.004851553 0.999381781 95.739929199
0.999340415 -0.007344999 0.035563201 5.633896828 0.007156454 0.999959648 0.005426092 -9.720675468 -0.035601616 -0.005168005 0.999352813 97.998542786
0.999305069 -0.007015234 0.036608189 5.793213844 0.006843180 0.999964952 0.004823042 -9.948048592 -0.036640737 -0.004569173 0.999318063 100.239448547
0.999230742 -0.006938169 0.038598727 5.943099976 0.006715571 0.999960065 0.005893624 -10.162723541 -0.038638081 -0.005629878 0.999237418 102.462722778
0.999250233 -0.007534090 0.037975326 6.151329041 0.007322676 0.999956906 0.005703170 -10.385500908 -0.038016655 -0.005420814 0.999262393 104.740776062
0.999216378 -0.008141255 0.038732603 6.324485779 0.007900966 0.999948561 0.006352810 -10.599930763 -0.038782328 -0.006041807 0.999229431 106.979072571
0.999189138 -0.009509320 0.039122965 6.505531788 0.009260676 0.999935746 0.006531770 -10.817631721 -0.039182562 -0.006164168 0.999212980 109.234565735
0.999143898 -0.010615798 0.039984751 6.679415703 0.010321587 0.999918282 0.007557421 -11.041537285 -0.040061716 -0.007138245 0.999171734 111.493690491
0.999129057 -0.011405983 0.040137772 6.872823238 0.011174380 0.999919653 0.005989836 -11.260260582 -0.040202860 -0.005536105 0.999176145 113.763031006
0.999083042 -0.011887799 0.041130736 7.052489281 0.011688758 0.999918818 0.005076366 -11.477925301 -0.041187741 -0.004590944 0.999140859 116.017044067
0.999046624 -0.012170792 0.041924827 7.231291771 0.011941772 0.999912381 0.005708778 -11.706374168 -0.041990627 -0.005202679 0.999104440 118.263931274
0.998993814 -0.012601070 0.043041445 7.417658806 0.012336704 0.999903321 0.006402207 -11.929430008 -0.043117963 -0.005864776 0.999052763 120.540184021
0.998985171 -0.013267554 0.043040384 7.619958401 0.012965036 0.999889314 0.007300229 -12.155843735 -0.043132469 -0.006734801 0.999046624 122.748321533
0.998931110 -0.014357555 0.043937102 7.818510056 0.014094564 0.999880910 0.006289620 -12.373862267 -0.044022169 -0.005663623 0.999014497 125.056343079
0.998897851 -0.014729527 0.044566229 7.998906136 0.014486968 0.999878466 0.005760774 -12.598992348 -0.044645675 -0.005108797 0.998989820 127.321197510
0.998878539 -0.016368065 0.044426568 8.186676979 0.016110379 0.999851286 0.006152160 -12.815936089 -0.044520654 -0.005429532 0.998993695 129.583312988
0.998897910 -0.017522393 0.043542583 8.372882843 0.017258180 0.999830306 0.006436619 -13.031609535 -0.043647975 -0.005678059 0.999030769 131.831573486
0.998952746 -0.017850086 0.042130586 8.566995621 0.017550753 0.999818087 0.007464195 -13.246259689 -0.042256154 -0.006716953 0.999084175 134.069137573
0.998994291 -0.018682772 0.040759385 8.745835304 0.018393436 0.999803007 0.007462250 -13.470293045 -0.040890768 -0.006705041 0.999141097 136.324676514
0.999071062 -0.019623177 0.038365863 8.956281662 0.019379789 0.999789834 0.006705481 -13.679734230 -0.038489379 -0.005955730 0.999241233 138.548629761
0.999046445 -0.020234080 0.038687717 9.111671448 0.019970151 0.999774694 0.007196294 -13.906517029 -0.038824614 -0.006416833 0.999225378 140.838088989
0.999040365 -0.020619333 0.038641937 9.281414032 0.020354718 0.999766707 0.007228855 -14.112658501 -0.038781978 -0.006435372 0.999226987 143.071273804
0.999083281 -0.020665519 0.037490487 9.470894814 0.020352764 0.999754906 0.008704890 -14.340325356 -0.037661199 -0.007933875 0.999259055 145.320236206
0.999102116 -0.019725040 0.037494775 9.644142151 0.019453885 0.999782026 0.007582969 -14.552930832 -0.037636183 -0.006846741 0.999268055 147.572738647
0.999120772 -0.018847983 0.037449706 9.825731277 0.018631469 0.999807656 0.006122120 -14.770885468 -0.037557896 -0.005418995 0.999279678 149.832992554
0.999136209 -0.017306972 0.037778962 9.997815132 0.017120676 0.999839604 0.005249366 -14.990599632 -0.037863754 -0.004598030 0.999272346 152.087936401
0.999142468 -0.016458798 0.037992727 10.180540085 0.016269606 0.999853611 0.005283622 -15.205682755 -0.038074128 -0.004660964 0.999264061 154.334289551
0.999126434 -0.015868738 0.038660564 10.361804962 0.015665233 0.999861777 0.005561116 -15.421137810 -0.038743470 -0.004950632 0.999236882 156.597946167
0.999131083 -0.014290805 0.039150078 10.529442787 0.014009540 0.999874115 0.007449201 -15.650580406 -0.039251599 -0.006894255 0.999205589 158.845596313
0.999078810 -0.013701901 0.040666770 10.705692291 0.013375524 0.999876142 0.008286866 -15.864647865 -0.040775288 -0.007735294 0.999138415 161.081420898
0.999059260 -0.012346040 0.041570619 10.873760223 0.011931552 0.999876738 0.010204132 -16.085000992 -0.041691478 -0.009698531 0.999083459 163.386383057
0.999031007 -0.011994552 0.042344857 11.058117867 0.011618083 0.999890864 0.009125500 -16.283979416 -0.042449698 -0.008624692 0.999061406 165.646774292
0.998996675 -0.011460337 0.043293554 11.251067162 0.011132006 0.999907494 0.007817334 -16.496210098 -0.043379139 -0.007327546 0.999031723 167.898818970
0.998936355 -0.009641921 0.045090865 11.432991028 0.009284492 0.999923825 0.008129613 -16.708280563 -0.045165811 -0.007702320 0.998949707 170.133789062
0.998809814 -0.009411518 0.047857530 11.625314713 0.009038649 0.999927163 0.008001652 -16.930652618 -0.047929339 -0.007559563 0.998822033 172.424972534
0.998700023 -0.009628977 0.050054602 11.827143669 0.009254423 0.999927580 0.007709281 -17.142595291 -0.050125200 -0.007236032 0.998716712 174.694412231
0.998621404 -0.009517887 0.051619861 12.035467148 0.009102642 0.999924302 0.008273432 -17.359725952 -0.051694699 -0.007792151 0.998632550 176.949127197
0.998578250 -0.010040480 0.052352499 12.235429764 0.009584033 0.999913871 0.008962528 -17.568031311 -0.052437980 -0.008448037 0.998588502 179.177612305
0.998562157 -0.011330645 0.052394237 12.448770523 0.010881945 0.999901712 0.008841280 -17.790882111 -0.052489273 -0.008258415 0.998587251 181.460510254
0.998527408 -0.012195038 0.052861433 12.647309303 0.011752033 0.999893188 0.008683233 -18.001752853 -0.052961685 -0.008049216 0.998564065 183.704956055
0.998581409 -0.013959919 0.051383294 12.872254372 0.013556968 0.999874651 0.008182234 -18.219514847 -0.051491078 -0.007474023 0.998645484 185.955337524
0.998590589 -0.015635287 0.050717738 13.081916809 0.015196996 0.999843895 0.009015935 -18.433794022 -0.050850775 -0.008232471 0.998672307 188.207397461
0.998598516 -0.016475484 0.050292779 13.288640976 0.016068488 0.999834836 0.008486224 -18.642366409 -0.050424293 -0.007666204 0.998698354 190.450958252
0.998571157 -0.017726680 0.050411802 13.486879349 0.017334744 0.999816120 0.008201399 -18.860242844 -0.050547913 -0.007315805 0.998694837 192.697814941
0.998533130 -0.019517787 0.050502848 13.678869247 0.019151179 0.999786675 0.007732831 -19.073802948 -0.050643008 -0.006754299 0.998694003 194.933166504
0.998561442 -0.018995576 0.050143007 13.881031036 0.018620552 0.999795139 0.007935631 -19.286911011 -0.050283480 -0.006990524 0.998710513 197.167465210
0.998569489 -0.016855104 0.050743572 14.093194962 0.016469205 0.999832273 0.008013478 -19.510459900 -0.050870128 -0.007166309 0.998679578 199.431625366
0.998590946 -0.015136410 0.050862983 14.297472954 0.014757687 0.999860585 0.007813305 -19.726133347 -0.050974153 -0.007051675 0.998674989 201.667861938
0.998572111 -0.014607172 0.051384442 14.506361008 0.014264526 0.999873519 0.007028756 -19.940099716 -0.051480617 -0.006285745 0.998654187 203.925384521
0.998540342 -0.014788477 0.051945794 14.704042435 0.014406598 0.999866486 0.007718266 -20.150716782 -0.052053001 -0.006958638 0.998620033 206.153182983
0.998514473 -0.016310195 0.051988434 14.930006027 0.015913364 0.999841094 0.008037885 -20.373340607 -0.052111279 -0.007198635 0.998615265 208.403701782
0.998464823 -0.015799979 0.053088054 15.134269714 0.015397118 0.999849617 0.007988943 -20.574394226 -0.053206287 -0.007159276 0.998557925 210.649307251
0.998390198 -0.015645837 0.054517753 15.350332260 0.015145966 0.999839365 0.009570226 -20.802604675 -0.054658730 -0.008729097 0.998466909 212.886993408
0.998329639 -0.014255426 0.055988301 15.581401825 0.013726590 0.999857545 0.009818741 -21.013753891 -0.056120291 -0.009033813 0.998383164 215.119400024
0.998155236 -0.012877103 0.059331845 15.782247543 0.012306684 0.999874592 0.009969467 -21.223573685 -0.059452787 -0.009220901 0.998188496 217.385116577
0.998018026 -0.012796066 0.061614271 16.004972458 0.012186727 0.999873161 0.010255203 -21.432186127 -0.061737679 -0.009484003 0.998047292 219.633453369
0.997885168 -0.014110054 0.063451394 16.234544754 0.013453848 0.999851644 0.010757279 -21.637220383 -0.063593760 -0.009880864 0.997926950 221.863677979
0.997784734 -0.015915547 0.064592317 16.467439651 0.015198643 0.999817431 0.011575159 -21.843818665 -0.064764753 -0.010567802 0.997844517 224.099609375
0.997721016 -0.017986236 0.065031789 16.719507217 0.017306050 0.999789655 0.011007529 -22.058067322 -0.065216079 -0.009857001 0.997822404 226.338455200
0.997669697 -0.018989773 0.065533265 16.953056335 0.018333144 0.999775767 0.010606727 -22.259899139 -0.065719984 -0.009380578 0.997794032 228.587875366
0.997636795 -0.019558929 0.065864623 17.193620682 0.018881375 0.999762356 0.010893934 -22.465564728 -0.066062048 -0.009624576 0.997769117 230.825531006
0.997558415 -0.020899357 0.066635951 17.427927017 0.020270893 0.999743581 0.010093601 -22.672964096 -0.066829808 -0.008718188 0.997726321 233.064025879
0.997566164 -0.021466076 0.066339724 17.701307297 0.020785144 0.999724090 0.010937666 -22.883274078 -0.066556215 -0.009532166 0.997737169 235.363113403
0.997543156 -0.021135071 0.066790700 17.946039200 0.020441253 0.999729872 0.011054431 -23.087446213 -0.067006297 -0.009661986 0.997705758 237.610122681
0.997505784 -0.021007275 0.067386657 18.182487488 0.020315845 0.999733865 0.010929612 -23.288963318 -0.067598335 -0.009533334 0.997667074 239.838653564
0.997472763 -0.021220261 0.067807205 18.425203323 0.020506525 0.999726951 0.011204844 -23.496353149 -0.068026468 -0.009786038 0.997635484 242.069747925
0.997434497 -0.021598347 0.068249039 18.669210434 0.020880029 0.999718964 0.011220944 -23.696430206 -0.068472207 -0.009767115 0.997605145 244.311950684
0.997392118 -0.021777539 0.068808891 18.913633347 0.021104215 0.999722183 0.010497338 -23.907300949 -0.069018386 -0.009017805 0.997574627 246.544692993
0.997402847 -0.021138156 0.068852685 19.164947510 0.020507585 0.999741137 0.009852377 -24.119655609 -0.069043107 -0.008414786 0.997578204 248.787231445
0.997384667 -0.021326743 0.069057360 19.416847229 0.020658018 0.999732792 0.010383409 -24.331716537 -0.069260322 -0.008929666 0.997558653 251.023223877
0.997360766 -0.022660855 0.068978280 19.673522949 0.021997238 0.999704242 0.010365201 -24.541236877 -0.069192760 -0.008820511 0.997564435 253.256378174
0.997364759 -0.022754014 0.068890125 19.934350967 0.022044070 0.999696076 0.011048298 -24.750499725 -0.069120571 -0.009500567 0.997563064 255.517440796
0.997316122 -0.023358596 0.069390900 20.167144775 0.022623522 0.999679446 0.011360418 -24.958822250 -0.069634013 -0.009760059 0.997524917 257.738159180
0.997315109 -0.023732055 0.069277592 20.436393738 0.022972265 0.999667048 0.011743668 -25.170116425 -0.069533244 -0.010120676 0.997528315 260.013336182
0.997289181 -0.023418840 0.069756024 20.691461563 0.022699308 0.999680758 0.011089995 -25.373180389 -0.069993474 -0.009476516 0.997502446 262.261566162
0.997265399 -0.023315538 0.070129558 20.945745468 0.022628305 0.999687970 0.010578053 -25.577026367 -0.070354305 -0.008962212 0.997481942 264.519866943
0.997237563 -0.022592835 0.070758790 21.201284409 0.021928497 0.999707997 0.010151620 -25.788631439 -0.070967473 -0.008571944 0.997441709 266.760192871
0.997170150 -0.021884277 0.071921192 21.452461243 0.021202605 0.999722958 0.010227880 -25.991451263 -0.072125077 -0.008674020 0.997357845 269.004577637
0.997086108 -0.021279123 0.073256120 21.711732864 0.020602681 0.999737978 0.009977271 -26.214700699 -0.073449247 -0.008438927 0.997263253 271.258544922
0.996974528 -0.022073939 0.074528024 21.973098755 0.021359753 0.999718130 0.010366356 -26.424888611 -0.074735835 -0.008743093 0.997165084 273.500488281
0.996821642 -0.022309026 0.076478377 22.227462769 0.021522174 0.999706805 0.011097405 -26.632434845 -0.076703519 -0.009416153 0.997009397 275.751831055
0.996723115 -0.022341575 0.077742636 22.499509811 0.021465072 0.999696553 0.012091918 -26.827945709 -0.077989183 -0.010383543 0.996900141 277.993316650
0.996652126 -0.021845372 0.078786701 22.775051117 0.020809127 0.999686122 0.013949763 -27.050870895 -0.079066716 -0.012263577 0.996793985 280.248443604
0.996574342 -0.021591820 0.079833649 23.053737640 0.020457469 0.999678195 0.014999742 -27.255867004 -0.080131829 -0.013315164 0.996695340 282.486114502
0.996504843 -0.020897480 0.080878161 23.326461792 0.019757004 0.999694228 0.014875867 -27.450872421 -0.081164271 -0.013225965 0.996612966 284.752105713
0.996393204 -0.019782932 0.082518756 23.587877274 0.018669825 0.999724269 0.014239132 -27.644111633 -0.082777709 -0.012647163 0.996487737 286.980743408
0.996389151 -0.018778725 0.082800329 23.871358871 0.017786989 0.999761164 0.012698969 -27.833608627 -0.083019011 -0.011180348 0.996485233 289.234466553
0.996330261 -0.019536303 0.083332680 24.140853882 0.018537369 0.999746919 0.012744386 -28.038375854 -0.083560564 -0.011152850 0.996440291 291.461730957
0.996339202 -0.019389909 0.083261296 24.416530609 0.018487524 0.999761879 0.011595410 -28.233266830 -0.083466306 -0.010013667 0.996460259 293.741943359
0.996354163 -0.019947743 0.082948349 24.694009781 0.019131435 0.999760509 0.010624408 -28.433134079 -0.083140418 -0.008998754 0.996497214 295.969055176
0.996339977 -0.019939112 0.083120815 24.968326569 0.019129483 0.999761581 0.010525531 -28.639865875 -0.083310872 -0.008896949 0.996483862 298.208068848
0.996347606 -0.019288331 0.083182119 25.244371414 0.018443426 0.999770343 0.010913826 -28.844461441 -0.083373524 -0.009339800 0.996474564 300.447967529
0.996290982 -0.019132406 0.083893873 25.503189087 0.018225117 0.999766946 0.011567298 -29.054281235 -0.084095635 -0.009995419 0.996407568 302.691253662
0.996299088 -0.019571729 0.083695658 25.784605026 0.018653268 0.999757051 0.011741783 -29.258258820 -0.083905146 -0.010137131 0.996422112 304.935516357
0.996276140 -0.018753232 0.084155947 26.065719604 0.017810132 0.999769986 0.011943462 -29.464490891 -0.084360592 -0.010400155 0.996381044 307.186981201
0.996283054 -0.019845583 0.083821774 26.349391937 0.018905874 0.999749362 0.011989809 -29.677356720 -0.084038727 -0.010360521 0.996408582 309.445068359
0.996222436 -0.020812845 0.084306866 26.624322891 0.019841066 0.999726832 0.012348302 -29.881210327 -0.084540844 -0.010628916 0.996363342 311.716949463
0.996189594 -0.019969463 0.084896952 26.900419235 0.019053271 0.999751270 0.011588495 -30.086452484 -0.085107259 -0.009926775 0.996322334 313.970611572
0.996211290 -0.019644270 0.084718041 27.188955307 0.018662361 0.999749303 0.012366818 -30.294065475 -0.084939741 -0.010738924 0.996328235 316.217041016
0.996176362 -0.017871024 0.085517712 27.467243195 0.016942035 0.999789476 0.011576625 -30.500997543 -0.085706592 -0.010083514 0.996269405 318.464996338
0.996167243 -0.016032871 0.085987121 27.743535995 0.015049515 0.999813855 0.012072195 -30.704938889 -0.086164668 -0.010731861 0.996223092 320.719970703
0.996104479 -0.014937653 0.086906381 28.017114639 0.013980174 0.999834776 0.011615592 -30.909368515 -0.087065540 -0.010355378 0.996148765 322.953247070
0.996044695 -0.014211987 0.087708831 28.289205551 0.013205080 0.999840140 0.012049706 -31.108711243 -0.087866068 -0.010843843 0.996073246 325.190795898
0.996065795 -0.013958358 0.087510720 28.580841064 0.012829758 0.999827266 0.013445965 -31.322195053 -0.087683290 -0.012270324 0.996072829 327.416046143
0.996027946 -0.014727488 0.087814890 28.857746124 0.013611961 0.999818981 0.013288529 -31.529699326 -0.087994702 -0.012040415 0.996048093 329.666076660
0.996047556 -0.016312612 0.087310575 29.154850006 0.015277049 0.999804974 0.012515859 -31.731382370 -0.087497726 -0.011132544 0.996102452 331.902770996
0.996034265 -0.016078269 0.087504879 29.434400558 0.015060514 0.999811113 0.012278718 -31.936315536 -0.087685794 -0.010912156 0.996088326 334.123107910
0.996008396 -0.016394306 0.087741196 29.715793610 0.015279554 0.999794126 0.013361570 -32.135669708 -0.087942176 -0.011967592 0.996053696 336.353912354
0.996062517 -0.017029788 0.087001689 30.015459061 0.015938804 0.999785721 0.013219093 -32.334846497 -0.087208167 -0.011780341 0.996120453 338.589080811
0.996053934 -0.017014779 0.087105259 30.293722153 0.015892608 0.999781728 0.013560315 -32.541587830 -0.087316982 -0.012122476 0.996106803 340.832244873
0.996112883 -0.017156122 0.086398698 30.588529587 0.016059704 0.999781668 0.013369384 -32.746700287 -0.086609185 -0.011929878 0.996170938 343.078399658
0.996119022 -0.017254015 0.086310200 30.869958878 0.016136225 0.999776900 0.013631874 -32.944915771 -0.086526163 -0.012186249 0.996174991 345.323181152
0.996160328 -0.017172372 0.085848399 31.152956009 0.016063025 0.999778628 0.013596367 -33.142486572 -0.086062871 -0.012165175 0.996215463 347.562072754
0.996219695 -0.017055666 0.085178152 31.438093185 0.015947705 0.999779284 0.013671108 -33.344852448 -0.085392535 -0.012261032 0.996271968 349.808471680
0.996229589 -0.016561784 0.085160427 31.714593887 0.015410488 0.999780953 0.014158829 -33.548336029 -0.085376278 -0.012793083 0.996266603 352.049926758
0.996268511 -0.017074822 0.084602349 31.994707108 0.015909215 0.999769390 0.014432573 -33.744468689 -0.084829263 -0.013032762 0.996310294 354.278778076
0.996297181 -0.016911952 0.084298082 32.271282196 0.015792444 0.999778390 0.013929587 -33.944778442 -0.084514976 -0.012546734 0.996343195 356.515869141
0.996344268 -0.017165801 0.083685510 32.554157257 0.016017949 0.999768376 0.014368414 -34.143436432 -0.083912775 -0.012975417 0.996388614 358.752746582
0.996393859 -0.016690401 0.083190463 32.836330414 0.015486218 0.999766052 0.015099370 -34.343841553 -0.083423033 -0.013756611 0.996419251 361.002288818
0.996462345 -0.016824376 0.082339436 33.122753143 0.015639894 0.999765038 0.015009261 -34.544155121 -0.082572617 -0.013668383 0.996491253 363.248168945
0.996503711 -0.016739227 0.081854530 33.403793335 0.015520434 0.999759316 0.015503494 -34.742828369 -0.082094356 -0.014178874 0.996523678 365.490600586
0.996562123 -0.016826348 0.081121959 33.685165405 0.015678365 0.999768019 0.014767651 -34.941127777 -0.081351630 -0.013445021 0.996594727 367.752166748
0.996575236 -0.017359024 0.080848403 33.958202362 0.016224345 0.999760747 0.014670534 -35.142749786 -0.081083745 -0.013308578 0.996618450 370.004486084
0.996569335 -0.017317209 0.080930002 34.226665497 0.016263837 0.999774456 0.013657008 -35.336677551 -0.081148244 -0.012293924 0.996626258 372.270599365
0.996643543 -0.017194565 0.080038808 34.507987976 0.016140392 0.999774516 0.013799178 -35.542709351 -0.080258027 -0.012461004 0.996696174 374.521331787
0.996735811 -0.017174244 0.078884587 34.789123535 0.016102623 0.999769449 0.014200822 -35.738819122 -0.079110295 -0.012884220 0.996782660 376.771362305
0.996648252 -0.016523913 0.080119722 35.044254303 0.015395019 0.999773562 0.014687421 -35.936672211 -0.080344275 -0.013404749 0.996677041 379.029083252
0.996647179 -0.017221455 0.079987608 35.316089630 0.016079439 0.999759614 0.014899697 -36.139556885 -0.080224983 -0.013563585 0.996684492 381.273681641
0.996672571 -0.017088352 0.079697877 35.592006683 0.015945928 0.999761045 0.014948988 -36.332221985 -0.079934321 -0.013628392 0.996706963 383.528076172
0.996693194 -0.016175779 0.079630218 35.867591858 0.015013690 0.999772191 0.015170756 -36.533531189 -0.079857484 -0.013925045 0.996708989 385.782867432
0.996684670 -0.014926462 0.079980291 36.131378174 0.013756894 0.999790549 0.015154389 -36.726078033 -0.080189742 -0.014003867 0.996681213 388.037048340
0.996718764 -0.013991641 0.079723671 36.412651062 0.012819855 0.999802411 0.015191047 -36.934280396 -0.079920478 -0.014119156 0.996701241 390.307586670
0.996709347 -0.012664302 0.080062538 36.679718018 0.011494695 0.999820769 0.015052726 -37.134700775 -0.080238789 -0.014082899 0.996676207 392.590820312
0.996734381 -0.011343540 0.079949133 36.951400757 0.010064116 0.999815047 0.016387837 -37.331748962 -0.080120243 -0.015529707 0.996664226 394.846069336
0.996679246 -0.010128918 0.080795027 37.214569092 0.008796651 0.999819815 0.016828397 -37.530540466 -0.080950908 -0.016061788 0.996588588 397.106170654
0.996629775 -0.009913476 0.081430174 37.484874725 0.008694274 0.999844968 0.015313321 -37.735599518 -0.081569366 -0.014553734 0.996561527 399.369598389
0.996567667 -0.009333941 0.082254395 37.754962921 0.008137608 0.999856353 0.014867567 -37.936367035 -0.082381353 -0.014147183 0.996500432 401.636016846
0.996504784 -0.010696007 0.082848199 38.019107819 0.009420807 0.999831438 0.015767664 -38.133598328 -0.083002888 -0.014932058 0.996437430 403.901977539
0.996455729 -0.012212764 0.083227493 38.294162750 0.010830645 0.999796212 0.017037835 -38.334568024 -0.083418608 -0.016076040 0.996384919 406.153442383
0.996434510 -0.013147355 0.083340541 38.572376251 0.011777522 0.999787688 0.016906999 -38.530384064 -0.083545133 -0.015865171 0.996377707 408.411071777
0.996407926 -0.012961701 0.083685696 38.856410980 0.011702810 0.999811113 0.015516182 -38.723278046 -0.083871007 -0.014481088 0.996371329 410.677459717
0.996341169 -0.010340136 0.084836639 39.148265839 0.009010859 0.999830782 0.016036665 -38.932071686 -0.084988102 -0.015213544 0.996265829 412.943511963
0.996287823 -0.009315986 0.085578926 39.420391083 0.007980613 0.999841213 0.015932880 -39.131278992 -0.085713767 -0.015190763 0.996204019 415.183868408
0.996216774 -0.008322524 0.086502858 39.706272125 0.006966143 0.999848187 0.015970256 -39.327449799 -0.086622626 -0.015307246 0.996123552 417.457824707
0.996165991 -0.008563357 0.087064676 39.995475769 0.007219219 0.999850035 0.015741583 -39.526638031 -0.087186418 -0.015052687 0.996078193 419.713134766
0.996064842 -0.008538336 0.088215537 40.272373199 0.007175948 0.999850333 0.015749475 -39.721172333 -0.088336803 -0.015054465 0.995976865 421.966735840
0.995990515 -0.008740311 0.089029975 40.553428650 0.007381897 0.999851406 0.015575795 -39.922996521 -0.089152880 -0.014856134 0.995907128 424.221710205
0.995928586 -0.009101676 0.089685000 40.844123840 0.007634596 0.999831617 0.016687615 -40.122131348 -0.089821786 -0.015934963 0.995830357 426.501220703
0.995894253 -0.008145123 0.090156749 41.133888245 0.006611163 0.999828458 0.017299943 -40.316371918 -0.090282179 -0.016632872 0.995777309 428.761993408
0.995818138 -0.007430856 0.091055155 41.427440643 0.005820626 0.999822199 0.017936934 -40.510643005 -0.091172248 -0.017331926 0.995684326 431.039154053
0.995824277 -0.007623219 0.090971589 41.722934723 0.006003271 0.999818742 0.018067548 -40.712684631 -0.091092832 -0.017445974 0.995689511 433.299194336
0.995791733 -0.008468149 0.091252789 42.023426056 0.006889493 0.999821365 0.017600954 -40.917331696 -0.091385551 -0.016898198 0.995672226 435.569091797
0.995783269 -0.007775492 0.091407076 42.323860168 0.006182680 0.999824226 0.017695755 -41.100143433 -0.091528594 -0.017055990 0.995656371 437.834625244
0.995753288 -0.008442864 0.091673829 42.623188019 0.006796193 0.999810159 0.018259620 -41.299617767 -0.091810592 -0.017559048 0.995621681 440.116821289
0.995805740 -0.008542819 0.091092922 42.929225922 0.006900514 0.999808192 0.018328642 -41.491065979 -0.091232032 -0.017623181 0.995673716 442.391998291
0.995820343 -0.007837878 0.090996847 43.250953674 0.006115104 0.999796987 0.019195648 -41.696525574 -0.091128819 -0.018558959 0.995666146 444.682952881
0.995772421 -0.008427886 0.091467500 43.548339844 0.006678846 0.999789238 0.019411275 -41.888061523 -0.091611832 -0.018718308 0.995618880 446.960968018
0.995756090 -0.008219947 0.091664039 43.840366364 0.006504572 0.999798357 0.018996781 -42.082069397 -0.091801725 -0.018319925 0.995608747 449.223388672
0.995787203 -0.007552326 0.091384038 44.141601562 0.005868286 0.999808371 0.018682836 -42.278297424 -0.091507614 -0.018067859 0.995640397 451.489166260
0.995712042 -0.006890901 0.092249081 44.430213928 0.005214320 0.999817193 0.018403184 -42.476890564 -0.092359014 -0.017843258 0.995565891 453.750518799
0.995655537 -0.006250607 0.092903204 44.725250244 0.004560537 0.999820411 0.018392919 -42.662448883 -0.093001492 -0.017889323 0.995505273 456.033355713
0.995616734 -0.006408492 0.093307443 45.014915466 0.004718002 0.999821067 0.018326748 -42.864784241 -0.093408205 -0.017806197 0.995468616 458.297515869
0.995647609 -0.005714596 0.093022138 45.325817108 0.004090597 0.999836028 0.017639527 -43.063297272 -0.093107693 -0.017182237 0.995507777 460.585510254
0.995616615 -0.004265815 0.093431264 45.623653412 0.002590255 0.999833882 0.018047551 -43.256576538 -0.093492717 -0.017726434 0.995462120 462.872589111
0.995597780 -0.003823734 0.093650699 45.917961121 0.002012996 0.999809325 0.019421848 -43.449699402 -0.093707107 -0.019147834 0.995415688 465.146026611
0.995647728 -0.004151428 0.093103297 46.211330414 0.002308780 0.999799490 0.019890420 -43.640579224 -0.093167193 -0.019588901 0.995457768 467.410644531
0.995758474 -0.003813980 0.091925874 46.521759033 0.002137355 0.999829829 0.018330427 -43.828140259 -0.091980129 -0.018056201 0.995597064 469.697296143
0.995802701 -0.003870678 0.091444016 46.826114655 0.002200149 0.999828994 0.018362077 -44.034816742 -0.091499433 -0.018083816 0.995640934 472.000061035
0.995899618 -0.004671805 0.090343557 47.127807617 0.002933529 0.999808311 0.019363940 -44.233928680 -0.090416700 -0.019019518 0.995722413 474.283569336
0.995887578 -0.005013821 0.090458743 47.411476135 0.003260117 0.999804080 0.019524124 -44.428844452 -0.090538912 -0.019148922 0.995708823 476.562561035
0.995945692 -0.004852947 0.089825243 47.703483582 0.003146039 0.999812067 0.019134376 -44.607162476 -0.089901216 -0.018774208 0.995773733 478.858673096
0.995981038 -0.004979854 0.089425556 48.000057220 0.003250241 0.999805033 0.019476585 -44.797451019 -0.089505114 -0.019107662 0.995802999 481.140533447
0.996001780 -0.005495298 0.089164242 48.294151306 0.003700330 0.999787390 0.020283852 -44.990413666 -0.089256749 -0.019872818 0.995810390 483.410858154
0.995995641 -0.006135366 0.089192249 48.574996948 0.004407598 0.999799013 0.019555362 -45.181591034 -0.089294307 -0.019083928 0.995822489 485.698699951
0.996099412 -0.007248244 0.087939985 48.874191284 0.005489487 0.999780297 0.020224901 -45.382331848 -0.088067271 -0.019663265 0.995920420 487.991577148
0.996157527 -0.007641110 0.087246425 49.166721344 0.005884629 0.999775171 0.020371877 -45.568817139 -0.087382473 -0.019780189 0.995978415 490.273620605
0.996145606 -0.008400112 0.087312244 49.420394897 0.006612564 0.999762952 0.020742200 -45.769275665 -0.087465785 -0.020084895 0.995965004 492.542327881
0.996207714 -0.008035980 0.086634643 49.716499329 0.006224136 0.999756634 0.021163484 -45.958724976 -0.086783640 -0.020544004 0.996015251 494.833038330
0.996195018 -0.007664978 0.086814128 49.990371704 0.005879707 0.999766350 0.020801349 -46.146923065 -0.086953275 -0.020211760 0.996007264 497.131622314
0.996238947 -0.007706706 0.086305104 50.289497375 0.005961949 0.999772966 0.020455685 -46.345993042 -0.086443163 -0.019864202 0.996058822 499.440460205
0.996281981 -0.007819226 0.085796192 50.575759888 0.006021553 0.999757290 0.021191658 -46.535602570 -0.085941076 -0.020596242 0.996087313 501.737396240
0.996279597 -0.007579170 0.085845716 50.854415894 0.005742145 0.999749660 0.021625895 -46.730476379 -0.085988127 -0.021052502 0.996073663 504.017761230
0.996305704 -0.006850732 0.085603446 51.139278412 0.005078453 0.999768615 0.020904006 -46.920219421 -0.085726850 -0.020392053 0.996109962 506.312133789
0.996278048 -0.006667583 0.085939303 51.414600372 0.004821595 0.999753475 0.021669846 -47.111541748 -0.086062610 -0.021174826 0.996064663 508.606475830
0.996310890 -0.007118732 0.085520893 51.705112457 0.005368894 0.999771893 0.020673541 -47.300231934 -0.085648529 -0.020138122 0.996121883 510.897430420
0.996341944 -0.007926063 0.085089199 51.996585846 0.006100877 0.999746144 0.021688925 -47.497062683 -0.085239500 -0.021090461 0.996137261 513.195739746
0.996387720 -0.007863973 0.084555782 52.289196014 0.006030644 0.999741614 0.021915480 -47.684894562 -0.084706277 -0.021326389 0.996177733 515.502868652
0.996410906 -0.007093735 0.084351778 52.575752258 0.005276627 0.999749541 0.021745501 -47.875007629 -0.084484912 -0.021222360 0.996198833 517.813171387
0.996391833 -0.006249347 0.084641866 52.851913452 0.004454470 0.999761581 0.021377834 -48.063419342 -0.084755279 -0.020923667 0.996182084 520.109375000
0.996382177 -0.004337872 0.084874481 53.148811340 0.002498213 0.999759912 0.021769267 -48.264022827 -0.084948555 -0.021478480 0.996153831 522.470764160
0.996343970 -0.002226988 0.085402563 53.440155029 0.000338666 0.999755263 0.022118948 -48.455860138 -0.085430935 -0.022009162 0.996100903 524.809570312
0.996301293 -0.001336196 0.085918233 53.728988647 -0.000665569 0.999729097 0.023265628 -48.636741638 -0.085926056 -0.023236755 0.996030509 527.132202148
0.996261895 -0.001801260 0.086364880 54.019664764 -0.000198971 0.999732018 0.023146039 -48.823654175 -0.086383425 -0.023076700 0.995994687 529.455322266
0.996220231 -0.003668937 0.086785160 54.307201385 0.001555630 0.999700904 0.024406116 -49.005687714 -0.086848736 -0.024178863 0.995928049 531.774719238
0.996168911 -0.005193012 0.087295592 54.606597900 0.003116056 0.999709129 0.023911690 -49.185363770 -0.087394364 -0.023548063 0.995895445 534.105285645
0.996157229 -0.005394793 0.087416820 54.901901245 0.003353791 0.999718726 0.023478005 -49.372123718 -0.087518856 -0.023094604 0.995895147 536.425354004
0.996078193 -0.005491258 0.088307038 55.192214966 0.003451463 0.999723971 0.023235025 -49.557014465 -0.088410266 -0.022839116 0.995822370 538.748046875
0.996007621 -0.005027969 0.089125611 55.481338501 0.003017311 0.999738216 0.022680230 -49.747264862 -0.089216322 -0.022320762 0.995762110 541.065307617
0.995925009 -0.004405270 0.090077691 55.769908905 0.002391351 0.999745011 0.022453299 -49.938316345 -0.090153635 -0.022146396 0.995681524 543.389160156
0.995852470 -0.003833953 0.090902433 56.072509766 0.001901001 0.999770403 0.021341089 -50.122711182 -0.090963393 -0.021079769 0.995631099 545.716674805
0.995713651 -0.003771817 0.092411727 56.349887848 0.001751525 0.999757886 0.021933204 -50.313331604 -0.092472069 -0.021677332 0.995479226 548.034667969
0.995628357 -0.003581928 0.093334384 56.643436432 0.001475506 0.999742806 0.022627804 -50.502262115 -0.093391433 -0.022391167 0.995377660 550.350585938
0.995549142 -0.003501593 0.094178408 56.936862946 0.001402425 0.999749303 0.022346236 -50.684089661 -0.094233051 -0.022114694 0.995304585 552.657836914
0.995640635 -0.005056659 0.093134843 57.261932373 0.003006397 0.999750316 0.022141084 -50.886032104 -0.093223542 -0.021764562 0.995407403 554.966003418
0.995687783 -0.005406298 0.092609130 57.578643799 0.003325463 0.999738872 0.022608615 -51.072532654 -0.092707157 -0.022203157 0.995445788 557.275756836
0.995640039 -0.005161531 0.093135603 57.877410889 0.003036716 0.999732137 0.022941532 -51.259315491 -0.093229055 -0.022558684 0.995389104 559.585021973
0.995612204 -0.004535501 0.093464732 58.183944702 0.002314980 0.999712825 0.023852587 -51.444156647 -0.093546078 -0.023531558 0.995336831 561.919982910
0.995603323 -0.005191606 0.093525872 58.497280121 0.002931480 0.999700725 0.024286985 -51.627391815 -0.093623966 -0.023906030 0.995320559 564.256164551
0.995577395 -0.004542755 0.093834780 58.806861877 0.002208093 0.999685764 0.024969416 -51.808181763 -0.093918733 -0.024651792 0.995274544 566.571044922
0.995520711 -0.003482746 0.094479814 59.116622925 0.001197266 0.999705493 0.024236055 -51.994853973 -0.094536401 -0.024014376 0.995231748 568.899597168
0.995547533 -0.002297939 0.094232850 59.442626953 0.000178433 0.999746978 0.022494474 -52.170810699 -0.094260693 -0.022377500 0.995296001 571.231201172
0.995507658 -0.001836521 0.094662748 59.760944366 -0.000325042 0.999739587 0.022813885 -52.360984802 -0.094679996 -0.022742165 0.995247960 573.555541992
0.995545745 -0.002044569 0.094257422 60.087337494 -0.000195443 0.999718070 0.023749482 -52.552547455 -0.094279379 -0.023662116 0.995264530 575.933898926
0.995551825 -0.002155740 0.094190605 60.408073425 -0.000218263 0.999682784 0.025186671 -52.745826721 -0.094215028 -0.025095195 0.995235503 578.247924805
0.995515943 -0.001768803 0.094577201 60.724567413 -0.000441524 0.999727309 0.023344580 -52.932224274 -0.094592705 -0.023281656 0.995243788 580.634765625
0.995543540 -0.002313552 0.094274335 61.039962769 0.000101098 0.999724567 0.023466265 -53.116973877 -0.094302677 -0.023352161 0.995269597 582.976623535
0.995528042 -0.003395774 0.094405152 61.353973389 0.001084273 0.999698579 0.024525426 -53.307891846 -0.094459981 -0.024313388 0.995231688 585.287963867
0.995583832 -0.003068778 0.093826361 61.669906616 0.000736007 0.999690115 0.024887132 -53.493461609 -0.093873657 -0.024708170 0.995277464 587.607055664
0.995514929 -0.005344385 0.094453275 61.983589172 0.003164823 0.999725521 0.023210328 -53.678604126 -0.094551392 -0.022807296 0.995258689 589.964172363
0.995537877 -0.005595897 0.094196990 62.304840088 0.003431482 0.999726593 0.023123857 -53.861755371 -0.094300635 -0.022697439 0.995284915 592.314575195
0.995528877 -0.007180424 0.094184048 62.613918304 0.004982994 0.999710321 0.023545692 -54.049652100 -0.094325840 -0.022971099 0.995276332 594.654968262
0.995551467 -0.007739726 0.093900830 62.936203003 0.005528878 0.999701858 0.023781843 -54.237785339 -0.094056904 -0.023156883 0.995297492 597.013427734
