1.000000000 0.000000000 0.000000000 0.000000000 0.000000000 1.000000000 0.000000000 0.000000000 0.000000000 0.000000000 1.000000000 0.000000000
0.999999940 -0.000073411 0.000382936 0.089979276 0.000073501 0.999999940 -0.000235237 -0.226032734 -0.000382919 0.000235265 0.999999881 2.292585850
0.999999404 0.000192144 0.001081091 0.167799860 -0.000192469 0.999999940 0.000300036 -0.465461016 -0.001081033 -0.000300244 0.999999344 4.581020355
0.999998689 -0.000184953 0.001624897 0.265935808 0.000184085 0.999999762 0.000534129 -0.697636962 -0.001624996 -0.000533829 0.999998510 6.867917061
0.999996841 -0.000424772 0.002489070 0.360469460 0.000428134 0.999999106 -0.001350275 -0.928221047 -0.002488494 0.001351337 0.999996006 9.159042358
0.999987900 0.001389823 0.004713404 0.450463325 -0.001390448 0.999998987 0.000129379 -1.165473104 -0.004713220 -0.000135931 0.999988914 11.464888573
0.999974191 0.002917334 0.006563294 0.567099333 -0.002925494 0.999995053 0.001234135 -1.400226831 -0.006559660 -0.001253304 0.999977648 13.745201111
0.999956071 0.002796831 0.008952198 0.672607899 -0.002832382 0.999988139 0.003961050 -1.630346298 -0.008941013 -0.003986232 0.999952018 16.016935349
0.999949634 0.003305455 0.009476515 0.774716198 -0.003358328 0.999978840 0.005568937 -1.862118125 -0.009457906 -0.005600482 0.999939561 18.307641983
0.999931991 0.002306082 0.011423786 0.875744164 -0.002369193 0.999981940 0.005514044 -2.084228754 -0.011410864 -0.005540735 0.999919534 20.599506378
0.999931037 -0.000269879 0.011740026 0.993310452 0.000238624 0.999996424 0.002663566 -2.301629305 -0.011740704 -0.002660581 0.999927461 22.892446518
0.999917865 -0.002331241 0.012610207 1.098734856 0.002326189 0.999997258 0.000415289 -2.519701958 -0.012611140 -0.000385921 0.999920428 25.175405502
0.999919295 -0.002983739 0.012344840 1.238138080 0.002986775 0.999995530 -0.000227526 -2.763238668 -0.012344105 0.000264379 0.999923766 27.451776505
0.999898672 -0.002643306 0.013986337 1.333729625 0.002662290 0.999995589 -0.001338904 -2.988514900 -0.013982737 0.001376004 0.999901295 29.737421036
0.999904633 -0.000548004 0.013793557 1.469599605 0.000524933 0.999998450 0.001676145 -3.222759724 -0.013794457 -0.001668744 0.999903440 32.010677338
0.999906719 0.001397151 0.013581737 1.599950790 -0.001448751 0.999991715 0.003790083 -3.443077803 -0.013576330 -0.003809406 0.999900579 34.290836334
0.999868512 0.003533796 0.015824983 1.707193851 -0.003658635 0.999962330 0.007866723 -3.674415588 -0.015796589 -0.007923587 0.999843776 36.613059998
0.999847054 0.005449405 0.016617812 1.823184490 -0.005571060 0.999957919 0.007283314 -3.892070293 -0.016577424 -0.007374779 0.999835312 38.885444641
0.999820352 0.004010476 0.018524345 1.927706003 -0.004122477 0.999973416 0.006011954 -4.100204945 -0.018499741 -0.006087241 0.999810338 41.190734863
0.999824166 0.001583593 0.018687129 2.053359985 -0.001673494 0.999987066 0.004796236 -4.324071407 -0.018679291 -0.004826665 0.999813855 43.468204498
0.999828815 0.001117182 0.018469537 2.184363127 -0.001184102 0.999992788 0.003612716 -4.548420906 -0.018465366 -0.003633967 0.999822915 45.709686279
0.999829173 0.000436613 0.018476460 2.310584307 -0.000486558 0.999996245 0.002698749 -4.778676033 -0.018475212 -0.002707279 0.999825656 47.978675842
0.999827862 -0.001373681 0.018498605 2.444984436 0.001316081 0.999994278 0.003125535 -5.008204460 -0.018502790 -0.003100652 0.999823987 50.253208160
0.999812424 -0.001807007 0.019281294 2.576676369 0.001740139 0.999992549 0.003484237 -5.231880665 -0.019287441 -0.003450032 0.999808013 52.520725250
0.999801874 -0.003009207 0.019679625 2.709688187 0.002936631 0.999988794 0.003715761 -5.464277744 -0.019690584 -0.003657233 0.999799430 54.803718567
0.999778450 -0.003567698 0.020744001 2.842700481 0.003488668 0.999986529 0.003844693 -5.692419052 -0.020757439 -0.003771472 0.999777436 57.100170135
0.999766529 -0.004979464 0.021027140 2.983880997 0.004887464 0.999978244 0.004424443 -5.917511940 -0.021048712 -0.004320641 0.999769032 59.368778229
0.999725461 -0.006280168 0.022570752 3.109745502 0.006193796 0.999973238 0.003894644 -6.143064499 -0.022594601 -0.003753777 0.999737680 61.638214111
0.999705374 -0.007139723 0.023197519 3.257874489 0.007056146 0.999968350 0.003682733 -6.367863655 -0.023223076 -0.003517964 0.999724090 63.893142700
0.999663949 -0.006595442 0.025068853 3.391261816 0.006486154 0.999969125 0.004438248 -6.592030525 -0.025097348 -0.004274156 0.999675989 66.166030884
0.999640226 -0.005769748 0.026194528 3.535556316 0.005648972 0.999973059 0.004682378 -6.816987514 -0.026220839 -0.004532721 0.999645889 68.414688110
0.999595881 -0.005938374 0.027799617 3.670941591 0.005813202 0.999972582 0.004581310 -7.043254375 -0.027826054 -0.004417854 0.999603152 70.664115906
0.999590218 -0.006773371 0.027816173 3.837603807 0.006688189 0.999972582 0.003154238 -7.266676426 -0.027836774 -0.002966905 0.999608099 72.911315918
0.999575615 -0.007837790 0.028055890 3.993250847 0.007742149 0.999963820 0.003515975 -7.491574287 -0.028082432 -0.003297271 0.999600172 75.172157288
0.999528289 -0.009136170 0.029324060 4.155075550 0.009048277 0.999954164 0.003128656 -7.725843430 -0.029351298 -0.002861848 0.999565065 77.437881470
0.999514222 -0.010256584 0.029433008 4.311286926 0.010170049 0.999943495 0.003088338 -7.956737995 -0.029463023 -0.002787502 0.999561906 79.677436829
0.999483645 -0.010764529 0.030274423 4.459690571 0.010695215 0.999939799 0.002450518 -8.171321869 -0.030298976 -0.002125462 0.999538600 81.931838989
0.999472439 -0.010164055 0.030847413 4.631697178 0.010087153 0.999945641 0.002647583 -8.400689125 -0.030872647 -0.002335024 0.999520540 84.203620911
0.999422491 -0.009935138 0.032497246 4.787772179 0.009844384 0.999947190 0.002951470 -8.618262291 -0.032524854 -0.002629850 0.999467432 86.456871033
0.999424040 -0.009633393 0.032538824 4.954231739 0.009494295 0.999945045 0.004426643 -8.851208687 -0.032579686 -0.004115161 0.999460638 88.721427917
0.999397993 -0.008842913 0.033545990 5.111367702 0.008679359 0.999949872 0.005017995 -9.076918602 -0.033588678 -0.004723818 0.999424517 90.972618103
0.999373376 -0.008829512 0.034280531 5.276183128 0.008666010 0.999950349 0.004915218 -9.297679901 -0.034322236 -0.004615063 0.999400079 93.223709106
0.999352336 -0.008954960 0.034853138 5.439933777 0.008800345 0.999950707 0.004587039 -9.517793655 -0.034892492 -0.004277348 0.999381900 95.476768494
0.999322116 -0.009484833 0.035571717 5.607366562 0.009321067 0.999945223 0.004766891 -9.736785889 -0.035614990 -0.004432093 0.999355733 97.722808838
0.999289393 -0.009285254 0.036531053 5.771559238 0.009136338 0.999949276 0.004241271 -9.965882301 -0.036568586 -0.003904498 0.999323487 99.953727722
0.999242723 -0.009523186 0.037727185 5.938113213 0.009329921 0.999942482 0.005295510 -10.182212830 -0.037775449 -0.004939507 0.999274015 102.182960510
0.999220550 -0.009486257 0.038318940 6.127850533 0.009293721 0.999943316 0.005199568 -10.403100014 -0.038366087 -0.004839389 0.999252021 104.437255859
0.999187350 -0.010668306 0.038869195 6.300194740 0.010441114 0.999927163 0.006043310 -10.626068115 -0.038930841 -0.005632561 0.999226034 106.650482178
0.999146521 -0.012093003 0.039496835 6.481123447 0.011859545 0.999910951 0.006139700 -10.840146065 -0.039567560 -0.005666046 0.999200821 108.895355225
0.999103010 -0.013086589 0.040273722 6.661084652 0.012818641 0.999893963 0.006904314 -11.061192513 -0.040359810 -0.006381865 0.999164760 111.150283813
0.999075949 -0.013385793 0.040841464 6.847259521 0.013163855 0.999897122 0.005698235 -11.283008575 -0.040913530 -0.005155339 0.999149382 113.411613464
0.999022543 -0.013890498 0.041961569 7.027573586 0.013707345 0.999895215 0.004649363 -11.497356415 -0.042021763 -0.004069638 0.999108374 115.661567688
0.998997509 -0.014426671 0.042380899 7.211951256 0.014231704 0.999886692 0.004898499 -11.720993042 -0.042446762 -0.004290435 0.999089539 117.896759033
0.998947024 -0.015000227 0.043356501 7.400872231 0.014778355 0.999876022 0.005433441 -11.938497543 -0.043432631 -0.004786981 0.999044836 120.144989014
0.998930514 -0.015850425 0.043435402 7.604441166 0.015609923 0.999860942 0.005870616 -12.161580086 -0.043522406 -0.005186313 0.999039054 122.350898743
0.998877287 -0.016614730 0.044362731 7.795207500 0.016385010 0.999850452 0.005536827 -12.384989738 -0.044448085 -0.004803726 0.999000132 124.620666504
0.998839140 -0.016917842 0.045101881 7.977305889 0.016721783 0.999849021 0.004720793 -12.610431671 -0.045174930 -0.003961130 0.998971224 126.888191223
0.998825252 -0.018595546 0.044746492 8.169817924 0.018386144 0.999817967 0.005086792 -12.829423904 -0.044832941 -0.004258099 0.998985529 129.144348145
0.998847067 -0.019728361 0.043763384 8.358936310 0.019511538 0.999795198 0.005376053 -13.045143127 -0.043860480 -0.004515965 0.999027371 131.386383057
0.998899221 -0.019985784 0.042434730 8.552621841 0.019717850 0.999783039 0.006723092 -13.265696526 -0.042559888 -0.005878971 0.999076605 133.621780396
0.998950064 -0.021076953 0.040675107 8.731756210 0.020848963 0.999764502 0.006021219 -13.479180336 -0.040792428 -0.005166864 0.999154270 135.862976074
0.999030292 -0.021822689 0.038239129 8.945151329 0.021627560 0.999750853 0.005509208 -13.692882538 -0.038349833 -0.004676848 0.999253392 138.087524414
0.999012232 -0.022469886 0.038335849 9.113161087 0.022271486 0.999736249 0.005594651 -13.916847229 -0.038451459 -0.004735328 0.999249220 140.362258911
0.998996615 -0.022773637 0.038562484 9.280408859 0.022558767 0.999727547 0.005997905 -14.130140305 -0.038688563 -0.005121964 0.999238133 142.596832275
0.999034345 -0.022684477 0.037627235 9.478703499 0.022424778 0.999721825 0.007309685 -14.363159180 -0.037782583 -0.006458844 0.999265134 144.841903687
0.999044895 -0.021732368 0.037908390 9.651321411 0.021507943 0.999748707 0.006318058 -14.580211639 -0.038036171 -0.005496693 0.999261260 147.086807251
0.999070644 -0.020315927 0.038015228 9.830101013 0.020147305 0.999785423 0.004813642 -14.799292564 -0.038104869 -0.004043264 0.999265552 149.315490723
0.999077857 -0.018995335 0.038502879 10.003820419 0.018852288 0.999813974 0.004074791 -15.023839951 -0.038573120 -0.003345166 0.999250114 151.555175781
0.999091506 -0.018256767 0.038505584 10.193431854 0.018105967 0.999826968 0.004261380 -15.246070862 -0.038576718 -0.003560328 0.999249220 153.787094116
0.999086082 -0.017699150 0.038907126 10.383346558 0.017537074 0.999836028 0.004503173 -15.463976860 -0.038980447 -0.003816741 0.999232650 156.041915894
0.999099553 -0.016139740 0.039238252 10.550674438 0.015915351 0.999855101 0.006024376 -15.683938980 -0.039329808 -0.005394460 0.999211729 158.233810425
0.999059319 -0.015410051 0.040534642 10.729764938 0.015123733 0.999858558 0.007360702 -15.904509544 -0.040642336 -0.006740743 0.999151111 160.463607788
0.999039114 -0.014268290 0.041440181 10.904815674 0.013919426 0.999865234 0.008694959 -16.123310089 -0.041558661 -0.008109779 0.999103129 162.733535767
0.999006867 -0.013966354 0.042310465 11.086150169 0.013640905 0.999875128 0.007970867 -16.328090668 -0.042416509 -0.007385798 0.999072731 164.981689453
0.998966753 -0.013233408 0.043478116 11.275436401 0.012938407 0.999891400 0.007059474 -16.546611786 -0.043566816 -0.006489641 0.999029458 167.215820312
0.998885155 -0.011257868 0.045843661 11.457508087 0.010930656 0.999913037 0.007382015 -16.760829926 -0.045922779 -0.006872684 0.998921335 169.461303711
0.998788536 -0.011023236 0.047957540 11.644013405 0.010681867 0.999915779 0.007368643 -16.982151031 -0.048034735 -0.006847439 0.998822212 171.698928833
0.998670399 -0.011140168 0.050331097 11.843580246 0.010798675 0.999916792 0.007051777 -17.193941116 -0.050405473 -0.006498891 0.998707712 173.958404541
0.998593271 -0.011180249 0.051831733 12.048064232 0.010795676 0.999912143 0.007693689 -17.410068512 -0.051913194 -0.007123308 0.998626173 176.193710327
0.998541117 -0.011399756 0.052779954 12.252203941 0.010969815 0.999904335 0.008428446 -17.618331909 -0.052870981 -0.007837164 0.998570561 178.418869019
0.998531342 -0.012980093 0.052598756 12.454519272 0.012541607 0.999883831 0.008657979 -17.841205597 -0.052705023 -0.007985590 0.998578191 180.641525269
0.998487532 -0.013943323 0.053180713 12.652284622 0.013517101 0.999873698 0.008365902 -18.052495956 -0.053290643 -0.007634401 0.998549819 182.889892578
0.998565555 -0.014973727 0.051405203 12.878470421 0.014563257 0.999859095 0.008350340 -18.272399902 -0.051522993 -0.007589736 0.998642981 185.124816895
0.998568356 -0.016788168 0.050787829 13.084280968 0.016339796 0.999823868 0.009230816 -18.489274979 -0.050933857 -0.008387739 0.998666763 187.364990234
0.998581469 -0.017635621 0.050240453 13.287088394 0.017226493 0.999814928 0.008564763 -18.694717407 -0.050382201 -0.007687147 0.998700440 189.603698730
0.998545051 -0.018559255 0.050628830 13.485445023 0.018144837 0.999798119 0.008632774 -18.914726257 -0.050778825 -0.007701562 0.998680234 191.848648071
0.998489261 -0.019572085 0.051342513 13.666466713 0.019159188 0.999780238 0.008521892 -19.125202179 -0.051498014 -0.007525337 0.998644710 194.085632324
0.998528063 -0.019714713 0.050526232 13.886081696 0.019279124 0.999772906 0.009093899 -19.348417282 -0.050694030 -0.008106413 0.998681307 196.295028687
0.998552740 -0.017624410 0.050811630 14.088216782 0.017194925 0.999812722 0.008877299 -19.554452896 -0.050958570 -0.007990750 0.998668730 198.529342651
0.998562634 -0.015593237 0.051278338 14.283543587 0.015154364 0.999845207 0.008936377 -19.771665573 -0.051409762 -0.008146441 0.998644352 200.751068115
0.998530984 -0.015240783 0.051996116 14.491114616 0.014837070 0.999856770 0.008141481 -19.982254028 -0.052112754 -0.007358051 0.998614013 203.005187988
0.998482704 -0.015504404 0.052838400 14.686520576 0.015049846 0.999846339 0.008989849 -20.192104340 -0.052969657 -0.008180999 0.998562574 205.223785400
0.998467445 -0.017078944 0.052639477 14.915442467 0.016611785 0.999818861 0.009299486 -20.415584564 -0.052788749 -0.008410800 0.998570263 207.464706421
0.998396218 -0.016883442 0.054036435 15.118697166 0.016404422 0.999822199 0.009296104 -20.614791870 -0.054183774 -0.008394759 0.998495698 209.705032349
0.998329580 -0.017887738 0.054936409 15.344541550 0.017294453 0.999787092 0.011256030 -20.852705002 -0.055126060 -0.010287131 0.998426437 211.947311401
0.998276532 -0.016528189 0.056309778 15.575939178 0.015911756 0.999808669 0.011378070 -21.058181763 -0.056487065 -0.010462473 0.998348534 214.173019409
0.998095155 -0.014879514 0.059871793 15.764221191 0.014234468 0.999836087 0.011185915 -21.254501343 -0.060028411 -0.010312364 0.998143315 216.422836304
0.997969508 -0.014967457 0.061909564 15.990656853 0.014275013 0.999830604 0.011612065 -21.460222244 -0.062072877 -0.010704729 0.998014212 218.656021118
0.997817218 -0.016167715 0.064025633 16.218414307 0.015407372 0.999804974 0.012351634 -21.663015366 -0.064212859 -0.011338207 0.997871757 220.881301880
0.997710526 -0.017620165 0.065293677 16.450559616 0.016788730 0.999771118 0.013260677 -21.864566803 -0.065512404 -0.012134116 0.997777998 223.114898682
0.997627974 -0.019819655 0.065920107 16.695766449 0.019012392 0.999736667 0.012850968 -22.078063965 -0.066157445 -0.011567187 0.997742176 225.335189819
0.997600973 -0.021421738 0.065830402 16.939138412 0.020633033 0.999707222 0.012637574 -22.278211594 -0.066081852 -0.011248976 0.997750819 227.583267212
0.997548699 -0.021560093 0.066571385 17.171485901 0.020750001 0.999702215 0.012836451 -22.480655670 -0.066828340 -0.011423628 0.997699022 229.821014404
0.997473657 -0.023211289 0.067137130 17.411970139 0.022448102 0.999674737 0.012099857 -22.686223984 -0.067396127 -0.010562187 0.997670412 232.059722900
0.997404158 -0.024315692 0.067775652 17.650388718 0.023468370 0.999636590 0.013270252 -22.885143280 -0.068073668 -0.011645223 0.997612357 234.295791626
0.997417867 -0.023772638 0.067768015 17.933303833 0.022924393 0.999649107 0.013267351 -23.091634750 -0.068059646 -0.011679552 0.997612894 236.598999023
0.997378469 -0.023832247 0.068324238 18.171087265 0.022989471 0.999649942 0.013094920 -23.284399033 -0.068612397 -0.011489855 0.997577250 238.826507568
0.997344553 -0.024074866 0.068731949 18.419826508 0.023200214 0.999639750 0.013495667 -23.484804153 -0.069032073 -0.011865233 0.997543871 241.055465698
0.997294128 -0.024561275 0.069290765 18.666517258 0.023678165 0.999627948 0.013537767 -23.680849075 -0.069597490 -0.011860460 0.997504652 243.303665161
0.997259498 -0.024774095 0.069711573 18.912160873 0.023940260 0.999631822 0.012771507 -23.884683609 -0.070002303 -0.011067594 0.997485578 245.527175903
0.997287989 -0.024703173 0.069328442 19.176715851 0.023898818 0.999637365 0.012407783 -24.093236923 -0.069609813 -0.010717266 0.997516751 247.747589111
0.997244596 -0.025116626 0.069802687 19.421976089 0.024256619 0.999619484 0.013141122 -24.297924042 -0.070106171 -0.011411735 0.997474372 249.983886719
0.997214794 -0.026135083 0.069854461 19.675088882 0.025296947 0.999597311 0.012856309 -24.494308472 -0.070162334 -0.011053397 0.997474372 252.200637817
0.997198939 -0.026268799 0.070029348 19.934890747 0.025375463 0.999585271 0.013615986 -24.699222565 -0.070357986 -0.011800821 0.997452021 254.459945679
0.997170031 -0.026834263 0.070225798 20.172306061 0.025923092 0.999567986 0.013854370 -24.899534225 -0.070567220 -0.011994693 0.997434974 256.675933838
0.997133315 -0.027378771 0.070536546 20.432533264 0.026429726 0.999547601 0.014353223 -25.102586746 -0.070897609 -0.012447817 0.997405887 258.925964355
0.997094572 -0.026991645 0.071230657 20.684999466 0.026061261 0.999562860 0.013958929 -25.301130295 -0.071576297 -0.012062014 0.997362196 261.162719727
0.997067988 -0.027061421 0.071574666 20.946149826 0.026166560 0.999567568 0.013410948 -25.500486374 -0.071906619 -0.011498765 0.997345209 263.419677734
0.997044444 -0.026496796 0.072112620 21.208780289 0.025606815 0.999584436 0.013238333 -25.709590912 -0.072433434 -0.011352634 0.997308612 265.662170410
0.996994138 -0.026037754 0.072970897 21.472944260 0.025144964 0.999597549 0.013127070 -25.908605576 -0.073283337 -0.011252762 0.997247696 267.910186768
0.996894896 -0.026174121 0.074267901 21.724788666 0.025258478 0.999593198 0.013241665 -26.112012863 -0.074584283 -0.011324654 0.997150421 270.152130127
0.996718228 -0.027045961 0.076297037 21.971790314 0.026085746 0.999567807 0.013554001 -26.318841934 -0.076630652 -0.011519257 0.996993124 272.410949707
0.996529818 -0.027346017 0.078616247 22.238273621 0.026403842 0.999566853 0.012999268 -26.507055283 -0.078937680 -0.010878389 0.996820211 274.657653809
0.996499658 -0.027624354 0.078900382 22.521995544 0.026450772 0.999523938 0.015880957 -26.723720551 -0.079301529 -0.013738396 0.996755958 276.904296875
0.996420801 -0.026968010 0.080114260 22.798194885 0.025702745 0.999528706 0.016782897 -26.912307739 -0.080529124 -0.014663671 0.996644378 279.144073486
0.996356666 -0.026786225 0.080968298 23.081401825 0.025418345 0.999517024 0.017877983 -27.111421585 -0.081408076 -0.015754770 0.996556342 281.381408691
0.996285737 -0.026702410 0.081864133 23.362035751 0.025344845 0.999524176 0.017577866 -27.301023483 -0.082294554 -0.015437742 0.996488452 283.646942139
0.996251822 -0.025650892 0.082609288 23.635826111 0.024282468 0.999551415 0.017527541 -27.493692398 -0.083021842 -0.015455887 0.996427834 285.884399414
0.996189952 -0.025376773 0.083435684 23.910663605 0.024115326 0.999579608 0.016092183 -27.682790756 -0.083808966 -0.014018790 0.996383369 288.121368408
0.996131837 -0.026110325 0.083902128 24.183378220 0.024829384 0.999559224 0.016274618 -27.880466461 -0.084290065 -0.014128430 0.996341169 290.348907471
0.996061444 -0.026302300 0.084674388 24.446107864 0.025100335 0.999568939 0.015228712 -28.067646027 -0.085038453 -0.013043377 0.996292293 292.603973389
0.996063352 -0.026913948 0.084459983 24.730829239 0.025802784 0.999565899 0.014220446 -28.259191513 -0.084806047 -0.011985160 0.996325374 294.837554932
0.996036410 -0.026896618 0.084782198 25.008085251 0.025760137 0.999563336 0.014470547 -28.460639954 -0.085134402 -0.012229190 0.996294558 297.064483643
0.996025026 -0.026495634 0.085040919 25.288230896 0.025317954 0.999568462 0.014897292 -28.655712128 -0.085398927 -0.012685014 0.996266067 299.303405762
0.995996296 -0.026372300 0.085417181 25.565118790 0.025112931 0.999559999 0.015785092 -28.856849670 -0.085795879 -0.013576817 0.996220231 301.537719727
0.995979309 -0.026751477 0.085496217 25.854053497 0.025493909 0.999550641 0.015767364 -29.050222397 -0.085879602 -0.013524337 0.996213675 303.786163330
0.995940506 -0.026597627 0.085994765 26.140312195 0.025315821 0.999552071 0.015962150 -29.242872238 -0.086380802 -0.013720322 0.996167719 306.022888184
0.995915473 -0.027741972 0.085922047 26.424795151 0.026473235 0.999523520 0.015870720 -29.444032669 -0.086321391 -0.013531262 0.996175468 308.265838623
0.995848894 -0.029006340 0.086276613 26.713998795 0.027686145 0.999481142 0.016459588 -29.638237000 -0.086709283 -0.014002596 0.996135235 310.532318115
0.995806754 -0.028901152 0.086797990 26.998479843 0.027633997 0.999493897 0.015765365 -29.832361221 -0.087209679 -0.013300681 0.996101201 312.773986816
0.995844483 -0.028419746 0.086521335 27.295211792 0.027095230 0.999497592 0.016444828 -30.030109406 -0.086945228 -0.014032177 0.996114254 315.031036377
0.995794415 -0.026861725 0.087589599 27.581373215 0.025592448 0.999550998 0.015582300 -30.224733353 -0.087968856 -0.013275133 0.996034741 317.268402100
0.995807767 -0.025130931 0.087951057 27.865249634 0.023819098 0.999589324 0.015933486 -30.418766022 -0.088315338 -0.013771774 0.995997369 319.508026123
0.995760083 -0.024500977 0.088665545 28.151599884 0.023252700 0.999615788 0.015084263 -30.613887787 -0.089001045 -0.012958594 0.995947242 321.747863770
0.995734930 -0.023595223 0.089191541 28.437387466 0.022272101 0.999627054 0.015800931 -30.809579849 -0.089531079 -0.013747055 0.995889127 323.991363525
0.995748460 -0.023261979 0.089128122 28.732475281 0.021826439 0.999616563 0.017047463 -31.012643814 -0.089490488 -0.015029638 0.995874286 326.215820312
0.995681703 -0.023234546 0.089878455 29.010049820 0.021816667 0.999622047 0.016725993 -31.209066391 -0.090233110 -0.014692916 0.995812297 328.443786621
0.995639920 -0.024434719 0.090022169 29.305118561 0.023088353 0.999605894 0.015967172 -31.401859283 -0.090376839 -0.013819091 0.995811760 330.669647217
0.995648503 -0.023598405 0.090151161 29.593273163 0.022252290 0.999625802 0.015907966 -31.598924637 -0.090492830 -0.013832673 0.995801032 332.894775391
0.995603859 -0.023649581 0.090629078 29.879631042 0.022190511 0.999607921 0.017073436 -31.791898727 -0.090997338 -0.014987274 0.995738268 335.136962891
0.995641768 -0.024192628 0.090067431 30.184421539 0.022749409 0.999596477 0.017016133 -31.981822968 -0.090442747 -0.014892993 0.995790243 337.373382568
0.995610416 -0.023804877 0.090515845 30.464694977 0.022310354 0.999598086 0.017487455 -32.181056976 -0.090895765 -0.015391251 0.995741487 339.608367920
0.995627105 -0.023801191 0.090333156 30.763980865 0.022351705 0.999605238 0.017023971 -32.374801636 -0.090702668 -0.014930430 0.995766044 341.855041504
0.995623112 -0.024050925 0.090310588 31.052373886 0.022554304 0.999591470 0.017556177 -32.566528320 -0.090695925 -0.015442446 0.995758891 344.102111816
0.995669782 -0.023442212 0.089955762 31.345308304 0.021958146 0.999606490 0.017452117 -32.755970001 -0.090329491 -0.015401284 0.995792866 346.346191406
0.995687068 -0.023065811 0.089862458 31.633071899 0.021588961 0.999615908 0.017372137 -32.946651459 -0.090228647 -0.015357173 0.995802641 348.581512451
0.995651364 -0.022745172 0.090338387 31.916530609 0.021204842 0.999613583 0.017974101 -33.143692017 -0.090712316 -0.015980328 0.995748937 350.822784424
0.995697260 -0.022887144 0.089795329 32.208618164 0.021346608 0.999608755 0.018079164 -33.330440521 -0.090173967 -0.016084550 0.995796144 353.043670654
0.995716155 -0.022387944 0.089710839 32.498718262 0.020886939 0.999626279 0.017635722 -33.525741577 -0.090072133 -0.015686389 0.995811701 355.291961670
0.995730281 -0.022458898 0.089536399 32.791107178 0.020934692 0.999620140 0.017926279 -33.715564728 -0.089905001 -0.015975324 0.995822191 357.524200439
0.995784581 -0.022148781 0.089008197 33.087528229 0.020544617 0.999610305 0.018898625 -33.910636902 -0.089392081 -0.016990321 0.995851576 359.763916016
0.995826423 -0.022413025 0.088472515 33.387813568 0.020798663 0.999600828 0.019127021 -34.105766296 -0.088865869 -0.017207080 0.995894969 362.008728027
0.995905101 -0.022498148 0.087560393 33.691940308 0.020875601 0.999593735 0.019402442 -34.292457581 -0.087961346 -0.017495118 0.995970249 364.253692627
0.995986700 -0.022589289 0.086603999 33.991020203 0.021055898 0.999605656 0.018578624 -34.481197357 -0.086989537 -0.016680537 0.996069491 366.521606445
0.996004343 -0.023123249 0.086258955 34.276023865 0.021602787 0.999595225 0.018518843 -34.673538208 -0.086652242 -0.016581412 0.996100605 368.766723633
0.995981395 -0.022933073 0.086572796 34.552478790 0.021503713 0.999617159 0.017407270 -34.856033325 -0.086938858 -0.015475684 0.996093452 371.031982422
0.996043682 -0.023712123 0.085644588 34.847175598 0.022253780 0.999591351 0.017942779 -35.064929962 -0.086035050 -0.015965879 0.996164143 373.271728516
0.996122360 -0.023579003 0.084760413 35.138965607 0.022069642 0.999581456 0.018700644 -35.251918793 -0.085165881 -0.016757494 0.996225953 375.524261475
0.996103406 -0.024017595 0.084859602 35.412181854 0.022486296 0.999567449 0.018955208 -35.440532684 -0.085278153 -0.016973170 0.996212602 377.770507812
0.996080160 -0.024330018 0.085043572 35.689201355 0.022770027 0.999555111 0.019265646 -35.633110046 -0.085474469 -0.017253682 0.996190965 379.996795654
0.996096432 -0.024296947 0.084861398 35.978622437 0.022740798 0.999555945 0.019256450 -35.816860199 -0.085291579 -0.017251469 0.996206701 382.232879639
0.996106446 -0.023558874 0.084952280 36.265472412 0.021968445 0.999566376 0.019608036 -36.009166718 -0.085377380 -0.017665423 0.996192038 384.484130859
0.996152580 -0.022716837 0.084639341 36.558567047 0.021128235 0.999584258 0.019617926 -36.192974091 -0.085049801 -0.017754169 0.996218503 386.734588623
0.996180832 -0.021538237 0.084615603 36.853065491 0.019969769 0.999613523 0.019339353 -36.385665894 -0.084999450 -0.017575741 0.996225893 389.003906250
0.996173143 -0.019988371 0.085085601 37.131149292 0.018405342 0.999643326 0.019349216 -36.577331543 -0.085442014 -0.017709143 0.996185660 391.272491455
0.996198714 -0.018649040 0.085089855 37.418624878 0.016926197 0.999637723 0.020924157 -36.767459869 -0.085449256 -0.019404370 0.996153474 393.537597656
0.996173620 -0.017200407 0.085686982 37.700588226 0.015428090 0.999653995 0.021303181 -36.956871033 -0.086023763 -0.019899685 0.996094286 395.795288086
0.996132135 -0.017150875 0.086176917 37.988830566 0.015513266 0.999686837 0.019636817 -37.148494720 -0.086486697 -0.018223979 0.996086419 398.065032959
0.996106029 -0.017146887 0.086480185 38.274799347 0.015544600 0.999695420 0.019167392 -37.340175629 -0.086782522 -0.017748451 0.996069193 400.329620361
0.995960414 -0.018221544 0.087925069 38.542362213 0.016450036 0.999647737 0.020830732 -37.530483246 -0.088273652 -0.019300215 0.995909274 402.566284180
0.995949745 -0.019340705 0.087808035 38.849193573 0.017515808 0.999615252 0.021506049 -37.718963623 -0.088190183 -0.019880906 0.995905221 404.873718262
0.995914280 -0.019880058 0.088087976 39.138374329 0.018040672 0.999603271 0.021628467 -37.906085968 -0.088482998 -0.019950928 0.995877862 407.123077393
0.995879889 -0.018814422 0.088709086 39.442184448 0.017032487 0.999638498 0.020801812 -38.090312958 -0.089068383 -0.019205172 0.995840251 409.390136719
0.995853841 -0.018016031 0.089165919 39.738834381 0.016204733 0.999648213 0.020996220 -38.278938293 -0.089512832 -0.019464251 0.995795429 411.643676758
0.995795310 -0.016971521 0.090020195 40.021072388 0.015167001 0.999670863 0.020692119 -38.466457367 -0.090341754 -0.019239778 0.995724976 413.890441895
0.995717168 -0.016164174 0.091027394 40.317737579 0.014324400 0.999680400 0.020828463 -38.652793884 -0.091334999 -0.019435348 0.995630562 416.162048340
0.995676219 -0.016548244 0.091407329 40.620765686 0.014691419 0.999672592 0.020949451 -38.842666626 -0.091724068 -0.019515967 0.995593190 418.420562744
0.995581031 -0.016804252 0.092391640 40.909305573 0.014934115 0.999670088 0.020895708 -39.025947571 -0.092712298 -0.019423587 0.995503426 420.673278809
0.995496213 -0.016859079 0.093289360 41.198623657 0.014986933 0.999672711 0.020732531 -39.215099335 -0.093608364 -0.019241035 0.995423079 422.929534912
0.995447218 -0.017355362 0.093720816 41.501937866 0.015376051 0.999644101 0.021800239 -39.400794983 -0.094065823 -0.020259934 0.995359778 425.202880859
0.995386362 -0.016479226 0.094521999 41.796497345 0.014410258 0.999642313 0.022529744 -39.586738586 -0.094859429 -0.021063711 0.995267928 427.455139160
0.995348454 -0.015817216 0.095032923 42.105743408 0.013641143 0.999630690 0.023504311 -39.772254944 -0.095369615 -0.022098621 0.995196581 429.739685059
0.995282829 -0.015637703 0.095747344 42.403717041 0.013454285 0.999635398 0.023407293 -39.952312469 -0.096078463 -0.022008667 0.995130420 432.006011963
0.995231986 -0.016305799 0.096163712 42.715396881 0.014159089 0.999635994 0.022963801 -40.144256592 -0.096503176 -0.021492720 0.995100617 434.276397705
0.995211184 -0.015669692 0.096484236 43.016807556 0.013454806 0.999631763 0.023563962 -40.323257446 -0.096817948 -0.022152938 0.995055556 436.530181885
0.995162725 -0.016245995 0.096887782 43.324363708 0.013971320 0.999611676 0.024109844 -40.510749817 -0.097241871 -0.022639565 0.995003164 438.816986084
0.995230138 -0.016286349 0.096186653 43.646965027 0.014028157 0.999610960 0.024106987 -40.687026978 -0.096541859 -0.022642678 0.995071292 441.090026855
0.995241344 -0.016530840 0.096029073 43.980491638 0.014131867 0.999572098 0.025608454 -40.894702911 -0.096411340 -0.024129519 0.995049000 443.381134033
0.995202184 -0.017249264 0.096307337 44.292251587 0.014817799 0.999554574 0.025905319 -41.071842194 -0.096711300 -0.024353968 0.995014429 445.655609131
0.995179176 -0.017154213 0.096561626 44.599754333 0.014764380 0.999568105 0.025409715 -41.250816345 -0.096955784 -0.023861548 0.995002627 447.927703857
0.995195568 -0.016560011 0.096495584 44.920349121 0.014195728 0.999583244 0.025136687 -41.431865692 -0.096871629 -0.023646101 0.995015919 450.191192627
0.995171785 -0.016135111 0.096812569 45.230972290 0.013773670 0.999592423 0.025010824 -41.617813110 -0.097176626 -0.023556601 0.994988441 452.456420898
0.995084941 -0.015525855 0.097799987 45.533142090 0.013121873 0.999596894 0.025176054 -41.788444519 -0.098151453 -0.023768989 0.994887590 454.725158691
0.995083392 -0.015937895 0.097750120 45.839424133 0.013555648 0.999595881 0.024986718 -41.975105286 -0.098108850 -0.023538806 0.994897246 456.985992432
0.995112777 -0.015188590 0.097569555 46.164009094 0.012889115 0.999625146 0.024154797 -42.152153015 -0.097899869 -0.022779163 0.994935513 459.270446777
0.995099545 -0.014357786 0.097830385 46.473518372 0.011978037 0.999618948 0.024869349 -42.335227966 -0.098150179 -0.023575658 0.994892299 461.554656982
0.995112836 -0.014409260 0.097687252 46.785797119 0.011898150 0.999584854 0.026239615 -42.515663147 -0.098024786 -0.024949083 0.994871140 463.833709717
0.995129049 -0.014511714 0.097506553 47.090057373 0.011964500 0.999572992 0.026657645 -42.689086914 -0.097851776 -0.025361182 0.994877756 466.106506348
0.995232821 -0.014614447 0.096427619 47.408329010 0.012220590 0.999603450 0.025369495 -42.861003876 -0.096760161 -0.024070149 0.995016634 468.394195557
0.995305836 -0.014756387 0.095647909 47.731338501 0.012420773 0.999611199 0.024968453 -43.042892456 -0.095979154 -0.023663230 0.995102048 470.695312500
0.995411098 -0.015287660 0.094462119 48.049293518 0.012874618 0.999576330 0.026101945 -43.229270935 -0.094821140 -0.024765998 0.995186210 472.980255127
0.995383263 -0.015334741 0.094747730 48.345058441 0.012863539 0.999562323 0.026637902 -43.409675598 -0.095114753 -0.025296127 0.995144784 475.262481689
0.995474398 -0.014809265 0.093869247 48.655586243 0.012400263 0.999579906 0.026194938 -43.579116821 -0.094217755 -0.024912387 0.995239854 477.579162598
0.995472312 -0.014892620 0.093877442 48.959106445 0.012443562 0.999568164 0.026619459 -43.755302429 -0.094233312 -0.025330771 0.995227814 479.863464355
0.995477796 -0.015447613 0.093729854 49.263263702 0.012956591 0.999548018 0.027127218 -43.932029724 -0.094106555 -0.025790123 0.995228052 482.131683350
0.995511174 -0.015798498 0.093316086 49.563251495 0.013359191 0.999554038 0.026707388 -44.109279633 -0.093696401 -0.025340881 0.995278239 484.401336670
0.995550573 -0.015810322 0.092893086 49.867813110 0.013293435 0.999529362 0.027651049 -44.292976379 -0.093286522 -0.026293151 0.995292068 486.688171387
0.995608389 -0.015586651 0.092309088 50.167320251 0.013132736 0.999545574 0.027131757 -44.460681915 -0.092690036 -0.025800334 0.995360672 488.953155518
0.995632470 -0.015245698 0.092106149 50.472103119 0.012736456 0.999533236 0.027769610 -44.634227753 -0.092486523 -0.026475221 0.995361924 491.261688232
0.995734274 -0.014870225 0.091061383 50.785091400 0.012380073 0.999535441 0.027849937 -44.802185059 -0.091433220 -0.026603792 0.995455801 493.546844482
0.995699942 -0.014541319 0.091490149 51.067512512 0.012084766 0.999553084 0.027347423 -44.972679138 -0.091846913 -0.026124189 0.995430350 495.844421387
0.995722353 -0.013935325 0.091338314 51.379055023 0.011511497 0.999568820 0.027010145 -45.153713226 -0.091675326 -0.025843166 0.995453477 498.158294678
0.995732963 -0.013824749 0.091240346 51.675815582 0.011352330 0.999555647 0.027561467 -45.325920105 -0.091580838 -0.026408067 0.995447397 500.456115723
0.995759010 -0.012890508 0.091093414 51.975212097 0.010398795 0.999559999 0.027775303 -45.500762939 -0.091411404 -0.026710244 0.995454907 502.742004395
0.995804548 -0.012079923 0.090704918 52.278835297 0.009657047 0.999585986 0.027103176 -45.676414490 -0.090994775 -0.026113521 0.995509028 505.027069092
0.995773435 -0.012043295 0.091050506 52.569488525 0.009528634 0.999562442 0.028002752 -45.852420807 -0.091347903 -0.027016815 0.995452404 507.314697266
0.995786905 -0.012062130 0.090899780 52.863983154 0.009650473 0.999590874 0.026923923 -46.024753571 -0.091187365 -0.025933266 0.995496035 509.603057861
0.995842993 -0.012580273 0.090213336 53.182151794 0.010100452 0.999559879 0.027892431 -46.208358765 -0.090524532 -0.026865287 0.995531797 511.899993896
0.995837688 -0.012419126 0.090294056 53.478569031 0.009931071 0.999559939 0.027952297 -46.378215790 -0.090601452 -0.026939234 0.995522738 514.217407227
0.995887101 -0.011922457 0.089815333 53.781219482 0.009504067 0.999581873 0.027305983 -46.545925140 -0.090103336 -0.026340066 0.995584071 516.526245117
0.995886445 -0.010917439 0.089950353 54.069290161 0.008513588 0.999597311 0.027064679 -46.722267151 -0.090209618 -0.026187548 0.995578527 518.817687988
0.995804310 -0.008656482 0.091097452 54.357028961 0.006198972 0.999610066 0.027225170 -46.895812988 -0.091297619 -0.026546236 0.995469749 521.114990234
0.995749295 -0.006781667 0.091856219 54.660171509 0.004284216 0.999616444 0.027358642 -47.071441650 -0.092006527 -0.026848814 0.995396316 523.456115723
0.995690644 -0.005947399 0.092546195 54.959899902 0.003313502 0.999585807 0.028588014 -47.242439270 -0.092677914 -0.028158166 0.995297909 525.773681641
0.995613277 -0.006599483 0.093330920 55.254047394 0.003929767 0.999578595 0.028759750 -47.415699005 -0.093481392 -0.028266817 0.995219707 528.072448730
0.995535195 -0.008093714 0.094043218 55.550659180 0.005292035 0.999535799 0.030002689 -47.585464478 -0.094242401 -0.029371051 0.995115876 530.392272949
0.995461881 -0.009368420 0.094698884 55.860298157 0.006587080 0.999538839 0.029640403 -47.751552582 -0.094932921 -0.028882103 0.995064616 532.713012695
0.995439172 -0.009691579 0.094904944 56.166732788 0.006961471 0.999553502 0.029055731 -47.922016144 -0.095144175 -0.028262531 0.995062172 535.014404297
0.995334446 -0.009629534 0.096001901 56.473251343 0.006912370 0.999567091 0.028595742 -48.090000153 -0.096235693 -0.027798725 0.994970441 537.327270508
0.995247364 -0.009254893 0.096937537 56.774162292 0.006540902 0.999578714 0.028277783 -48.267574310 -0.097158410 -0.027509334 0.994888604 539.628662109
0.995152712 -0.008692867 0.097956106 57.079612732 0.005957757 0.999585092 0.028179793 -48.446262360 -0.098160408 -0.027459599 0.994791806 541.945556641
0.995074630 -0.008365433 0.098774716 57.392166138 0.005691469 0.999610484 0.027322154 -48.621837616 -0.098964803 -0.026625406 0.994734645 544.266723633
0.994922340 -0.008729871 0.100265324 57.693908691 0.005953731 0.999591470 0.027953880 -48.794540405 -0.100468375 -0.027214993 0.994567931 546.587097168
0.994816422 -0.008578143 0.101324670 58.000495911 0.005688164 0.999569714 0.028776506 -48.976211548 -0.101527929 -0.028050989 0.994437158 548.888916016
0.994776547 -0.008735256 0.101701841 58.324283600 0.005800271 0.999558985 0.029118773 -49.151618958 -0.101911344 -0.028376771 0.994388700 551.190979004
0.994827926 -0.010218452 0.101058915 58.660312653 0.007424186 0.999580681 0.027987434 -49.321060181 -0.101302542 -0.027092399 0.994486690 553.498046875
0.994823158 -0.010718384 0.101054236 58.987522125 0.007843955 0.999554455 0.028798973 -49.499485016 -0.101317883 -0.027857220 0.994463921 555.813354492
0.994783223 -0.010452814 0.101474263 59.310138702 0.007522087 0.999544680 0.029221293 -49.674591064 -0.101733506 -0.028305557 0.994408846 558.119018555
0.994752824 -0.009820556 0.101835191 59.634571075 0.006786676 0.999523997 0.030095860 -49.843544006 -0.102082290 -0.029246816 0.994345903 560.455993652
0.994769156 -0.010669238 0.101589963 59.972629547 0.007583544 0.999499500 0.030711915 -50.017753601 -0.101866797 -0.029780852 0.994352102 562.785888672
0.994722009 -0.009957898 0.102122575 60.298484802 0.006795119 0.999487698 0.031271659 -50.180107117 -0.102381669 -0.030412668 0.994280159 565.107360840
0.994672120 -0.008769303 0.102715194 60.631858826 0.005625421 0.999507964 0.030857522 -50.356655121 -0.102935262 -0.030115305 0.994232059 567.431396484
0.994665563 -0.007867306 0.102852099 60.969726562 0.004891105 0.999562860 0.029156964 -50.521987915 -0.103036508 -0.028498363 0.994269371 569.756958008
0.994642079 -0.007387877 0.103114620 61.313179016 0.004406929 0.999566555 0.029107019 -50.692768097 -0.103284962 -0.028496645 0.994243562 572.080139160
0.994624436 -0.007355133 0.103286847 61.636669159 0.004167588 0.999509275 0.031043053 -50.882209778 -0.103464492 -0.030445721 0.994167089 574.451049805
0.994636059 -0.007467070 0.103166558 61.980255127 0.004129786 0.999462426 0.032524318 -51.058506012 -0.103353940 -0.031923804 0.994132221 576.759704590
0.994496882 -0.006650109 0.104554787 62.282272339 0.003439041 0.999517858 0.030862158 -51.229537964 -0.104709610 -0.030332753 0.994040132 579.161254883
0.994532585 -0.007229753 0.104176626 62.623104095 0.004060022 0.999523342 0.030606505 -51.393577576 -0.104348227 -0.030016204 0.994087756 581.500732422
0.994507372 -0.008136270 0.104349755 62.965602875 0.004808252 0.999473035 0.032104891 -51.574752808 -0.104555972 -0.031426813 0.994022310 583.822204590
0.994564831 -0.007732502 0.103831634 63.304405212 0.004380115 0.999462962 0.032476038 -51.743698120 -0.104027003 -0.031844735 0.994064510 586.141479492
0.994520187 -0.010887722 0.103976138 63.651729584 0.007705790 0.999491036 0.030955352 -51.915092468 -0.104260258 -0.029984504 0.994097948 588.497436523
0.994544268 -0.011253387 0.103706889 63.995338440 0.008073619 0.999485791 0.031030057 -52.082664490 -0.104002774 -0.030023476 0.994123757 590.849609375
0.994563043 -0.012892187 0.103335023 64.340133667 0.009692633 0.999459743 0.031405501 -52.249469757 -0.103684075 -0.030233160 0.994150817 593.194335938
0.994581044 -0.013415271 0.103094988 64.683212280 0.010203684 0.999448001 0.031616215 -52.418869019 -0.103462219 -0.030392937 0.994168937 595.544860840
