1.000000000 0.000000000 0.000000000 0.000000000 0.000000000 1.000000000 0.000000000 0.000000000 0.000000000 0.000000000 1.000000000 0.000000000
0.999999881 0.000133031 0.000447893 0.086144187 -0.000132959 1.000000000 -0.000159737 -0.225876689 -0.000447914 0.000159678 0.999999881 2.290671587
0.999999046 0.000564633 0.001191026 0.164825350 -0.000565127 0.999999762 0.000414293 -0.463539332 -0.001190792 -0.000414965 0.999999166 4.588666439
0.999998331 0.000142780 0.001793958 0.261413664 -0.000143765 0.999999762 0.000548968 -0.694576263 -0.001793879 -0.000549225 0.999998212 6.879252911
0.999996722 0.000046195 0.002611656 0.354946077 -0.000043159 0.999999464 -0.001162497 -0.927022159 -0.002611708 0.001162381 0.999995887 9.178079605
0.999988019 0.001764662 0.004580195 0.447656333 -0.001765334 0.999998510 0.000142445 -1.162086368 -0.004579936 -0.000150529 0.999989510 11.482271194
0.999965847 0.004006306 0.007217334 0.535022259 -0.004016581 0.999990940 0.001409762 -1.391565204 -0.007211620 -0.001438703 0.999972939 13.790460587
0.999945521 0.003885914 0.009683805 0.640350938 -0.003925974 0.999983847 0.004121244 -1.621333361 -0.009667631 -0.004159038 0.999944568 16.064990997
0.999944627 0.003544933 0.009909538 0.770986438 -0.003593307 0.999981701 0.004868018 -1.849977851 -0.009892101 -0.004903356 0.999939024 18.412450790
0.999930382 0.002767359 0.011476411 0.885573030 -0.002824382 0.999983728 0.004955483 -2.072655201 -0.011462511 -0.004987552 0.999921799 20.706680298
0.999931097 0.000332061 0.011732150 1.002076983 -0.000366737 0.999995589 0.002953611 -2.306655169 -0.011731117 -0.002957710 0.999926805 23.017957687
0.999918163 -0.001931071 0.012642751 1.108707547 0.001918439 0.999997616 0.001011192 -2.527677536 -0.012644675 -0.000986855 0.999919534 25.299196243
0.999919832 -0.002645676 0.012378887 1.246734262 0.002641367 0.999996424 0.000364375 -2.775806665 -0.012379806 -0.000331648 0.999923289 27.607898712
0.999908686 -0.002298033 0.013320009 1.353136420 0.002307423 0.999997079 -0.000689518 -3.000575066 -0.013318385 0.000720190 0.999911010 29.895412445
0.999896944 0.000062529 0.014351305 1.471098542 -0.000091101 0.999997973 0.001990260 -3.233543873 -0.014351151 -0.001991362 0.999895036 32.184749603
0.999894559 0.002083983 0.014373459 1.600888014 -0.002142921 0.999989331 0.004086320 -3.452968597 -0.014364792 -0.004116691 0.999888361 34.465469360
0.999865890 0.004529920 0.015736438 1.719099045 -0.004661388 0.999954462 0.008327739 -3.686563969 -0.015698001 -0.008399977 0.999841452 36.783782959
0.999840856 0.006340393 0.016671246 1.832720518 -0.006470402 0.999949038 0.007756079 -3.903490543 -0.016621219 -0.007862715 0.999830902 39.056716919
0.999814808 0.005555944 0.018426483 1.940744400 -0.005674047 0.999963641 0.006363396 -4.108538628 -0.018390460 -0.006466769 0.999810100 41.351043701
0.999823987 0.003063830 0.018512657 2.065182924 -0.003165490 0.999980032 0.005464529 -4.333944798 -0.018495541 -0.005522168 0.999813676 43.629505157
0.999817669 0.003391155 0.018791480 2.196173191 -0.003470534 0.999985099 0.004193245 -4.557329655 -0.018776983 -0.004257696 0.999814630 45.878486633
0.999817252 0.003080572 0.018868102 2.323522091 -0.003144473 0.999989510 0.003358015 -4.786992550 -0.018857554 -0.003416731 0.999816358 48.149978638
0.999821246 0.000973564 0.018882064 2.460900307 -0.001041991 0.999992907 0.003614409 -5.015565872 -0.018878412 -0.003633437 0.999815166 50.432113647
0.999800622 0.000587402 0.019959308 2.589453220 -0.000664166 0.999992430 0.003839604 -5.237279415 -0.019956898 -0.003852095 0.999793410 52.697765350
0.999792218 -0.000591291 0.020375984 2.724886417 0.000518047 0.999993384 0.003599717 -5.464233875 -0.020377979 -0.003588413 0.999785900 54.983959198
0.999767780 -0.000778735 0.021535818 2.852875948 0.000687281 0.999990642 0.004253665 -5.696033478 -0.021538936 -0.004237876 0.999758959 57.272262573
0.999746919 -0.002104065 0.022397850 2.989233494 0.001989983 0.999984920 0.005114490 -5.922463894 -0.022408277 -0.005068624 0.999736071 59.539363861
0.999712527 -0.003785471 0.023676705 3.117338181 0.003680203 0.999983132 0.004488050 -6.144729137 -0.023693297 -0.004399625 0.999709547 61.806957245
0.999704003 -0.004716576 0.023866724 3.273930550 0.004618143 0.999980628 0.004177658 -6.366754532 -0.023885960 -0.004066203 0.999706388 64.059814453
0.999670804 -0.004012519 0.025340874 3.410073280 0.003895085 0.999981463 0.004681832 -6.587360382 -0.025359189 -0.004581587 0.999667883 66.336273193
0.999654114 -0.003027717 0.026124770 3.559103489 0.002899542 0.999983609 0.004942709 -6.813043594 -0.026139304 -0.004865249 0.999646425 68.596794128
0.999619961 -0.003105740 0.027391886 3.695978165 0.002977257 0.999984384 0.004730137 -7.038266182 -0.027406150 -0.004646787 0.999613583 70.853858948
0.999607265 -0.003891336 0.027757119 3.853725672 0.003797685 0.999986947 0.003425833 -7.262571812 -0.027770087 -0.003319073 0.999608815 73.112411499
0.999590635 -0.004818746 0.028201003 4.011119843 0.004715524 0.999981940 0.003725645 -7.488280773 -0.028218446 -0.003591137 0.999595344 75.390876770
0.999554932 -0.005972654 0.029225424 4.172389030 0.005880448 0.999977529 0.003239941 -7.719334602 -0.029244116 -0.003066640 0.999567568 77.654350281
0.999544442 -0.007102870 0.029334100 4.325241089 0.007013504 0.999970436 0.003148249 -7.952682972 -0.029355595 -0.002941080 0.999564707 79.918724060
0.999513388 -0.007532871 0.030268474 4.471984386 0.007453441 0.999968469 0.002736163 -8.169431686 -0.030288134 -0.002509228 0.999538064 82.173919678
0.999496520 -0.006906143 0.030972386 4.638934135 0.006824980 0.999972999 0.002725449 -8.398437500 -0.030990375 -0.002512691 0.999516547 84.453231812
0.999443412 -0.006587511 0.032703958 4.792007446 0.006482606 0.999973536 0.003312724 -8.618034363 -0.032724913 -0.003098872 0.999459624 86.708709717
0.999446988 -0.006745456 0.032561872 4.963047028 0.006596794 0.999967277 0.004670785 -8.851698875 -0.032592315 -0.004453396 0.999458790 88.993309021
0.999417961 -0.005756173 0.033623360 5.120632172 0.005579268 0.999970138 0.005352826 -9.079179764 -0.033653162 -0.005162118 0.999420226 91.252014160
0.999390602 -0.005751560 0.034428041 5.287224770 0.005572260 0.999970376 0.005301649 -9.300292015 -0.034457516 -0.005106576 0.999393106 93.507041931
0.999374568 -0.006069122 0.034836028 5.456522942 0.005913337 0.999971986 0.004573267 -9.515613556 -0.034862816 -0.004364409 0.999382496 95.765037537
0.999342918 -0.006636913 0.035632599 5.622685909 0.006464670 0.999966860 0.004946890 -9.737807274 -0.035664257 -0.004713287 0.999352694 98.024032593
0.999309242 -0.006395315 0.036607068 5.783040047 0.006233065 0.999970257 0.004544606 -9.970459938 -0.036635045 -0.004313292 0.999319375 100.269142151
0.999260902 -0.006493446 0.037889153 5.942746639 0.006288579 0.999964952 0.005523683 -10.187103271 -0.037923690 -0.005281332 0.999266624 102.501113892
0.999246299 -0.007105116 0.038164802 6.135271549 0.006902488 0.999961376 0.005438474 -10.414627075 -0.038201973 -0.005170942 0.999256670 104.783493042
0.999214411 -0.007822891 0.038851097 6.311634541 0.007590917 0.999952435 0.006114814 -10.630683899 -0.038897086 -0.005815095 0.999226272 107.022407532
0.999189079 -0.009283336 0.039177224 6.493786812 0.009047057 0.999939740 0.006204005 -10.846553802 -0.039232451 -0.005844536 0.999212980 109.273475647
0.999148965 -0.010339026 0.039933946 6.670050621 0.010054585 0.999922693 0.007317115 -11.072374344 -0.040006522 -0.006909368 0.999175549 111.527824402
0.999125957 -0.010967291 0.040334817 6.859215736 0.010727872 0.999923587 0.006147468 -11.296134949 -0.040399153 -0.005709388 0.999167323 113.790550232
0.999078691 -0.011379402 0.041379482 7.039321423 0.011170147 0.999923646 0.005284673 -11.517600060 -0.041436456 -0.004817588 0.999129534 116.042770386
0.999040961 -0.011728005 0.042185415 7.219124794 0.011493462 0.999917150 0.005798115 -11.743780136 -0.042249914 -0.005307698 0.999093115 118.291740417
0.998988450 -0.012274683 0.043259893 7.403760910 0.011989367 0.999904633 0.006848702 -11.970205307 -0.043339826 -0.006323115 0.999040365 120.551498413
0.998970151 -0.012867335 0.043511018 7.605445862 0.012547237 0.999892235 0.007621858 -12.197022438 -0.043604404 -0.007068064 0.999023855 122.762969971
0.998905540 -0.013737872 0.044708453 7.793399334 0.013446265 0.999886334 0.006816669 -12.415144920 -0.044797022 -0.006208047 0.998976827 125.084465027
0.998869836 -0.014137103 0.045378182 7.973575115 0.013868818 0.999884486 0.006221619 -12.639478683 -0.045460887 -0.005585245 0.998950481 127.349266052
0.998849869 -0.015728710 0.045296680 8.161791801 0.015440919 0.999858320 0.006696487 -12.856369972 -0.045395594 -0.005989363 0.998951137 129.611709595
0.998869240 -0.016861150 0.044450786 8.348752022 0.016571712 0.999839067 0.006871874 -13.069087982 -0.044559497 -0.006127478 0.998987913 131.861099243
0.998924434 -0.017158521 0.043078460 8.544136047 0.016829910 0.999826491 0.007979425 -13.283864021 -0.043207899 -0.007245836 0.999039769 134.098403931
0.998983443 -0.018192649 0.041244198 8.738849640 0.017890010 0.999810278 0.007695029 -13.505155563 -0.041376375 -0.006949347 0.999119580 136.353485107
0.999062181 -0.018975202 0.038919810 8.949154854 0.018708635 0.999799073 0.007201923 -13.715835571 -0.039048653 -0.006467032 0.999216318 138.580047607
0.999027610 -0.019720001 0.039431822 9.100773811 0.019449852 0.999784768 0.007222938 -13.934591293 -0.039565776 -0.006448972 0.999196172 140.873367310
0.999019504 -0.020081468 0.039453931 9.270857811 0.019812001 0.999777794 0.007209089 -14.139756203 -0.039589927 -0.006420359 0.999195397 143.106643677
0.999062419 -0.020286990 0.038244911 9.459571838 0.019962324 0.999761522 0.008852050 -14.369623184 -0.038415372 -0.008080293 0.999229193 145.352157593
0.999083281 -0.019307749 0.038210299 9.634969711 0.019028755 0.999789596 0.007651734 -14.581167221 -0.038350008 -0.006917624 0.999240339 147.607177734
0.999099255 -0.018269980 0.038299840 9.813518524 0.018046504 0.999817967 0.006172609 -14.796396255 -0.038405649 -0.005475869 0.999247193 149.860763550
0.999111474 -0.016872985 0.038618937 9.988037109 0.016682060 0.999846995 0.005260703 -15.014932632 -0.038701788 -0.004611785 0.999240160 152.112915039
0.999116004 -0.016108081 0.038829323 10.170045853 0.015911760 0.999858975 0.005359827 -15.231771469 -0.038910195 -0.004737247 0.999231458 154.354354858
0.999106646 -0.015299721 0.039393678 10.353885651 0.015080163 0.999868989 0.005864570 -15.449561119 -0.039478246 -0.005265268 0.999206603 156.618896484
0.999095500 -0.014113132 0.040111937 10.519115448 0.013832861 0.999877930 0.007256222 -15.671196938 -0.040209450 -0.006694796 0.999168873 158.865295410
0.999040067 -0.013508521 0.041668866 10.696393013 0.013192268 0.999882162 0.007855318 -15.882393837 -0.041770063 -0.007298072 0.999100566 161.100738525
0.999029875 -0.012236280 0.042304091 10.872440338 0.011824190 0.999880314 0.009977737 -16.107503891 -0.042421125 -0.009467845 0.999054968 163.395751953
0.999001682 -0.011700689 0.043112431 11.056133270 0.011320798 0.999894977 0.009045295 -16.308197021 -0.043213740 -0.008548200 0.999029279 165.662811279
0.998959780 -0.011058447 0.044238932 11.247522354 0.010714083 0.999910474 0.008013748 -16.521839142 -0.044323590 -0.007531432 0.998988807 167.896575928
0.998906314 -0.009091404 0.045866318 11.443960190 0.008739381 0.999930859 0.007869709 -16.738718033 -0.045934696 -0.007460258 0.998916566 170.171859741
0.998793662 -0.008428336 0.048375931 11.635557175 0.008063895 0.999937654 0.007723751 -16.947654724 -0.048438013 -0.007324336 0.998799324 172.427291870
0.998678684 -0.008639426 0.050657678 11.837759972 0.008257346 0.999935925 0.007746872 -17.166355133 -0.050721359 -0.007318337 0.998686016 174.696243286
0.998599112 -0.008661682 0.052199151 12.045576096 0.008249944 0.999933183 0.008098149 -17.380830765 -0.052265808 -0.007656164 0.998603880 176.961120605
0.998538554 -0.009161905 0.053261872 12.243510246 0.008703457 0.999923110 0.008833000 -17.590473175 -0.053338710 -0.008356528 0.998541534 179.187210083
0.998537004 -0.010591389 0.053024936 12.463777542 0.010145998 0.999911010 0.008661808 -17.812444687 -0.053111959 -0.008111145 0.998555601 181.469741821
0.998504400 -0.011404421 0.053467546 12.662768364 0.010964506 0.999903619 0.008513838 -18.023559570 -0.053559493 -0.007914861 0.998533189 183.712432861
0.998583376 -0.013143982 0.051560603 12.900018692 0.012746367 0.999886513 0.008032884 -18.238039017 -0.051660337 -0.007364294 0.998637557 185.958007812
0.998596191 -0.014805758 0.050857034 13.110075951 0.014379673 0.999858379 0.008733837 -18.450353622 -0.050979145 -0.007990268 0.998667777 188.210174561
0.998612344 -0.015581211 0.050305452 13.319713593 0.015178462 0.999849677 0.008378236 -18.660974503 -0.050428420 -0.007603049 0.998698711 190.452529907
0.998579919 -0.016652903 0.050604690 13.524746895 0.016271474 0.999836087 0.007940080 -18.881084442 -0.050728623 -0.007105392 0.998687148 192.707763672
0.998550475 -0.018375508 0.050588887 13.719925880 0.018031258 0.999811053 0.007252923 -19.093982697 -0.050712608 -0.006330228 0.998693228 194.947097778
0.998576880 -0.017950080 0.050220083 13.930607796 0.017596697 0.999817252 0.007470001 -19.310283661 -0.050344992 -0.006575662 0.998710215 197.189926147
0.998587191 -0.016172402 0.050615691 14.139841080 0.015816126 0.999847353 0.007431440 -19.525600433 -0.050728146 -0.006620396 0.998690546 199.421691895
0.998608828 -0.013257466 0.051035792 14.337275505 0.012899103 0.999889851 0.007344795 -19.750095367 -0.051127542 -0.006676261 0.998669744 201.690917969
0.998587549 -0.012633732 0.051607423 14.545994759 0.012324267 0.999904096 0.006310374 -19.964321136 -0.051682200 -0.005665435 0.998647511 203.952743530
0.998540580 -0.012787749 0.052472051 14.740234375 0.012433065 0.999897659 0.007080343 -20.176155090 -0.052557226 -0.006417620 0.998597324 206.181472778
0.998529613 -0.014346642 0.052276522 14.967767715 0.013991588 0.999876499 0.007151588 -20.405021667 -0.052372675 -0.006409640 0.998607039 208.431381226
0.998479009 -0.013740326 0.053392582 15.173654556 0.013348249 0.999881327 0.007692982 -20.614351273 -0.053491950 -0.006968583 0.998543978 210.681610107
0.998398602 -0.014322150 0.054727137 15.384732246 0.013860854 0.999865234 0.008799367 -20.841011047 -0.054845788 -0.008026711 0.998462558 212.922546387
0.998334229 -0.012937035 0.056225996 15.616586685 0.012471942 0.999885142 0.008614922 -21.049749374 -0.056330994 -0.007899325 0.998380840 215.156143188
0.998169124 -0.010246872 0.059610922 15.837044716 0.009732224 0.999912798 0.008917410 -21.263465881 -0.059697088 -0.008320935 0.998181999 217.461288452
0.998039484 -0.010335090 0.061730333 16.063274384 0.009780417 0.999909103 0.009280819 -21.474760056 -0.061820649 -0.008658874 0.998049736 219.705429077
0.997920275 -0.011595774 0.063408561 16.296115875 0.011000460 0.999892116 0.009729629 -21.681415558 -0.063514546 -0.009011870 0.997940242 221.941406250
0.997824669 -0.013339018 0.064559288 16.529607773 0.012692438 0.999865174 0.010415147 -21.888252258 -0.064689517 -0.009573075 0.997859538 224.175277710
0.997763991 -0.015317841 0.065056145 16.780628204 0.014704274 0.999842882 0.009899745 -22.103509903 -0.065197572 -0.008921007 0.997832417 226.412124634
0.997724354 -0.016405188 0.065398663 17.016174316 0.015811509 0.999829054 0.009585164 -22.308031082 -0.065544732 -0.008529300 0.997813165 228.668182373
0.997689188 -0.016601251 0.065885857 17.257843018 0.015986793 0.999823749 0.009842460 -22.518724442 -0.066037655 -0.008766410 0.997778535 230.911804199
0.997648954 -0.017663224 0.066216245 17.506372452 0.017118266 0.999814868 0.008788315 -22.728826523 -0.066359229 -0.007634146 0.997766614 233.167968750
0.997590542 -0.018530482 0.066855229 17.742721558 0.017915307 0.999791563 0.009789497 -22.933767319 -0.067022711 -0.008568177 0.997714698 235.406204224
0.997601807 -0.018481148 0.066701844 18.011535645 0.017854113 0.999790728 0.009984505 -23.145999908 -0.066872410 -0.008769657 0.997722983 237.681411743
0.997577310 -0.018096676 0.067171834 18.249929428 0.017481577 0.999799788 0.009733611 -23.347927094 -0.067334533 -0.008535758 0.997693956 239.909790039
0.997540414 -0.018305438 0.067660220 18.490329742 0.017665716 0.999793530 0.010041126 -23.558897018 -0.067830034 -0.008821167 0.997657895 242.136398315
0.997497618 -0.018550320 0.068222210 18.731193542 0.017893827 0.999787629 0.010221425 -23.763324738 -0.068397336 -0.008975092 0.997617722 244.377441406
0.997459233 -0.018701887 0.068740755 18.973068237 0.018088752 0.999791086 0.009531205 -23.977611542 -0.068904638 -0.008263555 0.997588992 246.607330322
0.997477829 -0.018375712 0.068559043 19.228401184 0.017816180 0.999802887 0.008763846 -24.190570831 -0.068706572 -0.007520282 0.997608542 248.846740723
0.997450411 -0.018516801 0.068918496 19.472654343 0.017924219 0.999797106 0.009206808 -24.400894165 -0.069074981 -0.007948025 0.997579813 251.090133667
0.997426689 -0.019651085 0.068948001 19.722827911 0.019069456 0.999777019 0.009083863 -24.611623764 -0.069111139 -0.007745687 0.997578919 253.320465088
0.997433186 -0.019683678 0.068844296 19.983201981 0.019062014 0.999771476 0.009675423 -24.821662903 -0.069019012 -0.008338279 0.997580469 255.580184937
0.997395158 -0.020449089 0.069171056 20.219018936 0.019818274 0.999755561 0.009793642 -25.032417297 -0.069354415 -0.008397282 0.997556686 257.802093506
0.997382283 -0.020644039 0.069299556 20.482967377 0.019952677 0.999744117 0.010653942 -25.251234055 -0.069501780 -0.009243340 0.997538984 260.063995361
0.997352839 -0.020182624 0.069858387 20.735380173 0.019533006 0.999759495 0.009969875 -25.455194473 -0.070042811 -0.008578940 0.997507095 262.312072754
0.997326672 -0.020167584 0.070233375 20.988853455 0.019550771 0.999764144 0.009458699 -25.662412643 -0.070407584 -0.008060296 0.997485757 264.567565918
0.997289956 -0.019473374 0.070947349 21.241212845 0.018877221 0.999780715 0.009063637 -25.877325058 -0.071108289 -0.007699788 0.997438848 266.804534912
0.997218549 -0.018748607 0.072136827 21.491683960 0.018130336 0.999793112 0.009216168 -26.084327698 -0.072294705 -0.007882669 0.997352183 269.050628662
0.997115552 -0.018230803 0.073676139 21.744750977 0.017615478 0.999804378 0.008993053 -26.313184738 -0.073825665 -0.007669273 0.997241676 271.309082031
0.997024715 -0.018883783 0.074733622 22.012229919 0.018247413 0.999791265 0.009188924 -26.525474548 -0.074891545 -0.007797890 0.997161210 273.557769775
0.996846259 -0.019334003 0.076964810 22.258293152 0.018637368 0.999778688 0.009759442 -26.731195450 -0.077136450 -0.008294242 0.996986032 275.802642822
0.996735632 -0.019231915 0.078411207 22.527008057 0.018429838 0.999770343 0.010940053 -26.932556152 -0.078603603 -0.009459233 0.996861100 278.042938232
0.996662021 -0.018667366 0.079475693 22.803752899 0.017713698 0.999762535 0.012687759 -27.157066345 -0.079693660 -0.011237601 0.996756017 280.300842285
0.996570110 -0.018408662 0.080678776 23.081653595 0.017365957 0.999756575 0.013606935 -27.364530563 -0.080909610 -0.012159201 0.996647239 282.537261963
0.996512115 -0.017368246 0.081619769 23.356533051 0.016325230 0.999776542 0.013429048 -27.559799194 -0.081834771 -0.012049747 0.996573031 284.798645020
0.996397078 -0.016328715 0.083223410 23.619913101 0.015318912 0.999801278 0.012757799 -27.757505417 -0.083415188 -0.011436942 0.996449292 287.029388428
0.996384561 -0.015778340 0.083479770 23.903184891 0.014850631 0.999821126 0.011722291 -27.953020096 -0.083649769 -0.010440183 0.996440530 289.268524170
0.996317029 -0.016593615 0.084125683 24.172422409 0.015641652 0.999806166 0.011962521 -28.161809921 -0.084307864 -0.010602600 0.996383369 291.495666504
0.996223986 -0.016197227 0.085295729 24.426015854 0.015287749 0.999819219 0.011305062 -28.368326187 -0.085463405 -0.009958394 0.996291459 293.767181396
0.996252716 -0.016784851 0.084845781 24.708000183 0.015952123 0.999817908 0.010483086 -28.571229935 -0.085006282 -0.009090333 0.996338964 295.993743896
0.996256590 -0.016708128 0.084815331 24.988647461 0.015881492 0.999819696 0.010411721 -28.778049469 -0.084974021 -0.009025751 0.996342242 298.227050781
0.996249795 -0.016113574 0.085009530 25.266515732 0.015261813 0.999826729 0.010659986 -28.981719971 -0.085166566 -0.009322612 0.996323168 300.465942383
0.996185243 -0.015951797 0.085793056 25.523170471 0.015026135 0.999821961 0.011424443 -29.192667007 -0.085960016 -0.010091725 0.996247411 302.698059082
0.996185064 -0.016056469 0.085775763 25.807218552 0.015110140 0.999817848 0.011670488 -29.398437500 -0.085947499 -0.010329885 0.996246099 304.948822021
0.996152580 -0.015227132 0.086301334 26.087642670 0.014258008 0.999828279 0.011834864 -29.603279114 -0.086466715 -0.010558846 0.996198773 307.202301025
0.996145010 -0.015986366 0.086252473 26.369394302 0.015014358 0.999816358 0.011906358 -29.817499161 -0.086426966 -0.010565435 0.996202111 309.459442139
0.996099532 -0.017196633 0.086543836 26.651813507 0.016192924 0.999793410 0.012286407 -30.020404816 -0.086737238 -0.010837088 0.996172249 311.716766357
0.996068954 -0.016891941 0.086956009 26.934631348 0.015930120 0.999804139 0.011743123 -30.228801727 -0.087137327 -0.010311741 0.996142924 313.956817627
0.996084571 -0.016597843 0.086834535 27.225709915 0.015570967 0.999800742 0.012489703 -30.437484741 -0.087024532 -0.011088702 0.996144474 316.207000732
0.996035457 -0.014845558 0.087709881 27.507942200 0.013874276 0.999835610 0.011673096 -30.644161224 -0.087868735 -0.010409907 0.996077597 318.452453613
0.996033490 -0.012921343 0.088035613 27.788209915 0.011869896 0.999851882 0.012456494 -30.851171494 -0.088183515 -0.011362109 0.996039450 320.700164795
0.995950699 -0.011425900 0.089171179 28.062282562 0.010369935 0.999870598 0.012296327 -31.058090210 -0.089300156 -0.011321837 0.995940328 322.930053711
0.995900691 -0.010370200 0.089857258 28.339477539 0.009269497 0.999876857 0.012658124 -31.256763458 -0.089977466 -0.011773303 0.995874226 325.166961670
0.995907247 -0.010147694 0.089809380 28.634252548 0.008919727 0.999861240 0.014063861 -31.469278336 -0.089939639 -0.013205226 0.995859683 327.395263672
0.995868742 -0.010983607 0.090137757 28.913631439 0.009747351 0.999852419 0.014143970 -31.678180695 -0.090279803 -0.013206933 0.995828807 329.638397217
0.995891869 -0.012787415 0.089642972 29.214483261 0.011639310 0.999843538 0.013318633 -31.876245499 -0.089799263 -0.012220536 0.995884836 331.873260498
0.995883226 -0.012532650 0.089775965 29.498439789 0.011397929 0.999848604 0.013141030 -32.079666138 -0.089927085 -0.012063668 0.995875299 334.086730957
0.995859861 -0.012751893 0.090002671 29.784173965 0.011489620 0.999828398 0.014529051 -32.281379700 -0.090172514 -0.013434804 0.995835543 336.313873291
0.995916009 -0.013369346 0.089289449 30.089189529 0.012137140 0.999823689 0.014328846 -32.478199005 -0.089465283 -0.013186609 0.995902658 338.548461914
0.995926023 -0.013190934 0.089203231 30.373258591 0.011935956 0.999822319 0.014587577 -32.682609558 -0.089379780 -0.013463420 0.995906591 340.787353516
0.995977223 -0.013337235 0.088608764 30.671314240 0.012102235 0.999822199 0.014460341 -32.886314392 -0.088785872 -0.013329807 0.995961547 343.029663086
0.995984256 -0.013519832 0.088501953 30.956159592 0.012257825 0.999815464 0.014787651 -33.082832336 -0.088685535 -0.013643427 0.995966256 345.273742676
0.996037424 -0.013367147 0.087924659 31.244644165 0.012104517 0.999816179 0.014877904 -33.279815674 -0.088107362 -0.013754664 0.996016026 347.512817383
0.996082187 -0.013434798 0.087404862 31.531494141 0.012184292 0.999815822 0.014824887 -33.478225708 -0.087587930 -0.013701841 0.996062577 349.761016846
0.996095300 -0.013095740 0.087308161 31.814113617 0.011798213 0.999812365 0.015360973 -33.681091309 -0.087492928 -0.014270913 0.996062934 352.004302979
0.996128678 -0.013396593 0.086881533 32.096527100 0.012070154 0.999802709 0.015774662 -33.876285553 -0.087075718 -0.014664918 0.996093750 354.231323242
0.996147990 -0.013061185 0.086709842 32.375659943 0.011788482 0.999815345 0.015173624 -34.073841095 -0.086892016 -0.014092999 0.996118069 356.469085693
0.996205330 -0.013330649 0.086007416 32.663681030 0.012040220 0.999807417 0.015505018 -34.269550323 -0.086197533 -0.014410635 0.996173859 358.705566406
0.996250808 -0.012779120 0.085561246 32.949016571 0.011420968 0.999801338 0.016344184 -34.469078064 -0.085753091 -0.015305719 0.996198833 360.954254150
0.996316969 -0.013017488 0.084752724 33.239105225 0.011675764 0.999798775 0.016307510 -34.668231964 -0.084947959 -0.015257895 0.996268570 363.199737549
0.996362448 -0.012967187 0.084224075 33.524311066 0.011583248 0.999790072 0.016899567 -34.865261078 -0.084425531 -0.015862506 0.996303499 365.439514160
0.996410728 -0.013102496 0.083629705 33.805351257 0.011784809 0.999798834 0.016230468 -35.062068939 -0.083825551 -0.015186656 0.996364653 367.695739746
0.996422589 -0.013700016 0.083391748 34.080810547 0.012392229 0.999792278 0.016179940 -35.261299133 -0.083596088 -0.015088651 0.996385396 369.944274902
0.996428430 -0.013921752 0.083286077 34.356945038 0.012695631 0.999803364 0.015233361 -35.451210022 -0.083481789 -0.014121586 0.996409237 372.197204590
0.996477246 -0.013670400 0.082741730 34.634311676 0.012430343 0.999802828 0.015483739 -35.658535004 -0.082937077 -0.014400684 0.996450841 374.441436768
0.996564269 -0.013674302 0.081685804 34.919948578 0.012416369 0.999796689 0.015887840 -35.851196289 -0.081886441 -0.014819016 0.996531546 376.686981201
0.996479988 -0.013116249 0.082798325 35.183586121 0.011801790 0.999796748 0.016344959 -36.045703888 -0.082995877 -0.015310258 0.996432245 378.943511963
0.996481478 -0.013679191 0.082690537 35.458847046 0.012336547 0.999784112 0.016726159 -36.246170044 -0.082901493 -0.015647193 0.996434867 381.181610107
0.996503651 -0.013585990 0.082437187 35.741294861 0.012241505 0.999784172 0.016792780 -36.436988831 -0.082647532 -0.015724912 0.996454775 383.440063477
0.996519446 -0.012691769 0.082387961 36.023357391 0.011326456 0.999790967 0.017018044 -36.634853363 -0.082586728 -0.016025648 0.996455014 385.697540283
0.996521235 -0.011613465 0.082526065 36.300453186 0.010240923 0.999802351 0.017035523 -36.823638916 -0.082707621 -0.016131120 0.996443272 387.958068848
0.996548176 -0.010393746 0.082364932 36.584320068 0.009032731 0.999816716 0.016879629 -37.023712158 -0.082525283 -0.016077381 0.996459305 390.227386475
0.996527195 -0.008912307 0.082789414 36.856636047 0.007534799 0.999828160 0.016936280 -37.223457336 -0.082926124 -0.016253660 0.996423125 392.508270264
0.996559799 -0.007588027 0.082527757 37.137813568 0.006096649 0.999813795 0.018308220 -37.417968750 -0.082651302 -0.017742096 0.996420562 394.770080566
0.996493697 -0.006473144 0.083416857 37.402984619 0.004923834 0.999811769 0.018765451 -37.613586426 -0.083522618 -0.018288923 0.996338010 397.026428223
0.996448100 -0.006180188 0.083982117 37.679141998 0.004752688 0.999840915 0.017186981 -37.813766479 -0.084074982 -0.016726788 0.996319056 399.290313721
0.996391714 -0.005455331 0.084698804 37.956214905 0.004084745 0.999857962 0.016346768 -38.005565643 -0.084775969 -0.015941808 0.996272624 401.564117432
0.996319532 -0.007302171 0.085405216 38.224235535 0.005814060 0.999827147 0.017659899 -38.202392578 -0.085519418 -0.017098349 0.996189713 403.821868896
0.996267140 -0.008788505 0.085874431 38.505554199 0.007200019 0.999797463 0.018790023 -38.397418976 -0.086022183 -0.018101588 0.996128798 406.077056885
0.996252060 -0.009724921 0.085949466 38.788242340 0.008148101 0.999792457 0.018677710 -38.589805603 -0.086113282 -0.017907385 0.996124327 408.336669922
0.996230721 -0.009458103 0.086226471 39.080173492 0.008002767 0.999819875 0.017208137 -38.777774811 -0.086373702 -0.016453223 0.996126890 410.604797363
0.996188462 -0.007909041 0.086866684 39.385612488 0.006384572 0.999821067 0.017813338 -38.983280182 -0.086992010 -0.017190838 0.996060669 412.880798340
0.996122658 -0.006730142 0.087716594 39.663784027 0.005206776 0.999831855 0.017584147 -39.177864075 -0.087820180 -0.017059248 0.995990276 415.122131348
0.996042967 -0.005396991 0.088708140 39.952655792 0.003833038 0.999834359 0.017791228 -39.371452332 -0.088789463 -0.017380808 0.995898783 417.395263672
0.995990515 -0.005498133 0.089289635 40.245216370 0.003946942 0.999838293 0.017539844 -39.565780640 -0.089371659 -0.017117094 0.995851278 419.649139404
0.995888233 -0.005491204 0.090422973 40.528381348 0.003917548 0.999837935 0.017571568 -39.757534027 -0.090504818 -0.017145088 0.995748401 421.904937744
0.995805502 -0.005636478 0.091321036 40.812385559 0.004072957 0.999841988 0.017298486 -39.954044342 -0.091404110 -0.016853983 0.995671272 424.164642334
0.995742798 -0.005932067 0.091983266 41.106964111 0.004248647 0.999820113 0.018486422 -40.150165558 -0.092076369 -0.018016918 0.995588958 426.438293457
0.995692372 -0.005074329 0.092579424 41.398910522 0.003324191 0.999813020 0.019048613 -40.341747284 -0.092658758 -0.018658806 0.995523095 428.695953369
0.995625973 -0.004347384 0.093326733 41.699451447 0.002517835 0.999802530 0.019712510 -40.531822205 -0.093393996 -0.019391308 0.995440364 430.975616455
0.995612025 -0.004810008 0.093453437 41.991069794 0.002957374 0.999796569 0.019952513 -40.728698730 -0.093530379 -0.019588590 0.995423734 433.236389160
0.995573819 -0.005360210 0.093829215 42.293045044 0.003562581 0.999807239 0.019315561 -40.926357269 -0.093914643 -0.018895792 0.995400906 435.502105713
0.995571256 -0.004332833 0.093909524 42.599266052 0.002527009 0.999809921 0.019339794 -41.103256226 -0.093975462 -0.019016836 0.995392859 437.766815186
0.995518088 -0.004841497 0.094447091 42.898777008 0.002995780 0.999801934 0.019674350 -41.295856476 -0.094523624 -0.019303229 0.995335460 440.047393799
0.995560110 -0.004914475 0.093998440 43.208484650 0.003065234 0.999799132 0.019807382 -41.485095978 -0.094076894 -0.019431313 0.995375335 442.321350098
0.995533645 -0.004075437 0.094319329 43.519405365 0.002122165 0.999781430 0.020800179 -41.687110901 -0.094383478 -0.020507118 0.995324612 444.601837158
0.995502412 -0.004625511 0.094622448 43.825149536 0.002660643 0.999778450 0.020880988 -41.874809265 -0.094698057 -0.020535318 0.995294213 446.879302979
0.995477676 -0.004297781 0.094898693 44.125015259 0.002372765 0.999789298 0.020388488 -42.066024780 -0.094966330 -0.020071110 0.995278060 449.147308350
0.995501876 -0.003668849 0.094670303 44.433551788 0.001783251 0.999798477 0.019994438 -42.258235931 -0.094724596 -0.019735681 0.995307863 451.412292480
0.995429099 -0.003000126 0.095455825 44.729610443 0.001111991 0.999802828 0.019827252 -42.456932068 -0.095496483 -0.019630475 0.995236158 453.675140381
0.995346010 -0.002154232 0.096341662 45.027870178 0.000253090 0.999805093 0.019741204 -42.638641357 -0.096365415 -0.019624941 0.995152533 455.957427979
0.995321512 -0.002646897 0.096582189 45.326370239 0.000748645 0.999806046 0.019685218 -42.838665009 -0.096615568 -0.019520814 0.995130301 458.224975586
0.995338619 -0.001653588 0.096427538 45.641479492 -0.000148660 0.999825597 0.018680001 -43.025836945 -0.096441604 -0.018607259 0.995164692 460.506866455
0.995329440 -0.000549927 0.096534982 45.950286865 -0.001309442 0.999814868 0.019196676 -43.220062256 -0.096527658 -0.019233424 0.995144427 462.788482666
0.995319605 -0.000161932 0.096636891 46.252155304 -0.001836422 0.999786317 0.020589709 -43.411628723 -0.096619569 -0.020670809 0.995106697 465.059814453
0.995359659 -0.000398814 0.096223846 46.551502228 -0.001642262 0.999775350 0.021131614 -43.599964142 -0.096210666 -0.021191578 0.995135307 467.323852539
0.995479107 -0.000436113 0.094979852 46.867301941 -0.001448026 0.999803483 0.019767417 -43.786628723 -0.094969809 -0.019815587 0.995282888 469.603881836
0.995561481 -0.000259937 0.094114453 47.183204651 -0.001578660 0.999809384 0.019460769 -43.981925964 -0.094101585 -0.019522965 0.995371163 471.896942139
0.995608926 -0.000784446 0.093606777 47.482082367 -0.001149361 0.999787211 0.020603143 -44.180461884 -0.093603015 -0.020620259 0.995396018 474.173858643
0.995598018 -0.000923736 0.093721777 47.772338867 -0.001040025 0.999781072 0.020902079 -44.373775482 -0.093720555 -0.020907544 0.995378971 476.451843262
0.995725393 -0.000898916 0.092358693 48.077171326 -0.000979069 0.999793708 0.020286294 -44.550964355 -0.092357866 -0.020290004 0.995519102 478.731445312
0.995733500 -0.001159153 0.092268102 48.374729156 -0.000785730 0.999778330 0.021039488 -44.744182587 -0.092272036 -0.021022225 0.995511889 481.011505127
0.995781839 -0.001666794 0.091737419 48.678730011 -0.000332920 0.999762774 0.021778625 -44.934352875 -0.091751948 -0.021717303 0.995544970 483.286590576
0.995771348 -0.002128157 0.091841377 48.965774536 0.000194279 0.999778152 0.021060525 -45.121917725 -0.091865838 -0.020953625 0.995550871 485.575958252
0.995870173 -0.003162592 0.090733737 49.269180298 0.001173629 0.999757946 0.021965865 -45.323928833 -0.090781249 -0.021768659 0.995632887 487.889251709
0.995944560 -0.003491745 0.089901812 49.569595337 0.001536892 0.999761045 0.021804359 -45.504177094 -0.089956462 -0.021577761 0.995711923 490.171356201
0.995908916 -0.003240614 0.090304792 49.830577850 0.001225273 0.999749064 0.022363592 -45.701087952 -0.090354621 -0.022161450 0.995663047 492.446624756
0.995958984 -0.002530047 0.089773610 50.131481171 0.000482854 0.999739468 0.022818346 -45.886413574 -0.089807957 -0.022682788 0.995700777 494.736785889
0.995951235 -0.002266518 0.089866646 50.413639069 0.000238433 0.999745190 0.022572044 -46.072296143 -0.089894906 -0.022459228 0.995697975 497.042327881
0.995958269 -0.001896477 0.089797348 50.715160370 -0.000099151 0.999753237 0.022214018 -46.266532898 -0.089817300 -0.022133138 0.995712280 499.356964111
0.996002495 -0.001862592 0.089305021 51.007427216 -0.000194061 0.999735057 0.023015318 -46.452495575 -0.089324228 -0.022940645 0.995738387 501.650695801
0.996014774 -0.001582291 0.089175470 51.294914246 -0.000496658 0.999728680 0.023285994 -46.641185760 -0.089188151 -0.023237484 0.995743692 503.927795410
0.996034563 -0.000498074 0.088965118 51.585498810 -0.001521347 0.999742746 0.022629760 -46.828048706 -0.088953510 -0.022675373 0.995777607 506.220794678
0.996022522 -0.000060656 0.089101203 51.871166229 -0.002005531 0.999731183 0.023099512 -47.013900757 -0.089078642 -0.023186330 0.995754659 508.513977051
0.996043682 -0.000257809 0.088864453 52.166225433 -0.001704072 0.999756455 0.022000661 -47.197956085 -0.088848494 -0.022065047 0.995800674 510.800506592
0.996075451 -0.000977239 0.088501900 52.463043213 -0.001059307 0.999735773 0.022961434 -47.392448425 -0.088500969 -0.022965072 0.995811284 513.108276367
0.996116519 -0.000803564 0.088042691 52.760887146 -0.001236570 0.999732018 0.023115102 -47.575828552 -0.088037692 -0.023134198 0.995848596 515.410888672
0.996114492 0.000082080 0.088067479 53.048995972 -0.002113814 0.999733746 0.022977179 -47.763507843 -0.088042133 -0.023074059 0.995849490 517.717285156
0.996092677 0.000943214 0.088308938 53.332153320 -0.002943418 0.999741971 0.022522604 -47.950618744 -0.088264890 -0.022694528 0.995838523 520.010620117
0.996015966 0.003298555 0.089114316 53.618923187 -0.005366716 0.999721587 0.022978324 -48.144161224 -0.089013711 -0.023365024 0.995756328 522.360961914
0.995978594 0.005131379 0.089443631 53.918991089 -0.007225113 0.999707043 0.023100393 -48.330524445 -0.089298896 -0.023653736 0.995723903 524.694824219
0.995929062 0.005680525 0.089960575 54.215969086 -0.007890401 0.999675333 0.024228403 -48.511192322 -0.089793727 -0.024839597 0.995650589 527.022888184
0.995879531 0.005246206 0.090533987 54.511878967 -0.007464680 0.999679685 0.024183150 -48.695869446 -0.090378121 -0.024759309 0.995599687 529.344360352
0.995836198 0.003456878 0.091094345 54.802776337 -0.005802542 0.999657989 0.025497582 -48.876792908 -0.090975046 -0.025919998 0.995515764 531.658569336
0.995783269 0.001929827 0.091716513 55.107330322 -0.004249192 0.999675930 0.025099877 -49.055992126 -0.091638334 -0.025383759 0.995468795 533.987365723
0.995752156 0.002004880 0.092052490 55.405147552 -0.004272104 0.999692321 0.024439260 -49.238185883 -0.091975145 -0.024728704 0.995454192 536.306518555
0.995675683 0.001939884 0.092877030 55.703025818 -0.004199438 0.999699891 0.024139201 -49.419929504 -0.092802331 -0.024424851 0.995384932 538.626831055
0.995596230 0.002613819 0.093708649 55.999031067 -0.004830693 0.999713540 0.023438061 -49.605979919 -0.093620539 -0.023787523 0.995323658 540.943603516
0.995500326 0.003211876 0.094703235 56.303215027 -0.005435932 0.999715209 0.023235867 -49.796180725 -0.094601631 -0.023646116 0.995234370 543.265869141
0.995424390 0.003869011 0.095473848 56.597663879 -0.006011372 0.999736309 0.022161858 -49.981384277 -0.095362909 -0.022634380 0.995185196 545.595092773
0.995293319 0.004007642 0.096825212 56.890495300 -0.006197064 0.999731600 0.022321982 -50.163928986 -0.096709765 -0.022816949 0.995051026 547.925964355
0.995226860 0.003838872 0.097513080 57.190860748 -0.006167382 0.999702692 0.023588758 -50.358337402 -0.097393520 -0.024077563 0.994954646 550.223144531
0.995183229 0.003601287 0.097966172 57.502105713 -0.005959870 0.999699116 0.023793513 -50.544292450 -0.097851016 -0.024262769 0.994905233 552.530700684
0.995248437 0.002526046 0.097334929 57.826866150 -0.004753825 0.999731779 0.022662651 -50.726753235 -0.097251572 -0.023017680 0.994993627 554.842529297
0.995263815 0.001999462 0.097190499 58.145423889 -0.004263014 0.999724329 0.023087766 -50.916126251 -0.097117551 -0.023392741 0.994997919 557.158081055
0.995217919 0.002255368 0.097652860 58.456321716 -0.004584519 0.999710202 0.023633545 -51.104278564 -0.097571254 -0.023968220 0.994939864 559.470336914
0.995177865 0.002846444 0.098045655 58.773918152 -0.005279135 0.999684393 0.024561338 -51.290859222 -0.097944781 -0.024960499 0.994878769 561.809082031
0.995169342 0.002765931 0.098133557 59.095500946 -0.005277466 0.999664903 0.025342692 -51.476531982 -0.098030567 -0.025738170 0.994850516 564.141235352
0.995150447 0.003113566 0.098315276 59.415184021 -0.005689051 0.999647617 0.025926728 -51.656326294 -0.098199904 -0.026360316 0.994817555 566.453125000
0.995102167 0.003841134 0.098777018 59.735759735 -0.006371790 0.999659121 0.025317190 -51.844528198 -0.098646089 -0.025822574 0.994787514 568.777465820
0.995116115 0.004860495 0.098590702 60.069816589 -0.007231121 0.999692917 0.023702085 -52.021873474 -0.098445229 -0.024299247 0.994845748 571.114868164
0.995128274 0.005167582 0.098453335 60.406101227 -0.007564155 0.999683678 0.023984525 -52.210483551 -0.098298259 -0.024612395 0.994852543 573.435913086
0.995115817 0.005202668 0.098577000 60.727264404 -0.007719063 0.999653578 0.025163021 -52.403720856 -0.098411955 -0.025801044 0.994811237 575.811767578
0.995094955 0.005193565 0.098787792 61.049888611 -0.007847920 0.999618053 0.026499666 -52.595504761 -0.098612443 -0.027144967 0.994755626 578.128295898
0.995018959 0.005971674 0.099506564 61.362667084 -0.008470844 0.999658704 0.024712084 -52.778759003 -0.099325031 -0.025431897 0.994729996 580.515502930
0.995065868 0.005065409 0.099087149 61.688846588 -0.007503618 0.999677718 0.024249543 -52.954727173 -0.098932378 -0.024873402 0.994783282 582.857543945
0.995053113 0.004560115 0.099239819 62.014293671 -0.007185956 0.999632955 0.026118206 -53.154117584 -0.099084318 -0.026702132 0.994720697 585.179870605
0.995104790 0.004783641 0.098709457 62.338771820 -0.007424450 0.999623835 0.026403412 -53.336025238 -0.098546021 -0.027007028 0.994765937 587.499755859
0.995067596 0.002081463 0.099176578 62.667850494 -0.004578302 0.999678075 0.024954747 -53.523494720 -0.099092707 -0.025285723 0.994756877 589.856140137
0.995086551 0.001638743 0.098995544 62.994014740 -0.004139821 0.999677241 0.025064414 -53.705688477 -0.098922521 -0.025351088 0.994772136 592.204956055
0.995098472 -0.000190437 0.098888740 63.312179565 -0.002332227 0.999674797 0.025393892 -53.886863708 -0.098861434 -0.025500054 0.994774401 594.543823242
0.995121479 -0.000827152 0.098653793 63.642795563 -0.001716568 0.999668300 0.025696652 -54.072673798 -0.098642327 -0.025740637 0.994790077 596.900390625
