1.000000000 0.000000000 0.000000000 0.000000000 0.000000000 1.000000000 0.000000000 0.000000000 0.000000000 0.000000000 1.000000000 0.000000000
0.999999940 -0.000007746 0.000415264 0.087004714 0.000007810 0.999999940 -0.000151945 -0.228081197 -0.000415263 0.000151948 0.999999881 2.288067579
0.999999225 0.000344943 0.001197368 0.165680975 -0.000345548 0.999999940 0.000505345 -0.467995137 -0.001197194 -0.000505758 0.999999166 4.583806038
0.999998510 -0.000173998 0.001701258 0.263809979 0.000173048 0.999999821 0.000558261 -0.699001670 -0.001701355 -0.000557966 0.999998391 6.870400906
0.999996603 -0.000426541 0.002607428 0.356757849 0.000429574 0.999999225 -0.001162752 -0.932626426 -0.002606930 0.001163868 0.999995947 9.163078308
0.999988258 0.001393108 0.004654997 0.448716462 -0.001394414 0.999998987 0.000277361 -1.169385791 -0.004654606 -0.000283849 0.999989152 11.467917442
0.999970376 0.003349483 0.006931033 0.547656238 -0.003358902 0.999993443 0.001347803 -1.398971319 -0.006926475 -0.001371044 0.999975085 13.754521370
0.999950767 0.003256289 0.009373421 0.652166843 -0.003294188 0.999986410 0.004030696 -1.628435016 -0.009360168 -0.004061375 0.999947906 16.027481079
0.999943912 0.003404550 0.010028458 0.759013891 -0.003458136 0.999979794 0.005330840 -1.858400583 -0.010010106 -0.005365220 0.999935508 18.330530167
0.999925554 0.002449390 0.011960514 0.865139604 -0.002512879 0.999982774 0.005296094 -2.081435442 -0.011947338 -0.005325754 0.999914467 20.622133255
0.999930799 -0.000003546 0.011765821 0.993908286 -0.000031544 0.999995530 0.002982113 -2.306287289 -0.011765777 -0.002982277 0.999926329 22.925310135
0.999917686 -0.002080008 0.012665056 1.100844860 0.002063435 0.999996960 0.001321526 -2.529469252 -0.012667766 -0.001295284 0.999918938 25.203598022
0.999916852 -0.002665184 0.012618993 1.235525608 0.002655567 0.999996126 0.000778757 -2.777987242 -0.012621021 -0.000745181 0.999920070 27.513994217
0.999895692 -0.002388653 0.014249709 1.332087040 0.002393991 0.999997079 -0.000357609 -3.001021385 -0.014248814 0.000391685 0.999898434 29.800117493
0.999898076 -0.000308488 0.014268704 1.469911575 0.000273851 0.999997139 0.002429325 -3.232807636 -0.014269409 -0.002425170 0.999895215 32.059070587
0.999901593 0.001599902 0.013938630 1.604430914 -0.001665411 0.999987662 0.004689455 -3.453173876 -0.013930955 -0.004712207 0.999891877 34.339843750
0.999869883 0.003985608 0.015632374 1.720031261 -0.004120280 0.999954581 0.008592135 -3.682508945 -0.015597419 -0.008655427 0.999840915 36.655399323
0.999861717 0.005893996 0.015550031 1.845330596 -0.006020046 0.999949276 0.008071741 -3.899206638 -0.015501668 -0.008164238 0.999846578 38.928112030
0.999818444 0.005118849 0.018353721 1.939095378 -0.005245214 0.999962807 0.006843428 -4.107025146 -0.018318005 -0.006938455 0.999808133 41.229328156
0.999831915 0.002712506 0.018133920 2.068176508 -0.002820346 0.999978483 0.005923874 -4.330834389 -0.018117459 -0.005974021 0.999818027 43.505359650
0.999828875 0.002589351 0.018322006 2.197927475 -0.002672116 0.999986351 0.004494227 -4.551497459 -0.018310117 -0.004542416 0.999822021 45.750476837
0.999829710 0.001790837 0.018367074 2.324806929 -0.001859250 0.999991536 0.003708359 -4.781014919 -0.018360276 -0.003741876 0.999824405 48.024887085
0.999831140 0.000312796 0.018373035 2.458976030 -0.000389296 0.999991238 0.004160305 -5.008594513 -0.018371573 -0.004166754 0.999822557 50.302993774
0.999809265 0.000009574 0.019526742 2.583959579 -0.000095457 0.999990344 0.004397301 -5.228283405 -0.019526506 -0.004398326 0.999799669 52.567810059
0.999805987 -0.001202269 0.019665079 2.721466064 0.001119990 0.999990642 0.004194484 -5.454281330 -0.019669939 -0.004171646 0.999797821 54.853527069
0.999778628 -0.001545350 0.020981619 2.843453407 0.001450460 0.999988616 0.004536949 -5.680630207 -0.020988394 -0.004505512 0.999769568 57.147281647
0.999759614 -0.002701137 0.021758564 2.979943275 0.002593187 0.999984145 0.004987960 -5.902610302 -0.021771694 -0.004930336 0.999750793 59.416015625
0.999723613 -0.004242047 0.023124017 3.105597019 0.004140469 0.999981523 0.004438866 -6.126431465 -0.023142422 -0.004341896 0.999722779 61.692188263
0.999706745 -0.005310042 0.023626762 3.255143642 0.005208003 0.999976873 0.004378162 -6.350346565 -0.023649463 -0.004253830 0.999711275 63.948513031
0.999667645 -0.004603732 0.025370117 3.388672352 0.004474510 0.999976754 0.005147922 -6.571238995 -0.025393229 -0.005032691 0.999664843 66.215003967
0.999643326 -0.003756015 0.026440049 3.535878181 0.003610402 0.999978065 0.005552931 -6.796512127 -0.026460331 -0.005455492 0.999634922 68.461006165
0.999600828 -0.004005559 0.027965676 3.671921253 0.003853484 0.999977529 0.005489683 -7.021503448 -0.027987037 -0.005379727 0.999593735 70.707565308
0.999585867 -0.004851480 0.028365338 3.832861900 0.004741330 0.999980986 0.003949257 -7.239794254 -0.028383955 -0.003813133 0.999589741 72.956314087
0.999567747 -0.005905310 0.028799186 3.986984253 0.005784545 0.999974132 0.004274858 -7.463044643 -0.028823685 -0.004106421 0.999576092 75.225158691
0.999525607 -0.007049804 0.029979359 4.149451256 0.006941419 0.999969006 0.003717826 -7.693213463 -0.030004643 -0.003507964 0.999543548 77.492240906
0.999521792 -0.008020201 0.029859940 4.308177948 0.007914786 0.999962032 0.003646806 -7.920007229 -0.029888049 -0.003408728 0.999547422 79.721427917
0.999491751 -0.008467345 0.030733492 4.456613064 0.008372181 0.999959767 0.003223840 -8.135819435 -0.030759547 -0.002964896 0.999522448 81.977890015
0.999479175 -0.007862338 0.031298511 4.632473946 0.007767549 0.999964893 0.003148981 -8.363496780 -0.031322163 -0.002904228 0.999505103 84.239028931
0.999434114 -0.007542894 0.032781646 4.788632870 0.007424009 0.999965489 0.003746798 -8.581816673 -0.032808777 -0.003501306 0.999455512 86.492935181
0.999438226 -0.007410740 0.032682911 4.961493492 0.007252022 0.999961257 0.004972184 -8.815797806 -0.032718491 -0.004732373 0.999453425 88.763137817
0.999407887 -0.006575242 0.033771858 5.118869781 0.006385718 0.999963284 0.005716648 -9.041901588 -0.033808194 -0.005497606 0.999413192 91.015762329
0.999382854 -0.006482458 0.034527395 5.284439087 0.006286519 0.999963462 0.005780458 -9.263413429 -0.034563601 -0.005559834 0.999387026 93.263999939
0.999359906 -0.006582826 0.035161458 5.449653625 0.006411820 0.999967098 0.004973982 -9.476989746 -0.035193034 -0.004745349 0.999369264 95.517677307
0.999328911 -0.006999885 0.035958264 5.615566254 0.006810533 0.999962330 0.005385659 -9.698006630 -0.035994619 -0.005137150 0.999338806 97.769104004
0.999300003 -0.006919311 0.036763716 5.781975269 0.006740826 0.999964893 0.004976711 -9.928624153 -0.036796857 -0.004725411 0.999311507 100.004989624
0.999239206 -0.007082512 0.038351629 5.940134048 0.006851085 0.999957561 0.006162416 -10.144879341 -0.038393639 -0.005894977 0.999245286 102.229125977
0.999210954 -0.007311887 0.039039612 6.130737305 0.007082843 0.999956965 0.006002051 -10.362059593 -0.039081816 -0.005720804 0.999219656 104.477867126
0.999184728 -0.007892870 0.039595049 6.298539162 0.007617121 0.999945700 0.007110258 -10.590719223 -0.039649021 -0.006802860 0.999190509 106.715103149
0.999152362 -0.009517211 0.040050048 6.487513542 0.009229032 0.999930143 0.007374225 -10.805432320 -0.040117435 -0.006998351 0.999170482 108.961784363
0.999105453 -0.010403342 0.040987950 6.666098595 0.010076934 0.999915898 0.008162051 -11.025568962 -0.041069426 -0.007741717 0.999126315 111.218681335
0.999090314 -0.010828142 0.041246552 6.857534409 0.010550365 0.999920130 0.006946268 -11.245047569 -0.041318484 -0.006504783 0.999124825 113.481567383
0.999040008 -0.011342072 0.042313587 7.038711071 0.011107313 0.999921620 0.005779083 -11.456988335 -0.042375822 -0.005303544 0.999087632 115.733566284
0.999007404 -0.011733123 0.042974658 7.222748756 0.011479233 0.999915123 0.006149922 -11.680049896 -0.043043170 -0.005650500 0.999057174 117.969314575
0.998959184 -0.012117487 0.043974098 7.412622452 0.011827799 0.999906659 0.006841911 -11.895100594 -0.044052903 -0.006314675 0.999009192 120.219612122
0.998937070 -0.012943048 0.044241190 7.614138603 0.012624851 0.999892414 0.007464172 -12.116994858 -0.044333041 -0.006897700 0.998992980 122.426010132
0.998895109 -0.013631303 0.044974372 7.805355072 0.013326166 0.999886155 0.007077555 -12.336140633 -0.045065738 -0.006470399 0.998962998 124.673225403
0.998857856 -0.013950626 0.045697767 7.987882614 0.013676608 0.999886572 0.006303577 -12.558588982 -0.045780528 -0.005671387 0.998935401 126.938781738
0.998846233 -0.015560451 0.045432143 8.179775238 0.015272235 0.999861002 0.006684122 -12.774612427 -0.045529839 -0.005982560 0.998944998 129.191345215
0.998867571 -0.016685124 0.044555094 8.368225098 0.016390739 0.999841332 0.006964452 -12.987590790 -0.044664241 -0.006226272 0.998982668 131.438201904
0.998916268 -0.017088031 0.043292969 8.562370300 0.016746648 0.999825776 0.008235954 -13.204390526 -0.043426175 -0.007502016 0.999028504 133.673995972
0.998988330 -0.017871868 0.041266300 8.758345604 0.017561687 0.999814808 0.007867006 -13.422164917 -0.041399252 -0.007134342 0.999117136 135.904769897
0.999055803 -0.018605778 0.039257236 8.964795113 0.018323354 0.999803722 0.007541716 -13.633687973 -0.039389845 -0.006815272 0.999200642 138.125961304
0.999033988 -0.019618787 0.039319597 9.134384155 0.019326128 0.999782741 0.007809475 -13.859087944 -0.039464269 -0.007042036 0.999196112 140.416778564
0.999032736 -0.019864200 0.039230108 9.307411194 0.019571846 0.999777913 0.007822352 -14.064300537 -0.039376777 -0.007046978 0.999199569 142.645187378
0.999054253 -0.020060170 0.038575128 9.488861084 0.019712746 0.999761820 0.009365889 -14.292613983 -0.038753819 -0.008596612 0.999211729 144.885253906
0.999068320 -0.019187646 0.038657170 9.664533615 0.018884975 0.999788225 0.008179648 -14.503473282 -0.038805932 -0.007441987 0.999219060 147.123229980
0.999089360 -0.017835720 0.038759299 9.843784332 0.017586162 0.999822378 0.006770167 -14.719524384 -0.038873170 -0.006082375 0.999225616 149.365447998
0.999107003 -0.016355304 0.038956191 10.023132324 0.016132027 0.999851584 0.006038986 -14.939200401 -0.039049171 -0.005405151 0.999222636 151.603912354
0.999118209 -0.015655639 0.038957249 10.211947441 0.015427430 0.999862075 0.006151659 -15.154408455 -0.039048184 -0.005545226 0.999221921 153.830688477
0.999116182 -0.015037964 0.039250769 10.394536972 0.014808642 0.999871552 0.006126686 -15.364773750 -0.039337859 -0.005540021 0.999210656 156.086929321
0.999122083 -0.013674446 0.039599434 10.582649231 0.013386110 0.999881983 0.007537408 -15.573399544 -0.039697833 -0.007000709 0.999187171 158.269348145
0.999076784 -0.013080129 0.040921938 10.763010979 0.012743874 0.999882996 0.008467124 -15.788263321 -0.041027900 -0.007937801 0.999126494 160.504287720
0.999042451 -0.011620080 0.042179108 10.930652618 0.011173784 0.999879241 0.010801325 -16.016956329 -0.042299528 -0.010319683 0.999051630 162.767913818
0.999010146 -0.011157872 0.043061383 11.113851547 0.010737090 0.999892473 0.009990623 -16.218923569 -0.043168232 -0.009518382 0.999022484 165.013778687
0.998974025 -0.010321100 0.044095222 11.306034088 0.009931608 0.999909818 0.009042985 -16.432474136 -0.044184588 -0.008595771 0.998986363 167.244323730
0.998893797 -0.008290315 0.046286069 11.488311768 0.007867767 0.999925792 0.009303791 -16.643634796 -0.046359755 -0.008929331 0.998885036 169.476821899
0.998772740 -0.007331613 0.048982423 11.677365303 0.006861343 0.999928832 0.009762053 -16.857089996 -0.049050491 -0.009413987 0.998751938 171.709350586
0.998647332 -0.007570846 0.051440109 11.877800941 0.007100936 0.999931395 0.009311697 -17.061468124 -0.051507074 -0.008933827 0.998632669 173.964126587
0.998570502 -0.007415376 0.052933175 12.084363937 0.006891018 0.999925435 0.010081696 -17.277322769 -0.053003997 -0.009702521 0.998547137 176.194641113
0.998519599 -0.007764194 0.053836200 12.287605286 0.007175666 0.999912500 0.011116547 -17.484447479 -0.053917803 -0.010713779 0.998487949 178.416198730
0.998513162 -0.009741678 0.053633071 12.487156868 0.009149821 0.999894738 0.011269815 -17.710514069 -0.053737212 -0.010762325 0.998497128 180.634948730
0.998459637 -0.010600287 0.054460581 12.684814453 0.010010127 0.999888361 0.011097859 -17.917091370 -0.054572135 -0.010535607 0.998454332 182.887252808
0.998540699 -0.011727030 0.052714612 12.906650543 0.011137185 0.999872208 0.011469266 -18.141426086 -0.052842371 -0.010865439 0.998543680 185.090072632
0.998551190 -0.013640587 0.052051786 13.115492821 0.013017611 0.999839664 0.012288706 -18.351114273 -0.052211076 -0.011593312 0.998568773 187.332504272
0.998562276 -0.014420277 0.051627662 13.321164131 0.013835399 0.999836147 0.011668294 -18.552253723 -0.051787470 -0.010937229 0.998598218 189.577163696
0.998524129 -0.016162580 0.051848516 13.516798019 0.015591466 0.999813437 0.011400666 -18.765630722 -0.052023105 -0.010575446 0.998589873 191.799453735
0.998503566 -0.017898686 0.051674567 13.714281082 0.017354136 0.999789238 0.010967621 -18.972652435 -0.051859975 -0.010054443 0.998603761 194.029159546
0.998523653 -0.017842080 0.051304430 13.928374290 0.017293131 0.999788582 0.011123941 -19.178926468 -0.051492058 -0.010220304 0.998621106 196.267089844
0.998528659 -0.015809080 0.051870659 14.137300491 0.015227744 0.999817014 0.011583553 -19.389036179 -0.052044287 -0.010776635 0.998586655 198.512939453
0.998544633 -0.013613543 0.052183617 14.334609032 0.013053339 0.999853611 0.011061081 -19.600215912 -0.052326560 -0.010363816 0.998576164 200.770629883
0.998519182 -0.013219324 0.052769970 14.545747757 0.012686055 0.999865174 0.010427719 -19.810142517 -0.052900702 -0.009742834 0.998552263 203.035079956
0.998486876 -0.013514348 0.053303443 14.748495102 0.012944511 0.999855459 0.011021288 -20.012884140 -0.053444680 -0.010314625 0.998517573 205.256668091
0.998467505 -0.015364396 0.053165860 14.976900101 0.014800241 0.999830008 0.010988696 -20.226316452 -0.053325653 -0.010184989 0.998525262 207.515930176
0.998408675 -0.015100625 0.054332837 15.182316780 0.014514392 0.999832273 0.011168152 -20.423671722 -0.054492373 -0.010361773 0.998460472 209.760482788
0.998315513 -0.014992412 0.056047365 15.387470245 0.014296596 0.999815941 0.012795219 -20.643453598 -0.056228880 -0.011972380 0.998346090 211.981643677
0.998247027 -0.013675737 0.057582807 15.622294426 0.012939516 0.999829888 0.013138966 -20.849288940 -0.057752702 -0.012370841 0.998254299 214.216140747
0.998071373 -0.011863893 0.060932744 15.818464279 0.011093108 0.999854326 0.012972518 -21.042896271 -0.061077766 -0.012271563 0.998057544 216.468597412
0.997949958 -0.011851220 0.062894084 16.045541763 0.011048340 0.999853194 0.013098055 -21.241638184 -0.063040100 -0.012376326 0.997934282 218.702896118
0.997812867 -0.012875812 0.064836115 16.277278900 0.012018139 0.999835253 0.013601010 -21.437969208 -0.065000564 -0.012792051 0.997803330 220.936157227
0.997708142 -0.014120474 0.066173956 16.510515213 0.013198841 0.999810100 0.014343955 -21.635814667 -0.066363916 -0.013437663 0.997704983 223.165588379
0.997651100 -0.016595421 0.066459954 16.764705658 0.015721267 0.999783099 0.013654695 -21.838930130 -0.066672161 -0.012577787 0.997695684 225.384506226
0.997616649 -0.017846471 0.066652030 17.008003235 0.017005738 0.999768794 0.013159919 -22.032888412 -0.066871479 -0.011995089 0.997689486 227.636672974
0.997560024 -0.017759155 0.067517236 17.242479324 0.016869489 0.999763489 0.013724331 -22.237873077 -0.067744993 -0.012551861 0.997623682 229.872406006
0.997528851 -0.018861677 0.067678653 17.490205765 0.018055532 0.999758780 0.012503359 -22.437210083 -0.067898169 -0.011250488 0.997628748 232.117919922
0.997506142 -0.019734999 0.067763872 17.738643646 0.018865338 0.999731600 0.013449788 -22.633687973 -0.068011105 -0.012137860 0.997610688 234.357543945
0.997415543 -0.018945334 0.069306336 17.979110718 0.018015848 0.999739528 0.014011870 -22.843399048 -0.069553740 -0.012727043 0.997497022 236.624374390
0.997376084 -0.018450540 0.070003495 18.213115692 0.017529203 0.999751687 0.013752881 -23.035938263 -0.070239864 -0.012489690 0.997451961 238.840103149
0.997353375 -0.018585391 0.070290953 18.456916809 0.017629975 0.999743879 0.014188348 -23.238918304 -0.070536651 -0.012911572 0.997425556 241.049758911
0.997286856 -0.018725714 0.071192071 18.696786880 0.017750423 0.999740005 0.014307624 -23.436687469 -0.071441501 -0.013005114 0.997359991 243.284072876
0.997252822 -0.018991666 0.071596727 18.941997528 0.018076461 0.999746621 0.013409182 -23.639137268 -0.071833268 -0.012078129 0.997343540 245.513595581
0.997258544 -0.018762941 0.071577542 19.198963165 0.017873418 0.999755144 0.013047758 -23.846111298 -0.071804814 -0.011732651 0.997349679 247.742630005
0.997214019 -0.019229785 0.072072536 19.448802948 0.018287495 0.999738753 0.013711405 -24.052040100 -0.072317377 -0.012355183 0.997305155 249.985519409
0.997181952 -0.020515718 0.072161712 19.710697174 0.019571926 0.999713659 0.013761792 -24.254760742 -0.072423398 -0.012310666 0.997298002 252.203903198
0.997168541 -0.020915959 0.072231337 19.972236633 0.019912031 0.999695182 0.014591125 -24.458660126 -0.072514519 -0.013111538 0.997281134 254.459472656
0.997150540 -0.021695508 0.072250649 20.218042374 0.020668443 0.999674737 0.014932811 -24.658552170 -0.072551131 -0.013396952 0.997274756 256.677764893
0.997125983 -0.022302821 0.072403602 20.487709045 0.021216119 0.999650955 0.015743561 -24.874513626 -0.072729461 -0.014162190 0.997251153 258.946197510
0.997073591 -0.022018727 0.073209718 20.741004944 0.020951007 0.999663115 0.015320612 -25.070783615 -0.073522404 -0.013741955 0.997198880 261.190124512
0.997044027 -0.022029538 0.073605858 21.003643036 0.020992337 0.999669552 0.014835373 -25.266942978 -0.073908374 -0.013246360 0.997177005 263.443450928
0.997012734 -0.021361187 0.074224561 21.267827988 0.020339087 0.999687910 0.014499196 -25.471258163 -0.074511126 -0.012946220 0.997136116 265.687438965
0.996949732 -0.020923272 0.075188749 21.533170700 0.019890198 0.999697566 0.014462383 -25.667991638 -0.075468585 -0.012922755 0.997064412 267.933044434
0.996839225 -0.021107320 0.076588921 21.786291122 0.020054556 0.999693811 0.014488894 -25.868822098 -0.076871283 -0.012907143 0.996957541 270.180633545
0.996648788 -0.021777177 0.078847647 22.027685165 0.020685161 0.999678850 0.014640118 -26.066450119 -0.079141162 -0.012960079 0.996779144 272.449157715
0.996476114 -0.022138380 0.080903277 22.298015594 0.021043736 0.999675453 0.014358048 -26.253887177 -0.081194893 -0.012604946 0.996618450 274.685974121
0.996441007 -0.022013370 0.081367828 22.585260391 0.020703170 0.999642611 0.016911061 -26.464477539 -0.081711017 -0.015166298 0.996540666 276.931121826
0.996358216 -0.020856194 0.082674697 22.865224838 0.019461429 0.999654949 0.017640755 -26.652774811 -0.083014093 -0.015967544 0.996420443 279.177581787
0.996290267 -0.021150284 0.083416834 23.152868271 0.019671820 0.999635220 0.018506166 -26.851039886 -0.083777823 -0.016796550 0.996342838 281.434417725
0.996238649 -0.020489963 0.084193990 23.430707932 0.018946150 0.999638200 0.019094754 -27.043144226 -0.084554777 -0.017427782 0.996266425 283.673858643
0.996188939 -0.019745320 0.084957331 23.728395462 0.018263983 0.999667883 0.018178387 -27.229749680 -0.085288048 -0.016557449 0.996218741 285.932525635
0.996102393 -0.019154463 0.086099148 24.001220703 0.017726650 0.999692917 0.017317494 -27.418661118 -0.086404420 -0.015723750 0.996136069 288.159606934
0.996032655 -0.018572737 0.087028414 24.270448685 0.017117020 0.999701321 0.017443482 -27.623651505 -0.087326385 -0.015884604 0.996053219 290.410858154
0.996034503 -0.019004010 0.086914197 24.562137604 0.017596139 0.999701679 0.016936030 -27.813444138 -0.087210126 -0.015339517 0.996071815 292.668914795
0.995997846 -0.019560073 0.087209649 24.847337723 0.018208288 0.999701917 0.016269088 -28.008497238 -0.087501876 -0.014616040 0.996057153 294.907745361
0.995969236 -0.019413246 0.087568618 25.125045776 0.018024063 0.999699235 0.016626904 -28.212707520 -0.087865070 -0.014981544 0.996019661 297.167724609
0.995962381 -0.018962530 0.087746061 25.412153244 0.017512690 0.999697566 0.017263582 -28.403612137 -0.088046901 -0.015657209 0.995993257 299.413848877
0.995948970 -0.018264633 0.088045716 25.694644928 0.016756359 0.999700427 0.017839411 -28.597831726 -0.088345170 -0.016291818 0.995956659 301.656250000
0.995933592 -0.018859595 0.088094138 25.988090515 0.017345922 0.999688983 0.017916568 -28.788600922 -0.088404641 -0.016315633 0.995950997 303.909149170
0.995909750 -0.018086981 0.088524178 26.274316788 0.016555998 0.999700844 0.017998403 -28.977195740 -0.088823244 -0.016459178 0.995911419 306.144653320
0.995893121 -0.019019634 0.088516042 26.565212250 0.017507300 0.999687731 0.017830607 -29.172433853 -0.088827528 -0.016207701 0.995915174 308.390380859
0.995832205 -0.020179775 0.088943787 26.854852676 0.018618876 0.999658346 0.018344268 -29.362060547 -0.089283571 -0.016611779 0.995867729 310.649353027
0.995810449 -0.020071948 0.089211434 27.149995804 0.018562894 0.999670744 0.017713130 -29.556030273 -0.089537598 -0.015982894 0.995855212 312.896179199
0.995846987 -0.019743469 0.088876218 27.453607559 0.018198609 0.999669492 0.018159114 -29.745189667 -0.089205369 -0.016466277 0.995877087 315.138580322
0.995796978 -0.018547140 0.089690268 27.742368698 0.017045587 0.999701917 0.017478677 -29.940916061 -0.089987725 -0.015876390 0.995816469 317.371368408
0.995786726 -0.016718235 0.090162665 28.026987076 0.015148546 0.999722004 0.018065905 -30.134088516 -0.090439647 -0.016623955 0.995763183 319.623443604
0.995738149 -0.015599829 0.090896480 28.318534851 0.014094243 0.999752998 0.017182201 -30.323547363 -0.091142073 -0.015827853 0.995712101 321.852111816
0.995692551 -0.014819678 0.091524638 28.607036591 0.013240586 0.999753237 0.017836388 -30.513391495 -0.091766372 -0.016547713 0.995643198 324.085357666
0.995712399 -0.014908454 0.091295063 28.907833099 0.013180226 0.999722838 0.019503934 -30.717662811 -0.091560535 -0.018217016 0.995632887 326.317626953
0.995649219 -0.015641173 0.091858745 29.188404083 0.013922344 0.999716341 0.019322768 -30.908535004 -0.092134915 -0.017959807 0.995584488 328.558776855
0.995638013 -0.016726630 0.091788433 29.488756180 0.015099315 0.999716759 0.018394889 -31.095535278 -0.092070118 -0.016928706 0.995608747 330.791961670
0.995624661 -0.016376702 0.091996521 29.776855469 0.014740143 0.999721289 0.018440826 -31.287967682 -0.092272878 -0.017004095 0.995588541 333.006134033
0.995594144 -0.016739929 0.092261188 30.070920944 0.015038352 0.999704361 0.019107535 -31.470790863 -0.092553757 -0.017635893 0.995551407 335.252807617
0.995624721 -0.017202627 0.091844805 30.375156403 0.015500798 0.999695241 0.019210806 -31.657709122 -0.092147283 -0.017703084 0.995588005 337.490112305
0.995618999 -0.016823085 0.091977410 30.662096024 0.015076831 0.999693274 0.019647744 -31.851982117 -0.092279732 -0.018174935 0.995567262 339.729339600
0.995659113 -0.017247202 0.091462612 30.962312698 0.015548817 0.999693811 0.019249376 -32.038917542 -0.091766588 -0.017743684 0.995622456 341.978851318
0.995653510 -0.017400846 0.091495931 31.254962921 0.015639888 0.999679089 0.019928262 -32.227149963 -0.091813341 -0.018410658 0.995605946 344.225524902
0.995695353 -0.016893208 0.091133177 31.546537399 0.015134688 0.999686301 0.019952914 -32.410301208 -0.091441654 -0.018487746 0.995638788 346.462097168
0.995732784 -0.016568199 0.090784155 31.837207794 0.014812401 0.999690771 0.019980108 -32.597702026 -0.091087095 -0.018550120 0.995670080 348.694183350
0.995673835 -0.015884036 0.091550939 32.122077942 0.014077324 0.999693871 0.020346627 -32.787429810 -0.091846108 -0.018969811 0.995592535 350.930236816
0.995688260 -0.015759012 0.091414295 32.414360046 0.013912245 0.999686778 0.020804342 -32.976066589 -0.091713503 -0.019442858 0.995595634 353.147705078
0.995731652 -0.015699143 0.090950906 32.711860657 0.013896102 0.999694824 0.020423850 -33.164436340 -0.091243796 -0.019072808 0.995645881 355.396057129
0.995792508 -0.016133355 0.090204954 33.014133453 0.014302490 0.999679148 0.020906482 -33.351158142 -0.090513296 -0.019528363 0.995703876 357.632110596
0.995856404 -0.015488632 0.089612454 33.308864594 0.013597977 0.999672711 0.021670314 -33.538246155 -0.089918762 -0.020361969 0.995740950 359.871978760
0.995904088 -0.015654182 0.089050516 33.607425690 0.013766507 0.999668121 0.021772683 -33.724861145 -0.089361794 -0.020457588 0.995789111 362.112457275
0.995968103 -0.015453159 0.088366404 33.903846741 0.013568523 0.999668300 0.021888588 -33.904392242 -0.088675343 -0.020601330 0.995847464 364.353027344
0.996020794 -0.015412507 0.087777860 34.197208405 0.013601919 0.999682903 0.021187892 -34.090385437 -0.088076591 -0.019909635 0.995914638 366.620300293
0.996046722 -0.016068617 0.087365717 34.480659485 0.014281602 0.999676704 0.021041183 -34.278167725 -0.087675564 -0.019710280 0.995954037 368.862030029
0.996017992 -0.015833814 0.087735482 34.757068634 0.014124857 0.999698877 0.020065244 -34.455780029 -0.088026769 -0.018746093 0.995941699 371.118743896
0.996072412 -0.016618557 0.086968727 35.043701172 0.014889288 0.999679089 0.020494860 -34.649723053 -0.087281413 -0.019119462 0.996000230 373.340881348
0.996148109 -0.016450796 0.086129285 35.336563110 0.014693749 0.999671519 0.020994522 -34.828880310 -0.086446375 -0.019648090 0.996062756 375.593292236
0.996115386 -0.016601177 0.086478435 35.613136292 0.014827141 0.999667048 0.021116322 -35.010566711 -0.086800203 -0.019752065 0.996029913 377.855895996
0.996088803 -0.017030155 0.086701192 35.896823883 0.015232796 0.999655962 0.021350117 -35.198554993 -0.087034963 -0.019945908 0.996005535 380.096954346
0.996106505 -0.016806075 0.086540461 36.191646576 0.015005085 0.999657989 0.021419611 -35.379234314 -0.086870834 -0.020037668 0.996018052 382.349060059
0.996108711 -0.015953552 0.086677387 36.481739044 0.014124115 0.999665201 0.021678781 -35.566192627 -0.086994223 -0.020370182 0.996000528 384.605072021
0.996124089 -0.015047448 0.086662680 36.772300720 0.013217636 0.999678254 0.021649476 -35.745254517 -0.086960599 -0.020420089 0.996002436 386.857910156
0.996146083 -0.013646965 0.086641751 37.065734863 0.011812645 0.999695837 0.021648863 -35.937316895 -0.086910851 -0.020541964 0.996004224 389.124572754
0.996132135 -0.012384694 0.086991049 37.346038818 0.010547651 0.999712169 0.021545636 -36.120117188 -0.087232850 -0.020544747 0.995976090 391.390197754
0.996150970 -0.011123253 0.086944938 37.637458801 0.009158165 0.999694228 0.022967817 -36.302886963 -0.087173842 -0.022083158 0.995948315 393.654907227
0.996076465 -0.010012528 0.087928504 37.915290833 0.007977484 0.999692798 0.023465302 -36.487709045 -0.088136457 -0.022671787 0.995850384 395.925476074
0.996026635 -0.009592813 0.088536724 38.199733734 0.007687002 0.999731898 0.021841563 -36.676574707 -0.088722505 -0.021074196 0.995833397 398.188476562
0.995947301 -0.009013416 0.089486599 38.487598419 0.007145875 0.999750316 0.021168001 -36.861148834 -0.089655064 -0.020442748 0.995763123 400.466491699
0.995842755 -0.010621935 0.090467028 38.756355286 0.008607394 0.999706805 0.022629369 -37.046852112 -0.090680875 -0.021756612 0.995642245 402.719146729
0.995792687 -0.012069683 0.090836383 39.049308777 0.009948210 0.999667943 0.023771536 -37.231285095 -0.091093130 -0.022767859 0.995581985 404.970306396
0.995800853 -0.013157247 0.090595663 39.350864410 0.011031845 0.999652982 0.023921251 -37.414352417 -0.090878949 -0.022821361 0.995600522 407.237976074
0.995886207 -0.013041860 0.089669980 39.676177979 0.011027740 0.999676466 0.022920355 -37.595741272 -0.089939892 -0.021837205 0.995707870 409.511169434
0.995713234 -0.011509299 0.091775149 39.961933136 0.009415526 0.999686122 0.023214616 -37.784164429 -0.092013516 -0.022250988 0.995509148 411.785125732
0.995641828 -0.010360115 0.092682108 40.245899200 0.008257412 0.999700308 0.023042083 -37.966648102 -0.092893064 -0.022176344 0.995429039 414.022735596
0.995579541 -0.009372340 0.093453266 40.549201965 0.007246794 0.999707818 0.023057988 -38.145633698 -0.093642071 -0.022278827 0.995356619 416.282653809
0.995514810 -0.009531533 0.094123259 40.852794647 0.007402246 0.999709308 0.022945600 -38.328704834 -0.094314612 -0.022145964 0.995296061 418.532684326
0.995407522 -0.009542546 0.095250987 41.145324707 0.007389220 0.999709606 0.022934029 -38.507778168 -0.095442183 -0.022124875 0.995189011 420.780334473
0.995341837 -0.009930774 0.095895298 41.443332672 0.007774338 0.999708951 0.022834908 -38.693141937 -0.096094139 -0.021983020 0.995129585 423.035644531
0.995277584 -0.010391726 0.096511319 41.749053955 0.008121697 0.999681890 0.023883978 -38.874637604 -0.096728794 -0.022987353 0.995045304 425.302551270
0.995252609 -0.009834983 0.096827216 42.054176331 0.007489293 0.999670267 0.024559243 -39.055728912 -0.097036831 -0.023717484 0.994998157 427.549346924
0.995175898 -0.008865321 0.097705133 42.365432739 0.006406290 0.999655426 0.025452947 -39.231761932 -0.097897127 -0.024704233 0.994889855 429.827209473
0.995178640 -0.009514767 0.097616158 42.672103882 0.007091987 0.999658883 0.025136478 -39.411487579 -0.097822025 -0.024322998 0.994906664 432.077911377
0.995136380 -0.010377344 0.097957842 42.987274170 0.007995220 0.999663472 0.024679139 -39.597526550 -0.098181002 -0.023775920 0.994884491 434.342620850
0.995117188 -0.009805170 0.098212078 43.291748047 0.007396188 0.999663532 0.024862498 -39.767185211 -0.098422796 -0.024014706 0.994854867 436.597137451
0.995057523 -0.010427240 0.098751403 43.598190308 0.007969299 0.999649286 0.025252035 -39.948764801 -0.098980084 -0.024340244 0.994791687 438.872161865
0.995102346 -0.010372597 0.098304264 43.919860840 0.007889817 0.999640822 0.025611278 -40.127460480 -0.098534591 -0.024710236 0.994826794 441.144195557
0.995050788 -0.010037691 0.098859392 44.212566376 0.007456669 0.999622405 0.026442984 -40.315643311 -0.099087499 -0.025574945 0.994749963 443.418945312
0.994982541 -0.010671211 0.099478155 44.521354675 0.008037694 0.999607503 0.026836615 -40.492317200 -0.099725492 -0.025902383 0.994677782 445.686706543
0.994965672 -0.010788743 0.099633574 44.837154388 0.008170395 0.999611378 0.026650561 -40.672214508 -0.099882379 -0.025702348 0.994667172 447.953643799
0.994987786 -0.009993570 0.099495746 45.163173676 0.007413674 0.999627650 0.026265753 -40.850288391 -0.099721193 -0.025396481 0.994691193 450.216705322
0.994923830 -0.009780773 0.100154534 45.473407745 0.007175735 0.999627352 0.026337486 -41.034439087 -0.100374825 -0.025485106 0.994623244 452.473602295
0.994833171 -0.009324970 0.101093173 45.778697968 0.006665296 0.999623537 0.026615046 -41.203750610 -0.101303324 -0.025803717 0.994520903 454.733215332
0.994756818 -0.009880727 0.101790138 46.080211639 0.007213347 0.999621749 0.026539540 -41.388946533 -0.102013864 -0.025666144 0.994451821 457.000396729
0.994828284 -0.009100154 0.101162381 46.416561127 0.006529673 0.999648094 0.025711615 -41.563552856 -0.101360776 -0.024918089 0.994537652 459.288757324
0.994801641 -0.008371130 0.101487257 46.730205536 0.005730801 0.999638200 0.026280066 -41.741493225 -0.101670533 -0.025561845 0.994489670 461.565490723
0.994840026 -0.007949099 0.101144403 47.052345276 0.005217608 0.999615252 0.027241798 -41.914344788 -0.101322047 -0.026573496 0.994498670 463.843353271
0.994847000 -0.007877683 0.101080514 47.361434937 0.005109475 0.999605477 0.027615899 -42.084617615 -0.101258196 -0.026957128 0.994494915 466.113647461
0.994965911 -0.008040343 0.099891156 47.687698364 0.005407532 0.999631524 0.026599670 -42.257350922 -0.100068197 -0.025925595 0.994642854 468.397491455
0.995024383 -0.008072296 0.099303678 48.012821198 0.005496772 0.999642015 0.026182186 -42.439559937 -0.099479459 -0.025506068 0.994712651 470.696746826
0.995107174 -0.008605063 0.098425291 48.330650330 0.005907611 0.999599814 0.027664773 -42.627006531 -0.098623946 -0.026947958 0.994759858 472.975738525
0.995091677 -0.008728130 0.098571122 48.636627197 0.006019365 0.999596953 0.027744338 -42.800605774 -0.098773547 -0.027014829 0.994743168 475.257934570
0.995190740 -0.007699647 0.097652547 48.951606750 0.005045755 0.999611914 0.027394785 -42.961128235 -0.097825579 -0.026770305 0.994843483 477.523315430
0.995204628 -0.007911338 0.097494647 49.262733459 0.005200914 0.999593735 0.028023591 -43.134082794 -0.097676739 -0.027382147 0.994841456 479.802612305
0.995197952 -0.008578848 0.097506404 49.574253082 0.005805871 0.999571562 0.028687170 -43.308670044 -0.097710736 -0.027983299 0.994821370 482.078765869
0.995265603 -0.009095352 0.096765742 49.885086060 0.006389742 0.999580920 0.028233651 -43.482952118 -0.096981980 -0.027481679 0.994906664 484.348175049
0.995337784 -0.009345503 0.095997326 50.199043274 0.006565056 0.999550879 0.029238911 -43.665565491 -0.096227452 -0.028472366 0.994952083 486.632812500
0.995341539 -0.010157172 0.095875323 50.488662720 0.007460767 0.999567628 0.028440788 -43.824443817 -0.096122734 -0.027592994 0.994987071 488.909790039
0.995356202 -0.009801921 0.095759407 50.796955109 0.007057758 0.999555826 0.028953655 -43.993614197 -0.096000671 -0.028143354 0.994983315 491.212188721
0.995443821 -0.009480471 0.094877429 51.116477966 0.006723121 0.999546885 0.029339788 -44.163330078 -0.095112599 -0.028568236 0.995056450 493.498291016
0.995411992 -0.008983774 0.095258579 51.405929565 0.006242600 0.999558866 0.029035205 -44.331245422 -0.095477402 -0.028307334 0.995029032 495.791503906
0.995435715 -0.008857531 0.095022656 51.721248627 0.006161344 0.999571085 0.028630124 -44.508396149 -0.095235504 -0.027913980 0.995063305 498.101715088
0.995467067 -0.008412036 0.094734274 52.025695801 0.005657952 0.999554515 0.029302856 -44.676837921 -0.094938591 -0.028634019 0.995071232 500.392333984
0.995469630 -0.007536913 0.094780713 52.329788208 0.004743139 0.999548554 0.029667003 -44.853729248 -0.094961524 -0.029083043 0.995056033 502.671478271
0.995504260 -0.006522945 0.094491869 52.635776520 0.003819162 0.999578834 0.028766552 -45.022762299 -0.094639726 -0.028276347 0.995109856 504.962677002
0.995491266 -0.006515619 0.094629362 52.934612274 0.003736208 0.999557197 0.029519094 -45.193637848 -0.094779819 -0.029032441 0.995074749 507.243438721
0.995533407 -0.007031984 0.094146848 53.244384766 0.004334283 0.999574959 0.028828064 -45.370853424 -0.094309561 -0.028291248 0.995140851 509.531188965
0.995582104 -0.007810960 0.093569495 53.558864594 0.005055855 0.999547660 0.029645441 -45.547035217 -0.093758747 -0.029041398 0.995171309 511.836425781
0.995559275 -0.007369625 0.093847677 53.858592987 0.004615116 0.999553144 0.029534152 -45.709655762 -0.094023392 -0.028969882 0.995148540 514.145446777
0.995610476 -0.006744533 0.093349837 54.172428131 0.004033117 0.999565363 0.029203987 -45.881439209 -0.093506210 -0.028699303 0.995204926 516.453796387
0.995596349 -0.005825692 0.093562976 54.466846466 0.003124529 0.999574900 0.028990574 -46.053138733 -0.093692079 -0.028570568 0.995191216 518.744873047
0.995534301 -0.003756156 0.094325691 54.768764496 0.000985605 0.999567211 0.029401610 -46.232555389 -0.094395310 -0.029177342 0.995107055 521.058593750
0.995460212 -0.001613431 0.095166080 55.074798584 -0.001190865 0.999566913 0.029403236 -46.402065277 -0.095172308 -0.029383082 0.995027065 523.386962891
0.995412350 -0.000597642 0.095676273 55.385417938 -0.002328476 0.999532998 0.030468956 -46.562873840 -0.095649816 -0.030551953 0.994946063 525.690063477
0.995360374 -0.001100244 0.096210502 55.694229126 -0.001819425 0.999540567 0.030253684 -46.731010437 -0.096199587 -0.030288367 0.994901121 528.002746582
0.995341837 -0.002996947 0.096362278 56.002628326 -0.000038822 0.999504209 0.031486411 -46.895576477 -0.096408844 -0.031343482 0.994848192 530.297546387
0.995278239 -0.004802006 0.096943483 56.321071625 0.001752766 0.999501705 0.031514481 -47.065444946 -0.097046502 -0.031195758 0.994790852 532.610107422
0.995253801 -0.004835956 0.097191602 56.631797791 0.001838714 0.999520659 0.030904436 -47.229972839 -0.097294435 -0.030579055 0.994785905 534.911315918
0.995202005 -0.005051158 0.097711176 56.952587128 0.002057839 0.999526322 0.030710900 -47.398391724 -0.097820021 -0.030362476 0.994740844 537.229675293
0.995137990 -0.004507189 0.098387331 57.258598328 0.001545802 0.999544024 0.030154772 -47.570854187 -0.098478384 -0.029856067 0.994691193 539.524108887
0.995045304 -0.003711614 0.099353328 57.570465088 0.000752006 0.999555290 0.029809609 -47.742362976 -0.099419788 -0.029587192 0.994605601 541.843811035
0.994976878 -0.003401488 0.100046985 57.888336182 0.000519653 0.999584556 0.028816788 -47.913276672 -0.100103416 -0.028620049 0.994565248 544.161682129
0.994856238 -0.003645292 0.101230927 58.197257996 0.000627027 0.999554813 0.029831473 -48.088584900 -0.101294577 -0.029614551 0.994415581 546.468261719
0.994744182 -0.003252859 0.102339730 58.499061584 0.000172652 0.999547124 0.030092327 -48.252311707 -0.102391273 -0.029916501 0.994294167 548.747070312
0.994684994 -0.003792854 0.102895908 58.818473816 0.000650387 0.999532819 0.030556617 -48.425613403 -0.102963775 -0.030327287 0.994222641 551.046936035
0.994694471 -0.004811323 0.102760829 59.149589539 0.001810550 0.999569774 0.029274862 -48.593200684 -0.102857471 -0.028933490 0.994275212 553.365234375
0.994720221 -0.005093751 0.102497146 59.483821869 0.002030930 0.999548852 0.029964201 -48.767761230 -0.102603547 -0.029597839 0.994281888 555.681457520
0.994653881 -0.004650745 0.103160121 59.800708771 0.001518030 0.999535918 0.030425245 -48.936943054 -0.103253745 -0.030105986 0.994199336 557.985473633
0.994613767 -0.003912318 0.103577651 60.126708984 0.000649259 0.999502957 0.031518500 -49.106121063 -0.103649490 -0.031281486 0.994121850 560.308776855
0.994605720 -0.004445513 0.103632405 60.462337494 0.001112848 0.999480963 0.032194201 -49.275650024 -0.103721745 -0.031905200 0.994094431 562.636779785
0.994569361 -0.003707383 0.104010798 60.792533875 0.000287523 0.999459326 0.032875612 -49.440052032 -0.104076453 -0.032667156 0.994032681 564.956848145
0.994520485 -0.002867457 0.104501918 61.128185272 -0.000524669 0.999474287 0.032417998 -49.612590790 -0.104539938 -0.032295194 0.993996203 567.278625488
0.994553089 -0.002147793 0.104208559 61.476947784 -0.001068844 0.999524951 0.030801646 -49.774913788 -0.104225203 -0.030745257 0.994078398 569.617492676
0.994551003 -0.001742472 0.104236923 61.824321747 -0.001489645 0.999520659 0.030921521 -49.942451477 -0.104240850 -0.030908309 0.994071722 571.941528320
0.994547665 -0.001709030 0.104267821 62.161918640 -0.001640774 0.999485433 0.032032695 -50.118373871 -0.104268901 -0.032029130 0.994033277 574.308288574
0.994538903 -0.001753043 0.104351729 62.501243591 -0.001792281 0.999424636 0.033871297 -50.297267914 -0.104351051 -0.033873353 0.993963540 576.619934082
0.994414568 -0.001390188 0.105535321 62.818401337 -0.001986624 0.999489486 0.031885110 -50.463207245 -0.105525792 -0.031916682 0.993904233 579.015930176
0.994481564 -0.001918185 0.104894094 63.166091919 -0.001432038 0.999491394 0.031854473 -50.626541138 -0.104901865 -0.031828899 0.993973136 581.350097656
0.994418442 -0.002503415 0.105479412 63.500480652 -0.000999645 0.999450088 0.033144876 -50.800109863 -0.105504408 -0.033065312 0.993868947 583.677124023
0.994473934 -0.002293362 0.104958586 63.840000153 -0.001217787 0.999442160 0.033376403 -50.965755463 -0.104976580 -0.033319779 0.993916333 585.997863770
0.994426191 -0.004635497 0.105332978 64.185211182 0.001290035 0.999493182 0.031806767 -51.132144928 -0.105427034 -0.031493600 0.993928194 588.356689453
0.994468689 -0.004997642 0.104915798 64.532981873 0.001658074 0.999489903 0.031894058 -51.295837402 -0.105021685 -0.031543680 0.993969560 590.702514648
0.994473219 -0.006684978 0.104777731 64.870750427 0.003335208 0.999478698 0.032112923 -51.460693359 -0.104937769 -0.031585984 0.993977189 593.037414551
0.994506299 -0.007164193 0.104431063 65.217498779 0.003795712 0.999467194 0.032418668 -51.629322052 -0.104607671 -0.031844184 0.994003534 595.387329102
