1.000000000 0.000000000 0.000000000 0.000000000 0.000000000 1.000000000 0.000000000 0.000000000 0.000000000 0.000000000 1.000000000 0.000000000
0.999999881 0.000139417 0.000402686 0.086531751 -0.000139356 1.000000000 -0.000152192 -0.225778371 -0.000402707 0.000152136 0.999999881 2.287914515
0.999999225 0.000475781 0.001161467 0.164952695 -0.000476143 0.999999821 0.000311325 -0.462412387 -0.001161319 -0.000311878 0.999999285 4.584858894
0.999998569 0.000119351 0.001704285 0.262423158 -0.000120439 0.999999762 0.000638015 -0.695689261 -0.001704209 -0.000638219 0.999998331 6.877366543
0.999996126 0.000236590 0.002763868 0.353210032 -0.000234209 0.999999583 -0.000861621 -0.929438949 -0.002764071 0.000860970 0.999995828 9.169301033
0.999987185 0.001982368 0.004659835 0.447223663 -0.001984350 0.999997973 0.000420716 -1.163836837 -0.004658991 -0.000429958 0.999989092 11.471289635
0.999964356 0.003860844 0.007504612 0.532491326 -0.003871891 0.999991417 0.001458081 -1.392427444 -0.007498918 -0.001487086 0.999970794 13.781925201
0.999945760 0.003621519 0.009768319 0.641867399 -0.003661683 0.999984920 0.004097004 -1.622046113 -0.009753333 -0.004132550 0.999943912 16.058113098
0.999934971 0.003795710 0.010755609 0.743645668 -0.003848430 0.999980628 0.004885200 -1.844911337 -0.010736857 -0.004926275 0.999930143 18.390640259
0.999923289 0.002815405 0.012065956 0.857062459 -0.002877896 0.999982595 0.005164890 -2.073056221 -0.012051203 -0.005199218 0.999913812 20.675416946
0.999922097 0.000466495 0.012470919 0.981552005 -0.000500618 0.999996126 0.002733235 -2.299219608 -0.012469596 -0.002739266 0.999918520 23.009912491
0.999908090 -0.001803619 0.013430096 1.088411212 0.001793265 0.999998093 0.000782942 -2.521125555 -0.013431484 -0.000758786 0.999909580 25.292131424
0.999910891 -0.002642366 0.013086648 1.230005264 0.002640060 0.999996483 0.000193515 -2.767259359 -0.013087115 -0.000158948 0.999914348 27.607082367
0.999900103 -0.002320952 0.013946122 1.339084029 0.002331452 0.999997020 -0.000736714 -2.993798971 -0.013944368 0.000769155 0.999902487 29.894327164
0.999886990 -0.000013578 0.015031303 1.455997705 -0.000010426 0.999998748 0.001596881 -3.220171452 -0.015031305 -0.001596858 0.999885678 32.166629791
0.999883652 0.002045710 0.015114482 1.587051153 -0.002102567 0.999990761 0.003746828 -3.441239834 -0.015106676 -0.003778171 0.999878764 34.446708679
0.999841154 0.004441964 0.017260414 1.692939281 -0.004573677 0.999960661 0.007598926 -3.671092749 -0.017225981 -0.007676662 0.999822140 36.751171112
0.999819875 0.006211487 0.017929338 1.812747002 -0.006343306 0.999953210 0.007304695 -3.891778469 -0.017883124 -0.007417111 0.999812603 39.022426605
0.999794006 0.005195169 0.019620797 1.923833728 -0.005310487 0.999968886 0.005829802 -4.100499153 -0.019589899 -0.005932796 0.999790490 41.317897797
0.999803782 0.002776264 0.019613521 2.052198410 -0.002864843 0.999985814 0.004489577 -4.323971748 -0.019600779 -0.004544884 0.999797583 43.596843719
0.999808013 0.002855620 0.019384468 2.197110891 -0.002932298 0.999987960 0.003928302 -4.553795815 -0.019373016 -0.003984389 0.999804378 45.836811066
0.999803543 0.002225787 0.019691611 2.323647499 -0.002286725 0.999992669 0.003072630 -4.784745216 -0.019684630 -0.003117057 0.999801397 48.114265442
0.999804735 0.000741861 0.019746782 2.461519718 -0.000812521 0.999993265 0.003570508 -5.014580727 -0.019744001 -0.003585855 0.999798656 50.392696381
0.999782681 0.000184665 0.020845698 2.591642380 -0.000268328 0.999991894 0.004010717 -5.238680363 -0.020844787 -0.004015438 0.999774754 52.660156250
0.999776781 -0.001040088 0.021102641 2.728646278 0.000955492 0.999991417 0.004018504 -5.468080997 -0.021106640 -0.003997443 0.999769270 54.941352844
0.999742568 -0.001508467 0.022640059 2.848434925 0.001412938 0.999989986 0.004234836 -5.695525169 -0.022646217 -0.004201756 0.999734700 57.239994049
0.999727190 -0.002860990 0.023181869 2.989827633 0.002747410 0.999984086 0.004929905 -5.920493126 -0.023195604 -0.004864871 0.999719083 59.506736755
0.999689102 -0.004474381 0.024530109 3.123355865 0.004369092 0.999980986 0.004344132 -6.143967628 -0.024549078 -0.004235607 0.999689579 61.772750854
0.999672115 -0.005263103 0.025059950 3.275363922 0.005158005 0.999977589 0.004256704 -6.368709087 -0.025081787 -0.004126049 0.999676883 64.026779175
0.999643445 -0.004801073 0.026266340 3.418918610 0.004677195 0.999977767 0.004775607 -6.590128422 -0.026288681 -0.004651051 0.999643564 66.297927856
0.999627173 -0.003948206 0.027014619 3.569439888 0.003810644 0.999979436 0.005141774 -6.816213131 -0.027034365 -0.005036913 0.999621809 68.558235168
0.999590456 -0.004074671 0.028325211 3.708689451 0.003941962 0.999980986 0.004739451 -7.039070606 -0.028343981 -0.004625852 0.999587536 70.812126160
0.999579549 -0.004904395 0.028580638 3.872182608 0.004814556 0.999983251 0.003211332 -7.260383606 -0.028595908 -0.003072378 0.999586463 73.066764832
0.999567330 -0.005771240 0.028839327 4.032264709 0.005665846 0.999976933 0.003734930 -7.488911629 -0.028860215 -0.003569916 0.999577105 75.349212646
0.999518096 -0.007007806 0.030238919 4.189712048 0.006908773 0.999970376 0.003378271 -7.720756531 -0.030261699 -0.003167729 0.999536991 77.613418579
0.999516785 -0.007852841 0.030075883 4.346591949 0.007768941 0.999965727 0.002905473 -7.949243546 -0.030097660 -0.002670412 0.999543309 79.875129700
0.999486446 -0.008328932 0.030945253 4.495643139 0.008253920 0.999962628 0.002550992 -8.167043686 -0.030965347 -0.002294263 0.999517739 82.130226135
0.999466121 -0.007681254 0.031754073 4.665088654 0.007611756 0.999968350 0.002308903 -8.393199921 -0.031770799 -0.002065967 0.999493182 84.409721375
0.999415278 -0.007421448 0.033376262 4.823069572 0.007336235 0.999969542 0.002674817 -8.612046242 -0.033395097 -0.002428397 0.999439299 86.665557861
0.999410510 -0.007226733 0.033564936 4.991403103 0.007084060 0.999965370 0.004367659 -8.850924492 -0.033595342 -0.004127308 0.999427021 88.949768066
0.999382913 -0.006337731 0.034552563 5.152376175 0.006165761 0.999968052 0.005081386 -9.079694748 -0.034583669 -0.004865208 0.999389946 91.207107544
0.999349713 -0.006326757 0.035498325 5.317803383 0.006151889 0.999968410 0.005033174 -9.300979614 -0.035529040 -0.004811519 0.999357045 93.461326599
0.999329209 -0.006595235 0.036021348 5.488036156 0.006444010 0.999970078 0.004312641 -9.516802788 -0.036048707 -0.004077627 0.999341726 95.716796875
0.999295592 -0.007002323 0.036866195 5.655117989 0.006831396 0.999965250 0.004760316 -9.738772392 -0.036898248 -0.004505115 0.999308884 97.974296570
0.999258459 -0.006617864 0.037931301 5.816286087 0.006461972 0.999970198 0.004230945 -9.969503403 -0.037958167 -0.003982698 0.999271333 100.215438843
0.999208391 -0.006667870 0.039220445 5.978010178 0.006469972 0.999965668 0.005170549 -10.186037064 -0.039253570 -0.004912701 0.999217212 102.446128845
0.999193788 -0.006763368 0.039573241 6.173357010 0.006566660 0.999965370 0.005098636 -10.410984993 -0.039606348 -0.004834662 0.999203682 104.714668274
0.999159634 -0.007703040 0.040257677 6.351511955 0.007476993 0.999955416 0.005762561 -10.626824379 -0.040300269 -0.005456713 0.999172628 106.949707031
0.999128997 -0.009073311 0.040730014 6.534997940 0.008834713 0.999942780 0.006034252 -10.845215797 -0.040782437 -0.005669159 0.999151945 109.202926636
0.999082565 -0.010020573 0.041636147 6.711675167 0.009741942 0.999928832 0.006889500 -11.067752838 -0.041702218 -0.006477564 0.999109089 111.459785461
0.999061346 -0.010739527 0.041963741 6.903581619 0.010515820 0.999929428 0.005548021 -11.290143013 -0.042020354 -0.005101530 0.999103725 113.722434998
0.999017000 -0.011265025 0.042873915 7.085891724 0.011076439 0.999927878 0.004633653 -11.510420799 -0.042923026 -0.004154208 0.999069691 115.972106934
0.998980761 -0.011536418 0.043639392 7.270443916 0.011324503 0.999922812 0.005100174 -11.738101006 -0.043694861 -0.004600782 0.999034345 118.221763611
0.998926342 -0.011753715 0.044810884 7.459723949 0.011492355 0.999915361 0.006085659 -11.964024544 -0.044878621 -0.005564142 0.998977065 120.492187500
0.998907089 -0.012561472 0.045019444 7.662114143 0.012270411 0.999902010 0.006735810 -12.189646721 -0.045099646 -0.006176042 0.998963416 122.704246521
0.998835683 -0.013434505 0.046333253 7.860918999 0.013159870 0.999894023 0.006227351 -12.415470123 -0.046412010 -0.005610360 0.998906612 125.019493103
0.998799086 -0.013852586 0.046993967 8.046008110 0.013605541 0.999891937 0.005572809 -12.640596390 -0.047066085 -0.004926738 0.998879611 127.283142090
0.998775661 -0.015433089 0.046998084 8.237159729 0.015168389 0.999866962 0.005983564 -12.858324051 -0.047084186 -0.005263353 0.998876989 129.544006348
0.998800397 -0.016558465 0.046082146 8.429642677 0.016288249 0.999847829 0.006233097 -13.073832512 -0.046178337 -0.005475022 0.998918235 131.788070679
0.998864233 -0.016842056 0.044572134 8.631850243 0.016526304 0.999835670 0.007443106 -13.291305542 -0.044690166 -0.006698039 0.998978496 134.023635864
0.998918593 -0.017609525 0.043029763 8.831780434 0.017289182 0.999819994 0.007805597 -13.526071548 -0.043159474 -0.007053206 0.999043286 136.279647827
0.999000788 -0.018461106 0.040701039 9.046002388 0.018187618 0.999809504 0.007079567 -13.733186722 -0.040823985 -0.006332239 0.999146223 138.504455566
0.998972535 -0.019424582 0.040945921 9.208412170 0.019155983 0.999792397 0.006941976 -13.952014923 -0.041072272 -0.006150485 0.999137223 140.785491943
0.998956084 -0.019684188 0.041222006 9.375522614 0.019416401 0.999787807 0.006886614 -14.156015396 -0.041348822 -0.006079042 0.999126315 143.019393921
0.998998642 -0.019794954 0.040121641 9.572708130 0.019473663 0.999775231 0.008383051 -14.385671616 -0.040278558 -0.007593341 0.999159634 145.258056641
0.999015570 -0.018942539 0.040111549 9.750113487 0.018664591 0.999799192 0.007292444 -14.598893166 -0.040241629 -0.006536602 0.999168575 147.505279541
0.999034643 -0.017738536 0.040188681 9.930588722 0.017521255 0.999829948 0.005752359 -14.813713074 -0.040283889 -0.005042649 0.999175668 149.749298096
0.999051273 -0.015945571 0.040523596 10.108175278 0.015758341 0.999863625 0.004935515 -15.033117294 -0.040596768 -0.004292248 0.999166369 152.001693726
0.999057174 -0.015172441 0.040676430 10.294576645 0.014984674 0.999875605 0.004917081 -15.249916077 -0.040745981 -0.004302923 0.999160290 154.249420166
0.999048591 -0.014372843 0.041172877 10.476465225 0.014161380 0.999885023 0.005423087 -15.468656540 -0.041246090 -0.004834863 0.999137342 156.515182495
0.999050498 -0.013747049 0.041341331 10.672645569 0.013493076 0.999888361 0.006416081 -15.688110352 -0.041424919 -0.005852167 0.999124527 158.742630005
0.998982787 -0.013073485 0.043155655 10.833614349 0.012750732 0.999888718 0.007745613 -15.910539627 -0.043252107 -0.007187466 0.999038279 161.026489258
0.998954773 -0.011844839 0.044148199 11.021160126 0.011423889 0.999886930 0.009775065 -16.129354477 -0.044258993 -0.009260503 0.998977184 163.260528564
0.998921275 -0.011211779 0.045061808 11.213473320 0.010841622 0.999905467 0.008450372 -16.330650330 -0.045152288 -0.007952712 0.998948455 165.541183472
0.998881638 -0.010537153 0.046092276 11.409996033 0.010212705 0.999921381 0.007269023 -16.544418335 -0.046165247 -0.006790167 0.998910666 167.798034668
0.998800218 -0.008744600 0.048185486 11.597455978 0.008405841 0.999938488 0.007228532 -16.755952835 -0.048245732 -0.006814819 0.998812199 170.034927368
0.998688817 -0.008086879 0.050549001 11.803612709 0.007699209 0.999939501 0.007859212 -16.982540131 -0.050609495 -0.007459721 0.998690665 172.335342407
0.998564422 -0.008348959 0.052908618 12.007152557 0.007963745 0.999940276 0.007487428 -17.194431305 -0.052967962 -0.007055328 0.998571217 174.610931396
0.998479366 -0.008351211 0.054490726 12.219540596 0.007922858 0.999936044 0.008072300 -17.411684036 -0.054554645 -0.007628301 0.998481631 176.878601074
0.998425841 -0.008884794 0.055379648 12.425265312 0.008407830 0.999925554 0.008839659 -17.620872498 -0.055454060 -0.008360121 0.998426199 179.096557617
0.998429656 -0.010488992 0.055028405 12.652137756 0.010005793 0.999908984 0.009049066 -17.847734451 -0.055118326 -0.008484253 0.998443723 181.380935669
0.998391390 -0.011308354 0.055558849 12.854755402 0.010840186 0.999903202 0.008720677 -18.056398392 -0.055652086 -0.008104381 0.998417377 183.624420166
0.998463035 -0.012467748 0.054000039 13.093459129 0.012020391 0.999890745 0.008601299 -18.280797958 -0.054101381 -0.007938977 0.998503864 185.876510620
0.998468459 -0.014182082 0.053475000 13.306172371 0.013694092 0.999861240 0.009481015 -18.495716095 -0.053602051 -0.008734202 0.998524189 188.125381470
0.998490036 -0.014888765 0.052875753 13.515928268 0.014418883 0.999853194 0.009256893 -18.706626892 -0.053005818 -0.008480507 0.998558223 190.365982056
0.998452783 -0.016225066 0.053186402 13.728438377 0.015779043 0.999836683 0.008795219 -18.921041489 -0.053320419 -0.007942380 0.998545885 192.614089966
0.998426080 -0.017932558 0.053138755 13.928432465 0.017521234 0.999812901 0.008196323 -19.132595062 -0.053275794 -0.007252367 0.998553514 194.854812622
0.998443723 -0.017421588 0.052977938 14.134294510 0.016998561 0.999820113 0.008425118 -19.345542908 -0.053115193 -0.007511458 0.998560190 197.087066650
0.998461127 -0.014790126 0.053446930 14.351909637 0.014349796 0.999859929 0.008613016 -19.562694550 -0.053566832 -0.007832807 0.998533547 199.344680786
0.998467684 -0.012958316 0.053799085 14.556659698 0.012531092 0.999887288 0.008270823 -19.776245117 -0.053900197 -0.007583987 0.998517513 201.583068848
0.998450339 -0.012431976 0.054244135 14.775141716 0.012037678 0.999898672 0.007589646 -19.991943359 -0.054332998 -0.006924911 0.998498857 203.843719482
0.998416960 -0.012682126 0.054797456 14.980083466 0.012245771 0.999890625 0.008291511 -20.201440811 -0.054896615 -0.007607347 0.998463035 206.070541382
0.998405337 -0.013991947 0.054689154 15.222436905 0.013551345 0.999872744 0.008419036 -20.425510406 -0.054800000 -0.007664498 0.998467863 208.336135864
0.998334944 -0.013544906 0.056070227 15.427877426 0.013102126 0.999880016 0.008256992 -20.624223709 -0.056175336 -0.007508606 0.998392701 210.581954956
0.998285592 -0.013549522 0.056941546 15.661600113 0.013010330 0.999866962 0.009829364 -20.856531143 -0.057067160 -0.009071685 0.998329103 212.836654663
0.998212159 -0.012167382 0.058520887 15.896228790 0.011596861 0.999881923 0.010078876 -21.067304611 -0.058636613 -0.009382199 0.998235285 215.068725586
0.998023450 -0.010659437 0.061931390 16.098751068 0.010065877 0.999900460 0.009888287 -21.272806168 -0.062030639 -0.009245348 0.998031437 217.327148438
0.997890353 -0.010645247 0.064043336 16.329750061 0.010004634 0.999896765 0.010315200 -21.483217239 -0.064146549 -0.009652709 0.997893810 219.571121216
0.997765303 -0.012201251 0.065692909 16.567337036 0.011505918 0.999873817 0.010952554 -21.690547943 -0.065818265 -0.010172220 0.997779727 221.803588867
0.997660100 -0.013426095 0.067039914 16.802398682 0.012668631 0.999851108 0.011711135 -21.894140244 -0.067187190 -0.010834426 0.997681499 224.037338257
0.997588158 -0.015429666 0.067673527 17.052694321 0.014706445 0.999829412 0.011172100 -22.108827591 -0.067834355 -0.010149918 0.997644961 226.271591187
0.997551858 -0.016562963 0.067940988 17.295637131 0.015858237 0.999814868 0.010898861 -22.312810898 -0.068108924 -0.009794756 0.997629762 228.520141602
0.997509897 -0.016941825 0.068461135 17.538955688 0.016227080 0.999808013 0.010982871 -22.515254974 -0.068634063 -0.009844596 0.997593343 230.759597778
0.997456372 -0.018180408 0.068921201 17.784618378 0.017518543 0.999794602 0.010195574 -22.723995209 -0.069092400 -0.008962244 0.997570038 233.004211426
0.997435689 -0.018935643 0.069017239 18.049247742 0.018195065 0.999770224 0.011343230 -22.938278198 -0.069216169 -0.010058369 0.997550964 235.288345337
0.997402847 -0.018812642 0.069524541 18.296375275 0.018065728 0.999772310 0.011356456 -23.139925003 -0.069722354 -0.010070949 0.997515619 237.528350830
0.997367918 -0.018394653 0.070134655 18.539791107 0.017652007 0.999781489 0.011194043 -23.341598511 -0.070325255 -0.009926562 0.997474670 239.746551514
0.997336984 -0.018567177 0.070528068 18.788524628 0.017798726 0.999775350 0.011508569 -23.547996521 -0.070725903 -0.010222612 0.997443378 241.976730347
0.997295260 -0.018722611 0.071074076 19.036918640 0.017952224 0.999773145 0.011462649 -23.749315262 -0.071272545 -0.010155709 0.997405291 244.218109131
0.997251391 -0.018667614 0.071701579 19.285057068 0.017948825 0.999782085 0.010656060 -23.957925797 -0.071884871 -0.009339810 0.997369230 246.447525024
0.997267604 -0.018466758 0.071528360 19.545186996 0.017798143 0.999791861 0.009973714 -24.168956757 -0.071697660 -0.008673389 0.997388721 248.679199219
0.997246385 -0.018719222 0.071758293 19.799179077 0.018017510 0.999783576 0.010413710 -24.376031876 -0.071937703 -0.009092130 0.997367680 250.918838501
0.997214556 -0.019987738 0.071858682 20.054849625 0.019283246 0.999759018 0.010484346 -24.587390900 -0.072050944 -0.009069471 0.997359693 253.148437500
0.997209787 -0.020083088 0.071897991 20.319976807 0.019326121 0.999750316 0.011208626 -24.795772552 -0.072105162 -0.009787841 0.997349024 255.403732300
0.997169435 -0.020655535 0.072294466 20.558523178 0.019879729 0.999736965 0.011434462 -25.002485275 -0.072511628 -0.009964904 0.997317791 257.622406006
0.997144639 -0.020914314 0.072560929 20.826272964 0.020111198 0.999728322 0.011781229 -25.211162567 -0.072787620 -0.010288304 0.997294426 259.879516602
0.997129440 -0.020658325 0.072842948 21.089395523 0.019891577 0.999738932 0.011235926 -25.415363312 -0.073056050 -0.009754713 0.997280121 262.123016357
0.997103095 -0.020630280 0.073210396 21.350450516 0.019892801 0.999743938 0.010788394 -25.619792938 -0.073414229 -0.009300781 0.997258186 264.381622314
0.997075200 -0.019927761 0.073782377 21.612133026 0.019208392 0.999760926 0.010446626 -25.832189560 -0.073972903 -0.008998831 0.997219622 266.622863770
0.997004926 -0.019244554 0.074906319 21.870775223 0.018510098 0.999773681 0.010487027 -26.035999298 -0.075091183 -0.009069094 0.997135401 268.870483398
0.996889055 -0.018950943 0.076504260 22.127202988 0.018219877 0.999781489 0.010242586 -26.254961014 -0.076681651 -0.008816823 0.997016668 271.116088867
0.996794462 -0.019676065 0.077547051 22.402189255 0.018901588 0.999763966 0.010708613 -26.467550278 -0.077739455 -0.009208526 0.996931255 273.363983154
0.996592581 -0.020291006 0.079947233 22.652296066 0.019468939 0.999749362 0.011048852 -26.665916443 -0.080151379 -0.009454714 0.996737838 275.607574463
0.996495426 -0.020224929 0.081164449 22.932287216 0.019285519 0.999737799 0.012341562 -26.865634918 -0.081392772 -0.010733011 0.996624231 277.849395752
0.996432900 -0.019512542 0.082101330 23.219163895 0.018448701 0.999735951 0.013696491 -27.080459595 -0.082346886 -0.012132971 0.996529877 280.096313477
0.996343970 -0.019224685 0.083242074 23.502696991 0.018052386 0.999727249 0.014812859 -27.287025452 -0.083504155 -0.013255983 0.996419251 282.333404541
0.996261716 -0.018076438 0.084473968 23.781936646 0.016903222 0.999750793 0.014583204 -27.479278564 -0.084716521 -0.013100804 0.996319056 284.590179443
0.996164441 -0.017143387 0.085805893 24.055269241 0.015981415 0.999771297 0.014210599 -27.676954269 -0.086029902 -0.012784791 0.996210515 286.824737549
0.996106684 -0.016602639 0.086578242 24.334075928 0.015543193 0.999795973 0.012896724 -27.870164871 -0.086774714 -0.011500808 0.996161520 289.058715820
0.996062756 -0.017340260 0.086937860 24.612743378 0.016267180 0.999782741 0.013036445 -28.075420380 -0.087145038 -0.011570884 0.996128440 291.283905029
0.995970130 -0.017449996 0.087970696 24.873960495 0.016454007 0.999792159 0.012034329 -28.272724152 -0.088162422 -0.010538361 0.996050358 293.563781738
0.996004999 -0.017920718 0.087480888 25.164346695 0.016990595 0.999791026 0.011365423 -28.475166321 -0.087666288 -0.009833666 0.996101379 295.790222168
0.996006727 -0.017828919 0.087479755 25.450008392 0.016899979 0.999792755 0.011348151 -28.681234360 -0.087663949 -0.009824429 0.996101618 298.021331787
0.995999455 -0.017198455 0.087689072 25.733524323 0.016267300 0.999803662 0.011322452 -28.880138397 -0.087866582 -0.009850693 0.996083617 300.257934570
0.995952606 -0.016889008 0.088278100 26.003767014 0.015841620 0.999795675 0.012551901 -29.094652176 -0.088472031 -0.011102631 0.996016800 302.503051758
0.995949030 -0.017295267 0.088240437 26.293272018 0.016232438 0.999786913 0.012748132 -29.297084808 -0.088442132 -0.011264132 0.996017635 304.750122070
0.995918870 -0.016694145 0.088696927 26.584026337 0.015595286 0.999792993 0.013067569 -29.502471924 -0.088896722 -0.011630985 0.995972931 307.001739502
0.995928288 -0.017682569 0.088398121 26.875986099 0.016586678 0.999776423 0.013116460 -29.713296890 -0.088610277 -0.011596827 0.995998859 309.256011963
0.995876253 -0.018707871 0.088772118 27.162729263 0.017575609 0.999754131 0.013519347 -29.913507462 -0.089003205 -0.011903373 0.995960236 311.513061523
0.995861888 -0.018109329 0.089056775 27.451515198 0.017023534 0.999771357 0.012936683 -30.119182587 -0.089270689 -0.011367089 0.995942473 313.758422852
0.995881617 -0.017985780 0.088861436 27.749544144 0.016824057 0.999763131 0.013805218 -30.325248718 -0.089088701 -0.012253354 0.995948315 316.002380371
0.995841026 -0.016436012 0.089612611 28.036777496 0.015328130 0.999797523 0.013037299 -30.529426575 -0.089808747 -0.011609484 0.995891333 318.243133545
0.995836556 -0.014715647 0.089961380 28.323492050 0.013548134 0.999816060 0.013574863 -30.731088638 -0.090144612 -0.012299535 0.995852709 320.491973877
0.995768905 -0.013423333 0.090908214 28.605108261 0.012262244 0.999836087 0.013318654 -30.935054779 -0.091072105 -0.012147562 0.995770216 322.721343994
0.995713294 -0.012709718 0.091615871 28.886571884 0.011485880 0.999837756 0.013873307 -31.132541656 -0.091777332 -0.012761548 0.995697796 324.956817627
0.995714605 -0.012413087 0.091642581 29.184436798 0.011055551 0.999821723 0.015306195 -31.342393875 -0.091816239 -0.014227445 0.995674312 327.180969238
0.995678842 -0.013216222 0.091918588 29.470033646 0.011856263 0.999812245 0.015325634 -31.547275543 -0.092103899 -0.014169601 0.995648503 329.428436279
0.995694280 -0.014892452 0.091493145 29.773941040 0.013620259 0.999801874 0.014513521 -31.744979858 -0.091691159 -0.013204873 0.995699942 331.661437988
0.995687246 -0.014564270 0.091624431 30.063926697 0.013304604 0.999808550 0.014343990 -31.945978165 -0.091815807 -0.013063100 0.995690346 333.878936768
0.995674074 -0.015034743 0.091690414 30.356296539 0.013649748 0.999783337 0.015713587 -32.144004822 -0.091906808 -0.014394062 0.995663524 336.103576660
0.995731533 -0.015718140 0.090948626 30.664646149 0.014364011 0.999776304 0.015524425 -32.336624146 -0.091172285 -0.014151772 0.995734572 338.338897705
0.995739639 -0.015590082 0.090880945 30.952579498 0.014208228 0.999773681 0.015832312 -32.539176941 -0.091107182 -0.014473606 0.995735884 340.581756592
0.995789230 -0.015691914 0.090319544 31.254892349 0.014341831 0.999775827 0.015577491 -32.739177704 -0.090543739 -0.014216551 0.995791018 342.829162598
0.995810628 -0.015764022 0.090070292 31.547050476 0.014368306 0.999766707 0.016123354 -32.935409546 -0.090303458 -0.014761649 0.995804906 345.066772461
0.995855987 -0.015599370 0.089596637 31.837781906 0.014210209 0.999768972 0.016121684 -33.127868652 -0.089827441 -0.014781685 0.995847583 347.300506592
0.995892942 -0.015416048 0.089215614 32.126281738 0.014032361 0.999771655 0.016115967 -33.323703766 -0.089443684 -0.014797874 0.995881975 349.546508789
0.995893240 -0.014950776 0.089293957 32.410606384 0.013515708 0.999769926 0.016654385 -33.523700714 -0.089522421 -0.015379118 0.995866001 351.788146973
0.995930612 -0.015367193 0.088803411 32.698173523 0.013907806 0.999758184 0.017029393 -33.714962006 -0.089043632 -0.015725035 0.995903552 354.012695312
0.995944083 -0.014912529 0.088730060 32.979701996 0.013504378 0.999773502 0.016449263 -33.909301758 -0.088955261 -0.015184301 0.995919824 356.249023438
0.995999813 -0.014960967 0.088093884 33.269355774 0.013528894 0.999766767 0.016830947 -34.101757050 -0.088325143 -0.015571806 0.995969892 358.481109619
0.996057451 -0.014444634 0.087525740 33.561721802 0.012936766 0.999758363 0.017770555 -34.299045563 -0.087761290 -0.016568201 0.996003747 360.725341797
0.996112406 -0.014403613 0.086906813 33.854084015 0.012914310 0.999760330 0.017674789 -34.493801117 -0.087140560 -0.016483732 0.996059656 362.970458984
0.996154606 -0.014276619 0.086440779 34.143177032 0.012746370 0.999752700 0.018229002 -34.687538147 -0.086679637 -0.017057100 0.996090174 365.207946777
0.996211946 -0.014274706 0.085778587 34.432701111 0.012814380 0.999763787 0.017550973 -34.880249023 -0.086008869 -0.016385289 0.996159613 367.467529297
0.996219456 -0.014823639 0.085597545 34.712425232 0.013369802 0.999756813 0.017532907 -35.077053070 -0.085836641 -0.016322201 0.996175468 369.722259521
0.996221602 -0.014911111 0.085558027 34.990844727 0.013541203 0.999770999 0.016569562 -35.261379242 -0.085785501 -0.015348395 0.996195436 371.972503662
0.996278346 -0.014970505 0.084884189 35.277534485 0.013611996 0.999770224 0.016560558 -35.463024139 -0.085112602 -0.015343482 0.996253192 374.228485107
0.996363521 -0.014864598 0.083896771 35.567596436 0.013466069 0.999761283 0.017210998 -35.655677795 -0.084132560 -0.016018651 0.996325850 376.472595215
0.996272802 -0.014489710 0.085032538 35.836284637 0.013031033 0.999758720 0.017684387 -35.849807739 -0.085268266 -0.016510412 0.996221244 378.734924316
0.996268868 -0.015228074 0.084948964 36.118083954 0.013752161 0.999744534 0.017932341 -36.046691895 -0.085200332 -0.016697196 0.996223927 380.979034424
0.996295273 -0.015156873 0.084652416 36.405128479 0.013686329 0.999745607 0.017924987 -36.232620239 -0.084902570 -0.016699996 0.996249318 383.237457275
0.996306777 -0.014227285 0.084677450 36.690906525 0.012734551 0.999754310 0.018142616 -36.426727295 -0.084914759 -0.016997283 0.996243238 385.491882324
0.996307731 -0.013130127 0.084844038 36.971641541 0.011621528 0.999765933 0.018250346 -36.614830017 -0.085063815 -0.017196946 0.996227026 387.754730225
0.996344626 -0.012053982 0.084570155 37.263843536 0.010537580 0.999776006 0.018354246 -36.817787170 -0.084772423 -0.017395994 0.996248484 390.026611328
0.996322572 -0.010773357 0.085001484 37.539485931 0.009253912 0.999790668 0.018249338 -37.013542175 -0.085180290 -0.017395632 0.996213675 392.311798096
0.996352971 -0.009548733 0.084791623 37.825420380 0.007913996 0.999776661 0.019594733 -37.204681396 -0.084959790 -0.018852232 0.996206045 394.570343018
0.996295333 -0.008441450 0.085582763 38.097869873 0.006744837 0.999775350 0.020094041 -37.396648407 -0.085733175 -0.019442355 0.996128440 396.831085205
0.996247590 -0.007984132 0.086178981 38.378082275 0.006404699 0.999806702 0.018588297 -37.593727112 -0.086310737 -0.017966598 0.996106267 399.095214844
0.996171653 -0.007565466 0.087090269 38.657867432 0.006019184 0.999819875 0.018003847 -37.786094666 -0.087210774 -0.017410712 0.996037781 401.360473633
0.996096790 -0.008991300 0.087808505 38.927711487 0.007354022 0.999793351 0.018951738 -37.975643158 -0.087960757 -0.018232021 0.995957017 403.625244141
0.996038139 -0.010481516 0.088307284 39.215442657 0.008730686 0.999758124 0.020189555 -38.168521881 -0.088497542 -0.019338585 0.995888591 405.874908447
0.996021092 -0.011266917 0.088402949 39.500213623 0.009538539 0.999755502 0.019949300 -38.356983185 -0.088606104 -0.019026686 0.995885134 408.137481689
0.995975018 -0.011075521 0.088945061 39.792255402 0.009467181 0.999784350 0.018483968 -38.541580200 -0.089130610 -0.017567510 0.995864987 410.400665283
0.995918930 -0.009550172 0.089745782 40.094600677 0.007855560 0.999784589 0.019216634 -38.744766235 -0.089909956 -0.018433202 0.995779395 412.683654785
0.995851815 -0.008179958 0.090621658 40.378501892 0.006481876 0.999798179 0.019016622 -38.935302734 -0.090758927 -0.018350337 0.995703757 414.924774170
0.995761216 -0.006875724 0.091718674 40.674022675 0.005144053 0.999804258 0.019103279 -39.124515533 -0.091832072 -0.018550495 0.995601714 417.197753906
0.995714605 -0.007098365 0.092206091 40.974605560 0.005386064 0.999808669 0.018805945 -39.314971924 -0.092321932 -0.018228728 0.995562315 419.449707031
0.995608032 -0.007005654 0.093357064 41.261589050 0.005276312 0.999810159 0.018757936 -39.502296448 -0.093470767 -0.018182972 0.995455921 421.700714111
0.995510101 -0.006986607 0.094396956 41.549400330 0.005259241 0.999814391 0.018535374 -39.693618774 -0.094508916 -0.017955696 0.995362043 423.959075928
0.995460451 -0.007662115 0.094866313 41.854862213 0.005812511 0.999787867 0.019757949 -39.887302399 -0.094997585 -0.019116847 0.995293915 426.238922119
0.995414793 -0.006661580 0.095420279 42.155418396 0.004750949 0.999784052 0.020236520 -40.073493958 -0.095534459 -0.019690394 0.995231271 428.497894287
0.995342970 -0.006031856 0.096207961 42.461467743 0.004042699 0.999774218 0.020857137 -40.260181427 -0.096312046 -0.020371065 0.995142698 430.778106689
0.995341659 -0.006214177 0.096209966 42.764900208 0.004209763 0.999770105 0.021022724 -40.453887939 -0.096318491 -0.020519769 0.995139003 433.049316406
0.995289385 -0.006752990 0.096712507 43.071445465 0.004798461 0.999779820 0.020428035 -40.650302887 -0.096829154 -0.019867737 0.995102704 435.314941406
0.995263219 -0.005832485 0.097040981 43.382633209 0.003867300 0.999783874 0.020426853 -40.826423645 -0.097139135 -0.019954812 0.995070696 437.582366943
0.995233715 -0.006292753 0.097315304 43.695663452 0.004273339 0.999771416 0.020945774 -41.020301819 -0.097424865 -0.020430079 0.995033085 439.865234375
0.995285094 -0.006262704 0.096789822 44.013313293 0.004253107 0.999771357 0.020954870 -41.205013275 -0.096898936 -0.020444414 0.995084167 442.138214111
0.995252788 -0.005720573 0.097155176 44.329269409 0.003589251 0.999749303 0.022097927 -41.406311035 -0.097257227 -0.021644309 0.995023847 444.414215088
0.995215297 -0.006221416 0.097508200 44.643936157 0.004075466 0.999745369 0.022191638 -41.590843201 -0.097621448 -0.021688066 0.994987190 446.693176270
0.995218992 -0.005957254 0.097486660 44.953723907 0.003857398 0.999756694 0.021714248 -41.779281616 -0.097592309 -0.021234389 0.994999945 448.958587646
0.995226383 -0.005407165 0.097443365 45.265949249 0.003337705 0.999765694 0.021388087 -41.968044281 -0.097536176 -0.020960752 0.995011210 451.218078613
0.995186746 -0.004614337 0.097888857 45.574295044 0.002566510 0.999775410 0.021035539 -42.160396576 -0.097963952 -0.020683059 0.994975030 453.482330322
0.995106995 -0.004055586 0.098719403 45.879001617 0.001985805 0.999776363 0.021055525 -42.340724945 -0.098782718 -0.020756470 0.994892478 455.756591797
0.995068848 -0.003918832 0.099108532 46.181602478 0.001874049 0.999783635 0.020716451 -42.534362793 -0.099168263 -0.020428563 0.994860947 458.012054443
0.995101333 -0.003037901 0.098812982 46.508449554 0.001071913 0.999800563 0.019943058 -42.723514557 -0.098853879 -0.019739447 0.994906127 460.297729492
0.995085001 -0.002095248 0.099002033 46.823928833 0.000062489 0.999789238 0.020531133 -42.914932251 -0.099024177 -0.020424038 0.994875371 462.585540771
0.995088279 -0.001451523 0.098980777 47.136516571 -0.000703411 0.999763489 0.021732869 -43.101245880 -0.098988935 -0.021695744 0.994852006 464.862121582
0.995131671 -0.001470079 0.098543346 47.443084717 -0.000706870 0.999756575 0.022052724 -43.284179688 -0.098551765 -0.022015020 0.994888484 467.128173828
0.995253682 -0.001627094 0.097301126 47.764808655 -0.000424836 0.999778032 0.021064024 -43.473213196 -0.097313792 -0.021005379 0.995032191 469.410247803
0.995346963 -0.001736937 0.096340157 48.091281891 -0.000226836 0.999792516 0.020369049 -43.662292480 -0.096355550 -0.020296121 0.995140016 471.709442139
0.995453298 -0.002054421 0.095228970 48.406356812 -0.000008405 0.999765575 0.021656282 -43.861717224 -0.095251136 -0.021558620 0.995219827 473.989685059
0.995400429 -0.002117400 0.095779575 48.697490692 0.000025851 0.999761641 0.021833077 -44.049163818 -0.095802985 -0.021730177 0.995163143 476.272979736
0.995539129 -0.002026261 0.094327524 49.006542206 0.000032008 0.999776542 0.021138497 -44.224529266 -0.094349302 -0.021041185 0.995316684 478.542205811
0.995552421 -0.002331909 0.094179101 49.309211731 0.000269948 0.999760091 0.021900846 -44.415523529 -0.094207577 -0.021778023 0.995314360 480.822113037
0.995602131 -0.002871929 0.093638241 49.619163513 0.000764746 0.999745846 0.022531558 -44.602882385 -0.093679152 -0.022360861 0.995351315 483.094604492
0.995610297 -0.003296638 0.093537949 49.912456512 0.001271895 0.999763787 0.021697588 -44.787345886 -0.093587391 -0.021483371 0.995379269 485.382507324
0.995718896 -0.003954494 0.092347994 50.219108582 0.001874388 0.999742806 0.022600530 -44.984451294 -0.092413589 -0.022330677 0.995470405 487.665466309
0.995789587 -0.004341948 0.091565609 50.517753601 0.002280302 0.999741793 0.022608111 -45.164535522 -0.091640130 -0.022304121 0.995542347 489.942108154
0.995790362 -0.004076481 0.091568336 50.786876678 0.001981595 0.999734461 0.022957111 -45.358413696 -0.091637619 -0.022679020 0.995534122 492.194885254
0.995854616 -0.003619481 0.090887129 51.094326019 0.001488996 0.999722719 0.023497878 -45.542675018 -0.090946965 -0.023265135 0.995583951 494.479187012
0.995868385 -0.003440892 0.090742975 51.382743835 0.001350582 0.999732554 0.023086855 -45.725753784 -0.090798132 -0.022868913 0.995606720 496.779602051
0.995900393 -0.003238945 0.090398319 51.690502167 0.001185113 0.999740183 0.022764239 -45.919414520 -0.090448558 -0.022563785 0.995645404 499.098480225
0.995940387 -0.003203677 0.089958079 51.984046936 0.001097300 0.999724209 0.023454800 -46.102493286 -0.090008408 -0.023260875 0.995669305 501.391510010
0.995947003 -0.002859600 0.089896575 52.272483826 0.000727634 0.999717832 0.023739589 -46.290287018 -0.089939117 -0.023577962 0.995668113 503.669738770
0.995969296 -0.002050196 0.089671567 52.565952301 -0.000014205 0.999735117 0.023015108 -46.475395203 -0.089694999 -0.022923613 0.995705426 505.960784912
0.995961964 -0.001745101 0.089759447 52.853252411 -0.000370223 0.999722719 0.023544537 -46.659633636 -0.089775644 -0.023482695 0.995685160 508.254302979
0.995981097 -0.002183599 0.089537099 53.148555756 0.000167874 0.999746442 0.022514084 -46.843948364 -0.089563549 -0.022408569 0.995728970 510.543365479
0.996034265 -0.002967651 0.088921018 53.449584961 0.000884294 0.999724388 0.023459539 -47.036022186 -0.088966116 -0.023287870 0.995762289 512.842956543
0.996058166 -0.002799582 0.088658266 53.745674133 0.000708847 0.999721110 0.023604669 -47.218627930 -0.088699624 -0.023448775 0.995782375 515.144714355
0.996086895 -0.002111305 0.088353179 54.037349701 0.000047046 0.999727070 0.023359276 -47.401466370 -0.088378385 -0.023263717 0.995815277 517.447387695
0.996069074 -0.001166835 0.088572741 54.321895599 -0.000881450 0.999733150 0.023082811 -47.588600159 -0.088576049 -0.023070149 0.995802224 519.738891602
0.996045649 0.000619695 0.088840634 54.618999481 -0.002680944 0.999729872 0.023084205 -47.773220062 -0.088802330 -0.023231097 0.995778322 522.088928223
0.995884001 0.002762893 0.090594657 54.896846771 -0.004908465 0.999712586 0.023468971 -47.959594727 -0.090503760 -0.023817057 0.995611310 524.411621094
0.995942175 0.003839167 0.089912936 55.215698242 -0.006039123 0.999688804 0.024208376 -48.134815216 -0.089791998 -0.024653146 0.995655358 526.743957520
0.995885551 0.003620654 0.090547256 55.507343292 -0.005816371 0.999695122 0.023997298 -48.316574097 -0.090432763 -0.024425220 0.995603025 529.047973633
0.995850384 0.001694798 0.090989947 55.801204681 -0.004026983 0.999667823 0.025453761 -48.498336792 -0.090916596 -0.025714554 0.995526373 531.361816406
0.995820105 0.000168481 0.091336228 56.110256195 -0.002460328 0.999684930 0.024980405 -48.677116394 -0.091303244 -0.025100710 0.995506763 533.682678223
0.995809138 0.000284919 0.091455333 56.413684845 -0.002507024 0.999704421 0.024183193 -48.855049133 -0.091421425 -0.024311129 0.995515466 536.000061035
0.995738745 -0.000084210 0.092218854 56.715156555 -0.002130973 0.999711514 0.023922196 -49.037803650 -0.092194282 -0.024016771 0.995451331 538.319641113
0.995671749 0.000556128 0.092937917 57.012702942 -0.002729694 0.999725640 0.023261800 -49.223972321 -0.092899486 -0.023414811 0.995400131 540.628784180
0.995599329 0.001108090 0.093705468 57.312126160 -0.003276839 0.999730229 0.022993604 -49.413230896 -0.093654715 -0.023199480 0.995334327 542.953613281
0.995544493 0.001649990 0.094277799 57.623634338 -0.003700811 0.999760151 0.021582257 -49.594364166 -0.094219580 -0.021835005 0.995311975 545.277282715
0.995391130 0.001766394 0.095882274 57.904388428 -0.003935573 0.999740481 0.022438962 -49.783866882 -0.095817760 -0.022712894 0.995139658 547.589477539
0.995330632 0.001614188 0.096510895 58.210563660 -0.003874383 0.999722481 0.023236273 -49.974372864 -0.096446604 -0.023501690 0.995060682 549.906982422
0.995289445 0.001788298 0.096931554 58.517364502 -0.004037940 0.999726892 0.023017360 -50.156227112 -0.096863933 -0.023300337 0.995024800 552.209960938
0.995306551 0.000535988 0.096770979 58.834697723 -0.002675934 0.999754727 0.021985089 -50.341686249 -0.096735448 -0.022140855 0.995063841 554.520935059
0.995347440 -0.000043225 0.096349858 59.157707214 -0.002143867 0.999742389 0.022595845 -50.533370972 -0.096326008 -0.022697285 0.995091021 556.840515137
0.995288968 0.000277347 0.096951693 59.463264465 -0.002508048 0.999734879 0.022887263 -50.718811035 -0.096919626 -0.023022603 0.995025814 559.147644043
0.995256364 0.000975142 0.097283356 59.778560638 -0.003299809 0.999712706 0.023737796 -50.904365540 -0.097232282 -0.023946207 0.994973600 561.484863281
0.995287776 0.000949175 0.096960291 60.103893280 -0.003334580 0.999695778 0.024442798 -51.091400146 -0.096907571 -0.024650943 0.994988084 563.812744141
0.995263100 0.001220037 0.097210713 60.419944763 -0.003662279 0.999682009 0.024948716 -51.271217346 -0.097149365 -0.025186552 0.994951069 566.130676270
0.995215237 0.002240136 0.097681075 60.738151550 -0.004647722 0.999690831 0.024426851 -51.461822510 -0.097596169 -0.024763964 0.994917929 568.453308105
0.995239139 0.003071725 0.097413927 61.069389343 -0.005314048 0.999726534 0.022767428 -51.641162872 -0.097317353 -0.023176702 0.994983494 570.786010742
0.995203674 0.003542576 0.097760119 61.394069672 -0.005836417 0.999714136 0.023188006 -51.831077576 -0.097650029 -0.023647361 0.994939744 573.109741211
0.995210230 0.003360198 0.097700305 61.717014313 -0.005753803 0.999689877 0.024228035 -52.026657104 -0.097588614 -0.024674138 0.994920909 575.477600098
0.995224178 0.003255236 0.097561941 62.047206879 -0.005794009 0.999651611 0.025750162 -52.219871521 -0.097444132 -0.026192455 0.994896233 577.791931152
0.995117605 0.003856046 0.098621152 62.349979401 -0.006241077 0.999695122 0.023886716 -52.403579712 -0.098498978 -0.024385596 0.994838297 580.168579102
0.995162487 0.003197360 0.098190621 62.674888611 -0.005538734 0.999706566 0.023581877 -52.583904266 -0.098086402 -0.024011653 0.994888127 582.509460449
0.995126843 0.002687281 0.098566681 62.994041443 -0.005180188 0.999672890 0.025044385 -52.777633667 -0.098467126 -0.025432933 0.994815230 584.812805176
0.995197356 0.002937329 0.097844996 63.320465088 -0.005431642 0.999666750 0.025235880 -52.960716248 -0.097738266 -0.025646139 0.994881630 587.128906250
0.995145500 0.000494920 0.098413162 63.644756317 -0.002854254 0.999711871 0.023834415 -53.149986267 -0.098373003 -0.023999611 0.994860172 589.487854004
0.995181262 0.000280466 0.098050997 63.974349976 -0.002597752 0.999720335 0.023506612 -53.328861237 -0.098016977 -0.023648055 0.994903743 591.836547852
0.995198727 -0.001697545 0.097860172 64.292846680 -0.000673710 0.999707103 0.024192907 -53.517982483 -0.097872600 -0.024142681 0.994906008 594.174987793
0.995228112 -0.002161761 0.097551920 64.621322632 -0.000230438 0.999699831 0.024504382 -53.705703735 -0.097575597 -0.024409937 0.994928718 596.527648926
