1.000000000 0.000000000 0.000000000 0.000000000 0.000000000 1.000000000 0.000000000 0.000000000 0.000000000 0.000000000 1.000000000 0.000000000
0.999999881 0.000138798 0.000475218 0.088783048 -0.000138727 1.000000000 -0.000148846 -0.225554049 -0.000475238 0.000148780 0.999999881 2.294947624
0.999999046 0.000594537 0.001201816 0.167902142 -0.000595066 0.999999702 0.000439708 -0.463814586 -0.001201554 -0.000440422 0.999999166 4.585668087
0.999998629 0.000262427 0.001600736 0.268622935 -0.000263207 0.999999762 0.000486887 -0.691769421 -0.001600608 -0.000487307 0.999998629 6.871200562
0.999995947 0.000202527 0.002830694 0.353828967 -0.000199861 0.999999523 -0.000941996 -0.925211370 -0.002830883 0.000941427 0.999995589 9.122122765
0.999991417 0.001647614 0.003796065 0.471261561 -0.001647458 0.999998629 -0.000044387 -1.163565516 -0.003796133 0.000038133 0.999992788 11.473936081
0.999967992 0.003753862 0.007070460 0.559891701 -0.003762453 0.999992251 0.001202129 -1.390191078 -0.007065893 -0.001228693 0.999974251 13.769657135
0.999945939 0.004013804 0.009582866 0.628802478 -0.004052863 0.999983549 0.004060022 -1.628404856 -0.009566411 -0.004098641 0.999945819 16.064523697
0.999924242 0.003755083 0.011718730 0.715925217 -0.003820567 0.999977171 0.005570504 -1.852488875 -0.011697545 -0.005614854 0.999915838 18.357521057
0.999929667 0.002588324 0.011576063 0.847416937 -0.002647712 0.999983370 0.005117817 -2.071804762 -0.011562624 -0.005148107 0.999919891 20.610252380
0.999918282 0.000439911 0.012778447 0.949444234 -0.000466674 0.999997675 0.002091445 -2.281295538 -0.012777498 -0.002097238 0.999916136 22.884698868
0.999919415 -0.002609972 0.012417848 1.103094339 0.002596130 0.999996126 0.001130596 -2.534747839 -0.012420748 -0.001098267 0.999922276 25.233751297
0.999906123 -0.003210443 0.013319467 1.216621637 0.003215347 0.999994814 -0.000346801 -2.764615774 -0.013318284 0.000389595 0.999911189 27.533994675
0.999901116 -0.003610251 0.013589853 1.338196039 0.003623530 0.999993086 -0.000952608 -2.995733738 -0.013586320 0.001001757 0.999907136 29.796871185
0.999883235 -0.001809927 0.015177105 1.441693068 0.001783585 0.999996901 0.001748955 -3.228697062 -0.015180223 -0.001721681 0.999883235 32.076229095
0.999893904 -0.001420004 0.014494403 1.582388639 0.001363599 0.999991417 0.003900621 -3.451120377 -0.014499821 -0.003880442 0.999887347 34.342102051
0.999885142 0.000166210 0.015153298 1.701571941 -0.000264065 0.999979138 0.006455833 -3.663199425 -0.015151909 -0.006459094 0.999864399 36.643470764
0.999839962 0.002734720 0.017677503 1.790385842 -0.002839369 0.999978602 0.005897562 -3.874267101 -0.017660994 -0.005946812 0.999826372 38.909008026
0.999813437 0.001936708 0.019217430 1.912128210 -0.002039377 0.999983788 0.005324273 -4.097930431 -0.019206803 -0.005362471 0.999801219 41.192344666
0.999832988 -0.000250172 0.018274475 2.061167479 0.000176488 0.999991834 0.004033583 -4.330707550 -0.018275341 -0.004029685 0.999824822 43.500423431
0.999835670 -0.001173471 0.018088711 2.202644587 0.001122324 0.999995351 0.002837451 -4.552217960 -0.018091958 -0.002816684 0.999832273 45.783775330
0.999825537 -0.001364730 0.018628102 2.327243805 0.001330202 0.999997377 0.001865835 -4.783778191 -0.018630603 -0.001840730 0.999824762 48.065708160
0.999823034 -0.002527395 0.018641736 2.464115143 0.002486571 0.999994457 0.002212781 -5.014987946 -0.018647222 -0.002166035 0.999823809 50.354053497
0.999800026 -0.003154470 0.019745864 2.593267202 0.003110971 0.999992669 0.002233252 -5.239172935 -0.019752767 -0.002171377 0.999802530 52.627758026
0.999790907 -0.004438306 0.019962456 2.731305122 0.004387488 0.999987066 0.002588757 -5.475351334 -0.019973688 -0.002500630 0.999797344 54.915439606
0.999764085 -0.004796906 0.021183200 2.865415573 0.004735641 0.999984443 0.002941380 -5.707829475 -0.021196978 -0.002840370 0.999771416 57.204010010
0.999743879 -0.006259861 0.021744579 3.004191637 0.006181276 0.999974251 0.003679318 -5.935319424 -0.021767052 -0.003543967 0.999756813 59.469654083
0.999705493 -0.007753473 0.022995062 3.135107756 0.007681218 0.999965310 0.003228947 -6.163575172 -0.023019299 -0.003051367 0.999730349 61.738945007
0.999686956 -0.008913370 0.023378598 3.289032698 0.008844764 0.999956250 0.003036323 -6.388690948 -0.023404637 -0.002828594 0.999722004 63.989292145
0.999646723 -0.008165047 0.025293728 3.421549320 0.008075847 0.999960840 0.003626752 -6.610514164 -0.025322350 -0.003421202 0.999673486 66.259391785
0.999634862 -0.007249509 0.026028214 3.572840929 0.007146220 0.999966145 0.004059173 -6.839857101 -0.026056763 -0.003871688 0.999652922 68.508926392
0.999587357 -0.007483752 0.027733855 3.707823753 0.007385520 0.999966025 0.003642626 -7.064719200 -0.027760172 -0.003436293 0.999608696 70.761413574
0.999572217 -0.008337543 0.028033754 3.870144844 0.008274199 0.999962926 0.002374857 -7.291455746 -0.028052516 -0.002141885 0.999604166 73.007980347
0.999553323 -0.009163674 0.028445166 4.022355080 0.009094761 0.999955416 0.002551043 -7.515864849 -0.028467273 -0.002291202 0.999592066 75.275054932
0.999494672 -0.010558009 0.029981086 4.182549477 0.010502087 0.999942839 0.002022094 -7.749838829 -0.030000722 -0.001706207 0.999548376 77.542533875
0.999493718 -0.011233889 0.029766820 4.339695454 0.011187066 0.999935925 0.001739026 -7.977981567 -0.029784448 -0.001405142 0.999555349 79.767082214
0.999463677 -0.011670207 0.030596521 4.488853455 0.011629181 0.999931276 0.001518433 -8.199803352 -0.030612141 -0.001161806 0.999530673 82.020095825
0.999453485 -0.011771578 0.030888885 4.664738178 0.011745808 0.999930501 0.001015670 -8.420637131 -0.030898696 -0.000652300 0.999522269 84.301277161
0.999404132 -0.011562166 0.032521032 4.820626259 0.011517624 0.999932408 0.001556573 -8.642331123 -0.032536831 -0.001181080 0.999469876 86.554878235
0.999401927 -0.010571071 0.032925099 4.982268333 0.010473417 0.999940157 0.003136987 -8.885625839 -0.032956287 -0.002790272 0.999452889 88.829071045
0.999384284 -0.009462362 0.033785943 5.143406868 0.009336296 0.999948859 0.003887160 -9.115518570 -0.033820990 -0.003569331 0.999421537 91.085334778
0.999355972 -0.009392085 0.034637067 5.307642937 0.009259527 0.999949157 0.003985518 -9.341186523 -0.034672752 -0.003662227 0.999392033 93.338249207
0.999334514 -0.010072607 0.035058431 5.474853516 0.009956202 0.999944448 0.003493213 -9.561367035 -0.035091668 -0.003141840 0.999379277 95.592468262
0.999312699 -0.010378033 0.035586897 5.643384933 0.010251190 0.999940574 0.003744905 -9.782671928 -0.035623632 -0.003377524 0.999359548 97.830131531
0.999271929 -0.010049419 0.036805160 5.803509235 0.009920960 0.999944031 0.003671212 -10.020008087 -0.036839996 -0.003303397 0.999315739 100.067909241
0.999200702 -0.010007871 0.038700521 5.954259872 0.009829136 0.999940157 0.004805960 -10.237421036 -0.038746301 -0.004421726 0.999239326 102.291770935
0.999195278 -0.010823173 0.038620740 6.162901402 0.010654986 0.999932826 0.004558000 -10.459889412 -0.038667485 -0.004142829 0.999243498 104.537017822
0.999164104 -0.011656276 0.039182339 6.340828896 0.011457399 0.999920309 0.005296386 -10.676859856 -0.039240953 -0.004843031 0.999218047 106.763984680
0.999126077 -0.012994867 0.039725296 6.518615246 0.012783688 0.999902785 0.005565369 -10.894330978 -0.039793756 -0.005052669 0.999195158 109.009628296
0.999089301 -0.013916877 0.040335380 6.700682163 0.013660277 0.999884725 0.006630360 -11.122850418 -0.040422995 -0.006073329 0.999164224 111.256599426
0.999061525 -0.014532585 0.040803470 6.886704922 0.014327278 0.999883235 0.005319581 -11.344852448 -0.040876012 -0.004729986 0.999153018 113.511634827
0.999006093 -0.014901560 0.042008340 7.064733028 0.014718174 0.999880791 0.004671414 -11.565188408 -0.042072941 -0.004048485 0.999106348 115.750465393
0.998965144 -0.015109606 0.042899463 7.245882988 0.014910514 0.999876499 0.004957075 -11.788807869 -0.042969070 -0.004312292 0.999067008 117.984527588
0.998910248 -0.015285283 0.044098228 7.434240341 0.015047432 0.999870420 0.005720583 -12.007610321 -0.044179957 -0.005050785 0.999010742 120.235687256
0.998875737 -0.016209316 0.044549219 7.633294106 0.015939131 0.999852359 0.006413436 -12.232688904 -0.044646602 -0.005696151 0.998986483 122.444664001
0.998834193 -0.016900690 0.045216039 7.842855453 0.016634941 0.999842107 0.006247118 -12.462461472 -0.045314476 -0.005487669 0.998957694 124.710617065
0.998787344 -0.017616289 0.045973253 8.029722214 0.017383296 0.999834001 0.005462918 -12.685854912 -0.046061862 -0.004657126 0.998927653 126.980560303
0.998765886 -0.019002877 0.045886762 8.222472191 0.018747617 0.999806345 0.005986860 -12.904229164 -0.045991644 -0.005119205 0.998928726 129.238204956
0.998781681 -0.020289624 0.044983786 8.416756630 0.020029521 0.999780118 0.006225448 -13.120965958 -0.045100208 -0.005316860 0.998968303 131.488891602
0.998837709 -0.020533355 0.043607198 8.610877991 0.020231267 0.999768317 0.007357617 -13.335656166 -0.043748163 -0.006466836 0.999021709 133.721405029
0.998890400 -0.021675639 0.041808695 8.809158325 0.021405390 0.999746978 0.006900860 -13.555509567 -0.041947696 -0.005998272 0.999101818 135.970489502
0.998967826 -0.022490198 0.039462462 9.022240639 0.022259289 0.999732494 0.006281030 -13.765084267 -0.039593168 -0.005396142 0.999201357 138.193542480
0.998955846 -0.023015350 0.039468452 9.195842743 0.022776332 0.999719441 0.006495071 -13.987490654 -0.039606877 -0.005589341 0.999199688 140.469665527
0.998937249 -0.023217283 0.039814949 9.360644341 0.022964509 0.999713123 0.006794330 -14.195370674 -0.039961275 -0.005872779 0.999184012 142.702377319
0.998980582 -0.023359884 0.038628247 9.560143471 0.023067979 0.999701917 0.007985405 -14.425546646 -0.038803276 -0.007086188 0.999221742 144.914382935
0.998997211 -0.022428174 0.038749274 9.731592178 0.022173462 0.999729633 0.006990636 -14.642156601 -0.038895581 -0.006124420 0.999224484 147.146606445
0.999018192 -0.021235971 0.038880792 9.909257889 0.021036427 0.999763310 0.005534204 -14.858962059 -0.038989116 -0.004710857 0.999228537 149.388885498
0.999042094 -0.019784911 0.039031032 10.090603828 0.019621093 0.999797046 0.004575758 -15.077289581 -0.039113633 -0.003805544 0.999227524 151.625289917
0.999054313 -0.018964309 0.039129313 10.279088974 0.018791292 0.999812007 0.004784729 -15.295439720 -0.039212704 -0.004044913 0.999222696 153.857147217
0.999050379 -0.018453473 0.039470445 10.465037346 0.018261453 0.999819636 0.005219904 -15.514671326 -0.039559651 -0.004494159 0.999207079 156.122924805
0.999041319 -0.017233159 0.040242098 10.628599167 0.016980054 0.999833882 0.006623061 -15.734704971 -0.040349551 -0.005933398 0.999167979 158.306503296
0.998990238 -0.016760152 0.041684944 10.811489105 0.016462235 0.999836445 0.007480004 -15.950789452 -0.041803502 -0.006786224 0.999102771 160.545822144
0.998973489 -0.015142066 0.042691924 10.975368500 0.014745222 0.999845207 0.009595177 -16.171230316 -0.042830605 -0.008955825 0.999042213 162.800445557
0.998936355 -0.014735235 0.043694578 11.157793045 0.014374011 0.999859929 0.008569748 -16.370019913 -0.043814730 -0.007932565 0.999008179 165.051391602
0.998893321 -0.014035439 0.044890434 11.347784042 0.013718548 0.999878824 0.007359513 -16.584413528 -0.044988293 -0.006735538 0.998964787 167.287429810
0.998820484 -0.011986783 0.047051899 11.532855988 0.011629614 0.999901593 0.007857332 -16.800100327 -0.047141448 -0.007300870 0.998861492 169.521926880
0.998757899 -0.011810975 0.048404735 11.758400917 0.011434007 0.999902189 0.008057340 -17.027090073 -0.048495170 -0.007493872 0.998795331 171.759033203
0.998633802 -0.011967660 0.050865557 11.958289146 0.011580265 0.999901712 0.007903922 -17.240854263 -0.050955147 -0.007304086 0.998674333 174.017715454
0.998533964 -0.011712546 0.052846257 12.157948494 0.011288752 0.999901712 0.008310742 -17.455240250 -0.052938405 -0.007701989 0.998568058 176.270156860
0.998473227 -0.012639785 0.053771447 12.365148544 0.012162288 0.999883652 0.009198078 -17.669471741 -0.053881451 -0.008530052 0.998510897 178.502792358
0.998422861 -0.013700628 0.054443162 12.568634033 0.013236224 0.999872923 0.008881528 -17.875801086 -0.054557923 -0.008146901 0.998477340 180.736434937
0.998460293 -0.014656764 0.053502515 12.779033661 0.014203841 0.999860108 0.008835983 -18.096168518 -0.053624552 -0.008062436 0.998528600 183.006713867
0.998466969 -0.015976125 0.052994829 12.993242264 0.015529186 0.999840319 0.008834780 -18.312530518 -0.053127516 -0.007998268 0.998555720 185.250991821
0.998460889 -0.017801045 0.052527577 13.207520485 0.017309651 0.999802113 0.009795199 -18.524354935 -0.052691549 -0.008870888 0.998571396 187.486648560
0.998454154 -0.019045135 0.052216161 13.407991409 0.018605208 0.999787331 0.008898252 -18.728544235 -0.052374527 -0.007913005 0.998596072 189.710784912
0.998420477 -0.020267455 0.052399457 13.616791725 0.019846512 0.999766648 0.008541256 -18.943181992 -0.052560341 -0.007487819 0.998589635 191.950988770
0.998400450 -0.020901037 0.052532423 13.804570198 0.020490395 0.999755263 0.008343453 -19.160577774 -0.052693944 -0.007253697 0.998584509 194.178649902
0.998426795 -0.020687537 0.052115437 14.020205498 0.020250343 0.999755323 0.008903136 -19.376688004 -0.052286875 -0.007833774 0.998601377 196.409942627
0.998440683 -0.018568790 0.052644011 14.234399796 0.018084753 0.999789894 0.009655986 -19.592403412 -0.052812248 -0.008688874 0.998566687 198.645019531
0.998470485 -0.016510388 0.052763596 14.432743073 0.016082987 0.999834359 0.008514728 -19.802778244 -0.052895445 -0.007653108 0.998570740 200.912734985
0.998445272 -0.016256552 0.053317972 14.647349358 0.015863460 0.999843836 0.007787573 -20.013984680 -0.053436249 -0.006929658 0.998547196 203.172119141
0.998400569 -0.016824121 0.053974450 14.849696159 0.016396115 0.999830544 0.008362859 -20.222715378 -0.054106012 -0.007464512 0.998507202 205.397628784
0.998391747 -0.018103732 0.053722925 15.082069397 0.017644787 0.999803722 0.009004973 -20.446130753 -0.053875413 -0.008042561 0.998515248 207.636993408
0.998317778 -0.017866297 0.055157684 15.285545349 0.017397942 0.999808550 0.008959782 -20.644645691 -0.055307198 -0.007985080 0.998437405 209.882064819
0.998257041 -0.018592332 0.056010891 15.510273933 0.018037736 0.999783456 0.010390989 -20.877813339 -0.056191940 -0.009362568 0.998376012 212.122192383
0.998201191 -0.017143864 0.057449784 15.746328354 0.016543306 0.999803722 0.010912994 -21.089372635 -0.057625584 -0.009942954 0.998288691 214.354187012
0.997999549 -0.016365796 0.061065592 15.918475151 0.015734229 0.999817789 0.010809053 -21.287010193 -0.061231364 -0.009826612 0.998075247 216.596145630
0.997867048 -0.016500853 0.063161403 16.142251968 0.015825722 0.999812305 0.011174399 -21.492111206 -0.063333943 -0.010150987 0.997940779 218.821029663
0.997733831 -0.018145574 0.064791620 16.376781464 0.017442876 0.999782920 0.011394810 -21.689441681 -0.064984336 -0.010238837 0.997833729 221.045394897
0.997630775 -0.019088425 0.066095941 16.610031128 0.018331589 0.999759495 0.012038263 -21.889675140 -0.066309862 -0.010798099 0.997740626 223.272003174
0.997556329 -0.020927813 0.066659160 16.855928421 0.020204507 0.999729574 0.011506609 -22.102645874 -0.066881947 -0.010131676 0.997709453 225.488830566
0.997517943 -0.022093158 0.066856571 17.100723267 0.021388832 0.999708056 0.011232525 -22.303506851 -0.067085207 -0.009774661 0.997699380 227.741271973
0.997453153 -0.022221254 0.067775220 17.330957413 0.021499112 0.999704242 0.011365906 -22.503139496 -0.068007745 -0.009879853 0.997635841 229.977630615
0.997386992 -0.023438400 0.068336450 17.575836182 0.022782300 0.999686718 0.010364663 -22.711486816 -0.068557955 -0.008780719 0.997608483 232.216232300
0.997332633 -0.024304742 0.068825550 17.819278717 0.023571113 0.999656618 0.011451457 -22.914310455 -0.069080226 -0.009798617 0.997562945 234.453918457
0.997293472 -0.023815826 0.069558769 18.074438095 0.023025425 0.999661148 0.012142892 -23.125364304 -0.069824383 -0.010508408 0.997503936 236.696228027
0.997261107 -0.023481194 0.070135176 18.315544128 0.022700267 0.999671459 0.011911009 -23.322957993 -0.070391811 -0.010286295 0.997466385 238.916900635
0.997233927 -0.023621295 0.070475541 18.563364029 0.022825809 0.999666691 0.012071597 -23.526842117 -0.070737198 -0.010429544 0.997440457 241.132247925
0.997180760 -0.023963375 0.071107596 18.812963486 0.023148101 0.999656796 0.012267414 -23.729814529 -0.071377166 -0.010586825 0.997393191 243.379165649
0.997142255 -0.024388963 0.071502045 19.061981201 0.023609539 0.999652505 0.011725866 -23.940328598 -0.071763165 -0.010004227 0.997371554 245.601226807
0.997140229 -0.024235817 0.071582429 19.319410324 0.023480542 0.999659598 0.011373921 -24.151664734 -0.071833737 -0.009660600 0.997369766 247.836685181
0.997100592 -0.024526751 0.072033778 19.573205948 0.023723386 0.999646604 0.011987179 -24.358432770 -0.072302349 -0.010243538 0.997330129 250.067855835
0.997063160 -0.025838908 0.072093055 19.835636139 0.025035830 0.999614239 0.012021115 -24.563043594 -0.072375841 -0.010180901 0.997325480 252.293746948
0.997053087 -0.026243512 0.072086073 20.097631454 0.025386926 0.999596179 0.012773525 -24.768737793 -0.072392181 -0.010905840 0.997316599 254.546783447
0.997025549 -0.027064681 0.072164483 20.345333099 0.026188202 0.999571681 0.013064345 -24.972774506 -0.072487161 -0.011135627 0.997307181 256.766937256
0.997009754 -0.027513042 0.072211742 20.615482330 0.026546055 0.999545038 0.014316848 -25.205970764 -0.072572790 -0.012357101 0.997286558 259.040527344
0.996974051 -0.027022509 0.072888650 20.870935440 0.026087698 0.999565125 0.013747097 -25.403383255 -0.073228441 -0.011804000 0.997245312 261.285552979
0.996948183 -0.027181402 0.073180452 21.134197235 0.026290461 0.999568284 0.013110673 -25.601383209 -0.073505223 -0.011146716 0.997232556 263.536529541
0.996911645 -0.026433254 0.073948093 21.394565582 0.025548344 0.999590456 0.012887171 -25.810821533 -0.074258454 -0.010958121 0.997178793 265.773254395
0.996872246 -0.025680127 0.074740812 21.658105850 0.024802623 0.999612391 0.012645340 -26.004465103 -0.075036578 -0.010752019 0.997122765 268.008941650
0.996735215 -0.025567794 0.076586492 21.912895203 0.024630327 0.999610126 0.013160485 -26.228494644 -0.076893128 -0.011231164 0.996976197 270.272216797
0.996662438 -0.026427511 0.077237785 22.195390701 0.025422677 0.999579310 0.013964259 -26.439083099 -0.077574342 -0.011954061 0.996914983 272.524810791
0.996453106 -0.026529679 0.079858519 22.444610596 0.025467124 0.999573410 0.014294919 -26.634780884 -0.080203697 -0.012210446 0.996703684 274.768218994
0.996372640 -0.026485637 0.080871053 22.728889465 0.025296016 0.999556720 0.015699536 -26.829217911 -0.081251018 -0.013596872 0.996600926 277.009552002
0.996366858 -0.025160806 0.081363820 23.026908875 0.023864115 0.999572873 0.016870476 -27.027544022 -0.081753552 -0.014867508 0.996541679 279.260833740
0.996254623 -0.025237354 0.082702659 23.308542252 0.023886176 0.999565184 0.017286846 -27.226268768 -0.083102979 -0.015246652 0.996424437 281.516235352
0.996126890 -0.024517847 0.084440269 23.574851990 0.023055770 0.999567568 0.018246947 -27.424419403 -0.084851138 -0.016229438 0.996261477 283.761047363
0.996169031 -0.023934655 0.084108889 23.880674362 0.022614088 0.999606133 0.016618628 -27.603845596 -0.084473513 -0.014652917 0.996317983 286.020263672
0.996052086 -0.023391029 0.085633330 24.147773743 0.022082975 0.999624968 0.016190734 -27.800025940 -0.085979924 -0.014235772 0.996195138 288.249298096
0.996067345 -0.023735646 0.085360602 24.431697845 0.022487842 0.999626100 0.015550158 -27.992839813 -0.085697770 -0.013569430 0.996228755 290.511718750
0.996078312 -0.024004268 0.085157730 24.719470978 0.022816291 0.999628782 0.014896354 -28.181468964 -0.085483678 -0.012894954 0.996256053 292.748687744
0.996070445 -0.024198174 0.085194312 25.000125885 0.023037948 0.999628305 0.014575606 -28.382766724 -0.085515350 -0.012555631 0.996257722 294.979766846
0.996069074 -0.024255432 0.085194550 25.282375336 0.023076704 0.999624252 0.014793510 -28.582645416 -0.085521378 -0.012769346 0.996254504 297.203735352
0.996038675 -0.023888655 0.085652411 25.561492920 0.022675395 0.999628603 0.015110143 -28.774826050 -0.085981570 -0.013108086 0.996210515 299.436859131
0.995998502 -0.023272151 0.086286157 25.835929871 0.021980641 0.999632120 0.015887853 -28.974735260 -0.086624146 -0.013927655 0.996143639 301.669738770
0.995980084 -0.023610115 0.086407654 26.126102448 0.022297116 0.999621272 0.016129300 -29.172252655 -0.086755753 -0.014137822 0.996129215 303.925201416
0.995964050 -0.023552680 0.086607866 26.417076111 0.022228047 0.999621212 0.016227433 -29.362030029 -0.086957276 -0.014236816 0.996110320 306.157287598
0.995942056 -0.024122221 0.086703509 26.703006744 0.022803331 0.999609113 0.016170012 -29.565303802 -0.087059677 -0.014127264 0.996102870 308.395751953
0.995884120 -0.025132146 0.087081380 26.993696213 0.023764184 0.999577940 0.016710382 -29.762065887 -0.087464593 -0.014572190 0.996061027 310.657531738
0.995860040 -0.024830747 0.087444127 27.284053802 0.023519026 0.999595344 0.015999289 -29.956237793 -0.087806031 -0.013876455 0.996040881 312.902648926
0.995873153 -0.024762798 0.087312117 27.578254700 0.023384769 0.999585867 0.016770648 -30.153472900 -0.087691247 -0.014659671 0.996039748 315.140655518
0.995826483 -0.023423687 0.088211231 27.866670609 0.022107864 0.999629676 0.015864400 -30.347484589 -0.088550173 -0.013848026 0.995975435 317.380737305
0.995852709 -0.021636210 0.088370070 28.152893066 0.020288883 0.999664247 0.016116407 -30.539886475 -0.088689096 -0.014256636 0.995957315 319.616119385
0.995793879 -0.020920971 0.089201421 28.435024261 0.019596661 0.999684751 0.015696405 -30.737365723 -0.089501694 -0.013882333 0.995889843 321.840026855
0.995759130 -0.020313228 0.089727417 28.719640732 0.018929204 0.999688923 0.016248917 -30.930255890 -0.090029553 -0.014481541 0.995833814 324.083160400
0.995761633 -0.019524088 0.089875028 29.011930466 0.018009217 0.999682188 0.017635595 -31.132396698 -0.090190798 -0.015942274 0.995796859 326.304931641
0.995702803 -0.019599043 0.090508439 29.289953232 0.018110393 0.999687374 0.017239768 -31.326286316 -0.090818025 -0.015526543 0.995746434 328.545104980
0.995680451 -0.021042161 0.090429805 29.588014603 0.019630469 0.999671578 0.016472152 -31.517189026 -0.090746723 -0.014625820 0.995766580 330.777374268
0.995683610 -0.020657552 0.090484373 29.875942230 0.019258110 0.999681473 0.016312033 -31.712121964 -0.090792529 -0.014499067 0.995764256 332.994018555
0.995630860 -0.020856325 0.091016725 30.163911819 0.019374076 0.999665380 0.017138762 -31.900903702 -0.091343708 -0.015300520 0.995701790 335.243011475
0.995676160 -0.021540217 0.090360627 30.470205307 0.020071987 0.999651790 0.017126000 -32.091396332 -0.090698071 -0.015238233 0.995761812 337.479705811
0.995632172 -0.021173473 0.090930082 30.749990463 0.019643491 0.999650598 0.017688140 -32.290904999 -0.091272838 -0.015824698 0.995700121 339.718811035
0.995646715 -0.021579742 0.090675168 31.047710419 0.020101968 0.999650359 0.017179284 -32.482574463 -0.091014184 -0.015281747 0.995732307 341.958831787
0.995626986 -0.021799322 0.090838380 31.336799622 0.020270247 0.999637604 0.017721683 -32.674015045 -0.091191769 -0.015802873 0.995707870 344.206420898
0.995691895 -0.021092316 0.090291984 31.634901047 0.019551665 0.999648333 0.017913688 -32.867370605 -0.090638079 -0.016071158 0.995754242 346.456115723
0.995710969 -0.020620251 0.090191372 31.923643112 0.019096937 0.999660611 0.017720329 -33.056007385 -0.090526149 -0.015921941 0.995766938 348.678924561
0.995628238 -0.020143468 0.091205910 32.208187103 0.018544596 0.999659657 0.018344047 -33.254333496 -0.091544375 -0.016572472 0.995663047 350.915405273
0.995689690 -0.019980449 0.090569399 32.504669189 0.018354058 0.999655604 0.018754924 -33.444561005 -0.090912960 -0.017011767 0.995713532 353.130401611
0.995717227 -0.019403338 0.090391867 32.796512604 0.017820379 0.999673903 0.018286556 -33.636940002 -0.090717219 -0.016597426 0.995738328 355.374938965
0.995738447 -0.019564753 0.090122953 33.090339661 0.017959090 0.999665856 0.018593034 -33.826122284 -0.090456598 -0.016895274 0.995757043 357.604309082
0.995840967 -0.019332318 0.089033931 33.392871857 0.017643752 0.999649942 0.019713625 -34.020858765 -0.089383885 -0.018060738 0.995833397 359.838256836
0.995869577 -0.019361138 0.088706255 33.685112000 0.017664829 0.999646485 0.019868143 -34.213764191 -0.089059576 -0.018219100 0.995859683 362.075775146
0.995924830 -0.019251131 0.088107929 33.981681824 0.017529275 0.999640703 0.020274796 -34.401821136 -0.088466585 -0.018647704 0.995904565 364.314514160
0.995970786 -0.019187704 0.087601729 34.272670746 0.017530739 0.999653220 0.019645207 -34.590232849 -0.087948337 -0.018030327 0.995961845 366.560211182
0.995990396 -0.019829631 0.087234609 34.559864044 0.018187992 0.999642968 0.019573482 -34.780330658 -0.087591618 -0.017908378 0.995995462 368.806793213
0.995982647 -0.019574391 0.087380886 34.839237213 0.018004006 0.999662578 0.018723885 -34.963073730 -0.087717928 -0.017075460 0.995998979 371.057434082
0.996054530 -0.020307073 0.086388424 35.132568359 0.018758789 0.999649227 0.018696591 -35.155052185 -0.086737789 -0.017002283 0.996086061 373.301116943
0.996209741 -0.020256521 0.084592141 35.436309814 0.018734822 0.999648809 0.018743986 -35.336410522 -0.084942102 -0.017088121 0.996239305 375.542602539
0.996068001 -0.019559350 0.086405531 35.702232361 0.017904270 0.999641776 0.019888455 -35.531635284 -0.086763591 -0.018263225 0.996061504 377.819213867
0.996044457 -0.020152835 0.086541034 35.982444763 0.018466212 0.999624491 0.020245882 -35.722976685 -0.086916551 -0.018567715 0.996042490 380.056091309
0.996062040 -0.020065734 0.086358525 36.276321411 0.018393340 0.999628425 0.020118112 -35.904296875 -0.086730130 -0.018450463 0.996060908 382.311462402
0.996074975 -0.019153925 0.086414710 36.567733765 0.017456319 0.999640346 0.020358024 -36.093986511 -0.086773567 -0.018769644 0.996051192 384.565216064
0.996073008 -0.018170247 0.086651325 36.856815338 0.016455002 0.999655068 0.020468168 -36.280616760 -0.086993337 -0.018961942 0.996028423 386.836639404
0.996090651 -0.016546037 0.086773276 37.152240753 0.014864068 0.999689579 0.019993978 -36.466648102 -0.087077178 -0.018626010 0.996027410 389.107421875
0.996067703 -0.015191219 0.087282740 37.433937073 0.013491655 0.999708295 0.020029003 -36.656528473 -0.087561563 -0.018772652 0.995982230 391.381652832
0.996111870 -0.013993723 0.086980268 37.731800079 0.012145198 0.999689758 0.021745246 -36.848617554 -0.087257594 -0.020604307 0.995972693 393.643890381
0.996052325 -0.012761258 0.087845013 38.013572693 0.010887980 0.999703646 0.021771075 -37.031250000 -0.088096797 -0.020728674 0.995896339 395.906524658
0.996012986 -0.012639196 0.088307843 38.307842255 0.010883458 0.999733984 0.020335298 -37.223381042 -0.088541366 -0.019293128 0.995885611 398.176818848
0.995945811 -0.012617501 0.089065664 38.592826843 0.010887351 0.999742925 0.019884741 -37.413841248 -0.089293674 -0.018834434 0.995827198 400.439056396
0.995777845 -0.013647504 0.090774484 38.862907410 0.011758131 0.999703586 0.021316240 -37.600463867 -0.091038473 -0.020158900 0.995643318 402.677612305
0.995794296 -0.014955497 0.090388156 39.175350189 0.012980188 0.999664783 0.022402132 -37.791950226 -0.090692900 -0.021134662 0.995654583 404.973114014
0.995799005 -0.015411429 0.090259865 39.472496033 0.013469629 0.999665439 0.022083212 -37.972564697 -0.090569995 -0.020774676 0.995673418 407.224273682
0.995700955 -0.014513063 0.091482431 39.765781403 0.012622562 0.999695361 0.021210032 -38.151630402 -0.091762379 -0.019964105 0.995580792 409.471954346
0.995665431 -0.013710018 0.091991097 40.067436218 0.011762444 0.999695778 0.021680228 -38.343242645 -0.092260331 -0.020504214 0.995523810 411.729553223
0.995620668 -0.012671793 0.092623554 40.359260559 0.010740894 0.999715090 0.021315627 -38.529853821 -0.092867263 -0.020227417 0.995473027 413.977752686
0.995528102 -0.011912649 0.093710870 40.656185150 0.009944363 0.999720633 0.021442845 -38.716026306 -0.093940139 -0.020415062 0.995368540 416.248260498
0.995476365 -0.012472643 0.094188727 40.961471558 0.010489868 0.999713421 0.021516958 -38.905887604 -0.094430126 -0.020431595 0.995321810 418.505981445
0.995369196 -0.012273039 0.095338993 41.250396729 0.010273855 0.999717534 0.021431869 -39.088237762 -0.095575094 -0.020353124 0.995214105 420.761169434
0.995293379 -0.012990938 0.096032992 41.545665741 0.011005763 0.999715209 0.021172689 -39.273273468 -0.096280694 -0.020016121 0.995152891 423.014709473
0.995248914 -0.013575885 0.096411191 41.852939606 0.011479913 0.999686241 0.022261456 -39.459095001 -0.096683152 -0.021048892 0.995092630 425.282623291
0.995176613 -0.012686681 0.097275496 42.149303436 0.010496817 0.999680579 0.022990802 -39.643875122 -0.097536109 -0.021858828 0.994991839 427.529418945
0.995126784 -0.011819633 0.097891845 42.463462830 0.009534094 0.999671698 0.023782546 -39.825759888 -0.098140799 -0.022733340 0.994912863 429.805358887
0.995051622 -0.011804837 0.098654754 42.769596100 0.009488936 0.999669015 0.023911141 -40.007076263 -0.098904379 -0.022856694 0.994834423 432.080047607
0.995009243 -0.012276244 0.099024311 43.082546234 0.010009755 0.999677122 0.023352662 -40.198471069 -0.099279031 -0.022244904 0.994810939 434.340301514
0.994930625 -0.011570266 0.099895328 43.378078461 0.009220708 0.999670625 0.023949953 -40.374229431 -0.100139521 -0.022907438 0.994709671 436.597900391
0.994883776 -0.011845900 0.100329444 43.690399170 0.009458068 0.999661386 0.024242241 -40.559726715 -0.100582637 -0.023169288 0.994658887 438.874755859
0.994929790 -0.011501463 0.099912025 44.017330170 0.009083625 0.999655604 0.024620982 -40.739604950 -0.100160800 -0.023588583 0.994691551 441.153259277
0.994949937 -0.011758895 0.099681102 44.337413788 0.009285654 0.999638319 0.025239294 -40.921779633 -0.099941827 -0.024186227 0.994699240 443.416137695
0.994854450 -0.012451794 0.100545503 44.645824432 0.009889591 0.999614537 0.025941370 -41.105262756 -0.100829773 -0.024813537 0.994594216 445.671325684
0.994856775 -0.012755193 0.100485511 44.966117859 0.010223865 0.999618232 0.025665844 -41.283462524 -0.100774512 -0.024506491 0.994607449 447.934814453
0.994847715 -0.012232280 0.100639865 45.287715912 0.009708894 0.999626994 0.025525156 -41.466156006 -0.100914530 -0.024416538 0.994595587 450.194213867
0.994792700 -0.011909361 0.101220198 45.599380493 0.009395428 0.999636292 0.025276840 -41.650218964 -0.101484410 -0.024194213 0.994542897 452.454772949
0.994706869 -0.011035873 0.102158748 45.909130096 0.008516935 0.999649584 0.025060538 -41.817382812 -0.102399535 -0.024057809 0.994452417 454.726684570
0.994655967 -0.011498354 0.102602191 46.219856262 0.008972375 0.999646127 0.025046784 -42.006504059 -0.102853857 -0.023992356 0.994407058 456.991577148
0.994693756 -0.010931248 0.102297798 46.553623199 0.008462221 0.999663055 0.024538599 -42.188049316 -0.102531582 -0.023542721 0.994451106 459.276336670
0.994665325 -0.009667273 0.102700412 46.867549896 0.007133472 0.999661744 0.025010461 -42.367141724 -0.102907464 -0.024144430 0.994397998 461.552062988
0.994688272 -0.009325105 0.102509968 47.188690186 0.006682516 0.999637127 0.026092121 -42.542732239 -0.102716103 -0.025268501 0.994389713 463.823913574
0.994724691 -0.009091366 0.102177106 47.503044128 0.006429616 0.999632120 0.026349580 -42.714317322 -0.102379076 -0.025553616 0.994417131 466.090362549
0.994768560 -0.009250343 0.101733893 47.821968079 0.006708229 0.999657333 0.025301659 -42.891006470 -0.101933084 -0.024486849 0.994489789 468.371765137
0.994839847 -0.009322161 0.101028830 48.153686523 0.006836351 0.999665976 0.024923308 -43.074790955 -0.101227425 -0.024104031 0.994571269 470.671447754
0.994895279 -0.009694225 0.100447103 48.472053528 0.007073117 0.999625921 0.026417769 -43.267967224 -0.100665636 -0.025572440 0.994591534 472.949401855
0.994904220 -0.009733309 0.100353919 48.788326263 0.007040829 0.999606609 0.027149193 -43.449783325 -0.100578696 -0.026304275 0.994581282 475.227874756
0.994888008 -0.008096460 0.100659482 49.084949493 0.005450497 0.999633074 0.026533570 -43.610122681 -0.100837380 -0.025849288 0.994567037 477.511749268
0.994902134 -0.007934136 0.100532629 49.401672363 0.005249401 0.999623179 0.026941584 -43.784893036 -0.100708514 -0.026276501 0.994568884 479.786437988
0.994915724 -0.008483556 0.100352824 49.718975067 0.005745122 0.999603987 0.027545677 -43.960670471 -0.100546762 -0.026829088 0.994570673 482.058410645
0.994996607 -0.009042145 0.099498861 50.037715912 0.006389126 0.999616385 0.026950251 -44.136882782 -0.099704392 -0.026179697 0.994672656 484.325103760
0.995020568 -0.009249904 0.099239826 50.351619720 0.006557148 0.999602437 0.027425779 -44.317359924 -0.099454038 -0.026638482 0.994685531 486.611022949
0.995045781 -0.009662990 0.098947167 50.646286011 0.006966393 0.999595821 0.027562220 -44.487194061 -0.099173501 -0.026736360 0.994710922 488.875610352
0.995067596 -0.009327603 0.098759383 50.965721130 0.006567009 0.999579549 0.028241001 -44.659545898 -0.098981299 -0.027453152 0.994710505 491.177490234
0.995175779 -0.008802534 0.097712286 51.293601990 0.006049788 0.999577403 0.028432578 -44.827888489 -0.097921297 -0.027704276 0.994808435 493.462066650
0.995165765 -0.007674853 0.097908936 51.596084595 0.004969019 0.999599695 0.027850214 -44.991458893 -0.098083496 -0.027229065 0.994805634 495.753540039
0.995176315 -0.007283129 0.097831525 51.908470154 0.004622466 0.999614120 0.027395543 -45.168373108 -0.097993284 -0.026811181 0.994825840 498.026336670
0.995204866 -0.007374336 0.097534120 52.216918945 0.004645620 0.999592185 0.028174613 -45.342796326 -0.097702116 -0.027586404 0.994833410 500.309936523
0.995193064 -0.006535338 0.097714379 52.519168854 0.003798688 0.999596000 0.028166475 -45.514373779 -0.097858980 -0.027659893 0.994815826 502.596740723
0.995251954 -0.005545713 0.097174220 52.837345123 0.002865059 0.999612093 0.027703909 -45.692901611 -0.097290158 -0.027293961 0.994881749 504.881225586
0.995255470 -0.005265312 0.097153425 53.144592285 0.002513937 0.999592900 0.028420605 -45.864871979 -0.097263500 -0.028041529 0.994863570 507.166717529
0.995255530 -0.005792322 0.097123303 53.455402374 0.003120988 0.999613225 0.027633959 -46.043281555 -0.097245805 -0.027199725 0.994888663 509.462005615
0.995290279 -0.006410304 0.096727446 53.776489258 0.003673214 0.999588490 0.028448511 -46.222404480 -0.096870005 -0.027959228 0.994904280 511.767211914
0.995267868 -0.005899780 0.096989989 54.084545135 0.003148131 0.999588847 0.028499031 -46.391983032 -0.097118258 -0.028058836 0.994877219 514.081115723
0.995292485 -0.005497499 0.096760936 54.398506165 0.002755282 0.999591410 0.028450951 -46.568588257 -0.096877821 -0.028050413 0.994900942 516.381530762
0.995282590 -0.004562214 0.096910335 54.699649811 0.001838055 0.999601185 0.028180806 -46.744358063 -0.097000241 -0.027869742 0.994894147 518.670715332
0.995224774 -0.002618267 0.097574592 55.010112762 -0.000178710 0.999589622 0.028645253 -46.922344208 -0.097609535 -0.028525902 0.994815886 520.963195801
0.995104134 -0.000553748 0.098830618 55.320625305 -0.002294862 0.999585211 0.028707139 -47.094444275 -0.098805539 -0.028793395 0.994690120 523.293151855
0.995028436 0.000367575 0.099589854 55.635841370 -0.003356239 0.999548852 0.029843854 -47.260169983 -0.099533938 -0.030029735 0.994581044 525.600708008
0.994980156 -0.000232378 0.100072064 55.950637817 -0.002764347 0.999551892 0.029805964 -47.431529999 -0.100034133 -0.029932981 0.994533658 527.900085449
0.994964480 -0.002191665 0.100204267 56.267543793 -0.000929103 0.999516249 0.031086799 -47.597305298 -0.100223906 -0.031023361 0.994481146 530.197143555
0.994894266 -0.003853838 0.100848846 56.592288971 0.000754910 0.999526858 0.030748582 -47.764274597 -0.100919619 -0.030515460 0.994426489 532.506896973
0.994869530 -0.003843670 0.101093449 56.912246704 0.000793314 0.999543667 0.030196533 -47.931297302 -0.101163387 -0.029961409 0.994418502 534.812316895
0.994771183 -0.004152608 0.102044292 57.237297058 0.001077626 0.999544144 0.030170472 -48.104309082 -0.102123052 -0.029902749 0.994322240 537.122131348
0.994666219 -0.003487508 0.103086486 57.554016113 0.000430856 0.999559999 0.029658737 -48.277881622 -0.103144556 -0.029456131 0.994230151 539.427551270
0.994530916 -0.002816814 0.104404412 57.873218536 -0.000270931 0.999563277 0.029548887 -48.455085754 -0.104442053 -0.029415565 0.994095862 541.745483398
0.994453371 -0.002581349 0.105146162 58.202648163 -0.000422800 0.999592602 0.028538862 -48.626552582 -0.105176978 -0.028425027 0.994047105 544.065490723
0.994302809 -0.002533783 0.106561504 58.517444611 -0.000581032 0.999573767 0.029189004 -48.796443939 -0.106590033 -0.029084630 0.993877530 546.389648438
0.994224608 -0.002998455 0.107277334 58.840316772 -0.000227701 0.999548435 0.030048162 -48.973609924 -0.107318997 -0.029899050 0.993774951 548.679321289
0.994143724 -0.003430109 0.108011752 59.169044495 0.000120611 0.999530733 0.030631794 -49.148986816 -0.108066149 -0.030439379 0.993677557 550.976928711
0.994184911 -0.004604463 0.107588165 59.514251709 0.001423099 0.999560118 0.029627917 -49.316581726 -0.107677229 -0.029302523 0.993753970 553.282409668
0.994160473 -0.004670355 0.107810557 59.854152679 0.001389423 0.999534190 0.030487465 -49.493331909 -0.107902713 -0.030159635 0.993703842 555.597656250
0.994076610 -0.004404232 0.108592480 60.185558319 0.001045686 0.999519885 0.030965546 -49.663146973 -0.108676739 -0.030668572 0.993603945 557.902099609
0.994043648 -0.004014986 0.108908884 60.525257111 0.000504164 0.999479830 0.032244720 -49.834136963 -0.108981691 -0.031997748 0.993528605 560.230590820
0.994049907 -0.004837630 0.108817406 60.871814728 0.001237817 0.999450445 0.033124477 -50.006221771 -0.108917832 -0.032792691 0.993509650 562.552001953
0.994016349 -0.004298107 0.109146476 61.215602875 0.000593058 0.999423027 0.033955455 -50.171222687 -0.109229453 -0.033687543 0.993445575 564.862365723
0.993973315 -0.003412130 0.109569199 61.563953400 -0.000273835 0.999435008 0.033607870 -50.341587067 -0.109621979 -0.033435326 0.993410826 567.183837891
0.993961036 -0.002771533 0.109698832 61.916595459 -0.000737040 0.999489844 0.031930208 -50.499336243 -0.109731361 -0.031818241 0.993451893 569.511779785
0.993906975 -0.002339583 0.110197246 62.270866394 -0.001205471 0.999484181 0.032092471 -50.666648865 -0.110215485 -0.032029774 0.993391514 571.834472656
0.993913352 -0.002134935 0.110143214 62.617156982 -0.001540354 0.999445260 0.033272393 -50.837993622 -0.110153154 -0.033239540 0.993358612 574.201049805
0.993895411 -0.002267586 0.110302351 62.970745087 -0.001581219 0.999393284 0.034793239 -51.009338379 -0.110314332 -0.034755260 0.993288875 576.506225586
0.993709266 -0.001646786 0.111978740 63.286315918 -0.002160657 0.999423802 0.033871628 -51.191810608 -0.111970000 -0.033900496 0.993133187 578.907897949
0.993769050 -0.002159580 0.111438222 63.645332336 -0.001609162 0.999430060 0.033718098 -51.350215912 -0.111447535 -0.033687323 0.993199229 581.244995117
0.993712246 -0.003239824 0.111917324 63.994640350 -0.000756440 0.999364138 0.035646379 -51.529602051 -0.111961670 -0.035506904 0.993077993 583.563537598
0.993788540 -0.003114914 0.111241862 64.352058411 -0.000866212 0.999361336 0.035721768 -51.687973022 -0.111282110 -0.035596237 0.993151188 585.880493164
0.993712485 -0.006298478 0.111784920 64.715652466 0.002423960 0.999392688 0.034762580 -51.863838196 -0.111935988 -0.034273051 0.993124127 588.261291504
0.993754923 -0.006485305 0.111395739 65.069770813 0.002627233 0.999392867 0.034745853 -52.019996643 -0.111553445 -0.034236204 0.993168473 590.603698730
0.993752718 -0.008345677 0.111291826 65.420143127 0.004462290 0.999373913 0.035097267 -52.179370880 -0.111515060 -0.034381390 0.993167818 592.938354492
0.993832171 -0.009017790 0.110527508 65.785018921 0.005146480 0.999364853 0.035261121 -52.340843201 -0.110775284 -0.034474809 0.993247390 595.291931152
