1.000000000 0.000000000 0.000000000 0.000000000 0.000000000 1.000000000 0.000000000 0.000000000 0.000000000 0.000000000 1.000000000 0.000000000
0.999999881 0.000160395 0.000417744 0.086389534 -0.000160348 1.000000000 -0.000114354 -0.226378247 -0.000417763 0.000114287 0.999999881 2.287850618
0.999999166 0.000523526 0.001157658 0.164846390 -0.000523948 0.999999821 0.000364707 -0.462585330 -0.001157467 -0.000365313 0.999999225 4.583093166
0.999998510 0.000218376 0.001718853 0.261579871 -0.000219336 0.999999821 0.000558269 -0.693890154 -0.001718730 -0.000558645 0.999998391 6.874103069
0.999996483 0.000201854 0.002635536 0.355452955 -0.000199008 0.999999344 -0.001079826 -0.925813913 -0.002635753 0.001079298 0.999995947 9.168976784
0.999987423 0.001907930 0.004637718 0.448110580 -0.001908560 0.999998152 0.000131318 -1.159763455 -0.004637459 -0.000140168 0.999989212 11.473867416
0.999963224 0.003917337 0.007642699 0.526612282 -0.003926500 0.999991596 0.001184212 -1.388915539 -0.007637997 -0.001214177 0.999970078 13.791566849
0.999947548 0.003644019 0.009575078 0.641162813 -0.003677670 0.999987125 0.003499199 -1.616210818 -0.009562203 -0.003534229 0.999947965 16.061687469
0.999941349 0.003823040 0.010125233 0.775206089 -0.003873215 0.999980271 0.004940498 -1.850269437 -0.010106143 -0.004979425 0.999936521 18.412681580
0.999931157 0.003045337 0.011324608 0.895630896 -0.003104407 0.999981582 0.005202138 -2.075219154 -0.011308555 -0.005236936 0.999922395 20.701547623
0.999927342 0.000624642 0.012035058 1.008806825 -0.000656279 0.999996305 0.002624946 -2.301199198 -0.012033375 -0.002632654 0.999924123 23.019523621
0.999915361 -0.001665888 0.012903109 1.116250634 0.001658128 0.999998391 0.000612043 -2.522297859 -0.012904110 -0.000590597 0.999916494 25.301939011
0.999916613 -0.002286518 0.012707640 1.255107164 0.002287011 0.999997377 -0.000024247 -2.771809101 -0.012707551 0.000053307 0.999919236 27.614864349
0.999906242 -0.001974100 0.013546571 1.363045454 0.001988054 0.999997556 -0.001016765 -2.998333693 -0.013544526 0.001043602 0.999907732 29.901544571
0.999891162 0.000401711 0.014745641 1.477035046 -0.000422995 0.999998868 0.001440329 -3.228868246 -0.014745045 -0.001446409 0.999890208 32.181926727
0.999887884 0.002467816 0.014773628 1.608030558 -0.002518978 0.999990880 0.003445467 -3.448618412 -0.014764990 -0.003482295 0.999884963 34.463306427
0.999852598 0.004920739 0.016447837 1.718865633 -0.005046444 0.999958277 0.007609856 -3.683684111 -0.016409704 -0.007691737 0.999835789 36.770793915
0.999828458 0.006765191 0.017244538 1.835304737 -0.006887291 0.999951541 0.007030947 -3.902099609 -0.017196139 -0.007148509 0.999826610 39.043289185
0.999799371 0.005744387 0.019196190 1.942685962 -0.005853655 0.999966979 0.005640823 -4.109854221 -0.019163154 -0.005752059 0.999799848 41.346832275
0.999805629 0.003294997 0.019442286 2.067427397 -0.003379406 0.999985039 0.004310192 -4.333624840 -0.019427793 -0.004375057 0.999801695 43.625675201
0.999825120 0.002409879 0.018545251 2.217391729 -0.002480358 0.999989808 0.003778302 -4.565325260 -0.018535953 -0.003823640 0.999820888 45.872390747
0.999818683 0.001908098 0.018945916 2.340824127 -0.001962285 0.999994040 0.002841881 -4.795760155 -0.018940376 -0.002878543 0.999816477 48.146209717
0.999819934 0.000658387 0.018972423 2.476153612 -0.000722386 0.999994099 0.003366636 -5.026093483 -0.018970093 -0.003379735 0.999814332 50.422817230
0.999798894 0.000073173 0.020054318 2.603049278 -0.000152445 0.999992132 0.003951382 -5.251008034 -0.020053869 -0.003953644 0.999791205 52.685928345
0.999795377 -0.001182885 0.020192809 2.740323544 0.001104201 0.999991775 0.003907342 -5.479799271 -0.020197263 -0.003884246 0.999788463 54.967754364
0.999765635 -0.001636337 0.021585753 2.860399246 0.001544329 0.999989569 0.004278472 -5.708889008 -0.021592531 -0.004244133 0.999757826 57.269439697
0.999753594 -0.002992168 0.021993209 3.001534224 0.002884175 0.999983609 0.004940336 -5.934012413 -0.022007629 -0.004875687 0.999745905 59.535964966
0.999715686 -0.004473884 0.023418607 3.130192757 0.004376374 0.999981523 0.004213416 -6.156192303 -0.023437023 -0.004109730 0.999716878 61.804504395
0.999690294 -0.005171648 0.024340892 3.275050163 0.005070582 0.999978185 0.004212012 -6.381501198 -0.024362145 -0.004087286 0.999694765 64.059249878
0.999662817 -0.004637691 0.025549732 3.415420055 0.004514492 0.999977887 0.004877527 -6.604938030 -0.025571788 -0.004760538 0.999661624 66.331779480
0.999644220 -0.003711894 0.026412196 3.565028906 0.003570720 0.999979079 0.005390152 -6.833152771 -0.026431652 -0.005293923 0.999636590 68.597724915
0.999606788 -0.003869205 0.027772781 3.702462673 0.003733173 0.999980748 0.004948240 -7.056119919 -0.027791392 -0.004842613 0.999602139 70.853057861
0.999590576 -0.004627970 0.028235326 3.861133337 0.004527170 0.999983132 0.003632870 -7.279325485 -0.028251663 -0.003503556 0.999594688 73.105857849
0.999576151 -0.005577792 0.028572550 4.019275188 0.005467756 0.999977291 0.003927815 -7.504741192 -0.028593810 -0.003769923 0.999584019 75.385589600
0.999532104 -0.006845943 0.029811129 4.178774357 0.006747250 0.999971449 0.003409920 -7.735456944 -0.029833619 -0.003207183 0.999549747 77.653335571
0.999523997 -0.007694041 0.029875506 4.329895020 0.007596289 0.999965429 0.003384110 -7.967056274 -0.029900508 -0.003155556 0.999547899 79.909866333
0.999494851 -0.008150017 0.030719934 4.478135109 0.008061598 0.999962986 0.003000994 -8.183726311 -0.030743258 -0.002751826 0.999523580 82.165252686
0.999475300 -0.007847225 0.031423591 4.651941776 0.007765914 0.999966204 0.002708782 -8.408497810 -0.031443782 -0.002463327 0.999502599 84.451095581
0.999423444 -0.007502788 0.033114076 4.809004307 0.007405875 0.999967873 0.003048334 -8.625968933 -0.033135880 -0.002801338 0.999446929 86.703811646
0.999423981 -0.006968666 0.033213355 4.978891373 0.006818164 0.999965966 0.004642498 -8.863861084 -0.033244573 -0.004413370 0.999437511 88.996726990
0.999405444 -0.006021621 0.033946674 5.143140793 0.005850807 0.999969721 0.005128932 -9.088125229 -0.033976529 -0.004927268 0.999410629 91.253120422
0.999383748 -0.005689290 0.034636840 5.310589314 0.005517245 0.999971926 0.005060638 -9.309465408 -0.034664650 -0.004866420 0.999387205 93.490623474
0.999357045 -0.006282606 0.035299495 5.485674858 0.006124625 0.999970734 0.004581776 -9.528641701 -0.035327245 -0.004362634 0.999366283 95.722976685
0.999323845 -0.006828445 0.036125675 5.652995110 0.006656480 0.999965966 0.004878305 -9.748788834 -0.036157757 -0.004634538 0.999335349 97.965301514
0.999291599 -0.006431624 0.037076633 5.814604759 0.006263307 0.999969542 0.004654047 -9.981755257 -0.037105430 -0.004418529 0.999301553 100.208244324
0.999228358 -0.006483261 0.038738430 5.969419003 0.006269075 0.999964356 0.005647954 -10.197485924 -0.038773667 -0.005400741 0.999233484 102.440551758
0.999227345 -0.006969124 0.038679406 6.165212631 0.006755097 0.999961078 0.005661304 -10.420427322 -0.038717356 -0.005395645 0.999235749 104.698104858
0.999190271 -0.007678321 0.039497744 6.338760376 0.007438816 0.999953091 0.006207178 -10.633778572 -0.039543562 -0.005908335 0.999200404 106.934684753
0.999164939 -0.009148031 0.039820995 6.521553040 0.008904652 0.999940574 0.006284967 -10.849466324 -0.039876126 -0.005925125 0.999187052 109.189476013
0.999121308 -0.010336650 0.040617496 6.698124886 0.010057833 0.999924481 0.007062797 -11.070450783 -0.040687434 -0.006648068 0.999149740 111.449935913
0.999098599 -0.011110916 0.040970340 6.889513016 0.010885888 0.999924421 0.005711479 -11.291533470 -0.041030698 -0.005260332 0.999144018 113.719085693
0.999054670 -0.011451256 0.041934587 7.071124077 0.011256553 0.999924779 0.004876123 -11.511359215 -0.041987266 -0.004399474 0.999108434 115.969657898
0.999013782 -0.011850154 0.042791210 7.250761032 0.011634778 0.999918401 0.005278742 -11.737309456 -0.042850271 -0.004775669 0.999070108 118.218429565
0.998953879 -0.011962188 0.044136539 7.434823036 0.011699671 0.999912322 0.006201379 -11.962589264 -0.044206858 -0.005678509 0.999006212 120.490356445
0.998944938 -0.012701427 0.044131771 7.639081001 0.012411048 0.999899507 0.006847599 -12.187474251 -0.044214308 -0.006292654 0.999002278 122.700073242
0.998882711 -0.013685676 0.045233626 7.836246490 0.013419718 0.999890864 0.006178102 -12.410658836 -0.045313243 -0.005564177 0.998957336 125.013336182
0.998854518 -0.014732211 0.045525629 8.026666641 0.014501471 0.999880314 0.005394481 -12.630604744 -0.045599643 -0.004728113 0.998948634 127.268020630
0.998834431 -0.016244002 0.045455374 8.215386391 0.015995478 0.999855042 0.005825809 -12.848782539 -0.045543417 -0.005091937 0.998949409 129.531219482
0.998854756 -0.017667040 0.044464100 8.404546738 0.017423198 0.999831021 0.005865643 -13.060964584 -0.044560216 -0.005084219 0.998993695 131.779342651
0.998912156 -0.017948767 0.043038968 8.600677490 0.017665148 0.999819756 0.006961199 -13.277663231 -0.043156151 -0.006193337 0.999049067 134.014587402
0.998960674 -0.018849630 0.041499972 8.782661438 0.018591307 0.999805331 0.006601985 -13.499105453 -0.041616336 -0.005823584 0.999116659 136.270507812
0.999028087 -0.019656565 0.039453667 8.990765572 0.019421181 0.999791324 0.006340640 -13.714151382 -0.039570071 -0.005568240 0.999201298 138.492813110
0.999005616 -0.020207731 0.039740130 9.146439552 0.019956566 0.999778450 0.006706794 -13.942314148 -0.039866854 -0.005907050 0.999187529 140.788848877
0.998997509 -0.020410603 0.039842214 9.316619873 0.020146642 0.999772489 0.007015469 -14.152418137 -0.039976332 -0.006205750 0.999181330 143.022079468
0.999036670 -0.020744631 0.038670938 9.504835129 0.020434078 0.999755859 0.008408706 -14.383624077 -0.038835935 -0.007610401 0.999216557 145.259597778
0.999054134 -0.019791123 0.038718969 9.678955078 0.019520832 0.999782443 0.007346489 -14.597121239 -0.038855933 -0.006583714 0.999223113 147.510360718
0.999076247 -0.018848963 0.038617689 9.860478401 0.018640274 0.999809623 0.005756973 -14.812907219 -0.038718853 -0.005031811 0.999237478 149.762130737
0.999083877 -0.017599210 0.039008748 10.037118912 0.017421979 0.999836326 0.004878657 -15.033248901 -0.039088219 -0.004194580 0.999226987 152.009902954
0.999092817 -0.016765641 0.039145909 10.223112106 0.016581796 0.999849856 0.005016447 -15.251443863 -0.039224152 -0.004362786 0.999220848 154.255569458
0.999077797 -0.016090408 0.039808206 10.406715393 0.015891112 0.999859571 0.005317817 -15.466884613 -0.039888181 -0.004680315 0.999193192 156.518508911
0.999079347 -0.014807296 0.040264059 10.572853088 0.014546148 0.999871254 0.006771211 -15.691030502 -0.040359143 -0.006179290 0.999166071 158.758148193
0.999026835 -0.014237856 0.041746009 10.751960754 0.013936962 0.999874830 0.007489928 -15.904603958 -0.041847419 -0.006900826 0.999100208 160.992767334
0.999005377 -0.012728651 0.042734258 10.918304443 0.012326306 0.999877334 0.009665434 -16.130819321 -0.042852052 -0.009129067 0.999039710 163.294494629
0.998976052 -0.012325634 0.043530546 11.104280472 0.011962751 0.999891579 0.008587064 -16.330057144 -0.043631669 -0.008057526 0.999015212 165.555664062
0.998946369 -0.011652735 0.044388797 11.303612709 0.011337292 0.999908686 0.007351464 -16.543395996 -0.044470407 -0.006840470 0.998987257 167.805740356
0.998878062 -0.009844610 0.046320707 11.489112854 0.009498304 0.999925256 0.007690466 -16.757492065 -0.046392951 -0.007241871 0.998897016 170.045318604
0.998741746 -0.009585889 0.049224090 11.680958748 0.009207366 0.999926329 0.007910757 -16.986694336 -0.049296293 -0.007447580 0.998756409 172.338546753
0.998627186 -0.009884437 0.051442549 11.883298874 0.009502932 0.999925494 0.007655450 -17.199171066 -0.051514395 -0.007156083 0.998646617 174.606323242
0.998539090 -0.009665295 0.053163018 12.090562820 0.009232695 0.999922276 0.008376791 -17.417058945 -0.053239848 -0.007873716 0.998550653 176.869125366
0.998499691 -0.010039241 0.053829577 12.300032616 0.009564719 0.999913216 0.009065629 -17.623844147 -0.053915922 -0.008537163 0.998508990 179.095016479
0.998483717 -0.011687752 0.053794909 12.515073776 0.011216200 0.999896049 0.009059323 -17.847412109 -0.053895209 -0.008442213 0.998510897 181.378906250
0.998447359 -0.012428016 0.054299150 12.715463638 0.011982698 0.999891937 0.008519100 -18.053697586 -0.054399155 -0.007855223 0.998488367 183.624176025
0.998503566 -0.014038416 0.052853804 12.946520805 0.013610665 0.999871731 0.008444365 -18.276258469 -0.052965578 -0.007712355 0.998566568 185.887725830
0.998506904 -0.015788412 0.052294377 13.158926010 0.015327019 0.999840081 0.009212246 -18.488941193 -0.052431457 -0.008396978 0.998589158 188.142852783
0.998517215 -0.016610824 0.051840682 13.370073318 0.016181532 0.999831319 0.008689785 -18.697029114 -0.051976282 -0.007838039 0.998617530 190.387451172
0.998490632 -0.017597681 0.052026708 13.576310158 0.017181760 0.999816954 0.008430863 -18.915258408 -0.052165542 -0.007524229 0.998610079 192.634216309
0.998460412 -0.019350123 0.051982954 13.775053978 0.018976701 0.999790549 0.007667514 -19.125926971 -0.052120429 -0.006669244 0.998618543 194.877685547
0.998504817 -0.018773839 0.051337779 13.985551834 0.018400412 0.999800801 0.007736993 -19.338689804 -0.051472802 -0.006780788 0.998651326 197.109222412
0.998498619 -0.016140418 0.052345395 14.185342789 0.015733100 0.999842703 0.008184128 -19.559301376 -0.052469257 -0.007348281 0.998595595 199.362930298
0.998511612 -0.014188060 0.052661419 14.391439438 0.013790170 0.999873638 0.007911331 -19.775854111 -0.052767009 -0.007173345 0.998581111 201.596527100
0.998492181 -0.013747890 0.053144526 14.604848862 0.013394470 0.999885798 0.007000646 -19.987859726 -0.053234700 -0.006278247 0.998562396 203.855911255
0.998449624 -0.013960368 0.053883463 14.804513931 0.013570881 0.999879122 0.007587484 -20.197196960 -0.053982880 -0.006844474 0.998518407 206.081451416
0.998435676 -0.015623898 0.053687226 15.037152290 0.015233007 0.999854445 0.007682465 -20.414100647 -0.053799447 -0.006852627 0.998528183 208.332168579
0.998387516 -0.015106202 0.054717809 15.245458603 0.014699322 0.999861240 0.007830850 -20.618247986 -0.054828510 -0.007013908 0.998471141 210.578186035
0.998308897 -0.015130901 0.056127351 15.463678360 0.014634525 0.999850154 0.009244247 -20.845493317 -0.056258809 -0.008407217 0.998380840 212.814132690
0.998250306 -0.013698569 0.057520445 15.699341774 0.013165017 0.999866843 0.009644569 -21.058925629 -0.057644889 -0.008870436 0.998297751 215.044891357
0.998079300 -0.012158226 0.060744688 15.921608925 0.011595258 0.999886572 0.009611725 -21.274875641 -0.060854666 -0.008888911 0.998107076 217.340744019
0.997943521 -0.012131931 0.062942900 16.149215698 0.011523423 0.999883354 0.010021679 -21.485416412 -0.063057132 -0.009275751 0.997966826 219.588912964
0.997817576 -0.013813390 0.064570330 16.386859894 0.013165965 0.999858797 0.010441483 -21.691329956 -0.064705446 -0.009568566 0.997858524 221.823760986
0.997711718 -0.015589313 0.065790176 16.621887207 0.014888894 0.999827206 0.011123233 -21.896833420 -0.065952197 -0.010118237 0.997771502 224.057601929
0.997648656 -0.017691409 0.066212915 16.877094269 0.017028436 0.999799192 0.010563805 -22.111152649 -0.066386506 -0.009411465 0.997749567 226.295516968
0.997604966 -0.018635223 0.066611513 17.114953995 0.017991571 0.999785602 0.010249637 -22.314037323 -0.066788256 -0.009026643 0.997726321 228.542449951
0.997551262 -0.018937431 0.067326866 17.352741241 0.018262006 0.999776661 0.010633319 -22.523132324 -0.067513190 -0.009377753 0.997674227 230.780212402
0.997497439 -0.020043051 0.067801118 17.600385666 0.019433498 0.999764681 0.009637990 -22.732084274 -0.067978345 -0.008296260 0.997652292 233.031906128
0.997444451 -0.021042589 0.068276994 17.839878082 0.020366335 0.999736488 0.010585673 -22.935003281 -0.068481736 -0.009168068 0.997610211 235.267013550
0.997462928 -0.020588284 0.068146072 18.117719650 0.019890055 0.999742687 0.010908755 -23.145536423 -0.068353146 -0.009525649 0.997615695 237.518386841
0.997426867 -0.020694420 0.068639942 18.358703613 0.020009616 0.999742985 0.010649417 -23.344860077 -0.068842687 -0.009248558 0.997584641 239.744094849
0.997398913 -0.020813549 0.069008358 18.607231140 0.020092301 0.999736190 0.011129347 -23.555017471 -0.069221795 -0.009713860 0.997554004 241.974914551
0.997347176 -0.021035733 0.069684505 18.849168777 0.020301659 0.999731004 0.011225814 -23.759159088 -0.069901891 -0.009781323 0.997505903 244.217605591
0.997311950 -0.021469420 0.070055760 19.097995758 0.020789241 0.999729633 0.010423886 -23.970222473 -0.070260622 -0.008939461 0.997488618 246.449890137
0.997338355 -0.021012520 0.069818087 19.359981537 0.020381598 0.999744773 0.009736925 -24.180242538 -0.070004873 -0.008288006 0.997512341 248.688873291
0.997312427 -0.021259537 0.070113391 19.611808777 0.020592693 0.999735713 0.010220088 -24.388221741 -0.070312120 -0.008748797 0.997486770 250.931747437
0.997280955 -0.022484234 0.070179589 19.867404938 0.021828940 0.999710739 0.010090553 -24.597599030 -0.070386171 -0.008531171 0.997483313 253.165496826
0.997283518 -0.022440828 0.070157304 20.128187180 0.021743968 0.999706447 0.010680894 -24.804401398 -0.070376404 -0.009126380 0.997478783 255.421524048
0.997236550 -0.023106771 0.070607029 20.365575790 0.022388320 0.999689400 0.010949949 -25.013874054 -0.070838101 -0.009338915 0.997444153 257.644439697
0.997237861 -0.023475060 0.070466131 20.638051987 0.022724764 0.999676526 0.011430489 -25.226942062 -0.070711635 -0.009797592 0.997448683 259.913848877
0.997212589 -0.022994859 0.070980892 20.892877579 0.022282533 0.999693274 0.010811063 -25.430633545 -0.071207702 -0.009199294 0.997419059 262.159301758
0.997189105 -0.022921301 0.071334094 21.149789810 0.022239937 0.999699295 0.010331407 -25.635679245 -0.071549438 -0.008715900 0.997398913 264.416442871
0.997159600 -0.022269124 0.071950495 21.408382416 0.021614790 0.999717772 0.009860165 -25.847213745 -0.072149768 -0.008276964 0.997359455 266.655364990
0.997087061 -0.021585047 0.073154144 21.662181854 0.020919323 0.999732614 0.009854403 -26.050380707 -0.073347293 -0.008295362 0.997271955 268.902099609
0.997001946 -0.021300545 0.074387111 21.923988342 0.020640014 0.999740541 0.009637199 -26.268672943 -0.074573092 -0.008072956 0.997182846 271.145843506
0.996944904 -0.022071630 0.074926034 22.200920105 0.021380141 0.999721229 0.010018602 -26.480934143 -0.075126290 -0.008386063 0.997138798 273.390655518
0.996713638 -0.022676643 0.077767231 22.440246582 0.021922735 0.999704182 0.010534592 -26.681385040 -0.077983119 -0.008795101 0.996915877 275.640960693
0.996620595 -0.022660824 0.078955635 22.716388702 0.021779167 0.999690711 0.012009894 -26.883659363 -0.079203375 -0.010249720 0.996805787 277.881072998
0.996533930 -0.022446388 0.080101803 22.995475769 0.021461116 0.999683321 0.013140164 -27.097801208 -0.080371372 -0.011375547 0.996700048 280.137176514
0.996462405 -0.022107225 0.081079893 23.278087616 0.021032490 0.999679565 0.014085576 -27.303192139 -0.081365302 -0.012330435 0.996608019 282.375549316
0.996391058 -0.021084543 0.082220852 23.554210663 0.020010775 0.999703646 0.013861853 -27.497673035 -0.082488738 -0.012166522 0.996517718 284.639801025
0.996289551 -0.020099267 0.083684243 23.823041916 0.019060235 0.999731183 0.013196621 -27.693716049 -0.083926983 -0.011552616 0.996404886 286.867645264
0.996271014 -0.019575769 0.084028922 24.105022430 0.018640064 0.999755383 0.011905729 -27.885105133 -0.084241435 -0.010295028 0.996392190 289.110504150
0.996206522 -0.020436173 0.084587231 24.377182007 0.019463368 0.999734819 0.012309438 -28.094478607 -0.084816352 -0.010616387 0.996340036 291.337524414
0.996275663 -0.019964283 0.083881713 24.667579651 0.019036766 0.999748647 0.011842813 -28.304758072 -0.084097058 -0.010201872 0.996405363 293.615905762
0.996298075 -0.020387070 0.083512940 24.947763443 0.019515928 0.999746442 0.011234445 -28.508415222 -0.083720796 -0.009563023 0.996443391 295.843017578
0.996307850 -0.020280777 0.083422773 25.226291656 0.019413149 0.999748766 0.011198472 -28.713975906 -0.083628953 -0.009537628 0.996451318 298.076385498
0.996325135 -0.019591389 0.083380803 25.503904343 0.018702019 0.999759734 0.011434178 -28.915985107 -0.083584771 -0.009832769 0.996452212 300.314727783
0.996268928 -0.019266494 0.084124170 25.761577606 0.018283918 0.999755502 0.012435000 -29.126201630 -0.084343188 -0.010850484 0.996377647 302.547912598
0.996274889 -0.019264191 0.084055021 26.043895721 0.018249415 0.999751210 0.012824524 -29.331972122 -0.084281161 -0.011242797 0.996378601 304.799682617
0.996251643 -0.018588196 0.084481277 26.324996948 0.017563542 0.999763012 0.012855935 -29.532028198 -0.084700242 -0.011323959 0.996342123 307.047515869
0.996246755 -0.019380230 0.084361136 26.605979919 0.018359929 0.999748826 0.012853620 -29.743297577 -0.084589049 -0.011256510 0.996352434 309.302947998
0.996199667 -0.020659270 0.084612526 26.885938644 0.019605463 0.999719739 0.013266628 -29.944190979 -0.084862873 -0.011557342 0.996325612 311.560974121
0.996176958 -0.020271871 0.084973238 27.166732788 0.019263947 0.999734223 0.012664885 -30.148872375 -0.085207388 -0.010979545 0.996302724 313.813385010
0.996194661 -0.020038269 0.084820412 27.453065872 0.018966008 0.999729812 0.013428644 -30.355159760 -0.085066587 -0.011768838 0.996305764 316.060974121
0.996160448 -0.018407200 0.085589267 27.733217239 0.017393310 0.999769628 0.012576653 -30.558792114 -0.085801035 -0.011039684 0.996251106 318.310058594
0.996161461 -0.016733741 0.085918762 28.009578705 0.015657796 0.999790490 0.013181510 -30.761100769 -0.086121343 -0.011785614 0.996215045 320.560913086
0.996097445 -0.015288206 0.086926341 28.281446457 0.014219161 0.999815643 0.012904228 -30.964464188 -0.087107576 -0.011617849 0.996131182 322.792816162
0.996046782 -0.014304627 0.087671228 28.553554535 0.013179646 0.999823511 0.013397290 -31.162153244 -0.087847374 -0.012188852 0.996059358 325.033050537
0.996051848 -0.013950660 0.087670259 28.842939377 0.012694505 0.999808967 0.014869446 -31.373050690 -0.087860957 -0.013697810 0.996038556 327.260101318
0.996021509 -0.014530943 0.087919638 29.120965958 0.013280372 0.999802530 0.014792274 -31.579082489 -0.088117205 -0.013565818 0.996017754 329.509735107
0.996033311 -0.016088486 0.087514803 29.416311264 0.014919963 0.999790788 0.013990095 -31.776746750 -0.087721586 -0.012628882 0.996064961 331.746429443
0.996023774 -0.015845533 0.087666802 29.696409225 0.014680154 0.999795437 0.013922081 -31.979749680 -0.087869450 -0.012579762 0.996052563 333.962493896
0.995997787 -0.016256191 0.087886527 29.977329254 0.014964703 0.999770582 0.015333952 -32.179328918 -0.088115618 -0.013957388 0.996012449 336.190490723
0.996033132 -0.016858617 0.087370597 30.274904251 0.015593908 0.999763787 0.015137596 -32.374107361 -0.087605149 -0.013715100 0.996060848 338.426361084
0.996019125 -0.016631475 0.087573580 30.552106857 0.015333737 0.999762714 0.015470743 -32.577713013 -0.087810107 -0.014066327 0.996037841 340.666046143
0.996080577 -0.016788015 0.086842649 30.847425461 0.015511371 0.999761760 0.015354697 -32.780021667 -0.087079756 -0.013947465 0.996103644 342.908233643
0.996087313 -0.016936477 0.086736396 31.131048203 0.015629118 0.999754131 0.015729822 -32.976219177 -0.086981475 -0.014312661 0.996107101 345.152893066
0.996145070 -0.016941492 0.086069532 31.416887283 0.015628507 0.999751270 0.015905941 -33.169860840 -0.086317591 -0.014499487 0.996162117 347.389770508
0.996198893 -0.016973468 0.085437991 31.702390671 0.015668510 0.999750435 0.015921243 -33.366249084 -0.085686900 -0.014522037 0.996216238 349.636169434
0.996203959 -0.016598433 0.085454345 31.979528427 0.015262197 0.999751210 0.016266566 -33.564056396 -0.085703075 -0.014900593 0.996209264 351.876831055
0.996253312 -0.017109962 0.084774002 32.260753632 0.015756031 0.999737740 0.016614532 -33.755321503 -0.085036039 -0.015216582 0.996261597 354.102233887
0.996270418 -0.016863827 0.084621578 32.535030365 0.015555182 0.999749362 0.016100300 -33.950637817 -0.084871888 -0.014723950 0.996283054 356.337707520
0.996317804 -0.016899724 0.084054828 32.816146851 0.015571493 0.999743700 0.016432548 -34.143592834 -0.084310979 -0.015063179 0.996325612 358.572662354
0.996368468 -0.016519267 0.083527610 33.101547241 0.015128492 0.999736667 0.017256118 -34.341110229 -0.083790667 -0.015929811 0.996356070 360.818695068
0.996422648 -0.016686780 0.082846239 33.386970520 0.015313647 0.999735057 0.017182419 -34.537334442 -0.083111010 -0.015852271 0.996414185 363.065979004
0.996464729 -0.016736377 0.082327679 33.668903351 0.015328519 0.999725699 0.017703176 -34.730678558 -0.082601383 -0.016378628 0.996448040 365.306427002
0.996509969 -0.016866870 0.081750996 33.947582245 0.015524581 0.999734521 0.017027151 -34.925628662 -0.082016468 -0.015698576 0.996507347 367.573181152
0.996519268 -0.017408703 0.081524804 34.222923279 0.016079318 0.999727309 0.016934771 -35.122711182 -0.081797406 -0.015564964 0.996527374 369.827270508
0.996519208 -0.017313177 0.081546389 34.493087769 0.016066737 0.999744177 0.015916539 -35.311367035 -0.081801109 -0.014550955 0.996542454 372.096313477
0.996589005 -0.017346427 0.080681413 34.773101807 0.016104063 0.999741852 0.016023790 -35.512035370 -0.080938563 -0.014669834 0.996611059 374.349517822
0.996676087 -0.017336113 0.079600684 35.054756165 0.016080858 0.999736428 0.016383458 -35.702827454 -0.079863727 -0.015048952 0.996692181 376.600158691
0.996585011 -0.016432974 0.080920428 35.310569763 0.015111110 0.999742627 0.016920803 -35.897712708 -0.081177652 -0.015640223 0.996576905 378.865173340
0.996581078 -0.017056424 0.080840759 35.583850861 0.015712194 0.999727905 0.017235246 -36.097484589 -0.081112720 -0.015906136 0.996577978 381.113098145
0.996609986 -0.016999677 0.080495834 35.862808228 0.015660603 0.999728739 0.017237617 -36.285022736 -0.080767050 -0.015918568 0.996605873 383.372192383
0.996613503 -0.016097352 0.080637492 36.138378143 0.014729040 0.999737740 0.017534904 -36.482166290 -0.080898598 -0.016287811 0.996589184 385.627716064
0.996616781 -0.015072278 0.080794409 36.409477234 0.013698839 0.999752522 0.017526625 -36.670036316 -0.081038579 -0.016360542 0.996576607 387.892211914
0.996641874 -0.013934989 0.080689177 36.687614441 0.012557119 0.999766946 0.017558619 -36.872646332 -0.080915056 -0.016486434 0.996584654 390.165222168
0.996629655 -0.012721826 0.081039883 36.954204559 0.011346199 0.999783993 0.017412689 -37.066619873 -0.081243895 -0.016434509 0.996558666 392.441802979
0.996663392 -0.011536225 0.080802053 37.233200073 0.010041790 0.999771357 0.018877029 -37.260833740 -0.081001349 -0.018002648 0.996551394 394.701843262
0.996610224 -0.010309720 0.081619725 37.498207092 0.008752937 0.999773324 0.019408505 -37.456108093 -0.081801333 -0.018628305 0.996474504 396.963867188
0.996550500 -0.009974373 0.082386740 37.768596649 0.008528939 0.999803901 0.017877815 -37.655143738 -0.082548909 -0.017113473 0.996440053 399.228546143
0.996470809 -0.009461595 0.083404988 38.035949707 0.008024074 0.999813795 0.017553804 -37.850772858 -0.083555534 -0.016822610 0.996361077 401.481842041
0.996432841 -0.010819943 0.083693072 38.308605194 0.009329902 0.999791324 0.018174337 -38.040534973 -0.083872236 -0.017328657 0.996325850 403.762084961
0.996370137 -0.012419867 0.084215686 38.585597992 0.010823236 0.999753475 0.019388966 -38.235019684 -0.084435739 -0.018407103 0.996258914 406.014190674
0.996371448 -0.013371838 0.084053442 38.864471436 0.011783003 0.999742925 0.019370453 -38.426403046 -0.084290855 -0.018309763 0.996272981 408.270172119
0.996314049 -0.013125877 0.084770374 39.144485474 0.011664019 0.999774992 0.017717259 -38.610473633 -0.084983848 -0.016663192 0.996243000 410.530975342
0.996249914 -0.011209949 0.085793369 39.431980133 0.009638671 0.999778509 0.018707044 -38.816398621 -0.085984059 -0.017809954 0.996137321 412.805328369
0.996200323 -0.010004075 0.086515076 39.706535339 0.008442560 0.999795139 0.018396156 -39.007972717 -0.086681373 -0.017595842 0.996080697 415.045837402
0.996105552 -0.008747255 0.087733574 39.989555359 0.007139544 0.999801099 0.018622041 -39.200130463 -0.087879017 -0.017923137 0.995969892 417.319030762
0.996055245 -0.008856024 0.088292107 40.280639648 0.007273512 0.999807358 0.018229241 -39.391670227 -0.088436551 -0.017515138 0.995927811 419.573577881
0.995958865 -0.008843185 0.089374408 40.561180115 0.007237999 0.999807060 0.018268397 -39.581520081 -0.089518704 -0.017547682 0.995830536 421.826843262
0.995860994 -0.008940979 0.090448752 40.840179443 0.007338508 0.999810576 0.018033965 -39.776382446 -0.090592831 -0.017295564 0.995737791 424.085571289
0.995793998 -0.009308850 0.091146000 41.132675171 0.007591292 0.999787331 0.019172633 -39.968761444 -0.091305092 -0.018400073 0.995652974 426.360076904
0.995759726 -0.008525094 0.091596350 41.424968719 0.006736165 0.999780834 0.019821994 -40.159774780 -0.091745265 -0.019120939 0.995598912 428.613861084
0.995697618 -0.007793651 0.092333585 41.724300385 0.005928851 0.999773204 0.020453474 -40.347106934 -0.092472047 -0.019818040 0.995518088 430.894866943
0.995688975 -0.007867542 0.092420548 42.017539978 0.005973772 0.999766886 0.020749597 -40.546401978 -0.092562236 -0.020108048 0.995503843 433.158111572
0.995641053 -0.008617830 0.092867956 42.317707062 0.006771833 0.999773502 0.020174503 -40.743743896 -0.093020789 -0.019457685 0.995474041 435.426574707
0.995636106 -0.007710954 0.093001403 42.622150421 0.005853573 0.999778271 0.020227822 -40.919174194 -0.093136758 -0.019595159 0.995460510 437.694396973
0.995592356 -0.008113048 0.093434900 42.921566010 0.006207290 0.999767125 0.020669242 -41.111331940 -0.093580820 -0.019998161 0.995410740 439.977996826
0.995625854 -0.008249487 0.093066044 43.229690552 0.006343123 0.999764383 0.020761238 -41.297813416 -0.093215376 -0.020080099 0.995443463 442.253112793
0.995617390 -0.007240091 0.093238249 43.540683746 0.005242026 0.999751747 0.021656789 -41.493267059 -0.093371890 -0.021073125 0.995408237 444.542877197
0.995568573 -0.007765279 0.093716867 43.842494965 0.005748952 0.999746561 0.021765936 -41.677574158 -0.093862139 -0.021130709 0.995360911 446.822540283
0.995564938 -0.007616980 0.093769513 44.141368866 0.005644559 0.999757588 0.021282071 -41.866333008 -0.093908913 -0.020658394 0.995366395 449.086944580
0.995587885 -0.006994718 0.093572438 44.445941925 0.005050164 0.999766707 0.021001946 -42.056545258 -0.093697503 -0.020436732 0.995390952 451.349487305
0.995520115 -0.006479445 0.094327673 44.740840912 0.004537431 0.999773562 0.020787911 -42.251419067 -0.094441004 -0.020266775 0.995324075 453.609710693
0.995448887 -0.005689019 0.095126651 45.039382935 0.003729761 0.999777496 0.020761432 -42.432044983 -0.095223591 -0.020312142 0.995248675 455.886627197
0.995418012 -0.006033849 0.095428161 45.334892273 0.004091986 0.999780834 0.020531580 -42.628181458 -0.095531128 -0.020047013 0.995224535 458.152893066
0.995437145 -0.005358243 0.095268711 45.646930695 0.003479468 0.999796391 0.019875988 -42.818748474 -0.095355816 -0.019453814 0.995253146 460.435333252
0.995393872 -0.004270275 0.095775813 45.945121765 0.002324175 0.999788702 0.020421686 -43.010566711 -0.095842801 -0.020105025 0.995193422 462.716522217
0.995407403 -0.003558290 0.095663473 46.251495361 0.001491179 0.999764025 0.021670967 -43.197845459 -0.095718011 -0.021428786 0.995177805 464.996002197
0.995476305 -0.003807815 0.094935238 46.553337097 0.001721875 0.999755502 0.022044493 -43.382125854 -0.094995968 -0.021781297 0.995239317 467.259948730
0.995554388 -0.003647137 0.094118051 46.862361908 0.001710125 0.999785244 0.020653129 -43.566440582 -0.094173156 -0.020400360 0.995346725 469.545104980
0.995645106 -0.003616043 0.093154058 47.179626465 0.001727497 0.999791503 0.020346018 -43.762245178 -0.093208201 -0.020096490 0.995443821 471.847167969
0.995710850 -0.004315463 0.092419066 47.482715607 0.002330511 0.999764502 0.021574894 -43.960987091 -0.092490405 -0.021266973 0.995486438 474.126678467
0.995692313 -0.004621546 0.092603177 47.772304535 0.002622297 0.999761045 0.021699499 -44.150413513 -0.092681333 -0.021363191 0.995466650 476.406646729
0.995825469 -0.004315684 0.091176867 48.079288483 0.002378324 0.999769330 0.021346329 -44.324237823 -0.091247983 -0.021040373 0.995605886 478.686553955
0.995837331 -0.004561571 0.091034025 48.374233246 0.002565227 0.999753892 0.022034612 -44.513137817 -0.091112137 -0.021709366 0.995603979 480.964294434
0.995886922 -0.005016159 0.090465531 48.677185059 0.002987145 0.999741256 0.022550058 -44.698970795 -0.090555213 -0.022187075 0.995644271 483.236511230
0.995891333 -0.005349924 0.090398751 48.963695526 0.003397349 0.999758005 0.021739662 -44.883937836 -0.090493172 -0.021343224 0.995668352 485.522491455
0.995963633 -0.006508927 0.089520581 49.260417938 0.004488603 0.999731064 0.022751085 -45.084774017 -0.089644581 -0.022257432 0.995725036 487.821899414
0.996039808 -0.006926090 0.088638149 49.558578491 0.004923025 0.999727964 0.022796918 -45.265220642 -0.088771932 -0.022270272 0.995802999 490.106018066
0.995994329 -0.006443978 0.089184023 49.813488007 0.004404860 0.999724805 0.023042124 -45.457656860 -0.089307971 -0.022556983 0.995748520 492.374176025
0.996039093 -0.005804095 0.088726826 50.110542297 0.003739116 0.999718666 0.023421966 -45.640716553 -0.088837817 -0.022997431 0.995780528 494.662200928
0.996041358 -0.005315287 0.088733435 50.390789032 0.003274611 0.999727130 0.023127589 -45.824653625 -0.088832140 -0.022745466 0.995786846 496.957641602
0.996081173 -0.005183316 0.088291906 50.693916321 0.003184699 0.999735832 0.022762325 -46.018676758 -0.088386543 -0.022391938 0.995834649 499.271301270
0.996114850 -0.005244535 0.087906837 50.981967926 0.003172895 0.999714255 0.023689501 -46.204914093 -0.088005960 -0.023318544 0.995846987 501.565795898
0.996120870 -0.004992888 0.087853231 51.266967773 0.002903355 0.999710143 0.023896098 -46.392143250 -0.087947078 -0.023548335 0.995846748 503.847686768
0.996131957 -0.004071599 0.087775618 51.554988861 0.002043320 0.999729037 0.023185024 -46.577384949 -0.087846249 -0.022915989 0.995870352 506.143737793
0.996133149 -0.003764783 0.087774329 51.845226288 0.001688398 0.999717176 0.023718206 -46.761589050 -0.087838791 -0.023478290 0.995858073 508.446838379
0.996178627 -0.004230054 0.087235980 52.145721436 0.002255048 0.999739170 0.022725942 -46.947731018 -0.087309346 -0.022442376 0.995928526 510.744445801
0.996216476 -0.004764485 0.086775273 52.440124512 0.002722595 0.999716997 0.023633946 -47.137496948 -0.086863302 -0.023308272 0.995947480 513.040893555
0.996243298 -0.004772562 0.086465955 52.732284546 0.002719051 0.999711692 0.023851585 -47.321029663 -0.086554863 -0.023526881 0.995969176 515.340270996
0.996255100 -0.004106999 0.086365171 53.016059875 0.002073782 0.999718904 0.023618652 -47.504268646 -0.086437888 -0.023351101 0.995983481 517.648010254
0.996236742 -0.003156767 0.086616442 53.295776367 0.001148070 0.999729455 0.023230724 -47.688919067 -0.086666353 -0.023043858 0.995970905 519.947570801
0.996227026 -0.001741545 0.086768165 53.590629578 -0.000322128 0.999717534 0.023764079 -47.886672974 -0.086785033 -0.023702364 0.995944977 522.284057617
0.996068358 0.000477978 0.088586167 53.861621857 -0.002620894 0.999706686 0.024075450 -48.070144653 -0.088548683 -0.024212971 0.995777428 524.608825684
0.996106744 0.001206768 0.088146739 54.170551300 -0.003431180 0.999679327 0.025088191 -48.250858307 -0.088088185 -0.025292965 0.995791495 526.946105957
0.996042192 0.000782112 0.088877745 54.456123352 -0.003017629 0.999682367 0.025021126 -48.433231354 -0.088829957 -0.025190296 0.995728195 529.257934570
0.996002614 -0.001091415 0.089317538 54.746051788 -0.001269413 0.999651432 0.026370782 -48.612636566 -0.089315169 -0.026378753 0.995654047 531.570434570
0.995975614 -0.002784033 0.089581609 55.055084229 0.000459689 0.999662936 0.025956836 -48.788131714 -0.089623697 -0.025811199 0.995641172 533.894409180
0.995954871 -0.002816426 0.089810558 55.353179932 0.000537739 0.999677598 0.025386257 -48.968917847 -0.089853100 -0.025235273 0.995635271 536.209472656
0.995881081 -0.003280128 0.090609290 55.649101257 0.000995648 0.999680758 0.025246125 -49.151519775 -0.090663165 -0.025051923 0.995566487 538.525085449
0.995823264 -0.002692634 0.091262400 55.944553375 0.000450276 0.999697685 0.024582129 -49.336105347 -0.091301002 -0.024438363 0.995523453 540.834472656
0.995755196 -0.001908443 0.092020795 56.244548798 -0.000317911 0.999707878 0.024173297 -49.519390106 -0.092040025 -0.024099950 0.995463610 543.158020020
0.995690405 -0.001518321 0.092727080 56.552291870 -0.000613055 0.999736428 0.022952659 -49.700725555 -0.092737466 -0.022910591 0.995426953 545.485351562
0.995621741 -0.001390542 0.093463257 56.848907471 -0.000822108 0.999720335 0.023631334 -49.887298584 -0.093469985 -0.023604710 0.995342255 547.796203613
0.995587468 -0.001442245 0.093826145 57.156700134 -0.000834478 0.999706268 0.024221577 -50.071125031 -0.093833521 -0.024192994 0.995293856 550.119628906
0.995515645 -0.001463601 0.094586425 57.451469421 -0.000803109 0.999713540 0.023921926 -50.249683380 -0.094594352 -0.023890611 0.995229185 552.426025391
0.995504081 -0.003307620 0.094660625 57.758899689 0.001071159 0.999719262 0.023667166 -50.448497772 -0.094712347 -0.023459362 0.995228231 554.734863281
0.995524228 -0.003307108 0.094448999 58.075283051 0.001025364 0.999706686 0.024196804 -50.634166718 -0.094501324 -0.023991661 0.995235562 557.057556152
0.995466888 -0.002963694 0.095062748 58.376930237 0.000644050 0.999701619 0.024422582 -50.814514160 -0.095106766 -0.024250651 0.995171666 559.363220215
0.995440364 -0.002219033 0.095359474 58.687953949 -0.000214207 0.999674976 0.025498692 -50.998641968 -0.095385060 -0.025402859 0.995116293 561.698242188
0.995437920 -0.002783506 0.095370546 59.005386353 0.000298421 0.999660254 0.026061513 -51.180809021 -0.095410705 -0.025914161 0.995100617 564.030578613
0.995391190 -0.002073793 0.095875546 59.315956116 -0.000489947 0.999643147 0.026709015 -51.358261108 -0.095896706 -0.026632898 0.995034873 566.355712891
0.995343387 -0.000821202 0.096389204 59.634185791 -0.001707143 0.999656677 0.026145188 -51.542125702 -0.096377566 -0.026187986 0.995000303 568.683044434
0.995370090 0.000167762 0.096116647 59.964992523 -0.002544102 0.999694109 0.024601478 -51.717052460 -0.096083120 -0.024732105 0.995065987 571.018676758
0.995316505 0.000788612 0.096666165 60.284465790 -0.003202708 0.999686837 0.024820931 -51.900230408 -0.096616313 -0.025014274 0.995007277 573.338500977
0.995372295 0.000362376 0.096093193 60.619750977 -0.002836869 0.999667823 0.025615599 -52.085388184 -0.096051998 -0.025769662 0.995042622 575.713684082
0.995388210 0.000339990 0.095928311 60.947254181 -0.002970566 0.999623358 0.027280835 -52.276401520 -0.095882915 -0.027439982 0.995014369 578.027526855
0.995308399 0.000662464 0.096750759 61.257232666 -0.003135192 0.999672234 0.025407929 -52.457927704 -0.096702203 -0.025592055 0.994984210 580.417114258
0.995374143 -0.000010608 0.096073985 61.583080292 -0.002395112 0.999686480 0.024924938 -52.632404327 -0.096044123 -0.025039745 0.995062113 582.756530762
0.995329261 -0.000970046 0.096533664 61.896720886 -0.001587877 0.999649763 0.026417395 -52.822776794 -0.096525475 -0.026447289 0.994979084 585.078063965
0.995388329 -0.000677403 0.095925309 62.216747284 -0.001870641 0.999647856 0.026470367 -53.002071381 -0.095909454 -0.026527736 0.995036542 587.398254395
0.995323300 -0.003161762 0.096549585 62.536014557 0.000719003 0.999678969 0.025324883 -53.188983917 -0.096598692 -0.025137018 0.995005906 589.757507324
0.995342195 -0.003437289 0.096343957 62.859935760 0.001027376 0.999685645 0.025052087 -53.365180969 -0.096399777 -0.024836417 0.995032787 592.107788086
0.995352089 -0.005048723 0.096170455 63.176200867 0.002589317 0.999666810 0.025681065 -53.552024841 -0.096268073 -0.025312684 0.995033503 594.447937012
0.995385289 -0.005615722 0.095794573 63.503383636 0.003151597 0.999660730 0.025854945 -53.736427307 -0.095907286 -0.025433723 0.995065272 596.806396484
