1.000000000 0.000000000 0.000000000 0.000000000 0.000000000 1.000000000 0.000000000 0.000000000 0.000000000 0.000000000 1.000000000 0.000000000
0.999999940 0.000027854 0.000396228 0.087314464 -0.000027805 1.000000000 -0.000122101 -0.227201492 -0.000396232 0.000122090 0.999999940 2.286309481
0.999999344 0.000277231 0.001110141 0.167240188 -0.000277663 0.999999881 0.000389398 -0.464326173 -0.001110033 -0.000389706 0.999999225 4.580466747
0.999998808 -0.000123144 0.001549647 0.266269267 0.000122299 0.999999762 0.000545088 -0.695719182 -0.001549714 -0.000544898 0.999998629 6.866951466
0.999996960 -0.000210785 0.002442291 0.360708177 0.000214028 0.999999046 -0.001327475 -0.926870942 -0.002442008 0.001327994 0.999996126 9.160215378
0.999988496 0.001589170 0.004527730 0.452056229 -0.001589879 0.999998689 0.000152818 -1.164387822 -0.004527481 -0.000160014 0.999989748 11.464600563
0.999973774 0.003028590 0.006566697 0.563069820 -0.003037498 0.999994457 0.001347053 -1.401843905 -0.006562582 -0.001366963 0.999977469 13.752627373
0.999954879 0.002826453 0.009069385 0.666831970 -0.002862438 0.999988019 0.003957155 -1.631311178 -0.009058093 -0.003982937 0.999951065 16.028713226
0.999947309 0.003402043 0.009682332 0.764019966 -0.003456454 0.999978304 0.005608507 -1.860904813 -0.009663042 -0.005641679 0.999937415 18.308799744
0.999926269 0.002596345 0.011861526 0.866002083 -0.002662982 0.999980748 0.005605610 -2.082388401 -0.011846745 -0.005636784 0.999913990 20.603822708
0.999930620 -0.000100173 0.011772832 0.987276018 0.000060855 0.999994397 0.003340060 -2.309781551 -0.011773100 -0.003339112 0.999925077 22.900876999
0.999918222 -0.002341690 0.012571322 1.094145298 0.002326805 0.999996543 0.001198534 -2.526898861 -0.012574084 -0.001169184 0.999920309 25.181303024
0.999914169 -0.002856183 0.012778273 1.223442793 0.002844361 0.999995470 0.000943268 -2.777065277 -0.012780908 -0.000906841 0.999917924 27.492614746
0.999891758 -0.002524875 0.014491787 1.319222927 0.002528479 0.999996841 -0.000230403 -2.999313116 -0.014491159 0.000267020 0.999894977 29.778892517
0.999894142 -0.000340924 0.014545754 1.450966477 0.000304033 0.999996722 0.002538342 -3.227458954 -0.014546571 -0.002533650 0.999890983 32.032398224
0.999896824 0.001599256 0.014266128 1.584198236 -0.001665449 0.999987960 0.004629233 -3.445398569 -0.014258550 -0.004652515 0.999887466 34.313758850
0.999873579 0.003240602 0.015565129 1.706263781 -0.003368905 0.999960482 0.008223791 -3.671086073 -0.015537867 -0.008275189 0.999845028 36.628532410
0.999854624 0.005128315 0.016258301 1.821287751 -0.005259459 0.999953866 0.008033860 -3.890592098 -0.016216347 -0.008118203 0.999835491 38.898708344
0.999828577 0.003951878 0.018087978 1.931875467 -0.004063900 0.999972761 0.006160634 -4.093677521 -0.018063139 -0.006233084 0.999817431 41.214740753
0.999840617 0.001445813 0.017796846 2.060535908 -0.001547190 0.999982595 0.005683856 -4.322902679 -0.017788319 -0.005710484 0.999825478 43.492801666
0.999832869 0.001245160 0.018241202 2.184824467 -0.001319815 0.999990761 0.004081184 -4.545305729 -0.018235948 -0.004104577 0.999825299 45.761611938
0.999835074 0.000771907 0.018150050 2.314462662 -0.000832284 0.999994159 0.003319224 -4.776376247 -0.018147383 -0.003333782 0.999829769 48.031776428
0.999833345 -0.000653021 0.018252231 2.449068069 0.000583538 0.999992549 0.003811914 -5.005330563 -0.018254586 -0.003800627 0.999826133 50.310268402
0.999812067 -0.001445729 0.019333392 2.574306011 0.001365367 0.999990404 0.004169181 -5.229032993 -0.019339234 -0.004142000 0.999804378 52.573909760
0.999807239 -0.002685640 0.019449094 2.711638451 0.002603485 0.999987602 0.004248177 -5.458391190 -0.019460261 -0.004196722 0.999801815 54.859096527
0.999769509 -0.002523040 0.021320090 2.827221394 0.002430703 0.999987483 0.004355802 -5.684235096 -0.021330819 -0.004302975 0.999763191 57.148868561
0.999755800 -0.003896547 0.021753274 2.967153072 0.003790351 0.999980688 0.004920950 -5.907551289 -0.021772031 -0.004837296 0.999751210 59.415752411
0.999710619 -0.005097358 0.023509674 3.090845585 0.004998325 0.999978423 0.004269205 -6.129522324 -0.023530925 -0.004150461 0.999714434 61.686344147
0.999700546 -0.005969401 0.023727769 3.244925022 0.005872572 0.999974132 0.004148381 -6.353495121 -0.023751920 -0.004007796 0.999709785 63.940074921
0.999667168 -0.005442196 0.025217019 3.384385109 0.005324158 0.999974549 0.004745673 -6.574823380 -0.025242204 -0.004609835 0.999670744 66.213272095
0.999645472 -0.004298691 0.026275268 3.530813456 0.004167233 0.999978662 0.005055769 -6.800090313 -0.026296437 -0.004944484 0.999641895 68.456581116
0.999600649 -0.004624175 0.027878059 3.667471647 0.004493135 0.999978542 0.004761336 -7.024106503 -0.027899474 -0.004634174 0.999599993 70.705848694
0.999590993 -0.005532841 0.028057670 3.834159374 0.005435675 0.999978960 0.003538179 -7.249001503 -0.028076662 -0.003384219 0.999600053 72.954666138
0.999568403 -0.006406961 0.028669965 3.988536119 0.006289930 0.999971509 0.004170359 -7.477871895 -0.028695870 -0.003988228 0.999580204 75.228591919
0.999529421 -0.007543462 0.029735427 4.150799751 0.007440783 0.999965966 0.003562267 -7.706931114 -0.029761286 -0.003339336 0.999551475 77.492706299
0.999518514 -0.008433890 0.029857853 4.308467865 0.008332051 0.999958992 0.003533554 -7.934854984 -0.029886434 -0.003283076 0.999547899 79.724548340
0.999485731 -0.008936375 0.030796127 4.455732822 0.008833540 0.999954879 0.003473690 -8.154584885 -0.030825777 -0.003199865 0.999519646 81.978637695
0.999470711 -0.008137587 0.031496122 4.627319336 0.008045720 0.999962926 0.003042399 -8.378258705 -0.031519718 -0.002787380 0.999499261 84.248748779
0.999425411 -0.007940399 0.032950737 4.788321495 0.007825973 0.999962866 0.003600114 -8.597045898 -0.032978103 -0.003340174 0.999450445 86.500869751
0.999425709 -0.007920941 0.032946687 4.957560539 0.007765849 0.999958158 0.004832711 -8.829420090 -0.032983597 -0.004574076 0.999445438 88.771606445
0.999405324 -0.007007754 0.033761658 5.119343758 0.006828360 0.999961972 0.005425906 -9.054857254 -0.033798397 -0.005192143 0.999415159 91.018325806
0.999375999 -0.006956493 0.034629330 5.286251068 0.006775730 0.999962807 0.005334526 -9.275650024 -0.034665156 -0.005096558 0.999385953 93.273643494
0.999364138 -0.007048873 0.034949683 5.454382896 0.006884237 0.999964654 0.004828763 -9.492737770 -0.034982488 -0.004585092 0.999377429 95.520271301
0.999328077 -0.007489248 0.035879415 5.620314121 0.007313664 0.999960661 0.005022494 -9.712483406 -0.035915617 -0.004756709 0.999343514 97.769577026
0.999298513 -0.007421502 0.036707032 5.784557343 0.007261354 0.999963641 0.004494245 -9.941194534 -0.036739051 -0.004224550 0.999315917 99.995887756
0.999236286 -0.007622201 0.038324520 5.943970203 0.007405945 0.999955833 0.005781557 -10.159625053 -0.038366903 -0.005493312 0.999248564 102.205482483
0.999209762 -0.007652782 0.039004978 6.134566307 0.007441295 0.999956846 0.005564338 -10.377618790 -0.039045881 -0.005269692 0.999223530 104.457473755
0.999180973 -0.008616538 0.039537027 6.299167633 0.008366790 0.999944031 0.006477938 -10.599856377 -0.039590631 -0.006141833 0.999197125 106.677330017
0.999142170 -0.010127807 0.040153652 6.481162071 0.009871174 0.999929547 0.006584380 -10.812847137 -0.040217515 -0.006182367 0.999171734 108.921165466
0.999106824 -0.011120548 0.040766772 6.670070171 0.010822420 0.999913096 0.007526462 -11.037150383 -0.040846929 -0.007078545 0.999140322 111.169746399
0.999090612 -0.011651745 0.041014604 6.862884045 0.011407020 0.999915719 0.006195807 -11.257755280 -0.041083332 -0.005722320 0.999139309 113.429748535
0.999044180 -0.012221090 0.041971449 7.046899796 0.012014809 0.999914408 0.005163618 -11.471433640 -0.042030957 -0.004654401 0.999105573 115.669967651
0.999005497 -0.012980636 0.042656403 7.229560852 0.012764195 0.999904275 0.005342505 -11.694505692 -0.042721674 -0.004792717 0.999075532 117.901336670
0.998947740 -0.013100978 0.043951925 7.416766644 0.012835200 0.999897540 0.006323806 -11.915166855 -0.044030268 -0.005753018 0.999013662 120.148246765
0.998940885 -0.014043655 0.043817647 7.623763084 0.013748867 0.999880791 0.007021777 -12.138257980 -0.043911044 -0.006411897 0.999014914 122.350486755
0.998906910 -0.014619088 0.044399083 7.825828075 0.014357660 0.999877632 0.006201367 -12.351244926 -0.044484317 -0.005557122 0.998994589 124.594429016
0.998864830 -0.015050956 0.045194309 8.007750511 0.014824219 0.999875784 0.005347877 -12.574547768 -0.045269199 -0.004671836 0.998963833 126.862602234
0.998855174 -0.016645908 0.044846956 8.199091911 0.016415469 0.999850094 0.005501751 -12.789968491 -0.044931825 -0.004759269 0.998978734 129.120422363
0.998879910 -0.017842179 0.043824077 8.390971184 0.017608231 0.999828577 0.005718671 -13.006000519 -0.043918606 -0.004940601 0.999022901 131.373748779
0.998935461 -0.018079195 0.042438380 8.582551956 0.017796921 0.999816895 0.007019897 -13.224617004 -0.042557530 -0.006257151 0.999074459 133.605941772
0.998987317 -0.018982604 0.040790945 8.770229340 0.018722104 0.999801993 0.006758717 -13.447256088 -0.040911164 -0.005988180 0.999144852 135.838638306
0.999082506 -0.019685766 0.038034771 8.981717110 0.019457992 0.999790490 0.006349523 -13.661601067 -0.038151801 -0.005603618 0.999256194 138.048889160
0.999036849 -0.020712696 0.038682174 9.132675171 0.020468650 0.999768078 0.006694418 -13.886966705 -0.038811862 -0.005896199 0.999229133 140.322158813
0.999019921 -0.020977544 0.038974937 9.295895576 0.020718066 0.999760509 0.007049554 -14.096190453 -0.039113484 -0.006235160 0.999215305 142.552673340
0.999073207 -0.021035695 0.037551329 9.495239258 0.020741012 0.999751091 0.008219848 -14.325854301 -0.037714895 -0.007433378 0.999260843 144.773986816
0.999085844 -0.019979494 0.037793074 9.665705681 0.019722978 0.999779940 0.007148135 -14.540319443 -0.037927572 -0.006396209 0.999260008 147.017013550
0.999104440 -0.018830167 0.037890092 9.841476440 0.018632444 0.999810934 0.005564724 -14.755619049 -0.037987702 -0.004853755 0.999266446 149.251022339
0.999115944 -0.017680837 0.038140941 10.018666267 0.017516872 0.999835849 0.004628855 -14.975819588 -0.038216524 -0.003956654 0.999261677 151.487655640
0.999126315 -0.016773921 0.038277056 10.204077721 0.016609082 0.999851346 0.004620519 -15.190139771 -0.038348880 -0.003980736 0.999256432 153.719879150
0.999112725 -0.016355705 0.038809542 10.386531830 0.016172033 0.999856532 0.005041938 -15.410968781 -0.038886439 -0.004409834 0.999233902 155.986083984
0.999121845 -0.014556220 0.039289240 10.558263779 0.014313835 0.999876797 0.006443539 -15.630347252 -0.039378192 -0.005875501 0.999207079 158.182693481
0.999075532 -0.013911547 0.040675875 10.735837936 0.013619598 0.999879539 0.007445786 -15.847921371 -0.040774561 -0.006884913 0.999144673 160.415390015
0.999061584 -0.012291825 0.041530915 10.916699409 0.011911380 0.999884903 0.009395565 -16.066976547 -0.041641623 -0.008892056 0.999093056 162.687301636
0.999032974 -0.012207258 0.042237233 11.101567268 0.011860589 0.999893844 0.008448550 -16.267621994 -0.042335890 -0.007939423 0.999071896 164.939147949
0.999001324 -0.011570332 0.043154821 11.293210030 0.011254601 0.999908268 0.007551999 -16.483556747 -0.043238241 -0.007058768 0.999039829 167.166839600
0.998917341 -0.009564531 0.045524977 11.472866058 0.009202799 0.999924421 0.008148761 -16.698532104 -0.045599476 -0.007720983 0.998929918 169.404693604
0.998794675 -0.009116942 0.048228901 11.654715538 0.008730073 0.999928057 0.008226079 -16.928031921 -0.048300423 -0.007795122 0.998802364 171.641769409
0.998683035 -0.008988510 0.050510094 11.856590271 0.008598824 0.999931633 0.007927042 -17.140123367 -0.050577890 -0.007482276 0.998692095 173.905075073
0.998588860 -0.009074089 0.052328128 12.055327415 0.008642536 0.999926746 0.008467465 -17.356510162 -0.052401140 -0.008003266 0.998594046 176.153656006
0.998540521 -0.009617039 0.053144805 12.259949684 0.009123695 0.999913037 0.009517886 -17.574054718 -0.053231720 -0.009019117 0.998541474 178.377746582
0.998471797 -0.010697401 0.054219019 12.456803322 0.010196420 0.999902785 0.009508192 -17.782539368 -0.054315463 -0.008940821 0.998483777 180.616104126
0.998532951 -0.012144921 0.052768044 12.671867371 0.011671867 0.999888957 0.009263725 -18.002754211 -0.052874692 -0.008634233 0.998563826 182.878311157
0.998537302 -0.013255125 0.052416909 12.880410194 0.012776762 0.999873698 0.009450715 -18.218517303 -0.052535560 -0.008767175 0.998580575 185.117630005
0.998543918 -0.015058239 0.051799808 13.093832016 0.014534170 0.999839544 0.010479067 -18.430353165 -0.051949296 -0.009710944 0.998602509 187.354476929
0.998535514 -0.016322643 0.051579371 13.300483704 0.015833959 0.999825895 0.009868924 -18.646795273 -0.051731490 -0.009037764 0.998620152 189.609756470
0.998484910 -0.017446220 0.052186117 13.497811317 0.016965766 0.999809623 0.009635400 -18.858989716 -0.052344285 -0.008735424 0.998590946 191.852005005
0.998478591 -0.018449731 0.051963057 13.697942734 0.017976595 0.999792695 0.009557893 -19.082639694 -0.052128628 -0.008609232 0.998603284 194.098739624
0.998494565 -0.018209815 0.051739752 13.909635544 0.017711405 0.999792397 0.010075194 -19.293275833 -0.051912479 -0.009143642 0.998609781 196.328430176
0.998518705 -0.016406043 0.051877543 14.125904083 0.015865337 0.999815643 0.010817415 -19.508571625 -0.052045461 -0.009978335 0.998594880 198.572418213
0.998519540 -0.014085533 0.052539241 14.321714401 0.013552588 0.999853134 0.010486261 -19.734359741 -0.052679222 -0.009758694 0.998563826 200.844207764
0.998488486 -0.013486758 0.053280272 14.531591415 0.012981316 0.999867499 0.009821170 -19.945131302 -0.053405657 -0.009114677 0.998531282 203.106506348
0.998437285 -0.013822861 0.054147881 14.729100227 0.013293006 0.999860227 0.010133306 -20.144840240 -0.054280382 -0.009397681 0.998481512 205.328887939
0.998436511 -0.015160284 0.053801410 14.966417313 0.014594941 0.999834239 0.010885380 -20.371887207 -0.053957522 -0.010083131 0.998492301 207.581771851
0.998350739 -0.014991462 0.055416554 15.166680336 0.014392446 0.999833822 0.011192745 -20.569454193 -0.055575136 -0.010376704 0.998400629 209.822937012
0.998295009 -0.014654522 0.056500647 15.381589890 0.013976295 0.999825656 0.012380379 -20.792610168 -0.056672219 -0.011569600 0.998325944 212.052597046
0.998236716 -0.013411519 0.057823706 15.615576744 0.012680929 0.999835253 0.012983278 -21.001895905 -0.057988312 -0.012227126 0.998242438 214.278564453
0.998070478 -0.011243328 0.061066765 15.837820053 0.010481282 0.999863267 0.012784946 -21.202360153 -0.061202165 -0.012120214 0.998051822 216.544418335
0.997949660 -0.011318679 0.062995359 16.067609787 0.010518611 0.999859869 0.013017640 -21.403966904 -0.063133880 -0.012328324 0.997928858 218.780548096
0.997808516 -0.012460938 0.064984068 16.295635223 0.011605257 0.999841154 0.013528461 -21.602460861 -0.065142319 -0.012744656 0.997794569 221.012741089
0.997710764 -0.013747714 0.066215716 16.528949738 0.012829935 0.999816060 0.014265816 -21.800922394 -0.066399641 -0.013383613 0.997703373 223.242111206
0.997641921 -0.015689787 0.066815324 16.774585724 0.014803401 0.999796033 0.013740765 -22.009723663 -0.067017287 -0.012719273 0.997670650 225.465316772
0.997620702 -0.016982095 0.066816062 17.020656586 0.016112078 0.999778509 0.013538465 -22.208225250 -0.067031190 -0.012429709 0.997673392 227.714477539
0.997543752 -0.017208079 0.067899801 17.248521805 0.016308291 0.999772012 0.013783892 -22.405113220 -0.068121530 -0.012642706 0.997596920 229.956024170
0.997488737 -0.018621506 0.068332627 17.491891861 0.017785262 0.999759555 0.012825956 -22.608001709 -0.068555035 -0.011578432 0.997580111 232.196441650
0.997442305 -0.019558076 0.068748824 17.732549667 0.018672045 0.999734402 0.013507001 -22.800943375 -0.068994738 -0.012188773 0.997542560 234.434585571
0.997421741 -0.018964060 0.069210805 18.009315491 0.018015297 0.999735296 0.014306938 -23.012157440 -0.069463812 -0.013023199 0.997499406 236.702926636
0.997381985 -0.018709678 0.069849893 18.248928070 0.017774802 0.999744236 0.013981729 -23.204456329 -0.070093624 -0.012703557 0.997459471 238.925094604
0.997359335 -0.018801048 0.070149235 18.497703552 0.017837925 0.999738157 0.014330943 -23.405561447 -0.070400313 -0.013041782 0.997433484 241.143554688
0.997300982 -0.019184431 0.070870794 18.742002487 0.018187439 0.999726713 0.014686439 -23.606779099 -0.071133174 -0.013357840 0.997377515 243.386474609
0.997267842 -0.019615734 0.071218014 18.990650177 0.018663986 0.999727666 0.014004949 -23.808586121 -0.071473338 -0.012637474 0.997362554 245.608123779
0.997268617 -0.019577766 0.071218096 19.246786118 0.018665288 0.999735236 0.013455514 -24.012935638 -0.071462676 -0.012089454 0.997370124 247.840179443
0.997234404 -0.019843824 0.071622476 19.497081757 0.018876640 0.999721587 0.014155680 -24.217662811 -0.071883455 -0.012764540 0.997331381 250.068099976
0.997196555 -0.021248143 0.071746640 19.753374100 0.020270620 0.999691844 0.014325515 -24.420907974 -0.072028920 -0.012831004 0.997319996 252.289550781
0.997189224 -0.021576628 0.071750052 20.015398026 0.020545766 0.999675274 0.015074623 -24.622117996 -0.072052017 -0.013558093 0.997308671 254.544555664
0.997166991 -0.022386706 0.071811117 20.256977081 0.021326596 0.999652505 0.015495447 -24.821924210 -0.072133034 -0.013920062 0.997297883 256.762176514
0.997140586 -0.023289530 0.071889788 20.528160095 0.022162484 0.999619424 0.016435549 -25.040884018 -0.072245188 -0.014795295 0.997277141 259.038055420
0.997095466 -0.022776622 0.072676539 20.780548096 0.021670543 0.999637544 0.015971730 -25.234870911 -0.073013999 -0.014350401 0.997227669 261.274169922
0.997059286 -0.022667766 0.073203713 21.041936874 0.021586439 0.999646366 0.015529050 -25.430656433 -0.073529817 -0.013903177 0.997196078 263.524871826
0.997033656 -0.021892847 0.073787548 21.306543350 0.020843577 0.999670923 0.014960351 -25.627653122 -0.074090779 -0.013377980 0.997161746 265.766448975
0.996970057 -0.021623958 0.074719198 21.571037292 0.020550981 0.999674797 0.015099338 -25.826145172 -0.075021401 -0.013518034 0.997090280 268.012481689
0.996874094 -0.021769496 0.075947620 21.828962326 0.020680446 0.999672174 0.015096660 -26.023601532 -0.076251380 -0.013478840 0.996997416 270.251678467
0.996682703 -0.022856526 0.078110285 22.069784164 0.021696379 0.999641776 0.015669342 -26.226467133 -0.078440450 -0.013922652 0.996821582 272.521514893
0.996516705 -0.023149513 0.080115445 22.339666367 0.021982549 0.999639511 0.015417609 -26.412315369 -0.080443472 -0.013602763 0.996666372 274.762054443
0.996444046 -0.023329645 0.080962412 22.608375549 0.021947553 0.999598444 0.017919049 -26.620040894 -0.081347950 -0.016078403 0.996555984 277.028656006
0.996393919 -0.022141647 0.081908189 22.897579193 0.020714637 0.999619126 0.018231146 -26.804729462 -0.082280651 -0.016468700 0.996473074 279.282226562
0.996280074 -0.022949394 0.083063588 23.178524017 0.021399185 0.999580681 0.019505443 -27.009326935 -0.083476394 -0.017655395 0.996353328 281.555664062
0.996164382 -0.022244394 0.084626943 23.447866440 0.020657692 0.999594808 0.019579181 -27.194257736 -0.085028186 -0.017755887 0.996220291 283.799987793
0.996200979 -0.021609137 0.084359787 23.753290176 0.020081719 0.999619365 0.018912889 -27.381614685 -0.084736355 -0.017146947 0.996255875 286.074798584
0.996094406 -0.020839378 0.085799731 24.021310806 0.019356789 0.999649227 0.018075611 -27.570827484 -0.086146317 -0.016344210 0.996148407 288.304565430
0.996106029 -0.020856863 0.085661002 24.304887772 0.019401880 0.999653578 0.017782928 -27.760559082 -0.086002231 -0.016051698 0.996165574 290.548583984
0.996113777 -0.021317245 0.085457079 24.594478607 0.019925779 0.999655187 0.017102694 -27.945255280 -0.085792199 -0.015333432 0.996195018 292.795745850
0.996115506 -0.021744421 0.085329413 24.877597809 0.020389853 0.999652326 0.016714243 -28.140542984 -0.085663192 -0.014909461 0.996212602 295.021728516
0.996086717 -0.021755083 0.085662164 25.152416229 0.020381577 0.999649942 0.016876118 -28.334278107 -0.085999310 -0.015064149 0.996181309 297.255249023
0.996056020 -0.021338981 0.086123727 25.432662964 0.019923484 0.999652505 0.017261954 -28.523008347 -0.086462170 -0.015477983 0.996134877 299.489227295
0.996023774 -0.020915283 0.086596973 25.709396362 0.019428875 0.999649644 0.017972130 -28.717975616 -0.086942531 -0.016218187 0.996081412 301.723663330
0.996035397 -0.020879781 0.086472139 25.999992371 0.019393813 0.999650061 0.017989010 -28.906940460 -0.086817481 -0.016240668 0.996091843 303.973419189
0.995997310 -0.020634184 0.086968020 26.287584305 0.019121442 0.999651611 0.018191615 -29.096889496 -0.087313093 -0.016455850 0.996044934 306.214416504
0.995973527 -0.021662896 0.086990856 26.568563461 0.020153845 0.999631464 0.018188341 -29.288650513 -0.087352790 -0.016361907 0.996043086 308.459930420
0.995940626 -0.022711316 0.087100007 26.858076096 0.021158233 0.999601126 0.018713005 -29.480459213 -0.087490253 -0.016794158 0.996023774 310.710052490
0.995908141 -0.022973539 0.087402076 27.143190384 0.021465885 0.999604821 0.018150730 -29.670747757 -0.087784521 -0.016200298 0.996007860 312.946166992
0.995923638 -0.022515923 0.087344795 27.435451508 0.020968683 0.999607205 0.018591579 -29.858924866 -0.087729104 -0.016684288 0.996004581 315.189453125
0.995877564 -0.021200247 0.088195622 27.722677231 0.019705230 0.999647617 0.017787501 -30.050476074 -0.088541642 -0.015976258 0.995944321 317.424865723
0.995863736 -0.019506644 0.088740833 27.999181747 0.017933520 0.999668121 0.018490201 -30.244726181 -0.089072071 -0.016822282 0.995883107 319.650451660
0.995808125 -0.018534845 0.089570433 28.283939362 0.016990541 0.999694109 0.017973136 -30.436283112 -0.089876175 -0.016375946 0.995818257 321.877502441
0.995757818 -0.017776353 0.090279251 28.561483383 0.016157892 0.999695897 0.018626694 -30.625722885 -0.090582922 -0.017088948 0.995742261 324.126007080
0.995762169 -0.017727610 0.090241008 28.856081009 0.015976109 0.999670386 0.020094629 -30.824314117 -0.090567514 -0.018567769 0.995717227 326.348388672
0.995674431 -0.017820572 0.091185711 29.126825333 0.016086634 0.999676228 0.019715279 -31.014200211 -0.091507539 -0.018163130 0.995638728 328.593048096
0.995636284 -0.019243868 0.091313079 29.423492432 0.017591406 0.999667227 0.018867206 -31.200973511 -0.091645770 -0.017178554 0.995643497 330.820068359
0.995651424 -0.018873740 0.091225393 29.712615967 0.017224962 0.999674380 0.018827405 -31.392475128 -0.091551006 -0.017174181 0.995652199 333.037811279
0.995620370 -0.019130699 0.091511093 30.001386642 0.017352834 0.999645650 0.020184303 -31.580162048 -0.091864817 -0.018507924 0.995599449 335.279022217
0.995640635 -0.019667448 0.091175251 30.303394318 0.017900022 0.999636471 0.020162426 -31.763422012 -0.091538668 -0.018442487 0.995630741 337.511596680
0.995615244 -0.019524600 0.091482773 30.585567474 0.017715713 0.999632001 0.020543553 -31.953887939 -0.091850206 -0.018832788 0.995594740 339.750854492
0.995623171 -0.019551802 0.091390632 30.885322571 0.017784314 0.999639511 0.020114565 -32.140232086 -0.091750950 -0.018401209 0.995611906 341.994323730
0.995620251 -0.019933607 0.091340005 31.177476883 0.018112848 0.999621212 0.020719729 -32.325180054 -0.091718420 -0.018974548 0.995604098 344.246887207
0.995671034 -0.019259645 0.090929814 31.469320297 0.017444711 0.999633253 0.020712549 -32.506584167 -0.091295399 -0.019036641 0.995641887 346.478912354
0.995696187 -0.019060321 0.090695761 31.761205673 0.017250799 0.999636948 0.020693880 -32.689983368 -0.091057293 -0.019040242 0.995663643 348.703186035
0.995645642 -0.018568918 0.091350488 32.050453186 0.016685471 0.999633014 0.021338552 -32.880619049 -0.091713175 -0.019721411 0.995590270 350.939544678
0.995685220 -0.018499762 0.090932392 32.347652435 0.016587999 0.999626160 0.021735096 -33.067527771 -0.091300488 -0.020132927 0.995619833 353.160675049
0.995707154 -0.018211184 0.090750471 32.641899109 0.016346285 0.999640465 0.021250842 -33.252571106 -0.091104858 -0.019676179 0.995646894 355.410797119
0.995741487 -0.018284256 0.090358347 32.935504913 0.016392780 0.999631643 0.021631114 -33.435424805 -0.090720564 -0.020057769 0.995674372 357.642974854
0.995813549 -0.017694775 0.089678764 33.234306335 0.015709592 0.999616742 0.022794345 -33.624866486 -0.090047732 -0.021290101 0.995709836 359.875640869
0.995833457 -0.017815262 0.089433372 33.527584076 0.015824720 0.999612093 0.022917243 -33.811065674 -0.089806974 -0.021406498 0.995729089 362.111633301
0.995898545 -0.017817581 0.088704377 33.827255249 0.015811617 0.999604285 0.023265610 -33.990455627 -0.089083783 -0.021767626 0.995786250 364.356658936
0.995960593 -0.017880030 0.087992683 34.121845245 0.015943818 0.999616086 0.022658153 -34.172603607 -0.088364035 -0.021163693 0.995863318 366.610015869
0.995968223 -0.018638510 0.087749362 34.404323578 0.016716167 0.999605000 0.022591323 -34.357650757 -0.088135771 -0.021033406 0.995886385 368.859130859
0.995974243 -0.018582359 0.087692812 34.686412811 0.016751984 0.999627054 0.021562656 -34.533508301 -0.088060804 -0.020006822 0.995914161 371.116302490
0.996009290 -0.018689299 0.087270722 34.975677490 0.016847465 0.999620438 0.021794001 -34.722976685 -0.087644920 -0.020236738 0.995946229 373.368194580
0.996183872 -0.018649617 0.085264079 35.282821655 0.016834410 0.999617040 0.021958942 -34.898933411 -0.085640967 -0.020439772 0.996116400 375.606750488
0.996034861 -0.018263970 0.087068222 35.547401428 0.016343001 0.999608099 0.022724869 -35.083007812 -0.087449163 -0.021211809 0.995943129 377.871459961
0.996013880 -0.018762400 0.087202780 35.828182220 0.016812656 0.999593198 0.023039678 -35.268047333 -0.087599561 -0.021481736 0.995924056 380.106719971
0.996047378 -0.018664995 0.086840071 36.124496460 0.016713338 0.999592364 0.023147294 -35.445640564 -0.087236717 -0.021604419 0.995953321 382.363372803
0.996061563 -0.017962649 0.086825415 36.416439056 0.015979826 0.999596655 0.023478296 -35.631298065 -0.087212123 -0.021998374 0.995946825 384.625488281
0.996065795 -0.016870998 0.086995907 36.703704834 0.014903810 0.999619424 0.023212582 -35.803974152 -0.087354422 -0.021824690 0.995938182 386.886413574
0.996094346 -0.015465668 0.086929671 36.999713898 0.013494685 0.999639332 0.023215426 -35.991321564 -0.087257370 -0.021951666 0.995943844 389.158630371
0.996077597 -0.014333750 0.087315574 37.281860352 0.012344502 0.999652684 0.023279840 -36.175445557 -0.087618962 -0.022110661 0.995908678 391.433227539
0.996112049 -0.012800097 0.087160736 37.573684692 0.010673905 0.999635041 0.024816455 -36.355720520 -0.087446578 -0.023789624 0.995885134 393.698059082
0.996065974 -0.011954903 0.087804563 37.856731415 0.009798976 0.999640822 0.024943840 -36.534637451 -0.088071227 -0.023985315 0.995825350 395.969085693
0.996001005 -0.011627020 0.088582136 38.143135071 0.009561492 0.999673247 0.023706425 -36.724445343 -0.088828832 -0.022764642 0.995786846 398.231719971
0.995953023 -0.011487201 0.089137785 38.430259705 0.009459492 0.999687552 0.023137223 -36.904331207 -0.089375719 -0.022200389 0.995750546 400.497650146
0.995788693 -0.012472700 0.090825491 38.696773529 0.010304188 0.999651432 0.024305519 -37.077274323 -0.091096990 -0.023267275 0.995570183 402.738830566
0.995792389 -0.013981244 0.090564989 38.996879578 0.011744332 0.999613941 0.025185535 -37.255702972 -0.090882145 -0.024015944 0.995571971 405.006866455
0.995772421 -0.014492253 0.090704419 39.286663055 0.012265056 0.999610662 0.025063904 -37.431716919 -0.091032334 -0.023845445 0.995562434 407.263916016
0.995692492 -0.013801977 0.091684237 39.599452972 0.011604693 0.999633670 0.024455808 -37.610603333 -0.091988169 -0.023286497 0.995487690 409.537414551
0.995666146 -0.012914671 0.092098445 39.901893616 0.010661341 0.999632657 0.024916716 -37.795028687 -0.092386410 -0.023826838 0.995438099 411.793975830
0.995598137 -0.011884618 0.092968024 40.186729431 0.009645488 0.999653339 0.024497326 -37.974273682 -0.093226939 -0.023492774 0.995367706 414.040740967
0.995482028 -0.011020351 0.094308324 40.480442047 0.008722168 0.999655664 0.024746444 -38.153362274 -0.094548576 -0.023812069 0.995235443 416.308959961
0.995453119 -0.011448675 0.094562337 40.789188385 0.009145993 0.999651849 0.024748554 -38.335121155 -0.094812743 -0.023771161 0.995211184 418.565856934
0.995345056 -0.011787469 0.095651574 41.081459045 0.009453634 0.999647260 0.024815936 -38.511520386 -0.095910378 -0.023796165 0.995105445 420.825897217
0.995272577 -0.012108348 0.096363507 41.376869202 0.009774166 0.999648154 0.024657954 -38.691459656 -0.096628159 -0.023599509 0.995040715 423.084960938
0.995209515 -0.012859575 0.096915677 41.681648254 0.010400129 0.999611974 0.025839776 -38.870143890 -0.097210348 -0.024708055 0.994957209 425.355865479
0.995148540 -0.012140376 0.097631738 41.981853485 0.009594812 0.999602675 0.026500501 -39.048522949 -0.097914696 -0.025435179 0.994869709 427.607452393
0.995045304 -0.011504970 0.098753750 42.292320251 0.008838596 0.999585509 0.027395397 -39.221954346 -0.099027999 -0.026386820 0.994734704 429.890197754
0.995033324 -0.011819771 0.098838292 42.600837708 0.009133638 0.999577701 0.027585518 -39.400009155 -0.099122614 -0.026545759 0.994721055 432.129486084
0.995056272 -0.012474045 0.098525450 42.921760559 0.009863404 0.999588370 0.026939938 -39.578208923 -0.098820932 -0.025834957 0.994769752 434.388000488
0.995023429 -0.011871680 0.098931029 43.226524353 0.009207415 0.999583602 0.027343722 -39.743991852 -0.099214457 -0.026296748 0.994718552 436.642547607
0.994992852 -0.012102061 0.099210583 43.538356781 0.009411548 0.999576271 0.027542545 -39.917640686 -0.099501856 -0.026470905 0.994685233 438.925842285
0.995015979 -0.011976565 0.098993726 43.862232208 0.009260437 0.999569178 0.027851500 -40.090507507 -0.099284649 -0.026795965 0.994698167 441.207794189
0.994997561 -0.012093607 0.099165030 44.174026489 0.009296166 0.999547064 0.028623696 -40.265632629 -0.099466272 -0.027558655 0.994659185 443.476318359
0.994883597 -0.012936005 0.100196004 44.474067688 0.010039908 0.999518633 0.029354863 -40.439979553 -0.100527510 -0.028198713 0.994534612 445.724945068
0.994889379 -0.013215516 0.100102529 44.797103882 0.010334520 0.999518871 0.029244555 -40.614982605 -0.100440845 -0.028060585 0.994547248 447.994537354
0.994859278 -0.012342657 0.100512281 45.114830017 0.009481858 0.999537528 0.028890364 -40.785270691 -0.100822389 -0.027788801 0.994516253 450.251678467
0.994811118 -0.012121640 0.101014167 45.427806854 0.009267582 0.999545753 0.028675601 -40.960994720 -0.101315871 -0.027590651 0.994471669 452.509735107
0.994749486 -0.011553895 0.101686947 45.739204407 0.008671906 0.999549270 0.028738370 -41.123596191 -0.101973176 -0.027705656 0.994401276 454.774322510
0.994715571 -0.011932674 0.101972483 46.050075531 0.009036539 0.999543905 0.028816046 -41.303272247 -0.102269828 -0.027742295 0.994369745 457.039581299
0.994759798 -0.011296632 0.101613916 46.381774902 0.008460504 0.999563634 0.028298633 -41.475406647 -0.101889260 -0.027290639 0.994421363 459.323181152
0.994748592 -0.010359011 0.101822831 46.695610046 0.007481845 0.999562979 0.028597996 -41.645805359 -0.102074593 -0.027685998 0.994391382 461.598419189
0.994777799 -0.009918058 0.101582393 47.016555786 0.006947843 0.999539137 0.029551646 -41.811874390 -0.101828672 -0.028691540 0.994388103 463.873321533
0.994793534 -0.009864813 0.101432458 47.326702118 0.006869077 0.999531031 0.029841267 -41.976097107 -0.101679273 -0.028989155 0.994394779 466.141113281
0.994861722 -0.010280990 0.100719690 47.646785736 0.007418241 0.999558926 0.028756360 -42.143711090 -0.100970909 -0.027861437 0.994499207 468.421264648
0.994896173 -0.010401243 0.100366265 47.970264435 0.007565527 0.999562442 0.028593069 -42.321964264 -0.100619771 -0.027687812 0.994539559 470.717590332
0.994973302 -0.010837500 0.099552594 48.287925720 0.007915501 0.999527514 0.029699551 -42.501445770 -0.099827431 -0.028762251 0.994589090 472.996551514
0.994954705 -0.010916844 0.099729829 48.598606110 0.007922102 0.999507129 0.030375376 -42.675460815 -0.100012302 -0.029432056 0.994550824 475.276489258
0.995026946 -0.010246747 0.099077597 48.909732819 0.007357879 0.999538302 0.029479202 -42.822284698 -0.099333934 -0.028603598 0.994642973 477.567810059
0.995072126 -0.010229544 0.098624341 49.231323242 0.007340343 0.999534428 0.029613493 -42.985679626 -0.098881371 -0.028743628 0.994683921 479.850799561
0.995083034 -0.010799281 0.098453708 49.548889160 0.007873144 0.999516964 0.030061178 -43.154262543 -0.098730803 -0.029138226 0.994687498 482.131256104
0.995132923 -0.011472669 0.097871542 49.862941742 0.008605131 0.999522626 0.029671021 -43.323638916 -0.098165244 -0.028684415 0.994756639 484.402160645
0.995224893 -0.011444279 0.096935146 50.181449890 0.008498643 0.999491096 0.030746289 -43.502815247 -0.097237691 -0.029775655 0.994815648 486.681854248
0.995217919 -0.012371534 0.096893080 50.486789703 0.009508224 0.999505937 0.029957423 -43.655338287 -0.097215824 -0.028892888 0.994843960 488.982421875
0.995237172 -0.012109135 0.096728377 50.798461914 0.009179872 0.999487400 0.030671226 -43.823356628 -0.097050205 -0.029637191 0.994838059 491.283264160
0.995316386 -0.011310084 0.096006528 51.116737366 0.008403022 0.999495447 0.030630320 -43.982505798 -0.096304514 -0.029680124 0.994909286 493.565399170
0.995302141 -0.010252293 0.096273415 51.411266327 0.007407147 0.999526501 0.029863810 -44.139060974 -0.096534006 -0.029010404 0.994906843 495.860687256
0.995333850 -0.009376131 0.096034229 51.729187012 0.006567278 0.999542534 0.029522870 -44.314262390 -0.096267112 -0.028754430 0.994940042 498.163391113
0.995353281 -0.009659198 0.095804691 52.036064148 0.006791953 0.999520540 0.030209113 -44.483409882 -0.096050546 -0.029418038 0.994941652 500.459747314
0.995344758 -0.008950100 0.095961541 52.340778351 0.006041578 0.999514699 0.030557072 -44.651103973 -0.096188463 -0.029835060 0.994915843 502.732452393
0.995381057 -0.007959994 0.095671415 52.649719238 0.005157135 0.999551237 0.029508373 -44.816158295 -0.095863357 -0.028878683 0.994975507 505.017120361
0.995378077 -0.007418918 0.095746905 52.953041077 0.004553960 0.999536335 0.030106094 -44.984626770 -0.095925868 -0.029530918 0.994950354 507.304382324
0.995414019 -0.007754683 0.095345274 53.270565033 0.004997359 0.999563277 0.029124215 -45.153446198 -0.095529497 -0.028514180 0.995018125 509.608154297
0.995452762 -0.008419803 0.094884984 53.590053558 0.005618752 0.999541581 0.029749086 -45.327304840 -0.095091999 -0.029080672 0.995043576 511.917724609
0.995421588 -0.007996279 0.095246784 53.892414093 0.005181266 0.999543488 0.029765667 -45.491752625 -0.095441304 -0.029135888 0.995008588 514.225708008
0.995462298 -0.007334226 0.094873793 54.206809998 0.004566295 0.999558508 0.029359141 -45.659008026 -0.095047235 -0.028792696 0.995056272 516.529846191
0.995441437 -0.006248235 0.095169619 54.502738953 0.003480959 0.999567091 0.029215630 -45.832466125 -0.095310956 -0.028751167 0.995032251 518.818054199
0.995397329 -0.004738426 0.095716394 54.803924561 0.001915844 0.999561191 0.029559420 -46.009277344 -0.095814452 -0.029239988 0.994969666 521.102294922
0.995300114 -0.002962465 0.096793190 55.112995148 0.000086344 0.999558687 0.029704768 -46.178623199 -0.096838489 -0.029556803 0.994861126 523.426818848
0.995239139 -0.001708631 0.097447880 55.424526215 -0.001295600 0.999526024 0.030757494 -46.337627411 -0.097454250 -0.030737313 0.994765222 525.732482910
0.995147467 -0.002166942 0.098370090 55.732444763 -0.000860468 0.999527693 0.030722851 -46.505649567 -0.098390184 -0.030658418 0.994675517 528.028137207
0.995093465 -0.004089661 0.098854184 56.036338806 0.000921029 0.999484956 0.032078005 -46.672012329 -0.098934464 -0.031829573 0.994584739 530.330566406
0.995043635 -0.005813856 0.099268891 56.366619110 0.002650637 0.999485493 0.031967361 -46.839229584 -0.099403657 -0.031545792 0.994547009 532.645812988
0.995011628 -0.006017919 0.099575862 56.685817719 0.002902214 0.999502480 0.031405084 -47.003623962 -0.099715307 -0.030959439 0.994534254 534.957275391
0.994929075 -0.005993478 0.100401461 57.004043579 0.002877662 0.999510527 0.031149719 -47.173641205 -0.100539021 -0.030702835 0.994459212 537.267456055
0.994815886 -0.005475708 0.101545177 57.320705414 0.002378148 0.999528885 0.030600263 -47.344070435 -0.101664893 -0.030200133 0.994360209 539.582580566
0.994670153 -0.004938805 0.102991000 57.631656647 0.001787227 0.999527931 0.030670354 -47.521747589 -0.103093877 -0.030322822 0.994209349 541.891479492
0.994583428 -0.004654002 0.103836916 57.957912445 0.001580669 0.999558806 0.029660368 -47.688034058 -0.103929125 -0.029335581 0.994152009 544.207641602
0.994473040 -0.004695285 0.104887538 58.279369354 0.001491163 0.999530494 0.030605726 -47.860069275 -0.104981981 -0.030280164 0.994013071 546.522338867
0.994338930 -0.004853061 0.106143922 58.588169098 0.001537796 0.999509037 0.031293251 -48.027137756 -0.106243677 -0.030952873 0.993858218 548.812133789
0.994333267 -0.005110726 0.106184870 58.924983978 0.001750264 0.999495387 0.031716403 -48.200744629 -0.106293373 -0.031350818 0.993840456 551.117736816
0.994380772 -0.005775689 0.105704978 59.266197205 0.002542446 0.999525487 0.030696655 -48.363395691 -0.105832115 -0.030255413 0.993923604 553.417907715
0.994354725 -0.006182104 0.105926521 59.598972321 0.002881063 0.999506235 0.031288229 -48.535179138 -0.106067650 -0.030806424 0.993881524 555.731567383
0.994276226 -0.005936342 0.106675014 59.924823761 0.002576476 0.999496996 0.031606544 -48.697723389 -0.106808975 -0.031150784 0.993791580 558.030517578
0.994246542 -0.005499262 0.106973790 60.258140564 0.002007879 0.999462605 0.032718103 -48.865272522 -0.107096232 -0.032315072 0.993723333 560.348815918
0.994264185 -0.006259856 0.106768169 60.603271484 0.002680966 0.999430656 0.033630852 -49.035560608 -0.106917918 -0.033151716 0.993714988 562.668518066
0.994197965 -0.005562462 0.107422076 60.934585571 0.001862160 0.999402344 0.034516010 -49.200752258 -0.107549891 -0.034115713 0.993614197 564.972717285
0.994131386 -0.004810194 0.108072445 61.274394989 0.001066667 0.999398232 0.034670189 -49.374679565 -0.108174190 -0.034351442 0.993538201 567.286071777
0.994109392 -0.004095888 0.108303957 61.623470306 0.000540705 0.999460638 0.032834988 -49.531116486 -0.108380042 -0.032583006 0.993575335 569.610961914
0.994140387 -0.003781015 0.108029783 61.980487823 0.000186339 0.999446452 0.033265579 -49.699081421 -0.108095780 -0.033050541 0.993590951 571.931579590
0.994122863 -0.003470985 0.108201630 62.330638885 -0.000190793 0.999428153 0.033813454 -49.857227325 -0.108257137 -0.033635382 0.993553758 574.246032715
0.994015932 -0.004072623 0.109159105 62.656124115 0.000198997 0.999370575 0.035473462 -50.033760071 -0.109234869 -0.035239473 0.993391097 576.568908691
0.993939340 -0.003143571 0.109884933 62.995449066 -0.000588045 0.999424756 0.033910412 -50.189857483 -0.109928310 -0.033769514 0.993365705 578.899047852
0.994015038 -0.004449223 0.109152876 63.337677002 0.000595506 0.999376118 0.035312913 -50.370895386 -0.109241880 -0.035036560 0.993397474 581.187805176
0.994011104 -0.004899952 0.109169349 63.685348511 0.001000150 0.999360323 0.035748653 -50.532272339 -0.109274670 -0.035425372 0.993380129 583.511901855
0.994051933 -0.006051884 0.108738840 64.042182922 0.002133837 0.999345601 0.036112022 -50.699520111 -0.108886212 -0.035665192 0.993414223 585.849304199
0.994034410 -0.006937100 0.108846918 64.386741638 0.003127920 0.999377906 0.035127539 -50.853698730 -0.109022908 -0.034577519 0.993437648 588.179809570
0.994028986 -0.007234883 0.108875513 64.732841492 0.003434657 0.999379635 0.035051465 -51.011516571 -0.109061554 -0.034468219 0.993437231 590.518188477
0.994058311 -0.009370667 0.108444117 65.086357117 0.005547501 0.999354184 0.035502832 -51.173618317 -0.108706787 -0.034690291 0.993468344 592.854492188
0.994091272 -0.009668067 0.108117327 65.441940308 0.005827138 0.999342501 0.035785235 -51.335563660 -0.108392231 -0.034943771 0.993493855 595.205749512
