1.000000000 0.000000000 0.000000000 0.000000000 0.000000000 1.000000000 0.000000000 0.000000000 0.000000000 0.000000000 1.000000000 0.000000000
0.999999881 0.000168292 0.000507307 0.087746091 -0.000168221 1.000000000 -0.000140143 -0.225701466 -0.000507330 0.000140057 0.999999881 2.295029879
0.999998987 0.000617631 0.001211597 0.165461943 -0.000618263 0.999999702 0.000521369 -0.465572745 -0.001211275 -0.000522117 0.999999106 4.589190006
0.999998510 0.000221866 0.001677033 0.264193296 -0.000222857 0.999999821 0.000590748 -0.695323586 -0.001676901 -0.000591121 0.999998391 6.878965855
0.999996603 0.000026424 0.002617784 0.355785102 -0.000023368 0.999999344 -0.001167473 -0.926884830 -0.002617813 0.001167408 0.999995887 9.175294876
0.999987006 0.001817524 0.004767507 0.446399629 -0.001819041 0.999998271 0.000313767 -1.164079905 -0.004766929 -0.000322436 0.999988616 11.480054855
0.999964058 0.003696918 0.007618981 0.527300715 -0.003707087 0.999992251 0.001320971 -1.392848969 -0.007614039 -0.001349168 0.999970019 13.793169975
0.999946117 0.003555477 0.009746146 0.638589919 -0.003592797 0.999986291 0.003814439 -1.620844841 -0.009732450 -0.003849250 0.999945223 16.063747406
0.999940872 0.003486182 0.010294597 0.766369045 -0.003535203 0.999982417 0.004747553 -1.846541166 -0.010277865 -0.004783665 0.999935746 18.409250259
0.999934793 0.002582496 0.011124139 0.891814888 -0.002636923 0.999984622 0.004880829 -2.071579933 -0.011111363 -0.004909844 0.999926150 20.694086075
0.999929249 -0.000389988 0.011890011 0.999889731 0.000354532 0.999995470 0.002983927 -2.310128212 -0.011891121 -0.002979500 0.999924839 23.006975174
0.999915361 -0.002666973 0.012736120 1.107397079 0.002655045 0.999996006 0.000953302 -2.529940128 -0.012738612 -0.000919406 0.999918401 25.289203644
0.999916673 -0.004141779 0.012221111 1.248025417 0.004140624 0.999991417 0.000119758 -2.777328968 -0.012221502 -0.000069145 0.999925256 27.604623795
0.999902606 -0.003786359 0.013432834 1.350988030 0.003796392 0.999992490 -0.000721487 -3.004294395 -0.013430001 0.000772413 0.999909461 29.891016006
0.999902606 -0.002345463 0.013751812 1.477928638 0.002325134 0.999996185 0.001494129 -3.234840870 -0.013755265 -0.001462008 0.999904335 32.185672760
0.999904513 -0.000344850 0.013817026 1.606709480 0.000294269 0.999993265 0.003662688 -3.455680847 -0.013818195 -0.003658273 0.999897897 34.466003418
0.999878645 0.002227252 0.015418153 1.721869230 -0.002349519 0.999965906 0.007916526 -3.692392588 -0.015399996 -0.007951791 0.999849737 36.778507233
0.999859929 0.004035565 0.016245732 1.836310506 -0.004158463 0.999962926 0.007538321 -3.911360741 -0.016214708 -0.007604823 0.999839604 39.051441193
0.999834418 0.003036988 0.017939709 1.940775514 -0.003150177 0.999975204 0.006284510 -4.119946480 -0.017920172 -0.006339982 0.999819458 41.341274261
0.999832273 0.000624860 0.018305140 2.062780619 -0.000723343 0.999985337 0.005373906 -4.344802380 -0.018301513 -0.005386244 0.999818027 43.617156982
0.999833345 0.000169128 0.018254545 2.198361874 -0.000240226 0.999992371 0.003892675 -4.565044880 -0.018253744 -0.003896412 0.999825776 45.861721039
0.999833167 -0.000515879 0.018254599 2.324501038 0.000458852 0.999994993 0.003128070 -4.796193600 -0.018256120 -0.003119172 0.999828458 48.133289337
0.999830008 -0.002263612 0.018296439 2.460238457 0.002200306 0.999991536 0.003479375 -5.024654388 -0.018304158 -0.003438526 0.999826550 50.413890839
0.999812186 -0.003088894 0.019131914 2.590672016 0.003014673 0.999987841 0.003907078 -5.249500275 -0.019143753 -0.003848668 0.999809325 52.681266785
0.999803483 -0.004286978 0.019356037 2.725431919 0.004210757 0.999983191 0.003976901 -5.479433060 -0.019372758 -0.003894615 0.999804735 54.962314606
0.999769032 -0.004634690 0.020986691 2.841536522 0.004550029 0.999981344 0.004079971 -5.705813408 -0.021005206 -0.003983538 0.999771416 57.265979767
0.999748051 -0.006120904 0.021594975 2.979300976 0.006018735 0.999970376 0.004792992 -5.930846691 -0.021623669 -0.004661810 0.999755323 59.532543182
0.999702573 -0.007559980 0.023187321 3.104799747 0.007463778 0.999963164 0.004232597 -6.154682159 -0.023218464 -0.004058274 0.999722183 61.800277710
0.999683976 -0.008253933 0.023743767 3.254488945 0.008157443 0.999958098 0.004157675 -6.379611969 -0.023777088 -0.003962673 0.999709427 64.051544189
0.999660373 -0.007731071 0.024885535 3.395708323 0.007613447 0.999959350 0.004817846 -6.602819443 -0.024921775 -0.004626746 0.999678671 66.320045471
0.999644041 -0.006910738 0.025768360 3.542065620 0.006776961 0.999963105 0.005275221 -6.829886436 -0.025803864 -0.005098711 0.999653995 68.581192017
0.999609292 -0.007062930 0.027043480 3.679352283 0.006933820 0.999964118 0.004864966 -7.052251816 -0.027076872 -0.004675550 0.999622405 70.835762024
0.999588311 -0.007662455 0.027650358 3.836473465 0.007564338 0.999964714 0.003651362 -7.276840687 -0.027677357 -0.003440702 0.999610960 73.091377258
0.999572396 -0.008654185 0.027928432 3.995073795 0.008547682 0.999955833 0.003930532 -7.502186298 -0.027961209 -0.003690129 0.999602139 75.375885010
0.999519229 -0.009885525 0.029388877 4.150761604 0.009783541 0.999945581 0.003611919 -7.733961105 -0.029422987 -0.003322655 0.999561489 77.641151428
0.999518931 -0.010786405 0.029082531 4.310514927 0.010694372 0.999937296 0.003318328 -7.965518951 -0.029116504 -0.003005712 0.999571502 79.902381897
0.999487519 -0.011196172 0.029992409 4.458207130 0.011112130 0.999933839 0.002967285 -8.182174683 -0.030023646 -0.002632484 0.999545693 82.158889771
0.999468625 -0.010567754 0.030833455 4.622199059 0.010477814 0.999940395 0.003077038 -8.414284706 -0.030864131 -0.002752336 0.999519825 84.436645508
0.999419332 -0.010314785 0.032475278 4.778873920 0.010208975 0.999942064 0.003422336 -8.630936623 -0.032508694 -0.003088810 0.999466717 86.691581726
0.999419868 -0.009998504 0.032557048 4.945113659 0.009846327 0.999939859 0.004831103 -8.864666939 -0.032603387 -0.004507734 0.999458194 88.977188110
0.999388754 -0.009184306 0.033731427 5.101460934 0.008997334 0.999943256 0.005690614 -9.092950821 -0.033781774 -0.005383643 0.999414682 91.234451294
0.999357164 -0.009118541 0.034669295 5.266732693 0.008932048 0.999944806 0.005530324 -9.311841965 -0.034717817 -0.005217102 0.999383509 93.488143921
0.999344110 -0.009416512 0.034970209 5.437510014 0.009252223 0.999945402 0.004856956 -9.526826859 -0.035014030 -0.004530217 0.999376535 95.744094849
0.999310911 -0.009887596 0.035774700 5.602584362 0.009705219 0.999939024 0.005267950 -9.748135567 -0.035824604 -0.004917119 0.999345958 98.001640320
0.999275982 -0.009756867 0.036773875 5.764313698 0.009586109 0.999942422 0.004816924 -9.978519440 -0.036818750 -0.004460919 0.999311924 100.244697571
0.999232888 -0.010015301 0.037857033 5.932983398 0.009801697 0.999935150 0.005823788 -10.193819046 -0.037912898 -0.005448258 0.999266207 102.492851257
0.999201536 -0.010286610 0.038605057 6.118177891 0.010074389 0.999933064 0.005687769 -10.412104607 -0.038660984 -0.005294305 0.999238312 104.745391846
0.999176264 -0.010845230 0.039104547 6.282584667 0.010602594 0.999923289 0.006406842 -10.639637947 -0.039171025 -0.005986955 0.999214590 107.011734009
0.999140143 -0.012193930 0.039624855 6.464605331 0.011943135 0.999907136 0.006559827 -10.854646683 -0.039701164 -0.006080941 0.999193072 109.261985779
0.999100566 -0.013198645 0.040296923 6.646763802 0.012915409 0.999890089 0.007281042 -11.078197479 -0.040388603 -0.006754041 0.999161243 111.522598267
0.999076545 -0.013886847 0.040658783 6.837197304 0.013656975 0.999889195 0.005925984 -11.298786163 -0.040736567 -0.005365235 0.999155521 113.791389465
0.999030352 -0.014103632 0.041705415 7.018607140 0.013894768 0.999889433 0.005293762 -11.520358086 -0.041775469 -0.004709141 0.999115944 116.045608521
0.998986542 -0.014539676 0.042599734 7.196381092 0.014307143 0.999881089 0.005758320 -11.747074127 -0.042678401 -0.005143004 0.999075592 118.297721863
0.998928964 -0.014927177 0.043796133 7.383567810 0.014651814 0.999870837 0.006601644 -11.971714020 -0.043889020 -0.005952881 0.999018669 120.571723938
0.998920023 -0.015753264 0.043710135 7.590882301 0.015441897 0.999852955 0.007451941 -12.199006081 -0.043821100 -0.006768925 0.999016464 122.781211853
0.998852849 -0.016661605 0.044892404 7.787254810 0.016378408 0.999843597 0.006668835 -12.418374062 -0.044996500 -0.005925919 0.998969555 125.092826843
0.998809218 -0.017563764 0.045518659 7.970619202 0.017317019 0.999833167 0.005809466 -12.638854027 -0.045613099 -0.005014300 0.998946607 127.356208801
0.998784721 -0.019162809 0.045407485 8.160736084 0.018898550 0.999801934 0.006241992 -12.856279373 -0.045518100 -0.005376271 0.998949051 129.617263794
0.998807669 -0.020290760 0.044400234 8.350708008 0.020025447 0.999778926 0.006412166 -13.069495201 -0.044520520 -0.005515387 0.998993218 131.862213135
0.998864532 -0.020510446 0.042999156 8.546886444 0.020195989 0.999766171 0.007734904 -13.287264824 -0.043147754 -0.006857711 0.999045134 134.098632812
0.998898387 -0.021355907 0.041784137 8.725239754 0.021055043 0.999749184 0.007627581 -13.509523392 -0.041936550 -0.006739412 0.999097526 136.344879150
0.998974741 -0.022242179 0.039429069 8.938076019 0.021969117 0.999731719 0.007345254 -13.723321915 -0.039581854 -0.006471502 0.999195397 138.569427490
0.998935759 -0.022993086 0.039983369 9.091785431 0.022700872 0.999712288 0.007747146 -13.949954033 -0.040149990 -0.006831243 0.999170303 140.849380493
0.998930335 -0.023345064 0.039915062 9.265146255 0.023054477 0.999704301 0.007725033 -14.154334068 -0.040083598 -0.006796550 0.999173224 143.082321167
0.998968840 -0.023645854 0.038757216 9.458435059 0.023304485 0.999685705 0.009236121 -14.382999420 -0.038963437 -0.008323381 0.999205947 145.325714111
0.998986840 -0.022746297 0.038831670 9.634407997 0.022445608 0.999714732 0.008161915 -14.594755173 -0.039006248 -0.007282045 0.999212444 147.577590942
0.999005616 -0.021818019 0.038880955 9.818387032 0.021573311 0.999744833 0.006702332 -14.811996460 -0.039017268 -0.005856876 0.999221385 149.840026855
0.999032140 -0.020004744 0.039174579 9.994810104 0.019788869 0.999786854 0.005890679 -15.029137611 -0.039284069 -0.005109757 0.999215007 152.089050293
0.999041021 -0.019360512 0.039270811 10.179637909 0.019142414 0.999799371 0.005922148 -15.244943619 -0.039377578 -0.005164731 0.999211073 154.328765869
0.999029100 -0.018615343 0.039928257 10.356174469 0.018370025 0.999810100 0.006502031 -15.461630821 -0.040041711 -0.005762236 0.999181330 156.593505859
0.999033272 -0.017997520 0.040107172 10.550630569 0.017708639 0.999814630 0.007546437 -15.678836823 -0.040235549 -0.006828899 0.999166846 158.819274902
0.998968124 -0.017281627 0.041998554 10.703326225 0.016918581 0.999816477 0.008984325 -15.906656265 -0.042146113 -0.008264501 0.999077260 161.123916626
0.998943567 -0.016224923 0.042996116 10.888078690 0.015765456 0.999815166 0.011003833 -16.122203827 -0.043166701 -0.010314356 0.999014676 163.360107422
0.998919427 -0.015857667 0.043686878 11.079513550 0.015436631 0.999831259 0.009958183 -16.326316833 -0.043837417 -0.009273045 0.998995662 165.654525757
0.998882174 -0.015118663 0.044786710 11.274994850 0.014744607 0.999853611 0.008670661 -16.535770416 -0.044911250 -0.008000606 0.998958886 167.913040161
0.998809636 -0.013145326 0.046974078 11.460519791 0.012728727 0.999876976 0.009156854 -16.748743057 -0.047088668 -0.008548034 0.998854101 170.149780273
0.998711646 -0.013081683 0.049029794 11.676990509 0.012626171 0.999874175 0.009588795 -16.974990845 -0.049149074 -0.008957384 0.998751283 172.455352783
0.998589218 -0.013143080 0.051446978 11.877881050 0.012689853 0.999877751 0.009126341 -17.181797028 -0.051560648 -0.008460611 0.998633981 174.728469849
0.998507559 -0.012841558 0.053082991 12.088884354 0.012330566 0.999874532 0.009942587 -17.398590088 -0.053204019 -0.009273205 0.998540580 176.978942871
0.998462081 -0.013273173 0.053826619 12.296526909 0.012729345 0.999864578 0.010433598 -17.600843430 -0.053957816 -0.009732373 0.998495758 179.214187622
0.998437941 -0.015202040 0.053764004 12.511790276 0.014654639 0.999836802 0.010561178 -17.823240280 -0.053915776 -0.009756789 0.998497784 181.499252319
0.998395383 -0.015994150 0.054322295 12.713315010 0.015449774 0.999826252 0.010426501 -18.030504227 -0.054479621 -0.009570504 0.998469055 183.741790771
0.998455763 -0.016919632 0.052913785 12.943593025 0.016390804 0.999811471 0.010412215 -18.253076553 -0.053079970 -0.009528836 0.998544812 186.005447388
0.998458266 -0.018599687 0.052298680 13.154112816 0.018031085 0.999773324 0.011323157 -18.463943481 -0.052497428 -0.010362699 0.998567224 188.254608154
0.998462379 -0.019422360 0.051919349 13.364861488 0.018878238 0.999761879 0.010950089 -18.668907166 -0.052119661 -0.009953106 0.998591185 190.495895386
0.998420656 -0.020337908 0.052368835 13.569133759 0.019799180 0.999745786 0.010785557 -18.881298065 -0.052574877 -0.009731664 0.998569489 192.753219604
0.998389125 -0.022119425 0.052248321 13.767827034 0.021613402 0.999714077 0.010230192 -19.088991165 -0.052459668 -0.009084448 0.998581707 194.992462158
0.998419523 -0.021660944 0.051859066 13.976079941 0.021141807 0.999721050 0.010538260 -19.297695160 -0.052072849 -0.009425209 0.998598874 197.225952148
0.998434603 -0.018993603 0.052607648 14.185651779 0.018452868 0.999772012 0.010745399 -19.514482498 -0.052799739 -0.009757816 0.998557568 199.481918335
0.998444378 -0.017158817 0.053050831 14.389367104 0.016624760 0.999806762 0.010491819 -19.723623276 -0.053220615 -0.009593538 0.998536706 201.720260620
0.998423576 -0.016616458 0.053610943 14.603088379 0.016116677 0.999822676 0.009741177 -19.931907654 -0.053763300 -0.008861792 0.998514354 203.979461670
0.998383641 -0.016713032 0.054321948 14.805024147 0.016170707 0.999815166 0.010407740 -20.135509491 -0.054485846 -0.009512493 0.998469234 206.206771851
0.998370469 -0.018151941 0.054101504 15.045261383 0.017600000 0.999788225 0.010661067 -20.355100632 -0.054283559 -0.009691508 0.998478532 208.467544556
0.998312294 -0.017735973 0.055299960 15.253747940 0.017169261 0.999795258 0.010706328 -20.551067352 -0.055478524 -0.009738798 0.998412371 210.713500977
0.998247564 -0.017158493 0.056632586 15.480486870 0.016503347 0.999791563 0.012015932 -20.772199631 -0.056826964 -0.011060250 0.998322785 212.978759766
0.998188853 -0.015734462 0.058063623 15.718133926 0.015046914 0.999811649 0.012259597 -20.978309631 -0.058245577 -0.011363716 0.998237669 215.211593628
0.997997940 -0.014017410 0.061673813 15.920082092 0.013291776 0.999837816 0.012160204 -21.180076599 -0.061834257 -0.011316105 0.998022258 217.503036499
0.997857094 -0.014044253 0.063907668 16.149738312 0.013265057 0.999832571 0.012600597 -21.385269165 -0.064073935 -0.011725857 0.997876227 219.746093750
0.997723103 -0.015458284 0.065647647 16.385171890 0.014634345 0.999808252 0.013013344 -21.584365845 -0.065836221 -0.012023004 0.997758031 221.977935791
0.997611940 -0.017205309 0.066889852 16.621856689 0.016316609 0.999771476 0.013809797 -21.784650803 -0.067112178 -0.012685402 0.997664750 224.214691162
0.997539043 -0.019250220 0.067418449 16.876934052 0.018398628 0.999743164 0.013229751 -21.994251251 -0.067655809 -0.011956786 0.997637093 226.453857422
0.997492015 -0.020220138 0.067829669 17.116956711 0.019386768 0.999728560 0.012922106 -22.191751480 -0.068072543 -0.011574700 0.997613251 228.703308105
0.997437894 -0.020629065 0.068497777 17.356666565 0.019775627 0.999718428 0.013114218 -22.390863419 -0.068749011 -0.011726030 0.997565091 230.939025879
0.997388721 -0.022063481 0.068767726 17.608680725 0.021283187 0.999700904 0.012058999 -22.592548370 -0.069013208 -0.010563917 0.997559786 233.188766479
0.997337461 -0.023071939 0.069178768 17.852106094 0.022222422 0.999668360 0.013024687 -22.789651871 -0.069456331 -0.011452690 0.997519195 235.423233032
0.997351050 -0.022473764 0.069179222 18.130596161 0.021596614 0.999676883 0.013401398 -22.995779037 -0.069458045 -0.011871863 0.997514188 237.684585571
0.997318745 -0.022284005 0.069703586 18.375249863 0.021415807 0.999683797 0.013178222 -23.191230774 -0.069975205 -0.011650133 0.997480631 239.915954590
0.997284472 -0.022398684 0.070156470 18.625244141 0.021486755 0.999674916 0.013726322 -23.398925781 -0.070441127 -0.012181616 0.997441530 242.151290894
0.997237504 -0.022686845 0.070729844 18.872894287 0.021766996 0.999668539 0.013748995 -23.594039917 -0.071018316 -0.012171437 0.997400761 244.394058228
0.997197926 -0.022988599 0.071188979 19.122934341 0.022119233 0.999671102 0.012976572 -23.799201965 -0.071463898 -0.011365566 0.997378409 246.625885010
0.997220695 -0.022503007 0.071024470 19.383514404 0.021685248 0.999689639 0.012263993 -24.005142212 -0.071278401 -0.010689724 0.997399151 248.865051270
0.997196913 -0.022741536 0.071282409 19.638813019 0.021870051 0.999676526 0.012982700 -24.212970734 -0.071554586 -0.011387361 0.997371674 251.102188110
0.997155964 -0.023892555 0.071477436 19.892797470 0.023030007 0.999652088 0.012867379 -24.415212631 -0.071759991 -0.011184660 0.997359157 253.333480835
0.997148216 -0.024146369 0.071501076 20.151329041 0.023228467 0.999637127 0.013641544 -24.618518829 -0.071804531 -0.011941781 0.997347176 255.583724976
0.997106135 -0.024668189 0.071909092 20.391626358 0.023733487 0.999622703 0.013824087 -24.818668365 -0.072222978 -0.012077428 0.997315347 257.804138184
0.997078598 -0.025335811 0.072056949 20.658222198 0.024358431 0.999599516 0.014410647 -25.024738312 -0.072393179 -0.012613356 0.997296393 260.069641113
0.997051537 -0.025012806 0.072544023 20.916547775 0.024068402 0.999614179 0.013863566 -25.221321106 -0.072862804 -0.012076671 0.997268856 262.313507080
0.997026086 -0.025064692 0.072874360 21.179079056 0.024156624 0.999619484 0.013315631 -25.419668198 -0.073180377 -0.011515633 0.997252226 264.573516846
0.996999681 -0.024280032 0.073499225 21.440507889 0.023396287 0.999643564 0.012861192 -25.623542786 -0.073785290 -0.011102993 0.997212470 266.813018799
0.996925473 -0.023588857 0.074720450 21.697757721 0.022673205 0.999657452 0.013079182 -25.821804047 -0.075003393 -0.011344818 0.997118771 269.061401367
0.996828198 -0.023395872 0.076067068 21.961881638 0.022510875 0.999668777 0.012471239 -26.026462555 -0.076333664 -0.010719346 0.997024655 271.306091309
0.996736348 -0.024248952 0.076997928 22.232660294 0.023323329 0.999644756 0.012898145 -26.232048035 -0.077283338 -0.011060201 0.996947885 273.550354004
0.996535718 -0.024672547 0.079421639 22.487264633 0.023694945 0.999631822 0.013228044 -26.424961090 -0.079718739 -0.011300328 0.996753335 275.798828125
0.996434093 -0.024719216 0.080672234 22.766918182 0.023647152 0.999619186 0.014217678 -26.615589142 -0.080992967 -0.012259310 0.996639252 278.039550781
0.996367455 -0.024013171 0.081702419 23.052780151 0.022769757 0.999610841 0.016116749 -26.831306458 -0.082057633 -0.014197864 0.996526361 280.294219971
0.996291459 -0.023635346 0.082732655 23.339111328 0.022305496 0.999607325 0.016961709 -27.028800964 -0.083101071 -0.015053413 0.996427417 282.530578613
0.996192038 -0.022730546 0.084170640 23.614500046 0.021380624 0.999628425 0.016904915 -27.218235016 -0.084523626 -0.015040919 0.996308088 284.797790527
0.996078014 -0.021774590 0.085757427 23.886560440 0.020440688 0.999656558 0.016401945 -27.408779144 -0.086085118 -0.014584677 0.996181011 287.026733398
0.996082723 -0.021150628 0.085859694 24.177940369 0.019926405 0.999687672 0.015090602 -27.590990067 -0.086152047 -0.013320616 0.996192932 289.266723633
0.996007204 -0.021989245 0.086522169 24.452949524 0.020718420 0.999664366 0.015558627 -27.793762207 -0.086835273 -0.013703903 0.996128380 291.493255615
0.995998502 -0.021646190 0.086708769 24.730823517 0.020444382 0.999682546 0.014724486 -27.991851807 -0.086999960 -0.012892858 0.996124983 293.770233154
0.996023297 -0.022173207 0.086288944 25.018020630 0.021037824 0.999680042 0.014045195 -28.187694550 -0.086572766 -0.012174008 0.996171117 295.997100830
0.996013224 -0.022110507 0.086422406 25.301015854 0.020983625 0.999682844 0.013926107 -28.387317657 -0.086702906 -0.012057130 0.996161222 298.229278564
0.996013880 -0.021472227 0.086575612 25.583703995 0.020322967 0.999693573 0.014134307 -28.582044601 -0.086852580 -0.012318492 0.996144950 300.466644287
0.995973468 -0.021305896 0.087079011 25.854261398 0.020053763 0.999683022 0.015229004 -28.788738251 -0.087375872 -0.013421424 0.996084929 302.708190918
0.995971978 -0.021816632 0.086970076 26.143016815 0.020559018 0.999671102 0.015329950 -28.984191895 -0.087275907 -0.013480182 0.996092975 304.955444336
0.995947897 -0.021207573 0.087395594 26.432653427 0.019916823 0.999679685 0.015614757 -29.182672501 -0.087698750 -0.013810840 0.996051311 307.208587646
0.995952904 -0.022287065 0.087070659 26.723327637 0.020980114 0.999653518 0.015896747 -29.389574051 -0.087394774 -0.014005654 0.996075273 309.462951660
0.995902956 -0.023254011 0.087388933 27.008762360 0.021918783 0.999628365 0.016207874 -29.581909180 -0.087733351 -0.014226007 0.996042430 311.720825195
0.995869339 -0.022787960 0.087892123 27.293109894 0.021498129 0.999647260 0.015594071 -29.780408859 -0.088216491 -0.013640140 0.996007919 313.960876465
0.995891035 -0.022505527 0.087718681 27.589395523 0.021145821 0.999641895 0.016399410 -29.979494095 -0.088056348 -0.014477139 0.996010303 316.209930420
0.995851159 -0.020773636 0.088593327 27.874002457 0.019471074 0.999689639 0.015541652 -30.176528931 -0.088888675 -0.013752166 0.995946646 318.452819824
0.995848596 -0.019040262 0.089012749 28.157642365 0.017668104 0.999713004 0.016177924 -30.372810364 -0.089295238 -0.014538077 0.995899022 320.704925537
0.995782912 -0.017730908 0.090010591 28.438049316 0.016366631 0.999740064 0.015872430 -30.569593430 -0.090268612 -0.014332323 0.995814443 322.935760498
0.995739818 -0.016892528 0.090647101 28.719215393 0.015466495 0.999745607 0.016411265 -30.760736465 -0.090901293 -0.014939357 0.995747864 325.171691895
0.995745957 -0.016675903 0.090619572 29.016569138 0.015113030 0.999725461 0.017905463 -30.965698242 -0.090893283 -0.016459756 0.995724618 327.396240234
0.995698869 -0.017522642 0.090976425 29.300376892 0.015960021 0.999712765 0.017875327 -31.164041519 -0.091263533 -0.016346455 0.995692730 329.640930176
0.995711267 -0.019307906 0.090476714 29.605060577 0.017832121 0.999694884 0.017091325 -31.353975296 -0.090779111 -0.015404632 0.995751858 331.876831055
0.995705664 -0.018997045 0.090605401 29.891956329 0.017527757 0.999702096 0.016984625 -31.550148010 -0.090901062 -0.015323578 0.995742023 334.090362549
0.995689452 -0.019186353 0.090743639 30.181982040 0.017615328 0.999681294 0.018082177 -31.739265442 -0.091061659 -0.016405758 0.995710075 336.319946289
0.995747566 -0.019766355 0.089978486 30.490062714 0.018210268 0.999670625 0.018082324 -31.928939819 -0.090306260 -0.016366897 0.995779574 338.554473877
0.995749295 -0.019763166 0.089959346 30.775878906 0.018174974 0.999664724 0.018439686 -32.124931335 -0.090293616 -0.016726293 0.995774686 340.797332764
0.995795846 -0.019881910 0.089417800 31.076303482 0.018321501 0.999665737 0.018237924 -32.319736481 -0.089750513 -0.016522981 0.995827198 343.042724609
0.995818257 -0.020061672 0.089126453 31.368915558 0.018458074 0.999653220 0.018780416 -32.510276794 -0.089472309 -0.017056780 0.995843232 345.286285400
0.995867252 -0.019826490 0.088630565 31.659486771 0.018227454 0.999656796 0.018814709 -32.696037292 -0.088973172 -0.017121445 0.995886803 347.525482178
0.995929837 -0.019694129 0.087953873 31.952001572 0.018108713 0.999659479 0.018787308 -32.885608673 -0.088293925 -0.017118113 0.995947361 349.769775391
0.995933056 -0.019036554 0.088062502 32.233886719 0.017412622 0.999664664 0.019172344 -33.077072144 -0.088397942 -0.017560977 0.995930433 352.011505127
0.995971918 -0.019421175 0.087537162 32.520259857 0.017792024 0.999654412 0.019353043 -33.261405945 -0.087882772 -0.017717624 0.995973229 354.239959717
0.995997608 -0.019414565 0.087245300 32.803169250 0.017825736 0.999661446 0.018953422 -33.450706482 -0.087583743 -0.017322352 0.996006548 356.476989746
0.996040583 -0.019624043 0.086706258 33.090923309 0.018017860 0.999651909 0.019268414 -33.636421204 -0.087054215 -0.017629864 0.996047556 358.713470459
0.996098280 -0.019208256 0.086134747 33.382595062 0.017539909 0.999644339 0.020084221 -33.827259064 -0.086489901 -0.018495064 0.996080995 360.960845947
0.996163607 -0.019500745 0.085309006 33.675525665 0.017847627 0.999638677 0.020097991 -34.017658234 -0.085670106 -0.018498326 0.996151805 363.213775635
0.996201515 -0.019512536 0.084863648 33.963176727 0.017826799 0.999629319 0.020576749 -34.204433441 -0.085233726 -0.018985743 0.996179998 365.454101562
0.996253073 -0.019303592 0.084304191 34.248977661 0.017667770 0.999641657 0.020107077 -34.395526886 -0.084662125 -0.018542273 0.996237159 367.706848145
0.996259511 -0.020093469 0.084042378 34.525516510 0.018479675 0.999630451 0.019936273 -34.584079742 -0.084411912 -0.018308626 0.996262729 369.960510254
0.996259749 -0.020198377 0.084015295 34.803184509 0.018667152 0.999645710 0.018971423 -34.766643524 -0.084368728 -0.017332142 0.996283889 372.219696045
0.996330202 -0.019867957 0.083254687 35.087833405 0.018324045 0.999646425 0.019267738 -34.963916779 -0.083608061 -0.017671462 0.996342003 374.464447021
0.996413291 -0.019862043 0.082254827 35.375316620 0.018295139 0.999637306 0.019759612 -35.147842407 -0.082617462 -0.018183876 0.996415436 376.710723877
0.996335149 -0.019840082 0.083202653 35.645145416 0.018206330 0.999627173 0.020348892 -35.335540771 -0.083575353 -0.018759500 0.996324897 378.961730957
0.996326089 -0.020540474 0.083139919 35.924137115 0.018875046 0.999606133 0.020768404 -35.527828217 -0.083533786 -0.019122833 0.996321440 381.205291748
0.996349573 -0.020419231 0.082888901 36.208881378 0.018757103 0.999608040 0.020781973 -35.710739136 -0.083280765 -0.019151358 0.996342063 383.465728760
0.996359050 -0.019739894 0.082939945 36.492294312 0.018044082 0.999613523 0.021146357 -35.901302338 -0.083325334 -0.019572781 0.996330142 385.723144531
0.996373117 -0.018627785 0.083027698 36.770313263 0.016924998 0.999632657 0.021165581 -36.079132080 -0.083391473 -0.019683572 0.996322453 387.983795166
0.996399641 -0.017361714 0.082983755 37.055435181 0.015669215 0.999656618 0.021003580 -36.270416260 -0.083319910 -0.019627670 0.996329546 390.261322021
0.996382535 -0.016376512 0.083389692 37.328361511 0.014680919 0.999673665 0.020906154 -36.457000732 -0.083704852 -0.019606287 0.996297717 392.538665771
0.996407866 -0.015082156 0.083329357 37.607101440 0.013261920 0.999662161 0.022354433 -36.641368866 -0.083638340 -0.021169025 0.996271431 394.794830322
0.996343732 -0.013854901 0.084304057 37.875350952 0.011978083 0.999669909 0.022727698 -36.826412201 -0.084591135 -0.021634797 0.996180773 397.058746338
0.996279836 -0.013532396 0.085107185 38.153831482 0.011752306 0.999702275 0.021382237 -37.019145966 -0.085371189 -0.020302489 0.996142268 399.328155518
0.996215999 -0.013228985 0.085898414 38.428619385 0.011469945 0.999714911 0.020939533 -37.206634521 -0.086150944 -0.019875046 0.996083856 401.594085693
0.996074855 -0.014189817 0.087369375 38.698417664 0.012331042 0.999686897 0.021778014 -37.385314941 -0.087651022 -0.020615175 0.995938003 403.844787598
0.996106088 -0.015683433 0.086756125 38.993759155 0.013743613 0.999643028 0.022911759 -37.573192596 -0.087084495 -0.021630205 0.995966077 406.126586914
0.996039271 -0.016249366 0.087417170 39.273597717 0.014294003 0.999634504 0.022947883 -37.757156372 -0.087758102 -0.021607451 0.995907485 408.384338379
0.996018112 -0.014605790 0.087946631 39.581943512 0.012713418 0.999676228 0.022039160 -37.934211731 -0.088240065 -0.020833297 0.995881379 410.650024414
0.995948136 -0.014184148 0.088803582 39.866989136 0.012206360 0.999666154 0.022775112 -38.124416351 -0.089096986 -0.021598862 0.995788753 412.905273438
0.995936930 -0.012109803 0.089235261 40.174858093 0.010187901 0.999706924 0.021961574 -38.311073303 -0.089475058 -0.020963222 0.995768428 415.176879883
0.995866358 -0.011181104 0.090139508 40.469722748 0.009228242 0.999714196 0.022052601 -38.495594025 -0.090360314 -0.021129616 0.995684981 417.442657471
0.995803952 -0.011518729 0.090784147 40.765575409 0.009561697 0.999713004 0.021962525 -38.681880951 -0.091011077 -0.021002319 0.995628357 419.696685791
0.995712936 -0.011510463 0.091778122 41.054649353 0.009527772 0.999712408 0.022012036 -38.862777710 -0.092005096 -0.021043232 0.995536089 421.950836182
0.995640695 -0.011415245 0.092570364 41.343971252 0.009444842 0.999719977 0.021695701 -39.048107147 -0.092792109 -0.020726811 0.995469749 424.205841064
0.995581806 -0.011906445 0.093140140 41.644794464 0.009825793 0.999692559 0.022765746 -39.232482910 -0.093382560 -0.021749986 0.995392680 426.481506348
0.995541871 -0.011106910 0.093664654 41.941795349 0.008961267 0.999688566 0.023297308 -39.412612915 -0.093894228 -0.022354092 0.995331168 428.741973877
0.995468199 -0.010189099 0.094547443 42.244224548 0.007968862 0.999684274 0.023830716 -39.591354370 -0.094760410 -0.022969281 0.995235026 431.018676758
0.995492697 -0.010698208 0.094232731 42.561553955 0.008481225 0.999678433 0.023895815 -39.774971008 -0.094458088 -0.022988897 0.995263398 433.310913086
0.995454192 -0.011422358 0.094553821 42.868976593 0.009252793 0.999684453 0.023352038 -39.964405060 -0.094790727 -0.022370990 0.995245934 435.577575684
0.995449483 -0.010782336 0.094678871 43.176876068 0.008607766 0.999690473 0.023346288 -40.131713867 -0.094901301 -0.022425078 0.995234072 437.841613770
0.995424449 -0.011299263 0.094881557 43.485725403 0.009086249 0.999677241 0.023723701 -40.315124512 -0.095118992 -0.022753036 0.995205820 440.123352051
0.995485723 -0.011311334 0.094235204 43.801013947 0.009120902 0.999678850 0.023642685 -40.492725372 -0.094472371 -0.022676449 0.995269120 442.397979736
0.995442450 -0.010541875 0.094780043 44.108310699 0.008251350 0.999665141 0.024526244 -40.678703308 -0.095006853 -0.023632403 0.995196044 444.676391602
0.995412767 -0.011153664 0.095020443 44.417652130 0.008838554 0.999654591 0.024750464 -40.858482361 -0.095263682 -0.023797087 0.995167553 446.952239990
0.995408237 -0.011101282 0.095074952 44.719772339 0.008818083 0.999663353 0.024401281 -41.040996552 -0.095313832 -0.023450853 0.995171010 449.214233398
0.995393336 -0.010349242 0.095315337 45.023181915 0.008096357 0.999679267 0.023992611 -41.222488403 -0.095533073 -0.023110382 0.995157897 451.477355957
0.995376587 -0.009781100 0.095550030 45.331203461 0.007546094 0.999690056 0.023724359 -41.408287048 -0.095752463 -0.022893641 0.995141864 453.740539551
0.995298088 -0.009174194 0.096423902 45.631576538 0.006916353 0.999694645 0.023723967 -41.581348419 -0.096612111 -0.022945520 0.995057523 456.018707275
0.995259345 -0.009335613 0.096808977 45.931541443 0.007094517 0.999699414 0.023468103 -41.769248962 -0.096998967 -0.022670025 0.995026410 458.282897949
0.995283663 -0.008593453 0.096625477 46.250068665 0.006415890 0.999718904 0.022824280 -41.954219818 -0.096794449 -0.022096694 0.995059013 460.569915771
0.995278656 -0.007466851 0.096771158 46.560787201 0.005229021 0.999713480 0.023357976 -42.136875153 -0.096917838 -0.022741677 0.995032549 462.856536865
0.995274425 -0.007068411 0.096844703 46.864868164 0.004696388 0.999683917 0.024699137 -42.317798615 -0.096988656 -0.024127603 0.994992971 465.128417969
0.995291471 -0.007001166 0.096674159 47.164142609 0.004611358 0.999678791 0.024921581 -42.492534637 -0.096817598 -0.024358438 0.995004058 467.395355225
0.995392740 -0.007083743 0.095619775 47.478729248 0.004802024 0.999698699 0.024071464 -42.676383972 -0.095761470 -0.023501391 0.995126784 469.679046631
0.995459259 -0.007136770 0.094920881 47.796741486 0.004957258 0.999719203 0.023177365 -42.855033875 -0.095059626 -0.022601577 0.995214999 471.977813721
0.995548069 -0.007592172 0.093948081 48.103439331 0.005323328 0.999688685 0.024377059 -43.045921326 -0.094103917 -0.023768418 0.995278597 474.260681152
0.995542109 -0.007927829 0.093984134 48.396705627 0.005662900 0.999687791 0.024341317 -43.225555420 -0.094147734 -0.023700584 0.995276093 476.538940430
0.995622337 -0.007573130 0.093160026 48.701225281 0.005336744 0.999692142 0.024231602 -43.397541046 -0.093314871 -0.023628354 0.995356202 478.830413818
0.995648205 -0.007628057 0.092878960 49.004714966 0.005357900 0.999681354 0.024666974 -43.578109741 -0.093037531 -0.024061991 0.995371759 481.112060547
0.995683968 -0.008387339 0.092428200 49.311023712 0.006050275 0.999655604 0.025536444 -43.761634827 -0.092610538 -0.024867011 0.995391846 483.386383057
0.995685041 -0.008780736 0.092380755 49.602840424 0.006513343 0.999670804 0.024816940 -43.939704895 -0.092568249 -0.024108147 0.995414495 485.673339844
0.995759547 -0.009698660 0.091481216 49.911106110 0.007418558 0.999654114 0.025231477 -44.127182007 -0.091694288 -0.024445826 0.995487094 487.993133545
0.995842218 -0.010112546 0.090531640 50.212394714 0.007831648 0.999643743 0.025514372 -44.304122925 -0.090757400 -0.024699276 0.995566726 490.274505615
0.995801806 -0.009635374 0.091026723 50.479740143 0.007327666 0.999644041 0.025652250 -44.486835480 -0.091241486 -0.024877546 0.995517969 492.553405762
0.995871007 -0.008918296 0.090340771 50.786201477 0.006600708 0.999642313 0.025920203 -44.662708282 -0.090539612 -0.025216868 0.995573521 494.843780518
0.995884597 -0.008401821 0.090239450 51.073345184 0.006103232 0.999650538 0.025717944 -44.839523315 -0.090423994 -0.025061352 0.995588005 497.140380859
0.995909750 -0.008172460 0.089983158 51.378517151 0.005908398 0.999659956 0.025398664 -45.026485443 -0.090160102 -0.024763122 0.995619357 499.452575684
0.995957851 -0.008527177 0.089416377 51.675094604 0.006200122 0.999635637 0.026270470 -45.205986023 -0.089607820 -0.025609888 0.995647788 501.749420166
0.995968342 -0.008193422 0.089330606 51.965843201 0.005847594 0.999631941 0.026490243 -45.387287140 -0.089514770 -0.025861070 0.995649815 504.031799316
0.996020198 -0.007523341 0.088809744 52.264816284 0.005253354 0.999654174 0.025766240 -45.565856934 -0.088972896 -0.025197150 0.995715261 506.323211670
0.996006131 -0.007368948 0.088980444 52.551345825 0.005042139 0.999640107 0.026346192 -45.743350983 -0.089142568 -0.025792316 0.995684862 508.619049072
0.996030688 -0.007856527 0.088661976 52.849441528 0.005633438 0.999664247 0.025296189 -45.918640137 -0.088830940 -0.024696311 0.995740533 510.906860352
0.996074617 -0.008737075 0.088084355 53.151210785 0.006457198 0.999637604 0.026134705 -46.102737427 -0.088280752 -0.025463341 0.995770216 513.210815430
0.996104240 -0.008475359 0.087774932 53.446388245 0.006187184 0.999634743 0.026307998 -46.277809143 -0.087965824 -0.025662422 0.995792985 515.511230469
0.996118784 -0.007791471 0.087673500 53.736289978 0.005518231 0.999642968 0.026141047 -46.456455231 -0.087845892 -0.025555784 0.995806217 517.819946289
0.996112466 -0.006810132 0.087826774 54.019371033 0.004571197 0.999660015 0.025668610 -46.634746552 -0.087971717 -0.025167346 0.995805085 520.122070312
0.996088743 -0.005562777 0.088184528 54.316768646 0.003284814 0.999657631 0.025955884 -46.819072723 -0.088298738 -0.025564685 0.995765924 522.477966309
0.995956540 -0.003289427 0.089776024 54.593982697 0.000951295 0.999659598 0.026074424 -46.995391846 -0.089831240 -0.025883595 0.995620549 524.802673340
0.996011078 -0.002626313 0.089190520 54.912204742 0.000180912 0.999624074 0.027414747 -47.170711517 -0.089228980 -0.027289256 0.995637178 527.134399414
0.995944381 -0.003370414 0.089907601 55.201515198 0.000910639 0.999624491 0.027385915 -47.347274780 -0.089966148 -0.027192974 0.995573461 529.441406250
0.995901227 -0.005257375 0.090293683 55.495292664 0.002663947 0.999581099 0.028818663 -47.522155762 -0.090407364 -0.028460011 0.995498121 531.748901367
0.995866239 -0.006912176 0.090568386 55.805027008 0.004344511 0.999583960 0.028517080 -47.695018768 -0.090727814 -0.028005730 0.995481849 534.070739746
0.995834410 -0.006749874 0.090929262 56.103698730 0.004244423 0.999606729 0.027719103 -47.865783691 -0.091080584 -0.027217699 0.995471537 536.384826660
0.995754480 -0.007095928 0.091775313 56.402824402 0.004583854 0.999609828 0.027553894 -48.041236877 -0.091935031 -0.027016221 0.995398581 538.701538086
0.995697737 -0.006753993 0.092414491 56.700626373 0.004272296 0.999625742 0.027025497 -48.220916748 -0.092562415 -0.026514405 0.995353758 541.012207031
0.995629430 -0.005949964 0.093202047 57.001602173 0.003486501 0.999640822 0.026572004 -48.398544312 -0.093326673 -0.026130913 0.995292544 543.335754395
0.995582700 -0.005514553 0.093726546 57.314128876 0.003138055 0.999670386 0.025484152 -48.574592590 -0.093836188 -0.025077464 0.995271742 545.661743164
0.995479465 -0.005603821 0.094812825 57.608798981 0.003150289 0.999656737 0.026007559 -48.753768921 -0.094926029 -0.025591299 0.995155334 547.980407715
0.995408595 -0.005813274 0.095539652 57.911930084 0.003248030 0.999630570 0.026983652 -48.936996460 -0.095661230 -0.026549444 0.995059848 550.301147461
0.995329440 -0.005757973 0.096364975 58.211612701 0.003171917 0.999631286 0.026967762 -49.113418579 -0.096484721 -0.026536141 0.994980693 552.607788086
0.995355546 -0.007020790 0.096010089 58.531536102 0.004539923 0.999650776 0.026033720 -49.290367126 -0.096159346 -0.025476936 0.995039821 554.921752930
0.995377600 -0.007197804 0.095768519 58.851737976 0.004674297 0.999636590 0.026548369 -49.470901489 -0.095924802 -0.025978006 0.995049536 557.241638184
0.995317936 -0.007001702 0.096401162 59.158359528 0.004421815 0.999626994 0.026949668 -49.647659302 -0.096553899 -0.026397217 0.994977653 559.549072266
0.995305181 -0.006417434 0.096573368 59.474586487 0.003741266 0.999604762 0.027866844 -49.822944641 -0.096714005 -0.027374707 0.994935691 561.882568359
0.995308995 -0.007018492 0.096491963 59.795536041 0.004287199 0.999584973 0.028484162 -49.999641418 -0.096651822 -0.027936861 0.994926095 564.214416504
0.995280921 -0.006528729 0.096816577 60.110267639 0.003720608 0.999567866 0.029156765 -50.171810150 -0.096965104 -0.028658953 0.994875014 566.537048340
0.995235026 -0.005421476 0.097354114 60.429840088 0.002655343 0.999589622 0.028520219 -50.350296021 -0.097468793 -0.028125811 0.994841099 568.862854004
0.995272458 -0.004520893 0.097017273 60.763835907 0.001924808 0.999637961 0.026835922 -50.519691467 -0.097103491 -0.026522316 0.994920850 571.197509766
0.995239854 -0.004308074 0.097360775 61.091815948 0.001684386 0.999633670 0.027014229 -50.698001862 -0.097441494 -0.026721645 0.994882405 573.523010254
0.995255828 -0.004363864 0.097194783 61.421501160 0.001644860 0.999605536 0.028037373 -50.882415771 -0.097278789 -0.027744485 0.994870365 575.908142090
0.995280027 -0.004409397 0.096943855 61.753150940 0.001563823 0.999566197 0.029409232 -51.064498901 -0.097031459 -0.029118814 0.994855225 578.222595215
0.995210826 -0.004063918 0.097668782 62.069545746 0.001370216 0.999617338 0.027631231 -51.239059448 -0.097743705 -0.027365072 0.994835317 580.615051270
0.995251417 -0.004731771 0.097223662 62.395202637 0.002074680 0.999622047 0.027412608 -51.410541534 -0.097316638 -0.027080728 0.994884968 582.955932617
0.995194674 -0.005313387 0.097771540 62.711757660 0.002501196 0.999580264 0.028862998 -51.596656799 -0.097883888 -0.028479755 0.994790196 585.282470703
0.995258808 -0.005040541 0.097131237 63.035774231 0.002239077 0.999578953 0.028929496 -51.769462585 -0.097236179 -0.028574852 0.994850993 587.601135254
0.995217621 -0.007565290 0.097389460 63.366897583 0.004876595 0.999601185 0.027816158 -51.951248169 -0.097561054 -0.027208202 0.994857669 589.952697754
0.995214164 -0.007713733 0.097413108 63.689014435 0.005058065 0.999609530 0.027479501 -52.120735168 -0.097587034 -0.026855271 0.994864523 592.301757812
0.995221078 -0.009631109 0.097171269 64.008697510 0.006925694 0.999580085 0.028140688 -52.299709320 -0.097401485 -0.027333230 0.994869709 594.637817383
0.995256066 -0.010521419 0.096719265 64.339881897 0.007812614 0.999567866 0.028343070 -52.475868225 -0.096975669 -0.027452983 0.994908035 596.996887207
