1.000000000 0.000000000 0.000000000 0.000000000 0.000000000 1.000000000 0.000000000 0.000000000 0.000000000 0.000000000 1.000000000 0.000000000
0.999999940 0.000019094 0.000382728 0.087113366 -0.000019043 1.000000000 -0.000133281 -0.228361934 -0.000382731 0.000133274 0.999999940 2.287307262
0.999999285 0.000341384 0.001151032 0.165836558 -0.000341845 0.999999881 0.000400141 -0.466429561 -0.001150895 -0.000400534 0.999999225 4.581091404
0.999998450 -0.000009844 0.001774458 0.261912614 0.000008642 0.999999702 0.000676999 -0.699315727 -0.001774464 -0.000676983 0.999998212 6.870494843
0.999996066 -0.000062362 0.002793737 0.354558080 0.000065145 0.999999523 -0.000996239 -0.931375682 -0.002793674 0.000996417 0.999995530 9.162178993
0.999987543 0.001692975 0.004694703 0.449041128 -0.001694363 0.999998569 0.000291657 -1.166137099 -0.004694203 -0.000299607 0.999988854 11.464717865
0.999966443 0.003850688 0.007230932 0.548992753 -0.003862433 0.999991179 0.001610925 -1.399229765 -0.007224666 -0.001638800 0.999972582 13.751997948
0.999944210 0.003767541 0.009861776 0.651569247 -0.003812976 0.999982178 0.004592447 -1.631133318 -0.009844298 -0.004629793 0.999940872 16.028705597
0.999938488 0.003840493 0.010400029 0.751683831 -0.003897476 0.999977469 0.005464434 -1.853761911 -0.010378808 -0.005504632 0.999930978 18.319782257
0.999926448 0.002961418 0.011756189 0.866327822 -0.003028627 0.999979138 0.005703202 -2.079183340 -0.011739055 -0.005738388 0.999914527 20.604747772
0.999925017 0.000326959 0.012240029 0.984930992 -0.000370122 0.999993742 0.003524236 -2.309299707 -0.012238800 -0.003528502 0.999918878 22.915506363
0.999914110 -0.001922633 0.012960167 1.093173265 0.001903582 0.999997139 0.001482156 -2.527577162 -0.012962981 -0.001457358 0.999914944 25.198144913
0.999913394 -0.002513965 0.012912159 1.227321863 0.002499165 0.999996185 0.001162149 -2.777154207 -0.012915032 -0.001129779 0.999915957 27.501644135
0.999893010 -0.002194684 0.014460696 1.326469541 0.002194456 0.999997497 0.000031673 -2.998926401 -0.014460731 0.000000064 0.999895453 29.786922455
0.999895811 -0.000092551 0.014429458 1.463939190 0.000052726 0.999996126 0.002760307 -3.229645014 -0.014429655 -0.002759259 0.999891996 32.050865173
0.999895394 0.001888379 0.014340263 1.595989466 -0.001958306 0.999986291 0.004863804 -3.447301865 -0.014330882 -0.004891378 0.999885261 34.332054138
0.999866664 0.004094608 0.015798664 1.716052532 -0.004235820 0.999951303 0.008915148 -3.678835869 -0.015761388 -0.008980879 0.999835432 36.651454926
0.999850690 0.006008422 0.016200090 1.837172270 -0.006144501 0.999946177 0.008363307 -3.894300938 -0.016148970 -0.008461598 0.999833763 38.923343658
0.999815166 0.005056947 0.018554410 1.937322378 -0.005195381 0.999958992 0.007420309 -4.104768753 -0.018516123 -0.007515336 0.999800324 41.223632812
0.999825537 0.002508340 0.018513344 2.064897537 -0.002631466 0.999974549 0.006629269 -4.328709602 -0.018496249 -0.006676829 0.999806583 43.501457214
0.999821365 0.002376845 0.018756833 2.189564705 -0.002479895 0.999981880 0.005472621 -4.555739403 -0.018743487 -0.005518158 0.999809086 45.748966217
0.999819458 0.001836362 0.018913284 2.315891027 -0.001925411 0.999987125 0.004691117 -4.783240318 -0.018904431 -0.004726687 0.999810100 48.016071320
0.999822974 0.000494099 0.018810177 2.453824043 -0.000590057 0.999986827 0.005096221 -5.007448673 -0.018807411 -0.005106417 0.999810100 50.294288635
0.999797642 0.000324868 0.020112924 2.579588413 -0.000431394 0.999985874 0.005292282 -5.225265980 -0.020110922 -0.005299889 0.999783695 52.561504364
0.999790490 -0.000889627 0.020453900 2.714624882 0.000783212 0.999986053 0.005210089 -5.450769424 -0.020458251 -0.005192976 0.999777198 54.845733643
0.999759018 -0.001029874 0.021932784 2.841446400 0.000908540 0.999984324 0.005541370 -5.676425457 -0.021938140 -0.005520108 0.999744117 57.149047852
0.999743819 -0.002272385 0.022518585 2.981592655 0.002134220 0.999978781 0.006157711 -5.897660255 -0.022532102 -0.006108073 0.999727428 59.418193817
0.999698997 -0.003629422 0.024259591 3.105278730 0.003496543 0.999978781 0.005517552 -6.117486477 -0.024279101 -0.005431067 0.999690473 61.689380646
0.999677122 -0.004083839 0.025084244 3.256026745 0.003953433 0.999978423 0.005246142 -6.337771893 -0.025105132 -0.005145278 0.999671578 63.943580627
0.999637425 -0.003509425 0.026696779 3.393191338 0.003352122 0.999976754 0.005934717 -6.557415962 -0.026716981 -0.005843073 0.999625981 66.209754944
0.999615788 -0.002734742 0.027582964 3.542332172 0.002563829 0.999977291 0.006229762 -6.780526638 -0.027599374 -0.006156652 0.999600112 68.460700989
0.999571383 -0.002883124 0.029132767 3.680216312 0.002710965 0.999978662 0.005947240 -7.001999378 -0.029149292 -0.005865714 0.999557793 70.712074280
0.999559581 -0.003732901 0.029440919 3.844541550 0.003596467 0.999982655 0.004685725 -7.223198891 -0.029457897 -0.004577778 0.999555528 72.958358765
0.999542117 -0.004594264 0.029904930 3.998675346 0.004445716 0.999977410 0.005031927 -7.445192337 -0.029927375 -0.004896674 0.999540091 75.224052429
0.999498427 -0.005771499 0.031138148 4.163037300 0.005635399 0.999974191 0.004456826 -7.673865795 -0.031163067 -0.004279114 0.999505162 77.491477966
0.999486268 -0.006187793 0.031446684 4.321337700 0.006048694 0.999971509 0.004516505 -7.899871349 -0.031473733 -0.004323974 0.999495327 79.746551514
0.999454558 -0.006644415 0.032347083 4.472778797 0.006514392 0.999970257 0.004123335 -8.114480972 -0.032373518 -0.003910365 0.999468207 82.001274109
0.999445021 -0.005763459 0.032808878 4.649536610 0.005622285 0.999974549 0.004393552 -8.344799995 -0.032833371 -0.004206653 0.999451935 84.252929688
0.999391615 -0.005621919 0.034421597 4.806994438 0.005476511 0.999975681 0.004317182 -8.553000450 -0.034445032 -0.004126045 0.999398053 86.508483887
0.999392271 -0.005175245 0.034471754 4.979208946 0.004964834 0.999968469 0.006186664 -8.790574074 -0.034502693 -0.006011757 0.999386549 88.775512695
0.999360561 -0.004160817 0.035512198 5.141072273 0.003922570 0.999969304 0.006775917 -9.013154030 -0.035539307 -0.006632286 0.999346197 91.027313232
0.999326825 -0.003984754 0.036468841 5.309716225 0.003740055 0.999970078 0.006775559 -9.232646942 -0.036494747 -0.006634602 0.999311805 93.277496338
0.999308765 -0.003904518 0.036968958 5.480605602 0.003670550 0.999972820 0.006394551 -9.448580742 -0.036992922 -0.006254434 0.999295950 95.531799316
0.999278843 -0.004369047 0.037722614 5.649943352 0.004116117 0.999968529 0.006780039 -9.666146278 -0.037751053 -0.006619878 0.999265194 97.782905579
0.999238133 -0.003951167 0.038826976 5.815981865 0.003707315 0.999972939 0.006350470 -9.893171310 -0.038851015 -0.006201687 0.999225795 100.023880005
0.999170542 -0.004020465 0.040522214 5.973539829 0.003728841 0.999966681 0.007269655 -10.104444504 -0.040550090 -0.007112524 0.999152243 102.244445801
0.999169230 -0.004561808 0.040497962 6.176449776 0.004265247 0.999963462 0.007406254 -10.325654984 -0.040530268 -0.007227368 0.999152124 104.500999451
0.999124229 -0.004992353 0.041542511 6.351805687 0.004660834 0.999956548 0.008073242 -10.536355019 -0.041581012 -0.007872548 0.999104083 106.727890015
0.999090433 -0.006320577 0.042170193 6.536746025 0.005970920 0.999946773 0.008412389 -10.748602867 -0.042221121 -0.008152944 0.999075055 108.974555969
0.999059558 -0.007479867 0.042712051 6.725488663 0.007087709 0.999931335 0.009325515 -10.969982147 -0.042778883 -0.009014012 0.999043822 111.222869873
0.999050319 -0.008297250 0.042777359 6.921494484 0.007967686 0.999937236 0.007868950 -11.184093475 -0.042839970 -0.007520639 0.999053657 113.475875854
0.999017715 -0.008806990 0.043428827 7.108799458 0.008514001 0.999939859 0.006926754 -11.397061348 -0.043487217 -0.006550197 0.999032617 115.715209961
0.998983443 -0.009318783 0.044104964 7.295327663 0.009003337 0.999932468 0.007345431 -11.618582726 -0.044170432 -0.006940871 0.998999894 117.952781677
0.998929024 -0.009769111 0.045226365 7.485621452 0.009413636 0.999923170 0.008066225 -11.836053848 -0.045301691 -0.007631843 0.998944223 120.207237244
0.998888612 -0.010044598 0.046053033 7.683169365 0.009654233 0.999915600 0.008691050 -12.055914879 -0.046136450 -0.008236784 0.998901188 122.440055847
0.998843431 -0.011067864 0.046793085 7.880567074 0.010667434 0.999904394 0.008798523 -12.273485184 -0.046886005 -0.008289184 0.998865783 124.679046631
0.998822510 -0.011659788 0.047093987 8.074484825 0.011299877 0.999904871 0.007901394 -12.490386963 -0.047181644 -0.007359932 0.998859227 126.951683044
0.998806119 -0.013146382 0.047047842 8.266444206 0.012769531 0.999884009 0.008301605 -12.702270508 -0.047151528 -0.007690917 0.998858154 129.205825806
0.998834848 -0.014279231 0.046097819 8.462495804 0.013894557 0.999866009 0.008654468 -12.915968895 -0.046215221 -0.008003874 0.998899460 131.456420898
0.998902678 -0.014570970 0.044510134 8.665460587 0.014147477 0.999851704 0.009814826 -13.127079964 -0.044646539 -0.009174349 0.998960733 133.688522339
0.998966455 -0.015688347 0.042658802 8.870286942 0.015297710 0.999838173 0.009468307 -13.346668243 -0.042800445 -0.008805942 0.999044776 135.932693481
0.999062419 -0.016567959 0.039996527 9.086217880 0.016218605 0.999827683 0.009043413 -13.552967072 -0.040139459 -0.008386247 0.999158919 138.145401001
0.999050081 -0.016991327 0.040128421 9.263383865 0.016646091 0.999821603 0.008921847 -13.762717247 -0.040272858 -0.008245391 0.999154687 140.425750732
0.999032736 -0.017322065 0.040417280 9.429018021 0.016982265 0.999817669 0.008735543 -13.962140083 -0.040561225 -0.008040718 0.999144673 142.658401489
0.999096215 -0.017170884 0.038883556 9.628038406 0.016785743 0.999807000 0.010209910 -14.184123993 -0.039051361 -0.009547993 0.999191582 144.874435425
0.999106050 -0.016266316 0.039017476 9.802871704 0.015922893 0.999831796 0.009096436 -14.394683838 -0.039158884 -0.008467034 0.999197125 147.120788574
0.999130070 -0.015006310 0.038908388 9.981540680 0.014726081 0.999863565 0.007478949 -14.605767250 -0.039015315 -0.006899475 0.999214768 149.363662720
0.999136806 -0.013182555 0.039394174 10.156847000 0.012924580 0.999893367 0.006796060 -14.824041367 -0.039479561 -0.006281041 0.999200583 151.615859985
0.999143958 -0.012553670 0.039417319 10.342006683 0.012297830 0.999901772 0.006726334 -15.037195206 -0.039497882 -0.006235828 0.999200225 153.856353760
0.999134243 -0.011755539 0.039907336 10.519470215 0.011471284 0.999907255 0.007344422 -15.253785133 -0.039989974 -0.006880275 0.999176383 156.110412598
0.999138296 -0.010950319 0.040034685 10.711528778 0.010618003 0.999907434 0.008503948 -15.469016075 -0.040124103 -0.008071532 0.999162078 158.333892822
0.999078274 -0.010752336 0.041555651 10.876555443 0.010374133 0.999902844 0.009306074 -15.681735039 -0.041651666 -0.008866392 0.999092877 160.608505249
0.999059379 -0.009792920 0.042243030 11.063606262 0.009339137 0.999896765 0.010926202 -15.892557144 -0.042345665 -0.010521411 0.999047637 162.843994141
0.999023139 -0.008954151 0.043272562 11.246259689 0.008528146 0.999913454 0.010019303 -16.096399307 -0.043358527 -0.009640481 0.999013066 165.097625732
0.998979986 -0.008277334 0.044390194 11.437049866 0.007893799 0.999930024 0.008808417 -16.305959702 -0.044460002 -0.008449026 0.998975396 167.334655762
0.998884439 -0.006436320 0.046780676 11.618831635 0.006016036 0.999940276 0.009119392 -16.517208099 -0.046836581 -0.008827786 0.998863518 169.577316284
0.998778582 -0.006080456 0.049033970 11.812845230 0.005588877 0.999932826 0.010156170 -16.746469498 -0.049092431 -0.009869724 0.998745441 171.832046509
0.998656631 -0.006411393 0.051417664 12.012376785 0.005918379 0.999935091 0.009734939 -16.953077316 -0.051476747 -0.009417555 0.998629749 174.094512939
0.998568416 -0.006463529 0.053096633 12.215681076 0.005912753 0.999927163 0.010523649 -17.169788361 -0.053160787 -0.010194637 0.998533905 176.350753784
0.998547256 -0.006825423 0.053448554 12.425176620 0.006227970 0.999916375 0.011336691 -17.374427795 -0.053521454 -0.010987347 0.998506248 178.574966431
0.998513937 -0.008892464 0.053765193 12.621903419 0.008300628 0.999902546 0.011221097 -17.590681076 -0.053859740 -0.010758138 0.998490572 180.807617188
0.998460650 -0.009749041 0.054600567 12.817611694 0.009158568 0.999896884 0.011054229 -17.797622681 -0.054702710 -0.010537148 0.998447120 183.055618286
0.998560190 -0.011209065 0.052458558 13.047153473 0.010647378 0.999883115 0.010974508 -18.018653870 -0.052575439 -0.010400160 0.998562932 185.267822266
0.998561800 -0.012985727 0.052015372 13.251667023 0.012384149 0.999852777 0.011871044 -18.227058411 -0.052161876 -0.011209803 0.998575747 187.508651733
0.998569787 -0.013698514 0.051680502 13.454817772 0.013124079 0.999848366 0.011438150 -18.429813385 -0.051829353 -0.010743530 0.998598218 189.748199463
0.998550534 -0.015271652 0.051609784 13.653428078 0.014686414 0.999823630 0.011699994 -18.649761200 -0.051779356 -0.010925071 0.998598814 191.963409424
0.998517811 -0.016820587 0.051761139 13.846711159 0.016254138 0.999803662 0.011345071 -18.857698441 -0.051941808 -0.010486925 0.998595059 194.195953369
0.998544574 -0.016386306 0.051384024 14.051613808 0.015834481 0.999812722 0.011128065 -19.058500290 -0.051556747 -0.010298229 0.998616993 196.426116943
0.998543024 -0.013845750 0.052157305 14.256602287 0.013260702 0.999845326 0.011546471 -19.274127960 -0.052309126 -0.010838004 0.998572111 198.677566528
0.998538196 -0.011960964 0.052709345 14.456017494 0.011378229 0.999870896 0.011341879 -19.480812073 -0.052838206 -0.010725561 0.998545468 200.907546997
0.998516858 -0.011472942 0.053220719 14.669159889 0.010934834 0.999886155 0.010391106 -19.686201096 -0.053333890 -0.009793733 0.998528719 203.164794922
0.998481274 -0.011767891 0.053820536 14.868513107 0.011194598 0.999877393 0.010941074 -19.887218475 -0.053942699 -0.010321956 0.998490751 205.383590698
0.998473942 -0.013548264 0.053537074 15.104628563 0.012962781 0.999852419 0.011268179 -20.105659485 -0.053681843 -0.010556993 0.998502254 207.631042480
0.998416066 -0.013240172 0.054681323 15.312397003 0.012639506 0.999855995 0.011316128 -20.300647736 -0.054823283 -0.010607058 0.998439729 209.879974365
0.998343527 -0.013491142 0.055928804 15.531351089 0.012789910 0.999835253 0.012877027 -20.523731232 -0.056093324 -0.012140372 0.998351812 212.104095459
0.998274446 -0.012128870 0.057454214 15.764238358 0.011398866 0.999850333 0.013016594 -20.727384567 -0.057603497 -0.012339222 0.998263240 214.336227417
0.998097301 -0.010697105 0.060723498 15.959477425 0.009921204 0.999865413 0.013064765 -20.925487518 -0.060855083 -0.012437454 0.998069108 216.558792114
0.997962952 -0.010851740 0.062866062 16.185071945 0.010032878 0.999860823 0.013326620 -21.125579834 -0.063001923 -0.012668746 0.997932971 218.796936035
0.997813880 -0.011975827 0.064994402 16.410631180 0.011093045 0.999841511 0.013926342 -21.323345184 -0.065150887 -0.013174909 0.997788429 221.025054932
0.997716725 -0.013588438 0.066156127 16.646507263 0.012643484 0.999812305 0.014681469 -21.520513535 -0.066343218 -0.013811503 0.997701406 223.262908936
0.997652352 -0.015714146 0.066655032 16.892923355 0.014813624 0.999792457 0.013983040 -21.725351334 -0.066860929 -0.012962811 0.997678101 225.487106323
0.997603178 -0.016894013 0.067101985 17.130331039 0.015997620 0.999775887 0.013873653 -21.924249649 -0.067321338 -0.012766929 0.997649610 227.728149414
0.997554302 -0.017458972 0.067679927 17.366910934 0.016542284 0.999763966 0.014081332 -22.121480942 -0.067909800 -0.012927311 0.997607708 229.961441040
0.997486651 -0.018707393 0.068340801 17.605829239 0.017831486 0.999751270 0.013404409 -22.324594498 -0.068574540 -0.012152101 0.997572005 232.203277588
0.997448146 -0.019811168 0.068590872 17.860546112 0.018837359 0.999712706 0.014815253 -22.532789230 -0.068864666 -0.013485376 0.997534811 234.483383179
0.997410715 -0.019602215 0.069192663 18.104228973 0.018629434 0.999718666 0.014676441 -22.725408554 -0.069460899 -0.013349418 0.997495294 236.724136353
0.997358382 -0.019222666 0.070047222 18.340223312 0.018235492 0.999725580 0.014705327 -22.922355652 -0.070310667 -0.013389137 0.997435272 238.929489136
0.997328818 -0.019348621 0.070434779 18.588443756 0.018343078 0.999720812 0.014895181 -23.118560791 -0.070703320 -0.013563402 0.997405171 241.155090332
0.997291207 -0.019747011 0.070854343 18.840133667 0.018725233 0.999711275 0.015056189 -23.314718246 -0.071131200 -0.013688639 0.997373164 243.396728516
0.997257829 -0.020131348 0.071214877 19.089696884 0.019157285 0.999713659 0.014334563 -23.516159058 -0.071483076 -0.012930971 0.997357965 245.620208740
0.997258723 -0.019652013 0.071335822 19.346078873 0.018732561 0.999732912 0.013535389 -23.715198517 -0.071582764 -0.012161984 0.997360528 247.852661133
0.997236967 -0.019947562 0.071558043 19.602296829 0.018982513 0.999719739 0.014141124 -23.917169571 -0.071820073 -0.012743700 0.997336149 250.091003418
0.997212231 -0.021256603 0.071525566 19.861703873 0.020289851 0.999693096 0.014215769 -24.118946075 -0.071805798 -0.012724894 0.997337461 252.319259644
0.997211039 -0.021481985 0.071475171 20.128814697 0.020469619 0.999679923 0.014866422 -24.320909500 -0.071771652 -0.013361893 0.997331560 254.583389282
0.997192383 -0.022098638 0.071548104 20.369955063 0.021073960 0.999664664 0.015044957 -24.518917084 -0.071856581 -0.013494913 0.997323692 256.799346924
0.997144639 -0.022660887 0.072034143 20.632896423 0.021591032 0.999645233 0.015596260 -24.726789474 -0.072362021 -0.013996437 0.997280240 259.085601807
0.997118592 -0.022466728 0.072455533 20.892345428 0.021429781 0.999657094 0.015057394 -24.923412323 -0.072768956 -0.013461304 0.997257948 261.327026367
0.997104347 -0.022405397 0.072670117 21.155988693 0.021402098 0.999664962 0.014555705 -25.118753433 -0.072971903 -0.012958267 0.997249782 263.578704834
0.997089386 -0.021575797 0.073124982 21.420598984 0.020605795 0.999689877 0.013993601 -25.317779541 -0.073404230 -0.012446075 0.997224629 265.820526123
0.997054398 -0.021017665 0.073760942 21.681381226 0.020059673 0.999704897 0.013704767 -25.511442184 -0.074027196 -0.012184779 0.997181833 268.063903809
0.996880591 -0.020714531 0.076157600 21.925851822 0.019733997 0.999712706 0.013605198 -25.718265533 -0.076417543 -0.012059864 0.997002959 270.322448730
0.996817350 -0.021623639 0.076729633 22.205148697 0.020579249 0.999684870 0.014376082 -25.926969528 -0.077016316 -0.012751292 0.996948242 272.569396973
0.996590793 -0.021960745 0.079527155 22.449413300 0.020863058 0.999675632 0.014607454 -26.115484238 -0.079822123 -0.012898474 0.996725678 274.813171387
0.996528864 -0.021647256 0.080384910 22.736991882 0.020496735 0.999675751 0.015110352 -26.300148010 -0.080685936 -0.013410272 0.996649325 277.057159424
0.996423423 -0.020846313 0.081888922 23.010417938 0.019483114 0.999658525 0.017410917 -26.518457413 -0.082223915 -0.015753193 0.996489346 279.301361084
0.996307969 -0.020565268 0.083352827 23.289772034 0.019069511 0.999643207 0.018701479 -26.717723846 -0.083707690 -0.017042931 0.996344507 281.536743164
0.996269703 -0.019626409 0.084032372 23.573221207 0.018138269 0.999665618 0.018436121 -26.902858734 -0.084366098 -0.016843146 0.996292472 283.788238525
0.996201456 -0.018580155 0.085073002 23.846473694 0.017130822 0.999695957 0.017734814 -27.088150024 -0.085376658 -0.016210079 0.996216893 286.018707275
0.996179760 -0.017918248 0.085467383 24.132694244 0.016562782 0.999725997 0.016542284 -27.272069931 -0.085740365 -0.015063510 0.996203661 288.267883301
0.996112943 -0.018670294 0.086083218 24.406669617 0.017283397 0.999709070 0.016828483 -27.470405579 -0.086372353 -0.015275261 0.996145904 290.494903564
0.996056974 -0.018899014 0.086679183 24.673278809 0.017596362 0.999720812 0.015768031 -27.661914825 -0.086952969 -0.014180618 0.996111512 292.758972168
0.996071756 -0.019338029 0.086412251 24.957559586 0.018095661 0.999721646 0.015137509 -27.856086731 -0.086680911 -0.013514354 0.996144474 294.987182617
0.996066928 -0.019331140 0.086469263 25.239347458 0.018088263 0.999721825 0.015134203 -28.052913666 -0.086737774 -0.013510602 0.996139586 297.219024658
0.996075153 -0.018577944 0.086539730 25.522314072 0.017329575 0.999734938 0.015154426 -28.244441986 -0.086798333 -0.013595249 0.996133149 299.458221436
0.995992661 -0.018479867 0.087504633 25.783267975 0.017104995 0.999718547 0.016435916 -28.449901581 -0.087783761 -0.014873287 0.996028543 301.697845459
0.996003985 -0.019080248 0.087246746 26.074758530 0.017720353 0.999709547 0.016334815 -28.639339447 -0.087533079 -0.014723497 0.996052802 303.946868896
0.995961189 -0.018479982 0.087862603 26.358963013 0.017093929 0.999717712 0.016501591 -28.831598282 -0.088142753 -0.014933027 0.995995939 306.193023682
0.995951593 -0.019033007 0.087853074 26.644935608 0.017644653 0.999707282 0.016552763 -29.035625458 -0.088142425 -0.014935618 0.995995879 308.443939209
0.995896518 -0.019937081 0.088275835 26.930894852 0.018504007 0.999683976 0.017022789 -29.229957581 -0.088587321 -0.015319479 0.995950699 310.708862305
0.995866656 -0.020237366 0.088543922 27.219757080 0.018848104 0.999686241 0.016498229 -29.426033020 -0.088850006 -0.014761151 0.995935619 312.945709229
0.995896935 -0.019801965 0.088301376 27.521028519 0.018359188 0.999684811 0.017121630 -29.623039246 -0.088612586 -0.015430235 0.995946765 315.205474854
0.995848775 -0.018132169 0.089199111 27.807716370 0.016737986 0.999726176 0.016353324 -29.819103241 -0.089471199 -0.014792424 0.995879471 317.439697266
0.995829880 -0.016406737 0.089741550 28.093475342 0.014961756 0.999747753 0.016750695 -30.012126923 -0.089993753 -0.015338154 0.995824158 319.689880371
0.995778441 -0.015096835 0.090538539 28.379180908 0.013706238 0.999778628 0.015961351 -30.204181671 -0.090759456 -0.014653028 0.995764971 321.923583984
0.995742559 -0.014594413 0.091015436 28.666349411 0.013130226 0.999774873 0.016665358 -30.398422241 -0.091238171 -0.015399353 0.995710015 324.158752441
0.995756567 -0.014263321 0.090914570 28.963352203 0.012673101 0.999756873 0.018044725 -30.600784302 -0.091149852 -0.016815985 0.995695114 326.386688232
0.995686769 -0.014621658 0.091618396 29.239625931 0.013064831 0.999760270 0.017569328 -30.793861389 -0.091853335 -0.016296569 0.995639205 328.624786377
0.995682538 -0.016145699 0.091408990 29.539234161 0.014675267 0.999752164 0.016735690 -30.984811783 -0.091656558 -0.015321984 0.995672762 330.852539062
0.995685697 -0.015584420 0.091471002 29.829294205 0.014133092 0.999764085 0.016492940 -31.178810120 -0.091706455 -0.015129021 0.995671093 333.078216553
0.995631456 -0.015714191 0.092038393 30.114751816 0.014131879 0.999741375 0.017818464 -31.374534607 -0.092294604 -0.016439948 0.995595992 335.316864014
0.995629847 -0.015868358 0.092029609 30.412311554 0.014294409 0.999740422 0.017736711 -31.564186096 -0.092287175 -0.016343687 0.995598316 337.547973633
0.995622516 -0.015666312 0.092141911 30.698287964 0.014062719 0.999738514 0.018027123 -31.761028290 -0.092400238 -0.016652448 0.995582700 339.783203125
0.995633483 -0.015704622 0.092018291 30.996702194 0.014126933 0.999742210 0.017771749 -31.956016541 -0.092273682 -0.016394209 0.995598733 342.028930664
0.995612741 -0.015759187 0.092232428 31.286178589 0.014125733 0.999732077 0.018336324 -32.147293091 -0.092496701 -0.016953031 0.995568573 344.276611328
0.995646358 -0.015183396 0.091966480 31.578657150 0.013555962 0.999740720 0.018294891 -32.335819244 -0.092220433 -0.016968550 0.995594025 346.511962891
0.995667815 -0.014985304 0.091766365 31.870237350 0.013358097 0.999742925 0.018320695 -32.528095245 -0.092017286 -0.017015506 0.995612025 348.750793457
0.995622993 -0.014462663 0.092334457 32.157691956 0.012755853 0.999737144 0.019048573 -32.725822449 -0.092585690 -0.017787389 0.995545745 350.991394043
0.995658219 -0.014499830 0.091948278 32.453006744 0.012773056 0.999731362 0.019340608 -32.913856506 -0.092204012 -0.018082174 0.995575964 353.213531494
0.995661974 -0.014223092 0.091950461 32.742183685 0.012555025 0.999746442 0.018694030 -33.101932526 -0.092193037 -0.017458493 0.995588005 355.458374023
0.995692313 -0.014078661 0.091643751 33.035175323 0.012380037 0.999741375 0.019077212 -33.290557861 -0.091888644 -0.017860480 0.995609105 357.690002441
0.995749652 -0.013335766 0.091130748 33.332649231 0.011538574 0.999728978 0.020219531 -33.486106873 -0.091375701 -0.019082069 0.995633781 359.931060791
0.995798588 -0.013522616 0.090568170 33.630035400 0.011729565 0.999725103 0.020300904 -33.677383423 -0.090817802 -0.019153284 0.995683312 362.172271729
0.995858550 -0.013364650 0.089928642 33.928829193 0.011551410 0.999719918 0.020653468 -33.863784790 -0.090179466 -0.019529132 0.995734036 364.407806396
0.995895684 -0.013312574 0.089523882 34.218933105 0.011567131 0.999733329 0.019987598 -34.051254272 -0.089766093 -0.018870030 0.995784104 366.652587891
0.995903969 -0.013890629 0.089343898 34.504436493 0.012168774 0.999730110 0.019788146 -34.238563538 -0.089594640 -0.018619888 0.995804250 368.900299072
0.995911777 -0.013767769 0.089276135 34.789199829 0.012154907 0.999753356 0.018584590 -34.415157318 -0.089509979 -0.017423470 0.995833516 371.151977539
0.995950878 -0.013949657 0.088810302 35.074039459 0.012303493 0.999742687 0.019056223 -34.612701416 -0.089053310 -0.017886387 0.995866239 373.389923096
0.996079385 -0.013895547 0.087366156 35.378074646 0.012227654 0.999733090 0.019597150 -34.798446655 -0.087615177 -0.018452030 0.995983481 375.633636475
0.995971143 -0.013834148 0.088600904 35.651557922 0.012078872 0.999720633 0.020316672 -34.987678528 -0.088857219 -0.019164624 0.995859981 377.889526367
0.995958269 -0.014416595 0.088652514 35.940036774 0.012647594 0.999710202 0.020483803 -35.178455353 -0.088922136 -0.019279772 0.995851934 380.133972168
0.995969117 -0.014170873 0.088569470 36.235607147 0.012409125 0.999714673 0.020410234 -35.358901978 -0.088833421 -0.019228896 0.995860875 382.385528564
0.995983899 -0.013237941 0.088547811 36.531185150 0.011454595 0.999721766 0.020617861 -35.547225952 -0.088796146 -0.019520780 0.995858431 384.640747070
0.995980740 -0.012296012 0.088719301 36.821861267 0.010514646 0.999734163 0.020518191 -35.728561401 -0.088948004 -0.019502867 0.995845318 386.907867432
0.996008873 -0.011054837 0.088567026 37.124282837 0.009274339 0.999747038 0.020489752 -35.923328400 -0.088771112 -0.019586574 0.995859444 389.179718018
0.995983958 -0.009567657 0.089018844 37.407779694 0.007785139 0.999762535 0.020349763 -36.111652374 -0.089192405 -0.019575013 0.995822012 391.456634521
0.996026456 -0.008354415 0.088665038 37.705993652 0.006447671 0.999742210 0.021769689 -36.297744751 -0.088824056 -0.021111503 0.995823562 393.726776123
0.995945752 -0.007035860 0.089680202 37.986442566 0.005081479 0.999745011 0.022002505 -36.482265472 -0.089812137 -0.021457598 0.995727539 395.993469238
0.995896220 -0.006763794 0.090248697 38.277145386 0.004929172 0.999776900 0.020535909 -36.675464630 -0.090367481 -0.020006781 0.995707452 398.258697510
0.995831549 -0.006183137 0.091000661 38.570884705 0.004381779 0.999790728 0.019981479 -36.864410400 -0.091105163 -0.019499445 0.995650291 400.533691406
0.995728850 -0.007639121 0.092008367 38.848594666 0.005718797 0.999760687 0.021116782 -37.050552368 -0.092147656 -0.020500412 0.995534241 402.799224854
0.995668828 -0.009248697 0.092508905 39.143203735 0.007212035 0.999724805 0.022325985 -37.239883423 -0.092689916 -0.021562112 0.995461464 405.049438477
0.995655298 -0.010315382 0.092542626 39.435752869 0.008254287 0.999709904 0.022627056 -37.432186127 -0.092749171 -0.021764874 0.995451570 407.329284668
0.995666385 -0.010320418 0.092423677 39.754173279 0.008342458 0.999728382 0.021761876 -37.617809296 -0.092623159 -0.020896522 0.995481908 409.601074219
0.995479703 -0.007671830 0.094665408 40.036685944 0.005612346 0.999742150 0.022002511 -37.808536530 -0.094809800 -0.021371759 0.995265961 411.850036621
0.995412529 -0.006666176 0.095443755 40.329822540 0.004607314 0.999752283 0.021775613 -37.993629456 -0.095565274 -0.021235978 0.995196640 414.088134766
0.995293736 -0.005417070 0.096752234 40.631027222 0.003303273 0.999752641 0.021994360 -38.179077148 -0.096847445 -0.021571251 0.995065451 416.359497070
0.995214343 -0.005467335 0.097563095 40.937911987 0.003337232 0.999752700 0.021982942 -38.367015839 -0.097659148 -0.021552151 0.994986534 418.610809326
0.995102465 -0.005368921 0.098702565 41.235973358 0.003222944 0.999755323 0.021888459 -38.547721863 -0.098795913 -0.021463148 0.994876206 420.858917236
0.995017707 -0.005674775 0.099538170 41.537437439 0.003514693 0.999754786 0.021862999 -38.736968994 -0.099637844 -0.021404222 0.994793534 423.110107422
0.994944572 -0.006026510 0.100244343 41.849250793 0.003743488 0.999729693 0.022947103 -38.920425415 -0.100355521 -0.022455832 0.994698226 425.377014160
0.994914412 -0.005481557 0.100574575 42.162117004 0.003125024 0.999717236 0.023573309 -39.104454041 -0.100675374 -0.023139128 0.994650185 427.625366211
0.994852483 -0.004961863 0.101211995 42.479572296 0.002488664 0.999695659 0.024547474 -39.288536072 -0.101302966 -0.024169233 0.994561970 429.908111572
0.994804800 -0.004798671 0.101687521 42.796577454 0.002329278 0.999699771 0.024388971 -39.467044830 -0.101774037 -0.024025407 0.994517386 432.178985596
0.994754255 -0.005423832 0.102149539 43.117504120 0.002986530 0.999707460 0.023997977 -39.656486511 -0.102249831 -0.023567019 0.994479477 434.442169189
0.994728327 -0.004092909 0.102463722 43.435173035 0.001621517 0.999705970 0.024191372 -39.825210571 -0.102532625 -0.023897696 0.994442463 436.701141357
0.994661093 -0.004191386 0.103110448 43.755069733 0.001664427 0.999696553 0.024581142 -40.009330750 -0.103182174 -0.024278287 0.994366050 438.991333008
0.994717240 -0.004337288 0.102561034 44.087333679 0.001799542 0.999690235 0.024823356 -40.188827515 -0.102636933 -0.024507653 0.994416893 441.261230469
0.994691730 -0.004083949 0.102818735 44.415649414 0.001427471 0.999663591 0.025896836 -40.385227203 -0.102889910 -0.025612598 0.994362950 443.543518066
0.994660795 -0.004610354 0.103096597 44.741081238 0.001928819 0.999657571 0.026094507 -40.561859131 -0.103181615 -0.025756324 0.994328976 445.820251465
0.994646311 -0.004494169 0.103241131 45.062965393 0.001869011 0.999672830 0.025510121 -40.739791870 -0.103322014 -0.025180586 0.994329154 448.088195801
0.994635046 -0.003753151 0.103378184 45.388515472 0.001149884 0.999680996 0.025230072 -40.924453735 -0.103439897 -0.024975842 0.994322062 450.349456787
0.994581878 -0.003283094 0.103904054 45.707389832 0.000686952 0.999686897 0.025011882 -41.109405518 -0.103953630 -0.024804991 0.994272709 452.606689453
0.994493544 -0.002912012 0.104757532 46.023658752 0.000266452 0.999680877 0.025259271 -41.283836365 -0.104797661 -0.025092268 0.994176984 454.881134033
0.994462550 -0.003222040 0.105042413 46.336746216 0.000583297 0.999683738 0.025141796 -41.472084045 -0.105090186 -0.024941299 0.994149983 457.134674072
0.994478166 -0.002571232 0.104913391 46.668975830 0.000008807 0.999701858 0.024417344 -41.649742126 -0.104944900 -0.024281589 0.994181514 459.410797119
0.994444370 -0.001446732 0.105253592 46.990577698 -0.001188125 0.999687612 0.024966409 -41.831863403 -0.105256826 -0.024952756 0.994131982 461.689331055
0.994494557 -0.001029368 0.104783140 47.323078156 -0.001722588 0.999655962 0.026169457 -42.009628296 -0.104774043 -0.026205881 0.994150639 463.967315674
0.994505048 -0.000651513 0.104687646 47.638679504 -0.002139178 0.999645412 0.026542809 -42.182781219 -0.104667827 -0.026620904 0.994150877 466.233398438
0.994633973 -0.000682142 0.103453636 47.973937988 -0.001940228 0.999679327 0.025245527 -42.356887817 -0.103437699 -0.025310779 0.994313955 468.513275146
0.994742692 -0.000829537 0.102402687 48.313018799 -0.001730574 0.999688208 0.024909057 -42.540256500 -0.102391429 -0.024955323 0.994431019 470.806091309
0.994769871 -0.001568204 0.102129437 48.626304626 -0.001113660 0.999656200 0.026197154 -42.725299835 -0.102135397 -0.026173878 0.994426072 473.083221436
0.994750977 -0.001733565 0.102311224 48.931365967 -0.000994709 0.999645412 0.026609376 -42.905967712 -0.102321073 -0.026571469 0.994396508 475.354980469
0.994885325 -0.001407935 0.101001091 49.265842438 -0.001209928 0.999665022 0.025853211 -43.065773010 -0.101003677 -0.025843181 0.994550347 477.646362305
0.994906306 -0.001648501 0.100790054 49.583175659 -0.001047974 0.999643028 0.026694590 -43.246643066 -0.100798093 -0.026664240 0.994549513 479.925659180
0.994928062 -0.001984865 0.100569375 49.900531769 -0.000744949 0.999632478 0.027098777 -43.422061920 -0.100586206 -0.027036252 0.994560897 482.199066162
0.994955599 -0.002511879 0.100284889 50.213104248 -0.000150518 0.999647915 0.026531937 -43.599014282 -0.100316234 -0.026413195 0.994604886 484.471771240
0.995016038 -0.002474981 0.099684767 50.529342651 -0.000242701 0.999628901 0.027241409 -43.780006409 -0.099715181 -0.027129835 0.994646132 486.750579834
0.995063722 -0.003208104 0.099185497 50.841957092 0.000528048 0.999634326 0.027035099 -43.947856903 -0.099235967 -0.026849272 0.994701624 489.056091309
0.995060384 -0.002859224 0.099229507 51.153011322 0.000128973 0.999621451 0.027510017 -44.120006561 -0.099270612 -0.027361335 0.994684219 491.355194092
0.995111942 -0.002223406 0.098727770 51.471233368 -0.000540356 0.999608934 0.027958201 -44.292644501 -0.098751329 -0.027874893 0.994721591 493.638763428
0.995090902 -0.001630908 0.098951884 51.772487640 -0.001090686 0.999622762 0.027443890 -44.462776184 -0.098959312 -0.027417090 0.994713843 495.935058594
0.995103180 -0.001319147 0.098832548 52.094371796 -0.001377814 0.999628663 0.027214959 -44.646930695 -0.098831743 -0.027217863 0.994731963 498.240478516
0.995130837 -0.001362618 0.098553002 52.407058716 -0.001395734 0.999609351 0.027914150 -44.820842743 -0.098552532 -0.027915793 0.994740188 500.531829834
0.995131016 -0.000520034 0.098559707 52.715904236 -0.002261085 0.999602377 0.028103819 -44.996818542 -0.098535135 -0.028189829 0.994734228 502.814636230
0.995178819 0.000323883 0.098076724 53.035217285 -0.003019516 0.999621630 0.027337763 -45.171463013 -0.098030776 -0.027502103 0.994803250 505.103393555
0.995182693 0.000375511 0.098036982 53.343677521 -0.003166288 0.999594092 0.028312547 -45.350524902 -0.097986542 -0.028486574 0.994780064 507.393096924
0.995188832 -0.000153269 0.097974792 53.654750824 -0.002553625 0.999618471 0.027502477 -45.529590607 -0.097941615 -0.027620347 0.994808793 509.689178467
0.995219290 -0.000967758 0.097660124 53.974838257 -0.001803975 0.999598086 0.028289130 -45.710216522 -0.097648248 -0.028330063 0.994817674 511.990020752
0.995227575 -0.000772471 0.097577915 54.288669586 -0.002026401 0.999589443 0.028581090 -45.883060455 -0.097559936 -0.028642420 0.994817317 514.295654297
0.995254695 -0.000205173 0.097303368 54.602413177 -0.002564786 0.999594986 0.028341331 -46.055778503 -0.097269766 -0.028456405 0.994851172 516.601074219
0.995233178 0.000752617 0.097520038 54.904090881 -0.003515969 0.999596953 0.028167507 -46.231445312 -0.097459532 -0.028376117 0.994834900 518.891479492
0.995158195 0.002921812 0.098242231 55.220619202 -0.005731915 0.999582231 0.028333766 -46.411705017 -0.098118395 -0.028759697 0.994759083 521.228393555
0.995073915 0.004999434 0.099009529 55.537059784 -0.007845886 0.999566376 0.028380806 -46.584117889 -0.098824710 -0.029017821 0.994681656 523.564575195
0.995011210 0.005992642 0.099582955 55.854583740 -0.008977760 0.999522805 0.029555140 -46.750175476 -0.099358313 -0.030301731 0.994590163 525.878906250
0.994956672 0.005360566 0.100162297 56.166179657 -0.008344109 0.999533117 0.029391930 -46.920898438 -0.099957988 -0.030079463 0.994536817 528.182495117
0.994885564 0.003554985 0.100947119 56.475109100 -0.006697556 0.999502838 0.030809030 -47.091484070 -0.100787431 -0.031327549 0.994414568 530.496582031
0.994834900 0.001942550 0.101487584 56.805027008 -0.005056505 0.999523938 0.030434873 -47.259704590 -0.101380169 -0.030790847 0.994371176 532.817077637
0.994805217 0.002014289 0.101776548 57.123172760 -0.005073725 0.999542713 0.029810406 -47.428951263 -0.101669967 -0.030171940 0.994360447 535.122741699
0.994731843 0.001816779 0.102494970 57.446861267 -0.004877088 0.999549448 0.029615456 -47.599597931 -0.102394976 -0.029959312 0.994292557 537.435241699
0.994633853 0.002522809 0.103426963 57.765342712 -0.005550908 0.999563992 0.029000293 -47.772789001 -0.103308700 -0.029418789 0.994214118 539.748535156
0.994529366 0.003179787 0.104408532 58.081768036 -0.006219831 0.999565661 0.028804138 -47.950706482 -0.104271591 -0.029295968 0.994117260 542.064697266
0.994447529 0.003545093 0.105173640 58.406612396 -0.006500300 0.999593258 0.027768893 -48.123546600 -0.105032414 -0.028298369 0.994066119 544.379760742
0.994317174 0.003635826 0.106396429 58.727397919 -0.006700583 0.999572396 0.028461786 -48.297416687 -0.106247455 -0.029012961 0.993916452 546.696044922
0.994183004 0.003207220 0.107655562 59.035400391 -0.006395460 0.999550700 0.029283013 -48.474082947 -0.107513271 -0.029801184 0.993756890 548.985778809
0.994090438 0.002968022 0.108513750 59.359546661 -0.006208465 0.999544382 0.029536404 -48.647899628 -0.108376645 -0.030035565 0.993656039 551.282226562
0.994126916 0.001898873 0.108203843 59.702960968 -0.004992549 0.999586165 0.028327450 -48.815544128 -0.108105280 -0.028701292 0.993725061 553.588867188
0.994135380 0.001527326 0.108131878 60.046966553 -0.004691970 0.999567807 0.029018149 -48.994552612 -0.108040832 -0.029355319 0.993712962 555.902709961
0.994076252 0.001863822 0.108669028 60.378551483 -0.005095895 0.999552548 0.029472237 -49.167697906 -0.108565480 -0.029851418 0.993641019 558.204956055
0.994047701 0.002320164 0.108920738 60.718246460 -0.005683266 0.999516249 0.030576332 -49.340480804 -0.108797111 -0.031013357 0.993579984 560.534545898
0.994053900 0.001861829 0.108872831 61.066719055 -0.005287881 0.999499559 0.031188149 -49.512275696 -0.108760267 -0.031578410 0.993566334 562.863464355
0.994020760 0.002471396 0.109163448 61.408359528 -0.006000503 0.999469459 0.032012012 -49.680690765 -0.109026425 -0.032475624 0.993508220 565.177246094
0.993943810 0.003481559 0.109834209 61.752834320 -0.006981934 0.999479353 0.031501163 -49.854167938 -0.109667346 -0.032077234 0.993450642 567.497558594
0.993968964 0.004092708 0.109585434 62.111640930 -0.007412396 0.999525249 0.029902941 -50.020416260 -0.109411031 -0.030534884 0.993527472 569.836181641
0.993972957 0.004464416 0.109534696 62.471046448 -0.007767578 0.999527216 0.029748162 -50.188484192 -0.109350100 -0.030419685 0.993537724 572.157470703
0.993943512 0.004418977 0.109803379 62.810588837 -0.007927127 0.999471188 0.031533416 -50.378021240 -0.109605968 -0.032212857 0.993452966 574.522033691
0.993937850 0.004357758 0.109856069 63.163921356 -0.008017008 0.999426901 0.032889843 -50.552455902 -0.109649777 -0.033571184 0.993403196 576.832336426
0.993871689 0.004972902 0.110427774 63.495307922 -0.008448445 0.999482751 0.031027891 -50.718963623 -0.110216349 -0.031770680 0.993399680 579.213378906
0.993912280 0.004294903 0.110090420 63.847793579 -0.007733834 0.999494731 0.030829385 -50.883453369 -0.109902374 -0.031493124 0.993443251 581.550598145
0.993877053 0.003020409 0.110450462 64.197799683 -0.006656548 0.999447286 0.032567073 -51.067680359 -0.110291064 -0.033102885 0.993347883 583.882080078
0.993931532 0.003183241 0.109955162 64.548614502 -0.006805886 0.999445677 0.032586996 -51.232307434 -0.109790497 -0.033137575 0.993402243 586.197692871
0.993924677 0.000356112 0.110061750 64.910835266 -0.003838111 0.999498725 0.031426534 -51.408027649 -0.109995380 -0.031658035 0.993427813 588.571655273
0.993985951 -0.000011508 0.109507516 65.269767761 -0.003441162 0.999502838 0.031340025 -51.572402954 -0.109453440 -0.031528380 0.993491709 590.921386719
0.994011223 -0.001816854 0.109262712 65.616836548 -0.001644446 0.999499857 0.031580236 -51.738471985 -0.109265447 -0.031570788 0.993511140 593.259765625
0.994070888 -0.002246856 0.108710587 65.975563049 -0.001220956 0.999492764 0.031822406 -51.909400940 -0.108726941 -0.031766463 0.993563890 595.613159180
