1.000000000 0.000000000 0.000000000 0.000000000 0.000000000 1.000000000 0.000000000 0.000000000 0.000000000 0.000000000 1.000000000 0.000000000
0.999999881 0.000159287 0.000465168 0.086094543 -0.000159220 1.000000000 -0.000144641 -0.225908101 -0.000465191 0.000144567 0.999999881 2.289155483
0.999999166 0.000511874 0.001189567 0.165022254 -0.000512373 0.999999762 0.000419324 -0.463395000 -0.001189352 -0.000419933 0.999999166 4.585773468
0.999998331 0.000183953 0.001819003 0.260914952 -0.000184998 0.999999762 0.000574360 -0.694431841 -0.001818897 -0.000574695 0.999998152 6.876280308
0.999996424 0.000252780 0.002673080 0.355266184 -0.000249894 0.999999404 -0.001079705 -0.927551150 -0.002673351 0.001079033 0.999995828 9.177299500
0.999987006 0.001932567 0.004720397 0.446857363 -0.001933632 0.999998212 0.000221110 -1.162372351 -0.004719962 -0.000230234 0.999988854 11.485029221
0.999962926 0.003922084 0.007664741 0.526780367 -0.003932686 0.999991298 0.001368466 -1.391040325 -0.007659309 -0.001398558 0.999969661 13.795678139
0.999942303 0.003827614 0.010031904 0.635120273 -0.003869299 0.999983966 0.004139093 -1.621494412 -0.010015899 -0.004177670 0.999941111 16.068878174
0.999939978 0.003491745 0.010376687 0.762018442 -0.003543961 0.999981105 0.005017924 -1.850245476 -0.010358969 -0.005054398 0.999933541 18.410711288
0.999931335 0.002668986 0.011406344 0.885434628 -0.002728868 0.999982536 0.005237515 -2.074819088 -0.011392165 -0.005268281 0.999921203 20.700799942
0.999928296 0.000114505 0.011972184 0.999535680 -0.000149688 0.999995649 0.002937918 -2.306076050 -0.011971796 -0.002939499 0.999924004 23.016201019
0.999915540 -0.002172576 0.012805988 1.107716918 0.002160351 0.999997199 0.000968409 -2.527021170 -0.012808055 -0.000940661 0.999917567 25.298252106
0.999912560 -0.003033539 0.012869985 1.242145777 0.003029024 0.999995291 0.000370299 -2.776281118 -0.012871047 -0.000331284 0.999917090 27.625556946
0.999903738 -0.002755930 0.013593998 1.353600621 0.002764341 0.999995947 -0.000599940 -3.002887487 -0.013592291 0.000637460 0.999907434 29.914285660
0.999891877 -0.000334491 0.014702741 1.468619108 0.000309957 0.999998569 0.001670923 -3.229500532 -0.014703282 -0.001666185 0.999890506 32.192882538
0.999891579 0.001741015 0.014616658 1.601686954 -0.001795875 0.999991357 0.003740987 -3.449402094 -0.014610020 -0.003766831 0.999886155 34.473377228
0.999856234 0.003851491 0.016513968 1.708908558 -0.003985287 0.999959469 0.008076713 -3.683821201 -0.016482195 -0.008141365 0.999831021 36.773685455
0.999838769 0.005676957 0.017035240 1.830356240 -0.005807551 0.999954045 0.007626406 -3.901958704 -0.016991159 -0.007724108 0.999825835 39.046276093
0.999809504 0.004719317 0.018939110 1.935504436 -0.004835080 0.999969900 0.006071161 -4.106020927 -0.018909885 -0.006161575 0.999802351 41.332363129
0.999816358 0.002279300 0.019028990 2.061256409 -0.002372240 0.999985397 0.004862910 -4.330009937 -0.019017626 -0.004907159 0.999807179 43.610591888
0.999827862 0.002282088 0.018409790 2.208290815 -0.002360866 0.999988139 0.004258513 -4.557976246 -0.018399855 -0.004301243 0.999821484 45.850379944
0.999824107 0.001678775 0.018680671 2.332857609 -0.001739252 0.999993265 0.003221645 -4.786401272 -0.018675137 -0.003253568 0.999820292 48.123165131
0.999829948 0.000245774 0.018438037 2.471560240 -0.000314252 0.999993086 0.003711133 -5.015528202 -0.018437002 -0.003716296 0.999823093 50.401233673
0.999812365 -0.000308190 0.019369323 2.599860430 0.000226358 0.999991000 0.004226870 -5.238935947 -0.019370453 -0.004221692 0.999803603 52.662567139
0.999808550 -0.001651721 0.019499924 2.734800339 0.001568751 0.999989688 0.004269382 -5.467937469 -0.019506771 -0.004237975 0.999800801 54.943668365
0.999781907 -0.002107247 0.020775314 2.863162994 0.002014572 0.999987960 0.004480753 -5.695138931 -0.020784503 -0.004437923 0.999774158 57.242179871
0.999765038 -0.003430851 0.021399369 3.001833439 0.003322793 0.999981582 0.005083137 -5.918800831 -0.021416415 -0.005010839 0.999758065 59.510406494
0.999724507 -0.005225559 0.022882162 3.126326561 0.005127615 0.999977410 0.004336922 -6.138904095 -0.022904305 -0.004218396 0.999728739 61.780822754
0.999701858 -0.005969698 0.023673968 3.271188736 0.005870806 0.999973774 0.004244519 -6.363128662 -0.023698689 -0.004104269 0.999710679 64.035942078
0.999671698 -0.005465813 0.025033355 3.408018589 0.005342501 0.999973238 0.004990176 -6.586123466 -0.025059957 -0.004854797 0.999674141 66.305252075
0.999657691 -0.004693223 0.025738252 3.555939198 0.004556750 0.999975383 0.005358351 -6.812566757 -0.025762765 -0.005239235 0.999654353 68.563644409
0.999618769 -0.004852968 0.027181212 3.692179918 0.004721078 0.999976754 0.004914308 -7.035126209 -0.027204426 -0.004784110 0.999618471 70.821189880
0.999603689 -0.005651441 0.027578693 3.850796223 0.005552195 0.999977827 0.003673867 -7.259209156 -0.027598845 -0.003519289 0.999612868 73.078033447
0.999587476 -0.006675802 0.027930971 4.007073402 0.006565245 0.999970257 0.004048070 -7.485520363 -0.027957162 -0.003863027 0.999601662 75.361747742
0.999543011 -0.007812564 0.029198812 4.165524006 0.007708436 0.999963582 0.003677067 -7.717552662 -0.029226473 -0.003450310 0.999566853 77.628402710
0.999538779 -0.008664309 0.029105539 4.318926334 0.008560028 0.999956489 0.003705552 -7.951512337 -0.029136375 -0.003454698 0.999569476 79.886161804
0.999508917 -0.009097467 0.029983837 4.465834618 0.009005072 0.999954343 0.003215031 -8.166082382 -0.030011714 -0.002943446 0.999545217 82.141868591
0.999492168 -0.008163183 0.030802179 4.633328915 0.008071387 0.999962628 0.003103308 -8.394796371 -0.030826354 -0.002853116 0.999520659 84.422843933
0.999439478 -0.007818218 0.032551251 4.788772583 0.007706820 0.999964058 0.003546281 -8.612485886 -0.032577794 -0.003293426 0.999463797 86.675674438
0.999440908 -0.007330944 0.032618862 4.955459595 0.007175209 0.999962270 0.004888906 -8.845258713 -0.032653470 -0.004652125 0.999455929 88.965049744
0.999413490 -0.006565576 0.033609577 5.115320206 0.006379895 0.999963760 0.005628912 -9.071986198 -0.033645317 -0.005411185 0.999419212 91.221160889
0.999386549 -0.006311318 0.034449633 5.280941010 0.006118124 0.999965072 0.005710553 -9.293130875 -0.034484468 -0.005496283 0.999390125 93.459541321
0.999370933 -0.006192588 0.034917392 5.454434395 0.006036119 0.999971271 0.004584774 -9.507320404 -0.034944769 -0.004371125 0.999379694 95.691635132
0.999336660 -0.006853932 0.035767525 5.619607925 0.006676892 0.999964893 0.005066854 -9.728672981 -0.035800990 -0.004824678 0.999347210 97.935615540
0.999308348 -0.006461734 0.036620807 5.778514862 0.006301606 0.999970078 0.004486357 -9.957015038 -0.036648698 -0.004252484 0.999319136 100.179725647
0.999239206 -0.006417801 0.038471021 5.929993153 0.006211722 0.999965727 0.005473880 -10.173162460 -0.038504835 -0.005230744 0.999244690 102.410675049
0.999248564 -0.006487742 0.038211908 6.132053375 0.006283248 0.999965310 0.005469216 -10.397426605 -0.038246062 -0.005225011 0.999254704 104.676719666
0.999215543 -0.007340813 0.038913954 6.305625916 0.007123804 0.999958336 0.005712387 -10.608719826 -0.038954262 -0.005430690 0.999226213 106.913528442
0.999190092 -0.008669717 0.039294232 6.486374855 0.008443721 0.999946892 0.005913714 -10.826061249 -0.039343424 -0.005577134 0.999210179 109.170249939
0.999141395 -0.009602422 0.040301707 6.659382820 0.009321388 0.999930978 0.007155395 -11.056077003 -0.040367633 -0.006773583 0.999161959 111.424339294
0.999116838 -0.010311139 0.040734019 6.847720146 0.010083617 0.999932349 0.005787040 -11.278235435 -0.040790934 -0.005371183 0.999153197 113.692703247
0.999075830 -0.010673480 0.041635986 7.028385162 0.010472296 0.999932408 0.005047105 -11.498688698 -0.041687042 -0.004606416 0.999120116 115.942047119
0.999034762 -0.011104431 0.042499639 7.209076881 0.010883629 0.999926090 0.005423271 -11.725968361 -0.042556725 -0.004955485 0.999081731 118.193367004
0.998980522 -0.011418626 0.043675043 7.395245075 0.011153590 0.999917924 0.006307249 -11.952215195 -0.043743469 -0.005813687 0.999025881 120.465843201
0.998958111 -0.012118790 0.043997545 7.593483925 0.011813129 0.999904335 0.007200585 -12.179673195 -0.044080596 -0.006673335 0.999005675 122.677421570
0.998904347 -0.012892556 0.044987042 7.791296005 0.012619516 0.999900222 0.006348048 -12.399342537 -0.045064397 -0.005773378 0.998967409 124.986907959
0.998868823 -0.013528107 0.045584500 7.973180771 0.013280741 0.999895394 0.005725013 -12.624137878 -0.045657173 -0.005113140 0.998944223 127.247894287
0.998850465 -0.015262265 0.045439422 8.162500381 0.014996397 0.999868393 0.006186186 -12.841902733 -0.045527861 -0.005497649 0.998947859 129.507888794
0.998864412 -0.016379002 0.044739753 8.345924377 0.016108818 0.999849796 0.006392926 -13.055532455 -0.044837743 -0.005664961 0.998978198 131.756912231
0.998931468 -0.016775666 0.043064944 8.546583176 0.016465729 0.999835968 0.007541669 -13.272858620 -0.043184392 -0.006824514 0.999043822 133.990280151
0.998984218 -0.017426059 0.041555073 8.737727165 0.017121859 0.999823987 0.007665180 -13.502447128 -0.041681338 -0.006945894 0.999106765 136.235473633
0.999048352 -0.018154841 0.039658360 8.940675735 0.017869765 0.999811947 0.007531127 -13.718261719 -0.039787635 -0.006815276 0.999184966 138.459640503
0.999032795 -0.019009219 0.039649349 9.105222702 0.018744871 0.999799609 0.007028434 -13.926917076 -0.039774995 -0.006278415 0.999189079 140.745391846
0.999028444 -0.019341758 0.039600205 9.276924133 0.019072277 0.999792397 0.007171540 -14.134201050 -0.039730690 -0.006409306 0.999189854 142.977111816
0.999061942 -0.019496355 0.038664807 9.458950043 0.019184703 0.999780536 0.008415015 -14.359871864 -0.038820371 -0.007665349 0.999216795 145.225387573
0.999080002 -0.018657157 0.038613934 9.634739876 0.018392134 0.999804854 0.007207412 -14.572714806 -0.038740866 -0.006490588 0.999228358 147.474014282
0.999096394 -0.017377494 0.038786110 9.810332298 0.017167253 0.999836087 0.005747001 -14.789992332 -0.038879629 -0.005075957 0.999230981 149.733016968
0.999108434 -0.015712563 0.039183315 9.985006332 0.015529961 0.999867082 0.004960211 -15.011306763 -0.039256040 -0.004347275 0.999219656 151.982788086
0.999117434 -0.014917705 0.039266370 10.170047760 0.014732187 0.999878943 0.005009749 -15.227869034 -0.039336357 -0.004426848 0.999216199 154.221511841
0.999106050 -0.014195542 0.039819807 10.347308159 0.013991212 0.999887526 0.005405423 -15.445187569 -0.039892059 -0.004843464 0.999192238 156.483688354
0.999108374 -0.013653068 0.039952412 10.540868759 0.013412605 0.999890268 0.006280643 -15.663190842 -0.040033787 -0.005739177 0.999181807 158.710281372
0.999046266 -0.012980757 0.041690715 10.699039459 0.012677219 0.999891102 0.007536826 -15.889992714 -0.041784007 -0.007001115 0.999102235 161.000045776
0.999021053 -0.011990159 0.042583078 10.883069992 0.011593175 0.999887109 0.009557375 -16.107625961 -0.042692859 -0.009054344 0.999047160 163.234695435
0.998991311 -0.011280447 0.043463085 11.072311401 0.010909928 0.999902189 0.008752741 -16.319383621 -0.043557566 -0.008269734 0.999016702 165.513168335
0.998959959 -0.010626833 0.044339124 11.267250061 0.010300157 0.999918103 0.007589655 -16.532821655 -0.044416148 -0.007125062 0.998987675 167.762298584
0.998889387 -0.008838759 0.046280060 11.450758934 0.008479624 0.999932468 0.007950610 -16.746168137 -0.046347201 -0.007549342 0.998896897 169.994308472
0.998754978 -0.008487013 0.049156792 11.639142990 0.008091440 0.999933302 0.008240568 -16.973407745 -0.049223445 -0.007832558 0.998757005 172.298690796
0.998635173 -0.008692792 0.051501755 11.840857506 0.008300646 0.999934971 0.007823250 -17.185178757 -0.051566418 -0.007385074 0.998642266 174.572387695
0.998550236 -0.008408791 0.053164680 12.047995567 0.007967358 0.999932051 0.008509642 -17.403577805 -0.053232618 -0.008073724 0.998549640 176.836318970
0.998508632 -0.008799178 0.053879239 12.253124237 0.008306199 0.999921560 0.009366807 -17.612991333 -0.053957436 -0.008905305 0.998503566 179.055786133
0.998501480 -0.010716263 0.053665388 12.470315933 0.010251063 0.999907672 0.008936299 -17.829862595 -0.053756196 -0.008372783 0.998518944 181.330871582
0.998463035 -0.011518260 0.054210663 12.668449402 0.011059073 0.999900460 0.008762783 -18.040473938 -0.054306194 -0.008149797 0.998491049 183.575042725
0.998531759 -0.013095296 0.052565176 12.898666382 0.012656771 0.999882281 0.008666783 -18.265388489 -0.052672487 -0.007988750 0.998579860 185.810317993
0.998534143 -0.014775133 0.052069440 13.106775284 0.014291867 0.999851406 0.009641378 -18.482030869 -0.052204147 -0.008883077 0.998597026 188.058776855
0.998548508 -0.015634993 0.051539883 13.317798615 0.015187661 0.999843597 0.009059618 -18.689121246 -0.051673472 -0.008263698 0.998629808 190.300582886
0.998517871 -0.016941540 0.051720891 13.522878647 0.016515590 0.999826133 0.008651857 -18.905189514 -0.051858477 -0.007784833 0.998624027 192.540832520
0.998493671 -0.018701950 0.051579535 13.723413467 0.018313140 0.999800205 0.008000582 -19.117736816 -0.051718850 -0.007043946 0.998636842 194.781387329
0.998504281 -0.018227741 0.051545098 13.931742668 0.017817348 0.999805987 0.008410178 -19.334018707 -0.051688392 -0.007479202 0.998635232 197.020782471
0.998526692 -0.016575752 0.051669851 14.146245003 0.016168030 0.999834895 0.008298974 -19.547065735 -0.051798880 -0.007451347 0.998629749 199.251724243
0.998546779 -0.013081223 0.052280162 14.346150398 0.012660841 0.999884844 0.008364053 -19.774135590 -0.052383564 -0.007689987 0.998597383 201.527954102
0.998515606 -0.012530879 0.053005550 14.557397842 0.012146501 0.999897718 0.007567541 -19.988704681 -0.053094942 -0.006912476 0.998565555 203.796890259
0.998470485 -0.012746569 0.053798612 14.757517815 0.012318321 0.999889731 0.008284317 -20.198486328 -0.053898282 -0.007608937 0.998517513 206.022338867
0.998455286 -0.013995940 0.053769227 14.992263794 0.013560277 0.999872267 0.008458736 -20.424568176 -0.053880747 -0.007716544 0.998517573 208.290100098
0.998397887 -0.013622539 0.054920182 15.200057983 0.013165236 0.999875665 0.008679942 -20.626916885 -0.055031598 -0.007943000 0.998453021 210.533798218
0.998335302 -0.013261223 0.056132074 15.423233986 0.012719063 0.999869049 0.010004930 -20.857013702 -0.056257404 -0.009274327 0.998373210 212.788192749
0.998263717 -0.011874364 0.057693794 15.656255722 0.011292428 0.999882102 0.010402198 -21.068965912 -0.057810515 -0.009732631 0.998280168 215.020523071
0.998085499 -0.010017222 0.061032701 15.869154930 0.009405972 0.999902785 0.010294245 -21.276958466 -0.061129890 -0.009700465 0.998082638 217.288528442
0.997952700 -0.010117571 0.063150898 16.097976685 0.009465234 0.999898791 0.010620445 -21.485584259 -0.063251950 -0.010000965 0.997947574 219.534194946
0.997835577 -0.011374452 0.064766884 16.334348679 0.010678462 0.999881566 0.011082142 -21.690221786 -0.064885274 -0.010366543 0.997838795 221.767547607
0.997723520 -0.012710534 0.066227458 16.567356110 0.011952815 0.999858618 0.011824897 -21.892976761 -0.066368394 -0.011006373 0.997734487 224.004608154
0.997661293 -0.014736632 0.066744439 16.815532684 0.014013593 0.999838233 0.011288172 -22.107625961 -0.066899993 -0.010326442 0.997706175 226.236694336
0.997632742 -0.016018052 0.066875786 17.057872772 0.015317194 0.999822319 0.010979715 -22.310773849 -0.067039780 -0.009929375 0.997700870 228.485168457
0.997583628 -0.016280970 0.067541622 17.297075272 0.015565138 0.999817073 0.011111213 -22.513875961 -0.067710154 -0.010033066 0.997654557 230.723922729
0.997535765 -0.017804051 0.067862995 17.545730591 0.017144231 0.999800026 0.010292894 -22.723474503 -0.068032689 -0.009104072 0.997641504 232.974594116
0.997493505 -0.018835265 0.068205595 17.786602020 0.018121885 0.999774575 0.011062981 -22.923357010 -0.068398580 -0.009799236 0.997609973 235.208984375
0.997503221 -0.018305901 0.068207324 18.066453934 0.017560618 0.999779463 0.011510476 -23.136419296 -0.068403021 -0.010283976 0.997604728 237.476715088
0.997463405 -0.018036438 0.068856873 18.304763794 0.017295403 0.999786198 0.011343030 -23.336322784 -0.069046736 -0.010123352 0.997562051 239.701156616
0.997419953 -0.018182075 0.069446698 18.547004700 0.017411498 0.999780118 0.011685307 -23.545717239 -0.069643900 -0.010445989 0.997517347 241.928253174
0.997377098 -0.018303970 0.070028014 18.791509628 0.017525673 0.999777913 0.011712420 -23.744487762 -0.070226833 -0.010454411 0.997476399 244.170806885
0.997335970 -0.018333767 0.070602752 19.035905838 0.017597435 0.999784350 0.011037116 -23.955486298 -0.070789866 -0.009765285 0.997443438 246.401550293
0.997349143 -0.018061027 0.070489392 19.294183731 0.017384764 0.999796867 0.010195582 -24.164840698 -0.070659205 -0.008943111 0.997460425 248.643630981
0.997324586 -0.018339770 0.070762791 19.544054031 0.017622713 0.999786913 0.010744333 -24.373958588 -0.070944756 -0.009468555 0.997435272 250.890136719
0.997286141 -0.019588709 0.070968434 19.794221878 0.018877091 0.999764740 0.010684183 -24.582832336 -0.071161017 -0.009315511 0.997421324 253.120056152
0.997292399 -0.019388804 0.070935853 20.058073044 0.018635463 0.999762893 0.011266523 -24.788785934 -0.071137480 -0.009914096 0.997417212 255.379776001
0.997253954 -0.020128634 0.071270876 20.298519135 0.019361027 0.999747097 0.011444821 -24.997945786 -0.071483225 -0.010033516 0.997391343 257.604736328
0.997231424 -0.020402182 0.071506888 20.564594269 0.019585388 0.999734819 0.012105284 -25.211585999 -0.071734905 -0.010671278 0.997366667 259.875518799
0.997202218 -0.020155312 0.071982756 20.822694778 0.019374978 0.999745846 0.011522580 -25.413824081 -0.072196700 -0.010095676 0.997339427 262.124328613
0.997179031 -0.020052498 0.072331108 21.080997467 0.019308208 0.999753356 0.010974667 -25.616245270 -0.072533332 -0.009547126 0.997320294 264.379974365
0.997146070 -0.019360667 0.072973266 21.338973999 0.018639622 0.999770641 0.010549141 -25.827617645 -0.073160768 -0.009158839 0.997278094 266.619079590
0.997070372 -0.018654620 0.074180536 21.595046997 0.017908769 0.999782383 0.010707116 -26.031494141 -0.074364126 -0.009347267 0.997187316 268.866790771
0.996972442 -0.018236596 0.075586043 21.855636597 0.017522536 0.999795556 0.010099434 -26.249252319 -0.075754762 -0.008744399 0.997088253 271.123535156
0.996902585 -0.018834794 0.076357774 22.133319855 0.018100131 0.999783158 0.010302039 -26.458812714 -0.076535240 -0.008888044 0.997027218 273.370452881
0.996686876 -0.019541441 0.078951165 22.376626968 0.018755328 0.999767005 0.010686291 -26.656726837 -0.079141602 -0.009170132 0.996821225 275.620452881
0.996581614 -0.019427575 0.080297276 22.651931763 0.018551808 0.999760151 0.011638318 -26.853279114 -0.080504127 -0.010108871 0.996703029 277.861968994
0.996512175 -0.019096315 0.081234485 22.936622620 0.018061200 0.999746323 0.013458188 -27.074859619 -0.081470869 -0.011944055 0.996604145 280.122985840
0.996425331 -0.018873684 0.082342722 23.218626022 0.017732359 0.999736607 0.014570070 -27.282157898 -0.082596026 -0.013057857 0.996497571 282.360961914
0.996349871 -0.017535185 0.083543405 23.495269775 0.016387232 0.999761939 0.014406818 -27.476810455 -0.083776131 -0.012985187 0.996399939 284.621734619
0.996220171 -0.016441712 0.085293740 23.760984421 0.015320774 0.999787748 0.013780098 -27.672012329 -0.085502200 -0.012421248 0.996260583 286.854248047
0.996211648 -0.016115200 0.085456833 24.048032761 0.015086722 0.999805927 0.012667351 -27.865428925 -0.085644394 -0.011330100 0.996261358 289.089813232
0.996155262 -0.016827112 0.085973777 24.322698593 0.015780648 0.999793112 0.012837116 -28.071674347 -0.086171992 -0.011431037 0.996214747 291.316589355
0.996126592 -0.016936371 0.086284347 24.593463898 0.015987927 0.999804080 0.011671333 -28.267293930 -0.086465105 -0.010246619 0.996202171 293.582305908
0.996150970 -0.017459646 0.085897833 24.878463745 0.016583597 0.999803066 0.010901828 -28.469133377 -0.086071260 -0.009435372 0.996244311 295.810852051
0.996157825 -0.017606212 0.085787825 25.160350800 0.016754754 0.999803066 0.010635127 -28.672060013 -0.085958175 -0.009156912 0.996256649 298.044311523
0.996155381 -0.016956894 0.085945718 25.440942764 0.016088702 0.999812484 0.010784253 -28.874250412 -0.086112462 -0.009360040 0.996241450 300.280120850
0.996077597 -0.016959241 0.086843155 25.696550369 0.016009543 0.999804318 0.011620624 -29.082612991 -0.087023214 -0.010184725 0.996154249 302.530334473
0.996090174 -0.017310083 0.086629942 25.985973358 0.016352002 0.999797165 0.011756944 -29.287174225 -0.086815894 -0.010294403 0.996171117 304.783233643
0.996061862 -0.016564317 0.087100931 26.270792007 0.015588396 0.999808013 0.011872811 -29.490205765 -0.087280877 -0.010468290 0.996128738 307.031951904
0.996070147 -0.017273782 0.086866952 26.557924271 0.016300360 0.999796212 0.011902784 -29.703273773 -0.087054856 -0.010440045 0.996148765 309.285888672
0.996029913 -0.018508069 0.087074019 26.843612671 0.017490173 0.999769688 0.012438467 -29.908828735 -0.087284178 -0.010866145 0.996124208 311.554748535
0.995984197 -0.018231299 0.087653250 27.126211166 0.017268008 0.999782026 0.011735550 -30.114244461 -0.087848097 -0.010174826 0.996081889 313.794067383
0.996008098 -0.017752066 0.087479368 27.419853210 0.016731091 0.999783278 0.012390563 -30.321842194 -0.087680362 -0.010877478 0.996089220 316.044830322
0.995968580 -0.016265193 0.088215381 27.705131531 0.015300416 0.999815643 0.011601859 -30.528305054 -0.088387817 -0.010205355 0.996033847 318.291900635
0.995952606 -0.014609694 0.088684157 27.986783981 0.013583940 0.999833822 0.012158920 -30.732387543 -0.088847056 -0.010905031 0.995985508 320.540954590
0.995898366 -0.013411278 0.089478955 28.267055511 0.012402465 0.999853134 0.011820815 -30.937568665 -0.089624345 -0.010662570 0.995918572 322.776306152
0.995839834 -0.012663424 0.090236612 28.544822693 0.011604604 0.999857664 0.012248863 -31.137100220 -0.090378881 -0.011150745 0.995844960 325.013305664
0.995848477 -0.012317425 0.090189278 28.839380264 0.011131748 0.999844968 0.013637773 -31.349205017 -0.090343274 -0.012577188 0.995831192 327.236572266
0.995815098 -0.012993278 0.090461761 29.122253418 0.011815387 0.999838412 0.013544265 -31.556518555 -0.090623140 -0.012418742 0.995807827 329.485870361
0.995827198 -0.014719872 0.090064131 29.423442841 0.013631944 0.999826670 0.012682762 -31.756999969 -0.090235196 -0.011402089 0.995855331 331.720550537
0.995823920 -0.014530360 0.090130195 29.709762573 0.013451454 0.999830544 0.012566443 -31.962305069 -0.090297513 -0.011301585 0.995850623 333.935729980
0.995799601 -0.014823022 0.090351142 29.996227264 0.013636271 0.999812663 0.013738047 -32.162002563 -0.090537839 -0.012448291 0.995815158 336.162902832
0.995866418 -0.015530730 0.089492507 30.303443909 0.014369702 0.999804199 0.013603205 -32.360492706 -0.089686260 -0.012260995 0.995894551 338.397033691
0.995865643 -0.015504754 0.089504972 30.587675095 0.014316891 0.999800920 0.013898303 -32.566200256 -0.089702643 -0.012559411 0.995889366 340.639556885
0.995905161 -0.015584724 0.089051917 30.884937286 0.014410053 0.999800682 0.013818606 -32.773010254 -0.089249536 -0.012478774 0.995931149 342.884979248
0.995914161 -0.015956566 0.088883214 31.171907425 0.014753975 0.999790728 0.014170637 -32.970844269 -0.089090720 -0.012801358 0.995941222 345.137695312
0.995959878 -0.015702737 0.088415191 31.462854385 0.014515054 0.999795914 0.014059981 -33.166465759 -0.088617899 -0.012719830 0.995984435 347.378967285
0.996015072 -0.015837513 0.087766655 31.751190186 0.014643017 0.999791384 0.014237103 -33.368114471 -0.087973833 -0.012895202 0.996039331 349.617126465
0.996022999 -0.015453094 0.087745994 32.033824921 0.014221446 0.999791622 0.014644395 -33.570949554 -0.087954000 -0.013338281 0.996035218 351.858886719
0.996069610 -0.015726330 0.087166481 32.318618774 0.014486307 0.999784946 0.014840306 -33.765708923 -0.087381117 -0.013519259 0.996083200 354.085723877
0.996084571 -0.015506469 0.087034248 32.597663879 0.014300257 0.999793112 0.014465489 -33.966217041 -0.087240539 -0.013164240 0.996100247 356.319702148
0.996127248 -0.015459501 0.086552486 32.883583069 0.014221505 0.999787927 0.014901834 -34.164474487 -0.086764485 -0.013613219 0.996135831 358.552825928
0.996181905 -0.014933457 0.086016297 33.171253204 0.013629317 0.999783397 0.015728951 -34.365859985 -0.086232558 -0.014496551 0.996169567 360.800018311
0.996241331 -0.014983927 0.085315071 33.462432861 0.013679804 0.999780774 0.015850134 -34.567111969 -0.085533880 -0.014623465 0.996227920 363.047637939
0.996282458 -0.014869658 0.084852882 33.749019623 0.013535122 0.999775827 0.016281359 -34.763389587 -0.085075960 -0.015072338 0.996260405 365.289276123
0.996325016 -0.014886557 0.084348664 34.032329559 0.013616330 0.999785364 0.015614619 -34.961341858 -0.084563002 -0.014408715 0.996313930 367.551544189
0.996339738 -0.015419570 0.084079385 34.310535431 0.014159624 0.999778569 0.015560974 -35.162143707 -0.084300712 -0.014313484 0.996337652 369.803436279
0.996333122 -0.015607385 0.084123328 34.586410522 0.014423364 0.999788404 0.014664260 -35.354179382 -0.084334403 -0.013397148 0.996347427 372.057586670
0.996409059 -0.015084890 0.083315454 34.872089386 0.013899634 0.999794185 0.014787888 -35.559432983 -0.083521374 -0.013576732 0.996413410 374.317382812
0.996493936 -0.015044118 0.082301021 35.159015656 0.013850490 0.999790788 0.015054960 -35.752304077 -0.082510285 -0.013862266 0.996493876 376.564819336
0.996402085 -0.014824714 0.083445147 35.423778534 0.013573806 0.999787092 0.015538207 -35.946853638 -0.083657734 -0.014349635 0.996391237 378.835510254
0.996394932 -0.015434474 0.083421484 35.699996948 0.014164167 0.999774873 0.015798081 -36.146514893 -0.083646536 -0.014559530 0.996389031 381.074768066
0.996430039 -0.015585379 0.082971834 35.986785889 0.014312896 0.999770999 0.015909137 -36.341449738 -0.083200783 -0.014664775 0.996424913 383.336822510
0.996437609 -0.014700514 0.083041884 36.267047882 0.013410296 0.999780893 0.016073478 -36.540756226 -0.083259962 -0.014902599 0.996416450 385.585083008
0.996438622 -0.013864817 0.083172940 36.545001984 0.012565159 0.999790967 0.016129157 -36.731998444 -0.083379164 -0.015026633 0.996404529 387.849090576
0.996460557 -0.012702979 0.083097614 36.828502655 0.011403957 0.999805510 0.016088506 -36.936672211 -0.083285838 -0.015083919 0.996411502 390.118164062
0.996443152 -0.011532166 0.083473943 37.098491669 0.010222599 0.999818146 0.016098794 -37.135620117 -0.083644412 -0.015188214 0.996379912 392.387145996
0.996482432 -0.010541579 0.083136432 37.381980896 0.009128541 0.999807656 0.017358487 -37.330154419 -0.083303444 -0.016538516 0.996386945 394.642517090
0.996420264 -0.009190258 0.084036775 37.650054932 0.007706975 0.999809027 0.017957816 -37.528591156 -0.084185749 -0.017245859 0.996300817 396.898742676
0.996365845 -0.008970880 0.084703229 37.927253723 0.007595038 0.999834180 0.016551400 -37.733131409 -0.084837675 -0.015847921 0.996268749 399.159820557
0.996287584 -0.008422371 0.085673884 38.201175690 0.007070866 0.999845982 0.016066220 -37.930870056 -0.085795999 -0.015400789 0.996193707 401.425537109
0.996242762 -0.009992713 0.086026251 38.479164124 0.008555072 0.999817789 0.017064137 -38.126018524 -0.086181082 -0.016264061 0.996146679 403.680755615
0.996192157 -0.011534656 0.086418450 38.763538361 0.009980748 0.999781072 0.018391773 -38.324348450 -0.086611666 -0.017459219 0.996089160 405.934387207
0.996199608 -0.012338663 0.086222321 39.053169250 0.010805122 0.999775410 0.018230006 -38.518547058 -0.086427890 -0.017229080 0.996109128 408.201080322
0.996165097 -0.012061384 0.086657211 39.344070435 0.010656356 0.999804437 0.016658003 -38.705741882 -0.086841196 -0.015670670 0.996098936 410.468444824
0.996119201 -0.010177995 0.087423310 39.642505646 0.008687751 0.999810696 0.017409902 -38.913764954 -0.087583952 -0.016582830 0.996019125 412.754180908
0.996058881 -0.008957274 0.088242620 39.924362183 0.007466327 0.999823987 0.017211592 -39.109706879 -0.088381261 -0.016484912 0.995950282 414.999481201
0.995967448 -0.007644233 0.089388475 40.213127136 0.006123974 0.999832213 0.017269228 -39.302101135 -0.089505471 -0.016652178 0.995847106 417.269836426
0.995914996 -0.007627243 0.089972734 40.508300781 0.006117459 0.999836028 0.017044283 -39.498180389 -0.090087987 -0.016424255 0.995798290 419.524566650
0.995813906 -0.007682890 0.091080502 40.793079376 0.006150237 0.999835074 0.017096180 -39.691307068 -0.091196805 -0.016464448 0.995696783 421.779479980
0.995723069 -0.007657587 0.092071630 41.076438904 0.006127954 0.999838769 0.016884731 -39.888648987 -0.092186093 -0.016248304 0.995609224 424.038238525
0.995662689 -0.007996175 0.092693448 41.372753143 0.006347130 0.999816537 0.018071469 -40.084434509 -0.092820950 -0.017404750 0.995530605 426.309356689
0.995610595 -0.007098764 0.093322106 41.665042877 0.005382124 0.999812007 0.018633600 -40.275085449 -0.093436815 -0.018049542 0.995461583 428.563354492
0.995544851 -0.006319373 0.094076879 41.966819763 0.004516689 0.999802351 0.019362433 -40.466945648 -0.094180621 -0.018851256 0.995376706 430.839141846
0.995524824 -0.006729662 0.094260626 42.260120392 0.004912029 0.999797761 0.019501831 -40.666042328 -0.094372816 -0.018951546 0.995356500 433.113311768
0.995490789 -0.007618130 0.094552048 42.565845490 0.005839000 0.999800920 0.019078838 -40.868385315 -0.094678558 -0.018440718 0.995337069 435.381378174
0.995492637 -0.006655211 0.094604485 42.877593994 0.004883861 0.999808550 0.018942969 -41.044242859 -0.094712429 -0.018395549 0.995334804 437.653076172
0.995437205 -0.007352146 0.095134437 43.181072235 0.005519156 0.999794424 0.019516168 -41.241996765 -0.095258370 -0.018902062 0.995273054 439.936859131
0.995485365 -0.007400909 0.094626352 43.493415833 0.005572273 0.999792874 0.019574463 -41.430171967 -0.094751619 -0.018958807 0.995320439 442.210906982
0.995424926 -0.006188584 0.095346130 43.792514801 0.004256478 0.999781728 0.020454202 -41.627143860 -0.095451899 -0.019954788 0.995234013 444.475921631
0.995396614 -0.006709469 0.095606297 44.103645325 0.004761921 0.999776781 0.020584116 -41.816482544 -0.095723070 -0.020034090 0.995206356 446.753936768
0.995386302 -0.006453755 0.095730744 44.407318115 0.004546918 0.999787271 0.020123521 -42.008750916 -0.095840245 -0.019595401 0.995203793 449.018096924
0.995402694 -0.005899248 0.095596671 44.716197968 0.004022131 0.999795556 0.019816604 -42.201385498 -0.095694028 -0.019341001 0.995222867 451.277130127
0.995350361 -0.005163445 0.096181311 45.018276215 0.003293594 0.999802649 0.019589515 -42.398365021 -0.096263453 -0.019181645 0.995171070 453.541687012
0.995257139 -0.004500550 0.097175241 45.316619873 0.002607483 0.999804616 0.019599156 -42.581363678 -0.097244456 -0.019252818 0.995074272 455.825256348
0.995223403 -0.005044492 0.097492687 45.618274689 0.003157813 0.999804854 0.019496636 -42.781890869 -0.097572021 -0.019095644 0.995045245 458.093231201
0.995236397 -0.004281222 0.097397089 45.935535431 0.002446303 0.999817550 0.018951200 -42.978122711 -0.097460411 -0.018622657 0.995065272 460.382080078
0.995208919 -0.003199046 0.097718894 46.242485046 0.001290926 0.999807417 0.019583603 -43.171539307 -0.097762726 -0.019363632 0.995021343 462.665466309
0.995235980 -0.002775332 0.097455733 46.553607941 0.000768534 0.999787033 0.020623393 -43.358909607 -0.097492211 -0.020450246 0.995026171 464.940338135
0.995286286 -0.002991222 0.096933998 46.858409882 0.000978583 0.999783099 0.020803872 -43.543483734 -0.096975215 -0.020610951 0.995073378 467.210327148
0.995390117 -0.002945188 0.095863879 47.173709869 0.001074369 0.999808073 0.019561129 -43.732288361 -0.095903099 -0.019367959 0.995202243 469.491577148
0.995464623 -0.002751065 0.095092155 47.492740631 0.000916600 0.999812722 0.019329738 -43.929203033 -0.095127523 -0.019154916 0.995280743 471.788604736
0.995556355 -0.003202570 0.094113290 47.801803589 0.001273436 0.999787986 0.020550912 -44.129959106 -0.094159156 -0.020339740 0.995349348 474.071807861
0.995487392 -0.003490775 0.094830595 48.088195801 0.001537325 0.999785304 0.020664617 -44.320449829 -0.094882376 -0.020425580 0.995278895 476.356719971
0.995639026 -0.003044401 0.093240015 48.401771545 0.001168613 0.999795973 0.020165844 -44.498176575 -0.093282372 -0.019968936 0.995439529 478.651153564
0.995661139 -0.002978669 0.093005680 48.703399658 0.001050325 0.999783576 0.020775691 -44.688995361 -0.093047448 -0.020587862 0.995448768 480.933349609
0.995698571 -0.003522051 0.092584901 49.007244110 0.001560969 0.999773026 0.021245331 -44.879253387 -0.092638724 -0.021009427 0.995478034 483.204284668
0.995716393 -0.003737764 0.092384726 49.302303314 0.001832478 0.999784052 0.020699618 -45.067596436 -0.092442147 -0.020441655 0.995508194 485.483184814
0.995772660 -0.004148452 0.091758281 49.601852417 0.002209505 0.999772310 0.021222524 -45.263847351 -0.091825433 -0.020930065 0.995555162 487.769531250
0.995821655 -0.004237962 0.091220811 49.892883301 0.002301417 0.999769926 0.021323934 -45.442726135 -0.091290183 -0.021024898 0.995602369 490.054473877
0.995825708 -0.003555659 0.091205731 50.187034607 0.001589176 0.999764919 0.021624519 -45.623115540 -0.091261201 -0.021389315 0.995597184 492.354797363
0.995882392 -0.002497421 0.090620138 50.486183167 0.000516044 0.999760449 0.021881476 -45.806468964 -0.090653084 -0.021744614 0.995645046 494.636444092
0.995877266 -0.002052291 0.090688795 50.769412994 0.000117976 0.999772489 0.021329369 -45.992061615 -0.090711951 -0.021230735 0.995650768 496.938568115
0.995902121 -0.001708640 0.090421736 51.074821472 -0.000200237 0.999777377 0.021097532 -46.191276550 -0.090437658 -0.021029182 0.995680094 499.252624512
0.995945096 -0.001772028 0.089945942 51.368232727 -0.000189596 0.999762356 0.021795698 -46.378814697 -0.089963190 -0.021724369 0.995708108 501.547821045
0.995958030 -0.001509413 0.089806765 51.655750275 -0.000470092 0.999757409 0.022016587 -46.568367004 -0.089818209 -0.021969812 0.995715857 503.823822021
0.995957792 -0.000466498 0.089820988 51.943836212 -0.001418266 0.999780118 0.020918595 -46.752853394 -0.089811005 -0.020961430 0.995738208 506.118377686
0.995958924 -0.000032487 0.089809336 52.232479095 -0.001904885 0.999767303 0.021486254 -46.943565369 -0.089789152 -0.021570506 0.995727181 508.411407471
0.995980144 -0.000329286 0.089573942 52.527034760 -0.001523211 0.999786317 0.020612052 -47.136772156 -0.089561582 -0.020665638 0.995766878 510.704498291
0.996009111 -0.000808379 0.089247987 52.828464508 -0.001122185 0.999766529 0.021579171 -47.332599640 -0.089244612 -0.021593204 0.995775640 513.008422852
0.996017635 -0.000434041 0.089156583 53.123458862 -0.001487934 0.999767959 0.021489689 -47.516761780 -0.089145243 -0.021536769 0.995785773 515.321411133
0.996063590 0.000192481 0.088641301 53.422183990 -0.002095719 0.999769270 0.021378668 -47.708129883 -0.088616736 -0.021480281 0.995834172 517.629028320
0.996021271 0.001165271 0.089107938 53.704498291 -0.003064423 0.999770999 0.021179106 -47.899505615 -0.089062855 -0.021367906 0.995796800 519.926330566
0.995991826 0.003179539 0.089387514 53.997283936 -0.005066217 0.999768913 0.020887777 -48.087284088 -0.089300461 -0.021256911 0.995777845 522.280761719
0.995821476 0.005338453 0.091164649 54.274749756 -0.007286072 0.999751985 0.021044327 -48.275753021 -0.091029674 -0.021620627 0.995613396 524.604614258
0.995878875 0.006502220 0.090459689 54.592193604 -0.008549871 0.999715507 0.022267016 -48.464054108 -0.090289176 -0.022948667 0.995651305 526.925781250
0.995816827 0.006054022 0.091171026 54.881141663 -0.008103249 0.999722421 0.022123361 -48.652915955 -0.091011770 -0.022769598 0.995589435 529.234191895
0.995777309 0.004185840 0.091705568 55.173549652 -0.006371257 0.999702334 0.023551034 -48.839836121 -0.091579683 -0.024035867 0.995507658 531.550598145
0.995726287 0.002705145 0.092313938 55.477455139 -0.004862877 0.999719977 0.023156922 -49.023994446 -0.092225455 -0.023506865 0.995460629 533.872985840
0.995712817 0.002918964 0.092452466 55.782211304 -0.005013834 0.999735653 0.022434717 -49.207340240 -0.092362568 -0.022802075 0.995464325 536.188598633
0.995642364 0.002726560 0.093213961 56.083568573 -0.004813164 0.999742687 0.022167629 -49.396183014 -0.093129531 -0.022519685 0.995399296 538.507385254
0.995573282 0.003011318 0.093940362 56.383930206 -0.005077435 0.999750257 0.021762660 -49.591499329 -0.093851358 -0.022143299 0.995340049 540.829040527
0.995467126 0.003850930 0.095029771 56.679725647 -0.005906608 0.999754369 0.021360122 -49.783386230 -0.094924182 -0.021824604 0.995245218 543.152526855
0.995388210 0.004300662 0.095831871 56.992271423 -0.006263603 0.999776483 0.020191789 -49.972515106 -0.095723622 -0.020698924 0.995192766 545.475585938
0.995230198 0.003922077 0.097476639 57.268142700 -0.006024783 0.999755263 0.021286406 -50.175712585 -0.097369291 -0.021772146 0.995010138 547.806518555
0.995179892 0.003903376 0.097988762 57.581047058 -0.006101335 0.999736190 0.022141101 -50.368606567 -0.097876474 -0.022632243 0.994941175 550.133972168
0.995093942 0.003986086 0.098854460 57.881893158 -0.006206577 0.999734998 0.022164859 -50.556438446 -0.098739922 -0.022669662 0.994855046 552.440002441
0.995082200 0.003069536 0.099005148 58.199520111 -0.005194556 0.999761581 0.021213111 -50.745391846 -0.098916404 -0.021623077 0.994860888 554.750488281
0.995156944 0.002889968 0.098255686 58.527477264 -0.005043329 0.999752283 0.021674605 -50.937889099 -0.098168693 -0.022065168 0.994925141 557.068176270
0.995087266 0.003114685 0.098952688 58.838047028 -0.005322185 0.999742568 0.022052504 -51.127487183 -0.098858535 -0.022470813 0.994847775 559.380187988
0.995045543 0.003894482 0.099343471 59.157417297 -0.006228543 0.999711514 0.023195550 -51.317802429 -0.099224471 -0.023699393 0.994782805 561.718139648
0.995075405 0.003370152 0.099063717 59.486518860 -0.005743185 0.999703109 0.023679212 -51.506717682 -0.098954484 -0.024131542 0.994799316 564.045410156
0.995050788 0.003784481 0.099295057 59.809555054 -0.006221098 0.999686778 0.024241023 -51.690685272 -0.099172212 -0.024738774 0.994762719 566.366394043
0.995002806 0.004872631 0.099728286 60.132640839 -0.007278420 0.999690890 0.023773836 -51.882671356 -0.099581599 -0.024380898 0.994730651 568.690002441
0.995019138 0.005867761 0.099510372 60.469299316 -0.008109082 0.999722123 0.022134010 -52.064720154 -0.099352844 -0.022830701 0.994790256 571.026306152
0.994980693 0.006244136 0.099871255 60.799934387 -0.008519163 0.999713361 0.022369355 -52.255668640 -0.099702977 -0.023107896 0.994748890 573.348632812
0.994983315 0.005928498 0.099865355 61.127391815 -0.008307531 0.999691129 0.023423418 -52.451061249 -0.099695653 -0.024135547 0.994725168 575.727111816
0.995002687 0.005893190 0.099674225 61.461360931 -0.008379155 0.999663711 0.024540685 -52.642448425 -0.099496089 -0.025253231 0.994717479 578.040161133
0.994926453 0.006446853 0.100398175 61.783584595 -0.008774157 0.999702454 0.022756444 -52.826919556 -0.100221604 -0.023521900 0.994687080 580.425476074
0.994964123 0.005769935 0.100066490 62.111812592 -0.008058721 0.999714673 0.022483528 -53.010841370 -0.099908225 -0.023176707 0.994726658 582.764892578
0.994923949 0.005125739 0.100498646 62.435165405 -0.007564043 0.999685764 0.023896031 -53.206901550 -0.100344606 -0.024534915 0.994650126 585.098876953
0.994996428 0.005226412 0.099774748 62.764247894 -0.007641876 0.999686539 0.023842350 -53.392692566 -0.099618867 -0.024485519 0.994724393 587.415954590
0.994961739 0.003231403 0.100203112 63.096721649 -0.005536853 0.999726057 0.022738207 -53.584587097 -0.100102209 -0.023178454 0.994707167 589.775329590
0.994997740 0.003020664 0.099851184 63.429824829 -0.005297565 0.999731719 0.022545677 -53.767581940 -0.099756308 -0.022961868 0.994746923 592.125183105
0.995019436 0.001363641 0.099672027 63.751403809 -0.003669575 0.999729693 0.022955548 -53.955833435 -0.099613793 -0.023206964 0.994755507 594.461608887
0.995048523 0.000681688 0.099387728 64.084129333 -0.003009875 0.999724507 0.023277232 -54.147769928 -0.099344507 -0.023461118 0.994776428 596.818420410
