1.000000000 0.000000000 0.000000000 0.000000000 0.000000000 1.000000000 0.000000000 0.000000000 0.000000000 0.000000000 1.000000000 0.000000000
0.999999881 0.000067561 0.000426963 0.089381747 -0.000067476 1.000000000 -0.000198682 -0.226399422 -0.000426976 0.000198654 0.999999881 2.294869900
0.999999285 0.000334964 0.001089830 0.168489322 -0.000335355 0.999999881 0.000358594 -0.465117216 -0.001089709 -0.000358959 0.999999344 4.582278728
0.999998748 -0.000070590 0.001584377 0.266951054 0.000069767 0.999999821 0.000519584 -0.696049273 -0.001584414 -0.000519473 0.999998629 6.864982128
0.999997079 -0.000126557 0.002406001 0.363067836 0.000129325 0.999999344 -0.001150233 -0.930819511 -0.002405854 0.001150541 0.999996424 9.161884308
0.999989331 0.001516823 0.004373584 0.455343038 -0.001517452 0.999998868 0.000140460 -1.165714502 -0.004373366 -0.000147095 0.999990344 11.468782425
0.999974310 0.003214880 0.006404595 0.569646239 -0.003222706 0.999994099 0.001212058 -1.397261858 -0.006400661 -0.001232667 0.999978781 13.751754761
0.999951899 0.003097887 0.009311996 0.666533828 -0.003134951 0.999987185 0.003968272 -1.627910376 -0.009299584 -0.003997273 0.999948859 16.031269073
0.999950767 0.003109156 0.009424286 0.770112276 -0.003160734 0.999980032 0.005462847 -1.863174200 -0.009407113 -0.005492366 0.999940693 18.292896271
0.999933958 0.002212186 0.011277616 0.872793436 -0.002274649 0.999982178 0.005528794 -2.086577892 -0.011265183 -0.005554081 0.999921143 20.581459045
0.999933004 0.000049419 0.011573910 0.993936300 -0.000083802 0.999995589 0.002970247 -2.305732489 -0.011573712 -0.002971019 0.999928594 22.889024734
0.999917984 -0.002092462 0.012631409 1.096926689 0.002078767 0.999997199 0.001097279 -2.527087688 -0.012633672 -0.001070932 0.999919593 25.170082092
0.999918103 -0.002621470 0.012528721 1.231055856 0.002612555 0.999996305 0.000727888 -2.776002645 -0.012530582 -0.000695096 0.999921262 27.467884064
0.999897361 -0.002291975 0.014145626 1.328538179 0.002299056 0.999997258 -0.000484299 -2.998610973 -0.014144478 0.000516771 0.999899864 29.753690720
0.999891520 -0.000069397 0.014724727 1.451553226 0.000035389 0.999997437 0.002309835 -3.228343964 -0.014724849 -0.002309064 0.999888897 32.001354218
0.999896049 0.001965611 0.014278534 1.588174582 -0.002032319 0.999987066 0.004658953 -3.449411392 -0.014269193 -0.004687488 0.999887168 34.281360626
0.999859691 0.003918914 0.016287863 1.699986458 -0.004048855 0.999960124 0.007952443 -3.671338797 -0.016256049 -0.008017275 0.999835730 36.599227905
0.999839664 0.005778569 0.016949369 1.818377972 -0.005904480 0.999955297 0.007388083 -3.889051914 -0.016905911 -0.007486974 0.999829113 38.871303558
0.999821126 0.005046436 0.018228436 1.938970566 -0.005149479 0.999971032 0.005610390 -4.090939999 -0.018199597 -0.005703255 0.999818027 41.174526215
0.999825835 0.002544630 0.018486923 2.062553406 -0.002632597 0.999985337 0.004735574 -4.318380356 -0.018474605 -0.004783416 0.999817908 43.451862335
0.999821961 0.002143991 0.018742733 2.187717676 -0.002219265 0.999989569 0.003996285 -4.548092365 -0.018733967 -0.004037169 0.999816358 45.697326660
0.999818981 0.001758539 0.018944876 2.311368942 -0.001812413 0.999994338 0.002826904 -4.774777412 -0.018939795 -0.002860728 0.999816537 47.970981598
0.999825120 -0.000217332 0.018698834 2.451707602 0.000157680 0.999994874 0.003191555 -5.003516674 -0.018699434 -0.003188048 0.999820054 50.253101349
0.999806523 -0.000933625 0.019648431 2.581851006 0.000866085 0.999993682 0.003445658 -5.227486134 -0.019651523 -0.003427975 0.999801040 52.519683838
0.999799013 -0.002074492 0.019940894 2.716656446 0.002007702 0.999992311 0.003368812 -5.457585335 -0.019947728 -0.003328099 0.999795496 54.803276062
0.999765337 -0.002569268 0.021509925 2.839687824 0.002493825 0.999990642 0.003533448 -5.682789803 -0.021518802 -0.003478976 0.999762416 57.101955414
0.999753118 -0.003932436 0.021867335 2.981091976 0.003840591 0.999983549 0.004240496 -5.909760475 -0.021883653 -0.004155467 0.999751866 59.371109009
0.999707341 -0.005254773 0.023613300 3.105546951 0.005171636 0.999980211 0.003580467 -6.133430004 -0.023631645 -0.003457300 0.999714673 61.640224457
0.999688864 -0.006356136 0.024118954 3.256206512 0.006275830 0.999974489 0.003403754 -6.358529091 -0.024139980 -0.003251329 0.999703228 63.895168304
0.999655545 -0.005728974 0.025612336 3.394351006 0.005629267 0.999976277 0.003963351 -6.581137180 -0.025634434 -0.003817807 0.999664068 66.161094666
0.999630928 -0.004885795 0.026724257 3.541219234 0.004768624 0.999978721 0.004446420 -6.810053349 -0.026745412 -0.004317340 0.999632955 68.412712097
0.999587774 -0.005095927 0.028253544 3.678413153 0.004978883 0.999978721 0.004211484 -7.035109997 -0.028274402 -0.004069077 0.999591947 70.661323547
0.999576688 -0.005924985 0.028482618 3.841678858 0.005845532 0.999978781 0.002871980 -7.260063171 -0.028499028 -0.002704269 0.999590158 72.904609680
0.999560297 -0.006633698 0.028899651 3.995016098 0.006538418 0.999972880 0.003390151 -7.487664700 -0.028921356 -0.003199702 0.999576569 75.167381287
0.999514282 -0.007843141 0.030159250 4.157426834 0.007757657 0.999965549 0.002950393 -7.720562935 -0.030181350 -0.002714995 0.999540687 77.432769775
0.999505043 -0.008238184 0.030364709 4.311536312 0.008167882 0.999963641 0.002438506 -7.942732334 -0.030383691 -0.002189284 0.999535918 79.689834595
0.999473810 -0.008699883 0.031245353 4.461536407 0.008644153 0.999960840 0.001918176 -8.160890579 -0.031260818 -0.001647078 0.999509871 81.946372986
0.999461234 -0.008035925 0.031826273 4.636053085 0.007970941 0.999965906 0.002168213 -8.398882866 -0.031842627 -0.001913360 0.999490976 84.211044312
0.999422193 -0.007758861 0.033091757 4.796180725 0.007674941 0.999966979 0.002662246 -8.618026733 -0.033111326 -0.002406731 0.999448776 86.466728210
0.999409497 -0.007562979 0.033516072 4.963129520 0.007437879 0.999964893 0.003855624 -8.854844093 -0.033544060 -0.003604059 0.999430716 88.731773376
0.999379694 -0.006668698 0.034580167 5.122962952 0.006511949 0.999967992 0.004643594 -9.085561752 -0.034610029 -0.004415529 0.999391139 90.986175537
0.999347210 -0.006483514 0.035542965 5.288792133 0.006327344 0.999969840 0.004504563 -9.307875633 -0.035571102 -0.004276730 0.999357998 93.236816406
0.999330521 -0.006451178 0.036015127 5.458434582 0.006314111 0.999972403 0.003918275 -9.526982307 -0.036039412 -0.003688248 0.999343574 95.492683411
0.999297976 -0.006990528 0.036805723 5.628603935 0.006841632 0.999967873 0.004169848 -9.747946739 -0.036833696 -0.003915110 0.999313712 97.749488831
0.999262333 -0.006534833 0.037843667 5.789583206 0.006391735 0.999971986 0.003901056 -9.982701302 -0.037868094 -0.003656291 0.999276042 99.980537415
0.999189317 -0.006488351 0.039731510 5.942870140 0.006299593 0.999968290 0.004874207 -10.198985100 -0.039761875 -0.004619963 0.999198496 102.204711914
0.999191701 -0.006586164 0.039654873 6.147284508 0.006398783 0.999967754 0.004850370 -10.422863960 -0.039685540 -0.004592708 0.999201655 104.461250305
0.999150515 -0.007291195 0.040560260 6.322201729 0.007062865 0.999958396 0.005769888 -10.642276764 -0.040600650 -0.005478513 0.999160409 106.688903809
0.999115944 -0.008619132 0.041145459 6.504920006 0.008375710 0.999946356 0.006084862 -10.861207962 -0.041195702 -0.005734860 0.999134660 108.931518555
0.999070525 -0.009648856 0.042011671 6.684638023 0.009363371 0.999931753 0.006986846 -11.083954811 -0.042076219 -0.006586982 0.999092698 111.184387207
0.999053180 -0.010214572 0.042287916 6.879163742 0.009988506 0.999934673 0.005553695 -11.304787636 -0.042341884 -0.005126045 0.999089956 113.445434570
0.999002218 -0.010588744 0.043385185 7.060272217 0.010386548 0.999934077 0.004883253 -11.525341988 -0.043434039 -0.004427758 0.999046445 115.694061279
0.998976409 -0.010802743 0.043925546 7.243772507 0.010576586 0.999929607 0.005377795 -11.751457214 -0.043980554 -0.004907709 0.999020278 117.922142029
0.998927236 -0.011456372 0.044868063 7.432145119 0.011182833 0.999917328 0.006342829 -11.974848747 -0.044937018 -0.005834273 0.998972893 120.157272339
0.998903751 -0.012285830 0.045171376 7.636702538 0.011987850 0.999904573 0.006861669 -12.196755409 -0.045251366 -0.006312640 0.998955727 122.365455627
0.998837292 -0.013413445 0.046305209 7.828745365 0.013128814 0.999892950 0.006445535 -12.418016434 -0.046386726 -0.005830107 0.998906553 124.658836365
0.998789668 -0.013832458 0.047200460 8.012303352 0.013579723 0.999891698 0.005670937 -12.640542030 -0.047273792 -0.005023105 0.998869359 126.918159485
0.998776555 -0.015422845 0.046984598 8.208167076 0.015160012 0.999867380 0.005945216 -12.856354713 -0.047070056 -0.005225654 0.998877883 129.181274414
0.998800993 -0.016475711 0.046097476 8.402258873 0.016201125 0.999848783 0.006323892 -13.074348450 -0.046194699 -0.005569479 0.998916924 131.431518555
0.998860419 -0.016959423 0.044610497 8.603058815 0.016641114 0.999833405 0.007496958 -13.292272568 -0.044730201 -0.006746046 0.998976409 133.664703369
0.998913705 -0.018192530 0.042900071 8.800769806 0.017913897 0.999815881 0.006870486 -13.507231712 -0.043017164 -0.006094515 0.999055743 135.897766113
0.999000311 -0.018926628 0.040499076 9.015966415 0.018683661 0.999805152 0.006369463 -13.719694138 -0.040611751 -0.005606424 0.999159217 138.112274170
0.998989642 -0.020035714 0.040228296 9.194816589 0.019809334 0.999785662 0.006018274 -13.934997559 -0.040340263 -0.005215298 0.999172330 140.389175415
0.998980761 -0.020273684 0.040330179 9.366863251 0.020035241 0.999779403 0.006307728 -14.146821022 -0.040449161 -0.005493273 0.999166489 142.620117188
0.999026895 -0.020449473 0.039078597 9.565439224 0.020173049 0.999768734 0.007454869 -14.374171257 -0.039222002 -0.006659281 0.999208331 144.845611572
0.999036849 -0.019478807 0.039318465 9.740157127 0.019242655 0.999794543 0.006375703 -14.590543747 -0.039434578 -0.005612969 0.999206364 147.091400146
0.999060452 -0.018428527 0.039224487 9.916723251 0.018251684 0.999821544 0.004861915 -14.806019783 -0.039307091 -0.004141435 0.999218524 149.313140869
0.999070764 -0.017201025 0.039518259 10.097133636 0.017057363 0.999846637 0.003969769 -15.027718544 -0.039580476 -0.003292003 0.999210894 151.544860840
0.999075353 -0.016450895 0.039719518 10.286186218 0.016304828 0.999859095 0.003998577 -15.245880127 -0.039779704 -0.003347259 0.999202847 153.769851685
0.999061584 -0.015899904 0.040288500 10.472000122 0.015736312 0.999866605 0.004374389 -15.464681625 -0.040352680 -0.003736292 0.999178469 156.035278320
0.999062657 -0.014167473 0.040903103 10.644844055 0.013944683 0.999886394 0.005726990 -15.680008888 -0.040979590 -0.005151241 0.999146700 158.220336914
0.999004185 -0.013397744 0.042558625 10.824431419 0.013123384 0.999891460 0.006719506 -15.898557663 -0.042644028 -0.006154302 0.999071360 160.458770752
0.999001443 -0.012300616 0.042951409 11.013613701 0.011943811 0.999892056 0.008553965 -16.120389938 -0.043051995 -0.008032420 0.999040544 162.720947266
0.998961389 -0.011959859 0.043966994 11.199042320 0.011643203 0.999904573 0.007451140 -16.321903229 -0.044051901 -0.006931485 0.999005198 164.968048096
0.998926342 -0.011182754 0.044956289 11.393522263 0.010904062 0.999919832 0.006439611 -16.539737701 -0.045024689 -0.005942491 0.998968184 167.199447632
0.998854876 -0.009213588 0.046947233 11.577592850 0.008909771 0.999938011 0.006676618 -16.755722046 -0.047005847 -0.006250685 0.998875082 169.431411743
0.998729646 -0.008396061 0.049684945 11.767024040 0.008058152 0.999943078 0.006997448 -16.972108841 -0.049740870 -0.006588188 0.998740375 171.664718628
0.998611689 -0.008706885 0.051950116 11.971873283 0.008358338 0.999941051 0.006922761 -17.189039230 -0.052007332 -0.006478933 0.998625636 173.918472290
0.998523176 -0.008586455 0.053644270 12.177091599 0.008214429 0.999940634 0.007151694 -17.404176712 -0.053702492 -0.006700475 0.998534441 176.156723022
0.998487532 -0.008954425 0.054244328 12.385782242 0.008515161 0.999929070 0.008323609 -17.619180679 -0.054315023 -0.007849121 0.998492956 178.374313354
0.998468101 -0.011031231 0.054219279 12.591664314 0.010616213 0.999912083 0.007936510 -17.842336655 -0.054302052 -0.007348749 0.998497486 180.604766846
0.998411357 -0.011999127 0.055052381 12.788458824 0.011603712 0.999904573 0.007496537 -18.054029465 -0.055137079 -0.006845817 0.998455346 182.852615356
0.998499572 -0.013064836 0.053178523 13.019422531 0.012674785 0.999890268 0.007665372 -18.285047531 -0.053272840 -0.006979845 0.998555541 185.076934814
0.998511195 -0.015056463 0.052428160 13.232652664 0.014639953 0.999858201 0.008319404 -18.498722076 -0.052545987 -0.007539472 0.998590052 187.319030762
0.998536408 -0.015882095 0.051698022 13.444851875 0.015502907 0.999849975 0.007727475 -18.709032059 -0.051812988 -0.006914695 0.998632848 189.563003540
0.998493969 -0.017493330 0.051998045 13.648161888 0.017119175 0.999824345 0.007632216 -18.935270309 -0.052122422 -0.006730558 0.998618007 191.790298462
0.998472393 -0.019146731 0.051828180 13.849571228 0.018809734 0.999798834 0.006982146 -19.148693085 -0.051951434 -0.005996607 0.998631597 194.025512695
0.998491287 -0.018741533 0.051613096 14.060714722 0.018397789 0.999805331 0.007127026 -19.362648010 -0.051736623 -0.006166706 0.998641729 196.259307861
0.998477280 -0.016922345 0.052507643 14.268909454 0.016563715 0.999836385 0.007257813 -19.579641342 -0.052621897 -0.006377039 0.998594165 198.503799438
0.998520374 -0.013756437 0.052608665 14.469741821 0.013392176 0.999883890 0.007270266 -19.807760239 -0.052702576 -0.006554965 0.998588681 200.746932983
0.998491883 -0.013193762 0.053292871 14.680255890 0.012876114 0.999897182 0.006299435 -20.021757126 -0.053370513 -0.005603730 0.998558998 203.008438110
0.998447597 -0.013437005 0.054054946 14.880531311 0.013083561 0.999890685 0.006887180 -20.233268738 -0.054141585 -0.006169258 0.998514235 205.232727051
0.998438060 -0.015025960 0.053810023 15.111310959 0.014679772 0.999868989 0.006823047 -20.455471039 -0.053905491 -0.006022471 0.998528004 207.492736816
0.998367071 -0.014573473 0.055233441 15.316040993 0.014185795 0.999871969 0.007404498 -20.665855408 -0.055334274 -0.006608876 0.998445988 209.736694336
0.998302519 -0.014644712 0.056370828 15.540620804 0.014186040 0.999863029 0.008528313 -20.897991180 -0.056488000 -0.007714157 0.998373449 211.986877441
0.998230398 -0.013333548 0.057950538 15.775106430 0.012860846 0.999880970 0.008522354 -21.109489441 -0.058057267 -0.007761981 0.998282969 214.220794678
0.998042345 -0.011601245 0.061456878 15.977096558 0.011076895 0.999899328 0.008865896 -21.322240829 -0.061553545 -0.008167787 0.998070359 216.473876953
0.997905672 -0.011549477 0.063646905 16.205135345 0.010989853 0.999897838 0.009135743 -21.533010483 -0.063745894 -0.008417140 0.997930586 218.715911865
0.997771859 -0.012919015 0.065454312 16.438146591 0.012313473 0.999877632 0.009646364 -21.740348816 -0.065570913 -0.008818902 0.997808933 220.940460205
0.997666001 -0.014467806 0.066731714 16.672969818 0.013806438 0.999850929 0.010361437 -21.947792053 -0.066871651 -0.009415927 0.997717261 223.166656494
0.997601748 -0.016333528 0.067259967 16.921646118 0.015726283 0.999830723 0.009547892 -22.159780502 -0.067404531 -0.008467241 0.997689724 225.391494751
0.997566164 -0.017457725 0.067505054 17.161958694 0.016855691 0.999813020 0.009477704 -22.369527817 -0.067657903 -0.008316794 0.997673929 227.632507324
0.997525692 -0.017859308 0.067996852 17.402385712 0.017246021 0.999805212 0.009595819 -22.574922562 -0.068154968 -0.008399401 0.997639418 229.867370605
0.997441471 -0.019038606 0.068906210 17.640895844 0.018469093 0.999789953 0.008892749 -22.788652420 -0.069061041 -0.007597363 0.997583568 232.106628418
0.997428715 -0.019933438 0.068837665 17.904581070 0.019286418 0.999763608 0.010051163 -23.000932693 -0.069021732 -0.008697689 0.997577190 234.390350342
0.997393906 -0.019549703 0.069449231 18.152709961 0.018885976 0.999769628 0.010200847 -23.209335327 -0.069632664 -0.008862649 0.997533262 236.633102417
0.997326374 -0.018947173 0.070576303 18.383525848 0.018279439 0.999781966 0.010095106 -23.412948608 -0.070752196 -0.008778023 0.997455299 238.847885132
0.997290969 -0.019013846 0.071057998 18.631734848 0.018330878 0.999779403 0.010251234 -23.620004654 -0.071237221 -0.008920908 0.997419536 241.065963745
0.997246742 -0.019511405 0.071543381 18.882703781 0.018819157 0.999769449 0.010337356 -23.824535370 -0.071728595 -0.008962507 0.997383893 243.306045532
0.997207940 -0.019907486 0.071971819 19.133972168 0.019262845 0.999767959 0.009639875 -24.037843704 -0.072147027 -0.008226577 0.997359991 245.530517578
0.997237384 -0.019219076 0.071751222 19.398828506 0.018626969 0.999786794 0.008912365 -24.247879028 -0.071907200 -0.007551235 0.997382700 247.768386841
0.997212529 -0.019467065 0.072028354 19.658000946 0.018837623 0.999778271 0.009407913 -24.462696075 -0.072195522 -0.008024845 0.997358203 250.008041382
0.997202218 -0.021144997 0.071697913 19.922336578 0.020517798 0.999744594 0.009473111 -24.675594330 -0.071879908 -0.007975524 0.997381389 252.233261108
0.997201383 -0.020830292 0.071800932 20.187599182 0.020166395 0.999747038 0.009959013 -24.883640289 -0.071990207 -0.008483177 0.997369289 254.494293213
0.997190714 -0.021562023 0.071734205 20.434713364 0.020888062 0.999730468 0.010132290 -25.092071533 -0.071933337 -0.008605438 0.997372389 256.711242676
0.997147024 -0.021613624 0.072323337 20.694942474 0.020900097 0.999725282 0.010608147 -25.306343079 -0.072532766 -0.009066317 0.997324824 258.966857910
0.997115850 -0.021325208 0.072837256 20.951852798 0.020661553 0.999737918 0.009852911 -25.509105682 -0.073028274 -0.008319565 0.997295082 261.203033447
0.997099400 -0.021176565 0.073105164 21.215274811 0.020550748 0.999745488 0.009302200 -25.714466095 -0.073283561 -0.007772852 0.997280836 263.451080322
0.997073889 -0.020434346 0.073662072 21.475957870 0.019837160 0.999764264 0.008829691 -25.926965714 -0.073825121 -0.007342608 0.997244179 265.680786133
0.997029841 -0.019837344 0.074418075 21.736999512 0.019238058 0.999776542 0.008761231 -26.133798599 -0.074575253 -0.007303548 0.997188687 267.914459229
0.996901155 -0.019832926 0.076123022 21.991567612 0.019248161 0.999779522 0.008407900 -26.347244263 -0.076272979 -0.006916616 0.997062981 270.168212891
0.996809006 -0.020411320 0.077170163 22.263448715 0.019835301 0.999769509 0.008223476 -26.556112289 -0.077320226 -0.006666540 0.996984005 272.405670166
0.996639013 -0.021346267 0.079090156 22.517038345 0.020684861 0.999743938 0.009172667 -26.767364502 -0.079265729 -0.007505868 0.996825278 274.651428223
0.996552944 -0.021252878 0.080190830 22.799377441 0.020458318 0.999733210 0.010717100 -26.974718094 -0.080397204 -0.009039586 0.996721923 276.891571045
0.996540070 -0.020142421 0.080636412 23.094884872 0.019251091 0.999744833 0.011816001 -27.185220718 -0.080853842 -0.010222779 0.996673584 279.147857666
0.996407330 -0.019467289 0.082422338 23.370473862 0.018542545 0.999756396 0.011970336 -27.385017395 -0.082635291 -0.010399011 0.996525586 281.399017334
0.996348202 -0.018801445 0.083287098 23.644159317 0.017806198 0.999761045 0.012676415 -27.592535019 -0.083505534 -0.011147098 0.996445000 283.637603760
0.996306062 -0.018012622 0.083962090 23.934700012 0.017062908 0.999782324 0.012015149 -27.799385071 -0.084160224 -0.010538129 0.996396422 285.900299072
0.996181607 -0.017351281 0.085563064 24.199216843 0.016469989 0.999803901 0.010995141 -28.000749588 -0.085737064 -0.009543937 0.996272027 288.125549316
0.996126711 -0.017345913 0.086200513 24.463830948 0.016441930 0.999802351 0.011185910 -28.216852188 -0.086377509 -0.009725281 0.996214926 290.358489990
0.996124744 -0.017631702 0.086166039 24.750749588 0.016774803 0.999802470 0.010658751 -28.420177460 -0.086336948 -0.009172029 0.996223688 292.598571777
0.996139109 -0.018253874 0.085869908 25.032966614 0.017446343 0.999796450 0.010145264 -28.629787445 -0.086037599 -0.008607981 0.996254623 294.822540283
0.996118844 -0.017932886 0.086173467 25.312030792 0.017118989 0.999801695 0.010174657 -28.839622498 -0.086338848 -0.008659963 0.996228218 297.059295654
0.996104240 -0.017143309 0.086501800 25.593019485 0.016318168 0.999814391 0.010237117 -29.042467117 -0.086661257 -0.008785684 0.996199131 299.295959473
0.996056914 -0.017004294 0.087070934 25.857130051 0.016074352 0.999806166 0.011370378 -29.258293152 -0.087247401 -0.009925934 0.996137142 301.524078369
0.996062219 -0.017706461 0.086870775 26.145425797 0.016766440 0.999792814 0.011538674 -29.462411880 -0.087057084 -0.010036723 0.996152759 303.768981934
0.996025324 -0.017170789 0.087399609 26.429088593 0.016186120 0.999797404 0.011962618 -29.669033051 -0.087587312 -0.010500409 0.996101499 306.010314941
0.996029139 -0.017914727 0.087205820 26.714536667 0.016925881 0.999783933 0.012065524 -29.881950378 -0.087403104 -0.010541580 0.996117234 308.252502441
0.995982766 -0.018863725 0.087536782 27.000049591 0.017845232 0.999763846 0.012403121 -30.085563660 -0.087750070 -0.010791178 0.996084094 310.507354736
0.995937288 -0.018472850 0.088134363 27.283859253 0.017484067 0.999775410 0.011977891 -30.293113708 -0.088335827 -0.010388280 0.996036530 312.744354248
0.995949268 -0.018249001 0.088045731 27.574291229 0.017207123 0.999772847 0.012577948 -30.498708725 -0.088255256 -0.011011982 0.996037126 314.984802246
0.995898247 -0.016809329 0.088904642 27.859233856 0.015817568 0.999804676 0.011848154 -30.705459595 -0.089086436 -0.010393301 0.995969594 317.220733643
0.995890498 -0.015084941 0.089300320 28.141189575 0.014029608 0.999824405 0.012433758 -30.910314560 -0.089472175 -0.011129814 0.995927155 319.453521729
0.995833039 -0.014044706 0.090107493 28.422275543 0.013033690 0.999845386 0.011798764 -31.114465714 -0.090259269 -0.010575165 0.995862246 321.679779053
0.995791912 -0.013203073 0.090686135 28.703849792 0.012138822 0.999850869 0.012277107 -31.315814972 -0.090834707 -0.011124623 0.995803833 323.921295166
0.995784819 -0.012424503 0.090874605 28.998659134 0.011219669 0.999842405 0.013757066 -31.530208588 -0.091031209 -0.012679497 0.995767295 326.144683838
0.995736003 -0.012800830 0.091356449 29.278945923 0.011629007 0.999843240 0.013347759 -31.734199524 -0.091513000 -0.012228459 0.995728731 328.382354736
0.995710731 -0.014102934 0.091440089 29.573938370 0.013018523 0.999837816 0.012444901 -31.934020996 -0.091600761 -0.011201105 0.995732725 330.611267090
0.995707273 -0.013490521 0.091570050 29.858226776 0.012375293 0.999842286 0.012735904 -32.142787933 -0.091727436 -0.011548026 0.995717168 332.817840576
0.995663285 -0.013831095 0.091996163 30.148216248 0.012642094 0.999828935 0.013494669 -32.339691162 -0.092167079 -0.012273123 0.995667934 335.060882568
0.995711625 -0.014107138 0.091429293 30.453138351 0.012913883 0.999823630 0.013629641 -32.540950775 -0.091605455 -0.012390487 0.995718300 337.297576904
0.995676041 -0.013845185 0.091855116 30.733661652 0.012586581 0.999818981 0.014267230 -32.749382019 -0.092036024 -0.013049399 0.995670080 339.531494141
0.995712399 -0.013715393 0.091480657 31.034902573 0.012499475 0.999826074 0.013851260 -32.953166962 -0.091654696 -0.012648411 0.995710492 341.777069092
0.995688021 -0.013748947 0.091741845 31.321985245 0.012476497 0.999818027 0.014429064 -33.153678894 -0.091923550 -0.013222229 0.995678246 344.030029297
0.995714366 -0.012739787 0.091600426 31.614923477 0.011458854 0.999829233 0.014496308 -33.353782654 -0.091769472 -0.013384545 0.995690286 346.270324707
0.995736003 -0.012295632 0.091425255 31.904716492 0.011027134 0.999835968 0.014366934 -33.552452087 -0.091586910 -0.013297518 0.995708287 348.506774902
0.995724797 -0.011666524 0.091629557 32.193157196 0.010325621 0.999832690 0.015094448 -33.759353638 -0.091790326 -0.014083783 0.995678902 350.747039795
0.995761216 -0.011819069 0.091213591 32.483203888 0.010483417 0.999830902 0.015108374 -33.950340271 -0.091376752 -0.014088101 0.995716751 352.978088379
0.995758951 -0.011420103 0.091288619 32.768409729 0.010101174 0.999837995 0.014896913 -34.153144836 -0.091443948 -0.013911610 0.995713055 355.213317871
0.995792449 -0.011537773 0.090907522 33.062610626 0.010195886 0.999832332 0.015211628 -34.350490570 -0.091067776 -0.014220743 0.995743096 357.442749023
0.995847881 -0.010848550 0.090385467 33.359905243 0.009434989 0.999826670 0.016051892 -34.550483704 -0.090543941 -0.015132460 0.995777488 359.679626465
0.995906234 -0.011122610 0.089705661 33.660430908 0.009707293 0.999821663 0.016198244 -34.751411438 -0.089869834 -0.015261132 0.995836616 361.929321289
0.995965958 -0.011112441 0.089041106 33.958305359 0.009683663 0.999817610 0.016462233 -34.946823120 -0.089207798 -0.015533580 0.995891929 364.170379639
0.996037662 -0.011019566 0.088247173 34.251991272 0.009660413 0.999828219 0.015813990 -35.144241333 -0.088406295 -0.014898824 0.995973051 366.424102783
0.996069849 -0.011952720 0.087761067 34.536052704 0.010618118 0.999821007 0.015658349 -35.343521118 -0.087932512 -0.014664953 0.996018410 368.670318604
0.996042550 -0.011564557 0.088122599 34.812702179 0.010295594 0.999836922 0.014840928 -35.534706116 -0.088279858 -0.013874920 0.995999038 370.932769775
0.996095955 -0.012677602 0.087362379 35.101943970 0.011405738 0.999821901 0.015042317 -35.748210907 -0.087537512 -0.013987160 0.996062994 373.183227539
0.996163964 -0.012618426 0.086591996 35.394870758 0.011284185 0.999810219 0.015880588 -35.944332123 -0.086775936 -0.014842547 0.996117294 375.436126709
0.996124446 -0.012995207 0.086989976 35.669113159 0.011633645 0.999802053 0.016140670 -36.139469147 -0.087182514 -0.015066105 0.996078432 377.692230225
0.996141970 -0.013632391 0.086690553 35.956161499 0.012255820 0.999790549 0.016391603 -36.338512421 -0.086895838 -0.015265901 0.996100426 379.921966553
0.996111035 -0.013649934 0.087043233 36.239631653 0.012267043 0.999790192 0.016402584 -36.531478882 -0.087248869 -0.015271030 0.996069491 382.161376953
0.996132791 -0.012734465 0.086932249 36.535190582 0.011326469 0.999796867 0.016670568 -36.729293823 -0.087126873 -0.015621464 0.996074736 384.418273926
0.996158779 -0.011545355 0.086800851 36.821483612 0.010142767 0.999811053 0.016582405 -36.918457031 -0.086975887 -0.015638309 0.996087670 386.657562256
0.996161401 -0.010242878 0.086933754 37.116207123 0.008836490 0.999824166 0.016547142 -37.121055603 -0.087087937 -0.015715437 0.996076643 388.916381836
0.996129394 -0.008745437 0.087462634 37.396640778 0.007341483 0.999839127 0.016360873 -37.315990448 -0.087591656 -0.015655439 0.996033430 391.178436279
0.996185601 -0.007628848 0.086925402 37.690696716 0.006100885 0.999822438 0.017829986 -37.511501312 -0.087045990 -0.017231654 0.996055245 393.446960449
0.996111155 -0.006369771 0.087874889 37.966438293 0.004809752 0.999827266 0.017953061 -37.704216003 -0.087974072 -0.017460587 0.995969713 395.716247559
0.996056914 -0.006070739 0.088508539 38.250473022 0.004618710 0.999851525 0.016601091 -37.907951355 -0.088596180 -0.016126832 0.995937049 397.979125977
0.996017933 -0.005945656 0.088954195 38.536033630 0.004527103 0.999859452 0.016140262 -38.106761932 -0.089037649 -0.015673283 0.995904922 400.243713379
0.995878637 -0.007046090 0.090421617 38.804527283 0.005495180 0.999833763 0.017389478 -38.301086426 -0.090529114 -0.016820928 0.995751739 402.482269287
0.995888174 -0.008488328 0.090192623 39.109573364 0.006874165 0.999810815 0.018192455 -38.495140076 -0.090329990 -0.017497649 0.995758176 404.767456055
0.995862126 -0.008802020 0.090450197 39.398136139 0.007220261 0.999815464 0.017799977 -38.684825897 -0.090590186 -0.017073248 0.995741904 407.022644043
0.995814145 -0.007783626 0.091068938 39.711746216 0.006228346 0.999830067 0.017349819 -38.879737854 -0.091188490 -0.016709983 0.995693445 409.287780762
0.995769501 -0.007020808 0.091617152 40.008640289 0.005420300 0.999828517 0.017706670 -39.080097198 -0.091725752 -0.017135173 0.995636880 411.538208008
0.995692730 -0.006090275 0.092513606 40.290958405 0.004496624 0.999838054 0.017424820 -39.275238037 -0.092604727 -0.016933769 0.995558918 413.778869629
0.995592833 -0.005193199 0.093637362 40.589519501 0.003579300 0.999842227 0.017395355 -39.467544556 -0.093712933 -0.016983533 0.995454371 416.050964355
0.995558381 -0.005589835 0.093980022 40.897148132 0.003969060 0.999840319 0.017424027 -39.666458130 -0.094062395 -0.016973626 0.995421588 418.309844971
0.995446622 -0.005561761 0.095157966 41.189914703 0.003921807 0.999840677 0.017412366 -39.858917236 -0.095239662 -0.016959894 0.995309889 420.564514160
0.995374501 -0.005630950 0.095905907 41.484428406 0.004000782 0.999844372 0.017181389 -40.056659698 -0.095987715 -0.016718216 0.995242238 422.816314697
0.995311201 -0.006161729 0.096527740 41.789409637 0.004403042 0.999820590 0.018421907 -40.253963470 -0.096623942 -0.017910516 0.995159745 425.085937500
0.995248258 -0.005298317 0.097226791 42.091526031 0.003476428 0.999815464 0.018898403 -40.444686890 -0.097308986 -0.018470600 0.995082796 427.336547852
0.995169878 -0.004661102 0.098056428 42.402420044 0.002701684 0.999794245 0.020105846 -40.640666962 -0.098129973 -0.019743819 0.994977713 429.617218018
0.995179892 -0.005550667 0.097909071 42.711788177 0.003606264 0.999792993 0.020025076 -40.835380554 -0.097999953 -0.019575471 0.994993865 431.877624512
0.995145679 -0.006423116 0.098202959 43.024375916 0.004521094 0.999798119 0.019578550 -41.036125183 -0.098308884 -0.019039528 0.994973779 434.139587402
0.995124996 -0.005689476 0.098458849 43.339965820 0.003771430 0.999799669 0.019655868 -41.214122772 -0.098550960 -0.019188710 0.994946957 436.407470703
0.995089650 -0.006264090 0.098779157 43.656009674 0.004292074 0.999787450 0.020163769 -41.410133362 -0.098884471 -0.019640796 0.994905055 438.692413330
0.995121777 -0.006178254 0.098460719 43.975391388 0.004197583 0.999784887 0.020310815 -41.597393036 -0.098565020 -0.019798441 0.994933605 440.963714600
0.995155632 -0.005833888 0.098138824 44.314666748 0.003747004 0.999763191 0.021435499 -41.806457520 -0.098240636 -0.020963928 0.994941831 443.237457275
0.995106757 -0.006517024 0.098590307 44.629722595 0.004406022 0.999756694 0.021614447 -41.994304657 -0.098707184 -0.021074293 0.994893312 445.515594482
0.995119154 -0.006604026 0.098458983 44.942668915 0.004513649 0.999759972 0.021438600 -42.187545776 -0.098576926 -0.020889550 0.994910181 447.781738281
0.995097876 -0.005877658 0.098720297 45.257450104 0.003800956 0.999767900 0.021211134 -42.381488800 -0.098822035 -0.020731926 0.994889140 450.042419434
0.995073736 -0.005813851 0.098966889 45.568592072 0.003748894 0.999771595 0.021038327 -42.575279236 -0.099066600 -0.020563668 0.994868279 452.302337646
0.994989634 -0.005311365 0.099836893 45.874828339 0.003220369 0.999772310 0.021093627 -42.755832672 -0.099926196 -0.020666433 0.994780183 454.578521729
0.994980872 -0.005368882 0.099921316 46.182235718 0.003309307 0.999778867 0.020766325 -42.949935913 -0.100010708 -0.020331426 0.994778633 456.840484619
0.994993925 -0.004486647 0.099834122 46.506267548 0.002483668 0.999793410 0.020178301 -43.140625000 -0.099904038 -0.019829335 0.994799435 459.125701904
0.994933724 -0.003846198 0.100459188 46.811260223 0.001746285 0.999778330 0.020982727 -43.333816528 -0.100517623 -0.020700989 0.994719923 461.403106689
0.994973421 -0.003432417 0.100080632 47.129493713 0.001240724 0.999758244 0.021953292 -43.519802094 -0.100131787 -0.021718768 0.994737089 463.682006836
0.994983971 -0.003116190 0.099986069 47.434646606 0.000890128 0.999750853 0.022300616 -43.701416016 -0.100030661 -0.022099748 0.994738877 465.950195312
0.995072603 -0.003419150 0.099091172 47.751396179 0.001318099 0.999773026 0.021260925 -43.887504578 -0.099141397 -0.021025546 0.994851172 468.230987549
0.995155573 -0.003439566 0.098252751 48.076641083 0.001419321 0.999786317 0.020624222 -44.077404022 -0.098302700 -0.020384856 0.994947672 470.525634766
0.995233536 -0.003880988 0.097443141 48.389499664 0.001749986 0.999757648 0.021945124 -44.275245667 -0.097504698 -0.021670004 0.994999111 472.803894043
0.995246291 -0.003710426 0.097319677 48.696220398 0.001601625 0.999762416 0.021737982 -44.464790344 -0.097377211 -0.021478776 0.995015800 475.083007812
0.995285153 -0.003789368 0.096917875 49.001144409 0.001667040 0.999757230 0.021969821 -44.643680573 -0.096977599 -0.021704670 0.995050013 477.384674072
0.995341420 -0.003695902 0.096342325 49.315143585 0.001559732 0.999751449 0.022238599 -44.826614380 -0.096400574 -0.021984726 0.995099783 479.668670654
0.995396197 -0.004402769 0.095743850 49.629669189 0.002212023 0.999733567 0.022975439 -45.015441895 -0.095819496 -0.022657877 0.995140731 481.943206787
0.995422304 -0.004871530 0.095449902 49.930873871 0.002740829 0.999744415 0.022441121 -45.200889587 -0.095534809 -0.022076776 0.995181262 484.214752197
0.995513022 -0.005310980 0.094474606 50.243087769 0.003173607 0.999735951 0.022759670 -45.391246796 -0.094570525 -0.022357723 0.995267093 486.499481201
0.995513737 -0.004654019 0.094501659 50.523567200 0.002511379 0.999737382 0.022779323 -45.568660736 -0.094582848 -0.022439800 0.995264053 488.767456055
0.995520413 -0.004201833 0.094453678 50.829341888 0.002032463 0.999732137 0.023052035 -45.747844696 -0.094525255 -0.022756796 0.995262325 491.070434570
0.995587826 -0.003614958 0.093764700 51.138996124 0.001426861 0.999725282 0.023392592 -45.929344177 -0.093823515 -0.023155587 0.995319486 493.354888916
0.995593071 -0.003289758 0.093721226 51.432708740 0.001155035 0.999738872 0.022822520 -46.110610962 -0.093771830 -0.022613691 0.995336831 495.658325195
0.995615482 -0.002856954 0.093496874 51.745460510 0.000756075 0.999746621 0.022497764 -46.304180145 -0.093537457 -0.022328429 0.995365381 497.967498779
0.995644212 -0.002974445 0.093186878 52.044296265 0.000798996 0.999726474 0.023373647 -46.490348816 -0.093230903 -0.023197379 0.995374203 500.262573242
0.995653272 -0.002483972 0.093103483 52.339466095 0.000287280 0.999721467 0.023600077 -46.676795959 -0.093136162 -0.023470748 0.995376706 502.537750244
0.995683849 -0.001599855 0.092795946 52.641548157 -0.000527544 0.999737680 0.022896497 -46.861305237 -0.092808224 -0.022846630 0.995421827 504.824127197
0.995672226 -0.001442003 0.092923008 52.935420990 -0.000761990 0.999719322 0.023678644 -47.049118042 -0.092931084 -0.023646977 0.995391667 507.108886719
0.995681286 -0.002024686 0.092816785 53.235019684 -0.000121685 0.999732852 0.023113329 -47.241844177 -0.092838779 -0.023024799 0.995414913 509.398529053
0.995714247 -0.002682243 0.092443757 53.543731689 0.000466692 0.999712288 0.023979774 -47.432361603 -0.092481464 -0.023833860 0.995429039 511.698486328
0.995722234 -0.002431550 0.092364475 53.845706940 0.000204443 0.999709070 0.024113977 -47.613594055 -0.092396244 -0.023991939 0.995433211 514.009216309
0.995767176 -0.001993960 0.091890104 54.150493622 -0.000186369 0.999718785 0.023712879 -47.796539307 -0.091911547 -0.023629632 0.995486796 516.313049316
0.995749831 -0.001005814 0.092094131 54.439208984 -0.001162594 0.999723375 0.023488881 -47.982849121 -0.092092291 -0.023496117 0.995473325 518.603637695
0.995662093 0.001204041 0.093034975 54.729705811 -0.003415575 0.999715269 0.023615425 -48.166259766 -0.092980050 -0.023830753 0.995382726 520.918090820
0.995587230 0.003121493 0.093788125 55.032615662 -0.005371909 0.999703407 0.023751806 -48.351711273 -0.093686163 -0.024150813 0.995308816 523.249511719
0.995518982 0.004050059 0.094474979 55.337593079 -0.006434581 0.999668002 0.024948755 -48.528316498 -0.094342567 -0.025444867 0.995214581 525.561218262
0.995455205 0.003437375 0.095168777 55.637851715 -0.005824153 0.999675274 0.024813022 -48.708621979 -0.095052578 -0.025254536 0.995151818 527.868591309
0.995401621 0.001958412 0.095768861 55.938274384 -0.004473618 0.999650478 0.026055655 -48.887657166 -0.095684372 -0.026364271 0.995062530 530.177734375
0.995361328 0.000342558 0.096206367 56.253829956 -0.002844063 0.999661386 0.025865531 -49.067249298 -0.096164934 -0.026019165 0.995025277 532.490722656
0.995340705 0.000090902 0.096419871 56.563674927 -0.002531556 0.999679446 0.025190745 -49.247428894 -0.096386656 -0.025317470 0.995021939 534.792053223
0.995248497 0.000050618 0.097367354 56.869659424 -0.002498541 0.999683976 0.025019351 -49.431682587 -0.097335294 -0.025143752 0.994933963 537.104003906
0.995152712 0.000595279 0.098339640 57.175476074 -0.003019049 0.999695241 0.024499968 -49.617637634 -0.098295100 -0.024678100 0.994851291 539.415222168
0.995041490 0.001194933 0.099453770 57.478713989 -0.003636777 0.999696374 0.024374885 -49.807327271 -0.099394448 -0.024615716 0.994743586 541.730407715
0.994944096 0.001557581 0.100418195 57.790542603 -0.003915365 0.999721110 0.023286853 -49.989082336 -0.100353912 -0.023562284 0.994672775 544.046386719
0.994789720 0.001622132 0.101936005 58.095706940 -0.004095544 0.999702215 0.024059761 -50.172431946 -0.101866618 -0.024351886 0.994499922 546.363952637
0.994651854 0.001559733 0.103272796 58.393737793 -0.004140960 0.999684215 0.024784582 -50.356319427 -0.103201516 -0.025079679 0.994344234 548.652099609
0.994594216 0.001271975 0.103830501 58.713188171 -0.003921742 0.999671698 0.025319966 -50.543914795 -0.103764184 -0.025590284 0.994272768 550.952758789
0.994645953 0.000350574 0.103340968 59.048763275 -0.002884390 0.999698758 0.024370566 -50.725189209 -0.103301309 -0.024538159 0.994347334 553.263000488
0.994646013 0.000237066 0.103340335 59.379302979 -0.002826930 0.999685526 0.024915772 -50.910335541 -0.103301927 -0.025074508 0.994333863 555.575927734
0.994587719 0.000459496 0.103899159 59.702571869 -0.003110617 0.999673665 0.025355699 -51.093185425 -0.103853606 -0.025541661 0.994264603 557.882263184
0.994576931 0.000840740 0.103999369 60.036045074 -0.003594549 0.999647796 0.026294501 -51.275020599 -0.103940643 -0.026525741 0.994229674 560.214660645
0.994581699 0.000297592 0.103957094 60.373016357 -0.003136242 0.999626637 0.027143585 -51.458202362 -0.103910215 -0.027322546 0.994211257 562.546081543
0.994547486 0.000834280 0.104282290 60.703193665 -0.003756111 0.999605775 0.027825225 -51.633949280 -0.104217976 -0.028065205 0.994158447 564.865234375
0.994489014 0.001902587 0.104823321 61.038658142 -0.004780175 0.999618351 0.027207401 -51.815689087 -0.104731552 -0.027558535 0.994118631 567.185241699
0.994498730 0.002799315 0.104711182 61.383079529 -0.005518203 0.999654830 0.025684908 -51.990169525 -0.104603127 -0.026121426 0.994170964 569.515014648
0.994482696 0.003095094 0.104855038 61.727745056 -0.005848259 0.999645889 0.025959602 -52.174163818 -0.104737550 -0.026429592 0.994148672 571.837341309
0.994486213 0.003114957 0.104821071 62.069023132 -0.005979467 0.999616802 0.027024463 -52.362941742 -0.104696751 -0.027502228 0.994123816 574.218688965
0.994478881 0.003066521 0.104891948 62.410629272 -0.006073023 0.999579489 0.028355489 -52.548191071 -0.104760893 -0.028835950 0.994079232 576.524597168
0.994376540 0.003312936 0.105849832 62.731784821 -0.006155806 0.999628723 0.026542163 -52.727840424 -0.105722591 -0.027044497 0.994027853 578.920837402
0.994425118 0.002660666 0.105411388 63.074558258 -0.005469137 0.999637425 0.026362857 -52.902660370 -0.105303034 -0.026792401 0.994079232 581.258728027
0.994399846 0.001860635 0.105666965 63.411579132 -0.004845861 0.999596119 0.028001558 -53.092166901 -0.105572186 -0.028356792 0.994007230 583.575073242
0.994464278 0.002029412 0.105056293 63.751628876 -0.005011587 0.999591708 0.028130256 -53.269363403 -0.104956321 -0.028501032 0.994068325 585.894409180
0.994443774 -0.000787971 0.105265819 64.098167419 -0.002051816 0.999636829 0.026866281 -53.452995300 -0.105248772 -0.026932996 0.994081080 588.250000000
0.994478166 -0.000930724 0.104938909 64.443305969 -0.001889278 0.999639809 0.026770204 -53.627662659 -0.104926005 -0.026820645 0.994118273 590.594543457
0.994516850 -0.002851736 0.104537718 64.780174255 -0.000010135 0.999625444 0.027365703 -53.809600830 -0.104576610 -0.027216710 0.994144320 592.922363281
0.994564712 -0.003624013 0.104057066 65.127586365 0.000749449 0.999617338 0.027650701 -53.990734100 -0.104117453 -0.027422426 0.994186878 595.279724121
