1.000000000 0.000000000 0.000000000 0.000000000 0.000000000 1.000000000 0.000000000 0.000000000 0.000000000 0.000000000 1.000000000 0.000000000
0.999999881 0.000133725 0.000413276 0.086498506 -0.000133656 1.000000000 -0.000166212 -0.225767598 -0.000413298 0.000166156 0.999999881 2.289218903
0.999999166 0.000520546 0.001176148 0.164734513 -0.000520971 0.999999821 0.000361356 -0.462988049 -0.001175960 -0.000361969 0.999999225 4.588098049
0.999998391 0.000194984 0.001775802 0.261319906 -0.000196056 0.999999762 0.000603206 -0.695183158 -0.001775684 -0.000603554 0.999998212 6.879004002
0.999996543 0.000166680 0.002625292 0.354281157 -0.000163880 0.999999404 -0.001066455 -0.927604556 -0.002625469 0.001066021 0.999996006 9.175551414
0.999987364 0.001919209 0.004651008 0.445996255 -0.001920343 0.999998152 0.000239290 -1.162565827 -0.004650542 -0.000248219 0.999989152 11.480513573
0.999963522 0.004103691 0.007489071 0.530492008 -0.004115498 0.999990284 0.001561819 -1.392884135 -0.007482589 -0.001592583 0.999970734 13.792546272
0.999942541 0.004007983 0.009946251 0.637135684 -0.004051430 0.999982297 0.004351780 -1.623138666 -0.009928633 -0.004391826 0.999941051 16.066055298
0.999942601 0.003494615 0.010121577 0.769012272 -0.003542997 0.999982357 0.004766142 -1.847286224 -0.010104741 -0.004801730 0.999937356 18.412221909
0.999933004 0.002737073 0.011245279 0.891583920 -0.002793540 0.999983609 0.005008806 -2.072889566 -0.011231387 -0.005039886 0.999924183 20.701566696
0.999928355 0.000245600 0.011967599 1.004375219 -0.000280511 0.999995708 0.002915608 -2.306921721 -0.011966832 -0.002918756 0.999924123 23.025629044
0.999914944 -0.002085432 0.012873220 1.111567974 0.002073663 0.999997377 0.000927514 -2.528038740 -0.012875122 -0.000900740 0.999916673 25.307468414
0.999915898 -0.002649243 0.012697891 1.247557640 0.002647595 0.999996483 0.000146607 -2.773492336 -0.012698235 -0.000112975 0.999919355 27.621286392
0.999905527 -0.002425910 0.013532419 1.357566833 0.002436853 0.999996722 -0.000792265 -3.000600576 -0.013530452 0.000825166 0.999908149 29.910234451
0.999899268 -0.000148460 0.014191619 1.472801924 0.000120966 0.999998093 0.001938229 -3.232064486 -0.014191879 -0.001936317 0.999897361 32.194183350
0.999898195 0.001878605 0.014140477 1.602626204 -0.001938584 0.999989212 0.004229176 -3.453022242 -0.014132380 -0.004256158 0.999891102 34.474494934
0.999866366 0.004072143 0.015832713 1.712611198 -0.004203270 0.999957085 0.008257568 -3.685345888 -0.015798409 -0.008323014 0.999840498 36.772071838
0.999843478 0.005939058 0.016663121 1.827521801 -0.006065779 0.999952972 0.007564661 -3.901363373 -0.016617410 -0.007664551 0.999832511 39.045078278
0.999820590 0.005106903 0.018239766 1.937957287 -0.005213014 0.999969721 0.005774801 -4.103273392 -0.018209724 -0.005868850 0.999816954 41.352336884
0.999822795 0.002730212 0.018628020 2.059834003 -0.002824043 0.999983490 0.005012625 -4.330559731 -0.018614026 -0.005064343 0.999813914 43.629653931
0.999820173 0.002665812 0.018776221 2.190940857 -0.002737409 0.999989033 0.003788474 -4.554039955 -0.018765921 -0.003839190 0.999816537 45.871032715
0.999819875 0.001879654 0.018886948 2.317464828 -0.001940029 0.999993086 0.003178821 -4.787568092 -0.018880842 -0.003214890 0.999816597 48.148052216
0.999818444 0.000384609 0.019052245 2.451664925 -0.000452660 0.999993563 0.003567600 -5.016370773 -0.019050745 -0.003575576 0.999812126 50.426231384
0.999799967 -0.000387320 0.019996766 2.581655979 0.000309587 0.999992371 0.003890242 -5.240071297 -0.019998120 -0.003883273 0.999792457 52.694190979
0.999796331 -0.001570050 0.020119933 2.720105648 0.001493875 0.999991655 0.003800500 -5.468495846 -0.020125728 -0.003769670 0.999790370 54.979160309
0.999757648 -0.001781702 0.021941934 2.837251663 0.001691498 0.999990046 0.004128919 -5.696648121 -0.021949071 -0.004090802 0.999750733 57.275032043
0.999736547 -0.002814378 0.022780785 2.973863125 0.002707977 0.999985278 0.004700177 -5.920916080 -0.022793679 -0.004637247 0.999729455 59.542285919
0.999698341 -0.004388019 0.024164196 3.104132652 0.004292327 0.999982774 0.004010512 -6.143632889 -0.024181373 -0.003905582 0.999699891 61.810604095
0.999682724 -0.005000163 0.024687855 3.254307985 0.004911332 0.999981225 0.003657495 -6.366291046 -0.024705684 -0.003535084 0.999688506 64.064895630
0.999651492 -0.004401708 0.026029397 3.394198179 0.004291946 0.999981642 0.004271179 -6.589433193 -0.026047720 -0.004157974 0.999652028 66.336296082
0.999632835 -0.003460305 0.026874842 3.544720411 0.003334896 0.999983370 0.004709805 -6.817765713 -0.026890690 -0.004618451 0.999627709 68.599891663
0.999593258 -0.003631820 0.028285541 3.682601452 0.003513397 0.999984860 0.004235289 -7.040940762 -0.028300498 -0.004134189 0.999590933 70.851608276
0.999575019 -0.004368602 0.028820910 3.841518879 0.004285270 0.999986470 0.002952558 -7.266207218 -0.028833419 -0.002827798 0.999580204 73.107673645
0.999565005 -0.005318558 0.029013369 4.004305363 0.005220789 0.999980390 0.003444526 -7.495328903 -0.029031122 -0.003291555 0.999573112 75.391105652
0.999515533 -0.006612587 0.030416995 4.162312508 0.006530801 0.999974847 0.002787388 -7.724615097 -0.030434661 -0.002587390 0.999533415 77.655731201
0.999515593 -0.007516617 0.030203667 4.323995590 0.007440194 0.999968767 0.002641893 -7.959017754 -0.030222587 -0.002415891 0.999540269 79.916290283
0.999485910 -0.007965839 0.031053504 4.473431110 0.007897964 0.999966204 0.002307793 -8.177486420 -0.031070830 -0.002061347 0.999515057 82.171264648
0.999476194 -0.007426391 0.031498443 4.648842812 0.007359058 0.999970317 0.002253043 -8.407582283 -0.031514242 -0.002020064 0.999501288 84.450248718
0.999421418 -0.007182965 0.033241268 4.802852631 0.007102808 0.999971569 0.002528837 -8.625502586 -0.033258483 -0.002291267 0.999444187 86.704963684
0.999420941 -0.007173588 0.033260874 4.973296165 0.007041114 0.999966800 0.004098313 -8.862131119 -0.033289179 -0.003861747 0.999438286 88.984672546
0.999389112 -0.006114485 0.034410387 5.131000519 0.005951555 0.999970555 0.004835365 -9.090850830 -0.034438942 -0.004627616 0.999396086 91.240425110
0.999361694 -0.006062449 0.035204854 5.299167633 0.005902674 0.999971747 0.004640588 -9.311755180 -0.035231989 -0.004429823 0.999369323 93.493446350
0.999350548 -0.006305801 0.035478901 5.470786095 0.006169879 0.999973118 0.003939250 -9.528531075 -0.035502784 -0.003717791 0.999362767 95.749336243
0.999317527 -0.006748510 0.036317781 5.637310982 0.006592013 0.999968410 0.004427108 -9.753127098 -0.036346503 -0.004184679 0.999330461 98.005653381
0.999289036 -0.006738194 0.037094057 5.802761078 0.006595319 0.999970317 0.003972750 -9.983878136 -0.037119709 -0.003725278 0.999303877 100.244194031
0.999247193 -0.007011077 0.038155206 5.970954895 0.006832453 0.999965072 0.004809897 -10.198776245 -0.038187601 -0.004545583 0.999260247 102.488700867
0.999225259 -0.007228361 0.038686253 6.158900738 0.007064276 0.999965370 0.004376444 -10.417097092 -0.038716551 -0.004099763 0.999241829 104.741203308
0.999190867 -0.007678465 0.039479140 6.319381714 0.007469367 0.999957323 0.005441182 -10.647575378 -0.039519232 -0.005141896 0.999205589 106.996192932
0.999162734 -0.008966850 0.039916184 6.505750656 0.008754309 0.999946594 0.005496311 -10.864655495 -0.039963331 -0.005142270 0.999187887 109.248374939
0.999123275 -0.010149906 0.040619187 6.686749458 0.009898555 0.999930620 0.006384339 -11.091088295 -0.040681172 -0.005976669 0.999154329 111.501716614
0.999103487 -0.010834104 0.040924750 6.878406525 0.010640893 0.999931157 0.004936006 -11.311826706 -0.040975414 -0.004496105 0.999149978 113.768905640
0.999057233 -0.011323678 0.041910298 7.060100079 0.011167388 0.999929786 0.003961391 -11.531261444 -0.041952211 -0.003489628 0.999113500 116.022399902
0.999020755 -0.011710736 0.042666148 7.241603374 0.011534718 0.999924064 0.004369351 -11.759781837 -0.042714067 -0.003872931 0.999079764 118.269104004
0.998969376 -0.012140705 0.043733999 7.431334496 0.011925435 0.999915481 0.005179798 -11.986887932 -0.043793187 -0.004652913 0.999029756 120.542457581
0.998965383 -0.012903641 0.043607548 7.636303902 0.012641508 0.999900401 0.006281595 -12.219340324 -0.043684255 -0.005723831 0.999028981 122.751602173
0.998912632 -0.013963886 0.044484340 7.836027145 0.013738195 0.999891102 0.005375190 -12.440120697 -0.044554569 -0.004758210 0.998995602 125.054611206
0.998871863 -0.014472194 0.045228478 8.016650200 0.014276778 0.999887288 0.004640633 -12.665415764 -0.045290530 -0.003989681 0.998965859 127.315750122
0.998853207 -0.016120112 0.045081560 8.205823898 0.015911398 0.999860942 0.004984726 -12.884492874 -0.045155648 -0.004261699 0.998970807 129.576675415
0.998875082 -0.017137583 0.044212203 8.392400742 0.016915264 0.999842346 0.005397681 -13.103264809 -0.044297740 -0.004643749 0.999007583 131.821868896
0.998928666 -0.017466139 0.042852614 8.587198257 0.017203763 0.999830961 0.006483968 -13.320869446 -0.042958625 -0.005739796 0.999060392 134.057281494
0.998983085 -0.018439058 0.041144259 8.776351929 0.018191196 0.999814034 0.006390695 -13.549464226 -0.041254457 -0.005635733 0.999132752 136.308166504
0.999053001 -0.019176742 0.039055716 8.984529495 0.018968415 0.999803782 0.005697797 -13.761443138 -0.039157320 -0.004951576 0.999220729 138.533279419
0.999038458 -0.019787258 0.039123405 9.143581390 0.019557990 0.999789298 0.006234205 -13.991196632 -0.039238516 -0.005463035 0.999214947 140.820556641
0.999033093 -0.020051831 0.039125532 9.313507080 0.019822340 0.999783993 0.006244727 -14.199172974 -0.039242301 -0.005463130 0.999214828 143.053222656
0.999073863 -0.020161340 0.038013067 9.501097679 0.019879375 0.999772131 0.007781087 -14.430160522 -0.038161289 -0.007018206 0.999246955 145.301040649
0.999088466 -0.019287637 0.038082302 9.673660278 0.019046417 0.999796212 0.006686850 -14.644984245 -0.038203515 -0.005955424 0.999252260 147.554946899
0.999112248 -0.018091507 0.038045567 9.849157333 0.017903082 0.999825716 0.005287536 -14.862642288 -0.038134594 -0.004601710 0.999261975 149.793136597
0.999122798 -0.016417762 0.038521748 10.022545815 0.016258972 0.999858022 0.004431824 -15.084870338 -0.038589034 -0.003801613 0.999247909 152.044738770
0.999129415 -0.015650766 0.038670797 10.204925537 0.015491463 0.999870241 0.004415715 -15.303844452 -0.038734879 -0.003812803 0.999242246 154.290679932
0.999117672 -0.014808542 0.039299265 10.379896164 0.014622053 0.999880433 0.005028443 -15.523474693 -0.039369028 -0.004449370 0.999214828 156.555191040
0.999119401 -0.014214302 0.039474595 10.572076797 0.013991276 0.999884486 0.005920387 -15.743385315 -0.039554190 -0.005362874 0.999202967 158.781799316
0.999047935 -0.013430936 0.041506972 10.719535828 0.013133509 0.999886096 0.007430096 -15.972703934 -0.041602049 -0.006877890 0.999110579 161.086776733
0.999021053 -0.012357205 0.042475533 10.901549339 0.011969883 0.999884486 0.009361013 -16.190057755 -0.042586308 -0.008843423 0.999053657 163.320632935
0.998999536 -0.011797785 0.043136768 11.093156815 0.011449273 0.999899864 0.008317380 -16.395475388 -0.043230575 -0.007815176 0.999034584 165.606933594
0.998958051 -0.011090460 0.044268727 11.284020424 0.010787656 0.999916792 0.007073217 -16.609848022 -0.044343486 -0.006588292 0.998994648 167.864700317
0.998884141 -0.009302190 0.046302997 11.468858719 0.008970820 0.999932647 0.007359201 -16.824922562 -0.046368338 -0.006935613 0.998900354 170.102478027
0.998779297 -0.008712306 0.048620183 11.676179886 0.008348704 0.999935627 0.007676497 -17.052577972 -0.048683941 -0.007261211 0.998787820 172.408004761
0.998652637 -0.008885700 0.051126450 11.873099327 0.008525866 0.999937356 0.007251925 -17.264041901 -0.051187687 -0.006806256 0.998665869 174.684936523
0.998569489 -0.008709956 0.052755080 12.081052780 0.008310069 0.999935031 0.007794689 -17.481967926 -0.052819546 -0.007345140 0.998577058 176.943405151
0.998514831 -0.009078234 0.053717677 12.282403946 0.008633366 0.999926567 0.008507863 -17.690990448 -0.053790964 -0.008031461 0.998519897 179.160995483
0.998510242 -0.010446069 0.053555734 12.491598129 0.009993457 0.999912024 0.008712064 -17.915466309 -0.053642031 -0.008163878 0.998526812 181.432571411
0.998475075 -0.011303716 0.054034028 12.692095757 0.010865479 0.999905646 0.008397282 -18.125352859 -0.054123852 -0.007797371 0.998503804 183.676559448
0.998543322 -0.012668812 0.052447513 12.920682907 0.012255049 0.999891222 0.008203196 -18.344871521 -0.052545734 -0.007548500 0.998589993 185.913742065
0.998552084 -0.014506409 0.051800095 13.129863739 0.014052702 0.999859691 0.009112323 -18.562196732 -0.051925026 -0.008371195 0.998615921 188.159759521
0.998563409 -0.015282040 0.051356185 13.339384079 0.014851508 0.999851465 0.008754456 -18.772167206 -0.051482338 -0.007979164 0.998642027 190.400604248
0.998526514 -0.016336745 0.051748466 13.536354065 0.015923873 0.999837935 0.008380711 -18.986848831 -0.051877003 -0.007544328 0.998624921 192.640014648
0.998497009 -0.018245621 0.051680431 13.733520508 0.017867256 0.999810159 0.007773841 -19.200683594 -0.051812455 -0.006838770 0.998633385 194.883087158
0.998522401 -0.017764045 0.051355518 13.938142776 0.017381785 0.999817908 0.007880460 -19.413497925 -0.051486161 -0.006976166 0.998649359 197.116821289
0.998526394 -0.015162793 0.052106861 14.144495964 0.014750894 0.999856889 0.008280369 -19.637659073 -0.052224953 -0.007499544 0.998607159 199.363113403
0.998533309 -0.013401910 0.052455790 14.347406387 0.012989888 0.999882042 0.008187757 -19.855487823 -0.052559342 -0.007494353 0.998589635 201.598129272
0.998514295 -0.012967415 0.052925009 14.559774399 0.012595379 0.999893606 0.007357048 -20.069213867 -0.053014789 -0.006679507 0.998571396 203.853332520
0.998481333 -0.013091083 0.053514216 14.759854317 0.012673445 0.999886572 0.008136171 -20.279062271 -0.053614661 -0.007445605 0.998533964 206.081375122
0.998458982 -0.014860391 0.053466886 14.989171982 0.014426710 0.999859869 0.008488077 -20.506937027 -0.053585529 -0.007703647 0.998533487 208.333572388
0.998405933 -0.014378597 0.054578885 15.196655273 0.013916586 0.999864101 0.008835693 -20.711870193 -0.054698512 -0.008062057 0.998470306 210.580703735
0.998331130 -0.014936729 0.055783961 15.420086861 0.014387856 0.999844193 0.010227975 -20.947952271 -0.055928048 -0.009408293 0.998390496 212.848526001
0.998262286 -0.013467235 0.057367302 15.652581215 0.012873380 0.999859810 0.010708790 -21.159803391 -0.057503480 -0.009951670 0.998295724 215.081268311
0.998078942 -0.012759807 0.060627207 15.856785774 0.012123918 0.999867678 0.010844849 -21.375127792 -0.060757566 -0.010088976 0.998101592 217.345794678
0.997942448 -0.012898003 0.062805526 16.083614349 0.012220427 0.999862969 0.011160672 -21.582359314 -0.062940873 -0.010370199 0.997963369 219.592529297
0.997813463 -0.014355385 0.064517304 16.319034576 0.013616812 0.999836743 0.011872881 -21.789274216 -0.064677216 -0.010968400 0.997845948 221.828704834
0.997708440 -0.015979579 0.065746143 16.553651810 0.015170417 0.999803245 0.012788250 -21.993595123 -0.065937556 -0.011761552 0.997754455 224.063858032
0.997625887 -0.018148743 0.066432260 16.799806595 0.017375488 0.999774635 0.012199135 -22.204507828 -0.066638701 -0.011015882 0.997716367 226.300567627
0.997577310 -0.019374147 0.066816054 17.037757874 0.018624371 0.999756575 0.011826315 -22.405755997 -0.067028932 -0.010553256 0.997695148 228.551620483
0.997534811 -0.019745247 0.067337804 17.280544281 0.018975660 0.999747336 0.012049411 -22.609708786 -0.067558698 -0.010741927 0.997657478 230.796585083
0.997476161 -0.020784451 0.067892000 17.524059296 0.020067414 0.999735594 0.011226448 -22.816190720 -0.068107396 -0.009835698 0.997629523 233.043319702
0.997476101 -0.022085445 0.067481235 17.797111511 0.021296026 0.999696374 0.012395496 -23.029241562 -0.067734517 -0.010927126 0.997643650 235.340560913
0.997441292 -0.021908445 0.068050206 18.041444778 0.021103529 0.999698937 0.012524779 -23.231790543 -0.068304099 -0.011056633 0.997603238 237.585708618
0.997387290 -0.021775590 0.068879426 18.277751923 0.020962497 0.999702036 0.012505565 -23.432828903 -0.069131218 -0.011029007 0.997546613 239.811782837
0.997350037 -0.022100441 0.069313951 18.524812698 0.021270320 0.999693215 0.012691679 -23.634252548 -0.069573179 -0.011183717 0.997514188 242.045867920
0.997308195 -0.022488393 0.069790080 18.771841049 0.021652341 0.999684751 0.012713086 -23.831333160 -0.070053987 -0.011167746 0.997480690 244.285491943
0.997266531 -0.022539230 0.070366800 19.019975662 0.021745022 0.999691129 0.012032466 -24.040626526 -0.070616275 -0.010469448 0.997448623 246.520507812
0.997278094 -0.021990567 0.070376091 19.275703430 0.021245962 0.999710202 0.011311585 -24.248125076 -0.070604466 -0.009785587 0.997456372 248.763580322
0.997271597 -0.022283822 0.070375875 19.536573410 0.021493904 0.999697447 0.011961742 -24.459613800 -0.070621133 -0.010416456 0.997448802 251.004608154
0.997236490 -0.023871455 0.070353344 19.795463562 0.023076003 0.999660611 0.012097792 -24.668233871 -0.070618249 -0.010440883 0.997448683 253.235626221
0.997230768 -0.023920631 0.070416108 20.054025650 0.023074625 0.999651670 0.012803494 -24.871910095 -0.070697866 -0.011143214 0.997435510 255.488677979
0.997196019 -0.024388619 0.070747696 20.293952942 0.023523701 0.999638259 0.013033070 -25.075590134 -0.071039967 -0.011332280 0.997409046 257.710540771
0.997170389 -0.025102573 0.070859700 20.561504364 0.024194002 0.999614060 0.013651467 -25.286247253 -0.071175046 -0.011898459 0.997392833 259.980010986
0.997143090 -0.024939863 0.071299329 20.817171097 0.024065750 0.999624670 0.013092670 -25.485374451 -0.071599089 -0.011339392 0.997369051 262.224426270
0.997113287 -0.024950445 0.071711868 21.077096939 0.024102356 0.999629259 0.012667543 -25.685539246 -0.072001323 -0.010902553 0.997344971 264.484558105
0.997091472 -0.024108028 0.072300829 21.335996628 0.023281893 0.999653876 0.012247515 -25.892513275 -0.072571069 -0.010528591 0.997307658 266.726654053
0.997026980 -0.023355793 0.073427960 21.592243195 0.022519825 0.999672115 0.012192298 -26.089962006 -0.073688641 -0.010502466 0.997225940 268.972045898
0.996898949 -0.023095801 0.075227149 21.837581635 0.022255069 0.999680340 0.011995215 -26.306167603 -0.075480141 -0.010283832 0.997094274 271.233367920
0.996803582 -0.023840537 0.076251723 22.110496521 0.022949232 0.999657869 0.012544066 -26.515190125 -0.076524690 -0.010754050 0.997009695 273.481567383
0.996610045 -0.024387138 0.078572489 22.357950211 0.023419267 0.999638498 0.013216347 -26.715581894 -0.078866392 -0.011331435 0.996820748 275.721557617
0.996547699 -0.024290990 0.079389341 22.644512177 0.023215899 0.999626279 0.014437217 -26.908782959 -0.079710364 -0.012544280 0.996739149 277.960266113
0.996448934 -0.023476936 0.080859885 22.924335480 0.022260970 0.999625742 0.015906876 -27.121511459 -0.081203066 -0.014050370 0.996598661 280.223480225
0.996357560 -0.023210308 0.082054324 23.204820633 0.021856630 0.999610424 0.017357344 -27.325437546 -0.082425222 -0.015500690 0.996476650 282.459625244
0.996294677 -0.022533113 0.083001077 23.483333588 0.021204120 0.999632955 0.016858719 -27.508769989 -0.083350480 -0.015036287 0.996406853 284.703552246
0.996213615 -0.021512678 0.084235184 23.750604630 0.020216154 0.999664187 0.016214626 -27.698486328 -0.084555700 -0.014450320 0.996313930 286.925415039
0.996179640 -0.020765180 0.084821381 24.035463333 0.019584699 0.999699771 0.014725802 -27.880149841 -0.085101686 -0.013008347 0.996287346 289.180877686
0.996134222 -0.021525569 0.085165702 24.311384201 0.020322697 0.999681413 0.014965878 -28.081983566 -0.085460737 -0.013177226 0.996254444 291.406829834
0.996035457 -0.021572182 0.086301826 24.569028854 0.020424817 0.999691188 0.014155929 -28.276708603 -0.086580545 -0.012337108 0.996168435 293.656341553
0.996049047 -0.022162613 0.085994005 24.853641510 0.021085853 0.999687731 0.013409584 -28.473457336 -0.086264327 -0.011543349 0.996205389 295.886230469
0.996047020 -0.022091087 0.086036757 25.134540558 0.021021789 0.999690354 0.013314777 -28.672504425 -0.086304247 -0.011453495 0.996203005 298.115692139
0.996044457 -0.021393897 0.086242475 25.415737152 0.020317510 0.999704540 0.013339519 -28.868495941 -0.086502381 -0.011534521 0.996184826 300.353637695
0.995986760 -0.021418082 0.086900249 25.682073593 0.020256672 0.999693632 0.014224844 -29.072360992 -0.087178275 -0.012407447 0.996115446 302.588867188
0.995994091 -0.022020193 0.086664684 25.972265244 0.020858420 0.999680340 0.014288307 -29.269451141 -0.086951606 -0.012423382 0.996135056 304.834503174
0.995973647 -0.021389978 0.087056749 26.259902954 0.020202242 0.999690652 0.014501595 -29.468877792 -0.087340012 -0.012684465 0.996097744 307.083251953
0.995958030 -0.022230823 0.087025151 26.544666290 0.021033527 0.999671340 0.014651077 -29.677301407 -0.087322265 -0.012761411 0.996098399 309.336669922
0.995916843 -0.023463925 0.087171987 26.831867218 0.022232059 0.999639153 0.015075642 -29.873620987 -0.087494262 -0.013076073 0.996079147 311.594482422
0.995894015 -0.023233164 0.087495886 27.121459961 0.022067942 0.999654710 0.014261400 -30.070278168 -0.087797023 -0.012271986 0.996062815 313.834045410
0.995912611 -0.022838324 0.087386653 27.411657333 0.021598650 0.999652565 0.015105540 -30.273838043 -0.087701283 -0.013156364 0.996059895 316.077392578
0.995871723 -0.020956116 0.088319592 27.699754715 0.019780686 0.999703944 0.014163172 -30.473045349 -0.088590257 -0.012357679 0.995991468 318.331420898
0.995869875 -0.019694928 0.088630334 27.984334946 0.018436482 0.999717534 0.014995205 -30.674018860 -0.088900618 -0.013299241 0.995951712 320.577026367
0.995822012 -0.018640470 0.089394152 28.267257690 0.017389685 0.999740005 0.014750422 -30.875612259 -0.089645855 -0.013134258 0.995887101 322.816375732
0.995786250 -0.017772751 0.089965105 28.549461365 0.016466077 0.999748170 0.015245686 -31.069440842 -0.090213403 -0.013700073 0.995828211 325.056640625
0.995775104 -0.017469153 0.090147883 28.844701767 0.016027370 0.999732137 0.016692793 -31.275739670 -0.090415329 -0.015177431 0.995788515 327.284881592
0.995748222 -0.017687462 0.090402596 29.132371902 0.016255457 0.999730885 0.016552188 -31.478187561 -0.090671010 -0.015012273 0.995767772 329.528656006
0.995748878 -0.019496083 0.090022512 29.434242249 0.018139673 0.999709606 0.015861204 -31.673915863 -0.090305597 -0.014160795 0.995813549 331.760345459
0.995764196 -0.019310258 0.089892864 29.725860596 0.017986601 0.999717891 0.015511751 -31.869092941 -0.090167060 -0.013829177 0.995830655 333.985168457
0.995740950 -0.019428162 0.090124637 30.014886856 0.017975837 0.999695718 0.016898476 -32.064697266 -0.090425521 -0.015206442 0.995787084 336.219665527
0.995780349 -0.020137426 0.089532003 30.319810867 0.018694514 0.999681890 0.016925666 -32.257381439 -0.089844361 -0.015180490 0.995840073 338.457366943
0.995784223 -0.020108990 0.089496844 30.605966568 0.018634081 0.999676943 0.017285202 -32.456619263 -0.089815535 -0.015544635 0.995837212 340.703735352
0.995843947 -0.020440748 0.088751778 30.907211304 0.019000547 0.999674201 0.017041972 -32.652378082 -0.089071222 -0.015284812 0.995907962 342.949035645
0.995858490 -0.020709444 0.088526540 31.196979523 0.019232968 0.999661863 0.017499067 -32.842880249 -0.088859007 -0.015723966 0.995920122 345.192962646
0.995898426 -0.020513140 0.088122025 31.488992691 0.019039648 0.999665082 0.017529251 -33.032337189 -0.088452086 -0.015779544 0.995955408 347.433624268
0.995947957 -0.020600302 0.087539323 31.778785706 0.019137857 0.999663413 0.017512800 -33.224391937 -0.087870620 -0.015766518 0.996007085 349.679840088
0.995955825 -0.020301895 0.087520584 32.061546326 0.018801864 0.999662459 0.017929712 -33.419719696 -0.087855048 -0.016211655 0.996001363 351.923004150
0.995993078 -0.020631827 0.087017283 32.348712921 0.019121503 0.999652267 0.018154640 -33.606750488 -0.087361597 -0.016417995 0.996041298 354.152221680
0.996026099 -0.020112080 0.086760871 32.632171631 0.018642833 0.999669313 0.017711682 -33.800521851 -0.087088391 -0.016023833 0.996071696 356.391357422
0.996076524 -0.020265179 0.086144671 32.922523499 0.018774088 0.999660194 0.018084187 -33.990707397 -0.086481906 -0.016395949 0.996118426 358.625549316
0.996125519 -0.019839473 0.085676007 33.208808899 0.018279741 0.999653280 0.018951381 -34.183841705 -0.086022303 -0.017311819 0.996142805 360.870330811
0.996181548 -0.020115066 0.084957205 33.499526978 0.018560678 0.999646306 0.019046525 -34.377487183 -0.085310273 -0.017396934 0.996202648 363.117675781
0.996232748 -0.020094680 0.084358640 33.787033081 0.018510137 0.999638021 0.019523764 -34.567348480 -0.084720433 -0.017888723 0.996244192 365.358093262
0.996272385 -0.020174138 0.083870322 34.068626404 0.018639278 0.999644816 0.019043388 -34.759422302 -0.084224738 -0.017409123 0.996294618 367.606079102
0.996280730 -0.021040469 0.083558515 34.347053528 0.019521261 0.999629676 0.018957064 -34.952373505 -0.083926447 -0.017255390 0.996322453 369.857940674
0.996271610 -0.020907303 0.083700255 34.621212006 0.019467264 0.999648750 0.017984079 -35.136383057 -0.084046833 -0.016287614 0.996328652 372.125457764
0.996330738 -0.021227233 0.082912259 34.903045654 0.019799929 0.999641955 0.017999198 -35.333362579 -0.083264641 -0.016291495 0.996394277 374.356231689
0.996432304 -0.021185109 0.081692658 35.193466187 0.019723007 0.999631286 0.018663352 -35.522220612 -0.082057923 -0.016985545 0.996482790 376.600402832
0.996341169 -0.020956904 0.082855582 35.455642700 0.019423703 0.999625683 0.019267498 -35.714874268 -0.083228342 -0.017587638 0.996375382 378.853881836
0.996337354 -0.021603625 0.082735367 35.734069824 0.020045755 0.999606669 0.019614208 -35.909599304 -0.083126567 -0.017883878 0.996378481 381.098602295
0.996358097 -0.021630021 0.082478687 36.018348694 0.020073107 0.999605238 0.019659387 -36.093048096 -0.082871370 -0.017932180 0.996399045 383.358978271
0.996368885 -0.020834444 0.082552478 36.299537659 0.019249460 0.999615610 0.019949479 -36.285346985 -0.082936406 -0.018287951 0.996387005 385.613037109
0.996389389 -0.019669889 0.082591049 36.581336975 0.018074092 0.999636114 0.020025143 -36.467967987 -0.082954891 -0.018460086 0.996382296 387.883148193
0.996412635 -0.018616837 0.082554556 36.864944458 0.017016228 0.999654174 0.020049920 -36.663848877 -0.082899272 -0.018573230 0.996384859 390.156524658
0.996404052 -0.017206416 0.082963213 37.137573242 0.015606907 0.999680459 0.019889889 -36.853389740 -0.083278924 -0.018523570 0.996354103 392.437408447
0.996419013 -0.015781008 0.083066076 37.413192749 0.014045857 0.999671638 0.021431919 -37.041778564 -0.083377026 -0.020188436 0.996313572 394.697753906
0.996372223 -0.014866351 0.083793864 37.685680389 0.013087837 0.999678135 0.021734387 -37.228309631 -0.084090002 -0.020558858 0.996246040 396.967773438
0.996333122 -0.014410367 0.084338114 37.966434479 0.012742103 0.999712944 0.020285672 -37.421459198 -0.084606253 -0.019136639 0.996230602 399.235900879
0.996275485 -0.014343683 0.085025467 38.241348267 0.012714171 0.999725580 0.019675616 -37.609298706 -0.085284352 -0.018521311 0.996184468 401.502655029
0.996161520 -0.015246264 0.086196147 38.515533447 0.013502302 0.999692917 0.020779448 -37.793827057 -0.086486489 -0.019535840 0.996061444 403.752563477
0.996138930 -0.017132849 0.086103000 38.795330048 0.015308489 0.999644995 0.021803904 -37.983325958 -0.086446002 -0.020401608 0.996047616 406.024902344
0.996071577 -0.017636623 0.086776830 39.071285248 0.015784245 0.999633670 0.021986531 -38.170852661 -0.087132819 -0.020530455 0.995985150 408.281951904
0.996058404 -0.016640373 0.087125227 39.380889893 0.014858911 0.999667883 0.021055890 -38.351173401 -0.087446675 -0.019678306 0.995974839 410.553466797
0.995998919 -0.016145665 0.087894626 39.665065765 0.014303757 0.999665558 0.021545585 -38.542488098 -0.088213086 -0.020202154 0.995896816 412.813659668
0.995965421 -0.014055454 0.088630155 39.964836121 0.012257341 0.999708533 0.020799598 -38.731758118 -0.088896655 -0.019629309 0.995847404 415.084503174
0.995883167 -0.013103651 0.089694127 40.256240845 0.011280894 0.999720037 0.020798776 -38.916839600 -0.089941554 -0.019701324 0.995752275 417.352203369
0.995827019 -0.013440264 0.090265602 40.551311493 0.011625049 0.999720097 0.020605486 -39.104751587 -0.090517260 -0.019470159 0.995704532 419.605834961
0.995724261 -0.013570202 0.091373302 40.837764740 0.011728086 0.999717593 0.020667197 -39.290401459 -0.091627963 -0.019507200 0.995602250 421.858703613
0.995641112 -0.013736649 0.092250377 41.125896454 0.011902574 0.999720931 0.020402342 -39.478889465 -0.092504904 -0.019215394 0.995526731 424.119232178
0.995566964 -0.014132765 0.092988603 41.424079895 0.012176658 0.999693215 0.021569885 -39.665401459 -0.093264900 -0.020341976 0.995433629 426.396392822
0.995525002 -0.013284866 0.093559824 41.718452454 0.011254694 0.999690354 0.022193538 -39.848949432 -0.093825676 -0.021041235 0.995366275 428.651885986
0.995472074 -0.012475395 0.094231531 42.023208618 0.010370588 0.999686480 0.022793319 -40.029853821 -0.094486326 -0.021712879 0.995289385 430.931762695
0.995465755 -0.012982555 0.094230793 42.329860687 0.010834174 0.999670386 0.023275046 -40.226104736 -0.094501898 -0.022148598 0.995278239 433.215637207
0.995413780 -0.013717460 0.094674103 42.635566711 0.011614415 0.999674201 0.022728946 -40.417800903 -0.094955042 -0.021525118 0.995248795 435.485137939
0.995413959 -0.013048886 0.094766915 42.947299957 0.010933004 0.999679983 0.022812244 -40.588806152 -0.095034249 -0.021671537 0.995238185 437.755371094
0.995364010 -0.013442246 0.095235199 43.254146576 0.011290221 0.999669433 0.023099890 -40.774707794 -0.095514216 -0.021917574 0.995186746 440.044433594
0.995405495 -0.013399136 0.094805561 43.567726135 0.011250864 0.999668479 0.023158140 -40.953926086 -0.095084429 -0.021985099 0.995226383 442.319488525
0.995393038 -0.012895583 0.095007636 43.886531830 0.010623610 0.999646306 0.024380719 -41.152778625 -0.095288426 -0.023259075 0.995177865 444.619384766
0.995342493 -0.013459630 0.095457427 44.193828583 0.011170391 0.999637961 0.024475776 -41.331676483 -0.095752299 -0.023295481 0.995132506 446.897491455
0.995332479 -0.013331782 0.095580138 44.498668671 0.011085638 0.999650657 0.023992740 -41.514045715 -0.095866613 -0.022821182 0.995132565 449.163543701
0.995355904 -0.012729563 0.095417708 44.809020996 0.010503469 0.999661624 0.023796072 -41.699653625 -0.095688336 -0.022683343 0.995152831 451.427795410
0.995281518 -0.011982094 0.096286535 45.107925415 0.009759511 0.999675691 0.023520911 -41.887252808 -0.096537121 -0.022470219 0.995075822 453.692962646
0.995198786 -0.011361263 0.097212680 45.409263611 0.009111662 0.999681056 0.023553750 -42.060302734 -0.097449288 -0.022554895 0.994984806 455.971862793
0.995167315 -0.011509554 0.097516052 45.709739685 0.009262525 0.999681771 0.023464136 -42.251243591 -0.097755075 -0.022447502 0.994957328 458.233123779
0.995202780 -0.010707486 0.097245611 46.034709930 0.008539950 0.999706328 0.022678226 -42.432746887 -0.097459875 -0.021738961 0.995002031 460.522644043
0.995204866 -0.009675185 0.097332038 46.347522736 0.007452038 0.999703586 0.023178525 -42.616577148 -0.097527437 -0.022342060 0.994982004 462.810424805
0.995191872 -0.009349464 0.097497240 46.652206421 0.006983101 0.999673367 0.024584116 -42.799446106 -0.097695231 -0.023785079 0.994932115 465.083435059
0.995235264 -0.009294146 0.097060136 46.956184387 0.006929598 0.999671638 0.024670415 -42.973983765 -0.097257569 -0.023880275 0.994972706 467.351593018
0.995352030 -0.009393767 0.095843554 47.275985718 0.007175177 0.999698877 0.023466492 -43.153160095 -0.096035123 -0.022669729 0.995119750 469.637542725
0.995421946 -0.009477035 0.095107019 47.596252441 0.007302993 0.999704599 0.023180988 -43.341972351 -0.095298596 -0.022380294 0.995197117 471.936004639
0.995519400 -0.009937771 0.094033167 47.909664154 0.007692791 0.999677300 0.024206791 -43.530250549 -0.094243377 -0.023374956 0.995274723 474.215301514
0.995476365 -0.010052425 0.094475746 48.201190948 0.007763833 0.999668181 0.024560571 -43.714958191 -0.094691277 -0.023715977 0.995224118 476.498565674
0.995579481 -0.009439210 0.093446791 48.502925873 0.007264374 0.999695420 0.023586398 -43.874176025 -0.093640976 -0.022803299 0.995344877 478.777709961
0.995599031 -0.009606306 0.093221493 48.804378510 0.007369155 0.999677360 0.024312878 -44.058628082 -0.093424961 -0.023518914 0.995348513 481.056701660
0.995639801 -0.010084712 0.092734747 49.112243652 0.007793036 0.999656022 0.025041161 -44.240501404 -0.092955381 -0.024209291 0.995375931 483.331756592
0.995632529 -0.010492756 0.092768401 49.404052734 0.008270555 0.999670327 0.024306366 -44.419990540 -0.092992857 -0.023432957 0.995391011 485.620513916
0.995709956 -0.011357819 0.091829099 49.713592529 0.009110637 0.999649525 0.024853598 -44.609241486 -0.092079222 -0.023910353 0.995464504 487.937896729
0.995795488 -0.011759920 0.090845831 50.016540527 0.009518333 0.999640346 0.025068564 -44.786659241 -0.091107979 -0.024098465 0.995549381 490.218750000
0.995713711 -0.011234484 0.091803215 50.274402618 0.008933565 0.999636471 0.025436223 -44.972026825 -0.092055619 -0.024507066 0.995452225 492.507751465
0.995787621 -0.010326261 0.091106586 50.586296082 0.008034751 0.999642968 0.025482982 -45.145301819 -0.091337211 -0.024643624 0.995514989 494.805572510
0.995806754 -0.009890254 0.090946652 50.875312805 0.007630011 0.999654174 0.025166605 -45.322898865 -0.091164112 -0.024367154 0.995537698 497.100036621
0.995830476 -0.009816334 0.090693712 51.184505463 0.007591735 0.999662578 0.024841210 -45.512397766 -0.090906963 -0.024049111 0.995568991 499.421905518
0.995876074 -0.009739507 0.090199262 51.481124878 0.007444295 0.999640703 0.025747579 -45.692401886 -0.090417616 -0.024969928 0.995590806 501.717102051
0.995883286 -0.009304667 0.090165943 51.771148682 0.006982504 0.999636650 0.026035614 -45.874332428 -0.090375423 -0.025298852 0.995586336 503.991333008
0.995905101 -0.008185060 0.090033524 52.065105438 0.005922110 0.999660432 0.025373019 -46.055206299 -0.090210639 -0.024735928 0.995615482 506.277069092
0.995874584 -0.007653605 0.090416655 52.349990845 0.005326605 0.999649048 0.025949724 -46.234283447 -0.090583533 -0.025361059 0.995565832 508.568939209
0.995910704 -0.007942837 0.089993477 52.649341583 0.005702687 0.999668121 0.025122201 -46.414283752 -0.090163141 -0.024506265 0.995625436 510.856781006
0.995936453 -0.008454314 0.089660548 52.951805115 0.006151716 0.999644876 0.025926623 -46.598815918 -0.089847915 -0.025269702 0.995634854 513.154846191
0.995956779 -0.008124481 0.089465864 53.249504089 0.005802205 0.999640226 0.026186662 -46.777168274 -0.089646429 -0.025561683 0.995645583 515.458374023
0.995962560 -0.007345156 0.089468643 53.540554047 0.005041530 0.999650598 0.025946679 -46.954933167 -0.089627974 -0.025390862 0.995651722 517.767944336
0.995952547 -0.006203339 0.089666039 53.828521729 0.003928439 0.999666452 0.025525052 -47.131900787 -0.089794464 -0.025069492 0.995644689 520.069396973
0.995906472 -0.004678526 0.090268418 54.124977112 0.002365500 0.999666691 0.025713855 -47.316360474 -0.090358630 -0.025395069 0.995585382 522.417541504
0.995862246 -0.002604986 0.090838313 54.423416138 0.000243249 0.999661922 0.026000723 -47.497459412 -0.090875350 -0.025871042 0.995526195 524.749755859
0.995799601 -0.002051922 0.091536172 54.722057343 -0.000438704 0.999630451 0.027180782 -47.671421051 -0.091558114 -0.027106769 0.995430708 527.076538086
0.995726347 -0.002497610 0.092319347 55.015613556 -0.000014881 0.999629855 0.027204517 -47.848526001 -0.092353128 -0.027089626 0.995357752 529.390441895
0.995663881 -0.004179141 0.092930920 55.306884766 0.001536138 0.999592721 0.028493876 -48.021659851 -0.093012162 -0.028227560 0.995264769 531.700256348
0.995592773 -0.005823462 0.093600802 55.612831116 0.003197720 0.999597728 0.028178094 -48.195278168 -0.093727246 -0.027754596 0.995210946 534.022888184
0.995558619 -0.005767215 0.093966715 55.915771484 0.003202435 0.999618948 0.027422516 -48.368473053 -0.094089061 -0.026999803 0.995197594 536.341247559
0.995466828 -0.006017868 0.094920248 56.216857910 0.003435196 0.999620020 0.027348839 -48.546600342 -0.095048778 -0.026898785 0.995109141 538.661132812
0.995378673 -0.005653529 0.095861271 56.518108368 0.003088417 0.999633670 0.026885876 -48.728546143 -0.095978156 -0.026465565 0.995031536 540.977783203
0.995285928 -0.004925969 0.096858814 56.821826935 0.002359952 0.999643624 0.026589081 -48.908874512 -0.096955277 -0.026235158 0.994942904 543.300292969
0.995182693 -0.004518854 0.097933531 57.137081146 0.002031110 0.999673069 0.025487207 -49.085357666 -0.098016679 -0.025165513 0.994866550 545.621459961
0.995050788 -0.004563776 0.099262625 57.425899506 0.001955712 0.999650717 0.026355844 -49.270812988 -0.099348217 -0.026031278 0.994712174 547.942321777
0.994966865 -0.004757635 0.100092873 57.737617493 0.002013615 0.999619842 0.027497925 -49.455375671 -0.100185663 -0.027157973 0.994598031 550.261169434
0.994863927 -0.004630892 0.101115331 58.043426514 0.001888807 0.999628246 0.027197301 -49.626842499 -0.101203710 -0.026866626 0.994502902 552.564086914
0.994884372 -0.006125827 0.100834325 58.371265411 0.003471058 0.999643266 0.026482448 -49.804710388 -0.100960590 -0.025996972 0.994550705 554.873474121
0.994879305 -0.006267386 0.100875400 58.695350647 0.003553714 0.999627471 0.027058467 -49.985012054 -0.101007432 -0.026561430 0.994531035 557.186645508
0.994815052 -0.006038890 0.101520985 59.013950348 0.003268204 0.999618232 0.027435958 -50.161231995 -0.101647906 -0.026961910 0.994454980 559.497680664
0.994799316 -0.005669543 0.101696707 59.339851379 0.002766862 0.999585330 0.028660912 -50.340503693 -0.101817049 -0.028230472 0.994402528 561.834289551
0.994801104 -0.005995981 0.101660118 59.673313141 0.003002302 0.999557912 0.029575396 -50.519088745 -0.101792522 -0.029116422 0.994379461 564.164611816
0.994766712 -0.005649147 0.102016002 59.999279022 0.002579752 0.999540687 0.030194292 -50.687702179 -0.102139726 -0.029773103 0.994324386 566.489013672
0.994728804 -0.004518495 0.102440536 60.334396362 0.001490228 0.999560118 0.029618505 -50.865020752 -0.102529325 -0.029309720 0.994298041 568.819274902
0.994756401 -0.003581651 0.102209993 60.677886963 0.000717093 0.999606311 0.028049190 -51.033115387 -0.102270231 -0.027828814 0.994367242 571.151550293
0.994723260 -0.003163127 0.102546088 61.016807556 0.000284680 0.999605894 0.028072285 -51.207473755 -0.102594450 -0.027894957 0.994332075 573.473815918
0.994708419 -0.003148799 0.102689959 61.350933075 0.000141622 0.999571204 0.029278191 -51.388511658 -0.102738135 -0.029108720 0.994282424 575.857788086
0.994708061 -0.003277306 0.102688745 61.690093994 0.000128424 0.999529958 0.030655939 -51.568634033 -0.102740958 -0.030480525 0.994240999 578.172729492
0.994638979 -0.002910636 0.103367187 62.015075684 -0.000115575 0.999571800 0.029258275 -51.750007629 -0.103408106 -0.029113367 0.994212866 580.561279297
0.994672000 -0.003495244 0.103030704 62.352359772 0.000485065 0.999572635 0.029226914 -51.919601440 -0.103088841 -0.029021218 0.994248629 582.900390625
0.994647741 -0.004309795 0.103234082 62.685653687 0.001167649 0.999534667 0.030478219 -52.100563049 -0.103317410 -0.030194549 0.994190037 585.220458984
0.994708061 -0.003997918 0.102664113 63.021556854 0.000839549 0.999525547 0.030788891 -52.271873474 -0.102738522 -0.030539768 0.994239390 587.537292480
0.994634867 -0.006574579 0.103238866 63.359504700 0.003549399 0.999559700 0.029459136 -52.450584412 -0.103387088 -0.028934646 0.994220257 589.900512695
0.994672477 -0.006817653 0.102859721 63.703086853 0.003831278 0.999566078 0.029203165 -52.617656708 -0.103014186 -0.028653499 0.994267106 592.250488281
0.994682133 -0.008446243 0.102646664 64.034461975 0.005421482 0.999543846 0.029711034 -52.791397095 -0.102850810 -0.028996537 0.994274020 594.586608887
0.994706690 -0.009295352 0.102332905 64.376998901 0.006243015 0.999527097 0.030107494 -52.966468811 -0.102564372 -0.029309265 0.994294465 596.944091797
