1.000000000 0.000000000 0.000000000 0.000000000 0.000000000 1.000000000 0.000000000 0.000000000 0.000000000 0.000000000 1.000000000 0.000000000
0.999999881 0.000117270 0.000481051 0.088645071 -0.000117213 1.000000000 -0.000119778 -0.226904124 -0.000481065 0.000119722 0.999999881 2.293748617
0.999999106 0.000442010 0.001222940 0.165244848 -0.000442591 0.999999762 0.000474868 -0.466360897 -0.001222729 -0.000475409 0.999999166 4.581528187
0.999998391 0.000006405 0.001781464 0.262936205 -0.000007199 0.999999821 0.000445591 -0.694653332 -0.001781460 -0.000445604 0.999998331 6.868014336
0.999996364 -0.000077105 0.002691410 0.355849713 0.000080288 0.999999225 -0.001182634 -0.927681565 -0.002691317 0.001182846 0.999995649 9.158744812
0.999986529 0.001710903 0.004886041 0.446338892 -0.001712168 0.999998450 0.000254681 -1.164162517 -0.004885598 -0.000263043 0.999988019 11.465146065
0.999965191 0.003873416 0.007382264 0.537593842 -0.003884404 0.999991298 0.001474671 -1.393764615 -0.007376488 -0.001503295 0.999971628 13.746891022
0.999946117 0.003757767 0.009679651 0.646053493 -0.003797262 0.999984562 0.004065129 -1.622155666 -0.009664224 -0.004101666 0.999944866 16.016122818
0.999944091 0.003970532 0.009802032 0.773185492 -0.004020343 0.999979079 0.005067144 -1.847716212 -0.009781706 -0.005106268 0.999939144 18.321584702
0.999935210 0.003300461 0.010891773 0.891053200 -0.003360248 0.999979377 0.005475425 -2.074587584 -0.010873476 -0.005511670 0.999925733 20.599676132
0.999930143 0.000547587 0.011800448 0.999259591 -0.000576294 0.999996901 0.002429469 -2.294361353 -0.011799081 -0.002436101 0.999927342 22.915597916
0.999918461 -0.001631998 0.012656285 1.107132792 0.001631536 0.999998689 0.000046893 -2.510695219 -0.012656347 -0.000026240 0.999919891 25.193063736
0.999918520 -0.003092631 0.012384818 1.236805439 0.003092867 0.999995172 0.000000096 -2.771614552 -0.012384760 0.000038208 0.999923229 27.491193771
0.999901533 -0.002640905 0.013781087 1.337471724 0.002655194 0.999996006 -0.001018667 -2.997869730 -0.013778341 0.001055159 0.999904513 29.778741837
0.999904275 -0.000681500 0.013814294 1.475677609 0.000658429 0.999998510 0.001674542 -3.231152773 -0.013815411 -0.001665287 0.999903202 32.051345825
0.999902844 0.001307698 0.013872282 1.605437279 -0.001358883 0.999992311 0.003681028 -3.450648069 -0.013867361 -0.003699522 0.999896944 34.333229065
0.999873579 0.003315991 0.015543604 1.718388081 -0.003436643 0.999964058 0.007741882 -3.683440685 -0.015517373 -0.007794322 0.999849200 36.649124146
0.999848425 0.005190745 0.016618261 1.829738975 -0.005309088 0.999960780 0.007085097 -3.900408268 -0.016580833 -0.007172250 0.999836743 38.920578003
0.999823332 0.004327655 0.018290352 1.936156631 -0.004434625 0.999973297 0.005811906 -4.108400345 -0.018264711 -0.005891990 0.999815822 41.221794128
0.999826431 0.001910235 0.018535627 2.061813116 -0.001995921 0.999987483 0.004605303 -4.332766056 -0.018526599 -0.004641499 0.999817550 43.495525360
0.999826312 0.001416206 0.018583614 2.187831402 -0.001488124 0.999991477 0.003856739 -4.561275005 -0.018577993 -0.003883724 0.999819875 45.741268158
0.999826014 0.000861147 0.018638862 2.313973427 -0.000915612 0.999995351 0.002913770 -4.790993690 -0.018636268 -0.002930329 0.999822021 48.011947632
0.999827623 -0.000655402 0.018556472 2.451179504 0.000595185 0.999994516 0.003250394 -5.019429684 -0.018558504 -0.003238788 0.999822676 50.291812897
0.999803960 -0.001426054 0.019748550 2.577056408 0.001356875 0.999992907 0.003515978 -5.242311478 -0.019753424 -0.003488492 0.999798775 52.554687500
0.999800086 -0.002634002 0.019822638 2.714379072 0.002565776 0.999990702 0.003466456 -5.472144127 -0.019831588 -0.003414903 0.999797463 54.837276459
0.999762714 -0.002748134 0.021610279 2.837431908 0.002666621 0.999989212 0.003799910 -5.703010559 -0.021620486 -0.003741381 0.999759376 57.127304077
0.999738991 -0.003921280 0.022505868 2.973991871 0.003822662 0.999982834 0.004423202 -5.928227425 -0.022522831 -0.004336016 0.999736845 59.392585754
0.999700367 -0.005262569 0.023902774 3.102841377 0.005171619 0.999979138 0.003865182 -6.152774334 -0.023922620 -0.003740408 0.999706745 61.665908813
0.999684691 -0.006083057 0.024362445 3.255061865 0.005991790 0.999974787 0.003817518 -6.379275322 -0.024385054 -0.003670340 0.999695897 63.919487000
0.999650717 -0.005616239 0.025825484 3.394047737 0.005504635 0.999975145 0.004390532 -6.600676537 -0.025849499 -0.004246839 0.999656796 66.187698364
0.999626517 -0.004722336 0.026914204 3.541543722 0.004597454 0.999978364 0.004700032 -6.827173233 -0.026935820 -0.004574541 0.999626637 68.442512512
0.999583542 -0.004862436 0.028442759 3.679543257 0.004735391 0.999978542 0.004532332 -7.053856850 -0.028464189 -0.004395757 0.999585152 70.693481445
0.999568999 -0.005748839 0.028786428 3.842311621 0.005660222 0.999979019 0.003158977 -7.275906086 -0.028803984 -0.002994678 0.999580622 72.945617676
0.999557257 -0.006859952 0.028952308 4.000534058 0.006766138 0.999971569 0.003337053 -7.499370098 -0.028974384 -0.003139680 0.999575198 75.217819214
0.999526680 -0.007980188 0.029709520 4.169892311 0.007901698 0.999965012 0.002758356 -7.732546329 -0.029730489 -0.002522295 0.999554813 77.482574463
0.999507546 -0.009080954 0.030036056 4.323379517 0.008996280 0.999955118 0.002952985 -7.966356754 -0.030061524 -0.002681319 0.999544442 79.724609375
0.999478877 -0.009661175 0.030800635 4.473835945 0.009584455 0.999950528 0.002637581 -8.183799744 -0.030824592 -0.002341000 0.999522030 81.977172852
0.999465704 -0.008778167 0.031483624 4.645622253 0.008706707 0.999959230 0.002406201 -8.411280632 -0.031503465 -0.002130796 0.999501288 84.246467590
0.999414086 -0.008611576 0.033125572 4.800338268 0.008522707 0.999959648 0.002823074 -8.628458977 -0.033148553 -0.002539101 0.999447107 86.499153137
0.999415398 -0.007872949 0.033269010 4.970470428 0.007737610 0.999961257 0.004194829 -8.865993500 -0.033300754 -0.003934954 0.999437630 88.778099060
0.999389112 -0.007018498 0.034236744 5.131430626 0.006867207 0.999966085 0.004534571 -9.090171814 -0.034267411 -0.004296690 0.999403477 91.036308289
0.999357700 -0.006939668 0.035156067 5.298274040 0.006780433 0.999966145 0.004646557 -9.313779831 -0.035187121 -0.004405200 0.999371052 93.285675049
0.999336123 -0.007035587 0.035744876 5.467859268 0.006893118 0.999967933 0.004107370 -9.531641006 -0.035772614 -0.003858250 0.999352515 95.539146423
0.999299884 -0.007320437 0.036690298 5.634668350 0.007171229 0.999965489 0.004196633 -9.752229691 -0.036719762 -0.003930580 0.999317884 97.795372009
0.999270439 -0.006950316 0.037551805 5.801628113 0.006810005 0.999969363 0.003863085 -9.987211227 -0.037577502 -0.003604539 0.999287128 100.037574768
0.999192178 -0.006882055 0.039593212 5.954640865 0.006691344 0.999965429 0.004947236 -10.204950333 -0.039625891 -0.004678308 0.999203563 102.257568359
0.999196649 -0.007101049 0.039439298 6.161137581 0.006923336 0.999965250 0.004640766 -10.424991608 -0.039470885 -0.004363987 0.999211192 104.512207031
0.999160111 -0.007840876 0.040222891 6.337605476 0.007629749 0.999956310 0.005399782 -10.641826630 -0.040263478 -0.005088357 0.999176145 106.740715027
0.999123752 -0.009118957 0.040847030 6.520556450 0.008897693 0.999944746 0.005595432 -10.857844353 -0.040895805 -0.005227084 0.999149740 108.986335754
0.999085307 -0.010144513 0.041541375 6.704752922 0.009877872 0.999929249 0.006618911 -11.084893227 -0.041605584 -0.006202516 0.999114871 111.233688354
0.999070644 -0.010870487 0.041710161 6.896709442 0.010664609 0.999929845 0.005155208 -11.304626465 -0.041763276 -0.004705594 0.999116480 113.492027283
0.999017417 -0.011369412 0.042834152 7.077104092 0.011200993 0.999928594 0.004169774 -11.522224426 -0.042878490 -0.003685893 0.999073505 115.738319397
0.998989046 -0.011499702 0.043458905 7.260599136 0.011311574 0.999925494 0.004572333 -11.747007370 -0.043508254 -0.004076122 0.999044716 117.970359802
0.998944223 -0.011802228 0.044397857 7.450700283 0.011573830 0.999918461 0.005397958 -11.965997696 -0.044457946 -0.004878406 0.998999357 120.218711853
0.998919785 -0.012546796 0.044743046 7.653409481 0.012288216 0.999906182 0.006049649 -12.190687180 -0.044814747 -0.005493302 0.998980343 122.423744202
0.998861134 -0.012899791 0.045935515 7.833769798 0.012654379 0.999904096 0.005629378 -12.410105705 -0.046003725 -0.005041683 0.998928547 124.707817078
0.998820245 -0.013072812 0.046767503 8.017660141 0.012857572 0.999905348 0.004900271 -12.636238098 -0.046827130 -0.004293174 0.998893797 126.982559204
0.998800993 -0.014756706 0.046678390 8.210893631 0.014515961 0.999879539 0.005492312 -12.857584953 -0.046753827 -0.004808145 0.998894811 129.244583130
0.998828113 -0.016101098 0.045643665 8.405821800 0.015868716 0.999859214 0.005449046 -13.070429802 -0.045724981 -0.004718354 0.998942912 131.496826172
0.998885334 -0.016415289 0.044255659 8.603824615 0.016138107 0.999847889 0.006613282 -13.288681984 -0.044357494 -0.005891708 0.998998344 133.731719971
0.998941183 -0.017411482 0.042582732 8.794948578 0.017157255 0.999832749 0.006328448 -13.512115479 -0.042685796 -0.005591144 0.999072909 135.986434937
0.999027550 -0.018334519 0.040096123 9.007755280 0.018117242 0.999819160 0.005775666 -13.725998878 -0.040194765 -0.005043619 0.999179125 138.208755493
0.999004841 -0.018982613 0.040361062 9.175445557 0.018761180 0.999806762 0.005858195 -13.950123787 -0.040464461 -0.005095145 0.999167979 140.495391846
0.998987496 -0.019183001 0.040693704 9.343734741 0.018937849 0.999800146 0.006401374 -14.163020134 -0.040808376 -0.005624242 0.999151111 142.726028442
0.999041498 -0.019393584 0.039242420 9.546867371 0.019109741 0.999788642 0.007595264 -14.395591736 -0.039381422 -0.006838073 0.999200881 144.966827393
0.999049544 -0.018487882 0.039474268 9.721312523 0.018247381 0.999812722 0.006444249 -14.609448433 -0.039586015 -0.005717822 0.999199808 147.214752197
0.999065340 -0.017323686 0.039602697 9.904768944 0.017139740 0.999840617 0.004979677 -14.827825546 -0.039682657 -0.004296242 0.999203086 149.449508667
0.999082863 -0.015689174 0.039840989 10.083274841 0.015532698 0.999870360 0.004233991 -15.050288200 -0.039902255 -0.003611270 0.999197006 151.688690186
0.999087214 -0.014986371 0.040001921 10.271224976 0.014830630 0.999881268 0.004187300 -15.265624046 -0.040059924 -0.003590225 0.999190807 153.908447266
0.999073684 -0.014665897 0.040456660 10.461383820 0.014511733 0.999886274 0.004101704 -15.481792450 -0.040512219 -0.003510808 0.999172866 156.167022705
0.999082267 -0.012594927 0.040941805 10.630895615 0.012358798 0.999905467 0.006015461 -15.701827049 -0.041013706 -0.005503948 0.999143422 158.357620239
0.999019563 -0.011954663 0.042625587 10.811365128 0.011662852 0.999906838 0.007088053 -15.921484947 -0.042706359 -0.006583967 0.999065995 160.597640991
0.999006331 -0.010432085 0.043328423 10.990752220 0.010054610 0.999909639 0.008920792 -16.140113831 -0.043417562 -0.008476279 0.999021053 162.862091064
0.998968244 -0.010036803 0.044291686 11.174054146 0.009685599 0.999920011 0.008136834 -16.344947815 -0.044369802 -0.007699447 0.998985529 165.110992432
0.998929203 -0.009449482 0.045289051 11.369710922 0.009135392 0.999932826 0.007137174 -16.562696457 -0.045353457 -0.006715798 0.998948455 167.349517822
0.998846352 -0.007607492 0.047413208 11.554368019 0.007256893 0.999945104 0.007562315 -16.778362274 -0.047468137 -0.007209519 0.998846710 169.580642700
0.998719871 -0.006733134 0.050132144 11.740989685 0.006324814 0.999945581 0.008299072 -17.010068893 -0.050185286 -0.007971372 0.998708129 171.809188843
0.998603165 -0.006769363 0.052400585 11.945292473 0.006342203 0.999945343 0.008313809 -17.225063324 -0.052453995 -0.007969863 0.998591542 174.067398071
0.998520017 -0.006749740 0.053964883 12.152683258 0.006304373 0.999944627 0.008418871 -17.433076859 -0.054018721 -0.008066198 0.998507321 176.306732178
0.998466253 -0.007457965 0.054857988 12.360866547 0.006942182 0.999929965 0.009586702 -17.650007248 -0.054925635 -0.009191166 0.998448074 178.537475586
0.998400569 -0.008350433 0.055915147 12.558563232 0.007814533 0.999921501 0.009795980 -17.861602783 -0.055992562 -0.009343361 0.998387456 180.770278931
0.998456061 -0.008948169 0.054821320 12.777413368 0.008460090 0.999922574 0.009128690 -18.072593689 -0.054898743 -0.008650803 0.998454452 183.022964478
0.998481214 -0.010352119 0.054112244 12.995597839 0.009864673 0.999908328 0.009267385 -18.290800095 -0.054203227 -0.008719511 0.998491824 185.267349243
0.998498797 -0.012125026 0.053415515 13.213712692 0.011615660 0.999884069 0.009836054 -18.497959137 -0.053528596 -0.009200831 0.998523891 187.506790161
0.998496413 -0.013115365 0.053225312 13.416109085 0.012642659 0.999877632 0.009208258 -18.703216553 -0.053339571 -0.008521503 0.998540044 189.731048584
0.998488963 -0.014378393 0.053037763 13.630391121 0.013935187 0.999864936 0.008716824 -18.915405273 -0.053155940 -0.007964562 0.998554409 191.972702026
0.998473227 -0.015345839 0.053063657 13.834472656 0.014911409 0.999852061 0.008573243 -19.139186859 -0.053187374 -0.007768901 0.998554289 194.218933105
0.998492718 -0.014966532 0.052803725 14.051362991 0.014508016 0.999853730 0.009056121 -19.353202820 -0.052931532 -0.008276395 0.998563826 196.455734253
0.998519540 -0.013685024 0.052645311 14.270311356 0.013210331 0.999868929 0.009354277 -19.567552567 -0.052766431 -0.008644965 0.998569369 198.697799683
0.998509467 -0.011211646 0.053415041 14.464514732 0.010772702 0.999905884 0.008498483 -19.778621674 -0.053505294 -0.007910392 0.998536229 200.952514648
0.998479545 -0.010448109 0.054123946 14.676483154 0.010035288 0.999918461 0.007893519 -19.992809296 -0.054202005 -0.007338368 0.998502970 203.214050293
0.998430312 -0.011015695 0.054914568 14.875746727 0.010571918 0.999909103 0.008365220 -20.199726105 -0.055001732 -0.007771537 0.998456001 205.434951782
0.998428404 -0.012450787 0.054641496 15.112475395 0.011989368 0.999889672 0.008764178 -20.424037933 -0.054744586 -0.008095287 0.998467505 207.692810059
0.998366058 -0.012120674 0.055841934 15.319562912 0.011636022 0.999891758 0.008996020 -20.627580643 -0.055944931 -0.008331542 0.998399079 209.934844971
0.998281538 -0.012195447 0.057316005 15.528243065 0.011618464 0.999878466 0.010389154 -20.854295731 -0.057435740 -0.009705377 0.998302162 212.169021606
0.998217702 -0.010680021 0.058715008 15.766967773 0.010061176 0.999890745 0.010825345 -21.064962387 -0.058824208 -0.010215309 0.998216093 214.401168823
0.998038232 -0.008958279 0.061962746 15.984901428 0.008318248 0.999909461 0.010579548 -21.275697708 -0.062051907 -0.010043371 0.998022318 216.671737671
0.997898161 -0.008983115 0.064175501 16.212726593 0.008296484 0.999905467 0.010957755 -21.482772827 -0.064267889 -0.010402291 0.997878432 218.912475586
0.997750640 -0.010315424 0.066238277 16.443679810 0.009579053 0.999888778 0.011425029 -21.685510635 -0.066348784 -0.010764828 0.997738361 221.140243530
0.997657359 -0.011631279 0.067412727 16.680641174 0.010833642 0.999867082 0.012185697 -21.888351440 -0.067545511 -0.011426821 0.997650862 223.364959717
0.997586012 -0.013415461 0.068132460 16.927150726 0.012655866 0.999852896 0.011568237 -22.098588943 -0.068277627 -0.010678034 0.997609198 225.586990356
0.997560382 -0.014741379 0.068234727 17.171407700 0.014012684 0.999839723 0.011145600 -22.300161362 -0.068388090 -0.010162258 0.997607052 227.825881958
0.997510552 -0.014980354 0.068909667 17.408676147 0.014237580 0.999835253 0.011257555 -22.500871658 -0.069066949 -0.010248423 0.997559369 230.056274414
0.997462749 -0.016374720 0.069281332 17.656564713 0.015697667 0.999823689 0.010305735 -22.708768845 -0.069437876 -0.009192029 0.997543871 232.296142578
0.997414827 -0.017276548 0.069749929 17.902160645 0.016517818 0.999798119 0.011440066 -22.912635803 -0.069933504 -0.010258377 0.997498930 234.534225464
0.997378945 -0.016734332 0.070392802 18.164081573 0.015931441 0.999801636 0.011951954 -23.126688004 -0.070578836 -0.010799168 0.997447670 236.793273926
0.997338176 -0.016553668 0.071010619 18.407670975 0.015753875 0.999806166 0.011808345 -23.327198029 -0.071192332 -0.010658223 0.997405648 239.020126343
0.997305095 -0.016877569 0.071398228 18.657665253 0.016048731 0.999797165 0.012166485 -23.533847809 -0.071589082 -0.010987849 0.997373700 241.241760254
0.997254610 -0.017352043 0.071987540 18.908201218 0.016503824 0.999787390 0.012361032 -23.737369537 -0.072186738 -0.011139026 0.997328937 243.481170654
0.997219920 -0.017743843 0.072371207 19.159492493 0.016946178 0.999788880 0.011621056 -23.945905685 -0.072562158 -0.010362332 0.997309983 245.702102661
0.997231483 -0.017344287 0.072308719 19.418682098 0.016583905 0.999800801 0.011102987 -24.154241562 -0.072486892 -0.009873089 0.997320473 247.930969238
0.997198105 -0.017839964 0.072647855 19.675752640 0.017031441 0.999786079 0.011733710 -24.362461090 -0.072841659 -0.010463534 0.997288644 250.166885376
0.997176290 -0.019330624 0.072565101 19.938951492 0.018526772 0.999759495 0.011734548 -24.569419861 -0.072774492 -0.010357017 0.997294664 252.395812988
0.997171462 -0.019450538 0.072600111 20.208593369 0.018595213 0.999749839 0.012438717 -24.776004791 -0.072823897 -0.011053520 0.997283578 254.658615112
0.997142851 -0.020306351 0.072757654 20.452915192 0.019426476 0.999729633 0.012780583 -24.981712341 -0.072997510 -0.011330646 0.997267783 256.875854492
0.997116804 -0.020180771 0.073149480 20.716342926 0.019273764 0.999728620 0.013084179 -25.190204620 -0.073393695 -0.011636587 0.997235179 259.153198242
0.997085452 -0.019744808 0.073692627 20.974864960 0.018864183 0.999742329 0.012626954 -25.393873215 -0.073922932 -0.011200002 0.997201085 261.402587891
0.997066915 -0.019828156 0.073921077 21.241062164 0.018988559 0.999747157 0.012043657 -25.594083786 -0.074141175 -0.010604678 0.997191370 263.655609131
0.997041821 -0.019152535 0.074436836 21.506427765 0.018330893 0.999763429 0.011705751 -25.805181503 -0.074643403 -0.010306629 0.997157037 265.895385742
0.996998429 -0.018594125 0.075155869 21.769674301 0.017788341 0.999777019 0.011376777 -26.002500534 -0.075350650 -0.010005730 0.997106910 268.138153076
0.996830761 -0.018355258 0.077403605 22.016099930 0.017507477 0.999779224 0.011617207 -26.221061707 -0.077599749 -0.010225247 0.996932149 270.391662598
0.996753633 -0.019179773 0.078194626 22.297569275 0.018275637 0.999757767 0.012262000 -26.432527542 -0.078410879 -0.010793136 0.996862650 272.638122559
0.996529937 -0.019985503 0.080800377 22.537710190 0.019024586 0.999739051 0.012644995 -26.632724762 -0.081032008 -0.011063924 0.996650100 274.882568359
0.996456087 -0.020102575 0.081677131 22.825666428 0.019021520 0.999721110 0.013992385 -26.830894470 -0.081935637 -0.012389176 0.996560574 277.123199463
0.996434927 -0.019024380 0.082192004 23.123800278 0.017845502 0.999727428 0.015053910 -27.034160614 -0.082455985 -0.013533484 0.996502817 279.374938965
0.996274710 -0.019180477 0.084076345 23.395112991 0.017901910 0.999712765 0.015934875 -27.238832474 -0.084357835 -0.014370384 0.996331871 281.627716064
0.996166170 -0.018402951 0.085523561 23.664451599 0.017040722 0.999716461 0.016630981 -27.437816620 -0.085805379 -0.015109834 0.996197343 283.868530273
0.996165454 -0.017657895 0.085689083 23.967164993 0.016377356 0.999743819 0.015624081 -27.630725861 -0.085943028 -0.014160809 0.996199369 286.134460449
0.996057451 -0.016939482 0.087078057 24.237667084 0.015702492 0.999766171 0.014870961 -27.826389313 -0.087309591 -0.013444989 0.996090531 288.361785889
0.996014714 -0.017214501 0.087511532 24.513641357 0.015977329 0.999762475 0.014818146 -28.030418396 -0.087745845 -0.013360890 0.996053278 290.593414307
0.996029496 -0.017577093 0.087271377 24.806344986 0.016372463 0.999760807 0.014499989 -28.226892471 -0.087505370 -0.013013570 0.996079028 292.835235596
0.996035039 -0.018090047 0.087102666 25.090435028 0.016926508 0.999757588 0.014078391 -28.428403854 -0.087336235 -0.012548227 0.996099830 295.065093994
0.996015966 -0.017780762 0.087384142 25.372144699 0.016598968 0.999760866 0.014232261 -28.630970001 -0.087616310 -0.012725071 0.996072948 297.300476074
0.996008098 -0.017045647 0.087619334 25.656684875 0.015860531 0.999773324 0.014204210 -28.823818207 -0.087841600 -0.012757819 0.996052802 299.535400391
0.995946586 -0.017437864 0.088240027 25.921749115 0.016139477 0.999751031 0.015406486 -29.033550262 -0.088486716 -0.013919891 0.995980084 301.761535645
0.995966673 -0.017891208 0.087922208 26.214090347 0.016584115 0.999741137 0.015574633 -29.229698181 -0.088178098 -0.014053703 0.996005595 304.007995605
0.995919883 -0.017492022 0.088530138 26.499221802 0.016165242 0.999746382 0.015681656 -29.423633575 -0.088781998 -0.014186564 0.995949984 306.251281738
0.995916784 -0.018774711 0.088302277 26.788431168 0.017461685 0.999725521 0.015618720 -29.625720978 -0.088571273 -0.014013039 0.995971262 308.496795654
0.995871484 -0.019857712 0.088575259 27.080293655 0.018514350 0.999701083 0.015962282 -29.819171906 -0.088865757 -0.014256466 0.995941579 310.759033203
0.995849967 -0.019672215 0.088858701 27.371288300 0.018392095 0.999715269 0.015202180 -30.013748169 -0.089132443 -0.013504794 0.995928228 312.990356445
0.995868921 -0.018813467 0.088831648 27.666784286 0.017471932 0.999721646 0.015855536 -30.211263657 -0.089105211 -0.014237975 0.995920420 315.230438232
0.995809674 -0.017327426 0.089793213 27.956281662 0.016021384 0.999755442 0.015245444 -30.412406921 -0.090035409 -0.013742950 0.995843768 317.468566895
0.995793045 -0.015681190 0.090279147 28.242799759 0.014324430 0.999774814 0.015656870 -30.608295441 -0.090504341 -0.014297804 0.995793402 319.706756592
0.995730221 -0.014945417 0.091093451 28.532678604 0.013637709 0.999795079 0.014961291 -30.806093216 -0.091298394 -0.013655103 0.995729923 321.935119629
0.995680273 -0.014593046 0.091693595 28.822565079 0.013209140 0.999789715 0.015681528 -31.002311707 -0.091903158 -0.014402593 0.995663762 324.176971436
0.995686710 -0.014104421 0.091700852 29.122795105 0.012582178 0.999773622 0.017157108 -31.209545135 -0.091922089 -0.015929308 0.995638788 326.406982422
0.995631814 -0.014135224 0.092290044 29.406888962 0.012619738 0.999776125 0.016983902 -31.408941269 -0.092509449 -0.015745036 0.995587289 328.646301270
0.995629668 -0.015058461 0.092168689 29.708391190 0.013632128 0.999777675 0.016085323 -31.602256775 -0.092390433 -0.014758569 0.995613396 330.881103516
0.995633960 -0.014631128 0.092189170 30.001014709 0.013214302 0.999785304 0.015960399 -31.799198151 -0.092402913 -0.014672501 0.995613515 333.104309082
0.995597363 -0.014710496 0.092571363 30.292177200 0.013171539 0.999765098 0.017213648 -31.993392944 -0.092802837 -0.015918557 0.995557249 335.337036133
0.995643854 -0.015133837 0.092000656 30.600912094 0.013597028 0.999757707 0.017308271 -32.185989380 -0.092240304 -0.015981937 0.995608509 337.569519043
0.995625913 -0.014719264 0.092262276 30.887584686 0.013154648 0.999759555 0.017543638 -32.383975983 -0.092498317 -0.016253224 0.995580196 339.807159424
0.995666027 -0.014806559 0.091814622 31.192840576 0.013290438 0.999765337 0.017102361 -32.578552246 -0.092046328 -0.015807983 0.995629251 342.056701660
0.995673716 -0.014788181 0.091735162 31.486923218 0.013217528 0.999755859 0.017705617 -32.771385193 -0.091974609 -0.016416505 0.995626032 344.299407959
0.995695353 -0.014056318 0.091614343 31.776426315 0.012475633 0.999763608 0.017803619 -32.962993622 -0.091842942 -0.016584031 0.995635390 346.526428223
0.995718658 -0.013715077 0.091412835 32.067462921 0.012147821 0.999769926 0.017679265 -33.153579712 -0.091634288 -0.016493106 0.995656133 348.767059326
0.995713830 -0.013292843 0.091526605 32.355724335 0.011675639 0.999766529 0.018182071 -33.348503113 -0.091746919 -0.017035509 0.995636642 351.007293701
0.995765746 -0.013476749 0.090933219 32.648036957 0.011840217 0.999758542 0.018512625 -33.539901733 -0.091160737 -0.017357571 0.995684922 353.231170654
0.995771825 -0.013061184 0.090928920 32.936141968 0.011455914 0.999769568 0.018153720 -33.734432220 -0.091145098 -0.017035285 0.995691895 355.471252441
0.995820880 -0.013027001 0.090394191 33.232479095 0.011380272 0.999760211 0.018708762 -33.925964355 -0.090616234 -0.017601861 0.995730340 357.704803467
0.995895267 -0.012625903 0.089629635 33.532039642 0.010928167 0.999751866 0.019407202 -34.115406036 -0.089852445 -0.018348049 0.995786011 359.943572998
0.995946884 -0.013216691 0.088967003 33.830757141 0.011520799 0.999742448 0.019548632 -34.309364319 -0.089202464 -0.018444426 0.995842695 362.191284180
0.995986342 -0.013239185 0.088520467 34.124176025 0.011516083 0.999734700 0.019948026 -34.498275757 -0.088761084 -0.018848553 0.995874524 364.423950195
0.996052444 -0.013005936 0.087808743 34.419841766 0.011350796 0.999748886 0.019322468 -34.687610626 -0.088037997 -0.018249493 0.995949924 366.675262451
0.996067464 -0.013695737 0.087532111 34.703952789 0.012057245 0.999742568 0.019220170 -34.879356384 -0.087772839 -0.018089192 0.995976269 368.921051025
0.996058464 -0.013346863 0.087688863 34.981994629 0.011793932 0.999764740 0.018203897 -35.058521271 -0.087911196 -0.017097954 0.995981574 371.174743652
0.996118665 -0.013961407 0.086906120 35.270744324 0.012412249 0.999754846 0.018340603 -35.256320953 -0.087140881 -0.017190717 0.996047676 373.406188965
0.996237934 -0.013871804 0.085542053 35.570564270 0.012320095 0.999750197 0.018641073 -35.441677094 -0.085779279 -0.017517056 0.996160209 375.649627686
0.996130466 -0.013396767 0.086859040 35.840164185 0.011746865 0.999741256 0.019478563 -35.634422302 -0.087097511 -0.018382870 0.996030152 377.913146973
0.996123672 -0.013999458 0.086842664 36.125202179 0.012320225 0.999727070 0.019842457 -35.828201294 -0.087096743 -0.018695623 0.996024430 380.157867432
0.996137202 -0.013901884 0.086702354 36.417354584 0.012237950 0.999731302 0.019693408 -36.009681702 -0.086952820 -0.018556282 0.996039510 382.418334961
0.996148169 -0.012996108 0.086717688 36.708736420 0.011302734 0.999736309 0.019989975 -36.201377869 -0.086954586 -0.018932831 0.996032357 384.675048828
0.996151388 -0.011910139 0.086836100 36.993850708 0.010231834 0.999752581 0.019746825 -36.380859375 -0.087049827 -0.018782338 0.996026874 386.936859131
0.996168792 -0.010697803 0.086795621 37.287303925 0.009012857 0.999763727 0.019781496 -36.578231812 -0.086986735 -0.018923435 0.996029735 389.209045410
0.996146560 -0.009258871 0.087214284 37.567913055 0.007563154 0.999776244 0.019753531 -36.769123077 -0.087377653 -0.019017797 0.995993733 391.489013672
0.996199965 -0.007988635 0.086728238 37.865814209 0.006167021 0.999755144 0.021251345 -36.959808350 -0.086876757 -0.020635737 0.996005237 393.755157471
0.996141315 -0.006656254 0.087510794 38.141918182 0.004800536 0.999759495 0.021398960 -37.147075653 -0.087632194 -0.020896288 0.995933652 396.015136719
0.996074617 -0.006347311 0.088289596 38.423721313 0.004585994 0.999786675 0.020137871 -37.343807220 -0.088398591 -0.019653933 0.995891213 398.277313232
0.996024191 -0.006314803 0.088858768 38.705780029 0.004590437 0.999797523 0.019596675 -37.533744812 -0.088964522 -0.019110866 0.995851398 400.540374756
0.995895147 -0.007422120 0.090209872 38.979255676 0.005586713 0.999772549 0.020581471 -37.718856812 -0.090342119 -0.019993007 0.995710135 402.778900146
0.995884240 -0.009027525 0.090183660 39.270633698 0.007090985 0.999737799 0.021770667 -37.910598755 -0.090356559 -0.021041576 0.995687187 405.056976318
0.995840073 -0.009441276 0.090628043 39.560775757 0.007490779 0.999733448 0.021838060 -38.097030640 -0.090810098 -0.021068338 0.995645404 407.305206299
0.995789111 -0.008107319 0.091314219 39.869709015 0.006255737 0.999769449 0.020545030 -38.274902344 -0.091459714 -0.019887283 0.995610118 409.570800781
0.995733380 -0.007189565 0.091996469 40.166213989 0.005289798 0.999767959 0.020877635 -38.466255188 -0.092125230 -0.020301919 0.995540440 411.826232910
0.995645165 -0.005989426 0.093031280 40.451667786 0.004086768 0.999778986 0.020628860 -38.655746460 -0.093134269 -0.020158827 0.995449603 414.072631836
0.995539725 -0.004991994 0.094210885 40.750003815 0.003043870 0.999778807 0.020810714 -38.844406128 -0.094293922 -0.020431124 0.995334744 416.340942383
0.995498121 -0.005112304 0.094643541 41.058261871 0.003163792 0.999780178 0.020726521 -39.034427643 -0.094728693 -0.020333782 0.995295405 418.596069336
0.995377779 -0.005149960 0.095898867 41.351318359 0.003185241 0.999782145 0.020629229 -39.218635559 -0.095984198 -0.020228410 0.995177269 420.848693848
0.995301485 -0.005372606 0.096674964 41.646884918 0.003414152 0.999785841 0.020412166 -39.407531738 -0.096763924 -0.019986195 0.995106697 423.104888916
0.995240629 -0.005877443 0.097270712 41.954708099 0.003802037 0.999761403 0.021508006 -39.595508575 -0.097373933 -0.021035815 0.995025456 425.377624512
0.995185673 -0.005220365 0.097868428 42.256458282 0.003060036 0.999748588 0.022210943 -39.784084320 -0.097959772 -0.021804530 0.994951487 427.634918213
0.995119929 -0.004298302 0.098579444 42.570728302 0.002030012 0.999731123 0.023098541 -39.968933105 -0.098652221 -0.022785703 0.994861066 429.912078857
0.995126367 -0.005173416 0.098471984 42.891510010 0.002913372 0.999729276 0.023081105 -40.156585693 -0.098564744 -0.022681726 0.994872034 432.185607910
0.995094597 -0.005901438 0.098751977 43.207023621 0.003681076 0.999736607 0.022651320 -40.349208832 -0.098859653 -0.022176692 0.994854212 434.451293945
0.995081663 -0.005198183 0.098921604 43.520164490 0.002951291 0.999734640 0.022846658 -40.520599365 -0.099014118 -0.022442343 0.994832933 436.705078125
0.995063245 -0.005902376 0.099067271 43.837043762 0.003611727 0.999722302 0.023285596 -40.709075928 -0.099177189 -0.022812836 0.994808257 438.989685059
0.995112360 -0.005838917 0.098576859 44.158687592 0.003569256 0.999724805 0.023184950 -40.886566162 -0.098685116 -0.022719782 0.994859338 441.261596680
0.995071948 -0.005175699 0.099019706 44.479057312 0.002760073 0.999695599 0.024516853 -41.087154388 -0.099116452 -0.024122737 0.994783401 443.566802979
0.995049655 -0.005897440 0.099205069 44.799949646 0.003467921 0.999690235 0.024644505 -41.269454956 -0.099319696 -0.024178470 0.994761765 445.846984863
0.995045185 -0.005780380 0.099255517 45.111061096 0.003393154 0.999701321 0.024203306 -41.452934265 -0.099365793 -0.023746591 0.994767606 448.111968994
0.995001972 -0.004626025 0.099747412 45.425952911 0.002253891 0.999712288 0.023881003 -41.637763977 -0.099829182 -0.023536827 0.994726181 450.371612549
0.994987071 -0.004671320 0.099893786 45.739837646 0.002319628 0.999717653 0.023645133 -41.824096680 -0.099976048 -0.023294885 0.994717240 452.632659912
0.994891584 -0.004011790 0.100869492 46.044494629 0.001636268 0.999719620 0.023622165 -41.996444702 -0.100935973 -0.023336446 0.994619131 454.904968262
0.994858623 -0.004611097 0.101168610 46.347534180 0.002236675 0.999719679 0.023570828 -42.188144684 -0.101248957 -0.023223361 0.994590044 457.154327393
0.994887590 -0.003773895 0.100918017 46.673858643 0.001457259 0.999733925 0.023019502 -42.372814178 -0.100978032 -0.022754753 0.994628429 459.432830811
0.994809151 -0.002217731 0.101734117 46.981945038 -0.000186788 0.999720991 0.023619724 -42.555084229 -0.101758122 -0.023516119 0.994531095 461.714416504
0.994880795 -0.002334778 0.101028718 47.309753418 -0.000168098 0.999693573 0.024758296 -42.737228394 -0.101055555 -0.024648540 0.994575381 463.994598389
0.994896054 -0.002002515 0.100885145 47.614517212 -0.000518578 0.999688327 0.024957316 -42.911563873 -0.100903682 -0.024882250 0.994584978 466.257812500
0.994968414 -0.001952578 0.100169994 47.931148529 -0.000449434 0.999713004 0.023951197 -43.093959808 -0.100188002 -0.023875706 0.994681954 468.542968750
0.995097220 -0.002554954 0.098868348 48.265335083 0.000222771 0.999721587 0.023592625 -43.280227661 -0.098901100 -0.023454929 0.994820833 470.843566895
0.995181799 -0.003027472 0.098000005 48.580474854 0.000579680 0.999687314 0.024996318 -43.475036621 -0.098045029 -0.024819067 0.994872451 473.127441406
0.995131373 -0.003054195 0.098509111 48.879703522 0.000523896 0.999669433 0.025701579 -43.661605835 -0.098555043 -0.025524843 0.994804144 475.409393311
0.995189667 -0.002369486 0.097938307 49.184715271 -0.000089242 0.999685109 0.025092863 -43.828449249 -0.097966924 -0.024980893 0.994876087 477.713439941
0.995190978 -0.002366367 0.097924992 49.495002747 -0.000145762 0.999671280 0.025638511 -44.007591248 -0.097953491 -0.025529485 0.994863510 479.992340088
0.995215297 -0.003112639 0.097656533 49.806228638 0.000536222 0.999651313 0.026397603 -44.189014435 -0.097704649 -0.026218930 0.994870007 482.263671875
0.995234668 -0.003565799 0.097443432 50.105602264 0.001063853 0.999668837 0.025715770 -44.366294861 -0.097502850 -0.025489569 0.994908750 484.526062012
0.995321035 -0.004029519 0.096540019 50.420192719 0.001494800 0.999652624 0.026313584 -44.551445007 -0.096612528 -0.026046155 0.994981110 486.808135986
0.995336890 -0.004995380 0.096329965 50.718460083 0.002473990 0.999651670 0.026276216 -44.722579956 -0.096427679 -0.025915366 0.995002508 489.080169678
0.995328546 -0.004600418 0.096436255 51.023300171 0.002023840 0.999638796 0.026798753 -44.895637512 -0.096524708 -0.026478387 0.994978309 491.382812500
0.995399952 -0.004217529 0.095713869 51.335781097 0.001617871 0.999628067 0.027222089 -45.071022034 -0.095793091 -0.026942018 0.995036542 493.663482666
0.995369911 -0.003594967 0.096050702 51.630126953 0.001039251 0.999644339 0.026644770 -45.240543365 -0.096112333 -0.026421582 0.995019674 495.964080811
0.995379984 -0.003345161 0.095955938 51.945446014 0.000831192 0.999655664 0.026227223 -45.422763824 -0.096010625 -0.026026292 0.995039940 498.273010254
0.995411515 -0.003363310 0.095627278 52.247287750 0.000779710 0.999633968 0.027041931 -45.599876404 -0.095683247 -0.026843285 0.995049834 500.563629150
0.995408237 -0.002738623 0.095681481 52.547431946 0.000123235 0.999626458 0.027329531 -45.778911591 -0.095720589 -0.027192248 0.995036781 502.842254639
0.995456755 -0.001887459 0.095195130 52.857872009 -0.000646777 0.999646366 0.026583614 -45.956428528 -0.095211633 -0.026524406 0.995103598 505.131713867
0.995426655 -0.001523375 0.095516674 53.152442932 -0.001099513 0.999623835 0.027401360 -46.133838654 -0.095522478 -0.027381064 0.995050609 507.414276123
0.995452583 -0.001858175 0.095240489 53.456497192 -0.000663624 0.999650180 0.026439711 -46.311538696 -0.095256306 -0.026382681 0.995103121 509.696502686
0.995504141 -0.002612893 0.094681948 53.773742676 0.000020032 0.999625206 0.027375562 -46.494976044 -0.094717979 -0.027250594 0.995131075 511.994995117
0.995497644 -0.002391948 0.094755895 54.080039978 -0.000219327 0.999620676 0.027537933 -46.667484283 -0.094785810 -0.027434723 0.995119691 514.300354004
0.995507777 -0.001851486 0.094661750 54.387157440 -0.000732183 0.999628365 0.027251685 -46.843444824 -0.094677046 -0.027198568 0.995136380 516.607543945
0.995517552 -0.000779070 0.094573103 54.685722351 -0.001771596 0.999637067 0.026883351 -47.019622803 -0.094559707 -0.026930396 0.995154858 518.896484375
0.995435357 0.001005053 0.095432334 54.988136292 -0.003607757 0.999626040 0.027104151 -47.198600769 -0.095369421 -0.027324731 0.995066822 521.200866699
0.995339036 0.003101668 0.096388847 55.296634674 -0.005744201 0.999614894 0.027149966 -47.373741150 -0.096267529 -0.027577091 0.994973421 523.531005859
0.995259821 0.004172497 0.097161658 55.606910706 -0.006950098 0.999576271 0.028266542 -47.541587830 -0.097002529 -0.028807836 0.994867086 525.847106934
0.995171845 0.003771371 0.098075584 55.909763336 -0.006576695 0.999577940 0.028296152 -47.715503693 -0.097927496 -0.028804548 0.994776607 528.136047363
0.995119274 0.001929792 0.098659903 56.214679718 -0.004876614 0.999548852 0.029636074 -47.888072968 -0.098558195 -0.029972553 0.994679809 530.441467285
0.995083332 0.000328163 0.099040784 56.536849976 -0.003271056 0.999557853 0.029553028 -48.063884735 -0.098987296 -0.029731695 0.994644344 532.760192871
0.995005131 0.000360053 0.099822946 56.844509125 -0.003255318 0.999578655 0.028842639 -48.234333038 -0.099770501 -0.029023530 0.994587064 535.078063965
0.994893610 0.000076866 0.100928910 57.152553558 -0.002984487 0.999584794 0.028657917 -48.409812927 -0.100884818 -0.028812801 0.994480789 537.390808105
0.994782507 0.000490283 0.102016993 57.465873718 -0.003391149 0.999594748 0.028263640 -48.590450287 -0.101961799 -0.028462127 0.994381011 539.714416504
0.994657338 0.000972152 0.103227288 57.776226044 -0.003914391 0.999591708 0.028303791 -48.773769379 -0.103157625 -0.028556645 0.994255006 542.035644531
0.994515896 0.001262177 0.104578033 58.092720032 -0.004149274 0.999616086 0.027394151 -48.948402405 -0.104503311 -0.027677843 0.994139254 544.357666016
0.994334221 0.001466205 0.106288373 58.398490906 -0.004436209 0.999606013 0.027711850 -49.116554260 -0.106205866 -0.028026357 0.993949056 546.673583984
0.994245291 0.001186940 0.107121192 58.730335236 -0.004312517 0.999571502 0.028951028 -49.301189423 -0.107040934 -0.029246381 0.993824363 548.967041016
0.994181395 0.000510069 0.107718721 59.062450409 -0.003695506 0.999561667 0.029374262 -49.478378296 -0.107656509 -0.029601419 0.993747294 551.270019531
0.994273126 -0.000603398 0.106867142 59.411674500 -0.002453141 0.999591649 0.028467532 -49.650074005 -0.106840678 -0.028566662 0.993865609 553.577148438
0.994263291 -0.000888163 0.106956884 59.749694824 -0.002239064 0.999573529 0.029114557 -49.826675415 -0.106937140 -0.029187018 0.993837237 555.887145996
0.994190395 -0.000634244 0.107635193 60.082252502 -0.002572791 0.999556899 0.029653933 -50.000831604 -0.107606307 -0.029758576 0.993748128 558.188964844
0.994117558 -0.000316415 0.108306073 60.420467377 -0.003053357 0.999516368 0.030946176 -50.176086426 -0.108263493 -0.031094834 0.993635833 560.514770508
0.994103074 -0.000950138 0.108435996 60.766345978 -0.002504157 0.999493837 0.031714991 -50.351154327 -0.108411245 -0.031799514 0.993597388 562.835998535
0.994028151 -0.000242737 0.109123863 61.105121613 -0.003378192 0.999449909 0.032995734 -50.525020599 -0.109071828 -0.033167332 0.993480384 565.149353027
0.993985593 0.000335131 0.109510630 61.452503204 -0.003905032 0.999467790 0.032385822 -50.696792603 -0.109441489 -0.032618687 0.993457854 567.466308594
0.993984699 0.001265229 0.109511182 61.808364868 -0.004669999 0.999513388 0.030839723 -50.859107971 -0.109418869 -0.031165628 0.993507028 569.799133301
0.993996978 0.001637405 0.109395370 62.163711548 -0.005092928 0.999496520 0.031315520 -51.033348083 -0.109289005 -0.031684674 0.993504882 572.123107910
0.993975401 0.001827282 0.109588154 62.517211914 -0.005340745 0.999480724 0.031775653 -51.196434021 -0.109473191 -0.032169502 0.993468940 574.438232422
0.993800998 0.001446942 0.111164242 62.824920654 -0.005177366 0.999432743 0.033276435 -51.377513885 -0.111053035 -0.033645682 0.993244886 576.774475098
0.993713796 0.002338758 0.111925274 63.166046143 -0.005895772 0.999487698 0.031459846 -51.537300110 -0.111794353 -0.031921968 0.993218541 579.101257324
0.993776917 0.001208209 0.111382112 63.519699097 -0.004947817 0.999432921 0.033304304 -51.724411011 -0.111278720 -0.033648137 0.993219435 581.404235840
0.993731201 0.000762715 0.111793190 63.866790771 -0.004530049 0.999430120 0.033449005 -51.888378143 -0.111703977 -0.033745751 0.993168354 583.726318359
0.993842542 -0.000390470 0.110801876 64.237686157 -0.003409148 0.999412537 0.034100477 -52.060325623 -0.110750124 -0.034268238 0.993257344 586.065307617
0.993833065 -0.001604007 0.110875256 64.583389282 -0.002081795 0.999449253 0.033119030 -52.222602844 -0.110867321 -0.033145603 0.993282259 588.388549805
0.993878841 -0.002503322 0.110447444 64.939048767 -0.001199980 0.999439657 0.033450786 -52.391548157 -0.110469282 -0.033378568 0.993318796 590.719543457
0.993866444 -0.004483835 0.110496029 65.287490845 0.000717245 0.999418020 0.034104206 -52.560058594 -0.110584646 -0.033815775 0.993291199 593.048889160
0.993939996 -0.004995982 0.109810442 65.651084900 0.001250966 0.999416173 0.034146823 -52.723079681 -0.109916925 -0.033802532 0.993365765 595.396301270
