1.000000000 0.000000000 0.000000000 0.000000000 0.000000000 1.000000000 0.000000000 0.000000000 0.000000000 0.000000000 1.000000000 0.000000000
0.999999940 0.000045379 0.000413583 0.087477043 -0.000045311 1.000000000 -0.000165231 -0.226234093 -0.000413590 0.000165212 0.999999881 2.286421776
0.999999285 0.000394904 0.001142280 0.166996375 -0.000395385 0.999999821 0.000421394 -0.465373904 -0.001142113 -0.000421845 0.999999285 4.579307079
0.999998689 -0.000029398 0.001633309 0.265611887 0.000028661 0.999999881 0.000451182 -0.695135474 -0.001633322 -0.000451135 0.999998569 6.864472866
0.999996662 -0.000222421 0.002570697 0.357818455 0.000225490 0.999999404 -0.001193996 -0.928637803 -0.002570429 0.001194572 0.999996006 9.156521797
0.999987781 0.001552672 0.004699752 0.448341846 -0.001553764 0.999998868 0.000228733 -1.165287495 -0.004699391 -0.000236033 0.999988973 11.462198257
0.999969602 0.003372721 0.007019972 0.546557665 -0.003382791 0.999993265 0.001423264 -1.398409009 -0.007015125 -0.001446968 0.999974370 13.747312546
0.999950290 0.003267675 0.009426323 0.653050244 -0.003305299 0.999986708 0.003978588 -1.626609802 -0.009413196 -0.004009547 0.999947727 16.019357681
0.999945462 0.003216258 0.009935339 0.758126497 -0.003266410 0.999981999 0.005035825 -1.850917459 -0.009918964 -0.005068003 0.999937952 18.322233200
0.999931276 0.002287668 0.011502057 0.866635799 -0.002346933 0.999984086 0.005141667 -2.075182438 -0.011490114 -0.005168307 0.999920666 20.607814789
0.999931097 -0.000073146 0.011739358 0.988981366 0.000039809 0.999995947 0.002839993 -2.302642822 -0.011739519 -0.002839330 0.999926984 22.918472290
0.999920130 -0.002304011 0.012429620 1.097417235 0.002292910 0.999996901 0.000907246 -2.523210526 -0.012431673 -0.000878673 0.999922335 25.199804306
0.999917090 -0.002561186 0.012621665 1.230793834 0.002557086 0.999996603 0.000341056 -2.768743515 -0.012622498 -0.000308753 0.999920249 27.488271713
0.999898314 -0.002229190 0.014094059 1.329215527 0.002238763 0.999997318 -0.000663479 -2.993321657 -0.014092543 0.000694965 0.999900460 29.774421692
0.999898493 0.000009565 0.014246743 1.463564157 -0.000035340 0.999998331 0.001808905 -3.221366405 -0.014246702 -0.001809225 0.999896884 32.049404144
0.999904037 0.001912912 0.013718986 1.598450184 -0.001973131 0.999988496 0.004377241 -3.445058107 -0.013710455 -0.004403890 0.999896288 34.330326080
0.999862432 0.004452362 0.015976999 1.706616163 -0.004579190 0.999958336 0.007910397 -3.673162937 -0.015941108 -0.007982472 0.999841094 36.649421692
0.999838173 0.006297701 0.016850660 1.821507573 -0.006424505 0.999951363 0.007481661 -3.892057657 -0.016802721 -0.007588708 0.999830008 38.921398163
0.999810517 0.005373271 0.018709550 1.933115602 -0.005486190 0.999966979 0.005989214 -4.098581314 -0.018676752 -0.006090723 0.999806941 41.220684052
0.999818265 0.002871718 0.018850932 2.058913231 -0.002966797 0.999983072 0.005017633 -4.324429989 -0.018836200 -0.005072648 0.999809682 43.497737885
0.999814749 0.002926182 0.019024465 2.183889389 -0.002995014 0.999989092 0.003590612 -4.549363136 -0.019013751 -0.003646924 0.999812543 45.763217926
0.999813795 0.002565683 0.019133469 2.311583996 -0.002617993 0.999992907 0.002709410 -4.779653072 -0.019126380 -0.002758996 0.999813259 48.032329559
0.999815106 0.000753095 0.019220946 2.447238445 -0.000811178 0.999995112 0.003014255 -5.008209705 -0.019218579 -0.003029288 0.999810815 50.309135437
0.999798059 0.000037835 0.020101506 2.577355385 -0.000104671 0.999994457 0.003323890 -5.232630730 -0.020101275 -0.003325323 0.999792397 52.572929382
0.999792993 -0.001232258 0.020308271 2.713688612 0.001163488 0.999993503 0.003397819 -5.464244843 -0.020312326 -0.003373487 0.999787986 54.854614258
0.999755323 -0.001293873 0.022081869 2.834983349 0.001211221 0.999992311 0.003755944 -5.692982197 -0.022086551 -0.003728279 0.999749124 57.146720886
0.999741077 -0.002602232 0.022609835 2.975859642 0.002505623 0.999987602 0.004300180 -5.917349339 -0.022620743 -0.004242414 0.999735117 59.413597107
0.999694467 -0.003698536 0.024440188 3.101618767 0.003607471 0.999986351 0.003769118 -6.143062592 -0.024453804 -0.003679799 0.999694169 61.681293488
0.999684691 -0.004586603 0.024685822 3.257254601 0.004497793 0.999983132 0.003651954 -6.369251251 -0.024702152 -0.003539770 0.999688685 63.932086945
0.999646842 -0.003967260 0.026276303 3.395787239 0.003853532 0.999983013 0.004377347 -6.594415188 -0.026293222 -0.004274545 0.999645054 66.201202393
0.999629617 -0.003259431 0.027019294 3.547404289 0.003134286 0.999984086 0.004672732 -6.821842670 -0.027034096 -0.004586315 0.999624014 68.457260132
0.999584734 -0.003493375 0.028602436 3.684705496 0.003366574 0.999984324 0.004480167 -7.047895908 -0.028617637 -0.004382014 0.999580741 70.711845398
0.999568641 -0.004301829 0.029052446 3.847153664 0.004210718 0.999986053 0.003196574 -7.272603035 -0.029065792 -0.003072863 0.999572754 72.958534241
0.999557018 -0.005178610 0.029308531 4.003478050 0.005078337 0.999980986 0.003494675 -7.497793198 -0.029326072 -0.003344287 0.999564290 75.225280762
0.999512672 -0.006390342 0.030555394 4.166345596 0.006307902 0.999976218 0.002793721 -7.728425980 -0.030572517 -0.002599619 0.999529183 77.491554260
0.999517083 -0.007111557 0.030250212 4.328357220 0.007027257 0.999971092 0.002892156 -7.957136631 -0.030269913 -0.002678182 0.999538183 79.738670349
0.999483943 -0.007566351 0.031220647 4.475646496 0.007491330 0.999968827 0.002519197 -8.175133705 -0.031238733 -0.002284013 0.999509335 81.992523193
0.999465883 -0.006816250 0.031960815 4.645340443 0.006737076 0.999974072 0.002584181 -8.409374237 -0.031977598 -0.002367478 0.999485791 84.277587891
0.999416232 -0.006624745 0.033519357 4.799699783 0.006533913 0.999974608 0.002818650 -8.624241829 -0.033537183 -0.002597992 0.999434114 86.535278320
0.999419332 -0.006440850 0.033459079 4.973576546 0.006299828 0.999970853 0.004318422 -8.861646652 -0.033485916 -0.004105126 0.999430776 88.810157776
0.999396026 -0.005585423 0.034297720 5.136628151 0.005411025 0.999971986 0.005175555 -9.090925217 -0.034325667 -0.004986844 0.999398232 91.066627502
0.999372303 -0.005367599 0.035019949 5.303244591 0.005186524 0.999972761 0.005259455 -9.313420296 -0.035047229 -0.005074522 0.999372721 93.302375793
0.999356151 -0.005015133 0.035526663 5.479779243 0.004856050 0.999977827 0.004562718 -9.538187027 -0.035548758 -0.004387261 0.999358296 95.532844543
0.999323964 -0.005884020 0.036290284 5.649724483 0.005704505 0.999970973 0.005048200 -9.760949135 -0.036318939 -0.004837770 0.999328494 97.777305603
0.999286294 -0.005660648 0.037347313 5.809494972 0.005498264 0.999974966 0.004449224 -9.989752769 -0.037371557 -0.004240703 0.999292433 100.013542175
0.999235034 -0.005620004 0.038700592 5.968587399 0.005401907 0.999968946 0.005737723 -10.208943367 -0.038731627 -0.005524277 0.999234378 102.241676331
0.999219716 -0.006172228 0.039009884 6.168948174 0.005971679 0.999968350 0.005255403 -10.425196648 -0.039041083 -0.005018347 0.999225020 104.503631592
0.999183476 -0.006906791 0.039807413 6.347316742 0.006675052 0.999959946 0.005951492 -10.641812325 -0.039846912 -0.005680915 0.999189675 106.731948853
0.999155998 -0.008239103 0.040241718 6.534371376 0.007999692 0.999949336 0.006106775 -10.857488632 -0.040289994 -0.005779700 0.999171317 108.981895447
0.999122679 -0.009267693 0.040840160 6.725688934 0.008980667 0.999933720 0.007205891 -11.084088326 -0.040904231 -0.006832798 0.999139726 111.228675842
0.999106765 -0.009880719 0.041085772 6.915638924 0.009640398 0.999935269 0.006043208 -11.306496620 -0.041142829 -0.005641726 0.999137342 113.485542297
0.999060571 -0.010490757 0.042046208 7.098102570 0.010290156 0.999934614 0.004984507 -11.522346497 -0.042095751 -0.004547163 0.999103248 115.732322693
0.999026656 -0.010760896 0.042777907 7.277819633 0.010539107 0.999929845 0.005406811 -11.745965958 -0.042833082 -0.004950708 0.999069989 117.956542969
0.998981118 -0.010841633 0.043811522 7.469874859 0.010578186 0.999924600 0.006240553 -11.963100433 -0.043875881 -0.005770748 0.999020338 120.191513062
0.998951435 -0.011557772 0.044302084 7.668459415 0.011264528 0.999913037 0.006863144 -12.185437202 -0.044377550 -0.006356905 0.998994648 122.395774841
0.998916507 -0.012153321 0.044923969 7.869345665 0.011867683 0.999907672 0.006619463 -12.405426979 -0.045000259 -0.006079149 0.998968482 124.651550293
0.998876750 -0.012393243 0.045733303 8.050793648 0.012131204 0.999908388 0.006002782 -12.631128311 -0.045803502 -0.005441239 0.998935640 126.921226501
0.998863399 -0.014340075 0.045455370 8.243287086 0.014071882 0.999881685 0.006214604 -12.844857216 -0.045539115 -0.005567898 0.998947024 129.185928345
0.998900890 -0.015386199 0.044274777 8.438822746 0.015109942 0.999864280 0.006567512 -13.063074112 -0.044369824 -0.005891304 0.998997808 131.437301636
0.998947859 -0.015665045 0.043100927 8.628017426 0.015349745 0.999853015 0.007636668 -13.276822090 -0.043214221 -0.006967045 0.999041557 133.670852661
0.998998642 -0.016749669 0.041487273 8.818279266 0.016460430 0.999837756 0.007303653 -13.495904922 -0.041602880 -0.006613441 0.999112308 135.924224854
0.999071419 -0.017615626 0.039321035 9.022006989 0.017367423 0.999827027 0.006644929 -13.707963943 -0.039431289 -0.005955854 0.999204516 138.149703979
0.999062121 -0.018323459 0.039231490 9.195572853 0.018055394 0.999811232 0.007176362 -13.935338974 -0.039355587 -0.006461291 0.999204397 140.434509277
0.999045789 -0.018497704 0.039562155 9.363187790 0.018214080 0.999805808 0.007517535 -14.144584656 -0.039693523 -0.006789775 0.999188900 142.662399292
0.999094903 -0.018311430 0.038392279 9.559013367 0.017984264 0.999799132 0.008849842 -14.370854378 -0.038546626 -0.008151377 0.999223471 144.908493042
0.999098718 -0.017473539 0.038683515 9.731443405 0.017187983 0.999822497 0.007702125 -14.583929062 -0.038811237 -0.007030291 0.999221802 147.155975342
0.999120831 -0.016461702 0.038554754 9.911943436 0.016233020 0.999848783 0.006236897 -14.798941612 -0.038651589 -0.005605553 0.999237001 149.398452759
0.999127269 -0.015117520 0.038937353 10.088600159 0.014925241 0.999874949 0.005224196 -15.016922951 -0.039011467 -0.004638487 0.999228001 151.639328003
0.999135017 -0.014229112 0.039070096 10.275688171 0.014036024 0.999888003 0.005212017 -15.231120110 -0.039139885 -0.004659122 0.999222815 153.871856689
0.999127865 -0.013583180 0.039483178 10.463926315 0.013371718 0.999894798 0.005615003 -15.449296951 -0.039555304 -0.005082149 0.999204457 156.131958008
0.999124050 -0.012048541 0.040073894 10.637168884 0.011771831 0.999905229 0.007133774 -15.667853355 -0.040156048 -0.006655782 0.999171197 158.343032837
0.999069691 -0.011452153 0.041576602 10.815608025 0.011131427 0.999906600 0.007937401 -15.881731033 -0.041663617 -0.007467209 0.999103785 160.577423096
0.999053538 -0.010218790 0.042280719 10.998269081 0.009808369 0.999902785 0.009903146 -16.100719452 -0.042377818 -0.009479068 0.999056697 162.854721069
0.999036789 -0.009806610 0.042771164 11.183919907 0.009435916 0.999916255 0.008860191 -16.299171448 -0.042854477 -0.008448074 0.999045610 165.095947266
0.998995423 -0.009210081 0.043855146 11.378055573 0.008873021 0.999929607 0.007874209 -16.512765884 -0.043924574 -0.007477172 0.999006867 167.328796387
0.998908997 -0.007267274 0.046130110 11.559214592 0.006894217 0.999942303 0.008241040 -16.727279663 -0.046187341 -0.007914017 0.998901486 169.565826416
0.998791993 -0.006739573 0.048672415 11.747343063 0.006323157 0.999942064 0.008704368 -16.946409225 -0.048728257 -0.008386091 0.998776853 171.759902954
0.998675942 -0.006840670 0.050985716 11.947235107 0.006424652 0.999944687 0.008318952 -17.153383255 -0.051039811 -0.007980369 0.998664737 174.019012451
0.998610198 -0.006722256 0.052272771 12.157382965 0.006262191 0.999940217 0.008960053 -17.368349075 -0.052329879 -0.008620257 0.998592675 176.254226685
0.998573601 -0.007101011 0.052917074 12.360775948 0.006584680 0.999929070 0.009925332 -17.577001572 -0.052983802 -0.009562734 0.998549640 178.476974487
0.998542547 -0.008546012 0.053288404 12.558591843 0.008042149 0.999920905 0.009662691 -17.795564651 -0.053366762 -0.009220055 0.998532534 180.728790283
0.998505533 -0.009451719 0.053826950 12.756334305 0.008958591 0.999915719 0.009395292 -18.004909515 -0.053911224 -0.008899040 0.998506069 182.976211548
0.998559892 -0.010875531 0.052534424 12.974304199 0.010393976 0.999901533 0.009431005 -18.223978043 -0.052631818 -0.008871382 0.998574555 185.210281372
0.998574734 -0.012803013 0.051812280 13.185963631 0.012295346 0.999873281 0.010105113 -18.434463501 -0.051935099 -0.009453660 0.998605728 187.447128296
0.998582721 -0.013493109 0.051482175 13.386962891 0.013009794 0.999868155 0.009711593 -18.641803741 -0.051606432 -0.009028059 0.998626649 189.689315796
0.998539984 -0.014857914 0.051934149 13.586104393 0.014349559 0.999845505 0.010147700 -18.868301392 -0.052076895 -0.009387650 0.998599052 191.911239624
0.998515189 -0.016515072 0.051910542 13.783907890 0.016045198 0.999826550 0.009455305 -19.077136993 -0.052057702 -0.008608348 0.998606980 194.148086548
0.998530090 -0.016033407 0.051772773 13.995293617 0.015544917 0.999830902 0.009824215 -19.287591934 -0.051921532 -0.009004969 0.998610556 196.389266968
0.998526931 -0.014382295 0.052317213 14.204407692 0.013883304 0.999854684 0.009888764 -19.498140335 -0.052451834 -0.009147862 0.998581588 198.618179321
0.998553336 -0.011793222 0.052462921 14.408624649 0.011296558 0.999888599 0.009753466 -19.716506958 -0.052572101 -0.009146704 0.998575270 200.888946533
0.998526037 -0.011305246 0.053086150 14.619451523 0.010837381 0.999899924 0.009092906 -19.929611206 -0.053183641 -0.008504188 0.998548508 203.150299072
0.998484850 -0.011658847 0.053777140 14.820768356 0.011166551 0.999893010 0.009445761 -20.133390427 -0.053881511 -0.008830946 0.998508275 205.373779297
0.998477459 -0.013121583 0.053577557 15.051731110 0.012608246 0.999871373 0.009908018 -20.358150482 -0.053700682 -0.009217413 0.998514473 207.619018555
0.998431563 -0.012810397 0.054499496 15.259670258 0.012264533 0.999871314 0.010338696 -20.561050415 -0.054624930 -0.009654069 0.998460233 209.860321045
0.998338461 -0.012665504 0.056212276 15.468900681 0.012016955 0.999857426 0.011860543 -20.788257599 -0.056354478 -0.011165336 0.998348415 212.100250244
0.998274624 -0.011260027 0.057629194 15.704643250 0.010567965 0.999868512 0.012299613 -20.996498108 -0.057760116 -0.011669365 0.998262286 214.333450317
0.998080015 -0.009453803 0.061212361 15.900739670 0.008722223 0.999887407 0.012207677 -21.194450378 -0.061320875 -0.011650329 0.998050094 216.581329346
0.997936487 -0.009492597 0.063503549 16.125892639 0.008712462 0.999883294 0.012550524 -21.398019791 -0.063615277 -0.011971355 0.997902691 218.824645996
0.997796476 -0.010881783 0.065449916 16.357864380 0.010041474 0.999863029 0.013154231 -21.599615097 -0.065584093 -0.012468031 0.997769117 221.054779053
0.997685313 -0.012213543 0.066892974 16.591959000 0.011307934 0.999839425 0.013900129 -21.798809052 -0.067051999 -0.013111535 0.997663319 223.289520264
0.997624040 -0.014109024 0.067433298 16.839569092 0.013238785 0.999823391 0.013334690 -22.003976822 -0.067609534 -0.012410270 0.997634649 225.513046265
0.997586548 -0.015315525 0.067723826 17.079544067 0.014459805 0.999809504 0.013107678 -22.201749802 -0.067911662 -0.012096769 0.997618020 227.758193970
0.997538209 -0.015439690 0.068402931 17.317277908 0.014560702 0.999805152 0.013330166 -22.403297424 -0.068595409 -0.012301357 0.997568846 229.993698120
0.997479618 -0.016544791 0.068996474 17.561162949 0.015719533 0.999798477 0.012486790 -22.608068466 -0.069189146 -0.011370730 0.997538865 232.233810425
0.997408688 -0.017617447 0.069753550 17.804668427 0.016706761 0.999767721 0.013617742 -22.806529999 -0.069977261 -0.012417098 0.997471333 234.472000122
0.997426510 -0.017472865 0.069534294 18.082244873 0.016521655 0.999762237 0.014231423 -23.017969131 -0.069766439 -0.013045977 0.997478068 236.748947144
0.997385919 -0.017267067 0.070165180 18.323314667 0.016324107 0.999768853 0.013990453 -23.212415695 -0.070390545 -0.012808497 0.997437418 238.973617554
0.997355342 -0.017717795 0.070486367 18.570606232 0.016743334 0.999756217 0.014391758 -23.414100647 -0.070724182 -0.013173518 0.997408926 241.189285278
0.997296333 -0.018003723 0.071245417 18.815191269 0.017006712 0.999749124 0.014576004 -23.612083435 -0.071489975 -0.013324946 0.997352242 243.432403564
0.997264028 -0.018481879 0.071574688 19.066560745 0.017528290 0.999749482 0.013928265 -23.816600800 -0.071814157 -0.012635576 0.997337997 245.653427124
0.997271538 -0.018189710 0.071544632 19.321092606 0.017272107 0.999760687 0.013423449 -24.021043777 -0.071771696 -0.012151100 0.997347057 247.878707886
0.997244358 -0.018515879 0.071838744 19.578731537 0.017559219 0.999748826 0.013925593 -24.221916199 -0.072078563 -0.012625787 0.997319043 250.117202759
0.997221947 -0.019976968 0.071759082 19.837850571 0.019027755 0.999722481 0.013887103 -24.422874451 -0.072016589 -0.012483110 0.997325242 252.346618652
0.997201204 -0.019862652 0.072078258 20.098501205 0.018865015 0.999716938 0.014495510 -24.623607635 -0.072345771 -0.013095183 0.997293591 254.605804443
0.997175395 -0.020640008 0.072216652 20.343349457 0.019619515 0.999697804 0.014811994 -24.824058533 -0.072500549 -0.013353301 0.997278988 256.825164795
0.997149765 -0.020781534 0.072529174 20.607179642 0.019731613 0.999690354 0.015162533 -25.029457092 -0.072821833 -0.013688200 0.997251034 259.095672607
0.997112513 -0.020534102 0.073109165 20.863986969 0.019517228 0.999702990 0.014596415 -25.227222443 -0.073387191 -0.013127378 0.997217059 261.340972900
0.997084737 -0.020544076 0.073484480 21.127490997 0.019557359 0.999709010 0.014122103 -25.426614761 -0.073753208 -0.012643772 0.997196376 263.601623535
0.997051895 -0.019856241 0.074116290 21.388191223 0.018885741 0.999726772 0.013772286 -25.630714417 -0.074369512 -0.012331940 0.997154593 265.842834473
0.996977150 -0.019510640 0.075205557 21.651245117 0.018522393 0.999732971 0.013815829 -25.829801559 -0.075455040 -0.012381076 0.997072279 268.090332031
0.996860743 -0.019715056 0.076681525 21.905708313 0.018700918 0.999728203 0.013921058 -26.031322479 -0.076935142 -0.012443339 0.996958435 270.329193115
0.996711552 -0.020621903 0.078363441 22.158399582 0.019624464 0.999716580 0.013477362 -26.222171783 -0.078619160 -0.011895202 0.996833742 272.606994629
0.996485531 -0.020950230 0.081103578 22.414386749 0.019923044 0.999711037 0.013453818 -26.413162231 -0.081362002 -0.011790704 0.996614814 274.841491699
0.996476352 -0.021032512 0.081194036 22.704925537 0.019794339 0.999675632 0.016024593 -26.631958008 -0.081504747 -0.014360944 0.996569455 277.116668701
0.996380389 -0.020029837 0.082612477 22.981998444 0.018691920 0.999681830 0.016936880 -26.823890686 -0.082925431 -0.015331388 0.996437907 279.363739014
0.996297896 -0.020786349 0.083417483 23.270881653 0.019333236 0.999647617 0.018189939 -27.035570145 -0.083766192 -0.016509868 0.996348679 281.643859863
0.996128917 -0.020270124 0.085534640 23.534543991 0.018666316 0.999635518 0.019508796 -27.234863281 -0.085898884 -0.017836660 0.996144235 283.888610840
0.996194303 -0.019837853 0.084872335 23.848581314 0.018365715 0.999667764 0.018091170 -27.418321609 -0.085203037 -0.016463581 0.996227562 286.159942627
0.996078908 -0.019095792 0.086382255 24.116659164 0.017673502 0.999695897 0.017200042 -27.608551025 -0.086684436 -0.015605925 0.996113598 288.390747070
0.996109545 -0.019102355 0.086028308 24.401210785 0.017691175 0.999696612 0.017136378 -27.808658600 -0.086329557 -0.015547768 0.996145308 290.623870850
0.996134579 -0.019509245 0.085646100 24.692453384 0.018154675 0.999697924 0.016566433 -27.996992111 -0.085943438 -0.014947525 0.996187806 292.870605469
0.996139824 -0.020148242 0.085437104 24.977806091 0.018865328 0.999697268 0.015796857 -28.191478729 -0.085729524 -0.014124080 0.996218264 295.107025146
0.996084213 -0.020019932 0.086112976 25.253078461 0.018700292 0.999695420 0.016104057 -28.394767761 -0.086409144 -0.014430658 0.996155322 297.352935791
0.996102214 -0.019606849 0.085999243 25.539215088 0.018236078 0.999694288 0.016696123 -28.586460114 -0.086300313 -0.015062758 0.996155262 299.594848633
0.996075928 -0.018778829 0.086487368 25.813970566 0.017336363 0.999698281 0.017399412 -28.783193588 -0.086788021 -0.015831755 0.996100962 301.836151123
0.996065974 -0.019239094 0.086500779 26.100303650 0.017808078 0.999692142 0.017284725 -28.973943710 -0.086806677 -0.015676314 0.996101975 304.088714600
0.996033370 -0.018647168 0.087003700 26.383901596 0.017194800 0.999700546 0.017412923 -29.164146423 -0.087302342 -0.015847843 0.996055782 306.329254150
0.996021330 -0.019660294 0.086919196 26.667346954 0.018218853 0.999683499 0.017346092 -29.362678528 -0.087232709 -0.015693506 0.996064484 308.580841064
0.995944500 -0.021064620 0.087468751 26.950813293 0.019582793 0.999650419 0.017764937 -29.552513123 -0.087812379 -0.015980011 0.996008992 310.843750000
0.995934129 -0.021184707 0.087558158 27.240438461 0.019769536 0.999660015 0.016998397 -29.745323181 -0.087888479 -0.015198303 0.996014357 313.093780518
0.995960355 -0.020856293 0.087338381 27.537956238 0.019376410 0.999654472 0.017757989 -29.940454483 -0.087678574 -0.015993951 0.996020436 315.339111328
0.995918870 -0.019560730 0.088107765 27.821233749 0.018149789 0.999694347 0.016786633 -30.134017944 -0.088409185 -0.015118989 0.995969415 317.574829102
0.995904565 -0.017660625 0.088668950 28.101434708 0.016181707 0.999718130 0.017370379 -30.328010559 -0.088950731 -0.015864423 0.995909691 319.815185547
0.995859444 -0.016353084 0.089423567 28.385028839 0.014906733 0.999747455 0.016818184 -30.522922516 -0.089676008 -0.015415533 0.995851696 322.043548584
0.995795965 -0.015584307 0.090262763 28.664937973 0.014056211 0.999747336 0.017540438 -30.715459824 -0.090513319 -0.016197948 0.995763421 324.282348633
0.995809257 -0.014982579 0.090219162 28.961402893 0.013315752 0.999729812 0.019048972 -30.917825699 -0.090480193 -0.017767806 0.995739758 326.511230469
0.995777428 -0.015269578 0.090521239 29.246479034 0.013633410 0.999732792 0.018665830 -31.110944748 -0.090782076 -0.017352894 0.995719612 328.752899170
0.995779395 -0.016739007 0.090238757 29.546941757 0.015167587 0.999721646 0.018071726 -31.302330017 -0.090516135 -0.016626749 0.995756209 330.991516113
0.995758533 -0.016270310 0.090555079 29.829996109 0.014714381 0.999732852 0.017823327 -31.493757248 -0.090820864 -0.016415272 0.995731950 333.212585449
0.995719731 -0.016588461 0.090923414 30.116790771 0.014919722 0.999708116 0.019002333 -31.684364319 -0.091212116 -0.017564444 0.995676517 335.447509766
0.995759606 -0.017032292 0.090404354 30.419687271 0.015361357 0.999698699 0.019146658 -31.872615814 -0.090703234 -0.017676733 0.995721102 337.685119629
0.995755374 -0.016549703 0.090539262 30.704885483 0.014870777 0.999705315 0.019186955 -32.062385559 -0.090830117 -0.017759122 0.995708168 339.922180176
0.995794237 -0.016867433 0.090053059 31.006652832 0.015211491 0.999702930 0.019043323 -32.255416870 -0.090347536 -0.017593389 0.995754838 342.164398193
0.995822430 -0.017363217 0.089644112 31.302284241 0.015644623 0.999680758 0.019838490 -32.447059631 -0.089959949 -0.018353168 0.995776236 344.414611816
0.995874107 -0.016930956 0.089151375 31.593332291 0.015203297 0.999683917 0.020022519 -32.632495880 -0.089462206 -0.018584507 0.995816827 346.654479980
0.995906413 -0.016732361 0.088827886 31.880344391 0.015019616 0.999688864 0.019915218 -32.817886353 -0.089133471 -0.018499536 0.995847821 348.885711670
0.995861232 -0.016210610 0.089428455 32.163528442 0.014450054 0.999689519 0.020299198 -33.009422302 -0.089729749 -0.018922942 0.995786309 351.128173828
0.995908499 -0.016286204 0.088887811 32.456172943 0.014514269 0.999683559 0.020544605 -33.194133759 -0.089194283 -0.019170411 0.995829701 353.348571777
0.995932698 -0.016168876 0.088637367 32.746879578 0.014423512 0.999690056 0.020296335 -33.384284973 -0.088938057 -0.018935326 0.995857179 355.597412109
0.995978236 -0.016477941 0.088066578 33.042049408 0.014708009 0.999677360 0.020708948 -33.569190979 -0.088379413 -0.019330379 0.995899320 357.830017090
0.996061444 -0.015919164 0.087226093 33.337009430 0.014082296 0.999666750 0.021633772 -33.756477356 -0.087541431 -0.020320218 0.995953619 360.066589355
0.996108055 -0.016208703 0.086637102 33.628944397 0.014374158 0.999659896 0.021757178 -33.944183350 -0.086960316 -0.020427167 0.996002316 362.310699463
0.996156573 -0.016205797 0.086078465 33.919384003 0.014358433 0.999654055 0.022037340 -34.125396729 -0.086405836 -0.020716688 0.996044576 364.552001953
0.996218264 -0.016177645 0.085365899 34.207092285 0.014402242 0.999667764 0.021372639 -34.310314178 -0.085683294 -0.020062352 0.996120393 366.803039551
0.996253729 -0.016849553 0.084819831 34.488693237 0.015095512 0.999659598 0.021278715 -34.497646332 -0.085149482 -0.019918604 0.996169031 369.044860840
0.996237099 -0.016812634 0.085023336 34.762966156 0.015132130 0.999677956 0.020371204 -34.677207947 -0.085338451 -0.019007964 0.996170700 371.310852051
0.996295869 -0.017294740 0.084234484 35.043312073 0.015609983 0.999665499 0.020618567 -34.868877411 -0.084562905 -0.019227292 0.996232629 373.528259277
0.996351123 -0.017001145 0.083638787 35.330215454 0.015260422 0.999654293 0.021407865 -35.050235748 -0.083973825 -0.020053390 0.996266127 375.779449463
0.996321559 -0.017401541 0.083907649 35.600868225 0.015657108 0.999648333 0.021403378 -35.228713989 -0.084250592 -0.020010896 0.996243656 378.036834717
0.996315300 -0.017807109 0.083896853 35.878871918 0.016033072 0.999634385 0.021772068 -35.416461945 -0.084253870 -0.020346720 0.996236682 380.273406982
0.996335030 -0.017997805 0.083620653 36.165199280 0.016220111 0.999628782 0.021890005 -35.594860077 -0.083983563 -0.020453444 0.996257186 382.513702393
0.996331096 -0.017176989 0.083840564 36.447185516 0.015369605 0.999636352 0.022155542 -35.779804230 -0.084190615 -0.020785661 0.996232986 384.767791748
0.996364355 -0.016328668 0.083614983 36.736804962 0.014527533 0.999650121 0.022104159 -35.956779480 -0.083946653 -0.020809079 0.996252894 387.041473389
0.996389031 -0.014822738 0.083601378 37.024688721 0.013011971 0.999669671 0.022162976 -36.148986816 -0.083902270 -0.020995133 0.996252716 389.312072754
0.996380508 -0.013622594 0.083906278 37.299167633 0.011802157 0.999685049 0.022153996 -36.333290100 -0.084181622 -0.021083539 0.996227264 391.586944580
0.996413291 -0.012342120 0.083715454 37.582637787 0.010394791 0.999666035 0.023657441 -36.516582489 -0.083979480 -0.022702385 0.996208847 393.848632812
0.996363342 -0.010813712 0.084517047 37.853191376 0.008811740 0.999672532 0.024024429 -36.699897766 -0.084749147 -0.023192318 0.996132374 396.107147217
0.996330082 -0.010756354 0.084914967 38.135940552 0.008872651 0.999706745 0.022529747 -36.887626648 -0.085132413 -0.021693641 0.996133387 398.374877930
0.996271670 -0.010482666 0.085631609 38.411033630 0.008627634 0.999720633 0.022004394 -37.071258545 -0.085838340 -0.021183560 0.996083856 400.643463135
0.996152997 -0.011598166 0.086861104 38.679397583 0.009619319 0.999685287 0.023165796 -37.252906799 -0.087102443 -0.022241129 0.995951056 402.881683350
0.996118844 -0.013111979 0.087036550 38.960578918 0.011034108 0.999643445 0.024311898 -37.438152313 -0.087324284 -0.023257166 0.995908439 405.176300049
0.996071815 -0.013577594 0.087501355 39.243385315 0.011488800 0.999637842 0.024331152 -37.619407654 -0.087800033 -0.023230290 0.995867312 407.433105469
0.996017575 -0.012465334 0.088280447 39.545673370 0.010435268 0.999671280 0.023419956 -37.793090820 -0.088543363 -0.022405457 0.995820224 409.703948975
0.995997071 -0.011467939 0.088647068 39.843631744 0.009406547 0.999676347 0.023636786 -37.978614807 -0.088889435 -0.022708306 0.995782554 411.962646484
0.995930552 -0.010253109 0.089539096 40.125301361 0.008194228 0.999694228 0.023331614 -38.161014557 -0.089750931 -0.022502966 0.995709956 414.211791992
0.995831251 -0.009172141 0.090752304 40.414669037 0.007080620 0.999702454 0.023341654 -38.340755463 -0.090939395 -0.022601765 0.995599926 416.478332520
0.995778859 -0.009383063 0.091303810 40.713539124 0.007285838 0.999702454 0.023276009 -38.524150848 -0.091495030 -0.022512533 0.995550990 418.734405518
0.995674789 -0.009425592 0.092426941 41.001132965 0.007304667 0.999702930 0.023258530 -38.703914642 -0.092618689 -0.022482786 0.995447814 420.987335205
0.995603800 -0.009733390 0.093157500 41.290393829 0.007609123 0.999703467 0.023131041 -38.888572693 -0.093355015 -0.022320509 0.995382667 423.238677979
0.995532632 -0.010350552 0.093848243 41.587562561 0.008097402 0.999670506 0.024357541 -39.072319031 -0.094069429 -0.023488805 0.995288491 425.507598877
0.995497108 -0.009751043 0.094288930 41.886459351 0.007421459 0.999659240 0.025026027 -39.250144958 -0.094500832 -0.024213577 0.995230258 427.753295898
0.995397985 -0.008954188 0.095407538 42.188568115 0.006492897 0.999638855 0.026076922 -39.429832458 -0.095606573 -0.025337450 0.995096624 430.036224365
0.995417237 -0.009929767 0.095109664 42.495388031 0.007500276 0.999637246 0.025867617 -39.607276917 -0.095332019 -0.025035722 0.995130599 432.315704346
0.995375574 -0.010791964 0.095451854 42.805404663 0.008410684 0.999644101 0.025314720 -39.792449951 -0.095691070 -0.024394838 0.995112121 434.584716797
0.995371342 -0.010098064 0.095571198 43.112335205 0.007681756 0.999642313 0.025617067 -39.959735870 -0.095795706 -0.024764337 0.995092928 436.850799561
0.995341837 -0.010728252 0.095809989 43.421524048 0.008276687 0.999628961 0.025948638 -40.139320374 -0.096052825 -0.025034769 0.995061338 439.134918213
0.995381176 -0.010702198 0.095402755 43.736904144 0.008208013 0.999615133 0.026497960 -40.317192078 -0.095649622 -0.025592502 0.995085955 441.408081055
0.995371938 -0.010469377 0.095525607 44.055603027 0.007868206 0.999589026 0.027566252 -40.515804291 -0.095774934 -0.026687061 0.995045185 443.679565430
0.995351374 -0.011135555 0.095663682 44.370441437 0.008521354 0.999580204 0.027692176 -40.687961578 -0.095931880 -0.026748266 0.995028436 445.958862305
0.995365858 -0.011174385 0.095508628 44.679912567 0.008605792 0.999591231 0.027263567 -40.862571716 -0.095774241 -0.026315302 0.995055199 448.226013184
0.995362341 -0.010606769 0.095610231 44.987209320 0.008063810 0.999604344 0.026944393 -41.038764954 -0.095858201 -0.026048450 0.995054126 450.491912842
0.995317400 -0.010334382 0.096106291 45.291576385 0.007777764 0.999606848 0.026938651 -41.220726013 -0.096346900 -0.026065012 0.995006502 452.756042480
0.995256245 -0.009746054 0.096799150 45.594055176 0.007159605 0.999608934 0.027031243 -41.387344360 -0.097024754 -0.026209969 0.994936824 455.033172607
0.995208979 -0.009795574 0.097278707 45.893898010 0.007212346 0.999612808 0.026871156 -41.568988800 -0.097504258 -0.026040811 0.994894385 457.294281006
0.995229244 -0.008930705 0.097153962 46.209823608 0.006434782 0.999641895 0.025973452 -41.738677979 -0.097351111 -0.025224375 0.994930387 459.572814941
0.995149612 -0.008114742 0.098038778 46.502868652 0.005508666 0.999625027 0.026823606 -41.917831421 -0.098219693 -0.026153432 0.994821012 461.846740723
0.995204985 -0.007666824 0.097510062 46.822139740 0.004962813 0.999597192 0.027942970 -42.090759277 -0.097685039 -0.027325060 0.994842172 464.133209229
0.995227695 -0.007837615 0.097265840 47.123470306 0.005089504 0.999581695 0.028469626 -42.261257172 -0.097448319 -0.027838722 0.994851172 466.401367188
0.995322645 -0.008162985 0.096261315 47.440059662 0.005573005 0.999616027 0.027143942 -42.429786682 -0.096445926 -0.026480515 0.994985938 468.684509277
0.995395660 -0.008139106 0.095505349 47.759994507 0.005583477 0.999619961 0.026995804 -42.613288879 -0.095688775 -0.026338259 0.995062768 470.981872559
0.995488048 -0.008622513 0.094494134 48.072055817 0.005993482 0.999587953 0.028070746 -42.795307159 -0.094697244 -0.027377747 0.995129585 473.262786865
0.995457351 -0.008711250 0.094808571 48.367118835 0.006015770 0.999570549 0.028679557 -42.971817017 -0.095017679 -0.027978931 0.995082319 475.546051025
0.995568633 -0.008251273 0.093674220 48.669059753 0.005661413 0.999595225 0.027879685 -43.128131866 -0.093866326 -0.027225813 0.995212495 477.808776855
0.995596528 -0.008386162 0.093367517 48.972896576 0.005741657 0.999575675 0.028556312 -43.300804138 -0.093567401 -0.027894473 0.995222092 480.091400146
0.995588601 -0.008970865 0.093396090 49.271800995 0.006244650 0.999546945 0.029441275 -43.474727631 -0.093617901 -0.028728174 0.995193660 482.363189697
0.995591938 -0.009393403 0.093319394 49.564720154 0.006727402 0.999561369 0.028842190 -43.645523071 -0.093549401 -0.028087255 0.995218337 484.647827148
0.995651245 -0.009619481 0.092661329 49.869163513 0.006897172 0.999536335 0.029654717 -43.826599121 -0.092903644 -0.028886657 0.995256007 486.958679199
0.995700598 -0.009624475 0.092128783 50.170249939 0.006939054 0.999542892 0.029424636 -43.990455627 -0.092369854 -0.028658845 0.995312274 489.244293213
0.995714247 -0.009356713 0.092008583 50.467849731 0.006636131 0.999532878 0.029830417 -44.157314301 -0.092244737 -0.029091993 0.995311320 491.546569824
0.995780349 -0.008742621 0.091351330 50.775901794 0.006016686 0.999529600 0.030073024 -44.324092865 -0.091571271 -0.029396495 0.995364547 493.838134766
0.995779634 -0.008398757 0.091391161 51.062946320 0.005718729 0.999547005 0.029547274 -44.489078522 -0.091597915 -0.028899929 0.995376647 496.140533447
0.995809257 -0.008033168 0.091102362 51.370201111 0.005397030 0.999560595 0.029145529 -44.665458679 -0.091296479 -0.028531706 0.995414913 498.455505371
0.995825469 -0.007799080 0.090943091 51.662757874 0.005098739 0.999540269 0.029887272 -44.834121704 -0.091134377 -0.029298810 0.995407641 500.750427246
0.995840013 -0.007232194 0.090831585 51.960025787 0.004501775 0.999532878 0.030229215 -45.008354187 -0.091007784 -0.029694561 0.995407343 503.045440674
0.995889783 -0.006401266 0.090346791 52.261932373 0.003745055 0.999556541 0.029539140 -45.176811218 -0.090495817 -0.029079372 0.995472193 505.330261230
0.995860517 -0.006392728 0.090668775 52.546134949 0.003650450 0.999531806 0.030378656 -45.348228455 -0.090820514 -0.029921919 0.995417595 507.614624023
0.995877564 -0.006967428 0.090439685 52.841445923 0.004317158 0.999556363 0.029466903 -45.520294189 -0.090604857 -0.028954983 0.995465875 509.897766113
0.995916486 -0.007531478 0.089963667 53.146282196 0.004822094 0.999529481 0.030295867 -45.695247650 -0.090149499 -0.029738348 0.995484114 512.195373535
0.995914876 -0.007122872 0.090015791 53.439052582 0.004395525 0.999526441 0.030460523 -45.862663269 -0.090190127 -0.029940423 0.995474339 514.498229980
0.995934844 -0.006582159 0.089835703 53.733921051 0.003895106 0.999540627 0.030053353 -46.029384613 -0.089992262 -0.029581256 0.995503068 516.802551270
0.995944142 -0.005671577 0.089794740 54.023605347 0.002980612 0.999543190 0.030073736 -46.203079224 -0.089924313 -0.029684113 0.995506108 519.092529297
0.995853305 -0.003907249 0.090888880 54.306449890 0.001153414 0.999539196 0.030331729 -46.380424500 -0.090965524 -0.030101117 0.995398998 521.418762207
0.995772600 -0.001770061 0.091835141 54.605045319 -0.001036612 0.999534070 0.030505382 -46.548873901 -0.091846362 -0.030471621 0.995306790 523.752563477
0.995707929 -0.000925316 0.092546605 54.905029297 -0.001993274 0.999503613 0.031439021 -46.708179474 -0.092529774 -0.031488545 0.995211840 526.069885254
0.995639145 -0.001468395 0.093275711 55.199604034 -0.001473169 0.999503911 0.031459529 -46.875171661 -0.093275644 -0.031459756 0.995143175 528.373107910
0.995585620 -0.003196827 0.093803361 55.496959686 0.000130620 0.999465942 0.032675553 -47.037502289 -0.093857728 -0.032519057 0.995054364 530.679992676
0.995542169 -0.004685007 0.094200835 55.812091827 0.001641727 0.999475002 0.032357875 -47.198451996 -0.094302975 -0.032058980 0.995027244 532.987731934
0.995505154 -0.004696985 0.094590582 56.109764099 0.001700759 0.999494970 0.031731483 -47.361484528 -0.094691858 -0.031427979 0.995010436 535.285888672
0.995424330 -0.004888405 0.095427394 56.419933319 0.001881196 0.999499500 0.031577613 -47.528541565 -0.095533989 -0.031253606 0.994935393 537.600341797
0.995332897 -0.004339209 0.096403360 56.715641022 0.001353914 0.999518096 0.031010574 -47.697277069 -0.096491449 -0.030735329 0.994859159 539.895324707
0.995255649 -0.003858337 0.097217560 57.020519257 0.000844037 0.999518096 0.031027783 -47.872459412 -0.097290441 -0.030798523 0.994779348 542.208312988
0.995165944 -0.003596017 0.098141536 57.331752777 0.000641643 0.999546051 0.030118179 -48.041091919 -0.098205283 -0.029909613 0.994716585 544.525451660
0.995031416 -0.003796158 0.099488601 57.635196686 0.000712111 0.999518633 0.031016197 -48.210655212 -0.099558428 -0.030791244 0.994555175 546.842590332
0.994938076 -0.003831774 0.100416549 57.934539795 0.000639067 0.999493837 0.031807516 -48.381587982 -0.100487605 -0.031582337 0.994437039 549.140258789
0.994846523 -0.004003140 0.101313502 58.244667053 0.000755063 0.999485075 0.032077715 -48.548645020 -0.101389758 -0.031835902 0.994337261 551.445861816
0.994853139 -0.005231224 0.101191923 58.571594238 0.002098257 0.999515891 0.031042324 -48.713378906 -0.101305336 -0.030670229 0.994382501 553.758789062
0.994859159 -0.005538915 0.101117976 58.900100708 0.002348532 0.999496400 0.031642921 -48.884277344 -0.101242341 -0.031242764 0.994371116 556.074584961
0.994781435 -0.005129897 0.101899289 59.214229584 0.001853513 0.999478996 0.032221843 -49.052032471 -0.102011494 -0.031864829 0.994272768 558.382385254
0.994732440 -0.004397683 0.102411158 59.536701202 0.000979117 0.999441326 0.033407163 -49.220237732 -0.102500878 -0.033130918 0.994180977 560.716735840
0.994717360 -0.004951160 0.102531984 59.869815826 0.001429323 0.999407351 0.034393698 -49.387912750 -0.102641501 -0.034065459 0.994134903 563.049133301
0.994699180 -0.004550951 0.102726966 60.200355530 0.000957289 0.999386668 0.035004877 -49.547470093 -0.102823265 -0.034720983 0.994093478 565.360961914
0.994663358 -0.003508515 0.103113919 60.534408569 -0.000034628 0.999410152 0.034339581 -49.711807251 -0.103173606 -0.034159895 0.994076610 567.685546875
0.994676292 -0.002717518 0.103013121 60.876483917 -0.000670281 0.999460459 0.032838184 -49.872535706 -0.103046775 -0.032732412 0.994137764 570.013671875
0.994660258 -0.002372881 0.103176564 61.219036102 -0.001033222 0.999456584 0.032946404 -50.036308289 -0.103198662 -0.032877080 0.994117200 572.337707520
0.994645655 -0.002399703 0.103315480 61.542247772 -0.001151482 0.999410868 0.034298893 -50.213378906 -0.103336923 -0.034234203 0.994057119 574.725280762
0.994604409 -0.002491160 0.103709944 61.876430511 -0.001246920 0.999352217 0.035963174 -50.383300781 -0.103732362 -0.035898451 0.993957162 577.039245605
0.994508862 -0.001577027 0.104640767 62.190231323 -0.002029727 0.999407709 0.034352530 -50.547973633 -0.104632959 -0.034376290 0.993916571 579.420837402
0.994530618 -0.002254213 0.104421146 62.530811310 -0.001323905 0.999414742 0.034184244 -50.703956604 -0.104437083 -0.034135520 0.993945479 581.756774902
0.994505227 -0.003316364 0.104634158 62.868080139 -0.000395974 0.999371767 0.035438508 -50.872158051 -0.104685955 -0.035285212 0.993879199 584.085021973
0.994577825 -0.003087487 0.103949152 63.207771301 -0.000621627 0.999364793 0.035630707 -51.032024384 -0.103993148 -0.035502132 0.993944168 586.405517578
0.994514823 -0.005486141 0.104451053 63.560535431 0.001905148 0.999407947 0.034352876 -51.197654724 -0.104577675 -0.033965457 0.993936479 588.790954590
0.994555414 -0.005804441 0.104047284 63.900585175 0.002252953 0.999411821 0.034218486 -51.353240967 -0.104184702 -0.033797767 0.993983507 591.129943848
0.994520783 -0.007559675 0.104265168 64.227882385 0.003945263 0.999385536 0.034828357 -51.516025543 -0.104464389 -0.034226172 0.993939519 593.461547852
0.994553626 -0.007907248 0.103925653 64.574165344 0.004283681 0.999376595 0.035043981 -51.678466797 -0.104137965 -0.034407932 0.993967474 595.815368652
