1.000000000 0.000000000 0.000000000 0.000000000 0.000000000 1.000000000 0.000000000 0.000000000 0.000000000 0.000000000 1.000000000 0.000000000
0.999999881 0.000146981 0.000519260 0.087608062 -0.000146883 1.000000000 -0.000189764 -0.225368738 -0.000519287 0.000189688 0.999999821 2.298331022
0.999999106 0.000526180 0.001238718 0.164632514 -0.000526649 0.999999762 0.000378036 -0.464298993 -0.001238519 -0.000378688 0.999999106 4.592747688
0.999998450 0.000202127 0.001756620 0.262530118 -0.000203035 0.999999821 0.000516423 -0.694723189 -0.001756515 -0.000516779 0.999998331 6.883015156
0.999996543 0.000188024 0.002626661 0.355230093 -0.000185150 0.999999404 -0.001094602 -0.927823842 -0.002626865 0.001094111 0.999995887 9.179093361
0.999987066 0.001987705 0.004677220 0.446504295 -0.001988805 0.999997973 0.000230524 -1.162887573 -0.004676753 -0.000239823 0.999989092 11.482892036
0.999963105 0.004133005 0.007533441 0.529071391 -0.004143404 0.999990463 0.001365321 -1.392467022 -0.007527727 -0.001396485 0.999970615 13.799499512
0.999943554 0.003967539 0.009855292 0.636699378 -0.004005857 0.999984443 0.003871466 -1.620334864 -0.009839778 -0.003910726 0.999943912 16.072420120
0.999938667 0.003825813 0.010391116 0.763752759 -0.003875317 0.999981165 0.004748073 -1.847207427 -0.010372756 -0.004788049 0.999934733 18.421777725
0.999930203 0.003070624 0.011409938 0.887648523 -0.003128882 0.999982178 0.005091643 -2.073953867 -0.011394100 -0.005126988 0.999921918 20.708667755
0.999927580 0.000594047 0.012018456 1.000015974 -0.000628831 0.999995589 0.002890660 -2.305823326 -0.012016687 -0.002898009 0.999923587 23.025571823
0.999916375 -0.001684097 0.012824718 1.108900070 0.001671932 0.999998152 0.000959255 -2.527425766 -0.012826309 -0.000937733 0.999917269 25.306594849
0.999915302 -0.002394923 0.012793599 1.244376421 0.002390116 0.999997020 0.000391018 -2.776287317 -0.012794497 -0.000360407 0.999918103 27.628595352
0.999905407 -0.002049247 0.013600333 1.353041649 0.002058865 0.999997616 -0.000693212 -3.000865221 -0.013598880 0.000721147 0.999907255 29.915554047
0.999891102 0.000360592 0.014750781 1.469957709 -0.000382592 0.999998808 0.001488628 -3.228226900 -0.014750230 -0.001494110 0.999890089 32.205440521
0.999887943 0.002389003 0.014779712 1.600878000 -0.002441325 0.999990761 0.003523076 -3.448923826 -0.014771161 -0.003558764 0.999884546 34.488475800
0.999860048 0.004640382 0.016067857 1.719831228 -0.004769023 0.999956787 0.007977056 -3.684266567 -0.016030140 -0.008052569 0.999839067 36.798183441
0.999840677 0.006435697 0.016649473 1.838089466 -0.006562991 0.999949574 0.007602284 -3.903578043 -0.016599707 -0.007710345 0.999832451 39.071216583
0.999809921 0.005781614 0.018619275 1.942929029 -0.005891849 0.999965429 0.005871083 -4.106980801 -0.018584685 -0.005979670 0.999809384 41.365875244
0.999817431 0.003289483 0.018826183 2.067266703 -0.003387994 0.999980807 0.005203172 -4.334771633 -0.018808704 -0.005266004 0.999809206 43.641746521
0.999813616 0.003631311 0.018961085 2.202099323 -0.003703963 0.999985933 0.003797951 -4.556502342 -0.018947026 -0.003867475 0.999812961 45.888011932
0.999813318 0.002939948 0.019103320 2.328448772 -0.002996359 0.999991179 0.002924950 -4.787154198 -0.019094557 -0.002981643 0.999813259 48.165687561
0.999813378 0.001507183 0.019258317 2.464531660 -0.001570524 0.999993384 0.003274344 -5.016037464 -0.019253256 -0.003303979 0.999809206 50.446651459
0.999798298 0.000552772 0.020075323 2.596071243 -0.000625230 0.999993265 0.003603160 -5.241518974 -0.020073198 -0.003614985 0.999791980 52.712985992
0.999796033 -0.000629596 0.020185841 2.735929489 0.000561046 0.999994040 0.003401438 -5.469663620 -0.020187864 -0.003389419 0.999790490 55.000530243
0.999769628 -0.001101624 0.021435589 2.863224268 0.001009978 0.999990284 0.004285780 -5.705401897 -0.021440104 -0.004263143 0.999761045 57.296524048
0.999750495 -0.002528761 0.022190146 3.000787497 0.002417845 0.999984443 0.005023845 -5.931365967 -0.022202505 -0.004968939 0.999741137 59.567192078
0.999719977 -0.004001643 0.023322241 3.133576632 0.003900070 0.999982715 0.004399045 -6.155116558 -0.023339437 -0.004306855 0.999718308 61.830429077
0.999702394 -0.004630249 0.023950649 3.281070232 0.004530587 0.999980867 0.004213782 -6.378756523 -0.023969704 -0.004104018 0.999704242 64.083900452
0.999677062 -0.004197944 0.025063943 3.421584606 0.004081219 0.999980569 0.004706415 -6.599602699 -0.025083212 -0.004602605 0.999674737 66.352096558
0.999655128 -0.003191160 0.026063656 3.568673611 0.003058174 0.999982059 0.005140597 -6.827113628 -0.026079591 -0.005059118 0.999647081 68.615806580
0.999621987 -0.003486563 0.027270999 3.706719637 0.003359582 0.999983311 0.004700696 -7.049715042 -0.027286934 -0.004607298 0.999617040 70.872306824
0.999609828 -0.004204486 0.027613211 3.865786552 0.004112977 0.999985874 0.003369895 -7.273718357 -0.027626988 -0.003255008 0.999612927 73.128700256
0.999597728 -0.005073129 0.027907474 4.024193287 0.004967140 0.999980211 0.003865887 -7.502487183 -0.027926533 -0.003725712 0.999603033 75.411201477
0.999555826 -0.006249390 0.029138168 4.181544304 0.006154864 0.999975502 0.003332649 -7.732769966 -0.029158279 -0.003151827 0.999569833 77.677070618
0.999554276 -0.007045280 0.029010162 4.337185860 0.006951272 0.999970376 0.003340038 -7.967066288 -0.029032830 -0.003136891 0.999573529 79.943923950
0.999525070 -0.007479273 0.029892646 4.483936310 0.007397017 0.999968529 0.002861375 -8.182428360 -0.029913111 -0.002638900 0.999548972 82.199935913
0.999501586 -0.006962756 0.030791771 4.648669243 0.006878462 0.999972284 0.002842619 -8.411506653 -0.030810710 -0.002629402 0.999521792 84.478118896
0.999447942 -0.006705060 0.032539129 4.799231052 0.006601339 0.999972701 0.003293952 -8.628540993 -0.032560334 -0.003077332 0.999465048 86.735076904
0.999455094 -0.006502529 0.032359596 4.974213600 0.006351341 0.999968469 0.004772715 -8.864746094 -0.032389604 -0.004564587 0.999464869 89.017044067
0.999426544 -0.005613045 0.033392090 5.133394241 0.005432985 0.999970198 0.005480591 -9.090951920 -0.033421863 -0.005296029 0.999427259 91.272125244
0.999394178 -0.005425443 0.034376848 5.296360493 0.005234546 0.999970376 0.005640677 -9.313272476 -0.034406427 -0.005457312 0.999393046 93.510925293
0.999391675 -0.005523964 0.034434948 5.475884438 0.005369341 0.999975026 0.004581174 -9.530228615 -0.034459390 -0.004393494 0.999396443 95.745086670
0.999361396 -0.006161300 0.035196356 5.642966747 0.005984268 0.999968946 0.005132933 -9.753450394 -0.035226896 -0.004919030 0.999367237 97.993865967
0.999327719 -0.005773111 0.036205284 5.802020073 0.005603343 0.999972820 0.004788792 -9.985314369 -0.036231954 -0.004582702 0.999332905 100.235099792
0.999256015 -0.005792394 0.038128041 5.952944279 0.005579768 0.999968231 0.005680693 -10.199840546 -0.038159732 -0.005463721 0.999256730 102.466583252
0.999261677 -0.006308932 0.037897695 6.149427891 0.006089240 0.999963999 0.005909628 -10.426317215 -0.037933603 -0.005674497 0.999264121 104.727561951
0.999227881 -0.006793609 0.038697716 6.322528839 0.006548169 0.999957681 0.006465725 -10.640645981 -0.038740002 -0.006207334 0.999230027 106.965675354
0.999205768 -0.008192241 0.038996018 6.505105972 0.007941770 0.999946773 0.006573600 -10.856285095 -0.039047796 -0.006258682 0.999217749 109.219497681
0.999161959 -0.009290134 0.039862696 6.678874016 0.008990628 0.999929965 0.007686155 -11.081559181 -0.039931312 -0.007321323 0.999175608 111.472129822
0.999144375 -0.010048409 0.040118985 6.867676735 0.009802061 0.999931931 0.006332431 -11.301562309 -0.040179878 -0.005933765 0.999174774 113.736465454
0.999098897 -0.010301141 0.041173492 7.043838978 0.010076957 0.999933243 0.005648759 -11.522154808 -0.041228935 -0.005228765 0.999135971 115.984313965
0.999060094 -0.010668865 0.042012718 7.224186897 0.010422753 0.999927223 0.006072719 -11.748319626 -0.042074446 -0.005629122 0.999098539 118.235000610
0.999000788 -0.010891564 0.043345094 7.408049107 0.010586783 0.999917626 0.007254850 -11.975921631 -0.043420542 -0.006788716 0.999033809 120.502731323
0.998983681 -0.011631133 0.043545220 7.607225895 0.011295168 0.999904573 0.007953404 -12.198980331 -0.043633580 -0.007453471 0.999019802 122.714233398
0.998928428 -0.012491880 0.044564113 7.803212166 0.012184290 0.999900043 0.007167082 -12.419096947 -0.044649180 -0.006616420 0.998980820 125.023200989
0.998896003 -0.012714754 0.045222264 7.983912945 0.012431530 0.999901354 0.006538619 -12.642495155 -0.045300942 -0.005969218 0.998955548 127.288841248
0.998882115 -0.014289965 0.045059543 8.172742844 0.013991288 0.999878049 0.006936881 -12.857977867 -0.045153182 -0.006298686 0.998960197 129.550445557
0.998907983 -0.015644055 0.044024471 8.362099648 0.015348509 0.999857426 0.007043276 -13.069685936 -0.044128377 -0.006359876 0.999005616 131.796783447
0.998966455 -0.015952017 0.042564023 8.557659149 0.015621657 0.999845266 0.008082946 -13.282994270 -0.042686384 -0.007409672 0.999061048 134.033630371
0.999010324 -0.016860491 0.041157961 8.736377716 0.016539922 0.999830246 0.008116924 -13.505875587 -0.041287832 -0.007428142 0.999119699 136.281997681
0.999088228 -0.017811900 0.038802195 8.947767258 0.017541667 0.999819458 0.007293794 -13.712510109 -0.038925119 -0.006606489 0.999220252 138.508316040
0.999055862 -0.018451665 0.039330684 9.102794647 0.018158844 0.999804795 0.007789334 -13.939416885 -0.039466731 -0.007067780 0.999195874 140.797851562
0.999046981 -0.018839201 0.039372597 9.272840500 0.018544637 0.999797344 0.007833325 -14.144775391 -0.039512191 -0.007095710 0.999193847 143.031311035
0.999082327 -0.018929966 0.038420543 9.459938049 0.018574195 0.999781549 0.009595698 -14.377579689 -0.038593803 -0.008873262 0.999215603 145.282806396
0.999096274 -0.018112216 0.038451709 9.635164261 0.017805811 0.999807060 0.008296229 -14.587001801 -0.038594551 -0.007604068 0.999226034 147.538024902
0.999114990 -0.016684331 0.038611051 9.810122490 0.016430428 0.999841332 0.006883924 -14.802689552 -0.038719777 -0.006243436 0.999230623 149.789947510
0.999124289 -0.015329877 0.038930476 9.985275269 0.015104892 0.999867439 0.006066777 -15.020922661 -0.039018318 -0.005473422 0.999223530 152.040573120
0.999130666 -0.014643803 0.039032046 10.169290543 0.014416469 0.999877393 0.006099449 -15.236256599 -0.039116580 -0.005531441 0.999219358 154.282608032
0.999112427 -0.013922626 0.039756540 10.354470253 0.013673286 0.999885142 0.006536753 -15.451351166 -0.039842982 -0.005987348 0.999188066 156.538879395
0.999113679 -0.012669549 0.040141508 10.520978928 0.012359672 0.999891937 0.007958429 -15.670434952 -0.040238004 -0.007455240 0.999162257 158.770492554
0.999059916 -0.012049659 0.041643739 10.702406883 0.011698917 0.999894023 0.008655940 -15.882702827 -0.041743632 -0.008160615 0.999095023 161.009918213
0.999030709 -0.010760074 0.042683590 10.864236832 0.010304708 0.999887705 0.010874138 -16.104402542 -0.042795815 -0.010423754 0.999029458 163.295623779
0.998993278 -0.010276055 0.043670010 11.048013687 0.009852311 0.999902368 0.009907532 -16.304275513 -0.043767557 -0.009467305 0.998996854 165.564224243
0.998958468 -0.009596854 0.044607855 11.243216515 0.009222451 0.999920547 0.008591400 -16.514261246 -0.044686776 -0.008171059 0.998967588 167.811172485
0.998892546 -0.007883747 0.046385050 11.430162430 0.007489808 0.999934435 0.008660480 -16.723613739 -0.046450287 -0.008303475 0.998886168 170.046722412
0.998770654 -0.007703832 0.048967965 11.631730080 0.007265694 0.999932051 0.009119170 -16.954954147 -0.049034886 -0.008752171 0.998758733 172.328384399
0.998647273 -0.007842457 0.051400770 11.830947876 0.007385221 0.999931514 0.009079417 -17.167789459 -0.051468458 -0.008687528 0.998636842 174.599075317
0.998569369 -0.007750553 0.052906454 12.041446686 0.007251741 0.999927461 0.009613669 -17.382177353 -0.052977130 -0.009216251 0.998553216 176.859054565
0.998504996 -0.008158941 0.054048419 12.239018440 0.007594849 0.999914646 0.010633960 -17.590459824 -0.054130573 -0.010207575 0.998481691 179.080398560
0.998500168 -0.009728649 0.053877633 12.450757980 0.009194078 0.999906063 0.010160947 -17.804086685 -0.053971421 -0.009650351 0.998495817 181.340515137
0.998465061 -0.010580834 0.054364149 12.650759697 0.010066211 0.999901950 0.009731345 -18.008861542 -0.054461781 -0.009169167 0.998473763 183.583877563
0.998537183 -0.011911314 0.052739594 12.884259224 0.011401240 0.999885380 0.009961900 -18.230728149 -0.052852206 -0.009346033 0.998558581 185.811172485
0.998540580 -0.013804854 0.052212741 13.092866898 0.013264659 0.999854982 0.010678432 -18.441493988 -0.052352577 -0.009970263 0.998578906 188.060165405
0.998560727 -0.014625551 0.051600639 13.305563927 0.014125028 0.999849677 0.010051353 -18.645732880 -0.051739886 -0.009308025 0.998617232 190.301544189
0.998522937 -0.015783234 0.051989138 13.503651619 0.015285642 0.999833584 0.009954859 -18.860822678 -0.052137606 -0.009145467 0.998598039 192.536697388
0.998497844 -0.017605672 0.051884908 13.703678131 0.017149219 0.999810338 0.009229529 -19.068653107 -0.052037552 -0.008325879 0.998610437 194.773880005
0.998521090 -0.017069856 0.051618505 13.915010452 0.016595747 0.999816179 0.009599569 -19.282007217 -0.051772885 -0.008728725 0.998620689 197.012420654
0.998509109 -0.015525427 0.052330062 14.124641418 0.015028162 0.999838293 0.009882654 -19.493976593 -0.052475043 -0.009081497 0.998580933 199.243057251
0.998535633 -0.012570246 0.052616742 14.324028015 0.012091060 0.999882519 0.009415554 -19.711935043 -0.052728910 -0.008765574 0.998570383 201.518066406
0.998514175 -0.012116348 0.053128179 14.537995338 0.011676744 0.999895036 0.008577035 -19.922555923 -0.053226519 -0.007943928 0.998550832 203.786972046
0.998473287 -0.012359940 0.053836890 14.737648010 0.011868082 0.999884903 0.009446240 -20.131744385 -0.053947449 -0.008792879 0.998505056 206.012298584
0.998468339 -0.014205011 0.053470965 14.976194382 0.013723384 0.999861836 0.009363700 -20.348522186 -0.053596605 -0.008615557 0.998525500 208.283035278
0.998402119 -0.013616317 0.054843031 15.179396629 0.013090388 0.999864936 0.009937571 -20.553758621 -0.054970935 -0.009203776 0.998445511 210.527374268
0.998347282 -0.013945497 0.055751383 15.403873444 0.013356799 0.999851167 0.010918053 -20.772497177 -0.055895343 -0.010155349 0.998385131 212.784164429
0.998282492 -0.012513805 0.057230342 15.638604164 0.011901483 0.999868393 0.011027582 -20.979305267 -0.057360798 -0.010327517 0.998300135 215.018463135
0.998121798 -0.010277320 0.060392082 15.874669075 0.009633376 0.999893665 0.010944237 -21.190261841 -0.060498144 -0.010341902 0.998114645 217.345077515
0.997986197 -0.010307901 0.062587962 16.101469040 0.009608580 0.999888122 0.011464074 -21.398086548 -0.062699117 -0.010839608 0.997973621 219.593597412
0.997862637 -0.011772508 0.064276814 16.336187363 0.011040006 0.999870121 0.011739335 -21.598350525 -0.064406686 -0.011004628 0.997863054 221.830322266
0.997755051 -0.013096406 0.065678284 16.568214417 0.012297939 0.999845684 0.012546836 -21.800571442 -0.065832466 -0.011710962 0.997762084 224.067276001
0.997689962 -0.014965277 0.066263363 16.815862656 0.014201595 0.999827325 0.011981009 -22.011840820 -0.066431239 -0.011012285 0.997730255 226.304489136
0.997663498 -0.016322238 0.066342421 17.057476044 0.015581729 0.999810576 0.011664145 -22.213155746 -0.066520222 -0.010603162 0.997728705 228.553741455
0.997615457 -0.016597241 0.066992156 17.296390533 0.015837230 0.999804258 0.011859989 -22.415306091 -0.067175880 -0.010770736 0.997682989 230.794296265
0.997568846 -0.018066956 0.067307107 17.546424866 0.017379614 0.999790907 0.010783675 -22.619531631 -0.067487873 -0.009587687 0.997673988 233.049316406
0.997515380 -0.019102793 0.067809708 17.787464142 0.018340375 0.999761522 0.011848317 -22.820047379 -0.068019889 -0.010575224 0.997627914 235.284942627
0.997526884 -0.018831860 0.067715310 18.059560776 0.018055677 0.999764264 0.012056282 -23.028497696 -0.067926385 -0.010803821 0.997631788 237.558059692
0.997494817 -0.018678414 0.068229124 18.298730850 0.017913410 0.999769807 0.011807011 -23.225721359 -0.068433940 -0.010555216 0.997599840 239.783874512
0.997460365 -0.018839682 0.068687119 18.541423798 0.018042272 0.999762654 0.012211312 -23.432371140 -0.068900868 -0.010941030 0.997563541 242.008438110
0.997413039 -0.019046512 0.069314152 18.784183502 0.018235574 0.999757886 0.012313488 -23.632472992 -0.069531880 -0.011017650 0.997518897 244.248657227
0.997376502 -0.019246170 0.069783203 19.027925491 0.018491963 0.999763608 0.011437819 -23.839529037 -0.069986828 -0.010117384 0.997496605 246.476272583
0.997396648 -0.018957736 0.069574244 19.288396835 0.018255211 0.999775887 0.010719541 -24.047067642 -0.069761880 -0.009421543 0.997519135 248.714630127
0.997365654 -0.019450352 0.069881469 19.537179947 0.018702621 0.999760807 0.011338452 -24.257823944 -0.070085287 -0.010001617 0.997490823 250.960189819
0.997335017 -0.020740867 0.069947660 19.789325714 0.020002769 0.999736726 0.011236267 -24.464323044 -0.070162311 -0.009807176 0.997487307 253.190643311
0.997341037 -0.020602770 0.069902368 20.049659729 0.019824374 0.999733686 0.011811069 -24.668548584 -0.070127085 -0.010393895 0.997483909 255.445114136
0.997298956 -0.021184010 0.070329510 20.284631729 0.020392872 0.999720633 0.011948132 -24.873559952 -0.070562974 -0.010481638 0.997452259 257.664154053
0.997292936 -0.021577759 0.070293330 20.554828644 0.020738646 0.999704957 0.012645391 -25.088727951 -0.070545457 -0.011153371 0.997446239 259.927001953
0.997266114 -0.021353414 0.070741408 20.809743881 0.020550605 0.999716103 0.012057068 -25.288955688 -0.070978776 -0.010570325 0.997421920 262.169677734
0.997243881 -0.021272648 0.071077853 21.067874908 0.020505052 0.999723494 0.011511742 -25.489881516 -0.071303114 -0.010022561 0.997404337 264.425842285
0.997222245 -0.020462023 0.071617767 21.325340271 0.019726412 0.999745309 0.010963629 -25.697721481 -0.071823865 -0.009520413 0.997371852 266.666564941
0.997143805 -0.019746430 0.072899677 21.576917648 0.018988164 0.999758363 0.011080030 -25.899993896 -0.073100857 -0.009664153 0.997277677 268.910736084
0.997017741 -0.019472029 0.074675664 21.819072723 0.018718060 0.999766588 0.010783271 -26.119260788 -0.074868210 -0.009353331 0.997149587 271.164306641
0.996955574 -0.020322386 0.075276092 22.094686508 0.019525949 0.999745429 0.011301148 -26.330570221 -0.075486608 -0.009796903 0.997098744 273.408508301
0.996735334 -0.020745965 0.078027502 22.335929871 0.019911885 0.999736071 0.011452551 -26.523286819 -0.078244515 -0.009861487 0.996885359 275.653350830
0.996624529 -0.020719612 0.079436950 22.607227325 0.019759860 0.999722123 0.012849154 -26.722820282 -0.079681113 -0.011236118 0.996757090 277.894042969
0.996561527 -0.019946298 0.080419011 22.886909485 0.018863687 0.999721229 0.014199489 -26.938365936 -0.080679826 -0.012633665 0.996659935 280.138580322
0.996459126 -0.019674525 0.081743300 23.164281845 0.018479986 0.999711454 0.015344370 -27.144115448 -0.082021601 -0.013779423 0.996535242 282.375976562
0.996404409 -0.018369196 0.082708970 23.438404083 0.017161625 0.999735773 0.015287613 -27.336507797 -0.082967944 -0.013813225 0.996456504 284.633819580
0.996297777 -0.017332722 0.084202118 23.705642700 0.016161483 0.999763250 0.014571628 -27.528657913 -0.084434733 -0.013156852 0.996342182 286.861816406
0.996275425 -0.016977590 0.084539592 23.983755112 0.015908008 0.999784887 0.013309471 -27.718622208 -0.084747359 -0.011915043 0.996331215 289.105621338
0.996216536 -0.017812353 0.085061364 24.256538391 0.016715677 0.999767900 0.013587692 -27.923957825 -0.085283652 -0.012114425 0.996283114 291.332519531
0.996141374 -0.017485077 0.086003155 24.513463974 0.016403822 0.999777496 0.013262972 -28.131132126 -0.086215898 -0.011801017 0.996206582 293.615570068
0.996173143 -0.017879475 0.085553735 24.798946381 0.016861230 0.999778330 0.012609690 -28.330947876 -0.085760213 -0.011118894 0.996253729 295.842681885
0.996174216 -0.017760245 0.085564964 25.079826355 0.016738465 0.999779940 0.012644271 -28.535148621 -0.085770711 -0.011163672 0.996252358 298.076049805
0.996171653 -0.017035672 0.085742518 25.359333038 0.016017701 0.999792993 0.012546438 -28.730501175 -0.085938513 -0.011125008 0.996238351 300.315582275
0.996113002 -0.016879441 0.086451747 25.623165131 0.015737228 0.999779880 0.013876710 -28.943283081 -0.086666949 -0.012462261 0.996159375 302.560791016
0.996112108 -0.017112441 0.086416438 25.908025742 0.015947426 0.999772668 0.014153909 -29.144975662 -0.086638995 -0.012720761 0.996158659 304.807525635
0.996083915 -0.016363002 0.086886890 26.194520950 0.015161675 0.999780357 0.014468331 -29.346138000 -0.087104566 -0.013094320 0.996113062 307.058715820
0.996080577 -0.016988613 0.086802773 26.479076385 0.015788678 0.999770343 0.014491621 -29.553108215 -0.087029018 -0.013064323 0.996120095 309.314270020
0.996048450 -0.018314062 0.086903922 26.765222549 0.017073702 0.999741793 0.014994745 -29.751670837 -0.087156102 -0.013451720 0.996103823 311.572937012
0.996011913 -0.018251946 0.087333374 27.048824310 0.017066030 0.999751985 0.014306664 -29.951354980 -0.087572828 -0.012759177 0.996076405 313.812438965
0.996035516 -0.017993527 0.087117881 27.341733932 0.016739871 0.999745786 0.015099636 -30.154655457 -0.087367438 -0.013581431 0.996083558 316.063720703
0.995992362 -0.016242234 0.087951295 27.625402451 0.015048059 0.999785542 0.014223816 -30.355453491 -0.088163465 -0.012843316 0.996023238 318.311798096
0.995987713 -0.014487141 0.088309601 27.907676697 0.013223517 0.999801874 0.014877317 -30.555305481 -0.088507645 -0.013649862 0.995981932 320.560943604
0.995909989 -0.013201687 0.089381464 28.184535980 0.011942493 0.999821961 0.014608049 -30.755750656 -0.089558385 -0.013480866 0.995890319 322.791595459
0.995862424 -0.012295987 0.090037949 28.462770462 0.010983265 0.999826252 0.015060659 -30.949542999 -0.090207495 -0.014009433 0.995824456 325.027557373
0.995859206 -0.012041035 0.090109423 28.756002426 0.010593642 0.999807358 0.016523719 -31.157344818 -0.090291053 -0.015500708 0.995794773 327.250915527
0.995833993 -0.012697701 0.090296522 29.038686752 0.011252421 0.999800622 0.016497035 -31.360229492 -0.090487987 -0.015412252 0.995778263 329.496093750
0.995842338 -0.013960301 0.090017639 29.337980270 0.012595504 0.999797225 0.015711719 -31.555221558 -0.090218745 -0.014512581 0.995816231 331.733123779
0.995835543 -0.013767867 0.090121470 29.624931335 0.012427492 0.999803901 0.015417299 -31.752302170 -0.090316065 -0.014233112 0.995811462 333.953582764
0.995805800 -0.014168504 0.090388380 29.911752701 0.012689672 0.999776423 0.016914649 -31.949396133 -0.090607829 -0.015696706 0.995762944 336.181701660
0.995874345 -0.014746318 0.089536302 30.218238831 0.013299681 0.999771535 0.016732134 -32.140415192 -0.089762598 -0.015472298 0.995842993 338.419586182
0.995874763 -0.014629388 0.089551173 30.501153946 0.013139104 0.999765694 0.017208681 -32.341800690 -0.089781933 -0.015961071 0.995833516 340.665649414
0.995911956 -0.014596082 0.089141354 30.797834396 0.013131327 0.999769330 0.016996237 -32.539859772 -0.089368865 -0.015756212 0.995873988 342.910339355
0.995925009 -0.014694198 0.088979326 31.085094452 0.013190380 0.999760449 0.017465254 -32.732585907 -0.089214660 -0.016220409 0.995880365 345.152526855
0.995966315 -0.014636735 0.088527717 31.374017715 0.013141285 0.999761283 0.017451812 -32.921642303 -0.088762023 -0.016218046 0.995920956 347.392242432
0.996021748 -0.014550661 0.087913558 31.662414551 0.013065212 0.999762416 0.017448569 -33.114414215 -0.088146552 -0.016230542 0.995975256 349.638824463
0.996022880 -0.014166173 0.087963782 31.944038391 0.012644838 0.999761105 0.017828232 -33.310009003 -0.088195339 -0.016645037 0.995964050 351.883331299
0.996056736 -0.014482829 0.087527700 32.226814270 0.012944090 0.999751985 0.018122118 -33.497692108 -0.087768443 -0.016917696 0.995997250 354.111816406
0.996080577 -0.014036741 0.087329619 32.507064819 0.012543006 0.999766052 0.017629858 -33.690296173 -0.087556645 -0.016465383 0.996023417 356.348052979
0.996133745 -0.014191230 0.086697266 32.795059204 0.012669279 0.999756277 0.018079905 -33.881275177 -0.086932711 -0.016911613 0.996070564 358.584533691
0.996185124 -0.013637208 0.086193241 33.083160400 0.012055502 0.999749720 0.018844673 -34.074176788 -0.086428657 -0.017733676 0.996100187 360.841156006
0.996249080 -0.013659695 0.085447013 33.374790192 0.012101526 0.999751389 0.018726990 -34.267120361 -0.085681580 -0.017622707 0.996166706 363.096252441
0.996293187 -0.013578439 0.084943898 33.663219452 0.011971819 0.999740243 0.019394789 -34.459793091 -0.085185207 -0.018305961 0.996196866 365.337463379
0.996349335 -0.013623934 0.084275506 33.950382233 0.012089383 0.999752104 0.018692371 -34.650722504 -0.084509291 -0.017605290 0.996267140 367.601501465
0.996345520 -0.014270600 0.084213018 34.224357605 0.012740373 0.999744296 0.018680457 -34.844890594 -0.084458053 -0.017539285 0.996272624 369.858398438
0.996333838 -0.014165737 0.084369756 34.496940613 0.012709132 0.999761224 0.017776685 -35.030326843 -0.084601440 -0.016639246 0.996275961 372.121429443
0.996416211 -0.014002070 0.083417930 34.782012939 0.012553455 0.999761581 0.017864998 -35.226539612 -0.083648197 -0.016753793 0.996354520 374.357757568
0.996500671 -0.013919437 0.082417719 35.068885803 0.012427299 0.999749959 0.018589990 -35.416881561 -0.082655884 -0.017500706 0.996424496 376.602203369
0.996408045 -0.013414687 0.083612598 35.331604004 0.011876814 0.999751508 0.018863222 -35.606231689 -0.083844878 -0.017802419 0.996319771 378.857543945
0.996411026 -0.013969999 0.083487377 35.609977722 0.012413075 0.999739766 0.019138722 -35.799491882 -0.083733030 -0.018033694 0.996324956 381.097198486
0.996434152 -0.013931560 0.083216079 35.894485474 0.012375334 0.999739230 0.019187680 -35.985607147 -0.083461687 -0.018089427 0.996346772 383.360412598
0.996437013 -0.013070517 0.083319582 36.174354553 0.011500524 0.999747694 0.019295232 -36.177635193 -0.083550766 -0.018268265 0.996336043 385.610961914
0.996433318 -0.011866030 0.083544880 36.451343536 0.010279331 0.999759018 0.019396797 -36.361816406 -0.083754912 -0.018468831 0.996315181 387.879394531
0.996473074 -0.010570274 0.083245061 36.741317749 0.008989316 0.999772489 0.019343581 -36.559165955 -0.083430573 -0.018527042 0.996341348 390.157653809
0.996448159 -0.009406683 0.083681501 37.014656067 0.007820956 0.999784112 0.019257240 -36.750488281 -0.083844550 -0.018534375 0.996306479 392.440246582
0.996487379 -0.008334168 0.083327204 37.298431396 0.006635023 0.999764800 0.020647395 -36.939109802 -0.083479702 -0.020021986 0.996308327 394.697021484
0.996438861 -0.007073419 0.084021442 37.570816040 0.005322046 0.999764264 0.021050086 -37.128852844 -0.084150508 -0.020527959 0.996241510 396.956420898
0.996398091 -0.006808985 0.084524788 37.851318359 0.005168974 0.999794424 0.019606413 -37.325599670 -0.084640905 -0.019098891 0.996228456 399.224456787
0.996301293 -0.006265409 0.085699804 38.120849609 0.004643567 0.999806643 0.019110961 -37.515499115 -0.085802950 -0.018642325 0.996137679 401.485046387
0.996275604 -0.007865752 0.085866600 38.400745392 0.006180913 0.999783456 0.019869847 -37.699756622 -0.086004287 -0.019265113 0.996108472 403.753204346
0.996223211 -0.009362412 0.086323179 38.683609009 0.007557268 0.999746382 0.021214623 -37.892295837 -0.086499900 -0.020482132 0.996041238 406.007659912
0.996197522 -0.010163483 0.086528525 38.964279175 0.008366968 0.999742329 0.021099553 -38.077259064 -0.086720683 -0.020295337 0.996025860 408.266204834
0.996166229 -0.010003027 0.086906761 39.256168365 0.008317110 0.999770582 0.019739626 -38.260452271 -0.087084278 -0.018941134 0.996020854 410.533447266
0.996132314 -0.008118540 0.087489583 39.565029144 0.006371791 0.999775112 0.020226028 -38.460834503 -0.087634116 -0.019590333 0.995959997 412.808013916
0.996066570 -0.006861419 0.088341400 39.845920563 0.005112607 0.999786794 0.020007106 -38.649799347 -0.088459842 -0.019476753 0.995889246 415.053588867
0.995985568 -0.005532684 0.089343905 40.136711121 0.003755749 0.999792039 0.020044606 -38.837135315 -0.089436226 -0.019628584 0.995799065 417.326232910
0.995934129 -0.005771221 0.089898773 40.431858063 0.004006756 0.999795973 0.019795356 -39.026679993 -0.089994676 -0.019354669 0.995754182 419.582214355
0.995828450 -0.005738223 0.091064781 40.714813232 0.003948225 0.999795794 0.019824289 -39.213424683 -0.091159925 -0.019382050 0.995647550 421.839721680
0.995747089 -0.005773923 0.091947772 41.000179291 0.003988751 0.999800205 0.019587027 -39.404991150 -0.092042483 -0.019136969 0.995571196 424.096710205
0.995683253 -0.006284133 0.092603296 41.295307159 0.004374404 0.999773860 0.020811247 -39.595333099 -0.092713133 -0.020316329 0.995485544 426.373474121
0.995643795 -0.005417819 0.093081027 41.589748383 0.003437502 0.999764621 0.021422364 -39.779605865 -0.093175195 -0.021009076 0.995428026 428.628631592
0.995561957 -0.004682939 0.093991719 41.889255524 0.002618303 0.999752879 0.022077465 -39.964675903 -0.094071865 -0.021733388 0.995328128 430.905120850
0.995569468 -0.005009309 0.093895562 42.186317444 0.002927644 0.999747097 0.022294654 -40.158744812 -0.093983516 -0.021920981 0.995332420 433.165191650
0.995518684 -0.005572917 0.094400011 42.489917755 0.003554219 0.999761701 0.021539163 -40.351226807 -0.094497547 -0.021107126 0.995301306 435.435089111
0.995507658 -0.004468484 0.094576553 42.800487518 0.002453882 0.999767840 0.021406885 -40.521896362 -0.094650246 -0.021078633 0.995287418 437.709106445
0.995465517 -0.004928397 0.094995506 43.104579926 0.002856968 0.999755383 0.021929219 -40.712497711 -0.095080353 -0.021558378 0.995236099 439.991668701
0.995521486 -0.004937801 0.094407298 43.419677734 0.002855188 0.999749839 0.022182239 -40.897876740 -0.094493210 -0.021813340 0.995286524 442.263122559
0.995491028 -0.003775340 0.094782010 43.732398987 0.001610549 0.999736249 0.022905799 -41.091613770 -0.094843507 -0.022649866 0.995234489 444.528991699
0.995458841 -0.004391950 0.095091328 44.039333344 0.002216973 0.999733806 0.022966072 -41.274757385 -0.095166899 -0.022650968 0.995203555 446.808074951
0.995455980 -0.004299082 0.095125780 44.342868805 0.002157770 0.999742210 0.022601744 -41.461746216 -0.095198430 -0.022293782 0.995208621 449.076110840
0.995476484 -0.003625201 0.094938785 44.651432037 0.001530707 0.999754012 0.022125073 -41.647361755 -0.094995625 -0.021879662 0.995237231 451.338317871
0.995425582 -0.002993855 0.095492817 44.951141357 0.000895186 0.999757230 0.022012522 -41.841960907 -0.095535532 -0.021826347 0.995186687 453.602844238
0.995336652 -0.002173929 0.096437857 45.249378204 0.000064887 0.999760807 0.021867175 -42.017883301 -0.096462362 -0.021758944 0.995098770 455.880523682
0.995316982 -0.002618438 0.096629113 45.550205231 0.000536245 0.999767244 0.021567972 -42.210964203 -0.096663110 -0.021415154 0.995086730 458.148925781
0.995339513 -0.001544420 0.096420497 45.864589691 -0.000447182 0.999787092 0.020630356 -42.395633698 -0.096431814 -0.020577325 0.995126843 460.430938721
0.995321155 -0.000538626 0.096619703 46.173629761 -0.001513916 0.999774694 0.021168953 -42.585147858 -0.096609347 -0.021216180 0.995096207 462.714691162
0.995343924 0.000014888 0.096388452 46.482322693 -0.002192852 0.999744594 0.022489799 -42.771888733 -0.096363522 -0.022596451 0.995089710 464.992095947
0.995403290 -0.000253364 0.095771976 46.784130096 -0.001955026 0.999734402 0.022964293 -42.955268860 -0.095752366 -0.023045968 0.995138347 467.255462646
0.995511174 -0.000120349 0.094643913 47.098701477 -0.001940173 0.999763072 0.021678982 -43.138462067 -0.094624095 -0.021765294 0.995275080 469.537475586
0.995593965 -0.000239570 0.093769021 47.414943695 -0.001783084 0.999767542 0.021486217 -43.331359863 -0.093752377 -0.021558747 0.995362043 471.833953857
0.995667815 -0.000709508 0.092978969 47.716438293 -0.001397574 0.999743700 0.022594837 -43.525352478 -0.092971161 -0.022626895 0.995411634 474.114288330
0.995633245 -0.000960288 0.093346350 48.002079010 -0.001177951 0.999738216 0.022848716 -43.712482452 -0.093343846 -0.022858897 0.995371521 476.394470215
0.995750129 -0.000687834 0.092092685 48.305557251 -0.001385431 0.999747097 0.022446996 -43.889320374 -0.092084825 -0.022479188 0.995497406 478.685455322
0.995784938 -0.000884000 0.091714516 48.606304169 -0.001233981 0.999733925 0.023033915 -44.075088501 -0.091710471 -0.023050001 0.995518923 480.970367432
0.995825291 -0.001400699 0.091269061 48.911128998 -0.000757997 0.999720812 0.023613039 -44.260505676 -0.091276653 -0.023583649 0.995546222 483.250671387
0.995826840 -0.001897120 0.091242649 49.198074341 -0.000198195 0.999736607 0.022949666 -44.444271088 -0.091262154 -0.022871977 0.995564222 485.538940430
0.995910466 -0.002347670 0.090315491 49.501235962 0.000219120 0.999722064 0.023570634 -44.634822845 -0.090345733 -0.023454452 0.995634258 487.854248047
0.995971501 -0.002494761 0.089634925 49.799480438 0.000380488 0.999721408 0.023596942 -44.815422058 -0.089668840 -0.023467779 0.995695114 490.140075684
0.995992005 -0.002019999 0.089419410 50.090080261 -0.000111538 0.999716043 0.023826109 -44.992935181 -0.089442156 -0.023740586 0.995709062 492.438079834
0.996041477 -0.001648693 0.088873982 50.389724731 -0.000521039 0.999702513 0.024384854 -45.176708221 -0.088887759 -0.024334634 0.995744348 494.728210449
0.996034801 -0.001486367 0.088952206 50.670116425 -0.000660977 0.999709129 0.024106104 -45.360191345 -0.088962168 -0.024069311 0.995744169 497.037536621
0.996058047 -0.001222813 0.088695638 50.972961426 -0.000883648 0.999718606 0.023706168 -45.552413940 -0.088699676 -0.023691090 0.995776653 499.361145020
0.996084571 -0.001165498 0.088397294 51.260028839 -0.000986465 0.999704301 0.024296634 -45.732673645 -0.088399477 -0.024288705 0.995788932 501.658264160
0.996095538 -0.000948209 0.088276602 51.543518066 -0.001238091 0.999693930 0.024708414 -45.919219971 -0.088273026 -0.024721233 0.995789647 503.934448242
0.996115208 0.000037856 0.088058650 51.832454681 -0.002166421 0.999707758 0.024076678 -46.104244232 -0.088032015 -0.024173923 0.995824277 506.218811035
0.996109426 0.000284586 0.088123739 52.112014771 -0.002457463 0.999695599 0.024549605 -46.287757874 -0.088089928 -0.024670653 0.995806932 508.503082275
0.996126473 -0.000114192 0.087932125 52.398178101 -0.001972463 0.999718487 0.023643026 -46.471851349 -0.087910078 -0.023724888 0.995845795 510.798828125
0.996169150 -0.000896682 0.087441929 52.697681427 -0.001251827 0.999698758 0.024512753 -46.662094116 -0.087437555 -0.024528315 0.995867968 513.096618652
0.996181846 -0.000557434 0.087300964 52.985614777 -0.001596539 0.999696076 0.024601195 -46.841030121 -0.087288134 -0.024646640 0.995878160 515.400695801
0.996203125 0.000245597 0.087059118 53.273109436 -0.002398621 0.999693811 0.024626860 -47.025238037 -0.087026395 -0.024742169 0.995898724 517.704528809
0.996159613 0.001094658 0.087549001 53.549350739 -0.003228095 0.999701142 0.024230637 -47.209297180 -0.087496296 -0.024420194 0.995865524 520.003967285
0.996126711 0.002539582 0.087892450 53.838714600 -0.004712101 0.999688268 0.024519274 -47.397232056 -0.087802760 -0.024838459 0.995828152 522.348754883
0.995958626 0.004792731 0.089685090 54.111392975 -0.007040797 0.999668479 0.024766674 -47.578704834 -0.089536652 -0.025298038 0.995662212 524.674438477
0.995985210 0.005952077 0.089318976 54.416015625 -0.008287266 0.999632895 0.025796365 -47.758811951 -0.089132637 -0.026433010 0.995668948 527.015869141
0.995899200 0.005712525 0.090289302 54.698123932 -0.008062753 0.999637485 0.025686709 -47.938892365 -0.090109855 -0.026309351 0.995584249 529.320007324
0.995850623 0.003866594 0.090920977 54.986324310 -0.006364745 0.999609649 0.027202196 -48.117931366 -0.090780325 -0.027668010 0.995486498 531.632812500
0.995811641 0.002243289 0.091400705 55.287250519 -0.004713026 0.999629319 0.026814118 -48.294761658 -0.091306672 -0.027132586 0.995453119 533.950927734
0.995796680 0.002192289 0.091565326 55.588428497 -0.004614072 0.999644876 0.026245385 -48.473194122 -0.091475256 -0.026557552 0.995453179 536.266235352
0.995707273 0.002013765 0.092536382 55.884277344 -0.004439067 0.999651790 0.026010828 -48.653133392 -0.092451781 -0.026309945 0.995369494 538.583251953
0.995619178 0.002735150 0.093461283 56.180660248 -0.005127069 0.999665141 0.025362097 -48.836517334 -0.093360603 -0.025730170 0.995299816 540.911621094
0.995510459 0.003425337 0.094589286 56.479492188 -0.005822900 0.999668479 0.025082719 -49.020248413 -0.094471999 -0.025520895 0.995200336 543.227661133
0.995413423 0.003773354 0.095591865 56.763000488 -0.006117296 0.999687493 0.024239132 -49.208412170 -0.095470518 -0.024712726 0.995125473 545.553710938
0.995229065 0.003868157 0.097489081 57.039279938 -0.006295695 0.999677420 0.024605311 -49.384544373 -0.097362451 -0.025101682 0.994932353 547.869628906
0.995190144 0.003570668 0.097897202 57.352939606 -0.006121903 0.999649048 0.025772367 -49.569488525 -0.097770825 -0.026247723 0.994862795 550.175354004
0.995110273 0.003400264 0.098711871 57.657924652 -0.006003705 0.999641597 0.026089091 -49.752262115 -0.098587796 -0.026554158 0.994773984 552.482971191
0.995203197 0.002425760 0.097799033 57.988288879 -0.004878827 0.999679267 0.024851397 -49.928443909 -0.097707368 -0.025209332 0.994895816 554.795837402
0.995200157 0.002160115 0.097836412 58.305973053 -0.004646700 0.999671757 0.025195032 -50.111404419 -0.097749844 -0.025528718 0.994883657 557.112121582
0.995155513 0.002406997 0.098284125 58.618953705 -0.004941710 0.999661207 0.025554374 -50.291740417 -0.098189302 -0.025916263 0.994830370 559.422729492
0.995118380 0.002934196 0.098644197 58.934913635 -0.005595929 0.999627352 0.026717328 -50.474472046 -0.098529018 -0.027138911 0.994764030 561.759277344
0.995132267 0.002162633 0.098523878 59.259239197 -0.004876941 0.999614894 0.027317248 -50.655288696 -0.098426849 -0.027664773 0.994759619 564.093505859
0.995108366 0.002729949 0.098752610 59.580444336 -0.005522329 0.999592245 0.028014237 -50.832237244 -0.098635875 -0.028422546 0.994717538 566.413757324
0.995067596 0.003585255 0.099134177 59.902729034 -0.006324007 0.999606550 0.027326297 -51.013286591 -0.098997191 -0.027818440 0.994698822 568.732055664
0.995069802 0.004623210 0.099068761 60.236576080 -0.007223169 0.999638319 0.025901401 -51.189369202 -0.098913178 -0.026489293 0.994743347 571.072570801
0.995043874 0.005104030 0.099305004 60.566387177 -0.007730230 0.999629855 0.026079027 -51.370277405 -0.099135146 -0.026717423 0.994715273 573.394287109
0.995022595 0.004693158 0.099539034 60.883899689 -0.007433664 0.999602914 0.027178971 -51.556953430 -0.099371932 -0.027783627 0.994662344 575.772644043
0.995017946 0.004615180 0.099589206 61.212265015 -0.007503400 0.999561369 0.028646288 -51.744388580 -0.099413328 -0.029250825 0.994616151 578.088378906
0.994940639 0.005195077 0.100329548 61.525287628 -0.007928331 0.999607623 0.026863281 -51.923797607 -0.100150645 -0.027522817 0.994591475 580.473937988
0.994985282 0.004560086 0.099916518 61.853446960 -0.007249136 0.999620795 0.026566451 -52.097480774 -0.099757478 -0.027157536 0.994641125 582.814819336
0.994947195 0.004190289 0.100312002 62.178867340 -0.007033434 0.999582946 0.028006146 -52.286708832 -0.100152820 -0.028570173 0.994561732 585.139770508
0.995016277 0.004380292 0.099615552 62.506805420 -0.007206061 0.999581218 0.028024649 -52.462917328 -0.099451080 -0.028602822 0.994631231 587.458190918
0.994991601 0.001818447 0.099941678 62.842723846 -0.004549198 0.999622285 0.027102353 -52.648231506 -0.099854656 -0.027421270 0.994624138 589.813537598
0.995021343 0.001486865 0.099651173 63.173412323 -0.004191971 0.999628186 0.026941875 -52.822906494 -0.099574052 -0.027225466 0.994657755 592.164367676
0.995022953 -0.000210042 0.099645838 63.494602203 -0.002542889 0.999618590 0.027499335 -53.003822327 -0.099613614 -0.027615858 0.994642854 594.504943848
0.995066106 -0.000848859 0.099211797 63.831546783 -0.001912659 0.999613464 0.027736148 -53.183464050 -0.099197015 -0.027789054 0.994679630 596.865722656
