1.000000000 0.000000000 0.000000000 0.000000000 0.000000000 1.000000000 0.000000000 0.000000000 0.000000000 0.000000000 1.000000000 0.000000000
0.999999940 -0.000047501 0.000345380 0.088237464 0.000047549 1.000000000 -0.000136804 -0.227836087 -0.000345373 0.000136820 0.999999940 2.286570311
0.999999404 0.000263896 0.001062676 0.168227971 -0.000264331 0.999999881 0.000408812 -0.465816677 -0.001062568 -0.000409093 0.999999344 4.579703331
0.999998689 -0.000073942 0.001631179 0.265382856 0.000073101 0.999999881 0.000515579 -0.696175277 -0.001631217 -0.000515459 0.999998510 6.865518570
0.999996901 -0.000090315 0.002465556 0.360494971 0.000093217 0.999999225 -0.001176987 -0.927716970 -0.002465448 0.001177213 0.999996245 9.156270981
0.999987662 0.001700596 0.004679182 0.449871749 -0.001701704 0.999998569 0.000232891 -1.163562417 -0.004678778 -0.000240851 0.999988973 11.463757515
0.999972522 0.003586208 0.006474222 0.559691787 -0.003596800 0.999992192 0.001625185 -1.399673223 -0.006468343 -0.001648427 0.999977708 13.741599083
0.999955356 0.003404150 0.008810084 0.665470958 -0.003440699 0.999985456 0.004136733 -1.627263427 -0.008795874 -0.004166861 0.999952614 16.013107300
0.999951959 0.003605668 0.009112912 0.779306293 -0.003655715 0.999978304 0.005481272 -1.856936336 -0.009092951 -0.005514324 0.999943435 18.308912277
0.999930978 0.002668751 0.011433393 0.875827193 -0.002732580 0.999980748 0.005570737 -2.079936266 -0.011418306 -0.005601596 0.999919057 20.605348587
0.999934494 0.000203541 0.011437011 1.001862049 -0.000241352 0.999994516 0.003304729 -2.305321693 -0.011436277 -0.003307273 0.999929130 22.907363892
0.999918938 -0.002022454 0.012569893 1.104106069 0.002008852 0.999997437 0.001094630 -2.522329569 -0.012572074 -0.001069289 0.999920428 25.187211990
0.999926388 -0.003104482 0.011727182 1.250076175 0.003097525 0.999994993 0.000611303 -2.771765947 -0.011729021 -0.000574932 0.999930978 27.475152969
0.999909341 -0.002732502 0.013181635 1.348076463 0.002737765 0.999996185 -0.000381210 -2.995681047 -0.013180541 0.000417263 0.999913037 29.762331009
0.999914467 -0.000762839 0.013058852 1.484782934 0.000736045 0.999997556 0.002056469 -3.224595547 -0.013060391 -0.002046681 0.999912560 32.047012329
0.999914944 0.001149811 0.012992275 1.613938451 -0.001205835 0.999989986 0.004305049 -3.445297718 -0.012987194 -0.004320349 0.999906361 34.327781677
0.999884009 0.003148871 0.014902230 1.721032143 -0.003273059 0.999960065 0.008316468 -3.675846338 -0.014875451 -0.008364277 0.999854386 36.642749786
0.999862194 0.005000171 0.015825849 1.833072901 -0.005122821 0.999957085 0.007718955 -3.892261982 -0.015786571 -0.007798966 0.999844909 38.914646149
0.999847412 0.003681296 0.017076332 1.944866180 -0.003791057 0.999972343 0.006399776 -4.097695827 -0.017052300 -0.006463535 0.999833703 41.222450256
0.999852002 0.001194887 0.017159842 2.067920208 -0.001287336 0.999984682 0.005377474 -4.322148800 -0.017153153 -0.005398768 0.999838352 43.499668121
0.999841571 0.001095799 0.017765285 2.186964035 -0.001172461 0.999990046 0.004305415 -4.547970772 -0.017760394 -0.004325561 0.999832928 45.741943359
0.999844134 0.000637388 0.017651418 2.313048601 -0.000699070 0.999993622 0.003488491 -4.778193474 -0.017649084 -0.003500286 0.999838114 48.014816284
0.999845982 -0.001097791 0.017514294 2.449225187 0.001028732 0.999991655 0.003951477 -5.007296085 -0.017518481 -0.003932851 0.999838829 50.294300079
0.999825776 -0.001742870 0.018580141 2.574525118 0.001666068 0.999990106 0.004148200 -5.228687286 -0.018587181 -0.004116523 0.999818742 52.560577393
0.999820471 -0.002967309 0.018708529 2.708127022 0.002885144 0.999986053 0.004417338 -5.459934235 -0.018721372 -0.004362569 0.999815106 54.841293335
0.999779224 -0.003269074 0.020751970 2.817963123 0.003174010 0.999984264 0.004612286 -5.686468124 -0.020766724 -0.004545402 0.999774039 57.141422272
0.999761701 -0.004643096 0.021329081 2.954909325 0.004531424 0.999975801 0.005281033 -5.910002232 -0.021353088 -0.005183123 0.999758542 59.407360077
0.999723732 -0.005939147 0.022741374 3.083367825 0.005834699 0.999972165 0.004656517 -6.132832527 -0.022768397 -0.004522542 0.999730527 61.674732208
0.999705076 -0.006721324 0.023335338 3.231748581 0.006615573 0.999967515 0.004606058 -6.357519150 -0.023365544 -0.004450324 0.999716997 63.927402496
0.999675393 -0.006179138 0.024716660 3.370284081 0.006052784 0.999968231 0.005183704 -6.577888012 -0.024747903 -0.005032417 0.999681056 66.191970825
0.999656618 -0.005388265 0.025641305 3.516994476 0.005248086 0.999970853 0.005531077 -6.802298069 -0.025670361 -0.005394610 0.999655902 68.447074890
0.999617815 -0.005596551 0.027067669 3.652335644 0.005454929 0.999971032 0.005303149 -7.025763035 -0.027096564 -0.005153471 0.999619484 70.695663452
0.999609292 -0.006451590 0.027200170 3.815398455 0.006344492 0.999971747 0.004021882 -7.247920513 -0.027225355 -0.003847739 0.999621868 72.943984985
0.999590635 -0.007409242 0.027632084 3.969560146 0.007295310 0.999964476 0.004221729 -7.469782352 -0.027662382 -0.004018416 0.999609172 75.220382690
0.999554276 -0.008552268 0.028603841 4.131917000 0.008451930 0.999957740 0.003626883 -7.698660851 -0.028633647 -0.003383509 0.999584198 77.484115601
0.999541342 -0.009413341 0.028784294 4.280740738 0.009315660 0.999950409 0.003525714 -7.919860840 -0.028816057 -0.003255952 0.999579370 79.706626892
0.999513388 -0.009890552 0.029585417 4.428259373 0.009801233 0.999947011 0.003162501 -8.136757851 -0.029615128 -0.002870988 0.999557197 81.962005615
0.999497652 -0.009103312 0.030356856 4.601290226 0.009006168 0.999953866 0.003335198 -8.375387192 -0.030385818 -0.003060124 0.999533474 84.244651794
0.999448717 -0.008931416 0.031974867 4.752567291 0.008815276 0.999953985 0.003771376 -8.590757370 -0.032007080 -0.003487430 0.999481499 86.502723694
0.999456048 -0.008479662 0.031868208 4.926094055 0.008323886 0.999952734 0.005017574 -8.823759079 -0.031909246 -0.004749577 0.999479473 88.768272400
0.999435127 -0.007476416 0.032762885 5.083638191 0.007293977 0.999957263 0.005684428 -9.049110413 -0.032803990 -0.005442246 0.999446929 91.020263672
0.999401510 -0.007380410 0.033794623 5.245290756 0.007192079 0.999957919 0.005690959 -9.269495010 -0.033835199 -0.005444499 0.999412596 93.273155212
0.999386549 -0.007601296 0.034186665 5.412790298 0.007428606 0.999958992 0.005175564 -9.485817909 -0.034224596 -0.004918431 0.999402046 95.528770447
0.999350965 -0.008005817 0.035120238 5.575638771 0.007817976 0.999954402 0.005482573 -9.705595016 -0.035162527 -0.005204445 0.999368072 97.786178589
0.999322891 -0.007919525 0.035930343 5.738758087 0.007747738 0.999957919 0.004917830 -9.933478355 -0.035967775 -0.004636120 0.999342203 100.023117065
0.999266267 -0.008135535 0.037426744 5.899270058 0.007907737 0.999949336 0.006230495 -10.150465965 -0.037475538 -0.005929963 0.999279976 102.266029358
0.999239743 -0.008348484 0.038083453 6.085140228 0.008122958 0.999948502 0.006072780 -10.367798805 -0.038132191 -0.005758812 0.999256134 104.518920898
0.999195635 -0.008419275 0.039206449 6.246106625 0.008157364 0.999943495 0.006835523 -10.591961861 -0.039261770 -0.006510205 0.999207735 106.777008057
0.999157071 -0.009875304 0.039844733 6.428178787 0.009606852 0.999929905 0.006923303 -10.805604935 -0.039910309 -0.006534685 0.999181926 109.021720886
0.999116659 -0.010707346 0.040635679 6.612428665 0.010392128 0.999914289 0.007960546 -11.030249596 -0.040717434 -0.007531221 0.999142289 111.276580811
0.999096811 -0.011193814 0.040990587 6.804179192 0.010933873 0.999918699 0.006560170 -11.248127937 -0.041060697 -0.006106059 0.999137998 113.530158997
0.999063551 -0.011740906 0.041646082 6.993397713 0.011514365 0.999917626 0.005675479 -11.464224815 -0.041709289 -0.005190636 0.999116302 115.770912170
0.999026060 -0.012004066 0.042458303 7.170482159 0.011764998 0.999913514 0.005876068 -11.683992386 -0.042525157 -0.005370824 0.999080956 117.990653992
0.998983681 -0.012506962 0.043303128 7.365439415 0.012218807 0.999901414 0.006912712 -11.908677101 -0.043385323 -0.006376576 0.999038041 120.227752686
0.998966992 -0.013552666 0.043374490 7.571301937 0.013254074 0.999886572 0.007164263 -12.127534866 -0.043466669 -0.006581974 0.999033153 122.432991028
0.998926520 -0.014115090 0.044119544 7.754849434 0.013824712 0.999880791 0.006879817 -12.343748093 -0.044211388 -0.006262490 0.999002695 124.680648804
0.998878002 -0.014491718 0.045084227 7.933333397 0.014232634 0.999880314 0.006062414 -12.565986633 -0.045166682 -0.005413944 0.998964787 126.941276550
0.998858929 -0.016195580 0.044927239 8.124023438 0.015923185 0.999852657 0.006414274 -12.780601501 -0.045024496 -0.005691571 0.998969674 129.197296143
0.998880327 -0.017185200 0.044076819 8.313882828 0.016896622 0.999833345 0.006911498 -12.999522209 -0.044188254 -0.006159010 0.999004245 131.443435669
0.998917520 -0.017593736 0.043061376 8.504896164 0.017257456 0.999817669 0.008168685 -13.215895653 -0.043197241 -0.007416713 0.999039054 133.685089111
0.998971403 -0.018974740 0.041183505 8.696426392 0.018673589 0.999796212 0.007684833 -13.434393883 -0.041320924 -0.006907885 0.999122024 135.928710938
0.999062240 -0.019812658 0.038498450 8.907493591 0.019549783 0.999783039 0.007192747 -13.645920753 -0.038632601 -0.006433366 0.999232709 138.138458252
0.999027431 -0.020556577 0.039007209 9.067481041 0.020286281 0.999767482 0.007312640 -13.864246368 -0.039148454 -0.006514217 0.999212146 140.419219971
0.999010623 -0.020877214 0.039265539 9.236392975 0.020595053 0.999759197 0.007576844 -14.072947502 -0.039414261 -0.006760672 0.999200046 142.650588989
0.999067426 -0.020611152 0.037940901 9.430144310 0.020287275 0.999754488 0.008901740 -14.297273636 -0.038115066 -0.008123720 0.999240339 144.863662720
0.999085188 -0.019582890 0.038016617 9.601460457 0.019296896 0.999782801 0.007875332 -14.510778427 -0.038162578 -0.007134526 0.999246001 147.098846436
0.999105036 -0.018459411 0.038055789 9.778795242 0.018235626 0.999814391 0.006219296 -14.723185539 -0.038163524 -0.005519758 0.999256253 149.336196899
0.999122262 -0.016777413 0.038380552 9.953851700 0.016582381 0.999847949 0.005394292 -14.942992210 -0.038465220 -0.004753116 0.999248624 151.578399658
0.999128044 -0.016127648 0.038509659 10.135101318 0.015924904 0.999857664 0.005565799 -15.161412239 -0.038593952 -0.004947683 0.999242723 153.804046631
0.999118507 -0.015360838 0.039066661 10.313405037 0.015131829 0.999866545 0.006151025 -15.380805969 -0.039155938 -0.005554452 0.999217629 156.065704346
0.999125063 -0.014531029 0.039213896 10.507048607 0.014248819 0.999870539 0.007466636 -15.600976944 -0.039317325 -0.006901352 0.999202907 158.284378052
0.999083757 -0.013925700 0.040466987 10.674381256 0.013598666 0.999872684 0.008345489 -15.816934586 -0.040578041 -0.007787547 0.999146044 160.546966553
0.999044538 -0.013009977 0.041721821 10.850292206 0.012595857 0.999868870 0.010173321 -16.031162262 -0.041848712 -0.009638079 0.999077439 162.784286499
0.999035537 -0.012168134 0.042188603 11.041856766 0.011791817 0.999888539 0.009157331 -16.234626770 -0.042295333 -0.008651020 0.999067664 165.023162842
0.998991370 -0.011355846 0.043443404 11.232115746 0.011010095 0.999905825 0.008189663 -16.449506760 -0.043532316 -0.007703087 0.999022245 167.265991211
0.998914659 -0.009603124 0.045577809 11.413468361 0.009225010 0.999921203 0.008499153 -16.662044525 -0.045655832 -0.008069471 0.998924613 169.494476318
0.998816550 -0.009084960 0.047778502 11.624476433 0.008649115 0.999919116 0.009320973 -16.893253326 -0.047859319 -0.008896702 0.998814464 171.767181396
0.998691499 -0.009291766 0.050286975 11.819281578 0.008860234 0.999921978 0.008797543 -17.097206116 -0.050364789 -0.008340480 0.998696029 174.031677246
0.998618305 -0.009018219 0.051769558 12.027286530 0.008537813 0.999918580 0.009493374 -17.311855316 -0.051850948 -0.009038259 0.998613954 176.285614014
0.998581350 -0.009494461 0.052392915 12.230499268 0.008968234 0.999907017 0.010269848 -17.518157959 -0.052485548 -0.009785407 0.998573780 178.507156372
0.998551905 -0.011638711 0.052522223 12.428135872 0.011117898 0.999886155 0.010197388 -17.741622925 -0.052634932 -0.009598685 0.998567700 180.746566772
0.998508573 -0.012529120 0.053138815 12.623329163 0.012012212 0.999877512 0.010035841 -17.950012207 -0.053258050 -0.009382558 0.998536706 182.992706299
0.998569369 -0.013707972 0.051684931 12.848294258 0.013192809 0.999859989 0.010295413 -18.179677963 -0.051818822 -0.009598815 0.998610377 185.237533569
0.998570681 -0.015515852 0.051144931 13.053661346 0.014945960 0.999822080 0.011506440 -18.395851135 -0.051314354 -0.010725586 0.998624921 187.477645874
0.998582006 -0.016457982 0.050626285 13.259749413 0.015920905 0.999812841 0.010993681 -18.599487305 -0.050797746 -0.010172077 0.998657167 189.724655151
0.998540044 -0.017865207 0.050975949 13.458220482 0.017308194 0.999785781 0.011347570 -18.823427200 -0.051167749 -0.010448702 0.998635411 191.936050415
0.998507082 -0.019532740 0.051009879 13.651058197 0.018997736 0.999759495 0.010952177 -19.032825470 -0.051211543 -0.009966755 0.998638093 194.175842285
0.998526216 -0.018990085 0.050841682 13.852453232 0.018441936 0.999766886 0.011229025 -19.239822388 -0.051043078 -0.010274856 0.998643577 196.409576416
0.998546958 -0.016368266 0.051341385 14.059576035 0.015790571 0.999807715 0.011637499 -19.455459595 -0.051521987 -0.010809879 0.998613358 198.640045166
0.998542190 -0.014508968 0.051990479 14.257157326 0.013930766 0.999837160 0.011466532 -19.664993286 -0.052148391 -0.010725548 0.998581767 200.876800537
0.998521984 -0.013852791 0.052552909 14.468893051 0.013305889 0.999853730 0.010742355 -19.870004654 -0.052694030 -0.010027217 0.998560369 203.135742188
0.998492897 -0.014120755 0.053032100 14.671209335 0.013532384 0.999842942 0.011437352 -20.072319031 -0.053185273 -0.010702465 0.998527288 205.362426758
0.998465896 -0.015696717 0.053099036 14.894838333 0.015088618 0.999816120 0.011833763 -20.288019180 -0.053275030 -0.011014419 0.998519123 207.608993530
0.998418808 -0.015298006 0.054092001 15.102011681 0.014699767 0.999826491 0.011440291 -20.479267120 -0.054257624 -0.010627063 0.998470366 209.848983765
0.998340011 -0.015126546 0.055573829 15.317310333 0.014401127 0.999806106 0.013430636 -20.701725006 -0.055766225 -0.012608015 0.998364210 212.090789795
0.998274207 -0.013825200 0.057074122 15.551277161 0.013071275 0.999822557 0.013561882 -20.903961182 -0.057251502 -0.012792447 0.998277783 214.325103760
0.998108387 -0.012147686 0.060265489 15.770425797 0.011345852 0.999842703 0.013629415 -21.107742310 -0.060421575 -0.012919870 0.998089314 216.605239868
0.997969747 -0.012104223 0.062528051 15.994534492 0.011243754 0.999837399 0.014094934 -21.308036804 -0.062688485 -0.013363269 0.997943699 218.849945068
0.997828722 -0.013550262 0.064455047 16.224542618 0.012629722 0.999812663 0.014667982 -21.505617142 -0.064641729 -0.013822083 0.997812808 221.082656860
0.997720778 -0.014970943 0.065795287 16.456850052 0.013984893 0.999783218 0.015421773 -21.701162338 -0.066011906 -0.014466486 0.997713923 223.312377930
0.997643232 -0.016816499 0.066521920 16.699796677 0.015856776 0.999762952 0.014928892 -21.905330658 -0.066757195 -0.013838887 0.997673273 225.537048340
0.997603178 -0.018028770 0.066803500 16.938329697 0.017082550 0.999745846 0.014708467 -22.101238251 -0.067051679 -0.013532039 0.997657716 227.783081055
0.997541308 -0.018443007 0.067609958 17.168117523 0.017466880 0.999734938 0.015000457 -22.296697617 -0.067868687 -0.013782641 0.997599006 230.013076782
0.997482777 -0.019777661 0.068094797 17.412874222 0.018864483 0.999723613 0.014027462 -22.496002197 -0.068353422 -0.012707577 0.997580230 232.258514404
0.997424781 -0.020727076 0.068658985 17.655056000 0.019735629 0.999691308 0.015087244 -22.690908432 -0.068950512 -0.013693363 0.997526109 234.497985840
0.997399211 -0.020216960 0.069181137 17.922363281 0.019152477 0.999688268 0.016015742 -22.903812408 -0.069483332 -0.014649100 0.997475564 236.758865356
0.997373462 -0.019621447 0.069721811 18.165370941 0.018577535 0.999705851 0.015589618 -23.092124939 -0.070007205 -0.014253409 0.997444749 238.986068726
0.997340441 -0.019939531 0.070103392 18.412063599 0.018862640 0.999694228 0.015990157 -23.291849136 -0.070400797 -0.014625295 0.997411489 241.207565308
0.997288287 -0.020371897 0.070719667 18.659889221 0.019264903 0.999681532 0.016300285 -23.487749100 -0.071029209 -0.014893676 0.997363031 243.448837280
0.997244656 -0.020683801 0.071241342 18.907838821 0.019616855 0.999685109 0.015643779 -23.688755035 -0.071542487 -0.014203143 0.997336447 245.672027588
0.997260451 -0.020170046 0.071167164 19.165065765 0.019143874 0.999703050 0.015072001 -23.887790680 -0.071450040 -0.013668297 0.997350514 247.903671265
0.997223794 -0.020738186 0.071516834 19.420005798 0.019664656 0.999683619 0.015682522 -24.087171555 -0.071819432 -0.014232629 0.997316241 250.142776489
0.997192204 -0.022129182 0.071539298 19.678672791 0.021063743 0.999656320 0.015613348 -24.285062790 -0.071860209 -0.014062624 0.997315586 252.374465942
0.997187138 -0.022286423 0.071561597 19.945840836 0.021159288 0.999640465 0.016470255 -24.484233856 -0.071902908 -0.014909732 0.997300208 254.637680054
0.997150898 -0.023117002 0.071804017 20.187982559 0.021960372 0.999616802 0.016856158 -24.680976868 -0.072166167 -0.015231291 0.997276366 256.855895996
0.997112274 -0.023460984 0.072224893 20.448228836 0.022244710 0.999597609 0.017598715 -24.890220642 -0.072608709 -0.015941272 0.997233093 259.133422852
0.997078538 -0.023078060 0.072813526 20.706708908 0.021879978 0.999612451 0.017209146 -25.084489822 -0.073182471 -0.015565712 0.997197032 261.380493164
0.997051537 -0.023124879 0.073167361 20.969800949 0.021967601 0.999621093 0.016582375 -25.274284363 -0.073523127 -0.014926173 0.997181833 263.640014648
0.997029424 -0.022418389 0.073686875 21.235593796 0.021258820 0.999638140 0.016483368 -25.477788925 -0.074029751 -0.014867907 0.997145176 265.882446289
0.996960938 -0.021762112 0.074803039 21.493604660 0.020582201 0.999651849 0.016508514 -25.665733337 -0.075136252 -0.014918733 0.997061610 268.126434326
0.996823192 -0.021442013 0.076705314 21.746681213 0.020231651 0.999658704 0.016521869 -25.874473572 -0.077033408 -0.014917510 0.996916890 270.392883301
0.996712923 -0.022222569 0.077905960 22.017822266 0.020962214 0.999636412 0.016958658 -26.070444107 -0.078254521 -0.015269835 0.996816456 272.639923096
0.996537089 -0.022295658 0.080104187 22.275451660 0.020973260 0.999630094 0.017312214 -26.254238129 -0.080460548 -0.015572216 0.996636152 274.888793945
0.996435165 -0.022029720 0.081434682 22.555437088 0.020615239 0.999622345 0.018169761 -26.435499191 -0.081804194 -0.016426194 0.996513069 277.131103516
0.996378899 -0.021604057 0.082233712 22.845954895 0.020042010 0.999603570 0.019773614 -26.637273788 -0.082628302 -0.018053882 0.996416867 279.382446289
0.996271729 -0.021414978 0.083570771 23.127777100 0.019739695 0.999588251 0.020821393 -26.828861237 -0.083982252 -0.019094104 0.996284246 281.620117188
0.996223807 -0.020145217 0.084453113 23.407968521 0.018489189 0.999622047 0.020345436 -27.005472183 -0.084831059 -0.018707139 0.996219635 283.887237549
0.996131480 -0.019204609 0.085751921 23.679117203 0.017536676 0.999642789 0.020161832 -27.190433502 -0.086108506 -0.018580033 0.996112466 286.118194580
0.996110201 -0.019139042 0.086012326 23.968671799 0.017585697 0.999668896 0.018781204 -27.364688873 -0.086343303 -0.017195556 0.996117055 288.356811523
0.996023774 -0.019908756 0.086834297 24.242229462 0.018316371 0.999649823 0.019096667 -27.558176041 -0.087184064 -0.017430248 0.996039748 290.584075928
0.996000946 -0.020132089 0.087044589 24.514085770 0.018645592 0.999666691 0.017856965 -27.740547180 -0.087375075 -0.016162556 0.996044338 292.833526611
0.996025503 -0.020744672 0.086619258 24.801605225 0.019338069 0.999667645 0.017046638 -27.928443909 -0.086944111 -0.015303841 0.996095657 295.063201904
0.996016145 -0.020662691 0.086745843 25.084257126 0.019247290 0.999668121 0.017121585 -28.120557785 -0.087070853 -0.015383753 0.996083319 297.300109863
0.996022105 -0.019938922 0.086846597 25.368185043 0.018509835 0.999680161 0.017229693 -28.308769226 -0.087162383 -0.015553639 0.996072710 299.539764404
0.995958745 -0.020015590 0.087553240 25.632841110 0.018507829 0.999666691 0.017999170 -28.503782272 -0.087884307 -0.016306011 0.995997190 301.783294678
0.995956361 -0.020585623 0.087447874 25.922756195 0.019067124 0.999653161 0.018164661 -28.692150116 -0.087791480 -0.016423834 0.996003449 304.035339355
0.995925665 -0.020102939 0.087908059 26.211555481 0.018575180 0.999662459 0.018162772 -28.878734589 -0.088243514 -0.016455866 0.995962918 306.280609131
0.995924413 -0.020723199 0.087777771 26.500438690 0.019215999 0.999653637 0.017981099 -29.075096130 -0.088119991 -0.016221082 0.995977759 308.529022217
0.995873272 -0.021785783 0.088101000 26.788450241 0.020249050 0.999627411 0.018299282 -29.263643265 -0.088466831 -0.016439805 0.995943427 310.786132812
0.995834947 -0.021668196 0.088561982 27.074226379 0.020167058 0.999637902 0.017810022 -29.456718445 -0.088915832 -0.015949810 0.995911419 313.023406982
0.995834291 -0.021335056 0.088650420 27.369291306 0.019770820 0.999633551 0.018485928 -29.649982452 -0.089012325 -0.016656229 0.995891273 315.271606445
0.995787799 -0.019329993 0.089626618 27.654945374 0.017823718 0.999686658 0.017576169 -29.842201233 -0.089938298 -0.015904654 0.995820284 317.512908936
0.995774984 -0.017434126 0.090156466 27.941263199 0.015863353 0.999710143 0.018110041 -30.032627106 -0.090446055 -0.016603343 0.995762885 319.756622314
0.995715261 -0.016218109 0.091040567 28.225896835 0.014695327 0.999741077 0.017371999 -30.222185135 -0.091298737 -0.015959693 0.995695591 321.980590820
0.995693147 -0.015674338 0.091375329 28.515296936 0.014083499 0.999738276 0.018028842 -30.413133621 -0.091633990 -0.016664311 0.995653331 324.221435547
0.995714486 -0.015222319 0.091218464 28.815895081 0.013515348 0.999722362 0.019301655 -30.612573624 -0.091486961 -0.017986089 0.995643854 326.454742432
0.995652318 -0.015405117 0.091864683 29.096988678 0.013734967 0.999729216 0.018785158 -30.801599503 -0.092129208 -0.017441729 0.995594323 328.692810059
0.995649874 -0.017309017 0.091551363 29.400789261 0.015717030 0.999713004 0.018081527 -30.990842819 -0.091838047 -0.016563959 0.995636165 330.924865723
0.995621800 -0.016553869 0.091994680 29.687711716 0.014977965 0.999729335 0.017794529 -31.181711197 -0.092264369 -0.016338732 0.995600462 333.150695801
0.995578349 -0.016764067 0.092426777 29.976552963 0.015074943 0.999706924 0.018943286 -31.370965958 -0.092717245 -0.017466199 0.995539188 335.389923096
0.995580971 -0.017097499 0.092337698 30.278413773 0.015405556 0.999700665 0.019005261 -31.558473587 -0.092635006 -0.017498765 0.995546341 337.621002197
0.995565593 -0.016827382 0.092552833 30.562980652 0.015103993 0.999699771 0.019289708 -31.751621246 -0.092849642 -0.017806249 0.995520890 339.849578857
0.995577514 -0.016709451 0.092445545 30.864353180 0.015018411 0.999707460 0.018957857 -31.942878723 -0.092735268 -0.017485633 0.995537281 342.087615967
0.995557249 -0.017002292 0.092610091 31.155099869 0.015263366 0.999694288 0.019452911 -32.129398346 -0.092912517 -0.017952949 0.995512426 344.338958740
0.995598197 -0.016779235 0.092210062 31.448308945 0.015046664 0.999697566 0.019452637 -32.313072205 -0.092508562 -0.017979562 0.995549679 346.579010010
0.995607078 -0.016441518 0.092175193 31.740386963 0.014719925 0.999704957 0.019326236 -32.499855042 -0.092465729 -0.017884526 0.995555162 348.812530518
0.995553792 -0.016003374 0.092824839 32.032264709 0.014213000 0.999700725 0.019916786 -32.693687439 -0.093115777 -0.018508915 0.995483220 351.048339844
0.995579004 -0.015986633 0.092557512 32.330429077 0.014163785 0.999693334 0.020317752 -32.882820129 -0.092853934 -0.018916961 0.995500028 353.267242432
0.995614827 -0.015769111 0.092207976 32.627445221 0.014006061 0.999707103 0.019736359 -33.070590973 -0.092492200 -0.018358346 0.995544136 355.515197754
0.995643795 -0.015831163 0.091884457 32.922615051 0.014062826 0.999703825 0.019860921 -33.254024506 -0.092171684 -0.018482247 0.995571613 357.748352051
0.995727062 -0.015016514 0.091115944 33.224830627 0.013143508 0.999690533 0.021121660 -33.447605133 -0.091404915 -0.019833829 0.995616257 359.980560303
0.995777726 -0.015191810 0.090532511 33.525447845 0.013313751 0.999684215 0.021312557 -33.637367249 -0.090827703 -0.020017242 0.995665431 362.222717285
0.995823145 -0.015156734 0.090035766 33.822875977 0.013246159 0.999675035 0.021779981 -33.821029663 -0.090336621 -0.020496383 0.995700300 364.456085205
0.995883644 -0.015071822 0.089378685 34.120437622 0.013235363 0.999689817 0.021104133 -34.005619049 -0.089669034 -0.019834308 0.995774090 366.714904785
0.995911121 -0.015658537 0.088971324 34.405941010 0.013844249 0.999684215 0.020972582 -34.190902710 -0.089271650 -0.019655092 0.995813310 368.950378418
0.995867908 -0.015506676 0.089480370 34.684272766 0.013736092 0.999698222 0.020369427 -34.374370575 -0.089769214 -0.019056151 0.995780230 371.213470459
0.995958269 -0.015922569 0.088394634 34.982330322 0.014188813 0.999695122 0.020207653 -34.559593201 -0.088689446 -0.018871767 0.995880544 373.431671143
0.995991647 -0.015609345 0.088073500 35.273109436 0.013802108 0.999682248 0.021091508 -34.742176056 -0.088374741 -0.019791370 0.995890677 375.685638428
0.995955408 -0.015861817 0.088438019 35.551078796 0.014031814 0.999675155 0.021275928 -34.924591064 -0.088746771 -0.019948933 0.995854437 377.935363770
0.995974720 -0.016338682 0.088132299 35.841331482 0.014494645 0.999663234 0.021523062 -35.111511230 -0.088454284 -0.020158978 0.995876253 380.173583984
0.995983064 -0.016731210 0.087964989 36.137264252 0.014897390 0.999658644 0.021462547 -35.290458679 -0.088294081 -0.020065881 0.995892286 382.423858643
0.995977283 -0.015830753 0.088196710 36.428081512 0.013950134 0.999662995 0.021898756 -35.479301453 -0.088513643 -0.020580309 0.995862246 384.677246094
0.995999098 -0.014867711 0.088117130 36.722496033 0.012996568 0.999678433 0.021770567 -35.656238556 -0.088412464 -0.020538250 0.995872140 386.937896729
0.996020734 -0.013761434 0.088053018 37.018371582 0.011891703 0.999693215 0.021723606 -35.846771240 -0.088324949 -0.020590059 0.995878816 389.206420898
0.996006608 -0.012268063 0.088432625 37.301429749 0.010399384 0.999713421 0.021560954 -36.031661987 -0.088671781 -0.020555208 0.995848775 391.479339600
0.996018112 -0.010943914 0.088476874 37.592075348 0.008926877 0.999692023 0.023160936 -36.216629028 -0.088703088 -0.022278890 0.995808840 393.739166260
0.995935082 -0.009730142 0.089546911 37.869071960 0.007653059 0.999694288 0.023509664 -36.399677277 -0.089748308 -0.022728788 0.995705128 396.002410889
0.995854557 -0.009442333 0.090468459 38.156078339 0.007463705 0.999726057 0.022184312 -36.591129303 -0.090653151 -0.021417120 0.995652139 398.265228271
0.995832026 -0.009343137 0.090726636 38.449996948 0.007413199 0.999739528 0.021585755 -36.774589539 -0.090904653 -0.020823210 0.995641887 400.527893066
0.995679021 -0.010304677 0.092288889 38.722972870 0.008198146 0.999697804 0.023175530 -36.960525513 -0.092499807 -0.022318788 0.995462537 402.767639160
0.995700479 -0.011788690 0.091878206 39.028980255 0.009669810 0.999677718 0.023472978 -37.132995605 -0.092125304 -0.022483611 0.995493472 405.052276611
0.995653927 -0.012199571 0.092327140 39.322578430 0.010083420 0.999676406 0.023352051 -37.313125610 -0.092582151 -0.022319587 0.995454907 407.309814453
0.995616972 -0.011725818 0.092785962 39.630050659 0.009660620 0.999696195 0.022675585 -37.499481201 -0.093023665 -0.021679826 0.995427787 409.563323975
0.995558739 -0.011019519 0.093495026 39.929862976 0.008905393 0.999695837 0.022999328 -37.687450409 -0.093720019 -0.022064572 0.995354056 411.816650391
0.995474041 -0.009904985 0.094515599 40.217857361 0.007801156 0.999714077 0.022602642 -37.869884491 -0.094712459 -0.021763017 0.995266736 414.060333252
0.995374739 -0.008736223 0.095670097 40.521060944 0.006594330 0.999720931 0.022681648 -38.051475525 -0.095841557 -0.021945858 0.995154679 416.334167480
0.995334625 -0.009230526 0.096039824 40.833927155 0.007102176 0.999722004 0.022479415 -38.236083984 -0.096220627 -0.021692446 0.995123565 418.589050293
0.995227695 -0.009277128 0.097137325 41.134098053 0.007128200 0.999722600 0.022446295 -38.416603088 -0.097318612 -0.021646759 0.995017946 420.843658447
0.995153427 -0.009628909 0.097862080 41.436298370 0.007481546 0.999723554 0.022286085 -38.603919983 -0.098049618 -0.021445915 0.994950414 423.098510742
0.995090187 -0.010074273 0.098458387 41.749073029 0.007810441 0.999696791 0.023351232 -38.787555695 -0.098663770 -0.022467580 0.994867265 425.374084473
0.995047748 -0.009488220 0.098943390 42.057834625 0.007125213 0.999681532 0.024208490 -38.970935822 -0.099141583 -0.023383616 0.994798541 427.631591797
0.994974375 -0.008773576 0.099744618 42.373092651 0.006321684 0.999670684 0.024871230 -39.148727417 -0.099929966 -0.024115680 0.994702160 429.911224365
0.994960368 -0.009241764 0.099842258 42.683536530 0.006765012 0.999661744 0.025116812 -39.336418152 -0.100040600 -0.024314808 0.994686246 432.169036865
0.994938076 -0.009993951 0.099991545 43.004138947 0.007554194 0.999665082 0.024748592 -39.524917603 -0.100205399 -0.023867959 0.994680464 434.432159424
0.994923711 -0.009108241 0.100219041 43.323162079 0.006659539 0.999671698 0.024740975 -39.689384460 -0.100411490 -0.023947973 0.994657695 436.703674316
0.994884968 -0.009562056 0.100560233 43.641426086 0.007074788 0.999660850 0.025061712 -39.872146606 -0.100765772 -0.024222080 0.994615197 438.988067627
0.994948149 -0.009826018 0.099908307 43.971019745 0.007330503 0.999652684 0.025314562 -40.048667908 -0.100122340 -0.024454296 0.994674563 441.262512207
0.994889915 -0.009469654 0.100520067 44.285942078 0.006813252 0.999619305 0.026737072 -40.249778748 -0.100734979 -0.025915576 0.994575739 443.525238037
0.994850874 -0.009881170 0.100866355 44.608478546 0.007222176 0.999617577 0.026692776 -40.421863556 -0.101091541 -0.025826858 0.994541764 445.803192139
0.994822025 -0.009357688 0.101201683 44.922218323 0.006748708 0.999636769 0.026091728 -40.597095490 -0.101409107 -0.025273645 0.994523704 448.071411133
0.994820356 -0.008920982 0.101256467 45.242931366 0.006314641 0.999641180 0.026031395 -40.779232025 -0.101452358 -0.025257161 0.994519711 450.333374023
0.994763196 -0.008283279 0.101870596 45.559535980 0.005689824 0.999652863 0.025722602 -40.960403442 -0.102048293 -0.025008272 0.994465053 452.597473145
0.994677782 -0.007769336 0.102741085 45.872623444 0.005138953 0.999652803 0.025842004 -41.129547119 -0.102906205 -0.025176486 0.994372368 454.870239258
0.994644046 -0.007788087 0.103065811 46.184795380 0.005174141 0.999658763 0.025604995 -41.313606262 -0.103230044 -0.024934575 0.994344950 457.131927490
0.994652331 -0.006898938 0.103049025 46.513820648 0.004336545 0.999676406 0.025069136 -41.493896484 -0.103188619 -0.024488205 0.994360328 459.411895752
0.994604290 -0.005531574 0.103593789 46.834766388 0.002917750 0.999673963 0.025366038 -41.669242859 -0.103700347 -0.024926910 0.994296193 461.699035645
0.994642258 -0.005126825 0.103249773 47.157493591 0.002375562 0.999639213 0.026752025 -41.846984863 -0.103349663 -0.026363421 0.994295657 463.968872070
0.994677722 -0.005181659 0.102904536 47.474246979 0.002405107 0.999630153 0.027087599 -42.019256592 -0.103006825 -0.026695933 0.994322300 466.237854004
0.994809687 -0.005587778 0.101599693 47.807533264 0.002983819 0.999663532 0.025763527 -42.193344116 -0.101709485 -0.025326651 0.994491637 468.522583008
0.994878709 -0.005506004 0.100925058 48.138648987 0.002961789 0.999674559 0.025341470 -42.374736786 -0.101031743 -0.024912775 0.994571149 470.820587158
0.994958222 -0.006150853 0.100101694 48.458335876 0.003508920 0.999641418 0.026547188 -42.558330536 -0.100229084 -0.026062094 0.994623005 473.102325439
0.994923532 -0.006460451 0.100427091 48.763790131 0.003772888 0.999630272 0.026928268 -42.738128662 -0.100563936 -0.026412668 0.994579911 475.382324219
0.995019376 -0.005778243 0.099513978 49.078941345 0.003194427 0.999654114 0.026104154 -42.894538879 -0.099630401 -0.025656251 0.994693637 477.674163818
0.995067477 -0.006021790 0.099017546 49.397251129 0.003391052 0.999637306 0.026715277 -43.071884155 -0.099142492 -0.026247730 0.994727015 479.954986572
0.995104492 -0.006432225 0.098618746 49.715282440 0.003764805 0.999622643 0.027210077 -43.246513367 -0.098756559 -0.026705587 0.994753182 482.226379395
0.995083213 -0.007100053 0.098786972 50.017829895 0.004490297 0.999635637 0.026615322 -43.422805786 -0.098939933 -0.026040876 0.994752645 484.513916016
0.995167911 -0.007384609 0.097909883 50.341358185 0.004703905 0.999608457 0.027581928 -43.609603882 -0.098075218 -0.026988091 0.994812965 486.818603516
0.995240152 -0.007460773 0.097166806 50.657215118 0.004824802 0.999614775 0.027335057 -43.778121948 -0.097333290 -0.026736142 0.994892657 489.098632812
0.995236754 -0.006830984 0.097247802 50.962078094 0.004167730 0.999611318 0.027563106 -43.946910858 -0.097398296 -0.027026514 0.994878471 491.393371582
0.995294034 -0.006285403 0.096696675 51.276584625 0.003578272 0.999597490 0.028144095 -44.120857239 -0.096834637 -0.027665647 0.994915903 493.676971436
0.995277047 -0.005473173 0.096920811 51.573318481 0.002804348 0.999613702 0.027650982 -44.288097382 -0.097034708 -0.027248587 0.994907916 495.974151611
0.995315552 -0.005015071 0.096549235 51.895290375 0.002411122 0.999630630 0.027067969 -44.468032837 -0.096649326 -0.026708378 0.994960070 498.287048340
0.995322227 -0.005072662 0.096477121 52.200237274 0.002380120 0.999605000 0.028003244 -44.643444061 -0.096581064 -0.027642626 0.994941115 500.582366943
0.995334089 -0.004697032 0.096373849 52.504230499 0.001968477 0.999595165 0.028387750 -44.823493958 -0.096468166 -0.028065592 0.994940221 502.857147217
0.995347023 -0.003863491 0.096277393 52.813030243 0.001191029 0.999612808 0.027799949 -44.999359131 -0.096347518 -0.027555931 0.994966269 505.144500732
0.995337963 -0.004003514 0.096365526 53.115428925 0.001253060 0.999590695 0.028585501 -45.175678253 -0.096440494 -0.028331487 0.994935572 507.432342529
0.995370507 -0.004685447 0.095998973 53.428516388 0.002008348 0.999606907 0.027964409 -45.354587555 -0.096092276 -0.027642148 0.994988561 509.722930908
0.995415330 -0.005389720 0.095494725 53.747131348 0.002647400 0.999581099 0.028820438 -45.534305573 -0.095610037 -0.028435485 0.995012641 512.022338867
0.995412052 -0.005075557 0.095545866 54.051776886 0.002310246 0.999575853 0.029030642 -45.705123901 -0.095652699 -0.028676715 0.995001554 514.328735352
0.995446861 -0.004603989 0.095206909 54.362030029 0.001866342 0.999582767 0.028823787 -45.879653931 -0.095299885 -0.028514864 0.995040119 516.632141113
0.995413661 -0.003676847 0.095592998 54.658447266 0.000936741 0.999587834 0.028693385 -46.055679321 -0.095659085 -0.028472245 0.995006919 518.925598145
0.995340824 -0.001773766 0.096402735 54.961925507 -0.001013711 0.999583006 0.028858261 -46.234344482 -0.096413717 -0.028821526 0.994923949 521.261352539
0.995267510 0.000076716 0.097172305 55.274890900 -0.002922622 0.999570906 0.029145211 -46.408233643 -0.097128361 -0.029291280 0.994840682 523.596618652
0.995195866 0.000834894 0.097900607 55.588092804 -0.003836719 0.999528050 0.030477718 -46.575572968 -0.097828954 -0.030706912 0.994729519 525.918212891
0.995125055 0.000359817 0.098620504 55.894264221 -0.003375365 0.999531746 0.030412147 -46.745056152 -0.098563381 -0.030596770 0.994660318 528.219299316
0.995072007 -0.001336912 0.099145822 56.204444885 -0.001809046 0.999498010 0.031633925 -46.911987305 -0.099138349 -0.031657390 0.994569957 530.533813477
0.995014906 -0.003014148 0.099679999 56.530593872 -0.000127132 0.999503970 0.031492285 -47.082923889 -0.099725485 -0.031347964 0.994521081 532.861572266
0.994993389 -0.003266640 0.099887542 56.849239349 0.000171736 0.999520183 0.030976800 -47.253185272 -0.099940792 -0.030804558 0.994516373 535.171691895
0.994907022 -0.003629076 0.100731663 57.166316986 0.000514200 0.999521375 0.030931260 -47.426025391 -0.100795701 -0.030721936 0.994432688 537.487731934
0.994812548 -0.003023697 0.101679280 57.483215332 -0.000066481 0.999538600 0.030374313 -47.598083496 -0.101724215 -0.030223506 0.994353533 539.805969238
0.994711041 -0.002277743 0.102687664 57.800064087 -0.000823202 0.999545097 0.030145345 -47.771789551 -0.102709636 -0.030070441 0.994256675 542.127929688
0.994624615 -0.001912393 0.103528775 58.131835938 -0.001123014 0.999571383 0.029253222 -47.941833496 -0.103540353 -0.029212240 0.994196117 544.454711914
0.994475842 -0.001621824 0.104954198 58.435352325 -0.001479414 0.999564707 0.029463889 -48.110828400 -0.104956299 -0.029456396 0.994040489 546.778198242
0.994393229 -0.001804121 0.105730161 58.760295868 -0.001449800 0.999527991 0.030690767 -48.288681030 -0.105735630 -0.030671978 0.993921101 549.092346191
0.994314790 -0.001912318 0.106464557 59.083557129 -0.001392907 0.999519527 0.030962309 -48.458728790 -0.106472619 -0.030934572 0.993834317 551.391540527
0.994370341 -0.003300977 0.105909050 59.426757812 0.000117863 0.999548495 0.030047353 -48.626998901 -0.105960429 -0.029865718 0.993921757 553.696899414
0.994338393 -0.003569609 0.106199287 59.759971619 0.000315168 0.999530256 0.030645670 -48.800384521 -0.106258787 -0.030438695 0.993872523 556.007385254
0.994291246 -0.003504042 0.106642552 60.089294434 0.000195772 0.999518871 0.031016728 -48.968936920 -0.106699914 -0.030818783 0.993813634 558.308471680
0.994233191 -0.002874613 0.107201256 60.419532776 -0.000569163 0.999485135 0.032079976 -49.136768341 -0.107238285 -0.031955998 0.993719578 560.635742188
0.994219959 -0.003472168 0.107306369 60.761810303 -0.000066705 0.999456763 0.032957986 -49.308959961 -0.107362516 -0.032774631 0.993679523 562.959350586
0.994191647 -0.003010819 0.107582249 61.101467133 -0.000622457 0.999431014 0.033722539 -49.472099304 -0.107622586 -0.033593636 0.993624091 565.264892578
0.994144261 -0.001827099 0.108045839 61.447410583 -0.001776780 0.999445498 0.033249419 -49.641510010 -0.108046688 -0.033246696 0.993589699 567.588867188
0.994162560 -0.000996360 0.107887752 61.801151276 -0.002431430 0.999496460 0.031635605 -49.802413940 -0.107864968 -0.031713258 0.993659616 569.917114258
0.994131804 -0.000562716 0.108174369 62.152954102 -0.002906147 0.999486566 0.031906996 -49.971546173 -0.108136795 -0.032034125 0.993619800 572.238159180
0.994087338 -0.000310114 0.108583242 62.486946106 -0.003331401 0.999438047 0.033353616 -50.150928497 -0.108532570 -0.033518139 0.993527651 574.616577148
0.994088292 -0.000397808 0.108573839 62.838565826 -0.003404911 0.999387145 0.034836635 -50.322235107 -0.108521171 -0.035000369 0.993477821 576.924499512
0.993961930 0.000392115 0.109724611 63.159973145 -0.004055376 0.999441683 0.033164781 -50.486934662 -0.109650344 -0.033409502 0.993408561 579.311157227
0.993992507 -0.000417230 0.109447405 63.510795593 -0.003205613 0.999452710 0.032923196 -50.644630432 -0.109401233 -0.033076249 0.993447185 581.649169922
0.993982494 -0.001073998 0.109533660 63.864513397 -0.002729075 0.999398828 0.034564756 -50.820884705 -0.109504931 -0.034655694 0.993381858 583.974182129
0.994046569 -0.000842581 0.108951956 64.214561462 -0.002944846 0.999396920 0.034596790 -50.981842041 -0.108915418 -0.034711666 0.993444800 586.292724609
0.993960261 -0.003518308 0.109684363 64.566551208 -0.000166478 0.999436378 0.033567213 -51.153167725 -0.109740660 -0.033382725 0.993399441 588.658264160
0.994006515 -0.003744024 0.109256789 64.922904968 0.000098739 0.999443710 0.033350725 -51.311721802 -0.109320872 -0.033140052 0.993453860 591.008056641
0.993995070 -0.005276754 0.109298676 65.265350342 0.001582434 0.999425352 0.033859417 -51.476509094 -0.109414548 -0.033483125 0.993432105 593.341003418
0.994027913 -0.005893256 0.108966880 65.623130798 0.002190748 0.999417126 0.034066841 -51.640678406 -0.109104142 -0.033624668 0.993461370 595.697814941
