1.000000000 0.000000000 0.000000000 0.000000000 0.000000000 1.000000000 0.000000000 0.000000000 0.000000000 0.000000000 1.000000000 0.000000000
0.999999881 0.000136080 0.000445651 0.086166255 -0.000136014 1.000000000 -0.000148403 -0.225941718 -0.000445671 0.000148342 0.999999881 2.291156530
0.999999225 0.000563977 0.001204480 0.164060980 -0.000564456 0.999999762 0.000397656 -0.463134378 -0.001204256 -0.000398336 0.999999225 4.591679096
0.999998629 0.000188903 0.001649182 0.262605548 -0.000189876 0.999999821 0.000589747 -0.695174158 -0.001649070 -0.000590059 0.999998450 6.882298946
0.999996722 0.000001888 0.002552478 0.354111791 0.000001129 0.999999285 -0.001181769 -0.926891983 -0.002552478 0.001181768 0.999996066 9.178277016
0.999988019 0.001775650 0.004547457 0.445959985 -0.001776315 0.999998391 0.000142195 -1.162450790 -0.004547198 -0.000150271 0.999989688 11.482387543
0.999967635 0.003680682 0.007152299 0.532727897 -0.003689059 0.999992490 0.001158458 -1.389866710 -0.007147981 -0.001184806 0.999973774 13.789779663
0.999949872 0.003491979 0.009382757 0.641281903 -0.003527330 0.999986708 0.003753730 -1.618881345 -0.009369525 -0.003786638 0.999948919 16.061170578
0.999941647 0.003652732 0.010166662 0.763559043 -0.003699624 0.999982595 0.004597330 -1.845648050 -0.010149690 -0.004634675 0.999937773 18.415685654
0.999927402 0.002820084 0.011716722 0.874815583 -0.002876896 0.999984205 0.004834718 -2.071889639 -0.011702903 -0.004868074 0.999919653 20.707536697
0.999928117 0.000374670 0.011986448 0.993409157 -0.000406611 0.999996364 0.002662403 -2.302850246 -0.011985408 -0.002667086 0.999924541 23.023614883
0.999913931 -0.001837749 0.012993915 1.098773241 0.001827069 0.999997973 0.000833721 -2.525524616 -0.012995421 -0.000809908 0.999915242 25.305011749
0.999917388 -0.002729791 0.012561123 1.237799287 0.002728529 0.999996245 0.000117638 -2.771920681 -0.012561398 -0.000083355 0.999921083 27.615003586
0.999905705 -0.002375626 0.013528742 1.344093919 0.002387474 0.999996781 -0.000859742 -2.998242140 -0.013526656 0.000891961 0.999908149 29.902145386
0.999897301 -0.000165245 0.014325995 1.466568708 0.000142453 0.999998689 0.001591936 -3.228571177 -0.014326235 -0.001589732 0.999896109 32.191722870
0.999894381 0.001876660 0.014413014 1.594598770 -0.001931514 0.999990940 0.003792945 -3.449519396 -0.014405766 -0.003820383 0.999888897 34.471267700
0.999867797 0.003893014 0.015786512 1.715011597 -0.004020534 0.999959469 0.008054122 -3.685781240 -0.015754517 -0.008116529 0.999842942 36.787090302
0.999843895 0.005691769 0.016725583 1.828753591 -0.005819891 0.999953985 0.007621546 -3.904174566 -0.016681435 -0.007717696 0.999831021 39.059974670
0.999821782 0.004814874 0.018255563 1.935885906 -0.004928494 0.999968708 0.006183905 -4.111054897 -0.018225217 -0.006272774 0.999814212 41.349845886
0.999825478 0.002406191 0.018527437 2.058890343 -0.002503567 0.999983132 0.005234372 -4.335916519 -0.018514533 -0.005279843 0.999814630 43.625934601
0.999831319 0.002242808 0.018230671 2.199604034 -0.002317937 0.999988914 0.004100962 -4.560137272 -0.018221268 -0.004142527 0.999825537 45.866790771
0.999833286 0.001326391 0.018211691 2.327632189 -0.001389298 0.999993026 0.003441985 -4.792769909 -0.018207004 -0.003466713 0.999828219 48.144119263
0.999828815 0.000041680 0.018502314 2.459609270 -0.000109038 0.999993384 0.003639523 -5.018287659 -0.018502040 -0.003640917 0.999822199 50.422061920
0.999809861 -0.000557454 0.019491240 2.587359905 0.000474516 0.999990761 0.004259519 -5.242209435 -0.019493436 -0.004249460 0.999800920 52.685855865
0.999804080 -0.001836375 0.019711643 2.722235680 0.001748865 0.999988556 0.004455789 -5.472725868 -0.019719597 -0.004420443 0.999795854 54.965335846
0.999769211 -0.001987293 0.021390831 2.838115215 0.001889972 0.999987781 0.004568920 -5.700129509 -0.021399649 -0.004527437 0.999760747 57.265010834
0.999753177 -0.003324223 0.021962911 2.976617098 0.003210449 0.999981284 0.005213494 -5.923815250 -0.021979831 -0.005141697 0.999745190 59.531909943
0.999708891 -0.004504340 0.023701349 3.101009846 0.004396787 0.999979794 0.004587977 -6.146986961 -0.023721538 -0.004482431 0.999708533 61.799945831
0.999692678 -0.005157346 0.024252461 3.251027107 0.005046906 0.999976635 0.004612790 -6.372125626 -0.024275685 -0.004488972 0.999695182 64.051933289
0.999664366 -0.004652386 0.025482640 3.391660690 0.004519873 0.999975920 0.005255202 -6.594258785 -0.025506478 -0.005138261 0.999661446 66.319648743
0.999644220 -0.003845778 0.026390744 3.538581371 0.003700615 0.999977708 0.005547156 -6.818717480 -0.026411487 -0.005447521 0.999636233 68.581787109
0.999607086 -0.004005303 0.027741946 3.676096439 0.003860743 0.999978840 0.005262495 -7.042263508 -0.027762437 -0.005153323 0.999601245 70.836219788
0.999590456 -0.004786881 0.028213438 3.835520744 0.004679150 0.999981523 0.003883203 -7.264151573 -0.028231500 -0.003749598 0.999594510 73.091308594
0.999575377 -0.005705838 0.028574074 3.993767262 0.005584881 0.999975026 0.004311128 -7.490728378 -0.028597960 -0.004149714 0.999582410 75.374397278
0.999524891 -0.006969053 0.030025249 4.150312901 0.006855257 0.999968886 0.003891339 -7.720562935 -0.030051436 -0.003683660 0.999541581 77.639915466
0.999524951 -0.007933096 0.029780922 4.308675766 0.007817768 0.999961495 0.003987020 -7.954203606 -0.029811407 -0.003752306 0.999548435 79.898429871
0.999492884 -0.008336280 0.030732911 4.456461906 0.008229935 0.999959648 0.003585161 -8.168775558 -0.030761559 -0.003330413 0.999521196 82.155616760
0.999482274 -0.007319065 0.031331621 4.629372120 0.007223629 0.999968946 0.003158030 -8.393070221 -0.031353761 -0.002930066 0.999504030 84.432411194
0.999433815 -0.006987262 0.032913458 4.786664963 0.006874071 0.999970078 0.003550944 -8.610018730 -0.032937281 -0.003322684 0.999451876 86.687904358
0.999432921 -0.006906027 0.032957517 4.957144737 0.006744079 0.999964654 0.005022465 -8.842615128 -0.032991037 -0.004797350 0.999444127 88.972129822
0.999399602 -0.006037236 0.034114949 5.116564274 0.005843870 0.999966264 0.005764956 -9.068886757 -0.034148600 -0.005562131 0.999401271 91.225540161
0.999378204 -0.005752075 0.034786269 5.285991192 0.005553438 0.999967754 0.005804134 -9.289834023 -0.034818530 -0.005607340 0.999377906 93.464271545
0.999362886 -0.005731677 0.035227295 5.454394341 0.005561781 0.999972582 0.004918912 -9.505963326 -0.035254516 -0.004719852 0.999367237 95.693832397
0.999323368 -0.006359983 0.036225885 5.619769096 0.006168369 0.999966323 0.005398774 -9.726976395 -0.036259010 -0.005171667 0.999329031 97.939643860
0.999296963 -0.006298141 0.036957644 5.782913208 0.006129766 0.999970317 0.004667417 -9.952970505 -0.036985945 -0.004437594 0.999305904 100.189804077
0.999231219 -0.006294288 0.038695186 5.936604500 0.006087366 0.999966502 0.005462976 -10.167034149 -0.038728278 -0.005223224 0.999236107 102.421180725
0.999228418 -0.006517382 0.038730703 6.134219170 0.006301596 0.999963939 0.005690915 -10.392166138 -0.038766395 -0.005442459 0.999233484 104.689620972
0.999202847 -0.007333644 0.039241690 6.313664436 0.007095665 0.999955535 0.006200315 -10.605976105 -0.039285421 -0.005916928 0.999210536 106.927986145
0.999182105 -0.008848426 0.039456997 6.499090672 0.008602859 0.999942541 0.006389085 -10.822147369 -0.039511260 -0.006044416 0.999200821 109.179023743
0.999139965 -0.009912059 0.040261317 6.676015854 0.009626490 0.999927163 0.007280588 -11.045590401 -0.040330548 -0.006886752 0.999162674 111.433647156
0.999114633 -0.010639268 0.040703129 6.863909721 0.010396448 0.999926925 0.006172670 -11.269001961 -0.040765811 -0.005744037 0.999152243 113.697441101
0.999069393 -0.011138579 0.041668579 7.043896675 0.010927792 0.999926329 0.005283020 -11.487805367 -0.041724354 -0.004822758 0.999117494 115.947937012
0.999031961 -0.011464735 0.042472556 7.224130630 0.011223951 0.999919534 0.005903418 -11.715461731 -0.042536821 -0.005420992 0.999080300 118.195281982
0.998981655 -0.011952028 0.043505922 7.411138535 0.011672867 0.999909639 0.006665022 -11.938539505 -0.043581661 -0.006150397 0.999030948 120.462089539
0.998941243 -0.012524460 0.044265505 7.603936195 0.012229460 0.999901235 0.006928893 -12.159502983 -0.044347916 -0.006380213 0.998995781 122.704475403
0.998898149 -0.013582555 0.044921592 7.799250603 0.013293883 0.999889076 0.006718654 -12.381103516 -0.045007866 -0.006114068 0.998967946 124.973464966
0.998875856 -0.014438815 0.045150526 7.991060734 0.014187033 0.999881983 0.005892002 -12.602371216 -0.045230273 -0.005244826 0.998962820 127.228080750
0.998852849 -0.016012499 0.045129001 8.178237915 0.015741132 0.999855876 0.006362116 -12.820144653 -0.045224383 -0.005644436 0.998960912 129.485855103
0.998876929 -0.017158248 0.044162802 8.366285324 0.016879493 0.999835253 0.006677159 -13.035034180 -0.044270094 -0.005924214 0.999002159 131.737335205
0.998942554 -0.017387966 0.042563308 8.565454483 0.017065262 0.999822855 0.007933374 -13.252033234 -0.042693723 -0.007198630 0.999062240 133.972991943
0.998988628 -0.018736996 0.040873062 8.761794090 0.018444680 0.999801755 0.007517165 -13.480521202 -0.041005794 -0.006755673 0.999136090 136.232986450
0.999058604 -0.019355837 0.038822733 8.967731476 0.019093182 0.999792397 0.007124844 -13.691565514 -0.038952578 -0.006376888 0.999220788 138.457122803
0.999042571 -0.019953942 0.038930815 9.133255005 0.019696938 0.999781668 0.006973978 -13.910321236 -0.039061472 -0.006200484 0.999217510 140.756713867
0.999034941 -0.020273797 0.038962100 9.301721573 0.020008564 0.999774039 0.007185452 -14.118804932 -0.039098971 -0.006398942 0.999214828 142.986770630
0.999074459 -0.020413384 0.037861593 9.486639977 0.020104760 0.999761641 0.008514308 -14.347734451 -0.038026374 -0.007745230 0.999246716 145.222290039
0.999092281 -0.019482853 0.037885733 9.661727905 0.019220743 0.999788821 0.007270453 -14.560491562 -0.038019378 -0.006535661 0.999255657 147.479919434
0.999112725 -0.018007645 0.038071491 9.835596085 0.017797735 0.999824464 0.005845414 -14.779118538 -0.038170081 -0.005162641 0.999257922 149.742721558
0.999125898 -0.016641214 0.038345195 10.012145996 0.016463956 0.999852300 0.004933879 -14.999277115 -0.038421642 -0.004298254 0.999252379 151.987564087
0.999130607 -0.015917683 0.038529288 10.192299843 0.015734617 0.999863446 0.005049908 -15.216442108 -0.038604412 -0.004439273 0.999244690 154.224914551
0.999121189 -0.015157254 0.039078616 10.376916885 0.014961408 0.999874055 0.005299258 -15.432337761 -0.039154019 -0.004709930 0.999222040 156.488342285
0.999117017 -0.013800692 0.039681487 10.541982651 0.013528884 0.999883175 0.007110086 -15.661361694 -0.039774973 -0.006566963 0.999187112 158.727172852
0.999064744 -0.013178428 0.041181628 10.718933105 0.012861214 0.999885559 0.007958268 -15.876044273 -0.041281793 -0.007421180 0.999119997 160.962020874
0.999033153 -0.011494187 0.042433642 10.880326271 0.011083329 0.999889433 0.009904889 -16.098474503 -0.042542804 -0.009425006 0.999050200 163.254943848
0.998997390 -0.011114194 0.043366570 11.062704086 0.010732490 0.999901652 0.009024744 -16.299741745 -0.043462601 -0.008550265 0.999018490 165.518157959
0.998958409 -0.010506949 0.044402845 11.255722046 0.010174993 0.999918759 0.007695428 -16.511449814 -0.044480078 -0.007235616 0.998984039 167.769653320
0.998891294 -0.008778767 0.046251599 11.440801620 0.008426488 0.999934018 0.007806078 -16.722450256 -0.046317082 -0.007407685 0.998899281 170.006179810
0.998771429 -0.008308311 0.048853103 11.645546913 0.007908755 0.999933660 0.008366365 -16.954887390 -0.048919383 -0.007969721 0.998770952 172.297470093
0.998656750 -0.008400830 0.051128380 11.846271515 0.007989520 0.999934077 0.008243726 -17.168033600 -0.051194273 -0.007824161 0.998658061 174.566574097
0.998567402 -0.008383673 0.052847221 12.053457260 0.007938194 0.999931216 0.008633796 -17.381385803 -0.052915968 -0.008201917 0.998565257 176.827209473
0.998522937 -0.008699761 0.053629037 12.261032104 0.008199116 0.999920726 0.009548244 -17.590044022 -0.053707857 -0.009094431 0.998515189 179.053283691
0.998512089 -0.010253709 0.053557675 12.471430779 0.009759843 0.999907434 0.009474597 -17.812986374 -0.053649876 -0.008937783 0.998519838 181.316452026
0.998479009 -0.011083571 0.054008748 12.671535492 0.010594332 0.999900341 0.009336442 -18.023130417 -0.054106846 -0.008750054 0.998496830 183.560806274
0.998529196 -0.012756557 0.052693937 12.896443367 0.012297475 0.999883652 0.009027308 -18.243272781 -0.052802965 -0.008366029 0.998569906 185.794876099
0.998537540 -0.014359704 0.052118268 13.107320786 0.013862509 0.999854922 0.009888734 -18.455471039 -0.052252706 -0.009151785 0.998591900 188.042617798
0.998548746 -0.015216522 0.051661287 13.317606926 0.014752146 0.999847293 0.009358365 -18.662433624 -0.051795803 -0.008582668 0.998620808 190.286575317
0.998515308 -0.016525697 0.051904935 13.516792297 0.016059501 0.999826968 0.009386001 -18.885246277 -0.052051075 -0.008538496 0.998607934 192.528625488
0.998468339 -0.017560001 0.052466188 13.704972267 0.017103635 0.999812007 0.009134766 -19.092416763 -0.052616738 -0.008223412 0.998580873 194.766998291
0.998517871 -0.017245512 0.051619399 13.945568085 0.016769389 0.999812841 0.009642705 -19.323516846 -0.051776044 -0.008762788 0.998620212 197.039428711
0.998525620 -0.015199045 0.052111316 14.148328781 0.014725505 0.999846756 0.009459046 -19.528633118 -0.052247096 -0.008677733 0.998596489 199.283340454
0.998537838 -0.013323929 0.052388009 14.351711273 0.012851246 0.999873638 0.009349281 -19.743017197 -0.052505955 -0.008662362 0.998583019 201.518966675
0.998517036 -0.012806293 0.052912306 14.563401222 0.012374053 0.999887407 0.008488521 -19.951364517 -0.053015057 -0.007821196 0.998563051 203.778091431
0.998476803 -0.012973512 0.053625859 14.763180733 0.012492928 0.999878824 0.009287291 -20.158885956 -0.053739853 -0.008603199 0.998517931 206.005584717
0.998469651 -0.014591775 0.053345192 15.003538132 0.014100717 0.999854803 0.009570132 -20.384365082 -0.053477101 -0.008803281 0.998530209 208.265228271
0.998407364 -0.014199267 0.054599427 15.209285736 0.013685825 0.999858618 0.009766240 -20.585054398 -0.054730378 -0.009003449 0.998460531 210.509735107
0.998345256 -0.015011537 0.055510290 15.435717583 0.014419585 0.999834895 0.011049055 -20.810295105 -0.055667005 -0.010230336 0.998396993 212.768463135
0.998283565 -0.013498137 0.056988083 15.671062469 0.012872305 0.999852836 0.011334662 -21.017791748 -0.057132695 -0.010581639 0.998310506 215.004302979
0.998112142 -0.012796343 0.060068998 15.888766289 0.012129294 0.999860764 0.011456248 -21.238811493 -0.060207225 -0.010706026 0.998128474 217.293823242
0.997984231 -0.012780680 0.062161140 16.115653992 0.012060421 0.999855876 0.011948424 -21.445896149 -0.062304903 -0.011174651 0.997994602 219.540084839
0.997856259 -0.014436859 0.063830443 16.349927902 0.013656037 0.999826670 0.012652184 -21.650672913 -0.064002037 -0.011753391 0.997880518 221.775894165
0.997747719 -0.015693638 0.065216146 16.581415176 0.014849747 0.999799907 0.013404610 -21.850875854 -0.065413460 -0.012405976 0.997781098 224.014984131
0.997672141 -0.017744683 0.065843597 16.828948975 0.016925303 0.999772489 0.012981398 -22.061834335 -0.066058971 -0.011836757 0.997745514 226.250518799
0.997643530 -0.019105885 0.065896712 17.073183060 0.018320700 0.999754012 0.012499165 -22.259807587 -0.066119313 -0.011262438 0.997748137 228.513214111
0.997584343 -0.019522486 0.066665933 17.309070587 0.018710002 0.999743164 0.012790130 -22.463100433 -0.066898495 -0.011511917 0.997693300 230.762496948
0.997523487 -0.020718180 0.067213073 17.548538208 0.019962614 0.999730051 0.011893615 -22.666551590 -0.067441329 -0.010522411 0.997667730 233.004364014
0.997513771 -0.021538299 0.067099944 17.818885803 0.020700496 0.999699295 0.013156314 -22.878944397 -0.067363121 -0.011734605 0.997659504 235.308105469
0.997479320 -0.021381062 0.067659669 18.063129425 0.020531761 0.999701858 0.013223186 -23.078485489 -0.067922220 -0.011800684 0.997620821 237.554779053
0.997440219 -0.021243436 0.068276905 18.301099777 0.020396173 0.999706328 0.013082515 -23.274988174 -0.068534784 -0.011656438 0.997580588 239.777435303
0.997401297 -0.021339409 0.068813697 18.543983459 0.020465398 0.999700904 0.013381308 -23.478565216 -0.069078676 -0.011938234 0.997539759 242.007736206
0.997360528 -0.021679051 0.069297932 18.790864944 0.020799739 0.999694169 0.013385418 -23.674610138 -0.069566905 -0.011908709 0.997506201 244.250808716
0.997325957 -0.021737749 0.069773994 19.037603378 0.020899218 0.999700546 0.012725556 -23.881746292 -0.070029743 -0.011233306 0.997481644 246.483779907
0.997338831 -0.021414375 0.069689423 19.296508789 0.020628240 0.999715447 0.011980786 -24.087766647 -0.069926165 -0.010511332 0.997496724 248.727035522
0.997312605 -0.021789620 0.069947645 19.547994614 0.020958841 0.999701202 0.012589260 -24.292112350 -0.070201039 -0.011089408 0.997471213 250.962631226
0.997288287 -0.023163544 0.069853440 19.803203583 0.022340147 0.999671698 0.012545829 -24.495376587 -0.070121124 -0.010951272 0.997478485 253.192947388
0.997289598 -0.023275346 0.069796979 20.067363739 0.022399409 0.999660552 0.013306365 -24.699817657 -0.070083007 -0.011706886 0.997472405 255.454650879
0.997245133 -0.023980726 0.070194080 20.303295135 0.023089014 0.999642491 0.013487530 -24.902128220 -0.070492417 -0.011829660 0.997442126 257.675323486
0.997223914 -0.024075737 0.070460998 20.564546585 0.023144234 0.999633968 0.014006916 -25.108474731 -0.070772439 -0.012337265 0.997416198 259.944274902
0.997189522 -0.023711300 0.071067981 20.818984985 0.022814577 0.999649882 0.013403148 -25.307630539 -0.071360886 -0.011744095 0.997381389 262.191894531
0.997158945 -0.023690769 0.071505360 21.077152252 0.022830667 0.999657094 0.012822004 -25.504905701 -0.071784608 -0.011153058 0.997357905 264.451721191
0.997134387 -0.022941401 0.072087556 21.336147308 0.022103352 0.999678791 0.012401800 -25.711738586 -0.072348915 -0.010772884 0.997321129 266.693664551
0.997058094 -0.022187971 0.073367529 21.591419220 0.021333629 0.999695480 0.012407962 -25.909530640 -0.073620498 -0.010806264 0.997227788 268.940246582
0.996960282 -0.021791225 0.074801847 21.848606110 0.020926582 0.999705076 0.012323580 -26.131332397 -0.075048320 -0.010720772 0.997122288 271.205322266
0.996891737 -0.022516619 0.075496562 22.126140594 0.021604413 0.999683738 0.012877828 -26.340152740 -0.075762644 -0.011206744 0.997062981 273.454589844
0.996662498 -0.023130571 0.078286625 22.361850739 0.022156727 0.999666214 0.013285449 -26.534538269 -0.078567810 -0.011506533 0.996842384 275.700256348
0.996550679 -0.022998389 0.079734795 22.634870529 0.021931713 0.999658227 0.014227892 -26.724567413 -0.080034755 -0.012430097 0.996714592 277.942535400
0.996500850 -0.022231424 0.080570869 22.917940140 0.020987649 0.999647617 0.016251260 -26.944904327 -0.080903776 -0.014503402 0.996616364 280.190002441
0.996425033 -0.022144107 0.081527159 23.201143265 0.020779338 0.999629974 0.017550727 -27.147495270 -0.081885643 -0.015793903 0.996516526 282.425140381
0.996359408 -0.021045605 0.082613595 23.479034424 0.019688917 0.999658167 0.017202644 -27.333633423 -0.082947381 -0.015513440 0.996433198 284.681396484
0.996259689 -0.020034196 0.084054619 23.747343063 0.018719973 0.999690354 0.016394561 -27.521224976 -0.084357031 -0.014759739 0.996326268 286.913208008
0.996254086 -0.019538261 0.084237806 24.035707474 0.018308522 0.999714613 0.015346404 -27.707033157 -0.084513612 -0.013746647 0.996327460 289.162139893
0.996196747 -0.020351490 0.084723271 24.309268951 0.019079369 0.999693215 0.015797833 -27.909002304 -0.085018799 -0.014121282 0.996279299 291.389678955
0.996128440 -0.020135829 0.085572012 24.573152542 0.018983224 0.999718070 0.014261950 -28.098531723 -0.085835040 -0.012582304 0.996229887 293.660552979
0.996146858 -0.020635583 0.085238285 24.856897354 0.019567434 0.999719441 0.013347917 -28.292621613 -0.085489810 -0.011628590 0.996271193 295.892700195
0.996137619 -0.020569237 0.085362136 25.135711670 0.019505342 0.999721587 0.013278813 -28.492441177 -0.085611500 -0.011562508 0.996261477 298.131591797
0.996141195 -0.019899856 0.085477710 25.416355133 0.018836843 0.999735117 0.013224842 -28.687551498 -0.085718237 -0.011563684 0.996252298 300.371154785
0.996075809 -0.019891696 0.086239897 25.679164886 0.018719880 0.999721408 0.014375435 -28.894500732 -0.086501814 -0.012704624 0.996170640 302.614929199
0.996088028 -0.020564033 0.085940666 25.968837738 0.019389439 0.999707162 0.014480019 -29.092266083 -0.086213246 -0.012757030 0.996195018 304.866363525
0.996045232 -0.019958766 0.086578093 26.251018524 0.018746834 0.999714911 0.014788742 -29.292037964 -0.086848587 -0.013107188 0.996135235 307.113769531
0.996039391 -0.020665430 0.086478159 26.534677505 0.019457502 0.999701321 0.014787744 -29.497190475 -0.086757928 -0.013046526 0.996143997 309.368957520
0.995986104 -0.021890653 0.086790144 26.817958832 0.020633908 0.999669254 0.015351140 -29.693735123 -0.087097488 -0.013498704 0.996108353 311.624908447
0.995967209 -0.021505278 0.087102547 27.103612900 0.020309540 0.999687374 0.014591060 -29.891473770 -0.087389097 -0.012763207 0.996092498 313.866607666
0.995983124 -0.021103770 0.087018967 27.395673752 0.019842293 0.999685466 0.015336240 -30.093358994 -0.087315246 -0.013547982 0.996088624 316.116638184
0.995939195 -0.019220646 0.087952033 27.679222107 0.018010674 0.999732196 0.014530248 -30.292869568 -0.088207737 -0.012887171 0.996018708 318.361816406
0.995924592 -0.017836506 0.088407896 27.956695557 0.016568212 0.999749303 0.015059069 -30.490238190 -0.088654339 -0.013532935 0.995970488 320.600036621
0.995860219 -0.016376693 0.089410491 28.234683990 0.015103546 0.999774933 0.014897434 -30.689699173 -0.089634344 -0.013485347 0.995883465 322.833557129
0.995807827 -0.015386993 0.090166375 28.514646530 0.014057330 0.999783278 0.015363347 -30.883077621 -0.090383217 -0.014031446 0.995808125 325.075561523
0.995822608 -0.014916336 0.090082131 28.813213348 0.013451260 0.999767542 0.016849048 -31.090667725 -0.090312518 -0.015566946 0.995791793 327.304107666
0.995777071 -0.015530012 0.090480968 29.099658966 0.014082840 0.999762774 0.016610786 -31.290597916 -0.090717494 -0.015266409 0.995759666 329.543579102
0.995787919 -0.017481422 0.090004757 29.402494431 0.016107002 0.999742687 0.015974324 -31.486614227 -0.090260841 -0.014457326 0.995813310 331.776733398
0.995789349 -0.017170446 0.090050228 29.690370560 0.015824214 0.999752402 0.015642574 -31.682064056 -0.090296522 -0.014151732 0.995814323 333.997406006
0.995766163 -0.017364321 0.090267502 29.979028702 0.015887946 0.999728382 0.017048530 -31.878240585 -0.090539046 -0.015542184 0.995771587 336.230224609
0.995801568 -0.018008327 0.089749098 30.281726837 0.016551247 0.999719262 0.016953014 -32.069236755 -0.090029202 -0.015396377 0.995820105 338.467987061
0.995792985 -0.017931234 0.089860037 30.566001892 0.016434157 0.999714017 0.017372441 -32.269027710 -0.090145864 -0.015822584 0.995802879 340.717864990
0.995849013 -0.018169096 0.089188434 30.868036270 0.016718667 0.999715924 0.016982758 -32.464092255 -0.089471631 -0.015421151 0.995869994 342.967163086
0.995855689 -0.018441044 0.089059673 31.156099319 0.016935604 0.999701142 0.017629966 -32.656440735 -0.089358203 -0.016048621 0.995870173 345.210540771
0.995893478 -0.018184800 0.088687666 31.445821762 0.016679529 0.999704480 0.017684441 -32.846183777 -0.088983037 -0.016132554 0.995902419 347.453521729
0.995938778 -0.018207017 0.088173114 31.734849930 0.016713787 0.999704599 0.017644053 -33.037498474 -0.088468306 -0.016098693 0.995949030 349.697540283
0.995960593 -0.017936394 0.087981746 32.021614075 0.016406283 0.999701858 0.018083680 -33.232490540 -0.088279888 -0.016567180 0.995957911 351.941802979
0.995991945 -0.018227071 0.087566145 32.307155609 0.016685389 0.999693215 0.018305779 -33.419807434 -0.087872922 -0.016771330 0.995990515 354.170837402
0.996021748 -0.017822472 0.087309904 32.590770721 0.016316758 0.999706089 0.017929152 -33.613327026 -0.087603800 -0.016433213 0.996019840 356.408721924
0.996064663 -0.017953381 0.086792029 32.879825592 0.016415443 0.999695837 0.018401230 -33.803997040 -0.087095991 -0.016904084 0.996056497 358.642547607
0.996108234 -0.017687405 0.086345531 33.167327881 0.016079152 0.999684691 0.019285919 -33.996665955 -0.086659431 -0.017822500 0.996078491 360.888092041
0.996163666 -0.018031077 0.085632101 33.458042145 0.016423620 0.999676049 0.019439280 -34.190719604 -0.085954882 -0.017958313 0.996137142 363.130523682
0.996212244 -0.017928991 0.085086577 33.746448517 0.016296081 0.999670208 0.019847073 -34.379699707 -0.085414365 -0.018385317 0.996175826 365.368865967
0.996250868 -0.017987765 0.084620737 34.028991699 0.016412225 0.999679446 0.019277854 -34.570381165 -0.084940381 -0.017816763 0.996226728 367.616668701
0.996273458 -0.018763846 0.084185168 34.309726715 0.017211830 0.999668956 0.019123910 -34.761699677 -0.084516153 -0.017603662 0.996266603 369.866607666
0.996275246 -0.018953940 0.084122017 34.590198517 0.017487396 0.999682546 0.018136347 -34.944648743 -0.084439076 -0.016597718 0.996290445 372.120422363
0.996329606 -0.018714104 0.083528146 34.868160248 0.017239919 0.999683261 0.018335510 -35.145496368 -0.083844826 -0.016828191 0.996336639 374.368621826
0.996425271 -0.018702721 0.082381926 35.157920837 0.017232141 0.999679804 0.018525781 -35.329555511 -0.082702041 -0.017039938 0.996428549 376.616241455
0.996323109 -0.018445812 0.083664924 35.419292450 0.016872214 0.999667943 0.019476559 -35.522956848 -0.083996408 -0.017993338 0.996303558 378.881103516
0.996320069 -0.019172622 0.083538577 35.699752808 0.017570782 0.999648213 0.019868111 -35.717369080 -0.083890118 -0.018327164 0.996306479 381.127655029
0.996345699 -0.019160831 0.083235130 35.985095978 0.017571419 0.999649823 0.019786283 -35.898597717 -0.083585098 -0.018251423 0.996333480 383.383453369
0.996355832 -0.018375615 0.083290763 36.268699646 0.016760055 0.999658346 0.020054564 -36.089019775 -0.083630852 -0.018585524 0.996323407 385.642303467
0.996357977 -0.017297611 0.083494954 36.538246155 0.015677027 0.999676526 0.020026162 -36.269317627 -0.083814330 -0.018644279 0.996306956 387.883331299
0.996381938 -0.016228955 0.083424553 36.825393677 0.014589492 0.999689162 0.020224253 -36.468250275 -0.083726838 -0.018933959 0.996308863 390.152343750
0.996386766 -0.014962740 0.083603352 37.103866577 0.013320245 0.999707818 0.020169655 -36.658660889 -0.083880708 -0.018983161 0.996294975 392.431243896
0.996412218 -0.013493896 0.083549261 37.385505676 0.011741220 0.999701262 0.021433698 -36.844459534 -0.083813541 -0.020375827 0.996273100 394.695251465
0.996346295 -0.012493750 0.084485821 37.654575348 0.010690477 0.999706030 0.021762939 -37.030525208 -0.084732883 -0.020780234 0.996186912 396.962371826
0.996304274 -0.012225403 0.085019685 37.936561584 0.010530431 0.999737322 0.020356223 -37.224685669 -0.085246228 -0.019385697 0.996171296 399.231567383
0.996248782 -0.012046085 0.085692577 38.213012695 0.010396454 0.999752462 0.019670846 -37.412097931 -0.085908324 -0.018706158 0.996127427 401.500122070
0.996134281 -0.012862611 0.086896114 38.486579895 0.011110093 0.999725640 0.020621574 -37.594463348 -0.087137520 -0.019576438 0.996003926 403.750061035
0.996105850 -0.014554250 0.086955562 38.766876221 0.012692078 0.999679089 0.021929841 -37.789299011 -0.087246820 -0.020740796 0.995970786 406.027160645
0.996068120 -0.014949886 0.087319203 39.049575806 0.013089103 0.999675810 0.021843985 -37.973823547 -0.087617449 -0.020615168 0.995940864 408.282043457
0.996011376 -0.013799566 0.088151269 39.352790833 0.011995839 0.999708354 0.020958794 -38.155673981 -0.088414773 -0.019817749 0.995886564 410.547698975
0.995964646 -0.012864395 0.088819697 39.646369934 0.011026410 0.999715567 0.021153146 -38.345947266 -0.089066550 -0.020088421 0.995823085 412.805267334
0.995903671 -0.011803088 0.089648262 39.930934906 0.009971802 0.999732912 0.020847958 -38.533306122 -0.089870393 -0.019868605 0.995755196 415.055206299
0.995813191 -0.010491201 0.090807438 40.223304749 0.008636406 0.999746382 0.020794498 -38.717159271 -0.091002584 -0.019923186 0.995651484 417.330169678
0.995782137 -0.011030192 0.091083936 40.526149750 0.009170168 0.999741256 0.020814316 -38.907184601 -0.091289952 -0.019891273 0.995625615 419.586517334
0.995664120 -0.010992572 0.092369556 40.813274384 0.009115368 0.999743760 0.020720141 -39.090293884 -0.092573673 -0.019788317 0.995509207 421.842437744
0.995582998 -0.010919657 0.093248285 41.101070404 0.009056157 0.999751151 0.020384146 -39.277099609 -0.093447670 -0.019449640 0.995434225 424.101562500
0.995524645 -0.011483198 0.093803279 41.402641296 0.009502664 0.999722958 0.021533176 -39.465011597 -0.094024554 -0.020545427 0.995357811 426.373870850
0.995478809 -0.010669770 0.094382405 41.699420929 0.008616890 0.999717951 0.022131540 -39.648365021 -0.094591931 -0.021218196 0.995289922 428.630004883
0.995405376 -0.009888895 0.095238447 42.003608704 0.007748161 0.999709547 0.022821240 -39.831428528 -0.095436469 -0.021978460 0.995192945 430.906127930
0.995410860 -0.010377991 0.095128961 42.307189941 0.008212199 0.999698758 0.023130205 -40.024051666 -0.095340334 -0.022242835 0.995196223 433.152648926
0.995373666 -0.011152607 0.095429868 42.617008209 0.009020638 0.999700665 0.022743018 -40.218097687 -0.095654964 -0.021776967 0.995176315 435.423217773
0.995387137 -0.010253618 0.095389940 42.931808472 0.008114279 0.999707401 0.022788228 -40.388587952 -0.095595665 -0.021909088 0.995179236 437.693695068
0.995343029 -0.010807564 0.095788196 43.239215851 0.008618046 0.999692738 0.023242228 -40.575683594 -0.096009947 -0.022308484 0.995130360 439.978790283
0.995378733 -0.010916425 0.095405474 43.553745270 0.008715758 0.999687016 0.023452837 -40.756454468 -0.095631652 -0.022512926 0.995162189 442.253387451
0.995370090 -0.009999859 0.095594682 43.875278473 0.007701168 0.999672949 0.024385005 -40.951370239 -0.095807277 -0.023535915 0.995121598 444.560241699
0.995326817 -0.010489574 0.095992334 44.183563232 0.008165951 0.999664843 0.024567248 -41.130664825 -0.096217863 -0.023668572 0.995078862 446.840515137
0.995296180 -0.010186437 0.096341558 44.487197876 0.007898039 0.999678254 0.024104560 -41.312931061 -0.096556097 -0.023230271 0.995056391 449.110046387
0.995292366 -0.009299167 0.096470915 44.794052124 0.007049200 0.999695718 0.023637403 -41.493938446 -0.096661352 -0.022846080 0.995055079 451.372070312
0.995239258 -0.008721124 0.097070128 45.097820282 0.006481654 0.999706030 0.023362119 -41.682804108 -0.097245336 -0.022621723 0.995003283 453.639282227
0.995163918 -0.008000797 0.097902000 45.400562286 0.005725646 0.999707580 0.023497978 -41.858844757 -0.098061360 -0.022823786 0.994918585 455.920410156
0.995137691 -0.008143017 0.098156087 45.704658508 0.005879514 0.999710560 0.023327475 -42.050109863 -0.098317638 -0.022636941 0.994897604 458.184448242
0.995168507 -0.007257605 0.097913094 46.026763916 0.005082725 0.999735177 0.022443520 -42.228694916 -0.098050050 -0.021837415 0.994941831 460.467590332
0.995146692 -0.006043452 0.098216973 46.337036133 0.003800425 0.999728024 0.023008524 -42.414474487 -0.098329298 -0.022523589 0.994899035 462.749755859
0.995160580 -0.005891867 0.098085247 46.646015167 0.003518099 0.999697149 0.024356455 -42.598457336 -0.098199055 -0.023893507 0.994879842 465.022033691
0.995219946 -0.006085358 0.097470328 46.951744080 0.003691195 0.999687493 0.024724511 -42.776580811 -0.097590320 -0.024246544 0.994931221 467.288360596
0.995305479 -0.006091553 0.096591190 47.267494202 0.003822887 0.999712884 0.023654968 -42.957511902 -0.096707560 -0.023174670 0.995042980 469.571563721
0.995396733 -0.006039507 0.095649630 47.591968536 0.003839042 0.999724090 0.023172813 -43.141788483 -0.095763192 -0.022698939 0.995145321 471.871459961
0.995450795 -0.006401206 0.095061049 47.895973206 0.004138065 0.999703884 0.023985308 -43.327476501 -0.095186427 -0.023482829 0.995182455 474.156616211
0.995436490 -0.006645504 0.095194325 48.191307068 0.004368272 0.999699831 0.024110369 -43.509475708 -0.095325962 -0.023584509 0.995166719 476.433441162
0.995533884 -0.006491203 0.094181620 48.499061584 0.004288207 0.999712825 0.023574492 -43.680530548 -0.094307616 -0.023065330 0.995275795 478.735839844
0.995563745 -0.006605014 0.093856789 48.803443909 0.004354734 0.999698758 0.024160275 -43.862293243 -0.093988068 -0.023644380 0.995292425 481.016998291
0.995589554 -0.007328563 0.093528405 49.109096527 0.005038532 0.999682248 0.024697570 -44.045059204 -0.093679696 -0.024117399 0.995310247 483.288330078
0.995618105 -0.007887262 0.093179576 49.407398224 0.005662227 0.999693155 0.024119293 -44.225955963 -0.093341209 -0.023486009 0.995357156 485.563842773
0.995699644 -0.008281907 0.092269152 49.713813782 0.006028910 0.999677479 0.024669707 -44.414463043 -0.092443697 -0.024007339 0.995428503 487.849639893
0.995694041 -0.007986520 0.092355423 49.987720490 0.005747699 0.999683738 0.024481988 -44.585369110 -0.092521749 -0.023845740 0.995425105 490.117004395
0.995714307 -0.007646794 0.092165910 50.287616730 0.005365172 0.999673545 0.024977988 -44.761009216 -0.092326850 -0.024376450 0.995430291 492.420898438
0.995769382 -0.007041045 0.091617495 50.591384888 0.004743855 0.999669433 0.025267355 -44.937793732 -0.091765121 -0.024725836 0.995473683 494.705322266
0.995779216 -0.006922488 0.091519669 50.881359100 0.004665527 0.999680281 0.024851928 -45.117149353 -0.091662444 -0.024320045 0.995493114 497.007812500
0.995798111 -0.006724581 0.091328539 51.189929962 0.004500336 0.999688745 0.024538463 -45.307628632 -0.091465138 -0.024024351 0.995518446 499.328704834
0.995845437 -0.006602487 0.090819947 51.487781525 0.004327939 0.999672592 0.025218775 -45.486495972 -0.090956718 -0.024720939 0.995547950 501.625976562
0.995860398 -0.006343247 0.090674117 51.781932831 0.004053256 0.999668717 0.025417045 -45.668598175 -0.090805307 -0.024944302 0.995556176 503.911132812
0.995872736 -0.005328597 0.090604313 52.073928833 0.003101339 0.999689996 0.024705287 -45.849403381 -0.090707883 -0.024322329 0.995580494 506.200012207
0.995864689 -0.004911992 0.090716101 52.361152649 0.002633926 0.999678731 0.025214700 -46.031120300 -0.090810783 -0.024871493 0.995557547 508.488494873
0.995876312 -0.005269930 0.090567954 52.655014038 0.003087428 0.999701858 0.024221184 -46.211830139 -0.090668589 -0.023841683 0.995595634 510.785003662
0.995922685 -0.005861710 0.090020522 52.963401794 0.003614423 0.999678373 0.025106924 -46.399509430 -0.090138696 -0.024679180 0.995623410 513.082580566
0.995956779 -0.005450449 0.089668274 53.264347076 0.003204686 0.999678016 0.025170164 -46.577186584 -0.089776613 -0.024781037 0.995653570 515.399047852
0.995967209 -0.004726638 0.089593306 53.559123993 0.002501485 0.999686003 0.024932195 -46.757480621 -0.089683004 -0.024607532 0.995666325 517.712829590
0.995964468 -0.003761894 0.089669295 53.849884033 0.001551389 0.999693573 0.024708705 -46.940551758 -0.089734755 -0.024469884 0.995665014 520.000244141
0.995923162 -0.001879208 0.090185151 54.149490356 -0.000356004 0.999693274 0.024762210 -47.128093719 -0.090204015 -0.024693364 0.995617151 522.368041992
0.995857060 0.000198877 0.090932429 54.447933197 -0.002472764 0.999687016 0.024894362 -47.309722900 -0.090899020 -0.025016081 0.995545864 524.712036133
0.995816290 0.001221436 0.091369867 54.748268127 -0.003621268 0.999652684 0.026103858 -47.483039856 -0.091306277 -0.026325520 0.995474815 527.032043457
0.995754123 0.000763257 0.092049181 55.043865204 -0.003183986 0.999652803 0.026154218 -47.664283752 -0.091997258 -0.026336255 0.995410860 529.346374512
0.995726764 -0.001143043 0.092340924 55.344448090 -0.001412213 0.999617994 0.027601894 -47.842872620 -0.092337199 -0.027614349 0.995344818 531.663452148
0.995671988 -0.002753102 0.092895769 55.651077271 0.000213174 0.999626160 0.027340561 -48.019756317 -0.092936300 -0.027202424 0.995300412 533.990722656
0.995638013 -0.002777543 0.093259007 55.952953339 0.000287184 0.999643266 0.026706485 -48.197975159 -0.093299910 -0.026563209 0.995283604 536.309143066
0.995560169 -0.003127404 0.094075315 56.255493164 0.000620082 0.999644101 0.026669718 -48.378551483 -0.094125241 -0.026492974 0.995207787 538.630798340
0.995481789 -0.002531889 0.094918780 56.554965973 0.000057033 0.999660194 0.026067063 -48.561058044 -0.094952516 -0.025943873 0.995143652 540.945678711
0.995371699 -0.001776503 0.096083507 56.860092163 -0.000691938 0.999670804 0.025651155 -48.742176056 -0.096097462 -0.025598921 0.995042622 543.270141602
0.995260894 -0.001437946 0.097229138 57.143386841 -0.000983633 0.999690652 0.024853377 -48.924182892 -0.097234815 -0.024831235 0.994951606 545.590332031
0.995102525 -0.001487954 0.098837458 57.439476013 -0.001014243 0.999680400 0.025261214 -49.101627350 -0.098843470 -0.025237739 0.994782925 547.915405273
0.995046258 -0.001312390 0.099404611 57.745929718 -0.001290146 0.999658287 0.026112428 -49.280342102 -0.099404886 -0.026111320 0.994704545 550.227966309
0.994982243 -0.001658279 0.100037411 58.058868408 -0.000994604 0.999649286 0.026463205 -49.462608337 -0.100046217 -0.026429921 0.994631708 552.540832520
0.995065033 -0.002807942 0.099185072 58.393684387 0.000279936 0.999674916 0.025492482 -49.639610291 -0.099224426 -0.025338911 0.994742393 554.855773926
0.995085597 -0.002911074 0.098975144 58.720516205 0.000350498 0.999665022 0.025878454 -49.820766449 -0.099017322 -0.025716582 0.994753361 557.172119141
0.995021760 -0.002741309 0.099620357 59.034519196 0.000132006 0.999656975 0.026189618 -49.998737335 -0.099657983 -0.026046092 0.994680762 559.483520508
0.995003939 -0.002193965 0.099811837 59.358253479 -0.000537241 0.999626279 0.027328437 -50.179794312 -0.099834502 -0.027245527 0.994630992 561.816589355
0.995015025 -0.003072733 0.099676944 59.686424255 0.000291467 0.999610543 0.027905375 -50.360134125 -0.099723868 -0.027737215 0.994628429 564.149291992
0.994962633 -0.002362543 0.100218803 60.007297516 -0.000511981 0.999589443 0.028647071 -50.535617828 -0.100245357 -0.028554071 0.994552910 566.467163086
0.994925022 -0.001535775 0.100607060 60.333744049 -0.001293252 0.999605715 0.028048318 -50.716125488 -0.100610472 -0.028036084 0.994530916 568.787536621
0.994964600 -0.000569570 0.100225583 60.676509857 -0.002078631 0.999651432 0.026316004 -50.884811401 -0.100205623 -0.026391823 0.994616628 571.121276855
0.994964778 -0.000149364 0.100225218 61.017120361 -0.002553059 0.999636531 0.026834691 -51.067878723 -0.100192808 -0.026955450 0.994602799 573.444091797
0.994965136 -0.000257327 0.100221060 61.344963074 -0.002524143 0.999615133 0.027625553 -51.250755310 -0.100189604 -0.027739435 0.994581580 575.816528320
0.994948626 -0.000391229 0.100384481 61.675052643 -0.002546444 0.999572217 0.029134413 -51.436874390 -0.100352935 -0.029242873 0.994521976 578.135070801
0.994849622 0.000152755 0.101361752 61.982620239 -0.002936401 0.999622703 0.027313864 -51.610977173 -0.101319320 -0.027470822 0.994474709 580.524353027
0.994891405 -0.000567991 0.100949124 62.316444397 -0.002155721 0.999636650 0.026869902 -51.780986786 -0.100927696 -0.026950251 0.994528592 582.860778809
0.994857907 -0.000919330 0.101276390 62.640659332 -0.001961075 0.999596477 0.028337805 -51.966880798 -0.101261579 -0.028390698 0.994454682 585.176391602
0.994918823 -0.000726177 0.100677609 62.971969604 -0.002155812 0.999591053 0.028514177 -52.142295837 -0.100657158 -0.028586330 0.994510472 587.494445801
0.994850576 -0.003074110 0.101306014 63.302909851 0.000303063 0.999625802 0.027357275 -52.325180054 -0.101352178 -0.027185699 0.994479060 589.859558105
0.994879425 -0.003486936 0.101008885 63.640476227 0.000734274 0.999627650 0.027276048 -52.499389648 -0.101066388 -0.027062207 0.994511545 592.210937500
0.994885862 -0.005251369 0.100868493 63.968307495 0.002456381 0.999610126 0.027813483 -52.678894043 -0.100975223 -0.027423471 0.994510889 594.550659180
0.994910359 -0.005893680 0.100591421 64.306991577 0.003093178 0.999603868 0.027973667 -52.856975555 -0.100716442 -0.027520146 0.994534492 596.909912109
