1.000000000 0.000000000 0.000000000 0.000000000 0.000000000 1.000000000 0.000000000 0.000000000 0.000000000 0.000000000 1.000000000 0.000000000
0.999999940 -0.000031691 0.000401834 0.089650288 0.000031792 0.999999881 -0.000251003 -0.225568682 -0.000401826 0.000251016 0.999999881 2.295510292
0.999999344 0.000233895 0.001094924 0.167243838 -0.000234195 0.999999940 0.000274583 -0.464792013 -0.001094860 -0.000274840 0.999999344 4.581543922
0.999998629 -0.000373518 0.001616402 0.265898287 0.000373077 0.999999881 0.000273394 -0.694770813 -0.001616504 -0.000272791 0.999998629 6.870614052
0.999996841 -0.000500451 0.002463251 0.362115741 0.000503856 0.999998927 -0.001381893 -0.928964972 -0.002462557 0.001383130 0.999995947 9.160504341
0.999988616 0.001238284 0.004623042 0.452860445 -0.001237893 0.999999285 -0.000087582 -1.164558172 -0.004623147 0.000081858 0.999989331 11.466267586
0.999971747 0.003184543 0.006799691 0.555188000 -0.003192140 0.999994218 0.001106646 -1.395450354 -0.006796128 -0.001128320 0.999976277 13.745642662
0.999953151 0.003056539 0.009189129 0.660786211 -0.003090415 0.999988496 0.003674507 -1.624399781 -0.009177792 -0.003702732 0.999951065 16.017724991
0.999945998 0.003189416 0.009892729 0.765682101 -0.003237506 0.999983013 0.004848918 -1.852594376 -0.009877097 -0.004880684 0.999939263 18.309350967
0.999937117 0.002464270 0.010935772 0.877728283 -0.002525117 0.999981344 0.005553631 -2.083092690 -0.010921882 -0.005580895 0.999924779 20.575798035
0.999929070 -0.000312669 0.011902882 0.993881643 0.000288798 0.999997973 0.002007147 -2.294960737 -0.011903485 -0.002003568 0.999927163 22.904094696
0.999917746 -0.002473877 0.012585379 1.102767587 0.002477324 0.999996841 -0.000258362 -2.514023781 -0.012584699 0.000289519 0.999920785 25.188602448
0.999916852 -0.003517102 0.012405462 1.237714291 0.003525432 0.999993563 -0.000649606 -2.766508102 -0.012403097 0.000693287 0.999922812 27.451900482
0.999896765 -0.003104298 0.014027175 1.334684014 0.003129133 0.999993622 -0.001748935 -2.992736578 -0.014021655 0.001792647 0.999900043 29.736080170
0.999905348 -0.001268303 0.013698415 1.476003647 0.001252990 0.999998569 0.001126378 -3.228649855 -0.013699826 -0.001109107 0.999905527 32.024379730
0.999906778 0.000726716 0.013636510 1.605879188 -0.000773833 0.999993742 0.003450247 -3.452312469 -0.013633916 -0.003460478 0.999900997 34.304340363
0.999870896 0.002631675 0.015852813 1.708528996 -0.002756605 0.999965250 0.007863902 -3.688754082 -0.015831565 -0.007906588 0.999843359 36.625167847
0.999847233 0.004469132 0.016899332 1.821709156 -0.004593097 0.999962687 0.007303793 -3.906419039 -0.016866064 -0.007380298 0.999830484 38.897586823
0.999815524 0.003613721 0.018864231 1.927492857 -0.003721883 0.999976814 0.005701707 -4.111044407 -0.018843191 -0.005770866 0.999805808 41.203773499
0.999821842 0.001144759 0.018843189 2.055408716 -0.001237883 0.999987125 0.004931145 -4.338812828 -0.018837303 -0.004953592 0.999810278 43.480792999
0.999815285 0.000868970 0.019198956 2.178752422 -0.000936218 0.999993443 0.003494023 -4.563818932 -0.019195791 -0.003511353 0.999809563 45.745395660
0.999816060 0.000232644 0.019179022 2.309045076 -0.000283914 0.999996305 0.002670543 -4.795545101 -0.019178333 -0.002675497 0.999812603 48.019824982
0.999807954 -0.001021136 0.019577013 2.441642761 0.000962556 0.999994993 0.003001497 -5.024391651 -0.019579986 -0.002982076 0.999803841 50.301006317
0.999785304 -0.001876169 0.020633396 2.571825504 0.001806960 0.999992609 0.003372316 -5.250580311 -0.020639572 -0.003334307 0.999781370 52.570095062
0.999780655 -0.003099893 0.020716175 2.711354017 0.003028771 0.999989450 0.003463635 -5.482189178 -0.020726696 -0.003400131 0.999779403 54.852336884
0.999747515 -0.003458793 0.022203498 2.840197325 0.003373660 0.999986827 0.003870527 -5.713340282 -0.022216590 -0.003794643 0.999745905 57.148868561
0.999728441 -0.004915890 0.022780059 2.981757641 0.004811605 0.999977708 0.004630377 -5.939952850 -0.022802312 -0.004519510 0.999729693 59.418426514
0.999686658 -0.006357427 0.024210745 3.112705469 0.006259440 0.999971926 0.004120879 -6.164561272 -0.024236266 -0.003968042 0.999698400 61.683406830
0.999668479 -0.006959932 0.024794100 3.264389992 0.006864188 0.999968648 0.003944599 -6.389088154 -0.024820780 -0.003773099 0.999684811 63.936027527
0.999635041 -0.006482737 0.026225500 3.405650854 0.006370011 0.999970078 0.004379678 -6.609846592 -0.026253108 -0.004211023 0.999646485 66.207351685
0.999611557 -0.005523052 0.027318008 3.553869724 0.005395839 0.999974191 0.004728293 -6.836379528 -0.027343417 -0.004579052 0.999615729 68.464591980
0.999571443 -0.005731132 0.028706785 3.694085598 0.005605288 0.999974310 0.004462318 -7.061390400 -0.028731624 -0.004299495 0.999577940 70.717239380
0.999558687 -0.006506254 0.028984576 3.859352112 0.006416211 0.999974251 0.003198501 -7.285467625 -0.029004639 -0.003011118 0.999574661 72.967926025
0.999540031 -0.007495610 0.029389385 4.021767139 0.007394609 0.999966383 0.003543840 -7.512250423 -0.029414961 -0.003324887 0.999561727 75.250404358
0.999490142 -0.008726001 0.030710995 4.183776379 0.008635074 0.999957979 0.003092081 -7.744114876 -0.030736689 -0.002825313 0.999523520 77.514717102
0.999490261 -0.009648290 0.030432027 4.347795963 0.009553641 0.999949038 0.003254093 -7.975346565 -0.030461876 -0.002961698 0.999531507 79.751937866
0.999457896 -0.010144219 0.031319533 4.497524261 0.010061951 0.999945521 0.002783145 -8.191769600 -0.031346064 -0.002466501 0.999505579 82.008872986
0.999433458 -0.009372848 0.032324463 4.663184166 0.009287809 0.999953032 0.002780014 -8.422130585 -0.032348998 -0.002478215 0.999473512 84.283370972
0.999383926 -0.009086015 0.033899892 4.823679447 0.008976649 0.999954045 0.003376979 -8.642133713 -0.033929020 -0.003070591 0.999419570 86.534957886
0.999379575 -0.008934821 0.034068253 4.992032528 0.008782689 0.999950767 0.004612496 -8.875144958 -0.034107793 -0.004310424 0.999408782 88.815567017
0.999357760 -0.008041637 0.034920264 5.155065060 0.007867610 0.999955952 0.005118160 -9.100109100 -0.034959879 -0.004840133 0.999376953 91.071090698
0.999324560 -0.007986882 0.035870150 5.321510315 0.007810455 0.999956667 0.005055963 -9.321865082 -0.035908978 -0.004772386 0.999343693 93.322250366
0.999301136 -0.008272632 0.036452506 5.491660595 0.008112726 0.999956787 0.004532412 -9.539068222 -0.036488425 -0.004233514 0.999325037 95.575698853
0.999266684 -0.008779195 0.037269041 5.660012245 0.008593766 0.999949872 0.005132659 -9.763605118 -0.037312225 -0.004808614 0.999292076 97.830375671
0.999232888 -0.008687057 0.038186371 5.825345993 0.008512953 0.999952555 0.004719569 -9.994616508 -0.038225565 -0.004390870 0.999259412 100.063796997
0.999168873 -0.008900099 0.039778594 5.988682747 0.008682000 0.999946356 0.005652189 -10.207482338 -0.039826766 -0.005302134 0.999192476 102.296524048
0.999141037 -0.009145136 0.040420484 6.181674957 0.008928880 0.999944806 0.005527501 -10.425734520 -0.040468801 -0.005161842 0.999167502 104.543777466
0.999108613 -0.009816246 0.041059136 6.348271370 0.009542280 0.999930918 0.006863123 -10.658169746 -0.041123677 -0.006465207 0.999133110 106.777603149
0.999065816 -0.011282735 0.041713860 6.534760952 0.011004842 0.999915659 0.006885527 -10.872090340 -0.041788038 -0.006420040 0.999105871 109.027114868
0.999021530 -0.012201544 0.042510320 6.720413685 0.011880712 0.999899089 0.007791594 -11.094338417 -0.042601097 -0.007278917 0.999065638 111.273902893
0.999002874 -0.012441889 0.042876605 6.914017200 0.012168111 0.999904037 0.006640351 -11.316257477 -0.042955097 -0.006112003 0.999058306 113.537788391
0.998954475 -0.012839898 0.043875705 7.101511955 0.012602204 0.999904394 0.005689808 -11.530364037 -0.043944579 -0.005130928 0.999020755 115.775924683
0.998916507 -0.013376245 0.044574704 7.288016319 0.013115622 0.999895155 0.006134239 -11.754578590 -0.044652086 -0.005542968 0.998987198 118.001533508
0.998871863 -0.013683972 0.045472920 7.483592987 0.013386091 0.999886870 0.006848797 -11.970325470 -0.045561492 -0.006232366 0.998942077 120.236671448
0.998825371 -0.014204914 0.046325371 7.680948257 0.013882598 0.999877214 0.007272067 -12.191134453 -0.046422984 -0.006620409 0.998899877 122.464126587
0.998793423 -0.015020305 0.046755638 7.881262779 0.014702640 0.999866486 0.007130676 -12.408788681 -0.046856508 -0.006434641 0.998880923 124.693603516
0.998771131 -0.015262506 0.047151953 8.074405670 0.014980338 0.999867737 0.006331826 -12.631764412 -0.047242355 -0.005617694 0.998867571 126.954109192
0.998759747 -0.016869294 0.046844181 8.270891190 0.016569175 0.999839664 0.006787620 -12.847836494 -0.046951178 -0.006003033 0.998879075 129.203598022
0.998783410 -0.017856469 0.045965299 8.464147568 0.017546330 0.999820471 0.007141887 -13.060941696 -0.046084579 -0.006326675 0.998917520 131.447128296
0.998851657 -0.018178251 0.044326529 8.668243408 0.017814834 0.999804437 0.008579945 -13.279566765 -0.044473823 -0.007780422 0.998980284 133.678695679
0.998894155 -0.019299125 0.042872243 8.859742165 0.018961798 0.999786079 0.008261010 -13.502243042 -0.043022502 -0.007438941 0.999046326 135.921508789
0.998963833 -0.019955624 0.040902182 9.071321487 0.019668583 0.999779105 0.007408255 -13.705018997 -0.041040979 -0.006596093 0.999135673 138.147445679
0.998951018 -0.020741066 0.040824562 9.242019653 0.020432170 0.999759495 0.007969203 -13.931713104 -0.040980048 -0.007126709 0.999134541 140.419311523
0.998947799 -0.021071820 0.040734559 9.418260574 0.020760093 0.999752045 0.008060588 -14.137555122 -0.040894311 -0.007206453 0.999137402 142.649261475
0.998990715 -0.021170879 0.039614405 9.606004715 0.020816971 0.999739826 0.009325109 -14.358302116 -0.039801519 -0.008491046 0.999171555 144.855895996
0.999014318 -0.020195855 0.039528806 9.783292770 0.019882865 0.999768019 0.008295260 -14.569776535 -0.039687160 -0.007501139 0.999184012 147.097030640
0.999030650 -0.018960468 0.039727982 9.963442802 0.018706910 0.999802232 0.006744487 -14.786862373 -0.039848000 -0.005994760 0.999187768 149.349227905
0.999048114 -0.017442552 0.039982907 10.142328262 0.017213043 0.999833345 0.006077283 -15.008437157 -0.040082250 -0.005383271 0.999181867 151.599441528
0.999058723 -0.016585914 0.040082123 10.331195831 0.016357919 0.999848068 0.006009448 -15.220379829 -0.040175706 -0.005348132 0.999178290 153.838485718
0.999052584 -0.015772454 0.040558938 10.509686470 0.015519497 0.999858141 0.006544270 -15.436068535 -0.040656399 -0.005908616 0.999155700 156.098251343
0.999073207 -0.014965413 0.040356778 10.710886955 0.014662169 0.999862075 0.007799704 -15.655744553 -0.040467933 -0.007200757 0.999154866 158.315399170
0.999019563 -0.014437656 0.041850034 10.881841660 0.014072978 0.999860466 0.008995452 -15.880937576 -0.041974079 -0.008397678 0.999083400 160.595657349
0.998992622 -0.013550773 0.042779196 11.065902710 0.013100462 0.999855936 0.010789267 -16.093011856 -0.042919245 -0.010217970 0.999026299 162.832534790
0.998973668 -0.012697979 0.043476436 11.248234749 0.012280751 0.999876082 0.009850284 -16.298906326 -0.043596126 -0.009306253 0.999006033 165.094375610
0.998931110 -0.012046168 0.044626683 11.440330505 0.011671677 0.999894500 0.008642738 -16.508308411 -0.044726081 -0.008112630 0.998966336 167.334167480
0.998852015 -0.010194729 0.046803698 11.623188972 0.009792715 0.999913275 0.008810621 -16.718755722 -0.046889462 -0.008342172 0.998865187 169.563903809
0.998733044 -0.009806578 0.049355846 11.825239182 0.009332649 0.999908149 0.009823630 -16.945243835 -0.049447648 -0.009350562 0.998732924 171.844802856
0.998607397 -0.010046701 0.051793184 12.025346756 0.009583429 0.999911904 0.009185261 -17.147192001 -0.051880907 -0.008676114 0.998615503 174.099426270
0.998525143 -0.009966690 0.053370427 12.231990814 0.009446588 0.999905467 0.009988558 -17.365846634 -0.053464938 -0.009469657 0.998524785 176.338806152
0.998473942 -0.010511767 0.054214545 12.437064171 0.009944877 0.999893188 0.010715614 -17.570421219 -0.054321386 -0.010160106 0.998471797 178.559707642
0.998461902 -0.012179277 0.054087181 12.646728516 0.011637324 0.999879003 0.010323673 -17.783128738 -0.054206375 -0.009678365 0.998482823 180.820953369
0.998414278 -0.013043684 0.054761052 12.845852852 0.012507075 0.999870479 0.010130406 -17.991975784 -0.054886088 -0.009429443 0.998448074 183.069900513
0.998481154 -0.013712727 0.053362213 13.074022293 0.013177031 0.999859333 0.010377824 -18.214872360 -0.053497020 -0.009658904 0.998521268 185.304153442
0.998489380 -0.015703708 0.052652225 13.286014557 0.015139474 0.999823809 0.011098045 -18.424274445 -0.052817218 -0.010284153 0.998551190 187.549407959
0.998502612 -0.016563183 0.052136634 13.496004105 0.016034828 0.999815941 0.010536112 -18.628284454 -0.052301534 -0.009684334 0.998584390 189.796417236
0.998465419 -0.018035270 0.052359782 13.699695587 0.017491020 0.999788344 0.010834218 -18.850860596 -0.052544095 -0.009901766 0.998569489 192.024459839
0.998428226 -0.019600755 0.052507907 13.898566246 0.019091977 0.999765992 0.010173760 -19.057954788 -0.052695032 -0.009155291 0.998568654 194.261337280
0.998457491 -0.019118479 0.052126333 14.115368843 0.018600516 0.999772847 0.010403792 -19.265075684 -0.052313402 -0.009418168 0.998586237 196.500854492
0.998466492 -0.017336380 0.052575991 14.326693535 0.016782213 0.999799073 0.010963491 -19.477434158 -0.052755490 -0.010064336 0.998556674 198.739562988
0.998486698 -0.014733919 0.052982207 14.528770447 0.014209128 0.999846220 0.010268152 -19.690132141 -0.053125352 -0.009499784 0.998542666 201.005645752
0.998455942 -0.014058471 0.053739563 14.740310669 0.013575925 0.999864221 0.009333914 -19.897569656 -0.053863496 -0.008589939 0.998511374 203.269912720
0.998417079 -0.014244550 0.054409642 14.944329262 0.013719364 0.999855757 0.010013811 -20.102363586 -0.054544434 -0.009251495 0.998468459 205.492141724
0.998401463 -0.015995806 0.054209460 15.179478645 0.015450960 0.999826074 0.010454996 -20.325965881 -0.054367263 -0.009600694 0.998474836 207.746337891
0.998339653 -0.015593722 0.055449560 15.387477875 0.015011814 0.999827921 0.010895515 -20.526546478 -0.055609923 -0.010045025 0.998401999 209.989028931
0.998255789 -0.015631655 0.056930173 15.597576141 0.014959304 0.999813437 0.012217145 -20.747346878 -0.057110533 -0.011344200 0.998303413 212.203048706
0.998195529 -0.014187450 0.058349047 15.835673332 0.013471860 0.999829292 0.012639135 -20.954242706 -0.058518406 -0.011830256 0.998216271 214.436492920
0.998006582 -0.012600982 0.061838459 16.042036057 0.011851094 0.999851823 0.012478438 -21.153518677 -0.061986536 -0.011720711 0.998008192 216.697753906
0.997869968 -0.012634071 0.063999012 16.271730423 0.011829310 0.999846280 0.012937924 -21.357519150 -0.064152651 -0.012153302 0.997866094 218.938705444
0.997725964 -0.014153997 0.065897577 16.504684448 0.013280125 0.999818206 0.013680276 -21.559188843 -0.066079229 -0.012774039 0.997732520 221.166290283
0.997619867 -0.015405004 0.067210451 16.740661621 0.014465050 0.999790967 0.014449568 -21.757404327 -0.067418993 -0.013442975 0.997634172 223.394424438
0.997544467 -0.017222518 0.067885466 16.986879349 0.016322229 0.999771595 0.013794297 -21.962902069 -0.068107553 -0.012652381 0.997597754 225.616348267
0.997503459 -0.018499643 0.068152748 17.229852676 0.017607909 0.999751627 0.013661993 -22.162654877 -0.068388559 -0.012427857 0.997581363 227.859268188
0.997450113 -0.018903825 0.068818375 17.469449997 0.018005582 0.999744713 0.013649397 -22.357236862 -0.069058850 -0.012375479 0.997535825 230.094070435
0.997386396 -0.020164242 0.069382116 17.714666367 0.019311188 0.999729693 0.012943921 -22.561101913 -0.069624372 -0.011570239 0.997506082 232.337326050
0.997355878 -0.021403110 0.069449104 17.978853226 0.020456428 0.999688268 0.014314067 -22.769681931 -0.069733813 -0.012855538 0.997482717 234.626571655
0.997319102 -0.021152683 0.070050269 18.226482391 0.020195525 0.999693155 0.014344077 -22.965042114 -0.070332192 -0.012890922 0.997440279 236.869201660
0.997262299 -0.020937884 0.070918165 18.466794968 0.019972377 0.999698341 0.014296266 -23.159229279 -0.071196094 -0.012840724 0.997379661 239.078765869
0.997227252 -0.021116789 0.071357548 18.716018677 0.020128343 0.999691606 0.014542938 -23.356279373 -0.071642667 -0.013066302 0.997344732 241.307220459
0.997191072 -0.021548456 0.071732901 18.969633102 0.020543093 0.999680519 0.014723825 -23.553459167 -0.072027259 -0.013208849 0.997315168 243.549682617
0.997148514 -0.021816004 0.072241813 19.219627380 0.020848086 0.999682844 0.014125432 -23.756423950 -0.072527058 -0.012579050 0.997287095 245.774444580
0.997162938 -0.021401083 0.072166756 19.480125427 0.020486044 0.999700308 0.013396007 -23.958917618 -0.072431810 -0.011879592 0.997302592 248.010192871
0.997134745 -0.021709040 0.072463974 19.738477707 0.020750772 0.999687314 0.013950931 -24.161495209 -0.072744183 -0.012407274 0.997273386 250.247329712
0.997098029 -0.023231201 0.072497018 19.998756409 0.022284539 0.999655962 0.013839766 -24.361474991 -0.072793581 -0.012184045 0.997272611 252.479858398
0.997100651 -0.023292273 0.072441101 20.268228531 0.022287481 0.999644279 0.014648134 -24.565237045 -0.072756529 -0.012991133 0.997265220 254.741043091
0.997067630 -0.024368670 0.072541244 20.513488770 0.023337247 0.999614596 0.015032363 -24.767246246 -0.072879605 -0.013295370 0.997252047 256.961212158
0.997027040 -0.024693741 0.072988726 20.773685455 0.023618508 0.999599993 0.015558173 -24.972892761 -0.073343717 -0.013788032 0.997211397 259.234008789
0.997004390 -0.024247231 0.073445782 21.035522461 0.023205413 0.999618053 0.015005277 -25.169124603 -0.073781587 -0.013255987 0.997186303 261.479309082
0.996976793 -0.024230724 0.073825054 21.297901154 0.023221603 0.999625206 0.014497022 -25.364574432 -0.074148677 -0.012738860 0.997165859 263.738281250
0.996946156 -0.023635453 0.074429147 21.559473038 0.022637097 0.999642432 0.014228749 -25.569427490 -0.074738853 -0.012500436 0.997124791 265.974273682
0.996875226 -0.023100767 0.075538464 21.818515778 0.022083739 0.999654233 0.014271510 -25.763931274 -0.075842023 -0.012558745 0.997040808 268.220703125
0.996765912 -0.022662919 0.077097110 22.080459595 0.021657601 0.999669492 0.013850947 -25.969400406 -0.077385537 -0.012136413 0.996927321 270.478759766
0.996688545 -0.023544684 0.077830307 22.360307693 0.022477921 0.999641359 0.014554141 -26.175703049 -0.078145072 -0.012756482 0.996860385 272.719482422
0.996478140 -0.023699809 0.080433808 22.607414246 0.022562666 0.999632776 0.015017314 -26.371822357 -0.080760181 -0.013149624 0.996646821 274.966369629
0.996358752 -0.023598053 0.081928253 22.883926392 0.022377038 0.999624908 0.015789961 -26.556022644 -0.082270131 -0.013899157 0.996513128 277.207153320
0.996298373 -0.022400334 0.082992978 23.168983459 0.021009794 0.999624431 0.017590679 -26.771377563 -0.083355851 -0.015781898 0.996394873 279.473358154
0.996195436 -0.022231884 0.084263742 23.453239441 0.020723244 0.999609649 0.018736448 -26.968637466 -0.084647402 -0.016918946 0.996267319 281.708618164
0.996121228 -0.021820875 0.085242718 23.734451294 0.020323740 0.999624193 0.018391818 -27.150562286 -0.085612036 -0.016588027 0.996190429 283.966064453
0.996017873 -0.020702763 0.086715825 24.010255814 0.019242287 0.999659061 0.017644349 -27.335390091 -0.087051556 -0.015905477 0.996076822 286.199859619
0.996010363 -0.020226648 0.086914629 24.300058365 0.018861147 0.999685884 0.016503520 -27.515544891 -0.087221146 -0.014798372 0.996079028 288.438049316
0.995941699 -0.021018710 0.087512448 24.578107834 0.019610604 0.999664485 0.016919211 -27.714658737 -0.087838732 -0.015134376 0.996019721 290.664581299
0.995847344 -0.020932602 0.088599063 24.838560104 0.019606752 0.999682784 0.015808647 -27.905673981 -0.088901870 -0.014005863 0.995941877 292.933898926
0.995858014 -0.021486264 0.088348091 25.128675461 0.020255152 0.999685109 0.014807865 -28.095737457 -0.088638440 -0.012957023 0.995979607 295.165588379
0.995846510 -0.021539966 0.088462815 25.416074753 0.020325163 0.999686658 0.014610319 -28.290645599 -0.088749796 -0.012751617 0.995972335 297.404846191
0.995853245 -0.020863349 0.088549480 25.704277039 0.019631999 0.999698341 0.014754048 -28.483913422 -0.088830590 -0.012954461 0.995962501 299.643981934
0.995784342 -0.020648139 0.089371361 25.971759796 0.019308012 0.999688208 0.015833778 -28.688110352 -0.089670442 -0.014041446 0.995872617 301.884216309
0.995789945 -0.021002594 0.089225940 26.267772675 0.019663895 0.999680877 0.015856205 -28.881130219 -0.089530513 -0.014034921 0.995885134 304.135253906
0.995735288 -0.020363402 0.089980893 26.555189133 0.018983372 0.999689043 0.016166309 -29.077220917 -0.090282127 -0.014389223 0.995812237 306.378784180
0.995729268 -0.021035915 0.089894041 26.846151352 0.019675778 0.999678552 0.015990036 -29.277210236 -0.090201505 -0.014153008 0.995822906 308.630249023
0.995673716 -0.022493660 0.090154268 27.138498306 0.021093966 0.999642134 0.016448464 -29.469860077 -0.090491988 -0.014475592 0.995791972 310.885162354
0.995652139 -0.022139419 0.090480477 27.435194016 0.020794619 0.999659240 0.015778743 -29.667053223 -0.090798974 -0.013828634 0.995773137 313.131103516
0.995667219 -0.021706449 0.090419136 27.732799530 0.020303540 0.999659240 0.016406722 -29.865196228 -0.090744451 -0.014499807 0.995768607 315.370147705
0.995615304 -0.019982526 0.091382675 28.024162292 0.018623387 0.999703228 0.015701776 -30.063737869 -0.091669321 -0.013931075 0.995692015 317.609344482
0.995586395 -0.018328913 0.092042200 28.307863235 0.016906850 0.999725640 0.016206233 -30.258346558 -0.092313997 -0.014578559 0.995623231 319.847045898
0.995531797 -0.016895555 0.092903338 28.594760895 0.015515285 0.999758482 0.015559357 -30.451494217 -0.093143798 -0.014048412 0.995553493 322.081604004
0.995491266 -0.015838809 0.093521759 28.883834839 0.014374889 0.999763668 0.016306289 -30.645267487 -0.093757935 -0.014888402 0.995483696 324.322967529
0.995492935 -0.015608625 0.093542680 29.186408997 0.014018847 0.999746323 0.017628353 -30.847677231 -0.093794100 -0.016237536 0.995459139 326.553253174
0.995429695 -0.016279403 0.094098762 29.470712662 0.014711050 0.999741495 0.017336860 -31.042045593 -0.094356664 -0.015873335 0.995411932 328.792572021
0.995425403 -0.018165553 0.093798593 29.777002335 0.016685076 0.999723911 0.016543780 -31.232011795 -0.094073221 -0.014903063 0.995453715 331.023895264
0.995402575 -0.017444886 0.094177656 30.067197800 0.015966600 0.999737501 0.016427593 -31.426927567 -0.094439514 -0.014848374 0.995419860 333.245147705
0.995357633 -0.017535176 0.094634689 30.361642838 0.015959522 0.999721527 0.017381171 -31.617469788 -0.094913125 -0.015790159 0.995360255 335.485839844
0.995394766 -0.017812859 0.094190612 30.671806335 0.016244311 0.999716699 0.017393595 -31.808074951 -0.094473757 -0.015783431 0.995402217 337.721282959
0.995352030 -0.017535964 0.094693065 30.958208084 0.015910959 0.999713361 0.017888661 -32.006385803 -0.094979599 -0.016298858 0.995345771 339.953582764
0.995368600 -0.017951660 0.094441220 31.262968063 0.016362635 0.999711692 0.017573155 -32.199127197 -0.094729476 -0.015946459 0.995375335 342.192871094
0.995363474 -0.018042609 0.094479114 31.559337616 0.016418630 0.999704301 0.017938061 -32.387878418 -0.094774842 -0.016303673 0.995365202 344.441802979
0.995404601 -0.017607918 0.094125748 31.855665207 0.015990766 0.999711752 0.017907539 -32.578090668 -0.094413936 -0.016320108 0.995399237 346.684783936
0.995412469 -0.017171988 0.094123170 32.150745392 0.015559569 0.999719799 0.017838201 -32.769176483 -0.094403125 -0.016291853 0.995400667 348.921691895
0.995357215 -0.016741568 0.094782643 32.445259094 0.015059960 0.999716759 0.018429382 -32.965396881 -0.095064335 -0.016916396 0.995327413 351.156494141
0.995428741 -0.016848667 0.094009459 32.753932953 0.015147807 0.999708891 0.018776821 -33.156543732 -0.094298460 -0.017266948 0.995394230 353.369628906
0.995448530 -0.016791539 0.093809687 33.052577972 0.015140207 0.999718070 0.018287132 -33.347434998 -0.094090313 -0.016783597 0.995422184 355.617431641
0.995481193 -0.017018544 0.093422830 33.352802277 0.015344126 0.999709010 0.018612232 -33.534629822 -0.093712404 -0.017094633 0.995452523 357.854705811
0.995556235 -0.016321983 0.092743382 33.658145905 0.014562806 0.999701560 0.019613462 -33.728706360 -0.093035839 -0.018175699 0.995496809 360.093322754
0.995621204 -0.016387161 0.092031002 33.964645386 0.014617912 0.999695778 0.019865857 -33.923851013 -0.092328556 -0.018433565 0.995557964 362.338470459
0.995673358 -0.016210735 0.091498956 34.267311096 0.014414310 0.999690831 0.020260109 -34.111297607 -0.091799118 -0.018853556 0.995599031 364.577087402
0.995718181 -0.016063051 0.091034822 34.564888000 0.014333515 0.999704838 0.019620685 -34.299846649 -0.091323115 -0.018231828 0.995654404 366.820495605
0.995738745 -0.016733823 0.090688057 34.854572296 0.015021579 0.999696434 0.019530399 -34.489875793 -0.090987340 -0.018084899 0.995687842 369.064819336
0.995722413 -0.016551450 0.090899706 35.142974854 0.014927668 0.999717236 0.018514384 -34.671421051 -0.091180436 -0.017078267 0.995688021 371.330352783
0.995782077 -0.016849484 0.090189219 35.438507080 0.015199495 0.999704897 0.018950447 -34.869903564 -0.090481915 -0.017499687 0.995744288 373.562011719
0.995824397 -0.016480118 0.089789845 35.736282349 0.014766841 0.999696672 0.019712025 -35.053901672 -0.090087458 -0.018303800 0.995765626 375.814178467
0.995796263 -0.016776137 0.090046309 36.022830963 0.015042926 0.999689102 0.019892249 -35.238479614 -0.090352014 -0.018454069 0.995738924 378.072021484
0.995805025 -0.017454408 0.089819551 36.319061279 0.015709946 0.999674678 0.020092329 -35.429080963 -0.090141028 -0.018596984 0.995755315 380.315948486
0.995815575 -0.017787181 0.089638203 36.618541718 0.016043646 0.999668539 0.020133944 -35.611637115 -0.089966618 -0.018611567 0.995770872 382.564758301
0.995809257 -0.017031183 0.089854561 36.911933899 0.015249408 0.999673963 0.020478984 -35.803192139 -0.090174049 -0.019022930 0.995744348 384.812988281
0.995829701 -0.016367804 0.089751340 37.209724426 0.014582992 0.999683380 0.020506088 -35.985355377 -0.090058550 -0.019111732 0.995753109 387.069610596
0.995855808 -0.015135362 0.089677073 37.509288788 0.013365814 0.999704540 0.020300232 -36.178371429 -0.089957811 -0.019017495 0.995764017 389.334991455
0.995829999 -0.013963062 0.090152830 37.795616150 0.012191760 0.999722183 0.020168670 -36.366355896 -0.090409420 -0.018985450 0.995723665 391.606628418
0.995867729 -0.012841124 0.089902155 38.091949463 0.010913457 0.999700546 0.021900706 -36.556587219 -0.090156458 -0.020829067 0.995709777 393.862823486
0.995780170 -0.011602098 0.091034159 38.372531891 0.009617171 0.999706924 0.022212636 -36.742969513 -0.091265194 -0.021243410 0.995599926 396.132232666
0.995706141 -0.011353840 0.091871731 38.664966583 0.009478510 0.999738216 0.020823153 -36.936561584 -0.092084102 -0.019862935 0.995553017 398.397491455
0.995676160 -0.011116152 0.092225865 38.962089539 0.009299512 0.999754667 0.020104174 -37.122207642 -0.092426710 -0.019159585 0.995535135 400.664428711
0.995526493 -0.012269696 0.093682416 39.242240906 0.010311507 0.999718726 0.021357963 -37.309383392 -0.093918130 -0.020296413 0.995373011 402.902160645
0.995548487 -0.013543537 0.093272552 39.551742554 0.011510304 0.999684989 0.022302413 -37.493789673 -0.093545213 -0.021129539 0.995390773 405.184204102
0.995558739 -0.013971961 0.093099870 39.857837677 0.011957479 0.999682844 0.022160703 -37.676616669 -0.093379974 -0.020949045 0.995410144 407.435424805
0.995429456 -0.012718941 0.094648488 40.153884888 0.010758910 0.999717593 0.021190116 -37.856311798 -0.094891265 -0.020074954 0.995285213 409.698150635
0.995384336 -0.011967158 0.095219396 40.460983276 0.009958110 0.999718249 0.021546431 -38.045833588 -0.095450409 -0.020498775 0.995223105 411.957305908
0.995318711 -0.010800386 0.096041746 40.762214661 0.008803226 0.999736547 0.021194186 -38.231307983 -0.096245341 -0.020249493 0.995151639 414.206756592
0.995222926 -0.009754965 0.097140878 41.070667267 0.007746757 0.999748826 0.021028895 -38.412864685 -0.097321622 -0.020175906 0.995048463 416.477996826
0.995184481 -0.009961258 0.097511984 41.384986877 0.007948980 0.999747753 0.021003015 -38.602428436 -0.097696610 -0.020126751 0.995012820 418.731079102
0.995071888 -0.010249136 0.098625213 41.686538696 0.008209352 0.999744356 0.021065803 -38.787364960 -0.098815903 -0.020152334 0.994901597 420.980499268
0.994983673 -0.010250594 0.099510178 41.987918854 0.008223443 0.999750674 0.020760134 -38.975364685 -0.099698164 -0.019837676 0.994819939 423.237884521
0.994895399 -0.010675055 0.100346699 42.300476074 0.008512656 0.999722779 0.021952840 -39.163311005 -0.100553259 -0.020986555 0.994710326 425.503356934
0.994858265 -0.009972154 0.100784071 42.613529205 0.007724746 0.999713302 0.022664957 -39.346656799 -0.100981168 -0.021769883 0.994650245 427.751953125
0.994773149 -0.009084252 0.101704933 42.931541443 0.006747266 0.999705851 0.023298563 -39.528392792 -0.101886682 -0.022490554 0.994541645 430.025512695
0.994794667 -0.009924232 0.101414941 43.252708435 0.007582767 0.999696314 0.023447461 -39.715648651 -0.101616830 -0.022556402 0.994567871 432.296539307
0.994735420 -0.010563212 0.101931565 43.573833466 0.008265086 0.999702573 0.022941835 -39.907299042 -0.102143615 -0.021978581 0.994526803 434.563110352
0.994756281 -0.009900012 0.101793520 43.906234741 0.007588443 0.999705017 0.023070626 -40.077507019 -0.101991892 -0.022177197 0.994538009 436.833770752
0.994725227 -0.010310287 0.102056175 44.233730316 0.007957942 0.999693811 0.023429874 -40.263134003 -0.102266505 -0.022494135 0.994502664 439.122192383
0.994785070 -0.010419219 0.101460300 44.565467834 0.008069578 0.999690294 0.023541175 -40.442276001 -0.101674162 -0.022599669 0.994560957 441.397064209
0.994746506 -0.009971538 0.101881824 44.887966156 0.007464686 0.999660671 0.024957171 -40.648559570 -0.102096118 -0.024065545 0.994483352 443.666412354
0.994688749 -0.010522367 0.102390192 45.209590912 0.007983220 0.999651074 0.025177017 -40.827613831 -0.102619410 -0.024225887 0.994425654 445.943328857
0.994670928 -0.010491810 0.102566302 45.527748108 0.007988175 0.999660730 0.024790274 -41.010101318 -0.102791615 -0.023838846 0.994417191 448.208038330
0.994650960 -0.009597685 0.102846041 45.849987030 0.007125455 0.999677360 0.024378665 -41.190155029 -0.103046842 -0.023515441 0.994398475 450.475097656
0.994595647 -0.009360698 0.103401177 46.166488647 0.006887164 0.999682128 0.024252906 -41.376979828 -0.103595324 -0.023409696 0.994343996 452.731750488
0.994508386 -0.008625727 0.104300760 46.481578827 0.006125577 0.999686718 0.024267215 -41.549144745 -0.104477413 -0.023495052 0.994249701 455.007324219
0.994495869 -0.008552699 0.104426175 46.801204681 0.006072242 0.999692380 0.024048077 -41.736564636 -0.104599737 -0.023281608 0.994241834 457.265197754
0.994522095 -0.007713878 0.104241736 47.135841370 0.005314012 0.999714851 0.023280280 -41.918403625 -0.104391575 -0.022598810 0.994279504 459.547790527
0.994489491 -0.006679211 0.104623437 47.457115173 0.004202059 0.999706030 0.023879390 -42.101226807 -0.104752176 -0.023308171 0.994225204 461.827972412
0.994527519 -0.006248109 0.104288042 47.785766602 0.003653197 0.999679327 0.025054658 -42.280643463 -0.104411155 -0.024536561 0.994231462 464.103149414
0.994547248 -0.006484890 0.104085416 48.103519440 0.003860347 0.999669969 0.025396965 -42.456901550 -0.104215764 -0.024856679 0.994244039 466.373138428
0.994668126 -0.006664813 0.102911986 48.436985016 0.004203773 0.999700427 0.024112415 -42.634788513 -0.103041865 -0.023551235 0.994398117 468.657073975
0.994729221 -0.006440989 0.102334186 48.769706726 0.004039821 0.999712169 0.023653930 -42.818702698 -0.102457076 -0.023115845 0.994468808 470.949432373
0.994819641 -0.006633087 0.101440474 49.094196320 0.004157918 0.999688864 0.024592219 -43.004051208 -0.101572067 -0.024043040 0.994537592 473.225311279
0.994809270 -0.006711950 0.101535909 49.404670715 0.004193530 0.999678731 0.024996372 -43.187232971 -0.101671070 -0.024440832 0.994517744 475.501892090
0.994858742 -0.005678003 0.101112962 49.715709686 0.003215019 0.999694526 0.024505064 -43.351318359 -0.101221204 -0.024053996 0.994573116 477.764831543
0.994887292 -0.005760658 0.100826532 50.035362244 0.003261882 0.999683797 0.024930259 -43.529266357 -0.100938268 -0.024473913 0.994591594 480.043762207
0.994933724 -0.006242204 0.100339048 50.358867645 0.003699681 0.999667823 0.025505453 -43.709362030 -0.100464918 -0.025005016 0.994626462 482.313842773
0.994941473 -0.006627365 0.100237913 50.668609619 0.004184067 0.999689460 0.024565618 -43.885524750 -0.100369602 -0.024021951 0.994660199 484.600555420
0.995050907 -0.007800760 0.099059500 50.994087219 0.005297246 0.999660492 0.025510732 -44.077972412 -0.099224865 -0.024859734 0.994754374 486.897613525
0.995128334 -0.008108955 0.098254621 51.310897827 0.005609713 0.999654293 0.025686001 -44.252620697 -0.098428942 -0.025009684 0.994829714 489.175994873
0.995075703 -0.008131346 0.098783612 51.586750031 0.005586300 0.999646008 0.026013182 -44.440029144 -0.098960161 -0.025333248 0.994768858 491.436828613
0.995156348 -0.007606905 0.098009475 51.913471222 0.005040264 0.999638498 0.026408698 -44.616497040 -0.098174922 -0.025786793 0.994835019 493.725372314
0.995165229 -0.007326646 0.097941130 52.218460083 0.004787803 0.999646962 0.026132075 -44.793281555 -0.098098010 -0.025536809 0.994849205 496.027954102
0.995189011 -0.007201174 0.097708322 52.542552948 0.004711066 0.999658823 0.025691934 -44.978771210 -0.097859986 -0.025108021 0.994883418 498.347259521
0.995236635 -0.007283694 0.097216450 52.855236053 0.004726001 0.999637306 0.026513632 -45.156318665 -0.097374305 -0.025927894 0.994910061 500.640441895
0.995258629 -0.007066074 0.097008333 53.162029266 0.004477540 0.999628723 0.026875451 -45.338104248 -0.097162232 -0.026313664 0.994920671 502.917846680
0.995293915 -0.006044455 0.096714839 53.477466583 0.003527057 0.999651015 0.026178896 -45.517387390 -0.096839324 -0.025714576 0.994967818 505.212829590
0.995274186 -0.005432811 0.096951954 53.782566071 0.002850203 0.999637902 0.026756646 -45.695175171 -0.097062208 -0.026353864 0.994929373 507.499847412
0.995332360 -0.006115066 0.096312642 54.105575562 0.003644462 0.999660313 0.025806975 -45.873558044 -0.096437752 -0.025335509 0.995016515 509.789428711
0.995375156 -0.006887020 0.095816709 54.423061371 0.004345252 0.999633670 0.026710821 -46.058017731 -0.095965557 -0.026170943 0.995040536 512.091308594
0.995395005 -0.006680998 0.095624842 54.735427856 0.004125205 0.999629617 0.026900083 -46.234214783 -0.095769152 -0.026381737 0.995053887 514.394897461
0.995410860 -0.005717894 0.095522679 55.042678833 0.003174592 0.999636948 0.026755901 -46.411430359 -0.095641002 -0.026329864 0.995067596 516.703186035
0.995378137 -0.004780210 0.095913224 55.341815948 0.002245607 0.999645829 0.026516553 -46.589157104 -0.096006006 -0.026178613 0.995036423 519.003051758
0.995343924 -0.002756995 0.096347876 55.658454895 0.000176273 0.999641240 0.026783707 -46.774208069 -0.096387163 -0.026642019 0.994987309 521.340209961
0.995285034 -0.000674880 0.096991181 55.970439911 -0.001934461 0.999638796 0.026806306 -46.949405670 -0.096974254 -0.026867539 0.994924188 523.666992188
0.995239258 -0.000147773 0.097461030 56.284645081 -0.002587670 0.999606252 0.027940052 -47.120185852 -0.097426772 -0.028059231 0.994847059 525.981567383
0.995184004 -0.000605926 0.098022327 56.599430084 -0.002133894 0.999610126 0.027843721 -47.293571472 -0.098000966 -0.027918803 0.994794607 528.297180176
0.995133877 -0.002165860 0.098508187 56.907176971 -0.000700540 0.999577522 0.029054211 -47.465660095 -0.098529488 -0.028981833 0.994711995 530.610046387
0.995085657 -0.003990475 0.098937310 57.233886719 0.001145649 0.999584675 0.028793974 -47.638454437 -0.099011116 -0.028539123 0.994676948 532.925842285
0.995059013 -0.003861964 0.099209994 57.551292419 0.001078883 0.999604940 0.028090773 -47.810718536 -0.099279270 -0.027844945 0.994669914 535.239135742
0.994973660 -0.004074873 0.100053832 57.866756439 0.001283504 0.999608576 0.027947219 -47.985755920 -0.100128531 -0.027678328 0.994589448 537.551757812
0.994900405 -0.003707741 0.100794129 58.180061340 0.000948417 0.999623835 0.027409986 -48.165000916 -0.100857824 -0.027174611 0.994529784 539.856140137
0.994808674 -0.002960823 0.101720013 58.496311188 0.000215773 0.999635756 0.026986729 -48.341758728 -0.101762868 -0.026824683 0.994446933 542.176696777
0.994742334 -0.002352631 0.102382131 58.828666687 -0.000271798 0.999671876 0.025612161 -48.513835907 -0.102408804 -0.025505329 0.994415283 544.498229980
0.994595885 -0.002458560 0.103792705 59.132114410 -0.000298992 0.999647558 0.026543962 -48.699222565 -0.103821382 -0.026431549 0.994244635 546.806518555
0.994510889 -0.002594952 0.104600735 59.454074860 -0.000299684 0.999617636 0.027647980 -48.880325317 -0.104632489 -0.027527563 0.994129896 549.120910645
0.994415224 -0.002584796 0.105506778 59.771060944 -0.000335014 0.999617636 0.027647048 -49.054733276 -0.105537921 -0.027527990 0.994034171 551.418334961
0.994393587 -0.003599093 0.105680935 60.103271484 0.000771163 0.999640822 0.026787816 -49.231430054 -0.105739385 -0.026556132 0.994039178 553.725463867
0.994443834 -0.003999854 0.105192587 60.445343018 0.001134374 0.999626994 0.027286058 -49.411834717 -0.105262510 -0.027015127 0.994077444 556.042175293
0.994383693 -0.003686360 0.105771750 60.772510529 0.000749166 0.999613345 0.027795464 -49.589214325 -0.105833337 -0.027560120 0.994001865 558.350036621
0.994371116 -0.003164122 0.105905496 61.112049103 0.000121495 0.999587357 0.028723773 -49.765480042 -0.105952680 -0.028549224 0.993961275 560.685363770
0.994385898 -0.003363560 0.105760232 61.456607819 0.000239940 0.999563694 0.029533777 -49.941268921 -0.105813444 -0.029342595 0.993952990 563.013854980
0.994362772 -0.003097457 0.105985709 61.794986725 -0.000102240 0.999544859 0.030171152 -50.112190247 -0.106030874 -0.030011909 0.993909955 565.328063965
0.994326532 -0.001982598 0.106352024 62.139251709 -0.001162621 0.999563992 0.029503506 -50.288333893 -0.106364153 -0.029459767 0.993890762 567.654846191
0.994346857 -0.001081509 0.106174894 62.491153717 -0.001909451 0.999604285 0.028064432 -50.458919525 -0.106163248 -0.028108515 0.993951321 569.984497070
0.994339705 -0.000751813 0.106244542 62.840801239 -0.002260146 0.999599099 0.028226048 -50.634120941 -0.106223173 -0.028306408 0.993939281 572.303527832
0.994334877 -0.000950423 0.106288470 63.181755066 -0.002171020 0.999569774 0.029248094 -50.816894531 -0.106270544 -0.029313156 0.993905067 574.676147461
0.994317710 -0.000978086 0.106448658 63.525321960 -0.002319012 0.999521494 0.030845402 -51.000663757 -0.106427893 -0.030916989 0.993839681 576.990478516
0.994241416 -0.000389858 0.107162863 63.853370667 -0.002742526 0.999573290 0.029081196 -51.171012878 -0.107128471 -0.029207628 0.993816018 579.365356445
0.994303405 -0.001045537 0.106582299 64.201431274 -0.002064519 0.999575317 0.029065350 -51.341556549 -0.106567435 -0.029119816 0.993878961 581.704284668
0.994238138 -0.002113770 0.107172437 64.544044495 -0.001152284 0.999537051 0.030403679 -51.521175385 -0.107187092 -0.030351993 0.993775487 584.033447266
0.994310319 -0.001811044 0.106506333 64.889450073 -0.001442430 0.999534905 0.030462271 -51.692283630 -0.106511958 -0.030442581 0.993845284 586.350341797
0.994284689 -0.004886835 0.106649406 65.248359680 0.001750135 0.999563694 0.029485125 -51.873107910 -0.106746964 -0.029129954 0.993859410 588.717712402
0.994309902 -0.005335201 0.106392346 65.597236633 0.002227621 0.999567986 0.029306145 -52.041236877 -0.106502719 -0.028902391 0.993892193 591.067993164
0.994310081 -0.007363517 0.106268488 65.934684753 0.004200725 0.999542534 0.029955463 -52.216243744 -0.106440440 -0.029338622 0.993886173 593.401000977
0.994366050 -0.008218222 0.105681978 66.288742065 0.005056179 0.999532461 0.030153563 -52.389369965 -0.105880380 -0.029449329 0.993942797 595.758239746
