1.000000000 0.000000000 0.000000000 0.000000000 0.000000000 1.000000000 0.000000000 0.000000000 0.000000000 0.000000000 1.000000000 0.000000000
0.999999881 0.000184309 0.000495343 0.085671306 -0.000184244 1.000000000 -0.000130820 -0.226066902 -0.000495367 0.000130728 0.999999881 2.290305853
0.999998987 0.000614524 0.001291079 0.163030460 -0.000615093 0.999999702 0.000440848 -0.463583767 -0.001290808 -0.000441642 0.999999046 4.589946747
0.999998331 0.000203848 0.001773484 0.261137605 -0.000204885 0.999999762 0.000584496 -0.695079446 -0.001773365 -0.000584858 0.999998271 6.880711555
0.999996364 -0.000008005 0.002685784 0.352751285 0.000011059 0.999999344 -0.001137102 -0.927527726 -0.002685773 0.001137127 0.999995768 9.177266121
0.999987423 0.001779519 0.004691109 0.445012569 -0.001780688 0.999998271 0.000245040 -1.163494825 -0.004690665 -0.000253391 0.999988973 11.480884552
0.999965727 0.003727439 0.007393529 0.530596375 -0.003737481 0.999992132 0.001344891 -1.393180609 -0.007388457 -0.001372478 0.999971747 13.789823532
0.999947906 0.003498712 0.009593209 0.638708651 -0.003535776 0.999986291 0.003849323 -1.620926380 -0.009579610 -0.003883042 0.999946535 16.063058853
0.999940395 0.003750213 0.010253233 0.767974257 -0.003800572 0.999980807 0.004896378 -1.850206375 -0.010234674 -0.004935055 0.999935448 18.414730072
0.999931157 0.002992593 0.011338472 0.889933348 -0.003051453 0.999981999 0.005177518 -2.075847149 -0.011322773 -0.005211762 0.999922276 20.700798035
0.999928534 0.000353530 0.011948475 1.005423665 -0.000387244 0.999995887 0.002819436 -2.305614233 -0.011947430 -0.002823861 0.999924660 23.023515701
0.999917328 -0.001904850 0.012714178 1.114997625 0.001892600 0.999997675 0.000975436 -2.528120995 -0.012716006 -0.000951293 0.999918699 25.304533005
0.999916494 -0.002610651 0.012658858 1.253339767 0.002608524 0.999996603 0.000184512 -2.776017904 -0.012659296 -0.000151476 0.999919772 27.629066467
0.999904692 -0.002209928 0.013626890 1.359787583 0.002221120 0.999997318 -0.000806289 -3.001682997 -0.013625068 0.000836479 0.999906719 29.915781021
0.999895275 -0.000112728 0.014470393 1.477619767 0.000084794 0.999998271 0.001931050 -3.235388756 -0.014470584 -0.001929620 0.999893427 32.193759918
0.999893010 0.001934400 0.014494427 1.607330680 -0.001994162 0.999989569 0.004109778 -3.455994844 -0.014486326 -0.004138243 0.999886513 34.475536346
0.999869049 0.004090922 0.015658384 1.727212429 -0.004217858 0.999958396 0.008082141 -3.686191797 -0.015624669 -0.008147126 0.999844730 36.776870728
0.999846518 0.005924454 0.016489996 1.840688467 -0.006047730 0.999954045 0.007435997 -3.903001308 -0.016445184 -0.007534582 0.999836266 39.049087524
0.999816716 0.005311791 0.018394304 1.947078347 -0.005429901 0.999964952 0.006376987 -4.114794254 -0.018359788 -0.006475698 0.999810576 41.350101471
0.999822855 0.002904891 0.018598989 2.070207834 -0.003004594 0.999981284 0.005334953 -4.339099407 -0.018583141 -0.005389890 0.999812782 43.629741669
0.999828339 0.002528789 0.018353947 2.211284637 -0.002604512 0.999988139 0.004102995 -4.559970379 -0.018343350 -0.004150094 0.999823153 45.870990753
0.999826908 0.001758091 0.018521072 2.331779480 -0.001818363 0.999993026 0.003237917 -4.789961815 -0.018515255 -0.003271034 0.999823332 48.151336670
0.999826074 0.000290072 0.018645745 2.468063831 -0.000356275 0.999993622 0.003547330 -5.017758369 -0.018644597 -0.003553357 0.999819815 50.434307098
0.999809980 -0.000713768 0.019476917 2.599063158 0.000638385 0.999992311 0.003876337 -5.242473602 -0.019479532 -0.003863167 0.999802768 52.701770782
0.999806225 -0.001875695 0.019595658 2.738142490 0.001803342 0.999991536 0.003709336 -5.470370770 -0.019602450 -0.003673280 0.999801099 54.988418579
0.999784112 -0.002437563 0.020633901 2.866953611 0.002345629 0.999987245 0.004478529 -5.704666138 -0.020644555 -0.004429162 0.999777198 57.281795502
0.999768198 -0.003826205 0.021187216 3.004130363 0.003714174 0.999978900 0.005324457 -5.930577755 -0.021207135 -0.005244529 0.999761462 59.549972534
0.999732971 -0.005264854 0.022499230 3.132980824 0.005159974 0.999975562 0.004716996 -6.153748035 -0.022523513 -0.004599642 0.999735713 61.815311432
0.999716282 -0.006030485 0.023042480 3.281247854 0.005928068 0.999972224 0.004510456 -6.376281261 -0.023069041 -0.004372580 0.999724329 64.068832397
0.999686956 -0.005367818 0.024436865 3.417362213 0.005241734 0.999972641 0.005220735 -6.599215031 -0.024464220 -0.005091009 0.999687731 66.340957642
0.999670684 -0.004375119 0.025285397 3.563556671 0.004233925 0.999975145 0.005634890 -6.825139999 -0.025309427 -0.005525979 0.999664307 68.601799011
0.999636114 -0.004627198 0.026571862 3.698778152 0.004488395 0.999975979 0.005280927 -7.047706604 -0.026595663 -0.005159740 0.999632955 70.855056763
0.999621153 -0.005352833 0.026998168 3.854870796 0.005246136 0.999978125 0.004021346 -7.270905972 -0.027019104 -0.003878186 0.999627411 73.112625122
0.999606431 -0.006296113 0.027337275 4.011672020 0.006177689 0.999971151 0.004414246 -7.496475697 -0.027364280 -0.004243628 0.999616504 75.392967224
0.999566674 -0.007466445 0.028472252 4.169993401 0.007358306 0.999965310 0.003900908 -7.725723743 -0.028500389 -0.003689710 0.999586940 77.657569885
0.999555588 -0.008373125 0.028610336 4.321186066 0.008266020 0.999958336 0.003859831 -7.957065105 -0.028641464 -0.003621622 0.999583185 79.919761658
0.999524772 -0.008857439 0.029527675 4.466519356 0.008758510 0.999955595 0.003478035 -8.172053337 -0.029557172 -0.003217764 0.999557853 82.174964905
0.999505520 -0.008087805 0.030384481 4.630706787 0.007991400 0.999962628 0.003292960 -8.400504112 -0.030409977 -0.003048517 0.999532878 84.455940247
0.999456108 -0.007841706 0.032032866 4.784422874 0.007720037 0.999962509 0.003920143 -8.619132996 -0.032062411 -0.003670715 0.999479115 86.710968018
0.999454319 -0.007554069 0.032153856 4.954171181 0.007379459 0.999957383 0.005545734 -8.856774330 -0.032194376 -0.005305430 0.999467552 88.994323730
0.999428034 -0.006700276 0.033144373 5.114109039 0.006497963 0.999959648 0.006207961 -9.081821442 -0.033184629 -0.005989039 0.999431312 91.247070312
0.999406099 -0.006427666 0.033856716 5.280663013 0.006220281 0.999961317 0.006227146 -9.301562309 -0.033895437 -0.006012849 0.999407351 93.486694336
0.999389887 -0.006942075 0.034229141 5.453036785 0.006758664 0.999962211 0.005471134 -9.518109322 -0.034265827 -0.005236453 0.999399006 95.731246948
0.999355376 -0.007364281 0.035137553 5.618412018 0.007160648 0.999956846 0.005917631 -9.737439156 -0.035179615 -0.005662208 0.999364972 97.977096558
0.999325633 -0.006940333 0.036056239 5.778389931 0.006745645 0.999962032 0.005518407 -9.966712952 -0.036093168 -0.005271463 0.999334455 100.219833374
0.999273658 -0.007073767 0.037444640 5.933886051 0.006832267 0.999955118 0.006573559 -10.180814743 -0.037489451 -0.006312952 0.999277055 102.453186035
0.999267280 -0.007412485 0.037548915 6.127265930 0.007177255 0.999953806 0.006395549 -10.401885033 -0.037594594 -0.006121363 0.999274313 104.719635010
0.999238551 -0.008043202 0.038177766 6.302574158 0.007786197 0.999946058 0.006875751 -10.613382339 -0.038231004 -0.006573256 0.999247313 106.956871033
0.999217451 -0.009557343 0.038381636 6.486394882 0.009292291 0.999931753 0.007078159 -10.827982903 -0.038446676 -0.006715969 0.999238074 109.211364746
0.999176800 -0.010511414 0.039181810 6.661537170 0.010210213 0.999916852 0.007879515 -11.047644615 -0.039261378 -0.007472976 0.999201059 111.466079712
0.999152243 -0.011425528 0.039553251 6.849282265 0.011171430 0.999915540 0.006639283 -11.268170357 -0.039625768 -0.006191787 0.999195516 113.732940674
0.999104381 -0.011799269 0.040635500 7.027009010 0.011569767 0.999915779 0.005878387 -11.488542557 -0.040701438 -0.005402978 0.999156773 115.985694885
0.999068797 -0.012132197 0.041404694 7.206042290 0.011881305 0.999909520 0.006300249 -11.712524414 -0.041477378 -0.005802440 0.999122620 118.234268188
0.999019682 -0.012630850 0.042428158 7.389829636 0.012328329 0.999896765 0.007384361 -11.938392639 -0.042517055 -0.006854054 0.999072254 120.492065430
0.999003053 -0.013370550 0.042594280 7.589982986 0.013045952 0.999883831 0.007889600 -12.159488678 -0.042694818 -0.007326051 0.999061286 122.705322266
0.998938978 -0.014254596 0.043792259 7.780842781 0.013946459 0.999875784 0.007333854 -12.380141258 -0.043891370 -0.006715326 0.999013722 125.015991211
0.998895943 -0.014582856 0.044655014 7.958341599 0.014299482 0.999875605 0.006658738 -12.602674484 -0.044746567 -0.006012843 0.998980284 127.282676697
0.998876929 -0.016106347 0.044559166 8.145707130 0.015810024 0.999850512 0.006994637 -12.817170143 -0.044665169 -0.006282300 0.998982191 129.546569824
0.998897195 -0.017468395 0.043579191 8.332970619 0.017170252 0.999826610 0.007206413 -13.029277802 -0.043697529 -0.006450200 0.999023914 131.792633057
0.998949587 -0.017665498 0.042280409 8.528709412 0.017305754 0.999810934 0.008859421 -13.250114441 -0.042428929 -0.008118421 0.999066472 134.037796021
0.998994231 -0.018504705 0.040845424 8.707000732 0.018191274 0.999802232 0.008032091 -13.461772919 -0.040985979 -0.007280982 0.999133289 136.287918091
0.999056399 -0.019354317 0.038879305 8.910322189 0.019065527 0.999787986 0.007785000 -13.675918579 -0.039021730 -0.007036399 0.999213517 138.515960693
0.999044359 -0.019972358 0.038880512 9.075968742 0.019683434 0.999775827 0.007799744 -13.895293236 -0.039027583 -0.007026988 0.999213398 140.804244995
0.999034286 -0.020398417 0.038913790 9.244815826 0.020117588 0.999768794 0.007594719 -14.098277092 -0.039059721 -0.006804533 0.999213636 143.038986206
0.999079168 -0.020352110 0.037773877 9.435417175 0.020005023 0.999754310 0.009543971 -14.330823898 -0.037958834 -0.008779516 0.999240756 145.284606934
0.999094367 -0.019560175 0.037786487 9.609140396 0.019261979 0.999780655 0.008239564 -14.540125847 -0.037939362 -0.007504260 0.999251842 147.539184570
0.999115229 -0.018364796 0.037834127 9.786658287 0.018120071 0.999812603 0.006801143 -14.754508972 -0.037951946 -0.006109568 0.999260902 149.782897949
0.999123156 -0.017246710 0.038153727 9.962390900 0.017041473 0.999838412 0.005698033 -14.970430374 -0.038245834 -0.005042840 0.999255657 152.029190063
0.999132872 -0.016417917 0.038261119 10.147008896 0.016210394 0.999852121 0.005727828 -15.185767174 -0.038349517 -0.005102632 0.999251306 154.275360107
0.999111414 -0.015775729 0.039085086 10.328344345 0.015547337 0.999860287 0.006140500 -15.401488304 -0.039176494 -0.005527374 0.999217093 156.534820557
0.999115348 -0.014557377 0.039453376 10.496517181 0.014268201 0.999869287 0.007601257 -15.623766899 -0.039558884 -0.007031604 0.999192476 158.778671265
0.999061882 -0.013947799 0.040995721 10.672502518 0.013620229 0.999873102 0.008258822 -15.835250854 -0.041105721 -0.007692705 0.999125123 161.013961792
0.999055922 -0.012566360 0.041583985 10.850714684 0.012129270 0.999868691 0.010746642 -16.064359665 -0.041713558 -0.010232113 0.999077201 163.292755127
0.999022603 -0.012069156 0.042522326 11.032806396 0.011661759 0.999883831 0.009815924 -16.264635086 -0.042635847 -0.009310444 0.999047279 165.551788330
0.998987913 -0.011427194 0.043503866 11.225644112 0.011070671 0.999903202 0.008427375 -16.474296570 -0.043595955 -0.007937228 0.999017715 167.800491333
0.998928845 -0.009446213 0.045298312 11.408548355 0.009042668 0.999917626 0.009105275 -16.688095093 -0.045380585 -0.008685904 0.998932064 170.034072876
0.998802602 -0.009504155 0.047988389 11.606057167 0.009073200 0.999916613 0.009190258 -16.917087555 -0.048071727 -0.008743846 0.998805642 172.316650391
0.998685539 -0.009659298 0.050337881 11.806192398 0.009213347 0.999916315 0.009083682 -17.128877640 -0.050421409 -0.008607959 0.998690963 174.581542969
0.998591959 -0.009381557 0.052210607 12.008134842 0.008884045 0.999912977 0.009752891 -17.343595505 -0.052297562 -0.009275320 0.998588443 176.832199097
0.998547077 -0.009908480 0.052967913 12.212433815 0.009379688 0.999903679 0.010222568 -17.546138763 -0.053064104 -0.009710892 0.998543859 179.064224243
0.998535573 -0.011419760 0.052880358 12.426811218 0.010895526 0.999888718 0.010191284 -17.766555786 -0.052990858 -0.009600200 0.998548865 181.331069946
0.998492658 -0.012206619 0.053510651 12.623753548 0.011693417 0.999882638 0.009893279 -17.972826004 -0.053625144 -0.009252644 0.998518288 183.573608398
0.998572648 -0.013835764 0.051586442 12.857926369 0.013335064 0.999860644 0.010037678 -18.193151474 -0.051718131 -0.009335441 0.998618066 185.797714233
0.998574913 -0.015683969 0.051009599 13.064754486 0.015163980 0.999829292 0.010564988 -18.398441315 -0.051166575 -0.009776425 0.998642266 188.048904419
0.998592973 -0.016418761 0.050422322 13.271926880 0.015935240 0.999823272 0.009976614 -18.602779388 -0.050577212 -0.009159086 0.998678148 190.291061401
0.998555481 -0.017506942 0.050798763 13.469447136 0.017005429 0.999802470 0.010288036 -18.827323914 -0.050968841 -0.009409320 0.998655915 192.521896362
0.998514712 -0.018423608 0.051273461 13.656713486 0.017942147 0.999790728 0.009834464 -19.030746460 -0.051443920 -0.008899900 0.998636186 194.759521484
0.998571038 -0.017061677 0.050642185 13.889345169 0.016580185 0.999813318 0.009912684 -19.255386353 -0.050801851 -0.009058862 0.998667657 197.034713745
0.998579800 -0.015144940 0.051078714 14.098031998 0.014658918 0.999843717 0.009876455 -19.464015961 -0.051220316 -0.009113671 0.998645782 199.271057129
0.998596251 -0.013258838 0.051279489 14.297248840 0.012784482 0.999872506 0.009567371 -19.682964325 -0.051399808 -0.008898360 0.998638511 201.538452148
0.998576760 -0.012715657 0.051797170 14.506578445 0.012281622 0.999886811 0.008689247 -19.893720627 -0.051901810 -0.008040727 0.998619735 203.804031372
0.998544037 -0.012991741 0.052355494 14.702575684 0.012497380 0.999874234 0.009758741 -20.102939606 -0.052475702 -0.009090226 0.998580813 206.026550293
0.998522937 -0.014476458 0.052367352 14.933128357 0.014001743 0.999857605 0.009420644 -20.323093414 -0.052496281 -0.008673496 0.998583436 208.305603027
0.998465478 -0.013974256 0.053586349 15.135926247 0.013479121 0.999863148 0.009590224 -20.524976730 -0.053713035 -0.008853211 0.998517156 210.550247192
0.998395324 -0.014684396 0.054690216 15.357050896 0.014103941 0.999840200 0.010984389 -20.751022339 -0.054842774 -0.010195415 0.998442948 212.812850952
0.998333693 -0.013266733 0.056158017 15.588569641 0.012667742 0.999859154 0.011008748 -20.955261230 -0.056296155 -0.010279009 0.998361230 215.045227051
0.998187304 -0.010430141 0.059273496 15.819783211 0.009780809 0.999889016 0.011234424 -21.165657043 -0.059384100 -0.010634318 0.998178482 217.346282959
0.998051882 -0.010386623 0.061518516 16.043294907 0.009686972 0.999885082 0.011660404 -21.372259140 -0.061632559 -0.011041761 0.998037815 219.596084595
0.997930408 -0.011858246 0.063199863 16.274829865 0.011121156 0.999866068 0.012001917 -21.574144363 -0.063333720 -0.011274223 0.997928739 221.830017090
0.997832537 -0.013546202 0.064394414 16.506364822 0.012747198 0.999836922 0.012802705 -21.776153564 -0.064557321 -0.011954108 0.997842371 224.063903809
0.997768462 -0.015428486 0.064961888 16.755121231 0.014659912 0.999817014 0.012291273 -21.988151550 -0.065139629 -0.011311512 0.997812033 226.302261353
0.997738481 -0.016699767 0.065107644 16.993108749 0.015962567 0.999802649 0.011826624 -22.185953140 -0.065292291 -0.010760593 0.997808158 228.558227539
0.997698128 -0.016984886 0.065650634 17.230512619 0.016240345 0.999797821 0.011858065 -22.385906219 -0.065838769 -0.010764580 0.997772157 230.800827026
0.997650146 -0.018267792 0.066033520 17.476850510 0.017582722 0.999785542 0.010940958 -22.591594696 -0.066219226 -0.009754198 0.997757435 233.058044434
0.997596323 -0.019121950 0.066602439 17.712251663 0.018365638 0.999759912 0.011949449 -22.792045593 -0.066814952 -0.010697532 0.997708023 235.296066284
0.997618258 -0.018315297 0.066500679 17.987977982 0.017551688 0.999773383 0.012048907 -22.998529434 -0.066706285 -0.010853010 0.997713625 237.560729980
0.997585952 -0.018414393 0.066955671 18.224712372 0.017647207 0.999771893 0.012031589 -23.198083878 -0.067161940 -0.010820963 0.997683406 239.786422729
0.997554421 -0.018531825 0.067391373 18.467317581 0.017733915 0.999765575 0.012418976 -23.404544830 -0.067605719 -0.011193492 0.997649312 242.015396118
0.997503459 -0.018761242 0.068079047 18.704378128 0.017948005 0.999760449 0.012537517 -23.605134964 -0.068297945 -0.011284336 0.997601092 244.254898071
0.997469425 -0.019198317 0.068455897 18.948120117 0.018438397 0.999761343 0.011715482 -23.812723160 -0.068664461 -0.010423618 0.997585356 246.484100342
0.997487366 -0.018816212 0.068300202 19.201486588 0.018103044 0.999775112 0.011045702 -24.019577026 -0.068492681 -0.009781506 0.997603655 248.716201782
0.997466564 -0.019031228 0.068543747 19.449644089 0.018284172 0.999766588 0.011509943 -24.225278854 -0.068746783 -0.010227517 0.997581720 250.955657959
0.997439265 -0.020337025 0.068565778 19.699996948 0.019590328 0.999741435 0.011545185 -24.432914734 -0.068782844 -0.010172395 0.997579813 253.187332153
0.997422934 -0.020487089 0.068759210 19.949733734 0.019697176 0.999732196 0.012146598 -24.637811661 -0.068989649 -0.010760932 0.997559309 255.439315796
0.997389317 -0.020993378 0.069093660 20.183622360 0.020187657 0.999719977 0.012339015 -24.842048645 -0.069333360 -0.010911959 0.997533858 257.660430908
0.997362792 -0.021719975 0.069250651 20.444332123 0.020878520 0.999699414 0.012851618 -25.049131393 -0.069508955 -0.011371875 0.997516513 259.931427002
0.997337878 -0.021258989 0.069750674 20.695022583 0.020458296 0.999716580 0.012173789 -25.248819351 -0.069989704 -0.010714401 0.997490168 262.178771973
0.997313321 -0.021291496 0.070091784 20.950168610 0.020528020 0.999722004 0.011595034 -25.450489044 -0.070319161 -0.010125037 0.997473180 264.438476562
0.997299492 -0.020484643 0.070528775 21.207452774 0.019740416 0.999742031 0.011233014 -25.661235809 -0.070740692 -0.009810411 0.997446477 266.680480957
0.997229695 -0.019797826 0.071701072 21.457387924 0.019035527 0.999754965 0.011299446 -25.862386703 -0.071907192 -0.009903275 0.997362196 268.926879883
0.997101188 -0.019447720 0.073559508 21.699146271 0.018671859 0.999762714 0.011220481 -26.081964493 -0.073760286 -0.009814464 0.997227728 271.176513672
0.997013450 -0.020142775 0.074553706 21.967702866 0.019336678 0.999746680 0.011518442 -26.290424347 -0.074766845 -0.010042422 0.997150421 273.424774170
0.996819973 -0.020834867 0.076914869 22.210716248 0.019951610 0.999726117 0.012234272 -26.492950439 -0.077148698 -0.010660790 0.996962607 275.666168213
0.996709347 -0.020990519 0.078293353 22.479349136 0.019981988 0.999707222 0.013642789 -26.690271378 -0.078556798 -0.012033437 0.996837020 277.905792236
0.996659458 -0.020302244 0.079105437 22.762538910 0.019187637 0.999705970 0.014824932 -26.901649475 -0.079383165 -0.013257562 0.996756017 280.155853271
0.996582568 -0.020087486 0.080123506 23.041515350 0.018856009 0.999692559 0.016096922 -27.106788635 -0.080422215 -0.014531101 0.996654987 282.393371582
0.996526361 -0.019019380 0.081076726 23.316764832 0.017777333 0.999713719 0.016013855 -27.298875809 -0.081358097 -0.014516901 0.996579170 284.657104492
0.996429503 -0.017981395 0.082491629 23.580921173 0.016769765 0.999741375 0.015357452 -27.490011215 -0.082746446 -0.013919251 0.996473491 286.885375977
0.996412992 -0.017227715 0.082850799 23.861841202 0.016123917 0.999772310 0.013973512 -27.677547455 -0.083072662 -0.012587509 0.996464014 289.132995605
0.996359944 -0.018020798 0.083319157 24.131593704 0.016890435 0.999755800 0.014251751 -27.881614685 -0.083555646 -0.012792576 0.996421039 291.360717773
0.996273041 -0.017740984 0.084411293 24.389152527 0.016649691 0.999768674 0.013614736 -28.082933426 -0.084633328 -0.012158575 0.996337891 293.644378662
0.996297181 -0.018251276 0.084016897 24.670095444 0.017231664 0.999769032 0.012845097 -28.280670166 -0.084231950 -0.011349780 0.996381521 295.870666504
0.996308327 -0.018199580 0.083894968 24.949779510 0.017180402 0.999769747 0.012854279 -28.483016968 -0.084109575 -0.011365477 0.996391833 298.101165771
0.996299684 -0.017520454 0.084142745 25.225173950 0.016492313 0.999780715 0.012898693 -28.678943634 -0.084350288 -0.011463254 0.996370256 300.339385986
0.996248543 -0.017382683 0.084772721 25.482717514 0.016273340 0.999772847 0.013759649 -28.884515762 -0.084992640 -0.012328498 0.996305287 302.573760986
0.996250808 -0.017510708 0.084720768 25.766145706 0.016370650 0.999766111 0.014132732 -29.086885452 -0.084948435 -0.012692812 0.996304512 304.824340820
0.996223092 -0.016879532 0.085173443 26.048572540 0.015722554 0.999775171 0.014236397 -29.283903122 -0.085394584 -0.012843486 0.996264398 307.072784424
0.996216536 -0.017483788 0.085128821 26.329015732 0.016327752 0.999765038 0.014257257 -29.491107941 -0.085358091 -0.012813351 0.996267915 309.328552246
0.996176422 -0.018844562 0.085307911 26.611606598 0.017655229 0.999736547 0.014674719 -29.689069748 -0.085561976 -0.013112479 0.996246517 311.586669922
0.996140838 -0.018668283 0.085760117 26.891794205 0.017519154 0.999746621 0.014132605 -29.891510010 -0.086002231 -0.012575621 0.996215582 313.829101562
0.996165693 -0.018267160 0.085558511 27.181261063 0.017070372 0.999746263 0.014698784 -30.093008041 -0.085805304 -0.013181909 0.996224701 316.083648682
0.996120214 -0.016365178 0.086467907 27.460296631 0.015223155 0.999788284 0.013850416 -30.294681549 -0.086676262 -0.012480367 0.996158302 318.331054688
0.996110499 -0.014777275 0.086865909 27.737304688 0.013576371 0.999804139 0.014399390 -30.492649078 -0.087061688 -0.013164059 0.996115923 320.584747314
0.996047378 -0.013359826 0.087812915 28.010372162 0.012157173 0.999825060 0.014216201 -30.694543839 -0.087987483 -0.013092452 0.996035516 322.824554443
0.995986879 -0.012478430 0.088625237 28.283460617 0.011226302 0.999830186 0.014612763 -30.888637543 -0.088792540 -0.013559188 0.995957792 325.064331055
0.995994925 -0.012115449 0.088585399 28.575000763 0.010741244 0.999814868 0.015973039 -31.094989777 -0.088762492 -0.014957555 0.995940506 327.296722412
0.995967329 -0.012797429 0.088798270 28.855232239 0.011434612 0.999809146 0.015839098 -31.295568466 -0.088984042 -0.014759854 0.995923638 329.543640137
0.995981336 -0.014561540 0.088369116 29.153377533 0.013285641 0.999799192 0.015009367 -31.490829468 -0.088569917 -0.013775012 0.995974720 331.780517578
0.995965719 -0.014207907 0.088601708 29.433029175 0.012945313 0.999806523 0.014808630 -31.689924240 -0.088794954 -0.013601913 0.995957017 333.989654541
0.995943189 -0.014348319 0.088832952 29.718784332 0.012963654 0.999785542 0.016144693 -31.887430191 -0.089045554 -0.014927596 0.995915711 336.234008789
0.996001244 -0.015110836 0.088052027 30.019741058 0.013758823 0.999778211 0.015941501 -32.079078674 -0.088273384 -0.014666260 0.995988429 338.470336914
0.996003449 -0.014895447 0.088063605 30.300163269 0.013522936 0.999777913 0.016161609 -32.279880524 -0.088284768 -0.014906141 0.995983720 340.714324951
0.996041536 -0.015210042 0.087578051 30.593175888 0.013865789 0.999776840 0.015937155 -32.479263306 -0.087800898 -0.014659726 0.996030152 342.959503174
0.996061206 -0.015534167 0.087296948 30.878158569 0.014150915 0.999764621 0.016441993 -32.674873352 -0.087531812 -0.015141898 0.996046782 345.200775146
0.996100962 -0.015334175 0.086877376 31.163690567 0.013963239 0.999768555 0.016365917 -32.865474701 -0.087108225 -0.015089015 0.996084690 347.441436768
0.996155858 -0.015382461 0.086237445 31.448860168 0.014020199 0.999767542 0.016380146 -33.061363220 -0.086469375 -0.015108113 0.996140063 349.685882568
0.996166050 -0.015036465 0.086180285 31.727973938 0.013628185 0.999764204 0.016906219 -33.260040283 -0.086414166 -0.015666917 0.996136129 351.928039551
0.996210635 -0.015447956 0.085589655 32.010143280 0.014016933 0.999752164 0.017295400 -33.451156616 -0.085835613 -0.016030159 0.996180356 354.155853271
0.996229112 -0.015106485 0.085435972 32.286727905 0.013726342 0.999765992 0.016718552 -33.645301819 -0.085668549 -0.015482787 0.996203363 356.394897461
0.996281087 -0.015278175 0.084797211 32.570758820 0.013872980 0.999756932 0.017135857 -33.837852478 -0.085038401 -0.015895737 0.996250808 358.631134033
0.996332586 -0.014803750 0.084274843 32.854866028 0.013344116 0.999751449 0.017857000 -34.032653809 -0.084518231 -0.016666936 0.996282518 360.883300781
0.996390402 -0.014949735 0.083561860 33.140396118 0.013503815 0.999749601 0.017842140 -34.228225708 -0.083807677 -0.016649336 0.996342778 363.126647949
0.996413946 -0.014713204 0.083322480 33.419902802 0.013221528 0.999742746 0.018426018 -34.421356201 -0.083572149 -0.017258285 0.996352255 365.368682861
0.996469319 -0.014757288 0.082650460 33.702835083 0.013339169 0.999754667 0.017684029 -34.614021301 -0.082891159 -0.016519107 0.996421635 367.634490967
0.996474624 -0.015351824 0.082477592 33.975654602 0.013943715 0.999747455 0.017621601 -34.809803009 -0.082727291 -0.016409440 0.996437073 369.885009766
0.996460676 -0.015300091 0.082656071 34.245994568 0.013964659 0.999762774 0.016710563 -34.998275757 -0.082892135 -0.015497153 0.996438026 372.150543213
0.996534944 -0.015416542 0.081733167 34.528976440 0.014099896 0.999761760 0.016661908 -35.195007324 -0.081970565 -0.015451746 0.996515095 374.393981934
0.996622145 -0.015334439 0.080679648 34.813842773 0.013967481 0.999749720 0.017480236 -35.389194489 -0.080927506 -0.016294299 0.996586800 376.640991211
0.996520936 -0.014473839 0.082076326 35.068080902 0.013069508 0.999759257 0.017621569 -35.580142975 -0.082311623 -0.016487570 0.996470213 378.903228760
0.996514499 -0.015011743 0.082057729 35.341960907 0.013579567 0.999746025 0.017983630 -35.778560638 -0.082306840 -0.016806642 0.996465325 381.147216797
0.996534050 -0.014930042 0.081835322 35.622104645 0.013499531 0.999746740 0.018005852 -35.965332031 -0.082083426 -0.016838709 0.996483207 383.404052734
0.996550381 -0.014119797 0.081780322 35.901733398 0.012659611 0.999751508 0.018346103 -36.161640167 -0.082019046 -0.017247509 0.996481538 385.658538818
0.996554494 -0.012880709 0.081936084 36.175960541 0.011411313 0.999765992 0.018376552 -36.347415924 -0.082153626 -0.017378233 0.996468067 387.915985107
0.996576071 -0.011776024 0.081837818 36.458560944 0.010314690 0.999780118 0.018256351 -36.545421600 -0.082034796 -0.017349707 0.996478438 390.185424805
0.996563017 -0.010353582 0.082187802 36.729518890 0.008877801 0.999793112 0.018301379 -36.742046356 -0.082360268 -0.017508829 0.996448934 392.463226318
0.996570408 -0.008838927 0.082274199 37.001678467 0.007248168 0.999781370 0.019613484 -36.932018280 -0.082429565 -0.018949887 0.996416688 394.725555420
0.996508598 -0.007681193 0.083135471 37.267341614 0.006030137 0.999779940 0.020092709 -37.125801086 -0.083271526 -0.019521242 0.996335626 396.988708496
0.996453047 -0.007213702 0.083839819 37.541191101 0.005674938 0.999811292 0.018577464 -37.323398590 -0.083958022 -0.018035790 0.996306062 399.254974365
0.996400297 -0.007063928 0.084477872 37.813873291 0.005556036 0.999821246 0.018071355 -37.516571045 -0.084590413 -0.017536944 0.996261477 401.522888184
0.996281207 -0.007980959 0.085790277 38.083732605 0.006383354 0.999801397 0.018880455 -37.702529907 -0.085923925 -0.018262615 0.996134400 403.773193359
0.996281445 -0.009453384 0.085637406 38.361633301 0.007776313 0.999771833 0.019895857 -37.895889282 -0.085805945 -0.019155929 0.996127725 406.052093506
0.996253133 -0.009907484 0.085914895 38.643013000 0.008242028 0.999771714 0.019718055 -38.085655212 -0.086090632 -0.018936064 0.996107340 408.302520752
0.996201217 -0.008648647 0.086650968 38.939582825 0.007036222 0.999796689 0.018896451 -38.270496368 -0.086796790 -0.018214971 0.996059477 410.574981689
0.996150494 -0.007704945 0.087319665 39.227455139 0.006053885 0.999798179 0.019157305 -38.465812683 -0.087449640 -0.018554941 0.995996118 412.832733154
0.996081173 -0.006288945 0.088219553 39.505565643 0.004648934 0.999812782 0.018783299 -38.657188416 -0.088321142 -0.018299561 0.995923936 415.082702637
0.996004701 -0.005044231 0.089157544 39.796321869 0.003381507 0.999817729 0.018790495 -38.847694397 -0.089236088 -0.018413933 0.995840192 417.357421875
0.995956123 -0.005270618 0.089686200 40.090942383 0.003598972 0.999816954 0.018790348 -39.042613983 -0.089768827 -0.018391587 0.995792747 419.613555908
0.995843589 -0.005136614 0.090934619 40.373596191 0.003452969 0.999819815 0.018662557 -39.230575562 -0.091014110 -0.018270994 0.995681942 421.868560791
0.995774508 -0.004968362 0.091697715 40.658508301 0.003299379 0.999826312 0.018343540 -39.420951843 -0.091772944 -0.017963486 0.995617867 424.125518799
0.995705307 -0.005458878 0.092417873 40.953216553 0.003664217 0.999801636 0.019577533 -39.615184784 -0.092506416 -0.019154813 0.995527923 426.402404785
0.995658517 -0.004673039 0.092963859 41.246536255 0.002809043 0.999792576 0.020171519 -39.804447174 -0.093038857 -0.019822806 0.995465159 428.660766602
0.995595753 -0.004031887 0.093662784 41.548622131 0.002080919 0.999779105 0.020918040 -39.993030548 -0.093726434 -0.020631008 0.995384216 430.940704346
0.995592773 -0.004451780 0.093677558 41.849842072 0.002487658 0.999774814 0.021073166 -40.188610077 -0.093750276 -0.020747256 0.995379567 433.220764160
0.995560467 -0.005110059 0.093985304 42.152778625 0.003197886 0.999785066 0.020484811 -40.385658264 -0.094069779 -0.020093311 0.995362818 435.486541748
0.995543540 -0.004049554 0.094216004 42.461269379 0.002116642 0.999785423 0.020606654 -40.561691284 -0.094279237 -0.020315399 0.995338500 437.758850098
0.995519280 -0.004609924 0.094446175 42.768970490 0.002644582 0.999777675 0.020923723 -40.752220154 -0.094521627 -0.020580200 0.995310068 440.044189453
0.995545864 -0.004570557 0.094166808 43.079372406 0.002581075 0.999771059 0.021238182 -40.940498352 -0.094242327 -0.020900534 0.995329916 442.315521240
0.995539486 -0.004359220 0.094245285 43.383213043 0.002247824 0.999744356 0.022497777 -41.149902344 -0.094319269 -0.022185577 0.995294750 444.573699951
0.995491505 -0.004817722 0.094727419 43.688472748 0.002672418 0.999737322 0.022760976 -41.334320068 -0.094812177 -0.022405203 0.995243013 446.858947754
0.995460153 -0.004390884 0.095077723 43.989120483 0.002289277 0.999750912 0.022201899 -41.520584106 -0.095151514 -0.021883449 0.995222151 449.129577637
0.995480180 -0.003976145 0.094886050 44.295703888 0.001905796 0.999758303 0.021899978 -41.709583282 -0.094950199 -0.021620162 0.995247245 451.392150879
0.995392382 -0.003369650 0.095825888 44.590759277 0.001292779 0.999763072 0.021727212 -41.903587341 -0.095876388 -0.021503223 0.995160937 453.656646729
0.995308876 -0.002684162 0.096710980 44.889530182 0.000580521 0.999762774 0.021773404 -42.082473755 -0.096746467 -0.021615120 0.995074332 455.937774658
0.995289147 -0.002693033 0.096913755 45.190177917 0.000606939 0.999767601 0.021548312 -42.276409149 -0.096949264 -0.021387978 0.995059490 458.198089600
0.995292008 -0.001977455 0.096901290 45.504383087 -0.000055290 0.999780059 0.020970304 -42.467140198 -0.096921444 -0.020876933 0.995073080 460.485412598
0.995254517 -0.000950069 0.097301029 45.806713104 -0.001142748 0.999769270 0.021450698 -42.656242371 -0.097298965 -0.021460095 0.995023787 462.767425537
0.995280325 -0.000631760 0.097039141 46.116436005 -0.001586337 0.999739230 0.022778913 -42.842163086 -0.097028218 -0.022825344 0.995019853 465.042816162
0.995334864 -0.000764202 0.096477486 46.419555664 -0.001457526 0.999735355 0.022955885 -43.022033691 -0.096469492 -0.022989409 0.995070398 467.307556152
0.995474339 -0.000906695 0.095026195 46.740875244 -0.001160507 0.999763906 0.021696497 -43.204704285 -0.095023438 -0.021708585 0.995238304 469.587097168
0.995541751 -0.000909576 0.094317213 47.053825378 -0.001093520 0.999775112 0.021183990 -43.394371033 -0.094315261 -0.021192687 0.995316803 471.882720947
0.995624840 -0.001555009 0.093427092 47.357173920 -0.000518148 0.999754250 0.022161756 -43.584445953 -0.093438588 -0.022113206 0.995379448 474.161376953
0.995589137 -0.001834736 0.093802169 47.644340515 -0.000266398 0.999749422 0.022382203 -43.772396088 -0.093819730 -0.022308469 0.995339274 476.440673828
0.995686948 -0.001000866 0.092771359 47.947536469 -0.000996265 0.999768794 0.021478644 -43.937313080 -0.092771403 -0.021478431 0.995455682 478.730285645
0.995703876 -0.001427724 0.092583984 48.246608734 -0.000642035 0.999750614 0.022321843 -44.127201080 -0.092592761 -0.022285389 0.995454609 481.011749268
0.995775044 -0.001651162 0.091811128 48.553642273 -0.000425447 0.999744654 0.022594091 -44.310733795 -0.091824979 -0.022537695 0.995519996 483.285705566
0.995774448 -0.002146367 0.091807216 48.838481903 0.000173690 0.999769092 0.021489773 -44.492942810 -0.091832139 -0.021383025 0.995544791 485.570892334
0.995852768 -0.002383031 0.090948537 49.142494202 0.000315112 0.999741256 0.022744846 -44.693252563 -0.090979204 -0.022621855 0.995595813 487.875091553
0.995926857 -0.002703994 0.090123355 49.439922333 0.000624363 0.999733031 0.023095591 -44.875331879 -0.090161741 -0.022945253 0.995662749 490.154235840
0.995847821 -0.001638610 0.091019124 49.687095642 -0.000473960 0.999731123 0.023183700 -45.063945770 -0.091032639 -0.023130581 0.995579243 492.410491943
0.995886505 -0.000755362 0.090606295 49.990455627 -0.001383901 0.999721825 0.023545403 -45.245414734 -0.090598859 -0.023573939 0.995608389 494.701202393
0.995888412 -0.000260600 0.090587825 50.274776459 -0.001847725 0.999729335 0.023189176 -45.427532196 -0.090569355 -0.023261212 0.995618463 496.998107910
0.995919764 -0.000183864 0.090243146 50.579845428 -0.001884813 0.999737382 0.022837618 -45.620712280 -0.090223655 -0.022914527 0.995657861 499.316711426
0.995966256 -0.000276168 0.089728288 50.873107910 -0.001855813 0.999717951 0.023676114 -45.805362701 -0.089709505 -0.023747126 0.995684803 501.608489990
0.995970666 -0.000114022 0.089679748 51.159107208 -0.002044376 0.999710381 0.023975614 -45.992725372 -0.089656517 -0.024062345 0.995682061 503.883056641
0.995967090 0.001004759 0.089713857 51.445850372 -0.003097211 0.999726355 0.023187459 -46.176753998 -0.089666001 -0.023371808 0.995697618 506.173583984
0.995963275 0.001367962 0.089751326 51.733001709 -0.003514952 0.999711275 0.023767840 -46.362052917 -0.089692920 -0.023987366 0.995680571 508.466491699
0.996001303 0.000920847 0.089335047 52.030261993 -0.002967926 0.999736011 0.022784494 -46.548751831 -0.089290477 -0.022958525 0.995740950 510.762176514
0.996039152 0.000389570 0.088914908 52.332786560 -0.002503211 0.999716818 0.023661228 -46.738639832 -0.088880531 -0.023790080 0.995758116 513.056945801
0.996066153 0.000585093 0.088611141 52.627109528 -0.002716705 0.999709785 0.023937108 -46.922176361 -0.088571422 -0.024083672 0.995778620 515.363403320
0.996073782 0.001135606 0.088519886 52.915996552 -0.003237739 0.999716043 0.023607612 -47.105255127 -0.088467933 -0.023801526 0.995794713 517.672363281
0.996068478 0.002075627 0.088562250 53.199344635 -0.004179226 0.999713361 0.023573959 -47.292274475 -0.088487938 -0.023851404 0.995791614 519.960998535
0.996010244 0.004125124 0.089143805 53.493461609 -0.006240014 0.999705315 0.023458842 -47.481441498 -0.089020766 -0.023921501 0.995742440 522.308410645
0.995861053 0.006428820 0.090660550 53.770423889 -0.008640213 0.999674022 0.024020661 -47.667320251 -0.090476595 -0.024704566 0.995592117 524.628601074
0.995897114 0.007018050 0.090220124 54.082424164 -0.009297620 0.999647439 0.024871347 -47.846797943 -0.090013765 -0.025608137 0.995611250 526.963195801
0.995818853 0.006728995 0.091101684 54.368396759 -0.009020732 0.999652565 0.024767457 -48.030006409 -0.090903364 -0.025485711 0.995533526 529.274108887
0.995786786 0.004751573 0.091575406 54.660266876 -0.007187122 0.999628603 0.026284695 -48.211364746 -0.091416523 -0.026832115 0.995451212 531.586730957
0.995763123 0.003247707 0.091897249 54.967556000 -0.005642682 0.999650836 0.025813635 -48.388072968 -0.091781333 -0.026222814 0.995433807 533.908874512
0.995724440 0.003282600 0.092314079 55.266448975 -0.005633904 0.999666035 0.025221648 -48.568244934 -0.092200466 -0.025633898 0.995410442 536.220336914
0.995633602 0.003009047 0.093299136 55.563110352 -0.005359925 0.999674082 0.024956869 -48.752185822 -0.093193635 -0.025347974 0.995325267 538.535827637
0.995551407 0.003560198 0.094152793 55.859054565 -0.005876361 0.999686599 0.024334252 -48.937194824 -0.094036654 -0.024779275 0.995260298 540.852294922
0.995462716 0.004323037 0.095054023 56.158050537 -0.006634259 0.999689639 0.024012255 -49.123611450 -0.094920747 -0.024533918 0.995182455 543.175598145
0.995410860 0.004989397 0.095563523 56.474315643 -0.007189077 0.999716818 0.022687545 -49.302646637 -0.095423274 -0.023270443 0.995164752 545.503234863
0.995298564 0.004840150 0.096733287 56.764801025 -0.007148308 0.999697626 0.023528773 -49.496490479 -0.096590154 -0.024109637 0.995032191 547.823974609
0.995242476 0.004696917 0.097315013 57.073928833 -0.007090470 0.999680400 0.024264729 -49.682769775 -0.097169943 -0.024839297 0.994957745 550.149719238
0.995172799 0.004562901 0.098032035 57.376930237 -0.007004700 0.999673367 0.024578460 -49.867835999 -0.097887866 -0.025146499 0.994879723 552.448730469
0.995209455 0.003547620 0.097700939 57.698589325 -0.005875755 0.999705315 0.023551796 -50.050109863 -0.097588606 -0.024013031 0.994937122 554.763671875
0.995232999 0.003664217 0.097456492 58.017959595 -0.006029888 0.999693990 0.023990685 -50.237552643 -0.097338751 -0.024463976 0.994950533 557.081298828
0.995189309 0.003790957 0.097896844 58.327678680 -0.006195370 0.999686301 0.024268374 -50.420639038 -0.097774111 -0.024758134 0.994900644 559.391235352
0.995158911 0.004493650 0.098175623 58.640373230 -0.006989916 0.999660492 0.025097407 -50.602897644 -0.098029509 -0.025662150 0.994852602 561.728698730
0.995163679 0.004142394 0.098142348 58.962257385 -0.006701880 0.999645591 0.025764029 -50.787071228 -0.098000839 -0.026297171 0.994838834 564.056945801
0.995144606 0.004630931 0.098314367 59.280651093 -0.007256280 0.999626040 0.026362875 -50.965068817 -0.098155521 -0.026948269 0.994806170 566.374206543
0.995088220 0.005698863 0.098827764 59.603408813 -0.008274647 0.999636114 0.025673091 -51.150173187 -0.098645501 -0.026364755 0.994773328 568.700927734
0.995111883 0.006747550 0.098523088 59.936676025 -0.009154898 0.999669969 0.024002770 -51.327243805 -0.098328583 -0.024787411 0.994845390 571.031250000
0.995087087 0.007213528 0.098740511 60.263000488 -0.009630990 0.999664962 0.024028277 -51.511161804 -0.098534085 -0.024861200 0.994823039 573.349548340
0.995090127 0.007020619 0.098722830 60.587177277 -0.009564619 0.999633670 0.025319483 -51.705821991 -0.098508880 -0.026139412 0.994792819 575.716125488
0.995121002 0.006972489 0.098414704 60.918174744 -0.009652734 0.999594688 0.026784373 -51.896884918 -0.098188050 -0.027603665 0.994784951 578.028137207
0.994989455 0.007818862 0.099673644 61.215888977 -0.010364485 0.999632537 0.025047386 -52.079032898 -0.099441178 -0.025954951 0.994704902 580.400268555
0.995060682 0.007103824 0.099013656 61.545215607 -0.009586273 0.999650955 0.024618609 -52.255111694 -0.098804206 -0.025446178 0.994781554 582.739379883
0.994984508 0.006635840 0.099808685 61.862365723 -0.009294601 0.999613583 0.026197212 -52.448219299 -0.099596277 -0.026993498 0.994661689 585.058837891
0.995031714 0.006869741 0.099321350 62.187313080 -0.009538044 0.999605596 0.026415512 -52.629608154 -0.099100694 -0.027231604 0.994704723 587.378906250
0.995024383 0.004653006 0.099522732 62.519813538 -0.007166468 0.999663949 0.024912575 -52.812835693 -0.099373378 -0.025501849 0.994723320 589.736450195
0.995044947 0.004580925 0.099319756 62.847599030 -0.007048318 0.999674857 0.024506282 -52.988811493 -0.099175192 -0.025084896 0.994753778 592.084533691
0.995073497 0.003047104 0.099092558 63.169353485 -0.005556142 0.999670625 0.025054054 -53.176475525 -0.098983571 -0.025481198 0.994762778 594.424438477
0.995104313 0.002432094 0.098801292 63.499637604 -0.004952413 0.999668479 0.025271721 -53.362117767 -0.098707058 -0.025637304 0.994786203 596.779418945
