1.000000000 0.000000000 0.000000000 0.000000000 0.000000000 1.000000000 0.000000000 0.000000000 0.000000000 0.000000000 1.000000000 0.000000000
0.999999821 0.000092006 0.000538187 0.087892145 -0.000091943 1.000000000 -0.000118111 -0.228131324 -0.000538198 0.000118062 0.999999821 2.295728922
0.999999166 0.000488869 0.001207266 0.166313916 -0.000489464 0.999999762 0.000492589 -0.466482639 -0.001207025 -0.000493179 0.999999166 4.582700253
0.999998391 0.000125997 0.001745918 0.263709307 -0.000127123 0.999999762 0.000644906 -0.696752310 -0.001745836 -0.000645127 0.999998212 6.869483471
0.999996543 0.000123536 0.002637291 0.358007282 -0.000120756 0.999999464 -0.001053935 -0.929790795 -0.002637420 0.001053612 0.999995947 9.164218903
0.999987185 0.001874606 0.004713835 0.449469239 -0.001876134 0.999998152 0.000319746 -1.165278435 -0.004713227 -0.000328586 0.999988794 11.469587326
0.999967337 0.003687643 0.007185902 0.549932897 -0.003699029 0.999991894 0.001571916 -1.401333809 -0.007180048 -0.001598446 0.999972939 13.760717392
0.999944985 0.003580516 0.009863120 0.653947949 -0.003625310 0.999983132 0.004527313 -1.633781075 -0.009846743 -0.004562820 0.999941111 16.038188934
0.999939978 0.003662244 0.010327086 0.750969768 -0.003717509 0.999978781 0.005337330 -1.853514314 -0.010307320 -0.005375400 0.999932408 18.326114655
0.999927044 0.002834137 0.011748146 0.862673283 -0.002900758 0.999979734 0.005657615 -2.079302788 -0.011731874 -0.005691281 0.999915004 20.608360291
0.999924481 0.000220357 0.012285745 0.982779145 -0.000261522 0.999994338 0.003349082 -2.308852196 -0.012284940 -0.003352042 0.999918938 22.920131683
0.999911427 -0.001987798 0.013162299 1.090471983 0.001966317 0.999996722 0.001644765 -2.532401562 -0.013165527 -0.001618738 0.999912024 25.202569962
0.999913394 -0.003139514 0.012782957 1.228549004 0.003121973 0.999994159 0.001391945 -2.785200119 -0.012787254 -0.001351917 0.999917269 27.488842010
0.999898136 -0.002688214 0.014016963 1.332740903 0.002678680 0.999996185 0.000698901 -3.010445356 -0.014018789 -0.000661283 0.999901533 29.775421143
0.999893486 -0.000892427 0.014565811 1.456359267 0.000845962 0.999994516 0.003195873 -3.238668680 -0.014568586 -0.003183211 0.999888718 32.039108276
0.999897361 0.001029351 0.014284474 1.589559674 -0.001106040 0.999984980 0.005361854 -3.455488920 -0.014278742 -0.005377103 0.999883533 34.319160461
0.999871373 0.002926414 0.015771199 1.710931540 -0.003068217 0.999954939 0.008974506 -3.681228638 -0.015744230 -0.009021739 0.999835372 36.647838593
0.999855638 0.004797437 0.016298387 1.831443191 -0.004939471 0.999950111 0.008685634 -3.898234844 -0.016255904 -0.008764885 0.999829531 38.919410706
0.999824345 0.003889445 0.018342171 1.933197856 -0.004021177 0.999966323 0.007150509 -4.103087902 -0.018313745 -0.007223010 0.999806225 41.227386475
0.999831021 0.001431835 0.018324511 2.060085058 -0.001548154 0.999978721 0.006335149 -4.327326775 -0.018315051 -0.006362448 0.999812007 43.504859924
0.999828041 0.001423079 0.018490879 2.189764500 -0.001524098 0.999983907 0.005450268 -4.555514336 -0.018482832 -0.005477511 0.999814093 45.753784180
0.999819875 0.000879409 0.018960336 2.307699203 -0.000970579 0.999988019 0.004799805 -4.784826756 -0.018955888 -0.004817344 0.999808729 48.033924103
0.999817967 -0.000601167 0.019071128 2.444253922 0.000502931 0.999986589 0.005155426 -5.009424686 -0.019073969 -0.005144896 0.999804854 50.315361023
0.999802530 -0.001701148 0.019805426 2.577188492 0.001591015 0.999983132 0.005575153 -5.231357574 -0.019814583 -0.005542540 0.999788284 52.584011078
0.999797702 -0.002832329 0.019918747 2.714223862 0.002727777 0.999982417 0.005274089 -5.454297066 -0.019933335 -0.005218687 0.999787748 54.867633820
0.999755681 -0.003179908 0.021872198 2.833241701 0.003060048 0.999980092 0.005511307 -5.677331448 -0.021889284 -0.005443031 0.999745607 57.164657593
0.999737740 -0.004427374 0.022469571 2.972514629 0.004290800 0.999972045 0.006122778 -5.899228573 -0.022496052 -0.006024760 0.999728739 59.433052063
0.999691665 -0.005836992 0.024132924 3.099519253 0.005704236 0.999968231 0.005566192 -6.120119095 -0.024164645 -0.005426816 0.999693215 61.700519562
0.999674499 -0.006600643 0.024644965 3.251199722 0.006467666 0.999964118 0.005471545 -6.342134953 -0.024680199 -0.005310369 0.999681234 63.951591492
0.999637246 -0.006033548 0.026249208 3.388910770 0.005877480 0.999964535 0.006018786 -6.560721874 -0.026284598 -0.005862323 0.999637306 66.220947266
0.999620557 -0.005158033 0.027058784 3.539179802 0.004987893 0.999967337 0.006351517 -6.783684254 -0.027090663 -0.006214140 0.999613643 68.475463867
0.999574900 -0.005298971 0.028673336 3.675556660 0.005123511 0.999967694 0.006189289 -7.006223679 -0.028705209 -0.006039749 0.999569595 70.728195190
0.999554396 -0.006131147 0.029213609 3.836953640 0.005995030 0.999970794 0.004744715 -7.223876476 -0.029241847 -0.004567464 0.999561906 72.979461670
0.999541461 -0.007023750 0.029452922 4.001462936 0.006878827 0.999963760 0.005018961 -7.445773602 -0.029487105 -0.004814058 0.999553561 75.259956360
0.999497235 -0.008147637 0.030641396 4.166213036 0.008008902 0.999957144 0.004647702 -7.676163673 -0.030677946 -0.004399962 0.999519706 77.526397705
0.999487579 -0.009112803 0.030688381 4.325242043 0.008981150 0.999949872 0.004425162 -7.898181438 -0.030727167 -0.004147277 0.999519169 79.765617371
0.999454081 -0.009551561 0.031626217 4.475352287 0.009418233 0.999946177 0.004362004 -8.115847588 -0.031666175 -0.004061760 0.999490261 82.020591736
0.999443531 -0.008750146 0.032188490 4.657596588 0.008629668 0.999955237 0.003879889 -8.335655212 -0.032221001 -0.003599954 0.999474287 84.289886475
0.999392271 -0.008509685 0.033802312 4.818095684 0.008354326 0.999953866 0.004734730 -8.556085587 -0.033841036 -0.004449457 0.999417305 86.539855957
0.999393106 -0.008389344 0.033809025 4.987235546 0.008196160 0.999949276 0.005848521 -8.783600807 -0.033856384 -0.005567866 0.999411225 88.832397461
0.999371827 -0.007604684 0.034614518 5.150952339 0.007378534 0.999950647 0.006656381 -9.006760597 -0.034663428 -0.006396795 0.999378562 91.089935303
0.999350250 -0.007399193 0.035274949 5.321770668 0.007168501 0.999952078 0.006661835 -9.224697113 -0.035322554 -0.006404637 0.999355435 93.327682495
0.999345839 -0.007390097 0.035400964 5.499516487 0.007185835 0.999956727 0.005893714 -9.440828323 -0.035442989 -0.005635472 0.999355793 95.554275513
0.999308884 -0.008077057 0.036282912 5.667271137 0.007861643 0.999950588 0.006075815 -9.656949997 -0.036330190 -0.005786373 0.999323010 97.799629211
0.999276519 -0.007892746 0.037204213 5.827945232 0.007685989 0.999954224 0.005697116 -9.883862495 -0.037247475 -0.005407044 0.999291360 100.035522461
0.999227107 -0.007908656 0.038506161 5.989870071 0.007647770 0.999946773 0.006917807 -10.101125717 -0.038558826 -0.006617974 0.999234378 102.268112183
0.999203026 -0.008014779 0.039103203 6.177349091 0.007761609 0.999947965 0.006621930 -10.314592361 -0.039154243 -0.006313149 0.999213219 104.513229370
0.999162495 -0.008974830 0.039919998 6.354792595 0.008695575 0.999936521 0.007163520 -10.525081635 -0.039981760 -0.006810395 0.999177217 106.741699219
0.999131799 -0.010464988 0.040324885 6.538636684 0.010170919 0.999920189 0.007490770 -10.740454674 -0.040400058 -0.007074126 0.999158561 108.993186951
0.999088526 -0.011458034 0.041119941 6.718459606 0.011118728 0.999902308 0.008470858 -10.961302757 -0.041212983 -0.008005936 0.999118328 111.243782043
0.999068618 -0.012000956 0.041447356 6.910026550 0.011705058 0.999904275 0.007374464 -11.183208466 -0.041531894 -0.006882451 0.999113441 113.506889343
0.999012470 -0.012439598 0.042652365 7.089139462 0.012180550 0.999905705 0.006328051 -11.397120476 -0.042727068 -0.005802274 0.999069929 115.753654480
0.998966217 -0.012792744 0.043621536 7.265983582 0.012504629 0.999898136 0.006871395 -11.621026039 -0.043705005 -0.006318821 0.999024451 117.987648010
0.998905420 -0.013343239 0.044832069 7.453744411 0.013009722 0.999885499 0.007722830 -11.840503693 -0.044929992 -0.007131124 0.998964667 120.238922119
0.998870611 -0.013920764 0.045427769 7.657719612 0.013547665 0.999872029 0.008510593 -12.062177658 -0.045540433 -0.007885542 0.998931348 122.440368652
0.998823404 -0.014396313 0.046308924 7.855063438 0.014040299 0.999869406 0.008003951 -12.278490067 -0.046418101 -0.007344343 0.998895109 124.737220764
0.998788118 -0.014489291 0.047034893 8.041876793 0.014156078 0.999872327 0.007409853 -12.501495361 -0.047136247 -0.006735044 0.998865783 127.007186890
0.998786151 -0.016311813 0.046476882 8.239937782 0.015971692 0.999842823 0.007680121 -12.712797165 -0.046594858 -0.006928483 0.998889863 129.262344360
0.998813212 -0.017322807 0.045518801 8.431073189 0.016976476 0.999823928 0.007984073 -12.924352646 -0.045649089 -0.007201849 0.998931706 131.507171631
0.998885691 -0.017879879 0.043676618 8.634720802 0.017509684 0.999807596 0.008843706 -13.135693550 -0.043826338 -0.008069090 0.999006569 133.739242554
0.998945475 -0.018904228 0.041839574 8.830933571 0.018561123 0.999790967 0.008573864 -13.351975441 -0.041992903 -0.007788233 0.999087572 135.963333130
0.999008358 -0.019838069 0.039856315 9.040249825 0.019529335 0.999776304 0.008120681 -13.560920715 -0.040008493 -0.007334263 0.999172509 138.189392090
0.998987913 -0.020535195 0.040017366 9.203135490 0.020224052 0.999762118 0.008164607 -13.775886536 -0.040175512 -0.007347029 0.999165773 140.458602905
0.998974860 -0.020947501 0.040131159 9.373237610 0.020643132 0.999754906 0.007983917 -13.977201462 -0.040288568 -0.007147299 0.999162555 142.690383911
0.999009848 -0.020891465 0.039279085 9.559315681 0.020531600 0.999743581 0.009542931 -14.204923630 -0.039468382 -0.008727021 0.999182701 144.917297363
0.999028563 -0.020044984 0.039243668 9.736721039 0.019732449 0.999770522 0.008335247 -14.414311409 -0.039401740 -0.007552778 0.999194920 147.150756836
0.999046743 -0.018754227 0.039417394 9.915555954 0.018496476 0.999805152 0.006893653 -14.630295753 -0.039539002 -0.006158001 0.999199033 149.403015137
0.999063730 -0.016976476 0.039792120 10.093536377 0.016746268 0.999841034 0.006111525 -14.848066330 -0.039889555 -0.005439433 0.999189258 151.649383545
0.999086976 -0.016148433 0.039553620 10.283314705 0.015919078 0.999854624 0.006106718 -15.061073303 -0.039646488 -0.005471485 0.999198914 153.873931885
0.999077678 -0.015237930 0.040142797 10.460831642 0.014975991 0.999864578 0.006817849 -15.279912949 -0.040241245 -0.006210383 0.999170721 156.132736206
0.999078810 -0.014623946 0.040344670 10.655319214 0.014318462 0.999866664 0.007850442 -15.496382713 -0.040454093 -0.007265537 0.999155045 158.358047485
0.999042332 -0.013799972 0.041521218 10.827650070 0.013435587 0.999868810 0.009042191 -15.713314056 -0.041640557 -0.008475670 0.999096632 160.624435425
0.999015987 -0.012858467 0.042448029 11.010070801 0.012394400 0.999860704 0.011177744 -15.929183006 -0.042585842 -0.010640625 0.999036133 162.859359741
0.998984575 -0.012285575 0.043346677 11.196029663 0.011882218 0.999883771 0.009550755 -16.124496460 -0.043458980 -0.009026001 0.999014378 165.132614136
0.998939693 -0.011566478 0.044561338 11.386686325 0.011205375 0.999902368 0.008344781 -16.334056854 -0.044653501 -0.007836606 0.998971820 167.375122070
0.998861551 -0.009679043 0.046711035 11.570527077 0.009266674 0.999916255 0.009036548 -16.551084518 -0.046794590 -0.008593405 0.998867512 169.606170654
0.998763025 -0.008836824 0.048931383 11.770027161 0.008380711 0.999919593 0.009518760 -16.773473740 -0.049011562 -0.009096908 0.998756766 171.852096558
0.998646498 -0.009384852 0.051159330 11.972108841 0.008944347 0.999920964 0.008832670 -16.976791382 -0.051238183 -0.008363129 0.998651385 174.111480713
0.998562634 -0.009295586 0.052787237 12.177343369 0.008821401 0.999918699 0.009208900 -17.189252853 -0.052868556 -0.008730005 0.998563349 176.372436523
0.998502731 -0.010065051 0.053768422 12.381902695 0.009537574 0.999903858 0.010057797 -17.400444031 -0.053864490 -0.009529916 0.998502791 178.606002808
0.998448610 -0.011107785 0.054562774 12.579716682 0.010566759 0.999892175 0.010194195 -17.609525681 -0.054670125 -0.009601828 0.998458326 180.836318970
0.998488605 -0.011677461 0.053702708 12.790885925 0.011168553 0.999889910 0.009766761 -17.824951172 -0.053810842 -0.009152219 0.998509228 183.101135254
0.998496950 -0.012884550 0.053273045 13.003581047 0.012368510 0.999873459 0.010005164 -18.042858124 -0.053395219 -0.009331218 0.998529792 185.347564697
0.998499393 -0.014752869 0.052737247 13.217231750 0.014208408 0.999841988 0.010684125 -18.250766754 -0.052886542 -0.009918780 0.998551190 187.585723877
0.998493850 -0.015329568 0.052680869 13.412717819 0.014789680 0.999834120 0.010622934 -18.466659546 -0.052834988 -0.009827800 0.998554885 189.824798584
0.998458743 -0.016326681 0.053044572 13.615561485 0.015798353 0.999821484 0.010364155 -18.676229477 -0.053204317 -0.009510162 0.998538315 192.065383911
0.998445451 -0.017536199 0.052906618 13.817901611 0.017016156 0.999802530 0.010263988 -18.898622513 -0.053076170 -0.009347766 0.998546720 194.321334839
0.998466849 -0.017227616 0.052603435 14.032132149 0.016682813 0.999802709 0.010778421 -19.108604431 -0.052778747 -0.009884323 0.998557329 196.553588867
0.998481512 -0.015779523 0.052779734 14.247967720 0.015198574 0.999819696 0.011390410 -19.321752548 -0.052949950 -0.010570938 0.998541236 198.796463013
0.998505354 -0.012938790 0.053100117 14.449395180 0.012375314 0.999863863 0.010926703 -19.544046402 -0.053234261 -0.010253241 0.998529375 201.052215576
0.998472750 -0.012316693 0.053857714 14.659564972 0.011791987 0.999879956 0.010049457 -19.751832962 -0.053975027 -0.009399018 0.998498023 203.310455322
0.998442948 -0.012951384 0.054260790 14.864292145 0.012370778 0.999862731 0.011022576 -19.961463928 -0.054396108 -0.010334164 0.998465955 205.538574219
0.998390615 -0.014394731 0.054853413 15.070482254 0.013767969 0.999835610 0.011786982 -20.172441483 -0.055014066 -0.011012794 0.998424828 207.757003784
0.998374164 -0.014929098 0.055009201 15.290928841 0.014330748 0.999833941 0.011255695 -20.372512817 -0.055168118 -0.010449075 0.998422384 210.023834229
0.998276889 -0.014462238 0.056869484 15.502386093 0.013788577 0.999830186 0.012220341 -20.577676773 -0.057036556 -0.011415133 0.998306811 212.267639160
0.998182058 -0.013113820 0.058827400 15.729793549 0.012389873 0.999843121 0.012654222 -20.784599304 -0.058984108 -0.011902353 0.998187959 214.504852295
0.998008013 -0.012613678 0.061813269 15.920459747 0.011859381 0.999850750 0.012554618 -20.984739304 -0.061962400 -0.011796539 0.998008788 216.747558594
0.997890770 -0.012753386 0.063650377 16.152477264 0.011948619 0.999844015 0.013008256 -21.188085556 -0.063806362 -0.012220282 0.997887492 218.979919434
0.997753680 -0.014088836 0.065490939 16.383529663 0.013229839 0.999820948 0.013531500 -21.383907318 -0.065669842 -0.012634669 0.997761369 221.205490112
0.997656107 -0.015481590 0.066653192 16.619195938 0.014573111 0.999794483 0.014094648 -21.579732895 -0.066857718 -0.013090267 0.997676671 223.429107666
0.997598946 -0.017762780 0.066939272 16.869375229 0.016894851 0.999765992 0.013509848 -21.786790848 -0.067163579 -0.012346483 0.997665584 225.650588989
0.997574508 -0.019018745 0.066957720 17.116662979 0.018178491 0.999748468 0.013136079 -21.981781006 -0.067190699 -0.011887026 0.997669280 227.904830933
0.997524381 -0.019258587 0.067634962 17.354873657 0.018401343 0.999742568 0.013274797 -22.180559158 -0.067873195 -0.011997358 0.997621834 230.143264771
0.997474492 -0.020542774 0.067990273 17.602270126 0.019761221 0.999730885 0.012147896 -22.381364822 -0.068221547 -0.010773647 0.997612000 232.388412476
0.997439742 -0.021364799 0.068246320 17.848545074 0.020526664 0.999705315 0.012958859 -22.578083038 -0.068503067 -0.011524811 0.997584343 234.626983643
0.997380853 -0.020395668 0.069393761 18.093456268 0.019509414 0.999719501 0.013425275 -22.781360626 -0.069648117 -0.012036283 0.997498989 236.878799438
0.997336864 -0.019872464 0.070173375 18.329700470 0.019001113 0.999734104 0.013062983 -22.973928452 -0.070414297 -0.011694823 0.997449279 239.092285156
0.997304440 -0.019941838 0.070613042 18.570915222 0.019036518 0.999728024 0.013470679 -23.177732468 -0.070862480 -0.012090145 0.997412801 241.301284790
0.997236371 -0.020243492 0.071482778 18.817325592 0.019321585 0.999721229 0.013564989 -23.377075195 -0.071737461 -0.012146340 0.997349560 243.544540405
0.997206450 -0.020642465 0.071785361 19.063636780 0.019761875 0.999720693 0.012955746 -23.583843231 -0.072032757 -0.011500938 0.997335970 245.772567749
0.997216642 -0.020122500 0.071791604 19.323944092 0.019284166 0.999737740 0.012351484 -23.787704468 -0.072021306 -0.010932664 0.997343183 248.012710571
0.997197807 -0.020554570 0.071931042 19.577302933 0.019682378 0.999724150 0.012813441 -23.991638184 -0.072174586 -0.011361764 0.997327328 250.239776611
0.997150362 -0.021859504 0.072203651 19.836669922 0.020977402 0.999696016 0.012952752 -24.195085526 -0.072464846 -0.011401197 0.997305810 252.458068848
0.997157753 -0.022286190 0.071969263 20.107757568 0.021352088 0.999677777 0.013722562 -24.401531219 -0.072251894 -0.012146867 0.997312427 254.720062256
0.997123957 -0.023076423 0.072188564 20.351221085 0.022117896 0.999656618 0.014049478 -24.603788376 -0.072487980 -0.012412412 0.997292042 256.938903809
0.997103930 -0.023406340 0.072359435 20.616498947 0.022416065 0.999644041 0.014467538 -24.812427521 -0.072672330 -0.012803629 0.997273684 259.213317871
0.997069001 -0.023056159 0.072949275 20.872453690 0.022105908 0.999660313 0.013806988 -25.008693695 -0.073242828 -0.012153913 0.997240007 261.454833984
0.997055352 -0.023099575 0.073122591 21.137327194 0.022175565 0.999663949 0.013423269 -25.208707809 -0.073408082 -0.011762206 0.997232616 263.700958252
0.997009933 -0.022236886 0.074003644 21.394187927 0.021332981 0.999688268 0.012982481 -25.410583496 -0.074269265 -0.011364947 0.997173429 265.931701660
0.996933222 -0.021731740 0.075178877 21.656404495 0.020814603 0.999699295 0.012961593 -25.611562729 -0.075437956 -0.011357022 0.997085750 268.179321289
0.996832967 -0.021591326 0.076536708 21.916597366 0.020685269 0.999706447 0.012611314 -25.813365936 -0.076786540 -0.010988192 0.996986985 270.425445557
0.996711373 -0.022282580 0.077909835 22.186187744 0.021338724 0.999688804 0.012926415 -26.017595291 -0.078173608 -0.011221411 0.996876597 272.670867920
0.996551991 -0.023008969 0.079716660 22.439226151 0.021967510 0.999661803 0.013917063 -26.223571777 -0.080009915 -0.012117900 0.996720433 274.903411865
0.996423125 -0.022765109 0.081379011 22.712528229 0.021590717 0.999650061 0.015282201 -26.417320251 -0.081698418 -0.013470507 0.996566057 277.140167236
0.996345580 -0.022407124 0.082422212 22.988121033 0.021105301 0.999638915 0.016632162 -26.623151779 -0.082765117 -0.014831833 0.996458828 279.376312256
0.996246696 -0.022387480 0.083615258 23.272600174 0.020961689 0.999620199 0.017891090 -26.824161530 -0.083984047 -0.016071221 0.996337533 281.612182617
0.996168435 -0.021702187 0.084719636 23.549905777 0.020280257 0.999639213 0.017608758 -27.007616043 -0.085071228 -0.015823154 0.996249139 283.862670898
0.996072114 -0.020684866 0.086095437 23.820905685 0.019284438 0.999668419 0.017066075 -27.196397781 -0.086419880 -0.015338740 0.996140718 286.086334229
0.996075809 -0.020326678 0.086137548 24.113908768 0.019058030 0.999697864 0.015525053 -27.376668930 -0.086427093 -0.013822519 0.996162415 288.346588135
0.996019423 -0.020975100 0.086633012 24.390516281 0.019690067 0.999683499 0.015661130 -27.575580597 -0.086934090 -0.013892982 0.996117294 290.573425293
0.995916188 -0.021372952 0.087716535 24.647201538 0.020188797 0.999692917 0.014364880 -27.762172699 -0.087996632 -0.012535324 0.996041834 292.838531494
0.995919049 -0.021966569 0.087536789 24.931850433 0.020866310 0.999691606 0.013464499 -27.956600189 -0.087805562 -0.011582984 0.996070266 295.065582275
0.995894372 -0.022090957 0.087786168 25.214263916 0.021011261 0.999692023 0.013204335 -28.153057098 -0.088050835 -0.011305626 0.996051967 297.297607422
0.995893180 -0.021340802 0.087984510 25.499252319 0.020254819 0.999707460 0.013217389 -28.348791122 -0.088240832 -0.011380997 0.996034205 299.535156250
0.995841384 -0.021317076 0.088574775 25.769798279 0.020101646 0.999691486 0.014591561 -28.556657791 -0.088858478 -0.012750380 0.995962620 301.766662598
0.995827019 -0.022040505 0.088559218 26.061258316 0.020845892 0.999679089 0.014391889 -28.748846054 -0.088847972 -0.012485736 0.995966911 304.014495850
0.995782077 -0.021169182 0.089274377 26.348728180 0.019921204 0.999691248 0.014847124 -28.949562073 -0.089561112 -0.013006045 0.995896339 306.259460449
0.995756686 -0.021906957 0.089379504 26.635271072 0.020684788 0.999679744 0.014577410 -29.149417877 -0.089670219 -0.012666758 0.995890915 308.507507324
0.995693982 -0.023321243 0.089721210 26.926662445 0.022043165 0.999641299 0.015209774 -29.348352432 -0.090043731 -0.013166540 0.995850801 310.761749268
0.995663524 -0.023230448 0.090081714 27.222480774 0.022012552 0.999652684 0.014490049 -29.545005798 -0.090387046 -0.012444282 0.995828986 312.995361328
0.995679259 -0.022744583 0.090031676 27.523122787 0.021462953 0.999654412 0.015178115 -29.745353699 -0.090345807 -0.013180189 0.995823264 315.234588623
0.995622396 -0.020937636 0.091091715 27.816213608 0.019717185 0.999703646 0.014277488 -29.945367813 -0.091363668 -0.012418916 0.995740175 317.469024658
0.995624065 -0.018971335 0.091503166 28.105052948 0.017703593 0.999735951 0.014646518 -30.142745972 -0.091756873 -0.012962488 0.995697081 319.699951172
0.995577991 -0.018102966 0.092177749 28.393526077 0.016868260 0.999757528 0.014156431 -30.342979431 -0.092411667 -0.012538953 0.995641947 321.921020508
0.995542586 -0.017709618 0.092634536 28.683263779 0.016405381 0.999755561 0.014822019 -30.541564941 -0.092874385 -0.013236249 0.995589793 324.162750244
0.995547414 -0.017093135 0.092699155 28.980457306 0.015654158 0.999745727 0.016228136 -30.746900558 -0.092952952 -0.014704754 0.995561838 326.379699707
0.995476246 -0.018002719 0.093289278 29.263816833 0.016561529 0.999731600 0.016199917 -30.946811676 -0.093555883 -0.014581620 0.995507240 328.626617432
0.995466709 -0.019392900 0.093112200 29.568012238 0.018033236 0.999718428 0.015421734 -31.139795303 -0.093385056 -0.013672709 0.995536149 330.860382080
0.995474756 -0.019168343 0.093073107 29.863069534 0.017819811 0.999724150 0.015298555 -31.338340759 -0.093340680 -0.013570778 0.995541871 333.073760986
0.995437801 -0.019127181 0.093476109 30.155838013 0.017677432 0.999710619 0.016312869 -31.531909943 -0.093761101 -0.014586031 0.995487809 335.307495117
0.995477974 -0.019596618 0.092948429 30.466098785 0.018160351 0.999702573 0.016273111 -31.724411011 -0.093239672 -0.014511543 0.995537937 337.540252686
0.995451689 -0.019075857 0.093337610 30.752712250 0.017597722 0.999706864 0.016633997 -31.923187256 -0.093627557 -0.014915816 0.995495558 339.775451660
0.995492637 -0.019198932 0.092874929 31.056974411 0.017754555 0.999708533 0.016353294 -32.119148254 -0.093161836 -0.014630630 0.995543480 342.022552490
0.995468497 -0.019319711 0.093108326 31.349279404 0.017829098 0.999699593 0.016814830 -32.311946869 -0.093405217 -0.015078595 0.995513976 344.270904541
0.995503128 -0.018956847 0.092813626 31.649175644 0.017452322 0.999703348 0.016995173 -32.505588531 -0.093108267 -0.015298934 0.995538473 346.510620117
0.995537162 -0.018694179 0.092499562 31.942489624 0.017221050 0.999712229 0.016698483 -32.694572449 -0.092785105 -0.015031021 0.995572686 348.746002197
0.995521247 -0.018374208 0.092735194 32.234859467 0.016850587 0.999710321 0.017186232 -32.893096924 -0.093024112 -0.015546616 0.995542467 350.986846924
0.995562375 -0.018508596 0.092265569 32.530384064 0.016960802 0.999702394 0.017531468 -33.084728241 -0.092562594 -0.015888767 0.995580077 353.209350586
0.995582044 -0.017794251 0.092193425 32.821556091 0.016276795 0.999719739 0.017185388 -33.280490875 -0.092473403 -0.015608851 0.995592833 355.449890137
0.995601296 -0.017929476 0.091959223 33.118347168 0.016369196 0.999709427 0.017693412 -33.473224640 -0.092249721 -0.016110284 0.995605528 357.685546875
0.995664954 -0.017523730 0.091346115 33.418422699 0.015889226 0.999700904 0.018590147 -33.668251038 -0.091644585 -0.017058138 0.995645642 359.930450439
0.995732665 -0.017686037 0.090574034 33.723827362 0.016059065 0.999696910 0.018660374 -33.863204956 -0.090876602 -0.017126212 0.995714843 362.176055908
0.995785058 -0.017738387 0.089984983 34.025489807 0.016087957 0.999689400 0.019033521 -34.052730560 -0.090294659 -0.017505625 0.995761156 364.414062500
0.995827138 -0.017665135 0.089533284 34.321296692 0.016095256 0.999704361 0.018225817 -34.243518829 -0.089828797 -0.016708700 0.995817006 366.673187256
0.995858371 -0.018271875 0.089062579 34.612438202 0.016720857 0.999695837 0.018130070 -34.436408997 -0.089366749 -0.016565779 0.995860994 368.916442871
0.995859385 -0.018134801 0.089080133 34.898670197 0.016676407 0.999714851 0.017088786 -34.620750427 -0.089364633 -0.015532490 0.995877862 371.182891846
0.995921910 -0.019048318 0.088187166 35.192787170 0.017557336 0.999689996 0.017652018 -34.822719574 -0.088496067 -0.016031697 0.995947480 373.401733398
0.995965123 -0.018926680 0.087722622 35.486213684 0.017385982 0.999681473 0.018294247 -35.009017944 -0.088040926 -0.016695293 0.995976925 375.657867432
0.995961368 -0.019233262 0.087697826 35.768249512 0.017674137 0.999672234 0.018520437 -35.197250366 -0.088025272 -0.016895654 0.995974958 377.908020020
0.995957553 -0.019758759 0.087624922 36.054695129 0.018190527 0.999660373 0.018659700 -35.389163971 -0.087963849 -0.016990323 0.995978713 380.142486572
0.995945156 -0.020005913 0.087710038 36.341648102 0.018435797 0.999655545 0.018674932 -35.576656342 -0.088053457 -0.016982201 0.995970964 382.382354736
0.995937169 -0.019231699 0.087973006 36.627643585 0.017613349 0.999661744 0.019135423 -35.771827698 -0.088311255 -0.017508175 0.995939076 384.630554199
0.995950878 -0.017737379 0.088131882 36.913028717 0.016110517 0.999687195 0.019136626 -35.956562042 -0.088443741 -0.017639287 0.995924950 386.870849609
0.995976627 -0.016600613 0.088064000 37.213169098 0.014969888 0.999704599 0.019145811 -36.154911041 -0.088355839 -0.017750472 0.995930731 389.145690918
0.995967448 -0.015045773 0.088444531 37.498241425 0.013405564 0.999727428 0.019109901 -36.346435547 -0.088707931 -0.017847190 0.995897710 391.422027588
0.995991468 -0.013860843 0.088367060 37.789657593 0.012075916 0.999712765 0.020701734 -36.537647247 -0.088628612 -0.019551637 0.995872855 393.685089111
0.995918095 -0.012351562 0.089412421 38.070556641 0.010505393 0.999722421 0.021089025 -36.727729797 -0.089648090 -0.020063628 0.995771348 395.955993652
0.995864630 -0.011958155 0.090058222 38.360065460 0.010226496 0.999754310 0.019665159 -36.923336029 -0.090271257 -0.018662859 0.995742261 398.221221924
0.995822132 -0.011791228 0.090549238 38.649860382 0.010105851 0.999767423 0.019048838 -37.113830566 -0.090752773 -0.018054174 0.995709896 400.485412598
0.995667577 -0.012678861 0.092115976 38.926776886 0.010880071 0.999740660 0.020003481 -37.297470093 -0.092345707 -0.018914584 0.995547354 402.731872559
0.995647311 -0.013873129 0.092162468 39.228027344 0.011960359 0.999702156 0.021274358 -37.491283417 -0.092430152 -0.020079464 0.995516658 405.004547119
0.995589614 -0.014391624 0.092704602 39.519527435 0.012483996 0.999698997 0.021124655 -37.676788330 -0.092980713 -0.019874169 0.995469630 407.261352539
0.995555103 -0.013442427 0.093216583 39.828807831 0.011595244 0.999726057 0.020329446 -37.865051270 -0.093464337 -0.019158214 0.995438218 409.511169434
0.995509028 -0.012484401 0.093839943 40.131019592 0.010595048 0.999731541 0.020605125 -38.057044983 -0.094071992 -0.019518344 0.995374024 411.767700195
0.995438159 -0.011341973 0.094732560 40.425788879 0.009461950 0.999749660 0.020271253 -38.245323181 -0.094938770 -0.019282425 0.995296359 414.012451172
0.995354235 -0.010098667 0.095749475 40.732559204 0.008197121 0.999761641 0.020232169 -38.430908203 -0.095930979 -0.019353304 0.995199800 416.286254883
0.995315194 -0.010423640 0.096119918 41.046798706 0.008529302 0.999761581 0.020097945 -38.621646881 -0.096306518 -0.019183950 0.995166838 418.540740967
0.995197594 -0.010436642 0.097328410 41.343700409 0.008521223 0.999762177 0.020074923 -38.807384491 -0.097514778 -0.019149154 0.995049834 420.791839600
0.995109141 -0.010438067 0.098228820 41.644187927 0.008530868 0.999767244 0.019815877 -38.999084473 -0.098412812 -0.018880984 0.994966567 423.049407959
0.995030820 -0.010814779 0.098978415 41.955329895 0.008777886 0.999741137 0.020991569 -39.187347412 -0.099179797 -0.020018438 0.994868159 425.318420410
0.994983077 -0.009994190 0.099542685 42.263587952 0.007878467 0.999735057 0.021624908 -39.371181488 -0.099732451 -0.020732176 0.994798303 427.567535400
0.994912863 -0.009456941 0.100293979 42.580566406 0.007252373 0.999724507 0.022322923 -39.555351257 -0.100477450 -0.021481995 0.994707346 429.846954346
0.994893193 -0.009595925 0.100475691 42.893829346 0.007356051 0.999716580 0.022639511 -39.746627808 -0.100664459 -0.021784794 0.994681895 432.103363037
0.994871795 -0.010455307 0.100602053 43.216564178 0.008274918 0.999722123 0.022066357 -39.940605164 -0.100804821 -0.021120725 0.994682014 434.368560791
0.994861245 -0.009630764 0.100788862 43.538986206 0.007432334 0.999726713 0.022165064 -40.113792419 -0.100974798 -0.021302063 0.994660914 436.633605957
0.994815588 -0.009994859 0.101203203 43.859668732 0.007750681 0.999715745 0.022543957 -40.302463531 -0.101399764 -0.021642689 0.994610310 438.919494629
0.994850218 -0.010042546 0.100857340 44.185047150 0.007787741 0.999711335 0.022725308 -40.483802795 -0.101056457 -0.021822823 0.994641244 441.189300537
0.994797170 -0.009488123 0.101432860 44.499717712 0.007088734 0.999687076 0.023989288 -40.687320709 -0.101628728 -0.023145441 0.994553089 443.436614990
0.994780242 -0.010136369 0.101536095 44.828876495 0.007733444 0.999681294 0.024031468 -40.868309021 -0.101747334 -0.023120807 0.994541526 445.714721680
0.994777262 -0.009942790 0.101583570 45.149089813 0.007587112 0.999693990 0.023549655 -41.052669525 -0.101786621 -0.022655936 0.994548261 447.980560303
0.994808793 -0.009570515 0.101311035 45.474056244 0.007232777 0.999699712 0.023417084 -41.239624023 -0.101504713 -0.022562763 0.994579077 450.243255615
0.994755387 -0.008851484 0.101898603 45.789707184 0.006539387 0.999714017 0.023001902 -41.425724030 -0.102073081 -0.022214912 0.994528830 452.505340576
0.994673133 -0.008134977 0.102757573 46.103748322 0.005800735 0.999718726 0.022994453 -41.600044250 -0.102915742 -0.022275897 0.994440615 454.780731201
0.994630456 -0.008303774 0.103156626 46.415039062 0.005981887 0.999722183 0.022797383 -41.790687561 -0.103317276 -0.022057896 0.994403839 457.041992188
0.994651496 -0.007607394 0.103006601 46.745628357 0.005331722 0.999735951 0.022349827 -41.979034424 -0.103149436 -0.021681091 0.994429469 459.322631836
0.994609356 -0.006651164 0.103479631 47.065467834 0.004310866 0.999730229 0.022823265 -42.163524628 -0.103603519 -0.022254141 0.994369686 461.607330322
0.994630277 -0.006274219 0.103301518 47.388057709 0.003801329 0.999701858 0.024118062 -42.346942902 -0.103422038 -0.023595875 0.994357586 463.880157471
0.994680047 -0.006295436 0.102820158 47.704357147 0.003800565 0.999694109 0.024442308 -42.524215698 -0.102942586 -0.023921508 0.994399607 466.145935059
0.994714737 -0.006061410 0.102497816 48.022991180 0.003693664 0.999722421 0.023274494 -42.705520630 -0.102610439 -0.022772891 0.994460881 468.428070068
0.994822741 -0.006104544 0.101441026 48.361469269 0.003801754 0.999730945 0.022878628 -42.893371582 -0.101553395 -0.022374528 0.994578362 470.727233887
0.994932592 -0.006837056 0.100312807 48.687145233 0.004429966 0.999697328 0.024199024 -43.085998535 -0.100447908 -0.023632010 0.994661570 473.008758545
0.994880140 -0.007115204 0.100810945 48.991588593 0.004624859 0.999678969 0.024915341 -43.274208069 -0.100955844 -0.024321543 0.994593620 475.289855957
0.994960070 -0.006044035 0.100089341 49.307838440 0.003716003 0.999718606 0.023429660 -43.427764893 -0.100202784 -0.022939645 0.994702578 477.585418701
0.994988203 -0.006075265 0.099806905 49.626430511 0.003705297 0.999707162 0.023913752 -43.609886169 -0.099922962 -0.023424089 0.994719386 479.866821289
0.995011389 -0.006752444 0.099532343 49.943988800 0.004326048 0.999688685 0.024573676 -43.793800354 -0.099667273 -0.024020499 0.994730949 482.136901855
0.995057464 -0.007320115 0.099030457 50.259628296 0.004985176 0.999704182 0.023804938 -43.975105286 -0.099175416 -0.023193594 0.994799614 484.415344238
0.995125115 -0.007783026 0.098313250 50.577003479 0.005404161 0.999686658 0.024439961 -44.165081024 -0.098472662 -0.023789518 0.994855344 486.700592041
0.995155096 -0.006855239 0.098077543 50.866645813 0.004512250 0.999699593 0.024091037 -44.334320068 -0.098213226 -0.023531770 0.994887114 488.977233887
0.995160282 -0.006376681 0.098057389 51.178684235 0.003995585 0.999692738 0.024459910 -44.509979248 -0.098183222 -0.023949733 0.994880140 491.283233643
0.995222569 -0.005689723 0.097466432 51.497474670 0.003272093 0.999683440 0.024946652 -44.689586639 -0.097577520 -0.024508553 0.994926095 493.569885254
0.995211184 -0.004993948 0.097620189 51.799282074 0.002621475 0.999698460 0.024416286 -44.864177704 -0.097712681 -0.024043454 0.994924188 495.870849609
0.995233357 -0.004586333 0.097414188 52.121295929 0.002264888 0.999711096 0.023927892 -45.050399780 -0.097495794 -0.023593200 0.994956195 498.177429199
0.995257437 -0.004675766 0.097163416 52.428226471 0.002280030 0.999691010 0.024753189 -45.232429504 -0.097249150 -0.024414256 0.994960546 500.467132568
0.995268703 -0.003958783 0.097079851 52.734268188 0.001538983 0.999686539 0.024988091 -45.415534973 -0.097148344 -0.024720462 0.994962871 502.746978760
0.995305359 -0.003129018 0.096733809 53.049785614 0.000789547 0.999706507 0.024213443 -45.597625732 -0.096781179 -0.024023397 0.995015740 505.029754639
0.995320261 -0.002815610 0.096589319 53.356330872 0.000416118 0.999691010 0.024853364 -45.779235840 -0.096629448 -0.024696866 0.995013952 507.318969727
0.995330095 -0.003226200 0.096475653 53.667816162 0.000912858 0.999711156 0.024013037 -45.964076996 -0.096525252 -0.023812830 0.995045662 509.614440918
0.995370448 -0.003727312 0.096040174 53.985481262 0.001351408 0.999691725 0.024791835 -46.151134491 -0.096102975 -0.024547270 0.995068610 511.911560059
0.995379388 -0.003518940 0.095955558 54.294219971 0.001129236 0.999688148 0.024947217 -46.331386566 -0.096013427 -0.024723589 0.995072961 514.213745117
0.995403409 -0.002640271 0.095734678 54.603935242 0.000266896 0.999692500 0.024795512 -46.514392853 -0.095770709 -0.024655985 0.995097995 516.517822266
0.995367467 -0.001736367 0.096127562 54.903331757 -0.000631689 0.999697208 0.024598604 -46.698684692 -0.096141174 -0.024545372 0.995065033 518.818237305
0.995305419 0.000244489 0.096783660 55.212936401 -0.002661243 0.999687970 0.024842376 -46.886825562 -0.096747376 -0.024983319 0.994995356 521.159301758
0.995238304 0.002305343 0.097444236 55.523902893 -0.004772048 0.999673843 0.025088537 -47.067726135 -0.097354628 -0.025434084 0.994924724 523.480041504
0.995198011 0.002919904 0.097838573 55.840854645 -0.005509874 0.999641180 0.026212160 -47.242767334 -0.097726934 -0.026625365 0.994857073 525.797607422
0.995142341 0.002574737 0.098413929 56.155372620 -0.005158755 0.999648333 0.026011202 -47.421588898 -0.098312348 -0.026392536 0.994805694 528.113708496
0.995096445 0.000763840 0.098906569 56.465873718 -0.003485590 0.999619842 0.027348517 -47.598556519 -0.098848082 -0.027559157 0.994720817 530.424499512
0.995039701 -0.000678346 0.099476404 56.789108276 -0.002011287 0.999635160 0.026935112 -47.772361755 -0.099458396 -0.027001584 0.994675279 532.746887207
0.995015621 -0.000851059 0.099714853 57.107131958 -0.001796038 0.999648333 0.026453886 -47.951210022 -0.099702321 -0.026501123 0.994664311 535.059326172
0.994922280 -0.001042117 0.100640811 57.422996521 -0.001614335 0.999652445 0.026310328 -48.131355286 -0.100633264 -0.026339203 0.994574845 537.375488281
0.994851470 -0.000758229 0.101340689 57.741176605 -0.001870416 0.999664307 0.025841152 -48.318016052 -0.101326264 -0.025897659 0.994516134 539.695007324
0.994752884 0.000013655 0.102306165 58.058872223 -0.002633372 0.999672055 0.025471622 -48.498867035 -0.102272265 -0.025607383 0.994426787 542.021057129
0.994687200 0.000393690 0.102941915 58.390132904 -0.002937004 0.999694228 0.024555886 -48.679645538 -0.102900766 -0.024727771 0.994384229 544.343811035
0.994520724 0.000597605 0.104537569 58.694278717 -0.003234163 0.999680817 0.025053468 -48.864044189 -0.104489237 -0.025254285 0.994205236 546.664855957
0.994461834 0.000801081 0.105095029 59.019447327 -0.003527896 0.999661863 0.025762854 -49.046367645 -0.105038844 -0.025990941 0.994128406 548.980285645
0.994318843 0.000901647 0.106438980 59.328994751 -0.003639744 0.999667346 0.025533125 -49.221374512 -0.106380552 -0.025775479 0.993991315 551.280090332
0.994381785 -0.001007190 0.105847627 59.669589996 -0.001703231 0.999673009 0.025513304 -49.419754028 -0.105838709 -0.025550244 0.994055033 553.579467773
0.994427025 -0.001212728 0.105420113 60.015007019 -0.001561710 0.999654651 0.026231375 -49.603801727 -0.105415523 -0.026249828 0.994081736 555.895996094
0.994356632 -0.000997707 0.106084168 60.340072632 -0.001831885 0.999645233 0.026572291 -49.781204224 -0.106073044 -0.026616666 0.994002044 558.200622559
0.994326234 -0.000425703 0.106372833 60.677497864 -0.002536580 0.999612868 0.027711272 -49.961601257 -0.106343441 -0.027823867 0.993940115 560.531799316
0.994339466 -0.001193715 0.106242888 61.021656036 -0.001833775 0.999595165 0.028393680 -50.140155792 -0.106233768 -0.028427783 0.993934751 562.862548828
0.994298875 -0.000609684 0.106627084 61.357612610 -0.002513139 0.999571860 0.029150514 -50.313938141 -0.106599197 -0.029252294 0.993871629 565.182861328
0.994231820 0.000400347 0.107252926 61.698104858 -0.003482454 0.999586284 0.028551055 -50.492755890 -0.107197151 -0.028759869 0.993821740 567.505493164
0.994236171 0.001427474 0.107202247 62.050533295 -0.004357968 0.999623179 0.027106829 -50.664112091 -0.107123144 -0.027417777 0.993867576 569.842712402
0.994209886 0.001826888 0.107440986 62.400760651 -0.004748402 0.999625742 0.026942262 -50.839633942 -0.107351556 -0.027296431 0.993846357 572.160644531
0.994224012 0.001727739 0.107310832 62.748954773 -0.004800961 0.999585509 0.028386775 -51.029811859 -0.107217304 -0.028738013 0.993820190 574.536071777
0.994226515 0.001694288 0.107288592 63.097763062 -0.004943771 0.999536753 0.030028576 -51.213218689 -0.107188016 -0.030385613 0.993774295 576.844116211
0.994105041 0.002124028 0.108400263 63.426265717 -0.005174657 0.999598205 0.027868727 -51.382839203 -0.108297519 -0.028265383 0.993716538 579.244018555
0.994149804 0.001471873 0.107999548 63.775199890 -0.004499574 0.999603570 0.027796054 -51.555160522 -0.107915811 -0.028119396 0.993762314 581.581665039
0.994111896 0.000719449 0.108355984 64.115966797 -0.003920963 0.999561906 0.029336104 -51.741317749 -0.108287394 -0.029588230 0.993679345 583.891662598
0.994188547 0.000937087 0.107648589 64.463447571 -0.004107940 0.999564052 0.029237621 -51.913215637 -0.107574277 -0.029509928 0.993758976 586.208496094
0.994127750 -0.001857558 0.108196259 64.813369751 -0.001224531 0.999595642 0.028412690 -52.097667694 -0.108205289 -0.028378334 0.993723392 588.558776855
0.994189322 -0.002238926 0.107622012 65.169998169 -0.000796467 0.999603331 0.028152950 -52.267517090 -0.107642345 -0.028075077 0.993793190 590.905822754
0.994209468 -0.004125861 0.107379660 65.513038635 0.001045402 0.999586701 0.028728036 -52.445571899 -0.107453816 -0.028449431 0.993802905 593.243041992
0.994260728 -0.004955203 0.106869489 65.869316101 0.001860164 0.999576509 0.029041193 -52.623931885 -0.106968135 -0.028675722 0.993848979 595.602722168
