1.000000000 0.000000000 0.000000000 0.000000000 0.000000000 1.000000000 0.000000000 0.000000000 0.000000000 0.000000000 1.000000000 0.000000000
0.999999881 0.000174289 0.000467398 0.085914806 -0.000174216 1.000000000 -0.000155532 -0.225886956 -0.000467425 0.000155450 0.999999881 2.290648937
0.999999166 0.000552107 0.001268776 0.162999198 -0.000552589 0.999999762 0.000379672 -0.463266701 -0.001268567 -0.000380372 0.999999046 4.590353489
0.999998450 0.000255268 0.001751898 0.261237383 -0.000256312 0.999999762 0.000595720 -0.695061266 -0.001751746 -0.000596168 0.999998271 6.879776478
0.999996424 0.000202520 0.002666984 0.352681905 -0.000199888 0.999999464 -0.000987177 -0.928580403 -0.002667182 0.000986641 0.999995887 9.176480293
0.999986827 0.001979514 0.004726337 0.444447041 -0.001981710 0.999997914 0.000459987 -1.165148139 -0.004725417 -0.000469347 0.999988735 11.481506348
0.999966383 0.003789864 0.007271556 0.531202376 -0.003799759 0.999991894 0.001347500 -1.391827583 -0.007266389 -0.001375085 0.999972641 13.788389206
0.999948323 0.003621681 0.009496724 0.640431404 -0.003659677 0.999985337 0.003986687 -1.620810270 -0.009482147 -0.004021237 0.999946952 16.059061050
0.999940157 0.003625257 0.010331933 0.757469118 -0.003674964 0.999981701 0.004796075 -1.847749829 -0.010314358 -0.004833756 0.999935091 18.413743973
0.999930203 0.002820964 0.011473251 0.875657737 -0.002878345 0.999983370 0.004987803 -2.073056936 -0.011458991 -0.005020478 0.999921799 20.700933456
0.999924719 0.000489078 0.012261596 0.990040898 -0.000524150 0.999995708 0.002857246 -2.304075480 -0.012260146 -0.002863458 0.999920726 23.030241013
0.999911666 -0.001781547 0.013172817 1.097449422 0.001771940 0.999998152 0.000740939 -2.523559332 -0.013174115 -0.000717532 0.999912918 25.312866211
0.999913871 -0.002500106 0.012883505 1.240324497 0.002496217 0.999996841 0.000317951 -2.774164677 -0.012884258 -0.000285764 0.999916911 27.631877899
0.999903500 -0.002193997 0.013715074 1.349093318 0.002202679 0.999997377 -0.000617955 -3.000776052 -0.013713685 0.000648106 0.999905765 29.919229507
0.999885142 0.000320385 0.015148102 1.460736394 -0.000343332 0.999998808 0.001512309 -3.227058172 -0.015147603 -0.001517337 0.999884129 32.197341919
0.999880731 0.002377934 0.015264835 1.590346575 -0.002434017 0.999990404 0.003656480 -3.448065758 -0.015255994 -0.003693198 0.999876857 34.479125977
0.999842703 0.004870816 0.017054776 1.703806877 -0.005003889 0.999957323 0.007768716 -3.680936813 -0.017016202 -0.007852835 0.999824345 36.780475616
0.999821544 0.006674600 0.017668616 1.824458599 -0.006804522 0.999950171 0.007303401 -3.900229692 -0.017618984 -0.007422323 0.999817312 39.053096771
0.999803662 0.005323751 0.019087516 1.941803932 -0.005435482 0.999968290 0.005806475 -4.104379177 -0.019055996 -0.005909085 0.999800980 41.336036682
0.999812067 0.002918329 0.019168532 2.067811251 -0.003008361 0.999984562 0.004669704 -4.329581261 -0.019154606 -0.004726493 0.999805391 43.614223480
0.999817669 0.003370210 0.018802846 2.210661411 -0.003450028 0.999985158 0.004214160 -4.563473225 -0.018788368 -0.004278261 0.999814451 45.868850708
0.999813139 0.002903361 0.019110193 2.335827112 -0.002966390 0.999990225 0.003270651 -4.792390823 -0.019100515 -0.003326728 0.999812007 48.140544891
0.999819756 0.001365348 0.018935038 2.475105762 -0.001433695 0.999992490 0.003596397 -5.020750046 -0.018929984 -0.003622896 0.999814272 50.423255920
0.999801159 0.000461136 0.019936213 2.604034424 -0.000539663 0.999992132 0.003933714 -5.244280338 -0.019934243 -0.003943691 0.999793530 52.688461304
0.999793112 -0.000784048 0.020331113 2.738063812 0.000706642 0.999992490 0.003814169 -5.472423077 -0.020333953 -0.003799012 0.999786019 54.971443176
0.999762237 -0.001007548 0.021777909 2.854844093 0.000911795 0.999989867 0.004406270 -5.703200817 -0.021782123 -0.004385365 0.999753118 57.271362305
0.999747276 -0.002322587 0.022359595 2.994278908 0.002209199 0.999984503 0.005094497 -5.928620338 -0.022371078 -0.005043813 0.999737024 59.540157318
0.999712527 -0.003890686 0.023659287 3.124905109 0.003786073 0.999982893 0.004464846 -6.151281834 -0.023676254 -0.004373987 0.999710023 61.803642273
0.999693811 -0.004549380 0.024321504 3.272493839 0.004447131 0.999981046 0.004256491 -6.374372959 -0.024340406 -0.004147027 0.999695122 64.057395935
0.999661565 -0.003921695 0.025714109 3.410547256 0.003797660 0.999980927 0.004870670 -6.596452713 -0.025732713 -0.004771369 0.999657452 66.328025818
0.999641597 -0.002994256 0.026603378 3.559490204 0.002855346 0.999982119 0.005257978 -6.823334217 -0.026618645 -0.005180132 0.999632239 68.590156555
0.999605417 -0.003159711 0.027911348 3.697596550 0.003024535 0.999983490 0.004883938 -7.046797276 -0.027926318 -0.004797593 0.999598444 70.847396851
0.999595940 -0.004040077 0.028135434 3.859395504 0.003944964 0.999986291 0.003435172 -7.269101143 -0.028148927 -0.003322790 0.999598205 73.101905823
0.999582589 -0.005027518 0.028450374 4.019488811 0.004920534 0.999980688 0.003829092 -7.495646000 -0.028469069 -0.003687503 0.999587834 75.380828857
0.999543488 -0.006236193 0.029561745 4.180286407 0.006137022 0.999975264 0.003444262 -7.728422165 -0.029582495 -0.003261269 0.999557018 77.647880554
0.999529719 -0.007080554 0.029834501 4.330754757 0.006983323 0.999969959 0.003361931 -7.959806442 -0.029857406 -0.003152006 0.999549210 79.911094666
0.999501586 -0.007574696 0.030645698 4.479772091 0.007478970 0.999966800 0.003237071 -8.178971291 -0.030669196 -0.003006260 0.999525070 82.164726257
0.999479413 -0.006993971 0.031496253 4.647766113 0.006904579 0.999971807 0.002946035 -8.407332420 -0.031515982 -0.002727032 0.999499440 84.443374634
0.999430537 -0.006722796 0.033065535 4.805631638 0.006617744 0.999972761 0.003285527 -8.624148369 -0.033086721 -0.003064836 0.999447763 86.695884705
0.999427497 -0.006442342 0.033213403 4.972514629 0.006278492 0.999967635 0.005035203 -8.863094330 -0.033244766 -0.004823790 0.999435604 88.980682373
0.999395490 -0.005296441 0.034358691 5.130216122 0.005102699 0.999970615 0.005724017 -9.090074539 -0.034388009 -0.005545234 0.999393165 91.239738464
0.999366760 -0.005234474 0.035193659 5.296146393 0.005039116 0.999971390 0.005637350 -9.309439659 -0.035222158 -0.005456435 0.999364614 93.495048523
0.999348819 -0.005731715 0.035625041 5.466787338 0.005555835 0.999971867 0.005033989 -9.523637772 -0.035652891 -0.004832785 0.999352574 95.749717712
0.999319613 -0.006190137 0.036358718 5.634043217 0.005996597 0.999967217 0.005429687 -9.745003700 -0.036391150 -0.005207964 0.999323964 98.006156921
0.999279022 -0.005824041 0.037516676 5.794199944 0.005629472 0.999970078 0.005289788 -9.978539467 -0.037546366 -0.005074775 0.999282002 100.248649597
0.999195397 -0.005797253 0.039685167 5.944486141 0.005550760 0.999964654 0.006318580 -10.192255020 -0.039720386 -0.006093213 0.999192238 102.472724915
0.999222100 -0.006643657 0.038872182 6.150748253 0.006405948 0.999959946 0.006236500 -10.416687012 -0.038912058 -0.005982637 0.999224663 104.755744934
0.999189377 -0.007147931 0.039616723 6.326575279 0.006878234 0.999952197 0.006939754 -10.631357193 -0.039664440 -0.006661635 0.999190807 106.993904114
0.999160588 -0.008536576 0.040064160 6.509441853 0.008259954 0.999940932 0.007064911 -10.845962524 -0.040122099 -0.006728053 0.999172151 109.250411987
0.999124467 -0.009706193 0.040695716 6.690936089 0.009381907 0.999922693 0.008151936 -11.072353363 -0.040771704 -0.007762995 0.999138355 111.509735107
0.999103010 -0.010406956 0.041049462 6.880729675 0.010143363 0.999926627 0.006624445 -11.288616180 -0.041115385 -0.006202124 0.999135137 113.773971558
0.999058902 -0.010663574 0.042040721 7.061028481 0.010418518 0.999927461 0.006043786 -11.508594513 -0.042102117 -0.005600097 0.999097586 116.021438599
0.999027550 -0.011087166 0.042671438 7.243092537 0.010823083 0.999920845 0.006414840 -11.732264519 -0.042739186 -0.005946764 0.999068558 118.268302917
0.998977304 -0.011378465 0.043758772 7.432181358 0.011076267 0.999913156 0.007142236 -11.952857971 -0.043836240 -0.006650247 0.999016583 120.538078308
0.998955011 -0.011997482 0.044102401 7.630392075 0.011653994 0.999899745 0.008037272 -12.176210403 -0.044194408 -0.007514902 0.998994708 122.744300842
0.998912215 -0.013260324 0.044704057 7.836788654 0.012958546 0.999891222 0.007033643 -12.396368980 -0.044792466 -0.006446694 0.998975456 125.065132141
0.998875976 -0.013909451 0.045316309 8.019947052 0.013634264 0.999886692 0.006376021 -12.618619919 -0.045399874 -0.005750999 0.998952329 127.327484131
0.998856306 -0.015618882 0.045188282 8.208320618 0.015329197 0.999859691 0.006750138 -12.833077431 -0.045287374 -0.006049718 0.998955667 129.581161499
0.998879969 -0.016823718 0.044223964 8.395421028 0.016540665 0.999840379 0.006758596 -13.042546272 -0.044330612 -0.006019532 0.998998880 131.830505371
0.998934865 -0.016944772 0.042919368 8.590560913 0.016604165 0.999827862 0.008280070 -13.260966301 -0.043052275 -0.007558611 0.999044240 134.070007324
0.998991191 -0.018166646 0.041068431 8.775106430 0.017863574 0.999810517 0.007734804 -13.480442047 -0.041201163 -0.006993371 0.999126375 136.325271606
0.999061465 -0.018961219 0.038946096 8.983166695 0.018680962 0.999796987 0.007547367 -13.694298744 -0.039081298 -0.006812732 0.999212801 138.548629761
0.999055922 -0.019477075 0.038832478 9.150678635 0.019195409 0.999786794 0.007613092 -13.917433739 -0.038972478 -0.006860501 0.999216735 140.851593018
0.999048710 -0.019800667 0.038857020 9.319535255 0.019517923 0.999780357 0.007642408 -14.122899055 -0.038999807 -0.006876730 0.999215543 143.084472656
0.999093235 -0.019656967 0.037767328 9.502348900 0.019318193 0.999769986 0.009314197 -14.350624084 -0.037941728 -0.008576155 0.999243140 145.329238892
0.999113381 -0.018796574 0.037670951 9.675358772 0.018502470 0.999795675 0.008140640 -14.560907364 -0.037816271 -0.007436418 0.999257028 147.582870483
0.999130070 -0.017607104 0.037801031 9.851607323 0.017369570 0.999827266 0.006603165 -14.775197029 -0.037910763 -0.005940833 0.999263465 149.832412720
0.999141693 -0.016142510 0.038147990 10.026002884 0.015935419 0.999856651 0.005726478 -14.993743896 -0.038234960 -0.005113658 0.999255717 152.080108643
0.999147534 -0.015350550 0.038322221 10.207143784 0.015138507 0.999868512 0.005817263 -15.208470345 -0.038406480 -0.005232162 0.999248505 154.329269409
0.999132991 -0.014726994 0.038941093 10.385444641 0.014499801 0.999876201 0.006110319 -15.421716690 -0.039026257 -0.005540384 0.999222815 156.579223633
0.999142051 -0.013084758 0.039291300 10.559453964 0.012783396 0.999886990 0.007911392 -15.648685455 -0.039390381 -0.007402329 0.999196470 158.835083008
0.999092162 -0.012427364 0.040748861 10.737102509 0.012071013 0.999886870 0.008979536 -15.863908768 -0.040855844 -0.008479504 0.999129057 161.071868896
0.999059558 -0.010882538 0.041970253 10.896786690 0.010433609 0.999886096 0.010900624 -16.083839417 -0.042084098 -0.010452473 0.999059379 163.365188599
0.999025404 -0.010419180 0.042891674 11.078350067 0.009999298 0.999900103 0.009992251 -16.283933640 -0.042991504 -0.009553627 0.999029696 165.628936768
0.998991549 -0.009808112 0.043814376 11.271986961 0.009439467 0.999918342 0.008612764 -16.493200302 -0.043895278 -0.008190494 0.999002576 167.877288818
0.998930216 -0.008053587 0.045537014 11.456600189 0.007653804 0.999930620 0.008946853 -16.704601288 -0.045605905 -0.008588749 0.998922646 170.110549927
0.998789668 -0.007618930 0.048590928 11.642867088 0.007182549 0.999932349 0.009148994 -16.929761887 -0.048657343 -0.008788914 0.998776853 172.402343750
0.998668849 -0.007607074 0.051016573 11.840440750 0.007152955 0.999933183 0.009078084 -17.142059326 -0.051082224 -0.008701079 0.998656571 174.672225952
0.998595595 -0.007832537 0.052397706 12.050587654 0.007342342 0.999927521 0.009541214 -17.355415344 -0.052468639 -0.009143093 0.998580694 176.926574707
0.998547733 -0.008088018 0.053264692 12.255488396 0.007540727 0.999916792 0.010467921 -17.563283920 -0.053344920 -0.010051064 0.998525560 179.153732300
0.998538911 -0.009591667 0.053177804 12.464130402 0.009072279 0.999908805 0.009999859 -17.776968002 -0.053268872 -0.009502803 0.998534918 181.423919678
0.998508513 -0.010343311 0.053607900 12.662960052 0.009832666 0.999903858 0.009780578 -17.984727859 -0.053703912 -0.009238881 0.998514175 183.667770386
0.998577952 -0.011569578 0.052039802 12.890118599 0.011063921 0.999888837 0.009994371 -18.208881378 -0.052149653 -0.009404394 0.998594999 185.903137207
0.998583555 -0.013393666 0.051492065 13.099002838 0.012854086 0.999859095 0.010795850 -18.418355942 -0.051629420 -0.010118674 0.998614967 188.155242920
0.998614728 -0.014290935 0.050637934 13.313053131 0.013805004 0.999855399 0.009932971 -18.619010925 -0.050772570 -0.009220156 0.998667657 190.397949219
0.998564601 -0.015248886 0.051346514 13.506472588 0.014743675 0.999839127 0.010203758 -18.839296341 -0.051493857 -0.009432072 0.998628736 192.633773804
0.998544335 -0.016793819 0.051254507 13.705569267 0.016326495 0.999821365 0.009522818 -19.046749115 -0.051405277 -0.008672152 0.998640358 194.872146606
0.998573840 -0.016283870 0.050843559 13.918066978 0.015808020 0.999827504 0.009747323 -19.258104324 -0.050993510 -0.008929687 0.998659015 197.111862183
0.998571992 -0.014753393 0.051344309 14.127676964 0.014256826 0.999848068 0.010024106 -19.470882416 -0.051484395 -0.009277787 0.998630762 199.344497681
0.998587251 -0.011638197 0.051846370 14.320765495 0.011151657 0.999891043 0.009663720 -19.687845230 -0.051953193 -0.009071895 0.998608291 201.627441406
0.998552978 -0.010860145 0.052668035 14.529438019 0.010398827 0.999905169 0.009025148 -19.899778366 -0.052761048 -0.008464403 0.998571277 203.897521973
0.998511612 -0.011092224 0.053399079 14.728821754 0.010593381 0.999897718 0.009615804 -20.104833603 -0.053500280 -0.009035816 0.998526931 206.122360229
0.998504877 -0.012360695 0.053248882 14.965316772 0.011872592 0.999884665 0.009473083 -20.319988251 -0.053359836 -0.008826719 0.998536289 208.398010254
0.998429060 -0.012234498 0.054678418 15.168644905 0.011702441 0.999881148 0.010040269 -20.524486542 -0.054794759 -0.009384625 0.998453498 210.642395020
0.998365045 -0.012272157 0.055827118 15.379537582 0.011666889 0.999869704 0.011154863 -20.744375229 -0.055956736 -0.010485295 0.998378098 212.891860962
0.998294711 -0.010821383 0.057363067 15.612915039 0.010182476 0.999882936 0.011418550 -20.951839447 -0.057479918 -0.010814980 0.998288095 215.125396729
0.998137712 -0.009031073 0.060328487 15.838268280 0.008358637 0.999900222 0.011389335 -21.163894653 -0.060425334 -0.010863862 0.998113573 217.424346924
0.997998238 -0.009094466 0.062583454 16.063657761 0.008376483 0.999896049 0.011725243 -21.370397568 -0.062683582 -0.011177544 0.997970879 219.674377441
0.997874916 -0.010466147 0.064314499 16.296360016 0.009704679 0.999879181 0.012140758 -21.571214676 -0.064433798 -0.011490803 0.997855961 221.907531738
0.997774959 -0.011967833 0.065590903 16.529283524 0.011151371 0.999855876 0.012799833 -21.772970200 -0.065734625 -0.012039921 0.997764528 224.142349243
0.997714698 -0.014023375 0.066096671 16.782585144 0.013239309 0.999836862 0.012285558 -21.984558105 -0.066258170 -0.011382404 0.997737706 226.382202148
0.997684360 -0.015202376 0.066292062 17.022216797 0.014441498 0.999824405 0.011941819 -22.182882309 -0.066461958 -0.010956810 0.997728825 228.634780884
0.997632444 -0.015424816 0.067019388 17.257904053 0.014636173 0.999818027 0.012242509 -22.387126923 -0.067196012 -0.011232617 0.997676551 230.875244141
0.997584522 -0.016642185 0.067438789 17.503051758 0.015928846 0.999811471 0.011101585 -22.589433670 -0.067610823 -0.010000550 0.997661650 233.124694824
0.997528732 -0.017655374 0.068004973 17.740310669 0.016863484 0.999783337 0.012201164 -22.790355682 -0.068205670 -0.011024212 0.997610331 235.359603882
0.997563124 -0.016813487 0.067712478 18.025896072 0.016005538 0.999794304 0.012456994 -23.000732422 -0.067907989 -0.011342864 0.997627079 237.637802124
0.997529685 -0.016795376 0.068207577 18.265213013 0.015999768 0.999797583 0.012194155 -23.197322845 -0.068398573 -0.011072724 0.997596622 239.865783691
0.997499287 -0.016835906 0.068642005 18.510238647 0.016006304 0.999792218 0.012618148 -23.404882431 -0.068840168 -0.011487889 0.997561574 242.096603394
0.997453809 -0.017146114 0.069224030 18.750537872 0.016297702 0.999785244 0.012802294 -23.605236053 -0.069428667 -0.011641504 0.997519016 244.337112427
0.997420430 -0.017414436 0.069635868 18.996665955 0.016618649 0.999790013 0.011990897 -23.812799454 -0.069830060 -0.010802711 0.997500360 246.568328857
0.997438967 -0.017230693 0.069415875 19.253047943 0.016485145 0.999800265 0.011298930 -24.020505905 -0.069596715 -0.010125661 0.997523844 248.807693481
0.997415602 -0.017510427 0.069681771 19.502866745 0.016725993 0.999790192 0.011824998 -24.226226807 -0.069874212 -0.010628941 0.997499168 251.047515869
0.997378290 -0.018850507 0.069864556 19.750316620 0.018067153 0.999766827 0.011827542 -24.433038712 -0.070071213 -0.010534278 0.997486353 253.273941040
0.997371197 -0.019007543 0.069923654 20.006355286 0.018173777 0.999756336 0.012540935 -24.637445450 -0.070144981 -0.011237191 0.997473538 255.527740479
0.997328937 -0.019529494 0.070381977 20.238435745 0.018678511 0.999744475 0.012728936 -24.841079712 -0.070612580 -0.011380306 0.997438967 257.748199463
0.997304320 -0.019809272 0.070650943 20.500137329 0.018920925 0.999733567 0.013220991 -25.051359177 -0.070894010 -0.011848570 0.997413456 260.024108887
0.997280896 -0.019507276 0.071064785 20.756477356 0.018647378 0.999744892 0.012743693 -25.253267288 -0.071295254 -0.011383871 0.997390211 262.266632080
0.997259140 -0.019468181 0.071380384 21.014474869 0.018645465 0.999752164 0.012174116 -25.453594208 -0.071599700 -0.010809829 0.997374833 264.524719238
0.997235179 -0.018690811 0.071921200 21.272743225 0.017894097 0.999771357 0.011706068 -25.660001755 -0.072123565 -0.010386740 0.997341633 266.763458252
0.997160077 -0.018002244 0.073128171 21.525442123 0.017184753 0.999782801 0.011792731 -25.860733032 -0.073324598 -0.010502552 0.997252882 269.011383057
0.997071624 -0.017745741 0.074386209 21.785694122 0.016957521 0.999793291 0.011214578 -26.069236755 -0.074569851 -0.009920332 0.997166455 271.259124756
0.996985614 -0.018610291 0.075322077 22.052082062 0.017789723 0.999775052 0.011550492 -26.277132034 -0.075520091 -0.010175715 0.997092366 273.500671387
0.996802032 -0.019105811 0.077592671 22.302412033 0.018205713 0.999758661 0.012291233 -26.479675293 -0.077808782 -0.010839296 0.996909380 275.749572754
0.996688604 -0.019045331 0.079051837 22.573524475 0.018010374 0.999742746 0.013784622 -26.678632736 -0.079294033 -0.012315221 0.996775210 277.990081787
0.996618927 -0.018615585 0.080025621 22.853313446 0.017460907 0.999733448 0.015104579 -26.889656067 -0.080285467 -0.013656188 0.996678472 280.235504150
0.996547043 -0.018361801 0.080974340 23.135164261 0.017116509 0.999724686 0.016046315 -27.090934753 -0.081246689 -0.014604913 0.996586978 282.472991943
0.996478379 -0.017409120 0.082022697 23.410827637 0.016144590 0.999740779 0.016054958 -27.283391953 -0.082280919 -0.014674197 0.996501148 284.732543945
0.996382833 -0.016306924 0.083398402 23.676488876 0.015083405 0.999769509 0.015279888 -27.474205017 -0.083628342 -0.013966686 0.996399224 286.962768555
0.996352494 -0.015322694 0.083945975 23.960399628 0.014212804 0.999803722 0.013803205 -27.659774780 -0.084141001 -0.012559749 0.996374726 289.212646484
0.996288955 -0.016158950 0.084541209 24.230587006 0.015020394 0.999787986 0.014086284 -27.864255905 -0.084750906 -0.012764167 0.996320426 291.439849854
0.996198833 -0.015878174 0.085649237 24.488733292 0.014780108 0.999800444 0.013439461 -28.066637039 -0.085845523 -0.012122468 0.996234715 293.722045898
0.996236145 -0.016362954 0.085122481 24.773372650 0.015332714 0.999801338 0.012742772 -28.265834808 -0.085314073 -0.011389652 0.996289015 295.950714111
0.996228635 -0.016273871 0.085227042 25.052577972 0.015263824 0.999805510 0.012489535 -28.466506958 -0.085413724 -0.011141541 0.996283412 298.190673828
0.996223867 -0.015641477 0.085400775 25.331174850 0.014605553 0.999812186 0.012741540 -28.665966034 -0.085584037 -0.011446099 0.996265233 300.430358887
0.996173501 -0.015542596 0.086004622 25.597429276 0.014431411 0.999804318 0.013526780 -28.873039246 -0.086198039 -0.012233854 0.996202886 302.680664062
0.996177912 -0.015806234 0.085905105 25.881477356 0.014670501 0.999796629 0.013836077 -29.075115204 -0.086106338 -0.012522925 0.996207178 304.926055908
0.996148646 -0.015339623 0.086327881 26.167289734 0.014176555 0.999800503 0.014069679 -29.276184082 -0.086526476 -0.012791661 0.996167421 307.179046631
0.996155560 -0.016373957 0.086058088 26.452945709 0.015210818 0.999784112 0.014154162 -29.485305786 -0.086271249 -0.012790735 0.996189594 309.433410645
0.996114790 -0.017340230 0.086339436 26.735240936 0.016144836 0.999764144 0.014524413 -29.682689667 -0.086570919 -0.013074048 0.996159911 311.691101074
0.996089756 -0.016890427 0.086717725 27.017400742 0.015738185 0.999778748 0.013953844 -29.886013031 -0.086934239 -0.012534501 0.996135175 313.936309814
0.996111512 -0.016706519 0.086503141 27.309638977 0.015486745 0.999771237 0.014752938 -30.088771820 -0.086729825 -0.013355923 0.996142268 316.180969238
0.996064305 -0.015044115 0.087349012 27.590337753 0.013885298 0.999807537 0.013859032 -30.289390564 -0.087540723 -0.012591618 0.996081352 318.424194336
0.996050537 -0.013153835 0.087808192 27.869676590 0.011934002 0.999825180 0.014402566 -30.488983154 -0.087982282 -0.013297783 0.996033251 320.674926758
0.995980144 -0.011791619 0.088794604 28.145351410 0.010580733 0.999844611 0.014095328 -30.690265656 -0.088947006 -0.013099156 0.995950222 322.907196045
0.995926440 -0.011054292 0.089489453 28.422418594 0.009775892 0.999843955 0.014711234 -30.886440277 -0.089638121 -0.013776467 0.995879054 325.143005371
0.995921671 -0.010796673 0.089573659 28.714015961 0.009395108 0.999826968 0.016053986 -31.093879700 -0.089731470 -0.015146955 0.995850801 327.368896484
0.995892584 -0.011256669 0.089839362 28.995559692 0.009861654 0.999824047 0.015956689 -31.297248840 -0.090003163 -0.015005184 0.995828450 329.616455078
0.995905817 -0.012820663 0.089484371 29.294591904 0.011503373 0.999817967 0.015221147 -31.493799210 -0.089663252 -0.014129457 0.995871902 331.851074219
0.995891988 -0.012764466 0.089644767 29.579833984 0.011482219 0.999824464 0.014804822 -31.690719604 -0.089818016 -0.013714684 0.995863676 334.072601318
0.995885849 -0.013253991 0.089642420 29.867933273 0.011855385 0.999799848 0.016116573 -31.888137817 -0.089838080 -0.014987525 0.995843589 336.304595947
0.995938659 -0.013762178 0.088976599 30.169633865 0.012374897 0.999793410 0.016124435 -32.082931519 -0.089180112 -0.014957873 0.995903194 338.540252686
0.995936334 -0.013607287 0.089026310 30.451246262 0.012179289 0.999788582 0.016563779 -32.285564423 -0.089232899 -0.015412190 0.995891511 340.784454346
0.995979905 -0.013671464 0.088527426 30.747911453 0.012255826 0.999788523 0.016514815 -32.485698700 -0.088734500 -0.015363447 0.995936811 343.029998779
0.995999098 -0.013754112 0.088297762 31.034502029 0.012305812 0.999781013 0.016925916 -32.678680420 -0.088511206 -0.015771624 0.995950282 345.271942139
0.996041417 -0.013724511 0.087824307 31.321104050 0.012292102 0.999782920 0.016830029 -32.867988586 -0.088036217 -0.015683863 0.995993793 347.509796143
0.996079206 -0.013701885 0.087397598 31.606351852 0.012278811 0.999783456 0.016799629 -33.062274933 -0.087608874 -0.015660627 0.996031761 349.757507324
0.996097684 -0.013377763 0.087237962 31.889871597 0.011913343 0.999779642 0.017285608 -33.259605408 -0.087449968 -0.016178859 0.996037483 352.000274658
0.996135592 -0.013748422 0.086745635 32.172798157 0.012264624 0.999769628 0.017615017 -33.448596954 -0.086967826 -0.016483042 0.996074736 354.227600098
0.996155858 -0.013347394 0.086575828 32.450859070 0.011913079 0.999783576 0.017062703 -33.641925812 -0.086784832 -0.015965726 0.996099055 356.464935303
0.996206343 -0.013377978 0.085988164 32.735801697 0.011915449 0.999775827 0.017499305 -33.834392548 -0.086202979 -0.016408337 0.996142447 358.701507568
0.996266842 -0.013006967 0.085340850 33.023689270 0.011481269 0.999765813 0.018344244 -34.029457092 -0.085559472 -0.017295942 0.996182859 360.946166992
0.996326506 -0.013071745 0.084631510 33.313301086 0.011569509 0.999767125 0.018216528 -34.222633362 -0.084849909 -0.017170463 0.996245921 363.195739746
0.996380150 -0.013090487 0.083995529 33.600666046 0.011555774 0.999757767 0.018731611 -34.414733887 -0.084220394 -0.017693173 0.996289968 365.437744141
0.996433616 -0.013140527 0.083350629 33.884693146 0.011673833 0.999768674 0.018059690 -34.606018066 -0.083568662 -0.017022260 0.996356606 367.699523926
0.996452570 -0.013597570 0.083050229 34.160423279 0.012145028 0.999764740 0.017970178 -34.800540924 -0.083275042 -0.016897785 0.996383309 369.938751221
0.996433914 -0.013233359 0.083331957 34.430927277 0.011840718 0.999782205 0.017184097 -34.990406036 -0.083541229 -0.016136110 0.996373653 372.196899414
0.996504307 -0.013810049 0.082391195 34.715023041 0.012445671 0.999777138 0.017050400 -35.183597565 -0.082608290 -0.015965383 0.996454179 374.446838379
0.996601820 -0.013737941 0.081216775 35.002483368 0.012323336 0.999763966 0.017893381 -35.377399445 -0.081443414 -0.016831713 0.996535778 376.694000244
0.996513605 -0.013077937 0.082398690 35.261745453 0.011611989 0.999766052 0.018245110 -35.569000244 -0.082618020 -0.017224694 0.996432364 378.954742432
0.996513426 -0.013755946 0.082290962 35.537330627 0.012269669 0.999752820 0.018539784 -35.764942169 -0.082525663 -0.017465459 0.996435821 381.201049805
0.996536613 -0.013608867 0.082033798 35.819026947 0.012132705 0.999755800 0.018466294 -35.948703766 -0.082265094 -0.017407052 0.996458471 383.460998535
0.996555507 -0.012679322 0.081952363 36.100425720 0.011194440 0.999765217 0.018553007 -36.140605927 -0.082168370 -0.017571688 0.996463537 385.717315674
0.996544719 -0.011654254 0.082236066 36.372070312 0.010154615 0.999774814 0.018630527 -36.326126099 -0.082434677 -0.017731076 0.996438742 387.974334717
0.996572316 -0.010424758 0.082066461 36.654903412 0.008913632 0.999784291 0.018758329 -36.526966095 -0.082244314 -0.017962523 0.996450245 390.242523193
0.996554136 -0.009109574 0.082443327 36.924850464 0.007596976 0.999797344 0.018642263 -36.721393585 -0.082596451 -0.017951706 0.996421337 392.525482178
0.996584833 -0.008043380 0.082181908 37.203708649 0.006421639 0.999779701 0.019978862 -36.911655426 -0.082324512 -0.019382894 0.996416986 394.782226562
0.996524096 -0.006785001 0.083028063 37.470493317 0.005103205 0.999777973 0.020451229 -37.103225708 -0.083148360 -0.019956438 0.996337354 397.040924072
0.996456146 -0.006483012 0.083863921 37.741065979 0.004902787 0.999806941 0.019034969 -37.301128387 -0.083971128 -0.018556345 0.996295393 399.305297852
0.996396780 -0.005912234 0.084607512 38.017593384 0.004368879 0.999820948 0.018414875 -37.493125916 -0.084701225 -0.017978884 0.996244192 401.580749512
0.996345997 -0.007638008 0.085066617 38.291046143 0.006002700 0.999792576 0.019463073 -37.681232452 -0.085197628 -0.018881321 0.996185124 403.838348389
0.996277392 -0.009114476 0.085723132 38.568702698 0.007356969 0.999756634 0.020795753 -37.874362946 -0.085891806 -0.020087669 0.996101916 406.090728760
0.996294618 -0.009691422 0.085458055 38.854835510 0.007965607 0.999757826 0.020512816 -38.059730530 -0.085636176 -0.019756081 0.996130586 408.354278564
0.996255696 -0.009484785 0.085934013 39.143299103 0.007883661 0.999789298 0.018952252 -38.242641449 -0.086095668 -0.018203812 0.996120572 410.621582031
0.996222436 -0.007855290 0.086482398 39.445785522 0.006178909 0.999788105 0.019634716 -38.444293976 -0.086618312 -0.019026181 0.996059895 412.899902344
0.996150076 -0.006597848 0.087415300 39.722961426 0.004922169 0.999800265 0.019370880 -38.633804321 -0.087525666 -0.018866034 0.995983601 415.143768311
0.996049821 -0.005313335 0.088637240 40.008945465 0.003610700 0.999806106 0.019358305 -38.821319580 -0.088722914 -0.018961793 0.995875835 417.415222168
0.996008456 -0.005519098 0.089087322 40.302124023 0.003830262 0.999809861 0.019116918 -39.012062073 -0.089175887 -0.018699387 0.995840371 419.670562744
0.995909631 -0.005600551 0.090181343 40.583930969 0.003885912 0.999808550 0.019177593 -39.200492859 -0.090271488 -0.018748708 0.995740712 421.923217773
0.995829999 -0.005800611 0.091043644 40.867332458 0.004093671 0.999812543 0.018924151 -39.393821716 -0.091136344 -0.018472534 0.995667040 424.180389404
0.995759547 -0.006208531 0.091784418 41.159416199 0.004375298 0.999787152 0.020160982 -39.585792542 -0.091890052 -0.019673906 0.995574772 426.452239990
0.995710075 -0.005235480 0.092378907 41.450416565 0.003338526 0.999780655 0.020677090 -39.772251129 -0.092466906 -0.020279979 0.995509207 428.706237793
0.995625675 -0.004350335 0.093330137 41.747470856 0.002379789 0.999772131 0.021214629 -39.958015442 -0.093401164 -0.020899722 0.995409131 430.982788086
0.995643616 -0.005274057 0.093090564 42.046173096 0.003267862 0.999759316 0.021690302 -40.155597687 -0.093182571 -0.021291599 0.995421350 433.258178711
0.995590389 -0.005923967 0.093619660 42.346130371 0.003963647 0.999769270 0.021111280 -40.350826263 -0.093723111 -0.020647114 0.995384097 435.522644043
0.995569229 -0.005071312 0.093894683 42.651443481 0.003087450 0.999769151 0.021261821 -40.525535583 -0.093980834 -0.020877719 0.995355070 437.792968750
0.995538831 -0.005440807 0.094195701 42.957733154 0.003434369 0.999764025 0.021449761 -40.712669373 -0.094290175 -0.021030571 0.995322585 440.081237793
0.995563328 -0.005411706 0.093937881 43.268421173 0.003378208 0.999756753 0.021792803 -40.899696350 -0.094032973 -0.021378772 0.995339453 442.353851318
0.995555162 -0.004777624 0.094058812 43.575897217 0.002637289 0.999735057 0.022866448 -41.104164124 -0.094143137 -0.022516748 0.995303988 444.621429443
0.995517850 -0.005362589 0.094421819 43.878883362 0.003203605 0.999730289 0.023002082 -41.286140442 -0.094519697 -0.022596495 0.995266438 446.899749756
0.995522857 -0.005233781 0.094376124 44.179378510 0.003125086 0.999742389 0.022477489 -41.471199036 -0.094469480 -0.022081917 0.995282769 449.162475586
0.995500445 -0.004520471 0.094650291 44.479106903 0.002426286 0.999749899 0.022228897 -41.660839081 -0.094727144 -0.021899223 0.995262384 451.415100098
0.995457232 -0.004177478 0.095119067 44.779811859 0.002086119 0.999754131 0.022075580 -41.851371765 -0.095187917 -0.021776861 0.995221078 453.676666260
0.995383263 -0.003618735 0.095911615 45.077209473 0.001497011 0.999752760 0.022184392 -42.030090332 -0.095968179 -0.021938387 0.995142639 455.954559326
0.995375633 -0.003651358 0.095989831 45.378650665 0.001559768 0.999759853 0.021855708 -42.222305298 -0.096046597 -0.021604918 0.995142341 458.213409424
0.995395243 -0.002928309 0.095811896 45.694152832 0.000891379 0.999772847 0.021295585 -42.411216736 -0.095852487 -0.021112116 0.995171726 460.496246338
0.995373487 -0.002105622 0.096058518 45.996513367 0.000003540 0.999760628 0.021878274 -42.600250244 -0.096081600 -0.021776715 0.995135128 462.779174805
0.995371640 -0.001677959 0.096085086 46.299591064 -0.000542859 0.999733448 0.023082227 -42.784740448 -0.096098199 -0.023027554 0.995105386 465.055328369
0.995414019 -0.001830356 0.095642947 46.598297119 -0.000425116 0.999722362 0.023556510 -42.966533661 -0.095659524 -0.023489136 0.995136857 467.321228027
0.995511293 -0.001924217 0.094623141 46.909454346 -0.000190992 0.999750376 0.022339894 -43.148632050 -0.094642505 -0.022257691 0.995262444 469.601806641
0.995593250 -0.001908484 0.093757443 47.224403381 -0.000152398 0.999758601 0.021968912 -43.338768005 -0.093776755 -0.021886386 0.995352626 471.893554688
0.995681107 -0.002335394 0.092809767 47.530582428 0.000212465 0.999738276 0.022877282 -43.528816223 -0.092838906 -0.022758761 0.995420992 474.172668457
0.995634139 -0.002274604 0.093314350 47.810913086 0.000096505 0.999727607 0.023339402 -43.716960907 -0.093342029 -0.023228496 0.995363116 476.455566406
0.995760858 -0.002231596 0.091954000 48.120742798 0.000155167 0.999744892 0.022582138 -43.887943268 -0.091980927 -0.022472138 0.995507181 478.754119873
0.995787799 -0.002316822 0.091658816 48.420993805 0.000203398 0.999733984 0.023060134 -44.072994232 -0.091687858 -0.022944357 0.995523572 481.037994385
0.995815992 -0.002722468 0.091339663 48.722263336 0.000577956 0.999723732 0.023496671 -44.254585266 -0.091378413 -0.023345573 0.995542467 483.312103271
0.995826066 -0.003319538 0.091210976 49.006786346 0.001242353 0.999738693 0.022820756 -44.439331055 -0.091262914 -0.022612186 0.995570064 485.597656250
0.995923579 -0.004387458 0.090093084 49.313426971 0.002269797 0.999719024 0.023594266 -44.633098602 -0.090171278 -0.023293596 0.995653808 487.915435791
0.995992720 -0.004816158 0.089305252 49.612640381 0.002694001 0.999711573 0.023868287 -44.813472748 -0.089394428 -0.023532055 0.995718241 490.201080322
0.995951056 -0.004983948 0.089758553 49.862815857 0.002813168 0.999700904 0.024294952 -45.007976532 -0.089852788 -0.023944074 0.995667219 492.462158203
0.996014595 -0.004481246 0.089077458 50.166786194 0.002281510 0.999690235 0.024781149 -45.189388275 -0.089160904 -0.024479158 0.995716393 494.754608154
0.996005535 -0.004200534 0.089193791 50.447437286 0.002017549 0.999696553 0.024550702 -45.371589661 -0.089269854 -0.024272680 0.995711684 497.060089111
0.996028900 -0.004009024 0.088939898 50.750110626 0.001862244 0.999705255 0.024207287 -45.561801910 -0.089010730 -0.023945525 0.995742798 499.381744385
0.996066809 -0.004137581 0.088508599 51.040500641 0.001933391 0.999686182 0.024974922 -45.743057251 -0.088584147 -0.024705568 0.995762289 501.677673340
0.996056974 -0.003828175 0.088633500 51.323738098 0.001585301 0.999677062 0.025361609 -45.929397583 -0.088701963 -0.025121093 0.995741367 503.961425781
0.996090591 -0.003145961 0.088281021 51.615470886 0.000961052 0.999692440 0.024781067 -46.112442017 -0.088331826 -0.024599347 0.995787323 506.252868652
0.996069551 -0.002902805 0.088526703 51.896884918 0.000655408 0.999677002 0.025405165 -46.293560028 -0.088571854 -0.025247287 0.995749772 508.546447754
0.996114969 -0.003326599 0.087998934 52.195106506 0.001176629 0.999699831 0.024472361 -46.475784302 -0.088053919 -0.024273746 0.995819926 510.835632324
0.996155024 -0.004050344 0.087513402 52.493412018 0.001836504 0.999676645 0.025362879 -46.663982391 -0.087587819 -0.025104642 0.995840430 513.135009766
0.996178865 -0.003866923 0.087250590 52.783931732 0.001642991 0.999672294 0.025546450 -46.840202332 -0.087320812 -0.025305478 0.995858788 515.443664551
0.996191084 -0.003109693 0.087141514 53.072166443 0.000917379 0.999682367 0.025186853 -47.019031525 -0.087192141 -0.025010977 0.995877504 517.751220703
0.996191680 -0.002182664 0.087161995 53.351264954 -0.000009166 0.999684036 0.025138313 -47.204502106 -0.087189302 -0.025043378 0.995876968 520.044067383
0.996119976 -0.000123453 0.088005736 53.642082214 -0.002099516 0.999681175 0.025166357 -47.392314911 -0.087980784 -0.025253488 0.995801985 522.396301270
0.996058702 0.002031226 0.088673502 53.933959961 -0.004308098 0.999665737 0.025493206 -47.575344086 -0.088592060 -0.025774743 0.995734453 524.730102539
0.996002316 0.002837604 0.089282520 54.224094391 -0.005238139 0.999630749 0.026664142 -47.748935699 -0.089173891 -0.027025221 0.995649338 527.047790527
0.995935619 0.002478972 0.090033345 54.515628815 -0.004892570 0.999634206 0.026597045 -47.927833557 -0.089934461 -0.026929438 0.995583534 529.364624023
0.995910585 0.000618585 0.090342201 54.809768677 -0.003149194 0.999606550 0.027871510 -48.102485657 -0.090289421 -0.028042039 0.995520651 531.680908203
0.995873928 -0.000963835 0.090742342 55.118225098 -0.001549397 0.999617219 0.027621835 -48.279258728 -0.090734228 -0.027648458 0.995491266 534.001770020
0.995842874 -0.001038219 0.091081977 55.410354614 -0.001429337 0.999633789 0.027022192 -48.453262329 -0.091076665 -0.027040044 0.995476723 536.303039551
0.995762587 -0.001208466 0.091952428 55.710845947 -0.001254712 0.999641955 0.026725015 -48.629104614 -0.091951795 -0.026727146 0.995404661 538.622741699
0.995688081 -0.000728692 0.092761591 56.001445770 -0.001726726 0.999650300 0.026387192 -48.812534332 -0.092748381 -0.026433587 0.995338619 540.925354004
0.995588899 0.000037988 0.093823224 56.296428680 -0.002505456 0.999654174 0.026181459 -48.994976044 -0.093789794 -0.026301041 0.995244563 543.249511719
0.995519698 0.000323683 0.094553106 56.601119995 -0.002717581 0.999678969 0.025190365 -49.174587250 -0.094514593 -0.025334459 0.995201051 545.570434570
0.995393276 0.000264318 0.095876478 56.895462036 -0.002770866 0.999657810 0.026011311 -49.353721619 -0.095836803 -0.026157146 0.995053291 547.890075684
0.995289207 0.000107721 0.096949860 57.186546326 -0.002682643 0.999647021 0.026429368 -49.531955719 -0.096912794 -0.026564950 0.994938314 550.189392090
0.995242238 -0.000366192 0.097430140 57.493743896 -0.002269419 0.999634504 0.026939098 -49.716136932 -0.097404398 -0.027032038 0.994877636 552.496032715
0.995287776 -0.001395004 0.096954629 57.817321777 -0.001091433 0.999671936 0.025587598 -49.888584137 -0.096958518 -0.025572840 0.994959772 554.815368652
0.995325446 -0.002002503 0.096556909 58.141815186 -0.000532167 0.999656141 0.026217632 -50.072166443 -0.096576206 -0.026146466 0.994982123 557.135559082
0.995274484 -0.001855400 0.097085007 58.451297760 -0.000715729 0.999650121 0.026441755 -50.249011993 -0.097100109 -0.026386287 0.994924784 559.445800781
0.995244324 -0.001261641 0.097401895 58.765972137 -0.001428570 0.999619544 0.027545026 -50.427474976 -0.097399585 -0.027553173 0.994863868 561.781555176
0.995259225 -0.001868283 0.097239815 59.090633392 -0.000873634 0.999603391 0.028147265 -50.605407715 -0.097253837 -0.028098777 0.994862854 564.110717773
0.995244503 -0.001529839 0.097396061 59.411537170 -0.001277464 0.999585688 0.028754694 -50.780986786 -0.097399697 -0.028742377 0.994830251 566.432617188
0.995226920 -0.000754673 0.097584508 59.734260559 -0.001989406 0.999605417 0.028019674 -50.958702087 -0.097567126 -0.028080070 0.994832754 568.755493164
0.995236039 0.000385576 0.097494230 60.062709808 -0.002987596 0.999643147 0.026544401 -51.129737854 -0.097449191 -0.026709218 0.994882047 571.081665039
0.995227158 0.000839448 0.097582273 60.397724152 -0.003453404 0.999639630 0.026621386 -51.309600830 -0.097524762 -0.026831321 0.994871318 573.406616211
0.995205641 0.000352483 0.097803310 60.717243195 -0.003058497 0.999616563 0.027519368 -51.490623474 -0.097756103 -0.027686562 0.994825184 575.793457031
0.995207548 0.000229499 0.097785048 61.044853210 -0.003064507 0.999579251 0.028843034 -51.674091339 -0.097737290 -0.029004468 0.994789481 578.110534668
0.995145380 0.000881350 0.098411754 61.361541748 -0.003600525 0.999616504 0.027456420 -51.856437683 -0.098349817 -0.027677463 0.994766951 580.502197266
0.995196342 0.000126527 0.097897939 61.688999176 -0.002753189 0.999639809 0.026695993 -52.024002075 -0.097859301 -0.026837287 0.994838357 582.841064453
0.995164573 -0.000399523 0.098221794 62.010520935 -0.002413591 0.999590337 0.028519927 -52.213600159 -0.098192953 -0.028619090 0.994755745 585.170776367
0.995225906 -0.000260136 0.097597592 62.334579468 -0.002545369 0.999587178 0.028620034 -52.387786865 -0.097564735 -0.028731823 0.994814396 587.490661621
0.995166659 -0.002662856 0.098163731 62.659820557 -0.000028119 0.999624491 0.027401557 -52.570350647 -0.098199852 -0.027271880 0.994792879 589.851867676
0.995168030 -0.002869844 0.098144032 62.983966827 0.000199208 0.999629676 0.027210373 -52.742286682 -0.098185785 -0.027059343 0.994800150 592.202941895
0.995164990 -0.004426566 0.098117627 63.301879883 0.001702245 0.999611139 0.027832206 -52.924064636 -0.098202676 -0.027530616 0.994785547 594.544799805
0.995191693 -0.004888681 0.097824603 63.631919861 0.002151769 0.999603927 0.028063703 -53.102287292 -0.097923048 -0.027718272 0.994807899 596.904724121
