1.000000000 0.000000000 0.000000000 0.000000000 0.000000000 1.000000000 0.000000000 0.000000000 0.000000000 0.000000000 1.000000000 0.000000000
0.999999940 0.000046641 0.000375039 0.087368049 -0.000046582 1.000000000 -0.000157707 -0.227478951 -0.000375046 0.000157689 0.999999940 2.287177324
0.999999166 0.000396133 0.001156801 0.166331381 -0.000396678 0.999999821 0.000470584 -0.466450274 -0.001156614 -0.000471043 0.999999166 4.582090378
0.999998629 -0.000065375 0.001655928 0.264174789 0.000064409 0.999999762 0.000583026 -0.697701752 -0.001655965 -0.000582918 0.999998391 6.868256569
0.999996543 -0.000224157 0.002614241 0.357666761 0.000227384 0.999999225 -0.001233893 -0.929753840 -0.002613962 0.001234483 0.999995828 9.162793159
0.999987781 0.001528581 0.004712787 0.449225575 -0.001529478 0.999998868 0.000186689 -1.166386127 -0.004712497 -0.000193895 0.999988854 11.467460632
0.999972999 0.003078850 0.006667035 0.561779618 -0.003088446 0.999994218 0.001429519 -1.404297829 -0.006662594 -0.001450071 0.999976754 13.751774788
0.999953151 0.002960205 0.009225189 0.664661229 -0.002998142 0.999987125 0.004101107 -1.633335710 -0.009212931 -0.004128573 0.999949038 16.025901794
0.999946594 0.003140592 0.009847200 0.767893076 -0.003192154 0.999981225 0.005224913 -1.858761311 -0.009830605 -0.005256069 0.999937832 18.327291489
0.999930024 0.002074716 0.011642476 0.874801993 -0.002133894 0.999984920 0.005072858 -2.081484556 -0.011631775 -0.005097348 0.999919355 20.620965958
0.999931991 0.000052371 0.011658442 1.000642896 -0.000087629 0.999995410 0.003023737 -2.307206631 -0.011658230 -0.003024552 0.999927461 22.925760269
0.999921739 -0.002134383 0.012331995 1.108649254 0.002116503 0.999996603 0.001462744 -2.532147408 -0.012335077 -0.001436528 0.999922872 25.207719803
0.999918342 -0.002265552 0.012578060 1.242232561 0.002255583 0.999997079 0.000806694 -2.776142597 -0.012579851 -0.000778257 0.999920547 27.507095337
0.999902725 -0.002008320 0.013804831 1.344225168 0.002013430 0.999997914 -0.000356243 -2.998473644 -0.013804086 0.000384004 0.999904633 29.792448044
0.999899924 0.000123811 0.014141888 1.476347685 -0.000159000 0.999996901 0.002487206 -3.230566025 -0.014141536 -0.002489205 0.999896824 32.069725037
0.999904513 0.002031497 0.013669033 1.609638929 -0.002096281 0.999986708 0.004726787 -3.450271368 -0.013659249 -0.004754990 0.999895394 34.349315643
0.999868453 0.004479135 0.015590073 1.725535989 -0.004619104 0.999949157 0.008953732 -3.684146881 -0.015549173 -0.009024563 0.999838352 36.668231964
0.999850690 0.006336628 0.016077332 1.844863653 -0.006475974 0.999941707 0.008630039 -3.901290417 -0.016021712 -0.008732866 0.999833405 38.939781189
0.999812603 0.005701544 0.018500913 1.942194223 -0.005835583 0.999957085 0.007199151 -4.106866837 -0.018459069 -0.007305765 0.999802947 41.242420197
0.999816895 0.003223188 0.018865364 2.064773083 -0.003336474 0.999976635 0.005976615 -4.327882767 -0.018845662 -0.006038463 0.999804199 43.520267487
0.999830902 0.002774035 0.018177582 2.205737591 -0.002865524 0.999983311 0.005008952 -4.552514076 -0.018163381 -0.005060193 0.999822199 45.769466400
0.999831378 0.001964581 0.018256987 2.330245018 -0.002036346 0.999990284 0.003913120 -4.778457642 -0.018249117 -0.003949638 0.999825656 48.043075562
0.999835134 0.000592935 0.018156005 2.467840433 -0.000669445 0.999990880 0.004208292 -5.003148079 -0.018153349 -0.004219752 0.999826431 50.325672150
0.999817014 0.000066972 0.019129744 2.595809221 -0.000153613 0.999989748 0.004527692 -5.224475384 -0.019129245 -0.004529802 0.999806762 52.592636108
0.999811649 -0.001124834 0.019379796 2.729712486 0.001039151 0.999989629 0.004430788 -5.451389790 -0.019384578 -0.004409814 0.999802411 54.874275208
0.999784827 -0.001259501 0.020704977 2.855987072 0.001155370 0.999986649 0.005040491 -5.681704044 -0.020711046 -0.005015484 0.999772906 57.168132782
0.999774694 -0.002707348 0.021054253 2.995840549 0.002590138 0.999980986 0.005592372 -5.903573036 -0.021068996 -0.005536579 0.999762654 59.438259125
0.999734223 -0.004053880 0.022692382 3.120782852 0.003940402 0.999979436 0.005043147 -6.126800537 -0.022712359 -0.004952390 0.999729753 61.705131531
0.999715507 -0.004882922 0.023344589 3.267755032 0.004768923 0.999976456 0.004936506 -6.350014210 -0.023368146 -0.004823774 0.999715269 63.960056305
0.999680817 -0.004416380 0.024875140 3.404074430 0.004279645 0.999975383 0.005547398 -6.570920944 -0.024899032 -0.005439171 0.999675155 66.228385925
0.999656618 -0.003493064 0.025969617 3.548154354 0.003337882 0.999976337 0.006016536 -6.796345711 -0.025990017 -0.005927788 0.999644578 68.482116699
0.999615192 -0.003616313 0.027507020 3.682480812 0.003455203 0.999976635 0.005902335 -7.020503521 -0.027527720 -0.005805021 0.999604285 70.732231140
0.999604106 -0.004459005 0.027780486 3.845135450 0.004337070 0.999980688 0.004447970 -7.240679264 -0.027799789 -0.004325723 0.999604166 72.980033875
0.999586821 -0.005432914 0.028225217 3.996763468 0.005301647 0.999974787 0.004723477 -7.462761879 -0.028250169 -0.004571885 0.999590456 75.249023438
0.999538124 -0.006777997 0.029625542 4.157466888 0.006657130 0.999969125 0.004176579 -7.691557407 -0.029652938 -0.003977428 0.999552369 77.514991760
0.999533832 -0.007633612 0.029559022 4.310513020 0.007509508 0.999962628 0.004307302 -7.923461437 -0.029590797 -0.004083321 0.999553740 79.763114929
0.999503672 -0.008098556 0.030444458 4.457090855 0.007986284 0.999960959 0.003807587 -8.136459351 -0.030474104 -0.003562558 0.999529243 82.018150330
0.999500036 -0.007363837 0.030751601 4.634466648 0.007250680 0.999966562 0.003789654 -8.359469414 -0.030778477 -0.003564790 0.999519825 84.295326233
0.999462187 -0.007068971 0.032020081 4.795771599 0.006921278 0.999964893 0.004720977 -8.580624580 -0.032052327 -0.004496817 0.999476135 86.546104431
0.999452353 -0.006663625 0.032411903 4.957227230 0.006484719 0.999963164 0.005621751 -8.806164742 -0.032448180 -0.005408491 0.999458790 88.823059082
0.999421537 -0.005601728 0.033543594 5.113978386 0.005391223 0.999965250 0.006362714 -9.031414986 -0.033578072 -0.006178192 0.999416947 91.077224731
0.999403894 -0.005656443 0.034056731 5.284275532 0.005449162 0.999966085 0.006176083 -9.248816490 -0.034090500 -0.005986820 0.999400795 93.329803467
0.999386668 -0.005683841 0.034554020 5.451506615 0.005488527 0.999968410 0.005744632 -9.465045929 -0.034585588 -0.005551456 0.999386311 95.585014343
0.999357283 -0.006125568 0.035317563 5.617717266 0.005918854 0.999964774 0.005954568 -9.683421135 -0.035352789 -0.005741703 0.999358416 97.841987610
0.999322832 -0.005835433 0.036327615 5.777995110 0.005632165 0.999967873 0.005695260 -9.913382530 -0.036359683 -0.005486800 0.999323666 100.079765320
0.999243855 -0.005879663 0.038431529 5.926902771 0.005625857 0.999961615 0.006708955 -10.126135826 -0.038469497 -0.006487672 0.999238789 102.304199219
0.999253631 -0.006363425 0.038101524 6.129686356 0.006117024 0.999959648 0.006580057 -10.342362404 -0.038141858 -0.006342077 0.999252200 104.562751770
0.999217927 -0.007092040 0.038903106 6.303352833 0.006803932 0.999948502 0.007533195 -10.558043480 -0.038954530 -0.007262609 0.999214590 106.794120789
0.999188364 -0.008474623 0.039380006 6.483531952 0.008179916 0.999937296 0.007638817 -10.771539688 -0.039442286 -0.007310492 0.999195099 109.047485352
0.999142706 -0.009589620 0.040272266 6.659519672 0.009247790 0.999919713 0.008665721 -10.991616249 -0.040352125 -0.008285863 0.999151170 111.295768738
0.999129117 -0.010398716 0.040408619 6.851319313 0.010114339 0.999922693 0.007235618 -11.206499100 -0.040480744 -0.006820611 0.999157012 113.548912048
0.999081731 -0.010872556 0.041443203 7.030994415 0.010612438 0.999922633 0.006491329 -11.423236847 -0.041510575 -0.006045556 0.999119759 115.792350769
0.999048173 -0.011012232 0.042207383 7.211828709 0.010724353 0.999917626 0.007040954 -11.647000313 -0.042281449 -0.006581605 0.999084055 118.031005859
0.999008477 -0.011193392 0.043088421 7.398628235 0.010859079 0.999909163 0.007985050 -11.863574028 -0.043173887 -0.007509234 0.999039292 120.271446228
0.998994470 -0.012094854 0.043171417 7.601188660 0.011727164 0.999892831 0.008760147 -12.084355354 -0.043272749 -0.008245061 0.999029279 122.477813721
0.998932123 -0.012841920 0.044380419 7.787474155 0.012474693 0.999885678 0.008541550 -12.307753563 -0.044485033 -0.007978799 0.998978198 124.763885498
0.998895168 -0.013413336 0.045037962 7.968980312 0.013079944 0.999884903 0.007689056 -12.525920868 -0.045135908 -0.007091467 0.998955667 127.037979126
0.998884618 -0.015067927 0.044748735 8.158101082 0.014724842 0.999859571 0.007986690 -12.736227036 -0.044862807 -0.007318865 0.998966336 129.301956177
0.998908341 -0.016231028 0.043802831 8.345735550 0.015880536 0.999839067 0.008337719 -12.949222565 -0.043931108 -0.007633003 0.999005377 131.561950684
0.998976111 -0.016536949 0.042112406 8.545598984 0.016141945 0.999822557 0.009702580 -13.163887978 -0.042265397 -0.009012868 0.999065697 133.796905518
0.999012828 -0.017648533 0.040769126 8.726036072 0.017282180 0.999807179 0.009321221 -13.378336906 -0.040925775 -0.008607438 0.999125123 136.050979614
0.999080122 -0.018326627 0.038769461 8.925619125 0.017978555 0.999795020 0.009307717 -13.593781471 -0.038932085 -0.008602138 0.999204814 138.278564453
0.999072254 -0.018707527 0.038789548 9.096910477 0.018367223 0.999789894 0.009111046 -13.807235718 -0.038951840 -0.008390139 0.999205828 140.564056396
0.999064088 -0.018938173 0.038886875 9.265136719 0.018592052 0.999784410 0.009243154 -14.009925842 -0.039053537 -0.008511519 0.999200821 142.795227051
0.999103010 -0.019105498 0.037790671 9.455852509 0.018714020 0.999767721 0.010685927 -14.234536171 -0.037986055 -0.009969126 0.999228537 145.033660889
0.999110460 -0.018239167 0.038021967 9.626626968 0.017885918 0.999793768 0.009610277 -14.443261147 -0.038189415 -0.008921670 0.999230623 147.278091431
0.999131978 -0.017090462 0.037989248 9.804130554 0.016796505 0.999826491 0.008043693 -14.652848244 -0.038120124 -0.007398627 0.999245703 149.508804321
0.999148011 -0.015451591 0.038269326 9.980127335 0.015187507 0.999858797 0.007181821 -14.868368149 -0.038374905 -0.006594487 0.999241650 151.752532959
0.999158084 -0.014738243 0.038287032 10.161243439 0.014469732 0.999868751 0.007280864 -15.081007957 -0.038389314 -0.006720731 0.999240398 153.970046997
0.999146640 -0.014032209 0.038846560 10.341564178 0.013735737 0.999874532 0.007888257 -15.297313690 -0.038952380 -0.007347939 0.999214053 156.224502563
0.999149561 -0.013314234 0.039021380 10.535195351 0.012968235 0.999874353 0.009106662 -15.512280464 -0.039137725 -0.008592879 0.999196887 158.435943604
0.999085069 -0.012525803 0.040891550 10.686494827 0.012104196 0.999871194 0.010541677 -15.729694366 -0.041018330 -0.010037071 0.999107897 160.693283081
0.999039769 -0.011626845 0.042240698 10.861165047 0.011109673 0.999860704 0.012457605 -15.940193176 -0.042379651 -0.011976363 0.999029756 162.928100586
0.999037027 -0.010651930 0.042562891 11.056083679 0.010178204 0.999884009 0.011331326 -16.135419846 -0.042678654 -0.010887200 0.999029517 165.152023315
0.999001861 -0.009942216 0.043547992 11.250090599 0.009502294 0.999901831 0.010297379 -16.343635559 -0.043646093 -0.009873296 0.998998284 167.385696411
0.998919129 -0.007964079 0.045792364 11.429164886 0.007474056 0.999912977 0.010862241 -16.556118011 -0.045874894 -0.010508247 0.998891950 169.612960815
0.998808444 -0.007387420 0.048242711 11.622258186 0.006820023 0.999905705 0.011915343 -16.782772064 -0.048326202 -0.011572126 0.998764575 171.836639404
0.998688519 -0.007972966 0.050575294 11.820901871 0.007399525 0.999906242 0.011515507 -16.985092163 -0.050662376 -0.011126170 0.998653889 174.095901489
0.998601377 -0.007554447 0.052327652 12.024624825 0.006911858 0.999898612 0.012450198 -17.198911667 -0.052416399 -0.012071106 0.998552382 176.344406128
0.998555183 -0.008031596 0.053132802 12.226770401 0.007330215 0.999883652 0.013382290 -17.399559021 -0.053234089 -0.012973480 0.998497784 178.564331055
0.998547256 -0.010047579 0.052937783 12.434367180 0.009359065 0.999868512 0.013237971 -17.612730026 -0.053063832 -0.012723289 0.998510003 180.803649902
0.998487949 -0.010956969 0.053869057 12.630540848 0.010280833 0.999865055 0.012812643 -17.811742783 -0.054002177 -0.012239450 0.998465776 183.054000854
0.998566747 -0.011870502 0.052187845 12.853097916 0.011189476 0.999848664 0.013322392 -18.036947250 -0.052338097 -0.012719343 0.998548388 185.309219360
0.998571634 -0.013661142 0.051653374 13.059480667 0.012938567 0.999814212 0.014297497 -18.242710114 -0.051839083 -0.013608754 0.998562694 187.554443359
0.998593152 -0.014558856 0.050987925 13.268668175 0.013876435 0.999809742 0.013712473 -18.439525604 -0.051177863 -0.012985650 0.998605132 189.801025391
0.998555005 -0.016066216 0.051281646 13.463876724 0.015379101 0.999786973 0.013765461 -18.653680801 -0.051491875 -0.012956904 0.998589337 192.031539917
0.998524189 -0.017634811 0.051365819 13.658192635 0.016963646 0.999765277 0.013473127 -18.859333038 -0.051591367 -0.012581891 0.998589039 194.268676758
0.998552144 -0.017264919 0.050947689 13.863264084 0.016608838 0.999774039 0.013272963 -19.056745529 -0.051165331 -0.012407565 0.998613179 196.500946045
0.998555481 -0.014732001 0.051673856 14.069911957 0.014034930 0.999805868 0.013826885 -19.269548416 -0.051867533 -0.013081673 0.998568296 198.727249146
0.998563170 -0.013172792 0.051942538 14.271972656 0.012476237 0.999828160 0.013711649 -19.475183487 -0.052114226 -0.013043901 0.998555958 200.961486816
0.998537600 -0.012849112 0.052511737 14.483002663 0.012199866 0.999845386 0.012665721 -19.674011230 -0.052666355 -0.012006560 0.998540103 203.225128174
0.998509109 -0.013233939 0.052956667 14.684858322 0.012552177 0.999834359 0.013185942 -19.868846893 -0.053122379 -0.012501561 0.998509765 205.451614380
0.998484671 -0.014722541 0.053024646 14.910874367 0.014025742 0.999810636 0.013489281 -20.076189041 -0.053213194 -0.012725131 0.998502076 207.697601318
0.998443961 -0.014183705 0.053930197 15.117872238 0.013480707 0.999819636 0.013376818 -20.266292572 -0.054110207 -0.012628987 0.998455107 209.939941406
0.998337626 -0.014140279 0.055875305 15.329432487 0.013299142 0.999792993 0.015397117 -20.485876083 -0.056081455 -0.014628428 0.998318970 212.171493530
0.998275518 -0.012757668 0.057299357 15.563220978 0.011880759 0.999807417 0.015618657 -20.683031082 -0.057487581 -0.014910962 0.998234868 214.403793335
0.998108745 -0.011036578 0.060475715 15.770654678 0.010118158 0.999829113 0.015471864 -20.875701904 -0.060636144 -0.014830698 0.998049736 216.658950806
0.997965693 -0.011124793 0.062774248 15.995325089 0.010146265 0.999822319 0.015885349 -21.073057175 -0.062939823 -0.015216110 0.997901261 218.905395508
0.997823000 -0.012519075 0.064750083 16.225620270 0.011471725 0.999797702 0.016521849 -21.266494751 -0.064943835 -0.015743084 0.997764707 221.136444092
0.997713029 -0.013822051 0.066163018 16.457553864 0.012690609 0.999766469 0.017490659 -21.460464478 -0.066389322 -0.016611014 0.997655511 223.364715576
0.997640073 -0.015728341 0.066835083 16.702733994 0.014636530 0.999751806 0.016794313 -21.657155991 -0.067082658 -0.015776446 0.997622669 225.592025757
0.997608006 -0.017173370 0.066956885 16.943225861 0.016092258 0.999731839 0.016652465 -21.850198746 -0.067224897 -0.015535146 0.997616887 227.834106445
0.997552574 -0.017587382 0.067671232 17.178411484 0.016476758 0.999720752 0.016935397 -22.042007446 -0.067950204 -0.015778942 0.997563899 230.066116333
0.997507095 -0.018929521 0.067979649 17.426649094 0.017881883 0.999712288 0.015986737 -22.237668991 -0.068262719 -0.014731281 0.997558534 232.313705444
0.997440219 -0.019815151 0.068705320 17.668430328 0.018681699 0.999679148 0.017100872 -22.427400589 -0.069022149 -0.015773565 0.997490406 234.551452637
0.997432530 -0.019193307 0.068992354 17.940225601 0.018018037 0.999682367 0.017617002 -22.632030487 -0.069308579 -0.016328661 0.997461557 236.824386597
0.997400641 -0.018935740 0.069522835 18.180988312 0.017763605 0.999690115 0.017439498 -22.819478989 -0.069831520 -0.016159190 0.997427940 239.050628662
0.997364223 -0.019241462 0.069958217 18.429452896 0.018032970 0.999677777 0.017865231 -23.014068604 -0.070279412 -0.016556595 0.997389853 241.278808594
0.997316778 -0.019665297 0.070516415 18.678144455 0.018436246 0.999667287 0.018038042 -23.204193115 -0.070847668 -0.016689589 0.997347474 243.528030396
0.997277558 -0.019909684 0.071000628 18.925815582 0.018719055 0.999673367 0.017395539 -23.399963379 -0.071323782 -0.016019115 0.997324586 245.750564575
0.997284353 -0.019700674 0.070963025 19.181529999 0.018550809 0.999686301 0.016826533 -23.597858429 -0.071272261 -0.015464417 0.997336984 247.985275269
0.997258306 -0.019923696 0.071266353 19.436439514 0.018743630 0.999676466 0.017189207 -23.787818909 -0.071585782 -0.015806289 0.997309148 250.219589233
0.997233450 -0.021102663 0.071275070 19.693910599 0.019925784 0.999653816 0.017182693 -23.982221603 -0.071612999 -0.015714943 0.997308671 252.454284668
0.997228980 -0.021219349 0.071302667 19.960371017 0.019990478 0.999639869 0.017904257 -24.176914215 -0.071656898 -0.016429273 0.997293949 254.718338013
0.997193575 -0.022049811 0.071545228 20.201213837 0.020796316 0.999617755 0.018218201 -24.369855881 -0.071919598 -0.016679199 0.997270942 256.936553955
0.997180998 -0.022175882 0.071681872 20.466766357 0.020899624 0.999610305 0.018505815 -24.565664291 -0.072064333 -0.016955527 0.997255802 259.219757080
0.997154593 -0.021831993 0.072153494 20.724550247 0.020584211 0.999626219 0.017992077 -24.754755020 -0.072519310 -0.016455660 0.997231245 261.464965820
0.997130573 -0.021756839 0.072507009 20.984838486 0.020546377 0.999637485 0.017398711 -24.942989349 -0.072859272 -0.015859028 0.997216046 263.726776123
0.997107625 -0.020949125 0.073058158 21.244808197 0.019759346 0.999660730 0.016970335 -25.140508652 -0.073388904 -0.015477673 0.997183263 265.969146729
0.997040510 -0.020318283 0.074144095 21.502607346 0.019089056 0.999669015 0.017250055 -25.330421448 -0.074470036 -0.015783664 0.997098327 268.215881348
0.996926606 -0.019790040 0.075800180 21.759180069 0.018566264 0.999686241 0.016815662 -25.534637451 -0.076109178 -0.015356656 0.996981204 270.466064453
0.996843219 -0.020429164 0.076722078 22.034162521 0.019167760 0.999669313 0.017141826 -25.731130600 -0.077046908 -0.015617121 0.996905148 272.716400146
0.996644437 -0.021007581 0.079111263 22.278846741 0.019632941 0.999643087 0.018114055 -25.926111221 -0.079463549 -0.016500087 0.996701181 274.950561523
0.996469319 -0.020927595 0.081307068 22.537220001 0.019358881 0.999611855 0.020034427 -26.114614487 -0.081694767 -0.018389678 0.996487737 277.178466797
0.996428668 -0.020401029 0.081937015 22.821086884 0.018743811 0.999605060 0.020944087 -26.303997040 -0.082331933 -0.019333476 0.996417344 279.426635742
0.996327341 -0.020177012 0.083213910 23.101692200 0.018406598 0.999588788 0.021988096 -26.493694305 -0.083623342 -0.020375656 0.996289074 281.664550781
0.996301174 -0.019581547 0.083668426 23.390607834 0.017778866 0.999594629 0.022236632 -26.679647446 -0.084069930 -0.020666854 0.996245503 283.936035156
0.996180713 -0.018399144 0.085354991 23.657421112 0.016608477 0.999627769 0.021641975 -26.856853485 -0.085721403 -0.020141704 0.996115506 286.168884277
0.996184587 -0.018088089 0.085375860 23.946760178 0.016385954 0.999653518 0.020595817 -27.034126282 -0.085718825 -0.019118270 0.996135950 288.406127930
0.996123135 -0.019029347 0.085888080 24.222017288 0.017275726 0.999627829 0.021114884 -27.225303650 -0.086257920 -0.019549243 0.996081054 290.632598877
0.996065855 -0.018741125 0.086612821 24.487514496 0.017037582 0.999647439 0.020366065 -27.411966324 -0.086963974 -0.018810268 0.996033847 292.910888672
0.996067584 -0.019284504 0.086473510 24.771005630 0.017666446 0.999654889 0.019438108 -27.592691422 -0.086818554 -0.017833989 0.996064484 295.142669678
0.996060848 -0.019158326 0.086577632 25.053522110 0.017516691 0.999652803 0.019681636 -27.782661438 -0.086924613 -0.018087551 0.996050775 297.375793457
0.996053576 -0.018455651 0.086815342 25.335412979 0.016794998 0.999662519 0.019820316 -27.963737488 -0.087151833 -0.018284028 0.996027231 299.615509033
0.995991468 -0.018372165 0.087541275 25.600898743 0.016612234 0.999645829 0.020790346 -28.155597687 -0.087892227 -0.019252749 0.995943844 301.850250244
0.995979786 -0.018572016 0.087631918 25.889530182 0.016803565 0.999640822 0.020875245 -28.338062286 -0.087988123 -0.019318789 0.995934188 304.098388672
0.995935082 -0.018115258 0.088232927 26.175258636 0.016327165 0.999647319 0.020945387 -28.518655777 -0.088581242 -0.019419651 0.995879591 306.341400146
0.995918870 -0.018472267 0.088342346 26.460142136 0.016699601 0.999644935 0.020763090 -28.708095551 -0.088694520 -0.019203072 0.995873749 308.587097168
0.995875180 -0.019819155 0.088541903 26.752998352 0.018018199 0.999615073 0.021093385 -28.890016556 -0.088925876 -0.019411014 0.995849013 310.846038818
0.995830953 -0.019521663 0.089104652 27.041074753 0.017752413 0.999630034 0.020605452 -29.079036713 -0.089473940 -0.018937722 0.995809078 313.083343506
0.995861351 -0.019060699 0.088863857 27.341800690 0.017240355 0.999626338 0.021207491 -29.265922546 -0.089234903 -0.019587677 0.995817900 315.331054688
0.995810091 -0.017215358 0.089810513 27.629272461 0.015434905 0.999671221 0.020481601 -29.454534531 -0.090133585 -0.019009572 0.995748222 317.567718506
0.995802939 -0.015621223 0.090178750 27.916919708 0.013782970 0.999685049 0.020971451 -29.639652252 -0.090477943 -0.019640505 0.995704770 319.811157227
0.995737672 -0.014167793 0.091135986 28.200428009 0.012377194 0.999719679 0.020182842 -29.823829651 -0.091396391 -0.018968813 0.995633841 322.032409668
0.995704949 -0.013294384 0.091624998 28.489912033 0.011431300 0.999717712 0.020828731 -30.007175446 -0.091876060 -0.019691871 0.995575726 324.275054932
0.995731890 -0.013301787 0.091329299 28.794195175 0.011327499 0.999691665 0.022101680 -30.201253891 -0.091595121 -0.020972822 0.995575428 326.505401611
0.995681882 -0.013987118 0.091771334 29.079347610 0.012040188 0.999691367 0.021734480 -30.384265900 -0.092046998 -0.020535687 0.995542824 328.741210938
0.995658278 -0.015759505 0.091741435 29.379650116 0.013888924 0.999683142 0.020992614 -30.566209793 -0.092043191 -0.019627282 0.995561540 330.972869873
0.995653272 -0.015053598 0.091912098 29.669021606 0.013216253 0.999701142 0.020566333 -30.748817444 -0.092194214 -0.019262200 0.995554745 333.194122314
0.995603204 -0.015504293 0.092378944 29.957981110 0.013535448 0.999668479 0.021901283 -30.932958603 -0.092687868 -0.020554602 0.995483041 335.448059082
0.995635748 -0.016095983 0.091926113 30.264080048 0.014129664 0.999658108 0.022001151 -31.114208221 -0.092248812 -0.020606246 0.995522738 337.681610107
0.995596647 -0.015770888 0.092405543 30.546014786 0.013765670 0.999656737 0.022297572 -31.301609039 -0.092725471 -0.020927360 0.995471776 339.914764404
0.995591640 -0.016152026 0.092391744 30.845899582 0.014185122 0.999659419 0.021905979 -31.483821869 -0.092714094 -0.020498823 0.995481730 342.151855469
0.995595157 -0.016478827 0.092297181 31.137519836 0.014446940 0.999639273 0.022639731 -31.667263031 -0.092636988 -0.021206593 0.995474041 344.403930664
0.995619833 -0.015792085 0.092150792 31.428529739 0.013764039 0.999649704 0.022602191 -31.844951630 -0.092475452 -0.021234820 0.995488524 346.646026611
0.995634615 -0.015497307 0.092042595 31.718153000 0.013488454 0.999657929 0.022407455 -32.024200439 -0.092358381 -0.021068117 0.995502889 348.882049561
0.995555341 -0.014878695 0.092995696 32.007301331 0.012807186 0.999657273 0.022832599 -32.209617615 -0.093303539 -0.021540103 0.995404661 351.121978760
0.995592773 -0.014820088 0.092603683 32.306110382 0.012716635 0.999648452 0.023263518 -32.392547607 -0.092915900 -0.021983381 0.995431244 353.338287354
0.995606303 -0.014612080 0.092491247 32.600605011 0.012560502 0.999662817 0.022724744 -32.573345184 -0.092792124 -0.021463163 0.995454133 355.589935303
0.995639026 -0.014440856 0.092165045 32.895687103 0.012346811 0.999653518 0.023250511 -32.753997803 -0.092468880 -0.022011174 0.995472252 357.826293945
0.995710433 -0.013911410 0.091472752 33.195621490 0.011745745 0.999638796 0.024171384 -32.937057495 -0.091775969 -0.022993280 0.995514154 360.069946289
0.995729387 -0.013929009 0.091262937 33.490619659 0.011757756 0.999635875 0.024285801 -33.120548248 -0.091567978 -0.023109041 0.995530605 362.311279297
0.995773971 -0.013821304 0.090792127 33.790153503 0.011615152 0.999625325 0.024782568 -33.299137115 -0.091100641 -0.023623269 0.995561481 364.551940918
0.995802701 -0.013724535 0.090490684 34.083656311 0.011577117 0.999639809 0.024213186 -33.478855133 -0.090790391 -0.023063935 0.995602906 366.811370850
0.995818555 -0.014541843 0.090188473 34.373256683 0.012407197 0.999630451 0.024184380 -33.660182953 -0.090506837 -0.022964265 0.995631039 369.056793213
0.995796800 -0.014357045 0.090457581 34.659927368 0.012308570 0.999655843 0.023163015 -33.831687927 -0.090759002 -0.021952251 0.995630920 371.324798584
0.995861411 -0.015106471 0.089620441 34.947849274 0.013048843 0.999638677 0.023501029 -34.016040802 -0.089943074 -0.022234330 0.995698690 373.538116455
0.995891452 -0.014938597 0.089315906 35.241199493 0.012806745 0.999620318 0.024394304 -34.191978455 -0.089646414 -0.023150226 0.995704591 375.791076660
0.995849490 -0.015168945 0.089742213 35.520648956 0.013013659 0.999613822 0.024552982 -34.366485596 -0.090080015 -0.023283204 0.995662332 378.043090820
0.995852292 -0.015679471 0.089624859 35.813442230 0.013505233 0.999600828 0.024814548 -34.547122955 -0.089978158 -0.023501221 0.995666444 380.286621094
0.995862842 -0.015982898 0.089452796 36.109603882 0.013814441 0.999596775 0.024808215 -34.718399048 -0.089813232 -0.023469839 0.995682061 382.535552979
0.995869279 -0.015162314 0.089523233 36.405525208 0.012955581 0.999598920 0.025179701 -34.898490906 -0.089869112 -0.023915865 0.995666325 384.784790039
0.995872319 -0.014165155 0.089652881 36.697292328 0.011956402 0.999612749 0.025125999 -35.069316864 -0.089974083 -0.023950355 0.995656073 387.040832520
0.995897889 -0.013150222 0.089523457 36.997867584 0.010952268 0.999627471 0.024998846 -35.251823425 -0.089818858 -0.023915809 0.995670915 389.310333252
0.995874226 -0.011641120 0.089994833 37.283897400 0.009432584 0.999644756 0.024927180 -35.430686951 -0.090253025 -0.023975456 0.995630264 391.587188721
0.995897949 -0.010486983 0.089874126 37.578876495 0.008129030 0.999614060 0.026562193 -35.609645844 -0.090117998 -0.025722641 0.995598853 393.847930908
0.995803356 -0.009082966 0.091067031 37.858657837 0.006662064 0.999617159 0.026852544 -35.784454346 -0.091276072 -0.026133157 0.995482683 396.115417480
0.995748043 -0.008978039 0.091680221 38.156635284 0.006694821 0.999660492 0.025181416 -35.963390350 -0.091875188 -0.024460563 0.995470047 398.390838623
0.995698869 -0.008893037 0.092222303 38.451705933 0.006634576 0.999671221 0.024767060 -36.143512726 -0.092412241 -0.024048679 0.995430350 400.664001465
0.995519698 -0.009924326 0.094032131 38.725723267 0.007489056 0.999628246 0.026215868 -36.320533752 -0.094257347 -0.025394201 0.995223880 402.905395508
0.995554328 -0.011292599 0.093509667 39.050430298 0.008807286 0.999597967 0.026948309 -36.495510101 -0.093776397 -0.026004938 0.995253742 405.221435547
0.995526254 -0.011803800 0.093745492 39.346946716 0.009333146 0.999598563 0.026749771 -36.667835236 -0.094023608 -0.025755161 0.995236814 407.475494385
0.995468616 -0.010253134 0.094536439 39.654960632 0.007857068 0.999639273 0.025682909 -36.833889008 -0.094765663 -0.024823749 0.995190024 409.728118896
0.995409429 -0.009412565 0.095244348 39.956439972 0.006954362 0.999634922 0.026108542 -37.013813019 -0.095455319 -0.025326328 0.995111406 411.981292725
0.995340347 -0.008436599 0.096054517 40.254531860 0.005989057 0.999650657 0.025740625 -37.190391541 -0.096238129 -0.025045408 0.995043218 414.229217529
0.995238543 -0.007242751 0.097199447 40.558418274 0.004766049 0.999658644 0.025688650 -37.363548279 -0.097352326 -0.025103077 0.994933367 416.502044678
0.995199442 -0.007470087 0.097581849 40.875202179 0.005000549 0.999661624 0.025527436 -37.542079926 -0.097739540 -0.024916928 0.994900048 418.760070801
0.995092392 -0.007632721 0.098655052 41.177570343 0.005138715 0.999661326 0.025509486 -37.716548920 -0.098816350 -0.024877338 0.994794667 421.012969971
0.994996428 -0.007738937 0.099610023 41.479484558 0.005232679 0.999663711 0.025397427 -37.897525787 -0.099773087 -0.024749121 0.994702339 423.270904541
0.994935155 -0.008354669 0.100170977 41.795635223 0.005733176 0.999634206 0.026429558 -38.072032928 -0.100355148 -0.025721397 0.994619131 425.541015625
0.994886279 -0.007478049 0.100724377 42.106304169 0.004766447 0.999620438 0.027134825 -38.246093750 -0.100889057 -0.026515966 0.994544268 427.793731689
0.994808614 -0.006781888 0.101538502 42.424983978 0.003941630 0.999596059 0.028146774 -38.420227051 -0.101688370 -0.027600419 0.994433343 430.073242188
0.994805217 -0.007119080 0.101547755 42.743698120 0.004289729 0.999597192 0.028053476 -38.598285675 -0.101706564 -0.027472131 0.994435072 432.341125488
0.994777501 -0.007970089 0.101754971 43.068641663 0.005193820 0.999607861 0.027519705 -38.779502869 -0.101934388 -0.026847485 0.994428694 434.608917236
0.994775891 -0.007027823 0.101840489 43.395793915 0.004240943 0.999611259 0.027555877 -38.939315796 -0.101994559 -0.026980028 0.994419038 436.878021240
0.994719148 -0.007453543 0.102363579 43.716930389 0.004615529 0.999599099 0.027933754 -39.115596771 -0.102530740 -0.027313778 0.994354725 439.166900635
0.994774759 -0.007424836 0.101823814 44.049823761 0.004584088 0.999594510 0.028104341 -39.286430359 -0.101991206 -0.027490715 0.994405448 441.438140869
0.994702935 -0.006712288 0.102571271 44.358386993 0.003737301 0.999567509 0.029168790 -39.470256805 -0.102722675 -0.028630942 0.994297922 443.678985596
0.994667709 -0.007385126 0.102867149 44.683731079 0.004388329 0.999560118 0.029328596 -39.639759064 -0.103038497 -0.028720794 0.994262636 445.959014893
0.994634449 -0.007183414 0.103202209 45.002071381 0.004224770 0.999574542 0.028858460 -39.811637878 -0.103365593 -0.028267613 0.994241655 448.225982666
0.994653761 -0.006447443 0.103064850 45.328372955 0.003521058 0.999586165 0.028550385 -39.984336853 -0.103206269 -0.028034849 0.994264781 450.488891602
0.994571447 -0.006000174 0.103882819 45.642978668 0.003059458 0.999590695 0.028444240 -40.163528442 -0.104010969 -0.027972007 0.994182706 452.749877930
0.994488120 -0.005356491 0.104712509 45.959342957 0.002384971 0.999591470 0.028482528 -40.326049805 -0.104822293 -0.028075801 0.994094610 455.026367188
0.994454086 -0.005752815 0.105014183 46.273632050 0.002778328 0.999591410 0.028448952 -40.506729126 -0.105134942 -0.027999416 0.994063675 457.287261963
0.994482458 -0.005156156 0.104776487 46.611305237 0.002244637 0.999608576 0.027886841 -40.681900024 -0.104879268 -0.027497793 0.994104743 459.572052002
0.994478881 -0.004002200 0.104860544 46.938610077 0.001059803 0.999604523 0.028100792 -40.850307465 -0.104931541 -0.027834514 0.994089842 461.856872559
0.994496584 -0.003895847 0.104697883 47.263908386 0.000819007 0.999566913 0.029414745 -41.022804260 -0.104767159 -0.029167108 0.994068980 464.132934570
0.994533241 -0.003887942 0.104347810 47.582439423 0.000803273 0.999561846 0.029587181 -41.187660217 -0.104417101 -0.029341616 0.994100630 466.400360107
0.994615197 -0.004033209 0.103558339 47.910461426 0.001082279 0.999592185 0.028535737 -41.357933044 -0.103631191 -0.028270001 0.994213879 468.681579590
0.994692981 -0.003928721 0.102812193 48.244873047 0.001020103 0.999598145 0.028327895 -41.536506653 -0.102882162 -0.028072679 0.994297326 470.974365234
0.994769573 -0.004463183 0.102046333 48.567756653 0.001447052 0.999560416 0.029611427 -41.716903687 -0.102133647 -0.029308882 0.994338810 473.248229980
0.994695842 -0.004548607 0.102758594 48.870979309 0.001445803 0.999541342 0.030249411 -41.891803741 -0.102849051 -0.029940400 0.994246244 475.532318115
0.994828641 -0.003766919 0.101497099 49.198715210 0.000789023 0.999568462 0.029363889 -42.040714264 -0.101563916 -0.029131960 0.994402409 477.802673340
0.994841635 -0.003656651 0.101374514 49.516632080 0.000617468 0.999549866 0.029994931 -42.208808899 -0.101438582 -0.029777607 0.994396031 480.080566406
0.994845867 -0.004243116 0.101309769 49.833911896 0.001144076 0.999530196 0.030628270 -42.378677368 -0.101392120 -0.030354500 0.994383276 482.353515625
0.994885147 -0.004613246 0.100906856 50.150264740 0.001600541 0.999551117 0.029916907 -42.545364380 -0.100999571 -0.029602380 0.994445980 484.629302979
0.995001078 -0.005153999 0.099730574 50.477478027 0.002146465 0.999540329 0.030240422 -42.719234467 -0.099840589 -0.029875183 0.994554818 486.915191650
0.994952142 -0.004524898 0.100248232 50.767475128 0.001498020 0.999541283 0.030248560 -42.877670288 -0.100339107 -0.029945694 0.994502544 489.198547363
0.994973779 -0.003982165 0.100056715 51.085975647 0.000928782 0.999532998 0.030544590 -43.038372040 -0.100131638 -0.030298131 0.994512796 491.502685547
0.995037675 -0.003485208 0.099436700 51.409057617 0.000394636 0.999516666 0.031083554 -43.205627441 -0.099496976 -0.030890068 0.994558275 493.789703369
0.995025992 -0.003013294 0.099569567 51.714485168 -0.000032617 0.999532461 0.030574996 -43.368865967 -0.099615142 -0.030426169 0.994560719 496.094360352
0.995048821 -0.002724917 0.099350050 52.041423798 -0.000301013 0.999536872 0.030429551 -43.547855377 -0.099386938 -0.030308796 0.994587183 498.409759521
0.995086074 -0.002761232 0.098975033 52.355392456 -0.000328029 0.999513626 0.031182675 -43.715461731 -0.099012986 -0.031061914 0.994601190 500.705291748
0.995103836 -0.002349189 0.098807208 52.665798187 -0.000761697 0.999505520 0.031434890 -43.885093689 -0.098832197 -0.031356242 0.994609952 502.989532471
0.995122850 -0.001386273 0.098634675 52.982398987 -0.001652876 0.999526560 0.030723779 -44.052932739 -0.098630585 -0.030736960 0.994649291 505.280883789
0.995155394 -0.001113590 0.098307654 53.294654846 -0.001982833 0.999505103 0.031393953 -44.222297668 -0.098293953 -0.031436794 0.994660676 507.571136475
0.995183647 -0.001466792 0.098016359 53.613052368 -0.001555918 0.999525726 0.030755278 -44.394142151 -0.098015010 -0.030759661 0.994709432 509.858947754
0.995233238 -0.002206665 0.097498037 53.934959412 -0.000882380 0.999499321 0.031628676 -44.567565918 -0.097519003 -0.031563949 0.994733036 512.168029785
0.995236039 -0.001808847 0.097477823 54.248432159 -0.001286321 0.999497235 0.031680327 -44.729103088 -0.097486123 -0.031654794 0.994733274 514.467285156
0.995279431 -0.001382878 0.097041093 54.567234039 -0.001660033 0.999509633 0.031269200 -44.894386292 -0.097036742 -0.031282686 0.994789004 516.772766113
0.995256484 -0.000334328 0.097286321 54.869270325 -0.002699006 0.999514341 0.031046184 -45.063484192 -0.097249463 -0.031161485 0.994772077 519.064086914
0.995205402 0.001672234 0.097792871 55.184734344 -0.004756560 0.999498248 0.031314746 -45.234828949 -0.097691432 -0.031629764 0.994713962 521.394226074
0.995159447 0.003530551 0.098210163 55.504653931 -0.006654169 0.999481678 0.031496093 -45.403411865 -0.098048076 -0.031997144 0.994667172 523.721191406
0.995096385 0.004170543 0.098821953 55.821376801 -0.007437223 0.999437153 0.032710917 -45.566757202 -0.098629929 -0.033285473 0.994567335 526.043945312
0.995049238 0.003534331 0.099320196 56.143051147 -0.006813225 0.999442160 0.032693602 -45.733352661 -0.099149227 -0.033208430 0.994518280 528.369750977
0.994999826 0.001728550 0.099861369 56.454730988 -0.005145764 0.999409556 0.033972140 -45.894958496 -0.099743687 -0.034316137 0.994421244 530.681457520
0.994947255 0.000039044 0.100398771 56.782451630 -0.003453226 0.999421537 0.033832662 -46.058761597 -0.100339368 -0.034008417 0.994371831 533.000244141
0.994908750 0.000126570 0.100779794 57.099220276 -0.003475988 0.999447346 0.033060104 -46.218299866 -0.100719929 -0.033242095 0.994359314 535.309875488
0.994817257 -0.000100545 0.101679124 57.416854858 -0.003256060 0.999455154 0.032845229 -46.382720947 -0.101627029 -0.033006072 0.994274914 537.623596191
0.994731128 0.000330319 0.102516912 57.731437683 -0.003674249 0.999467194 0.032431215 -46.551502228 -0.102451570 -0.032637022 0.994202375 539.928161621
0.994630218 0.001121157 0.103486419 58.051437378 -0.004460242 0.999476612 0.032040160 -46.717693329 -0.103396334 -0.032329686 0.994114697 542.254333496
0.994524896 0.001547563 0.104488574 58.381912231 -0.004819520 0.999505520 0.031068800 -46.883300781 -0.104388848 -0.031402279 0.994040668 544.575134277
0.994390905 0.001123521 0.105761364 58.687801361 -0.004542532 0.999474525 0.032092266 -47.061431885 -0.105669737 -0.032392681 0.993873537 546.902038574
0.994313180 0.001074139 0.106490053 59.013523102 -0.004607454 0.999446750 0.032939296 -47.226478577 -0.106395774 -0.033242624 0.993768036 549.216735840
0.994208515 0.000791509 0.107466303 59.332366943 -0.004391742 0.999436796 0.033268485 -47.392494202 -0.107379474 -0.033547781 0.993651927 551.516052246
0.994250894 -0.000420838 0.107074678 59.676010132 -0.003050730 0.999475002 0.032256048 -47.553810120 -0.107032061 -0.032397263 0.993727565 553.825439453
0.994274437 -0.000723984 0.106853932 60.017894745 -0.002786540 0.999461234 0.032700516 -47.720504761 -0.106820047 -0.032811046 0.993736863 556.137329102
0.994206071 -0.000277713 0.107490197 60.345325470 -0.003293223 0.999448538 0.033042118 -47.883766174 -0.107440092 -0.033204656 0.993656933 558.443664551
0.994169712 0.000335497 0.107825868 60.683044434 -0.004042537 0.999408066 0.034163136 -48.048088074 -0.107750565 -0.034399845 0.993582666 560.776550293
0.994160533 0.000042484 0.107911125 61.026889801 -0.003830464 0.999383569 0.034895740 -48.210823059 -0.107843138 -0.035105314 0.993547916 563.107238770
0.994132936 0.000428144 0.108163573 61.368133545 -0.004301712 0.999357522 0.035581332 -48.370498657 -0.108078845 -0.035837870 0.993496120 565.424682617
0.994070113 0.001426058 0.108731210 61.710948944 -0.005280339 0.999367476 0.035168115 -48.537986755 -0.108612277 -0.035533711 0.993448913 567.747985840
0.994079411 0.002295884 0.108631268 62.066406250 -0.005978641 0.999417901 0.033587903 -48.695449829 -0.108490922 -0.034038510 0.993514538 570.079650879
0.994045496 0.002683419 0.108933479 62.420036316 -0.006393972 0.999410629 0.033727575 -48.858375549 -0.108778767 -0.034223251 0.993476748 572.400085449
0.994067729 0.002643157 0.108730897 62.770011902 -0.006502235 0.999360800 0.035152782 -49.034454346 -0.108568482 -0.035651248 0.993449509 574.771728516
0.994071841 0.002651746 0.108693197 63.121749878 -0.006671094 0.999306500 0.036631912 -49.200805664 -0.108520687 -0.037139852 0.993400097 577.079711914
0.993915021 0.003426584 0.110097311 63.438003540 -0.007307220 0.999365509 0.034863222 -49.359901428 -0.109908007 -0.035455577 0.993309200 579.476257324
0.993948460 0.002805884 0.109811127 63.789043427 -0.006698164 0.999361575 0.035092410 -49.518836975 -0.109642558 -0.035615582 0.993332744 581.814270020
0.993901789 0.001444308 0.110259242 64.139305115 -0.005480727 0.999325514 0.036314148 -49.688140869 -0.110132411 -0.036696997 0.993239224 584.161315918
0.993975878 0.001670203 0.109585501 64.491477966 -0.005684417 0.999323726 0.036328703 -49.843673706 -0.109450713 -0.036732797 0.993313313 586.476989746
0.993979752 -0.001145705 0.109557927 64.857276917 -0.002718574 0.999379575 0.035115678 -50.010757446 -0.109530173 -0.035202116 0.993359864 588.848876953
0.994027019 -0.001647437 0.109121338 65.211837769 -0.002196558 0.999381483 0.035097223 -50.167015076 -0.109111659 -0.035127286 0.993408561 591.197814941
0.994028032 -0.003438903 0.109072112 65.554481506 -0.000433287 0.999371111 0.035457641 -50.325801849 -0.109125450 -0.035293140 0.993401349 593.535400391
0.994090915 -0.003897002 0.108480513 65.913444519 0.000049207 0.999371409 0.035450015 -50.484226227 -0.108550489 -0.035235196 0.993466318 595.888977051
