1.000000000 0.000000000 0.000000000 0.000000000 0.000000000 1.000000000 0.000000000 0.000000000 0.000000000 0.000000000 1.000000000 0.000000000
0.999999821 0.000136690 0.000532808 0.087560207 -0.000136587 1.000000000 -0.000193985 -0.225478619 -0.000532834 0.000193913 0.999999821 2.297064781
0.999999046 0.000512167 0.001216352 0.165339202 -0.000512612 0.999999821 0.000365474 -0.464091688 -0.001216164 -0.000366097 0.999999166 4.589848042
0.999998331 0.000209607 0.001774621 0.262442142 -0.000210713 0.999999762 0.000623127 -0.695937395 -0.001774491 -0.000623500 0.999998212 6.883992672
0.999996126 0.000235793 0.002742136 0.354506522 -0.000233069 0.999999464 -0.000993630 -0.929320931 -0.002742369 0.000992987 0.999995768 9.180452347
0.999987006 0.001948879 0.004695005 0.447145164 -0.001950407 0.999997973 0.000320908 -1.164344907 -0.004694370 -0.000330061 0.999988914 11.484563828
0.999962687 0.003905633 0.007724287 0.528165162 -0.003916728 0.999991298 0.001421707 -1.394251466 -0.007718667 -0.001451907 0.999969184 13.800012589
0.999944448 0.003770972 0.009849345 0.639836311 -0.003812423 0.999983907 0.004193130 -1.624089479 -0.009833375 -0.004230446 0.999942720 16.071397781
0.999936998 0.003806219 0.010555180 0.757506013 -0.003857222 0.999981105 0.004815980 -1.848175645 -0.010536649 -0.004856391 0.999932706 18.416004181
0.999921739 0.002883368 0.012178930 0.865527213 -0.002944068 0.999983311 0.004968978 -2.074725389 -0.012164400 -0.005004445 0.999913514 20.705509186
0.999923587 0.000466199 0.012355033 0.994068503 -0.000501131 0.999995887 0.002824405 -2.304462910 -0.012353666 -0.002830380 0.999919653 23.025621414
0.999910653 -0.001813398 0.013241723 1.101966143 0.001803877 0.999998033 0.000730956 -2.523961544 -0.013243025 -0.000707004 0.999912024 25.307910919
0.999913573 -0.002629433 0.012882921 1.245301723 0.002626729 0.999996543 0.000226862 -2.774032831 -0.012883472 -0.000193002 0.999916971 27.623321533
0.999901533 -0.002261514 0.013846160 1.352667212 0.002269924 0.999997258 -0.000591754 -3.001637936 -0.013844782 0.000623126 0.999903917 29.910518646
0.999891520 0.000028038 0.014723949 1.473400235 -0.000050981 0.999998808 0.001557845 -3.230050087 -0.014723887 -0.001558426 0.999890387 32.196495056
0.999888718 0.002028420 0.014777566 1.603775024 -0.002083475 0.999991000 0.003711161 -3.451618433 -0.014769903 -0.003741536 0.999883890 34.479709625
0.999858201 0.004200223 0.016306339 1.719256401 -0.004334992 0.999956667 0.008238202 -3.688022852 -0.016271031 -0.008307721 0.999833107 36.785964966
0.999834895 0.006021353 0.017141707 1.835366249 -0.006153571 0.999951601 0.007671017 -3.904876947 -0.017094690 -0.007775233 0.999823630 39.059101105
0.999807060 0.004858874 0.019031839 1.942576528 -0.004977803 0.999968350 0.006206542 -4.109934330 -0.019001080 -0.006300082 0.999799609 41.348514557
0.999813557 0.002452679 0.019154558 2.067833662 -0.002546523 0.999984860 0.004876391 -4.332190514 -0.019142307 -0.004924260 0.999804616 43.627330780
0.999820590 0.002563198 0.018773491 2.208624840 -0.002643240 0.999987483 0.004239931 -4.563576221 -0.018762391 -0.004288792 0.999814749 45.888916016
0.999818385 0.001940282 0.018965410 2.335347176 -0.002006072 0.999992013 0.003450521 -4.793878078 -0.018958563 -0.003487940 0.999814332 48.162738800
0.999821842 0.000443316 0.018871490 2.473448277 -0.000517949 0.999992073 0.003950101 -5.022870064 -0.018869586 -0.003959171 0.999814212 50.443065643
0.999796867 -0.000453456 0.020150125 2.600208521 0.000366737 0.999990642 0.004307128 -5.246293545 -0.020151893 -0.004298863 0.999787688 52.713851929
0.999789476 -0.001567788 0.020459507 2.736428738 0.001484863 0.999990582 0.004067690 -5.472708702 -0.020465694 -0.004036453 0.999782503 54.998043060
0.999770999 -0.001708064 0.021330344 2.869916439 0.001609237 0.999987900 0.004649476 -5.702457428 -0.021338025 -0.004614086 0.999761641 57.289859772
0.999751329 -0.003240867 0.022062438 3.008036613 0.003123426 0.999980927 0.005355436 -5.927139759 -0.022079367 -0.005285195 0.999742210 59.558464050
0.999711156 -0.004865726 0.023532180 3.132031441 0.004755522 0.999977469 0.004736809 -6.150020599 -0.023554701 -0.004623534 0.999711871 61.829944611
0.999694169 -0.005612141 0.024085404 3.283487797 0.005500245 0.999973714 0.004709540 -6.373370171 -0.024111202 -0.004575624 0.999698758 64.085327148
0.999664545 -0.005241046 0.025360430 3.421337366 0.005106752 0.999972522 0.005357305 -6.594511986 -0.025387812 -0.005225998 0.999663949 66.352516174
0.999647439 -0.004352451 0.026189698 3.568371058 0.004205247 0.999975085 0.005673162 -6.819087505 -0.026213735 -0.005561029 0.999640882 68.611206055
0.999611139 -0.004573053 0.027507329 3.705065250 0.004426745 0.999975741 0.005377448 -7.041610241 -0.027531259 -0.005253588 0.999607146 70.863792419
0.999593079 -0.005377260 0.028014377 3.863211393 0.005268432 0.999978423 0.003957035 -7.262093067 -0.028035043 -0.003807833 0.999599695 73.118988037
0.999576509 -0.006277200 0.028415136 4.018558502 0.006157271 0.999971747 0.004306153 -7.486606598 -0.028441366 -0.004129369 0.999586880 75.402061462
0.999537289 -0.007448599 0.029492874 4.182662010 0.007345578 0.999966562 0.003599884 -7.715001106 -0.029518705 -0.003381577 0.999558508 77.667732239
0.999521017 -0.008409082 0.029780068 4.331797123 0.008295681 0.999957860 0.003929376 -7.946336269 -0.029811855 -0.003680447 0.999548674 79.911956787
0.999490976 -0.008954066 0.030618353 4.480935574 0.008858620 0.999955416 0.003251503 -8.158512115 -0.030646103 -0.002978611 0.999525905 82.166450500
0.999474645 -0.008016777 0.031407889 4.646654129 0.007920945 0.999963582 0.003174417 -8.386435509 -0.031432204 -0.002923970 0.999501526 84.454650879
0.999425113 -0.007796355 0.032994527 4.803993225 0.007684689 0.999964297 0.003509877 -8.602826118 -0.033020712 -0.003254307 0.999449372 86.710426331
0.999419928 -0.007496137 0.033219893 4.971488476 0.007330415 0.999960065 0.005107604 -8.838625908 -0.033256851 -0.004861127 0.999435127 88.996376038
0.999391675 -0.006721926 0.034224123 5.132321358 0.006528465 0.999962032 0.005761450 -9.063087463 -0.034261551 -0.005534513 0.999397516 91.250556946
0.999365091 -0.006515691 0.035028350 5.299948215 0.006312660 0.999962628 0.005903659 -9.284414291 -0.035065506 -0.005678789 0.999368787 93.488410950
0.999353766 -0.006531496 0.035347033 5.476481438 0.006363893 0.999967992 0.004852066 -9.500398636 -0.035377592 -0.004623985 0.999363303 95.724685669
0.999315381 -0.007335072 0.036261972 5.643198013 0.007144842 0.999960065 0.005372787 -9.722463608 -0.036299940 -0.005110022 0.999327898 97.971496582
0.999283433 -0.006971399 0.037200101 5.801781654 0.006789852 0.999964416 0.005004379 -9.952278137 -0.037233662 -0.004748210 0.999295294 100.211090088
0.999216139 -0.006968111 0.038967106 5.957168102 0.006742655 0.999959767 0.005914213 -10.166357040 -0.039006755 -0.005646836 0.999222934 102.443496704
0.999222398 -0.007050594 0.038791835 6.158393860 0.006821060 0.999958456 0.006046239 -10.391203880 -0.038832847 -0.005776936 0.999228954 104.702217102
0.999191701 -0.007875458 0.039419346 6.335902214 0.007622118 0.999949336 0.006572978 -10.604895592 -0.039469104 -0.006267206 0.999201119 106.942176819
0.999168158 -0.009302925 0.039702315 6.521601677 0.009045443 0.999936938 0.006660023 -10.819561958 -0.039761763 -0.006295358 0.999189377 109.196105957
0.999124527 -0.010321987 0.040540423 6.697969913 0.010025811 0.999921620 0.007502170 -11.040924072 -0.040614687 -0.007089152 0.999149680 111.452392578
0.999098718 -0.011166436 0.040951453 6.889552593 0.010920859 0.999921143 0.006215569 -11.261914253 -0.041017618 -0.005762742 0.999141812 113.722900391
0.999049604 -0.011668700 0.041996289 7.069713116 0.011454683 0.999920189 0.005333128 -11.481381416 -0.042055160 -0.004847005 0.999103546 115.977981567
0.999013722 -0.012056944 0.042737029 7.249674797 0.011814453 0.999912620 0.005922148 -11.707727432 -0.042804714 -0.005411391 0.999068737 118.223365784
0.998956859 -0.012182776 0.044008959 7.436738491 0.011900581 0.999906957 0.006668522 -11.928943634 -0.044086117 -0.006137833 0.999008834 120.498176575
0.998937070 -0.012919910 0.044246655 7.636775017 0.012606478 0.999893427 0.007355461 -12.152267456 -0.044336975 -0.006789848 0.998993516 122.709785461
0.998862803 -0.013966386 0.045585752 7.831230164 0.013670682 0.999883473 0.006792095 -12.375016212 -0.045675304 -0.006161183 0.998937368 125.021568298
0.998829484 -0.014610580 0.046109777 8.016030312 0.014342231 0.999878287 0.006145267 -12.597938538 -0.046193954 -0.005476756 0.998917460 127.285377502
0.998809516 -0.016298255 0.045976777 8.206523895 0.016014442 0.999850333 0.006534658 -12.813782692 -0.046076402 -0.005790586 0.998921156 129.546264648
0.998829067 -0.017411208 0.045137160 8.394075394 0.017124975 0.999830782 0.006720366 -13.026162148 -0.045246530 -0.005939524 0.998958170 131.794204712
0.998890817 -0.017709503 0.043629803 8.593008995 0.017387947 0.999818802 0.007738687 -13.240418434 -0.043758951 -0.006971471 0.999017715 134.029479980
0.998934031 -0.018720180 0.042192310 8.778013229 0.018407123 0.999800324 0.007796021 -13.464216232 -0.042329814 -0.007011073 0.999079049 136.280227661
0.999010742 -0.019564703 0.039934233 8.989674568 0.019298999 0.999789119 0.007028249 -13.672119141 -0.040063310 -0.006250606 0.999177575 138.506713867
0.998987854 -0.020104272 0.040237211 9.143825531 0.019819975 0.999775708 0.007452118 -13.895707130 -0.040378023 -0.006647075 0.999162376 140.788009644
0.998983085 -0.020453718 0.040180501 9.316774368 0.020168295 0.999768436 0.007496071 -14.100673676 -0.040324524 -0.006678076 0.999164283 143.021133423
0.999023497 -0.020574069 0.039098144 9.509323120 0.020238711 0.999755025 0.008954009 -14.328561783 -0.039272781 -0.008153969 0.999195397 145.275039673
0.999044418 -0.019591402 0.039068501 9.686254501 0.019301174 0.999783337 0.007792079 -14.540231705 -0.039212693 -0.007030565 0.999206126 147.526748657
0.999063253 -0.018649464 0.039047696 9.868808746 0.018417370 0.999810576 0.006295180 -14.755828857 -0.039157704 -0.005570127 0.999217510 149.782684326
0.999072492 -0.017416798 0.039380874 10.044498444 0.017223543 0.999837935 0.005241285 -14.972471237 -0.039465770 -0.004558146 0.999210536 152.031707764
0.999079943 -0.016644521 0.039525148 10.231452942 0.016446443 0.999850512 0.005331303 -15.188448906 -0.039607976 -0.004676349 0.999204338 154.277084351
0.999057531 -0.016075714 0.040320221 10.413703918 0.015866246 0.999858856 0.005509761 -15.402795792 -0.040403105 -0.004864837 0.999171555 156.542984009
0.999064744 -0.014759033 0.040642008 10.586282730 0.014471378 0.999868095 0.007362941 -15.629413605 -0.040745318 -0.006767910 0.999146581 158.774688721
0.999019682 -0.014031458 0.041985106 10.766691208 0.013690557 0.999871075 0.008396097 -15.845209122 -0.042097498 -0.007813065 0.999082983 161.013671875
0.999000490 -0.012696413 0.042857513 10.940382004 0.012265632 0.999871671 0.010299496 -16.066652298 -0.042982776 -0.009763525 0.999028087 163.295852661
0.998970509 -0.012391667 0.043639321 11.127104759 0.012010819 0.999887586 0.008978628 -16.263160706 -0.043745674 -0.008445238 0.999006987 165.561508179
0.998934805 -0.011768954 0.044617899 11.322360992 0.011440235 0.999905586 0.007615641 -16.474899292 -0.044703312 -0.007097089 0.998975217 167.810058594
0.998871684 -0.010006614 0.046422675 11.509812355 0.009643164 0.999921083 0.008046569 -16.689350128 -0.046499535 -0.007589829 0.998889506 170.046020508
0.998739243 -0.009773532 0.049237747 11.702591896 0.009371120 0.999920845 0.008397039 -16.920616150 -0.049315911 -0.007925038 0.998751760 172.330490112
0.998624504 -0.010007516 0.051468227 11.904929161 0.009598102 0.999920368 0.008195722 -17.132459641 -0.051546149 -0.007690451 0.998641014 174.598632812
0.998542666 -0.009827399 0.053065158 12.115391731 0.009368210 0.999916494 0.008895086 -17.349035263 -0.053148139 -0.008384995 0.998551428 176.851196289
0.998497903 -0.010403777 0.053791735 12.318746567 0.009898809 0.999904454 0.009645416 -17.556528091 -0.053886950 -0.009098453 0.998505592 179.076385498
0.998483717 -0.011929396 0.053742401 12.533515930 0.011448552 0.999891698 0.009246213 -17.773448944 -0.053846896 -0.008616922 0.998511970 181.345260620
0.998442471 -0.012857343 0.054290589 12.735181808 0.012385838 0.999882638 0.009012444 -17.982679367 -0.054400101 -0.008325973 0.998484492 183.593002319
0.998504460 -0.014392226 0.052741934 12.960430145 0.013942054 0.999863207 0.008893413 -18.206583023 -0.052862711 -0.008144778 0.998568594 185.839797974
0.998513818 -0.016064709 0.052077163 13.172345161 0.015579937 0.999831557 0.009701452 -18.418678284 -0.052224249 -0.008875675 0.998595953 188.085754395
0.998532057 -0.016773395 0.051502101 13.378242493 0.016321190 0.999824584 0.009188472 -18.624933243 -0.051647190 -0.008334409 0.998630643 190.326461792
0.998499513 -0.017752349 0.051802333 13.584302902 0.017305173 0.999809146 0.009068259 -18.843036652 -0.051953424 -0.008158203 0.998616159 192.565231323
0.998466134 -0.019433787 0.051842567 13.781912804 0.019020388 0.999783337 0.008455670 -19.053367615 -0.051995657 -0.007456634 0.998619437 194.805511475
0.998493314 -0.018958207 0.051497404 13.995301247 0.018533977 0.999790490 0.008703131 -19.266889572 -0.051651604 -0.007735566 0.998635352 197.045852661
0.998492181 -0.017422980 0.052057073 14.206285477 0.016985776 0.999816835 0.008829288 -19.480808258 -0.052201368 -0.007931747 0.998605132 199.278869629
0.998522341 -0.014373397 0.052406959 14.405635834 0.013944833 0.999866307 0.008534184 -19.701642990 -0.052522622 -0.007790766 0.998589337 201.549545288
0.998499453 -0.013840648 0.052983530 14.618092537 0.013448658 0.999879539 0.007747713 -19.915559769 -0.053084392 -0.007023531 0.998565316 203.817306519
0.998456001 -0.014084119 0.053732947 14.814658165 0.013641055 0.999869883 0.008603587 -20.125782013 -0.053847134 -0.007857329 0.998518229 206.039245605
0.998441339 -0.015387367 0.053648092 15.050314903 0.014926760 0.999848306 0.008975921 -20.355468750 -0.053778075 -0.008161139 0.998519480 208.312255859
0.998383224 -0.015046538 0.054814041 15.256278992 0.014549271 0.999849379 0.009459721 -20.560604095 -0.054948125 -0.008646922 0.998451710 210.556640625
0.998312950 -0.015129556 0.056055568 15.474376678 0.014558429 0.999837995 0.010582942 -20.782684326 -0.056206606 -0.009749008 0.998371542 212.804916382
0.998248041 -0.013719370 0.057555493 15.709424973 0.013129004 0.999857247 0.010622961 -20.989336014 -0.057693023 -0.009848705 0.998285770 215.039230347
0.998076558 -0.011478605 0.060921449 15.929662704 0.010844041 0.999883533 0.010736567 -21.197040558 -0.061037596 -0.010055281 0.998084843 217.333984375
0.997939467 -0.011568028 0.063110597 16.157712936 0.010887993 0.999879003 0.011108631 -21.404842377 -0.063231453 -0.010398596 0.997944713 219.583526611
0.997814357 -0.012724192 0.064843297 16.392679214 0.011992352 0.999860048 0.011663015 -21.609170914 -0.064982630 -0.010859900 0.997827232 221.820343018
0.997702539 -0.014416658 0.066195615 16.626966476 0.013615204 0.999828637 0.012542563 -21.812908173 -0.066365093 -0.011612481 0.997727811 224.057189941
0.997633755 -0.016460406 0.066752099 16.881324768 0.015677210 0.999802172 0.012239817 -22.029182434 -0.066940367 -0.011164366 0.997694612 226.297912598
0.997600853 -0.017717451 0.066922761 17.123222351 0.016972292 0.999787629 0.011686796 -22.227123260 -0.067115612 -0.010522923 0.997689724 228.551910400
0.997560501 -0.017992970 0.067448929 17.364124298 0.017228941 0.999780834 0.011892228 -22.429233551 -0.067648098 -0.010701143 0.997651994 230.789596558
0.997488260 -0.019357236 0.068135828 17.602706909 0.018639673 0.999764025 0.011151459 -22.634525299 -0.068335630 -0.009853422 0.997613728 233.030242920
0.997502029 -0.020078011 0.067724049 17.879276276 0.019304551 0.999740958 0.012056042 -22.845108032 -0.067948572 -0.010718543 0.997631252 235.328765869
0.997471392 -0.019691193 0.068286858 18.124898911 0.018910060 0.999748349 0.012066683 -23.046569824 -0.068507284 -0.010744864 0.997592747 237.575042725
0.997424424 -0.019633509 0.068985566 18.362939835 0.018853292 0.999750912 0.011942859 -23.245317459 -0.069202878 -0.010611494 0.997546196 239.795578003
0.997390628 -0.019831156 0.069416761 18.609249115 0.019032421 0.999745011 0.012148960 -23.448379517 -0.069639981 -0.010796089 0.997513890 242.028472900
0.997348607 -0.020335011 0.069873162 18.854888916 0.019530125 0.999734998 0.012183268 -23.646932602 -0.070102379 -0.010786333 0.997481465 244.267654419
0.997303367 -0.020507561 0.070465192 19.101583481 0.019750325 0.999739647 0.011426263 -23.854917526 -0.070681177 -0.010003742 0.997448802 246.499786377
0.997312009 -0.019958798 0.070501477 19.356105804 0.019248195 0.999756992 0.010744344 -24.063568115 -0.070698790 -0.009358435 0.997453809 248.737365723
0.997306228 -0.020106545 0.070539922 19.615705490 0.019354308 0.999748468 0.011331458 -24.275276184 -0.070750028 -0.009935683 0.997444570 250.977310181
0.997276783 -0.021781422 0.070460066 19.874710083 0.021021454 0.999712706 0.011509486 -24.486713409 -0.070690535 -0.009996971 0.997448206 253.212478638
0.997275829 -0.021743815 0.070485219 20.137298584 0.020939855 0.999707162 0.012125074 -24.693166733 -0.070728220 -0.010616090 0.997439086 255.475906372
0.997226775 -0.022428349 0.070963293 20.372817993 0.021600194 0.999689639 0.012416214 -24.899244308 -0.071219742 -0.010848958 0.997401714 257.694519043
0.997207642 -0.022975611 0.071056843 20.637439728 0.022116087 0.999672711 0.012859549 -25.106548309 -0.071329042 -0.011252143 0.997389376 259.962158203
0.997175336 -0.022719713 0.071590230 20.892482758 0.021890283 0.999684095 0.012349252 -25.307895660 -0.071848191 -0.010747240 0.997357666 262.209442139
0.997153938 -0.022642156 0.071911834 21.151817322 0.021849655 0.999691784 0.011788082 -25.507888794 -0.072156571 -0.010183287 0.997341275 264.467224121
0.997130752 -0.021870470 0.072472207 21.412595749 0.021095768 0.999712050 0.011437973 -25.717941284 -0.072701499 -0.009876297 0.997304857 266.709838867
0.997070193 -0.021245990 0.073483750 21.669616699 0.020455470 0.999724805 0.011493793 -25.918128967 -0.073707722 -0.009956975 0.997230172 268.955718994
0.996945143 -0.020821447 0.075278290 21.919044495 0.020050047 0.999738574 0.010988698 -26.131420135 -0.075487405 -0.009445798 0.997101963 271.211212158
0.996826231 -0.021623010 0.076615423 22.184852600 0.020807110 0.999718070 0.011431737 -26.340560913 -0.076841019 -0.009801311 0.996995151 273.457794189
0.996656179 -0.022042843 0.078680031 22.438079834 0.021153672 0.999702811 0.012116860 -26.545705795 -0.078923739 -0.010411972 0.996826291 275.705627441
0.996550918 -0.021991843 0.080016583 22.718248367 0.021003470 0.999692619 0.013173033 -26.740303040 -0.080281682 -0.011446972 0.996706545 277.947509766
0.996496856 -0.021420052 0.080840424 23.002223969 0.020291004 0.999685109 0.014762242 -26.955310822 -0.081131168 -0.013070193 0.996617734 280.193176270
0.996416092 -0.021083215 0.081915826 23.283830643 0.019865319 0.999680102 0.015654391 -27.157033920 -0.082219668 -0.013971005 0.996516287 282.429809570
0.996345162 -0.020186270 0.082998939 23.558359146 0.018951923 0.999698102 0.015632948 -27.347394943 -0.083289452 -0.014002820 0.996427119 284.670837402
0.996245801 -0.019119913 0.084431186 23.822935104 0.017904297 0.999725163 0.015131579 -27.540716171 -0.084697291 -0.013563093 0.996314406 286.894744873
0.996218681 -0.017973986 0.085002854 24.108121872 0.016892081 0.999767125 0.013430059 -27.726301193 -0.085224457 -0.011943399 0.996290207 289.152923584
0.996152878 -0.018743487 0.085604325 24.381437302 0.017634843 0.999750793 0.013688759 -27.931371689 -0.085839577 -0.012126478 0.996235192 291.380249023
0.996076405 -0.018501587 0.086541928 24.643869400 0.017472297 0.999767423 0.012635998 -28.126907349 -0.086755589 -0.011074331 0.996168196 293.658050537
0.996109724 -0.019112872 0.086024031 24.930740356 0.018171337 0.999766231 0.011714856 -28.325811386 -0.086227827 -0.010106108 0.996224165 295.887237549
0.996107042 -0.018969988 0.086086452 25.212192535 0.018036295 0.999769926 0.011610916 -28.529548645 -0.086286910 -0.010013035 0.996219933 298.121246338
0.996108413 -0.018310264 0.086213522 25.493198395 0.017354036 0.999779463 0.011827879 -28.730651855 -0.086411074 -0.010285695 0.996206403 300.359497070
0.996053755 -0.018165302 0.086873040 25.759334564 0.017104950 0.999770045 0.012934692 -28.942571640 -0.087088026 -0.011397689 0.996135414 302.597839355
0.996056676 -0.018521981 0.086764008 26.046373367 0.017457046 0.999762893 0.013016725 -29.142789841 -0.086984515 -0.011450754 0.996143878 304.840148926
0.996026576 -0.017956182 0.087226741 26.332820892 0.016859522 0.999769628 0.013293065 -29.346866608 -0.087445319 -0.011769648 0.996099770 307.090972900
0.996014178 -0.019134562 0.087118633 26.616741180 0.018033352 0.999747574 0.013409980 -29.556850433 -0.087353244 -0.011785490 0.996107697 309.342987061
0.995976448 -0.020372203 0.087268814 26.904041290 0.019229392 0.999718249 0.013916058 -29.756923676 -0.087527744 -0.012181942 0.996087611 311.601531982
0.995941818 -0.020119851 0.087721705 27.191963196 0.019048108 0.999733567 0.013037696 -29.955728531 -0.087960653 -0.011313852 0.996059716 313.842468262
0.995956838 -0.019638609 0.087660298 27.482486725 0.018489359 0.999732375 0.013903105 -30.162565231 -0.087909877 -0.012226108 0.996053398 316.085784912
0.995919645 -0.017828941 0.088465370 27.767621994 0.016734803 0.999774218 0.013094313 -30.366096497 -0.088678844 -0.011560434 0.995993197 318.326385498
0.995897532 -0.016506664 0.088969663 28.045497894 0.015343906 0.999787927 0.013737317 -30.568325043 -0.089177556 -0.012315817 0.995939553 320.563781738
0.995846808 -0.015345247 0.089742221 28.327219009 0.014197499 0.999809206 0.013413792 -30.769924164 -0.089930929 -0.012083965 0.995874643 322.802978516
0.995795846 -0.014496086 0.090446264 28.607440948 0.013282518 0.999813795 0.014005090 -30.967769623 -0.090632416 -0.012744858 0.995802879 325.043487549
0.995800793 -0.014259045 0.090429619 28.902622223 0.012918152 0.999798000 0.015396049 -31.176790237 -0.090630896 -0.014163218 0.995783746 327.271270752
0.995757282 -0.015015160 0.090785570 29.186805725 0.013675543 0.999788523 0.015359961 -31.382404327 -0.090996996 -0.014053250 0.995751917 329.518310547
0.995760083 -0.016498823 0.090495795 29.489004135 0.015234281 0.999776602 0.014646530 -31.581727982 -0.090717241 -0.013205792 0.995789111 331.752563477
0.995772421 -0.016232975 0.090408772 29.779380798 0.014990693 0.999783874 0.014402891 -31.781711578 -0.090623029 -0.012986712 0.995800555 333.972503662
0.995735824 -0.015821856 0.090883769 30.064783096 0.014457135 0.999773026 0.015654882 -31.979776382 -0.091110826 -0.014274208 0.995738566 336.201141357
0.995794237 -0.016613543 0.090098821 30.372718811 0.015265210 0.999761343 0.015633600 -32.173992157 -0.090337053 -0.014192475 0.995810091 338.438140869
0.995784581 -0.016766554 0.090176389 30.657264709 0.015384586 0.999753654 0.015998524 -32.375038147 -0.090422414 -0.014543755 0.995797217 340.679473877
0.995851040 -0.016915161 0.089411788 30.959604263 0.015569994 0.999755204 0.015720796 -32.573947906 -0.089655824 -0.014263432 0.995870590 342.925537109
0.995854914 -0.017151538 0.089323916 31.249746323 0.015762113 0.999743938 0.016237151 -32.767818451 -0.089579545 -0.014761914 0.995870233 345.169219971
0.995899141 -0.017040264 0.088851161 31.542957306 0.015652226 0.999744713 0.016295511 -32.959789276 -0.089106143 -0.014837963 0.995911598 347.407806396
0.995951831 -0.017186744 0.088229291 31.833904266 0.015811194 0.999742627 0.016265953 -33.154811859 -0.088486150 -0.014805098 0.995967329 349.653930664
0.995962501 -0.016932318 0.088158697 32.118564606 0.015520795 0.999740541 0.016672103 -33.353675842 -0.088418126 -0.015236497 0.995966852 351.897369385
0.995995641 -0.017279252 0.087715879 32.404781342 0.015855435 0.999731421 0.016903056 -33.543254852 -0.087984391 -0.015444596 0.996002138 354.128723145
0.996027589 -0.016862156 0.087433755 32.689025879 0.015477829 0.999744296 0.016486753 -33.739906311 -0.087689407 -0.015067977 0.996033847 356.366851807
0.996085107 -0.017170906 0.086716898 32.980506897 0.015766768 0.999733686 0.016851300 -33.932975769 -0.086983174 -0.015418080 0.996090412 358.600555420
0.996140063 -0.016972253 0.086121351 33.271629333 0.015486070 0.999719858 0.017895799 -34.130668640 -0.086400971 -0.016493041 0.996123850 360.840667725
0.996199787 -0.017274279 0.085367434 33.562442780 0.015808066 0.999716222 0.017821558 -34.326103210 -0.085651062 -0.016404338 0.996190131 363.083801270
0.996245861 -0.017155994 0.084851749 33.849426270 0.015649728 0.999708414 0.018385148 -34.520217896 -0.085142441 -0.016988218 0.996223927 365.323425293
0.996283054 -0.017165946 0.084412284 34.130573273 0.015710326 0.999716759 0.017878346 -34.714828491 -0.084695272 -0.016485753 0.996270537 367.572509766
0.996306837 -0.017900307 0.083977073 34.412403107 0.016461896 0.999706149 0.017789954 -34.910678864 -0.084270842 -0.016341832 0.996308863 369.821868896
0.996313095 -0.018042745 0.083872393 34.692752838 0.016693097 0.999720037 0.016765282 -35.096744537 -0.084151402 -0.015303381 0.996335447 372.076629639
0.996361256 -0.017840579 0.083341636 34.969902039 0.016474647 0.999718904 0.017048638 -35.301750183 -0.083622366 -0.015613579 0.996375203 374.324066162
0.996447563 -0.017795734 0.082314298 35.257511139 0.016398698 0.999710321 0.017617093 -35.491691589 -0.082603969 -0.016204663 0.996450663 376.569580078
0.996367633 -0.017522875 0.083333306 35.526401520 0.016061578 0.999705851 0.018173801 -35.685604095 -0.083627254 -0.016769320 0.996355951 378.824645996
0.996372938 -0.018112484 0.083142906 35.806327820 0.016624318 0.999689579 0.018556511 -35.882530212 -0.083453193 -0.017107010 0.996364832 381.066314697
0.996397376 -0.018128539 0.082847312 36.091957092 0.016652217 0.999690592 0.018476170 -36.067077637 -0.083156623 -0.017030016 0.996390939 383.322998047
0.996410072 -0.017414879 0.082847178 36.373214722 0.015912054 0.999697268 0.018765531 -36.262279510 -0.083148897 -0.017379897 0.996385574 385.574829102
0.996415019 -0.016495410 0.082975455 36.644954681 0.014983035 0.999710619 0.018816624 -36.445384979 -0.083261825 -0.017505936 0.996373951 387.824676514
0.996438444 -0.015526193 0.082881436 36.928890228 0.014011104 0.999724507 0.018830717 -36.644489288 -0.083150953 -0.017602386 0.996381462 390.089965820
0.996438861 -0.014060482 0.083137780 37.205455780 0.012526350 0.999742150 0.018945804 -36.840293884 -0.083382703 -0.017836919 0.996357977 392.367889404
0.996455908 -0.012667783 0.083157241 37.485191345 0.011012333 0.999732554 0.020336077 -37.030799866 -0.083392605 -0.019348251 0.996328831 394.627960205
0.996400237 -0.011645756 0.083969764 37.753906250 0.009947279 0.999737978 0.020617323 -37.219741821 -0.084187865 -0.019707840 0.996254981 396.890991211
0.996338785 -0.011233691 0.084753193 38.030258179 0.009633750 0.999768019 0.019263098 -37.417289734 -0.084949940 -0.018376078 0.996215761 399.156372070
0.996292710 -0.011009265 0.085320428 38.307140350 0.009455630 0.999782443 0.018592179 -37.607208252 -0.085506551 -0.017716493 0.996179998 401.424652100
0.996173322 -0.012039478 0.086565904 38.578926086 0.010367457 0.999751389 0.019738730 -37.797035217 -0.086782023 -0.018765729 0.996050537 403.671112061
0.996178567 -0.013759148 0.086249463 38.861183167 0.012010331 0.999712288 0.020762505 -37.986442566 -0.086510330 -0.019647280 0.996057153 405.947326660
0.996133685 -0.014300050 0.086679183 39.142326355 0.012539542 0.999704599 0.020821199 -38.175544739 -0.086951308 -0.019653779 0.996018648 408.200439453
0.996116817 -0.012968595 0.087081037 39.447910309 0.011293153 0.999742031 0.019705232 -38.354839325 -0.087314129 -0.018645290 0.996006310 410.473327637
0.996094823 -0.012077777 0.087459870 39.743396759 0.010376304 0.999748409 0.019882889 -38.548347473 -0.087678015 -0.018897731 0.995969594 412.736389160
0.996012449 -0.010770583 0.088561296 40.020370483 0.009086069 0.999770463 0.019402051 -38.736289978 -0.088749923 -0.018520011 0.995881677 414.985443115
0.995925903 -0.009408878 0.089682885 40.310813904 0.007695169 0.999781489 0.019435171 -38.924594879 -0.089846157 -0.018665869 0.995780647 417.259185791
0.995898604 -0.009753103 0.089948952 40.612674713 0.008044050 0.999780476 0.019343264 -39.117279053 -0.090117857 -0.018540377 0.995758533 419.516113281
0.995803058 -0.009882011 0.090987012 40.900192261 0.008151101 0.999779046 0.019375693 -39.304977417 -0.091158368 -0.018552735 0.995663524 421.771728516
0.995716155 -0.009821485 0.091939516 41.182952881 0.008106905 0.999786496 0.019003918 -39.494243622 -0.092106536 -0.018177159 0.995583236 424.025878906
0.995659530 -0.010270889 0.092502177 41.481777191 0.008429726 0.999758899 0.020272773 -39.687259674 -0.092688076 -0.019405011 0.995506227 426.298187256
0.995615423 -0.009660062 0.093040794 41.774997711 0.007749425 0.999752045 0.020874919 -39.874092102 -0.093219385 -0.020062378 0.995443404 428.557617188
0.995548308 -0.008964919 0.093825765 42.078136444 0.006961320 0.999741077 0.021660034 -40.061180115 -0.093995668 -0.020910459 0.995352983 430.837890625
0.995555997 -0.009349567 0.093706019 42.386165619 0.007334781 0.999734938 0.021822555 -40.257629395 -0.093885213 -0.021038268 0.995360732 433.118896484
0.995518684 -0.010098292 0.094024532 42.691009521 0.008127130 0.999739587 0.021323724 -40.452575684 -0.094215371 -0.020464016 0.995341420 435.384887695
0.995518982 -0.009345861 0.094099112 42.998332977 0.007375083 0.999746561 0.021269673 -40.622924805 -0.094274037 -0.020480372 0.995335579 437.654388428
0.995464563 -0.009692068 0.094639495 43.297458649 0.007677873 0.999736667 0.021623822 -40.810428619 -0.094824158 -0.020799115 0.995276690 439.935791016
0.995504498 -0.009772598 0.094208710 43.608932495 0.007757458 0.999733686 0.021732710 -40.994762421 -0.094396010 -0.020904191 0.995315254 442.210540771
0.995488346 -0.009027356 0.094453588 43.924369812 0.006919855 0.999720216 0.022616357 -41.189853668 -0.094631337 -0.021860711 0.995272338 444.510955811
0.995454073 -0.009525844 0.094764605 44.232456207 0.007412163 0.999716401 0.022631597 -41.371078491 -0.094953306 -0.021826304 0.995242536 446.792663574
0.995442510 -0.009243336 0.094913892 44.534774780 0.007170341 0.999728680 0.022158667 -41.557739258 -0.095092960 -0.021377111 0.995238841 449.061401367
0.995458663 -0.008533997 0.094810978 44.842021942 0.006495039 0.999741375 0.021793325 -41.745746613 -0.094972447 -0.021078553 0.995256722 451.325042725
0.995400071 -0.007760994 0.095490426 45.141899109 0.005750712 0.999756336 0.021309417 -41.935363770 -0.095632546 -0.020662256 0.995202243 453.587677002
0.995335698 -0.007152495 0.096208036 45.442432404 0.005117026 0.999758124 0.021387056 -42.114730835 -0.096337736 -0.020794997 0.995131433 455.869628906
0.995276749 -0.006946276 0.096829563 45.740016937 0.004928892 0.999766111 0.021058034 -42.307102203 -0.096953191 -0.020481309 0.995078206 458.132293701
0.995329618 -0.006130843 0.096339695 46.060176849 0.004182428 0.999782801 0.020413360 -42.497509003 -0.096443936 -0.019915087 0.995139122 460.415496826
0.995311916 -0.004998404 0.096588030 46.364841461 0.002990220 0.999776602 0.020924805 -42.686916351 -0.096671045 -0.020537889 0.995104492 462.697326660
0.995315373 -0.004582545 0.096572243 46.671905518 0.002451457 0.999751091 0.022174392 -42.872825623 -0.096649818 -0.021833768 0.995078921 464.973693848
0.995341539 -0.004811256 0.096291848 46.970275879 0.002663340 0.999745011 0.022422420 -43.054809570 -0.096375182 -0.022061504 0.995100498 467.238433838
0.995439351 -0.004818291 0.095275030 47.282764435 0.002789650 0.999766827 0.021414211 -43.241283417 -0.095355980 -0.021050768 0.995220602 469.516967773
0.995490789 -0.005002110 0.094725579 47.594421387 0.003026155 0.999775052 0.020991964 -43.431880951 -0.094809249 -0.020610657 0.995282054 471.805541992
0.995561063 -0.005412565 0.093961626 47.898979187 0.003339848 0.999747932 0.022202445 -43.626354218 -0.094058104 -0.021790078 0.995328248 474.084106445
0.995510995 -0.005634143 0.094478898 48.188320160 0.003508574 0.999737263 0.022648860 -43.815986633 -0.094581693 -0.022215704 0.995269239 476.365875244
0.995667219 -0.005310368 0.092836626 48.499011993 0.003269176 0.999749959 0.022125185 -43.992504120 -0.092930898 -0.021725822 0.995435476 478.648376465
0.995693862 -0.005452043 0.092541605 48.803108215 0.003356311 0.999734700 0.022786913 -44.178375244 -0.092641294 -0.022378191 0.995448053 480.930175781
0.995723784 -0.005869630 0.092193864 49.106803894 0.003738812 0.999722183 0.023268100 -44.362831116 -0.092304848 -0.022823906 0.995469153 483.206817627
0.995731711 -0.006317349 0.092077866 49.398620605 0.004265761 0.999738574 0.022460816 -44.545951843 -0.092195690 -0.021972166 0.995498419 485.496398926
0.995835066 -0.007036675 0.090901114 49.704776764 0.004925151 0.999713302 0.023432244 -44.744628906 -0.091039941 -0.022886951 0.995584190 487.803680420
0.995906174 -0.007474922 0.090082832 50.004821777 0.005347062 0.999701500 0.023839388 -44.927555084 -0.090234138 -0.023260111 0.995648921 490.086456299
0.995868325 -0.007224319 0.090520717 50.262348175 0.005099026 0.999706388 0.023687823 -45.113323212 -0.090665258 -0.023128387 0.995612800 492.353149414
0.995931089 -0.006662830 0.089871146 50.564334869 0.004511385 0.999698877 0.024121152 -45.295738220 -0.090004779 -0.023617560 0.995661259 494.640594482
0.995933175 -0.006172063 0.089883111 50.848545074 0.004051930 0.999709666 0.023751052 -45.477024078 -0.090003610 -0.023290262 0.995669067 496.939208984
0.995966136 -0.006049604 0.089525998 51.155601501 0.003971626 0.999718964 0.023370855 -45.669715881 -0.089642234 -0.022921020 0.995710254 499.258331299
0.996004283 -0.006280720 0.089083709 51.448562622 0.004133219 0.999696910 0.024270562 -45.853942871 -0.089209147 -0.023805385 0.995728314 501.553894043
0.996017754 -0.005853710 0.088962950 51.735340118 0.003683813 0.999692142 0.024535675 -46.040317535 -0.089079186 -0.024110245 0.995732665 503.828277588
0.996037483 -0.005007542 0.088793389 52.027366638 0.002894850 0.999709964 0.023906164 -46.224441528 -0.088887379 -0.023554396 0.995763063 506.120239258
0.996006489 -0.004680811 0.089157380 52.310123444 0.002495662 0.999694169 0.024604607 -46.408737183 -0.089245290 -0.024283845 0.995713592 508.412628174
0.996040046 -0.005025168 0.088763870 52.608879089 0.002938656 0.999716640 0.023621395 -46.590579987 -0.088857405 -0.023267008 0.995772541 510.699645996
0.996092618 -0.005910087 0.088116184 52.910564423 0.003758404 0.999691188 0.024564657 -46.780879974 -0.088234141 -0.024137499 0.995807290 513.003723145
0.996115685 -0.005761784 0.087865271 53.205352783 0.003602816 0.999688268 0.024710162 -46.960708618 -0.087980241 -0.024297621 0.995825827 515.301269531
0.996137977 -0.004995851 0.087660462 53.494331360 0.002858979 0.999696195 0.024485314 -47.141716003 -0.087756164 -0.024140133 0.995849371 517.606872559
0.996125877 -0.003983910 0.087848671 53.777240753 0.001844378 0.999700069 0.024422476 -47.327041626 -0.087919608 -0.024165839 0.995834351 519.905517578
0.996085942 -0.002317648 0.088359043 54.072269440 0.000173640 0.999705553 0.024264699 -47.511489868 -0.088389240 -0.024154384 0.995793104 522.243286133
0.995939374 -0.000027703 0.090025917 54.348300934 -0.002223036 0.999687433 0.024900649 -47.696979523 -0.089998469 -0.024999669 0.995628119 524.569458008
0.995981395 0.000868627 0.089556128 54.662910461 -0.003188687 0.999662817 0.025766401 -47.875564575 -0.089503542 -0.025948420 0.995648444 526.899536133
0.995906711 0.000535116 0.090384632 54.950115204 -0.002872834 0.999664664 0.025735987 -48.057750702 -0.090340555 -0.025890309 0.995574296 529.212036133
0.995866656 -0.001492274 0.090814792 55.241462708 -0.000977905 0.999630928 0.027149597 -48.234603882 -0.090821788 -0.027126187 0.995497644 531.518554688
0.995800734 -0.003062584 0.091495976 55.545066833 0.000612734 0.999640882 0.026791595 -48.410518646 -0.091545172 -0.026623029 0.995444894 533.839660645
0.995779157 -0.003155774 0.091727436 55.846572876 0.000756147 0.999656856 0.026183400 -48.587677002 -0.091778576 -0.026003527 0.995439827 536.153991699
0.995683551 -0.003309727 0.092754170 56.142681122 0.000906217 0.999662995 0.025942834 -48.768192291 -0.092808776 -0.025746802 0.995351017 538.470153809
0.995610833 -0.002819774 0.093546450 56.440517426 0.000448652 0.999678314 0.025358362 -48.951225281 -0.093587860 -0.025205094 0.995291889 540.786499023
0.995523989 -0.002093096 0.094485521 56.740257263 -0.000278272 0.999685407 0.025077537 -49.135028839 -0.094508298 -0.024991581 0.995210350 543.114135742
0.995456219 -0.001722963 0.095205687 57.053321838 -0.000554993 0.999714315 0.023895029 -49.314170837 -0.095219672 -0.023839291 0.995170832 545.438659668
0.995321393 -0.001680220 0.096604191 57.339530945 -0.000722234 0.999691606 0.024828712 -49.506065369 -0.096616089 -0.024782320 0.995013177 547.767822266
0.995258272 -0.001603013 0.097254574 57.647327423 -0.000894856 0.999670982 0.025634769 -49.690509796 -0.097263649 -0.025600243 0.994929373 550.085144043
0.995151401 -0.001282969 0.098346956 57.944644928 -0.001197628 0.999682784 0.025159732 -49.864685059 -0.098348014 -0.025155524 0.994834125 552.391235352
0.995167196 -0.003325033 0.098138072 58.262229919 0.000858865 0.999683022 0.025161128 -50.062900543 -0.098190628 -0.024955243 0.994854629 554.703857422
0.995214581 -0.003484235 0.097651303 58.589935303 0.000973000 0.999667823 0.025752189 -50.246173859 -0.097708605 -0.025533939 0.994887412 557.023986816
0.995150328 -0.003078463 0.098316692 58.898902893 0.000498811 0.999655247 0.026251998 -50.425914764 -0.098363616 -0.026075643 0.994808853 559.331298828
0.995113730 -0.002252184 0.098709546 59.218372345 -0.000441560 0.999628246 0.027259257 -50.605854034 -0.098734230 -0.027169649 0.994742870 561.670043945
0.995113552 -0.002827608 0.098696426 59.542823792 0.000086371 0.999614418 0.027767664 -50.783447266 -0.098736890 -0.027623450 0.994730115 564.000732422
0.995069802 -0.002144322 0.099153884 59.863204956 -0.000695483 0.999590755 0.028596945 -50.960659027 -0.099174634 -0.028524917 0.994661093 566.321716309
0.995027840 -0.001121226 0.099591047 60.186187744 -0.001686240 0.999603629 0.028101299 -51.141643524 -0.099583067 -0.028129509 0.994631588 568.645324707
0.995042145 -0.000028340 0.099453732 60.524059296 -0.002629121 0.999642909 0.026589418 -51.312587738 -0.099418975 -0.026719064 0.994686842 570.982482910
0.995009303 0.000507520 0.099781446 60.853576660 -0.003188283 0.999638081 0.026708724 -51.490371704 -0.099731788 -0.026893558 0.994650841 573.301452637
0.995048463 0.000255341 0.099390186 61.191684723 -0.003032354 0.999609113 0.027790459 -51.674201965 -0.099344254 -0.027954239 0.994660378 575.674316406
0.995046914 0.000206779 0.099406853 61.523490906 -0.003138681 0.999564648 0.029338481 -51.859031677 -0.099357508 -0.029505169 0.994614184 577.988342285
0.994967282 0.000433872 0.100199290 61.841526031 -0.003205517 0.999616623 0.027501982 -52.036235809 -0.100148931 -0.027684765 0.994587183 580.371337891
0.995011508 -0.000183975 0.099759489 62.172657013 -0.002565679 0.999620318 0.027433839 -52.210273743 -0.099726662 -0.027552940 0.994633317 582.710998535
0.994987309 -0.000814612 0.099998124 62.498092651 -0.002095345 0.999577463 0.028991638 -52.398895264 -0.099979505 -0.029055847 0.994565189 585.031311035
0.995051384 -0.000628987 0.099359758 62.826660156 -0.002264966 0.999576509 0.029010514 -52.571678162 -0.099335946 -0.029091999 0.994628549 587.347656250
0.995030403 -0.003208376 0.099519596 63.162338257 0.000434356 0.999611020 0.027883261 -52.754165649 -0.099570364 -0.027701465 0.994644761 589.703735352
0.995042980 -0.003577650 0.099381149 63.492431641 0.000805612 0.999610007 0.027919129 -52.927185059 -0.099442258 -0.027700670 0.994657695 592.051086426
0.995045900 -0.005579534 0.099260069 63.813385010 0.002776225 0.999593973 0.028357789 -53.104202271 -0.099378012 -0.027941734 0.994657278 594.386169434
0.995068491 -0.006177096 0.098997802 64.147705078 0.003357787 0.999584734 0.028619841 -53.282623291 -0.099133477 -0.028146287 0.994675994 596.745239258
