1.000000000 0.000000000 0.000000000 0.000000000 0.000000000 1.000000000 0.000000000 0.000000000 0.000000000 0.000000000 1.000000000 0.000000000
0.999999940 0.000041156 0.000411664 0.087107867 -0.000041101 1.000000000 -0.000133369 -0.227556318 -0.000411670 0.000133352 0.999999881 2.289011717
0.999999344 0.000340501 0.001103751 0.167114928 -0.000340969 0.999999881 0.000424223 -0.465064496 -0.001103607 -0.000424599 0.999999285 4.581942081
0.999998689 -0.000178828 0.001608005 0.265429020 0.000178148 0.999999881 0.000422907 -0.694872797 -0.001608080 -0.000422620 0.999998629 6.868638515
0.999997139 -0.000428362 0.002362249 0.361572146 0.000431667 0.999998927 -0.001398629 -0.925448418 -0.002361648 0.001399644 0.999996245 9.162692070
0.999988854 0.001350272 0.004545526 0.451128483 -0.001349805 0.999999106 -0.000105981 -1.160878658 -0.004545664 0.000099844 0.999989688 11.470647812
0.999973476 0.003255006 0.006511892 0.555257201 -0.003262070 0.999994099 0.001074455 -1.391960382 -0.006508355 -0.001095669 0.999978244 13.750751495
0.999956310 0.003127972 0.008810404 0.660939395 -0.003160357 0.999988258 0.003664238 -1.621328354 -0.008798840 -0.003691923 0.999954462 16.022647858
0.999946356 0.003548867 0.009731091 0.760521531 -0.003600704 0.999979377 0.005314613 -1.855671525 -0.009712031 -0.005349368 0.999938548 18.323125839
0.999924123 0.002649536 0.012031223 0.859468758 -0.002712841 0.999982476 0.005248480 -2.077601433 -0.012017107 -0.005280721 0.999913871 20.618814468
0.999929607 0.000247332 0.011861620 0.987662554 -0.000284501 0.999994993 0.003131995 -2.305740118 -0.011860785 -0.003135150 0.999924660 22.920793533
0.999914467 -0.001997960 0.012924972 1.091525316 0.001984681 0.999997497 0.001040200 -2.523979664 -0.012927018 -0.001014459 0.999915898 25.200948715
0.999921143 -0.002589543 0.012288991 1.234615088 0.002581917 0.999996424 0.000636389 -2.773581982 -0.012290595 -0.000604609 0.999924242 27.499717712
0.999899447 -0.002303501 0.013999975 1.330062747 0.002313602 0.999997079 -0.000705381 -2.995587349 -0.013998310 0.000737700 0.999901712 29.784980774
0.999902189 -0.000207979 0.013979429 1.463383198 0.000176325 0.999997437 0.002265544 -3.227808237 -0.013979865 -0.002262858 0.999899745 32.045162201
0.999900937 0.001769260 0.013965529 1.594556928 -0.001832029 0.999988317 0.004483013 -3.447664976 -0.013957434 -0.004508154 0.999892473 34.325752258
0.999867141 0.003865214 0.015830630 1.703177214 -0.004000087 0.999955893 0.008497001 -3.677236319 -0.015797088 -0.008559196 0.999838591 36.633636475
0.999841988 0.005759738 0.016814422 1.816643238 -0.005891265 0.999952435 0.007783320 -3.892364502 -0.016768787 -0.007881150 0.999828398 38.905612946
0.999813259 0.005097545 0.018647730 1.923513412 -0.005215550 0.999966621 0.006284951 -4.097319126 -0.018615073 -0.006381034 0.999806345 41.210357666
0.999819994 0.002653217 0.018787699 2.049239635 -0.002748438 0.999983490 0.005044294 -4.320444584 -0.018774008 -0.005095023 0.999810755 43.487476349
0.999823987 0.002331924 0.018615237 2.184152842 -0.002407526 0.999988854 0.004039885 -4.542702675 -0.018605610 -0.004083990 0.999818683 45.732513428
0.999824286 0.001537042 0.018682268 2.310781002 -0.001596634 0.999993622 0.003175273 -4.772275925 -0.018677270 -0.003204544 0.999820411 48.000995636
0.999822259 0.000479240 0.018846989 2.445115328 -0.000544948 0.999993742 0.003481427 -4.998780727 -0.018845199 -0.003491079 0.999816298 50.283092499
0.999805570 0.000024107 0.019717474 2.574104548 -0.000101637 0.999992251 0.003931066 -5.221520901 -0.019717226 -0.003932307 0.999797881 52.546138763
0.999801457 -0.001293247 0.019887308 2.710297585 0.001214524 0.999991357 0.003970000 -5.450854301 -0.019892272 -0.003945058 0.999794364 54.827953339
0.999766171 -0.001186751 0.021596253 2.832085848 0.001095333 0.999990523 0.004244393 -5.679807186 -0.021601085 -0.004219746 0.999757767 57.118511200
0.999760091 -0.002586510 0.021749213 2.976365089 0.002482976 0.999985456 0.004786064 -5.903936386 -0.021761280 -0.004730914 0.999751985 59.387531281
0.999712229 -0.003855578 0.023677284 3.097631216 0.003763731 0.999985218 0.003922502 -6.124704361 -0.023692053 -0.003832258 0.999711931 61.659103394
0.999697983 -0.004799561 0.024102302 3.249642134 0.004706438 0.999981225 0.003918883 -6.350714684 -0.024120664 -0.003804263 0.999701738 63.912078857
0.999658227 -0.003992305 0.025839305 3.386000633 0.003874421 0.999981880 0.004610692 -6.574072361 -0.025857247 -0.004509003 0.999655485 66.181785583
0.999629378 -0.003179939 0.027034584 3.530820370 0.003049519 0.999983490 0.004864006 -6.798636913 -0.027049601 -0.004779760 0.999622643 68.433204651
0.999583840 -0.003363832 0.028650330 3.666345596 0.003224791 0.999982774 0.004897855 -7.026380062 -0.028666312 -0.004803425 0.999577522 70.679557800
0.999572158 -0.004255137 0.028938264 3.830114841 0.004158688 0.999985576 0.003392317 -7.246482849 -0.028952278 -0.003270521 0.999575436 72.923156738
0.999552846 -0.004983884 0.029483568 3.983724117 0.004866655 0.999980092 0.004046498 -7.474856377 -0.029503148 -0.003901202 0.999557078 75.190475464
0.999507844 -0.006138414 0.030763295 4.148580551 0.006036066 0.999975860 0.003418671 -7.705266953 -0.030783530 -0.003231299 0.999520838 77.459930420
0.999506593 -0.006915692 0.030638503 4.309179783 0.006820197 0.999971569 0.003220281 -7.929320812 -0.030659903 -0.003009732 0.999525368 79.701438904
0.999480546 -0.007411058 0.031363685 4.460450172 0.007326106 0.999969184 0.002822679 -8.146571159 -0.031383634 -0.002591439 0.999504149 81.957481384
0.999472797 -0.006897944 0.031726923 4.642077923 0.006808786 0.999972582 0.002917357 -8.377578735 -0.031746183 -0.002699797 0.999492228 84.217559814
0.999415278 -0.006758508 0.033519037 4.794304848 0.006650003 0.999972284 0.003347565 -8.593954086 -0.033540733 -0.003122706 0.999432385 86.472534180
0.999431252 -0.006784132 0.033031624 4.973871231 0.006644636 0.999968529 0.004331041 -8.825823784 -0.033059977 -0.004109094 0.999444902 88.743072510
0.999401748 -0.005802427 0.034095585 5.133226871 0.005632635 0.999971211 0.005073866 -9.053423882 -0.034124047 -0.004878784 0.999405682 90.990600586
0.999380946 -0.005586923 0.034737442 5.303026676 0.005412926 0.999972343 0.005101004 -9.274906158 -0.034764979 -0.004909815 0.999383390 93.228981018
0.999367952 -0.005367794 0.035140835 5.488352776 0.005224832 0.999977708 0.004158836 -9.489090919 -0.035162374 -0.003972602 0.999373734 95.434928894
0.999330819 -0.006091814 0.036069527 5.653570175 0.005933161 0.999972284 0.004504003 -9.710430145 -0.036095958 -0.004286981 0.999339104 97.672355652
0.999300539 -0.006019669 0.036907487 5.815185547 0.005872297 0.999974370 0.004100076 -9.942988396 -0.036931220 -0.003880477 0.999310255 99.915351868
0.999241054 -0.006132778 0.038467567 5.972002983 0.005938643 0.999969125 0.005158969 -10.161026001 -0.038498018 -0.004926608 0.999246478 102.149307251
0.999234021 -0.006533676 0.038581997 6.168881416 0.006342358 0.999966979 0.005079042 -10.381751060 -0.038613904 -0.004830451 0.999242544 104.402763367
0.999195933 -0.007534629 0.039379235 6.344407082 0.007310645 0.999956310 0.005828755 -10.597483635 -0.039421435 -0.005536181 0.999207258 106.632156372
0.999169052 -0.009090763 0.039729387 6.527344227 0.008854568 0.999942064 0.006116978 -10.813471794 -0.039782695 -0.005760110 0.999191701 108.880249023
0.999133289 -0.010424451 0.040296942 6.710027218 0.010153428 0.999924481 0.006924489 -11.037760735 -0.040366083 -0.006509334 0.999163866 111.131881714
0.999109924 -0.011017823 0.040718388 6.896351337 0.010794537 0.999925494 0.005699497 -11.259692192 -0.040778156 -0.005254888 0.999154389 113.396575928
0.999071240 -0.011703951 0.041469216 7.077282906 0.011523010 0.999923050 0.004599644 -11.474874496 -0.041519854 -0.004117523 0.999129117 115.636413574
0.999028146 -0.012025558 0.042405251 7.253663063 0.011824189 0.999917626 0.004996289 -11.700984001 -0.042461842 -0.004490027 0.999087989 117.874496460
0.998974681 -0.012403765 0.043539386 7.440284252 0.012158472 0.999908686 0.005894173 -11.925622940 -0.043608528 -0.005358757 0.999034286 120.127952576
0.998970866 -0.013246513 0.043378253 7.645629883 0.012989691 0.999896407 0.006197009 -12.145089149 -0.043455843 -0.005627161 0.999039531 122.332046509
0.998910367 -0.013915850 0.044547211 7.838172913 0.013677848 0.999890506 0.005643064 -12.366427422 -0.044620864 -0.005027605 0.998991370 124.627250671
0.998878479 -0.014600909 0.045043163 8.022425652 0.014399122 0.999884725 0.004801095 -12.590526581 -0.045108069 -0.004147128 0.998973489 126.889778137
0.998869121 -0.016054796 0.044750143 8.212387085 0.015836839 0.999860883 0.005220824 -12.809958458 -0.044827744 -0.004506218 0.998984575 129.146072388
0.998892903 -0.017261799 0.043763664 8.400128365 0.017037898 0.999839783 0.005483970 -13.026226044 -0.043851309 -0.004732257 0.999026954 131.387939453
0.998956859 -0.017727492 0.042080391 8.598715782 0.017461887 0.999825180 0.006671061 -13.246223450 -0.042191301 -0.005929300 0.999091983 133.621948242
0.999008656 -0.018501498 0.040490054 8.786760330 0.018251156 0.999811888 0.006543817 -13.472883224 -0.040603511 -0.005798339 0.999158621 135.851333618
0.999068916 -0.019345880 0.038562793 8.988271713 0.019127881 0.999798954 0.006014172 -13.687802315 -0.038671389 -0.005270948 0.999238074 138.079681396
0.999054551 -0.019966785 0.038617641 9.153389931 0.019736065 0.999785066 0.006346445 -13.909048080 -0.038736064 -0.005578284 0.999233842 140.349014282
0.999045491 -0.020238483 0.038709115 9.322501183 0.020000692 0.999778748 0.006520337 -14.118731499 -0.038832512 -0.005739904 0.999229252 142.580642700
0.999087095 -0.020043675 0.037725821 9.503746033 0.019758711 0.999773622 0.007911257 -14.343878746 -0.037875850 -0.007158623 0.999256730 144.820297241
0.999100149 -0.019255543 0.037791181 9.677125931 0.019013403 0.999796391 0.006756302 -14.559029579 -0.037913587 -0.006031683 0.999262750 147.074295044
0.999123037 -0.018166775 0.037724551 9.856105804 0.017983096 0.999824882 0.005202691 -14.775370598 -0.037812460 -0.004519725 0.999274552 149.308868408
0.999140024 -0.016426044 0.038074419 10.029954910 0.016269293 0.999857843 0.004423120 -14.997822762 -0.038141668 -0.003799871 0.999265134 151.556518555
0.999151707 -0.015428304 0.038184524 10.213278770 0.015265609 0.999873042 0.004548639 -15.214985847 -0.038249873 -0.003961870 0.999260306 153.790832520
0.999142945 -0.014649549 0.038713474 10.388525009 0.014463988 0.999882400 0.005068813 -15.432888985 -0.038783189 -0.004504517 0.999237478 156.041702271
0.999147475 -0.013916772 0.038868990 10.580713272 0.013683378 0.999886751 0.006264289 -15.656660080 -0.038951769 -0.005727089 0.999224603 158.271682739
0.999083459 -0.013430816 0.040642906 10.734717369 0.013132385 0.999884903 0.007600811 -15.879764557 -0.040740311 -0.007060105 0.999144852 160.535888672
0.999048948 -0.012425363 0.041793846 10.913596153 0.012025571 0.999879599 0.009803664 -16.100204468 -0.041910633 -0.009291746 0.999078155 162.770584106
0.999043345 -0.011907893 0.042081706 11.108499527 0.011566153 0.999898136 0.008355045 -16.296314240 -0.042176917 -0.007860326 0.999079227 165.028289795
0.998996854 -0.011056646 0.043393992 11.297410965 0.010749479 0.999915540 0.007305569 -16.511314392 -0.043471109 -0.006831776 0.999031305 167.262496948
0.998913169 -0.009248847 0.045683011 11.477386475 0.008906804 0.999930739 0.007685233 -16.727432251 -0.045750931 -0.007269990 0.998926401 169.494247437
0.998821676 -0.008856762 0.047715984 11.701398849 0.008451616 0.999926507 0.008685899 -16.963487625 -0.047789410 -0.008272386 0.998823166 171.765182495
0.998694181 -0.009038751 0.050281629 11.896615028 0.008621431 0.999926567 0.008510389 -17.176691055 -0.050354868 -0.008065774 0.998698831 174.026916504
0.998620927 -0.008997051 0.051723026 12.102859497 0.008527298 0.999920428 0.009295586 -17.395576477 -0.051802553 -0.008841708 0.998618126 176.281143188
0.998593211 -0.009319356 0.052198794 12.309262276 0.008794289 0.999908388 0.010279680 -17.604076385 -0.052289817 -0.009806167 0.998583853 178.506774902
0.998562217 -0.011242893 0.052412570 12.504277229 0.010747134 0.999894917 0.009731038 -17.817319870 -0.052516460 -0.009153763 0.998578131 180.730270386
0.998512208 -0.012065553 0.053177442 12.698559761 0.011567640 0.999886453 0.009661098 -18.027847290 -0.053287968 -0.009031587 0.998538435 182.978790283
0.998589039 -0.013308210 0.051407948 12.923938751 0.012821195 0.999869823 0.009791767 -18.250875473 -0.051531568 -0.009118839 0.998629749 185.199356079
0.998591900 -0.015099376 0.050857455 13.128465652 0.014569107 0.999835849 0.010781190 -18.464693069 -0.051011898 -0.010025063 0.998647749 187.440658569
0.998610079 -0.015992481 0.050221439 13.336454391 0.015505450 0.999828994 0.010072414 -18.667791367 -0.050373942 -0.009279708 0.998687387 189.686859131
0.998577714 -0.017148439 0.050482921 13.530671120 0.016636306 0.999805987 0.010547391 -18.890138626 -0.050654005 -0.009692539 0.998669207 191.903472900
0.998539984 -0.018711213 0.050672993 13.720954895 0.018219411 0.999782503 0.010149925 -19.099248886 -0.050851889 -0.009211875 0.998663723 194.135833740
0.998585463 -0.018317180 0.049913254 13.929417610 0.017840929 0.999791145 0.009970429 -19.304315567 -0.050085459 -0.009065828 0.998703778 196.367141724
0.998584807 -0.015411545 0.050902840 14.128541946 0.014899235 0.999834597 0.010428724 -19.515270233 -0.051055141 -0.009655549 0.998649180 198.616241455
0.998584032 -0.013668289 0.051410172 14.326831818 0.013170653 0.999863207 0.010006147 -19.721126556 -0.051539898 -0.009314873 0.998627603 200.849472046
0.998559415 -0.013177888 0.052013319 14.536682129 0.012712431 0.999876201 0.009269539 -19.930595398 -0.052129038 -0.008594971 0.998603284 203.108581543
0.998529136 -0.013507620 0.052507736 14.737992287 0.013006501 0.999866605 0.009873785 -20.135652542 -0.052634101 -0.009176321 0.998571694 205.332504272
0.998530030 -0.014716996 0.052167393 14.975534439 0.014193327 0.999845266 0.010394635 -20.352701187 -0.052312307 -0.009638925 0.998584270 207.582931519
0.998463869 -0.014479076 0.053481366 15.177328110 0.013951489 0.999850452 0.010225100 -20.547710419 -0.053621415 -0.009463248 0.998516560 209.830322266
0.998395145 -0.014323607 0.054788820 15.404596329 0.013707042 0.999838710 0.011612732 -20.771478653 -0.054946303 -0.010843103 0.998430550 212.086502075
0.998342216 -0.012908515 0.056090586 15.639081955 0.012269411 0.999855936 0.011723640 -20.977716446 -0.056233838 -0.011016004 0.998356879 214.318939209
0.998145521 -0.011705617 0.059735380 15.828826904 0.011005697 0.999866962 0.012032621 -21.183980942 -0.059868280 -0.011352879 0.998141706 216.554077148
0.998019874 -0.011723817 0.061795700 16.055118561 0.010972533 0.999861896 0.012482912 -21.389152527 -0.061933514 -0.011780140 0.998010755 218.790771484
0.997876287 -0.013192185 0.063787639 16.281330109 0.012382716 0.999837935 0.013068770 -21.590763092 -0.063949734 -0.012251152 0.997877836 221.021286011
0.997779250 -0.014927371 0.064913407 16.513832092 0.014055111 0.999805093 0.013873268 -21.791368484 -0.065107837 -0.012930096 0.997794449 223.249298096
0.997721195 -0.017020440 0.065288767 16.763334274 0.016190527 0.999781549 0.013219530 -21.997779846 -0.065499514 -0.012132346 0.997778833 225.477432251
0.997681737 -0.018213544 0.065570347 16.999269485 0.017399156 0.999764442 0.012969888 -22.197219849 -0.065791152 -0.011798952 0.997763634 227.724594116
0.997637987 -0.018557981 0.066138349 17.233959198 0.017740218 0.999758959 0.012930389 -22.394714355 -0.066362403 -0.011726536 0.997726619 229.964721680
0.997550011 -0.019579483 0.067160435 17.468526840 0.018779721 0.999745309 0.012518999 -22.603185654 -0.067388453 -0.011227073 0.997663617 232.208053589
0.997533500 -0.020881586 0.067015603 17.731801987 0.020002576 0.999705136 0.013760937 -22.816680908 -0.067283191 -0.012386509 0.997657001 234.504592896
0.997509480 -0.020770662 0.067403935 17.978969574 0.019863194 0.999703169 0.014105565 -23.019514084 -0.067676909 -0.012731576 0.997626066 236.746963501
0.997463644 -0.020215312 0.068246827 18.212829590 0.019308399 0.999716640 0.013922380 -23.214595795 -0.068508931 -0.012569331 0.997571349 238.960250854
0.997431040 -0.020432111 0.068657510 18.455511093 0.019500647 0.999708831 0.014209850 -23.413789749 -0.068927869 -0.012834480 0.997539043 241.185974121
0.997392416 -0.021009373 0.069043316 18.702751160 0.020061765 0.999695182 0.014389792 -23.611942291 -0.069324583 -0.012967137 0.997509837 243.427612305
0.997352719 -0.021222869 0.069549233 18.946056366 0.020317229 0.999699652 0.013703212 -23.815685272 -0.069819167 -0.012253888 0.997484386 245.654174805
0.997368157 -0.020675004 0.069492422 19.199607849 0.019820809 0.999719560 0.012959096 -24.018230438 -0.069740854 -0.011547595 0.997498274 247.891815186
0.997336864 -0.020862898 0.069885150 19.450904846 0.019967560 0.999709606 0.013485773 -24.221569061 -0.070146210 -0.012054422 0.997463882 250.133743286
0.997311831 -0.022310356 0.069796704 19.707927704 0.021414174 0.999678671 0.013561998 -24.425235748 -0.070076853 -0.012030903 0.997469068 252.367263794
0.997304022 -0.022524714 0.069838129 19.970249176 0.021570727 0.999663830 0.014384281 -24.630435944 -0.070138656 -0.012839041 0.997454584 254.632049561
0.997262299 -0.023376940 0.070152909 20.207201004 0.022399474 0.999641120 0.014687904 -24.831562042 -0.070471086 -0.013076304 0.997428179 256.852020264
0.997232497 -0.023794930 0.070435204 20.464488983 0.022783032 0.999625802 0.015135127 -25.038063049 -0.070768975 -0.013488514 0.997401536 259.125396729
0.997219324 -0.023773659 0.070629217 20.724250793 0.022793815 0.999632835 0.014646999 -25.237194061 -0.070951506 -0.012996359 0.997395039 261.371887207
0.997201562 -0.023590941 0.070939921 20.981567383 0.022637749 0.999642730 0.014210791 -25.434831619 -0.071249820 -0.012565103 0.997379363 263.629730225
0.997177124 -0.022831598 0.071530096 21.238126755 0.021906985 0.999666333 0.013684262 -25.635946274 -0.071818665 -0.012078621 0.997344553 265.869018555
0.997109890 -0.022117237 0.072682232 21.491827011 0.021176426 0.999682009 0.013689520 -25.829984665 -0.072961882 -0.012110806 0.997261107 268.119323730
0.997006714 -0.021837719 0.074166737 21.750804901 0.020915782 0.999694288 0.013184723 -26.036043167 -0.074432001 -0.011594000 0.997158706 270.373291016
0.996916056 -0.022610079 0.075148441 22.022333145 0.021631464 0.999670625 0.013811057 -26.243427277 -0.075435944 -0.012142893 0.997076750 272.619842529
0.996732116 -0.023124032 0.077396967 22.265810013 0.022099826 0.999656796 0.014063707 -26.435735703 -0.077695608 -0.012307289 0.996901155 274.859527588
0.996626377 -0.023002733 0.078782916 22.538602829 0.021900423 0.999650180 0.014827410 -26.623020172 -0.079096422 -0.013052007 0.996781528 277.101715088
0.996565044 -0.022643011 0.079658151 22.820932388 0.021358265 0.999628305 0.016943574 -26.837398529 -0.080012195 -0.015184014 0.996678233 279.353637695
0.996469140 -0.022440666 0.080905445 23.097652435 0.021046137 0.999615550 0.018048389 -27.037017822 -0.081279352 -0.016281912 0.996558368 281.591583252
0.996405542 -0.021434149 0.081954353 23.371395111 0.020032333 0.999639273 0.017889095 -27.220960617 -0.082308225 -0.016183054 0.996475518 283.855438232
0.996311605 -0.020393683 0.083350152 23.636323929 0.019024294 0.999671221 0.017190754 -27.407341003 -0.083673328 -0.015541669 0.996371984 286.086914062
0.996294081 -0.020428604 0.083551288 23.920915604 0.019127624 0.999683499 0.016342077 -27.592611313 -0.083858684 -0.014683379 0.996369481 288.323516846
0.996232808 -0.021168811 0.084096007 24.191062927 0.019845687 0.999666274 0.016538473 -27.790374756 -0.084418029 -0.014807226 0.996320426 290.551300049
0.996191740 -0.021314224 0.084545381 24.455646515 0.020080810 0.999679565 0.015412604 -27.977453232 -0.084846795 -0.013656169 0.996300340 292.822875977
0.996203482 -0.021822441 0.084275290 24.735074997 0.020657539 0.999678910 0.014670089 -28.171163559 -0.084568381 -0.012873473 0.996334493 295.049896240
0.996209085 -0.021789541 0.084217682 25.015150070 0.020629704 0.999680281 0.014617795 -28.367963791 -0.084509276 -0.012824995 0.996340156 297.279876709
0.996210277 -0.021167178 0.084362477 25.293069839 0.020003753 0.999693155 0.014612414 -28.559310913 -0.084645912 -0.012869472 0.996327996 299.518371582
0.996135592 -0.020943461 0.085295334 25.545209885 0.019674733 0.999683440 0.015688207 -28.762176514 -0.085596882 -0.013949418 0.996232152 301.753570557
0.996132851 -0.021152375 0.085274525 25.830791473 0.019864492 0.999675989 0.015923183 -28.956600189 -0.085583702 -0.014167678 0.996230245 304.004638672
0.996101975 -0.020650299 0.085757688 26.113527298 0.019339366 0.999683499 0.016089367 -29.149541855 -0.086062789 -0.014368149 0.996186197 306.243957520
0.996100068 -0.021063572 0.085679471 26.395837784 0.019746697 0.999673963 0.016188493 -29.354419708 -0.085992545 -0.014433477 0.996191144 308.493621826
0.996058524 -0.022361612 0.085834779 26.680471420 0.021019399 0.999642730 0.016509335 -29.546245575 -0.086173281 -0.014640064 0.996172607 310.750915527
0.996000826 -0.022181310 0.086546667 26.959529877 0.020869922 0.999653697 0.016027940 -29.743989944 -0.086872213 -0.014157623 0.996118784 312.988677979
0.996016324 -0.021748642 0.086478502 27.249197006 0.020386593 0.999654233 0.016602326 -29.940370560 -0.086809665 -0.014773183 0.996115506 315.237518311
0.995972395 -0.020061033 0.087386310 27.530948639 0.018741343 0.999698102 0.015896257 -30.138326645 -0.087678812 -0.014194500 0.996047676 317.483306885
0.995952368 -0.018279258 0.088004217 27.810436249 0.016894946 0.999721944 0.016449394 -30.333396912 -0.088280432 -0.014895986 0.995984256 319.726470947
0.995895088 -0.016727572 0.088955626 28.086767197 0.015358984 0.999753177 0.016047446 -30.531345367 -0.089202121 -0.014615307 0.995906234 321.951568604
0.995852411 -0.016072858 0.089552112 28.364273071 0.014663652 0.999758363 0.016371978 -30.719926834 -0.089793637 -0.014990915 0.995847523 324.188903809
0.995854378 -0.015835920 0.089573085 28.657682419 0.014299070 0.999739707 0.017773315 -30.923925400 -0.089831248 -0.016418820 0.995821655 326.414916992
0.995801568 -0.016084487 0.090113930 28.938121796 0.014567795 0.999741316 0.017463371 -31.119590759 -0.090371542 -0.016077287 0.995778322 328.654052734
0.995799541 -0.017888669 0.089795560 29.237188339 0.016449368 0.999724448 0.016743204 -31.311195374 -0.090070322 -0.015195794 0.995819449 330.888366699
0.995781124 -0.017188171 0.090136185 29.520782471 0.015781242 0.999742627 0.016298490 -31.502304077 -0.090393133 -0.014807268 0.995796025 333.120025635
0.995758772 -0.017700493 0.090283364 29.807157516 0.016176999 0.999714613 0.017578557 -31.693710327 -0.090568751 -0.016043484 0.995760977 335.362457275
0.995777249 -0.018194394 0.089981504 30.107095718 0.016667616 0.999704540 0.017690225 -31.883560181 -0.090276800 -0.016115747 0.995786309 337.598205566
0.995747507 -0.017909305 0.090367079 30.386165619 0.016345339 0.999704003 0.018017378 -32.079139709 -0.090663016 -0.016463676 0.995745540 339.831756592
0.995772660 -0.018101010 0.090049982 30.685134888 0.016586682 0.999708652 0.017536618 -32.271106720 -0.090341173 -0.015968857 0.995782793 342.066619873
0.995764792 -0.017929841 0.090173095 30.972066879 0.016376318 0.999704897 0.017938787 -32.462909698 -0.090468124 -0.016386107 0.995764554 344.319824219
0.995829403 -0.017363347 0.089567199 31.264846802 0.015807478 0.999712050 0.018051244 -32.654094696 -0.089854844 -0.016560126 0.995817184 346.560394287
0.995835185 -0.017021006 0.089568794 31.547800064 0.015477682 0.999719977 0.017897082 -32.844825745 -0.089848340 -0.016436223 0.995819747 348.795257568
0.995792389 -0.016519116 0.090136938 31.830158234 0.014910216 0.999717772 0.018493855 -33.041740417 -0.090417005 -0.017072080 0.995757639 351.035003662
0.995831966 -0.016738098 0.089657210 32.119812012 0.015120206 0.999710917 0.018694224 -33.228137970 -0.089944191 -0.017260671 0.995797217 353.255523682
0.995838821 -0.016548419 0.089616962 32.403766632 0.014965392 0.999720395 0.018307649 -33.420776367 -0.089894868 -0.016890310 0.995808005 355.495819092
0.995855391 -0.016546734 0.089433126 32.690353394 0.014913557 0.999710083 0.018898917 -33.611907959 -0.089719929 -0.017486822 0.995813429 357.730072021
0.995937467 -0.015972978 0.088618778 32.987770081 0.014251635 0.999697924 0.020022996 -33.808139801 -0.088911831 -0.018678693 0.995864451 359.974731445
0.995991468 -0.016150763 0.087977864 33.283485413 0.014431738 0.999692976 0.020140531 -34.000534058 -0.088276148 -0.018790122 0.995918751 362.220520020
0.996037543 -0.016047144 0.087473735 33.576248169 0.014295106 0.999685228 0.020619106 -34.188049316 -0.087777078 -0.019286960 0.995953441 364.460784912
0.996082902 -0.015842125 0.086993657 33.867038727 0.014153223 0.999699891 0.019996706 -34.377170563 -0.087284356 -0.018687136 0.996008158 366.718170166
0.996097505 -0.016646808 0.086675338 34.150299072 0.014971233 0.999689102 0.019945964 -34.567337036 -0.086980417 -0.018570492 0.996036947 368.971771240
0.996086240 -0.016663399 0.086801417 34.429214478 0.015067660 0.999705851 0.019006670 -34.749774933 -0.087092601 -0.017624391 0.996044338 371.232147217
0.996143043 -0.016833786 0.086114518 34.715141296 0.015219780 0.999696612 0.019364884 -34.943786621 -0.086414389 -0.017979549 0.996097147 373.464965820
0.996185601 -0.016473657 0.085690849 35.005962372 0.014795827 0.999686897 0.020178424 -35.128170013 -0.085996442 -0.018833589 0.996117353 375.722381592
0.996148586 -0.016602101 0.086093374 35.278759003 0.014901554 0.999681711 0.020357596 -35.311157227 -0.086403936 -0.018996265 0.996079087 377.974548340
0.996158063 -0.017155154 0.085876763 35.566486359 0.015435265 0.999667585 0.020651540 -35.501823425 -0.086202495 -0.019246668 0.996091723 380.219573975
0.996170998 -0.017384732 0.085679561 35.856307983 0.015668457 0.999663711 0.020663284 -35.681827545 -0.086009964 -0.019241698 0.996108472 382.470794678
0.996163785 -0.016537946 0.085931130 36.143138885 0.014785986 0.999670446 0.020984620 -35.871589661 -0.086249858 -0.019633539 0.996080041 384.726806641
0.996181726 -0.015777612 0.085866690 36.430294037 0.014031207 0.999683022 0.020904267 -36.050590515 -0.086169288 -0.019619638 0.996087313 386.985656738
0.996199667 -0.014696731 0.085850060 36.720500946 0.012956975 0.999699950 0.020787258 -36.243877411 -0.086129807 -0.019595902 0.996091187 389.256042480
0.996185899 -0.013581057 0.086191945 36.998310089 0.011842225 0.999716520 0.020653335 -36.430038452 -0.086448021 -0.019553861 0.996064425 391.527923584
0.996210814 -0.012420977 0.086079121 37.284542084 0.010547205 0.999698162 0.022188725 -36.616977692 -0.086328737 -0.021196758 0.996041179 393.785644531
0.996128917 -0.011037659 0.087207980 37.557735443 0.009102577 0.999704123 0.022555886 -36.804161072 -0.087431148 -0.021674752 0.995934665 396.056304932
0.996078134 -0.010831176 0.087812342 37.842414856 0.009008064 0.999736130 0.021131234 -36.997512817 -0.088018045 -0.020257339 0.995912910 398.324096680
0.996033370 -0.010885906 0.088311940 38.125862122 0.009098096 0.999745965 0.020621590 -37.185256958 -0.088514000 -0.019736316 0.995879531 400.589508057
0.995902956 -0.011961387 0.089634188 38.401363373 0.010061737 0.999715686 0.021615334 -37.368610382 -0.089867264 -0.020624900 0.995740116 402.830780029
0.995907307 -0.013193463 0.089412078 38.697757721 0.011193045 0.999676645 0.022837607 -37.557884216 -0.089684457 -0.021743344 0.995732844 405.115203857
0.995873094 -0.013589937 0.089733221 38.988250732 0.011587290 0.999672830 0.022801174 -37.740058899 -0.090013728 -0.021667309 0.995704770 407.367248535
0.995806873 -0.012261163 0.090655342 39.290081024 0.010321300 0.999708295 0.021836177 -37.919799805 -0.090896614 -0.020808935 0.995643020 409.626312256
0.995773196 -0.011331332 0.091144942 39.589797974 0.009360178 0.999713540 0.022025080 -38.107231140 -0.091368414 -0.021078849 0.995594025 411.883789062
0.995719910 -0.010296021 0.091848008 39.884929657 0.008338816 0.999730468 0.021667568 -38.292678833 -0.092046343 -0.020808920 0.995537221 414.136535645
0.995612264 -0.008776172 0.093162157 40.180370331 0.006794542 0.999744236 0.021566700 -38.475204468 -0.093327604 -0.020839075 0.995417356 416.411529541
0.995579779 -0.009011065 0.093485527 40.488891602 0.007029089 0.999743879 0.021508569 -38.664012909 -0.093655378 -0.020756379 0.995388269 418.670776367
0.995474160 -0.009137654 0.094592042 40.781852722 0.007137495 0.999744117 0.021461930 -38.847808838 -0.094763964 -0.020689646 0.995284736 420.924865723
0.995380163 -0.009175796 0.095571928 41.074653625 0.007180371 0.999749422 0.021201799 -39.036785126 -0.095742524 -0.020417616 0.995196640 423.183715820
0.995303452 -0.009562445 0.096330635 41.378761292 0.007438225 0.999721706 0.022386348 -39.223358154 -0.096517920 -0.021564681 0.995097578 425.453033447
0.995254219 -0.008743709 0.096914664 41.679904938 0.006545096 0.999714434 0.022980809 -39.404865265 -0.097087920 -0.022237435 0.995027363 427.703826904
0.995166838 -0.007792818 0.097889028 41.988052368 0.005496083 0.999703825 0.023710409 -39.586597443 -0.098044805 -0.023057807 0.994914830 429.978698730
0.995182455 -0.008757018 0.097648531 42.300933838 0.006447438 0.999692559 0.023942498 -39.773971558 -0.097828157 -0.023197563 0.994933069 432.259735107
0.995128334 -0.009459469 0.098133452 42.613018036 0.007189283 0.999698877 0.023461524 -39.964569092 -0.098325849 -0.022641717 0.994896650 434.525115967
0.995119095 -0.008437390 0.098319367 42.931015015 0.006159721 0.999706209 0.023446584 -40.132472992 -0.098488308 -0.022726526 0.994878650 436.796020508
0.995070040 -0.008788982 0.098783784 43.243785858 0.006451366 0.999692142 0.023958527 -40.318534851 -0.098963939 -0.023203123 0.994820476 439.080291748
0.995094836 -0.008910233 0.098522618 43.565196991 0.006554870 0.999685526 0.024204727 -40.499412537 -0.098707296 -0.023440197 0.994840443 441.351867676
0.995098293 -0.008156933 0.098552808 43.890972137 0.005703821 0.999667466 0.025147501 -40.696048737 -0.098725148 -0.024462111 0.994814038 443.635284424
0.995031655 -0.008643511 0.099183135 44.204498291 0.006170547 0.999663055 0.025213052 -40.872245789 -0.099367663 -0.024475766 0.994749725 445.914703369
0.995033085 -0.008613952 0.099170774 44.517753601 0.006181038 0.999673009 0.024813730 -41.054527283 -0.099352084 -0.024077509 0.994760931 448.178649902
0.995061696 -0.008059373 0.098930873 44.838043213 0.005652386 0.999681711 0.024586232 -41.237602234 -0.099097535 -0.023905622 0.994790554 450.440338135
0.995000899 -0.007372500 0.099593230 45.147083282 0.004961577 0.999689281 0.024433728 -41.424659729 -0.099742405 -0.023817446 0.994728208 452.704559326
0.994925201 -0.006636275 0.100397855 45.455821991 0.004211909 0.999694884 0.024340313 -41.595375061 -0.100528739 -0.023793928 0.994649589 454.981597900
0.994885862 -0.006980043 0.100764185 45.762500763 0.004572673 0.999699175 0.024102349 -41.783370972 -0.100902103 -0.023518329 0.994618297 457.245330811
0.994918108 -0.006248822 0.100492723 46.093639374 0.003894962 0.999713838 0.023602355 -41.969646454 -0.100611448 -0.023090992 0.994657815 459.536865234
0.994913042 -0.005240432 0.100601040 46.412864685 0.002833956 0.999706864 0.024049010 -42.150520325 -0.100697570 -0.023641577 0.994636118 461.824462891
0.994924903 -0.004840476 0.100505069 46.728824615 0.002318590 0.999679923 0.025193796 -42.329322815 -0.100594871 -0.024832902 0.994617462 464.098968506
0.994949043 -0.004883864 0.100261576 47.035148621 0.002318464 0.999667287 0.025687670 -42.506122589 -0.100353673 -0.025325470 0.994629443 466.362457275
0.995078087 -0.005099309 0.098962739 47.360988617 0.002706249 0.999700963 0.024300624 -42.681995392 -0.099057056 -0.023913201 0.994794369 468.645446777
0.995143533 -0.004762161 0.098318622 47.683193207 0.002421598 0.999711096 0.023911523 -42.866142273 -0.098404087 -0.023557303 0.994867682 470.933898926
0.995218337 -0.005074396 0.097543664 47.994556427 0.002680107 0.999692261 0.024661209 -43.048301697 -0.097638786 -0.024281856 0.994925678 473.217864990
0.995211482 -0.005379372 0.097596668 48.293807983 0.002959246 0.999684930 0.024925055 -43.231327057 -0.097700007 -0.024516888 0.994913876 475.492675781
0.995290160 -0.004847510 0.096819431 48.605529785 0.002521341 0.999705493 0.024133770 -43.395122528 -0.096907899 -0.023775987 0.995009422 477.791351318
0.995325029 -0.004870002 0.096458912 48.919124603 0.002513389 0.999695837 0.024537716 -43.573940277 -0.096549056 -0.024180563 0.995034397 480.071838379
0.995377064 -0.005514548 0.095885567 49.234733582 0.003099440 0.999674618 0.025318129 -43.756298065 -0.095993988 -0.024903890 0.995070338 482.343933105
0.995378375 -0.006037305 0.095840968 49.534168243 0.003695314 0.999690592 0.024594929 -43.935047150 -0.095959798 -0.024127098 0.995092809 484.630279541
0.995437026 -0.006578016 0.095193259 49.835803986 0.004178707 0.999669075 0.025382038 -44.125141144 -0.095328704 -0.024868438 0.995135128 486.924774170
0.995530069 -0.006750605 0.094202951 50.149539948 0.004417147 0.999678731 0.024957122 -44.295700073 -0.094341159 -0.024429457 0.995240152 489.209442139
0.995445848 -0.006353080 0.095116228 50.411849976 0.003922867 0.999661624 0.025715137 -44.482311249 -0.095247403 -0.025224898 0.995133996 491.466522217
0.995549858 -0.005585799 0.094070174 50.727252960 0.003198139 0.999669373 0.025513340 -44.652603149 -0.094181575 -0.025098953 0.995238602 493.748199463
0.995536029 -0.004989024 0.094250523 51.013519287 0.002629520 0.999680400 0.025142008 -44.830471039 -0.094345838 -0.024781941 0.995231092 496.034332275
0.995580733 -0.004916721 0.093780935 51.326763153 0.002606002 0.999690354 0.024746113 -45.018901825 -0.093873560 -0.024392357 0.995285213 498.335357666
0.995628476 -0.004879761 0.093273304 51.627956390 0.002507899 0.999670923 0.025529489 -45.199092865 -0.093367174 -0.025183968 0.995313108 500.623779297
0.995620847 -0.004341257 0.093383983 51.922042847 0.001932903 0.999663532 0.025864806 -45.383003235 -0.093464859 -0.025571031 0.995294154 502.900024414
0.995661974 -0.003379132 0.092983119 52.227516174 0.001037323 0.999681294 0.025222117 -45.564910889 -0.093038723 -0.025016250 0.995348155 505.192932129
0.995625675 -0.003427827 0.093368948 52.518608093 0.001005105 0.999661863 0.025982523 -45.745048523 -0.093426429 -0.025775021 0.995292485 507.483581543
0.995651066 -0.003880098 0.093080342 52.822921753 0.001536638 0.999680340 0.025235215 -45.928485870 -0.093148507 -0.024982439 0.995338678 509.777587891
0.995712519 -0.004624826 0.092385478 53.137126923 0.002228691 0.999658883 0.026022620 -46.114875793 -0.092474304 -0.025705151 0.995383203 512.079650879
0.995710135 -0.004389505 0.092424706 53.435882568 0.001951138 0.999648094 0.026456036 -46.293014526 -0.092508316 -0.026162205 0.995368123 514.382995605
0.995709479 -0.003486363 0.092468500 53.732730865 0.001085424 0.999661267 0.026002530 -46.467334747 -0.092527829 -0.025790598 0.995376170 516.686279297
0.995670438 -0.002619460 0.092916243 54.022727966 0.000195118 0.999659538 0.026091188 -46.650684357 -0.092952944 -0.025960097 0.995332003 518.979187012
0.995630026 -0.000726611 0.093382590 54.324752808 -0.001699821 0.999663055 0.025901599 -46.831645966 -0.093369953 -0.025947146 0.995293260 521.319702148
0.995562494 0.001173421 0.094095178 54.629077911 -0.003654422 0.999650061 0.026198942 -47.013000488 -0.094031535 -0.026426546 0.995218337 523.647521973
0.995511234 0.001797787 0.094626144 54.935684204 -0.004409508 0.999614775 0.027398558 -47.186660767 -0.094540432 -0.027692830 0.995135784 525.968078613
0.995460570 0.001388726 0.095164821 55.242835999 -0.004012373 0.999616921 0.027383709 -47.363403320 -0.095090345 -0.027641237 0.995084822 528.283996582
0.995433569 -0.000530974 0.095454998 55.549308777 -0.002207531 0.999589026 0.028581072 -47.535369873 -0.095430940 -0.028661283 0.995023370 530.600158691
0.995359302 -0.001933379 0.096208550 55.860908508 -0.000787170 0.999601126 0.028231641 -47.707946777 -0.096224740 -0.028176364 0.994960725 532.931640625
0.995323360 -0.001952823 0.096579671 56.170459747 -0.000723412 0.999616921 0.027667345 -47.883628845 -0.096596703 -0.027607823 0.994940639 535.248352051
0.995233238 -0.002134687 0.097499497 56.478637695 -0.000555294 0.999620259 0.027554220 -48.061431885 -0.097521298 -0.027477020 0.994854033 537.567749023
0.995150208 -0.001726862 0.098351941 56.784992218 -0.000935874 0.999634385 0.027020982 -48.241580963 -0.098362654 -0.026981980 0.994784713 539.879760742
0.995049417 -0.000882471 0.099377222 57.096748352 -0.001768089 0.999645114 0.026580472 -48.419128418 -0.099365413 -0.026624586 0.994694769 542.207458496
0.994979978 -0.000465567 0.100073025 57.419898987 -0.002125538 0.999665320 0.025783950 -48.597244263 -0.100051552 -0.025867229 0.994645953 544.531005859
0.994852304 -0.000146899 0.101335585 57.720851898 -0.002507953 0.999656975 0.026070723 -48.776496887 -0.101304658 -0.026190663 0.994510770 546.852050781
0.994763792 -0.000420387 0.102201305 58.036544800 -0.002376852 0.999625921 0.027246578 -48.961513519 -0.102174513 -0.027346823 0.994390666 549.168823242
0.994727314 -0.000367308 0.102554701 58.357254028 -0.002431686 0.999627948 0.027166333 -49.136611938 -0.102526523 -0.027272478 0.994356334 551.473144531
0.994736016 -0.001200076 0.102463156 58.687973022 -0.001492768 0.999655724 0.026200376 -49.313308716 -0.102459297 -0.026215417 0.994391680 553.784240723
0.994765937 -0.001617209 0.102166958 59.020149231 -0.001137643 0.999637485 0.026900198 -49.497009277 -0.102173410 -0.026875632 0.994403481 556.102783203
0.994698822 -0.001549485 0.102819555 59.340095520 -0.001263250 0.999626875 0.027285280 -49.674587250 -0.102823474 -0.027270518 0.994325757 558.414611816
0.994686902 -0.001148337 0.102939628 59.671672821 -0.001789499 0.999593854 0.028442509 -49.854034424 -0.102930471 -0.028475607 0.994280875 560.751037598
0.994679213 -0.001300970 0.103013448 60.005004883 -0.001710053 0.999574006 0.029135706 -50.030319214 -0.103007466 -0.029156839 0.994253099 563.080627441
0.994648218 -0.001134773 0.103313133 60.334411621 -0.001943107 0.999557316 0.029686240 -50.201164246 -0.103301108 -0.029728116 0.994205773 565.396484375
0.994613647 -0.000439453 0.103650279 60.669567108 -0.002601392 0.999570191 0.029200548 -50.380565643 -0.103618547 -0.029312899 0.994185030 567.721557617
0.994632006 0.000627648 0.103473768 61.012489319 -0.003503072 0.999612749 0.027609525 -50.549812317 -0.103416361 -0.027823800 0.994248927 570.049133301
0.994567096 0.000790639 0.104094476 61.351688385 -0.003737172 0.999597728 0.028114326 -50.730117798 -0.104030393 -0.028350607 0.994169891 572.374267578
0.994591892 0.000955958 0.103857175 61.688583374 -0.003979348 0.999574184 0.028907720 -50.909561157 -0.103785336 -0.029164663 0.994171977 574.759643555
0.994591534 0.000998639 0.103858776 62.028663635 -0.004179610 0.999528646 0.030414736 -51.090774536 -0.103779458 -0.030684330 0.994126916 577.074096680
0.994500577 0.001027302 0.104726128 62.348163605 -0.004080867 0.999572575 0.028947515 -51.270637512 -0.104651630 -0.029215693 0.994079709 579.449218750
0.994527578 -0.000112222 0.104475223 62.686317444 -0.002964732 0.999566376 0.029295763 -51.448146820 -0.104433209 -0.029445183 0.994095922 581.783447266
0.994547009 -0.000631700 0.104287364 63.026359558 -0.002506479 0.999548018 0.029957846 -51.624294281 -0.104259148 -0.030055884 0.994095922 584.110534668
0.994552433 -0.000715517 0.104236402 63.373905182 -0.002419893 0.999548376 0.029950226 -51.795356750 -0.104210779 -0.030039309 0.994101465 586.474304199
0.994504333 -0.001838974 0.104678996 63.699363708 -0.001239485 0.999568760 0.029335909 -51.971870422 -0.104687810 -0.029304439 0.994073272 588.798583984
0.994540572 -0.002494863 0.104320571 64.043777466 -0.000567798 0.999569952 0.029318172 -52.145011902 -0.104348861 -0.029217344 0.994111419 591.139526367
0.994537175 -0.004372835 0.104290627 64.376464844 0.001259931 0.999552250 0.029895579 -52.322727203 -0.104374647 -0.029600864 0.994097531 593.471496582
0.994580507 -0.005118696 0.103843257 64.723533630 0.002001606 0.999544859 0.030099291 -52.498405457 -0.103950068 -0.029728318 0.994138122 595.828308105
