1.000000000 0.000000000 0.000000000 0.000000000 0.000000000 1.000000000 0.000000000 0.000000000 0.000000000 0.000000000 1.000000000 0.000000000
0.999999881 0.000137671 0.000419719 0.086494245 -0.000137593 1.000000000 -0.000186103 -0.225407586 -0.000419744 0.000186045 0.999999881 2.289028645
0.999999225 0.000463826 0.001167590 0.165316343 -0.000464135 0.999999881 0.000264279 -0.461851358 -0.001167468 -0.000264821 0.999999225 4.586752415
0.999998569 0.000164808 0.001671760 0.263052344 -0.000165843 0.999999821 0.000618997 -0.695359468 -0.001671658 -0.000619273 0.999998391 6.878153324
0.999996185 0.000240784 0.002744985 0.354142100 -0.000238036 0.999999464 -0.001001249 -0.927673042 -0.002745225 0.001000592 0.999995708 9.172678947
0.999987185 0.001999042 0.004663839 0.447343409 -0.002000491 0.999997973 0.000305847 -1.162533998 -0.004663218 -0.000315173 0.999989092 11.476482391
0.999961674 0.004084930 0.007746727 0.530114353 -0.004095801 0.999990642 0.001387987 -1.391021132 -0.007740984 -0.001419663 0.999969006 13.790958405
0.999943376 0.003848899 0.009919479 0.640678108 -0.003887504 0.999984920 0.003875504 -1.618380189 -0.009904413 -0.003913846 0.999943316 16.064907074
0.999931157 0.003859291 0.011076250 0.738829017 -0.003911262 0.999981344 0.004674365 -1.841336489 -0.011058006 -0.004717366 0.999927759 18.395462036
0.999915481 0.002967587 0.012653449 0.848218799 -0.003030938 0.999982953 0.004990341 -2.069846392 -0.012638423 -0.005028271 0.999907494 20.681138992
0.999920189 0.000671315 0.012617832 0.979270041 -0.000703305 0.999996483 0.002531061 -2.294874191 -0.012616088 -0.002539734 0.999917209 23.008115768
0.999907017 -0.001610019 0.013541094 1.086863875 0.001604271 0.999998629 0.000435343 -2.515828133 -0.013541775 -0.000413579 0.999908268 25.290281296
0.999905050 -0.002408681 0.013568370 1.220994234 0.002413064 0.999997020 -0.000306684 -2.760192156 -0.013567593 0.000339396 0.999907911 27.606943130
0.999893904 -0.002115943 0.014409838 1.332283735 0.002135401 0.999996781 -0.001335035 -2.987825394 -0.014406969 0.001365664 0.999895275 29.895517349
0.999879360 0.000335275 0.015525823 1.450486898 -0.000350232 0.999999464 0.000960615 -3.214915514 -0.015525488 -0.000965937 0.999879003 32.185348511
0.999874353 0.002338311 0.015681377 1.581846952 -0.002388113 0.999992132 0.003157913 -3.437306404 -0.015673872 -0.003194965 0.999872029 34.462749481
0.999827981 0.004939545 0.017878236 1.691302896 -0.005067516 0.999961793 0.007119730 -3.671741009 -0.017842384 -0.007209102 0.999814808 36.780529022
0.999804854 0.006726042 0.018576451 1.811717272 -0.006849318 0.999954879 0.006580450 -3.891815424 -0.018531350 -0.006706401 0.999805808 39.053272247
0.999776125 0.006019200 0.020285467 1.924386621 -0.006130112 0.999966562 0.005409857 -4.103184700 -0.020252222 -0.005533000 0.999779582 41.345439911
0.999785125 0.003653041 0.020407515 2.052811146 -0.003733963 0.999985158 0.003928626 -4.326325893 -0.020392867 -0.004003982 0.999783993 43.622367859
0.999793112 0.003368251 0.020057091 2.201323509 -0.003439045 0.999987960 0.003496175 -4.558207989 -0.020045072 -0.003564429 0.999792695 45.870029449
0.999785781 0.002789095 0.020508315 2.324200153 -0.002842559 0.999992609 0.002578232 -4.789375782 -0.020500973 -0.002635976 0.999786377 48.155994415
0.999793351 0.000998211 0.020311000 2.467662334 -0.001061494 0.999994576 0.003105139 -5.021090031 -0.020307790 -0.003126057 0.999789000 50.437114716
0.999770761 0.000208244 0.021408943 2.599527836 -0.000275097 0.999995053 0.003119780 -5.242566109 -0.021408189 -0.003124955 0.999765933 52.705974579
0.999760926 -0.001002838 0.021840105 2.736498833 0.000933072 0.999994457 0.003204384 -5.474389076 -0.021843195 -0.003183239 0.999756396 54.988338470
0.999735951 -0.001621692 0.022919990 2.865089893 0.001530682 0.999990880 0.003987745 -5.711483002 -0.022926247 -0.003951609 0.999729335 57.279804230
0.999714673 -0.003145720 0.023677448 3.005107880 0.003035387 0.999984384 0.004694330 -5.937346935 -0.023691850 -0.004621121 0.999708652 59.546108246
0.999676168 -0.004758741 0.024998346 3.139788628 0.004658548 0.999980807 0.004064699 -6.161332607 -0.025017213 -0.003946926 0.999679148 61.812583923
0.999659896 -0.005636057 0.025462158 3.293427229 0.005539308 0.999977171 0.003868663 -6.385296822 -0.025483377 -0.003726305 0.999668300 64.067138672
0.999630272 -0.005133544 0.026705837 3.436797619 0.005019218 0.999977887 0.004346244 -6.607110023 -0.026727559 -0.004210595 0.999633908 66.338729858
0.999609172 -0.004174151 0.027641354 3.588230371 0.004040072 0.999979794 0.004904727 -6.836726665 -0.027661266 -0.004791138 0.999606013 68.601066589
0.999573052 -0.004377442 0.028889494 3.729992628 0.004252042 0.999981284 0.004400703 -7.059108257 -0.028908221 -0.004275985 0.999572933 70.856323242
0.999557734 -0.005201608 0.029279225 3.891977310 0.005113993 0.999982238 0.003066499 -7.283296585 -0.029294651 -0.002915408 0.999566555 73.112136841
0.999544024 -0.006119058 0.029567290 4.054630280 0.006014392 0.999975324 0.003627536 -7.513072491 -0.029588759 -0.003448053 0.999556124 75.392608643
0.999496937 -0.007281928 0.030868264 4.215152740 0.007189042 0.999969304 0.003119055 -7.744149685 -0.030890027 -0.002895574 0.999518514 77.658309937
0.999487936 -0.008318866 0.030896919 4.371650696 0.008231061 0.999961734 0.002967963 -7.976043224 -0.030920420 -0.002712128 0.999518096 79.920989990
0.999457538 -0.008769400 0.031744633 4.523112774 0.008695291 0.999959111 0.002471845 -8.192414284 -0.031765010 -0.002194476 0.999492884 82.175827026
0.999444187 -0.008187938 0.032313596 4.701134205 0.008119285 0.999964476 0.002255193 -8.417630196 -0.032330908 -0.001991576 0.999475360 84.464027405
0.999395251 -0.007966485 0.033849258 4.860231400 0.007869283 0.999964416 0.003003926 -8.640090942 -0.033871990 -0.002735740 0.999422431 86.717720032
0.999388695 -0.007921170 0.034051597 5.033089638 0.007777688 0.999960303 0.004344085 -8.874629021 -0.034084663 -0.004076586 0.999410629 89.003738403
0.999359787 -0.006907073 0.035101928 5.196503162 0.006729310 0.999963939 0.005179801 -9.102249146 -0.035136439 -0.004940273 0.999370277 91.253555298
0.999330163 -0.006643607 0.035988249 5.365046024 0.006458190 0.999965250 0.005265968 -9.325006485 -0.036021989 -0.005030022 0.999338329 93.491981506
0.999316096 -0.006855204 0.036336072 5.543325901 0.006700984 0.999968052 0.004364355 -9.545127869 -0.036364824 -0.004117883 0.999330044 95.724533081
0.999277532 -0.007629012 0.037232175 5.713023186 0.007453607 0.999960423 0.004847644 -9.767576218 -0.037267692 -0.004566627 0.999294877 97.971321106
0.999248743 -0.007350453 0.038051613 5.875786781 0.007190601 0.999964714 0.004336093 -9.996515274 -0.038082153 -0.004059220 0.999266386 100.210006714
0.999180317 -0.007368913 0.039803810 6.033569336 0.007167247 0.999960840 0.005206868 -10.212094307 -0.039840613 -0.004917317 0.999193966 102.442192078
0.999182224 -0.007406964 0.039748445 6.234693527 0.007197720 0.999959469 0.005404746 -10.438405037 -0.039786860 -0.005114229 0.999195039 104.699142456
0.999145746 -0.008060205 0.040531598 6.411841869 0.007822074 0.999951184 0.006030371 -10.654564857 -0.040578224 -0.005708179 0.999160051 106.938102722
0.999122441 -0.009409335 0.040812757 6.599981308 0.009168862 0.999939501 0.006075280 -10.870265007 -0.040867455 -0.005695743 0.999148369 109.192077637
0.999084294 -0.010455884 0.041486714 6.784134865 0.010167937 0.999922693 0.007145667 -11.098553658 -0.041558225 -0.006717287 0.999113441 111.450149536
0.999054730 -0.011314894 0.041970093 6.973683834 0.011084636 0.999922216 0.005714898 -11.318572998 -0.042031497 -0.005244272 0.999102533 113.714050293
0.999014914 -0.011678742 0.042809434 7.157303810 0.011480873 0.999922216 0.004865071 -11.538041115 -0.042862926 -0.004368789 0.999071419 115.963989258
0.998979151 -0.012040587 0.043539867 7.339710236 0.011819613 0.999915957 0.005329140 -11.765648842 -0.043600373 -0.004809075 0.999037504 118.209709167
0.998922229 -0.012370769 0.044736154 7.528195381 0.012107721 0.999907732 0.006146259 -11.990334511 -0.044808064 -0.005597982 0.998979867 120.482543945
0.998907924 -0.013099165 0.044848554 7.732337952 0.012809922 0.999895275 0.006730739 -12.214433670 -0.044932030 -0.006148882 0.998971105 122.693168640
0.998854280 -0.013750693 0.045835651 7.935522079 0.013479579 0.999889731 0.006218767 -12.438808441 -0.045916118 -0.005593797 0.998929620 125.004356384
0.998820245 -0.014217764 0.046431568 8.120758057 0.013979508 0.999887407 0.005452043 -12.662900925 -0.046503857 -0.004796520 0.998906553 127.268356323
0.998804331 -0.015896738 0.046230186 8.313327789 0.015641663 0.999860406 0.005874035 -12.880996704 -0.046317119 -0.005143894 0.998913527 129.528854370
0.998820603 -0.016961515 0.045494534 8.499116898 0.016700691 0.999841869 0.006106994 -13.095351219 -0.045590922 -0.005340001 0.998945892 131.778167725
0.998887002 -0.017417992 0.043834150 8.701518059 0.017120743 0.999827862 0.007147461 -13.312474251 -0.043951087 -0.006389033 0.999013245 134.011016846
0.998943865 -0.018303046 0.042143155 8.899802208 0.018017765 0.999812186 0.007139237 -13.542286873 -0.042265903 -0.006372373 0.999086082 136.261016846
0.999024451 -0.019177150 0.039778791 9.113906860 0.018939000 0.999800444 0.006355140 -13.751375198 -0.039892726 -0.005595569 0.999188304 138.482254028
0.998995364 -0.019960131 0.040121775 9.269464493 0.019703412 0.999782860 0.006783755 -13.976028442 -0.040248472 -0.005986404 0.999171793 140.761550903
0.998984218 -0.020322936 0.040217906 9.436567307 0.020068204 0.999775946 0.006727436 -14.180676460 -0.040345620 -0.005913503 0.999168277 142.991821289
0.999038517 -0.020156059 0.038933549 9.633949280 0.019834904 0.999766111 0.008617616 -14.416226387 -0.039098140 -0.007837085 0.999204636 145.256347656
0.999057651 -0.019194495 0.038928099 9.809529305 0.018914998 0.999792695 0.007535512 -14.629493713 -0.039064668 -0.006792086 0.999213576 147.514312744
0.999078214 -0.017932866 0.039004181 9.989053726 0.017708845 0.999824703 0.006081418 -14.845528603 -0.039106403 -0.005385093 0.999220550 149.759902954
0.999089956 -0.016462356 0.039347902 10.165611267 0.016272992 0.999854386 0.005128051 -15.064522743 -0.039426588 -0.004483075 0.999212384 152.008880615
0.999098122 -0.015791450 0.039416041 10.350488663 0.015592944 0.999864161 0.005338431 -15.284328461 -0.039494995 -0.004719004 0.999208629 154.248031616
0.999082565 -0.015254710 0.040016755 10.537338257 0.015049400 0.999872029 0.005426806 -15.497747421 -0.040094417 -0.004819600 0.999184310 156.507186890
0.999087393 -0.013728295 0.040445905 10.704944611 0.013439760 0.999882340 0.007397159 -15.727335930 -0.040542681 -0.006846826 0.999154329 158.744430542
0.999036252 -0.012999946 0.041921861 10.883564949 0.012662983 0.999885440 0.008293383 -15.941843987 -0.042024862 -0.007754534 0.999086440 160.978881836
0.999008358 -0.011564732 0.042994522 11.047080994 0.011134472 0.999885619 0.010233411 -16.163551331 -0.043107953 -0.009744539 0.999022901 163.266006470
0.998975158 -0.011218480 0.043849312 11.232125282 0.010800248 0.999894023 0.009763180 -16.369544983 -0.043954190 -0.009279590 0.998990417 165.521224976
0.998941898 -0.010638677 0.044744693 11.429823875 0.010270939 0.999911547 0.008440460 -16.578578949 -0.044830535 -0.007971956 0.998962939 167.769866943
0.998876333 -0.008809100 0.046565510 11.616588593 0.008412241 0.999926686 0.008711707 -16.789569855 -0.046638843 -0.008310199 0.998877227 170.010925293
0.998736620 -0.008335726 0.049554788 11.805496216 0.007896966 0.999927938 0.009043237 -17.017665863 -0.049626589 -0.008640478 0.998730481 172.294357300
0.998619974 -0.008661577 0.051801518 12.008863449 0.008216830 0.999927580 0.008792436 -17.228979111 -0.051873930 -0.008354657 0.998618722 174.563110352
0.998532653 -0.008451894 0.053488746 12.217335701 0.007953437 0.999922991 0.009524911 -17.444236755 -0.053565130 -0.009085515 0.998523116 176.823242188
0.998492360 -0.008957570 0.054155849 12.423062325 0.008408813 0.999911070 0.010352313 -17.651092529 -0.054243766 -0.009881319 0.998478830 179.041564941
0.998478055 -0.010403837 0.054160032 12.643124580 0.009874094 0.999900818 0.010039506 -17.865459442 -0.054259103 -0.009489444 0.998481810 181.315963745
0.998420894 -0.011289390 0.055028714 12.840005875 0.010765976 0.999894023 0.009798837 -18.073944092 -0.055133495 -0.009190925 0.998436689 183.566162109
0.998516500 -0.012881642 0.052903526 13.081884384 0.012397632 0.999878347 0.009466927 -18.289670944 -0.053019039 -0.008797004 0.998554707 185.795989990
0.998522937 -0.014706192 0.052302480 13.292284966 0.014187540 0.999846578 0.010273913 -18.502269745 -0.052445550 -0.009516696 0.998578429 188.044464111
0.998543561 -0.015632624 0.051636498 13.506054878 0.015145943 0.999837220 0.009802991 -18.709209442 -0.051781345 -0.009006630 0.998617887 190.285278320
0.998496830 -0.016951704 0.052122470 13.709772110 0.016483560 0.999819934 0.009398453 -18.925010681 -0.052272402 -0.008525164 0.998596430 192.542831421
0.998469412 -0.018737998 0.052035626 13.907715797 0.018303916 0.999793828 0.008806070 -19.135135651 -0.052189890 -0.007840137 0.998606384 194.781143188
0.998497248 -0.018329272 0.051647104 14.115383148 0.017888486 0.999799728 0.008983938 -19.346103668 -0.051801421 -0.008046548 0.998624980 197.011459351
0.998499155 -0.015717873 0.052462209 14.322346687 0.015249904 0.999840260 0.009308632 -19.563699722 -0.052600149 -0.008494619 0.998579502 199.261901855
0.998504937 -0.014006533 0.052836452 14.526394844 0.013545191 0.999867022 0.009079535 -19.776809692 -0.052956600 -0.008350279 0.998561919 201.496978760
0.998482645 -0.013427390 0.053403314 14.739380836 0.012991310 0.999879360 0.008504561 -19.990568161 -0.053511064 -0.007797879 0.998536944 203.752075195
0.998443604 -0.013555394 0.054098397 14.940031052 0.013082896 0.999873102 0.009078709 -20.197088242 -0.054214608 -0.008356813 0.998494267 205.978424072
0.998428524 -0.015066798 0.053975098 15.172916412 0.014576817 0.999849021 0.009460158 -20.421279907 -0.054109473 -0.008658506 0.998497605 208.223495483
0.998375475 -0.014778059 0.055028275 15.381191254 0.014270361 0.999852002 0.009607752 -20.621923447 -0.055162117 -0.008806869 0.998438597 210.464416504
0.998290777 -0.015015340 0.056481026 15.594636917 0.014399447 0.999832511 0.011295686 -20.855356216 -0.056641165 -0.010463083 0.998339772 212.709197998
0.998230100 -0.013506000 0.057916980 15.832133293 0.012870717 0.999852896 0.011327930 -21.060531616 -0.058061454 -0.010562444 0.998257160 214.942550659
0.998026848 -0.013118655 0.061405096 16.026605606 0.012404851 0.999851108 0.011991392 -21.280548096 -0.061553251 -0.011206008 0.998041034 217.224044800
0.997890294 -0.013089058 0.063588694 16.255949020 0.012326235 0.999847412 0.012373753 -21.485898972 -0.063740939 -0.011563839 0.997899413 219.465713501
0.997755349 -0.014625255 0.065347917 16.491991043 0.013800339 0.999819517 0.013057089 -21.689943314 -0.065527081 -0.012125958 0.997777104 221.700805664
0.997642517 -0.016400363 0.066636562 16.728319168 0.015517894 0.999785185 0.013739097 -21.889530182 -0.066847570 -0.012672650 0.997682691 223.939514160
0.997570872 -0.018678717 0.067108251 16.984643936 0.017827181 0.999753058 0.013265550 -22.100456238 -0.067339458 -0.012036977 0.997657537 226.178085327
0.997531295 -0.019781394 0.067379467 17.226989746 0.018945185 0.999735653 0.013026907 -22.299224854 -0.067619346 -0.011718229 0.997642398 228.431030273
0.997480094 -0.020123977 0.068035051 17.470201492 0.019264653 0.999726355 0.013263319 -22.501661301 -0.068283364 -0.011919225 0.997594714 230.673568726
0.997432649 -0.021323819 0.068362385 17.722946167 0.020520804 0.999712169 0.012427333 -22.705516815 -0.068607710 -0.010992578 0.997583151 232.928390503
0.997376561 -0.022214212 0.068895355 17.966142654 0.021332853 0.999681175 0.013502307 -22.903057098 -0.069173351 -0.011997149 0.997532547 235.167098999
0.997377217 -0.022182237 0.068894699 18.235252380 0.021285169 0.999679208 0.013727760 -23.109100342 -0.069177099 -0.012225321 0.997529507 237.445602417
0.997349739 -0.022129830 0.069308512 18.479837418 0.021228671 0.999680579 0.013711897 -23.307218552 -0.069589823 -0.012204229 0.997501016 239.680908203
0.997311115 -0.022210702 0.069837511 18.727731705 0.021274297 0.999673843 0.014123843 -23.509599686 -0.070128456 -0.012600120 0.997458398 241.914154053
0.997255981 -0.022520959 0.070521012 18.970743179 0.021576934 0.999667466 0.014119850 -23.703857422 -0.070815548 -0.012559478 0.997410357 244.156341553
0.997222245 -0.022905391 0.070874333 19.221782684 0.022002926 0.999666929 0.013488035 -23.909946442 -0.071159676 -0.011891125 0.997394085 246.389251709
0.997242212 -0.022267487 0.070795998 19.483396530 0.021425681 0.999690711 0.012627849 -24.112127304 -0.071055286 -0.011076174 0.997410834 248.632003784
0.997216761 -0.022788163 0.070987754 19.738162994 0.021895658 0.999671459 0.013325563 -24.319503784 -0.071268104 -0.011734153 0.997388184 250.878829956
0.997182965 -0.023704011 0.071165085 19.994512558 0.022822859 0.999652803 0.013169599 -24.520826340 -0.071452558 -0.011508307 0.997377634 253.114959717
0.997177184 -0.023781646 0.071219020 20.255006790 0.022845965 0.999641955 0.013924127 -24.724504471 -0.071524672 -0.012257751 0.997363508 255.370864868
0.997141004 -0.024546906 0.071465150 20.494380951 0.023594804 0.999621630 0.014136625 -24.924575806 -0.071785137 -0.012410001 0.997342885 257.588012695
0.997119486 -0.024685036 0.071717754 20.766244888 0.023689222 0.999611259 0.014702856 -25.133037567 -0.072052822 -0.012961564 0.997316718 259.869689941
0.997092485 -0.024284655 0.072227001 21.023616791 0.023322688 0.999628067 0.014132434 -25.329971313 -0.072543338 -0.012406817 0.997288048 262.114868164
0.997064769 -0.024265764 0.072617076 21.284601212 0.023343032 0.999635994 0.013528734 -25.525941849 -0.072918914 -0.011793920 0.997268140 264.372375488
0.997033477 -0.023494747 0.073295459 21.545015335 0.022588259 0.999658048 0.013172205 -25.731529236 -0.073579885 -0.011477511 0.997223258 266.613006592
0.996960163 -0.022730129 0.074522890 21.804542542 0.021836128 0.999679744 0.012789350 -25.925666809 -0.074789725 -0.011123180 0.997137308 268.860015869
0.996854842 -0.022328265 0.076038122 22.060781479 0.021399317 0.999686301 0.013009853 -26.144351959 -0.076304741 -0.011341770 0.997020006 271.114288330
0.996785939 -0.023197787 0.076679513 22.338592529 0.022215985 0.999660134 0.013632437 -26.350923538 -0.076969720 -0.011885112 0.996962547 273.357818604
0.996578097 -0.023475692 0.079251751 22.589935303 0.022435192 0.999650359 0.013994121 -26.543960571 -0.079552554 -0.012168209 0.996756375 275.612152100
0.996465802 -0.023527566 0.080636531 22.865827560 0.022371564 0.999634027 0.015209668 -26.734485626 -0.080964848 -0.013351949 0.996627450 277.851593018
0.996382952 -0.022723455 0.081881598 23.143892288 0.021416584 0.999629378 0.016803693 -26.949523926 -0.082233094 -0.014989289 0.996500492 280.102172852
0.996300995 -0.022496931 0.082936279 23.429105759 0.021069119 0.999615133 0.018051069 -27.150354385 -0.083310440 -0.016236901 0.996391296 282.339141846
0.996218562 -0.021602856 0.084153026 23.708314896 0.020162042 0.999635875 0.017933806 -27.339126587 -0.084509812 -0.016169295 0.996291459 284.603698730
0.996151567 -0.020461434 0.085225090 23.984325409 0.019060249 0.999670029 0.017222434 -27.525796890 -0.085549362 -0.015531747 0.996212780 286.840057373
0.996077180 -0.020166306 0.086160138 24.262025833 0.018839639 0.999691546 0.016183270 -27.711229324 -0.086459905 -0.014496556 0.996149838 289.087463379
0.996020734 -0.020938497 0.086626641 24.539821625 0.019581098 0.999672294 0.016489761 -27.909931183 -0.086943522 -0.014727900 0.996104300 291.313812256
0.995961249 -0.020729188 0.087358445 24.807004929 0.019495361 0.999698043 0.014953440 -28.093441010 -0.087642029 -0.013189962 0.996064723 293.576751709
0.995974481 -0.021327937 0.087064147 25.094339371 0.020177307 0.999697328 0.014074725 -28.287555695 -0.087337986 -0.012261347 0.996103227 295.810150146
0.995967031 -0.021317039 0.087150969 25.377305984 0.020183567 0.999700248 0.013866487 -28.485162735 -0.087420441 -0.012051548 0.996098578 298.046661377
0.995960891 -0.020737130 0.087362163 25.661569595 0.019600499 0.999712050 0.013848444 -28.678209305 -0.087624192 -0.012080166 0.996080279 300.283630371
0.995895982 -0.020533159 0.088144228 25.924251556 0.019291464 0.999702632 0.014916033 -28.881362915 -0.088424288 -0.013154388 0.995995998 302.534851074
0.995899677 -0.020851139 0.088028975 26.214815140 0.019593293 0.999693573 0.015129062 -29.079505920 -0.088317446 -0.013342246 0.996003151 304.784027100
0.995867670 -0.020260822 0.088527538 26.503650665 0.018965015 0.999700725 0.015454087 -29.278051376 -0.088814154 -0.013711300 0.995953858 307.038238525
0.995868683 -0.021324530 0.088265367 26.794883728 0.020021535 0.999677598 0.015621434 -29.484064102 -0.088570021 -0.013789689 0.995974481 309.292785645
0.995810628 -0.022380488 0.088658243 27.080951691 0.021033593 0.999649167 0.016097337 -29.678882599 -0.088987440 -0.014165100 0.995932043 311.549163818
0.995766759 -0.022113364 0.089216426 27.367433548 0.020822687 0.999664962 0.015371811 -29.875738144 -0.089526460 -0.013449011 0.995893657 313.788879395
0.995785296 -0.021883711 0.089065470 27.662960052 0.020522097 0.999658525 0.016175006 -30.076427460 -0.089389019 -0.014279023 0.995894432 316.032867432
0.995751500 -0.020272549 0.089822151 27.956153870 0.018978877 0.999703944 0.015233424 -30.273357391 -0.090104386 -0.013463980 0.995841324 318.287841797
0.995743096 -0.018991034 0.090193704 28.242525101 0.017637469 0.999719799 0.015780805 -30.468185425 -0.090468138 -0.014122841 0.995799124 320.536315918
0.995678782 -0.017923113 0.091118380 28.526973724 0.016562577 0.999740124 0.015665842 -30.668796539 -0.091375493 -0.014088993 0.995716751 322.766540527
0.995640099 -0.016991895 0.091717564 28.813585281 0.015583739 0.999749780 0.016047617 -30.859653473 -0.091967300 -0.014548349 0.995655656 325.006103516
0.995640039 -0.016590724 0.091790855 29.114204407 0.015040252 0.999732614 0.017557457 -31.065847397 -0.092057593 -0.016100349 0.995623529 327.232543945
0.995617628 -0.017130310 0.091935098 29.405862808 0.015588654 0.999725938 0.017460976 -31.265426636 -0.092209041 -0.015951309 0.995611906 329.473571777
0.995627880 -0.018699182 0.091517054 29.711051941 0.017247530 0.999713004 0.016627394 -31.456304550 -0.091801703 -0.014976254 0.995664656 331.714508057
0.995638311 -0.018426634 0.091459304 30.004709244 0.016983014 0.999719024 0.016537644 -31.653354645 -0.091738351 -0.014912257 0.995671511 333.936950684
0.995598793 -0.018501488 0.091873743 30.294847488 0.016938174 0.999698818 0.017766638 -31.844690323 -0.092174783 -0.016132267 0.995612144 336.172271729
0.995656908 -0.019245474 0.091087259 30.606336594 0.017717175 0.999688864 0.017557375 -32.033302307 -0.091396824 -0.015867308 0.995688140 338.409149170
0.995643198 -0.019185325 0.091249615 30.893762589 0.017615922 0.999683261 0.017973552 -32.231285095 -0.091565549 -0.016287800 0.995665789 340.653930664
0.995698094 -0.019415589 0.090599746 31.196903229 0.017878935 0.999682724 0.017741853 -32.426109314 -0.090915479 -0.016045704 0.995729268 342.895721436
0.995699584 -0.019716598 0.090518445 31.488016129 0.018159483 0.999673188 0.017993722 -32.613086700 -0.090843633 -0.016272569 0.995732188 345.140930176
0.995747864 -0.019391127 0.090056762 31.784942627 0.017822348 0.999675691 0.018191557 -32.803871155 -0.090380318 -0.016509179 0.995770395 347.379516602
0.995806158 -0.019401845 0.089407139 32.077198029 0.017842229 0.999674976 0.018210307 -32.994628906 -0.089731380 -0.016538709 0.995828688 349.618560791
0.995812535 -0.019002946 0.089421824 32.362953186 0.017397214 0.999673724 0.018702190 -33.189174652 -0.089748025 -0.017068181 0.995818257 351.857849121
0.995852470 -0.019303512 0.088911049 32.651802063 0.017684072 0.999663711 0.018966114 -33.375568390 -0.089247257 -0.017315142 0.995858967 354.083801270
0.995873272 -0.019040132 0.088735171 32.937694550 0.017459322 0.999675274 0.018557241 -33.566978455 -0.089059688 -0.016931400 0.995882511 356.320129395
0.995926619 -0.019266557 0.088084079 33.230384827 0.017666813 0.999665201 0.018905245 -33.754825592 -0.088418819 -0.017272076 0.995933652 358.549560547
0.995973289 -0.018952914 0.087623768 33.523944855 0.017275253 0.999653399 0.019865051 -33.946868896 -0.087969884 -0.018271340 0.995955467 360.792785645
0.996047974 -0.019270262 0.086701274 33.821613312 0.017602311 0.999645889 0.019961502 -34.138442993 -0.087055236 -0.018356472 0.996034324 363.042816162
0.996097445 -0.019293467 0.086125620 34.115306854 0.017603815 0.999638379 0.020335069 -34.325603485 -0.086486794 -0.018739576 0.996076763 365.286926270
0.996144831 -0.019255979 0.085584566 34.402095795 0.017629484 0.999650121 0.019719981 -34.515655518 -0.085934334 -0.018135145 0.996135712 367.537322998
0.996165991 -0.019904112 0.085189216 34.687217712 0.018300910 0.999641180 0.019559106 -34.705322266 -0.085547939 -0.017925067 0.996172786 369.786895752
0.996166527 -0.019974012 0.085166067 34.968799591 0.018465683 0.999659061 0.018461619 -34.884212494 -0.085505769 -0.016818196 0.996195793 372.037872314
0.996231854 -0.019868124 0.084423482 35.252815247 0.018342465 0.999654770 0.018808957 -35.085266113 -0.084768027 -0.017189546 0.996252418 374.282836914
0.996310055 -0.019823581 0.083505616 35.542427063 0.018272806 0.999646783 0.019294478 -35.270629883 -0.083858617 -0.017697398 0.996320486 376.530731201
0.996226728 -0.019465402 0.084577568 35.809406281 0.017847324 0.999643743 0.019845555 -35.459468842 -0.084933735 -0.018261192 0.996219277 378.793823242
0.996224821 -0.020116566 0.084447116 36.092395782 0.018475911 0.999625862 0.020165043 -35.652080536 -0.084821187 -0.018528678 0.996223927 381.040252686
0.996245861 -0.020232027 0.084171690 36.380516052 0.018594589 0.999623120 0.020192295 -35.833839417 -0.084548488 -0.018551352 0.996246636 383.299865723
0.996255696 -0.019448511 0.084239013 36.663414001 0.017781017 0.999631822 0.020500049 -36.024959564 -0.084606685 -0.018925440 0.996234596 385.549133301
0.996269822 -0.018276433 0.084334739 36.939922333 0.016593847 0.999649882 0.020609312 -36.206020355 -0.084681876 -0.019133000 0.996224284 387.801513672
0.996291161 -0.017410947 0.084266268 37.226959229 0.015738171 0.999666512 0.020474873 -36.398097992 -0.084594667 -0.019072741 0.996232867 390.069976807
0.996290147 -0.016065948 0.084544554 37.504306793 0.014379752 0.999686241 0.020515783 -36.589015961 -0.084847614 -0.019223941 0.996208489 392.347991943
0.996303499 -0.014793666 0.084620856 37.783756256 0.012977112 0.999674261 0.021976927 -36.773925781 -0.084918402 -0.020797549 0.996170819 394.609191895
0.996246040 -0.013631542 0.085486703 38.058811188 0.011758292 0.999680340 0.022378176 -36.959915161 -0.085764438 -0.021288991 0.996087968 396.878753662
0.996199548 -0.013388271 0.086064599 38.342239380 0.011629056 0.999713719 0.020909600 -37.153003693 -0.086319916 -0.019829286 0.996070087 399.146362305
0.996121705 -0.013111391 0.087003723 38.616439819 0.011365724 0.999724627 0.020529408 -37.341636658 -0.087248936 -0.019460924 0.995996416 401.410644531
0.996000767 -0.014045199 0.088234216 38.894134521 0.012209645 0.999698341 0.021308616 -37.520812988 -0.088506900 -0.020146087 0.995871782 403.658966064
0.996008039 -0.015639691 0.087882638 39.183815002 0.013699791 0.999649823 0.022633763 -37.711605072 -0.088205852 -0.021339433 0.995873630 405.933959961
0.995952845 -0.016091280 0.088424928 39.466323853 0.014160391 0.999648273 0.022420606 -37.893890381 -0.088754602 -0.021077732 0.995830476 408.189666748
0.995933473 -0.014515655 0.088914841 39.779720306 0.012660491 0.999690950 0.021393133 -38.068725586 -0.089197896 -0.020180427 0.995809555 410.453002930
0.995868146 -0.014053433 0.089717768 40.066795349 0.012125200 0.999684334 0.022001192 -38.259700775 -0.089998662 -0.020822441 0.995724142 412.711212158
0.995859504 -0.011836238 0.090132102 40.377895355 0.009941637 0.999720633 0.021440316 -38.451362610 -0.090360701 -0.020455483 0.995698988 414.958801270
0.995784104 -0.010764060 0.091094039 40.674415588 0.008841393 0.999730110 0.021483684 -38.636955261 -0.091300711 -0.020587714 0.995610476 417.222778320
0.995723367 -0.011270750 0.091694683 40.972057343 0.009342817 0.999726772 0.021427738 -38.825099945 -0.091911130 -0.020479413 0.995556593 419.475311279
0.995615482 -0.011117669 0.092877321 41.261024475 0.009162482 0.999727905 0.021451276 -39.007076263 -0.093090542 -0.020506235 0.995446444 421.729522705
0.995536447 -0.011247288 0.093704902 41.552539825 0.009308949 0.999734104 0.021097049 -39.192775726 -0.093917266 -0.020130590 0.995376408 423.981781006
0.995468378 -0.011648613 0.094378240 41.852947235 0.009588153 0.999706268 0.022256084 -39.378700256 -0.094609790 -0.021250313 0.995287597 426.255035400
0.995420039 -0.010735677 0.094992414 42.150718689 0.008605774 0.999703050 0.022803131 -39.559696198 -0.095209002 -0.021881212 0.995216727 428.509155273
0.995357275 -0.009933767 0.095735036 42.457210541 0.007724263 0.999695778 0.023422383 -39.740379333 -0.095938593 -0.022574158 0.995131254 430.785491943
0.995381296 -0.010356238 0.095441431 42.769168854 0.008153195 0.999691904 0.023443794 -39.922988892 -0.095654815 -0.022557363 0.995158970 433.069030762
0.995317876 -0.010908533 0.096038401 43.074604034 0.008758558 0.999702156 0.022779815 -40.112220764 -0.096258305 -0.021831995 0.995116949 435.333496094
0.995304644 -0.010043076 0.096269690 43.386016846 0.007870669 0.999706268 0.022919113 -40.281822205 -0.096471593 -0.022053791 0.995091379 437.606384277
0.995268106 -0.010376449 0.096611485 43.693496704 0.008177111 0.999699056 0.023132941 -40.464504242 -0.096822456 -0.022233479 0.995053291 439.886413574
0.995322585 -0.010418497 0.096043803 44.011058807 0.008229136 0.999697804 0.023163410 -40.643966675 -0.096256107 -0.022264708 0.995107532 442.159393311
0.995328128 -0.009359930 0.096095391 44.349452972 0.007098289 0.999690354 0.023850309 -40.831138611 -0.096288875 -0.023056773 0.995086372 444.458160400
0.995292783 -0.009996890 0.096396104 44.660301208 0.007710740 0.999680817 0.024059633 -41.011657715 -0.096605860 -0.023203094 0.995052159 446.733703613
0.995286107 -0.009948901 0.096472137 44.966930389 0.007699412 0.999690354 0.023661783 -41.196189880 -0.096677706 -0.022807458 0.995054364 448.997680664
0.995302260 -0.009368670 0.096361123 45.276638031 0.007149510 0.999701798 0.023349173 -41.381191254 -0.096551143 -0.022550547 0.995072544 451.258331299
0.995250881 -0.008891267 0.096937567 45.582729340 0.006669239 0.999708056 0.023222225 -41.571205139 -0.097115748 -0.022465438 0.995019495 453.520660400
0.995168626 -0.008222710 0.097835332 45.886199951 0.005981908 0.999713540 0.023175137 -41.744903564 -0.097997852 -0.022477925 0.994932771 455.799072266
0.995153368 -0.008481743 0.097967766 46.192207336 0.006241676 0.999712408 0.023149220 -41.936828613 -0.098135941 -0.022425545 0.994920313 458.062713623
0.995183587 -0.007551766 0.097736478 46.517677307 0.005392817 0.999736011 0.022334835 -42.120719910 -0.097879358 -0.021700190 0.994961619 460.355133057
0.995159507 -0.006473649 0.098059364 46.829627991 0.004268084 0.999733567 0.022685237 -42.302730560 -0.098180108 -0.022156905 0.994921982 462.643249512
0.995162249 -0.005997605 0.098061554 47.138015747 0.003656253 0.999704301 0.024038635 -42.485244751 -0.098176740 -0.023563806 0.994889975 464.915802002
0.995204210 -0.006307456 0.097615317 47.443004608 0.003935948 0.999692976 0.024467936 -42.663906097 -0.097739667 -0.023966389 0.994923413 467.183868408
0.995313048 -0.006273499 0.096501060 47.763240814 0.004065636 0.999725759 0.023058800 -42.842502594 -0.096619271 -0.022558386 0.995065749 469.474365234
0.995391190 -0.006424570 0.095682286 48.083351135 0.004250991 0.999728680 0.022903169 -43.032032013 -0.095803462 -0.022390869 0.995148420 471.775024414
0.995485067 -0.007075711 0.094653465 48.395359039 0.004831980 0.999702394 0.023912922 -43.221168518 -0.094794504 -0.023347590 0.995223045 474.058624268
0.995502710 -0.007190865 0.094459437 48.693943024 0.004944135 0.999699831 0.023997674 -43.403530121 -0.094603650 -0.023422725 0.995239437 476.334075928
0.995571315 -0.007252032 0.093729161 48.998226166 0.005060187 0.999708652 0.023601418 -43.573886871 -0.093873009 -0.023022609 0.995317936 478.632629395
0.995614648 -0.007226591 0.093269713 49.304550171 0.004997484 0.999696791 0.024111057 -43.755973816 -0.093415678 -0.023539206 0.995348871 480.915313721
0.995649040 -0.007823097 0.092853561 49.612720490 0.005555411 0.999680579 0.024655567 -43.937252045 -0.093016773 -0.024032457 0.995374560 483.191284180
0.995643258 -0.008419720 0.092863120 49.904682159 0.006219789 0.999693692 0.023954049 -44.118591309 -0.093036376 -0.023272097 0.995390773 485.479705811
0.995703101 -0.008372004 0.092224017 50.201866150 0.006104040 0.999672592 0.024846591 -44.308032990 -0.092401855 -0.024176894 0.995428264 487.767974854
0.995758176 -0.008661659 0.091600500 50.503787994 0.006429417 0.999675810 0.024636412 -44.483314514 -0.091784202 -0.023942966 0.995491147 490.050231934
0.995771587 -0.008550619 0.091464974 50.798210144 0.006278516 0.999665201 0.025100194 -44.661808014 -0.091648988 -0.024419794 0.995491922 492.345458984
0.995812833 -0.007785625 0.091083668 51.100837708 0.005484382 0.999660075 0.025488211 -44.839012146 -0.091251165 -0.024881950 0.995517015 494.632904053
0.995815814 -0.007461325 0.091077514 51.388374329 0.005213989 0.999676645 0.024888020 -45.015018463 -0.091233760 -0.024309009 0.995532691 496.938537598
0.995846212 -0.007102205 0.090774097 51.696033478 0.004889052 0.999685824 0.024580048 -45.204750061 -0.090920188 -0.024034146 0.995568097 499.257354736
0.995875537 -0.006880921 0.090468891 51.988693237 0.004597732 0.999666274 0.025421495 -45.384449005 -0.090613626 -0.024900693 0.995574772 501.550354004
0.995877147 -0.006497547 0.090479173 52.277263641 0.004190109 0.999661744 0.025669057 -45.567283630 -0.090615340 -0.025184110 0.995567620 503.831481934
0.995904446 -0.005679739 0.090233557 52.571640015 0.003435901 0.999681473 0.025002897 -45.748538971 -0.090346813 -0.024590466 0.995606720 506.121429443
0.995886803 -0.005734621 0.090423912 52.858459473 0.003410190 0.999660313 0.025839502 -45.930923462 -0.090541363 -0.025424862 0.995568097 508.412628174
0.995906532 -0.006054162 0.090186015 53.153671265 0.003823112 0.999682784 0.024890551 -46.110153198 -0.090308130 -0.024443870 0.995613813 510.701995850
0.995931804 -0.006856055 0.089849025 53.454208374 0.004551423 0.999656022 0.025829874 -46.297046661 -0.089995213 -0.025315853 0.995620310 513.002563477
0.995960772 -0.006838327 0.089528881 53.752841949 0.004537702 0.999654830 0.025875397 -46.473419189 -0.089674920 -0.025364619 0.995648146 515.304138184
0.995977402 -0.006008877 0.089402251 54.045654297 0.003723167 0.999662399 0.025711415 -46.652782440 -0.089526556 -0.025275126 0.995663643 517.611022949
0.995961845 -0.005210300 0.089625716 54.329902649 0.002937350 0.999671221 0.025473686 -46.833602905 -0.089728966 -0.025107557 0.995649695 519.902893066
0.995921671 -0.002999317 0.090172030 54.628471375 0.000678269 0.999667943 0.025759848 -47.020339966 -0.090219341 -0.025593631 0.995592952 522.255798340
0.995857537 -0.000771859 0.090924010 54.927871704 -0.001588692 0.999663591 0.025886567 -47.200836182 -0.090913408 -0.025923779 0.995521307 524.592712402
0.995808303 -0.000032940 0.091464624 55.228031158 -0.002445204 0.999632895 0.026981825 -47.372848511 -0.091431931 -0.027092373 0.995442808 526.920715332
0.995735168 -0.000248694 0.092258394 55.518348694 -0.002238600 0.999636829 0.026855618 -47.547904968 -0.092231557 -0.026947610 0.995372891 529.221740723
0.995666087 -0.001871417 0.092981435 55.808357239 -0.000754750 0.999602020 0.028200800 -47.721004486 -0.092997208 -0.028148761 0.995268404 531.531494141
0.995611072 -0.003534761 0.093520798 56.115623474 0.000917547 0.999607265 0.028013580 -47.897350311 -0.093583077 -0.027804820 0.995223165 533.855224609
0.995563865 -0.003645551 0.094017714 56.415920258 0.001062425 0.999621093 0.027510308 -48.074569702 -0.094082378 -0.027288387 0.995190322 536.171081543
0.995469034 -0.003870128 0.095007800 56.716728210 0.001272561 0.999624133 0.027385948 -48.252403259 -0.095078073 -0.027140960 0.995099902 538.492248535
0.995374739 -0.003409141 0.096007533 57.015209198 0.000842470 0.999641478 0.026761914 -48.433258057 -0.096064337 -0.026557254 0.995020807 540.810180664
0.995279789 -0.002812677 0.097006291 57.323188782 0.000235146 0.999646842 0.026571961 -48.615177155 -0.097046770 -0.026423726 0.994928956 543.127319336
0.995175183 -0.002383217 0.098085053 57.615837097 -0.000120459 0.999674499 0.025511717 -48.793373108 -0.098113939 -0.025400443 0.994850993 545.457031250
0.994994998 -0.002187751 0.099899873 57.902503967 -0.000401598 0.999664664 0.025891986 -48.967391968 -0.099923000 -0.025802517 0.994660556 547.778442383
0.994961977 -0.002084784 0.100231573 58.221961975 -0.000601109 0.999641716 0.026759202 -49.149326324 -0.100251459 -0.026684640 0.994604170 550.072570801
0.994907320 -0.002383861 0.100766994 58.538284302 -0.000336655 0.999636054 0.026972473 -49.329132080 -0.100794628 -0.026869029 0.994544387 552.380676270
0.994968891 -0.003647862 0.100117683 58.870716095 0.001054075 0.999662697 0.025948061 -49.504508972 -0.100178570 -0.025711980 0.994637191 554.696533203
0.994978786 -0.004339036 0.099991441 59.198989868 0.001683047 0.999643922 0.026631221 -49.687664032 -0.100071386 -0.026329212 0.994631946 557.013000488
0.994935215 -0.004182201 0.100431301 59.514961243 0.001480618 0.999635398 0.026959298 -49.864135742 -0.100507446 -0.026674055 0.994578600 559.322143555
0.994880736 -0.003561137 0.100992464 59.832595825 0.000732011 0.999606609 0.028036479 -50.041007996 -0.101052582 -0.027819026 0.994491994 561.653137207
0.994890988 -0.004106078 0.100871317 60.165924072 0.001227068 0.999590695 0.028586887 -50.218276978 -0.100947402 -0.028317066 0.994488657 563.984558105
0.994865775 -0.003538449 0.101142623 60.493587494 0.000581568 0.999571979 0.029249322 -50.390769958 -0.101202816 -0.029040318 0.994441986 566.299377441
0.994831800 -0.002800523 0.101498157 60.824714661 -0.000110773 0.999589145 0.028666260 -50.569839478 -0.101536736 -0.028529353 0.994422615 568.623596191
0.994840086 -0.001703833 0.101440847 61.166652679 -0.001031031 0.999637485 0.026901666 -50.737667084 -0.101449899 -0.026867444 0.994477808 570.955139160
0.994843960 -0.001362499 0.101408228 61.509849548 -0.001415919 0.999625623 0.027321320 -50.919254303 -0.101407491 -0.027324039 0.994469702 573.275695801
0.994800925 -0.001324514 0.101829566 61.826145172 -0.001574782 0.999595881 0.028386390 -51.103557587 -0.101825990 -0.028399173 0.994396746 575.658630371
0.994780600 -0.001401970 0.102026887 62.154201508 -0.001595185 0.999569714 0.029288612 -51.280609131 -0.102024063 -0.029298499 0.994350374 577.977600098
0.994742632 -0.000827818 0.102402695 62.491264343 -0.002056977 0.999604046 0.028062278 -51.463104248 -0.102385372 -0.028125390 0.994347095 580.361145020
0.994762123 -0.001662484 0.102203332 62.826065063 -0.001143732 0.999624133 0.027392451 -51.629409790 -0.102210447 -0.027365871 0.994386256 582.696533203
0.994780600 -0.002465364 0.102006942 63.162487030 -0.000536835 0.999567747 0.029393407 -51.821743011 -0.102035321 -0.029294753 0.994349360 585.018737793
0.994836390 -0.002399951 0.101463117 63.495410919 -0.000590106 0.999566615 0.029429121 -51.993560791 -0.101489797 -0.029337039 0.994403958 587.334899902
0.994754493 -0.005055376 0.102167442 63.829391479 0.002190906 0.999601901 0.028129797 -52.174514771 -0.102268994 -0.027758401 0.994369328 589.705566406
0.994780302 -0.005505451 0.101891056 64.167953491 0.002649332 0.999600291 0.028145237 -52.347724915 -0.102005288 -0.027728382 0.994397342 592.055114746
0.994769037 -0.007002847 0.101909503 64.494720459 0.004101360 0.999580979 0.028652947 -52.524074554 -0.102067441 -0.028085098 0.994380951 594.392456055
0.994800866 -0.007782407 0.101541556 64.835502625 0.004877876 0.999572694 0.028821347 -52.699504852 -0.101722479 -0.028176192 0.994413674 596.750122070
