1.000000000 0.000000000 0.000000000 0.000000000 0.000000000 1.000000000 0.000000000 0.000000000 0.000000000 0.000000000 1.000000000 0.000000000
0.999999881 0.000079120 0.000435784 0.086581491 -0.000079076 1.000000000 -0.000102293 -0.227627680 -0.000435793 0.000102259 0.999999881 2.288350105
0.999999285 0.000496263 0.001184855 0.165338382 -0.000496868 0.999999762 0.000510501 -0.465782911 -0.001184601 -0.000511089 0.999999166 4.580142975
0.999998450 0.000047356 0.001714013 0.263224691 -0.000048389 0.999999821 0.000602706 -0.696483970 -0.001713984 -0.000602788 0.999998271 6.865291119
0.999996543 -0.000211117 0.002620218 0.357146621 0.000214324 0.999999225 -0.001223776 -0.927765489 -0.002619958 0.001224334 0.999995768 9.157527924
0.999986887 0.001582639 0.004878570 0.446485788 -0.001583399 0.999998748 0.000151850 -1.163671970 -0.004878324 -0.000159573 0.999988079 11.464730263
0.999971449 0.003231297 0.006829175 0.555630386 -0.003239641 0.999993980 0.001211073 -1.394583106 -0.006825220 -0.001233162 0.999975920 13.741954803
0.999953210 0.003130823 0.009155113 0.662616611 -0.003167224 0.999987125 0.003964177 -1.625146270 -0.009142582 -0.003992988 0.999950230 16.013135910
0.999949336 0.003400440 0.009474209 0.772644460 -0.003452390 0.999979019 0.005472351 -1.859736800 -0.009455402 -0.005504783 0.999940157 18.307085037
0.999924839 0.002665932 0.011963075 0.868120849 -0.002734502 0.999979913 0.005719095 -2.083575726 -0.011947590 -0.005751379 0.999912143 20.603752136
0.999931455 0.000010952 0.011719899 0.993661225 -0.000048105 0.999994934 0.003169806 -2.307061434 -0.011719808 -0.003170151 0.999926269 22.897054672
0.999915302 -0.002169262 0.012825898 1.096623540 0.002155496 0.999997079 0.001087019 -2.524904728 -0.012828220 -0.001059281 0.999917150 25.175859451
0.999920845 -0.003017436 0.012212006 1.242344141 0.003009954 0.999995291 0.000631100 -2.772889614 -0.012213854 -0.000594293 0.999925256 27.470434189
0.999905467 -0.002615612 0.013505028 1.343222737 0.002619328 0.999996543 -0.000257479 -2.998240709 -0.013504309 0.000292829 0.999908805 29.755477905
0.999902010 -0.000665387 0.013983604 1.467573524 0.000634125 0.999997318 0.002239884 -3.224582434 -0.013985056 -0.002230797 0.999899745 32.010406494
0.999905288 0.001295831 0.013704004 1.599476337 -0.001355548 0.999989629 0.004349238 -3.443531036 -0.013698228 -0.004367402 0.999896646 34.291507721
0.999871016 0.003640110 0.015640026 1.710657239 -0.003768243 0.999959528 0.008170987 -3.672191143 -0.015609650 -0.008228870 0.999844253 36.598598480
0.999854326 0.005551436 0.016139265 1.828674316 -0.005680065 0.999952376 0.007935047 -3.891519070 -0.016094444 -0.008025564 0.999838233 38.869445801
0.999827743 0.004026674 0.018123230 1.931446791 -0.004141676 0.999971449 0.006312482 -4.097733021 -0.018097298 -0.006386455 0.999815822 41.187202454
0.999831975 0.001538289 0.018263504 2.056459188 -0.001634563 0.999984860 0.005257613 -4.322092056 -0.018255139 -0.005286582 0.999819398 43.464237213
0.999830484 0.001420111 0.018356532 2.184766293 -0.001493145 0.999991000 0.003965544 -4.545082092 -0.018350735 -0.003992280 0.999823630 45.713230133
0.999831557 0.000761595 0.018337157 2.310343981 -0.000818073 0.999994934 0.003072664 -4.774709702 -0.018334724 -0.003087148 0.999827147 47.986087799
0.999831557 -0.000929025 0.018330116 2.445957422 0.000866188 0.999993682 0.003435727 -5.002259254 -0.018333191 -0.003419271 0.999826074 50.264400482
0.999809206 -0.001238092 0.019493356 2.572587490 0.001166477 0.999992490 0.003684762 -5.223868370 -0.019497769 -0.003661321 0.999803185 52.528667450
0.999804080 -0.002378419 0.019648502 2.708294153 0.002309292 0.999991119 0.003540172 -5.452331066 -0.019656749 -0.003494104 0.999800682 54.811420441
0.999778569 -0.002782478 0.020859675 2.836631298 0.002698106 0.999988079 0.004071802 -5.682316780 -0.020870756 -0.004014619 0.999774098 57.102375031
0.999762893 -0.004062945 0.021393288 2.974950790 0.003961397 0.999980807 0.004786917 -5.908169270 -0.021412324 -0.004701034 0.999759674 59.369697571
0.999721050 -0.005385147 0.022993546 3.100766420 0.005292619 0.999977648 0.004083000 -6.130505085 -0.023015022 -0.003960166 0.999727249 61.637912750
0.999709547 -0.006165980 0.023298623 3.252677441 0.006075820 0.999973774 0.003938641 -6.355384827 -0.023322301 -0.003795939 0.999720752 63.888912201
0.999676585 -0.005743038 0.024773629 3.390130520 0.005632739 0.999973893 0.004519803 -6.578179836 -0.024798945 -0.004378798 0.999682844 66.155952454
0.999653935 -0.004916026 0.025840335 3.534898758 0.004793356 0.999976933 0.004807060 -6.803990841 -0.025863374 -0.004681535 0.999654531 68.409812927
0.999614358 -0.005121225 0.027293269 3.670729160 0.004995173 0.999976575 0.004684598 -7.030291080 -0.027316622 -0.004546457 0.999616504 70.658653259
0.999605417 -0.005956103 0.027449384 3.834025621 0.005868456 0.999977350 0.003272487 -7.252943039 -0.027468255 -0.003110110 0.999617815 72.906013489
0.999586105 -0.006906900 0.027924972 3.987373114 0.006804700 0.999969780 0.003753185 -7.479421139 -0.027950050 -0.003561610 0.999602973 75.178260803
0.999547839 -0.008067585 0.028966408 4.150929451 0.007977622 0.999962926 0.003220016 -7.710383415 -0.028991316 -0.002987477 0.999575198 77.443717957
0.999534428 -0.009238571 0.029077686 4.303267002 0.009152667 0.999953270 0.003085979 -7.939552307 -0.029104842 -0.002818405 0.999572396 79.682327271
0.999510527 -0.009750629 0.029727243 4.452762604 0.009675907 0.999949574 0.002656512 -8.155931473 -0.029751651 -0.002367574 0.999554515 81.938591003
0.999494791 -0.009299917 0.030391568 4.627528191 0.009227929 0.999954283 0.002508079 -8.380617142 -0.030413503 -0.002226361 0.999534905 84.197921753
0.999449372 -0.009049992 0.031923313 4.785472870 0.008952868 0.999954879 0.003184031 -8.602120399 -0.031950686 -0.002896472 0.999485254 86.446746826
0.999446452 -0.008747337 0.032097626 4.948122025 0.008610788 0.999953270 0.004389979 -8.837211609 -0.032134533 -0.004111164 0.999475121 88.732612610
0.999415219 -0.007865329 0.033276852 5.102763176 0.007701999 0.999957621 0.005033619 -9.064305305 -0.033315033 -0.004774378 0.999433517 90.989257812
0.999397576 -0.007960651 0.033780549 5.271028519 0.007803775 0.999958158 0.004773265 -9.284082413 -0.033817139 -0.004506773 0.999417901 93.241394043
0.999383390 -0.008206437 0.034138519 5.439042091 0.008063349 0.999958158 0.004326974 -9.502532005 -0.034172598 -0.004049036 0.999407768 95.493423462
0.999354303 -0.008704262 0.034857836 5.604471207 0.008553418 0.999953389 0.004474105 -9.722006798 -0.034895144 -0.004173061 0.999382257 97.749282837
0.999318719 -0.008298354 0.035961431 5.763032913 0.008161747 0.999958873 0.003943879 -9.952596664 -0.035992686 -0.003647683 0.999345422 99.986244202
0.999247670 -0.008261469 0.037894230 5.911417484 0.008084078 0.999955595 0.004832107 -10.167997360 -0.037932467 -0.004522131 0.999270082 102.204795837
0.999240816 -0.008379913 0.038045403 6.106510162 0.008192373 0.999953508 0.005082559 -10.394659996 -0.038086221 -0.004767019 0.999263108 104.449737549
0.999205828 -0.009005859 0.038814522 6.281942844 0.008781451 0.999943674 0.005948179 -10.612238884 -0.038865916 -0.005602607 0.999228716 106.673835754
0.999161959 -0.010237690 0.039630756 6.460059643 0.009992785 0.999929786 0.006372796 -10.829804420 -0.039693221 -0.005971435 0.999194026 108.916252136
0.999125063 -0.011316065 0.040261708 6.644144058 0.011032855 0.999912858 0.007249460 -11.053775787 -0.040340230 -0.006798915 0.999162853 111.159545898
0.999103367 -0.011904643 0.040629640 6.833084106 0.011674936 0.999914467 0.005886262 -11.273561478 -0.040696241 -0.005406636 0.999156952 113.412414551
0.999059856 -0.012484939 0.041515362 7.014429092 0.012290235 0.999912262 0.004941830 -11.489493370 -0.041573428 -0.004426949 0.999125600 115.655807495
0.999040604 -0.012622344 0.041935604 7.196633339 0.012410460 0.999908805 0.005309091 -11.713401794 -0.041998796 -0.004783557 0.999106228 117.879257202
0.998999000 -0.013058893 0.042782906 7.386519432 0.012816845 0.999900281 0.005926989 -11.930315971 -0.042856038 -0.005372715 0.999066830 120.124626160
0.998959482 -0.013320617 0.043616153 7.578127384 0.013053597 0.999894261 0.006401201 -12.151122093 -0.043696813 -0.005825194 0.999027848 122.349716187
0.998917162 -0.014189914 0.044307638 7.771212578 0.013926296 0.999883413 0.006252775 -12.372357368 -0.044391207 -0.005628962 0.998998344 124.587669373
0.998889446 -0.014411283 0.044855785 7.956239223 0.014188365 0.999885321 0.005284119 -12.595746994 -0.044926792 -0.004641821 0.998979509 126.858757019
0.998877108 -0.016270095 0.044494834 8.147882462 0.016037680 0.999855816 0.005575476 -12.812549591 -0.044579133 -0.004855623 0.998994052 129.117828369
0.998893499 -0.017508592 0.043647267 8.333577156 0.017276276 0.999834538 0.005694099 -13.026670456 -0.043739740 -0.004933736 0.999030769 131.377624512
0.998952806 -0.017874084 0.042117849 8.533163071 0.017594250 0.999820709 0.007005348 -13.247594833 -0.042235516 -0.006256979 0.999088049 133.614578247
0.999010623 -0.019132443 0.040144965 8.731815338 0.018884031 0.999800086 0.006557934 -13.472987175 -0.040262409 -0.005793346 0.999172330 135.866699219
0.999094009 -0.019988915 0.037571486 8.942149162 0.019787747 0.999787867 0.005718619 -13.682487488 -0.037677828 -0.004969983 0.999277532 138.086944580
0.999055445 -0.020361863 0.038388029 9.096342087 0.020137599 0.999777853 0.006219722 -13.909504890 -0.038506139 -0.005440806 0.999243557 140.375808716
0.999034226 -0.020569358 0.038827572 9.257003784 0.020331275 0.999772072 0.006516820 -14.118619919 -0.038952764 -0.005721112 0.999224722 142.610504150
0.999085307 -0.020502519 0.037524343 9.448520660 0.020226335 0.999765515 0.007725031 -14.344549179 -0.037673917 -0.006958986 0.999265850 144.829528809
0.999102116 -0.019567709 0.037577901 9.622200012 0.019335294 0.999791622 0.006538464 -14.559566498 -0.037698019 -0.005806014 0.999272227 147.073623657
0.999128699 -0.018226253 0.037544925 9.798778534 0.018046152 0.999823987 0.005130379 -14.779093742 -0.037631828 -0.004448367 0.999281704 149.316329956
0.999146223 -0.016710076 0.037781227 9.974639893 0.016562752 0.999853909 0.004209063 -15.000560760 -0.037846040 -0.003579708 0.999277174 151.560409546
0.999155819 -0.015894486 0.037881773 10.154127121 0.015740216 0.999866545 0.004367216 -15.219750404 -0.037946139 -0.003767262 0.999272645 153.793838501
0.999149501 -0.015069827 0.038380425 10.334215164 0.014896662 0.999877572 0.004793777 -15.437918663 -0.038447961 -0.004217960 0.999251723 156.048706055
0.999137342 -0.014015605 0.039091788 10.494908333 0.013792846 0.999887049 0.005962268 -15.656432152 -0.039170939 -0.005417939 0.999217808 158.278366089
0.999090791 -0.013499357 0.040439386 10.675272942 0.013234949 0.999889255 0.006798985 -15.873863220 -0.040526692 -0.006257591 0.999158800 160.512756348
0.999066055 -0.011842445 0.041554827 10.839354515 0.011468007 0.999891579 0.009237595 -16.107282639 -0.041659713 -0.008752417 0.999093533 162.794174194
0.999036014 -0.011391811 0.042392626 11.019727707 0.011052252 0.999904990 0.008235589 -16.309530258 -0.042482410 -0.007759115 0.999067008 165.057373047
0.998988390 -0.010750456 0.043666352 11.207739830 0.010442645 0.999918938 0.007271226 -16.525606155 -0.043740984 -0.006807877 0.999019742 167.289154053
0.998926878 -0.008870253 0.045457698 11.391098022 0.008554118 0.999937892 0.007144318 -16.740715027 -0.045518246 -0.006747801 0.998940706 169.533538818
0.998810112 -0.008099363 0.048091538 11.578487396 0.007753544 0.999942720 0.007373077 -16.955610275 -0.048148502 -0.006991425 0.998815715 171.776565552
0.998693883 -0.008305416 0.050413974 11.776948929 0.007960616 0.999943495 0.007036389 -17.168766022 -0.050469570 -0.006625872 0.998703599 174.034378052
0.998612702 -0.008154777 0.052019689 11.983568192 0.007771170 0.999941230 0.007572262 -17.387374878 -0.052078377 -0.007157504 0.998617291 176.281738281
0.998567641 -0.008747982 0.052784085 12.184715271 0.008308826 0.999929070 0.008533559 -17.599819183 -0.052854989 -0.008082762 0.998569489 178.507659912
0.998546362 -0.010207347 0.052924737 12.385882378 0.009769801 0.999915957 0.008519464 -17.825296402 -0.053007253 -0.007990016 0.998562157 180.754547119
0.998525500 -0.011103565 0.053138115 12.587593079 0.010688326 0.999910057 0.008092139 -18.035686493 -0.053223189 -0.007512248 0.998554349 183.004028320
0.998580933 -0.012372795 0.051798586 12.810130119 0.011962661 0.999894679 0.008220446 -18.260570526 -0.051894844 -0.007589133 0.998623669 185.226287842
0.998592257 -0.014167686 0.051117904 13.017748833 0.013705215 0.999861956 0.009386385 -18.479921341 -0.051243842 -0.008672588 0.998648524 187.468948364
0.998613775 -0.015001505 0.050453681 13.225111008 0.014566961 0.999853671 0.008969501 -18.688863754 -0.050580855 -0.008222110 0.998686075 189.714111328
0.998563170 -0.016518163 0.050976679 13.427909851 0.016086929 0.999831378 0.008858101 -18.914184570 -0.051114399 -0.008025316 0.998660564 191.956268311
0.998546720 -0.018130245 0.050750356 13.625683784 0.017721627 0.999806941 0.008489949 -19.128423691 -0.050894476 -0.007578232 0.998675287 194.197570801
0.998586714 -0.017792281 0.050079837 13.832052231 0.017396754 0.999814034 0.008322783 -19.337350845 -0.050218601 -0.007439794 0.998710632 196.429718018
0.998571098 -0.015201387 0.051230576 14.029157639 0.014761543 0.999850988 0.008953028 -19.562156677 -0.051359028 -0.008183992 0.998646736 198.643295288
0.998584330 -0.013547032 0.051437814 14.233384132 0.013112120 0.999875426 0.008783188 -19.777259827 -0.051550396 -0.008096294 0.998637557 200.877471924
0.998561203 -0.013172798 0.051979136 14.442884445 0.012779576 0.999887168 0.007890166 -19.986801147 -0.052077200 -0.007214544 0.998616934 203.135696411
0.998526216 -0.013379114 0.052595593 14.641502380 0.012948651 0.999879897 0.008516678 -20.194063187 -0.052703224 -0.007823086 0.998579562 205.361282349
0.998506784 -0.014902199 0.052555714 14.868024826 0.014470086 0.999858320 0.008593065 -20.413080215 -0.052676331 -0.007819748 0.998580933 207.613906860
0.998458803 -0.014641544 0.053530786 15.073940277 0.014207169 0.999863029 0.008486096 -20.613380432 -0.053647712 -0.007712496 0.998530090 209.856842041
0.998373866 -0.014602473 0.055103038 15.285929680 0.014044489 0.999846160 0.010499930 -20.845434189 -0.055247888 -0.009708964 0.998425424 212.085723877
0.998316944 -0.013240570 0.056462437 15.519618034 0.012651679 0.999861896 0.010774537 -21.055475235 -0.056597304 -0.010042057 0.998346567 214.317001343
0.998143375 -0.012043553 0.059705090 15.719161034 0.011418978 0.999876559 0.010791185 -21.261468887 -0.059827689 -0.010089381 0.998157680 216.570648193
0.997999310 -0.012025777 0.062070899 15.941089630 0.011351807 0.999872863 0.011199335 -21.468839645 -0.062197685 -0.010472312 0.998008907 218.818664551
0.997856975 -0.013437424 0.064037621 16.169704437 0.012705145 0.999849260 0.011828655 -21.673046112 -0.064186901 -0.010989701 0.997877300 221.050765991
0.997749627 -0.015002502 0.065349557 16.401786804 0.014202992 0.999818802 0.012681843 -21.876428604 -0.065527953 -0.011725145 0.997781873 223.281982422
0.997685313 -0.016973468 0.065847240 16.653165817 0.016218577 0.999796689 0.011982026 -22.084899902 -0.066037215 -0.010886341 0.997757792 225.514724731
0.997655153 -0.018195530 0.065977231 16.895921707 0.017452681 0.999777853 0.011818118 -22.289148331 -0.066177621 -0.010638929 0.997751117 227.769515991
0.997608781 -0.018580869 0.066569082 17.132593155 0.017819129 0.999768913 0.012018477 -22.492259979 -0.066777028 -0.010803537 0.997709394 230.009735107
0.997538090 -0.019774884 0.067280941 17.370368958 0.019065281 0.999755800 0.011172677 -22.697185516 -0.067485459 -0.009862442 0.997671545 232.251373291
0.997524023 -0.020571114 0.067252427 17.640346527 0.019764416 0.999724805 0.012638552 -22.916147232 -0.067493901 -0.011278055 0.997655928 234.542678833
0.997488201 -0.020453505 0.067815229 17.882339478 0.019636167 0.999726474 0.012697320 -23.117446899 -0.068056405 -0.011333796 0.997617126 236.782852173
0.997441471 -0.019939972 0.068650648 18.118658066 0.019115077 0.999737203 0.012651914 -23.317993164 -0.068884879 -0.011307281 0.997560501 238.987945557
0.997420490 -0.020040747 0.068925954 18.363893509 0.019193644 0.999732196 0.012930443 -23.520463943 -0.069166631 -0.011574147 0.997537971 241.208709717
0.997374237 -0.020651726 0.069414347 18.610328674 0.019791789 0.999718845 0.013053467 -23.719802856 -0.069664419 -0.011645356 0.997502506 243.449783325
0.997334957 -0.020888176 0.069903985 18.854545593 0.020072795 0.999722302 0.012346525 -23.925889969 -0.070142470 -0.010910453 0.997477293 245.670455933
0.997342169 -0.020393938 0.069947742 19.110277176 0.019614959 0.999737918 0.011805471 -24.131597519 -0.070170172 -0.010402070 0.997480810 247.900863647
0.997321308 -0.020619633 0.070178993 19.361629486 0.019814327 0.999729753 0.012152026 -24.333513260 -0.070410609 -0.010728925 0.997460365 250.134674072
0.997291207 -0.021755967 0.070263281 19.616035461 0.020956475 0.999707222 0.012095788 -24.538705826 -0.070505857 -0.010590556 0.997455060 252.364852905
0.997279286 -0.021977734 0.070362508 19.876010895 0.021122828 0.999694049 0.012871216 -24.745082855 -0.070623852 -0.011349941 0.997438431 254.621551514
0.997245789 -0.022904381 0.070542656 20.116411209 0.022018762 0.999669015 0.013306580 -24.950521469 -0.070824072 -0.011716668 0.997420073 256.840057373
0.997268021 -0.022965258 0.070206292 20.389787674 0.022063928 0.999664247 0.013587018 -25.160612106 -0.070494741 -0.012000873 0.997439981 259.131927490
0.997225761 -0.022833562 0.070847645 20.643608093 0.021945408 0.999670863 0.013289312 -25.363624573 -0.071127787 -0.011697663 0.997398555 261.373046875
0.997205079 -0.022769405 0.071158104 20.901849747 0.021908704 0.999677360 0.012852838 -25.564048767 -0.071427785 -0.011257934 0.997382224 263.630096436
0.997158885 -0.022183830 0.071985081 21.152759552 0.021309670 0.999689698 0.012889027 -25.777908325 -0.072248667 -0.011318431 0.997322440 265.862854004
0.997096062 -0.021641422 0.073013894 21.407546997 0.020747233 0.999700308 0.012983239 -25.976032257 -0.073272988 -0.011430698 0.997246444 268.104675293
0.996991098 -0.021014735 0.074612044 21.666105270 0.020143818 0.999720097 0.012406090 -26.183864594 -0.074851885 -0.010865792 0.997135401 270.363464355
0.996931195 -0.021805353 0.075184949 21.943321228 0.020888640 0.999697864 0.012957761 -26.392770767 -0.075444788 -0.011347484 0.997085392 272.607818604
0.996700406 -0.022305990 0.078042865 22.179494858 0.021331862 0.999684036 0.013293542 -26.583713531 -0.078314736 -0.011584879 0.996861398 274.854583740
0.996632576 -0.022215532 0.078929119 22.461416245 0.021129366 0.999670684 0.014569991 -26.778085709 -0.079226784 -0.012853208 0.996773720 277.097564697
0.996491849 -0.022266557 0.080673210 22.721273422 0.020999193 0.999642909 0.016524564 -26.994335175 -0.081012346 -0.014772520 0.996603727 279.339477539
0.996416092 -0.022033999 0.081666633 23.003526688 0.020691395 0.999637067 0.017250197 -27.192094803 -0.082017086 -0.015498578 0.996510386 281.578033447
0.996353924 -0.021182820 0.082644187 23.278846741 0.019806175 0.999651670 0.017442007 -27.378215790 -0.082984865 -0.015741548 0.996426463 283.823059082
0.996249318 -0.020012688 0.084184349 23.544803619 0.018675208 0.999687016 0.016645174 -27.565311432 -0.084491134 -0.015010582 0.996311188 286.056274414
0.996274829 -0.019414652 0.084020652 23.836547852 0.018176297 0.999714971 0.015478718 -27.750692368 -0.084297232 -0.013893874 0.996343732 288.294189453
0.996216953 -0.020278569 0.084502012 24.109130859 0.019000990 0.999693036 0.015895929 -27.952447891 -0.084798440 -0.014230172 0.996296465 290.520874023
0.996088505 -0.020129042 0.086037047 24.356515884 0.018930785 0.999712348 0.014720550 -28.143175125 -0.086308613 -0.013034223 0.996183097 292.780212402
0.996099114 -0.020661298 0.085788824 24.640316010 0.019545959 0.999713361 0.013820764 -28.336896896 -0.086049810 -0.012090025 0.996217489 295.012115479
0.996097863 -0.020468870 0.085848264 24.923053741 0.019345900 0.999716341 0.013892531 -28.537857056 -0.086108275 -0.012177508 0.996211290 297.243927002
0.996092618 -0.019744845 0.086078823 25.203695297 0.018613447 0.999729693 0.013926670 -28.731374741 -0.086330540 -0.012270029 0.996191025 299.482208252
0.996037304 -0.019537663 0.086763285 25.467662811 0.018287441 0.999717474 0.015181150 -28.938375473 -0.087035373 -0.013534313 0.996113300 301.704589844
0.996040285 -0.019806247 0.086668752 25.756870270 0.018539216 0.999709547 0.015399867 -29.135099411 -0.086948603 -0.013732117 0.996118128 303.952789307
0.996010602 -0.019334486 0.087114885 26.044893265 0.018046144 0.999716103 0.015552439 -29.331197739 -0.087390877 -0.013918307 0.996076882 306.201904297
0.995998263 -0.020072060 0.087089315 26.329874039 0.018788759 0.999702811 0.015530326 -29.535711288 -0.087375149 -0.013831876 0.996079564 308.453430176
0.995944560 -0.021122884 0.087454379 26.615648270 0.019799395 0.999676347 0.015973452 -29.730525970 -0.087763488 -0.014177131 0.996040583 310.707824707
0.995911598 -0.020880662 0.087885924 26.905008316 0.019615838 0.999691546 0.015230888 -29.926269531 -0.088176861 -0.013444661 0.996014118 312.945343018
0.995915353 -0.020351894 0.087967962 27.196268082 0.019014873 0.999691010 0.016010379 -30.127311707 -0.088266619 -0.014272284 0.995994627 315.186828613
0.995864928 -0.018243074 0.088994741 27.479711533 0.016951755 0.999740005 0.015244433 -30.326288223 -0.089249708 -0.013672781 0.995915413 317.421478271
0.995848358 -0.016368823 0.089544140 27.761308670 0.015014164 0.999762714 0.015781103 -30.524066925 -0.089781210 -0.014371155 0.995857835 319.658599854
0.995795190 -0.014941320 0.090380698 28.041913986 0.013634654 0.999793649 0.015057569 -30.718322754 -0.090587050 -0.013761948 0.995793462 321.874633789
0.995772839 -0.014337369 0.090723760 28.326971054 0.012946266 0.999789715 0.015903387 -30.915149689 -0.090932682 -0.014661626 0.995749116 324.107482910
0.995778561 -0.014189333 0.090684906 28.620836258 0.012667628 0.999769509 0.017333737 -31.119871140 -0.090909980 -0.016111802 0.995728731 326.329101562
0.995719731 -0.014823198 0.091227874 28.896785736 0.013321524 0.999765933 0.017047698 -31.313987732 -0.091459230 -0.015759436 0.995684028 328.566009521
0.995700896 -0.016121458 0.091213070 29.193571091 0.014689478 0.999758422 0.016348941 -31.506786346 -0.091454603 -0.014938784 0.995697200 330.796783447
0.995681882 -0.015404675 0.091544099 29.479391098 0.013990526 0.999772966 0.016069511 -31.699985504 -0.091770850 -0.014719370 0.995671332 333.019042969
0.995648444 -0.015550476 0.091882423 29.768440247 0.014009292 0.999750555 0.017394725 -31.895572662 -0.092129998 -0.016031822 0.995617926 335.258239746
0.995673954 -0.015935332 0.091539480 30.070751190 0.014418736 0.999747992 0.017205233 -32.083591461 -0.091790564 -0.015810918 0.995652795 337.493072510
0.995657146 -0.015634190 0.091772862 30.354825974 0.014080103 0.999746680 0.017557165 -32.280582428 -0.092024103 -0.016188748 0.995625198 339.730377197
0.995684862 -0.015651528 0.091469780 30.654039383 0.014115520 0.999748707 0.017415406 -32.478553772 -0.091719359 -0.016049113 0.995655477 341.977416992
0.995691001 -0.015971899 0.091346338 30.946310043 0.014400546 0.999737203 0.017835516 -32.668003082 -0.091607213 -0.016443232 0.995659411 344.223937988
0.995717406 -0.015560707 0.091130279 31.236440659 0.013974799 0.999740005 0.018014984 -32.859039307 -0.091386929 -0.016664308 0.995676041 346.459930420
0.995725036 -0.015251840 0.091098890 31.522081375 0.013683652 0.999747634 0.017813994 -33.048294067 -0.091347620 -0.016491275 0.995682478 348.696685791
0.995686710 -0.014827085 0.091586813 31.808034897 0.013200399 0.999744654 0.018341497 -33.244476318 -0.091835365 -0.017053403 0.995628178 350.938629150
0.995711505 -0.015035819 0.091281779 32.097541809 0.013394593 0.999737859 0.018565886 -33.433933258 -0.091537014 -0.017263582 0.995652020 353.172912598
0.995733678 -0.014797778 0.091079600 32.389198303 0.013196102 0.999747932 0.018162640 -33.626518250 -0.091325417 -0.016883258 0.995677888 355.418518066
0.995755196 -0.014813272 0.090840660 32.680255890 0.013184889 0.999741912 0.018499715 -33.815612793 -0.091091245 -0.017223464 0.995693624 357.651672363
0.995834053 -0.014202142 0.090071470 32.980770111 0.012493988 0.999731719 0.019499999 -34.010700226 -0.090324253 -0.018293405 0.995744407 359.889495850
0.995877385 -0.014292175 0.089575954 33.277362823 0.012580794 0.999727905 0.019640937 -34.203388214 -0.089832276 -0.018433027 0.995786309 362.128723145
0.995937943 -0.014109252 0.088929683 33.573543549 0.012380938 0.999724209 0.019956376 -34.389564514 -0.089186706 -0.018774284 0.995837986 364.360961914
0.995998085 -0.014007807 0.088271245 33.868228912 0.012343829 0.999736130 0.019368548 -34.579658508 -0.088519290 -0.018201431 0.995908141 366.619781494
0.996006310 -0.014528130 0.088092335 34.151851654 0.012881776 0.999732077 0.019228799 -34.770435333 -0.088348083 -0.018017218 0.995926797 368.864868164
0.996015906 -0.014328398 0.088017195 34.437469482 0.012763417 0.999750733 0.018317588 -34.954399109 -0.088257723 -0.017121207 0.995950520 371.128723145
0.996054530 -0.014638567 0.087526999 34.724388123 0.013043811 0.999738812 0.018764460 -35.154155731 -0.087778799 -0.017548742 0.995985389 373.363861084
0.996098757 -0.014367893 0.087068200 35.015441895 0.012716223 0.999729037 0.019494902 -35.338237762 -0.087324701 -0.018311666 0.996011615 375.614318848
0.996069014 -0.014965254 0.087307341 35.292282104 0.013301590 0.999719262 0.019606052 -35.523502350 -0.087576263 -0.018367654 0.995988488 377.864898682
0.996086597 -0.015809130 0.086957119 35.581363678 0.014135949 0.999703467 0.019823773 -35.714187622 -0.087244734 -0.018516969 0.996014774 380.099487305
0.996086717 -0.015972598 0.086926088 35.873054504 0.014309746 0.999703169 0.019719135 -35.896331787 -0.087215260 -0.018398082 0.996019602 382.355224609
0.996076584 -0.015019624 0.087211020 36.162395477 0.013315651 0.999709547 0.020087520 -36.088375092 -0.087487407 -0.018847438 0.995987296 384.609588623
0.996085525 -0.013852220 0.087302387 36.445381165 0.012139292 0.999723852 0.020121107 -36.272571564 -0.087557003 -0.018982554 0.995978653 386.856018066
0.996120512 -0.012966105 0.087038994 36.743923187 0.011261530 0.999735594 0.020046590 -36.467521667 -0.087275915 -0.018988624 0.996003151 389.129669189
0.996095896 -0.011431292 0.087534644 37.025257111 0.009710336 0.999751568 0.020060951 -36.658382416 -0.087742209 -0.019132636 0.995959461 391.408905029
0.996105373 -0.010252616 0.087572455 37.312313080 0.008392056 0.999731719 0.021587750 -36.846382141 -0.087770313 -0.020768762 0.995924234 393.668792725
0.996017933 -0.008949671 0.088702120 37.586765289 0.007042611 0.999737799 0.021789301 -37.031711578 -0.088873856 -0.021077842 0.995819867 395.934631348
0.995955288 -0.008711378 0.089426339 37.873775482 0.006917001 0.999768853 0.020355757 -37.224868774 -0.089582980 -0.019654864 0.995785534 398.200653076
0.995886147 -0.008293092 0.090232089 38.157222748 0.006522114 0.999780595 0.019904101 -37.413810730 -0.090377353 -0.019233713 0.995721877 400.463745117
0.995752573 -0.009416557 0.091586433 38.433856964 0.007501697 0.999746501 0.021229509 -37.601871490 -0.091763124 -0.020452287 0.995570838 402.701446533
0.995766938 -0.010454798 0.091317683 38.742763519 0.008504706 0.999727964 0.021718124 -37.778526306 -0.091519900 -0.020849563 0.995584965 404.982360840
0.995709479 -0.010873001 0.091893613 39.031028748 0.008925813 0.999727309 0.021574099 -37.963123322 -0.092103131 -0.020661307 0.995535135 407.234985352
0.995709598 -0.009904131 0.092000902 39.344116211 0.008030025 0.999753118 0.020718398 -38.144233704 -0.092183389 -0.019890739 0.995543361 409.478240967
0.995610297 -0.009304194 0.093132459 39.631534576 0.007353259 0.999746740 0.021269238 -38.337615967 -0.093306758 -0.020491045 0.995426476 411.735229492
0.995642483 -0.008086830 0.092901185 39.943138123 0.006181100 0.999764919 0.020782977 -38.527393341 -0.093047418 -0.020118183 0.995458364 413.964385986
0.995556533 -0.006815938 0.093918897 40.245376587 0.004868059 0.999768615 0.020953534 -38.716541290 -0.094039999 -0.020403225 0.995359302 416.230194092
0.995497823 -0.007138401 0.094515003 40.550895691 0.005177891 0.999766648 0.020971878 -38.907649994 -0.094642669 -0.020388070 0.995302498 418.484283447
0.995395362 -0.006794344 0.095612660 40.846199036 0.004815609 0.999769747 0.020910861 -39.089847565 -0.095732734 -0.020354141 0.995198905 420.736907959
0.995324254 -0.007048740 0.096332550 41.145065308 0.005088019 0.999775112 0.020584170 -39.279201508 -0.096455991 -0.019997779 0.995136321 422.987579346
0.995263875 -0.007239197 0.096940145 41.453079224 0.005155880 0.999750733 0.021724023 -39.465698242 -0.097073235 -0.021121319 0.995053113 425.261535645
0.995223224 -0.006743669 0.097392164 41.755260468 0.004583727 0.999738932 0.022384521 -39.650459290 -0.097517699 -0.021831177 0.994994283 427.512939453
0.995133519 -0.005865239 0.098361112 42.064323425 0.003617142 0.999728441 0.023018314 -39.833515167 -0.098469421 -0.022550510 0.994884551 429.789764404
0.995164335 -0.006618646 0.098000795 42.385169983 0.004352774 0.999718666 0.023316732 -40.020713806 -0.098127544 -0.022777403 0.994913101 432.045440674
0.995146096 -0.007486803 0.098123416 42.704654694 0.005268433 0.999725044 0.022847615 -40.212245941 -0.098267496 -0.022219757 0.994911969 434.317321777
0.995117724 -0.006737392 0.098465994 43.015842438 0.004495011 0.999725878 0.022977289 -40.383239746 -0.098593809 -0.022422498 0.994875252 436.579681396
0.995098293 -0.007541534 0.098602898 43.332134247 0.005273839 0.999715984 0.023238722 -40.569404602 -0.098750144 -0.022604795 0.994855464 438.863616943
0.995130897 -0.007426708 0.098281585 43.651309967 0.005153779 0.999713778 0.023360407 -40.749214172 -0.098426953 -0.022740141 0.994884372 441.136932373
0.995081246 -0.006637804 0.098839447 43.960025787 0.004225779 0.999688566 0.024592854 -40.946521759 -0.098971911 -0.024054212 0.994799435 443.366851807
0.995050669 -0.007294505 0.099100225 44.279399872 0.004862159 0.999681413 0.024763705 -41.127250671 -0.099249296 -0.024159299 0.994769275 445.643585205
0.995054543 -0.007062745 0.099078648 44.592121124 0.004679523 0.999694586 0.024265639 -41.308937073 -0.099219784 -0.023681995 0.994783700 447.905700684
0.995068014 -0.006611302 0.098973528 44.908523560 0.004239936 0.999699295 0.024150779 -41.495128632 -0.099103466 -0.023612026 0.994796932 450.167816162
0.995022535 -0.006157163 0.099459425 45.219623566 0.003796081 0.999706805 0.023910968 -41.681823730 -0.099577487 -0.023414398 0.994754314 452.426910400
0.994937956 -0.005524456 0.100339308 45.528423309 0.003126683 0.999706149 0.024038203 -41.855976105 -0.100442626 -0.023602791 0.994662881 454.702667236
0.994903386 -0.005683539 0.100672640 45.835823059 0.003306139 0.999712050 0.023766272 -42.043670654 -0.100778751 -0.023312306 0.994635701 456.968048096
0.994907081 -0.004972324 0.100674801 46.155597687 0.002676432 0.999733567 0.022927273 -42.223716736 -0.100761987 -0.022541059 0.994655132 459.245178223
0.994849086 -0.004054914 0.101285860 46.466598511 0.001660208 0.999717355 0.023716154 -42.410022736 -0.101353414 -0.023425838 0.994574666 461.523651123
0.994882047 -0.003586904 0.100978993 46.787288666 0.001061006 0.999685466 0.025056697 -42.590610504 -0.101037100 -0.024821319 0.994572937 463.801025391
0.994919360 -0.003938553 0.100597970 47.096546173 0.001382924 0.999674857 0.025461493 -42.768165588 -0.100665540 -0.025193010 0.994601309 466.068756104
0.994970798 -0.003433680 0.100107618 47.412380219 0.001037457 0.999711931 0.023978714 -42.943031311 -0.100161113 -0.023754263 0.994687617 468.350524902
0.995076478 -0.003523395 0.099046595 47.744918823 0.001199713 0.999722898 0.023510272 -43.127998352 -0.099101976 -0.023275696 0.994805038 470.647094727
0.995182037 -0.003947855 0.097964272 48.065509796 0.001513741 0.999688566 0.024908852 -43.322975159 -0.098032109 -0.024640551 0.994878173 472.925445557
0.995134056 -0.004246717 0.098438457 48.364555359 0.001763375 0.999678373 0.025300648 -43.505939484 -0.098514237 -0.025003957 0.994821548 475.206390381
0.995252430 -0.004095570 0.097242482 48.681827545 0.001698736 0.999693036 0.024718026 -43.674037933 -0.097313888 -0.024435481 0.994953692 477.491882324
0.995280206 -0.004249322 0.096948944 48.991985321 0.001804948 0.999678612 0.025286786 -43.853809357 -0.097025231 -0.024992447 0.994968176 479.769775391
0.995290935 -0.004738749 0.096816473 49.301872253 0.002259375 0.999667108 0.025702612 -44.031959534 -0.096906029 -0.025362829 0.994970322 482.043975830
0.995305061 -0.005071875 0.096654341 49.606323242 0.002672473 0.999685526 0.024937881 -44.209400177 -0.096750423 -0.024562497 0.995005548 484.322265625
0.995356381 -0.005632229 0.096092917 49.918968201 0.003181639 0.999666274 0.025636485 -44.398967743 -0.096205242 -0.025211705 0.995042145 486.608428955
0.995433509 -0.006151029 0.095259130 50.228393555 0.003721624 0.999663830 0.025659837 -44.572624207 -0.095384933 -0.025188144 0.995121658 488.923583984
0.995444238 -0.005625958 0.095179535 50.533996582 0.003165152 0.999657333 0.025985597 -44.745155334 -0.095293112 -0.025565960 0.995120883 491.227203369
0.995505095 -0.005029841 0.094574317 50.843723297 0.002535856 0.999646306 0.026472354 -44.921379089 -0.094674021 -0.026113534 0.995165765 493.509643555
0.995493770 -0.004525501 0.094718583 51.133769989 0.002075145 0.999661028 0.025952373 -45.094348907 -0.094803937 -0.025638869 0.995165706 495.800964355
0.995519340 -0.004528576 0.094449639 51.444713593 0.002118743 0.999670029 0.025599167 -45.280551910 -0.094534405 -0.025284350 0.995200455 498.091766357
0.995563269 -0.004483316 0.093987890 51.749958038 0.002008020 0.999648988 0.026414368 -45.459739685 -0.094073348 -0.026108447 0.995222867 500.379730225
0.995563209 -0.004181175 0.094002374 52.047611237 0.001664031 0.999638319 0.026839904 -45.641799927 -0.094080605 -0.026564397 0.995210111 502.651519775
0.995584130 -0.002950880 0.093825623 52.349090576 0.000515717 0.999662638 0.025967797 -45.819259644 -0.093870573 -0.025804743 0.995249927 504.944061279
0.995585203 -0.003013956 0.093814030 52.647506714 0.000515440 0.999644816 0.026645493 -45.997436523 -0.093860999 -0.026479499 0.995233238 507.229095459
0.995591938 -0.003455585 0.093727060 52.948665619 0.001041686 0.999666750 0.025791269 -46.177776337 -0.093784958 -0.025579944 0.995263755 509.517639160
0.995598733 -0.004234732 0.093622968 53.256431580 0.001716396 0.999634981 0.026962887 -46.365741730 -0.093702957 -0.026683522 0.995242536 511.816375732
0.995596111 -0.003945721 0.093662687 53.560024261 0.001423297 0.999634862 0.026982483 -46.538009644 -0.093734942 -0.026730344 0.995238304 514.126708984
0.995625556 -0.003373581 0.093372524 53.868556976 0.000865868 0.999638140 0.026884574 -46.716747284 -0.093429439 -0.026686121 0.995268226 516.435363770
0.995609641 -0.002620344 0.093565360 54.162902832 0.000132111 0.999646425 0.026589816 -46.896984100 -0.093601964 -0.026460720 0.995258033 518.725585938
0.995545805 -0.000198110 0.094278730 54.461353302 -0.002339176 0.999638140 0.026801329 -47.074634552 -0.094249919 -0.026902489 0.995185018 521.024169922
0.995464146 0.001724325 0.095121711 54.771144867 -0.004311412 0.999626160 0.026998840 -47.254089355 -0.095039576 -0.027286490 0.995099425 523.362670898
0.995413005 0.002545194 0.095637299 55.081836700 -0.005256532 0.999591053 0.028108982 -47.424579620 -0.095526643 -0.028482769 0.995019257 525.679626465
0.995362759 0.001982397 0.096171476 55.387649536 -0.004698130 0.999596298 0.028020231 -47.599288940 -0.096077092 -0.028342124 0.994970262 527.984863281
0.995336950 0.000168082 0.096459210 55.697238922 -0.003012319 0.999564886 0.029341558 -47.771881104 -0.096412323 -0.029495303 0.994904339 530.302062988
0.995282292 -0.001466421 0.097010329 56.016326904 -0.001358818 0.999577045 0.029050583 -47.945602417 -0.097011909 -0.029045351 0.994859338 532.623962402
0.995228171 -0.001620347 0.097561590 56.318439484 -0.001185009 0.999587655 0.028689910 -48.119800568 -0.097567856 -0.028668616 0.994815826 534.924926758
0.995143473 -0.001884796 0.098417170 56.633602142 -0.000912113 0.999597192 0.028366193 -48.294113159 -0.098430999 -0.028318198 0.994740844 537.247070312
0.995035112 -0.001289421 0.099516384 56.933662415 -0.001487504 0.999611676 0.027824957 -48.471549988 -0.099513620 -0.027834838 0.994646788 539.551940918
0.994909167 -0.000287805 0.100775026 57.239891052 -0.002476322 0.999624133 0.027302511 -48.644382477 -0.100745015 -0.027413072 0.994534492 541.872680664
0.994814813 0.000136479 0.101702049 57.565654755 -0.002827951 0.999649584 0.026320588 -48.821006775 -0.101662807 -0.026471719 0.994466662 544.191162109
0.994647026 -0.000248929 0.103330478 57.860881805 -0.002583453 0.999624610 0.027276177 -49.011615753 -0.103298478 -0.027397119 0.994273007 546.536682129
0.994556129 -0.000018817 0.104201905 58.182243347 -0.002916100 0.999603212 0.028013254 -49.189056396 -0.104161106 -0.028164620 0.994161546 548.859008789
0.994466603 -0.000003721 0.105053119 58.498630524 -0.002974516 0.999598086 0.028193139 -49.365421295 -0.105011001 -0.028349621 0.994066894 551.158020020
0.994522333 -0.001068014 0.104518972 58.840450287 -0.001782688 0.999629021 0.027177280 -49.539657593 -0.104509212 -0.027214738 0.994151473 553.471496582
0.994554281 -0.001278054 0.104212187 59.178062439 -0.001621561 0.999614000 0.027734678 -49.719940186 -0.104207389 -0.027752629 0.994168282 555.789001465
0.994490027 -0.001122470 0.104825027 59.502967834 -0.001833963 0.999603331 0.028102862 -49.894088745 -0.104814999 -0.028140258 0.994093537 558.095886230
0.994460285 -0.000519263 0.105111569 59.837310791 -0.002560723 0.999571323 0.029164985 -50.069686890 -0.105081663 -0.029272582 0.994032621 560.429992676
0.994478106 -0.000972415 0.104939736 60.177898407 -0.002186704 0.999547958 0.029984873 -50.245956421 -0.104921460 -0.030048771 0.994026423 562.753173828
0.994464517 -0.000695970 0.105069928 60.513492584 -0.002539072 0.999526858 0.030652516 -50.415565491 -0.105041556 -0.030749617 0.993992329 565.063110352
0.994424462 0.000109488 0.105451554 60.850387573 -0.003300471 0.999541998 0.030086160 -50.592613220 -0.105399929 -0.030266456 0.993969202 567.383300781
0.994418561 0.001097048 0.105501190 61.196037292 -0.004128263 0.999584734 0.028517492 -50.759662628 -0.105426095 -0.028793858 0.994010210 569.715209961
0.994383156 0.001566560 0.105828285 61.538120270 -0.004629135 0.999577343 0.028699655 -50.934440613 -0.105738603 -0.029028343 0.993970215 572.032348633
0.994384050 0.001306183 0.105822518 61.871650696 -0.004529801 0.999532700 0.030227883 -51.121421814 -0.105733581 -0.030537482 0.993925512 574.400634766
0.994376659 0.001308377 0.105892897 62.213970184 -0.004701520 0.999483168 0.031799871 -51.302753448 -0.105796568 -0.032118913 0.993868947 576.714477539
0.994274259 0.001676747 0.106845252 62.533023834 -0.004903195 0.999539733 0.029941851 -51.471622467 -0.106745876 -0.030294303 0.993824720 579.091552734
0.994343221 0.001044830 0.106210172 62.880725861 -0.004223547 0.999549687 0.029708037 -51.637832642 -0.106131300 -0.029988568 0.993899822 581.429748535
0.994230211 0.000529187 0.107265390 63.215080261 -0.003936008 0.999494374 0.031551465 -51.822380066 -0.107194453 -0.031791613 0.993729651 583.782104492
0.994297028 0.000650332 0.106643848 63.559974670 -0.004033605 0.999495208 0.031512342 -51.988559723 -0.106569521 -0.031762790 0.993797719 586.098144531
0.994260550 -0.002209701 0.106963053 63.913936615 -0.001053543 0.999535918 0.030442022 -52.169864655 -0.106980696 -0.030379986 0.993796766 588.477600098
0.994326293 -0.002582789 0.106341831 64.265060425 -0.000641810 0.999541283 0.030277582 -52.335632324 -0.106371254 -0.030174045 0.993868530 590.827819824
0.994336724 -0.004435890 0.106182784 64.603828430 0.001167962 0.999524295 0.030818867 -52.507934570 -0.106268972 -0.030520314 0.993868887 593.167907715
0.994386852 -0.005072640 0.105683669 64.955650330 0.001805092 0.999518037 0.030990934 -52.680282593 -0.105789937 -0.030626209 0.993916750 595.524536133
