1.000000000 0.000000000 0.000000000 0.000000000 0.000000000 1.000000000 0.000000000 0.000000000 0.000000000 0.000000000 1.000000000 0.000000000
0.999999881 0.000173973 0.000473959 0.085903101 -0.000173924 1.000000000 -0.000103705 -0.226241007 -0.000473977 0.000103623 0.999999881 2.288296461
0.999999225 0.000483896 0.001223243 0.164269865 -0.000484366 0.999999821 0.000384091 -0.463176608 -0.001223057 -0.000384683 0.999999166 4.583998680
0.999998331 0.000094986 0.001813656 0.260391682 -0.000095801 0.999999881 0.000449218 -0.693065226 -0.001813613 -0.000449391 0.999998271 6.874343872
0.999996603 -0.000009584 0.002603274 0.354979128 0.000013013 0.999999046 -0.001317066 -0.924784243 -0.002603259 0.001317096 0.999995768 9.172286987
0.999987304 0.001769689 0.004710448 0.446008950 -0.001769902 0.999998331 0.000041086 -1.161016583 -0.004710368 -0.000049422 0.999988914 11.478769302
0.999963582 0.003780736 0.007653274 0.525717437 -0.003789342 0.999992192 0.001110435 -1.388046265 -0.007649016 -0.001139396 0.999970078 13.792756081
0.999942780 0.003546734 0.010093229 0.632950604 -0.003581747 0.999987602 0.003453135 -1.615359783 -0.010080856 -0.003489088 0.999943078 16.066740036
0.999943674 0.003483523 0.010018731 0.768233001 -0.003532856 0.999981701 0.004910557 -1.850302100 -0.010001441 -0.004945676 0.999937713 18.406147003
0.999932230 0.002716226 0.011319546 0.887625337 -0.002773633 0.999983311 0.005058946 -2.074763298 -0.011305617 -0.005089999 0.999923110 20.697595596
0.999928534 0.000257998 0.011947948 1.002529502 -0.000289189 0.999996543 0.002608971 -2.301071405 -0.011947234 -0.002612240 0.999925196 23.019515991
0.999917030 -0.002021422 0.012723518 1.111554384 0.002015985 0.999997854 0.000440118 -2.520381451 -0.012724381 -0.000414431 0.999918938 25.300807953
0.999920845 -0.002699529 0.012288740 1.255084634 0.002701171 0.999996364 -0.000117102 -2.769576073 -0.012288379 0.000150287 0.999924421 27.612939835
0.999909818 -0.002422910 0.013206317 1.362627745 0.002436828 0.999996543 -0.001037914 -2.997269630 -0.013203758 0.001070002 0.999912262 29.901811600
0.999901831 0.000150596 0.014011541 1.476153374 -0.000170894 0.999998927 0.001447473 -3.227561235 -0.014011307 -0.001449725 0.999900758 32.176544189
0.999898136 0.002165005 0.014106281 1.604701638 -0.002213270 0.999991775 0.003406772 -3.446462631 -0.014098789 -0.003437646 0.999894679 34.457046509
0.999866307 0.004553675 0.015705669 1.712760687 -0.004673506 0.999960124 0.007601521 -3.678558826 -0.015670432 -0.007673906 0.999847770 36.751354218
0.999840736 0.006394580 0.016661206 1.825155497 -0.006512937 0.999953866 0.007059196 -3.896971703 -0.016615298 -0.007166584 0.999836206 39.023017883
0.999813437 0.005549225 0.018500729 1.929990292 -0.005655089 0.999967933 0.005674776 -4.105700493 -0.018468641 -0.005778341 0.999812722 41.325969696
0.999818325 0.003240550 0.018785844 2.052876472 -0.003329479 0.999983430 0.004704468 -4.331332207 -0.018770287 -0.004766161 0.999812424 43.603412628
0.999816656 0.003188331 0.018880108 2.186588287 -0.003254001 0.999988675 0.003448616 -4.554776669 -0.018868899 -0.003509419 0.999815941 45.840236664
0.999817669 0.002713150 0.018900855 2.314336777 -0.002759966 0.999993205 0.002451230 -4.785131454 -0.018894071 -0.002502949 0.999818385 48.116924286
0.999817252 0.001047201 0.019095561 2.448734760 -0.001102954 0.999995172 0.002909347 -5.016746044 -0.019092422 -0.002929876 0.999813557 50.394969940
0.999797344 0.000289367 0.020128656 2.576567650 -0.000353957 0.999994814 0.003205385 -5.241444111 -0.020127626 -0.003211860 0.999792278 52.658008575
0.999792874 -0.001067729 0.020327464 2.715736628 0.001000194 0.999993920 0.003332234 -5.473399162 -0.020330897 -0.003311212 0.999787807 54.944053650
0.999768436 -0.001096782 0.021491479 2.842915535 0.001017031 0.999992549 0.003721378 -5.706582069 -0.021495402 -0.003698658 0.999762118 57.222824097
0.999748290 -0.002483857 0.022294419 2.980165958 0.002385608 0.999987304 0.004432400 -5.932685375 -0.022305148 -0.004378099 0.999741614 59.488426208
0.999705493 -0.004171195 0.023904851 3.104319572 0.004079603 0.999984086 0.003879036 -6.156524181 -0.023920648 -0.003780371 0.999706626 61.761402130
0.999690294 -0.004941746 0.024389258 3.255156279 0.004854119 0.999981582 0.003650761 -6.380907536 -0.024406848 -0.003531242 0.999695897 64.015129089
0.999659777 -0.004532586 0.025685649 3.394953251 0.004424107 0.999981046 0.004278574 -6.604440212 -0.025704553 -0.004163482 0.999660909 66.287704468
0.999639034 -0.003573902 0.026627887 3.543294191 0.003450092 0.999983132 0.004694134 -6.832658291 -0.026644211 -0.004600570 0.999634385 68.551925659
0.999601841 -0.003750368 0.027965924 3.682334423 0.003632953 0.999984384 0.004248140 -7.056523323 -0.027981417 -0.004144850 0.999599814 70.809463501
0.999593675 -0.004659978 0.028121367 3.844512701 0.004583454 0.999985576 0.002785036 -7.279186249 -0.028133938 -0.002655011 0.999600589 73.066520691
0.999570608 -0.005595873 0.028763333 3.996473551 0.005504311 0.999979496 0.003261485 -7.506949902 -0.028780993 -0.003101761 0.999580860 75.337173462
0.999524593 -0.006826406 0.030067578 4.155859947 0.006743424 0.999973118 0.002860407 -7.739443779 -0.030086298 -0.002656289 0.999543726 77.601455688
0.999536812 -0.007479234 0.029496120 4.318909645 0.007404826 0.999969065 0.002631019 -7.970650673 -0.029514888 -0.002411387 0.999561369 79.863006592
0.999507785 -0.007932045 0.030352063 4.465803623 0.007873104 0.999966860 0.002060923 -8.186902046 -0.030367400 -0.001820944 0.999537110 82.117111206
0.999484777 -0.007092684 0.031303246 4.637925148 0.007032689 0.999973238 0.002026226 -8.415833473 -0.031316772 -0.001805036 0.999508023 84.391921997
0.999436498 -0.006807638 0.032868296 4.795993805 0.006729932 0.999974310 0.002474196 -8.635726929 -0.032884292 -0.002251600 0.999456644 86.644508362
0.999430239 -0.006308750 0.033155836 4.962781906 0.006188029 0.999973834 0.003742356 -8.870096207 -0.033178572 -0.003535054 0.999443114 88.928886414
0.999405921 -0.005479703 0.034025479 5.125361919 0.005325908 0.999975204 0.004608974 -9.100537300 -0.034049887 -0.004425019 0.999410450 91.181175232
0.999377370 -0.005197308 0.034895800 5.290787220 0.005033757 0.999975979 0.004773062 -9.325069427 -0.034919769 -0.004594433 0.999379516 93.418861389
0.999355078 -0.004914394 0.035568390 5.464799881 0.004785439 0.999981761 0.003709772 -9.544979095 -0.035585970 -0.003537170 0.999360323 95.658111572
0.999320507 -0.005604900 0.036429413 5.633172035 0.005453344 0.999976039 0.004258300 -9.769930840 -0.036452409 -0.004056745 0.999327183 97.904777527
0.999285758 -0.005263081 0.037419856 5.791637421 0.005124300 0.999979556 0.003803715 -10.000808716 -0.037439115 -0.003609248 0.999292314 100.144363403
0.999213338 -0.005258391 0.039305106 5.942968369 0.005078045 0.999976039 0.004686762 -10.217157364 -0.039328810 -0.004483481 0.999216259 102.372444153
0.999225378 -0.005611422 0.038949236 6.145409584 0.005424194 0.999973238 0.004910996 -10.446442604 -0.038975749 -0.004695924 0.999229074 104.644607544
0.999190688 -0.006508135 0.039693084 6.322099209 0.006295910 0.999965250 0.005469334 -10.662315369 -0.039727300 -0.005215003 0.999196887 106.882057190
0.999170899 -0.007794950 0.039959367 6.507811546 0.007582148 0.999956250 0.005474278 -10.878981590 -0.040000305 -0.005166761 0.999186277 109.138114929
0.999133468 -0.008715835 0.040697739 6.689647675 0.008460980 0.999943554 0.006430218 -11.107844353 -0.040751483 -0.006080303 0.999150932 111.396652222
0.999104440 -0.009620216 0.041203715 6.878014565 0.009424814 0.999943435 0.004933918 -11.328035355 -0.041248847 -0.004541162 0.999138594 113.666938782
0.999066710 -0.009674586 0.042096481 7.058989525 0.009509848 0.999946296 0.004111907 -11.549228668 -0.042134006 -0.003707739 0.999105096 115.919143677
0.999032259 -0.010199224 0.042784806 7.242537498 0.010020844 0.999940217 0.004381611 -11.777140617 -0.042826936 -0.003948631 0.999074697 118.169349670
0.998979986 -0.010279965 0.043968093 7.429526329 0.010053728 0.999935031 0.005363511 -12.005981445 -0.044020373 -0.004915997 0.999018490 120.441833496
0.998972535 -0.011140757 0.043927547 7.634193420 0.010892300 0.999923408 0.005891351 -12.233041763 -0.043989804 -0.005406826 0.999017358 122.652938843
0.998907208 -0.012248809 0.045106888 7.828535080 0.012023989 0.999913871 0.005252201 -12.456130981 -0.045167342 -0.004704096 0.998968363 124.974662781
0.998876452 -0.013377462 0.045462947 8.016997337 0.013196643 0.999903738 0.004275130 -12.676678658 -0.045515765 -0.003670369 0.998956859 127.229057312
0.998861909 -0.015025045 0.045267295 8.207093239 0.014824729 0.999878764 0.004757665 -12.898195267 -0.045333285 -0.004081175 0.998963594 129.492568970
0.998876691 -0.016210260 0.044526029 8.389925957 0.016006866 0.999859691 0.004920794 -13.113595963 -0.044599555 -0.004202543 0.998996079 131.744628906
0.998943746 -0.016580470 0.042854317 8.590041161 0.016333824 0.999847949 0.006099282 -13.334858894 -0.042948939 -0.005392865 0.999062717 133.977264404
0.998995304 -0.017544134 0.041238319 8.783958435 0.017303962 0.999831140 0.006173692 -13.568758011 -0.041339666 -0.005453903 0.999130249 136.231094360
0.999064803 -0.018239878 0.039200738 8.987985611 0.018028548 0.999820888 0.005737765 -13.785023689 -0.039298385 -0.005025666 0.999214828 138.454849243
0.999053240 -0.018963419 0.039154142 9.153401375 0.018747784 0.999806941 0.005867249 -14.005842209 -0.039257847 -0.005127640 0.999215901 140.741744995
0.999047756 -0.019257929 0.039150193 9.322773933 0.019038476 0.999800980 0.005970509 -14.215548515 -0.039257374 -0.005219464 0.999215424 142.972991943
0.999092400 -0.019571377 0.037832443 9.510641098 0.019305928 0.999786377 0.007369199 -14.449441910 -0.037968587 -0.006632120 0.999256909 145.221267700
0.999110997 -0.018766165 0.037750263 9.684360504 0.018545093 0.999808729 0.006198030 -14.664809227 -0.037859358 -0.005492437 0.999267995 147.473724365
0.999132693 -0.017445747 0.037808113 9.861515045 0.017276883 0.999839306 0.004788556 -14.885036469 -0.037885584 -0.004131197 0.999273539 149.722045898
0.999145567 -0.015967239 0.038120896 10.035192490 0.015824804 0.999866664 0.004035281 -15.108858109 -0.038180243 -0.003428577 0.999265015 151.965881348
0.999149799 -0.015445577 0.038223628 10.217650414 0.015296282 0.999874234 0.004195096 -15.331409454 -0.038283598 -0.003606850 0.999260545 154.208419800
0.999140143 -0.014816531 0.038724024 10.398357391 0.014649828 0.999882162 0.004585186 -15.551242828 -0.038787395 -0.004013942 0.999239385 156.459182739
0.999130309 -0.013705760 0.039379649 10.563087463 0.013474059 0.999890327 0.006143178 -15.776468277 -0.039459530 -0.005607232 0.999205410 158.701141357
0.999077678 -0.013083612 0.040897746 10.740907669 0.012808411 0.999893546 0.006983834 -15.994637489 -0.040984772 -0.006453558 0.999138892 160.941406250
0.999058366 -0.011586715 0.041810669 10.907754898 0.011225221 0.999897659 0.008870409 -16.220119476 -0.041909166 -0.008392720 0.999086201 163.229614258
0.999019802 -0.011169010 0.042833488 11.087696075 0.010828776 0.999908030 0.008166956 -16.426845551 -0.042920765 -0.007695116 0.999048829 165.485397339
0.998973429 -0.010642405 0.044033416 11.277277946 0.010335226 0.999920607 0.007197883 -16.642007828 -0.044106532 -0.006735398 0.999004126 167.717224121
0.998926282 -0.008960824 0.045452859 11.466441154 0.008639203 0.999936283 0.007267459 -16.864341736 -0.045515083 -0.006866979 0.998940051 169.982574463
0.998813450 -0.008260691 0.047992613 11.655666351 0.007914119 0.999941230 0.007406911 -17.079135895 -0.048050974 -0.007018303 0.998820245 172.237213135
0.998690605 -0.008468969 0.050451968 11.852931023 0.008116510 0.999941230 0.007186789 -17.296340942 -0.050509866 -0.006767884 0.998700619 174.508255005
0.998597741 -0.008611183 0.052233376 12.055176735 0.008214442 0.999935746 0.007805465 -17.516445160 -0.052297235 -0.007365453 0.998604417 176.751907349
0.998530805 -0.009089217 0.053420331 12.249547958 0.008647261 0.999926567 0.008498482 -17.726331711 -0.053493641 -0.008024056 0.998535931 178.990463257
0.998553395 -0.010690529 0.052695367 12.474038124 0.010276151 0.999914169 0.008128307 -17.945205688 -0.052777737 -0.007575043 0.998577535 181.250976562
0.998519599 -0.011544063 0.053153265 12.673314095 0.011128629 0.999905169 0.008105182 -18.159231186 -0.053241793 -0.007501660 0.998553455 183.494201660
0.998563826 -0.013456884 0.051857132 12.889915466 0.013072240 0.999884546 0.007749401 -18.376583099 -0.051955421 -0.007060382 0.998624444 185.740768433
0.998574436 -0.015187816 0.051171139 13.104232788 0.014775669 0.999855399 0.008422984 -18.589294434 -0.051291659 -0.007654887 0.998654425 187.983718872
0.998564541 -0.015782759 0.051183786 13.296231270 0.015394775 0.999849677 0.007965742 -18.802392960 -0.051301830 -0.007166345 0.998657405 190.226989746
0.998538673 -0.016849106 0.051349923 13.501804352 0.016474295 0.999834478 0.007713740 -19.017932892 -0.051471397 -0.006856514 0.998650968 192.466705322
0.998521984 -0.017847499 0.051335301 13.701200485 0.017498417 0.999820650 0.007241450 -19.241203308 -0.051455338 -0.006332461 0.998655200 194.734222412
0.998545766 -0.017528925 0.050980538 13.912523270 0.017165953 0.999824107 0.007548998 -19.455049515 -0.051103901 -0.006662890 0.998671055 196.969909668
0.998551607 -0.015681095 0.051467136 14.119235039 0.015318218 0.999854982 0.007437603 -19.668582916 -0.051576305 -0.006638444 0.998647034 199.198745728
0.998572946 -0.013314387 0.051718533 14.320524216 0.012954102 0.999889493 0.007295241 -19.891571045 -0.051809948 -0.006614864 0.998635054 201.483520508
0.998551905 -0.013075903 0.052183289 14.532592773 0.012777671 0.999900103 0.006044660 -20.102987289 -0.052257109 -0.005369126 0.998619258 203.751861572
0.998502076 -0.013242151 0.053086035 14.726136208 0.012884945 0.999892056 0.007065409 -20.318513870 -0.053173870 -0.006370815 0.998565018 205.973205566
0.998500347 -0.014698166 0.052734852 14.958728790 0.014333813 0.999870718 0.007280734 -20.548866272 -0.052835055 -0.006513924 0.998582006 208.234588623
0.998439550 -0.014395724 0.053955942 15.162162781 0.013996284 0.999871850 0.007773664 -20.757625580 -0.054060940 -0.007006350 0.998513043 210.478439331
0.998363674 -0.014487652 0.055317838 15.371102333 0.013998057 0.999859452 0.009227846 -20.992345810 -0.055443753 -0.008438404 0.998426139 212.736236572
0.998301148 -0.012931859 0.056811873 15.604043961 0.012401245 0.999876201 0.009682519 -21.205558777 -0.056930054 -0.008961532 0.998337984 214.969009399
0.998129427 -0.011291509 0.060086634 15.825329781 0.010731674 0.999895990 0.009631699 -21.420215607 -0.060189143 -0.008968850 0.998146713 217.274169922
0.997993886 -0.011455365 0.062263608 16.050573349 0.010861096 0.999892235 0.009874497 -21.629068375 -0.062370025 -0.009178437 0.998010874 219.525177002
0.997865260 -0.012929881 0.064013466 16.284004211 0.012296050 0.999871492 0.010285627 -21.835426331 -0.064138226 -0.009476556 0.997896135 221.763580322
0.997765124 -0.014430531 0.065242298 16.516733170 0.013733984 0.999843895 0.011112277 -22.040336609 -0.065392457 -0.010191405 0.997807562 223.994644165
0.997693360 -0.016474860 0.065852150 16.767032623 0.015814073 0.999819338 0.010543128 -22.256298065 -0.066013955 -0.009477418 0.997773707 226.238357544
0.997651339 -0.017487668 0.066226922 17.003128052 0.016834732 0.999804139 0.010404380 -22.462760925 -0.066395901 -0.009265031 0.997750342 228.488281250
0.997614563 -0.017680386 0.066727765 17.247112274 0.017023833 0.999801040 0.010395135 -22.668344498 -0.066898294 -0.009234376 0.997717023 230.730895996
0.997569680 -0.018819598 0.067085817 17.493831635 0.018222867 0.999788821 0.009496017 -22.879526138 -0.067250364 -0.008250444 0.997702003 232.979919434
0.997528732 -0.019710502 0.067438506 17.734430313 0.019062450 0.999765873 0.010239681 -23.080104828 -0.067624547 -0.008928834 0.997670889 235.214965820
0.997532487 -0.019104443 0.067556888 18.005971909 0.018425055 0.999773383 0.010665355 -23.293846130 -0.067745328 -0.009394298 0.997658551 237.482574463
0.997498631 -0.018901020 0.068111598 18.244323730 0.018229075 0.999778926 0.010473503 -23.494113922 -0.068294518 -0.009205692 0.997622728 239.708709717
0.997458339 -0.019086501 0.068647176 18.486141205 0.018389460 0.999772787 0.010771726 -23.701995850 -0.068837173 -0.009481966 0.997582853 241.935623169
0.997417569 -0.019288320 0.069182411 18.729721069 0.018579744 0.999768257 0.010871072 -23.905677795 -0.069376074 -0.009557608 0.997544706 244.175765991
0.997376919 -0.019389179 0.069738068 18.972408295 0.018722778 0.999772847 0.010196836 -24.117393494 -0.069919929 -0.008864398 0.997513235 246.404098511
0.997393727 -0.018943230 0.069619767 19.230417252 0.018336119 0.999788105 0.009349212 -24.327671051 -0.069782138 -0.008048290 0.997529805 248.645935059
0.997368157 -0.019268349 0.069896512 19.479692459 0.018625468 0.999778152 0.009837814 -24.539215088 -0.070070550 -0.008510068 0.997505665 250.893676758
0.997347414 -0.020393971 0.069873020 19.733230591 0.019763634 0.999757588 0.009700779 -24.748126984 -0.070053928 -0.008294104 0.997508705 253.122695923
0.997341812 -0.020190571 0.070011772 19.988676071 0.019514317 0.999756217 0.010329785 -24.956516266 -0.070203267 -0.008936093 0.997492790 255.374786377
0.997308016 -0.020735148 0.070333369 20.226415634 0.020047393 0.999744236 0.010470339 -25.164314270 -0.070532501 -0.009032151 0.997468591 257.594482422
0.997285604 -0.021223731 0.070504569 20.489410400 0.020495346 0.999728978 0.011038570 -25.376461029 -0.070719741 -0.009563589 0.997450471 259.855865479
0.997250915 -0.020930201 0.071081474 20.742313385 0.020246839 0.999741733 0.010320847 -25.578538895 -0.071279146 -0.008853299 0.997417033 262.100585938
0.997231603 -0.020842176 0.071379326 21.001865387 0.020194398 0.999748170 0.009784891 -25.784643173 -0.071565285 -0.008316337 0.997401237 264.357177734
0.997213781 -0.020079611 0.071845420 21.264207840 0.019462056 0.999767482 0.009285436 -25.997730255 -0.072015181 -0.007861301 0.997372508 266.599060059
0.997162819 -0.019367196 0.072741225 21.520708084 0.018733120 0.999780357 0.009389114 -26.203151703 -0.072907113 -0.007999804 0.997306585 268.848083496
0.997053087 -0.019060671 0.074309379 21.778089523 0.018438680 0.999789059 0.009047422 -26.423252106 -0.074466169 -0.007650592 0.997194171 271.094543457
0.996995747 -0.019789577 0.074886933 22.054574966 0.019129911 0.999771714 0.009515998 -26.637985229 -0.075058147 -0.008054828 0.997146666 273.337188721
0.996767640 -0.020267824 0.077739745 22.295049667 0.019554827 0.999759495 0.009922003 -26.839536667 -0.077922150 -0.008369743 0.996924341 275.586853027
0.996650100 -0.020200703 0.079249412 22.563955307 0.019381711 0.999750555 0.011090108 -27.039930344 -0.079453692 -0.009516967 0.996793211 277.826416016
0.996590137 -0.019499414 0.080174312 22.845544815 0.018538734 0.999747336 0.012709367 -27.262763977 -0.080401875 -0.011179699 0.996699929 280.080322266
0.996518850 -0.019247212 0.081116483 23.127689362 0.018195722 0.999740839 0.013682084 -27.470384598 -0.081358813 -0.012158481 0.996610641 282.317565918
0.996441424 -0.018284889 0.082281083 23.401855469 0.017229494 0.999760151 0.013518579 -27.666074753 -0.082508527 -0.012052812 0.996517420 284.577301025
0.996309578 -0.017252186 0.084081136 23.663751602 0.016207583 0.999782920 0.013090611 -27.864807129 -0.084288716 -0.011679552 0.996372938 286.807678223
0.996318042 -0.016357422 0.084158853 23.949556351 0.015435913 0.999813795 0.011588704 -28.058418274 -0.084332749 -0.010246965 0.996384978 289.051025391
0.996254921 -0.017221220 0.084731415 24.221000671 0.016258378 0.999795318 0.012040460 -28.269449234 -0.084921427 -0.010617771 0.996331096 291.277343750
0.996235967 -0.017049836 0.084988602 24.493196487 0.016146511 0.999805748 0.011304878 -28.476930618 -0.085164852 -0.009890057 0.996317744 293.538604736
0.996259749 -0.017676089 0.084581777 24.774179459 0.016860729 0.999804258 0.010344629 -28.678293228 -0.084748082 -0.008879826 0.996362865 295.766052246
0.996249855 -0.017627403 0.084708385 25.051925659 0.016815705 0.999805629 0.010286346 -28.884817123 -0.084873244 -0.008823341 0.996352673 298.002593994
0.996255338 -0.016919876 0.084787801 25.330781937 0.016079204 0.999814689 0.010588181 -29.090084076 -0.084951244 -0.009185212 0.996342778 300.241363525
0.996205509 -0.016977215 0.085359916 25.591499329 0.016077571 0.999807835 0.011215887 -29.298965454 -0.085533939 -0.009800947 0.996286988 302.472412109
0.996210575 -0.017540487 0.085186228 25.877792358 0.016616905 0.999795318 0.011538868 -29.505460739 -0.085371181 -0.010079611 0.996298254 304.723541260
0.996187091 -0.016823720 0.085604832 26.159418106 0.015873184 0.999804735 0.011772374 -29.709688187 -0.085786156 -0.010368667 0.996259570 306.973022461
0.996180117 -0.017379662 0.085575446 26.440246582 0.016423026 0.999794662 0.011870285 -29.922807693 -0.085764192 -0.010419534 0.996261001 309.228179932
0.996146977 -0.018763496 0.085668415 26.724922180 0.017785203 0.999767721 0.012168567 -30.124912262 -0.085876852 -0.010598053 0.996249318 311.487731934
0.996110737 -0.018721104 0.086097948 27.005500793 0.017773651 0.999772906 0.011757877 -30.333864212 -0.086298510 -0.010181875 0.996217310 313.728576660
0.996141016 -0.018263597 0.085846059 27.298435211 0.017275963 0.999776006 0.012233621 -30.538141251 -0.086050250 -0.010703338 0.996233284 315.978973389
0.996099412 -0.016625954 0.086657763 27.577722549 0.015691591 0.999811232 0.011452329 -30.745161057 -0.086831801 -0.010047861 0.996172309 318.225555420
0.996092975 -0.015399632 0.086957417 27.856754303 0.014410960 0.999824286 0.011986008 -30.949234009 -0.087126710 -0.010686039 0.996139944 320.475891113
0.996033609 -0.014634055 0.087767363 28.134012222 0.013660754 0.999838412 0.011680007 -31.156873703 -0.087924115 -0.010434710 0.996072471 322.714965820
0.995990515 -0.013994336 0.088357769 28.411245346 0.012956402 0.999840319 0.012309593 -31.358325958 -0.088515922 -0.011115438 0.996012747 324.955413818
0.995993912 -0.013699078 0.088365406 28.703073502 0.012544696 0.999828756 0.013605906 -31.570783615 -0.088536665 -0.012442883 0.995995164 327.187713623
0.995965362 -0.014493233 0.088560365 28.985483170 0.013356348 0.999820769 0.013416559 -31.778470993 -0.088738956 -0.012179583 0.995980442 329.432983398
0.995981455 -0.016489379 0.088028908 29.284992218 0.015429907 0.999800265 0.012702468 -31.980739594 -0.088220775 -0.011293142 0.996037066 331.668334961
0.995969653 -0.015731445 0.088300228 29.566532135 0.014701552 0.999816358 0.012301818 -32.182563782 -0.088477515 -0.010954087 0.996017933 333.890045166
0.995952129 -0.015840918 0.088478446 29.849575043 0.014702150 0.999800682 0.013507472 -32.383605957 -0.088674784 -0.012151974 0.995986521 336.120117188
0.996006966 -0.016486885 0.087739557 30.149946213 0.015344774 0.999788761 0.013675649 -32.584667206 -0.087946497 -0.012274697 0.996049583 338.354858398
0.995995879 -0.016335353 0.087895729 30.428306580 0.015162898 0.999787152 0.013990364 -32.790657043 -0.088105559 -0.012601590 0.996031344 340.597412109
0.996033669 -0.016653154 0.087404519 30.721052170 0.015513829 0.999785960 0.013698268 -32.993301392 -0.087613910 -0.012287959 0.996078670 342.840942383
0.996032000 -0.017220341 0.087314151 31.002199173 0.016050298 0.999771953 0.014084777 -33.189105988 -0.087536804 -0.012627471 0.996081233 345.086364746
0.996078610 -0.017045198 0.086815059 31.290271759 0.015885616 0.999775350 0.014030412 -33.384895325 -0.087034725 -0.012596282 0.996125638 347.328491211
0.996129334 -0.017113319 0.086217999 31.574653625 0.015966462 0.999774873 0.013973947 -33.584625244 -0.086437717 -0.012543262 0.996178210 349.565490723
0.996136248 -0.016640645 0.086230285 31.853107452 0.015452929 0.999776542 0.014423089 -33.788532257 -0.086451046 -0.013034854 0.996170819 351.807891846
0.996167541 -0.016971940 0.085803017 32.130981445 0.015763264 0.999767005 0.014744637 -33.984405518 -0.086033285 -0.013335595 0.996202946 354.039581299
0.996191919 -0.016652996 0.085582145 32.407135010 0.015491628 0.999779046 0.014216487 -34.184349060 -0.085799970 -0.012836544 0.996229708 356.277496338
0.996232390 -0.016811162 0.085077845 32.690147400 0.015614065 0.999769807 0.014716546 -34.383228302 -0.085305639 -0.013332690 0.996265590 358.517791748
0.996275663 -0.016206613 0.084688246 32.973003387 0.014940325 0.999767184 0.015564836 -34.584468842 -0.084920786 -0.014241594 0.996285915 360.755035400
0.996324182 -0.016304964 0.084096551 33.258571625 0.015046258 0.999765396 0.015579615 -34.785011292 -0.084330849 -0.014257009 0.996335804 363.001403809
0.996348083 -0.016255844 0.083822928 33.539714813 0.014951359 0.999757528 0.016166763 -34.983146667 -0.084065422 -0.014854455 0.996349514 365.242431641
0.996394515 -0.016258590 0.083268546 33.821212769 0.015018852 0.999767184 0.015493302 -35.180835724 -0.083501056 -0.014186842 0.996406674 367.501892090
0.996399164 -0.016913978 0.083083667 34.095813751 0.015689477 0.999758780 0.015369086 -35.380298615 -0.083323583 -0.014010203 0.996424079 369.750213623
0.996384799 -0.016876740 0.083261415 34.365966797 0.015724085 0.999771535 0.014480212 -35.572780609 -0.083486766 -0.013118655 0.996422529 372.012542725
0.996458471 -0.017018257 0.082345814 34.650318146 0.015872121 0.999768078 0.014553283 -35.776695251 -0.082574382 -0.013194738 0.996497571 374.267425537
0.996543586 -0.017019728 0.081310734 34.935237885 0.015821883 0.999756992 0.015353404 -35.974750519 -0.081552282 -0.014013846 0.996570528 376.513397217
0.996450186 -0.016707938 0.082509704 35.197422028 0.015448784 0.999754608 0.015875626 -36.173301697 -0.082754716 -0.014544598 0.996463716 378.767425537
0.996446192 -0.017289197 0.082438402 35.474193573 0.016017677 0.999742806 0.016060431 -36.374198914 -0.082694858 -0.014682886 0.996466756 381.014373779
0.996465325 -0.017249208 0.082214385 35.755149841 0.015985308 0.999744117 0.016006809 -36.563228607 -0.082469448 -0.014636010 0.996486068 383.272583008
0.996481836 -0.016390562 0.082190640 36.035934448 0.015101515 0.999753416 0.016280875 -36.762535095 -0.082437210 -0.014982389 0.996483624 385.527313232
0.996488452 -0.015500764 0.082282640 36.313560486 0.014207156 0.999766469 0.016283836 -36.953845978 -0.082515851 -0.015057652 0.996475995 387.791778564
0.996513605 -0.014369813 0.082183644 36.597370148 0.013076065 0.999782324 0.016258776 -37.157314301 -0.082399391 -0.015127452 0.996484578 390.064178467
0.996510148 -0.012898624 0.082470469 36.872184753 0.011599135 0.999801219 0.016216774 -37.357059479 -0.082663253 -0.015203592 0.996461570 392.346343994
0.996528566 -0.011762396 0.082415752 37.150608063 0.010350242 0.999792576 0.017540855 -37.553249359 -0.082604982 -0.016626937 0.996443629 394.608123779
0.996469259 -0.010578558 0.083288848 37.417888641 0.009113273 0.999797285 0.017953381 -37.749645233 -0.083461903 -0.017130960 0.996363640 396.869903564
0.996405661 -0.010220411 0.084092595 37.691616058 0.008860919 0.999824166 0.016524026 -37.952495575 -0.084246688 -0.015719496 0.996320903 399.137145996
0.996323764 -0.009734930 0.085112609 37.965759277 0.008405470 0.999837160 0.015964454 -38.149234772 -0.085254177 -0.015190353 0.996243417 401.403472900
0.996274769 -0.011289940 0.085492417 38.240692139 0.009873043 0.999807119 0.016978068 -38.343723297 -0.085667603 -0.016070755 0.996194124 403.675506592
0.996211529 -0.012879618 0.086004183 38.523345947 0.011347819 0.999768615 0.018275954 -38.542144775 -0.086219661 -0.017230757 0.996127069 405.927215576
0.996201932 -0.013688358 0.085989453 38.806339264 0.012173829 0.999761760 0.018112756 -38.734123230 -0.086216897 -0.016997144 0.996131301 408.184326172
0.996159971 -0.013538659 0.086498678 39.094123840 0.012146705 0.999788463 0.016598346 -38.923034668 -0.086705089 -0.015483935 0.996113658 410.449798584
0.996098816 -0.011446089 0.087499626 39.390289307 0.009963602 0.999799788 0.017360810 -39.130683899 -0.087680824 -0.016421273 0.996013284 412.716094971
0.996026158 -0.010113337 0.088484973 39.666931152 0.008636185 0.999817133 0.017060785 -39.324832916 -0.088641360 -0.016228817 0.995931327 414.956848145
0.995935202 -0.008897082 0.089632064 39.953426361 0.007394752 0.999826789 0.017079236 -39.518329620 -0.089768484 -0.016347004 0.995828450 417.228210449
0.995886624 -0.009133103 0.090146467 40.248516083 0.007651288 0.999830127 0.016769776 -39.714237213 -0.090284318 -0.016011054 0.995787263 419.483245850
0.995776534 -0.008998673 0.091367878 40.531833649 0.007491280 0.999830306 0.016827643 -39.907093048 -0.091503799 -0.016072107 0.995675027 421.734161377
0.995693803 -0.009273022 0.092237592 40.817558289 0.007759579 0.999829531 0.016753232 -40.108154297 -0.092377216 -0.015965367 0.995595992 423.988708496
0.995630920 -0.009424068 0.092899203 41.115314484 0.007799604 0.999810517 0.017833911 -40.302185059 -0.093049668 -0.017031416 0.995515764 426.261352539
0.995598078 -0.008728147 0.093318224 41.412586212 0.007031323 0.999804199 0.018496558 -40.495174408 -0.093461394 -0.017758988 0.995464504 428.515472412
0.995531797 -0.008080072 0.094080836 41.715560913 0.006284427 0.999792635 0.019366862 -40.688301086 -0.094217807 -0.018689085 0.995376170 430.795593262
0.995528221 -0.008291231 0.094100259 42.016902924 0.006496366 0.999791324 0.019364320 -40.886150360 -0.094241165 -0.018666420 0.995374501 433.062133789
0.995475531 -0.008899087 0.094600342 42.321277618 0.007163651 0.999800086 0.018668726 -41.084854126 -0.094747543 -0.017906576 0.995340288 435.329681396
0.995478511 -0.007796095 0.094666466 42.629718781 0.006046270 0.999805808 0.018756885 -41.265186310 -0.094794311 -0.018099701 0.995332301 437.594665527
0.995434046 -0.008309691 0.095088996 42.931819916 0.006520485 0.999796093 0.019111415 -41.460128784 -0.095228396 -0.018404128 0.995285332 439.877197266
0.995461404 -0.008412283 0.094793938 43.243595123 0.006611991 0.999792099 0.019289745 -41.649982452 -0.094936512 -0.018575421 0.995310009 442.149993896
0.995469034 -0.007238430 0.094811477 43.567829132 0.005352607 0.999783039 0.020129489 -41.853240967 -0.094936632 -0.019530796 0.995291710 444.428710938
0.995431840 -0.007933480 0.095144689 43.875621796 0.006026235 0.999775589 0.020316325 -42.043205261 -0.095284484 -0.019650159 0.995256126 446.707122803
0.995407820 -0.007829928 0.095404379 44.175472260 0.005951336 0.999783099 0.019959493 -42.236888885 -0.095539957 -0.019300053 0.995238423 448.971588135
0.995429754 -0.007081397 0.095233925 44.483936310 0.005234136 0.999793530 0.019632926 -42.429279327 -0.095353305 -0.019044733 0.995261252 451.235351562
0.995357394 -0.006375148 0.096037626 44.782276154 0.004538415 0.999802828 0.019331453 -42.626113892 -0.096141942 -0.018805845 0.995189965 453.494842529
0.995297551 -0.005637330 0.096700773 45.085746765 0.003787282 0.999806464 0.019304557 -42.809890747 -0.096790887 -0.018847540 0.995126247 455.773315430
0.995243073 -0.005864603 0.097246274 45.382427216 0.004014345 0.999807417 0.019211261 -43.010242462 -0.097340196 -0.018729493 0.995074928 458.039062500
0.995277822 -0.005022933 0.096937038 45.701599121 0.003262175 0.999826968 0.018313883 -43.199989319 -0.097012259 -0.017911179 0.995122015 460.321380615
0.995249093 -0.003669505 0.097291656 46.010120392 0.001834676 0.999819040 0.018941816 -43.395442963 -0.097343557 -0.018673329 0.995075643 462.608001709
0.995264292 -0.003431338 0.097145289 46.319305420 0.001470365 0.999793887 0.020250386 -43.589012146 -0.097194746 -0.020011645 0.995064139 464.886016846
0.995302260 -0.003574487 0.096751645 46.620632172 0.001586028 0.999786079 0.020621298 -43.776313782 -0.096804678 -0.020370973 0.995094895 467.148742676
0.995427549 -0.003612123 0.095451437 46.939636230 0.001771817 0.999810994 0.019357743 -43.965015411 -0.095503330 -0.019100107 0.995245814 469.428741455
0.995494664 -0.003456364 0.094754480 47.255653381 0.001654305 0.999816418 0.019090157 -44.161399841 -0.094803065 -0.018847400 0.995317638 471.721893311
0.995564580 -0.004054165 0.093992755 47.560550690 0.002143785 0.999789238 0.020416822 -44.362957001 -0.094055720 -0.020124763 0.995363474 474.003417969
0.995547712 -0.004360846 0.094158612 47.853206635 0.002440498 0.999786854 0.020500353 -44.552909851 -0.094227940 -0.020179281 0.995346129 476.281494141
0.995666742 -0.004228636 0.092897072 48.160209656 0.002363676 0.999793768 0.020176401 -44.733577728 -0.092963219 -0.019869400 0.995471239 478.566833496
0.995688021 -0.004340519 0.092663571 48.460376740 0.002443946 0.999785423 0.020570965 -44.921463013 -0.092732988 -0.020255802 0.995484948 480.846343994
0.995730102 -0.004865501 0.092184260 48.764526367 0.002922216 0.999770880 0.021203712 -45.111782074 -0.092266306 -0.020843793 0.995516181 483.117340088
0.995734632 -0.005547973 0.092096165 49.056526184 0.003695780 0.999787688 0.020269889 -45.298465729 -0.092189066 -0.019843066 0.995543718 485.403533936
0.995812654 -0.006241902 0.091204129 49.356708527 0.004304521 0.999761224 0.021423543 -45.503227234 -0.091316052 -0.020941244 0.995601714 487.707153320
0.995900989 -0.006686169 0.090202212 49.660064697 0.004763661 0.999757230 0.021511799 -45.688327789 -0.090324149 -0.020993931 0.995691180 489.990203857
0.995865226 -0.006271275 0.090626352 49.918395996 0.004309324 0.999752462 0.021828277 -45.883956909 -0.090740807 -0.021347480 0.995645702 492.254852295
0.995927095 -0.005872685 0.089969769 50.222415924 0.003894966 0.999747217 0.022141866 -46.069263458 -0.090077072 -0.021701254 0.995698273 494.543731689
0.995930314 -0.005475697 0.089959346 50.505943298 0.003523350 0.999755144 0.021847039 -46.255908966 -0.090056941 -0.021441169 0.995705724 496.837402344
0.995973229 -0.005417859 0.089487605 50.811199188 0.003502004 0.999761581 0.021552313 -46.452781677 -0.089583039 -0.021152141 0.995754719 499.145111084
0.996013403 -0.005584445 0.089028999 51.103607178 0.003606980 0.999743521 0.022356894 -46.641586304 -0.089131020 -0.021946639 0.995778084 501.443237305
0.996015191 -0.005447508 0.089016765 51.390144348 0.003440566 0.999736786 0.022683568 -46.833454132 -0.089116909 -0.022286912 0.995771825 503.722595215
0.996025860 -0.004539196 0.088950261 51.680110931 0.002596495 0.999755859 0.021943871 -47.020874023 -0.089028142 -0.021625705 0.995794296 506.015258789
0.996028900 -0.004264035 0.088928111 51.969726562 0.002273550 0.999744892 0.022472372 -47.208820343 -0.089001246 -0.022180947 0.995784521 508.309509277
0.996061683 -0.004697685 0.088538274 52.270553589 0.002794019 0.999762475 0.021612734 -47.399150848 -0.088618770 -0.021280238 0.995838225 510.605865479
0.996101439 -0.005257023 0.088057533 52.571174622 0.003297958 0.999744117 0.022378314 -47.590412140 -0.088152617 -0.022000663 0.995863974 512.912353516
0.996120453 -0.005125655 0.087850623 52.864639282 0.003140165 0.999736786 0.022724083 -47.777492523 -0.087943956 -0.022360055 0.995874345 515.211914062
0.996128380 -0.004408451 0.087800130 53.151584625 0.002451431 0.999746442 0.022384861 -47.962131500 -0.087876551 -0.022082958 0.995886564 517.521057129
0.996114850 -0.003634793 0.087989129 53.432723999 0.001692094 0.999753356 0.022143388 -48.150749207 -0.088047922 -0.021908469 0.995875239 519.813781738
0.996074975 -0.001713110 0.088496730 53.728393555 -0.000259488 0.999751806 0.022273749 -48.344902039 -0.088512927 -0.022209283 0.995827377 522.161743164
0.995907128 0.000552913 0.090380497 53.998802185 -0.002631735 0.999734640 0.022883233 -48.535408020 -0.090343848 -0.023027429 0.995644391 524.489929199
0.995979786 0.001562642 0.089564689 54.321788788 -0.003689243 0.999715030 0.023583114 -48.716621399 -0.089502335 -0.023818729 0.995701790 526.834289551
0.995916188 0.000941848 0.090277545 54.610996246 -0.003074778 0.999719322 0.023490215 -48.902191162 -0.090230085 -0.023671869 0.995639563 529.147949219
0.995854437 -0.000735355 0.090958148 54.899414062 -0.001536024 0.999688804 0.024899177 -49.085659027 -0.090948150 -0.024935674 0.995543420 531.466430664
0.995810688 -0.002288852 0.091410547 55.209182739 0.000044388 0.999698758 0.024548154 -49.267299652 -0.091439188 -0.024441259 0.995510697 533.788452148
0.995790482 -0.002254446 0.091630556 55.510917664 0.000065605 0.999714732 0.023883672 -49.451251984 -0.091658257 -0.023777124 0.995506585 536.103393555
0.995710433 -0.002624798 0.092487305 55.809036255 0.000442612 0.999721229 0.023607053 -49.636112213 -0.092523478 -0.023464851 0.995434105 538.420288086
0.995635211 -0.002084521 0.093306631 56.106258392 -0.000072694 0.999732852 0.023110272 -49.827678680 -0.093329869 -0.023016183 0.995369196 540.741882324
0.995536447 -0.001312214 0.094368443 56.404838562 -0.000837912 0.999741018 0.022741146 -50.016681671 -0.094373837 -0.022718711 0.995277524 543.071899414
0.995468736 -0.000933656 0.095085271 56.718852997 -0.001137720 0.999763250 0.021727860 -50.202190399 -0.095083043 -0.021737583 0.995231986 545.397766113
0.995355308 -0.000792539 0.096266396 57.002155304 -0.001361064 0.999750316 0.022303566 -50.395759583 -0.096260048 -0.022330998 0.995105684 547.715820312
0.995284021 -0.001017548 0.096998304 57.307052612 -0.001267804 0.999723136 0.023496205 -50.591876984 -0.096995346 -0.023508368 0.995007157 550.035644531
0.995195806 -0.001011800 0.097900324 57.607723236 -0.001292977 0.999723554 0.023475777 -50.775077820 -0.097897016 -0.023489576 0.994919300 552.338073730
0.995211482 -0.002023059 0.097725384 57.929145813 -0.000171819 0.999748051 0.022446010 -50.958984375 -0.097746171 -0.022355320 0.994960248 554.653747559
0.995251000 -0.002047910 0.097320095 58.253768921 -0.000189395 0.999736011 0.022974333 -51.147506714 -0.097341463 -0.022883663 0.994987845 556.969970703
0.995210230 -0.001809364 0.097741328 58.568641663 -0.000480642 0.999725997 0.023400627 -51.334602356 -0.097756885 -0.023335526 0.994936645 559.279846191
0.995209157 -0.001276333 0.097760580 58.891193390 -0.001088288 0.999708235 0.024130730 -51.518047333 -0.097762860 -0.024121515 0.994917393 561.610961914
0.995227456 -0.001543933 0.097570412 59.216682434 -0.000897544 0.999687672 0.024973869 -51.706832886 -0.097578496 -0.024942253 0.994915247 563.940124512
0.995197773 -0.001031990 0.097878337 59.533992767 -0.001478374 0.999671817 0.025571804 -51.885913849 -0.097872600 -0.025593707 0.994869769 566.251831055
0.995134711 0.000238521 0.098523483 59.854724884 -0.002710026 0.999684989 0.024952382 -52.072654724 -0.098486476 -0.025097987 0.994821846 568.577392578
0.995159149 0.001211978 0.098269284 60.187500000 -0.003524536 0.999720871 0.023362687 -52.251968384 -0.098213516 -0.023595946 0.994885683 570.905883789
0.995127141 0.001606641 0.098587357 60.516254425 -0.003924263 0.999720514 0.023318896 -52.437393188 -0.098522328 -0.023592150 0.994855165 573.227661133
0.995148718 0.001652661 0.098368436 60.847049713 -0.004097424 0.999687612 0.024656301 -52.633407593 -0.098296955 -0.024939746 0.994844556 575.601867676
0.995156705 0.001495370 0.098290421 61.177303314 -0.004075388 0.999652207 0.026053403 -52.823734283 -0.098217279 -0.026327787 0.994816661 577.916442871
0.995054603 0.002271840 0.099303328 61.487594604 -0.004714859 0.999691784 0.024373837 -53.010150909 -0.099217333 -0.024721503 0.994758666 580.294128418
0.995104432 0.001591831 0.098816425 61.815151215 -0.004001778 0.999699235 0.024194712 -53.190147400 -0.098748200 -0.024471706 0.994811535 582.634338379
0.995042264 0.001215585 0.099445388 62.132873535 -0.003768388 0.999668062 0.025486583 -53.380928040 -0.099381424 -0.025734976 0.994716585 584.945007324
0.995108962 0.001331718 0.098773964 62.459522247 -0.003879898 0.999664426 0.025610492 -53.563076019 -0.098706715 -0.025868464 0.994780302 587.262573242
0.995079875 -0.000808755 0.099071980 62.792800903 -0.001605154 0.999703825 0.024283065 -53.748260498 -0.099062286 -0.024322620 0.994783938 589.608520508
0.995101154 -0.000799209 0.098858394 63.121623993 -0.001566966 0.999714196 0.023855031 -53.925018311 -0.098849215 -0.023893073 0.994815528 591.953796387
0.995102882 -0.002521490 0.098812260 63.441726685 0.000111370 0.999702513 0.024388829 -54.112174988 -0.098844379 -0.024258390 0.994807184 594.290893555
0.995137513 -0.003229361 0.098442279 63.774017334 0.000817573 0.999698758 0.024530008 -54.297653198 -0.098491840 -0.024330251 0.994840384 596.650268555
