1.000000000 0.000000000 0.000000000 0.000000000 0.000000000 1.000000000 0.000000000 0.000000000 0.000000000 0.000000000 1.000000000 0.000000000
0.999999940 -0.000001067 0.000407068 0.087203898 0.000001108 1.000000000 -0.000101208 -0.229209989 -0.000407068 0.000101208 0.999999940 2.287477732
0.999999285 0.000211894 0.001193456 0.166011959 -0.000212427 0.999999881 0.000446754 -0.468027830 -0.001193361 -0.000447007 0.999999166 4.582225323
0.999998510 -0.000215178 0.001686290 0.264404923 0.000214205 0.999999821 0.000577264 -0.699728191 -0.001686414 -0.000576902 0.999998391 6.868984222
0.999996662 -0.000363911 0.002548490 0.359692156 0.000366867 0.999999285 -0.001159346 -0.932607889 -0.002548066 0.001160277 0.999996066 9.163735390
0.999988198 0.001360596 0.004662279 0.450669706 -0.001361588 0.999999166 0.000209408 -1.168776274 -0.004661989 -0.000215754 0.999989152 11.469476700
0.999971926 0.002814338 0.006944327 0.557548463 -0.002824164 0.999994993 0.001405662 -1.405127645 -0.006940336 -0.001425234 0.999974906 13.761234283
0.999952793 0.002664440 0.009343296 0.663414955 -0.002701893 0.999988377 0.003998267 -1.633540034 -0.009332532 -0.004023323 0.999948323 16.033342361
0.999947667 0.002993313 0.009773914 0.767285943 -0.003048794 0.999979317 0.005666422 -1.864043236 -0.009756749 -0.005695925 0.999936163 18.310607910
0.999935031 0.002035765 0.011215609 0.874075413 -0.002103013 0.999979913 0.005987426 -2.089600801 -0.011203193 -0.006010624 0.999919176 20.580694199
0.999929070 -0.000206969 0.011907652 0.990930080 0.000170295 0.999995172 0.003080826 -2.305409670 -0.011908232 -0.003078580 0.999924302 22.903072357
0.999914825 -0.002435257 0.012820914 1.098776698 0.002421629 0.999996603 0.001078360 -2.525328398 -0.012823495 -0.001047221 0.999917209 25.187807083
0.999910593 -0.003028776 0.013026238 1.223069549 0.003018577 0.999995053 0.000802584 -2.775982380 -0.013028606 -0.000763192 0.999914765 27.486820221
0.999887645 -0.002658823 0.014749844 1.319992661 0.002665870 0.999996364 -0.000458142 -2.997493029 -0.014748570 0.000497412 0.999891102 29.773668289
0.999886394 -0.000726157 0.015049805 1.449697971 0.000688561 0.999996603 0.002503152 -3.230195522 -0.015051572 -0.002492505 0.999883533 32.030364990
0.999893606 0.001194910 0.014533539 1.586260676 -0.001261665 0.999988735 0.004584911 -3.448544979 -0.014527897 -0.004602760 0.999883831 34.310558319
0.999861360 0.003286138 0.016322376 1.704505444 -0.003417295 0.999962032 0.008014064 -3.671806335 -0.016295416 -0.008068731 0.999834657 36.624301910
0.999849498 0.005195175 0.016547760 1.828594327 -0.005321756 0.999956787 0.007614576 -3.890086412 -0.016507482 -0.007701492 0.999834061 38.895130157
0.999812007 0.004004764 0.018968467 1.928079605 -0.004116305 0.999974370 0.005844999 -4.094485760 -0.018944575 -0.005921982 0.999802947 41.215488434
0.999818027 0.001562269 0.019016810 2.055955410 -0.001651452 0.999987721 0.004674844 -4.319064140 -0.019009275 -0.004705399 0.999808252 43.492378235
0.999825537 0.001533172 0.018615155 2.193846226 -0.001612985 0.999989569 0.004273293 -4.551127911 -0.018608404 -0.004302573 0.999817610 45.733531952
0.999819756 0.001054070 0.018956995 2.313386202 -0.001113729 0.999994457 0.003136773 -4.777763844 -0.018953582 -0.003157321 0.999815404 48.008186340
0.999822497 -0.000429297 0.018836645 2.452719450 0.000360694 0.999993265 0.003645280 -5.006937504 -0.018838083 -0.003637838 0.999815941 50.290714264
0.999806881 -0.001526681 0.019593295 2.585120201 0.001452042 0.999991655 0.003823050 -5.229242802 -0.019598968 -0.003793862 0.999800742 52.558647156
0.999803126 -0.002656254 0.019667802 2.725052357 0.002584338 0.999989867 0.003681056 -5.457664490 -0.019677384 -0.003629503 0.999799848 54.846813202
0.999771953 -0.002899133 0.021157019 2.849877834 0.002811912 0.999987423 0.004151164 -5.688321114 -0.021168789 -0.004090726 0.999767542 57.141811371
0.999756098 -0.004249629 0.021673076 2.989214420 0.004145110 0.999979556 0.004865177 -5.913823128 -0.021693310 -0.004774153 0.999753237 59.411029816
0.999722660 -0.005617884 0.022870073 3.121063948 0.005522675 0.999975801 0.004224065 -6.137560368 -0.022893248 -0.004096589 0.999729514 61.679084778
0.999702454 -0.006345400 0.023551928 3.268894672 0.006254292 0.999972701 0.003940020 -6.360494137 -0.023576286 -0.003791548 0.999714851 63.933586121
0.999674976 -0.005815347 0.024820074 3.408241749 0.005705616 0.999973774 0.004489515 -6.582480431 -0.024845535 -0.004346443 0.999681830 66.201759338
0.999654174 -0.004778289 0.025859153 3.554734230 0.004657305 0.999977946 0.004736771 -6.808653831 -0.025881216 -0.004614699 0.999654353 68.458358765
0.999613404 -0.005080037 0.027336603 3.690452099 0.004958797 0.999977589 0.004501053 -7.034162998 -0.027358854 -0.004363755 0.999616146 70.710998535
0.999600649 -0.005922090 0.027628746 3.850058317 0.005834861 0.999977767 0.003236749 -7.258702755 -0.027647298 -0.003074246 0.999612987 72.964309692
0.999584615 -0.006823971 0.028000932 4.008232594 0.006722770 0.999970555 0.003706736 -7.486309528 -0.028025405 -0.003516952 0.999601007 75.244148254
0.999545872 -0.007942190 0.029069876 4.169824123 0.007855809 0.999964356 0.003084511 -7.716590881 -0.029093342 -0.002854743 0.999572575 77.507072449
0.999524713 -0.008804034 0.029543810 4.314319134 0.008719471 0.999957502 0.002989803 -7.942068100 -0.029568877 -0.002730776 0.999558985 79.744613647
0.999493420 -0.009210599 0.030462166 4.461546898 0.009127005 0.999954164 0.002882078 -8.162411690 -0.030487318 -0.002602589 0.999531746 81.998748779
0.999473870 -0.008493130 0.031305578 4.624847412 0.008418300 0.999961317 0.002521383 -8.386788368 -0.031325787 -0.002256515 0.999506652 84.273124695
0.999424934 -0.008207261 0.032900855 4.783238888 0.008112115 0.999962568 0.003024280 -8.605692863 -0.032924451 -0.002755645 0.999454021 86.524917603
0.999418259 -0.008022052 0.033147726 4.945078373 0.007873246 0.999958336 0.004617322 -8.840816498 -0.033183385 -0.004353656 0.999439776 88.794532776
0.999394298 -0.007054884 0.034078062 5.106616974 0.006886659 0.999963522 0.005051340 -9.064177513 -0.034112446 -0.004813596 0.999406397 91.044075012
0.999365151 -0.006800534 0.034973778 5.271137714 0.006627298 0.999965191 0.005066859 -9.285619736 -0.035007019 -0.004831860 0.999375343 93.279647827
0.999351442 -0.006874316 0.035347458 5.445890427 0.006709748 0.999966085 0.004772244 -9.510781288 -0.035379063 -0.004531976 0.999363601 95.501205444
0.999313533 -0.007453519 0.036288712 5.614038944 0.007270927 0.999960244 0.005161040 -9.732133865 -0.036325745 -0.004893645 0.999328017 97.746109009
0.999277771 -0.007010833 0.037349649 5.774194717 0.006836295 0.999965131 0.004798751 -9.962759972 -0.037381992 -0.004539951 0.999290764 99.984786987
0.999224663 -0.007036173 0.038739234 5.933420181 0.006813093 0.999959469 0.005887512 -10.179116249 -0.038779091 -0.005619014 0.999231994 102.214591980
0.999214232 -0.007386530 0.038940970 6.127860069 0.007174933 0.999958754 0.005570737 -10.397495270 -0.038980521 -0.005286961 0.999225974 104.471069336
0.999175966 -0.008159337 0.039761838 6.303496361 0.007908787 0.999947906 0.006454571 -10.614027023 -0.039812434 -0.006134784 0.999188364 106.700271606
0.999143600 -0.009517685 0.040267158 6.485445976 0.009258518 0.999935269 0.006617778 -10.829431534 -0.040327534 -0.006239297 0.999167025 108.950057983
0.999090791 -0.010433842 0.041337363 6.661641121 0.010129125 0.999919951 0.007574075 -11.051926613 -0.041413091 -0.007148477 0.999116540 111.203895569
0.999077857 -0.011186788 0.041451491 6.855089188 0.010938428 0.999920785 0.006213555 -11.270564079 -0.041517716 -0.005754410 0.999121189 113.460319519
0.999038160 -0.011605653 0.042284675 7.036884308 0.011383019 0.999920011 0.005502104 -11.490813255 -0.042345140 -0.005015485 0.999090433 115.692741394
0.998998284 -0.011973132 0.043116786 7.216013908 0.011723110 0.999912977 0.006046900 -11.715149879 -0.043185439 -0.005535381 0.999051690 117.925781250
0.998946667 -0.012208838 0.044230975 7.399854660 0.011922922 0.999906301 0.006722203 -11.929191589 -0.044308901 -0.006187762 0.998998642 120.167587280
0.998899341 -0.012746816 0.045138799 7.596883774 0.012445715 0.999898434 0.006945298 -12.148862839 -0.045222744 -0.006375868 0.998956680 122.406578064
0.998856723 -0.013626953 0.045821369 7.792088509 0.013322700 0.999887109 0.006938916 -12.370388031 -0.045910757 -0.006320518 0.998925507 124.640075684
0.998826206 -0.013994388 0.046372030 7.980253220 0.013725012 0.999886990 0.006122376 -12.593022346 -0.046452474 -0.005478733 0.998905480 126.899993896
0.998812973 -0.015277142 0.046251852 8.172552109 0.014983940 0.999865413 0.006679389 -12.811839104 -0.046347670 -0.005978425 0.998907506 129.153472900
0.998832226 -0.016390549 0.045447614 8.361520767 0.016093314 0.999846697 0.006898374 -13.024784088 -0.045553714 -0.006158916 0.998942912 131.408905029
0.998902798 -0.016794387 0.043717120 8.567078590 0.016450185 0.999830842 0.008221308 -13.243674278 -0.043847796 -0.007493132 0.999010205 133.642761230
0.998953402 -0.017979419 0.042058248 8.765322685 0.017667618 0.999813795 0.007773656 -13.467165947 -0.042190183 -0.007022452 0.999084830 135.894744873
0.999018192 -0.018877666 0.040079068 8.968391418 0.018611444 0.999802232 0.007005253 -13.676544189 -0.040203389 -0.006252444 0.999171913 138.123809814
0.999015152 -0.019359235 0.039924182 9.143989563 0.019085420 0.999791741 0.007228166 -13.892047882 -0.040055789 -0.006459078 0.999176562 140.388565063
0.999003768 -0.019594153 0.040095557 9.314972878 0.019309623 0.999785721 0.007471420 -14.101003647 -0.040233355 -0.006689747 0.999167860 142.620605469
0.999047279 -0.019332398 0.039125495 9.500875473 0.019008834 0.999782026 0.008625085 -14.320414543 -0.039283704 -0.007873137 0.999197066 144.832733154
0.999066114 -0.018352602 0.039115448 9.677367210 0.018071033 0.999808371 0.007539853 -14.534130096 -0.039246313 -0.006825956 0.999206245 147.067855835
0.999080718 -0.017134028 0.039295752 9.855100632 0.016910624 0.999838889 0.006010528 -14.752116203 -0.039392397 -0.005340487 0.999209642 149.319244385
0.999101520 -0.015365313 0.039497282 10.033280373 0.015167623 0.999870837 0.005299990 -14.974123001 -0.039573621 -0.004696147 0.999205649 151.565444946
0.999113500 -0.014657263 0.039463080 10.219393730 0.014461710 0.999881625 0.005236331 -15.188389778 -0.039535169 -0.004660985 0.999207318 153.793273926
0.999106407 -0.013809565 0.039944060 10.399652481 0.013588231 0.999890745 0.005807277 -15.409029961 -0.040019885 -0.005259318 0.999184966 156.054641724
0.999115467 -0.012961140 0.040004723 10.594194412 0.012685506 0.999894083 0.007136230 -15.629920006 -0.040092979 -0.006622437 0.999174058 158.261093140
0.999045610 -0.012501895 0.041851521 10.750185013 0.012161224 0.999890924 0.008384733 -15.853077888 -0.041951779 -0.007867765 0.999088645 160.543182373
0.999006987 -0.011607905 0.043012917 10.928854942 0.011177643 0.999885201 0.010230156 -16.067584991 -0.043126721 -0.009739215 0.999022186 162.774932861
0.998994172 -0.010746857 0.043533295 11.123638153 0.010363715 0.999905646 0.009017294 -16.271995544 -0.043626096 -0.008557056 0.999011278 165.039932251
0.998952150 -0.009950192 0.044672366 11.316106796 0.009604493 0.999922216 0.007946537 -16.485729218 -0.044747956 -0.007509154 0.998970091 167.285293579
0.998862922 -0.008110388 0.046979230 11.498027802 0.007730483 0.999935985 0.008262715 -16.699403763 -0.047043245 -0.007890148 0.998861670 169.518112183
0.998750031 -0.007709218 0.049384017 11.695943832 0.007268303 0.999932289 0.009101655 -16.931489944 -0.049450830 -0.008731342 0.998738408 171.798751831
0.998628020 -0.008032369 0.051744126 11.897169113 0.007595597 0.999933839 0.008632147 -17.139030457 -0.051810034 -0.008227275 0.998623013 174.055175781
0.998545289 -0.008043844 0.053316098 12.106639862 0.007558557 0.999928236 0.009297492 -17.357227325 -0.053387057 -0.008880974 0.998534381 176.297439575
0.998494506 -0.008537609 0.054185107 12.311244965 0.008005457 0.999917686 0.010030461 -17.562917709 -0.054266278 -0.009581584 0.998480499 178.521118164
0.998484433 -0.010229245 0.054074597 12.520771027 0.009699817 0.999902487 0.010044114 -17.785717010 -0.054172061 -0.009504379 0.998486340 180.794631958
0.998445809 -0.011081886 0.054619402 12.721113205 0.010567945 0.999897242 0.009689356 -17.992383957 -0.054721169 -0.009097083 0.998460293 183.037979126
0.998497844 -0.011949608 0.053471576 12.941056252 0.011442200 0.999886632 0.009785404 -18.212343216 -0.053582452 -0.009158873 0.998521447 185.268508911
0.998512089 -0.013757277 0.052766401 13.151789665 0.013211754 0.999855757 0.010673438 -18.425148010 -0.052905634 -0.009960419 0.998549759 187.512283325
0.998530030 -0.014584857 0.052201740 13.362907410 0.014068926 0.999848604 0.010237308 -18.631704330 -0.052343145 -0.009487838 0.998584092 189.756576538
0.998485088 -0.015667800 0.052744821 13.560625076 0.015142884 0.999831915 0.010336952 -18.849733353 -0.052897923 -0.009522584 0.998554468 191.995895386
0.998463869 -0.017313266 0.052631974 13.760155678 0.016808499 0.999808550 0.010018044 -19.061326981 -0.052795336 -0.009117989 0.998563707 194.233612061
0.998480797 -0.016796870 0.052477095 13.965121269 0.016290495 0.999816716 0.010062294 -19.268342972 -0.052636482 -0.009192129 0.998571455 196.467224121
0.998494983 -0.014180684 0.052977573 14.177324295 0.013648438 0.999852777 0.010394929 -19.483203888 -0.053117182 -0.009656223 0.998541594 198.706390381
0.998495519 -0.012531926 0.053382050 14.380496025 0.012014558 0.999877751 0.010001740 -19.691755295 -0.053500861 -0.009345328 0.998524189 200.940414429
0.998471797 -0.012028708 0.053938899 14.594767570 0.011550675 0.999891281 0.009165534 -19.900608063 -0.054043289 -0.008528495 0.998502195 203.199340820
0.998433292 -0.012361140 0.054572619 14.798141479 0.011829196 0.999879479 0.010059709 -20.108856201 -0.054690387 -0.009398399 0.998459160 205.424179077
0.998421729 -0.013713155 0.054460201 15.032865524 0.013181641 0.999862015 0.010106913 -20.323600769 -0.054591291 -0.009373088 0.998464763 207.676574707
0.998367667 -0.013364359 0.055529099 15.240999222 0.012805935 0.999863923 0.010400160 -20.524507523 -0.055660546 -0.009672081 0.998402834 209.915512085
0.998274326 -0.013490606 0.057152230 15.457092285 0.012827162 0.999846220 0.011959341 -20.749586105 -0.057304788 -0.011205602 0.998293817 212.158752441
0.998217583 -0.012115157 0.058437053 15.696499825 0.011429436 0.999862015 0.012054387 -20.953838348 -0.058575023 -0.011364997 0.998218358 214.389526367
0.998028219 -0.010758240 0.061838187 15.901646614 0.010028974 0.999876618 0.012091444 -21.159036636 -0.061960634 -0.011447429 0.998012960 216.654006958
0.997890770 -0.010881576 0.063996740 16.130344391 0.010102156 0.999870956 0.012490069 -21.363361359 -0.064124405 -0.011817221 0.997871876 218.898193359
0.997748673 -0.012332489 0.065920405 16.361083984 0.011498420 0.999849081 0.013017154 -21.562578201 -0.066070981 -0.012229867 0.997739971 221.124862671
0.997646570 -0.013796474 0.067162767 16.596008301 0.012895971 0.999821305 0.013822922 -21.763366699 -0.067341484 -0.012924262 0.997646272 223.349761963
0.997592688 -0.015824500 0.067516282 16.846633911 0.014964077 0.999800503 0.013230719 -21.969446182 -0.067712165 -0.012188549 0.997630417 225.575866699
0.997562349 -0.017303264 0.067601018 17.094150543 0.016466042 0.999780893 0.012922438 -22.167644501 -0.067809805 -0.011777815 0.997628689 227.831726074
0.997519791 -0.017296096 0.068228036 17.332859039 0.016448487 0.999780774 0.012965481 -22.366273880 -0.068437308 -0.011811076 0.997585475 230.065277100
0.997470260 -0.018494345 0.068637155 17.581043243 0.017698457 0.999769032 0.012185641 -22.572414398 -0.068846680 -0.010940041 0.997567415 232.308471680
0.997405887 -0.019531464 0.069283821 17.824285507 0.018664982 0.999739587 0.013131700 -22.769981384 -0.069522254 -0.011804453 0.997510612 234.546661377
0.997354925 -0.018837191 0.070201881 18.073101044 0.017909212 0.999743998 0.013824842 -22.978546143 -0.070444338 -0.012531014 0.997437000 236.802017212
0.997307658 -0.018312654 0.071006961 18.309463501 0.017391397 0.999756634 0.013570812 -23.171810150 -0.071238175 -0.012299367 0.997383475 239.014999390
0.997278869 -0.018424798 0.071383774 18.553661346 0.017474955 0.999750555 0.013908005 -23.373779297 -0.071622215 -0.012622730 0.997351944 241.227981567
0.997211874 -0.018747551 0.072228804 18.798749924 0.017766722 0.999741316 0.014198152 -23.573608398 -0.072476298 -0.012875299 0.997287035 243.466094971
0.997159123 -0.019045124 0.072876327 19.044382095 0.018107066 0.999744773 0.013511060 -23.778358459 -0.073115051 -0.012153099 0.997249424 245.694549561
0.997174263 -0.018613411 0.072779782 19.309215546 0.017716927 0.999759257 0.012944017 -23.983125687 -0.073003180 -0.011618008 0.997263968 247.936584473
0.997157037 -0.019130038 0.072882950 19.570936203 0.018198809 0.999744296 0.013419833 -24.186174393 -0.073121041 -0.012055298 0.997250199 250.176467896
0.997119665 -0.020523192 0.073014967 19.828680038 0.019606227 0.999719918 0.013253300 -24.387752533 -0.073266529 -0.011783578 0.997242749 252.403518677
0.997125447 -0.020428350 0.072962560 20.100307465 0.019452250 0.999711812 0.014063768 -24.591400146 -0.073228829 -0.012604054 0.997235477 254.668457031
0.997088909 -0.021123407 0.073263645 20.346641541 0.020140870 0.999697328 0.014124077 -24.791225433 -0.073539831 -0.012607364 0.997212648 256.889068604
0.997060359 -0.021749333 0.073468447 20.607149124 0.020697588 0.999672532 0.015046822 -25.005168915 -0.073771648 -0.013481971 0.997183979 259.172851562
0.997024596 -0.021350237 0.074067622 20.864921570 0.020327637 0.999687731 0.014532834 -25.202587128 -0.074354768 -0.012983975 0.997147262 261.414703369
0.996999800 -0.021433035 0.074379347 21.129487991 0.020443654 0.999692440 0.014037863 -25.401111603 -0.074657343 -0.012475159 0.997131169 263.665374756
0.996974051 -0.020679014 0.074936077 21.396806717 0.019706843 0.999712050 0.013689722 -25.604438782 -0.075197577 -0.012171540 0.997094393 265.901519775
0.996922255 -0.020056399 0.075787902 21.659870148 0.019086450 0.999726593 0.013500965 -25.798070908 -0.076037973 -0.012012890 0.997032583 268.139984131
0.996785223 -0.019740814 0.077651665 21.920381546 0.018751429 0.999733686 0.013449997 -26.006746292 -0.077896513 -0.011950677 0.996889830 270.389739990
0.996703744 -0.020495730 0.078495696 22.202650070 0.019461222 0.999713600 0.013921654 -26.212566376 -0.078758560 -0.012348143 0.996817172 272.637542725
0.996478021 -0.021020966 0.081176773 22.446969986 0.019907314 0.999696612 0.014504029 -26.407804489 -0.081457034 -0.012836935 0.996594191 274.888092041
0.996362329 -0.020706484 0.082663476 22.726634979 0.019510074 0.999693274 0.015254966 -26.594221115 -0.082953997 -0.013586704 0.996460736 277.128540039
0.996283531 -0.020291245 0.083710141 23.011224747 0.018906381 0.999671519 0.017303279 -26.809028625 -0.084033735 -0.015656322 0.996339858 279.381561279
0.996179521 -0.020089485 0.084987074 23.296991348 0.018592428 0.999658346 0.018370168 -27.007503510 -0.085327074 -0.016719870 0.996212721 281.619384766
0.996125162 -0.019132834 0.085840397 23.582427979 0.017606154 0.999673724 0.018507147 -27.198574066 -0.086166494 -0.016924115 0.996137023 283.881042480
0.996051192 -0.018247925 0.086884521 23.860336304 0.016728671 0.999694765 0.018182011 -27.387863159 -0.087189794 -0.016656755 0.996052444 286.114044189
0.996054709 -0.017760195 0.086946964 24.156147003 0.016380580 0.999728680 0.016555265 -27.565595627 -0.087217398 -0.015065707 0.996075392 288.350830078
0.995998085 -0.018618912 0.087412648 24.434816360 0.017184598 0.999705493 0.017132532 -27.766191483 -0.087705895 -0.015561823 0.996024847 290.576568604
0.995872974 -0.018632671 0.088824868 24.691040039 0.017298920 0.999726057 0.015761787 -27.952342987 -0.089094222 -0.014160163 0.995922565 292.839202881
0.995883048 -0.019149302 0.088602014 24.980224609 0.017906114 0.999730051 0.014804783 -28.143030167 -0.088861614 -0.013157316 0.995957077 295.068817139
0.995856702 -0.019073090 0.088913836 25.264781952 0.017832950 0.999732733 0.014721283 -28.339904785 -0.089170828 -0.013074693 0.995930493 297.304626465
0.995857120 -0.018326500 0.089065701 25.552524567 0.017066719 0.999743521 0.014885501 -28.533313751 -0.089315653 -0.013303773 0.995914578 299.544006348
0.995782197 -0.018413344 0.089881480 25.823331833 0.017074887 0.999731839 0.015637711 -28.733001709 -0.090145297 -0.014037034 0.995829701 301.775848389
0.995785117 -0.018831994 0.089762934 26.118257523 0.017495831 0.999724448 0.015649164 -28.926746368 -0.090032905 -0.014012728 0.995840192 304.023895264
0.995744050 -0.018444389 0.090297081 26.410392761 0.017073350 0.999727309 0.015932700 -29.123466492 -0.090566322 -0.014323220 0.995787442 306.270263672
0.995738566 -0.019453928 0.090145148 26.704021454 0.018104987 0.999711871 0.015757749 -29.324058533 -0.090425722 -0.014058522 0.995803952 308.516510010
0.995672286 -0.020409420 0.090664320 26.994127274 0.019015532 0.999687731 0.016211512 -29.517711639 -0.090966880 -0.014417320 0.995749533 310.766937256
0.995634377 -0.019888226 0.091195531 27.287296295 0.018547637 0.999707460 0.015524236 -29.716306686 -0.091477618 -0.013765004 0.995711982 313.006774902
0.995658398 -0.019483343 0.091020584 27.588689804 0.018061515 0.999701977 0.016418710 -29.916513443 -0.091313377 -0.014703464 0.995713651 315.248291016
0.995602787 -0.017960949 0.091937147 27.880973816 0.016587866 0.999739468 0.015677501 -30.114070892 -0.092194766 -0.014083523 0.995641410 317.487609863
0.995584428 -0.016158272 0.092469193 28.172521591 0.014723834 0.999760807 0.016173895 -30.310321808 -0.092708416 -0.014740976 0.995584190 319.731018066
0.995515347 -0.014918912 0.093415536 28.460523605 0.013519100 0.999786913 0.015599753 -30.507553101 -0.093628377 -0.014266901 0.995504916 321.949890137
0.995489240 -0.014171959 0.093809836 28.755426407 0.012713460 0.999789119 0.016126851 -30.701002121 -0.094018601 -0.014861460 0.995459497 324.181884766
0.995491505 -0.013975644 0.093815319 29.059497833 0.012378972 0.999768853 0.017579781 -30.905612946 -0.094039321 -0.016339185 0.995434403 326.403686523
0.995446682 -0.014570099 0.094199620 29.347366333 0.012981012 0.999763429 0.017460179 -31.101663589 -0.094431728 -0.016157875 0.995400131 328.638641357
0.995456100 -0.016190149 0.093833730 29.654399872 0.014680799 0.999751806 0.016753452 -31.293022156 -0.094081670 -0.015299773 0.995446920 330.867584229
0.995415032 -0.015686531 0.094356082 29.944084167 0.014202476 0.999764919 0.016379345 -31.484958649 -0.094590858 -0.014964154 0.995403767 333.087402344
0.995388627 -0.015912523 0.094595537 30.240650177 0.014316089 0.999743819 0.017531220 -31.676910400 -0.094850264 -0.016096141 0.995361388 335.319122314
0.995410740 -0.016310696 0.094294481 30.548271179 0.014717263 0.999737263 0.017569296 -31.867368698 -0.094556265 -0.016100904 0.995389283 337.551574707
0.995404124 -0.015954752 0.094425112 30.838344574 0.014305391 0.999733627 0.018118620 -32.066600800 -0.094689026 -0.016684562 0.995367050 339.788208008
0.995413721 -0.015861426 0.094338879 31.140762329 0.014251306 0.999741495 0.017716732 -32.259021759 -0.094595492 -0.016291026 0.995382488 342.034179688
0.995425403 -0.015989410 0.094194427 31.438762665 0.014329039 0.999730289 0.018277168 -32.450641632 -0.094461247 -0.016843844 0.995386004 344.281372070
0.995439768 -0.015621438 0.094104394 31.734609604 0.013962153 0.999735713 0.018265102 -32.639591217 -0.094364852 -0.016867904 0.995394766 346.518157959
0.995451927 -0.015237877 0.094038732 32.028713226 0.013594680 0.999743938 0.018089576 -32.829475403 -0.094290294 -0.016728872 0.995404184 348.750427246
0.995387375 -0.014564419 0.094826721 32.322597504 0.012840622 0.999741495 0.018763330 -33.026500702 -0.095075503 -0.017459141 0.995316923 350.986663818
0.995439470 -0.014691441 0.094258189 32.629760742 0.012956268 0.999735773 0.018994408 -33.216388702 -0.094512343 -0.017686548 0.995366693 353.201995850
0.995447457 -0.014389584 0.094219431 32.926692963 0.012711844 0.999750197 0.018382797 -33.407222748 -0.094460413 -0.017101401 0.995381713 355.449737549
0.995511174 -0.014208720 0.093572475 33.228546143 0.012494775 0.999743760 0.018877277 -33.596981049 -0.093816727 -0.017623371 0.995433509 357.683380127
0.995569229 -0.013501501 0.093056366 33.529781342 0.011711934 0.999736369 0.019750351 -33.789878845 -0.093298510 -0.018572975 0.995464861 359.928680420
0.995616496 -0.013463488 0.092555672 33.833679199 0.011678595 0.999735892 0.019799186 -33.981464386 -0.092797779 -0.018631473 0.995510638 362.169097900
0.995671630 -0.013173864 0.092002444 34.135585785 0.011362555 0.999731719 0.020183772 -34.167362213 -0.092243649 -0.019051030 0.995554149 364.401916504
0.995732605 -0.013072984 0.091354005 34.435859680 0.011336580 0.999745488 0.019500552 -34.355949402 -0.091585673 -0.018381694 0.995627642 366.660003662
0.995757580 -0.013674807 0.090993360 34.724895477 0.011974572 0.999743819 0.019205064 -34.542190552 -0.091232687 -0.018033981 0.995666265 368.898376465
0.995727658 -0.013606681 0.091330908 35.008861542 0.011952713 0.999754965 0.018632250 -34.730297089 -0.091562048 -0.017460991 0.995646298 371.159515381
0.995798349 -0.013873079 0.090516098 35.305255890 0.012242592 0.999753118 0.018543635 -34.920097351 -0.090750992 -0.017357565 0.995722353 373.382354736
0.995842516 -0.013514837 0.090082824 35.602821350 0.011818508 0.999743104 0.019337703 -35.104858398 -0.090321042 -0.018192662 0.995746493 375.632659912
0.995805442 -0.014004334 0.090417728 35.885860443 0.012280869 0.999732673 0.019589454 -35.292510986 -0.090667903 -0.018396875 0.995711207 377.886840820
0.995807767 -0.014672810 0.090286404 36.180824280 0.012937455 0.999720752 0.019775895 -35.484062195 -0.090551369 -0.018524909 0.995719492 380.127746582
0.995805502 -0.014635021 0.090317324 36.479660034 0.012894567 0.999720275 0.019823946 -35.666984558 -0.090582177 -0.018576190 0.995715737 382.374816895
0.995815754 -0.013660599 0.090357013 36.780265808 0.011891332 0.999727428 0.020090319 -35.856018066 -0.090606838 -0.018931793 0.995706737 384.630798340
0.995828927 -0.012619663 0.090363249 37.073066711 0.010830221 0.999735951 0.020265788 -36.043003082 -0.090595126 -0.019202601 0.995702624 386.873901367
0.995854676 -0.011625070 0.090212934 37.377113342 0.009846140 0.999748707 0.020139294 -36.236862183 -0.090424381 -0.019167555 0.995718837 389.144409180
0.995842755 -0.010124829 0.090524301 37.665828705 0.008328404 0.999761283 0.020200407 -36.427871704 -0.090707235 -0.019362507 0.995689332 391.414978027
0.995850027 -0.008863878 0.090575852 37.958393097 0.006957718 0.999748051 0.021339042 -36.611953735 -0.090742171 -0.020620285 0.995660901 393.672698975
0.995786011 -0.007764957 0.091377504 38.243370056 0.005783799 0.999742806 0.021925908 -36.798740387 -0.091524258 -0.021305006 0.995574892 395.930999756
0.995710135 -0.007852675 0.092193574 38.537635803 0.005987269 0.999772072 0.020492764 -36.990348816 -0.092333481 -0.019852865 0.995530188 398.189300537
0.995673120 -0.007662585 0.092608541 38.820236206 0.005852208 0.999786735 0.019804481 -37.179428101 -0.092740521 -0.019176824 0.995505750 400.454895020
0.995540857 -0.008745878 0.093925081 39.104701996 0.006808998 0.999757946 0.020922260 -37.365333557 -0.094085336 -0.020189432 0.995359421 402.705108643
0.995537341 -0.010199362 0.093815878 39.404926300 0.008191560 0.999729633 0.021761790 -37.547470093 -0.094012484 -0.020896172 0.995351672 404.972534180
0.995501339 -0.010605562 0.094152123 39.703559875 0.008610212 0.999730170 0.021573843 -37.731819153 -0.094355531 -0.020666121 0.995324016 407.222167969
0.995415390 -0.009000483 0.095221035 40.013809204 0.007051851 0.999759197 0.020781063 -37.916458130 -0.095385149 -0.020014307 0.995239198 409.478485107
0.995364487 -0.008090463 0.095833316 40.319545746 0.006110250 0.999762118 0.020938555 -38.105392456 -0.095979929 -0.020255931 0.995177090 411.734313965
0.995284915 -0.006961347 0.096744701 40.616394043 0.004980339 0.999773264 0.020703068 -38.293697357 -0.096866883 -0.020123627 0.995093882 413.978973389
0.995200455 -0.005684122 0.097692266 40.925479889 0.003685666 0.999780476 0.020624951 -38.478233337 -0.097788051 -0.020165898 0.995002925 416.245178223
0.995144188 -0.005862147 0.098253042 41.239784241 0.003873893 0.999784112 0.020414630 -38.666790009 -0.098351531 -0.019934876 0.994951963 418.498687744
0.995026946 -0.005910538 0.099430509 41.540626526 0.003898704 0.999783993 0.020415721 -38.852722168 -0.099529698 -0.019926542 0.994835019 420.748321533
0.994930744 -0.006068492 0.100380421 41.840915680 0.004059471 0.999787509 0.020206245 -39.043521881 -0.100481741 -0.019696318 0.994743943 423.003845215
0.994859099 -0.006385765 0.101067126 42.156967163 0.004257834 0.999764919 0.021256359 -39.230552673 -0.101179108 -0.020716755 0.994652510 425.270874023
0.994817615 -0.005749362 0.101512574 42.468132019 0.003534707 0.999752104 0.021982979 -39.415679932 -0.101613782 -0.021510238 0.994591355 427.520446777
0.994729936 -0.004929922 0.102410994 42.787296295 0.002631797 0.999742031 0.022563225 -39.598731995 -0.102495804 -0.022174792 0.994486213 429.794128418
0.994747043 -0.004990283 0.102241255 43.116905212 0.002674336 0.999736965 0.022776354 -39.787536621 -0.102328025 -0.022383284 0.994498849 432.062988281
0.994705856 -0.005749303 0.102601886 43.440093994 0.003490123 0.999747813 0.022184839 -39.979877472 -0.102703579 -0.021709299 0.994475007 434.326934814
0.994692802 -0.004876302 0.102774061 43.764064789 0.002603395 0.999749303 0.022238117 -40.151412964 -0.102856740 -0.021852532 0.994456112 436.591461182
0.994635761 -0.005332349 0.103302062 44.085918427 0.003018907 0.999741435 0.022538342 -40.337738037 -0.103395514 -0.022105580 0.994394660 438.879730225
0.994682848 -0.005287306 0.102850154 44.416721344 0.002968683 0.999738276 0.022683727 -40.519325256 -0.102943182 -0.022257779 0.994438171 441.149871826
0.994687438 -0.004759232 0.102830738 44.759304047 0.002335435 0.999716759 0.023678299 -40.720542908 -0.102914304 -0.023312353 0.994417012 443.442596436
0.994646251 -0.005362520 0.103199400 45.084262848 0.002897721 0.999707282 0.024018962 -40.904254913 -0.103297994 -0.023591325 0.994370639 445.717712402
0.994635701 -0.005333398 0.103302523 45.403892517 0.002908722 0.999717057 0.023608046 -41.088790894 -0.103399217 -0.023180926 0.994369745 447.978485107
0.994645536 -0.004608946 0.103242442 45.727951050 0.002207810 0.999724686 0.023359472 -41.274055481 -0.103321671 -0.023006458 0.994382024 450.238647461
0.994579256 -0.004333918 0.103890747 46.045822144 0.001934769 0.999729395 0.023182673 -41.464641571 -0.103963092 -0.022856001 0.994318485 452.497924805
0.994498789 -0.003589150 0.104686618 46.364982605 0.001165741 0.999730110 0.023201186 -41.638977051 -0.104741633 -0.022951512 0.994234502 454.771942139
0.994467139 -0.003813263 0.104978941 46.682327271 0.001416152 0.999736786 0.022899291 -41.828395844 -0.105038613 -0.022623925 0.994210780 457.036529541
0.994526863 -0.002926748 0.104440130 47.023620605 0.000630208 0.999757409 0.022015287 -42.009872437 -0.104479231 -0.021828976 0.994287491 459.320983887
0.994511425 -0.002047152 0.104607888 47.349700928 -0.000317408 0.999744892 0.022582393 -42.197502136 -0.104627430 -0.022491645 0.994257152 461.602661133
0.994531333 -0.001733824 0.104424432 47.676330566 -0.000758769 0.999715745 0.023825368 -42.381412506 -0.104436085 -0.023774309 0.994247377 463.879730225
0.994583428 -0.001918317 0.103924893 47.993923187 -0.000600400 0.999706984 0.024199231 -42.560867310 -0.103940867 -0.024130549 0.994290650 466.144012451
0.994651914 -0.001872811 0.103267908 48.317760468 -0.000514467 0.999733329 0.023085844 -42.743381500 -0.103283621 -0.023015505 0.994385660 468.421936035
0.994753897 -0.001723708 0.102282122 48.654911041 -0.000617359 0.999738634 0.022852272 -42.933284760 -0.102294773 -0.022795524 0.994492888 470.715606689
0.994823754 -0.002527595 0.101584181 48.974781036 0.000050629 0.999702811 0.024378564 -43.128242493 -0.101615608 -0.024247233 0.994528115 472.994415283
0.994832516 -0.002810391 0.101490557 49.287231445 0.000312164 0.999696791 0.024622858 -43.311943054 -0.101529010 -0.024463939 0.994531691 475.269348145
0.994915903 -0.002564189 0.100676499 49.606136322 0.000150666 0.999712586 0.023973346 -43.478340149 -0.100709036 -0.023836296 0.994630337 477.561462402
0.994941235 -0.002648106 0.100423850 49.926525116 0.000195353 0.999701619 0.024425989 -43.658229828 -0.100458570 -0.024282806 0.994644880 479.843414307
0.994970322 -0.003417026 0.100111634 50.246696472 0.000902489 0.999683261 0.025151866 -43.842350006 -0.100165866 -0.024935011 0.994658232 482.115447998
0.994987011 -0.003544785 0.099941336 50.558540344 0.001111342 0.999701738 0.024393888 -44.020236969 -0.099998005 -0.024160530 0.994694352 484.392120361
0.995036781 -0.003997801 0.099427827 50.874111176 0.001522481 0.999687314 0.024959080 -44.208377838 -0.099496521 -0.024683826 0.994731665 486.677764893
0.995091856 -0.004429617 0.098855622 51.183269501 0.001985955 0.999690354 0.024804223 -44.378120422 -0.098934896 -0.024486160 0.994792581 488.963836670
0.995096743 -0.003802969 0.098834217 51.495445251 0.001312959 0.999680400 0.025246635 -44.553077698 -0.098898657 -0.024993077 0.994783580 491.264282227
0.995175600 -0.003274414 0.098055258 51.816955566 0.000781177 0.999675691 0.025454465 -44.729148865 -0.098106794 -0.025255064 0.994855404 493.547851562
0.995154619 -0.002876295 0.098280236 52.115234375 0.000425180 0.999688566 0.024951916 -44.906219482 -0.098321386 -0.024789231 0.994845927 495.843353271
0.995189250 -0.002656653 0.097935319 52.438217163 0.000250325 0.999698102 0.024574680 -45.094429016 -0.097971022 -0.024431944 0.994889319 498.152252197
0.995234728 -0.002571762 0.097474501 52.748466492 0.000091018 0.999676168 0.025446091 -45.274868011 -0.097508393 -0.025315961 0.994912684 500.443634033
0.995233774 -0.002056067 0.097495429 53.052639008 -0.000454389 0.999669075 0.025720274 -45.457160950 -0.097516045 -0.025641987 0.994903505 502.718048096
0.995267332 -0.001083323 0.097168587 53.361949921 -0.001357763 0.999685228 0.025052542 -45.638610840 -0.097165138 -0.025065912 0.994952559 505.002166748
0.995241702 -0.000804516 0.097433269 53.663436890 -0.001709581 0.999667823 0.025717035 -45.820587158 -0.097421594 -0.025761239 0.994909704 507.288879395
0.995243549 -0.001220601 0.097410269 53.971935272 -0.001210336 0.999689519 0.024892669 -46.004280090 -0.097410381 -0.024892172 0.994932950 509.582977295
0.995278060 -0.001606797 0.097051278 54.290836334 -0.000890252 0.999669790 0.025680386 -46.189994812 -0.097060502 -0.025645528 0.994947970 511.885314941
0.995284259 -0.001220761 0.096993595 54.601894379 -0.001287856 0.999666333 0.025796924 -46.365516663 -0.096992746 -0.025800183 0.994950652 514.193908691
0.995300829 -0.000712562 0.096828431 54.913669586 -0.001748206 0.999677718 0.025326474 -46.541004181 -0.096815273 -0.025376741 0.994978786 516.506958008
0.995304167 0.000181652 0.096796818 55.216632843 -0.002625969 0.999680936 0.025125237 -46.723983765 -0.096761368 -0.025261441 0.994986951 518.794982910
0.995197713 0.003176922 0.097833000 55.520557404 -0.005645734 0.999672294 0.024968490 -46.900527954 -0.097721606 -0.025400920 0.994889557 521.121398926
0.995126247 0.005119122 0.098475464 55.835144043 -0.007635356 0.999653459 0.025192009 -47.082500458 -0.098312378 -0.025821129 0.994820476 523.449096680
0.995065033 0.005871569 0.099050544 56.149616241 -0.008524495 0.999615490 0.026381645 -47.257751465 -0.098857574 -0.027095804 0.994732738 525.757568359
0.995005131 0.005534876 0.099670045 56.463195801 -0.008185955 0.999622941 0.026209267 -47.434875488 -0.099487409 -0.026894247 0.994675219 528.063781738
0.994966865 0.003755985 0.100133978 56.778869629 -0.006537188 0.999601483 0.027461180 -47.612110138 -0.099990942 -0.027977562 0.994594872 530.377624512
0.994950712 0.002332008 0.100338973 57.114898682 -0.005061234 0.999623775 0.026954098 -47.784812927 -0.100238390 -0.027325829 0.994588137 532.698974609
0.994929969 0.002287900 0.100543827 57.434135437 -0.004956793 0.999641716 0.026302777 -47.960338593 -0.100447603 -0.026667798 0.994584918 535.001586914
0.994842410 0.002211344 0.101409860 57.751228333 -0.004869414 0.999650955 0.025971111 -48.136962891 -0.101317041 -0.026330970 0.994505703 537.308776855
0.994773209 0.002586814 0.102076545 58.069980621 -0.005221243 0.999659896 0.025549635 -48.322929382 -0.101975739 -0.025949055 0.994448364 539.615783691
0.994681180 0.003592605 0.102938853 58.390037537 -0.006199193 0.999667883 0.025013002 -48.502262115 -0.102814801 -0.025518099 0.994373143 541.933410645
0.994615614 0.003878956 0.103560939 58.721343994 -0.006403568 0.999690115 0.024056694 -48.685359955 -0.103435539 -0.024590323 0.994332135 544.254882812
0.994480550 0.004255984 0.104834177 59.032131195 -0.006823569 0.999685287 0.024145408 -48.858879089 -0.104698405 -0.024727482 0.994196534 546.559509277
0.994413257 0.004412393 0.105465569 59.358234406 -0.007123764 0.999653339 0.025345720 -49.048427582 -0.105317190 -0.025955426 0.994099915 548.872802734
0.994321287 0.004675155 0.106316708 59.675563812 -0.007399230 0.999654114 0.025242265 -49.227554321 -0.106161900 -0.025885588 0.994011879 551.172424316
0.994300187 0.003792590 0.106549479 60.007400513 -0.006430095 0.999681056 0.024421174 -49.409801483 -0.106422886 -0.024967099 0.994007409 553.473083496
0.994329751 0.003662499 0.106277347 60.346450806 -0.006351893 0.999667823 0.024977991 -49.596504211 -0.106150568 -0.025511425 0.994022727 555.785522461
0.994286418 0.003824129 0.106676519 60.677730560 -0.006562424 0.999657571 0.025329931 -49.778999329 -0.106543124 -0.025885263 0.993971050 558.096740723
0.994264662 0.004246408 0.106863074 61.016769409 -0.007092009 0.999629915 0.026262555 -49.960796356 -0.106712021 -0.026869806 0.993926942 560.434448242
0.994263828 0.004080865 0.106877349 61.358551025 -0.006986888 0.999615610 0.026829947 -50.139183044 -0.106726795 -0.027422786 0.993910134 562.767272949
0.994253159 0.004449176 0.106962055 61.699478149 -0.007410974 0.999599695 0.027308661 -50.315406799 -0.106797725 -0.027944421 0.993887961 565.080505371
0.994202554 0.005419889 0.107386880 62.040760040 -0.008344429 0.999605894 0.026803087 -50.501159668 -0.107199289 -0.027543783 0.993855953 567.402404785
0.994224608 0.006417450 0.107126981 62.394859314 -0.009165656 0.999640882 0.025181102 -50.675453186 -0.106926888 -0.026017560 0.993926406 569.734924316
0.994191706 0.006908427 0.107401714 62.741550446 -0.009681432 0.999632537 0.025319064 -50.857818604 -0.107187338 -0.026211802 0.993893266 572.051208496
0.994195163 0.006665606 0.107384786 63.079120636 -0.009540778 0.999608994 0.026283020 -51.041969299 -0.107167602 -0.027154980 0.993870199 574.419494629
0.994184732 0.006647999 0.107482478 63.425220490 -0.009684539 0.999567866 0.027754245 -51.229328156 -0.107251503 -0.028633764 0.993819535 576.729370117
0.994095862 0.007169381 0.108268380 63.753147125 -0.010028447 0.999614596 0.025885856 -51.408897400 -0.108041048 -0.026818788 0.993784547 579.106750488
0.994148493 0.006543362 0.107824475 64.101203918 -0.009382282 0.999621987 0.025842851 -51.586650848 -0.107614622 -0.026703274 0.993833959 581.442565918
0.994067132 0.006082587 0.108597852 64.439132690 -0.009096410 0.999586463 0.027278345 -51.778781891 -0.108387031 -0.028104363 0.993711352 583.770019531
0.994128227 0.006298725 0.108024947 64.784950256 -0.009300248 0.999583900 0.027304187 -51.957092285 -0.107808009 -0.028148526 0.993773103 586.086486816
0.994123101 0.003603237 0.108195670 65.137657166 -0.006467268 0.999637604 0.026131624 -52.143478394 -0.108062305 -0.026677782 0.993786097 588.442321777
0.994139552 0.003509968 0.108047158 65.484794617 -0.006345313 0.999644101 0.025909128 -52.318016052 -0.107917771 -0.026442880 0.993808091 590.786560059
0.994168460 0.001700893 0.107824817 65.827522278 -0.004581340 0.999638975 0.026472053 -52.500717163 -0.107740857 -0.026811667 0.993817389 593.118530273
0.994229436 0.000826333 0.107271366 66.182014465 -0.003718366 0.999634922 0.026762757 -52.682167053 -0.107210085 -0.027007191 0.993869483 595.468872070
