1.000000000 0.000000000 0.000000000 0.000000000 0.000000000 1.000000000 0.000000000 0.000000000 0.000000000 0.000000000 1.000000000 0.000000000
0.999999881 0.000170886 0.000437591 0.086513475 -0.000170840 1.000000000 -0.000106284 -0.226240844 -0.000437610 0.000106209 0.999999881 2.288366795
0.999999166 0.000565320 0.001180433 0.164772615 -0.000565845 0.999999762 0.000445130 -0.463719338 -0.001180181 -0.000445798 0.999999225 4.585481167
0.999998391 0.000226248 0.001741744 0.261885107 -0.000227286 0.999999821 0.000595629 -0.694552541 -0.001741609 -0.000596024 0.999998331 6.876915455
0.999996543 0.000134679 0.002607640 0.354863882 -0.000131697 0.999999344 -0.001143661 -0.925985932 -0.002607792 0.001143314 0.999995947 9.173498154
0.999986827 0.001912771 0.004768656 0.445272386 -0.001913989 0.999998152 0.000250750 -1.162157655 -0.004768168 -0.000259873 0.999988556 11.480762482
0.999961972 0.003887753 0.007800905 0.522858202 -0.003897901 0.999991596 0.001286127 -1.389690042 -0.007795839 -0.001316486 0.999968708 13.794252396
0.999945581 0.003520169 0.009821815 0.635710239 -0.003554141 0.999987781 0.003443500 -1.615046382 -0.009809574 -0.003478221 0.999945819 16.066400528
0.999944746 0.003308738 0.009978854 0.769560516 -0.003359192 0.999981642 0.005043598 -1.854514718 -0.009961982 -0.005076841 0.999937415 18.402418137
0.999935746 0.002405136 0.011071465 0.891280055 -0.002461927 0.999983847 0.005118740 -2.077569723 -0.011058976 -0.005145669 0.999925613 20.693450928
0.999930263 -0.000423349 0.011800053 1.004003048 0.000391253 0.999996185 0.002722196 -2.308552265 -0.011801160 -0.002717389 0.999926686 23.013906479
0.999917805 -0.002696250 0.012531739 1.113600016 0.002689268 0.999996245 0.000573927 -2.527771950 -0.012533239 -0.000540178 0.999921322 25.295021057
0.999916613 -0.003911647 0.012303944 1.250812650 0.003915009 0.999992251 -0.000249141 -2.775324821 -0.012302873 0.000297290 0.999924242 27.609199524
0.999906957 -0.003563166 0.013170230 1.357926846 0.003581015 0.999992669 -0.001331914 -3.001275063 -0.013165387 0.001378953 0.999912441 29.896104813
0.999901533 -0.001987332 0.013892724 1.477875233 0.001969057 0.999997139 0.001328982 -3.236607790 -0.013895325 -0.001301496 0.999902546 32.178108215
0.999902129 0.000058753 0.013989705 1.605936408 -0.000107388 0.999993980 0.003475756 -3.457513571 -0.013989414 -0.003476918 0.999896109 34.458385468
0.999876678 0.002500623 0.015498736 1.719431281 -0.002616808 0.999968588 0.007480697 -3.689074993 -0.015479542 -0.007520334 0.999851882 36.766254425
0.999853492 0.004387022 0.016538119 1.830600977 -0.004499610 0.999966919 0.006776724 -3.906392336 -0.016507842 -0.006850147 0.999840200 39.038421631
0.999823093 0.003624566 0.018452870 1.936639786 -0.003725240 0.999978364 0.005424332 -4.115780830 -0.018432807 -0.005492115 0.999815047 41.339958191
0.999824643 0.001263757 0.018683650 2.061016560 -0.001344912 0.999989748 0.004331733 -4.340951443 -0.018677982 -0.004356101 0.999816060 43.616016388
0.999823689 0.001093543 0.018741470 2.196334600 -0.001152134 0.999994457 0.003115792 -4.563578129 -0.018737957 -0.003136836 0.999819517 45.860984802
0.999821186 0.000727914 0.018891597 2.321293116 -0.000770899 0.999997079 0.002268147 -4.795549393 -0.018889891 -0.002282305 0.999818981 48.143081665
0.999819279 -0.000914244 0.018983224 2.457598209 0.000863177 0.999996006 0.002698148 -5.027250290 -0.018985616 -0.002681274 0.999816179 50.422573090
0.999795079 -0.001475710 0.020195004 2.584787846 0.001418010 0.999994814 0.002871140 -5.251571178 -0.020199141 -0.002841914 0.999792039 52.691219330
0.999789417 -0.002602356 0.020353988 2.724874496 0.002551179 0.999993563 0.002539908 -5.480051517 -0.020360464 -0.002487447 0.999789655 54.978332520
0.999754190 -0.002672470 0.022010773 2.846019030 0.002601252 0.999991238 0.003263615 -5.715386391 -0.022019304 -0.003205557 0.999752402 57.275791168
0.999739408 -0.004237331 0.022428565 2.988499641 0.004145474 0.999982834 0.004140434 -5.945014000 -0.022445722 -0.004046379 0.999739826 59.544033051
0.999695778 -0.005723498 0.023992036 3.115316868 0.005639835 0.999977708 0.003553334 -6.170365810 -0.024011835 -0.003416942 0.999705851 61.812553406
0.999678254 -0.006455741 0.024527436 3.269072294 0.006377155 0.999974251 0.003280856 -6.394670963 -0.024547979 -0.003123385 0.999693751 64.067771912
0.999654293 -0.006121955 0.025569994 3.412080526 0.006023385 0.999974251 0.003930095 -6.619009495 -0.025593396 -0.003774719 0.999665320 66.334442139
0.999640167 -0.005180661 0.026315143 3.561788082 0.005070427 0.999978125 0.004254000 -6.846757889 -0.026336605 -0.004119040 0.999644637 68.592765808
0.999607325 -0.005292109 0.027516535 3.701385498 0.005189166 0.999979198 0.003811197 -7.070635319 -0.027536137 -0.003666912 0.999614060 70.845619202
0.999591172 -0.006065565 0.027941771 3.861400366 0.005996727 0.999978781 0.002546741 -7.296550751 -0.027956625 -0.002378141 0.999606311 73.100746155
0.999575675 -0.007017087 0.028269779 4.020460129 0.006935231 0.999971449 0.002992571 -7.526368618 -0.028289976 -0.002795244 0.999595821 75.385292053
0.999526978 -0.008345304 0.029599324 4.179050446 0.008279724 0.999962986 0.002337473 -7.756581783 -0.029617734 -0.002091292 0.999559104 77.649276733
0.999524355 -0.009328288 0.029395318 4.336675644 0.009265787 0.999954522 0.002261712 -7.991663456 -0.029415078 -0.001988266 0.999565303 79.915763855
0.999492884 -0.009772743 0.030308407 4.484719276 0.009718931 0.999950886 0.001922329 -8.210872650 -0.030325709 -0.001626789 0.999538720 82.172515869
0.999471724 -0.009099801 0.031200230 4.650373936 0.009046654 0.999957323 0.001844194 -8.442807198 -0.031215681 -0.001560962 0.999511480 84.449096680
0.999418676 -0.008861533 0.032920819 4.803898811 0.008786730 0.999958515 0.002416190 -8.664023399 -0.032940861 -0.002125519 0.999455035 86.705307007
0.999414206 -0.008826618 0.033066005 4.974124908 0.008700464 0.999954343 0.003957113 -8.902180672 -0.033099420 -0.003667105 0.999445319 88.987518311
0.999385238 -0.007789075 0.034186427 5.132120132 0.007635009 0.999960124 0.004634942 -9.131352425 -0.034221165 -0.004371078 0.999404669 91.245880127
0.999356329 -0.007828078 0.035009004 5.297575951 0.007681265 0.999961138 0.004326126 -9.350927353 -0.035041511 -0.004054428 0.999377608 93.502487183
0.999340713 -0.008297428 0.035345308 5.467578888 0.008172809 0.999959886 0.003668780 -9.567753792 -0.035374328 -0.003377491 0.999368370 95.759002686
0.999305844 -0.008594553 0.036248114 5.633316040 0.008447391 0.999955475 0.004211011 -9.793968201 -0.036282677 -0.003901887 0.999334097 98.014198303
0.999266326 -0.008439050 0.037361346 5.794837952 0.008305499 0.999958575 0.003728346 -10.026481628 -0.037391264 -0.003415305 0.999294877 100.256324768
0.999219120 -0.008718880 0.038538083 5.963707924 0.008546060 0.999952614 0.004646834 -10.243843079 -0.038576771 -0.004313856 0.999246418 102.505485535
0.999194443 -0.008953457 0.039117634 6.152843952 0.008782778 0.999951124 0.004532904 -10.465029716 -0.039156303 -0.004185691 0.999224305 104.758621216
0.999157906 -0.009723915 0.039863832 6.313119888 0.009515890 0.999940097 0.005404838 -10.695884705 -0.039914005 -0.005020946 0.999190509 107.023262024
0.999115348 -0.011232848 0.040525675 6.493895531 0.011015245 0.999923646 0.005588854 -10.913111687 -0.040585365 -0.005137509 0.999162853 109.273948669
0.999072373 -0.012061273 0.041339353 6.674372196 0.011812018 0.999910533 0.006268421 -11.137124062 -0.041411255 -0.005774305 0.999125481 111.530426025
0.999047339 -0.012682885 0.041755937 6.865768433 0.012491732 0.999910235 0.004835596 -11.358727455 -0.041813526 -0.004309386 0.999116123 113.795707703
0.999004543 -0.013157149 0.042622559 7.049714088 0.013001241 0.999907613 0.003933038 -11.578825951 -0.042670369 -0.003374978 0.999083519 116.045814514
0.998965979 -0.013455031 0.043426812 7.229605675 0.013283279 0.999902785 0.004241108 -11.806170464 -0.043479644 -0.003659873 0.999047637 118.289161682
0.998914778 -0.013917843 0.044446100 7.422554970 0.013699332 0.999892473 0.005217187 -12.035257339 -0.044513937 -0.004602644 0.998998106 120.560356140
0.998902559 -0.014674445 0.044479143 7.628540039 0.014421754 0.999877989 0.005996725 -12.260961533 -0.044561718 -0.005348676 0.998992383 122.765724182
0.998841524 -0.015345867 0.045608807 7.830703259 0.015120260 0.999871671 0.005287466 -12.486489296 -0.045684088 -0.004591723 0.998945355 125.083145142
0.998806179 -0.015953153 0.046169363 8.016568184 0.015769955 0.999866247 0.004329476 -12.709829330 -0.046232257 -0.003596219 0.998924196 127.349464417
0.998786807 -0.017564468 0.046003506 8.208778381 0.017368177 0.999838293 0.004663211 -12.929293633 -0.046077978 -0.003858557 0.998930335 129.611785889
0.998804986 -0.018883226 0.045077309 8.399167061 0.018680898 0.999813378 0.004905509 -13.147576332 -0.045161530 -0.004057562 0.998971462 131.860961914
0.998859107 -0.019075900 0.043777820 8.596597672 0.018818125 0.999803126 0.006292863 -13.369355202 -0.043889247 -0.005461866 0.999021471 134.099731445
0.998899877 -0.020233858 0.042303696 8.790119171 0.019999929 0.999782324 0.005945741 -13.598836899 -0.042414792 -0.005093130 0.999087095 136.371337891
0.998982310 -0.021161722 0.039832965 9.004919052 0.020956960 0.999764979 0.005551087 -13.814227104 -0.039941080 -0.004710660 0.999190867 138.593658447
0.998947680 -0.021853464 0.040321775 9.163908005 0.021631131 0.999748349 0.005942047 -14.048974991 -0.040441480 -0.005063587 0.999169052 140.891799927
0.998939753 -0.022082943 0.040394757 9.333632469 0.021856576 0.999742866 0.006037029 -14.256981850 -0.040517695 -0.005147736 0.999165475 143.123809814
0.998981833 -0.022317866 0.039205518 9.528744698 0.022035174 0.999728024 0.007628013 -14.492274284 -0.039365094 -0.006756345 0.999202073 145.372329712
0.999001205 -0.021427236 0.039209805 9.706841469 0.021192398 0.999754965 0.006395166 -14.706009865 -0.039337229 -0.005557829 0.999210536 147.628601074
0.999024808 -0.020321911 0.039198298 9.889690399 0.020143475 0.999785006 0.004941676 -14.925528526 -0.039290298 -0.004147267 0.999219239 149.876602173
0.999033332 -0.019038167 0.039622363 10.067820549 0.018894443 0.999813497 0.003998747 -15.146602631 -0.039691102 -0.003246239 0.999206722 152.120208740
0.999044955 -0.018325364 0.039665684 10.254953384 0.018179307 0.999826610 0.004039767 -15.364291191 -0.039732836 -0.003314814 0.999204814 154.361450195
0.999028563 -0.017786158 0.040318318 10.442842484 0.017629718 0.999835670 0.004232331 -15.583238602 -0.040386967 -0.003517419 0.999177873 156.620025635
0.999033630 -0.016223243 0.040848717 10.607147217 0.015981279 0.999852777 0.006243022 -15.814617157 -0.040943984 -0.005584174 0.999145865 158.853210449
0.998976767 -0.015562115 0.042466130 10.788391113 0.015270446 0.999857426 0.007184173 -16.032491684 -0.042571887 -0.006528345 0.999072075 161.091171265
0.998960018 -0.014192658 0.043327827 10.958360672 0.013814912 0.999864161 0.009005276 -16.254135132 -0.043449733 -0.008397344 0.999020338 163.380386353
0.998920321 -0.013767933 0.044369619 11.143476486 0.013418058 0.999876559 0.008173674 -16.458478928 -0.044476684 -0.007569494 0.998981774 165.648284912
0.998887420 -0.013043840 0.045316957 11.343093872 0.012739576 0.999894381 0.006996505 -16.673633575 -0.045403428 -0.006411402 0.998948157 167.898696899
0.998828769 -0.011144231 0.047084417 11.532781601 0.010814663 0.999915302 0.007248465 -16.887886047 -0.047161218 -0.006730774 0.998864591 170.137115479
0.998699546 -0.011004618 0.049780864 11.734032631 0.010634313 0.999913752 0.007697443 -17.121809006 -0.049861275 -0.007158047 0.998730481 172.421066284
0.998583734 -0.011274034 0.051992796 11.939309120 0.010894414 0.999911904 0.007579019 -17.337661743 -0.052073661 -0.007001854 0.998618722 174.690414429
0.998498619 -0.011257545 0.053607851 12.148920059 0.010842209 0.999908924 0.008032219 -17.553394318 -0.053693395 -0.007438931 0.998529732 176.953369141
0.998455644 -0.011561578 0.054337222 12.357542992 0.011083644 0.999897301 0.009088806 -17.764432907 -0.054436721 -0.008472514 0.998481214 179.177703857
0.998429656 -0.013299075 0.054420881 12.577644348 0.012839966 0.999879062 0.008777245 -17.988546371 -0.054531027 -0.008064697 0.998479486 181.464309692
0.998390377 -0.014112770 0.054932211 12.779891014 0.013660701 0.999869764 0.008596377 -18.199306488 -0.055046372 -0.007832128 0.998453021 183.708618164
0.998460054 -0.015729409 0.053197891 13.021544456 0.015304374 0.999847710 0.008387678 -18.426174164 -0.053321727 -0.007560603 0.998548746 185.970397949
0.998461902 -0.017474007 0.052616183 13.235386848 0.017006893 0.999812126 0.009312455 -18.640840530 -0.052769020 -0.008403292 0.998571396 188.219818115
0.998480797 -0.018201122 0.052006859 13.444436073 0.017762559 0.999802768 0.008882633 -18.849426270 -0.052158281 -0.007945364 0.998607218 190.460678101
0.998435497 -0.019382413 0.052447218 13.650100708 0.018956354 0.999783218 0.008608922 -19.067728043 -0.052602708 -0.007601246 0.998586595 192.704849243
0.998409033 -0.021171793 0.052258994 13.851976395 0.020781735 0.999752045 0.007996186 -19.279270172 -0.052415326 -0.006897433 0.998601556 194.942779541
0.998444915 -0.020707810 0.051758315 14.062064171 0.020319624 0.999761403 0.008014971 -19.490135193 -0.051911943 -0.006950798 0.998627484 197.174896240
0.998439312 -0.018081324 0.052839272 14.264544487 0.017652793 0.999807477 0.008565620 -19.716417313 -0.052983977 -0.007619489 0.998566270 199.438201904
0.998451710 -0.016349208 0.053167537 14.471284866 0.015926331 0.999838173 0.008367685 -19.931688309 -0.053295732 -0.007507967 0.998550534 201.674667358
0.998437524 -0.015832759 0.053589024 14.687534332 0.015447321 0.999851823 0.007599143 -20.144544601 -0.053701404 -0.006759461 0.998534143 203.932952881
0.998403192 -0.016047889 0.054162111 14.890531540 0.015616344 0.999842882 0.008381523 -20.354644775 -0.054288108 -0.007522326 0.998497009 206.158370972
0.998374164 -0.017425707 0.054270703 15.122537613 0.016992234 0.999819994 0.008438444 -20.574066162 -0.054407977 -0.007502542 0.998490632 208.404785156
0.998319983 -0.017074099 0.055369820 15.332098961 0.016631529 0.999826014 0.008443949 -20.775203705 -0.055504363 -0.007508878 0.998430192 210.648773193
0.998242915 -0.017055433 0.056747120 15.547118187 0.016517201 0.999814153 0.009940190 -21.000215530 -0.056906104 -0.008985422 0.998339057 212.896011353
0.998177409 -0.015597166 0.058296449 15.783703804 0.015041401 0.999837339 0.009960062 -21.208002090 -0.058442309 -0.009065049 0.998249650 215.130187988
0.997991264 -0.013499055 0.061896931 15.999262810 0.012892090 0.999864936 0.010194961 -21.421871185 -0.062026195 -0.009376504 0.998030424 217.445526123
0.997861803 -0.013512869 0.063946225 16.230926514 0.012868632 0.999862254 0.010475895 -21.629568100 -0.064078979 -0.009630594 0.997898281 219.692276001
0.997727215 -0.014986801 0.065696768 16.469198227 0.014295524 0.999837518 0.010979807 -21.835670471 -0.065850638 -0.010015680 0.997779250 221.931411743
0.997613907 -0.016586851 0.067017153 16.706129074 0.015835823 0.999805987 0.011722200 -22.039585114 -0.067198575 -0.010632958 0.997682989 224.168426514
0.997546613 -0.018793438 0.067435734 16.964723587 0.018086636 0.999774992 0.011076385 -22.252313614 -0.067628741 -0.009829525 0.997662127 226.407913208
0.997506261 -0.020036072 0.067674719 17.208160400 0.019350359 0.999754727 0.010772962 -22.454441071 -0.067873970 -0.009436565 0.997649252 228.662109375
0.997457027 -0.020136941 0.068366647 17.449764252 0.019421551 0.999749601 0.011112737 -22.661939621 -0.068573311 -0.009756690 0.997598290 230.902969360
0.997405231 -0.021184361 0.068804517 17.700447083 0.020545136 0.999739051 0.009984907 -22.867996216 -0.068998083 -0.008545402 0.997580171 233.157211304
0.997357965 -0.022054425 0.069216125 17.943712234 0.021351431 0.999712825 0.010880057 -23.069410324 -0.069436200 -0.009373447 0.997542322 235.396148682
0.997372448 -0.021748450 0.069103286 18.229574203 0.021017579 0.999715328 0.011286059 -23.280813217 -0.069329061 -0.009804022 0.997545660 237.680358887
0.997338951 -0.021747965 0.069584370 18.473342896 0.021024536 0.999717176 0.011112065 -23.479738235 -0.069806360 -0.009619517 0.997514188 239.911102295
0.997304797 -0.022020247 0.069986857 18.722734451 0.021264929 0.999707520 0.011519172 -23.688663483 -0.070220076 -0.009999859 0.997481346 242.145538330
0.997255981 -0.022314945 0.070587255 18.969421387 0.021553678 0.999701142 0.011528178 -23.888690948 -0.070823431 -0.009975132 0.997438967 244.387908936
0.997217000 -0.022531889 0.071066335 19.218549728 0.021821108 0.999703944 0.010762269 -24.098831177 -0.071287788 -0.009181572 0.997413456 246.620315552
0.997237206 -0.022046464 0.070935540 19.479217529 0.021394035 0.999721587 0.009944260 -24.307460785 -0.071135022 -0.008399187 0.997431338 248.860519409
0.997230172 -0.022053689 0.071031712 19.737159729 0.021365885 0.999717355 0.010428404 -24.517293930 -0.071241610 -0.008881865 0.997419536 251.098907471
0.997192383 -0.023400720 0.071132049 19.994094849 0.022708386 0.999686599 0.010526396 -24.726617813 -0.071356080 -0.008881548 0.997411311 253.329849243
0.997205019 -0.023331996 0.070976898 20.261438370 0.022599207 0.999682963 0.011109967 -24.934289932 -0.071213603 -0.009474895 0.997416079 255.590454102
0.997153580 -0.023861470 0.071520627 20.499731064 0.023105415 0.999668300 0.011379974 -25.142139435 -0.071768433 -0.009695070 0.997374177 257.812316895
0.997143984 -0.024203191 0.071540430 20.768404007 0.023427257 0.999657512 0.011665434 -25.349245071 -0.071798250 -0.009956123 0.997369468 260.091033936
0.997116566 -0.023971103 0.071999967 21.025962830 0.023234803 0.999668956 0.011046728 -25.552042007 -0.072240934 -0.009341969 0.997343600 262.332305908
0.997086883 -0.024008751 0.072397083 21.286144257 0.023304146 0.999672651 0.010561677 -25.756912231 -0.072626956 -0.008843755 0.997319937 264.588775635
0.997064292 -0.023145633 0.072986878 21.547733307 0.022469105 0.999696672 0.010076758 -25.966274261 -0.073197976 -0.008407225 0.997281969 266.828704834
0.997000337 -0.022386899 0.074090019 21.805353165 0.021696601 0.999713480 0.010108904 -26.169744492 -0.074295096 -0.008471079 0.997200370 269.076507568
0.996913373 -0.022266699 0.075287126 22.073696136 0.021601614 0.999720335 0.009636854 -26.381629944 -0.075480655 -0.007980783 0.997115314 271.322418213
0.996829212 -0.022857146 0.076217741 22.350120544 0.022167180 0.999705434 0.009886431 -26.592987061 -0.076421261 -0.008165549 0.997042120 273.570709229
0.996603966 -0.023912460 0.078794442 22.590736389 0.023145728 0.999675572 0.010629908 -26.794645309 -0.079023078 -0.008770055 0.996834219 275.808074951
0.996532559 -0.023749795 0.079741046 22.874403000 0.022877069 0.999668121 0.011840453 -26.994813919 -0.079995796 -0.009975158 0.996745288 278.049194336
0.996425629 -0.023233885 0.081215821 23.147756577 0.022233292 0.999665558 0.013202988 -27.210172653 -0.081495419 -0.011350099 0.996609032 280.295501709
0.996361077 -0.023043791 0.082058296 23.433841705 0.021955898 0.999659061 0.014135435 -27.416002274 -0.082356036 -0.012282335 0.996527314 282.533691406
0.996288061 -0.022539638 0.083080158 23.713502884 0.021423915 0.999668241 0.014296762 -27.611906052 -0.083374836 -0.012463789 0.996440232 284.793457031
0.996196866 -0.021497587 0.084436916 23.984167099 0.020436881 0.999701262 0.013406510 -27.804965973 -0.084699899 -0.011629897 0.996338606 287.024414062
0.996160090 -0.020889560 0.085022032 24.265220642 0.019904546 0.999724805 0.012416731 -27.998945236 -0.085258015 -0.010676728 0.996301651 289.269378662
0.996095479 -0.021660125 0.085583977 24.539718628 0.020656507 0.999707282 0.012594976 -28.205238342 -0.085831732 -0.010777934 0.996251345 291.496154785
0.996102273 -0.021615149 0.085516118 24.819387436 0.020698702 0.999718606 0.011588953 -28.405200958 -0.085742548 -0.009773711 0.996269405 293.766387939
0.996119320 -0.022163026 0.085177124 25.102163315 0.021316770 0.999714077 0.010832007 -28.607204437 -0.085392848 -0.008974270 0.996306896 295.990814209
0.996110678 -0.022137636 0.085284337 25.382257462 0.021299517 0.999715567 0.010724899 -28.812198639 -0.085497506 -0.008866671 0.996298909 298.226654053
0.996119142 -0.021454517 0.085360698 25.663618088 0.020594150 0.999727964 0.010947093 -29.015253067 -0.085572347 -0.009146678 0.996289909 300.465911865
0.996068954 -0.021354698 0.085968338 25.925840378 0.020391401 0.999719203 0.012067895 -29.228668213 -0.086201921 -0.010267442 0.996224761 302.697723389
0.996079743 -0.021902967 0.085705124 26.215200424 0.020928174 0.999705851 0.012255901 -29.431692123 -0.085948355 -0.010414203 0.996245146 304.947875977
0.996054888 -0.021187698 0.086171739 26.498517990 0.020191474 0.999719024 0.012416229 -29.634155273 -0.086410590 -0.010627312 0.996202946 307.197998047
0.996041417 -0.021903936 0.086149469 26.781600952 0.020917380 0.999705076 0.012337785 -29.845668793 -0.086394317 -0.010486924 0.996205747 309.454467773
0.995999873 -0.023025526 0.086337015 27.066385269 0.021995304 0.999675274 0.012865039 -30.048023224 -0.086605214 -0.010914567 0.996182859 311.710418701
0.995962322 -0.022759153 0.086840637 27.349105835 0.021775471 0.999687731 0.012258098 -30.254138947 -0.087092496 -0.010317607 0.996146798 313.950836182
0.995976150 -0.022388792 0.086776137 27.640497208 0.021347582 0.999688804 0.012908403 -30.459878922 -0.087038122 -0.011004004 0.996144176 316.201049805
0.995952964 -0.020763533 0.087444514 27.926021576 0.019778363 0.999730945 0.012117741 -30.665176392 -0.087672584 -0.010339192 0.996095598 318.447967529
0.995950878 -0.019217031 0.087820202 28.207410812 0.018168746 0.999754012 0.012720550 -30.868152618 -0.088043049 -0.011073462 0.996055067 320.699707031
0.995892227 -0.018025568 0.088733993 28.485483170 0.017001474 0.999779940 0.012283543 -31.071041107 -0.088935874 -0.010724478 0.995979607 322.931732178
0.995841622 -0.017194189 0.089464203 28.762050629 0.016112130 0.999788225 0.012803057 -31.269906998 -0.089665398 -0.011308356 0.995907724 325.168518066
0.995841980 -0.016938504 0.089508958 29.054456711 0.015720066 0.999774158 0.014299988 -31.482551575 -0.089730971 -0.012833442 0.995883346 327.393341064
0.995806217 -0.017581172 0.089781798 29.335302353 0.016361937 0.999764025 0.014297971 -31.691122055 -0.090011984 -0.012769006 0.995858848 329.639495850
0.995799422 -0.018755531 0.089620173 29.632547379 0.017619785 0.999754310 0.013447321 -31.890584946 -0.089850366 -0.011811745 0.995885253 331.876861572
0.995799899 -0.018595332 0.089647748 29.919481277 0.017479846 0.999759912 0.013212143 -32.092773438 -0.089871921 -0.011589623 0.995885909 334.096008301
0.995778501 -0.019188190 0.089759819 30.207857132 0.017949229 0.999732435 0.014590011 -32.293605804 -0.090015754 -0.012917298 0.995856524 336.323211670
0.995845199 -0.019768801 0.088892192 30.513847351 0.018556233 0.999723434 0.014446738 -32.489982605 -0.089153193 -0.012737211 0.995936453 338.558685303
0.995837569 -0.019644577 0.089002617 30.797060013 0.018410664 0.999722898 0.014663642 -32.693424225 -0.089266025 -0.012964009 0.995923400 340.800994873
0.995879889 -0.019997999 0.088451162 31.094701767 0.018767919 0.999715507 0.014716833 -32.898189545 -0.088720299 -0.012996151 0.995971799 343.044281006
0.995905101 -0.020339932 0.088087015 31.384473801 0.019071694 0.999702275 0.015215436 -33.096187592 -0.088370264 -0.013473161 0.995996594 345.291992188
0.995928586 -0.020277778 0.087835170 31.670076370 0.018996362 0.999700963 0.015400344 -33.290897369 -0.088121183 -0.013669092 0.996015966 347.527923584
0.995982170 -0.020327488 0.087214321 31.958911896 0.019056851 0.999700129 0.015377149 -33.487552643 -0.087500736 -0.013653335 0.996070802 349.775238037
0.995983958 -0.019972730 0.087275505 32.240219116 0.018660642 0.999700665 0.015823996 -33.686271667 -0.087565422 -0.014131827 0.996058524 352.017181396
0.996037185 -0.020346392 0.086578920 32.526733398 0.019028563 0.999690533 0.016019376 -33.877719879 -0.086878069 -0.014308425 0.996116221 354.245147705
0.996063948 -0.020009769 0.086348407 32.807205200 0.018736411 0.999703765 0.015532111 -34.075134277 -0.086633623 -0.013853116 0.996143878 356.481719971
0.996114850 -0.020189678 0.085717924 33.094234467 0.018885069 0.999693513 0.016003612 -34.270545959 -0.086014763 -0.014322648 0.996190846 358.716949463
0.996173561 -0.019623196 0.085165747 33.381927490 0.018262006 0.999693215 0.016732631 -34.467391968 -0.085467979 -0.015113309 0.996226251 360.967254639
0.996227264 -0.019772340 0.084499910 33.671382904 0.018417001 0.999689519 0.016789136 -34.666049957 -0.084805623 -0.015169563 0.996281981 363.214843750
0.996259511 -0.019533079 0.084176324 33.955360413 0.018143415 0.999686718 0.017242542 -34.860561371 -0.084486753 -0.015650799 0.996301651 365.456787109
0.996314824 -0.019502044 0.083524480 34.241245270 0.018179946 0.999697506 0.016560350 -35.055526733 -0.083822198 -0.014980852 0.996368229 367.718505859
0.996318579 -0.019975649 0.083367869 34.518333435 0.018661663 0.999689460 0.016510978 -35.253814697 -0.083671793 -0.014894410 0.996382058 369.970916748
0.996330023 -0.019999372 0.083225608 34.794731140 0.018764999 0.999702454 0.015587580 -35.444805145 -0.083512574 -0.013968647 0.996408820 372.234405518
0.996383011 -0.019787107 0.082639471 35.078014374 0.018550947 0.999704599 0.015699677 -35.647548676 -0.082925707 -0.014109851 0.996455848 374.487792969
0.996467590 -0.019806365 0.081609458 35.364162445 0.018549947 0.999697804 0.016125102 -35.838706970 -0.081904203 -0.014554290 0.996533930 376.734405518
0.996394753 -0.019579254 0.082547881 35.630458832 0.018273039 0.999696195 0.016549682 -36.032230377 -0.082846828 -0.014981621 0.996449590 378.982330322
0.996388316 -0.020200899 0.082475469 35.907661438 0.018867178 0.999678850 0.016918711 -36.232589722 -0.082790755 -0.015301527 0.996449471 381.227020264
0.996410429 -0.020152330 0.082219392 36.191547394 0.018824307 0.999679983 0.016895644 -36.420879364 -0.082533568 -0.015287274 0.996470988 383.483673096
0.996430397 -0.019328749 0.082175791 36.473217010 0.017976189 0.999691010 0.017167520 -36.619071960 -0.082482211 -0.015629031 0.996469975 385.735992432
0.996441126 -0.017956696 0.082356997 36.748401642 0.016596092 0.999714673 0.017175796 -36.806186676 -0.082641922 -0.015747862 0.996454895 387.993255615
0.996464252 -0.016894029 0.082301423 37.032417297 0.015548134 0.999735177 0.016966823 -37.004669189 -0.082566276 -0.015627202 0.996463001 390.266143799
0.996454656 -0.015525714 0.082686305 37.304111481 0.014168597 0.999755502 0.016974447 -37.203395844 -0.082929626 -0.015742717 0.996430993 392.546936035
0.996486187 -0.014162259 0.082550913 37.582084656 0.012684758 0.999750316 0.018395156 -37.397430420 -0.082790822 -0.017283382 0.996417046 394.804595947
0.996434927 -0.013046706 0.083350010 37.851947784 0.011524549 0.999758422 0.018717343 -37.590789795 -0.083574086 -0.017690046 0.996344447 397.069152832
0.996380627 -0.012540800 0.084074795 38.128684998 0.011125552 0.999788880 0.017280644 -37.791076660 -0.084273770 -0.016282722 0.996309519 399.336639404
0.996329248 -0.012439172 0.084695466 38.403808594 0.011055007 0.999797881 0.016792297 -37.986816406 -0.084887221 -0.015794346 0.996265292 401.602203369
0.996193826 -0.013743296 0.086075097 38.669788361 0.012229089 0.999761403 0.018094359 -38.181278229 -0.086303234 -0.016972870 0.996124268 403.840972900
0.996186554 -0.015293686 0.085897774 38.952522278 0.013718032 0.999727130 0.018903805 -38.373748779 -0.086163446 -0.017653363 0.996124625 406.132263184
0.996134520 -0.015669707 0.086431548 39.233478546 0.014098166 0.999724567 0.018763030 -38.564098358 -0.086701751 -0.017471973 0.996081173 408.382171631
0.996107936 -0.013939150 0.087032355 39.542972565 0.012452133 0.999767482 0.017605400 -38.749008179 -0.087257504 -0.016453139 0.996049881 410.669464111
0.996039808 -0.013392757 0.087892957 39.826793671 0.011802413 0.999757469 0.018588932 -38.950447083 -0.088120602 -0.017477967 0.995956481 412.924896240
0.996028841 -0.011616035 0.088269792 40.129608154 0.010100673 0.999794185 0.017594751 -39.147621155 -0.088455990 -0.016633298 0.995941162 415.196411133
0.995959580 -0.010718607 0.089160368 40.422302246 0.009174439 0.999801040 0.017710829 -39.341358185 -0.089332484 -0.016821275 0.995859802 417.462280273
0.995915771 -0.011046573 0.089610055 40.718097687 0.009508241 0.999800444 0.017575732 -39.537025452 -0.089786291 -0.016651915 0.995821834 419.714050293
0.995831788 -0.011113721 0.090529263 41.004989624 0.009559142 0.999799609 0.017587645 -39.727783203 -0.090706572 -0.016648954 0.995738506 421.966827393
0.995736599 -0.011164427 0.091564097 41.287082672 0.009620526 0.999804318 0.017285511 -39.921512604 -0.091739170 -0.016330922 0.995649159 424.222564697
0.995689332 -0.011491713 0.092036322 41.587635040 0.009849686 0.999784410 0.018275483 -40.115436554 -0.092226468 -0.017290171 0.995587945 426.503417969
0.995647728 -0.010680536 0.092582814 41.881732941 0.008966709 0.999781013 0.018907547 -40.307342529 -0.092764482 -0.017995091 0.995525479 428.763793945
0.995575607 -0.009790252 0.093452439 42.181873322 0.007999917 0.999777615 0.019513153 -40.497619629 -0.093622692 -0.018679205 0.995432556 431.039581299
0.995583594 -0.010383959 0.093303092 42.487377167 0.008570476 0.999766886 0.019816210 -40.697742462 -0.093487129 -0.018929046 0.995440543 433.312225342
0.995558441 -0.011291044 0.093466163 42.796001434 0.009525911 0.999768138 0.019309955 -40.897594452 -0.093662538 -0.018333834 0.995435178 435.577972412
0.995569646 -0.010470614 0.093441829 43.104022980 0.008715183 0.999778152 0.019174706 -41.072502136 -0.093621857 -0.018275391 0.995440185 437.845977783
0.995516002 -0.011015200 0.093949027 43.404220581 0.009210750 0.999765098 0.019618722 -41.266777039 -0.094143055 -0.018665412 0.995383680 440.132507324
0.995570779 -0.010944872 0.093375325 43.717041016 0.009140458 0.999763608 0.019730160 -41.454750061 -0.093569197 -0.018789282 0.995435476 442.409637451
0.995510638 -0.010316976 0.094085716 44.013927460 0.008398503 0.999749124 0.020763921 -41.658668518 -0.094276339 -0.019880522 0.995347500 444.683929443
0.995483577 -0.010641523 0.094335891 44.322525024 0.008723537 0.999747157 0.020720607 -41.841102600 -0.094532542 -0.019804075 0.995324731 446.956817627
0.995480359 -0.010401617 0.094395876 44.625000000 0.008543178 0.999761999 0.020070529 -42.029201508 -0.094582170 -0.019173378 0.995332420 449.215057373
0.995491445 -0.009696775 0.094353907 44.931964874 0.007861731 0.999773026 0.019800851 -42.222030640 -0.094524503 -0.018969795 0.995341778 451.473052979
0.995460391 -0.009108352 0.094739541 45.234916687 0.007285974 0.999782026 0.019563822 -42.420150757 -0.094897091 -0.018784743 0.995309830 453.738464355
0.995376468 -0.008485901 0.095675081 45.533393860 0.006637285 0.999785423 0.019623533 -42.603660583 -0.095821083 -0.018897785 0.995219111 456.016662598
0.995352745 -0.008857016 0.095888719 45.833343506 0.007029288 0.999787450 0.019381979 -42.801795959 -0.096040025 -0.018617872 0.995203257 458.284240723
0.995381713 -0.007996622 0.095663533 46.149589539 0.006257663 0.999809921 0.018464094 -42.990020752 -0.095793024 -0.017780190 0.995242417 460.568634033
0.995397627 -0.007129392 0.095565580 46.459796906 0.005339670 0.999805808 0.018970357 -43.184734344 -0.095682271 -0.018372759 0.995242357 462.850128174
0.995445311 -0.006851743 0.095088050 46.771984100 0.004969792 0.999787331 0.020014409 -43.374279022 -0.095204979 -0.019450678 0.995267630 465.127227783
0.995464981 -0.006944024 0.094874941 47.067428589 0.005037212 0.999780715 0.020322902 -43.560859680 -0.094995275 -0.019752832 0.995281696 467.391448975
0.995572984 -0.006892952 0.093739964 47.380115509 0.005109241 0.999801576 0.019254982 -43.750129700 -0.093854085 -0.018690795 0.995410502 469.671600342
0.995638609 -0.006947223 0.093036510 47.693977356 0.005198424 0.999805450 0.019026076 -43.946929932 -0.093150593 -0.018459450 0.995480895 471.962493896
0.995699883 -0.007406844 0.092340566 47.995834351 0.005580116 0.999783933 0.020025013 -44.144454956 -0.092468925 -0.019423630 0.995526075 474.241027832
0.995649993 -0.007558348 0.092865460 48.282646179 0.005691799 0.999776781 0.020347932 -44.337268829 -0.092998527 -0.019730849 0.995470643 476.523773193
0.995775700 -0.007159589 0.091539696 48.586074829 0.005364077 0.999788642 0.019845586 -44.521106720 -0.091662437 -0.019270729 0.995603681 478.818511963
0.995790124 -0.007293791 0.091372207 48.886363983 0.005451445 0.999777079 0.020396471 -44.711616516 -0.091500603 -0.019812489 0.995607913 481.102722168
0.995848954 -0.007760842 0.090690061 49.192306519 0.005892582 0.999765277 0.020850122 -44.900753021 -0.090830587 -0.020229172 0.995660841 483.378234863
0.995849013 -0.008267150 0.090644471 49.476341248 0.006461526 0.999775171 0.020195249 -45.090248108 -0.090791047 -0.019525716 0.995678604 485.663269043
0.995949745 -0.009438235 0.089414619 49.786777496 0.007587945 0.999750435 0.021010771 -45.293407440 -0.089590609 -0.020247195 0.995772839 487.968780518
0.996017754 -0.009959762 0.088596575 50.081260681 0.008097689 0.999739110 0.021352094 -45.479743958 -0.088786133 -0.020549636 0.995838642 490.248474121
0.995976865 -0.010292751 0.089016750 50.347164154 0.008392206 0.999729335 0.021698380 -45.683624268 -0.089215972 -0.020864043 0.995793760 492.533630371
0.996029019 -0.009848043 0.088482909 50.647979736 0.007905289 0.999720514 0.022279961 -45.871795654 -0.088677585 -0.021492006 0.995828450 494.824157715
0.996045530 -0.009365096 0.088348500 50.931087494 0.007460709 0.999733210 0.021861035 -46.055648804 -0.088529654 -0.021115450 0.995849729 497.117919922
0.996072948 -0.009363241 0.088039696 51.233615875 0.007492178 0.999739528 0.021558981 -46.251945496 -0.088218585 -0.020814708 0.995883763 499.433807373
0.996117175 -0.009557590 0.087516762 51.524597168 0.007628860 0.999721169 0.022346420 -46.438995361 -0.087705947 -0.021592002 0.995912313 501.724700928
0.996123493 -0.009373837 0.087464638 51.807640076 0.007421835 0.999716699 0.022616176 -46.629707336 -0.087651856 -0.021879358 0.995910883 503.999786377
0.996153235 -0.008501770 0.087214574 52.097099304 0.006623306 0.999740303 0.021805240 -46.816642761 -0.087377317 -0.021143708 0.995950878 506.294921875
0.996151805 -0.008191982 0.087261200 52.383113861 0.006255680 0.999728620 0.022440139 -47.005199432 -0.087421365 -0.021807907 0.995932698 508.591644287
0.996180296 -0.008645490 0.086891413 52.678962708 0.006796223 0.999744534 0.021555856 -47.195159912 -0.087055579 -0.020882985 0.995984554 510.890136719
0.996222973 -0.009259693 0.086336583 52.979244232 0.007352387 0.999722362 0.022383416 -47.386627197 -0.086519867 -0.021664090 0.996014535 513.192626953
0.996241093 -0.009192670 0.086133987 53.269760132 0.007263928 0.999716401 0.022679070 -47.573200226 -0.086318046 -0.021968152 0.996025383 515.493347168
0.996269286 -0.008596606 0.085869856 53.558334351 0.006692135 0.999725759 0.022441883 -47.759490967 -0.086039223 -0.021783506 0.996053517 517.801208496
0.996264517 -0.007765928 0.086004749 53.836204529 0.005871127 0.999734879 0.022262434 -47.949760437 -0.086154848 -0.021674329 0.996045947 520.093261719
0.996215403 -0.005856915 0.086720735 54.124969482 0.003944648 0.999745607 0.022205820 -48.136787415 -0.086828746 -0.021779699 0.995985091 522.446899414
0.996097982 -0.003589780 0.088180892 54.399021149 0.001621260 0.999748170 0.022385137 -48.321559906 -0.088239051 -0.022154829 0.995852888 524.767517090
0.996116340 -0.002656469 0.088008240 54.706306458 0.000593867 0.999724746 0.023454361 -48.505161285 -0.088046320 -0.023311006 0.995843530 527.110656738
0.996040940 -0.003309872 0.088834360 54.988975525 0.001223465 0.999722362 0.023530671 -48.691406250 -0.088887572 -0.023328824 0.995768368 529.417419434
0.995993316 -0.005121753 0.089281105 55.277893066 0.002917006 0.999687970 0.024807453 -48.873203278 -0.089380287 -0.024447620 0.995697618 531.725952148
0.995928049 -0.006560928 0.089912668 55.579910278 0.004380879 0.999692082 0.024422225 -49.054283142 -0.090045229 -0.023928883 0.995650172 534.046997070
0.995913982 -0.006504449 0.090071715 55.879631042 0.004378517 0.999707639 0.023780163 -49.237850189 -0.090200044 -0.023288619 0.995651364 536.363159180
0.995822608 -0.006744700 0.091059536 56.173351288 0.004615253 0.999711514 0.023575572 -49.424209595 -0.091192268 -0.023056826 0.995566368 538.683593750
0.995751739 -0.006247116 0.091866702 56.469863892 0.004157790 0.999728739 0.022916837 -49.611118317 -0.091984943 -0.022437513 0.995507598 541.003540039
0.995663345 -0.005482599 0.092867091 56.766132355 0.003395187 0.999738336 0.022620508 -49.799594879 -0.092966817 -0.022207115 0.995421529 543.327941895
0.995600522 -0.005006227 0.093564868 57.076087952 0.002999095 0.999762595 0.021580094 -49.985080719 -0.093650699 -0.021204541 0.995379269 545.652343750
0.995482683 -0.004799176 0.094821803 57.363563538 0.002731105 0.999755740 0.021927841 -50.173824310 -0.094903879 -0.021569813 0.995252728 547.974914551
0.995440125 -0.004787875 0.095268466 57.672161102 0.002639740 0.999739707 0.022661505 -50.365543365 -0.095352150 -0.022306688 0.995193660 550.296813965
0.995348573 -0.004497643 0.096233912 57.967304230 0.002346271 0.999745071 0.022457141 -50.548137665 -0.096310385 -0.022126894 0.995105326 552.603210449
0.995350778 -0.007014397 0.096060418 58.280662537 0.004908836 0.999742806 0.022137938 -50.749710083 -0.096191004 -0.021563467 0.995129287 554.910278320
0.995391190 -0.007060776 0.095638439 58.603599548 0.004908002 0.999729633 0.022726078 -50.938362122 -0.095773064 -0.022151943 0.995156705 557.230102539
0.995343149 -0.006739897 0.096159086 58.911018372 0.004545514 0.999724627 0.023021165 -51.123065948 -0.096287765 -0.022476869 0.995099664 559.537658691
0.995318830 -0.005981014 0.096460603 59.226139069 0.003676388 0.999703884 0.024051948 -51.310028076 -0.096575901 -0.023584727 0.995046139 561.873168945
0.995321751 -0.006606231 0.096389830 59.548992157 0.004259914 0.999689996 0.024527457 -51.494884491 -0.096521989 -0.024002096 0.995041430 564.204833984
0.995279253 -0.005745561 0.096881852 59.865676880 0.003297083 0.999671578 0.025414009 -51.679313660 -0.096996039 -0.024974609 0.994971395 566.524536133
0.995240390 -0.004725102 0.097335711 60.183952332 0.002322719 0.999690235 0.024779955 -51.864849091 -0.097422652 -0.024435932 0.994943082 568.844238281
0.995269239 -0.003552743 0.097090438 60.518741608 0.001314916 0.999732196 0.023103157 -52.041851044 -0.097146533 -0.022866197 0.995007396 571.183898926
0.995232522 -0.003072107 0.097483203 60.842403412 0.000819649 0.999731898 0.023137750 -52.226676941 -0.097528160 -0.022947535 0.994968235 573.503051758
0.995240092 -0.003288588 0.097398050 61.170459747 0.000922373 0.999703586 0.024329340 -52.420188904 -0.097449183 -0.024123697 0.994948089 575.885437012
0.995257616 -0.003276364 0.097219080 61.500083923 0.000778435 0.999668896 0.025720624 -52.611373901 -0.097271152 -0.025522972 0.994930625 578.198791504
0.995168388 -0.002681590 0.098146223 61.814056396 0.000310912 0.999707997 0.024161870 -52.801437378 -0.098182358 -0.024014618 0.994878650 580.585693359
0.995225906 -0.003306425 0.097542398 62.142066956 0.000948852 0.999706626 0.024206225 -52.984249115 -0.097593822 -0.023998108 0.994936943 582.928527832
0.995194256 -0.003753108 0.097848505 62.461624146 0.001241824 0.999668717 0.025713306 -53.177177429 -0.097912565 -0.025468225 0.994869113 585.233276367
0.995261788 -0.003634131 0.097164385 62.786735535 0.001151901 0.999671876 0.025590608 -53.355884552 -0.097225517 -0.025357429 0.994939327 587.549621582
0.995170116 -0.005612177 0.098004147 63.107521057 0.003254171 0.999701679 0.024203552 -53.540184021 -0.098110750 -0.023767730 0.994891584 589.916259766
0.995183170 -0.005740189 0.097864650 63.434871674 0.003412533 0.999707818 0.023935257 -53.718944550 -0.097973444 -0.023486000 0.994911790 592.267395020
0.995190382 -0.007455213 0.097675502 63.755329132 0.005094822 0.999689579 0.024392799 -53.904285431 -0.097827025 -0.023777843 0.994919360 594.605407715
0.995227396 -0.008165509 0.097240880 64.086929321 0.005804771 0.999682128 0.024535425 -54.088897705 -0.097410329 -0.023853866 0.994958401 596.961914062
