1.000000000 0.000000000 0.000000000 0.000000000 0.000000000 1.000000000 0.000000000 0.000000000 0.000000000 0.000000000 1.000000000 0.000000000
0.999999940 0.000023313 0.000407178 0.087456688 -0.000023254 1.000000000 -0.000145324 -0.226761922 -0.000407182 0.000145315 0.999999881 2.287129641
0.999999404 0.000344706 0.001129614 0.167068675 -0.000345131 0.999999881 0.000376268 -0.464269906 -0.001129484 -0.000376658 0.999999285 4.581451893
0.999998629 -0.000131590 0.001668214 0.264563471 0.000130854 0.999999881 0.000441622 -0.695052326 -0.001668272 -0.000441403 0.999998510 6.868474483
0.999996901 -0.000350295 0.002463010 0.359803259 0.000353511 0.999999106 -0.001305618 -0.928244174 -0.002462550 0.001306485 0.999996126 9.159397125
0.999988258 0.001417144 0.004648837 0.449675798 -0.001417856 0.999999046 0.000149893 -1.165252686 -0.004648620 -0.000156482 0.999989212 11.466903687
0.999970853 0.003517990 0.006773345 0.556509197 -0.003527701 0.999992907 0.001422491 -1.397858381 -0.006768292 -0.001446344 0.999976039 13.746176720
0.999950588 0.003382775 0.009347993 0.659575939 -0.003421140 0.999985814 0.004091092 -1.627631307 -0.009334022 -0.004122870 0.999947965 16.022706985
0.999947548 0.003700847 0.009542720 0.764582694 -0.003753411 0.999977767 0.005496280 -1.855908155 -0.009522169 -0.005531810 0.999939382 18.294776917
0.999942482 0.002901081 0.010322322 0.878236890 -0.002963408 0.999977410 0.006027947 -2.082622051 -0.010304602 -0.006058189 0.999928534 20.560970306
0.999933183 0.000346422 0.011554290 0.989017129 -0.000378856 0.999995947 0.002805075 -2.300188303 -0.011553271 -0.002809265 0.999929309 22.884750366
0.999923587 -0.001886379 0.012219978 1.097690940 0.001874732 0.999997795 0.000964456 -2.522857189 -0.012221770 -0.000941474 0.999924898 25.167453766
0.999918938 -0.002215737 0.012536029 1.224657774 0.002207876 0.999997377 0.000640859 -2.773286104 -0.012537414 -0.000613129 0.999921203 27.471218109
0.999897301 -0.001925520 0.014195348 1.320376277 0.001932531 0.999998033 -0.000480240 -2.997035027 -0.014194394 0.000507624 0.999899089 29.757148743
0.999898136 0.000181339 0.014272711 1.453224897 -0.000214475 0.999997199 0.002320126 -3.227900028 -0.014272252 -0.002322950 0.999895453 32.015548706
0.999897957 0.002197344 0.014119090 1.585324764 -0.002261047 0.999987304 0.004497501 -3.447762489 -0.014109030 -0.004528965 0.999890208 34.295631409
0.999869287 0.004218898 0.015608517 1.701328278 -0.004340990 0.999960303 0.007796477 -3.670206308 -0.015575008 -0.007863211 0.999847710 36.609947205
0.999844313 0.006103230 0.016556304 1.812646985 -0.006223239 0.999954581 0.007206658 -3.887609243 -0.016511569 -0.007308571 0.999836922 38.880794525
0.999817014 0.004719407 0.018544463 1.915566206 -0.004830980 0.999970496 0.005976348 -4.095788479 -0.018515710 -0.006064842 0.999810278 41.178817749
0.999824643 0.002206223 0.018596660 2.041575909 -0.002306098 0.999983072 0.005350871 -4.324331760 -0.018584540 -0.005392817 0.999812663 43.456943512
0.999821186 0.002117170 0.018790687 2.168833733 -0.002193456 0.999989450 0.004040127 -4.553511143 -0.018781934 -0.004080621 0.999815285 45.731914520
0.999821126 0.001541173 0.018850625 2.297875881 -0.001602792 0.999993443 0.003254116 -4.784329414 -0.018845487 -0.003283747 0.999817133 48.005321503
0.999821842 0.000071829 0.018874664 2.434626579 -0.000137951 0.999993861 0.003501920 -5.010732651 -0.018874295 -0.003503900 0.999815702 50.287071228
0.999803483 -0.000582548 0.019816099 2.563719273 0.000509571 0.999993026 0.003687570 -5.232900143 -0.019818107 -0.003676747 0.999796867 52.554447174
0.999798298 -0.001857054 0.020002011 2.702336311 0.001780400 0.999991000 0.003849419 -5.464249611 -0.020008981 -0.003813030 0.999792576 54.841209412
0.999761164 -0.001656097 0.021792911 2.822157860 0.001565232 0.999989986 0.004185835 -5.694459915 -0.021799624 -0.004150724 0.999753714 57.121696472
0.999743938 -0.002946778 0.022435162 2.961409092 0.002842446 0.999984980 0.004680835 -5.917056561 -0.022448618 -0.004615866 0.999737322 59.387901306
0.999700248 -0.004021600 0.024150917 3.087152004 0.003923146 0.999983788 0.004122608 -6.142759323 -0.024167109 -0.004026624 0.999699831 61.657882690
0.999687672 -0.004834319 0.024519306 3.240877628 0.004739000 0.999980986 0.003944188 -6.366552353 -0.024537912 -0.003826759 0.999691606 63.909145355
0.999654651 -0.004270474 0.025930336 3.381381512 0.004152759 0.999980807 0.004591806 -6.589470863 -0.025949446 -0.004482538 0.999653161 66.176078796
0.999630988 -0.003388364 0.026957300 3.530015230 0.003257506 0.999982715 0.004896700 -6.815839291 -0.026973432 -0.004807080 0.999624610 68.426757812
0.999585152 -0.003623089 0.028573414 3.667185307 0.003488709 0.999982774 0.004751395 -7.042309284 -0.028590135 -0.004649739 0.999580324 70.678871155
0.999576986 -0.004386036 0.028749432 3.833141327 0.004289653 0.999985099 0.003413320 -7.265408039 -0.028763976 -0.003288552 0.999580801 72.928222656
0.999566495 -0.005400424 0.028940417 3.995836258 0.005297386 0.999979317 0.003635858 -7.490005493 -0.028959448 -0.003480974 0.999574661 75.208686829
0.999522448 -0.006549087 0.030201737 4.156563759 0.006456354 0.999974191 0.003166976 -7.722022057 -0.030221693 -0.002970470 0.999538839 77.473785400
0.999516845 -0.007366432 0.030195642 4.310206413 0.007272815 0.999968410 0.003209028 -7.950990677 -0.030218329 -0.002987870 0.999538779 79.714721680
0.999486446 -0.007864675 0.031062957 4.459373474 0.007776104 0.999965370 0.002971143 -8.169677734 -0.031085245 -0.002728069 0.999513030 81.968177795
0.999465764 -0.006789654 0.031968910 4.628991127 0.006700226 0.999973297 0.002903643 -8.401247978 -0.031987768 -0.002687893 0.999484658 84.240989685
0.999412119 -0.006511440 0.033662040 4.787987709 0.006389780 0.999972641 0.003720523 -8.623871803 -0.033685341 -0.003503242 0.999426425 86.490669250
0.999415696 -0.006077705 0.033636115 4.955420494 0.005917432 0.999970675 0.004862449 -8.855690002 -0.033664674 -0.004660568 0.999422312 88.773483276
0.999384701 -0.004967457 0.034723993 5.114768982 0.004782239 0.999973893 0.005415034 -9.081126213 -0.034749985 -0.005245643 0.999382198 91.026504517
0.999357343 -0.004991443 0.035497010 5.281922817 0.004800400 0.999973536 0.005465165 -9.303833961 -0.035523348 -0.005291253 0.999354839 93.277770996
0.999332309 -0.005102651 0.036178894 5.448976517 0.004922474 0.999975026 0.005067488 -9.521896362 -0.036203850 -0.004886014 0.999332488 95.532546997
0.999310195 -0.005633214 0.036704578 5.623892784 0.005440042 0.999970794 0.005360643 -9.740988731 -0.036733698 -0.005157271 0.999311805 97.788345337
0.999265373 -0.005178475 0.037970923 5.781548023 0.004985546 0.999974191 0.005173918 -9.974549294 -0.037996732 -0.004980810 0.999265432 100.020828247
0.999190450 -0.005202579 0.039892036 5.935256958 0.004960582 0.999968767 0.006162903 -10.189085007 -0.039922856 -0.005960026 0.999184966 102.245262146
0.999195397 -0.005456239 0.039731894 6.138715744 0.005224150 0.999968708 0.005942850 -10.408301353 -0.039763074 -0.005730503 0.999192655 104.499877930
0.999158442 -0.006187721 0.040546030 6.315965176 0.005924654 0.999960780 0.006605044 -10.621878624 -0.040585306 -0.006359265 0.999155760 106.729248047
0.999123752 -0.007552725 0.041165523 6.498382568 0.007270461 0.999948978 0.007002166 -10.839676857 -0.041216303 -0.006696738 0.999127746 108.977180481
0.999086678 -0.008610774 0.041851733 6.682361603 0.008279710 0.999933124 0.008077240 -11.065344810 -0.041918490 -0.007723342 0.999091208 111.230903625
0.999071479 -0.009462511 0.042031042 6.875573158 0.009199942 0.999936938 0.006435985 -11.281010628 -0.042089291 -0.006043326 0.999095559 113.487533569
0.999027610 -0.010166894 0.042899281 7.058990002 0.009941775 0.999935627 0.005457706 -11.496853828 -0.042952005 -0.005025905 0.999064505 115.732589722
0.998995781 -0.010398282 0.043580133 7.239243031 0.010153761 0.999931395 0.005828432 -11.720384598 -0.043637745 -0.005380078 0.999032855 117.958488464
0.998945892 -0.010664572 0.044647451 7.427417755 0.010363676 0.999922037 0.006965474 -11.945620537 -0.044718254 -0.006495420 0.998978496 120.201026917
0.998923659 -0.011402183 0.044960834 7.631119728 0.011065043 0.999908864 0.007740319 -12.169196129 -0.045044996 -0.007234493 0.998958766 122.408828735
0.998852193 -0.012135045 0.046335310 7.825665474 0.011818751 0.999904931 0.007094078 -12.388583183 -0.046416994 -0.006538311 0.998900712 124.702239990
0.998823404 -0.012836566 0.046763826 8.014123917 0.012556655 0.999901474 0.006274466 -12.610041618 -0.046839766 -0.005679887 0.998886287 126.967025757
0.998816550 -0.014561578 0.046405867 8.210681915 0.014271887 0.999876559 0.006567779 -12.825533867 -0.046495777 -0.005897706 0.998901069 129.235626221
0.998851359 -0.015749302 0.045257214 8.406902313 0.015458266 0.999857545 0.006773552 -13.039216042 -0.045357451 -0.006066173 0.998952389 131.483200073
0.998904467 -0.016118789 0.043932151 8.605941772 0.015790984 0.999844849 0.007798457 -13.253227234 -0.044051033 -0.007096182 0.999004066 133.722442627
0.998952448 -0.017088091 0.042450204 8.794086456 0.016781840 0.999830544 0.007560347 -13.471100807 -0.042572204 -0.006840033 0.999069989 135.961486816
0.999034047 -0.018001290 0.040086366 9.005353928 0.017735826 0.999818444 0.006968094 -13.682312012 -0.040204525 -0.006250398 0.999171913 138.183654785
0.999001145 -0.018584102 0.040637083 9.169126511 0.018299064 0.999805331 0.007375001 -13.906790733 -0.040766232 -0.006624014 0.999146700 140.471786499
0.998995543 -0.018955169 0.040602267 9.342923164 0.018676164 0.999799311 0.007240018 -14.110826492 -0.040731352 -0.006474452 0.999149084 142.704727173
0.999031663 -0.018838145 0.039757960 9.537588120 0.018499495 0.999789476 0.008868571 -14.339957237 -0.039916657 -0.008124481 0.999170005 144.952499390
0.999046147 -0.017769163 0.039888352 9.713948250 0.017470833 0.999816835 0.007815332 -14.552205086 -0.040019926 -0.007110994 0.999173582 147.200469971
0.999065697 -0.016796647 0.039820209 9.898759842 0.016563840 0.999843776 0.006169185 -14.765626907 -0.039917611 -0.005503845 0.999187827 149.443679810
0.999078453 -0.015012439 0.040208690 10.077127457 0.014804265 0.999875426 0.005470126 -14.986465454 -0.040285796 -0.004869825 0.999176323 151.689926147
0.999088407 -0.014238714 0.040243302 10.264252663 0.014028152 0.999886334 0.005509813 -15.203487396 -0.040317174 -0.004940251 0.999174654 153.922286987
0.999077380 -0.013504304 0.040767923 10.444334030 0.013265208 0.999893188 0.006129719 -15.422602654 -0.040846352 -0.005583268 0.999149799 156.174972534
0.999082267 -0.012796814 0.040877134 10.642068863 0.012511605 0.999895632 0.007225478 -15.642781258 -0.040965334 -0.006707408 0.999138057 158.405059814
0.999019742 -0.012466712 0.042474974 10.803656578 0.012124137 0.999891937 0.008313374 -15.860340118 -0.042574033 -0.007790252 0.999062955 160.672164917
0.998984218 -0.011470382 0.043575499 10.987426758 0.011039210 0.999887824 0.010122595 -16.075048447 -0.043686718 -0.009631276 0.998998880 162.908020020
0.998966932 -0.010895113 0.044117179 11.183023453 0.010499498 0.999902666 0.009189206 -16.278879166 -0.044212993 -0.008716505 0.998984098 165.144805908
0.998917878 -0.010094440 0.045400057 11.374870300 0.009736504 0.999919772 0.008098284 -16.492372513 -0.045478165 -0.007647482 0.998936057 167.383132935
0.998831987 -0.008250620 0.047606591 11.559572220 0.007861990 0.999934256 0.008344841 -16.704820633 -0.047672309 -0.007960813 0.998831272 169.611923218
0.998757005 -0.008062124 0.049186960 11.790695190 0.007627612 0.999930203 0.009015234 -16.931409836 -0.049256206 -0.008628846 0.998748899 171.881820679
0.998629034 -0.008248415 0.051690772 11.989242554 0.007814432 0.999932528 0.008592221 -17.138343811 -0.051758166 -0.008176509 0.998626173 174.141784668
0.998547077 -0.008195925 0.053259172 12.196660995 0.007704284 0.999925852 0.009429865 -17.356241226 -0.053332511 -0.009005840 0.998536170 176.394027710
0.998512268 -0.008511157 0.053859361 12.408020020 0.007976416 0.999916852 0.010135647 -17.561416626 -0.053941146 -0.009690963 0.998497069 178.620971680
0.998485684 -0.010459176 0.054007262 12.608825684 0.009939656 0.999901772 0.009879104 -17.780052185 -0.054105286 -0.009327333 0.998491585 180.870742798
0.998431027 -0.011396412 0.054823507 12.805903435 0.010882183 0.999893963 0.009669134 -17.988986969 -0.054927886 -0.009057365 0.998449206 183.119659424
0.998509049 -0.012473022 0.053141166 13.035606384 0.011981409 0.999882460 0.009559639 -18.210727692 -0.053254165 -0.008908682 0.998541236 185.386260986
0.998512149 -0.014283763 0.052626077 13.243773460 0.013743047 0.999849081 0.010622261 -18.427234650 -0.052769862 -0.009883215 0.998557806 187.633468628
0.998537779 -0.015201764 0.051876556 13.456366539 0.014708928 0.999843121 0.009868768 -18.630243301 -0.052018430 -0.009091288 0.998604834 189.879135132
0.998487353 -0.016516726 0.052441884 13.655514717 0.016013863 0.999821961 0.009994796 -18.851476669 -0.052597616 -0.009139881 0.998573899 192.111557007
0.998461485 -0.018137900 0.052399021 13.855371475 0.017676020 0.999800861 0.009264718 -19.059209824 -0.052556626 -0.008324258 0.998583257 194.351501465
0.998484910 -0.017629059 0.052125547 14.069314003 0.017150961 0.999806762 0.009605302 -19.270269394 -0.052284814 -0.008696745 0.998594344 196.585403442
0.998485327 -0.015847703 0.052686922 14.281002045 0.015354619 0.999834538 0.009750497 -19.481729507 -0.052832734 -0.008926739 0.998563468 198.827987671
0.998503268 -0.012659515 0.053207099 14.475914001 0.012180346 0.999882400 0.009320397 -19.696063995 -0.053318832 -0.008658363 0.998539984 201.070663452
0.998476684 -0.012039937 0.053845268 14.688582420 0.011605503 0.999897599 0.008373617 -19.906072617 -0.053940576 -0.007735961 0.998514116 203.333786011
0.998434246 -0.012250835 0.054580450 14.889647484 0.011774590 0.999889851 0.009038598 -20.113008499 -0.054685168 -0.008381782 0.998468459 205.560668945
0.998426318 -0.013703661 0.054379132 15.121136665 0.013209024 0.999868155 0.009445103 -20.338861465 -0.054501396 -0.008711945 0.998475790 207.814285278
0.998360753 -0.013354164 0.055656079 15.328308105 0.012839548 0.999871492 0.009593710 -20.539503098 -0.055777054 -0.008863386 0.998403907 210.059112549
0.998274505 -0.013707378 0.057096019 15.541938782 0.013105482 0.999854624 0.010902968 -20.765571594 -0.057237171 -0.010135883 0.998309135 212.305023193
0.998202085 -0.012275725 0.058668632 15.779514313 0.011653055 0.999872208 0.010943715 -20.971277237 -0.058795474 -0.010240369 0.998217463 214.541885376
0.998026252 -0.010196512 0.061964650 15.988194466 0.009531640 0.999893844 0.011016021 -21.175628662 -0.062070403 -0.010403652 0.998017490 216.803390503
0.997896433 -0.010089678 0.064038545 16.218223572 0.009382085 0.999891698 0.011340611 -21.382535934 -0.064146034 -0.010715938 0.997882962 219.044754028
0.997747183 -0.011414279 0.066109568 16.448640823 0.010647794 0.999872029 0.011934935 -21.586078644 -0.066237353 -0.011204124 0.997740984 221.270263672
0.997657537 -0.012797277 0.067198791 16.684337616 0.011981521 0.999849856 0.012528470 -21.785005569 -0.067349032 -0.011693977 0.997660875 223.493576050
0.997596323 -0.014902349 0.067671582 16.937671661 0.014128762 0.999829531 0.011895762 -21.996784210 -0.067837313 -0.010911054 0.997636735 225.720489502
0.997570574 -0.016102282 0.067776747 17.183036804 0.015363594 0.999816835 0.011406137 -22.194465637 -0.067948006 -0.010337129 0.997635305 227.970947266
0.997533500 -0.016251002 0.068285123 17.422086716 0.015505082 0.999814332 0.011439411 -22.396535873 -0.068458334 -0.010352429 0.997600257 230.211608887
0.997478902 -0.017592870 0.068747424 17.665170670 0.016893120 0.999799609 0.010746676 -22.604328156 -0.068922706 -0.009558226 0.997576177 232.452133179
0.997455359 -0.018127969 0.068950251 17.926372528 0.017332250 0.999776244 0.012121295 -22.816936493 -0.069154561 -0.010895388 0.997546434 234.726364136
0.997417510 -0.018038139 0.069519103 18.168983459 0.017231984 0.999777317 0.012178562 -23.018575668 -0.069723301 -0.010949159 0.997506261 236.966110229
0.997362316 -0.017444640 0.070456162 18.404872894 0.016646899 0.999790668 0.011893908 -23.218133926 -0.070648901 -0.010689659 0.997443974 239.175674438
0.997323871 -0.017479243 0.070989743 18.649456024 0.016653646 0.999786794 0.012205109 -23.423891068 -0.071187943 -0.010990208 0.997402370 241.389755249
0.997272253 -0.017822633 0.071627229 18.897502899 0.016970742 0.999778032 0.012484448 -23.626979828 -0.071833827 -0.011234826 0.997353315 243.636367798
0.997232914 -0.018020457 0.072123609 19.144586563 0.017204357 0.999780953 0.011920618 -23.836223602 -0.072322629 -0.010646790 0.997324467 245.858062744
0.997244596 -0.017386293 0.072116666 19.405918121 0.016636329 0.999801219 0.010986987 -24.040117264 -0.072293364 -0.009756959 0.997335672 248.099716187
0.997214675 -0.017742701 0.072443768 19.657855988 0.016950738 0.999789834 0.011532398 -24.246326447 -0.072633155 -0.010272303 0.997305810 250.334945679
0.997187853 -0.018999785 0.072494224 19.918649673 0.018211549 0.999767780 0.011518705 -24.452178955 -0.072696239 -0.010166082 0.997302294 252.557281494
0.997190356 -0.019133477 0.072424173 20.186180115 0.018283818 0.999756217 0.012376645 -24.663337708 -0.072643355 -0.011017680 0.997297108 254.817352295
0.997169077 -0.019988144 0.072486550 20.432964325 0.019109070 0.999735475 0.012800681 -24.869375229 -0.072723240 -0.011379293 0.997287214 257.036651611
0.997119188 -0.020327503 0.073075548 20.690521240 0.019380596 0.999719083 0.013643772 -25.091955185 -0.073332354 -0.012188219 0.997233093 259.295104980
0.997085273 -0.020121861 0.073594026 20.949184418 0.019211352 0.999730170 0.013059166 -25.292390823 -0.073836938 -0.011607261 0.997202754 261.540802002
0.997060001 -0.020131487 0.073932901 21.211233139 0.019247081 0.999734640 0.012655464 -25.492124557 -0.074168071 -0.011195265 0.997182906 263.794555664
0.997029603 -0.019519024 0.074504584 21.473167419 0.018645046 0.999749184 0.012408098 -25.702857971 -0.074728101 -0.010982099 0.997143388 266.030029297
0.996965170 -0.018938586 0.075508617 21.732826233 0.018060865 0.999761343 0.012290136 -25.901157379 -0.075723357 -0.010889087 0.997069418 268.269500732
0.996850789 -0.018733913 0.077057175 21.995164871 0.017885778 0.999771714 0.011682131 -26.107551575 -0.077258423 -0.010267111 0.996958196 270.534820557
0.996773124 -0.019500954 0.077864960 22.270467758 0.018617474 0.999753952 0.012056228 -26.314338684 -0.078080907 -0.010567673 0.996891081 272.776550293
0.996607959 -0.019562887 0.079936951 22.530368805 0.018602958 0.999745846 0.012735743 -26.518526077 -0.080165781 -0.011205477 0.996718705 275.028106689
0.996517837 -0.019531813 0.081059881 22.808128357 0.018445006 0.999729931 0.014134804 -26.716850281 -0.081314072 -0.012590434 0.996608973 277.262542725
0.996458828 -0.018244850 0.082078308 23.091680527 0.017079836 0.999743462 0.014873834 -26.913515091 -0.082328618 -0.013419281 0.996514857 279.506988525
0.996288717 -0.018203540 0.084127590 23.355762482 0.016921928 0.999730051 0.015922222 -27.116607666 -0.084394716 -0.014439530 0.996327758 281.748626709
0.996237874 -0.017556738 0.084863693 23.635517120 0.016226212 0.999734819 0.016342854 -27.312881470 -0.085128099 -0.014904354 0.996258557 283.984344482
0.996180773 -0.017167902 0.085610166 23.931261063 0.015880972 0.999750733 0.015690947 -27.509069443 -0.085858211 -0.014271446 0.996205151 286.256683350
0.996067047 -0.016627956 0.087027617 24.200891495 0.015382639 0.999769747 0.014960594 -27.704996109 -0.087256350 -0.013563043 0.996093512 288.484649658
0.996016383 -0.016661629 0.087600231 24.472389221 0.015402306 0.999768376 0.015032162 -27.911521912 -0.087830417 -0.013623030 0.996042311 290.727630615
0.996040463 -0.016979584 0.087263905 24.767261505 0.015799731 0.999774396 0.014193512 -28.101980209 -0.087485209 -0.012758568 0.996084094 292.975982666
0.996021807 -0.017613627 0.087351397 25.052642822 0.016475828 0.999770045 0.013729471 -28.306068420 -0.087573126 -0.012235665 0.996082902 295.203674316
0.996025920 -0.017384021 0.087352216 25.338937759 0.016240297 0.999773085 0.013786939 -28.505884171 -0.087572061 -0.012313521 0.996082067 297.448455811
0.996023357 -0.017112155 0.087433018 25.625835419 0.015951635 0.999775290 0.013954822 -28.698360443 -0.087652169 -0.012504627 0.996072650 299.688751221
0.995990455 -0.016479567 0.087928548 25.904916763 0.015252612 0.999777079 0.014607739 -28.900224686 -0.088149667 -0.013208031 0.996019661 301.927124023
0.995982826 -0.017023109 0.087911449 26.194278717 0.015792530 0.999767601 0.014674584 -29.097959518 -0.088140838 -0.013227290 0.996020138 304.177490234
0.995946169 -0.016864901 0.088357463 26.482770920 0.015600206 0.999766052 0.014984482 -29.295661926 -0.088589497 -0.013545338 0.995976210 306.426727295
0.995942473 -0.017752690 0.088223502 26.769609451 0.016492881 0.999751627 0.014988263 -29.501569748 -0.088467680 -0.013472391 0.995987892 308.677947998
0.995884120 -0.019061420 0.088608637 27.057987213 0.017757241 0.999722421 0.015483551 -29.699565887 -0.088879168 -0.013846376 0.995946169 310.944396973
0.995857477 -0.019129224 0.088894449 27.347702026 0.017880136 0.999730229 0.014826575 -29.898456573 -0.089154087 -0.013175708 0.995930612 313.190979004
0.995874763 -0.018852513 0.088758223 27.646217346 0.017543338 0.999725759 0.015507051 -30.097730637 -0.089026235 -0.013885964 0.995932460 315.437408447
0.995830297 -0.017337456 0.089562505 27.931848526 0.016100340 0.999765098 0.014516963 -30.293666840 -0.089793161 -0.013014446 0.995875418 317.675079346
0.995808125 -0.015132831 0.090206265 28.214496613 0.013813881 0.999788582 0.015227965 -30.494451523 -0.090417638 -0.013918032 0.995806694 319.913574219
0.995752037 -0.013921311 0.091016687 28.498641968 0.012634030 0.999812067 0.014704254 -30.692245483 -0.091204286 -0.013491885 0.995740831 322.137939453
0.995711386 -0.013609261 0.091507740 28.784225464 0.012263563 0.999808490 0.015252085 -30.890361786 -0.091697767 -0.014064464 0.995687544 324.377410889
0.995718360 -0.013121078 0.091502637 29.082527161 0.011631374 0.999791324 0.016794797 -31.097963333 -0.091703907 -0.015658583 0.995663226 326.602203369
0.995675981 -0.013413716 0.091919787 29.366523743 0.011933112 0.999790370 0.016638331 -31.299261093 -0.092123710 -0.015469502 0.995627403 328.839202881
0.995680869 -0.015059793 0.091611326 29.667940140 0.013650911 0.999779046 0.015986156 -31.495800018 -0.091831826 -0.014666534 0.995666504 331.064941406
0.995683789 -0.014630854 0.091649398 29.957958221 0.013236616 0.999787509 0.015802154 -31.692632675 -0.091861136 -0.014520822 0.995665908 333.285217285
0.995642781 -0.014729353 0.092078969 30.245700836 0.013210017 0.999766648 0.017088132 -31.887939453 -0.092309177 -0.015797308 0.995604992 335.513946533
0.995676696 -0.015368951 0.091606051 30.550386429 0.013866113 0.999759018 0.017019400 -32.078525543 -0.091845542 -0.015675602 0.995649815 337.748657227
0.995658875 -0.015056974 0.091851711 30.833904266 0.013508773 0.999756396 0.017453980 -32.277038574 -0.092092142 -0.016137408 0.995619655 339.980926514
0.995706797 -0.015143581 0.091315970 31.136762619 0.013653914 0.999763608 0.016916079 -32.470233917 -0.091550574 -0.015596634 0.995678306 342.224487305
0.995720863 -0.015637435 0.091079518 31.431911469 0.014097360 0.999746978 0.017527990 -32.664226532 -0.091330566 -0.016169000 0.995689332 344.476928711
0.995775521 -0.015157250 0.090560034 31.723995209 0.013610451 0.999751151 0.017673610 -32.854282379 -0.090805382 -0.016366389 0.995734096 346.718475342
0.995816827 -0.015072353 0.090120092 32.017269135 0.013531218 0.999751985 0.017687514 -33.047294617 -0.090364352 -0.016394090 0.995773852 348.956787109
0.995785713 -0.014519846 0.090553857 32.306179047 0.012945341 0.999755204 0.017950695 -33.239891052 -0.090792306 -0.016702795 0.995729744 351.193023682
0.995816171 -0.014562538 0.090211175 32.598499298 0.012965620 0.999749124 0.018262794 -33.432243347 -0.090454489 -0.017016744 0.995755136 353.412231445
0.995849431 -0.014471017 0.089859851 32.890888214 0.012909438 0.999755800 0.017934933 -33.627235413 -0.090097457 -0.016700452 0.995792866 355.660003662
0.995873868 -0.014751902 0.089542635 33.184806824 0.013153163 0.999743819 0.018418420 -33.819744110 -0.089791395 -0.017164651 0.995812654 357.898071289
0.995960593 -0.014292132 0.088645928 33.483276367 0.012612046 0.999730527 0.019484051 -34.014019012 -0.088900529 -0.018287346 0.995872557 360.132904053
0.996034503 -0.014694106 0.087745264 33.782131195 0.013015941 0.999721825 0.019667083 -34.207252502 -0.088009842 -0.018447010 0.995948792 362.379974365
0.996063292 -0.014607534 0.087432086 34.072639465 0.012898154 0.999715030 0.020084089 -34.395298004 -0.087700546 -0.018877311 0.995967984 364.621551514
0.996114135 -0.014400511 0.086886086 34.363838196 0.012761811 0.999730587 0.019386424 -34.585823059 -0.087141849 -0.018202268 0.996029615 366.883270264
0.996145487 -0.015138715 0.086400457 34.645435333 0.013522205 0.999722898 0.019264242 -34.777130127 -0.086668164 -0.018021660 0.996074200 369.126007080
0.996113420 -0.014951675 0.086801946 34.922100067 0.013422900 0.999744773 0.018169280 -34.958358765 -0.087051481 -0.016933527 0.996059835 371.394561768
0.996192276 -0.015540377 0.085787356 35.212387085 0.013986786 0.999727607 0.018681277 -35.159034729 -0.086054303 -0.017410250 0.996138275 373.615051270
0.996247828 -0.015377820 0.085169114 35.502040863 0.013760247 0.999714196 0.019547097 -35.345668793 -0.085445352 -0.018301807 0.996174753 375.868286133
0.996221364 -0.015912037 0.085380182 35.777332306 0.014287672 0.999705732 0.019602593 -35.530056000 -0.085666969 -0.018308643 0.996155560 378.122009277
0.996215820 -0.016475003 0.085338287 36.059844971 0.014825052 0.999691427 0.019932071 -35.723258972 -0.085640356 -0.018591503 0.996152639 380.361297607
0.996219397 -0.016631320 0.085265882 36.346904755 0.014994817 0.999691546 0.019797638 -35.904308319 -0.085568845 -0.018444244 0.996161461 382.612030029
0.996236205 -0.015908908 0.085207768 36.633800507 0.014241079 0.999695539 0.020145891 -36.095779419 -0.085502341 -0.018856611 0.996159434 384.863586426
0.996244490 -0.014968148 0.085281424 36.912033081 0.013290822 0.999707580 0.020202093 -36.280303955 -0.085558876 -0.018992761 0.996152043 387.101318359
0.996278286 -0.013975508 0.085054368 37.205768585 0.012296440 0.999719620 0.020233080 -36.475166321 -0.085313305 -0.019111916 0.996170819 389.369659424
0.996265292 -0.012606104 0.085419029 37.483146667 0.010931406 0.999739289 0.020045156 -36.663520813 -0.085649446 -0.019036544 0.996143460 391.642974854
0.996289194 -0.011330362 0.085319892 37.765087128 0.009518296 0.999720991 0.021615434 -36.852787018 -0.085541002 -0.020723121 0.996119142 393.903106689
0.996231675 -0.010018332 0.086151376 38.038917542 0.008143988 0.999723017 0.022080412 -37.042396545 -0.086348720 -0.021295590 0.996037364 396.165588379
0.996177316 -0.010060716 0.086772814 38.317260742 0.008310528 0.999755085 0.020507505 -37.232940674 -0.086957879 -0.019707980 0.996016979 398.429962158
0.996108830 -0.009667265 0.087599576 38.591632843 0.007959142 0.999771714 0.019827588 -37.419616699 -0.087771267 -0.019053215 0.995958388 400.695129395
0.995974123 -0.010700237 0.089000158 38.860210419 0.008855978 0.999738336 0.021091107 -37.606834412 -0.089202553 -0.020218015 0.995808303 402.932861328
0.995980978 -0.012119027 0.088741548 39.157672882 0.010212252 0.999707818 0.021909472 -37.795818329 -0.088981159 -0.020915162 0.995813668 405.233276367
0.995945156 -0.012527850 0.089086302 39.445655823 0.010620158 0.999704719 0.021855859 -37.981407166 -0.089333825 -0.020821124 0.995784044 407.490295410
0.995840311 -0.010465048 0.090512641 39.739936829 0.008582138 0.999739051 0.021166978 -38.166751862 -0.090710528 -0.020302139 0.995670319 409.750671387
0.995786190 -0.009808396 0.091179304 40.032779694 0.007881304 0.999738395 0.021471255 -38.356849670 -0.091366038 -0.020662172 0.995602965 412.008178711
0.995733440 -0.008687475 0.091866240 40.324733734 0.006774414 0.999754190 0.021115793 -38.543384552 -0.092027076 -0.020403363 0.995547473 414.257598877
0.995636046 -0.007501758 0.093019538 40.623455048 0.005556543 0.999760807 0.021153271 -38.728507996 -0.093155973 -0.020544093 0.995439529 416.530273438
0.995602131 -0.007861891 0.093353130 40.928974152 0.005920599 0.999760747 0.021053938 -38.917617798 -0.093496315 -0.020408636 0.995410442 418.785736084
0.995489240 -0.008014913 0.094535373 41.218860626 0.006045092 0.999758959 0.021104859 -39.102390289 -0.094681747 -0.020438183 0.995297790 421.037353516
0.995399058 -0.008101457 0.095472828 41.510665894 0.006124880 0.999761164 0.020977929 -39.293289185 -0.095619977 -0.020296656 0.995210946 423.291839600
0.995319724 -0.008573775 0.096255280 41.812911987 0.006473982 0.999734700 0.022105986 -39.479492188 -0.096419267 -0.021379370 0.995111167 425.558959961
0.995278955 -0.008131161 0.096713811 42.113346100 0.005946870 0.999721110 0.022851927 -39.664398193 -0.096872665 -0.022168901 0.995049834 427.811370850
0.995201766 -0.007513182 0.097555183 42.422740936 0.005232684 0.999707460 0.023611331 -39.846607208 -0.097704045 -0.022987565 0.994949937 430.092315674
0.995206177 -0.008101610 0.097462863 42.733554840 0.005811302 0.999700725 0.023760246 -40.035057068 -0.097626194 -0.023079960 0.994955480 432.372222900
0.995164394 -0.008793519 0.097828291 43.045906067 0.006551159 0.999708891 0.023219042 -40.225143433 -0.098003991 -0.022465874 0.994932353 434.637359619
0.995161533 -0.008272684 0.097902991 43.362976074 0.006010422 0.999708533 0.023379588 -40.395118713 -0.098067865 -0.022678029 0.994921327 436.904571533
0.995125175 -0.008518916 0.098251134 43.678192139 0.006226749 0.999701798 0.023612732 -40.578102112 -0.098423004 -0.022885839 0.994881451 439.190093994
0.995164990 -0.008567705 0.097842373 43.997287750 0.006277896 0.999699771 0.023686966 -40.757148743 -0.098015934 -0.022958199 0.994919956 441.463256836
0.995140553 -0.007985785 0.098140262 44.314785004 0.005573139 0.999676168 0.024833243 -40.953105927 -0.098306797 -0.024165621 0.994862676 443.744903564
0.995099425 -0.008592697 0.098506801 44.629955292 0.006149636 0.999666572 0.025077824 -41.133518219 -0.098689452 -0.024349144 0.994820297 446.023712158
0.995069623 -0.008546050 0.098809585 44.936088562 0.006133613 0.999676287 0.024693051 -41.315505981 -0.098988622 -0.023965247 0.994799912 448.287170410
0.995091617 -0.007989928 0.098635979 45.250282288 0.005596162 0.999683559 0.024521558 -41.499214172 -0.098800696 -0.023849215 0.994821370 450.547851562
0.995024383 -0.007419767 0.099354841 45.558910370 0.005027728 0.999691963 0.024304494 -41.685836792 -0.099504583 -0.023684032 0.994755208 452.810028076
0.994918466 -0.006749004 0.100457348 45.861507416 0.004313187 0.999691904 0.024444748 -41.859180450 -0.100591376 -0.023887241 0.994640946 455.085083008
0.994896650 -0.006894828 0.100663133 46.168788910 0.004488514 0.999699295 0.024111573 -42.047225952 -0.100799091 -0.023536697 0.994628310 457.345703125
0.994912863 -0.006371039 0.100537494 46.494838715 0.004010018 0.999711692 0.023668639 -42.233306885 -0.100659311 -0.023145080 0.994651675 459.629211426
0.994906187 -0.005482990 0.100656882 46.810123444 0.003054253 0.999700963 0.024267145 -42.416465759 -0.100759842 -0.023836097 0.994625211 461.911102295
0.994901657 -0.004925217 0.100728676 47.123546600 0.002373251 0.999673486 0.025439221 -42.594734192 -0.100821093 -0.025070472 0.994588614 464.185791016
0.994930804 -0.005018107 0.100436404 47.431617737 0.002433555 0.999663174 0.025839219 -42.770011902 -0.100532219 -0.025463821 0.994607866 466.451660156
0.995024920 -0.004876413 0.099507093 47.751789093 0.002448035 0.999696553 0.024511592 -42.945320129 -0.099596418 -0.024146050 0.994734824 468.729583740
0.995120108 -0.004844915 0.098551624 48.081745148 0.002500003 0.999711275 0.023903320 -43.125000000 -0.098638974 -0.023540303 0.994844794 471.025848389
0.995189548 -0.005375000 0.097819708 48.392635345 0.002956229 0.999686718 0.024854984 -43.307205200 -0.097922660 -0.024446245 0.994893730 473.307434082
0.995198548 -0.005607250 0.097716287 48.697036743 0.003162935 0.999678731 0.025151378 -43.489528656 -0.097825915 -0.024721542 0.994896412 475.582641602
0.995227635 -0.004732264 0.097465515 49.001392365 0.002394879 0.999707043 0.024084710 -43.646942139 -0.097550951 -0.023736350 0.994947433 477.883056641
0.995226264 -0.004918244 0.097470380 49.308471680 0.002492664 0.999684691 0.024991466 -43.830917358 -0.097562544 -0.024629209 0.994924605 480.159027100
0.995265305 -0.005575086 0.097035319 49.621196747 0.003128311 0.999673784 0.025349198 -44.009937286 -0.097144999 -0.024925623 0.994957983 482.429779053
0.995266974 -0.006016439 0.096992098 49.923896790 0.003623262 0.999685049 0.024831217 -44.190357208 -0.097110935 -0.024362264 0.994975328 484.704833984
0.995298266 -0.006079705 0.096666262 50.233230591 0.003602011 0.999661028 0.025785310 -44.379913330 -0.096790247 -0.025315883 0.994982719 486.990051270
0.995401084 -0.006649404 0.095564127 50.546035767 0.004260663 0.999673903 0.025178561 -44.549266815 -0.095700383 -0.024655601 0.995104790 489.278594971
0.995412230 -0.006488976 0.095459096 50.853294373 0.004048988 0.999660671 0.025732085 -44.725440979 -0.095593691 -0.025227517 0.995100677 491.582733154
0.995500624 -0.005800052 0.094577499 51.167415619 0.003364924 0.999659240 0.025886623 -44.898994446 -0.094695412 -0.025451900 0.995181024 493.865692139
0.995480597 -0.005259417 0.094819099 51.459308624 0.002854439 0.999671221 0.025481669 -45.075382233 -0.094921961 -0.025095854 0.995168328 496.165618896
0.995506585 -0.005098658 0.094556317 51.775180817 0.002738178 0.999681771 0.025076725 -45.263084412 -0.094654083 -0.024705132 0.995203614 498.468231201
0.995549083 -0.004939193 0.094114944 52.076225281 0.002517709 0.999663115 0.025830397 -45.439857483 -0.094210841 -0.025478475 0.995226204 500.759979248
0.995549381 -0.004198353 0.094147548 52.372920990 0.001743605 0.999656677 0.026140522 -45.621566772 -0.094224997 -0.025860025 0.995214939 503.040618896
0.995581865 -0.003239518 0.093841910 52.677204132 0.000853502 0.999675572 0.025454888 -45.801689148 -0.093893953 -0.025262330 0.995261610 505.323059082
0.995568097 -0.003029937 0.093994655 52.971920013 0.000566121 0.999655843 0.026227884 -45.981765747 -0.094041787 -0.026058435 0.995227158 507.608489990
0.995566607 -0.003281455 0.094002135 53.273925781 0.000886938 0.999674320 0.025503462 -46.164596558 -0.094055206 -0.025307026 0.995245218 509.905181885
0.995593667 -0.003749730 0.093697257 53.583988190 0.001273420 0.999648809 0.026474666 -46.350696564 -0.093763612 -0.026238697 0.995248675 512.203430176
0.995602846 -0.003330212 0.093616687 53.891052246 0.000846029 0.999646783 0.026562855 -46.524780273 -0.093672097 -0.026366850 0.995253861 514.513244629
0.995630264 -0.002385681 0.093352422 54.197383881 -0.000066481 0.999655247 0.026255881 -46.701358795 -0.093382858 -0.026147353 0.995286882 516.821655273
0.995605826 -0.001381283 0.093634248 54.488265991 -0.001041332 0.999666035 0.025819371 -46.878498077 -0.093638651 -0.025803419 0.995271802 519.109497070
0.995531082 0.000596967 0.094432667 54.792125702 -0.003074731 0.999654710 0.026095098 -47.063663483 -0.094384484 -0.026268831 0.995189190 521.467895508
0.995448351 0.002845560 0.095259950 55.098876953 -0.005370861 0.999640644 0.026263693 -47.242256165 -0.095150985 -0.026655775 0.995105922 523.806274414
0.995409548 0.003683010 0.095635861 55.413280487 -0.006327575 0.999605477 0.027363906 -47.414379120 -0.095497370 -0.027843436 0.995040178 526.130981445
0.995354712 0.003166715 0.096223816 55.723728180 -0.005820760 0.999609947 0.027313832 -47.592849731 -0.096099786 -0.027747048 0.994984865 528.455200195
0.995307088 0.001302040 0.096757837 56.027122498 -0.004091283 0.999581575 0.028634239 -47.766887665 -0.096680067 -0.028895728 0.994895995 530.765625000
0.995261669 -0.000377796 0.097232208 56.347652435 -0.002400168 0.999592245 0.028451851 -47.942695618 -0.097203329 -0.028550409 0.994854987 533.085205078
0.995208681 -0.000263547 0.097772889 56.650672913 -0.002453974 0.999613941 0.027672922 -48.114074707 -0.097742431 -0.027780261 0.994823933 535.395690918
0.995091796 -0.000520939 0.098954901 56.957427979 -0.002212889 0.999618948 0.027515246 -48.291835785 -0.098931521 -0.027599171 0.994711459 537.715576172
0.995000958 -0.000218686 0.099865355 57.263088226 -0.002511172 0.999626577 0.027208865 -48.475486755 -0.099834017 -0.027323632 0.994628847 540.022888184
0.994886816 0.000748464 0.100994535 57.575122833 -0.003460928 0.999637902 0.026684992 -48.650352478 -0.100937992 -0.026898071 0.994529188 542.354187012
0.994790614 0.001190900 0.101932421 57.899253845 -0.003841059 0.999659538 0.025806859 -48.827648163 -0.101866968 -0.026063949 0.994456530 544.678100586
0.994662583 0.001097574 0.103175357 58.203182220 -0.003828549 0.999647379 0.026274946 -49.014183044 -0.103110157 -0.026529716 0.994316101 547.002563477
0.994551539 0.001111211 0.104240261 58.518054962 -0.003974957 0.999620199 0.027268836 -49.197132111 -0.104170360 -0.027534610 0.994178236 549.318969727
0.994470298 0.001268508 0.105010547 58.835727692 -0.004138805 0.999623597 0.027120020 -49.370658875 -0.104936615 -0.027404670 0.994101226 551.624511719
0.994530857 -0.000983316 0.104438290 59.174289703 -0.001832101 0.999637544 0.026858360 -49.563385010 -0.104426846 -0.026902806 0.994168639 553.933227539
0.994583368 -0.001171235 0.103934593 59.515396118 -0.001706888 0.999617636 0.027598422 -49.743850708 -0.103927188 -0.027626334 0.994201243 556.245727539
0.994532049 -0.001134614 0.104425825 59.840713501 -0.001823158 0.999599934 0.028224323 -49.922145844 -0.104416095 -0.028260382 0.994132102 558.551147461
0.994489908 -0.000712772 0.104831271 60.172859192 -0.002381237 0.999565303 0.029386058 -50.099960327 -0.104806647 -0.029473763 0.994055748 560.888488770
0.994484723 -0.001310451 0.104873620 60.512088776 -0.001849803 0.999547184 0.030030997 -50.274772644 -0.104865476 -0.030059360 0.994032025 563.216491699
0.994459867 -0.001019768 0.105111994 60.846290588 -0.002212287 0.999528527 0.030627506 -50.441925049 -0.105093658 -0.030690363 0.993988633 565.536437988
0.994388640 0.000044241 0.105788365 61.184181213 -0.003241061 0.999543369 0.030047286 -50.618034363 -0.105738729 -0.030221548 0.993934572 567.863708496
0.994398236 0.001129847 0.105692036 61.533164978 -0.004166107 0.999584794 0.028511073 -50.785636902 -0.105615944 -0.028791687 0.993990123 570.194335938
0.994344771 0.001630703 0.106188424 61.874515533 -0.004711568 0.999575019 0.028768798 -50.961219788 -0.106096379 -0.029106418 0.993929744 572.511657715
0.994375885 0.001440431 0.105898388 62.221458435 -0.004651136 0.999536872 0.030078016 -51.146759033 -0.105806001 -0.030401407 0.993921936 574.889648438
0.994375765 0.001407720 0.105900131 62.568317413 -0.004792517 0.999485552 0.031714484 -51.326889038 -0.105800994 -0.032043640 0.993870974 577.200134277
0.994283438 0.001782753 0.106757894 62.892539978 -0.004993851 0.999542773 0.029818563 -51.497451782 -0.106655933 -0.030181235 0.993837833 579.587768555
0.994312942 0.001171338 0.106491730 63.236194611 -0.004328222 0.999557793 0.029418141 -51.663024902 -0.106410168 -0.029711755 0.993878365 581.925537109
0.994301021 0.000085413 0.106610261 63.583545685 -0.003434729 0.999506235 0.031233229 -51.851642609 -0.106554970 -0.031421404 0.993810236 584.254882812
0.994375706 0.000221672 0.105910160 63.927623749 -0.003543248 0.999507666 0.031175066 -52.020156860 -0.105851121 -0.031374998 0.993886948 586.572326660
0.994323909 -0.002910128 0.106354684 64.275436401 -0.000306296 0.999543428 0.030213587 -52.202651978 -0.106394045 -0.030074671 0.993869126 588.933776855
0.994370759 -0.003224733 0.105907582 64.625900269 0.000030887 0.999545574 0.030144714 -52.370056152 -0.105956659 -0.029971750 0.993918955 591.279785156
0.994384944 -0.005077273 0.105701007 64.964172363 0.001844605 0.999528229 0.030658465 -52.542678833 -0.105806790 -0.030291345 0.993925214 593.614562988
0.994419158 -0.005905173 0.105335549 65.314071655 0.002659892 0.999518216 0.030922890 -52.713973999 -0.105467416 -0.030470138 0.993955851 595.970214844
