1.000000000 0.000000000 0.000000000 0.000000000 0.000000000 1.000000000 0.000000000 0.000000000 0.000000000 0.000000000 1.000000000 0.000000000
0.999999881 0.000111945 0.000431722 0.086361952 -0.000111865 0.999999940 -0.000184314 -0.225230277 -0.000431743 0.000184266 0.999999881 2.287985802
0.999999106 0.000493352 0.001256668 0.163737059 -0.000493810 0.999999940 0.000364313 -0.462535262 -0.001256488 -0.000364933 0.999999106 4.584968090
0.999998510 0.000085185 0.001712062 0.261626154 -0.000086325 0.999999762 0.000665661 -0.695528686 -0.001712005 -0.000665808 0.999998331 6.875825405
0.999996185 0.000184569 0.002753353 0.354629785 -0.000181688 0.999999464 -0.001046673 -0.927705228 -0.002753544 0.001046169 0.999995649 9.173157692
0.999987066 0.001836821 0.004740344 0.447864175 -0.001837886 0.999998271 0.000220218 -1.162385702 -0.004739932 -0.000228927 0.999988735 11.477809906
0.999964416 0.003780837 0.007534072 0.531870365 -0.003791036 0.999992013 0.001340072 -1.391608834 -0.007528943 -0.001368587 0.999970734 13.789244652
0.999948144 0.003513073 0.009562289 0.643479586 -0.003551212 0.999985814 0.003974440 -1.620603919 -0.009548191 -0.004008192 0.999946356 16.062591553
0.999934077 0.003651059 0.010887503 0.742336452 -0.003700671 0.999982834 0.004540152 -1.841689587 -0.010870744 -0.004580144 0.999930441 18.396995544
0.999917090 0.002775892 0.012576428 0.850719333 -0.002836940 0.999984205 0.004838940 -2.070004940 -0.012562798 -0.004874217 0.999909163 20.684303284
0.999919116 0.000413293 0.012709637 0.977523088 -0.000446571 0.999996483 0.002615593 -2.298717737 -0.012708512 -0.002621058 0.999915719 23.002759933
0.999906719 -0.001845973 0.013530116 1.087068796 0.001837009 0.999998033 0.000674911 -2.520560503 -0.013531335 -0.000649993 0.999908209 25.284521103
0.999905825 -0.002415934 0.013508932 1.221554995 0.002419498 0.999997020 -0.000247484 -2.763104200 -0.013508295 0.000280146 0.999908745 27.592325211
0.999889195 -0.002116174 0.014729196 1.325629592 0.002137119 0.999996722 -0.001406380 -2.988142252 -0.014726171 0.001437702 0.999890566 29.877162933
0.999880552 0.000520408 0.015445353 1.447828889 -0.000538082 0.999999225 0.001140156 -3.218473434 -0.015444748 -0.001148331 0.999880075 32.169654846
0.999877691 0.002464457 0.015438565 1.581252933 -0.002516078 0.999991298 0.003325106 -3.440924406 -0.015430236 -0.003363544 0.999875307 34.451675415
0.999831259 0.005029045 0.017668378 1.688809276 -0.005154759 0.999961674 0.007076906 -3.671507359 -0.017632110 -0.007166787 0.999818861 36.757053375
0.999809384 0.006842168 0.018287102 1.809933186 -0.006962885 0.999954343 0.006545734 -3.891743183 -0.018241478 -0.006671817 0.999811471 39.029407501
0.999779940 0.005894314 0.020133892 1.917953968 -0.006001055 0.999968231 0.005245265 -4.100997448 -0.020102335 -0.005364935 0.999783516 41.319255829
0.999787092 0.003480311 0.020341750 2.045619011 -0.003562776 0.999985576 0.004019108 -4.326195240 -0.020327467 -0.004090725 0.999785006 43.594947815
0.999798775 0.003581414 0.019736672 2.194684744 -0.003651766 0.999987125 0.003529620 -4.556740284 -0.019723771 -0.003600984 0.999798954 45.827522278
0.999795258 0.003179891 0.019982759 2.322335958 -0.003231890 0.999991477 0.002570362 -4.787389755 -0.019974412 -0.002634417 0.999797046 48.103359222
0.999800742 0.001659654 0.019898685 2.462751865 -0.001719489 0.999993980 0.002990286 -5.017340660 -0.019893603 -0.003023904 0.999797642 50.382297516
0.999783456 0.000946113 0.020788144 2.594728947 -0.001010984 0.999994576 0.003110256 -5.239589691 -0.020785090 -0.003130599 0.999779046 52.646198273
0.999777079 -0.000399478 0.021109944 2.731273651 0.000330293 0.999994576 0.003280758 -5.472508430 -0.021111140 -0.003273054 0.999771774 54.929138184
0.999747157 -0.000426942 0.022481574 2.859491587 0.000342198 0.999992788 0.003773216 -5.705896854 -0.022483019 -0.003764569 0.999740124 57.217227936
0.999732196 -0.001816768 0.023068756 3.001492023 0.001712402 0.999988198 0.004543066 -5.932838440 -0.023076741 -0.004502347 0.999723494 59.483413696
0.999698341 -0.003280696 0.024337966 3.131848335 0.003185838 0.999987185 0.003935228 -6.156768322 -0.024350565 -0.003856505 0.999695957 61.754180908
0.999683559 -0.004264286 0.024791291 3.284316540 0.004178401 0.999985039 0.003515156 -6.378937244 -0.024805903 -0.003410454 0.999686599 64.011016846
0.999652386 -0.003796417 0.026090074 3.425328255 0.003693175 0.999985158 0.004004235 -6.600478172 -0.026104888 -0.003906487 0.999651492 66.283531189
0.999635160 -0.002925092 0.026851175 3.575173616 0.002809903 0.999986708 0.004326609 -6.827736855 -0.026863476 -0.004249581 0.999630094 68.542404175
0.999600768 -0.002999299 0.028094741 3.715113163 0.002894278 0.999988675 0.003777991 -7.050540447 -0.028105751 -0.003695168 0.999598086 70.794403076
0.999589801 -0.003832625 0.028380763 3.877256870 0.003767040 0.999990106 0.002364022 -7.274935246 -0.028389543 -0.002256142 0.999594390 73.047645569
0.999569595 -0.004878324 0.028927276 4.027634144 0.004799583 0.999984562 0.002790869 -7.502250671 -0.028940441 -0.002650829 0.999577641 75.325393677
0.999535203 -0.005962213 0.029895348 4.193448067 0.005896888 0.999979973 0.002272801 -7.736504078 -0.029908299 -0.002095455 0.999550462 77.592048645
0.999527752 -0.006841754 0.029956598 4.343719482 0.006775458 0.999974370 0.002314009 -7.971821308 -0.029971654 -0.002109947 0.999548495 79.844879150
0.999502420 -0.007389277 0.030666588 4.494231224 0.007343004 0.999971688 0.001621241 -8.187873840 -0.030677700 -0.001395249 0.999528348 82.097496033
0.999474764 -0.006605287 0.031726662 4.663409710 0.006554568 0.999977052 0.001702361 -8.418409348 -0.031737186 -0.001493512 0.999495149 84.372230530
0.999425530 -0.006382858 0.033287663 4.819547653 0.006311128 0.999977529 0.002259505 -8.640170097 -0.033301339 -0.002048124 0.999443293 86.629974365
0.999423087 -0.006215702 0.033389669 4.991277695 0.006097998 0.999974847 0.003625830 -8.875601768 -0.033411376 -0.003420128 0.999435782 88.908027649
0.999395013 -0.005308976 0.034371242 5.152256012 0.005164311 0.999977350 0.004296305 -9.104603767 -0.034393266 -0.004116203 0.999399900 91.162605286
0.999361575 -0.005245955 0.035338331 5.316380978 0.005099722 0.999978065 0.004226967 -9.326918602 -0.035359725 -0.004044052 0.999366462 93.417007446
0.999351323 -0.005574118 0.035579681 5.486257553 0.005446943 0.999978423 0.003670316 -9.546603203 -0.035599373 -0.003474134 0.999360085 95.670989990
0.999319315 -0.006259823 0.036353525 5.655212402 0.006116797 0.999973118 0.004044164 -9.771206856 -0.036377858 -0.003819044 0.999330819 97.929565430
0.999287307 -0.006237078 0.037226569 5.819335938 0.006110457 0.999975145 0.003514149 -10.001770973 -0.037247557 -0.003284174 0.999300659 100.160400391
0.999243915 -0.006577983 0.038318031 5.986418724 0.006406514 0.999968886 0.004595988 -10.220878601 -0.038347069 -0.004347027 0.999255002 102.399208069
0.999216557 -0.006715551 0.039002802 6.174298286 0.006550155 0.999969065 0.004366869 -10.441210747 -0.039030910 -0.004107973 0.999229550 104.654670715
0.999193370 -0.007920330 0.039368711 6.342041016 0.007726955 0.999957323 0.005061634 -10.665944099 -0.039407119 -0.004753351 0.999211848 106.890739441
0.999165356 -0.009680184 0.039684370 6.528715611 0.009484078 0.999941885 0.005126875 -10.883934975 -0.039731696 -0.004746227 0.999199033 109.142120361
0.999132097 -0.010626810 0.040274840 6.711586952 0.010390073 0.999927461 0.006082811 -11.110758781 -0.040336568 -0.005659075 0.999170125 111.391082764
0.999114037 -0.011235304 0.040556073 6.902964592 0.011058640 0.999928355 0.004577751 -11.331915855 -0.040604603 -0.004125201 0.999166727 113.662292480
0.999067128 -0.011521591 0.041621469 7.083525658 0.011377143 0.999928415 0.003705772 -11.553203583 -0.041661188 -0.003228781 0.999126554 115.916160583
0.999031425 -0.011897701 0.042363573 7.265846252 0.011730256 0.999922335 0.004198974 -11.781896591 -0.042410240 -0.003697972 0.999093354 118.171134949
0.998991430 -0.012172859 0.043219108 7.454633713 0.011970502 0.999916136 0.004937882 -12.003741264 -0.043275595 -0.004415547 0.999053419 120.427093506
0.999003947 -0.013049413 0.042669818 7.661718369 0.012816532 0.999901474 0.005726775 -12.236742020 -0.042740341 -0.005174192 0.999072850 122.634765625
0.998906016 -0.013977002 0.044625487 7.839517593 0.013766496 0.999892652 0.005021001 -12.453209877 -0.044690885 -0.004401172 0.998991132 124.939689636
0.998868763 -0.014377125 0.045325357 8.020919800 0.014189822 0.999889433 0.004451442 -12.682165146 -0.045384340 -0.003803249 0.998962343 127.205535889
0.998853445 -0.015938580 0.045142084 8.210717201 0.015733268 0.999864221 0.004899800 -12.903791428 -0.045214050 -0.004183950 0.998968542 129.463119507
0.998869121 -0.016998185 0.044401146 8.396873474 0.016783845 0.999845564 0.005195713 -13.123023987 -0.044482607 -0.004444615 0.999000251 131.716064453
0.998907745 -0.017551525 0.043303259 8.595289230 0.017271064 0.999827445 0.006842279 -13.350148201 -0.043415882 -0.006086912 0.999038517 133.961807251
0.998986661 -0.018275920 0.041128933 8.788644791 0.018047173 0.999819517 0.005926143 -13.564175606 -0.041229822 -0.005177877 0.999136269 136.187728882
0.999053359 -0.019044623 0.039110504 8.994117737 0.018846832 0.999807656 0.005419729 -13.779121399 -0.039206207 -0.004677490 0.999220133 138.409713745
0.999034226 -0.019469984 0.039389003 9.144620895 0.019247225 0.999796569 0.006026768 -14.005927086 -0.039498329 -0.005262818 0.999205709 140.686126709
0.999030471 -0.019756099 0.039340097 9.315340996 0.019534353 0.999791026 0.006013155 -14.214004517 -0.039450675 -0.005238842 0.999207795 142.917694092
0.999067366 -0.019924337 0.038304687 9.500031471 0.019654881 0.999779463 0.007398344 -14.443719864 -0.038443651 -0.006638570 0.999238729 145.153747559
0.999088883 -0.019020000 0.038203049 9.674880028 0.018792979 0.999803603 0.006292704 -14.659650803 -0.038315237 -0.005569023 0.999250174 147.404205322
0.999112666 -0.017668754 0.038230333 9.852602005 0.017495779 0.999835134 0.004854435 -14.878650665 -0.038309805 -0.004181258 0.999257147 149.646530151
0.999123275 -0.016223079 0.038593926 10.027366638 0.016087351 0.999863207 0.003824812 -15.099610329 -0.038650692 -0.003200585 0.999247670 151.892715454
0.999130547 -0.015480151 0.038710065 10.212073326 0.015342481 0.999874890 0.003851004 -15.317619324 -0.038764838 -0.003253748 0.999243081 154.139953613
0.999111354 -0.014899503 0.039425179 10.390691757 0.014751720 0.999883056 0.004036707 -15.535820961 -0.039480712 -0.003451531 0.999214411 156.404586792
0.999117732 -0.013617313 0.039728127 10.566592216 0.013400406 0.999893844 0.005720943 -15.763299942 -0.039801817 -0.005183523 0.999194086 158.641510010
0.999067008 -0.012852865 0.041229974 10.744127274 0.012592792 0.999899149 0.006561434 -15.981006622 -0.041310146 -0.006036112 0.999128103 160.874557495
0.999050319 -0.011775035 0.041948859 10.912572861 0.011428203 0.999898553 0.008498237 -16.206651688 -0.042044677 -0.008010764 0.999083638 163.170196533
0.999020100 -0.011561042 0.042721473 11.097362518 0.011248267 0.999908149 0.007554403 -16.411603928 -0.042804897 -0.007066458 0.999058485 165.440582275
0.998979688 -0.010989445 0.043803345 11.289690018 0.010722579 0.999922454 0.006322687 -16.628707886 -0.043869425 -0.005846551 0.999020278 167.690414429
0.998906910 -0.009054258 0.045857836 11.473337173 0.008764038 0.999940217 0.006525759 -16.844541550 -0.045914184 -0.006116726 0.998926640 169.925537109
0.998786509 -0.008637403 0.048486426 11.660276413 0.008301907 0.999940217 0.007116497 -17.077587128 -0.048544995 -0.006705332 0.998798490 172.216369629
0.998668075 -0.008752016 0.050847139 11.860640526 0.008409623 0.999940455 0.006943850 -17.293905258 -0.050904877 -0.006506996 0.998682439 174.484313965
0.998585403 -0.008707613 0.052453671 12.064365387 0.008334414 0.999938369 0.007329412 -17.511348724 -0.052514270 -0.006881873 0.998596489 176.736236572
0.998520911 -0.009029753 0.053615082 12.263849258 0.008602017 0.999929309 0.008203346 -17.723529816 -0.053685375 -0.007730016 0.998528004 178.965301514
0.998516679 -0.010703154 0.053384565 12.481639862 0.010277538 0.999913156 0.008240834 -17.952192307 -0.053468142 -0.007679949 0.998539984 181.244506836
0.998482883 -0.011543453 0.053840518 12.683697701 0.011116151 0.999904335 0.008229197 -18.165975571 -0.053930365 -0.007618213 0.998515666 183.489685059
0.998541355 -0.012860359 0.052436788 12.909794807 0.012450065 0.999889314 0.008143690 -18.392898560 -0.052535713 -0.007478970 0.998591185 185.730880737
0.998549581 -0.014633083 0.051811758 13.121294022 0.014182626 0.999858439 0.009051161 -18.606998444 -0.051936869 -0.008303207 0.998615980 187.979598999
0.998558819 -0.015383556 0.051415242 13.326917648 0.014961894 0.999851167 0.008575991 -18.816650391 -0.051539522 -0.007794363 0.998640537 190.222274780
0.998523653 -0.016261214 0.051827520 13.531393051 0.015842728 0.999838531 0.008475216 -19.035919189 -0.051956974 -0.007641616 0.998620093 192.474914551
0.998498082 -0.017879885 0.051787041 13.729161263 0.017498989 0.999816477 0.007799094 -19.247606277 -0.051916983 -0.006881159 0.998627722 194.717376709
0.998550594 -0.017373685 0.050941601 13.940644264 0.017007099 0.999826312 0.007620840 -19.457651138 -0.051065158 -0.006743426 0.998672605 196.944961548
0.998525977 -0.014860930 0.052201934 14.141613007 0.014432361 0.999859035 0.008577292 -19.687232971 -0.052322038 -0.007811253 0.998599648 199.193023682
0.998527467 -0.013146275 0.052631166 14.343916893 0.012730472 0.999885142 0.008227794 -19.901245117 -0.052733283 -0.007545660 0.998580098 201.432525635
0.998509407 -0.012629254 0.053097945 14.556617737 0.012246909 0.999896646 0.007519955 -20.115631104 -0.053187426 -0.006858461 0.998560965 203.692291260
0.998468339 -0.012862729 0.053810872 14.756869316 0.012445163 0.999889791 0.008087780 -20.323516846 -0.053908978 -0.007405707 0.998518348 205.915618896
0.998451710 -0.015201706 0.053507887 14.977457047 0.014783433 0.999857008 0.008204200 -20.549827576 -0.053624950 -0.007400467 0.998533726 208.188537598
0.998396933 -0.014950463 0.054590147 15.185655594 0.014522390 0.999860704 0.008229926 -20.752094269 -0.054705586 -0.007423953 0.998474896 210.432159424
0.998322666 -0.015151949 0.055877812 15.403330803 0.014607714 0.999841928 0.010135377 -20.983293533 -0.056022555 -0.009302130 0.998386085 212.642211914
0.998265982 -0.013744006 0.057237830 15.638631821 0.013175872 0.999860287 0.010291411 -21.192087173 -0.057371270 -0.009519407 0.998307526 214.872451782
0.998117208 -0.012049425 0.060140513 15.864871979 0.011440126 0.999879777 0.010465331 -21.407474518 -0.060259379 -0.009757611 0.998134971 217.151840210
0.997977138 -0.012215478 0.062388990 16.090599060 0.011566354 0.999875188 0.010755051 -21.614236832 -0.062512591 -0.010011682 0.997993886 219.388870239
0.997839391 -0.013154349 0.064370364 16.318700790 0.012442781 0.999857128 0.011442780 -21.819797516 -0.064511687 -0.010617108 0.997860491 221.619552612
0.997730851 -0.014628761 0.065719813 16.552635193 0.013849388 0.999828458 0.012298994 -22.023860931 -0.065888464 -0.011360905 0.997762263 223.870758057
0.997664273 -0.016787833 0.066213198 16.805099487 0.016040705 0.999801636 0.011799206 -22.240261078 -0.066398174 -0.010709539 0.997735679 226.105789185
0.997621536 -0.018036908 0.066527441 17.044385910 0.017326530 0.999786854 0.011239587 -22.440090179 -0.066715986 -0.010060167 0.997721255 228.359298706
0.997579634 -0.018497543 0.067027368 17.284952164 0.017745841 0.999772966 0.011793015 -22.649059296 -0.067230292 -0.010575012 0.997681439 230.600616455
0.997504056 -0.019688191 0.067809343 17.523124695 0.018999679 0.999761343 0.010783725 -22.853317261 -0.068005472 -0.009468453 0.997640073 232.836471558
0.997498453 -0.020771498 0.067567080 17.790714264 0.019988084 0.999725163 0.012250110 -23.071063995 -0.067802951 -0.010868929 0.997639537 235.125549316
0.997464895 -0.020392697 0.068174593 18.036455154 0.019602615 0.999732912 0.012238129 -23.272655487 -0.068405963 -0.010870705 0.997598350 237.371719360
0.997418642 -0.020271152 0.068885267 18.273342133 0.019470165 0.999735057 0.012279521 -23.472972870 -0.069115929 -0.010906616 0.997548997 239.599258423
0.997393429 -0.020556804 0.069164917 18.522506714 0.019732334 0.999726117 0.012582589 -23.677616119 -0.069404624 -0.011185004 0.997525990 241.830276489
0.997339487 -0.020916086 0.069831513 18.766473770 0.020083807 0.999718904 0.012599422 -23.878147125 -0.070075415 -0.011163416 0.997479260 244.080902100
0.997299314 -0.021335976 0.070276007 19.013227463 0.020550139 0.999718130 0.011886252 -24.085933685 -0.070509806 -0.010409970 0.997456729 246.311492920
0.997312665 -0.020948865 0.070203036 19.270393372 0.020211069 0.999732912 0.011203401 -24.292926788 -0.070418976 -0.009754415 0.997469783 248.548706055
0.997276068 -0.021451721 0.070570476 19.521457672 0.020650499 0.999713898 0.012063598 -24.504516602 -0.070809066 -0.010573423 0.997433841 250.794738770
0.997257531 -0.022763435 0.070422061 19.783388138 0.021986846 0.999688804 0.011783284 -24.709745407 -0.070668362 -0.010202607 0.997447670 253.038482666
0.997254193 -0.022965506 0.070403188 20.046367645 0.022129958 0.999675393 0.012625223 -24.917602539 -0.070670277 -0.011032538 0.997438729 255.298263550
0.997221112 -0.024038520 0.070513278 20.288934708 0.023182953 0.999647677 0.012926859 -25.123481750 -0.070799164 -0.011256232 0.997427166 257.518646240
0.997191489 -0.024268476 0.070852108 20.551372528 0.023372676 0.999636352 0.013445161 -25.331705093 -0.071152620 -0.011751396 0.997396231 259.791503906
0.997169077 -0.023903931 0.071290657 20.808656693 0.023045085 0.999651909 0.012845455 -25.531167984 -0.071572892 -0.011166192 0.997372866 262.039398193
0.997146785 -0.023952907 0.071585149 21.070516586 0.023121540 0.999655485 0.012420001 -25.732858658 -0.071857996 -0.010729404 0.997357190 264.300964355
0.997113407 -0.023285761 0.072266951 21.329673767 0.022485279 0.999676704 0.011870733 -25.936832428 -0.072520025 -0.010211523 0.997314632 266.540924072
0.997053862 -0.022991870 0.073177941 21.592777252 0.022189446 0.999684751 0.011759629 -26.138029099 -0.073425256 -0.010101204 0.997249544 268.788208008
0.996953011 -0.022932585 0.074557662 21.847045898 0.022142617 0.999689817 0.011404918 -26.339410782 -0.074796081 -0.009719263 0.997151494 271.028564453
0.996803284 -0.024146544 0.076158658 22.105058670 0.023322038 0.999659538 0.011697122 -26.543146133 -0.076415174 -0.009883554 0.997027099 273.303283691
0.996632755 -0.024370264 0.078289352 22.368459702 0.023517460 0.999653816 0.011796719 -26.739841461 -0.078549720 -0.009915831 0.996860921 275.544036865
0.996555030 -0.024642609 0.079188123 22.639328003 0.023601884 0.999622643 0.014051800 -26.955469131 -0.079504535 -0.012134401 0.996760607 277.786560059
0.996504664 -0.023557052 0.080145746 22.924291611 0.022442300 0.999638915 0.014781647 -27.152004242 -0.080465011 -0.012931326 0.996673524 280.042388916
0.996352077 -0.023594698 0.082012951 23.180479050 0.022371661 0.999624789 0.015799988 -27.357059479 -0.082354978 -0.013907582 0.996506035 282.282012939
0.996248662 -0.023054428 0.083409481 23.450719833 0.021817118 0.999638438 0.015715437 -27.550245285 -0.083741628 -0.013836729 0.996391416 284.524963379
0.996238708 -0.022083960 0.083789527 23.745233536 0.020872111 0.999664843 0.015311614 -27.744932175 -0.084099591 -0.013505161 0.996365845 286.787384033
0.996142626 -0.021334985 0.085115708 24.013547897 0.020166617 0.999690473 0.014563168 -27.941156387 -0.085400082 -0.012790496 0.996264637 289.016082764
0.996091962 -0.021331290 0.085707366 24.284652710 0.020178804 0.999694228 0.014290756 -28.141738892 -0.085986026 -0.012505432 0.996217787 291.263580322
0.996071160 -0.021722786 0.085850768 24.570127487 0.020618360 0.999693155 0.013730401 -28.337953568 -0.086122692 -0.011906355 0.996213317 293.517242432
0.996067584 -0.022196487 0.085771307 24.854421616 0.021146333 0.999690235 0.013132994 -28.539276123 -0.086036235 -0.011267603 0.996228278 295.749725342
0.996040463 -0.022093691 0.086112089 25.133497238 0.021035075 0.999691963 0.013181582 -28.742733002 -0.086376786 -0.011318016 0.996198177 297.986511230
0.996015966 -0.021629540 0.086513668 25.414770126 0.020535517 0.999697626 0.013515865 -28.938877106 -0.086779870 -0.011685416 0.996158957 300.229400635
0.996024311 -0.021274783 0.086503893 25.697999954 0.020116271 0.999696195 0.014242404 -29.142152786 -0.086780623 -0.012445645 0.996149719 302.467987061
0.996012211 -0.021563331 0.086571544 25.988271713 0.020383377 0.999687314 0.014490797 -29.343891144 -0.086856924 -0.012668394 0.996140182 304.718536377
0.995981932 -0.021604439 0.086909086 26.279300690 0.020404208 0.999684095 0.014675045 -29.540281296 -0.087198667 -0.012842771 0.996108115 306.958984375
0.995971560 -0.022656048 0.086760662 26.568426132 0.021450141 0.999660254 0.014806481 -29.748237610 -0.087066628 -0.012885805 0.996119142 309.208801270
0.995909989 -0.023724556 0.087180287 26.853178024 0.022475569 0.999630749 0.015280351 -29.943134308 -0.087510616 -0.013258431 0.996075273 311.461547852
0.995855987 -0.023643224 0.087816492 27.136777878 0.022453725 0.999642611 0.014508587 -30.139625549 -0.088128135 -0.012476658 0.996030927 313.701416016
0.995888591 -0.023515096 0.087480806 27.432756424 0.022258202 0.999634922 0.015315595 -30.341880798 -0.087809004 -0.013305462 0.996048570 315.948059082
0.995833516 -0.022182908 0.088450946 27.721315384 0.020975459 0.999674022 0.014557350 -30.543010712 -0.088745035 -0.012641398 0.995974183 318.194549561
0.995834529 -0.020176049 0.088920124 28.005908966 0.018920280 0.999709308 0.014942816 -30.739908218 -0.089195773 -0.013198180 0.995926678 320.430511475
0.995796025 -0.019284807 0.089545615 28.292945862 0.018059768 0.999732137 0.014470846 -30.939144135 -0.089800715 -0.012792838 0.995877564 322.674926758
0.995754600 -0.018709559 0.090126455 28.577442169 0.017416239 0.999734044 0.015115291 -31.134897232 -0.090385295 -0.013481456 0.995815575 324.916076660
0.995754302 -0.018048678 0.090263300 28.870306015 0.016623301 0.999725342 0.016518272 -31.339876175 -0.090536624 -0.014947669 0.995780945 327.137054443
0.995718837 -0.018894663 0.090481423 29.153898239 0.017503224 0.999716401 0.016147133 -31.536186218 -0.090760864 -0.014494291 0.995767236 329.380035400
0.995701730 -0.020115126 0.090407245 29.451272964 0.018803617 0.999705553 0.015335134 -31.730155945 -0.090689085 -0.013569237 0.995786786 331.613708496
0.995712221 -0.019941837 0.090331271 29.741786957 0.018629078 0.999708533 0.015352725 -31.931083679 -0.090611100 -0.013604107 0.995793402 333.834075928
0.995668888 -0.019897772 0.090816312 30.028696060 0.018478192 0.999693871 0.016445527 -32.126777649 -0.091115750 -0.014696176 0.995731890 336.074340820
0.995735407 -0.020694310 0.089903571 30.337493896 0.019289721 0.999678373 0.016464313 -32.319587708 -0.090215363 -0.014659887 0.995814383 338.311096191
0.995723486 -0.020553434 0.090067931 30.621637344 0.019113967 0.999675870 0.016815560 -32.518829346 -0.090384349 -0.015022096 0.995793641 340.553894043
0.995764911 -0.020692989 0.089578249 30.919597626 0.019298222 0.999679208 0.016408700 -32.714267731 -0.089889042 -0.014610502 0.995844543 342.800750732
0.995771587 -0.021147091 0.089396596 31.208974838 0.019711196 0.999662757 0.016914584 -32.907302856 -0.089724123 -0.015080949 0.995852470 345.055358887
0.995822787 -0.020949952 0.088871010 31.501588821 0.019511651 0.999664724 0.017022153 -33.098358154 -0.089197837 -0.015217031 0.995897651 347.296020508
0.995874107 -0.020775545 0.088335201 31.790473938 0.019350426 0.999668837 0.016959034 -33.291061401 -0.088658303 -0.015179742 0.995946407 349.531463623
0.995865941 -0.020311197 0.088535368 32.072250366 0.018831337 0.999669313 0.017518347 -33.489501953 -0.088861890 -0.015778689 0.995918930 351.768951416
0.995904744 -0.020679416 0.088011935 32.358020782 0.019193240 0.999659121 0.017699119 -33.678436279 -0.088347927 -0.015937403 0.995962143 354.004669189
0.995921612 -0.020259392 0.087919034 32.640407562 0.018808087 0.999673367 0.017304435 -33.873523712 -0.088240892 -0.015580273 0.995977283 356.244171143
0.995966554 -0.020588640 0.087330446 32.930892944 0.019095261 0.999657333 0.017901437 -34.066482544 -0.087669097 -0.016161639 0.996018529 358.479431152
0.996024191 -0.020146849 0.086775243 33.221378326 0.018588260 0.999651730 0.018731961 -34.260334015 -0.087122411 -0.017044488 0.996051788 360.716705322
0.996062636 -0.020355899 0.086283818 33.513092041 0.018792499 0.999644876 0.018893043 -34.455696106 -0.086637765 -0.017197169 0.996091425 362.968475342
0.996097267 -0.020349560 0.085884660 33.800304413 0.018754881 0.999637187 0.019333957 -34.645824432 -0.086246952 -0.017647741 0.996117473 365.212432861
0.996141374 -0.020498803 0.085335590 34.087173462 0.018975860 0.999646544 0.018619651 -34.836109161 -0.085687116 -0.016928487 0.996178389 367.466156006
0.996143281 -0.021283189 0.085120432 34.365016937 0.019778745 0.999633551 0.018478842 -35.027328491 -0.085482508 -0.016724000 0.996199310 369.708831787
0.996143997 -0.020952262 0.085193910 34.640342712 0.019509174 0.999652386 0.017736359 -35.212291718 -0.085535899 -0.016005905 0.996206522 371.963592529
0.996213853 -0.021519057 0.084231280 34.926486969 0.020107232 0.999643326 0.017574007 -35.408813477 -0.084579438 -0.015813813 0.996291161 374.198516846
0.996334136 -0.021514142 0.082796998 35.221252441 0.020116350 0.999641359 0.017679574 -35.593513489 -0.083147660 -0.015949193 0.996409535 376.442443848
0.996191323 -0.020646727 0.084714197 35.477439880 0.019121667 0.999641001 0.018774560 -35.790267944 -0.085071392 -0.017083177 0.996228516 378.697540283
0.996192157 -0.021354355 0.084529273 35.759113312 0.019819200 0.999623954 0.018958986 -35.982734680 -0.084902331 -0.017211489 0.996240616 380.934234619
0.996205032 -0.021460515 0.084350586 36.048206329 0.019922091 0.999620259 0.019038144 -36.171169281 -0.084727123 -0.017285455 0.996254265 383.195190430
0.996209145 -0.020214714 0.084609307 36.330852509 0.018645443 0.999639869 0.019296663 -36.362964630 -0.084968917 -0.017645935 0.996227324 385.450683594
0.996214807 -0.019112624 0.084798299 36.611915588 0.017526284 0.999657929 0.019412510 -36.546546936 -0.085140318 -0.017852828 0.996209025 387.719177246
0.996260107 -0.018269937 0.084451139 36.907855988 0.016684989 0.999671876 0.019435545 -36.744327545 -0.084778517 -0.017953789 0.996238053 389.992462158
0.996246815 -0.016688973 0.084934056 37.180980682 0.015094134 0.999698162 0.019385073 -36.935153961 -0.085231952 -0.018030306 0.996197999 392.270721436
0.996272683 -0.015915407 0.084778957 37.468261719 0.014203647 0.999683678 0.020755948 -37.121398926 -0.085082471 -0.019474413 0.996183515 394.534790039
0.996210039 -0.014603977 0.085745573 37.741714478 0.012818682 0.999690235 0.021334663 -37.314182281 -0.086030588 -0.020154662 0.996088564 396.805419922
0.996154726 -0.014326237 0.086431600 38.024116516 0.012658359 0.999723554 0.019814411 -37.507263184 -0.086691573 -0.018644139 0.996060669 399.072998047
0.996096611 -0.013846610 0.087176569 38.311386108 0.012200905 0.999737740 0.019382486 -37.699562073 -0.087422095 -0.018243194 0.996004283 401.348754883
0.995983481 -0.015314030 0.088217363 38.571758270 0.013549275 0.999696732 0.020568842 -37.889766693 -0.088505574 -0.019290948 0.995888889 403.606781006
0.995911479 -0.016816966 0.088754825 38.858818054 0.014961240 0.999656141 0.021532509 -38.076538086 -0.089086428 -0.020116592 0.995820761 405.859741211
0.995872200 -0.018213075 0.088919789 39.143676758 0.016348671 0.999631941 0.021650767 -38.264259338 -0.089281388 -0.020107679 0.995803416 408.120178223
0.995928168 -0.018182250 0.088297479 39.463512421 0.016422566 0.999652624 0.020614838 -38.450942993 -0.088641636 -0.019080825 0.995880842 410.395294189
0.995800316 -0.016112717 0.090122223 39.743099213 0.014298771 0.999682724 0.020737197 -38.641281128 -0.090427749 -0.019361472 0.995714784 412.644470215
0.995740831 -0.015090196 0.090953209 40.030288696 0.013269015 0.999699831 0.020594841 -38.829544067 -0.091236688 -0.019300269 0.995642185 414.886749268
0.995656788 -0.013962993 0.092046693 40.325645447 0.012108497 0.999712944 0.020675158 -39.017410278 -0.092308946 -0.019470813 0.995539963 417.157897949
0.995594859 -0.014114241 0.092691161 40.626472473 0.012256009 0.999712944 0.020586342 -39.205909729 -0.092955120 -0.019359630 0.995482028 419.410491943
0.995486438 -0.014021509 0.093861580 40.916988373 0.012139846 0.999714315 0.020588297 -39.388397217 -0.094123423 -0.019355906 0.995372474 421.663055420
0.995401978 -0.013997483 0.094757609 41.208896637 0.012124705 0.999720156 0.020310875 -39.575004578 -0.095015384 -0.019068578 0.995293140 423.915100098
0.995350361 -0.014345443 0.095246360 41.514232635 0.012347016 0.999691784 0.021537989 -39.763015747 -0.095525980 -0.020261837 0.995220721 426.184753418
0.995289087 -0.013733509 0.095973529 41.810276031 0.011666782 0.999688447 0.022062439 -39.947872162 -0.096246623 -0.020838801 0.995139360 428.432281494
0.995214045 -0.013054241 0.096843019 42.120502472 0.010843571 0.999669194 0.023318680 -40.135139465 -0.097115397 -0.022156952 0.995026469 430.714172363
0.995200396 -0.013316301 0.096947752 42.420913696 0.011144492 0.999675572 0.022908987 -40.317462921 -0.097221345 -0.021718599 0.995025814 432.962585449
0.995154977 -0.014033409 0.097311504 42.733879089 0.011921841 0.999681413 0.022246670 -40.507026672 -0.097592711 -0.020978749 0.995005310 435.227355957
0.995146930 -0.013141998 0.097518452 43.040592194 0.011010139 0.999689221 0.022367122 -40.677909851 -0.097782105 -0.021184884 0.994982362 437.485504150
0.995114267 -0.013850453 0.097753450 43.353248596 0.011687279 0.999674737 0.022666948 -40.863754272 -0.098035604 -0.021413732 0.994952500 439.765106201
0.995177507 -0.013801338 0.097114645 43.675544739 0.011623701 0.999668896 0.022953542 -41.047264099 -0.097399287 -0.021714015 0.995008469 442.036499023
0.995125711 -0.012774345 0.097783312 43.978569031 0.010516985 0.999666929 0.023566078 -41.232631683 -0.098051772 -0.022422826 0.994928598 444.315155029
0.995076478 -0.013526253 0.098182186 44.292037964 0.011245006 0.999654651 0.023751173 -41.414146423 -0.098469533 -0.022530179 0.994884968 446.583770752
0.995088458 -0.013364761 0.098083191 44.605690002 0.011136984 0.999668360 0.023225615 -41.597850800 -0.098361053 -0.022019193 0.994907141 448.850097656
0.995073318 -0.012626979 0.098334581 44.921356201 0.010397632 0.999678016 0.023150625 -41.785675049 -0.098595217 -0.022014122 0.994884074 451.107666016
0.995049179 -0.012401845 0.098607086 45.235237122 0.010170097 0.999681354 0.023103291 -41.976367950 -0.098862186 -0.021986071 0.994858205 453.369934082
0.994977832 -0.012214700 0.099347226 45.543067932 0.009954381 0.999680936 0.023215681 -42.152400970 -0.099599101 -0.022110149 0.994781971 455.642730713
0.994926631 -0.012395357 0.099836275 45.846454620 0.010141082 0.999682724 0.023055654 -42.344474792 -0.100090370 -0.021926239 0.994736671 457.906951904
0.994931102 -0.011715109 0.099874020 46.169174194 0.009529437 0.999705076 0.022333341 -42.527633667 -0.100106202 -0.021268398 0.994749367 460.186889648
0.994894445 -0.010715482 0.100351870 46.478801727 0.008445142 0.999699295 0.023021379 -42.713989258 -0.100568391 -0.022056350 0.994685650 462.462921143
0.994923234 -0.010385301 0.100099750 46.796783447 0.008019092 0.999679506 0.024011971 -42.893798828 -0.100317046 -0.023087360 0.994687557 464.736663818
0.994951785 -0.010218357 0.099832296 47.105716705 0.007822577 0.999672651 0.024360100 -43.070968628 -0.100048542 -0.023456175 0.994706035 467.005889893
0.995003462 -0.010387708 0.099298328 47.418960571 0.008119110 0.999697328 0.023223156 -43.250030518 -0.099509485 -0.022300905 0.994786799 469.288269043
0.995131612 -0.010748982 0.097967111 47.753257751 0.008552334 0.999703109 0.022814734 -43.438179016 -0.098183252 -0.021865817 0.994928062 471.584014893
0.995209038 -0.010974240 0.097151265 48.068145752 0.008673210 0.999672532 0.024075741 -43.629772186 -0.097383656 -0.023117784 0.994978368 473.860565186
0.995165169 -0.011092744 0.097586289 48.364791870 0.008717518 0.999656081 0.024732549 -43.817329407 -0.097827092 -0.023762261 0.994919658 476.138183594
0.995265961 -0.010581397 0.096612185 48.679332733 0.008312312 0.999680758 0.023858868 -43.982574463 -0.096833803 -0.022942845 0.995036125 478.439178467
0.995285511 -0.010993757 0.096363351 48.990665436 0.008677402 0.999664128 0.024423935 -44.163249969 -0.096599489 -0.023472605 0.995046437 480.718566895
0.995318651 -0.011552723 0.095954783 49.303245544 0.009216531 0.999651015 0.024754433 -44.343437195 -0.096207298 -0.023754172 0.995077848 482.989166260
0.995375216 -0.012162096 0.095290340 49.609329224 0.009892786 0.999656916 0.024251034 -44.524650574 -0.095552593 -0.023196191 0.995154083 485.255157471
0.995430768 -0.012406300 0.094676502 49.919147491 0.010039177 0.999625981 0.025437728 -44.716419220 -0.094956666 -0.024371020 0.995183110 487.538482666
0.995483458 -0.013299081 0.093998648 50.220859528 0.011035862 0.999637544 0.024556117 -44.884376526 -0.094291143 -0.023407852 0.995269418 489.818420410
0.995505452 -0.013049043 0.093800753 50.523590088 0.010734076 0.999626279 0.025141956 -45.062286377 -0.094093777 -0.024022091 0.995273471 492.113006592
0.995577931 -0.012617562 0.093088314 50.835365295 0.010280577 0.999621034 0.025542000 -45.239677429 -0.093375295 -0.024472049 0.995330155 494.398345947
0.995587289 -0.012479968 0.093005612 51.128543854 0.010194124 0.999635100 0.025012186 -45.417240143 -0.093283825 -0.023953708 0.995351374 496.699279785
0.995611787 -0.012374204 0.092757046 51.441196442 0.010124064 0.999643862 0.024689855 -45.606239319 -0.093029544 -0.023642432 0.995382607 499.015960693
0.995660841 -0.012354256 0.092232637 51.745117188 0.010049932 0.999626696 0.025406610 -45.784076691 -0.092512093 -0.024369432 0.995413244 501.312500000
0.995677292 -0.011926343 0.092111543 52.039321899 0.009587858 0.999621391 0.025788473 -45.968353271 -0.092384234 -0.024793847 0.995414674 503.594970703
0.995714009 -0.011089549 0.091818534 52.338233948 0.008819492 0.999646246 0.025092268 -46.149925232 -0.092064291 -0.024174923 0.995459676 505.883514404
0.995677114 -0.010743895 0.092258021 52.624919891 0.008398076 0.999632418 0.025777403 -46.328319550 -0.092501044 -0.024891183 0.995401382 508.173706055
0.995706439 -0.011285035 0.091876149 52.929004669 0.009024748 0.999647200 0.024979854 -46.510334015 -0.092125632 -0.024043448 0.995457053 510.454315186
0.995727301 -0.011853561 0.091578528 53.237594604 0.009517684 0.999619126 0.025901619 -46.692623138 -0.091850668 -0.024919335 0.995460868 512.751159668
0.995727479 -0.011611529 0.091606900 53.532524109 0.009285253 0.999624550 0.025779556 -46.864780426 -0.091871850 -0.024818825 0.995461524 515.060668945
0.995739400 -0.010926845 0.091562152 53.833839417 0.008610108 0.999633670 0.025659259 -47.046112061 -0.091808997 -0.024761578 0.995468736 517.367614746
0.995706379 -0.009977645 0.092028812 54.120651245 0.007663151 0.999646306 0.025468837 -47.226993561 -0.092250384 -0.024654251 0.995430648 519.661010742
0.995683610 -0.008178890 0.092450604 54.421089172 0.005836457 0.999655783 0.025579168 -47.409652710 -0.092627995 -0.024929175 0.995388687 522.007202148
0.995646656 -0.006028867 0.093012556 54.728557587 0.003659593 0.999665022 0.025622191 -47.588188171 -0.093135856 -0.025170265 0.995335221 524.342773438
0.995609164 -0.005237921 0.093460098 55.033603668 0.002751231 0.999639213 0.026716013 -47.760200500 -0.093566313 -0.026341576 0.995264530 526.654602051
0.995560110 -0.005621157 0.093959667 55.339996338 0.003131271 0.999640584 0.026625985 -47.937129974 -0.094075568 -0.026213553 0.995219886 528.968994141
0.995515585 -0.007571889 0.094293900 55.647033691 0.004961560 0.999598920 0.027886648 -48.111248016 -0.094467223 -0.027293749 0.995153725 531.282775879
0.995448947 -0.009096569 0.094861440 55.961059570 0.006488025 0.999593377 0.027770741 -48.289180756 -0.095075458 -0.027028890 0.995103180 533.600463867
0.995408475 -0.009301193 0.095265105 56.268062592 0.006741622 0.999608457 0.027154597 -48.462787628 -0.095480382 -0.026387667 0.995081484 535.904724121
0.995336771 -0.009658941 0.095976055 56.580764771 0.007109276 0.999613583 0.026872177 -48.640083313 -0.096198529 -0.026064539 0.995020986 538.211547852
0.995248497 -0.008770389 0.096971937 56.886764526 0.006268051 0.999640226 0.026079347 -48.816780090 -0.097165771 -0.025347611 0.994945407 540.528503418
0.995160580 -0.008118789 0.097925827 57.192447662 0.005606733 0.999648809 0.025900604 -48.999267578 -0.098101735 -0.025226213 0.994856596 542.842163086
0.995069325 -0.007744982 0.098879136 57.506839752 0.005307090 0.999675989 0.024894552 -49.177810669 -0.099039912 -0.024247048 0.994787991 545.160217285
0.994972348 -0.007791385 0.099846892 57.818252563 0.005256770 0.999657869 0.025623022 -49.358581543 -0.100012369 -0.024969326 0.994672835 547.471496582
0.994894385 -0.007619336 0.100633465 58.126052856 0.005008772 0.999644935 0.026168542 -49.530963898 -0.100797124 -0.025530888 0.994579375 549.767150879
0.994875371 -0.008129781 0.100781269 58.450359344 0.005485153 0.999633968 0.026490664 -49.712291718 -0.100959755 -0.025802106 0.994555831 552.068298340
0.994939744 -0.009253663 0.100046307 58.785289764 0.006728427 0.999650896 0.025548706 -49.889621735 -0.100247808 -0.024746267 0.994654655 554.379699707
0.994955063 -0.009827762 0.099838771 59.116992950 0.007258685 0.999634087 0.026063001 -50.071395874 -0.100058362 -0.025206817 0.994662225 556.701293945
0.994898736 -0.009515922 0.100428529 59.433441162 0.006887921 0.999625564 0.026482256 -50.250324249 -0.100642934 -0.025655420 0.994591773 559.010498047
0.994850874 -0.008801885 0.100966901 59.754592896 0.006062319 0.999605954 0.027408117 -50.427959442 -0.101168379 -0.026654894 0.994512141 561.349731445
0.994889438 -0.009544683 0.100517854 60.091281891 0.006750358 0.999582350 0.028102813 -50.606964111 -0.100744098 -0.027280662 0.994538307 563.676696777
0.994864762 -0.008869918 0.100823179 60.417640686 0.005996431 0.999568164 0.028767681 -50.780036926 -0.101034790 -0.028015377 0.994488299 565.981384277
0.994810700 -0.007823215 0.101441965 60.747341156 0.004969092 0.999585450 0.028357765 -50.960601807 -0.101621762 -0.027706530 0.994437218 568.304870605
0.994828105 -0.007089801 0.101324752 61.087413788 0.004416172 0.999636769 0.026586724 -51.129909515 -0.101476423 -0.026001755 0.994498074 570.631530762
0.994832158 -0.006859506 0.101300672 61.432964325 0.004163200 0.999632061 0.026804335 -51.308986664 -0.101447262 -0.026244085 0.994494677 572.954040527
0.994813263 -0.006866367 0.101486176 61.752449036 0.004035581 0.999597728 0.028072337 -51.496185303 -0.101638131 -0.027517179 0.994440734 575.328552246
0.994822741 -0.007110778 0.101376705 62.090251923 0.004150654 0.999559700 0.029380346 -51.676979065 -0.101541005 -0.028807452 0.994414151 577.638793945
0.994691908 -0.006374315 0.102700584 62.391998291 0.003526684 0.999604881 0.027885269 -51.857105255 -0.102837756 -0.027375063 0.994321406 580.024353027
0.994714022 -0.007083222 0.102439664 62.729133606 0.004265067 0.999607146 0.027703306 -52.027629852 -0.102595635 -0.027119953 0.994353473 582.358642578
0.994688451 -0.007701332 0.102643207 63.060756683 0.004737890 0.999565721 0.029083883 -52.211952209 -0.102822602 -0.028443094 0.994292974 584.688537598
0.994753003 -0.007499371 0.102031186 63.396667480 0.004544751 0.999564469 0.029159706 -52.385356903 -0.102205426 -0.028542999 0.994353712 587.009033203
0.994678497 -0.010214169 0.102521427 63.733222961 0.007358755 0.999575436 0.028191557 -52.567710876 -0.102765873 -0.027287105 0.994331241 589.366516113
0.994691074 -0.010574399 0.102361128 64.073661804 0.007746628 0.999578357 0.027983669 -52.737495422 -0.102613881 -0.027042149 0.994353592 591.715698242
0.994697690 -0.012312875 0.102102250 64.406967163 0.009447369 0.999549091 0.028501322 -52.915641785 -0.102407150 -0.027385604 0.994365454 594.050537109
0.994715691 -0.012659026 0.101884201 64.748222351 0.009787281 0.999541938 0.028637076 -53.092010498 -0.102200069 -0.027488580 0.994383991 596.407043457
