1.000000000 0.000000000 0.000000000 0.000000000 0.000000000 1.000000000 0.000000000 0.000000000 0.000000000 0.000000000 1.000000000 0.000000000
0.999999940 0.000060055 0.000406914 0.087650068 -0.000059999 1.000000000 -0.000136867 -0.226825550 -0.000406922 0.000136843 0.999999881 2.288501740
0.999999166 0.000406898 0.001161728 0.166777998 -0.000407369 0.999999821 0.000404920 -0.464626223 -0.001161563 -0.000405393 0.999999166 4.584932327
0.999998510 0.000053170 0.001723351 0.264124095 -0.000054197 0.999999762 0.000595998 -0.697075307 -0.001723319 -0.000596090 0.999998331 6.871757030
0.999996543 -0.000061190 0.002608339 0.357190192 0.000064123 0.999999285 -0.001124355 -0.929313540 -0.002608268 0.001124519 0.999995947 9.163134575
0.999987662 0.001748028 0.004647889 0.448721051 -0.001749124 0.999998391 0.000231973 -1.165069938 -0.004647476 -0.000240100 0.999989152 11.466814995
0.999970496 0.003457395 0.006847865 0.555514514 -0.003470296 0.999992251 0.001872960 -1.410549641 -0.006841336 -0.001896669 0.999974787 13.755951881
0.999952376 0.003267181 0.009195297 0.661748528 -0.003307737 0.999984801 0.004398753 -1.637354374 -0.009180786 -0.004428959 0.999948025 16.027889252
0.999944687 0.003465666 0.009928470 0.758394301 -0.003521372 0.999978125 0.005598786 -1.860975385 -0.009908849 -0.005633438 0.999934971 18.322673798
0.999926567 0.002449234 0.011867203 0.862963080 -0.002515488 0.999981344 0.005571240 -2.083946228 -0.011853334 -0.005600682 0.999914050 20.617208481
0.999930322 0.000194684 0.011802457 0.987491250 -0.000232561 0.999994814 0.003207967 -2.307793140 -0.011801771 -0.003210488 0.999925137 22.917074203
0.999917090 -0.001945013 0.012733180 1.093250155 0.001927588 0.999997079 0.001380592 -2.528654814 -0.012735831 -0.001355933 0.999917924 25.198091507
0.999914110 -0.002344789 0.012896127 1.224829197 0.002332878 0.999996841 0.000938604 -2.775636911 -0.012898289 -0.000908439 0.999916315 27.484230042
0.999895692 -0.002038209 0.014294051 1.326004744 0.002041727 0.999997854 -0.000231469 -2.997601986 -0.014293549 0.000260629 0.999897778 29.772336960
0.999890089 0.000044786 0.014816305 1.452203274 -0.000083944 0.999996424 0.002642264 -3.226741314 -0.014816133 -0.002643218 0.999886692 32.036006927
0.999894857 0.001969905 0.014366940 1.586923122 -0.002042799 0.999985099 0.005060839 -3.447250605 -0.014356757 -0.005089656 0.999883890 34.316730499
0.999862313 0.004380249 0.016005866 1.705257893 -0.004513030 0.999955654 0.008269136 -3.668913603 -0.015968932 -0.008340231 0.999837816 36.637859344
0.999847233 0.006247818 0.016323239 1.828165650 -0.006375417 0.999949396 0.007776688 -3.886088848 -0.016273823 -0.007879567 0.999836504 38.909866333
0.999806583 0.005181302 0.018980183 1.922758341 -0.005297431 0.999967456 0.006073223 -4.087161064 -0.018948101 -0.006172593 0.999801397 41.216159821
0.999813557 0.002696256 0.019123018 2.049250841 -0.002797992 0.999981999 0.005295249 -4.313977242 -0.019108398 -0.005347767 0.999803126 43.492874146
0.999817073 0.002585670 0.018949922 2.181649923 -0.002665134 0.999987781 0.004169281 -4.538717747 -0.018938910 -0.004219022 0.999811769 45.736671448
0.999816895 0.002053111 0.019024892 2.307409763 -0.002112832 0.999992907 0.003119570 -4.766642094 -0.019018352 -0.003159195 0.999814153 48.009052277
0.999812841 0.000871197 0.019332558 2.441549778 -0.000934505 0.999994218 0.003265918 -4.992014408 -0.019329596 -0.003283372 0.999807894 50.289096832
0.999792516 0.000132406 0.020375190 2.568508863 -0.000205621 0.999993443 0.003591310 -5.216726303 -0.020374577 -0.003594754 0.999785960 52.551582336
0.999790609 -0.001152590 0.020429332 2.707905769 0.001075392 0.999992192 0.003789351 -5.448883533 -0.020433543 -0.003766587 0.999784112 54.832492828
0.999764681 -0.001192641 0.021660650 2.839099407 0.001107322 0.999991596 0.003950492 -5.679033279 -0.021665184 -0.003925577 0.999757588 57.119308472
0.999751568 -0.002589924 0.022138512 2.979739428 0.002489274 0.999986410 0.004572712 -5.904144764 -0.022150051 -0.004516467 0.999744475 59.386173248
0.999717414 -0.003947018 0.023442393 3.111212730 0.003861023 0.999985635 0.003712499 -6.125239372 -0.023456709 -0.003620939 0.999718249 61.653625488
0.999708593 -0.004647299 0.023687733 3.265944958 0.004565831 0.999983430 0.003492214 -6.350299835 -0.023703575 -0.003383043 0.999713302 63.905445099
0.999673009 -0.004067845 0.025242651 3.402879715 0.003966820 0.999983847 0.004050902 -6.573504925 -0.025258722 -0.003949444 0.999673128 66.176513672
0.999648690 -0.003094984 0.026323456 3.549446106 0.002978521 0.999985576 0.004462378 -6.802425861 -0.026336893 -0.004382405 0.999643505 68.435546875
0.999610186 -0.003344887 0.027717052 3.686805248 0.003233155 0.999986470 0.004074962 -7.027004242 -0.027730308 -0.003983760 0.999607503 70.689262390
0.999597788 -0.004150423 0.028051745 3.848698616 0.004076911 0.999988079 0.002677284 -7.249908447 -0.028062524 -0.002561843 0.999602914 72.938987732
0.999576747 -0.005131595 0.028635509 4.004197121 0.005040739 0.999982059 0.003244136 -7.480021954 -0.028651642 -0.003098419 0.999584615 75.219024658
0.999537170 -0.006169016 0.029790180 4.165409088 0.006084854 0.999977231 0.002914979 -7.714358330 -0.029807486 -0.002732361 0.999551952 77.481788635
0.999525726 -0.007435921 0.029882759 4.319384575 0.007359911 0.999969363 0.002652807 -7.941111565 -0.029901570 -0.002431614 0.999549866 79.704742432
0.999494970 -0.007912986 0.030775424 4.467847824 0.007845700 0.999966621 0.002306517 -8.159934998 -0.030792646 -0.002063897 0.999523640 81.959754944
0.999481022 -0.007370207 0.031358596 4.638452530 0.007300615 0.999970615 0.002333137 -8.391114235 -0.031374875 -0.002102989 0.999505401 84.222244263
0.999431789 -0.007123899 0.032945331 4.792998314 0.007046410 0.999972105 0.002467600 -8.606424332 -0.032961994 -0.002234051 0.999454141 86.481109619
0.999432504 -0.006954517 0.032958869 4.965143204 0.006831543 0.999969304 0.003842271 -8.843374252 -0.032984573 -0.003614931 0.999449253 88.745338440
0.999401331 -0.006111810 0.034054045 5.123258114 0.005966191 0.999972582 0.004376128 -9.069444656 -0.034079865 -0.004170334 0.999410391 90.994834900
0.999375045 -0.006135421 0.034810070 5.290787220 0.005993576 0.999973238 0.004177738 -9.290536880 -0.034834765 -0.003966491 0.999385238 93.242538452
0.999360144 -0.006402621 0.035187367 5.459869385 0.006284366 0.999974191 0.003470279 -9.507555962 -0.035208680 -0.003246929 0.999374628 95.492118835
0.999328554 -0.006767852 0.036008235 5.626438618 0.006637417 0.999970913 0.003740696 -9.732685089 -0.036032513 -0.003499183 0.999344587 97.747566223
0.999302149 -0.006746354 0.036739081 5.793476105 0.006627417 0.999972343 0.003358158 -9.966125488 -0.036760714 -0.003112330 0.999319255 99.975746155
0.999232709 -0.006858395 0.038561758 5.951336384 0.006686529 0.999967158 0.004584108 -10.186382294 -0.038591929 -0.004322747 0.999245703 102.200386047
0.999203742 -0.006995496 0.039280675 6.140576363 0.006823510 0.999966562 0.004510759 -10.408948898 -0.039310917 -0.004239136 0.999218047 104.455848694
0.999177694 -0.007559222 0.039838258 6.311483383 0.007343674 0.999957621 0.005554164 -10.636795998 -0.039878566 -0.005257037 0.999190688 106.675537109
0.999144256 -0.009013504 0.040365070 6.498725891 0.008786854 0.999944627 0.005788876 -10.855764389 -0.040415019 -0.005429240 0.999168217 108.922294617
0.999100327 -0.010040328 0.041204188 6.685286999 0.009780504 0.999930978 0.006502599 -11.079112053 -0.041266628 -0.006093751 0.999129593 111.174018860
0.999087870 -0.010504041 0.041389797 6.879397392 0.010290565 0.999932647 0.005367381 -11.304746628 -0.041443381 -0.004936561 0.999128640 113.432411194
0.999045551 -0.011026603 0.042264987 7.064886093 0.010846038 0.999931037 0.004499154 -11.522401810 -0.042311676 -0.004036452 0.999096334 115.676589966
0.999008179 -0.011318357 0.043065213 7.245321274 0.011121255 0.999926507 0.004813635 -11.747310638 -0.043116532 -0.004329920 0.999060690 117.903038025
0.998968661 -0.011400037 0.043953497 7.437937737 0.011153782 0.999920726 0.005843814 -11.969187737 -0.044016641 -0.005347542 0.999016404 120.134651184
0.998934507 -0.012277571 0.044488069 7.636952400 0.012010523 0.999908209 0.006265002 -12.191386223 -0.044560898 -0.005724002 0.998990297 122.342063904
0.998897493 -0.012807812 0.045164205 7.833508015 0.012542534 0.999902368 0.006152118 -12.415781021 -0.045238584 -0.005578861 0.998960614 124.609085083
0.998865664 -0.013189428 0.045752838 8.017606735 0.012960876 0.999902010 0.005288412 -12.638788223 -0.045818109 -0.004689416 0.998938799 126.879562378
0.998853028 -0.014750817 0.045553256 8.208842278 0.014506899 0.999878585 0.005680563 -12.856654167 -0.045631524 -0.005013211 0.998945713 129.141128540
0.998879552 -0.016003620 0.044537347 8.402362823 0.015746320 0.999857306 0.006122047 -13.077139854 -0.044628963 -0.005413887 0.998988986 131.394546509
0.998929322 -0.016356632 0.043274365 8.593023300 0.016052846 0.999844015 0.007358288 -13.294733047 -0.043387968 -0.006655732 0.999036133 133.625854492
0.998971701 -0.017346781 0.041888248 8.783412933 0.017074347 0.999830723 0.006852879 -13.514045715 -0.042000026 -0.006130617 0.999098778 135.879364014
0.999039948 -0.017935302 0.039969895 8.987298965 0.017677801 0.999820709 0.006786564 -13.732985497 -0.040084451 -0.006073469 0.999177873 138.104873657
0.999033391 -0.018719675 0.039771855 9.151479721 0.018465213 0.999806643 0.006755779 -13.951192856 -0.039890632 -0.006014852 0.999185920 140.367416382
0.999028921 -0.019021772 0.039740119 9.323443413 0.018762160 0.999800146 0.006895546 -14.159932137 -0.039863333 -0.006143240 0.999186218 142.598205566
0.999069750 -0.019034375 0.038698919 9.511093140 0.018729825 0.999790788 0.008216981 -14.386907578 -0.038847234 -0.007484512 0.999217153 144.820739746
0.999081910 -0.018149775 0.038805339 9.683520317 0.017885007 0.999814510 0.007159199 -14.600384712 -0.038928073 -0.006458592 0.999221146 147.062988281
0.999099791 -0.017013477 0.038860653 9.861021996 0.016808948 0.999843001 0.005583784 -14.815790176 -0.038949564 -0.004925549 0.999229014 149.298767090
0.999111116 -0.015336585 0.039265674 10.035140991 0.015161284 0.999873698 0.004758365 -15.037444115 -0.039333686 -0.004158817 0.999217391 151.549972534
0.999125481 -0.014332856 0.039278951 10.221200943 0.014150296 0.999887764 0.004921857 -15.254844666 -0.039345086 -0.004361745 0.999216139 153.785095215
0.999113798 -0.013578548 0.039840192 10.396980286 0.013368106 0.999895275 0.005543821 -15.474960327 -0.039911296 -0.005006321 0.999190688 156.041122437
0.999113917 -0.012802848 0.040093090 10.590929031 0.012543160 0.999898791 0.006721976 -15.695713997 -0.040175095 -0.006213127 0.999173343 158.259338379
0.999055326 -0.012233054 0.041697036 10.750120163 0.011918684 0.999898732 0.007779706 -15.918095589 -0.041787986 -0.007275383 0.999100029 160.546859741
0.999025822 -0.011294180 0.042659849 10.932416916 0.010904301 0.999896705 0.009360889 -16.129535675 -0.042761162 -0.008886593 0.999045789 162.783874512
0.998994529 -0.010453025 0.043596271 11.115355492 0.010084693 0.999911666 0.008660044 -16.336645126 -0.043682955 -0.008211682 0.999011636 165.029861450
0.998954475 -0.009644759 0.044687029 11.307529449 0.009309799 0.999926984 0.007697765 -16.551986694 -0.044758007 -0.007273688 0.998971522 167.268417358
0.998871207 -0.007802087 0.046854824 11.490947723 0.007430840 0.999939620 0.008092297 -16.767442703 -0.046915140 -0.007734992 0.998868942 169.497497559
0.998758495 -0.007495208 0.049247362 11.694194794 0.007072763 0.999936759 0.008746699 -16.997716904 -0.049309809 -0.008387525 0.998748243 171.784027100
0.998639643 -0.007646433 0.051579244 11.895165443 0.007228095 0.999939501 0.008292220 -17.206357956 -0.051639527 -0.007908121 0.998634398 174.042282104
0.998551071 -0.007592458 0.053274021 12.102635384 0.007124268 0.999934316 0.008972763 -17.426597595 -0.053338654 -0.008580224 0.998539567 176.292846680
0.998496830 -0.008366738 0.054166991 12.309518814 0.007851597 0.999921978 0.009716030 -17.638914108 -0.054244053 -0.009276129 0.998484552 178.524749756
0.998432636 -0.009273047 0.055193525 12.509276390 0.008733473 0.999911726 0.010009222 -17.850992203 -0.055281468 -0.009511503 0.998425484 180.760894775
0.998488188 -0.009640118 0.054114856 12.721447945 0.009107486 0.999907732 0.010080613 -18.072952271 -0.054207038 -0.009572523 0.998483837 183.012969971
0.998503685 -0.010692558 0.053629026 12.934983253 0.010180014 0.999899924 0.009821299 -18.283620834 -0.053728677 -0.009260658 0.998512626 185.253662109
0.998507321 -0.012464126 0.053176921 13.148760796 0.011891199 0.999867976 0.011076774 -18.497484207 -0.053307973 -0.010427902 0.998523653 187.491104126
0.998484731 -0.013350367 0.053385612 13.346096992 0.012803101 0.999862075 0.010580094 -18.710983276 -0.053519506 -0.009880562 0.998517931 189.735183716
0.998470902 -0.014358884 0.053384341 13.558874130 0.013836491 0.999852836 0.010142273 -18.918989182 -0.053522125 -0.009388113 0.998522580 191.975692749
0.998447597 -0.015503384 0.053497497 13.755270004 0.014980135 0.999836028 0.010168074 -19.145467758 -0.053646363 -0.009350889 0.998516321 194.232864380
0.998468518 -0.015122124 0.053214956 13.972530365 0.014593422 0.999840319 0.010309808 -19.352924347 -0.053362355 -0.009517431 0.998529851 196.466674805
0.998468876 -0.013355618 0.053679157 14.186006546 0.012794521 0.999859929 0.010782907 -19.565782547 -0.053815648 -0.010079599 0.998499990 198.709594727
0.998490810 -0.011122623 0.053781476 14.389036179 0.010563998 0.999887288 0.010660083 -19.792327881 -0.053893980 -0.010075847 0.998495817 200.961303711
0.998456120 -0.010386337 0.054566570 14.600623131 0.009855527 0.999901533 0.009987889 -20.003416061 -0.054664932 -0.009434688 0.998460114 203.219528198
0.998423815 -0.011241543 0.054986261 14.808214188 0.010651747 0.999882638 0.011007619 -20.216205597 -0.055103552 -0.010404568 0.998426437 205.452163696
0.998386741 -0.012559484 0.055373896 15.016412735 0.011929652 0.999860525 0.011690075 -20.425699234 -0.055512995 -0.011010622 0.998397231 207.668609619
0.998357952 -0.012591684 0.055881094 15.238641739 0.011963956 0.999861598 0.011553650 -20.633977890 -0.056018841 -0.010866119 0.998370588 209.948715210
0.998245001 -0.011540649 0.058084927 15.445785522 0.010802287 0.999856949 0.013009779 -20.843742371 -0.058226772 -0.012359496 0.998226821 212.188919067
0.998116791 -0.011046924 0.060339451 15.667617798 0.010293674 0.999865353 0.012780152 -21.049860001 -0.060472514 -0.012134970 0.998096108 214.474853516
0.997980773 -0.009517345 0.062799282 15.889698029 0.008700120 0.999874115 0.013273939 -21.254051208 -0.062917694 -0.012700776 0.997937918 216.700485229
0.997832417 -0.010844346 0.064906359 16.113216400 0.009971967 0.999855757 0.013749510 -21.465261459 -0.065046079 -0.013072462 0.997796655 218.953842163
0.997681975 -0.012196763 0.066946186 16.346855164 0.011253296 0.999832153 0.014451987 -21.666999817 -0.067111216 -0.013665122 0.997651935 221.183639526
0.997580230 -0.013255554 0.068248436 16.584283829 0.012231279 0.999806523 0.015404097 -21.864202499 -0.068439402 -0.014532058 0.997549355 223.411895752
0.997507632 -0.015492588 0.068836898 16.839130402 0.014495957 0.999783099 0.014954168 -22.072456360 -0.069053642 -0.013919041 0.997515857 225.642669678
0.997475386 -0.016701221 0.069021426 17.086305618 0.015737796 0.999771416 0.014478595 -22.265718460 -0.069247447 -0.013355799 0.997510076 227.892105103
0.997433066 -0.017027931 0.069550775 17.331790924 0.016040031 0.999762714 0.014737926 -22.464185715 -0.069785230 -0.013584499 0.997469544 230.135925293
0.997361004 -0.018349318 0.070244804 17.575691223 0.017416364 0.999752045 0.013871062 -22.662603378 -0.070481926 -0.012611046 0.997433305 232.375061035
0.997349679 -0.019845909 0.069997765 17.854299545 0.018821361 0.999706328 0.015266201 -22.871547699 -0.070280172 -0.013908290 0.997430325 234.670639038
0.997306824 -0.019422784 0.070722647 18.102584839 0.018380936 0.999713123 0.015352634 -23.066045761 -0.071000539 -0.014011338 0.997377992 236.917633057
0.997262061 -0.019189645 0.071414039 18.345962524 0.018151423 0.999720335 0.015158723 -23.256750107 -0.071684949 -0.013820954 0.997331560 239.145141602
0.997219741 -0.019492090 0.071922883 18.595199585 0.018416423 0.999708831 0.015588865 -23.454750061 -0.072205812 -0.014220962 0.997288287 241.370132446
0.997176349 -0.020193178 0.072329789 18.848218918 0.019107848 0.999694645 0.015665986 -23.647054672 -0.072624065 -0.014239685 0.997257710 243.611694336
0.997137070 -0.020364085 0.072821118 19.100732803 0.019314649 0.999699652 0.015086532 -23.849176407 -0.073106460 -0.013636827 0.997230828 245.840179443
0.997151732 -0.019905981 0.072747223 19.367189407 0.018916395 0.999719262 0.014266881 -24.048421860 -0.073010787 -0.012850131 0.997248352 248.084564209
0.997128725 -0.019953236 0.073048905 19.625844955 0.018925549 0.999712348 0.014733836 -24.246803284 -0.073321879 -0.013309039 0.997219503 250.324203491
0.997112691 -0.021297431 0.072888084 19.895826340 0.020290790 0.999688566 0.014523599 -24.444797516 -0.073174722 -0.013002708 0.997234344 252.578094482
0.997099876 -0.021394473 0.073034294 20.160305023 0.020319166 0.999674320 0.015434828 -24.648759842 -0.073340729 -0.013906069 0.997209966 254.835540771
0.997076929 -0.022385435 0.073051453 20.408666611 0.021279564 0.999647379 0.015881719 -24.848594666 -0.073381223 -0.014280792 0.997201741 257.054656982
0.997025907 -0.022876272 0.073592782 20.672262192 0.021704184 0.999625146 0.016687300 -25.063219070 -0.073946930 -0.015040400 0.997148752 259.326263428
0.996987939 -0.022647245 0.074176259 20.934000015 0.021511011 0.999639392 0.016081346 -25.256992340 -0.074513696 -0.014437303 0.997115493 261.571502686
0.996957362 -0.022634951 0.074589990 21.197694778 0.021516515 0.999644160 0.015764199 -25.451759338 -0.074920267 -0.014111319 0.997089684 263.827331543
0.996927321 -0.022009412 0.075176343 21.459959030 0.020912956 0.999663591 0.015341410 -25.651746750 -0.075488701 -0.013722112 0.997052193 266.065185547
0.996860266 -0.021297906 0.076261707 21.723833084 0.020176953 0.999677241 0.015439263 -25.844165802 -0.076565906 -0.013852062 0.996968329 268.312286377
0.996738851 -0.020940486 0.077930756 21.987228394 0.019818287 0.999688864 0.015145689 -26.054536819 -0.078223668 -0.013551844 0.996843696 270.583618164
0.996616304 -0.021666113 0.079287238 22.259220123 0.020501383 0.999670029 0.015474742 -26.253652573 -0.079596356 -0.013796885 0.996731699 272.828948975
0.996424735 -0.022128139 0.081537530 22.516078949 0.020892445 0.999654174 0.015977146 -26.444103241 -0.081862867 -0.014216506 0.996542156 275.075897217
0.996320367 -0.021877104 0.082868099 22.796976089 0.020563792 0.999649525 0.016668865 -26.625438690 -0.083203718 -0.014903445 0.996421158 277.317169189
0.996235549 -0.021081651 0.084085084 23.085336685 0.019551665 0.999628723 0.018977925 -26.842134476 -0.084453948 -0.017262483 0.996277869 279.565582275
0.996145010 -0.020908339 0.085193135 23.374465942 0.019269651 0.999614060 0.020012133 -27.036365509 -0.085578673 -0.018293343 0.996163428 281.802398682
0.996083021 -0.019589402 0.086225227 23.661230087 0.017937507 0.999641240 0.019891225 -27.218975067 -0.086583935 -0.018266648 0.996077001 284.069030762
0.995992124 -0.018771801 0.087447830 23.937364578 0.017112421 0.999659717 0.019686894 -27.405639648 -0.087787643 -0.018111551 0.995974481 286.296844482
0.995938301 -0.018375169 0.088143319 24.224662781 0.016843250 0.999694407 0.018092347 -27.579936981 -0.088448845 -0.016534239 0.995943487 288.538391113
0.995883644 -0.019326583 0.088556819 24.507246017 0.017736485 0.999667585 0.018707624 -27.777511597 -0.088888951 -0.017059928 0.995895445 290.763885498
0.995820761 -0.019024052 0.089325272 24.782796860 0.017611571 0.999707460 0.016574420 -27.950304031 -0.089614443 -0.014931994 0.995864511 293.014831543
0.995836854 -0.019623745 0.089015126 25.073860168 0.018294482 0.999709010 0.015724432 -28.140544891 -0.089297794 -0.014030484 0.995906055 295.243743896
0.995818496 -0.019575035 0.089231111 25.361095428 0.018252391 0.999711454 0.015614682 -28.335369110 -0.089511015 -0.013920710 0.995888531 297.470611572
0.995817661 -0.018911075 0.089384124 25.649768829 0.017581062 0.999723017 0.015643785 -28.525493622 -0.089655206 -0.014006889 0.995874345 299.707763672
0.995732486 -0.018726449 0.090366438 25.914396286 0.017268980 0.999708295 0.016883515 -28.727697372 -0.090656258 -0.015250931 0.995765388 301.935302734
0.995740354 -0.019352671 0.090146981 26.214149475 0.017897015 0.999696493 0.016928064 -28.919572830 -0.090447210 -0.015242597 0.995784521 304.187438965
0.995691419 -0.018770758 0.090809122 26.504644394 0.017285658 0.999704063 0.017113132 -29.111331940 -0.091103479 -0.015469707 0.995721281 306.437438965
0.995691180 -0.019481137 0.090662062 26.798736572 0.018008977 0.999692917 0.017027713 -29.310518265 -0.090965919 -0.015321614 0.995736122 308.689971924
0.995647669 -0.020912997 0.090822138 27.095928192 0.019398022 0.999658108 0.017531537 -29.502571106 -0.091157712 -0.015693460 0.995712817 310.951507568
0.995610833 -0.020666011 0.091280907 27.393310547 0.019215951 0.999675214 0.016736221 -29.695695877 -0.091597147 -0.014908712 0.995684564 313.202758789
0.995622635 -0.020431096 0.091205016 27.693817139 0.018899802 0.999666095 0.017621906 -29.894973755 -0.091534592 -0.015821006 0.995676219 315.451843262
0.995576143 -0.018990261 0.092018962 27.989459991 0.017523715 0.999706626 0.016719388 -30.088165283 -0.092309482 -0.015032914 0.995616853 317.695556641
0.995537221 -0.017168628 0.092794620 28.275506973 0.015631052 0.999728620 0.017271232 -30.282243729 -0.093065947 -0.015743675 0.995535493 319.936218262
0.995506108 -0.015727419 0.093381912 28.568206787 0.014253382 0.999763370 0.016431140 -30.472803116 -0.093618259 -0.015026294 0.995494723 322.164733887
0.995451808 -0.014873638 0.094097853 28.859256744 0.013316186 0.999764264 0.017157698 -30.664646149 -0.094330840 -0.015826641 0.995415032 324.405334473
0.995452464 -0.014966074 0.094076544 29.164245605 0.013277298 0.999739766 0.018551474 -30.867048264 -0.094329685 -0.017218029 0.995392084 326.635925293
0.995380402 -0.015502481 0.094749413 29.449760437 0.013836917 0.999738455 0.018210469 -31.059413910 -0.095006913 -0.016815308 0.995334566 328.875000000
0.995377421 -0.016824665 0.094555117 29.757452011 0.015252460 0.999733508 0.017325651 -31.248340607 -0.094821438 -0.015803361 0.995368838 331.102600098
0.995368183 -0.016534008 0.094703220 30.053203583 0.014996039 0.999744236 0.016928652 -31.438848495 -0.094958887 -0.015430069 0.995361626 333.330383301
0.995335460 -0.016798720 0.095000245 30.351398468 0.015138594 0.999720335 0.018168790 -31.629306793 -0.095278896 -0.016645877 0.995311439 335.570343018
0.995359898 -0.016993845 0.094709121 30.661312103 0.015348255 0.999718785 0.018076694 -31.816984177 -0.094989672 -0.016539197 0.995340884 337.801177979
0.995344996 -0.016384169 0.094973035 30.951623917 0.014698505 0.999722123 0.018421367 -32.013252258 -0.095248468 -0.016939651 0.995309353 340.031158447
0.995368242 -0.016283058 0.094746687 31.261814117 0.014637659 0.999730170 0.018035488 -32.205886841 -0.095014796 -0.016565083 0.995338023 342.282806396
0.995368540 -0.016308615 0.094738834 31.561559677 0.014619940 0.999722123 0.018491404 -32.396553040 -0.095014080 -0.017020686 0.995330393 344.532592773
0.995391905 -0.015965324 0.094551899 31.858934402 0.014264161 0.999724507 0.018640511 -32.587135315 -0.094823457 -0.017205909 0.995345354 346.776458740
0.995411515 -0.015696326 0.094390579 32.157131195 0.014018801 0.999732196 0.018409152 -32.775051117 -0.094654262 -0.017001437 0.995365024 349.012725830
0.995355546 -0.015213125 0.095057435 32.453609467 0.013474135 0.999730408 0.018909285 -32.969646454 -0.095319480 -0.017540645 0.995292187 351.249084473
0.995394826 -0.015217167 0.094644547 32.756275177 0.013442619 0.999722183 0.019359041 -33.160015106 -0.094912842 -0.017997621 0.995322883 353.460906982
0.995409727 -0.015140058 0.094500095 33.056858063 0.013415546 0.999732196 0.018857509 -33.349411011 -0.094760291 -0.017503180 0.995346248 355.709167480
0.995443225 -0.014894274 0.094185874 33.356216431 0.013128676 0.999726832 0.019337865 -33.538013458 -0.094448149 -0.018013207 0.995366812 357.943298340
0.995521367 -0.014161125 0.093470082 33.663703918 0.012314523 0.999718010 0.020303380 -33.730865479 -0.093731262 -0.019061405 0.995415032 360.187286377
0.995583355 -0.014265739 0.092790939 33.971240997 0.012426432 0.999715209 0.020369742 -33.922004700 -0.093055099 -0.019126715 0.995477259 362.432464600
0.995632827 -0.014265245 0.092259176 34.276096344 0.012396638 0.999706924 0.020795340 -34.108734131 -0.092528783 -0.019560823 0.995517850 364.675201416
0.995677471 -0.014266869 0.091775268 34.574783325 0.012464045 0.999718547 0.020187154 -34.296127319 -0.092037439 -0.018956006 0.995575070 366.921875000
0.995694101 -0.014982359 0.091480769 34.866558075 0.013201280 0.999711931 0.020043619 -34.484210968 -0.091754712 -0.018749649 0.995605230 369.165618896
0.995693088 -0.014973825 0.091493189 35.155948639 0.013265499 0.999726653 0.019251332 -34.667324066 -0.091756448 -0.017954715 0.995619595 371.418853760
0.995745361 -0.014801391 0.090949439 35.453720093 0.013087914 0.999725997 0.019407528 -34.859382629 -0.091211788 -0.018134620 0.995666385 373.656799316
0.995777547 -0.014485616 0.090649322 35.751068115 0.012704051 0.999715269 0.020199619 -35.043106079 -0.090916112 -0.018962709 0.995678008 375.908569336
0.995745718 -0.014978339 0.090918086 36.036628723 0.013183177 0.999706864 0.020313341 -35.226310730 -0.091195703 -0.019028336 0.995651186 378.159545898
0.995747507 -0.015644662 0.090786494 36.333778381 0.013828780 0.999692202 0.020596394 -35.417697906 -0.091080777 -0.019253341 0.995657384 380.401153564
0.995762169 -0.015864689 0.090587005 36.634452820 0.014056395 0.999689698 0.020565161 -35.596759796 -0.090885155 -0.019204687 0.995676160 382.650878906
0.995768905 -0.014938642 0.090669721 36.933601379 0.013097956 0.999696553 0.020862196 -35.785167694 -0.090953879 -0.019586341 0.995662391 384.902679443
0.995773733 -0.013672614 0.090816706 37.223800659 0.011807827 0.999708951 0.021039188 -35.968681335 -0.091077931 -0.019877927 0.995645344 387.138488770
0.995804727 -0.012606975 0.090630874 37.529094696 0.010752854 0.999723375 0.020917207 -36.160594940 -0.090869501 -0.019854914 0.995664775 389.403869629
0.995787442 -0.010876198 0.091044232 37.818965912 0.009010721 0.999741495 0.020875841 -36.349090576 -0.091247760 -0.019967530 0.995627999 391.676727295
0.995777249 -0.009662424 0.091292180 38.112339020 0.007636925 0.999717414 0.022510340 -36.537399292 -0.091483898 -0.021718096 0.995569646 393.937133789
0.995692611 -0.008250780 0.092348076 38.395893097 0.006187713 0.999725282 0.022604199 -36.718860626 -0.092509203 -0.021935415 0.995470107 396.200012207
0.995638549 -0.008105949 0.092941776 38.690917969 0.006162963 0.999756932 0.021173399 -36.911003113 -0.093090802 -0.020508252 0.995446384 398.460571289
0.995579243 -0.008261370 0.093561113 38.983608246 0.006354839 0.999766409 0.020657048 -37.099617004 -0.093709916 -0.019971162 0.995399237 400.723419189
0.995413423 -0.009251481 0.095217995 39.262969971 0.007170236 0.999728262 0.022176672 -37.287055969 -0.095397301 -0.021392219 0.995209396 402.963256836
0.995441258 -0.010700363 0.094774760 39.584117889 0.008561934 0.999700069 0.022941269 -37.470806122 -0.094991826 -0.022025229 0.995234370 405.245697021
0.995439291 -0.011104024 0.094748296 39.887168884 0.009004650 0.999704957 0.022556251 -37.649730682 -0.094970807 -0.021600205 0.995245695 407.500457764
0.995377660 -0.010011222 0.095514961 40.209335327 0.007962421 0.999730468 0.021807138 -37.831943512 -0.095707528 -0.020945808 0.995189011 409.762634277
0.995315135 -0.009281971 0.096237697 40.511531830 0.007171357 0.999726653 0.022253988 -38.020832062 -0.096417949 -0.021459576 0.995109558 412.020812988
0.995271981 -0.008036727 0.096793860 40.825622559 0.005955429 0.999745250 0.021772120 -38.206409454 -0.096944176 -0.021092733 0.995066285 414.282714844
0.995200753 -0.006885156 0.097611696 41.139053345 0.004773015 0.999749780 0.021855224 -38.390335083 -0.097737759 -0.021284437 0.994984567 416.547210693
0.995127141 -0.007106773 0.098343395 41.450641632 0.004989741 0.999750853 0.021756176 -38.577491760 -0.098473519 -0.021159453 0.994914711 418.800720215
0.995023251 -0.007105474 0.099389598 41.753257751 0.004970506 0.999751925 0.021711946 -38.759773254 -0.099519216 -0.021109873 0.994811714 421.050750732
0.994942844 -0.007418454 0.100168526 42.058906555 0.005273366 0.999751389 0.021662612 -38.949672699 -0.100304335 -0.021024831 0.994734645 423.302490234
0.994877696 -0.007782678 0.100786939 42.374244690 0.005524346 0.999727726 0.022666752 -39.131324768 -0.100935921 -0.021993866 0.994649708 425.570709229
0.994824111 -0.007105821 0.101362780 42.682796478 0.004757631 0.999715090 0.023389164 -39.314392090 -0.101500079 -0.022785857 0.994574666 427.819030762
0.994750679 -0.006230420 0.102138773 43.002296448 0.003794581 0.999704063 0.024025306 -39.494049072 -0.102258228 -0.023511615 0.994479954 430.091003418
0.994737387 -0.006876037 0.102225788 43.317043304 0.004399548 0.999691844 0.024431437 -39.685173035 -0.102362275 -0.023853116 0.994461179 432.340606689
0.994693577 -0.007563383 0.102603257 43.638786316 0.005137525 0.999701381 0.023886792 -39.874042511 -0.102753289 -0.023232913 0.994435489 434.602996826
0.994646788 -0.006462621 0.103130773 43.956981659 0.004011884 0.999704957 0.023953155 -40.041061401 -0.103255153 -0.023411179 0.994379342 436.868133545
0.994608700 -0.006913337 0.103468508 44.280487061 0.004438599 0.999698997 0.024128944 -40.221981049 -0.103604160 -0.023539603 0.994340003 439.153442383
0.994691432 -0.006939611 0.102668084 44.617156982 0.004473881 0.999696493 0.024227321 -40.399745941 -0.102805048 -0.023639388 0.994420528 441.428466797
0.994632840 -0.006441943 0.103266001 44.941062927 0.003841497 0.999670923 0.025361156 -40.596096039 -0.103395402 -0.024828346 0.994330406 443.710357666
0.994579673 -0.007484054 0.103707179 45.258995056 0.004863758 0.999663055 0.025496189 -40.772235870 -0.103863046 -0.024853583 0.994281054 445.969848633
0.994650424 -0.006451076 0.103096649 45.613319397 0.003888446 0.999679029 0.025038254 -40.947860718 -0.103225052 -0.024503419 0.994356275 448.233184814
0.994706750 -0.005784257 0.102591351 45.945625305 0.003274306 0.999691606 0.024617076 -41.127437592 -0.102702081 -0.024150860 0.994418919 450.487792969
0.994641602 -0.005134398 0.103255369 46.262336731 0.002634831 0.999700665 0.024329452 -41.311988831 -0.103349365 -0.023927029 0.994357288 452.743530273
0.994570613 -0.004572045 0.103963204 46.579509735 0.002044012 0.999700069 0.024410157 -41.484855652 -0.104043610 -0.024065128 0.994281530 455.010955811
0.994550347 -0.004616307 0.104155220 46.894916534 0.002111684 0.999706268 0.024144491 -41.669944763 -0.104236081 -0.023792973 0.994267941 457.267974854
0.994587302 -0.003681489 0.103839278 47.232330322 0.001265909 0.999727249 0.023319008 -41.850654602 -0.103896804 -0.023061335 0.994320691 459.550201416
0.994577527 -0.002934759 0.103956215 47.556987762 0.000450954 0.999714017 0.023908254 -42.035255432 -0.103996634 -0.023731735 0.994294465 461.832336426
0.994582713 -0.002561267 0.103915855 47.881473541 -0.000069405 0.999679804 0.025303891 -42.216526031 -0.103947401 -0.025174029 0.994264126 464.108398438
0.994617224 -0.002885170 0.103577465 48.199451447 0.000244246 0.999674797 0.025500733 -42.390983582 -0.103617348 -0.025338169 0.994294405 466.375579834
0.994728506 -0.003154787 0.102495253 48.529750824 0.000654050 0.999701500 0.024423013 -42.570167542 -0.102541707 -0.024227230 0.994433641 468.655151367
0.994806468 -0.003219177 0.101733871 48.862010956 0.000769943 0.999709070 0.024105016 -42.753044128 -0.101781897 -0.023901494 0.994519591 470.943420410
0.994859576 -0.003556155 0.101201817 49.176425934 0.001009174 0.999681711 0.025207432 -42.938915253 -0.101259224 -0.024975725 0.994546533 473.219146729
0.994840324 -0.003768514 0.101382636 49.484439850 0.001199912 0.999677062 0.025384776 -43.118835449 -0.101445563 -0.025132153 0.994523585 475.495025635
0.994894445 -0.003429569 0.100862660 49.791202545 0.000909669 0.999686539 0.025018875 -43.287189484 -0.100916855 -0.024799386 0.994585693 477.774780273
0.994922698 -0.003512712 0.100581780 50.110382080 0.000955338 0.999675333 0.025462704 -43.466445923 -0.100638591 -0.025237329 0.994602919 480.054748535
0.994949996 -0.003822304 0.100299217 50.432548523 0.001187491 0.999653101 0.026316086 -43.645519257 -0.100364991 -0.026064085 0.994609177 482.332122803
0.994937062 -0.004333472 0.100406937 50.739673615 0.001778524 0.999672651 0.025521491 -43.822608948 -0.100484654 -0.025213696 0.994619071 484.619415283
0.995030165 -0.004688149 0.099463262 51.061027527 0.002115633 0.999660909 0.025953706 -44.005550385 -0.099551208 -0.025614290 0.994702816 486.929260254
0.995078921 -0.004885862 0.098964244 51.377483368 0.002335365 0.999662519 0.025871374 -44.180236816 -0.099057250 -0.025512943 0.994754553 489.213165283
0.995083869 -0.004656581 0.098925985 51.687053680 0.002071731 0.999654114 0.026215805 -44.354854584 -0.099013843 -0.025881976 0.994749427 491.508697510
0.995130539 -0.004326876 0.098470807 52.005558014 0.001685196 0.999636829 0.026894419 -44.534599304 -0.098551422 -0.026597518 0.994776368 493.794189453
0.995120406 -0.003833304 0.098593518 52.308948517 0.001220163 0.999646664 0.026550848 -44.708354950 -0.098660477 -0.026300991 0.994773448 496.098083496
0.995143533 -0.003603376 0.098367736 52.633865356 0.001050781 0.999661624 0.025989000 -44.891670227 -0.098428078 -0.025759423 0.994810641 498.419036865
0.995178342 -0.003533315 0.098017558 52.943542480 0.000910272 0.999640524 0.026792765 -45.067985535 -0.098076977 -0.026574356 0.994824052 500.713073730
0.995173335 -0.003143630 0.098081701 53.249019623 0.000476001 0.999629617 0.027209572 -45.248352051 -0.098130912 -0.027031558 0.994806290 502.990417480
0.995215893 -0.002255330 0.097674169 53.563377380 -0.000335879 0.999648571 0.026504571 -45.426696777 -0.097699605 -0.026410570 0.994865477 505.278564453
0.995207727 -0.001939819 0.097763807 53.867225647 -0.000707926 0.999634027 0.027041115 -45.603691101 -0.097780503 -0.026980735 0.994842231 507.568145752
0.995220065 -0.002525213 0.097624213 54.177833557 -0.000038811 0.999655306 0.026253404 -45.784114838 -0.097656846 -0.026131706 0.994876981 509.855468750
0.995261192 -0.003314394 0.097181246 54.500038147 0.000672338 0.999629617 0.027207047 -45.969295502 -0.097235426 -0.027012778 0.994894743 512.157409668
0.995268285 -0.002969951 0.097119577 54.813312531 0.000312172 0.999625266 0.027369792 -46.143768311 -0.097164482 -0.027209967 0.994896293 514.459045410
0.995258808 -0.002062397 0.097239450 55.122920990 -0.000579528 0.999631584 0.027133206 -46.320152283 -0.097259589 -0.027060920 0.994891047 516.767822266
0.995204210 -0.001133237 0.097812623 55.424789429 -0.001510307 0.999635696 0.026948340 -46.500381470 -0.097807519 -0.026966831 0.994840026 519.061950684
0.995180011 0.000927383 0.098060481 55.734214783 -0.003596480 0.999627709 0.027045632 -46.676948547 -0.097998895 -0.027267940 0.994812906 521.396057129
0.995102704 0.002963931 0.098802164 56.049468994 -0.005696128 0.999608696 0.027382610 -46.857482910 -0.098682366 -0.027811294 0.994730294 523.729370117
0.995032609 0.003713257 0.099480331 56.364707947 -0.006579319 0.999572217 0.028497783 -47.026081085 -0.099331968 -0.029010739 0.994631350 526.047424316
0.994961143 0.003261673 0.100208104 56.672523499 -0.006142447 0.999576271 0.028452827 -47.199310303 -0.100072861 -0.028924981 0.994559526 528.346923828
0.994902313 0.001495446 0.100832477 56.984214783 -0.004525827 0.999544621 0.029831566 -47.370738983 -0.100741960 -0.030135844 0.994455993 530.659179688
0.994847834 -0.000087167 0.101379618 57.311470032 -0.002936258 0.999555349 0.029673200 -47.542552948 -0.101337127 -0.029817995 0.994405210 532.975708008
0.994832873 -0.000466122 0.101525024 57.633567810 -0.002513913 0.999569774 0.029222779 -47.718818665 -0.101494975 -0.029327007 0.994403660 535.280578613
0.994735003 -0.000531463 0.102478653 57.950599670 -0.002461478 0.999574125 0.029076846 -47.891647339 -0.102450445 -0.029176004 0.994310141 537.590332031
0.994647861 -0.000014946 0.103323102 58.268474579 -0.002944576 0.999589682 0.028490786 -48.068473816 -0.103281125 -0.028642543 0.994239688 539.899169922
0.994546950 0.000774597 0.104286894 58.596771240 -0.003733917 0.999595821 0.028184487 -48.244750977 -0.104222916 -0.028420189 0.994147778 542.223266602
0.994424284 0.001111431 0.105447292 58.900421143 -0.004030576 0.999614298 0.027474390 -48.424259186 -0.105376080 -0.027746208 0.994045258 544.531066895
0.994280577 0.001175334 0.106792815 59.217418671 -0.004159460 0.999606848 0.027724694 -48.594978333 -0.106718250 -0.028010324 0.993894637 546.859802246
0.994133592 0.001149881 0.108154386 59.529170990 -0.004322618 0.999566972 0.029105388 -48.778667450 -0.108074106 -0.029402150 0.993707955 549.152709961
0.994061172 0.000953241 0.108818419 59.861011505 -0.004177707 0.999558747 0.029407484 -48.952388763 -0.108742379 -0.029687444 0.993626595 551.458496094
0.994161427 -0.000060569 0.107902750 60.215751648 -0.003021623 0.999592185 0.028400807 -49.122650146 -0.107860446 -0.028561033 0.993755698 553.768310547
0.994164944 -0.000267844 0.107869484 60.557735443 -0.002862814 0.999579191 0.028866747 -49.298305511 -0.107831813 -0.029007120 0.993745863 556.078369141
0.994119883 -0.000217069 0.108284198 60.894226074 -0.002961957 0.999569297 0.029196484 -49.470382690 -0.108243875 -0.029345537 0.993691266 558.387817383
0.994097292 0.000177725 0.108492285 61.235877991 -0.003468946 0.999539435 0.030148018 -49.641605377 -0.108436957 -0.030346418 0.993640065 560.718872070
0.994083524 -0.000544309 0.108617269 61.581401825 -0.002801164 0.999526381 0.030645611 -49.814201355 -0.108582504 -0.030768547 0.993611157 563.051818848
0.994055450 -0.000097734 0.108874723 61.926856995 -0.003334791 0.999503076 0.031344771 -49.983116150 -0.108823664 -0.031521518 0.993561149 565.369567871
0.993993878 0.000683042 0.109433569 62.270595551 -0.004078964 0.999516845 0.030810956 -50.158100128 -0.109359659 -0.031072279 0.993516445 567.684448242
0.994016886 0.001823156 0.109210916 62.630191803 -0.005048911 0.999558806 0.029267684 -50.321395874 -0.109109372 -0.029643973 0.993587613 570.014404297
0.993993342 0.002279534 0.109416679 62.989589691 -0.005567192 0.999541879 0.029751051 -50.498527527 -0.109298736 -0.030181488 0.993550599 572.333923340
0.993958175 0.002319423 0.109734960 63.331291199 -0.005693444 0.999520242 0.030443667 -50.666213989 -0.109611712 -0.030884499 0.993494511 574.702392578
0.993967295 0.002243949 0.109654404 63.686401367 -0.005751353 0.999481440 0.031680170 -50.841575623 -0.109526463 -0.032119714 0.993464768 577.012573242
0.993878782 0.002669462 0.110443473 64.030738831 -0.006030351 0.999528408 0.030108029 -51.017097473 -0.110311016 -0.030589744 0.993426263 579.395751953
0.993932366 0.001803966 0.109978974 64.387062073 -0.005043845 0.999561191 0.029187990 -51.176330566 -0.109878071 -0.029565606 0.993505239 581.730102539
0.993844986 0.002000593 0.110761687 64.726028442 -0.005507072 0.999492943 0.031360995 -51.365348816 -0.110642776 -0.031777941 0.993351996 584.047424316
0.993913174 0.002104501 0.110146120 65.077789307 -0.005577653 0.999496579 0.031233612 -51.532829285 -0.110024944 -0.031657860 0.993424535 586.365295410
0.993894339 -0.000326769 0.110335037 65.440216064 -0.003001309 0.999545515 0.029995954 -51.706794739 -0.110294700 -0.030143963 0.993441701 588.723876953
0.993945360 -0.000639996 0.109874554 65.803321838 -0.002662456 0.999549150 0.029907221 -51.874855042 -0.109844156 -0.030018676 0.993495405 591.073730469
0.993952930 -0.002136992 0.109787442 66.148254395 -0.001208805 0.999537110 0.030399628 -52.048751831 -0.109801605 -0.030348510 0.993490040 593.406738281
0.993958056 -0.002453464 0.109733202 66.503143311 -0.000922964 0.999527991 0.030708067 -52.222961426 -0.109756730 -0.030623810 0.993486583 595.764282227
