1.000000000 0.000000000 0.000000000 0.000000000 0.000000000 1.000000000 0.000000000 0.000000000 0.000000000 0.000000000 1.000000000 0.000000000
0.999999881 0.000160589 0.000503340 0.088095769 -0.000160521 1.000000000 -0.000135417 -0.225928620 -0.000503361 0.000135336 0.999999881 2.294776440
0.999999046 0.000608546 0.001235778 0.164627120 -0.000609181 0.999999702 0.000513487 -0.465343475 -0.001235466 -0.000514239 0.999999106 4.585016251
0.999998450 0.000273505 0.001735704 0.262509823 -0.000274524 0.999999702 0.000586856 -0.694630802 -0.001735543 -0.000587332 0.999998331 6.871993065
0.999996543 0.000087434 0.002622194 0.354997039 -0.000084399 0.999999344 -0.001157489 -0.926229537 -0.002622293 0.001157264 0.999995887 9.168066978
0.999986768 0.001875321 0.004777438 0.445560306 -0.001876581 0.999998212 0.000259233 -1.162340164 -0.004776944 -0.000268195 0.999988556 11.473678589
0.999965370 0.003541304 0.007528706 0.530472636 -0.003549441 0.999993145 0.001067727 -1.387717247 -0.007524873 -0.001094413 0.999971032 13.783318520
0.999945462 0.003389336 0.009878597 0.638529897 -0.003424946 0.999987721 0.003590063 -1.616792321 -0.009866308 -0.003623701 0.999944746 16.053750992
0.999943674 0.003177126 0.010128339 0.757048786 -0.003223485 0.999984384 0.004564164 -1.844868302 -0.010113682 -0.004596555 0.999938309 18.380533218
0.999925733 0.002311178 0.011971084 0.862767994 -0.002367844 0.999986053 0.004721537 -2.071188450 -0.011960005 -0.004749532 0.999917209 20.675491333
0.999930501 -0.000608159 0.011774811 0.992402434 0.000575920 0.999996006 0.002741190 -2.309540987 -0.011776433 -0.002734218 0.999926865 22.993120193
0.999916971 -0.002936648 0.012545637 1.101091027 0.002926593 0.999995291 0.000819700 -2.531507730 -0.012547985 -0.000782915 0.999920964 25.274623871
0.999918103 -0.004113893 0.012113123 1.241919994 0.004110168 0.999991417 0.000332412 -2.780693293 -0.012114389 -0.000282598 0.999926567 27.584590912
0.999902010 -0.003784808 0.013473566 1.341500282 0.003793144 0.999992609 -0.000593227 -3.007064819 -0.013471221 0.000644276 0.999909103 29.871576309
0.999904573 -0.002669352 0.013555951 1.469956040 0.002649929 0.999995410 0.001450547 -3.234253168 -0.013559761 -0.001414486 0.999907076 32.154304504
0.999906540 -0.000566406 0.013658432 1.597822070 0.000514271 0.999992490 0.003820317 -3.457215548 -0.013660496 -0.003812936 0.999899447 34.433116913
0.999882936 0.001769519 0.015199440 1.710381150 -0.001891173 0.999966204 0.007993173 -3.690473557 -0.015184783 -0.008020981 0.999852479 36.734638214
0.999863684 0.003602830 0.016116491 1.822317839 -0.003725867 0.999964118 0.007610755 -3.909261465 -0.016088493 -0.007669765 0.999841094 39.006771088
0.999841273 0.002742493 0.017605830 1.932662606 -0.002850596 0.999977171 0.006117963 -4.117808342 -0.017588649 -0.006167177 0.999826431 41.317195892
0.999839246 0.000420742 0.017922936 2.053260326 -0.000512719 0.999986768 0.005127524 -4.342408657 -0.017920541 -0.005135888 0.999826312 43.596519470
0.999834538 0.000127509 0.018189810 2.186214447 -0.000193437 0.999993443 0.003622713 -4.561642647 -0.018189231 -0.003625633 0.999827921 45.842887878
0.999831617 -0.000692553 0.018334918 2.312083483 0.000638405 0.999995410 0.002958962 -4.794475555 -0.018336883 -0.002946758 0.999827445 48.120460510
0.999827564 -0.001956578 0.018462930 2.447741032 0.001898272 0.999993145 0.003174992 -5.021501541 -0.018469015 -0.003139397 0.999824464 50.402740479
0.999807179 -0.002971368 0.019410763 2.576375246 0.002904330 0.999989748 0.003480959 -5.245365143 -0.019420903 -0.003423912 0.999805510 52.668949127
0.999800742 -0.004188683 0.019517940 2.715732098 0.004125598 0.999986112 0.003271289 -5.473156929 -0.019531373 -0.003190114 0.999804139 54.956153870
0.999767065 -0.004134658 0.021181060 2.834143877 0.004051696 0.999983966 0.003958206 -5.708683968 -0.021197084 -0.003871465 0.999767840 57.243591309
0.999744892 -0.005475865 0.021911956 2.970832825 0.005377715 0.999975204 0.004535674 -5.932268620 -0.021936253 -0.004416679 0.999749541 59.508876801
0.999702275 -0.007013718 0.023368483 3.098969460 0.006922275 0.999968052 0.003991669 -6.156445026 -0.023395728 -0.003828717 0.999718964 61.776897430
0.999679506 -0.007775333 0.024097271 3.244572639 0.007682684 0.999962687 0.003934995 -6.381621838 -0.024126971 -0.003748602 0.999701798 64.027175903
0.999652922 -0.007369226 0.025293699 3.384305954 0.007255371 0.999963164 0.004590202 -6.604920864 -0.025326593 -0.004405092 0.999669552 66.293540955
0.999637008 -0.006446342 0.026156021 3.535699844 0.006318405 0.999967694 0.004970959 -6.832622051 -0.026187222 -0.004803891 0.999645531 68.558570862
0.999604523 -0.006545418 0.027348338 3.674439430 0.006425208 0.999969304 0.004481136 -7.055303574 -0.027376831 -0.004303646 0.999615908 70.810569763
0.999585092 -0.007337263 0.027853195 3.831401587 0.007247966 0.999968290 0.003305646 -7.282109261 -0.027876565 -0.003102396 0.999606550 73.068855286
0.999571443 -0.008251009 0.028089987 3.988988400 0.008150655 0.999960005 0.003685186 -7.507380962 -0.028119273 -0.003454654 0.999598622 75.341209412
0.999522567 -0.009501214 0.029398974 4.147966385 0.009406985 0.999950230 0.003341880 -7.739621639 -0.029429261 -0.003063729 0.999562144 77.603218079
0.999523759 -0.010643868 0.028968552 4.310012341 0.010569842 0.999940455 0.002707296 -7.965784550 -0.028995652 -0.002399813 0.999576628 79.865440369
0.999493837 -0.011125959 0.029802797 4.457814217 0.011060634 0.999936044 0.002355905 -8.183662415 -0.029827103 -0.002025075 0.999552965 82.120658875
0.999492168 -0.009948739 0.030272737 4.640520573 0.009880669 0.999948323 0.002397315 -8.413526535 -0.030295024 -0.002096982 0.999538779 84.370948792
0.999436677 -0.009643049 0.032147322 4.789431572 0.009561623 0.999950707 0.002685633 -8.630842209 -0.032171629 -0.002376739 0.999479532 86.629165649
0.999440491 -0.009536734 0.032057930 4.966359138 0.009404910 0.999946833 0.004260324 -8.869434357 -0.032096859 -0.003956438 0.999476910 88.903305054
0.999412298 -0.008634671 0.033173058 5.122962475 0.008473773 0.999951661 0.004987749 -9.096128464 -0.033214528 -0.004703718 0.999437094 91.155532837
0.999392450 -0.008648251 0.033763733 5.293338776 0.008492550 0.999952674 0.004752191 -9.316741943 -0.033803232 -0.004462563 0.999418557 93.408447266
0.999372542 -0.008675918 0.034343787 5.459825516 0.008537065 0.999954820 0.004187630 -9.535142899 -0.034378577 -0.003891807 0.999401331 95.667053223
0.999343574 -0.009056293 0.035076573 5.625617027 0.008901218 0.999949872 0.004574732 -9.758235931 -0.035116255 -0.004259505 0.999374151 97.925201416
0.999321043 -0.008838212 0.035766870 5.789059162 0.008703484 0.999954462 0.003920769 -9.988368988 -0.035799883 -0.003606810 0.999352574 100.168998718
0.999272525 -0.008993937 0.037062693 5.946659088 0.008818335 0.999949038 0.004898681 -10.206000328 -0.037104864 -0.004568286 0.999300957 102.401817322
0.999265194 -0.009308443 0.037184525 6.145624161 0.009133858 0.999946475 0.004862258 -10.431916237 -0.037227798 -0.004519046 0.999296546 104.676872253
0.999236107 -0.009876907 0.037809648 6.319698334 0.009672252 0.999937594 0.005591919 -10.650004387 -0.037862521 -0.005221942 0.999269307 106.915542603
0.999209166 -0.011206980 0.038150020 6.502451420 0.010993272 0.999922693 0.005806965 -10.867478371 -0.038212150 -0.005382978 0.999255121 109.163742065
0.999165535 -0.012356611 0.038929150 6.680566311 0.012106674 0.999904573 0.006649511 -11.090915680 -0.039007600 -0.006172660 0.999219775 111.417419434
0.999141514 -0.013185642 0.039272208 6.869001389 0.012988408 0.999901772 0.005273153 -11.313266754 -0.039337881 -0.004758544 0.999214649 113.689674377
0.999094844 -0.013702846 0.040268641 7.045708179 0.013543754 0.999899328 0.004220971 -11.530878067 -0.040322423 -0.003671763 0.999179959 115.939865112
0.999059916 -0.013923610 0.041054398 7.221252441 0.013728130 0.999893069 0.005039576 -11.762359619 -0.041120183 -0.004471238 0.999144137 118.179168701
0.999007881 -0.013876531 0.042316962 7.405391693 0.013653389 0.999891281 0.005557611 -11.982009888 -0.042389482 -0.004974328 0.999088705 120.453689575
0.998992801 -0.014881226 0.042334411 7.605913639 0.014638723 0.999874592 0.006032608 -12.204781532 -0.042418879 -0.005406810 0.999085248 122.660377502
0.998930335 -0.016126489 0.043335345 7.797583580 0.015886301 0.999856532 0.005881186 -12.435109138 -0.043423962 -0.005186458 0.999043226 124.969604492
0.998895526 -0.017480606 0.043611459 7.982267380 0.017272756 0.999837577 0.005138292 -12.657835007 -0.043694187 -0.004379327 0.999035478 127.226463318
0.998869956 -0.018971531 0.043579191 8.167672157 0.018745100 0.999808609 0.005598676 -12.876829147 -0.043677069 -0.004775452 0.999034286 129.484725952
0.998890281 -0.020074476 0.042605419 8.352045059 0.019841509 0.999785841 0.005883880 -13.095813751 -0.042714417 -0.005031995 0.999074638 131.732986450
0.998927057 -0.020547593 0.041503087 8.540725708 0.020266082 0.999768794 0.007192307 -13.314323425 -0.041641265 -0.006343484 0.999112487 133.973220825
0.998969495 -0.021564757 0.039936908 8.722009659 0.021309391 0.999749720 0.006808906 -13.537465096 -0.040073738 -0.005950858 0.999179006 136.224548340
0.999034047 -0.022390090 0.037812840 8.925022125 0.022164600 0.999733984 0.006372170 -13.752243042 -0.037945457 -0.005527908 0.999264538 138.452239990
0.999016166 -0.023159515 0.037820004 9.085576057 0.022919590 0.999714434 0.006765247 -13.976187706 -0.037965883 -0.005891772 0.999261677 140.729614258
0.998993397 -0.023415916 0.038261153 9.245936394 0.023174496 0.999708712 0.006741294 -14.180965424 -0.038407862 -0.005847824 0.999245107 142.964202881
0.999056816 -0.023384340 0.036588021 9.445278168 0.023078380 0.999695241 0.008762358 -14.420770645 -0.036781773 -0.007909700 0.999292016 145.201721191
0.999078989 -0.022686964 0.036421146 9.620235443 0.022429269 0.999720514 0.007468559 -14.631951332 -0.036580410 -0.006644780 0.999308646 147.450088501
0.999100924 -0.021724246 0.036405679 9.795375824 0.021518568 0.999750197 0.006032100 -14.848208427 -0.036527626 -0.005243278 0.999318838 149.695983887
0.999113321 -0.020540774 0.036751933 9.967840195 0.020371471 0.999780059 0.004975216 -15.068133354 -0.036846045 -0.004222114 0.999311984 151.951202393
0.999132216 -0.019528305 0.036789268 10.149102211 0.019348867 0.999799132 0.005227331 -15.285747528 -0.036883961 -0.004510964 0.999309301 154.192016602
0.999119341 -0.019077159 0.037372392 10.332836151 0.018891746 0.999807417 0.005308171 -15.500353813 -0.037466463 -0.004597466 0.999287307 156.448257446
0.999123275 -0.017413538 0.038071528 10.487609863 0.017144365 0.999825776 0.007385308 -15.732871056 -0.038193498 -0.006726122 0.999247730 158.694961548
0.999083400 -0.016933171 0.039313719 10.667711258 0.016615534 0.999826849 0.008392158 -15.948730469 -0.039449014 -0.007731248 0.999191642 160.936767578
0.999059439 -0.015392219 0.040537477 10.822291374 0.014999893 0.999837935 0.009964509 -16.164207458 -0.040684279 -0.009347080 0.999128342 163.228469849
0.999032438 -0.015193845 0.041270513 11.003414154 0.014827566 0.999848008 0.009166731 -16.366243362 -0.041403513 -0.008545920 0.999105930 165.488235474
0.999001265 -0.014607502 0.042226691 11.197138786 0.014290755 0.999867380 0.007793338 -16.576614380 -0.042334937 -0.007182102 0.999077678 167.735137939
0.998945653 -0.012394791 0.044203717 11.378063202 0.012039997 0.999893129 0.008283551 -16.791313171 -0.044301666 -0.007742604 0.998988211 169.974426270
0.998823106 -0.012331133 0.046907865 11.566253662 0.011952488 0.999893725 0.008344091 -17.017164230 -0.047005769 -0.007773607 0.998864293 172.263839722
0.998717844 -0.012525023 0.049051825 11.766301155 0.012142370 0.999893486 0.008091283 -17.229549408 -0.049147956 -0.007485304 0.998763442 174.530975342
0.998632491 -0.012515078 0.050759695 11.962855339 0.012106407 0.999891818 0.008350585 -17.441833496 -0.050858721 -0.007724647 0.998676002 176.784423828
0.998579919 -0.013169564 0.051621236 12.164403915 0.012712601 0.999877095 0.009170613 -17.654596329 -0.051735666 -0.008501350 0.998624742 179.017822266
0.998502195 -0.014301378 0.052810296 12.358506203 0.013828945 0.999861181 0.009300446 -17.868326187 -0.052935977 -0.008556205 0.998561263 181.261352539
0.998565435 -0.014881199 0.051435452 12.566808701 0.014438814 0.999855578 0.008961723 -18.083202362 -0.051561378 -0.008206198 0.998636127 183.522903442
0.998570919 -0.016055917 0.050973460 12.778084755 0.015620038 0.999838054 0.008937932 -18.300073624 -0.051108722 -0.008128951 0.998660028 185.772003174
0.998567700 -0.018021084 0.050376706 12.991466522 0.017586872 0.999804437 0.009049323 -18.503501892 -0.050529934 -0.008150393 0.998689353 188.015045166
0.998557389 -0.018708499 0.050332442 13.178601265 0.018281292 0.999792933 0.008934810 -18.718303680 -0.050489180 -0.008001779 0.998692572 190.247619629
0.998534024 -0.019884154 0.050341547 13.385407448 0.019452184 0.999769747 0.009056325 -18.937816620 -0.050510027 -0.008063798 0.998691022 192.485900879
0.998503268 -0.020658191 0.050640654 13.568787575 0.020252245 0.999758601 0.008516350 -19.152935028 -0.050804358 -0.007478016 0.998680651 194.744369507
0.998529196 -0.020708680 0.050104413 13.784383774 0.020284368 0.999754071 0.008962379 -19.369646072 -0.050277684 -0.007932861 0.998703897 196.979507446
0.998575926 -0.018589061 0.050004452 13.999799728 0.018146470 0.999792099 0.009290622 -19.584220886 -0.050166763 -0.008369988 0.998705804 199.223526001
0.998573184 -0.016022082 0.050940186 14.184899330 0.015614660 0.999842942 0.008386021 -19.792270660 -0.051066536 -0.007578641 0.998666525 201.497268677
0.998552978 -0.015609627 0.051459923 14.395251274 0.015236964 0.999854803 0.007626136 -20.005117416 -0.051571488 -0.006831008 0.998645961 203.764144897
0.998513222 -0.016070206 0.052086897 14.590777397 0.015681999 0.999846101 0.007853183 -20.208242416 -0.052205086 -0.007024680 0.998611689 205.983123779
0.998496354 -0.017281963 0.052023295 14.818142891 0.016872302 0.999823153 0.008303515 -20.431678772 -0.052157588 -0.007413275 0.998611331 208.260284424
0.998433352 -0.017080376 0.053284775 15.020048141 0.016639862 0.999823749 0.008699836 -20.637332916 -0.053423975 -0.007799554 0.998541474 210.505706787
0.998373866 -0.016426429 0.054587122 15.233622551 0.015913464 0.999825120 0.009818679 -20.858261108 -0.054738864 -0.008934041 0.998460710 212.751144409
0.998314202 -0.014998859 0.056067664 15.466042519 0.014450894 0.999843955 0.010166008 -21.069356918 -0.056211390 -0.009338645 0.998375177 214.985214233
0.998155296 -0.012399463 0.059432469 15.685607910 0.011823186 0.999879718 0.010038179 -21.280626297 -0.059549786 -0.009316981 0.998181880 217.310089111
0.998026133 -0.012411095 0.061563354 15.908336639 0.011790419 0.999875963 0.010434997 -21.489124298 -0.061685238 -0.009688540 0.998048544 219.546600342
0.997906089 -0.013223465 0.063315280 16.142189026 0.012559410 0.999861956 0.010874631 -21.694030762 -0.063450344 -0.010056656 0.997934341 221.768859863
0.997804463 -0.014524538 0.064616717 16.375030518 0.013811761 0.999839008 0.011463906 -21.895483017 -0.064772815 -0.010546266 0.997844279 224.035339355
0.997745216 -0.016642645 0.065018937 16.624946594 0.015972959 0.999814034 0.010806124 -22.106000900 -0.065186687 -0.009743214 0.997825503 226.268844604
0.997703195 -0.017794501 0.065356903 16.867155075 0.017139865 0.999797285 0.010563486 -22.311944962 -0.065531619 -0.009419018 0.997806013 228.516204834
0.997656524 -0.017979233 0.066018142 17.097593307 0.017315213 0.999793649 0.010616612 -22.513385773 -0.066195399 -0.009448614 0.997761965 230.757720947
0.997609437 -0.019628432 0.066257313 17.339891434 0.019021586 0.999771178 0.009777458 -22.722393036 -0.066434070 -0.008493765 0.997754693 233.000747681
0.997564673 -0.020460118 0.066677794 17.578708649 0.019788057 0.999746680 0.010724242 -22.924560547 -0.066880330 -0.009378703 0.997716904 235.237121582
0.997546971 -0.019630261 0.067191303 17.835247040 0.018931046 0.999759912 0.011027381 -23.133312225 -0.067391656 -0.009728328 0.997679174 237.478286743
0.997514129 -0.020075586 0.067546353 18.075349808 0.019385336 0.999753118 0.010859021 -23.334009171 -0.067747667 -0.009522618 0.997657180 239.714935303
0.997485042 -0.020351650 0.067892581 18.320859909 0.019641113 0.999745309 0.011116873 -23.540361404 -0.068101548 -0.009755429 0.997630715 241.951385498
0.997448981 -0.020586297 0.068350203 18.565633774 0.019868754 0.999740243 0.011161448 -23.741258621 -0.068562239 -0.009774939 0.997598886 244.193222046
0.997402251 -0.020947147 0.068919010 18.808403015 0.020266136 0.999738812 0.010565723 -23.952774048 -0.069122337 -0.009141556 0.997566283 246.420639038
0.997426689 -0.020375911 0.068736278 19.063587189 0.019755444 0.999757826 0.009694528 -24.161302567 -0.068917170 -0.008311666 0.997587740 248.660476685
0.997388840 -0.020877117 0.069134340 19.312395096 0.020212539 0.999742687 0.010298525 -24.371641159 -0.069331549 -0.008874254 0.997554183 250.899658203
0.997352540 -0.022240607 0.069233231 19.558616638 0.021583118 0.999714673 0.010230474 -24.580595016 -0.069441028 -0.008709120 0.997548044 253.123443604
0.997341692 -0.022213273 0.069397032 19.812660217 0.021500131 0.999708235 0.011006380 -24.788015366 -0.069621265 -0.009485077 0.997528374 255.371002197
0.997308135 -0.023386426 0.069494531 20.051620483 0.022650169 0.999678850 0.011363734 -24.997516632 -0.069737986 -0.009759082 0.997517586 257.589111328
0.997295320 -0.023391845 0.069676556 20.320484161 0.022611219 0.999672771 0.011971392 -25.213460922 -0.069933772 -0.010363542 0.997497737 259.865783691
0.997263670 -0.023067042 0.070234701 20.572113037 0.022322385 0.999686182 0.011368912 -25.414356232 -0.070474908 -0.009769998 0.997465670 262.107238770
0.997247398 -0.023050787 0.070471421 20.831104279 0.022343919 0.999691963 0.010802512 -25.617774963 -0.070698723 -0.009198172 0.997455239 264.362548828
0.997226059 -0.022280592 0.071019538 21.090892792 0.021611501 0.999714673 0.010175839 -25.825649261 -0.071226001 -0.008612774 0.997422993 266.603485107
0.997193635 -0.021885952 0.071595460 21.349802017 0.021226641 0.999725103 0.009956873 -26.026979446 -0.071793705 -0.008409201 0.997384012 268.845214844
0.997036219 -0.021376500 0.073904432 21.588909149 0.020684129 0.999734938 0.010121261 -26.247505188 -0.074101180 -0.008562614 0.997213960 271.091949463
0.996952891 -0.022161594 0.074792810 21.860982895 0.021417361 0.999713004 0.010738156 -26.461957932 -0.075009301 -0.009103569 0.997141242 273.338195801
0.996765971 -0.022793982 0.077057533 22.106203079 0.021975916 0.999692976 0.011447693 -26.666435242 -0.077294797 -0.009717261 0.996961057 275.581634521
0.996642530 -0.022846580 0.078623071 22.374664307 0.021904061 0.999677837 0.012829510 -26.865358353 -0.078890830 -0.011064271 0.996821880 277.821807861
0.996602237 -0.022332331 0.079279259 22.658306122 0.021287354 0.999675333 0.014001890 -27.078239441 -0.079566218 -0.012266668 0.996754110 280.070190430
0.996523738 -0.021983312 0.080356583 22.937189102 0.020850092 0.999671340 0.014914522 -27.282104492 -0.080658048 -0.013187232 0.996654570 282.309295654
0.996456087 -0.021223223 0.081393257 23.213251114 0.020071996 0.999687076 0.014936300 -27.475023270 -0.081684761 -0.013249643 0.996570170 284.564056396
0.996346653 -0.020127764 0.082994893 23.475975037 0.019027749 0.999720514 0.014023880 -27.666452408 -0.083253972 -0.012393442 0.996451378 286.794433594
0.996345580 -0.019322515 0.083199449 23.760427475 0.018308399 0.999748647 0.012934806 -27.859485626 -0.083428465 -0.011364286 0.996449113 289.042633057
0.996274710 -0.020099377 0.083861277 24.029891968 0.019066535 0.999732375 0.013098932 -28.064884186 -0.084102109 -0.011451191 0.996391296 291.270324707
0.996240795 -0.020197615 0.084239908 24.294832230 0.019257367 0.999743044 0.011959310 -28.260316849 -0.084459811 -0.010292114 0.996373713 293.541473389
0.996243775 -0.020838112 0.084048390 24.572486877 0.019983603 0.999739707 0.010995497 -28.459789276 -0.084255651 -0.009274605 0.996401012 295.769042969
0.996230066 -0.020853864 0.084206678 24.848892212 0.020019591 0.999741852 0.010739869 -28.662191391 -0.084408917 -0.009013597 0.996390402 298.007690430
0.996240020 -0.020128636 0.084265202 25.127765656 0.019256607 0.999752462 0.011148692 -28.866979599 -0.084468760 -0.009484113 0.996380985 300.247924805
0.996177435 -0.020160031 0.084994473 25.384775162 0.019213961 0.999744177 0.011934409 -29.076162338 -0.085213318 -0.010255710 0.996309876 302.481018066
0.996176183 -0.020684764 0.084882475 25.669788361 0.019729864 0.999732435 0.012073195 -29.279006958 -0.085109487 -0.010352310 0.996317804 304.732604980
0.996146679 -0.020129545 0.085361548 25.952884674 0.019153515 0.999741673 0.012237761 -29.480854034 -0.085585840 -0.010555631 0.996274889 306.980010986
0.996140301 -0.020746579 0.085287578 26.235361099 0.019770415 0.999729156 0.012274357 -29.693426132 -0.085519120 -0.010540809 0.996280789 309.237091064
0.996092200 -0.021990957 0.085537784 26.517847061 0.020995252 0.999701142 0.012522813 -29.894069672 -0.085787617 -0.010677990 0.996256173 311.495422363
0.996044695 -0.021700939 0.086162776 26.795276642 0.020738559 0.999712348 0.012048871 -30.100145340 -0.086399466 -0.010214324 0.996208191 313.736267090
0.996066093 -0.021218292 0.086034752 27.086751938 0.020214995 0.999717236 0.012516125 -30.304637909 -0.086275995 -0.010727697 0.996213496 315.989135742
0.996025622 -0.019556237 0.086893834 27.366254807 0.018599750 0.999757349 0.011803644 -30.511787415 -0.087103583 -0.010140529 0.996147633 318.233978271
0.996011019 -0.017647641 0.087466918 27.644359589 0.016632812 0.999785781 0.012317711 -30.715042114 -0.087665550 -0.010813755 0.996091247 320.485809326
0.995965302 -0.016373930 0.088231802 27.922994614 0.015359911 0.999808073 0.012159427 -30.923591614 -0.088413961 -0.010755136 0.996025741 322.718658447
0.995905519 -0.015909370 0.088989571 28.197591782 0.014834957 0.999809027 0.012721907 -31.122173309 -0.089174986 -0.011349659 0.995951295 324.956848145
0.995902479 -0.015302286 0.089129344 28.489526749 0.014088355 0.999799430 0.014233150 -31.333953857 -0.089329258 -0.012919144 0.995918334 327.191741943
0.995848536 -0.015968699 0.089614041 28.767101288 0.014773474 0.999793053 0.013984983 -31.537593842 -0.089818820 -0.012603012 0.995878398 329.439910889
0.995853961 -0.017463975 0.089274265 29.065299988 0.016355902 0.999780059 0.013128554 -31.737127304 -0.089483909 -0.011613962 0.995920539 331.678955078
0.995839059 -0.016973605 0.089534484 29.348381042 0.015892895 0.999792159 0.012769569 -31.936943054 -0.089732617 -0.011293472 0.995901883 333.904144287
0.995819330 -0.017619280 0.089629292 29.635982513 0.016413039 0.999764800 0.014177480 -32.138435364 -0.089858018 -0.012647123 0.995874286 336.132354736
0.995881200 -0.018533757 0.088753313 29.940950394 0.017336806 0.999748349 0.014238257 -32.336933136 -0.088994853 -0.012640913 0.995951891 338.364776611
0.995869160 -0.018297326 0.088937394 30.220283508 0.017056294 0.999746561 0.014694057 -32.542465210 -0.089183711 -0.013116417 0.995928824 340.601562500
0.995904803 -0.018623129 0.088468976 30.516242981 0.017414091 0.999744356 0.014418485 -32.743900299 -0.088714883 -0.012818831 0.995974541 342.855285645
0.995943129 -0.018571785 0.088047318 30.804876328 0.017331105 0.999739707 0.014834639 -32.940925598 -0.088299915 -0.013248499 0.996005774 345.090423584
0.995981038 -0.018419387 0.087648273 31.090085983 0.017183099 0.999742270 0.014838820 -33.135429382 -0.087898992 -0.013273117 0.996040940 347.332794189
0.996022940 -0.018374205 0.087181643 31.375461578 0.017146796 0.999743342 0.014806866 -33.332862854 -0.087431327 -0.013253091 0.996082485 349.571807861
0.996023118 -0.017870693 0.087286040 31.655530930 0.016610740 0.999747396 0.015139908 -33.533206940 -0.087534562 -0.013629812 0.996068180 351.813262939
0.996061802 -0.018074557 0.086799622 31.936138153 0.016790453 0.999738812 0.015501248 -33.730155945 -0.087057136 -0.013982795 0.996105194 354.035400391
0.996084332 -0.018021757 0.086552009 32.216766357 0.016776543 0.999745309 0.015092866 -33.928215027 -0.086801954 -0.013581725 0.996133029 356.276336670
0.996122479 -0.018232100 0.086067550 32.502876282 0.016953180 0.999735117 0.015567119 -34.125137329 -0.086328559 -0.014047640 0.996167660 358.514129639
0.996173620 -0.017615955 0.085602701 32.789569855 0.016277380 0.999734461 0.016310016 -34.324943542 -0.085867286 -0.014854220 0.996195853 360.766265869
0.996225536 -0.017823141 0.084953018 33.077911377 0.016488390 0.999729693 0.016387584 -34.524986267 -0.085222125 -0.014924992 0.996250153 363.011108398
0.996283591 -0.017892370 0.084254958 33.367832184 0.016530611 0.999721587 0.016832417 -34.721035004 -0.084532686 -0.015377074 0.996302009 365.253021240
0.996322155 -0.017867992 0.083802462 33.649112701 0.016556690 0.999729812 0.016316509 -34.917865753 -0.084071383 -0.014869009 0.996348739 367.501068115
0.996340811 -0.018615535 0.083417319 33.927097321 0.017316159 0.999717653 0.016273385 -35.117019653 -0.083696701 -0.014769371 0.996381819 369.748260498
0.996332705 -0.018584386 0.083520077 34.201587677 0.017367808 0.999732614 0.015269376 -35.307945251 -0.083781511 -0.013762820 0.996389091 372.015289307
0.996398151 -0.018803699 0.082687356 34.483863831 0.017601274 0.999728739 0.015246879 -35.506191254 -0.082951628 -0.013736560 0.996458888 374.249114990
0.996482909 -0.018703435 0.081682824 34.770977020 0.017454607 0.999719918 0.015976200 -35.702163696 -0.081958771 -0.014494267 0.996530354 376.495544434
0.996410668 -0.018582713 0.082585894 35.035530090 0.017262110 0.999711871 0.016676048 -35.902805328 -0.082871974 -0.015190584 0.996444404 378.750854492
0.996407986 -0.019154474 0.082487188 35.312931061 0.017815329 0.999697804 0.016940162 -36.100624084 -0.082786739 -0.015409778 0.996448100 380.990997314
0.996419251 -0.019182742 0.082344621 35.593624115 0.017834675 0.999695122 0.017075546 -36.292961121 -0.082647048 -0.015545812 0.996457636 383.240081787
0.996432960 -0.018616434 0.082309246 35.875286102 0.017247923 0.999701440 0.017306414 -36.489891052 -0.082606860 -0.015825016 0.996456563 385.494506836
0.996434033 -0.017197996 0.082604095 36.143630981 0.015822887 0.999725521 0.017272945 -36.676860809 -0.082878485 -0.015904313 0.996432722 387.734252930
0.996462822 -0.015974127 0.082502551 36.430099487 0.014573872 0.999739826 0.017546760 -36.883102417 -0.082761377 -0.016282309 0.996436357 390.002899170
0.996464193 -0.014698465 0.082723118 36.706138611 0.013305801 0.999760687 0.017361460 -37.077632904 -0.082958512 -0.016199375 0.996421337 392.286041260
0.996489048 -0.013422269 0.082641400 36.984996796 0.011908635 0.999752820 0.018781485 -37.271179199 -0.082873031 -0.017731396 0.996402502 394.546997070
0.996430993 -0.012465377 0.083486140 37.252220154 0.010910632 0.999758899 0.019053239 -37.463878632 -0.083703525 -0.018074349 0.996326745 396.813415527
0.996364653 -0.012008376 0.084340289 37.526584625 0.010557467 0.999788880 0.017628036 -37.663497925 -0.084534183 -0.016673533 0.996281087 399.076019287
0.996319771 -0.012072859 0.084859475 37.802536011 0.010667634 0.999798715 0.016993441 -37.858398438 -0.085047543 -0.016025651 0.996248126 401.338653564
0.996195734 -0.013028461 0.086164258 38.074474335 0.011501696 0.999768436 0.018192034 -38.049797058 -0.086381324 -0.017131794 0.996114850 403.584808350
0.996178508 -0.014720307 0.086090967 38.347854614 0.013091049 0.999724865 0.019458920 -38.246421814 -0.086353727 -0.018257538 0.996097207 405.858917236
0.996138692 -0.015263129 0.086456545 38.630153656 0.013650098 0.999722123 0.019217731 -38.433567047 -0.086725838 -0.017963381 0.996070266 408.109771729
0.996091843 -0.013559649 0.087276220 38.927356720 0.011978209 0.999754846 0.018618250 -38.620719910 -0.087507293 -0.017500069 0.996010125 410.369445801
0.996082962 -0.012540627 0.087529890 39.224464417 0.010939334 0.999764383 0.018750012 -38.814960480 -0.087744415 -0.017719049 0.995985329 412.627075195
0.995995224 -0.011217314 0.088700235 39.499927521 0.009623648 0.999784827 0.018374167 -39.007495880 -0.088887259 -0.017446958 0.995888889 414.875732422
0.995923162 -0.010361928 0.089608684 39.793006897 0.008747899 0.999792635 0.018386025 -39.199863434 -0.089780621 -0.017527178 0.995807350 417.146911621
0.995879769 -0.010621553 0.090058401 40.093063354 0.009005908 0.999791503 0.018327372 -39.394096375 -0.090234302 -0.017440800 0.995767832 419.403564453
0.995785177 -0.010846625 0.091072373 40.377677917 0.009212525 0.999789298 0.018344119 -39.583194733 -0.091252141 -0.017427796 0.995675325 421.651672363
0.995712101 -0.011054892 0.091843545 40.661788940 0.009432398 0.999792039 0.018081192 -39.774517059 -0.092024311 -0.017137352 0.995609283 423.902496338
0.995642960 -0.011644174 0.092517838 40.958461761 0.009904151 0.999765754 0.019244388 -39.968147278 -0.092720255 -0.018244224 0.995525062 426.172424316
0.995589912 -0.010857687 0.093180880 41.251247406 0.009045720 0.999762118 0.019846098 -40.158969879 -0.093374185 -0.018915689 0.995451391 428.428710938
0.995541394 -0.010180172 0.093774445 41.554687500 0.008265742 0.999749899 0.020781111 -40.350509644 -0.093962528 -0.019913340 0.995376706 430.714904785
0.995496035 -0.009945979 0.094279073 41.855693817 0.008006948 0.999749005 0.020922948 -40.540859222 -0.094463520 -0.020073825 0.995325923 432.988861084
0.995459139 -0.010846102 0.094569959 42.166477203 0.008941928 0.999749124 0.020535668 -40.740257263 -0.094768949 -0.019596776 0.995306492 435.261535645
0.995432496 -0.009976705 0.094946444 42.462951660 0.008023784 0.999748766 0.020928260 -40.923046112 -0.095131405 -0.020070836 0.995262325 437.524139404
0.995407403 -0.010326454 0.095170021 42.768066406 0.008313865 0.999733865 0.021519601 -41.115482330 -0.095366903 -0.020629540 0.995228410 439.807281494
0.995502651 -0.010457055 0.094154313 43.093639374 0.008467593 0.999732912 0.021504575 -41.300662994 -0.094354033 -0.020610604 0.995325387 442.082702637
0.995405257 -0.010445440 0.095180497 43.375579834 0.008310803 0.999705613 0.022796139 -41.501899719 -0.095390588 -0.021900371 0.995198965 444.337524414
0.995363832 -0.011089255 0.095539100 43.683506012 0.008906636 0.999690175 0.023241524 -41.688888550 -0.095767230 -0.022282841 0.995154321 446.614654541
0.995345712 -0.011188416 0.095716991 43.989315033 0.009040805 0.999698222 0.022841426 -41.876808167 -0.095943697 -0.021869753 0.995146513 448.886993408
0.995336890 -0.010188481 0.095919862 44.299026489 0.008052004 0.999711335 0.022634357 -42.066604614 -0.096122779 -0.021756463 0.995131791 451.146820068
0.995308697 -0.009917339 0.096240543 44.607242584 0.007796417 0.999718964 0.022388790 -42.256145477 -0.096435554 -0.021533424 0.995106220 453.412475586
0.995222807 -0.009453770 0.097170375 44.905914307 0.007299656 0.999720216 0.022500064 -42.434680939 -0.097355902 -0.021683270 0.995013356 455.688720703
0.995186388 -0.009671901 0.097521320 45.201625824 0.007518266 0.999720216 0.022427065 -42.629642487 -0.097710945 -0.021585917 0.994980633 457.950836182
0.995208442 -0.009216388 0.097340874 45.523555756 0.007111159 0.999733746 0.021952216 -42.819164276 -0.097517259 -0.021154819 0.995008945 460.239868164
0.995157838 -0.007978269 0.097965710 45.824985504 0.005794318 0.999728739 0.022557322 -43.005332947 -0.098119095 -0.021880453 0.994934142 462.520019531
0.995177686 -0.007798539 0.097778067 46.135219574 0.005505370 0.999703884 0.023700703 -43.188129425 -0.097933933 -0.023048105 0.994925976 464.793060303
0.995191991 -0.007658466 0.097643487 46.436538696 0.005336938 0.999697387 0.024014594 -43.366199493 -0.097797863 -0.023378018 0.994931698 467.061737061
0.995239675 -0.007743938 0.097149760 46.744899750 0.005537000 0.999720871 0.022965929 -43.548053741 -0.097300485 -0.022318685 0.995004773 469.344757080
0.995374739 -0.007862283 0.095745206 47.074275970 0.005763483 0.999737442 0.022177549 -43.730407715 -0.095894426 -0.021523148 0.995158792 471.638763428
0.995451868 -0.008213153 0.094910592 47.384334564 0.006005011 0.999705136 0.023527738 -43.925201416 -0.095075838 -0.022850793 0.995207727 473.918914795
0.995425880 -0.008372282 0.095169172 47.681667328 0.006114034 0.999693394 0.023995638 -44.112129211 -0.095340900 -0.023304014 0.995171905 476.199554443
0.995538473 -0.007377734 0.094067350 47.985954285 0.005243352 0.999723554 0.022916950 -44.275138855 -0.094210424 -0.022321476 0.995302022 478.499114990
0.995570302 -0.007168084 0.093746647 48.292228699 0.005010657 0.999717653 0.023228558 -44.456130981 -0.093886688 -0.022655930 0.995325029 480.783172607
0.995601475 -0.007701867 0.093373343 48.600936890 0.005516664 0.999705374 0.023638435 -44.638481140 -0.093527883 -0.023019347 0.995350540 483.056304932
0.995591581 -0.008127999 0.093441315 48.892555237 0.005976030 0.999710977 0.023286957 -44.824577332 -0.093603574 -0.022625890 0.995352507 485.344116211
0.995681047 -0.008912071 0.092410274 49.202030182 0.006718837 0.999688983 0.024017667 -45.019611359 -0.092595562 -0.023293046 0.995431244 487.656829834
0.995767474 -0.009244247 0.091441676 49.505691528 0.007076306 0.999686837 0.024004316 -45.196075439 -0.091634944 -0.023255644 0.995521128 489.937072754
0.995686173 -0.008885638 0.092358537 49.771858215 0.006660251 0.999680698 0.024375450 -45.383483887 -0.092545636 -0.023655167 0.995427430 492.230682373
0.995780706 -0.008382387 0.091380849 50.083915710 0.006161450 0.999679387 0.024559252 -45.560981750 -0.091557391 -0.023892593 0.995513141 494.524139404
0.995779514 -0.007941678 0.091433346 50.370864868 0.005743240 0.999688625 0.024282223 -45.742420197 -0.091597721 -0.023654612 0.995515108 496.823242188
0.995821059 -0.007719229 0.090998419 50.681144714 0.005546595 0.999694049 0.024104269 -45.935897827 -0.091156654 -0.023498805 0.995559275 499.139038086
0.995849490 -0.007882969 0.090673208 50.976860046 0.005659311 0.999677539 0.024754893 -46.117168427 -0.090839118 -0.024138998 0.995572925 501.436309814
0.995865107 -0.007660126 0.090520836 51.269058228 0.005403769 0.999669194 0.025145235 -46.302646637 -0.090683505 -0.024552103 0.995577037 503.713439941
0.995897233 -0.006618045 0.090248883 51.566230774 0.004433142 0.999692738 0.024388747 -46.485046387 -0.090382546 -0.023888599 0.995620489 506.009399414
0.995878696 -0.006349138 0.090472773 51.855152130 0.004111176 0.999681473 0.024901228 -46.667251587 -0.090602078 -0.024426650 0.995587528 508.302032471
0.995912075 -0.006584473 0.090087719 52.156787872 0.004440417 0.999702573 0.023979420 -46.849937439 -0.090218820 -0.023481369 0.995645046 510.591522217
0.995937288 -0.007256795 0.089756154 52.459434509 0.005037533 0.999676585 0.024927333 -47.038570404 -0.089908026 -0.024373904 0.995651782 512.887878418
0.995962679 -0.007054715 0.089491636 52.757747650 0.004824349 0.999673069 0.025114488 -47.217384338 -0.089639552 -0.024581356 0.995670855 515.203002930
0.995978594 -0.006418550 0.089361176 53.048805237 0.004227068 0.999686182 0.024691565 -47.394752502 -0.089491606 -0.024214530 0.995693207 517.508850098
0.995981753 -0.005590206 0.089381725 53.337928772 0.003416102 0.999695003 0.024458298 -47.577789307 -0.089491196 -0.024054682 0.995697081 519.799499512
0.995910645 -0.003731675 0.090266615 53.634464264 0.001515671 0.999696016 0.024605656 -47.765197754 -0.090330988 -0.024368215 0.995613754 522.154968262
0.995762229 -0.001557535 0.091952041 53.913501740 -0.000723115 0.999692976 0.024764083 -47.947029114 -0.091962367 -0.024725631 0.995455444 524.482116699
0.995774686 -0.000014320 0.091829821 54.225742340 -0.002360860 0.999665439 0.025756335 -48.122791290 -0.091799483 -0.025864305 0.995441556 526.801452637
0.995714009 -0.000442765 0.092484787 54.518550873 -0.001941978 0.999668002 0.025693670 -48.304012299 -0.092465460 -0.025763143 0.995382547 529.106506348
0.995683253 -0.002416289 0.092784077 54.816612244 -0.000088552 0.999635875 0.026982864 -48.479846954 -0.092815466 -0.026874604 0.995320559 531.409118652
0.995619655 -0.004010947 0.093410105 55.123550415 0.001505894 0.999637723 0.026872851 -48.659030914 -0.093484052 -0.026614476 0.995265007 533.722839355
0.995594859 -0.004118234 0.093669042 55.427967072 0.001667099 0.999654531 0.026231254 -48.836345673 -0.093744695 -0.025959542 0.995257795 536.034057617
0.995503485 -0.004433884 0.094620161 55.731594086 0.001987430 0.999661684 0.025934109 -49.016128540 -0.094703153 -0.025629450 0.995175540 538.352783203
0.995412052 -0.003519215 0.095615797 56.028411865 0.001108205 0.999680519 0.025257003 -49.195106506 -0.095674142 -0.025035163 0.995097816 540.660583496
0.995330513 -0.003012428 0.096478499 56.329750061 0.000581461 0.999681890 0.025215186 -49.383090973 -0.096523792 -0.025041347 0.995015562 542.973083496
0.995259643 -0.002712945 0.097215779 56.640598297 0.000359960 0.999706745 0.024213113 -49.564052582 -0.097252958 -0.024063332 0.994968891 545.289306641
0.995141804 -0.002830204 0.098411106 56.943279266 0.000347731 0.999681532 0.025233548 -49.750370026 -0.098451175 -0.025076734 0.994825900 547.601135254
0.995043695 -0.002780021 0.099399492 57.240058899 0.000228968 0.999670446 0.025666859 -49.927391052 -0.099438109 -0.025516883 0.994716525 549.880310059
0.994992435 -0.002941144 0.099907205 57.552604675 0.000350279 0.999663532 0.025940362 -50.110343933 -0.099949904 -0.025775472 0.994658530 552.181518555
0.995036781 -0.003893952 0.099431172 57.882602692 0.001434718 0.999691606 0.024792571 -50.288520813 -0.099497050 -0.024526866 0.994735539 554.499084473
0.995057702 -0.004404548 0.099200577 58.211074829 0.001900371 0.999677479 0.025323926 -50.473369598 -0.099280119 -0.025010252 0.994745195 556.820007324
0.994994521 -0.004143976 0.099843651 58.522766113 0.001576018 0.999666274 0.025784951 -50.654151917 -0.099917196 -0.025498528 0.994668901 559.127502441
0.994954407 -0.003358657 0.100271016 58.841438293 0.000655241 0.999635637 0.026981860 -50.835414886 -0.100325100 -0.026780022 0.994594216 561.465270996
0.994962454 -0.004268958 0.100156635 59.172000885 0.001528774 0.999622762 0.027419806 -51.014434814 -0.100235917 -0.027128562 0.994593740 563.796813965
0.994933367 -0.003698095 0.100468554 59.497322083 0.000884375 0.999606550 0.028036084 -51.186454773 -0.100532703 -0.027805185 0.994545162 566.116210938
0.994871974 -0.002731599 0.101104490 59.823699951 -0.000057730 0.999619722 0.027575372 -51.369365692 -0.101141371 -0.027439805 0.994493604 568.440856934
0.994903922 -0.001869903 0.100810133 60.164581299 -0.000738827 0.999665916 0.025834119 -51.540485382 -0.100824766 -0.025776949 0.994570196 570.769836426
0.994896233 -0.001503841 0.100891732 60.507976532 -0.001132883 0.999659359 0.026071809 -51.722984314 -0.100896575 -0.026053045 0.994555771 573.094421387
0.994903862 -0.001498305 0.100816585 60.846935272 -0.001237433 0.999632835 0.027067784 -51.909603119 -0.100820117 -0.027054602 0.994536757 575.480468750
0.994908750 -0.001569783 0.100767389 61.182220459 -0.001320215 0.999589801 0.028606808 -52.095142365 -0.100770965 -0.028594198 0.994498670 577.795288086
0.994783998 -0.000893218 0.101999879 61.495216370 -0.001872909 0.999633133 0.027019938 -52.280765533 -0.101986594 -0.027070040 0.994417369 580.207824707
0.994844556 -0.001585950 0.101399824 61.832241058 -0.001120616 0.999644697 0.026629481 -52.452018738 -0.101406045 -0.026605826 0.994489312 582.546813965
0.994772673 -0.002137744 0.102093153 62.154499054 -0.000773262 0.999594510 0.028465142 -52.645572662 -0.102112614 -0.028395288 0.994367421 584.874084473
0.994837344 -0.001824307 0.101465762 62.487594604 -0.001072035 0.999593794 0.028483162 -52.819805145 -0.101476505 -0.028444890 0.994431138 587.192016602
0.994823277 -0.004705827 0.101511352 62.834831238 0.001958826 0.999629617 0.027143739 -53.002704620 -0.101601496 -0.026804380 0.994463921 589.561584473
0.994870842 -0.005031235 0.101028107 63.173103333 0.002296794 0.999628365 0.027164234 -53.176162720 -0.101127222 -0.026792865 0.994512618 591.907165527
0.994868100 -0.006898303 0.100944646 63.499588013 0.004146946 0.999614835 0.027440589 -53.351417542 -0.101095073 -0.026881158 0.994513571 594.240295410
0.994888067 -0.007366030 0.100714073 63.837306976 0.004577960 0.999600649 0.027886176 -53.533218384 -0.100879237 -0.027282558 0.994524539 596.592468262
