1.000000000 0.000000000 0.000000000 0.000000000 0.000000000 1.000000000 0.000000000 0.000000000 0.000000000 0.000000000 1.000000000 0.000000000
0.999999940 -0.000103724 0.000299121 0.088596784 0.000103785 1.000000000 -0.000203309 -0.226804763 -0.000299100 0.000203340 0.999999940 2.285144329
0.999999583 0.000170155 0.001023107 0.168163136 -0.000170469 0.999999940 0.000306423 -0.464322150 -0.001023055 -0.000306597 0.999999344 4.578471661
0.999998748 -0.000430014 0.001524424 0.266923368 0.000429538 0.999999821 0.000312904 -0.695168734 -0.001524558 -0.000312249 0.999998748 6.865211010
0.999997139 -0.000825077 0.002258406 0.363626927 0.000828503 0.999998450 -0.001516407 -0.928021312 -0.002257152 0.001518273 0.999996245 9.154739380
0.999989510 0.000981966 0.004481303 0.453024119 -0.000981897 0.999999464 -0.000017575 -1.165866971 -0.004481317 0.000013175 0.999989927 11.461064339
0.999975383 0.002926417 0.006380819 0.563213110 -0.002934049 0.999995112 0.001186980 -1.398031116 -0.006377315 -0.001205673 0.999978960 13.739656448
0.999957502 0.002786907 0.008791348 0.667708516 -0.002820400 0.999988794 0.003799627 -1.627262592 -0.008780661 -0.003824260 0.999954164 16.012281418
0.999954224 0.003086063 0.009058182 0.784288406 -0.003134572 0.999980807 0.005345928 -1.859279394 -0.009041510 -0.005374076 0.999944687 18.296722412
0.999948621 0.002224731 0.009887323 0.899387181 -0.002282253 0.999980509 0.005810244 -2.087496996 -0.009874205 -0.005832510 0.999934196 20.565076828
0.999934435 -0.000155615 0.011450959 1.004269123 0.000127203 0.999996901 0.002481847 -2.299450874 -0.011451311 -0.002480228 0.999931276 22.891530991
0.999922216 -0.002214676 0.012278163 1.110839844 0.002211391 0.999997556 0.000281127 -2.518568039 -0.012278755 -0.000253954 0.999924600 25.174669266
0.999925852 -0.002861861 0.011838929 1.248754621 0.002864549 0.999995828 -0.000210126 -2.765608788 -0.011838277 0.000244023 0.999929905 27.467174530
0.999904931 -0.002588794 0.013542907 1.342895150 0.002606388 0.999995768 -0.001281678 -2.991595984 -0.013539534 0.001316854 0.999907494 29.752649307
0.999902725 -0.000416616 0.013942756 1.468324184 0.000397351 0.999998987 0.001384444 -3.222826004 -0.013943320 -0.001378769 0.999901831 32.011402130
0.999901474 0.001536785 0.013953727 1.598562241 -0.001587382 0.999992251 0.003615723 -3.444639921 -0.013948062 -0.003637517 0.999896109 34.292594910
0.999864578 0.003781850 0.016012877 1.701927662 -0.003903154 0.999963820 0.007550947 -3.676016092 -0.015983744 -0.007612426 0.999843299 36.601894379
0.999844849 0.005655835 0.016681919 1.819276571 -0.005774959 0.999958158 0.007101443 -3.895747662 -0.016641058 -0.007196678 0.999835610 38.873878479
0.999815166 0.004664148 0.018651344 1.924420595 -0.004768511 0.999973118 0.005554836 -4.100780487 -0.018624937 -0.005642749 0.999810755 41.177070618
0.999821365 0.002234056 0.018766101 2.050487757 -0.002313511 0.999988377 0.004213321 -4.324850559 -0.018756473 -0.004255984 0.999815047 43.454212189
0.999820232 0.002537799 0.018791318 2.180077553 -0.002608414 0.999989629 0.003734274 -4.556205273 -0.018781643 -0.003782619 0.999816477 45.699031830
0.999820709 0.001889156 0.018847238 2.304809093 -0.001939063 0.999994576 0.002630011 -4.784879208 -0.018842172 -0.002666085 0.999818921 47.967266083
0.999818981 0.000757038 0.019010819 2.439255238 -0.000815500 0.999994934 0.003067597 -5.014327049 -0.019008406 -0.003082544 0.999814570 50.244518280
0.999801159 0.000365158 0.019938057 2.569043636 -0.000430570 0.999994516 0.003276567 -5.236141682 -0.019936752 -0.003284499 0.999795854 52.510570526
0.999790370 -0.000892006 0.020456985 2.701944351 0.000819474 0.999993324 0.003553680 -5.469563007 -0.020460017 -0.003536172 0.999784410 54.792709351
0.999755144 -0.000770761 0.022113852 2.824424267 0.000684819 0.999992132 0.003893630 -5.698854446 -0.022116685 -0.003877532 0.999747872 57.088088989
0.999745071 -0.002326275 0.022454817 2.966815472 0.002222242 0.999986708 0.004656797 -5.925414562 -0.022465348 -0.004605710 0.999737024 59.355236053
0.999701023 -0.003577978 0.024187362 3.092522621 0.003481509 0.999985814 0.004029365 -6.150016308 -0.024201436 -0.003943952 0.999699295 61.622062683
0.999683857 -0.004201651 0.024790518 3.243924379 0.004105999 0.999983847 0.003908080 -6.375393867 -0.024806540 -0.003805053 0.999685168 63.873435974
0.999650240 -0.003822068 0.026167490 3.384908199 0.003713669 0.999984324 0.004189902 -6.594722748 -0.026183093 -0.004091260 0.999648750 66.142623901
0.999624968 -0.002769741 0.027244158 3.533317089 0.002644610 0.999985814 0.004627956 -6.823061943 -0.027256589 -0.004554170 0.999618113 68.396881104
0.999582350 -0.003065970 0.028732462 3.671034336 0.002940146 0.999985933 0.004420371 -7.049168587 -0.028745607 -0.004334049 0.999577343 70.645423889
0.999574125 -0.003916795 0.028917670 3.834716797 0.003833086 0.999988317 0.002949608 -7.272166729 -0.028928882 -0.002837508 0.999577463 72.890495300
0.999557972 -0.004733699 0.029350985 3.989311218 0.004632110 0.999983013 0.003528235 -7.501116753 -0.029367190 -0.003390718 0.999562919 75.158966064
0.999508023 -0.006007247 0.030783476 4.150600433 0.005918759 0.999978065 0.002964834 -7.732546806 -0.030800611 -0.002781175 0.999521732 77.426399231
0.999504328 -0.006587653 0.030784247 4.307267666 0.006511398 0.999975443 0.002576647 -7.955233097 -0.030800465 -0.002374921 0.999522746 79.685989380
0.999475658 -0.007177091 0.031572305 4.458129883 0.007106703 0.999971986 0.002341051 -8.175208092 -0.031588223 -0.002115448 0.999498725 81.941589355
0.999461293 -0.005918821 0.032280166 4.631441593 0.005846227 0.999980092 0.002342819 -8.408482552 -0.032293390 -0.002152839 0.999476135 84.198806763
0.999403894 -0.005650918 0.034060188 4.788879871 0.005549050 0.999979854 0.003084623 -8.631600380 -0.034076944 -0.002893782 0.999414980 86.448944092
0.999409080 -0.005390012 0.033946477 4.957106590 0.005243959 0.999976635 0.004389974 -8.866705894 -0.033969350 -0.004209367 0.999414027 88.732917786
0.999380708 -0.004458516 0.034905303 5.118822098 0.004285426 0.999978185 0.005032092 -9.094491959 -0.034926984 -0.004879391 0.999377966 90.987312317
0.999352276 -0.004290173 0.035729822 5.286003113 0.004115080 0.999979317 0.004972531 -9.317331314 -0.035750411 -0.004822279 0.999349117 93.238487244
0.999336123 -0.004607241 0.036139503 5.457242489 0.004451503 0.999980450 0.004388645 -9.535632133 -0.036159016 -0.004224856 0.999337137 95.492088318
0.999306202 -0.005064613 0.036897544 5.624698162 0.004893035 0.999976814 0.004738944 -9.758042336 -0.036920689 -0.004555115 0.999307811 97.747550964
0.999267936 -0.005039501 0.037922077 5.789207458 0.004880760 0.999978960 0.004277370 -9.988595963 -0.037942830 -0.004089151 0.999271572 99.984169006
0.999212801 -0.005284742 0.039316941 5.954727173 0.005084432 0.999973536 0.005193002 -10.203182220 -0.039343338 -0.004989009 0.999213278 102.216659546
0.999181151 -0.005387020 0.040098269 6.143685341 0.005190388 0.999974072 0.005006222 -10.422410965 -0.040124193 -0.004793997 0.999183118 104.471725464
0.999165833 -0.006380728 0.040334795 6.315762520 0.006141944 0.999962986 0.006041177 -10.647941589 -0.040371854 -0.005788403 0.999167979 106.701835632
0.999131262 -0.007982768 0.040899914 6.500871181 0.007741491 0.999951661 0.006054188 -10.861742020 -0.040946268 -0.005732301 0.999144852 108.946998596
0.999092340 -0.008990635 0.041637044 6.684922218 0.008717109 0.999939203 0.006746186 -11.082253456 -0.041695170 -0.006377108 0.999109983 111.196838379
0.999072015 -0.009220841 0.042071525 6.874778271 0.008989970 0.999943435 0.005673487 -11.307236671 -0.042121455 -0.005290001 0.999098420 113.459144592
0.999018550 -0.009595103 0.043245271 7.057782173 0.009394820 0.999944210 0.004832165 -11.525643349 -0.043289226 -0.004421141 0.999052942 115.707420349
0.998985410 -0.010139887 0.043878209 7.239584923 0.009928732 0.999938071 0.005027531 -11.749368668 -0.043926463 -0.004586775 0.999024212 117.938278198
0.998930573 -0.010717721 0.044975515 7.428952217 0.010457456 0.999927163 0.006018130 -11.973957062 -0.045036752 -0.005541365 0.998969972 120.182464600
0.998919427 -0.011682334 0.044983018 7.638442993 0.011396174 0.999913156 0.006612724 -12.197592735 -0.045056362 -0.006092944 0.998965919 122.386268616
0.998866081 -0.012090857 0.046050616 7.831644058 0.011822478 0.999911547 0.006095888 -12.421150208 -0.046120241 -0.005544542 0.998920500 124.669670105
0.998826623 -0.012628916 0.046753608 8.018332481 0.012393873 0.999909043 0.005313732 -12.646347046 -0.046816468 -0.004728038 0.998892307 126.942428589
0.998817205 -0.014367331 0.046451531 8.211500168 0.014116790 0.999884009 0.005717172 -12.863406181 -0.046528287 -0.005054662 0.998904109 129.193222046
0.998852015 -0.015381920 0.045364652 8.406721115 0.015126408 0.999867737 0.005970363 -13.079421997 -0.045450486 -0.005277304 0.998952627 131.448196411
0.998919249 -0.015619287 0.043777928 8.608261108 0.015313943 0.999855995 0.007301611 -13.298431396 -0.043885667 -0.006623306 0.999014556 133.683319092
0.998960793 -0.016667075 0.042421576 8.790690422 0.016395781 0.999842823 0.006735159 -13.516582489 -0.042527165 -0.006032626 0.999077022 135.941513062
0.999042869 -0.017622508 0.040034842 9.004795074 0.017401678 0.999831378 0.005857764 -13.725634575 -0.040131330 -0.005155484 0.999181032 138.162139893
0.999026895 -0.018198820 0.040175278 9.180667877 0.017955899 0.999818325 0.006399122 -13.953567505 -0.040284432 -0.005671511 0.999172151 140.458541870
0.999001980 -0.018454855 0.040673945 9.345038414 0.018199999 0.999812305 0.006627261 -14.162152290 -0.040788621 -0.005880382 0.999150455 142.693283081
0.999056995 -0.018493820 0.039282650 9.550636292 0.018196827 0.999803185 0.007904480 -14.390603065 -0.039421100 -0.007182207 0.999196887 144.923339844
0.999064624 -0.017685177 0.039459553 9.726681709 0.017430384 0.999825001 0.006791847 -14.605286598 -0.039572753 -0.006097699 0.999198079 147.168518066
0.999081075 -0.016553337 0.039533582 9.910068512 0.016358761 0.999852419 0.005240329 -14.822168350 -0.039614491 -0.004588793 0.999204457 149.407562256
0.999091685 -0.015044995 0.039866533 10.086228371 0.014878764 0.999879301 0.004463121 -15.042651176 -0.039928861 -0.003865903 0.999194980 151.650405884
0.999101102 -0.014164381 0.039952919 10.273171425 0.014002142 0.999892533 0.004337693 -15.254482269 -0.040010061 -0.003774367 0.999192238 153.873306274
0.999091566 -0.013327385 0.040476460 10.453010559 0.013140266 0.999901652 0.004885475 -15.473134995 -0.040537599 -0.004349166 0.999168515 156.125854492
0.999097943 -0.012584902 0.040558379 10.649383545 0.012352585 0.999905825 0.005973596 -15.692983627 -0.040629741 -0.005467206 0.999159396 158.331405640
0.999057889 -0.011856047 0.041745815 10.814806938 0.011576497 0.999908984 0.006931919 -15.910844803 -0.041824199 -0.006442118 0.999104202 160.604644775
0.999006510 -0.010858285 0.043219414 10.989606857 0.010455566 0.999899864 0.009533224 -16.136650085 -0.043318599 -0.009071872 0.999020040 162.839874268
0.998983502 -0.010335929 0.043875847 11.185726166 0.010009828 0.999920607 0.007645580 -16.332252502 -0.043951385 -0.007198619 0.999007702 165.098480225
0.998948932 -0.009447714 0.044852193 11.382319450 0.009156886 0.999935746 0.006685176 -16.548936844 -0.044912476 -0.006267444 0.998971283 167.331481934
0.998859406 -0.007550271 0.047148120 11.566430092 0.007219250 0.999948084 0.007187211 -16.769563675 -0.047199931 -0.006838639 0.998862088 169.569137573
0.998754442 -0.007062559 0.049392428 11.758627892 0.006694617 0.999948621 0.007610810 -16.990032196 -0.049443644 -0.007270667 0.998750448 171.785308838
0.998627186 -0.007437185 0.051849723 11.957507133 0.007071637 0.999948800 0.007230060 -17.201120377 -0.051900834 -0.006853472 0.998628736 174.041885376
0.998548329 -0.007427501 0.053348154 12.168453217 0.007007927 0.999943078 0.008047587 -17.423568726 -0.053404897 -0.007662045 0.998543561 176.277557373
0.998487413 -0.007786143 0.054424811 12.371188164 0.007305540 0.999932587 0.009023967 -17.634351730 -0.054491401 -0.008612716 0.998477101 178.499343872
0.998484731 -0.009570218 0.054190606 12.573816299 0.009109642 0.999920309 0.008739792 -17.850639343 -0.054269928 -0.008232892 0.998492360 180.724716187
0.998424411 -0.010528235 0.055115525 12.769435883 0.010077582 0.999913454 0.008448102 -18.061658859 -0.055199698 -0.007879359 0.998444259 182.974090576
0.998531699 -0.011395848 0.052957471 13.006711006 0.010954782 0.999902844 0.008611536 -18.289640427 -0.053050473 -0.008018755 0.998559594 185.211151123
0.998541653 -0.013282876 0.052327231 13.215733528 0.012793524 0.999871373 0.009675678 -18.508501053 -0.052449018 -0.008992117 0.998583078 187.453140259
0.998550832 -0.014132321 0.051927086 13.418800354 0.013674976 0.999864697 0.009152236 -18.715641022 -0.052049395 -0.008428872 0.998608947 189.694488525
0.998509526 -0.015702195 0.052269973 13.627410889 0.015239015 0.999841034 0.009248153 -18.940319061 -0.052406885 -0.008437824 0.998590112 191.933639526
0.998484135 -0.017436406 0.052205235 13.824087143 0.017007181 0.999817908 0.008654878 -19.150642395 -0.052346643 -0.007753892 0.998598874 194.170120239
0.998512208 -0.016999133 0.051810808 14.030651093 0.016581219 0.999826550 0.008485328 -19.358201981 -0.051946059 -0.007613619 0.998620868 196.400390625
0.998522043 -0.014454008 0.052389655 14.238484383 0.014006583 0.999862254 0.008897511 -19.575189590 -0.052511051 -0.008150561 0.998587072 198.631530762
0.998524845 -0.012576177 0.052820064 14.440813065 0.012138943 0.999889433 0.008590469 -19.786924362 -0.052922260 -0.007936617 0.998567104 200.859802246
0.998498976 -0.012101313 0.053417135 14.653295517 0.011701763 0.999901235 0.007786227 -19.999607086 -0.053506088 -0.007149466 0.998541892 203.115295410
0.998469532 -0.012440990 0.053888228 14.857757568 0.012005793 0.999892831 0.008392142 -20.207950592 -0.053986859 -0.007732327 0.998511732 205.338500977
0.998461068 -0.013940619 0.053678498 15.092601776 0.013480508 0.999869227 0.008924229 -20.432514191 -0.053795896 -0.008186879 0.998518407 207.579589844
0.998394787 -0.013529290 0.054998077 15.296462059 0.013064215 0.999875844 0.008806986 -20.631303787 -0.055110402 -0.008074343 0.998447597 209.823226929
0.998315811 -0.013691387 0.056374978 15.510995865 0.013102788 0.999855876 0.010797243 -20.867288589 -0.056514684 -0.010040387 0.998351276 212.052917480
0.998254716 -0.012290278 0.057763588 15.747046471 0.011675783 0.999871671 0.010963559 -21.074300766 -0.057890933 -0.010269987 0.998270035 214.284561157
0.998073697 -0.011029483 0.061050866 15.957048416 0.010389947 0.999887884 0.010783026 -21.283525467 -0.061162956 -0.010127943 0.998076320 216.562789917
0.997933328 -0.011029786 0.063303784 16.183605194 0.010335620 0.999882877 0.011282645 -21.492679596 -0.063420832 -0.010605045 0.997930527 218.807281494
0.997785509 -0.012376711 0.065352455 16.412796021 0.011631561 0.999863088 0.011770234 -21.694721222 -0.065489195 -0.010984018 0.997792780 221.032958984
0.997688711 -0.013886708 0.066515759 16.648942947 0.013068267 0.999833643 0.012723831 -21.898950577 -0.066681370 -0.011825177 0.997704268 223.262176514
0.997626007 -0.016166199 0.066940241 16.901573181 0.015403952 0.999810696 0.011887544 -22.107383728 -0.067119755 -0.010828178 0.997686267 225.486755371
0.997573376 -0.017175941 0.067469887 17.140558243 0.016430801 0.999797881 0.011583491 -22.305988312 -0.067655206 -0.010446799 0.997654080 227.728118896
0.997543752 -0.017225178 0.067894816 17.379631042 0.016437504 0.999791145 0.012143064 -22.515884399 -0.068089806 -0.010997214 0.997618556 229.961425781
0.997498095 -0.018211944 0.068307243 17.626825333 0.017490495 0.999785006 0.011145007 -22.721807480 -0.068495512 -0.009922396 0.997602105 232.211181641
0.997448504 -0.019199708 0.068760179 17.869779587 0.018404951 0.999756515 0.012173387 -22.922254562 -0.068977170 -0.010876798 0.997559011 234.449386597
0.997376561 -0.018776635 0.069910228 18.106122971 0.017940564 0.999760091 0.012567936 -23.127820969 -0.070129432 -0.011280738 0.997474074 236.706054688
0.997341692 -0.018399267 0.070505664 18.343456268 0.017586624 0.999771774 0.012129459 -23.321775436 -0.070712745 -0.010857260 0.997437656 238.921752930
0.997305930 -0.018441634 0.070998535 18.586038589 0.017590316 0.999765933 0.012597308 -23.528564453 -0.071214244 -0.011314481 0.997396886 241.135894775
0.997234762 -0.018849492 0.071884938 18.829334259 0.017969504 0.999755740 0.012868810 -23.731788635 -0.072109945 -0.011541489 0.997329891 243.378051758
0.997199535 -0.019155825 0.072292283 19.075912476 0.018321626 0.999757886 0.012184851 -23.939500809 -0.072508208 -0.010826217 0.997309029 245.604995728
0.997209489 -0.018430499 0.072343379 19.336948395 0.017651828 0.999779344 0.011388208 -24.145524979 -0.072537303 -0.010079436 0.997314751 247.848190308
0.997172773 -0.018649537 0.072791502 19.591430664 0.017818540 0.999768615 0.012048973 -24.354295731 -0.072999343 -0.010717871 0.997274399 250.080612183
0.997146010 -0.020026565 0.072792277 19.852455139 0.019212443 0.999745011 0.011867268 -24.556934357 -0.073011383 -0.010434883 0.997276485 252.299316406
0.997149229 -0.020126441 0.072722927 20.128190994 0.019246677 0.999733031 0.012778139 -24.766632080 -0.072960690 -0.011342034 0.997270346 254.567123413
0.997108340 -0.021108055 0.073003180 20.372489929 0.020198718 0.999709189 0.013172153 -24.972560883 -0.073259979 -0.011659491 0.997244775 256.785858154
0.997097254 -0.021274872 0.073106006 20.634698868 0.020328039 0.999700010 0.013671235 -25.181774139 -0.073374920 -0.012145451 0.997230470 259.056274414
0.997064233 -0.021026848 0.073626295 20.895708084 0.020099534 0.999709368 0.013313329 -25.383245468 -0.073884815 -0.011794387 0.997197032 261.297729492
0.997039735 -0.020957723 0.073975466 21.159763336 0.020064831 0.999716818 0.012792774 -25.582654953 -0.074222617 -0.011270602 0.997178018 263.546905518
0.996980667 -0.020124353 0.074997090 21.415927887 0.019257786 0.999739349 0.012260085 -25.782964706 -0.075224265 -0.010778787 0.997108519 265.773437500
0.996891260 -0.019669509 0.076294906 21.677133560 0.018796034 0.999749541 0.012149993 -25.982494354 -0.076514788 -0.010678181 0.997011185 268.017272949
0.996815681 -0.019605644 0.077292323 21.943969727 0.018734505 0.999752700 0.011979806 -26.188558578 -0.077508070 -0.010493624 0.996936500 270.262878418
0.996707320 -0.020380044 0.078480877 22.216308594 0.019461585 0.999733090 0.012450129 -26.396631241 -0.078713663 -0.010881771 0.996837914 272.503875732
0.996551275 -0.020667311 0.080363944 22.472469330 0.019637842 0.999714911 0.013579510 -26.606010437 -0.080621697 -0.011954505 0.996673048 274.753936768
0.996411741 -0.020546332 0.082106300 22.743736267 0.019426802 0.999707341 0.014410951 -26.794614792 -0.082378380 -0.012764179 0.996519446 276.992706299
0.996351242 -0.019824918 0.083012380 23.025747299 0.018532095 0.999695122 0.016315613 -27.015014648 -0.083310537 -0.014717688 0.996414959 279.253753662
0.996282816 -0.019687302 0.083862767 23.315460205 0.018286761 0.999680758 0.017435977 -27.216373444 -0.084179260 -0.015837589 0.996324718 281.490142822
0.996169090 -0.019285671 0.085294135 23.586690903 0.017849261 0.999686301 0.017571425 -27.406242371 -0.085606247 -0.015981672 0.996200979 283.747436523
0.996100485 -0.018357493 0.086294092 23.862297058 0.016919358 0.999705970 0.017367532 -27.598339081 -0.086587548 -0.015839769 0.996118307 285.967681885
0.996073246 -0.017604645 0.086764261 24.155931473 0.016394693 0.999758422 0.014638216 -27.766893387 -0.087001011 -0.013158263 0.996121347 288.233367920
0.996021509 -0.018370807 0.087198697 24.435112000 0.017132858 0.999741793 0.014924186 -27.969533920 -0.087450333 -0.013370849 0.996079206 290.459106445
0.995987356 -0.018513344 0.087557457 24.706222534 0.017370686 0.999753952 0.013794445 -28.162040710 -0.087791294 -0.012218161 0.996063888 292.734069824
0.995988607 -0.019046718 0.087429196 24.990333557 0.018008981 0.999757886 0.012642994 -28.355192184 -0.087648831 -0.011017766 0.996090531 294.963897705
0.995970845 -0.019230524 0.087591380 25.273283005 0.018234165 0.999759793 0.012161043 -28.552019119 -0.087804198 -0.010514888 0.996082187 297.198669434
0.995980918 -0.018446947 0.087645024 25.558977127 0.017419852 0.999770522 0.012469269 -28.753545761 -0.087854952 -0.010892389 0.996073723 299.436126709
0.995922804 -0.018455654 0.088301823 25.826747894 0.017344303 0.999760628 0.013336608 -28.959630966 -0.088526823 -0.011750699 0.996004403 301.667877197
0.995936871 -0.019175509 0.087990105 26.120420456 0.018033100 0.999742687 0.013760065 -29.161006927 -0.088231325 -0.012117420 0.996026278 303.918090820
0.995900691 -0.018623084 0.088515274 26.410360336 0.017449392 0.999749482 0.014015186 -29.361717224 -0.088754110 -0.012413196 0.995976210 306.165557861
0.995879352 -0.019294085 0.088612057 26.694845200 0.018131796 0.999738872 0.013902945 -29.565923691 -0.088857181 -0.012238961 0.995969176 308.417205811
0.995818853 -0.020482611 0.089023888 26.981019974 0.019278688 0.999710858 0.014362558 -29.766059875 -0.089292325 -0.012586241 0.995925963 310.675842285
0.995792150 -0.020270661 0.089371972 27.274015427 0.019136874 0.999725401 0.013524920 -29.963890076 -0.089621589 -0.011757706 0.995906413 312.915039062
0.995798647 -0.019963151 0.089367561 27.566186905 0.018759698 0.999721944 0.014286152 -30.167076111 -0.089627899 -0.012549623 0.995896220 315.155517578
0.995747328 -0.018254206 0.090299927 27.853721619 0.017108213 0.999763131 0.013448874 -30.368375778 -0.090524033 -0.011846810 0.995823801 317.397796631
0.995725095 -0.016525535 0.090876229 28.139501572 0.015309037 0.999783814 0.014067175 -30.569433212 -0.091089070 -0.012615814 0.995762825 319.637023926
0.995675027 -0.015217849 0.091649115 28.424654007 0.014029264 0.999809086 0.013599220 -30.770732880 -0.091838576 -0.012254635 0.995698512 321.858123779
0.995621979 -0.014842715 0.092284404 28.711898804 0.013599548 0.999808311 0.014085362 -30.967567444 -0.092475764 -0.012768671 0.995633066 324.103698730
0.995621264 -0.014410036 0.092361748 29.013704300 0.013024606 0.999793708 0.015585329 -31.177431107 -0.092567272 -0.014314110 0.995603502 326.336151123
0.995567083 -0.015153493 0.092825584 29.300064087 0.013767928 0.999784231 0.015548821 -31.379926682 -0.093041167 -0.014201877 0.995560944 328.583801270
0.995572031 -0.016735239 0.092500322 29.603864670 0.015418478 0.999769628 0.014931609 -31.578199387 -0.092728883 -0.013439277 0.995600700 330.817260742
0.995583296 -0.016303616 0.092456207 29.895715714 0.015022713 0.999781489 0.014533299 -31.775447845 -0.092672952 -0.013080168 0.995610654 333.031738281
0.995529532 -0.016206898 0.093050219 30.184610367 0.014776732 0.999762177 0.016038341 -31.975242615 -0.093288027 -0.014591665 0.995532155 335.259918213
0.995580077 -0.016721509 0.092415437 30.494319916 0.015315088 0.999756098 0.015906807 -32.169025421 -0.092658900 -0.014421151 0.995593488 337.494476318
0.995542705 -0.016356409 0.092882439 30.778852463 0.014905299 0.999756217 0.016295360 -32.370681763 -0.093126334 -0.014838289 0.995543718 339.732513428
0.995574832 -0.016317589 0.092544511 31.082122803 0.014896294 0.999760509 0.016028067 -32.570697784 -0.092783891 -0.014578570 0.995579541 341.978393555
0.995575130 -0.016363138 0.092532434 31.376031876 0.014882977 0.999750495 0.016663676 -32.766517639 -0.092782013 -0.015212788 0.995570242 344.221862793
0.995598614 -0.016106255 0.092325337 31.668035507 0.014620103 0.999752820 0.016750770 -32.960533142 -0.092572317 -0.015327238 0.995587945 346.457092285
0.995638728 -0.015868740 0.091932461 31.963956833 0.014399867 0.999758184 0.016619120 -33.152332306 -0.092173949 -0.015222826 0.995626688 348.705718994
0.995624900 -0.015358520 0.092168674 32.252506256 0.013852807 0.999760270 0.016954117 -33.347511292 -0.092406958 -0.015603146 0.995599091 350.946929932
0.995656371 -0.015570967 0.091792218 32.545848846 0.014031515 0.999750257 0.017392630 -33.541244507 -0.092040099 -0.016029097 0.995626390 353.178649902
0.995672762 -0.014838979 0.091736138 32.836151123 0.013339022 0.999767423 0.016942356 -33.737316132 -0.091966219 -0.015645372 0.995639205 355.421875000
0.995690167 -0.014959233 0.091527931 33.129619598 0.013406186 0.999755919 0.017559359 -33.931026459 -0.091768265 -0.016256640 0.995647669 357.656646729
0.995721996 -0.014493853 0.091256097 33.425212860 0.012860866 0.999746919 0.018457256 -34.126106262 -0.091500521 -0.017204665 0.995656371 359.899414062
0.995805919 -0.014837025 0.090279497 33.731094360 0.013215588 0.999740899 0.018531563 -34.321735382 -0.090531081 -0.017260743 0.995743990 362.142517090
0.995885730 -0.014911319 0.089382894 34.034255981 0.013282866 0.999735296 0.018786093 -34.511432648 -0.089639343 -0.017521545 0.995820165 364.381835938
0.995929599 -0.014949880 0.088885412 34.326412201 0.013389432 0.999745965 0.018126151 -34.704635620 -0.089133829 -0.016862247 0.995876908 366.630004883
0.995964885 -0.015736317 0.088353597 34.614425659 0.014195926 0.999736488 0.018035788 -34.899192810 -0.088614158 -0.016708752 0.995925903 368.869598389
0.995967925 -0.015184648 0.088416316 34.895515442 0.013744346 0.999763072 0.016876101 -35.080467224 -0.088651642 -0.015592829 0.995940685 371.125885010
0.996006429 -0.016582826 0.087727711 35.183555603 0.015103953 0.999732852 0.017494604 -35.291481018 -0.087994382 -0.016099703 0.995990872 373.352905273
0.996069908 -0.016466703 0.087026417 35.477439880 0.014924474 0.999720275 0.018342482 -35.480575562 -0.087304145 -0.016971573 0.996037066 375.604217529
0.996048748 -0.016847210 0.087197199 35.754817963 0.015281015 0.999710202 0.018598013 -35.669158936 -0.087485254 -0.017192060 0.996017456 377.850372314
0.996053517 -0.017451538 0.087021932 36.043346405 0.015866915 0.999696016 0.018868068 -35.862945557 -0.087324761 -0.017412836 0.996027708 380.079193115
0.996038020 -0.017612062 0.087167203 36.334861755 0.016036695 0.999695778 0.018740425 -36.047256470 -0.087470733 -0.017268300 0.996017337 382.323272705
0.996050835 -0.016792422 0.087182425 36.627147675 0.015183409 0.999702573 0.019086195 -36.239700317 -0.087476991 -0.017687092 0.996009529 384.574188232
0.996070087 -0.015888745 0.087133273 36.914482117 0.014256899 0.999711752 0.019318670 -36.429637909 -0.087415092 -0.018000497 0.996009350 386.817474365
0.996103346 -0.014741713 0.086952262 37.213737488 0.013110876 0.999727845 0.019296953 -36.627326965 -0.087213047 -0.018081738 0.996025503 389.086425781
0.996085405 -0.013391592 0.087376073 37.494434357 0.011752366 0.999745786 0.019248124 -36.819175720 -0.087611623 -0.018145900 0.995989561 391.360809326
0.996120274 -0.012462149 0.087115519 37.786991119 0.010692760 0.999727488 0.020748055 -37.008735657 -0.087350346 -0.019736053 0.995982111 393.620208740
0.996043801 -0.011042174 0.088175051 38.063343048 0.009224147 0.999736965 0.020999305 -37.196563721 -0.088383742 -0.020102890 0.995883644 395.887481689
0.995982409 -0.010647906 0.088913590 38.348949432 0.008937689 0.999767721 0.019610647 -37.391292572 -0.089101739 -0.018737173 0.995846272 398.149688721
0.995951593 -0.010524074 0.089272872 38.638835907 0.008867683 0.999781489 0.018930599 -37.580005646 -0.089452595 -0.018062316 0.995827198 400.416168213
0.995804965 -0.011704946 0.090748884 38.912487030 0.009897360 0.999744117 0.020343052 -37.771194458 -0.090963766 -0.019359540 0.995665967 402.654449463
0.995854855 -0.012986279 0.090024874 39.229362488 0.011138855 0.999717534 0.020993399 -37.955863953 -0.090272076 -0.019903608 0.995718241 404.947021484
0.995814025 -0.013332722 0.090424508 39.518997192 0.011492371 0.999716640 0.020842584 -38.141487122 -0.090676785 -0.019716147 0.995685160 407.198272705
0.995791614 -0.012346788 0.090812013 39.833293915 0.010582007 0.999746203 0.019889273 -38.324935913 -0.091034539 -0.018844595 0.995669425 409.469024658
0.995755076 -0.011531293 0.091317661 40.134216309 0.009727041 0.999749064 0.020178476 -38.517875671 -0.091527410 -0.019204566 0.995617330 411.726898193
0.995682478 -0.010271124 0.092254668 40.422985077 0.008481081 0.999768496 0.019774439 -38.705791473 -0.092436418 -0.018906644 0.995539069 413.973266602
0.995572805 -0.009145874 0.093547814 40.717967987 0.007334374 0.999779224 0.019689953 -38.891590118 -0.093707249 -0.018916668 0.995419979 416.243774414
0.995540738 -0.009566963 0.093847506 41.027378082 0.007745377 0.999774873 0.019755140 -39.084136963 -0.094015375 -0.018940158 0.995390713 418.499847412
0.995434821 -0.009630882 0.094956830 41.320499420 0.007796426 0.999776125 0.019670965 -39.270709991 -0.095125020 -0.018840838 0.995287001 420.752441406
0.995341897 -0.009991978 0.095890306 41.612228394 0.008140094 0.999773085 0.019684331 -39.464691162 -0.096065253 -0.018812079 0.995197237 423.004699707
0.995267153 -0.010589221 0.096597478 41.916908264 0.008624170 0.999747753 0.020737585 -39.653900146 -0.096792698 -0.019806365 0.995107472 425.276977539
0.995221257 -0.009911036 0.097142234 42.220127106 0.007855262 0.999737501 0.021522181 -39.842170715 -0.097330041 -0.020656252 0.995037794 427.530395508
0.995154679 -0.009206981 0.097889639 42.532703400 0.007051744 0.999725580 0.022340246 -40.028236389 -0.098068468 -0.021541703 0.994946539 429.807983398
0.995139360 -0.009663908 0.098001443 42.840618134 0.007486199 0.999717295 0.022564633 -40.220760345 -0.098191798 -0.021721292 0.994930387 432.062927246
0.995081007 -0.010332024 0.098524459 43.150005341 0.008190769 0.999721885 0.022113020 -40.413825989 -0.098725520 -0.021197254 0.994888902 434.321319580
0.995061636 -0.009717875 0.098782331 43.462779999 0.007541620 0.999721110 0.022380397 -40.589332581 -0.098972268 -0.021524899 0.994857371 436.583801270
0.995021999 -0.010342946 0.099116474 43.780136108 0.008120641 0.999707103 0.022798415 -40.778457642 -0.099323221 -0.021880034 0.994814634 438.875579834
0.995068431 -0.010329770 0.098650783 44.103240967 0.008084544 0.999699712 0.023132017 -40.962524414 -0.098860092 -0.022220394 0.994853258 441.146759033
0.995022655 -0.009979866 0.099148087 44.422508240 0.007597025 0.999673963 0.024381716 -41.162624359 -0.099359065 -0.023507126 0.994773865 443.448120117
0.994999111 -0.010570567 0.099323064 44.745418549 0.008180614 0.999667823 0.024438987 -41.342441559 -0.099548429 -0.023504250 0.994755089 445.728546143
0.995013773 -0.010400086 0.099193640 45.063529968 0.008058283 0.999680102 0.023979925 -41.525672913 -0.099411294 -0.023061028 0.994779170 447.996337891
0.995002270 -0.009577508 0.099391870 45.381187439 0.007260316 0.999693930 0.023649273 -41.709888458 -0.099587940 -0.022809461 0.994767308 450.256103516
0.994972885 -0.009344640 0.099707700 45.696434021 0.007027473 0.999697566 0.023565570 -41.898475647 -0.099897742 -0.022746414 0.994737685 452.518341064
0.994910121 -0.009119836 0.100352123 46.006107330 0.006781778 0.999698102 0.023615068 -42.073734283 -0.100537196 -0.022814300 0.994671643 454.795135498
0.994853318 -0.008840992 0.100939304 46.308727264 0.006512256 0.999705493 0.023376916 -42.263648987 -0.101116255 -0.022599259 0.994617879 457.055755615
0.994885385 -0.008208644 0.100675970 46.636684418 0.005938147 0.999721706 0.022831509 -42.450611115 -0.100835361 -0.022116905 0.994657278 459.340332031
0.994841099 -0.007303318 0.101181909 46.951885223 0.004951013 0.999711990 0.023479933 -42.636703491 -0.101324230 -0.022857849 0.994590819 461.630340576
0.994896472 -0.006775701 0.100672483 47.276069641 0.004315303 0.999687254 0.024637332 -42.817142487 -0.100807913 -0.024077164 0.994614542 463.911712646
0.994919360 -0.006917433 0.100436844 47.583736420 0.004438388 0.999680459 0.024885144 -42.992897034 -0.100576892 -0.024312934 0.994632185 466.176605225
0.994984090 -0.006886017 0.099795394 47.897708893 0.004515307 0.999702692 0.023962138 -43.173469543 -0.099930719 -0.023391342 0.994719505 468.446533203
0.995054126 -0.006895797 0.099094041 48.223587036 0.004585210 0.999712706 0.023525963 -43.358627319 -0.099227808 -0.022955244 0.994799912 470.743774414
0.995123863 -0.007386275 0.098356135 48.538154602 0.004964976 0.999679089 0.024839697 -43.550132751 -0.098508053 -0.024230242 0.994841158 473.021636963
0.995091677 -0.007405829 0.098679826 48.840785980 0.004927982 0.999666929 0.025330085 -43.734695435 -0.098834552 -0.024719460 0.994796813 475.305389404
0.995170891 -0.006117685 0.097966455 49.150127411 0.003720850 0.999689639 0.024629895 -43.897346497 -0.098086745 -0.024146438 0.994884908 477.596740723
0.995177388 -0.006102010 0.097901136 49.460514069 0.003660371 0.999678254 0.025100088 -44.077339172 -0.098022819 -0.024620689 0.994879544 479.878173828
0.995185137 -0.006610995 0.097789064 49.771366119 0.004114902 0.999661088 0.025704961 -44.258125305 -0.097925864 -0.025178805 0.994875133 482.148590088
0.995218456 -0.007127372 0.097413622 50.079547882 0.004699889 0.999673188 0.025126116 -44.436916351 -0.097560875 -0.024548143 0.994926751 484.420684814
0.995294452 -0.007554053 0.096602440 50.394683838 0.005106530 0.999660313 0.025558218 -44.620906830 -0.096762694 -0.024944644 0.994994819 486.707214355
0.995325744 -0.007857287 0.096254736 50.698146820 0.005441845 0.999664307 0.025331125 -44.791130066 -0.096421458 -0.024688916 0.995034337 488.988037109
0.995313585 -0.007426135 0.096414313 51.000942230 0.004947586 0.999651670 0.025920941 -44.966835022 -0.096573241 -0.025322443 0.995003641 491.289794922
0.995386183 -0.006985177 0.095694982 51.317886353 0.004474741 0.999640822 0.026423270 -45.144016266 -0.095845155 -0.025873149 0.995060086 493.575103760
0.995360911 -0.006200417 0.096011594 51.610511780 0.003747466 0.999662459 0.025707768 -45.314918518 -0.096138574 -0.025228703 0.995048285 495.870574951
0.995359242 -0.006281118 0.096022949 51.920818329 0.003871643 0.999673486 0.025258444 -45.500930786 -0.096150249 -0.024769465 0.995058596 498.195495605
0.995372593 -0.006323851 0.095881708 52.224746704 0.003827353 0.999649346 0.026198870 -45.681900024 -0.096013770 -0.025710667 0.995047808 500.489929199
0.995354354 -0.005621742 0.096115187 52.524257660 0.003088188 0.999644339 0.026488038 -45.863212585 -0.096229911 -0.026068166 0.995017707 502.771270752
0.995411515 -0.004616064 0.095574401 52.838863373 0.002180496 0.999670565 0.025572255 -46.038421631 -0.095660970 -0.025246521 0.995093763 505.051422119
0.995386779 -0.004711122 0.095826879 53.133289337 0.002167062 0.999642849 0.026635267 -46.220623016 -0.095918119 -0.026304731 0.995041549 507.333404541
0.995436311 -0.004974712 0.095298640 53.451049805 0.002549863 0.999670327 0.025549639 -46.398300171 -0.095394328 -0.025190039 0.995120764 509.632598877
0.995447397 -0.005686265 0.095142849 53.759033203 0.003180811 0.999644697 0.026464572 -46.583400726 -0.095259547 -0.026041459 0.995111704 511.926422119
0.995435357 -0.005238816 0.095294319 54.063331604 0.002730020 0.999646664 0.026438152 -46.756263733 -0.095399164 -0.026057310 0.995097995 514.229187012
0.995480299 -0.004450800 0.094863765 54.377128601 0.001967513 0.999653339 0.026254883 -46.935630798 -0.094947733 -0.025949571 0.995144010 516.531738281
0.995480716 -0.003360895 0.094904624 54.676284790 0.000893137 0.999660730 0.026033014 -47.115234375 -0.094959922 -0.025830604 0.995145917 518.818725586
0.995348454 -0.001448909 0.096328869 54.968894958 -0.001075255 0.999657512 0.026146526 -47.294891357 -0.096333772 -0.026128482 0.995006084 521.157104492
0.995268941 0.000797632 0.097155005 55.279644012 -0.003380137 0.999645174 0.026419606 -47.476001740 -0.097099453 -0.026623014 0.994918466 523.481628418
0.995206773 0.001676597 0.097778380 55.592334747 -0.004385109 0.999612391 0.027492208 -47.644660950 -0.097694375 -0.027789198 0.994828522 525.793457031
0.995135128 0.001006030 0.098515354 55.897155762 -0.003729292 0.999615848 0.027462784 -47.821586609 -0.098449886 -0.027696572 0.994756460 528.090820312
0.995082736 -0.000796432 0.099043690 56.206172943 -0.002076160 0.999580264 0.028896835 -47.996807098 -0.099025108 -0.028960373 0.994663417 530.398742676
0.995014846 -0.002333884 0.099699557 56.528507233 -0.000509490 0.999594092 0.028484439 -48.168277740 -0.099725574 -0.028393241 0.994609773 532.712524414
0.994977117 -0.002370488 0.100075610 56.840301514 -0.000428686 0.999609530 0.027939823 -48.341751099 -0.100102775 -0.027842384 0.994587421 535.010314941
0.994881809 -0.002656378 0.101010524 57.155117035 -0.000150303 0.999614298 0.027768267 -48.520065308 -0.101045325 -0.027641326 0.994497716 537.319580078
0.994779885 -0.002174004 0.102020323 57.464168549 -0.000625282 0.999624372 0.027398515 -48.700370789 -0.102041580 -0.027319282 0.994404912 539.623352051
0.994657278 -0.001627219 0.103219524 57.775150299 -0.001197944 0.999626458 0.027302543 -48.882015228 -0.103225388 -0.027280323 0.994283736 541.936157227
0.994543672 -0.001268180 0.104312830 58.096252441 -0.001480538 0.999653757 0.026269056 -49.057151794 -0.104310036 -0.026280167 0.994197547 544.255004883
0.994388759 -0.001306935 0.105778635 58.410217285 -0.001535532 0.999640048 0.026785938 -49.230171204 -0.105775557 -0.026798066 0.994028866 546.571899414
0.994247913 -0.001588519 0.107091352 58.718742371 -0.001409948 0.999609232 0.027917627 -49.417716980 -0.107093833 -0.027908031 0.993857145 548.864440918
0.994170249 -0.002038955 0.107802473 59.043052673 -0.001046330 0.999591649 0.028555496 -49.598503113 -0.107816651 -0.028501824 0.993762076 551.163146973
0.994227469 -0.003119756 0.107247390 59.389560699 0.000179401 0.999624133 0.027415281 -49.771354675 -0.107292607 -0.027237790 0.993854344 553.475463867
0.994244397 -0.003746649 0.107070163 59.733039856 0.000742484 0.999605238 0.028084002 -49.952224731 -0.107133120 -0.027842868 0.993854702 555.790893555
0.994188368 -0.003456386 0.107598208 60.065670013 0.000382317 0.999591529 0.028577413 -50.128665924 -0.107653022 -0.028370198 0.993783653 558.095886230
0.994147241 -0.002908935 0.107994482 60.405017853 -0.000306146 0.999557555 0.029742271 -50.305694580 -0.108033232 -0.029601263 0.993706465 560.430664062
0.994149625 -0.003723191 0.107947424 60.751762390 0.000428843 0.999533892 0.030525254 -50.482177734 -0.108010761 -0.030300375 0.993687868 562.759887695
0.994114816 -0.003089395 0.108288728 61.093051910 -0.000300091 0.999511063 0.031270180 -50.649734497 -0.108332410 -0.031118644 0.993627489 565.074340820
0.994041860 -0.002158678 0.108977214 61.438457489 -0.001221378 0.999520481 0.030939892 -50.827758789 -0.108991757 -0.030888651 0.993562639 567.399108887
0.994076133 -0.001350042 0.108677521 61.796527863 -0.001856870 0.999565959 0.029401908 -50.995246887 -0.108670048 -0.029429533 0.993642092 569.731994629
0.994056344 -0.001060885 0.108862542 62.151504517 -0.002149844 0.999566257 0.029371809 -51.165634155 -0.108846493 -0.029431269 0.993622720 572.053039551
0.994033277 -0.001018449 0.109072275 62.497486115 -0.002355259 0.999522805 0.030797645 -51.353866577 -0.109051600 -0.030870777 0.993556619 574.435241699
0.994023204 -0.001173424 0.109163754 62.848587036 -0.002360755 0.999477327 0.032240149 -51.530731201 -0.109144531 -0.032305166 0.993500829 576.746765137
0.993942201 -0.000680140 0.109901950 63.183933258 -0.002709763 0.999525189 0.030692488 -51.707267761 -0.109870628 -0.030804368 0.993468463 579.134643555
0.993986964 -0.001215800 0.109491363 63.535522461 -0.002172756 0.999522507 0.030823534 -51.875366211 -0.109476544 -0.030876093 0.993509710 581.471069336
0.993959904 -0.002578423 0.109713800 63.887130737 -0.000963522 0.999480367 0.032218248 -52.056945801 -0.109739847 -0.032129355 0.993440926 583.796752930
0.994018078 -0.002388232 0.109189726 64.236740112 -0.001159531 0.999473751 0.032416690 -52.224861145 -0.109209679 -0.032349382 0.993492246 586.115783691
0.993969619 -0.005416843 0.109521277 64.595245361 0.001996170 0.999507427 0.031318504 -52.403732300 -0.109636962 -0.030911027 0.993490934 588.476135254
0.994021058 -0.005740458 0.109037742 64.954795837 0.002331326 0.999505222 0.031367410 -52.570217133 -0.109163836 -0.030925658 0.993542552 590.822082520
0.994032681 -0.007725792 0.108808145 65.302291870 0.004276051 0.999481857 0.031902522 -52.740921021 -0.108998224 -0.031246882 0.993550718 593.159118652
0.994049966 -0.008491002 0.108594522 65.658111572 0.005019459 0.999468923 0.032201421 -52.909233093 -0.108810276 -0.031464733 0.993564427 595.517089844
