1.000000000 0.000000000 0.000000000 0.000000000 0.000000000 1.000000000 0.000000000 0.000000000 0.000000000 0.000000000 1.000000000 0.000000000
0.999999881 0.000124917 0.000462519 0.085851938 -0.000124840 1.000000000 -0.000166303 -0.225640535 -0.000462540 0.000166245 0.999999881 2.287763357
0.999999166 0.000500856 0.001179022 0.164524034 -0.000501303 0.999999821 0.000379122 -0.462791234 -0.001178832 -0.000379713 0.999999225 4.581350803
0.999998391 0.000193609 0.001797446 0.260901451 -0.000194764 0.999999762 0.000642565 -0.695113242 -0.001797321 -0.000642914 0.999998152 6.872059345
0.999996185 0.000285328 0.002753848 0.353133321 -0.000282683 0.999999523 -0.000961013 -0.927867472 -0.002754121 0.000960231 0.999995768 9.170722961
0.999987423 0.001943484 0.004640568 0.447130501 -0.001944872 0.999998093 0.000294644 -1.161951184 -0.004639987 -0.000303666 0.999989212 11.475253105
0.999962091 0.004174535 0.007644519 0.530312300 -0.004186825 0.999989986 0.001592522 -1.391355395 -0.007637795 -0.001624468 0.999969482 13.781557083
0.999941826 0.004010904 0.010009619 0.638326168 -0.004055016 0.999982119 0.004390553 -1.621432304 -0.009991830 -0.004430886 0.999940217 16.054845810
0.999936342 0.003953117 0.010567276 0.755691588 -0.004003953 0.999980509 0.004793837 -1.841774106 -0.010548121 -0.004835844 0.999932647 18.395469666
0.999923706 0.003022320 0.011974951 0.868139029 -0.003080057 0.999983728 0.004805982 -2.066775084 -0.011960231 -0.004842499 0.999916673 20.680175781
0.999926627 0.000532973 0.012102871 0.995475352 -0.000564574 0.999996424 0.002607759 -2.296586275 -0.012101440 -0.002614400 0.999923289 23.011003494
0.999913394 -0.001714032 0.013051493 1.101685286 0.001703949 0.999998152 0.000783617 -2.519867897 -0.013052814 -0.000761310 0.999914467 25.293148041
0.999917507 -0.002458779 0.012600858 1.242628098 0.002455684 0.999996901 0.000261074 -2.769099951 -0.012601462 -0.000230109 0.999920547 27.601879120
0.999906719 -0.002192753 0.013482964 1.350603819 0.002201869 0.999997318 -0.000661328 -2.995661497 -0.013481478 0.000690954 0.999908864 29.889081955
0.999894261 0.000112045 0.014541931 1.467600226 -0.000137915 0.999998391 0.001778016 -3.225411177 -0.014541709 -0.001779833 0.999892652 32.176410675
0.999890447 0.002140923 0.014639627 1.596025467 -0.002200050 0.999989510 0.004023946 -3.446367264 -0.014630859 -0.004055715 0.999884665 34.456100464
0.999863267 0.004481854 0.015911948 1.717425108 -0.004609911 0.999957204 0.008020264 -3.680088282 -0.015875317 -0.008092519 0.999841213 36.763698578
0.999838173 0.006295143 0.016847657 1.831209540 -0.006421787 0.999951363 0.007473483 -3.897750616 -0.016799795 -0.007580466 0.999830127 39.036445618
0.999812961 0.005527399 0.018532922 1.935219049 -0.005642192 0.999965191 0.006147433 -4.106127262 -0.018498298 -0.006250849 0.999809325 41.330444336
0.999819696 0.003114896 0.018729875 2.058232069 -0.003213591 0.999981046 0.005241571 -4.331812382 -0.018713191 -0.005300816 0.999810815 43.609584808
0.999824166 0.002980650 0.018512862 2.199421406 -0.003056788 0.999987006 0.004085808 -4.553615093 -0.018500444 -0.004141679 0.999820292 45.842838287
0.999826610 0.001983563 0.018513756 2.325577259 -0.002045301 0.999992430 0.003316341 -4.784792900 -0.018507037 -0.003353632 0.999823093 48.113510132
0.999828041 0.000605625 0.018533053 2.462109327 -0.000673523 0.999993086 0.003657610 -5.013052464 -0.018530713 -0.003669463 0.999821544 50.395690918
0.999814034 -0.000622575 0.019273771 2.593392134 0.000543993 0.999991536 0.004082097 -5.237879753 -0.019276153 -0.004070853 0.999805927 52.661636353
0.999810517 -0.001844524 0.019379044 2.729293346 0.001766831 0.999990284 0.004025462 -5.466341972 -0.019386284 -0.003990459 0.999804139 54.944374084
0.999774098 -0.002667592 0.021086305 2.844269276 0.002578991 0.999987721 0.004227879 -5.692912102 -0.021097321 -0.004172542 0.999768734 57.242511749
0.999757767 -0.004050183 0.021633511 2.982343674 0.003941775 0.999979496 0.005051406 -5.919402599 -0.021653526 -0.004964907 0.999753177 59.509510040
0.999720216 -0.005607505 0.022980412 3.111814976 0.005512449 0.999975979 0.004197656 -6.139965534 -0.023003399 -0.004069803 0.999727130 61.774539948
0.999698460 -0.006291096 0.023735469 3.258043766 0.006190779 0.999971628 0.004297539 -6.366494656 -0.023761826 -0.004149302 0.999708951 64.027114868
0.999672174 -0.005856745 0.024923926 3.398306847 0.005736166 0.999971509 0.004906590 -6.589018345 -0.024951952 -0.004762014 0.999677300 66.297584534
0.999652624 -0.005041915 0.025868703 3.543444872 0.004906409 0.999973953 0.005299045 -6.815187931 -0.025894750 -0.005170282 0.999651313 68.560340881
0.999617398 -0.005184776 0.027169636 3.680199623 0.005052372 0.999975026 0.004939671 -7.037950516 -0.027194573 -0.004800510 0.999618769 70.814376831
0.999603748 -0.005888569 0.027525911 3.840549707 0.005790958 0.999976575 0.003624554 -7.261218548 -0.027546611 -0.003463717 0.999614477 73.070037842
0.999587417 -0.006857551 0.027892921 3.998172283 0.006750260 0.999969482 0.003938854 -7.486898422 -0.027919084 -0.003748944 0.999603152 75.355987549
0.999546468 -0.007948862 0.029046457 4.158023834 0.007851372 0.999963164 0.003468875 -7.717987061 -0.029072963 -0.003239247 0.999572098 77.619720459
0.999536335 -0.008886366 0.029123737 4.313527584 0.008795250 0.999955952 0.003255232 -7.947880745 -0.029151380 -0.002997572 0.999570489 79.883926392
0.999505639 -0.009429283 0.029990422 4.462885857 0.009355718 0.999952853 0.002592305 -8.162878990 -0.030013453 -0.002310442 0.999546826 82.142959595
0.999499381 -0.008734711 0.030406116 4.636671066 0.008650104 0.999958277 0.002913055 -8.393575668 -0.030430296 -0.002648581 0.999533355 84.411331177
0.999448180 -0.008489796 0.032112423 4.790596962 0.008385809 0.999959171 0.003371531 -8.611479759 -0.032139737 -0.003100382 0.999478579 86.665908813
0.999450147 -0.008171110 0.032135449 4.960442543 0.008020822 0.999956250 0.004802945 -8.843877792 -0.032173287 -0.004542551 0.999472082 88.943428040
0.999417782 -0.007288073 0.033330899 5.116351128 0.007109408 0.999959707 0.005475697 -9.069867134 -0.033369470 -0.005235547 0.999429345 91.199066162
0.999394953 -0.007311496 0.034008306 5.282564163 0.007136020 0.999960721 0.005278355 -9.288558960 -0.034045562 -0.005032477 0.999407589 93.451461792
0.999379694 -0.007814200 0.034338824 5.450295448 0.007660878 0.999960065 0.004594276 -9.503570557 -0.034373347 -0.004328360 0.999399662 95.710388184
0.999346077 -0.008216429 0.035210185 5.615986824 0.008048409 0.999955535 0.004910972 -9.722462654 -0.035248961 -0.004624375 0.999367833 97.965293884
0.999322176 -0.008172461 0.035894394 5.777114391 0.008020271 0.999958217 0.004381886 -9.951630592 -0.035928711 -0.004091034 0.999345899 100.197906494
0.999278665 -0.008427454 0.037026513 5.939575195 0.008228021 0.999950826 0.005535294 -10.167486191 -0.037071344 -0.005226648 0.999298930 102.439537048
0.999253690 -0.008671848 0.037640426 6.124479294 0.008479465 0.999950171 0.005267791 -10.386032104 -0.037684239 -0.004944689 0.999277413 104.693382263
0.999223530 -0.009390386 0.038262807 6.289236546 0.009174705 0.999941051 0.005808463 -10.612220764 -0.038315084 -0.005452902 0.999250829 106.953483582
0.999183416 -0.010769866 0.038942948 6.467323303 0.010538684 0.999925613 0.006136858 -10.830738068 -0.039006148 -0.005721440 0.999222577 109.203681946
0.999138832 -0.011723390 0.039801646 6.644762993 0.011447137 0.999908805 0.007161542 -11.056566238 -0.039881971 -0.006699760 0.999181867 111.465179443
0.999119103 -0.012484864 0.040064007 6.835326195 0.012267422 0.999908686 0.005668643 -11.275992393 -0.040131122 -0.005172167 0.999181032 113.733177185
0.999079466 -0.012808686 0.040939756 7.016458511 0.012619114 0.999908447 0.004885632 -11.495765686 -0.040998593 -0.004364511 0.999149680 115.981826782
0.999037504 -0.013028569 0.041885283 7.195206642 0.012820492 0.999904096 0.005232533 -11.720945358 -0.041949440 -0.004690507 0.999108732 118.234619141
0.998985827 -0.013264711 0.043027937 7.380897999 0.013023009 0.999897838 0.005892801 -11.942420959 -0.043101709 -0.005326472 0.999056518 120.507904053
0.998975694 -0.014183010 0.042969797 7.584003448 0.013920116 0.999882519 0.006411158 -12.165094376 -0.043055672 -0.005806447 0.999055862 122.715538025
0.998910010 -0.014767551 0.044280097 7.774610996 0.014495290 0.999874055 0.006463428 -12.397153854 -0.044369973 -0.005814530 0.998998344 125.017379761
0.998873651 -0.015207750 0.044946630 7.957465649 0.014962417 0.999871314 0.005789712 -12.622438431 -0.045028895 -0.005110679 0.998972595 127.289039612
0.998855889 -0.016711960 0.044808820 8.146684647 0.016450074 0.999845326 0.006206921 -12.839281082 -0.044905629 -0.005462711 0.998976290 129.552383423
0.998881996 -0.017955121 0.043730702 8.337814331 0.017689364 0.999822676 0.006456613 -13.056152344 -0.043838877 -0.005675826 0.999022484 131.800552368
0.998922408 -0.018351614 0.042628106 8.528319359 0.018038142 0.999807417 0.007726717 -13.273156166 -0.042761695 -0.006949460 0.999061108 134.038909912
0.998980463 -0.019225912 0.040845975 8.716983795 0.018943794 0.999793947 0.007282707 -13.492407799 -0.040977579 -0.006501504 0.999138892 136.288116455
0.999054849 -0.020060461 0.038560271 8.926369667 0.019804062 0.999779224 0.007019770 -13.707084656 -0.038692579 -0.006249485 0.999231577 138.509185791
0.999029577 -0.020682121 0.038886271 9.088763237 0.020425551 0.999767125 0.006983721 -13.925706863 -0.039021645 -0.006182672 0.999219179 140.798110962
0.999009371 -0.021018697 0.039223060 9.251824379 0.020767862 0.999761343 0.006791775 -14.128581047 -0.039356448 -0.005970469 0.999207377 143.032760620
0.999062836 -0.021255331 0.037703659 9.447196007 0.020944661 0.999743462 0.008615753 -14.363103867 -0.037877116 -0.007817988 0.999251783 145.257675171
0.999080479 -0.020345060 0.037740093 9.620054245 0.020078517 0.999770820 0.007428262 -14.574777603 -0.037882581 -0.006663666 0.999259949 147.507034302
0.999104619 -0.019343086 0.037625693 9.801458359 0.019132596 0.999799252 0.005946259 -14.791598320 -0.037733160 -0.005221057 0.999274135 149.754165649
0.999119639 -0.017866585 0.037957028 9.973955154 0.017688273 0.999830902 0.005028423 -15.011389732 -0.038040452 -0.004352603 0.999266684 152.008209229
0.999127388 -0.017030466 0.038136981 10.156119347 0.016848177 0.999845028 0.005096151 -15.226502419 -0.038217854 -0.004449166 0.999259531 154.247085571
0.999115348 -0.016558258 0.038655195 10.333492279 0.016362399 0.999851704 0.005377625 -15.441568375 -0.038738500 -0.004740375 0.999238193 156.483047485
0.999118745 -0.015170177 0.039135780 10.510684967 0.014907740 0.999864340 0.006989015 -15.665340424 -0.039236493 -0.006399429 0.999209464 158.743957520
0.999078155 -0.014672283 0.040343821 10.691733360 0.014362017 0.999865055 0.007969680 -15.882257462 -0.040455308 -0.007382915 0.999154031 160.987960815
0.999051690 -0.013049400 0.041538857 10.856749535 0.012650231 0.999871314 0.009857965 -16.103197098 -0.041662160 -0.009323138 0.999088168 163.284439087
0.999026537 -0.012688347 0.042248864 11.041151047 0.012334646 0.999886751 0.008621988 -16.300695419 -0.042353477 -0.008092471 0.999069929 165.546051025
0.998997569 -0.012035132 0.043116555 11.236581802 0.011731761 0.999904633 0.007282264 -16.512016296 -0.043200087 -0.006769131 0.999043524 167.792480469
0.998911500 -0.010089663 0.045541618 11.417501450 0.009745368 0.999922276 0.007775745 -16.728031158 -0.045616530 -0.007323463 0.998932242 170.039306641
0.998802304 -0.009658415 0.047964957 11.601499557 0.009281463 0.999924302 0.008075431 -16.953927994 -0.048039325 -0.007620574 0.998816371 172.320617676
0.998698533 -0.010236281 0.049964368 11.804461479 0.009874588 0.999923289 0.007480511 -17.163387299 -0.050037097 -0.006977397 0.998722970 174.588806152
0.998606503 -0.010168919 0.051784709 12.004936218 0.009767479 0.999920309 0.007999295 -17.379583359 -0.051861934 -0.007482342 0.998626232 176.848678589
0.998545408 -0.010907765 0.052802067 12.210021019 0.010455845 0.999906361 0.008827458 -17.594205856 -0.052893404 -0.008262526 0.998565972 179.086853027
0.998478353 -0.012166848 0.053784274 12.403325081 0.011712357 0.999893069 0.008757388 -17.804302216 -0.053885065 -0.008114124 0.998514175 181.322723389
0.998547375 -0.012736713 0.052352604 12.623676300 0.012301853 0.999887168 0.008620208 -18.028083801 -0.052456494 -0.007963655 0.998591483 183.600540161
0.998563051 -0.014099138 0.051701032 12.837902069 0.013671957 0.999869406 0.008606889 -18.245769501 -0.051815629 -0.007887666 0.998625517 185.849212646
0.998565078 -0.015932668 0.051126890 13.049377441 0.015460263 0.999834120 0.009622131 -18.459245682 -0.051271718 -0.008817891 0.998645782 188.082550049
0.998549402 -0.016572434 0.051228188 13.244514465 0.016144341 0.999831319 0.008759044 -18.668430328 -0.051364701 -0.007919293 0.998648584 190.344360352
0.998525321 -0.017798349 0.051287368 13.452132225 0.017377250 0.999811649 0.008644843 -18.886077881 -0.051431563 -0.007740861 0.998646557 192.583068848
0.998519599 -0.018862650 0.051018279 13.654750824 0.018475367 0.999796867 0.008052012 -19.103654861 -0.051159799 -0.007097510 0.998665273 194.850616455
0.998538136 -0.018520920 0.050780084 13.865970612 0.018109154 0.999799490 0.008556952 -19.319293976 -0.050928380 -0.007624859 0.998673320 197.086669922
0.998577356 -0.016583785 0.050678276 14.080827713 0.016157174 0.999830544 0.008816221 -19.533273697 -0.050815899 -0.007984860 0.998676181 199.330490112
0.998582840 -0.014648451 0.051163480 14.280170441 0.014242760 0.999864221 0.008284930 -19.755594254 -0.051277891 -0.007544479 0.998655915 201.604553223
0.998557985 -0.014010500 0.051821973 14.488377571 0.013638792 0.999878645 0.007519501 -19.968524933 -0.051921044 -0.006801869 0.998628020 203.869033813
0.998511314 -0.014383348 0.052612677 14.686445236 0.013990904 0.999871552 0.007819834 -20.175277710 -0.052718397 -0.007072094 0.998584390 206.093490601
0.998505771 -0.016172966 0.052197862 14.917112350 0.015745368 0.999839246 0.008592725 -20.400264740 -0.052328434 -0.007758012 0.998599768 208.346008301
0.998441875 -0.015822804 0.053510979 15.117634773 0.015372168 0.999843061 0.008822507 -20.602943420 -0.053642172 -0.007986181 0.998528242 210.588714600
0.998368859 -0.015998675 0.054807425 15.331739426 0.015438913 0.999824345 0.010621507 -20.839668274 -0.054967735 -0.009758012 0.998440444 212.828155518
0.998323977 -0.014766484 0.055956431 15.565156937 0.014177181 0.999839962 0.010913849 -21.049427032 -0.056108635 -0.010102254 0.998373568 215.054031372
0.998125672 -0.013071777 0.059786718 15.759390831 0.012441034 0.999863088 0.010910027 -21.252536774 -0.059921153 -0.010145770 0.998151541 217.327163696
0.997998655 -0.013094144 0.061864384 15.986832619 0.012419421 0.999859273 0.011278491 -21.459442139 -0.062003359 -0.010487598 0.998020828 219.565612793
0.997869253 -0.014435675 0.063628316 16.216939926 0.013721456 0.999837995 0.011647641 -21.660432816 -0.063786156 -0.010749750 0.997905612 221.800918579
0.997772515 -0.015781779 0.064814262 16.450046539 0.015011458 0.999810994 0.012354918 -21.862255096 -0.064997002 -0.011354443 0.997820795 224.034286499
0.997707427 -0.017894363 0.065266050 16.698455811 0.017160302 0.999783218 0.011790514 -22.073532104 -0.065462902 -0.010643498 0.997798264 226.264846802
0.997669518 -0.019163027 0.065485522 16.939722061 0.018446317 0.999763310 0.011531817 -22.275682449 -0.065691017 -0.010296975 0.997786820 228.512832642
0.997613370 -0.019545076 0.066223852 17.172208786 0.018810334 0.999754608 0.011700306 -22.475742340 -0.066436283 -0.010426688 0.997736216 230.749771118
0.997563243 -0.021025976 0.066524215 17.417531967 0.020354886 0.999734998 0.010749705 -22.682296753 -0.066732615 -0.009369418 0.997726917 232.991134644
0.997511208 -0.021983430 0.066993386 17.654085159 0.021242129 0.999705195 0.011757669 -22.883110046 -0.067232110 -0.010305325 0.997684181 235.227127075
0.997516930 -0.021415766 0.067092106 17.920726776 0.020652398 0.999714077 0.012050997 -23.091115952 -0.067331024 -0.010635462 0.997673929 237.469131470
0.997484803 -0.021492736 0.067543119 18.161640167 0.020735227 0.999714136 0.011896444 -23.289667130 -0.067779511 -0.010466000 0.997645557 239.700363159
0.997451842 -0.021720322 0.067955978 18.406465530 0.020930577 0.999705076 0.012312024 -23.497312546 -0.068203352 -0.010858295 0.997612298 241.932312012
0.997408032 -0.022209227 0.068439089 18.650352478 0.021402007 0.999692738 0.012505596 -23.699623108 -0.068695799 -0.011008450 0.997576892 244.176193237
0.997369945 -0.022571940 0.068874054 18.895483017 0.021801896 0.999691367 0.011911804 -23.909597397 -0.069121659 -0.010378890 0.997554183 246.403762817
0.997388363 -0.022300765 0.068696022 19.151285172 0.021583779 0.999704719 0.011161853 -24.116416931 -0.068924658 -0.009649983 0.997575164 248.640823364
0.997356594 -0.022710484 0.069024011 19.401035309 0.021949992 0.999689937 0.011756437 -24.323587418 -0.069269612 -0.010210279 0.997545719 250.878906250
0.997317076 -0.023823818 0.069216408 19.647943497 0.023062840 0.999664843 0.011772684 -24.528949738 -0.069473639 -0.010144772 0.997532308 253.107467651
0.997304082 -0.023946105 0.069363803 19.900217056 0.023133257 0.999654233 0.012498416 -24.734706879 -0.069639109 -0.010860108 0.997513235 255.356933594
0.997282922 -0.024766307 0.069379717 20.138994217 0.023939593 0.999632478 0.012722160 -24.938421249 -0.069669291 -0.011026669 0.997509181 257.572296143
0.997245312 -0.025371788 0.069699459 20.404121399 0.024463937 0.999604821 0.013848297 -25.162191391 -0.070023268 -0.012105028 0.997471929 259.836944580
0.997214258 -0.025053756 0.070256479 20.656982422 0.024178967 0.999619424 0.013274359 -25.360673904 -0.070562333 -0.011538651 0.997440577 262.082611084
0.997191012 -0.025064064 0.070582487 20.915166855 0.024220504 0.999624908 0.012782188 -25.560880661 -0.070876367 -0.011036736 0.997424185 264.340911865
0.997170150 -0.024323493 0.071134254 21.173732758 0.023497742 0.999646723 0.012422385 -25.768703461 -0.071411274 -0.010715737 0.997389376 266.582031250
0.997125387 -0.023778062 0.071941547 21.430044174 0.022954952 0.999661446 0.012246778 -25.963937759 -0.072208382 -0.010560161 0.997333646 268.824371338
0.996995568 -0.023307540 0.073868185 21.677738190 0.022447126 0.999670446 0.012456967 -26.184869766 -0.074134164 -0.010761411 0.997190177 271.078460693
0.996910632 -0.024137778 0.074743524 21.950563431 0.023208780 0.999642551 0.013272982 -26.396390915 -0.075037181 -0.011497269 0.997114480 273.324890137
0.996712208 -0.024475897 0.077238314 22.192939758 0.023480423 0.999629438 0.013770405 -26.595050812 -0.077546731 -0.011911542 0.996917546 275.565795898
0.996583700 -0.024411334 0.078899801 22.463375092 0.023302414 0.999616742 0.014945184 -26.786334991 -0.079234384 -0.013055571 0.996770442 277.803100586
0.996524215 -0.023737054 0.079849012 22.737985611 0.022510961 0.999615014 0.016220590 -26.994457245 -0.080203302 -0.014366734 0.996675014 280.046203613
0.996444702 -0.023379600 0.080940165 23.019050598 0.022051722 0.999607742 0.017261004 -27.194293976 -0.081311986 -0.015414761 0.996569514 282.283538818
0.996393859 -0.022536194 0.081801124 23.298892975 0.021205083 0.999628723 0.017105069 -27.382120132 -0.082156241 -0.015308785 0.996501863 284.545166016
0.996289849 -0.021508673 0.083329521 23.563837051 0.020197652 0.999659061 0.016544271 -27.571533203 -0.083656959 -0.014799829 0.996384680 286.775848389
0.996259391 -0.020331716 0.083987184 23.842054367 0.019115278 0.999700785 0.015262496 -27.758712769 -0.084272355 -0.013599965 0.996350050 289.024078369
0.996188700 -0.021156328 0.084619321 24.113864899 0.019902835 0.999679744 0.015629655 -27.960292816 -0.084922880 -0.013885926 0.996290743 291.251922607
0.996162355 -0.020795844 0.085017480 24.382305145 0.019620663 0.999700308 0.014635142 -28.155700684 -0.085296355 -0.012910878 0.996271968 293.519805908
0.996178150 -0.021344559 0.084695876 24.664123535 0.020257181 0.999701262 0.013677399 -28.348838806 -0.084962487 -0.011909427 0.996312976 295.752410889
0.996156693 -0.021323925 0.084952720 24.940113068 0.020264294 0.999705970 0.013316150 -28.544450760 -0.085211702 -0.011543465 0.996295989 297.991760254
0.996169746 -0.020615643 0.084974743 25.221307755 0.019528363 0.999716640 0.013606832 -28.742721558 -0.085231178 -0.011895296 0.996290207 300.230773926
0.996090829 -0.020584166 0.085903391 25.481575012 0.019405643 0.999706209 0.014531851 -28.948202133 -0.086177267 -0.012808037 0.996197462 302.474243164
0.996119022 -0.021299839 0.085400574 25.772720337 0.020111313 0.999688864 0.014753433 -29.147266388 -0.085688233 -0.012978655 0.996237457 304.722290039
0.996084332 -0.021031015 0.085870400 26.060602188 0.019803453 0.999689460 0.015122471 -29.347820282 -0.086161770 -0.013362723 0.996191561 306.978881836
0.996087909 -0.021947864 0.085598581 26.348173141 0.020720540 0.999669731 0.015200445 -29.554834366 -0.085903943 -0.013367332 0.996213734 309.238647461
0.996045053 -0.022680290 0.085905276 26.631408691 0.021422204 0.999649882 0.015538807 -29.749826431 -0.086227618 -0.013637072 0.996182144 311.496582031
0.996014595 -0.022512937 0.086302646 26.916637421 0.021323178 0.999664783 0.014683096 -29.945886612 -0.086604275 -0.012784330 0.996160746 313.747497559
0.996043265 -0.022263445 0.086035036 27.206287384 0.021010073 0.999659956 0.015446369 -30.147035599 -0.086349681 -0.013577648 0.996172369 315.995605469
0.996000230 -0.021004183 0.086847983 27.489915848 0.019794684 0.999695063 0.014764556 -30.346523285 -0.087131642 -0.012986373 0.996112168 318.238433838
0.995993078 -0.018896541 0.087411113 27.768220901 0.017631855 0.999728680 0.015217866 -30.542747498 -0.087674960 -0.013615668 0.996056080 320.486419678
0.995944977 -0.018092602 0.088124894 28.047048569 0.016808385 0.999741793 0.015293059 -30.746545792 -0.088378847 -0.013749809 0.995991945 322.718475342
0.995896041 -0.017328139 0.088830397 28.326150894 0.015994471 0.999748707 0.015703626 -30.941757202 -0.089080207 -0.014218385 0.995922983 324.960662842
0.995898664 -0.016985452 0.088865869 28.619924545 0.015521193 0.999732554 0.017142314 -31.143531799 -0.089133270 -0.015692707 0.995896220 327.187500000
0.995862365 -0.017870525 0.089098945 28.899921417 0.016419021 0.999720693 0.016997335 -31.341686249 -0.089377806 -0.015464091 0.995877743 329.431274414
0.995860279 -0.019405086 0.088801965 29.197898865 0.018017244 0.999703050 0.016403580 -31.536239624 -0.089093901 -0.014735706 0.995914221 331.671691895
0.995899618 -0.019138929 0.088416643 29.484371185 0.017784672 0.999712527 0.016079314 -31.733118057 -0.088698961 -0.014440922 0.995953798 333.897857666
0.995862186 -0.018831570 0.088904038 29.766653061 0.017355597 0.999698877 0.017345911 -31.926973343 -0.089203916 -0.015731154 0.995889127 336.112091064
0.995900214 -0.019591231 0.088311784 30.069364548 0.018130962 0.999685824 0.017307429 -32.117664337 -0.088623121 -0.015635297 0.995942473 338.348266602
0.995899320 -0.019411316 0.088361539 30.352527618 0.017938148 0.999687076 0.017435776 -32.313655853 -0.088672340 -0.015779234 0.995935857 340.591644287
0.995972633 -0.020108216 0.087373890 30.652212143 0.018655326 0.999674320 0.017413381 -32.509716034 -0.087695591 -0.015713265 0.996023297 342.842254639
0.995997965 -0.020305846 0.087037876 30.937904358 0.018814677 0.999662399 0.017918725 -32.700851440 -0.087372348 -0.016209425 0.996043801 345.091369629
0.996042252 -0.020916488 0.086384237 31.228065491 0.019422976 0.999647737 0.018093653 -32.886486053 -0.086732253 -0.016344212 0.996097505 347.328552246
0.996088624 -0.021404117 0.085728005 31.515453339 0.019938707 0.999640703 0.017913757 -33.075531006 -0.086080641 -0.016134383 0.996157527 349.575531006
0.996082544 -0.021170154 0.085856959 31.792627335 0.019664360 0.999638319 0.018346444 -33.268539429 -0.086214319 -0.016586246 0.996138513 351.828887939
0.996118248 -0.021664670 0.085316762 32.073539734 0.020140400 0.999622524 0.018686512 -33.457008362 -0.085689388 -0.016895665 0.996178627 354.053070068
0.996146381 -0.020925725 0.085173279 32.355510712 0.019447451 0.999646127 0.018149009 -33.647087097 -0.085522920 -0.016422667 0.996200860 356.303314209
0.996204019 -0.021232279 0.084419899 32.642234802 0.019731771 0.999632835 0.018569235 -33.835552216 -0.084783174 -0.016832992 0.996257246 358.534271240
0.996246696 -0.020865439 0.084006757 32.924789429 0.019280255 0.999621272 0.019637052 -34.029502869 -0.084384695 -0.017943680 0.996271670 360.782562256
0.996311903 -0.021149293 0.083158225 33.215705872 0.019591112 0.999617696 0.019509189 -34.220130920 -0.083539024 -0.017808070 0.996345401 363.034637451
0.996354043 -0.021061640 0.082674436 33.500530243 0.019481158 0.999612510 0.019877452 -34.408111572 -0.083061062 -0.018194383 0.996378362 365.280731201
0.996396124 -0.021122891 0.082150973 33.779850006 0.019600300 0.999621630 0.019296644 -34.597442627 -0.082527511 -0.017616918 0.996433020 367.533966064
0.996413767 -0.021624131 0.081804827 34.056209564 0.020120356 0.999613941 0.019162416 -34.787647247 -0.082187623 -0.017447757 0.996464133 369.781494141
0.996421874 -0.021592753 0.081714958 34.326885223 0.020175526 0.999632120 0.018129731 -34.970256805 -0.082076348 -0.016416216 0.996490896 372.042968750
0.996488035 -0.021535791 0.080917917 34.609470367 0.020121727 0.999630928 0.018250365 -35.166004181 -0.081281073 -0.016558060 0.996553779 374.283905029
0.996566951 -0.021522731 0.079943947 34.892745972 0.020081859 0.999621928 0.018784059 -35.352951050 -0.080317996 -0.017114149 0.996622384 376.532196045
0.996477723 -0.020869084 0.081219524 35.151309967 0.019372405 0.999628603 0.019172218 -35.541278839 -0.081589453 -0.017531270 0.996511757 378.802947998
0.996477425 -0.021476164 0.081064939 35.427738190 0.019959114 0.999611020 0.019478271 -35.734313965 -0.081451721 -0.017791672 0.996518493 381.050292969
0.996500790 -0.021517845 0.080765717 35.711517334 0.020006636 0.999610126 0.019473918 -35.918994904 -0.081153251 -0.017789923 0.996542871 383.314086914
0.996512413 -0.020764815 0.080819629 35.989658356 0.019236455 0.999621987 0.019643726 -36.109466553 -0.081196986 -0.018020529 0.996535182 385.571655273
0.996532798 -0.019530028 0.080876157 36.266704559 0.018000303 0.999645770 0.019600656 -36.290588379 -0.081230298 -0.018076900 0.996531427 387.833496094
0.996567190 -0.018410865 0.080713965 36.552024841 0.016889635 0.999667346 0.019489592 -36.485176086 -0.081045933 -0.018059459 0.996546686 390.111175537
0.996561706 -0.016792573 0.081134386 36.820529938 0.015262220 0.999694407 0.019445471 -36.675800323 -0.081436142 -0.018140322 0.996513486 392.383728027
0.996611416 -0.015628427 0.080755726 37.098205566 0.013995401 0.999686778 0.020748440 -36.861099243 -0.081054688 -0.019547930 0.996517897 394.645629883
0.996563435 -0.014340619 0.081581920 37.365844727 0.012653690 0.999696195 0.021157313 -37.051208496 -0.081860542 -0.020052297 0.996441960 396.909637451
0.996532321 -0.014082002 0.082006507 37.641902924 0.012515969 0.999729991 0.019579368 -37.244121552 -0.082260057 -0.018485080 0.996439457 399.175323486
0.996476710 -0.013241344 0.082819067 37.915992737 0.011704611 0.999750733 0.019013405 -37.436153412 -0.083050184 -0.017977046 0.996383309 401.451171875
0.996369779 -0.015242603 0.083754316 38.169265747 0.013586096 0.999701500 0.020312658 -37.625301361 -0.084038913 -0.019101027 0.996279359 403.705810547
0.996303678 -0.016669301 0.084268138 38.447174072 0.014891994 0.999654174 0.021675924 -37.816482544 -0.084600322 -0.020340884 0.996207297 405.957519531
0.996294975 -0.017741159 0.084151886 38.725067139 0.015988870 0.999642015 0.021451406 -38.000564575 -0.084502332 -0.020026432 0.996222019 408.222412109
0.996379435 -0.017506205 0.083195455 39.037162781 0.015890220 0.999672771 0.020046597 -38.183559418 -0.083519168 -0.018652024 0.996331632 410.498809814
0.996232510 -0.015245081 0.085371666 39.303970337 0.013559406 0.999702156 0.020290347 -38.377285004 -0.085655563 -0.019056316 0.996142507 412.754455566
0.996162832 -0.014204981 0.086358860 39.577056885 0.012508402 0.999718547 0.020155197 -38.566928864 -0.086620852 -0.018997645 0.996060193 414.994445801
0.996091545 -0.013089036 0.087351978 39.861797333 0.011357968 0.999729693 0.020284863 -38.753395081 -0.087593891 -0.019213440 0.995970964 417.259918213
0.996018410 -0.013012111 0.088193342 40.147113800 0.011270965 0.999732137 0.020211704 -38.942054749 -0.088432729 -0.019137204 0.995898247 419.513916016
0.995926738 -0.012928626 0.089234367 40.433986664 0.011166145 0.999733090 0.020222183 -39.127174377 -0.089472018 -0.019143406 0.995805323 421.766143799
0.995867789 -0.013356149 0.089827210 40.718566895 0.011585896 0.999728739 0.020199968 -39.323459625 -0.090072639 -0.019075770 0.995752454 424.026641846
0.995835066 -0.013853200 0.090113759 41.014850616 0.011969428 0.999699116 0.021411326 -39.513877869 -0.090383254 -0.020243540 0.995701313 426.295532227
0.995765567 -0.013495036 0.090932257 41.301513672 0.011528282 0.999688983 0.022119377 -39.698879242 -0.091202468 -0.020977426 0.995611310 428.550750732
0.995686173 -0.012875958 0.091886781 41.597213745 0.010761821 0.999666750 0.023466559 -39.887489319 -0.092158318 -0.022376463 0.995492876 430.833801270
0.995723665 -0.013329653 0.091414347 41.898159027 0.011273840 0.999672592 0.022968613 -40.069889069 -0.091690585 -0.021839799 0.995547950 433.103057861
0.995680988 -0.014055210 0.091769949 42.200305939 0.012058961 0.999679327 0.022271140 -40.259140015 -0.092053533 -0.021068303 0.995531142 435.364837646
0.995668530 -0.012984761 0.092063032 42.498397827 0.010959817 0.999687612 0.022466749 -40.429992676 -0.092325971 -0.021360444 0.995499671 437.635101318
0.995632529 -0.013735066 0.092342705 42.800212860 0.011653342 0.999666452 0.023045024 -40.619777679 -0.092628427 -0.021868274 0.995460570 439.924774170
0.995699823 -0.013564556 0.091639027 43.112667084 0.011459317 0.999659061 0.023460412 -40.802406311 -0.091926001 -0.022309409 0.995515943 442.198791504
0.995645285 -0.012921480 0.092323013 43.411296844 0.010746948 0.999653816 0.024011994 -40.996185303 -0.092601329 -0.022915237 0.995439529 444.489685059
0.995614231 -0.013628758 0.092555918 43.716236115 0.011420479 0.999638259 0.024346769 -41.178977966 -0.092854261 -0.023182958 0.995409787 446.770263672
0.995611966 -0.013478625 0.092601828 44.016487122 0.011303104 0.999648571 0.023977719 -41.362907410 -0.092892483 -0.022825820 0.995414436 449.036529541
0.995590270 -0.012730462 0.092940874 44.315193176 0.010562151 0.999661267 0.023784777 -41.548820496 -0.093212187 -0.022698229 0.995387495 451.295715332
0.995540202 -0.012145960 0.093552835 44.609485626 0.009988377 0.999673963 0.023496544 -41.734577179 -0.093807727 -0.022457315 0.995337009 453.555175781
0.995461166 -0.011523018 0.094467558 44.903709412 0.009333982 0.999678254 0.023581553 -41.909725189 -0.094708912 -0.022592766 0.995248616 455.830200195
0.995435178 -0.011653918 0.094725922 45.199295044 0.009471626 0.999680042 0.023455048 -42.100410461 -0.094968937 -0.022450775 0.995227039 458.090148926
0.995455623 -0.010785000 0.094613984 45.515945435 0.008678283 0.999705791 0.022649750 -42.282951355 -0.094830424 -0.021725729 0.995256364 460.378814697
0.995433629 -0.009490202 0.094983473 45.820915222 0.007303910 0.999700904 0.023338860 -42.467205048 -0.095176555 -0.022538533 0.995205224 462.668212891
0.995472968 -0.008854182 0.094631873 46.127510071 0.006573012 0.999680877 0.024390301 -42.645961761 -0.094817631 -0.023657870 0.995213509 464.941741943
0.995522678 -0.008872746 0.094105460 46.426090240 0.006584739 0.999675810 0.024595924 -42.820983887 -0.094293192 -0.023866139 0.995258272 467.206726074
0.995606720 -0.009042567 0.093196109 46.734897614 0.006895837 0.999704003 0.023330905 -42.998123169 -0.093379498 -0.022585742 0.995374382 469.487457275
0.995660841 -0.009089963 0.092610590 47.046928406 0.006979925 0.999709189 0.023082461 -43.190319061 -0.092793472 -0.022335889 0.995434821 471.789520264
0.995735884 -0.009679418 0.091741018 47.349948883 0.007478889 0.999676764 0.024299819 -43.381626129 -0.091946580 -0.023510080 0.995486319 474.072235107
0.995735228 -0.009711429 0.091743805 47.643150330 0.007508188 0.999675810 0.024329836 -43.562416077 -0.091950350 -0.023537247 0.995485365 476.353363037
0.995783091 -0.009178695 0.091278531 47.933170319 0.007041734 0.999694109 0.023705993 -43.727764130 -0.091468208 -0.022963269 0.995543182 478.639556885
0.995796859 -0.009191155 0.091127306 48.227859497 0.006982499 0.999674797 0.024526300 -43.911468506 -0.091323122 -0.023786914 0.995537102 480.919525146
0.995822191 -0.009632816 0.090804212 48.526000977 0.007396775 0.999661863 0.024929294 -44.092468262 -0.091013648 -0.024153486 0.995556712 483.192016602
0.995849490 -0.010059051 0.090457350 48.817050934 0.007875518 0.999669731 0.024463424 -44.273750305 -0.090673558 -0.023649491 0.995599806 485.465728760
0.995957971 -0.010446439 0.089211971 49.122009277 0.008231661 0.999649644 0.025157958 -44.462692261 -0.089443535 -0.024321904 0.995694876 487.752014160
0.995939791 -0.009676489 0.089499988 49.389778137 0.007483802 0.999664307 0.024802528 -44.630985260 -0.089709945 -0.024032027 0.995677948 490.023834229
0.995965540 -0.009630973 0.089218467 49.683303833 0.007409398 0.999655008 0.025198206 -44.807731628 -0.089430362 -0.024435489 0.995693266 492.324523926
0.996025324 -0.008771186 0.088636935 49.981353760 0.006514530 0.999647975 0.025716841 -44.984291077 -0.088831298 -0.025037199 0.995731950 494.611633301
0.996011853 -0.008191102 0.088844068 50.261089325 0.005973185 0.999664485 0.025201373 -45.159000397 -0.089020692 -0.024570182 0.995726705 496.912475586
0.996030271 -0.008017071 0.088652782 50.562435150 0.005830599 0.999673069 0.024894830 -45.347949982 -0.088823378 -0.024279106 0.995751441 499.225738525
0.996051013 -0.007740348 0.088444412 50.849216461 0.005502702 0.999659300 0.025515888 -45.525928497 -0.088611796 -0.024928443 0.995754242 501.518585205
0.996071279 -0.006788691 0.088294305 51.136383057 0.004529531 0.999657869 0.025761941 -45.707603455 -0.088438988 -0.025260802 0.995761216 503.797851562
0.996108234 -0.005944629 0.087937631 51.429260254 0.003768639 0.999683082 0.024890052 -45.884963989 -0.088057719 -0.024461785 0.995814979 506.081848145
0.996130824 -0.006117836 0.087668970 51.724498749 0.003860359 0.999657154 0.025896456 -46.073188782 -0.087797336 -0.025457831 0.995813012 508.376708984
0.996153057 -0.006168480 0.087412670 52.020328522 0.004026223 0.999687850 0.024662532 -46.251060486 -0.087537497 -0.024215715 0.995866835 510.680084229
0.996193290 -0.006550805 0.086924680 52.318862915 0.004351126 0.999666095 0.025470940 -46.434230804 -0.087062508 -0.024995763 0.995889127 512.982421875
0.996192932 -0.006495210 0.086932600 52.607982635 0.004268513 0.999658644 0.025775485 -46.612167358 -0.087070331 -0.025306283 0.995880663 515.295410156
0.996223688 -0.005819817 0.086628303 52.898769379 0.003618750 0.999667168 0.025543565 -46.788520813 -0.086748123 -0.025133619 0.995913327 517.602905273
0.996195018 -0.004744536 0.087023474 53.175453186 0.002538415 0.999673009 0.025444029 -46.971298218 -0.087115750 -0.025126314 0.995881319 519.896789551
0.996150255 -0.002526667 0.087625198 53.471717834 0.000304471 0.999678254 0.025364336 -47.157920837 -0.087661095 -0.025240012 0.995830536 522.253601074
0.996084571 -0.000470322 0.088404067 53.763992310 -0.001805569 0.999669015 0.025662446 -47.338794708 -0.088386886 -0.025721587 0.995754004 524.587890625
0.996042252 0.000426972 0.088879898 54.056716919 -0.002841344 0.999630332 0.027039699 -47.512901306 -0.088835500 -0.027185213 0.995675266 526.897338867
0.995997548 -0.000089494 0.089380801 54.348678589 -0.002313494 0.999638677 0.026780879 -47.691493988 -0.089350902 -0.026880471 0.995637417 529.216491699
0.995929420 -0.001740163 0.090119496 54.633499146 -0.000794324 0.999605358 0.028080121 -47.863098145 -0.090132795 -0.028037399 0.995535016 531.535766602
0.995889485 -0.003177013 0.090520069 54.939846039 0.000678436 0.999618292 0.027619874 -48.033699036 -0.090573251 -0.027444936 0.995511532 533.862487793
0.995882690 -0.003337474 0.090589203 55.242004395 0.000875898 0.999629617 0.027199103 -48.213630676 -0.090646446 -0.027007770 0.995516777 536.178894043
0.995816529 -0.003438760 0.091310851 55.541618347 0.001007251 0.999643981 0.026661653 -48.387557983 -0.091370031 -0.026458144 0.995465398 538.494445801
0.995741546 -0.003188122 0.092134841 55.835342407 0.000763259 0.999652624 0.026341898 -48.572463989 -0.092186831 -0.026159396 0.995398045 540.804931641
0.995647371 -0.002700554 0.093161330 56.125717163 0.000248173 0.999653399 0.026325563 -48.760574341 -0.093200132 -0.026187858 0.995302916 543.119018555
0.995580196 -0.002166470 0.093890354 56.432563782 -0.000194601 0.999684274 0.025130648 -48.934513092 -0.093915142 -0.025037851 0.995265305 545.450439453
0.995479584 -0.002085697 0.094953425 56.730724335 -0.000376757 0.999664307 0.025907962 -49.115081787 -0.094975583 -0.025826626 0.995144486 547.767944336
0.995378673 -0.002657587 0.095991060 57.019958496 0.000098703 0.999644697 0.026652442 -49.295722961 -0.096027792 -0.026519796 0.995025337 550.066772461
0.995324373 -0.003022315 0.096540615 57.326999664 0.000434654 0.999640346 0.026813654 -49.476081848 -0.096586928 -0.026646324 0.994967818 552.376586914
0.995379031 -0.003861196 0.095946267 57.648948669 0.001413760 0.999672234 0.025563290 -49.648849487 -0.096013501 -0.025309520 0.995058119 554.690124512
0.995399654 -0.004539279 0.095702291 57.971714020 0.002040600 0.999654889 0.026190592 -49.832290649 -0.095788144 -0.025874816 0.995065391 557.013671875
0.995333195 -0.004329705 0.096400082 58.274833679 0.001776583 0.999645770 0.026554739 -50.010326385 -0.096480906 -0.026259553 0.994988322 559.320495605
0.995302022 -0.003910421 0.096738987 58.590236664 0.001261842 0.999623060 0.027424645 -50.187683105 -0.096809775 -0.027173741 0.994931877 561.656616211
0.995285332 -0.003988816 0.096908323 58.907005310 0.001269570 0.999604166 0.028105464 -50.365325928 -0.096982069 -0.027849924 0.994896412 563.990051270
0.995244324 -0.003331711 0.097353250 59.222274780 0.000509341 0.999579251 0.029001491 -50.540996552 -0.097408913 -0.028813984 0.994827271 566.306701660
0.995211363 -0.002570908 0.097711779 59.544414520 -0.000185095 0.999602675 0.028185913 -50.718845367 -0.097745426 -0.028069025 0.994815528 568.633789062
0.995242238 -0.001515684 0.097419575 59.880043030 -0.001073315 0.999647677 0.026517859 -50.886878967 -0.097425453 -0.026496250 0.994890034 570.980957031
0.995208383 -0.001062226 0.097770661 60.208744049 -0.001588359 0.999633372 0.027028404 -51.070739746 -0.097763538 -0.027054189 0.994841814 573.302124023
0.995185673 -0.001118546 0.098000295 60.525207520 -0.001653281 0.999601007 0.028198088 -51.258163452 -0.097992741 -0.028224366 0.994786799 575.696350098
0.995224476 -0.001087696 0.097605661 60.857906342 -0.001772936 0.999571502 0.029216537 -51.436408997 -0.097595610 -0.029250067 0.994796157 578.009216309
0.995093763 -0.000616194 0.098934546 61.165634155 -0.002121120 0.999617875 0.027560370 -51.617710114 -0.098913714 -0.027635006 0.994712234 580.411193848
0.995174825 -0.001415205 0.098107874 61.498291016 -0.001227198 0.999638259 0.026868081 -51.784420013 -0.098110400 -0.026858831 0.994813025 582.749206543
0.995142460 -0.002110871 0.098422468 61.824474335 -0.000756658 0.999576449 0.029088477 -51.982769012 -0.098442182 -0.029021649 0.994719505 585.075927734
0.995195031 -0.001926680 0.097892471 62.147842407 -0.000928798 0.999575675 0.029115591 -52.156318665 -0.097907022 -0.029066619 0.994771004 587.396057129
0.995163977 -0.004838198 0.098108433 62.476005554 0.002119004 0.999611139 0.027801501 -52.340362549 -0.098204799 -0.027459158 0.994787335 589.769470215
0.995207846 -0.005168207 0.097645104 62.808258057 0.002456028 0.999608397 0.027875690 -52.513042450 -0.097750939 -0.027502285 0.994830847 592.121337891
0.995199442 -0.007234302 0.097599514 63.126110077 0.004476470 0.999585271 0.028446048 -52.690063477 -0.097764835 -0.027872592 0.994819164 594.460083008
0.995217621 -0.007778525 0.097371839 63.452816010 0.005004066 0.999575377 0.028705278 -52.867210388 -0.097553760 -0.028080747 0.994833946 596.814453125
