1.000000000 0.000000000 0.000000000 0.000000000 0.000000000 1.000000000 0.000000000 0.000000000 0.000000000 0.000000000 1.000000000 0.000000000
0.999999881 0.000051444 0.000455237 0.086498179 -0.000051412 1.000000000 -0.000071848 -0.228898525 -0.000455241 0.000071825 0.999999881 2.288038969
0.999999046 0.000497198 0.001273285 0.164768755 -0.000497844 0.999999762 0.000507424 -0.465492994 -0.001273032 -0.000508058 0.999999046 4.583119869
0.999998450 0.000127387 0.001761755 0.263649255 -0.000128504 0.999999702 0.000633694 -0.695821285 -0.001761674 -0.000633919 0.999998271 6.867374897
0.999996245 -0.000040420 0.002729225 0.355554760 0.000043297 0.999999464 -0.001054069 -0.928657413 -0.002729181 0.001054184 0.999995649 9.157125473
0.999987006 0.001757163 0.004801260 0.447425544 -0.001759272 0.999998331 0.000435019 -1.165711761 -0.004800487 -0.000443460 0.999988317 11.459568977
0.999967396 0.003749375 0.007155779 0.545462370 -0.003760456 0.999991894 0.001535634 -1.395662904 -0.007149962 -0.001562493 0.999973178 13.744518280
0.999945939 0.003623912 0.009750027 0.650403082 -0.003667301 0.999983430 0.004435997 -1.627838612 -0.009733791 -0.004471513 0.999942601 16.021642685
0.999940038 0.003715140 0.010301293 0.747903407 -0.003768405 0.999979615 0.005156181 -1.846784592 -0.010281927 -0.005194692 0.999933660 18.306943893
0.999926388 0.002853060 0.011783937 0.857478678 -0.002918275 0.999980509 0.005520738 -2.073791981 -0.011767957 -0.005554720 0.999915302 20.591058731
0.999925673 0.000341593 0.012187064 0.978210092 -0.000379729 0.999995053 0.003127032 -2.301022530 -0.012185935 -0.003131427 0.999920845 22.901214600
0.999911547 -0.001840357 0.013168558 1.083797812 0.001821456 0.999997258 0.001447128 -2.524225235 -0.013171185 -0.001423014 0.999912143 25.180839539
0.999912858 -0.003028833 0.012847485 1.219691873 0.003015841 0.999994934 0.001030527 -2.776674271 -0.012850539 -0.000991691 0.999916911 27.474075317
0.999897182 -0.002641914 0.014092280 1.323837996 0.002636153 0.999996364 0.000427365 -3.003762007 -0.014093357 -0.000390172 0.999900579 29.761392593
0.999891043 -0.000700266 0.014744448 1.448453784 0.000658492 0.999995708 0.002837881 -3.231174469 -0.014746374 -0.002827863 0.999887288 32.026088715
0.999894142 0.001259077 0.014493241 1.583977699 -0.001333284 0.999986053 0.005111636 -3.450900555 -0.014486605 -0.005130419 0.999881923 34.307338715
0.999861777 0.003026393 0.016347583 1.694655061 -0.003174204 0.999954224 0.009023449 -3.677846670 -0.016319526 -0.009074092 0.999825776 36.614437103
0.999847114 0.004909511 0.016780594 1.815893769 -0.005056713 0.999948978 0.008741019 -3.894577503 -0.016736822 -0.008824538 0.999821007 38.884811401
0.999822915 0.003080983 0.018570859 1.922923326 -0.003215566 0.999968767 0.007221441 -4.098174095 -0.018548032 -0.007279878 0.999801397 41.180427551
0.999822021 0.000622803 0.018854238 2.047396421 -0.000737419 0.999981284 0.006072746 -4.319561958 -0.018850105 -0.006085568 0.999803841 43.457923889
0.999814451 0.000986326 0.019238580 2.169894695 -0.001087601 0.999985576 0.005254437 -4.547957420 -0.019233117 -0.005274387 0.999801099 45.706565857
0.999810934 0.000234678 0.019447984 2.295578480 -0.000317356 0.999991059 0.004248276 -4.773691177 -0.019446809 -0.004253645 0.999801874 47.972396851
0.999810159 -0.001278767 0.019443063 2.433296919 0.001189638 0.999988735 0.004594979 -4.999443531 -0.019448716 -0.004570976 0.999800384 50.253139496
0.999786675 -0.001806593 0.020571765 2.562072277 0.001703848 0.999985993 0.005010918 -5.220623970 -0.020580528 -0.004974797 0.999775827 52.520153046
0.999773979 -0.003011434 0.021046109 2.697124958 0.002909786 0.999983966 0.004858741 -5.445660591 -0.021060405 -0.004796402 0.999766707 54.803730011
0.999740779 -0.003117273 0.022552202 2.822664261 0.003004219 0.999982715 0.005045121 -5.669240475 -0.022567544 -0.004976061 0.999732912 57.101837158
0.999725699 -0.004638140 0.022956440 2.966134071 0.004512175 0.999974489 0.005535913 -5.890211105 -0.022981528 -0.005430812 0.999721110 59.369480133
0.999679387 -0.006017315 0.024591817 3.095071554 0.005899058 0.999970675 0.004878480 -6.110695362 -0.024620447 -0.004731846 0.999685585 61.639957428
0.999658883 -0.006906624 0.025186833 3.247809887 0.006786494 0.999965191 0.004851957 -6.333998680 -0.025219467 -0.004679373 0.999670982 63.895862579
0.999620855 -0.006342598 0.026794536 3.387507915 0.006197001 0.999965549 0.005513375 -6.554440022 -0.026828587 -0.005345238 0.999625742 66.160896301
0.999594867 -0.005352376 0.027954007 3.537616730 0.005191705 0.999969602 0.005817113 -6.777711391 -0.027984293 -0.005669628 0.999592245 68.408088684
0.999553442 -0.005641950 0.029343205 3.679422379 0.005480363 0.999969363 0.005584325 -7.000427723 -0.029373813 -0.005421021 0.999553800 70.655715942
0.999537349 -0.006469399 0.029720051 3.843800068 0.006342656 0.999970376 0.004356826 -7.223405838 -0.029747358 -0.004166306 0.999548793 72.904136658
0.999519050 -0.007375698 0.030121716 4.000795841 0.007236036 0.999962568 0.004742945 -7.446333408 -0.030155567 -0.004522701 0.999534965 75.168182373
0.999475181 -0.008516246 0.031253900 4.171339989 0.008391366 0.999956310 0.004124674 -7.675020218 -0.031287663 -0.003860248 0.999502897 77.437866211
0.999462247 -0.009259626 0.031455800 4.328615189 0.009133358 0.999949634 0.004155487 -7.902993202 -0.031492695 -0.003865955 0.999496520 79.686569214
0.999429882 -0.009649771 0.032353882 4.480641365 0.009533018 0.999947429 0.003760988 -8.117921829 -0.032388475 -0.003450414 0.999469399 81.941848755
0.999418378 -0.008641139 0.032989200 4.656463146 0.008509772 0.999955297 0.004120463 -8.351632118 -0.033023324 -0.003837335 0.999447227 84.200744629
0.999364138 -0.008414263 0.034649491 4.814860821 0.008270851 0.999956667 0.004280171 -8.562058449 -0.034683995 -0.003990869 0.999390423 86.454742432
0.999372602 -0.008091086 0.034481660 4.989710808 0.007902227 0.999953032 0.005609846 -8.794503212 -0.034525424 -0.005333846 0.999389589 88.721496582
0.999348044 -0.007197598 0.035377882 5.153882027 0.006980808 0.999956131 0.006247559 -9.017910004 -0.035421304 -0.005996519 0.999354422 90.973373413
0.999315381 -0.007110063 0.036305707 5.322293758 0.006896970 0.999958277 0.005991278 -9.234466553 -0.036346797 -0.005736777 0.999322772 93.223075867
0.999303401 -0.007184517 0.036623795 5.495364189 0.006990119 0.999960780 0.005433291 -9.450140953 -0.036661394 -0.005173501 0.999314368 95.476203918
0.999277353 -0.007808120 0.037199713 5.666379929 0.007597731 0.999954343 0.005793690 -9.669574738 -0.037243254 -0.005506870 0.999291062 97.727363586
0.999241590 -0.007755595 0.038158119 5.831844330 0.007559196 0.999957383 0.005288580 -9.897045135 -0.038197510 -0.004996125 0.999257743 99.962814331
0.999185801 -0.007947757 0.039554302 5.999263287 0.007698724 0.999949574 0.006444324 -10.112176895 -0.039603528 -0.006134559 0.999196589 102.200172424
0.999151170 -0.008184845 0.040370855 6.188527107 0.007937346 0.999948740 0.006287115 -10.328470230 -0.040420245 -0.005961340 0.999165058 104.455017090
0.999113977 -0.008304670 0.041259553 6.353799343 0.008002337 0.999939919 0.007487440 -10.559132576 -0.041319262 -0.007150633 0.999120355 106.704956055
0.999063492 -0.009717699 0.042162504 6.538121223 0.009405798 0.999926984 0.007589663 -10.771156311 -0.042233177 -0.007185983 0.999081910 108.953361511
0.999023497 -0.010627639 0.042883754 6.727682114 0.010270677 0.999910831 0.008535683 -10.993782997 -0.042970646 -0.008086904 0.999043524 111.203948975
0.999006212 -0.010946974 0.043203894 6.922513485 0.010644490 0.999917269 0.007225164 -11.210087776 -0.043279406 -0.006758100 0.999040246 113.460014343
0.998960137 -0.010990131 0.044247247 7.109973431 0.010711988 0.999921381 0.006518285 -11.424810410 -0.044315405 -0.006037531 0.998999357 115.706489563
0.998921692 -0.011536975 0.044969961 7.299010277 0.011240373 0.999913394 0.006842825 -11.645353317 -0.045045014 -0.006329967 0.998964906 117.931442261
0.998862267 -0.011811022 0.046203144 7.495570183 0.011455870 0.999902844 0.007944003 -11.867127419 -0.046292476 -0.007405667 0.998900414 120.173477173
0.998829186 -0.012540924 0.046720896 7.702548027 0.012158969 0.999890387 0.008450523 -12.087928772 -0.046821754 -0.007872554 0.998872221 122.399772644
0.998794258 -0.013481737 0.047204874 7.906430244 0.013112636 0.999880970 0.008120041 -12.302711487 -0.047308732 -0.007491271 0.998852253 124.637870789
0.998772740 -0.013750639 0.047582872 8.103341103 0.013416723 0.999883056 0.007329884 -12.523797035 -0.047678109 -0.006682481 0.998840392 126.902915955
0.998748124 -0.015444887 0.047577303 8.297435760 0.015094277 0.999856293 0.007719789 -12.736509323 -0.047689702 -0.006991976 0.998837709 129.152786255
0.998769581 -0.016605474 0.046727881 8.494184494 0.016249320 0.999836028 0.007991498 -12.949261665 -0.046852924 -0.007222370 0.998875618 131.401718140
0.998819947 -0.016975168 0.045504108 8.694075584 0.016565444 0.999818981 0.009366165 -13.164411545 -0.045654871 -0.008601313 0.998920202 133.637023926
0.998910904 -0.017783584 0.043135889 8.928582191 0.017427003 0.999810934 0.008628399 -13.372703552 -0.043281175 -0.007867273 0.999031961 135.896591187
0.998987198 -0.018468574 0.041028365 9.137905121 0.018162530 0.999804556 0.007819609 -13.577237129 -0.041164756 -0.007066511 0.999127388 138.116561890
0.998994887 -0.019051829 0.040574241 9.326090813 0.018717634 0.999787807 0.008600671 -13.806385040 -0.040729493 -0.007832573 0.999139488 140.372375488
0.998987138 -0.019353271 0.040621564 9.499345779 0.019012868 0.999780953 0.008749520 -14.011169434 -0.040781990 -0.007968326 0.999136269 142.604156494
0.999023378 -0.019031206 0.039875671 9.693206787 0.018649353 0.999776781 0.009926324 -14.228573799 -0.040055681 -0.009172972 0.999155343 144.829696655
0.999039590 -0.018081423 0.039912101 9.872035980 0.017741086 0.999803305 0.008864962 -14.439751625 -0.040064543 -0.008148365 0.999163866 147.072952271
0.999062598 -0.016923074 0.039842110 10.054460526 0.016648447 0.999835312 0.007214618 -14.651095390 -0.039957639 -0.006544545 0.999179959 149.308761597
0.999079466 -0.015207959 0.040112097 10.233137131 0.014962668 0.999867499 0.006408351 -14.868459702 -0.040204242 -0.005802267 0.999174654 151.553756714
0.999089122 -0.014591201 0.040100023 10.419692993 0.014352391 0.999877572 0.006236853 -15.078548431 -0.040186126 -0.005655640 0.999176204 153.787033081
0.999082208 -0.013848857 0.040531930 10.597930908 0.013579236 0.999883831 0.006919865 -15.296245575 -0.040623050 -0.006363121 0.999154270 156.035079956
0.999087393 -0.012971361 0.040695358 10.794565201 0.012648627 0.999886513 0.008177980 -15.513172150 -0.040796820 -0.007655776 0.999138176 158.248764038
0.999023139 -0.012628259 0.042347722 10.948835373 0.012252646 0.999883354 0.009117587 -15.726146698 -0.042457920 -0.008589811 0.999061346 160.511138916
0.998994648 -0.011557277 0.043314904 11.133367538 0.011086090 0.999876976 0.011102678 -15.940794945 -0.043437887 -0.010611323 0.998999774 162.741439819
0.998967826 -0.011083745 0.044049993 11.324815750 0.010659878 0.999894738 0.009845696 -16.139997482 -0.044154480 -0.009365966 0.998980939 164.999954224
0.998923600 -0.010303097 0.045230277 11.517806053 0.009919826 0.999913037 0.008690092 -16.350713730 -0.045315880 -0.008232062 0.998938799 167.238800049
0.998829722 -0.008397750 0.047631133 11.697952271 0.007975798 0.999927342 0.009041912 -16.560682297 -0.047703601 -0.008651433 0.998824120 169.465820312
0.998727202 -0.008003100 0.049797188 11.888210297 0.007530738 0.999924898 0.009666099 -16.785318375 -0.049870797 -0.009278785 0.998712718 171.713607788
0.998600721 -0.008285271 0.052229937 12.090248108 0.007819880 0.999927938 0.009108491 -16.988649368 -0.052301642 -0.008687316 0.998593509 173.972854614
0.998513997 -0.008141598 0.053882606 12.296573639 0.007624989 0.999923050 0.009786300 -17.201877594 -0.053958133 -0.009360903 0.998499334 176.206329346
0.998458028 -0.008425384 0.054866642 12.501045227 0.007842721 0.999910653 0.010826258 -17.408840179 -0.054952957 -0.010379261 0.998435020 178.429229736
0.998450875 -0.010345677 0.054670174 12.704851151 0.009764477 0.999893069 0.010887442 -17.631509781 -0.054776955 -0.010336750 0.998445094 180.646621704
0.998384118 -0.011258142 0.055699572 12.902252197 0.010694636 0.999888718 0.010404651 -17.835784912 -0.055810507 -0.009792152 0.998393357 182.898834229
0.998484612 -0.012635658 0.053561389 13.132433891 0.012102306 0.999873996 0.010270445 -18.044969559 -0.053684421 -0.009606666 0.998511672 185.093338013
0.998492658 -0.014476251 0.052941386 13.342458725 0.013901731 0.999840498 0.011204230 -18.257186890 -0.053095128 -0.010451362 0.998534739 187.334121704
0.998506665 -0.015343275 0.052430116 13.554490089 0.014804903 0.999833763 0.010641388 -18.461057663 -0.052584670 -0.009849274 0.998567879 189.573944092
0.998493075 -0.016432729 0.052358121 13.749610901 0.015911864 0.999819756 0.010349573 -18.666633606 -0.052518770 -0.009500862 0.998574674 191.786514282
0.998442948 -0.017466029 0.052977473 13.938591957 0.016946469 0.999803960 0.010240664 -18.872560501 -0.053145945 -0.009326939 0.998543203 194.021545410
0.998469651 -0.017812667 0.052354764 14.153543472 0.017285265 0.999795377 0.010509156 -19.089893341 -0.052531250 -0.009588107 0.998573184 196.251708984
0.998496890 -0.015683116 0.052516241 14.360751152 0.015169607 0.999833226 0.010162529 -19.291742325 -0.052666865 -0.009350602 0.998568356 198.484603882
0.998510957 -0.014064071 0.052707046 14.561908722 0.013545137 0.999856353 0.010189948 -19.505044937 -0.052842781 -0.009460850 0.998558164 200.708557129
0.998482823 -0.013895911 0.053281888 14.773477554 0.013424890 0.999867618 0.009187947 -19.710800171 -0.053402502 -0.008458703 0.998537242 202.964141846
0.998441458 -0.014123515 0.053992447 14.974273682 0.013590616 0.999855399 0.010224357 -19.919067383 -0.054129042 -0.009474632 0.998488963 205.189682007
0.998412907 -0.015891477 0.054029457 15.198390961 0.015355583 0.999828756 0.010319255 -20.139154434 -0.054184202 -0.009473223 0.998485982 207.423156738
0.998350680 -0.015433650 0.055297151 15.405344009 0.014879732 0.999834955 0.010414922 -20.336572647 -0.055448771 -0.009574937 0.998415709 209.668334961
0.998280406 -0.016838785 0.056148976 15.629079819 0.016180299 0.999795079 0.012161534 -20.569665909 -0.056342263 -0.011232113 0.998348355 211.894958496
0.998223066 -0.015423331 0.057559386 15.865024567 0.014727851 0.999813557 0.012487584 -20.774145126 -0.057741255 -0.011617667 0.998263955 214.127044678
0.998040736 -0.014683472 0.060822401 16.055780411 0.013958023 0.999826491 0.012335138 -20.973981857 -0.060992971 -0.011462009 0.998072386 216.366989136
0.997896373 -0.014892829 0.063095458 16.281375885 0.014115212 0.999819040 0.012752375 -21.176755905 -0.063273966 -0.011834942 0.997925937 218.605545044
0.997763991 -0.016155262 0.064852841 16.514331818 0.015332786 0.999795854 0.013159979 -21.374181747 -0.065052204 -0.012136180 0.997808158 220.831619263
0.997669339 -0.017864535 0.065853082 16.750072479 0.016984122 0.999759197 0.013905070 -21.572902679 -0.066085622 -0.012754205 0.997732401 223.058502197
0.997599959 -0.019919304 0.066313937 16.995294571 0.019068301 0.999727845 0.013441303 -21.782234192 -0.066563636 -0.012144549 0.997708261 225.282821655
0.997577667 -0.021161323 0.066265024 17.241294861 0.020349924 0.999709666 0.012896011 -21.974899292 -0.066518687 -0.011516282 0.997718692 227.539947510
0.997525573 -0.021384984 0.066972874 17.474952698 0.020547174 0.999702096 0.013173730 -22.177061081 -0.067234643 -0.011765030 0.997667849 229.777175903
0.997466087 -0.022637095 0.067445800 17.719745636 0.021858724 0.999685943 0.012256458 -22.381326675 -0.067702077 -0.010751122 0.997647583 232.020187378
0.997391999 -0.023553183 0.068223380 17.960529327 0.022706153 0.999655545 0.013164631 -22.578079224 -0.068509929 -0.011581209 0.997583210 234.261489868
0.997387826 -0.022431798 0.068662360 18.225799561 0.021555647 0.999676824 0.013474822 -22.780139923 -0.068942443 -0.011959558 0.997548938 236.506774902
0.997349143 -0.022041813 0.069344804 18.464313507 0.021179147 0.999689221 0.013151062 -22.973129272 -0.069613121 -0.011647537 0.997506082 238.730895996
0.997306585 -0.022140468 0.069924124 18.706726074 0.021231843 0.999680579 0.013711127 -23.176483154 -0.070205331 -0.012189577 0.997458220 240.949508667
0.997255027 -0.022510653 0.070538044 18.952068329 0.021604735 0.999674380 0.013579758 -23.370433807 -0.070820741 -0.012018526 0.997416675 243.188995361
0.997214377 -0.022895327 0.070988022 19.200498581 0.022023335 0.999672353 0.013042211 -23.575984955 -0.071263365 -0.011442488 0.997391820 245.412307739
0.997226894 -0.022450240 0.070954181 19.460195541 0.021626841 0.999689758 0.012351778 -23.780326843 -0.071209475 -0.010783011 0.997403085 247.651062012
0.997198641 -0.022723030 0.071263343 19.715009689 0.021854511 0.999677479 0.012943625 -23.985513687 -0.071534470 -0.011349940 0.997373462 249.885833740
0.997156858 -0.024045855 0.071414277 19.970054626 0.023198450 0.999650538 0.012671952 -24.186210632 -0.071694016 -0.010979226 0.997366250 252.113586426
0.997149408 -0.024006533 0.071531206 20.235973358 0.023103114 0.999642849 0.013430585 -24.389949799 -0.071828067 -0.011739708 0.997347951 254.376327515
0.997092903 -0.024975607 0.071987458 20.475812912 0.024038685 0.999614954 0.013852362 -24.594335556 -0.072305717 -0.012081604 0.997309446 256.597229004
0.997065365 -0.025202563 0.072287284 20.737245560 0.024218885 0.999602318 0.014452351 -24.801605225 -0.072622769 -0.012659223 0.997279048 258.864013672
0.997029245 -0.024864787 0.072899923 20.994676590 0.023916520 0.999617934 0.013852152 -24.998857498 -0.073216513 -0.012067487 0.997242987 261.107849121
0.997006655 -0.024944760 0.073180735 21.259847641 0.024032386 0.999622405 0.013321732 -25.197307587 -0.073485412 -0.011523148 0.997229695 263.367309570
0.996968210 -0.024296667 0.073919050 21.519165039 0.023406375 0.999642909 0.012886844 -25.402854919 -0.074205764 -0.011117596 0.997180998 265.610626221
0.996890843 -0.023890177 0.075085431 21.782537460 0.022987990 0.999653041 0.012856939 -25.603229523 -0.075366534 -0.011090901 0.997094154 267.859375000
0.996747494 -0.023840537 0.076980263 22.032604218 0.022925267 0.999655783 0.012751717 -25.807319641 -0.077257760 -0.010945447 0.996951044 270.107635498
0.996647775 -0.024494719 0.078059345 22.301786423 0.023568783 0.999640763 0.012761319 -26.005970001 -0.078343876 -0.010878776 0.996867061 272.381988525
0.996437550 -0.024817891 0.080600515 22.565067291 0.023852767 0.999632061 0.012915153 -26.200332642 -0.080891386 -0.010946597 0.996662736 274.618927002
0.996337354 -0.024903586 0.081803083 22.826650620 0.023750542 0.999604940 0.015038425 -26.412551880 -0.082145281 -0.013040478 0.996535063 276.883056641
0.996258855 -0.023745809 0.083094500 23.108448029 0.022455513 0.999612927 0.016428469 -26.613891602 -0.083452441 -0.014501076 0.996406257 279.130157471
0.996166348 -0.023509407 0.084260717 23.391281128 0.022149587 0.999609470 0.017037038 -26.814273834 -0.084628344 -0.015105387 0.996298075 281.389465332
0.996092021 -0.022952015 0.085286573 23.668239594 0.021534154 0.999614835 0.017507667 -27.009084702 -0.085655555 -0.015602675 0.996202588 283.628509521
0.996070266 -0.022033134 0.085781299 23.968946457 0.020678008 0.999647379 0.016654175 -27.197616577 -0.086117983 -0.014814943 0.996174812 285.891204834
0.995955586 -0.021489019 0.087238915 24.239704132 0.020160874 0.999667466 0.016076993 -27.392446518 -0.087555379 -0.014253163 0.996057689 288.119384766
0.995976806 -0.021343028 0.087031871 24.529356003 0.020030439 0.999672472 0.015927291 -27.593669891 -0.087343298 -0.014119926 0.996078193 290.363128662
0.995976329 -0.021545429 0.086987220 24.819307327 0.020299897 0.999678731 0.015177980 -27.785255432 -0.087286279 -0.013351077 0.996093750 292.620056152
0.995973170 -0.022202620 0.086860478 25.103614807 0.021037515 0.999676347 0.014306140 -27.980878830 -0.087150007 -0.012421202 0.996117771 294.853057861
0.995965421 -0.021967962 0.087007158 25.387491226 0.020803539 0.999681711 0.014267410 -28.179756165 -0.087292880 -0.012399790 0.996105492 297.094116211
0.995937645 -0.021169139 0.087521382 25.668039322 0.019984024 0.999696732 0.014395061 -28.373172760 -0.087799564 -0.012587555 0.996058583 299.334960938
0.995869339 -0.020819720 0.088378407 25.932973862 0.019529982 0.999690175 0.015433166 -28.578029633 -0.088672347 -0.013643389 0.995967388 301.582092285
0.995869935 -0.021235606 0.088272057 26.223638535 0.019944910 0.999681234 0.015478253 -28.772102356 -0.088572606 -0.013653749 0.995976150 303.821411133
0.995829701 -0.020924069 0.088798121 26.512882233 0.019620568 0.999686837 0.015527073 -28.966819763 -0.089095213 -0.013720053 0.995928526 306.068878174
0.995804012 -0.022176819 0.088783264 26.802671432 0.020862566 0.999659002 0.015703712 -29.171970367 -0.089101247 -0.013785573 0.995927155 308.322601318
0.995762825 -0.023505408 0.088903882 27.096694946 0.022178248 0.999627829 0.015886605 -29.362213135 -0.089244232 -0.013847557 0.995913506 310.584869385
0.995725691 -0.023487637 0.089322992 27.389253616 0.022210803 0.999636829 0.015261926 -29.558885574 -0.089649022 -0.013212758 0.995885730 312.835144043
0.995742202 -0.023239603 0.089204229 27.688831329 0.021890530 0.999631166 0.016072201 -29.758867264 -0.089544840 -0.014051040 0.995883644 315.079193115
0.995695293 -0.021545708 0.090148002 27.977962494 0.020256232 0.999679327 0.015194616 -29.957084656 -0.090446465 -0.013303148 0.995812476 317.318725586
0.995686650 -0.019790901 0.090644002 28.263023376 0.018433619 0.999705434 0.015786644 -30.154870987 -0.090929724 -0.014047658 0.995758235 319.555023193
0.995655417 -0.018650718 0.091227204 28.553026199 0.017336706 0.999734461 0.015175117 -30.349435806 -0.091486000 -0.013527610 0.995714486 321.783111572
0.995584726 -0.017900871 0.092144400 28.837120056 0.016503293 0.999737203 0.015907003 -30.545127869 -0.092404924 -0.014316081 0.995618582 324.021759033
0.995587111 -0.017603276 0.092175648 29.136566162 0.016062414 0.999719024 0.017431919 -30.751785278 -0.092456602 -0.015874431 0.995590150 326.248352051
0.995521963 -0.017696157 0.092859179 29.418544769 0.016171174 0.999722183 0.017149424 -30.947589874 -0.093136847 -0.015570986 0.995531559 328.483703613
0.995511651 -0.018640634 0.092785053 29.719858170 0.017195946 0.999718487 0.016345570 -31.140556335 -0.093063615 -0.014676679 0.995552003 330.714080811
0.995521665 -0.018258860 0.092753500 30.015178680 0.016816691 0.999725580 0.016306359 -31.338207245 -0.093025789 -0.014673527 0.995555580 332.933227539
0.995492220 -0.017961852 0.093126997 30.307409286 0.016389927 0.999710381 0.017616902 -31.533123016 -0.093416460 -0.016011143 0.995498300 335.160980225
0.995518804 -0.018379465 0.092760772 30.614830017 0.016821800 0.999704540 0.017546389 -31.722352982 -0.093055859 -0.015907357 0.995533824 337.391601562
0.995496273 -0.017945219 0.093086772 30.900968552 0.016334485 0.999703884 0.018036783 -31.920948029 -0.093382880 -0.016435025 0.995494604 339.624145508
0.995541990 -0.017880620 0.092609324 31.205419540 0.016330035 0.999713898 0.017474137 -32.113838196 -0.092895284 -0.015883921 0.995549202 341.870483398
0.995527744 -0.017690156 0.092797659 31.496946335 0.016077988 0.999707162 0.018091902 -32.306648254 -0.093090519 -0.016518995 0.995520592 344.116668701
0.995569527 -0.017231680 0.092435166 31.794054031 0.015622600 0.999714077 0.018103149 -32.496822357 -0.092720687 -0.016578866 0.995554149 346.355895996
0.995599329 -0.016722623 0.092208087 32.087619781 0.015115494 0.999721885 0.018100340 -32.687034607 -0.092485115 -0.016626915 0.995575249 348.593780518
0.995582998 -0.016223552 0.092473298 32.377513885 0.014558456 0.999720037 0.018652491 -32.882797241 -0.092750020 -0.017223835 0.995540440 350.830810547
0.995625138 -0.016267063 0.092010841 32.671539307 0.014582312 0.999714017 0.018953159 -33.071640015 -0.092292845 -0.017528513 0.995577574 353.046905518
0.995654047 -0.015494267 0.091831125 32.963642120 0.013823838 0.999727726 0.018798500 -33.267402649 -0.092097394 -0.017447341 0.995597064 355.284271240
0.995683849 -0.015456472 0.091513626 33.260364532 0.013745712 0.999719262 0.019294951 -33.458072662 -0.091786183 -0.017953748 0.995616853 357.516784668
0.995748639 -0.015022424 0.090878829 33.561107635 0.013246805 0.999710023 0.020110063 -33.648403168 -0.091154590 -0.018820716 0.995658815 359.752258301
0.995817661 -0.015253754 0.090080604 33.863937378 0.013482299 0.999704242 0.020241130 -33.839782715 -0.090362713 -0.018941985 0.995728791 361.998779297
0.995886266 -0.015426750 0.089289121 34.163494110 0.013636008 0.999694109 0.020630978 -34.026084900 -0.089580081 -0.019328559 0.995792031 364.232330322
0.995939195 -0.015274436 0.088722371 34.458923340 0.013558629 0.999709845 0.019909695 -34.213577271 -0.089000732 -0.018625896 0.995857418 366.483520508
0.995969534 -0.015918626 0.088268295 34.747100830 0.014223093 0.999702811 0.019804714 -34.403610229 -0.088557318 -0.018469442 0.995899856 368.725891113
0.995968580 -0.015847102 0.088291511 35.028087616 0.014244712 0.999722719 0.018749529 -34.582160950 -0.088564165 -0.017416256 0.995918155 370.978912354
0.996013343 -0.016307058 0.087700702 35.314002991 0.014671414 0.999706805 0.019262673 -34.781654358 -0.087989107 -0.017899193 0.995960534 373.203002930
0.996061921 -0.016010894 0.087202840 35.606952667 0.014313165 0.999696314 0.020059312 -34.965328217 -0.087497510 -0.018732168 0.995988607 375.455017090
0.996042371 -0.016594497 0.087317094 35.882678986 0.014871504 0.999682307 0.020346278 -35.150054932 -0.087627001 -0.018967217 0.995972753 377.696716309
0.996033013 -0.016993260 0.087346546 36.165855408 0.015257283 0.999673367 0.020503929 -35.338119507 -0.087666430 -0.019089919 0.995966971 379.932464600
0.996040285 -0.017020868 0.087258093 36.457256317 0.015306816 0.999677241 0.020275129 -35.516082764 -0.087575033 -0.018859204 0.995979309 382.185577393
0.996059537 -0.016189694 0.087196514 36.750869751 0.014448500 0.999684155 0.020562897 -35.705188751 -0.087501869 -0.019222008 0.995978892 384.435852051
0.996081233 -0.015571015 0.087060794 37.047866821 0.013826272 0.999692142 0.020607740 -35.889049530 -0.087354861 -0.019323260 0.995989799 386.713409424
0.996115386 -0.014278923 0.086892016 37.346797943 0.012528656 0.999708116 0.020655148 -36.085674286 -0.087161593 -0.019486273 0.996003568 388.981781006
0.996109843 -0.012964266 0.087160595 37.629291534 0.011209123 0.999725044 0.020596279 -36.273357391 -0.087403648 -0.019539166 0.995981276 391.258758545
0.996141911 -0.011661551 0.086978987 37.919200897 0.009763846 0.999705613 0.022211613 -36.461791992 -0.087212391 -0.021276673 0.995962501 393.519714355
0.996078551 -0.010221816 0.087879129 38.196414948 0.008275067 0.999712884 0.022488413 -36.646915436 -0.088083766 -0.021673029 0.995877266 395.783447266
0.996010542 -0.009854388 0.088689677 38.479274750 0.008011812 0.999745071 0.021107618 -36.839954376 -0.088875070 -0.020312851 0.995835662 398.045959473
0.995968699 -0.009893583 0.089154281 38.763923645 0.008085329 0.999754667 0.020620674 -37.027397156 -0.089336425 -0.019816700 0.995804369 400.304656982
0.995839417 -0.011108540 0.090444818 39.037986755 0.009194450 0.999725461 0.021552293 -37.209453583 -0.090659395 -0.020631036 0.995668352 402.542022705
0.995861292 -0.012344292 0.090043642 39.346988678 0.010352662 0.999692082 0.022552146 -37.396446228 -0.090294316 -0.021526622 0.995682478 404.830383301
0.995781839 -0.012837993 0.090849780 39.632236481 0.010842715 0.999689877 0.022421975 -37.579376221 -0.091109455 -0.021342339 0.995612085 407.085113525
0.995774508 -0.011348830 0.091128156 39.952724457 0.009427154 0.999724567 0.021490440 -37.760803223 -0.091346942 -0.020540552 0.995607197 409.348510742
0.995750248 -0.010583315 0.091485843 40.258125305 0.008623306 0.999725282 0.021793004 -37.949905396 -0.091691360 -0.020911479 0.995567858 411.607635498
0.995669127 -0.009443584 0.092486963 40.542461395 0.007480381 0.999739766 0.021550508 -38.136413574 -0.092666417 -0.020765336 0.995480597 413.853820801
0.995587885 -0.008527983 0.093444645 40.843887329 0.006530865 0.999744117 0.021657219 -38.320770264 -0.093605444 -0.020951387 0.995388865 416.122802734
0.995538831 -0.008667142 0.093953587 41.149311066 0.006657941 0.999742866 0.021677449 -38.510276794 -0.094117306 -0.020955211 0.995340526 418.383514404
0.995440483 -0.008957452 0.094962649 41.444118500 0.006934173 0.999742329 0.021614689 -38.692279816 -0.095131785 -0.020857651 0.995246172 420.636779785
0.995356143 -0.009065589 0.095832735 41.738883972 0.007033681 0.999743640 0.021519255 -38.881542206 -0.096003257 -0.020745264 0.995164812 422.893432617
0.995281577 -0.009437620 0.096568719 42.043746948 0.007290736 0.999718904 0.022560427 -39.065460205 -0.096754499 -0.021749923 0.995070517 425.158172607
0.995225310 -0.008648150 0.097220287 42.341674805 0.006421351 0.999710381 0.023194268 -39.246482849 -0.097392716 -0.022459237 0.994992554 427.402954102
0.995143592 -0.007848172 0.098120593 42.657978058 0.005516338 0.999696434 0.024013733 -39.429668427 -0.098279260 -0.023355845 0.994884789 429.687011719
0.995168567 -0.009062511 0.097762167 42.959789276 0.006725790 0.999684393 0.024205234 -39.614479065 -0.097950682 -0.023430759 0.994915426 431.946166992
0.995112658 -0.009538631 0.098284528 43.269851685 0.007258776 0.999696970 0.023528002 -39.802719116 -0.098479167 -0.022699589 0.994880199 434.211181641
0.995076716 -0.008729375 0.098722436 43.582683563 0.006403080 0.999694824 0.023856362 -39.974082947 -0.098900571 -0.023106782 0.994828999 436.478942871
0.995042264 -0.009246809 0.099022068 43.899536133 0.006880528 0.999683321 0.024211399 -40.157844543 -0.099214569 -0.023410045 0.994790614 438.761138916
0.995071232 -0.009192919 0.098736063 44.219078064 0.006804418 0.999676704 0.024500335 -40.337123871 -0.098929383 -0.023707734 0.994812012 441.033599854
0.995085061 -0.008554278 0.098653533 44.548984528 0.006058945 0.999654770 0.025565825 -40.534271240 -0.098838173 -0.024842434 0.994793355 443.283996582
0.995023191 -0.009239077 0.099215619 44.863742828 0.006714194 0.999645829 0.025752271 -40.713787079 -0.099418402 -0.024957946 0.994732678 445.563964844
0.995015204 -0.009092747 0.099307731 45.177078247 0.006596794 0.999654770 0.025433045 -40.896522522 -0.099504687 -0.024651155 0.994731665 447.834259033
0.995024502 -0.008226507 0.099289618 45.499160767 0.005748814 0.999665558 0.025214562 -41.079933167 -0.099463835 -0.024518311 0.994739056 450.096008301
0.994995594 -0.008052775 0.099593744 45.812664032 0.005594839 0.999673367 0.024934359 -41.263442993 -0.099762008 -0.024252364 0.994715691 452.356018066
0.994907975 -0.007338859 0.100520246 46.120445251 0.004855816 0.999677539 0.024924345 -41.434135437 -0.100670755 -0.024309322 0.994622707 454.629577637
0.994909763 -0.007120573 0.100518145 46.435504913 0.004695146 0.999692678 0.024345212 -41.615436554 -0.100660600 -0.023749350 0.994637311 456.891967773
0.994935453 -0.006370985 0.100315079 46.760814667 0.004008350 0.999710321 0.023736116 -41.798812866 -0.100437231 -0.023213800 0.994672537 459.174682617
0.994899690 -0.005377127 0.100726023 47.072517395 0.002921865 0.999695361 0.024507334 -41.982872009 -0.100827105 -0.024088031 0.994612336 461.454711914
0.994927108 -0.005041456 0.100471914 47.392093658 0.002474918 0.999667764 0.025653135 -42.160354614 -0.100567870 -0.025274334 0.994609118 463.731018066
0.994952261 -0.005407787 0.100203261 47.701999664 0.002792118 0.999652088 0.026225504 -42.336975098 -0.100310221 -0.025813350 0.994621277 466.000274658
0.995090604 -0.005491121 0.098815389 48.030311584 0.003044644 0.999685526 0.024891833 -42.511306763 -0.098921008 -0.024468768 0.994794428 468.284210205
0.995143652 -0.005446386 0.098281592 48.352458954 0.003043078 0.999693036 0.024586635 -42.696006775 -0.098385349 -0.024168160 0.994854867 470.578979492
0.995246112 -0.005824280 0.097217605 48.672657013 0.003326675 0.999660730 0.025833216 -42.884220123 -0.097335085 -0.025386995 0.994927764 472.857727051
0.995196998 -0.005988597 0.097709194 48.965942383 0.003403203 0.999640286 0.026605325 -43.070522308 -0.097833380 -0.026145015 0.994859278 475.138366699
0.995322824 -0.005952611 0.096421219 49.283668518 0.003505344 0.999668002 0.025530525 -43.232341766 -0.096541174 -0.025073128 0.995013118 477.428741455
0.995355666 -0.006166532 0.096066944 49.595214844 0.003667960 0.999650955 0.026163563 -43.410751343 -0.096194744 -0.025689689 0.995030880 479.711822510
0.995400548 -0.006713733 0.095565304 49.908504486 0.004194200 0.999638915 0.026541023 -43.586029053 -0.095708981 -0.026018128 0.995069265 481.983459473
0.995427132 -0.007326907 0.095242530 50.206287384 0.004900584 0.999658048 0.025684193 -43.761360168 -0.095398158 -0.025099998 0.995122612 484.268035889
0.995472372 -0.008451194 0.094675072 50.517402649 0.005933295 0.999621987 0.026845174 -43.955341339 -0.094866164 -0.026161889 0.995146215 486.574035645
0.995546222 -0.008783807 0.093865797 50.824821472 0.006278064 0.999616921 0.026957013 -44.126182556 -0.094066635 -0.026247652 0.995219827 488.853576660
0.995493889 -0.009807003 0.094316781 51.094863892 0.007265016 0.999602020 0.027257310 -44.317844391 -0.094546542 -0.026449271 0.995169044 491.123168945
0.995597124 -0.009890446 0.093211718 51.414794922 0.007311824 0.999582171 0.027965173 -44.496696472 -0.093449354 -0.027160501 0.995253444 493.409851074
0.995593071 -0.009625254 0.093282953 51.706321716 0.007072648 0.999592483 0.027656185 -44.668663025 -0.093511164 -0.026874546 0.995255470 495.705017090
0.995618999 -0.009818734 0.092985146 52.020057678 0.007335111 0.999608278 0.027014101 -44.848011017 -0.093213953 -0.026213700 0.995300889 498.017700195
0.995680809 -0.009829914 0.092319712 52.326038361 0.007277146 0.999582887 0.027947430 -45.022438049 -0.092555918 -0.027154898 0.995337129 500.309631348
0.995685756 -0.009146653 0.092337705 52.622688293 0.006564023 0.999579787 0.028234463 -45.199028015 -0.092557155 -0.027506547 0.995327353 502.595825195
0.995726764 -0.008422489 0.091963306 52.927536011 0.005926758 0.999607563 0.027377814 -45.371154785 -0.092157818 -0.026715780 0.995386064 504.893432617
0.995705307 -0.008124488 0.092222415 53.218872070 0.005562523 0.999592364 0.028003428 -45.543743134 -0.092412315 -0.027370175 0.995344520 507.174865723
0.995727837 -0.008607793 0.091934189 53.520496368 0.006158768 0.999619365 0.026889458 -45.714946747 -0.092130668 -0.026208380 0.995401978 509.458465576
0.995781481 -0.009422324 0.091271326 53.831344604 0.006909980 0.999589562 0.027803097 -45.896774292 -0.091495842 -0.027055131 0.995437801 511.751892090
0.995789528 -0.009123241 0.091214120 54.130638123 0.006596596 0.999587119 0.027963378 -46.067432404 -0.091431595 -0.027243942 0.995438635 514.048828125
0.995800018 -0.008416505 0.091167577 54.427902222 0.005903281 0.999596000 0.027801737 -46.241882324 -0.091364741 -0.027146786 0.995447397 516.348693848
0.995805442 -0.007508597 0.091187172 54.718482971 0.005001901 0.999604166 0.027687041 -46.420600891 -0.091358967 -0.027114799 0.995448828 518.639709473
0.995753706 -0.005640935 0.091884434 55.020656586 0.003120829 0.999615610 0.027547548 -46.593551636 -0.092004500 -0.027143814 0.995388687 520.980346680
0.995681405 -0.003489462 0.092769712 55.321941376 0.000927703 0.999617457 0.027642963 -46.768230438 -0.092830673 -0.027437529 0.995303810 523.314147949
0.995631695 -0.002782055 0.093326509 55.627170563 0.000080456 0.999581099 0.028939098 -46.938743591 -0.093367934 -0.028805176 0.995214880 525.629333496
0.995574117 -0.003115698 0.093927920 55.932548523 0.000401296 0.999582112 0.028903825 -47.110870361 -0.093978718 -0.028738206 0.995159268 527.944274902
0.995527744 -0.005116509 0.094330952 56.236560822 0.002273800 0.999540865 0.030218376 -47.280273438 -0.094442241 -0.029868746 0.995082140 530.257751465
0.995431542 -0.006650928 0.095245771 56.541519165 0.003801757 0.999540746 0.030064173 -47.454971313 -0.095401987 -0.029564725 0.994999707 532.552978516
0.995389104 -0.006690038 0.095684946 56.849594116 0.003898626 0.999562204 0.029330192 -47.621284485 -0.095839269 -0.028821912 0.994979441 534.876220703
0.995301008 -0.006915183 0.096582040 57.155296326 0.004114627 0.999566078 0.029165780 -47.793155670 -0.096741810 -0.028631333 0.994897604 537.193115234
0.995211184 -0.006660699 0.097520269 57.459575653 0.003843546 0.999570608 0.029047282 -47.977378845 -0.097671874 -0.028533354 0.994809508 539.502441406
0.995087028 -0.005955067 0.098824568 57.759624481 0.003129629 0.999582529 0.028720871 -48.149574280 -0.098954350 -0.028270479 0.994690299 541.824157715
0.994971097 -0.005529810 0.100009494 58.078296661 0.002785999 0.999616444 0.027554382 -48.319126129 -0.100123510 -0.027137192 0.994604886 544.142578125
0.994809508 -0.005875902 0.101585165 58.365005493 0.002974467 0.999583960 0.028689528 -48.508827209 -0.101711474 -0.028238447 0.994413018 546.482604980
0.994721591 -0.005942051 0.102438748 58.681224823 0.002912243 0.999554515 0.029701002 -48.684959412 -0.102569602 -0.029245900 0.994295835 548.802062988
0.994635105 -0.005854457 0.103279166 58.994327545 0.002783085 0.999550283 0.029857613 -48.856140137 -0.103407532 -0.029409993 0.994204164 551.105407715
0.994631171 -0.006854449 0.103255488 59.325859070 0.003864121 0.999568105 0.029132720 -49.028701782 -0.103410587 -0.028577322 0.994228125 553.411010742
0.994659245 -0.007201830 0.102962017 59.661949158 0.004154306 0.999547780 0.029782373 -49.204490662 -0.103129946 -0.029195577 0.994239330 555.730957031
0.994577467 -0.006993657 0.103762649 59.982273102 0.003883142 0.999537885 0.030148977 -49.374404907 -0.103925548 -0.029582573 0.994145036 558.040466309
0.994581759 -0.006753081 0.103737123 60.318214417 0.003522722 0.999504089 0.031291563 -49.546409607 -0.103897005 -0.030756582 0.994112372 560.368408203
0.994581282 -0.007717046 0.103674650 60.655818939 0.004410111 0.999475300 0.032088660 -49.718719482 -0.103867888 -0.031457569 0.994093478 562.696228027
0.994549215 -0.007371396 0.104007393 60.987648010 0.003970851 0.999451935 0.032864481 -49.883590698 -0.104192667 -0.032272343 0.994033337 565.016357422
0.994516075 -0.006474189 0.104384333 61.325294495 0.003116508 0.999473453 0.032297611 -50.054672241 -0.104538471 -0.031795174 0.994012475 567.335144043
0.994523704 -0.005645349 0.104358248 61.671852112 0.002443044 0.999522924 0.030788077 -50.216865540 -0.104482286 -0.030364526 0.994063079 569.670593262
0.994473815 -0.005054696 0.104863591 62.014389038 0.001830109 0.999523163 0.030823750 -50.384468079 -0.104969412 -0.030461501 0.994008780 571.991699219
0.994500101 -0.004986306 0.104616307 62.362056732 0.001623264 0.999480009 0.032206979 -50.565185547 -0.104722492 -0.031860031 0.993990958 574.391235352
0.994494140 -0.005018856 0.104671955 62.704715729 0.001484490 0.999426901 0.033816740 -50.739089966 -0.104781687 -0.033475164 0.993931711 576.704345703
0.994439662 -0.004948196 0.105191588 63.043666840 0.001606930 0.999492168 0.031824663 -50.905616760 -0.105295643 -0.031478681 0.993942618 579.100158691
0.994461119 -0.005514845 0.104960263 63.386020660 0.002192478 0.999493659 0.031742673 -51.069000244 -0.105082169 -0.031336732 0.993969738 581.435546875
0.994458973 -0.006811853 0.104903683 63.730304718 0.003318038 0.999435067 0.033443548 -51.252593994 -0.105072223 -0.032910168 0.993919909 583.759277344
0.994504690 -0.006695896 0.104476675 64.069824219 0.003197270 0.999429703 0.033618748 -51.416984558 -0.104642175 -0.033099972 0.993958950 586.079589844
0.994447649 -0.009814459 0.104773603 64.415267944 0.006432293 0.999448776 0.032569949 -51.593521118 -0.105035514 -0.031715170 0.993962586 588.439636230
0.994470179 -0.010186722 0.104524091 64.759452820 0.006811894 0.999445438 0.032593891 -51.756488800 -0.104798131 -0.031701654 0.993988037 590.790588379
0.994466305 -0.012022210 0.104366019 65.095901489 0.008602826 0.999413252 0.033151947 -51.924526215 -0.104703344 -0.032070659 0.993986249 593.129211426
0.994510949 -0.012674287 0.103861384 65.445503235 0.009241049 0.999396980 0.033470746 -52.092056274 -0.104222946 -0.032327238 0.994028449 595.484375000
