1.000000000 0.000000000 0.000000000 0.000000000 0.000000000 1.000000000 0.000000000 0.000000000 0.000000000 0.000000000 1.000000000 0.000000000
0.999999881 0.000153716 0.000455263 0.086154312 -0.000153653 1.000000000 -0.000137961 -0.225784659 -0.000455284 0.000137891 0.999999881 2.288317680
0.999999166 0.000549577 0.001260266 0.163488477 -0.000550085 0.999999762 0.000402893 -0.463060051 -0.001260045 -0.000403586 0.999999106 4.585299015
0.999998391 0.000170283 0.001800933 0.260401756 -0.000171289 0.999999821 0.000558502 -0.693713188 -0.001800838 -0.000558809 0.999998212 6.874835968
0.999996364 0.000155739 0.002663505 0.353679717 -0.000152803 0.999999344 -0.001102529 -0.926126420 -0.002663674 0.001102118 0.999995828 9.168775558
0.999986112 0.001924693 0.004909007 0.443438888 -0.001926303 0.999998093 0.000323126 -1.162146807 -0.004908376 -0.000332577 0.999987841 11.476739883
0.999964178 0.003891065 0.007511096 0.528582752 -0.003902021 0.999991357 0.001444442 -1.391449690 -0.007505410 -0.001473699 0.999970675 13.781218529
0.999947608 0.003648906 0.009563508 0.641656041 -0.003685617 0.999985874 0.003823882 -1.618452191 -0.009549421 -0.003858929 0.999946952 16.051219940
0.999940336 0.003616698 0.010310215 0.764901578 -0.003665997 0.999981940 0.004766682 -1.845775127 -0.010292786 -0.004804194 0.999935508 18.401479721
0.999932885 0.002658344 0.011275589 0.888498843 -0.002714774 0.999983847 0.004992249 -2.071299791 -0.011262135 -0.005022525 0.999924004 20.690008163
0.999928057 0.000373207 0.011985034 1.004117966 -0.000408637 0.999995530 0.002953873 -2.306288719 -0.011983879 -0.002958558 0.999923766 23.015575409
0.999916434 -0.001842630 0.012794180 1.113218665 0.001830570 0.999997795 0.000954220 -2.526866674 -0.012795913 -0.000930720 0.999917626 25.295635223
0.999917150 -0.002442771 0.012638076 1.249560595 0.002439754 0.999997020 0.000254189 -2.772464275 -0.012638659 -0.000223334 0.999920130 27.609987259
0.999903977 -0.002152816 0.013684154 1.354119182 0.002163392 0.999997377 -0.000758188 -2.997937441 -0.013682486 0.000787719 0.999906003 29.894672394
0.999898612 0.000083288 0.014237510 1.475182176 -0.000113860 0.999997616 0.002146526 -3.232406139 -0.014237298 -0.002147930 0.999896288 32.186141968
0.999897540 0.002099267 0.014159804 1.606619835 -0.002159093 0.999988794 0.004211089 -3.451458693 -0.014150806 -0.004241230 0.999890864 34.468452454
0.999866486 0.004345565 0.015748737 1.717237473 -0.004479661 0.999953926 0.008489485 -3.684598207 -0.015711116 -0.008558902 0.999839902 36.774131775
0.999841511 0.006201157 0.016685624 1.830445051 -0.006333367 0.999948859 0.007882406 -3.900650263 -0.016635891 -0.007986832 0.999829710 39.046890259
0.999817491 0.005063993 0.018421665 1.938041806 -0.005187364 0.999964356 0.006655465 -4.109614849 -0.018387305 -0.006749809 0.999808133 41.350204468
0.999820590 0.002616239 0.018762765 2.060656071 -0.002724862 0.999979615 0.005766008 -4.334147930 -0.018747298 -0.005816099 0.999807358 43.628021240
0.999819517 0.002351634 0.018859774 2.194281101 -0.002428810 0.999988794 0.004070202 -4.550298691 -0.018849993 -0.004115274 0.999813855 45.873256683
0.999816298 0.001676419 0.019094968 2.318940163 -0.001738206 0.999993324 0.003219653 -4.780564308 -0.019089445 -0.003252253 0.999812484 48.153327942
0.999816358 0.000357696 0.019156598 2.455556870 -0.000426778 0.999993443 0.003602181 -5.007354736 -0.019155182 -0.003609695 0.999809980 50.431659698
0.999800920 -0.000169591 0.019953331 2.587681770 0.000095667 0.999993145 0.003705722 -5.227871418 -0.019953823 -0.003703075 0.999794066 52.695434570
0.999796093 -0.001344002 0.020154478 2.724612713 0.001273046 0.999992967 0.003533034 -5.455848217 -0.020159086 -0.003506656 0.999790668 54.976802826
0.999771833 -0.001649255 0.021296589 2.854150534 0.001557068 0.999989331 0.004344579 -5.690228462 -0.021303521 -0.004310426 0.999763906 57.274303436
0.999752104 -0.003118590 0.022044523 2.990806341 0.003008517 0.999982834 0.005024581 -5.914850235 -0.022059815 -0.004957015 0.999744356 59.541297913
0.999712348 -0.004628007 0.023534151 3.118606806 0.004523566 0.999979675 0.004489162 -6.139780998 -0.023554450 -0.004381414 0.999712944 61.808383942
0.999700844 -0.005386993 0.023854237 3.270277977 0.005286216 0.999976873 0.004285724 -6.362815857 -0.023876771 -0.004158346 0.999706209 64.060638428
0.999669731 -0.004883755 0.025228728 3.407975912 0.004758125 0.999975979 0.005037297 -6.586769104 -0.025252722 -0.004915593 0.999669015 66.331924438
0.999654770 -0.004009657 0.025965117 3.557247639 0.003869387 0.999977648 0.005450209 -6.813662529 -0.025986392 -0.005347859 0.999647975 68.591606140
0.999616563 -0.004086849 0.027386548 3.693266392 0.003950716 0.999979556 0.005023059 -7.036417484 -0.027406519 -0.004912937 0.999612212 70.847122192
0.999597967 -0.004887518 0.027929511 3.850140572 0.004780926 0.999981046 0.003881979 -7.261095524 -0.027947953 -0.003746890 0.999602318 73.102439880
0.999579966 -0.005849043 0.028383536 4.006446838 0.005730643 0.999974549 0.004250951 -7.487435818 -0.028407680 -0.004086510 0.999588013 75.384521484
0.999536216 -0.007086894 0.029616283 4.165306091 0.006976835 0.999968410 0.003817817 -7.718466282 -0.029642403 -0.003609419 0.999554098 77.652839661
0.999533117 -0.007985111 0.029491216 4.321821213 0.007882181 0.999962449 0.003604815 -7.948354244 -0.029518893 -0.003370677 0.999558568 79.909637451
0.999502420 -0.008630791 0.030336689 4.471529961 0.008545326 0.999959171 0.002945678 -8.162531853 -0.030360872 -0.002684976 0.999535441 82.170791626
0.999478996 -0.007657689 0.031359095 4.637077332 0.007565974 0.999966741 0.003042323 -8.392759323 -0.031381357 -0.002803476 0.999503493 84.451560974
0.999428153 -0.007382344 0.032996684 4.791111946 0.007269803 0.999967337 0.003529369 -8.610009193 -0.033021662 -0.003287472 0.999449193 86.706001282
0.999430239 -0.007146682 0.032991111 4.965938568 0.006977199 0.999961793 0.005249479 -8.851031303 -0.033027370 -0.005016301 0.999441981 88.997894287
0.999402523 -0.006225590 0.033997476 5.125983238 0.006026210 0.999964058 0.005963861 -9.075733185 -0.034033392 -0.005755421 0.999404132 91.254013062
0.999377191 -0.005956811 0.034781571 5.292931557 0.005748173 0.999964893 0.006095458 -9.296606064 -0.034816656 -0.005891731 0.999376297 93.491905212
0.999361634 -0.006334743 0.035159715 5.468626499 0.006158952 0.999967992 0.005105869 -9.513286591 -0.035190932 -0.004886062 0.999368668 95.734481812
0.999327540 -0.007019508 0.035986640 5.636149406 0.006824812 0.999961436 0.005530207 -9.733334541 -0.036024064 -0.005280887 0.999336958 97.982490540
0.999302030 -0.006893414 0.036714658 5.797349930 0.006712332 0.999964714 0.005053090 -9.961594582 -0.036748197 -0.004803123 0.999312997 100.222236633
0.999230623 -0.006845304 0.038617861 5.947299004 0.006621013 0.999960482 0.005932876 -10.174964905 -0.038656954 -0.005672622 0.999236405 102.450660706
0.999248981 -0.007100549 0.038093451 6.157773018 0.006884192 0.999959350 0.005807823 -10.395554543 -0.038133144 -0.005541218 0.999257326 104.716590881
0.999216080 -0.008137697 0.038742099 6.334715843 0.007902436 0.999949396 0.006221755 -10.607858658 -0.038790777 -0.005910721 0.999229848 106.959671021
0.999183953 -0.009648894 0.039221279 6.515914917 0.009400296 0.999934554 0.006517855 -10.824818611 -0.039281610 -0.006143845 0.999209285 109.214790344
0.999147832 -0.010707580 0.039861653 6.695331097 0.010413053 0.999916971 0.007589076 -11.051725388 -0.039939597 -0.007167526 0.999176383 111.475532532
0.999122441 -0.011415140 0.040299468 6.883730888 0.011177155 0.999918759 0.006125743 -11.270288467 -0.040366121 -0.005669933 0.999168873 113.745178223
0.999081731 -0.011624417 0.041237392 7.063451290 0.011415876 0.999920845 0.005289000 -11.488965034 -0.041295610 -0.004813382 0.999135375 115.997322083
0.999043465 -0.012047890 0.042035978 7.246354103 0.011822327 0.999914348 0.005610431 -11.714144707 -0.042099975 -0.005108101 0.999100268 118.252296448
0.998995960 -0.012280279 0.043084636 7.430984497 0.012017379 0.999907553 0.006355732 -11.935777664 -0.043158714 -0.005831586 0.999051213 120.509437561
0.998971999 -0.013060740 0.043408737 7.628053188 0.012762671 0.999893069 0.007136674 -12.159896851 -0.043497305 -0.006575326 0.999031901 122.718864441
0.998921335 -0.014048194 0.044261403 7.826142788 0.013775533 0.999884248 0.006459292 -12.382636070 -0.044347018 -0.005842599 0.998999119 125.023674011
0.998889148 -0.014472416 0.044844721 8.009744644 0.014231338 0.999882460 0.005690470 -12.606870651 -0.044921808 -0.005045947 0.998977780 127.292984009
0.998876870 -0.016021883 0.044590794 8.199353218 0.015764033 0.999856949 0.006128277 -12.824515343 -0.044682603 -0.005418465 0.998986542 129.550888062
0.998909354 -0.017177237 0.043415181 8.390172005 0.016919408 0.999837041 0.006299173 -13.039177895 -0.043516319 -0.005557742 0.999037266 131.797393799
0.998951256 -0.017464466 0.042322345 8.588974953 0.017146451 0.999822080 0.007865540 -13.262384415 -0.042452183 -0.007131613 0.999073088 134.052398682
0.999014497 -0.018168755 0.040495526 8.776395798 0.017895723 0.999814689 0.007094646 -13.476112366 -0.040616922 -0.006362958 0.999154508 136.293212891
0.999084890 -0.018976023 0.038333371 8.983394623 0.018726122 0.999801099 0.006867828 -13.691909790 -0.038456067 -0.006143707 0.999241352 138.514114380
0.999072254 -0.019729063 0.038278244 9.145376205 0.019493619 0.999788761 0.006514272 -13.905110359 -0.038398676 -0.005762046 0.999245882 140.810485840
0.999051809 -0.019984828 0.038678255 9.304822922 0.019733367 0.999781668 0.006872250 -14.114031792 -0.038807154 -0.006102481 0.999228120 143.045089722
0.999110639 -0.019794468 0.037230294 9.496294022 0.019495979 0.999775052 0.008363445 -14.342927933 -0.037387460 -0.007630167 0.999271631 145.272125244
0.999124587 -0.018857433 0.037342116 9.665708542 0.018600803 0.999800980 0.007207962 -14.555924416 -0.037470620 -0.006507059 0.999276459 147.522003174
0.999149203 -0.017680617 0.037259933 9.837751389 0.017477794 0.999830604 0.005762342 -14.770318031 -0.037355505 -0.005106217 0.999288976 149.757354736
0.999157310 -0.016485082 0.037592176 10.009016037 0.016319446 0.999855757 0.004708697 -14.990515709 -0.037664387 -0.004091245 0.999282062 152.010391235
0.999166131 -0.015502998 0.037771937 10.188653946 0.015328174 0.999870360 0.004913607 -15.209759712 -0.037843220 -0.004330535 0.999274313 154.248809814
0.999145985 -0.015062345 0.038478047 10.365707397 0.014875272 0.999876082 0.005143504 -15.426853180 -0.038550761 -0.004566738 0.999246240 156.502136230
0.999158263 -0.013611163 0.038695272 10.537151337 0.013354479 0.999887109 0.006884288 -15.651320457 -0.038784605 -0.006361738 0.999227345 158.738922119
0.999117315 -0.013084067 0.039917111 10.716270447 0.012787669 0.999888778 0.007671672 -15.866207123 -0.040013056 -0.007154453 0.999173522 160.982498169
0.999083400 -0.011278207 0.041293066 10.872755051 0.010879913 0.999892175 0.009857616 -16.091564178 -0.041399788 -0.009399316 0.999098361 163.264358521
0.999050379 -0.010896596 0.042184573 11.053162575 0.010533839 0.999905646 0.008812029 -16.291732788 -0.042276621 -0.008359294 0.999071002 165.528350830
0.999020994 -0.010211282 0.043044478 11.244904518 0.009894799 0.999922454 0.007559109 -16.505331039 -0.043118332 -0.007125792 0.999044478 167.774215698
0.998947322 -0.008334571 0.045108996 11.427263260 0.007986704 0.999936998 0.007886439 -16.720155716 -0.045171872 -0.007517864 0.998950899 170.010223389
0.998827636 -0.008110785 0.047723982 11.608615875 0.007719499 0.999935031 0.008377558 -16.952215195 -0.047788836 -0.007999330 0.998825431 172.289169312
0.998715699 -0.008296623 0.049983662 11.807179451 0.007902593 0.999936163 0.008075626 -17.164005280 -0.050047461 -0.007670251 0.998717368 174.555984497
0.998641849 -0.008449269 0.051410176 12.014356613 0.008022611 0.999931633 0.008499819 -17.379064560 -0.051478483 -0.008075831 0.998641431 176.809646606
0.998582065 -0.009157800 0.052439831 12.217313766 0.008679689 0.999918759 0.009337830 -17.593261719 -0.052521084 -0.008869428 0.998580456 179.049148560
0.998514831 -0.010338180 0.053489577 12.408082008 0.009858225 0.999908864 0.009228998 -17.802503586 -0.053580113 -0.008687978 0.998525798 181.285690308
0.998579860 -0.010977882 0.052131854 12.626168251 0.010520059 0.999903679 0.009048357 -18.024063110 -0.052226160 -0.008487077 0.998599350 183.563781738
0.998588145 -0.012630412 0.051596485 12.836771011 0.012186725 0.999886096 0.008904791 -18.239891052 -0.051703073 -0.008263427 0.998628318 185.812881470
0.998590291 -0.014439553 0.051078077 13.048695564 0.013959569 0.999855042 0.009741361 -18.450115204 -0.051211338 -0.009014599 0.998647153 188.053329468
0.998588204 -0.015395690 0.050838724 13.250524521 0.014944105 0.999845564 0.009250876 -18.664234161 -0.050973289 -0.008478077 0.998664021 190.305465698
0.998558164 -0.016391456 0.051116616 13.450677872 0.015942765 0.999830902 0.009173281 -18.878711700 -0.051258333 -0.008345114 0.998650551 192.543029785
0.998539984 -0.017369680 0.051148109 13.650833130 0.016924871 0.999815226 0.009116861 -19.105466843 -0.051297013 -0.008237875 0.998649478 194.814086914
0.998561084 -0.017080512 0.050832253 13.863490105 0.016617605 0.999816656 0.009515218 -19.316749573 -0.050985456 -0.008656816 0.998661876 197.041854858
0.998581886 -0.015478661 0.050936174 14.075204849 0.014975345 0.999835372 0.010248172 -19.534362793 -0.051086415 -0.009470853 0.998649299 199.285675049
0.998588264 -0.012862662 0.051537160 14.273077011 0.012383474 0.999877155 0.009606517 -19.756626129 -0.051654398 -0.008954747 0.998624802 201.564193726
0.998559773 -0.012453238 0.052185677 14.481719971 0.012009525 0.999889076 0.008807584 -19.968267441 -0.052289572 -0.008168176 0.998598576 203.831390381
0.998507798 -0.012904877 0.053063661 14.678690910 0.012423517 0.999878705 0.009391217 -20.174755096 -0.053178415 -0.008717967 0.998547018 206.057586670
0.998513162 -0.014226863 0.052620247 14.910457611 0.013721884 0.999856412 0.009945525 -20.402364731 -0.052754179 -0.009208688 0.998565078 208.331176758
0.998440921 -0.014033627 0.054024022 15.112908363 0.013503651 0.999857187 0.010162596 -20.602706909 -0.054158915 -0.009417229 0.998487949 210.572143555
0.998382449 -0.014190985 0.055058070 15.335656166 0.013583883 0.999842882 0.011385231 -20.835695267 -0.055210996 -0.010618912 0.998418212 212.865631104
0.998337865 -0.012848354 0.056182213 15.571215630 0.012234631 0.999861836 0.011254168 -21.038551331 -0.056319054 -0.010548091 0.998357117 215.094436646
0.998133004 -0.011565441 0.059971835 15.764042854 0.010870092 0.999869943 0.011907963 -21.252250671 -0.060101755 -0.011233833 0.998129010 217.374313354
0.998007953 -0.011605794 0.062010992 15.990882874 0.010873888 0.999867320 0.012127302 -21.455270767 -0.062143493 -0.011428842 0.998001814 219.619354248
0.997883379 -0.013128313 0.063690066 16.224657059 0.012341048 0.999842644 0.012738609 -21.658868790 -0.063847281 -0.011925641 0.997888446 221.856826782
0.997780025 -0.014580407 0.064980224 16.455989838 0.013730926 0.999814570 0.013500381 -21.859628677 -0.065165006 -0.012578173 0.997795343 224.097991943
0.997710526 -0.016901236 0.065483592 16.705055237 0.016083186 0.999786139 0.012999604 -22.069387436 -0.065689281 -0.011916658 0.997768939 226.330245972
0.997665823 -0.018285928 0.065791175 16.943809509 0.017492168 0.999767363 0.012620774 -22.265699387 -0.066006653 -0.011440485 0.997753620 228.581741333
0.997626722 -0.018191738 0.066406377 17.181642532 0.017370639 0.999765635 0.012921302 -22.468660355 -0.066625886 -0.011737115 0.997708917 230.825714111
0.997578084 -0.019275157 0.066831604 17.425634384 0.018521525 0.999757886 0.011877966 -22.671510696 -0.067044355 -0.010611376 0.997693539 233.074020386
0.997535706 -0.020097200 0.067220926 17.667608261 0.019273691 0.999731302 0.012877060 -22.870870590 -0.067461647 -0.011549734 0.997654974 235.313598633
0.997551560 -0.019396827 0.067190394 17.944946289 0.018553130 0.999741256 0.013158200 -23.078166962 -0.067428239 -0.011879392 0.997653365 237.590469360
0.997515738 -0.019496024 0.067692399 18.183370590 0.018666623 0.999743104 0.012863442 -23.271047592 -0.067925796 -0.011567897 0.997623265 239.818466187
0.997481585 -0.019661112 0.068146117 18.426158905 0.018805910 0.999736428 0.013168475 -23.472826004 -0.068387061 -0.011853758 0.997588396 242.051452637
0.997440875 -0.020006115 0.068639658 18.668992996 0.019137450 0.999728560 0.013289770 -23.671411514 -0.068886906 -0.011942174 0.997552991 244.291320801
0.997401655 -0.020270770 0.069132701 18.913576126 0.019439157 0.999730587 0.012680953 -23.879020691 -0.069371127 -0.011304120 0.997527003 246.522094727
0.997423053 -0.019828703 0.068949506 19.169044495 0.019053105 0.999747813 0.011888414 -24.083032608 -0.069167875 -0.010544075 0.997549236 248.759368896
0.997390926 -0.020241259 0.069292992 19.419418335 0.019419838 0.999733150 0.012507501 -24.288158417 -0.069527663 -0.011129213 0.997517943 250.996200562
0.997357130 -0.021752181 0.069321945 19.669540405 0.020939443 0.999703467 0.012429321 -24.492143631 -0.069571748 -0.010944912 0.997516870 253.222167969
0.997338831 -0.021712137 0.069597796 19.921373367 0.020838339 0.999694943 0.013256538 -24.695949554 -0.069864400 -0.011770959 0.997487068 255.472640991
0.997315407 -0.022819929 0.069580406 20.163007736 0.021928398 0.999667764 0.013549971 -24.899585724 -0.069866501 -0.011987806 0.997484386 257.690093994
0.997298002 -0.022831487 0.069823653 20.429391861 0.021904374 0.999661803 0.014014932 -25.106361389 -0.070120029 -0.012447621 0.997460902 259.959747314
0.997262657 -0.022285031 0.070502304 20.678640366 0.021391250 0.999681294 0.013407086 -25.302909851 -0.070778608 -0.011862254 0.997421503 262.202301025
0.997245729 -0.022276694 0.070743769 20.937030792 0.021423027 0.999688506 0.012802985 -25.501234055 -0.071006924 -0.011252175 0.997412384 264.456695557
0.997218668 -0.021545552 0.071349263 21.195693970 0.020712158 0.999708593 0.012399829 -25.708375931 -0.071595632 -0.010887544 0.997374296 266.699890137
0.997178435 -0.020771060 0.072136462 21.450517654 0.019947343 0.999727607 0.012120647 -25.904033661 -0.072368562 -0.010647519 0.997321069 268.942749023
0.997031152 -0.020532072 0.074210480 21.693527222 0.019665519 0.999729872 0.012388973 -26.122123718 -0.074444816 -0.010892804 0.997165620 271.195434570
0.996946454 -0.021281037 0.075132146 21.965066910 0.020362718 0.999708652 0.012967770 -26.331367493 -0.075386234 -0.011398277 0.997089267 273.441833496
0.996745586 -0.021759020 0.077621214 22.205226898 0.020773210 0.999693274 0.013485268 -26.529909134 -0.077890836 -0.011828936 0.996891856 275.683685303
0.996616542 -0.021702355 0.079275332 22.472745895 0.020611681 0.999681771 0.014550612 -26.720928192 -0.079565890 -0.012867381 0.996746540 277.922485352
0.996569872 -0.020966485 0.080055624 22.755125046 0.019722583 0.999672651 0.016297314 -26.938568115 -0.080371112 -0.014662507 0.996657133 280.170043945
0.996470511 -0.020704508 0.081350058 23.033369064 0.019344792 0.999660254 0.017467236 -27.139923096 -0.081684075 -0.015831886 0.996532440 282.405822754
0.996417105 -0.019845949 0.082213685 23.312183380 0.018469507 0.999676824 0.017469207 -27.329645157 -0.082533814 -0.015888169 0.996461749 284.672302246
0.996287107 -0.018854868 0.084003575 23.572198868 0.017516321 0.999708056 0.016643090 -27.515647888 -0.084292859 -0.015109861 0.996326506 286.901397705
0.996264875 -0.017981550 0.084456377 23.851253510 0.016752506 0.999743521 0.015238602 -27.700744629 -0.084708720 -0.013766830 0.996310651 289.151031494
0.996192038 -0.018809853 0.085133739 24.122314453 0.017535599 0.999723077 0.015690835 -27.903503418 -0.085405305 -0.014138215 0.996245980 291.378448486
0.996126235 -0.018594794 0.085947707 24.386032104 0.017412147 0.999743342 0.014489418 -28.094429016 -0.086195089 -0.012936752 0.996194303 293.657226562
0.996148884 -0.019178126 0.085554689 24.669788361 0.018065605 0.999742150 0.013759003 -28.290302277 -0.085796505 -0.012160419 0.996238410 295.882232666
0.996148288 -0.019158173 0.085565813 24.951120377 0.018053547 0.999743581 0.013664977 -28.489513397 -0.085805677 -0.012067575 0.996238768 298.114318848
0.996144712 -0.018434748 0.085766993 25.230648041 0.017305285 0.999753714 0.013893946 -28.685756683 -0.086002007 -0.012356157 0.996218324 300.354095459
0.996096015 -0.018664924 0.086280406 25.492309570 0.017493881 0.999744475 0.014308846 -28.883644104 -0.086525440 -0.012743603 0.996168137 302.581573486
0.996094644 -0.019102436 0.086199731 25.779401779 0.017916739 0.999734163 0.014508029 -29.081703186 -0.086453952 -0.012906954 0.996172249 304.834686279
0.996066034 -0.018527081 0.086655356 26.066205978 0.017340630 0.999745607 0.014424436 -29.276340485 -0.086900540 -0.012865032 0.996133924 307.082580566
0.996079564 -0.019381672 0.086311921 26.354949951 0.018195683 0.999729216 0.014506360 -29.484489441 -0.086569697 -0.012878984 0.996162534 309.334899902
0.996034920 -0.020753229 0.086508870 26.640434265 0.019539706 0.999698699 0.014851016 -29.680103302 -0.086791016 -0.013101773 0.996140361 311.591857910
0.995993674 -0.020579305 0.087022640 26.923210144 0.019399555 0.999708354 0.014380913 -29.882514954 -0.087293215 -0.012635097 0.996102512 313.833007812
0.996015966 -0.020274285 0.086839080 27.215251923 0.019043444 0.999706388 0.014978947 -30.082418442 -0.087117299 -0.013265557 0.996109724 316.082641602
0.995964766 -0.018907502 0.087730557 27.497392654 0.017724674 0.999741495 0.014242101 -30.282154083 -0.087977126 -0.012629637 0.996042430 318.325195312
0.995968461 -0.017157063 0.088048257 27.779750824 0.015910570 0.999763250 0.014839295 -30.480545044 -0.088282019 -0.013378574 0.996005595 320.576385498
0.995903075 -0.015799498 0.089036085 28.056100845 0.014562501 0.999788463 0.014525752 -30.679546356 -0.089246750 -0.013169655 0.995922446 322.808288574
0.995848119 -0.014669812 0.089840323 28.332660675 0.013375135 0.999798238 0.014995989 -30.873596191 -0.090042166 -0.013732103 0.995843232 325.049865723
0.995831430 -0.014488997 0.090054803 28.626224518 0.013053508 0.999778509 0.016508747 -31.081779480 -0.090274066 -0.015264401 0.995799959 327.281768799
0.995799661 -0.015152207 0.090296634 28.910614014 0.013737377 0.999773204 0.016269660 -31.281505585 -0.090522669 -0.014960886 0.995781958 329.531250000
0.995813191 -0.016666023 0.089879856 29.213300705 0.015335139 0.999762535 0.015477729 -31.475282669 -0.090116471 -0.014034607 0.995832324 331.768554688
0.995819151 -0.016570419 0.089831471 29.502014160 0.015253273 0.999766171 0.015329190 -31.672897339 -0.090064466 -0.013894875 0.995838940 333.984466553
0.995799661 -0.016597809 0.090041950 29.789594650 0.015165552 0.999747753 0.016567511 -31.867452621 -0.090294227 -0.015132385 0.995800078 336.227447510
0.995849729 -0.017073963 0.089396678 30.094047546 0.015673848 0.999743640 0.016340472 -32.058795929 -0.089652769 -0.014871468 0.995862067 338.458312988
0.995856822 -0.016885186 0.089353830 30.379829407 0.015449053 0.999740481 0.016739763 -32.257961273 -0.089613296 -0.015289974 0.995859265 340.696472168
0.995917678 -0.017244717 0.088603735 30.678937912 0.015845183 0.999738753 0.016474616 -32.454544067 -0.088864692 -0.015003416 0.995930672 342.941711426
0.995921016 -0.017392289 0.088537142 30.965965271 0.015967365 0.999731779 0.016777022 -32.645111084 -0.088805184 -0.015294884 0.995931566 345.184661865
0.995970011 -0.017074838 0.088046134 31.252458572 0.015655929 0.999736607 0.016780959 -32.836486816 -0.088309467 -0.015334888 0.995975018 347.429016113
0.996029437 -0.017006341 0.087385349 31.540855408 0.015598170 0.999737680 0.016772205 -33.029735565 -0.087647647 -0.015342558 0.996033370 349.663269043
0.996017277 -0.016568627 0.087607361 31.822166443 0.015116790 0.999737620 0.017209683 -33.225547791 -0.087869510 -0.015816798 0.996006429 351.903076172
0.996069789 -0.016842157 0.086955659 32.107765198 0.015374213 0.999728262 0.017523717 -33.416439056 -0.087227166 -0.016117971 0.996058047 354.131072998
0.996078253 -0.016493462 0.086925946 32.385471344 0.015062798 0.999740481 0.017088767 -33.611133575 -0.087185256 -0.015712403 0.996068120 356.373474121
0.996114373 -0.016833749 0.086444981 32.669799805 0.015360896 0.999725699 0.017675100 -33.804168701 -0.086718813 -0.016278552 0.996099830 358.610626221
0.996183336 -0.016252298 0.085759237 32.960971832 0.014717165 0.999720514 0.018502554 -33.999698639 -0.086035974 -0.017169803 0.996144056 360.857757568
0.996229708 -0.016531089 0.085165076 33.247394562 0.015002253 0.999715209 0.018560344 -34.193614960 -0.085447632 -0.017212700 0.996193886 363.102569580
0.996273458 -0.016409069 0.084675804 33.535163879 0.014846940 0.999708354 0.019045277 -34.384811401 -0.084963642 -0.017717130 0.996226549 365.349212646
0.996315122 -0.016306985 0.084203206 33.819610596 0.014806824 0.999720812 0.018409878 -34.576725006 -0.084479913 -0.017095258 0.996278465 367.611602783
0.996334314 -0.016942360 0.083849624 34.097530365 0.015461090 0.999713242 0.018283736 -34.769676208 -0.084135354 -0.016920310 0.996310651 369.856689453
0.996326387 -0.016571121 0.084018335 34.367748260 0.015147918 0.999731302 0.017548520 -34.956737518 -0.084286541 -0.016211350 0.996309698 372.114013672
0.996399939 -0.016981490 0.083059222 34.656101227 0.015592245 0.999727964 0.017346159 -35.150806427 -0.083331190 -0.015988627 0.996393621 374.359100342
0.996522129 -0.016900318 0.081596673 34.948139191 0.015514380 0.999724925 0.017589515 -35.337738037 -0.081871495 -0.016262420 0.996510148 376.603149414
0.996397972 -0.016502518 0.083179213 35.203990936 0.015023490 0.999718249 0.018375952 -35.532081604 -0.083459042 -0.017060118 0.996365190 378.860595703
0.996391773 -0.017134763 0.083125301 35.478755951 0.015640490 0.999704778 0.018594205 -35.724754333 -0.083419375 -0.017226996 0.996365547 381.098937988
0.996406198 -0.017061682 0.082966775 35.762416840 0.015565655 0.999705017 0.018645141 -35.911102295 -0.083260432 -0.017286707 0.996377826 383.357421875
0.996423185 -0.016070481 0.082960956 36.044265747 0.014542663 0.999713957 0.018987715 -36.105915070 -0.083242357 -0.017713329 0.996371984 385.611480713
0.996424198 -0.014865997 0.083175041 36.318801880 0.013333847 0.999731600 0.018946085 -36.288181305 -0.083434395 -0.017769292 0.996354818 387.869934082
0.996448040 -0.013737970 0.083081529 36.604656219 0.012203142 0.999745846 0.018953465 -36.484611511 -0.083320819 -0.017872285 0.996362507 390.140228271
0.996437550 -0.012389095 0.083418004 36.877777100 0.010850655 0.999763072 0.018870711 -36.677364349 -0.083632022 -0.017898347 0.996335983 392.417785645
0.996472538 -0.011232081 0.083164714 37.160179138 0.009585069 0.999750495 0.020177072 -36.866134644 -0.083370581 -0.019308757 0.996331513 394.681030273
0.996409595 -0.010132084 0.084055260 37.429347992 0.008425621 0.999751627 0.020631608 -37.056205750 -0.084243439 -0.019849313 0.996247470 396.944396973
0.996353567 -0.009790698 0.084755771 37.705677032 0.008189674 0.999781787 0.019216962 -37.253410339 -0.084925421 -0.018452767 0.996216416 399.208435059
0.996335089 -0.009204673 0.085038252 37.993232727 0.007638260 0.999795437 0.018727129 -37.445621490 -0.085193239 -0.018008951 0.996201634 401.486633301
0.996210098 -0.011057212 0.086273670 38.252494812 0.009379967 0.999759495 0.019822188 -37.635780334 -0.086472094 -0.018937817 0.996074200 403.747222900
0.996156394 -0.012615157 0.086679138 38.534221649 0.010837100 0.999721706 0.020953171 -37.826255798 -0.086919345 -0.019933283 0.996015847 405.999694824
0.996098757 -0.013650171 0.087183036 38.809104919 0.011843467 0.999704897 0.021206882 -38.014572144 -0.087446786 -0.020091603 0.995966554 408.261566162
0.996111751 -0.013631131 0.087037109 39.115459442 0.011924856 0.999726951 0.020093938 -38.201625824 -0.087287225 -0.018977907 0.996002436 410.534912109
0.995983243 -0.011029606 0.088856936 39.393772125 0.009253151 0.999749482 0.020379480 -38.395507812 -0.089059465 -0.019475415 0.995835900 412.786682129
0.995904207 -0.009969709 0.089863203 39.672187805 0.008184473 0.999762177 0.020212810 -38.585948944 -0.090043344 -0.019394541 0.995748937 415.028839111
0.995826066 -0.008860433 0.090840042 39.967933655 0.007038768 0.999767959 0.020354327 -38.776096344 -0.090999328 -0.019629966 0.995657384 417.295776367
0.995736659 -0.009004429 0.091800705 40.259708405 0.007169353 0.999768257 0.020299995 -38.964237213 -0.091962218 -0.019555299 0.995570481 419.544860840
0.995640337 -0.008855534 0.092854209 40.547573090 0.007000447 0.999769688 0.020285217 -39.149681091 -0.093012482 -0.019546758 0.995473027 421.798797607
0.995572269 -0.009770901 0.093489461 40.834465027 0.007930598 0.999767721 0.020035941 -39.337520599 -0.093663529 -0.019205799 0.995418668 424.044281006
0.995512724 -0.010006974 0.094096251 41.131278992 0.008051105 0.999744058 0.021142567 -39.524509430 -0.094283752 -0.020290116 0.995338500 426.310363770
0.995474875 -0.009367807 0.094562091 41.427886963 0.007364104 0.999741316 0.021516068 -39.711105347 -0.094739214 -0.020722337 0.995286405 428.565704346
0.995419621 -0.008658142 0.095209032 41.733821869 0.006544197 0.999725580 0.022493068 -39.900932312 -0.095377654 -0.021766976 0.995203137 430.848571777
0.995353639 -0.008538838 0.095907256 42.033226013 0.006402019 0.999724805 0.022565722 -40.086303711 -0.096073553 -0.021846872 0.995134473 433.120727539
0.995335817 -0.009212674 0.096029870 42.347858429 0.007126368 0.999731541 0.022045977 -40.279876709 -0.096207179 -0.021258803 0.995134294 435.388153076
0.995290697 -0.008289828 0.096579395 42.646247864 0.006138423 0.999726832 0.022551877 -40.462516785 -0.096739963 -0.021852827 0.995069683 437.651641846
0.995249510 -0.008395969 0.096994221 42.954311371 0.006188559 0.999715447 0.023036614 -40.647819519 -0.097160041 -0.022326926 0.995018244 439.941864014
0.995320141 -0.008491594 0.096257992 43.276237488 0.006274590 0.999708533 0.023311257 -40.831905365 -0.096427895 -0.022598181 0.995083332 442.214172363
0.995251119 -0.008039821 0.097007215 43.573722839 0.005717976 0.999691069 0.024189087 -41.021625519 -0.097171731 -0.023519533 0.994989693 444.504028320
0.995225966 -0.008685683 0.097210370 43.884578705 0.006391163 0.999694109 0.023890210 -41.196735382 -0.097388133 -0.023154870 0.994976997 446.774414062
0.995223701 -0.008589583 0.097241983 44.195304871 0.006315571 0.999699891 0.023668766 -41.382747650 -0.097416118 -0.022941584 0.994979203 449.039093018
0.995191753 -0.007560573 0.097652256 44.501186371 0.005306296 0.999713838 0.023323858 -41.567916870 -0.097800642 -0.022693541 0.994947255 451.293273926
0.995167732 -0.006862191 0.097949423 44.813308716 0.004630661 0.999724925 0.022991639 -41.754817963 -0.098080255 -0.022426970 0.994925797 453.562652588
0.995098054 -0.006401931 0.098685607 45.119670868 0.004125151 0.999720991 0.023257846 -41.933624268 -0.098806962 -0.022736751 0.994846761 455.837310791
0.995059609 -0.006993789 0.099032499 45.420692444 0.004727965 0.999722064 0.023095831 -42.125343323 -0.099166483 -0.022513503 0.994816124 458.108856201
0.995056629 -0.005853191 0.099135891 45.740058899 0.003675563 0.999748170 0.022134505 -42.307144165 -0.099240482 -0.021660706 0.994827688 460.401702881
0.995072126 -0.005640273 0.098993301 46.053955078 0.003373918 0.999728620 0.023046535 -42.498733521 -0.099096425 -0.022598967 0.994821191 462.680175781
0.995072246 -0.004685229 0.099041313 46.368778229 0.002309070 0.999707162 0.024092617 -42.678493500 -0.099125169 -0.023745209 0.994791627 464.963134766
0.995106280 -0.004537581 0.098705955 46.670913696 0.002148125 0.999702513 0.024300631 -42.854034424 -0.098786846 -0.023969682 0.994819880 467.220672607
0.995210946 -0.004401867 0.097651370 46.992038727 0.002141594 0.999727666 0.023239113 -43.033855438 -0.097727068 -0.022918690 0.994949341 469.505096436
0.995283961 -0.004709130 0.096889861 47.313438416 0.002511621 0.999737084 0.022789961 -43.220420837 -0.096971713 -0.022439133 0.995034158 471.801513672
0.995343864 -0.005376271 0.096237525 47.620220184 0.003093458 0.999710679 0.023854109 -43.407936096 -0.096337929 -0.023445334 0.995072544 474.081604004
0.995340168 -0.005607524 0.096262939 47.915546417 0.003281634 0.999699295 0.024303174 -43.594249725 -0.096370272 -0.023874030 0.995059192 476.353485107
0.995391846 -0.005455008 0.095735766 48.229736328 0.003176365 0.999708414 0.023937657 -43.767780304 -0.095838420 -0.023523258 0.995118916 478.652709961
0.995436370 -0.005137844 0.095288649 48.541698456 0.002854003 0.999705732 0.024088416 -43.943962097 -0.095384382 -0.023706533 0.995158195 480.934539795
0.995491982 -0.005565456 0.094682239 48.859111786 0.003237688 0.999689102 0.024720931 -44.128101349 -0.094790399 -0.024302937 0.995200515 483.204040527
0.995530367 -0.005887683 0.094259717 49.152362823 0.003637016 0.999704599 0.024031317 -44.317810059 -0.094373390 -0.023581078 0.995257556 485.561370850
0.995570719 -0.006087309 0.093818940 49.459636688 0.003764095 0.999682426 0.024919840 -44.505649567 -0.093940832 -0.024456315 0.995277345 487.840148926
0.995608926 -0.005810564 0.093428932 49.743412018 0.003539223 0.999694586 0.024458233 -44.676109314 -0.093542494 -0.024020173 0.995325446 490.075042725
0.995627582 -0.005403922 0.093255140 50.047798157 0.003099130 0.999686599 0.024842072 -44.853565216 -0.093360156 -0.024444442 0.995332301 492.383270264
0.995685160 -0.004666137 0.092678592 50.355949402 0.002340653 0.999680102 0.025184786 -45.031047821 -0.092766441 -0.024859188 0.995377541 494.671539307
0.995683551 -0.003821380 0.092733629 50.642841339 0.001550943 0.999697506 0.024543149 -45.205253601 -0.092799366 -0.024293385 0.995388448 496.969177246
0.995697439 -0.003674482 0.092591137 50.952972412 0.001427133 0.999703050 0.024326291 -45.397636414 -0.092653029 -0.024089485 0.995406985 499.290222168
0.995723724 -0.003713439 0.092306256 51.247428894 0.001424408 0.999690115 0.024851756 -45.575592041 -0.092369929 -0.024614001 0.995420456 501.585876465
0.995751381 -0.003295119 0.092023507 51.552215576 0.000969103 0.999679208 0.025309579 -45.759254456 -0.092077389 -0.025112873 0.995435119 503.866333008
0.995794296 -0.002601083 0.091580406 51.852962494 0.000366969 0.999702096 0.024403499 -45.937538147 -0.091616608 -0.024267260 0.995498538 506.161804199
0.995747864 -0.001828633 0.092102341 52.136718750 -0.000526596 0.999673665 0.025541075 -46.126338959 -0.092118971 -0.025480973 0.995421946 508.446136475
0.995755076 -0.002145518 0.092017606 52.431331635 -0.000146475 0.999689996 0.024894213 -46.316223145 -0.092042491 -0.024802020 0.995446265 510.753295898
0.995819807 -0.002311458 0.091310225 52.743347168 -0.000030711 0.999671161 0.025640959 -46.502418518 -0.091339484 -0.025536578 0.995492339 513.046386719
0.995804250 -0.002144174 0.091484033 53.037231445 -0.000207015 0.999670088 0.025683323 -46.675819397 -0.091508910 -0.025594499 0.995475292 515.356445312
0.995832205 -0.001808465 0.091186218 53.335979462 -0.000518718 0.999674916 0.025491061 -46.857254028 -0.091202676 -0.025432115 0.995507538 517.664916992
0.995806575 -0.000671673 0.091481134 53.622009277 -0.001650803 0.999678254 0.025309445 -47.038814545 -0.091468714 -0.025354331 0.995485127 519.958190918
0.995729446 0.000322370 0.092319027 53.911209106 -0.002692669 0.999669790 0.025551673 -47.231307983 -0.092280328 -0.025691135 0.995401561 522.317626953
0.995572925 0.002494550 0.093959056 54.194011688 -0.004927749 0.999658167 0.025673267 -47.409503937 -0.093862906 -0.026022613 0.995244980 524.642517090
0.995558858 0.003061298 0.094091222 54.499969482 -0.005640119 0.999615371 0.027153967 -47.590423584 -0.093971916 -0.027564054 0.995193183 526.959472656
0.995484531 0.002618035 0.094886497 54.794708252 -0.005205825 0.999620855 0.027035205 -47.769168854 -0.094779752 -0.027407095 0.995120943 529.263000488
0.995446205 0.000551454 0.095322967 55.097824097 -0.003274541 0.999590933 0.028412899 -47.945274353 -0.095268309 -0.028595658 0.995040834 531.565002441
0.995416641 -0.001238323 0.095624603 55.418659210 -0.001476532 0.999597967 0.028314782 -48.124004364 -0.095621228 -0.028326198 0.995014668 533.879150391
0.995367408 -0.001327642 0.096135356 55.722690582 -0.001346402 0.999614060 0.027745193 -48.299140930 -0.096135095 -0.027746098 0.994981527 536.184204102
0.995287359 -0.001617940 0.096955501 56.033630371 -0.001045828 0.999623477 0.027417030 -48.474720001 -0.096963353 -0.027389217 0.994911134 538.496704102
0.995221555 -0.000938005 0.097636618 56.347091675 -0.001684231 0.999640107 0.026771212 -48.654327393 -0.097626582 -0.026807735 0.994862020 540.814453125
0.995128453 -0.000514521 0.098584950 56.649269104 -0.002153545 0.999634266 0.026955297 -48.842304230 -0.098562784 -0.027036292 0.994763434 543.123901367
0.995046735 -0.000277732 0.099407881 56.961360931 -0.002303501 0.999663174 0.025850354 -49.019821167 -0.099381588 -0.025951294 0.994710863 545.441284180
0.994928300 -0.000343181 0.100586094 57.268527985 -0.002343505 0.999643743 0.026590936 -49.199214935 -0.100559376 -0.026691802 0.994572878 547.755004883
0.994841993 -0.000719690 0.101434216 57.572036743 -0.002092400 0.999616385 0.027614165 -49.380485535 -0.101415187 -0.027683973 0.994458914 550.038330078
0.994772255 -0.000926729 0.102113873 57.886478424 -0.001921593 0.999611914 0.027791681 -49.557804108 -0.102100015 -0.027842615 0.994384408 552.337524414
0.994813204 -0.002206380 0.101694867 58.217761993 -0.000522344 0.999640703 0.026798036 -49.732021332 -0.101717450 -0.026712155 0.994454563 554.645080566
0.994816363 -0.002369191 0.101659961 58.547061920 -0.000429358 0.999621689 0.027497828 -49.913230896 -0.101686642 -0.027398933 0.994439244 556.963256836
0.994745016 -0.002028969 0.102363326 58.864688873 -0.000858908 0.999603152 0.028160064 -50.091510773 -0.102379829 -0.028100003 0.994348407 559.271240234
0.994708002 -0.001425031 0.102731794 59.190555573 -0.001593043 0.999569654 0.029290171 -50.267765045 -0.102729298 -0.029298821 0.994277894 561.603759766
0.994708478 -0.002593497 0.102704488 59.524276733 -0.000495520 0.999548554 0.030039813 -50.447402954 -0.102736033 -0.029931752 0.994258165 563.935180664
0.994672239 -0.001917112 0.103070185 59.853038788 -0.001264930 0.999524772 0.030798357 -50.616706848 -0.103080250 -0.030764649 0.994197190 566.251892090
0.994612217 -0.000885656 0.103661172 60.186576843 -0.002253117 0.999542594 0.030158134 -50.791698456 -0.103640467 -0.030229213 0.994155288 568.572814941
0.994621813 -0.000070146 0.103574656 60.528678894 -0.002923024 0.999582469 0.028746603 -50.962905884 -0.103533447 -0.028894749 0.994206131 570.908630371
0.994575679 0.000057941 0.104015760 60.867263794 -0.003107813 0.999569952 0.029159414 -51.140190125 -0.103969365 -0.029324507 0.994148076 573.230712891
0.994549632 0.000337482 0.104263544 61.195205688 -0.003525527 0.999531746 0.030394016 -51.325542450 -0.104204476 -0.030595941 0.994085133 575.616699219
0.994525969 0.000216855 0.104490072 61.533164978 -0.003594613 0.999476910 0.032138884 -51.507682800 -0.104428470 -0.032338556 0.994006455 577.929565430
0.994418681 0.000705036 0.105503760 61.848464966 -0.003933037 0.999530315 0.030391151 -51.683074951 -0.105432779 -0.030636478 0.993954539 580.324340820
0.994480193 0.000119060 0.104925297 62.192237854 -0.003323699 0.999533296 0.030367777 -51.850135803 -0.104872704 -0.030548893 0.994016290 582.662170410
0.994460583 -0.001092950 0.105103798 62.532138824 -0.002252573 0.999494672 0.031706691 -52.030895233 -0.105085351 -0.031767804 0.993955672 584.990722656
0.994534254 -0.001029125 0.104405329 62.873287201 -0.002269842 0.999502003 0.031473953 -52.196899414 -0.104385726 -0.031538904 0.994036674 587.309753418
0.994460106 -0.003558472 0.105054237 63.216354370 0.000324211 0.999525905 0.030787615 -52.378551483 -0.105113991 -0.030583000 0.993989825 589.678466797
0.994491339 -0.003892577 0.104746513 63.562255859 0.000672281 0.999526501 0.030761473 -52.544666290 -0.104816668 -0.030521598 0.994023025 592.029541016
0.994472206 -0.005566214 0.104852110 63.893093109 0.002287979 0.999505460 0.031359695 -52.717437744 -0.104974799 -0.030946447 0.993993282 594.366638184
0.994508922 -0.006005773 0.104478590 64.239089966 0.002703562 0.999493122 0.031719543 -52.888816833 -0.104616143 -0.031262893 0.994021177 596.717956543
