1.000000000 0.000000000 0.000000000 0.000000000 0.000000000 1.000000000 0.000000000 0.000000000 0.000000000 0.000000000 1.000000000 0.000000000
0.999999940 -0.000130237 0.000282799 0.088931762 0.000130302 0.999999940 -0.000229229 -0.226149574 -0.000282769 0.000229265 0.999999940 2.284934044
0.999999464 0.000110497 0.001017773 0.168531835 -0.000110729 0.999999881 0.000227501 -0.464125246 -0.001017748 -0.000227614 0.999999464 4.580848217
0.999998868 -0.000123347 0.001495695 0.267766684 0.000122526 0.999999821 0.000548717 -0.696629524 -0.001495762 -0.000548533 0.999998748 6.867029667
0.999997079 -0.000134162 0.002405689 0.360805452 0.000136973 0.999999285 -0.001168355 -0.928532481 -0.002405530 0.001168681 0.999996424 9.158799171
0.999988735 0.001639722 0.004451163 0.451645166 -0.001640402 0.999998629 0.000149053 -1.163615942 -0.004450914 -0.000156353 0.999990046 11.463859558
0.999971569 0.003589235 0.006628969 0.556440353 -0.003599547 0.999992311 0.001544421 -1.398311973 -0.006623375 -0.001568238 0.999976814 13.746129036
0.999951303 0.003397687 0.009266726 0.658506632 -0.003437481 0.999984920 0.004281762 -1.628219843 -0.009252039 -0.004313407 0.999947906 16.023923874
0.999945343 0.003658535 0.009796230 0.759283781 -0.003714697 0.999976754 0.005720964 -1.859841585 -0.009775070 -0.005757042 0.999935627 18.310678482
0.999924302 0.002937701 0.011951627 0.860081971 -0.003008910 0.999977827 0.005944497 -2.084276438 -0.011933900 -0.005980008 0.999910831 20.605491638
0.999930322 0.000278359 0.011799923 0.984018445 -0.000315166 0.999995112 0.003117501 -2.303633451 -0.011798996 -0.003121003 0.999925494 22.900032043
0.999913514 -0.001960444 0.013002990 1.085015774 0.001949665 0.999997735 0.000841670 -2.519897938 -0.013004609 -0.000816245 0.999915063 25.183061600
0.999918580 -0.003022838 0.012396250 1.223291397 0.003021067 0.999995410 0.000161538 -2.769693136 -0.012396684 -0.000124075 0.999923170 27.465970993
0.999900103 -0.002664489 0.013875707 1.322903156 0.002676072 0.999996126 -0.000816322 -2.994513273 -0.013873479 0.000853373 0.999903381 29.753345490
0.999899507 -0.000525016 0.014162082 1.453064442 0.000500194 0.999998271 0.001756170 -3.225930929 -0.014162981 -0.001748910 0.999898195 32.021427155
0.999897361 0.001532810 0.014244635 1.582948208 -0.001587752 0.999991357 0.003846543 -3.445876598 -0.014238614 -0.003868765 0.999891222 34.302684784
0.999861956 0.003393832 0.016264029 1.690712810 -0.003522241 0.999962807 0.007873194 -3.676429272 -0.016236706 -0.007929394 0.999836683 36.610664368
0.999849617 0.005151125 0.016553307 1.814388514 -0.005273763 0.999958932 0.007373515 -3.894650221 -0.016514646 -0.007459706 0.999835789 38.882038116
0.999807298 0.004652376 0.019072546 1.907387257 -0.004765698 0.999971151 0.005900439 -4.097838402 -0.019044546 -0.005990195 0.999800682 41.169025421
0.999817371 0.002324431 0.018971840 2.035808325 -0.002407673 0.999987602 0.004365925 -4.319865704 -0.018961459 -0.004410804 0.999810517 43.447898865
0.999827147 0.001667153 0.018523082 2.177970648 -0.001744316 0.999989867 0.004150378 -4.554061413 -0.018515976 -0.004181970 0.999819815 45.703533173
0.999822915 0.000929324 0.018796239 2.301991463 -0.000988432 0.999994576 0.003135639 -4.782616138 -0.018793227 -0.003153662 0.999818444 47.973117828
0.999826610 -0.000645858 0.018615026 2.440407991 0.000580514 0.999993682 0.003515485 -5.010795116 -0.018617179 -0.003504069 0.999820530 50.256401062
0.999807596 -0.001257939 0.019574450 2.568561077 0.001181792 0.999991715 0.003901219 -5.233618259 -0.019579200 -0.003877336 0.999800801 52.520217896
0.999802828 -0.002531394 0.019692525 2.704996586 0.002455150 0.999989331 0.003894961 -5.462558746 -0.019702176 -0.003845844 0.999798536 54.801292419
0.999775231 -0.002859682 0.021006575 2.833691120 0.002766859 0.999986291 0.004446503 -5.695883274 -0.021019002 -0.004387381 0.999769449 57.084552765
0.999764740 -0.004367976 0.021245405 2.975591660 0.004262747 0.999978542 0.004995738 -5.919377804 -0.021266770 -0.004903999 0.999761760 59.351963043
0.999718428 -0.005660743 0.023045039 3.096914291 0.005558942 0.999974489 0.004479133 -6.144051075 -0.023069810 -0.004349765 0.999724329 61.620223999
0.999695659 -0.006298698 0.023851421 3.243329048 0.006195145 0.999971092 0.004413033 -6.368269920 -0.023878528 -0.004263928 0.999705732 63.871730804
0.999664307 -0.005823431 0.025246076 3.382274866 0.005700223 0.999971509 0.004949524 -6.589365482 -0.025274176 -0.004803952 0.999669135 66.138420105
0.999637783 -0.005037503 0.026437815 3.526851654 0.004901455 0.999974430 0.005208251 -6.813869953 -0.026463376 -0.005076780 0.999636889 68.393745422
0.999600351 -0.005202245 0.027786169 3.665555954 0.005067743 0.999975085 0.004908826 -7.037221432 -0.027811019 -0.004766051 0.999601841 70.645217896
0.999585629 -0.005974540 0.028155673 3.827198267 0.005875746 0.999976218 0.003590312 -7.258961678 -0.028176451 -0.003423388 0.999597251 72.896690369
0.999574184 -0.006900382 0.028350843 3.990085363 0.006788915 0.999968767 0.004026050 -7.485422611 -0.028377743 -0.003831864 0.999589920 75.176811218
0.999526381 -0.008138136 0.029679833 4.149153233 0.008037022 0.999961436 0.003524490 -7.715869904 -0.029707374 -0.003284284 0.999553204 77.440834045
0.999510050 -0.008948257 0.029993782 4.298263550 0.008847269 0.999954760 0.003497987 -7.942580700 -0.030023729 -0.003230910 0.999543965 79.678718567
0.999478757 -0.009403924 0.030885465 4.446571350 0.009306885 0.999951303 0.003284129 -8.160734177 -0.030914843 -0.002994969 0.999517560 81.933418274
0.999467075 -0.008631359 0.031481147 4.623658180 0.008538512 0.999958813 0.003082600 -8.388134003 -0.031506453 -0.002812155 0.999499559 84.204528809
0.999419987 -0.008369790 0.033007234 4.781897545 0.008261409 0.999960005 0.003418575 -8.604179382 -0.033034526 -0.003143906 0.999449313 86.458938599
0.999419451 -0.007951509 0.033127002 4.948951721 0.007791019 0.999957323 0.004970969 -8.842696190 -0.033165112 -0.004709989 0.999438763 88.745346069
0.999389648 -0.007021744 0.034223817 5.107942581 0.006828887 0.999960184 0.005748833 -9.070096016 -0.034262825 -0.005511613 0.999397635 91.000625610
0.999372840 -0.007059962 0.034697842 5.278650284 0.006870986 0.999960899 0.005562562 -9.288831711 -0.034735754 -0.005320665 0.999382377 93.249870300
0.999357760 -0.007117383 0.035119448 5.447556973 0.006941729 0.999962807 0.005121023 -9.506344795 -0.035154592 -0.004873946 0.999369919 95.507408142
0.999325871 -0.007470843 0.035943326 5.613304138 0.007287645 0.999959767 0.005225141 -9.723679543 -0.035980906 -0.004959676 0.999340177 97.762687683
0.999287009 -0.007193306 0.037063144 5.772607327 0.007018956 0.999963701 0.004832106 -9.953571320 -0.037096549 -0.004568516 0.999301255 100.000320435
0.999209940 -0.007187451 0.039085314 5.922416687 0.006961138 0.999958217 0.005923204 -10.168807983 -0.039126247 -0.005646446 0.999218345 102.219459534
0.999221921 -0.007800003 0.038660049 6.125376701 0.007583717 0.999954700 0.005738033 -10.387588501 -0.038703062 -0.005440380 0.999235928 104.476745605
0.999184132 -0.008357693 0.039512429 6.300132751 0.008108677 0.999946296 0.006458287 -10.601877213 -0.039564282 -0.006132625 0.999198198 106.707145691
0.999153674 -0.009747809 0.039960857 6.483203888 0.009488045 0.999932647 0.006684946 -10.816253662 -0.040023334 -0.006300138 0.999178886 108.954559326
0.999105692 -0.010850977 0.040867127 6.661108017 0.010544999 0.999914706 0.007695326 -11.040659904 -0.040947143 -0.007257498 0.999134898 111.200080872
0.999086976 -0.011691649 0.041090630 6.851871967 0.011440617 0.999914467 0.006339105 -11.258444786 -0.041161221 -0.005863215 0.999135256 113.458259583
0.999042690 -0.012199079 0.042008799 7.033069611 0.011986862 0.999914110 0.005299917 -11.472978592 -0.042069841 -0.004791290 0.999103189 115.699806213
0.999017179 -0.012434104 0.042545002 7.212371826 0.012187364 0.999907434 0.006053984 -11.699377060 -0.042616338 -0.005529524 0.999076188 117.927925110
0.998977900 -0.012764581 0.043361861 7.403482437 0.012487892 0.999899924 0.006645833 -11.914928436 -0.043442354 -0.006097542 0.999037325 120.178276062
0.998933554 -0.013226097 0.044235535 7.595600128 0.012936448 0.999893129 0.006827748 -12.132781982 -0.044321112 -0.006248218 0.998997808 122.414924622
0.998890162 -0.013920282 0.044996940 7.789611340 0.013627854 0.999884009 0.006799097 -12.353775024 -0.045086369 -0.006178339 0.998963952 124.655830383
0.998863995 -0.014464785 0.045404073 7.978097916 0.014209838 0.999881387 0.005932808 -12.575708389 -0.045484506 -0.005280884 0.998951077 126.910842896
0.998845458 -0.015998177 0.045296736 8.169247627 0.015728632 0.999856472 0.006300845 -12.792161942 -0.045391042 -0.005581116 0.998953700 129.166946411
0.998865843 -0.016976099 0.044482626 8.358576775 0.016693272 0.999837935 0.006721973 -13.007347107 -0.044589531 -0.005971788 0.998987556 131.416152954
0.998928130 -0.017353222 0.042912219 8.559142113 0.017026503 0.999823213 0.007967588 -13.225234985 -0.043042894 -0.007228401 0.999047041 133.648956299
0.998973548 -0.018394951 0.041393489 8.748188972 0.018080594 0.999804854 0.007955975 -13.451004028 -0.041531760 -0.007199392 0.999111235 135.905242920
0.999054372 -0.019203125 0.039009266 8.956823349 0.018932873 0.999794245 0.007285489 -13.658828735 -0.039141145 -0.006540043 0.999212325 138.122817993
0.999037147 -0.019981656 0.039057985 9.131175995 0.019709073 0.999778748 0.007351632 -13.877080917 -0.039196234 -0.006574757 0.999209881 140.402572632
0.999032021 -0.020196078 0.039078169 9.302418709 0.019913569 0.999772787 0.007605175 -14.085940361 -0.039222892 -0.006819628 0.999207139 142.632705688
0.999064267 -0.020223968 0.038230985 9.484283447 0.019896954 0.999762297 0.008914860 -14.307806015 -0.038402185 -0.008145836 0.999229133 144.849990845
0.999080420 -0.019338595 0.038270485 9.658874512 0.019053884 0.999788105 0.007790258 -14.520710945 -0.038413033 -0.007053893 0.999237061 147.094879150
0.999102235 -0.017956888 0.038369454 9.836165428 0.017727412 0.999822855 0.006312712 -14.738036156 -0.038476020 -0.005626853 0.999243677 149.346817017
0.999119282 -0.016647438 0.038515873 10.014144897 0.016443258 0.999849021 0.005611850 -14.960023880 -0.038603485 -0.004973580 0.999242365 151.591445923
0.999127924 -0.015867583 0.038620915 10.197134972 0.015658902 0.999861121 0.005699922 -15.175119400 -0.038705997 -0.005090191 0.999237657 153.827117920
0.999128342 -0.014921050 0.038986865 10.378355026 0.014692719 0.999873221 0.006136536 -15.390068054 -0.039073482 -0.005558364 0.999220848 156.081253052
0.999128520 -0.014045554 0.039305773 10.554575920 0.013767971 0.999878347 0.007323915 -15.604586601 -0.039403863 -0.006776372 0.999200404 158.307403564
0.999090493 -0.013268506 0.040523857 10.733787537 0.012944256 0.999882162 0.008253406 -15.819018364 -0.040628590 -0.007721347 0.999144614 160.538894653
0.999059260 -0.012302134 0.041582607 10.898057938 0.011917452 0.999884009 0.009486285 -16.029478073 -0.041694481 -0.008981801 0.999090016 162.818923950
0.999034703 -0.011922811 0.042279124 11.078747749 0.011576670 0.999897540 0.008422457 -16.228855133 -0.042375211 -0.007924874 0.999070346 165.065338135
0.998997271 -0.011255570 0.043333057 11.268541336 0.010948618 0.999913275 0.007314409 -16.443351746 -0.043411631 -0.006832636 0.999033928 167.304595947
0.998925447 -0.009372119 0.045389470 11.448401451 0.009044006 0.999931514 0.007428819 -16.654613495 -0.045455988 -0.007010333 0.998941779 169.537231445
0.998804808 -0.008954766 0.048049588 11.625339508 0.008572303 0.999929905 0.008159923 -16.884757996 -0.048119292 -0.007738275 0.998811603 171.798141479
0.998691976 -0.009199895 0.050296091 11.826467514 0.008827129 0.999931872 0.007628548 -17.094177246 -0.050362848 -0.007174598 0.998705208 174.061706543
0.998607874 -0.009136370 0.051949650 12.028175354 0.008703430 0.999925494 0.008553934 -17.316808701 -0.052023921 -0.008089886 0.998613060 176.308349609
0.998562157 -0.009540931 0.052750178 12.228034973 0.009045045 0.999912739 0.009631386 -17.528615952 -0.052837458 -0.009140410 0.998561263 178.530990601
0.998551607 -0.011236085 0.052614849 12.436012268 0.010763725 0.999899268 0.009252440 -17.745876312 -0.052713517 -0.008672707 0.998571932 180.784271240
0.998516440 -0.012159225 0.053075705 12.635039330 0.011722502 0.999894857 0.008531901 -17.950353622 -0.053173866 -0.007897063 0.998554051 183.028854370
0.998578250 -0.013198165 0.051644769 12.852754593 0.012741906 0.999876916 0.009153862 -18.176795959 -0.051759236 -0.008482797 0.998623490 185.253372192
0.998589277 -0.015064270 0.050915968 13.061824799 0.014571532 0.999843478 0.010034883 -18.391965866 -0.051059168 -0.009278803 0.998652458 187.501174927
0.998610616 -0.015941782 0.050225936 13.269339561 0.015481487 0.999834538 0.009540294 -18.598773956 -0.050369717 -0.008749466 0.998692274 189.745956421
0.998557448 -0.017051602 0.050914612 13.465302467 0.016580688 0.999815881 0.009657157 -18.821620941 -0.051069915 -0.008799026 0.998656332 191.986114502
0.998533487 -0.018730830 0.050792277 13.661054611 0.018290268 0.999791086 0.009124869 -19.032758713 -0.050952584 -0.008182485 0.998667538 194.225448608
0.998568177 -0.017822392 0.050438121 13.862191200 0.017361961 0.999803662 0.009552139 -19.246213913 -0.050598454 -0.008662756 0.998681486 196.462677002
0.998560011 -0.015988804 0.051207740 14.064578056 0.015521825 0.999834478 0.009504081 -19.458646774 -0.051351223 -0.008695559 0.998642802 198.720504761
0.998568118 -0.014240303 0.051564552 14.267176628 0.013776693 0.999861419 0.009335179 -19.672756195 -0.051690340 -0.008611425 0.998626053 200.953445435
0.998545945 -0.013719985 0.052132659 14.476463318 0.013286971 0.999874353 0.008643532 -19.883344650 -0.052244697 -0.007938279 0.998602748 203.211395264
0.998504937 -0.013907398 0.052863616 14.674318314 0.013428866 0.999865651 0.009396663 -20.090723038 -0.052987192 -0.008672713 0.998557568 205.437088013
0.998487294 -0.015881708 0.052641895 14.900967598 0.015391064 0.999834359 0.009712839 -20.311435699 -0.052787449 -0.008887933 0.998566210 207.675888062
0.998437226 -0.015417681 0.053714786 15.107681274 0.014913440 0.999840915 0.009775586 -20.510904312 -0.053856965 -0.008959237 0.998508513 209.922882080
0.998345077 -0.015597887 0.055354148 15.315643311 0.014972013 0.999819398 0.011703524 -20.741081238 -0.055526711 -0.010855392 0.998398125 212.134338379
0.998285830 -0.014166429 0.056785695 15.549333572 0.013517082 0.999838829 0.011802916 -20.946502686 -0.056943756 -0.011015106 0.998316646 214.367477417
0.998113036 -0.013201679 0.059969790 15.752086639 0.012506457 0.999850333 0.011953479 -21.154733658 -0.060118616 -0.011180910 0.998128712 216.626358032
0.997973144 -0.013286550 0.062234461 15.976649284 0.012537366 0.999844372 0.012413179 -21.360038757 -0.062389705 -0.011607762 0.997984350 218.870956421
0.997824430 -0.014692956 0.064269245 16.202970505 0.013874186 0.999817193 0.013167476 -21.561300278 -0.064450942 -0.012247148 0.997845709 221.095077515
0.997722030 -0.015821110 0.065578125 16.435855865 0.014932697 0.999790251 0.014015550 -21.760036469 -0.065786108 -0.013004363 0.997749031 223.327743530
0.997656167 -0.017910980 0.066040605 16.681608200 0.017072594 0.999766648 0.013237575 -21.965105057 -0.066262290 -0.012079062 0.997729123 225.549316406
0.997614026 -0.019195851 0.066316098 16.919319153 0.018362993 0.999744952 0.013145760 -22.167211533 -0.066551536 -0.011896633 0.997712016 227.791931152
0.997574866 -0.019584427 0.066788599 17.160291672 0.018748991 0.999738216 0.013112693 -22.363357544 -0.067027926 -0.011828677 0.997680962 230.036727905
0.997503221 -0.020570338 0.067559510 17.399137497 0.019790234 0.999729753 0.012196053 -22.565917969 -0.067792125 -0.010828584 0.997640669 232.281372070
0.997486413 -0.021881623 0.067394949 17.666713715 0.021010052 0.999686539 0.013614116 -22.779720306 -0.067671716 -0.012163922 0.997633636 234.575958252
0.997449100 -0.021925271 0.067930587 17.910102844 0.021033758 0.999683499 0.013811478 -22.979734421 -0.068211898 -0.012347411 0.997594416 236.815887451
0.997401774 -0.021643266 0.068711929 18.146783829 0.020748084 0.999690592 0.013715264 -23.176401138 -0.068987496 -0.012253988 0.997542262 239.020156860
0.997372329 -0.021753281 0.069103360 18.391038895 0.020836636 0.999685466 0.013958202 -23.375106812 -0.069385275 -0.012481640 0.997511864 241.245452881
0.997328043 -0.022100832 0.069630116 18.636333466 0.021164125 0.999675691 0.014161829 -23.573076248 -0.069920532 -0.012650331 0.997472286 243.480575562
0.997294307 -0.022283837 0.070053682 18.883457184 0.021391384 0.999680519 0.013464143 -23.776674271 -0.070331313 -0.011929169 0.997452378 245.706130981
0.997310698 -0.021900894 0.069940776 19.143301010 0.021057351 0.999696553 0.012775533 -23.979951859 -0.070199341 -0.011268407 0.997469306 247.938842773
0.997284651 -0.022388032 0.070157409 19.399196625 0.021511188 0.999680996 0.013229070 -24.180042267 -0.070431195 -0.011683981 0.997448206 250.178131104
0.997247338 -0.023864571 0.070201777 19.653638840 0.022992684 0.999648571 0.013201797 -24.382377625 -0.070492133 -0.011551330 0.997445464 252.403533936
0.997232318 -0.023824776 0.070428059 19.908782959 0.022888109 0.999638855 0.014077033 -24.586133957 -0.070738010 -0.012426106 0.997417510 254.656372070
0.997213364 -0.024681119 0.070401773 20.150949478 0.023728352 0.999615610 0.014337786 -24.786994934 -0.070728585 -0.012627314 0.997415662 256.874206543
0.997178674 -0.025169753 0.070718430 20.421735764 0.024154138 0.999592960 0.015180134 -25.004661560 -0.071071729 -0.013429163 0.997380733 259.144989014
0.997157991 -0.024679478 0.071181759 20.678598404 0.023703385 0.999613523 0.014525100 -25.199785233 -0.071512729 -0.012796572 0.997357607 261.395294189
0.997146904 -0.024636118 0.071352363 20.940357208 0.023701234 0.999622166 0.013919661 -25.395729065 -0.071668334 -0.012188806 0.997353971 263.656646729
0.997120559 -0.023834670 0.071988791 21.197975159 0.022923509 0.999646664 0.013456873 -25.597715378 -0.072284088 -0.011767889 0.997314632 265.895812988
0.997050941 -0.023204755 0.073150322 21.451196671 0.022273490 0.999660492 0.013521118 -25.794008255 -0.073439233 -0.011851930 0.997229278 268.142669678
0.996953964 -0.022693776 0.074619114 21.713670731 0.021792915 0.999679744 0.012865014 -25.997501373 -0.074887164 -0.011199657 0.997129142 270.395141602
0.996847808 -0.023446009 0.075794034 21.980880737 0.022492424 0.999657094 0.013410633 -26.204574585 -0.076082453 -0.011663571 0.997033358 272.643585205
0.996673703 -0.023763640 0.077953756 22.231525421 0.022743035 0.999643981 0.013954293 -26.406135559 -0.078257620 -0.012134971 0.996859312 274.893920898
0.996565819 -0.023738177 0.079328887 22.504833221 0.022634169 0.999634445 0.014787283 -26.593133926 -0.079650901 -0.012940956 0.996738791 277.135314941
0.996502519 -0.023044050 0.080321863 22.788002014 0.021753784 0.999620497 0.016901961 -26.810510635 -0.080680877 -0.015095545 0.996625662 279.390136719
0.996417880 -0.022751315 0.081448302 23.069381714 0.021370381 0.999613345 0.017786663 -27.007032394 -0.081821479 -0.015982365 0.996518850 281.627746582
0.996344209 -0.021739032 0.082617395 23.345392227 0.020328481 0.999633491 0.017876357 -27.195768356 -0.082975738 -0.016131518 0.996420920 283.893035889
0.996226311 -0.020747004 0.084277257 23.611240387 0.019355366 0.999663115 0.017296307 -27.382942200 -0.084607698 -0.015599821 0.996292174 286.126892090
0.996253967 -0.020361071 0.084044695 23.902744293 0.019056639 0.999685645 0.016293883 -27.573047638 -0.084350049 -0.014631236 0.996328771 288.363647461
0.996190369 -0.021180362 0.084594697 24.174749374 0.019845959 0.999665618 0.016584098 -27.771509171 -0.084917657 -0.014842056 0.996277452 290.590393066
0.996101201 -0.021226404 0.085626028 24.432838440 0.019951578 0.999677420 0.015716750 -27.965543747 -0.085932009 -0.013947101 0.996203303 292.854553223
0.996107399 -0.021847785 0.085397251 24.714715958 0.020643016 0.999674857 0.014965613 -28.158447266 -0.085696444 -0.013144501 0.996234596 295.082672119
0.996105015 -0.021829247 0.085428916 24.995071411 0.020624651 0.999675393 0.014957975 -28.354751587 -0.085727677 -0.013137775 0.996231973 297.314605713
0.996111274 -0.021100668 0.085540578 25.275463104 0.019888379 0.999689698 0.014999691 -28.546768188 -0.085830532 -0.013240099 0.996221781 299.553527832
0.996054947 -0.021165971 0.086177737 25.540996552 0.019860158 0.999675035 0.015981907 -28.748100281 -0.086487994 -0.014207357 0.996151507 301.790802002
0.996051669 -0.021587227 0.086110510 25.828289032 0.020265143 0.999663353 0.016198145 -28.942785263 -0.086431190 -0.014389149 0.996153831 304.041290283
0.996029556 -0.021083798 0.086490773 26.115243912 0.019741379 0.999671400 0.016347110 -29.134481430 -0.086807013 -0.014574757 0.996118546 306.283203125
0.996025741 -0.021506986 0.086430103 26.399240494 0.020186342 0.999666214 0.016124995 -29.334308624 -0.086748041 -0.014316204 0.996127427 308.531677246
0.995979548 -0.022759417 0.086641029 26.685743332 0.021396305 0.999632776 0.016629279 -29.528408051 -0.086987689 -0.014708624 0.996100724 310.786346436
0.995944202 -0.022580242 0.087092780 26.970088959 0.021260642 0.999645054 0.016049730 -29.725280762 -0.087424271 -0.014132988 0.996070921 313.020141602
0.995962679 -0.022112593 0.087001540 27.263771057 0.020733260 0.999645114 0.016726058 -29.922189713 -0.087340511 -0.014854706 0.996067762 315.265930176
0.995921910 -0.020352563 0.087893993 27.548009872 0.019022467 0.999691904 0.015944233 -30.119205475 -0.088191420 -0.014207252 0.996002197 317.502868652
0.995905936 -0.018467940 0.088488586 27.827449799 0.017076278 0.999718726 0.016458429 -30.314641953 -0.088767640 -0.014879992 0.995941222 319.735290527
0.995858252 -0.017096903 0.089297168 28.107023239 0.015747759 0.999751270 0.015791254 -30.507694244 -0.089544944 -0.014319621 0.995879829 321.955841064
0.995814323 -0.016445609 0.089907162 28.387546539 0.015042630 0.999754548 0.016260171 -30.699094772 -0.090152502 -0.014839670 0.995817423 324.190246582
0.995812714 -0.016247770 0.089960888 28.679847717 0.014703932 0.999733508 0.017797476 -30.903787613 -0.090226077 -0.016400173 0.995786250 326.416229248
0.995776534 -0.017048199 0.090213083 28.959779739 0.015541105 0.999728084 0.017382169 -31.095554352 -0.090484887 -0.015906742 0.995770931 328.652038574
0.995766819 -0.018388085 0.090057001 29.258207321 0.016961815 0.999718726 0.016577234 -31.286903381 -0.090336494 -0.014979530 0.995798647 330.883209229
0.995735049 -0.018007087 0.090484634 29.539766312 0.016585629 0.999727309 0.016436812 -31.482770920 -0.090755954 -0.014865965 0.995762229 333.106445312
0.995703042 -0.018191935 0.090799384 29.826091766 0.016669996 0.999707997 0.017491942 -31.674026489 -0.091091082 -0.015903153 0.995715559 335.344726562
0.995723367 -0.018590024 0.090494990 30.126905441 0.017094804 0.999704719 0.017269876 -31.860719681 -0.090789318 -0.015649028 0.995747089 337.574249268
0.995698512 -0.018070562 0.090872802 30.406564713 0.016547717 0.999710202 0.017483672 -32.056480408 -0.091162406 -0.015904728 0.995709002 339.804565430
0.995732844 -0.017998528 0.090510800 30.707618713 0.016518300 0.999717653 0.017076794 -32.251220703 -0.090792611 -0.015508842 0.995749056 342.041839600
0.995737314 -0.017953593 0.090470575 30.996879578 0.016427292 0.999710381 0.017587192 -32.445026398 -0.090760127 -0.016026037 0.995743811 344.291259766
0.995782077 -0.017278742 0.090108320 31.287075043 0.015742287 0.999718726 0.017734148 -32.637023926 -0.090389408 -0.016240833 0.995774090 346.531463623
0.995782673 -0.016793741 0.090193331 31.573898315 0.015273553 0.999729812 0.017518619 -32.827346802 -0.090463184 -0.016067166 0.995770156 348.767486572
0.995753527 -0.016350472 0.090595454 31.860166550 0.014760442 0.999725461 0.018193243 -33.025619507 -0.090868063 -0.016778754 0.995721579 351.005432129
0.995804131 -0.016653679 0.089983255 32.152496338 0.015052819 0.999716580 0.018440170 -33.213729858 -0.090264849 -0.017008295 0.995772541 353.231719971
0.995792210 -0.016300941 0.090178333 32.437511444 0.014735271 0.999729395 0.018000601 -33.406787872 -0.090447344 -0.016596053 0.995762944 355.467315674
0.995835960 -0.016344253 0.089686468 32.729312897 0.014738504 0.999719501 0.018537190 -33.598480225 -0.089964271 -0.017138153 0.995797515 357.698852539
0.995905817 -0.015722441 0.089020811 33.024940491 0.014041215 0.999711573 0.019480679 -33.792190552 -0.089301415 -0.018150961 0.995839238 359.941558838
0.995958686 -0.015945476 0.088385843 33.321830750 0.014252497 0.999703228 0.019752586 -33.986217499 -0.088674583 -0.018413039 0.995890439 362.185150146
0.995989680 -0.015888717 0.088045336 33.612792969 0.014163525 0.999695957 0.020184586 -34.173500061 -0.088339254 -0.018856607 0.995911956 364.420654297
0.996046901 -0.015858259 0.087402090 33.906497955 0.014210775 0.999710023 0.019439604 -34.360824585 -0.087685011 -0.018120706 0.995983422 366.678527832
0.996060371 -0.016278034 0.087170772 34.190582275 0.014640738 0.999704957 0.019389205 -34.551815033 -0.087460652 -0.018036570 0.996004641 368.929077148
0.996042192 -0.015942685 0.087440297 34.471920013 0.014390447 0.999728024 0.018353723 -34.734104156 -0.087709121 -0.017022777 0.996000707 371.198425293
0.996123433 -0.016033763 0.086492851 34.762157440 0.014459834 0.999718845 0.018793143 -34.930255890 -0.086769849 -0.017469622 0.996075153 373.420440674
0.996165276 -0.015623331 0.086085156 35.053508759 0.013980946 0.999709189 0.019648628 -35.115562439 -0.086367100 -0.018369732 0.996093988 375.674774170
0.996126592 -0.015841756 0.086491019 35.327400208 0.014184914 0.999704659 0.019737346 -35.298736572 -0.086778134 -0.018434027 0.996057093 377.930267334
0.996140480 -0.016590077 0.086192369 35.615562439 0.014914346 0.999687731 0.020049522 -35.490226746 -0.086498089 -0.018686637 0.996076703 380.171142578
0.996144414 -0.016719446 0.086120874 35.903484344 0.015036595 0.999683857 0.020152336 -35.675060272 -0.086430579 -0.018779675 0.996080875 382.420959473
0.996131957 -0.016063783 0.086388282 36.188117981 0.014352106 0.999688923 0.020398555 -35.865333557 -0.086689070 -0.019079803 0.996052802 384.671539307
0.996156812 -0.015197545 0.086259015 36.475669861 0.013502496 0.999704778 0.020200264 -36.044441223 -0.086540557 -0.018957919 0.996067941 386.920745850
0.996179581 -0.014090991 0.086183377 36.768333435 0.012384576 0.999717176 0.020302549 -36.241950989 -0.086445078 -0.019157641 0.996072412 389.189331055
0.996152401 -0.012723624 0.086708970 37.046817780 0.011010533 0.999735177 0.020206500 -36.429840088 -0.086943127 -0.019174045 0.996028721 391.461914062
0.996181369 -0.011886810 0.086495318 37.337467194 0.010054673 0.999716401 0.021586834 -36.616859436 -0.086727373 -0.020634718 0.996018350 393.719024658
0.996125817 -0.010259233 0.087338820 37.614879608 0.008363968 0.999722123 0.022038516 -36.803138733 -0.087540649 -0.021222640 0.995934844 395.975921631
0.996000171 -0.010339241 0.088750407 37.895748138 0.008576229 0.999758720 0.020223238 -36.991626740 -0.088938087 -0.019381206 0.995848596 398.236419678
0.995996296 -0.010149997 0.088816255 38.173873901 0.008413604 0.999766529 0.019902999 -37.184570312 -0.088997521 -0.019076047 0.995849252 400.517791748
0.995871127 -0.011283902 0.090073623 38.451553345 0.009419802 0.999733090 0.021093680 -37.370693207 -0.090287603 -0.020158116 0.995711684 402.769195557
0.995879054 -0.012610982 0.089811243 38.748435974 0.010660702 0.999697685 0.022162039 -37.555511475 -0.090063572 -0.021113260 0.995712221 405.054168701
0.995831788 -0.013106056 0.090262078 39.038261414 0.011163010 0.999695718 0.021998020 -37.739513397 -0.090522908 -0.020898733 0.995675087 407.307678223
0.995726049 -0.011538301 0.091632128 39.331058502 0.009632522 0.999728501 0.021213261 -37.924896240 -0.091852017 -0.020239949 0.995566905 409.569580078
0.995680690 -0.010550675 0.092241466 39.630641937 0.008622568 0.999736369 0.021276426 -38.112216949 -0.092441626 -0.020389168 0.995509326 411.828277588
0.995609939 -0.009446619 0.093121268 39.924312592 0.007517102 0.999750197 0.021049492 -38.299915314 -0.093296863 -0.020257082 0.995432258 414.080139160
0.995519459 -0.007857669 0.094230071 40.224330902 0.005908577 0.999763072 0.020945599 -38.485069275 -0.094372340 -0.020294979 0.995330095 416.351867676
0.995439529 -0.008078386 0.095051892 40.526741028 0.006115273 0.999762297 0.020926267 -38.674468994 -0.095198348 -0.020249562 0.995252371 418.607513428
0.995351911 -0.008071221 0.095964968 40.825466156 0.006093148 0.999763250 0.020887660 -38.857406616 -0.096110843 -0.020205844 0.995165527 420.861968994
0.995265901 -0.008101078 0.096851259 41.123229980 0.006128483 0.999767959 0.020647418 -39.046543121 -0.096996062 -0.019956119 0.995084643 423.118743896
0.995207906 -0.008676987 0.097395927 41.433879852 0.006586507 0.999741375 0.021764759 -39.235290527 -0.097559586 -0.021018963 0.995007694 425.394134521
0.995152771 -0.007878073 0.098024823 41.737365723 0.005704486 0.999731958 0.022434385 -39.419616699 -0.098175295 -0.021766458 0.994931042 427.651428223
0.995062888 -0.006955055 0.099002384 42.047859192 0.004692426 0.999722898 0.023068815 -39.602062225 -0.099135384 -0.022490364 0.994819701 429.926513672
0.995052218 -0.007572460 0.099064581 42.357429504 0.005258387 0.999707758 0.023599541 -39.795871735 -0.099214345 -0.022961857 0.994801104 432.190338135
0.995008588 -0.008546902 0.099422373 42.674869537 0.006283100 0.999714255 0.023060432 -39.988101959 -0.099591047 -0.022320645 0.994778097 434.455932617
0.995010495 -0.007618050 0.099479295 42.995094299 0.005334119 0.999716520 0.023204686 -40.158641815 -0.099627860 -0.022558274 0.994768977 436.722473145
0.994982004 -0.008270543 0.099711135 43.312866211 0.005946909 0.999704242 0.023578426 -40.344207764 -0.099876672 -0.022867138 0.994736969 439.009338379
0.995048881 -0.008362342 0.099035122 43.639324188 0.006029218 0.999697626 0.023834465 -40.525051117 -0.099204510 -0.023119349 0.994798481 441.285125732
0.994981408 -0.007897652 0.099747799 43.952404022 0.005435338 0.999674439 0.024933085 -40.722869873 -0.099912211 -0.024265796 0.994700432 443.570373535
0.994941235 -0.008296069 0.100115560 44.270675659 0.005805866 0.999667108 0.025139060 -40.899665833 -0.100290790 -0.024430629 0.994658172 445.846069336
0.994936347 -0.008189892 0.100172438 44.585002899 0.005739398 0.999677718 0.024726532 -41.082115173 -0.100342661 -0.024026399 0.994662821 448.112365723
0.994920015 -0.007193457 0.100411244 44.902221680 0.004755172 0.999688506 0.024501244 -41.267700195 -0.100556210 -0.023899304 0.994644284 450.371093750
0.994855344 -0.006781795 0.101077653 45.213611603 0.004354760 0.999697447 0.024212925 -41.452587128 -0.101211257 -0.023648189 0.994583845 452.637969971
0.994762182 -0.006059453 0.102036797 45.522815704 0.003613005 0.999702096 0.024143897 -41.624366760 -0.102152668 -0.023648780 0.994487584 454.914093018
0.994724572 -0.006473409 0.102377340 45.835929871 0.004040386 0.999705017 0.023954784 -41.812801361 -0.102502175 -0.023414770 0.994457185 457.182128906
0.994725823 -0.005794921 0.102405556 46.156497955 0.003402574 0.999717474 0.023520753 -42.000228882 -0.102512933 -0.023048259 0.994464636 459.455871582
0.994705379 -0.004476151 0.102669992 46.473670959 0.002045157 0.999715269 0.023770811 -42.179496765 -0.102747165 -0.023434976 0.994431436 461.736694336
0.994701147 -0.003911349 0.102734029 46.793369293 0.001369901 0.999691546 0.024797054 -42.356430054 -0.102799334 -0.024524923 0.994399726 464.012145996
0.994735956 -0.004018660 0.102392234 47.106868744 0.001445441 0.999681592 0.025192788 -42.533599854 -0.102460898 -0.024912173 0.994424999 466.280242920
0.994782031 -0.004164769 0.101938061 47.423557281 0.001697922 0.999703884 0.024274286 -42.716583252 -0.102008991 -0.023974545 0.994494557 468.563415527
0.994869828 -0.004292173 0.101071961 47.756423950 0.001869453 0.999708951 0.024052786 -42.903316498 -0.101145759 -0.023740435 0.994588315 470.863800049
0.994926572 -0.004817352 0.100487888 48.071987152 0.002311813 0.999683917 0.025035297 -43.088356018 -0.100576714 -0.024675978 0.994623244 473.148468018
0.994908214 -0.005089997 0.100656718 48.378707886 0.002549266 0.999675333 0.025354084 -43.270729065 -0.100753099 -0.024968388 0.994598091 475.424468994
0.994980514 -0.004299791 0.099976353 48.696010590 0.001845580 0.999694943 0.024627455 -43.434352875 -0.100051768 -0.024319327 0.994684994 477.727874756
0.994997740 -0.004342974 0.099802762 49.013343811 0.001832257 0.999679804 0.025234684 -43.615585327 -0.099880412 -0.024925593 0.994687200 480.012298584
0.995032549 -0.004777532 0.099435560 49.335105896 0.002232866 0.999667525 0.025686666 -43.794395447 -0.099525236 -0.025337046 0.994712412 482.286834717
0.995038927 -0.005177241 0.099351704 49.641952515 0.002730263 0.999689937 0.024749637 -43.970298767 -0.099449016 -0.024355598 0.994744539 484.572937012
0.995128155 -0.005627761 0.098429292 49.964748383 0.003084060 0.999657810 0.025976019 -44.164371490 -0.098541796 -0.025545901 0.994804978 486.863281250
0.995188951 -0.005830146 0.097800642 50.282669067 0.003313892 0.999659777 0.025871137 -44.339477539 -0.097918205 -0.025422569 0.994869709 489.149932861
0.995216191 -0.005444459 0.097545296 50.593185425 0.002888089 0.999649286 0.026329050 -44.514614105 -0.097654432 -0.025921382 0.994882703 491.442474365
0.995244980 -0.004868955 0.097281091 50.906394958 0.002259884 0.999635220 0.026912121 -44.691719055 -0.097376637 -0.026564311 0.994893014 493.727447510
0.995244563 -0.004451368 0.097305372 51.207736969 0.001881112 0.999647319 0.026490131 -44.865859985 -0.097388960 -0.026181115 0.994901955 496.030792236
0.995270491 -0.004170472 0.097053118 51.529270172 0.001639649 0.999656916 0.026141841 -45.052127838 -0.097128823 -0.025859069 0.994935811 498.348236084
0.995307565 -0.004142560 0.096673265 51.839122772 0.001545822 0.999636412 0.026920415 -45.229022980 -0.096749648 -0.026644653 0.994952023 500.643646240
0.995320141 -0.003905341 0.096553244 52.143547058 0.001276273 0.999627113 0.027275983 -45.410732269 -0.096623763 -0.027025111 0.994953990 502.917999268
0.995342731 -0.003156703 0.096347436 52.455234528 0.000593041 0.999645293 0.026625566 -45.588954926 -0.096397296 -0.026444428 0.994991720 505.208587646
0.995335519 -0.002890464 0.096429884 52.759071350 0.000255474 0.999626458 0.027326623 -45.767822266 -0.096472830 -0.027174523 0.994964600 507.496887207
0.995371819 -0.003349446 0.096040055 53.072292328 0.000798130 0.999646068 0.026591234 -45.949146271 -0.096095145 -0.026391517 0.995022237 509.793487549
0.995405912 -0.004058508 0.095658600 53.391159058 0.001433308 0.999620855 0.027496187 -46.131835938 -0.095733926 -0.027232757 0.995034397 512.091186523
0.995422900 -0.003745982 0.095494851 53.704250336 0.001108295 0.999616802 0.027659345 -46.307682037 -0.095561862 -0.027426906 0.995045543 514.404235840
0.995426536 -0.003154597 0.095476799 54.013729095 0.000524105 0.999619901 0.027563663 -46.485420227 -0.095527463 -0.027387565 0.995049953 516.717956543
0.995415270 -0.002159395 0.095622525 54.314056396 -0.000459493 0.999625564 0.027357297 -46.662010193 -0.095645793 -0.027275808 0.995041668 519.007995605
0.995365679 -0.000057441 0.096163526 54.623897552 -0.002600833 0.999617934 0.027517684 -46.841667175 -0.096128382 -0.027640259 0.994985104 521.363098145
0.995276153 0.001978294 0.097064465 54.932147980 -0.004692958 0.999603927 0.027747314 -47.017585754 -0.096971154 -0.028071761 0.994891167 523.694824219
0.995203018 0.002568923 0.097796984 55.241752625 -0.005424957 0.999566138 0.028948998 -47.186702728 -0.097680196 -0.029340677 0.994785249 526.009643555
0.995149851 0.002165681 0.098346494 55.554832458 -0.005026257 0.999571145 0.028848283 -47.359870911 -0.098241836 -0.029202681 0.994733930 528.322814941
0.995104730 0.000227087 0.098826826 55.866279602 -0.003225056 0.999539375 0.030176880 -47.529785156 -0.098774463 -0.030347878 0.994646966 530.640625000
0.995058239 -0.001323026 0.099283166 56.190208435 -0.001648639 0.999553204 0.029843196 -47.701660156 -0.099278294 -0.029859403 0.994611621 532.959960938
0.994980335 -0.001201567 0.100063577 56.504081726 -0.001737918 0.999569595 0.029283823 -47.872364044 -0.100055709 -0.029310731 0.994549990 535.283386230
0.994903564 -0.001575476 0.100818597 56.825031281 -0.001378006 0.999572098 0.029218676 -48.047393799 -0.100821488 -0.029208694 0.994475663 537.605346680
0.994806290 -0.000908847 0.101782016 57.139720917 -0.001997581 0.999593139 0.028449854 -48.221649170 -0.101766475 -0.028505415 0.994399786 539.927001953
0.994687676 -0.000230304 0.102938876 57.452838898 -0.002694126 0.999596715 0.028269438 -48.400028229 -0.102903880 -0.028396590 0.994285822 542.254760742
0.994613647 0.000262777 0.103652179 57.784656525 -0.003108782 0.999622583 0.027296662 -48.574413300 -0.103605889 -0.027471866 0.994238913 544.583312988
0.994449675 0.000406192 0.105212338 58.086833954 -0.003369763 0.999602497 0.027991291 -48.754840851 -0.105159141 -0.028190471 0.994055748 546.905517578
0.994371414 0.000150403 0.105950110 58.413482666 -0.003210994 0.999582410 0.028717108 -48.931358337 -0.105901532 -0.028895678 0.993956804 549.226318359
0.994291008 0.000537353 0.106701329 58.736148834 -0.003585057 0.999590933 0.028373182 -49.099674225 -0.106642440 -0.028593734 0.993886232 551.531555176
0.994339466 -0.001480485 0.106239401 59.077354431 -0.001535124 0.999598384 0.028297644 -49.289360046 -0.106238633 -0.028300554 0.993937790 553.845886230
0.994351447 -0.001761863 0.106123291 59.418735504 -0.001315518 0.999580801 0.028921185 -49.465194702 -0.106129758 -0.028897429 0.993932307 556.164001465
0.994283557 -0.001743544 0.106757656 59.746578217 -0.001377893 0.999573827 0.029157795 -49.635131836 -0.106762998 -0.029138217 0.993857443 558.466674805
0.994267464 -0.001313426 0.106913470 60.085693359 -0.001932326 0.999540627 0.030249413 -49.809207916 -0.106904075 -0.030282607 0.993808091 560.796569824
0.994247377 -0.001819242 0.107092805 60.426536560 -0.001510211 0.999518216 0.031000121 -49.980964661 -0.107097596 -0.030983519 0.993765652 563.130432129
0.994213104 -0.001261575 0.107418463 60.765132904 -0.002175496 0.999489546 0.031873833 -50.149879456 -0.107403845 -0.031923071 0.993702829 565.441772461
0.994156241 -0.000280473 0.107949711 61.106353760 -0.003114127 0.999505937 0.031276260 -50.324066162 -0.107905164 -0.031429656 0.993664205 567.764160156
0.994154632 0.000581901 0.107963659 61.458423615 -0.003823988 0.999547839 0.029824834 -50.490615845 -0.107897483 -0.030063350 0.993707359 570.098327637
0.994107246 0.000945029 0.108397290 61.806537628 -0.004232196 0.999538004 0.030099133 -50.663749695 -0.108318768 -0.030380523 0.993651867 572.418945312
0.994072199 0.000909645 0.108718060 62.144943237 -0.004376123 0.999489427 0.031650703 -50.853855133 -0.108633742 -0.031938840 0.993568599 574.801513672
0.994054198 0.000716928 0.108884528 62.495422363 -0.004337786 0.999445319 0.033020891 -51.027488708 -0.108800456 -0.033296868 0.993505776 577.113037109
0.993914306 0.001779270 0.110140853 62.813720703 -0.005269458 0.999492824 0.031405441 -51.195617676 -0.110029131 -0.031794704 0.993419707 579.502990723
0.993965924 0.001327871 0.109681256 63.166988373 -0.004785053 0.999499738 0.031263065 -51.359909058 -0.109584875 -0.031599257 0.993474960 581.840148926
0.993899405 -0.000005637 0.110290572 63.514278412 -0.003642813 0.999452710 0.032878820 -51.541549683 -0.110230394 -0.033080008 0.993355393 584.174194336
0.993968725 0.000258483 0.109663554 63.866191864 -0.003888220 0.999451578 0.032886289 -51.705497742 -0.109594911 -0.033114344 0.993424535 586.488586426
0.993924022 -0.002621943 0.110036924 64.224227905 -0.000871053 0.999497592 0.031683791 -51.880828857 -0.110064700 -0.031587128 0.993422329 588.861816406
0.993961990 -0.002935156 0.109686978 64.581291199 -0.000551348 0.999495924 0.031742100 -52.045936584 -0.109724872 -0.031610914 0.993459225 591.210937500
0.993959606 -0.004734912 0.109644540 64.927398682 0.001211745 0.999481380 0.032176990 -52.216255188 -0.109740026 -0.031849768 0.993449867 593.547851562
0.993990481 -0.005180204 0.109343804 65.285087585 0.001631819 0.999469995 0.032516208 -52.385925293 -0.109454274 -0.032142375 0.993471980 595.902465820
