1.000000000 0.000000000 0.000000000 0.000000000 0.000000000 1.000000000 0.000000000 0.000000000 0.000000000 0.000000000 1.000000000 0.000000000
0.999999881 0.000138901 0.000475704 0.088110745 -0.000138796 0.999999940 -0.000220732 -0.225137532 -0.000475735 0.000220666 0.999999881 2.294618130
0.999999225 0.000546122 0.001105573 0.166572392 -0.000546598 0.999999762 0.000430436 -0.464781731 -0.001105338 -0.000431040 0.999999225 4.583447933
0.999998450 0.000210513 0.001729841 0.262371600 -0.000211714 0.999999762 0.000693989 -0.697000206 -0.001729695 -0.000694354 0.999998212 6.873737335
0.999996483 0.000182560 0.002623891 0.355469316 -0.000179887 0.999999404 -0.001018652 -0.928809106 -0.002624075 0.001018177 0.999996066 9.172513008
0.999988079 0.001911758 0.004521669 0.449148417 -0.001913223 0.999998152 0.000319683 -1.164131761 -0.004521050 -0.000328330 0.999989748 11.476225853
0.999964774 0.003983109 0.007391545 0.533207417 -0.003994079 0.999990940 0.001469953 -1.392080903 -0.007385624 -0.001499424 0.999971628 13.787010193
0.999945223 0.003814936 0.009752214 0.640292764 -0.003855112 0.999984205 0.004104167 -1.621065378 -0.009736404 -0.004141538 0.999944031 16.061162949
0.999940574 0.003789985 0.010220167 0.765295625 -0.003843303 0.999979079 0.005202340 -1.851663351 -0.010200234 -0.005241310 0.999934256 18.406171799
0.999923766 0.003021938 0.011967530 0.874598026 -0.003086622 0.999980628 0.005390245 -2.075768471 -0.011951013 -0.005426774 0.999913812 20.702648163
0.999928832 0.000516859 0.011919658 1.000330091 -0.000550302 0.999995887 0.002802592 -2.301385641 -0.011918160 -0.002808952 0.999924958 23.022531509
0.999918044 -0.001621097 0.012698718 1.107954741 0.001609472 0.999998271 0.000925621 -2.523577690 -0.012700198 -0.000905107 0.999918818 25.302940369
0.999915898 -0.002590983 0.012705209 1.244702101 0.002588750 0.999996603 0.000192149 -2.769943714 -0.012705663 -0.000159242 0.999919295 27.614692688
0.999904573 -0.002130888 0.013650830 1.350741863 0.002141271 0.999997377 -0.000746084 -2.996409416 -0.013649207 0.000775242 0.999906540 29.900218964
0.999896646 0.000111340 0.014377632 1.474672675 -0.000139238 0.999998093 0.001939377 -3.229976654 -0.014377389 -0.001941179 0.999894738 32.190025330
0.999895334 0.002056468 0.014325361 1.605185151 -0.002118785 0.999988317 0.004336332 -3.452064037 -0.014316278 -0.004366229 0.999887943 34.470741272
0.999867976 0.004410739 0.015637940 1.726771355 -0.004539971 0.999955773 0.008238118 -3.683259487 -0.015600911 -0.008308024 0.999843776 36.781581879
0.999848664 0.006241006 0.016239520 1.843831778 -0.006369535 0.999948740 0.007874860 -3.901955605 -0.016189538 -0.007977107 0.999837101 39.054458618
0.999816537 0.005688075 0.018297873 1.945595741 -0.005804912 0.999963045 0.006338478 -4.108109474 -0.018261146 -0.006443531 0.999812484 41.343666077
0.999821067 0.003226005 0.018641632 2.067363501 -0.003325785 0.999980330 0.005323977 -4.332265854 -0.018624090 -0.005385021 0.999812067 43.620758057
0.999825835 0.003182926 0.018387135 2.208877087 -0.003254050 0.999987304 0.003839491 -4.550902367 -0.018374678 -0.003898655 0.999823689 45.859649658
0.999828339 0.002501311 0.018358357 2.336434841 -0.002558982 0.999991834 0.003118512 -4.782560349 -0.018350407 -0.003164955 0.999826610 48.133720398
0.999825835 0.001103315 0.018629294 2.468948841 -0.001171097 0.999992847 0.003628000 -5.012245655 -0.018625157 -0.003649186 0.999819815 50.411804199
0.999805212 0.000588962 0.019725177 2.595891476 -0.000662979 0.999992788 0.003746040 -5.232425213 -0.019722829 -0.003758388 0.999798357 52.678535461
0.999803782 -0.000649150 0.019799765 2.732757568 0.000572861 0.999992371 0.003858423 -5.463151932 -0.019802116 -0.003846323 0.999796510 54.960323334
0.999773741 -0.001109349 0.021242790 2.849956989 0.001020354 0.999990642 0.004199772 -5.692176342 -0.021247242 -0.004177146 0.999765635 57.254173279
0.999754071 -0.002166277 0.022076076 2.984394312 0.002058134 0.999985695 0.004920206 -5.918027401 -0.022086423 -0.004873560 0.999744177 59.520057678
0.999726176 -0.003809196 0.023087906 3.120208740 0.003711343 0.999983966 0.004279640 -6.140123367 -0.023103833 -0.004192780 0.999724269 61.783153534
0.999709904 -0.004594542 0.023643345 3.268172503 0.004498739 0.999981403 0.004103570 -6.363990784 -0.023661761 -0.003996014 0.999712050 64.037178040
0.999678433 -0.004152466 0.025015734 3.405588627 0.004038263 0.999981165 0.004614088 -6.585776806 -0.025034424 -0.004511584 0.999676406 66.309631348
0.999655068 -0.003201093 0.026065556 3.551415682 0.003068359 0.999982119 0.005130714 -6.814234734 -0.026081514 -0.005048966 0.999647021 68.571769714
0.999621570 -0.003365950 0.027305832 3.689327717 0.003240362 0.999983966 0.004642291 -7.036087990 -0.027321024 -0.004552051 0.999616325 70.827438354
0.999607861 -0.004174120 0.027689792 3.847239494 0.004084058 0.999986291 0.003308220 -7.260160923 -0.027703218 -0.003193836 0.999611020 73.084304810
0.999595046 -0.004880262 0.028032042 4.004459858 0.004776397 0.999981463 0.003770986 -7.487258434 -0.028049923 -0.003635567 0.999599934 75.361968994
0.999553919 -0.006059779 0.029243033 4.162013531 0.005966208 0.999976754 0.003285960 -7.717960358 -0.029262265 -0.003110025 0.999566913 77.626815796
0.999557376 -0.006977829 0.028919553 4.323616982 0.006895810 0.999971926 0.002934805 -7.948936462 -0.028939215 -0.002734082 0.999577463 79.887725830
0.999528348 -0.007401437 0.029804286 4.469849586 0.007328450 0.999969900 0.002557310 -8.166296959 -0.029822320 -0.002337685 0.999552488 82.143318176
0.999513566 -0.006591125 0.030482484 4.641067505 0.006512264 0.999975204 0.002685660 -8.399548531 -0.030499430 -0.002485844 0.999531627 84.418121338
0.999466360 -0.006357732 0.032040738 4.793800354 0.006266066 0.999975979 0.002960529 -8.615497589 -0.032058787 -0.002758180 0.999482155 86.677375793
0.999462187 -0.006295978 0.032182626 4.963641167 0.006147529 0.999969959 0.004709571 -8.855461121 -0.032211311 -0.004509194 0.999470890 88.953720093
0.999435604 -0.005504875 0.033138659 5.120806694 0.005332246 0.999971747 0.005295422 -9.080563545 -0.033166882 -0.005115730 0.999436736 91.211196899
0.999414921 -0.005539690 0.033750743 5.288950920 0.005369706 0.999972463 0.005125003 -9.300531387 -0.033778213 -0.004940774 0.999417067 93.462806702
0.999397159 -0.005683308 0.034250192 5.453978539 0.005527693 0.999973893 0.004636445 -9.518852234 -0.034275651 -0.004444326 0.999402523 95.719688416
0.999375045 -0.006311101 0.034778964 5.625252724 0.006142926 0.999968946 0.004940283 -9.738814354 -0.034809064 -0.004723551 0.999382794 97.978691101
0.999345899 -0.006106043 0.035643343 5.783323288 0.005952720 0.999972582 0.004406118 -9.967960358 -0.035669271 -0.004191061 0.999354839 100.216979980
0.999284446 -0.006098425 0.037330009 5.933856010 0.005896824 0.999967456 0.005508228 -10.185013771 -0.037362389 -0.005284158 0.999287784 102.443199158
0.999281466 -0.006846892 0.037276175 6.129364014 0.006645643 0.999962628 0.005520075 -10.412129402 -0.037312567 -0.005268384 0.999289751 104.718124390
0.999244511 -0.007447318 0.038144074 6.300091743 0.007216827 0.999954879 0.006176792 -10.627143860 -0.038188349 -0.005896847 0.999253094 106.955146790
0.999217749 -0.008753868 0.038567945 6.478861332 0.008512914 0.999943376 0.006407366 -10.843116760 -0.038621850 -0.006074027 0.999235451 109.207283020
0.999184847 -0.009918962 0.039129458 6.659005642 0.009636258 0.999926090 0.007406842 -11.069633484 -0.039200038 -0.007023743 0.999206662 111.465232849
0.999165118 -0.010703526 0.039426457 6.848089218 0.010474299 0.999927044 0.006016041 -11.289565086 -0.039487980 -0.005598053 0.999204278 113.730484009
0.999117196 -0.011166577 0.040498834 7.025278091 0.010962413 0.999926031 0.005259848 -11.510843277 -0.040554568 -0.004811241 0.999165714 115.981552124
0.999081910 -0.011371514 0.041302383 7.204220772 0.011137050 0.999920487 0.005902380 -11.738657951 -0.041366216 -0.005436974 0.999129236 118.229492188
0.999027908 -0.011442325 0.042574115 7.383063316 0.011170166 0.999915659 0.006624994 -11.956270218 -0.042646345 -0.006142993 0.999071300 120.487876892
0.999005914 -0.012178011 0.042880610 7.581197739 0.011871316 0.999902129 0.007399711 -12.183259010 -0.042966519 -0.006883307 0.999052823 122.699882507
0.998964250 -0.013508332 0.043453783 7.783511162 0.013220366 0.999888718 0.006907544 -12.408135414 -0.043542262 -0.006325915 0.999031544 125.002639771
0.998925865 -0.014041038 0.044158664 7.962654591 0.013772561 0.999884725 0.006378234 -12.633502007 -0.044243135 -0.005763205 0.999004185 127.262680054
0.998908818 -0.015734216 0.043972328 8.149099350 0.015444554 0.999856770 0.006919404 -12.850378036 -0.044074897 -0.006232721 0.999008775 129.518402100
0.998935580 -0.016733039 0.042985130 8.335870743 0.016444040 0.999839783 0.007068096 -13.062995911 -0.043096513 -0.006353723 0.999050677 131.765014648
0.998980641 -0.017290585 0.041696966 8.534826279 0.016964141 0.999822676 0.008170240 -13.281782150 -0.041830838 -0.007454557 0.999096930 134.017211914
0.999040186 -0.017821973 0.040013857 8.716152191 0.017511752 0.999813914 0.008090074 -13.501436234 -0.040150594 -0.007381596 0.999166369 136.251190186
0.999109864 -0.018543808 0.037889913 8.921850204 0.018263256 0.999803245 0.007737184 -13.712273598 -0.038025942 -0.007038303 0.999251962 138.472961426
0.999083281 -0.019232327 0.038246028 9.070575714 0.018920079 0.999784768 0.008509468 -13.941404343 -0.038401458 -0.007778050 0.999232054 140.762680054
0.999061048 -0.019492757 0.038693290 9.230576515 0.019170010 0.999778450 0.008694775 -14.143836021 -0.038854204 -0.007944861 0.999213219 142.996795654
0.999115109 -0.019493589 0.037268523 9.422225952 0.019127492 0.999765456 0.010154588 -14.373148918 -0.037457742 -0.009432750 0.999253631 145.229187012
0.999129176 -0.018678155 0.037307668 9.594189644 0.018356202 0.999791443 0.008953712 -14.582214355 -0.037467122 -0.008261088 0.999263704 147.485488892
0.999149978 -0.017741060 0.037210032 9.770632744 0.017481446 0.999820590 0.007290813 -14.791870117 -0.037332706 -0.006634130 0.999280870 149.723922729
0.999161899 -0.016240735 0.037573766 9.942922592 0.016012944 0.999851584 0.006355516 -15.007897377 -0.037671413 -0.005748524 0.999273598 151.971099854
0.999167860 -0.015384868 0.037773956 10.122318268 0.015146014 0.999863505 0.006601338 -15.224941254 -0.037870362 -0.006023719 0.999264419 154.214508057
0.999148011 -0.014783436 0.038532138 10.303722382 0.014530388 0.999871016 0.006839039 -15.437839508 -0.038628276 -0.006273325 0.999233961 156.475296021
0.999153316 -0.013212426 0.038960349 10.464431763 0.012892338 0.999881148 0.008455641 -15.657663345 -0.039067432 -0.007946192 0.999204993 158.714828491
0.999105155 -0.012597906 0.040373720 10.640777588 0.012228727 0.999881268 0.009377979 -15.870058060 -0.040487062 -0.008875867 0.999140620 160.948562622
0.999080420 -0.011203738 0.041384060 10.803392410 0.010751330 0.999880195 0.011138332 -16.084835052 -0.041503888 -0.010683155 0.999081254 163.234603882
0.999050200 -0.010698509 0.042240102 10.984386444 0.010263812 0.999892175 0.010494615 -16.285121918 -0.042347822 -0.010051103 0.999052286 165.493850708
0.999018490 -0.010207229 0.043103315 11.180373192 0.009823389 0.999910235 0.009107575 -16.492191315 -0.043192409 -0.008675216 0.999029100 167.745086670
0.998947382 -0.008283067 0.045116182 11.362139702 0.007879952 0.999927521 0.009105585 -16.697820663 -0.045188341 -0.008740485 0.998940229 169.997283936
0.998816788 -0.007397776 0.048065063 11.540920258 0.006967265 0.999934137 0.009118215 -16.907350540 -0.048129357 -0.008772544 0.998802483 172.245498657
0.998715520 -0.007733471 0.050073911 11.754173279 0.007284352 0.999931574 0.009145420 -17.128026962 -0.050141219 -0.008768919 0.998703599 174.519073486
0.998640716 -0.008014652 0.051501714 11.960464478 0.007538809 0.999927104 0.009426972 -17.338153839 -0.051573519 -0.009025895 0.998628438 176.789505005
0.998598456 -0.008594145 0.052223258 12.161502838 0.008069191 0.999914825 0.010254672 -17.547441483 -0.052306943 -0.009818900 0.998582780 179.012512207
0.998582304 -0.010327182 0.052218180 12.375363350 0.009834969 0.999904811 0.009674270 -17.758842468 -0.052313112 -0.009146990 0.998588860 181.301696777
0.998543084 -0.011156221 0.052795056 12.570817947 0.010691790 0.999901652 0.009071146 -17.963518143 -0.052891064 -0.008493455 0.998564184 183.550964355
0.998604059 -0.012937643 0.051209360 12.799132347 0.012487515 0.999880552 0.009100136 -18.180776596 -0.051320985 -0.008447954 0.998646498 185.804473877
0.998606801 -0.014720152 0.050673395 13.004924774 0.014233151 0.999849141 0.009958101 -18.396251678 -0.050812326 -0.009222986 0.998665631 188.054565430
0.998632431 -0.015380130 0.049969558 13.209072113 0.014922293 0.999843299 0.009522573 -18.602993011 -0.050108179 -0.008763888 0.998705387 190.295486450
0.998584330 -0.016614811 0.050528884 13.409760475 0.016169408 0.999826968 0.009210730 -18.816200256 -0.050673164 -0.008380672 0.998680115 192.545257568
0.998557031 -0.017819729 0.050660104 13.598449707 0.017408585 0.999812007 0.008545487 -19.019893646 -0.050802864 -0.007651236 0.998679399 194.780776978
0.998575270 -0.018499231 0.050054260 13.823511124 0.018078562 0.999797463 0.008844058 -19.245788574 -0.050207730 -0.007926547 0.998707473 197.053222656
0.998605311 -0.016584093 0.050124537 14.035814285 0.016177151 0.999832928 0.008513423 -19.455053329 -0.050257344 -0.007690676 0.998706758 199.288055420
0.998609662 -0.013666102 0.050911527 14.228294373 0.013253987 0.999876618 0.008423558 -19.673271179 -0.051020361 -0.007737068 0.998667598 201.559631348
0.998591959 -0.013052984 0.051416393 14.437387466 0.012686475 0.999891758 0.007448170 -19.883611679 -0.051508054 -0.006785391 0.998649538 203.825988770
0.998561502 -0.013236992 0.051958401 14.637201309 0.012826330 0.999883831 0.008229153 -20.094329834 -0.052061304 -0.007550881 0.998615384 206.049514771
0.998534083 -0.014800709 0.052063584 14.864835739 0.014404942 0.999864519 0.007968665 -20.312959671 -0.052174471 -0.007207012 0.998611927 208.334075928
0.998472750 -0.014598988 0.053284146 15.067342758 0.014178358 0.999865294 0.008263672 -20.518243790 -0.053397615 -0.007495569 0.998545229 210.576797485
0.998417437 -0.014475363 0.054341432 15.287747383 0.013963514 0.999854624 0.009787068 -20.747003555 -0.054475211 -0.009012782 0.998474419 212.816131592
0.998361886 -0.013073330 0.055699807 15.519740105 0.012520758 0.999868989 0.010258014 -20.959779739 -0.055826604 -0.009543808 0.998394847 215.046325684
0.998197675 -0.010631675 0.059062846 15.740486145 0.010062362 0.999900043 0.009928233 -21.164836884 -0.059162501 -0.009316028 0.998204887 217.335708618
0.998070240 -0.010699467 0.061168738 15.965339661 0.010091441 0.999896646 0.010240448 -21.373481750 -0.061271980 -0.009603402 0.998074889 219.583862305
0.997934222 -0.011721360 0.063164294 16.191455841 0.011068385 0.999881685 0.010677716 -21.576515198 -0.063281976 -0.009956531 0.997946024 221.824493408
0.997836351 -0.013344345 0.064376928 16.422643661 0.012636502 0.999855280 0.011389947 -21.781288147 -0.064519592 -0.010551806 0.997860670 224.055664062
0.997767568 -0.015760336 0.064897880 16.671478271 0.015080748 0.999826312 0.010948298 -21.996181488 -0.065059170 -0.009945147 0.997831821 226.293167114
0.997748911 -0.017195145 0.064817674 16.916482925 0.016543239 0.999807179 0.010580876 -22.197719574 -0.064987116 -0.009484762 0.997840941 228.542907715
0.997709990 -0.017192291 0.065415040 17.151168823 0.016537677 0.999807715 0.010535403 -22.400945663 -0.065583602 -0.009429464 0.997802496 230.794418335
0.997658789 -0.018093413 0.065951400 17.391424179 0.017489582 0.999799907 0.009721543 -22.609624863 -0.066114105 -0.008545319 0.997775495 233.033401489
0.997615159 -0.019141912 0.066313744 17.629110336 0.018465610 0.999771237 0.010796539 -22.813814163 -0.066505231 -0.009546267 0.997740448 235.270538330
0.997606993 -0.019163264 0.066430606 17.896203995 0.018469082 0.999768376 0.011048222 -23.026498795 -0.066626944 -0.009794872 0.997729838 237.534439087
0.997584164 -0.018883791 0.066852435 18.136880875 0.018197233 0.999775410 0.010863950 -23.234872818 -0.067042567 -0.009621176 0.997703731 239.763549805
0.997550845 -0.018773999 0.067378268 18.378345490 0.018062375 0.999774635 0.011155442 -23.442276001 -0.067572527 -0.009911109 0.997665107 241.993408203
0.997497916 -0.019762579 0.067876481 18.615997314 0.019016590 0.999751627 0.011619026 -23.653570175 -0.068089239 -0.010299173 0.997626066 244.235748291
0.997454524 -0.020161791 0.068395421 18.857460022 0.019441979 0.999748468 0.011173767 -23.870138168 -0.068603523 -0.009815581 0.997595727 246.464920044
0.997483552 -0.019916629 0.068043157 19.120834351 0.019252904 0.999760568 0.010396437 -24.076259613 -0.068233930 -0.009060244 0.997628212 248.704711914
0.997461557 -0.020073226 0.068318643 19.367389679 0.019374561 0.999753177 0.010873874 -24.284610748 -0.068520047 -0.009522628 0.997604311 250.945678711
0.997425914 -0.021162115 0.068509594 19.615783691 0.020461973 0.999731302 0.010905340 -24.495498657 -0.068721958 -0.009475427 0.997590840 253.185729980
0.997417033 -0.021250673 0.068612449 19.871479034 0.020495195 0.999721527 0.011696109 -24.704906464 -0.068841875 -0.010259671 0.997574806 255.447006226
0.997394323 -0.022278512 0.068617150 20.111709595 0.021504380 0.999696732 0.012000063 -24.912538528 -0.068863675 -0.010493225 0.997570872 257.667633057
0.997359157 -0.022253158 0.069134094 20.370525360 0.021418702 0.999688804 0.012788032 -25.131437302 -0.069397151 -0.011273500 0.997525394 259.945587158
0.997324109 -0.021998223 0.069720842 20.619300842 0.021190071 0.999699652 0.012309798 -25.334405899 -0.069970712 -0.010799468 0.997490525 262.185485840
0.997303128 -0.022066522 0.069996387 20.875156403 0.021287935 0.999703109 0.011849837 -25.536891937 -0.070237085 -0.010327799 0.997476995 264.436431885
0.997274041 -0.021287872 0.070649266 21.129955292 0.020520782 0.999722540 0.011565906 -25.747833252 -0.070875853 -0.010084599 0.997434258 266.677368164
0.997206271 -0.020625360 0.071792446 21.379926682 0.019849474 0.999736786 0.011504170 -25.950551987 -0.072010823 -0.010046989 0.997353196 268.923217773
0.997099519 -0.020115526 0.073402137 21.629713058 0.019338703 0.999749362 0.011278597 -26.165224075 -0.073610634 -0.009826379 0.997238636 271.186950684
0.997011364 -0.020835152 0.074391387 21.898672104 0.020017803 0.999730945 0.011715960 -26.375507355 -0.074615486 -0.010191791 0.997160256 273.435485840
0.996816337 -0.021433847 0.076797195 22.140857697 0.020541966 0.999712288 0.012384741 -26.577909470 -0.077040538 -0.010767747 0.996969819 275.685028076
0.996703386 -0.021423524 0.078251846 22.410570145 0.020406336 0.999696851 0.013775616 -26.774377823 -0.078523248 -0.012133371 0.996838450 277.924652100
0.996665835 -0.020433962 0.078990698 22.693294525 0.019317985 0.999702871 0.014866463 -26.983283997 -0.079271004 -0.013290958 0.996764421 280.180908203
0.996573806 -0.020280862 0.080182791 22.969623566 0.019039653 0.999687254 0.016214181 -27.189451218 -0.080486558 -0.014631976 0.996648252 282.417449951
0.996526361 -0.019545071 0.080952205 23.247922897 0.018309243 0.999704659 0.015980484 -27.379386902 -0.081240639 -0.014442803 0.996589839 284.680358887
0.996414781 -0.018482160 0.082559772 23.510217667 0.017266393 0.999732137 0.015415764 -27.571426392 -0.082822584 -0.013934985 0.996466815 286.909423828
0.996415734 -0.017524000 0.082756311 23.793884277 0.016427370 0.999768257 0.013913719 -27.758821487 -0.082980961 -0.012504381 0.996472597 289.160766602
0.996351600 -0.018394370 0.083338916 24.062505722 0.017263645 0.999749184 0.014268181 -27.963451385 -0.083580457 -0.012777390 0.996419132 291.388702393
0.996273935 -0.017988531 0.084348276 24.317996979 0.016916681 0.999767065 0.013405047 -28.161918640 -0.084569760 -0.011928204 0.996346176 293.662445068
0.996297479 -0.018605040 0.083935395 24.597400665 0.017610064 0.999765813 0.012578962 -28.360221863 -0.084149770 -0.011054281 0.996391773 295.889373779
0.996290147 -0.018607277 0.084021263 24.874584198 0.017628353 0.999767959 0.012377885 -28.560890198 -0.084232077 -0.010850810 0.996387064 298.126617432
0.996280670 -0.017947335 0.084277608 25.150434494 0.016951326 0.999777913 0.012518982 -28.759271622 -0.084483564 -0.011043802 0.996363640 300.366973877
0.996203542 -0.017932944 0.085186921 25.398826599 0.016842712 0.999767005 0.013499669 -28.967489243 -0.085409172 -0.012013640 0.996273518 302.599365234
0.996234238 -0.018586235 0.084686138 25.688508987 0.017525099 0.999758542 0.013256485 -29.162738800 -0.084912077 -0.011722431 0.996319413 304.842987061
0.996189356 -0.018240634 0.085286982 25.972965240 0.017142873 0.999760747 0.013586125 -29.366701126 -0.085514404 -0.012072292 0.996263802 307.094757080
0.996179581 -0.018454643 0.085356377 26.250705719 0.017350536 0.999756157 0.013659144 -29.576118469 -0.085587628 -0.012125980 0.996256769 309.347656250
0.996152997 -0.020231372 0.085263513 26.537052155 0.019096931 0.999718130 0.014099904 -29.775798798 -0.085524738 -0.012417390 0.996258676 311.602661133
0.996126831 -0.019613119 0.085712984 26.817520142 0.018524863 0.999737561 0.013473600 -29.978775024 -0.085954748 -0.011833590 0.996228755 313.841674805
0.996114910 -0.019089095 0.085968606 27.098476410 0.017935989 0.999738812 0.014165644 -30.181842804 -0.086216569 -0.012568679 0.996197164 316.092651367
0.996075928 -0.016982267 0.086858451 27.376878738 0.015881510 0.999784768 0.013348406 -30.384603500 -0.087066457 -0.011916584 0.996131241 318.337310791
0.996056259 -0.015924351 0.087283276 27.657644272 0.014777467 0.999795973 0.013770286 -30.583572388 -0.087484740 -0.012426152 0.996088445 320.586547852
0.996012926 -0.014047944 0.088095888 27.937797546 0.012893636 0.999823570 0.013658295 -30.788362503 -0.088272221 -0.012467963 0.996018350 322.824584961
0.995963097 -0.013127427 0.088798426 28.215667725 0.011913666 0.999828517 0.014184941 -30.985664368 -0.088969402 -0.013069765 0.995948613 325.064666748
0.995971441 -0.013298337 0.088680692 28.510517120 0.011973016 0.999808788 0.015460146 -31.194129944 -0.088869341 -0.014336085 0.995940208 327.297973633
0.995925069 -0.013807520 0.089121453 28.788576126 0.012480529 0.999803066 0.015429840 -31.399980545 -0.089316949 -0.014254680 0.995901227 329.545227051
0.995951414 -0.015073560 0.088620171 29.089315414 0.013841798 0.999799073 0.014497541 -31.594846725 -0.088820897 -0.013212183 0.995959997 331.783416748
0.995938241 -0.014852530 0.088805176 29.367506027 0.013638679 0.999805272 0.014259944 -31.793735504 -0.088999689 -0.012990840 0.995946944 333.991149902
0.995918453 -0.015144537 0.088977292 29.654859543 0.013832260 0.999786675 0.015346618 -31.989772797 -0.089190729 -0.014053225 0.995915413 336.238555908
0.995962143 -0.015733739 0.088384710 29.956260681 0.014437201 0.999778807 0.015289432 -32.184928894 -0.088605717 -0.013951668 0.995968997 338.474395752
0.995966375 -0.015624222 0.088356428 30.239374161 0.014293189 0.999774933 0.015677050 -32.387397766 -0.088581510 -0.014350919 0.995965540 340.719451904
0.996003747 -0.015693361 0.087921493 30.531667709 0.014377302 0.999775350 0.015581888 -32.588912964 -0.088146262 -0.014255548 0.996005476 342.964447021
0.996012449 -0.015736541 0.087817036 30.816982269 0.014404903 0.999771774 0.015776996 -32.781459808 -0.088045277 -0.014449086 0.996011674 345.210144043
0.996068597 -0.015763065 0.087171845 31.105129242 0.014425133 0.999768555 0.015957000 -32.975189209 -0.087403208 -0.014636802 0.996065438 347.446258545
0.996109724 -0.015729751 0.086705424 31.389764786 0.014413273 0.999771476 0.015788551 -33.170036316 -0.086933970 -0.014477420 0.996109009 349.692718506
0.996120453 -0.015337826 0.086654849 31.671007156 0.013977820 0.999769747 0.016279591 -33.369365692 -0.086884588 -0.015005183 0.996105373 351.932250977
0.996143699 -0.015774893 0.086306602 31.948085785 0.014407447 0.999760926 0.016444128 -33.560279846 -0.086545378 -0.015137256 0.996132910 354.158111572
0.996164918 -0.015630228 0.086088292 32.225795746 0.014297036 0.999768496 0.016081175 -33.758010864 -0.086319715 -0.014788695 0.996157706 356.392517090
0.996206641 -0.015918501 0.085550956 32.508224487 0.014558977 0.999758124 0.016491901 -33.951744080 -0.085792765 -0.015183809 0.996197283 358.623352051
0.996290624 -0.015635669 0.084619634 32.800151825 0.014240899 0.999752998 0.017061438 -34.144714355 -0.084865488 -0.015793089 0.996267259 360.863494873
0.996331453 -0.015843080 0.084098399 33.086227417 0.014441939 0.999747038 0.017243044 -34.344612122 -0.084350333 -0.015965242 0.996308267 363.111511230
0.996370614 -0.015703529 0.083659694 33.371414185 0.014286187 0.999744534 0.017513596 -34.534973145 -0.083913356 -0.016254855 0.996340394 365.357086182
0.996417761 -0.015853629 0.083068147 33.651180267 0.014478354 0.999748409 0.017132342 -34.733901978 -0.083318867 -0.015868282 0.996396542 367.609191895
0.996445298 -0.015999949 0.082709186 33.927494049 0.014651874 0.999750137 0.016880361 -34.929649353 -0.082958609 -0.015608513 0.996430755 369.847778320
0.996433794 -0.015762029 0.082892872 34.195499420 0.014463533 0.999763548 0.016242040 -35.121192932 -0.083129272 -0.014985194 0.996426165 372.103942871
0.996474683 -0.015963608 0.082360849 34.477039337 0.014707386 0.999766409 0.015836911 -35.313632965 -0.082594447 -0.014569769 0.996476650 374.366333008
0.996521771 -0.015645914 0.081851020 34.760181427 0.014326077 0.999758124 0.016687416 -35.507709503 -0.082092308 -0.015456770 0.996504843 376.622894287
0.996473193 -0.015802070 0.082410082 35.022384644 0.014462911 0.999753892 0.016821746 -35.699066162 -0.082655624 -0.015570530 0.996456504 378.884094238
0.996476352 -0.016609242 0.082212180 35.295070648 0.015250690 0.999737024 0.017125474 -35.896549225 -0.082475014 -0.015811343 0.996467710 381.120239258
0.996507347 -0.016689565 0.081820250 35.579555511 0.015341039 0.999736309 0.017082635 -36.084953308 -0.082083784 -0.015767762 0.996500790 383.374603271
0.996512532 -0.015993936 0.081894323 35.856510162 0.014617468 0.999742091 0.017379927 -36.282733917 -0.082151182 -0.016122228 0.996489584 385.627685547
0.996534586 -0.015308574 0.081757985 36.135860443 0.013928603 0.999751210 0.017422510 -36.472167969 -0.082004361 -0.016223362 0.996499836 387.879333496
0.996549904 -0.014200338 0.081771307 36.413536072 0.012824818 0.999767721 0.017322330 -36.671409607 -0.081998304 -0.016213866 0.996500552 390.145660400
0.996548057 -0.012380645 0.082089178 36.687198639 0.010993758 0.999789476 0.017325416 -36.868751526 -0.082286388 -0.016363144 0.996474326 392.425354004
0.996549308 -0.011073414 0.082259923 36.958602905 0.009571560 0.999780655 0.018629411 -37.057518005 -0.082448170 -0.017777771 0.996436715 394.681365967
0.996517479 -0.010214024 0.082757473 37.231235504 0.008677737 0.999783635 0.018902207 -37.250408173 -0.082932629 -0.018118229 0.996390462 396.948486328
0.996432245 -0.009364267 0.083874941 37.493587494 0.007920413 0.999814928 0.017530616 -37.451442719 -0.084023580 -0.016803749 0.996322036 399.204589844
0.996396780 -0.009504667 0.084279895 37.771526337 0.008097033 0.999822199 0.017028008 -37.647380829 -0.084426768 -0.016284233 0.996296585 401.472412109
0.996259511 -0.010668300 0.085751235 38.033885956 0.009108548 0.999786317 0.018559987 -37.843177795 -0.085930921 -0.017709494 0.996143699 403.711608887
0.996276736 -0.012503001 0.085301466 38.321804047 0.010916497 0.999759078 0.019039966 -38.031284332 -0.085518964 -0.018037880 0.996173263 406.000000000
0.996237278 -0.013003837 0.085687377 38.600780487 0.011443484 0.999760091 0.018675953 -38.219543457 -0.085909665 -0.017625121 0.996147037 408.250427246
0.996193111 -0.012089662 0.086331360 38.900684357 0.010554610 0.999778509 0.018215293 -38.414787292 -0.086532459 -0.017234761 0.996099949 410.520690918
0.996168673 -0.011274030 0.086722955 39.192657471 0.009706662 0.999782205 0.018473776 -38.611022949 -0.086912356 -0.017561210 0.996061146 412.779541016
0.996100843 -0.010005396 0.087652780 39.469650269 0.008446640 0.999799967 0.018136187 -38.806064606 -0.087816693 -0.017325098 0.995985985 415.031524658
0.996001482 -0.009030991 0.088878900 39.752994537 0.007444725 0.999807298 0.018162843 -38.998901367 -0.089025818 -0.017428543 0.995876849 417.292327881
0.995960951 -0.009280247 0.089306377 40.047760010 0.007694482 0.999806881 0.018084366 -39.194320679 -0.089456946 -0.017324151 0.995840013 419.545684814
0.995859206 -0.009573588 0.090402693 40.330406189 0.007970010 0.999804854 0.018082527 -39.384193420 -0.090558156 -0.017287141 0.995741248 421.797363281
0.995792627 -0.009723430 0.091118149 40.614631653 0.008135446 0.999808908 0.017782973 -39.576480865 -0.091273658 -0.016966868 0.995681286 424.044494629
0.995730937 -0.010193456 0.091738105 40.909523010 0.008491425 0.999784887 0.018924385 -39.770904541 -0.091911279 -0.018064603 0.995603442 426.314819336
0.995690823 -0.009415792 0.092255719 41.203975677 0.007652514 0.999781609 0.019448115 -39.960945129 -0.092418678 -0.018658321 0.995545387 428.566986084
0.995634377 -0.008772761 0.092926137 41.503162384 0.006908132 0.999768674 0.020368414 -40.151828766 -0.093083344 -0.019637549 0.995464623 430.855163574
0.995580375 -0.008467210 0.093531176 41.802440643 0.006593551 0.999771714 0.020323368 -40.341083527 -0.093681909 -0.019616839 0.995408893 433.131042480
0.995562494 -0.009387318 0.093632989 42.113357544 0.007556244 0.999773562 0.019891294 -40.540863037 -0.093798518 -0.019095512 0.995407999 435.407348633
0.995555282 -0.008378752 0.093804911 42.420009613 0.006509537 0.999774396 0.020214915 -40.722000122 -0.093953148 -0.019514440 0.995385289 437.680145264
0.995505989 -0.008775782 0.094290510 42.721645355 0.006839488 0.999759436 0.020838978 -40.919082642 -0.094450712 -0.020100433 0.995326519 439.975128174
0.995535195 -0.008920876 0.093968652 43.031856537 0.006979175 0.999755681 0.020971717 -41.105361938 -0.094132788 -0.020222260 0.995354235 442.248046875
0.995496869 -0.008130199 0.094444655 43.331295013 0.006084310 0.999741018 0.021930102 -41.304855347 -0.094598480 -0.021256719 0.995288551 444.527862549
0.995480597 -0.008921064 0.094544306 43.639366150 0.006838204 0.999727249 0.022331657 -41.494293213 -0.094717734 -0.021584220 0.995270133 446.806549072
0.995444894 -0.008880164 0.094924040 43.934486389 0.006830358 0.999736845 0.021897323 -41.683555603 -0.095093526 -0.021149212 0.995243609 449.069488525
0.995441258 -0.008325123 0.095011927 44.240760803 0.006285943 0.999743879 0.021741509 -41.873123169 -0.095168613 -0.021045158 0.995238602 451.322143555
0.995412230 -0.008275281 0.095320620 44.545635223 0.006260033 0.999750912 0.021421468 -42.062088013 -0.095474131 -0.020726480 0.995216131 453.594757080
0.995329082 -0.007447102 0.096252583 44.841854095 0.005403525 0.999754727 0.021474648 -42.242752075 -0.096388906 -0.020854233 0.995125234 455.868041992
0.995259583 -0.007827284 0.096938103 45.133411407 0.005765579 0.999751568 0.021530136 -42.443977356 -0.097082540 -0.020869171 0.995057523 458.138000488
0.995278060 -0.007273033 0.096792012 45.451473236 0.005269340 0.999766767 0.020940552 -42.635128021 -0.096921749 -0.020331642 0.995084286 460.422454834
0.995250642 -0.006512338 0.097127624 45.757675171 0.004462723 0.999763072 0.021304630 -42.822868347 -0.097243339 -0.020769993 0.995043874 462.707641602
0.995289207 -0.006256871 0.096748494 46.066463470 0.004077038 0.999733686 0.022712229 -43.011215210 -0.096864849 -0.022210790 0.995049715 464.988861084
0.995321989 -0.006902263 0.096365757 46.367092133 0.004718447 0.999727249 0.022871271 -43.192543030 -0.096497335 -0.022309581 0.995083213 467.254180908
0.995421708 -0.006580660 0.095352791 46.681365967 0.004523609 0.999752581 0.021773184 -43.380630493 -0.095472500 -0.021242164 0.995205402 469.537170410
0.995509505 -0.006589475 0.094431765 47.000469208 0.004563261 0.999755025 0.021656813 -43.574344635 -0.094551332 -0.021128645 0.995295703 471.836761475
0.995550692 -0.006973311 0.093969069 47.303760529 0.004818445 0.999720633 0.023139063 -43.772605896 -0.094104171 -0.022583324 0.995306134 474.119018555
0.995512128 -0.006911320 0.094382100 47.594654083 0.004727251 0.999716282 0.023344725 -43.958694458 -0.094516665 -0.022793787 0.995262325 476.406463623
0.995604634 -0.006639541 0.093420379 47.895774841 0.004500530 0.999723315 0.023088701 -44.132240295 -0.093547836 -0.022566775 0.995358944 478.678497314
0.995634496 -0.006773941 0.093090996 48.199775696 0.004586732 0.999708772 0.023689304 -44.315116882 -0.093224339 -0.023158900 0.995375752 480.962036133
0.995642126 -0.007540997 0.092950851 48.498470306 0.005287510 0.999686658 0.024466336 -44.501457214 -0.093106233 -0.023868237 0.995370030 483.232513428
0.995674908 -0.008156677 0.092547029 48.794353485 0.005972625 0.999697626 0.023851868 -44.685180664 -0.092713602 -0.023195956 0.995422602 485.506225586
0.995724916 -0.008624963 0.091964968 49.096366882 0.006448106 0.999692678 0.023941437 -44.869766235 -0.092143178 -0.023246085 0.995474458 487.795288086
0.995751202 -0.008549909 0.091686361 49.374225616 0.006352110 0.999686062 0.024235923 -45.046714783 -0.091864802 -0.023550550 0.995492876 490.070678711
0.995782137 -0.008088535 0.091392241 49.674137115 0.005862820 0.999680281 0.024595715 -45.221839905 -0.091561966 -0.023956161 0.995511174 492.373382568
0.995832086 -0.007704187 0.090879001 49.976860046 0.005434677 0.999667823 0.025193945 -45.402893066 -0.091042921 -0.024595041 0.995543182 494.659057617
0.995840430 -0.007420303 0.090811424 50.264816284 0.005215801 0.999686480 0.024488883 -45.578521729 -0.090964697 -0.023913367 0.995566905 496.958343506
0.995857537 -0.007273027 0.090636037 50.570167542 0.005094609 0.999693096 0.024243014 -45.769973755 -0.090784550 -0.023680830 0.995588899 499.273895264
0.995890558 -0.007019635 0.090291843 50.865509033 0.004800052 0.999681652 0.024776008 -45.948562622 -0.090436995 -0.024240792 0.995607138 501.570281982
0.995913804 -0.006690428 0.090060256 51.160240173 0.004444468 0.999674797 0.025115887 -46.134330750 -0.090198986 -0.024612989 0.995619595 503.852325439
0.995946586 -0.005730927 0.089764088 51.457252502 0.003557566 0.999697089 0.024353242 -46.316474915 -0.089876443 -0.023935186 0.995665252 506.138153076
0.995930493 -0.005607991 0.089950271 51.743762970 0.003367536 0.999680698 0.025040179 -46.498794556 -0.090061978 -0.024635365 0.995631576 508.425292969
0.995957851 -0.006058631 0.089616291 52.040115356 0.003913228 0.999701977 0.024096224 -46.682929993 -0.089735582 -0.023648137 0.995684862 510.723846436
0.995998263 -0.006824339 0.089111410 52.347301483 0.004610098 0.999676049 0.025030216 -46.871215820 -0.089253351 -0.024519240 0.995707035 513.022521973
0.996006787 -0.006649052 0.089028902 52.642662048 0.004437320 0.999677300 0.025017753 -47.045921326 -0.089166492 -0.024522806 0.995714784 515.338256836
0.996039152 -0.006130029 0.088703953 52.938816071 0.003953234 0.999687135 0.024694897 -47.226116180 -0.088827588 -0.024246421 0.995751858 517.646667480
0.996019602 -0.005063830 0.088990457 53.218490601 0.002878367 0.999691546 0.024669586 -47.411430359 -0.089087926 -0.024315247 0.995726883 519.938110352
0.995985985 -0.003341855 0.089446589 53.519653320 0.001145660 0.999696910 0.024593219 -47.594108582 -0.089501671 -0.024392029 0.995687902 522.286254883
0.995826721 -0.000957996 0.091258176 53.794345856 -0.001311136 0.999691546 0.024801774 -47.774795532 -0.091253787 -0.024817925 0.995518327 524.616210938
0.995870948 0.000314400 0.090779990 54.114772797 -0.002650106 0.999668479 0.025609916 -47.946228027 -0.090741843 -0.025744744 0.995541632 526.945617676
0.995785356 0.000181356 0.091714390 54.400058746 -0.002521858 0.999674082 0.025404224 -48.124458313 -0.091679901 -0.025528440 0.995461226 529.242309570
0.995728910 -0.001715821 0.092309333 54.691871643 -0.000772598 0.999637425 0.026914906 -48.303318024 -0.092322037 -0.026871266 0.995366514 531.552307129
0.995675564 -0.003246997 0.092841834 54.999229431 0.000767034 0.999642193 0.026734915 -48.481773376 -0.092895433 -0.026548091 0.995321870 533.872619629
0.995654583 -0.003286853 0.093064830 55.305828094 0.000867894 0.999661028 0.026020739 -48.657428741 -0.093118817 -0.025826899 0.995319903 536.181335449
0.995573521 -0.003575464 0.093918093 55.607269287 0.001162266 0.999668002 0.025736850 -48.838485718 -0.093978949 -0.025513768 0.995247126 538.493774414
0.995477974 -0.002896691 0.094949633 55.902927399 0.000503631 0.999681950 0.025217744 -49.020416260 -0.094992489 -0.025055889 0.995162606 540.803710938
0.995386362 -0.002305693 0.095919825 56.201324463 -0.000096421 0.999686658 0.025030766 -49.206146240 -0.095947474 -0.024924530 0.995074272 543.120239258
0.995306551 -0.002038360 0.096750744 56.509792328 -0.000286675 0.999711573 0.024011206 -49.387130737 -0.096771799 -0.023926243 0.995018899 545.440124512
0.995191276 -0.002092030 0.097928256 56.812011719 -0.000339761 0.999692082 0.024809103 -49.571895599 -0.097950011 -0.024723075 0.994884193 547.752075195
0.995061934 -0.002044230 0.099235043 57.104373932 -0.000463152 0.999681354 0.025237488 -49.750633240 -0.099254996 -0.025158824 0.994743943 550.055480957
0.994985700 -0.001988051 0.099996753 57.413284302 -0.000545516 0.999679685 0.025302771 -49.932319641 -0.100015022 -0.025230449 0.994665921 552.356201172
0.995025098 -0.002987738 0.099579565 57.739768982 0.000561675 0.999702573 0.024382206 -50.112052917 -0.099622801 -0.024204971 0.994730830 554.666564941
0.995042384 -0.003212992 0.099401318 58.065223694 0.000744659 0.999690711 0.024859134 -50.296249390 -0.099450462 -0.024661865 0.994736791 556.980834961
0.994994462 -0.002946252 0.099886760 58.380027771 0.000418200 0.999679267 0.025320677 -50.477821350 -0.099929325 -0.025152162 0.994676590 559.285888672
0.995003521 -0.002492625 0.099808708 58.705581665 -0.000126226 0.999656081 0.026223792 -50.657665253 -0.099839740 -0.026105363 0.994661033 561.617187500
0.995021105 -0.003251724 0.099612571 59.034748077 0.000562271 0.999634862 0.027015315 -50.841342926 -0.099664047 -0.026824800 0.994659483 563.940429688
0.994968891 -0.002558018 0.100151628 59.354095459 -0.000228243 0.999613523 0.027799098 -51.018127441 -0.100184016 -0.027682092 0.994583905 566.256591797
0.994918048 -0.001775301 0.100672588 59.680519104 -0.000949701 0.999634624 0.027013579 -51.197952271 -0.100683764 -0.026971903 0.994552791 568.574951172
0.994935751 -0.000927876 0.100509733 60.018383026 -0.001642263 0.999673843 0.025485301 -51.371986389 -0.100500613 -0.025521290 0.994609714 570.910095215
0.994962096 -0.000565902 0.100250237 60.358482361 -0.002021819 0.999667406 0.025709137 -51.555778503 -0.100231461 -0.025782308 0.994630039 573.241027832
0.994944453 -0.000406604 0.100425765 60.689537048 -0.002231059 0.999655426 0.026151093 -51.731094360 -0.100401804 -0.026242943 0.994600832 575.559204102
0.994893968 -0.000443483 0.100924142 61.009986877 -0.002362620 0.999613941 0.027682841 -51.924125671 -0.100897469 -0.027779939 0.994508922 577.898376465
0.994830072 0.000433850 0.101552442 61.329357147 -0.003095980 0.999655545 0.026058203 -52.097675323 -0.101506166 -0.026237885 0.994488895 580.227600098
0.994861424 -0.000799926 0.101242542 61.659618378 -0.001971673 0.999626100 0.027272807 -52.292221069 -0.101226501 -0.027332278 0.994487882 582.550720215
0.994845748 -0.001373000 0.101390451 61.985740662 -0.001393352 0.999628782 0.027208289 -52.468334198 -0.101390176 -0.027209323 0.994474530 584.876098633
0.994914532 -0.002661619 0.100688711 62.333793640 -0.000151450 0.999610126 0.027920313 -52.652938843 -0.100723810 -0.027793569 0.994526088 587.238464355
0.994887054 -0.004052910 0.100912496 62.653476715 0.001308598 0.999627888 0.027246321 -52.832805634 -0.100985393 -0.026974961 0.994522154 589.564880371
0.994916737 -0.004612227 0.100595437 62.988998413 0.001890128 0.999629855 0.027138406 -53.009651184 -0.100683361 -0.026810315 0.994557202 591.907897949
0.994900525 -0.006472640 0.100653179 63.314250946 0.003691914 0.999607027 0.027788587 -53.193367004 -0.100793503 -0.027275277 0.994533420 594.240417480
0.994935334 -0.007328187 0.100249849 63.652530670 0.004550080 0.999599874 0.027912471 -53.371513367 -0.100414298 -0.027314955 0.994570673 596.595275879
