1.000000000 0.000000000 0.000000000 0.000000000 0.000000000 1.000000000 0.000000000 0.000000000 0.000000000 0.000000000 1.000000000 0.000000000
0.999999881 0.000196885 0.000485820 0.085783280 -0.000196813 0.999999940 -0.000148326 -0.225962713 -0.000485850 0.000148231 0.999999881 2.290969849
0.999999046 0.000557274 0.001252450 0.164090246 -0.000557790 0.999999762 0.000411713 -0.463116854 -0.001252220 -0.000412411 0.999999106 4.588997364
0.999998391 0.000214533 0.001746643 0.261403710 -0.000215612 0.999999762 0.000617698 -0.694723904 -0.001746510 -0.000618074 0.999998212 6.878360748
0.999996603 0.000168473 0.002606106 0.355188280 -0.000165478 0.999999344 -0.001149147 -0.926710129 -0.002606298 0.001148712 0.999995947 9.177248001
0.999987304 0.001927313 0.004655830 0.446957767 -0.001928389 0.999998152 0.000226801 -1.162829399 -0.004655384 -0.000235777 0.999989152 11.483069420
0.999966562 0.003779835 0.007244930 0.534054458 -0.003789399 0.999991953 0.001306923 -1.391799331 -0.007239933 -0.001334333 0.999972820 13.791683197
0.999949276 0.003651546 0.009386282 0.644718766 -0.003687668 0.999985814 0.003834023 -1.619710326 -0.009372149 -0.003868442 0.999948561 16.062696457
0.999943078 0.003523058 0.010071648 0.770254970 -0.003572117 0.999981761 0.004857076 -1.849421859 -0.010054355 -0.004892775 0.999937415 18.417392731
0.999934018 0.002723933 0.011160173 0.892250478 -0.002780914 0.999983132 0.005093429 -2.075181007 -0.011146110 -0.005124129 0.999924719 20.705322266
0.999929368 0.000261276 0.011875477 1.004944921 -0.000298328 0.999995112 0.003118378 -2.309701443 -0.011874603 -0.003121701 0.999924600 23.028768539
0.999916196 -0.001977192 0.012791536 1.112411737 0.001960402 0.999997199 0.001325054 -2.532196522 -0.012794121 -0.001299866 0.999917269 25.309549332
0.999917150 -0.002662885 0.012605346 1.249215126 0.002656803 0.999996364 0.000499149 -2.777079344 -0.012606631 -0.000465618 0.999920428 27.630750656
0.999907315 -0.002339258 0.013415710 1.358007193 0.002346423 0.999997139 -0.000518313 -3.002091646 -0.013414459 0.000549744 0.999909878 29.918010712
0.999900401 -0.000017697 0.014111781 1.474060774 -0.000012395 0.999997735 0.002132290 -3.232449532 -0.014111788 -0.002132253 0.999898076 32.203609467
0.999898136 0.002059961 0.014123637 1.603826046 -0.002118347 0.999989331 0.004120203 -3.450573921 -0.014114998 -0.004149702 0.999891758 34.486625671
0.999870777 0.004075877 0.015551584 1.715769768 -0.004209938 0.999954164 0.008597371 -3.685605288 -0.015515827 -0.008661732 0.999842048 36.787837982
0.999850750 0.005900631 0.016240807 1.831471920 -0.006034223 0.999948263 0.008189078 -3.903194904 -0.016191646 -0.008285858 0.999834538 39.061306000
0.999825597 0.004884656 0.018023912 1.937783480 -0.005004857 0.999965489 0.006629884 -4.108502865 -0.017990906 -0.006718935 0.999815583 41.364360809
0.999828279 0.002412557 0.018372012 2.058840752 -0.002523524 0.999978721 0.006019224 -4.335389137 -0.018357098 -0.006064553 0.999813199 43.644100189
0.999823511 0.002488145 0.018626932 2.189893484 -0.002566295 0.999987960 0.004172814 -4.551265717 -0.018616324 -0.004219879 0.999817789 45.881366730
0.999820530 0.001893426 0.018850803 2.314551830 -0.001959624 0.999991953 0.003493817 -4.783050060 -0.018844036 -0.003530131 0.999816179 48.155815125
0.999816954 0.000711349 0.019119611 2.447383642 -0.000787922 0.999991715 0.003997732 -5.011855125 -0.019116608 -0.004012065 0.999809206 50.435745239
0.999795675 -0.000123391 0.020212373 2.575913429 0.000036261 0.999990702 0.004311021 -5.235360622 -0.020212715 -0.004309408 0.999786377 52.703937531
0.999792278 -0.001338599 0.020337362 2.714257240 0.001253504 0.999990344 0.004196361 -5.462444782 -0.020342784 -0.004169995 0.999784410 54.985939026
0.999759793 -0.001287370 0.021885324 2.835965157 0.001188258 0.999988914 0.004541086 -5.689513206 -0.021890927 -0.004513990 0.999750197 57.274986267
0.999739349 -0.002625203 0.022680344 2.974232674 0.002505251 0.999982655 0.005315620 -5.914161205 -0.022693906 -0.005257415 0.999728620 59.541656494
0.999704778 -0.004233951 0.023924556 3.102912664 0.004119565 0.999979854 0.004828323 -6.137535572 -0.023944521 -0.004728339 0.999702096 61.813701630
0.999686241 -0.004905017 0.024563512 3.255266905 0.004795520 0.999978304 0.004514647 -6.358760357 -0.024585124 -0.004395435 0.999688089 64.069137573
0.999657273 -0.004441507 0.025803555 3.395654440 0.004309842 0.999977350 0.005155983 -6.580074310 -0.025825873 -0.005043007 0.999653757 66.337738037
0.999641955 -0.003489370 0.026529886 3.545362711 0.003344195 0.999979198 0.005514535 -6.805092812 -0.026548577 -0.005423838 0.999632835 68.595123291
0.999604762 -0.003692952 0.027869383 3.683711529 0.003550790 0.999980450 0.005148777 -7.027661800 -0.027887851 -0.005047784 0.999598324 70.849327087
0.999587655 -0.004560278 0.028349776 3.844680309 0.004456620 0.999983072 0.003718537 -7.248811245 -0.028366257 -0.003590659 0.999591172 73.103370667
0.999574482 -0.005295234 0.028689589 4.004470348 0.005176550 0.999977767 0.004209548 -7.476683617 -0.028711243 -0.004059244 0.999579489 75.385276794
0.999530375 -0.006486929 0.029949609 4.163630486 0.006388691 0.999973893 0.003374658 -7.702626705 -0.029970720 -0.003181734 0.999545693 77.650733948
0.999521136 -0.007513913 0.030014573 4.318872452 0.007407987 0.999965966 0.003638798 -7.938601494 -0.030040892 -0.003414707 0.999542832 79.914131165
0.999488771 -0.007985073 0.030955020 4.467278481 0.007893066 0.999964058 0.003093375 -8.152687073 -0.030978614 -0.002847463 0.999515951 82.170455933
0.999482751 -0.007188943 0.031345606 4.638325214 0.007108635 0.999971151 0.002672756 -8.374432564 -0.031363919 -0.002448549 0.999504983 84.453216553
0.999435663 -0.006897772 0.032874778 4.795257568 0.006800915 0.999972165 0.003057146 -8.592745781 -0.032894950 -0.002831842 0.999454796 86.708633423
0.999429584 -0.006661406 0.033107657 4.959720612 0.006515881 0.999968648 0.004501456 -8.827314377 -0.033136606 -0.004283163 0.999441683 88.982734680
0.999398410 -0.005688233 0.034212794 5.119117260 0.005509498 0.999970675 0.005316182 -9.055819511 -0.034242034 -0.005124490 0.999400377 91.236160278
0.999371171 -0.005254398 0.035066839 5.288050175 0.005075667 0.999973655 0.005183948 -9.276548386 -0.035093155 -0.005002701 0.999371529 93.491287231
0.999351382 -0.005301852 0.035616495 5.455119133 0.005149270 0.999977171 0.004374370 -9.491734505 -0.035638865 -0.004188134 0.999355972 95.745750427
0.999318063 -0.005756412 0.036473148 5.621371269 0.005583655 0.999972701 0.004836645 -9.713498116 -0.036500003 -0.004629694 0.999322951 97.993629456
0.999278605 -0.005521386 0.037572592 5.782534599 0.005364404 0.999976456 0.004277640 -9.944941521 -0.037595324 -0.004073000 0.999284685 100.237052917
0.999225199 -0.005560102 0.038959473 5.943155289 0.005355642 0.999971330 0.005350423 -10.162982941 -0.038988106 -0.005137625 0.999226451 102.469253540
0.999217391 -0.006095404 0.039083190 6.138102531 0.005895820 0.999969006 0.005219836 -10.386939049 -0.039113794 -0.004985323 0.999222338 104.742416382
0.999179304 -0.006865152 0.039920218 6.314665318 0.006636600 0.999960780 0.005854936 -10.602489471 -0.039958857 -0.005585195 0.999185741 106.978553772
0.999158323 -0.008326744 0.040162690 6.501185417 0.008097510 0.999949992 0.005866917 -10.817901611 -0.040209532 -0.005536763 0.999175847 109.230690002
0.999122560 -0.009424708 0.040806815 6.683839798 0.009149903 0.999934196 0.006915815 -11.044175148 -0.040869310 -0.006536367 0.999143064 111.485221863
0.999103844 -0.010336922 0.041044150 6.875819206 0.010123869 0.999934196 0.005395322 -11.263540268 -0.041097227 -0.004974961 0.999142766 113.749679565
0.999054968 -0.010746690 0.042113308 7.056385994 0.010571726 0.999934554 0.004375111 -11.483639717 -0.042157579 -0.003925766 0.999103248 116.002571106
0.999016225 -0.010922177 0.042980023 7.238759041 0.010719171 0.999930263 0.004950906 -11.712116241 -0.043031093 -0.004485326 0.999063671 118.252265930
0.998970687 -0.011195162 0.043956831 7.426833630 0.010956467 0.999923944 0.005667401 -11.933809280 -0.044016931 -0.005179955 0.999017358 120.510810852
0.998952568 -0.012057208 0.044141654 7.628866673 0.011782059 0.999909639 0.006488138 -12.159414291 -0.044215888 -0.005961262 0.999004185 122.716629028
0.998887002 -0.013115873 0.045306526 7.819642067 0.012856771 0.999899328 0.006005537 -12.386343956 -0.045380730 -0.005416358 0.998955071 125.024635315
0.998850584 -0.013627376 0.045953084 8.002971649 0.013391370 0.999895453 0.005439758 -12.613163948 -0.046022419 -0.004818130 0.998928726 127.293174744
0.998830855 -0.015148974 0.045906808 8.193405151 0.014896418 0.999871969 0.005838632 -12.831957817 -0.045989387 -0.005147959 0.998928607 129.555252075
0.998850465 -0.016234668 0.045102410 8.382155418 0.015970886 0.999853194 0.006202757 -13.050573349 -0.045196485 -0.005475300 0.998963118 131.808776855
0.998908579 -0.016666032 0.043634597 8.579549789 0.016376942 0.999841511 0.006974379 -13.263775826 -0.043743927 -0.006252165 0.999023199 134.046997070
0.998964310 -0.017530734 0.041985992 8.771833420 0.017249398 0.999826252 0.007053613 -13.490402222 -0.042102359 -0.006322075 0.999093294 136.301940918
0.999025345 -0.018402632 0.040120464 8.976145744 0.018146660 0.999812603 0.006735052 -13.706081390 -0.040236887 -0.006000435 0.999172151 138.530776978
0.999012828 -0.019003978 0.040152460 9.139045715 0.018753115 0.999802232 0.006615144 -13.922719955 -0.040270235 -0.005855630 0.999171674 140.817337036
0.999003291 -0.019268729 0.040265515 9.308657646 0.019013587 0.999796689 0.006709837 -14.130719185 -0.040386625 -0.005937556 0.999166489 143.051666260
0.999046206 -0.019503083 0.039068431 9.499576569 0.019194067 0.999781728 0.008269263 -14.361637115 -0.039221179 -0.007511496 0.999202311 145.295043945
0.999062777 -0.018662067 0.039052803 9.675819397 0.018400040 0.999805808 0.007058230 -14.574150085 -0.039176941 -0.006333041 0.999212205 147.549453735
0.999081492 -0.017560387 0.039085295 9.856419563 0.017358655 0.999834239 0.005494698 -14.789951324 -0.039175302 -0.004811184 0.999220788 149.791336060
0.999091208 -0.016117238 0.039458629 10.030891418 0.015945105 0.999861956 0.004673277 -15.011209488 -0.039528500 -0.004039858 0.999210298 152.042297363
0.999099791 -0.015282749 0.039572481 10.217929840 0.015107454 0.999874830 0.004724943 -15.227540970 -0.039639734 -0.004122850 0.999205530 154.281448364
0.999081910 -0.014675853 0.040247373 10.400251389 0.014486554 0.999882638 0.004991030 -15.445266724 -0.040315889 -0.004403402 0.999177217 156.536392212
0.999084532 -0.013428032 0.040620115 10.572601318 0.013166204 0.999890804 0.006706515 -15.670310974 -0.040705737 -0.006165563 0.999152124 158.770889282
0.999029815 -0.012815121 0.042132907 10.752771378 0.012503589 0.999892533 0.007649305 -15.886757851 -0.042226415 -0.007115072 0.999082744 161.013885498
0.999011934 -0.011562197 0.042911798 10.924413681 0.011164479 0.999892533 0.009496417 -16.109418869 -0.043016989 -0.009007948 0.999033689 163.291824341
0.998983741 -0.011313263 0.043628417 11.111735344 0.010966631 0.999906421 0.008176300 -16.308084488 -0.043716837 -0.007689534 0.999014378 165.553527832
0.998945773 -0.010621505 0.044660166 11.306044579 0.010325129 0.999923170 0.006861683 -16.521753311 -0.044729609 -0.006393326 0.998978615 167.802078247
0.998866558 -0.008802117 0.046778280 11.490380287 0.008476621 0.999938548 0.007152134 -16.737991333 -0.046838351 -0.006747504 0.998879731 170.034881592
0.998750150 -0.008379597 0.049273562 11.679905891 0.008033342 0.999941647 0.007221066 -16.961406708 -0.049331203 -0.006816210 0.998759210 172.315597534
0.998642683 -0.008610115 0.051366411 11.884153366 0.008268281 0.999942243 0.006863568 -17.174413681 -0.051422536 -0.006429541 0.998656273 174.579971313
0.998562157 -0.009024900 0.052841011 12.093612671 0.008664803 0.999937654 0.007039912 -17.388866425 -0.052901261 -0.006571933 0.998578131 176.835968018
0.998502910 -0.009558104 0.053857334 12.300719261 0.009141010 0.999926329 0.007985451 -17.606830597 -0.053929690 -0.007481184 0.998516738 179.068389893
0.998441875 -0.010730377 0.054759700 12.496877670 0.010321735 0.999916792 0.007739799 -17.817228317 -0.054838188 -0.007162525 0.998469591 181.304016113
0.998505592 -0.011296717 0.053469632 12.718007088 0.010893920 0.999910235 0.007818678 -18.046947479 -0.053553142 -0.007224499 0.998538852 183.588943481
0.998516202 -0.012772916 0.052936476 12.933361053 0.012387853 0.999894440 0.007595817 -18.263620377 -0.053027917 -0.006928778 0.998569012 185.844177246
0.998517036 -0.014780713 0.052395098 13.146221161 0.014363367 0.999862075 0.008333037 -18.475919724 -0.052511040 -0.007568108 0.998591721 188.077606201
0.998537660 -0.015412444 0.051816065 13.363063812 0.015049391 0.999859452 0.007389448 -18.682922363 -0.051922675 -0.006598842 0.998629332 190.329132080
0.998502433 -0.016495012 0.052161895 13.563502312 0.016128415 0.999842227 0.007441209 -18.903575897 -0.052276410 -0.006588777 0.998610973 192.571395874
0.998506784 -0.017504536 0.051747430 13.776692390 0.017169597 0.999828637 0.006910099 -19.124286652 -0.051859524 -0.006011298 0.998636305 194.825057983
0.998529255 -0.016971696 0.051490318 13.990562439 0.016622441 0.999835849 0.007203591 -19.338619232 -0.051604126 -0.006337101 0.998647511 197.058975220
0.998556972 -0.015549131 0.051401090 14.207487106 0.015188669 0.999857306 0.007395894 -19.555938721 -0.051508758 -0.006604508 0.998650730 199.302246094
0.998562574 -0.013016799 0.051993869 14.405205727 0.012671308 0.999895453 0.006968985 -19.779342651 -0.052079149 -0.006300138 0.998623073 201.570465088
0.998535812 -0.012664737 0.052590918 14.614901543 0.012359925 0.999904871 0.006117106 -19.995967865 -0.052663378 -0.005458131 0.998597383 203.833068848
0.998493016 -0.013220826 0.053262856 14.814951897 0.012905000 0.999897063 0.006269129 -20.203342438 -0.053340252 -0.005572324 0.998560846 206.055923462
0.998475552 -0.014634347 0.053220712 15.038394928 0.014257291 0.999870539 0.007457548 -20.442291260 -0.053322960 -0.006687395 0.998554945 208.321716309
0.998414099 -0.014419111 0.054418791 15.243345261 0.014022225 0.999872327 0.007668021 -20.648540497 -0.054522406 -0.006892788 0.998488784 210.563781738
0.998334527 -0.014629041 0.055804510 15.453931808 0.014145486 0.999858975 0.009050346 -20.880699158 -0.055929031 -0.008245890 0.998400807 212.825119019
0.998277426 -0.013143985 0.057179894 15.689685822 0.012635733 0.999877453 0.009241172 -21.090972900 -0.057294354 -0.008502743 0.998321176 215.056503296
0.998105884 -0.011320149 0.060467824 15.906101227 0.010783850 0.999899626 0.009188135 -21.304279327 -0.060565770 -0.008518656 0.998127878 217.342391968
0.997973919 -0.011516339 0.062572323 16.133119583 0.010941211 0.999894738 0.009526317 -21.514953613 -0.062675446 -0.008822401 0.997994900 219.588409424
0.997844338 -0.012798873 0.064364910 16.366024017 0.012180730 0.999875903 0.009987023 -21.722152710 -0.064484745 -0.009181482 0.997876465 221.821731567
0.997741640 -0.014555407 0.065571725 16.601474762 0.013877024 0.999845505 0.010789316 -21.930150986 -0.065718636 -0.009855011 0.997789443 224.059524536
0.997674882 -0.016492754 0.066127628 16.851507187 0.015850313 0.999822021 0.010228195 -22.145029068 -0.066284552 -0.009156268 0.997758746 226.295989990
0.997639477 -0.017925255 0.066288494 17.092651367 0.017317209 0.999802649 0.009736001 -22.346290588 -0.066449948 -0.008565089 0.997753024 228.551269531
0.997590721 -0.017996147 0.066999182 17.330324173 0.017367838 0.999799669 0.009948563 -22.553009033 -0.067164779 -0.008760964 0.997703373 230.785308838
0.997543037 -0.019234825 0.067363471 17.575157166 0.018674744 0.999785721 0.008934249 -22.763149261 -0.067520872 -0.007654303 0.997688472 233.027633667
0.997497916 -0.020127589 0.067771062 17.814748764 0.019507371 0.999761641 0.009801066 -22.966831207 -0.067952178 -0.008454507 0.997652709 235.262100220
0.997497439 -0.019823639 0.067866124 18.080385208 0.019162461 0.999762416 0.010379613 -23.179887772 -0.068055779 -0.009053155 0.997640431 237.494857788
0.997454941 -0.019931646 0.068456419 18.319143295 0.019283490 0.999762893 0.010115981 -23.380968094 -0.068641789 -0.008770158 0.997602761 239.722534180
0.997432411 -0.019832069 0.068813466 18.567317963 0.019165220 0.999762893 0.010337440 -23.586532593 -0.069002144 -0.008992073 0.997575998 241.956283569
0.997383833 -0.020241644 0.069394596 18.811471939 0.019561401 0.999753833 0.010468146 -23.792091370 -0.069589414 -0.009083306 0.997534335 244.201904297
0.997350037 -0.020589663 0.069778353 19.059782028 0.019949779 0.999752522 0.009854824 -24.006429672 -0.069963984 -0.008436647 0.997513831 246.430847168
0.997370720 -0.020178389 0.069602147 19.316522598 0.019591713 0.999766648 0.009101362 -24.216316223 -0.069769554 -0.007713809 0.997533321 248.664611816
0.997342527 -0.020490009 0.069914810 19.569320679 0.019865351 0.999756396 0.009618271 -24.426033020 -0.070094869 -0.008203829 0.997506559 250.898925781
0.997302532 -0.021778487 0.070094943 19.819826126 0.021157531 0.999730289 0.009589124 -24.636579514 -0.070284866 -0.008080224 0.997494221 253.123031616
0.997290611 -0.021896830 0.070227899 20.074649811 0.021217307 0.999720633 0.010407423 -24.846952438 -0.070436157 -0.008889179 0.997476697 255.369903564
0.997259796 -0.023106514 0.070277907 20.316663742 0.022400670 0.999690473 0.010815286 -25.059478760 -0.070506059 -0.009211377 0.997468829 257.589630127
0.997229636 -0.023180598 0.070680149 20.577209473 0.022437476 0.999684513 0.011289852 -25.269823074 -0.070919558 -0.009672692 0.997435093 259.840515137
0.997203946 -0.022767220 0.071174987 20.830133438 0.022068497 0.999700367 0.010588044 -25.472429276 -0.071394734 -0.008987716 0.997407675 262.085601807
0.997176766 -0.022847937 0.071529165 21.088758469 0.022179512 0.999702752 0.010125259 -25.678930283 -0.071739227 -0.008510191 0.997387111 264.336944580
0.997149467 -0.022069626 0.072150931 21.345710754 0.021414699 0.999722183 0.009838250 -25.893970490 -0.072348021 -0.008265114 0.997345150 266.573242188
0.997086227 -0.021320460 0.073241577 21.600925446 0.020666515 0.999739528 0.009674925 -26.100013733 -0.073428780 -0.008133087 0.997267306 268.819580078
0.996965826 -0.020830493 0.075001352 21.849218369 0.020159889 0.999749780 0.009687348 -26.320720673 -0.075184382 -0.008145937 0.997136354 271.068786621
0.996892631 -0.021507179 0.075778440 22.125503540 0.020803042 0.999732912 0.010069275 -26.533538818 -0.075974762 -0.008461564 0.997073829 273.315612793
0.996675849 -0.022167973 0.078395300 22.364439011 0.021397013 0.999714196 0.010660701 -26.738023758 -0.078609228 -0.008947840 0.996865332 275.561462402
0.996536791 -0.022046419 0.080177315 22.628192902 0.021126576 0.999701083 0.012303021 -26.940893173 -0.080424607 -0.010566538 0.996704698 277.793548584
0.996492743 -0.021681936 0.080820732 22.916679382 0.020685429 0.999699593 0.013146914 -27.151199341 -0.081081495 -0.011428993 0.996641934 280.044860840
0.996377766 -0.021433605 0.082291909 23.193733215 0.020325795 0.999691486 0.014276220 -27.358974457 -0.082572512 -0.012551859 0.996505916 282.280670166
0.996342719 -0.020306788 0.082999177 23.472890854 0.019199356 0.999715924 0.014119129 -27.554012299 -0.083262317 -0.012473959 0.996449590 284.537414551
0.996224046 -0.019299753 0.084647492 23.739736557 0.018225892 0.999743581 0.013440833 -27.749202728 -0.084885210 -0.011847303 0.996320248 286.765502930
0.996220887 -0.018694814 0.084819593 24.021671295 0.017730599 0.999769509 0.012106977 -27.940963745 -0.085026368 -0.010557324 0.996322751 289.007507324
0.996149182 -0.019585252 0.085459039 24.294366837 0.018580042 0.999748766 0.012542116 -28.150032043 -0.085683197 -0.010905985 0.996262729 291.233825684
0.996078014 -0.019040942 0.086405717 24.557949066 0.018081220 0.999765992 0.011876271 -28.357732773 -0.086611629 -0.010267372 0.996189237 293.514282227
0.996104538 -0.019561667 0.085983016 24.844036102 0.018692251 0.999765754 0.010905085 -28.556730270 -0.086176202 -0.009255390 0.996236920 295.742034912
0.996103764 -0.019434590 0.086020723 25.126379013 0.018564528 0.999768198 0.010903051 -28.763954163 -0.086212687 -0.009263637 0.996233642 297.973663330
0.996103585 -0.018772358 0.086169921 25.408161163 0.017892489 0.999779761 0.010971956 -28.964292526 -0.086356901 -0.009387408 0.996220052 300.211547852
0.996046901 -0.018768633 0.086823553 25.672101974 0.017806536 0.999771416 0.011842335 -29.175054550 -0.087025963 -0.010249495 0.996153295 302.450439453
0.996040881 -0.019280780 0.086780138 25.958509445 0.018308630 0.999760509 0.011984516 -29.377681732 -0.086990424 -0.010348240 0.996155381 304.695404053
0.996015489 -0.018687505 0.087200150 26.245782852 0.017680714 0.999767959 0.012303870 -29.583150864 -0.087409846 -0.010713085 0.996114850 306.945922852
0.996011615 -0.019622711 0.087038837 26.531948090 0.018623766 0.999751329 0.012274291 -29.792459488 -0.087258041 -0.010604345 0.996129274 309.201446533
0.995964229 -0.020864708 0.087291792 26.816749573 0.019835571 0.999723256 0.012640556 -29.994476318 -0.087531373 -0.010858060 0.996102512 311.458709717
0.995937049 -0.020579033 0.087669231 27.104837418 0.019599745 0.999735713 0.012016512 -30.201051712 -0.087893344 -0.010249396 0.996077180 313.707641602
0.995950520 -0.020154858 0.087614641 27.397285461 0.019109895 0.999736071 0.012749286 -30.408763885 -0.087848492 -0.011023350 0.996072769 315.964385986
0.995912671 -0.018322259 0.088443696 27.684543610 0.017344667 0.999779820 0.011809226 -30.614728928 -0.088640615 -0.010226931 0.996011138 318.224761963
0.995898664 -0.016370835 0.088982292 27.965452194 0.015335745 0.999806702 0.012303815 -30.817626953 -0.089166492 -0.010888742 0.995957315 320.470611572
0.995836258 -0.014882902 0.089936756 28.244684219 0.013854612 0.999831438 0.012047014 -31.023015976 -0.090100899 -0.010750814 0.995874643 322.700469971
0.995786250 -0.014040384 0.090622783 28.526828766 0.012956875 0.999837637 0.012533501 -31.221151352 -0.090784028 -0.011306502 0.995806336 324.946807861
0.995786905 -0.014047877 0.090614840 28.823802948 0.012842279 0.999821424 0.013874031 -31.431921005 -0.090793550 -0.012651878 0.995789289 327.171752930
0.995750785 -0.014759628 0.090898179 29.107938766 0.013563113 0.999813259 0.013766970 -31.638595581 -0.091084398 -0.012475609 0.995765030 329.418182373
0.995741427 -0.016051434 0.090783507 29.406812668 0.014944789 0.999805689 0.012856650 -31.837268829 -0.090972260 -0.011445155 0.995787621 331.653991699
0.995727718 -0.015917553 0.090954870 29.691154480 0.014820972 0.999809265 0.012719064 -32.040657043 -0.091139965 -0.011316687 0.995773733 333.869659424
0.995713532 -0.016351754 0.091033600 29.984348297 0.015168983 0.999791503 0.013669483 -32.240242004 -0.091238141 -0.012230002 0.995753944 336.117828369
0.995772183 -0.016838090 0.090301074 30.292364120 0.015658163 0.999782741 0.013759162 -32.440368652 -0.090513155 -0.012287038 0.995819569 338.350799561
0.995763659 -0.016704435 0.090418972 30.577129364 0.015490265 0.999780416 0.014113469 -32.645210266 -0.090634868 -0.012653066 0.995803833 340.586456299
0.995795369 -0.016882062 0.090036601 30.874608994 0.015706819 0.999782145 0.013745583 -32.846698761 -0.090249062 -0.012273599 0.995843530 342.831909180
0.995818734 -0.017177569 0.089721531 31.166603088 0.015975347 0.999772966 0.014100489 -33.043590546 -0.089943387 -0.012608198 0.995867074 345.077819824
0.995866179 -0.017085532 0.089211248 31.456958771 0.015889056 0.999774277 0.014104742 -33.240242004 -0.089432098 -0.012628955 0.995912850 347.318481445
0.995897591 -0.016911857 0.088892952 31.745485306 0.015731184 0.999778628 0.013965873 -33.437236786 -0.089109473 -0.012510187 0.995943248 349.559875488
0.995895743 -0.016398508 0.089009620 32.030590057 0.015170927 0.999780416 0.014450657 -33.639938354 -0.089227036 -0.013040991 0.995925963 351.798736572
0.995933831 -0.017005691 0.088468097 32.315807343 0.015776556 0.999769330 0.014574320 -33.833332062 -0.088695534 -0.013119337 0.995972395 354.023834229
0.995948732 -0.016688265 0.088361025 32.599391937 0.015514077 0.999782205 0.013958719 -34.032737732 -0.088574737 -0.012531330 0.995990694 356.263366699
0.996000350 -0.016936431 0.087728865 32.889663696 0.015719516 0.999770641 0.014543670 -34.233135223 -0.087955058 -0.013106444 0.996038198 358.497619629
0.996062696 -0.016501214 0.087101802 33.182514191 0.015216326 0.999765813 0.015395002 -34.436012268 -0.087335423 -0.014009018 0.996080458 360.737640381
0.996101856 -0.016480479 0.086658888 33.474727631 0.015195859 0.999764979 0.015462781 -34.638168335 -0.086893365 -0.014085646 0.996117949 362.990844727
0.996146977 -0.016598269 0.086114064 33.765434265 0.015293036 0.999758303 0.015794652 -34.834697723 -0.086355418 -0.014416847 0.996160090 365.236724854
0.996184409 -0.016420212 0.085714400 34.051162720 0.015178921 0.999770582 0.015113442 -35.034606934 -0.085942917 -0.013754724 0.996205091 367.501586914
0.996211112 -0.017127663 0.085264981 34.334045410 0.015912572 0.999762237 0.014910106 -35.234706879 -0.085500076 -0.013496828 0.996246696 369.755432129
0.996189356 -0.017018862 0.085540749 34.609416962 0.015866470 0.999774218 0.014133728 -35.430355072 -0.085761972 -0.012722640 0.996234417 372.022338867
0.996265829 -0.016771751 0.084693171 34.897594452 0.015625089 0.999777257 0.014183820 -35.635341644 -0.084912203 -0.012807519 0.996306121 374.253631592
0.996289551 -0.016507428 0.084466860 35.182113647 0.015282609 0.999768794 0.015126732 -35.833091736 -0.084697038 -0.013779729 0.996311486 376.509918213
0.996258557 -0.016803602 0.084772959 35.457046509 0.015561328 0.999761939 0.015293742 -36.029151917 -0.085009769 -0.013917341 0.996282876 378.773986816
0.996247411 -0.017302353 0.084804222 35.738208771 0.016046464 0.999751568 0.015468659 -36.229522705 -0.085050799 -0.014049801 0.996277571 381.016265869
0.996279359 -0.017700028 0.084345333 36.029758453 0.016448032 0.999744356 0.015515553 -36.422554016 -0.084598392 -0.014070512 0.996315777 383.270355225
0.996285260 -0.017427128 0.084331699 36.315498352 0.016147083 0.999744177 0.015837003 -36.624946594 -0.084586106 -0.014416461 0.996312022 385.524597168
0.996317506 -0.016563836 0.084125206 36.602577209 0.015275332 0.999756217 0.015937202 -36.819484711 -0.084368691 -0.014593471 0.996327758 387.775512695
0.996347427 -0.015364881 0.083997704 36.890632629 0.014070939 0.999773502 0.015974859 -37.025093079 -0.084224112 -0.014734585 0.996337891 390.042602539
0.996337473 -0.014073614 0.084342152 37.168296814 0.012782039 0.999792933 0.015834019 -37.224372864 -0.084547527 -0.014697961 0.996311009 392.321838379
0.996364653 -0.012763047 0.084228612 37.455696106 0.011344494 0.999786139 0.017298872 -37.422401428 -0.084431365 -0.016280456 0.996296287 394.590148926
0.996309519 -0.011496884 0.085058972 37.727260590 0.010032551 0.999794364 0.017622966 -37.619911194 -0.085244097 -0.016704569 0.996220052 396.850402832
0.996243656 -0.011195384 0.085867286 38.004642487 0.009841613 0.999820769 0.016173005 -37.823810577 -0.086032957 -0.015267181 0.996175408 399.110290527
0.996176243 -0.011304422 0.086631998 38.280815125 0.009962846 0.999823868 0.015902698 -38.024581909 -0.086796515 -0.014978788 0.996113420 401.378082275
0.996036291 -0.012286334 0.088094808 38.546401978 0.010779493 0.999787748 0.017560178 -38.223205566 -0.088291846 -0.016540959 0.995957255 403.611511230
0.996069074 -0.014213579 0.087431900 38.845664978 0.012688796 0.999758005 0.017970804 -38.415103912 -0.087666169 -0.016790753 0.996008396 405.907226562
0.996016443 -0.014722709 0.087945312 39.129299164 0.013189611 0.999751210 0.017988181 -38.609752655 -0.088188246 -0.016756561 0.995962918 408.160064697
0.996005774 -0.013670204 0.088235922 39.434803009 0.012226650 0.999782741 0.016879976 -38.795284271 -0.088447504 -0.015733728 0.995956540 410.424865723
0.995889783 -0.013207944 0.089605503 39.708740234 0.011681115 0.999777853 0.017542521 -38.996391296 -0.089817308 -0.016423726 0.995822787 412.675323486
0.995937169 -0.011094645 0.089365005 40.037616730 0.009628220 0.999812126 0.016823774 -39.199977875 -0.089534856 -0.015895002 0.995856762 414.958801270
0.995865643 -0.010289383 0.090253964 40.331424713 0.008802856 0.999819338 0.016853111 -39.394680023 -0.090411060 -0.015988942 0.995776176 417.221618652
0.995808303 -0.010491733 0.090861022 40.626705170 0.009001859 0.999818504 0.016791597 -39.593517303 -0.091020711 -0.015903296 0.995721936 419.473297119
0.995717585 -0.010426087 0.091856688 40.914257050 0.008915056 0.999818504 0.016844872 -39.787433624 -0.092015609 -0.015953831 0.995629728 421.723144531
0.995636284 -0.010603130 0.092714392 41.203060150 0.009103912 0.999821126 0.016578311 -39.984107971 -0.092873603 -0.015661908 0.995554745 423.977050781
0.995569527 -0.011095033 0.093371436 41.501922607 0.009487735 0.999799371 0.017640397 -40.178928375 -0.093548425 -0.016676353 0.995475054 426.250640869
0.995527267 -0.010190709 0.093922786 41.798610687 0.008510861 0.999796867 0.018268635 -40.371326447 -0.094089873 -0.017387562 0.995411873 428.504882812
0.995463371 -0.009421965 0.094678022 42.102447510 0.007662090 0.999791324 0.018934363 -40.562622070 -0.094836660 -0.018123033 0.995327890 430.781127930
0.995479226 -0.009697638 0.094482675 42.411235809 0.007956245 0.999791741 0.018790117 -40.753837585 -0.094645239 -0.017953444 0.995349109 433.061035156
0.995445192 -0.010489321 0.094756164 42.719181061 0.008787586 0.999792874 0.018358555 -40.957244873 -0.094929077 -0.017442262 0.995331228 435.328094482
0.995449305 -0.009843340 0.094782405 43.031349182 0.008126898 0.999796212 0.018478306 -41.138195038 -0.094944984 -0.017623931 0.995326519 437.597442627
0.995414197 -0.010318451 0.095100343 43.338722229 0.008558879 0.999784827 0.018891646 -41.334938049 -0.095274821 -0.017991062 0.995288432 439.880798340
0.995464265 -0.010343849 0.094572105 43.652259827 0.008599068 0.999785602 0.018838177 -41.523437500 -0.094746687 -0.017939501 0.995339751 442.154724121
0.995499372 -0.009453434 0.094295472 43.989234924 0.007639638 0.999779284 0.019577721 -41.723358154 -0.094459727 -0.018769225 0.995351732 444.455688477
0.995446980 -0.010025431 0.094788194 44.296009064 0.008175356 0.999768853 0.019886242 -41.916011810 -0.094965637 -0.019020772 0.995298803 446.732910156
0.995455086 -0.010003214 0.094704911 44.602504730 0.008190608 0.999776125 0.019508932 -42.110851288 -0.094878852 -0.018644571 0.995314240 448.997711182
0.995485842 -0.009481237 0.094435647 44.912090302 0.007700256 0.999785900 0.019205786 -42.304744720 -0.094597526 -0.018391913 0.995345712 451.257049561
0.995430708 -0.008952361 0.095066234 45.212772369 0.007170744 0.999792516 0.019065913 -42.502681732 -0.095217198 -0.018297102 0.995288372 453.520874023
0.995352209 -0.008400084 0.095933981 45.512210846 0.006593663 0.999795258 0.019131351 -42.687705994 -0.096075051 -0.018409880 0.995203853 455.797760010
0.995339811 -0.008477216 0.096056014 45.814380646 0.006698929 0.999800444 0.018820414 -42.886177063 -0.096196406 -0.018089235 0.995198011 458.065887451
0.995369494 -0.007826264 0.095803238 46.136310577 0.006123473 0.999818265 0.018054947 -43.081302643 -0.095927134 -0.017384699 0.995236456 460.356750488
0.995339334 -0.006861482 0.096189961 46.441459656 0.005084145 0.999812007 0.018710302 -43.277648926 -0.096300274 -0.018134058 0.995187104 462.641876221
0.995401919 -0.006583991 0.095559530 46.754226685 0.004705517 0.999791503 0.019869700 -43.469047546 -0.095670417 -0.019328680 0.995225310 464.918762207
0.995403349 -0.006787327 0.095530689 47.050502777 0.004864063 0.999781013 0.020350914 -43.657192230 -0.095647909 -0.019792704 0.995218396 467.187744141
0.995495081 -0.006687336 0.094578296 47.364257812 0.004904078 0.999806046 0.019074703 -43.848724365 -0.094687529 -0.018524949 0.995334625 469.476562500
0.995571494 -0.006807274 0.093760714 47.678558350 0.005080608 0.999813318 0.018642083 -44.044033051 -0.093870103 -0.018083166 0.995420158 471.770416260
0.995624423 -0.007178016 0.093170315 47.981124878 0.005324649 0.999783278 0.020125609 -44.248447418 -0.093294598 -0.019541448 0.995446682 474.047973633
0.995599687 -0.007157727 0.093434483 48.271118164 0.005281818 0.999779761 0.020309141 -44.440597534 -0.093559273 -0.019726273 0.995418191 476.332397461
0.995674551 -0.006966885 0.092647746 48.571060181 0.005152785 0.999790490 0.019805428 -44.619327545 -0.092766337 -0.019242365 0.995501935 478.625488281
0.995692194 -0.006908053 0.092462547 48.871242523 0.005041955 0.999779165 0.020400597 -44.809631348 -0.092583060 -0.019846523 0.995507181 480.905364990
0.995708585 -0.007459723 0.092243113 49.169506073 0.005551714 0.999765635 0.020923911 -44.999580383 -0.092377573 -0.020322010 0.995516658 483.177856445
0.995743096 -0.008045545 0.091821745 49.465690613 0.006197204 0.999772727 0.020397058 -45.190834045 -0.091964975 -0.019741189 0.995566547 485.450988770
0.995793164 -0.008502016 0.091234110 49.764720917 0.006644730 0.999764860 0.020641824 -45.384151459 -0.091388151 -0.019948758 0.995615542 487.738159180
0.995852292 -0.008705965 0.090567239 50.063327789 0.006871448 0.999765217 0.020547982 -45.567535400 -0.090724863 -0.019840427 0.995678365 490.031188965
0.995868325 -0.008176860 0.090439305 50.359848022 0.006288098 0.999756575 0.021149548 -45.753662109 -0.090590239 -0.020493474 0.995677352 492.338409424
0.995932221 -0.007683845 0.089777164 50.661674500 0.005764820 0.999749720 0.021615203 -45.941291809 -0.089920789 -0.021009728 0.995727301 494.626434326
0.995923102 -0.007325287 0.089908205 50.947238922 0.005450864 0.999762952 0.021076068 -46.126644135 -0.090041287 -0.020500062 0.995727003 496.935546875
0.995952189 -0.006885040 0.089619525 51.251274109 0.005039211 0.999770820 0.020806270 -46.325294495 -0.089742251 -0.020270441 0.995758712 499.250549316
0.995973170 -0.006656724 0.089404263 51.540340424 0.004755296 0.999758244 0.021463949 -46.512081146 -0.089525536 -0.020952372 0.995764136 501.548614502
0.995995581 -0.006102121 0.089194097 51.838741302 0.004164324 0.999751568 0.021895567 -46.706359863 -0.089305557 -0.021436457 0.995773494 503.834594727
0.996012270 -0.005443008 0.089050487 52.133079529 0.003581967 0.999772131 0.021045199 -46.893024445 -0.089144744 -0.020642295 0.995804727 506.113830566
0.995999694 -0.004957255 0.089218415 52.418319702 0.003021614 0.999757409 0.021817531 -47.083129883 -0.089304909 -0.021460671 0.995773017 508.400207520
0.996028841 -0.005182698 0.088880241 52.715068817 0.003350559 0.999779165 0.020750394 -47.271514893 -0.088968135 -0.020370195 0.995826125 510.692871094
0.996068239 -0.005632586 0.088410325 53.016132355 0.003732563 0.999758840 0.021641601 -47.466842651 -0.088510916 -0.021226516 0.995849013 512.996337891
0.996074677 -0.005330256 0.088356271 53.307937622 0.003436704 0.999761462 0.021569144 -47.650058746 -0.088450164 -0.021180820 0.995855391 515.302612305
0.996094763 -0.004781734 0.088161096 53.602455139 0.002916656 0.999769568 0.021272037 -47.838291168 -0.088242494 -0.020931827 0.995878994 517.610046387
0.996065378 -0.003805632 0.088539988 53.881816864 0.001925801 0.999771118 0.021307176 -48.032775879 -0.088600814 -0.021052828 0.995844662 519.902343750
0.996044278 -0.001807429 0.088840224 54.182773590 -0.000063830 0.999778271 0.021055849 -48.220886230 -0.088858597 -0.020978233 0.995823443 522.256347656
0.995915830 0.000537560 0.090285152 54.459758759 -0.002460887 0.999772310 0.021192841 -48.408828735 -0.090253212 -0.021328462 0.995690525 524.578247070
0.995945930 0.001317134 0.089945912 54.780742645 -0.003317771 0.999750316 0.022096779 -48.592689514 -0.089894339 -0.022305613 0.995701492 526.918395996
0.995862842 0.001104933 0.090862110 55.061374664 -0.003120850 0.999752045 0.022047462 -48.781799316 -0.090815239 -0.022239815 0.995619416 529.220214844
0.995813727 -0.000857771 0.091401480 55.353485107 -0.001289658 0.999724567 0.023432823 -48.966430664 -0.091396406 -0.023452599 0.995538354 531.524108887
0.995739639 -0.002316956 0.092179820 55.652339935 0.000196387 0.999735296 0.023007117 -49.148025513 -0.092208721 -0.022891002 0.995476544 533.837646484
0.995723784 -0.002509839 0.092346169 55.954711914 0.000440282 0.999748468 0.022424413 -49.334136963 -0.092379227 -0.022287861 0.995474339 536.137756348
0.995640814 -0.002822276 0.093227617 56.252868652 0.000748515 0.999751687 0.022271540 -49.524188995 -0.093267307 -0.022104675 0.995395720 538.439453125
0.995587647 -0.002459986 0.093804203 56.549377441 0.000410910 0.999761045 0.021857252 -49.715171814 -0.093835555 -0.021722261 0.995350718 540.735351562
0.995510459 -0.001768593 0.094634458 56.847751617 -0.000273530 0.999767423 0.021561740 -49.907543182 -0.094650567 -0.021490822 0.995278656 543.047363281
0.995451331 -0.001562268 0.095258288 57.152904510 -0.000410314 0.999786079 0.020684615 -50.097320557 -0.095270209 -0.020629616 0.995237648 545.355773926
0.995353699 -0.001613970 0.096272349 57.452053070 -0.000462089 0.999767959 0.021538254 -50.289855957 -0.096284755 -0.021482669 0.995122015 547.667785645
0.995247066 -0.001912697 0.097363502 57.749073029 -0.000221122 0.999760151 0.021900501 -50.475543976 -0.097382039 -0.021817939 0.995007873 549.958557129
0.995207906 -0.002083044 0.097759075 58.055576324 -0.000078437 0.999755740 0.022101233 -50.666809082 -0.097781233 -0.022002989 0.994964659 552.254638672
0.995204270 -0.002882523 0.097775362 58.371528625 0.000826717 0.999777853 0.021059806 -50.853431702 -0.097814344 -0.020877982 0.994985640 554.562194824
0.995240808 -0.003250848 0.097391799 58.696407318 0.001132044 0.999761760 0.021802824 -51.048606873 -0.097439460 -0.021588810 0.995007277 556.880920410
0.995154500 -0.002819483 0.098283090 59.001564026 0.000649808 0.999755561 0.022100788 -51.238182068 -0.098321378 -0.021929834 0.994913042 559.193847656
0.995139837 -0.002527570 0.098438516 59.319591522 0.000248895 0.999731839 0.023153605 -51.428344727 -0.098470651 -0.023016578 0.994873881 561.530029297
0.995143771 -0.003369760 0.098373644 59.644050598 0.001012274 0.999711275 0.024004687 -51.621032715 -0.098426148 -0.023788538 0.994859934 563.858093262
0.995118320 -0.002783888 0.098650716 59.965309143 0.000338132 0.999692380 0.024800122 -51.805438995 -0.098689422 -0.024645694 0.994813025 566.171081543
0.995071828 -0.001840913 0.099139273 60.288379669 -0.000554915 0.999708712 0.024133297 -51.993755341 -0.099154793 -0.024069384 0.994780898 568.491088867
0.995099783 -0.001096988 0.098869637 60.623607635 -0.001128551 0.999747217 0.022451092 -52.174369812 -0.098869272 -0.022452654 0.994847059 570.823791504
0.995069742 -0.000842695 0.099174380 60.955192566 -0.001383463 0.999748588 0.022375999 -52.360450745 -0.099168301 -0.022402879 0.994818449 573.147888184
0.995087385 -0.000924247 0.098996028 61.280578613 -0.001447993 0.999713600 0.023888454 -52.561145782 -0.098989762 -0.023914447 0.994800985 575.524658203
0.995060444 -0.001034805 0.099265195 61.605545044 -0.001500663 0.999674678 0.025464296 -52.756660461 -0.099259257 -0.025487481 0.994735122 577.836914062
0.994969189 -0.000414150 0.100180432 61.915748596 -0.001965681 0.999718189 0.023655573 -52.943649292 -0.100162007 -0.023733485 0.994687974 580.223876953
0.995049715 -0.001096244 0.099371351 62.250537872 -0.001232442 0.999726117 0.023369765 -53.124084473 -0.099369749 -0.023376547 0.994775891 582.562316895
0.994996905 -0.002294539 0.099879548 62.574989319 -0.000189223 0.999691129 0.024850998 -53.319866180 -0.099905707 -0.024745565 0.994689167 584.893432617
0.995062351 -0.002223229 0.099227324 62.903152466 -0.000233931 0.999693811 0.024744440 -53.502323151 -0.099251933 -0.024645468 0.994757056 587.213562012
0.995059192 -0.004917674 0.099161595 63.245365143 0.002585832 0.999717414 0.023630403 -53.691036224 -0.099249765 -0.023257239 0.994790733 589.568115234
0.995099664 -0.005232336 0.098737933 63.579818726 0.002927952 0.999720275 0.023468869 -53.872051239 -0.098833114 -0.023064764 0.994836688 591.915466309
0.995102882 -0.006857725 0.098606125 63.902034760 0.004529855 0.999706149 0.023812298 -54.058761597 -0.098740451 -0.023249013 0.994841576 594.253723145
0.995114267 -0.007520773 0.098442435 64.233215332 0.005158884 0.999693215 0.024225190 -54.248165131 -0.098594420 -0.023598984 0.994847834 596.610351562
