1.000000000 0.000000000 0.000000000 0.000000000 0.000000000 1.000000000 0.000000000 0.000000000 0.000000000 0.000000000 1.000000000 0.000000000
0.999999821 0.000234731 0.000499173 0.085715920 -0.000234668 0.999999940 -0.000125280 -0.225925863 -0.000499203 0.000125163 0.999999881 2.289389849
0.999998987 0.000643093 0.001284689 0.163624823 -0.000643710 0.999999702 0.000479701 -0.463654399 -0.001284380 -0.000480528 0.999999046 4.587380409
0.999998569 0.000169316 0.001691968 0.262750924 -0.000170243 0.999999762 0.000547446 -0.694172025 -0.001691875 -0.000547734 0.999998391 6.877266884
0.999996722 0.000101813 0.002567956 0.356362045 -0.000098777 0.999999225 -0.001182420 -0.926395833 -0.002568075 0.001182162 0.999995947 9.174641609
0.999987423 0.001848887 0.004665762 0.447320282 -0.001850025 0.999998212 0.000239689 -1.162984610 -0.004665311 -0.000248318 0.999989033 11.480697632
0.999967456 0.003558460 0.007238529 0.534834146 -0.003566287 0.999993026 0.001068612 -1.388396740 -0.007234675 -0.001094392 0.999973178 13.786592484
0.999949098 0.003398735 0.009497143 0.643137991 -0.003434181 0.999987125 0.003718453 -1.617896795 -0.009484384 -0.003750878 0.999948025 16.057987213
0.999939561 0.003298954 0.010488280 0.748562157 -0.003347091 0.999984026 0.004575384 -1.843694925 -0.010473018 -0.004610212 0.999934554 18.396007538
0.999926865 0.002443043 0.011840813 0.861563027 -0.002502019 0.999984562 0.004968464 -2.073715210 -0.011828491 -0.004997726 0.999917626 20.680828094
0.999924541 0.000091138 0.012280230 0.983990967 -0.000122742 0.999996662 0.002572836 -2.300336599 -0.012279957 -0.002574150 0.999921262 23.004495621
0.999912441 -0.002151247 0.013058265 1.093311667 0.002143332 0.999997497 0.000620073 -2.522107363 -0.013059568 -0.000592031 0.999914527 25.285985947
0.999912858 -0.002910155 0.012877615 1.232594013 0.002909601 0.999995768 0.000061723 -2.771351814 -0.012877738 -0.000024249 0.999917090 27.601465225
0.999900341 -0.002513902 0.013890333 1.339310050 0.002524906 0.999996543 -0.000774662 -2.999190331 -0.013888337 0.000809657 0.999903202 29.889076233
0.999892950 -0.000304239 0.014629303 1.458958745 0.000281061 0.999998689 0.001586395 -3.228724241 -0.014629763 -0.001582113 0.999891698 32.171932220
0.999891102 0.001634817 0.014664443 1.589457393 -0.001690201 0.999991417 0.003765146 -3.449954748 -0.014658161 -0.003789522 0.999885321 34.452819824
0.999860883 0.003948099 0.016205549 1.702868462 -0.004080479 0.999958515 0.008143897 -3.686825037 -0.016172729 -0.008208891 0.999835432 36.754222870
0.999838889 0.005814688 0.016977865 1.818824291 -0.005944431 0.999953389 0.007601432 -3.904247046 -0.016932875 -0.007701131 0.999826849 39.027221680
0.999812901 0.004568386 0.018796440 1.930753469 -0.004681609 0.999971092 0.005984049 -4.108815193 -0.018768558 -0.006070927 0.999805570 41.331684113
0.999817133 0.002156750 0.018999891 2.055782080 -0.002249819 0.999985635 0.004878403 -4.333199501 -0.018989097 -0.004920257 0.999807656 43.609046936
0.999817908 0.002863395 0.018865043 2.195559502 -0.002943182 0.999986827 0.004202986 -4.563702106 -0.018852757 -0.004257744 0.999813199 45.872604370
0.999815702 0.002304925 0.019059779 2.322265625 -0.002371083 0.999991238 0.003449195 -4.794717312 -0.019051665 -0.003493752 0.999812365 48.142955780
0.999820828 0.000334992 0.018926349 2.461162567 -0.000409479 0.999992192 0.003931928 -5.026125431 -0.018924884 -0.003938974 0.999813139 50.430301666
0.999797404 -0.000252481 0.020124009 2.588636875 0.000170008 0.999991596 0.004099865 -5.247429371 -0.020124871 -0.004095613 0.999789178 52.697586060
0.999789536 -0.001437273 0.020467747 2.724421501 0.001353334 0.999990642 0.004114319 -5.476225853 -0.020473467 -0.004085754 0.999782085 54.981136322
0.999761939 -0.001670474 0.021755528 2.852922201 0.001577442 0.999989569 0.004292743 -5.704452991 -0.021762470 -0.004257403 0.999754071 57.283901215
0.999741912 -0.002910489 0.022530193 2.991385221 0.002799238 0.999983728 0.004967866 -5.929273129 -0.022544291 -0.004903517 0.999733746 59.552978516
0.999692678 -0.004577494 0.024362262 3.111631155 0.004477867 0.999981344 0.004142394 -6.149350166 -0.024380764 -0.004032030 0.999694526 61.825607300
0.999677658 -0.005120403 0.024863459 3.264731407 0.005016706 0.999978423 0.004231185 -6.375212669 -0.024884589 -0.004105089 0.999681830 64.077468872
0.999651074 -0.004773201 0.025980799 3.406341791 0.004651809 0.999978006 0.004730802 -6.596252441 -0.026002808 -0.004608294 0.999651194 66.341064453
0.999632418 -0.003817823 0.026840193 3.555831194 0.003679479 0.999979615 0.005201848 -6.823709488 -0.026859505 -0.005101178 0.999626219 68.597984314
0.999595284 -0.004014474 0.028167998 3.693756580 0.003884252 0.999981463 0.004676315 -7.044869423 -0.028186247 -0.004565010 0.999592364 70.850357056
0.999578476 -0.004879875 0.028616505 3.852882862 0.004785292 0.999982774 0.003372733 -7.268905640 -0.028632473 -0.003234374 0.999584734 73.104545593
0.999562502 -0.005644905 0.029034147 4.007433891 0.005536315 0.999977410 0.003819153 -7.495040894 -0.029055053 -0.003656740 0.999571145 75.376548767
0.999517679 -0.006827580 0.030296843 4.166743755 0.006738700 0.999972701 0.003034786 -7.722307205 -0.030316735 -0.002829161 0.999536395 77.641723633
0.999512553 -0.008022230 0.030174727 4.327485561 0.007931937 0.999963641 0.003110929 -7.959528446 -0.030198591 -0.002870069 0.999539793 79.899391174
0.999481559 -0.008455851 0.031063676 4.476955891 0.008373946 0.999961078 0.002765881 -8.176835060 -0.031085854 -0.002504322 0.999513507 82.153854370
0.999479949 -0.007573305 0.031348810 4.653958797 0.007501059 0.999968886 0.002421528 -8.400325775 -0.031366173 -0.002185119 0.999505579 84.428504944
0.999427319 -0.007300156 0.033041552 4.808532715 0.007213438 0.999970198 0.002742979 -8.618025780 -0.033060588 -0.002503065 0.999450207 86.684364319
0.999423683 -0.007208689 0.033168770 4.979293823 0.007072282 0.999966025 0.004228004 -8.853105545 -0.033198111 -0.003990989 0.999440849 88.955116272
0.999400496 -0.006405875 0.034021679 5.140228271 0.006240801 0.999968231 0.004955973 -9.080755234 -0.034052342 -0.004740679 0.999408782 91.211624146
0.999376655 -0.006450241 0.034708072 5.310164928 0.006290422 0.999969065 0.004711885 -9.300694466 -0.034737393 -0.004490620 0.999386311 93.466796875
0.999355793 -0.006461503 0.035302222 5.478231430 0.006319665 0.999971509 0.004127895 -9.518909454 -0.035327893 -0.003902138 0.999368131 95.722457886
0.999321878 -0.006915258 0.036165871 5.643946648 0.006755777 0.999966860 0.004530080 -9.742046356 -0.036196001 -0.004282679 0.999335527 97.980339050
0.999290705 -0.006595332 0.037075497 5.806217670 0.006442554 0.999970257 0.004238686 -9.975467682 -0.037102357 -0.003996818 0.999303460 100.223678589
0.999241590 -0.006594574 0.038377021 5.964682579 0.006405804 0.999966800 0.005039697 -10.189565659 -0.038408980 -0.004790038 0.999250591 102.455513000
0.999234736 -0.006671498 0.038541045 6.167898655 0.006482816 0.999966383 0.005018570 -10.416700363 -0.038573224 -0.004764874 0.999244392 104.738410950
0.999199510 -0.007436694 0.039305106 6.342965603 0.007216257 0.999957442 0.005747259 -10.633786201 -0.039346166 -0.005459023 0.999210656 106.977844238
0.999173522 -0.008663322 0.039714660 6.526304245 0.008439057 0.999947488 0.005811080 -10.851349831 -0.039762910 -0.005471123 0.999194145 109.234603882
0.999137282 -0.010027188 0.040299509 6.710472107 0.009756595 0.999928534 0.006905601 -11.080041885 -0.040365875 -0.006506457 0.999163806 111.492744446
0.999118209 -0.010632254 0.040617101 6.900204182 0.010418716 0.999930799 0.005465380 -11.300767899 -0.040672399 -0.005037383 0.999159813 113.762023926
0.999072790 -0.011409857 0.041512750 7.083531380 0.011242680 0.999927759 0.004258340 -11.517256737 -0.041558344 -0.003787678 0.999128819 116.018638611
0.999038041 -0.011543654 0.042305745 7.267183304 0.011348488 0.999923825 0.004850440 -11.745234489 -0.042358525 -0.004365668 0.999092937 118.265899658
0.998988688 -0.011638960 0.043430310 7.453354359 0.011406473 0.999919295 0.005597093 -11.966709137 -0.043491941 -0.005096047 0.999040782 120.526611328
0.998979867 -0.012138580 0.043496765 7.655941010 0.011842673 0.999904931 0.007054207 -12.199607849 -0.043578256 -0.006531892 0.999028742 122.730636597
0.998930931 -0.013510764 0.044208869 7.857452869 0.013269485 0.999895394 0.005746601 -12.418484688 -0.044281896 -0.005153828 0.999005795 125.033531189
0.998896360 -0.013988701 0.044835757 8.038660049 0.013773217 0.999892056 0.005111384 -12.643799782 -0.044902418 -0.004488211 0.998981297 127.299308777
0.998889267 -0.015567056 0.044473093 8.229640961 0.015343991 0.999867916 0.005352692 -12.860980988 -0.044550542 -0.004664352 0.998996198 129.566024780
0.998906970 -0.016577020 0.043704782 8.413800240 0.016348964 0.999850810 0.005570424 -13.077695847 -0.043790601 -0.004849807 0.999029100 131.823379517
0.998934507 -0.017141238 0.042848937 8.609842300 0.016863704 0.999834418 0.006830202 -13.298801422 -0.042958919 -0.006100333 0.999058247 134.077590942
0.999011636 -0.017742870 0.040754978 8.801104546 0.017496057 0.999826431 0.006404764 -13.520374298 -0.040861540 -0.005685383 0.999148607 136.318237305
0.999077022 -0.018513525 0.038760494 9.002908707 0.018273275 0.999811649 0.006543520 -13.742266655 -0.038874336 -0.005829200 0.999227047 138.542190552
0.999058008 -0.019209772 0.038909301 9.169324875 0.018993448 0.999802053 0.005921720 -13.957979202 -0.039015353 -0.005177120 0.999225140 140.850601196
0.999047935 -0.019629655 0.038961560 9.337629318 0.019417316 0.999794543 0.005821045 -14.165979385 -0.039067827 -0.005058973 0.999223709 143.083587646
0.999086857 -0.019649362 0.037938353 9.526362419 0.019373046 0.999783099 0.007637274 -14.401089668 -0.038080186 -0.006895320 0.999250889 145.338027954
0.999104440 -0.018711632 0.037949763 9.701455116 0.018478360 0.999808192 0.006488467 -14.616917610 -0.038063899 -0.005781407 0.999258518 147.589416504
0.999140739 -0.017207239 0.037705895 9.881185532 0.017021013 0.999841332 0.005254261 -14.836748123 -0.037790321 -0.004607952 0.999275088 149.827621460
0.999146760 -0.015749438 0.038180355 10.050949097 0.015598871 0.999869347 0.004238291 -15.054209709 -0.038242124 -0.003639104 0.999261856 152.083435059
0.999150336 -0.015068379 0.038361374 10.229024887 0.014916132 0.999879718 0.004251900 -15.271442413 -0.038420822 -0.003676085 0.999254882 154.323532104
0.999131441 -0.014459181 0.039080720 10.411850929 0.014292887 0.999887586 0.004531173 -15.489842415 -0.039141838 -0.003968660 0.999225736 156.583770752
0.999145985 -0.012956417 0.039235625 10.582473755 0.012724043 0.999900043 0.006166466 -15.715891838 -0.039311603 -0.005661964 0.999210894 158.823959351
0.999091506 -0.012392643 0.040774815 10.759342194 0.012110139 0.999900997 0.007168078 -15.933826447 -0.040859610 -0.006667778 0.999142587 161.061737061
0.999057949 -0.010893942 0.042006109 10.922556877 0.010528349 0.999904931 0.008914737 -16.158105850 -0.042099226 -0.008464085 0.999077559 163.374893188
0.999033272 -0.010795900 0.042614616 11.109680176 0.010472813 0.999914885 0.007797572 -16.357141495 -0.042695165 -0.007343739 0.999061167 165.641525269
0.998998106 -0.010124935 0.043590415 11.301567078 0.009847769 0.999929905 0.006568425 -16.572626114 -0.043653864 -0.006132576 0.999027848 167.893112183
0.998922646 -0.008159412 0.045682345 11.485334396 0.007848008 0.999944806 0.006991905 -16.790014267 -0.045736868 -0.006625859 0.998931527 170.132934570
0.998795986 -0.008283224 0.048352633 11.672479630 0.007954237 0.999943852 0.006992388 -17.018911362 -0.048407838 -0.006599361 0.998805881 172.422363281
0.998676002 -0.008420574 0.050747789 11.871191978 0.008085559 0.999944150 0.006803272 -17.234254837 -0.050802249 -0.006383939 0.998688340 174.693634033
0.998594999 -0.008409947 0.052321602 12.079628944 0.008035430 0.999940574 0.007364183 -17.451831818 -0.052380431 -0.006933410 0.998603106 176.947570801
0.998539448 -0.008862257 0.053295415 12.278080940 0.008438114 0.999930918 0.008178093 -17.663034439 -0.053364206 -0.007716436 0.998545289 179.173782349
0.998535037 -0.010339600 0.053112250 12.493364334 0.009922029 0.999917805 0.008119704 -17.887573242 -0.053191848 -0.007580829 0.998555481 181.439300537
0.998495400 -0.011222318 0.053673960 12.692720413 0.010815454 0.999910593 0.007864720 -18.099468231 -0.053757414 -0.007272379 0.998527586 183.687225342
0.998560607 -0.012597881 0.052133981 12.922770500 0.012221605 0.999896884 0.007530012 -18.321685791 -0.052223466 -0.006882011 0.998611689 185.925399780
0.998568416 -0.014387463 0.051518042 13.131775856 0.013967592 0.999866247 0.008500796 -18.540969849 -0.051633462 -0.007769043 0.998635888 188.169342041
0.998597562 -0.015119922 0.050737530 13.338665009 0.014737017 0.999859989 0.007912452 -18.748979568 -0.050850075 -0.007153635 0.998680711 190.409454346
0.998550713 -0.016122336 0.051349185 13.541697502 0.015750736 0.999846816 0.007633246 -18.964763641 -0.051464401 -0.006813395 0.998651564 192.649566650
0.998535812 -0.017921437 0.051038202 13.741496086 0.017591223 0.999821365 0.006911700 -19.177347183 -0.051152956 -0.006003754 0.998672783 194.890563965
0.998562038 -0.017472789 0.050680716 13.944776535 0.017138572 0.999828458 0.007021645 -19.390951157 -0.050794709 -0.006142952 0.998690188 197.118499756
0.998557746 -0.014950518 0.051564667 14.150555611 0.014589629 0.999866426 0.007368072 -19.615047455 -0.051667932 -0.006605135 0.998642504 199.370651245
0.998566091 -0.013052266 0.051917791 14.351844788 0.012694150 0.999893367 0.007221533 -19.834766388 -0.052006513 -0.006552124 0.998625398 201.607345581
0.998546481 -0.012545654 0.052416783 14.563750267 0.012227014 0.999904931 0.006395227 -20.049896240 -0.052492019 -0.005745031 0.998604834 203.869964600
0.998512983 -0.012771295 0.052997835 14.764841080 0.012432093 0.999900043 0.006725097 -20.258581161 -0.053078424 -0.006056222 0.998571992 206.089843750
0.998497963 -0.014287896 0.052891079 14.991998672 0.013909481 0.999875009 0.007515804 -20.489784241 -0.052991848 -0.006768828 0.998571932 208.345718384
0.998442054 -0.014117287 0.053984445 15.197876930 0.013732136 0.999877572 0.007498820 -20.693031311 -0.054083701 -0.006745815 0.998513579 210.591949463
0.998367488 -0.014549856 0.055232342 15.416732788 0.014062128 0.999858677 0.009208876 -20.931362152 -0.055358525 -0.008417157 0.998431087 212.831237793
0.998309433 -0.013124559 0.056620698 15.650856018 0.012607081 0.999875546 0.009486916 -21.144279480 -0.056738168 -0.008757056 0.998350680 215.062118530
0.998124063 -0.012302547 0.059977159 15.859333038 0.011718479 0.999880552 0.010080270 -21.370260239 -0.060094010 -0.009358519 0.998148799 217.337188721
0.997997046 -0.012448172 0.062023744 16.086368561 0.011812516 0.999873936 0.010604797 -21.581336975 -0.062147930 -0.009850898 0.998018444 219.582916260
0.997860730 -0.014151338 0.063825235 16.317760468 0.013468600 0.999847531 0.011114627 -21.787324905 -0.063972794 -0.010231212 0.997899175 221.814788818
0.997756302 -0.015815977 0.065057360 16.551498413 0.015073784 0.999815702 0.011883452 -21.992771149 -0.065233313 -0.010876127 0.997810781 224.049148560
0.997685969 -0.017974826 0.065570235 16.800329208 0.017257979 0.999785125 0.011482592 -22.208431244 -0.065762535 -0.010324412 0.997781873 226.280883789
0.997644126 -0.019169176 0.065869525 17.039234161 0.018476635 0.999767601 0.011107088 -22.408758163 -0.066067129 -0.009863874 0.997766435 228.528457642
0.997610271 -0.019207492 0.066368625 17.279008865 0.018486273 0.999763370 0.011463985 -22.616216660 -0.066573113 -0.010209682 0.997729301 230.771255493
0.997547150 -0.020514129 0.066924594 17.522342682 0.019859737 0.999748349 0.010428831 -22.821435928 -0.067121699 -0.009074144 0.997703552 233.019348145
0.997500837 -0.021436952 0.067325197 17.762264252 0.020711865 0.999719918 0.011449640 -23.023233414 -0.067551777 -0.010026594 0.997665465 235.260070801
0.997494161 -0.020747736 0.067637816 18.032953262 0.020011365 0.999733031 0.011546486 -23.229558945 -0.067859307 -0.010164029 0.997643113 237.535736084
0.997461677 -0.020835308 0.068087757 18.271774292 0.020106491 0.999733150 0.011371979 -23.427852631 -0.068306528 -0.009974105 0.997614443 239.762817383
0.997431934 -0.020943344 0.068490408 18.515810013 0.020185295 0.999727249 0.011741390 -23.634740829 -0.068717629 -0.010328737 0.997582793 241.988922119
0.997380733 -0.021240965 0.069141343 18.760112762 0.020474277 0.999720991 0.011778599 -23.836997986 -0.069372244 -0.010332129 0.997537255 244.235855103
0.997337401 -0.021698600 0.069624141 19.004650116 0.020980351 0.999719024 0.011030928 -24.046609879 -0.069843948 -0.009540818 0.997512400 246.461990356
0.997360229 -0.021413246 0.069384970 19.263473511 0.020738265 0.999730468 0.010433892 -24.256006241 -0.069589704 -0.008967423 0.997535348 248.698196411
0.997326255 -0.021847965 0.069734253 19.512884140 0.021133548 0.999716640 0.010966262 -24.462833405 -0.069954067 -0.009463211 0.997505307 250.938140869
0.997286677 -0.023213191 0.069862142 19.765918732 0.022494750 0.999685824 0.011053013 -24.672651291 -0.070096783 -0.009451488 0.997495413 253.167922974
0.997274518 -0.023249943 0.070021659 20.025085449 0.022479333 0.999677896 0.011773425 -24.880361557 -0.070272863 -0.010167295 0.997475982 255.430496216
0.997244000 -0.024696510 0.069961578 20.268808365 0.023889644 0.999638379 0.012346397 -25.091512680 -0.070241205 -0.010641013 0.997473240 257.652069092
0.997220933 -0.024582371 0.070328258 20.533901215 0.023740500 0.999636412 0.012781718 -25.300502777 -0.070616916 -0.011076570 0.997442007 259.925598145
0.997189164 -0.024166957 0.070920557 20.786935806 0.023353655 0.999651909 0.012274703 -25.502618790 -0.071192496 -0.010583946 0.997406423 262.170959473
0.997157335 -0.024261994 0.071334712 21.045110703 0.023480389 0.999654889 0.011775247 -25.705005646 -0.071595795 -0.010066806 0.997382879 264.430114746
0.997134089 -0.023460593 0.071924701 21.306453705 0.022693453 0.999676645 0.011464636 -25.916135788 -0.072170407 -0.009799561 0.997344136 266.675231934
0.997087836 -0.022987310 0.072714731 21.565330505 0.022239374 0.999691308 0.011078939 -26.113370895 -0.072946966 -0.009429545 0.997291207 268.917694092
0.996953547 -0.022247713 0.074756242 21.813232422 0.021480996 0.999708235 0.011044781 -26.331193924 -0.074980132 -0.009405296 0.997140586 271.185821533
0.996870399 -0.022975955 0.075638831 22.087886810 0.022155877 0.999686420 0.011663498 -26.544193268 -0.075883098 -0.009951152 0.997067034 273.435272217
0.996664524 -0.023289524 0.078212306 22.332235336 0.022381695 0.999671757 0.012463974 -26.750238419 -0.078476921 -0.010671877 0.996858835 275.686431885
0.996541619 -0.023314968 0.079757363 22.604387283 0.022288280 0.999657273 0.013738852 -26.944950104 -0.080050327 -0.011913685 0.996719658 277.923553467
0.996495306 -0.022749012 0.080495447 22.891323090 0.021605261 0.999653280 0.015051555 -27.157661438 -0.080809958 -0.013259681 0.996641338 280.189147949
0.996411026 -0.022436032 0.081619412 23.173076630 0.021194501 0.999646604 0.016046092 -27.359733582 -0.081950605 -0.014258620 0.996534407 282.428833008
0.996361911 -0.021839062 0.082378656 23.456964493 0.020589165 0.999660134 0.015991801 -27.549186707 -0.082699902 -0.014237512 0.996472716 284.695312500
0.996271312 -0.020678723 0.083760917 23.724069595 0.019459300 0.999692857 0.015348773 -27.740543365 -0.084052570 -0.013661614 0.996367633 286.932891846
0.996273816 -0.019633926 0.083982304 24.014059067 0.018541457 0.999733210 0.013768654 -27.926074982 -0.084230237 -0.012160195 0.996372104 289.181213379
0.996200800 -0.020465633 0.084646948 24.285173416 0.019343987 0.999714136 0.014049984 -28.130489349 -0.084910288 -0.012359196 0.996311963 291.408721924
0.996156156 -0.020430621 0.085178353 24.549415588 0.019391753 0.999727368 0.013006036 -28.325969696 -0.085420839 -0.011304285 0.996280789 293.682617188
0.996163428 -0.021018725 0.084950849 24.829877853 0.020068580 0.999726295 0.012023273 -28.522647858 -0.085180312 -0.010272304 0.996312618 295.910400391
0.996152222 -0.021174397 0.085043758 25.109580994 0.020248951 0.999726117 0.011729997 -28.723035812 -0.085268833 -0.009962813 0.996308148 298.145202637
0.996151328 -0.020563854 0.085204139 25.388769150 0.019620022 0.999736667 0.011899947 -28.922578812 -0.085426427 -0.010182440 0.996292412 300.382446289
0.996091545 -0.020354517 0.085949443 25.649061203 0.019320650 0.999730825 0.012843611 -29.131420135 -0.086187735 -0.011132813 0.996216714 302.620025635
0.996092260 -0.020881036 0.085814975 25.935745239 0.019829426 0.999717712 0.013088719 -29.332584381 -0.086064056 -0.011335910 0.996225119 304.866821289
0.996063948 -0.020217387 0.086301222 26.220239639 0.019133942 0.999727607 0.013363102 -29.534811020 -0.086547866 -0.011659221 0.996179461 307.114776611
0.996044874 -0.021151299 0.086297154 26.501749039 0.020074006 0.999709606 0.013332362 -29.741514206 -0.086554095 -0.011547303 0.996180177 309.370727539
0.996001244 -0.022336813 0.086501069 26.788093567 0.021231445 0.999680996 0.013677754 -29.940572739 -0.086778998 -0.011786520 0.996157825 311.632843018
0.995963395 -0.022258181 0.086955875 27.071445465 0.021194791 0.999689102 0.013133343 -30.144721985 -0.087221168 -0.011237320 0.996125519 313.871429443
0.995984197 -0.021941127 0.086798906 27.363096237 0.020827474 0.999688983 0.013715254 -30.347509384 -0.087072842 -0.011852374 0.996131420 316.122467041
0.995952368 -0.020259390 0.087569661 27.646621704 0.019194704 0.999731481 0.012983207 -30.551263809 -0.087809175 -0.011249783 0.996073723 318.368011475
0.995939374 -0.018769016 0.088047192 27.926664352 0.017645951 0.999752879 0.013516386 -30.751914978 -0.088279136 -0.011907826 0.996024609 320.616333008
0.995883584 -0.017460706 0.088943608 28.205223083 0.016341809 0.999778092 0.013292583 -30.957418442 -0.089155957 -0.011784366 0.995947957 322.846710205
0.995841980 -0.016614620 0.089571111 28.485965729 0.015431487 0.999784648 0.013885259 -31.156099319 -0.089782506 -0.012445309 0.995883584 325.083557129
0.995847225 -0.016234282 0.089580119 28.781467438 0.014924729 0.999771953 0.015269330 -31.365207672 -0.089807570 -0.013868961 0.995862484 327.312316895
0.995803952 -0.016949778 0.089929089 29.061395645 0.015638277 0.999761105 0.015268387 -31.570446014 -0.090166390 -0.013797984 0.995831132 329.556945801
0.995807946 -0.018517578 0.089574479 29.360687256 0.017284958 0.999745190 0.014517096 -31.767084122 -0.089820459 -0.012907948 0.995874345 331.793518066
0.995805740 -0.018185930 0.089666478 29.646371841 0.016989039 0.999756277 0.014093512 -31.965568542 -0.089900933 -0.012511050 0.995872259 334.010345459
0.995776355 -0.018512610 0.089926526 29.933078766 0.017184066 0.999731779 0.015525553 -32.163887024 -0.090189822 -0.013914675 0.995827377 336.243316650
0.995821178 -0.019176124 0.089288771 30.237520218 0.017871397 0.999721885 0.015389125 -32.358051300 -0.089559041 -0.013729099 0.995886862 338.482849121
0.995817780 -0.019135917 0.089335419 30.521427155 0.017788077 0.999715924 0.015859310 -32.560348511 -0.089613535 -0.014203876 0.995875299 340.720977783
0.995849729 -0.019163322 0.088972516 30.816658020 0.017842645 0.999718785 0.015615419 -32.760253906 -0.089246735 -0.013963106 0.995911658 342.965362549
0.995862424 -0.019105047 0.088842683 31.105731964 0.017724652 0.999709964 0.016300689 -32.958614349 -0.089128345 -0.014658539 0.995912254 345.208648682
0.995916009 -0.019042719 0.088253558 31.396917343 0.017659029 0.999709010 0.016432971 -33.151515961 -0.088540785 -0.014807387 0.995962501 347.446075439
0.995955050 -0.018864218 0.087850139 31.683490753 0.017505562 0.999715328 0.016210517 -33.344104767 -0.088130914 -0.014607078 0.996001780 349.684539795
0.995955348 -0.018439973 0.087936997 31.965105057 0.017038168 0.999715924 0.016665120 -33.542114258 -0.088219322 -0.015099430 0.995986640 351.924835205
0.996007621 -0.018714732 0.087284304 32.251190186 0.017292568 0.999705553 0.017021291 -33.734142303 -0.087577142 -0.015443965 0.996037960 354.155487061
0.996023238 -0.018330410 0.087186918 32.532676697 0.016942613 0.999718130 0.016630983 -33.931011200 -0.087467186 -0.015087673 0.996053159 356.400085449
0.996084213 -0.018544855 0.086441934 32.823745728 0.017135303 0.999708235 0.017019905 -34.123649597 -0.086732358 -0.015472052 0.996111512 358.635742188
0.996148527 -0.018218385 0.085768089 33.112644196 0.016751710 0.999701321 0.017789343 -34.317901611 -0.086066574 -0.016284069 0.996156275 360.885284424
0.996177614 -0.018292291 0.085414283 33.400249481 0.016833108 0.999700367 0.017772729 -34.513751984 -0.085713804 -0.016267003 0.996186972 363.127044678
0.996237457 -0.018329127 0.084705412 33.690753937 0.016837649 0.999690890 0.018288828 -34.706748962 -0.085014440 -0.016793773 0.996238172 365.372161865
0.996283591 -0.018341342 0.084158249 33.975116730 0.016907919 0.999700069 0.017713780 -34.901153564 -0.084457912 -0.016225005 0.996294916 367.623626709
0.996302783 -0.018978344 0.083789036 34.253856659 0.017566876 0.999691665 0.017550748 -35.095924377 -0.084096283 -0.016013948 0.996328950 369.863525391
0.996303856 -0.018750686 0.083827823 34.525733948 0.017397899 0.999706864 0.016839247 -35.286380768 -0.084118992 -0.015318579 0.996337950 372.119995117
0.996356487 -0.019131064 0.083112210 34.814697266 0.017789217 0.999699652 0.016855756 -35.482028961 -0.083409704 -0.015315840 0.996397555 374.352569580
0.996387601 -0.018879512 0.082796745 35.095821381 0.017472299 0.999691010 0.017687846 -35.672630310 -0.083105087 -0.016177304 0.996409476 376.609832764
0.996344686 -0.019067427 0.083268359 35.364402771 0.017643258 0.999685764 0.017805934 -35.861366272 -0.083581708 -0.016271720 0.996367991 378.867706299
0.996351600 -0.019709298 0.083036005 35.645690918 0.018269546 0.999669909 0.018063243 -36.057106018 -0.083364636 -0.016480314 0.996382773 381.108001709
0.996361971 -0.020017317 0.082837775 35.929828644 0.018582538 0.999664307 0.018055281 -36.244323730 -0.083171383 -0.016450258 0.996399462 383.364624023
0.996383846 -0.019329732 0.082738303 36.217170715 0.017853843 0.999668658 0.018540947 -36.441349030 -0.083069280 -0.016996708 0.996398807 385.621459961
0.996407986 -0.018431220 0.082651556 36.499809265 0.016950516 0.999683678 0.018581148 -36.629203796 -0.082967870 -0.017113417 0.996405363 387.883117676
0.996447086 -0.017165324 0.082453206 36.789089203 0.015675468 0.999702513 0.018682657 -36.831573486 -0.082749367 -0.017323786 0.996419728 390.158691406
0.996447861 -0.015792584 0.082717977 37.063995361 0.014296526 0.999724030 0.018647460 -37.024337769 -0.082989618 -0.017398641 0.996398509 392.438873291
0.996466517 -0.014634796 0.082705654 37.343002319 0.013011673 0.999712706 0.020130351 -37.215297699 -0.082976505 -0.018983083 0.996370673 394.706115723
0.996418655 -0.013225749 0.083515324 37.611549377 0.011552646 0.999723434 0.020485053 -37.406097412 -0.083763130 -0.019446870 0.996295929 396.973419189
0.996357560 -0.012887415 0.084295489 37.887672424 0.011325588 0.999755859 0.018980047 -37.602108002 -0.084519506 -0.017956216 0.996260047 399.239379883
0.996319294 -0.012848613 0.084751517 38.164943695 0.011332362 0.999767542 0.018347425 -37.792926788 -0.084967561 -0.017319458 0.996233165 401.506408691
0.996163428 -0.013798546 0.086417548 38.428066254 0.012139640 0.999732375 0.019692589 -37.980297089 -0.086666144 -0.018567957 0.996064365 403.755401611
0.996194243 -0.015384261 0.085792810 38.722801208 0.013659925 0.999693453 0.020649819 -38.176723480 -0.086084194 -0.019399304 0.996098936 406.041687012
0.996149838 -0.015771626 0.086237416 39.002265930 0.014087792 0.999698818 0.020099409 -38.360481262 -0.086528435 -0.018807128 0.996071815 408.294250488
0.996102035 -0.014376896 0.087029122 39.302936554 0.012718139 0.999727249 0.019584382 -38.544914246 -0.087286949 -0.018401193 0.996013224 410.556884766
0.996074200 -0.013409602 0.087500095 39.595600128 0.011716944 0.999734640 0.019829692 -38.737224579 -0.087742798 -0.018726610 0.995967150 412.812225342
0.996000826 -0.012147353 0.088513546 39.872890472 0.010458986 0.999754846 0.019513566 -38.927772522 -0.088728897 -0.018509764 0.995883822 415.060791016
0.995925486 -0.011161857 0.089486413 40.165218353 0.009436962 0.999761879 0.019675482 -39.117015839 -0.089684725 -0.018750828 0.995793819 417.331634521
0.995865643 -0.011443772 0.090116292 40.459877014 0.009712546 0.999760211 0.019626195 -39.309658051 -0.090319276 -0.018669790 0.995737970 419.589477539
0.995773673 -0.011593669 0.091106623 40.747051239 0.009857045 0.999761522 0.019488366 -39.495620728 -0.091310829 -0.018507956 0.995650411 421.843627930
0.995702803 -0.011693866 0.091864757 41.034053802 0.009962074 0.999764323 0.019287532 -39.684783936 -0.092068650 -0.018289486 0.995584667 424.102630615
0.995610595 -0.011870265 0.092836909 41.327011108 0.010016207 0.999741495 0.020411681 -39.876411438 -0.093055211 -0.019392211 0.995472074 426.380798340
0.995578647 -0.011367830 0.093241446 41.621440887 0.009444293 0.999733806 0.021045057 -40.064781189 -0.093455873 -0.020071412 0.995421112 428.631530762
0.995505035 -0.010697508 0.094103023 41.923511505 0.008683520 0.999724984 0.021785477 -40.250728607 -0.094310194 -0.020870408 0.995324075 430.912048340
0.995528102 -0.011330045 0.093783602 42.239532471 0.009319572 0.999717891 0.021847650 -40.441543579 -0.094004668 -0.020875923 0.995352864 433.187103271
0.995486975 -0.012121152 0.094121963 42.543327332 0.010145386 0.999718606 0.021441771 -40.637302399 -0.094355382 -0.020390101 0.995329678 435.448333740
0.995486319 -0.011314805 0.094228528 42.848190308 0.009301612 0.999719501 0.021776905 -40.813003540 -0.094448492 -0.020802131 0.995312393 437.708221436
0.995418608 -0.011420149 0.094929442 43.141738892 0.009361234 0.999711931 0.022106018 -40.998443604 -0.095154554 -0.021116085 0.995238543 439.983001709
0.995434403 -0.011429754 0.094761193 43.453540802 0.009342544 0.999704599 0.022440499 -41.184349060 -0.094989687 -0.021452740 0.995247126 442.256317139
0.995435774 -0.011232477 0.094770804 43.765892029 0.009033692 0.999680638 0.023598310 -41.389892578 -0.095005609 -0.022634467 0.995219409 444.546264648
0.995368481 -0.011814901 0.095405601 44.070854187 0.009565278 0.999666154 0.024002578 -41.574794769 -0.095657349 -0.022978825 0.995149076 446.829437256
0.995369852 -0.011808154 0.095390663 44.377498627 0.009606264 0.999677598 0.023509217 -41.758247375 -0.095637523 -0.022484019 0.995162189 449.102081299
0.995360732 -0.010958234 0.095586576 44.687244415 0.008775485 0.999691665 0.023225855 -41.946311951 -0.095811613 -0.022279285 0.995150149 451.365447998
0.995343685 -0.010565331 0.095809974 44.996170044 0.008383966 0.999696970 0.023141693 -42.136772156 -0.096025467 -0.022230666 0.995130599 453.629760742
0.995256543 -0.010210172 0.096747681 45.295764923 0.007993107 0.999697268 0.023275878 -42.313644409 -0.096956030 -0.022392157 0.995036721 455.908142090
0.995216846 -0.010628893 0.097110160 45.592567444 0.008413825 0.999695659 0.023190960 -42.505535126 -0.097327076 -0.022262972 0.995003402 458.171356201
0.995226979 -0.009935163 0.097079232 45.910533905 0.007767668 0.999712586 0.022679558 -42.690547943 -0.097276665 -0.021817232 0.995018244 460.457641602
0.995203614 -0.009298181 0.097382084 46.213405609 0.007063432 0.999704301 0.023267925 -42.877723694 -0.097569622 -0.022468472 0.994975030 462.733947754
0.995245397 -0.008906114 0.096990988 46.527778625 0.006578479 0.999683261 0.024291867 -43.057010651 -0.097176604 -0.023538318 0.994988739 465.012145996
0.995276928 -0.008813362 0.096676953 46.829624176 0.006465673 0.999677300 0.024570316 -43.232379913 -0.096862309 -0.023829183 0.995012522 467.279724121
0.995361149 -0.008939594 0.095792957 47.140773773 0.006727171 0.999703705 0.023393996 -43.408950806 -0.095973723 -0.022641059 0.995126367 469.561065674
0.995443940 -0.008944917 0.094928101 47.460094452 0.006803213 0.999715447 0.022861050 -43.591793060 -0.095105588 -0.022111077 0.995221615 471.858367920
0.995513678 -0.009264088 0.094162546 47.769100189 0.007019844 0.999684036 0.024137076 -43.784187317 -0.094356380 -0.023367789 0.995264173 474.139007568
0.995485544 -0.009162370 0.094470158 48.064514160 0.006875383 0.999676049 0.024505692 -43.967178345 -0.094664082 -0.023745544 0.995226026 476.424011230
0.995594442 -0.008996445 0.093331471 48.377285004 0.006788488 0.999690175 0.023947725 -44.139732361 -0.093517996 -0.023208646 0.995347023 478.761505127
0.995638788 -0.008669640 0.092888191 48.686351776 0.006411617 0.999677300 0.024579966 -44.319362640 -0.093071289 -0.023877207 0.995373070 481.052673340
0.995653927 -0.009457857 0.092648454 48.988842010 0.007163389 0.999660134 0.025066655 -44.501701355 -0.092854030 -0.024294034 0.995383441 483.326812744
0.995681345 -0.010135788 0.092280962 49.285453796 0.007891309 0.999665022 0.024654724 -44.683235168 -0.092499919 -0.023820035 0.995427728 485.599121094
0.995708644 -0.010135369 0.091985904 49.586650848 0.007784633 0.999634862 0.025878349 -44.873764038 -0.092214592 -0.025051221 0.995423973 487.886993408
0.995728970 -0.009995098 0.091781259 49.857337952 0.007711613 0.999652684 0.025200691 -45.041595459 -0.092001274 -0.024385277 0.995460272 490.139801025
0.995756030 -0.009265561 0.091564588 50.154582977 0.006957820 0.999650836 0.025490582 -45.213821411 -0.091768801 -0.024745312 0.995472848 492.442077637
0.995805502 -0.008296232 0.091118611 50.452026367 0.005948534 0.999644041 0.026006714 -45.391384125 -0.091301925 -0.025355605 0.995500386 494.726501465
0.995788515 -0.008090154 0.091322474 50.739097595 0.005785317 0.999658585 0.025475007 -45.566474915 -0.091497391 -0.024839384 0.995495498 497.035461426
0.995822489 -0.007817234 0.090975352 51.047409058 0.005544999 0.999666989 0.025202388 -45.755470276 -0.091142058 -0.024592644 0.995534122 499.354370117
0.995886803 -0.008038014 0.090250023 51.345333099 0.005715344 0.999646544 0.025964959 -45.935165405 -0.090426825 -0.025342340 0.995580614 501.645904541
0.995871723 -0.007494512 0.090461075 51.633071899 0.005134614 0.999641120 0.026292030 -46.116039276 -0.090625651 -0.025719013 0.995552897 503.926666260
0.995882213 -0.006679288 0.090409689 51.925609589 0.004378377 0.999662042 0.025624275 -46.295394897 -0.090550281 -0.025122916 0.995574951 506.213714600
0.995900869 -0.006907868 0.090186790 52.222068787 0.004578037 0.999651074 0.026014743 -46.470951080 -0.090335011 -0.025495231 0.995584965 508.509613037
0.995927393 -0.007092074 0.089879617 52.518726349 0.004835369 0.999668300 0.025301002 -46.652908325 -0.090029232 -0.024763362 0.995631218 510.804260254
0.995947182 -0.007515769 0.089624710 52.820625305 0.005200651 0.999647379 0.026036853 -46.835235596 -0.089788802 -0.025465226 0.995635152 513.106384277
0.995953560 -0.007036895 0.089593664 53.116859436 0.004708845 0.999646425 0.026169434 -47.012989044 -0.089746147 -0.025641661 0.995634496 515.412658691
0.995987952 -0.006645556 0.089240469 53.414409637 0.004328362 0.999649048 0.026134187 -47.195217133 -0.089382812 -0.025643073 0.995667160 517.722167969
0.995972753 -0.005674299 0.089477181 53.700233459 0.003361808 0.999656975 0.025974050 -47.375816345 -0.089593865 -0.025568636 0.995650172 520.013916016
0.995914996 -0.003972794 0.090208225 53.986251831 0.001613769 0.999655187 0.026208783 -47.559623718 -0.090281226 -0.025956141 0.995577991 522.362365723
0.995739222 -0.001836443 0.092195556 54.263755798 -0.000618594 0.999646127 0.026592953 -47.737152100 -0.092211761 -0.026536675 0.995385706 524.686401367
0.995762587 -0.000198206 0.091960907 54.570320129 -0.002319439 0.999625385 0.027269650 -47.905239105 -0.091931865 -0.027367398 0.995389163 527.011230469
0.995694339 -0.000484947 0.092695780 54.864002228 -0.002040933 0.999629080 0.027152395 -48.082992554 -0.092674568 -0.027224667 0.995324194 529.322631836
0.995644748 -0.002315507 0.093199492 55.161422729 -0.000352285 0.999590933 0.028597916 -48.256340027 -0.093227573 -0.028506199 0.995236635 531.626342773
0.995591819 -0.003944366 0.093709178 55.472930908 0.001286592 0.999595582 0.028405445 -48.432060242 -0.093783326 -0.028159665 0.995194316 533.939331055
0.995543420 -0.003954442 0.094222359 55.773956299 0.001343351 0.999613881 0.027759342 -48.605201721 -0.094295740 -0.027509052 0.995164096 536.246093750
0.995464146 -0.004579446 0.095027246 56.079864502 0.001957259 0.999615252 0.027668931 -48.784587860 -0.095117390 -0.027357437 0.995090067 538.560668945
0.995375812 -0.003866946 0.095979534 56.377422333 0.001269780 0.999631763 0.027105929 -48.964710236 -0.096048988 -0.026858717 0.995014191 540.869995117
0.995258629 -0.003272787 0.097209901 56.675449371 0.000652772 0.999635935 0.026971722 -49.147083282 -0.097262807 -0.026780380 0.994898379 543.194152832
0.995182753 -0.003011565 0.097990908 56.985507965 0.000464610 0.999661744 0.026004186 -49.324256897 -0.098036073 -0.025833393 0.994847536 545.513305664
0.995020151 -0.003057899 0.099627249 57.281738281 0.000413416 0.999647319 0.026553612 -49.499977112 -0.099673308 -0.026380194 0.994670570 547.836242676
0.994893312 -0.003160819 0.100882605 57.581520081 0.000362735 0.999614954 0.027742341 -49.684795380 -0.100931473 -0.027564077 0.994511485 550.139953613
0.994819939 -0.003148922 0.101603918 57.895473480 0.000321905 0.999612689 0.027828308 -49.861152649 -0.101652183 -0.027651448 0.994435549 552.445739746
0.994872987 -0.004125216 0.101047978 58.228889465 0.001409312 0.999636233 0.026934020 -50.036460876 -0.101122342 -0.026653526 0.994516909 554.757568359
0.994900167 -0.004209532 0.100776456 58.560165405 0.001446578 0.999621451 0.027474053 -50.216083527 -0.100853972 -0.027188160 0.994529605 557.073120117
0.994843960 -0.004008286 0.101337977 58.876205444 0.001158780 0.999602675 0.028162086 -50.395175934 -0.101410598 -0.027899457 0.994453371 559.379516602
0.994814932 -0.003476827 0.101641737 59.199871063 0.000514945 0.999574780 0.029152131 -50.569503784 -0.101699889 -0.028948635 0.994393826 561.713684082
0.994792223 -0.004152326 0.101838231 59.530635834 0.001114598 0.999553263 0.029867742 -50.746440887 -0.101916745 -0.029598691 0.994352520 564.047790527
0.994763196 -0.003635426 0.102141783 59.859149933 0.000496775 0.999527395 0.030737016 -50.916835785 -0.102205254 -0.030525314 0.994294822 566.359985352
0.994737506 -0.002818277 0.102417372 60.195350647 -0.000266686 0.999547005 0.030095298 -51.092422485 -0.102455787 -0.029964242 0.994286180 568.684143066
0.994736910 -0.001228999 0.102455989 60.535373688 -0.001726295 0.999585032 0.028750855 -51.259483337 -0.102448829 -0.028776405 0.994321942 571.023071289
0.994692385 -0.000912348 0.102890030 60.872535706 -0.002076828 0.999578953 0.028941277 -51.434593201 -0.102873124 -0.029001355 0.994271576 573.346801758
0.994669199 -0.001450565 0.103107065 61.195960999 -0.001668292 0.999543786 0.030156054 -51.617042542 -0.103103772 -0.030167311 0.994213045 575.727905273
0.994670987 -0.001532590 0.103088982 61.535034180 -0.001743382 0.999496520 0.031680498 -51.795780182 -0.103085645 -0.031691395 0.994167447 578.038024902
0.994587183 -0.001417535 0.103895903 61.866584778 -0.001714634 0.999546826 0.030051678 -51.973693848 -0.103891425 -0.030067155 0.994134068 580.419311523
0.994644463 -0.002116416 0.103333883 62.207038879 -0.000967592 0.999555826 0.029785842 -52.138847351 -0.103351019 -0.029726308 0.994200647 582.757446289
0.994676769 -0.003657067 0.102978975 62.578025818 0.000385799 0.999495149 0.031768374 -52.339973450 -0.103043161 -0.031559549 0.994176090 585.133361816
0.994730651 -0.003303333 0.102470033 62.913101196 0.000031127 0.999490440 0.031918477 -52.507369995 -0.102523275 -0.031747092 0.994223893 587.452636719
0.994712591 -0.006403501 0.102497540 63.257965088 0.003235379 0.999512672 0.031045711 -52.685073853 -0.102646388 -0.030549943 0.994248629 589.785644531
0.994706213 -0.006015795 0.102583148 63.590270996 0.002861176 0.999519289 0.030871287 -52.850265503 -0.102719545 -0.030414358 0.994245291 592.139282227
0.994748175 -0.008389962 0.102007195 63.929512024 0.005187659 0.999486685 0.031617761 -53.026786804 -0.102220088 -0.030922541 0.994280994 594.483459473
0.994749963 -0.008593628 0.101973861 64.263122559 0.005388005 0.999483824 0.031669643 -53.193336487 -0.102193363 -0.030953947 0.994282782 596.829589844
