1.000000000 0.000000000 0.000000000 0.000000000 0.000000000 1.000000000 0.000000000 0.000000000 0.000000000 0.000000000 1.000000000 0.000000000
0.999999940 -0.000158826 0.000276090 0.088908590 0.000158900 0.999999940 -0.000271203 -0.226199821 -0.000276046 0.000271247 0.999999940 2.285007000
0.999999464 0.000077731 0.000983781 0.168726400 -0.000077950 1.000000000 0.000222582 -0.463618636 -0.000983764 -0.000222658 0.999999404 4.577857971
0.999998748 -0.000502282 0.001484118 0.267331481 0.000502039 0.999999881 0.000164495 -0.693703115 -0.001484201 -0.000163750 0.999998868 6.864204407
0.999997139 -0.000914615 0.002173789 0.364115685 0.000918091 0.999998271 -0.001598405 -0.927230000 -0.002172323 0.001600396 0.999996364 9.154569626
0.999989629 0.000863817 0.004461440 0.452304959 -0.000862982 0.999999583 -0.000189126 -1.164148450 -0.004461602 0.000185274 0.999989986 11.463209152
0.999979138 0.002583607 0.005920363 0.579767942 -0.002587009 0.999996483 0.000567184 -1.391271830 -0.005918876 -0.000582489 0.999982238 13.744355202
0.999963820 0.002249304 0.008206831 0.683452845 -0.002272389 0.999993503 0.002804710 -1.618525982 -0.008200468 -0.002823258 0.999962449 16.017829895
0.999957800 0.003235081 0.008595902 0.792338490 -0.003281592 0.999979973 0.005402320 -1.860133648 -0.008578257 -0.005430300 0.999948382 18.290256500
0.999947608 0.002331701 0.009964962 0.905201137 -0.002386891 0.999981880 0.005530195 -2.083159924 -0.009951886 -0.005553691 0.999935031 20.575538635
0.999937296 -0.000016598 0.011199388 1.000302792 -0.000013611 0.999996364 0.002697284 -2.302060127 -0.011199394 -0.002697268 0.999933660 22.874034882
0.999925554 -0.002058413 0.012031323 1.105431199 0.002052566 0.999997795 0.000498308 -2.520584345 -0.012032324 -0.000473576 0.999927521 25.156520844
0.999927044 -0.002745954 0.011761587 1.241691947 0.002747214 0.999996245 -0.000090982 -2.767761230 -0.011761294 0.000123287 0.999930799 27.454393387
0.999906063 -0.002451348 0.013488453 1.335230827 0.002467401 0.999996245 -0.001173647 -2.993379593 -0.013485526 0.001206819 0.999908328 29.740316391
0.999907970 -0.000262126 0.013560443 1.464030981 0.000238182 0.999998391 0.001767256 -3.228062153 -0.013560886 -0.001763864 0.999906480 32.018493652
0.999909341 0.001681382 0.013363521 1.593986392 -0.001736287 0.999990165 0.004098039 -3.449719667 -0.013356497 -0.004120870 0.999902368 34.299327850
0.999872804 0.003567762 0.015542991 1.700718164 -0.003688684 0.999963105 0.007758099 -3.678831100 -0.015514739 -0.007814448 0.999849021 36.614646912
0.999864340 0.005519093 0.015515391 1.825137496 -0.005628819 0.999959409 0.007037302 -3.895265102 -0.015475920 -0.007123681 0.999854803 38.886066437
0.999821424 0.004393789 0.018378910 1.917045832 -0.004510104 0.999970019 0.006291978 -4.108609200 -0.018350717 -0.006373745 0.999811292 41.176891327
0.999838591 0.001915978 0.017869525 2.048429728 -0.002016305 0.999982238 0.005598096 -4.335931301 -0.017858485 -0.005633222 0.999824643 43.455371857
0.999833107 0.001442199 0.018211067 2.177388191 -0.001513259 0.999991298 0.003888808 -4.560333729 -0.018205298 -0.003915717 0.999826550 45.731987000
0.999830306 0.000651947 0.018416451 2.299527884 -0.000703907 0.999995768 0.002815011 -4.788308620 -0.018414536 -0.002827497 0.999826431 48.006759644
0.999833643 -0.000979482 0.018213043 2.438891411 0.000921380 0.999994397 0.003198239 -5.015815258 -0.018216074 -0.003180925 0.999828994 50.286926270
0.999820769 -0.001979111 0.018829234 2.571585178 0.001914548 0.999992251 0.003446274 -5.238913536 -0.018835908 -0.003409607 0.999816775 52.552391052
0.999814451 -0.003169341 0.019003030 2.705919266 0.003106241 0.999989629 0.003349149 -5.468125343 -0.019013446 -0.003289500 0.999813855 54.834754944
0.999791026 -0.003348340 0.020171260 2.835267067 0.003271191 0.999987185 0.003856514 -5.700126648 -0.020183915 -0.003789724 0.999789059 57.124225616
0.999778569 -0.004918485 0.020460870 2.974579811 0.004829769 0.999978662 0.004383130 -5.922846317 -0.020481994 -0.004283337 0.999781072 59.390766144
0.999742687 -0.006439436 0.021749498 3.101401329 0.006361029 0.999972999 0.003672317 -6.145119667 -0.021772560 -0.003533022 0.999756694 61.657566071
0.999725461 -0.007506862 0.022192122 3.248849869 0.007426618 0.999965608 0.003696042 -6.370052338 -0.022219107 -0.003530214 0.999746919 63.908020020
0.999689281 -0.006688195 0.024011478 3.378754377 0.006586484 0.999969006 0.004312555 -6.591655254 -0.024039580 -0.004153064 0.999702394 66.177833557
0.999671996 -0.005771553 0.024951303 3.524988174 0.005653818 0.999972582 0.004786614 -6.819442272 -0.024978248 -0.004643975 0.999677181 68.424285889
0.999628484 -0.005990666 0.026586218 3.655631304 0.005874030 0.999972761 0.004463030 -7.044362068 -0.026612228 -0.004305205 0.999636590 70.673202515
0.999613941 -0.006933837 0.026909538 3.813771963 0.006850013 0.999971330 0.003206023 -7.268796921 -0.026930997 -0.003020455 0.999632716 72.920204163
0.999596715 -0.007769651 0.027313342 3.964695930 0.007673122 0.999963939 0.003637197 -7.493985653 -0.027340615 -0.003426152 0.999620438 75.186378479
0.999549448 -0.009035498 0.028624203 4.123165131 0.008951989 0.999955356 0.003044278 -7.724954128 -0.028650435 -0.002786663 0.999585629 77.452651978
0.999545276 -0.009469803 0.028627612 4.281140327 0.009391796 0.999951839 0.002858101 -7.951286316 -0.028653301 -0.002587938 0.999585986 79.701889038
0.999513805 -0.009914587 0.029560415 4.426539421 0.009844440 0.999948382 0.002517669 -8.170081139 -0.029583855 -0.002225439 0.999559820 81.956466675
0.999513209 -0.009111404 0.029838029 4.602389336 0.009040183 0.999955952 0.002520936 -8.399487495 -0.029859688 -0.002249968 0.999551594 84.216583252
0.999463081 -0.008843657 0.031550277 4.752689362 0.008771504 0.999958634 0.002424593 -8.611141205 -0.031570412 -0.002146548 0.999499261 86.470840454
0.999476552 -0.008865681 0.031111553 4.925883770 0.008748163 0.999954104 0.003911396 -8.849941254 -0.031144802 -0.003637180 0.999508202 88.742630005
0.999449372 -0.008094767 0.032177404 5.081336021 0.007950950 0.999957860 0.004594975 -9.078462601 -0.032213241 -0.004336604 0.999471605 90.999984741
0.999428272 -0.008140706 0.032814994 5.246906757 0.007998495 0.999958038 0.004462657 -9.300131798 -0.032849949 -0.004197634 0.999451458 93.249694824
0.999413669 -0.008177128 0.033248760 5.411807060 0.008050064 0.999959707 0.003953641 -9.519124031 -0.033279743 -0.003683668 0.999439299 95.502311707
0.999385774 -0.008595106 0.033976674 5.574957848 0.008456989 0.999955416 0.004206727 -9.741350174 -0.034011323 -0.003916802 0.999413729 97.758399963
0.999351203 -0.008307219 0.035042930 5.731807709 0.008183951 0.999959826 0.003659653 -9.972421646 -0.035071928 -0.003370489 0.999379098 99.993988037
0.999287367 -0.008349266 0.036812082 5.881569386 0.008184519 0.999955833 0.004623802 -10.188918114 -0.036849059 -0.004319218 0.999311507 102.214958191
0.999289513 -0.008772674 0.036652751 6.081383705 0.008609719 0.999952376 0.004601327 -10.413694382 -0.036691356 -0.004282488 0.999317467 104.469329834
0.999251127 -0.009363207 0.037546709 6.250288486 0.009166846 0.999943435 0.005398513 -10.632047653 -0.037595142 -0.005050286 0.999280274 106.694358826
0.999207139 -0.010743544 0.038334858 6.422646999 0.010535229 0.999928653 0.005631924 -10.850511551 -0.038392629 -0.005223593 0.999249101 108.937095642
0.999170423 -0.011912247 0.038942643 6.601329803 0.011663261 0.999910057 0.006614702 -11.075054169 -0.039017942 -0.006155017 0.999219477 111.180824280
0.999148309 -0.012539524 0.039311446 6.786861420 0.012339363 0.999909580 0.005330248 -11.296387672 -0.039374739 -0.004840630 0.999212742 113.436332703
0.999105573 -0.013287793 0.040141858 6.964869022 0.013124152 0.999904454 0.004337333 -11.513597488 -0.040195659 -0.003806626 0.999184549 115.680404663
0.999079585 -0.013447687 0.040730882 7.142509937 0.013267076 0.999900937 0.004701313 -11.738035202 -0.040790066 -0.004156607 0.999159098 117.909347534
0.999024749 -0.013710883 0.041970938 7.326486588 0.013484792 0.999893010 0.005665259 -11.958615303 -0.042044129 -0.005093764 0.999102771 120.154167175
0.998998940 -0.014518927 0.042314317 7.523608208 0.014269362 0.999878943 0.006194003 -12.182508469 -0.042399131 -0.005584003 0.999085128 122.360931396
0.998941422 -0.014650940 0.043604780 7.699562550 0.014409735 0.999879062 0.005840851 -12.398594856 -0.043685075 -0.005206335 0.999031782 124.617347717
0.998908699 -0.015093499 0.044200160 7.880903244 0.014887717 0.999876618 0.004981230 -12.621589661 -0.044269897 -0.004317754 0.999010265 126.885902405
0.998906374 -0.016546793 0.043729391 8.072919846 0.016327269 0.999852180 0.005372596 -12.839221001 -0.043811820 -0.004652738 0.999028981 129.159133911
0.998930931 -0.017590651 0.042750437 8.259063721 0.017366733 0.999833405 0.005603633 -13.055564880 -0.042841896 -0.004855206 0.999070048 131.408630371
0.998990595 -0.017932564 0.041185122 8.454387665 0.017667914 0.999820888 0.006780868 -13.274409294 -0.041299351 -0.006046368 0.999128461 133.643447876
0.999052823 -0.019127274 0.039084781 8.656284332 0.018890258 0.999800920 0.006424515 -13.498150826 -0.039199889 -0.005680108 0.999215186 135.895645142
0.999133587 -0.019983262 0.036507167 8.864242554 0.019771604 0.999785602 0.006149491 -13.712674141 -0.036622230 -0.005422357 0.999314427 138.113449097
0.999110460 -0.020235131 0.036997937 9.027576447 0.020034369 0.999782503 0.005789123 -13.929406166 -0.037107036 -0.005042742 0.999298573 140.407394409
0.999100089 -0.020565417 0.037095245 9.193564415 0.020361258 0.999775469 0.005873052 -14.140094757 -0.037207697 -0.005112462 0.999294460 142.638626099
0.999125004 -0.020284366 0.036578145 9.377075195 0.020018702 0.999770582 0.007614675 -14.371883392 -0.036724210 -0.006875766 0.999301791 144.873489380
0.999137938 -0.019196518 0.036812358 9.546724319 0.018966092 0.999798357 0.006598461 -14.588367462 -0.036931604 -0.005894586 0.999300420 147.115814209
0.999162316 -0.017817840 0.036839724 9.723236084 0.017640773 0.999831259 0.005125772 -14.806756020 -0.036924835 -0.004471595 0.999307990 149.362411499
0.999175370 -0.016220376 0.037220612 9.896177292 0.016072627 0.999861658 0.004265391 -15.028133392 -0.037284646 -0.003663641 0.999297976 151.606903076
0.999188960 -0.015422035 0.037196934 10.078713417 0.015276118 0.999874413 0.004203881 -15.242394447 -0.037257105 -0.003632247 0.999299109 153.832168579
0.999172926 -0.014735676 0.037899330 10.254135132 0.014571868 0.999883175 0.004594866 -15.462103844 -0.037962608 -0.004038801 0.999270976 156.092819214
0.999183893 -0.013980018 0.037895821 10.448972702 0.013763200 0.999887526 0.005976254 -15.687130928 -0.037975106 -0.005449809 0.999263823 158.307006836
0.999138236 -0.013135617 0.039376546 10.610492706 0.012853773 0.999889910 0.007402385 -15.911199570 -0.039469454 -0.006889869 0.999197006 160.567108154
0.999103665 -0.012269121 0.040514436 10.787230492 0.011887880 0.999882877 0.009637537 -16.132568359 -0.040627938 -0.009147268 0.999132395 162.802764893
0.999081194 -0.011444856 0.041301459 10.973411560 0.011115457 0.999904573 0.008196325 -16.331790924 -0.041391328 -0.007729709 0.999113083 165.054962158
0.999049723 -0.010634114 0.042267896 11.164893150 0.010344481 0.999921501 0.007065222 -16.546249390 -0.042339720 -0.006621268 0.999081314 167.291763306
0.998973548 -0.008766841 0.044442747 11.341922760 0.008442880 0.999936461 0.007471871 -16.763908386 -0.044505429 -0.007088976 0.998983979 169.520248413
0.998863757 -0.008114547 0.046961546 11.527091980 0.007751511 0.999938667 0.007907473 -16.988105774 -0.047022838 -0.007534464 0.998865426 171.770446777
0.998741925 -0.008570244 0.049407285 11.721151352 0.008208247 0.999938011 0.007525071 -17.198673248 -0.049468711 -0.007110057 0.998750389 174.036285400
0.998660684 -0.008101343 0.051100217 11.924310684 0.007681618 0.999935091 0.008404830 -17.419038773 -0.051164992 -0.008001041 0.998658180 176.281356812
0.998606324 -0.008588055 0.052074447 12.120994568 0.008120410 0.999924779 0.009185266 -17.627643585 -0.052149419 -0.008749599 0.998600960 178.507522583
0.998612046 -0.010510996 0.051607579 12.329092026 0.010063045 0.999909401 0.008932150 -17.842699051 -0.051696789 -0.008400423 0.998627484 180.742141724
0.998565197 -0.011401947 0.052321400 12.522548676 0.010967428 0.999902964 0.008584441 -18.051853180 -0.052414209 -0.007998293 0.998593390 182.993179321
0.998622417 -0.012402573 0.050984617 12.733695984 0.011968369 0.999889493 0.008812944 -18.280403137 -0.051088300 -0.008190604 0.998660564 185.249572754
0.998624325 -0.014169398 0.050485082 12.936581612 0.013696532 0.999859154 0.009700149 -18.497522354 -0.050615411 -0.008995335 0.998677671 187.494522095
0.998636544 -0.015030110 0.049991589 13.139541626 0.014588165 0.999851286 0.009193606 -18.704761505 -0.050122336 -0.008451783 0.998707354 189.742233276
0.998614192 -0.016868547 0.049849778 13.339409828 0.016436381 0.999823928 0.009066553 -18.926630020 -0.049993936 -0.008234639 0.998715520 191.953369141
0.998580694 -0.018420683 0.049972389 13.532110214 0.018006751 0.999799967 0.008720817 -19.140575409 -0.050123036 -0.007808601 0.998712540 194.189910889
0.998601139 -0.018143106 0.049665272 13.738826752 0.017720690 0.999803066 0.008932390 -19.352830887 -0.049817555 -0.008039794 0.998725951 196.426925659
0.998615205 -0.016457060 0.049967751 13.948296547 0.016028548 0.999831378 0.008964453 -19.566095352 -0.050106850 -0.008151129 0.998710573 198.661087036
0.998624980 -0.013395526 0.050685193 14.138779640 0.012961574 0.999876559 0.008880778 -19.788457870 -0.050797898 -0.008211606 0.998675168 200.940093994
0.998595297 -0.012678113 0.051444784 14.344671249 0.012275666 0.999891520 0.008131335 -19.999673843 -0.051542293 -0.007488393 0.998642743 203.206069946
0.998568058 -0.012830950 0.051935110 14.544549942 0.012385877 0.999883771 0.008882568 -20.208578110 -0.052043047 -0.008226587 0.998611033 205.429489136
0.998553872 -0.014480749 0.051773045 14.776870728 0.014042960 0.999862552 0.008809788 -20.423717499 -0.051893514 -0.008070000 0.998619974 207.688888550
0.998497605 -0.014063505 0.052958980 14.979671478 0.013600471 0.999866128 0.009093500 -20.626668930 -0.053079780 -0.008359571 0.998555303 209.932830811
0.998426437 -0.013997196 0.054302011 15.195646286 0.013447939 0.999854803 0.010467157 -20.854923248 -0.054440636 -0.009720436 0.998469710 212.174530029
0.998374581 -0.012628153 0.055576827 15.428516388 0.012047016 0.999869287 0.010779123 -21.065210342 -0.055705689 -0.010092067 0.998396277 214.406143188
0.998178244 -0.011396552 0.059248336 15.609361649 0.010761513 0.999881327 0.011026308 -21.271818161 -0.059366960 -0.010368618 0.998182356 216.641845703
0.998049796 -0.011411432 0.061371021 15.833719254 0.010739822 0.999878824 0.011262223 -21.476665497 -0.061492108 -0.010581143 0.998051465 218.871215820
0.997915864 -0.012912743 0.063222393 16.062484741 0.012190805 0.999856174 0.011791518 -21.677957535 -0.063365549 -0.010996210 0.997929752 221.098541260
0.997812927 -0.014481074 0.064495735 16.292078018 0.013699594 0.999827445 0.012542550 -21.880184174 -0.064666241 -0.011631551 0.997839153 223.321502686
0.997758329 -0.016436946 0.064869776 16.541728973 0.015681634 0.999803483 0.012135538 -22.093042374 -0.065056480 -0.011091072 0.997819901 225.547882080
0.997728288 -0.017648187 0.065012544 16.778898239 0.016926607 0.999789059 0.011633266 -22.289152145 -0.065204144 -0.010506395 0.997816622 227.789306641
0.997684240 -0.018141789 0.065552048 17.010261536 0.017402444 0.999778509 0.011832273 -22.490867615 -0.065752201 -0.010664108 0.997778952 230.020889282
0.997629762 -0.019347848 0.066034630 17.245779037 0.018669900 0.999766648 0.010868380 -22.694877625 -0.066229500 -0.009609759 0.997758210 232.261138916
0.997573614 -0.020152710 0.066639319 17.487531662 0.019359507 0.999734044 0.012527470 -22.908605576 -0.066874057 -0.011206966 0.997698605 234.541503906
0.997533441 -0.019957138 0.067295611 17.722192764 0.019153817 0.999737620 0.012561492 -23.108074188 -0.067528650 -0.011241540 0.997654021 236.781494141
0.997478545 -0.019507600 0.068234824 17.950103760 0.018701339 0.999747753 0.012434972 -23.307811737 -0.068460189 -0.011127537 0.997591794 238.981018066
0.997456908 -0.019828055 0.068458296 18.197181702 0.018991213 0.999737024 0.012853479 -23.512105942 -0.068695165 -0.011520686 0.997571170 241.207290649
0.997417927 -0.020389991 0.068859972 18.444789886 0.019537643 0.999724209 0.013028899 -23.713512421 -0.069106646 -0.011649896 0.997541249 243.446228027
0.997388780 -0.020912463 0.069125213 18.692214966 0.020102385 0.999721110 0.012393929 -23.920682907 -0.069365114 -0.010971985 0.997531116 245.667694092
0.997394502 -0.020562150 0.069148101 18.944847107 0.019799165 0.999735475 0.011701423 -24.125564575 -0.069370419 -0.010301860 0.997537792 247.897674561
0.997375011 -0.020786516 0.069360778 19.195325851 0.019993668 0.999726772 0.012105523 -24.328248978 -0.069593452 -0.010686968 0.997518182 250.127456665
0.997344017 -0.021931987 0.069454543 19.446794510 0.021148020 0.999704301 0.012002819 -24.531274796 -0.069697253 -0.010502113 0.997512877 252.349517822
0.997342825 -0.022059549 0.069430634 19.705459595 0.021216903 0.999692321 0.012850735 -24.738597870 -0.069692761 -0.011343487 0.997503996 254.606536865
0.997312963 -0.022753209 0.069635935 19.942716599 0.021891972 0.999674439 0.013106073 -24.941616058 -0.069911450 -0.011546388 0.997486413 256.824310303
0.997282445 -0.023592390 0.069793455 20.202398300 0.022675628 0.999646246 0.013898660 -25.158451080 -0.070096664 -0.012278281 0.997464657 259.069427490
0.997247756 -0.023300031 0.070385136 20.453504562 0.022408977 0.999658704 0.013422953 -25.359285355 -0.070673876 -0.011808751 0.997429550 261.311981201
0.997242928 -0.023243224 0.070472002 20.713424683 0.022384871 0.999665558 0.012945578 -25.560047150 -0.070749328 -0.011332379 0.997429669 263.561523438
0.997222364 -0.022443581 0.071019262 20.975299835 0.021616260 0.999689460 0.012396532 -25.763786316 -0.071275428 -0.010826929 0.997397900 265.808746338
0.997164071 -0.021694480 0.072063215 21.222095490 0.020856002 0.999705970 0.012367557 -25.958549500 -0.072310336 -0.010829533 0.997323394 268.041717529
0.997033596 -0.021633649 0.073864393 21.474634171 0.020802807 0.999711573 0.011999168 -26.169080734 -0.074102670 -0.010426990 0.997196019 270.304870605
0.996968865 -0.022535743 0.074466445 21.749034882 0.021651734 0.999685466 0.012657352 -26.379777908 -0.074728273 -0.011006659 0.997143209 272.549072266
0.996738255 -0.023083767 0.077329524 21.984575272 0.022167558 0.999673724 0.012685753 -26.569990158 -0.077597111 -0.010930168 0.996924996 274.792724609
0.996645093 -0.022850800 0.078589082 22.258882523 0.021861600 0.999670863 0.013424511 -26.758823395 -0.078869969 -0.011661392 0.996816695 277.034088135
0.996547818 -0.022435470 0.079931453 22.532241821 0.021233795 0.999648869 0.015852269 -26.983055115 -0.080259033 -0.014100296 0.996674299 279.277252197
0.996442854 -0.022193003 0.081296034 22.809797287 0.020885887 0.999639153 0.016893810 -27.184108734 -0.081641607 -0.015135773 0.996546865 281.516235352
0.996402562 -0.021705547 0.081919521 23.088638306 0.020405162 0.999652684 0.016677976 -27.367609024 -0.082253084 -0.014946397 0.996499360 283.774261475
0.996310413 -0.020585410 0.083316788 23.355339050 0.019293565 0.999681354 0.016280798 -27.560640335 -0.083625376 -0.014613254 0.996390104 286.012878418
0.996310115 -0.020018281 0.083458081 23.637317657 0.018832928 0.999710560 0.014966167 -27.748796463 -0.083733529 -0.013339186 0.996398866 288.254394531
0.996253908 -0.020857567 0.083922483 23.908693314 0.019626942 0.999687850 0.015462304 -27.952253342 -0.084218793 -0.013757240 0.996352375 290.481048584
0.996200681 -0.020848799 0.084554113 24.167764664 0.019712118 0.999704063 0.014256011 -28.143720627 -0.084826320 -0.012535108 0.996316910 292.739410400
0.996219993 -0.021489155 0.084166497 24.449792862 0.020442009 0.999702930 0.013283579 -28.337776184 -0.084426954 -0.011512836 0.996363163 294.970581055
0.996204615 -0.021591114 0.084321961 24.725502014 0.020547550 0.999701440 0.013224327 -28.537250519 -0.084582329 -0.011441525 0.996350825 297.201934814
0.996217430 -0.020844143 0.084358566 25.004703522 0.019793576 0.999715984 0.013270966 -28.733339310 -0.084611237 -0.011551009 0.996347129 299.440887451
0.996161640 -0.020675754 0.085055642 25.263767242 0.019512029 0.999704540 0.014490674 -28.941192627 -0.085330129 -0.012775447 0.996270776 301.670776367
0.996157706 -0.021114539 0.084995531 25.548454285 0.019937839 0.999693692 0.014669466 -29.139991760 -0.085279226 -0.012918475 0.996273279 303.922760010
0.996122599 -0.020291680 0.085603304 25.829435349 0.019088889 0.999707580 0.014846017 -29.336151123 -0.085879497 -0.013154383 0.996218681 306.166870117
0.996118665 -0.020841043 0.085517645 26.111865997 0.019638287 0.999696314 0.014881714 -29.542060852 -0.085801817 -0.013144532 0.996225536 308.415008545
0.996063173 -0.022080747 0.085852101 26.395360947 0.020832267 0.999664187 0.015411099 -29.740955353 -0.086163558 -0.013561933 0.996188700 310.683929443
0.996023715 -0.021501521 0.086454831 26.677583694 0.020298237 0.999684811 0.014773276 -29.940818787 -0.086745225 -0.012959654 0.996146202 312.929779053
0.996051848 -0.020657141 0.086336717 26.965936661 0.019390535 0.999692082 0.015483610 -30.142374039 -0.086629964 -0.013748362 0.996145666 315.180847168
0.996012568 -0.019144231 0.087136135 27.247098923 0.017927257 0.999730825 0.014727599 -30.341770172 -0.087394625 -0.013106758 0.996087551 317.418090820
0.996002078 -0.017660042 0.087566949 27.524883270 0.016382458 0.999748945 0.015287107 -30.538623810 -0.087814935 -0.013791429 0.996041358 319.655944824
0.995935798 -0.016744275 0.088497408 27.802885056 0.015491636 0.999770105 0.014822510 -30.738254547 -0.088725276 -0.013391297 0.995966136 321.880920410
0.995901644 -0.016035954 0.089009829 28.081861496 0.014715943 0.999772012 0.015466423 -30.930982590 -0.089237571 -0.014093172 0.995910585 324.115447998
0.995907128 -0.015799878 0.088992342 28.373931885 0.014360307 0.999755859 0.016793512 -31.135501862 -0.089235947 -0.015446816 0.995890737 326.337951660
0.995859087 -0.016512603 0.089397967 28.653581619 0.015090482 0.999748945 0.016560372 -31.333309174 -0.089648962 -0.015142739 0.995858312 328.584808350
0.995855093 -0.018145464 0.089125395 28.950288773 0.016794147 0.999732673 0.015888654 -31.527324677 -0.089389898 -0.014326014 0.995893657 330.822906494
0.995836318 -0.017483776 0.089466676 29.231039047 0.016150029 0.999747694 0.015610049 -31.723442078 -0.089717023 -0.014100164 0.995867491 333.043487549
0.995795608 -0.017710455 0.089874737 29.514993668 0.016288025 0.999730587 0.016535684 -31.916120529 -0.090143383 -0.015002280 0.995815814 335.278930664
0.995827258 -0.018035032 0.089458674 29.814146042 0.016597427 0.999721289 0.016788037 -32.111125946 -0.089736514 -0.015233201 0.995849013 337.518402100
0.995805860 -0.017842891 0.089734972 30.094614029 0.016375201 0.999720275 0.017065583 -32.307762146 -0.090014368 -0.015524578 0.995819449 339.757812500
0.995815694 -0.018052215 0.089582488 30.391010284 0.016615102 0.999721467 0.016762253 -32.504631042 -0.089860119 -0.015203698 0.995838344 342.000976562
0.995825708 -0.018325943 0.089417756 30.679487228 0.016837614 0.999707282 0.017370770 -32.698509216 -0.089709945 -0.015792681 0.995842695 344.246337891
0.995866954 -0.017589854 0.089104638 30.967472076 0.016105536 0.999719739 0.017349821 -32.889518738 -0.089384831 -0.015843039 0.995871127 346.488372803
0.995865583 -0.017310437 0.089174382 31.251512527 0.015846109 0.999728143 0.017102854 -33.078639984 -0.089446187 -0.015619074 0.995869160 348.724822998
0.995829463 -0.016774366 0.089678712 31.537204742 0.015243892 0.999726713 0.017724000 -33.277969360 -0.089951493 -0.016283030 0.995813131 350.965972900
0.995878279 -0.016716007 0.089146048 31.825160980 0.015157890 0.999720812 0.018126747 -33.469444275 -0.089424148 -0.016700767 0.995853603 353.187500000
0.995905519 -0.016053449 0.088963680 32.111366272 0.014544922 0.999739647 0.017579114 -33.662658691 -0.089222729 -0.016213167 0.995879710 355.423248291
0.995950460 -0.016035391 0.088461913 32.402118683 0.014499632 0.999733269 0.017976072 -33.853294373 -0.088726580 -0.016620614 0.995917261 357.651428223
0.995991826 -0.015321717 0.088121414 32.692008972 0.013717009 0.999729395 0.018787039 -34.044937134 -0.088385411 -0.017502977 0.995932579 359.902374268
0.996038914 -0.015394091 0.087575443 32.984737396 0.013785546 0.999725521 0.018942824 -34.239269257 -0.087843031 -0.017660515 0.995977759 362.148132324
0.996086955 -0.015087016 0.087080978 33.275485992 0.013455505 0.999723434 0.019292248 -34.428493500 -0.087347955 -0.018045040 0.996014416 364.388519287
0.996134520 -0.014836985 0.086577937 33.564224243 0.013281682 0.999740362 0.018512690 -34.618606567 -0.086830147 -0.017291227 0.996073008 366.644104004
0.996155083 -0.015610041 0.086205460 33.844158173 0.014080432 0.999732971 0.018323386 -34.811302185 -0.086468473 -0.017039120 0.996108890 368.885833740
0.996135712 -0.015546861 0.086440898 34.118003845 0.014060867 0.999743164 0.017773235 -35.000259399 -0.086695015 -0.016489116 0.996098459 371.138580322
0.996187449 -0.015901778 0.085777193 34.407123566 0.014419209 0.999736249 0.017875994 -35.198020935 -0.086038828 -0.016571000 0.996153951 373.374877930
0.996233106 -0.015680838 0.085286073 34.694030762 0.014151653 0.999728739 0.018505204 -35.383987427 -0.085553125 -0.017228564 0.996184647 375.631500244
0.996198297 -0.015995517 0.085633807 34.967903137 0.014462768 0.999724448 0.018489460 -35.569644928 -0.085905954 -0.017180666 0.996155083 377.889343262
0.996189415 -0.016520064 0.085636318 35.253383636 0.014970020 0.999712825 0.018711049 -35.763031006 -0.085920826 -0.017357770 0.996150732 380.134368896
0.996213198 -0.016687866 0.085327648 35.543216705 0.015132682 0.999707997 0.018840536 -35.949214935 -0.085617140 -0.017477952 0.996174812 382.374633789
0.996203065 -0.015926633 0.085590534 35.824470520 0.014330490 0.999712348 0.019230809 -36.143737793 -0.085872211 -0.017931234 0.996144772 384.625885010
0.996226072 -0.014860017 0.085514724 36.112670898 0.013271019 0.999729097 0.019120175 -36.327430725 -0.085775673 -0.017913150 0.996153414 386.886169434
0.996242940 -0.013613304 0.085525431 36.403930664 0.012035168 0.999748170 0.018940836 -36.523174286 -0.085761726 -0.017840363 0.996155918 389.163360596
0.996228337 -0.012381219 0.085882835 36.682262421 0.010807647 0.999765456 0.018763138 -36.712509155 -0.086094990 -0.017764179 0.996128559 391.439361572
0.996258795 -0.011238103 0.085685261 36.970142365 0.009527924 0.999747694 0.020341747 -36.904899597 -0.085892238 -0.019449241 0.996114552 393.695892334
0.996198177 -0.009903233 0.086551294 37.245105743 0.008152759 0.999755442 0.020554826 -37.094696045 -0.086733706 -0.019771045 0.996035337 395.961273193
0.996149659 -0.009744909 0.087125145 37.527713776 0.008114748 0.999785721 0.019045208 -37.289928436 -0.087292060 -0.018264880 0.996015310 398.222381592
0.996107519 -0.009809472 0.087599076 37.809371948 0.008201118 0.999791443 0.018701451 -37.484249115 -0.087764271 -0.017910242 0.995980203 400.482910156
0.995962918 -0.011025829 0.089085735 38.077545166 0.009296156 0.999760568 0.019807447 -37.673076630 -0.089282811 -0.018899327 0.995826960 402.721679688
0.995989561 -0.012224914 0.088629998 38.380203247 0.010441682 0.999734163 0.020555779 -37.857685089 -0.088857725 -0.019547895 0.995852470 404.999084473
0.995953679 -0.012630682 0.088975698 38.666999817 0.010862832 0.999734402 0.020325210 -38.043647766 -0.089208789 -0.019276440 0.995826423 407.251190186
0.995904624 -0.011079438 0.089728400 38.967620850 0.009349192 0.999762595 0.019680569 -38.228515625 -0.089925140 -0.018761083 0.995771766 409.505218506
0.995875657 -0.010387928 0.090131663 39.266525269 0.008620878 0.999763370 0.019972406 -38.421058655 -0.090317808 -0.019113017 0.995729566 411.765747070
0.995841742 -0.009317391 0.090623669 39.562568665 0.007573826 0.999779880 0.019564526 -38.610397339 -0.090786017 -0.018796805 0.995693028 414.017700195
0.995742559 -0.008323109 0.091801442 39.858066559 0.006558864 0.999788284 0.019503035 -38.797058105 -0.091944337 -0.018817889 0.995586336 416.288635254
0.995723307 -0.008622197 0.091982156 40.162326813 0.006855636 0.999786198 0.019504203 -38.989524841 -0.092130646 -0.018790195 0.995569646 418.540252686
0.995623171 -0.008636801 0.093058281 40.452075958 0.006847756 0.999785900 0.019527184 -39.177173615 -0.093207002 -0.018804472 0.995469153 420.790039062
0.995547593 -0.008742572 0.093853682 40.743160248 0.006950001 0.999787450 0.019409552 -39.371162415 -0.094003424 -0.018670850 0.995396793 423.043792725
0.995485246 -0.009140829 0.094475091 41.044925690 0.007237764 0.999764323 0.020466637 -39.559738159 -0.094639905 -0.019690445 0.995316803 425.311035156
0.995435655 -0.008555762 0.095051102 41.340930939 0.006578483 0.999755740 0.021096209 -39.746196747 -0.095208414 -0.020374624 0.995248854 427.560943604
0.995364368 -0.007698865 0.095867239 41.646358490 0.005633626 0.999746501 0.021794777 -39.931854248 -0.096010722 -0.021153662 0.995155513 429.836791992
0.995391786 -0.008520395 0.095512308 41.957466125 0.006467558 0.999741852 0.021781910 -40.117599487 -0.095673248 -0.021063801 0.995189846 432.106903076
0.995353341 -0.009309114 0.095838882 42.266109467 0.007301559 0.999746978 0.021276632 -40.312458038 -0.096012682 -0.020477992 0.995169580 434.372436523
0.995352030 -0.008239777 0.095950067 42.576686859 0.006216221 0.999752283 0.021369534 -40.485900879 -0.096102402 -0.020673765 0.995156705 436.639923096
0.995295763 -0.008586410 0.096501738 42.880973816 0.006525177 0.999744236 0.021654874 -40.673656464 -0.096662991 -0.020923311 0.995097220 438.922515869
0.995337129 -0.008539885 0.096078560 43.197036743 0.006482373 0.999743402 0.021706676 -40.856414795 -0.096239261 -0.020982640 0.995137155 441.195312500
0.995302200 -0.007688059 0.096511535 43.507621765 0.005518707 0.999726534 0.022724492 -41.053710938 -0.096659839 -0.022085117 0.995072424 443.455078125
0.995254874 -0.008450083 0.096934833 43.818370819 0.006240822 0.999714315 0.023071801 -41.240680695 -0.097102113 -0.022357365 0.995023310 445.732147217
0.995220065 -0.008204532 0.097312190 44.120075226 0.006026792 0.999725223 0.022651769 -41.427555084 -0.097471312 -0.021957017 0.994996071 447.997802734
0.995219767 -0.007421330 0.097377993 44.432876587 0.005284715 0.999739945 0.022181075 -41.612487793 -0.097517282 -0.021560429 0.995000243 450.263824463
0.995151043 -0.007188996 0.098094657 44.733814240 0.005042557 0.999742746 0.022111714 -41.805416107 -0.098228380 -0.021509850 0.994931400 452.518127441
0.995056152 -0.006524187 0.099099286 45.035896301 0.004346323 0.999744534 0.022176612 -41.983257294 -0.099218659 -0.021636259 0.994830430 454.789855957
0.995032668 -0.006640598 0.099327460 45.341697693 0.004473523 0.999747396 0.022024302 -42.176761627 -0.099448614 -0.021470552 0.994810998 457.048858643
0.995044768 -0.005720510 0.099263221 45.665275574 0.003614229 0.999764860 0.021386011 -42.363716125 -0.099362202 -0.020921282 0.994831324 459.333312988
0.995003700 -0.004885476 0.099718414 45.975219727 0.002706323 0.999754846 0.021976661 -42.552383423 -0.099801332 -0.021596989 0.994772971 461.617187500
0.995056450 -0.004723548 0.099197797 46.293235779 0.002434617 0.999728262 0.023182800 -42.737731934 -0.099280350 -0.022826688 0.994797587 463.892333984
0.995084584 -0.005058504 0.098899156 46.597270966 0.002750026 0.999720871 0.023464143 -42.917945862 -0.098990232 -0.023076832 0.994820774 466.157318115
0.995185912 -0.004971354 0.097878091 46.917530060 0.002818501 0.999751329 0.022121245 -43.098590851 -0.097963713 -0.021738883 0.994952500 468.439453125
0.995272040 -0.005095313 0.096992821 47.242126465 0.002965442 0.999751508 0.022090565 -43.293010712 -0.097081289 -0.021698490 0.995039880 470.732940674
0.995344579 -0.005748124 0.096208543 47.550819397 0.003506111 0.999718726 0.023456534 -43.488250732 -0.096316308 -0.023010021 0.995084763 473.009979248
0.995329857 -0.005787571 0.096358679 47.850261688 0.003481501 0.999703884 0.024083100 -43.677177429 -0.096469536 -0.023635156 0.995055258 475.290588379
0.995430648 -0.005443003 0.095332026 48.158226013 0.003270477 0.999731660 0.022930494 -43.839843750 -0.095431261 -0.022513933 0.995181382 477.565155029
0.995441258 -0.005997289 0.095187791 48.464031219 0.003750532 0.999710500 0.023764800 -44.026576996 -0.095302776 -0.023299463 0.995175600 479.847290039
0.995482504 -0.006316455 0.094735898 48.778194427 0.004041385 0.999699235 0.024187541 -44.206947327 -0.094860189 -0.023695406 0.995208561 482.122863770
0.995484710 -0.006995970 0.094664410 49.074375153 0.004800314 0.999714673 0.023401974 -44.388694763 -0.094801128 -0.022841888 0.995234072 484.409637451
0.995577812 -0.008322550 0.093571194 49.386638641 0.006047584 0.999679804 0.024570007 -44.588054657 -0.093745738 -0.023895470 0.995309353 486.711334229
0.995666564 -0.008812943 0.092575833 49.695075989 0.006515782 0.999663949 0.025086848 -44.768180847 -0.092765823 -0.024374936 0.995389521 488.993164062
0.995688498 -0.009873422 0.092233308 49.980239868 0.007573613 0.999652445 0.025251539 -44.961593628 -0.092450574 -0.024444127 0.995417178 491.276824951
0.995750725 -0.009802126 0.091566183 50.290325165 0.007467603 0.999639094 0.025803378 -45.143150330 -0.091786072 -0.025009951 0.995464623 493.566741943
0.995740950 -0.009574061 0.091696747 50.577163696 0.007271555 0.999650657 0.025411295 -45.319412231 -0.091908023 -0.024636285 0.995462835 495.860565186
0.995774806 -0.009837269 0.091300420 50.887794495 0.007569409 0.999654889 0.025152661 -45.509067535 -0.091516376 -0.024355290 0.995505810 498.171203613
0.995819390 -0.009544064 0.090844341 51.187286377 0.007213277 0.999637127 0.025950776 -45.686275482 -0.091059044 -0.025187002 0.995526910 500.467926025
0.995824456 -0.008833925 0.090860508 51.483207703 0.006472023 0.999634385 0.026256664 -45.868713379 -0.091059238 -0.025558982 0.995517373 502.741760254
0.995856702 -0.008136191 0.090571411 51.781578064 0.005840644 0.999655664 0.025581401 -46.048622131 -0.090748347 -0.024946416 0.995561302 505.033599854
0.995861113 -0.007908973 0.090543285 52.078525543 0.005547735 0.999638677 0.026300585 -46.227371216 -0.090718590 -0.025689417 0.995545089 507.335723877
0.995910943 -0.008544335 0.089935601 52.385784149 0.006289131 0.999659300 0.025329350 -46.407711029 -0.090121388 -0.024660161 0.995625436 509.631408691
0.995956719 -0.009197042 0.089362606 52.690597534 0.006881332 0.999633372 0.026187245 -46.590270996 -0.089570679 -0.025466433 0.995654762 511.925872803
0.995971382 -0.009202952 0.089197077 52.988826752 0.006858498 0.999623835 0.026554912 -46.770011902 -0.089407898 -0.025836173 0.995659947 514.229553223
0.995981455 -0.008533621 0.089151546 53.279129028 0.006202450 0.999632359 0.026392810 -46.948707581 -0.089343995 -0.025733788 0.995668352 516.536132812
0.995974302 -0.007657951 0.089310519 53.566993713 0.005343261 0.999644279 0.026127687 -47.127784729 -0.089478835 -0.025545301 0.995661020 518.834289551
0.995925367 -0.005819851 0.089993082 53.862129211 0.003459471 0.999646485 0.026362225 -47.312431335 -0.090114705 -0.025943486 0.995593369 521.172485352
0.995887578 -0.003907694 0.090513475 54.163623810 0.001501947 0.999644101 0.026631774 -47.491600037 -0.090585321 -0.026386304 0.995539069 523.504272461
0.995836794 -0.003127086 0.091100387 54.460994720 0.000603729 0.999615729 0.027713042 -47.660289764 -0.091152050 -0.027542669 0.995455980 525.822875977
0.995788932 -0.003663679 0.091602519 54.759857178 0.001120517 0.999612868 0.027799046 -47.837669373 -0.091668904 -0.027579337 0.995407522 528.142395020
0.995731235 -0.005493120 0.092136085 55.056015015 0.002841710 0.999578714 0.028883653 -48.006340027 -0.092255928 -0.028498534 0.995327353 530.458068848
0.995677173 -0.007080443 0.092610873 55.366127014 0.004459941 0.999584615 0.028472248 -48.176616669 -0.092773981 -0.027936129 0.995295227 532.783813477
0.995673299 -0.007226891 0.092641301 55.674449921 0.004643328 0.999595225 0.028073072 -48.353797913 -0.092806675 -0.027521444 0.995303690 535.099304199
0.995598674 -0.007838488 0.093390748 55.979679108 0.005223659 0.999588311 0.028210426 -48.534534454 -0.093573458 -0.027598422 0.995229721 537.416320801
0.995512962 -0.007217461 0.094349742 56.278610229 0.004642186 0.999611378 0.027486028 -48.710742950 -0.094511457 -0.026924705 0.995159626 539.734802246
0.995417655 -0.006428264 0.095406316 56.576797485 0.003854553 0.999624312 0.027136138 -48.888244629 -0.095544912 -0.026644042 0.995068491 542.057922363
0.995341897 -0.006053792 0.096218176 56.892791748 0.003562159 0.999654412 0.026046375 -49.063560486 -0.096342616 -0.025582302 0.995019495 544.384643555
0.995181680 -0.006379598 0.097840324 57.176483154 0.003745639 0.999626160 0.027081076 -49.252971649 -0.097976536 -0.026584115 0.994833589 546.718261719
0.995103419 -0.006129263 0.098648936 57.485050201 0.003389410 0.999604464 0.027917445 -49.429645538 -0.098781019 -0.027446382 0.994730532 549.033874512
0.995013833 -0.005990793 0.099556543 57.791149139 0.003216203 0.999602556 0.028006643 -49.603881836 -0.099684760 -0.027546804 0.994637668 551.338012695
0.995068610 -0.006955087 0.098944694 58.120952606 0.004308109 0.999627769 0.026940638 -49.777053833 -0.099095233 -0.026381521 0.994728208 553.648254395
0.995079756 -0.007118545 0.098821253 58.445625305 0.004421847 0.999612510 0.027480891 -49.956642151 -0.098978594 -0.026908705 0.994725585 555.964660645
0.995003104 -0.006895708 0.099605456 58.754890442 0.004142114 0.999604225 0.027825411 -50.130577087 -0.099757910 -0.027273793 0.994637847 558.269470215
0.994971752 -0.006180248 0.099965304 59.073326111 0.003311512 0.999578536 0.028837837 -50.304443359 -0.100101404 -0.028361792 0.994572937 560.599365234
0.994975388 -0.006564999 0.099904485 59.402225494 0.003638344 0.999559641 0.029448578 -50.477714539 -0.100053817 -0.028937127 0.994561076 562.931701660
0.994947433 -0.005899055 0.100222945 59.727115631 0.002897277 0.999543726 0.030070189 -50.646083832 -0.100354560 -0.029627886 0.994510531 565.245666504
0.994886577 -0.004706527 0.100888140 60.054683685 0.001720840 0.999558568 0.029660655 -50.824058533 -0.100983210 -0.029335376 0.994455516 567.570373535
0.994931042 -0.003668197 0.100492492 60.396240234 0.000872164 0.999611676 0.027853118 -50.987518311 -0.100555643 -0.027624285 0.994547784 569.896911621
0.994905829 -0.003262210 0.100756064 60.732059479 0.000449110 0.999609828 0.027929980 -51.163047791 -0.100807853 -0.027742453 0.994518995 572.219116211
0.994924605 -0.003143413 0.100573882 61.066928864 0.000273478 0.999592841 0.028536651 -51.333816528 -0.100622609 -0.028364312 0.994520247 574.597717285
0.994923949 -0.003201843 0.100577854 61.401374817 0.000198191 0.999554038 0.029859753 -51.513381958 -0.100628614 -0.029688254 0.994480908 576.907714844
0.994821489 -0.002422248 0.101609007 61.710071564 -0.000487989 0.999590635 0.028606892 -51.694137573 -0.101636700 -0.028508333 0.994413018 579.297912598
0.994847357 -0.003185175 0.101335347 62.042694092 0.000279235 0.999588668 0.028677749 -51.865211487 -0.101385005 -0.028501682 0.994438946 581.637756348
0.994810581 -0.004380876 0.101649329 62.375217438 0.001342988 0.999550939 0.029935172 -52.047607422 -0.101734802 -0.029643314 0.994369805 583.960693359
0.994877040 -0.004143069 0.101006515 62.708358765 0.001098437 0.999543905 0.030179925 -52.220756531 -0.101085477 -0.029914370 0.994427919 586.280883789
0.994870126 -0.006755602 0.100934535 63.061622620 0.003887581 0.999583781 0.028584378 -52.394172668 -0.101085633 -0.028045351 0.994482338 588.657409668
0.994892478 -0.006897762 0.100703910 63.393978119 0.004055464 0.999588251 0.028401790 -52.562751770 -0.100858375 -0.027848328 0.994510949 591.000854492
0.994894266 -0.008676583 0.100549065 63.722312927 0.005791676 0.999564052 0.028948013 -52.739295959 -0.100756392 -0.028217863 0.994510889 593.335998535
0.994925976 -0.009153895 0.100192286 64.059532166 0.006250830 0.999552488 0.029250622 -52.914474487 -0.100415215 -0.028475918 0.994538009 595.686523438
