1.000000000 0.000000000 0.000000000 0.000000000 0.000000000 1.000000000 0.000000000 0.000000000 0.000000000 0.000000000 1.000000000 0.000000000
0.999999881 0.000160955 0.000394045 0.086715154 -0.000160920 1.000000000 -0.000088928 -0.226809651 -0.000394060 0.000088865 0.999999940 2.287307978
0.999999225 0.000510258 0.001127495 0.165275738 -0.000510750 0.999999762 0.000435472 -0.463964313 -0.001127272 -0.000436048 0.999999285 4.582187653
0.999998510 0.000165804 0.001719261 0.261706829 -0.000166968 0.999999702 0.000676906 -0.695887268 -0.001719148 -0.000677192 0.999998212 6.875875950
0.999996424 0.000197034 0.002659609 0.355185032 -0.000194497 0.999999523 -0.000953971 -0.928072631 -0.002659796 0.000953450 0.999996006 9.170151711
0.999986827 0.001947017 0.004746687 0.447369546 -0.001948694 0.999998093 0.000348719 -1.163038373 -0.004745998 -0.000357964 0.999988675 11.474939346
0.999961972 0.004192980 0.007646619 0.528251410 -0.004206088 0.999989629 0.001698921 -1.394367695 -0.007639417 -0.001731019 0.999969304 13.790852547
0.999946177 0.003825299 0.009644151 0.640562236 -0.003863718 0.999984622 0.003968154 -1.619690061 -0.009628823 -0.004005202 0.999945581 16.063375473
0.999939263 0.004059014 0.010257598 0.769994617 -0.004112783 0.999977887 0.005226136 -1.851477146 -0.010236159 -0.005268006 0.999933720 18.412208557
0.999929667 0.003307755 0.011388177 0.890796006 -0.003370625 0.999979198 0.005505832 -2.076306820 -0.011369729 -0.005543830 0.999920011 20.699029922
0.999927342 0.000417196 0.012045117 1.006801724 -0.000453518 0.999995351 0.003012935 -2.306360483 -0.012043804 -0.003018179 0.999922931 23.020036697
0.999914825 -0.001797999 0.012928259 1.113224864 0.001785731 0.999997973 0.000960393 -2.526047468 -0.012929956 -0.000937225 0.999915957 25.302043915
0.999917209 -0.002614410 0.012594489 1.253935337 0.002609738 0.999996543 0.000387326 -2.774777889 -0.012595457 -0.000354426 0.999920607 27.613035202
0.999904335 -0.002384781 0.013629528 1.359503508 0.002392347 0.999997079 -0.000538791 -3.001559734 -0.013628202 0.000571346 0.999906957 29.897626877
0.999898612 -0.000047994 0.014240272 1.484882712 0.000022515 0.999998391 0.001789380 -3.229144573 -0.014240335 -0.001788878 0.999897003 32.187179565
0.999896586 0.001943076 0.014250218 1.614747405 -0.002000315 0.999989986 0.004003518 -3.450315475 -0.014242293 -0.004031609 0.999890447 34.467887878
0.999864221 0.004308448 0.015900834 1.731648445 -0.004445173 0.999953389 0.008573344 -3.688994646 -0.015863152 -0.008642864 0.999836802 36.781497955
0.999840975 0.006131179 0.016745204 1.846097708 -0.006266579 0.999948025 0.008045386 -3.905634403 -0.016695006 -0.008149041 0.999827385 39.054691315
0.999808609 0.005390956 0.018805109 1.948703051 -0.005512040 0.999964356 0.006393037 -4.109544277 -0.018769974 -0.006495468 0.999802709 41.346157074
0.999814749 0.003000808 0.019011989 2.073085785 -0.003101626 0.999981225 0.005275663 -4.332879066 -0.018995803 -0.005333653 0.999805331 43.623332977
0.999822021 0.002831071 0.018653110 2.217132092 -0.002905349 0.999987900 0.003956132 -4.551699162 -0.018641688 -0.004009621 0.999818206 45.867893219
0.999824882 0.001956986 0.018617854 2.345760822 -0.002014171 0.999993324 0.003053280 -4.781809807 -0.018611757 -0.003090244 0.999822140 48.145706177
0.999825239 0.000969528 0.018664908 2.481341839 -0.001034690 0.999993384 0.003481784 -5.008234501 -0.018661406 -0.003500488 0.999819696 50.422985077
0.999803782 0.000447939 0.019797157 2.608115673 -0.000519448 0.999993384 0.003607078 -5.229351997 -0.019795410 -0.003616654 0.999797463 52.690589905
0.999794245 -0.000861839 0.020267947 2.740346432 0.000788677 0.999993145 0.003617462 -5.458636761 -0.020270925 -0.003600732 0.999788046 54.974494934
0.999775112 -0.000850205 0.021190139 2.874419212 0.000758041 0.999990165 0.004357025 -5.693693161 -0.021193631 -0.004339982 0.999765992 57.265983582
0.999754906 -0.002407333 0.022007084 3.010827541 0.002293764 0.999983907 0.005184321 -5.920473099 -0.022019207 -0.005132571 0.999744356 59.534725189
0.999718904 -0.004094867 0.023351217 3.139411449 0.003989726 0.999981701 0.004547443 -6.144176006 -0.023369407 -0.004453000 0.999716997 61.806941986
0.999707043 -0.004920959 0.023699241 3.291472435 0.004816162 0.999978364 0.004477011 -6.366879940 -0.023720758 -0.004361561 0.999709070 64.056861877
0.999678075 -0.004475503 0.024975186 3.429159641 0.004346989 0.999976993 0.005197594 -6.589864731 -0.024997873 -0.005087355 0.999674499 66.325134277
0.999658048 -0.003558654 0.025905751 3.576215267 0.003416100 0.999978781 0.005544979 -6.815351963 -0.025924934 -0.005454585 0.999648988 68.588180542
0.999625623 -0.003846724 0.027088599 3.714089394 0.003708120 0.999979794 0.005165073 -7.037980556 -0.027107917 -0.005062692 0.999619722 70.846343994
0.999612212 -0.004617664 0.027461831 3.871657372 0.004513696 0.999982417 0.003846735 -7.260318279 -0.027479112 -0.003721289 0.999615431 73.104804993
0.999598324 -0.005537053 0.027791489 4.029571056 0.005421280 0.999976456 0.004239336 -7.486297131 -0.027814304 -0.004086969 0.999604762 75.384269714
0.999564588 -0.006681053 0.028738255 4.191526413 0.006575581 0.999971390 0.003763044 -7.716872692 -0.028762572 -0.003572436 0.999579847 77.647529602
0.999557912 -0.007505117 0.028769951 4.343262196 0.007402217 0.999965787 0.003681544 -7.948198795 -0.028796604 -0.003466956 0.999579191 79.912818909
0.999527395 -0.007923232 0.029701296 4.488705635 0.007825533 0.999963641 0.003404211 -8.164809227 -0.029727187 -0.003170173 0.999552965 82.168380737
0.999506533 -0.007512227 0.030500548 4.663834572 0.007405644 0.999966085 0.003605945 -8.400358200 -0.030526601 -0.003378289 0.999528229 84.452392578
0.999458671 -0.007266454 0.032088123 4.818182945 0.007133224 0.999965549 0.004264549 -8.618723869 -0.032118004 -0.004033349 0.999475896 86.709190369
0.999456346 -0.006973189 0.032224283 4.989983559 0.006799119 0.999961734 0.005508240 -8.849401474 -0.032261454 -0.005286149 0.999465466 88.991447449
0.999426007 -0.006062167 0.033327818 5.148992062 0.005849276 0.999961913 0.006481582 -9.076679230 -0.033365842 -0.006282918 0.999423385 91.240760803
0.999394655 -0.005849326 0.034291536 5.312376976 0.005626208 0.999962389 0.006599430 -9.296449661 -0.034328848 -0.006402504 0.999390066 93.479492188
0.999381900 -0.006287811 0.034591183 5.484282970 0.006086589 0.999963939 0.005919440 -9.512994766 -0.034627154 -0.005705238 0.999383986 95.700393677
0.999350727 -0.006993540 0.035342451 5.652359962 0.006772610 0.999956727 0.006366908 -9.733617783 -0.035385456 -0.006123415 0.999354899 97.950538635
0.999320805 -0.006709994 0.036232688 5.813405037 0.006498369 0.999961138 0.005955365 -9.963065147 -0.036271229 -0.005715868 0.999325633 100.202392578
0.999250650 -0.006715181 0.038117681 5.962189674 0.006461504 0.999956191 0.006774376 -10.174142838 -0.038161501 -0.006523002 0.999250233 102.426452637
0.999263823 -0.007093954 0.037702706 6.168067455 0.006838027 0.999952734 0.006912618 -10.397309303 -0.037749961 -0.006649716 0.999265075 104.704971313
0.999225736 -0.007902442 0.038541663 6.339846611 0.007620022 0.999943078 0.007469060 -10.608805656 -0.038598489 -0.007169589 0.999229074 106.947914124
0.999199092 -0.009327086 0.038912717 6.521028519 0.009037696 0.999930203 0.007606203 -10.821794510 -0.038980938 -0.007248429 0.999213636 109.198699951
0.999161363 -0.010450232 0.039589219 6.699549198 0.010116190 0.999911606 0.008628655 -11.045601845 -0.039675903 -0.008220926 0.999178708 111.454627991
0.999141097 -0.011136227 0.039913025 6.888225555 0.010851084 0.999914110 0.007353641 -11.265694618 -0.039991491 -0.006914223 0.999176204 113.724288940
0.999095500 -0.011455668 0.040948477 7.066359997 0.011203738 0.999916911 0.006376661 -11.478776932 -0.041018117 -0.005912118 0.999140918 115.978286743
0.999058485 -0.011773515 0.041755162 7.244997025 0.011494678 0.999910057 0.006911746 -11.703983307 -0.041832782 -0.006425277 0.999103963 118.220817566
0.999002039 -0.011907132 0.043047741 7.429740906 0.011582375 0.999902606 0.007785699 -11.926628113 -0.043136247 -0.007279335 0.999042690 120.493072510
0.998986006 -0.012474870 0.043259155 7.629203796 0.012110693 0.999889076 0.008670429 -12.149129868 -0.043362517 -0.008137739 0.999026239 122.703491211
0.998941958 -0.013445727 0.043979615 7.833210468 0.013112037 0.999883056 0.007867059 -12.369796753 -0.044080250 -0.007282074 0.999001443 125.010246277
0.998917103 -0.013611239 0.044489119 8.015443802 0.013304131 0.999885619 0.007191807 -12.591212273 -0.044581920 -0.006592130 0.998983920 127.273277283
0.998902559 -0.015451765 0.044213708 8.205075264 0.015132817 0.999857068 0.007539436 -12.804296494 -0.044323888 -0.006862084 0.998993576 129.537597656
0.998922765 -0.016566716 0.043344505 8.390565872 0.016253423 0.999839246 0.007570436 -13.013723373 -0.043462954 -0.006857785 0.999031425 131.789154053
0.998975217 -0.016850531 0.042005558 8.582130432 0.016497411 0.999825716 0.008739079 -13.227653503 -0.042145498 -0.008037141 0.999079108 134.027587891
0.999032736 -0.017789468 0.040212274 8.775893211 0.017452566 0.999809742 0.008713759 -13.450839043 -0.040359635 -0.008003523 0.999153137 136.276840210
0.999107599 -0.018586678 0.037927624 8.983404160 0.018269712 0.999795437 0.008686772 -13.664964676 -0.038081322 -0.007986094 0.999242723 138.502960205
0.999087751 -0.019090824 0.038199939 9.148236275 0.018777451 0.999787152 0.008545568 -13.882726669 -0.038354952 -0.007820475 0.999233603 140.800613403
0.999075234 -0.019336725 0.038405158 9.310087204 0.019017549 0.999781609 0.008658858 -14.085038185 -0.038564209 -0.007920479 0.999224722 143.033447266
0.999124765 -0.019750865 0.036876123 9.509243011 0.019377280 0.999757528 0.010460925 -14.324091911 -0.037073806 -0.009737211 0.999265075 145.278015137
0.999141753 -0.018920623 0.036847502 9.682207108 0.018588061 0.999783516 0.009347067 -14.534319878 -0.037016377 -0.008654122 0.999277174 147.519577026
0.999158084 -0.017777085 0.036974199 9.856866837 0.017494598 0.999815345 0.007949664 -14.749137878 -0.037108693 -0.007296123 0.999284625 149.774765015
0.999168873 -0.016469846 0.037286423 10.030395508 0.016220480 0.999844074 0.006980626 -14.964885712 -0.037395578 -0.006370020 0.999280214 152.029647827
0.999177158 -0.015689811 0.037401374 10.210409164 0.015432787 0.999855340 0.007150887 -15.179480553 -0.037508156 -0.006567794 0.999274850 154.268661499
0.999159515 -0.015210978 0.038063444 10.392623901 0.014944645 0.999861896 0.007271842 -15.390557289 -0.038168799 -0.006696886 0.999248922 156.530120850
0.999165833 -0.013359774 0.038590204 10.553775787 0.012998421 0.999869406 0.009599675 -15.623547554 -0.038713414 -0.009090056 0.999208987 158.779724121
0.999111116 -0.012717947 0.040192708 10.728231430 0.012309425 0.999870181 0.010395309 -15.831790924 -0.040319700 -0.009891318 0.999137819 161.017578125
0.999096155 -0.011242251 0.040994037 10.894605637 0.010738653 0.999864399 0.012484246 -16.052690506 -0.041128837 -0.012032744 0.999081373 163.313735962
0.999056160 -0.010846599 0.042060953 11.073740005 0.010353682 0.999875367 0.011919302 -16.253252029 -0.042184986 -0.011472567 0.999043941 165.580001831
0.999017775 -0.010259787 0.043106489 11.263652802 0.009809144 0.999895155 0.010652707 -16.460981369 -0.043211266 -0.010219407 0.999013603 167.830993652
0.998950422 -0.008394483 0.045027860 11.443669319 0.007906997 0.999908388 0.010993546 -16.666820526 -0.045116019 -0.010625971 0.998925209 170.067626953
0.998824120 -0.008393255 0.047750659 11.635000229 0.007852266 0.999902904 0.011505821 -16.898550034 -0.047842607 -0.011117339 0.998793006 172.359527588
0.998710632 -0.008514638 0.050045598 11.834639549 0.007953989 0.999903500 0.011391244 -17.105749130 -0.050137766 -0.010978495 0.998681903 174.630508423
0.998626649 -0.008543608 0.051689986 12.036245346 0.007914365 0.999892175 0.012365875 -17.321208954 -0.051790059 -0.011939798 0.998586595 176.872741699
0.998578846 -0.009036868 0.052523065 12.235333443 0.008379922 0.999884009 0.012714557 -17.517442703 -0.052631877 -0.012256349 0.998538733 179.100601196
0.998566806 -0.010796629 0.052418709 12.450455666 0.010138786 0.999866664 0.012799498 -17.736846924 -0.052549914 -0.012249691 0.998543143 181.384628296
0.998522401 -0.011621074 0.053085536 12.648319244 0.010954933 0.999857783 0.012822241 -17.941154480 -0.053226989 -0.012221742 0.998507619 183.634201050
0.998594880 -0.012234113 0.051561769 12.872036934 0.011602814 0.999854147 0.012525208 -18.153942108 -0.051707495 -0.011909346 0.998591244 185.879852295
0.998594940 -0.014089572 0.051083725 13.076957703 0.013439040 0.999824464 0.013055866 -18.354682922 -0.051258706 -0.012351003 0.998609126 188.130401611
0.998604238 -0.014794888 0.050702274 13.279411316 0.014183957 0.999822736 0.012388077 -18.551897049 -0.050876558 -0.011651627 0.998636961 190.373748779
0.998577595 -0.016000751 0.050859854 13.479930878 0.015390232 0.999805033 0.012373005 -18.765069962 -0.051047921 -0.011572661 0.998629153 192.619812012
0.998539090 -0.017048288 0.051274158 13.666916847 0.016450277 0.999791920 0.012062525 -18.964790344 -0.051469136 -0.011201429 0.998611808 194.858169556
0.998585701 -0.016776538 0.050452113 13.900447845 0.016168846 0.999791980 0.012429133 -19.190071106 -0.050650153 -0.011595801 0.998649120 197.126983643
0.998587728 -0.014795213 0.051023830 14.100313187 0.014181430 0.999822915 0.012370468 -19.390497208 -0.051197812 -0.011629410 0.998620808 199.375045776
0.998595476 -0.013058990 0.051347107 14.300403595 0.012451737 0.999848902 0.012128649 -19.598255157 -0.051497739 -0.011472252 0.998607218 201.614425659
0.998572826 -0.012749928 0.051861878 14.509806633 0.012177247 0.999861479 0.011343484 -19.801849365 -0.051999323 -0.010695759 0.998589754 203.877624512
0.998528183 -0.012981098 0.052657679 14.707082748 0.012374020 0.999853373 0.011838470 -20.001182556 -0.052803628 -0.011169459 0.998542368 206.100570679
0.998518288 -0.014528314 0.052441638 14.939153671 0.013910541 0.999829650 0.012126104 -20.220104218 -0.052608877 -0.011378645 0.998550296 208.383544922
0.998459458 -0.014245485 0.053625587 15.143332481 0.013620826 0.999835253 0.011996057 -20.411981583 -0.053787634 -0.011247151 0.998489022 210.626342773
0.998388350 -0.014292170 0.054922242 15.365507126 0.013562088 0.999814928 0.013642846 -20.634626389 -0.055107050 -0.012875996 0.998397529 212.885177612
0.998330772 -0.012887073 0.056300454 15.598365784 0.012106389 0.999826133 0.014185503 -20.839519501 -0.056473475 -0.013480229 0.998313129 215.116302490
0.998155713 -0.012151257 0.059479348 15.797697067 0.011327462 0.999835372 0.014167778 -21.042329788 -0.059641726 -0.013467893 0.998129010 217.372787476
0.998015702 -0.012241109 0.061764665 16.019994736 0.011359497 0.999828815 0.014604785 -21.243610382 -0.061932869 -0.013874188 0.997983873 219.601593018
0.997882187 -0.013707063 0.063586950 16.247987747 0.012760813 0.999801993 0.015263526 -21.441043854 -0.063783556 -0.014419778 0.997859597 221.830902100
0.997766256 -0.015492775 0.064980321 16.479082108 0.014473059 0.999765098 0.016134178 -21.638172150 -0.065215014 -0.015157677 0.997756064 224.076934814
0.997704625 -0.017606653 0.065386429 16.729450226 0.016634218 0.999743223 0.015386867 -21.842384338 -0.065640554 -0.014263894 0.997741520 226.306106567
0.997667372 -0.018602226 0.065679744 16.969123840 0.017631665 0.999727070 0.015326067 -22.040596008 -0.065946914 -0.014132273 0.997723043 228.568756104
0.997621059 -0.019126642 0.066229589 17.205610275 0.018140100 0.999715865 0.015465320 -22.236015320 -0.066506550 -0.014227118 0.997684538 230.817199707
0.997522771 -0.020239381 0.067369126 17.435726166 0.019275829 0.999702871 0.014922102 -22.436830521 -0.067651123 -0.013586543 0.997616529 233.057266235
0.997545063 -0.021127561 0.066764563 17.709760666 0.020101981 0.999669969 0.015995901 -22.644165039 -0.067080490 -0.014614533 0.997640491 235.350158691
0.997506976 -0.020949936 0.067386791 17.950176239 0.019906307 0.999671876 0.016121583 -22.834701538 -0.067702420 -0.014739970 0.997596681 237.600646973
0.997474492 -0.020527139 0.067994528 18.186382294 0.019481061 0.999682009 0.016012330 -23.027591705 -0.068301581 -0.014647282 0.997557163 239.824096680
0.997428179 -0.020880651 0.068564445 18.424579620 0.019805467 0.999670506 0.016323971 -23.223371506 -0.068882734 -0.014924040 0.997513056 242.046249390
0.997383296 -0.021479571 0.069029979 18.672338486 0.020378800 0.999654353 0.016611138 -23.414075851 -0.069362916 -0.015160925 0.997476280 244.289398193
0.997342229 -0.021636806 0.069574215 18.915384293 0.020581624 0.999662578 0.015847694 -23.613594055 -0.069893658 -0.014373622 0.997450888 246.521148682
0.997369468 -0.021283813 0.069290034 19.175979614 0.020272819 0.999678016 0.015261534 -23.814483643 -0.069592565 -0.013816682 0.997479796 248.768478394
0.997349143 -0.021252699 0.069593228 19.431064606 0.020190340 0.999669135 0.015933391 -24.016778946 -0.069908835 -0.014486043 0.997448146 251.013427734
0.997321427 -0.022790341 0.069501981 19.684619904 0.021735979 0.999637485 0.015889052 -24.213727951 -0.069838904 -0.014335798 0.997455239 253.252044678
0.997297347 -0.022762099 0.069855049 19.935398102 0.021652101 0.999627590 0.016606428 -24.409784317 -0.070207030 -0.015049040 0.997418940 255.505523682
0.997282267 -0.023513855 0.069821738 20.177961349 0.022380644 0.999605536 0.016968355 -24.605293274 -0.070193179 -0.015359587 0.997415245 257.726257324
0.997241855 -0.023692844 0.070337415 20.439287186 0.022533992 0.999597669 0.017223740 -24.803928375 -0.070717186 -0.015591255 0.997374535 260.010833740
0.997207284 -0.023372551 0.070931137 20.693140030 0.022242175 0.999613404 0.016684510 -24.994705200 -0.071293674 -0.015060251 0.997341633 262.258850098
0.997186422 -0.023363531 0.071227096 20.952934265 0.022258814 0.999619961 0.016264288 -25.187885284 -0.071580023 -0.014633096 0.997327507 264.514465332
0.997158289 -0.022581808 0.071870916 21.213844299 0.021495925 0.999643326 0.015846690 -25.387437820 -0.072203137 -0.014256730 0.997287989 266.756561279
0.997120738 -0.021969369 0.072577827 21.473308563 0.020888267 0.999659717 0.015621382 -25.576158524 -0.072896309 -0.014060380 0.997240365 268.998352051
0.996989369 -0.021736508 0.074429482 21.727363586 0.020610549 0.999661684 0.015862750 -25.792058945 -0.074749112 -0.014280963 0.997100115 271.271942139
0.996911287 -0.022307096 0.075302497 22.001144409 0.021166785 0.999649405 0.015907455 -25.988115311 -0.075630948 -0.014264410 0.997033834 273.520874023
0.996717811 -0.023198331 0.077559665 22.251140594 0.021963704 0.999618709 0.016733842 -26.180616379 -0.077918291 -0.014975421 0.996847272 275.765563965
0.996633351 -0.023253325 0.078620866 22.528486252 0.021880673 0.999593556 0.018275818 -26.371673584 -0.079013884 -0.016494012 0.996737063 278.007354736
0.996573746 -0.022115324 0.079697475 22.810523987 0.020650202 0.999603093 0.019161152 -26.563486099 -0.080089606 -0.017449729 0.996634960 280.263854980
0.996458054 -0.022257572 0.081091911 23.088954926 0.020729199 0.999592185 0.019640863 -26.752033234 -0.081496008 -0.017890327 0.996513009 282.540039062
0.996401668 -0.021522122 0.081978850 23.358879089 0.019877255 0.999585450 0.020828141 -26.947008133 -0.082393147 -0.019123679 0.996416330 284.781951904
0.996331751 -0.020424526 0.083103307 23.640857697 0.018846724 0.999627769 0.019726561 -27.131340027 -0.083475277 -0.018087966 0.996345818 287.046051025
0.996216774 -0.019813120 0.084614292 23.904893875 0.018266186 0.999652267 0.019017447 -27.317958832 -0.084961645 -0.017399918 0.996232331 289.273681641
0.996191502 -0.019339038 0.085020021 24.174999237 0.017824639 0.999669313 0.018535469 -27.509784698 -0.085350372 -0.016949425 0.996206820 291.524719238
0.996190786 -0.019624634 0.084963642 24.460708618 0.018168638 0.999675095 0.017876264 -27.696928024 -0.085286878 -0.016264498 0.996223629 293.776672363
0.996196568 -0.020201385 0.084760532 24.741191864 0.018790798 0.999671876 0.017407017 -27.890924454 -0.085084356 -0.015748091 0.996249318 296.008697510
0.996174812 -0.020064197 0.085048385 25.018533707 0.018668288 0.999678195 0.017176883 -28.081113815 -0.085365668 -0.015523471 0.996228755 298.252197266
0.996165514 -0.019433990 0.085302658 25.298105240 0.018028967 0.999689400 0.017210664 -28.266664505 -0.085610643 -0.015606755 0.996206403 300.489257812
0.996106386 -0.019461049 0.085984334 25.552234650 0.017934956 0.999668241 0.018485576 -28.467882156 -0.086315572 -0.016871475 0.996124983 302.723205566
0.996126175 -0.020279879 0.085564822 25.842050552 0.018771997 0.999654651 0.018390726 -28.653165817 -0.085908264 -0.016713262 0.996162832 304.973236084
0.996080995 -0.019492025 0.086271428 26.122236252 0.017938446 0.999663472 0.018746823 -28.845149994 -0.086607791 -0.017125780 0.996095300 307.224121094
0.996075273 -0.020570196 0.086086601 26.405626297 0.019002808 0.999639034 0.018987257 -29.042772293 -0.086446092 -0.017276851 0.996106684 309.477478027
0.996036410 -0.021800833 0.086234659 26.689895630 0.020204235 0.999608696 0.019344343 -29.228437424 -0.086622648 -0.017525362 0.996087015 311.735931396
0.996005118 -0.021507503 0.086667359 26.974246979 0.019968519 0.999627829 0.018585453 -29.417121887 -0.087034844 -0.016780593 0.996063888 313.986663818
0.996017158 -0.021080885 0.086633712 27.261644363 0.019480953 0.999624431 0.019272028 -29.609504700 -0.087007456 -0.017507561 0.996053815 316.230194092
0.995978951 -0.019228205 0.087500058 27.547309875 0.017683964 0.999674499 0.018389601 -29.800262451 -0.087825164 -0.016768308 0.995994747 318.483123779
0.995976090 -0.017450452 0.087904163 27.827596664 0.015844433 0.999695182 0.018934950 -29.989383698 -0.088207796 -0.017465964 0.995948911 320.725433350
0.995911121 -0.016793095 0.088763468 28.105510712 0.015202368 0.999712050 0.018566780 -30.180957794 -0.089049697 -0.017141448 0.995879650 322.955810547
0.995867729 -0.016171880 0.089363866 28.385545731 0.014509545 0.999709904 0.019220317 -30.369384766 -0.089648776 -0.017844263 0.995813549 325.202484131
0.995849609 -0.015366690 0.089707159 28.677276611 0.013571823 0.999696016 0.020583909 -30.565227509 -0.089996204 -0.019280989 0.995755434 327.432067871
0.995799184 -0.015703166 0.090206578 28.956241608 0.013919092 0.999695539 0.020372830 -30.755729675 -0.090499029 -0.019031661 0.995714664 329.678466797
0.995784581 -0.017565908 0.090024851 29.254135132 0.015856039 0.999680817 0.019673437 -30.942159653 -0.090341680 -0.018163070 0.995745182 331.912353516
0.995798945 -0.017245036 0.089927979 29.542175293 0.015551515 0.999688923 0.019498810 -31.130428314 -0.090236254 -0.018018380 0.995757520 334.127746582
0.995793045 -0.017523641 0.089941211 29.833293915 0.015762268 0.999670565 0.020256741 -31.312301636 -0.090266541 -0.018753842 0.995741069 336.375061035
0.995843410 -0.018133404 0.089258358 30.139011383 0.016361313 0.999655068 0.020545343 -31.498846054 -0.089600116 -0.018999562 0.995796502 338.610961914
0.995824993 -0.018035665 0.089483626 30.420953751 0.016227869 0.999650061 0.020889157 -31.689184189 -0.089829065 -0.019349812 0.995769203 340.852020264
0.995891690 -0.018407345 0.088661641 30.724317551 0.016640626 0.999648750 0.020624679 -31.876907349 -0.089010142 -0.019064559 0.995848238 343.106567383
0.995899975 -0.018978518 0.088449255 31.012329102 0.017157719 0.999625862 0.021300862 -32.060749054 -0.088820428 -0.019695938 0.995852888 345.350769043
0.995933771 -0.018823830 0.088099785 31.299077988 0.017016148 0.999629915 0.021224881 -32.239040375 -0.088466711 -0.019639460 0.995885491 347.594421387
0.995982230 -0.018618943 0.087594040 31.586244583 0.016819237 0.999632955 0.021239432 -32.421546936 -0.087957323 -0.019680833 0.995929897 349.828125000
0.995992541 -0.018298673 0.087544091 31.868831635 0.016446250 0.999626338 0.021834679 -32.609680176 -0.087910905 -0.020307407 0.995921314 352.067565918
0.995997965 -0.018761922 0.087385595 32.146659851 0.016901353 0.999615490 0.021982998 -32.786739349 -0.087764442 -0.020418083 0.995931983 354.311645508
0.996050119 -0.018208019 0.086905517 32.436683655 0.016388038 0.999632299 0.021609811 -32.974437714 -0.087267011 -0.020100247 0.995982111 356.558319092
0.996104658 -0.017726962 0.086377941 32.725418091 0.015873227 0.999629736 0.022100545 -33.159008026 -0.086737722 -0.020643361 0.996017277 358.785766602
0.996153235 -0.017540289 0.085854411 33.016338348 0.015623492 0.999614537 0.022947399 -33.344169617 -0.086223826 -0.021517783 0.996043324 361.039062500
0.996192098 -0.017690087 0.085371897 33.306110382 0.015778245 0.999610543 0.023017334 -33.528598785 -0.085745811 -0.021582665 0.996083260 363.287445068
0.996237934 -0.018009210 0.084767602 33.591587067 0.016066564 0.999593675 0.023544008 -33.708332062 -0.085157163 -0.022093514 0.996122479 365.523040771
0.996281207 -0.018037517 0.084252141 33.873428345 0.016171932 0.999609828 0.022773165 -33.887825012 -0.084630057 -0.021325953 0.996184170 367.770507812
0.996301949 -0.018530449 0.083898276 34.153591156 0.016666815 0.999599755 0.022859173 -34.074569702 -0.084288284 -0.021376327 0.996212006 370.015319824
0.996282041 -0.018249612 0.084196061 34.422283173 0.016428236 0.999616861 0.022274891 -34.253639221 -0.084570326 -0.020808879 0.996200144 372.272247314
0.996362925 -0.018694906 0.083136201 34.714614868 0.016897520 0.999609113 0.022271184 -34.439128876 -0.083520077 -0.020785378 0.996289313 374.500946045
0.996380150 -0.018598687 0.082949966 34.994934082 0.016735628 0.999593079 0.023099115 -34.618747711 -0.083345823 -0.021627279 0.996285975 376.763275146
0.996353805 -0.018731600 0.083235860 35.264915466 0.016842503 0.999585688 0.023340257 -34.796943665 -0.083638579 -0.021853257 0.996256530 379.016754150
0.996345997 -0.019515628 0.083149359 35.540847778 0.017605990 0.999565482 0.023638096 -34.980052948 -0.083574556 -0.022087794 0.996256709 381.252136230
0.996360064 -0.019444095 0.082997404 35.823451996 0.017523980 0.999563098 0.023800878 -35.158561707 -0.083423935 -0.022259800 0.996265531 383.502258301
0.996386945 -0.018771050 0.082829684 36.111614227 0.016838079 0.999570787 0.023973951 -35.339416504 -0.083244160 -0.022492636 0.996275246 385.765655518
0.996383488 -0.017967712 0.083048053 36.389656067 0.016022751 0.999582827 0.024027191 -35.514404297 -0.083445139 -0.022609644 0.996255815 388.028656006
0.996422768 -0.016121456 0.082957603 36.677467346 0.014160773 0.999607444 0.024169147 -35.701873779 -0.083314680 -0.022907944 0.996259928 390.304565430
0.996410966 -0.014749085 0.083352648 36.951507568 0.012780654 0.999627769 0.024100123 -35.882202148 -0.083677091 -0.022948323 0.996228576 392.579803467
0.996431351 -0.013317409 0.083348960 37.233245850 0.011243929 0.999616742 0.025297254 -36.059017181 -0.083653934 -0.024269810 0.996199250 394.848785400
0.996405423 -0.011970706 0.083862528 37.510795593 0.009835555 0.999618053 0.025827169 -36.241970062 -0.084139667 -0.024909496 0.996142566 397.133972168
0.996364474 -0.011400481 0.084425882 37.790985107 0.009383381 0.999661863 0.024250345 -36.426666260 -0.084673792 -0.023369983 0.996134639 399.406799316
0.996299505 -0.010983702 0.085244581 38.073654175 0.008998339 0.999680102 0.023639599 -36.606090546 -0.085476935 -0.022785060 0.996079624 401.677154541
0.996231556 -0.012128476 0.085882768 38.344451904 0.010037369 0.999643564 0.024738502 -36.781681061 -0.086152203 -0.023783233 0.995998085 403.942474365
0.996172547 -0.013667767 0.086333834 38.627349854 0.011466132 0.999597609 0.025946029 -36.960968018 -0.086653717 -0.024856806 0.995928347 406.194396973
0.996148169 -0.014630687 0.086457007 38.904403687 0.012456505 0.999593735 0.025633801 -37.136447906 -0.086796917 -0.024458108 0.995925725 408.458740234
0.996148586 -0.014606911 0.086456217 39.203487396 0.012525811 0.999619782 0.024564868 -37.312179565 -0.086782165 -0.023387324 0.995952725 410.726806641
0.996138990 -0.012629006 0.086876936 39.509449005 0.010501835 0.999634743 0.024898531 -37.494281769 -0.087159656 -0.023890032 0.995907843 412.950164795
0.996063352 -0.011186661 0.087934740 39.785980225 0.009047703 0.999654353 0.024685452 -37.673164368 -0.088180467 -0.023792667 0.995820343 415.197113037
0.996000111 -0.010150377 0.088773601 40.076805115 0.007981841 0.999661863 0.024748666 -37.850944519 -0.088994794 -0.023941103 0.995744288 417.459625244
0.995954037 -0.010456520 0.089253180 40.373012543 0.008289648 0.999662638 0.024614060 -38.030593872 -0.089480437 -0.023774592 0.995704770 419.716156006
0.995878816 -0.010331213 0.090103038 40.663108826 0.008156007 0.999667168 0.024476184 -38.203475952 -0.090325907 -0.023640431 0.995631635 421.973022461
0.995823443 -0.010962433 0.090640888 40.951366425 0.008797526 0.999667227 0.024249589 -38.381622314 -0.090876549 -0.023350894 0.995588362 424.230346680
0.995779812 -0.011468844 0.091054700 41.247390747 0.009181408 0.999632657 0.025500808 -38.561515808 -0.091313705 -0.024557183 0.995519280 426.499023438
0.995725274 -0.010777819 0.091732532 41.537982941 0.008411678 0.999622881 0.026141562 -38.739356995 -0.091979682 -0.025258187 0.995440602 428.751892090
0.995639861 -0.009946070 0.092748500 41.836627960 0.007442413 0.999599636 0.027300932 -38.917488098 -0.092982903 -0.026491627 0.995315194 431.034912109
0.995644331 -0.010200958 0.092673130 42.124599457 0.007762263 0.999615014 0.026637450 -39.086460114 -0.092909180 -0.025802068 0.995340228 433.266448975
0.995615184 -0.011087610 0.092883579 42.426944733 0.008662520 0.999612033 0.026471512 -39.272922516 -0.093141042 -0.025550835 0.995325029 435.527648926
0.995583475 -0.010004320 0.093345799 42.717342377 0.007562795 0.999620855 0.026472896 -39.434288025 -0.093575232 -0.025650024 0.995281696 437.783203125
0.995538354 -0.010662737 0.093753062 43.017120361 0.008161956 0.999601662 0.027017256 -39.612907410 -0.094003789 -0.026131503 0.995228827 440.063659668
0.995600939 -0.010818623 0.093068630 43.330024719 0.008344636 0.999602556 0.026930619 -39.783561707 -0.093322977 -0.026035525 0.995295465 442.338073730
0.995481431 -0.010091676 0.094420187 43.600555420 0.007463629 0.999575973 0.028145410 -39.967399597 -0.094664194 -0.027313506 0.995134413 444.580810547
0.995431006 -0.010875640 0.094862297 43.903385162 0.008201763 0.999559343 0.028531432 -40.141983032 -0.095130764 -0.027623035 0.995081425 446.855834961
0.995417655 -0.010941114 0.094994023 44.204982758 0.008294268 0.999567509 0.028213566 -40.317790985 -0.095261618 -0.027296375 0.995077968 449.119567871
0.995396018 -0.010007301 0.095323913 44.514385223 0.007391667 0.999587476 0.027753133 -40.492073059 -0.095562309 -0.026920758 0.995059490 451.390441895
0.995368123 -0.009636673 0.095652662 44.819545746 0.007017931 0.999592423 0.027676387 -40.671623230 -0.095880374 -0.026876908 0.995029926 453.655364990
0.995298326 -0.009436325 0.096395917 45.119731903 0.006759764 0.999583542 0.028055269 -40.840518951 -0.096620522 -0.027271749 0.994947553 455.929016113
0.995248377 -0.009616583 0.096892871 45.413677216 0.006948425 0.999588251 0.027837113 -41.020179749 -0.097120665 -0.027031582 0.994905591 458.188873291
0.995270729 -0.008916462 0.096729949 45.729393005 0.006307337 0.999608874 0.027245622 -41.195125580 -0.096935034 -0.026506662 0.994937778 460.471221924
0.995242655 -0.008110438 0.097089194 46.031909943 0.005416167 0.999593854 0.027981918 -41.371231079 -0.097276695 -0.027322952 0.994882226 462.747131348
0.995335042 -0.007596735 0.096179269 46.356773376 0.004868155 0.999579787 0.028572664 -41.535900116 -0.096355930 -0.027971152 0.994953871 465.032012939
0.995356023 -0.007721363 0.095951430 46.658451080 0.004949086 0.999564469 0.029096957 -41.704856873 -0.096134305 -0.028486965 0.994960666 467.304107666
0.995449662 -0.007879566 0.094962701 46.972633362 0.005235333 0.999592423 0.028062003 -41.876518250 -0.095145151 -0.027437149 0.995085239 469.589965820
0.995502055 -0.007541846 0.094438970 47.283870697 0.004960257 0.999608338 0.027541017 -42.051345825 -0.094609678 -0.026948703 0.995149553 471.883209229
0.995585978 -0.008014957 0.093511008 47.591014862 0.005309492 0.999561071 0.029145062 -42.236801147 -0.093703568 -0.028519917 0.995191514 474.160156250
0.995609105 -0.008012959 0.093264006 47.891899109 0.005313253 0.999560595 0.029159328 -42.405635834 -0.093456686 -0.028535759 0.995214283 476.440704346
0.995611191 -0.007724915 0.093265861 48.174118042 0.005030774 0.999564230 0.029087331 -42.568626404 -0.093449920 -0.028490471 0.995216250 478.731689453
0.995611191 -0.007705170 0.093268313 48.473598480 0.004938976 0.999542117 0.029853040 -42.741641998 -0.093455620 -0.029261367 0.995193481 481.015136719
0.995642841 -0.008377572 0.092871651 48.777172089 0.005587462 0.999526322 0.030262074 -42.911056519 -0.093081184 -0.029611299 0.995218098 483.288330078
0.995674193 -0.008924476 0.092483826 49.072360992 0.006161778 0.999527395 0.030114839 -43.083419800 -0.092708878 -0.029414706 0.995258689 485.556823730
0.995678246 -0.009094392 0.092423849 49.368507385 0.006263586 0.999503732 0.030872582 -43.256973267 -0.092658728 -0.030160250 0.995241106 487.846954346
0.995723188 -0.010052789 0.091838233 49.650226593 0.007293245 0.999513209 0.030334229 -43.415264130 -0.092098460 -0.029534701 0.995311737 490.119140625
0.995745718 -0.009763790 0.091625012 49.952323914 0.006941393 0.999493062 0.031072037 -43.581924438 -0.091881938 -0.030303843 0.995308697 492.424316406
0.995807111 -0.009300811 0.091004051 50.253475189 0.006471008 0.999487817 0.031341158 -43.744651794 -0.091248937 -0.030620856 0.995357215 494.706817627
0.995786846 -0.009096349 0.091245323 50.537914276 0.006307225 0.999505401 0.030809212 -43.908901215 -0.091480456 -0.030103907 0.995351672 497.008544922
0.995807886 -0.008756954 0.091049239 50.844955444 0.006005391 0.999518216 0.030450763 -44.084526062 -0.091272041 -0.029776325 0.995380640 499.319641113
0.995831013 -0.008643947 0.090807050 51.137748718 0.005833956 0.999497175 0.031164626 -44.249748230 -0.091030784 -0.030504936 0.995380759 501.615325928
0.995839298 -0.008112093 0.090765290 51.432243347 0.005288379 0.999495804 0.031307414 -44.419326782 -0.090973496 -0.030697150 0.995380104 503.908599854
0.995869756 -0.007349929 0.090494417 51.732093811 0.004584632 0.999517262 0.030727681 -44.589752197 -0.090676576 -0.030185888 0.995422781 506.195159912
0.995866179 -0.007368742 0.090533003 52.023475647 0.004516717 0.999488235 0.031667184 -44.757106781 -0.090720020 -0.031127363 0.995389879 508.486053467
0.995878279 -0.007610695 0.090379052 52.318222046 0.004871527 0.999523342 0.030489549 -44.925239563 -0.090568013 -0.029923603 0.995440602 510.775238037
0.995925069 -0.008094936 0.089821756 52.625186920 0.005288113 0.999491572 0.031442892 -45.100082397 -0.090030633 -0.030839777 0.995461345 513.071044922
0.995942414 -0.008218958 0.089616403 52.921962738 0.005416555 0.999489963 0.031469569 -45.261672974 -0.089829370 -0.030856466 0.995478988 515.370910645
0.995942116 -0.007754928 0.089662768 53.212856293 0.004965713 0.999498010 0.031289168 -45.428024292 -0.089860424 -0.030716958 0.995480537 517.672485352
0.995908737 -0.006683234 0.090117812 53.495132446 0.003853757 0.999495149 0.031535048 -45.600830078 -0.090283096 -0.031058736 0.995431721 519.966308594
0.995876849 -0.004194943 0.090618521 53.801841736 0.001360382 0.999508500 0.031319294 -45.768714905 -0.090705387 -0.031066887 0.995393038 522.312255859
0.995807886 -0.002476359 0.091435678 54.101402283 -0.000412235 0.999501824 0.031559147 -45.933746338 -0.091468289 -0.031464539 0.995310783 524.645324707
0.995734870 -0.001785661 0.092243820 54.398639679 -0.001234229 0.999465406 0.032670695 -46.092903137 -0.092252858 -0.032645207 0.995200336 526.967041016
0.995658636 -0.002505272 0.093046546 54.696361542 -0.000543603 0.999464154 0.032727391 -46.256412506 -0.093078688 -0.032635897 0.995123684 529.272033691
0.995638251 -0.004483865 0.093190186 55.000717163 0.001324033 0.999422967 0.033941556 -46.417510986 -0.093288615 -0.033670116 0.995069623 531.576110840
0.995569944 -0.006044239 0.093829341 55.312229156 0.002872931 0.999421120 0.033897039 -46.582626343 -0.093979917 -0.033477303 0.995011091 533.894226074
0.995535851 -0.006366531 0.094168924 55.616161346 0.003239836 0.999439478 0.033318754 -46.742431641 -0.094328254 -0.032864917 0.994998634 536.201171875
0.995419502 -0.006610292 0.095374234 55.919235229 0.003458373 0.999443531 0.033175420 -46.906417847 -0.095540456 -0.032693628 0.994888484 538.513000488
0.995383918 -0.005902212 0.095791794 56.231742859 0.002797301 0.999467313 0.032515105 -47.070991516 -0.095932677 -0.032097049 0.994870186 540.822021484
0.995302498 -0.005253226 0.096671283 56.538299561 0.002116460 0.999468803 0.032521721 -47.241333008 -0.096790776 -0.032164358 0.994784892 543.143676758
0.995244503 -0.005033689 0.097277567 56.854610443 0.001985158 0.999504626 0.031409886 -47.403976440 -0.097387478 -0.031067410 0.994761527 545.465026855
0.995168209 -0.005280569 0.098042987 57.161041260 0.002105204 0.999470711 0.032462712 -47.573318481 -0.098162524 -0.032099463 0.994652569 547.772827148
0.995076239 -0.005400756 0.098964989 57.464672089 0.002153041 0.999456525 0.032894276 -47.735252380 -0.099088863 -0.032519229 0.994547069 550.062133789
0.995040536 -0.005712081 0.099306077 57.779102325 0.002415089 0.999442875 0.033288877 -47.901931763 -0.099440880 -0.032883950 0.994499981 552.354003906
0.995028138 -0.006893137 0.099355288 58.098808289 0.003700442 0.999471903 0.032282665 -48.062446594 -0.099525370 -0.031754501 0.994528234 554.657836914
0.995019972 -0.006982164 0.099430308 58.421508789 0.003729240 0.999452889 0.032863978 -48.229259491 -0.099605359 -0.032329518 0.994501650 556.971618652
0.994966269 -0.006579402 0.099993452 58.734889984 0.003246233 0.999434769 0.033460096 -48.393325806 -0.100157097 -0.032967072 0.994425237 559.278625488
0.994925618 -0.005998466 0.100433536 59.052825928 0.002558222 0.999406636 0.034347750 -48.553001404 -0.100579984 -0.033916526 0.994350731 561.613708496
0.994899809 -0.006543630 0.100655675 59.379959106 0.003024524 0.999380052 0.035074785 -48.716541290 -0.100822769 -0.034591455 0.994302988 563.947692871
0.994863033 -0.005720229 0.101068296 59.701534271 0.002123456 0.999361694 0.035659343 -48.868904114 -0.101207778 -0.035261549 0.994240224 566.270446777
0.994817078 -0.004699793 0.101572290 60.032356262 0.001154507 0.999388933 0.034934707 -49.030700684 -0.101674408 -0.034636375 0.994214594 568.592834473
0.994846463 -0.003877150 0.101318888 60.374576569 0.000505511 0.999445975 0.033282008 -49.184349060 -0.101391785 -0.033059273 0.994297147 570.928527832
0.994856119 -0.003550197 0.101236597 60.721103668 0.000165153 0.999441266 0.033425741 -49.348545074 -0.101298712 -0.033237081 0.994300663 573.252868652
0.994789958 -0.003551763 0.101884753 61.033218384 0.000022670 0.999400616 0.034618337 -49.517314911 -0.101946667 -0.034435663 0.994193614 575.631896973
0.994798064 -0.003717731 0.101798564 61.370735168 0.000039296 0.999347746 0.036112636 -49.684616089 -0.101866424 -0.035920784 0.994149268 577.943603516
0.994680643 -0.003092060 0.102960736 61.681587219 -0.000456608 0.999407172 0.034424849 -49.847381592 -0.103006139 -0.034288734 0.994089544 580.338378906
0.994725525 -0.003844016 0.102500811 62.020553589 0.000378823 0.999428332 0.033804554 -49.999084473 -0.102572158 -0.033587422 0.994158387 582.674743652
0.994676054 -0.004268747 0.102962673 62.356128693 0.000576194 0.999356449 0.035866145 -50.177345276 -0.103049517 -0.035615869 0.994038403 585.020202637
0.994738758 -0.004241944 0.102356456 62.692012787 0.000602392 0.999367297 0.035562359 -50.332378387 -0.102442570 -0.035313595 0.994111896 587.340942383
0.994693637 -0.006745661 0.102661327 63.039848328 0.003217757 0.999399841 0.034491394 -50.495403290 -0.102832377 -0.033978023 0.994118333 589.708374023
0.994721889 -0.007105215 0.102361262 63.379829407 0.003589874 0.999398649 0.034485865 -50.652206421 -0.102544747 -0.033936385 0.994149327 592.059875488
0.994711637 -0.008875786 0.102323100 63.710479736 0.005308259 0.999370158 0.035085041 -50.815570831 -0.102570094 -0.034356337 0.994132221 594.399108887
0.994744658 -0.009161314 0.101976067 64.052330017 0.005576505 0.999358237 0.035383161 -50.977539062 -0.102234781 -0.034628548 0.994157374 596.757141113
