1.000000000 0.000000000 0.000000000 0.000000000 0.000000000 1.000000000 0.000000000 0.000000000 0.000000000 0.000000000 1.000000000 0.000000000
0.999999940 -0.000002863 0.000370930 0.089888677 0.000002955 0.999999940 -0.000249689 -0.226022407 -0.000370930 0.000249690 0.999999881 2.292125463
0.999999285 0.000191902 0.001106368 0.167645574 -0.000192177 0.999999940 0.000248456 -0.464854926 -0.001106320 -0.000248668 0.999999344 4.581661701
0.999998510 -0.000241742 0.001659148 0.266635120 0.000241125 0.999999821 0.000371603 -0.695420325 -0.001659238 -0.000371202 0.999998569 6.871771336
0.999996781 -0.000391306 0.002477972 0.364144653 0.000394602 0.999998987 -0.001329763 -0.930458486 -0.002477449 0.001330737 0.999996066 9.166796684
0.999989569 0.001271222 0.004377963 0.457259774 -0.001271087 0.999999166 -0.000033606 -1.165539384 -0.004378003 0.000028040 0.999990463 11.470120430
0.999971926 0.002874095 0.006919122 0.571148217 -0.002880704 0.999995351 0.000945312 -1.398744345 -0.006916373 -0.000965217 0.999975562 13.773950577
0.999953687 0.002741822 0.009213639 0.679132104 -0.002775408 0.999989510 0.003634440 -1.628942013 -0.009203578 -0.003659844 0.999950945 16.046169281
0.999940515 0.003164774 0.010439053 0.761223674 -0.003219822 0.999980986 0.005260727 -1.857697129 -0.010422206 -0.005294026 0.999931693 18.324995041
0.999918759 0.002236396 0.012549649 0.865001321 -0.002304928 0.999982476 0.005449038 -2.083412409 -0.012537243 -0.005477522 0.999906421 20.618124008
0.999924958 -0.000234986 0.012246770 0.990748405 0.000197512 0.999995232 0.003061018 -2.309744358 -0.012247433 -0.003058369 0.999920309 22.905607224
0.999909043 -0.002348267 0.013282793 1.096244097 0.002330417 0.999996364 0.001359192 -2.532273531 -0.013285938 -0.001328114 0.999910891 25.186056137
0.999909461 -0.003044200 0.013106678 1.233635187 0.003040812 0.999995291 0.000278423 -2.774294853 -0.013107466 -0.000238543 0.999914050 27.483131409
0.999887705 -0.002778823 0.014724108 1.331762075 0.002791448 0.999995708 -0.000836931 -2.998941183 -0.014721720 0.000877939 0.999891281 29.768575668
0.999888420 -0.000495363 0.014927954 1.466270447 0.000468941 0.999998331 0.001773452 -3.229673147 -0.014928809 -0.001766254 0.999886930 32.028617859
0.999892473 0.001449788 0.014590570 1.601636171 -0.001506268 0.999991417 0.003860751 -3.449377298 -0.014584847 -0.003882312 0.999886036 34.309577942
0.999853432 0.003858831 0.016681762 1.712941647 -0.003994175 0.999959409 0.008087728 -3.683029175 -0.016649874 -0.008153172 0.999828279 36.627532959
0.999843121 0.005748632 0.016755873 1.840510964 -0.005877038 0.999953687 0.007624227 -3.901009083 -0.016711267 -0.007721506 0.999830544 38.899662018
0.999814630 0.003960792 0.018848225 1.945787907 -0.004080114 0.999971867 0.006296309 -4.107220173 -0.018822759 -0.006372044 0.999802530 41.204685211
0.999816418 0.001542044 0.019098649 2.071118116 -0.001632092 0.999987662 0.004700207 -4.327602863 -0.019091161 -0.004730514 0.999806523 43.482166290
0.999813020 0.001976428 0.019236274 2.200620174 -0.002064336 0.999987483 0.004551104 -4.562339306 -0.019227039 -0.004589964 0.999804616 45.733730316
0.999802649 0.001543789 0.019806258 2.318310738 -0.001617323 0.999991834 0.003697203 -4.791392803 -0.019800389 -0.003728506 0.999796987 48.013492584
0.999806225 0.000177868 0.019685814 2.459380627 -0.000258777 0.999991477 0.004107560 -5.019174576 -0.019684913 -0.004111858 0.999797761 50.297550201
0.999783456 -0.000766163 0.020794429 2.589711189 0.000673795 0.999989867 0.004448621 -5.242753029 -0.020797631 -0.004433646 0.999773860 52.565311432
0.999777079 -0.001926139 0.021028193 2.727520704 0.001839292 0.999989688 0.004148556 -5.468133926 -0.021035971 -0.004108954 0.999770284 54.847671509
0.999746501 -0.002246951 0.022403885 2.857091427 0.002144709 0.999987185 0.004586541 -5.695637703 -0.022413900 -0.004537330 0.999738455 57.148715973
0.999730587 -0.003641124 0.022924798 2.998306751 0.003521078 0.999979913 0.005274686 -5.919509411 -0.022943540 -0.005192544 0.999723256 59.417079926
0.999691188 -0.004836225 0.024371626 3.129520893 0.004725991 0.999978364 0.004578610 -6.141993046 -0.024393244 -0.004462016 0.999692500 61.687053680
0.999672711 -0.005659205 0.024949012 3.282162666 0.005549157 0.999974549 0.004477954 -6.366344452 -0.024973717 -0.004338041 0.999678791 63.940380096
0.999637842 -0.005090455 0.026421728 3.423652172 0.004955077 0.999974251 0.005186663 -6.589034081 -0.026447449 -0.005053864 0.999637425 66.208000183
0.999616623 -0.004341136 0.027349439 3.573283195 0.004192543 0.999976158 0.005488142 -6.813725471 -0.027372610 -0.005371373 0.999610841 68.458740234
0.999571502 -0.004597417 0.028908497 3.711221218 0.004446633 0.999976158 0.005278035 -7.037885666 -0.028932072 -0.005147228 0.999568045 70.707450867
0.999557912 -0.005459723 0.029225906 3.875404596 0.005347829 0.999978065 0.003905372 -7.259971142 -0.029246587 -0.003747350 0.999565184 72.953582764
0.999533653 -0.006160089 0.029909654 4.026886463 0.006026577 0.999971449 0.004551994 -7.486656189 -0.029936841 -0.004369617 0.999542236 75.221427917
0.999485552 -0.007468920 0.031191498 4.191369534 0.007350920 0.999965489 0.003896042 -7.714965820 -0.031219518 -0.003664751 0.999505818 77.487007141
0.999477923 -0.007994096 0.031303693 4.352296829 0.007874408 0.999961197 0.003944863 -7.941653728 -0.031334016 -0.003696305 0.999502242 79.735183716
0.999448061 -0.008448217 0.032125436 4.504835606 0.008344766 0.999959469 0.003352958 -8.155521393 -0.032152463 -0.003083028 0.999478221 81.991203308
0.999438584 -0.007514826 0.032648712 4.682268143 0.007398164 0.999965787 0.003692538 -8.386795044 -0.032675341 -0.003448925 0.999460042 84.245140076
0.999388218 -0.007314284 0.034203865 4.840990067 0.007173753 0.999965310 0.004229534 -8.602690697 -0.034233619 -0.003981575 0.999405861 86.497619629
0.999393463 -0.006884027 0.034137037 5.017325401 0.006702936 0.999962807 0.005416420 -8.835000992 -0.034173056 -0.005184317 0.999402463 88.763740540
0.999369740 -0.005959639 0.034995180 5.181476593 0.005755787 0.999965906 0.005923052 -9.058830261 -0.035029292 -0.005717894 0.999369860 91.014068604
0.999340594 -0.005750884 0.035849385 5.349076748 0.005546732 0.999967873 0.005791617 -9.278624535 -0.035881538 -0.005588951 0.999340415 93.263793945
0.999321759 -0.005849079 0.036356308 5.519680023 0.005668839 0.999971151 0.005058673 -9.492745399 -0.036384843 -0.004849145 0.999326050 95.516784668
0.999289513 -0.006210605 0.037174650 5.689451218 0.006011600 0.999967039 0.005462653 -9.712952614 -0.037207346 -0.005235294 0.999293864 97.774543762
0.999263883 -0.006147425 0.037869614 5.854491234 0.005961800 0.999969602 0.005012688 -9.940600395 -0.037899282 -0.004783226 0.999270141 100.001350403
0.999208808 -0.006392415 0.039253879 6.020496368 0.006160438 0.999962986 0.006027734 -10.155502319 -0.039290953 -0.005781145 0.999211073 102.236045837
0.999182224 -0.006636520 0.039885484 6.211805344 0.006404606 0.999961853 0.005939479 -10.373964310 -0.039923381 -0.005679171 0.999186635 104.491340637
0.999155939 -0.006840243 0.040503182 6.383695602 0.006570986 0.999955356 0.006777190 -10.600515366 -0.040547732 -0.006505323 0.999156415 106.734451294
0.999115467 -0.008208915 0.041241340 6.569845676 0.007927041 0.999944150 0.006993626 -10.815760612 -0.041296449 -0.006660518 0.999124706 108.979621887
0.999077976 -0.009237594 0.041927140 6.758494377 0.008911148 0.999928534 0.007966273 -11.039216995 -0.041997738 -0.007585310 0.999088824 111.224441528
0.999063909 -0.009745772 0.042146105 6.949639797 0.009478352 0.999933839 0.006540230 -11.255824089 -0.042207062 -0.006134633 0.999090075 113.471931458
0.999016106 -0.010321577 0.043129969 7.133565903 0.010091036 0.999933541 0.005559640 -11.470269203 -0.043184489 -0.005118944 0.999054015 115.722000122
0.998973072 -0.010422585 0.044093028 7.318599701 0.010168826 0.999930382 0.005975484 -11.694088936 -0.044152241 -0.005520972 0.999009550 117.944786072
0.998925686 -0.010708288 0.045086540 7.517683029 0.010422532 0.999924123 0.006568260 -11.909195900 -0.045153458 -0.006091288 0.998961449 120.182594299
0.998895228 -0.011015774 0.045684040 7.719508171 0.010699400 0.999917090 0.007164019 -12.131248474 -0.045759182 -0.006667312 0.998930216 122.386756897
0.998871088 -0.011982521 0.045966681 7.920839310 0.011667303 0.999906600 0.007119732 -12.352743149 -0.046047710 -0.006575388 0.998917520 124.613563538
0.998847067 -0.012155415 0.046440534 8.112306595 0.011880958 0.999910295 0.006181352 -12.576608658 -0.046511509 -0.005622467 0.998901844 126.890121460
0.998835742 -0.014162298 0.046113405 8.307591438 0.013887434 0.999883890 0.006275521 -12.788099289 -0.046196930 -0.005627818 0.998916507 129.153701782
0.998861670 -0.015239108 0.045203596 8.501200676 0.014946482 0.999865055 0.006804540 -13.009669304 -0.045301192 -0.006121160 0.998954594 131.413604736
0.998929858 -0.015511410 0.043571960 8.704242706 0.015177041 0.999852777 0.007994369 -13.224546432 -0.043689545 -0.007324520 0.999018312 133.649246216
0.998978138 -0.016463820 0.042089418 8.910964012 0.016147234 0.999838829 0.007850685 -13.449928284 -0.042211883 -0.007163035 0.999082983 135.921234131
0.999034286 -0.017267922 0.040403120 9.109385490 0.016994683 0.999830425 0.007096610 -13.657442093 -0.040518820 -0.006403119 0.999158204 138.149307251
0.999047756 -0.018171238 0.039665923 9.290690422 0.017884346 0.999811292 0.007575686 -13.882156372 -0.039796114 -0.006859072 0.999184251 140.402175903
0.999041796 -0.018470317 0.039678223 9.462800026 0.018184707 0.999806166 0.007547121 -14.087656021 -0.039809942 -0.006818353 0.999183953 142.633193970
0.999073803 -0.018438006 0.038879424 9.642929077 0.018099098 0.999795377 0.009050978 -14.311058044 -0.039038345 -0.008338913 0.999202907 144.844497681
0.999097884 -0.017369909 0.038750447 9.819061279 0.017067872 0.999821424 0.008111605 -14.524864197 -0.038884424 -0.007442900 0.999215961 147.077056885
0.999117494 -0.016104275 0.038792487 9.999114990 0.015860446 0.999852538 0.006585070 -14.741974831 -0.038892806 -0.005963991 0.999225616 149.324905396
0.999129713 -0.014533814 0.039095845 10.173767090 0.014320632 0.999880970 0.005727347 -14.961104393 -0.039174430 -0.005162485 0.999219060 151.567504883
0.999138832 -0.013886528 0.039098501 10.357933044 0.013674833 0.999890387 0.005676641 -15.173347473 -0.039173041 -0.005137087 0.999219239 153.797927856
0.999136269 -0.013164393 0.039414030 10.543506622 0.012937480 0.999898314 0.006006712 -15.388552666 -0.039489094 -0.005491605 0.999204934 156.042510986
0.999122500 -0.011655157 0.040229317 10.706169128 0.011372124 0.999908924 0.007257218 -15.593832970 -0.040310241 -0.006793356 0.999164224 158.263381958
0.999076962 -0.011205758 0.041468579 10.891394615 0.010880525 0.999908328 0.008060251 -15.809291840 -0.041555099 -0.007601612 0.999107242 160.502746582
0.999039412 -0.009348269 0.042810149 11.043108940 0.008923500 0.999909103 0.010102522 -16.026168823 -0.042900693 -0.009710804 0.999032080 162.766281128
0.999007046 -0.008973251 0.043638267 11.226598740 0.008582709 0.999921501 0.009128707 -16.225156784 -0.043716751 -0.008745108 0.999005675 165.013305664
0.998966515 -0.008323233 0.044686269 11.421815872 0.007982236 0.999937654 0.007803911 -16.434932709 -0.044748425 -0.007439148 0.998970568 167.248748779
0.998889267 -0.006490942 0.046669856 11.606457710 0.006132736 0.999950647 0.007814415 -16.646629333 -0.046718281 -0.007519520 0.998879731 169.492538452
0.998768687 -0.005686473 0.049285177 11.796903610 0.005303952 0.999954820 0.007888684 -16.857099533 -0.049327802 -0.007617563 0.998753607 171.729827881
0.998649478 -0.005873743 0.051621139 11.999468803 0.005489168 0.999956131 0.007588578 -17.068790436 -0.051663440 -0.007294973 0.998638034 173.983001709
0.998579144 -0.006049783 0.052943796 12.209574699 0.005629637 0.999951482 0.008081242 -17.286790848 -0.052990109 -0.007771706 0.998564780 176.231857300
0.998545587 -0.006396558 0.053532142 12.417367935 0.005917141 0.999940991 0.009109406 -17.498580933 -0.053587247 -0.008779401 0.998524547 178.452316284
0.998514771 -0.007959077 0.053895906 12.610820770 0.007507163 0.999934971 0.008582225 -17.713964462 -0.053960714 -0.008164873 0.998509705 180.719573975
0.998476744 -0.008958679 0.054442011 12.810799599 0.008527184 0.999930322 0.008152940 -17.924150467 -0.054511268 -0.007676283 0.998483658 182.967254639
0.998535216 -0.010507135 0.053075649 13.028996468 0.010092579 0.999916434 0.008072685 -18.144546509 -0.053156026 -0.007525191 0.998557806 185.209472656
0.998548150 -0.012169970 0.052473184 13.240697861 0.011712181 0.999890685 0.009022949 -18.360446930 -0.052577265 -0.008395271 0.998581588 187.454559326
0.998562038 -0.013070566 0.051990170 13.450895309 0.012650358 0.999884605 0.008403326 -18.568904877 -0.052094009 -0.007733546 0.998612285 189.696945190
0.998527408 -0.014268161 0.052339088 13.646073341 0.013867758 0.999871790 0.008005396 -18.783952713 -0.052446593 -0.007267781 0.998597264 191.928146362
0.998512745 -0.016010283 0.052114476 13.847823143 0.015641801 0.999849677 0.007470875 -18.997745514 -0.052226257 -0.006644600 0.998613179 194.161941528
0.998534203 -0.015610357 0.051824741 14.060489655 0.015237921 0.999855161 0.007573869 -19.211111069 -0.051935460 -0.006773065 0.998627484 196.401916504
0.998535514 -0.013612435 0.052361466 14.270475388 0.013233461 0.999883652 0.007577585 -19.426126480 -0.052458532 -0.006873563 0.998599410 198.646118164
0.998565912 -0.010864954 0.052422538 14.478540421 0.010489041 0.999917328 0.007440641 -19.650035858 -0.052499048 -0.006880107 0.998597205 200.912216187
0.998528719 -0.010257958 0.053246617 14.686890602 0.009917730 0.999928713 0.006649972 -19.864887238 -0.053311031 -0.006112102 0.998559177 203.174804688
0.998483002 -0.010514499 0.054049119 14.886603355 0.010143235 0.999923050 0.007138758 -20.075132370 -0.054120023 -0.006579695 0.998512685 205.398239136
0.998482406 -0.012149072 0.053714298 15.117853165 0.011763714 0.999902904 0.007484560 -20.300809860 -0.053800013 -0.006841322 0.998528302 207.648574829
0.998418212 -0.011834082 0.054963384 15.320524216 0.011426874 0.999904990 0.007717071 -20.505987167 -0.055049486 -0.007076805 0.998458505 209.890258789
0.998340428 -0.011041353 0.056518778 15.538210869 0.010542850 0.999902904 0.009110659 -20.733400345 -0.056613889 -0.008499670 0.998360097 212.102066040
0.998268008 -0.009758034 0.058016367 15.774046898 0.009249311 0.999916375 0.009030689 -20.943811417 -0.058099650 -0.008478435 0.998274744 214.336502075
0.998086572 -0.008521513 0.061241779 15.967545509 0.007959132 0.999923944 0.009421052 -21.155488968 -0.061317399 -0.008915596 0.998078465 216.552795410
0.997956753 -0.008510453 0.063323013 16.196554184 0.007923599 0.999923348 0.009512966 -21.363393784 -0.063399121 -0.008991785 0.997947752 218.789611816
0.997815073 -0.009800886 0.065337926 16.428382874 0.009161973 0.999907255 0.010071103 -21.570373535 -0.065430567 -0.009450472 0.997812510 221.016296387
0.997721672 -0.011395359 0.066494085 16.661872864 0.010699850 0.999884307 0.010806506 -21.776664734 -0.066609524 -0.010070408 0.997728407 223.234619141
0.997667015 -0.013439843 0.066932097 16.914489746 0.012792247 0.999867141 0.010094656 -21.988698959 -0.067058891 -0.009214892 0.997706473 225.463195801
0.997638941 -0.014830034 0.067055501 17.154703140 0.014195930 0.999849975 0.009923039 -22.194536209 -0.067192614 -0.008947697 0.997699857 227.708541870
0.997590363 -0.014900108 0.067759581 17.392587662 0.014235274 0.999845803 0.010283956 -22.406795502 -0.067902371 -0.009294598 0.997648656 229.946258545
0.997535288 -0.015855886 0.068350635 17.637369156 0.015260803 0.999841034 0.009219762 -22.616785049 -0.068485945 -0.008153955 0.997618735 232.192398071
0.997483194 -0.016613111 0.068929851 17.880817413 0.015966626 0.999823332 0.009919262 -22.818378448 -0.069082461 -0.008793719 0.997572243 234.431655884
0.997477353 -0.016288018 0.069093540 18.151201248 0.015583673 0.999821067 0.010720926 -23.036455154 -0.069255814 -0.009617152 0.997552514 236.701248169
0.997438669 -0.016093237 0.069692880 18.389862061 0.015396010 0.999826014 0.010530006 -23.237319946 -0.069850221 -0.009430042 0.997512937 238.923355103
0.997401655 -0.016357465 0.070159264 18.633981705 0.015640004 0.999819696 0.010763348 -23.444631577 -0.070322663 -0.009638088 0.997477710 241.144210815
0.997359514 -0.016688446 0.070678748 18.881797791 0.015955726 0.999813020 0.010918864 -23.650863647 -0.070847765 -0.009762302 0.997439325 243.387481689
0.997322440 -0.017069045 0.071110092 19.130432129 0.016388912 0.999814212 0.010137036 -23.862239838 -0.071269900 -0.008944477 0.997416973 245.607345581
0.997333765 -0.016672192 0.071044788 19.386363983 0.016029965 0.999825358 0.009600372 -24.073579788 -0.071192451 -0.008435931 0.997426867 247.834686279
0.997314095 -0.017035417 0.071233779 19.641462326 0.016354002 0.999814868 0.010138209 -24.284646988 -0.071393289 -0.008946020 0.997408152 250.074874878
0.997288644 -0.018341761 0.071266875 19.898248672 0.017665554 0.999792993 0.010107079 -24.495315552 -0.071437493 -0.008820708 0.997406065 252.307296753
0.997290015 -0.018241497 0.071273580 20.162050247 0.017520418 0.999788940 0.010729193 -24.703678131 -0.071454249 -0.009451374 0.997399092 254.565994263
0.997263432 -0.019112431 0.071417481 20.404392242 0.018374540 0.999770939 0.010974828 -24.913364410 -0.071610883 -0.009632532 0.997386098 256.787200928
0.997227490 -0.019551326 0.071798727 20.665210724 0.018763453 0.999756217 0.011631549 -25.128635406 -0.072008640 -0.010252111 0.997351289 259.052673340
0.997201502 -0.019270906 0.072233558 20.921878815 0.018516097 0.999767005 0.011104655 -25.334093094 -0.072430708 -0.009736096 0.997325897 261.290374756
0.997179270 -0.019307056 0.072530821 21.184413910 0.018581571 0.999770463 0.010663992 -25.540418625 -0.072720043 -0.009286176 0.997309089 263.545501709
0.997149587 -0.018505177 0.073145829 21.442411423 0.017813222 0.999790251 0.010101062 -25.749572754 -0.073317431 -0.008769305 0.997270107 265.781097412
0.997085869 -0.017962268 0.074142210 21.700139999 0.017254150 0.999799311 0.010180354 -25.955755234 -0.074310191 -0.008871426 0.997195661 268.022277832
0.996942699 -0.017697526 0.076107204 21.943389893 0.016969567 0.999803901 0.010201147 -26.176431656 -0.076272838 -0.008878453 0.997047424 270.272491455
0.996838927 -0.018403102 0.077287979 22.212272644 0.017652586 0.999790311 0.010382702 -26.384981155 -0.077462845 -0.008985547 0.996954799 272.519104004
0.996665835 -0.019169921 0.079307526 22.464042664 0.018334003 0.999768555 0.011255044 -26.595335007 -0.079504929 -0.009763492 0.996786654 274.771392822
0.996565759 -0.019208422 0.080546230 22.741861343 0.018262165 0.999755442 0.012468354 -26.795503616 -0.080766030 -0.010954587 0.996672869 277.016571045
0.996461093 -0.018149249 0.082071722 23.012069702 0.017095566 0.999762416 0.013523182 -26.999568939 -0.082297660 -0.012072261 0.996534705 279.262023926
0.996414840 -0.017654834 0.082739301 23.306816101 0.016552625 0.999765158 0.013988591 -27.199539185 -0.082966857 -0.012568886 0.996473014 281.516418457
0.996337414 -0.017091541 0.083783463 23.579319000 0.015933303 0.999768257 0.014473462 -27.400955200 -0.084011436 -0.013085503 0.996378779 283.754333496
0.996313334 -0.016076928 0.084268816 23.878162384 0.014957629 0.999791682 0.013897073 -27.604887009 -0.084474668 -0.012585379 0.996346116 286.028503418
0.996212721 -0.015398628 0.085574716 24.148380280 0.014327659 0.999811411 0.013115144 -27.805019379 -0.085760519 -0.011839390 0.996245444 288.254608154
0.996157765 -0.015563826 0.086182363 24.415908813 0.014514288 0.999812841 0.012791398 -28.007080078 -0.086365327 -0.011491377 0.996197283 290.492126465
0.996145308 -0.015924482 0.086260125 24.699026108 0.014928271 0.999814332 0.012181756 -28.206388474 -0.086438082 -0.010847084 0.996198118 292.736022949
0.996150672 -0.016530115 0.086083844 24.979248047 0.015599337 0.999812484 0.011473950 -28.411342621 -0.086257361 -0.010086935 0.996221840 294.962097168
0.996130347 -0.016235271 0.086375028 25.258214951 0.015272787 0.999813914 0.011792285 -28.620731354 -0.086550415 -0.010427467 0.996192813 297.198089600
0.996111631 -0.015471578 0.086730443 25.538911819 0.014493542 0.999824226 0.011895132 -28.820011139 -0.086899221 -0.010591848 0.996160865 299.434844971
0.996046484 -0.015406494 0.087487638 25.797067642 0.014340671 0.999815285 0.012798059 -29.031057358 -0.087668665 -0.011492828 0.996083379 301.672637939
0.996050537 -0.015885850 0.087354645 26.086235046 0.014811193 0.999806643 0.012936691 -29.230844498 -0.087543249 -0.011591774 0.996093214 303.921203613
0.996013045 -0.015315435 0.087883160 26.371002197 0.014218307 0.999813139 0.013096421 -29.431379318 -0.088067308 -0.011794655 0.996044815 306.170288086
0.995999277 -0.015813727 0.087950654 26.653182983 0.014714310 0.999805450 0.013134725 -29.641239166 -0.088141263 -0.011788044 0.996038258 308.420562744
0.995948553 -0.017107956 0.088282429 26.940357208 0.015970832 0.999780476 0.013570867 -29.844524384 -0.088495210 -0.012105943 0.996003032 310.693847656
0.995909452 -0.016678950 0.088804401 27.229549408 0.015597383 0.999795675 0.012859267 -30.048627853 -0.089000747 -0.011421551 0.995966077 312.943481445
0.995923579 -0.016361088 0.088704579 27.523744583 0.015201051 0.999790072 0.013737368 -30.256374359 -0.088910706 -0.012332967 0.995963156 315.186035156
0.995869339 -0.014650499 0.089608446 27.815414429 0.013551886 0.999825478 0.012856315 -30.460353851 -0.089781150 -0.011588844 0.995894074 317.438751221
0.995843351 -0.012759288 0.090184189 28.096687317 0.011582909 0.999841034 0.013555552 -30.664321899 -0.090342812 -0.012454611 0.995832860 319.670593262
0.995792627 -0.011361149 0.090928584 28.382221222 0.010245085 0.999866426 0.012731453 -30.862678528 -0.091061093 -0.011746316 0.995775998 321.900634766
0.995737076 -0.010767497 0.091605522 28.666629791 0.009588690 0.999865592 0.013298705 -31.062456131 -0.091736414 -0.012363636 0.995706558 324.134918213
0.995741427 -0.010337665 0.091608189 28.964035034 0.009022856 0.999850452 0.014755093 -31.273223877 -0.091747016 -0.013865692 0.995685816 326.359222412
0.995686948 -0.010540511 0.092176132 29.245656967 0.009236048 0.999851167 0.014567018 -31.478075027 -0.092315957 -0.013652844 0.995636165 328.595733643
0.995687544 -0.011459416 0.092059158 29.544670105 0.010232965 0.999852657 0.013783439 -31.677543640 -0.092203550 -0.012781962 0.995658159 330.827789307
0.995689034 -0.011199486 0.092074737 29.835729599 0.009978526 0.999856174 0.013710233 -31.880279541 -0.092215046 -0.012732359 0.995657802 333.046997070
0.995646536 -0.011133513 0.092541225 30.124588013 0.009813200 0.999843657 0.014710129 -32.076572418 -0.092690520 -0.013737963 0.995600164 335.280059814
0.995693564 -0.011615976 0.091974854 30.432689667 0.010299150 0.999837875 0.014778954 -32.275257111 -0.092131615 -0.013768049 0.995651662 337.514160156
0.995661557 -0.011090434 0.092385575 30.716203690 0.009731674 0.999837875 0.015145032 -32.480335236 -0.092538573 -0.014180261 0.995608091 339.748382568
0.995715976 -0.011135831 0.091791652 31.018730164 0.009797225 0.999839127 0.015020831 -32.683830261 -0.091944151 -0.014057175 0.995664895 341.990417480
0.995707333 -0.011433851 0.091848604 31.307554245 0.010051684 0.999829412 0.015496865 -32.880805969 -0.092010111 -0.014507107 0.995652318 344.242492676
0.995752096 -0.010864974 0.091432706 31.603927612 0.009487127 0.999835014 0.015490685 -33.076602936 -0.091585934 -0.014557444 0.995690763 346.486480713
0.995783210 -0.010742030 0.091105640 31.894401550 0.009366969 0.999835908 0.015507242 -33.273994446 -0.091257244 -0.014588469 0.995720506 348.725219727
0.995766640 -0.010405660 0.091326207 32.180583954 0.008975696 0.999830842 0.016054526 -33.476104736 -0.091477811 -0.015166845 0.995691597 350.967132568
0.995815933 -0.010559332 0.090769753 32.470115662 0.009107277 0.999824107 0.016396439 -33.670803070 -0.090926938 -0.015501173 0.995736897 353.186828613
0.995827794 -0.010103977 0.090691268 32.759880066 0.008697412 0.999835849 0.015891224 -33.867362976 -0.090836935 -0.015036141 0.995752275 355.437347412
0.995858490 -0.010276609 0.090333886 33.053096771 0.008837023 0.999827862 0.016321829 -34.062187195 -0.090486050 -0.015455949 0.995777905 357.673278809
0.995933890 -0.009962364 0.089534700 33.352184296 0.008446610 0.999814808 0.017292226 -34.261402130 -0.089690402 -0.016465649 0.995833576 359.911163330
0.995992780 -0.010202155 0.088850111 33.649894714 0.008691108 0.999811232 0.017377002 -34.459632874 -0.089010626 -0.016535165 0.995893359 362.160095215
0.996040702 -0.010149809 0.088316873 33.945831299 0.008622827 0.999806941 0.017654166 -34.652381897 -0.088478997 -0.016822724 0.995935917 364.401367188
0.996090770 -0.010062980 0.087760553 34.236026764 0.008599997 0.999817967 0.017032366 -34.847637177 -0.087915994 -0.016211042 0.995995998 366.650512695
0.996123195 -0.010866726 0.087295778 34.521308899 0.009433237 0.999814093 0.016816825 -35.044193268 -0.087462299 -0.015928145 0.996040463 368.893310547
0.996100783 -0.010497925 0.087595984 34.797966003 0.009139059 0.999831915 0.015899526 -35.232479095 -0.087748162 -0.015036983 0.996029139 371.156738281
0.996164143 -0.011395543 0.086759217 35.085990906 0.010018899 0.999817193 0.016286355 -35.440204620 -0.086928956 -0.015354653 0.996096134 373.385528564
0.996198833 -0.011044273 0.086405329 35.374736786 0.009599450 0.999807358 0.017119138 -35.631526947 -0.086577758 -0.016224623 0.996112943 375.640716553
0.996167839 -0.011476786 0.086705871 35.650192261 0.010004907 0.999798715 0.017391082 -35.823535919 -0.086888015 -0.016456949 0.996082127 377.895996094
0.996178985 -0.012039027 0.086501673 35.935771942 0.010549119 0.999788404 0.017660573 -36.021434784 -0.086695984 -0.016680580 0.996095181 380.135345459
0.996172905 -0.012307971 0.086533815 36.220397949 0.010828137 0.999787271 0.017549887 -36.207965851 -0.086731412 -0.016545722 0.996094286 382.388458252
0.996181130 -0.011468321 0.086553261 36.508838654 0.009957366 0.999790728 0.017868550 -36.405464172 -0.086740062 -0.016938470 0.996086955 384.640991211
0.996189415 -0.010868992 0.086535752 36.794544220 0.009359492 0.999797225 0.017830316 -36.592800140 -0.086712010 -0.016952446 0.996089160 386.894592285
0.996212900 -0.009838076 0.086388029 37.088062286 0.008315388 0.999804080 0.017968342 -36.797119141 -0.086547881 -0.017181946 0.996099532 389.159576416
0.996187806 -0.008429010 0.086826459 37.366012573 0.006897272 0.999815524 0.017926309 -36.992073059 -0.086961538 -0.017259104 0.996062160 391.434173584
0.996201992 -0.007403797 0.086756006 37.652927399 0.005765451 0.999800682 0.019119892 -37.182205200 -0.086880259 -0.018547093 0.996046066 393.694061279
0.996130824 -0.005827703 0.087689124 37.926929474 0.004107261 0.999795794 0.019787451 -37.376773834 -0.087786518 -0.019350728 0.995951355 395.944458008
0.996052206 -0.006065181 0.088561736 38.213039398 0.004473246 0.999825060 0.018162843 -37.572437286 -0.088656381 -0.017694978 0.995905101 398.209411621
0.996013999 -0.005750716 0.089010850 38.485977173 0.004180768 0.999832451 0.017814131 -37.770015717 -0.089098379 -0.017370993 0.995871365 400.470489502
0.995875835 -0.006829733 0.090469547 38.760196686 0.005124468 0.999805093 0.019067941 -37.962486267 -0.090582132 -0.018525694 0.995716631 402.720886230
0.995877385 -0.008195531 0.090340041 39.054447174 0.006439137 0.999784887 0.019716358 -38.147033691 -0.090482205 -0.019053364 0.995715797 404.988494873
0.995842040 -0.008715825 0.090679444 39.346076965 0.006963488 0.999783218 0.019623000 -38.337524414 -0.090830825 -0.018909965 0.995686769 407.240386963
0.995748460 -0.007217791 0.091831096 39.642601013 0.005525755 0.999810517 0.018666465 -38.524177551 -0.091948412 -0.018079665 0.995599747 409.501617432
0.995706856 -0.006247717 0.092351794 39.943168640 0.004524569 0.999811947 0.018856127 -38.719207764 -0.092452250 -0.018357318 0.995547891 411.757354736
0.995610893 -0.005119413 0.093450539 40.228466034 0.003394387 0.999821067 0.018608872 -38.911941528 -0.093529090 -0.018209990 0.995450020 414.005645752
0.995504558 -0.003569950 0.094645411 40.526821136 0.001822451 0.999826372 0.018543648 -39.102355957 -0.094695173 -0.018287804 0.995338321 416.274841309
0.995452583 -0.003602420 0.095190302 40.833045959 0.001856091 0.999828458 0.018427845 -39.297389984 -0.095240377 -0.018167360 0.995288491 418.530853271
0.995343328 -0.003787529 0.096318528 41.127590179 0.002022185 0.999828279 0.018419193 -39.487842560 -0.096371770 -0.018138643 0.995180130 420.780242920
0.995248616 -0.003880897 0.097288296 41.420448303 0.002111197 0.999830544 0.018286614 -39.684700012 -0.097342767 -0.017994337 0.995088160 423.036743164
0.995196879 -0.004395220 0.097794957 41.730094910 0.002508914 0.999808609 0.019403001 -39.876724243 -0.097861513 -0.019064447 0.995017409 425.303497314
0.995134771 -0.003666798 0.098454751 42.030288696 0.001702259 0.999798059 0.020030318 -40.065494537 -0.098508298 -0.019765273 0.994939923 427.549194336
0.995048642 -0.002850088 0.099348448 42.341606140 0.000792870 0.999784589 0.020740435 -40.255016327 -0.099386156 -0.020558970 0.994836509 429.823455811
0.995059192 -0.003152752 0.099233493 42.663547516 0.001067703 0.999777615 0.021057626 -40.451717377 -0.099277824 -0.020847633 0.994841337 432.111694336
0.995022476 -0.003959793 0.099571377 42.980297089 0.001949356 0.999792576 0.020280102 -40.646980286 -0.099631011 -0.019985059 0.994823694 434.378387451
0.994995236 -0.003121336 0.099873193 43.293354034 0.001078353 0.999789178 0.020503215 -40.824565887 -0.099916153 -0.020292906 0.994788826 436.640228271
0.994973421 -0.003508216 0.100078084 43.611934662 0.001446663 0.999785364 0.020664589 -41.013832092 -0.100129105 -0.020415936 0.994764984 438.926635742
0.995009005 -0.003568775 0.099721059 43.935092926 0.001500302 0.999782443 0.020809885 -41.200725555 -0.099773623 -0.020556413 0.994797766 441.198852539
0.995044053 -0.003193557 0.099383786 44.274230957 0.001025844 0.999760628 0.021855000 -41.404609680 -0.099429794 -0.021644734 0.994809270 443.481872559
0.994988799 -0.003770828 0.099915139 44.588905334 0.001562706 0.999752998 0.022169029 -41.591735840 -0.099974073 -0.021901798 0.994748950 445.757781982
0.994987965 -0.003975860 0.099915743 44.902366638 0.001807150 0.999760985 0.021786528 -41.782325745 -0.099978499 -0.021496767 0.994757354 448.020050049
0.995006621 -0.003473876 0.099748738 45.218708038 0.001317175 0.999764085 0.021679068 -41.974346161 -0.099800520 -0.021439426 0.994776487 450.282012939
0.994929135 -0.003116919 0.100531138 45.526344299 0.000955348 0.999767482 0.021542480 -42.169616699 -0.100574903 -0.021337200 0.994700670 452.541656494
0.994844615 -0.002434903 0.101382039 45.835987091 0.000260413 0.999769747 0.021456176 -42.347480774 -0.101410940 -0.021319164 0.994616151 454.817230225
0.994831085 -0.003082904 0.101496987 46.145954132 0.000911888 0.999769926 0.021429405 -42.544570923 -0.101539709 -0.021226086 0.994604945 457.080810547
0.994884908 -0.002473583 0.100984424 46.477237701 0.000396033 0.999787986 0.020587837 -42.731529236 -0.101013929 -0.020442540 0.994674981 459.363861084
0.994836450 -0.001698373 0.101477131 46.788410187 -0.000452152 0.999775827 0.021165458 -42.922332764 -0.101490304 -0.021102050 0.994612694 461.644348145
0.994867623 -0.001266002 0.101178050 47.110275269 -0.001008580 0.999747992 0.022426661 -43.109886169 -0.101180963 -0.022413606 0.994615495 463.921325684
0.994919837 -0.001266969 0.100661568 47.421638489 -0.001040341 0.999737978 0.022865670 -43.292465210 -0.100664146 -0.022854228 0.994657934 466.187194824
0.995003700 -0.001083899 0.099832036 47.742992401 -0.001076397 0.999766469 0.021582911 -43.475120544 -0.099832103 -0.021582536 0.994770169 468.470825195
0.995048821 -0.001153045 0.099380523 48.065544128 -0.000973986 0.999771535 0.021351721 -43.668701172 -0.099382438 -0.021342801 0.994820416 470.769836426
0.995139956 -0.001821127 0.098454013 48.380779266 -0.000404584 0.999744833 0.022581924 -43.861499786 -0.098470017 -0.022512008 0.994885266 473.051208496
0.995143831 -0.002093435 0.098409288 48.685096741 -0.000153585 0.999739528 0.022820294 -44.049301147 -0.098431446 -0.022724587 0.994884253 475.326751709
0.995253444 -0.001422591 0.097307459 49.004776001 -0.000709977 0.999760389 0.021877633 -44.216098785 -0.097315282 -0.021842876 0.995013893 477.626617432
0.995249689 -0.001458917 0.097344041 49.311019897 -0.000711928 0.999751866 0.022262290 -44.401351929 -0.097352363 -0.022225838 0.995001793 479.906402588
0.995278895 -0.001886037 0.097039461 49.623493195 -0.000356065 0.999733448 0.023082547 -44.588871002 -0.097057134 -0.023008119 0.995012820 482.179016113
0.995284379 -0.002478366 0.096968576 49.923152924 0.000308448 0.999749362 0.022386130 -44.774269104 -0.096999742 -0.022250652 0.995035648 484.464416504
0.995370448 -0.002453266 0.096081734 50.239536285 0.000228973 0.999731898 0.023154203 -44.968719482 -0.096112765 -0.023025006 0.995104074 486.762451172
0.995419502 -0.002483431 0.095571041 50.547588348 0.000281719 0.999734342 0.023044037 -45.148830414 -0.095602855 -0.022911560 0.995155990 489.045227051
0.995427251 -0.001962807 0.095502622 50.850200653 -0.000253973 0.999730945 0.023194028 -45.327331543 -0.095522441 -0.023112219 0.995158911 491.339111328
0.995489359 -0.001159278 0.094865993 51.161205292 -0.001089651 0.999719799 0.023651136 -45.508995056 -0.094866827 -0.023647828 0.995208979 493.623382568
0.995454729 -0.000598722 0.095234364 51.451297760 -0.001638937 0.999724448 0.023416385 -45.690715790 -0.095222123 -0.023466034 0.995179415 495.920471191
0.995484948 0.000115681 0.094919220 51.765865326 -0.002294200 0.999736428 0.022842476 -45.879150391 -0.094891563 -0.022957109 0.995222867 498.226654053
0.995498180 0.000109664 0.094780795 52.066352844 -0.002370043 0.999715388 0.023736250 -46.065422058 -0.094751216 -0.023854034 0.995215178 500.512908936
0.995498657 0.000455187 0.094774507 52.363624573 -0.002744103 0.999707639 0.024022238 -46.253398895 -0.094735868 -0.024174176 0.995208859 502.788970947
0.995519400 0.001573076 0.094544299 52.672431946 -0.003790475 0.999721766 0.023278542 -46.437755585 -0.094481394 -0.023532607 0.995248437 505.074371338
0.995512128 0.001521019 0.094621800 52.969306946 -0.003813300 0.999703467 0.024049623 -46.623489380 -0.094557174 -0.024302511 0.995222688 507.362396240
0.995536447 0.001230611 0.094369881 53.271869659 -0.003436714 0.999724507 0.023218222 -46.810382843 -0.094315328 -0.023438914 0.995266438 509.651611328
0.995571434 0.000500540 0.094006263 53.583091736 -0.002775760 0.999706268 0.024073645 -47.001411438 -0.093966618 -0.024227969 0.995280445 511.942779541
0.995588541 0.000618803 0.093824543 53.890354156 -0.002897456 0.999704123 0.024152029 -47.182975769 -0.093781836 -0.024317341 0.995295763 514.247497559
0.995593727 0.001321612 0.093762361 54.192630768 -0.003580114 0.999707401 0.023923393 -47.365974426 -0.093703307 -0.024153659 0.995307148 516.552795410
0.995572388 0.002377941 0.093967855 54.486312866 -0.004612228 0.999711633 0.023567118 -47.551872253 -0.093884706 -0.023896171 0.995296299 518.842651367
0.995503545 0.004177895 0.094632372 54.785820007 -0.006457840 0.999695837 0.023799228 -47.739204407 -0.094504163 -0.024303334 0.995227754 521.186584473
0.995415807 0.006187250 0.095440917 55.090942383 -0.008516236 0.999675453 0.024014410 -47.925090790 -0.095261328 -0.024717126 0.995145380 523.519348145
0.995364606 0.006688465 0.095939487 55.399612427 -0.009147790 0.999640167 0.025217231 -48.103809357 -0.095736310 -0.025977971 0.995067716 525.836303711
0.995303094 0.006420808 0.096594892 55.706615448 -0.008882706 0.999645948 0.025078438 -48.285140991 -0.096399672 -0.025818668 0.995007813 528.151123047
0.995277047 0.004508145 0.096969821 56.012920380 -0.007095383 0.999627471 0.026352584 -48.465812683 -0.096814908 -0.026916159 0.994938374 530.465576172
0.995228112 0.003120547 0.097525425 56.331951141 -0.005664628 0.999650478 0.025820352 -48.642856598 -0.097410776 -0.026249584 0.994898021 532.786376953
0.995178819 0.003012813 0.098029345 56.643299103 -0.005534831 0.999660373 0.025465410 -48.827106476 -0.097919330 -0.025885213 0.994857669 535.114562988
0.995079994 0.002710273 0.099037595 56.950729370 -0.005219857 0.999671698 0.025089381 -49.006744385 -0.098937072 -0.025482902 0.994767368 537.433044434
0.994991243 0.003068402 0.099915199 57.259586334 -0.005563752 0.999679208 0.024705609 -49.196647644 -0.099807352 -0.025137771 0.994689286 539.744506836
0.994888186 0.003781087 0.100911632 57.571346283 -0.006278988 0.999681354 0.024447223 -49.383155823 -0.100787029 -0.024955878 0.994594991 542.069885254
0.994795263 0.004151750 0.101809502 57.895160675 -0.006567585 0.999704480 0.023405278 -49.565086365 -0.101682238 -0.023952104 0.994528532 544.389282227
0.994657993 0.003925209 0.103150807 58.195327759 -0.006474889 0.999681532 0.024394790 -49.762676239 -0.103022195 -0.024932366 0.994366527 546.719726562
0.994574189 0.003612393 0.103967212 58.513439178 -0.006304161 0.999653041 0.025573591 -49.952461243 -0.103838764 -0.026090261 0.994251847 549.034057617
0.994482934 0.003679076 0.104834095 58.830589294 -0.006386317 0.999654412 0.025500096 -50.131465912 -0.104704052 -0.026028914 0.994162738 551.336059570
0.994526744 0.002367645 0.104455262 59.166374207 -0.004982469 0.999680519 0.024779133 -50.314357758 -0.104363225 -0.025163956 0.994220972 553.643188477
0.994522572 0.002016569 0.104502536 59.496307373 -0.004688826 0.999668121 0.025331860 -50.499698639 -0.104416765 -0.025683105 0.994201958 555.953735352
0.994485080 0.002186109 0.104855329 59.824337006 -0.004905157 0.999658108 0.025680566 -50.680862427 -0.104763329 -0.026053267 0.994155884 558.261596680
0.994450212 0.002715477 0.105172619 60.155372620 -0.005542500 0.999630868 0.026596902 -50.861640930 -0.105061568 -0.027032211 0.994098246 560.596374512
0.994461119 0.001863867 0.105088316 60.495929718 -0.004761058 0.999615192 0.027324982 -51.045257568 -0.104996972 -0.027673967 0.994087398 562.923645020
0.994448364 0.002276494 0.105200261 60.833316803 -0.005248846 0.999594629 0.027986018 -51.221115112 -0.105093874 -0.028382832 0.994057178 565.238586426
0.994382560 0.003501544 0.105788037 61.172790527 -0.006440110 0.999602437 0.027449045 -51.403129578 -0.105649866 -0.027976140 0.994009793 567.566528320
0.994398057 0.004452657 0.105605960 61.520915985 -0.007235839 0.999636114 0.025985911 -51.578693390 -0.105451837 -0.026604485 0.994068444 569.893737793
0.994367421 0.004920558 0.105873749 61.867103577 -0.007713684 0.999632478 0.025988372 -51.758304596 -0.105706953 -0.026658664 0.994039953 572.214172363
0.994378567 0.004983962 0.105765797 62.217334747 -0.007891217 0.999601960 0.027087020 -51.942745209 -0.105588682 -0.027769374 0.994022071 574.598510742
0.994365811 0.004705759 0.105897978 62.559795380 -0.007778734 0.999560058 0.028623967 -52.130218506 -0.105716676 -0.029286450 0.993964851 576.911682129
0.994285226 0.005553407 0.106611244 62.893127441 -0.008479503 0.999599099 0.027012771 -52.313953400 -0.106418498 -0.027762411 0.993933737 579.305664062
0.994325101 0.004955835 0.106269814 63.237041473 -0.007863233 0.999605656 0.026957126 -52.489231110 -0.106094323 -0.027639769 0.993971884 581.640625000
0.994248748 0.004314716 0.107008480 63.573646545 -0.007394955 0.999569118 0.028404918 -52.675506592 -0.106839813 -0.029032880 0.993852258 583.973327637
0.994322479 0.004583898 0.106309563 63.917247772 -0.007662406 0.999562442 0.028567607 -52.852256775 -0.106132105 -0.029220002 0.993922591 586.291320801
0.994333863 0.001313914 0.106295481 64.276390076 -0.004267757 0.999610782 0.027566275 -53.040176392 -0.106217921 -0.027863720 0.993952334 588.656555176
0.994372547 0.001074336 0.105933852 64.623733521 -0.003998730 0.999616742 0.027397325 -53.212577820 -0.105863810 -0.027666751 0.993995667 591.005310059
0.994394064 -0.000998997 0.105733007 64.962577820 -0.001959301 0.999609590 0.027871380 -53.391277313 -0.105719566 -0.027922297 0.994003892 593.347106934
0.994451284 -0.001708225 0.105183490 65.312553406 -0.001254821 0.999604404 0.028097628 -53.570693970 -0.105189897 -0.028073709 0.994055808 595.701782227
