1.000000000 0.000000000 0.000000000 0.000000000 0.000000000 1.000000000 0.000000000 0.000000000 0.000000000 0.000000000 1.000000000 0.000000000
0.999999881 0.000155723 0.000446061 0.086363748 -0.000155666 1.000000000 -0.000127534 -0.225929871 -0.000446081 0.000127464 0.999999881 2.288159847
0.999999106 0.000571871 0.001212398 0.164452687 -0.000572420 0.999999702 0.000452881 -0.463400841 -0.001212138 -0.000453574 0.999999166 4.585373402
0.999998450 0.000229918 0.001744298 0.261506677 -0.000230898 0.999999821 0.000561632 -0.693701625 -0.001744168 -0.000562034 0.999998271 6.874658108
0.999996603 0.000044889 0.002607282 0.354544252 -0.000041733 0.999999225 -0.001210750 -0.925122917 -0.002607334 0.001210637 0.999995887 9.172629356
0.999987125 0.001812763 0.004750727 0.445039243 -0.001813414 0.999998391 0.000132611 -1.160853863 -0.004750478 -0.000141224 0.999988794 11.479305267
0.999965489 0.003558977 0.007509010 0.528507948 -0.003567471 0.999993026 0.001117978 -1.388727784 -0.007504979 -0.001144728 0.999971151 13.788332939
0.999949276 0.003272987 0.009526746 0.641067684 -0.003305896 0.999988616 0.003440751 -1.615853310 -0.009515377 -0.003472071 0.999948740 16.060079575
0.999942303 0.003207534 0.010249082 0.764432430 -0.003254826 0.999984086 0.004600843 -1.846868277 -0.010234162 -0.004633938 0.999936879 18.405509949
0.999930918 0.002511221 0.011473927 0.885566235 -0.002565770 0.999985516 0.004741907 -2.071331978 -0.011461852 -0.004771020 0.999922931 20.691614151
0.999927998 -0.000672450 0.011977297 0.998968363 0.000640025 0.999996126 0.002710820 -2.310750246 -0.011979075 -0.002702959 0.999924600 23.013217926
0.999915004 -0.002931650 0.012711300 1.109132767 0.002922987 0.999995530 0.000699978 -2.531741619 -0.012713296 -0.000662764 0.999918997 25.294160843
0.999915659 -0.004286712 0.012258336 1.248702884 0.004286698 0.999990761 0.000027447 -2.780580044 -0.012258343 0.000025103 0.999924839 27.609321594
0.999906361 -0.004014784 0.013084617 1.357723713 0.004026762 0.999991536 -0.000889194 -3.008050680 -0.013080938 0.000941799 0.999913931 29.898080826
0.999903679 -0.002240332 0.013694924 1.478262663 0.002223236 0.999996662 0.001263403 -3.236023664 -0.013697709 -0.001232834 0.999905407 32.179813385
0.999905586 -0.000150298 0.013743804 1.606881857 0.000102451 0.999993920 0.003482030 -3.457724094 -0.013744244 -0.003480293 0.999899447 34.461006165
0.999879003 0.002308996 0.015378667 1.718737841 -0.002432065 0.999965131 0.007988732 -3.695114851 -0.015359680 -0.008025169 0.999849856 36.771427155
0.999857843 0.004158672 0.016336855 1.831215382 -0.004280109 0.999963403 0.007405372 -3.912466526 -0.016305462 -0.007474243 0.999839127 39.044857025
0.999827504 0.003558593 0.018229190 1.935931206 -0.003667616 0.999975502 0.005950731 -4.119593620 -0.018207565 -0.006016562 0.999816120 41.336570740
0.999828517 0.001133601 0.018484481 2.058939934 -0.001225008 0.999987006 0.004934496 -4.344585896 -0.018478647 -0.004956293 0.999816954 43.613777161
0.999828398 0.001135171 0.018496411 2.196564436 -0.001205738 0.999992013 0.003804476 -4.567828655 -0.018491946 -0.003826124 0.999821782 45.860595703
0.999824464 0.000759223 0.018721400 2.320056915 -0.000816598 0.999994993 0.003057255 -4.799543381 -0.018718980 -0.003072006 0.999820054 48.140113831
0.999826491 -0.001439266 0.018572213 2.457544804 0.001372904 0.999992609 0.003585409 -5.032592773 -0.018577239 -0.003559289 0.999821007 50.420761108
0.999798417 -0.001728097 0.020002203 2.582613468 0.001654446 0.999991775 0.003698166 -5.253459930 -0.020008426 -0.003664328 0.999793112 52.690284729
0.999790072 -0.002861886 0.020284876 2.719850540 0.002788304 0.999989390 0.003654785 -5.482177734 -0.020295121 -0.003597457 0.999787629 54.976440430
0.999762237 -0.003124006 0.021581301 2.846666336 0.003038455 0.999987364 0.003995783 -5.711255074 -0.021593517 -0.003929258 0.999759138 57.273159027
0.999737561 -0.004511955 0.022460703 2.983379126 0.004408847 0.999979496 0.004637995 -5.935870647 -0.022481170 -0.004537752 0.999736965 59.543266296
0.999693573 -0.006054214 0.024002071 3.107761383 0.005954611 0.999973357 0.004219112 -6.160946846 -0.024026975 -0.004074896 0.999702990 61.813976288
0.999675393 -0.006699950 0.024585281 3.260026932 0.006604569 0.999970376 0.003958694 -6.383755684 -0.024611074 -0.003795034 0.999689877 64.068801880
0.999642909 -0.006275305 0.025973814 3.398402691 0.006160913 0.999970913 0.004481879 -6.604913712 -0.026001183 -0.004320256 0.999652505 66.336326599
0.999628365 -0.005345063 0.026730807 3.548309326 0.005214380 0.999974132 0.004956131 -6.832694530 -0.026756605 -0.004814904 0.999630332 68.594451904
0.999586761 -0.005561876 0.028202936 3.685341597 0.005435232 0.999974787 0.004565109 -7.055862427 -0.028227616 -0.004409933 0.999591768 70.847717285
0.999570847 -0.006371378 0.028590498 3.847087145 0.006282627 0.999975145 0.003192995 -7.279048920 -0.028610134 -0.003012002 0.999586105 73.098701477
0.999551117 -0.007281821 0.029060438 4.000291348 0.007180572 0.999967813 0.003586875 -7.505686283 -0.029085621 -0.003376595 0.999571204 75.374053955
0.999513090 -0.008398867 0.030047575 4.164592266 0.008316325 0.999961376 0.002870971 -7.735121727 -0.030070521 -0.002619688 0.999544322 77.638099670
0.999489784 -0.009603400 0.030461250 4.314846516 0.009513488 0.999949872 0.003095268 -7.972205162 -0.030489458 -0.002803896 0.999531150 79.900596619
0.999459088 -0.009968665 0.031337865 4.465605736 0.009889084 0.999947488 0.002693401 -8.188531876 -0.031363066 -0.002382042 0.999505222 82.156494141
0.999449074 -0.009517604 0.031795584 4.640747070 0.009446789 0.999952495 0.002376741 -8.416061401 -0.031816699 -0.002075066 0.999491513 84.434638977
0.999408066 -0.009259435 0.033131160 4.799606323 0.009167182 0.999953687 0.002935291 -8.636190414 -0.033156805 -0.002629834 0.999446690 86.693809509
0.999387324 -0.008797175 0.033874661 4.962660789 0.008648592 0.999952257 0.004530307 -8.873271942 -0.033912890 -0.004234564 0.999415815 88.968177795
0.999357700 -0.007815634 0.034971301 5.122105598 0.007634417 0.999956727 0.005312415 -9.101156235 -0.035011303 -0.005042017 0.999374211 91.221450806
0.999329329 -0.007722936 0.035797987 5.292982101 0.007546257 0.999958694 0.005067943 -9.321635246 -0.035835642 -0.004794402 0.999346197 93.477989197
0.999306798 -0.007780831 0.036405589 5.460170746 0.007620641 0.999960661 0.004536851 -9.539740562 -0.036439460 -0.004256273 0.999326825 95.733726501
0.999271035 -0.008214545 0.037280381 5.630182266 0.008039100 0.999955893 0.004853504 -9.760729790 -0.037318613 -0.004550266 0.999292970 97.984443665
0.999241769 -0.007826396 0.038139656 5.795583725 0.007664565 0.999960959 0.004387529 -9.992846489 -0.038172513 -0.004091878 0.999262750 100.236763000
0.999186277 -0.007860333 0.039558541 5.955370426 0.007649132 0.999955714 0.005487438 -10.210334778 -0.039599922 -0.005180384 0.999202192 102.470314026
0.999182165 -0.007971186 0.039640989 6.159407616 0.007761832 0.999955118 0.005432356 -10.436747551 -0.039682508 -0.005120226 0.999199331 104.747215271
0.999144077 -0.009020446 0.040368557 6.337711334 0.008778004 0.999942303 0.006178997 -10.653010368 -0.040421959 -0.005819352 0.999165773 106.983039856
0.999111831 -0.010386177 0.040837724 6.523862839 0.010132589 0.999928057 0.006411718 -10.869863510 -0.040901393 -0.005992230 0.999145150 109.236442566
0.999076009 -0.011509074 0.041407283 6.709197044 0.011218238 0.999910653 0.007249305 -11.093121529 -0.041487023 -0.006778089 0.999116004 111.496177673
0.999054849 -0.012227824 0.041711800 6.901120186 0.011995760 0.999911189 0.005809273 -11.313075066 -0.041779127 -0.005303418 0.999112785 113.764289856
0.999001145 -0.012710858 0.042839240 7.082565308 0.012510034 0.999909461 0.004952673 -11.532459259 -0.042898312 -0.004411804 0.999069691 116.017791748
0.998961329 -0.012901063 0.043701526 7.268319130 0.012678045 0.999905169 0.005376563 -11.757403374 -0.043766744 -0.004816929 0.999030173 118.268348694
0.998915851 -0.013123509 0.044664193 7.459608078 0.012860324 0.999898255 0.006174784 -11.979866982 -0.044740684 -0.005593693 0.998982966 120.532676697
0.998900235 -0.013761809 0.044822495 7.666028023 0.013460146 0.999884725 0.007025060 -12.205023766 -0.044914003 -0.006414017 0.998970270 122.736618042
0.998835266 -0.014485028 0.046023812 7.864686966 0.014206527 0.999878764 0.006372584 -12.431296349 -0.046110526 -0.005711324 0.998920023 125.061164856
0.998800278 -0.015008351 0.046612836 8.048088074 0.014758058 0.999874771 0.005709111 -12.655212402 -0.046692677 -0.005014346 0.998896718 127.325363159
0.998782516 -0.016656866 0.046433471 8.240951538 0.016396904 0.999847651 0.005973927 -12.870260239 -0.046525907 -0.005205288 0.998903513 129.592788696
0.998811126 -0.017645368 0.045441415 8.434944153 0.017382957 0.999829888 0.006163438 -13.087157249 -0.045542438 -0.005366203 0.998948097 131.842834473
0.998871386 -0.017827423 0.044022668 8.634738922 0.017513275 0.999818385 0.007511514 -13.305297852 -0.044148587 -0.006732055 0.999002337 134.079513550
0.998907447 -0.018932499 0.042724039 8.815917015 0.018642554 0.999800444 0.007174711 -13.529408455 -0.042851351 -0.006370387 0.999061286 136.333297729
0.998978019 -0.019853862 0.040603954 9.024833679 0.019591849 0.999784708 0.006840508 -13.744825363 -0.040731024 -0.006038011 0.999151945 138.559753418
0.998943925 -0.020573143 0.041082460 9.187196732 0.020302769 0.999769449 0.006987700 -13.964942932 -0.041216746 -0.006146232 0.999131322 140.852127075
0.998912692 -0.020973479 0.041637387 9.353643417 0.020704273 0.999761879 0.006886315 -14.168134689 -0.041771907 -0.006016755 0.999109030 143.085861206
0.998983085 -0.021425644 0.039669283 9.565804482 0.021105057 0.999741197 0.008482769 -14.400541306 -0.039840769 -0.007636921 0.999176800 145.309906006
0.999010682 -0.020265117 0.039584409 9.744709015 0.019991642 0.999773562 0.007292336 -14.612607956 -0.039723225 -0.006493764 0.999189615 147.567993164
0.999023855 -0.019075483 0.039842814 9.922086716 0.018857803 0.999805272 0.005832032 -14.828972816 -0.039946306 -0.005074992 0.999188960 149.827926636
0.999038398 -0.017840706 0.040049307 10.105890274 0.017665422 0.999832749 0.004726396 -15.048215866 -0.040126931 -0.004014364 0.999186516 152.075698853
0.999046564 -0.017108383 0.040163945 10.292852402 0.016923947 0.999844551 0.004927573 -15.267336845 -0.040242001 -0.004243143 0.999180913 154.315139771
0.999026000 -0.016470755 0.040937886 10.480247498 0.016269175 0.999853790 0.005252379 -15.484940529 -0.041018412 -0.004581237 0.999147832 156.574890137
0.999035299 -0.014923615 0.041299623 10.651332855 0.014654207 0.999869287 0.006818336 -15.707032204 -0.041395981 -0.006206545 0.999123514 158.822586060
0.998982370 -0.014362585 0.042755224 10.834518433 0.014044710 0.999871492 0.007725929 -15.922870636 -0.042860694 -0.007117582 0.999055684 161.064529419
0.998961866 -0.013106593 0.043628387 11.009986877 0.012699259 0.999873221 0.009600601 -16.142074585 -0.043748677 -0.009036584 0.999001801 163.347198486
0.998924434 -0.012681012 0.044599045 11.194440842 0.012303398 0.999886215 0.008731215 -16.344316483 -0.044704687 -0.008173105 0.998966813 165.611068726
0.998878837 -0.012092803 0.045770708 11.388532639 0.011762314 0.999902844 0.007482962 -16.556192398 -0.045856752 -0.006936201 0.998923898 167.844757080
0.998828113 -0.010284730 0.047293399 11.588802338 0.009934253 0.999921441 0.007639831 -16.777275085 -0.047368255 -0.007161053 0.998851836 170.109176636
0.998715818 -0.009595936 0.049746159 11.783817291 0.009222648 0.999927580 0.007728012 -16.990114212 -0.049816713 -0.007259296 0.998731911 172.359954834
0.998584330 -0.009889076 0.052263450 11.984533310 0.009506964 0.999926269 0.007554811 -17.205936432 -0.052334309 -0.007047251 0.998604715 174.634841919
0.998504400 -0.009768196 0.053790838 12.199218750 0.009341112 0.999922872 0.008185404 -17.424327850 -0.053866636 -0.007670696 0.998518646 176.882232666
0.998439789 -0.010138822 0.054911714 12.399786949 0.009669197 0.999914467 0.008811347 -17.632160187 -0.054996353 -0.008266645 0.998452365 179.106674194
0.998419285 -0.011511519 0.055012990 12.611279488 0.011038293 0.999899447 0.008898264 -17.858011246 -0.055109892 -0.008276950 0.998445988 181.381286621
0.998382866 -0.012372683 0.055484112 12.815687180 0.011913738 0.999892116 0.008594777 -18.068372726 -0.055584468 -0.007919854 0.998422623 183.626403809
0.998469412 -0.013860206 0.053542029 13.052506447 0.013420628 0.999873281 0.008560850 -18.290454865 -0.053653900 -0.007829180 0.998528898 185.855041504
0.998465657 -0.015654325 0.053114403 13.264585495 0.015178271 0.999841034 0.009354398 -18.502639771 -0.053252403 -0.008533862 0.998544633 188.106094360
0.998477161 -0.016306287 0.052700892 13.471473694 0.015855692 0.999834180 0.008956829 -18.710620880 -0.052838214 -0.008107581 0.998570263 190.346710205
0.998433292 -0.017492682 0.053148746 13.674315453 0.017037928 0.999814332 0.008997345 -18.933790207 -0.053296268 -0.008077705 0.998546064 192.590789795
0.998388112 -0.018427189 0.053679951 13.866280556 0.017977094 0.999799132 0.008855582 -19.142772675 -0.053832356 -0.007876298 0.998518884 194.828125000
0.998424947 -0.018159213 0.053082246 14.100298882 0.017723000 0.999805272 0.008676870 -19.366264343 -0.053229477 -0.007722427 0.998552442 197.088958740
0.998433113 -0.016210563 0.053558450 14.315120697 0.015777621 0.999839306 0.008496551 -19.576463699 -0.053687587 -0.007638213 0.998528540 199.323516846
0.998456120 -0.014149652 0.053714037 14.522130966 0.013711064 0.999869645 0.008525029 -19.803861618 -0.053827669 -0.007775391 0.998519957 201.603988647
0.998431861 -0.013787603 0.054257989 14.736611366 0.013395679 0.999881506 0.007580436 -20.016510010 -0.054356080 -0.006841726 0.998498201 203.866989136
0.998396993 -0.014022218 0.054834124 14.941804886 0.013583787 0.999872804 0.008360145 -20.226875305 -0.054944370 -0.007601887 0.998460531 206.090408325
0.998375833 -0.015590050 0.054795917 15.178562164 0.015137175 0.999847710 0.008670191 -20.455980301 -0.054922748 -0.007826654 0.998459876 208.358078003
0.998315513 -0.015410104 0.055933498 15.388240814 0.014934414 0.999848664 0.008912654 -20.659248352 -0.056062385 -0.008062307 0.998394728 210.600143433
0.998235822 -0.015503712 0.057313956 15.603892326 0.014933357 0.999834716 0.010366329 -20.893356323 -0.057465203 -0.009492152 0.998302400 212.879394531
0.998161376 -0.014022389 0.058967717 15.844110489 0.013421956 0.999854088 0.010566222 -21.102418900 -0.059107266 -0.009755332 0.998204052 215.119567871
0.997997403 -0.012338426 0.062040236 16.070281982 0.011680949 0.999871790 0.010949158 -21.323171616 -0.062167373 -0.010202542 0.998013616 217.407546997
0.997864127 -0.012206802 0.064174660 16.300083160 0.011506544 0.999870300 0.011270035 -21.529766083 -0.064303897 -0.010507534 0.997875035 219.653228760
0.997731388 -0.013581086 0.065936729 16.538022995 0.012841202 0.999849856 0.011632028 -21.732112885 -0.066084817 -0.010758934 0.997756004 221.890441895
0.997617662 -0.015063200 0.067320496 16.774311066 0.014260379 0.999821544 0.012390060 -21.935134888 -0.067495100 -0.011400526 0.997654498 224.126785278
0.997551799 -0.017154949 0.067794710 17.027214050 0.016386233 0.999795198 0.011878769 -22.148786545 -0.067984603 -0.010738787 0.997628570 226.361877441
0.997515321 -0.018218214 0.068053633 17.270038605 0.017476773 0.999781430 0.011474528 -22.349689484 -0.068247803 -0.010256662 0.997615695 228.610824585
0.997470975 -0.018449638 0.068638422 17.513170242 0.017687172 0.999775231 0.011699724 -22.554164886 -0.068838842 -0.010456116 0.997572958 230.850418091
0.997416496 -0.019719195 0.069075949 17.760919571 0.019024592 0.999761879 0.010699140 -22.760938644 -0.069270454 -0.009357358 0.997554004 233.099441528
0.997367799 -0.020627113 0.069511965 18.004480362 0.019864790 0.999734879 0.011640326 -22.961296082 -0.069733657 -0.010228846 0.997513175 235.335861206
0.997372091 -0.020320272 0.069541521 18.280391693 0.019533049 0.999737442 0.011981579 -23.171566010 -0.069766745 -0.010591737 0.997507095 237.602005005
0.997336507 -0.020356366 0.070039332 18.524599075 0.019574678 0.999738395 0.011829081 -23.369630814 -0.070261806 -0.010426575 0.997474074 239.833007812
0.997305453 -0.020626359 0.070401490 18.774921417 0.019814136 0.999729037 0.012216034 -23.575969696 -0.070634395 -0.010788174 0.997443855 242.063079834
0.997248650 -0.021006562 0.071090207 19.020605087 0.020176603 0.999719858 0.012372836 -23.779249191 -0.071330182 -0.010904438 0.997393131 244.314071655
0.997213364 -0.021340860 0.071484558 19.270957947 0.020555096 0.999720097 0.011709735 -23.990280151 -0.071714446 -0.010207733 0.997372985 246.547424316
0.997234225 -0.020769689 0.071360178 19.533683777 0.020052115 0.999741077 0.010757480 -24.194168091 -0.071565144 -0.009296805 0.997392535 248.788970947
0.997203887 -0.021270158 0.071638063 19.788959503 0.020496208 0.999723554 0.011521501 -24.404716492 -0.071863323 -0.010020975 0.997364163 251.027633667
0.997166693 -0.022514110 0.071774818 20.043460846 0.021740846 0.999697089 0.011536625 -24.611293793 -0.072012812 -0.009943495 0.997354150 253.248825073
0.997163653 -0.022379452 0.071859106 20.307609558 0.021554347 0.999692798 0.012237384 -24.816276550 -0.072110884 -0.010653798 0.997339666 255.506072998
0.997132719 -0.023213709 0.072024614 20.551870346 0.022375328 0.999672413 0.012425403 -25.020433426 -0.072289467 -0.010778200 0.997325420 257.723815918
0.997084320 -0.023720201 0.072527416 20.813535690 0.022825122 0.999653041 0.013145346 -25.231088638 -0.072814055 -0.011451572 0.997279882 259.995269775
0.997054935 -0.023484582 0.073006071 21.072263718 0.022624562 0.999664783 0.012585011 -25.430244446 -0.073277153 -0.010896218 0.997252107 262.235961914
0.997042418 -0.023467524 0.073182568 21.338678360 0.022641553 0.999670565 0.012095826 -25.631351471 -0.073442325 -0.010403085 0.997245133 264.489624023
0.997030675 -0.022572845 0.073622487 21.606403351 0.021779222 0.999695897 0.011564826 -25.838010788 -0.073861159 -0.009927048 0.997219086 266.730590820
0.996979058 -0.022001468 0.074489899 21.867099762 0.021181654 0.999706268 0.011777978 -26.040496826 -0.074727155 -0.010164579 0.997152209 268.972564697
0.996823072 -0.021559233 0.076673433 22.116691589 0.020737784 0.999718904 0.011493753 -26.252515793 -0.076899670 -0.009867202 0.996990025 271.212921143
0.996735156 -0.022483243 0.077547498 22.395114899 0.021589054 0.999690711 0.012350076 -26.467472076 -0.077801190 -0.010635576 0.996912241 273.464752197
0.996534407 -0.022896504 0.079967991 22.642515182 0.021962339 0.999680102 0.012541873 -26.660593033 -0.080229573 -0.010742124 0.996718526 275.703643799
0.996426582 -0.022889355 0.081301913 22.921653748 0.021862337 0.999669850 0.013500034 -26.853303909 -0.081584081 -0.011674342 0.996598065 277.944213867
0.996358633 -0.021979811 0.082379624 23.211925507 0.020791024 0.999667346 0.015260854 -27.072553635 -0.082687676 -0.013492527 0.996484101 280.209716797
0.996258616 -0.021742791 0.083643347 23.494857788 0.020421514 0.999653280 0.016619910 -27.277931213 -0.083975732 -0.014849602 0.996357143 282.445800781
0.996175349 -0.020973623 0.084821843 23.773231506 0.019671911 0.999676108 0.016153283 -27.462663651 -0.085133150 -0.014422895 0.996265173 284.690368652
0.996079803 -0.019914897 0.086188033 24.042112350 0.018648520 0.999706388 0.015473587 -27.653493881 -0.086470895 -0.013805648 0.996158659 286.912017822
0.996059775 -0.019270839 0.086565465 24.336505890 0.018134067 0.999738872 0.013899247 -27.836067200 -0.086810730 -0.012274698 0.996149123 289.170166016
0.995988250 -0.020069752 0.087204933 24.612466812 0.018893270 0.999719203 0.014295571 -28.041057587 -0.087467358 -0.012590632 0.996087790 291.396606445
0.995971620 -0.020180240 0.087368838 24.890182495 0.019130962 0.999734581 0.012830533 -28.229557037 -0.087604575 -0.011107394 0.996093392 293.644683838
0.995987296 -0.020830432 0.087035976 25.177726746 0.019870853 0.999732018 0.011877024 -28.428043365 -0.087260053 -0.010099885 0.996134281 295.875366211
0.995969653 -0.020957801 0.087207109 25.461593628 0.020024033 0.999732435 0.011568657 -28.628364563 -0.087426238 -0.009775795 0.996123016 298.109436035
0.995976806 -0.020338187 0.087272443 25.747346878 0.019379877 0.999742329 0.011814011 -28.829010010 -0.087490238 -0.010075151 0.996114433 300.347320557
0.995919883 -0.020048456 0.087986819 26.013620377 0.018979084 0.999735713 0.012973647 -29.041831970 -0.088223651 -0.011250803 0.996037126 302.573425293
0.995920479 -0.020447901 0.087887995 26.305612564 0.019362912 0.999725580 0.013180055 -29.243289948 -0.088133380 -0.011424517 0.996043146 304.820037842
0.995884418 -0.019838689 0.088434182 26.592521667 0.018736215 0.999736249 0.013279400 -29.442861557 -0.088674307 -0.011567825 0.995993495 307.068481445
0.995875478 -0.020568606 0.088368654 26.880731583 0.019452803 0.999720037 0.013469459 -29.654006958 -0.088620976 -0.011694886 0.995996773 309.323547363
0.995827734 -0.021947436 0.088573866 27.171026230 0.020804189 0.999688148 0.013810015 -29.852722168 -0.088849351 -0.011909689 0.995973885 311.580139160
0.995791912 -0.021795277 0.089013956 27.460548401 0.020700805 0.999698699 0.013200297 -30.056140900 -0.089274839 -0.011302087 0.995942831 313.821685791
0.995811582 -0.021516731 0.088862509 27.756767273 0.020357743 0.999695837 0.013928377 -30.260896683 -0.089135170 -0.012060998 0.995946527 316.069122314
0.995770574 -0.020008344 0.089669801 28.046020508 0.018901946 0.999734521 0.013170917 -30.464601517 -0.089909539 -0.011420276 0.995884418 318.318450928
0.995762348 -0.018179059 0.090149261 28.332078934 0.016995713 0.999759257 0.013876908 -30.667135239 -0.090379812 -0.012285949 0.995831609 320.564605713
0.995701849 -0.017067926 0.091030084 28.615539551 0.015883522 0.999779642 0.013719762 -30.872661591 -0.091244206 -0.012214915 0.995753646 322.794799805
0.995664120 -0.016669927 0.091515273 28.901153564 0.015440417 0.999781013 0.014126692 -31.068029404 -0.091730736 -0.012652406 0.995703459 325.034210205
0.995663166 -0.016321132 0.091588877 29.200605392 0.014949406 0.999765873 0.015643148 -31.278211594 -0.091822766 -0.014206110 0.995674014 327.264770508
0.995623171 -0.016720930 0.091950744 29.487468719 0.015354622 0.999761224 0.015546589 -31.480316162 -0.092188738 -0.014066676 0.995642126 329.510894775
0.995631576 -0.017901218 0.091636553 29.792348862 0.016613960 0.999752522 0.014791149 -31.677274704 -0.091878660 -0.013204088 0.995682657 331.744903564
0.995611012 -0.017818028 0.091876090 30.077796936 0.016543753 0.999756336 0.014612542 -31.876853943 -0.092114061 -0.013028431 0.995663345 333.958160400
0.995590866 -0.018059051 0.092047036 30.370216370 0.016678784 0.999736965 0.015742533 -32.074127197 -0.092307128 -0.014137888 0.995630145 336.188140869
0.995636344 -0.018541489 0.091457181 30.678697586 0.017159780 0.999726713 0.015871042 -32.270721436 -0.091726452 -0.014232401 0.995682657 338.423736572
0.995635390 -0.018499954 0.091477513 30.966068268 0.017071003 0.999720037 0.016378729 -32.472324371 -0.091754928 -0.014745626 0.995672464 340.660125732
0.995679200 -0.018448716 0.091008045 31.269931793 0.017055009 0.999725401 0.016068131 -32.670520782 -0.091279484 -0.014446561 0.995720506 342.915496826
0.995698571 -0.018700544 0.090745129 31.563737869 0.017263738 0.999713242 0.016592624 -32.865715027 -0.091029391 -0.014954649 0.995736003 345.160125732
0.995720327 -0.018537896 0.090539083 31.854681015 0.017090157 0.999713957 0.016739419 -33.057983398 -0.090823486 -0.015120453 0.995752215 347.399139404
0.995763898 -0.018421048 0.090083160 32.146068573 0.016978165 0.999715388 0.016757464 -33.251869202 -0.090366222 -0.015157031 0.995793223 349.642700195
0.995764136 -0.018014487 0.090161569 32.433895111 0.016538896 0.999717176 0.017086573 -33.447631836 -0.090443887 -0.015523022 0.995780587 351.884429932
0.995790124 -0.018245310 0.089828253 32.720355988 0.016745664 0.999707937 0.017420068 -33.638137817 -0.090119854 -0.015842495 0.995804906 354.108551025
0.995809615 -0.018023590 0.089656979 33.006885529 0.016565574 0.999718606 0.016979849 -33.832817078 -0.089937791 -0.015423479 0.995827913 356.349700928
0.995853186 -0.018159823 0.089143448 33.298141479 0.016686585 0.999712050 0.017244188 -34.022857666 -0.089430921 -0.015685178 0.995869517 358.581237793
0.995924056 -0.017631745 0.088455297 33.594551086 0.016082799 0.999705076 0.018193338 -34.219039917 -0.088749997 -0.016696572 0.995913982 360.821350098
0.995953560 -0.017674614 0.088115662 33.886306763 0.016130334 0.999704063 0.018207014 -34.413280487 -0.088411383 -0.016712008 0.995943844 363.062255859
0.996016502 -0.017673306 0.087399475 34.182170868 0.016099200 0.999695837 0.018682707 -34.605278015 -0.087703086 -0.017201224 0.995998144 365.306457520
0.996059656 -0.017615233 0.086918890 34.472755432 0.016108029 0.999707997 0.018011460 -34.797992706 -0.087210774 -0.016540397 0.996052563 367.572906494
0.996074498 -0.018225115 0.086622581 34.756568909 0.016723488 0.999697685 0.018029546 -34.993721008 -0.086924970 -0.016510144 0.996077955 369.816619873
0.996060312 -0.017778683 0.086878344 35.035037994 0.016342195 0.999718189 0.017217942 -35.180210114 -0.087159984 -0.015730325 0.996070027 372.078186035
0.996158123 -0.018045323 0.085693650 35.333496094 0.016637182 0.999715030 0.017118147 -35.378551483 -0.085978143 -0.015626678 0.996174395 374.310760498
0.996232927 -0.018076498 0.084813081 35.625511169 0.016629124 0.999704361 0.017741058 -35.569297791 -0.085108705 -0.016263857 0.996238887 376.557861328
0.996172488 -0.017625766 0.085613415 35.897495270 0.016115140 0.999702513 0.018303961 -35.764274597 -0.085910589 -0.016854228 0.996160269 378.822265625
0.996156454 -0.018309958 0.085656799 36.180397034 0.016770614 0.999685407 0.018656302 -35.961177826 -0.085971452 -0.017148079 0.996150017 381.066528320
0.996172965 -0.018211190 0.085485868 36.469692230 0.016663790 0.999684751 0.018780084 -36.147369385 -0.085800923 -0.017283691 0.996162295 383.320953369
0.996184051 -0.017211884 0.085563555 36.757301331 0.015643740 0.999697745 0.018964136 -36.340980530 -0.085864097 -0.017553234 0.996152341 385.579223633
0.996188521 -0.016271170 0.085696653 37.043338776 0.014711522 0.999714971 0.018799903 -36.523822784 -0.085978135 -0.017467516 0.996143878 387.848632812
0.996223927 -0.014760963 0.085557148 37.338569641 0.013183103 0.999732912 0.018977925 -36.723899841 -0.085814446 -0.017778354 0.996152461 390.124328613
0.996219397 -0.013687198 0.085787036 37.620903015 0.012121201 0.999750733 0.018748874 -36.913352966 -0.086022265 -0.017638151 0.996137083 392.404541016
0.996255994 -0.012374501 0.085561424 37.911918640 0.010675480 0.999737203 0.020286467 -37.104103088 -0.085789956 -0.019297106 0.996126354 394.669769287
0.996217728 -0.010909794 0.086206138 38.194107056 0.009152887 0.999742806 0.020749373 -37.297489166 -0.086410344 -0.019881852 0.996061206 396.927825928
0.996169508 -0.010712117 0.086783856 38.478004456 0.009059318 0.999770582 0.019416509 -37.494804382 -0.086971916 -0.018555935 0.996037960 399.193969727
0.996125519 -0.010196220 0.087349303 38.766445160 0.008594999 0.999788463 0.018687785 -37.685100555 -0.087521374 -0.017864611 0.996002495 401.472564697
0.996031702 -0.011828383 0.088209726 39.044273376 0.010120977 0.999753177 0.019778430 -37.871582031 -0.088421896 -0.018807175 0.995905519 403.733062744
0.995965898 -0.013350711 0.088734515 39.329963684 0.011524803 0.999711871 0.021057811 -38.063564301 -0.088990077 -0.019950213 0.995832682 405.984161377
0.995948911 -0.014360373 0.088767000 39.616615295 0.012540601 0.999700308 0.021024363 -38.250045776 -0.089042313 -0.019825999 0.995830476 408.242034912
0.995933354 -0.014201419 0.088966727 39.915809631 0.012477808 0.999724090 0.019899987 -38.435276031 -0.089224793 -0.018708950 0.995835781 410.506835938
0.995836318 -0.012474460 0.090301059 40.211048126 0.010678412 0.999735951 0.020345459 -38.633125305 -0.090531014 -0.019296471 0.995706797 412.776641846
0.995769143 -0.011209856 0.091202967 40.494647980 0.009421971 0.999755323 0.020010369 -38.821117401 -0.091404967 -0.019066397 0.995631218 415.018188477
0.995678961 -0.009873014 0.092336036 40.790512085 0.008044839 0.999764562 0.020150470 -39.007129669 -0.092513241 -0.019320570 0.995524108 417.285766602
0.995607972 -0.009802559 0.093104847 41.087898254 0.007972773 0.999768078 0.020004630 -39.196109772 -0.093279354 -0.019174466 0.995455325 419.535888672
0.995510697 -0.009784742 0.094141237 41.380477905 0.007940871 0.999769628 0.019940956 -39.381332397 -0.094314680 -0.019103874 0.995359123 421.789581299
0.995422602 -0.009922438 0.095054567 41.672866821 0.008076662 0.999771655 0.019783186 -39.573196411 -0.095229149 -0.018924903 0.995275438 424.046142578
0.995357573 -0.009960243 0.095728993 41.977008820 0.008000456 0.999750912 0.020834319 -39.761558533 -0.095912665 -0.019971719 0.995189369 426.317840576
0.995297849 -0.009357527 0.096408412 42.276382446 0.007334491 0.999745846 0.021317080 -39.947898865 -0.096583381 -0.020509737 0.995113492 428.571350098
0.995225251 -0.008682096 0.097218812 42.586551666 0.006554858 0.999732554 0.022179008 -40.133941650 -0.097385377 -0.021435853 0.995015860 430.852111816
0.995231867 -0.009503775 0.097073011 42.896053314 0.007379035 0.999725759 0.022223696 -40.324726105 -0.097257584 -0.021401424 0.995029092 433.128265381
0.995187283 -0.010318231 0.097446606 43.207515717 0.008240117 0.999730408 0.021704100 -40.518302917 -0.097644292 -0.020796675 0.995004058 435.388336182
0.995178998 -0.009525387 0.097611435 43.518035889 0.007411773 0.999730647 0.021993138 -40.692512512 -0.097794630 -0.021163639 0.994981527 437.657165527
0.995096445 -0.009931809 0.098408602 43.822254181 0.007754630 0.999717176 0.022481745 -40.881664276 -0.098604046 -0.021608381 0.994892120 439.937042236
0.995133996 -0.009984316 0.098023877 44.140548706 0.007789966 0.999710977 0.022743141 -41.064521790 -0.098222621 -0.021868868 0.994924128 442.210571289
0.995133400 -0.009114966 0.098114587 44.469280243 0.006825103 0.999696970 0.023649057 -41.260719299 -0.098300427 -0.022864321 0.994894087 444.509857178
0.995085359 -0.009867282 0.098527580 44.780994415 0.007550616 0.999686837 0.023858162 -41.443138123 -0.098732129 -0.022996964 0.994848311 446.783081055
0.995078921 -0.009741055 0.098604798 45.092998505 0.007473051 0.999699533 0.023344232 -41.626068115 -0.098802589 -0.022492476 0.994852841 449.050842285
0.995058954 -0.008863465 0.098889023 45.409400940 0.006617484 0.999713123 0.023017079 -41.814170837 -0.099064656 -0.022248955 0.994832218 451.316009521
0.995029330 -0.008256091 0.099239171 45.727523804 0.006029088 0.999723673 0.022719769 -42.002388000 -0.099399343 -0.022008512 0.994804204 453.584411621
0.994954824 -0.007860283 0.100015238 46.033432007 0.005598547 0.999722600 0.022874540 -42.179347992 -0.100167297 -0.022199189 0.994722843 455.856628418
0.994930267 -0.008170334 0.100234963 46.342952728 0.005921288 0.999724448 0.022714769 -42.372520447 -0.100392915 -0.022006094 0.994704485 458.127685547
0.994946063 -0.007258703 0.100147881 46.669879913 0.005084510 0.999746203 0.021948026 -42.557338715 -0.100281768 -0.021327902 0.994730413 460.420989990
0.994930387 -0.006486143 0.100356333 46.987033844 0.004249700 0.999738216 0.022482773 -42.744346619 -0.100475878 -0.021942312 0.994697511 462.700653076
0.994989097 -0.006113372 0.099796526 47.307632446 0.003794386 0.999718666 0.023410434 -42.924903870 -0.099911578 -0.022914462 0.994732440 464.970642090
0.994994879 -0.006167280 0.099735633 47.613876343 0.003795722 0.999705851 0.023950743 -43.105266571 -0.099854015 -0.023452299 0.994725645 467.233947754
0.995092809 -0.005889071 0.098771639 47.936519623 0.003669508 0.999736965 0.022638295 -43.285362244 -0.098878980 -0.022164762 0.994852602 469.518646240
0.995173216 -0.005838956 0.097959198 48.261463165 0.003680032 0.999746621 0.022205247 -43.473224640 -0.098064028 -0.021737574 0.994942665 471.814544678
0.995274425 -0.006455938 0.096886501 48.580387115 0.004210173 0.999718130 0.023365898 -43.664779663 -0.097010016 -0.022847570 0.995021105 474.093780518
0.995276272 -0.006384575 0.096872568 48.883777618 0.004146252 0.999720156 0.023289576 -43.847007751 -0.096994162 -0.022777906 0.995024264 476.366363525
0.995308995 -0.006318245 0.096539304 49.189952850 0.004126577 0.999729514 0.022885146 -44.017555237 -0.096657783 -0.022379417 0.995065987 478.674713135
0.995362639 -0.006157896 0.095996246 49.501300812 0.003910665 0.999714255 0.023580169 -44.201774597 -0.096114010 -0.023095410 0.995102346 480.952880859
0.995385408 -0.006557601 0.095733233 49.806640625 0.004280098 0.999703467 0.023976084 -44.383083344 -0.095862061 -0.023455700 0.995118260 483.223571777
0.995413482 -0.007063527 0.095404312 50.106296539 0.004838496 0.999711335 0.023533344 -44.568340302 -0.095543012 -0.022963796 0.995160401 485.488525391
0.995454431 -0.007149149 0.094970644 50.412448883 0.004881438 0.999697924 0.024088921 -44.756221771 -0.095114164 -0.023515835 0.995188534 487.774230957
0.995493174 -0.007118056 0.094565786 50.698532104 0.004876152 0.999702156 0.023917310 -44.932548523 -0.094707869 -0.023348397 0.995231271 490.040710449
0.995503724 -0.006814065 0.094476707 51.003673553 0.004517256 0.999689519 0.024503445 -45.111686707 -0.094614342 -0.023966495 0.995225489 492.346557617
0.995552063 -0.006028058 0.094019726 51.312141418 0.003714688 0.999686420 0.024760779 -45.288551331 -0.094139516 -0.024301393 0.995262384 494.633178711
0.995559037 -0.005619595 0.093970656 51.606788635 0.003368896 0.999704063 0.024092607 -45.465034485 -0.094078206 -0.023669034 0.995283365 496.935913086
0.995581567 -0.005235983 0.093754545 51.918315887 0.003020177 0.999713063 0.023760429 -45.655525208 -0.093852051 -0.023372293 0.995311737 499.246826172
0.995617151 -0.005275741 0.093373492 52.218482971 0.003001470 0.999695778 0.024480393 -45.837863922 -0.093474261 -0.024092842 0.995330155 501.538238525
0.995628238 -0.004964274 0.093271680 52.516796112 0.002654237 0.999687016 0.024874510 -46.024131775 -0.093365975 -0.024518199 0.995330036 503.814331055
0.995670676 -0.004068825 0.092861988 52.823387146 0.001828634 0.999705553 0.024196222 -46.207904816 -0.092933089 -0.023921661 0.995384872 506.103973389
0.995639384 -0.003769339 0.093209676 53.115650177 0.001456442 0.999689639 0.024869503 -46.390567780 -0.093274496 -0.024625299 0.995335817 508.394470215
0.995651543 -0.004551480 0.093044244 53.417705536 0.002333957 0.999710917 0.023927933 -46.575141907 -0.093126275 -0.023606719 0.995374441 510.689758301
0.995702446 -0.005260083 0.092460401 53.730407715 0.002980344 0.999688566 0.024777194 -46.763103485 -0.092561938 -0.024395149 0.995408058 512.986816406
0.995698273 -0.004998391 0.092519730 54.030658722 0.002705069 0.999686360 0.024896208 -46.943420410 -0.092615165 -0.024538843 0.995399535 515.295776367
0.995734930 -0.004412848 0.092154019 54.336223602 0.002166198 0.999698281 0.024465090 -47.121990204 -0.092234164 -0.024161123 0.995444119 517.603393555
0.995723248 -0.003301059 0.092327602 54.626880646 0.001067282 0.999705732 0.024232952 -47.306785583 -0.092380442 -0.024030773 0.995433748 519.893066406
0.995675147 -0.001984632 0.092882179 54.927520752 -0.000259400 0.999708474 0.024141677 -47.489395142 -0.092903003 -0.024061361 0.995384395 522.246887207
0.995522738 0.000172221 0.094522290 55.212490082 -0.002536269 0.999686956 0.024890911 -47.676685333 -0.094488420 -0.025019206 0.995211482 524.571166992
0.995547593 0.001097729 0.094253495 55.534927368 -0.003507402 0.999671221 0.025404030 -47.849315643 -0.094194598 -0.025621507 0.995224059 526.905029297
0.995472014 0.000541377 0.095053352 55.835067749 -0.002969157 0.999672890 0.025401656 -48.032554626 -0.095008507 -0.025568867 0.995148063 529.214294434
0.995426178 -0.001163475 0.095526628 56.140865326 -0.001391975 0.999643028 0.026680170 -48.211669922 -0.095523596 -0.026691107 0.995069206 531.524291992
0.995403230 -0.002918495 0.095727973 56.463195801 0.000387825 0.999650240 0.026444012 -48.390441895 -0.095771655 -0.026285332 0.995056152 533.843994141
0.995368242 -0.002938274 0.096091025 56.773014069 0.000471738 0.999670208 0.025681391 -48.568862915 -0.096134797 -0.025517117 0.995041132 536.154235840
0.995280564 -0.003372866 0.096979827 57.078514099 0.000889154 0.999670923 0.025642414 -48.756797791 -0.097034395 -0.025435172 0.994955957 538.461303711
0.995177448 -0.002658973 0.098054990 57.382343292 0.000190950 0.999683261 0.025170570 -48.943271637 -0.098090865 -0.025030464 0.994862616 540.784790039
0.995107710 -0.002142311 0.098772541 57.690528870 -0.000337442 0.999685347 0.025082169 -49.132705688 -0.098795168 -0.024992788 0.994793832 543.103393555
0.995020390 -0.002054167 0.099650361 58.002468109 -0.000360214 0.999706924 0.024204478 -49.317245483 -0.099670865 -0.024119843 0.994728208 545.420715332
0.994910359 -0.002113819 0.100742996 58.309360504 -0.000392045 0.999691188 0.024847541 -49.499549866 -0.100764416 -0.024760569 0.994602203 547.727539062
0.994726777 -0.001823393 0.102543958 58.608337402 -0.000820268 0.999668539 0.025732685 -49.685073853 -0.102556877 -0.025681106 0.994395494 550.055908203
0.994705856 -0.002053644 0.102741189 58.933700562 -0.000634226 0.999658585 0.026122058 -49.869438171 -0.102759741 -0.026048925 0.994365096 552.354309082
0.994767845 -0.003180165 0.102111369 59.273712158 0.000642274 0.999690294 0.024877418 -50.044395447 -0.102158837 -0.024681669 0.994461954 554.671813965
0.994760752 -0.003594133 0.102167360 59.603149414 0.001009759 0.999678493 0.025335964 -50.228462219 -0.102225594 -0.025100058 0.994444489 556.986816406
0.994696796 -0.003076744 0.102805860 59.921775818 0.000404636 0.999661803 0.026002543 -50.413002014 -0.102851093 -0.025823044 0.994361520 559.294189453
0.994642794 -0.002450253 0.103342421 60.246891022 -0.000362595 0.999630153 0.027191160 -50.595077515 -0.103370816 -0.027082957 0.994274080 561.627014160
0.994629502 -0.003226266 0.103448801 60.578567505 0.000317211 0.999604344 0.028124852 -50.778999329 -0.103498600 -0.027940994 0.994237065 563.955322266
0.994596541 -0.002412860 0.103787713 60.910739899 -0.000595189 0.999580920 0.028941985 -50.953605652 -0.103814051 -0.028847368 0.994178295 566.268188477
0.994544804 -0.001511188 0.104299299 61.244640350 -0.001427571 0.999604225 0.028095815 -51.130500793 -0.104300484 -0.028091440 0.994148970 568.584960938
0.994552255 -0.000493262 0.104237877 61.590526581 -0.002299886 0.999641478 0.026674014 -51.305023193 -0.104213677 -0.026768431 0.994194627 570.916259766
0.994549334 -0.000140881 0.104266487 61.934394836 -0.002671665 0.999636292 0.026834441 -51.485126495 -0.104232356 -0.026966739 0.994187295 573.242980957
0.994526327 0.000150677 0.104486741 62.274639130 -0.003031281 0.999619603 0.027410835 -51.659057617 -0.104442880 -0.027577527 0.994148374 575.556518555
0.994489133 -0.000302169 0.104839303 62.605010986 -0.002737351 0.999580085 0.028847076 -51.850715637 -0.104804009 -0.028975090 0.994070709 577.894592285
0.994392753 0.000515093 0.105748065 62.930248260 -0.003415000 0.999623001 0.027243556 -52.023029327 -0.105694160 -0.027451929 0.994019628 580.224487305
0.994468212 -0.000843577 0.105034828 63.269069672 -0.002164316 0.999590814 0.028519830 -52.216743469 -0.105015919 -0.028589392 0.994059503 582.525146484
0.994443834 -0.001181660 0.105262615 63.603996277 -0.001911270 0.999569416 0.029277269 -52.397018433 -0.105251893 -0.029315783 0.994013429 584.850158691
0.994497180 -0.002067402 0.104742706 63.957317352 -0.001014805 0.999568224 0.029364625 -52.575340271 -0.104758173 -0.029309329 0.994065881 587.212585449
0.994495273 -0.003028902 0.104737878 64.292213440 0.000060815 0.999598742 0.028329827 -52.746711731 -0.104781650 -0.028167509 0.994096279 589.542663574
0.994512022 -0.003500517 0.104563639 64.628913879 0.000533139 0.999596715 0.028393148 -52.922821045 -0.104620874 -0.028181583 0.994112790 591.877929688
0.994504035 -0.005379168 0.104559809 64.960830688 0.002369988 0.999580026 0.028882479 -53.101024628 -0.104671277 -0.028475940 0.994099140 594.204833984
0.994518757 -0.005538750 0.104410976 65.304206848 0.002488727 0.999566972 0.029319387 -53.279125214 -0.104528166 -0.028898828 0.994101942 596.553588867
