1.000000000 0.000000000 0.000000000 0.000000000 0.000000000 1.000000000 0.000000000 0.000000000 0.000000000 0.000000000 1.000000000 0.000000000
0.999999881 0.000062162 0.000431847 0.086802252 -0.000062116 1.000000000 -0.000106543 -0.227431804 -0.000431853 0.000106516 0.999999881 2.287082672
0.999999344 0.000379652 0.001166293 0.165542603 -0.000380197 0.999999821 0.000467368 -0.465412796 -0.001166115 -0.000467811 0.999999225 4.580109119
0.999998510 -0.000073299 0.001702360 0.263289958 0.000072389 0.999999881 0.000534682 -0.695571005 -0.001702399 -0.000534558 0.999998391 6.867162228
0.999996603 -0.000328315 0.002572664 0.357660234 0.000331749 0.999999046 -0.001334507 -0.925639629 -0.002572224 0.001335356 0.999995828 9.158900261
0.999987781 0.001459353 0.004741038 0.448144585 -0.001460102 0.999998868 0.000154593 -1.163006783 -0.004740807 -0.000161513 0.999988735 11.466012955
0.999974072 0.002897136 0.006588802 0.563910902 -0.002904607 0.999995172 0.001124645 -1.395831466 -0.006585511 -0.001143754 0.999977589 13.745155334
0.999956608 0.002757593 0.008905632 0.670014620 -0.002790682 0.999989271 0.003705214 -1.625077486 -0.008895319 -0.003729905 0.999953449 16.017240524
0.999948442 0.003378354 0.009570982 0.768071055 -0.003429695 0.999979794 0.005352863 -1.854316115 -0.009552706 -0.005385412 0.999939859 18.299446106
0.999935150 0.002387710 0.011135913 0.876134038 -0.002447068 0.999982834 0.005319727 -2.076122999 -0.011123019 -0.005346633 0.999923885 20.584093094
0.999931455 0.000123744 0.011709591 0.987852573 -0.000158745 0.999995530 0.002988149 -2.300644398 -0.011709171 -0.002989802 0.999926984 22.884422302
0.999918938 -0.002125172 0.012556729 1.095170617 0.002114044 0.999997318 0.000899413 -2.519034386 -0.012558607 -0.000872794 0.999920726 25.166749954
0.999915242 -0.002820550 0.012708541 1.221350789 0.002814062 0.999995828 0.000528336 -2.768774271 -0.012709977 -0.000492528 0.999919116 27.459239960
0.999894798 -0.002364909 0.014310292 1.318644524 0.002374904 0.999997020 -0.000681562 -2.991338491 -0.014308636 0.000715476 0.999897361 29.744503021
0.999895990 -0.000517928 0.014414636 1.450789928 0.000480853 0.999996662 0.002575344 -3.227354050 -0.014415922 -0.002568146 0.999892712 32.018527985
0.999899507 0.001393255 0.014106620 1.583585382 -0.001462225 0.999986947 0.004880085 -3.447105169 -0.014099640 -0.004900222 0.999888599 34.297786713
0.999872088 0.003517702 0.015603282 1.702755451 -0.003645338 0.999960005 0.008159215 -3.670010090 -0.015573957 -0.008215049 0.999844968 36.628898621
0.999858201 0.005422758 0.015939211 1.823591113 -0.005545791 0.999955058 0.007684839 -3.886887074 -0.015896823 -0.007772145 0.999843359 38.898952484
0.999815881 0.004421925 0.018667502 1.917091966 -0.004538434 0.999970376 0.006203550 -4.093170643 -0.018639518 -0.006287130 0.999806523 41.205345154
0.999824464 0.001984644 0.018632602 2.044486046 -0.002089963 0.999981880 0.005634619 -4.321195126 -0.018621087 -0.005672571 0.999810517 43.482463837
0.999820054 0.001684191 0.018894680 2.170979261 -0.001759724 0.999990523 0.003981692 -4.544664383 -0.018887796 -0.004014225 0.999813557 45.760135651
0.999821126 0.000900021 0.018898098 2.299819231 -0.000958296 0.999994814 0.003074778 -4.773714066 -0.018895231 -0.003092338 0.999816835 48.031230927
0.999818563 -0.000512494 0.019040998 2.435770512 0.000451077 0.999994695 0.003229672 -4.999212265 -0.019042550 -0.003220496 0.999813616 50.312477112
0.999797583 -0.001415565 0.020068493 2.564947605 0.001343316 0.999992549 0.003613167 -5.224673748 -0.020073462 -0.003585477 0.999792099 52.579631805
0.999790072 -0.002599152 0.020323617 2.702441216 0.002523281 0.999989688 0.003757895 -5.456185818 -0.020333176 -0.003705824 0.999786377 54.863876343
0.999752700 -0.002967792 0.022038309 2.824700117 0.002884490 0.999988556 0.003810668 -5.682010174 -0.022049366 -0.003746156 0.999749839 57.159595490
0.999734759 -0.004259611 0.022634193 2.966052532 0.004158644 0.999981225 0.004506077 -5.909582138 -0.022652959 -0.004410755 0.999733627 59.428951263
0.999698400 -0.005604467 0.023906611 3.098163128 0.005508904 0.999976575 0.004061326 -6.135485172 -0.023928810 -0.003928402 0.999705911 61.691707611
0.999681592 -0.006614590 0.024356365 3.250787735 0.006523388 0.999971390 0.003821998 -6.359154224 -0.024380950 -0.003661894 0.999696136 63.942119598
0.999642909 -0.005868158 0.026069608 3.386380434 0.005753448 0.999973416 0.004473002 -6.582242966 -0.026095167 -0.004321414 0.999650061 66.217185974
0.999622107 -0.004933734 0.027041316 3.536666393 0.004804902 0.999976754 0.004827234 -6.809347153 -0.027064506 -0.004695481 0.999622583 68.471130371
0.999578357 -0.005142003 0.028577741 3.675236702 0.005015746 0.999977291 0.004487962 -7.033904552 -0.028600171 -0.004342731 0.999581516 70.724655151
0.999568343 -0.005962345 0.028767403 3.840157032 0.005869719 0.999977291 0.003303193 -7.259015083 -0.028786443 -0.003132910 0.999580622 72.973869324
0.999557078 -0.006912695 0.028945971 4.003812790 0.006809676 0.999970257 0.003656066 -7.484945774 -0.028970381 -0.003457334 0.999574244 75.251411438
0.999510288 -0.008044809 0.030243209 4.163991451 0.007954503 0.999963582 0.003105131 -7.716145515 -0.030267084 -0.002863040 0.999537826 77.517730713
0.999489009 -0.008924115 0.030693235 4.314038754 0.008830757 0.999955952 0.003175815 -7.943601608 -0.030720225 -0.002903149 0.999523818 79.740219116
0.999456704 -0.009355625 0.031602092 4.464157104 0.009274107 0.999953270 0.002725091 -8.159951210 -0.031626105 -0.002430529 0.999496877 81.995445251
0.999447703 -0.008672128 0.032077968 4.638294220 0.008588295 0.999959350 0.002750324 -8.390975952 -0.032100510 -0.002473309 0.999481559 84.260917664
0.999393046 -0.008377809 0.033813085 4.795647144 0.008272555 0.999960601 0.003251538 -8.610512733 -0.033838991 -0.002969844 0.999422848 86.511245728
0.999395967 -0.008056316 0.033804867 4.965923309 0.007913363 0.999959171 0.004360477 -8.843184471 -0.033838619 -0.004090334 0.999418914 88.782325745
0.999363065 -0.006805458 0.035029739 5.126657486 0.006632052 0.999965191 0.005064062 -9.072750092 -0.035062980 -0.004828516 0.999373436 91.035919189
0.999337554 -0.006565064 0.035795998 5.295444012 0.006391717 0.999967277 0.004954905 -9.294629097 -0.035827361 -0.004722826 0.999346793 93.285705566
0.999321342 -0.006632334 0.036232769 5.466828823 0.006479663 0.999969602 0.004329431 -9.511651039 -0.036260385 -0.004091716 0.999333978 95.539581299
0.999285102 -0.007066628 0.037138876 5.633511066 0.006895094 0.999964952 0.004744806 -9.735404968 -0.037171099 -0.004485339 0.999298811 97.794532776
0.999240160 -0.006721143 0.038391523 5.794443607 0.006557234 0.999968767 0.004393739 -9.967558861 -0.038419858 -0.004138658 0.999253094 100.031661987
0.999164104 -0.006820515 0.040305413 5.950076103 0.006612321 0.999964058 0.005296465 -10.182298660 -0.040340092 -0.005025525 0.999173343 102.256652832
0.999171019 -0.007558858 0.040002391 6.156195641 0.007352849 0.999958873 0.005294544 -10.404954910 -0.040040769 -0.004996023 0.999185562 104.513496399
0.999130845 -0.008045678 0.040900603 6.332916737 0.007801612 0.999950826 0.006123398 -10.621680260 -0.040947862 -0.005798987 0.999144375 106.740310669
0.999096632 -0.009286094 0.041468456 6.516016483 0.009037347 0.999940038 0.006181940 -10.835922241 -0.041523371 -0.005801590 0.999120831 108.990219116
0.999054730 -0.010524172 0.042177163 6.700411320 0.010224619 0.999921024 0.007311751 -11.062843323 -0.042250782 -0.006873595 0.999083400 111.239540100
0.999032021 -0.011116655 0.042561710 6.893107414 0.010878445 0.999923885 0.005824393 -11.279802322 -0.042623218 -0.005355750 0.999076843 113.494483948
0.998986304 -0.011661939 0.043476641 7.078631401 0.011467573 0.999923110 0.004717311 -11.494418144 -0.043528304 -0.004213957 0.999043226 115.743103027
0.998956382 -0.011945926 0.044084784 7.265852928 0.011731224 0.999917984 0.005125678 -11.720176697 -0.044142403 -0.004603159 0.999014616 117.980224609
0.998908579 -0.011896490 0.045170724 7.455960274 0.011634833 0.999913931 0.006051171 -11.941424370 -0.045238830 -0.005519012 0.998960972 120.231262207
0.998875260 -0.012449890 0.045752082 7.657880783 0.012136820 0.999900997 0.007114175 -12.170015335 -0.045836125 -0.006550889 0.998927474 122.435325623
0.998828948 -0.012880754 0.046635199 7.866196632 0.012579846 0.999898076 0.006740117 -12.401430130 -0.046717267 -0.006145561 0.998889267 124.750167847
0.998795033 -0.013675815 0.047132470 8.055512428 0.013416487 0.999893069 0.005814153 -12.620032310 -0.047206946 -0.005174794 0.998871744 127.002311707
0.998787582 -0.015378624 0.046764389 8.252290726 0.015114891 0.999867737 0.005988050 -12.834653854 -0.046850294 -0.005273952 0.998887956 129.273193359
0.998813689 -0.016551157 0.045795191 8.447568893 0.016275845 0.999847293 0.006378114 -13.054383278 -0.045893759 -0.005625193 0.998930454 131.529586792
0.998871922 -0.016910557 0.044371016 8.648628235 0.016592899 0.999834001 0.007517729 -13.270062447 -0.044490792 -0.006773005 0.998986840 133.764968872
0.998906434 -0.017858142 0.043209471 8.842900276 0.017558752 0.999819160 0.007298530 -13.492120743 -0.043331988 -0.006531843 0.999039471 136.018493652
0.998982251 -0.018503670 0.041134492 9.049261093 0.018224107 0.999808252 0.007161027 -13.711129189 -0.041259110 -0.006404100 0.999127924 138.240036011
0.998974919 -0.019605178 0.040800072 9.234421730 0.019337622 0.999788880 0.006942051 -13.929229736 -0.040927563 -0.006145961 0.999143183 140.528930664
0.998960674 -0.019934716 0.040990695 9.406355858 0.019664943 0.999782264 0.006974077 -14.136212349 -0.041120801 -0.006160749 0.999135256 142.761871338
0.998999178 -0.019701546 0.040154949 9.605798721 0.019364264 0.999774039 0.008771158 -14.368204117 -0.040318683 -0.007984809 0.999154985 145.011932373
0.999010384 -0.019001283 0.040214602 9.784352303 0.018714339 0.999796689 0.007499885 -14.579395294 -0.040348943 -0.006739873 0.999162912 147.258926392
0.999028444 -0.017954580 0.040244561 9.969950676 0.017728278 0.999824941 0.005973024 -14.795262337 -0.040344764 -0.005253755 0.999172032 149.495376587
0.999038219 -0.016509887 0.040621314 10.149299622 0.016320219 0.999854326 0.004996374 -15.012945175 -0.040697888 -0.004328618 0.999162138 151.728836060
0.999046326 -0.015827009 0.040692512 10.337835312 0.015628658 0.999864340 0.005187918 -15.229759216 -0.040769111 -0.004547001 0.999158204 153.952880859
0.999023080 -0.015348721 0.041439280 10.522989273 0.015142693 0.999871373 0.005281115 -15.443383217 -0.041515008 -0.004648454 0.999127150 156.202224731
0.999043107 -0.013527858 0.041589852 10.706161499 0.013261396 0.999889791 0.006676167 -15.650520325 -0.041675590 -0.006118239 0.999112427 158.403732300
0.998984396 -0.012672911 0.043239549 10.885965347 0.012349865 0.999893844 0.007730077 -15.866383553 -0.043332919 -0.007188222 0.999034882 160.640197754
0.998960555 -0.011599232 0.044082053 11.068447113 0.011199415 0.999893963 0.009305967 -16.081909180 -0.044185326 -0.008802603 0.998984516 162.896728516
0.998930812 -0.011291070 0.044830337 11.256853104 0.010929058 0.999905646 0.008312085 -16.282535553 -0.044919964 -0.007813243 0.998960018 165.140106201
0.998886466 -0.010693672 0.045949608 11.452912331 0.010371969 0.999920070 0.007233953 -16.497970581 -0.046023294 -0.006749311 0.998917580 167.375701904
0.998799026 -0.008795106 0.048197780 11.638831139 0.008437532 0.999935448 0.007617336 -16.712184906 -0.048261661 -0.007201519 0.998808742 169.607925415
0.998698354 -0.008224855 0.050337385 11.842416763 0.007828238 0.999936759 0.008071273 -16.938817978 -0.050400596 -0.007666714 0.998699605 171.824401855
0.998581648 -0.008237450 0.052600928 12.048361778 0.007838621 0.999938965 0.007783993 -17.149705887 -0.052661836 -0.007360635 0.998585284 174.076065063
0.998494864 -0.008432866 0.054192204 12.256343842 0.007991117 0.999933124 0.008363024 -17.366577148 -0.054259099 -0.007917381 0.998495519 176.310211182
0.998444915 -0.008842930 0.055042494 12.463709831 0.008338384 0.999921143 0.009389390 -17.576992035 -0.055121183 -0.008915822 0.998439848 178.543914795
0.998441517 -0.010417095 0.054826561 12.675195694 0.009920496 0.999907315 0.009322028 -17.798334122 -0.054918580 -0.008763595 0.998452365 180.750534058
0.998389602 -0.011228129 0.055607673 12.876510620 0.010752652 0.999902964 0.008842450 -18.005405426 -0.055701565 -0.008230279 0.998413563 182.998336792
0.998454988 -0.013274305 0.053957120 13.103445053 0.012813000 0.999878407 0.008886443 -18.231477737 -0.054068524 -0.008181361 0.998503685 185.250961304
0.998457789 -0.015152402 0.053408097 13.314531326 0.014645848 0.999844015 0.009863237 -18.448348999 -0.053549223 -0.009065818 0.998524070 187.492218018
0.998481333 -0.016084451 0.052691553 13.528675079 0.015613803 0.999834538 0.009331727 -18.654548645 -0.052832939 -0.008494839 0.998567283 189.733871460
0.998437107 -0.016782913 0.053307720 13.729277611 0.016297787 0.999821842 0.009522229 -18.874713898 -0.053458024 -0.008638550 0.998532712 191.965225220
0.998398304 -0.017747203 0.053719744 13.921720505 0.017270964 0.999807477 0.009316633 -19.081739426 -0.053874742 -0.008373919 0.998512566 194.201599121
0.998429537 -0.016673906 0.053483084 14.141695976 0.016174691 0.999821544 0.009753408 -19.306661606 -0.053636182 -0.008873018 0.998521090 196.425476074
0.998449743 -0.014796601 0.053658169 14.351988792 0.014304866 0.999852121 0.009536768 -19.511764526 -0.053791352 -0.008754410 0.998513818 198.657058716
0.998450816 -0.012973958 0.054107405 14.553413391 0.012479003 0.999877155 0.009475536 -19.725635529 -0.054223701 -0.008785650 0.998490095 200.885223389
0.998425007 -0.012605715 0.054668106 14.766641617 0.012148313 0.999888420 0.008691173 -19.935005188 -0.054771565 -0.008013357 0.998466730 203.136322021
0.998373866 -0.013015808 0.055500232 14.967195511 0.012511998 0.999877393 0.009415420 -20.142427444 -0.055615976 -0.008705691 0.998414218 205.355987549
0.998374820 -0.014599010 0.055086020 15.205115318 0.014091119 0.999854624 0.009597144 -20.364204407 -0.055218127 -0.008805322 0.998435497 207.584152222
0.998311639 -0.014295789 0.056297638 15.412312508 0.013777115 0.999859035 0.009590400 -20.562400818 -0.056426805 -0.008798589 0.998367965 209.823059082
0.998226106 -0.014556199 0.057729624 15.634865761 0.013920213 0.999837995 0.011403590 -20.793043137 -0.057886269 -0.010579752 0.998267114 212.049102783
0.998165786 -0.013184288 0.059085190 15.875711441 0.012528231 0.999855757 0.011460301 -20.997978210 -0.059227765 -0.010699049 0.998187184 214.281860352
0.997986495 -0.011762643 0.062325537 16.077766418 0.011066009 0.999872506 0.011510755 -21.199289322 -0.062452991 -0.010797883 0.997989476 216.528381348
0.997838378 -0.011844407 0.064638861 16.305877686 0.011087903 0.999865949 0.012049763 -21.405923843 -0.064772919 -0.011307008 0.997836113 218.764801025
0.997702301 -0.013114470 0.066470921 16.541864395 0.012307628 0.999845684 0.012533325 -21.606561661 -0.066625029 -0.011686428 0.997709632 220.993103027
0.997596860 -0.014459372 0.067759052 16.780042648 0.013589066 0.999819398 0.013287504 -21.806657791 -0.067938924 -0.012334788 0.997613192 223.217529297
0.997522891 -0.016496466 0.068382986 17.031240463 0.015663685 0.999796808 0.012696656 -22.014501572 -0.068578549 -0.011594076 0.997578263 225.441299438
0.997495711 -0.017919432 0.068419553 17.277103424 0.017108986 0.999776602 0.012412892 -22.213453293 -0.068626702 -0.011211216 0.997579396 227.684295654
0.997450471 -0.018187441 0.069005720 17.516294479 0.017350649 0.999768734 0.012706500 -22.413572311 -0.069220856 -0.011476813 0.997535348 229.911346436
0.997404158 -0.019049877 0.069442943 17.767230988 0.018291896 0.999766111 0.011534893 -22.615179062 -0.069646433 -0.010234704 0.997519255 232.155502319
0.997343540 -0.020019550 0.070036516 18.010887146 0.019180354 0.999736190 0.012634409 -22.816299438 -0.070270978 -0.011257519 0.997464418 234.390975952
0.997317016 -0.019383460 0.070590243 18.278553009 0.018507348 0.999743640 0.013044220 -23.026533127 -0.070824996 -0.011702785 0.997420132 236.639251709
0.997284710 -0.019252960 0.071082555 18.525302887 0.018391404 0.999749482 0.012755225 -23.222549438 -0.071310334 -0.011413281 0.997388840 238.861679077
0.997257352 -0.019462161 0.071407445 18.777320862 0.018564545 0.999740362 0.013212626 -23.427272797 -0.071646035 -0.011850742 0.997359693 241.082473755
0.997205496 -0.020124529 0.071945876 19.026676178 0.019199671 0.999724150 0.013523489 -23.628524780 -0.072198197 -0.012104364 0.997316778 243.314880371
0.997165203 -0.020454938 0.072409786 19.276330948 0.019566694 0.999724627 0.012955179 -23.834959030 -0.072654851 -0.011501633 0.997290790 245.533981323
0.997176647 -0.020056309 0.072363310 19.535943985 0.019219810 0.999740362 0.012237638 -24.039608002 -0.072589964 -0.010812279 0.997303367 247.765533447
0.997139215 -0.020552807 0.072739214 19.792129517 0.019669974 0.999724150 0.012832644 -24.244388580 -0.072982885 -0.011365155 0.997268558 249.999847412
0.997117281 -0.021755228 0.072689995 20.054756165 0.020884100 0.999700963 0.012722843 -24.446334839 -0.072945036 -0.011168102 0.997273445 252.224990845
0.997115135 -0.021829054 0.072696984 20.322921753 0.020892149 0.999688923 0.013623462 -24.653400421 -0.072971754 -0.012065364 0.997261047 254.481979370
0.997091770 -0.022824176 0.072712034 20.570959091 0.021874961 0.999665082 0.013824255 -24.856451035 -0.073003203 -0.012193480 0.997257233 256.702148438
0.997064710 -0.023433756 0.072889246 20.837806702 0.022392068 0.999635577 0.015075989 -25.076635361 -0.073215961 -0.013399594 0.997226238 258.966583252
0.997023344 -0.022721546 0.073675416 21.094795227 0.021710694 0.999659359 0.014492346 -25.272016525 -0.073979594 -0.012849663 0.997176945 261.211395264
0.997009754 -0.022922734 0.073796727 21.361131668 0.021952720 0.999661922 0.013928883 -25.469760895 -0.074091084 -0.012267194 0.997175992 263.461883545
0.996976554 -0.022334222 0.074423686 21.625301361 0.021379422 0.999678910 0.013601405 -25.677600861 -0.074703567 -0.011969146 0.997133970 265.703399658
0.996902943 -0.021692488 0.075590126 21.878242493 0.020732151 0.999694288 0.013466289 -25.870178223 -0.075859144 -0.011857436 0.997048020 267.934753418
0.996760666 -0.021344103 0.077540413 22.129241943 0.020370092 0.999703586 0.013330726 -26.081539154 -0.077801973 -0.011708038 0.996900082 270.197204590
0.996692479 -0.022206213 0.078173205 22.411363602 0.021164099 0.999676049 0.014134358 -26.289888382 -0.078461774 -0.012433143 0.996839583 272.438568115
0.996483147 -0.022408001 0.080741830 22.663843155 0.021311617 0.999668896 0.014415207 -26.482540131 -0.081038117 -0.012643770 0.996630788 274.689300537
0.996375799 -0.022196900 0.082112804 22.943889618 0.021046473 0.999668181 0.014849500 -26.666559219 -0.082415164 -0.013067496 0.996512413 276.930175781
0.996298432 -0.021389950 0.083257467 23.224693298 0.020044617 0.999655187 0.016961297 -26.883218765 -0.083591558 -0.015229650 0.996383727 279.184509277
0.996207416 -0.021214591 0.084385104 23.512027740 0.019763898 0.999642730 0.017989844 -27.081794739 -0.084736630 -0.016253835 0.996270776 281.419586182
0.996135950 -0.020520248 0.085393719 23.791404724 0.019036818 0.999654055 0.018149933 -27.269197464 -0.085736610 -0.016454173 0.996181965 283.668487549
0.996030986 -0.019443180 0.086856969 24.064992905 0.017987704 0.999684930 0.017508592 -27.455644608 -0.087169997 -0.015876748 0.996066988 285.898376465
0.996010244 -0.019530622 0.087074734 24.353904724 0.018116161 0.999691248 0.017005054 -27.651134491 -0.087379977 -0.015359754 0.996056616 288.142303467
0.995958626 -0.020381575 0.087470092 24.634477615 0.018918661 0.999667466 0.017521344 -27.850038528 -0.087798096 -0.015795719 0.996013045 290.368316650
0.995900691 -0.020003304 0.088213079 24.903007507 0.018636297 0.999693513 0.016293185 -28.036876678 -0.088511951 -0.014582429 0.995968342 292.646331787
0.995919585 -0.020606780 0.087860055 25.194868088 0.019332677 0.999695599 0.015327920 -28.226858139 -0.088149175 -0.013566809 0.996014893 294.877593994
0.995905995 -0.020539438 0.088030875 25.480556488 0.019264949 0.999697387 0.015303058 -28.423437119 -0.088318549 -0.013544499 0.996000111 297.113830566
0.995907068 -0.019840419 0.088180237 25.767311096 0.018546047 0.999708295 0.015473929 -28.615030289 -0.088461526 -0.013775199 0.995984316 299.352539062
0.995844126 -0.020025354 0.088846318 26.042343140 0.018662183 0.999695539 0.016147349 -28.813259125 -0.089142598 -0.014422179 0.995914400 301.586486816
0.995857716 -0.020354545 0.088617913 26.334838867 0.018974481 0.999685645 0.016387917 -29.008340836 -0.088923626 -0.014638555 0.995930851 303.824737549
0.995807290 -0.020031905 0.089255676 26.626213074 0.018617928 0.999688089 0.016646475 -29.201057434 -0.089561328 -0.014914923 0.995869637 306.069335938
0.995800138 -0.020852590 0.089146800 26.915979385 0.019456275 0.999674499 0.016503546 -29.400924683 -0.089461915 -0.014699771 0.995881736 308.316925049
0.995749772 -0.021639857 0.089523137 27.205820084 0.020196464 0.999651551 0.016997846 -29.593017578 -0.089859769 -0.015117548 0.995839715 310.566101074
0.995689631 -0.021399546 0.090245239 27.490709305 0.019991973 0.999664426 0.016472489 -29.788330078 -0.090567455 -0.014597306 0.995783329 312.788360596
0.995716870 -0.020832783 0.090077378 27.791831970 0.019377567 0.999667704 0.016999729 -29.983404160 -0.090401597 -0.015181436 0.995789647 315.040649414
0.995655537 -0.019542228 0.091038547 28.085016251 0.018133024 0.999702990 0.016280776 -30.178716660 -0.091329679 -0.014559236 0.995714247 317.273071289
0.995651186 -0.017796060 0.091444328 28.375494003 0.016333843 0.999726832 0.016713921 -30.371932983 -0.091716819 -0.015147598 0.995669842 319.506011963
0.995602131 -0.016847283 0.092154823 28.665651321 0.015420407 0.999750257 0.016173659 -30.567029953 -0.092404313 -0.014681466 0.995613277 321.737670898
0.995570123 -0.016303869 0.092597783 28.957971573 0.014803071 0.999747992 0.016871549 -30.759845734 -0.092849515 -0.015426080 0.995560646 323.970733643
0.995580852 -0.015646679 0.092595853 29.260314941 0.014009738 0.999734342 0.018302066 -30.962316513 -0.092857622 -0.016923938 0.995535553 326.201385498
0.995532453 -0.016123198 0.093033336 29.549083710 0.014530076 0.999736428 0.017776309 -31.153163910 -0.093295440 -0.016345110 0.995504320 328.438781738
0.995513797 -0.017581558 0.092968680 29.852447510 0.016084665 0.999728978 0.016825989 -31.342819214 -0.093239330 -0.015255133 0.995526850 330.673400879
0.995511055 -0.016884848 0.093126893 30.143548965 0.015389415 0.999741197 0.016752865 -31.537275314 -0.093385659 -0.015244495 0.995513320 332.891418457
0.995444119 -0.017226413 0.093777493 30.433845520 0.015628869 0.999720335 0.017743407 -31.726316452 -0.094056934 -0.016196933 0.995434999 335.140869141
0.995485246 -0.017801201 0.093232088 30.742528915 0.016210666 0.999710321 0.017789653 -31.916957855 -0.093521751 -0.016197978 0.995485425 337.376434326
0.995459795 -0.017346568 0.093588859 31.028270721 0.015713157 0.999711514 0.018161878 -32.114604950 -0.093876913 -0.016608840 0.995445251 339.606903076
0.995484054 -0.017514745 0.093300462 31.332786560 0.015897220 0.999710679 0.018051907 -32.310489655 -0.093589649 -0.016487166 0.995474339 341.847259521
0.995460570 -0.017978586 0.093460090 31.625579834 0.016319769 0.999695957 0.018483086 -32.498600006 -0.093763962 -0.016873939 0.995451450 344.102630615
0.995511234 -0.017144214 0.093077563 31.926412582 0.015481215 0.999707878 0.018559635 -32.689319611 -0.093368560 -0.017035373 0.995485842 346.345123291
0.995535314 -0.016987666 0.092848614 32.220603943 0.015352613 0.999714673 0.018296001 -32.875129700 -0.093132928 -0.016788846 0.995512128 348.581817627
0.995501578 -0.016507953 0.093295664 32.512508392 0.014792710 0.999709129 0.019046804 -33.073707581 -0.093582936 -0.017581033 0.995456219 350.823120117
0.995539486 -0.016696492 0.092856921 32.806850433 0.014965951 0.999701798 0.019301936 -33.259223938 -0.093151510 -0.017826149 0.995492339 353.044921875
0.995555878 -0.016175993 0.092774123 33.099643707 0.014491213 0.999718130 0.018805079 -33.450382233 -0.093052171 -0.017377092 0.995509565 355.283935547
0.995568216 -0.016081732 0.092656687 33.396942139 0.014378612 0.999715745 0.019019362 -33.637847900 -0.092936210 -0.017602798 0.995516479 357.514648438
0.995642185 -0.015509421 0.091956526 33.697978973 0.013697470 0.999700069 0.020302946 -33.833042145 -0.092243820 -0.018954903 0.995555997 359.749816895
0.995680690 -0.015645146 0.091515772 33.996990204 0.013826881 0.999694884 0.020468742 -34.024650574 -0.091808066 -0.019114953 0.995593250 361.989471436
0.995718181 -0.015351458 0.091157518 34.297058105 0.013508275 0.999692321 0.020802442 -34.211139679 -0.091448829 -0.019481990 0.995619118 364.229461670
0.995753109 -0.015352114 0.090774417 34.592018127 0.013568946 0.999703288 0.020228608 -34.399120331 -0.091058023 -0.018910987 0.995665967 366.474914551
0.995785534 -0.016057618 0.090295464 34.885169983 0.014287120 0.999693573 0.020220121 -34.590160370 -0.090592481 -0.018844847 0.995709658 368.714569092
0.995777845 -0.015956083 0.090398684 35.172805786 0.014283224 0.999715090 0.019122193 -34.768424988 -0.090678051 -0.017750273 0.995722115 370.972930908
0.995831549 -0.016511012 0.089704812 35.463668823 0.014819896 0.999700308 0.019485535 -34.964290619 -0.089999638 -0.018074894 0.995777786 373.191284180
0.995868683 -0.016323112 0.089325473 35.758037567 0.014552617 0.999685347 0.020436224 -35.150199890 -0.089630947 -0.019051882 0.995792806 375.443603516
0.995834351 -0.016679039 0.089642294 36.037952423 0.014883041 0.999675632 0.020666419 -35.335243225 -0.089957900 -0.019246176 0.995759606 377.690338135
0.995828569 -0.017190857 0.089609936 36.327026367 0.015370497 0.999662042 0.020964932 -35.525093079 -0.089940056 -0.019500125 0.995756269 379.927856445
0.995841324 -0.017367605 0.089435488 36.623283386 0.015549220 0.999658763 0.020988598 -35.705368042 -0.089769498 -0.019510658 0.995771468 382.178985596
0.995840013 -0.016632302 0.089589208 36.916458130 0.014782402 0.999664545 0.021272784 -35.893627167 -0.089912966 -0.019859945 0.995751619 384.423248291
0.995864511 -0.015825871 0.089461826 37.216976166 0.013970554 0.999674916 0.021326967 -36.075859070 -0.089770265 -0.019988937 0.995761871 386.696655273
0.995900452 -0.014501003 0.089285478 37.520084381 0.012636717 0.999690890 0.021410074 -36.271530151 -0.089568339 -0.020194028 0.995775938 388.962829590
0.995887876 -0.013217233 0.089625068 37.808307648 0.011356313 0.999709845 0.021241629 -36.456268311 -0.089879833 -0.020136474 0.995749056 391.240814209
0.995920539 -0.011918376 0.089444190 38.103122711 0.009907124 0.999688685 0.022896525 -36.642868042 -0.089689247 -0.021916987 0.995728552 393.500701904
0.995850265 -0.010370486 0.090413950 38.384803772 0.008305518 0.999696672 0.023185445 -36.826343536 -0.090626970 -0.022338297 0.995634317 395.763916016
0.995807052 -0.010191275 0.090909153 38.681472778 0.008254767 0.999731481 0.021652197 -37.014709473 -0.091105394 -0.020810975 0.995623708 398.031707764
0.995785177 -0.010002600 0.091168351 38.977756500 0.008111450 0.999744594 0.021090474 -37.201599121 -0.091356039 -0.020262070 0.995612144 400.298553467
0.995625615 -0.011042757 0.092777744 39.250679016 0.009020433 0.999713063 0.022188678 -37.382678986 -0.092996150 -0.021254722 0.995439589 402.539642334
0.995651424 -0.012223388 0.092351139 39.567523956 0.010124749 0.999680519 0.023159033 -37.568443298 -0.092604727 -0.022123290 0.995457172 404.834320068
0.995620489 -0.012731740 0.092615671 39.864395142 0.010639382 0.999677718 0.023050619 -37.751079559 -0.092879303 -0.021964299 0.995435119 407.090393066
0.995541096 -0.011551005 0.093618765 40.162765503 0.009519327 0.999710023 0.022119192 -37.926525116 -0.093847118 -0.021129373 0.995362401 409.328552246
0.995505393 -0.010880020 0.094077975 40.469291687 0.008797461 0.999707639 0.022523018 -38.115020752 -0.094295509 -0.021594137 0.995310128 411.587066650
0.995444417 -0.009723037 0.094846323 40.768306732 0.007654357 0.999725282 0.022150367 -38.298408508 -0.095035642 -0.021323470 0.995245457 413.835998535
0.995350003 -0.008691257 0.095932551 41.073398590 0.006608851 0.999736011 0.022003444 -38.477844238 -0.096098483 -0.021267122 0.995144546 416.107788086
0.995303035 -0.008975758 0.096390925 41.385280609 0.006877207 0.999732435 0.022081453 -38.666160583 -0.096563332 -0.021314839 0.995098591 418.361755371
0.995191276 -0.009046209 0.097533293 41.685577393 0.006921102 0.999731719 0.022104898 -38.847908020 -0.097707100 -0.021323558 0.994986773 420.615753174
0.995105565 -0.008939691 0.098411940 41.986656189 0.006818866 0.999737680 0.021865753 -39.034664154 -0.098581582 -0.021087674 0.994905472 422.876739502
0.995033562 -0.009557348 0.099079706 42.298362732 0.007307114 0.999707758 0.023049438 -39.219966888 -0.099271029 -0.022210980 0.994812429 425.149047852
0.994970500 -0.008736680 0.099786587 42.604652405 0.006401894 0.999698877 0.023694111 -39.401519775 -0.099963538 -0.022936117 0.994726717 427.403289795
0.994893134 -0.007938124 0.100621179 42.920951843 0.005511857 0.999687850 0.024368023 -39.581207275 -0.100783199 -0.023688974 0.994626403 429.678955078
0.994903982 -0.008642931 0.100455709 43.239776611 0.006210078 0.999680400 0.024505699 -39.766628265 -0.100635380 -0.023756977 0.994639635 431.961090088
0.994843066 -0.009442049 0.100985803 43.558139801 0.007049480 0.999686539 0.024022805 -39.955974579 -0.101180986 -0.023187028 0.994597733 434.222747803
0.994836688 -0.008457886 0.101134874 43.883293152 0.006034894 0.999688089 0.024240028 -40.124038696 -0.101308338 -0.023504535 0.994577289 436.489562988
0.994792283 -0.008998128 0.101525046 44.203292847 0.006536820 0.999677241 0.024550062 -40.306041718 -0.101713166 -0.023758560 0.994530022 438.772827148
0.994840622 -0.009015458 0.101048194 44.532669067 0.006532568 0.999669313 0.024875369 -40.484275818 -0.101239018 -0.024086924 0.994570434 441.045623779
0.994838238 -0.008645074 0.101103939 44.866504669 0.006052304 0.999645531 0.025923302 -40.686298370 -0.101292215 -0.025177589 0.994538069 443.327484131
0.994787872 -0.009221681 0.101548031 45.189502716 0.006600707 0.999637127 0.026116043 -40.864360809 -0.101751998 -0.025309632 0.994487882 445.605621338
0.994788647 -0.009150987 0.101548076 45.508491516 0.006565542 0.999646485 0.025765415 -41.044921875 -0.101747938 -0.024964418 0.994497061 447.871276855
0.994822085 -0.008749112 0.101254508 45.834300995 0.006181463 0.999652028 0.025644410 -41.227508545 -0.101443633 -0.024885723 0.994529903 450.134582520
0.994744003 -0.008163691 0.102066815 46.146095276 0.005596546 0.999661326 0.025412723 -41.411956787 -0.102239721 -0.024707936 0.994452894 452.395507812
0.994669855 -0.007652953 0.102826394 46.461009979 0.005065797 0.999664605 0.025398050 -41.581542969 -0.102986291 -0.024741776 0.994374990 454.675781250
0.994639635 -0.007672559 0.103116624 46.775398254 0.005089352 0.999667168 0.025291106 -41.769012451 -0.103276342 -0.024630738 0.994347692 456.932617188
0.994676054 -0.006862703 0.102821700 47.112354279 0.004351829 0.999687314 0.024624147 -41.949119568 -0.102958515 -0.024045585 0.994394958 459.223144531
0.994622946 -0.005701107 0.103404976 47.428596497 0.003115219 0.999678791 0.025151661 -42.128028870 -0.103515156 -0.024694292 0.994321287 461.505645752
0.994667888 -0.005458953 0.102985568 47.754554749 0.002744825 0.999645650 0.026477788 -42.307048798 -0.103093617 -0.026053928 0.994330406 463.780792236
0.994719326 -0.005689057 0.102475129 48.071468353 0.002953770 0.999635816 0.026824193 -42.480140686 -0.102590412 -0.026379855 0.994373858 466.048004150
0.994844794 -0.006142385 0.101223074 48.403835297 0.003539554 0.999658883 0.025873387 -42.659317017 -0.101347491 -0.025381722 0.994527280 468.332031250
0.994908571 -0.005662488 0.100621529 48.735321045 0.003104993 0.999668598 0.025555430 -42.841636658 -0.100732893 -0.025112892 0.994596481 470.628814697
0.994976282 -0.006235585 0.099916302 49.054626465 0.003598109 0.999640882 0.026555356 -43.023456573 -0.100046009 -0.026062440 0.994641423 472.912933350
0.994978845 -0.006460826 0.099875376 49.362937927 0.003798077 0.999632895 0.026827900 -43.202133179 -0.100012019 -0.026313864 0.994638264 475.189178467
0.995000482 -0.005057740 0.099741906 49.670120239 0.002462152 0.999655545 0.026128991 -43.360187531 -0.099839695 -0.025752779 0.994670153 477.494384766
0.995050907 -0.005115757 0.099234872 49.990272522 0.002488725 0.999643505 0.026578629 -43.536151886 -0.099335462 -0.026200112 0.994709134 479.776763916
0.995077014 -0.004972271 0.098979875 50.309696198 0.002295670 0.999629021 0.027137410 -43.709461212 -0.099078096 -0.026776589 0.994719326 482.052703857
0.995076954 -0.005573785 0.098948047 50.615543365 0.002974323 0.999647081 0.026399074 -43.885223389 -0.099060267 -0.025974805 0.994742393 484.339385986
0.995151341 -0.005137648 0.098220959 50.931995392 0.002479540 0.999627888 0.027165467 -44.065425873 -0.098323978 -0.026790213 0.994793773 486.635742188
0.995214939 -0.005198101 0.097571529 51.246688843 0.002591678 0.999636889 0.026820702 -44.233825684 -0.097675517 -0.026439490 0.994867027 488.921478271
0.995234430 -0.004560701 0.097405940 51.558322906 0.001920042 0.999628663 0.027186379 -44.403800964 -0.097493745 -0.026869796 0.994873345 491.222015381
0.995285571 -0.003951101 0.096907452 51.873252869 0.001262786 0.999613106 0.027786713 -44.578536987 -0.096979760 -0.027533343 0.994905472 493.509643555
0.995285809 -0.003286573 0.096929483 52.175411224 0.000641115 0.999626756 0.027311133 -44.747924805 -0.096983068 -0.027120240 0.994916439 495.816497803
0.995309174 -0.002835154 0.096703991 52.493682861 0.000236790 0.999638915 0.026870148 -44.930171967 -0.096745253 -0.026721209 0.994950414 498.134307861
0.995345116 -0.002966441 0.096328214 52.802425385 0.000283511 0.999611974 0.027853714 -45.107551575 -0.096373469 -0.027696749 0.994959831 500.431884766
0.995355070 -0.002648253 0.096236475 53.105884552 -0.000079068 0.999598742 0.028324932 -45.288242340 -0.096272871 -0.028200971 0.994955420 502.711212158
0.995379329 -0.001760921 0.096004620 53.413780212 -0.000889575 0.999619901 0.027558219 -45.463188171 -0.096016645 -0.027516289 0.994999349 504.997436523
0.995376348 -0.001710661 0.096037455 53.714775085 -0.000999561 0.999602795 0.028165268 -45.638740540 -0.096047491 -0.028131034 0.994979143 507.285369873
0.995409548 -0.002137033 0.095683068 54.025100708 -0.000466458 0.999630451 0.027178882 -45.814121246 -0.095705807 -0.027098754 0.995040715 509.578094482
0.995453775 -0.002833747 0.095203444 54.343708038 0.000169104 0.999608338 0.027985347 -45.994647980 -0.095245473 -0.027842021 0.995064378 511.879821777
0.995460451 -0.002661298 0.095138647 54.650234222 -0.000020707 0.999602914 0.028178398 -46.167179108 -0.095175862 -0.028052451 0.995065153 514.180664062
0.995463133 -0.001980264 0.095128536 54.953559875 -0.000682542 0.999608994 0.027950965 -46.341339111 -0.095146723 -0.027889078 0.995072484 516.487365723
0.995449781 -0.001142200 0.095280521 55.251396179 -0.001504944 0.999615073 0.027706144 -46.518131256 -0.095275491 -0.027723469 0.995064735 518.777465820
0.995379508 0.000595859 0.096017048 55.556579590 -0.003310204 0.999599278 0.028112613 -46.704490662 -0.095961809 -0.028300552 0.994982600 521.126770020
0.995311618 0.002693265 0.096682377 55.868530273 -0.005459725 0.999582827 0.028360769 -46.881240845 -0.096565664 -0.028755659 0.994911134 523.464355469
0.995239615 0.003597584 0.097391598 56.177593231 -0.006499518 0.999543726 0.029495718 -47.048488617 -0.097241059 -0.029988306 0.994808912 525.781616211
0.995187283 0.002991732 0.097945593 56.487060547 -0.005896690 0.999550819 0.029382868 -47.222137451 -0.097813711 -0.029819010 0.994757891 528.102478027
0.995127380 0.001175648 0.098589987 56.791870117 -0.004228810 0.999517679 0.030765042 -47.391197205 -0.098506279 -0.031032052 0.994652450 530.415527344
0.995078325 -0.000498172 0.099089749 57.114269257 -0.002533829 0.999532402 0.030470336 -47.560264587 -0.099058598 -0.030571450 0.994611859 532.734008789
0.995038271 -0.000662583 0.099490702 57.429252625 -0.002333378 0.999547303 0.029993601 -47.732437134 -0.099465519 -0.030076932 0.994586289 535.044738770
0.994951904 -0.001001147 0.100347713 57.743808746 -0.002014867 0.999549329 0.029949788 -47.905647278 -0.100332484 -0.030000784 0.994501472 537.359558105
0.994871616 -0.000574159 0.101144224 58.059581757 -0.002417163 0.999563336 0.029449774 -48.081542969 -0.101116963 -0.029543227 0.994435728 539.676757812
0.994776130 0.000142014 0.102080420 58.374633789 -0.003130165 0.999571204 0.029112941 -48.254943848 -0.102032512 -0.029280383 0.994350195 541.995117188
0.994690895 0.000580391 0.102905743 58.705268860 -0.003467034 0.999605477 0.027874693 -48.424217224 -0.102848962 -0.028083485 0.994300544 544.316650391
0.994518161 0.000418004 0.104562782 59.002296448 -0.003432760 0.999583483 0.028653724 -48.602684021 -0.104507245 -0.028855585 0.994105518 546.634460449
0.994434476 0.000352793 0.105357543 59.324577332 -0.003512441 0.999549568 0.029805720 -48.780708313 -0.105299577 -0.030009892 0.993987560 548.947326660
0.994360805 0.000496315 0.106048860 59.645450592 -0.003687127 0.999546230 0.029894190 -48.951461792 -0.105985895 -0.030116631 0.993911386 551.248779297
0.994379044 -0.000852163 0.105875507 59.984363556 -0.002244561 0.999573231 0.029126128 -49.123916626 -0.105855137 -0.029200057 0.993952751 553.558349609
0.994423091 -0.000901479 0.105459616 60.327823639 -0.002240129 0.999557316 0.029667426 -49.299537659 -0.105439678 -0.029738221 0.993980885 555.875305176
0.994363248 -0.000579667 0.106026843 60.654113770 -0.002613782 0.999547124 0.029977817 -49.469940186 -0.105996206 -0.030085966 0.993911386 558.182250977
0.994323730 0.000161107 0.106397063 60.986679077 -0.003481517 0.999512613 0.031022727 -49.641162872 -0.106340215 -0.031217055 0.993839622 560.514221191
0.994335294 -0.000225841 0.106288485 61.332897186 -0.003155720 0.999494195 0.031645663 -49.812324524 -0.106241882 -0.031801820 0.993831635 562.849670410
0.994317293 0.000169134 0.106456913 61.673343658 -0.003634595 0.999469817 0.032359526 -49.980888367 -0.106395014 -0.032562569 0.993790627 565.168395996
0.994279087 0.001170820 0.106807135 62.013671875 -0.004592023 0.999484003 0.031791300 -50.153358459 -0.106714793 -0.032099884 0.993771374 567.487426758
0.994286180 0.002084875 0.106726885 62.364364624 -0.005350065 0.999526024 0.030316720 -50.317543030 -0.106613092 -0.030714495 0.993826091 569.814147949
0.994271517 0.002360878 0.106856808 62.713264465 -0.005664324 0.999514937 0.030621761 -50.489501953 -0.106732681 -0.031051617 0.993802786 572.134521484
0.994242728 0.002256647 0.107128501 63.054412842 -0.005708078 0.999474049 0.031921994 -50.671493530 -0.107000135 -0.032349698 0.993732572 574.513244629
0.994253278 0.002191185 0.107031167 63.403656006 -0.005786315 0.999428928 0.033290565 -50.845157623 -0.106897101 -0.033718571 0.993698120 576.820861816
0.994128823 0.002687774 0.108169034 63.724281311 -0.006114413 0.999489427 0.031359356 -51.008888245 -0.108029537 -0.031836640 0.993637741 579.208679199
0.994179606 0.002054519 0.107715718 64.074165344 -0.005453345 0.999496102 0.031268600 -51.172775269 -0.107597210 -0.031674013 0.993689895 581.542968750
0.994087994 0.001838224 0.108561188 64.405258179 -0.005462863 0.999437034 0.033100028 -51.352722168 -0.108439215 -0.033497397 0.993538499 583.868957520
0.994174838 0.002084591 0.107758537 64.754638672 -0.005650132 0.999446213 0.032793541 -51.513771057 -0.107630476 -0.033211365 0.993636131 586.184875488
0.994091451 -0.000385824 0.108545139 65.103965759 -0.003081679 0.999490261 0.031775698 -51.687774658 -0.108502090 -0.031922452 0.993583560 588.554443359
0.994124651 -0.000720163 0.108239099 65.457214355 -0.002714569 0.999497473 0.031582128 -51.849838257 -0.108207457 -0.031690393 0.993623018 590.904357910
0.994128406 -0.002565433 0.108176507 65.798126221 -0.000929633 0.999479532 0.032246113 -52.018821716 -0.108202949 -0.032157347 0.993608534 593.243408203
0.994194746 -0.003117971 0.107550055 66.155784607 -0.000354762 0.999479592 0.032255232 -52.185276031 -0.107594639 -0.032106135 0.993676245 595.599243164
