1.000000000 0.000000000 0.000000000 0.000000000 0.000000000 1.000000000 0.000000000 0.000000000 0.000000000 0.000000000 1.000000000 0.000000000
0.999999881 0.000132684 0.000506687 0.085570812 -0.000132597 0.999999940 -0.000171851 -0.225486398 -0.000506710 0.000171784 0.999999881 2.290505886
0.999999166 0.000465461 0.001217800 0.164664909 -0.000465901 0.999999940 0.000361107 -0.462904632 -0.001217632 -0.000361675 0.999999166 4.588027954
0.999998450 0.000173579 0.001752455 0.261657149 -0.000174643 0.999999821 0.000607389 -0.694924951 -0.001752349 -0.000607695 0.999998271 6.879516602
0.999996483 0.000306993 0.002638759 0.355119914 -0.000304335 0.999999464 -0.001007436 -0.928441763 -0.002639067 0.001006629 0.999995947 9.178482056
0.999986827 0.002042939 0.004710592 0.446561784 -0.002044420 0.999997854 0.000309461 -1.163460493 -0.004709950 -0.000319088 0.999988854 11.484274864
0.999963403 0.004099080 0.007511662 0.530333221 -0.004110782 0.999990463 0.001543123 -1.394375205 -0.007505265 -0.001573946 0.999970615 13.797423363
0.999943197 0.003959610 0.009897850 0.637627304 -0.004001318 0.999983132 0.004197643 -1.622874975 -0.009881062 -0.004237009 0.999942243 16.069738388
0.999936998 0.003899409 0.010518552 0.759446621 -0.003950962 0.999980211 0.004884929 -1.847513437 -0.010499295 -0.004926180 0.999932766 18.422237396
0.999927521 0.003085254 0.011633741 0.878787220 -0.003145380 0.999981821 0.005153564 -2.073595047 -0.011617627 -0.005189783 0.999919057 20.708877563
0.999922872 0.000765848 0.012396338 0.993616939 -0.000801261 0.999995530 0.002851963 -2.302141905 -0.012394100 -0.002861676 0.999919057 23.034626007
0.999911666 -0.001374820 0.013221232 1.101236939 0.001363010 0.999998569 0.000902206 -2.523395300 -0.013222454 -0.000884106 0.999912202 25.315538406
0.999912918 -0.002177625 0.013016541 1.244190693 0.002174807 0.999997616 0.000230704 -2.771148205 -0.013017011 -0.000202376 0.999915242 27.631101608
0.999902546 -0.001877183 0.013829771 1.353439331 0.001888036 0.999997914 -0.000771711 -2.996814728 -0.013828293 0.000797746 0.999903977 29.917520523
0.999887526 0.000771280 0.014976678 1.466692209 -0.000794025 0.999998569 0.001512803 -3.223978281 -0.014975490 -0.001524525 0.999886692 32.196681976
0.999882758 0.002828941 0.015045981 1.597290158 -0.002884031 0.999989271 0.003641011 -3.444319010 -0.015035518 -0.003683977 0.999880195 34.477508545
0.999840558 0.005177142 0.017089704 1.703706503 -0.005311100 0.999955475 0.007802470 -3.676769018 -0.017048549 -0.007891991 0.999823511 36.781429291
0.999817908 0.006986110 0.017758161 1.823040843 -0.007115954 0.999948323 0.007259189 -3.895029783 -0.017706530 -0.007384232 0.999816000 39.053894043
0.999790430 0.006212439 0.019507587 1.936619282 -0.006327300 0.999962986 0.005831779 -4.103945732 -0.019470636 -0.005953988 0.999792814 41.351959229
0.999801219 0.003744430 0.019583426 2.063914776 -0.003839630 0.999980986 0.004825899 -4.329881191 -0.019564983 -0.004900133 0.999796629 43.630573273
0.999805570 0.004061869 0.019294435 2.207957029 -0.004141530 0.999983072 0.004090562 -4.555548191 -0.019277494 -0.004169675 0.999805450 45.866912842
0.999802470 0.003505350 0.019563748 2.333076954 -0.003563005 0.999989331 0.002912985 -4.783011436 -0.019553334 -0.002982115 0.999804378 48.137847900
0.999803901 0.002026205 0.019696178 2.469309807 -0.002095337 0.999991655 0.003489933 -5.015015125 -0.019688943 -0.003530519 0.999799848 50.420768738
0.999780655 0.001290526 0.020903552 2.598114491 -0.001371986 0.999991536 0.003883034 -5.239867687 -0.020898363 -0.003910861 0.999773979 52.688838959
0.999772608 0.000158502 0.021327075 2.736792564 -0.000232368 0.999993980 0.003461074 -5.464011669 -0.021326398 -0.003465243 0.999766588 54.978431702
0.999747634 0.000251669 0.022464190 2.864539146 -0.000348382 0.999990642 0.004301390 -5.699487209 -0.022462895 -0.004308130 0.999738514 57.255359650
0.999736845 -0.001204416 0.022908667 3.008304119 0.001089347 0.999986708 0.005034762 -5.925388813 -0.022914425 -0.005008481 0.999724805 59.524250031
0.999702811 -0.002800602 0.024217146 3.137286663 0.002693630 0.999986470 0.004448681 -6.148759842 -0.024229279 -0.004382127 0.999696791 61.794647217
0.999686897 -0.003540611 0.024770983 3.290644169 0.003436057 0.999984980 0.004262110 -6.372148514 -0.024785701 -0.004175661 0.999684095 64.051811218
0.999659121 -0.003180001 0.025918571 3.432471752 0.003054178 0.999983370 0.004892680 -6.594594955 -0.025933700 -0.004811852 0.999652088 66.322715759
0.999643147 -0.002189980 0.026622424 3.582337856 0.002051460 0.999984205 0.005229326 -6.820429802 -0.026633458 -0.005172845 0.999631822 68.581268311
0.999605358 -0.002344395 0.027997157 3.719531775 0.002210740 0.999985993 0.004803896 -7.043260574 -0.028008027 -0.004740105 0.999596477 70.835304260
0.999596179 -0.003213871 0.028231885 3.882933378 0.003119096 0.999989331 0.003400389 -7.265855312 -0.028242514 -0.003310958 0.999595582 73.090728760
0.999578297 -0.004070804 0.028750842 4.039460659 0.003961828 0.999984741 0.003846341 -7.494281769 -0.028766062 -0.003730813 0.999579191 75.378364563
0.999540091 -0.005259891 0.029864892 4.201961517 0.005163176 0.999981225 0.003314600 -7.725263596 -0.029881766 -0.003158878 0.999548495 77.643966675
0.999525666 -0.006239051 0.030158209 4.353292465 0.006141784 0.999975562 0.003316822 -7.958371162 -0.030178165 -0.003130025 0.999539614 79.907379150
0.999497771 -0.006745151 0.030962409 4.503733635 0.006657584 0.999973595 0.002930388 -8.175017357 -0.030981358 -0.002722781 0.999516189 82.162406921
0.999473155 -0.005839540 0.031925648 4.669165611 0.005742444 0.999978602 0.003132112 -8.412486076 -0.031943262 -0.002947131 0.999485254 84.436523438
0.999424279 -0.005710976 0.033444755 4.830059052 0.005595224 0.999978006 0.003553531 -8.629992485 -0.033464324 -0.003364355 0.999434173 86.691490173
0.999432206 -0.005400883 0.033258107 5.002156258 0.005247272 0.999975085 0.004704329 -8.856482506 -0.033282690 -0.004527144 0.999435663 88.971305847
0.999393106 -0.004347671 0.034562398 5.157992363 0.004160934 0.999976337 0.005472985 -9.084610939 -0.034585375 -0.005325852 0.999387503 91.225608826
0.999357462 -0.004429874 0.035566356 5.325374603 0.004226446 0.999974310 0.005792806 -9.312043190 -0.035591099 -0.005638766 0.999350548 93.482978821
0.999346972 -0.004628693 0.035835423 5.496498585 0.004455802 0.999978065 0.004902926 -9.525348663 -0.035857320 -0.004740050 0.999345660 95.743965149
0.999312282 -0.005220429 0.036709994 5.663260460 0.005018518 0.999971807 0.005590159 -9.747353554 -0.036738142 -0.005402084 0.999310315 97.990585327
0.999280512 -0.005544041 0.037518959 5.828934669 0.005347252 0.999971449 0.005343356 -9.980857849 -0.037547514 -0.005138889 0.999281645 100.226249695
0.999231100 -0.005555931 0.038811889 5.993863106 0.005305855 0.999964535 0.006543293 -10.196839333 -0.038846869 -0.006332332 0.999225080 102.470169067
0.999204874 -0.005838091 0.039440013 6.183172226 0.005588470 0.999963701 0.006436401 -10.414260864 -0.039476149 -0.006210875 0.999201179 104.725616455
0.999167740 -0.006299917 0.040299937 6.348168373 0.006030824 0.999958694 0.006795386 -10.638275146 -0.040341083 -0.006546688 0.999164462 107.000503540
0.999139786 -0.007780036 0.040732928 6.533394814 0.007498926 0.999947011 0.007049536 -10.854962349 -0.040785622 -0.006738018 0.999145210 109.251914978
0.999103904 -0.008868975 0.041383710 6.716067791 0.008554757 0.999933183 0.007763668 -11.075309753 -0.041449808 -0.007402684 0.999113142 111.514839172
0.999086022 -0.009288883 0.041723032 6.912555695 0.009024388 0.999938011 0.006523147 -11.298515320 -0.041781038 -0.006140660 0.999107897 113.788375854
0.999036729 -0.009628828 0.042811755 7.094207764 0.009390148 0.999939263 0.005772748 -11.518315315 -0.042864736 -0.005365179 0.999066472 116.041687012
0.999003530 -0.009639579 0.043577336 7.281301975 0.009382897 0.999937356 0.006090985 -11.741975784 -0.043633331 -0.005676033 0.999031484 118.298431396
0.998952389 -0.009987977 0.044658687 7.471911430 0.009686570 0.999928832 0.006960449 -11.963334084 -0.044725027 -0.006520569 0.998978019 120.572341919
0.998936951 -0.010622587 0.044858262 7.673807621 0.010272878 0.999915004 0.008019212 -12.189304352 -0.044939641 -0.007549862 0.998961270 122.779273987
0.998875976 -0.012045891 0.045844726 7.871443272 0.011730223 0.999905646 0.007148400 -12.410572052 -0.045926508 -0.006602596 0.998923004 125.110130310
0.998835921 -0.012706977 0.046531666 8.054924965 0.012431433 0.999903381 0.006206297 -12.630007744 -0.046606034 -0.005620616 0.998897552 127.372238159
0.998821557 -0.014306997 0.046377271 8.248839378 0.014022223 0.999880791 0.006459884 -12.845352173 -0.046464156 -0.005801959 0.998903096 129.643112183
0.998849690 -0.015394581 0.045412354 8.440355301 0.015098522 0.999862432 0.006855218 -13.061035156 -0.045511641 -0.006161673 0.998944819 131.889312744
0.998901010 -0.015725045 0.044152834 8.635868073 0.015388467 0.999849975 0.007952600 -13.276465416 -0.044271260 -0.007264418 0.998993099 134.131317139
0.998960197 -0.016591802 0.042464923 8.828171730 0.016273510 0.999836922 0.007830149 -13.499462128 -0.042587914 -0.007130953 0.999067247 136.377944946
0.999034643 -0.017348727 0.040358439 9.038458824 0.017056294 0.999825776 0.007578996 -13.712131500 -0.040482894 -0.006883316 0.999156415 138.603240967
0.999013305 -0.017972384 0.040612821 9.201217651 0.017671125 0.999813676 0.007764735 -13.935890198 -0.040744819 -0.007039400 0.999144733 140.892456055
0.999000847 -0.018283565 0.040779382 9.371269226 0.017980915 0.999808073 0.007776167 -14.140113831 -0.040913731 -0.007035146 0.999137938 143.125335693
0.999046147 -0.018584277 0.039515544 9.564378738 0.018223524 0.999789059 0.009470102 -14.373785973 -0.039683204 -0.008740959 0.999174058 145.352172852
0.999061465 -0.017746646 0.039512772 9.741502762 0.017433289 0.999813855 0.008261067 -14.583806038 -0.039652016 -0.007564476 0.999184906 147.596939087
0.999073982 -0.016526224 0.039724343 9.918807030 0.016270688 0.999844849 0.006747471 -14.797339439 -0.039829686 -0.006094879 0.999187887 149.856124878
0.999091208 -0.014777229 0.039982770 10.095499039 0.014550356 0.999876380 0.005959344 -15.015543938 -0.040065885 -0.005372164 0.999182582 152.110778809
0.999101043 -0.013944714 0.040032811 10.285253525 0.013715541 0.999887943 0.005993642 -15.230759621 -0.040111911 -0.005439183 0.999180317 154.362197876
0.999091923 -0.013197633 0.040511139 10.464377403 0.012938508 0.999894142 0.006651907 -15.448046684 -0.040594637 -0.006121712 0.999156892 156.620025635
0.999095559 -0.012514509 0.040636983 10.658248901 0.012223173 0.999897838 0.007409820 -15.661039352 -0.040725559 -0.006906406 0.999146521 158.850189209
0.999027669 -0.011880802 0.042456519 10.818424225 0.011516693 0.999894798 0.008810410 -15.886838913 -0.042556740 -0.008312885 0.999059379 161.148284912
0.998996973 -0.010782654 0.043458667 11.000989914 0.010324352 0.999888778 0.010756402 -16.101087570 -0.043569814 -0.010296931 0.998997331 163.382888794
0.998957336 -0.010274014 0.044484992 11.191083908 0.009843034 0.999902606 0.009896469 -16.308359146 -0.044582345 -0.009448283 0.998960972 165.673233032
0.998924613 -0.009409786 0.045399521 11.388506889 0.009025043 0.999921620 0.008672213 -16.518901825 -0.045477573 -0.008253156 0.998931229 167.925003052
0.998838127 -0.007513799 0.047602467 11.575085640 0.007088291 0.999933362 0.009101311 -16.730663300 -0.047667682 -0.008753316 0.998824954 170.163192749
0.998741329 -0.007133836 0.049646948 11.777606964 0.006661732 0.999931037 0.009668197 -16.957902908 -0.049712494 -0.009325293 0.998720050 172.450500488
0.998614907 -0.007337765 0.052100234 11.979471207 0.006869324 0.999934435 0.009164546 -17.165794373 -0.052164063 -0.008793958 0.998599827 174.721710205
0.998520255 -0.007248323 0.053895719 12.182773590 0.006731543 0.999929607 0.009763875 -17.382207870 -0.053962704 -0.009386625 0.998498797 176.971145630
0.998462379 -0.007880194 0.054870166 12.392300606 0.007316644 0.999918461 0.010463939 -17.591419220 -0.054948151 -0.010046382 0.998438776 179.214889526
0.998390198 -0.008950202 0.056007728 12.594423294 0.008379525 0.999910593 0.010415840 -17.799245834 -0.056095950 -0.009929756 0.998376012 181.458557129
0.998461306 -0.009495541 0.054635968 12.811905861 0.008943434 0.999906540 0.010340813 -18.019960403 -0.054729059 -0.009836266 0.998452902 183.723983765
0.998479009 -0.010694557 0.054088656 13.027197838 0.010156560 0.999896228 0.010211691 -18.230270386 -0.054192264 -0.009646803 0.998483896 185.972030640
0.998492479 -0.012537110 0.053437099 13.245639801 0.011955534 0.999865890 0.011189173 -18.442888260 -0.053570207 -0.010533437 0.998508453 188.212921143
0.998488486 -0.013575281 0.053258434 13.449434280 0.013029584 0.999859095 0.010580088 -18.651138306 -0.053394552 -0.009870160 0.998524725 190.458526611
0.998450935 -0.014690035 0.053666964 13.652075768 0.014171859 0.999849319 0.010023236 -18.858003616 -0.053806119 -0.009247149 0.998508573 192.699890137
0.998450756 -0.016112739 0.053260721 13.863586426 0.015598261 0.999827743 0.010061233 -19.082813263 -0.053413674 -0.009214870 0.998529971 194.959320068
0.998480260 -0.016169803 0.052684918 14.081293106 0.015646221 0.999824166 0.010335346 -19.292394638 -0.052842785 -0.009495320 0.998557627 197.187164307
0.998472631 -0.014271535 0.053372070 14.294350624 0.013717774 0.999848366 0.010727474 -19.505552292 -0.053517073 -0.009978942 0.998517036 199.429687500
0.998507023 -0.012244923 0.053233590 14.499743462 0.011713278 0.999878466 0.010287573 -19.724700928 -0.053353090 -0.009648673 0.998529077 201.707107544
0.998465836 -0.011577546 0.054145820 14.706676483 0.011070789 0.999892175 0.009649691 -19.939218521 -0.054251697 -0.009035450 0.998486400 203.976562500
0.998438120 -0.012094797 0.054542799 14.912958145 0.011533850 0.999877453 0.010587596 -20.150522232 -0.054664169 -0.009941972 0.998455286 206.220504761
0.998389006 -0.013583696 0.055090599 15.118440628 0.012978354 0.999851584 0.011331053 -20.361848831 -0.055236336 -0.010597813 0.998417079 208.441497803
0.998374104 -0.013973001 0.055261414 15.346831322 0.013392233 0.999851286 0.010865895 -20.567241669 -0.055405017 -0.010108153 0.998412788 210.726333618
0.998285711 -0.013578469 0.056932338 15.560146332 0.012921599 0.999845803 0.011890016 -20.774116516 -0.057085015 -0.011133976 0.998307228 212.971115112
0.998197496 -0.012354827 0.058728188 15.793367386 0.011660430 0.999858201 0.012151944 -20.980136871 -0.058869995 -0.011445246 0.998199999 215.209274292
0.998015761 -0.010964328 0.062002741 15.997340202 0.010218160 0.999871612 0.012338762 -21.188442230 -0.062130090 -0.011680724 0.997999668 217.473678589
0.997886121 -0.011028677 0.064043820 16.227905273 0.010229149 0.999865770 0.012798621 -21.393918991 -0.064176388 -0.012116453 0.997865021 219.717681885
0.997760296 -0.012289505 0.065752536 16.465883255 0.011446909 0.999847591 0.013176107 -21.592895508 -0.065904461 -0.012393931 0.997748971 221.955261230
0.997643709 -0.013750954 0.067215666 16.698501587 0.012834376 0.999818921 0.014049250 -21.795291901 -0.067396685 -0.013153477 0.997639537 224.187820435
0.997571528 -0.015812339 0.067830734 16.953380585 0.014930439 0.999797523 0.013488779 -22.004236221 -0.068030298 -0.012443279 0.997605681 226.426696777
0.997535467 -0.017179206 0.068030119 17.198900223 0.016321471 0.999780416 0.013144050 -22.199396133 -0.068240993 -0.012001303 0.997596681 228.677856445
0.997489095 -0.017424218 0.068643562 17.438516617 0.016552009 0.999775290 0.013254774 -22.398694992 -0.068859093 -0.012085306 0.997553170 230.918991089
0.997438192 -0.018662658 0.069055907 17.684288025 0.017851699 0.999764442 0.012342043 -22.601615906 -0.069269985 -0.011077661 0.997536361 233.155120850
0.997404754 -0.019572420 0.069287457 17.928876877 0.018680207 0.999734282 0.013501683 -22.800920486 -0.069533311 -0.012172338 0.997505307 235.392501831
0.997385442 -0.019024370 0.069716282 18.207221985 0.018103445 0.999740601 0.013817741 -23.007234573 -0.069961093 -0.012519509 0.997471094 237.670852661
0.997349560 -0.018810583 0.070285097 18.450651169 0.017896246 0.999747276 0.013616189 -23.202030182 -0.070523456 -0.012322262 0.997434139 239.895935059
0.997314095 -0.018874135 0.070769481 18.698646545 0.017922096 0.999740481 0.014063632 -23.406352997 -0.071016558 -0.012757523 0.997393548 242.125732422
0.997272491 -0.019281175 0.071244359 18.949565887 0.018318472 0.999732196 0.014141491 -23.603340149 -0.071497940 -0.012797832 0.997358620 244.374450684
0.997240543 -0.019595623 0.071605198 19.199987411 0.018666014 0.999732912 0.013628701 -23.810995102 -0.071853116 -0.012254510 0.997339964 246.601226807
0.997238278 -0.019250214 0.071730442 19.452512741 0.018379228 0.999749362 0.012782811 -24.013727188 -0.071958527 -0.011429157 0.997342110 248.831085205
0.997217715 -0.019603333 0.071919523 19.713157654 0.018679412 0.999734342 0.013496765 -24.217754364 -0.072165012 -0.012115799 0.997319102 251.075820923
0.997185349 -0.020858819 0.072016053 19.970918655 0.019944107 0.999711335 0.013397381 -24.420635223 -0.072274715 -0.011923376 0.997313499 253.312759399
0.997179329 -0.020913683 0.072083652 20.233707428 0.019934911 0.999699414 0.014271124 -24.623661041 -0.072360456 -0.012793889 0.997296453 255.569519043
0.997144818 -0.021847880 0.072285071 20.478115082 0.020850716 0.999677181 0.014520891 -24.824676514 -0.072578989 -0.012972234 0.997278333 257.788085938
0.997107446 -0.022062786 0.072733901 20.745147705 0.021016195 0.999664664 0.015123505 -25.032751083 -0.073043190 -0.013551167 0.997236729 260.059112549
0.997071087 -0.021745894 0.073323727 21.003381729 0.020722585 0.999677479 0.014688153 -25.229993820 -0.073619470 -0.013125677 0.997199953 262.305541992
0.997046113 -0.021756534 0.073658697 21.268722534 0.020769183 0.999684334 0.014144003 -25.426898956 -0.073943153 -0.012572394 0.997183204 264.566314697
0.997018516 -0.020989209 0.074253082 21.533769608 0.020019986 0.999704838 0.013773405 -25.631286621 -0.074520230 -0.012245795 0.997144282 266.810424805
0.996938407 -0.020564176 0.075438924 21.789930344 0.019590043 0.999715209 0.013630342 -25.825796127 -0.075697735 -0.012110760 0.997057199 269.064361572
0.996843159 -0.020219155 0.076778069 22.055854797 0.019244401 0.999724925 0.013414498 -26.031600952 -0.077028163 -0.011894602 0.996958077 271.324523926
0.996763110 -0.020891899 0.077632740 22.336595535 0.019878037 0.999707103 0.013809673 -26.236581802 -0.077898510 -0.012221787 0.996886373 273.573547363
0.996546447 -0.021760514 0.080135040 22.582977295 0.020679934 0.999684036 0.014289877 -26.429775238 -0.080420665 -0.012583340 0.996681690 275.822570801
0.996457279 -0.021699948 0.081252612 22.864757538 0.020496394 0.999667883 0.015617464 -26.622381210 -0.081564531 -0.013896751 0.996571183 278.063537598
0.996384561 -0.021099824 0.082295202 23.154642105 0.019734813 0.999654353 0.017365206 -26.837165833 -0.082633168 -0.015678339 0.996456623 280.322357178
0.996310353 -0.020802988 0.083263509 23.441820145 0.019350652 0.999646842 0.018211901 -27.033245087 -0.083612964 -0.016533501 0.996361136 282.561981201
0.996227980 -0.020333715 0.084358633 23.724393845 0.018858043 0.999655485 0.018253047 -27.218675613 -0.084700726 -0.016593354 0.996268272 284.828247070
0.996109009 -0.019290643 0.085992634 23.992467880 0.017834470 0.999684870 0.017669981 -27.404285431 -0.086306401 -0.016067594 0.996139109 287.060516357
0.996098161 -0.018445460 0.086302333 24.281301498 0.017112508 0.999722898 0.016159609 -27.586513519 -0.086576499 -0.014619708 0.996137857 289.306579590
0.996046126 -0.019256646 0.086725868 24.559543610 0.017889595 0.999703526 0.016512683 -27.786058426 -0.087018132 -0.014895902 0.996095359 291.533721924
0.995949924 -0.019133117 0.087850206 24.820919037 0.017842144 0.999721348 0.015457033 -27.976667404 -0.088121459 -0.013826999 0.996013880 293.811279297
0.995985746 -0.019626992 0.087333560 25.111352921 0.018400235 0.999720633 0.014829814 -28.171369553 -0.087600246 -0.013163327 0.996068716 296.036407471
0.995982230 -0.019669877 0.087364338 25.397520065 0.018453866 0.999721587 0.014704841 -28.368469238 -0.087629236 -0.013033547 0.996068001 298.267333984
0.995975375 -0.019048663 0.087580174 25.681003571 0.017818155 0.999731600 0.014810520 -28.560752869 -0.087838776 -0.013190397 0.996047378 300.504455566
0.995918691 -0.018890392 0.088255920 25.949048996 0.017574558 0.999722898 0.015662732 -28.762775421 -0.088527352 -0.014047747 0.995974660 302.743072510
0.995926559 -0.019165561 0.088107027 26.240961075 0.017844934 0.999716699 0.015752262 -28.956798553 -0.088383958 -0.014115832 0.995986462 304.991058350
0.995901108 -0.018466614 0.088542685 26.530256271 0.017113134 0.999725163 0.016021060 -29.154787064 -0.088814214 -0.014440150 0.995943546 307.243957520
0.995905876 -0.019500723 0.088268064 26.821603775 0.018139258 0.999704182 0.016200246 -29.359697342 -0.088557854 -0.014532800 0.995965004 309.500000000
0.995862603 -0.020409578 0.088549957 27.109262466 0.019013166 0.999681652 0.016584747 -29.552555084 -0.088860258 -0.014832512 0.995933652 311.757110596
0.995827138 -0.019811030 0.089083463 27.396318436 0.018467210 0.999703288 0.015884032 -29.750030518 -0.089371711 -0.014172629 0.995897532 314.001403809
0.995853543 -0.019700224 0.088811725 27.693872452 0.018287223 0.999693513 0.016695788 -29.949285507 -0.089113399 -0.015002442 0.995908499 316.246551514
0.995810568 -0.017898187 0.089670621 27.981225967 0.016534859 0.999736488 0.015923575 -30.146034241 -0.089931972 -0.014374175 0.995844185 318.489837646
0.995807409 -0.016441809 0.089986287 28.267387390 0.015025266 0.999752641 0.016396694 -30.339401245 -0.090233617 -0.014975875 0.995808005 320.738861084
0.995732427 -0.015070334 0.091048397 28.547931671 0.013652444 0.999775946 0.016175732 -30.538599014 -0.091271758 -0.014863668 0.995715082 322.967651367
0.995684385 -0.014293441 0.091696858 28.830802917 0.012814377 0.999778450 0.016698478 -30.729898453 -0.091915227 -0.015451374 0.995647073 325.204986572
0.995678604 -0.013885243 0.091822051 29.128726959 0.012267627 0.999759793 0.018157879 -30.933261871 -0.092052139 -0.016952973 0.995609820 327.432189941
0.995657682 -0.014644593 0.091930822 29.417022705 0.013045853 0.999753475 0.017967643 -31.129333496 -0.092171282 -0.016690306 0.995603263 329.678100586
0.995668530 -0.016002819 0.091586582 29.721372604 0.014487715 0.999747336 0.017183920 -31.320697784 -0.091838427 -0.015782610 0.995648801 331.913909912
0.995659769 -0.015989896 0.091683730 30.012111664 0.014485976 0.999749720 0.017045466 -31.515617371 -0.091933347 -0.015643355 0.995642304 334.131164551
0.995643377 -0.016389102 0.091790453 30.304615021 0.014766617 0.999723017 0.018327333 -31.706657410 -0.092065401 -0.016892055 0.995609701 336.358398438
0.995712698 -0.017157711 0.090894677 30.615375519 0.015556751 0.999711573 0.018292760 -31.894798279 -0.091182314 -0.016800303 0.995692492 338.592803955
0.995720983 -0.017034709 0.090826884 30.904500961 0.015406821 0.999708414 0.018594135 -32.090465546 -0.091117121 -0.017115220 0.995693088 340.834594727
0.995757401 -0.017249176 0.090385310 31.205650330 0.015650729 0.999708891 0.018363848 -32.283828735 -0.090675764 -0.016871342 0.995737553 343.086822510
0.995769203 -0.017340625 0.090238683 31.496471405 0.015701769 0.999699235 0.018839722 -32.473197937 -0.090538226 -0.017343111 0.995741904 345.330841064
0.995808363 -0.017219253 0.089828588 31.787389755 0.015581091 0.999699831 0.018906072 -32.659828186 -0.090127192 -0.017427199 0.995777786 347.567932129
0.995863974 -0.017227579 0.089208551 32.079734802 0.015605163 0.999700427 0.018852465 -32.848754883 -0.089506604 -0.017382374 0.995834529 349.814636230
0.995860636 -0.016772285 0.089332424 32.363483429 0.015105654 0.999699533 0.019300085 -33.040073395 -0.089629292 -0.017870773 0.995814860 352.055694580
0.995901287 -0.017110381 0.088813402 32.651988983 0.015426476 0.999688566 0.019612007 -33.225456238 -0.089121319 -0.018161545 0.995855212 354.282836914
0.995924175 -0.016817886 0.088612944 32.935703278 0.015177881 0.999701440 0.019148968 -33.414627075 -0.088908546 -0.017725958 0.995882154 356.518402100
0.995976567 -0.016885554 0.088008523 33.226657867 0.015217289 0.999692202 0.019592367 -33.601867676 -0.088312276 -0.018174289 0.995926976 358.754333496
0.996041358 -0.016425967 0.087360241 33.518428802 0.014697692 0.999684036 0.020389922 -33.792030334 -0.087667547 -0.019025216 0.995968103 361.000213623
0.996092856 -0.016394451 0.086776718 33.812053680 0.014689124 0.999686956 0.020254130 -33.981109619 -0.087081619 -0.018900320 0.996021867 363.245574951
0.996129811 -0.016321834 0.086365432 34.100719452 0.014581192 0.999678433 0.020747023 -34.167537689 -0.086676277 -0.019407416 0.996047497 365.485046387
0.996183693 -0.016291520 0.085747048 34.388946533 0.014618997 0.999691129 0.020097293 -34.355205536 -0.086047977 -0.018767061 0.996114194 367.748657227
0.996200264 -0.016947817 0.085426942 34.671901703 0.015292603 0.999683142 0.019993139 -34.544544220 -0.085738726 -0.018610770 0.996143818 369.999053955
0.996198416 -0.017133111 0.085410915 34.953880310 0.015555689 0.999696553 0.019100120 -34.726634979 -0.085712239 -0.017698888 0.996162772 372.253753662
0.996259809 -0.016908076 0.084737703 35.233528137 0.015333693 0.999698281 0.019196063 -34.921764374 -0.085036688 -0.017824927 0.996218383 374.497406006
0.996335745 -0.016939973 0.083834223 35.522499084 0.015351940 0.999691010 0.019551169 -35.105339050 -0.084139504 -0.018192507 0.996287823 376.743957520
0.996257782 -0.016910393 0.084761046 35.792869568 0.015257509 0.999681354 0.020110548 -35.290435791 -0.085074112 -0.018742044 0.996198356 378.987030029
0.996257126 -0.017498493 0.084649242 36.074901581 0.015823897 0.999666393 0.020413475 -35.481548309 -0.084978215 -0.018997587 0.996201634 381.228698730
0.996277213 -0.017467035 0.084420629 36.363475800 0.015789280 0.999665141 0.020500854 -35.666591644 -0.084750451 -0.019091588 0.996219397 383.487243652
0.996296525 -0.016791087 0.084328733 36.648010254 0.015090625 0.999670565 0.020761820 -35.856742859 -0.084649563 -0.019412354 0.996221662 385.739562988
0.996304989 -0.015726000 0.084434032 36.927879333 0.014031457 0.999688923 0.020625487 -36.034500122 -0.084732108 -0.019364543 0.996215582 387.990844727
0.996321261 -0.014562445 0.084450476 37.214912415 0.012869218 0.999705791 0.020559775 -36.227462769 -0.084725022 -0.019397330 0.996215463 390.263580322
0.996322930 -0.013121402 0.084666878 37.495338440 0.011420726 0.999723792 0.020539852 -36.418964386 -0.084913008 -0.019497361 0.996197581 392.545440674
0.996334314 -0.011655246 0.084746905 37.773788452 0.009831170 0.999711573 0.021909393 -36.603843689 -0.084977843 -0.020995917 0.996161580 394.807128906
0.996293187 -0.010431821 0.085387856 38.051902771 0.008563538 0.999716401 0.022217065 -36.790882111 -0.085595414 -0.021403488 0.996100008 397.074676514
0.996226192 -0.010076529 0.086208396 38.328842163 0.008310696 0.999748766 0.020817753 -36.984428406 -0.086396493 -0.020022739 0.996059597 399.337890625
0.996159911 -0.009995354 0.086979680 38.604671478 0.008254239 0.999758780 0.020354178 -37.171962738 -0.087162130 -0.019558063 0.996002257 401.604003906
0.996037006 -0.010989731 0.088257842 38.880508423 0.009154049 0.999733865 0.021176981 -37.352180481 -0.088467076 -0.020285141 0.995872557 403.851867676
0.996035337 -0.012649309 0.088053800 39.164569855 0.010721697 0.999693155 0.022329947 -37.540855408 -0.088309228 -0.021297330 0.995865524 406.132110596
0.995985568 -0.013153099 0.088542044 39.448993683 0.011233774 0.999691725 0.022140520 -37.724479675 -0.088805951 -0.021056976 0.995826364 408.384826660
0.995979249 -0.011740960 0.088810556 39.760093689 0.009909230 0.999729574 0.021037988 -37.898120880 -0.089033537 -0.020073352 0.995826364 410.652313232
0.995961666 -0.011134133 0.089085706 40.054843903 0.009236193 0.999722064 0.021688590 -38.090652466 -0.089302413 -0.020778190 0.995787859 412.907867432
0.995903075 -0.009255836 0.089951888 40.358890533 0.007402722 0.999753892 0.020913007 -38.281616211 -0.090123318 -0.020161437 0.995726526 415.190521240
0.995814145 -0.008331685 0.091020949 40.652225494 0.006457425 0.999761403 0.020866660 -38.466617584 -0.091173090 -0.020191550 0.995630324 417.458984375
0.995765328 -0.008711061 0.091517247 40.952003479 0.006830675 0.999759436 0.020839978 -38.657539368 -0.091676764 -0.020126598 0.995585382 419.714508057
0.995667636 -0.008578165 0.092586510 41.240947723 0.006670739 0.999759436 0.020891417 -38.842357635 -0.092743441 -0.020183289 0.995485425 421.967346191
0.995598853 -0.008918850 0.093291953 41.531410217 0.007018259 0.999761641 0.020680806 -39.031242371 -0.093454152 -0.019935040 0.995423973 424.221038818
0.995536029 -0.009296442 0.093923286 41.832370758 0.007283006 0.999736786 0.021757120 -39.218055725 -0.094100825 -0.020975955 0.995341659 426.495452881
0.995498121 -0.008299692 0.094417140 42.130245209 0.006222241 0.999732435 0.022276076 -39.401035309 -0.094576769 -0.021588309 0.995283484 428.747283936
0.995410204 -0.007380845 0.095415138 42.431774139 0.005196254 0.999719083 0.023123864 -39.585792542 -0.095559023 -0.022521932 0.995168924 431.023040771
0.995415270 -0.008234953 0.095292486 42.737606049 0.006036084 0.999709487 0.023340227 -39.776210785 -0.095457003 -0.022658028 0.995175600 433.289154053
0.995386899 -0.009091371 0.095510393 43.048782349 0.006943556 0.999716163 0.022796089 -39.967765808 -0.095690511 -0.022027751 0.995167315 435.554443359
0.995396018 -0.008773671 0.095445223 43.364158630 0.006598028 0.999711633 0.023086451 -40.141441345 -0.095620252 -0.022350410 0.995166898 437.825622559
0.995338082 -0.009092211 0.096017927 43.667869568 0.006885810 0.999705136 0.023285475 -40.325065613 -0.096201330 -0.022515755 0.995107174 440.115631104
0.995388985 -0.009208030 0.095477395 43.983463287 0.007016921 0.999704838 0.023259372 -40.504211426 -0.095663399 -0.022482166 0.995159805 442.390777588
0.995369732 -0.008266268 0.095764212 44.300022125 0.005975862 0.999689698 0.024179310 -40.693664551 -0.095934376 -0.023495078 0.995110333 444.672698975
0.995332778 -0.008955228 0.096085757 44.609329224 0.006650375 0.999683082 0.024280941 -40.873172760 -0.096272752 -0.023528615 0.995076835 446.946838379
0.995330393 -0.008816082 0.096122801 44.916652679 0.006550963 0.999693930 0.023855042 -41.056751251 -0.096303701 -0.023113951 0.995083570 449.207611084
0.995343804 -0.008099101 0.096047260 45.227851868 0.005868698 0.999706984 0.023481742 -41.240623474 -0.096209325 -0.022808732 0.995099783 451.471618652
0.995293140 -0.007765286 0.096598700 45.530422211 0.005530631 0.999711335 0.023379669 -41.431243896 -0.096752360 -0.022735376 0.995048761 453.729705811
0.995208561 -0.006836472 0.097535007 45.832256317 0.004590116 0.999719441 0.023237104 -41.603416443 -0.097666480 -0.022678066 0.994960785 456.008941650
0.995198607 -0.007127856 0.097616136 46.139225006 0.004887329 0.999719560 0.023172332 -41.796787262 -0.097753942 -0.022583995 0.994954348 458.277404785
0.995194912 -0.005711392 0.097746722 46.457393646 0.003563697 0.999748647 0.022132551 -41.974807739 -0.097848557 -0.021677861 0.994965196 460.568878174
0.995229542 -0.005121354 0.097426035 46.775920868 0.002944026 0.999742985 0.022479160 -42.159744263 -0.097516127 -0.022085099 0.994988859 462.852294922
0.995233953 -0.004875484 0.097393841 47.082168579 0.002566600 0.999712944 0.023817917 -42.345035553 -0.097481996 -0.023454431 0.994960904 465.121246338
0.995251954 -0.004959684 0.097205147 47.381912231 0.002607075 0.999700963 0.024314603 -42.523567200 -0.097296655 -0.023945734 0.994967282 467.383087158
0.995388508 -0.005102333 0.095789604 47.703361511 0.002892632 0.999726772 0.023192979 -42.704990387 -0.095881775 -0.022808943 0.995131373 469.663024902
0.995487034 -0.005265201 0.094752938 48.026451111 0.003117382 0.999735177 0.022801343 -42.892784119 -0.094847895 -0.022403054 0.995239675 471.960632324
0.995564520 -0.005772015 0.093904085 48.333976746 0.003529696 0.999705076 0.024027424 -43.083366394 -0.094015069 -0.023589399 0.995291233 474.238159180
0.995509624 -0.006053558 0.094467178 48.622360229 0.003816008 0.999708354 0.023848699 -43.263187408 -0.094583996 -0.023381123 0.995242298 476.522735596
0.995635450 -0.005681233 0.093154341 48.929466248 0.003477365 0.999710560 0.023803525 -43.434162140 -0.093262613 -0.023375701 0.995367110 478.796722412
0.995641768 -0.005940068 0.093071081 49.226406097 0.003682408 0.999695241 0.024410365 -43.616546631 -0.093187705 -0.023961253 0.995360196 481.076019287
0.995695353 -0.006352364 0.092467703 49.534259796 0.004057874 0.999679685 0.024980854 -43.796817780 -0.092596754 -0.024498105 0.995402277 483.351257324
0.995690525 -0.006915276 0.092479594 49.824962616 0.004711425 0.999700189 0.024027800 -43.975654602 -0.092618026 -0.023488544 0.995424628 485.637939453
0.995792627 -0.008292723 0.091259189 50.132751465 0.006046631 0.999672651 0.024861252 -44.169487000 -0.091435499 -0.024204837 0.995516777 487.949462891
0.995870888 -0.008734426 0.090359159 50.436618805 0.006503293 0.999667466 0.024956845 -44.345283508 -0.090547092 -0.024266165 0.995596468 490.233978271
0.995828748 -0.008966194 0.090800427 50.699672699 0.006694696 0.999657691 0.025290130 -44.537216187 -0.090996109 -0.024576755 0.995547950 492.509826660
0.995900095 -0.008720785 0.090040177 51.007358551 0.006414460 0.999644637 0.025872095 -44.717704773 -0.090233825 -0.025188459 0.995601952 494.799102783
0.995909810 -0.008264522 0.089974366 51.292575836 0.005987240 0.999655545 0.025550906 -44.894996643 -0.090154558 -0.024907697 0.995616376 497.093200684
0.995944738 -0.008269584 0.089586191 51.599365234 0.006037034 0.999665082 0.025163062 -45.082229614 -0.089764282 -0.024520187 0.995661139 499.409057617
0.996003628 -0.008247086 0.088930532 51.895919800 0.005974876 0.999649644 0.025786392 -45.258819580 -0.089112021 -0.025151998 0.995704114 501.701477051
0.995993376 -0.007908877 0.089076482 52.180801392 0.005600777 0.999642789 0.026131652 -45.442993164 -0.089251332 -0.025528060 0.995681882 503.979400635
0.996020257 -0.007250851 0.088831671 52.474742889 0.005002249 0.999662042 0.025509594 -45.623783112 -0.088986598 -0.024963709 0.995719910 506.271850586
0.996002257 -0.007160380 0.089039125 52.759666443 0.004839437 0.999643683 0.026255166 -45.803665161 -0.089195393 -0.025719309 0.995682001 508.564727783
0.996037006 -0.007543233 0.088619471 53.056911469 0.005325864 0.999667585 0.025231093 -45.980819702 -0.088780329 -0.024659129 0.995745897 510.856079102
0.996075749 -0.008371834 0.088107690 53.358261108 0.006085545 0.999638557 0.026185496 -46.167667389 -0.088295072 -0.025546551 0.995766699 513.156921387
0.996101677 -0.008077214 0.087841310 53.654205322 0.005773267 0.999633372 0.026451025 -46.345237732 -0.088022754 -0.025840782 0.995783210 515.457946777
0.996102571 -0.007078941 0.087917976 53.939216614 0.004791729 0.999645233 0.026199140 -46.521755219 -0.088072248 -0.025675749 0.995783150 517.764404297
0.996085227 -0.006121967 0.088185981 54.222583771 0.003845845 0.999655604 0.025957301 -46.700958252 -0.088314518 -0.025516534 0.995765805 520.063903809
0.996055007 -0.004529707 0.088622510 54.517745972 0.002211713 0.999653339 0.026236562 -46.888290405 -0.088710614 -0.025937051 0.995719671 522.402099609
0.996010125 -0.002484083 0.089205489 54.819980621 0.000124670 0.999650180 0.026445031 -47.068420410 -0.089239985 -0.026328396 0.995662093 524.741943359
0.995977879 -0.001569189 0.089585781 55.118545532 -0.000911374 0.999617457 0.027641650 -47.238502502 -0.089594878 -0.027612114 0.995595574 527.062622070
0.995930493 -0.002318909 0.090094857 55.413181305 -0.000168085 0.999619424 0.027586794 -47.414093018 -0.090124540 -0.027489670 0.995551050 529.369567871
0.995922148 -0.004200264 0.090118490 55.714752197 0.001603139 0.999581814 0.028872056 -47.588088989 -0.090202078 -0.028609848 0.995512426 531.679870605
0.995869160 -0.005912865 0.090608612 56.020343781 0.003330864 0.999584794 0.028620968 -47.761863708 -0.090740211 -0.028200926 0.995475233 533.997680664
0.995847046 -0.005943888 0.090847589 56.318920135 0.003413905 0.999602675 0.027978716 -47.933444977 -0.090977781 -0.027552374 0.995471716 536.306030273
0.995770335 -0.006354338 0.091657408 56.617984772 0.003818742 0.999605834 0.027812745 -48.109275818 -0.091798000 -0.027345089 0.995402098 538.626037598
0.995697618 -0.005620777 0.092491284 56.912876129 0.003113443 0.999624252 0.027230868 -48.288227081 -0.092609599 -0.026825739 0.995341063 540.944763184
0.995637774 -0.005166357 0.093159690 57.215808868 0.002646615 0.999627769 0.027150851 -48.468204498 -0.093265295 -0.026785852 0.995280921 543.250183105
0.995517731 -0.004447281 0.094470665 57.499744415 0.002014059 0.999664187 0.025836119 -48.644432068 -0.094553836 -0.025530046 0.995192349 545.582763672
0.995394766 -0.004186548 0.095769182 57.793842316 0.001671884 0.999652088 0.026322734 -48.819877625 -0.095846072 -0.026041394 0.995055377 547.912475586
0.995337248 -0.004056270 0.096369796 58.101268768 0.001452786 0.999632478 0.027070381 -49.000324249 -0.096444175 -0.026804157 0.994977415 550.231018066
0.995282292 -0.004052809 0.096936502 58.409423828 0.001407572 0.999625087 0.027341180 -49.180168152 -0.097010978 -0.027075751 0.994914889 552.539123535
0.995315611 -0.005146987 0.096542083 58.731822968 0.002607854 0.999647856 0.026408559 -49.355827332 -0.096644014 -0.026033083 0.994978487 554.857238770
0.995310426 -0.005447363 0.096579172 59.050289154 0.002853813 0.999632120 0.026971964 -49.536109924 -0.096690573 -0.026569853 0.994959891 557.175964355
0.995260417 -0.005257856 0.097103566 59.359954834 0.002611419 0.999622166 0.027360780 -49.712638855 -0.097210728 -0.026977517 0.994898260 559.485656738
0.995244145 -0.004613678 0.097302914 59.676239014 0.001864148 0.999596894 0.028329423 -49.887218475 -0.097394392 -0.028013306 0.994851530 561.817199707
0.995265543 -0.005511562 0.097036399 60.001945496 0.002730240 0.999582291 0.028772160 -50.061965942 -0.097154438 -0.028371008 0.994864881 564.148193359
0.995222628 -0.004805797 0.097513378 60.318115234 0.001932601 0.999561787 0.029537722 -50.235519409 -0.097612590 -0.029208152 0.994795799 566.467895508
0.995184302 -0.004009208 0.097938769 60.638790131 0.001184248 0.999581993 0.028885260 -50.412284851 -0.098013632 -0.028630178 0.994773149 568.785339355
0.995196521 -0.002894497 0.097853705 60.972152710 0.000211327 0.999624014 0.027419472 -50.580951691 -0.097896270 -0.027267085 0.994823039 571.121398926
0.995168626 -0.002661691 0.098143399 61.305480957 -0.000028965 0.999624491 0.027403934 -50.759170532 -0.098179489 -0.027274378 0.994794965 573.446899414
0.995212197 -0.002537400 0.097704805 61.640129089 -0.000244085 0.999595284 0.028445778 -50.937725067 -0.097737454 -0.028333435 0.994808853 575.830810547
0.995213091 -0.002569481 0.097694084 61.966999054 -0.000341755 0.999556720 0.029771110 -51.118293762 -0.097727269 -0.029661989 0.994771123 578.137207031
0.995147884 -0.002049623 0.098369002 62.283607483 -0.000701519 0.999609768 0.027924838 -51.293144226 -0.098387860 -0.027858349 0.994758070 580.553161621
0.995167792 -0.002821414 0.098148338 62.608921051 0.000129889 0.999624014 0.027418617 -51.462318420 -0.098188803 -0.027273374 0.994794011 582.894958496
0.995139241 -0.003536069 0.098413862 62.927944183 0.000649041 0.999568939 0.029352162 -51.649650574 -0.098475225 -0.029145615 0.994712591 585.218872070
0.995184600 -0.003337771 0.097961761 63.251647949 0.000449938 0.999565065 0.029486490 -51.822425842 -0.098017573 -0.029300425 0.994753242 587.537963867
0.995137036 -0.005771963 0.098331071 63.580516815 0.003009223 0.999597192 0.028221484 -52.001350403 -0.098454371 -0.027788343 0.994753540 589.905761719
0.995154977 -0.006025449 0.098133527 63.910602570 0.003285943 0.999601007 0.028053848 -52.172378540 -0.098263405 -0.027595466 0.994777739 592.257385254
0.995166600 -0.007727130 0.097896412 64.231964111 0.004946772 0.999578476 0.028611965 -52.350723267 -0.098076224 -0.027989402 0.994785249 594.596618652
0.995194256 -0.008385265 0.097560726 64.562759399 0.005584408 0.999565303 0.028946590 -52.527336121 -0.097761065 -0.028262662 0.994808495 596.955383301
