1.000000000 0.000000000 0.000000000 0.000000000 0.000000000 1.000000000 0.000000000 0.000000000 0.000000000 0.000000000 1.000000000 0.000000000
0.999999940 -0.000010847 0.000406285 0.089799151 0.000010937 1.000000000 -0.000223341 -0.226024717 -0.000406283 0.000223345 0.999999881 2.294612408
0.999999404 0.000243065 0.001069028 0.168100595 -0.000243399 0.999999881 0.000311858 -0.465009004 -0.001068952 -0.000312118 0.999999344 4.580983639
0.999998689 -0.000089280 0.001582062 0.266713738 0.000088450 0.999999881 0.000525070 -0.696737528 -0.001582109 -0.000524929 0.999998629 6.864163399
0.999996901 -0.000299176 0.002481559 0.361152709 0.000302460 0.999999106 -0.001322866 -0.927345634 -0.002481161 0.001323612 0.999996066 9.158243179
0.999988258 0.001442845 0.004653430 0.450951189 -0.001442909 0.999999106 0.000010436 -1.163062215 -0.004653410 -0.000017150 0.999989152 11.464845657
0.999970615 0.003406760 0.006870078 0.556084335 -0.003414965 0.999993443 0.001182905 -1.394075990 -0.006866004 -0.001206331 0.999975681 13.745044708
0.999952972 0.003259132 0.009130246 0.664368629 -0.003293596 0.999987483 0.003762240 -1.623339415 -0.009117871 -0.003792134 0.999951184 16.014472961
0.999943852 0.003696489 0.009931664 0.761522174 -0.003752409 0.999977171 0.005617807 -1.858711123 -0.009910669 -0.005654759 0.999934912 18.314718246
0.999929905 0.002791309 0.011501807 0.870913982 -0.002855962 0.999980152 0.005608566 -2.081151962 -0.011485920 -0.005641023 0.999918103 20.601659775
0.999927521 0.000127519 0.012036682 0.987575173 -0.000159094 0.999996543 0.002622316 -2.298641443 -0.012036306 -0.002624041 0.999924123 22.903593063
0.999914944 -0.002037715 0.012874734 1.094414115 0.002031020 0.999997795 0.000533091 -2.518078089 -0.012875790 -0.000506896 0.999917030 25.185619354
0.999917209 -0.002723592 0.012575395 1.231807232 0.002725441 0.999996305 -0.000129877 -2.763226032 -0.012574995 0.000164140 0.999920905 27.475627899
0.999896765 -0.002439452 0.014155583 1.329823732 0.002458715 0.999996066 -0.001343529 -2.986983538 -0.014152249 0.001378195 0.999898851 29.761312485
0.999898374 -0.000266861 0.014251799 1.462035179 0.000242779 0.999998510 0.001691494 -3.221744537 -0.014252231 -0.001687862 0.999897003 32.030715942
0.999895334 0.001695025 0.014364606 1.590806961 -0.001748146 0.999991655 0.003686281 -3.441685915 -0.014358238 -0.003711007 0.999889970 34.313377380
0.999859214 0.003465762 0.016415786 1.699667573 -0.003592153 0.999963999 0.007676051 -3.671604633 -0.016388591 -0.007733940 0.999835789 36.624099731
0.999839962 0.005374642 0.017062554 1.817797422 -0.005498089 0.999958932 0.007196352 -3.890473366 -0.017023176 -0.007289012 0.999828517 38.895271301
0.999811590 0.004274940 0.018935395 1.926124096 -0.004384732 0.999973774 0.005760520 -4.097746372 -0.018910274 -0.005842461 0.999804139 41.191963196
0.999823689 0.001802044 0.018692128 2.056305408 -0.001896776 0.999985397 0.005051533 -4.326237202 -0.018682752 -0.005086096 0.999812603 43.470142365
0.999813795 0.001332915 0.019249847 2.177288294 -0.001400834 0.999992788 0.003515254 -4.549338818 -0.019245023 -0.003541565 0.999808550 45.715980530
0.999811113 0.000745466 0.019428147 2.303525448 -0.000800121 0.999995768 0.002805555 -4.782006741 -0.019425977 -0.002820569 0.999807417 47.981849670
0.999811709 -0.000813649 0.019387320 2.441984892 0.000753939 0.999994934 0.003086963 -5.010674000 -0.019389732 -0.003071764 0.999807298 50.261924744
0.999796689 -0.001600008 0.020101752 2.575198174 0.001531654 0.999992907 0.003415357 -5.235390663 -0.020107076 -0.003383873 0.999792099 52.524139404
0.999787271 -0.002784105 0.020437602 2.710886002 0.002715522 0.999990582 0.003382701 -5.465775013 -0.020446829 -0.003326482 0.999785483 54.807678223
0.999756336 -0.003090639 0.021856623 2.838053703 0.003008515 0.999988317 0.003789268 -5.694787502 -0.021868080 -0.003722589 0.999753892 57.102554321
0.999737561 -0.004460017 0.022467675 2.977550030 0.004362501 0.999980807 0.004387421 -5.920533657 -0.022486812 -0.004288254 0.999737859 59.370323181
0.999689162 -0.005895594 0.024224132 3.103724957 0.005810217 0.999976635 0.003593351 -6.143753052 -0.024244752 -0.003451486 0.999700069 61.639736176
0.999674499 -0.006723083 0.024614897 3.256612301 0.006637842 0.999971688 0.003543076 -6.370390415 -0.024638021 -0.003378532 0.999690652 63.893333435
0.999642670 -0.006277509 0.025980657 3.397608042 0.006171952 0.999972522 0.004141087 -6.594659328 -0.026005937 -0.003979256 0.999653876 66.161872864
0.999618590 -0.005258294 0.027115170 3.546553135 0.005137513 0.999976575 0.004522095 -6.824038982 -0.027138319 -0.004381065 0.999622047 68.419662476
0.999579251 -0.005548055 0.028470714 3.687160969 0.005428629 0.999976099 0.004270257 -7.049972057 -0.028493727 -0.004113904 0.999585509 70.672485352
0.999564290 -0.006393364 0.028815400 3.849947929 0.006310226 0.999975681 0.002975195 -7.275357723 -0.028833717 -0.002792068 0.999580324 72.925895691
0.999545157 -0.007159904 0.029294001 4.006232262 0.007055832 0.999968410 0.003654490 -7.504034042 -0.029319236 -0.003446133 0.999564290 75.199958801
0.999502718 -0.008254149 0.030435648 4.171637535 0.008162765 0.999961793 0.003125545 -7.735586166 -0.030460287 -0.002875551 0.999531865 77.465164185
0.999492228 -0.009401488 0.030445747 4.331927299 0.009317189 0.999952376 0.002909459 -7.964674473 -0.030471653 -0.002624313 0.999532104 79.693305969
0.999460578 -0.009885258 0.031320933 4.482277870 0.009804804 0.999948263 0.002721203 -8.183938980 -0.031346217 -0.002412640 0.999505699 81.947319031
0.999448359 -0.008726873 0.032043882 4.657951355 0.008653078 0.999959588 0.002440942 -8.410102844 -0.032063894 -0.002162317 0.999483466 84.205535889
0.999395907 -0.008449152 0.033711314 4.816340446 0.008366037 0.999961615 0.002605811 -8.625848770 -0.033732034 -0.002322207 0.999428153 86.456565857
0.999394715 -0.008254482 0.033795152 4.987362862 0.008114554 0.999957919 0.004275570 -8.865822792 -0.033829030 -0.003998749 0.999419570 88.735557556
0.999366403 -0.007350154 0.034824893 5.149159908 0.007188587 0.999962807 0.004762347 -9.091894150 -0.034858596 -0.004508989 0.999382079 90.989089966
0.999344707 -0.007221695 0.035468768 5.320372581 0.007061355 0.999964297 0.004643800 -9.314161301 -0.035501029 -0.004390300 0.999360025 93.242805481
0.999326229 -0.007227030 0.035983928 5.489880562 0.007083898 0.999966502 0.004103557 -9.532897949 -0.036012385 -0.003845886 0.999343932 95.498146057
0.999299169 -0.007655351 0.036641460 5.661084175 0.007503880 0.999962747 0.004269620 -9.752166748 -0.036672782 -0.003991676 0.999319315 97.757781982
0.999255657 -0.007182220 0.037900299 5.819309711 0.007043291 0.999968112 0.003797843 -9.984318733 -0.037926357 -0.003528074 0.999274254 99.992698669
0.999182880 -0.007083961 0.039794102 5.971720695 0.006890650 0.999963820 0.004992849 -10.202799797 -0.039828036 -0.004714561 0.999195516 102.213020325
0.999184310 -0.007494487 0.039680984 6.175550938 0.007303908 0.999961019 0.004945599 -10.426906586 -0.039716505 -0.004651739 0.999200165 104.472595215
0.999141514 -0.008095610 0.040628016 6.351395130 0.007874179 0.999953210 0.005607281 -10.643371582 -0.040671516 -0.005282556 0.999158561 106.708129883
0.999107182 -0.009447949 0.041175630 6.535104275 0.009219257 0.999941051 0.005740380 -10.859635353 -0.041227430 -0.005355647 0.999135435 108.960182190
0.999067664 -0.010488961 0.041878447 6.720292091 0.010218261 0.999925494 0.006672757 -11.085091591 -0.041945323 -0.006238611 0.999100387 111.216239929
0.999041021 -0.011273017 0.042306326 6.912171364 0.011059669 0.999924958 0.005273585 -11.304334641 -0.042362601 -0.004800634 0.999090731 113.473709106
0.998992383 -0.011716337 0.043323930 7.095558643 0.011540288 0.999924123 0.004311434 -11.524884224 -0.043371156 -0.003807118 0.999051750 115.723037720
0.998957396 -0.011614389 0.044148158 7.280253410 0.011414236 0.999923408 0.004782975 -11.750605583 -0.044200324 -0.004274070 0.999013484 117.967140198
0.998918056 -0.011714704 0.045005318 7.471218109 0.011466464 0.999917626 0.005770016 -11.973899841 -0.045069199 -0.005247722 0.998970032 120.210578918
0.998886824 -0.012288501 0.045542713 7.674240112 0.011986917 0.999904454 0.006889210 -12.204161644 -0.045623016 -0.006335625 0.998938560 122.416198730
0.998829901 -0.012592190 0.046691176 7.869404793 0.012327338 0.999906242 0.005956042 -12.423316002 -0.046761800 -0.005373496 0.998891532 124.742065430
0.998790741 -0.012884028 0.047444157 8.052351952 0.012655506 0.999906838 0.005113887 -12.645696640 -0.047505625 -0.004507273 0.998860717 126.997673035
0.998780370 -0.014848762 0.047086511 8.249458313 0.014616240 0.999879241 0.005278654 -12.861052513 -0.047159210 -0.004583989 0.998876870 129.267288208
0.998811841 -0.015894132 0.046070952 8.442199707 0.015650723 0.999861598 0.005639317 -13.079332352 -0.046154212 -0.004911571 0.998922229 131.522338867
0.998876274 -0.016280910 0.044509597 8.640571594 0.015993128 0.999848902 0.006814093 -13.297492027 -0.044613816 -0.006094589 0.998985708 133.755584717
0.998925209 -0.017341034 0.042985521 8.827101707 0.017091572 0.999834895 0.006164209 -13.514135361 -0.043085318 -0.005422893 0.999056697 136.001220703
0.999014497 -0.018313682 0.040430352 9.042299271 0.018101189 0.999820352 0.005615633 -13.727120399 -0.040525936 -0.004878261 0.999166548 138.220428467
0.999010146 -0.018709773 0.040356562 9.215410233 0.018499378 0.999813259 0.005580555 -13.948305130 -0.040453438 -0.004828460 0.999169767 140.494323730
0.998984993 -0.019085910 0.040800884 9.381248474 0.018863957 0.999805152 0.005818038 -14.158935547 -0.040903974 -0.005042467 0.999150395 142.723297119
0.999049067 -0.018836197 0.039319087 9.581184387 0.018573981 0.999802947 0.007023523 -14.383930206 -0.039443627 -0.006286534 0.999201953 144.948715210
0.999060810 -0.017929334 0.039447349 9.756057739 0.017710477 0.999825716 0.005890591 -14.600683212 -0.039546099 -0.005186426 0.999204278 147.191513062
0.999084115 -0.016739151 0.039377324 9.936445236 0.016582305 0.999853194 0.004306423 -14.818474770 -0.039443627 -0.003649512 0.999215126 149.427703857
0.999092758 -0.015201159 0.039781578 10.113476753 0.015076760 0.999880433 0.003425203 -15.040877342 -0.039828897 -0.002822318 0.999202549 151.668197632
0.999106884 -0.014230927 0.039786179 10.299932480 0.014101401 0.999894321 0.003534330 -15.260672569 -0.039832272 -0.002970132 0.999201953 153.894561768
0.999092817 -0.013377147 0.040428191 10.476719856 0.013219162 0.999903917 0.004172596 -15.484275818 -0.040480118 -0.003634384 0.999173701 156.156829834
0.999091506 -0.012669969 0.040690150 10.672753334 0.012460187 0.999907792 0.005405121 -15.708819389 -0.040754884 -0.004893202 0.999157190 158.371185303
0.999046087 -0.011942158 0.042006005 10.832032204 0.011685007 0.999911487 0.006361990 -15.929454803 -0.042078257 -0.005865080 0.999097109 160.628646851
0.999010444 -0.010998360 0.043093387 11.014920235 0.010662618 0.999911010 0.008013153 -16.145582199 -0.043177679 -0.007545735 0.999038935 162.862396240
0.998975098 -0.010584339 0.044008832 11.197255135 0.010264100 0.999919176 0.007496379 -16.362766266 -0.044084627 -0.007036984 0.999002993 165.122055054
0.998930931 -0.009787406 0.045178656 11.389891624 0.009508698 0.999934435 0.006379773 -16.580215454 -0.045238122 -0.005943364 0.998958528 167.366409302
0.998845756 -0.007925599 0.047374494 11.574520111 0.007614616 0.999948323 0.006741230 -16.797655106 -0.047425475 -0.006372710 0.998854399 169.597579956
0.998755991 -0.007545229 0.049290903 11.791769028 0.007177268 0.999945045 0.007637827 -17.035720825 -0.049345825 -0.007274551 0.998755276 171.872116089
0.998636365 -0.007923205 0.051600989 11.991686821 0.007564365 0.999945879 0.007145725 -17.246788025 -0.051654819 -0.006745653 0.998642206 174.138809204
0.998553813 -0.007819894 0.053189717 12.200616837 0.007427970 0.999943793 0.007562111 -17.462558746 -0.053245869 -0.007156084 0.998555720 176.389328003
0.998495400 -0.008816649 0.054120891 12.405319214 0.008373627 0.999929607 0.008407098 -17.679046631 -0.054191206 -0.007941259 0.998498976 178.616592407
0.998443425 -0.009665417 0.054929689 12.602573395 0.009190927 0.999918282 0.008884215 -17.896465302 -0.055011068 -0.008365531 0.998450696 180.853836060
0.998483241 -0.010864348 0.053972308 12.820477486 0.010423186 0.999909997 0.008448629 -18.116992950 -0.054059241 -0.007873252 0.998506665 183.134429932
0.998494744 -0.012163133 0.053481955 13.035877228 0.011731304 0.999896049 0.008380871 -18.334079742 -0.053578332 -0.007740843 0.998533666 185.380920410
0.998496413 -0.013977272 0.053006124 13.250461578 0.013490537 0.999863565 0.009529333 -18.548830032 -0.053132087 -0.008799925 0.998548687 187.617660522
0.998485208 -0.015283639 0.052857932 13.454906464 0.014839544 0.999851286 0.008783975 -18.762107849 -0.052984327 -0.007986281 0.998563349 189.869155884
0.998451769 -0.016342236 0.053169206 13.659031868 0.015920220 0.999838352 0.008351153 -18.974061966 -0.053297091 -0.007491756 0.998550594 192.109039307
0.998442411 -0.017450118 0.052992892 13.865832329 0.017047569 0.999822378 0.008038946 -19.198598862 -0.053123768 -0.007123025 0.998562515 194.375030518
0.998467863 -0.016997524 0.052659761 14.079595566 0.016570963 0.999826312 0.008526412 -19.412273407 -0.052795541 -0.007640726 0.998576045 196.610076904
0.998493433 -0.015695589 0.052578703 14.297116280 0.015234709 0.999841988 0.009154879 -19.629955292 -0.052714087 -0.008340065 0.998574853 198.836456299
0.998498738 -0.012627945 0.053297881 14.498348236 0.012207980 0.999891877 0.008197832 -19.846410751 -0.053395640 -0.007534867 0.998544931 201.136688232
0.998470306 -0.011996306 0.053973421 14.711538315 0.011613190 0.999905109 0.007406226 -20.059608459 -0.054057151 -0.006768093 0.998514891 203.404403687
0.998418331 -0.012519863 0.054808967 14.912205696 0.012096543 0.999894381 0.008048524 -20.269504547 -0.054903958 -0.007372796 0.998464346 205.628616333
0.998428643 -0.013946610 0.054276407 15.151926041 0.013509969 0.999873340 0.008403422 -20.492591858 -0.054386731 -0.007656943 0.998490691 207.885620117
0.998361826 -0.013724042 0.055546224 15.357042313 0.013268798 0.999875307 0.008556345 -20.694496155 -0.055656731 -0.007805296 0.998419404 210.128829956
0.998279691 -0.013388954 0.057082020 15.569079399 0.012841551 0.999868095 0.009945859 -20.924989700 -0.057207655 -0.009195727 0.998319924 212.362808228
0.998209178 -0.011990011 0.058605608 15.805311203 0.011404386 0.999881685 0.010316905 -21.136547089 -0.058722384 -0.009630068 0.998227835 214.595748901
0.998029292 -0.010067131 0.061936326 16.027961731 0.009446162 0.999902248 0.010310585 -21.345060349 -0.062034074 -0.009705205 0.998026788 216.893539429
0.997892261 -0.010113473 0.064099751 16.257328033 0.009449820 0.999898553 0.010648175 -21.552740097 -0.064200930 -0.010020002 0.997886658 219.140518188
0.997756481 -0.011665591 0.065922678 16.492519379 0.010950964 0.999877334 0.011191376 -21.758558273 -0.066045143 -0.010444351 0.997761965 221.373123169
0.997649968 -0.012889071 0.067293324 16.727615356 0.012108651 0.999854684 0.011992342 -21.962615967 -0.067438111 -0.011149325 0.997661293 223.606094360
0.997584343 -0.014895489 0.067849681 16.977382660 0.014139645 0.999832630 0.011606640 -22.176277161 -0.068011209 -0.010619233 0.997627974 225.836212158
0.997551024 -0.016202362 0.068039827 17.220916748 0.015472845 0.999817133 0.011235314 -22.377151489 -0.068209440 -0.010155030 0.997619331 228.079803467
0.997505605 -0.016496357 0.068631575 17.463737488 0.015747853 0.999810755 0.011432944 -22.581546783 -0.068807185 -0.010323626 0.997576475 230.327041626
0.997417271 -0.017523741 0.069654211 17.703725815 0.016821368 0.999801695 0.010657545 -22.790195465 -0.069827162 -0.009458340 0.997514188 232.571990967
0.997421622 -0.019016156 0.069198482 17.973514557 0.018224066 0.999761164 0.012060060 -23.008646011 -0.069411300 -0.010767887 0.997529984 234.858657837
0.997375786 -0.018779077 0.069920436 18.219884872 0.017977130 0.999765396 0.012081067 -23.210802078 -0.070130914 -0.010792397 0.997479439 237.100036621
0.997328758 -0.018591855 0.070638038 18.462066650 0.017788479 0.999770045 0.011985308 -23.410585403 -0.070844606 -0.010696749 0.997430146 239.319152832
0.997296393 -0.018910415 0.071009129 18.711368561 0.018079644 0.999760568 0.012324037 -23.615905762 -0.071225181 -0.011006899 0.997399509 241.545074463
0.997244596 -0.019170867 0.071664020 18.959232330 0.018322965 0.999754369 0.012470417 -23.817481995 -0.071885481 -0.011122958 0.997350872 243.791244507
0.997202575 -0.019533023 0.072147965 19.209276199 0.018729316 0.999754965 0.011799538 -24.026857376 -0.072360769 -0.010415248 0.997324288 246.020889282
0.997219682 -0.019167524 0.072009929 19.472595215 0.018406875 0.999767721 0.011211949 -24.238071442 -0.072208107 -0.009855297 0.997340858 248.261749268
0.997191072 -0.019513696 0.072313294 19.729183197 0.018708766 0.999755442 0.011791892 -24.443786621 -0.072525710 -0.010405875 0.997312248 250.496688843
0.997160435 -0.020786982 0.072382487 19.987712860 0.019989593 0.999731600 0.011723426 -24.648464203 -0.072606742 -0.010243240 0.997308016 252.717941284
0.997145236 -0.020908982 0.072554655 20.251188278 0.020059153 0.999721766 0.012422002 -24.852966309 -0.072794177 -0.010931155 0.997287095 254.974227905
0.997113883 -0.021628851 0.072774388 20.492567062 0.020751435 0.999702811 0.012791339 -25.058467865 -0.073029421 -0.011244250 0.997266412 257.190979004
0.997103214 -0.022102527 0.072777845 20.769649506 0.021198675 0.999688566 0.013168461 -25.270639420 -0.073046230 -0.011587523 0.997261226 259.478240967
0.997075558 -0.021754175 0.073259644 21.029470444 0.020896552 0.999704182 0.012452801 -25.470115662 -0.073508866 -0.010885510 0.997235119 261.723022461
0.997056723 -0.021775812 0.073509365 21.293924332 0.020944025 0.999707818 0.012067394 -25.672843933 -0.073750675 -0.010492294 0.997221529 263.975067139
0.997039258 -0.020985153 0.073975228 21.560983658 0.020186942 0.999729812 0.011521550 -25.880681992 -0.074197024 -0.009994102 0.997193515 266.217529297
0.996969283 -0.020436130 0.075063847 21.819368362 0.019615375 0.999739647 0.011655154 -26.081171036 -0.075282492 -0.010147424 0.997110605 268.461425781
0.996837020 -0.020020112 0.076908939 22.070783615 0.019189097 0.999749362 0.011529042 -26.299930573 -0.077120468 -0.010016765 0.996971488 270.721435547
0.996748149 -0.020753890 0.077861302 22.347991943 0.019890210 0.999731898 0.011851773 -26.507858276 -0.078086406 -0.010264555 0.996893823 272.970062256
0.996568859 -0.021132484 0.080024645 22.604196548 0.020189963 0.999717116 0.012568900 -26.709041595 -0.080267623 -0.010910077 0.996713638 275.218627930
0.996439576 -0.021012058 0.081649318 22.877853394 0.019986432 0.999710977 0.013358542 -26.899444580 -0.081906423 -0.011679101 0.996571600 277.459930420
0.996377647 -0.020316130 0.082575962 23.169286728 0.019105339 0.999698460 0.015426645 -27.122167587 -0.082864471 -0.013793123 0.996465385 279.721618652
0.996266127 -0.020152099 0.083950236 23.452133179 0.018821679 0.999684930 0.016609238 -27.325862885 -0.084258497 -0.014967140 0.996331573 281.958221436
0.996204376 -0.019525580 0.084826864 23.735923767 0.018215306 0.999703050 0.016193110 -27.511173248 -0.085117854 -0.014586504 0.996264040 284.221679688
0.996100605 -0.018524330 0.086258017 24.008337021 0.017213261 0.999725044 0.015918508 -27.706029892 -0.086529180 -0.014371655 0.996145606 286.459014893
0.996102154 -0.017909050 0.086369954 24.296974182 0.016712502 0.999754310 0.014557071 -27.893096924 -0.086609468 -0.013056870 0.996156693 288.686553955
0.996042728 -0.018749855 0.086875610 24.573856354 0.017511694 0.999734282 0.014992466 -28.097007751 -0.087133624 -0.013411799 0.996106327 290.912445068
0.995976210 -0.018617140 0.087661974 24.841033936 0.017461739 0.999750495 0.013928657 -28.291299820 -0.087899409 -0.012341881 0.996052921 293.168518066
0.996010125 -0.019118091 0.087168135 25.131252289 0.018033048 0.999750018 0.013218287 -28.489320755 -0.087399043 -0.011593643 0.996105909 295.398468018
0.995995760 -0.019202499 0.087313734 25.414201736 0.018126016 0.999749780 0.013105147 -28.689634323 -0.087543562 -0.011470021 0.996094644 297.631927490
0.996002793 -0.018421279 0.087401874 25.698860168 0.017340386 0.999763727 0.013110143 -28.885074615 -0.087622732 -0.011542155 0.996086836 299.870300293
0.995937645 -0.018089134 0.088209629 25.963476181 0.016854683 0.999749601 0.014719389 -29.098758698 -0.088453807 -0.013172846 0.995993197 302.110992432
0.995939314 -0.018398056 0.088127062 26.255720139 0.017175552 0.999745727 0.014610386 -29.291910172 -0.088373445 -0.013037430 0.996002078 304.365356445
0.995894670 -0.017952956 0.088722952 26.540445328 0.016720321 0.999753296 0.014616920 -29.486141205 -0.088963494 -0.013073435 0.995949090 306.609649658
0.995885849 -0.018510222 0.088705085 26.827138901 0.017261418 0.999741018 0.014824715 -29.695386887 -0.088956520 -0.013232549 0.995947599 308.856781006
0.995830417 -0.019470986 0.089121386 27.114509583 0.018195901 0.999720454 0.015097476 -29.890562057 -0.089390427 -0.013412883 0.995906293 311.111602783
0.995800018 -0.019435804 0.089468442 27.404891968 0.018208005 0.999728739 0.014519167 -30.091552734 -0.089726374 -0.012829145 0.995883822 313.345733643
0.995825410 -0.018791843 0.089323327 27.703807831 0.017512042 0.999732792 0.015089957 -30.292942047 -0.089583024 -0.013462731 0.995888352 315.602661133
0.995772243 -0.016850263 0.090299293 27.994415283 0.015601811 0.999772966 0.014513860 -30.495923996 -0.090523362 -0.013043666 0.995808899 317.836944580
0.995769024 -0.015675895 0.090544574 28.285089493 0.014413977 0.999789894 0.014574136 -30.687267303 -0.090754017 -0.013207366 0.995785713 320.082641602
0.995722532 -0.014402934 0.091264471 28.575542450 0.013182229 0.999815702 0.013964181 -30.885786057 -0.091448762 -0.012701382 0.995728910 322.323394775
0.995672047 -0.013623396 0.091932260 28.859132767 0.012307680 0.999813795 0.014863610 -31.085189819 -0.092117630 -0.013667806 0.995654345 324.565063477
0.995676696 -0.013438917 0.091909103 29.154569626 0.011998777 0.999796689 0.016203826 -31.290496826 -0.092108190 -0.015030976 0.995635509 326.792205811
0.995618582 -0.013724586 0.092494883 29.435813904 0.012306412 0.999798059 0.015885433 -31.487119675 -0.092694230 -0.014677551 0.995586395 329.035461426
0.995599151 -0.015032382 0.092500798 29.734441757 0.013716781 0.999795735 0.014841970 -31.680732727 -0.092705011 -0.013507839 0.995602012 331.266540527
0.995588005 -0.014360295 0.092726976 30.023651123 0.013039641 0.999804914 0.014832600 -31.879919052 -0.092921875 -0.013558033 0.995581090 333.491485596
0.995543540 -0.014613248 0.093163528 30.314291000 0.013194930 0.999787748 0.015821846 -32.074737549 -0.093374953 -0.014522050 0.995525122 335.727325439
0.995587766 -0.015008100 0.092626750 30.623098373 0.013605252 0.999783278 0.015758136 -32.268970490 -0.092843190 -0.014428399 0.995576203 337.964538574
0.995561421 -0.014711514 0.092957243 30.908571243 0.013255214 0.999779820 0.016264446 -32.471778870 -0.093176067 -0.014960090 0.995537221 340.203247070
0.995578766 -0.014940546 0.092734352 31.208053589 0.013540788 0.999785066 0.015705211 -32.667423248 -0.092949063 -0.014380079 0.995566964 342.447967529
0.995581508 -0.015084787 0.092682004 31.501169205 0.013648572 0.999777198 0.016110551 -32.861362457 -0.092904367 -0.014774390 0.995565414 344.687591553
0.995612383 -0.014539906 0.092436999 31.793867111 0.013090725 0.999782026 0.016264578 -33.056995392 -0.092653334 -0.014983147 0.995585680 346.918212891
0.995638013 -0.014297199 0.092198513 32.086788177 0.012876381 0.999789298 0.015986959 -33.249134064 -0.092407644 -0.014730038 0.995612323 349.159606934
0.995609164 -0.013849695 0.092576936 32.374958038 0.012368167 0.999786377 0.016557872 -33.448856354 -0.092786461 -0.015340162 0.995567858 351.397186279
0.995635271 -0.013901100 0.092288792 32.666423798 0.012383753 0.999778926 0.016993707 -33.643859863 -0.092504621 -0.015776647 0.995587289 353.618713379
0.995643675 -0.013497372 0.092257991 32.954177856 0.012030436 0.999792457 0.016438091 -33.838813782 -0.092460722 -0.015256577 0.995599449 355.855255127
0.995663822 -0.013524774 0.092036068 33.245925903 0.012026474 0.999786317 0.016814670 -34.031055450 -0.092243820 -0.015634889 0.995613694 358.086761475
0.995732844 -0.012932681 0.091372095 33.547199249 0.011347754 0.999776363 0.017844183 -34.230472565 -0.091582440 -0.016731167 0.995656908 360.329284668
0.995770633 -0.013047142 0.090943187 33.844482422 0.011465842 0.999774337 0.017888602 -34.428047180 -0.091156058 -0.016770203 0.995695531 362.571044922
0.995803773 -0.012934796 0.090594828 34.141654968 0.011317762 0.999767661 0.018340115 -34.621383667 -0.090811022 -0.017237823 0.995718956 364.808135986
0.995851040 -0.012783664 0.090097241 34.438346863 0.011234769 0.999780595 0.017677605 -34.815933228 -0.090303466 -0.016592039 0.995776057 367.062957764
0.995870471 -0.013437706 0.089785650 34.727653503 0.011906523 0.999774754 0.017567687 -35.010875702 -0.090001501 -0.016426109 0.995806277 369.307403564
0.995854914 -0.013313472 0.089976698 35.009159088 0.011854625 0.999789774 0.016728638 -35.196601868 -0.090180501 -0.015592656 0.995803297 371.560638428
0.995912850 -0.013951289 0.089235052 35.303661346 0.012488358 0.999778688 0.016931489 -35.400905609 -0.089451529 -0.015747890 0.995866656 373.810943604
0.995944977 -0.013642619 0.088924214 35.598011017 0.012111337 0.999769330 0.017736983 -35.590179443 -0.089145698 -0.016588069 0.995880485 376.063812256
0.995913327 -0.014056661 0.089213483 35.879707336 0.012496264 0.999759436 0.018025139 -35.781009674 -0.089445397 -0.016836641 0.995849431 378.314636230
0.995928228 -0.014765220 0.088932306 36.172927856 0.013198095 0.999747515 0.018183881 -35.975288391 -0.089178346 -0.016936101 0.995871663 380.549438477
0.995925605 -0.015140404 0.088898666 36.466007233 0.013580280 0.999743462 0.018128159 -36.162384033 -0.089150339 -0.016847027 0.995875716 382.798492432
0.995917976 -0.014406382 0.089104928 36.755168915 0.012807277 0.999746978 0.018492103 -36.357994080 -0.089348786 -0.017275428 0.995850503 385.044403076
0.995922744 -0.013262819 0.089229323 37.038909912 0.011662660 0.999762118 0.018430673 -36.544998169 -0.089452542 -0.017314875 0.995840549 387.278381348
0.995945394 -0.012176231 0.089130998 37.337764740 0.010570844 0.999773681 0.018461477 -36.745388031 -0.089335620 -0.017444436 0.995848715 389.542846680
0.995927930 -0.010621320 0.089524351 37.624256134 0.009006644 0.999789774 0.018420868 -36.938922882 -0.089701183 -0.017539546 0.995814204 391.816772461
0.995937645 -0.009241309 0.089570254 37.911289215 0.007490754 0.999774694 0.019860426 -37.129001617 -0.089733608 -0.019108798 0.995782495 394.072509766
0.995860934 -0.007874642 0.090548493 38.190486908 0.006083027 0.999780595 0.020045219 -37.318473816 -0.090686485 -0.019411437 0.995690286 396.332916260
0.995810986 -0.007919659 0.091092288 38.483787537 0.006251147 0.999807715 0.018587459 -37.516063690 -0.091221958 -0.017940164 0.995668948 398.597320557
0.995756805 -0.007788408 0.091695242 38.771614075 0.006150075 0.999816537 0.018136196 -37.710662842 -0.091819681 -0.017495304 0.995621920 400.858154297
0.995628238 -0.008766931 0.092992149 39.052455902 0.007005714 0.999790192 0.019248972 -37.899314880 -0.093141399 -0.018513346 0.995480716 403.095306396
0.995624006 -0.010033430 0.092909731 39.360839844 0.008153156 0.999754667 0.020595172 -38.096977234 -0.093093596 -0.019747538 0.995461464 405.387939453
0.995553434 -0.010613914 0.093598679 39.652915955 0.008737675 0.999753058 0.020432666 -38.284469604 -0.093792439 -0.019523975 0.995400310 407.639953613
0.995506525 -0.009403503 0.094225116 39.957042694 0.007592421 0.999779820 0.019560918 -38.469596863 -0.094388321 -0.018757626 0.995358646 409.889892578
0.995445728 -0.008603163 0.094940268 40.258720398 0.006746447 0.999779940 0.019860361 -38.662670135 -0.095090240 -0.019129405 0.995284855 412.147766113
0.995387554 -0.007531255 0.095639326 40.557632446 0.005684894 0.999792576 0.019563293 -38.853385925 -0.095766813 -0.018929359 0.995223820 414.393859863
0.995277464 -0.006226401 0.096870683 40.863727570 0.004354483 0.999799907 0.019523304 -39.041435242 -0.096972860 -0.019009285 0.995105445 416.665069580
0.995247960 -0.006680848 0.097143777 41.178314209 0.004805397 0.999797761 0.019527083 -39.235370636 -0.097254597 -0.018967476 0.995078743 418.918090820
0.995150685 -0.006871539 0.098121256 41.479553223 0.004975285 0.999796331 0.019557232 -39.423454285 -0.098235644 -0.018974215 0.994982302 421.165527344
0.995063961 -0.007021430 0.098986775 41.780639648 0.005125684 0.999798775 0.019392831 -39.616744995 -0.099103019 -0.018789737 0.994899750 423.421051025
0.994995415 -0.007609856 0.099631585 42.093299866 0.005593160 0.999774098 0.020505235 -39.806793213 -0.099765144 -0.019845359 0.994813025 425.688507080
0.994943738 -0.006761942 0.100206196 42.402702332 0.004673280 0.999767184 0.021063738 -39.992275238 -0.100325301 -0.020488942 0.994743705 427.938873291
0.994850934 -0.005843068 0.101179898 42.717876434 0.003654869 0.999755621 0.021798700 -40.178684235 -0.101282552 -0.021316659 0.994629264 430.212677002
0.994871199 -0.007261133 0.100889191 43.033020020 0.005039647 0.999739587 0.022256525 -40.374034882 -0.101024523 -0.021633929 0.994648695 432.480560303
0.994801939 -0.007791456 0.101530187 43.349205017 0.005621110 0.999749899 0.021644959 -40.567260742 -0.101673447 -0.020961732 0.994596958 434.740295410
0.994780123 -0.006883658 0.101809241 43.672592163 0.004673717 0.999748588 0.021929305 -40.742401123 -0.101934604 -0.021339009 0.994562209 437.006378174
0.994748652 -0.007410550 0.102079548 43.996582031 0.005147705 0.999735534 0.022413073 -40.932857513 -0.102218650 -0.021769904 0.994523704 439.290649414
0.994765818 -0.007435789 0.101909615 44.322002411 0.005157567 0.999731183 0.022600615 -41.115112305 -0.102050282 -0.021956718 0.994536877 441.560516357
0.994758487 -0.007027204 0.102010414 44.647544861 0.004598334 0.999700725 0.024025677 -41.322990417 -0.102148727 -0.023430670 0.994493186 443.821380615
0.994710207 -0.007491453 0.102447659 44.971801758 0.005044757 0.999696434 0.024120670 -41.502651215 -0.102597222 -0.023476258 0.994446039 446.102813721
0.994702518 -0.007368514 0.102531947 45.290115356 0.004966727 0.999707699 0.023660388 -41.685661316 -0.102676317 -0.023025798 0.994448304 448.367248535
0.994709909 -0.006782862 0.102499090 45.612648010 0.004405017 0.999716222 0.023407275 -41.871013641 -0.102628767 -0.022831939 0.994457662 450.630523682
0.994634449 -0.006094481 0.103273258 45.927730560 0.003736269 0.999728203 0.023012776 -42.057373047 -0.103385441 -0.022503443 0.994386733 452.891967773
0.994557798 -0.005576296 0.104037203 46.245197296 0.003192731 0.999728918 0.023063177 -42.233005524 -0.104137607 -0.022605499 0.994305968 455.171844482
0.994534135 -0.005304205 0.104276963 46.562828064 0.002965167 0.999740720 0.022573249 -42.420021057 -0.104369663 -0.022140671 0.994292080 457.432525635
0.994575739 -0.004649170 0.103911214 46.902214050 0.002367763 0.999753594 0.022067944 -42.608303070 -0.103988208 -0.021702202 0.994341731 459.719299316
0.994578183 -0.003212396 0.103941910 47.230697632 0.000907636 0.999752760 0.022213232 -42.788951874 -0.103987597 -0.021998454 0.994335234 462.003753662
0.994573355 -0.002911891 0.103998154 47.550308228 0.000453498 0.999719977 0.023654632 -42.974414825 -0.104037941 -0.023479097 0.994296134 464.272857666
0.994619071 -0.003066295 0.103554487 47.866802216 0.000592383 0.999713898 0.023912262 -43.152709961 -0.103598185 -0.023722250 0.994336307 466.535522461
0.994766414 -0.003483146 0.102115437 48.204658508 0.001174082 0.999742448 0.022663672 -43.333477020 -0.102168083 -0.022425169 0.994514346 468.819030762
0.994827807 -0.003274512 0.101523049 48.533885956 0.001007353 0.999749124 0.022374697 -43.522724152 -0.101570852 -0.022156704 0.994581521 471.108093262
0.994914830 -0.004014860 0.100639097 48.857276917 0.001646537 0.999720037 0.023604853 -43.714538574 -0.100705698 -0.023319114 0.994642913 473.382537842
0.994898677 -0.004225124 0.100790925 49.164806366 0.001802710 0.999707639 0.024113039 -43.903450012 -0.100863338 -0.023808336 0.994615316 475.658050537
0.994984865 -0.003680397 0.099957749 49.481277466 0.001373262 0.999731302 0.023140108 -44.066452026 -0.100016050 -0.022886788 0.994722545 477.944580078
0.995022953 -0.004016163 0.099564850 49.800708771 0.001643664 0.999712944 0.023899266 -44.252807617 -0.099632278 -0.023616670 0.994744003 480.227569580
0.995041192 -0.004557430 0.099358745 50.120174408 0.002131374 0.999697328 0.024509624 -44.435653687 -0.099440381 -0.024176311 0.994749784 482.502197266
0.995035887 -0.004996197 0.099392444 50.425968170 0.002671466 0.999720037 0.023508767 -44.614013672 -0.099482082 -0.023126535 0.994770527 484.789520264
0.995098591 -0.005660898 0.098724909 50.745220184 0.003253693 0.999693871 0.024526924 -44.808231354 -0.098833509 -0.024085494 0.994812429 487.091461182
0.995171607 -0.005786690 0.097978674 51.063304901 0.003408077 0.999695837 0.024426818 -44.985633850 -0.098090217 -0.023974959 0.994888663 489.373016357
0.995189428 -0.005413650 0.097819179 51.373886108 0.003013251 0.999691248 0.024670226 -45.161895752 -0.097922504 -0.024256801 0.994898319 491.667907715
0.995256424 -0.005051127 0.097154565 51.693058014 0.002621966 0.999681115 0.025114479 -45.342075348 -0.097250439 -0.024740612 0.994952381 493.953521729
0.995236278 -0.004587966 0.097384356 51.992134094 0.002207438 0.999696434 0.024538346 -45.516674042 -0.097467370 -0.024206482 0.994944274 496.255706787
0.995275319 -0.004166323 0.097004652 52.313652039 0.001824833 0.999705136 0.024214126 -45.706409454 -0.097076945 -0.023922702 0.994989336 498.569641113
0.995271444 -0.003901049 0.097053640 52.615589142 0.001485836 0.999687731 0.024945170 -45.885192871 -0.097120650 -0.024683015 0.994966507 500.861938477
0.995277941 -0.003442449 0.097004801 52.918247223 0.001004987 0.999682784 0.025164910 -46.068416595 -0.097060665 -0.024948588 0.994965732 503.133239746
0.995301783 -0.002693265 0.096783772 53.227573395 0.000314390 0.999697685 0.024586119 -46.250053406 -0.096820727 -0.024440182 0.995001733 505.419128418
0.995292127 -0.002740138 0.096881799 53.529541016 0.000284065 0.999678433 0.025355941 -46.432567596 -0.096920125 -0.025209047 0.994972885 507.709289551
0.995310128 -0.002988334 0.096688420 53.843536377 0.000621617 0.999699652 0.024498643 -46.615425110 -0.096732594 -0.024323644 0.995013118 510.006622314
0.995371580 -0.003809346 0.096025303 54.166954041 0.001386907 0.999679387 0.025281230 -46.803092957 -0.096090809 -0.025031039 0.995057762 512.309143066
0.995362163 -0.003427259 0.096136808 54.474353790 0.000988813 0.999676883 0.025400512 -46.979331970 -0.096192807 -0.025187649 0.995043993 514.614868164
0.995386124 -0.002710211 0.095911764 54.785682678 0.000307395 0.999685943 0.025058264 -47.158870697 -0.095949553 -0.024913166 0.995074391 516.921752930
0.995358169 -0.001703677 0.096224204 55.083885193 -0.000698628 0.999688983 0.024926504 -47.343273163 -0.096236750 -0.024878025 0.995047510 519.212158203
0.995292366 0.000402370 0.096917234 55.395668030 -0.002834593 0.999684453 0.024959505 -47.526832581 -0.096876606 -0.025116727 0.994979382 521.562927246
0.995212138 0.002248899 0.097713917 55.708679199 -0.004725185 0.999673307 0.025118178 -47.708251953 -0.097625539 -0.025459629 0.994897544 523.893310547
0.995147467 0.003084029 0.098345540 56.025440216 -0.005691761 0.999639273 0.026246496 -47.882606506 -0.098229118 -0.026678901 0.994806170 526.216857910
0.995086551 0.002551268 0.098976269 56.336627960 -0.005176387 0.999641299 0.026274981 -48.063121796 -0.098873742 -0.026658218 0.994742811 528.522705078
0.995049655 0.000624814 0.099377126 56.648719788 -0.003391767 0.999611199 0.027676439 -48.240100861 -0.099321209 -0.027876494 0.994664848 530.833862305
0.994998038 -0.001095590 0.099887371 56.973930359 -0.001651294 0.999622762 0.027412994 -48.419326782 -0.099879727 -0.027440824 0.994621038 533.151306152
0.994944990 -0.001045888 0.100417078 57.286434174 -0.001654661 0.999639213 0.026806265 -48.594947815 -0.100408912 -0.026836913 0.994584203 535.464233398
0.994836390 -0.001215822 0.101484224 57.599555969 -0.001490178 0.999645472 0.026584188 -48.774513245 -0.101480566 -0.026598142 0.994482040 537.777832031
0.994760931 -0.000997923 0.102223575 57.916431427 -0.001699022 0.999652863 0.026292346 -48.962093353 -0.102214321 -0.026328277 0.994413912 540.091796875
0.994650662 -0.000006193 0.103296034 58.235889435 -0.002674918 0.999663115 0.025817052 -49.141143799 -0.103261426 -0.025955252 0.994315565 542.421508789
0.994567037 0.000331333 0.104097486 58.566627502 -0.002943665 0.999684632 0.024942422 -49.321823120 -0.104056388 -0.025113340 0.994254291 544.744567871
0.994424522 0.000381224 0.105449378 58.874397278 -0.003095716 0.999668002 0.025579654 -49.508995056 -0.105404623 -0.025763478 0.994095623 547.064086914
0.994339287 0.000339234 0.106251121 59.197647095 -0.003159815 0.999647021 0.026379151 -49.690872192 -0.106204666 -0.026565561 0.993989348 549.383483887
0.994220138 0.000528243 0.107359238 59.516132355 -0.003352425 0.999652982 0.026127128 -49.865234375 -0.107308187 -0.026336035 0.993876874 551.688354492
0.994192064 -0.001644399 0.107608870 59.842300415 -0.001205082 0.999650478 0.026409591 -50.068202972 -0.107614718 -0.026385879 0.993842483 553.979919434
0.994260728 -0.002135451 0.106962882 60.192127228 -0.000754106 0.999636054 0.026966853 -50.245841980 -0.106981538 -0.026892744 0.993897259 556.284851074
0.994185448 -0.001840988 0.107665457 60.522834778 -0.001103850 0.999627054 0.027285751 -50.421264648 -0.107675530 -0.027245946 0.993812621 558.592529297
0.994159698 -0.001274014 0.107910827 60.863422394 -0.001784244 0.999599576 0.028239314 -50.597785950 -0.107903600 -0.028266929 0.993759453 560.924804688
0.994174957 -0.001933422 0.107760414 61.211502075 -0.001193143 0.999580383 0.028942026 -50.775405884 -0.107771158 -0.028902011 0.993755460 563.254089355
0.994109809 -0.001216784 0.108370192 61.549911499 -0.002009888 0.999558032 0.029660339 -50.946220398 -0.108358376 -0.029703446 0.993667960 565.573120117
0.994058669 -0.000149211 0.108845361 61.894996643 -0.003052022 0.999567568 0.029243659 -51.127311707 -0.108802646 -0.029402107 0.993628561 567.898071289
0.994064391 0.000846013 0.108789869 62.250633240 -0.003862456 0.999613822 0.027519505 -51.294387817 -0.108724579 -0.027776359 0.993683696 570.226867676
0.994047284 0.001238778 0.108942404 62.605812073 -0.004301268 0.999602079 0.027880594 -51.473316193 -0.108864516 -0.028183222 0.993656993 572.546203613
0.994031787 0.001254331 0.109083697 62.956264496 -0.004476010 0.999560833 0.029294176 -51.664115906 -0.108999044 -0.029607601 0.993600845 574.927307129
0.994024515 0.001221161 0.109150454 63.309284210 -0.004649216 0.999503732 0.031157738 -51.850139618 -0.109058216 -0.031479016 0.993536830 577.237365723
0.993924081 0.001775743 0.110052675 63.648551941 -0.005017573 0.999561310 0.029187145 -52.025184631 -0.109952584 -0.029562008 0.993497133 579.628479004
0.993979931 0.001036656 0.109556444 64.001907349 -0.004225142 0.999574125 0.028875465 -52.192024231 -0.109479837 -0.029164525 0.993561149 581.964416504
0.993976533 0.000240251 0.109593056 64.357002258 -0.003627384 0.999521792 0.030708147 -52.380626678 -0.109533258 -0.030920705 0.993502080 584.286254883
0.994053185 0.000451906 0.108895555 64.707389832 -0.003819290 0.999520779 0.030716479 -52.550746918 -0.108829498 -0.030949708 0.993578494 586.604675293
0.993932605 -0.002059697 0.109971464 65.055580139 -0.001222897 0.999555886 0.029773720 -52.731864929 -0.109983951 -0.029727552 0.993488729 588.970642090
0.993970096 -0.002354177 0.109625153 65.411582947 -0.000879769 0.999566019 0.029442344 -52.897827148 -0.109646887 -0.029361252 0.993536830 591.319091797
0.993969202 -0.004104399 0.109582119 65.754486084 0.000820706 0.999549866 0.029993892 -53.072269440 -0.109655879 -0.029723080 0.993525088 593.652832031
0.994014323 -0.004713988 0.109147921 66.115066528 0.001425083 0.999543130 0.030190958 -53.246772766 -0.109240368 -0.029854702 0.993566871 596.007019043
