1.000000000 0.000000000 0.000000000 0.000000000 0.000000000 1.000000000 0.000000000 0.000000000 0.000000000 0.000000000 1.000000000 0.000000000
0.999999881 0.000185410 0.000465671 0.086080059 -0.000185359 1.000000000 -0.000108772 -0.226255178 -0.000465692 0.000108686 0.999999881 2.288020849
0.999999106 0.000490339 0.001254061 0.163608491 -0.000490881 0.999999762 0.000432555 -0.463842183 -0.001253848 -0.000433170 0.999999046 4.584332466
0.999998271 0.000095134 0.001816407 0.260404050 -0.000096095 0.999999881 0.000529136 -0.693734467 -0.001816356 -0.000529309 0.999998152 6.873586655
0.999996245 -0.000093115 0.002720267 0.353103667 0.000096629 0.999999166 -0.001291850 -0.924626648 -0.002720145 0.001292108 0.999995470 9.169029236
0.999986410 0.001717746 0.004930378 0.443576396 -0.001718802 0.999998510 0.000209869 -1.162085414 -0.004930010 -0.000218341 0.999987841 11.475393295
0.999964178 0.003624362 0.007639784 0.527768433 -0.003633239 0.999992669 0.001148333 -1.388634682 -0.007635566 -0.001176049 0.999970138 13.781227112
0.999947369 0.003396187 0.009675011 0.640332878 -0.003430170 0.999988079 0.003498045 -1.616110206 -0.009663016 -0.003531049 0.999947071 16.052888870
0.999941707 0.003477057 0.010214814 0.772684216 -0.003526274 0.999982238 0.004804147 -1.848338127 -0.010197926 -0.004839887 0.999936223 18.398998260
0.999933600 0.002543500 0.011234357 0.895465612 -0.002599032 0.999984443 0.004931119 -2.073030472 -0.011221640 -0.004959990 0.999924719 20.687826157
0.999929428 0.000128543 0.011881029 1.009801626 -0.000161395 0.999996126 0.002764171 -2.306391001 -0.011880628 -0.002765893 0.999925554 23.010040283
0.999916375 -0.002147713 0.012751607 1.117021084 0.002139661 0.999997497 0.000645076 -2.526010275 -0.012752960 -0.000617738 0.999918520 25.292600632
0.999920130 -0.002958190 0.012287801 1.259034634 0.002955498 0.999995589 0.000237210 -2.776665926 -0.012288449 -0.000200874 0.999924481 27.605943680
0.999910295 -0.002685825 0.013123917 1.367498875 0.002694743 0.999996185 -0.000661861 -3.004048824 -0.013122089 0.000697167 0.999913633 29.894693375
0.999897599 -0.000191975 0.014306435 1.481829405 0.000168360 0.999998569 0.001651845 -3.232787132 -0.014306733 -0.001649267 0.999896288 32.183330536
0.999896288 0.001816945 0.014295538 1.612367630 -0.001870150 0.999991357 0.003709273 -3.452538967 -0.014288674 -0.003735623 0.999890924 34.464382172
0.999862075 0.004312308 0.016037552 1.725628018 -0.004442183 0.999957561 0.008071491 -3.689842463 -0.016002063 -0.008141619 0.999838829 36.774307251
0.999839425 0.006134265 0.016832178 1.841232300 -0.006263128 0.999951422 0.007613775 -3.908275127 -0.016784655 -0.007717976 0.999829352 39.047348022
0.999804676 0.005186546 0.019076835 1.938938260 -0.005305612 0.999966741 0.006196093 -4.115184784 -0.019044064 -0.006296095 0.999798954 41.342704773
0.999808311 0.002776169 0.019379832 2.062165260 -0.002879005 0.999981940 0.005280441 -4.340720654 -0.019364825 -0.005335223 0.999798238 43.622081757
0.999808729 0.002732972 0.019372432 2.199607372 -0.002800422 0.999990106 0.003455493 -4.555127621 -0.019362798 -0.003509082 0.999806345 45.855171204
0.999806166 0.002206851 0.019560164 2.325482130 -0.002256961 0.999994159 0.002540134 -4.785574436 -0.019554444 -0.002583788 0.999805450 48.121513367
0.999809504 0.000824979 0.019501468 2.463652134 -0.000880141 0.999995649 0.002820172 -5.013255119 -0.019499056 -0.002836799 0.999805868 50.399085999
0.999797344 0.000187695 0.020131024 2.597131252 -0.000247643 0.999995530 0.002975444 -5.234696865 -0.020130370 -0.002979825 0.999793053 52.661521912
0.999788523 -0.000956600 0.020549493 2.732551098 0.000901136 0.999995887 0.002708136 -5.462844372 -0.020552002 -0.002689045 0.999785185 54.946029663
0.999764979 -0.000939614 0.021663764 2.864047289 0.000870886 0.999994576 0.003181690 -5.696253777 -0.021666640 -0.003162076 0.999760211 57.232257843
0.999750257 -0.002339699 0.022225255 3.004472494 0.002253074 0.999989748 0.003921834 -5.923519611 -0.022234203 -0.003870780 0.999745309 59.499641418
0.999706686 -0.003935122 0.023895930 3.127809048 0.003860451 0.999987483 0.003170104 -6.146028519 -0.023908108 -0.003076925 0.999709427 61.772426605
0.999682307 -0.004632627 0.024775241 3.273921967 0.004561971 0.999985278 0.002907591 -6.371346951 -0.024788348 -0.002793643 0.999688804 64.026390076
0.999657631 -0.004267015 0.025815930 3.418424368 0.004181718 0.999985576 0.003357142 -6.593990326 -0.025829876 -0.003248038 0.999661207 66.295791626
0.999640882 -0.003314677 0.026590019 3.568291187 0.003218232 0.999988079 0.003669111 -6.822320461 -0.026601864 -0.003582221 0.999639690 68.558074951
0.999603212 -0.003472627 0.027952870 3.706493616 0.003384084 0.999989033 0.003214275 -7.048258305 -0.027963731 -0.003118405 0.999604046 70.815139771
0.999593019 -0.004385288 0.028188303 3.868206501 0.004335502 0.999988914 0.001827080 -7.274147511 -0.028196005 -0.001704126 0.999600947 73.071601868
0.999569476 -0.005304276 0.028855935 4.019896507 0.005238509 0.999983609 0.002354213 -7.505283356 -0.028867943 -0.002202038 0.999580801 75.347686768
0.999528527 -0.006418206 0.030028410 4.180881500 0.006360540 0.999977708 0.002015532 -7.740865231 -0.030040681 -0.001823584 0.999546945 77.611701965
0.999525905 -0.007156066 0.029945187 4.333563328 0.007113814 0.999973536 0.001517283 -7.971242905 -0.029955249 -0.001303539 0.999550521 79.876861572
0.999496043 -0.007608156 0.030819161 4.481334209 0.007573406 0.999970555 0.001244151 -8.193035126 -0.030827716 -0.001010118 0.999524295 82.131111145
0.999460578 -0.006753586 0.032139126 4.644290447 0.006721735 0.999976754 0.001098975 -8.424978256 -0.032145813 -0.000882351 0.999482751 84.409843445
0.999413013 -0.006517375 0.033631921 4.801659584 0.006464940 0.999977767 0.001667566 -8.647659302 -0.033642039 -0.001449159 0.999432862 86.666946411
0.999411166 -0.006027753 0.033782441 4.974923611 0.005924707 0.999977469 0.003149622 -8.886989594 -0.033800669 -0.002947616 0.999424219 88.944480896
0.999382019 -0.005261017 0.034752894 5.137455463 0.005126343 0.999979138 0.003963141 -9.118028641 -0.034773011 -0.003782538 0.999388099 91.196487427
0.999344766 -0.004947634 0.035854485 5.301259995 0.004809697 0.999980688 0.003932365 -9.342112541 -0.035873245 -0.003757340 0.999349356 93.434303284
0.999321699 -0.004831119 0.036507942 5.469611168 0.004721117 0.999983966 0.003098718 -9.563319206 -0.036522336 -0.002924258 0.999328494 95.673233032
0.999288321 -0.005392901 0.037332505 5.640926361 0.005259582 0.999979436 0.003668403 -9.789737701 -0.037351523 -0.003469440 0.999296188 97.918510437
0.999259591 -0.005154554 0.038127888 5.806658268 0.005041348 0.999982595 0.003064618 -10.021806717 -0.038143024 -0.002870133 0.999268174 100.165435791
0.999190152 -0.005171100 0.039906159 5.961237431 0.005015690 0.999979556 0.003993502 -10.240161896 -0.039925992 -0.003790111 0.999195457 102.393669128
0.999200821 -0.005419987 0.039601907 6.169325829 0.005268467 0.999978364 0.003929393 -10.467574120 -0.039622359 -0.003717612 0.999207795 104.671478271
0.999160409 -0.006094485 0.040513661 6.344982147 0.005919052 0.999972582 0.004448701 -10.684832573 -0.040539652 -0.004205164 0.999168992 106.909133911
0.999141097 -0.007462609 0.040763505 6.531529903 0.007282324 0.999963045 0.004569435 -10.904840469 -0.040796101 -0.004268658 0.999158382 109.163787842
0.999103189 -0.008343624 0.041512147 6.714292526 0.008119473 0.999951541 0.005565412 -11.134696960 -0.041556571 -0.005223365 0.999122500 111.421012878
0.999079168 -0.009182267 0.041910905 6.904933453 0.009018004 0.999950886 0.004106765 -11.357892990 -0.041946556 -0.003725028 0.999112904 113.685043335
0.999032438 -0.009610163 0.042914547 7.087276459 0.009477357 0.999949634 0.003297095 -11.583543777 -0.042944066 -0.002887188 0.999073327 115.940246582
0.998992920 -0.009846322 0.043774758 7.270513058 0.009697355 0.999946475 0.003614127 -11.812393188 -0.043808009 -0.003185988 0.999034882 118.194847107
0.998946488 -0.010172271 0.044749096 7.457265377 0.009974969 0.999939501 0.004630182 -12.038743973 -0.044793483 -0.004178933 0.998987556 120.453308105
0.998914659 -0.010936055 0.045276489 7.654037476 0.010713232 0.999929249 0.005161196 -12.266827583 -0.045329727 -0.004670537 0.998961210 122.668464661
0.998866856 -0.011688029 0.046133056 7.849788189 0.011498686 0.999924362 0.004367516 -12.486042023 -0.046180613 -0.003832098 0.998925686 124.975860596
0.998831272 -0.012071271 0.046801642 8.034431458 0.011914631 0.999922395 0.003624408 -12.714296341 -0.046841759 -0.003062547 0.998897552 127.239830017
0.998815715 -0.013544810 0.046730477 8.224800110 0.013368362 0.999902308 0.004086317 -12.937179565 -0.046781261 -0.003456768 0.998899162 129.499694824
0.998835504 -0.014725304 0.045942623 8.412484169 0.014535042 0.999884367 0.004472564 -13.157406807 -0.046003170 -0.003799579 0.998934031 131.750350952
0.998900473 -0.015137772 0.044369511 8.613668442 0.014904466 0.999873340 0.005584377 -13.379349709 -0.044448432 -0.004916933 0.998999536 133.984619141
0.998960078 -0.015999272 0.042694774 8.811338425 0.015782384 0.999860823 0.005412265 -13.608904839 -0.042775426 -0.004732811 0.999073625 136.229751587
0.999041855 -0.016794452 0.040411945 9.024847031 0.016616181 0.999850690 0.004743253 -13.823666573 -0.040485572 -0.004067216 0.999171793 138.455398560
0.999007523 -0.017471714 0.040969890 9.180238724 0.017279033 0.999837935 0.005052475 -14.047100067 -0.041051514 -0.004339540 0.999147713 140.742797852
0.998996496 -0.017749332 0.041120633 9.348442078 0.017564733 0.999834001 0.004846072 -14.254437447 -0.041199815 -0.004118935 0.999142408 142.975875854
0.999046862 -0.017739926 0.039882939 9.540878296 0.017495649 0.999825954 0.006465619 -14.487870216 -0.039990693 -0.005761679 0.999183416 145.228591919
0.999061584 -0.016904142 0.039877374 9.718193054 0.016708013 0.999846578 0.005246533 -14.704673767 -0.039959949 -0.004575338 0.999190807 147.480804443
0.999082029 -0.015617540 0.039889269 9.900476456 0.015473573 0.999872625 0.003915408 -14.926932335 -0.039945338 -0.003294584 0.999196410 149.723358154
0.999086201 -0.014238238 0.040298682 10.078247070 0.014131720 0.999895871 0.002926889 -15.150340080 -0.040336158 -0.002354725 0.999183416 151.967010498
0.999089658 -0.013513365 0.040465970 10.264451981 0.013403228 0.999905705 0.002991836 -15.370857239 -0.040502585 -0.002446737 0.999176443 154.206985474
0.999061465 -0.013081803 0.041290808 10.450813293 0.012966879 0.999911308 0.003049887 -15.590908051 -0.041327037 -0.002511612 0.999142528 156.466751099
0.999064982 -0.011499759 0.041676339 10.618238449 0.011304124 0.999923885 0.004926780 -15.821123123 -0.041729823 -0.004451059 0.999118984 158.693389893
0.999002814 -0.010918103 0.043290883 10.799436569 0.010679825 0.999926567 0.005731528 -16.040740967 -0.043350287 -0.005263474 0.999046087 160.930191040
0.998966753 -0.009240812 0.044497125 10.964324951 0.008907788 0.999930859 0.007676622 -16.266750336 -0.044564988 -0.007272321 0.998980045 163.216674805
0.998929381 -0.008777793 0.045420859 11.150056839 0.008461086 0.999938548 0.007160300 -16.478681564 -0.045480922 -0.006768324 0.998942256 165.476791382
0.998881102 -0.008127604 0.046587717 11.344684601 0.007854072 0.999950826 0.006051324 -16.695663452 -0.046634614 -0.005678651 0.998895824 167.706832886
0.998816848 -0.006075745 0.048247553 11.538242340 0.005803801 0.999966443 0.005774534 -16.912626266 -0.048281018 -0.005487683 0.998818636 169.972030640
0.998689175 -0.005330286 0.050909121 11.733598709 0.005040865 0.999970317 0.005811778 -17.128721237 -0.050938606 -0.005547533 0.998686373 172.226211548
0.998563647 -0.005753716 0.053268198 11.938459396 0.005460940 0.999969184 0.005640201 -17.348873138 -0.053298999 -0.005341204 0.998564422 174.492385864
0.998472512 -0.005695316 0.054956444 12.151002884 0.005371280 0.999967337 0.006042125 -17.568998337 -0.054989059 -0.005737709 0.998470485 176.741836548
0.998403609 -0.006319015 0.056127995 12.352296829 0.005930329 0.999957323 0.007088861 -17.787036896 -0.056170389 -0.006744687 0.998398423 178.963180542
0.998408079 -0.007310501 0.055927075 12.571869850 0.006953455 0.999954224 0.006576055 -18.007732391 -0.055972595 -0.006176699 0.998413205 181.228240967
0.998366117 -0.008316437 0.056532484 12.774158478 0.007975629 0.999948621 0.006251509 -18.223274231 -0.056581572 -0.005790412 0.998381197 183.474380493
0.998441696 -0.009951724 0.054912683 13.006375313 0.009623458 0.999934196 0.006239191 -18.447908401 -0.054971170 -0.005701016 0.998471677 185.705749512
0.998454094 -0.011773043 0.054321755 13.219587326 0.011409328 0.999910414 0.007000865 -18.667924881 -0.054399308 -0.006370268 0.998498917 187.957061768
0.998471141 -0.012592435 0.053822167 13.435154915 0.012263568 0.999904096 0.006436135 -18.881065369 -0.053898048 -0.005766242 0.998529732 190.195983887
0.998449087 -0.013591082 0.053987447 13.636301041 0.013282232 0.999893248 0.006075495 -19.099864960 -0.054064251 -0.005348999 0.998523116 192.440551758
0.998387814 -0.014701253 0.054823093 13.823031425 0.014397186 0.999878645 0.005937174 -19.315834045 -0.054903716 -0.005138304 0.998478413 194.679046631
0.998449504 -0.014521366 0.053737890 14.069198608 0.014235419 0.999882400 0.005700137 -19.543359756 -0.053814344 -0.004926318 0.998538792 196.937561035
0.998475611 -0.012646187 0.053725291 14.287294388 0.012342236 0.999905884 0.005985524 -19.764160156 -0.053795923 -0.005313308 0.998537838 199.175994873
0.998460054 -0.009936609 0.054578189 14.486959457 0.009651348 0.999938309 0.005487761 -19.990106583 -0.054629356 -0.004952556 0.998494446 201.424942017
0.998446882 -0.009501131 0.054894824 14.705381393 0.009276436 0.999947548 0.004346552 -20.207361221 -0.054933246 -0.003830573 0.998482704 203.687591553
0.998411357 -0.009818534 0.055484045 14.911003113 0.009549638 0.999941409 0.005109421 -20.423484802 -0.055530973 -0.004571451 0.998446524 205.909835815
0.998411357 -0.011320599 0.055196501 15.153486252 0.011042645 0.999924779 0.005338097 -20.661663055 -0.055252779 -0.004720102 0.998461246 208.191177368
0.998342812 -0.010875915 0.056510467 15.361082077 0.010577153 0.999928474 0.005583262 -20.873825073 -0.056567144 -0.004976289 0.998386383 210.434127808
0.998274744 -0.011725506 0.057532974 15.589746475 0.011351719 0.999912262 0.006819431 -21.108406067 -0.057607885 -0.006154567 0.998320282 212.689239502
0.998196840 -0.010190558 0.059154063 15.825778008 0.009784560 0.999926627 0.007149023 -21.325529099 -0.059222568 -0.006557335 0.998223305 214.922042847
0.998028517 -0.008104629 0.062236194 16.058782578 0.007676189 0.999945164 0.007120113 -21.547313690 -0.062290486 -0.006628339 0.998036027 217.215820312
0.997890532 -0.008192737 0.064399898 16.288881302 0.007731825 0.999942720 0.007403002 -21.762342453 -0.064456865 -0.006889457 0.997896671 219.463165283
0.997773051 -0.009573432 0.066009991 16.527439117 0.009065031 0.999926925 0.007997104 -21.976501465 -0.066081725 -0.007380913 0.997786939 221.695587158
0.997674227 -0.011199109 0.067235455 16.764686584 0.010642178 0.999906063 0.008635783 -22.186973572 -0.067325860 -0.007900166 0.997699738 223.928314209
0.997608781 -0.013160382 0.067848995 17.019906998 0.012637485 0.999887049 0.008130244 -22.408376694 -0.067948334 -0.007253363 0.997662425 226.167358398
0.997587323 -0.014349673 0.067924052 17.265729904 0.013864813 0.999874890 0.007604312 -22.616079330 -0.068024673 -0.006644210 0.997661531 228.420028687
0.997540772 -0.014765764 0.068515345 17.506364822 0.014255249 0.999866903 0.007934046 -22.829763412 -0.068623394 -0.006937833 0.997618496 230.656509399
0.997468829 -0.016048312 0.069270089 17.746105194 0.015592915 0.999853134 0.007109959 -23.043605804 -0.069374010 -0.006011840 0.997572660 232.896255493
0.997484148 -0.016402328 0.068964943 18.020162582 0.015883269 0.999841273 0.008068113 -23.262811661 -0.069086343 -0.006952426 0.997586429 235.175125122
0.997457862 -0.016196044 0.069392547 18.267862320 0.015671201 0.999844372 0.008101169 -23.473321915 -0.069512948 -0.006993112 0.997556567 237.419570923
0.997411072 -0.015882887 0.070136689 18.507982254 0.015362645 0.999850333 0.007950800 -23.681413651 -0.070252493 -0.006852731 0.997505724 239.643966675
0.997377574 -0.016043428 0.070573516 18.754787445 0.015500981 0.999845922 0.008227272 -23.894218445 -0.070694663 -0.007111738 0.997472584 241.872833252
0.997336745 -0.016547533 0.071032651 19.003503799 0.015996326 0.999837339 0.008321829 -24.102659225 -0.071158819 -0.007163406 0.997439265 244.110687256
0.997292161 -0.016611848 0.071640842 19.251878738 0.016109506 0.999841392 0.007584116 -24.321727753 -0.071755476 -0.006409479 0.997401595 246.343811035
0.997313321 -0.015993197 0.071486808 19.512567520 0.015542343 0.999855697 0.006858640 -24.538755417 -0.071586192 -0.005729141 0.997417927 248.586120605
0.997302473 -0.015962001 0.071645036 19.770856857 0.015473396 0.999853075 0.007369715 -24.757955551 -0.071752138 -0.006241244 0.997402906 250.823364258
0.997284889 -0.017312555 0.071575262 20.031230927 0.016837334 0.999832153 0.007237509 -24.973531723 -0.071688548 -0.006012721 0.997408926 253.052490234
0.997288704 -0.017340446 0.071515255 20.296880722 0.016821064 0.999827743 0.007858439 -25.187446594 -0.071639203 -0.006634171 0.997408569 255.308883667
0.997271180 -0.018039389 0.071587138 20.539264679 0.017503867 0.999814034 0.008101041 -25.402500153 -0.071719974 -0.006825884 0.997401416 257.527832031
0.997232318 -0.018075222 0.072117858 20.801736832 0.017510958 0.999810994 0.008448844 -25.618818283 -0.072256938 -0.007162607 0.997360349 259.795501709
0.997202814 -0.017854603 0.072578698 21.059898376 0.017332697 0.999819219 0.007814373 -25.828577042 -0.072705127 -0.006534532 0.997332096 262.037994385
0.997179508 -0.017791646 0.072914422 21.320669174 0.017315222 0.999824584 0.007160984 -26.039169312 -0.073029026 -0.005878257 0.997312486 264.297729492
0.997139812 -0.017080417 0.073624052 21.578256607 0.016626751 0.999838829 0.006770429 -26.259952545 -0.073727824 -0.005526935 0.997263074 266.535064697
0.997066796 -0.016456807 0.074747078 21.836690903 0.015985338 0.999848366 0.006901466 -26.472406387 -0.074849322 -0.005686365 0.997178614 268.780242920
0.996974170 -0.015825039 0.076107442 22.100421906 0.015363773 0.999859929 0.006642461 -26.700363159 -0.076201923 -0.005453065 0.997077525 271.024841309
0.996865094 -0.016448950 0.077392101 22.368722916 0.015996309 0.999851167 0.006465038 -26.913312912 -0.077486940 -0.005206781 0.996979833 273.269836426
0.996713877 -0.017155549 0.079167090 22.627029419 0.016607026 0.999833345 0.007581949 -27.134441376 -0.079283997 -0.006242302 0.996832550 275.520324707
0.996617079 -0.017173400 0.080370642 22.903512955 0.016494727 0.999822557 0.009100673 -27.345932007 -0.080512658 -0.007744193 0.996723473 277.761688232
0.996557951 -0.015790248 0.081380956 23.192375183 0.015031694 0.999837756 0.009925330 -27.559997559 -0.081524491 -0.008667873 0.996633649 280.018554688
0.996462822 -0.016464623 0.082407199 23.473058701 0.015616305 0.999818444 0.010928283 -27.775814056 -0.082572155 -0.009602728 0.996538758 282.268676758
0.996348619 -0.015767304 0.083908878 23.738948822 0.014816649 0.999818981 0.011940343 -27.989427567 -0.084081948 -0.010653497 0.996401906 284.511230469
0.996323407 -0.014427144 0.084447987 24.033067703 0.013606587 0.999854505 0.010284259 -28.189247131 -0.084584065 -0.009097398 0.996374786 286.781616211
0.996204436 -0.013776512 0.085946225 24.299055099 0.013016489 0.999871135 0.009397143 -28.395812988 -0.086064592 -0.008242758 0.996255457 289.007934570
0.996161342 -0.013124764 0.086546585 24.570001602 0.012388345 0.999882400 0.009040573 -28.609579086 -0.086655058 -0.007933700 0.996206701 291.245239258
0.996185482 -0.013435504 0.086220503 24.863594055 0.012758797 0.999883294 0.008394847 -28.815645218 -0.086323217 -0.007262754 0.996240735 293.493347168
0.996169627 -0.013990784 0.086314954 25.145921707 0.013407511 0.999883235 0.007333554 -29.027379990 -0.086407468 -0.006148195 0.996240973 295.723266602
0.996191263 -0.013573046 0.086132295 25.431587219 0.012936901 0.999884784 0.007939589 -29.246406555 -0.086230136 -0.006795064 0.996252060 297.955902100
0.996181071 -0.013298320 0.086292848 25.714868546 0.012626580 0.999885619 0.008325583 -29.455089569 -0.086393677 -0.007204205 0.996235013 300.194580078
0.996151507 -0.012712035 0.086720988 25.990491867 0.011987067 0.999888778 0.008875413 -29.670181274 -0.086824179 -0.007801727 0.996193051 302.430267334
0.996146917 -0.013240553 0.086695142 26.274986267 0.012496447 0.999880314 0.009120120 -29.881940842 -0.086805508 -0.008001598 0.996193171 304.677368164
0.996113956 -0.012812467 0.087136529 26.558433533 0.012046839 0.999884129 0.009306742 -30.092210770 -0.087245665 -0.008220854 0.996152818 306.926879883
0.996124089 -0.013721003 0.086882606 26.844995499 0.012947810 0.999871373 0.009456616 -30.313013077 -0.087001190 -0.008295023 0.996173680 309.180419922
0.996070862 -0.015141181 0.087255247 27.127290726 0.014313557 0.999846518 0.010103028 -30.525083542 -0.087394834 -0.008814399 0.996134758 311.446746826
0.996035397 -0.015149001 0.087658525 27.412279129 0.014390498 0.999853373 0.009278446 -30.734838486 -0.087786235 -0.007980210 0.996107399 313.686614990
0.996064484 -0.015084878 0.087339990 27.708457947 0.014263886 0.999848008 0.010016489 -30.948848724 -0.087477826 -0.008731258 0.996128201 315.937713623
0.996017218 -0.013551679 0.088125549 27.993873596 0.012788834 0.999875724 0.009215204 -31.161060333 -0.088239484 -0.008051477 0.996066749 318.177703857
0.996002316 -0.011959429 0.088522904 28.272287369 0.011129237 0.999889374 0.009865945 -31.372533798 -0.088631108 -0.008841312 0.996025205 320.416229248
0.995941401 -0.010628913 0.089375705 28.552175522 0.009812078 0.999906003 0.009573731 -31.584089279 -0.089469068 -0.008657912 0.995951951 322.648529053
0.995885909 -0.009956720 0.090066656 28.830747604 0.009099977 0.999909401 0.009917963 -31.789340973 -0.090157248 -0.009057556 0.995886266 324.887512207
0.995893717 -0.009551800 0.090025075 29.125944138 0.008559231 0.999898255 0.011405093 -32.008850098 -0.090124860 -0.010587713 0.995874166 327.113647461
0.995877981 -0.010234001 0.090122916 29.410259247 0.009249697 0.999893010 0.011332713 -32.222133636 -0.090229243 -0.010452391 0.995866179 329.357421875
0.995899022 -0.012293584 0.089631662 29.710786819 0.011385246 0.999878585 0.010638350 -32.429172516 -0.089751564 -0.009574245 0.995918095 331.590911865
0.995898664 -0.012012536 0.089674823 29.996242523 0.011118985 0.999883473 0.010457280 -32.639850616 -0.089789994 -0.009417298 0.995916188 333.807220459
0.995877504 -0.012267432 0.089875177 30.281637192 0.011249990 0.999866843 0.011818469 -32.846595764 -0.090008192 -0.010758650 0.995882869 336.036285400
0.995942235 -0.012990633 0.089052506 30.586000443 0.011996860 0.999859750 0.011685614 -33.049995422 -0.089191809 -0.010569847 0.995958388 338.269958496
0.995932043 -0.012806750 0.089193031 30.867677689 0.011771813 0.999857247 0.012119744 -33.262031555 -0.089335524 -0.011020475 0.995940745 340.506317139
0.995985866 -0.013280936 0.088519670 31.164329529 0.012271200 0.999853313 0.011941400 -33.469856262 -0.088665284 -0.010807221 0.996002853 342.749481201
0.996012449 -0.013696983 0.088156939 31.453224182 0.012658313 0.999843836 0.012330375 -33.672683716 -0.088312052 -0.011165290 0.996030271 344.994812012
0.996058583 -0.013663872 0.087638207 31.740915298 0.012622036 0.999843001 0.012431084 -33.873680115 -0.087794289 -0.011275915 0.996074915 347.233001709
0.996109486 -0.013715353 0.087050170 32.027549744 0.012688010 0.999843419 0.012344053 -34.076698303 -0.087205820 -0.011191537 0.996127427 349.473693848
0.996107161 -0.013211886 0.087154590 32.306293488 0.012157199 0.999846458 0.012621063 -34.282623291 -0.087307952 -0.011512374 0.996114850 351.712738037
0.996151567 -0.013581711 0.086588398 32.587303162 0.012511449 0.999838650 0.012891121 -34.484161377 -0.086749502 -0.011758163 0.996160746 353.935241699
0.996176004 -0.013747235 0.086280748 32.867618561 0.012713419 0.999840796 0.012520087 -34.690193176 -0.086439125 -0.011375288 0.996192157 356.168884277
0.996224403 -0.014021814 0.085676014 33.154727936 0.012947414 0.999830544 0.013083138 -34.894149780 -0.085844964 -0.011924459 0.996237159 358.403930664
0.996257544 -0.013526876 0.085369281 33.436775208 0.012389679 0.999827504 0.013836735 -35.098224640 -0.085541718 -0.012727254 0.996253312 360.646697998
0.996322572 -0.013763094 0.084570132 33.725677490 0.012626209 0.999822795 0.013963305 -35.303672791 -0.084747329 -0.012844156 0.996319711 362.892669678
0.996367216 -0.013676437 0.084055841 34.010902405 0.012526156 0.999820888 0.014196875 -35.502807617 -0.084234938 -0.013092403 0.996359885 365.135742188
0.996418238 -0.013618917 0.083457902 34.292175293 0.012533145 0.999830067 0.013519992 -35.704967499 -0.083627850 -0.012425578 0.996419549 367.389648438
0.996432126 -0.014328498 0.083172850 34.566177368 0.013257421 0.999822140 0.013415778 -35.909500122 -0.083350278 -0.012265254 0.996444821 369.636840820
0.996420145 -0.014317551 0.083318040 34.834922791 0.013315587 0.999832392 0.012569057 -36.105529785 -0.083484016 -0.011414632 0.996443748 371.887420654
0.996493161 -0.014114517 0.082475029 35.118270874 0.013131094 0.999836206 0.012454173 -36.311347961 -0.082637310 -0.011327511 0.996515334 374.120727539
0.996581137 -0.014073161 0.081411317 35.403976440 0.013054359 0.999829829 0.013033056 -36.512443542 -0.081580892 -0.011925726 0.996595383 376.366424561
0.996491313 -0.013449050 0.082608931 35.660518646 0.012374451 0.999832332 0.013506508 -36.713516235 -0.082776718 -0.012436880 0.996490538 378.613983154
0.996480823 -0.014092759 0.082627930 35.934471130 0.013000656 0.999821186 0.013740264 -36.919513702 -0.082806788 -0.012617695 0.996485651 380.856170654
0.996516287 -0.013996255 0.082215600 36.217929840 0.012911029 0.999822557 0.013716625 -37.114383698 -0.082392991 -0.012607352 0.996520162 383.108337402
0.996515572 -0.013173944 0.082360119 36.495700836 0.012058790 0.999828935 0.014022775 -37.320316315 -0.082530782 -0.012980750 0.996503949 385.364196777
0.996510565 -0.011944005 0.082607836 36.763561249 0.010826511 0.999843895 0.013962463 -37.513141632 -0.082761712 -0.013019387 0.996484339 387.609008789
0.996536613 -0.010959751 0.082430094 37.047275543 0.009844702 0.999854624 0.013921522 -37.723510742 -0.082570694 -0.013061806 0.996499538 389.871490479
0.996523857 -0.009428349 0.082774103 37.319084167 0.008310917 0.999869764 0.013834009 -37.928283691 -0.082893766 -0.013097990 0.996472299 392.149139404
0.996533871 -0.007858347 0.082814530 37.596294403 0.006615045 0.999861360 0.015276805 -38.130176544 -0.082923092 -0.014676034 0.996447861 394.408935547
0.996471703 -0.006758257 0.083656654 37.864421844 0.005469526 0.999862909 0.015624620 -38.331249237 -0.083750792 -0.015111931 0.996372163 396.674743652
0.996424556 -0.006570143 0.084231213 38.141517639 0.005394431 0.999884903 0.014178170 -38.539627075 -0.084314659 -0.013673098 0.996345341 398.940368652
0.996376276 -0.006363142 0.084816344 38.414306641 0.005235303 0.999894977 0.013513228 -38.740989685 -0.084893420 -0.013020218 0.996304989 401.205230713
0.996230066 -0.007663121 0.086411037 38.673282623 0.006386055 0.999866486 0.015045722 -38.945335388 -0.086514786 -0.014437175 0.996145964 403.444732666
0.996249020 -0.008798019 0.086084194 38.964679718 0.007492194 0.999852061 0.015480490 -39.142486572 -0.086207643 -0.014777465 0.996167600 405.732910156
0.996209681 -0.009254358 0.086489782 39.243415833 0.007955422 0.999850512 0.015350986 -39.341812134 -0.086618915 -0.014604738 0.996134520 407.988067627
0.996137917 -0.007840176 0.087453023 39.540184021 0.006585628 0.999871373 0.014624733 -39.539257050 -0.087556444 -0.013992316 0.996061265 410.245239258
0.996079981 -0.007026061 0.088176742 39.828022003 0.005734745 0.999872684 0.014889424 -39.745426178 -0.088270128 -0.014325386 0.995993495 412.504852295
0.996002555 -0.005735454 0.089140147 40.107307434 0.004453537 0.999883890 0.014573159 -39.946010590 -0.089213379 -0.014117915 0.995912492 414.754028320
0.995922327 -0.004786558 0.090087868 40.398708344 0.003485895 0.999887466 0.014589509 -40.146778107 -0.090147585 -0.014215983 0.995826960 417.021697998
0.995877683 -0.004995589 0.090568684 40.696025848 0.003697733 0.999888122 0.014492204 -40.350494385 -0.090630949 -0.014097566 0.995784760 419.275146484
0.995773554 -0.005112268 0.091699824 40.980754852 0.003790712 0.999886513 0.014580149 -40.549636841 -0.091763951 -0.014170920 0.995679975 421.528472900
0.995701313 -0.005162355 0.092477806 41.268615723 0.003860340 0.999890924 0.014252564 -40.753154755 -0.092541292 -0.013834301 0.995612741 423.782562256
0.995645106 -0.005618158 0.093055353 41.569202423 0.004190252 0.999870598 0.015532983 -40.957653046 -0.093130566 -0.015075414 0.995539784 426.060577393
0.995594025 -0.005311830 0.093617506 41.863754272 0.003824124 0.999863625 0.016063573 -41.159656525 -0.093690060 -0.015634796 0.995478630 428.320007324
0.995549738 -0.004577022 0.094126113 42.168262482 0.002986101 0.999850333 0.017035922 -41.361656189 -0.094190001 -0.016679035 0.995414495 430.601928711
0.995501578 -0.004234863 0.094650581 42.467388153 0.002640719 0.999852657 0.016961329 -41.557582855 -0.094708465 -0.016635088 0.995366037 432.872100830
0.995458782 -0.004838359 0.095070317 42.771839142 0.003280784 0.999857843 0.016532881 -41.763965607 -0.095136799 -0.016145896 0.995333254 435.139862061
0.995437682 -0.003986694 0.095331892 43.077980042 0.002412394 0.999858856 0.016623452 -41.948524475 -0.095384717 -0.016317634 0.995306671 437.406677246
0.995399892 -0.004409352 0.095706873 43.383125305 0.002786838 0.999850214 0.017080015 -42.150531769 -0.095767856 -0.016734723 0.995263040 439.694641113
0.995448112 -0.004571350 0.095194884 43.701797485 0.002939021 0.999846280 0.017280396 -42.347366333 -0.095259249 -0.016921958 0.995308697 441.969390869
0.995447814 -0.003486693 0.095244482 44.029125214 0.001785829 0.999837637 0.017937284 -42.548801422 -0.095291562 -0.017685542 0.995292306 444.292541504
0.995437920 -0.004147008 0.095321245 44.342044830 0.002450368 0.999836624 0.017909339 -42.740711212 -0.095379941 -0.017594064 0.995285451 446.571472168
0.995427668 -0.004041001 0.095432729 44.644977570 0.002386788 0.999845147 0.017441604 -42.937839508 -0.095488407 -0.017134082 0.995283186 448.832611084
0.995462358 -0.003176851 0.095103122 44.956970215 0.001569774 0.999854803 0.016968306 -43.135650635 -0.095143229 -0.016742017 0.995322764 451.088562012
0.995422423 -0.002739572 0.095533803 45.262142181 0.001157659 0.999861300 0.016610164 -43.336845398 -0.095566064 -0.016423536 0.995287597 453.357635498
0.995333612 -0.001965845 0.096473299 45.560874939 0.000360212 0.999861062 0.016657894 -43.527820587 -0.096492641 -0.016545411 0.995196104 455.632080078
0.995316625 -0.001785603 0.096652269 45.863483429 0.000230470 0.999870360 0.016098754 -43.729290009 -0.096668504 -0.016001083 0.995187998 457.896728516
0.995329559 -0.000908825 0.096531048 46.179317474 -0.000582568 0.999880850 0.015420567 -43.928783417 -0.096533582 -0.015404785 0.995210528 460.179718018
0.995302379 -0.000348072 0.096814714 46.480724335 -0.001220022 0.999868989 0.016137185 -44.133186340 -0.096807666 -0.016179493 0.995171607 462.459259033
0.995337009 -0.000079870 0.096457548 46.789306641 -0.001607516 0.999846995 0.017415734 -44.332405090 -0.096444167 -0.017489580 0.995184720 464.735351562
0.995360434 0.000160692 0.096216165 47.087867737 -0.001846977 0.999846220 0.017437197 -44.522747040 -0.096198574 -0.017534001 0.995207727 467.000183105
0.995437801 0.000440360 0.095411897 47.396465302 -0.001999411 0.999866068 0.016245224 -44.719955444 -0.095391974 -0.016361874 0.995305300 469.281524658
0.995502651 0.000309472 0.094732858 47.711631775 -0.001830450 0.999870837 0.015968964 -44.926979065 -0.094715670 -0.016070550 0.995374620 471.582916260
0.995614946 -0.000281818 0.093544878 48.022289276 -0.001355466 0.999846935 0.017438659 -45.138854980 -0.093535483 -0.017488988 0.995462298 473.863098145
0.995605648 -0.000258719 0.093644515 48.315086365 -0.001388167 0.999845445 0.017521007 -45.337677002 -0.093634568 -0.017574009 0.995451570 476.143188477
0.995669723 0.000335994 0.092960820 48.611991882 -0.001964716 0.999846101 0.017429564 -45.525550842 -0.092940643 -0.017536730 0.995517194 478.423797607
0.995679915 0.000233396 0.092852056 48.910808563 -0.001915201 0.999835730 0.018024037 -45.723999023 -0.092832603 -0.018124003 0.995516717 480.701721191
0.995722234 -0.000511795 0.092395730 49.211448669 -0.001208851 0.999826849 0.018565642 -45.922546387 -0.092389241 -0.018597914 0.995549262 482.975250244
0.995755017 -0.001080880 0.092036478 49.507484436 -0.000606160 0.999832273 0.018300209 -46.123619080 -0.092040822 -0.018278310 0.995587468 485.258178711
0.995818913 -0.001407430 0.091338366 49.805278778 -0.000318466 0.999821723 0.018878305 -46.325218201 -0.091348633 -0.018828465 0.995640993 487.539184570
0.995821476 -0.001380310 0.091311216 50.086971283 -0.000312663 0.999828398 0.018523781 -46.507659912 -0.091321133 -0.018474929 0.995650053 489.826965332
0.995843768 -0.000917665 0.091074839 50.383876801 -0.000819889 0.999818385 0.019039053 -46.698387146 -0.091075778 -0.019034592 0.995661974 492.131500244
0.995925665 -0.000167926 0.090177700 50.692653656 -0.001576959 0.999813020 0.019277811 -46.889160156 -0.090164058 -0.019341478 0.995739102 494.424011230
0.995907664 -0.000004982 0.090375841 50.973453522 -0.001717104 0.999818444 0.018976955 -47.084918976 -0.090359531 -0.019054476 0.995726883 496.726135254
0.995941162 0.000011736 0.090006903 51.280097961 -0.001692263 0.999825597 0.018594803 -47.288986206 -0.089990981 -0.018671639 0.995767534 499.041137695
0.995978355 -0.000016268 0.089594245 51.572841644 -0.001720345 0.999812245 0.019305835 -47.483406067 -0.089577727 -0.019382324 0.995791197 501.337219238
0.995983839 0.000256325 0.089532614 51.860443115 -0.002029308 0.999803603 0.019712184 -47.682327271 -0.089509979 -0.019814704 0.995788813 503.617248535
0.995985329 0.001401604 0.089505084 52.146537781 -0.003096004 0.999818563 0.018794734 -47.874404907 -0.089462496 -0.018996390 0.995809019 505.907379150
0.995961726 0.001673792 0.089763463 52.427471161 -0.003449266 0.999801517 0.019628003 -48.072250366 -0.089712791 -0.019858357 0.995769620 508.194641113
0.995976567 0.001136686 0.089607000 52.714317322 -0.002838621 0.999817967 0.018868174 -48.272663116 -0.089569241 -0.019046620 0.995798469 510.485198975
0.996023774 0.000312779 0.089086637 53.019538879 -0.002080513 0.999802768 0.019750696 -48.474082947 -0.089062899 -0.019857507 0.995827973 512.779479980
0.996033013 0.000587507 0.088982470 53.316837311 -0.002368174 0.999799013 0.019907178 -48.665996552 -0.088952906 -0.020038936 0.995834231 515.088928223
0.996049106 0.001115592 0.088797472 53.611717224 -0.002878147 0.999801338 0.019723596 -48.861053467 -0.088757828 -0.019901242 0.995854378 517.393737793
0.996021986 0.002087176 0.089083217 53.895305634 -0.003833371 0.999803841 0.019435259 -49.056911469 -0.089025162 -0.019699436 0.995834470 519.686157227
0.995973408 0.004427532 0.089539513 54.189079285 -0.006188448 0.999792635 0.019398317 -49.248809814 -0.089435078 -0.019874321 0.995794356 522.014587402
0.995890141 0.006564485 0.090330966 54.482364655 -0.008359082 0.999774873 0.019502942 -49.442642212 -0.090182617 -0.020177873 0.995720804 524.348205566
0.995838106 0.007166527 0.090857320 54.776718140 -0.009078395 0.999745607 0.020646743 -49.631187439 -0.090686247 -0.021385647 0.995649993 526.657165527
0.995784581 0.006627186 0.091484427 55.074508667 -0.008545767 0.999751329 0.020595882 -49.825790405 -0.091325194 -0.021290861 0.995593488 528.975158691
0.995765388 0.004966151 0.091796719 55.370910645 -0.007009930 0.999734402 0.021955194 -50.015789032 -0.091663286 -0.022505710 0.995535731 531.281066895
0.995710313 0.003190133 0.092470177 55.674285889 -0.005224995 0.999749243 0.021771859 -50.206520081 -0.092377536 -0.022161622 0.995477319 533.607055664
0.995677829 0.003344449 0.092813812 55.973396301 -0.005321847 0.999763906 0.021065678 -50.397418976 -0.092721455 -0.021468570 0.995460629 535.923400879
0.995603204 0.003100913 0.093619265 56.275070190 -0.005082266 0.999767959 0.020932948 -50.590805054 -0.093532629 -0.021316707 0.995387912 538.235656738
0.995526731 0.003744756 0.094405904 56.570247650 -0.005691334 0.999776661 0.020358434 -50.782680511 -0.094308585 -0.020804664 0.995325625 540.534362793
0.995428145 0.004400020 0.095413148 56.869899750 -0.006332219 0.999780774 0.019957550 -50.980651855 -0.095304437 -0.020470481 0.995237648 542.858764648
0.995343864 0.004778363 0.096268535 57.173500061 -0.006638616 0.999797344 0.019012578 -51.173751831 -0.096158162 -0.019563146 0.995173752 545.177124023
0.995233059 0.004798057 0.097407073 57.472579956 -0.006730469 0.999786735 0.019519642 -51.369777679 -0.097292647 -0.020082189 0.995053113 547.515747070
0.995178819 0.004782178 0.097959742 57.778686523 -0.006791587 0.999773026 0.020189431 -51.562335968 -0.097840980 -0.020757396 0.994985580 549.836914062
0.995103419 0.004613186 0.098730765 58.082447052 -0.006637630 0.999774218 0.020186048 -51.755687714 -0.098615371 -0.020742545 0.994909406 552.139099121
0.995060325 0.003885392 0.099196091 58.397109985 -0.005842295 0.999794006 0.019444780 -51.949913025 -0.099100091 -0.019928264 0.994877875 554.446472168
0.995107770 0.003481730 0.098733477 58.719547272 -0.005453452 0.999790907 0.019707315 -52.147041321 -0.098644197 -0.020149341 0.994918883 556.762878418
0.995068491 0.003489693 0.099128872 59.033660889 -0.005544181 0.999775469 0.020457525 -52.344932556 -0.099035218 -0.020906221 0.994864285 559.076354980
0.995046914 0.004369101 0.099311769 59.351848602 -0.006521673 0.999750555 0.021360576 -52.538650513 -0.099193685 -0.021902448 0.994827092 561.413269043
0.995022714 0.004068414 0.099565409 59.669784546 -0.006289626 0.999738097 0.022005357 -52.730056763 -0.099449791 -0.022522062 0.994787633 563.744506836
0.994966507 0.004418851 0.100109965 59.988277435 -0.006732688 0.999717593 0.022786900 -52.919914246 -0.099981017 -0.023346215 0.994715393 566.071594238
0.994929969 0.005150768 0.100438394 60.312377930 -0.007427453 0.999723613 0.022306710 -53.116485596 -0.100295737 -0.022939615 0.994693160 568.388549805
0.994944453 0.006048447 0.100245431 60.649826050 -0.008165316 0.999751925 0.020720016 -53.301055908 -0.100095242 -0.021433797 0.994746983 570.723327637
0.994920909 0.006421001 0.100454397 60.974979401 -0.008584827 0.999740005 0.021122942 -53.499664307 -0.100292675 -0.021878045 0.994717419 573.053588867
0.994923413 0.006565835 0.100420684 61.308803558 -0.008781150 0.999727368 0.021634258 -53.686626434 -0.100251257 -0.022406235 0.994709790 575.368835449
0.994862556 0.006254943 0.101041257 61.625438690 -0.008618362 0.999698997 0.022971060 -53.890228271 -0.100867160 -0.023723857 0.994616985 577.711364746
0.994796872 0.007049410 0.101634629 61.943141937 -0.009290931 0.999723613 0.021598229 -54.077953339 -0.101454288 -0.022430127 0.994587302 580.037536621
0.994806230 0.005612125 0.101632178 62.262306213 -0.007949423 0.999712765 0.022607245 -54.283466339 -0.101476118 -0.023297742 0.994565129 582.343811035
0.994750917 0.005183222 0.102194212 62.583370209 -0.007603739 0.999699414 0.023310171 -54.477222443 -0.102042668 -0.023964874 0.994491279 584.668823242
0.994883418 0.003791292 0.100959830 62.936710358 -0.006178014 0.999708533 0.023338150 -54.669364929 -0.100841932 -0.023842463 0.994616747 587.037902832
0.994862974 0.002760550 0.101194397 63.258468628 -0.005057025 0.999735296 0.022444189 -54.857307434 -0.101105653 -0.022840632 0.994613469 589.368591309
0.994876027 0.002349132 0.101075053 63.586250305 -0.004649366 0.999735355 0.022528144 -55.047676086 -0.100995384 -0.022882642 0.994623721 591.710449219
0.994914770 0.000558092 0.100718953 63.918525696 -0.002891345 0.999730766 0.023021486 -55.240287781 -0.100678988 -0.023195634 0.994648516 594.055297852
0.994942546 0.000190887 0.100446530 64.252426147 -0.002552238 0.999723375 0.023380546 -55.431583405 -0.100414298 -0.023518665 0.994667709 596.408203125
