1.000000000 0.000000000 0.000000000 0.000000000 0.000000000 1.000000000 0.000000000 0.000000000 0.000000000 0.000000000 1.000000000 0.000000000
0.999999940 -0.000033263 0.000332314 0.088362381 0.000033333 1.000000000 -0.000209185 -0.226462051 -0.000332307 0.000209196 0.999999940 2.286466360
0.999999344 0.000152591 0.001132668 0.166925535 -0.000152898 0.999999940 0.000271288 -0.463954300 -0.001132626 -0.000271461 0.999999344 4.582279682
0.999998689 -0.000118171 0.001620975 0.265516967 0.000117361 0.999999821 0.000500107 -0.695748150 -0.001621034 -0.000499916 0.999998569 6.868354321
0.999996901 -0.000155459 0.002484469 0.360968173 0.000158542 0.999999166 -0.001240714 -0.927817643 -0.002484274 0.001241104 0.999996066 9.164075851
0.999988258 0.001546316 0.004577876 0.451857209 -0.001546747 0.999998808 0.000090595 -1.163542986 -0.004577730 -0.000097675 0.999989510 11.470399857
0.999972820 0.003000564 0.006725082 0.562874198 -0.003009479 0.999994576 0.001316085 -1.402218819 -0.006721097 -0.001336289 0.999976456 13.760392189
0.999954939 0.002805788 0.009072416 0.668811560 -0.002840257 0.999988735 0.003788703 -1.629842043 -0.009061685 -0.003814301 0.999951720 16.032407761
0.999942124 0.003374585 0.010212711 0.758912504 -0.003431343 0.999978662 0.005545147 -1.862938523 -0.010193781 -0.005579869 0.999932468 18.334104538
0.999931276 0.002367574 0.011484029 0.867888629 -0.002435043 0.999979794 0.005864609 -2.088877916 -0.011469913 -0.005892169 0.999916792 20.606082916
0.999926805 -0.000022417 0.012099080 0.990436196 -0.000011935 0.999995947 0.002839143 -2.303677559 -0.012099093 -0.002839079 0.999922752 22.924625397
0.999914765 -0.002114488 0.012883993 1.098021984 0.002106739 0.999997616 0.000615042 -2.521765471 -0.012885263 -0.000587847 0.999916852 25.209926605
0.999912679 -0.002902180 0.012892706 1.231284618 0.002900583 0.999995768 0.000142619 -2.769907236 -0.012893067 -0.000105211 0.999916792 27.500869751
0.999889612 -0.002570233 0.014632504 1.327672243 0.002584701 0.999996126 -0.000969959 -2.994354248 -0.014629955 0.001007673 0.999892414 29.785909653
0.999894202 -0.000578324 0.014528803 1.464500070 0.000550376 0.999997973 0.001927564 -3.228215694 -0.014529888 -0.001919364 0.999892592 32.052429199
0.999898672 0.001403142 0.014172034 1.599260926 -0.001461547 0.999990463 0.004111675 -3.448202133 -0.014166130 -0.004131971 0.999891043 34.334007263
0.999861300 0.003253901 0.016334932 1.708784103 -0.003382558 0.999963403 0.007854717 -3.677173615 -0.016308773 -0.007908882 0.999835730 36.654605865
0.999849617 0.005154980 0.016557736 1.833215237 -0.005280358 0.999957621 0.007537363 -3.896277666 -0.016518179 -0.007623662 0.999834538 38.925289154
0.999806881 0.004208920 0.019194953 1.928928852 -0.004324734 0.999972701 0.005996033 -4.102496624 -0.019169191 -0.006077889 0.999797761 41.227989197
0.999814153 0.001676157 0.019203361 2.057661533 -0.001774955 0.999985278 0.005128964 -4.329120159 -0.019194482 -0.005162097 0.999802470 43.504985809
0.999815702 0.001621880 0.019130489 2.189988852 -0.001693294 0.999991596 0.003717370 -4.551489830 -0.019124299 -0.003749078 0.999810100 45.748386383
0.999815166 0.000991558 0.019200167 2.316504478 -0.001044335 0.999995708 0.002738936 -4.780758381 -0.019197367 -0.002758481 0.999811888 48.019420624
0.999811828 -0.000372410 0.019396408 2.451497316 0.000309953 0.999994755 0.003222916 -5.011015892 -0.019397506 -0.003216297 0.999806702 50.295356750
0.999792755 -0.000910464 0.020336431 2.582403898 0.000834357 0.999992609 0.003750574 -5.236245632 -0.020339696 -0.003732829 0.999786139 52.559230804
0.999782383 -0.002143200 0.020749986 2.717644215 0.002064816 0.999990582 0.003798258 -5.466171741 -0.020757932 -0.003754587 0.999777496 54.841953278
0.999756873 -0.002590778 0.021898318 2.848705769 0.002505430 0.999989152 0.003924073 -5.693487644 -0.021908248 -0.003868254 0.999752522 57.138278961
0.999742389 -0.004076992 0.022325518 2.990465641 0.003975694 0.999981582 0.004579810 -5.918669224 -0.022343781 -0.004489872 0.999740243 59.405704498
0.999699414 -0.005463474 0.023898613 3.117079258 0.005368727 0.999977410 0.004026932 -6.143871307 -0.023920080 -0.003897417 0.999706209 61.674270630
0.999685109 -0.006062959 0.024349472 3.272799969 0.005972969 0.999975085 0.003766842 -6.367840767 -0.024371706 -0.003620217 0.999696434 63.927639008
0.999652326 -0.005586329 0.025768636 3.411980629 0.005472819 0.999974966 0.004473377 -6.591994762 -0.025792984 -0.004330795 0.999657869 66.199745178
0.999629736 -0.004597476 0.026823318 3.559591055 0.004473319 0.999978960 0.004686912 -6.818694115 -0.026844310 -0.004565185 0.999629200 68.456809998
0.999591053 -0.004886989 0.028173754 3.698921680 0.004764046 0.999978840 0.004429212 -7.044231415 -0.028194807 -0.004293181 0.999593139 70.710784912
0.999579012 -0.005830935 0.028420556 3.862032890 0.005745088 0.999978602 0.003101372 -7.268514633 -0.028438037 -0.002936788 0.999591231 72.966674805
0.999561369 -0.006700849 0.028844772 4.021854877 0.006598301 0.999971569 0.003648920 -7.497055054 -0.028868401 -0.003456994 0.999577224 75.252342224
0.999518275 -0.007852548 0.030025875 4.184111118 0.007768100 0.999965549 0.002928182 -7.726216316 -0.030047834 -0.002693528 0.999544799 77.515892029
0.999514997 -0.008997374 0.029812921 4.346869469 0.008916361 0.999956131 0.002849301 -7.955111504 -0.029837253 -0.002582097 0.999551356 79.747947693
0.999480605 -0.009573769 0.030771388 4.494854927 0.009495878 0.999951363 0.002676406 -8.175286293 -0.030795520 -0.002382816 0.999522805 82.003013611
0.999475420 -0.008854140 0.031150602 4.674382210 0.008787255 0.999958813 0.002283416 -8.399291992 -0.031169534 -0.002008490 0.999512076 84.266502380
0.999420762 -0.008594117 0.032926872 4.827821732 0.008523981 0.999961078 0.002269799 -8.612334251 -0.032945093 -0.001987817 0.999455154 86.519279480
0.999419689 -0.008431225 0.033003077 4.999456406 0.008297075 0.999956727 0.004199598 -8.856256485 -0.033037055 -0.003923331 0.999446571 88.791366577
0.999395549 -0.007422917 0.033962462 5.159908295 0.007266145 0.999962389 0.004737093 -9.082231522 -0.033996351 -0.004487453 0.999411821 91.042800903
0.999372602 -0.007557159 0.034601070 5.329814911 0.007398720 0.999961555 0.004704740 -9.304416656 -0.034635294 -0.004445786 0.999390125 93.298057556
0.999353826 -0.007735411 0.035099499 5.499423027 0.007591997 0.999962270 0.004217393 -9.523174286 -0.035130803 -0.003948193 0.999374926 95.555358887
0.999322355 -0.008146930 0.035892833 5.666956902 0.007990817 0.999958098 0.004490721 -9.745025635 -0.035927914 -0.004200866 0.999345541 97.812843323
0.999287546 -0.007669941 0.036953226 5.828593731 0.007524869 0.999963343 0.004063275 -9.977275848 -0.036983043 -0.003782313 0.999308705 100.051673889
0.999211788 -0.007628507 0.038957149 5.979427814 0.007432917 0.999958992 0.005163012 -10.194533348 -0.038994938 -0.004869377 0.999227583 102.271560669
0.999217808 -0.007603869 0.038804896 6.180873394 0.007412766 0.999959707 0.005066184 -10.417799950 -0.038841855 -0.004774570 0.999233902 104.527679443
0.999183178 -0.008498401 0.039510023 6.357490540 0.008281937 0.999949813 0.005639190 -10.632063866 -0.039555959 -0.005307364 0.999203265 106.759979248
0.999148190 -0.009957053 0.040046763 6.539835453 0.009726897 0.999935031 0.005937851 -10.850614548 -0.040103287 -0.005543263 0.999180138 109.010208130
0.999103904 -0.010868366 0.040905904 6.717217445 0.010591580 0.999919593 0.006977015 -11.077177048 -0.040978450 -0.006537506 0.999138653 111.254554749
0.999085963 -0.011532725 0.041159473 6.907917500 0.011311686 0.999920368 0.005599161 -11.296038628 -0.041220773 -0.005128461 0.999136925 113.506378174
0.999036789 -0.012167122 0.042159792 7.087040424 0.011983464 0.999917567 0.004606223 -11.513861656 -0.042212367 -0.004096566 0.999100208 115.744956970
0.999005139 -0.012431281 0.042827651 7.268654823 0.012234132 0.999913335 0.004862363 -11.736334801 -0.042884380 -0.004333566 0.999070644 117.972824097
0.998964012 -0.012737816 0.043687355 7.457921982 0.012493092 0.999904692 0.005870237 -11.958199501 -0.043757956 -0.005318366 0.999028027 120.211845398
0.998924911 -0.013443768 0.044365376 7.656693935 0.013162696 0.999891520 0.006621514 -12.183838844 -0.044449579 -0.006030429 0.998993337 122.419898987
0.998878360 -0.013656429 0.045336563 7.844373226 0.013406473 0.999893188 0.005812835 -12.396341324 -0.045411099 -0.005198512 0.998954773 124.709106445
0.998846173 -0.013801680 0.045997571 8.029653549 0.013583325 0.999894977 0.005056296 -12.620854378 -0.046062522 -0.004425664 0.998928666 126.983261108
0.998835146 -0.015503856 0.045693398 8.222547531 0.015269979 0.999868512 0.005463060 -12.837946892 -0.045772076 -0.004758960 0.998940587 129.248901367
0.998866558 -0.016826961 0.044523336 8.415978432 0.016592406 0.999846458 0.005632456 -13.054843903 -0.044611264 -0.004887322 0.998992443 131.501846313
0.998929381 -0.017192036 0.042949665 8.612743378 0.016920011 0.999834478 0.006689220 -13.272183418 -0.043057550 -0.005955349 0.999054849 133.738693237
0.998967767 -0.017982461 0.041713055 8.793327332 0.017720249 0.999820888 0.006647447 -13.496190071 -0.041825123 -0.005901421 0.999107540 135.986862183
0.999048054 -0.018819913 0.039353296 9.005918503 0.018589301 0.999807894 0.006217797 -13.709946632 -0.039462756 -0.005480328 0.999206066 138.211975098
0.999040067 -0.019498367 0.039226860 9.173940659 0.019274468 0.999795735 0.006078027 -13.930252075 -0.039337359 -0.005316116 0.999211848 140.501266479
0.999030054 -0.019635824 0.039412908 9.342270851 0.019392658 0.999790490 0.006542615 -14.142828941 -0.039533120 -0.005771948 0.999201596 142.732574463
0.999070644 -0.019644698 0.038365982 9.538314819 0.019356968 0.999781787 0.007856673 -14.368879318 -0.038511951 -0.007106722 0.999232888 144.979232788
0.999083638 -0.018749002 0.038473245 9.711659431 0.018500246 0.999805570 0.006811657 -14.584389687 -0.038593482 -0.006093651 0.999236345 147.225326538
0.999104142 -0.017644055 0.038468305 9.893643379 0.017451562 0.999833465 0.005334115 -14.803894043 -0.038556024 -0.004658003 0.999245524 149.476135254
0.999119282 -0.016166650 0.038720720 10.069328308 0.016007166 0.999862015 0.004425348 -15.024682045 -0.038786922 -0.003801641 0.999240279 151.719116211
0.999123156 -0.015465885 0.038906258 10.254037857 0.015294381 0.999871969 0.004701943 -15.247741699 -0.038973995 -0.004102773 0.999231815 153.953567505
0.999121428 -0.014712622 0.039242111 10.438964844 0.014522539 0.999881387 0.005124525 -15.465460777 -0.039312847 -0.004550127 0.999216557 156.200332642
0.999105752 -0.013520150 0.040061373 10.606090546 0.013270807 0.999890924 0.006483448 -15.687143326 -0.040144663 -0.005946003 0.999176145 158.452850342
0.999050200 -0.012943188 0.041605625 10.787988663 0.012651198 0.999893486 0.007273712 -15.903358459 -0.041695341 -0.006740443 0.999107599 160.695404053
0.999049187 -0.011439906 0.042069711 10.963838577 0.011060389 0.999896049 0.009242906 -16.127405167 -0.042171080 -0.008768809 0.999071896 162.964355469
0.999016106 -0.011133085 0.042928524 11.145870209 0.010770917 0.999904513 0.008658627 -16.335960388 -0.043020826 -0.008187730 0.999040544 165.223464966
0.998967409 -0.010573277 0.044185825 11.335122108 0.010242619 0.999917984 0.007703075 -16.550971985 -0.044263650 -0.007242542 0.998993695 167.455551147
0.998911500 -0.008681115 0.045830768 11.525037766 0.008335483 0.999935329 0.007727233 -16.770038605 -0.045894898 -0.007336801 0.998919249 169.708511353
0.998795509 -0.007860426 0.048432719 11.713953972 0.007481201 0.999939978 0.008006262 -16.984865189 -0.048492741 -0.007634282 0.998794496 171.951416016
0.998679340 -0.008100458 0.050734468 11.913866997 0.007710663 0.999939203 0.007874123 -17.201387405 -0.050795168 -0.007472528 0.998681068 174.213668823
0.998595655 -0.008213785 0.052338410 12.117254257 0.007774963 0.999932945 0.008582409 -17.421918869 -0.052405395 -0.008163427 0.998592556 176.457504272
0.998540878 -0.008608120 0.053311277 12.319602966 0.008106175 0.999920845 0.009624439 -17.632951736 -0.053389907 -0.009178245 0.998531580 178.678588867
0.998534501 -0.010631608 0.053064130 12.524209976 0.010159400 0.999906421 0.009160632 -17.847023010 -0.053156547 -0.008608107 0.998549104 180.925369263
0.998498976 -0.011504776 0.053549375 12.723713875 0.011056463 0.999901354 0.008660667 -18.054729462 -0.053643726 -0.008055600 0.998527646 183.170532227
0.998574078 -0.012680529 0.051856134 12.946628571 0.012222770 0.999883592 0.009135114 -18.284343719 -0.051965933 -0.008488262 0.998612761 185.375244141
0.998582125 -0.014486704 0.051224012 13.156086922 0.014002685 0.999853909 0.009795326 -18.494070053 -0.051358435 -0.009064162 0.998639166 187.620910645
0.998606086 -0.015308655 0.050512910 13.365507126 0.014868748 0.999848247 0.009073097 -18.698463440 -0.050644141 -0.008309387 0.998682261 189.866958618
0.998565316 -0.016171025 0.051047195 13.559945107 0.015702995 0.999830961 0.009556430 -18.925516129 -0.051193107 -0.008741125 0.998650491 192.088455200
0.998540938 -0.017797062 0.050982643 13.756739616 0.017370434 0.999810517 0.008799084 -19.134708405 -0.051129580 -0.007900654 0.998660803 194.325790405
0.998561561 -0.017283356 0.050754983 13.967851639 0.016841317 0.999816477 0.009124119 -19.349683762 -0.050903365 -0.008256215 0.998669446 196.571746826
0.998552501 -0.015033597 0.051641706 14.169591904 0.014574605 0.999850929 0.009253149 -19.560895920 -0.051773112 -0.008487097 0.998622775 198.816207886
0.998583674 -0.012953587 0.051602423 14.371981621 0.012489827 0.999878764 0.009299532 -19.785556793 -0.051716637 -0.008641857 0.998624384 201.070968628
0.998555720 -0.012468698 0.052258898 14.582864761 0.012043232 0.999891758 0.008448484 -19.995971680 -0.052358590 -0.007806918 0.998597801 203.330245972
0.998524249 -0.012485412 0.052853666 14.782394409 0.012015895 0.999885559 0.009191838 -20.204217911 -0.052962374 -0.008543189 0.998560011 205.558517456
0.998495698 -0.014375592 0.052914500 15.002235413 0.013915424 0.999862134 0.009054667 -20.420520782 -0.053037371 -0.008304715 0.998557985 207.814041138
0.998432636 -0.014168306 0.054142661 15.207859039 0.013661957 0.999859512 0.009710856 -20.628288269 -0.054272633 -0.008955941 0.998485982 210.043533325
0.998340428 -0.014307185 0.055783033 15.412569046 0.013709680 0.999844551 0.011079236 -20.856300354 -0.055932876 -0.010296079 0.998381376 212.293945312
0.998268664 -0.012937039 0.057379104 15.646812439 0.012319385 0.999862432 0.011105173 -21.062002182 -0.057514887 -0.010379071 0.998290658 214.531448364
0.998098075 -0.011560928 0.060553771 15.846637726 0.010887629 0.999875247 0.011437240 -21.272315979 -0.060678452 -0.010756198 0.998099387 216.784576416
0.997970164 -0.011556285 0.062625743 16.074287415 0.010854180 0.999874413 0.011539799 -21.475925446 -0.062751241 -0.010836623 0.997970343 219.026428223
0.997832239 -0.012991989 0.064514183 16.305521011 0.012240482 0.999852657 0.012030365 -21.678871155 -0.064660974 -0.011214601 0.997844219 221.257293701
0.997726858 -0.014687923 0.065767758 16.538940430 0.013868763 0.999820650 0.012894661 -21.882572174 -0.065945357 -0.011953234 0.997751653 223.481582642
0.997662723 -0.016708337 0.066256650 16.788593292 0.015933681 0.999798596 0.012203093 -22.089595795 -0.066447191 -0.011118856 0.997727990 225.708618164
0.997634172 -0.018112570 0.066316463 17.028894424 0.017362511 0.999778748 0.011869285 -22.290000916 -0.066516764 -0.010689786 0.997728050 227.957473755
0.997579515 -0.017914161 0.067189693 17.261491776 0.017137021 0.999779582 0.012124991 -22.494016647 -0.067392103 -0.010944209 0.997666538 230.191314697
0.997529805 -0.018969275 0.067634270 17.503181458 0.018261675 0.999772012 0.011065141 -22.699117661 -0.067828737 -0.009802695 0.997648835 232.428283691
0.997465670 -0.019963548 0.068291523 17.739933014 0.019189304 0.999744117 0.011974704 -22.898254395 -0.068513110 -0.010633890 0.997593582 234.664276123
0.997417688 -0.019138683 0.069221318 17.987953186 0.018286144 0.999749184 0.012928977 -23.112834930 -0.069451414 -0.011629798 0.997517526 236.917037964
0.997363865 -0.018628040 0.070130475 18.221479416 0.017796108 0.999763906 0.012468833 -23.305000305 -0.070346184 -0.011187915 0.997459888 239.133560181
0.997329175 -0.018882826 0.070555009 18.463254929 0.018019600 0.999755025 0.012851363 -23.509988785 -0.070780396 -0.011545663 0.997425079 241.344558716
0.997296214 -0.019673781 0.070802905 18.714530945 0.018782478 0.999736011 0.013232367 -23.712322235 -0.071044534 -0.011866738 0.997402549 243.580596924
0.997265279 -0.019744953 0.071217671 18.962205887 0.018899899 0.999742985 0.012520236 -23.918308258 -0.071446583 -0.011139991 0.997382224 245.802841187
0.997262537 -0.019045442 0.071447432 19.218622208 0.018248638 0.999763966 0.011788637 -24.123672485 -0.071655095 -0.010452550 0.997374713 248.040542603
0.997244000 -0.019134283 0.071681403 19.480056763 0.018299526 0.999757111 0.012284067 -24.329017639 -0.071899049 -0.010938478 0.997351885 250.276382446
0.997215450 -0.020497665 0.071702443 19.738359451 0.019669985 0.999731719 0.012230442 -24.532295227 -0.071933903 -0.010785998 0.997351050 252.500305176
0.997218251 -0.020373434 0.071697630 20.005390167 0.019495048 0.999726295 0.012929834 -24.738412857 -0.071941428 -0.011496115 0.997342587 254.763717651
0.997193158 -0.020874169 0.071903206 20.248645782 0.019973913 0.999713123 0.013216832 -24.940963745 -0.072158463 -0.011743546 0.997324109 256.982635498
0.997159958 -0.021826049 0.072082497 20.510002136 0.020869564 0.999684215 0.013996015 -25.155267715 -0.072365217 -0.012451934 0.997300446 259.252838135
0.997128189 -0.021576697 0.072592527 20.766273499 0.020656152 0.999696851 0.013408002 -25.353599548 -0.072859786 -0.011870018 0.997271538 261.492462158
0.997112691 -0.021511152 0.072824344 21.028362274 0.020632993 0.999705255 0.012789578 -25.551645279 -0.073078021 -0.011250066 0.997262716 263.740417480
0.997083485 -0.020731883 0.073448434 21.288679123 0.019862611 0.999723911 0.012545985 -25.758527756 -0.073688269 -0.011050517 0.997220099 265.973419189
0.997039914 -0.020101711 0.074210048 21.549043655 0.019220464 0.999736249 0.012570218 -25.957208633 -0.074443169 -0.011106661 0.997163415 268.212554932
0.996901274 -0.019902118 0.076103754 21.800584793 0.019008020 0.999741733 0.012454771 -26.167203903 -0.076331981 -0.010969596 0.997022092 270.461120605
0.996822178 -0.020591056 0.076952435 22.077205658 0.019669989 0.999725759 0.012708240 -26.372608185 -0.077193014 -0.011154202 0.996953726 272.708404541
0.996610761 -0.021072697 0.079516314 22.319721222 0.020071179 0.999709070 0.013373522 -26.571552277 -0.079774998 -0.011732209 0.996743798 274.947357178
0.996465027 -0.021177107 0.081294812 22.586551666 0.020065695 0.999694049 0.014464214 -26.762784958 -0.081576243 -0.012781846 0.996585190 277.183227539
0.996440947 -0.020899450 0.081662960 22.882991791 0.019651493 0.999677956 0.016055886 -26.975679398 -0.081972212 -0.014393942 0.996530652 279.436096191
0.996351242 -0.020577716 0.082829550 23.165864944 0.019226475 0.999669313 0.017078305 -27.175655365 -0.083153591 -0.015423473 0.996417344 281.672729492
0.996268094 -0.019622983 0.084052414 23.444139481 0.018236207 0.999685168 0.017235126 -27.363950729 -0.084364153 -0.015638011 0.996312261 283.943572998
0.996138334 -0.018615177 0.085802071 23.711948395 0.017236331 0.999710441 0.016783064 -27.554552078 -0.086089671 -0.015239338 0.996170819 286.177337646
0.996193826 -0.018132715 0.085258164 24.009807587 0.016871089 0.999737620 0.015495076 -27.740238190 -0.085516751 -0.013997698 0.996238410 288.427673340
0.996133268 -0.018983174 0.085779451 24.284290314 0.017671354 0.999715328 0.016026519 -27.943090439 -0.086059272 -0.014448710 0.996185243 290.653961182
0.996037900 -0.018873498 0.086903736 24.541070938 0.017595146 0.999725759 0.015452651 -28.142059326 -0.087171540 -0.013862341 0.996096849 292.903289795
0.996048689 -0.019408055 0.086662203 24.827646255 0.018195596 0.999725461 0.014758793 -28.336864471 -0.086924866 -0.013123604 0.996128380 295.135742188
0.996053934 -0.019220557 0.086645402 25.113002777 0.018001055 0.999727905 0.014834126 -28.536231995 -0.086906955 -0.013215881 0.996128798 297.362701416
0.996051133 -0.018674770 0.086795568 25.395914078 0.017450942 0.999737680 0.014837595 -28.727386475 -0.087049887 -0.013264339 0.996115685 299.600646973
0.995985746 -0.018670568 0.087542497 25.664360046 0.017349023 0.999724090 0.015832732 -28.931785583 -0.087813944 -0.014250398 0.996034980 301.836212158
0.995974541 -0.019145848 0.087566547 25.952566147 0.017806085 0.999712527 0.016055597 -29.126739502 -0.087848768 -0.014431751 0.996029258 304.077941895
0.995933533 -0.018712960 0.088126250 26.238206863 0.017328277 0.999714494 0.016451420 -29.323175430 -0.088408947 -0.014857443 0.995973468 306.320220947
0.995939434 -0.019453084 0.087899193 26.527460098 0.018091565 0.999704063 0.016259864 -29.523218155 -0.088189490 -0.014603605 0.995996654 308.565399170
0.995882213 -0.020619962 0.088281550 26.815454483 0.019232128 0.999678135 0.016542476 -29.714218140 -0.088594258 -0.014776515 0.995958209 310.819915771
0.995834112 -0.020402480 0.088870399 27.099779129 0.019045511 0.999689162 0.016090486 -29.913478851 -0.089171059 -0.014330878 0.995913148 313.051727295
0.995858848 -0.020217430 0.088636473 27.401033401 0.018789968 0.999680459 0.016909622 -30.111949921 -0.088950031 -0.015174123 0.995920479 315.296142578
0.995797634 -0.018314522 0.089730762 27.685783386 0.016937181 0.999727070 0.016087208 -30.306749344 -0.090000905 -0.014499816 0.995836139 317.520324707
0.995794475 -0.016317988 0.090150617 27.972557068 0.014883439 0.999752045 0.016562246 -30.501689911 -0.090398513 -0.015150840 0.995790422 319.760650635
0.995724797 -0.014963617 0.091149606 28.254123688 0.013562359 0.999780536 0.015973240 -30.695348740 -0.091368608 -0.014668748 0.995709121 321.988311768
0.995693803 -0.014206812 0.091607019 28.542213440 0.012739682 0.999781370 0.016580403 -30.887794495 -0.091822550 -0.015341967 0.995657146 324.225189209
0.995713592 -0.014134557 0.091405228 28.846042633 0.012554016 0.999761999 0.017843522 -31.090190887 -0.091635697 -0.016619535 0.995653868 326.455078125
0.995663524 -0.014724913 0.091854610 29.130849838 0.013170990 0.999760091 0.017500520 -31.283437729 -0.092090257 -0.016214818 0.995618582 328.691833496
0.995660305 -0.016525341 0.091584347 29.433879852 0.015063914 0.999748290 0.016625587 -31.473714828 -0.091836028 -0.015173817 0.995658517 330.923217773
0.995641410 -0.015753176 0.091923825 29.720666885 0.014300400 0.999762535 0.016441498 -31.668811798 -0.092161000 -0.015055291 0.995630264 333.146148682
0.995610535 -0.015920075 0.092228681 30.009773254 0.014346387 0.999740362 0.017700864 -31.860134125 -0.092486531 -0.016300017 0.995580494 335.392303467
0.995620489 -0.016353752 0.092045091 30.311380386 0.014784195 0.999733865 0.017708233 -32.049644470 -0.092310190 -0.016269865 0.995597303 337.624206543
0.995594978 -0.015905306 0.092399672 30.593723297 0.014293176 0.999734342 0.018083066 -32.246475220 -0.092662737 -0.016682729 0.995557785 339.855529785
0.995604753 -0.015778858 0.092315495 30.893278122 0.014205686 0.999742866 0.017673651 -32.440258026 -0.092570640 -0.016284566 0.995572925 342.103271484
0.995588064 -0.015728058 0.092504397 31.183706284 0.014115105 0.999737203 0.018065035 -32.630744934 -0.092764206 -0.016679626 0.995548487 344.354003906
0.995613277 -0.015191416 0.092322171 31.475872040 0.013571086 0.999743104 0.018153425 -32.820732117 -0.092574231 -0.016820883 0.995563686 346.590240479
0.995640993 -0.015006358 0.092053130 31.770324707 0.013404649 0.999748230 0.017993541 -33.010303497 -0.092299961 -0.016681168 0.995591521 348.834289551
0.995601773 -0.014423169 0.092568740 32.058273315 0.012755649 0.999746025 0.018580325 -33.205871582 -0.092813209 -0.017317832 0.995532930 351.072387695
0.995644033 -0.014537031 0.092095584 32.349571228 0.012839363 0.999737024 0.018999552 -33.396091461 -0.092347577 -0.017734343 0.995568871 353.293182373
0.995646715 -0.014319584 0.092100017 32.636894226 0.012676958 0.999750376 0.018395616 -33.584663391 -0.092340432 -0.017147986 0.995579779 355.531311035
0.995669544 -0.014340968 0.091850266 32.929435730 0.012653817 0.999740839 0.018924611 -33.774787903 -0.092097841 -0.017680407 0.995593011 357.766937256
0.995742321 -0.013679627 0.091159776 33.230140686 0.011910835 0.999730587 0.019919127 -33.968498230 -0.091407694 -0.018748529 0.995637059 360.009216309
0.995781422 -0.013861657 0.090703689 33.528572083 0.012084588 0.999724686 0.020112013 -34.161914825 -0.090957522 -0.018931050 0.995674849 362.255462646
0.995827079 -0.013707174 0.090224855 33.827545166 0.011898275 0.999717832 0.020556228 -34.349559784 -0.090481170 -0.019396927 0.995709240 364.497711182
0.995862842 -0.013535917 0.089854382 34.120376587 0.011791629 0.999732137 0.019914933 -34.539634705 -0.090099886 -0.018773014 0.995755792 366.755645752
0.995894849 -0.014284868 0.089383028 34.412422180 0.012558876 0.999724150 0.019842783 -34.730293274 -0.089641847 -0.018638775 0.995799601 369.005706787
0.995867670 -0.014268035 0.089688048 34.694248199 0.012605554 0.999738514 0.019075453 -34.914371490 -0.089936770 -0.017866055 0.995787263 371.267547607
0.995945990 -0.014236473 0.088819370 34.990722656 0.012590822 0.999738991 0.019060934 -35.108860016 -0.089067541 -0.017865352 0.995865464 373.504882812
0.996056616 -0.014176767 0.087579906 35.292106628 0.012456181 0.999719143 0.020161308 -35.299205780 -0.087841138 -0.018990893 0.995953441 375.747650146
0.995920300 -0.013093075 0.089281574 35.559154510 0.011337423 0.999732792 0.020143054 -35.482551575 -0.089521460 -0.019048657 0.995802701 377.998626709
0.995911419 -0.013553598 0.089312650 35.847682953 0.011758865 0.999718785 0.020590603 -35.676010132 -0.089566603 -0.019456202 0.995790720 380.239990234
0.995936632 -0.013480048 0.089041263 36.144561768 0.011684928 0.999718368 0.020651145 -35.859004974 -0.089294560 -0.019526791 0.995813847 382.503112793
0.995931268 -0.012566466 0.089235432 36.437873840 0.010747804 0.999725223 0.020831848 -36.046791077 -0.089472689 -0.019788001 0.995792627 384.754730225
0.995919585 -0.011318654 0.089531623 36.724250793 0.009493565 0.999739051 0.020784503 -36.225898743 -0.089743502 -0.019849727 0.995766997 387.018188477
0.995939851 -0.010149278 0.089447476 37.024005890 0.008324891 0.999750137 0.020745683 -36.422790527 -0.089635685 -0.019916814 0.995775402 389.288818359
0.995912969 -0.009035463 0.089864627 37.308910370 0.007204514 0.999760211 0.020678068 -36.610824585 -0.090029925 -0.019946126 0.995739281 391.569427490
0.995941401 -0.007630582 0.089681372 37.605339050 0.005668571 0.999739349 0.022111965 -36.796993256 -0.089826733 -0.021513853 0.995725155 393.828247070
0.995859742 -0.006435255 0.090674631 37.884243011 0.004433478 0.999742389 0.022260619 -36.980804443 -0.090794541 -0.021766456 0.995631754 396.091278076
0.995773315 -0.006109226 0.091641329 38.173202515 0.004207238 0.999772012 0.020933550 -37.176101685 -0.091748312 -0.020459510 0.995572031 398.359649658
0.995729029 -0.005864052 0.092137605 38.466274261 0.003998178 0.999783456 0.020422485 -37.364753723 -0.092237413 -0.019966878 0.995536804 400.624603271
0.995589793 -0.007029748 0.093550488 38.746902466 0.005037550 0.999755859 0.021514554 -37.549346924 -0.093678892 -0.020948406 0.995382011 402.864990234
0.995616019 -0.008176020 0.093176603 39.058906555 0.006116575 0.999731064 0.022366809 -37.736244202 -0.093334422 -0.021698833 0.995398343 405.165039062
0.995560467 -0.008721408 0.093718454 39.352218628 0.006650961 0.999727368 0.022381900 -37.922065735 -0.093888097 -0.021659216 0.995347142 407.422088623
0.995530844 -0.007315125 0.094153471 39.672046661 0.005346016 0.999762058 0.021149104 -38.096702576 -0.094285779 -0.020551242 0.995333016 409.679473877
0.995477080 -0.006555540 0.094775423 39.976474762 0.004528719 0.999756753 0.021584813 -38.287979126 -0.094893873 -0.021057975 0.995264649 411.935729980
0.995408237 -0.005283893 0.095574237 40.272953033 0.003277434 0.999771178 0.021138525 -38.473617554 -0.095664062 -0.020728223 0.995197773 414.182617188
0.995301783 -0.004109241 0.096733853 40.578277588 0.002076962 0.999775171 0.021100305 -38.657226562 -0.096798815 -0.020800257 0.995086610 416.452514648
0.995267987 -0.004637894 0.097057089 40.893562317 0.002603548 0.999774396 0.021076482 -38.847084045 -0.097132951 -0.020724049 0.995055616 418.708587646
0.995169282 -0.004619766 0.098064221 41.197132111 0.002569295 0.999775648 0.021025466 -39.030918121 -0.098139346 -0.020671939 0.994957983 420.963623047
0.995080054 -0.004570902 0.098967992 41.497714996 0.002536623 0.999783099 0.020671001 -39.218551636 -0.099041022 -0.020318253 0.994875908 423.222900391
0.995015323 -0.005193922 0.099586070 41.810016632 0.003031682 0.999756575 0.021851329 -39.406291962 -0.099675350 -0.021440489 0.994789004 425.491973877
0.994966030 -0.004412435 0.100114912 42.118965149 0.002169727 0.999744534 0.022499170 -39.590503693 -0.100188605 -0.022168690 0.994721472 427.744262695
0.994881988 -0.003545576 0.100981466 42.435058594 0.001212998 0.999731243 0.023151111 -39.772636414 -0.101036415 -0.022910131 0.994618893 430.019104004
0.994885445 -0.004418478 0.100913897 42.749000549 0.002053461 0.999720991 0.023527866 -39.967758179 -0.100989722 -0.023200305 0.994616926 432.265899658
0.994855046 -0.005277267 0.101171218 43.071166992 0.002963818 0.999730945 0.023003370 -40.159954071 -0.101265386 -0.022585167 0.994603038 434.535400391
0.994835079 -0.004307465 0.101413071 43.390457153 0.001977839 0.999732018 0.023061013 -40.330741882 -0.101485245 -0.022741323 0.994577050 436.802368164
0.994792819 -0.004858377 0.101801246 43.708698273 0.002471628 0.999719441 0.023558225 -40.517959595 -0.101887114 -0.023183942 0.994525790 439.087615967
0.994816124 -0.004963198 0.101568528 44.033901215 0.002564655 0.999715090 0.023731994 -40.697826385 -0.101657361 -0.023348486 0.994545460 441.359039307
0.994829237 -0.003955504 0.101485945 44.377040863 0.001449588 0.999692500 0.024754113 -40.896171570 -0.101552673 -0.024479004 0.994528890 443.634429932
0.994792938 -0.004512019 0.101816937 44.699348450 0.001990131 0.999689043 0.024856849 -41.075256348 -0.101897433 -0.024524791 0.994492531 445.914764404
0.994786978 -0.004432476 0.101878472 45.015529633 0.001960954 0.999701560 0.024346881 -41.256408691 -0.101955995 -0.024020175 0.994498849 448.179412842
0.994795620 -0.003733765 0.101821609 45.336814880 0.001300119 0.999712169 0.023956964 -41.438255310 -0.101881765 -0.023699904 0.994514108 450.438629150
0.994743168 -0.003077734 0.102355130 45.652183533 0.000663603 0.999720931 0.023611534 -41.623512268 -0.102399252 -0.023419492 0.994467616 452.703033447
0.994643569 -0.002358824 0.103337392 45.962993622 -0.000091664 0.999719083 0.023702307 -41.799041748 -0.103364266 -0.023584817 0.994363844 454.976898193
0.994624496 -0.002636160 0.103513829 46.278911591 0.000212163 0.999725580 0.023421163 -41.988407135 -0.103547156 -0.023273299 0.994352221 457.237335205
0.994667292 -0.001955263 0.103116572 46.616958618 -0.000396957 0.999740243 0.022785816 -42.172264099 -0.103134342 -0.022705242 0.994408190 459.522674561
0.994658351 -0.000856310 0.103218094 46.941345215 -0.001543911 0.999730229 0.023171747 -42.355087280 -0.103210099 -0.023207329 0.994388819 461.806152344
0.994655430 -0.000207516 0.103249609 47.262111664 -0.002315757 0.999701560 0.024318103 -42.535923004 -0.103223830 -0.024427235 0.994358182 464.082885742
0.994682550 -0.000379870 0.102988809 47.576366425 -0.002175701 0.999692500 0.024700599 -42.714714050 -0.102966532 -0.024793319 0.994375706 466.350219727
0.994808912 -0.000576685 0.101758935 47.908226013 -0.001829001 0.999720991 0.023546156 -42.895149231 -0.101744115 -0.023610044 0.994530380 468.632171631
0.994900227 -0.000882068 0.100860156 48.241592407 -0.001472135 0.999728262 0.023264451 -43.083766937 -0.100853264 -0.023294287 0.994628549 470.923553467
0.994984567 -0.001422276 0.100018278 48.562347412 -0.001026625 0.999701142 0.024428809 -43.275814056 -0.100023106 -0.024408974 0.994685650 473.198547363
0.994975626 -0.001558330 0.100104921 48.867759705 -0.000915548 0.999695420 0.024662159 -43.458705902 -0.100112863 -0.024629904 0.994671166 475.475555420
0.995063365 -0.000884432 0.099237680 49.182937622 -0.001508482 0.999709964 0.024035325 -43.621536255 -0.099230148 -0.024066376 0.994773388 477.730072021
0.995060265 -0.001122860 0.099267334 49.493247986 -0.001351516 0.999690115 0.024855627 -43.803920746 -0.099264495 -0.024867000 0.994750321 480.007537842
0.995131254 -0.001740085 0.098544650 49.815258026 -0.000773044 0.999675572 0.025458518 -43.985519409 -0.098556988 -0.025410745 0.994806886 482.281768799
0.995141685 -0.002123816 0.098430350 50.119686127 -0.000299475 0.999697328 0.024598038 -44.163280487 -0.098452806 -0.024508012 0.994839847 484.568817139
0.995216250 -0.003709961 0.097626284 50.433387756 0.001225908 0.999674261 0.025492201 -44.356391907 -0.097689077 -0.025250567 0.994896591 486.860137939
0.995310783 -0.004116648 0.096641608 50.749576569 0.001665732 0.999675274 0.025427872 -44.529495239 -0.096714914 -0.025147652 0.994994402 489.140045166
0.995280445 -0.004471729 0.096937522 51.023563385 0.002007203 0.999672651 0.025506478 -44.714195251 -0.097019851 -0.025191521 0.994963586 491.395904541
0.995359182 -0.004084231 0.096142270 51.343654633 0.001589479 0.999660373 0.026010839 -44.893383026 -0.096215844 -0.025737314 0.995027661 493.681365967
0.995365858 -0.004075672 0.096073091 51.642089844 0.001621768 0.999670804 0.025606310 -45.071357727 -0.096145809 -0.025331832 0.995044887 495.980773926
0.995392680 -0.003696914 0.095811106 51.960575104 0.001306446 0.999686599 0.025000528 -45.254188538 -0.095873505 -0.024760170 0.995085537 498.300018311
0.995438576 -0.003580459 0.095337614 52.267498016 0.001105699 0.999661386 0.025998054 -45.435047150 -0.095398396 -0.025774047 0.995105445 500.591888428
0.995427072 -0.003164909 0.095472321 52.565158844 0.000645452 0.999651015 0.026408751 -45.618560791 -0.095522590 -0.026226358 0.995081723 502.870941162
0.995460510 -0.002367125 0.095145799 52.871196747 -0.000086032 0.999667883 0.025770778 -45.799308777 -0.095175214 -0.025661975 0.995129704 505.158752441
0.995432436 -0.002285201 0.095440425 53.167514801 -0.000260837 0.999644637 0.026655735 -45.982513428 -0.095467418 -0.026558880 0.995078206 507.448608398
0.995454431 -0.002546635 0.095204957 53.473396301 0.000095223 0.999668479 0.025744466 -46.161277771 -0.095238961 -0.025618371 0.995124757 509.738861084
0.995493889 -0.003267774 0.094768763 53.787384033 0.000744229 0.999644458 0.026651578 -46.346084595 -0.094822153 -0.026460957 0.995142519 512.036804199
0.995515585 -0.003169052 0.094544396 54.096210480 0.000639351 0.999641299 0.026775049 -46.521228790 -0.094595343 -0.026594531 0.995160460 514.338134766
0.995514274 -0.002293933 0.094583407 54.398117065 -0.000227603 0.999645174 0.026639985 -46.698638916 -0.094610937 -0.026542017 0.995160460 516.645690918
0.995496273 -0.001375131 0.094790809 54.696620941 -0.001102051 0.999659300 0.026075842 -46.874721527 -0.094794378 -0.026062869 0.995155692 518.939392090
0.995437980 0.000655130 0.095408335 55.002216339 -0.003195578 0.999644279 0.026476746 -47.057464600 -0.095357060 -0.026660837 0.995086014 521.276916504
0.995377243 0.002610006 0.096006915 55.314590454 -0.005186711 0.999632716 0.026598996 -47.236133575 -0.095902219 -0.026973991 0.995025337 523.609375000
0.995335460 0.003143097 0.096423127 55.630012512 -0.005848398 0.999596715 0.027786771 -47.407752991 -0.096296936 -0.028221076 0.994952440 525.929992676
0.995281219 0.002821164 0.096991606 55.941352844 -0.005547236 0.999596775 0.027848111 -47.584880829 -0.096873932 -0.028254740 0.994895518 528.248474121
0.995228112 0.001032852 0.097571470 56.243808746 -0.003894819 0.999567509 0.029146092 -47.756710052 -0.097499177 -0.029387029 0.994801581 530.556701660
0.995151877 -0.000394089 0.098349549 56.559532166 -0.002441868 0.999584675 0.028713439 -47.927989960 -0.098320037 -0.028814388 0.994737625 532.879882812
0.995109737 -0.000471012 0.098773934 56.872890472 -0.002331735 0.999597967 0.028258029 -48.102428436 -0.098747507 -0.028350152 0.994708717 535.192810059
0.995011151 -0.000523351 0.099761590 57.182952881 -0.002273967 0.999607384 0.027924255 -48.278263092 -0.099737048 -0.028011806 0.994619370 537.507873535
0.994911015 -0.000152432 0.100757383 57.491157532 -0.002623133 0.999620736 0.027413957 -48.458229065 -0.100723326 -0.027538747 0.994533300 539.823120117
0.994798422 0.000531834 0.101861298 57.804943085 -0.003328519 0.999621987 0.027287822 -48.638359070 -0.101808295 -0.027484929 0.994424284 542.148071289
0.994714856 0.000981407 0.102671281 58.132518768 -0.003701790 0.999646962 0.026308864 -48.814651489 -0.102609217 -0.026549885 0.994367361 544.471435547
0.994569302 0.001086723 0.104070865 58.435153961 -0.003902880 0.999631584 0.026860181 -48.998874664 -0.104003340 -0.027120488 0.994207084 546.805480957
0.994465530 0.001114877 0.105056964 58.754798889 -0.004042916 0.999609172 0.027662128 -49.176414490 -0.104985073 -0.027933771 0.994081378 549.123107910
0.994347632 0.001390179 0.106163636 59.070133209 -0.004338487 0.999611080 0.027545458 -49.349159241 -0.106084064 -0.027850350 0.993966997 551.429016113
0.994449675 -0.000940558 0.105208613 59.412929535 -0.001937860 0.999626696 0.027253577 -49.539707184 -0.105194964 -0.027306190 0.994076669 553.726501465
0.994510591 -0.001360922 0.104626842 59.755329132 -0.001567462 0.999609470 0.027901528 -49.718299866 -0.104623936 -0.027912362 0.994120061 556.040527344
0.994478106 -0.001232700 0.104937285 60.084449768 -0.001740969 0.999599576 0.028241271 -49.892250061 -0.104930088 -0.028268015 0.994077682 558.346984863
0.994441152 -0.000669396 0.105291575 60.415897369 -0.002432328 0.999566913 0.029327264 -50.068401337 -0.105265610 -0.029420342 0.994008839 560.682373047
0.994432747 -0.001078541 0.105367832 60.755405426 -0.002086240 0.999550045 0.029920718 -50.240989685 -0.105352692 -0.029973969 0.993983090 563.017944336
0.994381309 -0.000535520 0.105856411 61.089363098 -0.002731581 0.999524415 0.030716125 -50.411239624 -0.105822504 -0.030832697 0.993906856 565.334960938
0.994336009 0.000542441 0.106280908 61.431400299 -0.003771007 0.999537528 0.030179055 -50.586765289 -0.106215388 -0.030408911 0.993878067 567.659606934
0.994351327 0.001489129 0.106128506 61.782035828 -0.004538916 0.999583423 0.028500985 -50.753089905 -0.106041871 -0.028821701 0.993943810 569.991210938
0.994318128 0.002158246 0.106427468 62.127017975 -0.005248318 0.999572456 0.028763011 -50.927978516 -0.106319897 -0.029158151 0.993904352 572.307495117
0.994296014 0.001865511 0.106638998 62.467243195 -0.005105440 0.999533355 0.030117299 -51.118698120 -0.106533043 -0.030489955 0.993841588 574.694458008
0.994298577 0.001815617 0.106616616 62.815910339 -0.005248221 0.999476612 0.031924028 -51.300010681 -0.106502846 -0.032301564 0.993787527 577.003845215
0.994174361 0.002394215 0.107756019 63.138576508 -0.005643968 0.999538064 0.029863585 -51.469245911 -0.107634731 -0.030297782 0.993728757 579.403808594
0.994224608 0.001644152 0.107306607 63.488525391 -0.004819813 0.999557793 0.029341627 -51.633575439 -0.107210927 -0.029689362 0.993792951 581.737365723
0.994197905 0.001199705 0.107559599 63.833999634 -0.004583158 0.999502182 0.031214871 -51.821762085 -0.107468605 -0.031526722 0.993708491 584.075805664
0.994274020 0.001339276 0.106852502 64.179443359 -0.004679436 0.999508023 0.031014942 -51.987731934 -0.106758393 -0.031337358 0.993790925 586.391723633
0.994238734 -0.001506791 0.107177265 64.544448853 -0.001738359 0.999543011 0.030178472 -52.169982910 -0.107173748 -0.030190928 0.993781805 588.781005859
0.994254768 -0.001482642 0.107028462 64.887664795 -0.001743905 0.999546945 0.030046737 -52.335258484 -0.107024528 -0.030060764 0.993801832 591.123596191
0.994285464 -0.003421247 0.106699169 65.230476379 0.000156439 0.999531984 0.030591620 -52.509353638 -0.106753893 -0.030400109 0.993820608 593.456848145
0.994321287 -0.004334764 0.106330730 65.583518982 0.001043644 0.999519229 0.030987868 -52.683532715 -0.106413938 -0.030700922 0.993847787 595.813720703
