1.000000000 0.000000000 0.000000000 0.000000000 0.000000000 1.000000000 0.000000000 0.000000000 0.000000000 0.000000000 1.000000000 0.000000000
0.999999881 0.000192681 0.000436396 0.086340487 -0.000192624 1.000000000 -0.000131313 -0.226119593 -0.000436422 0.000131229 0.999999881 2.288208008
0.999999225 0.000473544 0.001119876 0.165641099 -0.000473923 0.999999821 0.000338380 -0.462713301 -0.001119715 -0.000338910 0.999999285 4.585208893
0.999998450 0.000194014 0.001698802 0.262026638 -0.000195045 0.999999821 0.000606657 -0.695262432 -0.001698684 -0.000606988 0.999998331 6.877513409
0.999996424 0.000344726 0.002648928 0.356437176 -0.000342125 0.999999464 -0.000982290 -0.928833783 -0.002649266 0.000981380 0.999996006 9.179587364
0.999987900 0.001932522 0.004519936 0.450372756 -0.001933759 0.999998152 0.000269349 -1.163096309 -0.004519407 -0.000278087 0.999989748 11.482686043
0.999966621 0.004049788 0.007094511 0.546476662 -0.004060707 0.999990523 0.001525339 -1.394582629 -0.007088268 -0.001554096 0.999973655 13.797568321
0.999948621 0.003851339 0.009378701 0.656413257 -0.003889536 0.999984205 0.004057964 -1.623313427 -0.009362923 -0.004094235 0.999947786 16.073099136
0.999943852 0.003880158 0.009860715 0.781074286 -0.003927916 0.999980628 0.004828539 -1.847017407 -0.009841790 -0.004867001 0.999939740 18.419109344
0.999928653 0.003082935 0.011541628 0.891788602 -0.003140897 0.999982476 0.005007289 -2.071936607 -0.011525989 -0.005043182 0.999920905 20.714920044
0.999929249 0.000628798 0.011877216 1.009736538 -0.000666759 0.999994695 0.003192394 -2.308620691 -0.011875144 -0.003200088 0.999924362 23.032064438
0.999915540 -0.001673619 0.012890170 1.114819527 0.001658709 0.999997973 0.001167333 -2.528181553 -0.012892099 -0.001145853 0.999916255 25.314601898
0.999919534 -0.002454685 0.012445122 1.256183743 0.002448517 0.999996901 0.000510858 -2.774748564 -0.012446338 -0.000480345 0.999922395 27.635255814
0.999910116 -0.002155426 0.013232055 1.365840197 0.002159947 0.999997616 -0.000327390 -3.002431154 -0.013231318 0.000355942 0.999912381 29.923715591
0.999902606 0.000196237 0.013955127 1.484651327 -0.000223611 0.999998033 0.001959994 -3.227931738 -0.013954716 -0.001962924 0.999900639 32.205699921
0.999899507 0.002215189 0.013998265 1.613744020 -0.002272548 0.999989033 0.004083067 -3.447385073 -0.013989069 -0.004114468 0.999893665 34.487018585
0.999867201 0.004494756 0.015662391 1.725597620 -0.004625773 0.999954522 0.008338949 -3.682712793 -0.015624202 -0.008410291 0.999842525 36.788658142
0.999847591 0.006330210 0.016272595 1.841853380 -0.006462432 0.999946356 0.008085723 -3.902059555 -0.016220538 -0.008189650 0.999834895 39.060661316
0.999822319 0.005398018 0.018056009 1.947909474 -0.005516976 0.999963343 0.006544923 -4.109689713 -0.018020015 -0.006643376 0.999815583 41.367454529
0.999825537 0.002965463 0.018438106 2.068372726 -0.003070649 0.999979198 0.005679094 -4.334815502 -0.018420881 -0.005734720 0.999813914 43.647220612
0.999820530 0.003392013 0.018645991 2.200147152 -0.003471146 0.999985039 0.004213205 -4.553652287 -0.018631421 -0.004277172 0.999817371 45.889404297
0.999818265 0.002593883 0.018894212 2.323338747 -0.002661406 0.999990165 0.003549481 -4.785480976 -0.018884825 -0.003599121 0.999815166 48.157630920
0.999818683 0.001184322 0.019002093 2.459228516 -0.001257248 0.999991894 0.003826280 -5.012306213 -0.018997407 -0.003849476 0.999812067 50.440696716
0.999802887 0.000332951 0.019851610 2.589798450 -0.000414202 0.999991536 0.004088964 -5.235000610 -0.019850079 -0.004096380 0.999794722 52.706592560
0.999798656 -0.000824293 0.020049967 2.726738453 0.000745332 0.999991953 0.003945365 -5.462531090 -0.020053059 -0.003929627 0.999791265 54.992122650
0.999768317 -0.001254822 0.021487808 2.850688934 0.001160410 0.999989569 0.004405655 -5.692098618 -0.021493113 -0.004379698 0.999759376 57.287292480
0.999747574 -0.002497101 0.022327829 2.986661196 0.002383363 0.999984086 0.005119137 -5.917130947 -0.022340259 -0.005064631 0.999737561 59.554851532
0.999708056 -0.003977338 0.023832262 3.114840508 0.003869947 0.999982178 0.004550528 -6.141011238 -0.023849938 -0.004456970 0.999705613 61.820823669
0.999696374 -0.004741493 0.024178896 3.266398430 0.004641487 0.999980450 0.004190537 -6.362568378 -0.024198297 -0.004077038 0.999698877 64.074096680
0.999665082 -0.004246373 0.025528157 3.406290531 0.004127024 0.999980330 0.004726047 -6.584193707 -0.025547726 -0.004619109 0.999662936 66.346496582
0.999643981 -0.003242356 0.026482387 3.553699255 0.003106701 0.999981821 0.005162027 -6.811172962 -0.026498646 -0.005077916 0.999635935 68.607337952
0.999604225 -0.003427819 0.027919780 3.689759254 0.003295819 0.999983311 0.004772449 -7.034583569 -0.027935667 -0.004678542 0.999598920 70.860450745
0.999587536 -0.004186661 0.028410837 3.848315716 0.004086811 0.999985278 0.003571647 -7.259741306 -0.028425373 -0.003454064 0.999589920 73.114776611
0.999576747 -0.005221083 0.028614534 4.009418964 0.005117320 0.999980032 0.003698265 -7.483149052 -0.028633274 -0.003550270 0.999583662 75.398887634
0.999539495 -0.006385541 0.029665463 4.171670914 0.006293279 0.999975026 0.003202392 -7.714510918 -0.029685177 -0.003014224 0.999554753 77.662300110
0.999522328 -0.007299393 0.030029608 4.322567463 0.007207112 0.999968946 0.003180128 -7.947579384 -0.030051885 -0.002962182 0.999543965 79.928207397
0.999492347 -0.007738902 0.030902792 4.471993446 0.007659827 0.999967098 0.002676382 -8.163282394 -0.030922487 -0.002438314 0.999518812 82.184875488
0.999478102 -0.007429350 0.031435777 4.641105175 0.007347526 0.999969423 0.002717594 -8.390663147 -0.031454995 -0.002485200 0.999502182 84.466407776
0.999426007 -0.007198779 0.033103380 4.796088219 0.007101280 0.999970078 0.003061916 -8.608113289 -0.033124432 -0.002825083 0.999447227 86.719856262
0.999431849 -0.007139172 0.032939468 4.970516205 0.006985707 0.999964237 0.004771720 -8.845042229 -0.032972354 -0.004538903 0.999445975 89.007034302
0.999399424 -0.006223732 0.034086943 5.129567623 0.006031747 0.999965310 0.005732135 -9.074354172 -0.034121443 -0.005523089 0.999402344 91.258529663
0.999373078 -0.005962601 0.034898024 5.296806335 0.005767083 0.999967098 0.005700564 -9.294893265 -0.034930862 -0.005495730 0.999374628 93.497474670
0.999362290 -0.006348234 0.035138607 5.467375278 0.006184744 0.999969542 0.004759437 -9.510448456 -0.035167754 -0.004539078 0.999371052 95.725128174
0.999325514 -0.007052701 0.036037914 5.634860992 0.006869003 0.999962807 0.005218606 -9.732307434 -0.036073372 -0.004967542 0.999336779 97.973419189
0.999295950 -0.006915003 0.036875553 5.796488762 0.006746632 0.999966264 0.004688407 -9.961261749 -0.036906730 -0.004436320 0.999308884 100.224037170
0.999228835 -0.006874318 0.038658980 5.947745323 0.006662133 0.999962032 0.005614794 -10.175770760 -0.038696107 -0.005352913 0.999236703 102.452827454
0.999232650 -0.007258923 0.038487412 6.152458191 0.007039985 0.999958217 0.005821041 -10.401716232 -0.038528059 -0.005545624 0.999242127 104.721054077
0.999201000 -0.008393306 0.039078705 6.329761028 0.008145626 0.999945760 0.006492926 -10.615737915 -0.039131090 -0.006169417 0.999215007 106.956947327
0.999179363 -0.010005659 0.039249260 6.516827583 0.009754033 0.999930680 0.006597308 -10.830475807 -0.039312549 -0.006209055 0.999207675 109.212287903
0.999142885 -0.011211980 0.039847728 6.697767258 0.010916751 0.999911368 0.007618772 -11.054963112 -0.039929610 -0.007177233 0.999176741 111.471099854
0.999124050 -0.012070752 0.040065683 6.888417244 0.011837209 0.999911487 0.006061145 -11.272653580 -0.040135298 -0.005581570 0.999178648 113.737442017
0.999080002 -0.012534853 0.041011166 7.067596436 0.012335816 0.999910831 0.005102698 -11.491313934 -0.041071475 -0.004592098 0.999145806 115.992630005
0.999042869 -0.012775480 0.041834000 7.246708870 0.012544866 0.999904573 0.005770518 -11.720256805 -0.041903734 -0.005240192 0.999107897 118.243919373
0.998992980 -0.013144973 0.042896919 7.433534145 0.012869301 0.999894738 0.006696248 -11.945643425 -0.042980425 -0.006137451 0.999057055 120.516166687
0.998984396 -0.013913832 0.042855494 7.635861397 0.013617735 0.999881327 0.007193417 -12.167312622 -0.042950504 -0.006602516 0.999055386 122.727409363
0.998917103 -0.014540601 0.044194829 7.827176094 0.014257245 0.999875724 0.006719967 -12.390254974 -0.044287045 -0.006082593 0.999000251 125.044448853
0.998885632 -0.014869370 0.044792034 8.007906914 0.014610356 0.999874651 0.006104446 -12.614593506 -0.044877186 -0.005443216 0.998977661 127.307952881
0.998867095 -0.016536240 0.044621754 8.195826530 0.016265145 0.999847054 0.006431671 -12.830160141 -0.044721283 -0.005698604 0.998983264 129.569198608
0.998881698 -0.017680451 0.043852527 8.378544807 0.017404668 0.999826312 0.006662743 -13.042966843 -0.043962717 -0.005892054 0.999015808 131.819503784
0.998942733 -0.018112423 0.042253338 8.576271057 0.017801128 0.999811590 0.007732045 -13.259111404 -0.042385437 -0.006971712 0.999077022 134.054458618
0.998994887 -0.018865855 0.040659010 8.763039589 0.018559063 0.999796391 0.007910036 -13.489111900 -0.040799968 -0.007147492 0.999141753 136.298339844
0.999069154 -0.019699613 0.038376402 8.973302841 0.019428454 0.999783695 0.007426000 -13.699601173 -0.038514387 -0.006673493 0.999235749 138.521148682
0.999042690 -0.020540953 0.038622327 9.127275467 0.020263966 0.999766171 0.007549525 -13.918215752 -0.038768366 -0.006759656 0.999225378 140.801528931
0.999038935 -0.020849127 0.038555928 9.296605110 0.020573681 0.999760032 0.007527142 -14.122887611 -0.038703598 -0.006726670 0.999228120 143.034042358
0.999072850 -0.020882664 0.037647776 9.478575706 0.020560361 0.999748766 0.008927990 -14.348458290 -0.037824754 -0.008145660 0.999251306 145.295303345
0.999093771 -0.019970413 0.037588086 9.651428223 0.019690868 0.999775767 0.007792784 -14.560273170 -0.037735287 -0.007045580 0.999262869 147.540435791
0.999115050 -0.018743372 0.037654247 9.828403473 0.018519338 0.999808729 0.006289800 -14.775482178 -0.037764940 -0.005586902 0.999270976 149.796600342
0.999128520 -0.017167715 0.038045142 9.999096870 0.016969496 0.999840736 0.005526858 -14.995148659 -0.038133964 -0.004876435 0.999260724 152.046005249
0.999130309 -0.016428577 0.038323544 10.179574013 0.016231079 0.999853313 0.005458977 -15.208345413 -0.038407605 -0.004832197 0.999250412 154.264648438
0.999133706 -0.015097629 0.038782913 10.360135078 0.014861011 0.999869168 0.006382238 -15.441232681 -0.038874194 -0.005800355 0.999227285 156.583328247
0.999138653 -0.014484290 0.038884986 10.556170464 0.014191947 0.999869049 0.007783676 -15.663582802 -0.038992632 -0.007225117 0.999213398 158.797698975
0.999074757 -0.013669696 0.040779833 10.704603195 0.013318256 0.999871850 0.008877253 -15.886778831 -0.040895969 -0.008325922 0.999128699 161.119354248
0.999043643 -0.012728098 0.041829657 10.887308121 0.012274911 0.999863267 0.011073224 -16.104728699 -0.041964885 -0.010549177 0.999063373 163.356552124
0.999015868 -0.011899299 0.042727731 11.073439598 0.011470340 0.999881387 0.010270552 -16.312313080 -0.042844884 -0.009770343 0.999033928 165.651412964
0.998986542 -0.011097278 0.043618739 11.268272400 0.010722507 0.999903560 0.008816632 -16.519773483 -0.043712366 -0.008339996 0.999009311 167.903839111
0.998918653 -0.009188945 0.045574892 11.452033997 0.008785278 0.999920487 0.009049634 -16.731204987 -0.045654420 -0.008639459 0.998919964 170.135482788
0.998799384 -0.008783170 0.048194379 11.641652107 0.008330230 0.999919295 0.009591015 -16.953693390 -0.048274726 -0.009178030 0.998791873 172.437530518
0.998683453 -0.008906391 0.050516989 11.840554237 0.008445385 0.999920785 0.009331897 -17.162916183 -0.050596103 -0.008892977 0.998679519 174.713119507
0.998603284 -0.008880842 0.052082516 12.047571182 0.008380570 0.999916732 0.009815902 -17.375150681 -0.052165359 -0.009365711 0.998594522 176.977539062
0.998562634 -0.009142512 0.052811828 12.254747391 0.008602579 0.999908566 0.010442014 -17.579395294 -0.052902460 -0.009972689 0.998549879 179.204711914
0.998551309 -0.010611930 0.052751429 12.459968567 0.010044154 0.999888837 0.011016726 -17.806249619 -0.052862484 -0.010470919 0.998546898 181.473022461
0.998510003 -0.011405517 0.053363003 12.657032967 0.010861810 0.999886334 0.010467783 -18.008207321 -0.053476326 -0.009872568 0.998520315 183.720397949
0.998570204 -0.012902900 0.051875278 12.880216599 0.012390380 0.999871254 0.010189367 -18.220897675 -0.052000079 -0.009532043 0.998601556 185.959960938
0.998583436 -0.014667490 0.051146500 13.089175224 0.014134188 0.999841988 0.010773067 -18.428586960 -0.051296435 -0.010034894 0.998633027 188.203689575
0.998611927 -0.015360956 0.050381925 13.296118736 0.014847849 0.999834239 0.010542895 -18.635925293 -0.050535522 -0.009780198 0.998674333 190.444488525
0.998555183 -0.016508479 0.051137619 13.492446899 0.016015535 0.999821365 0.010034407 -18.843963623 -0.051294141 -0.009200916 0.998641133 192.676055908
0.998526692 -0.018426059 0.051036786 13.689802170 0.017974112 0.999795198 0.009300185 -19.052932739 -0.051197704 -0.008369143 0.998653471 194.923080444
0.998557687 -0.018045418 0.050565246 13.895495415 0.017592093 0.999801159 0.009395927 -19.262176514 -0.050724737 -0.008492826 0.998676598 197.154586792
0.998567462 -0.015403748 0.051240850 14.101624489 0.014914451 0.999839544 0.009917699 -19.480905533 -0.051385410 -0.009139262 0.998637021 199.392730713
0.998574972 -0.013545469 0.051621273 14.302141190 0.013066714 0.999868512 0.009600672 -19.692205429 -0.051744532 -0.008912471 0.998620570 201.626190186
0.998551130 -0.012931860 0.052233662 14.513025284 0.012493155 0.999883950 0.008716700 -19.900602341 -0.052340318 -0.008051508 0.998596847 203.888061523
0.998510838 -0.013179881 0.052937187 14.712287903 0.012695746 0.999874532 0.009471370 -20.107316971 -0.053055376 -0.008785188 0.998552918 206.111511230
0.998508513 -0.014721237 0.052573659 14.949461937 0.014215124 0.999849081 0.009987746 -20.334508896 -0.052712746 -0.009225507 0.998567104 208.387176514
0.998457253 -0.014675764 0.053553015 15.154748917 0.014176308 0.999852479 0.009694391 -20.530717850 -0.053687394 -0.008920250 0.998517931 210.627807617
0.998374999 -0.014668276 0.055064309 15.378296852 0.014069800 0.999837756 0.011240692 -20.754461288 -0.055220265 -0.010447682 0.998419523 212.882873535
0.998315692 -0.013204333 0.056492545 15.612119675 0.012558257 0.999851704 0.011776304 -20.964481354 -0.056639671 -0.011047021 0.998333573 215.115142822
0.998132825 -0.011706837 0.059948549 15.806489944 0.011057168 0.999876559 0.011157390 -21.158950806 -0.060071770 -0.010473695 0.998139083 217.372909546
0.998002708 -0.011865833 0.062045354 16.034938812 0.011166137 0.999870181 0.011611822 -21.365911484 -0.062175084 -0.010895825 0.998005807 219.608596802
0.997871935 -0.013021066 0.063890718 16.265262604 0.012272141 0.999851465 0.012100453 -21.566635132 -0.064038791 -0.011290627 0.997883558 221.843338013
0.997766197 -0.014490915 0.065212533 16.499431610 0.013685076 0.999824584 0.012786915 -21.767757416 -0.065386385 -0.011865915 0.997789443 224.082687378
0.997701526 -0.016784763 0.065649845 16.751384735 0.016013138 0.999796569 0.012262282 -21.978780746 -0.065842308 -0.011182836 0.997767389 226.317199707
0.997663498 -0.018044997 0.065893613 16.991630554 0.017297808 0.999779642 0.011892288 -22.178003311 -0.066093683 -0.010724684 0.997755885 228.571578979
0.997614741 -0.017823506 0.066686936 17.228519440 0.017055141 0.999781668 0.012073698 -22.382682800 -0.066887550 -0.010907547 0.997700870 230.818420410
0.997573137 -0.019113544 0.066951402 17.475152969 0.018419655 0.999770224 0.010966152 -22.586353302 -0.067145623 -0.009706319 0.997695982 233.064956665
0.997527838 -0.020017127 0.067361906 17.713966370 0.019260626 0.999744177 0.011861223 -22.785242081 -0.067582108 -0.010534469 0.997658074 235.301177979
0.997551441 -0.019221112 0.067243762 17.995277405 0.018452423 0.999757290 0.012033976 -22.990398407 -0.067458771 -0.010763696 0.997663915 237.559677124
0.997517765 -0.019292057 0.067721039 18.234224319 0.018523345 0.999756873 0.011960839 -23.188041687 -0.067935325 -0.010676729 0.997632623 239.783218384
0.997480989 -0.019454796 0.068214267 18.476894379 0.018657580 0.999750197 0.012304672 -23.393093109 -0.068436608 -0.011000961 0.997594953 242.011611938
0.997444689 -0.019540757 0.068720184 18.719339371 0.018735362 0.999748230 0.012345054 -23.593935013 -0.068944149 -0.011026008 0.997559547 244.251174927
0.997401953 -0.019776668 0.069269478 18.962106705 0.019022197 0.999752522 0.011534692 -23.801969528 -0.069480456 -0.010187067 0.997531235 246.481460571
0.997428894 -0.019347744 0.069002263 19.221616745 0.018647945 0.999768078 0.010771534 -24.009614944 -0.069194667 -0.009457089 0.997558355 248.720123291
0.997401476 -0.019752366 0.069282927 19.469562531 0.019017071 0.999755800 0.011256521 -24.217962265 -0.069488354 -0.009909715 0.997533560 250.963836670
0.997370780 -0.021018056 0.069352008 19.720705032 0.020285828 0.999730945 0.011245699 -24.425214767 -0.069569692 -0.009809271 0.997528851 253.197448730
0.997353315 -0.020899439 0.069640487 19.969682693 0.020117497 0.999726653 0.011910877 -24.630153656 -0.069870405 -0.010478361 0.997501016 255.447677612
0.997331500 -0.021636676 0.069726244 20.209568024 0.020858519 0.999711990 0.011869090 -24.833789825 -0.069962978 -0.010383030 0.997495532 257.667480469
0.997289777 -0.021827107 0.070261225 20.465942383 0.020994594 0.999700725 0.012565625 -25.042465210 -0.070514448 -0.011056464 0.997449458 259.921478271
0.997258842 -0.021565521 0.070778742 20.719108582 0.020758213 0.999711156 0.012121903 -25.245231628 -0.071019702 -0.010619435 0.997418404 262.165466309
0.997239053 -0.021560879 0.071059264 20.977691650 0.020791557 0.999717116 0.011548446 -25.446182251 -0.071288146 -0.010039129 0.997405171 264.422943115
0.997226059 -0.020748848 0.071480930 21.238428116 0.020008188 0.999738574 0.011062252 -25.654401779 -0.071691766 -0.009601364 0.997380614 266.661834717
0.997159600 -0.020227214 0.072551027 21.492685318 0.019467318 0.999748230 0.011165895 -25.856338501 -0.072758615 -0.009721803 0.997302234 268.906311035
0.997043312 -0.019796470 0.074247397 21.743366241 0.019048007 0.999760449 0.010775367 -26.068294525 -0.074442931 -0.009329242 0.997181654 271.150115967
0.996964276 -0.020623293 0.075079285 22.012254715 0.019831343 0.999739707 0.011278567 -26.279253006 -0.075292341 -0.009755406 0.997113824 273.392486572
0.996788740 -0.021085801 0.077250287 22.264703751 0.020236494 0.999726057 0.011760704 -26.477472305 -0.077477098 -0.010159660 0.996942341 275.637268066
0.996653438 -0.021089928 0.078975372 22.531251907 0.020103335 0.999709904 0.013266806 -26.677766800 -0.079232261 -0.011634738 0.996788263 277.877471924
0.996620238 -0.020595839 0.079522789 22.818761826 0.019508949 0.999705672 0.014420534 -26.889057159 -0.079796404 -0.012820393 0.996728718 280.123291016
0.996547341 -0.020334657 0.080497183 23.099441528 0.019145679 0.999696314 0.015514898 -27.093215942 -0.080788240 -0.013920160 0.996634066 282.359222412
0.996464849 -0.019518748 0.081711918 23.373130798 0.018324593 0.999714375 0.015338751 -27.285797119 -0.081987977 -0.013787188 0.996537924 284.620788574
0.996361375 -0.018425424 0.083214171 23.638917923 0.017272918 0.999744952 0.014548673 -27.477180481 -0.083461016 -0.013058384 0.996425450 286.849639893
0.996355057 -0.017808599 0.083423443 23.923828125 0.016735326 0.999768138 0.013547105 -27.667392731 -0.083645344 -0.012101608 0.996422112 289.093719482
0.996292114 -0.018630203 0.083993331 24.193979263 0.017528923 0.999750733 0.013830026 -27.872337341 -0.084230058 -0.012306434 0.996370375 291.321075439
0.996293962 -0.018472958 0.084005989 24.470952988 0.017473610 0.999767721 0.012615972 -28.067693710 -0.084219538 -0.011101330 0.996385396 293.604125977
0.996304512 -0.019043127 0.083753563 24.749135971 0.018112499 0.999765575 0.011857389 -28.268238068 -0.083959721 -0.010296582 0.996415973 295.830902100
0.996301889 -0.019001925 0.083793469 25.026542664 0.018076139 0.999767065 0.011793355 -28.471900940 -0.083998054 -0.010235082 0.996413350 298.067718506
0.996307790 -0.018354869 0.083869502 25.303594589 0.017395936 0.999774873 0.012150280 -28.673452377 -0.084073648 -0.010646430 0.996402681 300.307556152
0.996253967 -0.018002216 0.084580675 25.561218262 0.016960321 0.999771357 0.013020893 -28.881881714 -0.084795751 -0.011537600 0.996331573 302.543090820
0.996259034 -0.018151533 0.084489577 25.844013214 0.017089633 0.999765754 0.013274756 -29.083324432 -0.084710754 -0.011781200 0.996335864 304.791168213
0.996225893 -0.017405627 0.085035242 26.124633789 0.016325414 0.999777198 0.013382049 -29.284070969 -0.085249223 -0.011943309 0.996288061 307.039825439
0.996219873 -0.018264811 0.084925808 26.407396317 0.017185109 0.999762297 0.013427189 -29.495090485 -0.085150853 -0.011916975 0.996296823 309.299987793
0.996175945 -0.019350262 0.085199744 26.687824249 0.018241353 0.999738693 0.013774790 -29.695423126 -0.085444048 -0.012167957 0.996268630 311.570770264
0.996140480 -0.018863499 0.085722245 26.967048645 0.017801367 0.999755204 0.013138046 -29.898319244 -0.085949078 -0.011561367 0.996232450 313.820953369
0.996172965 -0.018397199 0.085445255 27.258562088 0.017277449 0.999755144 0.013825975 -30.102535248 -0.085678697 -0.012296787 0.996246934 316.072052002
0.996128738 -0.016774625 0.086291358 27.537946701 0.015707750 0.999791861 0.013027872 -30.305995941 -0.086491942 -0.011621995 0.996184766 318.320312500
0.996123731 -0.015352682 0.086612672 27.816902161 0.014221219 0.999805510 0.013665459 -30.508380890 -0.086805627 -0.012380753 0.996148348 320.572265625
0.996064365 -0.014514470 0.087436400 28.092988968 0.013391044 0.999820232 0.013421397 -30.713294983 -0.087615505 -0.012197711 0.996079683 322.807586670
0.996022820 -0.013669995 0.088042878 28.366632462 0.012498736 0.999826074 0.013840880 -30.909650803 -0.088216759 -0.012685407 0.996020496 325.050903320
0.996025205 -0.013339035 0.088067643 28.656549454 0.012031017 0.999809563 0.015366596 -31.120567322 -0.088255860 -0.014245969 0.995996058 327.278442383
0.996002674 -0.013965501 0.088224962 28.936309814 0.012667079 0.999803305 0.015259956 -31.324314117 -0.088420711 -0.014081405 0.995983660 329.525360107
0.996005177 -0.015617942 0.087920196 29.232027054 0.014404707 0.999792278 0.014416910 -31.520473480 -0.088127106 -0.013092851 0.996023178 331.759155273
0.995987594 -0.015064626 0.088214405 29.509887695 0.013842557 0.999799788 0.014448839 -31.723369598 -0.088414378 -0.013169753 0.995996714 333.965759277
0.995967209 -0.015184346 0.088423386 29.793474197 0.013857031 0.999782205 0.015605497 -31.919536591 -0.088641100 -0.014317279 0.995960653 336.206451416
0.996009350 -0.015552474 0.087884627 30.091600418 0.014240590 0.999777913 0.015534734 -32.114368439 -0.088106729 -0.014221209 0.996009469 338.440734863
0.996008515 -0.015290718 0.087937862 30.372152328 0.013953358 0.999777794 0.015802680 -32.317123413 -0.088159971 -0.014512578 0.996000528 340.683471680
0.996050715 -0.015425509 0.087435409 30.666799545 0.014102951 0.999776900 0.015723763 -32.518856049 -0.087658457 -0.014428568 0.996046066 342.928314209
0.996071398 -0.015539146 0.087179631 30.951768875 0.014181531 0.999768794 0.016170450 -32.714771271 -0.087410755 -0.014870583 0.996061385 345.169311523
0.996105671 -0.015416572 0.086809359 31.235347748 0.014051249 0.999768078 0.016316969 -32.907718658 -0.087040797 -0.015033642 0.996091306 347.408508301
0.996154964 -0.015513924 0.086224243 31.521028519 0.014157355 0.999766529 0.016322333 -33.103015900 -0.086457342 -0.015038871 0.996141970 349.653198242
0.996158242 -0.015087999 0.086261973 31.798641205 0.013702094 0.999767721 0.016635856 -33.299133301 -0.086492918 -0.015389975 0.996133566 351.893096924
0.996195316 -0.015600312 0.085741311 32.079734802 0.014194555 0.999755085 0.016980635 -33.489646912 -0.085985214 -0.015698964 0.996172726 354.121551514
0.996220827 -0.015202126 0.085517094 32.355911255 0.013845011 0.999768913 0.016440349 -33.684040070 -0.085747257 -0.015194231 0.996201038 356.357818604
0.996276915 -0.015409262 0.084822290 32.639247894 0.014031814 0.999760211 0.016811553 -33.875846863 -0.085060984 -0.015558751 0.996254385 358.594207764
0.996340632 -0.015018182 0.084142998 32.925804138 0.013579034 0.999751925 0.017649930 -34.071773529 -0.084387213 -0.016442753 0.996297359 360.843200684
0.996379793 -0.015055305 0.083669327 33.210662842 0.013628645 0.999752223 0.017596275 -34.267570496 -0.083913520 -0.016392270 0.996338129 363.094116211
0.996426523 -0.015192873 0.083086565 33.494026184 0.013744462 0.999743938 0.017976873 -34.459472656 -0.083338395 -0.016770650 0.996380150 365.334259033
0.996483505 -0.015096194 0.082417741 33.774509430 0.013697149 0.999752820 0.017514182 -34.654712677 -0.082661755 -0.016323704 0.996444106 367.593505859
0.996498585 -0.015687566 0.082124814 34.049293518 0.014296667 0.999744654 0.017497241 -34.852108002 -0.082378350 -0.016261864 0.996468425 369.840484619
0.996491313 -0.015699554 0.082210161 34.320003510 0.014373618 0.999757349 0.016695729 -35.041496277 -0.082452320 -0.015455495 0.996475160 372.095916748
0.996562541 -0.015871529 0.081309207 34.598339081 0.014551414 0.999752879 0.016802713 -35.242877960 -0.081555791 -0.015561789 0.996547282 374.329681396
0.996668518 -0.015769873 0.080019422 34.884860992 0.014430188 0.999746382 0.017292799 -35.433040619 -0.080271840 -0.016080491 0.996643245 376.576110840
0.996557057 -0.015853370 0.081380293 35.139232635 0.014449400 0.999736905 0.017812049 -35.626346588 -0.081641264 -0.016574824 0.996523976 378.833770752
0.996552110 -0.016569205 0.081298009 35.413471222 0.015134584 0.999719262 0.018231055 -35.825252533 -0.081577264 -0.016937783 0.996523201 381.078796387
0.996574998 -0.016617224 0.081006519 35.693653107 0.015185805 0.999718010 0.018254649 -36.013633728 -0.081287049 -0.016961982 0.996546388 383.338745117
0.996588767 -0.015867895 0.080988154 35.971736908 0.014401343 0.999722183 0.018660393 -36.210990906 -0.081261739 -0.017430395 0.996540368 385.594696045
0.996591687 -0.014709125 0.081169717 36.242404938 0.013227048 0.999736369 0.018766627 -36.395759583 -0.081424341 -0.017629029 0.996523619 387.848449707
0.996616125 -0.013631537 0.081058159 36.522335052 0.012155498 0.999751687 0.018675331 -36.592483521 -0.081292622 -0.017626837 0.996534407 390.119171143
0.996599853 -0.012228432 0.081480943 36.790996552 0.010745660 0.999769032 0.018611513 -36.786945343 -0.081689715 -0.017672662 0.996501029 392.401000977
0.996630192 -0.010777969 0.081314713 37.067401886 0.009174608 0.999756575 0.020065930 -36.978340149 -0.081511185 -0.019252282 0.996486485 394.665313721
0.996567607 -0.009408313 0.082248114 37.331878662 0.007743218 0.999758959 0.020540364 -37.170780182 -0.082421556 -0.019832989 0.996400297 396.927673340
0.996513844 -0.009105114 0.082928404 37.605064392 0.007547955 0.999789655 0.019071372 -37.368446350 -0.083084591 -0.018378947 0.996372938 399.193878174
0.996468484 -0.009040893 0.083478607 37.877521515 0.007517239 0.999799848 0.018548328 -37.559448242 -0.083629563 -0.017855301 0.996336877 401.459411621
0.996319234 -0.010191288 0.085112199 38.135929108 0.008523717 0.999765098 0.019933097 -37.749027252 -0.085295342 -0.019134255 0.996171951 403.698822021
0.996346354 -0.011678115 0.084602445 38.422512054 0.009971689 0.999738812 0.020564521 -37.936454773 -0.084820487 -0.019645760 0.996202528 405.984161377
0.996300638 -0.012064032 0.085085995 38.699768066 0.010376531 0.999741137 0.020247353 -38.121139526 -0.085308231 -0.019289553 0.996167839 408.237060547
0.996273279 -0.010790435 0.085574985 39.001544952 0.009159974 0.999769390 0.019422861 -38.306007385 -0.085764825 -0.018566610 0.996142387 410.505615234
0.996239424 -0.010045720 0.086058572 39.290481567 0.008382293 0.999771357 0.019668575 -38.498573303 -0.086236484 -0.018873235 0.996095896 412.768615723
0.996184945 -0.008901282 0.086811520 39.569988251 0.007263989 0.999790072 0.019158032 -38.687080383 -0.086963817 -0.018454347 0.996040523 415.021240234
0.996087849 -0.007695763 0.088032596 39.855651855 0.006035337 0.999799132 0.019112129 -38.873626709 -0.088162012 -0.018506056 0.995934248 417.292022705
0.996051371 -0.007997270 0.088416882 40.150512695 0.006341201 0.999799490 0.018995263 -39.066486359 -0.088551044 -0.018359592 0.995902359 419.548034668
0.995950699 -0.008182151 0.089527689 40.430332184 0.006496439 0.999796391 0.019104168 -39.254875183 -0.089665793 -0.018445203 0.995801091 421.800201416
0.995866895 -0.008224570 0.090450570 40.709720612 0.006560284 0.999803960 0.018681901 -39.443706512 -0.090586491 -0.018011311 0.995725691 424.058685303
0.995794594 -0.008614345 0.091208376 41.004970551 0.006815732 0.999776423 0.020012982 -39.638168335 -0.091360375 -0.019307166 0.995630622 426.334136963
0.995761335 -0.008069281 0.091619395 41.296829224 0.006209139 0.999769151 0.020569868 -39.826450348 -0.091764227 -0.019913800 0.995581567 428.595825195
0.995688915 -0.007207274 0.092474706 41.595371246 0.005233377 0.999753654 0.021570040 -40.016437531 -0.092607372 -0.020993091 0.995481431 430.873352051
0.995698988 -0.008104430 0.092291944 41.905151367 0.006127723 0.999746084 0.021681255 -40.212635040 -0.092444248 -0.021022467 0.995495915 433.161743164
0.995667934 -0.008728754 0.092570022 42.205951691 0.006801185 0.999753773 0.021117907 -40.406291962 -0.092731573 -0.020396832 0.995482147 435.424713135
0.995674729 -0.007595837 0.092597850 42.511268616 0.005670987 0.999762714 0.021032633 -40.577949524 -0.092735641 -0.020416541 0.995481372 437.690063477
0.995616078 -0.008046429 0.093186609 42.806175232 0.006080102 0.999753356 0.021365680 -40.766929626 -0.093335532 -0.020705430 0.995419383 439.976959229
0.995678484 -0.007927803 0.092527047 43.118644714 0.005950452 0.999748468 0.021626890 -40.953815460 -0.092675224 -0.020982856 0.995475292 442.249298096
0.995658815 -0.007224951 0.092797324 43.440586090 0.005183002 0.999739528 0.022226583 -41.146743774 -0.092933737 -0.021649126 0.995436907 444.575988770
0.995613217 -0.007835278 0.093235783 43.740669250 0.005745986 0.999726832 0.022656081 -41.334304810 -0.093387827 -0.022020964 0.995386243 446.855590820
0.995602846 -0.007821257 0.093347833 44.039657593 0.005774773 0.999737382 0.022173224 -41.522163391 -0.093496755 -0.021536661 0.995386541 449.123229980
0.995598018 -0.006945912 0.093467951 44.345546722 0.004932108 0.999751091 0.021759177 -41.709312439 -0.093595818 -0.021202397 0.995384514 451.390686035
0.995542049 -0.006541254 0.094091728 44.640716553 0.004521808 0.999755144 0.021659737 -41.902481079 -0.094210371 -0.021137716 0.995327890 453.649810791
0.995477319 -0.006259449 0.094793223 44.936630249 0.004214870 0.999754429 0.021753727 -42.083499908 -0.094906121 -0.021255801 0.995259225 455.921508789
0.995449483 -0.006424863 0.095073648 45.225345612 0.004366188 0.999751806 0.021845683 -42.277473450 -0.095190406 -0.021331165 0.995230496 458.175140381
0.995486736 -0.005309226 0.094751708 45.549797058 0.003364702 0.999780715 0.020670274 -42.460144043 -0.094840668 -0.020258171 0.995286286 460.474884033
0.995452046 -0.004397296 0.095161103 45.853210449 0.002384191 0.999771178 0.021258073 -42.650703430 -0.095232807 -0.020934515 0.995234966 462.764526367
0.995482504 -0.003975122 0.094861887 46.157695770 0.001867651 0.999749720 0.022294661 -42.835308075 -0.094926767 -0.022016777 0.995240748 465.038024902
0.995510399 -0.003982884 0.094568297 46.453880310 0.001839329 0.999739587 0.022743095 -43.018730164 -0.094634272 -0.022467045 0.995258570 467.303558350
0.995611310 -0.003783341 0.093508080 46.764278412 0.001760973 0.999763072 0.021700792 -43.205429077 -0.093568005 -0.021440890 0.995382011 469.580963135
0.995728314 -0.004005288 0.092243999 47.082023621 0.002031978 0.999767303 0.021476278 -43.400310516 -0.092308544 -0.021197101 0.995504797 471.879272461
0.995785475 -0.004034426 0.091624536 47.379951477 0.001974193 0.999743342 0.022565110 -43.594673157 -0.091692060 -0.022289122 0.995537937 474.152679443
0.995787740 -0.004198136 0.091592327 47.668910980 0.002108845 0.999735594 0.022895616 -43.782169342 -0.091664232 -0.022606019 0.995533407 476.431427002
0.995870650 -0.004103950 0.090692356 47.963611603 0.002076614 0.999746084 0.022437064 -43.956047058 -0.090761416 -0.022156080 0.995626271 478.709167480
0.995896637 -0.004139813 0.090403579 48.261756897 0.002090558 0.999738991 0.022750795 -44.137413025 -0.090474181 -0.022468442 0.995645344 480.994018555
0.995954514 -0.004511039 0.089745827 48.565444946 0.002430893 0.999726176 0.023274008 -44.322025299 -0.089826249 -0.022961693 0.995692670 483.270324707
0.995966136 -0.005302260 0.089572869 48.847961426 0.003315676 0.999745548 0.022312671 -44.504920959 -0.089668371 -0.021925671 0.995730281 485.557250977
0.996018648 -0.005598057 0.088968873 49.147762299 0.003553848 0.999726355 0.023118477 -44.696079254 -0.089073963 -0.022710253 0.995766103 487.872802734
0.996069968 -0.005649923 0.088389732 49.441360474 0.003640554 0.999731660 0.022877775 -44.874221802 -0.088495277 -0.022466082 0.995823145 490.158935547
0.996077418 -0.005094758 0.088338897 49.726703644 0.003030839 0.999719679 0.023482068 -45.056045532 -0.088433787 -0.023122218 0.995813668 492.456817627
0.996135116 -0.004482010 0.087719560 50.024593353 0.002391755 0.999711156 0.023919452 -45.238067627 -0.087801412 -0.023617204 0.995858133 494.748901367
0.996098936 -0.004091207 0.088148274 50.296962738 0.002017471 0.999719381 0.023601810 -45.421112061 -0.088220082 -0.023331905 0.995827734 497.048858643
0.996134579 -0.003881350 0.087754473 50.598499298 0.001852821 0.999729395 0.023185609 -45.612140656 -0.087820724 -0.022933396 0.995872259 499.361663818
0.996159256 -0.003656008 0.087483734 50.883701324 0.001564697 0.999711633 0.023961790 -45.795696259 -0.087546103 -0.023732873 0.995877862 501.654724121
0.996150613 -0.003388773 0.087592386 51.164016724 0.001259433 0.999702632 0.024353486 -45.984111786 -0.087648861 -0.024149423 0.995858669 503.931945801
0.996171176 -0.002098130 0.087399036 51.453536987 0.000026604 0.999719083 0.023696348 -46.169857025 -0.087424226 -0.023603294 0.995891511 506.221679688
0.996154308 -0.002001681 0.087593637 51.730697632 -0.000125995 0.999705255 0.024278039 -46.353942871 -0.087616421 -0.024195706 0.995860338 508.510162354
0.996149361 -0.002431894 0.087638803 52.011028290 0.000379947 0.999725580 0.023422765 -46.541389465 -0.087671734 -0.023299271 0.995876908 510.809509277
0.996201217 -0.003266566 0.087018996 52.311782837 0.001146833 0.999701798 0.024398295 -46.731662750 -0.087072715 -0.024205824 0.995907843 513.101013184
0.996195734 -0.002743619 0.087100789 52.594074249 0.000612617 0.999700069 0.024483239 -46.913761139 -0.087141834 -0.024336742 0.995898604 515.406738281
0.996209085 -0.001910114 0.086971320 52.880916595 -0.000220113 0.999700248 0.024477271 -47.098670959 -0.086992018 -0.024403617 0.995910048 517.712097168
0.996203303 -0.001189952 0.087049261 53.161014557 -0.000911782 0.999709070 0.024100451 -47.282199860 -0.087052613 -0.024088319 0.995912373 520.004211426
0.996142983 0.000543322 0.087743454 53.449550629 -0.002705651 0.999695539 0.024526708 -47.478450775 -0.087703407 -0.024669515 0.995841086 522.359558105
0.996066451 0.002540615 0.088573016 53.740760803 -0.004727562 0.999688864 0.024489868 -47.661361694 -0.088483244 -0.024812264 0.995768607 524.704711914
0.996010661 0.003198935 0.089176342 54.031642914 -0.005517782 0.999652624 0.025768558 -47.841129303 -0.089062937 -0.026157809 0.995682478 527.027770996
0.995946884 0.002882534 0.089896932 54.317489624 -0.005224721 0.999652624 0.025829712 -48.022373199 -0.089791238 -0.026194708 0.995616078 529.339965820
0.995892406 0.001225829 0.090536080 54.608768463 -0.003700214 0.999624014 0.027167581 -48.199951172 -0.090468757 -0.027390987 0.995522559 531.667480469
0.995850503 -0.000385215 0.091003761 54.911613464 -0.002072581 0.999635696 0.026911588 -48.379119873 -0.090980954 -0.026988531 0.995486856 533.996582031
0.995791018 -0.000363384 0.091651894 55.204441071 -0.002051417 0.999653280 0.026251936 -48.557655334 -0.091629654 -0.026329460 0.995445013 536.327026367
0.995696664 -0.000554973 0.092669763 55.499092102 -0.001880656 0.999655068 0.026193490 -48.739982605 -0.092652336 -0.026255051 0.995352447 538.649475098
0.995590091 0.000115730 0.093810499 55.789081573 -0.002526583 0.999669552 0.025580816 -48.923248291 -0.093776546 -0.025705025 0.995261371 540.966308594
0.995473564 0.000631890 0.095036536 56.081413269 -0.003060972 0.999672294 0.025415838 -49.110702515 -0.094989330 -0.025591703 0.995149255 543.291564941
0.995395243 0.001154720 0.095848694 56.384357452 -0.003511493 0.999695659 0.024423445 -49.290714264 -0.095791310 -0.024647553 0.995096266 545.612426758
0.995233715 0.001092693 0.097513050 56.672367096 -0.003525762 0.999686658 0.024782386 -49.467849731 -0.097455420 -0.025008069 0.994925618 547.933593750
0.995154262 0.001159593 0.098318562 56.980876923 -0.003704358 0.999662876 0.025704263 -49.653839111 -0.098255605 -0.025943918 0.994822979 550.259338379
0.995032370 0.001083098 0.099546261 57.280941010 -0.003666968 0.999661028 0.025777170 -49.833755493 -0.099484600 -0.026014147 0.994699061 552.569274902
0.995121896 -0.000602641 0.098651193 57.607608795 -0.001942937 0.999667645 0.025705723 -50.029418945 -0.098633908 -0.025771998 0.994789958 554.888610840
0.995173514 -0.001123786 0.098124422 57.937324524 -0.001427019 0.999662936 0.025921568 -50.209426880 -0.098120481 -0.025936490 0.994836509 557.211608887
0.995103598 -0.000922701 0.098833203 58.244338989 -0.001691301 0.999651015 0.026361564 -50.388435364 -0.098823041 -0.026399644 0.994754791 559.516906738
0.995065212 -0.000319344 0.099222422 58.562881470 -0.002382692 0.999629557 0.027112417 -50.565307617 -0.099194333 -0.027215041 0.994695783 561.853271484
0.995066285 -0.000754853 0.099209256 58.888851166 -0.002028982 0.999607086 0.027956348 -50.745166779 -0.099191360 -0.028019713 0.994673908 564.188659668
0.995035470 -0.000333056 0.099520311 59.209838867 -0.002514823 0.999591053 0.028489243 -50.915973663 -0.099489100 -0.028598081 0.994627535 566.505493164
0.994996369 0.000560663 0.099908918 59.537353516 -0.003344882 0.999610603 0.027702253 -51.094558716 -0.099854469 -0.027897824 0.994610786 568.834899902
0.994991124 0.001680945 0.099948958 59.869941711 -0.004334479 0.999643683 0.026337665 -51.268344879 -0.099869087 -0.026638972 0.994643867 571.159179688
0.995007336 0.002213028 0.099777095 60.212039948 -0.004870400 0.999639630 0.026397372 -51.448822021 -0.099682733 -0.026751528 0.994659603 573.480895996
0.994943917 0.001987674 0.100411996 60.522232056 -0.004804444 0.999601483 0.027818095 -51.638763428 -0.100316696 -0.028159870 0.994556963 575.871215820
0.994911969 0.001883411 0.100730814 60.845592499 -0.004841917 0.999563813 0.029133990 -51.822887421 -0.100632019 -0.029473487 0.994486988 578.192016602
0.994860291 0.002436994 0.101226963 61.169544220 -0.005265050 0.999602973 0.027680010 -52.003738403 -0.101119310 -0.028070711 0.994478226 580.575622559
0.994906366 0.001665336 0.100789420 61.501159668 -0.004469451 0.999608994 0.027602104 -52.176025391 -0.100704052 -0.027911987 0.994524837 582.915405273
0.994893312 0.000590241 0.100930564 61.830520630 -0.003541794 0.999571145 0.029066710 -52.367797852 -0.100870132 -0.029275749 0.994468868 585.242248535
0.994946361 0.000877141 0.100404069 62.159862518 -0.003839230 0.999562860 0.029312253 -52.541854858 -0.100334480 -0.029549593 0.994514883 587.562011719
0.994909883 -0.001871686 0.100751311 62.492549896 -0.000952975 0.999608040 0.027980532 -52.724643707 -0.100764185 -0.027934123 0.994518042 589.924255371
0.994942725 -0.002157870 0.100420609 62.829082489 -0.000640621 0.999612570 0.027827105 -52.896759033 -0.100441754 -0.027750712 0.994555831 592.275756836
0.994925141 -0.003955978 0.100539543 63.148067474 0.001104681 0.999596179 0.028399805 -53.074607849 -0.100611269 -0.028144620 0.994527638 594.609069824
0.994948983 -0.004688299 0.100272551 63.484550476 0.001813651 0.999585271 0.028740311 -53.252891541 -0.100365713 -0.028413279 0.994544804 596.967590332
