1.000000000 0.000000000 0.000000000 0.000000000 0.000000000 1.000000000 0.000000000 0.000000000 0.000000000 0.000000000 1.000000000 0.000000000
0.999999940 -0.000022022 0.000383945 0.090049043 0.000022101 0.999999940 -0.000207421 -0.226016685 -0.000383941 0.000207430 0.999999881 2.293801785
0.999999404 0.000241005 0.001063170 0.168344617 -0.000241349 0.999999940 0.000322827 -0.465583652 -0.001063092 -0.000323083 0.999999404 4.582171917
0.999998868 -0.000139977 0.001510993 0.268135071 0.000139235 0.999999821 0.000491461 -0.697441816 -0.001511061 -0.000491250 0.999998748 6.868690968
0.999997139 -0.000341118 0.002334179 0.363761932 0.000344215 0.999999046 -0.001326568 -0.929336190 -0.002333724 0.001327368 0.999996424 9.166505814
0.999989092 0.001414753 0.004429496 0.455161393 -0.001414839 0.999998927 0.000016395 -1.165601730 -0.004429469 -0.000022662 0.999990225 11.472734451
0.999973953 0.003154709 0.006488815 0.559706330 -0.003162609 0.999994278 0.001207644 -1.397743940 -0.006484970 -0.001228134 0.999978185 13.755395889
0.999954939 0.003020872 0.008993883 0.662492454 -0.003056295 0.999987662 0.003927504 -1.627720356 -0.008981907 -0.003954815 0.999951839 16.028873444
0.999950886 0.003227632 0.009371883 0.767311335 -0.003277438 0.999980569 0.005303931 -1.857161164 -0.009354580 -0.005334387 0.999942005 18.328296661
0.999927282 0.002212606 0.011857213 0.862280011 -0.002278096 0.999982238 0.005512497 -2.082513332 -0.011844805 -0.005539109 0.999914527 20.625406265
0.999928951 -0.000145938 0.011921750 0.983812690 0.000117650 0.999997139 0.002373463 -2.297270298 -0.011922063 -0.002371892 0.999926090 22.916477203
0.999913216 -0.002306568 0.012974514 1.087996840 0.002302986 0.999997377 0.000291053 -2.517212629 -0.012975152 -0.000261147 0.999915719 25.196813583
0.999918997 -0.003025754 0.012361114 1.226981759 0.003032692 0.999995172 -0.000542633 -2.759859085 -0.012359413 0.000580077 0.999923468 27.484876633
0.999901175 -0.002722038 0.013788979 1.326470613 0.002744347 0.999994934 -0.001599220 -2.986653090 -0.013784556 0.001636904 0.999903679 29.770561218
0.999897540 -0.000397271 0.014317728 1.451876163 0.000381309 0.999999285 0.001117545 -3.219781160 -0.014318162 -0.001111971 0.999896884 32.030708313
0.999894500 0.001554676 0.014440876 1.580623031 -0.001602102 0.999993384 0.003273159 -3.441420794 -0.014435693 -0.003295950 0.999890387 34.309524536
0.999853075 0.003864931 0.016700424 1.684873104 -0.003984492 0.999966621 0.007131823 -3.671898365 -0.016672306 -0.007197317 0.999835014 36.615165710
0.999839187 0.005741737 0.016992345 1.809256315 -0.005858446 0.999959469 0.006826565 -3.893073797 -0.016952466 -0.006925014 0.999832332 38.886047363
0.999807715 0.004657851 0.019046715 1.918909073 -0.004763097 0.999973595 0.005484059 -4.101834297 -0.019020669 -0.005573727 0.999803543 41.174705505
0.999814034 0.002201408 0.019157123 2.047235012 -0.002279894 0.999989033 0.004076053 -4.325719833 -0.019147940 -0.004118972 0.999808133 43.448863983
0.999813020 0.002493371 0.019182064 2.174557447 -0.002563297 0.999990165 0.003621635 -4.558161736 -0.019172844 -0.003670127 0.999809444 45.706001282
0.999809384 0.001956212 0.019424984 2.301441669 -0.002008111 0.999994457 0.002652636 -4.787540913 -0.019419694 -0.002691138 0.999807775 47.978847504
0.999808848 0.000723251 0.019543283 2.438319206 -0.000783686 0.999994934 0.003084863 -5.017256737 -0.019540954 -0.003099589 0.999804258 50.259605408
0.999788105 0.000010579 0.020584935 2.568306208 -0.000080947 0.999994159 0.003417593 -5.242437840 -0.020584779 -0.003418535 0.999782264 52.526737213
0.999781549 -0.001166079 0.020866057 2.706516981 0.001096703 0.999993861 0.003335953 -5.472185612 -0.020869816 -0.003312340 0.999776721 54.810874939
0.999754667 -0.001396723 0.022104891 2.836259127 0.001311205 0.999991596 0.003882749 -5.703608036 -0.022110134 -0.003852813 0.999748051 57.107639313
0.999743283 -0.002870217 0.022476196 2.979296684 0.002769520 0.999985993 0.004509990 -5.929085255 -0.022488827 -0.004446584 0.999737203 59.375762939
0.999696195 -0.004138067 0.024297401 3.104017735 0.004045093 0.999984324 0.003874408 -6.153455734 -0.024313055 -0.003774946 0.999697208 61.646224976
0.999685645 -0.004857962 0.024597295 3.258893967 0.004767723 0.999981821 0.003726030 -6.379252911 -0.024614945 -0.003607586 0.999690473 63.897602081
0.999649346 -0.004289722 0.026127446 3.398545504 0.004175728 0.999981463 0.004415998 -6.603642464 -0.026145905 -0.004305347 0.999648869 66.165962219
0.999626815 -0.003436601 0.027105067 3.547357082 0.003309699 0.999983370 0.004725354 -6.830342770 -0.027120862 -0.004633880 0.999621451 68.418731689
0.999582946 -0.003670607 0.028641896 3.685269356 0.003545021 0.999983847 0.004434257 -7.055538654 -0.028657706 -0.004330871 0.999579906 70.667755127
0.999570131 -0.004521772 0.028965183 3.849581242 0.004433319 0.999985337 0.003117300 -7.278544426 -0.028978856 -0.002987548 0.999575555 72.915161133
0.999555171 -0.005451621 0.029320907 4.012425900 0.005347841 0.999979079 0.003616735 -7.506974220 -0.029340018 -0.003458322 0.999563515 75.192207336
0.999511361 -0.006543895 0.030562403 4.174152374 0.006454367 0.999974489 0.003027091 -7.737689972 -0.030581435 -0.002828351 0.999528289 77.458114624
0.999504805 -0.007748513 0.030497234 4.333636284 0.007663912 0.999966443 0.002889990 -7.964898586 -0.030518614 -0.002654831 0.999530613 79.690551758
0.999473035 -0.008114291 0.031430922 4.482371807 0.008038475 0.999964476 0.002537775 -8.182954788 -0.031450402 -0.002283781 0.999502718 81.945610046
0.999463677 -0.007468960 0.031884264 4.659295082 0.007394318 0.999969661 0.002458306 -8.413188934 -0.031901658 -0.002221225 0.999488533 84.226089478
0.999417543 -0.007294867 0.033336211 4.818366051 0.007201818 0.999969840 0.002910471 -8.632887840 -0.033356439 -0.002668695 0.999439895 86.480400085
0.999411762 -0.007731840 0.033411849 4.987865448 0.007597566 0.999962568 0.004143843 -8.864107132 -0.033442639 -0.003887557 0.999433100 88.763565063
0.999388218 -0.006964760 0.034274105 5.150548458 0.006801469 0.999964952 0.004878541 -9.091460228 -0.034306880 -0.004642442 0.999400496 91.017761230
0.999376416 -0.006775585 0.034654047 5.323904514 0.006613688 0.999966681 0.004784325 -9.312490463 -0.034685310 -0.004552150 0.999387920 93.255699158
0.999356329 -0.006549438 0.035269603 5.499330997 0.006394050 0.999969304 0.004516738 -9.539772034 -0.035298105 -0.004288316 0.999367774 95.489982605
0.999323010 -0.007303117 0.036057141 5.668782234 0.007132181 0.999962747 0.004867050 -9.760580063 -0.036091328 -0.004606589 0.999337852 97.733283997
0.999290466 -0.007134183 0.036982059 5.831982613 0.006981947 0.999966621 0.004244016 -9.990127563 -0.037011102 -0.003982798 0.999307036 99.972450256
0.999222279 -0.007113287 0.038785011 5.984749794 0.006906317 0.999961197 0.005467752 -10.208707809 -0.038822405 -0.005195637 0.999232531 102.193641663
0.999216139 -0.007618581 0.038846672 6.179030418 0.007414063 0.999957860 0.005406123 -10.430358887 -0.038886223 -0.005113873 0.999230564 104.460456848
0.999178410 -0.008565046 0.039610464 6.354381561 0.008329041 0.999946594 0.006119314 -10.646456718 -0.039660752 -0.005784369 0.999196589 106.690956116
0.999143958 -0.009908133 0.040166903 6.539066315 0.009662826 0.999933481 0.006296820 -10.859929085 -0.040226623 -0.005903304 0.999173164 108.930625916
0.999108195 -0.011053116 0.040751163 6.722735405 0.010761105 0.999914825 0.007378142 -11.086721420 -0.040829252 -0.006933034 0.999142110 111.181869507
0.999084294 -0.011530195 0.041202854 6.909828663 0.011286760 0.999917448 0.006135977 -11.308808327 -0.041270196 -0.005665311 0.999131978 113.442481995
0.999034464 -0.012176899 0.042212434 7.089592934 0.011968685 0.999914944 0.005181848 -11.524504662 -0.042271949 -0.004671617 0.999095201 115.683670044
0.998999178 -0.012540016 0.042938139 7.272609711 0.012311020 0.999908566 0.005593453 -11.749231339 -0.043004368 -0.005059242 0.999062061 117.922569275
0.998946011 -0.012881467 0.044056620 7.460282326 0.012612301 0.999900103 0.006382089 -11.969264984 -0.044134431 -0.005819707 0.999008656 120.172317505
0.998913288 -0.013641341 0.044566575 7.661503315 0.013341960 0.999886453 0.007008193 -12.191699028 -0.044657115 -0.006405972 0.998981893 122.378028870
0.998871028 -0.014270913 0.045310535 7.863590240 0.013979420 0.999879539 0.006743664 -12.417222977 -0.045401305 -0.006102636 0.998950183 124.665245056
0.998831451 -0.014936103 0.045963142 8.049977303 0.014673879 0.999874115 0.006037287 -12.639958382 -0.046047520 -0.005355775 0.998924911 126.937179565
0.998814166 -0.016451767 0.045819823 8.241447449 0.016165584 0.999847472 0.006609348 -12.857472420 -0.045921572 -0.005860806 0.998927832 129.200256348
0.998835742 -0.017513549 0.044947848 8.432479858 0.017221821 0.999828100 0.006869414 -13.070682526 -0.045060433 -0.006087332 0.998965740 131.457229614
0.998892248 -0.017857315 0.043534566 8.627494812 0.017533120 0.999815702 0.007817401 -13.283207893 -0.043666139 -0.007045444 0.999021351 133.690063477
0.998961151 -0.018820610 0.041500788 8.834996223 0.018536186 0.999802172 0.007227592 -13.495283127 -0.041628599 -0.006450818 0.999112308 135.936767578
0.999021351 -0.019452101 0.039723381 9.036618233 0.019177943 0.999789596 0.007271078 -13.716015816 -0.039856460 -0.006502150 0.999184251 138.163131714
0.999012291 -0.020379934 0.039485101 9.215045929 0.020114437 0.999772429 0.007109691 -13.932359695 -0.039621014 -0.006308448 0.999194801 140.451736450
0.999003351 -0.020655323 0.039567180 9.384305954 0.020388123 0.999766648 0.007144789 -14.138097763 -0.039705530 -0.006330967 0.999191344 142.684844971
0.999050021 -0.020433338 0.038490638 9.575753212 0.020113096 0.999759972 0.008688873 -14.365241051 -0.038658947 -0.007906453 0.999221206 144.911804199
0.999061465 -0.019644182 0.038602665 9.749570847 0.019369444 0.999784350 0.007478262 -14.577884674 -0.038741238 -0.006723532 0.999226570 147.158981323
0.999086559 -0.018337028 0.038598251 9.928789139 0.018115219 0.999817491 0.006088493 -14.794557571 -0.038702846 -0.005383715 0.999236286 149.387649536
0.999100089 -0.016834531 0.038934287 10.104953766 0.016637960 0.999847174 0.005367391 -15.016204834 -0.039018687 -0.004714773 0.999227345 151.637329102
0.999115884 -0.015930828 0.038904712 10.290569305 0.015736002 0.999862015 0.005308736 -15.228828430 -0.038983915 -0.004691838 0.999228835 153.866943359
0.999113321 -0.015134240 0.039287232 10.472274780 0.014908444 0.999870658 0.006033942 -15.450370789 -0.039373461 -0.005442880 0.999209762 156.120376587
0.999117076 -0.014329716 0.039494831 10.665746689 0.014060716 0.999876082 0.007080430 -15.665985107 -0.039591398 -0.006518853 0.999194682 158.329559326
0.999057829 -0.013758476 0.041160401 10.823581696 0.013435724 0.999876797 0.008107735 -15.884840012 -0.041266888 -0.007547076 0.999119580 160.613891602
0.999019802 -0.012864107 0.042355910 11.001597404 0.012447698 0.999871731 0.010080338 -16.101202011 -0.042480152 -0.009543223 0.999051690 162.850784302
0.999008775 -0.012175538 0.042814881 11.194046021 0.011798372 0.999889433 0.009050844 -16.303224564 -0.042920351 -0.008536729 0.999042034 165.112976074
0.998965502 -0.011390112 0.044025484 11.385596275 0.011060781 0.999909043 0.007716799 -16.512989044 -0.044109382 -0.007221859 0.999000549 167.357070923
0.998883307 -0.009539803 0.046272188 11.567122459 0.009171585 0.999924600 0.008163434 -16.728178024 -0.046346571 -0.007729929 0.998895526 169.587249756
0.998780131 -0.009146966 0.048524350 11.770530701 0.008726772 0.999922633 0.008864262 -16.960205078 -0.048601668 -0.008429988 0.998782694 171.872863770
0.998659015 -0.009372849 0.050914843 11.967699051 0.008953633 0.999924183 0.008455539 -17.168361664 -0.050990239 -0.007988328 0.998667121 174.129776001
0.998581827 -0.009415637 0.052399479 12.176200867 0.008950911 0.999918580 0.009096511 -17.384357452 -0.052480862 -0.008614587 0.998584747 176.385147095
0.998527646 -0.009770552 0.053357579 12.376922607 0.009234071 0.999904454 0.010291749 -17.595895767 -0.053453032 -0.009783887 0.998522341 178.611267090
0.998520434 -0.011270924 0.053196341 12.587585449 0.010752086 0.999891818 0.010029395 -17.814826965 -0.053303629 -0.009442584 0.998533726 180.854049683
0.998472393 -0.012238650 0.053881533 12.787365913 0.011714434 0.999881029 0.010034161 -18.025537491 -0.053997938 -0.009387640 0.998496890 183.104446411
0.998547077 -0.013217608 0.052240353 13.011812210 0.012701594 0.999867260 0.010197421 -18.249279022 -0.052368216 -0.009519068 0.998582482 185.320465088
0.998559356 -0.015035812 0.051508505 13.220441818 0.014487555 0.999834538 0.011000953 -18.459730148 -0.051665381 -0.010238872 0.998611987 187.562301636
0.998575985 -0.015964346 0.050903372 13.428475380 0.015450901 0.999825835 0.010464307 -18.664632797 -0.051061567 -0.009662902 0.998648763 189.807739258
0.998519123 -0.017180976 0.051617682 13.622448921 0.016651308 0.999804378 0.010673967 -18.886108398 -0.051790975 -0.009798658 0.998609900 192.049484253
0.998499274 -0.018683091 0.051479142 13.819995880 0.018177299 0.999781966 0.010275985 -19.096658707 -0.051659897 -0.009324810 0.998621225 194.285491943
0.998538852 -0.018323049 0.050837293 14.028535843 0.017830856 0.999789894 0.010118507 -19.301361084 -0.051012013 -0.009197251 0.998655736 196.518081665
0.998526633 -0.015291982 0.052064810 14.230158806 0.014742595 0.999831796 0.010919789 -19.523387909 -0.052223034 -0.010136130 0.998584032 198.763198853
0.998526752 -0.013468052 0.052563485 14.431279182 0.012920764 0.999858856 0.010737940 -19.733554840 -0.052700683 -0.010042958 0.998559833 200.997894287
0.998503566 -0.012951443 0.053130616 14.642310143 0.012438287 0.999872863 0.009977722 -19.940399170 -0.053253088 -0.009301936 0.998537719 203.254028320
0.998470366 -0.013136905 0.053704679 14.843069077 0.012592700 0.999866068 0.010459168 -20.141113281 -0.053834889 -0.009766881 0.998502076 205.483200073
0.998449087 -0.014733235 0.053688034 15.074222565 0.014179271 0.999842525 0.010684576 -20.358652115 -0.053836990 -0.009906748 0.998500586 207.730224609
0.998412848 -0.014378317 0.054453649 15.283189774 0.013819108 0.999848068 0.010632124 -20.554931641 -0.054598242 -0.009862749 0.998459697 209.976211548
0.998305202 -0.014853340 0.056268379 15.496990204 0.014173525 0.999821901 0.012461502 -20.785055161 -0.056443445 -0.011642861 0.998338044 212.235824585
0.998249769 -0.013403357 0.057598613 15.738214493 0.012700566 0.999840558 0.012550317 -20.989070892 -0.057757650 -0.011796817 0.998260915 214.479309082
0.998070836 -0.012054118 0.060906481 15.940591812 0.011297029 0.999854803 0.012759477 -21.192502975 -0.061051447 -0.012046795 0.998061895 216.720397949
0.997932076 -0.012176230 0.063113213 16.167581558 0.011364599 0.999848187 0.013203023 -21.396284103 -0.063264392 -0.012458465 0.997919023 218.966278076
0.997795343 -0.013691193 0.064938813 16.401435852 0.012819201 0.999822259 0.013825591 -21.596155167 -0.065116569 -0.012962644 0.997793615 221.196884155
0.997683823 -0.015352142 0.066267192 16.636337280 0.014412435 0.999789000 0.014635455 -21.795450211 -0.066477902 -0.013646483 0.997694552 223.424194336
0.997627437 -0.017521691 0.066576526 16.889055252 0.016633520 0.999765396 0.013871620 -21.997291565 -0.066803969 -0.012731305 0.997685015 225.649841309
0.997583270 -0.018525977 0.066967845 17.126363754 0.017659560 0.999752820 0.013506799 -22.190868378 -0.067201525 -0.012291533 0.997663736 227.893081665
0.997550666 -0.018745746 0.067388020 17.366556168 0.017869735 0.999748111 0.013578887 -22.388130188 -0.067625582 -0.012341420 0.997634411 230.125396729
0.997485757 -0.019826517 0.068036579 17.607360840 0.019008391 0.999739230 0.012651188 -22.589826584 -0.068269677 -0.011326112 0.997602582 232.369186401
0.997462034 -0.020453250 0.068199269 17.872146606 0.019535568 0.999709725 0.014095816 -22.804079056 -0.068467759 -0.012727727 0.997572064 234.670944214
0.997415960 -0.020366924 0.068895459 18.112394333 0.019436244 0.999710858 0.014152165 -23.001575470 -0.069163784 -0.012776525 0.997523487 236.913940430
0.997361302 -0.019952130 0.069802389 18.343130112 0.019015575 0.999720335 0.014056181 -23.199117661 -0.070063315 -0.012691753 0.997461915 239.117370605
0.997332513 -0.019966766 0.070208505 18.583677292 0.019017911 0.999718845 0.014157480 -23.395034790 -0.070471443 -0.012784494 0.997431874 241.326080322
0.997277677 -0.020336896 0.070877947 18.830854416 0.019355368 0.999707341 0.014507698 -23.594327927 -0.071152247 -0.013096335 0.997379482 243.564834595
0.997255325 -0.020248629 0.071215771 19.075809479 0.019326448 0.999720454 0.013614460 -23.795408249 -0.071471535 -0.012200747 0.997368038 245.792602539
0.997248948 -0.019945284 0.071390741 19.328752518 0.019062858 0.999733508 0.013020634 -23.999526978 -0.071631409 -0.011623900 0.997363567 248.024429321
0.997218788 -0.020265896 0.071720332 19.584484100 0.019329090 0.999718845 0.013731993 -24.203477859 -0.071978450 -0.012307516 0.997330248 250.258468628
0.997202516 -0.021743057 0.071514703 19.845458984 0.020817669 0.999689937 0.013659930 -24.405395508 -0.071789525 -0.012132949 0.997345984 252.488967896
0.997194052 -0.021562612 0.071686983 20.108264923 0.020584751 0.999685109 0.014351700 -24.606933594 -0.071973875 -0.012835771 0.997323871 254.752410889
0.997185707 -0.022198863 0.071609750 20.354562759 0.021219874 0.999671102 0.014403196 -24.804853439 -0.071905933 -0.012843112 0.997328758 256.971099854
0.997146845 -0.022548368 0.072041534 20.617540359 0.021510739 0.999653816 0.015146900 -25.018264771 -0.072358124 -0.013554017 0.997286618 259.250610352
0.997110903 -0.022152510 0.072657362 20.872856140 0.021143241 0.999669313 0.014630726 -25.214126587 -0.072957449 -0.013052245 0.997249663 261.488067627
0.997092247 -0.022033690 0.072948888 21.135978699 0.021056769 0.999678373 0.014134059 -25.411302567 -0.073236853 -0.012556895 0.997235537 263.739135742
0.997071385 -0.021160135 0.073492385 21.401872635 0.020221038 0.999704540 0.013498810 -25.607849121 -0.073756315 -0.011973185 0.997204363 265.980712891
0.997017562 -0.020444345 0.074416555 21.662254333 0.019503592 0.999720693 0.013346544 -25.802688599 -0.074668653 -0.011855350 0.997137904 268.217895508
0.996883094 -0.020158960 0.076273747 21.916454315 0.019203039 0.999727845 0.013245523 -26.017183304 -0.076520018 -0.011739548 0.996998906 270.487701416
0.996825755 -0.020826181 0.076841943 22.196788788 0.019837253 0.999710619 0.013610599 -26.222839355 -0.077103160 -0.012043063 0.996950269 272.739868164
0.996600270 -0.021102162 0.079640225 22.438898087 0.020013027 0.999695241 0.014449256 -26.424068451 -0.079920858 -0.012806292 0.996718884 274.981658936
0.996499240 -0.020912983 0.080942832 22.716749191 0.019757034 0.999691427 0.015055810 -26.607667923 -0.081232712 -0.013403915 0.996605039 277.221466064
0.996400893 -0.020030033 0.082365297 22.989412308 0.018669333 0.999676764 0.017257499 -26.827869415 -0.082684346 -0.015657682 0.996452749 279.469299316
0.996291220 -0.019790621 0.083738171 23.271207809 0.018311016 0.999662995 0.018400747 -27.026498795 -0.084074125 -0.016799174 0.996317804 281.706024170
0.996248960 -0.018575177 0.084515914 23.552875519 0.017097639 0.999688685 0.018172767 -27.213726044 -0.084827177 -0.016659576 0.996256411 283.964935303
0.996135831 -0.017622976 0.086039335 23.824155807 0.016137559 0.999709010 0.017929588 -27.403894424 -0.086330265 -0.016471837 0.996130466 286.197326660
0.996121347 -0.017173776 0.086297877 24.106281281 0.015792342 0.999736428 0.016665051 -27.591653824 -0.086561315 -0.015237564 0.996129990 288.437805176
0.996070087 -0.018055612 0.086708382 24.384078979 0.016636070 0.999715924 0.017066346 -27.790565491 -0.086991891 -0.015556793 0.996087551 290.663574219
0.996036053 -0.018239921 0.087059237 24.652427673 0.016936263 0.999733448 0.015689660 -27.974344254 -0.087322198 -0.014153006 0.996079564 292.928100586
0.996055186 -0.018905018 0.086698666 24.939805984 0.017700212 0.999736190 0.014644256 -28.165037155 -0.086952657 -0.013051905 0.996126890 295.158142090
0.996036232 -0.018786123 0.086943544 25.219844818 0.017582348 0.999738932 0.014590722 -28.362266541 -0.087194957 -0.013004214 0.996106386 297.395385742
0.996047556 -0.017980013 0.086982876 25.504917145 0.016761726 0.999751151 0.014716337 -28.556104660 -0.087225825 -0.013200185 0.996101141 299.635101318
0.996008754 -0.018086608 0.087403782 25.778404236 0.016763048 0.999733806 0.015853463 -28.760749817 -0.087667234 -0.014325032 0.996046782 301.868530273
0.996016443 -0.018784376 0.087168880 26.069665909 0.017456999 0.999720156 0.015965126 -28.956333160 -0.087444387 -0.014379824 0.996065557 304.116210938
0.995977759 -0.018409846 0.087690294 26.355415344 0.017052811 0.999723315 0.016199505 -29.151138306 -0.087964281 -0.014638979 0.996016026 306.360443115
0.995958090 -0.019446304 0.087688819 26.639356613 0.018084005 0.999703407 0.016303450 -29.353000641 -0.087979868 -0.014651787 0.996014476 308.608795166
0.995910108 -0.020384131 0.088019840 26.925210953 0.018979676 0.999679327 0.016763756 -29.544742584 -0.088333324 -0.015024607 0.995977640 310.854675293
0.995886266 -0.019866431 0.088406786 27.216070175 0.018524887 0.999700844 0.015969388 -29.740055084 -0.088697590 -0.014265969 0.995956421 313.099365234
0.995904207 -0.019371688 0.088315107 27.508272171 0.017961932 0.999698579 0.016729696 -29.938690186 -0.088612564 -0.015074859 0.995952070 315.338470459
0.995846570 -0.017655982 0.089318991 27.793870926 0.016308477 0.999742270 0.015793845 -30.134504318 -0.089574806 -0.014271590 0.995877862 317.576477051
0.995831668 -0.016138377 0.089771152 28.077854156 0.014712001 0.999755144 0.016528117 -30.331256866 -0.090015896 -0.015138508 0.995825291 319.814453125
0.995788097 -0.014818534 0.090479277 28.362537384 0.013446377 0.999785364 0.015756264 -30.523265839 -0.090693362 -0.014473281 0.995773673 322.044860840
0.995746851 -0.014262129 0.091020443 28.648452759 0.012817326 0.999782681 0.016438277 -30.717615128 -0.091235116 -0.015201723 0.995713353 324.279693604
0.995747983 -0.014016385 0.091046363 28.945713043 0.012434043 0.999762058 0.017923571 -30.922679901 -0.091275938 -0.016715283 0.995685339 326.508056641
0.995691478 -0.014384478 0.091605127 29.228033066 0.012814796 0.999761224 0.017700527 -31.117290497 -0.091837853 -0.016450366 0.995638013 328.747863770
0.995669961 -0.015685365 0.091625571 29.526603699 0.014182081 0.999754310 0.017034976 -31.311172485 -0.091870256 -0.015661774 0.995647788 330.984130859
0.995676637 -0.015311236 0.091615811 29.818641663 0.013828468 0.999763370 0.016797625 -31.504943848 -0.091851324 -0.015458095 0.995652735 333.215423584
0.995620668 -0.015285788 0.092226334 30.103721619 0.013679016 0.999743879 0.018029122 -31.696561813 -0.092478298 -0.016688600 0.995574772 335.443389893
0.995652795 -0.015811704 0.091789894 30.408809662 0.014235213 0.999740124 0.017804399 -31.883762360 -0.092047572 -0.016420353 0.995619178 337.678070068
0.995624602 -0.015270341 0.092187352 30.691104889 0.013642768 0.999740124 0.018259525 -32.080753326 -0.092442229 -0.016921936 0.995574236 339.917114258
0.995661616 -0.015358923 0.091771871 30.992536545 0.013774695 0.999745429 0.017871303 -32.273155212 -0.092023015 -0.016529642 0.995619595 342.158020020
0.995645761 -0.015330389 0.091948099 31.279850006 0.013701507 0.999738216 0.018320451 -32.462379456 -0.092204906 -0.016980851 0.995595276 344.408966064
0.995676637 -0.014515310 0.091746241 31.573326111 0.012899223 0.999751389 0.018183270 -32.648906708 -0.091987379 -0.016921204 0.995616496 346.649200439
0.995693028 -0.013980482 0.091651507 31.861190796 0.012364721 0.999758363 0.018173598 -32.838798523 -0.091883436 -0.016962081 0.995625257 348.878448486
0.995659649 -0.013533528 0.092078969 32.148876190 0.011854407 0.999753714 0.018758265 -33.035087585 -0.092310168 -0.017585302 0.995575011 351.117980957
0.995694578 -0.013724305 0.091673300 32.442100525 0.012017970 0.999744594 0.019139361 -33.226844788 -0.091912575 -0.017955232 0.995605171 353.344909668
0.995715916 -0.012947082 0.091554046 32.732311249 0.011272534 0.999760032 0.018783804 -33.422092438 -0.091775268 -0.017671283 0.995622933 355.585357666
0.995751500 -0.012827434 0.091182873 33.028076172 0.011120558 0.999753773 0.019202767 -33.610725403 -0.091406733 -0.018107181 0.995648980 357.818267822
0.995828271 -0.012514403 0.090385251 33.329257965 0.010726098 0.999737442 0.020244095 -33.803295135 -0.090614870 -0.019190164 0.995701075 360.055633545
0.995891809 -0.012989140 0.089614600 33.629749298 0.011204250 0.999729276 0.020391829 -33.995075226 -0.089855202 -0.019303991 0.995767891 362.302307129
0.995927036 -0.012938531 0.089229748 33.923248291 0.011117459 0.999720275 0.020875718 -34.182136536 -0.089474902 -0.019798683 0.995792270 364.539276123
0.995967507 -0.012841926 0.088790521 34.216697693 0.011089300 0.999734402 0.020204097 -34.369773865 -0.089026392 -0.019137999 0.995845318 366.797943115
0.996001363 -0.013494584 0.088312209 34.505676270 0.011759020 0.999727964 0.020143423 -34.560085297 -0.088560008 -0.019024417 0.995889127 369.036102295
0.996012747 -0.013421675 0.088195369 34.790088654 0.011793378 0.999750674 0.018957626 -34.736492157 -0.088427834 -0.017841911 0.995922804 371.284667969
0.996058106 -0.013735346 0.087633118 35.076164246 0.012061964 0.999735177 0.019596394 -34.937217712 -0.087879077 -0.018462114 0.995960057 373.503356934
0.996094167 -0.013407212 0.087273426 35.367527008 0.011671212 0.999724329 0.020371482 -35.120346069 -0.087522492 -0.019273330 0.995976210 375.761108398
0.996049821 -0.013486432 0.087767616 35.643932343 0.011734625 0.999722123 0.020445086 -35.302738190 -0.088018961 -0.019334402 0.995931089 378.018005371
0.996057987 -0.014022655 0.087589361 35.934837341 0.012234950 0.999706328 0.020913702 -35.494258881 -0.087856911 -0.019759608 0.995937109 380.261962891
0.996073782 -0.014140964 0.087389231 36.229740143 0.012358693 0.999705076 0.020902157 -35.674713135 -0.087659031 -0.019740073 0.995954931 382.515686035
0.996068060 -0.013114910 0.087616637 36.519786835 0.011299070 0.999711573 0.021188732 -35.863685608 -0.087869264 -0.020115426 0.995928824 384.768157959
0.996070623 -0.012033273 0.087740652 36.808105469 0.010208313 0.999722838 0.021218579 -36.044288635 -0.087971650 -0.020239517 0.995917320 387.026794434
0.996099591 -0.010788346 0.087573722 37.104553223 0.008944331 0.999730527 0.021421902 -36.242309570 -0.087781243 -0.020555062 0.995927691 389.290710449
0.996072233 -0.009639176 0.088017933 37.385208130 0.007795603 0.999743462 0.021265198 -36.427272797 -0.088200346 -0.020495523 0.995891869 391.559692383
0.996070862 -0.008212764 0.088178098 37.667842865 0.006233353 0.999722898 0.022699801 -36.610767365 -0.088340074 -0.022060970 0.995846033 393.810821533
0.995995402 -0.007030987 0.089127898 37.946716309 0.004996105 0.999722123 0.023033602 -36.795528412 -0.089265093 -0.022496067 0.995753825 396.073059082
0.995914161 -0.006696748 0.090057880 38.231685638 0.004764867 0.999754250 0.021649456 -36.987941742 -0.090180740 -0.021131888 0.995701194 398.335876465
0.995868444 -0.006718744 0.090558670 38.520477295 0.004821955 0.999764681 0.021147946 -37.174495697 -0.090679452 -0.020623900 0.995666564 400.601928711
0.995706558 -0.007834247 0.092233792 38.793544769 0.005763156 0.999725699 0.022699784 -37.361316681 -0.092386320 -0.022070765 0.995478690 402.841064453
0.995766759 -0.009221715 0.091451906 39.108093262 0.007130571 0.999706149 0.023166498 -37.541126251 -0.091638684 -0.022416323 0.995539963 405.128448486
0.995763242 -0.009680949 0.091443419 39.404640198 0.007635914 0.999713480 0.022687385 -37.718498230 -0.091636866 -0.021893006 0.995551765 407.379760742
0.995708644 -0.008421513 0.092159420 39.720981598 0.006415382 0.999736369 0.022042712 -37.903327942 -0.092320748 -0.021356883 0.995500267 409.651885986
0.995640814 -0.007855750 0.092938408 40.013881683 0.005767559 0.999725342 0.022715848 -38.093860626 -0.093091339 -0.022080796 0.995412707 411.909088135
0.995576859 -0.005629851 0.093781725 40.314941406 0.003585483 0.999752581 0.021953454 -38.276763916 -0.093882114 -0.021520097 0.995350718 414.141998291
0.995512843 -0.004800123 0.094503775 40.621578217 0.002735288 0.999755085 0.021966664 -38.460483551 -0.094586052 -0.021609606 0.995282233 416.409729004
0.995450497 -0.005080786 0.095143579 40.927474976 0.003011438 0.999756038 0.021880703 -38.648593903 -0.095231533 -0.021494640 0.995222986 418.664245605
0.995342195 -0.004936121 0.096278392 41.224021912 0.002829298 0.999753952 0.022006867 -38.832965851 -0.096363313 -0.021631969 0.995111108 420.917602539
0.995252550 -0.005200456 0.097187251 41.517772675 0.003086239 0.999755561 0.021891752 -39.020545959 -0.097277313 -0.021487880 0.995025456 423.163787842
0.995201468 -0.005559651 0.097690240 41.826889038 0.003327942 0.999730051 0.022992872 -39.204113007 -0.097791716 -0.022557432 0.994951248 425.434692383
0.995135546 -0.004579269 0.098408513 42.129070282 0.002269498 0.999719620 0.023570402 -39.384761810 -0.098488845 -0.023232404 0.994867027 427.687286377
0.995056331 -0.003776763 0.099240117 42.440773010 0.001365054 0.999702394 0.024358436 -39.565872192 -0.099302582 -0.024102550 0.994765341 429.961364746
0.995057225 -0.004572659 0.099198841 42.749755859 0.002138284 0.999694288 0.024632815 -39.755702972 -0.099281155 -0.024298944 0.994762719 432.205932617
0.995018601 -0.005227558 0.099552132 43.064556122 0.002829538 0.999702811 0.024214063 -39.945083618 -0.099649124 -0.023811759 0.994737685 434.470214844
0.995018184 -0.004649064 0.099584557 43.384647369 0.002235081 0.999701202 0.024338404 -40.113487244 -0.099667951 -0.023994578 0.994731426 436.739105225
0.994974196 -0.005082913 0.100003928 43.696987152 0.002623399 0.999691129 0.024710324 -40.295753479 -0.100098647 -0.024323775 0.994680166 439.020050049
0.995027065 -0.005179095 0.099469751 44.020835876 0.002729767 0.999690056 0.024744181 -40.472412109 -0.099567078 -0.024349602 0.994732916 441.294342041
0.995022237 -0.004727468 0.099540986 44.353820801 0.002150793 0.999660254 0.025976986 -40.666637421 -0.099629991 -0.025633585 0.994694293 443.588836670
0.994992316 -0.005360930 0.099807590 44.671951294 0.002770349 0.999656260 0.026076289 -40.841560364 -0.099913061 -0.025669208 0.994665027 445.863647461
0.994987965 -0.005200001 0.099858679 44.987449646 0.002638984 0.999664664 0.025761398 -41.023147583 -0.099959128 -0.025368758 0.994668067 448.131713867
0.994989216 -0.004597407 0.099877954 45.304691315 0.002061941 0.999673367 0.025474057 -41.205062866 -0.099962451 -0.025140468 0.994673491 450.390075684
0.994946063 -0.004084420 0.100327730 45.618644714 0.001564245 0.999681592 0.025185259 -41.389450073 -0.100398637 -0.024901040 0.994635642 452.654693604
0.994855165 -0.003304823 0.101253413 45.928554535 0.000763145 0.999683797 0.025130602 -41.559616089 -0.101304457 -0.024924036 0.994543195 454.934539795
0.994836688 -0.003477694 0.101429127 46.239784241 0.000963422 0.999691308 0.024826912 -41.744838715 -0.101484179 -0.024601001 0.994532883 457.203216553
0.994881749 -0.002815669 0.101006836 46.571968079 0.000381650 0.999709189 0.024108799 -41.922454834 -0.101045348 -0.023946857 0.994593561 459.486206055
0.994866848 -0.001593297 0.101180106 46.888813019 -0.000892202 0.999698997 0.024515089 -42.103271484 -0.101188719 -0.024479523 0.994566023 461.766967773
0.994899154 -0.001070903 0.100868843 47.208393097 -0.001537985 0.999666333 0.025782844 -42.281288147 -0.100862786 -0.025806466 0.994565606 464.040802002
0.994953990 -0.001052707 0.100326456 47.519523621 -0.001549362 0.999664485 0.025854576 -42.453193665 -0.100320019 -0.025879560 0.994618595 466.303222656
0.995070040 -0.000822649 0.099171065 47.845085144 -0.001616996 0.999698222 0.024517484 -42.625232697 -0.099161282 -0.024556972 0.994768322 468.583648682
0.995178819 -0.001063034 0.098071247 48.175369263 -0.001305980 0.999708891 0.024088688 -42.810165405 -0.098068304 -0.024100628 0.994887769 470.878265381
0.995250225 -0.001413032 0.097339407 48.484287262 -0.001048587 0.999681175 0.025233245 -42.994350433 -0.097343996 -0.025215462 0.994931340 473.151062012
0.995241880 -0.001706287 0.097419247 48.784011841 -0.000816163 0.999665618 0.025847014 -43.180519104 -0.097430758 -0.025803542 0.994907796 475.425720215
0.995359778 -0.001275522 0.096214898 49.097755432 -0.001089470 0.999698579 0.024523770 -43.333526611 -0.096217193 -0.024514798 0.995058358 477.706573486
0.995374024 -0.001528395 0.096063331 49.406654358 -0.000883192 0.999685764 0.025056599 -43.513206482 -0.096071444 -0.025025535 0.995059788 479.991760254
0.995436311 -0.002061605 0.095405780 49.722599030 -0.000391231 0.999670148 0.025683668 -43.693317413 -0.095427252 -0.025603782 0.995107055 482.265960693
0.995447814 -0.002489030 0.095275387 50.020538330 0.000129214 0.999693215 0.024766525 -43.870071411 -0.095307812 -0.024641477 0.995142817 484.553894043
0.995516956 -0.003576588 0.094515502 50.326831818 0.001177999 0.999676049 0.025421346 -44.058174133 -0.094575807 -0.025196038 0.995198786 486.861572266
0.995612442 -0.004029581 0.093485698 50.636859894 0.001655377 0.999674439 0.025460100 -44.232444763 -0.093557857 -0.025193637 0.995295048 489.142730713
0.995550752 -0.003953645 0.094143897 50.899330139 0.001528645 0.999665439 0.025816644 -44.419288635 -0.094214477 -0.025557864 0.995223820 491.406402588
0.995592594 -0.003589052 0.093714945 51.209514618 0.001122829 0.999651849 0.026355702 -44.598258972 -0.093776919 -0.026134310 0.995250285 493.696350098
0.995593309 -0.003322317 0.093717411 51.502300262 0.000892811 0.999662876 0.025953755 -44.774349213 -0.093772039 -0.025755715 0.995260417 496.001159668
0.995618939 -0.003124523 0.093452811 51.814659119 0.000739566 0.999673426 0.025544193 -44.960365295 -0.093502104 -0.025363166 0.995295882 498.321563721
0.995659113 -0.003216045 0.093020409 52.115547180 0.000767310 0.999652445 0.026348513 -45.138458252 -0.093072817 -0.026162753 0.995315492 500.617584229
0.995667934 -0.002943329 0.092933610 52.409580231 0.000465323 0.999644041 0.026674688 -45.320255280 -0.092979051 -0.026515890 0.995314896 502.895751953
0.995696843 -0.002132056 0.092647232 52.714859009 -0.000284073 0.999660313 0.026057802 -45.500785828 -0.092671335 -0.025971984 0.995357990 505.189544678
0.995701194 -0.002029018 0.092601515 53.013130188 -0.000445594 0.999643505 0.026694747 -45.679084778 -0.092622682 -0.026621252 0.995345354 507.485107422
0.995719254 -0.002495277 0.092395201 53.313037872 0.000122159 0.999670148 0.025681173 -45.857234955 -0.092428818 -0.025559954 0.995391190 509.777832031
0.995764017 -0.003262673 0.091886900 53.621692657 0.000818786 0.999645233 0.026621841 -46.042015076 -0.091941141 -0.026433839 0.995413661 512.073974609
0.995787859 -0.003024966 0.091637217 53.924167633 0.000570364 0.999640763 0.026800435 -46.217388153 -0.091685355 -0.026635285 0.995431721 514.379882812
0.995800972 -0.002083004 0.091520391 54.221569061 -0.000353496 0.999646068 0.026598208 -46.394893646 -0.091543406 -0.026518878 0.995447934 516.682067871
0.995782137 -0.001087314 0.091743417 54.513885498 -0.001321127 0.999656141 0.026187114 -46.574203491 -0.091740347 -0.026197864 0.995438278 518.976013184
0.995756924 0.000443555 0.092021644 54.820831299 -0.002897048 0.999643803 0.026530258 -46.758922577 -0.091977097 -0.026684279 0.995403528 521.321472168
0.995704770 0.002442730 0.092552841 55.126068115 -0.004938116 0.999630153 0.026742335 -46.938232422 -0.092453286 -0.027084509 0.995348573 523.653991699
0.995651722 0.003079421 0.093102582 55.431278229 -0.005703554 0.999593556 0.027932467 -47.110931396 -0.092978723 -0.028342027 0.995264590 525.978820801
0.995597661 0.002559191 0.093695067 55.729114532 -0.005198162 0.999596238 0.027932316 -47.286487579 -0.093585745 -0.028296391 0.995208979 528.281311035
0.995571256 0.000630817 0.094007276 56.031650543 -0.003381960 0.999570549 0.029108766 -47.457271576 -0.093948558 -0.029297780 0.995145798 530.592590332
0.995511293 -0.000926552 0.094637610 56.343688965 -0.001799834 0.999585867 0.028719272 -47.627429962 -0.094625019 -0.028760694 0.995097458 532.917053223
0.995503843 -0.001014791 0.094715536 56.651851654 -0.001660569 0.999601901 0.028163176 -47.800994873 -0.094706416 -0.028193830 0.995105922 535.227355957
0.995421767 -0.001115901 0.095572770 56.956565857 -0.001561161 0.999608636 0.027931364 -47.976470947 -0.095566534 -0.027952695 0.995030463 537.545043945
0.995327830 -0.000502831 0.096551940 57.256759644 -0.002149432 0.999623239 0.027363840 -48.156089783 -0.096529312 -0.027443523 0.994951725 539.861511230
0.995225906 0.000192343 0.097598828 57.569141388 -0.002841321 0.999631286 0.027003234 -48.334754944 -0.097557664 -0.027151626 0.994859397 542.183898926
0.995095611 0.000850456 0.098913535 57.855194092 -0.003426996 0.999659002 0.025881428 -48.505149841 -0.098857790 -0.026093470 0.994759381 544.506408691
0.994948685 0.000986955 0.100380197 58.154533386 -0.003623358 0.999653101 0.026085250 -48.679542542 -0.100319631 -0.026317196 0.994607151 546.834472656
0.994870663 0.000575043 0.101153553 58.460884094 -0.003399968 0.999608934 0.027756916 -48.870864868 -0.101098023 -0.027958456 0.994483650 549.131408691
0.994826853 0.000330860 0.101584710 58.779850006 -0.003208140 0.999598205 0.028161881 -49.049247742 -0.101534605 -0.028342092 0.994428158 551.440063477
0.994921505 -0.000869703 0.100648984 59.116970062 -0.001865877 0.999631405 0.027082076 -49.222507477 -0.100635447 -0.027132344 0.994553328 553.752014160
0.994912922 -0.001035140 0.100733139 59.438514709 -0.001750501 0.999618590 0.027561346 -49.401832581 -0.100723252 -0.027597470 0.994531631 556.060180664
0.994879961 -0.000821715 0.101060592 59.757698059 -0.002023968 0.999604404 0.028052427 -49.577907562 -0.101043679 -0.028113341 0.994484723 558.366271973
0.994834602 -0.000326985 0.101508804 60.076393127 -0.002610297 0.999581873 0.028802067 -49.750007629 -0.101475745 -0.028918264 0.994417608 560.697143555
0.994853795 -0.001081086 0.101315424 60.408390045 -0.001919488 0.999562502 0.029513994 -49.927062988 -0.101303019 -0.029556582 0.994416475 563.020751953
0.994783759 -0.000245538 0.102006011 60.729438782 -0.002858576 0.999537230 0.030283405 -50.096656799 -0.101966240 -0.030417031 0.994322658 565.331970215
0.994744837 0.000526186 0.102383621 61.058708191 -0.003590226 0.999550998 0.029745070 -50.273918152 -0.102322005 -0.029956337 0.994300187 567.646423340
0.994746745 0.001378847 0.102357440 61.397148132 -0.004260139 0.999600649 0.027936053 -50.438728333 -0.102278039 -0.028225353 0.994355321 569.972351074
0.994730413 0.001782463 0.102509834 61.732425690 -0.004735387 0.999580562 0.028570114 -50.619834900 -0.102415927 -0.028904986 0.994321644 572.299987793
0.994715571 0.001938249 0.102650970 62.070217133 -0.004918375 0.999573469 0.028786497 -50.787246704 -0.102551378 -0.029139252 0.994300902 574.617187500
0.994598567 0.001365801 0.103787452 62.373512268 -0.004555971 0.999524295 0.030506687 -50.974010468 -0.103696406 -0.030814763 0.994131505 576.953613281
0.994523287 0.002237558 0.104491033 62.697292328 -0.005266764 0.999573529 0.028723193 -51.139610291 -0.104382217 -0.029116215 0.994110882 579.283020020
0.994606435 0.000744920 0.103718050 63.033618927 -0.003939073 0.999524117 0.030595087 -51.333503723 -0.103645891 -0.030838622 0.994135976 581.578063965
0.994572639 0.000166454 0.104044192 63.363815308 -0.003366741 0.999526560 0.030584062 -51.502670288 -0.103989847 -0.030768359 0.994102299 583.904846191
0.994700909 -0.001180438 0.102803446 63.716709137 -0.002021942 0.999516070 0.031040730 -51.679180145 -0.102790348 -0.031084104 0.994217217 586.234741211
0.994678199 -0.002334796 0.103003621 64.042556763 -0.000756109 0.999550879 0.029958479 -51.847229004 -0.103027314 -0.029876929 0.994229734 588.561035156
0.994722247 -0.003074722 0.102558047 64.383621216 -0.000033940 0.999540985 0.030295731 -52.023368835 -0.102604128 -0.030139318 0.994265497 590.897949219
0.994717836 -0.004796770 0.102534749 64.711311340 0.001667515 0.999530852 0.030582929 -52.195640564 -0.102633357 -0.030250408 0.994259179 593.223327637
0.994765222 -0.005494067 0.102039263 65.054473877 0.002360697 0.999522686 0.030802904 -52.369049072 -0.102159791 -0.030400770 0.994303346 595.578491211
