1.000000000 0.000000000 0.000000000 0.000000000 0.000000000 1.000000000 0.000000000 0.000000000 0.000000000 0.000000000 1.000000000 0.000000000
0.999999881 0.000172409 0.000448131 0.086100101 -0.000172348 1.000000000 -0.000136992 -0.225985363 -0.000448154 0.000136914 0.999999881 2.287794828
0.999999106 0.000532282 0.001220750 0.164040312 -0.000532782 0.999999762 0.000409808 -0.463352352 -0.001220532 -0.000410458 0.999999166 4.584450245
0.999998510 0.000107791 0.001725751 0.261600703 -0.000108875 0.999999821 0.000628046 -0.695414066 -0.001725684 -0.000628233 0.999998331 6.876755714
0.999996126 0.000187942 0.002767106 0.352521896 -0.000185389 0.999999583 -0.000923034 -0.928544998 -0.002767279 0.000922517 0.999995768 9.168255806
0.999987364 0.001858177 0.004681977 0.446468145 -0.001859975 0.999998212 0.000379664 -1.163530827 -0.004681263 -0.000388367 0.999989033 11.470260620
0.999963105 0.004140300 0.007526205 0.530950189 -0.004152390 0.999990046 0.001591361 -1.391727209 -0.007519543 -0.001622554 0.999970436 13.775837898
0.999945998 0.003950435 0.009615248 0.641544819 -0.003990832 0.999983311 0.004185822 -1.619673729 -0.009598551 -0.004223970 0.999945045 16.048578262
0.999934316 0.004011308 0.010738302 0.744047701 -0.004065352 0.999979138 0.005015674 -1.844156504 -0.010717958 -0.005059000 0.999929786 18.381774902
0.999922216 0.003132394 0.012073835 0.855957329 -0.003197619 0.999980390 0.005386752 -2.072840214 -0.012056723 -0.005424940 0.999912560 20.664463043
0.999922097 0.000571600 0.012468554 0.980984867 -0.000607537 0.999995589 0.002878656 -2.298859835 -0.012466856 -0.002886006 0.999918044 22.995796204
0.999909222 -0.001704829 0.013359197 1.088958740 0.001693201 0.999998093 0.000881631 -2.519509554 -0.013360678 -0.000858931 0.999910355 25.277935028
0.999910355 -0.002512544 0.013149045 1.228888273 0.002507644 0.999996722 0.000389066 -2.768079519 -0.013149980 -0.000356057 0.999913454 27.592348099
0.999896109 -0.002093399 0.014261653 1.333821416 0.002102108 0.999997616 -0.000595732 -2.993751526 -0.014260370 0.000625649 0.999898076 29.877607346
0.999883711 0.000289749 0.015245978 1.454301476 -0.000313470 0.999998748 0.001553514 -3.221569300 -0.015245508 -0.001558113 0.999882579 32.169513702
0.999880493 0.002281600 0.015292134 1.586165190 -0.002337438 0.999990642 0.003634558 -3.442279339 -0.015283700 -0.003669868 0.999876440 34.451915741
0.999840796 0.004764400 0.017190659 1.697393894 -0.004900434 0.999956906 0.007879843 -3.676751137 -0.017152373 -0.007962829 0.999821305 36.759433746
0.999819994 0.006567542 0.017796312 1.818188667 -0.006702414 0.999949157 0.007529642 -3.896567583 -0.017745957 -0.007647566 0.999813378 39.032276154
0.999788880 0.005633479 0.019760469 1.925287604 -0.005751897 0.999965727 0.005940965 -4.100984573 -0.019726323 -0.006053371 0.999787033 41.323497772
0.999797463 0.003217572 0.019870223 2.053398132 -0.003312068 0.999983370 0.004724510 -4.324862480 -0.019854695 -0.004789365 0.999791384 43.599121094
0.999800503 0.003592044 0.019653259 2.193459988 -0.003672030 0.999985099 0.004035256 -4.551473141 -0.019638469 -0.004106618 0.999798715 45.841087341
0.999797404 0.003243630 0.019870492 2.319204807 -0.003303456 0.999990106 0.002978701 -4.780261993 -0.019860635 -0.003043738 0.999798119 48.114639282
0.999803722 0.000992313 0.019786248 2.458066702 -0.001061842 0.999993324 0.003503828 -5.013539314 -0.019782642 -0.003524150 0.999798119 50.393173218
0.999774694 0.000661884 0.021214262 2.584786177 -0.000745283 0.999992013 0.003923596 -5.237460136 -0.021211497 -0.003938523 0.999767244 52.659553528
0.999768078 -0.000534122 0.021529118 2.724216938 0.000452924 0.999992788 0.003776278 -5.465061188 -0.021530978 -0.003765651 0.999761105 54.945713043
0.999741614 -0.000805951 0.022717752 2.855073929 0.000709788 0.999990761 0.004240685 -5.696282387 -0.022720957 -0.004223463 0.999732912 57.244449615
0.999726951 -0.002310570 0.023256920 2.998151302 0.002193823 0.999984860 0.005044195 -5.922735691 -0.023268227 -0.004991794 0.999716818 59.513393402
0.999687910 -0.003912439 0.024674114 3.126671791 0.003804069 0.999982893 0.004437441 -6.145812511 -0.024691055 -0.004342194 0.999685705 61.784812927
0.999665797 -0.004797822 0.025401725 3.277658939 0.004690600 0.999979854 0.004278969 -6.369242191 -0.025421742 -0.004158390 0.999668181 64.035758972
0.999638438 -0.004356251 0.026533442 3.420472145 0.004226911 0.999978900 0.004928681 -6.591323376 -0.026554354 -0.004814745 0.999635756 66.300254822
0.999619246 -0.003429486 0.027377684 3.570385933 0.003284222 0.999980271 0.005349142 -6.817831516 -0.027395491 -0.005257192 0.999610782 68.556823730
0.999580204 -0.003733503 0.028729009 3.710093737 0.003595053 0.999981642 0.004869321 -7.040020466 -0.028746663 -0.004763994 0.999575317 70.815231323
0.999568760 -0.004611981 0.028998891 3.873254776 0.004517061 0.999984205 0.003337903 -7.261234283 -0.029013829 -0.003205474 0.999573886 73.076065063
0.999546230 -0.005526466 0.029610302 4.028574944 0.005414563 0.999977887 0.003858073 -7.488216400 -0.029630970 -0.003695995 0.999554217 75.349975586
0.999503434 -0.006685005 0.030793319 4.192580700 0.006584827 0.999972582 0.003353502 -7.719101906 -0.030814897 -0.003149068 0.999520183 77.617050171
0.999499679 -0.007397153 0.030752009 4.347344875 0.007297423 0.999967694 0.003354033 -7.952775478 -0.030775830 -0.003127944 0.999521375 79.883384705
0.999468684 -0.007779229 0.031652592 4.497575760 0.007696097 0.999966681 0.002747440 -8.167178154 -0.031672910 -0.002502379 0.999495089 82.139755249
0.999452651 -0.007133999 0.032302778 4.667833328 0.007053373 0.999971747 0.002609248 -8.393486977 -0.032320473 -0.002379976 0.999474645 84.425819397
0.999405086 -0.006878910 0.033796120 4.827844143 0.006781810 0.999972582 0.002986918 -8.610917091 -0.033815730 -0.002755942 0.999424279 86.679969788
0.999390066 -0.006420893 0.034329724 4.993379116 0.006272611 0.999970555 0.004425320 -8.845981598 -0.034357123 -0.004207283 0.999400735 88.958587646
0.999363780 -0.005730110 0.035200153 5.157793999 0.005544212 0.999970198 0.005376490 -9.076001167 -0.035229903 -0.005177913 0.999365807 91.210212708
0.999337673 -0.005454375 0.035976563 5.326551914 0.005268806 0.999972403 0.005250851 -9.296041489 -0.036004212 -0.005057820 0.999338865 93.447242737
0.999312162 -0.005202283 0.036717039 5.497179508 0.005041962 0.999977291 0.004457600 -9.516241074 -0.036739390 -0.004269408 0.999315739 95.689376831
0.999275982 -0.005981609 0.037571810 5.669165611 0.005800683 0.999971151 0.004922631 -9.738768578 -0.037600167 -0.004701126 0.999281824 97.940238953
0.999243796 -0.005663037 0.038468350 5.831223011 0.005494500 0.999974847 0.004485477 -9.969086647 -0.038492784 -0.004270720 0.999249756 100.181198120
0.999168754 -0.005608446 0.040379409 5.984801292 0.005394923 0.999970853 0.005394965 -10.184059143 -0.040408500 -0.005172636 0.999169827 102.408721924
0.999171972 -0.005735877 0.040283561 6.186378956 0.005514650 0.999969065 0.005600756 -10.411885262 -0.040314440 -0.005373969 0.999172568 104.683830261
0.999135554 -0.006659024 0.041033860 6.364701271 0.006410414 0.999960303 0.006187263 -10.626119614 -0.041073427 -0.005918871 0.999138594 106.919425964
0.999106467 -0.008013486 0.041497789 6.548576355 0.007752573 0.999949157 0.006444484 -10.843127251 -0.041547321 -0.006117011 0.999117792 109.173553467
0.999066770 -0.008976847 0.042248338 6.730072021 0.008669160 0.999934554 0.007460360 -11.069486618 -0.042312544 -0.007087140 0.999079227 111.426383972
0.999041080 -0.009697972 0.042693496 6.920394421 0.009452117 0.999937594 0.005956685 -11.287843704 -0.042748597 -0.005547429 0.999070466 113.692382812
0.998997509 -0.010078597 0.043617055 7.103057384 0.009866641 0.999938488 0.005072041 -11.506598473 -0.043665498 -0.004636602 0.999035478 115.943305969
0.998954058 -0.010469153 0.044510052 7.287736416 0.010224751 0.999931395 0.005715081 -11.736069679 -0.044566832 -0.005254000 0.998992503 118.194648743
0.998895049 -0.010770783 0.045745615 7.476901054 0.010485696 0.999924064 0.006467449 -11.959790230 -0.045811798 -0.005980629 0.998932123 120.465110779
0.998888016 -0.011574252 0.045702908 7.687077522 0.011255635 0.999910593 0.007222700 -12.187904358 -0.045782417 -0.006700252 0.998928964 122.674430847
0.998805225 -0.012370004 0.047276612 7.878896236 0.012068912 0.999905050 0.006648935 -12.407166481 -0.047354370 -0.006070413 0.998859704 124.997634888
0.998771191 -0.012604572 0.047929436 8.065572739 0.012331071 0.999906003 0.005997741 -12.631692886 -0.048000529 -0.005399349 0.998832703 127.260414124
0.998757541 -0.014338576 0.047725894 8.260357857 0.014048587 0.999880731 0.006406114 -12.848390579 -0.047812060 -0.005727672 0.998840034 129.519622803
0.998782694 -0.015544262 0.046812907 8.451021194 0.015253580 0.999862075 0.006560265 -13.060807228 -0.046908431 -0.005838214 0.998882055 131.768951416
0.998851895 -0.015910132 0.045184541 8.655168533 0.015577860 0.999848962 0.007696340 -13.277797699 -0.045300178 -0.006983626 0.998948991 134.002761841
0.998913109 -0.016746135 0.043499671 8.849102020 0.016426269 0.999835372 0.007700418 -13.502826691 -0.043621466 -0.006977511 0.999023736 136.243530273
0.998993039 -0.017502913 0.041310847 9.063554764 0.017223665 0.999826431 0.007105961 -13.713284492 -0.041428056 -0.006387282 0.999121010 138.470230103
0.998972237 -0.018066114 0.041568384 9.224822998 0.017776808 0.999815106 0.007319045 -13.930400848 -0.041692931 -0.006572570 0.999108851 140.763336182
0.998967350 -0.018469308 0.041510466 9.400339127 0.018185942 0.999808669 0.007193707 -14.135424614 -0.041635394 -0.006431371 0.999112189 142.995651245
0.999018073 -0.018666755 0.040179078 9.593463898 0.018333022 0.999794424 0.008658611 -14.366001129 -0.040332444 -0.007913506 0.999154985 145.261474609
0.999034941 -0.017795103 0.040154550 9.773515701 0.017510545 0.999819100 0.007427185 -14.578018188 -0.040279452 -0.006716889 0.999165893 147.521652222
0.999057472 -0.016343955 0.040212508 9.955303192 0.016111439 0.999851584 0.006099492 -14.795528412 -0.040306225 -0.005445861 0.999172449 149.762908936
0.999061644 -0.014978223 0.040638100 10.132448196 0.014781343 0.999877512 0.005140945 -15.014161110 -0.040710125 -0.004535436 0.999160647 152.010879517
0.999066412 -0.014289939 0.040768962 10.318732262 0.014087276 0.999886990 0.005254047 -15.231275558 -0.040839434 -0.004674818 0.999154806 154.248718262
0.999042749 -0.013715465 0.041539561 10.503850937 0.013505155 0.999894559 0.005339339 -15.445703506 -0.041608416 -0.004773229 0.999122620 156.514022827
0.999040782 -0.012360357 0.042008355 10.678520203 0.012073919 0.999902129 0.007065498 -15.669651031 -0.042091560 -0.006551514 0.999092281 158.745056152
0.998993456 -0.011553776 0.043342337 10.862617493 0.011213437 0.999904394 0.008087350 -15.886423111 -0.043431628 -0.007593193 0.999027610 160.977600098
0.998963058 -0.010372533 0.044331428 11.037799835 0.009942030 0.999901354 0.009920524 -16.109931946 -0.044429954 -0.009469492 0.998967648 163.262619019
0.998927534 -0.009623452 0.045290116 11.224763870 0.009205926 0.999913275 0.009418481 -16.315845490 -0.045376822 -0.008991442 0.998929620 165.527374268
0.998878956 -0.008994215 0.046477407 11.418580055 0.008620921 0.999929011 0.008225940 -16.527122498 -0.046548102 -0.007816039 0.998885453 167.759063721
0.998820066 -0.007107162 0.048041627 11.618237495 0.006717118 0.999943197 0.008275466 -16.745841980 -0.048097719 -0.007943001 0.998811007 170.026626587
0.998693824 -0.006481028 0.050681323 11.813085556 0.006071582 0.999947727 0.008228631 -16.955856323 -0.050732013 -0.007910167 0.998680949 172.285385132
0.998574078 -0.006776163 0.052952215 12.019482613 0.006353174 0.999946535 0.008152379 -17.171880722 -0.053004622 -0.007804339 0.998563766 174.554199219
0.998479664 -0.006682237 0.054716971 12.229207039 0.006226003 0.999944448 0.008504291 -17.385957718 -0.054770775 -0.008150692 0.998465717 176.812072754
0.998407900 -0.007165588 0.055948418 12.429259300 0.006660435 0.999935389 0.009210165 -17.594526291 -0.056010801 -0.008822860 0.998391211 179.048706055
0.998421669 -0.008835476 0.055462763 12.653459549 0.008329988 0.999921620 0.009338637 -17.818813324 -0.055540930 -0.008861893 0.998417079 181.308151245
0.998372138 -0.009755389 0.056196395 12.855360031 0.009269156 0.999917328 0.008906589 -18.026733398 -0.056278639 -0.008371198 0.998380005 183.556381226
0.998446643 -0.010962944 0.054626983 13.090018272 0.010476222 0.999902904 0.009188332 -18.255365372 -0.054722410 -0.008601774 0.998464584 185.780838013
0.998462439 -0.012850754 0.053924803 13.304202080 0.012321076 0.999872565 0.010143545 -18.470407486 -0.054048292 -0.009463538 0.998493433 188.021469116
0.998507202 -0.013551841 0.052913152 13.518140793 0.013068045 0.999869645 0.009478530 -18.674488068 -0.053034693 -0.008772910 0.998554170 190.260696411
0.998438179 -0.015026886 0.053809185 13.726501465 0.014535170 0.999849021 0.009517901 -18.898576736 -0.053944085 -0.008720909 0.998506010 192.507644653
0.998414814 -0.016721735 0.053742558 13.928658485 0.016270053 0.999828637 0.008831066 -19.109243393 -0.053881016 -0.007942671 0.998515785 194.747497559
0.998433769 -0.016275495 0.053527281 14.136814117 0.015816782 0.999834478 0.008982261 -19.320571899 -0.053664602 -0.008121562 0.998526037 196.978546143
0.998434305 -0.013615259 0.054253317 14.352617264 0.013109036 0.999867260 0.009675699 -19.546636581 -0.054377858 -0.008949344 0.998480320 199.233428955
0.998444259 -0.011960885 0.054460816 14.561615944 0.011468309 0.999890506 0.009348214 -19.759902954 -0.054566670 -0.008709096 0.998472154 201.474014282
0.998419344 -0.011365457 0.055041797 14.778503418 0.010911519 0.999903977 0.008540665 -19.971946716 -0.055133581 -0.007926575 0.998447537 203.736648560
0.998380363 -0.011648523 0.055685595 14.984159470 0.011149969 0.999894977 0.009255340 -20.179267883 -0.055787556 -0.008619457 0.998405457 205.958618164
0.998368084 -0.012981174 0.055614214 15.224073410 0.012472393 0.999877155 0.009485791 -20.403423309 -0.055730533 -0.008776667 0.998407245 208.235107422
0.998318672 -0.012764312 0.056541223 15.435960770 0.012220640 0.999875784 0.009950886 -20.607463837 -0.056661226 -0.009243183 0.998350680 210.474700928
0.998230219 -0.012556868 0.058127336 15.664608955 0.011934928 0.999867916 0.011034451 -20.831954956 -0.058258213 -0.010321177 0.998248219 212.734436035
0.998161912 -0.011103421 0.059577446 15.903844833 0.010441520 0.999880314 0.011409796 -21.041370392 -0.059697006 -0.010766743 0.998158514 214.966171265
0.997951686 -0.009799104 0.063216999 16.095954895 0.009098063 0.999893963 0.011367814 -21.243495941 -0.063321695 -0.010769377 0.997935057 217.217864990
0.997813880 -0.009878091 0.065344222 16.329271317 0.009126902 0.999888837 0.011784473 -21.450006485 -0.065453380 -0.011162320 0.997793198 219.452163696
0.997679353 -0.011204906 0.067158878 16.566665649 0.010401422 0.999870241 0.012301673 -21.652385712 -0.067288004 -0.011574578 0.997666419 221.687957764
0.997571826 -0.012964938 0.068426564 16.807476044 0.012097524 0.999841332 0.013075765 -21.854486465 -0.068585224 -0.012216222 0.997570455 223.931335449
0.997514248 -0.015114261 0.068824589 17.068696976 0.014280865 0.999818802 0.012584954 -22.066867828 -0.069002338 -0.011570798 0.997549355 226.171493530
0.997475922 -0.016136326 0.069147415 17.315219879 0.015332699 0.999808788 0.012136976 -22.265485764 -0.069330044 -0.011046126 0.997532547 228.425460815
0.997436225 -0.016721252 0.069579594 17.563343048 0.015906280 0.999798417 0.012250517 -22.466329575 -0.069770426 -0.011112356 0.997501135 230.666107178
0.997351527 -0.017898751 0.070495062 17.802436829 0.017100178 0.999782741 0.011915383 -22.676033020 -0.070693024 -0.010678346 0.997441053 232.905120850
0.997365654 -0.018525086 0.070132501 18.082824707 0.017684158 0.999764264 0.012592642 -22.885864258 -0.070349261 -0.011319234 0.997458160 235.202987671
0.997344494 -0.018316258 0.070486188 18.336963654 0.017472496 0.999768317 0.012568605 -23.085798264 -0.070700057 -0.011303663 0.997433484 237.446243286
0.997295320 -0.018125746 0.071228139 18.577629089 0.017278314 0.999772608 0.012495680 -23.284626007 -0.071438454 -0.011231181 0.997381806 239.645324707
0.997269154 -0.018236840 0.071567535 18.830043793 0.017369490 0.999768198 0.012723143 -23.486648560 -0.071782976 -0.011445306 0.997354567 241.875946045
0.997221172 -0.018564248 0.072147429 19.078866959 0.017683078 0.999761283 0.012833172 -23.686590195 -0.072368428 -0.011521723 0.997311413 244.113723755
0.997185826 -0.018755961 0.072585456 19.331993103 0.017925849 0.999766469 0.012070980 -23.893926620 -0.072794907 -0.010735852 0.997289121 246.346267700
0.997207999 -0.018139713 0.072436072 19.597696304 0.017373217 0.999786377 0.011197847 -24.097995758 -0.072623707 -0.009908139 0.997310340 248.582687378
0.997185886 -0.018456651 0.072660685 19.858186722 0.017649725 0.999775410 0.011731812 -24.302974701 -0.072860904 -0.010416357 0.997287691 250.819732666
0.997144401 -0.019977570 0.072827898 20.113445282 0.019174919 0.999747634 0.011703863 -24.508611679 -0.073043339 -0.010273974 0.997275829 253.041717529
0.997146189 -0.020075139 0.072776489 20.383195877 0.019220728 0.999738097 0.012421608 -24.714673996 -0.073006786 -0.010987343 0.997270882 255.301284790
0.997098386 -0.020882685 0.073202781 20.623861313 0.020011971 0.999720216 0.012607968 -24.919395447 -0.073445596 -0.011106453 0.997237325 257.520172119
0.997096241 -0.021360748 0.073094212 20.897197723 0.020452457 0.999704421 0.013152370 -25.125951767 -0.073353544 -0.011619222 0.997238338 259.785278320
0.997062981 -0.020831857 0.073698029 21.155920029 0.019961102 0.999722183 0.012532139 -25.324996948 -0.073938623 -0.011024239 0.997201860 262.034912109
0.997029305 -0.020992532 0.074107483 21.419744492 0.020153042 0.999724209 0.012057739 -25.526929855 -0.074340157 -0.010528429 0.997177303 264.293884277
0.996999204 -0.020203369 0.074727833 21.686342239 0.019384962 0.999744058 0.011661064 -25.736944199 -0.074944317 -0.010177474 0.997135699 266.537536621
0.996970475 -0.019655831 0.075256549 21.950708389 0.018828120 0.999754369 0.011692325 -25.937389374 -0.075467885 -0.010239963 0.997095644 268.777069092
0.996817708 -0.019167494 0.077376269 22.206924438 0.018351575 0.999768376 0.011242290 -26.149946213 -0.077573821 -0.009786535 0.996938586 271.038696289
0.996716559 -0.019943455 0.078474715 22.480810165 0.019080019 0.999749124 0.011737337 -26.360492706 -0.078689098 -0.010201499 0.996847034 273.285369873
0.996528864 -0.020226903 0.080752946 22.735668182 0.019296903 0.999738395 0.012280581 -26.563058853 -0.080980211 -0.010679672 0.996658444 275.535186768
0.996404946 -0.020193262 0.082276709 23.015100479 0.019142158 0.999725044 0.013544181 -26.759628296 -0.082527600 -0.011920537 0.996517479 277.771911621
0.996356308 -0.019764584 0.082966566 23.303649902 0.018583475 0.999715149 0.014984283 -26.971448898 -0.083239079 -0.013387877 0.996439695 280.023681641
0.996276855 -0.019465650 0.083985254 23.591495514 0.018191896 0.999707997 0.015905166 -27.172807693 -0.084270336 -0.014318096 0.996340096 282.261444092
0.996193886 -0.018874891 0.085096471 23.873710632 0.017612692 0.999723792 0.015559038 -27.360290527 -0.085366651 -0.014001041 0.996251225 284.518737793
0.996076465 -0.017824177 0.086683869 24.144086838 0.016597312 0.999751806 0.014853576 -27.552112579 -0.086927108 -0.013356576 0.996125102 286.749328613
0.996084809 -0.016852083 0.086782023 24.438568115 0.015752479 0.999786913 0.013340160 -27.738397598 -0.086988330 -0.011920897 0.996137977 288.996887207
0.996021688 -0.017674444 0.087341286 24.716213226 0.016540552 0.999769509 0.013689096 -27.944501877 -0.087563097 -0.012189964 0.996084332 291.223266602
0.995919824 -0.017430285 0.088542931 24.975694656 0.016357433 0.999783933 0.012828033 -28.142793655 -0.088747397 -0.011327356 0.995989740 293.498321533
0.995960474 -0.017950155 0.087979972 25.267683029 0.016943147 0.999782264 0.012179329 -28.343437195 -0.088179454 -0.010639475 0.996047795 295.721740723
0.995967507 -0.017916333 0.087906837 25.556674957 0.016929500 0.999785304 0.011958637 -28.545581818 -0.088102207 -0.010422195 0.996057034 297.954925537
0.995959938 -0.017307194 0.088114485 25.841678619 0.016299119 0.999793410 0.012147219 -28.744613647 -0.088306509 -0.010661956 0.996036291 300.193054199
0.995929718 -0.017214367 0.088473186 26.115652084 0.016128644 0.999785900 0.012971988 -28.952623367 -0.088677518 -0.011492237 0.995994091 302.427215576
0.995921314 -0.017639158 0.088486351 26.405941010 0.016541172 0.999777019 0.013126539 -29.152929306 -0.088698156 -0.011609331 0.995990992 304.675415039
0.995900273 -0.017140053 0.088819310 26.698837280 0.016014082 0.999782443 0.013374260 -29.355615616 -0.089029208 -0.011897069 0.995957971 306.925628662
0.995894730 -0.018056339 0.088700011 26.988105774 0.016919786 0.999765038 0.013548724 -29.565258026 -0.088923812 -0.011992319 0.995966256 309.182098389
0.995855451 -0.019273611 0.088884406 27.278482437 0.018107168 0.999739289 0.013910880 -29.763936996 -0.089129336 -0.012243781 0.995944917 311.440399170
0.995818317 -0.019272814 0.089299671 27.567752838 0.018157473 0.999746859 0.013285493 -29.966960907 -0.089533120 -0.011608481 0.995916188 313.679718018
0.995846272 -0.019014722 0.089042537 27.866939545 0.017834071 0.999742448 0.014036301 -30.171838760 -0.089286506 -0.012390006 0.995928943 315.930419922
0.995806754 -0.017324688 0.089826226 28.156435013 0.016194459 0.999780476 0.013296085 -30.375633240 -0.090036862 -0.011785646 0.995868623 318.178314209
0.995796978 -0.015653128 0.090240397 28.443063736 0.014459318 0.999799311 0.013867884 -30.576301575 -0.090439372 -0.012504781 0.995823443 320.427490234
0.995729625 -0.014815048 0.091121964 28.726293564 0.013637112 0.999815345 0.013536112 -30.780399323 -0.091305681 -0.012235668 0.995747745 322.656494141
0.995688736 -0.014564968 0.091608077 29.011346817 0.013340166 0.999813437 0.013968220 -30.975193024 -0.091794439 -0.012685928 0.995697260 324.893768311
0.995685101 -0.013968891 0.091739118 29.306562424 0.012610494 0.999802351 0.015370194 -31.184757233 -0.091935672 -0.014146997 0.995664477 327.118164062
0.995649815 -0.014520225 0.092035063 29.592010498 0.013163996 0.999796033 0.015325993 -31.388534546 -0.092238829 -0.014047774 0.995637774 329.364166260
0.995660663 -0.016145501 0.091646992 29.897008896 0.014874848 0.999783695 0.014530871 -31.585594177 -0.091861799 -0.013104580 0.995685518 331.597595215
0.995660186 -0.015921066 0.091692463 30.187732697 0.014668570 0.999790013 0.014317550 -31.785299301 -0.091901146 -0.012910417 0.995684385 333.812591553
0.995642483 -0.016482439 0.091784291 30.480260849 0.015103507 0.999762714 0.015698034 -31.983007431 -0.092021272 -0.014243369 0.995655179 336.038482666
0.995707631 -0.017225198 0.090937480 30.790594101 0.015879981 0.999753952 0.015495677 -32.175609589 -0.091182016 -0.013985081 0.995736063 338.273925781
0.995722473 -0.017135484 0.090791494 31.079307556 0.015768945 0.999751627 0.015747515 -32.376941681 -0.091038793 -0.014248471 0.995745420 340.518737793
0.995763838 -0.017196970 0.090324536 31.379777908 0.015848983 0.999752402 0.015619954 -32.578186035 -0.090570778 -0.014122234 0.995789886 342.763275146
0.995772839 -0.017528389 0.090162188 31.669916153 0.016130256 0.999738455 0.016212266 -32.774635315 -0.090422779 -0.014689393 0.995795131 345.003875732
0.995799243 -0.017205490 0.089932293 31.959362030 0.015805496 0.999742866 0.016256344 -32.967311859 -0.090188891 -0.014766634 0.995815158 347.242919922
0.995847583 -0.017144715 0.089406952 32.250709534 0.015752159 0.999743760 0.016257973 -33.162506104 -0.089662790 -0.014782115 0.995862424 349.488067627
0.995848358 -0.016790846 0.089465499 32.536048889 0.015361268 0.999743462 0.016643777 -33.359161377 -0.089722015 -0.015200376 0.995850861 351.728271484
0.995894074 -0.017111378 0.088894598 32.824207306 0.015663095 0.999733329 0.016964292 -33.550121307 -0.089161202 -0.015502275 0.995896578 353.952392578
0.995913029 -0.016775951 0.088745654 33.108535767 0.015380389 0.999747455 0.016385980 -33.744899750 -0.088998124 -0.014954067 0.995919466 356.197113037
0.995965719 -0.017001387 0.088109091 33.399757385 0.015572090 0.999736190 0.016884005 -33.938304901 -0.088372886 -0.015443848 0.995967746 358.434020996
0.996032357 -0.016577831 0.087433942 33.694252014 0.015079392 0.999728382 0.017770726 -34.135147095 -0.087704793 -0.016381770 0.996011794 360.666931152
0.996086121 -0.016501322 0.086833805 33.987411499 0.015010889 0.999729037 0.017789334 -34.330093384 -0.087103829 -0.016416250 0.996063948 362.914123535
0.996128023 -0.016445555 0.086362876 34.277935028 0.014919200 0.999721408 0.018289536 -34.522514343 -0.086639613 -0.016930254 0.996095836 365.156219482
0.996177256 -0.016439632 0.085795663 34.565593719 0.014972588 0.999730945 0.017714860 -34.716186523 -0.086063802 -0.016362555 0.996155262 367.417572021
0.996193767 -0.016987393 0.085494995 34.850666046 0.015531897 0.999723315 0.017660914 -34.911796570 -0.085771360 -0.016265791 0.996182084 369.669067383
0.996187985 -0.016828384 0.085592702 35.128669739 0.015452254 0.999740839 0.016714873 -35.099468231 -0.085851796 -0.015328554 0.996190071 371.935852051
0.996264458 -0.016900083 0.084686048 35.420135498 0.015542267 0.999740303 0.016667303 -35.295074463 -0.084945731 -0.015288824 0.996268392 374.179382324
0.996360004 -0.016803971 0.083572015 35.712589264 0.015426532 0.999734759 0.017100628 -35.485816956 -0.083837204 -0.015749153 0.996354997 376.425628662
0.996259093 -0.016270228 0.084871285 35.976032257 0.014805431 0.999730885 0.017860023 -35.680191040 -0.085139021 -0.016536657 0.996231794 378.685668945
0.996259272 -0.016961064 0.084732704 36.257667542 0.015477142 0.999715626 0.018139347 -35.875701904 -0.085016258 -0.016760070 0.996238708 380.927246094
0.996281028 -0.016946524 0.084480263 36.546119690 0.015463348 0.999715090 0.018180076 -36.062191010 -0.084764287 -0.016806114 0.996259272 383.184417725
0.996293783 -0.016049962 0.084506370 36.830673218 0.014545145 0.999725044 0.018392872 -36.257141113 -0.084778346 -0.017095545 0.996253192 385.436737061
0.996284068 -0.014869099 0.084834784 37.107635498 0.013345478 0.999739826 0.018498819 -36.442615509 -0.085087769 -0.017297922 0.996223271 387.696105957
0.996323228 -0.013855239 0.084546290 37.398971558 0.012334909 0.999753177 0.018478150 -36.640747070 -0.084781446 -0.017367339 0.996248186 389.966735840
0.996305585 -0.012587216 0.084951453 37.674064636 0.011067251 0.999770582 0.018339463 -36.833541870 -0.085162811 -0.017331535 0.996216238 392.242248535
0.996315360 -0.011409327 0.085002176 37.953178406 0.009773259 0.999759376 0.019638695 -37.022373199 -0.085205793 -0.018735586 0.996187210 394.497253418
0.996262908 -0.010274766 0.085759439 38.227294922 0.008580842 0.999761224 0.020097371 -37.213718414 -0.085945465 -0.019286379 0.996113122 396.754364014
0.996190190 -0.009646291 0.086671449 38.504848480 0.008058068 0.999793410 0.018655855 -37.411270142 -0.086833507 -0.017886376 0.996062279 399.016967773
0.996128321 -0.009262180 0.087422363 38.785366058 0.007718455 0.999808490 0.017979808 -37.604057312 -0.087572165 -0.017235430 0.996009052 401.286743164
0.996068299 -0.010789385 0.087929249 39.066547394 0.009143549 0.999775767 0.019099040 -37.794799805 -0.088115625 -0.018219961 0.995943546 403.547485352
0.996008217 -0.012310915 0.088408947 39.351955414 0.010555786 0.999738395 0.020292534 -37.987148285 -0.088635661 -0.019278308 0.995877504 405.800170898
0.995967209 -0.013015382 0.088767998 39.632270813 0.011274324 0.999734640 0.020086855 -38.172721863 -0.089005880 -0.019005053 0.995849729 408.065765381
0.995922267 -0.012746285 0.089310460 39.927791595 0.011146112 0.999768615 0.018392878 -38.354919434 -0.089524262 -0.017322414 0.995834053 410.331970215
0.995879412 -0.011165462 0.089997225 40.233161926 0.009476367 0.999771237 0.019173812 -38.558040619 -0.090190738 -0.018241953 0.995757461 412.604766846
0.995810628 -0.009912023 0.090900451 40.517925262 0.008225591 0.999787390 0.018908430 -38.748321533 -0.091068543 -0.018081507 0.995680451 414.847930908
0.995720029 -0.008714773 0.092008226 40.813846588 0.006989713 0.999794006 0.019054590 -38.937732697 -0.092155315 -0.018329926 0.995575845 417.122344971
0.995668292 -0.008833463 0.092555553 41.114543915 0.007135491 0.999800444 0.018660339 -39.127506256 -0.092701912 -0.017919077 0.995532632 419.376983643
0.995580316 -0.008868914 0.093494147 41.406440735 0.007157119 0.999800801 0.018628567 -39.315967560 -0.093640745 -0.017877081 0.995445549 421.628875732
0.995481312 -0.008885733 0.094540857 41.694160461 0.007155869 0.999800980 0.018620851 -39.511531830 -0.094687507 -0.017860187 0.995346844 423.880493164
0.995410502 -0.009140214 0.095259689 41.995990753 0.007299817 0.999780238 0.019650403 -39.702781677 -0.095418364 -0.018864840 0.995258510 426.152404785
0.995383084 -0.008495110 0.095605381 42.300758362 0.006592567 0.999774277 0.020198254 -39.889385223 -0.095755391 -0.019474717 0.995214283 428.404815674
0.995297134 -0.007705154 0.096562609 42.605861664 0.005725562 0.999768138 0.020760953 -40.075836182 -0.096700184 -0.020110441 0.995110393 430.680786133
0.995291829 -0.008620566 0.096538529 42.911266327 0.006587607 0.999750197 0.021357462 -40.284130096 -0.096698530 -0.020620953 0.995100021 432.961059570
0.995251358 -0.009435462 0.096880160 43.221004486 0.007439619 0.999752998 0.020941764 -40.482200623 -0.097053796 -0.020121569 0.995075822 435.226104736
0.995233893 -0.008293003 0.097163118 43.532051086 0.006302108 0.999764204 0.020779237 -40.653656006 -0.097312532 -0.020067871 0.995051503 437.489990234
0.995177209 -0.008687337 0.097708039 43.840129852 0.006632110 0.999750316 0.021339534 -40.845821381 -0.097869039 -0.020588607 0.994986296 439.769714355
0.995229959 -0.008779670 0.097161300 44.159481049 0.006717191 0.999745548 0.021534160 -41.030914307 -0.097325653 -0.020778788 0.995035648 442.044128418
0.995221853 -0.008046772 0.097306788 44.488945007 0.005890708 0.999731183 0.022424409 -41.227607727 -0.097461089 -0.021744059 0.995001733 444.321075439
0.995195746 -0.008570068 0.097529344 44.804035187 0.006408910 0.999727368 0.022450805 -41.410171509 -0.097695164 -0.021717889 0.994979322 446.597076416
0.995192707 -0.008568004 0.097560667 45.112239838 0.006440660 0.999734998 0.022099441 -41.596389771 -0.097724162 -0.021364845 0.994984210 448.858215332
0.995189190 -0.007486733 0.097685061 45.429668427 0.005405032 0.999752998 0.021557588 -41.784545898 -0.097822331 -0.020925885 0.994983971 451.124816895
0.995136797 -0.007018607 0.098252468 45.734325409 0.004941012 0.999759376 0.021372838 -41.977905273 -0.098378830 -0.020783426 0.994931996 453.379638672
0.995046914 -0.006506512 0.099193357 46.040111542 0.004380354 0.999756396 0.021637211 -42.160858154 -0.099309966 -0.021095540 0.994832933 455.651123047
0.995020092 -0.006620816 0.099454381 46.346553802 0.004522500 0.999762714 0.021308944 -42.353721619 -0.099571869 -0.020753045 0.994813919 457.918945312
0.995046198 -0.005819852 0.099242218 46.670692444 0.003814389 0.999784946 0.020385558 -42.537296295 -0.099339508 -0.019906022 0.994854450 460.204315186
0.995024383 -0.004890088 0.099511094 46.979892731 0.002795676 0.999771893 0.021175582 -42.731426239 -0.099591956 -0.020792022 0.994811058 462.485870361
0.995025158 -0.004327411 0.099530131 47.290187836 0.002109372 0.999747336 0.022379544 -42.917350769 -0.099601828 -0.022058262 0.994782865 464.758941650
0.995057762 -0.004437590 0.099198684 47.596027374 0.002189480 0.999738514 0.022760089 -43.099903107 -0.099273741 -0.022430407 0.994807303 467.024383545
0.995153010 -0.004887122 0.098218545 47.913909912 0.002748745 0.999756515 0.021895153 -43.287872314 -0.098301664 -0.021519046 0.994923949 469.303253174
0.995276570 -0.005277003 0.096936807 48.244915009 0.003221242 0.999766827 0.021351499 -43.475708008 -0.097026877 -0.020938393 0.995061517 471.603454590
0.995299220 -0.005360956 0.096699178 48.549095154 0.003206385 0.999743462 0.022422811 -43.668617249 -0.096794583 -0.022007357 0.995060980 473.884552002
0.995299280 -0.005437443 0.096693695 48.847942352 0.003282076 0.999742925 0.022435764 -43.856201172 -0.096790828 -0.022012949 0.995061219 476.164428711
0.995361328 -0.005172899 0.096067533 49.154136658 0.003041379 0.999746203 0.022320911 -44.032691956 -0.096158616 -0.021925192 0.995124459 478.459442139
0.995404899 -0.005279932 0.095609680 49.466480255 0.003105003 0.999733329 0.022882514 -44.217956543 -0.095704988 -0.022480493 0.995155871 480.743865967
0.995426953 -0.006020246 0.095335826 49.773956299 0.003794166 0.999716282 0.023513960 -44.405410767 -0.095450334 -0.023044709 0.995167434 483.015289307
0.995444715 -0.006652261 0.095108390 50.077381134 0.004486828 0.999726236 0.022963801 -44.591289520 -0.095235117 -0.022432461 0.995201945 485.296478271
0.995492697 -0.006776568 0.094595589 50.378887177 0.004538931 0.999705315 0.023849925 -44.782882690 -0.094729319 -0.023313064 0.995230019 487.576385498
0.995562553 -0.006690390 0.093865372 50.681831360 0.004533093 0.999721229 0.023177300 -44.954772949 -0.093994275 -0.022648947 0.995315015 489.881805420
0.995559454 -0.006199630 0.093930349 50.982017517 0.003985385 0.999710083 0.023742534 -45.134109497 -0.094050318 -0.023262760 0.995295644 492.184967041
0.995625794 -0.005500655 0.093268506 51.292148590 0.003261784 0.999703288 0.024140056 -45.314617157 -0.093373626 -0.023730237 0.995348275 494.472595215
0.995622873 -0.004973308 0.093329385 51.582435608 0.002778687 0.999716938 0.023630030 -45.493461609 -0.093420483 -0.023267265 0.995354831 496.770233154
0.995645046 -0.004891819 0.093098342 51.894847870 0.002723227 0.999722302 0.023406364 -45.687450409 -0.093186982 -0.023050895 0.995381773 499.089477539
0.995675981 -0.004716410 0.092773937 52.193572998 0.002498617 0.999708772 0.024006981 -45.869148254 -0.092860125 -0.023671370 0.995397687 501.381408691
0.995694697 -0.004398269 0.092588410 52.491424561 0.002147695 0.999700069 0.024392916 -46.057247162 -0.092667945 -0.024089046 0.995405614 503.662048340
0.995714188 -0.003199449 0.092427604 52.792949677 0.001008147 0.999717474 0.023745282 -46.243011475 -0.092477471 -0.023550337 0.995436251 505.956848145
0.995710373 -0.002625920 0.092487641 53.089820862 0.000376603 0.999703884 0.024329266 -46.427314758 -0.092524141 -0.024190068 0.995416701 508.251403809
0.995736659 -0.003129761 0.092188619 53.395717621 0.000957909 0.999721110 0.023593621 -46.615173340 -0.092236780 -0.023404723 0.995462120 510.546875000
0.995778799 -0.003606815 0.091714047 53.705841064 0.001376095 0.999701917 0.024374167 -46.802612305 -0.091774620 -0.024145070 0.995487034 512.850524902
0.995799005 -0.003539509 0.091497578 54.009540558 0.001305366 0.999699831 0.024465827 -46.981159210 -0.091556720 -0.024243608 0.995504677 515.154174805
0.995811343 -0.003078436 0.091380067 54.306335449 0.000889531 0.999711931 0.023984926 -47.160499573 -0.091427594 -0.023803174 0.995527208 517.458679199
0.995812118 -0.002173571 0.091397107 54.598888397 -0.000023213 0.999711335 0.024027668 -47.350006104 -0.091422930 -0.023929164 0.995524585 519.748535156
0.995738864 0.000225356 0.092217177 54.892684937 -0.002443684 0.999710321 0.023943260 -47.529537201 -0.092185080 -0.024066582 0.995450974 522.087402344
0.995563030 0.002315436 0.094068617 55.177307129 -0.004611378 0.999696612 0.024197066 -47.712547302 -0.093984053 -0.024523491 0.995271623 524.409484863
0.995580792 0.003623480 0.093839101 55.492885590 -0.006017328 0.999663293 0.025239753 -47.889003754 -0.093716048 -0.025692875 0.995267391 526.725402832
0.995530069 0.003029424 0.094395652 55.789840698 -0.005421943 0.999670267 0.025099481 -48.071926117 -0.094288483 -0.025499100 0.995218277 529.028381348
0.995506406 0.000894940 0.094689645 56.095439911 -0.003424478 0.999641478 0.026554875 -48.251007080 -0.094631925 -0.026759809 0.995152593 531.330932617
0.995462120 -0.000785004 0.095155217 56.410022736 -0.001723124 0.999653339 0.026273252 -48.430206299 -0.095142841 -0.026317993 0.995115697 533.645446777
0.995427847 -0.000839214 0.095512822 56.717903137 -0.001615686 0.999670386 0.025622074 -48.610145569 -0.095502824 -0.025659245 0.995098412 535.960754395
0.995344698 -0.001013305 0.096375100 57.025741577 -0.001442251 0.999676168 0.025406085 -48.791999817 -0.096369654 -0.025426805 0.995020807 538.271545410
0.995287955 -0.000584697 0.096961729 57.334960938 -0.001837158 0.999688625 0.024886280 -48.977291107 -0.096946090 -0.024947150 0.994976938 540.587951660
0.995226622 0.000259343 0.097590551 57.646911621 -0.002645444 0.999700606 0.024321523 -49.158161163 -0.097555041 -0.024463596 0.994929373 542.908996582
0.995164454 0.000600196 0.098221079 57.968521118 -0.002907412 0.999723077 0.023348588 -49.341049194 -0.098179869 -0.023521250 0.994890630 545.230773926
0.995074928 0.000799670 0.099121511 58.273036957 -0.003166749 0.999713480 0.023725541 -49.524711609 -0.099074133 -0.023922583 0.994792461 547.547180176
0.995024025 0.000826753 0.099631324 58.589992523 -0.003279259 0.999695539 0.024454558 -49.709407806 -0.099580772 -0.024659595 0.994723797 549.864440918
0.994985461 0.000745129 0.100016311 58.901855469 -0.003199874 0.999697506 0.024385273 -49.889183044 -0.099967897 -0.024583036 0.994686902 552.166076660
0.995002925 -0.001084119 0.099839203 59.228927612 -0.001294271 0.999716997 0.023754355 -50.082653046 -0.099836707 -0.023764873 0.994719982 554.475097656
0.995020568 -0.001205439 0.099662080 59.555400848 -0.001218348 0.999705076 0.024255618 -50.268775940 -0.099661916 -0.024256259 0.994725645 556.793212891
0.994995654 -0.001030497 0.099912934 59.874137878 -0.001419718 0.999700189 0.024449287 -50.450206757 -0.099908173 -0.024468789 0.994695663 559.099670410
0.994945765 -0.000278533 0.100412861 60.193775177 -0.002294918 0.999671817 0.025512282 -50.633888245 -0.100387000 -0.025613772 0.994618833 561.434692383
0.994962394 -0.000597885 0.100247309 60.524333954 -0.002030720 0.999656856 0.026117109 -50.816299438 -0.100228533 -0.026189113 0.994619727 563.760864258
0.994917870 -0.000062864 0.100689553 60.845676422 -0.002644534 0.999638438 0.026754865 -50.992706299 -0.100654818 -0.026885169 0.994558096 566.082458496
0.994857967 0.001120863 0.101273492 61.173812866 -0.003784067 0.999651968 0.026108859 -51.176425934 -0.101208985 -0.026357835 0.994515896 568.408020020
0.994878411 0.002088482 0.101057187 61.513240814 -0.004587099 0.999689341 0.024498736 -51.351661682 -0.100974619 -0.024836821 0.994578898 570.738159180
0.994839966 0.002648489 0.101422161 61.845252991 -0.005177579 0.999681950 0.024681155 -51.535236359 -0.101324536 -0.025078921 0.994537234 573.056518555
0.994855404 0.002318590 0.101279587 62.178050995 -0.004953072 0.999655604 0.025768256 -51.726825714 -0.101184979 -0.026137330 0.994524240 575.431579590
0.994869709 0.002223855 0.101140000 62.514431000 -0.004997537 0.999618113 0.027179088 -51.914604187 -0.101040937 -0.027545104 0.994500816 577.744628906
0.994812191 0.002789704 0.101689711 62.843299866 -0.005401838 0.999662220 0.025420982 -52.097518921 -0.101584449 -0.025838422 0.994491339 580.114685059
0.994864583 0.002230807 0.101190671 63.176967621 -0.004853311 0.999658525 0.025677690 -52.278533936 -0.101098835 -0.026036937 0.994535685 582.454345703
0.994806051 0.001789356 0.101772584 63.499443054 -0.004529566 0.999633253 0.026700126 -52.464962006 -0.101687476 -0.027022433 0.994449317 584.758789062
0.994866133 0.002123941 0.101177253 63.830303192 -0.004882304 0.999622881 0.027022868 -52.645435333 -0.101081707 -0.027378112 0.994501352 587.075744629
0.994835377 -0.000176991 0.101501368 64.167129517 -0.002399334 0.999678075 0.025259521 -52.824405670 -0.101473182 -0.025372596 0.994514585 589.412658691
0.994866490 -0.000433690 0.101196133 64.502655029 -0.002121593 0.999681652 0.025141815 -53.002056122 -0.101174824 -0.025227444 0.994548738 591.756652832
0.994885445 -0.002185352 0.100985967 64.829010010 -0.000389627 0.999675453 0.025471631 -53.182868958 -0.101008862 -0.025380706 0.994561732 594.091064453
0.994901478 -0.002827928 0.100812100 65.165199280 0.000245331 0.999671698 0.025621118 -53.366039276 -0.100851469 -0.025465759 0.994575441 596.451965332
