1.000000000 0.000000000 0.000000000 0.000000000 0.000000000 1.000000000 0.000000000 0.000000000 0.000000000 0.000000000 1.000000000 0.000000000
0.999999940 0.000025778 0.000361286 0.087390311 -0.000025727 1.000000000 -0.000139646 -0.228291392 -0.000361290 0.000139636 0.999999940 2.287222385
0.999999344 0.000282950 0.001068171 0.167148411 -0.000283341 0.999999881 0.000366829 -0.466045976 -0.001068067 -0.000367132 0.999999344 4.579592705
0.999998689 -0.000131716 0.001631933 0.264089286 0.000130690 0.999999821 0.000628845 -0.699081600 -0.001632016 -0.000628631 0.999998391 6.866062164
0.999996424 -0.000226037 0.002658465 0.356866241 0.000229012 0.999999344 -0.001118842 -0.930730164 -0.002658210 0.001119447 0.999995828 9.156755447
0.999988258 0.001472745 0.004617207 0.450075209 -0.001473011 0.999998927 0.000054257 -1.164226294 -0.004617122 -0.000061058 0.999989331 11.459814072
0.999970436 0.003215928 0.006976151 0.553684890 -0.003225876 0.999993920 0.001415127 -1.400982618 -0.006971556 -0.001437590 0.999974668 13.749593735
0.999948502 0.003151906 0.009643462 0.655724049 -0.003192601 0.999986053 0.004207534 -1.631929636 -0.009630065 -0.004238105 0.999944687 16.026517868
0.999941170 0.003167400 0.010374998 0.751506090 -0.003221863 0.999981105 0.005236851 -1.858717442 -0.010358215 -0.005269970 0.999932408 18.309709549
0.999927580 0.002350234 0.011803319 0.865149498 -0.002418379 0.999980509 0.005762430 -2.086735249 -0.011789544 -0.005790558 0.999913752 20.595235825
0.999926388 0.000039147 0.012135687 0.986590564 -0.000079994 0.999994338 0.003365409 -2.312563658 -0.012135487 -0.003366131 0.999920726 22.900913239
0.999909818 -0.002132542 0.013261477 1.090829253 0.002109769 0.999996305 0.001730998 -2.536025047 -0.013265120 -0.001702864 0.999910593 25.180112839
0.999910533 -0.002630368 0.013115264 1.228736758 0.002615796 0.999995887 0.001128079 -2.782434940 -0.013118179 -0.001093671 0.999913335 27.494873047
0.999888182 -0.002345921 0.014769894 1.326315880 0.002348466 0.999997199 -0.000154939 -3.003513336 -0.014769489 0.000189608 0.999890864 29.780721664
0.999886751 -0.000077634 0.015048476 1.457755566 0.000033801 0.999995708 0.002913034 -3.235787868 -0.015048642 -0.002912196 0.999882519 32.031375885
0.999892890 0.001857568 0.014512851 1.594854236 -0.001932332 0.999984980 0.005139239 -3.453717709 -0.014503084 -0.005166734 0.999881387 34.312435150
0.999855340 0.004175066 0.016489683 1.709278703 -0.004316262 0.999954164 0.008536300 -3.675881863 -0.016453287 -0.008606236 0.999827564 36.635490417
0.999841571 0.006050873 0.016736019 1.834809303 -0.006187416 0.999947965 0.008118956 -3.893161774 -0.016686020 -0.008221222 0.999827027 38.907379150
0.999811947 0.005009628 0.018733133 1.944067955 -0.005138205 0.999963462 0.006821850 -4.100798607 -0.018698279 -0.006916822 0.999801219 41.214794159
0.999817431 0.002528145 0.018941065 2.069694519 -0.002638062 0.999979854 0.005780383 -4.323959827 -0.018926071 -0.005829296 0.999803901 43.490600586
0.999814332 0.002538328 0.019106591 2.199835777 -0.002631066 0.999984860 0.004830139 -4.553501129 -0.019094039 -0.004879513 0.999805808 45.753852844
0.999805629 0.002063963 0.019611893 2.319312811 -0.002147245 0.999988735 0.004226405 -4.784791470 -0.019602949 -0.004267694 0.999798715 48.030597687
0.999805450 0.000818016 0.019706368 2.457315445 -0.000903882 0.999990106 0.004348766 -5.008133411 -0.019702617 -0.004365731 0.999796331 50.312683105
0.999788165 -0.000257489 0.020577880 2.589103460 0.000159229 0.999988556 0.004776558 -5.232320309 -0.020578874 -0.004772271 0.999776781 52.579559326
0.999782801 -0.001409592 0.020791583 2.727110863 0.001316052 0.999988914 0.004511924 -5.457543373 -0.020797715 -0.004483581 0.999773622 54.861099243
0.999750912 -0.001842854 0.022238700 2.852583408 0.001733232 0.999986172 0.004947630 -5.683470726 -0.022247510 -0.004907853 0.999740422 57.158012390
0.999732137 -0.003222636 0.022915609 2.991390228 0.003095626 0.999979675 0.005575850 -5.905523300 -0.022933111 -0.005503419 0.999721766 59.425472260
0.999687254 -0.004414843 0.024615088 3.118374348 0.004295831 0.999978781 0.004885770 -6.126605988 -0.024636140 -0.004778500 0.999684989 61.693443298
0.999670327 -0.005293042 0.025123907 3.271226645 0.005171457 0.999974608 0.004901985 -6.350776196 -0.025149215 -0.004770441 0.999672353 63.945034027
0.999635279 -0.004708142 0.026591416 3.411365509 0.004557668 0.999973238 0.005716532 -6.573890209 -0.026617620 -0.005593252 0.999630034 66.210647583
0.999615848 -0.004012433 0.027422795 3.562207699 0.003847435 0.999974132 0.006066931 -6.798137665 -0.027446430 -0.005959093 0.999605536 68.465995789
0.999574959 -0.004253524 0.028841089 3.702265978 0.004089940 0.999975145 0.005728542 -7.019949913 -0.028864741 -0.005608149 0.999567568 70.715698242
0.999563515 -0.005099025 0.029098194 3.870353937 0.004968906 0.999977350 0.004542261 -7.242922783 -0.029120699 -0.004395694 0.999566197 72.970115662
0.999542356 -0.005972272 0.029655814 4.026409149 0.005823326 0.999970019 0.005106306 -7.467465401 -0.029685423 -0.004931273 0.999547064 75.247642517
0.999500155 -0.007122664 0.030801548 4.190440655 0.006986365 0.999965370 0.004530421 -7.694908142 -0.030832747 -0.004312965 0.999515235 77.514328003
0.999489903 -0.008057396 0.030904014 4.346821785 0.007921906 0.999958396 0.004504191 -7.920331955 -0.030939024 -0.004257073 0.999512196 79.744361877
0.999456942 -0.008555685 0.031824082 4.496873856 0.008431708 0.999956310 0.004027929 -8.133739471 -0.031857155 -0.003757410 0.999485373 82.001243591
0.999441147 -0.007441228 0.032587949 4.673406601 0.007309311 0.999964714 0.004165276 -8.363147736 -0.032617792 -0.003924753 0.999460220 84.262268066
0.999386251 -0.007162694 0.034289476 4.833874226 0.006999085 0.999963462 0.004889077 -8.581960678 -0.034323256 -0.004646080 0.999400020 86.511756897
0.999392033 -0.007112728 0.034130652 5.007980347 0.006917660 0.999959171 0.005829951 -8.809585571 -0.034170728 -0.005590302 0.999400496 88.792762756
0.999363542 -0.006165422 0.035135932 5.170703888 0.005942008 0.999961495 0.006459460 -9.033407211 -0.035174411 -0.006246572 0.999361694 91.046607971
0.999345303 -0.006027699 0.035673369 5.343405724 0.005802879 0.999962628 0.006402371 -9.252310753 -0.035710637 -0.006191171 0.999342978 93.295532227
0.999330521 -0.006071019 0.036078136 5.515645981 0.005868180 0.999966383 0.005725455 -9.465430260 -0.036111694 -0.005509909 0.999332547 95.548889160
0.999301791 -0.006495109 0.036792032 5.685273647 0.006273861 0.999961555 0.006125750 -9.686093330 -0.036830410 -0.005890646 0.999304175 97.805160522
0.999266326 -0.006179767 0.037797648 5.850567818 0.005973242 0.999966621 0.005574509 -9.914154053 -0.037830837 -0.005344643 0.999269843 100.044548035
0.999186873 -0.006197887 0.039839212 6.003061295 0.005937087 0.999960184 0.006661264 -10.128114700 -0.039878912 -0.006419319 0.999183834 102.270339966
0.999190807 -0.006487900 0.039694916 6.209773064 0.006235184 0.999959528 0.006486956 -10.344903946 -0.039735388 -0.006234202 0.999190807 104.515106201
0.999156654 -0.007345067 0.040397342 6.389148712 0.007054465 0.999948204 0.007331450 -10.558842659 -0.040449105 -0.007040286 0.999156773 106.739776611
0.999131441 -0.008752562 0.040738240 6.577339172 0.008454031 0.999936163 0.007494473 -10.770251274 -0.040801242 -0.007143562 0.999141753 108.986351013
0.999089718 -0.009698078 0.041543704 6.762236595 0.009354455 0.999920487 0.008457843 -10.990592957 -0.041622434 -0.008061526 0.999100864 111.231956482
0.999070227 -0.010491511 0.041816112 6.955181122 0.010201549 0.999922395 0.007141614 -11.208020210 -0.041887805 -0.006708387 0.999099791 113.486312866
0.999023974 -0.011129460 0.042744175 7.139495850 0.010877066 0.999922037 0.006132796 -11.421316147 -0.042809092 -0.005661880 0.999067247 115.732017517
0.998993158 -0.011360777 0.043400634 7.318028450 0.011073504 0.999915123 0.006853802 -11.647024155 -0.043474820 -0.006366305 0.999034166 117.949821472
0.998951554 -0.011972890 0.044185985 7.510278225 0.011648593 0.999903262 0.007589587 -11.865525246 -0.044272590 -0.007066925 0.998994470 120.181411743
0.998937845 -0.012900376 0.044236615 7.718094349 0.012553957 0.999888301 0.008099931 -12.085195541 -0.044336174 -0.007535983 0.998988211 122.387168884
0.998896301 -0.013780765 0.044906147 7.916601181 0.013438473 0.999878287 0.007915360 -12.308381081 -0.045009769 -0.007303152 0.998959839 124.660545349
0.998846173 -0.014422394 0.045807246 8.097368240 0.014110517 0.999875009 0.007124579 -12.528679848 -0.045904279 -0.006469994 0.998924911 126.928276062
0.998831868 -0.016104989 0.045558419 8.289243698 0.015783666 0.999847949 0.007404003 -12.741461754 -0.045670737 -0.006676277 0.998934209 129.187210083
0.998850584 -0.017294083 0.044704042 8.479310036 0.016969552 0.999826908 0.007628892 -12.953748703 -0.044828240 -0.006861516 0.998971164 131.438476562
0.998899817 -0.017675152 0.043437161 8.675800323 0.017319065 0.999813378 0.008560484 -13.164509773 -0.043580361 -0.007798775 0.999019563 133.679473877
0.998963296 -0.018867001 0.041426964 8.878558159 0.018547608 0.999795318 0.008080606 -13.380443573 -0.041570935 -0.007303858 0.999108791 135.914810181
0.999059200 -0.019718237 0.038625654 9.093727112 0.019453930 0.999784768 0.007206755 -13.586558342 -0.038759448 -0.006448554 0.999227762 138.127899170
0.999022305 -0.020454373 0.039192688 9.253787994 0.020164756 0.999766469 0.007770711 -13.811749458 -0.039342482 -0.006972804 0.999201477 140.399215698
0.999008358 -0.020933500 0.039294172 9.419166565 0.020643275 0.999756634 0.007777258 -14.016183853 -0.039447419 -0.006958386 0.999197423 142.629959106
0.999049604 -0.020799235 0.038304377 9.610303879 0.020461457 0.999748349 0.009189365 -14.241275787 -0.038485873 -0.008396867 0.999223888 144.845138550
0.999059916 -0.019864967 0.038529530 9.782373428 0.019566951 0.999775767 0.008096379 -14.452239037 -0.038681716 -0.007334862 0.999224782 147.083663940
0.999079823 -0.018789519 0.038554508 9.963544846 0.018549414 0.999806345 0.006576065 -14.666713715 -0.038670603 -0.005854851 0.999234855 149.327087402
0.999098241 -0.016959168 0.038923837 10.138633728 0.016746195 0.999842942 0.005791154 -14.885382652 -0.039015956 -0.005134106 0.999225378 151.569458008
0.999106824 -0.016153652 0.039045710 10.323225021 0.015943751 0.999856710 0.005681297 -15.096089363 -0.039131895 -0.005053687 0.999221206 153.803405762
0.999093354 -0.015510596 0.039646544 10.500506401 0.015282189 0.999864817 0.006057665 -15.310932159 -0.039735153 -0.005446286 0.999195397 156.058700562
0.999087572 -0.014823004 0.040051445 10.694290161 0.014543885 0.999867916 0.007251425 -15.530481339 -0.040153645 -0.006662305 0.999171257 158.278671265
0.999048829 -0.014122909 0.041254558 10.856800079 0.013792320 0.999870539 0.008287115 -15.748064041 -0.041366249 -0.007710235 0.999114275 160.531753540
0.999011099 -0.013163015 0.042465858 11.036600113 0.012744714 0.999867678 0.010106058 -15.962074280 -0.042593263 -0.009554849 0.999046862 162.769638062
0.998994887 -0.012619807 0.043011233 11.226896286 0.012237836 0.999883413 0.009132501 -16.164772034 -0.043121468 -0.008596956 0.999032855 165.024276733
0.998956501 -0.011908918 0.044092406 11.421176910 0.011556809 0.999899328 0.008232024 -16.379358292 -0.044186000 -0.007713865 0.998993635 167.259628296
0.998870850 -0.010136296 0.046414323 11.603166580 0.009744939 0.999915063 0.008650345 -16.593540192 -0.046498068 -0.008188272 0.998884797 169.496246338
0.998773754 -0.009397873 0.048607375 11.803422928 0.008954333 0.999916315 0.009334659 -16.815513611 -0.048691045 -0.008887966 0.998774350 171.699478149
0.998665035 -0.009810510 0.050714489 12.005981445 0.009375530 0.999917209 0.008807871 -17.019617081 -0.050796703 -0.008320637 0.998674333 173.955383301
0.998587251 -0.009488555 0.052280921 12.213253021 0.009013733 0.999916017 0.009310463 -17.232801437 -0.052364878 -0.008826065 0.998589039 176.192459106
0.998534679 -0.010380433 0.053110436 12.417125702 0.009851822 0.999899328 0.010205189 -17.444553375 -0.053211022 -0.009667001 0.998536408 178.412826538
0.998477459 -0.011334881 0.053985298 12.613233566 0.010772975 0.999884784 0.010688167 -17.657394409 -0.054100234 -0.010090313 0.998484433 180.644058228
0.998516858 -0.011784066 0.053152546 12.827074051 0.011257258 0.999884605 0.010199725 -17.870580673 -0.053266607 -0.009586246 0.998534322 182.894195557
0.998529017 -0.013081697 0.052616976 13.039887428 0.012568983 0.999870360 0.010063413 -18.082618713 -0.052741800 -0.009387268 0.998564065 185.142562866
0.998545349 -0.014817283 0.051841896 13.256959915 0.014267514 0.999838114 0.010958839 -18.291347504 -0.051995885 -0.010203242 0.998595178 187.382186890
0.998525679 -0.015773546 0.051939156 13.446801186 0.015259786 0.999830782 0.010273362 -18.497636795 -0.052092422 -0.009465635 0.998597383 189.616104126
0.998488307 -0.016883008 0.052307609 13.648313522 0.016383916 0.999816239 0.009955727 -18.706983566 -0.052466080 -0.009083673 0.998581290 191.854766846
0.998469830 -0.017906403 0.052318815 13.848463058 0.017416807 0.999800444 0.009798960 -18.927536011 -0.052483831 -0.008872741 0.998582363 194.106369019
0.998491943 -0.017375594 0.052078791 14.060300827 0.016866213 0.999805689 0.010204621 -19.137493134 -0.052245997 -0.009310860 0.998590827 196.337844849
0.998508751 -0.015838187 0.052243244 14.274934769 0.015294129 0.999824822 0.010797241 -19.351812363 -0.052405097 -0.009982123 0.998576105 198.580810547
0.998528242 -0.012876500 0.052682009 14.477277756 0.012341495 0.999868929 0.010468144 -19.573925018 -0.052809894 -0.009802562 0.998556495 200.836669922
0.998490453 -0.012198417 0.053553659 14.684904099 0.011697714 0.999884963 0.009653090 -19.783182144 -0.053665247 -0.009012065 0.998518229 203.091308594
0.998452723 -0.012863267 0.054098915 14.889081001 0.012299260 0.999866545 0.010745552 -19.994552612 -0.054229926 -0.010063550 0.998477697 205.317779541
0.998431921 -0.014269635 0.054130990 15.099354744 0.013660117 0.999839246 0.011613416 -20.205955505 -0.054288007 -0.010855767 0.998466313 207.540954590
0.998392642 -0.014611541 0.054759502 15.315778732 0.014033523 0.999841750 0.010925271 -20.405250549 -0.054910485 -0.010139242 0.998439789 209.797042847
0.998300731 -0.013958750 0.056575563 15.527004242 0.013294356 0.999838352 0.012102936 -20.614933014 -0.056735359 -0.011330232 0.998324931 212.040023804
0.998219609 -0.012770317 0.058263253 15.761369705 0.012057398 0.999848247 0.012571358 -20.822956085 -0.058414951 -0.011846473 0.998222113 214.277343750
0.998043835 -0.011326461 0.061482154 15.960712433 0.010589468 0.999868214 0.012299769 -21.016803741 -0.061613366 -0.011624644 0.998032510 216.521026611
0.997919619 -0.011549652 0.063427314 16.193450928 0.010768275 0.999861956 0.012647357 -21.220436096 -0.063564636 -0.011938042 0.997906327 218.743270874
0.997790933 -0.012938835 0.065160163 16.425195694 0.012112409 0.999841332 0.013062120 -21.416568756 -0.065318838 -0.012244021 0.997789323 220.966934204
0.997690618 -0.014559827 0.066342264 16.660415649 0.013671312 0.999810934 0.013827298 -21.616144180 -0.066531032 -0.012888380 0.997701108 223.193710327
0.997653425 -0.016782589 0.066378020 16.915822983 0.015940335 0.999785841 0.013198096 -21.820989609 -0.066585302 -0.012109040 0.997707248 225.415283203
0.997604609 -0.018170442 0.066744938 17.151351929 0.017331112 0.999763548 0.013132822 -22.022659302 -0.066967785 -0.011944598 0.997683644 227.667205811
0.997556508 -0.018291507 0.067427374 17.386508942 0.017434714 0.999759912 0.013273561 -22.222846985 -0.067653961 -0.012065550 0.997635901 229.901153564
0.997491300 -0.019280894 0.068112798 17.629976273 0.018476130 0.999752104 0.012425484 -22.427762985 -0.068335503 -0.011135849 0.997600257 232.140930176
0.997444749 -0.020226762 0.068518221 17.873868942 0.019354921 0.999723434 0.013364323 -22.624849319 -0.068769589 -0.012004009 0.997560322 234.378280640
0.997451067 -0.019048855 0.068764128 18.149721146 0.018153887 0.999742508 0.013616610 -22.831111908 -0.069005802 -0.012333566 0.997539997 236.631637573
0.997412205 -0.018932926 0.069356978 18.390253067 0.018050211 0.999748170 0.013331817 -23.025651932 -0.069591925 -0.012045410 0.997502804 238.854980469
0.997382343 -0.019162267 0.069722466 18.637491226 0.018234992 0.999736965 0.013911773 -23.230745316 -0.069970720 -0.012603969 0.997469366 241.073379517
0.997327685 -0.019516233 0.070403449 18.881643295 0.018571621 0.999728858 0.014046889 -23.428962708 -0.070658498 -0.012701843 0.997419834 243.314712524
0.997295737 -0.019842152 0.070762992 19.129949570 0.018937245 0.999730408 0.013435964 -23.633785248 -0.071010500 -0.012059574 0.997402668 245.534744263
0.997311056 -0.019442664 0.070659019 19.386398315 0.018592257 0.999746799 0.012673201 -23.835100174 -0.070887551 -0.011325412 0.997420013 247.765029907
0.997274816 -0.019934261 0.071031779 19.637212753 0.019035267 0.999730229 0.013310817 -24.039640427 -0.071277969 -0.011922436 0.997385263 249.999542236
0.997241616 -0.021268109 0.071111009 19.894170761 0.020371817 0.999703944 0.013305854 -24.242860794 -0.071372941 -0.011820490 0.997379661 252.225830078
0.997248709 -0.021411074 0.070968874 20.161804199 0.020457849 0.999690831 0.014131499 -24.446834564 -0.071249515 -0.012640746 0.997378409 254.489776611
0.997225523 -0.022274585 0.071029924 20.402309418 0.021303745 0.999669373 0.014396567 -24.648061752 -0.071327120 -0.012843420 0.997370303 256.706817627
0.997193336 -0.022325765 0.071463265 20.667373657 0.021300932 0.999659538 0.015070891 -24.859642029 -0.071775414 -0.013506358 0.997329354 258.972747803
0.997172058 -0.022025010 0.071851537 20.927215576 0.021039000 0.999674141 0.014451035 -25.056076050 -0.072146408 -0.012898484 0.997310638 261.221374512
0.997152984 -0.021904603 0.072152339 21.186485291 0.020954357 0.999683917 0.013900798 -25.253639221 -0.072434038 -0.012349319 0.997296751 263.478179932
0.997115374 -0.021146361 0.072894678 21.441791534 0.020197315 0.999701679 0.013732087 -25.461225510 -0.073163338 -0.012220201 0.997245014 265.715209961
0.997043848 -0.020527931 0.074042171 21.698957443 0.019562492 0.999714196 0.013740852 -25.655731201 -0.074303076 -0.012251782 0.997160435 267.962921143
0.996942222 -0.019860389 0.075576134 21.956840515 0.018908424 0.999732971 0.013290903 -25.867254257 -0.075819924 -0.011821238 0.997051477 270.210998535
0.996818423 -0.020650534 0.076983668 22.222360611 0.019646512 0.999712050 0.013776654 -26.071964264 -0.077245988 -0.012220364 0.996937156 272.456604004
0.996652007 -0.021075208 0.078998677 22.476083755 0.019995460 0.999695897 0.014434180 -26.272706985 -0.079278864 -0.012806240 0.996770203 274.702087402
0.996533751 -0.020882912 0.080525234 22.753364563 0.019738503 0.999692976 0.014981775 -26.457630157 -0.080813371 -0.013340397 0.996639848 276.948242188
0.996481240 -0.020744773 0.081208602 23.038639069 0.019399934 0.999661863 0.017314522 -26.677074432 -0.081540331 -0.015678151 0.996546745 279.210083008
0.996375322 -0.020493101 0.082560949 23.317678452 0.019024074 0.999647081 0.018540865 -26.876354218 -0.082911789 -0.016903011 0.996413529 281.446990967
0.996315837 -0.019333867 0.083552070 23.595241547 0.017896852 0.999679327 0.017913995 -27.055597305 -0.083871640 -0.016352674 0.996342361 283.720764160
0.996218860 -0.018332860 0.084923178 23.863962173 0.016880263 0.999699235 0.017791495 -27.246780396 -0.085223801 -0.016290698 0.996228635 285.949035645
0.996206880 -0.017594362 0.085218571 24.149703979 0.016292317 0.999740005 0.015950393 -27.423049927 -0.085477054 -0.014501485 0.996234536 288.192626953
0.996148050 -0.018499058 0.085713454 24.424356461 0.017149856 0.999717534 0.016450584 -27.624532700 -0.085993566 -0.014917246 0.996183991 290.419281006
0.996073663 -0.018398834 0.086595304 24.685173035 0.017133612 0.999735653 0.015331442 -27.814926147 -0.086854495 -0.013787556 0.996125579 292.677642822
0.996082425 -0.018955462 0.086374246 24.968244553 0.017769586 0.999737203 0.014477830 -28.007469177 -0.086625986 -0.012886278 0.996157587 294.905181885
0.996075988 -0.018957064 0.086447641 25.249403000 0.017776294 0.999738097 0.014408230 -28.204240799 -0.086698130 -0.012814970 0.996152341 297.135925293
0.996077657 -0.018183611 0.086595654 25.531469345 0.016999802 0.999751925 0.014388520 -28.397130966 -0.086835809 -0.012859973 0.996139586 299.374359131
0.996041834 -0.018207187 0.087000892 25.799976349 0.016920652 0.999736667 0.015502310 -28.601657867 -0.087260231 -0.013968837 0.996087611 301.608367920
0.996039867 -0.018842015 0.086887524 26.089366913 0.017542245 0.999722898 0.015698632 -28.797760010 -0.087159246 -0.014112258 0.996094406 303.857727051
0.995998561 -0.018582508 0.087415718 26.374874115 0.017264172 0.999725878 0.015813218 -28.989612579 -0.087685600 -0.014240786 0.996046364 306.099243164
0.995998800 -0.018984236 0.087327145 26.661012650 0.017667506 0.999718666 0.015826514 -29.196208954 -0.087603018 -0.014220336 0.996053934 308.353057861
0.995955825 -0.020399520 0.087497309 26.950088501 0.019046672 0.999686182 0.016268777 -29.391199112 -0.087801732 -0.014536452 0.996031821 310.614868164
0.995907009 -0.020237165 0.088089183 27.234508514 0.018931609 0.999698579 0.015631227 -29.588628769 -0.088378958 -0.013899576 0.995989859 312.858459473
0.995936513 -0.019772582 0.087860450 27.531637192 0.018415656 0.999698639 0.016228026 -29.787364960 -0.088154845 -0.014544075 0.996000588 315.116210938
0.995882690 -0.017759535 0.088894576 27.816581726 0.016452188 0.999745786 0.015417974 -29.985408783 -0.089145795 -0.013891985 0.995921671 317.351654053
0.995866239 -0.016154706 0.089384928 28.101173401 0.014791482 0.999764383 0.015892655 -30.181200027 -0.089620605 -0.014504820 0.995870352 319.600677490
0.995807111 -0.014614140 0.090302303 28.381967545 0.013288206 0.999795139 0.015267115 -30.376888275 -0.090506919 -0.014003146 0.995797515 321.828948975
0.995777965 -0.013851079 0.090743877 28.668796539 0.012464812 0.999797046 0.015825674 -30.571178436 -0.090944670 -0.014627752 0.995748520 324.065368652
0.995781243 -0.013470314 0.090766005 28.962917328 0.011959800 0.999781132 0.017165316 -30.775066376 -0.090977386 -0.016007356 0.995724320 326.294281006
0.995722711 -0.014007472 0.091324151 29.239822388 0.012522055 0.999780297 0.016818082 -30.970680237 -0.091539644 -0.015602583 0.995679140 328.529388428
0.995736778 -0.015442383 0.090937540 29.542163849 0.014021362 0.999769688 0.016244553 -31.164678574 -0.091167457 -0.014900233 0.995724022 330.760345459
0.995696247 -0.014758387 0.091493919 29.826253891 0.013342184 0.999781847 0.016071074 -31.361259460 -0.091711156 -0.014781179 0.995675921 332.980255127
0.995651245 -0.014868307 0.091964774 30.113931656 0.013328554 0.999760926 0.017334472 -31.556386948 -0.092200533 -0.016033331 0.995611370 335.210510254
0.995679200 -0.015188253 0.091609329 30.417369843 0.013655515 0.999756455 0.017334947 -31.747550964 -0.091850288 -0.016009074 0.995644152 337.444488525
0.995675564 -0.014895231 0.091696754 30.703979492 0.013326537 0.999754608 0.017696010 -31.945394516 -0.091937840 -0.016397486 0.995629728 339.679626465
0.995673656 -0.014748300 0.091742530 30.998191833 0.013211932 0.999762416 0.017331433 -32.140766144 -0.091976374 -0.016044348 0.995631933 341.924743652
0.995673001 -0.014592890 0.091773026 31.288908005 0.013035602 0.999761105 0.017545506 -32.330108643 -0.092007145 -0.016273266 0.995625377 344.171997070
0.995701015 -0.014259470 0.091521546 31.579494476 0.012696315 0.999763727 0.017639231 -32.521553040 -0.091751464 -0.016401412 0.995646954 346.403839111
0.995710254 -0.013987420 0.091463849 31.867938995 0.012425925 0.999767482 0.017619556 -32.713157654 -0.091689035 -0.016407447 0.995652497 348.649169922
0.995681286 -0.013460066 0.091856234 32.153324127 0.011835502 0.999764264 0.018207833 -32.908969879 -0.092079662 -0.017042041 0.995605826 350.888336182
0.995723009 -0.013661257 0.091373093 32.444534302 0.012015699 0.999756098 0.018535141 -33.099166870 -0.091604002 -0.017357964 0.995644152 353.113769531
0.995718479 -0.013423243 0.091457881 32.729236603 0.011810862 0.999765515 0.018148251 -33.292819977 -0.091680042 -0.016990354 0.995643497 355.353790283
0.995741785 -0.013578041 0.091180854 33.021236420 0.011950243 0.999759734 0.018374717 -33.481273651 -0.091408454 -0.017206840 0.995664835 357.586578369
0.995819390 -0.012798079 0.090444088 33.320571899 0.011070762 0.999747097 0.019574141 -33.678989410 -0.090671740 -0.018491022 0.995709181 359.822937012
0.995871544 -0.012941297 0.089846216 33.617252350 0.011205383 0.999741197 0.019798590 -33.873420715 -0.090079188 -0.018710092 0.995758832 362.068115234
0.995912433 -0.012850534 0.089405507 33.912651062 0.011084883 0.999734163 0.020217380 -34.061939240 -0.089641549 -0.019143688 0.995790064 364.307769775
0.995961785 -0.012764469 0.088865630 34.204959869 0.011071194 0.999748170 0.019521235 -34.250400543 -0.089092426 -0.018458558 0.995852411 366.553741455
0.995985568 -0.013447769 0.088497750 34.491313934 0.011777486 0.999743044 0.019368934 -34.440956116 -0.088735476 -0.018248897 0.995888054 368.798370361
0.995977104 -0.013058702 0.088651434 34.772617340 0.011457026 0.999762237 0.018552016 -34.622718811 -0.088872626 -0.017461704 0.995889902 371.056243896
0.996040940 -0.013488059 0.087866515 35.063674927 0.011888937 0.999754488 0.018697465 -34.818645477 -0.088097148 -0.017578801 0.995956779 373.283966064
0.996062994 -0.013275341 0.087648757 35.351795197 0.011601278 0.999740958 0.019581536 -35.005416870 -0.087885998 -0.018487604 0.995958984 375.538452148
0.996030390 -0.013608052 0.087966770 35.629421234 0.011919050 0.999734879 0.019697320 -35.190605164 -0.088211477 -0.018570652 0.995928645 377.792938232
0.996040165 -0.014229587 0.087757997 35.920269012 0.012527168 0.999723077 0.019919366 -35.381946564 -0.088017151 -0.018741133 0.995942593 380.039611816
0.996046305 -0.014491469 0.087645799 36.212486267 0.012790528 0.999719322 0.019937580 -35.563583374 -0.087910131 -0.018737718 0.995952189 382.293487549
0.996054173 -0.013488135 0.087715462 36.502712250 0.011756340 0.999726176 0.020230072 -35.754638672 -0.087964304 -0.019119037 0.995940149 384.544891357
0.996065378 -0.012753656 0.087700434 36.792144775 0.011020462 0.999734819 0.020218577 -35.937797546 -0.087935023 -0.019172525 0.995941639 386.803619385
0.996086419 -0.011735945 0.087601766 37.088829041 0.010003310 0.999746084 0.020191416 -36.133937836 -0.087816477 -0.019236088 0.995950937 389.070434570
0.996077716 -0.010151540 0.087898359 37.374259949 0.008412091 0.999761820 0.020137202 -36.325004578 -0.088081844 -0.019318806 0.995925903 391.351104736
0.996085286 -0.008706515 0.087967493 37.662528992 0.006831755 0.999743581 0.021590598 -36.512966156 -0.088132918 -0.020905105 0.995889306 393.611083984
0.996030569 -0.007414766 0.088702343 37.944244385 0.005487505 0.999743998 0.021951450 -36.699993134 -0.088842399 -0.021377565 0.995816290 395.877380371
0.995965302 -0.007230569 0.089447565 38.230178833 0.005423567 0.999776602 0.020428380 -36.892868042 -0.089575291 -0.019860830 0.995782018 398.138702393
0.995937288 -0.007200038 0.089761242 38.518959045 0.005437408 0.999787986 0.019865938 -37.082519531 -0.089885220 -0.019297166 0.995765150 400.399810791
0.995797932 -0.008369519 0.091194943 38.792743683 0.006464622 0.999755144 0.021163603 -37.270988464 -0.091349743 -0.020485127 0.995608151 402.637878418
0.995794237 -0.009636292 0.091109514 39.088703156 0.007649712 0.999725878 0.022128439 -37.460494995 -0.091297761 -0.021338411 0.995594978 404.913665771
0.995733917 -0.010063648 0.091721267 39.379989624 0.008045672 0.999717951 0.022344470 -37.647880554 -0.091920264 -0.021511190 0.995533943 407.164855957
0.995688736 -0.008704577 0.092347860 39.690757751 0.006781762 0.999754190 0.021114839 -37.827651978 -0.092508942 -0.020397527 0.995502889 409.425659180
0.995662212 -0.007944032 0.092701748 39.996082306 0.005987420 0.999753773 0.021365587 -38.016731262 -0.092848666 -0.020717867 0.995464683 411.687194824
0.995588899 -0.006780597 0.093577869 40.286941528 0.004831973 0.999767005 0.021034429 -38.202892303 -0.093698695 -0.020489475 0.995389760 413.934783936
0.995510161 -0.006000296 0.094465658 40.590740204 0.004027984 0.999770224 0.021055473 -38.385906219 -0.094570301 -0.020580428 0.995305419 416.203338623
0.995458186 -0.006133012 0.095003456 40.897769928 0.004155522 0.999770999 0.020998800 -38.575366974 -0.095110491 -0.020508634 0.995255470 418.457336426
0.995359302 -0.006199595 0.096028283 41.193737030 0.004210874 0.999772727 0.020898566 -38.759422302 -0.096136026 -0.020397216 0.995159149 420.709381104
0.995282054 -0.006315854 0.096817315 41.490993500 0.004321686 0.999774456 0.020793112 -38.950241089 -0.096926786 -0.020276595 0.995084941 422.964874268
0.995200634 -0.006757490 0.097621508 41.797439575 0.004641620 0.999749720 0.021885086 -39.137351990 -0.097744942 -0.021326929 0.994982958 425.233581543
0.995148957 -0.006092637 0.098190069 42.101387024 0.003886980 0.999736071 0.022638803 -39.322090149 -0.098302081 -0.022147320 0.994910121 427.483886719
0.995076060 -0.005306688 0.098972201 42.414276123 0.003011563 0.999723315 0.023324590 -39.504596710 -0.099068604 -0.022911683 0.994816780 429.759216309
0.995101213 -0.006423732 0.098652400 42.730487823 0.004116299 0.999713540 0.023575291 -39.690883636 -0.098775573 -0.023053717 0.994842589 432.039093018
0.995045602 -0.006990344 0.099173784 43.043945312 0.004742390 0.999726832 0.022884486 -39.880058289 -0.099306650 -0.022300791 0.994806945 434.304718018
0.995026350 -0.006154671 0.099422015 43.355548859 0.003876106 0.999725699 0.023095038 -40.052909851 -0.099536896 -0.022594796 0.994777262 436.570526123
0.994990110 -0.006455523 0.099764802 43.669525146 0.004145156 0.999718726 0.023348110 -40.237514496 -0.099887475 -0.022817597 0.994737089 438.853485107
0.995022237 -0.006504496 0.099441431 43.991317749 0.004181578 0.999713898 0.023550274 -40.417999268 -0.099566177 -0.023017222 0.994764626 441.125854492
0.995028675 -0.006249968 0.099392645 44.319824219 0.003786400 0.999681354 0.024955569 -40.626701355 -0.099516936 -0.024455169 0.994735301 443.398773193
0.994981945 -0.006677332 0.099831350 44.638458252 0.004190618 0.999676168 0.025098121 -40.804683685 -0.099966623 -0.024553826 0.994687736 445.677001953
0.994979680 -0.006471023 0.099868000 44.953380585 0.004035634 0.999690115 0.024568858 -40.985389709 -0.099996038 -0.024042485 0.994697273 447.942382812
0.994998753 -0.005824082 0.099717148 45.271392822 0.003432222 0.999702692 0.024141220 -41.166988373 -0.099828087 -0.023678234 0.994722903 450.199981689
0.994943500 -0.005364070 0.100292876 45.582397461 0.002975918 0.999708831 0.023946250 -41.354736328 -0.100392118 -0.023526706 0.994669676 452.459747314
0.994856596 -0.004733941 0.101184033 45.891601562 0.002316572 0.999709308 0.023994980 -41.528404236 -0.101268239 -0.023637163 0.994578302 454.733642578
0.994825482 -0.004716831 0.101488769 46.201728821 0.002317163 0.999715269 0.023749571 -41.717170715 -0.101571910 -0.023391513 0.994553149 456.991912842
0.994866192 -0.003923751 0.101122580 46.533340454 0.001600417 0.999733090 0.023046320 -41.900932312 -0.101186022 -0.022766167 0.994607151 459.276580811
0.994841993 -0.003158616 0.101386704 46.850765228 0.000763999 0.999720037 0.023648791 -42.087028503 -0.101433009 -0.023449354 0.994565964 461.561859131
0.994876862 -0.002798859 0.101055197 47.172542572 0.000272848 0.999687374 0.025001517 -42.270133972 -0.101093583 -0.024845861 0.994566560 463.841247559
0.994902015 -0.002769219 0.100808084 47.481601715 0.000215428 0.999678969 0.025335269 -42.446132660 -0.100845881 -0.025184395 0.994583249 466.108276367
0.995028496 -0.002779476 0.099551491 47.807857513 0.000380248 0.999709189 0.024111239 -42.623428345 -0.099589586 -0.023953518 0.994740248 468.388824463
0.995094955 -0.002366166 0.098896235 48.133308411 0.000043679 0.999724329 0.023479646 -42.803924561 -0.098924518 -0.023360156 0.994820654 470.679779053
0.995196521 -0.002817046 0.097856641 48.449356079 0.000456417 0.999708533 0.024137348 -42.985378265 -0.097896114 -0.023976741 0.994907796 472.962249756
0.995158553 -0.003147537 0.098232009 48.746665955 0.000737896 0.999698162 0.024556790 -43.170623779 -0.098279648 -0.024365416 0.994860530 475.239257812
0.995266557 -0.002793846 0.097142801 49.059127808 0.000465036 0.999712169 0.023987427 -43.338081360 -0.097181872 -0.023828713 0.994981349 477.527618408
0.995289564 -0.002982272 0.096901149 49.370628357 0.000603839 0.999698162 0.024564994 -43.520492554 -0.096945167 -0.024390770 0.994990826 479.811126709
0.995338261 -0.003363141 0.096386574 49.686676025 0.000941725 0.999683082 0.025156410 -43.700881958 -0.096440628 -0.024948370 0.995025992 482.084503174
0.995328665 -0.003796868 0.096470758 49.984596252 0.001442779 0.999699771 0.024460150 -43.881072998 -0.096534662 -0.024206698 0.995035231 484.372100830
0.995437682 -0.004732268 0.095295824 50.297740936 0.002346628 0.999681413 0.025130572 -44.070327759 -0.095384382 -0.024792301 0.995131731 486.676574707
0.995534837 -0.005170367 0.094253585 50.610958099 0.002793814 0.999675214 0.025329001 -44.247047424 -0.094353937 -0.024952574 0.995225906 488.957855225
0.995478034 -0.004844766 0.094868138 50.878856659 0.002454047 0.999676883 0.025300909 -44.427547455 -0.094960041 -0.024953689 0.995168269 491.237915039
0.995554686 -0.004579830 0.094073184 51.194625854 0.002149962 0.999661863 0.025914671 -44.608589172 -0.094160065 -0.025597220 0.995227933 493.528442383
0.995548487 -0.004031117 0.094165631 51.489059448 0.001640322 0.999674618 0.025452878 -44.782077789 -0.094237596 -0.025185108 0.995231152 495.834655762
0.995573699 -0.003656133 0.093913153 51.802452087 0.001311946 0.999686301 0.025010850 -44.967922211 -0.093975142 -0.024776934 0.995266140 498.154785156
0.995604992 -0.003476064 0.093587503 52.101860046 0.001061046 0.999665380 0.025842329 -45.146564484 -0.093646012 -0.025629446 0.995275617 500.449768066
0.995618999 -0.003053633 0.093453340 52.397590637 0.000606418 0.999656439 0.026203694 -45.329738617 -0.093501270 -0.026032222 0.995278776 502.722656250
0.995630980 -0.002075900 0.093352273 52.696002960 -0.000316425 0.999672115 0.025604742 -45.510395050 -0.093374819 -0.025522409 0.995303869 505.010406494
0.995621502 -0.001739976 0.093459874 52.990631104 -0.000708369 0.999657571 0.026157189 -45.688793182 -0.093473390 -0.026108865 0.995279372 507.302307129
0.995645404 -0.001998479 0.093199044 53.292724609 -0.000336502 0.999686599 0.025031261 -45.865882874 -0.093219854 -0.024953628 0.995332778 509.591644287
0.995696008 -0.002740128 0.092640117 53.602542877 0.000333833 0.999662340 0.025980171 -46.053207397 -0.092680059 -0.025837418 0.995360672 511.888763428
0.995710850 -0.002521922 0.092485443 53.903629303 0.000092775 0.999655128 0.026260078 -46.231784821 -0.092519775 -0.026138864 0.995367706 514.188537598
0.995720983 -0.001782517 0.092393123 54.200443268 -0.000633147 0.999659002 0.026109584 -46.410728455 -0.092408143 -0.026056364 0.995380223 516.492919922
0.995700836 -0.000776139 0.092622720 54.493167877 -0.001623783 0.999665022 0.025832552 -46.590511322 -0.092611723 -0.025871897 0.995366096 518.791015625
0.995701015 0.000551891 0.092623115 54.800354004 -0.002988958 0.999653041 0.026174994 -46.779331207 -0.092576519 -0.026339322 0.995357096 521.126586914
0.995542705 0.002881770 0.094267137 55.082347870 -0.005389484 0.999638081 0.026358444 -46.957199097 -0.094157048 -0.026749007 0.995197892 523.452880859
0.995588183 0.003854422 0.093751550 55.409393311 -0.006449833 0.999603748 0.027396688 -47.125556946 -0.093608826 -0.027880503 0.995218575 525.775634766
0.995517910 0.003269396 0.094516456 55.708957672 -0.005878601 0.999608874 0.027340591 -47.302730560 -0.094390102 -0.027773669 0.995147765 528.081481934
0.995475233 0.001343534 0.095012143 56.008129120 -0.004082515 0.999581456 0.028639201 -47.475795746 -0.094933912 -0.028897505 0.995064020 530.389160156
0.995416939 -0.000187791 0.095629059 56.320030212 -0.002534760 0.999594927 0.028347643 -47.648887634 -0.095595635 -0.028460125 0.995013297 532.703918457
0.995403230 -0.000129052 0.095772654 56.634201050 -0.002534631 0.999613345 0.027690398 -47.821716309 -0.095739193 -0.027805855 0.995018005 535.020202637
0.995316565 -0.000494732 0.096667685 56.939853668 -0.002178116 0.999618232 0.027542369 -47.999977112 -0.096644409 -0.027623929 0.994935572 537.329162598
0.995251775 -0.000118789 0.097333163 57.247478485 -0.002526833 0.999630630 0.027057387 -48.182060242 -0.097300425 -0.027174858 0.994884133 539.639160156
0.995152533 0.000848748 0.098339647 57.554897308 -0.003470982 0.999642849 0.026497072 -48.357837677 -0.098282024 -0.026709959 0.994800091 541.961669922
0.995100498 0.001236049 0.098860264 57.877689362 -0.003771926 0.999668539 0.025468342 -48.535774231 -0.098796010 -0.025716452 0.994775355 544.285278320
0.994979322 0.001627060 0.100066632 58.182834625 -0.004203975 0.999664724 0.025546515 -48.707866669 -0.099991515 -0.025838932 0.994652748 546.607727051
0.994915724 0.001441898 0.100700475 58.496814728 -0.004145915 0.999636233 0.026647966 -48.895271301 -0.100625426 -0.026929978 0.994559824 548.924682617
0.994829178 0.001849598 0.101545528 58.804805756 -0.004559668 0.999639392 0.026462620 -49.069473267 -0.101459965 -0.026788797 0.994478881 551.229797363
0.994828701 -0.000418175 0.101565979 59.124122620 -0.002269916 0.999650240 0.026349440 -49.263458252 -0.101541467 -0.026443720 0.994479895 553.518981934
0.994882107 -0.000847096 0.101038590 59.458003998 -0.001866053 0.999640286 0.026755057 -49.440723419 -0.101024903 -0.026806671 0.994522691 555.828247070
0.994815052 -0.000439444 0.101699419 59.773986816 -0.002326232 0.999630630 0.027074415 -49.616638184 -0.101673752 -0.027170610 0.994446635 558.136169434
0.994772792 0.000476410 0.102111757 60.096000671 -0.003379220 0.999594986 0.028256688 -49.795555115 -0.102056935 -0.028454041 0.994371533 560.471069336
0.994786561 0.000061965 0.101978756 60.428649902 -0.003018294 0.999579549 0.028835606 -49.970130920 -0.101934098 -0.028993074 0.994368553 562.803100586
0.994729578 0.000632839 0.102532327 60.754077911 -0.003675982 0.999558210 0.029493617 -50.142257690 -0.102468364 -0.029715076 0.994292319 565.118896484
0.994659841 0.001759828 0.103192471 61.083038330 -0.004788293 0.999564826 0.029107362 -50.323062897 -0.103096336 -0.029446037 0.994235396 567.440734863
0.994675934 0.002963426 0.103009827 61.425811768 -0.005829421 0.999603868 0.027532635 -50.491485596 -0.102887444 -0.027986538 0.994299173 569.770568848
0.994616747 0.003337976 0.103568085 61.763305664 -0.006241037 0.999596298 0.027719084 -50.669876099 -0.103433728 -0.028216239 0.994236052 572.093261719
0.994642973 0.003137450 0.103321701 62.106929779 -0.006150459 0.999564648 0.028855760 -50.858154297 -0.103186183 -0.029336661 0.994229317 574.480895996
0.994655430 0.003105348 0.103202410 62.449298859 -0.006257052 0.999523401 0.030229352 -51.038475037 -0.103059351 -0.030713540 0.994200826 576.793029785
0.994548202 0.003589261 0.104215547 62.773544312 -0.006580816 0.999575675 0.028375817 -51.214054108 -0.104069486 -0.028906943 0.994149864 579.191467285
0.994602203 0.002916460 0.103720978 63.113887787 -0.005873744 0.999584615 0.028217912 -51.385002136 -0.103595607 -0.028674826 0.994206011 581.529296875
0.994561613 0.001936971 0.104131818 63.447708130 -0.005062980 0.999544144 0.029763792 -51.571037292 -0.104026712 -0.030129138 0.994118035 583.866638184
0.994635761 0.002101445 0.103417315 63.785873413 -0.005185933 0.999549389 0.029565813 -51.740463257 -0.103308581 -0.029943531 0.994198501 586.182861328
0.994604886 -0.000053610 0.103735670 64.132110596 -0.002913688 0.999590874 0.028452661 -51.919677734 -0.103694752 -0.028601410 0.994197845 588.547119141
0.994631290 -0.000265568 0.103482112 64.471817017 -0.002676650 0.999596119 0.028292237 -52.090408325 -0.103447847 -0.028417328 0.994228840 590.896972656
0.994646370 -0.001860729 0.103320770 64.803009033 -0.001125732 0.999583423 0.028838910 -52.268218994 -0.103331417 -0.028800827 0.994229853 593.235351562
0.994680047 -0.002446975 0.102983586 65.145187378 -0.000524081 0.999584615 0.028812855 -52.441886902 -0.103011318 -0.028713541 0.994265676 595.593933105
