1.000000000 0.000000000 0.000000000 0.000000000 0.000000000 1.000000000 0.000000000 0.000000000 0.000000000 0.000000000 1.000000000 0.000000000
0.999999881 0.000126798 0.000436419 0.086419046 -0.000126736 1.000000000 -0.000141304 -0.225949630 -0.000436437 0.000141249 0.999999881 2.289667368
0.999999285 0.000537685 0.001191727 0.164894104 -0.000538179 0.999999762 0.000414247 -0.463517338 -0.001191504 -0.000414888 0.999999225 4.589104652
0.999998569 0.000178347 0.001689500 0.262791932 -0.000179327 0.999999821 0.000580183 -0.694604754 -0.001689396 -0.000580485 0.999998331 6.878634453
0.999996662 0.000114845 0.002588717 0.354773015 -0.000111975 0.999999404 -0.001108535 -0.927068532 -0.002588843 0.001108241 0.999996006 9.174888611
0.999987662 0.001889894 0.004600997 0.446249485 -0.001891116 0.999998271 0.000261303 -1.162431359 -0.004600495 -0.000270000 0.999989331 11.479309082
0.999964297 0.003861691 0.007508491 0.527768373 -0.003871760 0.999991596 0.001326934 -1.392003059 -0.007503304 -0.001355958 0.999970913 13.793447495
0.999944627 0.003729381 0.009838943 0.635936856 -0.003769060 0.999984741 0.004017447 -1.621467948 -0.009823810 -0.004054308 0.999943554 16.065500259
0.999940634 0.003710048 0.010239828 0.765191913 -0.003760339 0.999980867 0.004896471 -1.848398685 -0.010221466 -0.004934686 0.999935567 18.412969589
0.999934673 0.002724001 0.011102300 0.890374839 -0.002780295 0.999983311 0.005058192 -2.073199511 -0.011088337 -0.005088728 0.999925554 20.700412750
0.999928772 0.000393681 0.011923510 1.000127792 -0.000428162 0.999995708 0.002889403 -2.305378914 -0.011922321 -0.002894303 0.999924660 23.015674591
0.999918103 -0.001823803 0.012662112 1.108680487 0.001811244 0.999997795 0.001003297 -2.527707815 -0.012663916 -0.000980281 0.999919295 25.297021866
0.999916613 -0.002659771 0.012631733 1.245185018 0.002654506 0.999996483 0.000433519 -2.775506973 -0.012632841 -0.000399952 0.999920130 27.615224838
0.999900520 -0.002321911 0.013912501 1.347748041 0.002329067 0.999997199 -0.000498136 -3.001930714 -0.013911306 0.000530489 0.999903023 29.899387360
0.999896407 -0.000091864 0.014392100 1.472759962 0.000066269 0.999998331 0.001778890 -3.229281425 -0.014392237 -0.001777752 0.999894857 32.189937592
0.999895096 0.001933291 0.014354001 1.604349375 -0.001988220 0.999990702 0.003813443 -3.449040890 -0.014346496 -0.003841583 0.999889672 34.471744537
0.999868989 0.004143136 0.015648732 1.721842527 -0.004269891 0.999958396 0.008075358 -3.682653904 -0.015614622 -0.008141120 0.999844909 36.782215118
0.999847651 0.005945626 0.016412297 1.836932659 -0.006071447 0.999952435 0.007627102 -3.901157379 -0.016366167 -0.007725586 0.999836147 39.055488586
0.999819994 0.005138455 0.018260989 1.940795660 -0.005251242 0.999967337 0.006133771 -4.106436253 -0.018228874 -0.006228559 0.999814451 41.348670959
0.999825001 0.002659158 0.018518530 2.063997507 -0.002759001 0.999981880 0.005368047 -4.332853794 -0.018503917 -0.005418200 0.999814153 43.624607086
0.999823987 0.002936154 0.018531889 2.199569941 -0.003009986 0.999987662 0.003957390 -4.553501129 -0.018520039 -0.004012475 0.999820352 45.865123749
0.999820828 0.002397382 0.018777935 2.323826313 -0.002459617 0.999991477 0.003291838 -4.785869122 -0.018769883 -0.003337435 0.999818385 48.141201019
0.999820232 0.000949892 0.018932141 2.458728790 -0.001017427 0.999993086 0.003557898 -5.013057232 -0.018928636 -0.003576521 0.999814391 50.420993805
0.999804616 0.000018851 0.019765969 2.588345528 -0.000097287 0.999992132 0.003967280 -5.237361431 -0.019765738 -0.003968428 0.999796748 52.685794830
0.999799311 -0.001302126 0.019991240 2.723790646 0.001219630 0.999990702 0.004138266 -5.467935085 -0.019996442 -0.004113053 0.999791622 54.967147827
0.999760747 -0.001414782 0.021826649 2.835375309 0.001321667 0.999989986 0.004279908 -5.694052219 -0.021832481 -0.004250038 0.999752581 57.260299683
0.999741197 -0.002535255 0.022606561 2.971814632 0.002425993 0.999985278 0.004859352 -5.917172909 -0.022618547 -0.004803251 0.999732614 59.525863647
0.999703467 -0.004007475 0.024019722 3.101310253 0.003905361 0.999983072 0.004296643 -6.141211033 -0.024036538 -0.004201563 0.999702275 61.792060852
0.999684155 -0.004538376 0.024718162 3.250128508 0.004436848 0.999981523 0.004160750 -6.365693092 -0.024736591 -0.004049765 0.999685824 64.044418335
0.999654293 -0.003987695 0.025992025 3.391489744 0.003866923 0.999981523 0.004695145 -6.587450027 -0.026010271 -0.004593013 0.999651134 66.316467285
0.999635041 -0.003073661 0.026836999 3.540503025 0.002937809 0.999982655 0.005100088 -6.814226627 -0.026852207 -0.005019385 0.999626815 68.577636719
0.999597728 -0.003111023 0.028188841 3.678765059 0.002981290 0.999984741 0.004643130 -7.036567688 -0.028202854 -0.004557223 0.999591827 70.833221436
0.999580264 -0.003776042 0.028723568 3.838041306 0.003679130 0.999987304 0.003426070 -7.261644840 -0.028736141 -0.003318954 0.999581456 73.088233948
0.999568284 -0.004707511 0.029000467 3.998602867 0.004600000 0.999982238 0.003772845 -7.488460064 -0.029017717 -0.003637815 0.999572217 75.372756958
0.999518633 -0.005978457 0.030440848 4.155644417 0.005880912 0.999977350 0.003292942 -7.719123840 -0.030459844 -0.003112338 0.999531150 77.637985229
0.999523759 -0.006931941 0.030074656 4.318465710 0.006839883 0.999971628 0.003162843 -7.952710152 -0.030095724 -0.002955630 0.999542654 79.897232056
0.999494314 -0.007388465 0.030929578 4.467985630 0.007307092 0.999969602 0.002743156 -8.169060707 -0.030948911 -0.002515764 0.999517798 82.153129578
0.999476016 -0.006517365 0.031705540 4.635620117 0.006432578 0.999975443 0.002775491 -8.402141571 -0.031722855 -0.002570089 0.999493420 84.431274414
0.999425113 -0.006191080 0.033335082 4.793127060 0.006090745 0.999976635 0.003110623 -8.619381905 -0.033353560 -0.002905799 0.999439418 86.684898376
0.999417603 -0.005963396 0.033597350 4.959348202 0.005812853 0.999972641 0.004576718 -8.855760574 -0.033623714 -0.004378755 0.999424994 88.965087891
0.999383807 -0.004966193 0.034746829 5.116304398 0.004781389 0.999973953 0.005399654 -9.084388733 -0.034772750 -0.005230189 0.999381542 91.222579956
0.999352753 -0.004863701 0.035643235 5.282946587 0.004676449 0.999974847 0.005335005 -9.305790901 -0.035668287 -0.005164869 0.999350309 93.476737976
0.999337673 -0.005126016 0.036027722 5.454166889 0.004959139 0.999976516 0.004719757 -9.522142410 -0.036051072 -0.004537964 0.999339640 95.732368469
0.999305189 -0.005687976 0.036835384 5.620332718 0.005495925 0.999970794 0.005312937 -9.745920181 -0.036864519 -0.005106800 0.999307334 97.990554810
0.999270022 -0.005514348 0.037801884 5.782899857 0.005334400 0.999973953 0.004859496 -9.974987984 -0.037827697 -0.004654297 0.999273419 100.226753235
0.999231696 -0.005740199 0.038769629 5.954630375 0.005514743 0.999967277 0.005919687 -10.191487312 -0.038802348 -0.005701335 0.999230623 102.472114563
0.999200881 -0.006016965 0.039516550 6.142293930 0.005795586 0.999966919 0.005714348 -10.409845352 -0.039549630 -0.005480759 0.999202549 104.727798462
0.999170780 -0.006484251 0.040196221 6.308012962 0.006229485 0.999959707 0.006460052 -10.636083603 -0.040236488 -0.006204294 0.999170840 106.989997864
0.999140441 -0.007955717 0.040683370 6.492856026 0.007695148 0.999948859 0.006557372 -10.851603508 -0.040733457 -0.006238671 0.999150574 109.241012573
0.999103367 -0.008861479 0.041399587 6.677557945 0.008566401 0.999936640 0.007299586 -11.073910713 -0.041461650 -0.006938396 0.999116004 111.502517700
0.999082923 -0.009374162 0.041776985 6.869566917 0.009134171 0.999940634 0.005931742 -11.293410301 -0.041830108 -0.005544704 0.999109328 113.763687134
0.999039233 -0.009651013 0.042749327 7.052161217 0.009437693 0.999942005 0.005189040 -11.514833450 -0.042796917 -0.004780599 0.999072492 116.014770508
0.999005437 -0.010053968 0.043439705 7.236452103 0.009818181 0.999935865 0.005637880 -11.740977287 -0.043493610 -0.005205774 0.999040127 118.263298035
0.998958588 -0.010573409 0.044383746 7.427597523 0.010286322 0.999924719 0.006691708 -11.967418671 -0.044451158 -0.006228196 0.998992145 120.526824951
0.998954237 -0.011434140 0.044269495 7.634785652 0.011121690 0.999911487 0.007297779 -12.189061165 -0.044349018 -0.006797795 0.998992980 122.727859497
0.998877883 -0.012272386 0.045740422 7.823197365 0.011980260 0.999906063 0.006655255 -12.411759377 -0.045817800 -0.006099805 0.998931170 125.059661865
0.998842895 -0.013268217 0.046225410 8.010910034 0.013018533 0.999899030 0.005698355 -12.630461693 -0.046296351 -0.005089974 0.998914778 127.313552856
0.998829782 -0.014842188 0.046029087 8.201763153 0.014572140 0.999874532 0.006196894 -12.848957062 -0.046115287 -0.005518900 0.998920858 129.573547363
0.998847485 -0.016040655 0.045237504 8.388781548 0.015769430 0.999855459 0.006346127 -13.062299728 -0.045332756 -0.005625442 0.998956084 131.829971313
0.998903096 -0.016539341 0.043806434 8.589637756 0.016209714 0.999837577 0.007869084 -13.286271095 -0.043929458 -0.007150363 0.999009073 134.069671631
0.998959005 -0.017484939 0.042131115 8.780018806 0.017185695 0.999824464 0.007454426 -13.510781288 -0.042254057 -0.006722614 0.999084294 136.317337036
0.999042094 -0.018336618 0.039732929 8.994240761 0.018070525 0.999811828 0.007045946 -13.723159790 -0.039854649 -0.006321201 0.999185443 138.540283203
0.999003172 -0.019086046 0.040353376 9.150447845 0.018801786 0.999795675 0.007412069 -13.949548721 -0.040486597 -0.006645965 0.999157965 140.833908081
0.999000013 -0.019445358 0.040260144 9.324000359 0.019161621 0.999788880 0.007421567 -14.155116081 -0.040395960 -0.006642696 0.999161661 143.066101074
0.999049544 -0.019452615 0.039007295 9.516335487 0.019117592 0.999777257 0.008943464 -14.383934975 -0.039172586 -0.008189240 0.999198854 145.319702148
0.999064088 -0.018542781 0.039076608 9.694174767 0.018253861 0.999803424 0.007737574 -14.597238541 -0.039212398 -0.007017034 0.999206245 147.579650879
0.999091923 -0.017220173 0.038972136 9.875148773 0.016983977 0.999835372 0.006383678 -14.813918114 -0.039075647 -0.005715978 0.999220014 149.823181152
0.999099374 -0.016001299 0.039299592 10.054042816 0.015806548 0.999861240 0.005261365 -15.031076431 -0.039378330 -0.004635436 0.999213755 152.071472168
0.999107838 -0.015203670 0.039399810 10.239944458 0.015003420 0.999872983 0.005373200 -15.246611595 -0.039476499 -0.004777275 0.999209106 154.315399170
0.999083042 -0.014711712 0.040208042 10.424354553 0.014504792 0.999879956 0.005433146 -15.461421967 -0.040283151 -0.004844954 0.999176621 156.576568604
0.999088287 -0.013199111 0.040598620 10.592052460 0.012915893 0.999890387 0.007230445 -15.686683655 -0.040689606 -0.006699487 0.999149382 158.826156616
0.999031305 -0.012619679 0.042155746 10.771333694 0.012290619 0.999891996 0.008055890 -15.900546074 -0.042252857 -0.007529965 0.999078631 161.062667847
0.999014318 -0.011322484 0.042920481 10.943447113 0.010902466 0.999890506 0.010007485 -16.119998932 -0.043029092 -0.009529685 0.999028325 163.358383179
0.998974144 -0.010903239 0.043951754 11.126422882 0.010513884 0.999903440 0.009080206 -16.322265625 -0.044046521 -0.008608787 0.998992383 165.624557495
0.998930931 -0.010331547 0.045057707 11.320728302 0.009993332 0.999920189 0.007725133 -16.534545898 -0.045133926 -0.007266597 0.998954535 167.875747681
0.998850882 -0.008498031 0.047166213 11.507291794 0.008129841 0.999935091 0.007992524 -16.748424530 -0.047231067 -0.007599885 0.998855114 170.110443115
0.998725235 -0.008223141 0.049801461 11.698059082 0.007813768 0.999934137 0.008409179 -16.978361130 -0.049867332 -0.008009323 0.998723686 172.400497437
0.998607993 -0.008346289 0.052079923 11.902027130 0.007920850 0.999933600 0.008369977 -17.192914963 -0.052146319 -0.007945809 0.998607814 174.670501709
0.998525202 -0.008179002 0.053670306 12.113481522 0.007709404 0.999930203 0.008950897 -17.408723831 -0.053739768 -0.008523929 0.998518586 176.931838989
0.998477578 -0.008616942 0.054483585 12.317189217 0.008097824 0.999919772 0.009741607 -17.615856171 -0.054563157 -0.009285577 0.998467147 179.156524658
0.998455405 -0.010258695 0.054605663 12.531419754 0.009748515 0.999906361 0.009601195 -17.839263916 -0.054699048 -0.009054041 0.998461783 181.420776367
0.998399317 -0.011292698 0.055419549 12.730159760 0.010781030 0.999896467 0.009522921 -18.050821304 -0.055521350 -0.008910198 0.998417735 183.670043945
0.998478711 -0.012560395 0.053688142 12.962924957 0.012073873 0.999883115 0.009376792 -18.273092270 -0.053799644 -0.008714304 0.998513639 185.904663086
0.998482704 -0.014305838 0.053175770 13.174971581 0.013776923 0.999852061 0.010299862 -18.487621307 -0.053315245 -0.009551634 0.998532057 188.154571533
0.998489797 -0.015099481 0.052821070 13.386455536 0.014592402 0.999843776 0.009972519 -18.695426941 -0.052963406 -0.009186673 0.998554230 190.395660400
0.998464942 -0.016320746 0.052928172 13.592960358 0.015816562 0.999825537 0.009930830 -18.912868500 -0.053081002 -0.009078444 0.998548925 192.634017944
0.998431444 -0.017362298 0.053226374 13.785309792 0.016871925 0.999811053 0.009648531 -19.118247986 -0.053383835 -0.008735367 0.998535872 194.871475220
0.998467028 -0.017888235 0.052379847 14.023260117 0.017396437 0.999800444 0.009830064 -19.347951889 -0.052545238 -0.008903772 0.998578787 197.155059814
0.998476684 -0.015719576 0.052887466 14.227590561 0.015224754 0.999836624 0.009746066 -19.553762436 -0.053032022 -0.008926023 0.998552859 199.397201538
0.998489141 -0.013730305 0.053206731 14.432874680 0.013234979 0.999865770 0.009650684 -19.770362854 -0.053332090 -0.008931910 0.998536885 201.627273560
0.998467505 -0.013141076 0.053756837 14.646968842 0.012687389 0.999881029 0.008772182 -19.978307724 -0.053865712 -0.008076703 0.998515546 203.885009766
0.998420835 -0.013573281 0.054511707 14.848464966 0.013082248 0.999870598 0.009354618 -20.183677673 -0.054631628 -0.008626709 0.998469293 206.110580444
0.998415530 -0.014789755 0.054293152 15.085277557 0.014293972 0.999852538 0.009508582 -20.401126862 -0.054425776 -0.008717448 0.998479724 208.371246338
0.998346746 -0.014372622 0.055653512 15.291558266 0.013865978 0.999858916 0.009479048 -20.599348068 -0.055781897 -0.008691685 0.998405218 210.615783691
0.998293936 -0.014521276 0.056554187 15.524889946 0.013914143 0.999841392 0.011114453 -20.830245972 -0.056706607 -0.010308585 0.998337686 212.858612061
0.998224735 -0.013123102 0.058096334 15.760898590 0.012474615 0.999855816 0.011510936 -21.039337158 -0.058239024 -0.010765770 0.998244703 215.092132568
0.998040140 -0.011191449 0.061568446 15.960479736 0.010505416 0.999879122 0.011455080 -21.239244461 -0.061689209 -0.010785826 0.998037100 217.336303711
0.997900367 -0.011126272 0.063803643 16.187629700 0.010387961 0.999875247 0.011891712 -21.444698334 -0.063927993 -0.011203956 0.997891605 219.576492310
0.997768879 -0.012560486 0.065570623 16.423433304 0.011779455 0.999855101 0.012284382 -21.645019531 -0.065715417 -0.011484587 0.997772336 221.813400269
0.997658908 -0.014038629 0.066930182 16.660011292 0.013185480 0.999826252 0.013171636 -21.846347809 -0.067103468 -0.012258291 0.997670710 224.052291870
0.997586727 -0.016063824 0.067547023 16.909526825 0.015235737 0.999802470 0.012756772 -22.058982849 -0.067738600 -0.011696857 0.997634530 226.285202026
0.997553349 -0.017380398 0.067713700 17.153249741 0.016578596 0.999785781 0.012385166 -22.256929398 -0.067914456 -0.011232265 0.997627914 228.535842896
0.997496068 -0.017696798 0.068470784 17.393762589 0.016879212 0.999779344 0.012500883 -22.457122803 -0.068676874 -0.011313851 0.997574806 230.776184082
0.997449279 -0.018999055 0.068804018 17.646579742 0.018249718 0.999767303 0.011503180 -22.661136627 -0.069006555 -0.010218185 0.997563899 233.031356812
0.997381270 -0.019997381 0.069503911 17.886989594 0.019156298 0.999735296 0.012746781 -22.862504959 -0.069740407 -0.011381964 0.997500181 235.267395020
0.997407436 -0.019191980 0.069354698 18.165611267 0.018356562 0.999751210 0.012663002 -23.066757202 -0.069580466 -0.011357060 0.997511685 237.544052124
0.997376919 -0.019015903 0.069840603 18.408985138 0.018193701 0.999757707 0.012389836 -23.263561249 -0.070059292 -0.011086680 0.997481167 239.775390625
0.997335374 -0.019087218 0.070411906 18.656805038 0.018219292 0.999750197 0.012948211 -23.472991943 -0.070641465 -0.011630853 0.997433901 242.010787964
0.997293651 -0.019279443 0.070947222 18.904594421 0.018409371 0.999747336 0.012897226 -23.668888092 -0.071177945 -0.011556229 0.997396708 244.255126953
0.997255921 -0.019592682 0.071391270 19.154508591 0.018764922 0.999748886 0.012247053 -23.878120422 -0.071613297 -0.010873795 0.997373223 246.490661621
0.997262657 -0.019224593 0.071397565 19.410856247 0.018448707 0.999763548 0.011510728 -24.084754944 -0.071601987 -0.010162026 0.997381508 248.729125977
0.997237265 -0.019534558 0.071667634 19.668603897 0.018717445 0.999752045 0.012055465 -24.291122437 -0.071885385 -0.010680723 0.997355700 250.973205566
0.997214913 -0.020910989 0.071589939 19.926586151 0.020100916 0.999725699 0.012017384 -24.495874405 -0.071821600 -0.010544891 0.997361779 253.198104858
0.997199714 -0.020901350 0.071803674 20.185516357 0.020035245 0.999717832 0.012761376 -24.699329376 -0.072050132 -0.011287036 0.997337162 255.448516846
0.997175574 -0.021721685 0.071895838 20.429546356 0.020844501 0.999699175 0.012928721 -24.903434753 -0.072155029 -0.011393571 0.997328401 257.667633057
0.997147202 -0.022069275 0.072182387 20.699436188 0.021152498 0.999685884 0.013440810 -25.109325409 -0.072456352 -0.011875627 0.997300863 259.939575195
0.997116983 -0.021627072 0.072732605 20.957561493 0.020748625 0.999702632 0.012811791 -25.307386398 -0.072988056 -0.011265753 0.997269213 262.181335449
0.997091174 -0.021657629 0.073075876 21.219635010 0.020818412 0.999708533 0.012226524 -25.506305695 -0.073319368 -0.010669639 0.997251391 264.441162109
0.997072637 -0.020953570 0.073533177 21.482936859 0.020143388 0.999728084 0.011742385 -25.713693619 -0.073759228 -0.010226803 0.997223735 266.681610107
0.997000575 -0.020187462 0.074715622 21.741313934 0.019361220 0.999743342 0.011766406 -25.914215088 -0.074933983 -0.010284529 0.997135401 268.928833008
0.996878207 -0.019839415 0.076421298 21.990972519 0.019020295 0.999753773 0.011431570 -26.129926682 -0.076629281 -0.009942327 0.997009993 271.184448242
0.996780694 -0.020509852 0.077508576 22.265161514 0.019659448 0.999738038 0.011718967 -26.337854385 -0.077728629 -0.010157462 0.996922731 273.433959961
0.996594608 -0.020916535 0.079761520 22.517976761 0.019979341 0.999721885 0.012530072 -26.539768219 -0.080001429 -0.010893818 0.996735215 275.676239014
0.996481538 -0.020856250 0.081175864 22.794170380 0.019825177 0.999712527 0.013487121 -26.731695175 -0.081433795 -0.011830340 0.996608555 277.916015625
0.996432006 -0.019845767 0.082033075 23.086288452 0.018675800 0.999713004 0.015004939 -26.948919296 -0.082307294 -0.013419368 0.996516645 280.186706543
0.996333480 -0.019582935 0.083283573 23.367769241 0.018276069 0.999698102 0.016425297 -27.155128479 -0.083580069 -0.014842978 0.996390462 282.419860840
0.996260583 -0.018523479 0.084390342 23.641769409 0.017211320 0.999719799 0.016249878 -27.344387054 -0.084667705 -0.014736646 0.996300280 284.658721924
0.996180117 -0.017488327 0.085553169 23.912864685 0.016224179 0.999748945 0.015449250 -27.534576416 -0.085801885 -0.014002207 0.996213794 286.881713867
0.996125638 -0.017301226 0.086224005 24.194351196 0.016092736 0.999762535 0.014691275 -27.725257874 -0.086457700 -0.013246775 0.996167421 289.127227783
0.996048152 -0.018002955 0.086971708 24.467525482 0.016782559 0.999750435 0.014743056 -27.926189423 -0.087215424 -0.013225187 0.996101677 291.353027344
0.995989382 -0.017871363 0.087668568 24.734638214 0.016698498 0.999761224 0.014093719 -28.126266479 -0.087899506 -0.012573260 0.996050000 293.610290527
0.996018827 -0.018473525 0.087208129 25.024175644 0.017385148 0.999761522 0.013223326 -28.322469711 -0.087431610 -0.011654554 0.996102333 295.842529297
0.996005476 -0.018406384 0.087374210 25.306879044 0.017335642 0.999765217 0.012997764 -28.520837784 -0.087592937 -0.011431157 0.996090770 298.081268311
0.996007085 -0.017586304 0.087525368 25.591464996 0.016510712 0.999779165 0.012997821 -28.717388153 -0.087734632 -0.011500816 0.996077478 300.320007324
0.995960116 -0.017707964 0.088034905 25.860025406 0.016538279 0.999765337 0.013998362 -28.922859192 -0.088262126 -0.012485865 0.996019006 302.560150146
0.995970547 -0.018294312 0.087795235 26.152381897 0.017115861 0.999753296 0.014156912 -29.122064590 -0.088032566 -0.012597173 0.996037960 304.814849854
0.995940089 -0.017839940 0.088232704 26.441501617 0.016622311 0.999756455 0.014515807 -29.323621750 -0.088470176 -0.012990242 0.995994031 307.063842773
0.995937765 -0.019024650 0.088011600 26.730037689 0.017811473 0.999735475 0.014549207 -29.529796600 -0.088265114 -0.012922488 0.996013165 309.319366455
0.995881498 -0.020113479 0.088405423 27.016593933 0.018847283 0.999707818 0.015134159 -29.729629517 -0.088683993 -0.013405626 0.995969594 311.587677002
0.995858014 -0.019882089 0.088721052 27.308086395 0.018692689 0.999724209 0.014216935 -29.926383972 -0.088979237 -0.012499613 0.995955050 313.835083008
0.995877504 -0.019607512 0.088563442 27.603197098 0.018347962 0.999718785 0.015013861 -30.129756927 -0.088832930 -0.013327009 0.995957375 316.080902100
0.995831251 -0.017723519 0.089476377 27.890426636 0.016524483 0.999763727 0.014123675 -30.329452515 -0.089705549 -0.012586246 0.995888770 318.326263428
0.995823205 -0.016333092 0.089829564 28.172031403 0.015065297 0.999777377 0.014773310 -30.528785706 -0.090050846 -0.013358294 0.995847583 320.565063477
0.995751560 -0.014895637 0.090867706 28.452920914 0.013630690 0.999801695 0.014525493 -30.728534698 -0.091066040 -0.013225194 0.995757043 322.795196533
0.995701849 -0.014000408 0.091552556 28.737207413 0.012673363 0.999806285 0.015060240 -30.923309326 -0.091745660 -0.013835229 0.995686293 325.031860352
0.995709717 -0.013602807 0.091526434 29.037088394 0.012148045 0.999791086 0.016432853 -31.131027222 -0.091730863 -0.015250485 0.995666981 327.261322021
0.995672822 -0.014375413 0.091809355 29.324987411 0.012931920 0.999783456 0.016298346 -31.333116531 -0.092023782 -0.015040550 0.995643139 329.502532959
0.995678663 -0.016091965 0.091460429 29.627964020 0.014716460 0.999768555 0.015693976 -31.530021667 -0.091691807 -0.014280184 0.995685041 331.737609863
0.995683432 -0.015976585 0.091428757 29.919975281 0.014606756 0.999771118 0.015632102 -31.728137970 -0.091657564 -0.014229145 0.995688915 333.956420898
0.995671928 -0.016158611 0.091521293 30.211496353 0.014664998 0.999748468 0.016968923 -31.923461914 -0.091772474 -0.015553322 0.995658517 336.186676025
0.995720088 -0.016726937 0.090893321 30.518577576 0.015265094 0.999743104 0.016754545 -32.114662170 -0.091150232 -0.015295345 0.995719671 338.419464111
0.995710969 -0.016610270 0.091015100 30.805278778 0.015107770 0.999738395 0.017172514 -32.314376831 -0.091276519 -0.015723823 0.995701432 340.659362793
0.995776892 -0.016887082 0.090239324 31.109455109 0.015424284 0.999738514 0.016883088 -32.511524200 -0.090500824 -0.015419913 0.995777011 342.904083252
0.995792747 -0.016885854 0.090064213 31.400651932 0.015386558 0.999731779 0.017315406 -32.703250885 -0.090332426 -0.015856780 0.995785415 345.146545410
0.995832384 -0.016779898 0.089645691 31.691486359 0.015277212 0.999731481 0.017422481 -32.893783569 -0.089913979 -0.015980337 0.995821238 347.381286621
0.995897412 -0.016767023 0.088922411 31.986028671 0.015285054 0.999733150 0.017320702 -33.085636139 -0.089189097 -0.015890459 0.995887935 349.629180908
0.995915830 -0.016410716 0.088781886 32.272930145 0.014885140 0.999730349 0.017818321 -33.282287598 -0.089050375 -0.016424017 0.995891690 351.871673584
0.995945871 -0.016623041 0.088405311 32.558731079 0.015071263 0.999720931 0.018191649 -33.471969604 -0.088683039 -0.016785517 0.995918453 354.098297119
0.995962679 -0.016475685 0.088243149 32.843578339 0.014967055 0.999730766 0.017730782 -33.664573669 -0.088511512 -0.016338456 0.995941162 356.339904785
0.996007383 -0.016884964 0.087658674 33.135375977 0.015337144 0.999714851 0.018300977 -33.856437683 -0.087942697 -0.016883478 0.995982409 358.576782227
0.996059060 -0.016567128 0.087131292 33.427112579 0.014946116 0.999703467 0.019223876 -34.050079346 -0.087423928 -0.017845845 0.996011317 360.813568115
0.996123254 -0.016775642 0.086355738 33.721920013 0.015159084 0.999697983 0.019341674 -34.244068146 -0.086654134 -0.017957615 0.996076584 363.061370850
0.996172726 -0.016553570 0.085824564 34.012855530 0.014915710 0.999694884 0.019690104 -34.431976318 -0.086124323 -0.018334609 0.996115625 365.305236816
0.996215403 -0.016497560 0.085338555 34.298385620 0.014927330 0.999707878 0.019005561 -34.622295380 -0.085627176 -0.017659757 0.996170700 367.556671143
0.996227264 -0.017283544 0.085044406 34.577156067 0.015734227 0.999698400 0.018854452 -34.812942505 -0.085344642 -0.017445212 0.996198714 369.807983398
0.996221244 -0.016805494 0.085210614 34.850399017 0.015340894 0.999723613 0.017813778 -34.994014740 -0.085486434 -0.016439253 0.996203661 372.066253662
0.996273994 -0.016914846 0.084569447 35.136821747 0.015439353 0.999717414 0.018070862 -35.195320129 -0.084851220 -0.016697830 0.996253729 374.309631348
0.996354640 -0.016883384 0.083620772 35.425903320 0.015372972 0.999707460 0.018673757 -35.383502960 -0.083911590 -0.017320180 0.996322751 376.555114746
0.996289968 -0.016673347 0.084430546 35.697486877 0.015105147 0.999701977 0.019178735 -35.573604584 -0.084725171 -0.017832246 0.996244729 378.804626465
0.996290267 -0.017279604 0.084302984 35.978725433 0.015681861 0.999685347 0.019577896 -35.768180847 -0.084614746 -0.018183237 0.996247828 381.045043945
0.996311843 -0.017223077 0.084059872 36.265949249 0.015640624 0.999688506 0.019447757 -35.949268341 -0.084368646 -0.018061278 0.996270895 383.304687500
0.996319890 -0.016398326 0.084131218 36.550659180 0.014789662 0.999696374 0.019708689 -36.141223907 -0.084428884 -0.018391889 0.996259749 385.559783936
0.996332705 -0.015372222 0.084171161 36.833827972 0.013757852 0.999710679 0.019726209 -36.324272156 -0.084450066 -0.018495850 0.996256053 387.827819824
0.996352255 -0.014246233 0.084137827 37.122959137 0.012638995 0.999727905 0.019604301 -36.519523621 -0.084394194 -0.018469371 0.996261358 390.105957031
0.996345937 -0.012745316 0.084453188 37.398822784 0.011121725 0.999744713 0.019667407 -36.713470459 -0.084682301 -0.018656278 0.996233344 392.384552002
0.996361971 -0.011634548 0.084424607 37.681442261 0.009882034 0.999727547 0.021146623 -36.902420044 -0.084647633 -0.020235410 0.996205389 394.648406982
0.996295571 -0.010696672 0.085326925 37.951839447 0.008904774 0.999732316 0.021353403 -37.087745667 -0.085532486 -0.020514484 0.996124148 396.918090820
0.996230423 -0.010284422 0.086134642 38.228569031 0.008587757 0.999762177 0.020045230 -37.283840179 -0.086320318 -0.019229969 0.996081769 399.182647705
0.996172607 -0.010094394 0.086822733 38.505043030 0.008437460 0.999775589 0.019429959 -37.472637177 -0.086999387 -0.018623030 0.996034265 401.447387695
0.996018827 -0.011043916 0.088456571 38.773429871 0.009256901 0.999745190 0.020587010 -37.657176971 -0.088661410 -0.019686216 0.995867252 403.697174072
0.996070504 -0.012578759 0.087667137 39.072551727 0.010738308 0.999712586 0.021433743 -37.846767426 -0.087911561 -0.020408116 0.995919228 405.975311279
0.996019661 -0.013115281 0.088163584 39.356609344 0.011260967 0.999705493 0.021497240 -38.033817291 -0.088419557 -0.020418866 0.995874047 408.228851318
0.995989978 -0.011998222 0.088656545 39.658382416 0.010228992 0.999739885 0.020383496 -38.213546753 -0.088878036 -0.019394889 0.995853662 410.492095947
0.995928049 -0.011490582 0.089416333 39.943054199 0.009646725 0.999732316 0.021025954 -38.407398224 -0.089634001 -0.020077761 0.995772362 412.750366211
0.995873094 -0.009480462 0.090260178 40.245693207 0.007661690 0.999760985 0.020475533 -38.603157043 -0.090432733 -0.019699480 0.995707810 415.004974365
0.995789766 -0.008482720 0.091273174 40.540798187 0.006634641 0.999767184 0.020532219 -38.790889740 -0.091426089 -0.019840209 0.995614171 417.273742676
0.995735526 -0.008819666 0.091830790 40.839408875 0.006965290 0.999765694 0.020494346 -38.981960297 -0.091990024 -0.019767320 0.995563686 419.527801514
0.995650828 -0.008777791 0.092748135 41.131763458 0.006904550 0.999765992 0.020498702 -39.167491913 -0.092906363 -0.019769169 0.995478570 421.784027100
0.995567620 -0.009072501 0.093611032 41.422004700 0.007212671 0.999770164 0.020186892 -39.356872559 -0.093772687 -0.019422229 0.995404184 424.043365479
0.995520055 -0.009586633 0.094063640 41.725540161 0.007602628 0.999741495 0.021427901 -39.545967102 -0.094244741 -0.020616774 0.995335579 426.315002441
0.995460927 -0.008855104 0.094757371 42.020507812 0.006796848 0.999734402 0.022022087 -39.731479645 -0.094927214 -0.021278081 0.995256782 428.572845459
0.995390534 -0.008160483 0.095556661 42.327220917 0.006012104 0.999723136 0.022749154 -39.915420532 -0.095715836 -0.022069793 0.995163977 430.853668213
0.995383203 -0.008560615 0.095597230 42.633834839 0.006392455 0.999715805 0.022963410 -40.105091095 -0.095766656 -0.022246294 0.995155215 433.123962402
0.995364130 -0.009304390 0.095727287 42.944698334 0.007180962 0.999720991 0.022502717 -40.297584534 -0.095909953 -0.021710984 0.995153189 435.391143799
0.995360494 -0.008286073 0.095857680 43.257465363 0.006163114 0.999729514 0.022421913 -40.465625763 -0.096017540 -0.021727107 0.995142460 437.661407471
0.995302081 -0.008741380 0.096423037 43.562774658 0.006573375 0.999718904 0.022779085 -40.652416229 -0.096595064 -0.022038247 0.995079696 439.944213867
0.995351553 -0.008925616 0.095894210 43.879768372 0.006771411 0.999717712 0.022766382 -40.832836151 -0.096070357 -0.022011217 0.995131135 442.218933105
0.995349646 -0.007850894 0.096006788 44.207962036 0.005604198 0.999704599 0.023648713 -41.024032593 -0.096164100 -0.023000697 0.995099664 444.520538330
0.995313585 -0.008321349 0.096340559 44.516330719 0.006054986 0.999698579 0.023792995 -41.203140259 -0.096509524 -0.023098158 0.995063961 446.795410156
0.995306432 -0.008191258 0.096426360 44.820255280 0.005976543 0.999712169 0.023234406 -41.385921478 -0.096588925 -0.022549057 0.995068908 449.059143066
0.995308220 -0.007369597 0.096473940 45.130104065 0.005177529 0.999723017 0.022952521 -41.571643829 -0.096616380 -0.022345336 0.995070755 451.315155029
0.995259166 -0.006927815 0.097011335 45.434741974 0.004745738 0.999730945 0.022705708 -41.760513306 -0.097142532 -0.022137674 0.995024264 453.578369141
0.995194197 -0.006294559 0.097718470 45.739734650 0.004094990 0.999734104 0.022693504 -41.935386658 -0.097835332 -0.022184283 0.994955301 455.855072021
0.995150864 -0.006602548 0.098138623 46.036979675 0.004400108 0.999733984 0.022641644 -42.128295898 -0.098261997 -0.022100030 0.994915128 458.116271973
0.995201111 -0.005638217 0.097688079 46.366294861 0.003550105 0.999761701 0.021535948 -42.307960510 -0.097786248 -0.021085797 0.994984031 460.406921387
0.995184004 -0.004852930 0.097904541 46.677837372 0.002696694 0.999751091 0.022144184 -42.496395111 -0.097987644 -0.021773517 0.994949400 462.693847656
0.995173872 -0.004347046 0.098030843 46.984924316 0.002061018 0.999723852 0.023408700 -42.680168152 -0.098105535 -0.023093682 0.994907975 464.968292236
0.995199859 -0.004288151 0.097768866 47.287162781 0.001993460 0.999720454 0.023556191 -42.857822418 -0.097842537 -0.023248222 0.994930267 467.235443115
0.995334923 -0.004587197 0.096371002 47.609760284 0.002436951 0.999745667 0.022418035 -43.042030334 -0.096449316 -0.022078604 0.995092988 469.520324707
0.995382190 -0.004385919 0.095890678 47.924163818 0.002285871 0.999755502 0.021999335 -43.230247498 -0.095963724 -0.021678556 0.995148718 471.813964844
0.995492578 -0.004911154 0.094712332 48.237236023 0.002728342 0.999727905 0.023162495 -43.423377991 -0.094800308 -0.022799682 0.995235205 474.095703125
0.995445371 -0.004980606 0.095203079 48.528202057 0.002757034 0.999720633 0.023473376 -43.608974457 -0.095293395 -0.023103982 0.995181084 476.378356934
0.995558619 -0.005141274 0.094003350 48.835018158 0.002979040 0.999728084 0.023127539 -43.783596039 -0.094096705 -0.022744780 0.995303154 478.665985107
0.995547712 -0.005381358 0.094104752 49.133365631 0.003141749 0.999708652 0.023931088 -43.970012665 -0.094206110 -0.023528891 0.995274603 480.945281982
0.995614827 -0.005893400 0.093361460 49.444747925 0.003639545 0.999698281 0.024293071 -44.150585175 -0.093476459 -0.023846745 0.995335877 483.220611572
0.995593727 -0.006535232 0.093543813 49.735462189 0.004339349 0.999710739 0.023658562 -44.333618164 -0.093671352 -0.023148397 0.995334029 485.510345459
0.995714843 -0.007250040 0.092192128 50.049594879 0.005014947 0.999688506 0.024452461 -44.525642395 -0.092340678 -0.023885345 0.995440900 487.828643799
0.995787203 -0.007740256 0.091367178 50.350715637 0.005470883 0.999670863 0.025062313 -44.706336975 -0.091531113 -0.024456872 0.995501816 490.109466553
0.995706856 -0.006894045 0.092304751 50.608219147 0.004596105 0.999674737 0.025084605 -44.894351959 -0.092447661 -0.024552671 0.995414734 492.385253906
0.995788336 -0.006251592 0.091468379 50.920234680 0.003954124 0.999672592 0.025277318 -45.068931580 -0.091596454 -0.024809182 0.995487094 494.673278809
0.995788634 -0.006109414 0.091474697 51.207576752 0.003835444 0.999679744 0.025014192 -45.248901367 -0.091598228 -0.024558002 0.995493114 496.975555420
0.995807588 -0.005774369 0.091289937 51.515586853 0.003524191 0.999686420 0.024790702 -45.438461304 -0.091404483 -0.024365045 0.995515704 499.298583984
0.995829821 -0.005856222 0.091042042 51.809440613 0.003556247 0.999670923 0.025404498 -45.617153168 -0.091160864 -0.024974788 0.995522916 501.594085693
0.995823264 -0.005722525 0.091123849 52.099239349 0.003377575 0.999659657 0.025867105 -45.801338196 -0.091240853 -0.025451284 0.995503545 503.873260498
0.995864928 -0.004545506 0.090731725 52.397865295 0.002287758 0.999685526 0.024972279 -45.979789734 -0.090816706 -0.024661446 0.995562196 506.172698975
0.995821595 -0.003961719 0.091233477 52.681846619 0.001633915 0.999671578 0.025575373 -46.161041260 -0.091304824 -0.025319442 0.995501041 508.462219238
0.995852232 -0.004583979 0.090870105 52.981086731 0.002359018 0.999695122 0.024577362 -46.341743469 -0.090955064 -0.024261054 0.995559454 510.747894287
0.995889485 -0.005335856 0.090419628 53.285701752 0.003035636 0.999668658 0.025557831 -46.530017853 -0.090526052 -0.025178295 0.995575786 513.043762207
0.995919764 -0.005071217 0.090101980 53.584354401 0.002747355 0.999660850 0.025896793 -46.710426331 -0.090202756 -0.025543584 0.995595813 515.341735840
0.995926559 -0.004508279 0.090055212 53.876102448 0.002207734 0.999669015 0.025629243 -46.889690399 -0.090140946 -0.025326025 0.995607078 517.638488770
0.995913327 -0.003520450 0.090245560 54.163352966 0.001238717 0.999678433 0.025327154 -47.070907593 -0.090305716 -0.025111862 0.995597482 519.940185547
0.995895863 -0.002054540 0.090483062 54.464305878 -0.000261570 0.999672711 0.025577867 -47.258026123 -0.090506025 -0.025496563 0.995569468 522.268188477
0.995776892 0.000139204 0.091804735 54.747070312 -0.002508673 0.999666572 0.025694979 -47.436798096 -0.091770560 -0.025816780 0.995445430 524.589172363
0.995746911 0.001534390 0.092118293 55.044616699 -0.004028767 0.999630034 0.026898133 -47.608173370 -0.092042930 -0.027154855 0.995384693 526.899536133
0.995665669 0.000960467 0.092999950 55.332241058 -0.003482688 0.999630332 0.026962174 -47.787544250 -0.092939682 -0.027169194 0.995301008 529.200195312
0.995634437 -0.001172887 0.093330994 55.632469177 -0.001486039 0.999595106 0.028414600 -47.961608887 -0.093326539 -0.028429251 0.995229542 531.502807617
0.995600343 -0.002956916 0.093654588 55.946716309 0.000327400 0.999605656 0.028079676 -48.134391785 -0.093700685 -0.027925469 0.995208681 533.813049316
0.995574474 -0.002930394 0.093930103 56.247383118 0.000347482 0.999621689 0.027502799 -48.308906555 -0.093975157 -0.027348446 0.995198846 536.113098145
0.995501041 -0.003057980 0.094701342 56.557403564 0.000499557 0.999634564 0.027027631 -48.481704712 -0.094749384 -0.026858727 0.995138764 538.431091309
0.995438039 -0.002448686 0.095378608 56.859878540 -0.000080301 0.999648750 0.026502388 -48.662078857 -0.095409997 -0.026389141 0.995088220 540.738830566
0.995360136 -0.001723148 0.096203521 57.169094086 -0.000795753 0.999657989 0.026138537 -48.839805603 -0.096215665 -0.026093815 0.995018363 543.063293457
0.995319724 -0.001300556 0.096627899 57.487995148 -0.001132124 0.999683857 0.025116675 -49.017250061 -0.096630014 -0.025108516 0.995003700 545.385498047
0.995183408 -0.001487050 0.098018564 57.783748627 -0.001052737 0.999665141 0.025854476 -49.208694458 -0.098024197 -0.025833139 0.994848669 547.719665527
0.995135009 -0.001672114 0.098505616 58.096740723 -0.000948791 0.999646962 0.026553795 -49.388843536 -0.098515250 -0.026518079 0.994782150 550.033081055
0.995069921 -0.001420508 0.099166162 58.402378082 -0.001206104 0.999650121 0.026422005 -49.564189911 -0.099169016 -0.026411345 0.994720101 552.340270996
0.995079637 -0.003258577 0.099024415 58.724655151 0.000666166 0.999656379 0.026201306 -49.757797241 -0.099075787 -0.026006423 0.994740009 554.647705078
0.995111406 -0.003212512 0.098705821 59.052581787 0.000586191 0.999645293 0.026625045 -49.936874390 -0.098756351 -0.026437031 0.994760394 556.966552734
0.995055795 -0.002839061 0.099276960 59.366123199 0.000159803 0.999635816 0.026985256 -50.113491058 -0.099317402 -0.026835974 0.994693875 559.274353027
0.995027900 -0.001974361 0.099576771 59.685890198 -0.000830879 0.999604166 0.028122291 -50.291175842 -0.099592887 -0.028065203 0.994632363 561.606872559
0.995015979 -0.002435446 0.099685632 60.011455536 -0.000418861 0.999590755 0.028602147 -50.466049194 -0.099714488 -0.028501349 0.994607806 563.942932129
0.994983017 -0.001665140 0.100029320 60.335083008 -0.001282716 0.999566972 0.029398384 -50.640876770 -0.100034952 -0.029379206 0.994550049 566.262939453
0.994932950 -0.000642281 0.100539640 60.660144806 -0.002266634 0.999582171 0.028816100 -50.818481445 -0.100516148 -0.028897971 0.994515657 568.582031250
0.994948447 0.000340058 0.100386873 60.998992920 -0.003080334 0.999626815 0.027143400 -50.986572266 -0.100340180 -0.027315509 0.994578183 570.919433594
0.994892955 0.000742589 0.100933053 61.329181671 -0.003510672 0.999622583 0.027250079 -51.163791656 -0.100874715 -0.027465258 0.994520009 573.240783691
0.994921923 0.000650492 0.100647710 61.666427612 -0.003536121 0.999587595 0.028494852 -51.351173401 -0.100587688 -0.028706050 0.994513988 575.627380371
0.994924068 0.000615330 0.100626811 62.001670837 -0.003640940 0.999546647 0.029886741 -51.533607483 -0.100562803 -0.030101415 0.994475186 577.940917969
0.994870305 0.001203649 0.101151295 62.331779480 -0.004077120 0.999593854 0.028205728 -51.711639404 -0.101076245 -0.028473448 0.994471133 580.334533691
0.994910359 0.000511113 0.100762710 62.662807465 -0.003345144 0.999603510 0.027958838 -51.881820679 -0.100708462 -0.028153606 0.994517624 582.675292969
0.994889498 0.000062362 0.100969046 62.992317200 -0.003059726 0.999559164 0.029531369 -52.069580078 -0.100922704 -0.029689388 0.994451165 584.999877930
0.994951785 0.000284756 0.100353375 63.322387695 -0.003302686 0.999547243 0.029908178 -52.244907379 -0.100299418 -0.030088633 0.994502246 587.321105957
0.994866252 -0.002519677 0.101167120 63.649330139 -0.000348524 0.999598742 0.028323432 -52.422340393 -0.101197883 -0.028213292 0.994466126 589.677978516
0.994914472 -0.002731069 0.100686118 63.987678528 -0.000099814 0.999605119 0.028100170 -52.591949463 -0.100723103 -0.027967317 0.994521320 592.025512695
0.994916558 -0.004438141 0.100604765 64.311897278 0.001563918 0.999588788 0.028630346 -52.768997192 -0.100690447 -0.028327469 0.994514465 594.360107422
0.994972348 -0.005335091 0.100007184 64.652503967 0.002452119 0.999578416 0.028928446 -52.945884705 -0.100119352 -0.028537776 0.994566023 596.717163086
