1.000000000 0.000000000 0.000000000 0.000000000 0.000000000 1.000000000 0.000000000 0.000000000 0.000000000 0.000000000 1.000000000 0.000000000
0.999999881 0.000072519 0.000477624 0.088827863 -0.000072464 1.000000000 -0.000113990 -0.228407755 -0.000477632 0.000113956 0.999999881 2.293807983
0.999999285 0.000260960 0.001176508 0.167005554 -0.000261505 0.999999881 0.000463099 -0.468934566 -0.001176387 -0.000463406 0.999999166 4.581981182
0.999998391 -0.000175994 0.001791391 0.263881505 0.000174931 0.999999762 0.000593478 -0.700081587 -0.001791495 -0.000593163 0.999998212 6.869336128
0.999996305 -0.000181915 0.002683081 0.358786911 0.000184656 0.999999464 -0.001021092 -0.934623301 -0.002682894 0.001021584 0.999995828 9.167034149
0.999987066 0.001535523 0.004838319 0.449375927 -0.001537257 0.999998748 0.000354781 -1.170237899 -0.004837769 -0.000362214 0.999988258 11.474462509
0.999971807 0.003079667 0.006845561 0.558979273 -0.003089963 0.999994099 0.001493896 -1.405173182 -0.006840921 -0.001515007 0.999975443 13.756566048
0.999952495 0.003006941 0.009270851 0.663698077 -0.003046041 0.999986529 0.004206193 -1.634416223 -0.009258077 -0.004234232 0.999948144 16.028326035
0.999946415 0.002847786 0.009955214 0.768472612 -0.002901267 0.999981403 0.005361863 -1.860957623 -0.009939759 -0.005390459 0.999935985 18.332946777
0.999928415 0.001917610 0.011808637 0.874311149 -0.001983140 0.999982655 0.005540055 -2.085689545 -0.011797807 -0.005563076 0.999914885 20.626607895
0.999931931 -0.000633438 0.011651240 0.996969819 0.000593797 0.999994040 0.003405464 -2.316563845 -0.011653328 -0.003398314 0.999926329 22.919282913
0.999918044 -0.002895137 0.012474744 1.104845285 0.002869549 0.999993742 0.002068568 -2.542489529 -0.012480655 -0.002032602 0.999920011 25.199501038
0.999915898 -0.003621642 0.012450254 1.239335179 0.003611751 0.999993145 0.000816862 -2.785595655 -0.012453125 -0.000771826 0.999922097 27.525859833
0.999896705 -0.003282722 0.013996447 1.338291287 0.003285812 0.999994636 -0.000197823 -3.009499788 -0.013995721 0.000243792 0.999902010 29.813928604
0.999898791 -0.001067493 0.014186804 1.471455932 0.001036123 0.999997020 0.002218368 -3.236329794 -0.014189132 -0.002203444 0.999896884 32.072990417
0.999903381 0.000851927 0.013877045 1.603563070 -0.000914075 0.999989629 0.004472733 -3.456853151 -0.013873091 -0.004484986 0.999893665 34.352535248
0.999875486 0.003113193 0.015464561 1.724255085 -0.003243117 0.999959588 0.008383431 -3.687675953 -0.015437836 -0.008432542 0.999845266 36.676296234
0.999862909 0.005025601 0.015777944 1.845944285 -0.005150682 0.999955535 0.007897006 -3.904572487 -0.015737554 -0.007977191 0.999844253 38.947711945
0.999819696 0.004473159 0.018455759 1.939790606 -0.004594861 0.999967933 0.006557161 -4.110380173 -0.018425837 -0.006640780 0.999808192 41.247154236
0.999827266 0.001945190 0.018483475 2.067709446 -0.002046582 0.999982953 0.005468213 -4.333981514 -0.018472524 -0.005505096 0.999814272 43.521614075
0.999831378 0.001697345 0.018284833 2.199284077 -0.001772201 0.999990106 0.004078481 -4.553867817 -0.018277729 -0.004110198 0.999824524 45.772388458
0.999832809 0.001013481 0.018256752 2.325529575 -0.001072577 0.999994218 0.003227403 -4.783644199 -0.018253375 -0.003246445 0.999828219 48.043270111
0.999832094 -0.000456973 0.018314408 2.460185528 0.000393309 0.999993801 0.003479649 -5.009380817 -0.018315881 -0.003471862 0.999826193 50.320175171
0.999812841 -0.000803770 0.019329999 2.587259531 0.000730742 0.999992549 0.003784742 -5.230838299 -0.019332899 -0.003769908 0.999805927 52.583332062
0.999808252 -0.002036792 0.019471211 2.723019838 0.001964152 0.999991000 0.003749034 -5.459899902 -0.019478669 -0.003710071 0.999803364 54.865345001
0.999775589 -0.002400253 0.021049051 2.842914581 0.002316829 0.999989390 0.003986837 -5.687549591 -0.021058397 -0.003937175 0.999770522 57.154186249
0.999760032 -0.003589372 0.021615606 2.980877399 0.003493597 0.999983907 0.004466950 -5.912098408 -0.021631289 -0.004390362 0.999756336 59.421546936
0.999716997 -0.004783093 0.023304161 3.102736473 0.004696409 0.999981880 0.003772953 -6.136250019 -0.023321785 -0.003662440 0.999721229 61.693977356
0.999698222 -0.005323939 0.023978783 3.249956131 0.005238195 0.999979615 0.003637219 -6.361669540 -0.023997659 -0.003510517 0.999705791 63.946479797
0.999663472 -0.004841803 0.025484500 3.386825085 0.004739815 0.999980509 0.004060811 -6.582789421 -0.025503665 -0.003938653 0.999666989 66.217376709
0.999643266 -0.003848507 0.026429718 3.535594463 0.003731904 0.999983013 0.004459718 -6.811236858 -0.026446436 -0.004359493 0.999640644 68.472602844
0.999602556 -0.004088401 0.027891476 3.672576904 0.003972325 0.999983251 0.004215830 -7.037884712 -0.027908241 -0.004103359 0.999602199 70.725120544
0.999587655 -0.004795120 0.028310703 3.832623005 0.004712027 0.999984384 0.003001026 -7.264069080 -0.028324654 -0.002866387 0.999594688 72.977149963
0.999574423 -0.005730362 0.028603494 3.993303061 0.005635373 0.999978364 0.003400392 -7.491025925 -0.028622363 -0.003237754 0.999584973 75.254539490
0.999530375 -0.006884201 0.029861856 4.152424812 0.006808992 0.999973416 0.002619545 -7.720129967 -0.029879097 -0.002414986 0.999550521 77.519348145
0.999514520 -0.007768703 0.030169768 4.304505825 0.007685521 0.999966323 0.002872095 -7.952818394 -0.030191064 -0.002638832 0.999540687 79.751541138
0.999480903 -0.008325838 0.031120006 4.452221870 0.008244587 0.999962270 0.002738243 -8.172564507 -0.031141633 -0.002480250 0.999511957 82.007621765
0.999464810 -0.007268832 0.031895399 4.628015518 0.007191098 0.999970913 0.002551181 -8.407524109 -0.031913020 -0.002320452 0.999487877 84.280876160
0.999423444 -0.006979441 0.033226382 4.786179066 0.006881154 0.999971628 0.003071503 -8.626613617 -0.033246871 -0.002841096 0.999443114 86.536132812
0.999421120 -0.006305389 0.033429574 4.957357407 0.006163171 0.999971509 0.004355585 -8.864768028 -0.033456083 -0.004147032 0.999431610 88.814666748
0.999386549 -0.005316321 0.034616146 5.115139008 0.005148200 0.999974549 0.004944043 -9.091412544 -0.034641549 -0.004762799 0.999388456 91.068733215
0.999359906 -0.005415227 0.035360292 5.284315586 0.005248004 0.999974608 0.004820187 -9.313072205 -0.035385493 -0.004631530 0.999363005 93.324096680
0.999337852 -0.005690105 0.035937995 5.454471588 0.005538596 0.999975383 0.004314011 -9.532548904 -0.035961654 -0.004112109 0.999344707 95.583412170
0.999312043 -0.006043236 0.036590621 5.625036240 0.005879638 0.999972165 0.004577001 -9.754771233 -0.036617264 -0.004358712 0.999319851 97.844810486
0.999270558 -0.005612780 0.037772913 5.785990715 0.005456784 0.999976158 0.004231660 -9.988820076 -0.037795756 -0.004022455 0.999277413 100.085449219
0.999194741 -0.005634560 0.039726384 5.937715530 0.005430909 0.999971569 0.005232382 -10.204817772 -0.039754745 -0.005012419 0.999196947 102.304443359
0.999198377 -0.005954808 0.039585978 6.142695904 0.005748919 0.999969363 0.005312868 -10.429483414 -0.039616399 -0.005081032 0.999202073 104.563507080
0.999156833 -0.006571479 0.040527470 6.318004131 0.006326099 0.999960840 0.006179935 -10.646944046 -0.040566497 -0.005918343 0.999159336 106.791023254
0.999121547 -0.007955574 0.041144565 6.499637604 0.007696074 0.999949515 0.006461571 -10.864610672 -0.041193888 -0.006139243 0.999132276 109.040107727
0.999084353 -0.009116098 0.041801393 6.685425758 0.008814147 0.999933779 0.007402113 -11.089570999 -0.041866101 -0.007026893 0.999098539 111.291160583
0.999059379 -0.009520855 0.042305265 6.874518394 0.009271149 0.999938428 0.006094772 -11.311877251 -0.042360697 -0.005696821 0.999086142 113.555274963
0.999007285 -0.009948328 0.043424811 7.056153297 0.009726292 0.999938548 0.005321439 -11.529541016 -0.043475095 -0.004893792 0.999042511 115.801956177
0.998976290 -0.010302494 0.044048004 7.237794876 0.010064282 0.999933541 0.005626349 -11.752991676 -0.044103045 -0.005177278 0.999013484 118.030807495
0.998926103 -0.010716408 0.045074940 7.427185535 0.010436787 0.999924839 0.006434248 -11.974570274 -0.045140516 -0.005956901 0.998962820 120.274040222
0.998900115 -0.011456243 0.045465555 7.631931305 0.011141677 0.999912143 0.007166125 -12.199171066 -0.045543659 -0.006651681 0.998940170 122.480178833
0.998833597 -0.011954357 0.046782173 7.825886726 0.011652029 0.999909461 0.006729838 -12.422122955 -0.046858389 -0.006176881 0.998882473 124.762794495
0.998797059 -0.012765166 0.047346689 8.015669823 0.012496378 0.999904096 0.005968725 -12.645771027 -0.047418352 -0.005369882 0.998860598 127.032546997
0.998787105 -0.014383568 0.047089979 8.211211205 0.014103972 0.999880850 0.006264415 -12.861471176 -0.047174469 -0.005592659 0.998871148 129.294708252
0.998814523 -0.015419750 0.046169348 8.403791428 0.015125264 0.999862969 0.006720976 -13.079089165 -0.046266664 -0.006014684 0.998911023 131.537765503
0.998890936 -0.015734011 0.044376209 8.607652664 0.015399945 0.999850512 0.007859911 -13.294648170 -0.044493236 -0.007167803 0.998984039 133.770278931
0.998933673 -0.016803892 0.043001480 8.791378975 0.016504113 0.999837041 0.007316944 -13.508130074 -0.043117430 -0.006599440 0.999048233 136.017074585
0.999023497 -0.017599989 0.040522441 9.006448746 0.017338352 0.999826550 0.006799019 -13.720306396 -0.040635072 -0.006089788 0.999155521 138.241058350
0.999015391 -0.018184131 0.040466692 9.181282043 0.017920589 0.999815762 0.006865888 -13.939274788 -0.040584091 -0.006133941 0.999157310 140.516265869
0.999000490 -0.018380046 0.040746957 9.352537155 0.018093886 0.999808967 0.007380603 -14.151210785 -0.040874831 -0.006635954 0.999142230 142.748367310
0.999044478 -0.018105518 0.039778307 9.543191910 0.017782306 0.999806046 0.008464201 -14.373808861 -0.039923847 -0.007748765 0.999172628 144.985092163
0.999053597 -0.017207157 0.039947327 9.720512390 0.016922517 0.999829054 0.007452643 -14.587935448 -0.040068738 -0.006769581 0.999173999 147.228942871
0.999071956 -0.016254170 0.039887086 9.906087875 0.016030289 0.999853909 0.005926364 -14.804152489 -0.039977580 -0.005281462 0.999186635 149.470901489
0.999079883 -0.014611822 0.040322766 10.084019661 0.014420623 0.999883354 0.005028524 -15.023964882 -0.040391535 -0.004442418 0.999174058 151.718200684
0.999089360 -0.013647785 0.040423278 10.272916794 0.013454255 0.999896705 0.005055767 -15.237249374 -0.040488102 -0.004507298 0.999169767 153.949707031
0.999081612 -0.013083823 0.040800832 10.455649376 0.012872842 0.999902427 0.005429428 -15.452870369 -0.040867887 -0.004899219 0.999152541 156.193710327
0.999086320 -0.012268836 0.040939018 10.651870728 0.012001405 0.999905109 0.006771800 -15.674798012 -0.041018210 -0.006274287 0.999138653 158.414443970
0.999056876 -0.011695936 0.041816182 10.849567413 0.011376976 0.999904335 0.007857480 -15.896840096 -0.041904077 -0.007374329 0.999094367 160.668533325
0.999008894 -0.010762172 0.043190707 11.026386261 0.010325870 0.999893486 0.010312163 -16.119363785 -0.043297093 -0.009855960 0.999013603 162.901428223
0.998990715 -0.010241100 0.043733533 11.223377228 0.009866077 0.999912858 0.008782464 -16.315662384 -0.043819666 -0.008342122 0.999004543 165.136108398
0.998946428 -0.009483324 0.044900164 11.415744781 0.009160146 0.999930680 0.007397977 -16.525341034 -0.044967212 -0.006978891 0.998964071 167.373214722
0.998859048 -0.007684568 0.047134615 11.598853111 0.007329934 0.999943614 0.007692127 -16.739973068 -0.047191061 -0.007337857 0.998858869 169.604248047
0.998757839 -0.007021765 0.049332120 11.805082321 0.006617154 0.999943137 0.008360345 -16.968402863 -0.049388021 -0.008023519 0.998747468 171.867080688
0.998634517 -0.007410462 0.051712781 12.004913330 0.007005555 0.999943495 0.008006793 -17.178182602 -0.051769182 -0.007633582 0.998629928 174.123611450
0.998549461 -0.007181738 0.053361341 12.213002205 0.006714928 0.999937654 0.008922240 -17.400123596 -0.053422093 -0.008550982 0.998535395 176.369934082
0.998497307 -0.007630929 0.054265849 12.418898582 0.007111682 0.999927104 0.009755271 -17.608041763 -0.054336328 -0.009354691 0.998478889 178.591003418
0.998487413 -0.009302859 0.054188374 12.623781204 0.008804163 0.999916732 0.009434452 -17.824024200 -0.054271631 -0.008943099 0.998486161 180.843093872
0.998429537 -0.010269503 0.055072568 12.821904182 0.009789213 0.999911726 0.008983743 -18.031742096 -0.055159967 -0.008430519 0.998441935 183.093551636
0.998518527 -0.011120274 0.053266127 13.048795700 0.010654654 0.999902546 0.009017395 -18.254980087 -0.053361215 -0.008436504 0.998539627 185.324951172
0.998531818 -0.012978065 0.052590452 13.257749557 0.012473255 0.999873042 0.009915759 -18.469669342 -0.052712470 -0.009245228 0.998566926 187.565338135
0.998564661 -0.013732537 0.051768973 13.468214035 0.013262152 0.999867737 0.009418802 -18.674907684 -0.051891468 -0.008718713 0.998614728 189.802276611
0.998504877 -0.015212636 0.052503064 13.670731544 0.014739987 0.999847353 0.009377855 -18.900453568 -0.052637711 -0.008589939 0.998576641 192.043579102
0.998480022 -0.016760711 0.052504439 13.869710922 0.016317794 0.999827683 0.008853177 -19.111248016 -0.052643776 -0.007982963 0.998581469 194.281768799
0.998500049 -0.016493363 0.052206725 14.084212303 0.016037511 0.999829650 0.009138643 -19.323930740 -0.052348565 -0.008287669 0.998594463 196.515884399
0.998499155 -0.014724955 0.052751023 14.295013428 0.014255060 0.999855459 0.009272966 -19.536331177 -0.052879933 -0.008507078 0.998564601 198.758987427
0.998510957 -0.011699715 0.053281736 14.491840363 0.011233062 0.999895930 0.009049271 -19.753885269 -0.053382065 -0.008437280 0.998538494 201.006896973
0.998482883 -0.011169566 0.053918548 14.704574585 0.010750093 0.999909699 0.008063501 -19.965278625 -0.054003738 -0.007471638 0.998512805 203.268859863
0.998441100 -0.011341194 0.054652110 14.905136108 0.010874217 0.999901831 0.008834352 -20.173395157 -0.054746941 -0.008226280 0.998466432 205.495437622
0.998416305 -0.012743962 0.054794185 15.133802414 0.012278650 0.999885738 0.008820299 -20.396848679 -0.054900337 -0.008133533 0.998458624 207.755920410
0.998352826 -0.012478407 0.055999592 15.342893600 0.011988403 0.999886930 0.009077569 -20.600166321 -0.056106534 -0.008391269 0.998389482 210.000000000
0.998279870 -0.012740931 0.057227518 15.560955048 0.012167654 0.999872267 0.010354847 -20.826198578 -0.057352144 -0.009640709 0.998307467 212.246627808
0.998212457 -0.011374759 0.058673616 15.799144745 0.010786444 0.999888301 0.010333914 -21.033807755 -0.058784615 -0.009682562 0.998223722 214.481231689
0.998025835 -0.009336714 0.062106855 16.009008408 0.008697763 0.999906480 0.010550337 -21.242813110 -0.062199559 -0.009989320 0.998013675 216.741943359
0.997889519 -0.009358902 0.064256914 16.237760544 0.008671722 0.999902308 0.010964878 -21.451269150 -0.064353243 -0.010384520 0.997873068 218.982498169
0.997754991 -0.010598511 0.066125967 16.471244812 0.009868029 0.999886692 0.011363753 -21.653326035 -0.066238925 -0.010685708 0.997746527 221.209991455
0.997648776 -0.011761010 0.067517839 16.707038879 0.010966306 0.999866307 0.012128856 -21.854450226 -0.067651451 -0.011359916 0.997644305 223.438491821
0.997577369 -0.013650507 0.068212010 16.953582764 0.012896414 0.999850810 0.011483306 -22.063940048 -0.068358585 -0.010575796 0.997604787 225.657501221
0.997567296 -0.015091797 0.068056047 17.202472687 0.014371233 0.999835432 0.011065033 -22.263874054 -0.068211831 -0.010060066 0.997620106 227.899642944
0.997523248 -0.015128911 0.068691291 17.439147949 0.014377958 0.999831498 0.011413597 -22.470211029 -0.068852387 -0.010397686 0.997572660 230.125869751
0.997468412 -0.016106384 0.069262445 17.686973572 0.015421158 0.999826849 0.010416578 -22.678791046 -0.069418207 -0.009322101 0.997544050 232.370391846
0.997423351 -0.017199904 0.069647864 17.936815262 0.016437192 0.999798656 0.011509370 -22.881763458 -0.069831796 -0.010334900 0.997505248 234.609771729
0.997370899 -0.016447851 0.070574306 18.182157516 0.015646849 0.999807060 0.011887626 -23.092437744 -0.070756219 -0.010752108 0.997435689 236.868545532
0.997321606 -0.016029324 0.071364619 18.416736603 0.015228909 0.999814987 0.011745951 -23.290811539 -0.071539722 -0.010627685 0.997381151 239.077438354
0.997289360 -0.016290026 0.071753621 18.660079956 0.015467891 0.999808371 0.011998630 -23.496620178 -0.071935326 -0.010856227 0.997350216 241.290573120
0.997230589 -0.016654106 0.072483383 18.908451080 0.015803907 0.999799550 0.012287365 -23.701030731 -0.072673485 -0.011107815 0.997293890 243.533401489
0.997199714 -0.016822707 0.072868243 19.155708313 0.016027693 0.999805629 0.011481386 -23.909553528 -0.073047228 -0.010281323 0.997275472 245.757659912
0.997195303 -0.016494144 0.073002599 19.415628433 0.015724791 0.999814689 0.011100912 -24.121250153 -0.073172167 -0.009921825 0.997269988 247.993438721
0.997157454 -0.016718639 0.073467851 19.666357040 0.015910042 0.999806404 0.011577666 -24.327182770 -0.073647171 -0.010375879 0.997230411 250.222763062
0.997129738 -0.018218691 0.073486000 19.928085327 0.017407682 0.999780476 0.011661704 -24.535745621 -0.073682323 -0.010349009 0.997228086 252.446762085
0.997148454 -0.018116293 0.073257715 20.205379486 0.017266355 0.999776244 0.012218747 -24.741468430 -0.073462680 -0.010919010 0.997238159 254.714416504
0.997124732 -0.018911522 0.073380306 20.453220367 0.018039811 0.999758840 0.012524081 -24.947135925 -0.073599458 -0.011164304 0.997225404 256.932495117
0.997116208 -0.019501217 0.073341496 20.716070175 0.018572791 0.999738812 0.013319704 -25.163568497 -0.073582083 -0.011919136 0.997217953 259.186950684
0.997058570 -0.019147806 0.074212976 20.973680496 0.018240994 0.999750674 0.012877708 -25.366279602 -0.074441053 -0.011486110 0.997159243 261.435455322
0.997015238 -0.019175177 0.074784905 21.234626770 0.018277448 0.999752641 0.012670180 -25.570280075 -0.075009346 -0.011265485 0.997119308 263.682830811
0.996945500 -0.018435273 0.075893328 21.493425369 0.017528901 0.999767065 0.012591590 -25.778652191 -0.076107778 -0.011222803 0.997036397 265.909423828
0.996897638 -0.017804097 0.076667197 21.758317947 0.016895412 0.999779344 0.012484760 -25.975435257 -0.076872572 -0.011150706 0.996978521 268.145874023
0.996780276 -0.017277503 0.078298278 22.023241043 0.016385514 0.999793470 0.012020449 -26.186868668 -0.078489788 -0.010698791 0.996857524 270.423095703
0.996657848 -0.018127028 0.079653062 22.296140671 0.017163010 0.999771118 0.012770707 -26.398363113 -0.079866335 -0.011360938 0.996740818 272.667816162
0.996492267 -0.018169712 0.081688456 22.555818558 0.017141806 0.999764979 0.013267093 -26.600713730 -0.081910342 -0.011820267 0.996569633 274.927764893
0.996375024 -0.017986540 0.083146341 22.835462570 0.016901702 0.999762833 0.013732892 -26.786373138 -0.083373629 -0.012277796 0.996442735 277.166168213
0.996326387 -0.017583566 0.083812773 23.133396149 0.016311692 0.999741554 0.015835922 -27.004695892 -0.084069550 -0.014410616 0.996355653 279.437408447
0.996250808 -0.017343907 0.084755652 23.423563004 0.015987447 0.999733448 0.016657028 -27.204448700 -0.085021950 -0.015239553 0.996262431 281.673919678
0.996150732 -0.015990550 0.086186029 23.699228287 0.014623892 0.999757469 0.016465245 -27.391126633 -0.086428426 -0.015141494 0.996142924 283.936920166
0.996067405 -0.015186823 0.087287366 23.972904205 0.013823709 0.999773204 0.016199742 -27.584829330 -0.087513603 -0.014929401 0.996051431 286.159179688
0.996052623 -0.014744327 0.087531738 24.271381378 0.013507697 0.999800801 0.014703370 -27.767978668 -0.087731078 -0.013462980 0.996053219 288.401947021
0.995996773 -0.015593896 0.088018321 24.550060272 0.014313771 0.999782741 0.015156334 -27.971839905 -0.088235542 -0.013835787 0.996003509 290.626525879
0.995902002 -0.015474278 0.089104980 24.813545227 0.014247136 0.999794900 0.014391485 -28.171375275 -0.089309402 -0.013063021 0.995918274 292.886230469
0.995921910 -0.016057419 0.088779181 25.104564667 0.014921645 0.999798298 0.013442180 -28.366100311 -0.088977128 -0.012062629 0.995960593 295.117065430
0.995908201 -0.015998071 0.088943020 25.389799118 0.014850716 0.999797940 0.013546703 -28.567981720 -0.089141779 -0.012170409 0.995944500 297.348236084
0.995916963 -0.015237376 0.088978134 25.678035736 0.014075817 0.999807596 0.013667371 -28.764152527 -0.089169264 -0.012359129 0.995939791 299.586120605
0.995848775 -0.015095405 0.089762397 25.948587418 0.013825280 0.999795496 0.014754839 -28.969585419 -0.089966774 -0.013452598 0.995853901 301.811523438
0.995863914 -0.015233899 0.089572214 26.243833542 0.013940814 0.999789596 0.015044199 -29.168540955 -0.089782566 -0.013733266 0.995866716 304.057403564
0.995826781 -0.014733361 0.090065993 26.533557892 0.013431489 0.999796629 0.015043708 -29.362491608 -0.090269327 -0.013771208 0.995822191 306.301879883
0.995817423 -0.015365472 0.090063751 26.823011398 0.014070097 0.999788463 0.015000203 -29.566776276 -0.090275183 -0.013670260 0.995823026 308.549591064
0.995777607 -0.016658137 0.090274498 27.116703033 0.015326497 0.999763548 0.015424240 -29.763282776 -0.090510078 -0.013975519 0.995797455 310.803619385
0.995732009 -0.016394438 0.090823114 27.406608582 0.015102882 0.999775052 0.014889695 -29.963525772 -0.091046780 -0.013454454 0.995755732 313.038360596
0.995740592 -0.016009400 0.090798609 27.703351974 0.014653722 0.999771297 0.015577690 -30.164682388 -0.091027230 -0.014180799 0.995747447 315.287048340
0.995677471 -0.013873382 0.091835491 27.990785599 0.012567093 0.999811709 0.014787279 -30.364261627 -0.092023335 -0.013569257 0.995664418 317.528320312
0.995647728 -0.012140582 0.092402473 28.278583527 0.010776537 0.999825656 0.015246680 -30.561750412 -0.092571467 -0.014184545 0.995604992 319.771270752
0.995571554 -0.010778072 0.093387038 28.563919067 0.009445704 0.999847353 0.014697472 -30.759340286 -0.093531199 -0.013750280 0.995521367 321.991088867
0.995532572 -0.010136566 0.093873136 28.855461121 0.008731724 0.999843836 0.015364034 -30.955766678 -0.094014227 -0.014475724 0.995465636 324.227813721
0.995554566 -0.009926717 0.093661748 29.159646988 0.008402515 0.999826014 0.016653834 -31.160718918 -0.093810774 -0.015792808 0.995464802 326.453155518
0.995499969 -0.010587979 0.094168581 29.443798065 0.009074296 0.999823034 0.016487911 -31.358213425 -0.094326474 -0.015559203 0.995419741 328.689331055
0.995507777 -0.012356065 0.093869686 29.748222351 0.010944964 0.999819577 0.015532532 -31.549949646 -0.094044663 -0.014435357 0.995463252 330.919982910
0.995484650 -0.011636803 0.094206490 30.035123825 0.010229018 0.999828994 0.015412746 -31.747920990 -0.094369709 -0.014379513 0.995433390 333.133453369
0.995452404 -0.012195556 0.094475478 30.330663681 0.010694830 0.999808729 0.016374912 -31.940670013 -0.094657116 -0.015290047 0.995392501 335.369842529
0.995483875 -0.012440441 0.094111368 30.636524200 0.010939013 0.999804795 0.016452860 -32.134735107 -0.094297685 -0.015349071 0.995425701 337.597625732
0.995449066 -0.012220866 0.094507955 30.922473907 0.010687113 0.999803126 0.016717972 -32.332611084 -0.094693646 -0.015631873 0.995383680 339.833892822
0.995448470 -0.011807217 0.094566777 31.224788666 0.010323189 0.999816000 0.016166776 -32.528968811 -0.094740272 -0.015116964 0.995387197 342.078948975
0.995438218 -0.011809511 0.094674677 31.519853592 0.010276118 0.999808252 0.016667670 -32.724933624 -0.094853371 -0.015618751 0.995368719 344.330383301
0.995472670 -0.011244768 0.094380997 31.817117691 0.009706800 0.999812782 0.016738661 -32.917720795 -0.094551548 -0.015746741 0.995395422 346.572601318
0.995491862 -0.010797511 0.094230562 32.110832214 0.009282764 0.999820948 0.016498433 -33.108577728 -0.094391823 -0.015549336 0.995413661 348.800781250
0.995416462 -0.010228999 0.095086493 32.402084351 0.008642422 0.999816716 0.017082522 -33.308006287 -0.095243789 -0.016182445 0.995322526 351.033874512
0.995465398 -0.010282831 0.094567090 32.706508636 0.008667833 0.999809682 0.017472738 -33.503990173 -0.094728753 -0.016573815 0.995365143 353.249511719
0.995498836 -0.010260686 0.094216786 33.006301880 0.008711492 0.999820232 0.016839491 -33.697868347 -0.094372652 -0.015942926 0.995409250 355.497528076
0.995517373 -0.010313801 0.094014734 33.303722382 0.008717034 0.999810994 0.017379079 -33.891754150 -0.094176210 -0.016481649 0.995419085 357.731079102
0.995589614 -0.009626366 0.093320020 33.606487274 0.007951012 0.999800801 0.018308025 -34.089637756 -0.093477666 -0.017485291 0.995467842 359.974914551
0.995640278 -0.009976305 0.092741355 33.911624908 0.008289557 0.999793470 0.018555149 -34.287155151 -0.092907324 -0.017705468 0.995517313 362.221954346
0.995689034 -0.010189106 0.092192829 34.212585449 0.008478427 0.999785006 0.018928109 -34.477024078 -0.092365839 -0.018064862 0.995561242 364.459320068
0.995730996 -0.009963678 0.091763571 34.512374878 0.008313342 0.999797046 0.018349376 -34.670604706 -0.091927789 -0.017508185 0.995611727 366.716339111
0.995749891 -0.010676611 0.091476783 34.803337097 0.009046331 0.999793112 0.018217953 -34.864116669 -0.091652364 -0.017312996 0.995640516 368.959686279
0.995767772 -0.010461974 0.091307722 35.098114014 0.008931389 0.999812901 0.017155485 -35.049179077 -0.091470115 -0.016267376 0.995674968 371.222778320
0.995816290 -0.010856266 0.090730384 35.389110565 0.009288795 0.999800563 0.017680572 -35.249225616 -0.090904243 -0.016763832 0.995718479 373.444061279
0.995837033 -0.010489887 0.090545654 35.684490204 0.008853517 0.999790490 0.018455068 -35.436355591 -0.090720281 -0.017576592 0.995721281 375.695465088
0.995799720 -0.010757236 0.090923242 35.968051910 0.009089497 0.999783158 0.018736497 -35.625762939 -0.091105074 -0.017831355 0.995681643 377.949035645
0.995810390 -0.011347901 0.090735085 36.264091492 0.009674826 0.999775350 0.018857755 -35.817726135 -0.090928696 -0.017900907 0.995696485 380.191284180
0.995821416 -0.011486623 0.090596274 36.562835693 0.009812471 0.999773264 0.018903062 -36.003276825 -0.090792842 -0.017935103 0.995708287 382.438659668
0.995805323 -0.010545848 0.090887763 36.854370117 0.008829790 0.999775469 0.019262537 -36.197959900 -0.091070496 -0.018379217 0.995674849 384.686584473
0.995818079 -0.009651156 0.090846732 37.153282166 0.007929439 0.999782443 0.019293783 -36.383552551 -0.091013156 -0.018492738 0.995677888 386.954376221
0.995835602 -0.008487815 0.090769783 37.452888489 0.006777162 0.999793887 0.019137701 -36.579601288 -0.090913504 -0.018442845 0.995688021 389.221130371
0.995801449 -0.007034372 0.091268972 37.740512848 0.005305728 0.999802172 0.019168930 -36.772613525 -0.091385774 -0.018604200 0.995641768 391.495574951
0.995817959 -0.005671909 0.091183752 38.036720276 0.003815217 0.999782085 0.020523515 -36.961524963 -0.091280289 -0.020089798 0.995622575 393.752655029
0.995728314 -0.004383818 0.092228897 38.321479797 0.002470188 0.999779642 0.020852633 -37.151004791 -0.092299968 -0.020535734 0.995519459 396.018096924
0.995647788 -0.003963325 0.093111366 38.612285614 0.002165158 0.999809384 0.019405093 -37.347152710 -0.093170524 -0.019119037 0.995466590 398.279846191
0.995618761 -0.003799903 0.093426839 38.911403656 0.002067704 0.999824226 0.018630512 -37.535850525 -0.093481213 -0.018355710 0.995451748 400.542083740
0.995460212 -0.004799210 0.095058210 39.187004089 0.002915999 0.999796867 0.019940153 -37.726356506 -0.095134601 -0.019572437 0.995272040 402.779754639
0.995488465 -0.006210830 0.094678588 39.496601105 0.004248495 0.999772251 0.020913774 -37.919273376 -0.094786935 -0.020417182 0.995288134 405.052490234
0.995449603 -0.006631928 0.095059045 39.795181274 0.004688740 0.999775708 0.020650724 -38.104553223 -0.095174678 -0.020111047 0.995257497 407.303344727
0.995370030 -0.005272462 0.095972456 40.103672028 0.003374006 0.999795616 0.019932795 -38.294296265 -0.096057959 -0.019516701 0.995184302 409.548217773
0.995321691 -0.004527334 0.096510045 40.409915924 0.002590471 0.999792933 0.020184889 -38.486450195 -0.096581452 -0.019840451 0.995127320 411.803527832
0.995265722 -0.003522769 0.097127259 40.713375092 0.001600870 0.999801636 0.019858254 -38.676967621 -0.097177938 -0.019608753 0.995073855 414.050262451
0.995160639 -0.002239636 0.098237284 41.023323059 0.000284766 0.999801755 0.019908978 -38.865402222 -0.098262414 -0.019784654 0.994963825 416.320617676
0.995113134 -0.002718267 0.098703772 41.338268280 0.000770928 0.999804437 0.019761892 -39.056999207 -0.098738201 -0.019589225 0.994920611 418.573486328
0.994991004 -0.002637789 0.099929065 41.641551971 0.000672914 0.999805808 0.019691296 -39.243686676 -0.099961624 -0.019525424 0.994799614 420.825683594
0.994913638 -0.002768463 0.100692786 41.945281982 0.000817409 0.999811351 0.019412406 -39.435337067 -0.100727536 -0.019231360 0.994728088 423.078491211
0.994841039 -0.003217989 0.101394497 42.260383606 0.001152248 0.999790847 0.020425282 -39.624229431 -0.101439014 -0.020203080 0.994636595 425.348419189
0.994795144 -0.002415571 0.101865925 42.573841095 0.000267791 0.999777496 0.021092800 -39.811370850 -0.101894207 -0.020955736 0.994574428 427.600952148
0.994713068 -0.001549723 0.102680869 42.893836975 -0.000686272 0.999763489 0.021737257 -39.996963501 -0.102690257 -0.021692801 0.994476795 429.874359131
0.994702935 -0.002230059 0.102767371 43.213100433 -0.000051060 0.999753773 0.022188935 -40.193885803 -0.102791570 -0.022076646 0.994457901 432.126953125
0.994646311 -0.002971171 0.103295438 43.533786774 0.000733956 0.999764442 0.021689685 -40.389724731 -0.103335544 -0.021497749 0.994414210 434.390045166
0.994664311 -0.002324115 0.103138432 43.864799500 0.000067969 0.999760747 0.021873049 -40.564086914 -0.103164606 -0.021749333 0.994426489 436.655609131
0.994598985 -0.002572825 0.103760727 44.186153412 0.000270797 0.999753654 0.022193907 -40.752193451 -0.103792273 -0.022045946 0.994354665 438.941925049
0.994663477 -0.002696119 0.103137486 44.520912170 0.000389536 0.999749541 0.022377765 -40.935653687 -0.103171989 -0.022218172 0.994415343 441.217102051
0.994600713 -0.002723945 0.103740931 44.834236145 0.000250511 0.999715567 0.023847988 -41.147472382 -0.103776395 -0.023693234 0.994318366 443.487640381
0.994578421 -0.003165557 0.103940323 45.163894653 0.000691049 0.999715626 0.023834387 -41.326316833 -0.103986233 -0.023633340 0.994297862 445.762847900
0.994575739 -0.002882081 0.103975162 45.487934113 0.000465017 0.999729216 0.023263313 -41.510681152 -0.104014069 -0.023088776 0.994307756 448.026855469
0.994600475 -0.002416778 0.103749543 45.815612793 0.000025954 0.999734581 0.023039354 -41.697757721 -0.103777684 -0.022912264 0.994336486 450.287078857
0.994521797 -0.001801652 0.104515135 46.131381989 -0.000586540 0.999739528 0.022814970 -41.888641357 -0.104529046 -0.022751281 0.994261563 452.547332764
0.994435787 -0.001158567 0.105337754 46.449558258 -0.001251642 0.999738991 0.022811776 -42.064540863 -0.105336711 -0.022816693 0.994174838 454.822601318
0.994384110 -0.001379540 0.105821535 46.763645172 -0.001032676 0.999740958 0.022736950 -42.258033752 -0.105825476 -0.022718539 0.994125128 457.081481934
0.994387090 -0.000721294 0.105800502 47.092426300 -0.001638742 0.999751925 0.022217842 -42.447090149 -0.105790280 -0.022266516 0.994139135 459.355285645
0.994355917 0.000442989 0.106094964 47.414356232 -0.002857994 0.999740183 0.022611726 -42.630592346 -0.106057398 -0.022787319 0.994098902 461.633728027
0.994343102 0.000689114 0.106213704 47.740333557 -0.003259454 0.999705970 0.024028014 -42.816024780 -0.106165916 -0.024238288 0.994052947 463.911560059
0.994365454 0.000845623 0.106002867 48.058551788 -0.003430660 0.999701202 0.024206521 -42.993022919 -0.105950691 -0.024433788 0.994071245 466.176574707
0.994455695 0.000471641 0.105154656 48.388210297 -0.002943700 0.999722898 0.023354843 -43.179286957 -0.105114482 -0.023534901 0.994181514 468.458496094
0.994608641 0.000636242 0.103697620 48.736324310 -0.003003581 0.999738395 0.022674700 -43.364746094 -0.103656061 -0.022863919 0.994350314 470.756195068
0.994704843 -0.000045486 0.102772757 49.062171936 -0.002416491 0.999713063 0.023830917 -43.555686951 -0.102744341 -0.023953071 0.994419456 473.034606934
0.994695663 -0.000348417 0.102860697 49.374065399 -0.002144671 0.999706566 0.024125928 -43.741394043 -0.102838933 -0.024218554 0.994403124 475.310760498
0.994729757 0.000410540 0.102530867 49.686752319 -0.002805723 0.999726415 0.023217484 -43.901390076 -0.102493286 -0.023382796 0.994458795 477.598602295
0.994805217 0.000232259 0.101796381 50.015533447 -0.002668040 0.999713361 0.023792474 -44.085563660 -0.101761684 -0.023940472 0.994520664 479.879058838
0.994811177 -0.000263564 0.101738065 50.335201263 -0.002223352 0.999701500 0.024330134 -44.268035889 -0.101714090 -0.024430081 0.994513750 482.149627686
0.994811833 -0.000705402 0.101730309 50.646129608 -0.001691225 0.999723136 0.023470458 -44.448223114 -0.101718701 -0.023520740 0.994535089 484.435363770
0.994925201 -0.001557071 0.100605257 50.972496033 -0.000888545 0.999705255 0.024259644 -44.642601013 -0.100613393 -0.024225926 0.994630575 486.731170654
0.995004654 -0.001950476 0.099809796 51.292629242 -0.000499102 0.999699533 0.024511604 -44.821784973 -0.099827610 -0.024438979 0.994704604 489.010192871
0.994962275 -0.002123635 0.100227311 51.575927734 -0.000353438 0.999695182 0.024690324 -45.011146545 -0.100249164 -0.024601370 0.994658172 491.275146484
0.995046854 -0.001157045 0.099400543 51.905872345 -0.001320315 0.999690235 0.024853602 -45.186893463 -0.099398501 -0.024861740 0.994737029 493.564331055
0.995053589 -0.000765489 0.099336594 52.208797455 -0.001672491 0.999699473 0.024457023 -45.366199493 -0.099325493 -0.024502184 0.994753301 495.852630615
0.995082736 -0.000812861 0.099044062 52.532684326 -0.001564193 0.999712646 0.023919936 -45.554698944 -0.099035062 -0.023957243 0.994795501 498.157440186
0.995146155 -0.000738944 0.098404460 52.848197937 -0.001704689 0.999692261 0.024746155 -45.736370087 -0.098392442 -0.024793791 0.994838893 500.446868896
0.995136976 -0.000465147 0.098499887 53.154232025 -0.002028594 0.999679983 0.025215536 -45.924118042 -0.098480090 -0.025292724 0.994817555 502.720092773
0.995180488 0.000275059 0.098059691 53.469863892 -0.002698480 0.999694169 0.024581963 -46.108291626 -0.098022945 -0.024728104 0.994876802 505.009826660
0.995146811 0.000223979 0.098401122 53.773006439 -0.002743089 0.999671936 0.025465868 -46.293350220 -0.098363131 -0.025612203 0.994820952 507.298980713
0.995180845 -0.000476926 0.098055132 54.088493347 -0.001959976 0.999691665 0.024754539 -46.480216980 -0.098036692 -0.024827428 0.994872987 509.586425781
0.995239854 -0.001410798 0.097445630 54.411724091 -0.001099784 0.999668956 0.025705401 -46.668182373 -0.097449645 -0.025690211 0.994908750 511.888824463
0.995255172 -0.001251599 0.097290993 54.723453522 -0.001275819 0.999663413 0.025911378 -46.845668793 -0.097290665 -0.025912559 0.994918644 514.193786621
0.995258391 -0.000586850 0.097264491 55.030708313 -0.001903000 0.999672890 0.025504015 -47.022079468 -0.097247638 -0.025568184 0.994931757 516.500793457
0.995248139 0.000241439 0.097370379 55.334560394 -0.002717376 0.999676287 0.025296215 -47.205059052 -0.097332753 -0.025440607 0.994926631 518.790954590
0.995146811 0.002437313 0.098371081 55.634567261 -0.004975407 0.999660790 0.025564168 -47.392639160 -0.098275393 -0.025929533 0.994821370 521.122192383
0.995083869 0.004443391 0.098935530 55.954124451 -0.007019893 0.999644935 0.025709385 -47.572563171 -0.098786168 -0.026277510 0.994761586 523.454772949
0.995031238 0.005269124 0.099423237 56.272514343 -0.007967384 0.999610007 0.026761634 -47.744346619 -0.099243447 -0.027420804 0.994685292 525.770690918
0.994967580 0.004699471 0.100086443 56.582199097 -0.007414501 0.999614060 0.026772171 -47.923152924 -0.099921994 -0.027379535 0.994618475 528.071350098
0.994925618 0.002926936 0.100570485 56.897254944 -0.005781936 0.999588132 0.028108297 -48.098510742 -0.100446813 -0.028547160 0.994532824 530.384399414
0.994890988 0.001286745 0.100946054 57.228794098 -0.004104313 0.999607742 0.027708894 -48.272293091 -0.100870781 -0.027981648 0.994505942 532.704956055
0.994861186 0.001205376 0.101241224 57.549217224 -0.003977872 0.999622405 0.027187640 -48.450134277 -0.101170227 -0.027450647 0.994490325 535.019653320
0.994776487 0.001094246 0.102072671 57.869182587 -0.003865330 0.999629140 0.026954301 -48.626377106 -0.102005348 -0.027208043 0.994411707 537.336486816
0.994690955 0.001729820 0.102892235 58.187469482 -0.004450175 0.999646425 0.026215214 -48.805328369 -0.102810480 -0.026533926 0.994346976 539.650634766
0.994593203 0.002450729 0.103818446 58.511569977 -0.005170282 0.999650240 0.025934279 -48.988365173 -0.103718564 -0.026330834 0.994258046 541.966735840
0.994478405 0.002792957 0.104904003 58.818267822 -0.005453469 0.999670506 0.025083130 -49.169052124 -0.104799382 -0.025516719 0.994165957 544.280761719
0.994342983 0.002882205 0.106177501 59.135181427 -0.005583615 0.999667943 0.025153914 -49.344398499 -0.106069751 -0.025604473 0.994028986 546.607910156
0.994270682 0.002893951 0.106852256 59.457653046 -0.005770526 0.999628842 0.026621696 -49.530242920 -0.106735565 -0.027085762 0.993918419 548.896667480
0.994199991 0.002562484 0.107516766 59.785259247 -0.005485290 0.999623120 0.026897727 -49.710262299 -0.107407324 -0.027331477 0.993839264 551.197448730
0.994293690 0.001369388 0.106667876 60.135158539 -0.004140015 0.999659657 0.025757242 -49.885330200 -0.106596291 -0.026051868 0.993961155 553.506103516
0.994296491 0.001203810 0.106644318 60.475318909 -0.004028242 0.999646664 0.026273144 -50.067581177 -0.106575012 -0.026552882 0.993950069 555.817626953
0.994232297 0.001386195 0.107238472 60.805366516 -0.004265531 0.999636352 0.026625134 -50.245433807 -0.107162543 -0.026928997 0.993876755 558.123779297
0.994195163 0.001884383 0.107575022 61.141132355 -0.004877103 0.999608159 0.027563538 -50.422622681 -0.107480936 -0.027928194 0.993814766 560.450317383
0.994183719 0.001306906 0.107689299 61.484306335 -0.004372538 0.999591827 0.028236177 -50.601253510 -0.107608438 -0.028542822 0.993783474 562.778991699
0.994154871 0.001940873 0.107946128 61.827140808 -0.005093813 0.999568164 0.028940404 -50.777557373 -0.107843347 -0.029321101 0.993735433 565.093200684
0.994107902 0.002594535 0.108363569 62.170234680 -0.005690480 0.999584138 0.028270531 -50.958045959 -0.108245149 -0.028720599 0.993709266 567.413757324
0.994138300 0.003702083 0.108052559 62.528881073 -0.006624500 0.999621689 0.026699863 -51.126655579 -0.107912824 -0.027259151 0.993786693 569.747131348
0.994145930 0.004140121 0.107965454 62.887687683 -0.007114676 0.999605179 0.027180364 -51.309677124 -0.107810311 -0.027789392 0.993782997 572.065795898
0.994124591 0.003722084 0.108177967 63.225135803 -0.006807971 0.999579966 0.028170716 -51.494155884 -0.108027659 -0.028741673 0.993732333 574.436584473
0.994124532 0.003621192 0.108183056 63.574268341 -0.006829677 0.999547243 0.029302144 -51.673751831 -0.108027980 -0.029868830 0.993699014 576.748107910
0.994019032 0.004126666 0.109128796 63.903606415 -0.007205932 0.999586463 0.027837509 -51.849037170 -0.108968809 -0.028457392 0.993637741 579.122619629
0.994075954 0.003293623 0.108637936 64.256324768 -0.006302598 0.999605656 0.027365550 -52.017860413 -0.108504958 -0.027888138 0.993704617 581.456176758
0.994004846 0.003071438 0.109292783 64.598136902 -0.006319236 0.999548197 0.029382553 -52.213386536 -0.109153166 -0.029897045 0.993575215 583.791381836
0.994067132 0.003241517 0.108720288 64.946472168 -0.006470853 0.999547839 0.029363528 -52.385047913 -0.108575948 -0.029892830 0.993638515 586.106872559
0.994047165 0.000678783 0.108948313 65.306800842 -0.003754335 0.999600112 0.028026817 -52.565361023 -0.108885743 -0.028269004 0.993652225 588.465332031
0.994081616 0.000111702 0.108635634 65.657745361 -0.003192158 0.999597728 0.028182358 -52.740570068 -0.108588770 -0.028362345 0.993682027 590.810546875
0.994085550 -0.001627501 0.108587690 66.001266479 -0.001491083 0.999588907 0.028632119 -52.917842865 -0.108589657 -0.028624693 0.993674397 593.149047852
0.994118571 -0.002182166 0.108274311 66.357330322 -0.000945451 0.999583960 0.028826306 -53.096515656 -0.108292170 -0.028759137 0.993702948 595.507812500
