1.000000000 0.000000000 0.000000000 0.000000000 0.000000000 1.000000000 0.000000000 0.000000000 0.000000000 0.000000000 1.000000000 0.000000000
0.999999881 0.000140912 0.000406008 0.086583704 -0.000140849 1.000000000 -0.000154822 -0.225793391 -0.000406030 0.000154765 0.999999881 2.287539959
0.999999225 0.000516301 0.001135800 0.165274248 -0.000516704 0.999999821 0.000354607 -0.462457240 -0.001135617 -0.000355194 0.999999225 4.583033085
0.999998450 0.000116618 0.001720064 0.261875063 -0.000117664 0.999999762 0.000607724 -0.694810092 -0.001719993 -0.000607926 0.999998331 6.874909401
0.999996424 0.000205292 0.002647188 0.354684323 -0.000202367 0.999999285 -0.001105359 -0.926342189 -0.002647413 0.001104820 0.999995887 9.171980858
0.999987245 0.001943420 0.004671554 0.446696043 -0.001944515 0.999998033 0.000229856 -1.161713123 -0.004671098 -0.000238938 0.999989092 11.476333618
0.999964356 0.003763991 0.007558146 0.530943453 -0.003773636 0.999992073 0.001262159 -1.389345765 -0.007553335 -0.001290636 0.999970615 13.786597252
0.999945462 0.003582682 0.009814749 0.640386105 -0.003619609 0.999986410 0.003747198 -1.617469907 -0.009801191 -0.003782519 0.999944746 16.059911728
0.999944210 0.003094969 0.010098846 0.770298898 -0.003144246 0.999983191 0.004867170 -1.852285504 -0.010083611 -0.004898652 0.999937177 18.396762848
0.999935567 0.002198220 0.011132019 0.892522871 -0.002254873 0.999984562 0.005079146 -2.077465773 -0.011120684 -0.005103920 0.999925196 20.685892105
0.999932230 -0.000592021 0.011626692 1.006673574 0.000556938 0.999995232 0.003020499 -2.314362049 -0.011628423 -0.003013819 0.999927819 23.011297226
0.999915659 -0.002866354 0.012661288 1.111665368 0.002851909 0.999995291 0.001158768 -2.536472559 -0.012664547 -0.001122562 0.999919176 25.292453766
0.999916196 -0.004416010 0.012168615 1.250638723 0.004413945 0.999990225 0.000196501 -2.780161619 -0.012169364 -0.000142772 0.999925911 27.613410950
0.999907434 -0.004072888 0.012979520 1.359353065 0.004084389 0.999991238 -0.000859744 -3.006090164 -0.012975905 0.000912678 0.999915302 29.900518417
0.999899089 -0.002601191 0.013964928 1.477051258 0.002581498 0.999995649 0.001427983 -3.235334635 -0.013968583 -0.001391789 0.999901474 32.190559387
0.999903202 -0.000508933 0.013898755 1.609195948 0.000460169 0.999993682 0.003511485 -3.455902338 -0.013900454 -0.003504749 0.999897301 34.472164154
0.999879956 0.001800527 0.015387699 1.724216700 -0.001920873 0.999967635 0.007809761 -3.690749168 -0.015373137 -0.007838382 0.999851048 36.777038574
0.999864042 0.003611402 0.016084619 1.839628935 -0.003730731 0.999965608 0.007394979 -3.909910202 -0.016057361 -0.007453982 0.999843180 39.049987793
0.999831736 0.002849701 0.018120287 1.940304160 -0.002962498 0.999976397 0.006201072 -4.119774342 -0.018102191 -0.006253710 0.999816597 41.343894958
0.999833286 0.000415044 0.018252745 2.063871861 -0.000513515 0.999985337 0.005390489 -4.345917225 -0.018250238 -0.005398963 0.999818921 43.622848511
0.999839365 0.000266257 0.017922582 2.206782579 -0.000338501 0.999991834 0.004027983 -4.565758705 -0.017921362 -0.004033403 0.999831378 45.860126495
0.999836385 -0.000236271 0.018092349 2.330735207 0.000175409 0.999994338 0.003365502 -4.797991276 -0.018093040 -0.003361777 0.999830782 48.126361847
0.999835253 -0.001839261 0.018056329 2.466247559 0.001770813 0.999991179 0.003806054 -5.027121544 -0.018063167 -0.003773452 0.999829710 50.405437469
0.999813557 -0.002830558 0.019107627 2.593564749 0.002748993 0.999986947 0.004293654 -5.252010822 -0.019119531 -0.004240326 0.999808192 52.669307709
0.999806643 -0.004045255 0.019241065 2.729147911 0.003961993 0.999982655 0.004363472 -5.481101036 -0.019258380 -0.004286395 0.999805450 54.950290680
0.999781191 -0.004334150 0.020464171 2.856167316 0.004248091 0.999981940 0.004247033 -5.704358578 -0.020482212 -0.004159169 0.999781549 57.251632690
0.999765635 -0.005626536 0.020905461 2.995105028 0.005525317 0.999972761 0.004896368 -5.928621292 -0.020932438 -0.004779710 0.999769449 59.518600464
0.999726474 -0.007208204 0.022247067 3.121578217 0.007119961 0.999966502 0.004043248 -6.149018764 -0.022275463 -0.003883743 0.999744356 61.787174225
0.999704599 -0.007902015 0.022980521 3.267604351 0.007814100 0.999961913 0.003912841 -6.373366356 -0.023010561 -0.003732112 0.999728262 64.038818359
0.999681294 -0.007435481 0.024126235 3.406964064 0.007331837 0.999963522 0.004381522 -6.593557358 -0.024157936 -0.004203235 0.999699235 66.307380676
0.999671280 -0.006621351 0.024769766 3.554581165 0.006507477 0.999967873 0.004675101 -6.819344044 -0.024799926 -0.004512375 0.999682248 68.565521240
0.999635935 -0.006679108 0.026139384 3.688912392 0.006569490 0.999969244 0.004277213 -7.042356491 -0.026167152 -0.004103933 0.999649107 70.819343567
0.999622166 -0.007374044 0.026479969 3.847055674 0.007297507 0.999969006 0.002985781 -7.266840935 -0.026501164 -0.002791416 0.999644876 73.070991516
0.999604106 -0.008328455 0.026874784 3.998558998 0.008238737 0.999960124 0.003447297 -7.494080544 -0.026902420 -0.003224518 0.999632835 75.347229004
0.999557793 -0.009593911 0.028145034 4.154187679 0.009512613 0.999950171 0.003021012 -7.725478649 -0.028172614 -0.002751942 0.999599278 77.609283447
0.999550998 -0.010676362 0.027995225 4.308888435 0.010607879 0.999940336 0.002593641 -7.955008984 -0.028021250 -0.002295507 0.999604702 79.874267578
0.999520779 -0.011152357 0.028874699 4.453768730 0.011089735 0.999935865 0.002327986 -8.173862457 -0.028898807 -0.002006659 0.999580324 82.129066467
0.999511003 -0.010570358 0.029426103 4.625467300 0.010510623 0.999942362 0.002183913 -8.403380394 -0.029447494 -0.001873558 0.999564707 84.405097961
0.999461234 -0.010269205 0.031172315 4.775593281 0.010197498 0.999944985 0.002458473 -8.620867729 -0.031195844 -0.002139270 0.999511003 86.661094666
0.999466121 -0.010092393 0.031072175 4.945341587 0.009968836 0.999941766 0.004128770 -8.858384132 -0.031112030 -0.003816812 0.999508739 88.941276550
0.999441147 -0.009103492 0.032164574 5.100861549 0.008950677 0.999947906 0.004891868 -9.087437630 -0.032207437 -0.004601239 0.999470532 91.197669983
0.999415040 -0.009187445 0.032939985 5.265198708 0.009038227 0.999948204 0.004676005 -9.307771683 -0.032981236 -0.004375551 0.999446392 93.450675964
0.999399483 -0.009528014 0.033315655 5.431344032 0.009403175 0.999948204 0.003901849 -9.523925781 -0.033351116 -0.003586233 0.999437273 95.708526611
0.999369204 -0.010076086 0.034054238 5.597085953 0.009938701 0.999941766 0.004201119 -9.745232582 -0.034094583 -0.003860014 0.999411166 97.968498230
0.999342322 -0.010022185 0.034848697 5.756419182 0.009896970 0.999943852 0.003763767 -9.977633476 -0.034884464 -0.003416396 0.999385536 100.203712463
0.999298453 -0.010244086 0.036022477 5.916796207 0.010066744 0.999936283 0.005101124 -10.198643684 -0.036072433 -0.004734917 0.999337971 102.439254761
0.999275327 -0.010470106 0.036594164 6.100266457 0.010295089 0.999934673 0.004967816 -10.418719292 -0.036643784 -0.004587476 0.999317884 104.692047119
0.999231935 -0.011580637 0.037438929 6.253907204 0.011371815 0.999918520 0.005785809 -10.646739960 -0.037502889 -0.005355617 0.999282181 106.934066772
0.999197364 -0.013143430 0.037839409 6.438003540 0.012927800 0.999898791 0.005937558 -10.864043236 -0.037913620 -0.005443613 0.999266148 109.187713623
0.999156356 -0.014102191 0.038569104 6.609890461 0.013856699 0.999882042 0.006624856 -11.084646225 -0.038657974 -0.006084827 0.999233961 111.436958313
0.999132872 -0.014614381 0.038986776 6.794835091 0.014416022 0.999881625 0.005364160 -11.309741974 -0.039060555 -0.004797474 0.999225318 113.700202942
0.999091208 -0.015123330 0.039850131 6.973268509 0.014954567 0.999877930 0.004529657 -11.530486107 -0.039913770 -0.003929599 0.999195397 115.949172974
0.999054074 -0.015534662 0.040616117 7.153054237 0.015344979 0.999869883 0.004977742 -11.758492470 -0.040688161 -0.004349780 0.999162436 118.201278687
0.999004602 -0.015996387 0.041638561 7.337376595 0.015762348 0.999858081 0.005942931 -11.985362053 -0.041727714 -0.005280694 0.999115050 120.468582153
0.998989761 -0.016856944 0.041656666 7.538732052 0.016601507 0.999841154 0.006470320 -12.208332062 -0.041759118 -0.005772220 0.999110997 122.677322388
0.998930156 -0.018014519 0.042590711 7.732115746 0.017777562 0.999824286 0.005935778 -12.435245514 -0.042690162 -0.005172269 0.999074996 124.995307922
0.998884022 -0.018539743 0.043438546 7.907567024 0.018325645 0.999817908 0.005321760 -12.661415100 -0.043529302 -0.004519782 0.999041855 127.252235413
0.998868644 -0.020142475 0.043078467 8.096408844 0.019905986 0.999784291 0.005911728 -12.882488251 -0.043188259 -0.005047520 0.999054193 129.511840820
0.998879492 -0.021405578 0.042207465 8.279180527 0.021171000 0.999757886 0.005997007 -13.095685959 -0.042325620 -0.005096714 0.999090850 131.767120361
0.998941779 -0.021656476 0.040576786 8.477289200 0.021375874 0.999744594 0.007336582 -13.314535141 -0.040725309 -0.006461454 0.999149501 134.000854492
0.998980880 -0.022695439 0.039015085 8.662642479 0.022442305 0.999724209 0.006914007 -13.539077759 -0.039161235 -0.006031372 0.999214709 136.256744385
0.999051213 -0.023441222 0.036704995 8.871220589 0.023208681 0.999707878 0.006748691 -13.755235672 -0.036852464 -0.005890413 0.999303341 138.480529785
0.999006391 -0.024324533 0.037341271 9.013841629 0.024088025 0.999686837 0.006770615 -13.974502563 -0.037494268 -0.005864410 0.999279618 140.771453857
0.998993099 -0.024601830 0.037516743 9.175743103 0.024376169 0.999682009 0.006460549 -14.176722527 -0.037663758 -0.005539529 0.999275088 143.004165649
0.999025762 -0.025080414 0.036311075 9.361887932 0.024787314 0.999656618 0.008499769 -14.418602943 -0.036511786 -0.007591433 0.999304414 145.262466431
0.999051094 -0.024196902 0.036213323 9.534523010 0.023948649 0.999686718 0.007273392 -14.630435944 -0.036377974 -0.006399231 0.999317586 147.514709473
0.999074459 -0.023190998 0.036226876 9.711887360 0.022995424 0.999718726 0.005806006 -14.847702026 -0.036351338 -0.004967579 0.999326706 149.769729614
0.999095976 -0.021570940 0.036631692 9.882219315 0.021406220 0.999758959 0.004882955 -15.066710472 -0.036728200 -0.004094394 0.999316931 152.018249512
0.999104381 -0.020863285 0.036811229 10.060937881 0.020691773 0.999773204 0.005034061 -15.284298897 -0.036907911 -0.004267862 0.999309540 154.258514404
0.999081850 -0.020341402 0.037707295 10.234905243 0.020151511 0.999782324 0.005409085 -15.501958847 -0.037809111 -0.004644260 0.999274194 156.513488770
0.999104679 -0.019031091 0.037784517 10.409538269 0.018783890 0.999799848 0.006886775 -15.720735550 -0.037908021 -0.006170870 0.999262094 158.751998901
0.999065161 -0.018396121 0.039119229 10.583189011 0.018109314 0.999806523 0.007673424 -15.934674263 -0.039252818 -0.006957829 0.999205053 160.992568970
0.999046564 -0.016989643 0.040215865 10.750057220 0.016610676 0.999814630 0.009738879 -16.158761978 -0.040373862 -0.009061581 0.999143541 163.272232056
0.999016225 -0.016504096 0.041160055 10.928148270 0.016147267 0.999829233 0.008986756 -16.362052917 -0.041301344 -0.008313294 0.999112129 165.536849976
0.998971343 -0.015880408 0.042474058 11.114048004 0.015552199 0.999846637 0.008046598 -16.576065063 -0.042595323 -0.007377757 0.999065161 167.769485474
0.998932004 -0.013976989 0.044039547 11.299789429 0.013633635 0.999874294 0.008087284 -16.793798447 -0.044147037 -0.007478226 0.998997152 170.037658691
0.998825252 -0.013183585 0.046629768 11.486210823 0.012809027 0.999883294 0.008322334 -17.006927490 -0.046734046 -0.007715275 0.998877585 172.285537720
0.998704255 -0.013380331 0.049099457 11.680102348 0.012998750 0.999882758 0.008082707 -17.220462799 -0.049201854 -0.007434003 0.998761177 174.553985596
0.998625159 -0.013277512 0.050709005 11.886240005 0.012852761 0.999879599 0.008693204 -17.437561035 -0.050818320 -0.008029504 0.998675644 176.807556152
0.998587847 -0.013731753 0.051318288 12.088612556 0.013262899 0.999867260 0.009465601 -17.645250320 -0.051441450 -0.008771604 0.998637497 179.042221069
0.998551905 -0.015337895 0.051563118 12.293205261 0.014863950 0.999843776 0.009562508 -17.869504929 -0.051701728 -0.008782229 0.998623967 181.312942505
0.998521566 -0.016158314 0.051899981 12.492540359 0.015692461 0.999832988 0.009370897 -18.077568054 -0.052042726 -0.008542604 0.998608410 183.555206299
0.998577237 -0.017309401 0.050437085 12.715462685 0.016864644 0.999815166 0.009230357 -18.299697876 -0.050587527 -0.008366620 0.998684585 185.794311523
0.998581529 -0.019023564 0.049729012 12.924335480 0.018535739 0.999775648 0.010252448 -18.512994766 -0.049912903 -0.009316140 0.998710036 188.037857056
0.998589993 -0.019824147 0.049243148 13.132088661 0.019357568 0.999763310 0.009933963 -18.720638275 -0.049428429 -0.008966729 0.998737395 190.277938843
0.998540699 -0.020992039 0.049757298 13.325248718 0.020541392 0.999743402 0.009551081 -18.937759399 -0.049945034 -0.008515061 0.998715699 192.529052734
0.998502314 -0.022715032 0.049770508 13.519477844 0.022296706 0.999711394 0.008944415 -19.147500992 -0.049959317 -0.007821302 0.998720646 194.772125244
0.998532057 -0.022310603 0.049353939 13.722974777 0.021895675 0.999720275 0.008932009 -19.356414795 -0.049539417 -0.007838262 0.998741388 197.004302979
0.998547494 -0.019743759 0.050130147 13.929181099 0.019292083 0.999768972 0.009478102 -19.578897476 -0.050305706 -0.008497220 0.998697698 199.268692017
0.998565733 -0.018013988 0.050417196 14.128556252 0.017568583 0.999802768 0.009263583 -19.791587830 -0.050574124 -0.008364536 0.998685300 201.511611938
0.998548687 -0.017336410 0.050989196 14.336843491 0.016919859 0.999819875 0.008589692 -20.003547668 -0.051128928 -0.007714495 0.998662293 203.772399902
0.998517156 -0.017549550 0.051532228 14.535249710 0.017109253 0.999813378 0.008972858 -20.206932068 -0.051680084 -0.008077875 0.998631120 205.996124268
0.998489082 -0.019003617 0.051560320 14.761154175 0.018558826 0.999786437 0.009091748 -20.424322128 -0.051722091 -0.008121110 0.998628497 208.265609741
0.998437226 -0.018621923 0.052690066 14.964429855 0.018153498 0.999791443 0.009354900 -20.625152588 -0.052853275 -0.008383770 0.998567104 210.512405396
0.998365760 -0.019092098 0.053863667 15.186557770 0.018538438 0.999770343 0.010759898 -20.853712082 -0.054056723 -0.009743769 0.998490334 212.770599365
0.998322845 -0.017680196 0.055124663 15.420807838 0.017112723 0.999795735 0.010749447 -21.059886932 -0.055303451 -0.009788088 0.998421669 215.003646851
0.998142838 -0.016139939 0.058739711 15.619281769 0.015522974 0.999819636 0.010944678 -21.267089844 -0.058905762 -0.010012536 0.998213351 217.272689819
0.998007715 -0.016210400 0.060973924 15.841930389 0.015541373 0.999814034 0.011430632 -21.474334717 -0.061147861 -0.010460240 0.998073936 219.521728516
0.997878313 -0.017731031 0.062647566 16.072662354 0.017016217 0.999784052 0.011925358 -21.675830841 -0.062845491 -0.010834030 0.997964382 221.754257202
0.997759461 -0.019043803 0.064135879 16.300924301 0.018265784 0.999752581 0.012695435 -21.877864838 -0.064361781 -0.011495498 0.997860432 223.991912842
0.997678936 -0.021062145 0.064754710 16.545492172 0.020318333 0.999720037 0.012123852 -22.087779999 -0.064991936 -0.010780002 0.997827590 226.229034424
0.997629344 -0.022299241 0.065103531 16.780950546 0.021580933 0.999698579 0.011715865 -22.287311554 -0.065345146 -0.010283096 0.997809827 228.479629517
0.997591019 -0.022733970 0.065539144 17.020927429 0.021999015 0.999687135 0.011913995 -22.489206314 -0.065789469 -0.010443497 0.997778893 230.719299316
0.997512758 -0.024106782 0.066234864 17.256650925 0.023422383 0.999664128 0.011090195 -22.694406509 -0.066479951 -0.009511232 0.997742414 232.961395264
0.997515559 -0.024861965 0.065913096 17.520603180 0.024118224 0.999636352 0.012055626 -22.899974823 -0.066188850 -0.010435967 0.997752547 235.236221313
0.997483373 -0.024708074 0.066455916 17.761547089 0.023951471 0.999639213 0.012157903 -23.101530075 -0.066732340 -0.010535589 0.997715294 237.477615356
0.997437060 -0.024486547 0.067229241 17.994754791 0.023734652 0.999646723 0.011960289 -23.301235199 -0.067498371 -0.010333977 0.997665882 239.700790405
0.997398734 -0.024850430 0.067662477 18.235849380 0.024079591 0.999635816 0.012184386 -23.503767014 -0.067940608 -0.010523406 0.997633815 241.929779053
0.997361839 -0.025105594 0.068112656 18.480367661 0.024329187 0.999629498 0.012204657 -23.702466965 -0.068393819 -0.010515335 0.997602999 244.172317505
0.997318745 -0.025140794 0.068725288 18.721191406 0.024402611 0.999635518 0.011559641 -23.910381317 -0.068990842 -0.009851572 0.997568667 246.402465820
0.997337401 -0.024748154 0.068597987 18.979316711 0.024075331 0.999653757 0.010617747 -24.116147995 -0.068836987 -0.008937957 0.997587860 248.645828247
0.997306705 -0.025189644 0.068882331 19.226325989 0.024472008 0.999637425 0.011242509 -24.325679779 -0.069140539 -0.009526542 0.997561455 250.888336182
0.997279227 -0.026533220 0.068775728 19.479694366 0.025821891 0.999603629 0.011211323 -24.532516479 -0.069045961 -0.009404900 0.997569144 253.124740601
0.997269034 -0.026375961 0.068983279 19.733566284 0.025620259 0.999601901 0.011816883 -24.736524582 -0.069267504 -0.010017242 0.997547746 255.379150391
0.997222900 -0.026953945 0.069425382 19.968978882 0.026183456 0.999585330 0.011984433 -24.940908432 -0.069719635 -0.010133355 0.997515142 257.600921631
0.997189939 -0.027246725 0.069784619 20.226655960 0.026426094 0.999570608 0.012655944 -25.151521683 -0.070099503 -0.010776245 0.997481823 259.862030029
0.997166574 -0.027015721 0.070206806 20.483341217 0.026237413 0.999583900 0.011984768 -25.350702286 -0.070501372 -0.010108763 0.997460485 262.113311768
0.997141540 -0.026950795 0.070586517 20.741632462 0.026206706 0.999590993 0.011446586 -25.552770615 -0.070866153 -0.009564026 0.997439921 264.376770020
0.997122169 -0.026288480 0.071107343 21.000671387 0.025559643 0.999611199 0.011140512 -25.765262604 -0.071372576 -0.009290972 0.997406423 266.619720459
0.997059226 -0.025616886 0.072226219 21.255153656 0.024876265 0.999628544 0.011135328 -25.965272903 -0.072484650 -0.009305863 0.997326136 268.869598389
0.996957064 -0.025140610 0.073787674 21.511463165 0.024394052 0.999642015 0.011001572 -26.188941956 -0.074037850 -0.009168113 0.997213304 271.123657227
0.996889472 -0.025923649 0.074426793 21.786964417 0.025137652 0.999618113 0.011478231 -26.398574829 -0.074695930 -0.009571613 0.997160435 273.369537354
0.996663928 -0.026445741 0.077211991 22.025854111 0.025612932 0.999602795 0.011756666 -26.593011856 -0.077492230 -0.009739821 0.996945322 275.616516113
0.996552646 -0.026338624 0.078671508 22.296337128 0.025411511 0.999595582 0.012762765 -26.786588669 -0.078975841 -0.010719606 0.996818900 277.858367920
0.996498048 -0.025572874 0.079609737 22.577533722 0.024495753 0.999595225 0.014477500 -27.007955551 -0.079947732 -0.012476701 0.996720970 280.115570068
0.996435881 -0.025284061 0.080475166 22.861011505 0.024116797 0.999589801 0.015443897 -27.211147308 -0.080832638 -0.013448051 0.996636987 282.352386475
0.996343613 -0.024248082 0.081922352 23.130268097 0.023064926 0.999615967 0.015358134 -27.402959824 -0.082263291 -0.013412449 0.996520400 284.614379883
0.996239841 -0.023303276 0.083445035 23.394927979 0.022132751 0.999643505 0.014925338 -27.596019745 -0.083763123 -0.013022349 0.996400654 286.840332031
0.996254742 -0.022374241 0.083521426 23.685632706 0.021336617 0.999683917 0.013295535 -27.780685425 -0.083792508 -0.011463674 0.996417284 289.094055176
0.996182919 -0.023168894 0.084158435 23.956201553 0.022097006 0.999662697 0.013645848 -27.986394882 -0.084446214 -0.011734113 0.996358931 291.321746826
0.996149600 -0.023094794 0.084574528 24.226558685 0.022162309 0.999682963 0.011948113 -28.175851822 -0.084823646 -0.010027743 0.996345520 293.601715088
0.996178508 -0.023579150 0.084097609 24.509471893 0.022718450 0.999679446 0.011177070 -28.376798630 -0.084334180 -0.009223788 0.996394813 295.828491211
0.996177852 -0.023423824 0.084147990 24.788993835 0.022555305 0.999682188 0.011257371 -28.583789825 -0.084384948 -0.009316359 0.996389687 298.064178467
0.996176243 -0.022836015 0.084329292 25.066953659 0.021965627 0.999695599 0.011234812 -28.782672882 -0.084560186 -0.009339509 0.996374607 300.303100586
0.996125519 -0.022649204 0.084977761 25.329122543 0.021671265 0.999688089 0.012413131 -28.995613098 -0.085232407 -0.010523457 0.996305525 302.546966553
0.996127069 -0.023037709 0.084852934 25.613128662 0.022055091 0.999678612 0.012499609 -29.196979523 -0.085113622 -0.010579762 0.996315062 304.791809082
0.996100008 -0.022322008 0.085362591 25.895463943 0.021307813 0.999691308 0.012773904 -29.401582718 -0.085621394 -0.010905196 0.996267974 307.042388916
0.996096969 -0.023460317 0.085090406 26.181150436 0.022440327 0.999664664 0.012923962 -29.613573074 -0.085365057 -0.010964065 0.996289432 309.298858643
0.996045709 -0.024501516 0.085396901 26.462442398 0.023443930 0.999635816 0.013365438 -29.815750122 -0.085693270 -0.011310547 0.996257484 311.569122314
0.996026099 -0.023905274 0.085795164 26.745237350 0.022907721 0.999658227 0.012593014 -30.018650055 -0.086066902 -0.010577597 0.996233225 313.821777344
0.996040344 -0.023803502 0.085656606 27.034673691 0.022726817 0.999650240 0.013523187 -30.225965500 -0.085948534 -0.011522938 0.996232927 316.065490723
0.996007085 -0.022129945 0.086487003 27.317466736 0.021113101 0.999697030 0.012654360 -30.429374695 -0.086740837 -0.010777826 0.996172607 318.313507080
0.996013105 -0.020428622 0.086836345 27.596477509 0.019355379 0.999725759 0.013183502 -30.630432129 -0.087081864 -0.011450191 0.996135354 320.564208984
0.995947003 -0.019231943 0.087862074 27.871696472 0.018163109 0.999751210 0.012948397 -30.833917618 -0.088089250 -0.011300067 0.996048450 322.793975830
0.995902896 -0.018343015 0.088548318 28.149610519 0.017222419 0.999761879 0.013402693 -31.030996323 -0.088773057 -0.011822768 0.995981693 325.030212402
0.995913744 -0.017916104 0.088514261 28.444419861 0.016670208 0.999751568 0.014794938 -31.241325378 -0.088757336 -0.013258932 0.995965004 327.261688232
0.995878100 -0.018533867 0.088787921 28.723340988 0.017292023 0.999741852 0.014735489 -31.445365906 -0.089038096 -0.013139426 0.995941699 329.506622314
0.995879829 -0.020367488 0.088367105 29.021053314 0.019210605 0.999718368 0.013922689 -31.641492844 -0.088625811 -0.012167740 0.995990634 331.740600586
0.995875239 -0.019968301 0.088508308 29.305267334 0.018828889 0.999728978 0.013689830 -31.841487885 -0.088757671 -0.011966852 0.995981276 333.957916260
0.995842457 -0.020515095 0.088753380 29.590211868 0.019262578 0.999702692 0.014945975 -32.039466858 -0.089033633 -0.013174214 0.995941639 336.190917969
0.995894969 -0.021215992 0.087994553 29.893522263 0.019985005 0.999689996 0.014846937 -32.235317230 -0.088282272 -0.013027417 0.996010303 338.429138184
0.995908737 -0.020983936 0.087894447 30.176918030 0.019731525 0.999691308 0.015093824 -32.438240051 -0.088184051 -0.013297779 0.996015429 340.673065186
0.995944619 -0.021016540 0.087479472 30.470842361 0.019785736 0.999693036 0.014913107 -32.640274048 -0.087766044 -0.013121783 0.996054709 342.921875000
0.995962501 -0.021143777 0.087244995 30.757081985 0.019884218 0.999685526 0.015280988 -32.836437225 -0.087540656 -0.013484495 0.996069670 345.166961670
0.996008694 -0.020946955 0.086763732 31.042457581 0.019686954 0.999688327 0.015352647 -33.030540466 -0.087058276 -0.013583254 0.996110618 347.403106689
0.996048450 -0.020931674 0.086309947 31.326555252 0.019682648 0.999689221 0.015297187 -33.227153778 -0.086603321 -0.013537928 0.996150911 349.650604248
0.996058941 -0.020545723 0.086281106 31.607408524 0.019251784 0.999689758 0.015802218 -33.427852631 -0.086579025 -0.014078874 0.996145487 351.892883301
0.996101558 -0.020940373 0.085692361 31.891574860 0.019627402 0.999677122 0.016135924 -33.620223999 -0.086002581 -0.014391100 0.996190965 354.118713379
0.996125877 -0.020541666 0.085506111 32.169437408 0.019274518 0.999692142 0.015618758 -33.817073822 -0.085800625 -0.013910159 0.996215224 356.356475830
0.996176541 -0.020705367 0.084873542 32.453895569 0.019409373 0.999682546 0.016066588 -34.011837006 -0.085179254 -0.014357816 0.996262193 358.590576172
0.996237099 -0.020267062 0.084266931 32.740909576 0.018911675 0.999679148 0.016851777 -34.208892822 -0.084581435 -0.015194738 0.996300638 360.832733154
0.996287763 -0.020385163 0.083636373 33.025772095 0.019050555 0.999678612 0.016724477 -34.404438019 -0.083950415 -0.015069072 0.996356010 363.075042725
0.996327758 -0.020197235 0.083204746 33.309593201 0.018827410 0.999674499 0.017215263 -34.598373413 -0.083525375 -0.015585517 0.996383727 365.316619873
0.996370673 -0.020230737 0.082680985 33.592189789 0.018930558 0.999684989 0.016479075 -34.791988373 -0.082988322 -0.014854070 0.996439815 367.578002930
0.996389747 -0.020762615 0.082318895 33.868698120 0.019474331 0.999675453 0.016422186 -34.990058899 -0.082633153 -0.014759793 0.996470690 369.818725586
0.996383131 -0.020658977 0.082425043 34.141128540 0.019457588 0.999692798 0.015352343 -35.178764343 -0.082716875 -0.013693023 0.996479094 372.085083008
0.996433616 -0.020843983 0.081765622 34.420185089 0.019638918 0.999686718 0.015514800 -35.377517700 -0.082063399 -0.013853683 0.996530831 374.320617676
0.996476293 -0.020565847 0.081314407 34.700901031 0.019301210 0.999680638 0.016308105 -35.570663452 -0.081623837 -0.014681173 0.996555090 376.575836182
0.996429622 -0.020699743 0.081850842 34.965259552 0.019419271 0.999676764 0.016409250 -35.761772156 -0.082164042 -0.014761179 0.996509492 378.832550049
0.996433496 -0.021303263 0.081648253 35.243228912 0.020006763 0.999660969 0.016664540 -35.958789825 -0.081975579 -0.014971589 0.996521890 381.073059082
0.996445715 -0.021444738 0.081463486 35.523239136 0.020142784 0.999656439 0.016770460 -36.150749207 -0.081795149 -0.015069948 0.996535242 383.320587158
0.996454835 -0.020651013 0.081555545 35.798473358 0.019323487 0.999668181 0.017033568 -36.348041534 -0.081880257 -0.015397245 0.996523142 385.568450928
0.996465743 -0.019587053 0.081684515 36.066612244 0.018242443 0.999686062 0.017175039 -36.537425995 -0.081995286 -0.015624212 0.996510267 387.805694580
0.996493340 -0.018409641 0.081621341 36.351318359 0.017059496 0.999706388 0.017208245 -36.740242004 -0.081914157 -0.015755480 0.996514976 390.075836182
0.996505439 -0.016830329 0.081814498 36.624858856 0.015478509 0.999733388 0.017129311 -36.936126709 -0.082080983 -0.015803080 0.996500373 392.353210449
0.996521652 -0.015527249 0.081876397 36.902603149 0.014058121 0.999730170 0.018489351 -37.130157471 -0.082141414 -0.017274007 0.996470988 394.618316650
0.996476650 -0.014372308 0.082629189 37.170181274 0.012853803 0.999739110 0.018880041 -37.324050903 -0.082878977 -0.017751420 0.996401489 396.882812500
0.996427774 -0.014110591 0.083263554 37.448364258 0.012710995 0.999769270 0.017315507 -37.523818970 -0.083488680 -0.016195290 0.996377110 399.148895264
0.996376455 -0.013975446 0.083896399 37.721820831 0.012606396 0.999778986 0.016825993 -37.718894958 -0.084113024 -0.015707389 0.996332407 401.414093018
0.996264219 -0.014855365 0.085068941 37.992691040 0.013399911 0.999754429 0.017654629 -37.907238007 -0.085310318 -0.016448759 0.996218681 403.661132812
0.996244431 -0.016411653 0.085016139 38.271629333 0.014858967 0.999711633 0.018864147 -38.105144501 -0.085301220 -0.017530046 0.996200919 405.947845459
0.996195734 -0.016944798 0.085480623 38.551025391 0.015393768 0.999705255 0.018771466 -38.296333313 -0.085773505 -0.017384181 0.996162951 408.201354980
0.996147752 -0.015562304 0.086298876 38.844230652 0.014064910 0.999740243 0.017932260 -38.482925415 -0.086555526 -0.016649395 0.996107876 410.463409424
0.996105790 -0.014736841 0.086925007 39.130760193 0.013198074 0.999746323 0.018250525 -38.679592133 -0.087171890 -0.017032217 0.996047676 412.721343994
0.996055007 -0.013670675 0.087679721 39.413600922 0.012142459 0.999765337 0.017939312 -38.873413086 -0.087904394 -0.016803898 0.995987177 414.971374512
0.995975494 -0.012486905 0.088752180 39.703300476 0.010924126 0.999776959 0.018072339 -39.065334320 -0.088958055 -0.017030068 0.995889783 417.243927002
0.995926738 -0.012887177 0.089240119 40.000236511 0.011322368 0.999773562 0.018018931 -39.261104584 -0.089452140 -0.016935127 0.995847106 419.500671387
0.995831847 -0.012734596 0.090314530 40.284564972 0.011154772 0.999776185 0.017975720 -39.450584412 -0.090523250 -0.016893353 0.995750964 421.754608154
0.995753706 -0.012815569 0.091160879 40.569087982 0.011245024 0.999779761 0.017721092 -39.645057678 -0.091367923 -0.016620738 0.995678484 424.013183594
0.995704651 -0.013181482 0.091643393 40.868255615 0.011484666 0.999753058 0.019018212 -39.841087341 -0.091871448 -0.017884025 0.995610237 426.285369873
0.995647788 -0.012436769 0.092363611 41.158245087 0.010673374 0.999751687 0.019561408 -40.030162811 -0.092583962 -0.018490439 0.995533168 428.545166016
0.995598912 -0.011640408 0.092989966 41.461624146 0.009757858 0.999738693 0.020673774 -40.222858429 -0.093206309 -0.019675406 0.995452344 430.822021484
0.995575547 -0.012435959 0.093137980 41.759754181 0.010558056 0.999731421 0.020628283 -40.420253754 -0.093369491 -0.019553656 0.995439589 433.098419189
0.995539367 -0.013220308 0.093415476 42.063995361 0.011383695 0.999731839 0.020166313 -40.618125916 -0.093657017 -0.019012947 0.995422959 435.363098145
0.995555162 -0.012368106 0.093364477 42.373222351 0.010525491 0.999740481 0.020202430 -40.793552399 -0.093590111 -0.019129930 0.995427132 437.634399414
0.995486557 -0.012884971 0.094023623 42.670948029 0.011004631 0.999729514 0.020489767 -40.983745575 -0.094262205 -0.019362595 0.995359063 439.921325684
0.995533586 -0.012674470 0.093553372 42.985019684 0.010776866 0.999726415 0.020761089 -41.171085358 -0.093790904 -0.019660149 0.995397806 442.194396973
0.995488763 -0.012444098 0.094059646 43.279235840 0.010437776 0.999708176 0.021792283 -41.371910095 -0.094303355 -0.020712202 0.995328009 444.473388672
0.995457292 -0.012891434 0.094332084 43.586761475 0.010865399 0.999699831 0.021959905 -41.555027008 -0.094586857 -0.020835191 0.995298564 446.749572754
0.995455086 -0.012601344 0.094396099 43.890277863 0.010625697 0.999714494 0.021402797 -41.742649078 -0.094638854 -0.020302493 0.995304585 449.016082764
0.995456755 -0.011974710 0.094458349 44.195301056 0.010028643 0.999728143 0.021050263 -41.931243896 -0.094684735 -0.020007338 0.995306253 451.276763916
0.995415926 -0.011472873 0.094950311 44.497051239 0.009531605 0.999736667 0.020873453 -42.127082825 -0.095164806 -0.019872734 0.995263159 453.544372559
0.995340168 -0.011067349 0.095787928 44.796749115 0.009099327 0.999738932 0.020958114 -42.307361603 -0.095994860 -0.019988850 0.995181084 455.816589355
0.995286167 -0.011088425 0.096345760 45.091064453 0.009130248 0.999743104 0.020741658 -42.502315521 -0.096551009 -0.019764222 0.995131791 458.080444336
0.995281041 -0.010231697 0.096493371 45.403034210 0.008321404 0.999761879 0.020178836 -42.693458557 -0.096676841 -0.019280650 0.995129049 460.362792969
0.995286942 -0.009228384 0.096533030 45.714527130 0.007291962 0.999765456 0.020393254 -42.879974365 -0.096698590 -0.019593226 0.995120764 462.649200439
0.995327353 -0.009079994 0.096130133 46.027378082 0.007029962 0.999741077 0.021642847 -43.068199158 -0.096301787 -0.020865927 0.995133460 464.927429199
0.995359540 -0.009045145 0.095799267 46.327884674 0.006956661 0.999731302 0.022112217 -43.251674652 -0.095973529 -0.021343162 0.995154977 467.194091797
0.995477498 -0.009052671 0.094564989 46.644283295 0.007112744 0.999757707 0.020831199 -43.437122345 -0.094730645 -0.020064374 0.995300710 469.479583740
0.995563745 -0.008961467 0.093661070 46.962707520 0.007078554 0.999766529 0.020416403 -43.628883362 -0.093822159 -0.019662848 0.995394766 471.779815674
0.995625734 -0.009394657 0.092957146 47.264190674 0.007420732 0.999740064 0.021557705 -43.824962616 -0.093135513 -0.020773595 0.995436668 474.062744141
0.995577812 -0.009708138 0.093437128 47.551815033 0.007718705 0.999736309 0.021629572 -44.012302399 -0.093622461 -0.020812709 0.995390236 476.344970703
0.995629191 -0.009007725 0.092958994 47.842025757 0.007064970 0.999750137 0.021207009 -44.186546326 -0.093126789 -0.020457571 0.995444000 478.650543213
0.995667517 -0.009058490 0.092542887 48.144226074 0.007060290 0.999735236 0.021896789 -44.374111176 -0.092716739 -0.021148544 0.995467901 480.931976318
0.995690405 -0.009652687 0.092235312 48.443717957 0.007624009 0.999721766 0.022321682 -44.560951233 -0.092425115 -0.021522285 0.995486975 483.202392578
0.995710552 -0.010144984 0.091965094 48.740676880 0.008166691 0.999727607 0.021862183 -44.747886658 -0.092161857 -0.021017348 0.995522201 485.482849121
0.995761454 -0.010551941 0.091365166 49.041442871 0.008535439 0.999711931 0.022433488 -44.941509247 -0.091575556 -0.021558559 0.995564699 487.769317627
0.995775640 -0.010466632 0.091220804 49.329143524 0.008463222 0.999715030 0.022321416 -45.118316650 -0.091428414 -0.021455105 0.995580494 490.062316895
0.995794833 -0.009957434 0.091067679 49.624671936 0.007913034 0.999709129 0.022782806 -45.298637390 -0.091268055 -0.021966377 0.995584071 492.361389160
0.995846331 -0.009389837 0.090564698 49.925048828 0.007322835 0.999705791 0.023128824 -45.481056213 -0.090755209 -0.022369565 0.995621920 494.645477295
0.995858192 -0.009101625 0.090462774 50.212574005 0.007096959 0.999722540 0.022457160 -45.662860870 -0.090642080 -0.021722134 0.995646596 496.948211670
0.995873749 -0.008858422 0.090315245 50.518882751 0.006881620 0.999730408 0.022175716 -45.858482361 -0.090487331 -0.021462701 0.995666325 499.259124756
0.995921910 -0.008775328 0.089791648 50.816352844 0.006745507 0.999715388 0.022884449 -46.043304443 -0.089966908 -0.022185437 0.995697618 501.551544189
0.995935977 -0.008432318 0.089667670 51.108047485 0.006373844 0.999710083 0.023218287 -46.233772278 -0.089837454 -0.022552401 0.995701075 503.835235596
0.995986938 -0.007496382 0.089183949 51.409858704 0.005510557 0.999731839 0.022492046 -46.421543121 -0.089328647 -0.021910330 0.995761156 506.129394531
0.995974422 -0.007167158 0.089351133 51.697628021 0.005112492 0.999717712 0.023203108 -46.608444214 -0.089492209 -0.022652894 0.995729864 508.417480469
0.995993555 -0.007589142 0.089102544 51.994422913 0.005626847 0.999736488 0.022253469 -46.793331146 -0.089247957 -0.021662943 0.995773852 510.705139160
0.996027231 -0.008286433 0.088661961 52.296615601 0.006255385 0.999712050 0.023161154 -46.986637115 -0.088828355 -0.022514530 0.995792449 513.004333496
0.996044397 -0.008111894 0.088486142 52.591815948 0.006068481 0.999709249 0.023337649 -47.168838501 -0.088649742 -0.022708360 0.995803893 515.308654785
0.996093750 -0.007768282 0.087959610 52.889034271 0.005741852 0.999712706 0.023267811 -47.356273651 -0.088115118 -0.022671873 0.995852172 517.611877441
0.996053100 -0.006802077 0.088498212 53.169620514 0.004782542 0.999723732 0.023012124 -47.543975830 -0.088630304 -0.022498045 0.995810449 519.911804199
0.996026814 -0.004961877 0.088915765 53.460353851 0.002929627 0.999731958 0.022971839 -47.727466583 -0.089005902 -0.022620078 0.995774209 522.259033203
0.995848060 -0.002827990 0.090986781 53.734272003 0.000714391 0.999729395 0.023253908 -47.912528992 -0.091027915 -0.023092359 0.995580494 524.585632324
0.995919883 -0.001912564 0.090222560 54.053359985 -0.000279640 0.999705136 0.024278842 -48.093154907 -0.090242386 -0.024205014 0.995625675 526.917846680
0.995851755 -0.002446989 0.090957217 54.343273163 0.000243070 0.999706268 0.024233468 -48.277420044 -0.090989806 -0.024110833 0.995559931 529.225097656
0.995799601 -0.004391764 0.091454007 54.637908936 0.002052472 0.999668658 0.025657251 -48.459484100 -0.091536373 -0.025361776 0.995478690 531.538635254
0.995771229 -0.005976640 0.091673113 54.950164795 0.003674238 0.999674082 0.025263565 -48.638267517 -0.091794245 -0.024819907 0.995468616 533.861816406
0.995748758 -0.005944446 0.091918640 55.254554749 0.003692329 0.999689221 0.024651894 -48.817852020 -0.092036605 -0.024207694 0.995461345 536.176513672
0.995679438 -0.006394024 0.092636712 55.560096741 0.004153166 0.999694586 0.024362369 -49.000537872 -0.092764199 -0.023872375 0.995401800 538.497497559
0.995601416 -0.005820038 0.093509354 55.855102539 0.003614842 0.999711692 0.023734722 -49.185596466 -0.093620546 -0.023292301 0.995335400 540.805480957
0.995530784 -0.005128756 0.094297983 56.158664703 0.002939416 0.999723196 0.023341499 -49.370269775 -0.094391599 -0.022959998 0.995270371 543.128234863
0.995472491 -0.004774705 0.094929487 56.473247528 0.002685542 0.999751627 0.022123113 -49.552742004 -0.095011532 -0.021768013 0.995238185 545.454345703
0.995374918 -0.005136087 0.095929362 56.767452240 0.002911594 0.999723971 0.023314457 -49.752166748 -0.096022613 -0.022927314 0.995115042 547.771850586
0.995315313 -0.005204457 0.096541107 57.075412750 0.002901061 0.999708116 0.023984246 -49.936035156 -0.096637763 -0.023591820 0.995039999 550.088256836
0.995264530 -0.005083860 0.097069860 57.382835388 0.002780800 0.999711752 0.023846360 -50.116653442 -0.097163104 -0.023463508 0.994991839 552.393615723
0.995280802 -0.006411850 0.096823744 57.703208923 0.004207251 0.999727607 0.022956213 -50.300750732 -0.096944571 -0.022440523 0.995036781 554.703491211
0.995306373 -0.006639057 0.096546300 58.025291443 0.004396145 0.999715924 0.023425644 -50.488342285 -0.096674412 -0.022891268 0.995052814 557.022399902
0.995240092 -0.006410399 0.097241580 58.333953857 0.004112592 0.999707997 0.023811935 -50.672904968 -0.097365804 -0.023298679 0.994975924 559.332641602
0.995234549 -0.005724846 0.097343042 58.653457642 0.003317326 0.999685049 0.024876216 -50.857349396 -0.097454809 -0.024434747 0.994939923 561.666503906
0.995239377 -0.006731884 0.097228073 58.977661133 0.004272974 0.999666274 0.025476238 -51.042480469 -0.097367130 -0.024939505 0.994935989 563.997985840
0.995202720 -0.006036438 0.097647369 59.293384552 0.003493621 0.999650836 0.026190858 -51.220375061 -0.097771369 -0.025724068 0.994876385 566.319702148
0.995164037 -0.004948511 0.098102368 59.618232727 0.002443138 0.999668121 0.025642067 -51.406620026 -0.098196700 -0.025278382 0.994845867 568.650573730
0.995181024 -0.004315567 0.097961105 59.950874329 0.001975828 0.999710739 0.023968825 -51.583465576 -0.098036237 -0.023659758 0.994901538 570.980041504
0.995196581 -0.004036919 0.097813204 60.287681580 0.001680059 0.999706566 0.024165915 -51.769828796 -0.097882047 -0.023885505 0.994911373 573.301208496
0.995152771 -0.004120106 0.098254010 60.592220306 0.001647872 0.999680340 0.025229551 -51.959892273 -0.098326541 -0.024945347 0.994841635 575.692810059
0.995149553 -0.004189011 0.098284118 60.915004730 0.001580886 0.999644995 0.026599459 -52.150039673 -0.098360650 -0.026315067 0.994802833 578.012451172
0.995082200 -0.003762529 0.098981045 61.235321045 0.001328766 0.999695420 0.024642611 -52.328353882 -0.099043600 -0.024389902 0.994784117 580.397949219
0.995114028 -0.004557075 0.098626524 61.562549591 0.002190488 0.999707341 0.024090433 -52.503299713 -0.098707452 -0.023756690 0.994832814 582.737121582
0.995081902 -0.005444599 0.098906077 61.888992310 0.002872582 0.999654472 0.026128467 -52.703880310 -0.099014148 -0.025715848 0.994753659 585.078063965
0.995155931 -0.005225983 0.098170191 62.216526031 0.002669514 0.999654353 0.026154514 -52.882919312 -0.098272942 -0.025765754 0.994825900 587.395568848
0.995102227 -0.008343396 0.098498665 62.550792694 0.005890006 0.999665797 0.025172422 -53.073585510 -0.098675773 -0.024468975 0.994818747 589.752258301
0.995129824 -0.008498264 0.098205142 62.881790161 0.006085442 0.999672771 0.024842670 -53.248413086 -0.098384142 -0.024124060 0.994856060 592.098022461
0.995147526 -0.010508174 0.097831450 63.206298828 0.008061154 0.999645472 0.025374368 -53.433666229 -0.098063409 -0.024462603 0.994879484 594.433654785
0.995160282 -0.011185452 0.097626135 63.537036896 0.008718085 0.999632537 0.025663745 -53.617786407 -0.097877316 -0.024688425 0.994892240 596.788696289
