1.000000000 0.000000000 0.000000000 0.000000000 0.000000000 1.000000000 0.000000000 0.000000000 0.000000000 0.000000000 1.000000000 0.000000000
0.999999881 0.000017574 0.000469028 0.088544935 -0.000017480 1.000000000 -0.000199944 -0.225805432 -0.000469031 0.000199936 0.999999881 2.294583082
0.999999106 0.000405719 0.001220868 0.166367874 -0.000406217 0.999999821 0.000408136 -0.465233803 -0.001220702 -0.000408632 0.999999166 4.585453510
0.999998629 -0.000077445 0.001662779 0.266332597 0.000076702 0.999999881 0.000446904 -0.695059419 -0.001662813 -0.000446776 0.999998510 6.870990753
0.999996603 -0.000235583 0.002592833 0.359527647 0.000238831 0.999999166 -0.001252502 -0.928494155 -0.002592535 0.001253117 0.999995828 9.161375046
0.999988198 0.001535708 0.004611926 0.451506883 -0.001536463 0.999998808 0.000160096 -1.165032506 -0.004611675 -0.000167180 0.999989331 11.464524269
0.999971092 0.003382909 0.006829817 0.557792485 -0.003391579 0.999993443 0.001258211 -1.397454381 -0.006825517 -0.001281338 0.999975860 13.750822067
0.999948859 0.003301888 0.009557247 0.659788072 -0.003340962 0.999986112 0.004075278 -1.628503084 -0.009543657 -0.004107000 0.999945998 16.028772354
0.999942362 0.003343906 0.010202128 0.766064346 -0.003395697 0.999981403 0.005063370 -1.853979826 -0.010185006 -0.005097722 0.999935150 18.330377579
0.999933124 0.002202401 0.011353943 0.883597672 -0.002259436 0.999984920 0.005012998 -2.078027248 -0.011342731 -0.005038316 0.999922991 20.615278244
0.999932170 0.000184231 0.011646861 1.005798459 -0.000211514 0.999997199 0.002341274 -2.296269894 -0.011646399 -0.002343579 0.999929368 22.927007675
0.999921322 -0.001957793 0.012390618 1.113479137 0.001954043 0.999998093 0.000314719 -2.516927242 -0.012391210 -0.000290482 0.999923170 25.207845688
0.999918163 -0.002124483 0.012617282 1.246441841 0.002122216 0.999997735 0.000193036 -2.770091772 -0.012617665 -0.000166244 0.999920368 27.497877121
0.999896049 -0.001798466 0.014307758 1.342039824 0.001810875 0.999997973 -0.000854405 -2.995157719 -0.014306193 0.000880225 0.999897301 29.783214569
0.999898672 0.000097390 0.014232337 1.477032304 -0.000131006 0.999997139 0.002361030 -3.230985403 -0.014232067 -0.002362655 0.999895930 32.053112030
0.999899983 0.002106481 0.013985075 1.609913468 -0.002172724 0.999986470 0.004723239 -3.452291012 -0.013974937 -0.004753152 0.999891043 34.332309723
0.999869168 0.004142928 0.015634313 1.723698854 -0.004277218 0.999954164 0.008565764 -3.680742741 -0.015598109 -0.008631515 0.999841094 36.643951416
0.999851882 0.005997241 0.016126230 1.842817307 -0.006129678 0.999947786 0.008175696 -3.898047686 -0.016076358 -0.008273336 0.999836504 38.915309906
0.999821484 0.005121486 0.018187465 1.945800781 -0.005244132 0.999963760 0.006702109 -4.102980137 -0.018152483 -0.006796288 0.999812126 41.207824707
0.999832869 0.002585963 0.018098703 2.072562456 -0.002695319 0.999978244 0.006020417 -4.329088211 -0.018082742 -0.006068192 0.999818087 43.485084534
0.999825358 0.002970457 0.018451482 2.197274208 -0.003059552 0.999983907 0.004802266 -4.553540707 -0.018436918 -0.004857881 0.999818206 45.740337372
0.999818385 0.002315618 0.018916847 2.315668106 -0.002385701 0.999990284 0.003683002 -4.779006481 -0.018908139 -0.003727463 0.999814272 48.015811920
0.999822497 0.000899954 0.018819993 2.452752829 -0.000977603 0.999991179 0.004117114 -5.006268501 -0.018816121 -0.004134783 0.999814391 50.298049927
0.999796629 0.000598103 0.020157279 2.578859329 -0.000686845 0.999990106 0.004395825 -5.227341652 -0.020154446 -0.004408776 0.999787152 52.566394806
0.999792039 -0.000507927 0.020386867 2.715112209 0.000422087 0.999991059 0.004214685 -5.453875542 -0.020388825 -0.004205204 0.999783337 54.850547791
0.999756217 -0.000965954 0.022059690 2.836891174 0.000869756 0.999990046 0.004369958 -5.679083347 -0.022063691 -0.004349707 0.999747097 57.148735046
0.999742150 -0.002210458 0.022599244 2.977222919 0.002099740 0.999985695 0.004921794 -5.903216362 -0.022609804 -0.004873072 0.999732494 59.417705536
0.999697745 -0.003547180 0.024327891 3.102662563 0.003445439 0.999985158 0.004222679 -6.126356125 -0.024342513 -0.004137583 0.999695122 61.690357208
0.999678433 -0.004288927 0.024992721 3.253879547 0.004183738 0.999982178 0.004259586 -6.352207661 -0.025010545 -0.004153653 0.999678552 63.944427490
0.999639213 -0.003736330 0.026596034 3.391910076 0.003608221 0.999981582 0.004863167 -6.574298382 -0.026613714 -0.004765449 0.999634445 66.213340759
0.999617636 -0.002929250 0.027495302 3.542005062 0.002788823 0.999982893 0.005144255 -6.800333500 -0.027509905 -0.005065609 0.999608636 68.467658997
0.999569595 -0.003097967 0.029171301 3.678565025 0.002955621 0.999983549 0.004921489 -7.025293827 -0.029186066 -0.004833152 0.999562323 70.720779419
0.999552846 -0.003899509 0.029644059 3.841896296 0.003792388 0.999986053 0.003668930 -7.249209404 -0.029657952 -0.003554868 0.999553800 72.970390320
0.999536395 -0.004733586 0.030077117 4.004384995 0.004607235 0.999980271 0.004268816 -7.477056026 -0.030096730 -0.004128263 0.999538481 75.247955322
0.999496400 -0.005883368 0.031184727 4.170515537 0.005764381 0.999975741 0.003904063 -7.709136486 -0.031206943 -0.003722337 0.999505997 77.514602661
0.999484897 -0.006983850 0.031322528 4.326311111 0.006880071 0.999970496 0.003419823 -7.930400372 -0.031345483 -0.003202560 0.999503493 79.747680664
0.999451160 -0.007413147 0.032287739 4.476601601 0.007308833 0.999967754 0.003347602 -8.149859428 -0.032311514 -0.003109779 0.999473095 82.001617432
0.999436975 -0.006583788 0.032900419 4.656692028 0.006478031 0.999973536 0.003320015 -8.384935379 -0.032921400 -0.003105015 0.999453127 84.279724121
0.999381840 -0.006333411 0.034580693 4.811305523 0.006218545 0.999974847 0.003428242 -8.596958160 -0.034601532 -0.003211081 0.999396086 86.535011292
0.999379516 -0.006500822 0.034616735 4.989983082 0.006332126 0.999967694 0.004980633 -8.834730148 -0.034647997 -0.004758346 0.999388278 88.812828064
0.999352157 -0.005770422 0.035523448 5.155643463 0.005576347 0.999969006 0.005559923 -9.059399605 -0.035554431 -0.005358230 0.999353349 91.061752319
0.999329865 -0.005433655 0.036196563 5.327116966 0.005234126 0.999970615 0.005604856 -9.280713081 -0.036225952 -0.005411643 0.999328971 93.298278809
0.999321043 -0.005705385 0.036399987 5.516146660 0.005521664 0.999971509 0.005145794 -9.503688812 -0.036428314 -0.004941312 0.999323964 95.545906067
0.999281287 -0.006569959 0.037332639 5.684202194 0.006368517 0.999964535 0.005512234 -9.724417686 -0.037367538 -0.005270519 0.999287665 97.799163818
0.999249935 -0.006355231 0.038199924 5.847238541 0.006169593 0.999968708 0.004975536 -9.953484535 -0.038230348 -0.004736127 0.999257684 100.036529541
0.999194980 -0.006427259 0.039599907 6.009491920 0.006186338 0.999961615 0.006203413 -10.172245979 -0.039638255 -0.005953440 0.999196351 102.268646240
0.999174893 -0.006392512 0.040107299 6.203829288 0.006150329 0.999962032 0.006158845 -10.392848015 -0.040145159 -0.005907091 0.999176383 104.527168274
0.999136508 -0.007248220 0.040910035 6.383431435 0.006974434 0.999952257 0.006831176 -10.606861115 -0.040957607 -0.006539953 0.999139428 106.757675171
0.999107301 -0.008505368 0.041379746 6.569539070 0.008219961 0.999941289 0.007062506 -10.822106361 -0.041437387 -0.006716061 0.999118447 109.007560730
0.999061525 -0.009358003 0.042291261 6.752841949 0.009015855 0.999925077 0.008273760 -11.049634933 -0.042365525 -0.007884701 0.999071181 111.261322021
0.999034286 -0.010088596 0.042761941 6.943737030 0.009798628 0.999927521 0.006985153 -11.267718315 -0.042829309 -0.006559398 0.999060869 113.517944336
0.998984993 -0.010400047 0.043827560 7.125836372 0.010132124 0.999928594 0.006330851 -11.486413956 -0.043890279 -0.005880360 0.999019027 115.754455566
0.998950899 -0.010624259 0.044545151 7.308370113 0.010333770 0.999923825 0.006746398 -11.707410812 -0.044613428 -0.006279001 0.998984575 117.984458923
0.998889387 -0.010688302 0.045888104 7.496611118 0.010358224 0.999918759 0.007424916 -11.920417786 -0.045963742 -0.006941350 0.998919010 120.231788635
0.998863161 -0.011534509 0.046252526 7.704191208 0.011171099 0.999904692 0.008107914 -12.141998291 -0.046341639 -0.007582005 0.998896837 122.438148499
0.998815656 -0.012098746 0.047126770 7.908458710 0.011756932 0.999902606 0.007523492 -12.361858368 -0.047213204 -0.006960515 0.998860598 124.735519409
0.998780072 -0.012720673 0.047712833 8.097679138 0.012415361 0.999900460 0.006689900 -12.582118988 -0.047793180 -0.006089367 0.998838663 127.003425598
0.998772800 -0.014443782 0.047375668 8.296106339 0.014131328 0.999876201 0.006923649 -12.795246124 -0.047469813 -0.006245669 0.998853147 129.271408081
0.998807132 -0.015792465 0.046205174 8.494269371 0.015486848 0.999855816 0.006964882 -13.006629944 -0.046308510 -0.006241002 0.998907685 131.515792847
0.998860419 -0.016103918 0.044927176 8.690649033 0.015750872 0.999842286 0.008201151 -13.221468925 -0.045052160 -0.007484163 0.998956561 133.749969482
0.998954237 -0.017173829 0.042373858 8.909511566 0.016878948 0.999830782 0.007307075 -13.431984901 -0.042492192 -0.006584205 0.999075055 135.976806641
0.999041975 -0.018005023 0.039888427 9.119599342 0.017754959 0.999820411 0.006614518 -13.641918182 -0.040000364 -0.005899963 0.999182284 138.192031860
0.999019802 -0.019156810 0.039904311 9.290468216 0.018894088 0.999797285 0.006950560 -13.866246223 -0.040029369 -0.006189792 0.999179304 140.473526001
0.999012947 -0.019464377 0.039927091 9.463182449 0.019194556 0.999790311 0.007130066 -14.075296402 -0.040057506 -0.006356645 0.999177098 142.704971313
0.999039412 -0.019761253 0.039112262 9.650736809 0.019456942 0.999777436 0.008145985 -14.298582077 -0.039264530 -0.007377156 0.999201596 144.940979004
0.999051034 -0.018836578 0.039270870 9.824785233 0.018572863 0.999802530 0.007069444 -14.512523651 -0.039396279 -0.006333364 0.999203622 147.183792114
0.999070585 -0.017756833 0.039276592 10.008375168 0.017546615 0.999829829 0.005690570 -14.732178688 -0.039370958 -0.004996108 0.999212146 149.431991577
0.999082923 -0.016379075 0.039560977 10.186487198 0.016207432 0.999857783 0.004655550 -14.950852394 -0.039631613 -0.004010098 0.999206305 151.664810181
0.999094009 -0.015542401 0.039618757 10.373607635 0.015369160 0.999870956 0.004673488 -15.166223526 -0.039686281 -0.004060347 0.999203920 153.896102905
0.999079883 -0.014878404 0.040225152 10.554418564 0.014691356 0.999879897 0.004941654 -15.382233620 -0.040293846 -0.004346144 0.999178410 156.141433716
0.999083519 -0.013748018 0.040535301 10.731113434 0.013505327 0.999889255 0.006254944 -15.595386505 -0.040616799 -0.005701768 0.999158502 158.346511841
0.999038875 -0.013079013 0.041836683 10.910226822 0.012785971 0.999891877 0.007264376 -15.813005447 -0.041927170 -0.006722470 0.999098003 160.584609985
0.999013960 -0.011774548 0.042807970 11.081674576 0.011399653 0.999894619 0.008991194 -16.032491684 -0.042909324 -0.008494332 0.999042869 162.822616577
0.998972237 -0.011452178 0.043854196 11.264760971 0.011112266 0.999906301 0.007986910 -16.233978271 -0.043941554 -0.007491382 0.999006033 165.067535400
0.998934448 -0.010882578 0.044849887 11.457964897 0.010579334 0.999919593 0.006993126 -16.451831818 -0.044922389 -0.006511192 0.998969197 167.301437378
0.998855710 -0.009043819 0.046963833 11.642365456 0.008705687 0.999934793 0.007399365 -16.668664932 -0.047027692 -0.006982044 0.998869181 169.530502319
0.998729587 -0.008494443 0.049672231 11.829055786 0.008105978 0.999935031 0.008016730 -16.899085999 -0.049737107 -0.007603902 0.998733401 171.761062622
0.998609722 -0.008558515 0.052013762 12.031240463 0.008155768 0.999935091 0.007950395 -17.113147736 -0.052078422 -0.007515129 0.998614728 174.016799927
0.998539329 -0.008675030 0.053328734 12.243135452 0.008241956 0.999931216 0.008335412 -17.328336716 -0.053397380 -0.007883702 0.998542249 176.251937866
0.998479843 -0.009601273 0.054275516 12.448942184 0.009115403 0.999916136 0.009192431 -17.542745590 -0.054359227 -0.008683711 0.998483658 178.474304199
0.998419583 -0.010616329 0.055186890 12.647760391 0.010109254 0.999904156 0.009459439 -17.755636215 -0.055282027 -0.008886591 0.998431206 180.704986572
0.998469174 -0.011446954 0.054113042 12.861222267 0.010982390 0.999900222 0.008874676 -17.970399857 -0.054209240 -0.008266798 0.998495400 182.970886230
0.998479486 -0.012537836 0.053682268 13.074174881 0.012073332 0.999886870 0.008968452 -18.184658051 -0.053788643 -0.008306690 0.998517752 185.211608887
0.998491466 -0.014314229 0.053009469 13.291463852 0.013801896 0.999854565 0.010018451 -18.398229599 -0.053145170 -0.009271706 0.998543799 187.447738647
0.998484969 -0.015391773 0.052828204 13.496795654 0.014926733 0.999846339 0.009186204 -18.606187820 -0.052961491 -0.008383732 0.998561382 189.677886963
0.998469174 -0.016550889 0.052778129 13.709968567 0.016109789 0.999831736 0.008772181 -18.819358826 -0.052914448 -0.007908507 0.998567760 191.915771484
0.998436213 -0.017454153 0.053107839 13.898506165 0.017042639 0.999821186 0.008191691 -19.034637451 -0.053241327 -0.007273783 0.998555124 194.177642822
0.998458207 -0.017163942 0.052787822 14.114407539 0.016722107 0.999821424 0.008800345 -19.249805450 -0.052929442 -0.007904054 0.998566926 196.410263062
0.998482287 -0.015443047 0.052865043 14.332927704 0.014986925 0.999847114 0.009013628 -19.464584351 -0.052996155 -0.008207665 0.998560965 198.643280029
0.998490393 -0.013183959 0.053321060 14.530343056 0.012747517 0.999882460 0.008517024 -19.683658600 -0.053427089 -0.007824455 0.998541117 200.922958374
0.998465478 -0.012498319 0.053948872 14.744574547 0.012095672 0.999896526 0.007783540 -19.896846771 -0.054040570 -0.007119047 0.998513281 203.189254761
0.998412907 -0.012723036 0.054861605 14.941415787 0.012273500 0.999888241 0.008523200 -20.106058121 -0.054963924 -0.007836328 0.998457611 205.411605835
0.998418331 -0.014316316 0.054368369 15.184858322 0.013869819 0.999866962 0.008580955 -20.325023651 -0.054483995 -0.007813303 0.998484075 207.672714233
0.998356760 -0.013961515 0.055579159 15.391535759 0.013472758 0.999867260 0.009158915 -20.531902313 -0.055699658 -0.008395057 0.998412311 209.918792725
0.998266459 -0.014353152 0.057079699 15.603168488 0.013800059 0.999854028 0.010072228 -20.757228851 -0.057215936 -0.009267067 0.998318791 212.187957764
0.998179972 -0.012926995 0.058903143 15.838773727 0.012329252 0.999868870 0.010500034 -20.970191956 -0.059031151 -0.009754693 0.998208463 214.434127808
0.998036027 -0.010730443 0.061716672 16.070367813 0.010101697 0.999893904 0.010490643 -21.178794861 -0.061822686 -0.009846595 0.998038590 216.728363037
0.997899175 -0.010675013 0.063900739 16.298242569 0.010011883 0.999892771 0.010688734 -21.384782791 -0.064008005 -0.010026512 0.997898996 218.968124390
0.997752786 -0.012070978 0.065906338 16.530801773 0.011355492 0.999872446 0.011219938 -21.590415955 -0.066033378 -0.010446326 0.997762680 221.201217651
0.997646570 -0.013406871 0.067242771 16.766590118 0.012627163 0.999848187 0.012007092 -21.793725967 -0.067393541 -0.011129749 0.997664392 223.425262451
0.997584820 -0.015485096 0.067710981 17.019584656 0.014747865 0.999826670 0.011374285 -22.004312515 -0.067875370 -0.010348219 0.997640133 225.653427124
0.997550428 -0.016623035 0.067947559 17.260581970 0.015918808 0.999813974 0.010892663 -22.203826904 -0.068116002 -0.009784336 0.997629404 227.896209717
0.997505069 -0.016581912 0.068620086 17.500202179 0.015854042 0.999812424 0.011138221 -22.409955978 -0.068791896 -0.010022525 0.997580707 230.130935669
0.997455299 -0.017696876 0.069063082 17.747564316 0.017034080 0.999803126 0.010174100 -22.618591309 -0.069229558 -0.008971781 0.997560382 232.375137329
0.997395515 -0.018525800 0.069706298 17.988101959 0.017783646 0.999778569 0.011252525 -22.821214676 -0.069899321 -0.009983588 0.997504115 234.612274170
0.997350931 -0.017926365 0.070496775 18.248521805 0.017148819 0.999785423 0.011619433 -23.029191971 -0.070689946 -0.010379714 0.997444332 236.871170044
0.997320056 -0.017560853 0.071023136 18.492664337 0.016792409 0.999794006 0.011402323 -23.228925705 -0.071208745 -0.010179117 0.997409463 239.098678589
0.997283459 -0.017898249 0.071450613 18.743240356 0.017108688 0.999785781 0.011647212 -23.434528351 -0.071643762 -0.010393146 0.997376144 241.317184448
0.997231483 -0.018373644 0.072054289 18.993787766 0.017562700 0.999775290 0.011872181 -23.639133453 -0.072256230 -0.010573845 0.997330070 243.561767578
0.997210145 -0.018714346 0.072261535 19.247673035 0.017944213 0.999775231 0.011292199 -23.850833893 -0.072456621 -0.009964021 0.997321784 245.783676147
0.997201264 -0.018426469 0.072457321 19.501729965 0.017696325 0.999786198 0.010705983 -24.061626434 -0.072639108 -0.009393793 0.997314036 248.014083862
0.997170389 -0.018665211 0.072819993 19.755977631 0.017904045 0.999778152 0.011091531 -24.265653610 -0.073010840 -0.009756375 0.997283399 250.238952637
0.997146368 -0.019805953 0.072848238 20.015226364 0.019053582 0.999757886 0.011008507 -24.471511841 -0.073048629 -0.009589073 0.997282267 252.465301514
0.997137249 -0.020145150 0.072878748 20.281263351 0.019329958 0.999742627 0.011873765 -24.682317734 -0.073099174 -0.010431034 0.997270107 254.720642090
0.997105300 -0.020978685 0.073081590 20.526395798 0.020131897 0.999721587 0.012304422 -24.889579773 -0.073319383 -0.010797531 0.997250080 256.938232422
0.997069597 -0.021477722 0.073423311 20.786746979 0.020572767 0.999702990 0.013059357 -25.112386703 -0.073681995 -0.011510566 0.997215331 259.210266113
0.997027218 -0.021141691 0.074093267 21.044504166 0.020260382 0.999715030 0.012626162 -25.315193176 -0.074339099 -0.011087469 0.997171342 261.452026367
0.997005761 -0.021212954 0.074360676 21.309150696 0.020373177 0.999720037 0.012033791 -25.515798569 -0.074595124 -0.010482796 0.997158766 263.701934814
0.996970057 -0.020330507 0.075081706 21.569339752 0.019504661 0.999741137 0.011716341 -25.725534439 -0.075300477 -0.010216397 0.997108519 265.934783936
0.996903241 -0.019850960 0.076091215 21.832323074 0.018988943 0.999747276 0.012035590 -25.928052902 -0.076310903 -0.010553426 0.997028232 268.176025391
0.996765792 -0.019379124 0.077989697 22.086744308 0.018517394 0.999759376 0.011757459 -26.147520065 -0.078198783 -0.010275269 0.996884823 270.435729980
0.996669650 -0.020078603 0.079033829 22.365053177 0.019170638 0.999741375 0.012230429 -26.356851578 -0.079258949 -0.010674570 0.996796906 272.683959961
0.996472061 -0.020552553 0.081369810 22.616844177 0.019563392 0.999724925 0.012935075 -26.560230255 -0.081613287 -0.011297572 0.996599972 274.927459717
0.996300638 -0.020749034 0.083394632 22.882310867 0.019619709 0.999704599 0.014338877 -26.754234314 -0.083667547 -0.012649652 0.996413469 277.159515381
0.996274114 -0.019689599 0.083965376 23.177352905 0.018439628 0.999707699 0.015636435 -26.966909409 -0.084248707 -0.014029885 0.996345997 279.403289795
0.996164143 -0.019545775 0.085294224 23.461942673 0.018202025 0.999698162 0.016503705 -27.167999268 -0.085591048 -0.014887868 0.996219158 281.640441895
0.996118307 -0.018342564 0.086091638 23.747659683 0.016991399 0.999721050 0.016401192 -27.358036041 -0.086368449 -0.014874709 0.996152341 283.904876709
0.996022940 -0.017497433 0.087362453 24.021507263 0.016168069 0.999742746 0.015901210 -27.549934387 -0.087618217 -0.014425484 0.996049643 286.129150391
0.996000350 -0.017133493 0.087691545 24.316089630 0.015938418 0.999770582 0.014310309 -27.731359482 -0.087916590 -0.012855406 0.996044874 288.372009277
0.995942771 -0.017934423 0.088184185 24.595634460 0.016709466 0.999753654 0.014609557 -27.934436798 -0.088424474 -0.013076772 0.995997012 290.596862793
0.995879531 -0.017992346 0.088883288 24.865125656 0.016839525 0.999764323 0.013702990 -28.129753113 -0.089108914 -0.012149774 0.995947719 292.852325439
0.995898843 -0.018672241 0.088526137 25.155176163 0.017601296 0.999762475 0.012862776 -28.326601028 -0.088745274 -0.011251850 0.995990813 295.081848145
0.995891154 -0.018525001 0.088642597 25.441276550 0.017458111 0.999765635 0.012796158 -28.527898788 -0.088858873 -0.011196048 0.995981276 297.308654785
0.995887399 -0.017909603 0.088811360 25.727890015 0.016829444 0.999775231 0.012896385 -28.724800110 -0.089022353 -0.011348703 0.995964944 299.545318604
0.995835781 -0.017592259 0.089450717 25.997413635 0.016410444 0.999768257 0.013930285 -28.931573868 -0.089675054 -0.012404352 0.995893776 301.775787354
0.995843112 -0.017841270 0.089319699 26.291624069 0.016646940 0.999761999 0.014098571 -29.129594803 -0.089549974 -0.012553066 0.995903194 304.021942139
0.995808125 -0.017222030 0.089831121 26.582809448 0.016004303 0.999770164 0.014258473 -29.327363968 -0.090056054 -0.012761019 0.995854914 306.263885498
0.995810628 -0.017981909 0.089653499 26.874700546 0.016767075 0.999757349 0.014285183 -29.534786224 -0.089888595 -0.012722113 0.995870590 308.508026123
0.995754540 -0.019193964 0.090025239 27.165088654 0.017950881 0.999732256 0.014597651 -29.731925964 -0.090281315 -0.012919644 0.995832503 310.774444580
0.995706558 -0.018818161 0.090632737 27.454294205 0.017614651 0.999745965 0.014060667 -29.933498383 -0.090874329 -0.012403832 0.995785058 313.015167236
0.995716333 -0.018373549 0.090616487 27.751237869 0.017096883 0.999743640 0.014844926 -30.137004852 -0.090866022 -0.013232076 0.995775223 315.258453369
0.995674014 -0.017088937 0.091329686 28.042499542 0.015867922 0.999774933 0.014078786 -30.337825775 -0.091549732 -0.012568669 0.995721102 317.498779297
0.995639205 -0.015258536 0.092031248 28.324375153 0.013957834 0.999793649 0.014760422 -30.538528442 -0.092237480 -0.013411498 0.995646715 319.722045898
0.995588183 -0.014033850 0.092775330 28.613489151 0.012773994 0.999818146 0.014159593 -30.737192154 -0.092957169 -0.012912010 0.995586514 321.951446533
0.995545745 -0.013304684 0.093335778 28.901912689 0.011978336 0.999819398 0.014756367 -30.931552887 -0.093515247 -0.013572630 0.995525241 324.184082031
0.995578051 -0.013302882 0.092991538 29.205833435 0.011869334 0.999802411 0.015952040 -31.137039185 -0.093185365 -0.014777754 0.995539069 326.407989502
0.995503545 -0.013850787 0.093706481 29.488464355 0.012416301 0.999796927 0.015874078 -31.337879181 -0.093907319 -0.014639214 0.995473325 328.652099609
0.995489597 -0.014907929 0.093692213 29.791557312 0.013556493 0.999794900 0.015044201 -31.535331726 -0.093897268 -0.013706209 0.995487452 330.880371094
0.995478213 -0.014548843 0.093868442 30.085636139 0.013213537 0.999802709 0.014831207 -31.734533310 -0.094065689 -0.013523811 0.995474160 333.106567383
0.995433509 -0.014594890 0.094334520 30.377311707 0.013167474 0.999789417 0.015736250 -31.925109863 -0.094544306 -0.014422243 0.995416164 335.350463867
0.995470822 -0.014987929 0.093878448 30.686874390 0.013568525 0.999784052 0.015739683 -32.118797302 -0.094094090 -0.014394602 0.995459259 337.583618164
0.995451868 -0.014636186 0.094134547 30.973804474 0.013173636 0.999782979 0.016139533 -32.320148468 -0.094350345 -0.014826035 0.995428622 339.814575195
0.995460629 -0.014564648 0.094052918 31.277719498 0.013158691 0.999792457 0.015551526 -32.514060974 -0.094259895 -0.014243320 0.995445669 342.052459717
0.995484293 -0.014664384 0.093786858 31.576679230 0.013213491 0.999783516 0.016072458 -32.710220337 -0.094002247 -0.014760626 0.995462477 344.300842285
0.995511055 -0.014208460 0.093572885 31.871257782 0.012756146 0.999789119 0.016100565 -32.904182434 -0.093781903 -0.014834662 0.995482266 346.530242920
0.995529532 -0.013890893 0.093423277 32.165340424 0.012451008 0.999794841 0.015977763 -33.098041534 -0.093626045 -0.014743121 0.995498240 348.771087646
0.995514810 -0.013577316 0.093625784 32.458747864 0.012088205 0.999791682 0.016453767 -33.298465729 -0.093829662 -0.015248203 0.995471418 351.009124756
0.995536923 -0.013727355 0.093370222 32.750404358 0.012212843 0.999784887 0.016772622 -33.492588043 -0.093580373 -0.015557449 0.995490193 353.229827881
0.995555222 -0.013104576 0.093263403 33.042049408 0.011634246 0.999799728 0.016291620 -33.689273834 -0.093458198 -0.015134162 0.995508134 355.468994141
0.995562732 -0.012796692 0.093226016 33.335121155 0.011281393 0.999795854 0.016762966 -33.883838654 -0.093421482 -0.015636865 0.995503843 357.704467773
0.995618880 -0.012196040 0.092705667 33.636375427 0.010604256 0.999788046 0.017643575 -34.081466675 -0.092901208 -0.016583199 0.995537221 359.944732666
0.995677531 -0.012434746 0.092041746 33.939212799 0.010840926 0.999782860 0.017796053 -34.279567719 -0.092243053 -0.016721312 0.995596051 362.184326172
0.995728016 -0.012313575 0.091509864 34.240180969 0.010682395 0.999775529 0.018293684 -34.472972870 -0.091714576 -0.017237987 0.995636106 364.418945312
0.995792449 -0.012283884 0.090809621 34.540447235 0.010708364 0.999783874 0.017816603 -34.668766022 -0.091008857 -0.016769217 0.995708823 366.674804688
0.995808601 -0.012762545 0.090566225 34.831295013 0.011206131 0.999781132 0.017673103 -34.864139557 -0.090771951 -0.016584136 0.995733619 368.919586182
0.995796084 -0.012672347 0.090717539 35.115089417 0.011177073 0.999793470 0.016971851 -35.053012848 -0.090913877 -0.015886543 0.995732009 371.172058105
0.995866060 -0.012716720 0.089939371 35.412715912 0.011219988 0.999790370 0.017127633 -35.250923157 -0.090138324 -0.016047709 0.995799959 373.398925781
0.995898545 -0.012374018 0.089626603 35.709362030 0.010812085 0.999781430 0.017891709 -35.439575195 -0.089828409 -0.016849279 0.995814741 375.656280518
0.995853901 -0.012369808 0.090121955 35.990562439 0.010780459 0.999777973 0.018101027 -35.628574371 -0.090325877 -0.017054422 0.995766163 377.906890869
0.995856941 -0.012820245 0.090025254 36.282176971 0.011217506 0.999769866 0.018286660 -35.822490692 -0.090238973 -0.017201038 0.995771587 380.139465332
0.995872974 -0.013265830 0.089783445 36.580635071 0.011670066 0.999764800 0.018275157 -36.006401062 -0.090004764 -0.017151954 0.995793641 382.384704590
0.995886445 -0.012426190 0.089753687 36.878402710 0.010811235 0.999771178 0.018457005 -36.200286865 -0.089962497 -0.017410731 0.995793104 384.638824463
0.995887518 -0.011467307 0.089869805 37.167430878 0.009838390 0.999779522 0.018547393 -36.388435364 -0.090062648 -0.017586945 0.995780826 386.878173828
0.995893896 -0.010507722 0.089917511 37.465827942 0.008887636 0.999791205 0.018398942 -36.585998535 -0.090092070 -0.017524241 0.995779395 389.145843506
0.995870233 -0.008991492 0.090341635 37.751777649 0.007351625 0.999802411 0.018468235 -36.781795502 -0.090489835 -0.017727809 0.995739520 391.420104980
0.995908678 -0.007740276 0.090033062 38.050338745 0.005968532 0.999783516 0.019931434 -36.974830627 -0.090167858 -0.019312523 0.995739341 393.680633545
0.995820880 -0.006420049 0.091101594 38.331630707 0.004609135 0.999787807 0.020074451 -37.163982391 -0.091211148 -0.019570656 0.995639265 395.945526123
0.995762527 -0.006372612 0.091740549 38.623184204 0.004676941 0.999814570 0.018686462 -37.363842010 -0.091842607 -0.018178210 0.995607734 398.205932617
0.995724380 -0.006455932 0.092148282 38.913597107 0.004794598 0.999822140 0.018238928 -37.555480957 -0.092249654 -0.017719131 0.995578229 400.459472656
0.995589256 -0.007370702 0.093529575 39.198722839 0.005606690 0.999801755 0.019109257 -37.742923737 -0.093651876 -0.018500580 0.995433092 402.705078125
0.995589197 -0.009076547 0.093379468 39.489715576 0.007210663 0.999767959 0.020299787 -37.931518555 -0.093542054 -0.019536927 0.995423615 404.961944580
0.995507658 -0.009512872 0.094201952 39.777984619 0.007646295 0.999767601 0.020155823 -38.119026184 -0.094371796 -0.019344978 0.995349050 407.217071533
0.995484173 -0.008152127 0.094576888 40.095115662 0.006355262 0.999793768 0.019284679 -38.306278229 -0.094714589 -0.018596532 0.995330691 409.478179932
0.995439291 -0.007464200 0.095103778 40.400295258 0.005626349 0.999792516 0.019578192 -38.501041412 -0.095230162 -0.018953819 0.995274782 411.734130859
0.995380819 -0.006339254 0.095796011 40.699291229 0.004519440 0.999805391 0.019201797 -38.691452026 -0.095899113 -0.018680159 0.995215774 413.979034424
0.995272338 -0.005088889 0.096990123 41.007198334 0.003232116 0.999808669 0.019291451 -38.881839752 -0.097069740 -0.018886764 0.995098352 416.247833252
0.995242119 -0.005477753 0.097278222 41.322643280 0.003623117 0.999808490 0.019231683 -39.074691772 -0.097364955 -0.018787736 0.995071352 418.501861572
0.995136797 -0.005664624 0.098339416 41.623863220 0.003794950 0.999808669 0.019189106 -39.262798309 -0.098429300 -0.018722594 0.994967937 420.753509521
0.995063186 -0.005864146 0.099069893 41.926082611 0.004003670 0.999812067 0.018967811 -39.456874847 -0.099162504 -0.018477529 0.994899809 423.005401611
0.994986176 -0.006382156 0.099808440 42.236671448 0.004389341 0.999786854 0.020173263 -39.648189545 -0.099915907 -0.019634027 0.994802117 425.270385742
0.994934916 -0.005732664 0.100357413 42.541782379 0.003645020 0.999773383 0.020973114 -39.837608337 -0.100454889 -0.020501079 0.994730353 427.515197754
0.994853199 -0.005030246 0.101201706 42.859188080 0.002832395 0.999757290 0.021849521 -40.026199341 -0.101287037 -0.021450426 0.994625986 429.795318604
0.994854093 -0.006062292 0.101136737 43.172958374 0.003860582 0.999751568 0.021951176 -40.218566895 -0.101244688 -0.021447770 0.994630337 432.051177979
0.994835615 -0.007034500 0.101254433 43.495708466 0.004891709 0.999759138 0.021395190 -40.414882660 -0.101380557 -0.020789390 0.994630456 434.316864014
0.994832873 -0.006216263 0.101335071 43.819042206 0.004052532 0.999759674 0.021544131 -40.589576721 -0.101444654 -0.021022148 0.994619012 436.587890625
0.994780123 -0.006588295 0.101829000 44.136459351 0.004387614 0.999752223 0.021820422 -40.777904510 -0.101947539 -0.021259734 0.994562566 438.870239258
0.994810224 -0.006608929 0.101533711 44.462463379 0.004414955 0.999752164 0.021817880 -40.959915161 -0.101652756 -0.021256382 0.994592786 441.141021729
0.994776130 -0.006085744 0.101898775 44.778209686 0.003738306 0.999723494 0.023212096 -41.163749695 -0.102011874 -0.022709906 0.994524062 443.389617920
0.994744241 -0.006800923 0.102164865 45.103141785 0.004438812 0.999717951 0.023330150 -41.347213745 -0.102294728 -0.022754043 0.994493783 445.666473389
0.994715512 -0.006465590 0.102465920 45.417091370 0.004141119 0.999729574 0.022881821 -41.533103943 -0.102586143 -0.022336578 0.994473279 447.930267334
0.994714141 -0.005766521 0.102520794 45.740295410 0.003460689 0.999737382 0.022655018 -41.720657349 -0.102624506 -0.022180477 0.994472861 450.189819336
0.994675100 -0.005268281 0.102925584 46.059310913 0.002977619 0.999744654 0.022396507 -41.910995483 -0.103017300 -0.021970777 0.994436860 452.453582764
0.994563341 -0.004601746 0.104031518 46.368511200 0.002280503 0.999746025 0.022420822 -42.087566376 -0.104108289 -0.022061680 0.994321227 454.727325439
0.994549334 -0.004619199 0.104164585 46.685825348 0.002320980 0.999751389 0.022173773 -42.279258728 -0.104241110 -0.021811152 0.994312882 456.981903076
0.994558752 -0.003775037 0.104108505 47.017585754 0.001539891 0.999766767 0.021541411 -42.468364716 -0.104165554 -0.021263883 0.994332612 459.263763428
0.994531989 -0.002519641 0.104402184 47.341148376 0.000205752 0.999754250 0.022168063 -42.655807495 -0.104432404 -0.022025369 0.994288027 461.546203613
0.994525552 -0.002087292 0.104472443 47.663127899 -0.000364397 0.999725103 0.023442743 -42.839820862 -0.104492664 -0.023352478 0.994251430 463.819335938
0.994564831 -0.002272356 0.104093082 47.979953766 -0.000215660 0.999714673 0.023884347 -43.021125793 -0.104117654 -0.023776980 0.994280756 466.082824707
0.994668007 -0.002297343 0.103102513 48.309204102 -0.000041633 0.999742806 0.022678047 -43.203868866 -0.103128091 -0.022561422 0.994412184 468.361541748
0.994776487 -0.002224013 0.102053121 48.647583008 -0.000015542 0.999759316 0.021938941 -43.386829376 -0.102077335 -0.021825932 0.994536996 470.653839111
0.994828105 -0.002477991 0.101542898 48.963291168 0.000122972 0.999731004 0.023192050 -43.580154419 -0.101573050 -0.023059620 0.994560778 472.932006836
0.994790256 -0.002721928 0.101906776 49.269565582 0.000320248 0.999722004 0.023576370 -43.767181396 -0.101942599 -0.023420906 0.994514465 475.208831787
0.994909406 -0.002875710 0.100732118 49.589168549 0.000585131 0.999740779 0.022761475 -43.936653137 -0.100771457 -0.022586664 0.994653165 477.498962402
0.994957566 -0.003112464 0.100248508 49.911964417 0.000785379 0.999729455 0.023244271 -44.119777679 -0.100293741 -0.023048328 0.994690895 479.780242920
0.995004535 -0.003544250 0.099766724 50.234844208 0.001181918 0.999717712 0.023727711 -44.302646637 -0.099822648 -0.023491263 0.994728029 482.052124023
0.994998157 -0.004000128 0.099813133 50.540779114 0.001724689 0.999736845 0.022872878 -44.484298706 -0.099878356 -0.022586323 0.994743288 484.338165283
0.995057762 -0.005159635 0.099163279 50.854526520 0.002813655 0.999713182 0.023783062 -44.681236267 -0.099257529 -0.023386505 0.994787037 486.643768311
0.995166481 -0.005627269 0.098041110 51.174556732 0.003267607 0.999701500 0.024212064 -44.863933563 -0.098148093 -0.023774674 0.994887829 488.920440674
0.995067000 -0.005898327 0.099029727 51.440769196 0.003516192 0.999700665 0.024212079 -45.057010651 -0.099142894 -0.023744434 0.994789898 491.187835693
0.995144904 -0.005628167 0.098259144 51.765155792 0.003224814 0.999692142 0.024601039 -45.238304138 -0.098367341 -0.024164733 0.994856656 493.475738525
0.995144188 -0.005031178 0.098299056 52.065322876 0.002670075 0.999705136 0.024136405 -45.415168762 -0.098391488 -0.023756735 0.994864166 495.767700195
0.995179117 -0.005178995 0.097937018 52.388439178 0.002884936 0.999718487 0.023550946 -45.603553772 -0.098031402 -0.023154868 0.994913936 498.079681396
0.995224178 -0.004948351 0.097489364 52.700016022 0.002579771 0.999698758 0.024406862 -45.785709381 -0.097580768 -0.024038795 0.994937241 500.372955322
0.995213807 -0.004331652 0.097626507 53.004043579 0.001917065 0.999690235 0.024813138 -45.972434998 -0.097703762 -0.024507219 0.994913757 502.650329590
0.995248437 -0.003583286 0.097302265 53.317375183 0.001231671 0.999705911 0.024217457 -46.158100128 -0.097360440 -0.023982542 0.994960129 504.936767578
0.995224297 -0.003324320 0.097557038 53.621318817 0.000890290 0.999687493 0.024982747 -46.343006134 -0.097609580 -0.024776584 0.994916260 507.227233887
0.995249808 -0.003811295 0.097278990 53.933574677 0.001484778 0.999711394 0.023977131 -46.526138306 -0.097342305 -0.023718797 0.994968295 509.519104004
0.995308459 -0.004455791 0.096649684 54.255714417 0.002062840 0.999689162 0.024844827 -46.715015411 -0.096730344 -0.024528891 0.995008469 511.816864014
0.995312929 -0.004320489 0.096609883 54.566162109 0.001889621 0.999679685 0.025239039 -46.896457672 -0.096687987 -0.024938183 0.995002210 514.116882324
0.995332420 -0.003615165 0.096438035 54.877285004 0.001231530 0.999692559 0.024764843 -47.074783325 -0.096497916 -0.024530485 0.995030880 516.419860840
0.995300591 -0.002748390 0.096794754 55.175899506 0.000342792 0.999690890 0.024860432 -47.262191772 -0.096833169 -0.024710424 0.994993806 518.709899902
0.995243013 -0.000487946 0.097422451 55.485553741 -0.001912482 0.999696910 0.024544466 -47.441810608 -0.097404897 -0.024614027 0.994940400 521.048339844
0.995176375 0.001417572 0.098091438 55.800437927 -0.003880162 0.999682069 0.024918832 -47.627468109 -0.098024935 -0.025179243 0.994865298 523.378234863
0.995099962 0.002176956 0.098850250 56.111812592 -0.004779389 0.999647975 0.026097853 -47.802593231 -0.098758653 -0.026442416 0.994760036 525.694458008
0.995035231 0.001765967 0.099507369 56.425659180 -0.004375812 0.999651968 0.026015503 -47.982872009 -0.099426799 -0.026321769 0.994696677 528.010864258
0.995000780 -0.000090811 0.099867001 56.740573883 -0.002642361 0.999625564 0.027235515 -48.158695221 -0.099832065 -0.027363241 0.994627953 530.320800781
0.994925499 -0.001565495 0.100602202 57.063323975 -0.001141642 0.999638915 0.026846103 -48.333339691 -0.100607909 -0.026824731 0.994564414 532.638793945
0.994925320 -0.001759888 0.100600615 57.388214111 -0.000893345 0.999653041 0.026322791 -48.513374329 -0.100612037 -0.026279081 0.994578600 534.946350098
0.994866729 -0.001891523 0.101176195 57.709774017 -0.000757025 0.999658167 0.026132785 -48.690773010 -0.101191044 -0.026075231 0.994525254 537.256774902
0.994767785 -0.001309001 0.102153376 58.024021149 -0.001306825 0.999673069 0.025535723 -48.873554230 -0.102153398 -0.025535613 0.994440794 539.569824219
0.994669080 -0.000604181 0.103115924 58.342102051 -0.002005225 0.999680400 0.025200019 -49.057289124 -0.103098184 -0.025272455 0.994350076 541.891662598
0.994576395 -0.000103348 0.104008608 58.664440155 -0.002419918 0.999705791 0.024133686 -49.238056183 -0.103980504 -0.024254488 0.994283557 544.209167480
0.994455218 -0.000048958 0.105160892 58.981937408 -0.002545370 0.999695659 0.024535734 -49.417152405 -0.105130091 -0.024667360 0.994152486 546.533752441
0.994374812 -0.000025204 0.105917901 59.307662964 -0.002678846 0.999674082 0.025387336 -49.603328705 -0.105884016 -0.025528263 0.994050741 548.854980469
0.994297087 -0.000115297 0.106645539 59.632217407 -0.002621140 0.999670804 0.025518656 -49.783893585 -0.106613383 -0.025652658 0.993969619 551.162292480
0.994255126 -0.001650068 0.107023433 59.961509705 -0.001056682 0.999681115 0.025229556 -49.981967926 -0.107030950 -0.025197703 0.993936360 553.494628906
0.994289875 -0.001876808 0.106696598 60.305904388 -0.000891881 0.999664247 0.025895545 -50.165710449 -0.106709376 -0.025842836 0.993954360 555.811218262
0.994231701 -0.001582279 0.107242972 60.636169434 -0.001244436 0.999653697 0.026285993 -50.344280243 -0.107247442 -0.026267821 0.993885279 558.113159180
0.994178653 -0.000805059 0.107741416 60.970432281 -0.002153607 0.999623775 0.027341630 -50.524177551 -0.107722893 -0.027414499 0.993802905 560.445434570
0.994195700 -0.001644920 0.107574217 61.317455292 -0.001381554 0.999605477 0.028053243 -50.704551697 -0.107577927 -0.028039033 0.993801177 562.773315430
0.994139194 -0.000889355 0.108103842 61.655883789 -0.002256820 0.999577463 0.028977437 -50.880531311 -0.108083941 -0.029051576 0.993717313 565.086425781
0.994082570 0.000025647 0.108626932 62.000347137 -0.003113354 0.999595821 0.028255377 -51.058986664 -0.108582310 -0.028426373 0.993680954 567.406005859
0.994101584 0.001020109 0.108448133 62.355117798 -0.003937272 0.999635994 0.026688423 -51.229164124 -0.108381435 -0.026957987 0.993743777 569.731262207
0.994051158 0.001442652 0.108904116 62.706451416 -0.004393176 0.999629617 0.026857791 -51.408836365 -0.108825035 -0.027176455 0.993689418 572.051940918
0.994065285 0.001341254 0.108776525 63.054283142 -0.004428863 0.999593973 0.028148256 -51.598045349 -0.108694613 -0.028462961 0.993667603 574.418457031
0.994081795 0.001100037 0.108628981 63.410079956 -0.004320843 0.999557853 0.029418677 -51.778472900 -0.108548582 -0.029713932 0.993646979 576.727844238
0.994010627 0.001963599 0.109267049 63.746887207 -0.005008202 0.999606609 0.027596397 -51.946678162 -0.109169900 -0.027978346 0.993629217 579.089843750
0.994081795 0.001379833 0.108625539 64.100677490 -0.004359961 0.999620497 0.027202154 -52.117332458 -0.108546779 -0.027514767 0.993710399 581.426025391
0.994038820 -0.000194074 0.109026745 64.451576233 -0.002972259 0.999578536 0.028878542 -52.305877686 -0.108986400 -0.029030444 0.993619204 583.746154785
0.994137108 0.000036131 0.108127348 64.802703857 -0.003148805 0.999585509 0.028616512 -52.477821350 -0.108081490 -0.028789205 0.993725061 586.062072754
0.994136631 -0.002785040 0.108094856 65.178726196 -0.000168595 0.999627113 0.027305715 -52.657798767 -0.108130611 -0.027163833 0.993765473 588.442321777
0.994169354 -0.003044670 0.107786372 65.525352478 0.000097390 0.999626100 0.027338434 -52.831413269 -0.107829317 -0.027168535 0.993798137 590.778259277
0.994163334 -0.004935234 0.107773408 65.865013123 0.001944066 0.999610603 0.027841670 -53.009803772 -0.107868843 -0.027469652 0.993785560 593.108337402
0.994207203 -0.005436658 0.107342906 66.219474792 0.002452931 0.999607444 0.027908716 -53.186119080 -0.107452497 -0.027483743 0.993830264 595.458984375
