1.000000000 0.000000000 0.000000000 0.000000000 0.000000000 1.000000000 0.000000000 0.000000000 0.000000000 0.000000000 1.000000000 0.000000000
0.999999881 0.000170343 0.000456560 0.086147159 -0.000170279 1.000000000 -0.000139883 -0.225815803 -0.000456584 0.000139805 0.999999881 2.288393021
0.999999166 0.000553899 0.001250947 0.163358182 -0.000554443 0.999999762 0.000434794 -0.463354141 -0.001250706 -0.000435487 0.999999106 4.586310863
0.999998450 0.000173855 0.001744327 0.260318935 -0.000174935 0.999999821 0.000619379 -0.695201457 -0.001744219 -0.000619683 0.999998271 6.879139900
0.999996066 0.000161593 0.002770014 0.352421463 -0.000158510 0.999999285 -0.001113288 -0.927341402 -0.002770192 0.001112845 0.999995530 9.178661346
0.999987423 0.001900679 0.004636903 0.447134674 -0.001902106 0.999998152 0.000303436 -1.163555264 -0.004636317 -0.000312252 0.999989212 11.479948044
0.999965250 0.003600542 0.007517296 0.527687132 -0.003609444 0.999992728 0.001171038 -1.390387058 -0.007513025 -0.001198130 0.999971032 13.793828964
0.999948084 0.003423413 0.009586201 0.638843358 -0.003458093 0.999987483 0.003603384 -1.617893696 -0.009573746 -0.003636348 0.999947548 16.066377640
0.999941528 0.003557739 0.010211806 0.767678738 -0.003608136 0.999981403 0.004920977 -1.851017952 -0.010194107 -0.004957535 0.999935687 18.419357300
0.999930978 0.002744026 0.011418412 0.888358831 -0.002804521 0.999982119 0.005285425 -2.077496767 -0.011403703 -0.005317084 0.999920845 20.708316803
0.999927580 0.000283357 0.012032987 1.004253626 -0.000322162 0.999994755 0.003223087 -2.311593294 -0.012032010 -0.003226730 0.999922395 23.036491394
0.999912083 -0.002017328 0.013108053 1.109668732 0.002001797 0.999997258 0.001197809 -2.531174421 -0.013110435 -0.001171463 0.999913335 25.317634583
0.999916911 -0.002748262 0.012594350 1.254550457 0.002741511 0.999996006 0.000553233 -2.780365705 -0.012595821 -0.000518660 0.999920547 27.646812439
0.999905467 -0.002368480 0.013539644 1.361313105 0.002372745 0.999997139 -0.000298995 -3.006617308 -0.013538897 0.000331093 0.999908268 29.933294296
0.999900281 -0.000054671 0.014117065 1.481264472 0.000026378 0.999997973 0.002004324 -3.235126257 -0.014117147 -0.002003752 0.999898314 32.214893341
0.999897480 0.002022885 0.014173541 1.609836698 -0.002081630 0.999989271 0.004131159 -3.454313993 -0.014165032 -0.004160240 0.999890983 34.496704102
0.999870598 0.004024264 0.015570207 1.723506689 -0.004157083 0.999955177 0.008507404 -3.688689232 -0.015535269 -0.008571032 0.999842584 36.796733856
0.999850333 0.005847488 0.016278401 1.839163780 -0.005981413 0.999948561 0.008190704 -3.906863451 -0.016229667 -0.008286845 0.999833941 39.068828583
0.999826014 0.004897020 0.017998630 1.947726250 -0.005012957 0.999966860 0.006401923 -4.111032009 -0.017966680 -0.006491035 0.999817491 41.372619629
0.999828279 0.002419610 0.018374331 2.069109917 -0.002526269 0.999980032 0.005783766 -4.337921143 -0.018359970 -0.005829189 0.999814451 43.650241852
0.999822319 0.002771228 0.018646980 2.199734926 -0.002850845 0.999986947 0.004244449 -4.556660652 -0.018634973 -0.004296853 0.999817133 45.894298553
0.999819696 0.002241402 0.018854972 2.322453260 -0.002309223 0.999990880 0.003575926 -4.788524151 -0.018846786 -0.003618822 0.999815822 48.163379669
0.999825478 -0.000167467 0.018680563 2.461695194 0.000093826 0.999992192 0.003942911 -5.018748283 -0.018681077 -0.003940470 0.999817729 50.447959900
0.999801040 -0.000423417 0.019941524 2.587042332 0.000338755 0.999990880 0.004248706 -5.240841389 -0.019943140 -0.004241105 0.999792099 52.710781097
0.999793828 -0.001507448 0.020248789 2.723994732 0.001423255 0.999990284 0.004171679 -5.468348503 -0.020254882 -0.004142000 0.999786317 54.995769501
0.999767005 -0.002038143 0.021490246 2.850713968 0.001940763 0.999987781 0.004551217 -5.697735310 -0.021499259 -0.004508449 0.999758720 57.287574768
0.999747515 -0.003453993 0.022202577 2.989383698 0.003336951 0.999980330 0.005306399 -5.922776222 -0.022220472 -0.005230971 0.999739349 59.556018829
0.999710977 -0.005146182 0.023484210 3.118324280 0.005034752 0.999975801 0.004801576 -6.145856380 -0.023508353 -0.004681952 0.999712646 61.827762604
0.999699235 -0.006141629 0.023743955 3.272588491 0.006035328 0.999971449 0.004545996 -6.367778301 -0.023771198 -0.004401325 0.999707878 64.078742981
0.999672830 -0.005768678 0.024920098 3.413268566 0.005643139 0.999970973 0.005105016 -6.587963581 -0.024948826 -0.004962717 0.999676406 66.349960327
0.999658823 -0.005066691 0.025623348 3.562814236 0.004931621 0.999973655 0.005331750 -6.812180996 -0.025649687 -0.005203566 0.999657393 68.609313965
0.999625325 -0.005201201 0.026869865 3.701375723 0.005073403 0.999975502 0.004822159 -7.033325195 -0.026894284 -0.004684030 0.999627292 70.864753723
0.999611974 -0.006139592 0.027169118 3.862425327 0.006048386 0.999975801 0.003437886 -7.255353928 -0.027189568 -0.003272223 0.999624968 73.121696472
0.999589145 -0.007183097 0.027745143 4.015782356 0.007077042 0.999967277 0.003918774 -7.483158112 -0.027772382 -0.003720811 0.999607325 75.406593323
0.999543369 -0.008341913 0.029042495 4.172812939 0.008245753 0.999960124 0.003429167 -7.713409901 -0.029069943 -0.003188124 0.999572277 77.672592163
0.999540031 -0.009331346 0.028855056 4.328235149 0.009242838 0.999952137 0.003199077 -7.942276955 -0.028883524 -0.002930903 0.999578416 79.938682556
0.999509752 -0.009687603 0.029771592 4.474877357 0.009616680 0.999950588 0.002524546 -8.155904770 -0.029794578 -0.002237004 0.999553561 82.195426941
0.999484718 -0.009195128 0.030752802 4.640034199 0.009111554 0.999954343 0.002856718 -8.388072014 -0.030777674 -0.002575040 0.999522924 84.466148376
0.999436378 -0.008838948 0.032383747 4.795404434 0.008731704 0.999955893 0.003451566 -8.607531548 -0.032412820 -0.003166856 0.999469519 86.720695496
0.999433160 -0.008539203 0.032562986 4.963188171 0.008382767 0.999952674 0.004937595 -8.842936516 -0.032603603 -0.004661829 0.999457479 89.005828857
0.999409556 -0.007565757 0.033513945 5.122670174 0.007388380 0.999958158 0.005413281 -9.066950798 -0.033553489 -0.005162472 0.999423563 91.264320374
0.999384344 -0.007543084 0.034264136 5.289930820 0.007366138 0.999958813 0.005287465 -9.286163330 -0.034302618 -0.005031814 0.999398828 93.518180847
0.999365270 -0.007692341 0.034781650 5.458596230 0.007540735 0.999961495 0.004487866 -9.500197411 -0.034814831 -0.004222738 0.999384880 95.774322510
0.999337912 -0.008106094 0.035469349 5.624792099 0.007933264 0.999955952 0.005010755 -9.722833633 -0.035508398 -0.004726049 0.999358177 98.032775879
0.999304950 -0.007815433 0.036449116 5.785197258 0.007657724 0.999960721 0.004464414 -9.951620102 -0.036482569 -0.004182193 0.999325454 100.273010254
0.999233723 -0.007845059 0.038349170 5.936222076 0.007643253 0.999956250 0.005406181 -10.166900635 -0.038389903 -0.005108926 0.999249756 102.497360229
0.999246538 -0.008257354 0.037921660 6.143348694 0.008061632 0.999953389 0.005311206 -10.389394760 -0.037963741 -0.005001494 0.999266624 104.776832581
0.999214590 -0.009156332 0.038552672 6.319545746 0.008932580 0.999942183 0.005972036 -10.605843544 -0.038605127 -0.005622971 0.999238729 107.013946533
0.999186993 -0.010615052 0.038892824 6.503677368 0.010380720 0.999926746 0.006222066 -10.822792053 -0.038956027 -0.005813274 0.999223948 109.265464783
0.999155462 -0.011629771 0.039408907 6.690396786 0.011366853 0.999911666 0.006889041 -11.045592308 -0.039485544 -0.006435268 0.999199390 111.521278381
0.999135256 -0.012389734 0.039688390 6.879230976 0.012183205 0.999911070 0.005441331 -11.264526367 -0.039752278 -0.004953094 0.999197304 113.787155151
0.999092519 -0.012613305 0.040685840 7.058286667 0.012435172 0.999911964 0.004628471 -11.485449791 -0.040740635 -0.004118336 0.999161243 116.033599854
0.999055207 -0.013099601 0.041437611 7.238182068 0.012899735 0.999903858 0.005087013 -11.712734222 -0.041500267 -0.004547672 0.999128163 118.282058716
0.999007761 -0.013470559 0.042452976 7.422738075 0.013230103 0.999894798 0.005940021 -11.936729431 -0.042528536 -0.005372469 0.999080837 120.548904419
0.998963952 -0.014157376 0.043249123 7.617607117 0.013906796 0.999884725 0.006089278 -12.157454491 -0.043330349 -0.005481513 0.999045730 122.795806885
0.998928010 -0.015189968 0.043727092 7.812455654 0.014950380 0.999871373 0.005800993 -12.379777908 -0.043809589 -0.005141038 0.999026656 125.059814453
0.998900175 -0.016001679 0.044071987 8.000689507 0.015798384 0.999862850 0.004957228 -12.602034569 -0.044145256 -0.004255509 0.999015987 127.307693481
0.998883307 -0.017444406 0.043906204 8.187125206 0.017220825 0.999836743 0.005465358 -12.822350502 -0.043994375 -0.004703154 0.999020696 129.564636230
0.998911798 -0.018449023 0.042835470 8.375471115 0.018212192 0.999816656 0.005912585 -13.041845322 -0.042936698 -0.005126022 0.999064624 131.808471680
0.998974621 -0.018672926 0.041244898 8.572986603 0.018393973 0.999805331 0.007132465 -13.258851051 -0.041370053 -0.006366492 0.999123633 134.041595459
0.999001384 -0.020044630 0.039928760 8.762578011 0.019779516 0.999779820 0.007023686 -13.495212555 -0.040060755 -0.006226901 0.999177814 136.325729370
0.999060273 -0.020735864 0.038059842 8.962357521 0.020482369 0.999765515 0.007038237 -13.713722229 -0.038196862 -0.006252066 0.999250650 138.550750732
0.999055922 -0.021363750 0.037825998 9.130680084 0.021121630 0.999753892 0.006789018 -13.932634354 -0.037961710 -0.005983662 0.999261260 140.835128784
0.999050438 -0.021670487 0.037798725 9.298433304 0.021429976 0.999747634 0.006756578 -14.139070511 -0.037935596 -0.005940136 0.999262512 143.066589355
0.999088585 -0.021676183 0.036772024 9.483962059 0.021394160 0.999738753 0.008045791 -14.366555214 -0.036936823 -0.007251752 0.999291241 145.312881470
0.999111354 -0.020813879 0.036648601 9.655702591 0.020572983 0.999764264 0.006938009 -14.580310822 -0.036784369 -0.006177872 0.999304056 147.562057495
0.999131978 -0.019573594 0.036769398 9.829848289 0.019384930 0.999797046 0.005480533 -14.798118591 -0.036869213 -0.004763004 0.999308765 149.805511475
0.999147892 -0.017843934 0.037217367 10.000323296 0.017683018 0.999832809 0.004648392 -15.018800735 -0.037294094 -0.003986316 0.999296367 152.047592163
0.999160051 -0.017031133 0.037268799 10.182515144 0.016865173 0.999846339 0.004763057 -15.237849236 -0.037344199 -0.004130511 0.999294043 154.291641235
0.999149084 -0.016394857 0.037845392 10.353904724 0.016206009 0.999854684 0.005291518 -15.457450867 -0.037926644 -0.004673692 0.999269605 156.546218872
0.999153793 -0.015739515 0.037997574 10.543695450 0.015515512 0.999860466 0.006183052 -15.675105095 -0.038089585 -0.005588270 0.999258697 158.772674561
0.999094665 -0.015125722 0.039762806 10.694404602 0.014836381 0.999861360 0.007561824 -15.902992249 -0.039871670 -0.006965041 0.999180555 161.057205200
0.999071538 -0.013960398 0.040757190 10.872746468 0.013572779 0.999860108 0.009771666 -16.123523712 -0.040887903 -0.009209406 0.999121308 163.289566040
0.999056101 -0.013532753 0.041277334 11.061988831 0.013193576 0.999876976 0.008478464 -16.329093933 -0.041386995 -0.007925864 0.999111772 165.572845459
0.999016106 -0.012888824 0.042434081 11.250102997 0.012590478 0.999894083 0.007290591 -16.543659210 -0.042523559 -0.006749154 0.999072671 167.827011108
0.998944283 -0.010927419 0.044620577 11.429501534 0.010594097 0.999914229 0.007699844 -16.757616043 -0.044700895 -0.007219001 0.998974323 170.062667847
0.998838186 -0.010687784 0.046989605 11.624101639 0.010333296 0.999916255 0.007780407 -16.982297897 -0.047068823 -0.007285809 0.998865187 172.324005127
0.998713613 -0.010992699 0.049500711 11.818690300 0.010634903 0.999915421 0.007485703 -17.194154739 -0.049578812 -0.006949638 0.998745978 174.596313477
0.998632312 -0.010736643 0.051168188 12.023265839 0.010328464 0.999912739 0.008234963 -17.413558960 -0.051252138 -0.007695210 0.998656034 176.855926514
0.998578846 -0.011072961 0.052132294 12.219057083 0.010599204 0.999900043 0.009355309 -17.625383377 -0.052230682 -0.008789452 0.998596370 179.077316284
0.998574674 -0.012730975 0.051830683 12.433250427 0.012286079 0.999884963 0.008893242 -17.843595505 -0.051937941 -0.008243770 0.998616278 181.351852417
0.998535693 -0.013569204 0.052368090 12.628844261 0.013123502 0.999874711 0.008845490 -18.055576324 -0.052481558 -0.008145284 0.998588681 183.593963623
0.998588741 -0.015199882 0.050887428 12.850948334 0.014774516 0.999852717 0.008724676 -18.281047821 -0.051012553 -0.007960525 0.998666227 185.825592041
0.998598635 -0.016971596 0.050125577 13.057899475 0.016514568 0.999818444 0.009517841 -18.494726181 -0.050277997 -0.008676704 0.998697519 188.066207886
0.998610437 -0.017892195 0.049568661 13.266069412 0.017460538 0.999805868 0.009127660 -18.703613281 -0.049722344 -0.008249482 0.998728991 190.304550171
0.998566389 -0.019169487 0.049976733 13.461227417 0.018738583 0.999783218 0.009076479 -18.927124023 -0.050139889 -0.008126974 0.998709142 192.555450439
0.998523295 -0.020161547 0.050443660 13.646608353 0.019748067 0.999767244 0.008681851 -19.133594513 -0.050606959 -0.007672866 0.998689175 194.792129517
0.998557210 -0.020072615 0.049805123 13.878867149 0.019642960 0.999765635 0.009101290 -19.369205475 -0.049976137 -0.008109839 0.998717487 197.083007812
0.998579085 -0.018077087 0.050129134 14.080108643 0.017647466 0.999803901 0.008999622 -19.575908661 -0.050281979 -0.008102184 0.998702168 199.325302124
0.998592257 -0.016237997 0.050495304 14.278089523 0.015812732 0.999836147 0.008810006 -19.790714264 -0.050630085 -0.007999135 0.998685420 201.561477661
0.998572588 -0.015588896 0.051086061 14.487070084 0.015202818 0.999852836 0.007937379 -19.999776840 -0.051202286 -0.007149397 0.998662651 203.823852539
0.998530984 -0.015840296 0.051815841 14.683315277 0.015399547 0.999841750 0.008894237 -20.210493088 -0.051948532 -0.008083231 0.998617053 206.049804688
0.998517871 -0.017356560 0.051582117 14.916549683 0.016919058 0.999817193 0.008906159 -20.434324265 -0.051727265 -0.008020237 0.998628974 208.311752319
0.998460650 -0.016981022 0.052802067 15.118994713 0.016524797 0.999822319 0.009064961 -20.635444641 -0.052946620 -0.008178461 0.998563826 210.555923462
0.998390913 -0.017370075 0.053980477 15.333243370 0.016823228 0.999802768 0.010568381 -20.868770599 -0.054153398 -0.009643249 0.998486042 212.812469482
0.998331249 -0.015872555 0.055522632 15.564881325 0.015291185 0.999823928 0.010880060 -21.077175140 -0.055685550 -0.010012899 0.998398125 215.048858643
0.998173594 -0.015164885 0.058476765 15.785257339 0.014535404 0.999831915 0.011175027 -21.301782608 -0.058636408 -0.010304634 0.998226166 217.343841553
0.998040617 -0.015272948 0.060676597 16.007879257 0.014591992 0.999825597 0.011650048 -21.509458542 -0.060843952 -0.010741829 0.998089433 219.593276978
0.997912288 -0.016691376 0.062388942 16.237998962 0.015954617 0.999797225 0.012288717 -21.712928772 -0.062581412 -0.011267670 0.997976243 221.829025269
0.997800171 -0.018121876 0.063768707 16.467023849 0.017316140 0.999763370 0.013165325 -21.915206909 -0.063992202 -0.012032135 0.997877836 224.065536499
0.997722685 -0.020192530 0.064356208 16.711767197 0.019414056 0.999730885 0.012698885 -22.126562119 -0.064595327 -0.011420553 0.997846186 226.301910400
0.997678399 -0.021408627 0.064647846 16.947765350 0.020660482 0.999711871 0.012219202 -22.325500488 -0.064890809 -0.010855177 0.997833312 228.556274414
0.997627139 -0.021799203 0.065305531 17.182775497 0.021029310 0.999701321 0.012453488 -22.526878357 -0.065557487 -0.011050606 0.997787535 230.800231934
0.997555852 -0.023170993 0.065919191 17.418954849 0.022447597 0.999679685 0.011693634 -22.731847763 -0.066169016 -0.010185324 0.997756422 233.040344238
0.997551441 -0.023922751 0.065716818 17.685108185 0.023139311 0.999652147 0.012656935 -22.936956406 -0.065996744 -0.011105301 0.997758150 235.323410034
0.997534871 -0.023533024 0.066108406 17.932207108 0.022735406 0.999659598 0.012791912 -23.140310287 -0.066386923 -0.011257377 0.997730434 237.568893433
0.997494996 -0.023297416 0.066791818 18.167583466 0.022494534 0.999665678 0.012747780 -23.340160370 -0.067066476 -0.011213396 0.997685492 239.792114258
0.997457802 -0.023568498 0.067251429 18.409488678 0.022740524 0.999656200 0.013050910 -23.542755127 -0.067535907 -0.011488399 0.997650683 242.024185181
0.997417450 -0.023907034 0.067726217 18.654199600 0.023076097 0.999648869 0.013025087 -23.740236282 -0.068013832 -0.011428594 0.997618854 244.270675659
0.997382581 -0.023930375 0.068229727 18.898818970 0.023138819 0.999655724 0.012368268 -23.947877884 -0.068502218 -0.010757140 0.997592986 246.503601074
0.997388303 -0.023462173 0.068308473 19.150943756 0.022721658 0.999674559 0.011597754 -24.153989792 -0.068558365 -0.010015385 0.997596860 248.743225098
0.997366071 -0.023768302 0.068525873 19.399566650 0.022984389 0.999661326 0.012205582 -24.359912872 -0.068792768 -0.010598412 0.997574627 250.985092163
0.997328341 -0.025017744 0.068629727 19.648050308 0.024248606 0.999633729 0.012017409 -24.562702179 -0.068905234 -0.010321130 0.997569740 253.216064453
0.997315645 -0.025265591 0.068724178 19.901285172 0.024432432 0.999617875 0.012936937 -24.769420624 -0.069024764 -0.011223112 0.997551799 255.467330933
0.997272670 -0.025836723 0.069135018 20.134004593 0.024989370 0.999601901 0.013093527 -24.971233368 -0.069445796 -0.011330178 0.997521400 257.686492920
0.997244298 -0.026334614 0.069356635 20.397638321 0.025440700 0.999581873 0.013740716 -25.183898926 -0.069689505 -0.011938368 0.997497261 259.968170166
0.997218072 -0.026173893 0.069792755 20.652984619 0.025310570 0.999592066 0.013225750 -25.383440018 -0.070110463 -0.011422463 0.997473836 262.213195801
0.997185588 -0.026229132 0.070234120 20.907899857 0.025395421 0.999596477 0.012737250 -25.582872391 -0.070539854 -0.010917778 0.997449219 264.474060059
0.997164249 -0.025538757 0.070790298 21.164550781 0.024721397 0.999617517 0.012398517 -25.790971756 -0.071079858 -0.010613322 0.997414172 266.715026855
0.997092307 -0.024808411 0.072051391 21.416889191 0.023962455 0.999633670 0.012581895 -25.989831924 -0.072337113 -0.010818783 0.997321606 268.964080811
0.997007608 -0.024342505 0.073370621 21.677543640 0.023515679 0.999650121 0.012112157 -26.206335068 -0.073639773 -0.010350553 0.997231185 271.231109619
0.996906638 -0.025052227 0.074495979 21.945446014 0.024182884 0.999628782 0.012549020 -26.413608551 -0.074782707 -0.010708673 0.997142375 273.480163574
0.996702909 -0.025590239 0.076996438 22.187522888 0.024656735 0.999610782 0.013050469 -26.611001968 -0.077300459 -0.011108960 0.996945918 275.728363037
0.996592402 -0.025577052 0.078418292 22.457687378 0.024528252 0.999596775 0.014308766 -26.804615021 -0.078752637 -0.012336543 0.996817887 277.970275879
0.996555746 -0.024190081 0.079317883 22.741773605 0.023005413 0.999610245 0.015815752 -27.020936966 -0.079669558 -0.013936541 0.996723890 280.232147217
0.996457934 -0.023971232 0.080601737 23.019336700 0.022681218 0.999600291 0.016882535 -27.221952438 -0.080974199 -0.014994592 0.996603370 282.468475342
0.996409059 -0.022908578 0.081511840 23.296455383 0.021601837 0.999624074 0.016877312 -27.410682678 -0.081867829 -0.015055895 0.996529460 284.729400635
0.996310592 -0.021946581 0.082966894 23.562885284 0.020652808 0.999651790 0.016420145 -27.600961685 -0.083298378 -0.014646063 0.996417046 286.959838867
0.996298194 -0.021065189 0.083344832 23.844957352 0.019885188 0.999690235 0.014963065 -27.786624908 -0.083634213 -0.013250344 0.996408403 289.202819824
0.996234298 -0.021909501 0.083887927 24.115930557 0.020693649 0.999668181 0.015336060 -27.988559723 -0.084196098 -0.013542362 0.996357143 291.429351807
0.996144772 -0.021880740 0.084951825 24.371210098 0.020758159 0.999685407 0.014075339 -28.180587769 -0.085233107 -0.012257633 0.996285617 293.691314697
0.996169329 -0.022464365 0.084510699 24.655326843 0.021420814 0.999683082 0.013234814 -28.376449585 -0.084781200 -0.011373828 0.996334672 295.924652100
0.996163487 -0.022355996 0.084608078 24.932710648 0.021325715 0.999687254 0.013061482 -28.576211929 -0.084873632 -0.011207045 0.996328652 298.159942627
0.996167779 -0.021626746 0.084747724 25.211620331 0.020602752 0.999704063 0.012939004 -28.771127701 -0.085002474 -0.011143385 0.996318460 300.398712158
0.996111512 -0.021689646 0.085389763 25.476070404 0.020562120 0.999689698 0.014062013 -28.977743149 -0.085668251 -0.012251539 0.996248364 302.655914307
0.996114671 -0.022268696 0.085204959 25.761867523 0.021133063 0.999675751 0.014207176 -29.176063538 -0.085493699 -0.012351332 0.996262074 304.907348633
0.996077836 -0.021514751 0.085825935 26.043714523 0.020353718 0.999689341 0.014380089 -29.374963760 -0.086108662 -0.012576809 0.996206343 307.159088135
0.996078730 -0.022349577 0.085601427 26.329551697 0.021181468 0.999670029 0.014530017 -29.583700180 -0.085897923 -0.012659878 0.996223509 309.413574219
0.996033669 -0.023556789 0.085802160 26.612751007 0.022348095 0.999637544 0.015020485 -29.780529022 -0.086124882 -0.013043396 0.996198952 311.671203613
0.996016204 -0.023326663 0.086067617 26.896247864 0.022175798 0.999651730 0.014303735 -29.979621887 -0.086371318 -0.012338132 0.996186614 313.910095215
0.996034145 -0.022964578 0.085956350 27.188295364 0.021746138 0.999649704 0.015084838 -30.181514740 -0.086272649 -0.013155795 0.996184707 316.158996582
0.995993435 -0.021236535 0.086868279 27.468755722 0.020066505 0.999696016 0.014320239 -30.381769180 -0.087145984 -0.012519720 0.996116877 318.400268555
0.996000826 -0.019494995 0.087192863 27.749111176 0.018276103 0.999724090 0.014755893 -30.578273773 -0.087456480 -0.013103334 0.996082187 320.651885986
0.995932579 -0.018123215 0.088259615 28.024389267 0.016915580 0.999753058 0.014411579 -30.777032852 -0.088499010 -0.012859999 0.995993257 322.880798340
0.995883465 -0.017292066 0.088977985 28.302482605 0.016023010 0.999759674 0.014957216 -30.970989227 -0.089215256 -0.013469948 0.995921195 325.117431641
0.995897174 -0.016986728 0.088883631 28.598787308 0.015595897 0.999745190 0.016318925 -31.177562714 -0.089138187 -0.014865750 0.995908320 327.347412109
0.995863795 -0.017835379 0.089090891 28.879995346 0.016453287 0.999732912 0.016223732 -31.377725601 -0.089356467 -0.014690786 0.995891452 329.595428467
0.995878994 -0.019443844 0.088582993 29.180328369 0.018155418 0.999717832 0.015327462 -31.571090698 -0.088856004 -0.013656036 0.995950997 331.833648682
0.995859146 -0.019188030 0.088861376 29.463624954 0.017911436 0.999724925 0.015141382 -31.768896103 -0.089127466 -0.013487048 0.995928884 334.053985596
0.995834231 -0.019581096 0.089055046 29.749450684 0.018183772 0.999698937 0.016475018 -31.964988708 -0.089350827 -0.014787029 0.995890439 336.284088135
0.995896935 -0.020277617 0.088193305 30.053749084 0.018908601 0.999687850 0.016330780 -32.155841827 -0.088496909 -0.014596162 0.995969474 338.522125244
0.995907187 -0.020197431 0.088096097 30.337081909 0.018804209 0.999685049 0.016616242 -32.355079651 -0.088403963 -0.014891659 0.995973349 340.769134521
0.995944917 -0.020237474 0.087659590 30.632337570 0.018875130 0.999688268 0.016342498 -32.552413940 -0.087963000 -0.014621643 0.996016443 343.017578125
0.995951414 -0.020321412 0.087566413 30.916782379 0.018924611 0.999680519 0.016752210 -32.744876862 -0.087878868 -0.015027226 0.996017814 345.263793945
0.995990038 -0.020207092 0.087152541 31.202085495 0.018814746 0.999682367 0.016767995 -32.935287476 -0.087463692 -0.015061004 0.996053874 347.501098633
0.996036470 -0.020248232 0.086610116 31.488481522 0.018867964 0.999682069 0.016725706 -33.129180908 -0.086921245 -0.015025255 0.996101856 349.748840332
0.996048808 -0.019883618 0.086553253 31.770181656 0.018449755 0.999679506 0.017334826 -33.327709198 -0.086870186 -0.015669448 0.996096313 351.992248535
0.996090591 -0.020306710 0.085972011 32.053302765 0.018859973 0.999666989 0.017607026 -33.515766144 -0.086300917 -0.015916765 0.996141970 354.221862793
0.996110857 -0.019814236 0.085853383 32.331069946 0.018408073 0.999683619 0.017139519 -33.710090637 -0.086165838 -0.015492463 0.996160328 356.458160400
0.996162951 -0.019984530 0.085205331 32.617683411 0.018551871 0.999673426 0.017573059 -33.901386261 -0.085528694 -0.015924914 0.996208370 358.695495605
0.996218562 -0.019481368 0.084670044 32.903308868 0.017991494 0.999670208 0.018323829 -34.094425201 -0.084999099 -0.016731195 0.996240497 360.945770264
0.996266067 -0.019422293 0.084123112 33.190414429 0.017942913 0.999671400 0.018306468 -34.288772583 -0.084451012 -0.016728699 0.996287107 363.193542480
0.996297717 -0.019161742 0.083806977 33.473388672 0.017642478 0.999666989 0.018831350 -34.480113983 -0.084139898 -0.017283065 0.996304035 365.436492920
0.996351719 -0.019078419 0.083181493 33.758407593 0.017626584 0.999679804 0.018153407 -34.671546936 -0.083501205 -0.016620973 0.996369064 367.699584961
0.996353447 -0.019590115 0.083042003 34.034523010 0.018144798 0.999671042 0.018123854 -34.866138458 -0.083369762 -0.016550984 0.996381164 369.953399658
0.996353388 -0.019784812 0.082996972 34.310554504 0.018425997 0.999683857 0.017106093 -35.052051544 -0.083309174 -0.015514411 0.996402979 372.213165283
0.996417820 -0.019546907 0.082276881 34.591018677 0.018182991 0.999685109 0.017293992 -35.249835968 -0.082589023 -0.015736002 0.996459365 374.448303223
0.996497273 -0.019525297 0.081314161 34.876281738 0.018142968 0.999678671 0.017704247 -35.438426971 -0.081633717 -0.016166952 0.996531248 376.696990967
0.996412814 -0.018970668 0.082471617 35.136566162 0.017528938 0.999681234 0.018170638 -35.627178192 -0.082790039 -0.016659817 0.996427774 378.964447021
0.996407509 -0.019625392 0.082382016 35.413902283 0.018157525 0.999663353 0.018529361 -35.823371887 -0.082717918 -0.016966939 0.996428490 381.207489014
0.996435702 -0.019575933 0.082052246 35.695804596 0.018118126 0.999665141 0.018473968 -36.006370544 -0.082386412 -0.016921492 0.996456802 383.462524414
0.996451139 -0.018736163 0.082061343 35.976390839 0.017261660 0.999677241 0.018641049 -36.197719574 -0.082384124 -0.017158382 0.996452868 385.717834473
0.996443748 -0.017595902 0.082402937 36.242439270 0.016102476 0.999694586 0.018753126 -36.383716583 -0.082707733 -0.017359545 0.996422768 387.955993652
0.996479750 -0.016586611 0.082176656 36.527721405 0.015099421 0.999711394 0.018686030 -36.579414368 -0.082462892 -0.017379431 0.996442616 390.222808838
0.996468842 -0.015105786 0.082593240 36.800415039 0.013606332 0.999732733 0.018687481 -36.774497986 -0.082853444 -0.017497700 0.996408105 392.504486084
0.996503949 -0.013908086 0.082380109 37.080791473 0.012297582 0.999723792 0.020024929 -36.964324951 -0.082635865 -0.018941842 0.996399760 394.764953613
0.996447444 -0.012766786 0.083243743 37.348232269 0.011111042 0.999731660 0.020323358 -37.152759552 -0.083480895 -0.019326232 0.996321917 397.029541016
0.996396124 -0.012605258 0.083879784 37.625282288 0.011051370 0.999759078 0.018963804 -37.350868225 -0.084098630 -0.017968474 0.996295333 399.296051025
0.996323586 -0.012005322 0.084823243 37.900264740 0.010481177 0.999775946 0.018391017 -37.541866302 -0.085025035 -0.017434360 0.996226251 401.562255859
0.996250749 -0.013524561 0.085449204 38.169597626 0.011913761 0.999742031 0.019332904 -37.729927063 -0.085688628 -0.018242400 0.996155083 403.825225830
0.996190608 -0.015065046 0.085891277 38.451103210 0.013342693 0.999698877 0.020591682 -37.922470093 -0.086175635 -0.019367225 0.996091664 406.078002930
0.996185720 -0.015736077 0.085827969 38.731773376 0.014023461 0.999691010 0.020520654 -38.110179901 -0.086124383 -0.019238776 0.996098578 408.325469971
0.996143043 -0.015546842 0.086356275 39.018917084 0.013948072 0.999720514 0.019086307 -38.293964386 -0.086628884 -0.017808191 0.996081471 410.590209961
0.996074557 -0.013521829 0.087479189 39.314506531 0.011833245 0.999734044 0.019792587 -38.494873047 -0.087723561 -0.018679723 0.995969713 412.855834961
0.996018052 -0.012262608 0.088303842 39.596088409 0.010574361 0.999752700 0.019561084 -38.683425903 -0.088521868 -0.018549437 0.995901644 415.099639893
0.995935857 -0.011035276 0.089386918 39.887508392 0.009318394 0.999764383 0.019601911 -38.870601654 -0.089582190 -0.018689306 0.995804071 417.373443604
0.995873451 -0.011148561 0.090064995 40.181705475 0.009448557 0.999769509 0.019279685 -39.059936523 -0.090259179 -0.018349139 0.995749235 419.628265381
0.995765090 -0.010902734 0.091285288 40.465820312 0.009177821 0.999771655 0.019294368 -39.246295929 -0.091474816 -0.018374857 0.995637834 421.883270264
0.995691955 -0.011247135 0.092038475 40.755512238 0.009528508 0.999772370 0.019091094 -39.440086365 -0.092232257 -0.018131860 0.995572448 424.140838623
0.995621026 -0.011568999 0.092762657 41.053577423 0.009738225 0.999749184 0.020164536 -39.631050110 -0.092972673 -0.019172898 0.995483994 426.417755127
0.995579600 -0.010724559 0.093307465 41.349643707 0.008819730 0.999744713 0.020803018 -39.817596436 -0.093506739 -0.019888110 0.995419919 428.675750732
0.995502591 -0.009841848 0.094223179 41.651077271 0.007855146 0.999739528 0.021432830 -40.003341675 -0.094409563 -0.020596297 0.995320320 430.951843262
0.995526552 -0.010294447 0.093919247 41.956199646 0.008309921 0.999734342 0.021496810 -40.190517426 -0.094115593 -0.020620188 0.995347738 433.227447510
0.995467305 -0.010958517 0.094470650 42.258991241 0.009023606 0.999741197 0.020884534 -40.385234833 -0.094675064 -0.019937409 0.995308578 435.491973877
0.995465040 -0.010122843 0.094587840 42.565128326 0.008186105 0.999749303 0.020841187 -40.557277679 -0.094775096 -0.019972367 0.995298326 437.752838135
0.995412767 -0.010525233 0.095092848 42.868476868 0.008533932 0.999736190 0.021323064 -40.747558594 -0.095292203 -0.020413740 0.995240033 440.033294678
0.995449483 -0.010656171 0.094693899 43.182086945 0.008659294 0.999731898 0.021473678 -40.932540894 -0.094897345 -0.020555981 0.995274782 442.308105469
0.995483220 -0.009931013 0.094416894 43.514755249 0.007849154 0.999718308 0.022395497 -41.131401062 -0.094612725 -0.021553252 0.995280743 444.606689453
0.995437741 -0.010387451 0.094847299 43.820045471 0.008297848 0.999714673 0.022399131 -41.312568665 -0.095052905 -0.021509906 0.995239794 446.883087158
0.995431364 -0.010115856 0.094942346 44.121643066 0.008067099 0.999726772 0.021938050 -41.499626160 -0.095138341 -0.021071915 0.995240927 449.148193359
0.995434821 -0.009373655 0.094982632 44.427230835 0.007368747 0.999742985 0.021436974 -41.685615540 -0.095159151 -0.020639205 0.995248079 451.412109375
0.995384395 -0.008736379 0.095570058 44.728954315 0.006738526 0.999752402 0.021207413 -41.878662109 -0.095731668 -0.020465517 0.995196760 453.675262451
0.995305538 -0.008079247 0.096443571 45.029739380 0.006049959 0.999754488 0.021315109 -42.059421539 -0.096592098 -0.020631569 0.995110214 455.957855225
0.995273769 -0.008422859 0.096742146 45.331661224 0.006401949 0.999755144 0.021181101 -42.255279541 -0.096896872 -0.020461658 0.995084047 458.223205566
0.995314837 -0.007527356 0.096392661 45.653007507 0.005600716 0.999779403 0.020242397 -42.438106537 -0.096523762 -0.019607695 0.995137513 460.509521484
0.995318472 -0.006551104 0.096427567 45.962860107 0.004565401 0.999773264 0.020798940 -42.629547119 -0.096541949 -0.020261334 0.995122671 462.793945312
0.995344698 -0.005994520 0.096192442 46.273082733 0.003902660 0.999752104 0.021920027 -42.815345764 -0.096300013 -0.021442575 0.995121360 465.072662354
0.995394707 -0.006224156 0.095658779 46.575096130 0.004105607 0.999742270 0.022327840 -42.998954773 -0.095773093 -0.021832276 0.995163739 467.335906982
0.995488644 -0.006171378 0.094679669 46.888820648 0.004195408 0.999769509 0.021054924 -43.182430267 -0.094787806 -0.020562720 0.995285034 469.615325928
0.995563388 -0.006301238 0.093881823 47.203186035 0.004348386 0.999770224 0.020991251 -43.377830505 -0.093992539 -0.020489890 0.995362043 471.909088135
0.995632172 -0.006810852 0.093113951 47.506534576 0.004790817 0.999748647 0.021900576 -43.569480896 -0.093239702 -0.021358825 0.995414555 474.193359375
0.995604157 -0.006993980 0.093399838 47.797691345 0.004966793 0.999747336 0.021919254 -43.754272461 -0.093529560 -0.021359000 0.995387316 476.474060059
0.995722651 -0.006565825 0.092158884 48.100727081 0.004581228 0.999753356 0.021729572 -43.932548523 -0.092278846 -0.021214424 0.995507181 478.757019043
0.995742798 -0.006691543 0.091931924 48.401134491 0.004659214 0.999740362 0.022303754 -44.118515015 -0.092057303 -0.021780472 0.995515466 481.041961670
0.995770931 -0.007425670 0.091569401 48.703308105 0.005340423 0.999721289 0.022996349 -44.307178497 -0.091714635 -0.022410076 0.995533109 483.316650391
0.995790422 -0.007763150 0.091331422 48.998146057 0.005764524 0.999738514 0.022126706 -44.489574432 -0.091479324 -0.021507083 0.995574713 485.600250244
0.995907784 -0.008446151 0.089979425 49.306602478 0.006439057 0.999724507 0.022573113 -44.683147430 -0.090145282 -0.021901358 0.995687723 487.882659912
0.995885968 -0.008027204 0.090260610 49.584526062 0.006016759 0.999728203 0.022523863 -44.859123230 -0.090416893 -0.021888120 0.995663464 490.175842285
0.995920420 -0.007562742 0.089918166 49.880195618 0.005523258 0.999722242 0.022908777 -45.039901733 -0.090066455 -0.022318678 0.995685577 492.477172852
0.995974183 -0.006904745 0.089374043 50.180664062 0.004835184 0.999715626 0.023351999 -45.222549438 -0.089509860 -0.022825852 0.995724261 494.767974854
0.995977879 -0.006424308 0.089368559 50.463527679 0.004404592 0.999730766 0.022778731 -45.402854919 -0.089490846 -0.022293480 0.995738089 497.071624756
0.995995283 -0.006217101 0.089189678 50.766025543 0.004223807 0.999737382 0.022520298 -45.598205566 -0.089306287 -0.022053389 0.995760024 499.395355225
0.996029079 -0.006167252 0.088814318 51.055603027 0.004105372 0.999718249 0.023379611 -45.783843994 -0.088933475 -0.022922158 0.995773792 501.689270020
0.996035814 -0.005695160 0.088770635 51.342411041 0.003603956 0.999712646 0.023699893 -45.972045898 -0.088880084 -0.023286013 0.995770097 503.969970703
0.996057212 -0.004671711 0.088589966 51.631225586 0.002646986 0.999732912 0.022958739 -46.156845093 -0.088673562 -0.022633722 0.995803535 506.254974365
0.996051788 -0.004399733 0.088664919 51.913959503 0.002320072 0.999720097 0.023544705 -46.342552185 -0.088743702 -0.023246035 0.995783150 508.541381836
0.996067882 -0.004610661 0.088474639 52.201496124 0.002614505 0.999739707 0.022664525 -46.528594971 -0.088556126 -0.022344083 0.995820463 510.835174561
0.996105254 -0.005300991 0.088011734 52.503646851 0.003244766 0.999718726 0.023489740 -46.720829010 -0.088111505 -0.023112679 0.995842397 513.136352539
0.996120274 -0.005009382 0.087859318 52.796432495 0.002951943 0.999718726 0.023531742 -46.900566101 -0.087952465 -0.023181092 0.995854855 515.444213867
0.996154964 -0.004300718 0.087502748 53.090114594 0.002261010 0.999723732 0.023396000 -47.085823059 -0.087579191 -0.023108199 0.995889425 517.752990723
0.996125102 -0.003493341 0.087878697 53.370632172 0.001462865 0.999730706 0.023159249 -47.274124146 -0.087935939 -0.022940952 0.995861888 520.050659180
0.996079206 -0.001433239 0.088455573 53.663215637 -0.000629672 0.999728560 0.023289125 -47.462371826 -0.088464938 -0.023253508 0.995807827 522.408020020
0.996016145 0.000747261 0.089170255 53.956184387 -0.002854045 0.999719739 0.023501376 -47.648887634 -0.089127690 -0.023662243 0.995739043 524.745727539
0.995970845 0.001532519 0.089664720 54.255676270 -0.003742422 0.999693334 0.024483381 -47.827056885 -0.089599699 -0.024720302 0.995670974 527.077209473
0.995907009 0.001336918 0.090374105 54.544616699 -0.003566310 0.999693215 0.024511514 -48.010608673 -0.090313584 -0.024733493 0.995606124 529.389709473
0.995857537 -0.000512653 0.090926036 54.835700989 -0.001848637 0.999663293 0.025883231 -48.189262390 -0.090908676 -0.025944099 0.995521367 531.704162598
0.995804489 -0.001966868 0.091485180 55.140743256 -0.000355982 0.999678135 0.025367197 -48.363361359 -0.091505639 -0.025293341 0.995483279 534.032348633
0.995757341 -0.001931819 0.091997445 55.438800812 -0.000340829 0.999695301 0.024681261 -48.544036865 -0.092017107 -0.024607904 0.995453238 536.353515625
0.995671272 -0.002100974 0.092920072 55.736305237 -0.000184378 0.999697983 0.024579391 -48.727630615 -0.092943631 -0.024490131 0.995370150 538.677185059
0.995590448 -0.001558649 0.093793459 56.033378601 -0.000687574 0.999713838 0.023911519 -48.913581848 -0.093803905 -0.023870571 0.995304465 540.992248535
0.995489717 -0.000773678 0.094865859 56.335723877 -0.001476941 0.999719143 0.023651714 -49.101615906 -0.094857536 -0.023685150 0.995209038 543.318542480
0.995408356 -0.000591554 0.095718704 56.626811981 -0.001608067 0.999736369 0.022901274 -49.293033600 -0.095707029 -0.022950044 0.995144904 545.629028320
0.995253563 -0.000586131 0.097313955 56.917881012 -0.001674766 0.999730587 0.023149706 -49.473827362 -0.097301319 -0.023202805 0.994984508 547.956787109
0.995189965 0.000149398 0.097963423 57.224143982 -0.002510230 0.999709368 0.023976311 -49.660995483 -0.097931370 -0.024106894 0.994901121 550.258666992
0.995098889 0.000034680 0.098884791 57.527019501 -0.002410459 0.999711215 0.023906356 -49.842926025 -0.098855421 -0.024027545 0.994811714 552.564697266
0.995249987 -0.002028677 0.097329900 57.867847443 -0.000269639 0.999721587 0.023594704 -50.037345886 -0.097350650 -0.023508878 0.994972408 554.881530762
0.995289326 -0.002291395 0.096922003 58.192501068 -0.000025433 0.999714434 0.023896068 -50.221336365 -0.096949071 -0.023785962 0.995005071 557.199645996
0.995220244 -0.002087075 0.097633809 58.497146606 -0.000291766 0.999703526 0.024344316 -50.405124664 -0.097655676 -0.024256436 0.994924724 559.505981445
0.995186567 -0.001491333 0.097987197 58.812000275 -0.000992658 0.999679446 0.025296515 -50.587329865 -0.097993530 -0.025272019 0.994866133 561.838623047
0.995178521 -0.002428833 0.098049767 59.135215759 -0.000102565 0.999666989 0.025804179 -50.769905090 -0.098079793 -0.025689825 0.994846940 564.170166016
0.995149076 -0.001841335 0.098361358 59.452980042 -0.000759418 0.999651253 0.026396809 -50.945575714 -0.098375663 -0.026343457 0.994800627 566.488891602
0.995106041 -0.000825906 0.098809503 59.778324127 -0.001729785 0.999666154 0.025776369 -51.130535126 -0.098797806 -0.025821140 0.994772434 568.813720703
0.995133758 0.000166792 0.098534167 60.113918304 -0.002557243 0.999705434 0.024134329 -51.306350708 -0.098501138 -0.024268856 0.994840980 571.142700195
0.995127976 0.000480982 0.098590538 60.447494507 -0.002919765 0.999693274 0.024593694 -51.493587494 -0.098548464 -0.024761735 0.994824111 573.465942383
0.995118678 0.000562148 0.098683879 60.773113251 -0.003116788 0.999663889 0.025734859 -51.685913086 -0.098636232 -0.025916813 0.994786024 575.826660156
0.995135307 0.000474643 0.098516889 61.105487823 -0.003157950 0.999628186 0.027082888 -51.873970032 -0.098467402 -0.027262244 0.994766831 578.140686035
0.995064020 0.000444496 0.099234276 61.418693542 -0.002977044 0.999673605 0.025374267 -52.054985046 -0.099190608 -0.025544446 0.994740486 580.506408691
0.995089829 -0.000704972 0.098973155 61.747238159 -0.001828498 0.999673009 0.025504507 -52.239078522 -0.098958775 -0.025560249 0.994763196 582.844421387
0.995094836 -0.001201765 0.098918021 62.072673798 -0.001400353 0.999654889 0.026232177 -52.424499512 -0.098915406 -0.026242025 0.994749784 585.175231934
0.995137453 -0.001951106 0.098476410 62.417598724 -0.000628654 0.999657571 0.026158918 -52.607318878 -0.098493710 -0.026093626 0.994795501 587.559631348
0.995108843 -0.002921268 0.098741591 62.737751007 0.000440667 0.999683976 0.025134621 -52.785049438 -0.098783813 -0.024968179 0.994795620 589.900634766
0.995115876 -0.003308900 0.098658137 63.064899445 0.000817651 0.999680042 0.025281074 -52.969505310 -0.098710224 -0.025076929 0.994800210 592.246032715
0.995097518 -0.005319956 0.098755494 63.382919312 0.002789429 0.999664664 0.025744580 -53.154663086 -0.098859340 -0.025342897 0.994778633 594.585327148
0.995126486 -0.005910091 0.098428726 63.715915680 0.003389631 0.999662519 0.025754521 -53.336288452 -0.098547719 -0.025295371 0.994810760 596.943542480
