1.000000000 0.000000000 0.000000000 0.000000000 0.000000000 1.000000000 0.000000000 0.000000000 0.000000000 0.000000000 1.000000000 0.000000000
0.999999940 -0.000075229 0.000327396 0.088135153 0.000075295 1.000000000 -0.000202480 -0.226667881 -0.000327381 0.000202505 0.999999940 2.285398006
0.999999464 0.000177373 0.001025206 0.167990535 -0.000177670 0.999999940 0.000289890 -0.464077085 -0.001025155 -0.000290072 0.999999344 4.578775883
0.999998808 -0.000278364 0.001508131 0.266736329 0.000277683 0.999999821 0.000452060 -0.696320355 -0.001508257 -0.000451641 0.999998748 6.865433216
0.999997139 -0.000446762 0.002337934 0.361532241 0.000449962 0.999998927 -0.001368428 -0.927285790 -0.002337321 0.001369475 0.999996245 9.157470703
0.999989212 0.001366606 0.004438818 0.452419698 -0.001366854 0.999999166 0.000052890 -1.163768888 -0.004438742 -0.000058956 0.999990106 11.462777138
0.999974489 0.003045063 0.006460558 0.557929158 -0.003052377 0.999994636 0.001122652 -1.394801021 -0.006457105 -0.001142343 0.999978483 13.743280411
0.999957085 0.002921435 0.008783804 0.664165497 -0.002954226 0.999988675 0.003722549 -1.624019980 -0.008772830 -0.003748339 0.999954462 16.013895035
0.999951243 0.003198615 0.009344827 0.775429964 -0.003247979 0.999980748 0.005271993 -1.857378840 -0.009327787 -0.005302088 0.999942422 18.307331085
0.999937415 0.002315196 0.010947134 0.885430455 -0.002373811 0.999982834 0.005344335 -2.080939531 -0.010934574 -0.005369986 0.999925733 20.594560623
0.999933839 -0.000238864 0.011502907 0.999644876 0.000208502 0.999996483 0.002640672 -2.302315474 -0.011503497 -0.002638099 0.999930382 22.901550293
0.999915838 -0.002279635 0.012774358 1.100008726 0.002272180 0.999997258 0.000598125 -2.522080183 -0.012775684 -0.000569049 0.999918222 25.181646347
0.999926388 -0.002990968 0.011757556 1.246753812 0.002997119 0.999995410 -0.000505561 -2.761920929 -0.011755990 0.000540762 0.999930739 27.468942642
0.999908268 -0.002712341 0.013271973 1.343577266 0.002732857 0.999995053 -0.001527889 -2.988636494 -0.013267763 0.001564019 0.999910831 29.754554749
0.999907851 -0.000397819 0.013571573 1.471422195 0.000384231 0.999999404 0.001003814 -3.218592882 -0.013571968 -0.000998507 0.999907315 32.021034241
0.999906600 0.001609557 0.013572969 1.600649238 -0.001652718 0.999993563 0.003169359 -3.440897703 -0.013567783 -0.003191496 0.999902785 34.301685333
0.999865413 0.003782780 0.015964899 1.699850559 -0.003903572 0.999963939 0.007541787 -3.676548481 -0.015935797 -0.007603093 0.999844074 36.605617523
0.999846280 0.005659668 0.016595010 1.817094326 -0.005778164 0.999958098 0.007101235 -3.895013571 -0.016554125 -0.007196032 0.999837101 38.874931335
0.999813020 0.004766948 0.018740941 1.921287656 -0.004874415 0.999971926 0.005692848 -4.103481293 -0.018713281 -0.005783136 0.999808192 41.177623749
0.999818265 0.002326838 0.018919703 2.047495127 -0.002406444 0.999988317 0.004185880 -4.325895786 -0.018909741 -0.004230647 0.999812365 43.453559875
0.999822021 0.002201862 0.018736465 2.178169012 -0.002271130 0.999990582 0.003676467 -4.557645321 -0.018728195 -0.003718365 0.999817669 45.724826813
0.999821723 0.001408354 0.018830661 2.306663990 -0.001458940 0.999995351 0.002672893 -4.786983013 -0.018826813 -0.002699889 0.999819100 47.999557495
0.999819696 0.000328258 0.018985432 2.443022490 -0.000384902 0.999995470 0.002980015 -5.014828205 -0.018984368 -0.002986786 0.999815285 50.281967163
0.999807358 -0.000611798 0.019625196 2.575922489 0.000541895 0.999993503 0.003567026 -5.240833282 -0.019627253 -0.003555703 0.999801040 52.545009613
0.999797583 -0.001817545 0.020038012 2.709169865 0.001742814 0.999991417 0.003746329 -5.472588539 -0.020044653 -0.003710649 0.999792159 54.827728271
0.999766648 -0.001876483 0.021521071 2.834253788 0.001794669 0.999991119 0.003820257 -5.699800014 -0.021528043 -0.003780742 0.999761105 57.118968964
0.999762297 -0.003430790 0.021535769 2.979585886 0.003336705 0.999984741 0.004403213 -5.924731255 -0.021550549 -0.004330308 0.999758363 59.388862610
0.999715745 -0.004666189 0.023380177 3.103003979 0.004578393 0.999982297 0.003807238 -6.149017334 -0.023397524 -0.003699112 0.999719381 61.657020569
0.999698281 -0.005573236 0.023920111 3.253046274 0.005485679 0.999978006 0.003724486 -6.374679089 -0.023940340 -0.003592144 0.999706864 63.911941528
0.999662399 -0.005006093 0.025494471 3.390141249 0.004895514 0.999978364 0.004397921 -6.598432064 -0.025515934 -0.004271628 0.999665260 66.181091309
0.999635994 -0.004128100 0.026662026 3.534681797 0.004003216 0.999980688 0.004735673 -6.824635506 -0.026681064 -0.004627216 0.999633253 68.433464050
0.999594867 -0.004352443 0.028128419 3.671402216 0.004225553 0.999980569 0.004568969 -7.050518990 -0.028147763 -0.004448260 0.999593794 70.678802490
0.999579787 -0.005229706 0.028511338 3.834268570 0.005144198 0.999982059 0.003071614 -7.271307945 -0.028526889 -0.002923656 0.999588728 72.922508240
0.999563456 -0.005986150 0.028930441 3.986718178 0.005881209 0.999975801 0.003711094 -7.500059605 -0.028951952 -0.003539328 0.999574482 75.187980652
0.999512434 -0.007275678 0.030362042 4.147185802 0.007187896 0.999969661 0.002999320 -7.729312897 -0.030382941 -0.002779618 0.999534488 77.456161499
0.999514461 -0.007927351 0.030132497 4.309573650 0.007842639 0.999964952 0.002928503 -7.957957268 -0.030154662 -0.002690763 0.999541581 79.707382202
0.999482095 -0.008385115 0.031066472 4.457761288 0.008304454 0.999961734 0.002724491 -8.177663803 -0.031088132 -0.002465090 0.999513626 81.962951660
0.999473095 -0.007826716 0.031500485 4.634603024 0.007751182 0.999966741 0.002519309 -8.405757904 -0.031519156 -0.002273815 0.999500573 84.229362488
0.999425292 -0.007635613 0.033027265 4.793206692 0.007544762 0.999967337 0.002874512 -8.623109818 -0.033048134 -0.002623677 0.999450386 86.479965210
0.999421358 -0.007654360 0.033139817 4.962250710 0.007524086 0.999963462 0.004053944 -8.856166840 -0.033169627 -0.003802252 0.999442518 88.759552002
0.999400020 -0.006585610 0.034003131 5.123142242 0.006427534 0.999968052 0.004756072 -9.083664894 -0.034033369 -0.004534661 0.999410510 91.016860962
0.999368250 -0.006464482 0.034945477 5.288240433 0.006312378 0.999970138 0.004461190 -9.303243637 -0.034973275 -0.004237784 0.999379277 93.269119263
0.999354899 -0.006332517 0.035346977 5.457016468 0.006194756 0.999972761 0.004005515 -9.522864342 -0.035371389 -0.003783966 0.999366999 95.523857117
0.999320984 -0.006821749 0.036206532 5.622568130 0.006672662 0.999968767 0.004236935 -9.745162964 -0.036234301 -0.003992464 0.999335349 97.774887085
0.999298334 -0.006749554 0.036840793 5.789562225 0.006614086 0.999970913 0.003797759 -9.977334023 -0.036865354 -0.003551426 0.999313951 100.006385803
0.999240279 -0.006949387 0.038346600 5.949572563 0.006765960 0.999965072 0.004911093 -10.193918228 -0.038379382 -0.004647911 0.999252439 102.241058350
0.999213994 -0.007097057 0.039001603 6.138885021 0.006921440 0.999965250 0.004636002 -10.414839745 -0.039033148 -0.004362411 0.999228418 104.496528625
0.999185562 -0.007549401 0.039638501 6.305918694 0.007317437 0.999955237 0.005993835 -10.648772240 -0.039681986 -0.005698899 0.999196112 106.730667114
0.999136746 -0.008606299 0.040641662 6.487857819 0.008368596 0.999946833 0.006015316 -10.862405777 -0.040691271 -0.005670009 0.999155641 108.976509094
0.999102712 -0.009711174 0.041224502 6.678731918 0.009435793 0.999931991 0.006869339 -11.087193489 -0.041288409 -0.006474189 0.999126256 111.223167419
0.999086797 -0.010078424 0.041521709 6.870687485 0.009855444 0.999935865 0.005571391 -11.309158325 -0.041575201 -0.005157089 0.999122024 113.486328125
0.999048054 -0.010579832 0.042320002 7.055357933 0.010396479 0.999935627 0.004550261 -11.526210785 -0.042365413 -0.004105951 0.999093771 115.738380432
0.999009848 -0.010900608 0.043133631 7.238803864 0.010698023 0.999930620 0.004924731 -11.750247002 -0.043184321 -0.004458411 0.999057174 117.966430664
0.998964667 -0.011026736 0.044136800 7.428444862 0.010788957 0.999925971 0.005621981 -11.967454910 -0.044195522 -0.005139970 0.999009609 120.204536438
0.998931587 -0.011790515 0.044684678 7.626382828 0.011539163 0.999916136 0.005878774 -12.190051079 -0.044750243 -0.005356869 0.998983860 122.430130005
0.998898029 -0.012805742 0.045151141 7.822753906 0.012566707 0.999905527 0.005574022 -12.410401344 -0.045218255 -0.005000478 0.998964548 124.666435242
0.998877943 -0.012986432 0.045542963 8.012067795 0.012778578 0.999906600 0.004852078 -12.638219833 -0.045601718 -0.004264660 0.998950601 126.931213379
0.998864472 -0.014778538 0.045290168 8.203395844 0.014558518 0.999880493 0.005184012 -12.856362343 -0.045361366 -0.004518768 0.998960435 129.189575195
0.998890519 -0.015886059 0.044332422 8.394846916 0.015648408 0.999861300 0.005702602 -13.078367233 -0.044416860 -0.005002542 0.999000549 131.443954468
0.998955309 -0.016122468 0.042759314 8.595483780 0.015838964 0.999850333 0.006960737 -13.296884537 -0.042865135 -0.006276202 0.999061167 133.679656982
0.999004960 -0.016761938 0.041328121 8.794836044 0.016491404 0.999840319 0.006878334 -13.522147179 -0.041436814 -0.006189931 0.999121964 135.937637329
0.999061823 -0.017420961 0.039648138 8.991527557 0.017188175 0.999832928 0.006204585 -13.733562469 -0.039749604 -0.005517285 0.999194503 138.163940430
0.999059677 -0.018715329 0.039109252 9.172672272 0.018486315 0.999809802 0.006209271 -13.957406044 -0.039218027 -0.005480447 0.999215603 140.436630249
0.999058068 -0.018923705 0.039049625 9.343991280 0.018679261 0.999803603 0.006615220 -14.170063019 -0.039167140 -0.005879571 0.999215424 142.666717529
0.999106526 -0.019049343 0.037725978 9.531687737 0.018775025 0.999794781 0.007612237 -14.392029762 -0.037863247 -0.006897130 0.999259055 144.868972778
0.999120057 -0.018053697 0.037857309 9.703976631 0.017814927 0.999819219 0.006635050 -14.609711647 -0.037970249 -0.005954787 0.999261081 147.114089966
0.999147832 -0.016656898 0.037764311 9.880953789 0.016473198 0.999850869 0.005170381 -14.829391479 -0.037844803 -0.004543875 0.999273300 149.354431152
0.999159873 -0.014938300 0.038159352 10.054200172 0.014783975 0.999881387 0.004323147 -15.051915169 -0.038219400 -0.003755369 0.999262333 151.602844238
0.999165714 -0.014191728 0.038292795 10.235323906 0.014038847 0.999892294 0.004258357 -15.266748428 -0.038349103 -0.003717218 0.999257445 153.847534180
0.999155700 -0.013453024 0.038818937 10.409807205 0.013277862 0.999900401 0.004766582 -15.485960007 -0.038879197 -0.004247124 0.999234915 156.097427368
0.999149621 -0.012654013 0.039241005 10.597249031 0.012427665 0.999904692 0.006006659 -15.707847595 -0.039313272 -0.005513877 0.999211788 158.317871094
0.999117315 -0.012217086 0.040191472 10.772606850 0.011959851 0.999906421 0.006634434 -15.923532486 -0.040268768 -0.006147895 0.999169946 160.584274292
0.999097466 -0.011189707 0.040975157 10.956230164 0.010848341 0.999904573 0.008543940 -16.143501282 -0.041066855 -0.008091718 0.999123573 162.819580078
0.999055564 -0.010533509 0.042152952 11.132541656 0.010224642 0.999919295 0.007536191 -16.352066040 -0.042228941 -0.007098074 0.999082744 165.082122803
0.999007344 -0.009815965 0.043451022 11.318302155 0.009540646 0.999933124 0.006539100 -16.569778442 -0.043512307 -0.006118058 0.999034107 167.319976807
0.998922825 -0.008020123 0.045703452 11.499197960 0.007718279 0.999947250 0.006777043 -16.786558151 -0.045755394 -0.006416992 0.998932064 169.557479858
0.998825192 -0.007464139 0.047880892 11.705515862 0.007104507 0.999945223 0.007676760 -17.021282196 -0.047935579 -0.007327570 0.998823524 171.801330566
0.998701811 -0.007890646 0.050320920 11.902307510 0.007536596 0.999945462 0.007221738 -17.232067108 -0.050375156 -0.006833115 0.998706996 174.065231323
0.998619199 -0.007597553 0.051981032 12.109061241 0.007183209 0.999940932 0.008153242 -17.455478668 -0.052039906 -0.007768593 0.998614788 176.314727783
0.998567879 -0.008145919 0.052876260 12.310588837 0.007680738 0.999930024 0.008994834 -17.666124344 -0.052945830 -0.008575824 0.998560607 178.538040161
0.998566747 -0.009733418 0.052627154 12.517389297 0.009308409 0.999922097 0.008314967 -17.875637054 -0.052703992 -0.007813173 0.998579621 180.786651611
0.998510063 -0.010608952 0.053525340 12.711955070 0.010187341 0.999914944 0.008143535 -18.088903427 -0.053607181 -0.007586120 0.998533309 183.038208008
0.998572707 -0.011343402 0.052190814 12.930515289 0.010912554 0.999903977 0.008532822 -18.320245743 -0.052282602 -0.007951106 0.998600602 185.271224976
0.998586059 -0.013082065 0.051524088 13.138816833 0.012607382 0.999875128 0.009527110 -18.537509918 -0.051642291 -0.008864054 0.998626232 187.517089844
0.998608351 -0.013988024 0.050848465 13.348628044 0.013556831 0.999869168 0.008815016 -18.743106842 -0.050965119 -0.008113402 0.998667479 189.759613037
0.998559177 -0.015331802 0.051424857 13.546173096 0.014873628 0.999846220 0.009280445 -18.974163055 -0.051559243 -0.008502201 0.998633683 192.006271362
0.998525262 -0.016898789 0.051590674 13.740219116 0.016475726 0.999827147 0.008614746 -19.184555054 -0.051727325 -0.007752048 0.998631179 194.244812012
0.998539090 -0.016527433 0.051444083 13.949216843 0.016083980 0.999829948 0.009022268 -19.399765015 -0.051584456 -0.008181662 0.998635054 196.481750488
0.998541474 -0.014789823 0.051924136 14.157607079 0.014319181 0.999853015 0.009424395 -19.614309311 -0.052055892 -0.008667137 0.998606563 198.711410522
0.998547018 -0.011795374 0.052580643 14.350937843 0.011324690 0.999893188 0.009240585 -19.838312149 -0.052684017 -0.008631699 0.998573899 200.972747803
0.998506665 -0.011009949 0.053508293 14.559911728 0.010557937 0.999906242 0.008722885 -20.052968979 -0.053599317 -0.008144922 0.998529315 203.237075806
0.998468995 -0.011122994 0.054185353 14.761121750 0.010622910 0.999898374 0.009508430 -20.260429382 -0.054285605 -0.008918265 0.998485684 205.463882446
0.998466492 -0.012524555 0.053926453 14.996451378 0.012010797 0.999879360 0.009840609 -20.484064102 -0.054043207 -0.009177817 0.998496532 207.713653564
0.998406231 -0.012328614 0.055073086 15.203744888 0.011792815 0.999880016 0.010043278 -20.684555054 -0.055190302 -0.009377806 0.998431742 209.956314087
0.998315334 -0.012386690 0.056686293 15.412220955 0.011732155 0.999860764 0.011864920 -20.918521881 -0.056825373 -0.011179880 0.998321533 212.202362061
0.998256683 -0.010945594 0.057996929 15.649583817 0.010255750 0.999873161 0.012178815 -21.125377655 -0.058122873 -0.011562782 0.998242497 214.433303833
0.998077750 -0.009097748 0.061302938 15.868644714 0.008364784 0.999890566 0.012202471 -21.334032059 -0.061407249 -0.011666230 0.998044610 216.707489014
0.997942388 -0.009157168 0.063459486 16.095939636 0.008380161 0.999886692 0.012499541 -21.538066864 -0.063566759 -0.011942021 0.997906148 218.949356079
0.997807741 -0.010545913 0.065333605 16.327243805 0.009718953 0.999868691 0.012962407 -21.736362457 -0.065461755 -0.012299018 0.997779250 221.174575806
0.997712791 -0.011689366 0.066579081 16.562156677 0.010801608 0.999848127 0.013678329 -21.935056686 -0.066728868 -0.012927881 0.997687399 223.402252197
0.997654319 -0.013574420 0.067092597 16.808763504 0.012729502 0.999834418 0.013004878 -22.139905930 -0.067258023 -0.012120317 0.997661948 225.622817993
0.997615933 -0.014901510 0.067382604 17.047822952 0.014078685 0.999820530 0.012669669 -22.338720322 -0.067559317 -0.011690804 0.997646749 227.863708496
0.997564793 -0.015183994 0.068072729 17.283020020 0.014330545 0.999812841 0.013008127 -22.539520264 -0.068257496 -0.012000934 0.997595549 230.094818115
0.997512698 -0.016363809 0.068561010 17.526212692 0.015573165 0.999806225 0.012050643 -22.742826462 -0.068744913 -0.010952957 0.997574151 232.338180542
0.997484982 -0.017561615 0.068669587 17.790002823 0.016673410 0.999770045 0.013486299 -22.954336166 -0.068890646 -0.012307423 0.997548282 234.615646362
0.997454226 -0.017326804 0.069172896 18.037265778 0.016439205 0.999775350 0.013380335 -23.150718689 -0.069389194 -0.012209124 0.997514963 236.854293823
0.997403800 -0.016786084 0.070026979 18.275049210 0.015887138 0.999784350 0.013374403 -23.349964142 -0.070236377 -0.012227153 0.997455359 239.060409546
0.997377992 -0.016967213 0.070350796 18.524133682 0.016049948 0.999778926 0.013583295 -23.548938751 -0.070565723 -0.012418553 0.997429788 241.286621094
0.997336864 -0.017454362 0.070813440 18.775428772 0.016529407 0.999770463 0.013626948 -23.748086929 -0.071035035 -0.012420154 0.997396469 243.532577515
0.997300148 -0.017790681 0.071244456 19.022937775 0.016908122 0.999772906 0.012971764 -23.953273773 -0.071459033 -0.011732132 0.997374654 245.752761841
0.997310162 -0.017304868 0.071224757 19.280548096 0.016475331 0.999789596 0.012217861 -24.156038284 -0.071421199 -0.011011544 0.997385442 247.981613159
0.997290611 -0.017613426 0.071422726 19.538026810 0.016748281 0.999779165 0.012693944 -24.357656479 -0.071630538 -0.011463345 0.997365296 250.214569092
0.997275531 -0.018835235 0.071321346 19.797981262 0.017987745 0.999759912 0.012506477 -24.559253693 -0.071539789 -0.011189494 0.997374952 252.446777344
0.997268498 -0.019030135 0.071367882 20.062414169 0.018122803 0.999746740 0.013339506 -24.766298294 -0.071603671 -0.012009682 0.997360826 254.707870483
0.997259021 -0.019991357 0.071235925 20.307434082 0.019063780 0.999724686 0.013677444 -24.970397949 -0.071489751 -0.012281929 0.997365773 256.925262451
0.997228086 -0.020191742 0.071612820 20.572704315 0.019212363 0.999712527 0.014338543 -25.185619354 -0.071881764 -0.012922944 0.997329354 259.202545166
0.997199059 -0.019832693 0.072115675 20.829555511 0.018896706 0.999728441 0.013638269 -25.382871628 -0.072366573 -0.012237323 0.997303009 261.443237305
0.997182429 -0.019821359 0.072348572 21.091444016 0.018920785 0.999734938 0.013111981 -25.581426620 -0.072589301 -0.011706145 0.997293234 263.698822021
0.997165084 -0.018959925 0.072817400 21.355634689 0.018091734 0.999757409 0.012563973 -25.784271240 -0.073037952 -0.011210961 0.997266173 265.940460205
0.997101903 -0.018425949 0.073813312 21.610908508 0.017541947 0.999766707 0.012606692 -25.982299805 -0.074028373 -0.011275326 0.997192442 268.183654785
0.996948957 -0.017947981 0.075963877 21.856941223 0.017057339 0.999778152 0.012357238 -26.195226669 -0.076168813 -0.011023795 0.997033954 270.431976318
0.996872306 -0.018772416 0.076766960 22.134332657 0.017832568 0.999757648 0.012910157 -26.403577805 -0.076990709 -0.011500823 0.996965468 272.680023193
0.996661425 -0.019185456 0.079359263 22.376466751 0.018184464 0.999745965 0.013317049 -26.599895477 -0.079594612 -0.011829483 0.996757150 274.922393799
0.996561289 -0.019177405 0.080609225 22.654588699 0.018088177 0.999735236 0.014221085 -26.790245056 -0.080860622 -0.012714110 0.996644318 277.164215088
0.996477008 -0.018316662 0.081840731 22.936250687 0.017068198 0.999727428 0.015928488 -27.002918243 -0.082110174 -0.014475498 0.996518135 279.410552979
0.996383905 -0.018027479 0.083030857 23.219083786 0.016678993 0.999717951 0.016905915 -27.202697754 -0.083312206 -0.015459911 0.996403575 281.646057129
0.996303976 -0.017073197 0.084183626 23.492488861 0.015721157 0.999736965 0.016697474 -27.389514923 -0.084446564 -0.015312295 0.996310353 283.907653809
0.996203840 -0.016135953 0.085542150 23.760059357 0.014795763 0.999757946 0.016277967 -27.581432343 -0.085784093 -0.014950512 0.996201575 286.131408691
0.996216178 -0.015842097 0.085454136 24.054172516 0.014608641 0.999780178 0.015040265 -27.768327713 -0.085673623 -0.013734987 0.996228516 288.379150391
0.996156394 -0.016633030 0.085999481 24.327636719 0.015374122 0.999765098 0.015280227 -27.969856262 -0.086233422 -0.013899327 0.996177971 290.604888916
0.996063888 -0.016940735 0.087004147 24.585565567 0.015774183 0.999776483 0.014078076 -28.158344269 -0.087223195 -0.012650245 0.996108472 292.862457275
0.996078968 -0.017566660 0.086708464 24.871433258 0.016498290 0.999779105 0.013022746 -28.352209091 -0.086918093 -0.011541141 0.996148527 295.093902588
0.996075869 -0.017444754 0.086766616 25.154428482 0.016372437 0.999780834 0.013054937 -28.554363251 -0.086975321 -0.011583128 0.996143103 297.322418213
0.996073425 -0.016747339 0.086932920 25.436992645 0.015660509 0.999790668 0.013168958 -28.750434875 -0.087135255 -0.011755836 0.996127129 299.559844971
0.995981455 -0.016589632 0.088009544 25.693794250 0.015390208 0.999779463 0.014289468 -28.957607269 -0.088227175 -0.012877560 0.996017158 301.797576904
0.995980322 -0.016892660 0.087965026 25.982795715 0.015695961 0.999774814 0.014278287 -29.153051376 -0.088186443 -0.012840196 0.996021152 304.041809082
0.995922983 -0.016449824 0.088695362 26.268383026 0.015226573 0.999779582 0.014450651 -29.351091385 -0.088913523 -0.013041208 0.995953977 306.285186768
0.995907843 -0.017100481 0.088743269 26.555046082 0.015880663 0.999769688 0.014433486 -29.557596207 -0.088969663 -0.012965118 0.995949924 308.534729004
0.995863616 -0.018524889 0.088953637 26.845870972 0.017271725 0.999740720 0.014837022 -29.753898621 -0.089205451 -0.013239266 0.995925248 310.790405273
0.995837748 -0.017854985 0.089376956 27.137023926 0.016654713 0.999761045 0.014157162 -29.955080032 -0.089608379 -0.012609688 0.995897233 313.031829834
0.995847881 -0.017294478 0.089374281 27.431718826 0.016021803 0.999760032 0.014937734 -30.158596039 -0.089611165 -0.013443775 0.995886087 315.271453857
0.995783329 -0.015353597 0.090441570 27.717998505 0.014133579 0.999800503 0.014114632 -30.360202789 -0.090640232 -0.012776852 0.995801866 317.504913330
0.995761633 -0.013474385 0.090978973 28.003179550 0.012183003 0.999817193 0.014734772 -30.561849594 -0.091160901 -0.013563924 0.995743811 319.738586426
0.995709300 -0.012302061 0.091715030 28.289909363 0.011079007 0.999842942 0.013832589 -30.757278442 -0.091870785 -0.012757127 0.995689213 321.959197998
0.995673835 -0.011658184 0.092182577 28.578577042 0.010357494 0.999840081 0.014575809 -30.955329895 -0.092337772 -0.013557972 0.995635390 324.192687988
0.995686352 -0.011501895 0.092067547 28.879306793 0.010072416 0.999821782 0.015976071 -31.163663864 -0.092234880 -0.014979817 0.995624602 326.420166016
0.995625854 -0.012050910 0.092648990 29.161655426 0.010634494 0.999819160 0.015766520 -31.363338470 -0.092822224 -0.014712282 0.995573938 328.661468506
0.995634079 -0.013363024 0.092380941 29.464033127 0.012033250 0.999816060 0.014936522 -31.558767319 -0.092563547 -0.013759668 0.995611727 330.893798828
0.995606303 -0.012680585 0.092775643 29.750394821 0.011353343 0.999825835 0.014819799 -31.757202148 -0.092947409 -0.013701374 0.995576739 333.112457275
0.995584846 -0.013007290 0.092960387 30.044412613 0.011580398 0.999806881 0.015872471 -31.953388214 -0.093148910 -0.014725872 0.995543242 335.350799561
0.995605171 -0.013439379 0.092680454 30.348102570 0.012015502 0.999801338 0.015904244 -32.147186279 -0.092875786 -0.014720748 0.995568871 337.585723877
0.995595157 -0.013155350 0.092829295 30.634336472 0.011701125 0.999800384 0.016192541 -32.347297668 -0.093023784 -0.015035008 0.995550334 339.819519043
0.995620608 -0.013235327 0.092545539 30.937129974 0.011809378 0.999803245 0.015938789 -32.546943665 -0.092738286 -0.014776079 0.995580852 342.056793213
0.995633662 -0.013191668 0.092409946 31.231758118 0.011715775 0.999795318 0.016495490 -32.742675781 -0.092608638 -0.015340813 0.995584369 344.300659180
0.995673835 -0.012682769 0.092047416 31.525165558 0.011204784 0.999800146 0.016555868 -32.935131073 -0.092239000 -0.015452874 0.995616972 346.532287598
0.995677292 -0.012206038 0.092073888 31.814279556 0.010741121 0.999808013 0.016389014 -33.127067566 -0.092256263 -0.015329192 0.995617270 348.770660400
0.995659530 -0.011642534 0.092339069 32.101264954 0.010134641 0.999807835 0.016782111 -33.324367523 -0.092516713 -0.015773445 0.995586216 351.005920410
0.995696545 -0.011807286 0.091917947 32.393497467 0.010254600 0.999796987 0.017346095 -33.520084381 -0.092104107 -0.016328864 0.995615423 353.230743408
0.995702505 -0.011403336 0.091906056 32.679672241 0.009909254 0.999811471 0.016696608 -33.712123871 -0.092079140 -0.015714131 0.995627701 355.467071533
0.995736957 -0.011484031 0.091520354 32.971782684 0.009947515 0.999802113 0.017227309 -33.905738831 -0.091700092 -0.016243469 0.995654106 357.697082520
0.995812416 -0.010899482 0.090767793 33.272827148 0.009292332 0.999792755 0.018109990 -34.103111267 -0.090946361 -0.017190708 0.995707393 359.941192627
0.995857358 -0.011018830 0.090258792 33.568851471 0.009404885 0.999788523 0.018287146 -34.299949646 -0.090441212 -0.017362518 0.995750368 362.182067871
0.995907247 -0.011014147 0.089706734 33.864315033 0.009370072 0.999780715 0.018727755 -34.491157532 -0.089893319 -0.017810548 0.995792270 364.416839600
0.995958149 -0.010989009 0.089143403 34.157672882 0.009416929 0.999792993 0.018036852 -34.682334900 -0.089323170 -0.017124496 0.995855451 366.670349121
0.995977461 -0.011729458 0.088833034 34.443515778 0.010188800 0.999790072 0.017776921 -34.874217987 -0.089022897 -0.016800307 0.995887876 368.917297363
0.995953143 -0.011507818 0.089133427 34.725677490 0.010031451 0.999805272 0.016993860 -35.062896729 -0.089311637 -0.016030950 0.995874703 371.184204102
0.996033192 -0.012073626 0.088159539 35.020374298 0.010582952 0.999793470 0.017356690 -35.265037537 -0.088350877 -0.016354853 0.995955169 373.416534424
0.996066511 -0.011755284 0.087825581 35.313049316 0.010203286 0.999784052 0.018099463 -35.453948975 -0.088019401 -0.017132161 0.995971441 375.669799805
0.996028066 -0.011908160 0.088241592 35.592075348 0.010347295 0.999782145 0.018124914 -35.641616821 -0.088438205 -0.017139858 0.995934129 377.931884766
0.996027052 -0.012327856 0.088193722 35.879573822 0.010737990 0.999771595 0.018478753 -35.836818695 -0.088401362 -0.017458314 0.995931923 380.171203613
0.996053934 -0.012493344 0.087866090 36.176219940 0.010906312 0.999769032 0.018518904 -36.023353577 -0.088077165 -0.017487532 0.995960236 382.418945312
0.996056974 -0.011625529 0.087950960 36.468734741 0.010004730 0.999772310 0.018846886 -36.217174530 -0.088150039 -0.017892648 0.995946467 384.675384521
0.996048331 -0.010424137 0.088199250 36.748764038 0.008789454 0.999782681 0.018902104 -36.401660919 -0.088377133 -0.018052187 0.995923460 386.907562256
0.996076405 -0.009345898 0.088002034 37.048530579 0.007719578 0.999793410 0.018802740 -36.601249695 -0.088159584 -0.018049628 0.995942831 389.172668457
0.996055007 -0.007894808 0.088385880 37.330886841 0.006260672 0.999804616 0.018750645 -36.793804169 -0.088516645 -0.018123318 0.995909750 391.446472168
0.996074200 -0.006713704 0.088267140 37.622261047 0.004952461 0.999784529 0.020157414 -36.984542847 -0.088383436 -0.019641140 0.995892882 393.707794189
0.996005535 -0.005461361 0.089124426 37.901817322 0.003654776 0.999784887 0.020420982 -37.174030304 -0.089216776 -0.020013683 0.995811164 395.973083496
0.995946586 -0.005194403 0.089796416 38.187831879 0.003501524 0.999813497 0.018999657 -37.371868134 -0.089878343 -0.018608222 0.995778859 398.232391357
0.995876312 -0.004985393 0.090583652 38.468296051 0.003319339 0.999822676 0.018533802 -37.563907623 -0.090659969 -0.018156696 0.995716393 400.488525391
0.995727062 -0.005974319 0.092150278 38.742973328 0.004169899 0.999796093 0.019761413 -37.752510071 -0.092249528 -0.019292720 0.995549023 402.731903076
0.995785058 -0.007322414 0.091424033 39.054519653 0.005486000 0.999778450 0.020321948 -37.939521790 -0.091552570 -0.019734742 0.995604694 405.010406494
0.995711207 -0.007967738 0.092171498 39.340221405 0.006101689 0.999771059 0.020509526 -38.130844116 -0.092313789 -0.019859163 0.995531917 407.266448975
0.995680332 -0.006395318 0.092626810 39.651874542 0.004632109 0.999804139 0.019238116 -38.305503845 -0.092731699 -0.018725958 0.995514989 409.513275146
0.995594859 -0.005875607 0.093575358 39.943943024 0.004017419 0.999791205 0.020033674 -38.503753662 -0.093673542 -0.019569492 0.995410562 411.766296387
0.995583296 -0.004152251 0.093790628 40.258865356 0.002345527 0.999809742 0.019365406 -38.697868347 -0.093853191 -0.019059882 0.995403588 414.024566650
0.995495796 -0.003039283 0.094756871 40.561443329 0.001205329 0.999810994 0.019405551 -38.889312744 -0.094797939 -0.019203933 0.995311260 416.291046143
0.995429814 -0.003347357 0.095437370 40.864620209 0.001518413 0.999813914 0.019230006 -39.082366943 -0.095483974 -0.018997207 0.995249808 418.544433594
0.995318830 -0.003248523 0.096591383 41.159450531 0.001400821 0.999814868 0.019190710 -39.270088196 -0.096635848 -0.018965574 0.995139062 420.795196533
0.995231867 -0.003504772 0.097474560 41.455310822 0.001653732 0.999816895 0.019064279 -39.463958740 -0.097523525 -0.018812185 0.995055377 423.049560547
0.995170414 -0.003879567 0.098085687 41.764251709 0.001924763 0.999797821 0.020016313 -39.653945923 -0.098143496 -0.019730849 0.994976640 425.322082520
0.995124817 -0.003171272 0.098572098 42.069164276 0.001134918 0.999784946 0.020707730 -39.842502594 -0.098616563 -0.020494903 0.994914353 427.573608398
0.995044947 -0.002281819 0.099400409 42.381320953 0.000163872 0.999772906 0.021310180 -40.028602600 -0.099426478 -0.021188293 0.994819283 429.847167969
0.995039105 -0.002808204 0.099444464 42.694072723 0.000654662 0.999764681 0.021681737 -40.226051331 -0.099481940 -0.021509072 0.994806886 432.104858398
0.995009303 -0.003595107 0.099717595 43.011859894 0.001501521 0.999777019 0.021062253 -40.421253204 -0.099771082 -0.020807410 0.994792819 434.370666504
0.995006025 -0.002817701 0.099774949 43.332302094 0.000718888 0.999777853 0.021065183 -40.594604492 -0.099812135 -0.020888254 0.994787037 436.638397217
0.994976342 -0.003265826 0.100056387 43.650291443 0.001120355 0.999768436 0.021491325 -40.784786224 -0.100103393 -0.021271259 0.994749665 438.922271729
0.995025277 -0.003301733 0.099567443 43.973636627 0.001166098 0.999768138 0.021499703 -40.969100952 -0.099615343 -0.021276643 0.994798541 441.195220947
0.995027483 -0.002639118 0.099565938 44.305580139 0.000399566 0.999746561 0.022506393 -41.166732788 -0.099600099 -0.022354700 0.994776368 443.488220215
0.994976044 -0.003289792 0.100059442 44.619258881 0.001005487 0.999737918 0.022871343 -41.352897644 -0.100108467 -0.022655832 0.994718492 445.761871338
0.994962871 -0.003304272 0.100189134 44.930313110 0.001058560 0.999747217 0.022459604 -41.540363312 -0.100238010 -0.022240417 0.994714856 448.022949219
0.994965494 -0.002500794 0.100186974 45.246482849 0.000291406 0.999756575 0.022061221 -41.726669312 -0.100217737 -0.021920959 0.994724035 450.283599854
0.994918525 -0.002039028 0.100662611 45.560153961 -0.000170789 0.999759316 0.021939211 -41.920959473 -0.100683115 -0.021844920 0.994678676 452.549224854
0.994808435 -0.001361765 0.101756059 45.866966248 -0.000873433 0.999759376 0.021918457 -42.099044800 -0.101761438 -0.021893548 0.994567871 454.827087402
0.994797111 -0.001654777 0.101862490 46.180870056 -0.000551797 0.999765873 0.021630298 -42.292530060 -0.101874419 -0.021573965 0.994563401 457.095306396
0.994819522 -0.001079773 0.101651236 46.506061554 -0.001043264 0.999782622 0.020830018 -42.477775574 -0.101651616 -0.020828160 0.994602025 459.370910645
0.994782388 -0.000153181 0.102019176 46.818675995 -0.002049090 0.999767125 0.021481697 -42.668624878 -0.101998709 -0.021578660 0.994550407 461.647155762
0.994816124 0.000221632 0.101690054 47.140346527 -0.002540107 0.999739766 0.022670507 -42.853424072 -0.101658568 -0.022811294 0.994557798 463.921722412
0.994866908 0.000055685 0.101192102 47.452011108 -0.002410383 0.999729156 0.023147456 -43.036132812 -0.101163417 -0.023272550 0.994597554 466.188812256
0.994969606 0.000233241 0.100177176 47.775131226 -0.002424040 0.999760568 0.021748075 -43.217559814 -0.100148119 -0.021881504 0.994731843 468.471435547
0.995016813 0.000350491 0.099706136 48.099498749 -0.002496319 0.999767900 0.021397581 -43.410121918 -0.099675491 -0.021539852 0.994786739 470.766510010
0.995127499 -0.000117581 0.098595887 48.421489716 -0.002121023 0.999742448 0.022599708 -43.604240417 -0.098573148 -0.022698717 0.994870901 473.047363281
0.995097339 -0.000297238 0.098899961 48.723896027 -0.001980218 0.999735057 0.022928925 -43.792304993 -0.098880574 -0.023012359 0.994833171 475.329650879
0.995221317 0.000180252 0.097644530 49.040557861 -0.002327852 0.999757886 0.021880593 -43.957595825 -0.097616933 -0.022003338 0.994980931 477.607421875
0.995228112 0.000085096 0.097576953 49.351024628 -0.002302971 0.999741495 0.022617081 -44.146347046 -0.097549826 -0.022733871 0.994970977 479.887542725
0.995296896 -0.000285785 0.096871272 49.670295715 -0.001966883 0.999729812 0.023157945 -44.330947876 -0.096851721 -0.023239568 0.995027483 482.161987305
0.995294094 -0.000686325 0.096898548 49.969333649 -0.001486374 0.999749124 0.022348445 -44.514869690 -0.096889570 -0.022387303 0.995043337 484.449035645
0.995402098 -0.001702070 0.095769510 50.285255432 -0.000529625 0.999728978 0.023272522 -44.713722229 -0.095783167 -0.023216236 0.995131433 486.764770508
0.995483994 -0.002093003 0.094906144 50.592773438 -0.000138896 0.999723792 0.023504199 -44.894126892 -0.094929114 -0.023411240 0.995208681 489.042419434
0.995374858 -0.000987823 0.096062325 50.859249115 -0.001288636 0.999719799 0.023632806 -45.084270477 -0.096058778 -0.023647284 0.995094717 491.329589844
0.995445192 -0.000229874 0.095334388 51.173751831 -0.002071767 0.999708772 0.024043139 -45.264739990 -0.095312148 -0.024131142 0.995154858 493.613128662
0.995451510 0.000109042 0.095269062 51.470222473 -0.002370821 0.999717951 0.023628091 -45.445552826 -0.095239632 -0.023746485 0.995171070 495.917236328
0.995469272 0.000500850 0.095082320 51.786521912 -0.002722419 0.999726176 0.023236418 -45.636901855 -0.095044628 -0.023389997 0.995198190 498.235290527
0.995512605 0.000428938 0.094627917 52.088893890 -0.002725338 0.999704897 0.024139775 -45.821094513 -0.094589643 -0.024289345 0.995219946 500.527374268
0.995513558 0.000860880 0.094615176 52.384468079 -0.003197203 0.999693632 0.024544077 -46.008495331 -0.094565071 -0.024736466 0.995211303 502.799011230
0.995545626 0.001690079 0.094266139 52.689773560 -0.003962977 0.999705911 0.023929510 -46.192955017 -0.094197974 -0.024196500 0.995259345 505.080963135
0.995525599 0.002023191 0.094470330 52.984447479 -0.004359173 0.999689579 0.024527334 -46.375991821 -0.094391376 -0.024829403 0.995225430 507.369476318
0.995554209 0.001645302 0.094175689 53.288185120 -0.003874431 0.999716520 0.023491947 -46.558345795 -0.094110347 -0.023752388 0.995278299 509.655548096
0.995615423 0.000707277 0.093538314 53.601627350 -0.003018681 0.999693513 0.024571586 -46.751583099 -0.093492270 -0.024746211 0.995312452 511.952453613
0.995630443 0.001007136 0.093375303 53.906093597 -0.003326108 0.999689817 0.024682665 -46.931659698 -0.093321480 -0.024885390 0.995324969 514.254394531
0.995625615 0.001659987 0.093417242 54.203575134 -0.003959575 0.999693692 0.024436345 -47.112861633 -0.093348049 -0.024699347 0.995327055 516.563781738
0.995617926 0.002572760 0.093479156 54.499256134 -0.004853512 0.999695837 0.024179364 -47.296516418 -0.093388513 -0.024527108 0.995327592 518.863647461
0.995551229 0.004482195 0.094114877 54.804649353 -0.006791139 0.999683499 0.024227329 -47.484481812 -0.093976505 -0.024758698 0.995266497 521.213012695
0.995507002 0.006447325 0.094467506 55.116382599 -0.008796395 0.999661982 0.024471167 -47.670532227 -0.094277777 -0.025192194 0.995227158 523.546325684
0.995448172 0.006987083 0.095047861 55.424034119 -0.009468383 0.999625385 0.025679899 -47.848335266 -0.094832830 -0.026462957 0.995141387 525.872009277
0.995387733 0.006422410 0.095718704 55.722621918 -0.008915275 0.999631524 0.025638785 -48.029052734 -0.095518775 -0.026373889 0.995078206 528.176635742
0.995329440 0.004586999 0.096427478 56.022609711 -0.007231374 0.999606907 0.027091911 -48.208435059 -0.096265294 -0.027662680 0.994971216 530.494384766
0.995262146 0.002957237 0.097182132 56.334205627 -0.005583361 0.999626219 0.026761880 -48.386211395 -0.097066663 -0.027177691 0.994906723 532.813842773
0.995226383 0.003124174 0.097542509 56.644733429 -0.005690065 0.999644756 0.026038289 -48.562263489 -0.097426504 -0.026469022 0.994890690 535.130554199
0.995122492 0.002939389 0.098603219 56.949085236 -0.005516260 0.999650061 0.025871299 -48.743457794 -0.098492667 -0.026289036 0.994790494 537.443115234
0.995040715 0.003277411 0.099414043 57.256084442 -0.005832440 0.999659836 0.025421150 -48.931324005 -0.099296920 -0.025874898 0.994721353 539.762939453
0.994928658 0.004130129 0.100499734 57.566299438 -0.006674699 0.999665260 0.024996083 -49.112819672 -0.100362860 -0.025540126 0.994623065 542.087463379
0.994849324 0.004461584 0.101266801 57.891239166 -0.006937852 0.999685168 0.024113895 -49.296298981 -0.101127341 -0.024692269 0.994566977 544.412841797
0.994705737 0.004640145 0.102659121 58.192691803 -0.007185327 0.999675691 0.024436668 -49.482135773 -0.102512404 -0.025044937 0.994416356 546.749572754
0.994630337 0.004705612 0.103384539 58.511451721 -0.007356007 0.999653578 0.025269968 -49.667297363 -0.103229828 -0.025894776 0.994320333 549.067749023
0.994545400 0.004540636 0.104204699 58.826396942 -0.007221380 0.999652207 0.025362914 -49.846714020 -0.104053296 -0.025977073 0.994232476 551.372741699
0.994575977 0.003054803 0.103968039 59.155498505 -0.005684090 0.999671340 0.025002498 -50.043434143 -0.103857480 -0.025457846 0.994266331 553.667114258
0.994650126 0.002653147 0.103266664 59.498294830 -0.005315117 0.999660432 0.025510998 -50.226734161 -0.103163905 -0.025923394 0.994326472 555.982727051
0.994584024 0.002804994 0.103897758 59.818309784 -0.005529114 0.999648213 0.025940508 -50.406497955 -0.103788443 -0.026374482 0.994249642 558.287719727
0.994547069 0.003380899 0.104233161 60.146003723 -0.006231367 0.999615252 0.027033538 -50.587654114 -0.104101650 -0.027535647 0.994185388 560.619934082
0.994538844 0.002920141 0.104326285 60.482021332 -0.005832260 0.999601483 0.027619416 -50.766738892 -0.104204044 -0.028077040 0.994159520 562.955749512
0.994499862 0.003245834 0.104687780 60.814670563 -0.006242574 0.999579668 0.028310543 -50.940906525 -0.104551867 -0.028808352 0.994102120 565.267089844
0.994458437 0.004282018 0.105043456 61.154094696 -0.007222435 0.999592125 0.027627984 -51.121829987 -0.104882330 -0.028233552 0.994083762 567.592468262
0.994464397 0.005234008 0.104943909 61.500923157 -0.008010877 0.999628365 0.026056478 -51.293014526 -0.104768537 -0.026752934 0.994136691 569.922912598
0.994411826 0.005631426 0.105420433 61.842777252 -0.008453707 0.999617100 0.026343990 -51.476188660 -0.105231717 -0.027087970 0.994078755 572.244750977
0.994440734 0.005845720 0.105136372 62.187480927 -0.008757018 0.999590218 0.027250409 -51.656475067 -0.104933999 -0.028019594 0.994084477 574.619445801
0.994410634 0.005674506 0.105428316 62.528381348 -0.008739687 0.999551773 0.028634390 -51.841064453 -0.105218552 -0.029395757 0.994014502 576.928894043
0.994286597 0.006578322 0.106540814 62.844760895 -0.009567860 0.999574006 0.027573237 -52.035476685 -0.106314041 -0.028435066 0.993925929 579.328186035
0.994322181 0.005860863 0.106250435 63.186649323 -0.008799694 0.999590874 0.027211798 -52.206867218 -0.106047496 -0.027992262 0.993966937 581.665893555
0.994336784 0.005007148 0.106157161 63.530948639 -0.008096627 0.999555528 0.028691903 -52.394943237 -0.105966315 -0.029388925 0.993935347 583.977294922
0.994387507 0.005233603 0.105669729 63.870559692 -0.008306506 0.999554753 0.028661130 -52.570003510 -0.105472669 -0.029378017 0.993988216 586.294677734
0.994323671 0.002397841 0.106370278 64.209144592 -0.005390400 0.999597371 0.027854836 -52.758174896 -0.106260665 -0.028270099 0.993936360 588.650573730
0.994374573 0.002135995 0.105898589 64.557807922 -0.005103472 0.999601603 0.027758813 -52.930694580 -0.105797105 -0.028143110 0.993989408 590.995483398
0.994388461 0.000364182 0.105789483 64.892601013 -0.003368743 0.999595940 0.028224027 -53.108871460 -0.105736442 -0.028422026 0.993987918 593.325317383
0.994429231 -0.000404128 0.105405435 65.241485596 -0.002611221 0.999591291 0.028467575 -53.286128998 -0.105373852 -0.028584229 0.994021714 595.682067871
