1.000000000 0.000000000 0.000000000 0.000000000 0.000000000 1.000000000 0.000000000 0.000000000 0.000000000 0.000000000 1.000000000 0.000000000
0.999999881 0.000158237 0.000473116 0.085931294 -0.000158165 1.000000000 -0.000152870 -0.225883722 -0.000473140 0.000152795 0.999999881 2.290507078
0.999999166 0.000507948 0.001177122 0.165237084 -0.000508375 0.999999821 0.000362900 -0.463027209 -0.001176938 -0.000363498 0.999999166 4.588376045
0.999998569 0.000187797 0.001690078 0.262512386 -0.000188812 0.999999821 0.000600684 -0.695134163 -0.001689964 -0.000601003 0.999998391 6.880367756
0.999996543 0.000287403 0.002603964 0.355782360 -0.000284717 0.999999523 -0.001031809 -0.928483129 -0.002604260 0.001031064 0.999996006 9.180490494
0.999987125 0.002026962 0.004637688 0.447526097 -0.002028769 0.999997914 0.000384818 -1.164579988 -0.004636898 -0.000394222 0.999989212 11.486658096
0.999963522 0.004052774 0.007519875 0.531922877 -0.004063566 0.999990761 0.001420481 -1.393043280 -0.007514048 -0.001450987 0.999970734 13.802796364
0.999944568 0.003858064 0.009795930 0.641367137 -0.003898286 0.999984086 0.004090226 -1.622227311 -0.009779993 -0.004128186 0.999943614 16.075790405
0.999939322 0.003799418 0.010342875 0.757798672 -0.003848285 0.999981523 0.004708834 -1.845050335 -0.010324794 -0.004748349 0.999935448 18.417129517
0.999924421 0.002849546 0.011957224 0.865175605 -0.002907202 0.999984264 0.004807326 -2.071418524 -0.011943336 -0.004841725 0.999916971 20.707361221
0.999926507 0.000535010 0.012111952 0.991966665 -0.000567618 0.999996245 0.002688913 -2.301564693 -0.012110467 -0.002695590 0.999923050 23.026029587
0.999914944 -0.001732914 0.012931272 1.100341082 0.001721768 0.999998212 0.000873020 -2.524958134 -0.012932762 -0.000850681 0.999915957 25.307191849
0.999917388 -0.002322327 0.012636019 1.238465071 0.002319103 0.999997199 0.000269766 -2.773541689 -0.012636611 -0.000240439 0.999920130 27.618946075
0.999906540 -0.002048633 0.013513716 1.346024990 0.002059857 0.999997497 -0.000816624 -2.998386860 -0.013512010 0.000844384 0.999908328 29.905361176
0.999894142 0.000384064 0.014546992 1.464591384 -0.000408446 0.999998510 0.001673159 -3.229845285 -0.014546328 -0.001678923 0.999892771 32.195343018
0.999891281 0.002365360 0.014556839 1.595570564 -0.002421242 0.999989748 0.003822488 -3.450411797 -0.014547648 -0.003857318 0.999886692 34.476566315
0.999861538 0.004390358 0.016041543 1.713609457 -0.004521266 0.999956727 0.008133420 -3.685811758 -0.016005138 -0.008204822 0.999838233 36.784351349
0.999837458 0.006210536 0.016919345 1.828099251 -0.006340946 0.999950469 0.007664983 -3.904042006 -0.016870905 -0.007771022 0.999827445 39.057357788
0.999813557 0.005484750 0.018510368 1.936456919 -0.005603277 0.999964118 0.006357517 -4.112925529 -0.018474840 -0.006460051 0.999808431 41.352962494
0.999819756 0.003104880 0.018731106 2.059152842 -0.003205839 0.999980509 0.005362292 -4.337522984 -0.018714093 -0.005421375 0.999810219 43.632404327
0.999824047 0.002974211 0.018520616 2.202482462 -0.003052440 0.999986529 0.004197089 -4.560084820 -0.018507883 -0.004252884 0.999819696 45.875186920
0.999829352 0.002105115 0.018352043 2.332901001 -0.002171026 0.999991179 0.003572308 -4.792623997 -0.018344358 -0.003611542 0.999825180 48.152576447
0.999833047 0.000452125 0.018266996 2.469552040 -0.000526387 0.999991536 0.004060789 -5.021916389 -0.018265005 -0.004069726 0.999825001 50.431880951
0.999813139 -0.000433554 0.019325353 2.598031521 0.000349054 0.999990344 0.004375640 -5.245305538 -0.019327061 -0.004368077 0.999803782 52.701492310
0.999805570 -0.001576370 0.019658472 2.731348038 0.001491626 0.999989510 0.004324763 -5.473550797 -0.019665085 -0.004294598 0.999797463 54.985122681
0.999779999 -0.001892968 0.020889981 2.858741760 0.001793649 0.999986947 0.004772124 -5.702793121 -0.020898746 -0.004733605 0.999770403 57.289131165
0.999765456 -0.003150260 0.021427853 2.996947765 0.003033492 0.999980330 0.005479670 -5.926850319 -0.021444691 -0.005413383 0.999755383 59.558582306
0.999729097 -0.004766722 0.022781460 3.124747753 0.004659293 0.999977708 0.004766388 -6.148326397 -0.022803674 -0.004658951 0.999729097 61.826801300
0.999709785 -0.005452760 0.023463499 3.271944046 0.005344563 0.999974728 0.004671534 -6.371942520 -0.023488386 -0.004544775 0.999713719 64.078750610
0.999685109 -0.004887277 0.024612997 3.410897970 0.004757301 0.999974430 0.005336605 -6.593936443 -0.024638450 -0.005217833 0.999682784 66.348342896
0.999666691 -0.004064507 0.025493294 3.556368113 0.003920839 0.999976158 0.005682980 -6.818844318 -0.025515782 -0.005581131 0.999658823 68.611381531
0.999632895 -0.004265902 0.026756061 3.692243576 0.004124466 0.999977231 0.005339085 -7.041563511 -0.026778225 -0.005226770 0.999627829 70.868629456
0.999619246 -0.004972750 0.027140899 3.850255966 0.004866964 0.999980330 0.003962298 -7.263411999 -0.027160065 -0.003828696 0.999623775 73.125152588
0.999605536 -0.005958818 0.027444793 4.007790565 0.005844594 0.999973953 0.004240302 -7.487629414 -0.027469344 -0.004078226 0.999614298 75.403549194
0.999559999 -0.007185858 0.028775891 4.163881302 0.007075455 0.999967217 0.003936666 -7.719206333 -0.028803233 -0.003731332 0.999578059 77.668052673
0.999557614 -0.007919334 0.028667476 4.317787170 0.007817115 0.999962687 0.003675992 -7.948247433 -0.028695520 -0.003450270 0.999582231 79.930747986
0.999529600 -0.008330921 0.029514832 4.463864326 0.008235475 0.999960482 0.003353943 -8.164522171 -0.029541604 -0.003109297 0.999558687 82.185783386
0.999512434 -0.007639710 0.030274212 4.630009651 0.007553536 0.999967039 0.002959772 -8.388169289 -0.030295828 -0.002729652 0.999537230 84.467010498
0.999465346 -0.007313688 0.031868912 4.784687996 0.007205624 0.999967873 0.003504454 -8.607114792 -0.031893518 -0.003272945 0.999485910 86.721923828
0.999461651 -0.006935357 0.032071117 4.949978352 0.006778019 0.999964476 0.005012026 -8.841794014 -0.032104734 -0.004791948 0.999473035 89.005981445
0.999431908 -0.006187015 0.033127237 5.108203888 0.005996668 0.999964952 0.005842225 -9.068604469 -0.033162210 -0.005640254 0.999434054 91.260917664
0.999407232 -0.005920607 0.033912465 5.273330212 0.005722326 0.999965966 0.005940922 -9.289288521 -0.033946496 -0.005743342 0.999407172 93.499198914
0.999391556 -0.006051922 0.034352258 5.440815926 0.005890200 0.999971032 0.004807009 -9.502891541 -0.034380350 -0.004601743 0.999398232 95.729888916
0.999357164 -0.006553194 0.035246495 5.605476379 0.006370162 0.999965608 0.005302723 -9.724077225 -0.035280034 -0.005074789 0.999364555 97.974853516
0.999328494 -0.006453975 0.036067273 5.765815735 0.006293523 0.999969780 0.004560482 -9.949653625 -0.036095619 -0.004330430 0.999338984 100.225898743
0.999264359 -0.006446768 0.037803128 5.916255474 0.006246538 0.999965787 0.005412351 -10.163938522 -0.037836738 -0.005172231 0.999270558 102.454895020
0.999262512 -0.006714111 0.037807256 6.114147186 0.006504874 0.999962866 0.005654573 -10.389892578 -0.037843820 -0.005404472 0.999269068 104.733901978
0.999226689 -0.007325527 0.038630698 6.287911415 0.007094855 0.999956191 0.006104919 -10.603034019 -0.038673721 -0.005826119 0.999234915 106.970481873
0.999205828 -0.008627504 0.038900610 6.471830368 0.008389217 0.999944985 0.006284651 -10.819366455 -0.038952697 -0.005953315 0.999223292 109.221939087
0.999169528 -0.009618956 0.039593980 6.650522232 0.009332270 0.999928892 0.007419080 -11.047164917 -0.039662529 -0.007043417 0.999188304 111.475891113
0.999148965 -0.010494820 0.039892703 6.837533951 0.010268034 0.999929965 0.005885556 -11.264034271 -0.039951678 -0.005470927 0.999186575 113.742652893
0.999102235 -0.010770748 0.040974371 7.013573647 0.010572208 0.999931276 0.005059128 -11.484073639 -0.041026048 -0.004621397 0.999147534 115.996582031
0.999060929 -0.011149806 0.041866563 7.192971230 0.010933243 0.999925673 0.005398093 -11.710779190 -0.041923631 -0.004935286 0.999108553 118.249900818
0.999004662 -0.011300457 0.043150891 7.375250816 0.011026600 0.999917567 0.006579234 -11.939530373 -0.043221675 -0.006096878 0.999046922 120.520584106
0.998998880 -0.012107429 0.043065298 7.580067158 0.011803710 0.999903619 0.007299836 -12.164932251 -0.043149531 -0.006784197 0.999045610 122.728698730
0.998933494 -0.012976081 0.044311136 7.766966343 0.012695777 0.999897540 0.006601372 -12.386140823 -0.044392250 -0.006031768 0.998995960 125.028839111
0.998898327 -0.013444836 0.044959050 7.948283195 0.013192746 0.999895573 0.005899190 -12.610696793 -0.045033667 -0.005299557 0.998971403 127.298194885
0.998877347 -0.015233723 0.044854965 8.138214111 0.014973400 0.999869049 0.006133928 -12.826619148 -0.044942539 -0.005455411 0.998974621 129.570999146
0.998908401 -0.016211964 0.043808099 8.326735497 0.015938150 0.999851227 0.006592392 -13.044493675 -0.043908466 -0.005886974 0.999018192 131.813720703
0.998962641 -0.016593095 0.042404637 8.521104813 0.016288951 0.999839127 0.007507876 -13.257854462 -0.042522389 -0.006809360 0.999072254 134.053253174
0.999002755 -0.017249359 0.041181974 8.696777344 0.016950229 0.999827385 0.007601850 -13.481860161 -0.041305996 -0.006896225 0.999122739 136.297836304
0.999082029 -0.018032433 0.038859468 8.908449173 0.017762713 0.999815762 0.007275054 -13.694154739 -0.038983494 -0.006578127 0.999218225 138.524017334
0.999045670 -0.018812772 0.039419223 9.056648254 0.018544624 0.999802351 0.007157065 -13.913352013 -0.039546084 -0.006419219 0.999197066 140.801712036
0.999040604 -0.019148761 0.039386559 9.227573395 0.018878117 0.999795675 0.007231806 -14.120438576 -0.039516985 -0.006481323 0.999197900 143.034332275
0.999084413 -0.019210251 0.038225312 9.415363312 0.018895816 0.999784648 0.008570247 -14.345800400 -0.038381718 -0.007840102 0.999232411 145.281890869
0.999096453 -0.018284719 0.038365029 9.587521553 0.018005056 0.999808848 0.007622431 -14.560530663 -0.038497075 -0.006924780 0.999234736 147.535156250
0.999115705 -0.017122265 0.038397707 9.766578674 0.016898038 0.999838293 0.006156566 -14.777115822 -0.038496904 -0.005502277 0.999243557 149.780151367
0.999130547 -0.015412265 0.038737506 9.939573288 0.015215249 0.999869764 0.005375546 -14.997265816 -0.038815305 -0.004781472 0.999234974 152.037612915
0.999137759 -0.014623665 0.038856190 10.124936104 0.014429061 0.999881923 0.005284085 -15.212063789 -0.038928878 -0.004718872 0.999230862 154.287796021
0.999125242 -0.013859463 0.039453965 10.300138474 0.013638825 0.999889791 0.005855998 -15.431083679 -0.039530780 -0.005312770 0.999204218 156.553924561
0.999126792 -0.013233864 0.039629582 10.491514206 0.012963840 0.999891043 0.007063010 -15.652486801 -0.039718732 -0.006543091 0.999189496 158.775436401
0.999074459 -0.012632932 0.041120548 10.661043167 0.012297820 0.999889076 0.008392288 -15.880979538 -0.041222025 -0.007878826 0.999118865 161.081802368
0.999045491 -0.011638717 0.042100709 10.843269348 0.011216723 0.999884605 0.010245803 -16.096164703 -0.042215094 -0.009763792 0.999060750 163.319763184
0.999012411 -0.011065427 0.043031633 11.026696205 0.010676635 0.999900103 0.009254409 -16.301788330 -0.043129738 -0.008785836 0.999030828 165.610946655
0.998973131 -0.010402101 0.044098362 11.217912674 0.010056688 0.999917030 0.008047405 -16.513086319 -0.044178419 -0.007595657 0.998994768 167.861984253
0.998901367 -0.008535049 0.046079125 11.402061462 0.008165819 0.999933004 0.008195269 -16.724834442 -0.046145990 -0.007809991 0.998904169 170.095809937
0.998777807 -0.008113051 0.048755173 11.598390579 0.007696706 0.999932349 0.008721181 -16.950519562 -0.048822626 -0.008335268 0.998772681 172.401931763
0.998657763 -0.008268690 0.051129889 11.798049927 0.007852037 0.999934375 0.008344441 -17.161073685 -0.051195521 -0.007931766 0.998657167 174.674285889
0.998573005 -0.008024674 0.052797504 12.004470825 0.007549938 0.999929249 0.009184955 -17.379585266 -0.052867487 -0.008773232 0.998562932 176.935104370
0.998509705 -0.008405620 0.053922720 12.204010010 0.007877115 0.999918878 0.010006213 -17.586843491 -0.054002449 -0.009566545 0.998494923 179.160919189
0.998523116 -0.010321870 0.053337403 12.428369522 0.009819989 0.999905050 0.009663081 -17.806238174 -0.053432077 -0.009125041 0.998529792 181.434982300
0.998490036 -0.011098888 0.053801760 12.627895355 0.010608771 0.999899745 0.009386752 -18.014320374 -0.053900551 -0.008801808 0.998507440 183.680740356
0.998558044 -0.012071221 0.052308183 12.859079361 0.011594641 0.999888480 0.009404914 -18.236537933 -0.052415878 -0.008784860 0.998586655 185.930603027
0.998562694 -0.013912699 0.051758811 13.067377090 0.013400517 0.999857903 0.010229480 -18.449220657 -0.051893771 -0.009521184 0.998607159 188.179718018
0.998583198 -0.014718595 0.051137019 13.276781082 0.014234840 0.999850512 0.009811386 -18.656394958 -0.051273789 -0.009069557 0.998643458 190.424575806
0.998551726 -0.015994351 0.051367439 13.482585907 0.015519774 0.999833226 0.009624491 -18.876054764 -0.051512819 -0.008813343 0.998633444 192.668319702
0.998526752 -0.017547131 0.051345572 13.680412292 0.017106967 0.999813139 0.008999619 -19.086338043 -0.051493905 -0.008107994 0.998640358 194.907669067
0.998543441 -0.017025622 0.051196788 13.890066147 0.016575312 0.999820352 0.009207412 -19.298606873 -0.051344346 -0.008345397 0.998646140 197.148864746
0.998539925 -0.015443989 0.051762268 14.100889206 0.014976199 0.999843597 0.009413033 -19.512151718 -0.051899537 -0.008624088 0.998615086 199.383438110
0.998559296 -0.012235733 0.052245360 14.297687531 0.011773352 0.999888778 0.009148828 -19.735317230 -0.052351493 -0.008520543 0.998592377 201.673263550
0.998538673 -0.011558913 0.052791592 14.510429382 0.011136151 0.999903560 0.008295293 -19.946372986 -0.052882388 -0.007695276 0.998571098 203.942214966
0.998500228 -0.011675609 0.053487319 14.710357666 0.011224092 0.999898791 0.008734209 -20.151432037 -0.053583894 -0.008120764 0.998530328 206.167617798
0.998493314 -0.013135591 0.053277679 14.954526901 0.012670588 0.999878705 0.009056324 -20.374727249 -0.053390183 -0.008367619 0.998538673 208.436920166
0.998435795 -0.012868971 0.054408532 15.159603119 0.012375983 0.999879301 0.009388119 -20.578348160 -0.054522775 -0.008700076 0.998474598 210.679763794
0.998369455 -0.012623848 0.055669405 15.391839981 0.012064803 0.999873400 0.010366886 -20.805454254 -0.055793229 -0.009678342 0.998395383 212.956100464
0.998305738 -0.011166224 0.057106141 15.625330925 0.010572626 0.999886930 0.010686263 -21.015464783 -0.057219021 -0.010064396 0.998310864 215.187881470
0.998120129 -0.009842551 0.060492508 15.817309380 0.009220256 0.999901712 0.010557739 -21.218223572 -0.060590483 -0.009980135 0.998112798 217.431335449
0.997990787 -0.009877861 0.062584326 16.045070648 0.009208185 0.999897301 0.010979790 -21.426156998 -0.062686339 -0.010381443 0.997979283 219.666244507
0.997870207 -0.011147385 0.064271063 16.279113770 0.010425623 0.999878824 0.011554433 -21.629831314 -0.064392067 -0.010859756 0.997865558 221.899078369
0.997767091 -0.012810143 0.065549545 16.511560440 0.012027579 0.999851644 0.012319273 -21.832868576 -0.065697640 -0.011503360 0.997773290 224.132171631
0.997705340 -0.014651489 0.066101320 16.763011932 0.013900222 0.999833643 0.011811011 -22.046106339 -0.066263363 -0.010865089 0.997743130 226.367675781
0.997684538 -0.015930234 0.066118307 17.006437302 0.015209626 0.999819398 0.011387922 -22.245912552 -0.066287786 -0.010355921 0.997746766 228.621948242
0.997635067 -0.016435701 0.066739477 17.244611740 0.015703350 0.999810755 0.011483129 -22.447673798 -0.066915579 -0.010407939 0.997704327 230.863220215
0.997585654 -0.017712131 0.067150943 17.484912872 0.017027548 0.999797285 0.010753429 -22.655002594 -0.067327783 -0.009584051 0.997684836 233.103866577
0.997560978 -0.018264722 0.067368194 17.750494003 0.017498909 0.999775589 0.011940272 -22.868183136 -0.067571163 -0.010732279 0.997656703 235.394515991
0.997532189 -0.017981621 0.067869075 17.995132446 0.017211339 0.999780834 0.011917335 -23.069202423 -0.068068497 -0.010719807 0.997623086 237.637329102
0.997494757 -0.017638907 0.068504825 18.232755661 0.016871400 0.999788463 0.011766214 -23.269960403 -0.068697892 -0.010580963 0.997581363 239.861648560
0.997459769 -0.017861027 0.068955921 18.476289749 0.017076096 0.999782801 0.011955802 -23.472843170 -0.069154471 -0.010747937 0.997548044 242.089294434
0.997422040 -0.018119285 0.069432959 18.722513199 0.017326403 0.999777794 0.012004630 -23.672042847 -0.069635056 -0.010770658 0.997514307 244.327545166
0.997376621 -0.018238777 0.070051484 18.964620590 0.017490545 0.999783516 0.011279839 -23.880266190 -0.070242040 -0.010025009 0.997479618 246.556488037
0.997398078 -0.017731035 0.069875196 19.227128983 0.017041933 0.999800205 0.010445775 -24.088809967 -0.070046462 -0.009227787 0.997501075 248.799697876
0.997373283 -0.018065255 0.070144065 19.477617264 0.017334066 0.999789059 0.011018838 -24.298770905 -0.070328318 -0.009774015 0.997475982 251.036773682
0.997342348 -0.019266026 0.070264056 19.729871750 0.018538717 0.999767780 0.010988496 -24.506925583 -0.070459440 -0.009656689 0.997467875 253.266510010
0.997343957 -0.019141652 0.070276678 19.991270065 0.018368343 0.999763608 0.011633645 -24.712814331 -0.070482768 -0.010311875 0.997459710 255.523254395
0.997299314 -0.019955050 0.070681386 20.225709915 0.019167054 0.999746501 0.011809394 -24.919046402 -0.070899114 -0.010422746 0.997429013 257.743164062
0.997293413 -0.019819515 0.070802197 20.495464325 0.019002110 0.999744952 0.012199943 -25.128059387 -0.071025938 -0.010821529 0.997415900 260.021209717
0.997263491 -0.019567486 0.071292192 20.749229431 0.018784281 0.999755800 0.011639807 -25.330003738 -0.071502537 -0.010268780 0.997387528 262.264373779
0.997231245 -0.019541346 0.071749508 21.007139206 0.018799331 0.999762714 0.011002513 -25.532335281 -0.071947485 -0.009623206 0.997362018 264.527770996
0.997196436 -0.018842055 0.072416976 21.264854431 0.018120855 0.999779582 0.010603161 -25.743595123 -0.072600797 -0.009261179 0.997318089 266.769897461
0.997119069 -0.018164242 0.073645025 21.518054962 0.017432690 0.999792278 0.010564206 -25.945240021 -0.073821612 -0.009249941 0.997228563 269.015014648
0.997027457 -0.017863480 0.074947067 21.780502319 0.017122710 0.999798119 0.010514918 -26.165971756 -0.075119749 -0.009200369 0.997132063 271.267303467
0.996967316 -0.018585596 0.075570114 22.056816101 0.017819526 0.999782979 0.010798921 -26.375648499 -0.075754404 -0.009419549 0.997081995 273.510162354
0.996739149 -0.019129993 0.078391962 22.299226761 0.018315192 0.999770641 0.011099849 -26.571413040 -0.078586340 -0.009627888 0.996860743 275.768096924
0.996623158 -0.019042719 0.079872750 22.571846008 0.018117219 0.999760270 0.012295996 -26.770574570 -0.080087751 -0.010807401 0.996729255 278.009429932
0.996569335 -0.018665807 0.080629908 22.857791901 0.017585035 0.999745965 0.014093544 -26.990613937 -0.080872476 -0.012627312 0.996644378 280.260101318
0.996483028 -0.018384822 0.081753492 23.139186859 0.017215505 0.999739528 0.014984913 -27.193626404 -0.082007691 -0.013524783 0.996539831 282.496948242
0.996405423 -0.017837975 0.082813308 23.415153503 0.016671484 0.999752045 0.014756066 -27.385488510 -0.083056003 -0.013322405 0.996455848 284.767059326
0.996276915 -0.016767710 0.084563181 23.680221558 0.015608940 0.999775231 0.014345635 -27.582073212 -0.084784709 -0.012972285 0.996314943 287.000823975
0.996284544 -0.016053841 0.084612750 23.963466644 0.015025271 0.999805450 0.012779045 -27.770935059 -0.084801428 -0.011460237 0.996331930 289.250549316
0.996219218 -0.016872671 0.085221581 24.235170364 0.015807306 0.999788463 0.013160506 -27.978624344 -0.085425615 -0.011763628 0.996275067 291.477416992
0.996160686 -0.016786544 0.085918926 24.501268387 0.015802031 0.999801755 0.012125951 -28.178064346 -0.086105451 -0.010721705 0.996228337 293.737457275
0.996194720 -0.017347919 0.085411467 24.785800934 0.016451772 0.999802113 0.011184908 -28.377342224 -0.085588597 -0.009737176 0.996282995 295.965270996
0.996183336 -0.017269071 0.085560083 25.064685822 0.016385173 0.999804974 0.011022275 -28.581491470 -0.085733764 -0.009578290 0.996272027 298.204132080
0.996183455 -0.016573193 0.085695982 25.344947815 0.015681209 0.999815762 0.011071429 -28.782932281 -0.085863687 -0.009685358 0.996259809 300.442718506
0.996129632 -0.016493615 0.086335033 25.609916687 0.015500919 0.999805987 0.012156011 -28.996463776 -0.086518772 -0.010770691 0.996191978 302.695678711
0.996131003 -0.017165145 0.086187586 25.896444321 0.016163997 0.999793708 0.012300349 -29.199028015 -0.086380944 -0.010859625 0.996202946 304.946289062
0.996094942 -0.016394773 0.086752914 26.179325104 0.015356675 0.999802411 0.012620062 -29.404979706 -0.086942695 -0.011238544 0.996149898 307.199798584
0.996098578 -0.017437248 0.086507738 26.465604782 0.016403282 0.999785423 0.012648830 -29.616249084 -0.086709730 -0.011180473 0.996170998 309.456634521
0.996052027 -0.018503040 0.086821496 26.748340607 0.017421916 0.999761164 0.013193582 -29.818742752 -0.087044887 -0.011628898 0.996136487 311.713806152
0.996027708 -0.018137742 0.087176934 27.032886505 0.017114468 0.999775767 0.012471114 -30.022562027 -0.087383583 -0.010929589 0.996114790 313.955413818
0.996041715 -0.017670775 0.087112978 27.323036194 0.016570527 0.999773741 0.013337180 -30.231393814 -0.087328933 -0.011840880 0.996109128 316.205108643
0.995991468 -0.015907696 0.088021740 27.605791092 0.014859475 0.999810755 0.012551161 -30.436161041 -0.088204749 -0.011192892 0.996039569 318.450256348
0.995991230 -0.014478683 0.088271089 27.888496399 0.013383719 0.999826252 0.012983821 -30.636514664 -0.088443726 -0.011750379 0.996011853 320.700073242
0.995918095 -0.013144382 0.089299105 28.165910721 0.012058342 0.999846756 0.012690464 -30.840419769 -0.089452215 -0.011561864 0.995923996 322.929656982
0.995872438 -0.012205224 0.089939341 28.446336746 0.011072383 0.999853015 0.013083815 -31.038009644 -0.090085827 -0.012033968 0.995861232 325.165771484
0.995884418 -0.011755168 0.089868441 28.743478775 0.010498875 0.999840617 0.014439239 -31.249294281 -0.090023845 -0.013436293 0.995848954 327.396942139
0.995848656 -0.012491417 0.090163335 29.024427414 0.011243366 0.999834001 0.014336789 -31.453496933 -0.090327457 -0.013263533 0.995823801 329.641510010
0.995865524 -0.014410174 0.089689694 29.324911118 0.013251591 0.999821067 0.013499773 -31.650896072 -0.089868173 -0.012255426 0.995878398 331.876525879
0.995860398 -0.014059368 0.089801915 29.610931396 0.012913004 0.999827743 0.013333726 -31.853275299 -0.089973904 -0.012118919 0.995870411 334.092224121
0.995835721 -0.014271913 0.090040930 29.896953583 0.013020232 0.999810576 0.014473350 -32.051223755 -0.090230435 -0.013240728 0.995832920 336.321960449
0.995901465 -0.015040626 0.089185528 30.203849792 0.013818418 0.999802172 0.014305776 -32.248088837 -0.089383051 -0.013014738 0.995912313 338.557373047
0.995911896 -0.014973362 0.089081630 30.487478256 0.013734827 0.999800503 0.014500203 -32.451015472 -0.089280993 -0.013217399 0.995918691 340.798187256
0.995967150 -0.015136862 0.088433824 30.786254883 0.013918376 0.999799669 0.014379005 -32.655040741 -0.088633776 -0.013090160 0.995978236 343.041503906
0.995973051 -0.015502516 0.088302694 31.071514130 0.014265252 0.999791265 0.014625527 -32.850868225 -0.088511012 -0.013306972 0.995986283 345.284698486
0.996023357 -0.015268544 0.087773800 31.359874725 0.014035382 0.999794185 0.014649347 -33.047359467 -0.087979414 -0.013359154 0.996032715 347.523590088
0.996070623 -0.015282522 0.087235503 31.648014069 0.014052046 0.999793172 0.014701978 -33.247455597 -0.087442137 -0.013418369 0.996079206 349.770782471
0.996078789 -0.014968277 0.087195441 31.929801941 0.013693881 0.999790788 0.015195306 -33.450023651 -0.087404646 -0.013941678 0.996075332 352.015899658
0.996116579 -0.015391023 0.086688586 32.213123322 0.014092010 0.999779344 0.015576918 -33.644130707 -0.086909220 -0.014294813 0.996113658 354.244659424
0.996137619 -0.015039056 0.086508140 32.492004395 0.013787970 0.999791920 0.015041444 -33.842041016 -0.086716332 -0.013790580 0.996137500 356.483032227
0.996195614 -0.015184437 0.085813530 32.778354645 0.013914205 0.999784887 0.015381069 -34.037918091 -0.086028636 -0.014128525 0.996192455 358.720367432
0.996244967 -0.014864617 0.085293703 33.066936493 0.013524869 0.999776244 0.016263867 -34.238220215 -0.085516393 -0.015049213 0.996223092 360.967681885
0.996312559 -0.015005939 0.084475622 33.356861115 0.013682622 0.999774814 0.016222360 -34.437370300 -0.084700018 -0.015006691 0.996293604 363.213745117
0.996366620 -0.014901005 0.083853073 33.642768860 0.013547233 0.999768913 0.016690481 -34.632537842 -0.084082417 -0.015493865 0.996338308 365.452850342
0.996404409 -0.014991549 0.083388045 33.922317505 0.013697608 0.999777079 0.016067669 -34.830482483 -0.083610334 -0.014867677 0.996387720 367.710510254
0.996429741 -0.015486540 0.082993515 34.200752258 0.014211847 0.999772072 0.015927805 -35.027324677 -0.083221279 -0.014691448 0.996422708 369.961120605
0.996418297 -0.015590270 0.083111055 34.470993042 0.014385100 0.999782801 0.015079877 -35.220554352 -0.083328120 -0.013830306 0.996426165 372.223022461
0.996487379 -0.015123272 0.082365297 34.756298065 0.013934977 0.999790668 0.014982950 -35.418399811 -0.082574636 -0.013782565 0.996489584 374.468719482
0.996571064 -0.015052193 0.081360973 35.041690826 0.013817507 0.999781072 0.015717221 -35.615447998 -0.081579745 -0.014539121 0.996560752 376.715393066
0.996482611 -0.014310642 0.082568854 35.302162170 0.013019647 0.999784768 0.016152700 -35.813198090 -0.082782216 -0.015020865 0.996454597 378.981750488
0.996487617 -0.014840756 0.082414925 35.578235626 0.013522190 0.999771833 0.016534278 -36.013950348 -0.082641490 -0.015361775 0.996460915 381.218566895
0.996526778 -0.014780061 0.081950679 35.862617493 0.013457653 0.999770641 0.016665583 -36.206905365 -0.082178198 -0.015504839 0.996497035 383.481292725
0.996521831 -0.013817665 0.082177714 36.137935638 0.012466930 0.999778986 0.016927229 -36.405895233 -0.082393453 -0.015843851 0.996473908 385.730773926
0.996515572 -0.012632039 0.082444854 36.410800934 0.011276010 0.999793708 0.016892672 -36.594673157 -0.082641222 -0.015904162 0.996452451 387.996276855
0.996543467 -0.011436570 0.082282037 36.693218231 0.010086092 0.999807775 0.016809806 -36.797256470 -0.082458459 -0.015921799 0.996467292 390.268280029
0.996537268 -0.010264053 0.082511172 36.964935303 0.008907668 0.999819338 0.016790153 -36.994186401 -0.082668580 -0.015997032 0.996448696 392.540191650
0.996545792 -0.009044730 0.082551137 37.239521027 0.007572581 0.999807000 0.018128896 -37.187969208 -0.082699187 -0.017441146 0.996421933 394.796752930
0.996488333 -0.007892430 0.083358400 37.507102966 0.006364935 0.999807239 0.018574305 -37.383853912 -0.083488919 -0.017978504 0.996346533 397.055938721
0.996440589 -0.007632254 0.083951123 37.781677246 0.006207291 0.999832451 0.017221685 -37.586399078 -0.084068507 -0.016639274 0.996321023 399.316711426
0.996373296 -0.007163242 0.084787957 38.058013916 0.005767073 0.999843895 0.016700102 -37.783203125 -0.084894352 -0.016150553 0.996259034 401.588317871
0.996295154 -0.008448260 0.085583895 38.325920105 0.006960678 0.999819756 0.017665088 -37.976158142 -0.085717700 -0.017003922 0.996174276 403.843536377
0.996249139 -0.009987714 0.085953377 38.609024048 0.008378655 0.999783337 0.019060580 -38.174571991 -0.086125106 -0.018268913 0.996116817 406.096374512
0.996226132 -0.010762904 0.086125419 38.884094238 0.009181303 0.999782383 0.018738998 -38.364994049 -0.086308368 -0.017877538 0.996107996 408.361785889
0.996176660 -0.010580827 0.086718880 39.172111511 0.009114501 0.999809027 0.017287515 -38.552421570 -0.086885236 -0.016431019 0.996082783 410.627929688
0.996081531 -0.007990453 0.088078335 39.455776215 0.006426915 0.999816954 0.018021017 -38.761398315 -0.088206217 -0.017384328 0.995950639 412.908996582
0.996008217 -0.006767951 0.089004822 39.731910706 0.005208064 0.999828935 0.017746422 -38.954341888 -0.089109704 -0.017212041 0.995873094 415.148223877
0.995919764 -0.005660221 0.090065315 40.022659302 0.004064054 0.999831617 0.017895866 -39.145698547 -0.090151429 -0.017456817 0.995775044 417.420806885
0.995872498 -0.005736024 0.090583228 40.318019867 0.004166019 0.999838114 0.017511744 -39.338378906 -0.090669021 -0.017062092 0.995734930 419.675201416
0.995775878 -0.005851526 0.091630861 40.603050232 0.004261254 0.999837041 0.017541237 -39.529987335 -0.091718569 -0.017076682 0.995638549 421.927520752
0.995680273 -0.005993964 0.092654265 40.886348724 0.004407377 0.999840319 0.017318882 -39.727390289 -0.092743263 -0.016835706 0.995547712 424.184204102
0.995616257 -0.006231177 0.093324326 41.183540344 0.004538913 0.999821723 0.018334415 -39.919555664 -0.093421936 -0.017830452 0.995466888 426.456512451
0.995572090 -0.005436048 0.093843639 41.478252411 0.003668676 0.999812841 0.018995415 -40.112762451 -0.093929328 -0.018567026 0.995405674 428.711456299
0.995504558 -0.004697987 0.094596602 41.781658173 0.002847501 0.999802113 0.019687358 -40.302619934 -0.094670378 -0.019329492 0.995320916 430.990997314
0.995480716 -0.005012439 0.094831817 42.078731537 0.003131106 0.999795496 0.019977024 -40.506572723 -0.094912566 -0.019589813 0.995292783 433.269134521
0.995431662 -0.005624020 0.095310539 42.382591248 0.003801167 0.999806523 0.019296192 -40.704551697 -0.095400624 -0.018845752 0.995260537 435.536956787
0.995434701 -0.004746278 0.095326126 42.694046021 0.002919404 0.999809563 0.019294785 -40.882755280 -0.095399559 -0.018928409 0.995259106 437.804840088
0.995379388 -0.005137215 0.095882460 42.999485016 0.003258529 0.999799967 0.019739935 -41.078872681 -0.095964693 -0.019336291 0.995196939 440.090057373
0.995431364 -0.005103242 0.095344283 43.313446045 0.003223751 0.999797642 0.019856317 -41.266929626 -0.095426321 -0.019458232 0.995246291 442.364135742
0.995402932 -0.004316819 0.095677577 43.626602173 0.002335395 0.999780715 0.020811701 -41.464977264 -0.095746420 -0.020492591 0.995194733 444.646942139
0.995357573 -0.004839757 0.096124366 43.935325623 0.002843092 0.999777555 0.020897793 -41.652198792 -0.096204124 -0.020527489 0.995149910 446.927124023
0.995348215 -0.004567389 0.096234165 44.239479065 0.002613820 0.999788165 0.020416459 -41.843620300 -0.096307032 -0.020069949 0.995149255 449.192291260
0.995357811 -0.003872564 0.096165881 44.549064636 0.001955413 0.999797642 0.020022115 -42.034667969 -0.096223958 -0.019741129 0.995163858 451.454132080
0.995298743 -0.003070288 0.096803740 44.850738525 0.001170916 0.999805808 0.019671569 -42.230697632 -0.096845351 -0.019465739 0.995109081 453.718414307
0.995214880 -0.002398900 0.097680666 45.153121948 0.000480884 0.999806821 0.019654388 -42.413200378 -0.097708941 -0.019513369 0.995023727 455.995269775
0.995167971 -0.002646758 0.098152898 45.452732086 0.000753175 0.999812961 0.019324224 -42.611923218 -0.098185673 -0.019156918 0.994983852 458.260528564
0.995219350 -0.001945271 0.097645745 45.777526855 0.000120207 0.999825358 0.018693076 -42.807640076 -0.097665042 -0.018591970 0.995045662 460.544982910
0.995204270 -0.000802017 0.097815067 46.089557648 -0.001092898 0.999812901 0.019317307 -43.001564026 -0.097812235 -0.019331569 0.995017111 462.830078125
0.995233119 -0.000299214 0.097523764 46.402324677 -0.001697853 0.999790668 0.020394124 -43.190235138 -0.097509414 -0.020462489 0.995024204 465.107055664
0.995260000 -0.000337669 0.097249113 46.703731537 -0.001676787 0.999785721 0.020631921 -43.375061035 -0.097235233 -0.020697197 0.995046139 467.373474121
0.995367229 -0.000653868 0.096144095 47.020042419 -0.001234286 0.999807596 0.019578014 -43.567615509 -0.096138403 -0.019605981 0.995174825 469.659973145
0.995446265 -0.000450200 0.095323175 47.340740204 -0.001401605 0.999811590 0.019358756 -43.766242981 -0.095313922 -0.019404206 0.995258272 471.959991455
0.995530725 -0.000965091 0.094433285 47.647556305 -0.000971664 0.999790192 0.020461110 -43.964599609 -0.094433203 -0.020461425 0.995320916 474.244750977
0.995477080 -0.001120490 0.094995767 47.935325623 -0.000846238 0.999786198 0.020660501 -44.156280518 -0.094998598 -0.020647446 0.995263278 476.527374268
0.995594144 -0.000678630 0.093764864 48.242584229 -0.001245381 0.999789894 0.020459486 -44.338092804 -0.093759052 -0.020486122 0.995384097 478.811004639
0.995614231 -0.000713542 0.093550801 48.543533325 -0.001262805 0.999777317 0.021065025 -44.528789520 -0.093545005 -0.021090776 0.995391548 481.089599609
0.995672882 -0.001226343 0.092919283 48.849929810 -0.000790661 0.999765038 0.021667140 -44.718269348 -0.092924006 -0.021646850 0.995437980 483.360595703
0.995680571 -0.001875117 0.092825510 49.138336182 -0.000096657 0.999774516 0.021232672 -44.909152985 -0.092844382 -0.021149930 0.995455921 485.645690918
0.995760977 -0.001932534 0.091958307 49.447689056 -0.000082677 0.999759972 0.021905538 -45.107059479 -0.091978580 -0.021820283 0.995521843 487.952148438
0.995838404 -0.002327492 0.091106214 49.749816895 0.000292587 0.999750257 0.022342507 -45.294616699 -0.091135457 -0.022222871 0.995590568 490.235992432
0.995778441 -0.001737509 0.091772676 50.011772156 -0.000302836 0.999753118 0.022213986 -45.481307983 -0.091788635 -0.022148002 0.995532095 492.507751465
0.995832205 -0.001066235 0.091197997 50.318500519 -0.001019642 0.999738991 0.022822311 -45.667778015 -0.091198541 -0.022820182 0.995571256 494.797821045
0.995835543 -0.000759026 0.091164514 50.605243683 -0.001293661 0.999746978 0.022455087 -45.852893829 -0.091158479 -0.022479508 0.995582640 497.100433350
0.995855093 -0.000524450 0.090952113 50.911994934 -0.001492135 0.999754608 0.022102527 -46.048103333 -0.090941392 -0.022146629 0.995609939 499.419677734
0.995891690 -0.000555656 0.090550609 51.205116272 -0.001529540 0.999735236 0.022956947 -46.234569550 -0.090539396 -0.023001131 0.995627224 501.710723877
0.995906472 -0.000145937 0.090389743 51.495098114 -0.001957360 0.999729395 0.023180120 -46.422492981 -0.090368658 -0.023262154 0.995636582 503.989349365
0.995916128 0.000718205 0.090280376 51.786537170 -0.002761955 0.999742627 0.022514917 -46.610218048 -0.090240978 -0.022672318 0.995661855 506.276947021
0.995910108 0.001124414 0.090341680 52.078502655 -0.003205316 0.999732792 0.022891916 -46.793838501 -0.090291791 -0.023087863 0.995647728 508.575744629
0.995979548 0.000454846 0.089579478 52.387542725 -0.002416832 0.999759555 0.021794930 -46.982017517 -0.089548029 -0.021923807 0.995741129 510.870513916
0.996025980 -0.000156531 0.089062892 52.688674927 -0.001862928 0.999742985 0.022590954 -47.172355652 -0.089043528 -0.022667093 0.995769799 513.171936035
0.996047020 -0.000001360 0.088826917 52.986827850 -0.002022585 0.999740243 0.022695266 -47.357315063 -0.088803880 -0.022785215 0.995788455 515.478942871
0.996059597 0.000807539 0.088682435 53.278083801 -0.002819322 0.999741435 0.022562325 -47.544914246 -0.088641286 -0.022723446 0.995804369 517.784667969
0.996043980 0.001800749 0.088843226 53.563232422 -0.003789770 0.999745846 0.022224389 -47.732975006 -0.088780627 -0.022473166 0.995797634 520.083068848
0.996000528 0.003244177 0.089288734 53.854496002 -0.005283993 0.999730170 0.022618288 -47.928005219 -0.089191288 -0.022999629 0.995748937 522.430480957
0.995843828 0.005518412 0.090910524 54.133453369 -0.007609388 0.999714017 0.022669837 -48.110527039 -0.090759441 -0.023267390 0.995600939 524.752685547
0.995906889 0.006295313 0.090164118 54.457519531 -0.008466038 0.999683082 0.023713101 -48.294372559 -0.089986257 -0.024379382 0.995644510 527.087524414
0.995854557 0.005818253 0.090772688 54.747730255 -0.008000049 0.999687254 0.023690514 -48.480731964 -0.090606451 -0.024318494 0.995589733 529.392700195
0.995820105 0.003842730 0.091255434 55.041343689 -0.006157683 0.999665916 0.025099853 -48.663082123 -0.091128521 -0.025556859 0.995511174 531.706420898
0.995799124 0.002238704 0.091538928 55.350265503 -0.004522574 0.999683440 0.024749903 -48.844135284 -0.091454543 -0.025059922 0.995493829 534.025146484
0.995776832 0.002311032 0.091777556 55.652122498 -0.004543200 0.999698758 0.024120025 -49.025806427 -0.091694146 -0.024435125 0.995487392 536.342895508
0.995711088 0.001918099 0.092496723 55.952831268 -0.004143733 0.999706328 0.023875717 -49.210235596 -0.092423774 -0.024156600 0.995426655 538.662841797
0.995643556 0.002425202 0.093209557 56.251884460 -0.004609997 0.999719441 0.023231439 -49.398906708 -0.093127072 -0.023559928 0.995375454 540.973571777
0.995566905 0.003196557 0.094001412 56.551887512 -0.005363029 0.999725580 0.022803642 -49.586261749 -0.093902722 -0.023206685 0.995310843 543.295898438
0.995510161 0.003553882 0.094588064 56.863857269 -0.005637464 0.999747097 0.021769878 -49.772552490 -0.094486766 -0.022205371 0.995278418 545.621093750
0.995397627 0.003726550 0.095757656 57.154590607 -0.005881081 0.999735594 0.022227457 -49.960243225 -0.095649503 -0.022688320 0.995156467 547.935974121
0.995342553 0.003464629 0.096338250 57.460922241 -0.005731777 0.999712825 0.023266448 -50.153419495 -0.096229956 -0.023710271 0.995076716 550.254150391
0.995289445 0.003331343 0.096891843 57.763610840 -0.005607902 0.999714375 0.023233050 -50.337440491 -0.096786804 -0.023666967 0.995023727 552.555297852
0.995312691 0.002144082 0.096685410 58.081447601 -0.004299088 0.999746859 0.022086039 -50.521923065 -0.096613564 -0.022398174 0.995069921 554.867248535
0.995329320 0.002037613 0.096516386 58.397476196 -0.004243578 0.999734282 0.022656120 -50.713417053 -0.096444547 -0.022959873 0.995073497 557.184509277
0.995263934 0.002316678 0.097181894 58.701732635 -0.004582779 0.999722600 0.023101402 -50.900497437 -0.097101428 -0.023437357 0.994998515 559.493591309
0.995232046 0.002951437 0.097489394 59.013523102 -0.005315255 0.999697924 0.023996141 -51.085739136 -0.097389109 -0.024399916 0.994947255 561.829284668
0.995238900 0.002599064 0.097431168 59.335624695 -0.005017315 0.999685168 0.024583314 -51.272254944 -0.097336598 -0.024955111 0.994938552 564.159667969
0.995206058 0.003177081 0.097749747 59.650917053 -0.005667795 0.999666035 0.025213392 -51.452648163 -0.097637005 -0.025646545 0.994891524 566.474975586
0.995158732 0.004239199 0.098189332 59.973579407 -0.006686986 0.999674678 0.024613600 -51.641353607 -0.098053060 -0.025151033 0.994863331 568.803100586
0.995200396 0.005064264 0.097726889 60.307697296 -0.007336333 0.999710739 0.022903854 -51.820232391 -0.097582638 -0.023510883 0.994949639 571.131469727
0.995182812 0.005459412 0.097884230 60.636184692 -0.007737249 0.999707699 0.022906262 -52.007472992 -0.097730555 -0.023553271 0.994934201 573.453125000
0.995151281 0.005242469 0.098216012 60.947135925 -0.007650135 0.999678969 0.024153454 -52.202041626 -0.098057874 -0.024787707 0.994871974 575.818786621
0.995158255 0.005018177 0.098156564 61.274314880 -0.007563605 0.999644220 0.025577437 -52.394832611 -0.097993292 -0.026196016 0.994842291 578.133850098
0.995035946 0.005874149 0.099342689 61.570587158 -0.008294842 0.999678254 0.023971647 -52.581459045 -0.099169895 -0.024676682 0.994764626 580.511047363
0.995082498 0.005166248 0.098915271 61.897727966 -0.007557690 0.999687791 0.023817252 -52.762752533 -0.098761335 -0.024447698 0.994810879 582.849792480
0.995057583 0.004856402 0.099180982 62.217834473 -0.007383571 0.999656856 0.025129221 -52.954330444 -0.099024914 -0.025737332 0.994751990 585.165832520
0.995106578 0.005127147 0.098674051 62.541557312 -0.007640960 0.999655366 0.025114903 -53.136760712 -0.098511286 -0.025745973 0.994802833 587.486206055
0.995040655 0.002919281 0.099426001 62.864852905 -0.005306993 0.999703646 0.023758955 -53.323032379 -0.099327199 -0.024168782 0.994761229 589.845153809
0.995069206 0.002707356 0.099145785 63.195533752 -0.005071297 0.999708772 0.023598826 -53.504470825 -0.099053018 -0.023985263 0.994793057 592.195373535
0.995087266 0.001252811 0.098993704 63.516544342 -0.003628534 0.999709547 0.023822322 -53.690143585 -0.098935112 -0.024064494 0.994802892 594.534240723
0.995113850 0.000745146 0.098731048 63.847579956 -0.003121549 0.999709070 0.023917176 -53.876640320 -0.098684490 -0.024108507 0.994826674 596.892944336
