1.000000000 0.000000000 0.000000000 0.000000000 0.000000000 1.000000000 0.000000000 0.000000000 0.000000000 0.000000000 1.000000000 0.000000000
0.999999940 0.000092796 0.000374673 0.087651648 -0.000092738 1.000000000 -0.000154306 -0.226383567 -0.000374687 0.000154272 0.999999940 2.288195848
0.999999106 0.000491489 0.001175295 0.165966094 -0.000491977 0.999999821 0.000414699 -0.464165270 -0.001175090 -0.000415277 0.999999166 4.584851265
0.999998689 -0.000003546 0.001596917 0.264638275 0.000002732 0.999999881 0.000509711 -0.695229650 -0.001596918 -0.000509706 0.999998569 6.870490074
0.999996722 -0.000304107 0.002520462 0.357132435 0.000307244 0.999999106 -0.001244174 -0.928343415 -0.002520081 0.001244944 0.999996066 9.161198616
0.999988735 0.001502462 0.004520117 0.448981196 -0.001502887 0.999998868 0.000090820 -1.164079666 -0.004519976 -0.000097613 0.999989748 11.464832306
0.999971628 0.003423832 0.006703005 0.557032049 -0.003433515 0.999993026 0.001433572 -1.398788929 -0.006698050 -0.001456546 0.999976516 13.751362801
0.999950290 0.003337523 0.009391502 0.659219146 -0.003378049 0.999985099 0.004302687 -1.629752040 -0.009377001 -0.004334198 0.999946654 16.029180527
0.999943793 0.003535488 0.009996444 0.753408194 -0.003589723 0.999978900 0.005412676 -1.855291247 -0.009977099 -0.005448255 0.999935389 18.314331055
0.999932647 0.002528247 0.011325583 0.867233872 -0.002590901 0.999981403 0.005520845 -2.079408407 -0.011311412 -0.005549816 0.999920607 20.598903656
0.999930441 0.000224692 0.011793283 0.984862387 -0.000263544 0.999994516 0.003293005 -2.307521105 -0.011792479 -0.003295884 0.999925017 22.911991119
0.999921501 -0.001874057 0.012390513 1.094330072 0.001856617 0.999997199 0.001418863 -2.528050184 -0.012393139 -0.001395747 0.999922156 25.194469452
0.999917150 -0.002601173 0.012615697 1.225247502 0.002585307 0.999995828 0.001273809 -2.783701897 -0.012618961 -0.001241088 0.999919534 27.505365372
0.999895513 -0.002269483 0.014275379 1.321391940 0.002267476 0.999997377 0.000156792 -3.005725861 -0.014275697 -0.000124407 0.999898136 29.791749954
0.999897063 -0.000254659 0.014343907 1.452584743 0.000211233 0.999995530 0.003028903 -3.236198425 -0.014344615 -0.003025562 0.999892473 32.046115875
0.999899745 0.001646727 0.014056419 1.586737156 -0.001722742 0.999983966 0.005397382 -3.456094027 -0.014047306 -0.005421057 0.999886632 34.327011108
0.999860227 0.003952187 0.016241668 1.693462610 -0.004105675 0.999947131 0.009427867 -3.684982538 -0.016203547 -0.009493235 0.999823630 36.637943268
0.999846160 0.005832997 0.016539849 1.817217112 -0.005982560 0.999941528 0.009007524 -3.900515556 -0.016486339 -0.009105087 0.999822617 38.910575867
0.999816298 0.004711165 0.018580223 1.921849251 -0.004846792 0.999961913 0.007261268 -4.100873947 -0.018545307 -0.007349988 0.999801099 41.212169647
0.999824524 0.002231395 0.018607158 2.048532248 -0.002347969 0.999977767 0.006245474 -4.323618412 -0.018592807 -0.006288067 0.999807358 43.489513397
0.999828041 0.001852019 0.018447960 2.184061766 -0.001950089 0.999984086 0.005299438 -4.546120644 -0.018437851 -0.005334502 0.999815881 45.730964661
0.999826491 0.001011973 0.018605173 2.309404373 -0.001088969 0.999990880 0.004128781 -4.770142555 -0.018600827 -0.004148324 0.999818385 47.999694824
0.999826550 -0.000229081 0.018621972 2.446072578 0.000144867 0.999989688 0.004523473 -4.995802402 -0.018622814 -0.004519991 0.999816358 50.282966614
0.999812663 -0.000966953 0.019338014 2.577772856 0.000871855 0.999987483 0.004925529 -5.217185497 -0.019342532 -0.004907746 0.999800861 52.550060272
0.999802828 -0.002155035 0.019740885 2.710750103 0.002060488 0.999986351 0.004808493 -5.442950726 -0.019750979 -0.004766869 0.999793589 54.833869934
0.999782145 -0.002630249 0.020712564 2.843819141 0.002526822 0.999984145 0.005018013 -5.669304371 -0.020725435 -0.004964582 0.999772847 57.135112762
0.999772847 -0.004140047 0.020903943 2.985936642 0.004023561 0.999976099 0.005611429 -5.891985416 -0.020926673 -0.005526046 0.999765754 59.406089783
0.999723613 -0.005580789 0.022838136 3.106049538 0.005470518 0.999973118 0.004888012 -6.112675667 -0.022864796 -0.004761724 0.999727249 61.677654266
0.999706030 -0.006428399 0.023377795 3.255565405 0.006313120 0.999967515 0.005001573 -6.337608337 -0.023409192 -0.004852517 0.999714136 63.931632996
0.999671996 -0.005973446 0.024904059 3.392076015 0.005836932 0.999967575 0.005550661 -6.557526588 -0.024936406 -0.005403477 0.999674380 66.197875977
0.999648929 -0.005070908 0.026005106 3.538477421 0.004921997 0.999971151 0.005787055 -6.780763149 -0.026033703 -0.005657026 0.999644995 68.448196411
0.999606311 -0.005291306 0.027551590 3.674466610 0.005136434 0.999970615 0.005688881 -7.004662037 -0.027580883 -0.005545124 0.999604166 70.695526123
0.999598920 -0.006159719 0.027640674 3.838318825 0.006041734 0.999972284 0.004350014 -7.225843430 -0.027666699 -0.004181271 0.999608576 72.944038391
0.999583781 -0.007132259 0.027952615 3.995872736 0.007002822 0.999964237 0.004725750 -7.448922157 -0.027985319 -0.004528035 0.999598086 75.220878601
0.999548256 -0.008216707 0.028906530 4.159932613 0.008100673 0.999958694 0.004128947 -7.677224636 -0.028939264 -0.003892920 0.999573588 77.483619690
0.999539435 -0.009323541 0.028878324 4.317202568 0.009213301 0.999949753 0.003948116 -7.899748325 -0.028913682 -0.003680232 0.999575138 79.709770203
0.999509811 -0.009806522 0.029731410 4.464087009 0.009692020 0.999945045 0.003992897 -8.119358063 -0.029768933 -0.003702782 0.999549985 81.963966370
0.999491930 -0.008971308 0.030582357 4.632372856 0.008862589 0.999953926 0.003688779 -8.352472305 -0.030614041 -0.003415865 0.999525428 84.258773804
0.999445319 -0.008695916 0.032147970 4.786844254 0.008567961 0.999954820 0.004115872 -8.568426132 -0.032182314 -0.003838146 0.999474585 86.514846802
0.999441266 -0.008490854 0.032328006 4.953977108 0.008312734 0.999949515 0.005640255 -8.806215286 -0.032374263 -0.005368369 0.999461412 88.791870117
0.999416649 -0.007444439 0.033328615 5.110208988 0.007238054 0.999953866 0.006308779 -9.029806137 -0.033374034 -0.006063863 0.999424517 91.045753479
0.999396443 -0.007709465 0.033872589 5.278656960 0.007507057 0.999953210 0.006098679 -9.247166634 -0.033918016 -0.005840714 0.999407530 93.302070618
0.999378741 -0.007897939 0.034347136 5.445781708 0.007713693 0.999955177 0.005493429 -9.461189270 -0.034388982 -0.005225073 0.999394894 95.553993225
0.999348938 -0.008334620 0.035103410 5.611470222 0.008139804 0.999950707 0.005689026 -9.677938461 -0.035149094 -0.005399587 0.999367476 97.811920166
0.999313533 -0.008000392 0.036173120 5.769465446 0.007808647 0.999954700 0.005438951 -9.908051491 -0.036214996 -0.005152754 0.999330759 100.051994324
0.999242604 -0.008060293 0.038068213 5.920940399 0.007825252 0.999949336 0.006319236 -10.120106697 -0.038117219 -0.006016556 0.999255240 102.282249451
0.999241114 -0.008501770 0.038010627 6.116979599 0.008261611 0.999944866 0.006470840 -10.343780518 -0.038063537 -0.006151902 0.999256372 104.545684814
0.999211848 -0.009330961 0.038582601 6.294435501 0.009058389 0.999932826 0.007233462 -10.557531357 -0.038647506 -0.006878264 0.999229193 106.774726868
0.999167621 -0.010624231 0.039385080 6.469561100 0.010337190 0.999918580 0.007484565 -10.771340370 -0.039461393 -0.007071203 0.999196053 109.022216797
0.999136984 -0.011839182 0.039813519 6.655290604 0.011508225 0.999897361 0.008531614 -10.994067192 -0.039910451 -0.008066068 0.999170721 111.272155762
0.999117792 -0.012452256 0.040107742 6.843842506 0.012166172 0.999898791 0.007369128 -11.211492538 -0.040195450 -0.006874667 0.999168158 113.530754089
0.999075115 -0.013091894 0.040959716 7.025125504 0.012835310 0.999896288 0.006521106 -11.425798416 -0.041040849 -0.005989342 0.999139547 115.776756287
0.999032617 -0.013457041 0.041862495 7.200633049 0.013183448 0.999889910 0.006804706 -11.646916389 -0.041949455 -0.006246232 0.999100208 118.010704041
0.998987317 -0.014039005 0.042744756 7.387605667 0.013730000 0.999877512 0.007514146 -11.865452766 -0.042845022 -0.006919650 0.999057770 120.254936218
0.998967886 -0.014816738 0.042937420 7.592185497 0.014482183 0.999862313 0.008092370 -12.086023331 -0.043051422 -0.007462190 0.999045014 122.456703186
0.998903930 -0.015655581 0.044111650 7.781807899 0.015310968 0.999849677 0.008139372 -12.309876442 -0.044232447 -0.007455058 0.998993456 124.740463257
0.998860717 -0.016637489 0.044725474 7.964632034 0.016325401 0.999839783 0.007334091 -12.528483391 -0.044840328 -0.006595575 0.998972416 127.006919861
0.998843491 -0.018230619 0.044490069 8.156088829 0.017900104 0.999809206 0.007816107 -12.743618011 -0.044624075 -0.007010690 0.998979270 129.271041870
0.998864949 -0.019261437 0.043563489 8.343519211 0.018928960 0.999788582 0.008031629 -12.954046249 -0.043708988 -0.007197902 0.999018371 131.514251709
0.998920739 -0.019571032 0.042121548 8.539512634 0.019195352 0.999772549 0.009305013 -13.167743683 -0.042294078 -0.008486435 0.999069154 133.751022339
0.998971701 -0.020615678 0.040377751 8.726847649 0.020275420 0.999755681 0.008818303 -13.381326675 -0.040549681 -0.007990562 0.999145567 135.989547729
0.999048531 -0.021375757 0.038012221 8.937233925 0.021079337 0.999744356 0.008181732 -13.588541031 -0.038177393 -0.007372676 0.999243736 138.209487915
0.999029875 -0.022048114 0.038120467 9.099771500 0.021750370 0.999729753 0.008207906 -13.801573753 -0.038291134 -0.007370810 0.999239385 140.500732422
0.999008000 -0.022274828 0.038561545 9.261225700 0.021957217 0.999721646 0.008640593 -14.008381844 -0.038743276 -0.007785316 0.999218881 142.735000610
0.999065459 -0.021870892 0.037280090 9.455290794 0.021522319 0.999721169 0.009726005 -14.227035522 -0.037482411 -0.008914562 0.999257624 144.962799072
0.999082625 -0.021041032 0.037297394 9.627046585 0.020736212 0.999748528 0.008540777 -14.436861038 -0.037467726 -0.007759537 0.999267697 147.204940796
0.999104798 -0.019917522 0.037324306 9.802732468 0.019670840 0.999782264 0.006964801 -14.647536278 -0.037454903 -0.006224365 0.999278963 149.444381714
0.999124229 -0.018180232 0.037686918 9.975893021 0.017959422 0.999819577 0.006189480 -14.865369797 -0.037792638 -0.005507225 0.999270439 151.686782837
0.999136090 -0.017374482 0.037752513 10.156457901 0.017151514 0.999833524 0.006221910 -15.079246521 -0.037854321 -0.005569022 0.999267757 153.920501709
0.999129295 -0.016662000 0.038253102 10.331563950 0.016418597 0.999842882 0.006668402 -15.293201447 -0.038358204 -0.006034533 0.999245763 156.171905518
0.999137163 -0.015888015 0.038374845 10.522773743 0.015600124 0.999847889 0.007789849 -15.509686470 -0.038492769 -0.007184474 0.999233007 158.398422241
0.999088824 -0.015409716 0.039798811 10.687830925 0.015097134 0.999852836 0.008142767 -15.711318016 -0.039918438 -0.007534500 0.999174535 160.663375854
0.999067783 -0.014529038 0.040651076 10.870219231 0.014131476 0.999849677 0.010050126 -15.926825523 -0.040790986 -0.009466297 0.999122918 162.899475098
0.999038875 -0.013754287 0.041618843 11.052322388 0.013376310 0.999866843 0.009346748 -16.137006760 -0.041741863 -0.008781055 0.999089956 165.166183472
0.999005556 -0.013217892 0.042580258 11.244014740 0.012872505 0.999881983 0.008375457 -16.350585938 -0.042685930 -0.007819013 0.999057949 167.405227661
0.998949051 -0.011589915 0.044344943 11.429186821 0.011229535 0.999901950 0.008367255 -16.557565689 -0.044437572 -0.007860487 0.998981237 169.647933960
0.998835981 -0.010774918 0.047017105 11.612186432 0.010362192 0.999905705 0.009013126 -16.773254395 -0.047109794 -0.008515434 0.998853385 171.878494263
0.998728573 -0.011186611 0.049152222 11.822128296 0.010767643 0.999903500 0.008780443 -16.991409302 -0.049245689 -0.008240031 0.998752713 174.169036865
0.998663545 -0.011426947 0.050403301 12.026348114 0.010998260 0.999900997 0.008774351 -17.200286865 -0.050498582 -0.008208277 0.998690426 176.434906006
0.998610795 -0.011880980 0.051334783 12.227918625 0.011394402 0.999887466 0.009760800 -17.412752151 -0.051444966 -0.009162310 0.998633802 178.671279907
0.998548925 -0.012731928 0.052326802 12.420644760 0.012219669 0.999874353 0.010097916 -17.625541687 -0.052448783 -0.009443847 0.998578966 180.910064697
0.998580873 -0.013407317 0.051543891 12.621544838 0.012924794 0.999869525 0.009683414 -17.834772110 -0.051667001 -0.009003476 0.998623788 183.164276123
0.998592675 -0.014717615 0.050951347 12.831932068 0.014249553 0.999852896 0.009537583 -18.049833298 -0.051084235 -0.008798126 0.998655558 185.407897949
0.998592496 -0.016414767 0.050435353 13.041704178 0.015903916 0.999818265 0.010513519 -18.259569168 -0.050598763 -0.009696601 0.998672009 187.648483276
0.998588920 -0.017174657 0.050251767 13.231618881 0.016718876 0.999815345 0.009476290 -18.462606430 -0.050405230 -0.008622766 0.998691618 189.882049561
0.998543203 -0.018301595 0.050758954 13.428564072 0.017865479 0.999799669 0.009032399 -18.672866821 -0.050914094 -0.008112409 0.998669982 192.123306274
0.998537242 -0.019248376 0.050525807 13.626958847 0.018806996 0.999780953 0.009196742 -18.897933960 -0.050691761 -0.008233052 0.998680413 194.349639893
0.998556316 -0.018915614 0.050274085 13.835282326 0.018458948 0.999784172 0.009532458 -19.108112335 -0.050443556 -0.008590689 0.998689950 196.585327148
0.998584569 -0.017110771 0.050358985 14.046951294 0.016657552 0.999817133 0.009405660 -19.318759918 -0.050510708 -0.008553491 0.998686910 198.829452515
0.998596311 -0.014880849 0.050833043 14.239198685 0.014418909 0.999851465 0.009442082 -19.543630600 -0.050965998 -0.008695871 0.998662531 201.070098877
0.998564839 -0.013963411 0.051703844 14.443639755 0.013522764 0.999869227 0.008862615 -19.756456375 -0.051820833 -0.008150715 0.998623073 203.327178955
0.998537481 -0.014567507 0.052063771 14.646234512 0.014079562 0.999853492 0.009726602 -19.967525482 -0.052197840 -0.008979341 0.998596370 205.554809570
0.998483896 -0.015904289 0.052696038 14.847105026 0.015381602 0.999828517 0.010309660 -20.178371429 -0.052850965 -0.009483480 0.998557389 207.773223877
0.998476684 -0.016197616 0.052746978 15.069810867 0.015694769 0.999827445 0.009933596 -20.384624481 -0.052898783 -0.009090612 0.998558462 210.037521362
0.998386383 -0.015772540 0.054551892 15.276651382 0.015196888 0.999824524 0.010951138 -20.595575333 -0.054715041 -0.010104449 0.998450875 212.280410767
0.998321414 -0.014476597 0.056078397 15.506072044 0.013859404 0.999839187 0.011379229 -20.805683136 -0.056234114 -0.010582916 0.998361468 214.511596680
0.998171091 -0.013504585 0.058924992 15.699948311 0.012883021 0.999857426 0.010915580 -21.003343582 -0.059064001 -0.010136482 0.998202741 216.741012573
0.998047054 -0.013686307 0.060947590 15.924947739 0.013018091 0.999850869 0.011347384 -21.210002899 -0.061093807 -0.010531803 0.998076439 218.971694946
0.997909844 -0.014934543 0.062872007 16.152790070 0.014198736 0.999825537 0.012133827 -21.412899017 -0.063042246 -0.011215760 0.997947931 221.197052002
0.997809112 -0.016216392 0.064140089 16.382884979 0.015422812 0.999798536 0.012848447 -21.613466263 -0.064335510 -0.011831078 0.997858107 223.419815063
0.997739255 -0.018507626 0.064604141 16.624450684 0.017752245 0.999767423 0.012247011 -21.824216843 -0.064815767 -0.011072456 0.997835815 225.634735107
0.997713983 -0.019644160 0.064659774 16.864925385 0.018899307 0.999747992 0.012111222 -22.025106430 -0.064881399 -0.010861512 0.997833848 227.879730225
0.997665882 -0.019681156 0.065385878 17.095024109 0.018918734 0.999745846 0.012259139 -22.228521347 -0.065610535 -0.010993506 0.997784674 230.115783691
0.997623384 -0.020767385 0.065697759 17.340723038 0.020082580 0.999737203 0.011066874 -22.432729721 -0.065910310 -0.009721193 0.997778177 232.365509033
0.997589529 -0.021751445 0.065894715 17.583305359 0.021009177 0.999708056 0.011936638 -22.632354736 -0.066135116 -0.010523472 0.997755170 234.604019165
0.997537911 -0.020682430 0.067010440 17.820968628 0.019897690 0.999725640 0.012357049 -22.840553284 -0.067247629 -0.010993271 0.997675776 236.854614258
0.997505128 -0.020133168 0.067661114 18.057857513 0.019375313 0.999742210 0.011838425 -23.035909653 -0.067882009 -0.010497937 0.997638106 239.074295044
0.997474968 -0.020430744 0.068016924 18.300701141 0.019632252 0.999730527 0.012387478 -23.242340088 -0.068251692 -0.011020873 0.997607291 241.291305542
0.997429550 -0.020794777 0.068570070 18.544004440 0.019977910 0.999721289 0.012577268 -23.444301605 -0.068812490 -0.011175054 0.997566998 243.527862549
0.997402966 -0.021005016 0.068891920 18.788978577 0.020245148 0.999726474 0.011709585 -23.650466919 -0.069119036 -0.010284447 0.997555435 245.748352051
0.997414708 -0.020451294 0.068888254 19.040100098 0.019731676 0.999743581 0.011110493 -23.856414795 -0.069097817 -0.009722488 0.997562528 247.972427368
0.997385085 -0.020830775 0.069203444 19.290382385 0.020073948 0.999731004 0.011613829 -24.061805725 -0.069426775 -0.010194272 0.997534990 250.204132080
0.997351170 -0.022204351 0.069264181 19.543766022 0.021455573 0.999703228 0.011535821 -24.267154694 -0.069499768 -0.010019164 0.997531652 252.428436279
0.997345567 -0.022324588 0.069306448 19.803106308 0.021523902 0.999692917 0.012278234 -24.475013733 -0.069559254 -0.010753895 0.997519851 254.687515259
0.997318149 -0.022977555 0.069487981 20.039632797 0.022150658 0.999674678 0.012647226 -24.679864883 -0.069755964 -0.011074104 0.997502565 256.904541016
0.997287571 -0.023402285 0.069785811 20.297615051 0.022543600 0.999660432 0.013066987 -24.894548416 -0.070067920 -0.011458317 0.997476399 259.170623779
0.997249305 -0.023079215 0.070435449 20.548624039 0.022240512 0.999672353 0.012668606 -25.097936630 -0.070704758 -0.011067239 0.997435868 261.414642334
0.997233272 -0.023117324 0.070649259 20.805839539 0.022312704 0.999677122 0.012157097 -25.298536301 -0.070907503 -0.010547086 0.997427046 263.664916992
0.997206986 -0.022470536 0.071228795 21.062379837 0.021694206 0.999696732 0.011654104 -25.503925323 -0.071469091 -0.010076302 0.997391939 265.899108887
0.997169971 -0.021808121 0.071947023 21.317829132 0.021028416 0.999711812 0.011576997 -25.702724457 -0.072178774 -0.010031302 0.997341335 268.139007568
0.997019470 -0.021855995 0.073989645 21.564905167 0.021068439 0.999712944 0.011407999 -25.911998749 -0.074217744 -0.009815154 0.997193694 270.385253906
0.996962667 -0.022601914 0.074528731 21.839729309 0.021763347 0.999690652 0.012044694 -26.123701096 -0.074777916 -0.010386115 0.997146130 272.626129150
0.996718109 -0.023326404 0.077517390 22.072633743 0.022454031 0.999674559 0.012106590 -26.313331604 -0.077774569 -0.010326277 0.996917486 274.863128662
0.996630490 -0.023133831 0.078692742 22.349281311 0.022180093 0.999669790 0.012972457 -26.504262924 -0.078966871 -0.011183332 0.996814549 277.102874756
0.996534646 -0.022881230 0.079969026 22.623394012 0.021722736 0.999646485 0.015326973 -26.729835510 -0.080291450 -0.013536716 0.996679485 279.351287842
0.996454418 -0.022581432 0.081047751 22.903539658 0.021354234 0.999644279 0.015976781 -26.928020477 -0.081379689 -0.014189422 0.996582150 281.590087891
0.996390760 -0.021978902 0.081989892 23.179920197 0.020715173 0.999653578 0.016232286 -27.118320465 -0.082318261 -0.014475265 0.996500969 283.845642090
0.996284068 -0.020985149 0.083532631 23.445449829 0.019716408 0.999677896 0.015984679 -27.312437057 -0.083841167 -0.014278317 0.996376872 286.074523926
0.996283531 -0.020330595 0.083700351 23.731149673 0.019180208 0.999710441 0.014525468 -27.499734879 -0.083971411 -0.012866095 0.996385217 288.324523926
0.996220112 -0.021127775 0.084256619 24.002519608 0.019948458 0.999691188 0.014814274 -27.702316284 -0.084543578 -0.013077487 0.996334016 290.551727295
0.996152341 -0.021022376 0.085080147 24.261095047 0.019889463 0.999702096 0.014141762 -27.903205872 -0.085352093 -0.012395152 0.996273696 292.820495605
0.996169925 -0.021537818 0.084744252 24.542530060 0.020480394 0.999701381 0.013327572 -28.099208832 -0.085005991 -0.011540933 0.996313512 295.049713135
0.996153712 -0.021529235 0.084936656 24.819253922 0.020469280 0.999701619 0.013330649 -28.299600601 -0.085198328 -0.011540784 0.996297181 297.284393311
0.996159017 -0.020836031 0.085047707 25.098800659 0.019768102 0.999715090 0.013379805 -28.495277405 -0.085302256 -0.011647182 0.996287048 299.523376465
0.996109486 -0.020692499 0.085660256 25.360826492 0.019515617 0.999703646 0.014553680 -28.703773499 -0.085936032 -0.012825347 0.996218085 301.756500244
0.996110260 -0.021166740 0.085535593 25.647287369 0.019985871 0.999693096 0.014638517 -28.899751663 -0.085819207 -0.012872074 0.996227562 304.006042480
0.996080875 -0.020687858 0.085993595 25.930158615 0.019483801 0.999700308 0.014817549 -29.096473694 -0.086274371 -0.013083993 0.996185482 306.252105713
0.996091664 -0.021267315 0.085727014 26.216133118 0.020049851 0.999685884 0.015037796 -29.307043076 -0.086019889 -0.013260210 0.996205151 308.500823975
0.996046722 -0.022250010 0.086000599 26.498924255 0.020998046 0.999660373 0.015435048 -29.503158569 -0.086314842 -0.013568183 0.996175528 310.752471924
0.996002734 -0.021907229 0.086594693 26.779199600 0.020700606 0.999675989 0.014807757 -29.702568054 -0.086891040 -0.012956003 0.996133566 312.991302490
0.996017218 -0.021511579 0.086527370 27.069187164 0.020225706 0.999672115 0.015710298 -29.905208588 -0.086836927 -0.013897652 0.996125579 315.237854004
0.995979548 -0.019897666 0.087342821 27.352020264 0.018666171 0.999714851 0.014893762 -30.104591370 -0.087614283 -0.013203526 0.996066988 317.476867676
0.995967031 -0.018084245 0.087878272 27.630172729 0.016775457 0.999737442 0.015609015 -30.304380417 -0.088137470 -0.014071864 0.996008933 319.714508057
0.995914638 -0.016581969 0.088762701 27.906404495 0.015308670 0.999770343 0.015006634 -30.501317978 -0.088991135 -0.013586491 0.995939732 321.933258057
0.995863259 -0.015518207 0.089529432 28.182107925 0.014183798 0.999778867 0.015521746 -30.694183350 -0.089750506 -0.014187671 0.995863199 324.170135498
0.995853126 -0.015251895 0.089687966 28.470779419 0.013771837 0.999758840 0.017098082 -30.901254654 -0.089927137 -0.015792008 0.995823145 326.390625000
0.995813131 -0.015994018 0.090002537 28.748533249 0.014548913 0.999754965 0.016689496 -31.094917297 -0.090247408 -0.015310180 0.995801687 328.626922607
0.995793104 -0.017075969 0.090025209 29.043262482 0.015692549 0.999747992 0.016052552 -31.290403366 -0.090276621 -0.014572298 0.995810091 330.855194092
0.995775223 -0.016632887 0.090305388 29.326271057 0.015268791 0.999758959 0.015775332 -31.485458374 -0.090546012 -0.014329832 0.995789170 333.072845459
0.995734811 -0.016776361 0.090723604 29.612066269 0.015274657 0.999734998 0.017221563 -31.682979584 -0.090988472 -0.015762338 0.995727122 335.309631348
0.995782018 -0.017175715 0.090128683 29.915296555 0.015691586 0.999729812 0.017149605 -31.873714447 -0.090398878 -0.015663007 0.995782375 337.543457031
0.995761275 -0.016701618 0.090445831 30.195562363 0.015176845 0.999731243 0.017520038 -32.073429108 -0.090714134 -0.016073093 0.995747268 339.776336670
0.995783985 -0.016970616 0.090145782 30.492542267 0.015473397 0.999730885 0.017281897 -32.269187927 -0.090414800 -0.015814172 0.995778561 342.018432617
0.995780110 -0.017203774 0.090144552 30.778251648 0.015667694 0.999720216 0.017720196 -32.460399628 -0.090424187 -0.016233061 0.995771050 344.266052246
0.995804727 -0.016478553 0.090007409 31.065544128 0.014942907 0.999731481 0.017708685 -32.650596619 -0.090275049 -0.016289419 0.995783627 346.512084961
0.995818198 -0.016073300 0.089932047 31.351579666 0.014556915 0.999741018 0.017492054 -32.842346191 -0.090189911 -0.016109774 0.995794296 348.749664307
0.995765984 -0.015576483 0.090596139 31.637634277 0.013993081 0.999738455 0.018086635 -33.040019989 -0.090854190 -0.016742339 0.995723426 350.985198975
0.995807111 -0.015662087 0.090126790 31.933382034 0.014063009 0.999732733 0.018350320 -33.231441498 -0.090390123 -0.017005930 0.995761216 353.201904297
0.995828986 -0.015584785 0.089898244 32.223075867 0.014039951 0.999743164 0.017791122 -33.424133301 -0.090152450 -0.016454754 0.995791972 355.448699951
0.995851457 -0.015726089 0.089626029 32.513454437 0.014166921 0.999737442 0.018006096 -33.612873077 -0.089885682 -0.016661668 0.995812714 357.683410645
0.995928705 -0.014953555 0.088894613 32.807727814 0.013302896 0.999728441 0.019132290 -33.810028076 -0.089156576 -0.017871842 0.995857298 359.927124023
0.995982289 -0.015090615 0.088269509 33.104255676 0.013437967 0.999723673 0.019287132 -34.004184723 -0.088536181 -0.018023482 0.995909810 362.173187256
0.996024728 -0.014977936 0.087808430 33.397514343 0.013291172 0.999716282 0.019762939 -34.192298889 -0.088079520 -0.018517295 0.995941341 364.414276123
0.996081233 -0.014912914 0.087176107 33.688892365 0.013293953 0.999728739 0.019122353 -34.382110596 -0.087437630 -0.017888499 0.996009290 366.670806885
0.996111095 -0.015544165 0.086725123 33.971130371 0.013950786 0.999723136 0.018948739 -34.571937561 -0.086995661 -0.017665159 0.996052027 368.911895752
0.996075809 -0.015384966 0.087156393 34.245437622 0.013843008 0.999737322 0.018268710 -34.758785248 -0.087414555 -0.016990513 0.996027052 371.176086426
0.996163309 -0.015599522 0.086113632 34.540855408 0.014094075 0.999737501 0.018062508 -34.950042725 -0.086372785 -0.016779518 0.996121585 373.406799316
0.996284008 -0.015499756 0.084721677 34.838943481 0.013952995 0.999725521 0.018818734 -35.139759064 -0.084990099 -0.017566690 0.996226907 375.649902344
0.996161342 -0.014323325 0.086357668 35.099437714 0.012719110 0.999736726 0.019098131 -35.326141357 -0.086608455 -0.017926428 0.996081114 377.889923096
0.996150732 -0.014884052 0.086384080 35.379474640 0.013257945 0.999724507 0.019367456 -35.518150330 -0.086648561 -0.018147627 0.996073663 380.127166748
0.996172726 -0.014782893 0.086147562 35.670127869 0.013162684 0.999726236 0.019345168 -35.702659607 -0.086409949 -0.018137194 0.996094465 382.384307861
0.996171653 -0.013944437 0.086298741 35.955184937 0.012286497 0.999730170 0.019713080 -35.896656036 -0.086550348 -0.018577307 0.996074259 384.635253906
0.996171772 -0.012955271 0.086451732 36.239696503 0.011302431 0.999744415 0.019580830 -36.078063965 -0.086683281 -0.018528756 0.996063590 386.898406982
0.996192992 -0.011638048 0.086394094 36.534305573 0.009975182 0.999756992 0.019654281 -36.278129578 -0.086601831 -0.018717658 0.996067286 389.172821045
0.996176779 -0.010511327 0.086725347 36.815715790 0.008858810 0.999772191 0.019417537 -36.466808319 -0.086909696 -0.018575020 0.996043026 391.450866699
0.996168554 -0.009060991 0.086984709 37.095371246 0.007272705 0.999756038 0.020853581 -36.655097961 -0.087152451 -0.020141067 0.995991349 393.705230713
0.996103704 -0.007945255 0.087830953 37.372089386 0.006111025 0.999758005 0.021132840 -36.842754364 -0.087977603 -0.020513767 0.995911181 395.964996338
0.996034324 -0.007665944 0.088638976 37.655143738 0.005938572 0.999787748 0.019735042 -37.038429260 -0.088771425 -0.019130390 0.995868206 398.229339600
0.995975018 -0.007573297 0.089310840 37.938014984 0.005879090 0.999798059 0.019217601 -37.229011536 -0.089438334 -0.018615186 0.995818317 400.490051270
0.995831490 -0.008626788 0.090803161 38.212459564 0.006770344 0.999762177 0.020732904 -37.420307159 -0.090960398 -0.020031707 0.995653033 402.729827881
0.995848238 -0.009855134 0.090493880 38.512935638 0.007948112 0.999739170 0.021409744 -37.606170654 -0.090681270 -0.020601597 0.995666862 405.007141113
0.995768666 -0.010207132 0.091327369 38.796672821 0.008317487 0.999743879 0.021047626 -37.789741516 -0.091518804 -0.020198951 0.995598555 407.262420654
0.995743454 -0.008527517 0.091772012 39.109169006 0.006701875 0.999773860 0.020183060 -37.970504761 -0.091923349 -0.019482108 0.995575488 409.512573242
0.995640159 -0.008102260 0.092924334 39.397891998 0.006185271 0.999762416 0.020899039 -38.165168762 -0.093071587 -0.020233164 0.995453835 411.770233154
0.995669842 -0.006175656 0.092754915 39.716552734 0.004326539 0.999788165 0.020123394 -38.355110168 -0.092859551 -0.019634949 0.995485604 414.035888672
0.995577931 -0.005152057 0.093797058 40.016719818 0.003255827 0.999787450 0.020358117 -38.545169830 -0.093882017 -0.019962711 0.995383143 416.304229736
0.995534718 -0.005382683 0.094242088 40.322628021 0.003495378 0.999790251 0.020179760 -38.736221313 -0.094330937 -0.019760238 0.995344758 418.559112549
0.995423794 -0.005270075 0.095412679 40.615352631 0.003358111 0.999790549 0.020188395 -38.922988892 -0.095499091 -0.019775599 0.995232999 420.810485840
0.995335817 -0.005372473 0.096320964 40.907989502 0.003455000 0.999792755 0.020062862 -39.114261627 -0.096408799 -0.019636495 0.995148063 423.060119629
0.995265245 -0.005711615 0.097028293 41.212284088 0.003694212 0.999773443 0.020958856 -39.299774170 -0.097126029 -0.020501180 0.995060921 425.330902100
0.995240092 -0.005258128 0.097312555 41.516048431 0.003159669 0.999759436 0.021705683 -39.487968445 -0.097403258 -0.021294888 0.995017290 427.580444336
0.995157778 -0.004353630 0.098193161 41.825202942 0.002171477 0.999748588 0.022319008 -39.671524048 -0.098265618 -0.021997714 0.994917035 429.855010986
0.995144248 -0.004971850 0.098301806 42.131896973 0.002757662 0.999739707 0.022647439 -39.862861633 -0.098388836 -0.022266380 0.994898915 432.104797363
0.995103657 -0.005678646 0.098672681 42.446361542 0.003527649 0.999752581 0.021960132 -40.054180145 -0.098772958 -0.021504527 0.994877577 434.369659424
0.995069027 -0.004723311 0.099072382 42.757038116 0.002527222 0.999748588 0.022280321 -40.229682922 -0.099152692 -0.021920076 0.994830787 436.633239746
0.995045245 -0.005360397 0.099278606 43.072872162 0.003134720 0.999740481 0.022560939 -40.418033600 -0.099373750 -0.022137944 0.994804025 438.916656494
0.995111346 -0.005302167 0.098618329 43.397361755 0.003085147 0.999739349 0.022619734 -40.598781586 -0.098712549 -0.022204895 0.994868219 441.191711426
0.995069087 -0.004764603 0.099069729 43.709484100 0.002434540 0.999717891 0.023627020 -40.794120789 -0.099154361 -0.023269333 0.994799912 443.450317383
0.995019317 -0.005715071 0.099517666 44.016841888 0.003351996 0.999708831 0.023896318 -40.976829529 -0.099625260 -0.023443716 0.994748771 445.711822510
0.995072484 -0.004968435 0.099025555 44.355594635 0.002651499 0.999719918 0.023515237 -41.157855988 -0.099114656 -0.023136802 0.994807005 447.980072021
0.995074928 -0.004108467 0.099039830 44.669334412 0.001844076 0.999735057 0.022944150 -41.341758728 -0.099107869 -0.022648515 0.994818866 450.233154297
0.995043457 -0.003510437 0.099378727 44.982303619 0.001254621 0.999740362 0.022752592 -41.531066895 -0.099432789 -0.022515139 0.994789541 452.494323730
0.994970500 -0.002713102 0.100131795 45.290904999 0.000444382 0.999742866 0.022672679 -41.706367493 -0.100167558 -0.022514150 0.994715810 454.766052246
0.994965076 -0.002720023 0.100184575 45.599285126 0.000479370 0.999749362 0.022382544 -41.896026611 -0.100220338 -0.022221822 0.994717062 457.024291992
0.994978130 -0.001851554 0.100075439 45.921913147 -0.000318624 0.999765158 0.021665093 -42.082344055 -0.100092061 -0.021588180 0.994743884 459.305999756
0.994956195 -0.000906534 0.100305744 46.236278534 -0.001307367 0.999757051 0.022003591 -42.266979218 -0.100301318 -0.022023747 0.994713306 461.589141846
0.994967580 -0.000642608 0.100195162 46.553241730 -0.001729906 0.999720156 0.023590252 -42.455051422 -0.100182272 -0.023644863 0.994688213 463.867614746
0.995007336 -0.000832851 0.099798344 46.861354828 -0.001573278 0.999709964 0.024028772 -42.635536194 -0.099789411 -0.024065813 0.994717479 466.135009766
0.995114625 -0.000986372 0.098721638 47.182857513 -0.001268253 0.999739826 0.022772839 -42.816123962 -0.098718435 -0.022786789 0.994854569 468.417205811
0.995210826 -0.000877041 0.097747952 47.510818481 -0.001304564 0.999751508 0.022252535 -43.002433777 -0.097743183 -0.022273483 0.994962394 470.712982178
0.995279372 -0.001480835 0.097039901 47.819839478 -0.000785186 0.999727964 0.023309087 -43.192832947 -0.097048029 -0.023275249 0.995007455 472.997558594
0.995265365 -0.001770477 0.097178191 48.118270874 -0.000509463 0.999725282 0.023431608 -43.376846313 -0.097192988 -0.023370178 0.994991183 475.273284912
0.995407581 -0.001500430 0.095715903 48.436805725 -0.000704950 0.999735177 0.023002911 -43.551525116 -0.095725074 -0.022964746 0.995142817 477.563049316
0.995411456 -0.001700900 0.095671594 48.741725922 -0.000554170 0.999722719 0.023539428 -43.735649109 -0.095685124 -0.023484439 0.995134532 479.844879150
0.995457470 -0.002150195 0.095182680 49.055114746 -0.000152257 0.999707639 0.024175949 -43.919391632 -0.095206827 -0.024080621 0.995166183 482.118164062
0.995458364 -0.002639831 0.095162220 49.352409363 0.000413763 0.999725938 0.023404494 -44.100448608 -0.095197931 -0.023258822 0.995186567 484.405334473
0.995512009 -0.003435097 0.094573230 49.654590607 0.001134552 0.999702394 0.024368567 -44.298664093 -0.094628796 -0.024151906 0.995219588 486.707672119
0.995581269 -0.003763648 0.093828857 49.959312439 0.001472847 0.999699473 0.024471985 -44.475692749 -0.093892753 -0.024225658 0.995287478 488.986846924
0.995514929 -0.003782190 0.094528645 50.227993011 0.001451496 0.999693573 0.024712568 -44.663272858 -0.094593145 -0.024464523 0.995215356 491.255310059
0.995608270 -0.003283703 0.093559153 50.542404175 0.000942052 0.999685407 0.025061749 -44.842559814 -0.093612023 -0.024863545 0.995298207 493.541809082
0.995598733 -0.002854702 0.093674608 50.831184387 0.000543303 0.999695003 0.024691004 -45.021598816 -0.093716517 -0.024531443 0.995296657 495.833984375
0.995640814 -0.002873618 0.093226135 51.143947601 0.000609092 0.999704301 0.024310030 -45.210514069 -0.093268424 -0.024147281 0.995348155 498.137054443
0.995693684 -0.002661726 0.092667371 51.445930481 0.000352688 0.999689400 0.024924939 -45.389881134 -0.092704929 -0.024784923 0.995385110 500.431213379
0.995684922 -0.002253047 0.092771046 51.739074707 -0.000103872 0.999677539 0.025393104 -45.576728821 -0.092798345 -0.025293160 0.995363593 502.708099365
0.995723486 -0.001431979 0.092371643 52.041366577 -0.000851600 0.999695122 0.024677496 -45.758846283 -0.092378825 -0.024650633 0.995418727 504.998291016
0.995702446 -0.001391455 0.092599645 52.333148956 -0.000978233 0.999673307 0.025540370 -45.942710876 -0.092604928 -0.025521196 0.995375812 507.289306641
0.995725572 -0.001980668 0.092339739 52.631565094 -0.000299621 0.999695480 0.024674155 -46.126968384 -0.092360489 -0.024596358 0.995421827 509.580139160
0.995776236 -0.002682286 0.091773190 52.941780090 0.000330497 0.999671400 0.025631705 -46.314891815 -0.091811784 -0.025493121 0.995449960 511.878295898
0.995800793 -0.002634643 0.091508046 53.243877411 0.000256310 0.999662101 0.025992446 -46.494380951 -0.091545619 -0.025859846 0.995465040 514.185241699
0.995800376 -0.002072218 0.091527827 53.537410736 -0.000269127 0.999673247 0.025560940 -46.670486450 -0.091550872 -0.025478225 0.995474398 516.491577148
0.995790422 -0.001167448 0.091651946 53.827308655 -0.001150689 0.999680817 0.025235904 -46.851303101 -0.091652170 -0.025235135 0.995471299 518.782226562
0.995739877 0.000947839 0.092201561 54.125724792 -0.003310241 0.999670029 0.025472602 -47.036052704 -0.092146978 -0.025669295 0.995414495 521.113525391
0.995665789 0.003019007 0.092953987 54.429164886 -0.005423266 0.999656975 0.025623322 -47.215797424 -0.092844740 -0.026016377 0.995340586 523.447692871
0.995610535 0.003684999 0.093520612 54.734191895 -0.006220722 0.999620318 0.026837025 -47.390953064 -0.093386211 -0.027300989 0.995255530 525.769104004
0.995559871 0.003136663 0.094078094 55.033279419 -0.005686424 0.999623299 0.026846778 -47.568611145 -0.093958452 -0.027262544 0.995202780 528.070556641
0.995506287 0.001518189 0.094683379 55.332500458 -0.004204215 0.999594152 0.028175492 -47.745765686 -0.094602160 -0.028446948 0.995108664 530.386840820
0.995474458 -0.000199136 0.095029399 55.650512695 -0.002460406 0.999608576 0.027868522 -47.920509338 -0.094997756 -0.027976213 0.995084286 532.712341309
0.995482624 -0.000487851 0.094942696 55.963333130 -0.002110847 0.999625862 0.027268874 -48.097736359 -0.094920471 -0.027346097 0.995109141 535.026611328
0.995391846 -0.000638128 0.095888689 56.267265320 -0.001970240 0.999630630 0.027104894 -48.274349213 -0.095870569 -0.027168917 0.995022953 537.344299316
0.995311558 -0.000112542 0.096720755 56.570495605 -0.002473215 0.999642730 0.026613938 -48.456863403 -0.096689202 -0.026728373 0.994955599 539.661132812
0.995217860 0.000622555 0.097678408 56.879333496 -0.003197444 0.999651432 0.026206551 -48.637393951 -0.097628035 -0.026393551 0.994872868 541.980834961
0.995092690 0.001247436 0.098939002 57.172775269 -0.003751234 0.999677300 0.025124501 -48.816413879 -0.098875716 -0.025372349 0.994776368 544.307312012
0.994965017 0.001293581 0.100214206 57.475494385 -0.003868247 0.999667227 0.025501570 -48.993030548 -0.100147888 -0.025760826 0.994639039 546.636840820
0.994870067 0.002050488 0.101139635 57.788013458 -0.004716641 0.999647379 0.026129026 -49.171257019 -0.101050407 -0.026472028 0.994529068 548.956726074
0.994789243 0.001979896 0.101933606 58.099376678 -0.004620154 0.999659717 0.025672179 -49.344749451 -0.101848096 -0.026009355 0.994459927 551.265502930
0.994841754 0.000694258 0.101435944 58.438308716 -0.003289293 0.999671519 0.025417974 -49.537673950 -0.101384953 -0.025620520 0.994517326 553.591979980
0.994904637 0.000444368 0.100819215 58.777118683 -0.003067706 0.999660611 0.025866672 -49.719535828 -0.100773528 -0.026044158 0.994568467 555.910644531
0.994834065 0.000536287 0.101512879 59.092964172 -0.003221721 0.999649107 0.026292028 -49.898757935 -0.101463176 -0.026483249 0.994486749 558.216247559
0.994810283 0.001081920 0.101741545 59.416835785 -0.003884438 0.999618351 0.027351391 -50.078277588 -0.101673119 -0.027604653 0.994434774 560.544311523
0.994799018 0.000492563 0.101856403 59.746585846 -0.003340537 0.999608159 0.027791996 -50.254482269 -0.101802796 -0.027987706 0.994410813 562.878845215
0.994766712 0.000951220 0.102167457 60.073715210 -0.003890399 0.999584258 0.028572850 -50.429637909 -0.102097765 -0.028820794 0.994356871 565.190002441
0.994723320 0.001834921 0.102577791 60.407402039 -0.004711522 0.999602199 0.027807867 -50.609344482 -0.102485940 -0.028144427 0.994336247 567.518005371
0.994730949 0.002898469 0.102479190 60.748367310 -0.005625361 0.999637485 0.026330259 -50.781532288 -0.102365717 -0.026767999 0.994386733 569.847290039
0.994692862 0.003170184 0.102839917 61.085479736 -0.005956437 0.999623179 0.026797337 -50.965141296 -0.102716200 -0.027267676 0.994336903 572.170593262
0.994696200 0.002951519 0.102814004 61.415534973 -0.005811901 0.999603927 0.027532503 -51.147789001 -0.102692030 -0.027984019 0.994319499 574.551147461
0.994694233 0.002871150 0.102835432 61.752326965 -0.005881798 0.999562442 0.028985117 -51.333232880 -0.102707237 -0.029436186 0.994275987 576.863586426
0.994599342 0.003252177 0.103738010 62.067752838 -0.006109574 0.999610245 0.027238507 -51.509613037 -0.103608988 -0.027725197 0.994231522 579.242553711
0.994656682 0.002632326 0.103204384 62.406990051 -0.005414764 0.999629140 0.026689576 -51.679912567 -0.103095844 -0.027105797 0.994301915 581.580566406
0.994607210 0.001788086 0.103697732 62.741844177 -0.004776177 0.999580264 0.028574253 -51.871311188 -0.103603095 -0.028915437 0.994198322 583.898681641
0.994686067 0.001926729 0.102936864 63.078842163 -0.004894758 0.999579310 0.028588690 -52.046394348 -0.102838472 -0.028940620 0.994277000 586.217712402
0.994666338 -0.000914871 0.103141151 63.423858643 -0.001918855 0.999623477 0.027371686 -52.228141785 -0.103127353 -0.027423605 0.994290054 588.569152832
0.994720101 -0.001097009 0.102618888 63.767471313 -0.001692693 0.999631464 0.027094046 -52.399230957 -0.102610789 -0.027124692 0.994351685 590.913818359
0.994727373 -0.002793158 0.102516584 64.096191406 -0.000045149 0.999617040 0.027673567 -52.580360413 -0.102554604 -0.027532287 0.994346380 593.246154785
0.994772077 -0.003435877 0.102063738 64.437515259 0.000588179 0.999610066 0.027918171 -52.758647919 -0.102119870 -0.027712183 0.994385958 595.598449707
