1.000000000 0.000000000 0.000000000 0.000000000 0.000000000 1.000000000 0.000000000 0.000000000 0.000000000 0.000000000 1.000000000 0.000000000
0.999999881 0.000113408 0.000494173 0.088081181 -0.000113310 1.000000000 -0.000197466 -0.225326419 -0.000494196 0.000197410 0.999999881 2.295538425
0.999999166 0.000484246 0.001144514 0.166224539 -0.000484664 0.999999821 0.000365388 -0.463812053 -0.001144337 -0.000365942 0.999999285 4.585404873
0.999998569 0.000144938 0.001687355 0.262456626 -0.000146035 0.999999762 0.000649668 -0.696445584 -0.001687261 -0.000649914 0.999998391 6.876281738
0.999996483 0.000274255 0.002632866 0.356125593 -0.000271832 0.999999523 -0.000920577 -0.930262983 -0.002633117 0.000919858 0.999996126 9.176385880
0.999987304 0.001974374 0.004633355 0.448485464 -0.001975917 0.999997914 0.000328645 -1.164382815 -0.004632697 -0.000337796 0.999989212 11.481681824
0.999966323 0.004008640 0.007158381 0.541559637 -0.004018371 0.999991000 0.001345497 -1.390601873 -0.007152924 -0.001374217 0.999973416 13.790706635
0.999948263 0.003840480 0.009417832 0.651929021 -0.003879942 0.999983668 0.004175398 -1.622043371 -0.009401644 -0.004211723 0.999946952 16.065866470
0.999940634 0.003845291 0.010196728 0.762829542 -0.003894794 0.999980688 0.004839389 -1.847127676 -0.010177923 -0.004878815 0.999936223 18.408210754
0.999928832 0.002947355 0.011564178 0.873935342 -0.003007594 0.999981940 0.005195132 -2.076597452 -0.011548659 -0.005229542 0.999919593 20.694606781
0.999927640 0.000500077 0.012020960 0.995568275 -0.000535047 0.999995649 0.002906109 -2.303971291 -0.012019455 -0.002912330 0.999923527 23.016595840
0.999914944 -0.001777850 0.012915937 1.102434158 0.001765569 0.999998033 0.000962133 -2.525041103 -0.012917621 -0.000939247 0.999916136 25.298868179
0.999916971 -0.002620193 0.012615497 1.244555712 0.002614720 0.999996483 0.000450365 -2.775825262 -0.012616635 -0.000417342 0.999920309 27.615118027
0.999903202 -0.002213239 0.013739065 1.347949862 0.002220721 0.999997377 -0.000529341 -3.000899315 -0.013737857 0.000559801 0.999905467 29.900693893
0.999891818 0.000118127 0.014706950 1.467301369 -0.000141959 0.999998629 0.001619473 -3.228708267 -0.014706737 -0.001621385 0.999890506 32.188488007
0.999889672 0.002099370 0.014698946 1.598423243 -0.002157697 0.999989867 0.003953398 -3.451102734 -0.014690498 -0.003984678 0.999884129 34.469219208
0.999859929 0.004272518 0.016178174 1.714968443 -0.004406341 0.999956310 0.008245267 -3.685425043 -0.016142236 -0.008315402 0.999835074 36.777057648
0.999838650 0.006096087 0.016893616 1.831803441 -0.006227549 0.999950647 0.007740109 -3.902970791 -0.016845597 -0.007844067 0.999827325 39.050365448
0.999805152 0.005117072 0.019065585 1.934434414 -0.005235868 0.999967098 0.006186191 -4.107283115 -0.019033303 -0.006284811 0.999799073 41.340728760
0.999811649 0.002738788 0.019216299 2.060419321 -0.002834410 0.999983728 0.004950616 -4.330198288 -0.019202428 -0.005004150 0.999803066 43.616764069
0.999825180 0.002618188 0.018521274 2.208827734 -0.002695853 0.999987602 0.004169565 -4.556515694 -0.018510131 -0.004218765 0.999819756 45.870414734
0.999823213 0.002106859 0.018682884 2.333727837 -0.002169010 0.999992192 0.003307004 -4.786267757 -0.018675771 -0.003346942 0.999819994 48.153530121
0.999827862 0.000208393 0.018551717 2.472465992 -0.000278506 0.999992847 0.003776822 -5.016581059 -0.018550795 -0.003781339 0.999820888 50.436836243
0.999805927 -0.000667166 0.019688711 2.600676060 0.000589803 0.999992073 0.003934856 -5.238432884 -0.019691180 -0.003922480 0.999798417 52.706954956
0.999796987 -0.001853794 0.020065937 2.734865904 0.001776331 0.999990821 0.003877584 -5.467359543 -0.020072943 -0.003841152 0.999791145 54.989391327
0.999777675 -0.002386571 0.020949950 2.869110584 0.002296775 0.999988019 0.004309251 -5.697647095 -0.020959985 -0.004260174 0.999771237 57.285411835
0.999763489 -0.003858696 0.021403851 3.009821415 0.003753348 0.999980628 0.004959977 -5.921947479 -0.021422582 -0.004878468 0.999758542 59.555412292
0.999722242 -0.005532619 0.022909125 3.133230448 0.005438605 0.999976516 0.004164094 -6.141869068 -0.022931634 -0.004038343 0.999728858 61.827495575
0.999705911 -0.006277667 0.023427885 3.283911228 0.006185446 0.999972820 0.004006776 -6.365543842 -0.023452409 -0.003860685 0.999717414 64.083473206
0.999680579 -0.005835935 0.024594525 3.424585819 0.005726614 0.999973536 0.004513114 -6.586788177 -0.024620209 -0.004370828 0.999687314 66.353080750
0.999663532 -0.004866775 0.025479022 3.570345879 0.004744701 0.999976993 0.004849459 -6.812833309 -0.025502034 -0.004726937 0.999663591 68.612419128
0.999628067 -0.005167683 0.026778383 3.705801487 0.005051556 0.999977648 0.004402444 -7.036073685 -0.026800530 -0.004265533 0.999631822 70.868080139
0.999614537 -0.005987570 0.027109524 3.862768173 0.005903918 0.999977589 0.003164710 -7.260971546 -0.027127869 -0.003003437 0.999627411 73.124549866
0.999599695 -0.006889619 0.027438089 4.019909859 0.006792621 0.999970376 0.003626818 -7.488767147 -0.027462257 -0.003438990 0.999616921 75.398811340
0.999561250 -0.008096641 0.028491767 4.179180622 0.008021303 0.999964058 0.002757486 -7.715753078 -0.028513068 -0.002527735 0.999590218 77.662567139
0.999547601 -0.009094212 0.028669285 4.328985691 0.009013380 0.999955058 0.002947446 -7.950669765 -0.028694799 -0.002687706 0.999584615 79.921386719
0.999516845 -0.009601914 0.029561438 4.475191116 0.009528434 0.999951184 0.002625568 -8.168276787 -0.029585205 -0.002342625 0.999559522 82.176391602
0.999500394 -0.008869016 0.030334216 4.642676830 0.008795976 0.999958098 0.002540400 -8.397212029 -0.030355474 -0.002272311 0.999536574 84.453994751
0.999449611 -0.008633996 0.032031626 4.795304298 0.008541351 0.999958992 0.003027947 -8.615534782 -0.032056455 -0.002752687 0.999482274 86.709205627
0.999452353 -0.008321739 0.032026738 4.966606140 0.008181079 0.999956310 0.004520462 -8.852033615 -0.032062948 -0.004255974 0.999476790 88.989402771
0.999421477 -0.007475795 0.033176817 5.124624729 0.007302836 0.999959111 0.005331430 -9.078806877 -0.033215314 -0.005086060 0.999435306 91.239799500
0.999391317 -0.007254647 0.034124374 5.288349628 0.007073524 0.999960244 0.005425471 -9.300947189 -0.034162376 -0.005180788 0.999402940 93.478485107
0.999378145 -0.007366670 0.034482244 5.460427284 0.007209017 0.999962926 0.004694157 -9.521025658 -0.034515548 -0.004442655 0.999394298 95.704254150
0.999346912 -0.007872516 0.035266489 5.627124310 0.007700690 0.999957800 0.005005417 -9.741137505 -0.035304412 -0.004730573 0.999365330 97.951507568
0.999319851 -0.007626705 0.036077604 5.787506104 0.007468680 0.999961853 0.004512852 -9.970508575 -0.036110654 -0.004240331 0.999338806 100.200691223
0.999250233 -0.007525317 0.037979353 5.935741901 0.007322129 0.999958098 0.005486205 -10.185720444 -0.038019054 -0.005204002 0.999263406 102.429733276
0.999254167 -0.007699734 0.037839219 6.138936043 0.007488164 0.999955535 0.005729831 -10.414343834 -0.037881650 -0.005442212 0.999267519 104.688140869
0.999220908 -0.008458741 0.038548134 6.312938213 0.008220369 0.999946117 0.006338070 -10.629250526 -0.038599677 -0.006016252 0.999236584 106.924018860
0.999202788 -0.009886377 0.038682349 6.498412132 0.009642004 0.999932408 0.006498926 -10.844916344 -0.038743991 -0.006120769 0.999230444 109.174430847
0.999157548 -0.010581975 0.039651632 6.671091557 0.010283795 0.999917328 0.007716425 -11.070614815 -0.039730009 -0.007302155 0.999183774 111.422576904
0.999136090 -0.011368309 0.039973479 6.859628677 0.011121362 0.999917686 0.006394727 -11.292650223 -0.040042888 -0.005944644 0.999180257 113.690025330
0.999089003 -0.011706758 0.041036695 7.036597252 0.011487390 0.999918461 0.005577413 -11.512399673 -0.041098632 -0.005100928 0.999142051 115.939697266
0.999052584 -0.012027202 0.041824199 7.215202332 0.011779808 0.999911606 0.006156524 -11.739511490 -0.041894551 -0.005658010 0.999105990 118.189109802
0.998995364 -0.012487160 0.043041978 7.399848938 0.012186353 0.999899626 0.007244012 -11.965419769 -0.043128118 -0.006712208 0.999046922 120.458015442
0.998976469 -0.013213694 0.043259498 7.598941803 0.012885916 0.999886215 0.007847124 -12.188646317 -0.043358259 -0.007281655 0.999033034 122.668975830
0.998914063 -0.014074333 0.044416461 7.791747093 0.013776209 0.999880552 0.007011038 -12.406049728 -0.044509832 -0.006391534 0.998988450 124.987968445
0.998867691 -0.014306054 0.045371640 7.968996048 0.014028910 0.999880970 0.006420846 -12.630428314 -0.045458097 -0.005777060 0.998949468 127.252548218
0.998847723 -0.015779823 0.045323897 8.156811714 0.015484629 0.999856532 0.006856670 -12.846595764 -0.045425594 -0.006146946 0.998948753 129.513076782
0.998865128 -0.017062936 0.044467248 8.345108032 0.016768929 0.999835014 0.006976508 -13.058406830 -0.044578955 -0.006222923 0.998986483 131.759490967
0.998920441 -0.017331408 0.043098859 8.542071342 0.016991517 0.999821603 0.008240244 -13.274697304 -0.043233991 -0.007499033 0.999036849 133.996826172
0.998980880 -0.017900001 0.041434772 8.738944054 0.017565634 0.999810398 0.008419691 -13.503356934 -0.041577626 -0.007683283 0.999105752 136.248275757
0.999046028 -0.018603154 0.039509032 8.942996025 0.018287396 0.999798059 0.008338407 -13.719050407 -0.039656173 -0.007607934 0.999184370 138.473724365
0.999031425 -0.019451439 0.039467696 9.109308243 0.019153215 0.999785185 0.007920263 -13.929921150 -0.039613277 -0.007156659 0.999189436 140.755325317
0.999016345 -0.019758806 0.039696783 9.273818016 0.019462921 0.999779999 0.007826333 -14.131448746 -0.039842691 -0.007046020 0.999181151 142.989669800
0.999067128 -0.019784404 0.038388968 9.470368385 0.019440647 0.999767661 0.009307345 -14.359443665 -0.038564194 -0.008552353 0.999219537 145.232437134
0.999082506 -0.018879088 0.038441245 9.644104004 0.018576447 0.999793708 0.008214749 -14.570861816 -0.038588401 -0.007493111 0.999227107 147.484817505
0.999108136 -0.017601840 0.038379829 9.817794800 0.017354146 0.999826372 0.006777331 -14.783398628 -0.038492471 -0.006105238 0.999240160 149.712585449
0.999117136 -0.016091367 0.038807984 9.992543221 0.015876357 0.999856770 0.005842251 -15.001047134 -0.038896438 -0.005220964 0.999229610 151.962310791
0.999126494 -0.015306766 0.038884491 10.177175522 0.015089110 0.999868751 0.005884850 -15.216705322 -0.038969465 -0.005292976 0.999226511 154.206283569
0.999109566 -0.014438718 0.039641660 10.350390434 0.014196439 0.999878824 0.006386429 -15.432048798 -0.039729062 -0.005817972 0.999193549 156.473434448
0.999111712 -0.013869962 0.039790064 10.544475555 0.013585954 0.999880254 0.007399211 -15.649667740 -0.039887931 -0.006852053 0.999180675 158.697982788
0.999052107 -0.013161764 0.041490749 10.701560974 0.012816078 0.999881029 0.008586653 -15.869398117 -0.041598830 -0.008046765 0.999101996 160.992477417
0.999026477 -0.012001317 0.042450830 10.885343552 0.011559637 0.999876678 0.010634733 -16.085329056 -0.042573225 -0.010133663 0.999041975 163.224334717
0.999002039 -0.011356480 0.043196697 11.075938225 0.010940217 0.999891520 0.009860729 -16.290964127 -0.043303996 -0.009378308 0.999017835 165.502792358
0.998967648 -0.010641081 0.044163346 11.269577026 0.010275406 0.999911010 0.008498859 -16.499940872 -0.044249855 -0.008036288 0.998988092 167.755508423
0.998895705 -0.008908031 0.046131711 11.452858925 0.008506682 0.999924362 0.008889112 -16.711252213 -0.046207402 -0.008486867 0.998895764 169.989273071
0.998773098 -0.008363314 0.048808310 11.650697708 0.007945141 0.999930024 0.008755385 -16.927886963 -0.048878115 -0.008356854 0.998769701 172.292556763
0.998655498 -0.008699846 0.051101808 11.852001190 0.008294564 0.999932408 0.008137617 -17.135137558 -0.051169153 -0.007702809 0.998660207 174.565368652
0.998570859 -0.008538826 0.052755728 12.060070038 0.008082861 0.999928176 0.008850293 -17.352466583 -0.052827511 -0.008411229 0.998568237 176.826416016
0.998529613 -0.008888683 0.053475145 12.268268585 0.008385829 0.999918640 0.009620566 -17.559688568 -0.053556301 -0.009157987 0.998522937 179.053955078
0.998525500 -0.010719954 0.053215303 12.484478951 0.010224417 0.999901831 0.009575477 -17.782428741 -0.053312730 -0.009017262 0.998537123 181.325683594
0.998485148 -0.011541162 0.053797454 12.681538582 0.011061263 0.999896467 0.009209745 -17.989604950 -0.053898171 -0.008600727 0.998509407 183.570480347
0.998552859 -0.012954073 0.052198138 12.911165237 0.012495893 0.999880493 0.009094557 -18.211473465 -0.052309729 -0.008429132 0.998595357 185.809616089
0.998557508 -0.014691952 0.051643986 13.119434357 0.014199964 0.999850333 0.009880627 -18.424375534 -0.051781420 -0.009133029 0.998616695 188.056838989
0.998569787 -0.015532637 0.051158808 13.329227448 0.015080893 0.999843895 0.009204451 -18.629604340 -0.051293794 -0.008419765 0.998648167 190.298873901
0.998534381 -0.016634354 0.051500250 13.530435562 0.016179845 0.999826431 0.009229770 -18.848293304 -0.051644832 -0.008382976 0.998630345 192.542144775
0.998519301 -0.018457469 0.051171381 13.731328964 0.018046442 0.999801278 0.008482845 -19.058315277 -0.051317777 -0.007546824 0.998653889 194.782913208
0.998547792 -0.017937236 0.050799336 13.933824539 0.017531198 0.999810815 0.008427355 -19.267108917 -0.050940890 -0.007524544 0.998673379 197.014877319
0.998543978 -0.015099660 0.051787429 14.139025688 0.014662653 0.999853730 0.008808082 -19.487556458 -0.051912852 -0.008035918 0.998619258 199.266937256
0.998553216 -0.013123034 0.052146025 14.338977814 0.012697157 0.999883235 0.008489932 -19.701072693 -0.052251354 -0.007815543 0.998603344 201.505508423
0.998530626 -0.012470744 0.052735008 14.550242424 0.012081656 0.999897420 0.007690535 -19.914352417 -0.052825507 -0.007042110 0.998578906 203.763885498
0.998497844 -0.012774005 0.053281114 14.752504349 0.012352471 0.999889791 0.008233352 -20.122152328 -0.053380400 -0.007562830 0.998545587 205.987777710
0.998494029 -0.013934296 0.053061005 14.989906311 0.013494817 0.999871671 0.008631744 -20.347078323 -0.053174470 -0.007902698 0.998553932 208.250213623
0.998437941 -0.013664248 0.054175120 15.193738937 0.013203945 0.999873698 0.008845478 -20.549808502 -0.054289144 -0.008116337 0.998492301 210.489044189
0.998359621 -0.013242216 0.055702403 15.415311813 0.012694770 0.999867678 0.010170443 -20.779087067 -0.055829708 -0.009446628 0.998395622 212.739898682
0.998296738 -0.011808223 0.057134010 15.649559021 0.011222872 0.999881208 0.010555292 -20.990285873 -0.057251863 -0.009896105 0.998310745 214.972198486
0.998112321 -0.010471978 0.060515489 15.845697403 0.009867135 0.999898434 0.010285095 -21.194248199 -0.060617037 -0.009668565 0.998114288 217.231384277
0.997980773 -0.010501085 0.062642880 16.072875977 0.009853486 0.999894857 0.010637948 -21.402612686 -0.062748000 -0.009999219 0.997979283 219.467330933
0.997853577 -0.011632982 0.064442687 16.306915283 0.010948020 0.999879897 0.010971968 -21.604877472 -0.064562574 -0.010242897 0.997861207 221.708389282
0.997746229 -0.013338334 0.065760694 16.541255951 0.012593143 0.999851882 0.011733395 -21.809034348 -0.065907449 -0.010878817 0.997766435 223.943710327
0.997683942 -0.015375271 0.066260070 16.793994904 0.014670215 0.999830544 0.011114209 -22.022071838 -0.066419728 -0.010116419 0.997740507 226.180541992
0.997641742 -0.016558135 0.066609122 17.031990051 0.015881771 0.999816895 0.010671083 -22.222078323 -0.066773638 -0.009588046 0.997722089 228.437332153
0.997595668 -0.016684748 0.067263983 17.272447586 0.015974360 0.999810874 0.011085281 -22.432243347 -0.067436233 -0.009984129 0.997673571 230.679016113
0.997547328 -0.017675720 0.067726552 17.521644592 0.017047698 0.999806285 0.009839694 -22.637435913 -0.067887351 -0.008660980 0.997655392 232.936904907
0.997505069 -0.018592728 0.068102546 17.762264252 0.017896555 0.999781370 0.010818325 -22.840290070 -0.068288796 -0.009572534 0.997619689 235.174270630
0.997529685 -0.018198486 0.067847170 18.046928406 0.017478125 0.999784589 0.011195941 -23.050336838 -0.068036295 -0.009982442 0.997632921 237.449554443
0.997497261 -0.018020280 0.068368942 18.286458969 0.017318638 0.999791265 0.010841527 -23.248168945 -0.068550020 -0.009630339 0.997601151 239.676391602
0.997461259 -0.018139742 0.068861075 18.531965256 0.017405504 0.999785244 0.011247733 -23.456624985 -0.069050312 -0.010020618 0.997562826 241.907684326
0.997411609 -0.018351538 0.069522180 18.772563934 0.017608600 0.999781251 0.011284262 -23.659337997 -0.069714062 -0.010030867 0.997516692 244.149276733
0.997377872 -0.018535718 0.069955446 19.018711090 0.017843157 0.999785542 0.010512087 -23.869888306 -0.070135295 -0.009236296 0.997494757 246.380569458
0.997399986 -0.018106302 0.069752954 19.277799606 0.017468099 0.999799907 0.009748670 -24.079521179 -0.069915488 -0.008504872 0.997516632 248.621032715
0.997378707 -0.018381706 0.069983572 19.530134201 0.017710391 0.999791145 0.010200894 -24.286560059 -0.070156470 -0.008934717 0.997496009 250.859954834
0.997349918 -0.019604828 0.070063069 19.786972046 0.018948089 0.999770224 0.010025878 -24.495347977 -0.070243530 -0.008671744 0.997492194 253.095306396
0.997349918 -0.019654049 0.070048951 20.043310165 0.018947907 0.999762893 0.010730991 -24.704473495 -0.070243232 -0.009375274 0.997485816 255.347213745
0.997305274 -0.020400375 0.070469216 20.280006409 0.019674473 0.999746144 0.010979842 -24.913660049 -0.070675306 -0.009563810 0.997453570 257.567871094
0.997285843 -0.020679964 0.070663005 20.544639587 0.019912465 0.999734998 0.011548738 -25.127527237 -0.070883103 -0.010110319 0.997433364 259.828674316
0.997247636 -0.020262258 0.071319424 20.796575546 0.019527240 0.999749064 0.010988214 -25.331613541 -0.071524151 -0.009565298 0.997393131 262.072601318
0.997226119 -0.020264760 0.071621306 21.054626465 0.019559577 0.999753177 0.010533762 -25.536853790 -0.071817100 -0.009103660 0.997376263 264.329437256
0.997201383 -0.019516774 0.072169408 21.312881470 0.018839831 0.999772012 0.010048847 -25.748346329 -0.072349049 -0.008661067 0.997341752 266.569732666
0.997134924 -0.018797157 0.073271222 21.568933487 0.018113224 0.999786139 0.009987670 -25.951274872 -0.073443279 -0.008631876 0.997262061 268.819366455
0.997042120 -0.018564411 0.074581333 21.828945160 0.017885797 0.999792457 0.009756660 -26.171031952 -0.074746974 -0.008393856 0.997167170 271.070159912
0.996984839 -0.019280624 0.075164318 22.104768753 0.018571105 0.999776304 0.010127150 -26.383235931 -0.075342745 -0.008700728 0.997119784 273.313018799
0.996754110 -0.019791521 0.078035749 22.343421936 0.019025356 0.999763489 0.010549458 -26.584146500 -0.078226082 -0.009030557 0.996894658 275.565887451
0.996610403 -0.019906394 0.079822093 22.605989456 0.019001596 0.999746501 0.012078881 -26.785388947 -0.080042310 -0.010521189 0.996735930 277.801330566
0.996592522 -0.018962497 0.080272116 22.906141281 0.017947976 0.999749899 0.013341289 -27.001207352 -0.080505021 -0.011855109 0.996683657 280.061187744
0.996499896 -0.018730335 0.081468068 23.184867859 0.017579485 0.999735653 0.014820859 -27.212053299 -0.081724137 -0.013336820 0.996565759 282.296722412
0.996413946 -0.017968882 0.082682692 23.454315186 0.016837435 0.999755085 0.014361257 -27.403814316 -0.082920484 -0.012917591 0.996472418 284.543243408
0.996312678 -0.016924320 0.084110051 23.721239090 0.015834067 0.999781907 0.013612498 -27.598258972 -0.084322102 -0.012230500 0.996363461 286.772674561
0.996327400 -0.016347468 0.084050298 24.010557175 0.015357538 0.999805033 0.012410958 -27.791980743 -0.084236801 -0.011074570 0.996384203 289.024780273
0.996269166 -0.017192939 0.084570810 24.282373428 0.016168997 0.999787629 0.012777654 -28.000049591 -0.084772527 -0.011362555 0.996335566 291.251495361
0.996283829 -0.016656477 0.084504567 24.561969757 0.015690535 0.999803901 0.012081970 -28.206817627 -0.084689252 -0.010711147 0.996349752 293.531524658
0.996281922 -0.017159577 0.084426448 24.840681076 0.016269706 0.999804735 0.011217003 -28.408229828 -0.084602460 -0.009801705 0.996366560 295.760589600
0.996269822 -0.017193517 0.084561862 25.117269516 0.016291162 0.999803007 0.011349452 -28.617164612 -0.084740326 -0.009929505 0.996353567 297.998992920
0.996258080 -0.016768156 0.084786005 25.394842148 0.015826045 0.999805570 0.011771617 -28.819189072 -0.084966898 -0.010385744 0.996329606 300.236511230
0.996255994 -0.016394734 0.084882706 25.670656204 0.015384025 0.999802947 0.012547599 -29.026851654 -0.085071698 -0.011194786 0.996311963 302.475463867
0.996242583 -0.016475720 0.085025348 25.953058243 0.015471930 0.999802768 0.012451250 -29.228624344 -0.085213713 -0.011088958 0.996300936 304.730255127
0.996215165 -0.015964691 0.085442655 26.234554291 0.014918801 0.999805927 0.012865426 -29.433279037 -0.085631460 -0.011542032 0.996260047 306.983520508
0.996209085 -0.016747100 0.085363388 26.514328003 0.015703350 0.999793828 0.012884032 -29.646432877 -0.085561551 -0.011494699 0.996266603 309.238891602
0.996166885 -0.018067852 0.085586168 26.795259476 0.016977822 0.999765396 0.013446898 -29.848615646 -0.085809059 -0.011942287 0.996240020 311.501708984
0.996126354 -0.018040180 0.086062029 27.074514389 0.017012391 0.999775052 0.012661003 -30.050262451 -0.086271085 -0.011147839 0.996209323 313.741363525
0.996143997 -0.017660268 0.085936874 27.363224030 0.016571231 0.999773264 0.013369475 -30.256650925 -0.086153485 -0.011893841 0.996210814 315.991485596
0.996107638 -0.016224999 0.086639360 27.649051666 0.015199630 0.999806523 0.012481552 -30.461273193 -0.086825117 -0.011116081 0.996161520 318.249847412
0.996083856 -0.014985605 0.087135434 27.925466537 0.013884646 0.999816120 0.013227487 -30.664590836 -0.087317638 -0.011965840 0.996108651 320.498352051
0.996033072 -0.014179345 0.087846339 28.203783035 0.013093387 0.999830723 0.012925957 -30.869602203 -0.088014729 -0.011724478 0.996050179 322.731414795
0.995981932 -0.013197652 0.088576183 28.480445862 0.012055400 0.999837279 0.013418338 -31.068319321 -0.088738866 -0.012296601 0.995979011 324.969940186
0.995987475 -0.012673222 0.088590555 28.772676468 0.011391114 0.999823272 0.014962908 -31.281236649 -0.088764526 -0.013893725 0.995955646 327.196746826
0.995938659 -0.012815929 0.089117371 29.051422119 0.011538253 0.999823272 0.014837421 -31.488948822 -0.089291774 -0.013748902 0.995910525 329.438201904
0.995934606 -0.014074706 0.088972799 29.346206665 0.012860268 0.999816358 0.014208100 -31.689638138 -0.089156419 -0.013006125 0.995932698 331.675262451
0.995934844 -0.013947354 0.088990435 29.631046295 0.012753416 0.999821067 0.013971009 -31.891632080 -0.089169368 -0.012779286 0.995934486 333.895965576
0.995906115 -0.013980300 0.089305840 29.915462494 0.012668875 0.999803662 0.015234673 -32.090324402 -0.089501292 -0.014040899 0.995887756 336.131378174
0.995968878 -0.014894573 0.088454105 30.219213486 0.013602528 0.999792159 0.015191852 -32.286003113 -0.088661991 -0.013927415 0.995964408 338.368011475
0.995953262 -0.014962648 0.088618062 30.499206543 0.013633906 0.999785662 0.015580423 -32.489635468 -0.088832192 -0.014309164 0.995943844 340.615478516
0.996001601 -0.015273706 0.088019818 30.795932770 0.013982363 0.999785662 0.015268990 -32.689647675 -0.088234164 -0.013977214 0.996001720 342.862396240
0.996027708 -0.015386631 0.087704331 31.081903458 0.014041925 0.999774516 0.015928697 -32.887275696 -0.087929659 -0.014633885 0.996019185 345.103363037
0.996059716 -0.015480039 0.087323286 31.367473602 0.014142950 0.999773324 0.015909893 -33.079601288 -0.087549783 -0.014612199 0.996052980 347.341644287
0.996112227 -0.015450359 0.086727634 31.655618668 0.014128232 0.999774754 0.015837794 -33.274765015 -0.086952798 -0.014550912 0.996106148 349.587249756
0.996125102 -0.015004891 0.086657681 31.936698914 0.013633802 0.999772668 0.016392155 -33.473693848 -0.086883932 -0.015147166 0.996103227 351.828125000
0.996166766 -0.015368347 0.086113684 32.218605042 0.013995620 0.999765515 0.016522041 -33.664199829 -0.086347401 -0.015253493 0.996148229 354.056976318
0.996195614 -0.014998411 0.085844569 32.498100281 0.013664245 0.999776900 0.016108239 -33.861549377 -0.086067028 -0.014873956 0.996178329 356.291748047
0.996249318 -0.015213718 0.085180931 32.785644531 0.013860357 0.999768496 0.016456995 -34.056289673 -0.085411593 -0.015214632 0.996229589 358.527526855
0.996303558 -0.014882673 0.084603645 33.069358826 0.013465481 0.999759734 0.017297016 -34.253040314 -0.084840737 -0.016093850 0.996264517 360.774749756
0.996353447 -0.015099230 0.083974816 33.353477478 0.013688013 0.999755681 0.017355695 -34.450153351 -0.084216356 -0.016142959 0.996316731 363.015045166
0.996405840 -0.015050623 0.083359569 33.638286591 0.013611283 0.999748766 0.017808134 -34.643203735 -0.083606645 -0.016609497 0.996360421 365.253479004
0.996449888 -0.015108140 0.082821563 33.917541504 0.013742815 0.999760509 0.017030565 -34.836021423 -0.083059043 -0.015831903 0.996418834 367.501525879
0.996470571 -0.015837990 0.082435004 34.194641113 0.014497783 0.999753237 0.016831033 -35.031887054 -0.082681231 -0.015576505 0.996454298 369.753082275
0.996455312 -0.015721697 0.082641602 34.464553833 0.014452567 0.999768555 0.015932918 -35.221633911 -0.082872972 -0.014682058 0.996451914 372.019287109
0.996540785 -0.015462440 0.081652515 34.751464844 0.014211440 0.999772906 0.015880078 -35.420341492 -0.081879504 -0.014664749 0.996534348 374.260253906
0.996623099 -0.015403656 0.080653876 35.035121918 0.014118440 0.999764562 0.016481085 -35.614406586 -0.080888733 -0.015286723 0.996605933 376.507049561
0.996554434 -0.015044213 0.081565551 35.298027039 0.013711278 0.999763548 0.016877493 -35.808422089 -0.081800178 -0.015700975 0.996525049 378.769012451
0.996555150 -0.015592825 0.081453927 35.573654175 0.014237205 0.999750733 0.017197153 -36.007717133 -0.081701763 -0.015978234 0.996528745 381.016326904
0.996576548 -0.015552663 0.081199110 35.854431152 0.014210180 0.999753058 0.017085036 -36.194580078 -0.081444792 -0.015872696 0.996551454 383.278045654
0.996590436 -0.014779980 0.081173137 36.134296417 0.013416045 0.999760032 0.017322550 -36.391551971 -0.081409678 -0.016174465 0.996549487 385.532958984
0.996604025 -0.013722414 0.081190787 36.408149719 0.012347501 0.999772072 0.017412288 -36.579971313 -0.081411235 -0.016350657 0.996546447 387.790985107
0.996629179 -0.012694999 0.081049852 36.688755035 0.011332816 0.999787033 0.017244678 -36.779228210 -0.081251509 -0.016268024 0.996560991 390.060455322
0.996617377 -0.011164812 0.081418537 36.955974579 0.009792120 0.999803424 0.017239565 -36.976417542 -0.081594996 -0.016383993 0.996530890 392.336090088
0.996619821 -0.009892814 0.081553824 37.227146149 0.008399341 0.999791205 0.018635523 -37.169731140 -0.081721142 -0.017887538 0.996494710 394.595825195
0.996575654 -0.008956041 0.082199372 37.496154785 0.007423349 0.999793112 0.018932760 -37.362754822 -0.082351923 -0.018257732 0.996436059 396.864349365
0.996529877 -0.008516610 0.082798101 37.770790100 0.007094929 0.999822497 0.017449560 -37.562370300 -0.082932033 -0.016801560 0.996413589 399.130310059
0.996471524 -0.008361076 0.083515599 38.041816711 0.006968520 0.999831975 0.016951818 -37.758132935 -0.083643310 -0.016310018 0.996362388 401.397094727
0.996348917 -0.009408022 0.084854074 38.307189941 0.007904322 0.999806106 0.018039593 -37.950126648 -0.085007332 -0.017303018 0.996230006 403.643035889
0.996344388 -0.011257082 0.084682845 38.582763672 0.009684566 0.999773383 0.018957423 -38.142276764 -0.084877074 -0.018068008 0.996227622 405.920684814
0.996292472 -0.011608929 0.085244879 38.856895447 0.010032314 0.999771059 0.018900285 -38.334556580 -0.085444778 -0.017975004 0.996180832 408.175720215
0.996275425 -0.010296897 0.085610874 39.164039612 0.008806033 0.999803364 0.017773839 -38.516357422 -0.085777059 -0.016953744 0.996170044 410.448455811
0.996209919 -0.009841232 0.086422361 39.444637299 0.008266266 0.999793589 0.018563049 -38.717765808 -0.086587206 -0.017778305 0.996085584 412.703399658
0.996149659 -0.008234948 0.087281734 39.735122681 0.006709259 0.999819934 0.017758980 -38.915992737 -0.087412238 -0.017105009 0.996025324 414.977569580
0.996070087 -0.007245116 0.088272735 40.022724152 0.005695844 0.999825478 0.017790237 -39.110164642 -0.088386238 -0.017217530 0.995937467 417.247436523
0.996014833 -0.007605974 0.088862903 40.314231873 0.006061339 0.999826014 0.017639156 -39.307003021 -0.088981614 -0.017030232 0.995887578 419.503631592
0.995913327 -0.007627408 0.089991704 40.595413208 0.006059465 0.999825299 0.017683569 -39.499153137 -0.090110861 -0.017066000 0.995785534 421.758087158
0.995823026 -0.007866366 0.090965077 40.877540588 0.006311912 0.999829292 0.017363524 -39.694431305 -0.091086149 -0.016716830 0.995702684 424.017822266
0.995760143 -0.008275626 0.091614559 41.172176361 0.006603210 0.999806285 0.018543031 -39.888713837 -0.091750272 -0.017859466 0.995621800 426.293609619
0.995713055 -0.007464007 0.092194349 41.461463928 0.005716443 0.999799252 0.019204760 -40.079532623 -0.092319183 -0.018595407 0.995555818 428.547302246
0.995654702 -0.006714994 0.092879564 41.762321472 0.004873878 0.999787331 0.020035258 -40.270965576 -0.092994347 -0.019495517 0.995475769 430.827331543
0.995640755 -0.007195238 0.092992686 42.060604095 0.005331788 0.999780297 0.020271610 -40.469375610 -0.093118109 -0.019687422 0.995460391 433.103363037
0.995600998 -0.007767131 0.093373016 42.361873627 0.005969646 0.999791682 0.019514512 -40.666069031 -0.093505137 -0.018871265 0.995439947 435.368347168
0.995591402 -0.006937856 0.093539208 42.666950226 0.005131820 0.999796033 0.019534543 -40.842781067 -0.093655653 -0.018968394 0.995423913 437.638244629
0.995549977 -0.007202190 0.093958743 42.969337463 0.005361297 0.999788940 0.019830298 -41.035903931 -0.094081730 -0.019238312 0.995378554 439.921325684
0.995592713 -0.007078123 0.093514904 43.278999329 0.005237417 0.999787986 0.019914346 -41.222877502 -0.093636028 -0.019336805 0.995418668 442.194519043
0.995593607 -0.006694763 0.093533762 43.605262756 0.004753337 0.999768853 0.020963809 -41.428581238 -0.093652524 -0.020426836 0.995395303 444.494750977
0.995557129 -0.007252272 0.093879551 43.909751892 0.005294071 0.999763548 0.021090932 -41.615043640 -0.094010316 -0.020500224 0.995360076 446.771850586
0.995531261 -0.007106520 0.094163902 44.207878113 0.005179602 0.999772429 0.020692075 -41.806747437 -0.094289534 -0.020111879 0.995341659 449.037322998
0.995553195 -0.006505762 0.093975529 44.514667511 0.004613920 0.999782503 0.020334484 -41.998447418 -0.094087392 -0.019810466 0.995366812 451.299591064
0.995494425 -0.005830426 0.094639786 44.812011719 0.003937733 0.999788761 0.020173362 -42.196334839 -0.094737418 -0.019709805 0.995307148 453.565673828
0.995402813 -0.005300738 0.095630310 45.106826782 0.003381500 0.999789834 0.020220265 -42.378463745 -0.095717378 -0.019803934 0.995211542 455.845642090
0.995389402 -0.005411728 0.095763423 45.407840729 0.003514153 0.999794304 0.019972809 -42.575767517 -0.095851801 -0.019544194 0.995203733 458.105651855
0.995403647 -0.004388378 0.095668033 45.724197388 0.002556612 0.999811351 0.019261284 -42.766929626 -0.095734492 -0.018928168 0.995226920 460.390258789
0.995383382 -0.003456476 0.095916696 46.030822754 0.001567866 0.999803543 0.019758487 -42.960277557 -0.095966153 -0.019516887 0.995193183 462.676483154
0.995404303 -0.003124844 0.095710360 46.338691711 0.001116474 0.999778211 0.021030212 -43.150878906 -0.095754847 -0.020826705 0.995187044 464.955871582
0.995455325 -0.003271814 0.095173724 46.638622284 0.001218474 0.999765396 0.021624768 -43.338020325 -0.095222160 -0.021410521 0.995225728 467.222839355
0.995541871 -0.003037174 0.094270848 46.950160980 0.001133635 0.999794543 0.020239217 -43.523086548 -0.094312936 -0.020042125 0.995340824 469.508178711
0.995649338 -0.003103496 0.093127973 47.270957947 0.001277403 0.999805868 0.019661633 -43.715866089 -0.093170941 -0.019457128 0.995459914 471.809509277
0.995700181 -0.003634192 0.092563391 47.569301605 0.001714323 0.999781907 0.020812202 -43.914836884 -0.092618831 -0.020564031 0.995489359 474.094390869
0.995654762 -0.003883765 0.093041591 47.854602814 0.001930971 0.999776065 0.021069242 -44.106189728 -0.093102597 -0.020798026 0.995439291 476.376312256
0.995796740 -0.003961579 0.091504633 48.159507751 0.002133948 0.999796450 0.020062288 -44.276618958 -0.091565512 -0.019782694 0.995602489 478.677673340
0.995818913 -0.004246862 0.091249973 48.457496643 0.002355837 0.999780416 0.020821285 -44.468521118 -0.091318361 -0.020519255 0.995610297 480.961914062
0.995853007 -0.004722203 0.090853699 48.758186340 0.002811055 0.999772251 0.021151917 -44.656070709 -0.090932868 -0.020808805 0.995639622 483.236602783
0.995854616 -0.005146333 0.090812974 49.045398712 0.003305727 0.999786258 0.020406879 -44.844612122 -0.090898588 -0.020022081 0.995658875 485.525024414
0.995928526 -0.005947100 0.089949720 49.347267151 0.004032736 0.999761760 0.021449391 -45.045574188 -0.090055861 -0.020999318 0.995715320 487.833587646
0.995974720 -0.006014628 0.089432463 49.642475128 0.004119420 0.999763370 0.021360982 -45.229137421 -0.089539789 -0.020906592 0.995763779 490.117919922
0.995987356 -0.005562466 0.089320213 49.931629181 0.003647383 0.999760270 0.021589566 -45.412162781 -0.089418881 -0.021177152 0.995768964 492.413543701
0.996014774 -0.005071830 0.089043751 50.228294373 0.003116354 0.999751210 0.022086155 -45.599281311 -0.089133613 -0.021720642 0.995782793 494.703369141
0.996023059 -0.004799486 0.088966675 50.511428833 0.002865882 0.999757111 0.021849038 -45.787750244 -0.089049928 -0.021507181 0.995794892 497.010223389
0.996042311 -0.004502787 0.088765562 50.813972473 0.002609469 0.999766886 0.021433944 -45.984359741 -0.088841371 -0.021117484 0.995821893 499.330505371
0.996072650 -0.004474408 0.088426106 51.103008270 0.002521778 0.999750733 0.022181436 -46.171066284 -0.088503331 -0.021871328 0.995835662 501.625213623
0.996081471 -0.004021698 0.088348635 51.388893127 0.002049642 0.999746978 0.022400668 -46.361347198 -0.088416383 -0.022131804 0.995837629 503.905975342
0.996113777 -0.003306195 0.088013120 51.680931091 0.001396173 0.999762356 0.021754282 -46.550323486 -0.088064127 -0.021546856 0.995881736 506.192230225
0.996105731 -0.003269035 0.088107459 51.962471008 0.001300807 0.999748468 0.022387113 -46.738471985 -0.088158496 -0.022185316 0.995859385 508.482635498
0.996140182 -0.003551693 0.087703846 52.259399414 0.001679579 0.999769270 0.021410430 -46.925056458 -0.087759659 -0.021180484 0.995916486 510.770080566
0.996173143 -0.004225924 0.087299399 52.557128906 0.002296823 0.999751210 0.022186173 -47.118667603 -0.087371446 -0.021900758 0.995935023 513.077636719
0.996194482 -0.003905421 0.087070838 52.847694397 0.001959827 0.999746740 0.022419261 -47.303852081 -0.087136358 -0.022163300 0.995949805 515.382690430
0.996206403 -0.003183525 0.086963668 53.135032654 0.001245106 0.999749720 0.022335151 -47.493484497 -0.087012999 -0.022142140 0.995961070 517.689147949
0.996187389 -0.002271675 0.087210551 53.414978027 0.000360828 0.999759674 0.021920249 -47.682018280 -0.087239385 -0.021805201 0.995948672 519.985778809
0.996134937 -0.000265305 0.087835610 53.708641052 -0.001694891 0.999751151 0.022241306 -47.875160217 -0.087819643 -0.022304215 0.995886683 522.348876953
0.996078610 0.001666544 0.088456772 53.999336243 -0.003665715 0.999741375 0.022442905 -48.064090729 -0.088396497 -0.022679152 0.995827079 524.679321289
0.996030271 0.002330267 0.088984378 54.293979645 -0.004450215 0.999710739 0.023632865 -48.245811462 -0.088903591 -0.023935052 0.995752633 527.004394531
0.995963216 0.001950336 0.089741431 54.584022522 -0.004085270 0.999712825 0.023612319 -48.431545258 -0.089669608 -0.023883618 0.995685279 529.325561523
0.995925963 0.000055233 0.090174332 54.873123169 -0.002331863 0.999681175 0.025141831 -48.617015839 -0.090144202 -0.025249677 0.995608568 531.639038086
0.995874703 -0.001516403 0.090725869 55.174491882 -0.000742401 0.999690831 0.024858093 -48.798229218 -0.090735488 -0.024822908 0.995565534 533.967102051
0.995827377 -0.001543913 0.091243565 55.469192505 -0.000664386 0.999707699 0.024166919 -48.981239319 -0.091254205 -0.024126699 0.995535254 536.290649414
0.995744467 -0.001690936 0.092141442 55.764816284 -0.000518628 0.999713004 0.023950910 -49.165348053 -0.092155524 -0.023896772 0.995457768 538.613342285
0.995667160 -0.001167144 0.092981562 56.059707642 -0.001018886 0.999724269 0.023459420 -49.354957581 -0.092983328 -0.023452513 0.995391369 540.931640625
0.995563984 -0.000461686 0.094086193 56.360546112 -0.001720277 0.999731481 0.023108682 -49.543258667 -0.094071604 -0.023168026 0.995295823 543.255615234
0.995466769 0.000264926 0.095109023 56.645000458 -0.002358975 0.999757230 0.021905592 -49.729095459 -0.095080137 -0.022030652 0.995225787 545.590759277
0.995314300 0.000597281 0.096690528 56.927364349 -0.002720224 0.999758065 0.021825740 -49.906314850 -0.096654087 -0.021986490 0.995075166 547.912536621
0.995277166 0.000158111 0.097073287 57.239421844 -0.002463792 0.999717653 0.023632554 -50.109634399 -0.097042158 -0.023760110 0.994996548 550.217163086
0.995221317 -0.000175751 0.097644232 57.546581268 -0.002151271 0.999716163 0.023725843 -50.294033051 -0.097620688 -0.023822527 0.994938493 552.523376465
0.995297194 -0.001230853 0.096860304 57.874900818 -0.000953827 0.999746263 0.022505416 -50.474525452 -0.096863434 -0.022491962 0.995043516 554.835876465
0.995304048 -0.001605391 0.096784942 58.192432404 -0.000637452 0.999732077 0.023138093 -50.664276123 -0.096796170 -0.023091134 0.995036304 557.151977539
0.995243490 -0.001508617 0.097407125 58.500240326 -0.000784914 0.999723434 0.023503209 -50.848911285 -0.097415656 -0.023467870 0.994967043 559.462463379
0.995215118 -0.001088256 0.097701848 58.814735413 -0.001326573 0.999695301 0.024647953 -51.036743164 -0.097698919 -0.024659621 0.994910479 561.798950195
0.995250881 -0.002133819 0.097319946 59.143013000 -0.000307215 0.999685884 0.025060682 -51.220676422 -0.097342864 -0.024971563 0.994937599 564.132507324
0.995221555 -0.001547566 0.097630486 59.463150024 -0.000980095 0.999665678 0.025836807 -51.404365540 -0.097637832 -0.025809035 0.994887292 566.453430176
0.995207071 -0.000894075 0.097785667 59.787837982 -0.001567610 0.999683857 0.025094571 -51.590515137 -0.097777188 -0.025127580 0.994891047 568.781982422
0.995214105 0.000173142 0.097718462 60.118877411 -0.002498755 0.999716461 0.023677235 -51.771007538 -0.097686663 -0.023808086 0.994932413 571.114562988
0.995172918 0.000642413 0.098135628 60.445404053 -0.003024109 0.999704421 0.024122613 -51.959892273 -0.098091133 -0.024302941 0.994880617 573.439147949
0.995172143 0.000225444 0.098144576 60.770397186 -0.002682377 0.999686420 0.024902586 -52.148246765 -0.098108158 -0.025045628 0.994860530 575.834167480
0.995182514 0.000174547 0.098039575 61.100990295 -0.002751526 0.999654293 0.026150512 -52.337009430 -0.098001115 -0.026294289 0.994838834 578.148254395
0.995112717 0.000530937 0.098745130 61.419246674 -0.002957201 0.999697268 0.024426229 -52.520965576 -0.098702282 -0.024598856 0.994812906 580.546020508
0.995163143 -0.000204548 0.098236218 61.747550964 -0.002182867 0.999704897 0.024194706 -52.699867249 -0.098212183 -0.024292113 0.994868934 582.886718750
0.995108068 -0.000518566 0.098790631 62.064987183 -0.002038995 0.999665380 0.025785983 -52.896724701 -0.098770939 -0.025861274 0.994774103 585.212402344
0.995168924 -0.000203818 0.098177850 62.389877319 -0.002353811 0.999660909 0.025934454 -53.078186035 -0.098149829 -0.026040249 0.994830906 587.530944824
0.995138109 -0.002656854 0.098453723 62.726490021 0.000253581 0.999701798 0.024414660 -53.262359619 -0.098489232 -0.024270993 0.994842052 589.894592285
0.995168686 -0.003086403 0.098130845 63.053474426 0.000692216 0.999701500 0.024422597 -53.443664551 -0.098176926 -0.024236677 0.994873762 592.244689941
0.995174527 -0.005001485 0.097992912 63.373523712 0.002572227 0.999686599 0.024900813 -53.627693176 -0.098086745 -0.024528591 0.994875550 594.586242676
0.995201886 -0.005626453 0.097681046 63.705631256 0.003176372 0.999676883 0.025219869 -53.814483643 -0.097791381 -0.024788588 0.994898200 596.946166992
