1.000000000 0.000000000 0.000000000 0.000000000 0.000000000 1.000000000 0.000000000 0.000000000 0.000000000 0.000000000 1.000000000 0.000000000
0.999999940 0.000050047 0.000392630 0.087479815 -0.000049989 1.000000000 -0.000147677 -0.226910636 -0.000392637 0.000147658 0.999999940 2.287001848
0.999999464 0.000320146 0.001092500 0.167522773 -0.000320530 0.999999881 0.000351159 -0.464044899 -0.001092387 -0.000351509 0.999999344 4.579719067
0.999998629 -0.000108403 0.001620265 0.265854567 0.000107778 0.999999940 0.000385573 -0.693749905 -0.001620307 -0.000385398 0.999998569 6.864253998
0.999997139 -0.000291806 0.002382275 0.361731857 0.000294961 0.999999106 -0.001324097 -0.926361978 -0.002381887 0.001324796 0.999996305 9.156565666
0.999988079 0.001476621 0.004670956 0.450024128 -0.001476535 0.999998927 -0.000021728 -1.161797523 -0.004670982 0.000014830 0.999989092 11.465682030
0.999970555 0.003526984 0.006818511 0.550711572 -0.003535874 0.999992907 0.001292172 -1.393974185 -0.006813906 -0.001316243 0.999975860 13.747703552
0.999952137 0.003438370 0.009164817 0.656880319 -0.003475127 0.999985933 0.003997769 -1.623958707 -0.009150943 -0.004029426 0.999949992 16.018825531
0.999952495 0.003446881 0.009117081 0.775313556 -0.003494662 0.999980152 0.005230078 -1.853729486 -0.009098874 -0.005261690 0.999944687 18.300228119
0.999946535 0.002631429 0.009999028 0.889161229 -0.002689489 0.999979615 0.005797563 -2.081552029 -0.009983568 -0.005824146 0.999933183 20.568672180
0.999932349 -0.000059295 0.011628487 0.991990566 0.000031699 0.999997199 0.002373334 -2.296119452 -0.011628593 -0.002372805 0.999929488 22.893383026
0.999920905 -0.002307957 0.012370673 1.101792097 0.002306158 0.999997318 0.000159657 -2.514994144 -0.012371007 -0.000131116 0.999923408 25.177896500
0.999919236 -0.003416560 0.012239738 1.230628252 0.003427193 0.999993742 -0.000847928 -2.762794971 -0.012236765 0.000889807 0.999924719 27.480762482
0.999904871 -0.003078900 0.013443488 1.334273219 0.003102776 0.999993622 -0.001755485 -2.991389751 -0.013437998 0.001797030 0.999908030 29.766872406
0.999902427 -0.000865802 0.013944241 1.461821556 0.000851681 0.999999046 0.001018631 -3.225232840 -0.013945110 -0.001006655 0.999902189 32.026065826
0.999901414 0.001228892 0.013987976 1.591258764 -0.001270251 0.999994874 0.002948200 -3.445574760 -0.013984282 -0.002965678 0.999897778 34.306964874
0.999861896 0.003496179 0.016247638 1.695038319 -0.003614476 0.999967158 0.007257221 -3.683516741 -0.016221728 -0.007314946 0.999841630 36.612304688
0.999845147 0.005384589 0.016749078 1.816586018 -0.005504807 0.999959409 0.007139729 -3.905941725 -0.016709952 -0.007230824 0.999834299 38.884269714
0.999807298 0.004867787 0.019017603 1.914843917 -0.004966801 0.999974251 0.005162651 -4.110281944 -0.018991981 -0.005256112 0.999805808 41.169197083
0.999810457 0.002522442 0.019309139 2.039991140 -0.002596979 0.999989271 0.003836095 -4.334962368 -0.019299250 -0.003885512 0.999806225 43.442371368
0.999804258 0.002949254 0.019564305 2.166742086 -0.003018988 0.999989212 0.003535738 -4.575648308 -0.019553667 -0.003594110 0.999802291 45.726894379
0.999799371 0.002498407 0.019874664 2.294265747 -0.002553405 0.999992967 0.002742340 -4.807239056 -0.019867677 -0.002792537 0.999798834 47.999702454
0.999802232 0.001302202 0.019843301 2.434201717 -0.001364576 0.999994159 0.003130123 -5.036151886 -0.019839102 -0.003156581 0.999798298 50.279174805
0.999784648 0.000477606 0.020747177 2.566844940 -0.000543865 0.999994755 0.003188102 -5.259204388 -0.020745544 -0.003198699 0.999779642 52.547863007
0.999785662 -0.000703833 0.020689085 2.710474968 0.000640107 0.999994993 0.003086646 -5.489301205 -0.020691155 -0.003072741 0.999781191 54.835636139
0.999762774 -0.001170001 0.021749362 2.843205929 0.001090293 0.999992669 0.003676357 -5.722357273 -0.021753505 -0.003651772 0.999756694 57.122585297
0.999747515 -0.002683380 0.022307916 2.982706785 0.002583527 0.999986529 0.004503780 -5.950185776 -0.022319695 -0.004445010 0.999741018 59.391448975
0.999704242 -0.003966869 0.023992639 3.108805656 0.003874542 0.999984920 0.003893365 -6.175457001 -0.024007719 -0.003799254 0.999704540 61.660778046
0.999691904 -0.004702087 0.024372617 3.262622833 0.004614792 0.999982655 0.003636737 -6.399813175 -0.024389293 -0.003523142 0.999696255 63.912048340
0.999658704 -0.004168009 0.025793195 3.402450085 0.004061380 0.999982953 0.004185003 -6.622824669 -0.025810201 -0.004078817 0.999658525 66.182449341
0.999637127 -0.003248844 0.026740154 3.550940990 0.003125171 0.999984145 0.004665488 -6.851040363 -0.026754888 -0.004580228 0.999631464 68.437538147
0.999594271 -0.003515925 0.028263979 3.687407255 0.003394835 0.999984860 0.004331085 -7.076163769 -0.028278777 -0.004233377 0.999591053 70.687210083
0.999583602 -0.004409893 0.028514937 3.851358175 0.004328182 0.999986470 0.002926658 -7.298451900 -0.028527457 -0.002802021 0.999589026 72.935264587
0.999568284 -0.005347438 0.028888227 4.010951042 0.005255566 0.999980867 0.003255274 -7.525204659 -0.028905077 -0.003102045 0.999577343 75.213577271
0.999529719 -0.006450546 0.029979493 4.174021721 0.006371870 0.999975920 0.002719164 -7.757529736 -0.029996313 -0.002526860 0.999546766 77.478004456
0.999508023 -0.007458214 0.030465238 4.320818901 0.007371799 0.999968469 0.002947834 -7.988917351 -0.030486265 -0.002721799 0.999531448 79.717361450
0.999482036 -0.007954453 0.031184196 4.472213745 0.007881468 0.999965906 0.002462711 -8.205647469 -0.031202722 -0.002215658 0.999510586 81.973236084
0.999462783 -0.007471137 0.031914379 4.639925003 0.007401364 0.999969959 0.002303881 -8.437788010 -0.031930637 -0.002066433 0.999487936 84.265319824
0.999414921 -0.007206426 0.033434097 4.799282074 0.007121389 0.999971151 0.002661793 -8.657148361 -0.033452321 -0.002422139 0.999437392 86.518051147
0.999404371 -0.007081287 0.033775579 4.963273525 0.006940186 0.999966621 0.004293003 -8.894921303 -0.033804856 -0.004056036 0.999420226 88.792228699
0.999378026 -0.006382805 0.034680866 5.125011444 0.006212417 0.999968112 0.005018578 -9.122302055 -0.034711801 -0.004800004 0.999385774 91.044731140
0.999341846 -0.006042643 0.035768840 5.289624214 0.005869047 0.999970555 0.004956288 -9.343458176 -0.035797730 -0.004743096 0.999347866 93.283279419
0.999325752 -0.006233503 0.036182400 5.465655804 0.006079976 0.999972045 0.004351654 -9.564751625 -0.036208514 -0.004128731 0.999335706 95.497802734
0.999289274 -0.007006390 0.037035547 5.633909225 0.006827578 0.999964416 0.004952341 -9.788369179 -0.037068922 -0.004695959 0.999301672 97.741851807
0.999254227 -0.006465503 0.038068786 5.794357300 0.006296225 0.999969900 0.004564840 -10.020674706 -0.038097147 -0.004321747 0.999264717 99.980697632
0.999178588 -0.006478591 0.040002409 5.947097301 0.006258657 0.999964654 0.005620843 -10.236241341 -0.040037408 -0.005365864 0.999183774 102.208023071
0.999173701 -0.006396868 0.040136587 6.144733906 0.006178296 0.999965429 0.005567402 -10.459644318 -0.040170815 -0.005314826 0.999178708 104.453498840
0.999131501 -0.007332867 0.041017652 6.321878433 0.007083801 0.999955595 0.006214207 -10.673624039 -0.041061398 -0.005918249 0.999139071 106.681465149
0.999096036 -0.008745075 0.041599508 6.504911423 0.008489328 0.999943972 0.006320537 -10.887888908 -0.041652452 -0.005961670 0.999114513 108.929542542
0.999051869 -0.009624258 0.042458810 6.686100960 0.009320404 0.999929547 0.007348603 -11.110540390 -0.042526543 -0.006945903 0.999071181 111.171768188
0.999035358 -0.009992690 0.042760655 6.879678726 0.009737414 0.999933541 0.006173973 -11.333265305 -0.042819519 -0.005751640 0.999066293 113.433624268
0.998996258 -0.010372179 0.043575823 7.065209389 0.010149781 0.999934256 0.005321830 -11.549334526 -0.043628160 -0.004874202 0.999035954 115.668968201
0.998955727 -0.010591211 0.044443607 7.247000694 0.010350410 0.999930501 0.005644754 -11.771080971 -0.044500310 -0.005178849 0.998995960 117.901443481
0.998901606 -0.010815358 0.045591425 7.438530922 0.010541332 0.999924839 0.006246641 -11.985824585 -0.045655563 -0.005759186 0.998940647 120.149009705
0.998856127 -0.011099737 0.046510573 7.635168552 0.010799698 0.999919176 0.006697313 -12.206357956 -0.046581145 -0.006187351 0.998895347 122.374023438
0.998814464 -0.011895210 0.047203880 7.835012436 0.011591904 0.999910355 0.006694036 -12.427044868 -0.047279280 -0.006138917 0.998862863 124.604339600
0.998787761 -0.012261084 0.047674511 8.027723312 0.011988337 0.999910116 0.006002779 -12.651993752 -0.047743835 -0.005423964 0.998844802 126.863334656
0.998783112 -0.013719268 0.047370136 8.223930359 0.013432972 0.999889553 0.006356873 -12.868033409 -0.047452115 -0.005712816 0.998857200 129.113632202
0.998813927 -0.014736677 0.046406392 8.419421196 0.014440775 0.999873340 0.006705082 -13.084504128 -0.046499331 -0.006026985 0.998900115 131.373367310
0.998881102 -0.015198116 0.044783179 8.622447968 0.014849785 0.999856830 0.008100654 -13.304454803 -0.044899885 -0.007426569 0.998963892 133.603454590
0.998929501 -0.016144648 0.043347936 8.820708275 0.015816983 0.999843717 0.007891354 -13.529287338 -0.043468576 -0.007197272 0.999028802 135.872650146
0.999023199 -0.017153254 0.040720936 9.034653664 0.016888238 0.999834001 0.006843144 -13.733469009 -0.040831558 -0.006148756 0.999147058 138.092285156
0.999004781 -0.017529868 0.041013245 9.202142715 0.017237205 0.999823391 0.007478703 -13.954553604 -0.041137110 -0.006764306 0.999130607 140.361495972
0.999007940 -0.017899163 0.040778123 9.379807472 0.017614862 0.999818027 0.007320531 -14.159799576 -0.040901739 -0.006594968 0.999141395 142.591339111
0.999037206 -0.017746476 0.040120967 9.559406281 0.017409157 0.999810338 0.008741235 -14.379884720 -0.040268481 -0.008034348 0.999156594 144.808532715
0.999054193 -0.016880730 0.040070474 9.736498833 0.016588697 0.999833405 0.007609386 -14.592339516 -0.040192250 -0.006937473 0.999167860 147.045211792
0.999068975 -0.015414308 0.040293224 9.914381981 0.015175365 0.999865472 0.006229280 -14.810655594 -0.040383816 -0.005612016 0.999168575 149.301208496
0.999083996 -0.013899378 0.040472042 10.096096992 0.013695301 0.999892116 0.005315326 -15.030523300 -0.040541545 -0.004756180 0.999166548 151.552780151
0.999096036 -0.013138822 0.040428225 10.284976959 0.012940680 0.999902964 0.005158947 -15.243564606 -0.040492084 -0.004631115 0.999169111 153.780838013
0.999084890 -0.012320731 0.040957417 10.464505196 0.012095912 0.999910414 0.005732400 -15.463524818 -0.041024376 -0.005231738 0.999144375 156.041641235
0.999090195 -0.011633827 0.041028552 10.664530754 0.011363219 0.999912202 0.006822691 -15.683501244 -0.041104328 -0.006350269 0.999134600 158.254196167
0.999033034 -0.010937816 0.042582996 10.824815750 0.010607352 0.999911845 0.007978727 -15.901542664 -0.042666513 -0.007519319 0.999061048 160.521148682
0.999016881 -0.009943194 0.043201316 11.013197899 0.009544616 0.999910116 0.009422539 -16.112670898 -0.043291114 -0.009000937 0.999021888 162.753509521
0.998978734 -0.009414595 0.044190455 11.196641922 0.009042533 0.999922037 0.008611862 -16.314771652 -0.044268079 -0.008203474 0.998986006 164.998062134
0.998931527 -0.008722307 0.045383599 11.388582230 0.008383158 0.999935508 0.007657968 -16.531160355 -0.045447461 -0.007269328 0.998940289 167.235824585
0.998839438 -0.006838552 0.047674410 11.569473267 0.006462865 0.999946892 0.008029955 -16.744241714 -0.047726795 -0.007712523 0.998830676 169.463378906
0.998712659 -0.006452210 0.050315727 11.752933502 0.006036460 0.999946415 0.008410454 -16.967357635 -0.050367296 -0.008095897 0.998697937 171.719161987
0.998585045 -0.006729024 0.052750621 11.955498695 0.006314732 0.999947906 0.008016524 -17.178035736 -0.052801825 -0.007672076 0.998575568 173.982040405
0.998499036 -0.006574422 0.054373696 12.165172577 0.006099209 0.999941707 0.008901068 -17.397651672 -0.054429058 -0.008556070 0.998480976 176.233123779
0.998445749 -0.006914380 0.055302847 12.370593071 0.006379312 0.999931097 0.009845934 -17.606163025 -0.055367123 -0.009477836 0.998421073 178.454513550
0.998440981 -0.008780308 0.055123009 12.577279091 0.008263654 0.999919772 0.009593741 -17.823219299 -0.055202827 -0.009123266 0.998433471 180.690124512
0.998387933 -0.009797691 0.055906303 12.776416779 0.009272523 0.999910533 0.009645408 -18.035894394 -0.055995803 -0.009111467 0.998389363 182.939208984
0.998457611 -0.011398828 0.054336727 12.997837067 0.010916989 0.999898493 0.009156265 -18.252365112 -0.054435585 -0.008548951 0.998480618 185.181289673
0.998469889 -0.013223918 0.053692710 13.209442139 0.012685138 0.999865770 0.010362944 -18.471868515 -0.053822547 -0.009665987 0.998503745 187.426223755
0.998480439 -0.014207221 0.053244930 13.418743134 0.013705137 0.999858201 0.009783006 -18.678260803 -0.053376365 -0.009038411 0.998533547 189.673278809
0.998449087 -0.015668346 0.053422030 13.628786087 0.015158200 0.999835670 0.009941227 -18.902904510 -0.053569015 -0.009116025 0.998522520 191.910827637
0.998434663 -0.017246554 0.053204581 13.832094193 0.016773749 0.999815822 0.009320281 -19.111524582 -0.053355534 -0.008413250 0.998540163 194.145950317
0.998449326 -0.016889159 0.053043984 14.046193123 0.016399043 0.999818802 0.009661547 -19.323257446 -0.053197552 -0.008776692 0.998545408 196.385482788
0.998441577 -0.014844720 0.053794045 14.256752014 0.014343656 0.999850214 0.009688616 -19.533716202 -0.053929806 -0.008901915 0.998504996 198.629608154
0.998466194 -0.012254058 0.053991456 14.457786560 0.011752852 0.999884903 0.009590875 -19.750659943 -0.054102767 -0.008941611 0.998495281 200.880706787
0.998438179 -0.011481375 0.054672979 14.671951294 0.011013116 0.999900103 0.008858290 -19.962270737 -0.054769214 -0.008242335 0.998465002 203.143844604
0.998390555 -0.011720163 0.055488147 14.875707626 0.011220975 0.999893785 0.009299338 -20.166038513 -0.055591244 -0.008661740 0.998415947 205.368103027
0.998389423 -0.013314405 0.055147503 15.111493111 0.012794177 0.999870360 0.009775753 -20.388315201 -0.055270512 -0.009054442 0.998430371 207.628326416
0.998320699 -0.013056301 0.056437917 15.320098877 0.012516524 0.999872565 0.009907039 -20.587917328 -0.056560073 -0.009183994 0.998356998 209.872756958
0.998245478 -0.013307281 0.057695545 15.541198730 0.012649340 0.999850929 0.011753922 -20.819715500 -0.057843354 -0.011003488 0.998265028 212.098403931
0.998192430 -0.012129490 0.058862586 15.779661179 0.011449450 0.999863923 0.011876589 -21.025638580 -0.058998637 -0.011181173 0.998195469 214.323547363
0.997989416 -0.010518088 0.062501393 15.977176666 0.009783755 0.999879599 0.012043523 -21.227222443 -0.062620550 -0.011407809 0.997972131 216.563919067
0.997851193 -0.010424845 0.064687930 16.206991196 0.009633369 0.999875009 0.012535156 -21.432315826 -0.064810514 -0.011885058 0.997826815 218.804489136
0.997711957 -0.011746375 0.066579998 16.440719604 0.010899832 0.999855280 0.013063723 -21.632961273 -0.066723801 -0.012308124 0.997695565 221.033309937
0.997600675 -0.013282006 0.067943692 16.676563263 0.012363918 0.999826849 0.013915163 -21.833681107 -0.068116747 -0.013041728 0.997592092 223.260681152
0.997528076 -0.015175574 0.068610400 16.924938202 0.014295396 0.999809325 0.013301479 -22.038591385 -0.068799183 -0.012287786 0.997554779 225.483230591
0.997501910 -0.016502971 0.068683535 17.170648575 0.015657675 0.999795258 0.012827299 -22.235473633 -0.068881154 -0.011719833 0.997555971 227.730239868
0.997463048 -0.016415901 0.069267377 17.409788132 0.015546293 0.999793768 0.013074886 -22.436225891 -0.069467716 -0.011964867 0.997512460 229.962768555
0.997405291 -0.017404608 0.069855221 17.658515930 0.016602332 0.999789536 0.012049108 -22.640098572 -0.070050247 -0.010858086 0.997484386 232.207962036
0.997345626 -0.018528232 0.070416115 17.907598495 0.017616794 0.999753058 0.013542696 -22.842754364 -0.070649669 -0.012266243 0.997425795 234.448165894
0.997355461 -0.017167935 0.070620872 18.190948486 0.016271859 0.999779820 0.013244335 -23.043279648 -0.070832707 -0.012060176 0.997415304 236.736373901
0.997322083 -0.016781412 0.071182132 18.435272217 0.015903207 0.999790490 0.012886310 -23.234615326 -0.071383476 -0.011719778 0.997380078 238.961685181
0.997299373 -0.017081274 0.071429498 18.688175201 0.016189780 0.999783874 0.013041173 -23.435104370 -0.071636826 -0.011849526 0.997360408 241.187362671
0.997248590 -0.017414311 0.072055049 18.936559677 0.016504919 0.999776661 0.013197070 -23.634544373 -0.072268769 -0.011971497 0.997313321 243.422851562
0.997215033 -0.017749349 0.072436646 19.188383102 0.016886920 0.999779224 0.012501148 -23.840362549 -0.072642520 -0.011243101 0.997294664 245.645080566
0.997227490 -0.017221518 0.072392635 19.447248459 0.016413886 0.999796391 0.011736447 -24.042509079 -0.072580017 -0.010515664 0.997307181 247.870468140
0.997200370 -0.017809244 0.072624236 19.706701279 0.016951932 0.999779344 0.012404162 -24.248676300 -0.072829105 -0.011138314 0.997282207 250.109298706
0.997172356 -0.019143639 0.072670728 19.968107224 0.018295804 0.999756694 0.012314727 -24.452606201 -0.072888806 -0.010950334 0.997279882 252.338165283
0.997166753 -0.019271500 0.072712377 20.235092163 0.018358558 0.999744296 0.013203144 -24.659767151 -0.072948247 -0.011830840 0.997265577 254.595993042
0.997142613 -0.020071944 0.072826430 20.480648041 0.019141920 0.999726355 0.013446038 -24.863391876 -0.073076382 -0.012013579 0.997254014 256.814422607
0.997138023 -0.020206153 0.072852261 20.755783081 0.019245179 0.999718606 0.013868748 -25.072406769 -0.073111996 -0.012427001 0.997246265 259.105255127
0.997101009 -0.019877415 0.073447324 21.013864517 0.018936465 0.999729693 0.013485494 -25.275020599 -0.073695540 -0.012055567 0.997207880 261.349121094
0.997075140 -0.019897757 0.073791556 21.276710510 0.018990584 0.999735415 0.012975086 -25.474546432 -0.074030206 -0.011535788 0.997189283 263.603118896
0.997044265 -0.019044811 0.074431241 21.538335800 0.018168528 0.999757648 0.012432526 -25.678815842 -0.074649982 -0.011043471 0.997148573 265.843719482
0.996982276 -0.018417876 0.075413078 21.798282623 0.017526543 0.999768734 0.012464203 -25.877885818 -0.075625211 -0.011104858 0.997074485 268.087341309
0.996851981 -0.018101193 0.077191256 22.055625916 0.017180054 0.999773264 0.012580683 -26.096889496 -0.077401489 -0.011214928 0.996936858 270.341247559
0.996756315 -0.018858846 0.078237839 22.332435608 0.017889420 0.999754548 0.013073219 -26.303825378 -0.078465186 -0.011631182 0.996849000 272.588562012
0.996549726 -0.019344363 0.080712095 22.580909729 0.018278388 0.999735951 0.013925253 -26.507194519 -0.080960162 -0.012401919 0.996640205 274.839630127
0.996437311 -0.019304719 0.082097158 22.859857559 0.018140251 0.999724329 0.014906400 -26.696214676 -0.082362287 -0.013364031 0.996512890 277.079589844
0.996346653 -0.018645970 0.083340257 23.142314911 0.017306017 0.999709547 0.016771726 -26.914169312 -0.083628774 -0.015268167 0.996380031 279.331237793
0.996261477 -0.018501699 0.084385261 23.431060791 0.017039539 0.999692500 0.018014679 -27.115436554 -0.084692620 -0.016509445 0.996270359 281.567291260
0.996206582 -0.017733505 0.085193582 23.715644836 0.016257346 0.999705911 0.017989827 -27.304264069 -0.085487559 -0.016536560 0.996201992 283.825286865
0.996091485 -0.016725663 0.086729094 23.987960815 0.015265740 0.999730825 0.017469179 -27.492412567 -0.086997949 -0.016076915 0.996078670 286.058990479
0.996091187 -0.016611988 0.086754516 24.276807785 0.015207920 0.999742866 0.016820297 -27.685842514 -0.087011650 -0.015435195 0.996087670 288.309539795
0.996034920 -0.017344624 0.087256014 24.554773331 0.015922485 0.999729276 0.016968159 -27.882684708 -0.087526701 -0.015511545 0.996041358 290.536682129
0.995985568 -0.017405784 0.087805718 24.823160172 0.016080482 0.999746203 0.015778452 -28.069448471 -0.088058062 -0.014303151 0.996012747 292.817535400
0.996004343 -0.017928796 0.087486535 25.111488342 0.016693376 0.999750614 0.014832526 -28.260494232 -0.087730646 -0.013312815 0.996055245 295.047088623
0.996001720 -0.017844340 0.087533899 25.396863937 0.016596353 0.999750257 0.014964369 -28.458992004 -0.087779067 -0.013451791 0.996049166 297.284210205
0.996000826 -0.017148923 0.087683231 25.681037903 0.015895931 0.999761581 0.014968381 -28.650482178 -0.087919012 -0.013514713 0.996035993 299.523529053
0.995921612 -0.017227892 0.088562354 25.945203781 0.015887287 0.999748766 0.015820071 -28.850687027 -0.088812634 -0.014348540 0.995944917 301.758239746
0.995913386 -0.017559692 0.088589050 26.235038757 0.016206825 0.999741137 0.015967591 -29.043872833 -0.088846512 -0.014466591 0.995940268 304.006469727
0.995877206 -0.017103698 0.089084849 26.524242401 0.015725112 0.999745846 0.016153945 -29.237176895 -0.089338496 -0.014686476 0.995893061 306.253112793
0.995848358 -0.017565478 0.089317195 26.807361603 0.016193304 0.999739826 0.016064443 -29.437511444 -0.089576133 -0.014551409 0.995873690 308.504486084
0.995795608 -0.018840684 0.089644663 27.097906113 0.017432114 0.999712408 0.016469939 -29.631925583 -0.089929193 -0.014837997 0.995837569 310.760742188
0.995765924 -0.018556913 0.090032324 27.391050339 0.017209584 0.999728262 0.015718328 -29.828006744 -0.090299539 -0.014102357 0.995814800 313.005767822
0.995777190 -0.018280741 0.089964479 27.689689636 0.016858701 0.999720931 0.016541356 -30.027435303 -0.090241775 -0.014954815 0.995807588 315.250518799
0.995725453 -0.016666859 0.090846233 27.980880737 0.015300174 0.999759376 0.015719725 -30.225456238 -0.091086380 -0.014262566 0.995740831 317.494506836
0.995683432 -0.014865658 0.091615580 28.264347076 0.013436452 0.999778509 0.016197145 -30.421739578 -0.091836065 -0.014896242 0.995662689 319.737670898
0.995644271 -0.013418806 0.092262916 28.553207397 0.012057063 0.999810338 0.015300964 -30.615068436 -0.092450738 -0.014121898 0.995617032 321.957244873
0.995586872 -0.012699000 0.092981473 28.842422485 0.011257880 0.999808490 0.016007166 -30.810174942 -0.093166947 -0.014889751 0.995539069 324.197052002
0.995602310 -0.012831960 0.092796884 29.146856308 0.011256051 0.999783754 0.017485863 -31.015512466 -0.093001179 -0.016364438 0.995531440 326.427398682
0.995554388 -0.013359763 0.093235955 29.432363510 0.011807705 0.999782681 0.017178435 -31.209581375 -0.093445189 -0.016001161 0.995495796 328.662719727
0.995547354 -0.014914720 0.093075223 29.736484528 0.013437862 0.999773979 0.016474012 -31.402494431 -0.093299910 -0.015149929 0.995522797 330.893341064
0.995532453 -0.014358951 0.093322016 30.028682709 0.012903951 0.999785900 0.016175969 -31.596599579 -0.093534321 -0.014899482 0.995504558 333.115722656
0.995481253 -0.014667530 0.093818307 30.320144653 0.013095305 0.999763668 0.017351985 -31.789800644 -0.094050609 -0.016044997 0.995438218 335.350372314
0.995492876 -0.014874965 0.093663625 30.624465942 0.013295412 0.999759078 0.017465614 -31.982454300 -0.093900874 -0.016141595 0.995450675 337.582733154
0.995485187 -0.014543092 0.093795381 30.913629532 0.012929162 0.999758124 0.017791744 -32.180461884 -0.094031438 -0.016498720 0.995432436 339.819732666
0.995510399 -0.014680091 0.093506709 31.219234467 0.013095580 0.999760449 0.017536594 -32.376293182 -0.093741745 -0.016233336 0.995464206 342.055297852
0.995505750 -0.014991102 0.093506612 31.514223099 0.013339167 0.999744177 0.018266601 -32.569900513 -0.093756534 -0.016937204 0.995451093 344.307769775
0.995540679 -0.014639319 0.093190648 31.810127258 0.013000545 0.999750376 0.018168097 -32.756153107 -0.093433373 -0.016875552 0.995482504 346.550537109
0.995555878 -0.014367624 0.093069799 32.103008270 0.012741445 0.999756038 0.018043436 -32.944515228 -0.093306325 -0.016777406 0.995496094 348.775268555
0.995504677 -0.013802600 0.093700886 32.397834778 0.012112708 0.999754012 0.018579839 -33.140884399 -0.093934283 -0.017361348 0.995427012 351.013854980
0.995546818 -0.013678590 0.093270689 32.699012756 0.011968990 0.999750435 0.018864296 -33.331634521 -0.093505435 -0.017663935 0.995462060 353.228271484
0.995576203 -0.013506888 0.092981517 32.996994019 0.011831408 0.999758005 0.018547233 -33.524364471 -0.093209542 -0.017365079 0.995495081 355.475006104
0.995599508 -0.013464990 0.092737779 33.293853760 0.011775397 0.999754965 0.018742213 -33.711269379 -0.092967413 -0.017567713 0.995514154 357.710449219
0.995699167 -0.012678750 0.091773689 33.600868225 0.010907846 0.999744952 0.019772390 -33.906414032 -0.092000991 -0.018686293 0.995583594 359.950958252
0.995741129 -0.012707823 0.091312312 33.902324677 0.010932543 0.999741912 0.019915801 -34.099346161 -0.091541834 -0.018832706 0.995623052 362.197418213
0.995792091 -0.012507282 0.090783164 34.203372955 0.010714076 0.999738276 0.020213161 -34.285438538 -0.091012202 -0.019155448 0.995665550 364.437225342
0.995846808 -0.012513717 0.090180673 34.499923706 0.010783994 0.999748826 0.019642439 -34.474632263 -0.090403832 -0.018588349 0.995731711 366.683410645
0.995870292 -0.012991155 0.089853436 34.790096283 0.011278901 0.999745429 0.019537693 -34.665550232 -0.090084389 -0.018443558 0.995763361 368.924468994
0.995867908 -0.012965084 0.089883953 35.077133179 0.011334575 0.999762237 0.018626936 -34.848522186 -0.090104103 -0.017531171 0.995778084 371.182525635
0.995920718 -0.013004971 0.089290790 35.367656708 0.011358688 0.999756455 0.018920774 -35.041412354 -0.089515120 -0.017829366 0.995825827 373.405761719
0.995956838 -0.012709436 0.088929459 35.663246155 0.011006065 0.999746978 0.019618429 -35.225082397 -0.089156285 -0.018560346 0.995844722 375.659210205
0.995934188 -0.013002451 0.089140654 35.946517944 0.011281522 0.999740601 0.019782506 -35.410621643 -0.089374773 -0.018696429 0.995822549 377.916961670
0.995952129 -0.013694068 0.088836014 36.239284515 0.011970002 0.999730110 0.019911107 -35.598655701 -0.089084700 -0.018767141 0.995847225 380.155059814
0.995958984 -0.013950590 0.088719040 36.531906128 0.012221174 0.999725103 0.020006597 -35.783592224 -0.088973776 -0.018841499 0.995855749 382.400238037
0.995959878 -0.013118565 0.088834628 36.821990967 0.011350045 0.999727786 0.020383973 -35.975555420 -0.089077860 -0.019293340 0.995837808 384.644897461
0.995972276 -0.012143299 0.088835537 37.113376617 0.010380746 0.999740541 0.020275816 -36.156398773 -0.089058712 -0.019271975 0.995839894 386.899505615
0.995987892 -0.011164742 0.088787526 37.411079407 0.009399653 0.999750316 0.020273233 -36.352489471 -0.088991702 -0.019357331 0.995844185 389.167205811
0.995975435 -0.009659254 0.089105822 37.696399689 0.007884705 0.999763966 0.020245632 -36.542861938 -0.089280374 -0.019461578 0.995816410 391.441986084
0.995998323 -0.008406763 0.088975869 37.991195679 0.006485967 0.999740124 0.021854984 -36.733238220 -0.089136474 -0.021190429 0.995794117 393.703552246
0.995934546 -0.007028571 0.089804925 38.273235321 0.005049419 0.999739766 0.022246549 -36.920288086 -0.089937918 -0.021702647 0.995710909 395.967407227
0.995850444 -0.006753682 0.090753272 38.558197021 0.004889976 0.999773026 0.020742631 -37.111858368 -0.090872735 -0.020212781 0.995657325 398.228057861
0.995802045 -0.006743055 0.091284119 38.846637726 0.004913164 0.999782860 0.020255988 -37.301769257 -0.091400884 -0.019722465 0.995618820 400.489868164
0.995657027 -0.007842488 0.092766054 39.125305176 0.005854499 0.999747813 0.021682896 -37.489418030 -0.092912704 -0.021045631 0.995451868 402.727111816
0.995678186 -0.009091041 0.092424341 39.434497833 0.007052207 0.999724984 0.022362215 -37.669609070 -0.092602223 -0.021613775 0.995468557 405.016845703
0.995617509 -0.009611804 0.093023784 39.726802826 0.007582158 0.999725938 0.022147458 -37.852794647 -0.093211159 -0.021345079 0.995417476 407.272094727
0.995571792 -0.008183083 0.093647175 40.038295746 0.006215128 0.999754071 0.021286972 -38.034210205 -0.093798324 -0.020610677 0.995377839 409.524169922
0.995534658 -0.007316048 0.094112456 40.343917847 0.005314900 0.999754727 0.021496473 -38.222709656 -0.094246641 -0.020900292 0.995329440 411.780090332
0.995473206 -0.006208040 0.094839238 40.643730164 0.004217423 0.999766886 0.021175411 -38.409648895 -0.094948590 -0.020679584 0.995267272 414.029022217
0.995367408 -0.005113427 0.096007571 40.946998596 0.003089987 0.999770224 0.021212684 -38.595344543 -0.096093997 -0.020817753 0.995154560 416.298919678
0.995341301 -0.005498733 0.096256450 41.260337830 0.003485944 0.999772012 0.021066379 -38.782821655 -0.096350335 -0.020632697 0.995133638 418.553100586
0.995224774 -0.005642994 0.097444937 41.556907654 0.003601943 0.999770701 0.021108922 -38.967578888 -0.097541675 -0.020657131 0.995017171 420.804840088
0.995138764 -0.005741737 0.098314717 41.855602264 0.003695925 0.999773085 0.020978302 -39.158065796 -0.098412864 -0.020512955 0.994934261 423.058715820
0.995063066 -0.006141558 0.099054568 42.164833069 0.003977282 0.999749362 0.022032028 -39.343181610 -0.099165052 -0.021529293 0.994838059 425.325042725
0.995010793 -0.005441605 0.099620007 42.470127106 0.003192484 0.999736726 0.022722507 -39.527290344 -0.099717438 -0.022291105 0.994766057 427.573516846
0.994935095 -0.004587459 0.100415036 42.785392761 0.002261124 0.999726653 0.023268772 -39.708164215 -0.100494325 -0.022923866 0.994673550 429.848297119
0.994939923 -0.005566649 0.100316830 43.103000641 0.003219655 0.999717593 0.023542557 -39.898174286 -0.100419536 -0.023100443 0.994676948 432.111694336
0.994905651 -0.006445208 0.100604244 43.422264099 0.004148067 0.999726176 0.023025947 -40.090717316 -0.100725099 -0.022491328 0.994660020 434.378143311
0.994917035 -0.005689844 0.100536682 43.749599457 0.003380435 0.999726832 0.023126254 -40.261894226 -0.100640804 -0.022668846 0.994664490 436.649902344
0.994873226 -0.006061392 0.100948416 44.070495605 0.003710955 0.999718010 0.023455082 -40.447624207 -0.101062134 -0.022960220 0.994615138 438.935943604
0.994918704 -0.006151738 0.100493252 44.395992279 0.003811933 0.999717534 0.023458654 -40.626815796 -0.100609183 -0.022956381 0.994661152 441.208587646
0.994887531 -0.005525716 0.100837730 44.719615936 0.003053442 0.999691367 0.024655234 -40.821723938 -0.100942858 -0.024221284 0.994597256 443.493988037
0.994851053 -0.006182140 0.101159178 45.040309906 0.003685998 0.999684572 0.024843734 -41.002136230 -0.101280853 -0.024342941 0.994560122 445.773895264
0.994819462 -0.006084498 0.101474524 45.352748871 0.003613240 0.999692917 0.024519507 -41.186344147 -0.101592533 -0.024025837 0.994535923 448.040161133
0.994808376 -0.005353860 0.101624697 45.669223785 0.002905427 0.999702275 0.024225624 -41.369766235 -0.101724140 -0.023804588 0.994527817 450.304870605
0.994758189 -0.004745671 0.102145158 45.985584259 0.002314240 0.999711454 0.023909047 -41.555812836 -0.102229141 -0.023547333 0.994482160 452.568176270
0.994665027 -0.004085234 0.103076249 46.296539307 0.001622946 0.999711573 0.023960588 -41.729404449 -0.103144407 -0.023665471 0.994384766 454.846954346
0.994629800 -0.004066490 0.103416383 46.609424591 0.001622039 0.999717474 0.023710100 -41.918380737 -0.103483595 -0.023415025 0.994355500 457.105682373
0.994644821 -0.003457957 0.103294484 46.941173553 0.001057609 0.999728322 0.023283651 -42.105182648 -0.103346922 -0.023049716 0.994378269 459.388641357
0.994627178 -0.002262997 0.103496872 47.263923645 -0.000181726 0.999721348 0.023605695 -42.284637451 -0.103521466 -0.023497675 0.994349599 461.668670654
0.994635582 -0.002036110 0.103422388 47.582767487 -0.000550758 0.999687850 0.024977934 -42.466991425 -0.103440978 -0.024900898 0.994323850 463.936706543
0.994678676 -0.002149814 0.103003629 47.896907806 -0.000453287 0.999681294 0.025241861 -42.641819000 -0.103025064 -0.025154231 0.994360745 466.198547363
0.994774282 -0.002155305 0.102076106 48.223037720 -0.000309612 0.999708891 0.024125829 -42.819137573 -0.102098420 -0.024031354 0.994484007 468.479217529
0.994871855 -0.002262817 0.101117365 48.557598114 -0.000118250 0.999722958 0.023535365 -43.004650116 -0.101142600 -0.023426633 0.994596064 470.779968262
0.994945645 -0.002887262 0.100373372 48.876003265 0.000372748 0.999685824 0.025061332 -43.197845459 -0.100414194 -0.024897249 0.994634151 473.058319092
0.994955361 -0.003169519 0.100267798 49.187831879 0.000633775 0.999679446 0.025311459 -43.380031586 -0.100315884 -0.025120227 0.994638443 475.336303711
0.995012581 -0.002607928 0.099716753 49.495632172 0.000214618 0.999711752 0.024004281 -43.533126831 -0.099750638 -0.023863155 0.994726300 477.616271973
0.995052576 -0.002809765 0.099309847 49.814201355 0.000374240 0.999698877 0.024534617 -43.714366913 -0.099348895 -0.024376074 0.994754016 479.897064209
0.995102704 -0.003408938 0.098787025 50.135505676 0.000920342 0.999681354 0.025226165 -43.896873474 -0.098841548 -0.025011705 0.994788826 482.168823242
0.995117724 -0.003825794 0.098620906 50.442619324 0.001426814 0.999701679 0.024384325 -44.075210571 -0.098684773 -0.024124563 0.994826257 484.456390381
0.995240569 -0.004863665 0.097326711 50.768123627 0.002447474 0.999686241 0.024929591 -44.264076233 -0.097417399 -0.024572730 0.994940162 486.764739990
0.995325565 -0.005274820 0.096432939 51.080989838 0.002840640 0.999674380 0.025362080 -44.444313049 -0.096535295 -0.024969591 0.995016396 489.044677734
0.995262980 -0.004336555 0.097122267 51.357826233 0.001889905 0.999678910 0.025269270 -44.624702454 -0.097200669 -0.024966020 0.994951546 491.312927246
0.995348036 -0.003753333 0.096271724 51.677131653 0.001288533 0.999670088 0.025651932 -44.802116394 -0.096336246 -0.025408549 0.995024502 493.596374512
0.995336533 -0.003510542 0.096399598 51.973991394 0.001068771 0.999677539 0.025369642 -44.980072021 -0.096457571 -0.025148302 0.995019317 495.890136719
0.995397389 -0.003528344 0.095768332 52.298023224 0.001141146 0.999687552 0.024970140 -45.166568756 -0.095826507 -0.024745924 0.995090365 498.187500000
0.995458484 -0.003426355 0.095135085 52.607711792 0.001002349 0.999673903 0.025515726 -45.343612671 -0.095191479 -0.025304489 0.995137274 500.475097656
0.995453656 -0.002945052 0.095201395 52.908584595 0.000474630 0.999662817 0.025961660 -45.528507233 -0.095245741 -0.025798446 0.995119393 502.752990723
0.995497167 -0.002214552 0.094765507 53.218765259 -0.000181920 0.999680579 0.025272340 -45.710308075 -0.094791204 -0.025175778 0.995178759 505.042755127
0.995489597 -0.002287357 0.094843060 53.518585205 -0.000177308 0.999662697 0.025970217 -45.890136719 -0.094870456 -0.025869895 0.995153427 507.332824707
0.995528758 -0.002699967 0.094420068 53.828025818 0.000348296 0.999689519 0.024914090 -46.067821503 -0.094458006 -0.024769811 0.995220661 509.620819092
0.995586574 -0.003525780 0.093782768 54.143997192 0.001121835 0.999669850 0.025673492 -46.253349304 -0.093842350 -0.025454972 0.995261550 511.918640137
0.995621979 -0.003447225 0.093407772 54.452651978 0.001017526 0.999660194 0.026046896 -46.433403015 -0.093465813 -0.025837814 0.995287299 514.224304199
0.995614469 -0.002680775 0.093512833 54.748523712 0.000276195 0.999669194 0.025717366 -46.610389709 -0.093550839 -0.025578758 0.995285869 516.527404785
0.995604217 -0.001816053 0.093642138 55.044094086 -0.000560808 0.999678493 0.025349826 -46.790435791 -0.093658052 -0.025290912 0.995283067 518.817871094
0.995545805 0.000248962 0.094279021 55.347633362 -0.002672673 0.999669135 0.025582442 -46.977741241 -0.094241470 -0.025720477 0.995217085 521.152648926
0.995512784 0.002128855 0.094603240 55.660579681 -0.004584656 0.999657869 0.025749195 -47.158119202 -0.094516076 -0.026067372 0.995181918 523.484741211
0.995459259 0.002597063 0.095152907 55.970241547 -0.005182015 0.999623895 0.026929276 -47.333087921 -0.095047183 -0.027300080 0.995098352 525.811096191
0.995395243 0.002210794 0.095829897 56.275756836 -0.004814993 0.999625087 0.026952496 -47.511112213 -0.095734388 -0.027289810 0.995032787 528.125488281
0.995360553 0.000318088 0.096214816 56.584617615 -0.003045930 0.999597490 0.028206017 -47.685134888 -0.096167132 -0.028368223 0.994960845 530.444213867
0.995324433 -0.001348826 0.096577868 56.904117584 -0.001348033 0.999611080 0.027853498 -47.859603882 -0.096577883 -0.027853459 0.994935632 532.774597168
0.995281994 -0.001390107 0.097014129 57.213970184 -0.001267895 0.999625623 0.027331064 -48.036514282 -0.097015806 -0.027325120 0.994907677 535.091369629
0.995211780 -0.001822256 0.097725056 57.525337219 -0.000848452 0.999627411 0.027280280 -48.216590881 -0.097738355 -0.027232578 0.994839489 537.408935547
0.995113850 -0.001139195 0.098727494 57.830196381 -0.001501867 0.999643087 0.026672570 -48.397258759 -0.098722644 -0.026690518 0.994756997 539.722167969
0.995021760 -0.000401617 0.099657387 58.146205902 -0.002248615 0.999646783 0.026479688 -48.579540253 -0.099632815 -0.026571954 0.994669437 542.042663574
0.994904459 0.000176600 0.100821197 58.442100525 -0.002721319 0.999681115 0.025102954 -48.752384186 -0.100784622 -0.025249409 0.994587839 544.368041992
0.994765282 0.000234068 0.102186553 58.747222900 -0.002844024 0.999673426 0.025396148 -48.928829193 -0.102147244 -0.025553824 0.994441032 546.695312500
0.994685292 0.000028284 0.102961518 59.061798096 -0.002789856 0.999640226 0.026677487 -49.115074158 -0.102923706 -0.026822954 0.994327486 548.999633789
0.994638801 -0.000267324 0.103409283 59.385181427 -0.002531888 0.999633849 0.026937047 -49.294578552 -0.103378624 -0.027054457 0.994274020 551.309265137
0.994709730 -0.001373694 0.102716215 59.725845337 -0.001282062 0.999666691 0.025784779 -49.468822479 -0.102717414 -0.025780059 0.994376421 553.621643066
0.994724572 -0.001579652 0.102569863 60.058753967 -0.001139636 0.999649644 0.026447563 -49.652114868 -0.102575682 -0.026424935 0.994374156 555.935119629
0.994680166 -0.001462371 0.103001162 60.381397247 -0.001325492 0.999634743 0.026992681 -49.832763672 -0.103003010 -0.026985614 0.994314909 558.244201660
0.994652092 -0.000989686 0.103277653 60.713165283 -0.001897065 0.999610245 0.027849399 -50.010280609 -0.103264973 -0.027896389 0.994262636 560.581237793
0.994653463 -0.001744178 0.103254177 61.048866272 -0.001171018 0.999602556 0.028165849 -50.185375214 -0.103262253 -0.028136171 0.994256258 562.915832520
0.994594157 -0.000788179 0.103835307 61.378803253 -0.002235877 0.999576747 0.029003961 -50.360778809 -0.103814214 -0.029079335 0.994171441 565.240783691
0.994555950 0.000023730 0.104205035 61.715160370 -0.002994078 0.999593616 0.028348519 -50.539634705 -0.104162015 -0.028506178 0.994151711 567.559753418
0.994581282 0.001050522 0.103955925 62.065067291 -0.003856657 0.999633491 0.026796183 -50.709854126 -0.103889681 -0.027051903 0.994220853 569.895263672
0.994566977 0.001391839 0.104089104 62.412773132 -0.004276149 0.999612868 0.027491996 -50.894248962 -0.104010537 -0.027787734 0.994187951 572.216430664
0.994589031 0.001566699 0.103875801 62.756996155 -0.004537637 0.999587178 0.028370738 -51.077095032 -0.103788473 -0.028688574 0.994185507 574.589477539
0.994604468 0.001511734 0.103728823 63.100936890 -0.004612396 0.999549448 0.029658647 -51.257820129 -0.103637263 -0.029977059 0.994163394 576.901611328
0.994508862 0.001568009 0.104640067 63.429859161 -0.004516822 0.999599159 0.027949521 -51.435741425 -0.104554288 -0.028268693 0.994117320 579.295837402
0.994555712 0.000745123 0.104203954 63.771961212 -0.003574635 0.999629915 0.026969479 -51.599578857 -0.104145296 -0.027195139 0.994190156 581.631835938
0.994524300 0.000138865 0.104505524 64.104980469 -0.003171213 0.999578714 0.028850544 -51.787551880 -0.104457490 -0.029023977 0.994105756 583.953491211
0.994573116 0.000292077 0.104039676 64.441825867 -0.003317578 0.999576509 0.028908398 -51.961837769 -0.103987180 -0.029096670 0.994152963 586.272216797
0.994549334 -0.002470178 0.104237922 64.789657593 -0.000456101 0.999606729 0.028039902 -52.146743774 -0.104266174 -0.027934613 0.994157016 588.627685547
0.994556904 -0.002735079 0.104158901 65.129180908 -0.000189876 0.999606192 0.028061409 -52.320831299 -0.104194604 -0.027928442 0.994164824 590.976806641
0.994576156 -0.004338794 0.103920221 65.465057373 0.001373396 0.999590278 0.028589906 -52.497325897 -0.104001671 -0.028292120 0.994174659 593.315307617
0.994612813 -0.005109388 0.103533708 65.809745789 0.002139414 0.999583542 0.028776828 -52.671829224 -0.103637628 -0.028400304 0.994209528 595.672119141
