1.000000000 0.000000000 0.000000000 0.000000000 0.000000000 1.000000000 0.000000000 0.000000000 0.000000000 0.000000000 1.000000000 0.000000000
0.999999881 0.000146269 0.000522715 0.087627873 -0.000146179 1.000000000 -0.000173377 -0.225653797 -0.000522741 0.000173301 0.999999821 2.295861721
0.999998987 0.000584259 0.001272225 0.164148793 -0.000584804 0.999999762 0.000427709 -0.464553237 -0.001271975 -0.000428453 0.999999106 4.588181496
0.999998450 0.000237360 0.001760911 0.262210995 -0.000238497 0.999999762 0.000645199 -0.695965767 -0.001760758 -0.000645617 0.999998212 6.879367352
0.999996126 0.000200965 0.002774767 0.353290707 -0.000198241 0.999999464 -0.000981859 -0.929319322 -0.002774963 0.000981305 0.999995649 9.177326202
0.999987423 0.001857364 0.004652215 0.447222024 -0.001858888 0.999998271 0.000323327 -1.164013743 -0.004651606 -0.000331971 0.999989092 11.481429100
0.999965012 0.003874060 0.007415693 0.534187615 -0.003884352 0.999991536 0.001373941 -1.391680717 -0.007410308 -0.001402698 0.999971569 13.784670830
0.999946892 0.003765288 0.009591915 0.644401312 -0.003805010 0.999984324 0.004126310 -1.621376157 -0.009576228 -0.004162589 0.999945462 16.056186676
0.999935865 0.003774117 0.010666978 0.748145878 -0.003825938 0.999980986 0.004841774 -1.846370935 -0.010648500 -0.004882274 0.999931395 18.393594742
0.999917448 0.002896345 0.012511972 0.854390025 -0.002958503 0.999983430 0.004952306 -2.071649313 -0.012497419 -0.004988914 0.999909520 20.687282562
0.999923468 0.000271588 0.012369339 0.983444571 -0.000307853 0.999995649 0.002930043 -2.304669619 -0.012368490 -0.002933627 0.999919176 23.001047134
0.999911845 -0.001979747 0.013127189 1.093362093 0.001965592 0.999997377 0.001091070 -2.526592493 -0.013129317 -0.001065171 0.999913216 25.282539368
0.999911666 -0.002994479 0.012950442 1.231028080 0.002988947 0.999995351 0.000446530 -2.771689653 -0.012951721 -0.000407782 0.999915957 27.593961716
0.999900758 -0.002680670 0.013830490 1.339797139 0.002688050 0.999996185 -0.000515034 -2.997369289 -0.013829056 0.000552160 0.999904215 29.881084442
0.999887407 -0.000452732 0.014999293 1.456683040 0.000428597 0.999998629 0.001612279 -3.223190308 -0.015000002 -0.001605669 0.999886155 32.170909882
0.999885261 0.001604599 0.015062191 1.587874174 -0.001661057 0.999991775 0.003736594 -3.444056511 -0.015056065 -0.003761184 0.999879599 34.451274872
0.999852419 0.003957503 0.016712409 1.702323556 -0.004094645 0.999958158 0.008179798 -3.680644512 -0.016679337 -0.008247022 0.999826968 36.760852814
0.999833345 0.005767172 0.017319130 1.823230028 -0.005902191 0.999952495 0.007754950 -3.898680210 -0.017273583 -0.007855880 0.999819875 39.033481598
0.999798596 0.004707476 0.019508086 1.926873684 -0.004825182 0.999970436 0.005990951 -4.099399090 -0.019479310 -0.006083875 0.999791741 41.325412750
0.999804676 0.002315483 0.019626541 2.054447174 -0.002409586 0.999985754 0.004772346 -4.323052406 -0.019615211 -0.004818706 0.999796033 43.601284027
0.999803245 0.002868537 0.019627610 2.189105034 -0.002947880 0.999987543 0.004014691 -4.553129196 -0.019615848 -0.004071760 0.999799311 45.864826202
0.999802113 0.002216689 0.019776424 2.317752361 -0.002276860 0.999992847 0.003020556 -4.781731606 -0.019769583 -0.003064986 0.999799967 48.138339996
0.999803185 0.000722210 0.019824997 2.455666065 -0.000791080 0.999993622 0.003466291 -5.011802197 -0.019822368 -0.003481292 0.999797463 50.417636871
0.999776542 -0.000081072 0.021137936 2.583016396 -0.000003669 0.999992073 0.004008912 -5.237411499 -0.021138089 -0.004008093 0.999768674 52.683692932
0.999773860 -0.001256576 0.021227237 2.725887299 0.001177691 0.999992371 0.003728286 -5.463783741 -0.021231757 -0.003702444 0.999767721 54.970081329
0.999743402 -0.001443143 0.022607120 2.852769375 0.001343750 0.999989390 0.004411112 -5.697961330 -0.022613246 -0.004379602 0.999734700 57.253993988
0.999722540 -0.002600928 0.023409357 2.992758274 0.002484221 0.999984324 0.005013149 -5.921530724 -0.023422031 -0.004953605 0.999713361 59.520790100
0.999681175 -0.004096439 0.024912938 3.120083332 0.003988409 0.999982417 0.004384460 -6.144415855 -0.024930466 -0.004283699 0.999679983 61.792987823
0.999660373 -0.004754042 0.025622038 3.271626949 0.004647165 0.999980271 0.004229240 -6.368226528 -0.025641639 -0.004108735 0.999662757 64.044578552
0.999628484 -0.004333078 0.026909472 3.414250851 0.004205064 0.999979556 0.004812005 -6.589797020 -0.026929775 -0.004697061 0.999626219 66.315559387
0.999611020 -0.003519637 0.027663296 3.566675663 0.003379531 0.999981225 0.005109802 -6.815775394 -0.027680757 -0.005014327 0.999604344 68.577156067
0.999571025 -0.003672211 0.029054187 3.706543922 0.003538583 0.999982953 0.004649328 -7.038622856 -0.029070765 -0.004544524 0.999566972 70.832176208
0.999559760 -0.004530556 0.029321983 3.871792078 0.004442132 0.999985337 0.003080090 -7.259785175 -0.029335510 -0.002948481 0.999565244 73.087829590
0.999542296 -0.005545164 0.029740697 4.031138897 0.005443759 0.999979079 0.003489522 -7.487089157 -0.029759420 -0.003326023 0.999551475 75.374870300
0.999494195 -0.006714163 0.031084118 4.191724777 0.006621880 0.999973357 0.003070765 -7.719246387 -0.031103905 -0.002863377 0.999512076 77.639808655
0.999502003 -0.007564312 0.030639689 4.356729984 0.007474743 0.999967456 0.003036790 -7.953608513 -0.030661669 -0.002806253 0.999525905 79.899917603
0.999473333 -0.007939237 0.031465542 4.507801533 0.007868596 0.999966145 0.002368238 -8.167905807 -0.031483281 -0.002119401 0.999502003 82.156196594
0.999443471 -0.007346052 0.032539174 4.672407150 0.007269273 0.999970496 0.002477304 -8.398170471 -0.032556415 -0.002239388 0.999467313 84.429603577
0.999394476 -0.007038810 0.034075227 4.833230972 0.006943026 0.999971569 0.002928466 -8.617502213 -0.034094870 -0.002690107 0.999414980 86.681251526
0.999381185 -0.006851189 0.034500629 4.998029709 0.006698383 0.999967217 0.004542697 -8.854518890 -0.034530625 -0.004308787 0.999394476 88.965957642
0.999353945 -0.006028107 0.035431456 5.161993027 0.005851139 0.999969900 0.005096195 -9.079916000 -0.035461109 -0.004885589 0.999359131 91.221244812
0.999323964 -0.005781142 0.036308277 5.330982685 0.005600162 0.999971390 0.005084241 -9.301447868 -0.036336631 -0.004877471 0.999327719 93.458488464
0.999301672 -0.005757367 0.036918119 5.508245468 0.005596158 0.999974310 0.004468511 -9.524248123 -0.036942903 -0.004258791 0.999308288 95.694610596
0.999264061 -0.006536747 0.037794609 5.678342819 0.006350908 0.999967277 0.005034994 -9.746949196 -0.037826274 -0.004791259 0.999272823 97.936996460
0.999230564 -0.006159908 0.038733728 5.840189934 0.005987350 0.999971569 0.004569401 -9.976436615 -0.038760781 -0.004333972 0.999239087 100.175918579
0.999152780 -0.006073081 0.040703319 5.996301651 0.005848573 0.999967098 0.005632529 -10.192914009 -0.040736191 -0.005389702 0.999155402 102.407539368
0.999162078 -0.006300206 0.040444043 6.199873447 0.006079905 0.999965966 0.005567773 -10.417659760 -0.040477734 -0.005317210 0.999166310 104.676368713
0.999122739 -0.007141588 0.041262776 6.377797127 0.006897616 0.999957919 0.006051969 -10.631414413 -0.041304257 -0.005762045 0.999129951 106.914276123
0.999098420 -0.008649989 0.041563142 6.565641403 0.008403392 0.999946058 0.006104126 -10.846770287 -0.041613702 -0.005749352 0.999117196 109.172019958
0.999055088 -0.009520770 0.042405941 6.748954773 0.009224061 0.999931633 0.007187093 -11.074627876 -0.042471465 -0.006789146 0.999074578 111.427101135
0.999025822 -0.010159303 0.042944107 6.939967632 0.009919474 0.999933958 0.005794089 -11.295814514 -0.043000139 -0.005362460 0.999060690 113.696937561
0.998979807 -0.010478758 0.043926876 7.124501705 0.010265280 0.999934375 0.005082658 -11.516946793 -0.043977242 -0.004626552 0.999021947 115.948867798
0.998938203 -0.010689236 0.044811390 7.309795380 0.010456732 0.999930561 0.005419708 -11.741217613 -0.044866208 -0.004945373 0.998980701 118.203140259
0.998878837 -0.010700556 0.046113610 7.499609947 0.010426858 0.999926507 0.006171729 -11.961266518 -0.046176262 -0.005683991 0.998917162 120.476135254
0.998875320 -0.011591184 0.045974251 7.711270332 0.011285116 0.999912322 0.006911367 -12.189922333 -0.046050329 -0.006384769 0.998918772 122.684753418
0.998795331 -0.012546647 0.047438502 7.903806686 0.012258268 0.999904573 0.006365008 -12.410984993 -0.047513835 -0.005775826 0.998853862 125.000190735
0.998760104 -0.012920378 0.048075974 8.090657234 0.012658821 0.999903381 0.005741020 -12.636438370 -0.048145499 -0.005125317 0.998827159 127.259361267
0.998742938 -0.014431207 0.048001863 8.284753799 0.014147366 0.999880314 0.006247676 -12.855171204 -0.048086278 -0.005560723 0.998827696 129.518417358
0.998757541 -0.015757157 0.047277052 8.474055290 0.015474764 0.999860227 0.006333237 -13.067130089 -0.047370233 -0.005593767 0.998861730 131.767486572
0.998827279 -0.016128602 0.045650713 8.681484222 0.015797028 0.999846220 0.007614762 -13.286725998 -0.045766506 -0.006884688 0.998928368 134.000045776
0.998882353 -0.017206233 0.044022184 8.875461578 0.016897032 0.999829948 0.007386292 -13.510422707 -0.044141777 -0.006634193 0.999003351 136.239990234
0.998952806 -0.018090688 0.042023670 9.086199760 0.017807294 0.999816179 0.007108291 -13.727207184 -0.042144537 -0.006352519 0.999091327 138.466873169
0.998942435 -0.018492231 0.042095624 9.256120682 0.018207584 0.999808788 0.007135359 -13.942234993 -0.042219516 -0.006361353 0.999088109 140.760650635
0.998940349 -0.018800937 0.042007394 9.432938576 0.018519213 0.999803424 0.007085630 -14.147785187 -0.042132355 -0.006300178 0.999092162 142.993041992
0.998983681 -0.019016720 0.040865317 9.627240181 0.018673217 0.999787152 0.008771189 -14.381398201 -0.041023422 -0.007999188 0.999126077 145.253723145
0.999001384 -0.018154385 0.040824577 9.808598518 0.017858701 0.999811530 0.007595933 -14.593624115 -0.040954780 -0.006859274 0.999137461 147.510833740
0.999023378 -0.017019557 0.040774349 9.993949890 0.016778989 0.999839783 0.006234930 -14.810699463 -0.040873926 -0.005544689 0.999148905 149.754180908
0.999029875 -0.015570494 0.041193269 10.174362183 0.015365890 0.999867976 0.005278975 -15.029197693 -0.041270029 -0.004640882 0.999137223 151.998535156
0.999039769 -0.014900610 0.041200999 10.364807129 0.014694692 0.999877930 0.005296261 -15.244255066 -0.041274883 -0.004685740 0.999136865 154.241775513
0.999020576 -0.014352764 0.041856200 10.548852921 0.014135584 0.999885023 0.005480079 -15.457759857 -0.041930042 -0.004883049 0.999108672 156.489990234
0.999021292 -0.012878527 0.042315524 10.728975296 0.012586146 0.999895096 0.007168762 -15.682487488 -0.042403415 -0.006629157 0.999078512 158.732803345
0.998961627 -0.012309080 0.043865673 10.914671898 0.011972359 0.999896884 0.007930674 -15.897985458 -0.043958772 -0.007397262 0.999005973 160.971282959
0.998936236 -0.010914500 0.044803180 11.086758614 0.010477740 0.999895394 0.009971751 -16.119375229 -0.044907331 -0.009491709 0.998946071 163.266174316
0.998898387 -0.010360315 0.045766443 11.273096085 0.009951303 0.999908686 0.009155788 -16.322402954 -0.045857109 -0.008690265 0.998910189 165.519851685
0.998858273 -0.009678147 0.046782207 11.471235275 0.009318653 0.999925375 0.007896419 -16.532562256 -0.046855133 -0.007451456 0.998873889 167.746551514
0.998794556 -0.007724689 0.048473805 11.666067123 0.007334871 0.999939382 0.008214574 -16.755556107 -0.048534319 -0.007849123 0.998790681 170.017578125
0.998670101 -0.007034337 0.051074341 11.861294746 0.006627903 0.999945045 0.008122706 -16.963550568 -0.051128678 -0.007773390 0.998661816 172.270034790
0.998539567 -0.007246989 0.053537421 12.064222336 0.006830723 0.999945045 0.007954130 -17.178880692 -0.053592123 -0.007576814 0.998534143 174.541763306
0.998454988 -0.007207331 0.055096991 12.280252457 0.006748505 0.999941170 0.008509122 -17.395168304 -0.055155069 -0.008124155 0.998444736 176.797134399
0.998391211 -0.007662886 0.056180026 12.480645180 0.007154685 0.999931753 0.009241509 -17.604022980 -0.056247000 -0.008824693 0.998377919 179.030456543
0.998408735 -0.009187372 0.055637911 12.709421158 0.008702912 0.999922156 0.008943465 -17.823629379 -0.055715747 -0.008445021 0.998411059 181.302932739
0.998377562 -0.010066126 0.056043733 12.914546013 0.009596457 0.999916673 0.008643246 -18.032754898 -0.056126069 -0.008091403 0.998390853 183.545364380
0.998431206 -0.011776441 0.054740209 13.142928123 0.011317356 0.999898195 0.008689063 -18.254573822 -0.054836966 -0.008055916 0.998462737 185.788253784
0.998439908 -0.013801893 0.054104310 13.356199265 0.013314831 0.999867618 0.009352482 -18.469120026 -0.054226223 -0.008617499 0.998491466 188.033935547
0.998470545 -0.014657253 0.053307235 13.575305939 0.014214410 0.999861300 0.008677061 -18.675447464 -0.053427033 -0.007906058 0.998540401 190.274307251
0.998420894 -0.015705254 0.053936176 13.771669388 0.015252495 0.999844968 0.008795777 -18.896778107 -0.054065954 -0.007959228 0.998505652 192.523971558
0.998375654 -0.016699646 0.054472156 13.964865685 0.016275538 0.999833703 0.008220154 -19.102380753 -0.054600373 -0.007320237 0.998481393 194.759368896
0.998425126 -0.016349442 0.053665318 14.205417633 0.015915951 0.999837160 0.008495209 -19.328769684 -0.053795476 -0.007627694 0.998522818 197.027847290
0.998434067 -0.014287820 0.054086108 14.413208008 0.013858736 0.999869525 0.008300149 -19.535743713 -0.054197643 -0.007537588 0.998501778 199.271133423
0.998441041 -0.012225151 0.054460496 14.619001389 0.011803435 0.999897778 0.008058500 -19.752336502 -0.054553457 -0.007403118 0.998483419 201.502960205
0.998418450 -0.011627374 0.055003133 14.836305618 0.011244014 0.999910295 0.007274124 -19.965473175 -0.055082772 -0.006644164 0.998459697 203.762634277
0.998379290 -0.011955486 0.055639420 15.040701866 0.011531913 0.999902070 0.007927661 -20.174758911 -0.055728741 -0.007273184 0.998419464 205.988204956
0.998371065 -0.013042166 0.055543978 15.285221100 0.012605673 0.999886930 0.008201681 -20.401321411 -0.055644661 -0.007488152 0.998422563 208.249984741
0.998307168 -0.012709384 0.056756768 15.495671272 0.012263933 0.999891281 0.008189836 -20.602836609 -0.056854676 -0.007479910 0.998354495 210.495544434
0.998232484 -0.012401357 0.058121622 15.714009285 0.011857842 0.999882758 0.009686960 -20.830915451 -0.058234934 -0.008980642 0.998262465 212.747131348
0.998152554 -0.010993515 0.059754781 15.951267242 0.010421846 0.999897003 0.009870182 -21.041084290 -0.059857134 -0.009229192 0.998164356 214.980987549
0.997977257 -0.009077731 0.062920704 16.181531906 0.008466022 0.999914348 0.009981710 -21.257144928 -0.063005932 -0.009428829 0.997968614 217.279220581
0.997835636 -0.009107038 0.065123118 16.412281036 0.008453503 0.999911189 0.010303857 -21.466745377 -0.065211184 -0.009731037 0.997824013 219.527725220
0.997701705 -0.010348028 0.066964388 16.648645401 0.009645102 0.999894977 0.010811837 -21.672054291 -0.067069240 -0.010141109 0.997696757 221.762405396
0.997591317 -0.011696326 0.068372004 16.885486603 0.010916858 0.999871075 0.011762962 -21.878776550 -0.068500787 -0.010988222 0.997590542 223.991683960
0.997524679 -0.013805533 0.068948701 17.139223099 0.013068824 0.999852717 0.011124580 -22.091480255 -0.069092140 -0.010195962 0.997558177 226.227127075
0.997493565 -0.015081006 0.069131717 17.384605408 0.014373316 0.999839187 0.010722881 -22.294818878 -0.069282323 -0.009702350 0.997549891 228.476348877
0.997452617 -0.015491827 0.069630012 17.629903793 0.014773774 0.999832511 0.010815560 -22.498514175 -0.069785893 -0.009759312 0.997514248 230.715377808
0.997383595 -0.016753735 0.070322640 17.874279022 0.016093155 0.999821007 0.009949666 -22.706174850 -0.070476726 -0.008791921 0.997474670 232.953231812
0.997390866 -0.017095724 0.070135713 18.145895004 0.016363271 0.999805510 0.011004729 -22.917507172 -0.070310198 -0.009828369 0.997476757 235.245513916
0.997355759 -0.016867088 0.070689470 18.395751953 0.016125221 0.999808908 0.011052360 -23.121885300 -0.070862375 -0.009883251 0.997437239 237.489746094
0.997310162 -0.016646842 0.071381226 18.639245987 0.015906615 0.999813914 0.010925985 -23.323381424 -0.071549818 -0.009761162 0.997389197 239.713562012
0.997266710 -0.016766336 0.071958169 18.887926102 0.015991461 0.999808013 0.011331042 -23.530822754 -0.072134323 -0.010149356 0.997343242 241.943099976
0.997229636 -0.017221078 0.072363622 19.139305115 0.016438497 0.999799848 0.011396305 -23.731540680 -0.072545394 -0.010175185 0.997313142 244.180816650
0.997184098 -0.017476877 0.072929062 19.391338348 0.016744997 0.999803245 0.010634935 -23.941368103 -0.073100597 -0.009383790 0.997280359 246.412353516
0.997201562 -0.016876664 0.072829917 19.654148102 0.016192863 0.999819160 0.009969311 -24.152027130 -0.072985016 -0.008762089 0.997294486 248.651733398
0.997188985 -0.017085807 0.072952241 19.916923523 0.016357146 0.999810278 0.010574006 -24.365348816 -0.073119074 -0.009350992 0.997279406 250.891723633
0.997160554 -0.018566210 0.072979093 20.177665710 0.017845236 0.999785423 0.010518851 -24.575185776 -0.073158719 -0.009186655 0.997277975 253.123809814
0.997153342 -0.018566450 0.073077679 20.442132950 0.017796753 0.999779224 0.011169759 -24.781656265 -0.073268943 -0.009837419 0.997263670 255.373977661
0.997117102 -0.018990168 0.073462568 20.685777664 0.018205760 0.999770045 0.011332668 -24.987607956 -0.073660873 -0.009962557 0.997233570 257.594360352
0.997093976 -0.019689295 0.073592998 20.956611633 0.018864049 0.999751329 0.011892028 -25.203130722 -0.073808841 -0.010469206 0.997217476 259.865447998
0.997066438 -0.019450378 0.074027650 21.219297409 0.018654406 0.999760687 0.011428605 -25.407728195 -0.074232213 -0.010014134 0.997190714 262.109008789
0.997039557 -0.019343995 0.074417368 21.481241226 0.018582145 0.999767721 0.010916443 -25.611610413 -0.074611247 -0.009501291 0.997167528 264.363861084
0.997005284 -0.018529374 0.075079702 21.745296478 0.017797770 0.999787509 0.010401838 -25.819995880 -0.075256474 -0.009034436 0.997123301 266.604309082
0.996963084 -0.017906658 0.075787246 22.010314941 0.017170416 0.999798954 0.010355121 -26.023332596 -0.075957417 -0.009022377 0.997070253 268.848083496
0.996815741 -0.017628096 0.077766448 22.267917633 0.016904198 0.999807537 0.009957158 -26.235744476 -0.077927008 -0.008610873 0.996921837 271.106292725
0.996784925 -0.018400675 0.077981643 22.555545807 0.017628314 0.999788642 0.010581263 -26.450737000 -0.078159869 -0.009172560 0.996898651 273.348693848
0.996508121 -0.019034505 0.081297487 22.795770645 0.018213136 0.999775410 0.010832997 -26.648313522 -0.081485435 -0.009314489 0.996630967 275.602020264
0.996397793 -0.019006655 0.082644068 23.076482773 0.018084856 0.999765754 0.011888190 -26.846218109 -0.082850657 -0.010350761 0.996508300 277.842254639
0.996361792 -0.018138861 0.083270788 23.377363205 0.017069666 0.999762833 0.013534086 -27.067150116 -0.083496511 -0.012063443 0.996435046 280.099853516
0.996272504 -0.017868157 0.084390193 23.663711548 0.016687557 0.999753118 0.014674589 -27.273960114 -0.084631547 -0.013211627 0.996324658 282.334991455
0.996188402 -0.016779568 0.085600078 23.941181183 0.015597135 0.999773741 0.014463669 -27.466302872 -0.085823394 -0.013073422 0.996224582 284.573211670
0.996081829 -0.015797419 0.087014601 24.211248398 0.014643881 0.999796391 0.013879292 -27.662351608 -0.087216131 -0.012550677 0.996110380 286.796356201
0.996056080 -0.014874782 0.087469608 24.507961273 0.013838295 0.999826789 0.012444172 -27.850915909 -0.087639555 -0.011184664 0.996089458 289.058807373
0.995984554 -0.015695427 0.088138618 24.785293579 0.014621890 0.999810994 0.012812572 -28.059083939 -0.088323042 -0.011472371 0.996025801 291.284698486
0.995933950 -0.015492974 0.088744387 25.058189392 0.014529398 0.999828398 0.011493632 -28.255191803 -0.088907227 -0.010157495 0.995988131 293.558715820
0.995970547 -0.015992358 0.088243112 25.348361969 0.015110243 0.999829054 0.010655410 -28.457216263 -0.088398419 -0.009279102 0.996041954 295.782928467
0.995976806 -0.016035875 0.088165112 25.636482239 0.015164743 0.999829352 0.010541670 -28.663152695 -0.088319138 -0.009162260 0.996050119 298.016876221
0.995961487 -0.015478811 0.088437669 25.920688629 0.014595975 0.999837041 0.010620618 -28.864658356 -0.088587657 -0.009286891 0.996025145 300.252807617
0.995896518 -0.015464046 0.089168295 26.183702469 0.014499957 0.999829292 0.011449696 -29.073719025 -0.089330137 -0.010109777 0.995950758 302.493408203
0.995901763 -0.015914325 0.089032061 26.476354599 0.014941644 0.999821305 0.011580944 -29.277648926 -0.089200459 -0.010203198 0.995961428 304.739562988
0.995872617 -0.015263421 0.089468576 26.767120361 0.014240217 0.999825716 0.012063691 -29.486032486 -0.089637130 -0.010739850 0.995916605 306.987365723
0.995868683 -0.016235253 0.089343466 27.058057785 0.015217683 0.999811590 0.012058861 -29.697351456 -0.089522406 -0.010649442 0.995927870 309.243408203
0.995827019 -0.017246671 0.089616291 27.347288132 0.016178144 0.999789417 0.012636167 -29.904176712 -0.089815341 -0.011133614 0.995896220 311.506469727
0.995793879 -0.016983029 0.090033978 27.637136459 0.015981482 0.999802411 0.011833390 -30.108283997 -0.090217158 -0.010344742 0.995868385 313.750885010
0.995817542 -0.016901137 0.089786582 27.935028076 0.015827205 0.999794722 0.012659477 -30.316503525 -0.089982115 -0.011185461 0.995880485 315.995452881
0.995761633 -0.015037789 0.090732917 28.226247787 0.014036843 0.999833465 0.011659859 -30.522148132 -0.090893142 -0.010336840 0.995806992 318.250976562
0.995747447 -0.013212219 0.091171741 28.513219833 0.012142048 0.999850810 0.012282679 -30.727666855 -0.091320403 -0.011123435 0.995759428 320.495941162
0.995691538 -0.012446145 0.091888458 28.800210953 0.011390570 0.999863088 0.012003113 -30.935718536 -0.092025265 -0.010904734 0.995697081 322.730285645
0.995640755 -0.011815860 0.092519283 29.085783005 0.010720467 0.999866545 0.012327707 -31.134803772 -0.092652604 -0.011282119 0.995634556 324.973571777
0.995632529 -0.011336128 0.092667498 29.385730743 0.010099705 0.999853611 0.013800679 -31.347333908 -0.092810400 -0.012804491 0.995601475 327.202728271
0.995601356 -0.011725236 0.092953943 29.674619675 0.010502897 0.999851942 0.013628270 -31.554294586 -0.093099989 -0.012592036 0.995577276 329.452941895
0.995608211 -0.013259389 0.092674248 29.977409363 0.012121709 0.999844253 0.012828298 -31.756359100 -0.092829913 -0.011648588 0.995613813 331.695129395
0.995602846 -0.012978577 0.092771091 30.269674301 0.011840255 0.999847770 0.012810143 -31.962345123 -0.092923231 -0.011655381 0.995605052 333.915374756
0.995571971 -0.013377987 0.093045056 30.564201355 0.012134231 0.999829471 0.013920179 -32.163059235 -0.093215421 -0.012729513 0.995564580 336.148498535
0.995637476 -0.014214849 0.092217013 30.875581741 0.013004887 0.999821484 0.013708509 -32.359603882 -0.092395425 -0.012449433 0.995644569 338.384399414
0.995646119 -0.014250880 0.092117704 31.166963577 0.013020646 0.999818027 0.013942280 -32.564022064 -0.092299633 -0.012682144 0.995650530 340.623962402
0.995709360 -0.014756356 0.091350906 31.472522736 0.013549240 0.999812722 0.013820172 -32.768539429 -0.091537729 -0.012523140 0.995722890 342.866027832
0.995717704 -0.015270408 0.091176286 31.765823364 0.014042207 0.999802053 0.014097013 -32.965759277 -0.091373503 -0.012756329 0.995734990 345.110595703
0.995760381 -0.015185844 0.090722069 32.059143066 0.013956966 0.999802411 0.014164628 -33.162544250 -0.090919219 -0.012838373 0.995775521 347.344696045
0.995824754 -0.015331474 0.089988902 32.354957581 0.014119021 0.999800980 0.014094537 -33.361602783 -0.090187088 -0.012765135 0.995842993 349.588439941
0.995834231 -0.015153012 0.089914426 32.643627167 0.013901007 0.999797702 0.014534343 -33.564098358 -0.090116479 -0.013223894 0.995843410 351.828430176
0.995872974 -0.015433288 0.089436270 32.932518005 0.014159686 0.999789357 0.014857390 -33.759403229 -0.089646727 -0.013529686 0.995881736 354.053527832
0.995893717 -0.015227617 0.089240126 33.217712402 0.013998091 0.999798536 0.014387447 -33.959575653 -0.089441232 -0.013079178 0.995906234 356.288726807
0.995951533 -0.015625803 0.088523425 33.512218475 0.014362299 0.999785960 0.014892143 -34.158668518 -0.088737182 -0.013560452 0.995962739 358.522674561
0.996012032 -0.015275058 0.087901674 33.807418823 0.013947614 0.999779522 0.015695937 -34.358238220 -0.088122047 -0.014407322 0.996005595 360.762725830
0.996077597 -0.015660062 0.087086320 34.102767944 0.014338063 0.999772608 0.015785217 -34.559120178 -0.087313719 -0.014474653 0.996075690 363.018768311
0.996120393 -0.015464693 0.086631596 34.393669128 0.014105061 0.999767900 0.016284676 -34.756313324 -0.086863324 -0.014999553 0.996107340 365.259246826
0.996169865 -0.015450428 0.086063020 34.682769775 0.014157332 0.999777853 0.015615157 -34.954742432 -0.086285174 -0.014336926 0.996167421 367.519409180
0.996182203 -0.016125813 0.085795924 34.963485718 0.014851096 0.999769866 0.015475179 -35.153747559 -0.086025737 -0.014141934 0.996192515 369.769195557
0.996177137 -0.016075032 0.085864760 35.242397308 0.014884911 0.999784291 0.014482738 -35.346443176 -0.086079046 -0.013149282 0.996201515 372.033691406
0.996234059 -0.016131261 0.085189961 35.526344299 0.014944769 0.999782503 0.014547039 -35.545757294 -0.085406072 -0.013219113 0.996258557 374.259124756
0.996323347 -0.016030470 0.084159806 35.819011688 0.014798910 0.999774396 0.015237128 -35.743137360 -0.084385104 -0.013935632 0.996335804 376.503967285
0.996240854 -0.015494502 0.085229404 36.085815430 0.014212837 0.999776900 0.015624125 -35.940673828 -0.085452467 -0.014354041 0.996238828 378.756805420
0.996235430 -0.016185680 0.085164502 36.367767334 0.014885652 0.999763131 0.015877923 -36.141448975 -0.085401341 -0.014550420 0.996240377 380.997924805
0.996262550 -0.016116254 0.084859297 36.657886505 0.014816552 0.999763429 0.015923584 -36.333374023 -0.085095860 -0.014606748 0.996265709 383.252410889
0.996271849 -0.015361055 0.084889382 36.943817139 0.014034618 0.999770224 0.016200246 -36.533706665 -0.085118726 -0.014948460 0.996258676 385.505371094
0.996276855 -0.014110525 0.085048042 37.218574524 0.012769220 0.999785721 0.016294584 -36.723102570 -0.085259736 -0.015147920 0.996243596 387.745697021
0.996288300 -0.013085210 0.085079037 37.505317688 0.011739544 0.999798357 0.016297767 -36.928661346 -0.085275136 -0.015238486 0.996240914 390.010833740
0.996288240 -0.011866497 0.085259430 37.785949707 0.010523676 0.999813616 0.016182080 -37.125709534 -0.085435577 -0.015224773 0.996227384 392.282196045
0.996298909 -0.010551037 0.085305408 38.066162109 0.009086222 0.999804854 0.017541487 -37.321094513 -0.085473828 -0.016701462 0.996200442 394.538574219
0.996232569 -0.009387770 0.086212419 38.337890625 0.007867207 0.999807775 0.017960280 -37.517471313 -0.086364470 -0.017214365 0.996114850 396.798828125
0.996188939 -0.008887972 0.086768895 38.621196747 0.007490815 0.999837160 0.016414415 -37.719406128 -0.086900666 -0.015701886 0.996093214 399.061798096
0.996120155 -0.008602276 0.087581210 38.899509430 0.007232411 0.999846697 0.015946403 -37.918319702 -0.087704934 -0.015251112 0.996029735 401.329833984
0.996015906 -0.009581756 0.088659018 39.178424835 0.008109191 0.999823391 0.016954601 -38.110599518 -0.088805832 -0.016168099 0.995917737 403.578918457
0.995987058 -0.011200865 0.088792779 39.461647034 0.009652561 0.999794126 0.017847547 -38.307571411 -0.088974401 -0.016918847 0.995890141 405.862335205
0.995933533 -0.011661396 0.089333601 39.745517731 0.010092295 0.999787092 0.017996121 -38.504077911 -0.089524448 -0.017021360 0.995839119 408.116577148
0.995921075 -0.010217722 0.089647613 40.063812256 0.008719285 0.999816060 0.017090457 -38.694419861 -0.089805737 -0.016239084 0.995826840 410.394927979
0.995857716 -0.009732752 0.090402640 40.352165222 0.008160116 0.999809206 0.017749267 -38.896831512 -0.090558134 -0.016938053 0.995747149 412.651275635
0.995805442 -0.007617000 0.091178648 40.659858704 0.006097632 0.999838054 0.016930655 -39.096683502 -0.091292843 -0.016303664 0.995690644 414.927612305
0.995723426 -0.006560275 0.092150964 40.958042145 0.005015389 0.999843121 0.016986316 -39.293117523 -0.092247941 -0.016451506 0.995600104 417.196472168
0.995661676 -0.007022657 0.092781462 41.255847931 0.005470630 0.999841034 0.016971534 -39.492229462 -0.092885904 -0.016390335 0.995541871 419.446014404
0.995557189 -0.007049654 0.093894720 41.545703888 0.005480892 0.999841332 0.016955093 -39.685279846 -0.093999349 -0.016365137 0.995437682 421.699523926
0.995473325 -0.007143166 0.094772674 41.838401794 0.005586552 0.999845266 0.016679909 -39.882678986 -0.094877154 -0.016074954 0.995359302 423.958587646
0.995408356 -0.007567793 0.095420048 42.143581390 0.005885461 0.999822378 0.017899947 -40.080684662 -0.095538557 -0.017256161 0.995276093 426.238311768
0.995358646 -0.006664813 0.096003108 42.442504883 0.004914300 0.999817550 0.018458828 -40.272796631 -0.096108615 -0.017901370 0.995209813 428.493225098
0.995281994 -0.005853490 0.096848585 42.749702454 0.004019914 0.999809206 0.019116718 -40.464050293 -0.096942008 -0.018637201 0.995115578 430.768096924
0.995281458 -0.006326159 0.096823595 43.056575775 0.004445909 0.999797583 0.019622777 -40.665420532 -0.096928149 -0.019099716 0.995108128 433.024566650
0.995235324 -0.007114612 0.097242154 43.367603302 0.005284657 0.999804318 0.019063152 -40.866825104 -0.097358733 -0.018458432 0.995078146 435.295227051
0.995225608 -0.006247071 0.097400926 43.681629181 0.004415905 0.999809742 0.019004537 -41.045307159 -0.097501107 -0.018483687 0.995063782 437.563232422
0.995172977 -0.006789785 0.097901128 43.991352081 0.004908229 0.999798834 0.019446991 -41.241020203 -0.098013498 -0.018872600 0.995006084 439.849212646
0.995202780 -0.006680161 0.097605050 44.309928894 0.004798864 0.999798357 0.019496650 -41.428482056 -0.097715609 -0.018934730 0.995034218 442.120910645
0.995226800 -0.006029118 0.097402692 44.639789581 0.004030376 0.999777496 0.020704139 -41.642086029 -0.097505853 -0.020212745 0.995029688 444.401519775
0.995178103 -0.006442016 0.097872399 44.951545715 0.004427354 0.999774098 0.020787826 -41.828826904 -0.097984187 -0.020254277 0.994981825 446.680816650
0.995173872 -0.006293451 0.097924739 45.259387970 0.004336272 0.999786854 0.020186570 -42.017852783 -0.098030895 -0.019664520 0.994989038 448.944488525
0.995205760 -0.005761062 0.097633280 45.573959351 0.003816355 0.999790847 0.020093534 -42.212249756 -0.097728617 -0.019624606 0.995019615 451.208557129
0.995135725 -0.005075065 0.098382726 45.877891541 0.003151609 0.999801040 0.019696301 -42.406425476 -0.098463118 -0.019290425 0.994953632 453.471008301
0.995058715 -0.004520743 0.099185169 46.183773041 0.002576681 0.999802232 0.019719688 -42.589069366 -0.099254705 -0.019366680 0.994873583 455.747985840
0.995033741 -0.004805262 0.099421315 46.489395142 0.002866989 0.999803185 0.019629255 -42.788600922 -0.099496052 -0.019246731 0.994851768 458.007507324
0.995056093 -0.004037395 0.099232309 46.814964294 0.002155281 0.999816000 0.019066626 -42.983726501 -0.099291004 -0.018758489 0.994881749 460.294219971
0.995058000 -0.002997195 0.099250145 47.131816864 0.001068727 0.999809742 0.019477850 -43.175777435 -0.099289641 -0.019275524 0.994871855 462.581451416
0.995063901 -0.002658928 0.099199802 47.442615509 0.000604113 0.999784768 0.020738192 -43.366180420 -0.099233612 -0.020575898 0.994851351 464.852844238
0.995094657 -0.002681096 0.098890357 47.747043610 0.000604187 0.999778748 0.021026110 -43.551002502 -0.098924845 -0.020863220 0.994876146 467.117309570
0.995210409 -0.002626052 0.097722061 48.068431854 0.000702169 0.999805391 0.019716466 -43.737823486 -0.097754821 -0.019553419 0.995018423 469.401489258
0.995310843 -0.002553685 0.096694142 48.395534515 0.000695062 0.999814451 0.019250469 -43.931579590 -0.096725367 -0.019092996 0.995127916 471.698394775
0.995391786 -0.003029064 0.095843531 48.704780579 0.001084495 0.999792635 0.020334570 -44.128982544 -0.095885277 -0.020136928 0.995188653 473.981170654
0.995350540 -0.003181058 0.096265666 48.998577118 0.001216330 0.999789894 0.020461243 -44.320224762 -0.096310548 -0.020249020 0.995145380 476.261840820
0.995476067 -0.002817933 0.094970569 49.305915833 0.000956548 0.999806643 0.019639423 -44.495811462 -0.095007546 -0.019459728 0.995286345 478.547210693
0.995485067 -0.003243647 0.094862588 49.610721588 0.001316329 0.999791622 0.020372463 -44.688346863 -0.094908915 -0.020155614 0.995281875 480.830505371
0.995512187 -0.003626753 0.094563693 49.917091370 0.001651876 0.999779105 0.020954007 -44.877952576 -0.094618797 -0.020703763 0.995298266 483.101806641
0.995498061 -0.004018599 0.094695956 50.208084106 0.002146222 0.999800384 0.019866074 -45.063713074 -0.094756879 -0.019573400 0.995307922 485.386779785
0.995584249 -0.004725160 0.093753450 50.520488739 0.002754255 0.999772727 0.021140482 -45.267383575 -0.093832023 -0.020788914 0.995370984 487.683746338
0.995648384 -0.004870957 0.093061462 50.826484680 0.002946823 0.999779284 0.020802196 -45.449974060 -0.093142226 -0.020437440 0.995443046 489.965637207
0.995679736 -0.004592779 0.092739917 51.127166748 0.002655615 0.999775946 0.021000741 -45.634548187 -0.092815593 -0.020663733 0.995468855 492.258636475
0.995707452 -0.004130571 0.092464238 51.427627563 0.002132576 0.999762237 0.021696696 -45.824821472 -0.092531875 -0.021406371 0.995479703 494.542297363
0.995705962 -0.003860031 0.092491724 51.717662811 0.001889377 0.999769509 0.021384379 -46.013248444 -0.092552945 -0.021117797 0.995483935 496.848571777
0.995745659 -0.003576628 0.092074931 52.029640198 0.001643404 0.999776781 0.021063462 -46.212215424 -0.092129722 -0.020822532 0.995529413 499.168090820
0.995767295 -0.003683981 0.091835640 52.325481415 0.001684632 0.999760091 0.021838972 -46.401378632 -0.091894053 -0.021591831 0.995534658 501.463562012
0.995777190 -0.003579191 0.091733105 52.619384766 0.001552833 0.999753535 0.022151584 -46.593261719 -0.091789767 -0.021915598 0.995537221 503.740875244
0.995790184 -0.002514662 0.091626875 52.916290283 0.000552442 0.999770105 0.021434411 -46.782302856 -0.091659710 -0.021293560 0.995562613 506.030303955
0.995779932 -0.002337597 0.091743767 53.205783844 0.000318415 0.999757528 0.022017395 -46.972557068 -0.091772996 -0.021895267 0.995539188 508.317901611
0.995793164 -0.002872005 0.091584496 53.501899719 0.000926644 0.999773204 0.021276606 -47.165332794 -0.091624849 -0.021102233 0.995570004 510.615936279
0.995842755 -0.003533163 0.091019273 53.810642242 0.001535117 0.999756515 0.022012571 -47.359683990 -0.091074876 -0.021781337 0.995605826 512.913452148
0.995874345 -0.003226211 0.090685390 54.109436035 0.001225649 0.999754846 0.022107504 -47.544445038 -0.090734482 -0.021905148 0.995634198 515.213928223
0.995884717 -0.002397489 0.090597421 54.404056549 0.000401549 0.999756932 0.022042660 -47.733310699 -0.090628237 -0.021915574 0.995643616 517.513732910
0.995848238 -0.001441120 0.091017671 54.691314697 -0.000522677 0.999767661 0.021548472 -47.921836853 -0.091027573 -0.021506585 0.995616078 519.809082031
0.995829344 0.000278038 0.091235094 54.990913391 -0.002296354 0.999754906 0.022017919 -48.121086121 -0.091206618 -0.022135597 0.995585918 522.148864746
0.995699465 0.002390926 0.092611142 55.276710510 -0.004491725 0.999737203 0.022482291 -48.310962677 -0.092533059 -0.022801595 0.995448470 524.466552734
0.995674849 0.003389754 0.092844695 55.581314087 -0.005584522 0.999710798 0.023389537 -48.494987488 -0.092738569 -0.023806866 0.995405793 526.804016113
0.995587766 0.002943111 0.093789011 55.869838715 -0.005161538 0.999712408 0.023419583 -48.683235168 -0.093693107 -0.023800347 0.995316625 529.108459473
0.995526016 0.001205299 0.094479673 56.164813995 -0.003573287 0.999683619 0.024898281 -48.867588043 -0.094419792 -0.025124492 0.995215356 531.418518066
0.995477736 -0.000416856 0.094994560 56.473648071 -0.001917198 0.999698520 0.024477812 -49.049858093 -0.094976097 -0.024549238 0.995176911 533.731079102
0.995449305 -0.000514274 0.095291056 56.782596588 -0.001786349 0.999709010 0.024056237 -49.235305786 -0.095275715 -0.024116989 0.995158732 536.044555664
0.995361686 -0.000750541 0.096200243 57.088600159 -0.001533997 0.999718606 0.023671586 -49.419666290 -0.096190937 -0.023709362 0.995080411 538.361572266
0.995288193 -0.000184115 0.096959792 57.396583557 -0.002064437 0.999731243 0.023089727 -49.609497070 -0.096937984 -0.023181103 0.995020449 540.684326172
0.995205045 0.000508380 0.097809203 57.705608368 -0.002743562 0.999738038 0.022719325 -49.798740387 -0.097772039 -0.022878738 0.994945824 543.006286621
0.995135367 0.000886292 0.098513894 58.026134491 -0.003046276 0.999758184 0.021777431 -49.985275269 -0.098470777 -0.021971587 0.994897306 545.331420898
0.995029807 0.000717653 0.099574775 58.324657440 -0.002960195 0.999745250 0.022375260 -50.175449371 -0.099533379 -0.022558816 0.994778454 547.647705078
0.994943202 0.000914996 0.100435302 58.639656067 -0.003259328 0.999725938 0.023180101 -50.364208221 -0.100386575 -0.023390235 0.994673491 549.960998535
0.994856954 0.000646337 0.101287477 58.943347931 -0.003053796 0.999716461 0.023615321 -50.562885284 -0.101243488 -0.023803178 0.994576871 552.281860352
0.994899869 -0.000802727 0.100865640 59.273090363 -0.001502003 0.999739528 0.022771480 -50.745937347 -0.100857653 -0.022806840 0.994639397 554.593322754
0.994916081 -0.000571029 0.100705743 59.599327087 -0.001758736 0.999732912 0.023044080 -50.932415009 -0.100692004 -0.023104040 0.994649351 556.905700684
0.994862616 -0.000331208 0.101233453 59.917926788 -0.002040901 0.999725759 0.023327593 -51.117538452 -0.101213425 -0.023414358 0.994589090 559.214843750
0.994826674 0.000633191 0.101584822 60.237815857 -0.003110361 0.999701619 0.024228700 -51.301609039 -0.101539165 -0.024419321 0.994531810 561.546813965
0.994829476 -0.000018266 0.101559438 60.568984985 -0.002518931 0.999688029 0.024854077 -51.488235474 -0.101528198 -0.024981394 0.994518936 563.879394531
0.994792223 0.000726978 0.101921350 60.895618439 -0.003353284 0.999666810 0.025599007 -51.671024323 -0.101868764 -0.025807466 0.994463027 566.193542480
0.994738519 0.001817089 0.102429859 61.226127625 -0.004404949 0.999676645 0.025044173 -51.858703613 -0.102351248 -0.025363602 0.994424880 568.519470215
0.994741917 0.002935201 0.102370627 61.565765381 -0.005377700 0.999707222 0.023591554 -52.038135529 -0.102271430 -0.024018029 0.994466543 570.841064453
0.994735718 0.003415243 0.102416247 61.911022186 -0.005882628 0.999699473 0.023799393 -52.226299286 -0.102304175 -0.024276586 0.994456887 573.162353516
0.994726837 0.003398903 0.102503277 62.240016937 -0.005974689 0.999673724 0.024832267 -52.416393280 -0.102385417 -0.025313750 0.994422793 575.539611816
0.994729459 0.003342127 0.102479279 62.578964233 -0.006055096 0.999638975 0.026173694 -52.606872559 -0.102354810 -0.026656270 0.994390726 577.853576660
0.994639575 0.003856803 0.103330567 62.901855469 -0.006419364 0.999679685 0.024478571 -52.791999817 -0.103203066 -0.025010671 0.994345784 580.238891602
0.994701922 0.003133607 0.102752879 63.240451813 -0.005613603 0.999699593 0.023855256 -52.967464447 -0.102647267 -0.024305684 0.994420826 582.577026367
0.994664609 0.003214000 0.103111424 63.571212769 -0.005886339 0.999654293 0.025623184 -53.163921356 -0.102993421 -0.026093425 0.994339705 584.910095215
0.994732797 0.003492243 0.102442190 63.905750275 -0.006151693 0.999651909 0.025656080 -53.344886780 -0.102316931 -0.026151137 0.994408011 587.227111816
0.994671285 0.001096215 0.103091478 64.242477417 -0.003652688 0.999690354 0.024612589 -53.534446716 -0.103032544 -0.024857990 0.994367421 589.586914062
0.994711995 0.000730317 0.102701388 64.583595276 -0.003253641 0.999696970 0.024404153 -53.713386536 -0.102652423 -0.024609260 0.994412959 591.935546875
0.994722128 -0.000878777 0.102601439 64.913772583 -0.001671730 0.999691725 0.024769761 -53.896499634 -0.102591589 -0.024810551 0.994414032 594.271911621
0.994729280 -0.001554148 0.102524541 65.252647400 -0.001003180 0.999689758 0.024887294 -54.082019806 -0.102531396 -0.024858972 0.994419098 596.630676270
