1.000000000 0.000000000 0.000000000 0.000000000 0.000000000 1.000000000 0.000000000 0.000000000 0.000000000 0.000000000 1.000000000 0.000000000
0.999999940 -0.000067958 0.000349444 0.087915264 0.000068028 1.000000000 -0.000200320 -0.226560250 -0.000349431 0.000200344 0.999999940 2.286015987
0.999999404 0.000166355 0.001075687 0.167459905 -0.000166658 0.999999940 0.000281587 -0.464062095 -0.001075640 -0.000281766 0.999999404 4.580011368
0.999998569 -0.000392023 0.001597181 0.266328335 0.000391466 0.999999881 0.000349146 -0.695479155 -0.001597318 -0.000348520 0.999998689 6.867968559
0.999996960 -0.000653294 0.002368057 0.362986714 0.000656691 0.999998689 -0.001434037 -0.928345382 -0.002367117 0.001435588 0.999996185 9.158335686
0.999989033 0.001121428 0.004547752 0.452907294 -0.001121484 0.999999404 0.000009716 -1.165273428 -0.004547738 -0.000014816 0.999989629 11.465488434
0.999972522 0.003003358 0.006777833 0.553778350 -0.003011936 0.999994814 0.001255893 -1.397680283 -0.006774024 -0.001276273 0.999976218 13.744561195
0.999954522 0.002855253 0.009095691 0.660741925 -0.002890502 0.999988437 0.003864543 -1.626699328 -0.009084552 -0.003890659 0.999951124 16.016162872
0.999950349 0.003233185 0.009418809 0.778057575 -0.003283432 0.999980450 0.005324165 -1.858708143 -0.009401407 -0.005354827 0.999941468 18.309412003
0.999929130 0.002310511 0.011675159 0.877690434 -0.002372474 0.999983191 0.005296151 -2.080166340 -0.011662726 -0.005323475 0.999917805 20.606779099
0.999932110 -0.000133431 0.011649122 0.999300838 0.000102006 0.999996364 0.002698117 -2.303624392 -0.011649437 -0.002696745 0.999928534 22.901796341
0.999916494 -0.002362202 0.012696086 1.102843046 0.002355681 0.999997079 0.000528570 -2.521782875 -0.012697297 -0.000498618 0.999919355 25.182632446
0.999923170 -0.003299556 0.011950756 1.245651007 0.003303844 0.999994457 -0.000339030 -2.770206451 -0.011949575 0.000378487 0.999928474 27.492015839
0.999902964 -0.002917623 0.013621938 1.340480566 0.002936923 0.999994695 -0.001397027 -2.996521473 -0.013617790 0.001436898 0.999906242 29.777433395
0.999905944 -0.000773870 0.013694568 1.475991130 0.000754944 0.999998748 0.001387178 -3.231550217 -0.013695624 -0.001376709 0.999905288 32.046527863
0.999903500 0.001253960 0.013834262 1.603713989 -0.001300020 0.999993622 0.003320890 -3.450965643 -0.013830008 -0.003338555 0.999898791 34.327510834
0.999869764 0.003158685 0.015822597 1.710217953 -0.003279476 0.999965608 0.007614003 -3.686753273 -0.015798002 -0.007664902 0.999845743 36.638633728
0.999857306 0.005042372 0.016125167 1.831907511 -0.005158897 0.999960840 0.007192835 -3.905618668 -0.016088268 -0.007274997 0.999844015 38.909713745
0.999819577 0.004221899 0.018527759 1.928815603 -0.004331080 0.999973416 0.005856638 -4.113499165 -0.018502543 -0.005935825 0.999811113 41.211757660
0.999826133 0.001742054 0.018571272 2.055765867 -0.001824907 0.999988496 0.004445356 -4.336252213 -0.018563312 -0.004478474 0.999817669 43.488941193
0.999826968 0.001603405 0.018530311 2.184690475 -0.001678039 0.999990523 0.004012776 -4.566984177 -0.018523701 -0.004043176 0.999820232 45.718620300
0.999820411 0.001104264 0.018915609 2.306835651 -0.001164189 0.999994338 0.003157277 -4.796426773 -0.018912010 -0.003178732 0.999816120 47.985858917
0.999823391 -0.000074614 0.018793613 2.445045948 0.000007643 0.999993622 0.003563529 -5.023900032 -0.018793764 -0.003562756 0.999817014 50.268005371
0.999803960 -0.000539300 0.019788411 2.574529171 0.000463634 0.999992669 0.003828129 -5.245374203 -0.019790325 -0.003818205 0.999796867 52.533882141
0.999797940 -0.001736476 0.020027189 2.710518360 0.001664787 0.999992132 0.003595698 -5.472698212 -0.020033278 -0.003561631 0.999792993 54.815765381
0.999767840 -0.001444275 0.021499624 2.834645033 0.001353917 0.999990165 0.004216698 -5.703158855 -0.021505501 -0.004186610 0.999760091 57.104248047
0.999753118 -0.002930205 0.022021562 2.973928928 0.002821445 0.999983668 0.004968248 -5.928333282 -0.022035761 -0.004904890 0.999745071 59.369995117
0.999709070 -0.004166480 0.023755811 3.099007130 0.004061850 0.999981821 0.004450940 -6.152898788 -0.023773924 -0.004353154 0.999707818 61.638652802
0.999694586 -0.004828268 0.024233585 3.250295639 0.004726268 0.999979675 0.004264547 -6.376155376 -0.024253683 -0.004148711 0.999697208 63.888122559
0.999659181 -0.004201464 0.025765695 3.387086391 0.004077867 0.999979913 0.004847664 -6.596739292 -0.025785545 -0.004740943 0.999656260 66.153907776
0.999641418 -0.003482417 0.026550315 3.536866903 0.003350315 0.999981821 0.005018342 -6.821412086 -0.026567310 -0.004927591 0.999634802 68.406478882
0.999599159 -0.003677900 0.028072214 3.672630310 0.003543324 0.999981999 0.004842153 -7.047285557 -0.028089523 -0.004740744 0.999594092 70.657089233
0.999590218 -0.004605410 0.028253080 3.837457657 0.004511810 0.999984145 0.003375737 -7.269253731 -0.028268181 -0.003246882 0.999595046 72.908065796
0.999572635 -0.005516172 0.028708095 3.992153406 0.005410514 0.999978304 0.003756805 -7.494372368 -0.028728196 -0.003599873 0.999580741 75.181793213
0.999531448 -0.006615165 0.029886443 4.155870438 0.006519963 0.999973357 0.003281756 -7.726330280 -0.029907353 -0.003085359 0.999547958 77.448371887
0.999528706 -0.007603397 0.029739976 4.316242695 0.007515414 0.999967039 0.003069092 -7.952460289 -0.029762335 -0.002844137 0.999552906 79.695556641
0.999499977 -0.008081463 0.030570060 4.464793205 0.008002397 0.999964237 0.002707868 -8.170262337 -0.030590851 -0.002461880 0.999528944 81.953842163
0.999478638 -0.007273680 0.031454973 4.634509563 0.007186131 0.999969900 0.002895449 -8.404003143 -0.031475086 -0.002667900 0.999500990 84.232872009
0.999426246 -0.006975690 0.033144519 4.788986206 0.006874762 0.999971449 0.003158100 -8.619168282 -0.033165608 -0.002928428 0.999445617 86.486732483
0.999435663 -0.006633413 0.032928169 4.963235855 0.006481150 0.999967813 0.004728700 -8.857571602 -0.032958474 -0.004512620 0.999446511 88.767097473
0.999409437 -0.005639725 0.033897229 5.122867584 0.005462102 0.999970853 0.005330397 -9.083676338 -0.033926304 -0.005142100 0.999411106 91.020576477
0.999384820 -0.005562218 0.034630060 5.289323807 0.005383482 0.999971628 0.005252436 -9.304723740 -0.034658298 -0.005062774 0.999386370 93.273040771
0.999375582 -0.005860165 0.034843914 5.459984779 0.005692653 0.999971747 0.004904795 -9.522918701 -0.034871675 -0.004703379 0.999380708 95.526573181
0.999352336 -0.006563552 0.035380442 5.628025055 0.006382736 0.999966025 0.005221144 -9.743098259 -0.035413504 -0.004991938 0.999360204 97.777038574
0.999315560 -0.006471701 0.036420926 5.788300514 0.006305692 0.999969184 0.004671078 -9.971609116 -0.036450043 -0.004438221 0.999325633 100.005943298
0.999265671 -0.006633889 0.037737206 5.953240871 0.006409104 0.999960959 0.006074434 -10.191315651 -0.037776038 -0.005828112 0.999269247 102.240509033
0.999238849 -0.006632329 0.038442943 6.138519287 0.006418054 0.999963164 0.005694597 -10.407139778 -0.038479298 -0.005443534 0.999244630 104.494804382
0.999201000 -0.007750926 0.039208628 6.302472115 0.007503227 0.999950945 0.006460651 -10.630046844 -0.039256789 -0.006161298 0.999210179 106.727371216
0.999163389 -0.009280986 0.039829493 6.484298706 0.009023363 0.999937236 0.006642999 -10.845038414 -0.039888643 -0.006278046 0.999184370 108.974922180
0.999125063 -0.009891891 0.040636376 6.665713787 0.009600751 0.999926865 0.007353388 -11.065549850 -0.040706147 -0.006956815 0.999146879 111.221488953
0.999102592 -0.010330451 0.041074771 6.854281425 0.010088027 0.999930501 0.006104892 -11.287204742 -0.041134980 -0.005685051 0.999137342 113.489341736
0.999060154 -0.010748884 0.041991420 7.036922455 0.010543630 0.999931395 0.005106407 -11.502305031 -0.042043433 -0.004658865 0.999104857 115.730735779
0.999017775 -0.011221784 0.042867258 7.218315601 0.011006195 0.999925613 0.005261924 -11.726051331 -0.042923108 -0.004784950 0.999066949 117.976539612
0.998971343 -0.011477161 0.043869976 7.407365799 0.011226254 0.999919236 0.005961456 -11.942357063 -0.043934856 -0.005462829 0.999019384 120.219367981
0.998960853 -0.012395564 0.043858472 7.613699913 0.012128879 0.999906361 0.006341457 -12.163685799 -0.043932971 -0.005802915 0.999017596 122.420043945
0.998893917 -0.013231891 0.045120507 7.805164337 0.012978269 0.999898255 0.005909348 -12.388836861 -0.045194112 -0.005317226 0.998964071 124.706794739
0.998861313 -0.013684398 0.045706395 7.991485596 0.013458348 0.999895573 0.005249853 -12.616122246 -0.045773473 -0.004628741 0.998941064 126.972671509
0.998844445 -0.015333224 0.045548871 8.182527542 0.015091351 0.999870181 0.005649339 -12.835041046 -0.045629580 -0.004955417 0.998946130 129.223403931
0.998870671 -0.016543269 0.044539206 8.373338699 0.016291283 0.999849200 0.006014700 -13.051410675 -0.044631988 -0.005282307 0.998989463 131.462707520
0.998929977 -0.016839860 0.043073680 8.569971085 0.016543683 0.999837041 0.007223342 -13.269176483 -0.043188300 -0.006503016 0.999045730 133.697509766
0.998971701 -0.018256886 0.041499648 8.749164581 0.018004235 0.999817073 0.006453644 -13.482799530 -0.041609872 -0.005699839 0.999117672 135.932067871
0.999051571 -0.019122997 0.039118376 8.960116386 0.018907310 0.999804020 0.005876242 -13.696401596 -0.039223071 -0.005131045 0.999217331 138.155654907
0.999029994 -0.019509841 0.039475489 9.124511719 0.019269940 0.999793530 0.006448524 -13.923500061 -0.039593142 -0.005681578 0.999199748 140.444625854
0.999015272 -0.019893128 0.039657582 9.294578552 0.019650521 0.999785781 0.006498085 -14.132001877 -0.039778356 -0.005712395 0.999192238 142.678176880
0.999051690 -0.019608725 0.038874146 9.481460571 0.019309169 0.999781013 0.008066407 -14.359395981 -0.039023809 -0.007308130 0.999211490 144.905578613
0.999068439 -0.018728206 0.038877629 9.658311844 0.018473476 0.999805510 0.006901024 -14.573500633 -0.038999308 -0.006176390 0.999220252 147.155746460
0.999095976 -0.017432611 0.038773496 9.838095665 0.017234093 0.999836624 0.005448365 -14.790576935 -0.038862143 -0.004775214 0.999233186 149.393310547
0.999105930 -0.015781285 0.039221477 10.013723373 0.015611382 0.999867380 0.004634375 -15.012317657 -0.039289407 -0.004017930 0.999219894 151.638076782
0.999118328 -0.015054436 0.039191447 10.202052116 0.014880173 0.999878049 0.004734389 -15.232152939 -0.039257940 -0.004147039 0.999220431 153.876708984
0.999105930 -0.014478195 0.039720781 10.380205154 0.014278149 0.999883950 0.005315447 -15.452358246 -0.039793130 -0.004743555 0.999196708 156.130126953
0.999106824 -0.013764082 0.039950959 10.572826385 0.013521649 0.999888539 0.006332124 -15.670614243 -0.040033661 -0.005786265 0.999181628 158.355178833
0.999070227 -0.013132294 0.041064080 10.750810623 0.012836800 0.999889851 0.007451342 -15.890028954 -0.041157406 -0.006917283 0.999128699 160.614654541
0.999049306 -0.012083976 0.041885883 10.934190750 0.011715576 0.999890625 0.009029626 -16.103506088 -0.041990418 -0.008530325 0.999081671 162.851089478
0.999013841 -0.011479238 0.042890057 11.119355202 0.011135616 0.999904037 0.008242019 -16.312240601 -0.042980567 -0.007756286 0.999045789 165.104568481
0.998971283 -0.010763694 0.044051278 11.309471130 0.010455725 0.999919295 0.007215584 -16.526861191 -0.044125386 -0.006747573 0.999003172 167.343780518
0.998885930 -0.008947622 0.046334267 11.491018295 0.008608696 0.999934733 0.007509203 -16.742177963 -0.046398435 -0.007101960 0.998897791 169.573059082
0.998785973 -0.008463723 0.048526648 11.698171616 0.008076900 0.999934077 0.008161857 -16.969448090 -0.048592523 -0.007760006 0.998788536 171.848114014
0.998662353 -0.008643627 0.050977934 11.895611763 0.008258079 0.999935687 0.007768866 -17.178920746 -0.051041815 -0.007337496 0.998669565 174.106048584
0.998593688 -0.008551266 0.052321456 12.106367111 0.008115482 0.999930620 0.008535776 -17.399564743 -0.052390818 -0.008099160 0.998593807 176.347839355
0.998535454 -0.008902021 0.053364825 12.308492661 0.008412507 0.999920487 0.009390592 -17.608516693 -0.053444181 -0.008927906 0.998530924 178.571411133
0.998529375 -0.010981647 0.053089228 12.513331413 0.010511301 0.999903083 0.009130679 -17.829080582 -0.053184353 -0.008559213 0.998548031 180.815917969
0.998486161 -0.011874381 0.053707201 12.709943771 0.011419002 0.999896288 0.008777825 -18.038307190 -0.053805858 -0.008151254 0.998518109 183.062896729
0.998538017 -0.013201758 0.052417424 12.926529884 0.012724798 0.999874592 0.009422583 -18.270366669 -0.052535243 -0.008741808 0.998580754 185.281051636
0.998552024 -0.014742364 0.051734932 13.136987686 0.014225899 0.999845326 0.010337029 -18.483064651 -0.051879328 -0.009586085 0.998607278 187.521087646
0.998560607 -0.015563748 0.051328935 13.339700699 0.015080606 0.999838352 0.009786616 -18.688365936 -0.051472958 -0.008998455 0.998633802 189.762496948
0.998513818 -0.016884897 0.051817294 13.537850380 0.016386261 0.999815524 0.010032723 -18.909563065 -0.051977117 -0.009168722 0.998606205 191.988647461
0.998488843 -0.018501611 0.051746499 13.734291077 0.018018482 0.999789715 0.009787533 -19.121353149 -0.051916700 -0.008840348 0.998612225 194.223419189
0.998507142 -0.017946525 0.051587485 13.937043190 0.017445216 0.999796391 0.010151556 -19.331619263 -0.051759161 -0.009236449 0.998616874 196.457702637
0.998529017 -0.015165388 0.052055787 14.145509720 0.014647333 0.999839604 0.010319045 -19.547798157 -0.052203931 -0.009541390 0.998590887 198.693618774
0.998530030 -0.013321152 0.052539103 14.347887039 0.012806338 0.999866724 0.010123193 -19.761062622 -0.052666947 -0.009435480 0.998567581 200.930221558
0.998502672 -0.012879803 0.053165607 14.559871674 0.012394269 0.999878526 0.009452088 -19.972345352 -0.053280890 -0.008778987 0.998540998 203.191162109
0.998464108 -0.013157831 0.053815790 14.760774612 0.012635652 0.999869764 0.010031871 -20.176074982 -0.053940784 -0.009336467 0.998500526 205.418838501
0.998457730 -0.014457198 0.053601854 14.995839119 0.013926033 0.999850273 0.010269799 -20.394639969 -0.053742304 -0.009507500 0.998509526 207.666839600
0.998400033 -0.013995194 0.054785721 15.202600479 0.013467400 0.999859393 0.009991183 -20.589267731 -0.054917850 -0.009237376 0.998448193 209.910705566
0.998303890 -0.013924106 0.056528050 15.409362793 0.013250724 0.999836862 0.012269785 -20.824567795 -0.056689676 -0.011499937 0.998325527 212.159744263
0.998236835 -0.012430270 0.058040738 15.644806862 0.011720874 0.999852538 0.012546900 -21.029724121 -0.058188148 -0.011844490 0.998235345 214.393020630
0.998055339 -0.011372532 0.061286688 15.856140137 0.010624916 0.999865234 0.012510825 -21.238286972 -0.061420713 -0.011835327 0.998041809 216.681228638
0.997921109 -0.011594989 0.063395575 16.084600449 0.010805625 0.999859929 0.012780126 -21.440652847 -0.063534893 -0.012068529 0.997906625 218.920989990
0.997773468 -0.012995659 0.065416180 16.315334320 0.012147792 0.999837220 0.013342281 -21.640180588 -0.065578915 -0.012517913 0.997768879 221.156250000
0.997670889 -0.014412425 0.066671059 16.551923752 0.013503036 0.999809921 0.014070525 -21.838937759 -0.066861168 -0.013137496 0.997675776 223.383026123
0.997604489 -0.016592113 0.067156419 16.803064346 0.015723826 0.999786079 0.013437353 -22.044452667 -0.067365013 -0.012349207 0.997651935 225.607528687
0.997567713 -0.017716251 0.067413852 17.043256760 0.016868634 0.999771535 0.013121892 -22.241708755 -0.067630902 -0.011952796 0.997638822 227.851242065
0.997521281 -0.017808547 0.068074070 17.280389786 0.016927792 0.999765694 0.013493164 -22.444419861 -0.068298429 -0.012307374 0.997588933 230.082397461
0.997456968 -0.018735684 0.068764500 17.524557114 0.017905984 0.999759495 0.012662484 -22.650163651 -0.068985194 -0.011398985 0.997552693 232.330795288
0.997396350 -0.019735355 0.069361441 17.767004013 0.018830234 0.999729097 0.013679193 -22.847452164 -0.069612622 -0.012337486 0.997497797 234.567993164
0.997398615 -0.019073598 0.069515832 18.049335480 0.018111801 0.999731719 0.014439890 -23.060525894 -0.069772616 -0.013143266 0.997476339 236.837738037
0.997367918 -0.018732306 0.070045225 18.292669296 0.017795201 0.999743938 0.013978756 -23.250495911 -0.070289157 -0.012695493 0.997445881 239.061584473
0.997338176 -0.019151898 0.070353441 18.541761398 0.018169865 0.999728680 0.014572208 -23.454288483 -0.070613436 -0.013255106 0.997415662 241.285232544
0.997277617 -0.019433821 0.071130589 18.787899017 0.018428687 0.999721169 0.014759969 -23.652511597 -0.071397588 -0.013408944 0.997357726 243.532882690
0.997235239 -0.019825611 0.071615048 19.036529541 0.018867271 0.999723494 0.014033739 -23.855854034 -0.071873464 -0.012643759 0.997333586 245.755249023
0.997251272 -0.019621480 0.071448974 19.296352386 0.018695649 0.999732673 0.013603723 -24.060901642 -0.071696788 -0.012230544 0.997351468 247.985916138
0.997225642 -0.020013874 0.071696825 19.552947998 0.019038880 0.999717057 0.014256638 -24.264596939 -0.071961880 -0.012852058 0.997324526 250.225219727
0.997189999 -0.021468304 0.071772233 19.812490463 0.020511819 0.999691010 0.014037366 -24.464242935 -0.072051413 -0.012525742 0.997322202 252.456344604
0.997184873 -0.021630367 0.071794666 20.079198837 0.020608284 0.999675870 0.014946636 -24.668651581 -0.072094701 -0.013424996 0.997307420 254.720733643
0.997136831 -0.022574110 0.072170556 20.320665359 0.021513339 0.999649346 0.015441908 -24.870311737 -0.072493836 -0.013845066 0.997272670 256.941528320
0.997122586 -0.022993404 0.072236583 20.584354401 0.021879103 0.999629676 0.016179428 -25.084064484 -0.072581865 -0.014552401 0.997256219 259.223663330
0.997095048 -0.022529710 0.072759427 20.840902328 0.021446306 0.999647677 0.015637415 -25.278413773 -0.073086098 -0.014031567 0.997226894 261.468444824
0.997071564 -0.022595704 0.073059700 21.103048325 0.021544389 0.999653161 0.015146035 -25.473129272 -0.073376603 -0.013527654 0.997212470 263.722351074
0.997032583 -0.021948809 0.073784903 21.363159180 0.020897722 0.999669194 0.014987346 -25.680749893 -0.074089460 -0.013400936 0.997161508 265.961669922
0.996965647 -0.021296687 0.074873462 21.620954514 0.020238616 0.999684691 0.014861980 -25.871404648 -0.075166374 -0.013301548 0.997082293 268.207885742
0.996835411 -0.020654418 0.076763108 21.870628357 0.019559415 0.999696314 0.014989321 -26.086641312 -0.077049397 -0.013440443 0.996936619 270.462341309
0.996744573 -0.021288918 0.077762716 22.146753311 0.020161822 0.999680340 0.015250567 -26.286174774 -0.078062534 -0.013633083 0.996855199 272.711853027
0.996558607 -0.021768268 0.079982080 22.398923874 0.020539073 0.999658406 0.016159229 -26.482759476 -0.080306508 -0.014460861 0.996665299 274.954895020
0.996432185 -0.021649396 0.081573851 22.679666519 0.020308005 0.999645114 0.017237889 -26.669412613 -0.081918105 -0.015519786 0.996518195 277.201141357
0.996374607 -0.021442622 0.082327589 22.962306976 0.019959543 0.999624133 0.018795403 -26.875843048 -0.082699664 -0.017084040 0.996428192 279.459228516
0.996243954 -0.021241102 0.083944850 23.240200043 0.019639110 0.999609828 0.019863844 -27.070909500 -0.084334031 -0.018140635 0.996272385 281.698028564
0.996225536 -0.020034067 0.084458724 23.529953003 0.018422069 0.999633729 0.019822622 -27.254718781 -0.084824920 -0.018191900 0.996229768 283.965850830
0.996122539 -0.019082703 0.085881010 23.800403595 0.017475583 0.999658525 0.019426476 -27.439800262 -0.086222388 -0.017850332 0.996115983 286.197448730
0.996129394 -0.018160695 0.086002670 24.093324661 0.016685260 0.999701560 0.017843651 -27.617082596 -0.086301044 -0.016339608 0.996135116 288.444519043
0.996057749 -0.018981040 0.086652823 24.368509293 0.017463712 0.999681234 0.018235123 -27.813421249 -0.086971335 -0.016649950 0.996071756 290.671173096
0.996018291 -0.018618209 0.087184764 24.636291504 0.017166918 0.999701798 0.017366484 -28.004062653 -0.087482095 -0.015800642 0.996040702 292.951965332
0.996033728 -0.019126587 0.086895764 24.922637939 0.017754024 0.999705553 0.016541064 -28.192388535 -0.087186567 -0.014932710 0.996080041 295.181610107
0.996027291 -0.019080257 0.086979486 25.205490112 0.017719565 0.999708652 0.016389158 -28.385086060 -0.087266855 -0.014782810 0.996075273 297.417907715
0.996033609 -0.018415444 0.087051660 25.489311218 0.017049130 0.999719977 0.016412972 -28.573127747 -0.087329552 -0.014863716 0.996068597 299.656677246
0.995946169 -0.018190639 0.088092938 25.750682831 0.016717240 0.999708235 0.017434539 -28.772403717 -0.088384382 -0.015891189 0.995959699 301.906341553
0.995945334 -0.018419031 0.088054493 26.039342880 0.016924376 0.999700248 0.017690767 -28.965005875 -0.088353947 -0.016128765 0.995958567 304.155334473
0.995912611 -0.017853636 0.088539042 26.327709198 0.016332677 0.999706864 0.017873298 -29.155643463 -0.088832185 -0.016354166 0.995912313 306.407379150
0.995904207 -0.018757286 0.088447459 26.614925385 0.017230937 0.999689698 0.017989149 -29.354589462 -0.088757448 -0.016391434 0.995918512 308.661102295
0.995854974 -0.019857198 0.088761434 26.902145386 0.018305454 0.999665618 0.018262250 -29.542201996 -0.089094408 -0.016561734 0.995885491 310.916473389
0.995798409 -0.019502403 0.089472003 27.187141418 0.017988438 0.999681592 0.017696433 -29.736383438 -0.089788631 -0.016012618 0.995832086 313.151885986
0.995817363 -0.019107016 0.089345947 27.483922958 0.017520143 0.999675155 0.018511754 -29.932186127 -0.089670628 -0.016868971 0.995828629 315.403228760
0.995765209 -0.017071333 0.090333939 27.770124435 0.015543016 0.999724388 0.017595060 -30.123247147 -0.090609409 -0.016116487 0.995756090 317.643463135
0.995735288 -0.015541207 0.090937972 28.052742004 0.013927506 0.999734581 0.018352907 -30.317251205 -0.091199078 -0.017008098 0.995687425 319.881439209
0.995673478 -0.014118066 0.091843367 28.337106705 0.012535250 0.999763191 0.017787991 -30.506500244 -0.092072733 -0.016559746 0.995614707 322.115325928
0.995633960 -0.014169542 0.092260905 28.626939774 0.012512399 0.999750257 0.018515231 -30.695577621 -0.092500225 -0.017279994 0.995562732 324.346008301
0.995623767 -0.013729711 0.092438139 28.926237106 0.011942708 0.999731481 0.019857390 -30.893753052 -0.092685953 -0.018666526 0.995520353 326.572937012
0.995574892 -0.014361832 0.092866585 29.208513260 0.012581352 0.999726117 0.019729571 -31.085968018 -0.093124494 -0.018473877 0.995482981 328.814270020
0.995569110 -0.015679915 0.092716187 29.511621475 0.013989304 0.999724269 0.018856164 -31.271873474 -0.092986293 -0.017475581 0.995514035 331.042968750
0.995558560 -0.014880999 0.092961989 29.800571442 0.013218983 0.999742031 0.018468760 -31.459857941 -0.093212835 -0.017157868 0.995498359 333.258819580
0.995518148 -0.015077651 0.093360983 30.090042114 0.013271803 0.999713242 0.019933442 -31.650920868 -0.093634769 -0.018605029 0.995432734 335.487976074
0.995547354 -0.015493888 0.092980437 30.396356583 0.013715049 0.999711096 0.019739980 -31.833652496 -0.093259439 -0.018376857 0.995472252 337.722351074
0.995530486 -0.015196216 0.093209930 30.684072495 0.013384135 0.999709666 0.020035295 -32.025390625 -0.093487345 -0.018698212 0.995444894 339.961669922
0.995546341 -0.015172062 0.093044192 30.985054016 0.013389839 0.999715328 0.019749070 -32.215217590 -0.093317345 -0.018415263 0.995466113 342.205444336
0.995546460 -0.015189725 0.093040101 31.279121399 0.013360827 0.999705613 0.020248568 -32.400848389 -0.093320280 -0.018915297 0.995456398 344.450592041
0.995576799 -0.014721300 0.092790253 31.572660446 0.012898577 0.999712467 0.020212714 -32.584140778 -0.093061127 -0.018926447 0.995480478 346.683013916
0.995588362 -0.014548579 0.092694007 31.865036011 0.012735710 0.999716341 0.020119214 -32.769527435 -0.092960432 -0.018849930 0.995491326 348.921875000
0.995544314 -0.013933693 0.093259864 32.156654358 0.012061512 0.999714792 0.020608524 -32.959785461 -0.093520410 -0.019391842 0.995428503 351.165069580
0.995596826 -0.014077306 0.092676736 32.459838867 0.012205061 0.999710381 0.020737806 -33.142162323 -0.092941828 -0.019515365 0.995480299 353.387725830
0.995633185 -0.013997269 0.092296585 32.757164001 0.012179945 0.999721229 0.020224029 -33.329254150 -0.092553951 -0.019011548 0.995526135 355.634643555
0.995648921 -0.013902771 0.092141151 33.050514221 0.012064074 0.999717414 0.020482277 -33.512943268 -0.092399865 -0.019281564 0.995535254 357.873657227
0.995732725 -0.013328349 0.091316566 33.354469299 0.011410800 0.999703944 0.021488940 -33.702564240 -0.091575943 -0.020355249 0.995590031 360.107910156
0.995760620 -0.013204233 0.091028914 33.650779724 0.011270771 0.999700487 0.021721529 -33.891548157 -0.091288477 -0.020603476 0.995611310 362.349731445
0.995810330 -0.013048112 0.090506777 33.949748993 0.011083504 0.999692798 0.022175472 -34.075038910 -0.090768285 -0.021079436 0.995648861 364.588500977
0.995870531 -0.012926703 0.089859530 34.249767303 0.011026402 0.999705613 0.021611830 -34.261146545 -0.090112440 -0.020531762 0.995719850 366.848663330
0.995887756 -0.013516065 0.089581981 34.536590576 0.011630081 0.999700308 0.021541782 -34.447349548 -0.089846276 -0.020411346 0.995746493 369.090545654
0.995877147 -0.013181660 0.089749619 34.821567535 0.011375690 0.999723017 0.020604189 -34.625190735 -0.089996330 -0.019498277 0.995751202 371.351165771
0.995946586 -0.013691168 0.088898458 35.116275787 0.011891105 0.999714077 0.020746654 -34.815319061 -0.089157097 -0.019605462 0.995824575 373.596130371
0.996071756 -0.013660918 0.087489955 35.420425415 0.011853462 0.999706089 0.021145364 -34.996128082 -0.087753102 -0.020025240 0.995940924 375.840270996
0.995955229 -0.013254701 0.088867895 35.690299988 0.011368426 0.999699950 0.021698274 -35.180953979 -0.089128830 -0.020600224 0.995807052 378.082580566
0.995959222 -0.013887430 0.088724986 35.979515076 0.011980662 0.999686480 0.021987276 -35.368438721 -0.089002520 -0.020835452 0.995813429 380.319854736
0.995973587 -0.013845832 0.088571623 36.273139954 0.011925336 0.999683082 0.022175534 -35.550388336 -0.088850580 -0.021030001 0.995822906 382.571807861
0.995970726 -0.013040225 0.088725455 36.563732147 0.011095790 0.999688089 0.022373229 -35.733814240 -0.088989548 -0.021298602 0.995804787 384.823242188
0.995959282 -0.011798877 0.089027755 36.845771790 0.009839006 0.999700129 0.022421015 -35.910228729 -0.089265600 -0.021454468 0.995776892 387.064392090
0.995981157 -0.010576139 0.088935904 37.143737793 0.008607239 0.999709964 0.022492858 -36.101943970 -0.089147978 -0.021636972 0.995783269 389.334655762
0.995961070 -0.009444752 0.089286983 37.427963257 0.007476228 0.999722123 0.022355940 -36.284549713 -0.089473322 -0.021598117 0.995755017 391.608978271
0.995980620 -0.008258512 0.089186713 37.724052429 0.006163090 0.999699056 0.023744656 -36.466922760 -0.089355975 -0.023099553 0.995731831 393.868560791
0.995902121 -0.006982797 0.090167463 38.002323151 0.004823855 0.999696910 0.024139453 -36.647506714 -0.090308689 -0.023605581 0.995633960 396.127349854
0.995835721 -0.006604954 0.090926580 38.290637970 0.004559548 0.999732256 0.022684511 -36.836349487 -0.091052070 -0.022175461 0.995599210 398.391021729
0.995747089 -0.006065102 0.091929182 38.578861237 0.004048305 0.999747276 0.022109216 -37.019691467 -0.092040055 -0.021643030 0.995520055 400.653381348
0.995680630 -0.007734676 0.092521310 38.863269806 0.005610219 0.999715090 0.023199899 -37.202594757 -0.092674397 -0.022580629 0.995440304 402.923583984
0.995623469 -0.009322825 0.092989497 39.161907196 0.007090328 0.999679327 0.024309622 -37.385509491 -0.093186304 -0.023543904 0.995370269 405.172424316
0.995599687 -0.010165161 0.093155317 39.450641632 0.007930211 0.999672532 0.024330514 -37.563800812 -0.093372136 -0.023484707 0.995354235 407.425445557
0.995571971 -0.010026615 0.093466312 39.756500244 0.007924807 0.999707937 0.022831416 -37.739280701 -0.093667954 -0.021989619 0.995360553 409.690551758
0.995495558 -0.008225260 0.094450712 40.068950653 0.006021402 0.999703407 0.023594772 -37.935531616 -0.094616778 -0.022919763 0.995249867 411.940582275
0.995417655 -0.006855973 0.095376186 40.364948273 0.004647991 0.999716461 0.023353163 -38.115692139 -0.095509246 -0.022802841 0.995167315 414.184265137
0.995334566 -0.005532977 0.096324906 40.674102783 0.003290220 0.999720097 0.023426546 -38.295509338 -0.096427567 -0.023000322 0.995074213 416.458068848
0.995257676 -0.005553120 0.097115152 40.981349945 0.003314182 0.999725342 0.023200609 -38.477081299 -0.097217292 -0.022768725 0.995002806 418.711120605
0.995146096 -0.005199478 0.098270997 41.281150818 0.002931007 0.999726176 0.023214106 -38.654174805 -0.098364808 -0.022813391 0.994888902 420.963165283
0.995069325 -0.005470413 0.099030308 41.583667755 0.003203229 0.999729395 0.023038385 -38.839595795 -0.099129550 -0.022607574 0.994817615 423.217834473
0.995020330 -0.006105773 0.099486195 41.897701263 0.003716429 0.999700606 0.024184508 -39.021293640 -0.099604063 -0.023694335 0.994745135 425.487487793
0.994947493 -0.005204190 0.100261375 42.202117920 0.002731685 0.999689162 0.024782099 -39.201255798 -0.100359201 -0.024383003 0.994652450 427.735748291
0.994877040 -0.004378287 0.100998133 42.519393921 0.001812906 0.999673784 0.025478099 -39.379016876 -0.101076744 -0.025164476 0.994560242 430.010437012
0.994862616 -0.005012645 0.101110324 42.832931519 0.002415373 0.999664366 0.025793601 -39.566959381 -0.101205684 -0.025416866 0.994540811 432.285278320
0.994798601 -0.005736937 0.101699807 43.148410797 0.003181308 0.999675512 0.025273552 -39.752132416 -0.101811789 -0.024818553 0.994493961 434.545532227
0.994781852 -0.004711417 0.101915754 43.467746735 0.002123023 0.999672711 0.025490964 -39.917850494 -0.102002501 -0.025141586 0.994466364 436.809997559
0.994725764 -0.005144354 0.102441154 43.784801483 0.002514008 0.999664247 0.025789225 -40.096370697 -0.102539428 -0.025395669 0.994404733 439.093261719
0.994798958 -0.005246875 0.101723149 44.117130280 0.002614690 0.999658763 0.025992056 -40.271488190 -0.101824813 -0.025590897 0.994473159 441.369171143
0.994747818 -0.004883738 0.102239780 44.441669464 0.002100491 0.999624729 0.027312730 -40.470649719 -0.102334805 -0.026954515 0.994384885 443.639160156
0.994725585 -0.005343167 0.102432489 44.768630981 0.002538731 0.999618888 0.027489228 -40.643497467 -0.102540329 -0.027084194 0.994360030 445.915557861
0.994726002 -0.005082407 0.102443017 45.090202332 0.002339001 0.999635816 0.026882188 -40.817756653 -0.102542341 -0.026500793 0.994375587 448.181304932
0.994726002 -0.004620540 0.102463841 45.412681580 0.001894632 0.999642074 0.026684994 -40.996864319 -0.102550462 -0.026350128 0.994378686 450.442932129
0.994687915 -0.004017449 0.102858461 45.733512878 0.001308727 0.999650896 0.026388416 -41.177593231 -0.102928557 -0.026113624 0.994345903 452.706481934
0.994602859 -0.003307770 0.103702001 46.049015045 0.000574959 0.999652028 0.026371373 -41.344154358 -0.103753142 -0.026169416 0.994258761 454.983062744
0.994575500 -0.003421168 0.103961177 46.364830017 0.000707204 0.999658227 0.026131200 -41.527046204 -0.104015060 -0.025915928 0.994237959 457.245178223
0.994592428 -0.002817596 0.103815749 46.695388794 0.000154192 0.999670863 0.025654197 -41.708656311 -0.103853859 -0.025499465 0.994265616 459.525482178
0.994576037 -0.001521390 0.104001947 47.017436981 -0.001190777 0.999660969 0.026010977 -41.883182526 -0.104006276 -0.025993735 0.994236887 461.807189941
0.994570196 -0.001151111 0.104061313 47.336830139 -0.001692950 0.999627531 0.027238173 -42.058433533 -0.104053885 -0.027266448 0.994197786 464.078094482
0.994613707 -0.001362971 0.103643492 47.652976990 -0.001509304 0.999617100 0.027629552 -42.230339050 -0.103641473 -0.027637161 0.994230688 466.341796875
0.994707227 -0.001494852 0.102739178 47.981025696 -0.001246358 0.999645054 0.026611879 -42.405303955 -0.102742486 -0.026599081 0.994352221 468.625579834
0.994821310 -0.001796850 0.101622969 48.319881439 -0.000862170 0.999658525 0.026115570 -42.585308075 -0.101635188 -0.026067942 0.994480133 470.928558350
0.994929373 -0.002479260 0.100545719 48.643627167 -0.000272006 0.999626160 0.027340384 -42.770080566 -0.100575924 -0.027229104 0.994556725 473.209472656
0.994911730 -0.002669638 0.100715593 48.952289581 -0.000116799 0.999617696 0.027650354 -42.947013855 -0.100750916 -0.027521424 0.994530916 475.488494873
0.994956136 -0.002107411 0.100288883 49.255157471 -0.000563597 0.999646068 0.026597353 -43.097190857 -0.100309446 -0.026519723 0.994602740 477.772949219
0.994988084 -0.002225520 0.099968724 49.574321747 -0.000492116 0.999631107 0.027151985 -43.272705078 -0.099992298 -0.027065096 0.994620025 480.054382324
0.995045245 -0.002569222 0.099389769 49.898536682 -0.000177862 0.999618471 0.027620776 -43.445934296 -0.099422812 -0.027501598 0.994665146 482.327239990
0.995031893 -0.002929760 0.099513419 50.202926636 0.000266475 0.999641657 0.026765823 -43.618534088 -0.099556170 -0.026606329 0.994676113 484.614105225
0.995133281 -0.004268501 0.098445751 50.520107269 0.001546560 0.999614835 0.027708901 -43.804836273 -0.098526090 -0.027421804 0.994756579 486.915283203
0.995229483 -0.004592582 0.097453758 50.838790894 0.001870163 0.999605954 0.028008478 -43.977207184 -0.097543970 -0.027692605 0.994845927 489.195556641
0.995147645 -0.004490464 0.098290436 51.101005554 0.001720683 0.999599516 0.028246213 -44.159996033 -0.098377906 -0.027940026 0.994756818 491.446777344
0.995202839 -0.003928407 0.097753912 51.419586182 0.001136085 0.999590158 0.028604092 -44.330257416 -0.097826228 -0.028355816 0.994799435 493.729736328
0.995197654 -0.003674722 0.097816512 51.719425201 0.000908894 0.999598920 0.028305234 -44.502582550 -0.097881280 -0.028080400 0.994801879 496.028045654
0.995225191 -0.003363692 0.097546175 52.041835785 0.000656652 0.999614120 0.027770195 -44.681514740 -0.097601943 -0.027573550 0.994843483 498.347351074
0.995271802 -0.003516890 0.097065076 52.353302002 0.000738429 0.999589324 0.028645823 -44.855701447 -0.097125955 -0.028438706 0.994865716 500.638244629
0.995269716 -0.003074014 0.097101502 52.659564972 0.000259841 0.999579906 0.028981123 -45.032897949 -0.097149812 -0.028818799 0.994852424 502.918212891
0.995312810 -0.002219019 0.096682109 52.974609375 -0.000524767 0.999598086 0.028344786 -45.205940247 -0.096706152 -0.028262665 0.994911611 505.200683594
0.995309591 -0.002108254 0.096718036 53.280548096 -0.000713293 0.999575377 0.029129077 -45.380500793 -0.096738346 -0.029061439 0.994885623 507.490417480
0.995331883 -0.002673230 0.096474193 53.592124939 -0.000042663 0.999604166 0.028138451 -45.554626465 -0.096511237 -0.028011220 0.994937599 509.786865234
0.995388269 -0.003651404 0.095858410 53.912349701 0.000869070 0.999577641 0.029051177 -45.735301971 -0.095924005 -0.028833894 0.994970977 512.084716797
0.995388627 -0.003454910 0.095861346 54.221939087 0.000651597 0.999571562 0.029259322 -45.905208588 -0.095921360 -0.029061934 0.994964719 514.385192871
0.995394230 -0.002647293 0.095829830 54.529602051 -0.000146613 0.999575436 0.029136090 -46.078346252 -0.095866285 -0.029015942 0.994971156 516.688720703
0.995385528 -0.001802546 0.095940411 54.830867767 -0.000981968 0.999579787 0.028968260 -46.253559113 -0.095952317 -0.028928792 0.994965494 518.980102539
0.995331287 0.000082459 0.096517220 55.133815765 -0.002895168 0.999575078 0.029002359 -46.430511475 -0.096473843 -0.029146390 0.994908631 521.318359375
0.995168269 0.002344841 0.098155834 55.426261902 -0.005244887 0.999556959 0.029297736 -46.602176666 -0.098043635 -0.029670993 0.994739652 523.641113281
0.995144367 0.003241628 0.098372802 55.745765686 -0.006243651 0.999523640 0.030224305 -46.767421722 -0.098227963 -0.030691752 0.994690537 525.972229004
0.995077372 0.002843543 0.099060178 56.055706024 -0.005869146 0.999524653 0.030265076 -46.938919067 -0.098927021 -0.030697491 0.994621217 528.277709961
0.995020628 0.001063644 0.099663578 56.361541748 -0.004233058 0.999491811 0.031595062 -47.105148315 -0.099579319 -0.031859614 0.994519472 530.585876465
0.994969070 -0.000597585 0.100180864 56.685554504 -0.002546182 0.999508381 0.031250115 -47.271564484 -0.100150287 -0.031347986 0.994478345 532.900939941
0.994958341 -0.000752964 0.100285493 57.009658813 -0.002340850 0.999525011 0.030728821 -47.439487457 -0.100261018 -0.030808652 0.994484067 535.213012695
0.994873405 -0.001117128 0.101122111 57.327915192 -0.001973409 0.999534130 0.030457232 -47.608604431 -0.101109013 -0.030500647 0.994407713 537.527770996
0.994786739 -0.000522851 0.101975769 57.643932343 -0.002535027 0.999551058 0.029854415 -47.780559540 -0.101945594 -0.029957283 0.994338810 539.842651367
0.994688213 0.000127588 0.102933697 57.965278625 -0.003196356 0.999555290 0.029648665 -47.955635071 -0.102884136 -0.029820187 0.994246244 542.157958984
0.994470954 -0.000068293 0.105011195 58.237998962 -0.003003557 0.999572158 0.029094175 -48.136272430 -0.104968227 -0.029248720 0.994045377 544.469787598
0.994303524 0.000141195 0.106585078 58.544200897 -0.003352923 0.999545693 0.029954402 -48.306770325 -0.106532432 -0.030141138 0.993852258 546.774597168
0.994265199 0.000170041 0.106942669 58.881076813 -0.003472290 0.999522805 0.030693239 -48.478500366 -0.106886417 -0.030888552 0.993791342 549.096984863
0.994199038 0.000030213 0.107555822 59.210800171 -0.003390380 0.999511838 0.031058419 -48.649826050 -0.107502364 -0.031242901 0.993713796 551.402404785
0.994264781 -0.000884386 0.106942408 59.558444977 -0.002319459 0.999552310 0.029830506 -48.814125061 -0.106920905 -0.029907472 0.993817627 553.712158203
0.994262993 -0.000948707 0.106958717 59.897071838 -0.002314599 0.999535680 0.030381698 -48.986934662 -0.106937885 -0.030454960 0.993799090 556.023437500
0.994182229 -0.000830699 0.107707933 60.227664948 -0.002506653 0.999521017 0.030846119 -49.156394958 -0.107681930 -0.030936649 0.993703961 558.332214355
0.994157672 -0.000532195 0.107936345 60.566104889 -0.002940066 0.999483287 0.032007832 -49.327499390 -0.107897609 -0.032138176 0.993642390 560.664245605
0.994145274 -0.001538910 0.108040534 60.910999298 -0.002014939 0.999460757 0.032776799 -49.499214172 -0.108032703 -0.032802589 0.993606031 562.994506836
0.994082153 -0.000958185 0.108626507 61.250762939 -0.002726810 0.999425888 0.033769924 -49.668991089 -0.108596489 -0.033866283 0.993508875 565.313110352
0.994028866 -0.000044505 0.109117448 61.597400665 -0.003565811 0.999452710 0.032891154 -49.834514618 -0.109059192 -0.033083845 0.993484557 567.633361816
0.994058609 0.001097103 0.108840436 61.956516266 -0.004548899 0.999494314 0.031471062 -49.994781494 -0.108750865 -0.031779181 0.993560851 569.959960938
0.994034588 0.001628496 0.109052904 62.314670563 -0.005143044 0.999476075 0.031954400 -50.166267395 -0.108943738 -0.032324642 0.993522167 572.280395508
0.994027257 0.001605625 0.109120466 62.663215637 -0.005217842 0.999447405 0.032825548 -50.337989807 -0.109007478 -0.033198863 0.993486345 574.647216797
0.994031787 0.001541567 0.109079778 63.017284393 -0.005312193 0.999397993 0.034285460 -50.510005951 -0.108961269 -0.034660280 0.993441522 576.958251953
0.993939161 0.001761252 0.109917656 63.355648041 -0.005419588 0.999440849 0.032992631 -50.677566528 -0.109798104 -0.033388376 0.993392885 579.323974609
0.993971944 0.000501820 0.109633386 63.709156036 -0.004134241 0.999449790 0.032907639 -50.840206146 -0.109556556 -0.033162523 0.993427217 581.660156250
0.993973970 -0.000073647 0.109615810 64.058761597 -0.003618721 0.999432623 0.033485319 -51.007759094 -0.109556094 -0.033680201 0.993409872 583.988708496
0.993989706 -0.000265307 0.109472618 64.423088074 -0.003459598 0.999421477 0.033834584 -51.178627014 -0.109418243 -0.034009956 0.993413746 586.372253418
0.993978024 -0.001376218 0.109571807 64.773056030 -0.002227973 0.999460638 0.032764185 -51.339439392 -0.109557815 -0.032811016 0.993438721 588.712890625
0.993989527 -0.002029442 0.109456047 65.121856689 -0.001563736 0.999462962 0.032731753 -51.502769470 -0.109463699 -0.032706179 0.993452549 591.044860840
0.993974328 -0.003499632 0.109557129 65.471542358 -0.000165092 0.999441266 0.033423405 -51.682163239 -0.109612890 -0.033240102 0.993418396 593.413574219
0.994008720 -0.003952249 0.109229110 65.830543518 0.000275921 0.999433577 0.033651669 -51.848075867 -0.109300256 -0.033419911 0.993446827 595.770874023
