1.000000000 0.000000000 0.000000000 0.000000000 0.000000000 1.000000000 0.000000000 0.000000000 0.000000000 0.000000000 1.000000000 0.000000000
0.999999881 0.000118992 0.000512220 0.087937042 -0.000118889 1.000000000 -0.000200954 -0.225220129 -0.000512244 0.000200893 0.999999821 2.297373295
0.999999106 0.000508267 0.001208485 0.165654689 -0.000508804 0.999999762 0.000444422 -0.465067804 -0.001208259 -0.000445037 0.999999166 4.591146469
0.999998569 0.000138851 0.001701655 0.263483882 -0.000139883 0.999999821 0.000606054 -0.695918798 -0.001701570 -0.000606291 0.999998391 6.881891727
0.999996424 0.000183965 0.002638094 0.356343836 -0.000181139 0.999999404 -0.001071386 -0.928960502 -0.002638289 0.001070905 0.999995887 9.180949211
0.999986768 0.001929296 0.004768447 0.447309136 -0.001930731 0.999998152 0.000296287 -1.164689064 -0.004767867 -0.000305489 0.999988616 11.485693932
0.999961734 0.004137756 0.007709011 0.528588891 -0.004150763 0.999989986 0.001671964 -1.397703886 -0.007702017 -0.001703898 0.999968886 13.805907249
0.999941647 0.004011374 0.010036382 0.637110591 -0.004054719 0.999982476 0.004302062 -1.625966311 -0.010018951 -0.004342505 0.999940395 16.078159332
0.999939740 0.003663947 0.010350795 0.761958361 -0.003715132 0.999980927 0.004930262 -1.849666119 -0.010332533 -0.004968419 0.999934256 18.419185638
0.999931157 0.002811600 0.011391700 0.885342598 -0.002870579 0.999982536 0.005164382 -2.074597836 -0.011376983 -0.005196727 0.999921739 20.709375381
0.999927521 0.000435636 0.012042259 0.996972919 -0.000472193 0.999995291 0.003033032 -2.306325197 -0.012040885 -0.003038498 0.999922872 23.021963120
0.999915242 -0.001834231 0.012886308 1.105229855 0.001821942 0.999997854 0.000965348 -2.525906086 -0.012888051 -0.000941788 0.999916494 25.303661346
0.999915302 -0.002473065 0.012775942 1.238735676 0.002470862 0.999996841 0.000188170 -2.769527435 -0.012776367 -0.000156586 0.999918342 27.612524033
0.999903500 -0.002140271 0.013718970 1.345643163 0.002151258 0.999997318 -0.000786109 -2.995424747 -0.013717251 0.000815547 0.999905527 29.899944305
0.999895930 0.000266376 0.014424760 1.466927290 -0.000297861 0.999997556 0.002180657 -3.232282877 -0.014424143 -0.002184727 0.999893606 32.195957184
0.999895751 0.002266248 0.014261053 1.599871874 -0.002329489 0.999987483 0.004419507 -3.452854156 -0.014250859 -0.004452268 0.999888539 34.478336334
0.999865770 0.004491924 0.015755543 1.716152668 -0.004624349 0.999954164 0.008378591 -3.683319569 -0.015717186 -0.008450326 0.999840796 36.790481567
0.999842823 0.006343451 0.016551238 1.830932856 -0.006470566 0.999949872 0.007637888 -3.898837566 -0.016501961 -0.007743785 0.999833822 39.063735962
0.999811232 0.005604088 0.018602056 1.932145834 -0.005717841 0.999965250 0.006067539 -4.101561546 -0.018567408 -0.006172756 0.999808550 41.360691071
0.999812901 0.003164920 0.019082114 2.053153753 -0.003263738 0.999981403 0.005149629 -4.327143669 -0.019065462 -0.005210945 0.999804676 43.637977600
0.999816179 0.002991335 0.018938022 2.190040827 -0.003064054 0.999988019 0.003812020 -4.548772812 -0.018926391 -0.003869346 0.999813378 45.875507355
0.999815881 0.002158350 0.019067459 2.315819263 -0.002216920 0.999992907 0.003051098 -4.780324459 -0.019060738 -0.003092807 0.999813557 48.148155212
0.999813139 0.001007600 0.019305749 2.450398684 -0.001072669 0.999993801 0.003360408 -5.007543564 -0.019302245 -0.003380489 0.999807894 50.426677704
0.999797165 0.000290305 0.020138536 2.580997705 -0.000365403 0.999992967 0.003725517 -5.231389523 -0.020137314 -0.003732120 0.999790251 52.690868378
0.999792457 -0.000922229 0.020351019 2.717519522 0.000847856 0.999992788 0.003662830 -5.460386753 -0.020354254 -0.003644815 0.999786198 54.972358704
0.999762297 -0.001296489 0.021764008 2.841619492 0.001207229 0.999990821 0.004113919 -5.691078186 -0.021769138 -0.004086667 0.999754667 57.262264252
0.999739885 -0.002521933 0.022666490 2.977015734 0.002414740 0.999985695 0.004755272 -5.915661335 -0.022678157 -0.004699302 0.999731719 59.527885437
0.999701560 -0.004107447 0.024079977 3.106542110 0.004008038 0.999983251 0.004175059 -6.140180111 -0.024096724 -0.004077299 0.999701321 61.796764374
0.999692202 -0.004776333 0.024350906 3.259854317 0.004683163 0.999981523 0.003881710 -6.363304138 -0.024369003 -0.003766475 0.999695957 64.049728394
0.999659657 -0.004210332 0.025744708 3.398846388 0.004094457 0.999981284 0.004551978 -6.586806774 -0.025763391 -0.004445020 0.999658167 66.323173523
0.999642253 -0.003249469 0.026548576 3.549757481 0.003119614 0.999982953 0.004931198 -6.814475536 -0.026564144 -0.004846613 0.999635339 68.587371826
0.999603391 -0.003454715 0.027945496 3.687258244 0.003327775 0.999983966 0.004587662 -7.038711071 -0.027960896 -0.004492847 0.999598861 70.839920044
0.999590039 -0.004223220 0.028315654 3.847013950 0.004133360 0.999986172 0.003231297 -7.262335777 -0.028328910 -0.003112933 0.999593794 73.095916748
0.999576449 -0.005129900 0.028645737 4.005341530 0.005023854 0.999980271 0.003772717 -7.491899490 -0.028664526 -0.003627206 0.999582469 75.379730225
0.999525845 -0.006420996 0.030114038 4.160925865 0.006323638 0.999974489 0.003327070 -7.722895622 -0.030134631 -0.003135062 0.999540985 77.644241333
0.999532402 -0.007257073 0.029702749 4.323851585 0.007171335 0.999969780 0.002992037 -7.954006195 -0.029723566 -0.002777629 0.999554217 79.898063660
0.999502897 -0.007753764 0.030558757 4.472180843 0.007673547 0.999966800 0.002741423 -8.172423363 -0.030578999 -0.002505566 0.999529183 82.152732849
0.999480128 -0.006908136 0.031491913 4.636317730 0.006820438 0.999972582 0.002891378 -8.408228874 -0.031511031 -0.002675087 0.999499798 84.430580139
0.999425113 -0.006579033 0.033257119 4.791092873 0.006474562 0.999973774 0.003248042 -8.625497818 -0.033277620 -0.003030850 0.999441564 86.685272217
0.999422014 -0.006460200 0.033375945 4.958204269 0.006304183 0.999968708 0.004777635 -8.862010956 -0.033405766 -0.004564466 0.999431431 88.968193054
0.999386847 -0.005494168 0.034578979 5.115384102 0.005300042 0.999969661 0.005703145 -9.092088699 -0.034609258 -0.005516377 0.999385715 91.224693298
0.999355257 -0.005413526 0.035492133 5.281821728 0.005220159 0.999971032 0.005538554 -9.311868668 -0.035521090 -0.005349709 0.999354601 93.478378296
0.999340892 -0.005710329 0.035849076 5.452591896 0.005540875 0.999972999 0.004824426 -9.526948929 -0.035875652 -0.004622610 0.999345660 95.735420227
0.999309123 -0.006156864 0.036651857 5.618945122 0.005967068 0.999968171 0.005285444 -9.749387741 -0.036683235 -0.005063088 0.999314129 97.990180969
0.999274671 -0.006072937 0.037596922 5.782290459 0.005896187 0.999971032 0.004810297 -9.980028152 -0.037625045 -0.004585128 0.999281347 100.233406067
0.999232948 -0.006361098 0.038642716 5.952379227 0.006138687 0.999963939 0.005871519 -10.196619034 -0.038678676 -0.005629800 0.999235868 102.481460571
0.999208927 -0.006583056 0.039219074 6.140218258 0.006366294 0.999963820 0.005649288 -10.414431572 -0.039254844 -0.005395139 0.999214709 104.733375549
0.999172449 -0.007101014 0.040050071 6.300933838 0.006848272 0.999955714 0.006444339 -10.642179489 -0.040094059 -0.006164733 0.999176860 106.997695923
0.999143004 -0.008514566 0.040504765 6.484365940 0.008255852 0.999944568 0.006550205 -10.857852936 -0.040558290 -0.006210191 0.999157846 109.246520996
0.999103189 -0.009588270 0.041241333 6.666123390 0.009289919 0.999929309 0.007419897 -11.083052635 -0.041309565 -0.007030114 0.999121606 111.502723694
0.999081910 -0.010349440 0.041569836 6.857430935 0.010106119 0.999930561 0.006059228 -11.302548409 -0.041629661 -0.005633555 0.999117374 113.770919800
0.999035716 -0.010611610 0.042602621 7.039250851 0.010397796 0.999932230 0.005237215 -11.521496773 -0.042655300 -0.004789191 0.999078393 116.024894714
0.998997450 -0.010823353 0.043437384 7.219882011 0.010584790 0.999927640 0.005718342 -11.748337746 -0.043496128 -0.005252833 0.999039769 118.272956848
0.998949468 -0.011292717 0.044411533 7.411298752 0.011019365 0.999918759 0.006394988 -11.971687317 -0.044480138 -0.005898883 0.998992860 120.545326233
0.998941064 -0.012134587 0.044379476 7.617296219 0.011823059 0.999903619 0.007275428 -12.198022842 -0.044463485 -0.006743023 0.998988211 122.750656128
0.998873472 -0.013138390 0.045598503 7.813920021 0.012848355 0.999895334 0.006647908 -12.419702530 -0.045681074 -0.006054553 0.998937726 125.062225342
0.998842239 -0.014066193 0.046003334 8.002269745 0.013817666 0.999888182 0.005715927 -12.637544632 -0.046078585 -0.005073652 0.998924911 127.314094543
0.998826802 -0.015446791 0.045896228 8.193447113 0.015178623 0.999865592 0.006185714 -12.856685638 -0.045985613 -0.005481814 0.998927057 129.580429077
0.998847783 -0.016594466 0.045030162 8.382738113 0.016318651 0.999845803 0.006485831 -13.072340012 -0.045130853 -0.005743526 0.998964489 131.829696655
0.998902142 -0.016845383 0.043712743 8.578422546 0.016521685 0.999833345 0.007755873 -13.289793968 -0.043836117 -0.007025150 0.999013960 134.067825317
0.998946130 -0.017774193 0.042315468 8.760774612 0.017468456 0.999818563 0.007584012 -13.512308121 -0.042442594 -0.006836833 0.999075532 136.320434570
0.999023795 -0.018694103 0.040024895 8.974132538 0.018428845 0.999805748 0.006986151 -13.722389221 -0.040147729 -0.006241719 0.999174297 138.546478271
0.999010444 -0.019146325 0.040143631 9.138345718 0.018860362 0.999794066 0.007490058 -13.948860168 -0.040278770 -0.006725523 0.999165833 140.827301025
0.999000430 -0.019503165 0.040222902 9.309864044 0.019215260 0.999786913 0.007532055 -14.154824257 -0.040361229 -0.006751634 0.999162316 143.061691284
0.999041378 -0.019661708 0.039111156 9.499229431 0.019324075 0.999772847 0.008992058 -14.383675575 -0.039279062 -0.008227651 0.999194384 145.294509888
0.999054670 -0.018648321 0.039268866 9.674158096 0.018345870 0.999799311 0.008048423 -14.597198486 -0.039411087 -0.007320393 0.999196231 147.547760010
0.999078989 -0.017542884 0.039158866 9.852033615 0.017300984 0.999829173 0.006507788 -14.809844017 -0.039266348 -0.005824307 0.999211788 149.785079956
0.999091983 -0.015796738 0.039568953 10.028091431 0.015586293 0.999862671 0.005621248 -15.029193878 -0.039652321 -0.004999410 0.999201059 152.037887573
0.999098003 -0.015015876 0.039720882 10.213771820 0.014801308 0.999874175 0.005690474 -15.246490479 -0.039801326 -0.005097419 0.999194622 154.283386230
0.999084592 -0.014178825 0.040360585 10.390888214 0.013937539 0.999883294 0.006253320 -15.463347435 -0.040444553 -0.005685069 0.999165535 156.550399780
0.999088585 -0.013538451 0.040482175 10.587539673 0.013252399 0.999885380 0.007326164 -15.683129311 -0.040576722 -0.006783001 0.999153435 158.777008057
0.999024570 -0.013075429 0.042177271 10.745006561 0.012737994 0.999884784 0.008259290 -15.899065971 -0.042280402 -0.007713980 0.999076009 161.073806763
0.998998821 -0.012121917 0.043063048 10.931411743 0.011703217 0.999881923 0.009961782 -16.111438751 -0.043178719 -0.009447833 0.999022722 163.309066772
0.998958647 -0.011189030 0.044231594 11.111948967 0.010782929 0.999897599 0.009409171 -16.325420380 -0.044332344 -0.008922428 0.998977005 165.602767944
0.998920560 -0.010432446 0.045265183 11.307249069 0.010069197 0.999915302 0.008245491 -16.537078857 -0.045347370 -0.007780807 0.998941004 167.856002808
0.998845518 -0.008624006 0.047257550 11.494455338 0.008223841 0.999928772 0.008655643 -16.750747681 -0.047328826 -0.008257010 0.998845220 170.093902588
0.998724401 -0.008414466 0.049786918 11.697011948 0.007982598 0.999928832 0.008866814 -16.973735809 -0.049857982 -0.008458076 0.998720527 172.384750366
0.998599827 -0.008657041 0.052185599 11.898139954 0.008219753 0.999929309 0.008588255 -17.183572769 -0.052256256 -0.008147279 0.998600483 174.658645630
0.998521328 -0.008827017 0.053639431 12.110152245 0.008344548 0.999922752 0.009212017 -17.400876999 -0.053716600 -0.008750797 0.998517871 176.916229248
0.998481274 -0.009222259 0.054313734 12.315742493 0.008691076 0.999912202 0.010007978 -17.607591629 -0.054401260 -0.009520734 0.998473704 179.135147095
0.998461008 -0.010756925 0.054405190 12.528428078 0.010233756 0.999898791 0.009885666 -17.826404572 -0.054506022 -0.009313684 0.998469949 181.420486450
0.998426020 -0.011600928 0.054871559 12.730915070 0.011086814 0.999891937 0.009664576 -18.034181595 -0.054977741 -0.009041013 0.998446584 183.664077759
0.998485565 -0.012934465 0.053474635 12.956499100 0.012433141 0.999875605 0.009697077 -18.256580353 -0.053593423 -0.009017535 0.998522043 185.900558472
0.998487532 -0.014770861 0.052955907 13.166810036 0.014233137 0.999843419 0.010516985 -18.468862534 -0.053102955 -0.009747350 0.998541594 188.146316528
0.998512805 -0.015670331 0.052217115 13.382410049 0.015169164 0.999835134 0.009980316 -18.674396515 -0.052364904 -0.009173382 0.998585880 190.387420654
0.998467922 -0.016915677 0.052684944 13.580400467 0.016410207 0.999815226 0.010011991 -18.895505905 -0.052844577 -0.009132083 0.998560965 192.629776001
0.998412788 -0.017947650 0.053383335 13.766560555 0.017455747 0.999800920 0.009666507 -19.101158142 -0.053546190 -0.008719319 0.998527288 194.868667603
0.998479664 -0.017774181 0.052175421 14.013932228 0.017275559 0.999800861 0.009992151 -19.332981110 -0.052342635 -0.009075598 0.998588085 197.134567261
0.998490870 -0.015811995 0.052592371 14.219104767 0.015312314 0.999833822 0.009890380 -19.537773132 -0.052740011 -0.009070145 0.998567104 199.376419067
0.998497963 -0.013877898 0.053000681 14.421474457 0.013381594 0.999863327 0.009707537 -19.751594543 -0.053128146 -0.008983722 0.998547435 201.614074707
0.998480141 -0.013375381 0.053465080 14.634348869 0.012919884 0.999877274 0.008856094 -19.958543777 -0.053576980 -0.008151871 0.998530447 203.873916626
0.998438954 -0.013578523 0.054179184 14.835524559 0.013070880 0.999867439 0.009713094 -20.166095734 -0.054303896 -0.008989763 0.998484015 206.100448608
0.998421550 -0.015186620 0.054071315 15.069105148 0.014682557 0.999845088 0.009707249 -20.386066437 -0.054210346 -0.008898022 0.998489916 208.362579346
0.998363376 -0.014807760 0.055238973 15.278055191 0.014295653 0.999851167 0.009654454 -20.583488464 -0.055373710 -0.008848977 0.998426557 210.607330322
0.998291373 -0.015118824 0.056442942 15.500921249 0.014522560 0.999834478 0.010959282 -20.808967590 -0.056599297 -0.010120859 0.998345613 212.855072021
0.998228431 -0.013627918 0.057916522 15.738676071 0.012999320 0.999852538 0.011216453 -21.017024994 -0.058060829 -0.010443709 0.998258471 215.090728760
0.998047292 -0.012000504 0.061298415 15.943021774 0.011336843 0.999873340 0.011163075 -21.218406677 -0.061424620 -0.010446347 0.998057008 217.349670410
0.997914970 -0.012142049 0.063388899 16.173204422 0.011431089 0.999867737 0.011566522 -21.424985886 -0.063520946 -0.010817802 0.997921884 219.594070435
0.997786939 -0.013610241 0.065083064 16.408205032 0.012847100 0.999843895 0.012129843 -21.628322601 -0.065238029 -0.011266869 0.997806072 221.826309204
0.997677028 -0.014986582 0.066452019 16.642107010 0.014159842 0.999816537 0.012894775 -21.830165863 -0.066633075 -0.011923870 0.997706413 224.063735962
0.997602940 -0.016840858 0.067116797 16.890731812 0.016043246 0.999794483 0.012405246 -22.041124344 -0.067311890 -0.011298737 0.997668147 226.301437378
0.997564077 -0.018025842 0.067387022 17.132490158 0.017250238 0.999778271 0.012073960 -22.242822647 -0.067589730 -0.010882105 0.997653842 228.553909302
0.997510195 -0.018417336 0.068074010 17.372932434 0.017613938 0.999768138 0.012383255 -22.446107864 -0.068286300 -0.011153372 0.997603357 230.795684814
0.997447431 -0.020076783 0.068524249 17.615819931 0.019332599 0.999746978 0.011506129 -22.648170471 -0.068737909 -0.010152007 0.997583091 233.039154053
0.997448802 -0.020449674 0.068393812 17.886934280 0.019639639 0.999729156 0.012495224 -22.857923508 -0.068630822 -0.011120117 0.997580171 235.335784912
0.997415125 -0.020398626 0.068898171 18.132854462 0.019572565 0.999728441 0.012643482 -23.059894562 -0.069137387 -0.011262286 0.997543514 237.578506470
0.997365654 -0.020346500 0.069625087 18.371997833 0.019518556 0.999730706 0.012551238 -23.259281158 -0.069861695 -0.011159194 0.997494221 239.798095703
0.997327507 -0.020610677 0.070093349 18.618162155 0.019762795 0.999723136 0.012768596 -23.463390350 -0.070337109 -0.011349233 0.997458637 242.028030396
0.997288823 -0.020980567 0.070532203 18.868625641 0.020127265 0.999715507 0.012787190 -23.661521912 -0.070780434 -0.011332902 0.997427464 244.271804810
0.997252464 -0.021006221 0.071038663 19.118049622 0.020187879 0.999721527 0.012218179 -23.871215820 -0.071275532 -0.010750490 0.997398734 246.505722046
0.997256160 -0.020571327 0.071113914 19.373561859 0.019811176 0.999738991 0.011378153 -24.077466965 -0.071329407 -0.009938083 0.997403324 248.746505737
0.997229040 -0.020863192 0.071407259 19.626565933 0.020056589 0.999726892 0.011994332 -24.284811020 -0.071637981 -0.010528911 0.997375131 250.985458374
0.997201800 -0.022117199 0.071408980 19.884769440 0.021314705 0.999700963 0.011980610 -24.490646362 -0.071652621 -0.010425025 0.997375190 253.217254639
0.997208476 -0.022234440 0.071280256 20.152450562 0.021380747 0.999690533 0.012717361 -24.696340561 -0.071540944 -0.011157833 0.997375250 255.477890015
0.997157335 -0.022895291 0.071785420 20.390682220 0.022022180 0.999673843 0.012930871 -24.899374008 -0.072058082 -0.011313240 0.997336268 257.697174072
0.997145116 -0.023159878 0.071869805 20.661214828 0.022232614 0.999659300 0.013675356 -25.113555908 -0.072162040 -0.012038461 0.997320294 259.962158203
0.997114003 -0.023005459 0.072348550 20.918914795 0.022117950 0.999670208 0.013044610 -25.311937332 -0.072624788 -0.011406762 0.997294128 262.209594727
0.997085810 -0.022810264 0.072798334 21.179620743 0.021958712 0.999680996 0.012476489 -25.511831284 -0.073059708 -0.010841572 0.997268617 264.471221924
0.997055352 -0.022007957 0.073459178 21.439361572 0.021179318 0.999703169 0.012040324 -25.719188690 -0.073702350 -0.010449050 0.997225642 266.711730957
0.996991575 -0.021262409 0.074536972 21.698863983 0.020416399 0.999718487 0.012093940 -25.917657852 -0.074773133 -0.010535779 0.997144938 268.962402344
0.996879220 -0.020850081 0.076137520 21.958555222 0.020017840 0.999731362 0.011677635 -26.134237289 -0.076360561 -0.010117085 0.997028947 271.219451904
0.996806741 -0.021540005 0.076891974 22.237430573 0.020675512 0.999714017 0.012021490 -26.341503143 -0.077128910 -0.010393322 0.996967018 273.467254639
0.996579349 -0.022138895 0.079619773 22.479957581 0.021196205 0.999695241 0.012665753 -26.538799286 -0.079875879 -0.010934792 0.996744812 275.711029053
0.996482670 -0.021974508 0.080866717 22.759002686 0.020932341 0.999686956 0.013712842 -26.731613159 -0.081142731 -0.011971880 0.996630549 277.952026367
0.996405065 -0.021430317 0.081961736 23.041088104 0.020221569 0.999674618 0.015549535 -26.951782227 -0.082268283 -0.013836240 0.996514142 280.207855225
0.996324003 -0.021151593 0.083012909 23.326482773 0.019853666 0.999667943 0.016429808 -27.152008057 -0.083332859 -0.014721300 0.996412992 282.443115234
0.996258438 -0.020039475 0.084068529 23.606138229 0.018710399 0.999687672 0.016567700 -27.344573975 -0.084374279 -0.014932755 0.996322215 284.705596924
0.996134758 -0.019005928 0.085756317 23.874383926 0.017708143 0.999717236 0.015868882 -27.534566879 -0.086033680 -0.014288964 0.996189713 286.936462402
0.996124089 -0.018284861 0.086037777 24.163248062 0.017074376 0.999744892 0.014784215 -27.722967148 -0.086286165 -0.013257870 0.996182144 289.181213379
0.996060491 -0.019022144 0.086612403 24.439037323 0.017794475 0.999730229 0.014924466 -27.924007416 -0.086872928 -0.013324448 0.996130228 291.408233643
0.995991826 -0.018609738 0.087486513 24.703170776 0.017462311 0.999751389 0.013862576 -28.117359161 -0.087722741 -0.012279297 0.996069193 293.699096680
0.996012807 -0.019119654 0.087136783 24.991775513 0.018046912 0.999751568 0.013082249 -28.313951492 -0.087365270 -0.011457538 0.996110439 295.928405762
0.996021330 -0.018998316 0.087066308 25.277776718 0.017926589 0.999753833 0.013074793 -28.515729904 -0.087293260 -0.011461970 0.996116698 298.160491943
0.996021390 -0.018324824 0.087209396 25.561717987 0.017235462 0.999763966 0.013228032 -28.712799072 -0.087431222 -0.011672309 0.996102095 300.399169922
0.995965123 -0.018092230 0.087898083 25.827390671 0.016909210 0.999756336 0.014185051 -28.919317245 -0.088133305 -0.012641526 0.996028423 302.628051758
0.995964646 -0.018067699 0.087909989 26.116779327 0.016861925 0.999753535 0.014439421 -29.120185852 -0.088149205 -0.012898820 0.996023774 304.880126953
0.995936036 -0.017461093 0.088354304 26.403247833 0.016238594 0.999762475 0.014536263 -29.317195892 -0.088587135 -0.013042441 0.995983064 307.132629395
0.995931745 -0.018236209 0.088246025 26.692466736 0.016999172 0.999746680 0.014749396 -29.527513504 -0.088492647 -0.013189284 0.995989501 309.389099121
0.995881975 -0.019429112 0.088553108 26.979990005 0.018165799 0.999721706 0.015049917 -29.722791672 -0.088820882 -0.013379303 0.995957673 311.646118164
0.995850623 -0.019081576 0.088979200 27.266841888 0.017860847 0.999735415 0.014495399 -29.923992157 -0.089232244 -0.012846008 0.995927989 313.891845703
0.995880902 -0.018646222 0.088733308 27.566415787 0.017369421 0.999734521 0.015139706 -30.125030518 -0.088992037 -0.013536097 0.995940328 316.149780273
0.995834053 -0.016798925 0.089623347 27.853309631 0.015573679 0.999775708 0.014352875 -30.325107574 -0.089844361 -0.012897318 0.995872319 318.385101318
0.995829165 -0.015212308 0.089961827 28.137662888 0.013914124 0.999790192 0.015039999 -30.524770737 -0.090171725 -0.013725530 0.995831668 320.637237549
0.995749474 -0.013765455 0.091068499 28.416965485 0.012458615 0.999811351 0.014903028 -30.725292206 -0.091256462 -0.013705098 0.995733082 322.866516113
0.995691299 -0.012649206 0.091863021 28.697502136 0.011282437 0.999818027 0.015382460 -30.918579102 -0.092040896 -0.014279743 0.995652854 325.105377197
0.995690167 -0.012085980 0.091951355 28.993976593 0.010589147 0.999803782 0.016749050 -31.124774933 -0.092135727 -0.015703181 0.995622635 327.332122803
0.995645702 -0.012571200 0.092366114 29.281032562 0.011072985 0.999798954 0.016715027 -31.327650070 -0.092557669 -0.015619481 0.995584786 329.576812744
0.995665073 -0.014548761 0.091866262 29.589021683 0.013112937 0.999782562 0.016213823 -31.524808884 -0.092082202 -0.014938902 0.995639265 331.809631348
0.995668173 -0.014066878 0.091907218 29.879289627 0.012657754 0.999793530 0.015896998 -31.720491409 -0.092111856 -0.014664796 0.995640695 334.026611328
0.995641351 -0.014179855 0.092180312 30.169132233 0.012629818 0.999769330 0.017376956 -31.917007446 -0.092405453 -0.016136998 0.995590627 336.256591797
0.995677590 -0.014850195 0.091681227 30.475755692 0.013331915 0.999764025 0.017150717 -32.106868744 -0.091914296 -0.015854299 0.995640695 338.492370605
0.995666802 -0.014615352 0.091836698 30.762231827 0.013052034 0.999759912 0.017600430 -32.306396484 -0.092071876 -0.016325511 0.995618641 340.733795166
0.995726466 -0.014824605 0.091153644 31.065526962 0.013296374 0.999761045 0.017349966 -32.502368927 -0.091389067 -0.016063808 0.995685697 342.975677490
0.995728254 -0.014913430 0.091119900 31.357183456 0.013345651 0.999752641 0.017790863 -32.694023132 -0.091362685 -0.016498815 0.995680988 345.222473145
0.995773673 -0.014589299 0.090675250 31.649517059 0.013026929 0.999756753 0.017798448 -32.882827759 -0.090912856 -0.016542006 0.995721459 347.460632324
0.995830595 -0.014627371 0.090043053 31.943059921 0.013070489 0.999755144 0.017855899 -33.074554443 -0.090282209 -0.016604545 0.995777726 349.708190918
0.995828569 -0.014199679 0.090132527 32.228870392 0.012607557 0.999754667 0.018209098 -33.267547607 -0.090368986 -0.016996786 0.995763302 351.949035645
0.995871007 -0.014584287 0.089600265 32.518512726 0.012959417 0.999741316 0.018689778 -33.456863403 -0.089849666 -0.017451445 0.995802462 354.174896240
0.995887697 -0.014236413 0.089470178 32.801792145 0.012657512 0.999754429 0.018189916 -33.648494720 -0.089707173 -0.016982649 0.995823383 356.412017822
0.995942473 -0.014496498 0.088817112 33.093616486 0.012886245 0.999742508 0.018676637 -33.838382721 -0.089064986 -0.017456336 0.995872855 358.647247314
0.995995820 -0.013962440 0.088302590 33.388069153 0.012282555 0.999733627 0.019539041 -34.031757355 -0.088551864 -0.018376222 0.995902061 360.888458252
0.996054649 -0.013981515 0.087633222 33.683444977 0.012320377 0.999734521 0.019467911 -34.223285675 -0.087882139 -0.018311426 0.995962501 363.135650635
0.996100068 -0.013997377 0.087112576 33.975795746 0.012306175 0.999725759 0.019920854 -34.411914825 -0.087367527 -0.018771142 0.995999277 365.379364014
0.996158242 -0.014016897 0.086442083 34.266010284 0.012387617 0.999735892 0.019355960 -34.602699280 -0.086690582 -0.018210785 0.996068835 367.642852783
0.996167183 -0.014693872 0.086225778 34.546039581 0.013084075 0.999729931 0.019205099 -34.793399811 -0.086484693 -0.018003309 0.996090472 369.896148682
0.996172130 -0.014877491 0.086137980 34.828815460 0.013358775 0.999745488 0.018180896 -34.975662231 -0.086386532 -0.016960602 0.996117294 372.148315430
0.996232748 -0.014670603 0.085469551 35.110805511 0.013133454 0.999742210 0.018519387 -35.173904419 -0.085719228 -0.017327109 0.996168673 374.382934570
0.996323168 -0.014623796 0.084417887 35.403186798 0.013081611 0.999737859 0.018792786 -35.358711243 -0.084670581 -0.017619366 0.996253133 376.630554199
0.996227562 -0.013980994 0.085645959 35.671375275 0.012365113 0.999735951 0.019368509 -35.549274445 -0.085894123 -0.018236417 0.996137381 378.896881104
0.996226192 -0.014621723 0.085554354 35.953289032 0.012988512 0.999723256 0.019615347 -35.741096497 -0.085817493 -0.018430101 0.996140361 381.135803223
0.996246934 -0.014527892 0.085330151 36.242408752 0.012900487 0.999724805 0.019592453 -35.923900604 -0.085591301 -0.018418118 0.996160090 383.392608643
0.996261418 -0.013572862 0.085318118 36.529388428 0.011934289 0.999734938 0.019686271 -36.114295959 -0.085562713 -0.018594457 0.996159256 385.645141602
0.996256113 -0.012492017 0.085543603 36.809371948 0.010843667 0.999746978 0.019706761 -36.295600891 -0.085768126 -0.018705372 0.996139526 387.905090332
0.996272087 -0.011316651 0.085520849 37.097900391 0.009668400 0.999759912 0.019662784 -36.491516113 -0.085722834 -0.018762631 0.996142328 390.176818848
0.996250331 -0.010230383 0.085909598 37.377380371 0.008578660 0.999771535 0.019573534 -36.681316376 -0.086090222 -0.018763147 0.996110559 392.455230713
0.996285141 -0.009044750 0.085638948 37.664951324 0.007285422 0.999756396 0.020833837 -36.868465424 -0.085806534 -0.020132527 0.996108413 394.714904785
0.996221364 -0.007731583 0.086505502 37.940818787 0.005897346 0.999752700 0.021439200 -37.059989929 -0.086649880 -0.020848036 0.996020615 396.979278564
0.996164560 -0.007499103 0.087177396 38.223384857 0.005787047 0.999785662 0.019874942 -37.254726410 -0.087307766 -0.019294210 0.995994627 399.244964600
0.996066391 -0.006816570 0.088346846 38.499912262 0.005118459 0.999798059 0.019433267 -37.443794250 -0.088461474 -0.018904625 0.995900154 401.501617432
0.996029377 -0.008600296 0.088609077 38.783985138 0.006833026 0.999771953 0.020228656 -37.628860474 -0.088762864 -0.019542862 0.995861053 403.770935059
0.995961070 -0.010151976 0.089210451 39.069320679 0.008264812 0.999734700 0.021498062 -37.819694519 -0.089405037 -0.020673927 0.995780826 406.019378662
0.995969832 -0.011118051 0.088997111 39.363491058 0.009250261 0.999728799 0.021372136 -38.006088257 -0.089210615 -0.020462759 0.995802522 408.280303955
0.995949745 -0.010895924 0.089249134 39.661743164 0.009155286 0.999760270 0.019889340 -38.188537598 -0.089444444 -0.018991681 0.995810688 410.545593262
0.995882154 -0.008601958 0.090247951 39.965663910 0.006775460 0.999766350 0.020525552 -38.387790680 -0.090403430 -0.019829562 0.995707810 412.808898926
0.995804548 -0.007524696 0.091196015 40.249801636 0.005689082 0.999776423 0.020371465 -38.577156067 -0.091328919 -0.019767180 0.995624602 415.052246094
0.995714962 -0.006401642 0.092252769 40.545539856 0.004524929 0.999778748 0.020537974 -38.764163971 -0.092363842 -0.020032534 0.995523810 417.326538086
0.995657206 -0.006536617 0.092865728 40.844944000 0.004673356 0.999783695 0.020267358 -38.952384949 -0.092978120 -0.019745342 0.995472372 419.581390381
0.995546937 -0.006572601 0.094038017 41.133903503 0.004685800 0.999783516 0.020270994 -39.137405396 -0.094150908 -0.019740082 0.995362222 421.832092285
0.995464802 -0.006785481 0.094887741 41.426548004 0.004900996 0.999786317 0.020079123 -39.328933716 -0.095003702 -0.019523019 0.995285451 424.089324951
0.995391548 -0.007186335 0.095623881 41.728157043 0.005188628 0.999763370 0.021123579 -39.516487122 -0.095753044 -0.020530077 0.995193303 426.362060547
0.995338917 -0.006188703 0.096239939 42.028167725 0.004120869 0.999756694 0.021670165 -39.700542450 -0.096350625 -0.021172568 0.995122194 428.615631104
0.995275319 -0.005465603 0.096938252 42.337127686 0.003314122 0.999744952 0.022341497 -39.884731293 -0.097035617 -0.021914676 0.995039582 430.891418457
0.995286226 -0.006141490 0.096786059 42.645442963 0.003974759 0.999737442 0.022563729 -40.078010559 -0.096899234 -0.022072665 0.995049357 433.167602539
0.995244384 -0.006928460 0.097162373 42.956436157 0.004803671 0.999744475 0.022085331 -40.272640228 -0.097290568 -0.021513565 0.995023489 435.434936523
0.995245934 -0.006232707 0.097193755 43.272727966 0.004115995 0.999750257 0.021963589 -40.442821503 -0.097306393 -0.021459118 0.995023131 437.704406738
0.995205700 -0.006641078 0.097577453 43.584560394 0.004475917 0.999739289 0.022391325 -40.631210327 -0.097700693 -0.021847231 0.994975984 439.990509033
0.995244861 -0.006732881 0.097170725 43.901332855 0.004554406 0.999733746 0.022623453 -40.814758301 -0.097297154 -0.022073321 0.995010555 442.264801025
0.995198607 -0.005794110 0.097705401 44.208171844 0.003525742 0.999720514 0.023373112 -41.004379272 -0.097813532 -0.022916401 0.994940877 444.534271240
0.995173454 -0.006598233 0.097909570 44.525306702 0.004292686 0.999708891 0.023739738 -41.190738678 -0.098037697 -0.023204859 0.994912148 446.811706543
0.995146871 -0.006299830 0.098198526 44.831558228 0.004031549 0.999720871 0.023280244 -41.376060486 -0.098317802 -0.022771372 0.994894505 449.074981689
0.995168388 -0.005621322 0.098021753 45.146396637 0.003396823 0.999733150 0.022846064 -41.559833527 -0.098124050 -0.022402715 0.994921982 451.334808350
0.995113492 -0.004985358 0.098611608 45.453430176 0.002768488 0.999740601 0.022604911 -41.750389099 -0.098698705 -0.022221442 0.994869351 453.595062256
0.995039344 -0.004412135 0.099384151 45.761478424 0.002156324 0.999737859 0.022793885 -41.928806305 -0.099458680 -0.022466511 0.994787991 455.869567871
0.994988322 -0.004621115 0.099884413 46.067584991 0.002382994 0.999743640 0.022514818 -42.120212555 -0.099962853 -0.022163957 0.994744301 458.138671875
0.994988203 -0.003868426 0.099917389 46.383666992 0.001703446 0.999762058 0.021743935 -42.304977417 -0.099977747 -0.021464752 0.994758070 460.408935547
0.994986176 -0.002775411 0.099973939 46.701969147 0.000541378 0.999749720 0.022366358 -42.492427826 -0.100011006 -0.022200096 0.994738638 462.691131592
0.994991779 -0.002425833 0.099926546 47.016750336 0.000069294 0.999721944 0.023579432 -42.675922394 -0.099955961 -0.023454422 0.994715393 464.967132568
0.995021284 -0.002561226 0.099629588 47.324470520 0.000170303 0.999711990 0.023999227 -42.855743408 -0.099662371 -0.023862777 0.994735062 467.234771729
0.995163798 -0.002554371 0.098195679 47.652713776 0.000310970 0.999738693 0.022854740 -43.037712097 -0.098228417 -0.022713676 0.994904637 469.518096924
0.995233715 -0.002431546 0.097488292 47.974895477 0.000238456 0.999746740 0.022501277 -43.227939606 -0.097518325 -0.022370780 0.994982302 471.816040039
0.995290816 -0.003007812 0.096887283 48.282936096 0.000725752 0.999721706 0.023580400 -43.418884277 -0.096931241 -0.023399040 0.995015979 474.096435547
0.995265007 -0.003284004 0.097143054 48.581836700 0.001002825 0.999722838 0.023522176 -43.601051331 -0.097193368 -0.023313388 0.994992435 476.376251221
0.995401323 -0.002852937 0.095749997 48.894657135 0.000617097 0.999726653 0.023372300 -43.775703430 -0.095790491 -0.023205731 0.995130956 478.660156250
0.995417953 -0.003062269 0.095570810 49.202690125 0.000784707 0.999715030 0.023859639 -43.957527161 -0.095616624 -0.023675317 0.995136738 480.940093994
0.995460629 -0.003595578 0.095106184 49.514122009 0.001277911 0.999700963 0.024418959 -44.140243530 -0.095165543 -0.024186570 0.995167553 483.214691162
0.995471418 -0.004240305 0.094966359 49.808815002 0.001992103 0.999715865 0.023755973 -44.322681427 -0.095040098 -0.023459211 0.995196939 485.498901367
0.995528877 -0.004290581 0.094359927 50.118461609 0.001981197 0.999696672 0.024554281 -44.512393951 -0.094436646 -0.024257554 0.995235324 487.812774658
0.995609164 -0.004687514 0.093489811 50.427230835 0.002380220 0.999690175 0.024775874 -44.692176819 -0.093576983 -0.024444563 0.995311916 490.096984863
0.995567858 -0.004940540 0.093915656 50.701339722 0.002599083 0.999683142 0.025037471 -44.879638672 -0.094009601 -0.024682406 0.995265245 492.387359619
0.995611906 -0.003903708 0.093496449 51.012310028 0.001540347 0.999677777 0.025336407 -45.055271149 -0.093565218 -0.025081215 0.995297134 494.681823730
0.995642602 -0.003270658 0.093194261 51.307186127 0.000945401 0.999687552 0.024983870 -45.232131958 -0.093246840 -0.024786899 0.995334446 496.978179932
0.995659947 -0.003116231 0.093013927 51.618400574 0.000832165 0.999697387 0.024584869 -45.420265198 -0.093062393 -0.024400767 0.995361209 499.294677734
0.995696962 -0.003036115 0.092619039 51.917980194 0.000685429 0.999677241 0.025401426 -45.599700928 -0.092666253 -0.025228644 0.995377541 501.589660645
0.995708525 -0.002727201 0.092504762 52.214633942 0.000354212 0.999670684 0.025659345 -45.783107758 -0.092544273 -0.025516462 0.995381594 503.870056152
0.995731592 -0.001822012 0.092278190 52.514572144 -0.000484203 0.999688268 0.024963427 -45.964534760 -0.092294924 -0.024901554 0.995420277 506.161804199
0.995726049 -0.001506106 0.092343420 52.810386658 -0.000863244 0.999671519 0.025612710 -46.145439148 -0.092351660 -0.025582962 0.995397747 508.454803467
0.995765150 -0.001911566 0.091914989 53.115505219 -0.000347868 0.999698281 0.024559474 -46.325042725 -0.091934197 -0.024487438 0.995463967 510.745788574
0.995811939 -0.002696618 0.091385439 53.423900604 0.000351738 0.999670506 0.025665632 -46.514877319 -0.091424540 -0.025526000 0.995484769 513.045410156
0.995841503 -0.002500866 0.091067687 53.726104736 0.000159753 0.999669552 0.025705619 -46.691181183 -0.091101870 -0.025584174 0.995512903 515.344604492
0.995842874 -0.001760693 0.091069892 54.018867493 -0.000560876 0.999675691 0.025460310 -46.869388580 -0.091085181 -0.025405545 0.995518982 517.650817871
0.995827913 -0.000857782 0.091245741 54.308322906 -0.001455731 0.999679267 0.025285169 -47.051155090 -0.091238141 -0.025312508 0.995507360 519.951232910
0.995772183 0.000633471 0.091855392 54.602210999 -0.002976197 0.999673843 0.025369765 -47.235404968 -0.091809347 -0.025535893 0.995449126 522.291198730
0.995597899 0.002949498 0.093681112 54.882431030 -0.005354789 0.999662220 0.025434310 -47.414543152 -0.093574449 -0.025823986 0.995277345 524.620788574
0.995668292 0.003992423 0.092890792 55.217910767 -0.006477362 0.999628782 0.026465084 -47.590202332 -0.092750631 -0.026952136 0.995324492 526.969726562
0.995600462 0.003522253 0.093634143 55.511737823 -0.006025212 0.999631643 0.026462017 -47.769790649 -0.093506448 -0.026909757 0.995254934 529.273376465
0.995546281 0.001639513 0.094259396 55.809070587 -0.004287942 0.999601483 0.027901584 -47.945869446 -0.094176091 -0.028181501 0.995156586 531.584350586
0.995514810 0.000134529 0.094605759 56.123191833 -0.002746967 0.999618471 0.027484253 -48.119094849 -0.094565973 -0.027620854 0.995135307 533.904174805
0.995477378 0.000372505 0.094998471 56.430263519 -0.002926747 0.999637902 0.026749274 -48.291458130 -0.094954103 -0.026906334 0.995117962 536.218627930
0.995392323 0.000151128 0.095885709 56.735828400 -0.002705818 0.999644756 0.026513619 -48.469295502 -0.095847629 -0.026650904 0.995039105 538.538269043
0.995312750 0.000665965 0.096706398 57.040321350 -0.003180141 0.999660850 0.025846235 -48.650318146 -0.096656397 -0.026032625 0.994977236 540.851257324
0.995220006 0.001469370 0.097646505 57.346977234 -0.003973993 0.999667943 0.025460368 -48.832225800 -0.097576693 -0.025726715 0.994895458 543.176818848
0.995145559 0.001861716 0.098396994 57.666118622 -0.004289381 0.999691427 0.024466358 -49.012710571 -0.098321095 -0.024769651 0.994846463 545.502746582
0.995033443 0.001922030 0.099522769 57.964756012 -0.004445063 0.999674141 0.025135791 -49.199909210 -0.099442020 -0.025453335 0.994717777 547.824462891
0.994970560 0.001859964 0.100150689 58.279014587 -0.004457334 0.999659300 0.025717096 -49.380832672 -0.100068741 -0.026034156 0.994639814 550.141418457
0.994884491 0.001819586 0.101002261 58.585834503 -0.004437182 0.999659836 0.025697606 -49.557491302 -0.100921147 -0.026014309 0.994554281 552.444824219
0.994920492 -0.000011106 0.100665130 58.911415100 -0.002552771 0.999675572 0.025340512 -49.753158569 -0.100632742 -0.025468765 0.994597733 554.744873047
0.994953871 -0.000390731 0.100333616 59.240901947 -0.002202306 0.999666452 0.025732093 -49.932449341 -0.100310206 -0.025823204 0.994621038 557.052978516
0.994904280 0.000014147 0.100823455 59.556961060 -0.002671581 0.999652565 0.026222331 -50.113376617 -0.100788034 -0.026358064 0.994558811 559.361511230
0.994861543 0.000662412 0.101241931 59.880142212 -0.003431917 0.999624431 0.027183585 -50.291870117 -0.101185910 -0.027391357 0.994490325 561.699462891
0.994877160 0.000006548 0.101091214 60.212707520 -0.002829085 0.999610126 0.027777348 -50.471115112 -0.101051621 -0.027921045 0.994489312 564.027893066
0.994829893 0.000619973 0.101553299 60.535308838 -0.003520539 0.999590874 0.028385267 -50.643218994 -0.101494148 -0.028596038 0.994425058 566.350097656
0.994778991 0.001733239 0.102037333 60.864475250 -0.004587680 0.999604404 0.027746452 -50.823684692 -0.101948895 -0.028069703 0.994393528 568.674438477
0.994800389 0.002715511 0.101807281 61.207675934 -0.005398412 0.999645114 0.026086496 -50.994461060 -0.101700291 -0.026500456 0.994462073 571.012634277
0.994794726 0.003261340 0.101847239 61.549510956 -0.005946953 0.999642253 0.026076540 -51.174316406 -0.101725765 -0.026546484 0.994458258 573.333007812
0.994766235 0.003136326 0.102129124 61.872032166 -0.005968472 0.999605834 0.027437279 -51.365222931 -0.102002807 -0.027903235 0.994392633 575.711486816
0.994768858 0.003065993 0.102105729 62.207626343 -0.006045809 0.999564350 0.028886963 -51.550735474 -0.101972692 -0.029353162 0.994354010 578.025817871
0.994659603 0.003949434 0.103134215 62.524204254 -0.006793583 0.999605834 0.027240485 -51.729301453 -0.102985978 -0.027795665 0.994294345 580.414733887
0.994724095 0.003097877 0.102539748 62.862041473 -0.005886995 0.999620616 0.026908915 -51.900398254 -0.102417491 -0.027370600 0.994364858 582.754028320
0.994676828 0.002800828 0.103005201 63.192291260 -0.005734283 0.999586046 0.028193640 -52.085823059 -0.102883585 -0.028634222 0.994281292 585.081665039
0.994747758 0.003189709 0.102306440 63.527023315 -0.006129666 0.999576807 0.028435281 -52.262493134 -0.102172449 -0.028913036 0.994346440 587.398437500
0.994714320 0.000661936 0.102678701 63.867610931 -0.003480457 0.999621987 0.027273173 -52.445468903 -0.102621838 -0.027486393 0.994340599 589.753051758
0.994718432 0.000558525 0.102639779 64.200241089 -0.003338443 0.999632061 0.026914425 -52.616275787 -0.102587007 -0.027114931 0.994354427 592.102355957
0.994720161 -0.000980335 0.102619685 64.527442932 -0.001839506 0.999623418 0.027380319 -52.796329498 -0.102607906 -0.027424527 0.994343698 594.436767578
0.994734347 -0.001436624 0.102477118 64.867301941 -0.001392888 0.999619901 0.027534259 -52.975337982 -0.102477722 -0.027532008 0.994354188 596.797973633
