1.000000000 0.000000000 0.000000000 0.000000000 0.000000000 1.000000000 0.000000000 0.000000000 0.000000000 0.000000000 1.000000000 0.000000000
0.999999881 0.000071210 0.000435972 0.089246631 -0.000071127 1.000000000 -0.000191573 -0.226415083 -0.000435986 0.000191542 0.999999881 2.295208693
0.999999285 0.000393398 0.001130767 0.167982832 -0.000393815 0.999999881 0.000368613 -0.465171307 -0.001130621 -0.000369058 0.999999285 4.586107731
0.999998748 0.000044358 0.001593029 0.266799301 -0.000045190 0.999999881 0.000522488 -0.696843147 -0.001593006 -0.000522559 0.999998569 6.870573997
0.999996960 -0.000011997 0.002474549 0.360856324 0.000014776 0.999999344 -0.001123281 -0.931065738 -0.002474535 0.001123314 0.999996245 9.168497086
0.999988437 0.001756573 0.004486664 0.453126431 -0.001757145 0.999998391 0.000123458 -1.166437149 -0.004486440 -0.000131341 0.999989927 11.473079681
0.999970019 0.003456451 0.006929173 0.548835754 -0.003466874 0.999992788 0.001492904 -1.401236057 -0.006923963 -0.001516882 0.999974906 13.761759758
0.999946296 0.003368364 0.009795258 0.649029791 -0.003411258 0.999984682 0.004365758 -1.632024527 -0.009780401 -0.004398938 0.999942541 16.040544510
0.999943376 0.003552710 0.010029004 0.749173462 -0.003605379 0.999979794 0.005238506 -1.853525162 -0.010010190 -0.005274368 0.999935985 18.327592850
0.999929130 0.002687746 0.011592237 0.858520150 -0.002750592 0.999981642 0.005408852 -2.077939510 -0.011577485 -0.005440357 0.999918163 20.611816406
0.999929547 0.000113589 0.011870421 0.980555296 -0.000147036 0.999996006 0.002816829 -2.301815748 -0.011870054 -0.002818376 0.999925554 22.925325394
0.999916613 -0.002064065 0.012748244 1.086996198 0.002053714 0.999997497 0.000825005 -2.521667719 -0.012749915 -0.000798755 0.999918401 25.205327988
0.999916375 -0.002355600 0.012715669 1.225339890 0.002353802 0.999997199 0.000156328 -2.769181728 -0.012716004 -0.000126385 0.999919116 27.511119843
0.999898314 -0.002083612 0.014104805 1.325372100 0.002098308 0.999997258 -0.001027146 -2.992444992 -0.014102625 0.001056637 0.999899924 29.796016693
0.999896169 -0.000159972 0.014404507 1.459076166 0.000133469 0.999998271 0.001840887 -3.227141857 -0.014404777 -0.001838773 0.999894559 32.084167480
0.999896526 0.001737648 0.014279228 1.591736674 -0.001795481 0.999990225 0.004038369 -3.448087692 -0.014272072 -0.004063589 0.999889851 34.364727020
0.999868393 0.003985927 0.015725695 1.707875252 -0.004109374 0.999960959 0.007825566 -3.677020550 -0.015693892 -0.007889157 0.999845743 36.677761078
0.999845922 0.005815158 0.016561069 1.821253896 -0.005939873 0.999954283 0.007491430 -3.895939589 -0.016516751 -0.007588646 0.999834776 38.947620392
0.999814689 0.004932680 0.018608060 1.922957897 -0.005041110 0.999970496 0.005784640 -4.098959923 -0.018578976 -0.005877372 0.999810219 41.251056671
0.999820471 0.002482739 0.018786179 2.048149109 -0.002572389 0.999985397 0.004749457 -4.324680328 -0.018774113 -0.004796930 0.999812305 43.528610229
0.999816239 0.002582849 0.019001951 2.171800375 -0.002653383 0.999989688 0.003687666 -4.550192356 -0.018992230 -0.003737407 0.999812782 45.767951965
0.999814808 0.001987896 0.019140432 2.295968056 -0.002037668 0.999994516 0.002581206 -4.778740883 -0.019135199 -0.002619730 0.999813616 48.038333893
0.999812484 0.000609708 0.019352563 2.428883314 -0.000666942 0.999995410 0.002951124 -5.007297516 -0.019350670 -0.002963478 0.999808371 50.313011169
0.999788821 0.000247470 0.020549865 2.557069302 -0.000310395 0.999995291 0.003058953 -5.228935719 -0.020549012 -0.003064685 0.999784172 52.580196381
0.999781609 -0.000860628 0.020884693 2.694660902 0.000801087 0.999995589 0.002859121 -5.457776070 -0.020887058 -0.002841766 0.999777853 54.866207123
0.999749780 -0.001212153 0.022337414 2.819061279 0.001136710 0.999993622 0.003389805 -5.688259125 -0.022341382 -0.003363565 0.999744654 57.164745331
0.999732614 -0.002477081 0.022990042 2.958729029 0.002380835 0.999988317 0.004212844 -5.916261673 -0.023000207 -0.004156982 0.999726772 59.433086395
0.999687970 -0.003788821 0.024688359 3.085126162 0.003701259 0.999986708 0.003591359 -6.140390396 -0.024701634 -0.003498861 0.999688685 61.703319550
0.999670446 -0.004579816 0.025255639 3.237113953 0.004491273 0.999983549 0.003561483 -6.366949558 -0.025271533 -0.003446880 0.999674797 63.956485748
0.999632955 -0.004108306 0.026778398 3.377119541 0.004002060 0.999983847 0.004020030 -6.588206291 -0.026794480 -0.003911385 0.999633253 66.223976135
0.999607980 -0.003123469 0.027823418 3.525248528 0.002999792 0.999985456 0.004485686 -6.816496372 -0.027837025 -0.004400464 0.999602735 68.473373413
0.999563992 -0.003408759 0.029328864 3.664298534 0.003288825 0.999986053 0.004136550 -7.041663647 -0.029342553 -0.004038290 0.999561191 70.723571777
0.999551535 -0.004320337 0.029632803 3.830300808 0.004241681 0.999987245 0.002716718 -7.266088963 -0.029644161 -0.002589807 0.999557137 72.970962524
0.999535918 -0.005143344 0.030024070 3.986820221 0.005049913 0.999982178 0.003186885 -7.493297577 -0.030039921 -0.003033787 0.999544203 75.236785889
0.999488354 -0.006367903 0.031342976 4.152529716 0.006287114 0.999976754 0.002675466 -7.726664543 -0.031359278 -0.002477041 0.999505103 77.503654480
0.999477506 -0.007161986 0.031518862 4.310884476 0.007086083 0.999971747 0.002519216 -7.954600811 -0.031536005 -0.002294555 0.999499977 79.744705200
0.999446630 -0.007633883 0.032375269 4.463445187 0.007572431 0.999969244 0.002020341 -8.172344208 -0.032389700 -0.001774064 0.999473751 81.998718262
0.999433458 -0.006715941 0.032979973 4.641168594 0.006642624 0.999975204 0.002332125 -8.413031578 -0.032994818 -0.002111730 0.999453306 84.256431580
0.999384403 -0.006450713 0.034483247 4.801649094 0.006365642 0.999976397 0.002576200 -8.628773689 -0.034499057 -0.002355106 0.999401987 86.509628296
0.999373078 -0.005952003 0.034900445 4.969100475 0.005803612 0.999973655 0.004351641 -8.872108459 -0.034925420 -0.004146365 0.999381304 88.774208069
0.999342144 -0.005032670 0.035913769 5.133277893 0.004860711 0.999976277 0.004873814 -9.099630356 -0.035937447 -0.004696042 0.999342918 91.028907776
0.999317706 -0.005036720 0.036587387 5.304244041 0.004868243 0.999977112 0.004692405 -9.321267128 -0.036610190 -0.004511087 0.999319434 93.276756287
0.999297142 -0.005067878 0.037140686 5.475394249 0.004914223 0.999979019 0.004227229 -9.540757179 -0.037161328 -0.004041741 0.999301016 95.533279419
0.999269009 -0.005482780 0.037834417 5.646895409 0.005316158 0.999975860 0.004503174 -9.762834549 -0.037858192 -0.004298750 0.999273837 97.787345886
0.999222696 -0.005059585 0.039093435 5.809224606 0.004900756 0.999979377 0.004157583 -9.996785164 -0.039113659 -0.003962765 0.999226928 100.026062012
0.999150991 -0.005193816 0.040869135 5.967561245 0.004990052 0.999974668 0.005086228 -10.212192535 -0.040894516 -0.004877971 0.999151587 102.251457214
0.999150813 -0.005703419 0.040805828 6.165634155 0.005498952 0.999971747 0.005121240 -10.436401367 -0.040833890 -0.004892502 0.999153972 104.496665955
0.999111950 -0.006360309 0.041651584 6.344165802 0.006116026 0.999963343 0.005989715 -10.655039787 -0.041688155 -0.005729653 0.999114215 106.726028442
0.999074280 -0.007805779 0.042304091 6.527249813 0.007547216 0.999952018 0.006268230 -10.872223854 -0.042350974 -0.005943150 0.999085128 108.969123840
0.999036014 -0.008816432 0.043004233 6.714238644 0.008512461 0.999937534 0.007246419 -11.099345207 -0.043065425 -0.006873360 0.999048710 111.225296021
0.999014199 -0.009554096 0.043350063 6.908599377 0.009300296 0.999938428 0.006052557 -11.320792198 -0.043405216 -0.005643422 0.999041617 113.483116150
0.998970807 -0.010253559 0.044183522 7.095991135 0.010041239 0.999936938 0.005024685 -11.537285805 -0.044232253 -0.004575856 0.999010742 115.730735779
0.998932600 -0.010529676 0.044974823 7.280106544 0.010294665 0.999932051 0.005453823 -11.761610031 -0.045029201 -0.004985002 0.998973191 117.968368530
0.998874903 -0.010801811 0.046176352 7.472637177 0.010521939 0.999924779 0.006299763 -11.980297089 -0.046240941 -0.005806811 0.998913407 120.219192505
0.998845458 -0.011504420 0.046641503 7.677370548 0.011181144 0.999911606 0.007186104 -12.207646370 -0.046720058 -0.006656301 0.998885870 122.424530029
0.998805165 -0.012643498 0.047204763 7.883927345 0.012348773 0.999902427 0.006529921 -12.429149628 -0.047282707 -0.005939199 0.998863876 124.718986511
0.998768568 -0.013493516 0.047741640 8.073905945 0.013236629 0.999896169 0.005692869 -12.650541306 -0.047813501 -0.005053920 0.998843491 126.980110168
0.998761594 -0.015087526 0.047408924 8.271596909 0.014820752 0.999872327 0.005973657 -12.866976738 -0.047492992 -0.005263623 0.998857677 129.248535156
0.998795331 -0.016145403 0.046338495 8.468339920 0.015869739 0.999854088 0.006310713 -13.083826065 -0.046433628 -0.005567730 0.998905778 131.500808716
0.998864114 -0.016459260 0.044716734 8.669779778 0.016145449 0.999842465 0.007369984 -13.299607277 -0.044831000 -0.006639641 0.998972476 133.736770630
0.998911858 -0.017202308 0.043349702 8.855208397 0.016917408 0.999832809 0.006930439 -13.514385223 -0.043461673 -0.006189532 0.999036014 135.980819702
0.998999596 -0.018108064 0.040887579 9.071321487 0.017847935 0.999818146 0.006718155 -13.730056763 -0.041001800 -0.005981676 0.999141157 138.200073242
0.998978972 -0.018505523 0.041213233 9.239520073 0.018255401 0.999812663 0.006437103 -13.948318481 -0.041324638 -0.005678166 0.999129653 140.498962402
0.998962998 -0.018729033 0.041497774 9.409497261 0.018469978 0.999807596 0.006617318 -14.156582832 -0.041613720 -0.005843993 0.999116719 142.731246948
0.999017835 -0.018645424 0.040198702 9.607959747 0.018355833 0.999802947 0.007561082 -14.379560471 -0.040331770 -0.006815775 0.999163091 144.966430664
0.999031126 -0.017746245 0.040275011 9.785818100 0.017498642 0.999825835 0.006492115 -14.596029282 -0.040383209 -0.005781067 0.999167562 147.214492798
0.999054790 -0.016703172 0.040129833 9.968955994 0.016518602 0.999851406 0.004926466 -14.814057350 -0.040206164 -0.004258922 0.999182343 149.448867798
0.999066949 -0.014880458 0.040542088 10.149067879 0.014726334 0.999883175 0.004097606 -15.036850929 -0.040598325 -0.003496746 0.999169350 151.693664551
0.999070704 -0.014247818 0.040676404 10.335268021 0.014097593 0.999892712 0.003977614 -15.253849030 -0.040728718 -0.003400479 0.999164462 153.925888062
0.999058366 -0.013418881 0.041259196 10.513025284 0.013248522 0.999902546 0.004399723 -15.471961021 -0.041314211 -0.003848958 0.999138713 156.180572510
0.999062538 -0.012500718 0.041447952 10.708158493 0.012273312 0.999908268 0.005736522 -15.695406914 -0.041515853 -0.005222441 0.999124169 158.391204834
0.999013662 -0.011996078 0.042751353 10.887765884 0.011731816 0.999910533 0.006426912 -15.912457466 -0.042824626 -0.005919023 0.999065042 160.666320801
0.998984039 -0.011041458 0.043690573 11.070541382 0.010662959 0.999903679 0.008886714 -16.137569427 -0.043784484 -0.008411816 0.999005497 162.898071289
0.998951256 -0.010390109 0.044592083 11.257237434 0.010085152 0.999924183 0.007058323 -16.336299896 -0.044662040 -0.006601202 0.998980343 165.154327393
0.998909652 -0.009674433 0.045670692 11.451585770 0.009397824 0.999936163 0.006267431 -16.556621552 -0.045728408 -0.005831392 0.998936892 167.390930176
0.998817086 -0.007872233 0.047984708 11.636509895 0.007561101 0.999949217 0.006662065 -16.775518417 -0.048034724 -0.006291367 0.998825848 169.627243042
0.998703539 -0.007433749 0.050358247 11.844939232 0.007068123 0.999947369 0.007434687 -17.006671906 -0.050410874 -0.007069112 0.998703539 171.856811523
0.998575747 -0.007915652 0.052762203 12.047366142 0.007551090 0.999946237 0.007105314 -17.218759537 -0.052815601 -0.006696782 0.998581827 174.115447998
0.998479247 -0.007588525 0.054604247 12.255022049 0.007159200 0.999941945 0.008053809 -17.442893982 -0.054662187 -0.007650638 0.998475611 176.363998413
0.998423219 -0.007881041 0.055578317 12.463683128 0.007379611 0.999930203 0.009221540 -17.656063080 -0.055647116 -0.008796852 0.998411775 178.586425781
0.998420298 -0.010281424 0.055237103 12.670880318 0.009826156 0.999915481 0.008507350 -17.868829727 -0.055319902 -0.007951142 0.998437047 180.819213867
0.998370349 -0.011192398 0.055959281 12.872351646 0.010758107 0.999909699 0.008056114 -18.079298019 -0.056044392 -0.007440969 0.998400569 183.067504883
0.998451293 -0.012518843 0.054204814 13.102048874 0.012084087 0.999892175 0.008340981 -18.303831100 -0.054303393 -0.007673047 0.998494983 185.261810303
0.998470128 -0.014360215 0.053396471 13.314918518 0.013891235 0.999861598 0.009143814 -18.518854141 -0.053520396 -0.008388080 0.998531461 187.499252319
0.998504817 -0.015150632 0.052523162 13.529419899 0.014712357 0.999853730 0.008721031 -18.728279114 -0.052647617 -0.007935251 0.998581588 189.738784790
0.998450160 -0.017175578 0.052936781 13.731241226 0.016730618 0.999821007 0.008837258 -18.955038071 -0.053079080 -0.007937897 0.998558700 191.975616455
0.998411238 -0.018048048 0.053379007 13.922879219 0.017592981 0.999804914 0.008982902 -19.166830063 -0.053530723 -0.008029534 0.998533964 194.210754395
0.998429000 -0.018629510 0.052843679 14.155685425 0.018188970 0.999795794 0.008805382 -19.390907288 -0.052996933 -0.007830378 0.998563886 196.475296021
0.998449028 -0.016411874 0.053199634 14.368228912 0.015953215 0.999831915 0.009034689 -19.603790283 -0.053338971 -0.008171970 0.998542964 198.715560913
0.998465598 -0.014386692 0.053473473 14.570482254 0.013926148 0.999862731 0.008975224 -19.829771042 -0.053595260 -0.008216772 0.998528957 200.994674683
0.998431027 -0.013707655 0.054292105 14.782252312 0.013272898 0.999876976 0.008360283 -20.044324875 -0.054400027 -0.007626553 0.998490036 203.255172729
0.998402894 -0.014283018 0.054659676 14.991336823 0.013801551 0.999862611 0.009175802 -20.255117416 -0.054783240 -0.008406758 0.998462796 205.483932495
0.998347044 -0.015842624 0.055245578 15.196833611 0.015325711 0.999834836 0.009767819 -20.468282700 -0.055391204 -0.008904997 0.998424947 207.706909180
0.998341441 -0.015624710 0.055409327 15.426681519 0.015120750 0.999840498 0.009502843 -20.676118851 -0.055548962 -0.008649250 0.998418510 209.982330322
0.998238921 -0.015027734 0.057386179 15.635051727 0.014422451 0.999836028 0.010947191 -20.889722824 -0.057541281 -0.010100264 0.998292029 212.223464966
0.998146594 -0.013651595 0.059302472 15.864555359 0.013011527 0.999852955 0.011166068 -21.097581863 -0.059446190 -0.010373756 0.998177648 214.462310791
0.997957170 -0.012689712 0.062613837 16.043069839 0.012022845 0.999867022 0.011015813 -21.295360565 -0.062745295 -0.010240514 0.997976959 216.713043213
0.997820556 -0.012493067 0.064792350 16.273180008 0.011784481 0.999866605 0.011306926 -21.501142502 -0.064925000 -0.010518738 0.997834682 218.945846558
0.997686982 -0.013628070 0.066597536 16.510896683 0.012866656 0.999846935 0.011848703 -21.701429367 -0.066748843 -0.010964408 0.997709572 221.168869019
0.997603595 -0.014938042 0.067556955 16.751474380 0.014117842 0.999820948 0.012602088 -21.902862549 -0.067733109 -0.011618132 0.997635841 223.388305664
0.997541666 -0.017249377 0.067918546 17.003747940 0.016462969 0.999791026 0.012121445 -22.114242554 -0.068113446 -0.010973507 0.997617245 225.602951050
0.997518003 -0.018455639 0.067949861 17.253068924 0.017705202 0.999775589 0.011629803 -22.310703278 -0.068149269 -0.010397872 0.997620940 227.847595215
0.997476697 -0.018762531 0.068470687 17.492385864 0.017986787 0.999767184 0.011928572 -22.515188217 -0.068678543 -0.010666906 0.997581840 230.083251953
0.997427523 -0.020032331 0.068825938 17.741744995 0.019343751 0.999756098 0.010656726 -22.717166901 -0.069022633 -0.009297960 0.997571766 232.329269409
0.997384250 -0.020966878 0.069172449 17.987476349 0.020216918 0.999729156 0.011524287 -22.917743683 -0.069395341 -0.010095689 0.997538090 234.566070557
0.997319698 -0.020132430 0.070341878 18.234741211 0.019329246 0.999740124 0.012080433 -23.126800537 -0.070566803 -0.010688400 0.997449815 236.821975708
0.997293532 -0.019508392 0.070886143 18.474723816 0.018729290 0.999756873 0.011639077 -23.322376251 -0.071095958 -0.010279929 0.997416496 239.035797119
0.997259855 -0.019557985 0.071347512 18.719516754 0.018738773 0.999750793 0.012133407 -23.530820847 -0.071567044 -0.010763194 0.997377694 241.244674683
0.997213542 -0.020163339 0.071823440 18.965530396 0.019319519 0.999736130 0.012423934 -23.734302521 -0.072054990 -0.011001723 0.997339904 243.475021362
0.997174501 -0.020158837 0.072364315 19.211368561 0.019355208 0.999743164 0.011789532 -23.944574356 -0.072583407 -0.010355595 0.997308612 245.704833984
0.997171342 -0.020026702 0.072444856 19.468618393 0.019270744 0.999752462 0.011118970 -24.151321411 -0.072649613 -0.009691452 0.997310460 247.931503296
0.997154951 -0.020319026 0.072589219 19.728841782 0.019518035 0.999740720 0.011727051 -24.359828949 -0.072808683 -0.010276889 0.997292995 250.164428711
0.997117162 -0.021665467 0.072719671 19.987356186 0.020869225 0.999713838 0.011691604 -24.566865921 -0.072952189 -0.010140294 0.997283876 252.391830444
0.997117281 -0.021907859 0.072644345 20.257646561 0.021053059 0.999700069 0.012511959 -24.775018692 -0.072896682 -0.010946505 0.997279406 254.652496338
0.997094512 -0.022637174 0.072733544 20.500549316 0.021762565 0.999681354 0.012794996 -24.979381561 -0.073000006 -0.011174950 0.997269332 256.867004395
0.997047603 -0.023162497 0.073208109 20.761814117 0.022239346 0.999662876 0.013400136 -25.193716049 -0.073493809 -0.011732472 0.997226655 259.137969971
0.997009814 -0.022997120 0.073773883 21.020122528 0.022092169 0.999670625 0.013059326 -25.396648407 -0.074049897 -0.011390451 0.997189462 261.377166748
0.996991396 -0.023093568 0.073992535 21.283838272 0.022219662 0.999673665 0.012612369 -25.596609116 -0.074259639 -0.010930336 0.997178972 263.625885010
0.996960402 -0.022387294 0.074624568 21.544643402 0.021533212 0.999693334 0.012230088 -25.805376053 -0.074875474 -0.010586006 0.997136652 265.860137939
0.996908367 -0.021792736 0.075489715 21.806764603 0.020928068 0.999706149 0.012226391 -26.005262375 -0.075733989 -0.010608736 0.997071624 268.097869873
0.996780217 -0.021709418 0.077186294 22.066762924 0.020849302 0.999711454 0.011931931 -26.213464737 -0.077423051 -0.010284233 0.996945262 270.361145020
0.996678948 -0.022454584 0.078274265 22.340885162 0.021556024 0.999692023 0.012305859 -26.419513702 -0.078526475 -0.010577708 0.996855855 272.603027344
0.996480167 -0.023061190 0.080593683 22.590234756 0.022089297 0.999672413 0.012930119 -26.621137619 -0.080865458 -0.011104348 0.996663153 274.856506348
0.996398091 -0.022977140 0.081626356 22.874259949 0.021889172 0.999659598 0.014198678 -26.817106247 -0.081924833 -0.012360804 0.996561885 277.095611572
0.996338189 -0.021733096 0.082691610 23.165229797 0.020555956 0.999675333 0.015060253 -27.016515732 -0.082992062 -0.013305299 0.996461451 279.349731445
0.996235967 -0.021654870 0.083934292 23.448545456 0.020400239 0.999667346 0.015776850 -27.216526031 -0.084248006 -0.014005185 0.996346414 281.608245850
0.996106148 -0.021014452 0.085621066 23.717302322 0.019628489 0.999662876 0.016997075 -27.420110703 -0.085949369 -0.015250278 0.996182859 283.850830078
0.996131599 -0.020329967 0.085490152 24.021329880 0.019068994 0.999697387 0.015540839 -27.609312057 -0.085780233 -0.013850509 0.996217728 286.114532471
0.996023834 -0.019769464 0.086865447 24.293233871 0.018528221 0.999714732 0.015072430 -27.807075500 -0.087138638 -0.013403039 0.996106029 288.340179443
0.995967567 -0.019664980 0.087532379 24.566518784 0.018457556 0.999723315 0.014582177 -28.008579254 -0.087794915 -0.012907739 0.996054947 290.575988770
0.995985568 -0.019984674 0.087254755 24.861555099 0.018831922 0.999724448 0.014014644 -28.202947617 -0.087510780 -0.012315208 0.996087432 292.823455811
0.995973110 -0.020511076 0.087274984 25.149036407 0.019417340 0.999722183 0.013362629 -28.405380249 -0.087524809 -0.011614170 0.996094644 295.052551270
0.995935559 -0.020307906 0.087749563 25.422386169 0.019214066 0.999727011 0.013292297 -28.603944778 -0.087995529 -0.011552245 0.996053874 297.298126221
0.995946586 -0.019942574 0.087707706 25.712860107 0.018801205 0.999727726 0.013820298 -28.801143646 -0.087959424 -0.012115269 0.996050358 299.540039062
0.995919704 -0.019232741 0.088170283 25.993309021 0.018055642 0.999737144 0.014128464 -29.000946045 -0.088418849 -0.012478846 0.996005177 301.780303955
0.995889544 -0.019896753 0.088363431 26.281251907 0.018713642 0.999724030 0.014197556 -29.198699951 -0.088621534 -0.012485595 0.995987117 304.032165527
0.995870590 -0.019333646 0.088701285 26.572031021 0.018114403 0.999730349 0.014529997 -29.400001526 -0.088958293 -0.012863225 0.995952249 306.282073975
0.995844126 -0.020296797 0.088783816 26.858951569 0.019106487 0.999715984 0.014236306 -29.599979401 -0.089047566 -0.012480795 0.995949090 308.534088135
0.995770931 -0.021456502 0.089330293 27.147537231 0.020213807 0.999686360 0.014792864 -29.802436829 -0.089619674 -0.012924597 0.995892346 310.801361084
0.995752752 -0.021743705 0.089463256 27.443994522 0.020577833 0.999691129 0.013933727 -29.999834061 -0.089738615 -0.012033585 0.995892644 313.052734375
0.995780468 -0.021355933 0.089247897 27.741624832 0.020132793 0.999690950 0.014582871 -30.201486588 -0.089531742 -0.012724529 0.995902658 315.290344238
0.995736539 -0.019683711 0.090117775 28.034505844 0.018524311 0.999734700 0.013683824 -30.403795242 -0.090363212 -0.011956113 0.995837092 317.531036377
0.995715559 -0.018073464 0.090687200 28.320678711 0.016853791 0.999757171 0.014197075 -30.603244781 -0.090921760 -0.012607821 0.995778203 319.775329590
0.995639741 -0.017280050 0.091667674 28.606950760 0.016093828 0.999777138 0.013663970 -30.806612015 -0.091883354 -0.012129107 0.995695889 321.997375488
0.995606184 -0.016808620 0.092118077 28.896974564 0.015563312 0.999777734 0.014220387 -31.005887985 -0.092336617 -0.012724242 0.995646477 324.241271973
0.995625257 -0.016231384 0.092015117 29.197767258 0.014851744 0.999767065 0.015658647 -31.216217041 -0.092247859 -0.014223560 0.995634496 326.460968018
0.995578647 -0.016503308 0.092469580 29.483488083 0.015130319 0.999764860 0.015529490 -31.419296265 -0.092704140 -0.014061734 0.995594382 328.689910889
0.995559514 -0.017595330 0.092474356 29.785919189 0.016272997 0.999754548 0.015034112 -31.618762970 -0.092716180 -0.013462519 0.995601535 330.915863037
0.995569110 -0.017138680 0.092457026 30.079254150 0.015850887 0.999767125 0.014645092 -31.816110611 -0.092686504 -0.013114675 0.995608926 333.133789062
0.995547414 -0.017236643 0.092672490 30.372838974 0.015809113 0.999745131 0.016116181 -32.015888214 -0.092926674 -0.014579356 0.995566189 335.361968994
0.995588541 -0.017898845 0.092103504 30.681581497 0.016479170 0.999733686 0.016151428 -32.209716797 -0.092368051 -0.014562387 0.995618463 337.589569092
0.995555699 -0.017411977 0.092550606 30.966680527 0.015933406 0.999733746 0.016690889 -32.411735535 -0.092816591 -0.015142064 0.995568216 339.819488525
0.995583534 -0.017657032 0.092203841 31.271345139 0.016222866 0.999735832 0.016280748 -32.606620789 -0.092466965 -0.014713038 0.995607018 342.061065674
0.995589077 -0.017951326 0.092087612 31.567159653 0.016443908 0.999718547 0.017102167 -32.803695679 -0.092368700 -0.015512451 0.995604038 344.306304932
0.995617688 -0.017542217 0.091856658 31.859464645 0.016038464 0.999725401 0.017083341 -32.995155334 -0.092131108 -0.015535236 0.995625615 346.545715332
0.995655179 -0.017285844 0.091498703 32.156223297 0.015804518 0.999732435 0.016889514 -33.186004639 -0.091766171 -0.015370039 0.995661974 348.783874512
0.995623946 -0.016940616 0.091902249 32.447921753 0.015403836 0.999729812 0.017405570 -33.384628296 -0.092172280 -0.015913757 0.995615900 351.020782471
0.995666325 -0.017020013 0.091426209 32.744941711 0.015460869 0.999723196 0.017734878 -33.578086853 -0.091702752 -0.016244493 0.995653927 353.237823486
0.995714843 -0.016822768 0.090933181 33.042465210 0.015308795 0.999732792 0.017321309 -33.773067474 -0.091200300 -0.015855009 0.995706320 355.485473633
0.995766461 -0.016771855 0.090375938 33.340805054 0.015233614 0.999727607 0.017683482 -33.963607788 -0.090647906 -0.016231868 0.995750666 357.716918945
0.995820701 -0.016405629 0.089843847 33.636207581 0.014795379 0.999718308 0.018559553 -34.156986237 -0.090123028 -0.017152714 0.995782912 359.962310791
0.995878816 -0.016578842 0.089164943 33.934719086 0.014960695 0.999711573 0.018785657 -34.352325439 -0.089450650 -0.017374270 0.995839715 362.201751709
0.995923042 -0.016451465 0.088693596 34.232124329 0.014806762 0.999706507 0.019169854 -34.542350769 -0.088982925 -0.017778441 0.995874465 364.442596436
0.995971620 -0.016428798 0.088150598 34.523075104 0.014861669 0.999720097 0.018404851 -34.731834412 -0.088428304 -0.017020648 0.995937049 366.684692383
0.996002495 -0.017016098 0.087689899 34.810096741 0.015464807 0.999712110 0.018339811 -34.924495697 -0.087976724 -0.016910389 0.995979130 368.924407959
0.995993972 -0.016861485 0.087816715 35.092548370 0.015407166 0.999733090 0.017212484 -35.108028412 -0.088083506 -0.015790520 0.995988011 371.191925049
0.996066928 -0.017643848 0.086828880 35.380783081 0.016171753 0.999713838 0.017628282 -35.305751801 -0.087115072 -0.016154779 0.996067286 373.397644043
0.996179760 -0.017629122 0.085528120 35.679828644 0.016134886 0.999705434 0.018130666 -35.493904114 -0.085822560 -0.016681418 0.996170759 375.641876221
0.996073782 -0.017233366 0.086832635 35.955528259 0.015655417 0.999700308 0.018820630 -35.690364838 -0.087130956 -0.017387338 0.996045053 377.910430908
0.996062279 -0.017704431 0.086869702 36.238338470 0.016096517 0.999686539 0.019175196 -35.884132385 -0.087181948 -0.017701397 0.996035039 380.144927979
0.996060014 -0.017659958 0.086905144 36.529979706 0.016073139 0.999691725 0.018925229 -36.066017151 -0.087212577 -0.017453825 0.996036828 382.402648926
0.996057689 -0.016655440 0.087130360 36.820980072 0.015038921 0.999702990 0.019176537 -36.258865356 -0.087423876 -0.017790593 0.996012330 384.662872314
0.996084571 -0.015510687 0.087034300 37.118743896 0.013900127 0.999721348 0.019080559 -36.443759918 -0.087306008 -0.017796058 0.996022582 386.942169189
0.996112227 -0.014369376 0.086913235 37.417144775 0.012755329 0.999736249 0.019097745 -36.644226074 -0.087164737 -0.017914895 0.996032834 389.217437744
0.996092975 -0.012903990 0.087362058 37.697162628 0.011265703 0.999751806 0.019220017 -36.840148926 -0.087588400 -0.018160727 0.995991170 391.495758057
0.996116877 -0.011687374 0.087261513 37.987850189 0.009910369 0.999735177 0.020769633 -37.033370972 -0.087481156 -0.019824186 0.995968819 393.759704590
0.996044576 -0.010434034 0.088239908 38.263927460 0.008611363 0.999742150 0.021011373 -37.222972870 -0.088436380 -0.020168399 0.995877564 396.026794434
0.995984137 -0.010133717 0.088953659 38.548168182 0.008419982 0.999772072 0.019619595 -37.419441223 -0.089132197 -0.018791815 0.995842516 398.289581299
0.995916903 -0.010289832 0.089686170 38.828926086 0.008613432 0.999781370 0.019058902 -37.610301971 -0.089862667 -0.018208578 0.995787680 400.549468994
0.995760322 -0.011306374 0.091287374 39.101150513 0.009463860 0.999743223 0.020591380 -37.800170898 -0.091496721 -0.019640150 0.995611668 402.785858154
0.995787024 -0.012876828 0.090787314 39.407417297 0.010983727 0.999712348 0.021320967 -37.989952087 -0.091035761 -0.020233961 0.995642066 405.072631836
0.995733082 -0.013296909 0.091317490 39.698219299 0.011407788 0.999710560 0.021178326 -38.174919128 -0.091572680 -0.020046225 0.995596647 407.325164795
0.995697916 -0.012122449 0.091862217 40.002918243 0.010297274 0.999740481 0.020316612 -38.357479095 -0.092084661 -0.019283278 0.995564401 409.574096680
0.995637238 -0.011270950 0.092625059 40.300792694 0.009386760 0.999740601 0.020752655 -38.550552368 -0.092834942 -0.019792667 0.995484889 411.827362061
0.995586336 -0.010108841 0.093304060 40.591564178 0.008243361 0.999758780 0.020357359 -38.737144470 -0.093487360 -0.019498367 0.995429516 414.070556641
0.995476604 -0.008903449 0.094588898 40.893203735 0.006993780 0.999765277 0.020501511 -38.924987793 -0.094749227 -0.019747235 0.995305300 416.344818115
0.995447099 -0.009189029 0.094871156 41.202880859 0.007280000 0.999764383 0.020448914 -39.115219116 -0.095036723 -0.019665156 0.995279491 418.601043701
0.995336652 -0.009557157 0.095986843 41.497661591 0.007631819 0.999762654 0.020405464 -39.301120758 -0.096159086 -0.019577753 0.995173395 420.854492188
0.995264113 -0.009979784 0.096693434 41.793491364 0.008071136 0.999765217 0.020110225 -39.490543365 -0.096871436 -0.019234562 0.995110989 423.107086182
0.995205343 -0.010562787 0.097235456 42.099414825 0.008521476 0.999734998 0.021384900 -39.681087494 -0.097435579 -0.020453783 0.995031595 425.377624512
0.995144904 -0.009900489 0.097921111 42.397983551 0.007780847 0.999727607 0.022004666 -39.868778229 -0.098112278 -0.021135923 0.994950891 427.625427246
0.995092154 -0.009216507 0.098522216 42.711509705 0.006977899 0.999710083 0.023042336 -40.057643890 -0.098706029 -0.022241773 0.994868040 429.902313232
0.995023906 -0.008793504 0.099247761 43.018638611 0.006545102 0.999714971 0.022957353 -40.239562988 -0.099421360 -0.022193527 0.994797885 432.174316406
0.994997859 -0.009534222 0.099440426 43.335563660 0.007320294 0.999717653 0.022605037 -40.433021545 -0.099627860 -0.021764023 0.994786680 434.433502197
0.994946897 -0.008762104 0.100018881 43.640384674 0.006477188 0.999711096 0.023146765 -40.611972809 -0.100192800 -0.022381965 0.994716227 436.684753418
0.994898319 -0.009380354 0.100445263 43.953647614 0.007023910 0.999692500 0.023787979 -40.802299500 -0.100637496 -0.022961101 0.994658172 438.969055176
0.994947553 -0.009336066 0.099961348 44.279922485 0.006984190 0.999691129 0.023852011 -40.980606079 -0.100153148 -0.023033353 0.994705439 441.240905762
0.994900167 -0.009235647 0.100440018 44.588462830 0.006734414 0.999659419 0.025213359 -41.178352356 -0.100638650 -0.024408374 0.994623542 443.476989746
0.994860411 -0.010001877 0.100760572 44.909374237 0.007485957 0.999651432 0.025316542 -41.356975555 -0.100978665 -0.024432136 0.994588554 445.754974365
0.994853020 -0.010068316 0.100826770 45.228359222 0.007570101 0.999655545 0.025129333 -41.541900635 -0.101045042 -0.024236724 0.994586587 448.025512695
0.994860590 -0.009215124 0.100835159 45.553222656 0.006764373 0.999674022 0.024619520 -41.723262787 -0.101029173 -0.023810901 0.994598508 450.284820557
0.994802773 -0.008857080 0.101434588 45.867042542 0.006396201 0.999677896 0.024560347 -41.910186768 -0.101619445 -0.023783902 0.994539022 452.547210693
0.994699001 -0.008311869 0.102492765 46.174163818 0.005804569 0.999677122 0.024737220 -42.083011627 -0.102665283 -0.024011163 0.994426131 454.810668945
0.994674504 -0.008745210 0.102694251 46.482433319 0.006231914 0.999673903 0.024768980 -42.273792267 -0.102877349 -0.023997096 0.994404554 457.068481445
0.994697094 -0.007951965 0.102539301 46.812137604 0.005512073 0.999695361 0.024056138 -42.452804565 -0.102699354 -0.023363367 0.994438052 459.351867676
0.994656146 -0.006993558 0.103007331 47.126869202 0.004486791 0.999688625 0.024547422 -42.634033203 -0.103146948 -0.023954077 0.994377673 461.633026123
0.994684458 -0.006977478 0.102732718 47.451297760 0.004339180 0.999655604 0.025882302 -42.814735413 -0.102877937 -0.025298949 0.994372189 463.911804199
0.994704723 -0.006661125 0.102558047 47.762866974 0.004010623 0.999653101 0.026028471 -42.985126495 -0.102695853 -0.025479320 0.994386435 466.176422119
0.994798422 -0.006671031 0.101645425 48.086277008 0.004163160 0.999682069 0.024864925 -43.158229828 -0.101779014 -0.024312418 0.994509816 468.457031250
0.994881988 -0.006718338 0.100821003 48.416801453 0.004280377 0.999693632 0.024377966 -43.340557098 -0.100953899 -0.023821646 0.994605899 470.751403809
0.994949043 -0.007178012 0.100124061 48.734016418 0.004622547 0.999658227 0.025731673 -43.529136658 -0.100274548 -0.025138877 0.994642138 473.026977539
0.994915485 -0.007247615 0.100452274 49.038745880 0.004614951 0.999640405 0.026415743 -43.714027405 -0.100607596 -0.025817849 0.994591236 475.307525635
0.994959295 -0.006596326 0.100062363 49.345363617 0.004042685 0.999661505 0.025701839 -43.875633240 -0.100198016 -0.025167760 0.994649291 477.581207275
0.994986951 -0.006660867 0.099783711 49.665180206 0.004075395 0.999651194 0.026092246 -44.050636292 -0.099922702 -0.025554786 0.994666994 479.864990234
0.994994462 -0.007357509 0.099660113 49.978996277 0.004708995 0.999630153 0.026784705 -44.230373383 -0.099820338 -0.026181333 0.994660914 482.135620117
0.995019138 -0.008039962 0.099360526 50.290306091 0.005463484 0.999642551 0.026175534 -44.407211304 -0.099535473 -0.025502302 0.994707108 484.405761719
0.995124280 -0.008093705 0.098296620 50.607658386 0.005443583 0.999615192 0.027198797 -44.595958710 -0.098478943 -0.026531097 0.994785368 486.676971436
0.995130777 -0.008569062 0.098190449 50.914970398 0.006006944 0.999634504 0.026359320 -44.754215240 -0.098380432 -0.025641141 0.994818628 488.967437744
0.995146453 -0.008437859 0.098042466 51.228214264 0.005811993 0.999617517 0.027037749 -44.929325104 -0.098233104 -0.026336694 0.994814873 491.266845703
0.995206237 -0.007637213 0.097499058 51.544277191 0.005004455 0.999617100 0.027218949 -45.099941254 -0.097669579 -0.026600545 0.994863331 493.547637939
0.995214760 -0.007297562 0.097439036 51.846752167 0.004730156 0.999636173 0.026553914 -45.271286011 -0.097597346 -0.025965946 0.994887173 495.845062256
0.995236397 -0.006926383 0.097244598 52.168766022 0.004389376 0.999644935 0.026278658 -45.457958221 -0.097392090 -0.025726629 0.994913459 498.155242920
0.995279551 -0.006920560 0.096802294 52.479507446 0.004318875 0.999624491 0.027060043 -45.634368896 -0.096953213 -0.026514230 0.994935691 500.449218750
0.995275438 -0.006364632 0.096882984 52.784442902 0.003725096 0.999617577 0.027401108 -45.812812805 -0.097020335 -0.026910752 0.994918466 502.723114014
0.995310128 -0.005255413 0.096591681 53.096359253 0.002700824 0.999643624 0.026559040 -45.986648560 -0.096696831 -0.026173607 0.994969666 505.014160156
0.995333195 -0.005109972 0.096362613 53.403388977 0.002490635 0.999624670 0.027282806 -46.163787842 -0.096465863 -0.026915479 0.994972229 507.303344727
0.995369971 -0.005652456 0.095951222 53.719543457 0.003134836 0.999647379 0.026369026 -46.341529846 -0.096066430 -0.025946148 0.995036662 509.594055176
0.995422900 -0.006389031 0.095354170 54.041503906 0.003813845 0.999623716 0.027164398 -46.524051666 -0.095491856 -0.026676401 0.995072722 511.898590088
0.995440245 -0.006029724 0.095195755 54.352626801 0.003455109 0.999624312 0.027187182 -46.695259094 -0.095323920 -0.026734304 0.995087266 514.211486816
0.995464027 -0.005250482 0.094993524 54.663463593 0.002711223 0.999635994 0.026840210 -46.869316101 -0.095099874 -0.026460914 0.995115995 516.515319824
0.995468199 -0.004176856 0.095004186 54.963020325 0.001642253 0.999641001 0.026741421 -47.049419403 -0.095081791 -0.026464211 0.995117664 518.804992676
0.995411336 -0.002448001 0.095657378 55.272560120 -0.000116910 0.999640822 0.026798718 -47.227054596 -0.095688641 -0.026686931 0.995053530 521.140136719
0.995361507 -0.000584774 0.096203357 55.586475372 -0.002005883 0.999637961 0.026830053 -47.402389526 -0.096184239 -0.026898576 0.995000005 523.464050293
0.995310545 0.000139053 0.096731052 55.904354095 -0.002863071 0.999603331 0.028022511 -47.573287964 -0.096688770 -0.028168049 0.994916022 525.789489746
0.995253444 -0.000130555 0.097315922 56.214164734 -0.002598394 0.999606907 0.027914908 -47.747322083 -0.097281307 -0.028035279 0.994861960 528.096435547
0.995206118 -0.001948697 0.097780429 56.525386810 -0.000923233 0.999569714 0.029317372 -47.919677734 -0.097795494 -0.029267099 0.994776011 530.409545898
0.995153487 -0.003540440 0.098269157 56.849441528 0.000709728 0.999584198 0.028825724 -48.088607788 -0.098330341 -0.028616279 0.994742274 532.730224609
0.995138884 -0.003595904 0.098415673 57.164585114 0.000810805 0.999598444 0.028324721 -48.261810303 -0.098478004 -0.028107237 0.994742215 535.031311035
0.995045960 -0.003810641 0.099342875 57.476902008 0.001014307 0.999602258 0.028183628 -48.436988831 -0.099410772 -0.027943240 0.994654059 537.343017578
0.994961381 -0.003299540 0.100204878 57.786396027 0.000536526 0.999619246 0.027588092 -48.615676880 -0.100257739 -0.027395323 0.994584382 539.652587891
0.994853556 -0.002271241 0.101297170 58.100952148 -0.000471485 0.999634087 0.027043885 -48.789222717 -0.101321518 -0.026952468 0.994488537 541.978942871
0.994792461 -0.001790116 0.101904906 58.429164886 -0.000891658 0.999654651 0.026264813 -48.966697693 -0.101916730 -0.026218902 0.994447351 544.300537109
0.994619131 -0.001600906 0.103586785 58.726779938 -0.001158712 0.999646127 0.026574975 -49.146778107 -0.103592671 -0.026552010 0.994265318 546.623657227
0.994513214 -0.001348278 0.104602180 59.044158936 -0.001521087 0.999624789 0.027346591 -49.325077057 -0.104599833 -0.027355658 0.994138002 548.937194824
0.994435549 -0.001060524 0.105341233 59.362934113 -0.001797682 0.999632835 0.027034177 -49.496154785 -0.105331250 -0.027073111 0.994068503 551.242431641
0.994488537 -0.003029221 0.104801700 59.707813263 0.000206923 0.999637306 0.026930291 -49.691371918 -0.104845248 -0.026760178 0.994128585 553.565551758
0.994522572 -0.003174434 0.104473256 60.046745300 0.000301409 0.999621570 0.027504403 -49.870361328 -0.104521029 -0.027322259 0.994147301 555.878540039
0.994449973 -0.003094976 0.105165049 60.371196747 0.000157367 0.999609888 0.027930139 -50.044757843 -0.105210461 -0.027758576 0.994062483 558.183654785
0.994420826 -0.002291830 0.105460040 60.703067780 -0.000770235 0.999579549 0.028985435 -50.219398499 -0.105482116 -0.028904954 0.994000971 560.508789062
0.994423211 -0.003033205 0.105419695 61.044761658 -0.000097017 0.999559581 0.029675150 -50.395114899 -0.105463274 -0.029519886 0.993984938 562.838195801
0.994391501 -0.002518491 0.105731942 61.379837036 -0.000708529 0.999535322 0.030472118 -50.567207336 -0.105759561 -0.030376131 0.993927658 565.156066895
0.994322062 -0.001400055 0.106403537 61.718898773 -0.001826692 0.999541461 0.030222047 -50.746433258 -0.106397070 -0.030244816 0.993863642 567.478454590
0.994342923 -0.000445417 0.106216803 62.070251465 -0.002605514 0.999588013 0.028583124 -50.910316467 -0.106185779 -0.028698172 0.993932068 569.811706543
0.994323552 0.000025116 0.106399566 62.418804169 -0.003094531 0.999583781 0.028683010 -51.082916260 -0.106354572 -0.028849443 0.993909657 572.131530762
0.994325638 -0.000135989 0.106379263 62.758872986 -0.003003551 0.999564588 0.029351929 -51.251876831 -0.106336944 -0.029504893 0.993892312 574.496520996
0.994327962 -0.000350527 0.106357165 63.107521057 -0.002938676 0.999522269 0.030767724 -51.432044983 -0.106317133 -0.030905761 0.993851781 576.808776855
0.994232833 0.000062221 0.107243054 63.435195923 -0.003230600 0.999563396 0.029370425 -51.610435486 -0.107194409 -0.029547498 0.993798852 579.201232910
0.994291067 -0.000610463 0.106700353 63.784099579 -0.002474554 0.999582827 0.028778125 -51.774852753 -0.106673382 -0.028877866 0.993874669 581.537597656
0.994233966 -0.001473851 0.107222177 64.126861572 -0.001875261 0.999513686 0.031127715 -51.966735840 -0.107215941 -0.031149302 0.993747711 583.856567383
0.994319677 -0.001335862 0.106425509 64.473052979 -0.001973477 0.999517918 0.030983977 -52.134227753 -0.106415592 -0.031018009 0.993837833 586.174255371
0.994279742 -0.004229150 0.106723711 64.834426880 0.001046282 0.999553502 0.029861823 -52.310623169 -0.106802344 -0.029579340 0.993840158 588.550781250
0.994334221 -0.004468610 0.106204934 65.183319092 0.001322251 0.999558628 0.029677326 -52.476764679 -0.106290676 -0.029368751 0.993901312 590.892700195
0.994355738 -0.006190756 0.105916567 65.523757935 0.003018952 0.999543071 0.030080410 -52.649353027 -0.106054373 -0.029590871 0.993919969 593.225036621
0.994398832 -0.007040821 0.105457187 65.876037598 0.003862655 0.999532998 0.030311000 -52.823246002 -0.105621345 -0.029733883 0.993961811 595.582885742
