1.000000000 0.000000000 0.000000000 0.000000000 0.000000000 1.000000000 0.000000000 0.000000000 0.000000000 0.000000000 1.000000000 0.000000000
0.999999881 0.000127529 0.000473317 0.085792623 -0.000127457 1.000000000 -0.000151952 -0.225832477 -0.000473337 0.000151892 0.999999881 2.290062666
0.999999166 0.000485649 0.001211164 0.164536133 -0.000486075 0.999999821 0.000352204 -0.462628305 -0.001210993 -0.000352792 0.999999166 4.588038921
0.999998331 0.000139227 0.001785942 0.262118816 -0.000140193 0.999999821 0.000540546 -0.693928540 -0.001785867 -0.000540796 0.999998271 6.880358696
0.999996543 0.000231392 0.002626753 0.355327040 -0.000228622 0.999999404 -0.001054590 -0.926970422 -0.002626995 0.001053986 0.999996006 9.175498962
0.999986768 0.001974815 0.004740686 0.446181595 -0.001976263 0.999997973 0.000300763 -1.162339449 -0.004740083 -0.000310128 0.999988735 11.479734421
0.999964356 0.004103878 0.007379127 0.532357633 -0.004114235 0.999990702 0.001389062 -1.389609098 -0.007373357 -0.001419372 0.999971747 13.788803101
0.999944806 0.003916449 0.009746388 0.639517844 -0.003954916 0.999984503 0.003930558 -1.618034840 -0.009730843 -0.003968887 0.999944746 16.062686920
0.999939561 0.003803249 0.010314059 0.761277318 -0.003853393 0.999980748 0.004846210 -1.844872952 -0.010295432 -0.004885660 0.999935091 18.407405853
0.999929547 0.002935901 0.011501403 0.878631294 -0.002993891 0.999982834 0.005028025 -2.069777250 -0.011486445 -0.005062105 0.999921203 20.694950104
0.999926031 0.000719191 0.012134846 0.997432888 -0.000751930 0.999996066 0.002693568 -2.297898293 -0.012132865 -0.002702493 0.999922693 23.017402649
0.999913752 -0.001590252 0.013037836 1.104251862 0.001584371 0.999998569 0.000461387 -2.516083956 -0.013038552 -0.000440691 0.999914885 25.300115585
0.999915659 -0.002365738 0.012772220 1.246261835 0.002364616 0.999997199 0.000102977 -2.766987324 -0.012772425 -0.000072767 0.999918342 27.607969284
0.999905407 -0.002061040 0.013601192 1.354687452 0.002073589 0.999997497 -0.000908588 -2.992841005 -0.013599284 0.000936705 0.999907076 29.894823074
0.999891818 0.000221050 0.014702106 1.472002745 -0.000241179 0.999999046 0.001367366 -3.221669674 -0.014701785 -0.001370764 0.999890983 32.177658081
0.999888778 0.002222110 0.014744798 1.602572560 -0.002274042 0.999991238 0.003506217 -3.442962885 -0.014736877 -0.003539358 0.999885142 34.458438873
0.999850452 0.004666393 0.016654028 1.712135077 -0.004798181 0.999957442 0.007882155 -3.679646492 -0.016616536 -0.007960884 0.999830365 36.761375427
0.999836206 0.006514795 0.016885959 1.836985826 -0.006642531 0.999949694 0.007519612 -3.899348259 -0.016836125 -0.007630547 0.999829054 39.033885956
0.999799073 0.005407017 0.019301936 1.936386824 -0.005521362 0.999967515 0.005875597 -4.102801800 -0.019269541 -0.005980989 0.999796450 41.319770813
0.999808192 0.002992012 0.019357722 2.062877893 -0.003083088 0.999984384 0.004676782 -4.327095032 -0.019343430 -0.004735566 0.999801695 43.598579407
0.999819875 0.002865389 0.018769484 2.209730625 -0.002940378 0.999987721 0.003968845 -4.555084229 -0.018757885 -0.004023318 0.999816060 45.842666626
0.999816477 0.002267023 0.019024353 2.335016727 -0.002325388 0.999992788 0.003046345 -4.785019875 -0.019017309 -0.003090026 0.999814391 48.120677948
0.999818563 0.000840423 0.019030940 2.471975327 -0.000907614 0.999993384 0.003522221 -5.014443398 -0.019027853 -0.003538855 0.999812663 50.398967743
0.999801934 -0.000182356 0.019901907 2.602645874 0.000099768 0.999991357 0.004150691 -5.240207672 -0.019902498 -0.004147884 0.999793291 52.664836884
0.999792457 -0.001440179 0.020322042 2.736822128 0.001355735 0.999990404 0.004168438 -5.469126225 -0.020327851 -0.004140022 0.999784827 54.947864532
0.999771357 -0.001701733 0.021313319 2.868129253 0.001610710 0.999989510 0.004287128 -5.696912289 -0.021320386 -0.004251819 0.999763668 57.250507355
0.999753833 -0.003132318 0.021964615 3.006606102 0.003021148 0.999982476 0.005092696 -5.922215462 -0.021980178 -0.005025084 0.999745786 59.520820618
0.999710739 -0.004699802 0.023586636 3.128430843 0.004594274 0.999979317 0.004526212 -6.145779610 -0.023607420 -0.004416540 0.999711573 61.791065216
0.999691546 -0.005424891 0.024236590 3.280442476 0.005320255 0.999976218 0.004379693 -6.369194508 -0.024259774 -0.004249398 0.999696612 64.044952393
0.999662220 -0.004959234 0.025511231 3.418923378 0.004835267 0.999976218 0.004918673 -6.590218544 -0.025535015 -0.004793658 0.999662399 66.316047668
0.999642968 -0.003998788 0.026417239 3.566967487 0.003860915 0.999978662 0.005267987 -6.816326141 -0.026437743 -0.005164112 0.999637127 68.576744080
0.999608517 -0.004230161 0.027654389 3.704779625 0.004094185 0.999979198 0.004971784 -7.040392399 -0.027674844 -0.004856615 0.999605119 70.828598022
0.999594152 -0.004944620 0.028055886 3.863660336 0.004841407 0.999981284 0.003745561 -7.264582157 -0.028073877 -0.003608211 0.999599338 73.083290100
0.999578834 -0.005937853 0.028405333 4.022698879 0.005826680 0.999975026 0.003995004 -7.489205837 -0.028428350 -0.003827812 0.999588490 75.365859985
0.999533713 -0.007145801 0.029687192 4.180970669 0.007048988 0.999969482 0.003364525 -7.718292713 -0.029710326 -0.003153690 0.999553561 77.631240845
0.999527216 -0.008130331 0.029652862 4.337207794 0.008024773 0.999961019 0.003677081 -7.956141949 -0.029681602 -0.003437385 0.999553502 79.894218445
0.999496520 -0.008549164 0.030553808 4.485228539 0.008459519 0.999959469 0.003062070 -8.169404984 -0.030578747 -0.002802057 0.999528527 82.150146484
0.999485075 -0.007968723 0.031082207 4.656229019 0.007872792 0.999963820 0.003207531 -8.399873734 -0.031106636 -0.002961176 0.999511659 84.429107666
0.999436557 -0.007646316 0.032680437 4.813923836 0.007530991 0.999965012 0.003650447 -8.617002487 -0.032707207 -0.003402275 0.999459147 86.681854248
0.999429405 -0.007819269 0.032857496 4.978752613 0.007654054 0.999957383 0.005151009 -8.849796295 -0.032896370 -0.004896577 0.999446750 88.963325500
0.999402642 -0.006782012 0.033887457 5.137489796 0.006583510 0.999960542 0.005965821 -9.077570915 -0.033926588 -0.005739158 0.999407828 91.219421387
0.999376714 -0.006788038 0.034641072 5.304962158 0.006589433 0.999961197 0.005844193 -9.296529770 -0.034679390 -0.005612285 0.999382734 93.472084045
0.999358475 -0.007033126 0.035115380 5.474009514 0.006854626 0.999962986 0.005201069 -9.511110306 -0.035150655 -0.004957030 0.999369740 95.726638794
0.999321818 -0.007407670 0.036069017 5.636759281 0.007209555 0.999958217 0.005619646 -9.730986595 -0.036109138 -0.005355793 0.999333501 97.983100891
0.999285877 -0.007063803 0.037119024 5.796003342 0.006870626 0.999962211 0.005329229 -9.961888313 -0.037155267 -0.005070393 0.999296606 100.225517273
0.999237597 -0.007151216 0.038380988 5.955776215 0.006909225 0.999955475 0.006433898 -10.177741051 -0.038425289 -0.006163809 0.999242485 102.457344055
0.999220192 -0.007737048 0.038719028 6.149025440 0.007492486 0.999951065 0.006457432 -10.404721260 -0.038767096 -0.006162295 0.999229252 104.738685608
0.999184251 -0.008428118 0.039493151 6.324321747 0.008150879 0.999941170 0.007175586 -10.618206978 -0.039551303 -0.006847829 0.999194086 106.976646423
0.999154985 -0.009774610 0.039922368 6.505530834 0.009489250 0.999928117 0.007331130 -10.833706856 -0.039991163 -0.006946101 0.999175906 109.232337952
0.999115944 -0.011037378 0.040564481 6.687185287 0.010707565 0.999908030 0.008338867 -11.058404922 -0.040652785 -0.007897149 0.999142110 111.492698669
0.999089777 -0.011726219 0.041013762 6.873895645 0.011450055 0.999910235 0.006961890 -11.275726318 -0.041091718 -0.006485943 0.999134302 113.755073547
0.999048591 -0.012113978 0.041893318 7.054199696 0.011870249 0.999911129 0.006061678 -11.492358208 -0.041963033 -0.005558627 0.999103725 116.005348206
0.999003649 -0.012543816 0.042829763 7.235685349 0.012275187 0.999903321 0.006529263 -11.717938423 -0.042907529 -0.005997014 0.999060988 118.257827759
0.998952210 -0.012879920 0.043915354 7.422957420 0.012564214 0.999893248 0.007457422 -11.941749573 -0.044006720 -0.006897847 0.999007404 120.528503418
0.998932540 -0.013709425 0.044110581 7.625216484 0.013365895 0.999878049 0.008073498 -12.163009644 -0.044215892 -0.007475302 0.998994052 122.740585327
0.998872101 -0.014491316 0.045216180 7.817644596 0.014166347 0.999871552 0.007499218 -12.383515358 -0.045319047 -0.006850212 0.998948991 125.053298950
0.998839498 -0.015034202 0.045755919 8.001428604 0.014735056 0.999867857 0.006868180 -12.605377197 -0.045853131 -0.006185994 0.998929024 127.318061829
0.998819709 -0.016788930 0.045577973 8.193742752 0.016479500 0.999838591 0.007156351 -12.819169998 -0.045690760 -0.006396801 0.998935103 129.590255737
0.998838663 -0.017889548 0.044735748 8.381115913 0.017580459 0.999818802 0.007293119 -13.030100822 -0.044858117 -0.006498172 0.998972237 131.840560913
0.998899043 -0.018240493 0.043218762 8.580974579 0.017896870 0.999805152 0.008324505 -13.243266106 -0.043362193 -0.007541860 0.999030888 134.076797485
0.998946011 -0.019034432 0.041768230 8.770181656 0.018699463 0.999789894 0.008395948 -13.472304344 -0.041919257 -0.007606053 0.999092042 136.341552734
0.999013603 -0.019727450 0.039782453 8.978955269 0.019417400 0.999778152 0.008165056 -13.684238434 -0.039934698 -0.007384530 0.999175012 138.568542480
0.998997211 -0.020572875 0.039765723 9.141945839 0.020249516 0.999758661 0.008517428 -13.907686234 -0.039931357 -0.007703650 0.999172747 140.851593018
0.998991966 -0.020854497 0.039748281 9.313355446 0.020532951 0.999753237 0.008480775 -14.110093117 -0.039915331 -0.007656077 0.999173760 143.083786011
0.999013364 -0.021188747 0.039029498 9.500045776 0.020813672 0.999733448 0.009991406 -14.338788033 -0.039230805 -0.009169200 0.999188125 145.353790283
0.999037683 -0.020235177 0.038912307 9.678268433 0.019905102 0.999762714 0.008851304 -14.548471451 -0.039082177 -0.008068233 0.999203444 147.605255127
0.999054611 -0.018943919 0.039128009 9.854909897 0.018672915 0.999799252 0.007279872 -14.761098862 -0.039258063 -0.006542357 0.999207616 149.865264893
0.999072731 -0.017469540 0.039348803 10.033199310 0.017228963 0.999830723 0.006444809 -14.978090286 -0.039454721 -0.005760894 0.999204755 152.112823486
0.999080479 -0.016692748 0.039490435 10.219501495 0.016448783 0.999843538 0.006494700 -15.190444946 -0.039592680 -0.005839159 0.999198794 154.354080200
0.999064088 -0.016267303 0.040078085 10.405924797 0.016027920 0.999851763 0.006287038 -15.398197174 -0.040174421 -0.005638785 0.999176800 156.614425659
0.999067903 -0.014798645 0.040550783 10.574182510 0.014474554 0.999861002 0.008274223 -15.620307922 -0.040667579 -0.007679556 0.999143243 158.853149414
0.999027133 -0.014106310 0.041783884 10.755651474 0.013741332 0.999864995 0.009009326 -15.830704689 -0.041905340 -0.008426395 0.999086022 161.091751099
0.998997808 -0.012814999 0.042883649 10.925068855 0.012353266 0.999863029 0.011014826 -16.048236847 -0.043018930 -0.010474035 0.999019325 163.371582031
0.998957813 -0.012408444 0.043927316 11.108741760 0.011980011 0.999878168 0.010003140 -16.246536255 -0.044046097 -0.009466464 0.998984575 165.638626099
0.998924971 -0.011833923 0.044820279 11.305635452 0.011458864 0.999897242 0.008615813 -16.455678940 -0.044917628 -0.008092962 0.998957872 167.890197754
0.998862982 -0.010012882 0.046611059 11.491848946 0.009611181 0.999914765 0.008834309 -16.665016174 -0.046695542 -0.008376276 0.998874068 170.124710083
0.998726308 -0.009813511 0.049494177 11.687068939 0.009384661 0.999916553 0.008889616 -16.887977600 -0.049577288 -0.008413807 0.998734832 172.420837402
0.998604774 -0.010003267 0.051849060 11.889561653 0.009568547 0.999917030 0.008625812 -17.098237991 -0.051931050 -0.008117655 0.998617709 174.691925049
0.998522878 -0.009806455 0.053441044 12.100030899 0.009320127 0.999912858 0.009341890 -17.313835144 -0.053528015 -0.008830014 0.998527229 176.950790405
0.998478115 -0.010235679 0.054190863 12.306205750 0.009689135 0.999899566 0.010338692 -17.522039413 -0.054291237 -0.009797894 0.998477101 179.169982910
0.998451173 -0.012082494 0.054307360 12.514753342 0.011559186 0.999883771 0.009939858 -17.740047455 -0.054421138 -0.009296716 0.998474777 181.444335938
0.998415232 -0.012889029 0.054781202 12.717015266 0.012380625 0.999877214 0.009609907 -17.946237564 -0.054898333 -0.008916452 0.998452127 183.687713623
0.998470426 -0.014103312 0.053459495 12.943534851 0.013593580 0.999858677 0.009886574 -18.171913147 -0.053591382 -0.009144748 0.998521030 185.921646118
0.998473525 -0.015816225 0.052919984 13.154474258 0.015272209 0.999826431 0.010668620 -18.382968903 -0.053079538 -0.009844126 0.998541772 188.168914795
0.998486221 -0.016688738 0.052411195 13.368122101 0.016175438 0.999817133 0.010202746 -18.588567734 -0.052571878 -0.009339527 0.998573542 190.409042358
0.998453140 -0.017998468 0.052605484 13.561595917 0.017489221 0.999795794 0.010124890 -18.801033020 -0.052776966 -0.009189198 0.998564065 192.638702393
0.998424649 -0.019009823 0.052789725 13.755901337 0.018506117 0.999778628 0.010014226 -19.007785797 -0.052968405 -0.009021518 0.998555422 194.875198364
0.998448312 -0.019530153 0.052147914 13.990522385 0.019039573 0.999769986 0.009887780 -19.229110718 -0.052329008 -0.008879565 0.998590410 197.117568970
0.998478651 -0.017375728 0.052328490 14.205911636 0.016885730 0.999809504 0.009791495 -19.437555313 -0.052488651 -0.008892994 0.998581946 199.351196289
0.998483419 -0.014668581 0.053063042 14.404376984 0.014180366 0.999853611 0.009565564 -19.654741287 -0.053195592 -0.008798603 0.998545349 201.627334595
0.998465121 -0.013959496 0.053595368 14.616958618 0.013515591 0.999871373 0.008636066 -19.863069534 -0.053709023 -0.007898437 0.998525381 203.887268066
0.998426795 -0.014154671 0.054255676 14.818183899 0.013654362 0.999860823 0.009580949 -20.070745468 -0.054383740 -0.008825049 0.998481095 206.114196777
0.998412669 -0.015446095 0.054162841 15.056596756 0.014951241 0.999842763 0.009529760 -20.292907715 -0.054301523 -0.008704830 0.998486578 208.385528564
0.998352706 -0.015091319 0.055354290 15.263741493 0.014579795 0.999847293 0.009633119 -20.493177414 -0.055491228 -0.008810198 0.998420238 210.631637573
0.998290777 -0.015347634 0.056391139 15.491124153 0.014745327 0.999829829 0.011081466 -20.722642899 -0.056551617 -0.010231020 0.998347282 212.870727539
0.998226404 -0.013945295 0.057876173 15.726880074 0.013316828 0.999848247 0.011230371 -20.927997589 -0.058024000 -0.010439727 0.998260617 215.103134155
0.998048902 -0.012731182 0.061124012 15.939701080 0.012056939 0.999862492 0.011386928 -21.138412476 -0.061260574 -0.010627744 0.998065174 217.395614624
0.997923613 -0.012885004 0.063105874 16.170757294 0.012169386 0.999857366 0.011711284 -21.343763351 -0.063247748 -0.010919006 0.997938097 219.639511108
0.997792006 -0.014170408 0.064886168 16.406257629 0.013409791 0.999836266 0.012142903 -21.545063019 -0.065047614 -0.011245980 0.997818708 221.875625610
0.997693419 -0.015806071 0.066014558 16.642807007 0.014981951 0.999803782 0.012960412 -21.747770309 -0.066206433 -0.011941491 0.997734487 224.108963013
0.997621953 -0.017686361 0.066614725 16.896274567 0.016900662 0.999781132 0.012339802 -21.958072662 -0.066818357 -0.011184624 0.997702479 226.349960327
0.997594297 -0.018956035 0.066680588 17.139806747 0.018212840 0.999765277 0.011735942 -22.154558182 -0.066887401 -0.010493266 0.997705340 228.603317261
0.997545898 -0.019392377 0.067276508 17.379333496 0.018626923 0.999754667 0.011986462 -22.356363297 -0.067492440 -0.010703892 0.997662306 230.840621948
0.997472882 -0.020711770 0.067962691 17.618324280 0.019998925 0.999737740 0.011152517 -22.560689926 -0.068175860 -0.009765154 0.997625530 233.077011108
0.997471809 -0.021127744 0.067849301 17.887584686 0.020365342 0.999721706 0.011908873 -22.765533447 -0.068082042 -0.010496988 0.997624457 235.365234375
0.997443736 -0.020836720 0.068350762 18.133602142 0.020056402 0.999725759 0.012082924 -22.968143463 -0.068583816 -0.010681164 0.997588098 237.608261108
0.997399211 -0.020589545 0.069070853 18.372282028 0.019811308 0.999732494 0.011933436 -23.167886734 -0.069298074 -0.010534015 0.997540355 239.834014893
0.997368157 -0.020603541 0.069514513 18.618343353 0.019806227 0.999730051 0.012139681 -23.370197296 -0.069745876 -0.010730909 0.997507095 242.063003540
0.997327924 -0.021171113 0.069919690 18.865140915 0.020366309 0.999718130 0.012203384 -23.568592072 -0.070158340 -0.010746770 0.997477949 244.298950195
0.997282922 -0.021422101 0.070483319 19.112140656 0.020668382 0.999721348 0.011405696 -23.776311874 -0.070707999 -0.009917931 0.997447729 246.529479980
0.997301400 -0.020844968 0.070393577 19.369541168 0.020138802 0.999739647 0.010726656 -23.984605789 -0.070598833 -0.009280067 0.997461736 248.770355225
0.997284353 -0.021000806 0.070589431 19.624835968 0.020260751 0.999732196 0.011183658 -24.193584442 -0.070805408 -0.009723091 0.997442782 251.008300781
0.997263253 -0.022594651 0.070394769 19.884294510 0.021848062 0.999696791 0.011357849 -24.402727127 -0.070630051 -0.009788777 0.997454524 253.238571167
0.997239649 -0.022471296 0.070768185 20.137840271 0.021680316 0.999693811 0.011925534 -24.607282639 -0.071014524 -0.010358339 0.997421443 255.488983154
0.997211993 -0.022992689 0.070989557 20.378005981 0.022189958 0.999680817 0.012075824 -24.811393738 -0.071244568 -0.010466898 0.997403979 257.708282471
0.997176766 -0.023441510 0.071336247 20.644458771 0.022588843 0.999663651 0.012736186 -25.022985458 -0.071610808 -0.011088825 0.997371018 259.973297119
0.997147620 -0.023133649 0.071843483 20.899585724 0.022316398 0.999677062 0.012157472 -25.223363876 -0.072101511 -0.010519506 0.997341812 262.215454102
0.997120440 -0.022977477 0.072268412 21.159812927 0.022204120 0.999687493 0.011486438 -25.423442841 -0.072509751 -0.009848706 0.997319102 264.480346680
0.997094095 -0.022152580 0.072887361 21.419643402 0.021396911 0.999709070 0.011132292 -25.633455276 -0.073112778 -0.009540378 0.997278035 266.720947266
0.997029841 -0.021484597 0.073958367 21.677221298 0.020717317 0.999723375 0.011126136 -25.834236145 -0.074176952 -0.009560872 0.997199237 268.970764160
0.996936321 -0.021295108 0.075262822 21.942600250 0.020552678 0.999732316 0.010625396 -26.043453217 -0.075468950 -0.009045991 0.997107089 271.215820312
0.996868968 -0.022159005 0.075903088 22.219543457 0.021370623 0.999709010 0.011183335 -26.256216049 -0.076128826 -0.009526221 0.997052491 273.458709717
0.996654809 -0.022672327 0.078518860 22.465198517 0.021811090 0.999692380 0.011808982 -26.457618713 -0.078762457 -0.010056896 0.996842682 275.705688477
0.996553779 -0.022614729 0.079806879 22.741340637 0.021648217 0.999681711 0.012955253 -26.652286530 -0.080074459 -0.011182928 0.996726155 277.945556641
0.996496499 -0.021777429 0.080749609 23.033140182 0.020678189 0.999682128 0.014424405 -26.871480942 -0.081038050 -0.012704112 0.996630013 280.210083008
0.996419847 -0.021495905 0.081764206 23.315818787 0.020257339 0.999667645 0.015947601 -27.079265594 -0.082079835 -0.014234184 0.996524096 282.444915771
0.996328771 -0.020548057 0.083106816 23.588560104 0.019339956 0.999695599 0.015315834 -27.265953064 -0.083396234 -0.013652326 0.996422946 284.696350098
0.996252179 -0.019447226 0.084281370 23.858690262 0.018270843 0.999724865 0.014706848 -27.459558487 -0.084544182 -0.013111838 0.996333420 286.926788330
0.996208429 -0.018794982 0.084943816 24.144563675 0.017695557 0.999749780 0.013677458 -27.650997162 -0.085179642 -0.012122471 0.996291816 289.171051025
0.996146917 -0.019473091 0.085511103 24.417875290 0.018363960 0.999736905 0.013738138 -27.853824615 -0.085756145 -0.012114880 0.996242583 291.398620605
0.996087849 -0.019804928 0.086120576 24.683595657 0.018833159 0.999749660 0.012081787 -28.039506912 -0.086338304 -0.010412600 0.996211410 293.659790039
0.996098161 -0.020480806 0.085842140 24.967056274 0.019586567 0.999744892 0.011246738 -28.239892960 -0.086050570 -0.009521502 0.996245384 295.888153076
0.996089101 -0.020582624 0.085923009 25.248260498 0.019715915 0.999745965 0.010923531 -28.441028595 -0.086126022 -0.009186761 0.996241868 298.122253418
0.996087134 -0.019852318 0.086119242 25.528970718 0.018970545 0.999759078 0.011045355 -28.643114090 -0.086317755 -0.009368408 0.996223629 300.360565186
0.996039867 -0.019811550 0.086672127 25.794343948 0.018821951 0.999748111 0.012220171 -28.854957581 -0.086892404 -0.010540441 0.996161938 302.592102051
0.996046484 -0.020395633 0.086460710 26.084270477 0.019394750 0.999734998 0.012400556 -29.058570862 -0.086690716 -0.010674647 0.996178091 304.849456787
0.996016085 -0.019841149 0.086937673 26.370468140 0.018794285 0.999740899 0.012843619 -29.263462067 -0.087169975 -0.011158519 0.996130884 307.098205566
0.996009648 -0.020458620 0.086868927 26.655052185 0.019424245 0.999730229 0.012736045 -29.472291946 -0.087106049 -0.010997860 0.996138275 309.355834961
0.995968580 -0.021821290 0.087007821 26.941747665 0.020745184 0.999696970 0.013253117 -29.674018860 -0.087270647 -0.011394695 0.996119440 311.614044189
0.995931745 -0.021536637 0.087499529 27.226194382 0.020509515 0.999709904 0.012620735 -29.878643036 -0.087745965 -0.010774815 0.996084630 313.854644775
0.995955527 -0.021139484 0.087324716 27.519962311 0.020052247 0.999710262 0.013309110 -30.083679199 -0.087580763 -0.011504223 0.996091008 316.110015869
0.995913982 -0.019411767 0.088195711 27.803955078 0.018394247 0.999754667 0.012335284 -30.287090302 -0.088413529 -0.010662589 0.996026814 318.356323242
0.995894313 -0.018073792 0.088701978 28.083080292 0.016997384 0.999772608 0.012875590 -30.489097595 -0.088914528 -0.011315024 0.995975018 320.600463867
0.995837510 -0.017207440 0.089507453 28.365016937 0.016148107 0.999790907 0.012545805 -30.694564819 -0.089704625 -0.011048209 0.995907128 322.839019775
0.995789528 -0.016667342 0.090141028 28.649276733 0.015558855 0.999794602 0.012986034 -30.892969131 -0.090338938 -0.011528864 0.995844364 325.081481934
0.995799422 -0.015811652 0.090186104 28.948101044 0.014569786 0.999790013 0.014411834 -31.104146957 -0.090395033 -0.013037307 0.995820642 327.312316895
0.995769620 -0.016375896 0.090414062 29.234212875 0.015141335 0.999782741 0.014323632 -31.309656143 -0.090628989 -0.012894049 0.995801210 329.557769775
0.995765150 -0.018276835 0.090098701 29.535369873 0.017123371 0.999761462 0.013558672 -31.508445740 -0.090325020 -0.011958458 0.995840549 331.795288086
0.995764732 -0.017717510 0.090214826 29.823703766 0.016582716 0.999773860 0.013312848 -31.709295273 -0.090430297 -0.011760459 0.995833337 334.016571045
0.995740771 -0.018308556 0.090360753 30.111917496 0.017077984 0.999750853 0.014372932 -31.907119751 -0.090601400 -0.012768535 0.995805383 336.247924805
0.995795250 -0.018909317 0.089633964 30.417325974 0.017691560 0.999740362 0.014360965 -32.104450226 -0.089882262 -0.012714816 0.995871246 338.485351562
0.995792031 -0.018749179 0.089702442 30.701965332 0.017502651 0.999739289 0.014662785 -32.308719635 -0.089953981 -0.013031052 0.995860696 340.728637695
0.995844066 -0.019056708 0.089060172 31.002271652 0.017828297 0.999734938 0.014568277 -32.512264252 -0.089314200 -0.012919938 0.995919704 342.973907471
0.995852947 -0.019574054 0.088848077 31.291114807 0.018322129 0.999721348 0.014884505 -32.707157135 -0.089114659 -0.013194890 0.995933950 345.222167969
0.995913029 -0.019282328 0.088235386 31.584337234 0.018044675 0.999727607 0.014803017 -32.900260925 -0.088496789 -0.013150338 0.995989621 347.462158203
0.995969594 -0.019489549 0.087547936 31.873071671 0.018274276 0.999725521 0.014661392 -33.096939087 -0.087809652 -0.013002426 0.996052325 349.697784424
0.995982468 -0.019113736 0.087484717 32.156764984 0.017852336 0.999725401 0.015178387 -33.299530029 -0.087750830 -0.013555603 0.996050239 351.938171387
0.996018291 -0.019385038 0.087015986 32.441192627 0.018094258 0.999714613 0.015598214 -33.493843079 -0.087293543 -0.013961617 0.996084809 354.164489746
0.996037900 -0.019032829 0.086869463 32.721443176 0.017786980 0.999727845 0.015093211 -33.691703796 -0.087133087 -0.013488263 0.996105373 356.400177002
0.996091366 -0.019386554 0.086175166 33.011215210 0.018102571 0.999713480 0.015656294 -33.889617920 -0.086453989 -0.014035106 0.996157110 358.635925293
0.996140897 -0.019011343 0.085684530 33.300422668 0.017667584 0.999709189 0.016413849 -34.087203979 -0.085971661 -0.014836668 0.996187091 360.878540039
0.996199846 -0.019340249 0.084922090 33.591564178 0.018003646 0.999702096 0.016476985 -34.286212921 -0.085215457 -0.014885461 0.996251285 363.135620117
0.996243834 -0.019178437 0.084442079 33.879520416 0.017798195 0.999695897 0.017068068 -34.482875824 -0.084743738 -0.015501035 0.996282220 365.378021240
0.996287286 -0.019134194 0.083937816 34.163745880 0.017823294 0.999707639 0.016339250 -34.678844452 -0.084225923 -0.014782541 0.996336937 367.640777588
0.996287584 -0.019766966 0.083787329 34.439491272 0.018471543 0.999697983 0.016208019 -34.876434326 -0.084082410 -0.014600169 0.996351838 369.891601562
0.996283293 -0.019712020 0.083851293 34.714950562 0.018497162 0.999712706 0.015240591 -35.067314148 -0.084127620 -0.013632935 0.996361732 372.155792236
0.996347606 -0.019819196 0.083058141 34.999866486 0.018589484 0.999706209 0.015552761 -35.269458771 -0.083341978 -0.013951949 0.996423304 374.390014648
0.996442676 -0.019729545 0.081931435 35.289718628 0.018447954 0.999695837 0.016369944 -35.465358734 -0.082229473 -0.014800247 0.996503532 376.635589600
0.996357441 -0.019100070 0.083108366 35.552238464 0.017741220 0.999697089 0.017058240 -35.664707184 -0.083409004 -0.015521660 0.996394515 378.899810791
0.996350050 -0.019766426 0.083041430 35.831340790 0.018388938 0.999680817 0.017320260 -35.863769531 -0.083357304 -0.015730001 0.996395588 381.148834229
0.996366322 -0.019719513 0.082855679 36.116069794 0.018351268 0.999682903 0.017242853 -36.050476074 -0.083169416 -0.015659694 0.996412396 383.412567139
0.996385098 -0.018843209 0.082835048 36.398849487 0.017458485 0.999696016 0.017409399 -36.246372223 -0.083137922 -0.015900290 0.996411145 385.665344238
0.996396959 -0.017928839 0.082895264 36.678691864 0.016534638 0.999710679 0.017474871 -36.434658051 -0.083184570 -0.016041270 0.996405005 387.929840088
0.996427119 -0.016950250 0.082737908 36.965633392 0.015546766 0.999724627 0.017577926 -36.637756348 -0.083013065 -0.016228817 0.996416330 390.201049805
0.996422112 -0.015402286 0.083102211 37.239929199 0.013995785 0.999749243 0.017481122 -36.833755493 -0.083350621 -0.016255492 0.996387661 392.480590820
0.996451497 -0.014065344 0.082985133 37.519390106 0.012538039 0.999742806 0.018897111 -37.026878357 -0.083229564 -0.017789580 0.996371627 394.740814209
0.996396184 -0.013065363 0.083810575 37.788940430 0.011485021 0.999747515 0.019310659 -37.219383240 -0.084041730 -0.018278496 0.996294558 397.006774902
0.996333778 -0.012644020 0.084611773 38.064319611 0.011171105 0.999778032 0.017858788 -37.418212891 -0.084818803 -0.016848108 0.996253967 399.272766113
0.996289432 -0.011941448 0.085234180 38.347061157 0.010547786 0.999803483 0.016782649 -37.605033875 -0.085417837 -0.015821343 0.996219695 401.544464111
0.996191561 -0.013563897 0.086130098 38.609340668 0.012012772 0.999756634 0.018501932 -37.806800842 -0.086360112 -0.017396804 0.996112108 403.802490234
0.996127605 -0.015074209 0.086616211 38.891464233 0.013415961 0.999715984 0.019695144 -37.999870300 -0.086888507 -0.018456839 0.996047080 406.055694580
0.996098101 -0.015821004 0.086822987 39.174404144 0.014175974 0.999708772 0.019530928 -38.187339783 -0.087106697 -0.018223917 0.996032298 408.312988281
0.996080399 -0.015675787 0.087051779 39.469993591 0.014143148 0.999734461 0.018195041 -38.373806000 -0.087313861 -0.016892541 0.996037602 410.579559326
0.996054292 -0.014049600 0.087626211 39.776462555 0.012483055 0.999752700 0.018400015 -38.571060181 -0.087863058 -0.017233571 0.995983481 412.842010498
0.995995224 -0.012967121 0.088460177 40.054786682 0.011402609 0.999769866 0.018168539 -38.763431549 -0.088675410 -0.017087100 0.995913982 415.079986572
0.995912850 -0.011730446 0.089554384 40.342350006 0.010129450 0.999780953 0.018310975 -38.954929352 -0.089749582 -0.017329000 0.995813608 417.348449707
0.995848238 -0.012033407 0.090230048 40.635597229 0.010440010 0.999781489 0.018110508 -39.148731232 -0.090428263 -0.017093312 0.995756269 419.602966309
0.995745957 -0.011957593 0.091362245 40.919548035 0.010345085 0.999782622 0.018102853 -39.338302612 -0.091558866 -0.017080693 0.995653152 421.854980469
0.995687306 -0.012464089 0.091932766 41.212234497 0.010851952 0.999778926 0.018015122 -39.536663055 -0.092136987 -0.016939783 0.995602250 424.114318848
0.995619774 -0.012869736 0.092604548 41.510875702 0.011141640 0.999754429 0.019153915 -39.729915619 -0.092828318 -0.018038252 0.995518744 426.384948730
0.995568991 -0.012035144 0.093260780 41.804069519 0.010229481 0.999751329 0.019815380 -39.918476105 -0.093476057 -0.018773565 0.995444655 428.638000488
0.995508313 -0.011274052 0.094001338 42.107372284 0.009389161 0.999746382 0.020469978 -40.106117249 -0.094208278 -0.019495437 0.995361567 430.914733887
0.995515168 -0.011808111 0.093861572 42.408123016 0.009923000 0.999740064 0.020525368 -40.296791077 -0.094079547 -0.019501930 0.995373607 433.186676025
0.995455861 -0.012640023 0.094381168 42.712383270 0.010784784 0.999738991 0.020141158 -40.497055054 -0.094611123 -0.019031756 0.995332301 435.453125000
0.995457590 -0.011799179 0.094472282 43.021778107 0.009929141 0.999745846 0.020240260 -40.672958374 -0.094687104 -0.019210292 0.995321691 437.723541260
0.995407581 -0.012248402 0.094940782 43.327911377 0.010356484 0.999738395 0.020394536 -40.862754822 -0.095165744 -0.019317621 0.995274007 440.013854980
0.995474160 -0.012235132 0.094242170 43.644432068 0.010331693 0.999733210 0.020658830 -41.049800873 -0.094469801 -0.019591646 0.995334923 442.290740967
0.995429218 -0.011857907 0.094762772 43.950996399 0.009834426 0.999714136 0.021791689 -41.252258301 -0.094994083 -0.020760151 0.995261371 444.567535400
0.995385945 -0.012284065 0.095162906 44.259693146 0.010230822 0.999704897 0.022034017 -41.438053131 -0.095405497 -0.020958763 0.995217741 446.845092773
0.995384216 -0.012101589 0.095204093 44.564727783 0.010099775 0.999718249 0.021480426 -41.624530792 -0.095437229 -0.020419737 0.995225966 449.110046387
0.995403409 -0.011482797 0.095079876 44.872505188 0.009513251 0.999731123 0.021142112 -41.813896179 -0.095297076 -0.020140413 0.995245099 451.369293213
0.995355368 -0.010960294 0.095643058 45.174797058 0.009010005 0.999742985 0.020799445 -42.006519318 -0.095846452 -0.019841092 0.995198369 453.631469727
0.995290101 -0.010587843 0.096361607 45.477428436 0.008604958 0.999743044 0.020969914 -42.188209534 -0.096558876 -0.020041957 0.995125473 455.908355713
0.995248795 -0.010403467 0.096806802 45.775672913 0.008421950 0.999747038 0.020854946 -42.384208679 -0.096999265 -0.019940559 0.995084703 458.165435791
0.995265126 -0.009445949 0.096736543 46.094928741 0.007534574 0.999769449 0.020104833 -42.573997498 -0.096904129 -0.019280767 0.995107055 460.451202393
0.995239973 -0.008352685 0.097095713 46.404659271 0.006367138 0.999764562 0.020741269 -42.764907837 -0.097246118 -0.020024316 0.995058894 462.740631104
0.995281041 -0.007870751 0.096714802 46.716102600 0.005769467 0.999741554 0.021987086 -42.952083588 -0.096862853 -0.021325335 0.995069265 465.016448975
0.995335698 -0.008127824 0.096128434 47.019859314 0.006009935 0.999733150 0.022300927 -43.135051727 -0.096284039 -0.021619182 0.995119095 467.283599854
0.995424807 -0.008019970 0.095211066 47.333908081 0.006020073 0.999755502 0.021273585 -43.321075439 -0.095358409 -0.020603081 0.995229900 469.565399170
0.995495319 -0.008040125 0.094469219 47.652507782 0.006099821 0.999764979 0.020809848 -43.512077332 -0.094614320 -0.020139867 0.995310247 471.863647461
0.995571613 -0.008348523 0.093635768 47.957542419 0.006344028 0.999744713 0.021684643 -43.702762604 -0.093792915 -0.020994585 0.995370328 474.148010254
0.995537579 -0.008511763 0.093981199 48.246520996 0.006467234 0.999736190 0.022037849 -43.893005371 -0.094143979 -0.021331705 0.995330095 476.425933838
0.995673597 -0.007936431 0.092579842 48.556671143 0.005988692 0.999755263 0.021297367 -44.064323425 -0.092726201 -0.020650795 0.995477498 478.720184326
0.995672584 -0.008073066 0.092579439 48.855476379 0.006069568 0.999741673 0.021902053 -44.252037048 -0.092732355 -0.021245355 0.995464385 481.000427246
0.995719850 -0.008401508 0.092040002 49.161991119 0.006352060 0.999725819 0.022537271 -44.437786102 -0.092204124 -0.021856165 0.995500147 483.271759033
0.995712399 -0.009041190 0.092060246 49.450668335 0.007044172 0.999733210 0.021994382 -44.625511169 -0.092234552 -0.021251589 0.995510459 485.558807373
0.995796263 -0.009580212 0.091093607 49.757228851 0.007567593 0.999720156 0.022413744 -44.816551208 -0.091282845 -0.021630164 0.995590031 487.861816406
0.995875061 -0.010000153 0.090183042 50.057922363 0.008007062 0.999716282 0.022435302 -44.996852875 -0.090381809 -0.021620655 0.995672524 490.142669678
0.995818555 -0.010233858 0.090778232 50.313819885 0.008174520 0.999701321 0.023028251 -45.193317413 -0.090986781 -0.022189885 0.995604873 492.413024902
0.995891154 -0.009437037 0.090065092 50.622276306 0.007360198 0.999699950 0.023363629 -45.373672485 -0.090258561 -0.022604734 0.995661736 494.706604004
0.995891273 -0.009191399 0.090090416 50.907299042 0.007142305 0.999709010 0.023040932 -45.557277679 -0.090275973 -0.022302808 0.995667040 497.011138916
0.995900989 -0.008804099 0.090020172 51.210807800 0.006789518 0.999720156 0.022661012 -45.750049591 -0.090194501 -0.021956936 0.995682120 499.334991455
0.995947659 -0.008729982 0.089509904 51.505683899 0.006655553 0.999702930 0.023447748 -45.933937073 -0.089688018 -0.022756996 0.995709836 501.630859375
0.995947361 -0.008417156 0.089543514 51.794536591 0.006310436 0.999697208 0.023784462 -46.122009277 -0.089716606 -0.023123013 0.995698869 503.914093018
0.995978177 -0.007488112 0.089282751 52.089027405 0.005439214 0.999716878 0.023169657 -46.308326721 -0.089430973 -0.022590844 0.995736778 506.208984375
0.995953560 -0.007119877 0.089587197 52.373794556 0.005017186 0.999707282 0.023674238 -46.491653442 -0.089729525 -0.023128964 0.995697677 508.502410889
0.995974183 -0.007399586 0.089334853 52.670108795 0.005396231 0.999728978 0.022645961 -46.674545288 -0.089478217 -0.022072719 0.995744169 510.790069580
0.996017873 -0.008151039 0.088780552 52.971385956 0.006078980 0.999703288 0.023584565 -46.866752625 -0.088946447 -0.022950944 0.995772064 513.095458984
0.996042550 -0.007927028 0.088523030 53.266548157 0.005836666 0.999698520 0.023847707 -47.048675537 -0.088685386 -0.023236651 0.995788634 515.396362305
0.996065080 -0.007412256 0.088313878 53.557415009 0.005345736 0.999706864 0.023613293 -47.231597900 -0.088463031 -0.023048274 0.995812774 517.700134277
0.996054530 -0.006415773 0.088510454 53.842369080 0.004374190 0.999720335 0.023240719 -47.415672302 -0.088634804 -0.022761863 0.995804071 520.001708984
0.996030569 -0.004848281 0.088879719 54.144321442 0.002766509 0.999719262 0.023530591 -47.605117798 -0.088968851 -0.023191301 0.995764375 522.343750000
0.995911241 -0.002643210 0.090298809 54.425495148 0.000500870 0.999718070 0.023739435 -47.788356781 -0.090336107 -0.023597142 0.995631635 524.663024902
0.995940924 -0.001540805 0.089995794 54.741630554 -0.000703153 0.999689758 0.024897018 -47.970989227 -0.090006225 -0.024859240 0.995630920 527.004882812
0.995874524 -0.001968065 0.090721197 55.031749725 -0.000284526 0.999692142 0.024810201 -48.153282166 -0.090742111 -0.024733657 0.995567203 529.313720703
0.995827258 -0.003905313 0.091174610 55.324882507 0.001521849 0.999655604 0.026196666 -48.331394196 -0.091245510 -0.025948597 0.995490253 531.625793457
0.995772362 -0.005434976 0.091693439 55.628131866 0.003068510 0.999659002 0.025929723 -48.510635376 -0.091803111 -0.025538739 0.995449603 533.942016602
0.995764077 -0.005502417 0.091779694 55.933761597 0.003184285 0.999672592 0.025384907 -48.690811157 -0.091889329 -0.024985125 0.995455682 536.256225586
0.995690525 -0.005686488 0.092563361 56.235450745 0.003377168 0.999679565 0.025086073 -48.870853424 -0.092676349 -0.024665365 0.995390713 538.571533203
0.995611310 -0.005035364 0.093449444 56.531383514 0.002754247 0.999695599 0.024523107 -49.054859161 -0.093544483 -0.024158103 0.995321989 540.888549805
0.995515466 -0.004406292 0.094495565 56.830333710 0.002121036 0.999703169 0.024270568 -49.241180420 -0.094574451 -0.023961298 0.995229363 543.199951172
0.995388567 -0.004290805 0.095828347 57.111179352 0.002049810 0.999722362 0.023471724 -49.429271698 -0.095902450 -0.023167055 0.995121121 545.524841309
0.995229304 -0.004218313 0.097471692 57.391849518 0.001896559 0.999712527 0.023900162 -49.606624603 -0.097544499 -0.023601281 0.994951248 547.837158203
0.995224059 -0.004107468 0.097530738 57.716842651 0.001702324 0.999692678 0.024730787 -49.789386749 -0.097602352 -0.024446646 0.994925141 550.146301270
0.995164931 -0.004129564 0.098131277 58.029022217 0.001714780 0.999693930 0.024679303 -49.969284058 -0.098203152 -0.024391703 0.994867444 552.458068848
0.995265961 -0.005542802 0.097030781 58.364017487 0.003259616 0.999714434 0.023673259 -50.149463654 -0.097134285 -0.023244901 0.994999826 554.774108887
0.995252371 -0.005930725 0.097146951 58.681102753 0.003591633 0.999699950 0.024235066 -50.336639404 -0.097261511 -0.023771094 0.994974852 557.088378906
0.995200992 -0.005678827 0.097688437 58.992221832 0.003289444 0.999691844 0.024602920 -50.519878387 -0.097798072 -0.024163505 0.994912922 559.401000977
0.995175540 -0.005091679 0.097977340 59.311458588 0.002599119 0.999670148 0.025551001 -50.701942444 -0.098075114 -0.025173077 0.994860590 561.739379883
0.995195568 -0.005726789 0.097738594 59.637855530 0.003189943 0.999654472 0.026091976 -50.884181976 -0.097854249 -0.025654841 0.994869947 564.068237305
0.995153904 -0.005178384 0.098192282 59.955852509 0.002564793 0.999639452 0.026724646 -51.060153961 -0.098295301 -0.026343295 0.994808555 566.384094238
0.995107591 -0.004388635 0.098699458 60.277221680 0.001805169 0.999653697 0.026249165 -51.246665955 -0.098780476 -0.025942568 0.994771004 568.710510254
0.995133221 -0.003173753 0.098487377 60.613059998 0.000752715 0.999696851 0.024609646 -51.419803619 -0.098535642 -0.024415741 0.994833887 571.042480469
0.995121360 -0.002612686 0.098623261 60.943386078 0.000160671 0.999690890 0.024862202 -51.603172302 -0.098657727 -0.024725063 0.994814217 573.360656738
0.995124638 -0.002929141 0.098581672 61.269588470 0.000381369 0.999665678 0.025853205 -51.789962769 -0.098624445 -0.025689563 0.994793057 575.723266602
0.995115459 -0.003084807 0.098669648 61.597061157 0.000394032 0.999627829 0.027278418 -51.978286743 -0.098717071 -0.027106296 0.994746268 578.038452148
0.995045722 -0.002539358 0.099385731 61.911231995 -0.000016590 0.999669433 0.025708180 -52.159835815 -0.099418178 -0.025582459 0.994716763 580.413452148
0.995090187 -0.003133148 0.098922864 62.240005493 0.000612677 0.999674678 0.025499260 -52.336669922 -0.098970570 -0.025313454 0.994768262 582.754150391
0.995075285 -0.004048626 0.099039525 62.566703796 0.001404138 0.999641001 0.026756493 -52.524356842 -0.099112295 -0.026485659 0.994723737 585.062683105
0.995101631 -0.003978020 0.098777540 62.889778137 0.001343072 0.999641895 0.026727755 -52.701965332 -0.098848484 -0.026464162 0.994750559 587.378845215
0.995078027 -0.006240491 0.098897636 63.223888397 0.003712814 0.999662161 0.025721988 -52.889007568 -0.099024735 -0.025228199 0.994765103 589.742309570
0.995109737 -0.006783371 0.098542124 63.554817200 0.004289878 0.999665797 0.025493709 -53.065132141 -0.098682120 -0.024946306 0.994806290 592.092773438
0.995105326 -0.008670039 0.098438069 63.876377106 0.006142156 0.999644279 0.025954010 -53.246265411 -0.098628081 -0.025222354 0.994804680 594.433288574
0.995126545 -0.009197808 0.098176271 64.210517883 0.006670691 0.999638677 0.026037905 -53.427639008 -0.098380297 -0.025256108 0.994828284 596.793029785
