1.000000000 0.000000000 0.000000000 0.000000000 0.000000000 1.000000000 0.000000000 0.000000000 0.000000000 0.000000000 1.000000000 0.000000000
0.999999881 0.000116532 0.000477053 0.088822484 -0.000116454 1.000000000 -0.000164244 -0.226907492 -0.000477072 0.000164188 0.999999881 2.295591354
0.999999344 0.000409985 0.001077211 0.168964103 -0.000410509 0.999999821 0.000486618 -0.467772633 -0.001077012 -0.000487060 0.999999285 4.581622601
0.999998569 0.000050985 0.001659314 0.266389877 -0.000052061 0.999999702 0.000648335 -0.698658049 -0.001659280 -0.000648421 0.999998391 6.867737293
0.999996722 0.000118734 0.002554136 0.360806555 -0.000116280 0.999999523 -0.000961151 -0.932955444 -0.002554249 0.000960851 0.999996245 9.164806366
0.999987602 0.001827113 0.004637623 0.452564538 -0.001828468 0.999998212 0.000288039 -1.167507291 -0.004637089 -0.000296515 0.999989271 11.471571922
0.999968588 0.003672303 0.007011462 0.547612309 -0.003683108 0.999992073 0.001528780 -1.398809910 -0.007005793 -0.001554556 0.999974191 13.756001472
0.999946833 0.003555637 0.009685295 0.649416089 -0.003597315 0.999984384 0.004289244 -1.629224062 -0.009669892 -0.004323857 0.999943912 16.033258438
0.999943852 0.003568918 0.009989428 0.750492930 -0.003621796 0.999979496 0.005280253 -1.852339864 -0.009970380 -0.005316136 0.999936163 18.306928635
0.999923527 0.002617557 0.012089189 0.851378441 -0.002683036 0.999981821 0.005403241 -2.075591803 -0.012074826 -0.005435264 0.999912322 20.604270935
0.999928653 -0.000099153 0.011945437 0.974262714 0.000061412 0.999994934 0.003159776 -2.304993391 -0.011945692 -0.003158818 0.999923587 22.895017624
0.999909878 -0.002318116 0.013221536 1.075022340 0.002304669 0.999996841 0.001032247 -2.522496939 -0.013223886 -0.001001683 0.999912083 25.176048279
0.999915063 -0.003503735 0.012549648 1.218364954 0.003496018 0.999993682 0.000636765 -2.772662163 -0.012551800 -0.000592837 0.999921024 27.461690903
0.999898076 -0.003139796 0.013931341 1.319420815 0.003145602 0.999995053 -0.000394893 -2.996109009 -0.013930029 0.000438675 0.999902844 29.749794006
0.999903142 -0.000952787 0.013880333 1.455354571 0.000925728 0.999997616 0.001955750 -3.222824812 -0.013882164 -0.001942712 0.999901712 32.030223846
0.999904275 0.001074272 0.013794337 1.586671352 -0.001132380 0.999990582 0.004205385 -3.443454266 -0.013789689 -0.004220604 0.999896049 34.310600281
0.999872863 0.003308330 0.015596911 1.697924376 -0.003438406 0.999959409 0.008320428 -3.674663782 -0.015568754 -0.008372998 0.999843657 36.605232239
0.999853015 0.005289558 0.016303059 1.812949419 -0.005413814 0.999956489 0.007586963 -3.889865637 -0.016262218 -0.007674110 0.999838293 38.878101349
0.999826789 0.004573165 0.018041058 1.926366568 -0.004684416 0.999970257 0.006129085 -4.097778320 -0.018012494 -0.006212535 0.999818563 41.191097260
0.999832273 0.002076530 0.018198976 2.049427509 -0.002173713 0.999983490 0.005321826 -4.324175358 -0.018187623 -0.005360492 0.999820232 43.468132019
0.999822557 0.002430543 0.018679110 2.173234463 -0.002503281 0.999989390 0.003871696 -4.545509815 -0.018669505 -0.003917769 0.999818027 45.732906342
0.999820709 0.001987954 0.018827632 2.299109221 -0.002040788 0.999994040 0.002787420 -4.773429394 -0.018821977 -0.002825344 0.999818981 48.007472992
0.999824286 0.000255542 0.018749638 2.434848070 -0.000317785 0.999994457 0.003316748 -5.004467010 -0.018748684 -0.003322123 0.999818683 50.286666870
0.999803305 -0.000515034 0.019826351 2.563803196 0.000445227 0.999993682 0.003525161 -5.228442669 -0.019828040 -0.003515640 0.999797165 52.555263519
0.999800742 -0.001692316 0.019890910 2.703091621 0.001629607 0.999993682 0.003168464 -5.454662800 -0.019896146 -0.003135419 0.999797165 54.844978333
0.999767244 -0.001866871 0.021492310 2.827078342 0.001785885 0.999991179 0.003786719 -5.687196255 -0.021499192 -0.003747455 0.999761820 57.142032623
0.999750197 -0.003327477 0.022100784 2.966880322 0.003230479 0.999984980 0.004423148 -5.912132263 -0.022115175 -0.004350645 0.999745965 59.412467957
0.999713242 -0.004957826 0.023428256 3.094952583 0.004866496 0.999980330 0.003953653 -6.138282299 -0.023447394 -0.003838506 0.999717653 61.688049316
0.999696195 -0.006019669 0.023899423 3.246410847 0.005932637 0.999975502 0.003710839 -6.361814022 -0.023921173 -0.003567925 0.999707401 63.944786072
0.999658287 -0.005450944 0.025565540 3.382039547 0.005337370 0.999975562 0.004508675 -6.585958958 -0.025589496 -0.004370682 0.999662936 66.211959839
0.999637783 -0.004505470 0.026533291 3.529956341 0.004375766 0.999978304 0.004944326 -6.813343048 -0.026554989 -0.004826432 0.999635637 68.459739685
0.999601364 -0.004808641 0.027821539 3.669575214 0.004682277 0.999978364 0.004605330 -7.038273335 -0.027843082 -0.004473225 0.999602318 70.710647583
0.999591172 -0.005667560 0.028021673 3.835541010 0.005574575 0.999978721 0.003395311 -7.263477325 -0.028040314 -0.003237713 0.999601662 72.962959290
0.999574840 -0.006676524 0.028381422 3.991353273 0.006574527 0.999971509 0.003685587 -7.488014221 -0.028405221 -0.003497425 0.999590337 75.240730286
0.999534130 -0.007807366 0.029505165 4.155002594 0.007720969 0.999965489 0.003041002 -7.717864037 -0.029527891 -0.002811777 0.999560058 77.507682800
0.999525070 -0.008720331 0.029555952 4.308752537 0.008634277 0.999958098 0.003037958 -7.947079182 -0.029581206 -0.002781320 0.999558508 79.739540100
0.999496639 -0.009219289 0.030355332 4.457504272 0.009148677 0.999955118 0.002464272 -8.162706375 -0.030376691 -0.002185320 0.999536157 81.997665405
0.999469101 -0.008443892 0.031467788 4.621527672 0.008362669 0.999961376 0.002711827 -8.398724556 -0.031489469 -0.002447233 0.999501050 84.270652771
0.999425650 -0.008103235 0.032902122 4.778851509 0.007997817 0.999962449 0.003334267 -8.618327141 -0.032927904 -0.003069207 0.999453068 86.526397705
0.999417067 -0.007968868 0.033194147 4.946300507 0.007813531 0.999957860 0.004806712 -8.857102394 -0.033231054 -0.004544547 0.999437332 88.805435181
0.999392748 -0.007276987 0.034076892 5.105856895 0.007096468 0.999960184 0.005415396 -9.081793785 -0.034114938 -0.005170282 0.999404490 91.061729431
0.999374449 -0.007313953 0.034600142 5.276144028 0.007137616 0.999960899 0.005217200 -9.300349236 -0.034636941 -0.004966974 0.999387622 93.313240051
0.999343872 -0.007293012 0.035477258 5.440747261 0.007131474 0.999963641 0.004677711 -9.517921448 -0.035510086 -0.004421637 0.999359488 95.567466736
0.999314785 -0.007725550 0.036196407 5.606881142 0.007550170 0.999959111 0.004979440 -9.738406181 -0.036233392 -0.004702740 0.999332309 97.824844360
0.999278009 -0.007241640 0.037297070 5.767827511 0.007063995 0.999963105 0.004892555 -9.972573280 -0.037331127 -0.004625556 0.999292195 100.061408997
0.999205530 -0.007222486 0.039193146 5.921556473 0.007005163 0.999959409 0.005679433 -10.185642242 -0.039232563 -0.005400368 0.999215484 102.280891418
0.999213755 -0.007310730 0.038966250 6.126553059 0.007109483 0.999960661 0.005300743 -10.400621414 -0.039003462 -0.005019546 0.999226451 104.557571411
0.999177933 -0.008313819 0.039676104 6.302871704 0.008076788 0.999948561 0.006130672 -10.617522240 -0.039725028 -0.005805177 0.999193788 106.789543152
0.999147475 -0.009755411 0.040114619 6.486331463 0.009516584 0.999935865 0.006140287 -10.831502914 -0.040171947 -0.005753298 0.999176204 109.036308289
0.999104321 -0.010811493 0.040910225 6.669427395 0.010527546 0.999918997 0.007149820 -11.057497025 -0.040984213 -0.006712732 0.999137223 111.288764954
0.999085903 -0.011390327 0.041201945 6.857298851 0.011166662 0.999921799 0.005654567 -11.277317047 -0.041263118 -0.005189311 0.999134839 113.549629211
0.999037087 -0.011876873 0.042235356 7.037050247 0.011687055 0.999920487 0.004738354 -11.494775772 -0.042288270 -0.004240184 0.999096394 115.791366577
0.999002576 -0.012167864 0.042962741 7.220605850 0.011955862 0.999915063 0.005188067 -11.721308708 -0.043022223 -0.004669236 0.999063134 118.037193298
0.998962760 -0.012542680 0.043772228 7.411446095 0.012298898 0.999907374 0.005834190 -11.939741135 -0.043841355 -0.005289789 0.999024451 120.293563843
0.998929083 -0.013193518 0.044346850 7.609073639 0.012906457 0.999893963 0.006753191 -12.167085648 -0.044431251 -0.006173599 0.998993397 122.502998352
0.998877943 -0.013092169 0.045513146 7.795954704 0.012818073 0.999897897 0.006308997 -12.387053490 -0.045591097 -0.005718526 0.998943806 124.786888123
0.998840451 -0.013032747 0.046345074 7.979744911 0.012777733 0.999901593 0.005794541 -12.612727165 -0.046416048 -0.005195637 0.998908699 127.057067871
0.998820603 -0.014854732 0.046223108 8.171260834 0.014587353 0.999874830 0.006116501 -12.827583313 -0.046308190 -0.005435015 0.998912334 129.318939209
0.998849154 -0.015807310 0.045282669 8.362277031 0.015526878 0.999858081 0.006538008 -13.044832230 -0.045379598 -0.005827385 0.998952806 131.566909790
0.998901427 -0.016089568 0.044011518 8.558931351 0.015765319 0.999846041 0.007704557 -13.260056496 -0.044128705 -0.007002239 0.999001324 133.804779053
0.998949468 -0.017132521 0.042501539 8.743949890 0.016837645 0.999831617 0.007286381 -13.478423119 -0.042619217 -0.006563101 0.999069810 136.049468994
0.999014080 -0.017798251 0.040671188 8.948614120 0.017521644 0.999820888 0.007147488 -13.695357323 -0.040791120 -0.006427815 0.999146938 138.272659302
0.999027193 -0.018569047 0.039996181 9.131348610 0.018297978 0.999807119 0.007132787 -13.914391518 -0.040120922 -0.006393998 0.999174356 140.550415039
0.999014437 -0.018940918 0.040141914 9.300141335 0.018676173 0.999801397 0.006960058 -14.118086815 -0.040265772 -0.006203501 0.999169707 142.782684326
0.999053776 -0.018701553 0.039265700 9.488519669 0.018380390 0.999794841 0.008524306 -14.341152191 -0.039417051 -0.007794521 0.999192536 144.994384766
0.999068797 -0.017752109 0.039324164 9.663230896 0.017473223 0.999819756 0.007424364 -14.553837776 -0.039448883 -0.006730330 0.999198914 147.230407715
0.999085069 -0.016611816 0.039408911 9.842447281 0.016394723 0.999848604 0.005825624 -14.769245148 -0.039499726 -0.005174196 0.999206185 149.473175049
0.999100924 -0.014883827 0.039695822 10.018686295 0.014694172 0.999879122 0.005065203 -14.989149094 -0.039766405 -0.004477351 0.999199092 151.715484619
0.999108434 -0.014087294 0.039798263 10.203685760 0.013896793 0.999890566 0.005059261 -15.202941895 -0.039865181 -0.004501682 0.999194920 153.937942505
0.999097347 -0.013159182 0.040388975 10.381755829 0.012937007 0.999899745 0.005757310 -15.421977043 -0.040460683 -0.005229602 0.999167562 156.188171387
0.999100506 -0.012347910 0.040567636 10.576562881 0.012075378 0.999902904 0.006956142 -15.641957283 -0.040649593 -0.006460016 0.999152601 158.394714355
0.999033809 -0.011864950 0.042314764 10.731528282 0.011529192 0.999900103 0.008170015 -15.862306595 -0.042407468 -0.007674268 0.999070883 160.659927368
0.999006629 -0.010829198 0.043225463 10.914373398 0.010389060 0.999892056 0.010394068 -16.080827713 -0.043333359 -0.009934671 0.999011338 162.890945435
0.998989820 -0.010395885 0.043718487 11.110237122 0.010020605 0.999911129 0.008794403 -16.277643204 -0.043806031 -0.008347435 0.999005139 165.155883789
0.998945177 -0.009518554 0.044924565 11.301676750 0.009178014 0.999927580 0.007780440 -16.492729187 -0.044995379 -0.007359913 0.998960018 167.396240234
0.998863101 -0.007685683 0.047046710 11.485569000 0.007320683 0.999941826 0.007925622 -16.705612183 -0.047104884 -0.007572198 0.998861253 169.625381470
0.998746693 -0.007349226 0.049507502 11.692287445 0.006926869 0.999938130 0.008697349 -16.935260773 -0.049568363 -0.008343518 0.998735905 171.895523071
0.998626232 -0.007847769 0.051808134 11.893556595 0.007426592 0.999937832 0.008317064 -17.144725800 -0.051870182 -0.007920882 0.998622358 174.159484863
0.998542666 -0.007399342 0.053458318 12.101433754 0.006915271 0.999933422 0.009234425 -17.364137650 -0.053523090 -0.008851288 0.998527408 176.406616211
0.998489797 -0.007919896 0.054363478 12.306467056 0.007385572 0.999922454 0.010022612 -17.570764542 -0.054438647 -0.009605971 0.998470962 178.627120972
0.998496115 -0.010106610 0.053882815 12.520882607 0.009602774 0.999907792 0.009601316 -17.779630661 -0.053974882 -0.009069455 0.998501122 180.867477417
0.998445809 -0.011012151 0.054630514 12.719911575 0.010515294 0.999900818 0.009374018 -17.988590240 -0.054728322 -0.008784994 0.998462617 183.116851807
0.998516202 -0.011612142 0.053201765 12.943741798 0.011130727 0.999894440 0.009336230 -18.216783524 -0.053304560 -0.008730205 0.998540103 185.347000122
0.998523295 -0.013421875 0.052639537 13.152712822 0.012901698 0.999864638 0.010209291 -18.429368973 -0.052769441 -0.009515075 0.998561323 187.588195801
0.998549283 -0.014236023 0.051927879 13.364962578 0.013739214 0.999856412 0.009911768 -18.637428284 -0.052061535 -0.009183940 0.998601615 189.831390381
0.998511612 -0.015413012 0.052316099 13.567331314 0.014909456 0.999838829 0.010001942 -18.858732224 -0.052461833 -0.009207050 0.998580515 192.063446045
0.998486221 -0.017055813 0.052289877 13.766050339 0.016577728 0.999816716 0.009563115 -19.069637299 -0.052443396 -0.008681792 0.998586297 194.300643921
0.998507679 -0.016485397 0.052063063 13.969934464 0.016012512 0.999826789 0.009487012 -19.277158737 -0.052210439 -0.008639193 0.998598754 196.533691406
0.998516142 -0.013731296 0.052694675 14.178585052 0.013229035 0.999863744 0.009868518 -19.492240906 -0.052823003 -0.009156778 0.998561919 198.782104492
0.998517513 -0.011888665 0.053116478 14.383018494 0.011394523 0.999889016 0.009596172 -19.704610825 -0.053224664 -0.008976709 0.998542190 201.013229370
0.998492241 -0.011333063 0.053709086 14.597008705 0.010868974 0.999901056 0.008925034 -19.916305542 -0.053804927 -0.008327814 0.998516738 203.269744873
0.998462260 -0.011594754 0.054210484 14.800681114 0.011095315 0.999893248 0.009504923 -20.121431351 -0.054314904 -0.008888824 0.998484254 205.496688843
0.998450816 -0.012868823 0.054132614 15.035801888 0.012358502 0.999876082 0.009751466 -20.339870453 -0.054251388 -0.009067360 0.998486161 207.752914429
0.998391569 -0.012711949 0.055250645 15.241802216 0.012196709 0.999879003 0.009652689 -20.537612915 -0.055366669 -0.008963289 0.998425841 209.992645264
0.998312712 -0.012462116 0.056713328 15.457236290 0.011839369 0.999865949 0.011303375 -20.760606766 -0.056846593 -0.010612851 0.998326540 212.216552734
0.998239160 -0.011040591 0.058280922 15.692655563 0.010383170 0.999879122 0.011570994 -20.968479156 -0.058401618 -0.010945478 0.998233199 214.451217651
0.998065352 -0.009755402 0.061405685 15.900037766 0.009081585 0.999895513 0.011242777 -21.168735504 -0.061508957 -0.010663361 0.998049557 216.712051392
0.997927368 -0.009830601 0.063595019 16.127254486 0.009106274 0.999890447 0.011669519 -21.374977112 -0.063702762 -0.011066220 0.997907698 218.955123901
0.997784793 -0.011239829 0.065568499 16.357818604 0.010456168 0.999869883 0.012282738 -21.576589584 -0.065698035 -0.011569936 0.997772455 221.185531616
0.997690678 -0.012587444 0.066744857 16.593507767 0.011749479 0.999847293 0.012932498 -21.775278091 -0.066897452 -0.012118415 0.997686386 223.415359497
0.997619808 -0.014770181 0.067355983 16.838186264 0.013962749 0.999825120 0.012442634 -21.985198975 -0.067527980 -0.011472542 0.997651398 225.633605957
0.997599661 -0.016126404 0.067340940 17.082805634 0.015331390 0.999806762 0.012305985 -22.188899994 -0.067526370 -0.011244017 0.997654140 227.875656128
0.997551203 -0.016215604 0.068033352 17.318712234 0.015410539 0.999805093 0.012341672 -22.387363434 -0.068220228 -0.011263020 0.997606695 230.110534668
0.997499585 -0.017503437 0.068470262 17.567550659 0.016748320 0.999792576 0.011586935 -22.597396851 -0.068658859 -0.010411201 0.997585893 232.357269287
0.997438967 -0.018530216 0.069080643 17.809841156 0.017698264 0.999763489 0.012635958 -22.797361374 -0.069298446 -0.011380990 0.997531056 234.593933105
0.997389317 -0.018050665 0.069919355 18.055192947 0.017165530 0.999764979 0.013239643 -23.007980347 -0.070141897 -0.012004876 0.997464895 236.851837158
0.997357488 -0.017475255 0.070517406 18.293384552 0.016610933 0.999779701 0.012824775 -23.201585770 -0.070725992 -0.011619524 0.997428119 239.063232422
0.997327328 -0.017581925 0.070916250 18.534965515 0.016689487 0.999774158 0.013157378 -23.405797958 -0.071131580 -0.011938656 0.997395515 241.275207520
0.997268498 -0.018317753 0.071556054 18.784206390 0.017394211 0.999757469 0.013508457 -23.608921051 -0.071786143 -0.012226896 0.997345030 243.512069702
0.997227073 -0.018722164 0.072024100 19.033485413 0.017843518 0.999758542 0.012823498 -23.815582275 -0.072246790 -0.011502776 0.997320592 245.735290527
0.997247100 -0.018291404 0.071858622 19.293008804 0.017454470 0.999772429 0.012257762 -24.021457672 -0.072066493 -0.010969764 0.997339427 247.964401245
0.997209907 -0.018781610 0.072247088 19.549285889 0.017891338 0.999756038 0.012950127 -24.228252411 -0.072472699 -0.011621399 0.997302651 250.199859619
0.997177184 -0.020219401 0.072310403 19.809469223 0.019343492 0.999731064 0.012793109 -24.431119919 -0.072549626 -0.011358260 0.997300148 252.428329468
0.997174263 -0.020408452 0.072297283 20.077442169 0.019468758 0.999716878 0.013678616 -24.638488770 -0.072555974 -0.012232428 0.997289240 254.691711426
0.997139215 -0.021164978 0.072563425 20.320415497 0.020201340 0.999697983 0.013988358 -24.840835571 -0.072837576 -0.012482462 0.997265697 256.909881592
0.997088969 -0.021644715 0.073110163 20.577209473 0.020639786 0.999682188 0.014473090 -25.051286697 -0.073400192 -0.012921978 0.997218847 259.183715820
0.997056246 -0.021281557 0.073660694 20.836585999 0.020286717 0.999692976 0.014227803 -25.253963470 -0.073940866 -0.012691588 0.997181892 261.430206299
0.997045517 -0.021255391 0.073814943 21.103103638 0.020303363 0.999700963 0.013624142 -25.450958252 -0.074082471 -0.012085197 0.997178912 263.684387207
0.997023344 -0.020563617 0.074307233 21.369260788 0.019622903 0.999718070 0.013367840 -25.658374786 -0.074561179 -0.011869924 0.997145712 265.924072266
0.996973395 -0.019997027 0.075128317 21.631126404 0.019036548 0.999727964 0.013478976 -25.855867386 -0.075377412 -0.012007996 0.997082651 268.161773682
0.996832669 -0.019851319 0.077009127 21.888948441 0.018899964 0.999736011 0.013063108 -26.060432434 -0.077248126 -0.011566264 0.996944785 270.419311523
0.996766150 -0.020497669 0.077697463 22.169956207 0.019511545 0.999719322 0.013429868 -26.266407013 -0.077950954 -0.011870441 0.996886492 272.661987305
0.996523798 -0.021051487 0.080605306 22.411483765 0.019977022 0.999700844 0.014113370 -26.461002350 -0.080878288 -0.012454057 0.996646166 274.900115967
0.996405244 -0.020948680 0.082084641 22.687677383 0.019787019 0.999692559 0.014940089 -26.648582458 -0.082372390 -0.013262170 0.996513307 277.140747070
0.996336758 -0.020262307 0.083080553 22.974948883 0.018914184 0.999676883 0.016981864 -26.864593506 -0.083397806 -0.015348259 0.996398151 279.386810303
0.996231019 -0.020147175 0.084367022 23.259416580 0.018673940 0.999659717 0.018215232 -27.064651489 -0.084705308 -0.016571112 0.996268332 281.622711182
0.996195495 -0.019225946 0.084999025 23.546997070 0.017761700 0.999681056 0.017949482 -27.251373291 -0.085317023 -0.016371464 0.996219337 283.879638672
0.996108413 -0.018208750 0.086235240 23.818428040 0.016775860 0.999709427 0.017311720 -27.439310074 -0.086525410 -0.015797678 0.996124327 286.103546143
0.996099353 -0.017985422 0.086386569 24.112176895 0.016638814 0.999728978 0.016283039 -27.627553940 -0.086656004 -0.014782153 0.996128559 288.366485596
0.996040463 -0.018751146 0.086901166 24.389360428 0.017370302 0.999710977 0.016618900 -27.826837540 -0.087187670 -0.015043591 0.996078372 290.593750000
0.996024787 -0.018380044 0.087159730 24.668283463 0.017066233 0.999729574 0.015795002 -28.018451691 -0.087426476 -0.014244728 0.996069133 292.854125977
0.996055365 -0.018953610 0.086685389 24.957118988 0.017736046 0.999733210 0.014794531 -28.208812714 -0.086942688 -0.013198717 0.996125877 295.083801270
0.996043921 -0.018861862 0.086836778 25.240077972 0.017646883 0.999735594 0.014738100 -28.405593872 -0.087091818 -0.013147398 0.996113539 297.317108154
0.996045887 -0.018189894 0.086957946 25.523422241 0.016966002 0.999746621 0.014793004 -28.598279953 -0.087205000 -0.013259183 0.996102154 299.555938721
0.995986760 -0.018326188 0.087604232 25.789848328 0.017019110 0.999732792 0.015644047 -28.798482895 -0.087867521 -0.014090319 0.996032476 301.782745361
0.995988965 -0.018876312 0.087463535 26.081594467 0.017547859 0.999719024 0.015932824 -28.994781494 -0.087739713 -0.014334119 0.996040225 304.035583496
0.995956838 -0.018369017 0.087935187 26.370794296 0.017021826 0.999726355 0.016045816 -29.187978745 -0.088205874 -0.014484123 0.995996952 306.277038574
0.995953619 -0.019054938 0.087825328 26.657480240 0.017724173 0.999716282 0.015907489 -29.388521194 -0.088103533 -0.014286490 0.996008873 308.523651123
0.995897710 -0.019984277 0.088251546 26.944847107 0.018605370 0.999692082 0.016419861 -29.586406708 -0.088552512 -0.014710551 0.995962799 310.789855957
0.995858312 -0.019797733 0.088736139 27.232080460 0.018479282 0.999706805 0.015655113 -29.782005310 -0.089020036 -0.013950499 0.995932162 313.036712646
0.995876372 -0.019419342 0.088618279 27.527732849 0.018026225 0.999701381 0.016493833 -29.983648300 -0.088912122 -0.014828364 0.995929062 315.294799805
0.995817721 -0.017158575 0.089735918 27.812204361 0.015815342 0.999752283 0.015658433 -30.181192398 -0.089982361 -0.014173741 0.995842516 317.532928467
0.995792627 -0.015376952 0.090335980 28.096944809 0.013973786 0.999772012 0.016144753 -30.375726700 -0.090563655 -0.014814488 0.995780468 319.777099609
0.995726109 -0.014237731 0.091251083 28.380668640 0.012884131 0.999798298 0.015405756 -30.569145203 -0.091452025 -0.014164224 0.995708704 322.004180908
0.995686471 -0.013995198 0.091720358 28.670560837 0.012571086 0.999791682 0.016086057 -30.763355255 -0.091926374 -0.014863648 0.995654821 324.234497070
0.995701373 -0.013503774 0.091633618 28.971429825 0.011952694 0.999776185 0.017454727 -30.967638016 -0.091848806 -0.016284425 0.995639801 326.464263916
0.995645225 -0.014127290 0.092146441 29.254646301 0.012594766 0.999772906 0.017191809 -31.163082123 -0.092368379 -0.015956378 0.995597005 328.700927734
0.995656252 -0.015596454 0.091789626 29.559949875 0.014141469 0.999764204 0.016480463 -31.356052399 -0.092025019 -0.015110837 0.995642126 330.933807373
0.995624185 -0.015066987 0.092224903 29.847208023 0.013650064 0.999779224 0.015975380 -31.549579620 -0.092445239 -0.014646600 0.995610058 333.156860352
0.995596588 -0.015336938 0.092477947 30.138448715 0.013793279 0.999755144 0.017308313 -31.745307922 -0.092720747 -0.015956525 0.995564282 335.398803711
0.995602965 -0.015502598 0.092381030 30.440195084 0.013952681 0.999751210 0.017399758 -31.938596725 -0.092627794 -0.016034288 0.995571613 337.630889893
0.995601356 -0.015105605 0.092465013 30.728147507 0.013511569 0.999749541 0.017841185 -32.137866974 -0.092711352 -0.016513364 0.995556056 339.866577148
0.995621502 -0.014963186 0.092270158 31.029623032 0.013387767 0.999754250 0.017669410 -32.334693909 -0.092511863 -0.016356755 0.995577216 342.116058350
0.995606899 -0.015071851 0.092410661 31.322139740 0.013452149 0.999745250 0.018125148 -32.525321960 -0.092660286 -0.016802404 0.995555997 344.363677979
0.995622993 -0.014601232 0.092313133 31.613113403 0.012973061 0.999749899 0.018213069 -32.716510773 -0.092555970 -0.016935768 0.995563447 346.596069336
0.995646775 -0.014409304 0.092085913 31.908300400 0.012798768 0.999755025 0.018056231 -32.906440735 -0.092323527 -0.016799040 0.995587468 348.836181641
0.995622277 -0.014014720 0.092411369 32.199615479 0.012348124 0.999751091 0.018581744 -33.101867676 -0.092648782 -0.017359292 0.995547533 351.073608398
0.995651364 -0.014084305 0.092085928 32.492897034 0.012394285 0.999744534 0.018898873 -33.290779114 -0.092328578 -0.017675353 0.995571613 353.287536621
0.995660484 -0.013993006 0.092001304 32.784366608 0.012353077 0.999754846 0.018370442 -33.481613159 -0.092235804 -0.017154219 0.995589435 355.525634766
0.995680690 -0.014157100 0.091759644 33.079021454 0.012493119 0.999747396 0.018683262 -33.668804169 -0.092000984 -0.017456198 0.995605826 357.756683350
0.995772719 -0.013345441 0.090876013 33.380393982 0.011600441 0.999738574 0.019703194 -33.863254547 -0.091115192 -0.018565703 0.995667279 360.000091553
0.995819688 -0.013385418 0.090354450 33.680812836 0.011641832 0.999736249 0.019796707 -34.055725098 -0.090595603 -0.018662056 0.995712876 362.245239258
0.995886743 -0.013557764 0.089586496 33.981605530 0.011781045 0.999723792 0.020331545 -34.244537354 -0.089837410 -0.019192491 0.995771527 364.483337402
0.995953798 -0.013330266 0.088872880 34.277786255 0.011636301 0.999741077 0.019551473 -34.431953430 -0.089110494 -0.018438213 0.995850980 366.739013672
0.995979667 -0.014060991 0.088469379 34.564296722 0.012392049 0.999735415 0.019385651 -34.621768951 -0.088718534 -0.018211396 0.995890200 368.986358643
0.995937049 -0.013896179 0.088973776 34.843639374 0.012286747 0.999751329 0.018611066 -34.807231903 -0.089210287 -0.017442252 0.995860100 371.254669189
0.996042430 -0.014233987 0.087731712 35.139652252 0.012635246 0.999744356 0.018751578 -35.001567841 -0.087976195 -0.017568856 0.995967627 373.487182617
0.996212304 -0.014362331 0.085760064 35.445827484 0.012753521 0.999732852 0.019277954 -35.188579559 -0.086014025 -0.018111195 0.996129215 375.725402832
0.996040702 -0.013267853 0.087902494 35.709629059 0.011556459 0.999734223 0.019949639 -35.379085541 -0.088143818 -0.018854816 0.995929301 377.975982666
0.996039152 -0.013813070 0.087836355 35.995174408 0.012096109 0.999725819 0.020049613 -35.567359924 -0.088089213 -0.018907716 0.995933115 380.213134766
0.996053636 -0.013715059 0.087687194 36.289249420 0.011988596 0.999724388 0.020185320 -35.752643585 -0.087939866 -0.019054415 0.995943546 382.463806152
0.996061742 -0.012906141 0.087718219 36.582069397 0.011155154 0.999729156 0.020422490 -35.941375732 -0.087958045 -0.019363549 0.995935977 384.719238281
0.996064901 -0.012113919 0.087794669 36.869197845 0.010364473 0.999739110 0.020355102 -36.124755859 -0.088018350 -0.019365061 0.995930612 386.972656250
0.996096790 -0.011024391 0.087576568 37.167434692 0.009280141 0.999750793 0.020299096 -36.318706512 -0.087778531 -0.019407146 0.995950878 389.240631104
0.996071994 -0.009619580 0.088022858 37.448963165 0.007857997 0.999762297 0.020337500 -36.510028839 -0.088197574 -0.019565927 0.995910823 391.517486572
0.996098220 -0.008487600 0.087842658 37.740230560 0.006593711 0.999740005 0.021827765 -36.698898315 -0.088005066 -0.021163385 0.995895207 393.776763916
0.996040642 -0.006999805 0.088622727 38.022632599 0.005039995 0.999738157 0.022318570 -36.888343811 -0.088755734 -0.021783544 0.995815217 396.032470703
0.995973766 -0.007152052 0.089359418 38.311183929 0.005331984 0.999773741 0.020590091 -37.077606201 -0.089486465 -0.020030728 0.995786667 398.294708252
0.995938659 -0.007097881 0.089754224 38.591354370 0.005329633 0.999787271 0.019925335 -37.263233185 -0.089876570 -0.019366061 0.995764554 400.560729980
0.995787978 -0.008052485 0.091331460 38.867149353 0.006160436 0.999760985 0.020979321 -37.447193146 -0.091478571 -0.020328315 0.995599508 402.811553955
0.995813549 -0.009584378 0.090904072 39.167900085 0.007614663 0.999729216 0.021990201 -37.627510071 -0.091090210 -0.021205936 0.995616853 405.068664551
0.995793104 -0.009992070 0.091084264 39.463436127 0.008048018 0.999732494 0.021685805 -37.811363220 -0.091276586 -0.020861529 0.995607078 407.317993164
0.995745540 -0.008734435 0.091730736 39.777420044 0.006836195 0.999756336 0.020987481 -37.993171692 -0.091891691 -0.020271104 0.995562673 409.583160400
0.995690823 -0.007986643 0.092389673 40.076381683 0.006042565 0.999754727 0.021302778 -38.182868958 -0.092537150 -0.020652710 0.995495021 411.843811035
0.995590568 -0.006876442 0.093552716 40.358558655 0.004930323 0.999766946 0.021017632 -38.369598389 -0.093675427 -0.020463711 0.995392442 414.087524414
0.995492756 -0.005378192 0.094684936 40.659339905 0.003403807 0.999773681 0.021001318 -38.555301666 -0.094776459 -0.020584371 0.995285749 416.355194092
0.995453298 -0.005671037 0.095082022 40.966922760 0.003685086 0.999771774 0.021049289 -38.744712830 -0.095179699 -0.020603200 0.995246887 418.608978271
0.995350480 -0.005744373 0.096147783 41.262805939 0.003745194 0.999773264 0.020960350 -38.927589417 -0.096246362 -0.020502796 0.995146453 420.859619141
0.995275736 -0.005975543 0.096904770 41.559509277 0.003985014 0.999777317 0.020721631 -39.116386414 -0.097006999 -0.020237569 0.995077908 423.112823486
0.995194972 -0.006328870 0.097708076 41.865798950 0.004217692 0.999753475 0.021798434 -39.303565979 -0.097821943 -0.021281591 0.994976342 425.383605957
0.995149076 -0.005655718 0.098215871 42.171024323 0.003465984 0.999741912 0.022451440 -39.486946106 -0.098317504 -0.022002120 0.994911790 427.636810303
0.995076656 -0.005006598 0.098981380 42.485042572 0.002722611 0.999727130 0.023196535 -39.670539856 -0.099070497 -0.022812841 0.994818866 429.914794922
0.995075524 -0.005239925 0.098980285 42.802864075 0.002930069 0.999720335 0.023467507 -39.860527039 -0.099075586 -0.023061924 0.994812548 432.194488525
0.995033205 -0.006075653 0.099358000 43.117996216 0.003819135 0.999730766 0.022885438 -40.051116943 -0.099470295 -0.022392310 0.994788527 434.453033447
0.995000660 -0.005335561 0.099725820 43.432498932 0.003057111 0.999731064 0.022986017 -40.222408295 -0.099821664 -0.022566227 0.994749427 436.724151611
0.994967341 -0.005689496 0.100037925 43.748355865 0.003349919 0.999717236 0.023539359 -40.410331726 -0.100143559 -0.023085771 0.994705081 439.008056641
0.995011628 -0.005798268 0.099590108 44.073196411 0.003424374 0.999706268 0.023991063 -40.594638824 -0.099699959 -0.023530351 0.994739234 441.278747559
0.994985759 -0.005371060 0.099873826 44.396514893 0.002920703 0.999691665 0.024664575 -40.784698486 -0.099975504 -0.024249200 0.994694352 443.585449219
0.994945586 -0.005912036 0.100241400 44.713363647 0.003452206 0.999689102 0.024694799 -40.961524963 -0.100356214 -0.024223927 0.994656622 445.865966797
0.994946480 -0.005836180 0.100236453 45.027374268 0.003428096 0.999701738 0.024179498 -41.144538879 -0.100347683 -0.023713687 0.994669795 448.132965088
0.994950116 -0.005078491 0.100243524 45.349433899 0.002680721 0.999707401 0.024039689 -41.331413269 -0.100336276 -0.023649568 0.994672477 450.389862061
0.994901836 -0.004716131 0.100737713 45.661365509 0.002326556 0.999713361 0.023825096 -41.518619537 -0.100821212 -0.023469254 0.994627714 452.649139404
0.994830012 -0.004171537 0.101467818 45.973896027 0.001750220 0.999711812 0.023940252 -41.693542480 -0.101538442 -0.023638891 0.994550824 454.918914795
0.994783223 -0.004754927 0.101900391 46.277523041 0.002328881 0.999711335 0.023913762 -41.885131836 -0.101984695 -0.023551697 0.994507074 457.180908203
0.994808912 -0.003953173 0.101683192 46.609889984 0.001587518 0.999726355 0.023335377 -42.071319580 -0.101747602 -0.023052817 0.994543135 459.473541260
0.994778812 -0.003103291 0.102006942 46.925975800 0.000677608 0.999716341 0.023805633 -42.254837036 -0.102051899 -0.023612222 0.994498789 461.756927490
0.994818568 -0.002797654 0.101627849 47.249427795 0.000258025 0.999687552 0.024994055 -42.434822083 -0.101666033 -0.024838328 0.994508445 464.035583496
0.994859755 -0.002846383 0.101222157 47.560539246 0.000298158 0.999682963 0.025180794 -42.609348297 -0.101261728 -0.025021181 0.994545102 466.302154541
0.994958997 -0.003061657 0.100235961 47.881553650 0.000635034 0.999706089 0.024232065 -42.789360046 -0.100280702 -0.024046257 0.994668484 468.581451416
0.995033026 -0.003092918 0.099497288 48.207942963 0.000747612 0.999721110 0.023600219 -42.970806122 -0.099542536 -0.023408614 0.994757891 470.876373291
0.995108008 -0.003486939 0.098731413 48.524307251 0.001074529 0.999699831 0.024476703 -43.157039642 -0.098787129 -0.024250876 0.994812965 473.156677246
0.995115578 -0.003562873 0.098652378 48.830928802 0.001112834 0.999689877 0.024878962 -43.341785431 -0.098710425 -0.024647662 0.994810879 475.431274414
0.995191097 -0.003337925 0.097895332 49.142494202 0.000947893 0.999700606 0.024450513 -43.512622833 -0.097947642 -0.024240140 0.994896233 477.730041504
0.995221674 -0.003490937 0.097579956 49.453460693 0.001043170 0.999683797 0.025124503 -43.694656372 -0.097636819 -0.024902651 0.994910479 480.007232666
0.995253146 -0.004052641 0.097234741 49.769924164 0.001568059 0.999670625 0.025615226 -43.874572754 -0.097306520 -0.025341166 0.994931817 482.286743164
0.995280445 -0.004566916 0.096932039 50.072780609 0.002140714 0.999682188 0.025119184 -44.055004120 -0.097015940 -0.024793128 0.994974077 484.560913086
0.995370686 -0.004981671 0.095980607 50.387355804 0.002530753 0.999668062 0.025640389 -44.240898132 -0.096076481 -0.025278790 0.995052874 486.844970703
0.995340347 -0.004912856 0.096299037 50.670272827 0.002455054 0.999668598 0.025624488 -44.413810730 -0.096393019 -0.025268668 0.995022476 489.127288818
0.995366335 -0.004223546 0.096062690 50.979957581 0.001729320 0.999659598 0.026033014 -44.586788177 -0.096139938 -0.025746264 0.995034814 491.428680420
0.995428085 -0.003511976 0.095449626 51.294548035 0.000995746 0.999651074 0.026396709 -44.761547089 -0.095509037 -0.026180981 0.995084226 493.716278076
0.995428145 -0.003264376 0.095457479 51.590862274 0.000794899 0.999664247 0.025896497 -44.936828613 -0.095509976 -0.025702221 0.995096624 496.019927979
0.995465279 -0.002769125 0.095085412 51.909141541 0.000345605 0.999674916 0.025494834 -45.123321533 -0.095125079 -0.025346361 0.995142579 498.333496094
0.995505095 -0.002878590 0.094664261 52.213733673 0.000384107 0.999652505 0.026358521 -45.302467346 -0.094707236 -0.026203679 0.995160222 500.628204346
0.995507956 -0.002559256 0.094644420 52.512847900 0.000048202 0.999648154 0.026524220 -45.481548309 -0.094679020 -0.026400508 0.995157719 502.905487061
0.995527983 -0.001774728 0.094449572 52.817695618 -0.000653544 0.999670208 0.025672577 -45.657012939 -0.094463989 -0.025619494 0.995198548 505.197021484
0.995531440 -0.001790176 0.094413534 53.117080688 -0.000704441 0.999651611 0.026382297 -45.838436127 -0.094427876 -0.026330914 0.995183408 507.484130859
0.995543718 -0.002033527 0.094278745 53.423217773 -0.000376908 0.999673665 0.025542255 -46.016159058 -0.094299920 -0.025463970 0.995218039 509.770050049
0.995600283 -0.002727389 0.093661524 53.740325928 0.000264682 0.999654174 0.026296053 -46.200130463 -0.093700849 -0.026155565 0.995256782 512.071716309
0.995625556 -0.002480523 0.093401417 54.045566559 0.000017127 0.999652386 0.026365859 -46.373596191 -0.093434356 -0.026248921 0.995279372 514.379272461
0.995657861 -0.001930429 0.093067594 54.352432251 -0.000511064 0.999656498 0.026202573 -46.552528381 -0.093086220 -0.026136367 0.995314956 516.686950684
0.995672286 -0.001044071 0.092927374 54.648872375 -0.001373410 0.999662340 0.025946988 -46.735099792 -0.092923090 -0.025962329 0.995334744 518.976318359
0.995546877 0.000845396 0.094263926 54.941772461 -0.003341173 0.999647915 0.026321800 -46.919879913 -0.094208486 -0.026519539 0.995199203 521.328186035
0.995361209 0.002908057 0.096164376 55.228080750 -0.005466640 0.999637723 0.026353594 -47.094726562 -0.096052922 -0.026757043 0.995016575 523.652038574
0.995425820 0.003787844 0.095462143 55.553249359 -0.006455171 0.999597013 0.027647903 -47.269813538 -0.095318928 -0.028137662 0.995049059 525.977722168
0.995361447 0.003454615 0.096143328 55.854080200 -0.006125160 0.999603152 0.027495459 -47.443824768 -0.096010193 -0.027956817 0.994987667 528.282653809
0.995296359 0.001734141 0.096861541 56.154159546 -0.004552271 0.999572515 0.028881015 -47.617588043 -0.096770048 -0.029186105 0.994878769 530.598266602
0.995231330 0.000199080 0.097541884 56.468517303 -0.002990346 0.999590099 0.028470723 -47.789207458 -0.097496226 -0.028626639 0.994824052 532.920776367
0.995223939 0.000098904 0.097618312 56.784328461 -0.002839995 0.999605536 0.027941125 -47.965690613 -0.097577058 -0.028084910 0.994831622 535.226013184
0.995149553 -0.000192372 0.098372638 57.097923279 -0.002551723 0.999611080 0.027768321 -48.143013000 -0.098339736 -0.027884649 0.994762182 537.542541504
0.995076597 0.000167398 0.099108890 57.408073425 -0.002900626 0.999619365 0.027434584 -48.326477051 -0.099066578 -0.027586985 0.994698346 539.859191895
0.994965434 0.000912194 0.100215584 57.716514587 -0.003645355 0.999626279 0.027093070 -48.505790710 -0.100153424 -0.027321989 0.994596720 542.184753418
0.994871140 0.001187240 0.101143740 58.039707184 -0.003846059 0.999651968 0.026096590 -48.682853699 -0.101077564 -0.026351744 0.994529486 544.509460449
0.994691789 0.001235791 0.102892019 58.332611084 -0.004017301 0.999631941 0.026830463 -48.868629456 -0.102820978 -0.027101388 0.994330585 546.833923340
0.994580030 0.000863693 0.103971615 58.646533966 -0.003805456 0.999597847 0.028098864 -49.054386139 -0.103905536 -0.028342223 0.994183242 549.150756836
0.994509399 0.000735705 0.104644910 58.965396881 -0.003707043 0.999595344 0.028202832 -49.229911804 -0.104581818 -0.028435906 0.994109690 551.452270508
0.994537115 -0.000195099 0.104382865 59.301631927 -0.002686786 0.999619007 0.027467482 -49.406482697 -0.104348443 -0.027597884 0.994157910 553.762084961
0.994555116 -0.000491855 0.104210809 59.638557434 -0.002427549 0.999608099 0.027885716 -49.584915161 -0.104183704 -0.027986858 0.994164228 556.079589844
0.994466722 -0.000109816 0.105051666 59.960632324 -0.002890450 0.999592245 0.028407240 -49.761257172 -0.105011947 -0.028553704 0.994060934 558.388977051
0.994438887 0.000589727 0.105313338 60.293113708 -0.003729638 0.999554217 0.029620493 -49.937755585 -0.105248928 -0.029848550 0.993997991 560.719970703
0.994443357 0.000141761 0.105273180 60.633785248 -0.003353283 0.999534309 0.030330181 -50.112907410 -0.105219863 -0.030514657 0.993980706 563.053710938
0.994403243 0.000661456 0.105649062 60.968795776 -0.003973647 0.999506950 0.031143457 -50.283409119 -0.105576389 -0.031388961 0.993915677 565.370300293
0.994369149 0.001556094 0.105959594 61.312095642 -0.004825742 0.999519825 0.030608108 -50.460548401 -0.105861075 -0.030947095 0.993899226 567.698120117
0.994378626 0.002568690 0.105851769 61.660217285 -0.005684438 0.999558985 0.029143834 -50.627906799 -0.105730221 -0.029581709 0.993954778 570.026550293
0.994333863 0.002913638 0.106261991 62.005943298 -0.006065350 0.999550760 0.029348724 -50.802581787 -0.106128752 -0.029826948 0.993904948 572.348876953
0.994340539 0.002911935 0.106200047 62.352714539 -0.006213161 0.999507248 0.030767379 -50.989036560 -0.106058106 -0.031253092 0.993868649 574.724121094
0.994299293 0.002768376 0.106589153 62.692310333 -0.006220680 0.999466300 0.032070048 -51.164741516 -0.106443472 -0.032550279 0.993785858 577.034240723
0.994226575 0.003713516 0.107236199 63.023994446 -0.007037526 0.999505877 0.030635329 -51.341625214 -0.107069440 -0.031213131 0.993761420 579.433044434
0.994252443 0.002880969 0.107022025 63.367347717 -0.006181486 0.999515057 0.030520702 -51.507125854 -0.106882170 -0.031006841 0.993788123 581.772949219
0.994222760 0.001990878 0.107318141 63.712760925 -0.005489348 0.999462843 0.032313526 -51.696212769 -0.107196115 -0.032715954 0.993699491 584.116271973
0.994299769 0.002141205 0.106598534 64.057838440 -0.005615462 0.999462366 0.032302514 -51.862144470 -0.106472038 -0.032716982 0.993777275 586.434082031
0.994248927 -0.001065248 0.107088290 64.405769348 -0.002319420 0.999501765 0.031476811 -52.045646667 -0.107068472 -0.031544168 0.993751109 588.799804688
0.994277656 -0.001342880 0.106818371 64.754936218 -0.002017185 0.999506831 0.031341605 -52.209655762 -0.106807761 -0.031377733 0.993784428 591.148193359
0.994273245 -0.002997275 0.106825426 65.091415405 -0.000414564 0.999491036 0.031901944 -52.380790710 -0.106866680 -0.031763531 0.993765891 593.484924316
0.994302094 -0.003781688 0.106531464 65.441970825 0.000351137 0.999481261 0.032202601 -52.549873352 -0.106597975 -0.031981695 0.993787706 595.842956543
