1.000000000 0.000000000 0.000000000 0.000000000 0.000000000 1.000000000 0.000000000 0.000000000 0.000000000 0.000000000 1.000000000 0.000000000
0.999999881 0.000171720 0.000456552 0.088303514 -0.000171652 1.000000000 -0.000147210 -0.226073280 -0.000456577 0.000147132 0.999999881 2.295695305
0.999999166 0.000575004 0.001137159 0.165852487 -0.000575505 0.999999762 0.000440205 -0.464485288 -0.001136906 -0.000440859 0.999999285 4.585862637
0.999998510 0.000174124 0.001730495 0.261951894 -0.000175076 0.999999821 0.000550165 -0.694791019 -0.001730399 -0.000550467 0.999998331 6.878563881
0.999996424 0.000038750 0.002675032 0.355573207 -0.000035555 0.999999285 -0.001194403 -0.926089227 -0.002675076 0.001194304 0.999995649 9.174510956
0.999986529 0.001755940 0.004874827 0.445678294 -0.001756017 0.999998450 0.000011466 -1.160027862 -0.004874799 -0.000020026 0.999988079 11.481535912
0.999960124 0.004182193 0.007884557 0.523547113 -0.004193608 0.999990165 0.001431863 -1.392225266 -0.007878491 -0.001464871 0.999967873 13.797464371
0.999945998 0.003887485 0.009640362 0.641377270 -0.003923535 0.999985337 0.003723301 -1.618824601 -0.009625747 -0.003760924 0.999946594 16.066587448
0.999939203 0.003946307 0.010290235 0.772321939 -0.003997409 0.999979734 0.004950337 -1.850175142 -0.010270489 -0.004991170 0.999934733 18.415615082
0.999930918 0.003137761 0.011324784 0.894731939 -0.003196905 0.999981284 0.005208216 -2.074784756 -0.011308231 -0.005244060 0.999922276 20.703884125
0.999928057 0.000636506 0.011973905 1.008167028 -0.000672401 0.999995291 0.002993925 -2.307322741 -0.011971944 -0.003001761 0.999923766 23.013605118
0.999914825 -0.001662302 0.012944308 1.114601016 0.001650332 0.999998152 0.000935365 -2.526937485 -0.012945841 -0.000913923 0.999915719 25.294555664
0.999919415 -0.002336826 0.012474084 1.256609917 0.002331219 0.999997139 0.000463970 -2.777360201 -0.012475132 -0.000434853 0.999922097 27.606807709
0.999906480 -0.001988853 0.013534646 1.360339046 0.001996713 0.999997854 -0.000567237 -3.001817226 -0.013533490 0.000594209 0.999908268 29.892700195
0.999895275 0.000287041 0.014468972 1.479958296 -0.000315219 0.999998033 0.001945209 -3.233250380 -0.014468385 -0.001949566 0.999893427 32.181190491
0.999892712 0.002308403 0.014465649 1.609638929 -0.002367930 0.999988794 0.004099246 -3.453484297 -0.014456025 -0.004133061 0.999886930 34.462841034
0.999867201 0.004442516 0.015675586 1.732020497 -0.004572379 0.999955416 0.008258368 -3.686575651 -0.015638201 -0.008328944 0.999843001 36.771289825
0.999844432 0.006270711 0.016485274 1.846657276 -0.006400423 0.999948859 0.007827403 -3.904747248 -0.016435344 -0.007931699 0.999833405 39.044425964
0.999815166 0.005430911 0.018442033 1.948091865 -0.005551960 0.999963343 0.006518898 -4.112996101 -0.018405953 -0.006620082 0.999808669 41.339736938
0.999820650 0.003035542 0.018689871 2.070289135 -0.003140427 0.999979496 0.005585131 -4.337646961 -0.018672535 -0.005642824 0.999809682 43.619285583
0.999830246 0.002579022 0.018242182 2.215059757 -0.002656714 0.999987483 0.004235948 -4.557406902 -0.018231029 -0.004283693 0.999824643 45.855308533
0.999827921 0.002045846 0.018438507 2.339201212 -0.002111189 0.999991536 0.003525077 -4.788647652 -0.018431138 -0.003563397 0.999823809 48.121746063
0.999833286 0.000455174 0.018260796 2.477420330 -0.000524281 0.999992728 0.003779821 -5.015217304 -0.018258944 -0.003788765 0.999826133 50.403934479
0.999817312 -0.000527852 0.019106979 2.606310368 0.000450126 0.999991596 0.004072019 -5.237642765 -0.019108966 -0.004062675 0.999809146 52.668052673
0.999812186 -0.001856497 0.019293556 2.741052151 0.001776288 0.999989688 0.004173589 -5.467175961 -0.019301102 -0.004138534 0.999805152 54.949924469
0.999783993 -0.002105063 0.020675119 2.858692646 0.002014108 0.999988198 0.004419059 -5.695900917 -0.020684177 -0.004376463 0.999776423 57.247283936
0.999768794 -0.003501575 0.021212166 2.995983124 0.003394747 0.999981403 0.005070126 -5.920007706 -0.021229524 -0.004996943 0.999762058 59.512680054
0.999726355 -0.004860596 0.022879347 3.119364977 0.004760894 0.999978960 0.004410106 -6.143229485 -0.022900300 -0.004299973 0.999728501 61.780956268
0.999708056 -0.005511068 0.023522463 3.266955853 0.005408386 0.999975562 0.004426614 -6.368288994 -0.023546284 -0.004298104 0.999713421 64.032661438
0.999680877 -0.004969202 0.024765318 3.404771090 0.004845270 0.999975443 0.005061746 -6.590853214 -0.024789866 -0.004940135 0.999680459 66.300193787
0.999664724 -0.004047581 0.025572686 3.552607298 0.003904665 0.999976516 0.005636061 -6.819064140 -0.025594894 -0.005534318 0.999657094 68.563034058
0.999625981 -0.004277793 0.027008612 3.687858105 0.004138148 0.999977708 0.005224147 -7.041151524 -0.027030358 -0.005110427 0.999621511 70.815673828
0.999606907 -0.004986278 0.027589826 3.843125820 0.004876928 0.999979913 0.004029304 -7.265363216 -0.027609367 -0.003893166 0.999611139 73.072052002
0.999593198 -0.005939031 0.027894733 4.000596523 0.005821796 0.999973834 0.004282135 -7.489082813 -0.027919432 -0.004117995 0.999601722 75.357559204
0.999543786 -0.007225265 0.029322840 4.156090260 0.007117212 0.999967515 0.003787599 -7.718400002 -0.029349247 -0.003577174 0.999562860 77.622421265
0.999538541 -0.007905389 0.029326713 4.308594227 0.007799191 0.999962628 0.003733817 -7.948994160 -0.029355137 -0.003503369 0.999562860 79.885421753
0.999509037 -0.008341216 0.030201755 4.455991268 0.008241287 0.999960124 0.003431707 -8.165324211 -0.030229175 -0.003181120 0.999537945 82.141151428
0.999499440 -0.007379720 0.030762531 4.630736351 0.007285674 0.999968469 0.003168168 -8.393445015 -0.030784940 -0.002942456 0.999521613 84.423805237
0.999448121 -0.007122454 0.032446276 4.785133362 0.007011154 0.999969244 0.003542761 -8.609735489 -0.032470506 -0.003313320 0.999467254 86.677742004
0.999451280 -0.006831952 0.032410640 4.957913876 0.006666177 0.999964118 0.005220095 -8.847502708 -0.032445155 -0.005001175 0.999460936 88.964447021
0.999419212 -0.005881669 0.033565085 5.116603851 0.005680942 0.999965429 0.006072443 -9.073748589 -0.033599641 -0.005878234 0.999418080 91.216438293
0.999398470 -0.005628893 0.034217924 5.284315109 0.005425730 0.999967098 0.006027255 -9.293226242 -0.034250721 -0.005837972 0.999396205 93.455017090
0.999391675 -0.005976571 0.034358796 5.464673042 0.005796687 0.999969006 0.005332734 -9.513406754 -0.034389608 -0.005130323 0.999395430 95.691192627
0.999357224 -0.006703555 0.035215028 5.631760597 0.006501474 0.999961674 0.005849857 -9.734612465 -0.035252891 -0.005617148 0.999362648 97.938385010
0.999330461 -0.006482264 0.036006171 5.791480064 0.006294734 0.999965966 0.005319191 -9.962478638 -0.036039419 -0.005088980 0.999337554 100.178604126
0.999276042 -0.006528216 0.037477862 5.944245815 0.006294657 0.999960005 0.006346501 -10.176694870 -0.037517793 -0.006105998 0.999277413 102.408294678
0.999276042 -0.006915734 0.037410010 6.147674084 0.006687087 0.999958217 0.006233590 -10.397059441 -0.037451562 -0.005978913 0.999280512 104.684295654
0.999246240 -0.007948491 0.037996903 6.321635246 0.007696429 0.999947369 0.006775402 -10.609214783 -0.038048752 -0.006477855 0.999254882 106.923637390
0.999226511 -0.009520930 0.038154338 6.505196571 0.009263924 0.999933243 0.006907100 -10.823369980 -0.038217559 -0.006548298 0.999247968 109.179031372
0.999189019 -0.010545204 0.038859792 6.681067467 0.010242165 0.999915659 0.007989131 -11.048451424 -0.038940754 -0.007584644 0.999212742 111.436416626
0.999165714 -0.011326262 0.039237428 6.867728233 0.011071962 0.999916255 0.006692290 -11.268342018 -0.039309941 -0.006252271 0.999207497 113.704475403
0.999118447 -0.011736872 0.040306512 7.043640137 0.011512115 0.999916911 0.005803779 -11.486347198 -0.040371276 -0.005334649 0.999170601 115.960243225
0.999081016 -0.012100375 0.041118514 7.221119404 0.011850486 0.999909818 0.006315642 -11.712325096 -0.041191220 -0.005822564 0.999134302 118.210769653
0.999025166 -0.012492639 0.042339265 7.403221130 0.012205722 0.999900758 0.007028430 -11.934325218 -0.042422868 -0.006504797 0.999078572 120.483795166
0.999008596 -0.013242682 0.042503204 7.601026535 0.012926736 0.999886811 0.007699684 -12.157477379 -0.042600356 -0.007142622 0.999066651 122.695541382
0.998970091 -0.014081243 0.043133598 7.805883408 0.013779874 0.999878585 0.007276282 -12.382059097 -0.043230813 -0.006674414 0.999042749 124.994956970
0.998938382 -0.014618713 0.043683968 7.986110687 0.014345575 0.999875605 0.006559604 -12.603577614 -0.043774422 -0.005925968 0.999023855 127.258842468
0.998919129 -0.016290950 0.043533418 8.172383308 0.015999814 0.999847293 0.007027729 -12.819438934 -0.043641262 -0.006323608 0.999027252 129.520462036
0.998947024 -0.017450262 0.042429022 8.359132767 0.017157948 0.999826491 0.007243884 -13.031393051 -0.042548079 -0.006508262 0.999073148 131.764007568
0.999002755 -0.017696911 0.040992603 8.550788879 0.017362388 0.999813139 0.008502342 -13.246949196 -0.041135412 -0.007782133 0.999123275 133.999816895
0.999046862 -0.018538846 0.039516207 8.728769302 0.018227071 0.999799848 0.008235564 -13.466339111 -0.039660979 -0.007507448 0.999184966 136.255355835
0.999107182 -0.019379508 0.037541747 8.929004669 0.019083384 0.999784112 0.008230214 -13.682934761 -0.037693135 -0.007506443 0.999261141 138.483001709
0.999104857 -0.019758835 0.037404455 9.093095779 0.019466551 0.999777198 0.008162316 -13.900278091 -0.037557393 -0.007426874 0.999266863 140.772369385
0.999094129 -0.019975496 0.037576500 9.257162094 0.019667642 0.999770105 0.008544684 -14.107557297 -0.037738547 -0.007797904 0.999257267 143.006912231
0.999141455 -0.020178849 0.036181767 9.445016861 0.019830717 0.999753714 0.009955077 -14.337194443 -0.036373734 -0.009229020 0.999295592 145.241317749
0.999160409 -0.019113706 0.036236066 9.613734245 0.018801294 0.999783337 0.008942818 -14.548183441 -0.036399141 -0.008254026 0.999303222 147.492416382
0.999181688 -0.018078487 0.036185529 9.789501190 0.017823361 0.999814034 0.007360816 -14.760743141 -0.036311876 -0.006709844 0.999318004 149.742187500
0.999194264 -0.016363053 0.036648668 9.959337234 0.016132826 0.999848306 0.006568925 -14.977974892 -0.036750603 -0.005972384 0.999306560 151.989959717
0.999197721 -0.015703531 0.036840435 10.136543274 0.015470846 0.999858558 0.006592686 -15.193790436 -0.036938757 -0.006017444 0.999299407 154.234390259
0.999189794 -0.014915205 0.037378799 10.312747955 0.014654372 0.999866366 0.007242350 -15.411847115 -0.037481826 -0.006688721 0.999274850 156.503631592
0.999194860 -0.014243848 0.037504822 10.501846313 0.013936237 0.999867022 0.008450625 -15.629645348 -0.037620213 -0.007921145 0.999260664 158.730133057
0.999140084 -0.013651126 0.039150652 10.656372070 0.013265494 0.999861062 0.010092895 -15.859359741 -0.039282992 -0.009564863 0.999182343 161.027465820
0.999115169 -0.012697557 0.040095925 10.834367752 0.012219477 0.999851584 0.012146086 -16.072149277 -0.040244199 -0.011645388 0.999122083 163.264358521
0.999083579 -0.011536937 0.041215658 11.010560036 0.011064962 0.999870718 0.011661234 -16.289972305 -0.041344855 -0.011194496 0.999082208 165.557250977
0.999047160 -0.010846611 0.042272631 11.198627472 0.010411874 0.999890745 0.010490726 -16.496879578 -0.042381801 -0.010040593 0.999051154 167.810058594
0.998976171 -0.009042701 0.044324163 11.377781868 0.008575478 0.999905705 0.010719889 -16.704250336 -0.044416919 -0.010328813 0.998959661 170.044876099
0.998860359 -0.008639560 0.046942007 11.575866699 0.008115400 0.999902666 0.011345266 -16.931873322 -0.047035459 -0.010951380 0.998833179 172.356628418
0.998744249 -0.008750489 0.049327303 11.770530701 0.008209727 0.999904096 0.011154688 -17.138391495 -0.049420178 -0.010735718 0.998720348 174.628173828
0.998663723 -0.008574295 0.050963040 11.974036217 0.007980192 0.999897957 0.011849599 -17.349431992 -0.051059432 -0.011427068 0.998630345 176.891448975
0.998614788 -0.009041004 0.051833536 12.172457695 0.008404442 0.999886751 0.012485706 -17.549421310 -0.051940542 -0.012032778 0.998577714 179.110198975
0.998605967 -0.010816248 0.051663350 12.382547379 0.010181582 0.999869645 0.012532083 -17.766235352 -0.051792171 -0.011988601 0.998585939 181.387313843
0.998571754 -0.011607695 0.052150324 12.577542305 0.010988773 0.999865949 0.012139139 -17.966749191 -0.052284237 -0.011548732 0.998565495 183.633026123
0.998624206 -0.012817935 0.050847013 12.794012070 0.012200403 0.999848247 0.012436760 -18.187583923 -0.050998718 -0.011799297 0.998629034 185.876037598
0.998631239 -0.014638022 0.050213832 12.998197556 0.013993156 0.999815345 0.013170072 -18.392969131 -0.050397355 -0.012449396 0.998651564 188.122802734
0.998641074 -0.015570843 0.049734909 13.204078674 0.014963653 0.999809206 0.012557644 -18.591739655 -0.049920946 -0.011796363 0.998683572 190.366256714
0.998593509 -0.016696416 0.050320826 13.390312195 0.016075835 0.999789894 0.012712087 -18.806865692 -0.050522503 -0.011885257 0.998652220 192.616424561
0.998529911 -0.017731167 0.051220436 13.568910599 0.017123120 0.999777913 0.012285769 -19.005928040 -0.051426902 -0.011390655 0.998611808 194.855514526
0.998603642 -0.017313747 0.049910102 13.807452202 0.016717618 0.999784052 0.012336932 -19.221782684 -0.050112933 -0.011485327 0.998677433 197.134109497
0.998610318 -0.015288205 0.050435591 14.004750252 0.014691392 0.999817848 0.012182776 -19.421298981 -0.050612651 -0.011424880 0.998652995 199.381164551
0.998616874 -0.013452305 0.050827049 14.202569962 0.012855156 0.999844611 0.012057363 -19.631561279 -0.050981347 -0.011387296 0.998634696 201.616317749
0.998597682 -0.013015378 0.051315352 14.409812927 0.012452848 0.999858975 0.011266753 -19.835956573 -0.051454756 -0.010611933 0.998619080 203.878845215
0.998553455 -0.013400950 0.052071676 14.605466843 0.012797621 0.999847293 0.011902756 -20.036535263 -0.052223224 -0.011219145 0.998572469 206.106231689
0.998539150 -0.014896471 0.051938161 14.832178116 0.014281684 0.999823868 0.012188072 -20.252395630 -0.052110560 -0.011428502 0.998575926 208.369613647
0.998476386 -0.014574965 0.053221501 15.034296036 0.013966630 0.999833047 0.011784356 -20.440551758 -0.053384367 -0.011023076 0.998513222 210.616333008
0.998414874 -0.014876904 0.054280221 15.255617142 0.014151922 0.999805748 0.013716285 -20.670089722 -0.054473735 -0.012926374 0.998431504 212.868194580
0.998345852 -0.013450979 0.055899315 15.485466003 0.012686342 0.999821365 0.014011254 -20.872415543 -0.056077793 -0.013278918 0.998338044 215.103927612
0.998187602 -0.012222397 0.058924153 15.692255020 0.011416812 0.999836922 0.013988957 -21.075752258 -0.059085529 -0.013290877 0.998164415 217.391403198
0.998052657 -0.012528774 0.061105743 15.913379669 0.011670968 0.999828517 0.014374788 -21.277008057 -0.061275363 -0.013633633 0.998027802 219.626144409
0.997934580 -0.013897007 0.062715873 16.146244049 0.012987656 0.999804974 0.014883973 -21.472349167 -0.062910475 -0.014038702 0.997920454 221.865692139
0.997821212 -0.015286173 0.064181149 16.376255035 0.014304762 0.999774039 0.015723126 -21.668088913 -0.064406998 -0.014770771 0.997814417 224.106872559
0.997753680 -0.017470187 0.064671390 16.621366501 0.016522376 0.999748468 0.015161777 -21.872152328 -0.064919986 -0.014059193 0.997791409 226.339859009
0.997707665 -0.018849699 0.064992584 16.856307983 0.017931150 0.999731362 0.014687682 -22.063756943 -0.065251991 -0.013488621 0.997777641 228.595520020
0.997667730 -0.019037366 0.065549187 17.095842361 0.018091114 0.999723971 0.014999268 -22.262828827 -0.065816633 -0.013778429 0.997736573 230.836639404
0.997622907 -0.020191884 0.065884992 17.341535568 0.019309800 0.999715507 0.013997764 -22.461854935 -0.066148914 -0.012692263 0.997729063 233.089599609
0.997571528 -0.021185132 0.066350088 17.577779770 0.020222805 0.999680877 0.015142109 -22.656650543 -0.066649720 -0.013763552 0.997681499 235.326309204
0.997573376 -0.020755427 0.066459134 17.845092773 0.019775890 0.999686360 0.015363168 -22.859151840 -0.066757165 -0.014011596 0.997671008 237.583145142
0.997546732 -0.020349242 0.066980571 18.082420349 0.019374721 0.999697268 0.015166895 -23.049617767 -0.067268930 -0.013831958 0.997638941 239.814224243
0.997511446 -0.020500401 0.067457430 18.323692322 0.019495925 0.999689460 0.015515377 -23.250335693 -0.067754544 -0.014161621 0.997601628 242.042037964
0.997469306 -0.020806564 0.067986146 18.566017151 0.019785954 0.999681652 0.015651237 -23.442716599 -0.068290174 -0.014266456 0.997563481 244.285385132
0.997435033 -0.021086592 0.068400994 18.810401917 0.020097720 0.999683738 0.015113180 -23.646987915 -0.068698078 -0.013699710 0.997543395 246.518005371
0.997451782 -0.020770989 0.068252221 19.066371918 0.019833766 0.999699831 0.014380937 -23.848585129 -0.068530440 -0.012990597 0.997564375 248.759628296
0.997422755 -0.020980941 0.068611853 19.311393738 0.019994238 0.999687016 0.015036275 -24.048793793 -0.068905838 -0.013625681 0.997530222 251.000717163
0.997394085 -0.022331327 0.068602107 19.561212540 0.021347992 0.999659061 0.015033797 -24.249837875 -0.068914443 -0.013530105 0.997530758 253.230300903
0.997397184 -0.022421123 0.068528190 19.820909500 0.021396438 0.999648511 0.015650434 -24.447765350 -0.068855010 -0.014143441 0.997526407 255.491149902
0.997364283 -0.023165032 0.068758920 20.056827545 0.022122949 0.999629140 0.015878730 -24.645639420 -0.069101267 -0.014315729 0.997506917 257.714477539
0.997340143 -0.023742270 0.068912931 20.318769455 0.022617023 0.999598563 0.017063200 -24.863010406 -0.069290392 -0.015459210 0.997476757 259.967651367
0.997305512 -0.023258606 0.069575422 20.568746567 0.022165081 0.999619007 0.016448168 -25.053684235 -0.069931485 -0.014861705 0.997441053 262.212677002
0.997275233 -0.023140723 0.070046902 20.820556641 0.022072179 0.999628425 0.015990635 -25.246585846 -0.070390910 -0.014400975 0.997415662 264.468597412
0.997245014 -0.022488184 0.070686728 21.073703766 0.021429254 0.999647021 0.015703499 -25.448760986 -0.071014918 -0.014145473 0.997374952 266.707427979
0.997179031 -0.021792410 0.071826220 21.326465607 0.020693576 0.999657691 0.016007345 -25.642683029 -0.072150469 -0.014475845 0.997288704 268.956817627
0.997082710 -0.021198686 0.073325582 21.579399109 0.020113871 0.999677539 0.015501506 -25.852668762 -0.073630549 -0.013981423 0.997187495 271.215057373
0.996974170 -0.021973414 0.074563242 21.842065811 0.020839114 0.999655485 0.015956726 -26.052248001 -0.074888170 -0.014354614 0.997088611 273.462890625
0.996800303 -0.022376984 0.076735988 22.089164734 0.021129617 0.999631703 0.017028982 -26.251209259 -0.077088788 -0.015353087 0.996906042 275.709381104
0.996681809 -0.022422293 0.078246750 22.356357574 0.021063402 0.999613345 0.018149184 -26.435001373 -0.078623451 -0.016440816 0.996768892 277.951629639
0.996615767 -0.022132259 0.079164922 22.634845734 0.020639444 0.999594331 0.019625939 -26.639402390 -0.079567187 -0.017925601 0.996668339 280.211883545
0.996559501 -0.021813065 0.079958946 22.917474747 0.020244868 0.999587476 0.020371059 -26.828706741 -0.080370329 -0.018682214 0.996590018 282.450622559
0.996468067 -0.020857042 0.081340350 23.185520172 0.019230613 0.999600172 0.020727802 -27.014390945 -0.081740148 -0.019090371 0.996470809 284.714874268
0.996361375 -0.019864244 0.082881518 23.450759888 0.018269742 0.999633968 0.019952636 -27.194284439 -0.083247527 -0.018365812 0.996359646 286.945526123
0.996330440 -0.018914947 0.083473861 23.724145889 0.017409984 0.999673128 0.018720487 -27.371541977 -0.083800681 -0.017198507 0.996334136 289.198608398
0.996263444 -0.019767152 0.084073767 23.994459152 0.018226361 0.999652267 0.019054925 -27.565166473 -0.084421195 -0.017451365 0.996277332 291.426788330
0.996195436 -0.019163400 0.085013732 24.252237320 0.017713640 0.999685228 0.017774919 -27.748003006 -0.085327595 -0.016201392 0.996221244 293.709655762
0.996227622 -0.019641565 0.084526382 24.536027908 0.018261019 0.999687552 0.017075099 -27.937215805 -0.084835358 -0.015467146 0.996274948 295.939239502
0.996225655 -0.019586686 0.084564172 24.814550400 0.018220097 0.999691129 0.016902125 -28.128967285 -0.084869102 -0.015297556 0.996274650 298.176025391
0.996224403 -0.018895637 0.084734447 25.092546463 0.017507898 0.999700665 0.017090855 -28.317913055 -0.085032023 -0.015542805 0.996256948 300.415710449
0.996140361 -0.018804247 0.085736409 25.349914551 0.017337758 0.999690950 0.017817317 -28.512575150 -0.086044967 -0.016262075 0.996158540 302.659912109
0.996150196 -0.018946331 0.085591115 25.636754990 0.017461171 0.999684393 0.018067321 -28.704265594 -0.085906416 -0.016503243 0.996166527 304.915649414
0.996117830 -0.018301871 0.086107984 25.918439865 0.016784973 0.999691427 0.018307468 -28.895408630 -0.086416490 -0.016791070 0.996117592 307.168762207
0.996120512 -0.019164102 0.085886784 26.204160690 0.017641289 0.999674201 0.018454574 -29.095985413 -0.086212441 -0.016867829 0.996133983 309.426544189
0.996075273 -0.020416636 0.086124793 26.486463547 0.018850442 0.999642551 0.018959496 -29.284477234 -0.086481117 -0.017261589 0.996103942 311.685699463
0.996029735 -0.019744629 0.086804241 26.765619278 0.018222677 0.999666631 0.018290836 -29.477069855 -0.087136447 -0.016636414 0.996057451 313.933319092
0.996045113 -0.019406606 0.086703286 27.056837082 0.017823625 0.999660730 0.018994549 -29.669242859 -0.087042488 -0.017374063 0.996053100 316.180175781
0.996000051 -0.017691523 0.087583855 27.338043213 0.016161477 0.999704659 0.018147936 -29.860734940 -0.087879039 -0.016659860 0.995991826 318.425872803
0.995989263 -0.015646337 0.088093482 27.617952347 0.014046255 0.999725461 0.018754216 -30.051458359 -0.088362724 -0.017441615 0.995935678 320.678985596
0.995921612 -0.014351932 0.089073732 27.895263672 0.012764391 0.999749839 0.018366911 -30.241983414 -0.089315064 -0.017155029 0.995855689 322.911560059
0.995877206 -0.013556173 0.089694321 28.173923492 0.011897114 0.999748528 0.019005690 -30.429033279 -0.089929409 -0.017860230 0.995787978 325.149108887
0.995871961 -0.013270462 0.089795113 28.467750549 0.011474133 0.999724209 0.020491498 -30.628368378 -0.090042286 -0.019376585 0.995749414 327.376281738
0.995852411 -0.014133637 0.089879051 28.751472473 0.012354622 0.999717176 0.020319095 -30.819150925 -0.090140827 -0.019124398 0.995745540 329.623077393
0.995858967 -0.015749151 0.089537166 29.051282883 0.014059323 0.999711514 0.019472430 -31.003574371 -0.089818016 -0.018132960 0.995793104 331.859497070
0.995848060 -0.015335518 0.089729697 29.336101532 0.013657389 0.999720693 0.019286305 -31.193094254 -0.090000406 -0.017980760 0.995779395 334.079467773
0.995838881 -0.015853439 0.089743428 29.625345230 0.014071358 0.999691725 0.020455532 -31.377813339 -0.090040058 -0.019107599 0.995754838 336.310333252
0.995893359 -0.016502000 0.089017406 29.929521561 0.014727999 0.999680340 0.020548858 -31.563049316 -0.089328066 -0.019153422 0.995818079 338.545410156
0.995888948 -0.016357027 0.089093290 30.212188721 0.014554873 0.999676883 0.020840008 -31.753931046 -0.089405388 -0.019457595 0.995805264 340.790283203
0.995946229 -0.016448742 0.088433474 30.512355804 0.014683921 0.999680579 0.020570172 -31.942165375 -0.088743582 -0.019188231 0.995869637 343.037994385
0.995976925 -0.016541148 0.088069566 30.801307678 0.014736011 0.999668598 0.021107610 -32.126777649 -0.088389531 -0.019724900 0.995890677 345.276062012
0.996008754 -0.016324667 0.087750345 31.087728500 0.014512167 0.999668777 0.021253651 -32.309558868 -0.088068239 -0.019895375 0.995915711 347.516113281
0.996057689 -0.016265973 0.087203756 31.372285843 0.014464308 0.999669492 0.021252705 -32.494064331 -0.087520629 -0.019907579 0.995963752 349.758422852
0.996065736 -0.015828185 0.087192737 31.653415680 0.013988510 0.999667287 0.021669742 -32.680725098 -0.087506726 -0.020364791 0.995955765 352.001220703
0.996103883 -0.016280994 0.086670890 31.937129974 0.014428142 0.999654710 0.021961711 -32.859554291 -0.086998515 -0.020625651 0.995994925 354.227386475
0.996127963 -0.015919307 0.086461857 32.215789795 0.014116965 0.999670982 0.021417132 -33.042564392 -0.086774342 -0.020113625 0.996024907 356.465240479
0.996177256 -0.016053583 0.085865915 32.500625610 0.014226244 0.999660015 0.021851083 -33.224029541 -0.086187497 -0.020546006 0.996067047 358.698608398
0.996241331 -0.015629020 0.085199513 32.790210724 0.013746670 0.999649286 0.022635555 -33.408615112 -0.085523412 -0.021379264 0.996106863 360.945373535
0.996299863 -0.015630042 0.084511980 33.079299927 0.013767951 0.999650359 0.022571623 -33.592544556 -0.084835246 -0.021324547 0.996166766 363.193725586
0.996356547 -0.015737183 0.083820850 33.366867065 0.013842687 0.999636531 0.023135157 -33.774879456 -0.084154457 -0.021890562 0.996212184 365.435791016
0.996400714 -0.015791995 0.083284341 33.648506165 0.013958430 0.999648154 0.022552241 -33.957710266 -0.083611205 -0.021308551 0.996270597 367.699249268
0.996425033 -0.016352069 0.082884349 33.928573608 0.014527960 0.999639809 0.022563444 -34.143497467 -0.083223455 -0.021278637 0.996303678 369.951507568
0.996418655 -0.016279170 0.082975321 34.200645447 0.014534004 0.999661207 0.021593172 -34.319778442 -0.083298735 -0.020309875 0.996317625 372.220092773
0.996481776 -0.016350683 0.082200877 34.482337952 0.014621285 0.999659836 0.021596905 -34.504894257 -0.082526028 -0.020319037 0.996381760 374.462341309
0.996574223 -0.016225288 0.081095606 34.768859863 0.014474104 0.999650180 0.022135505 -34.685337067 -0.081426390 -0.020885888 0.996460497 376.710357666
0.996483505 -0.016010009 0.082245536 35.027778625 0.014186793 0.999641538 0.022704735 -34.867534637 -0.082579561 -0.021458097 0.996353447 378.968322754
0.996485710 -0.016629426 0.082095444 35.304084778 0.014792381 0.999627531 0.022934759 -35.050674438 -0.082446255 -0.021639764 0.996360540 381.207702637
0.996509373 -0.016653717 0.081802756 35.585811615 0.014810955 0.999623775 0.023082303 -35.229625702 -0.082156390 -0.021790152 0.996381223 383.471221924
0.996528387 -0.015922181 0.081716202 35.863712311 0.014062395 0.999629974 0.023284419 -35.413795471 -0.082056701 -0.022054464 0.996383607 385.721435547
0.996517897 -0.014848785 0.082046390 36.135284424 0.012969160 0.999642193 0.023394970 -35.588912964 -0.082364418 -0.022249432 0.996353865 387.984069824
0.996545792 -0.013885223 0.081877641 36.417507172 0.012010808 0.999655366 0.023341175 -35.775955200 -0.082173534 -0.022277132 0.996369004 390.257629395
0.996535838 -0.012522200 0.082216591 36.688346863 0.010633294 0.999670267 0.023372559 -35.961387634 -0.082482159 -0.022417363 0.996340394 392.540893555
0.996570408 -0.011369162 0.081965938 36.968002319 0.009378329 0.999652505 0.024632746 -36.140144348 -0.082217507 -0.023779562 0.996330678 394.801422119
0.996514678 -0.010051732 0.082809649 37.236614227 0.007997643 0.999652982 0.025099425 -36.321296692 -0.083033204 -0.024349660 0.996249259 397.065612793
0.996460617 -0.009759987 0.083492458 37.511451721 0.007814833 0.999691129 0.023592541 -36.507503510 -0.083696932 -0.022856558 0.996229112 399.331848145
0.996369362 -0.009228733 0.084633805 37.780185699 0.007280083 0.999701917 0.023304269 -36.689548492 -0.084823646 -0.022603523 0.996139586 401.589935303
0.996318340 -0.010683254 0.085062504 38.054546356 0.008675609 0.999675810 0.023936808 -36.865451813 -0.085290670 -0.023110708 0.996088028 403.865570068
0.996266067 -0.012242489 0.085463747 38.336166382 0.010093943 0.999623179 0.025526877 -37.051456451 -0.085744053 -0.024568899 0.996014178 406.118713379
0.996238112 -0.012993886 0.085677356 38.614677429 0.010870693 0.999623299 0.025201457 -37.225952148 -0.085972518 -0.024175283 0.996004164 408.374603271
0.996215343 -0.012621627 0.085997909 38.903812408 0.010656532 0.999672413 0.023271399 -37.395248413 -0.086263441 -0.022266882 0.996023536 410.641662598
0.996143162 -0.010897807 0.087063149 39.201400757 0.008798693 0.999662161 0.024457725 -37.592857361 -0.087300286 -0.023597362 0.995902538 412.908142090
0.996083379 -0.009685698 0.087886512 39.477920532 0.007583700 0.999677896 0.024219651 -37.771816254 -0.088092774 -0.023458287 0.995836020 415.151397705
0.995990396 -0.008517756 0.089054056 39.765743256 0.006383596 0.999686182 0.024222184 -37.947517395 -0.089232430 -0.023556579 0.995732248 417.426757812
0.995951474 -0.008688518 0.089471482 40.061283112 0.006567140 0.999690950 0.023977237 -38.127143860 -0.089652143 -0.023292592 0.995700717 419.682647705
0.995845377 -0.008677389 0.090645231 40.344356537 0.006527559 0.999690950 0.023986563 -38.304073334 -0.090825357 -0.023295218 0.995594263 421.936706543
0.995764136 -0.008916682 0.091511324 40.629451752 0.006763512 0.999693573 0.023812205 -38.486995697 -0.091695622 -0.023092402 0.995519221 424.196289062
0.995688319 -0.009251684 0.092298888 40.923213959 0.006978116 0.999664962 0.024925081 -38.666305542 -0.092498556 -0.024173537 0.995419323 426.468292236
0.995641172 -0.008291016 0.092897028 41.216075897 0.005954900 0.999659657 0.025396407 -38.840408325 -0.093075983 -0.024732523 0.995351791 428.720092773
0.995578706 -0.007551175 0.093626313 41.517616272 0.005127750 0.999646246 0.026097629 -39.016414642 -0.093790278 -0.025502151 0.995265365 430.996978760
0.995578706 -0.008427152 0.093553700 41.816513062 0.005980584 0.999633491 0.026401125 -39.201244354 -0.093741909 -0.025724882 0.995264113 433.273773193
0.995518267 -0.009141248 0.094126120 42.117012024 0.006736353 0.999643445 0.025835807 -39.386314392 -0.094328731 -0.025085954 0.995225012 435.539581299
0.995503247 -0.008301715 0.094362959 42.422012329 0.005890487 0.999649704 0.025802586 -39.548358917 -0.094544128 -0.025130710 0.995203435 437.806610107
0.995455086 -0.008800013 0.094824716 42.725231171 0.006333798 0.999634743 0.026277805 -39.728027344 -0.095021300 -0.025557779 0.995147109 440.090881348
0.995489597 -0.008911384 0.094451092 43.035888672 0.006441102 0.999629974 0.026426762 -39.901630402 -0.094651647 -0.025699195 0.995178699 442.366912842
0.995502532 -0.008161549 0.094382390 43.358085632 0.005589909 0.999606848 0.027479379 -40.089847565 -0.094569556 -0.026828205 0.995156705 444.652709961
0.995463669 -0.008760272 0.094738021 43.663875580 0.006166430 0.999598980 0.027637267 -40.262336731 -0.094942123 -0.026927700 0.995118558 446.931488037
0.995462179 -0.008480983 0.094780743 43.967666626 0.005944440 0.999617398 0.027012594 -40.436092377 -0.094973601 -0.026326593 0.995131612 449.199523926
0.995473742 -0.007984612 0.094700716 44.273506165 0.005461408 0.999623954 0.026873300 -40.615470886 -0.094879672 -0.026234468 0.995142937 451.465087891
0.995415986 -0.007503702 0.095344491 44.573013306 0.004978017 0.999631047 0.026700400 -40.797683716 -0.095509678 -0.026103379 0.995086193 453.729766846
0.995348394 -0.006848822 0.096097201 44.874694824 0.004305601 0.999635577 0.026647538 -40.963420868 -0.096244693 -0.026109826 0.995015204 456.013000488
0.995314419 -0.007203677 0.096422382 45.173748016 0.004673522 0.999639392 0.026440496 -41.146305084 -0.096578106 -0.025865972 0.994989276 458.279144287
0.995332122 -0.006367875 0.096298039 45.491840363 0.003900715 0.999659836 0.025786646 -41.324771881 -0.096429482 -0.025290644 0.995018482 460.571014404
0.995310843 -0.005442495 0.096575029 45.798801422 0.002898177 0.999645531 0.026466239 -41.503578186 -0.096684843 -0.026062248 0.994973719 462.857299805
0.995308220 -0.004978897 0.096626557 46.103816986 0.002302853 0.999611139 0.027786484 -41.677158356 -0.096727341 -0.027433600 0.994932711 465.132354736
0.995355427 -0.004893676 0.096143760 46.406227112 0.002215995 0.999607325 0.027937857 -41.845340729 -0.096242718 -0.027595047 0.994975269 467.403045654
0.995507300 -0.004623796 0.094571553 46.728309631 0.002116302 0.999643981 0.026597396 -42.015380859 -0.094660871 -0.026277756 0.995162725 469.689666748
0.995577872 -0.004933174 0.093811825 47.040824890 0.002473695 0.999650657 0.026315393 -42.196758270 -0.093908891 -0.025966955 0.995242059 471.984130859
0.995637476 -0.005482440 0.093144894 47.339622498 0.002937776 0.999619246 0.027434610 -42.377178192 -0.093259826 -0.027041290 0.995274484 474.264709473
0.995596528 -0.005690890 0.093569674 47.626815796 0.003078074 0.999601901 0.028044397 -42.557201385 -0.093692005 -0.027632890 0.995217741 476.546966553
0.995738447 -0.005916337 0.092031591 47.938404083 0.003416812 0.999621630 0.027293302 -42.716533661 -0.092158243 -0.026862536 0.995381892 478.827911377
0.995747864 -0.006165688 0.091913491 48.237331390 0.003605890 0.999601722 0.027990188 -42.891521454 -0.092049457 -0.027539741 0.995373666 481.112243652
0.995809674 -0.006723641 0.091202751 48.544960022 0.004149389 0.999588430 0.028385917 -43.063705444 -0.091356091 -0.027888531 0.995427668 483.391143799
0.995800197 -0.007312389 0.091261216 48.828666687 0.004801931 0.999604821 0.027697792 -43.236179352 -0.091427699 -0.027143236 0.995441675 485.677246094
0.995885849 -0.008194098 0.090245426 49.133697510 0.005624951 0.999572575 0.028686091 -43.421638489 -0.090441912 -0.028060442 0.995506346 487.978576660
0.995946407 -0.008640786 0.089533530 49.429252625 0.006051303 0.999556601 0.029153122 -43.590908051 -0.089745760 -0.028493147 0.995557010 490.260498047
0.995886803 -0.008542893 0.090201728 49.686607361 0.005930598 0.999556303 0.029188991 -43.772705078 -0.090411067 -0.028533984 0.995495617 492.540710449
0.995953560 -0.007818324 0.089528389 49.992942810 0.005201219 0.999553382 0.029428190 -43.939056396 -0.089718491 -0.028843453 0.995549381 494.831878662
0.995954156 -0.007633360 0.089538246 50.276260376 0.005033465 0.999560118 0.029226642 -44.110286713 -0.089721940 -0.028657708 0.995554447 497.136932373
0.995981812 -0.007310467 0.089256980 50.580326080 0.004741252 0.999569237 0.028962636 -44.289840698 -0.089430250 -0.028423069 0.995587468 499.459075928
0.996030629 -0.007416183 0.088701792 50.873435974 0.004798688 0.999547720 0.029685844 -44.459606171 -0.088881835 -0.029142356 0.995615780 501.755065918
0.996034026 -0.007262434 0.088677853 51.159523010 0.004613244 0.999537945 0.030042812 -44.634113312 -0.088855065 -0.029514568 0.995607138 504.036193848
0.996050894 -0.006397385 0.088554464 51.450138092 0.003806390 0.999560535 0.029396782 -44.805301666 -0.088703617 -0.028943619 0.995637417 506.333709717
0.996030807 -0.006215281 0.088791877 51.738662720 0.003571033 0.999546230 0.029908171 -44.974864960 -0.088937476 -0.029472379 0.995601058 508.638458252
0.996075630 -0.006897388 0.088237278 52.045532227 0.004349631 0.999568999 0.029033694 -45.146263123 -0.088399507 -0.028535949 0.995676219 510.938385010
0.996111572 -0.007538486 0.087777287 52.342380524 0.004929060 0.999540567 0.029906699 -45.320266724 -0.087962426 -0.029357750 0.995691061 513.239196777
0.996143401 -0.007586042 0.087411225 52.638805389 0.004972462 0.999535143 0.030078882 -45.488727570 -0.087598763 -0.029528232 0.995718241 515.540222168
0.996150255 -0.007007179 0.087381087 52.924549103 0.004414892 0.999545395 0.029824505 -45.657417297 -0.087550342 -0.029323911 0.995728374 517.848815918
0.996132433 -0.006075171 0.087654486 53.206161499 0.003487633 0.999554396 0.029642750 -45.829513550 -0.087795518 -0.029222399 0.995709717 520.148681641
0.996104896 -0.004332559 0.088069476 53.501762390 0.001725398 0.999558628 0.029658057 -46.004505157 -0.088159099 -0.029390583 0.995672703 522.492004395
0.995953143 -0.002007923 0.089850970 53.776527405 -0.000670704 0.999556482 0.029771775 -46.170944214 -0.089870907 -0.029711559 0.995510161 524.816345215
0.995982647 -0.001079147 0.089541577 54.090702057 -0.001699204 0.999519587 0.030946588 -46.339569092 -0.089531958 -0.030974409 0.995502114 527.161621094
0.995918095 -0.001583237 0.090247869 54.380886078 -0.001211818 0.999521494 0.030907657 -46.508350372 -0.090253636 -0.030890858 0.995439649 529.472473145
0.995880663 -0.003589875 0.090602264 54.676742554 0.000665527 0.999478459 0.032286350 -46.673660278 -0.090670928 -0.032093056 0.995363653 531.784301758
0.995830476 -0.005171061 0.091076717 54.982769012 0.002253688 0.999481916 0.032105811 -46.840103149 -0.091195554 -0.031766694 0.995326221 534.105773926
0.995799363 -0.005040104 0.091422088 55.281692505 0.002170174 0.999502480 0.031464376 -47.005199432 -0.091535203 -0.031133803 0.995315015 536.423583984
0.995721698 -0.005415548 0.092243612 55.583354950 0.002542398 0.999508798 0.031236483 -47.172164917 -0.092367455 -0.030868327 0.995246410 538.743774414
0.995648205 -0.004901879 0.093062170 55.879951477 0.002050007 0.999526083 0.030715700 -47.344398499 -0.093168624 -0.030391255 0.995186388 541.061950684
0.995577037 -0.004228287 0.093853213 56.182613373 0.001382925 0.999538004 0.030361513 -47.514900208 -0.093938224 -0.030097432 0.995122910 543.386352539
0.995512843 -0.003759870 0.094551548 56.494983673 0.001002808 0.999573290 0.029189982 -47.681407928 -0.094620951 -0.028964186 0.995091915 545.713439941
0.995410383 -0.003547073 0.095632501 56.787021637 0.000682469 0.999550581 0.029970381 -47.857749939 -0.095695831 -0.029767564 0.994965434 548.035644531
0.995340824 -0.003803878 0.096343584 57.093723297 0.000850417 0.999528944 0.030678036 -48.028820038 -0.096414901 -0.030453172 0.994875193 550.356567383
0.995215476 -0.003619444 0.097637385 57.388954163 0.000664523 0.999541223 0.030279789 -48.191886902 -0.097702205 -0.030070033 0.994761348 552.665222168
0.995244563 -0.005395993 0.097258128 57.706211090 0.002450860 0.999535561 0.030375678 -48.378276825 -0.097376861 -0.029992865 0.994795561 554.977233887
0.995285094 -0.005857422 0.096815884 58.032234192 0.002871577 0.999516785 0.030951055 -48.549419403 -0.096950382 -0.030527109 0.994820952 557.299438477
0.995231748 -0.005524250 0.097381353 58.340675354 0.002470134 0.999502122 0.031455133 -48.716758728 -0.097506627 -0.031064598 0.994749963 559.604675293
0.995192111 -0.004796161 0.097824514 58.656105042 0.001624153 0.999471068 0.032479376 -48.884632111 -0.097928569 -0.032164339 0.994673550 561.940734863
0.995189488 -0.005322056 0.097823523 58.979759216 0.002096904 0.999451756 0.033042368 -49.050765991 -0.097945757 -0.032678287 0.994655013 564.274291992
0.995153427 -0.004726315 0.098221779 59.299480438 0.001411119 0.999427795 0.033794239 -49.213558197 -0.098325327 -0.033491854 0.994590580 566.596496582
0.995090365 -0.003573948 0.098905623 59.617538452 0.000281889 0.999446094 0.033278842 -49.381996155 -0.098969750 -0.033087570 0.994540334 568.920593262
0.995089889 -0.002490910 0.098944090 59.950881958 -0.000649653 0.999497354 0.031695884 -49.541107178 -0.098973311 -0.031604532 0.994588077 571.259460449
0.995063663 -0.001954979 0.099219427 60.280502319 -0.001196323 0.999496937 0.031691510 -49.705776215 -0.099231489 -0.031653766 0.994560778 573.579589844
0.995058358 -0.002091179 0.099269561 60.607700348 -0.001187278 0.999456108 0.032955233 -49.882907867 -0.099284485 -0.032910250 0.994514704 575.970458984
0.995069206 -0.002149306 0.099160068 60.939865112 -0.001257509 0.999411404 0.034281429 -50.052337646 -0.099175386 -0.034237090 0.994480789 578.284851074
0.994986773 -0.001327381 0.099997051 61.256393433 -0.001967720 0.999458492 0.032846145 -50.223011017 -0.099986508 -0.032878250 0.994445443 580.674621582
0.995039284 -0.002065205 0.099460691 61.587860107 -0.001150606 0.999478638 0.032264274 -50.379402161 -0.099475466 -0.032218665 0.994518280 583.015136719
0.995003045 -0.002725685 0.099807128 61.913497925 -0.000676427 0.999420345 0.034037162 -50.556053162 -0.099842049 -0.033934601 0.994424462 585.337219238
0.995062768 -0.002543489 0.099215128 62.241420746 -0.000845546 0.999418020 0.034101456 -50.716995239 -0.099244118 -0.034016978 0.994481504 587.656555176
0.994996727 -0.004827169 0.099792056 62.571655273 0.001566485 0.999463081 0.032727361 -50.883369446 -0.099896453 -0.032407291 0.994469941 590.021850586
0.995026231 -0.005107367 0.099482380 62.905731201 0.001880046 0.999469638 0.032507908 -51.042995453 -0.099595673 -0.032159179 0.994508147 592.373046875
0.995024979 -0.006798370 0.099393517 63.225666046 0.003521937 0.999445736 0.033102632 -51.209350586 -0.099563465 -0.032587890 0.994497359 594.706481934
0.995070219 -0.007552857 0.098884925 63.562492371 0.004267816 0.999433279 0.033390339 -51.374404907 -0.099081062 -0.032803711 0.994538486 597.065002441
