1.000000000 0.000000000 0.000000000 0.000000000 0.000000000 1.000000000 0.000000000 0.000000000 0.000000000 0.000000000 1.000000000 0.000000000
0.999999940 -0.000096834 0.000316276 0.088585742 0.000096900 1.000000000 -0.000209351 -0.226479322 -0.000316255 0.000209382 0.999999940 2.285112143
0.999999464 0.000133279 0.001019661 0.168571308 -0.000133536 0.999999940 0.000252297 -0.463835239 -0.001019628 -0.000252433 0.999999464 4.578766346
0.999998689 -0.000262186 0.001615949 0.265427142 0.000261516 0.999999821 0.000414634 -0.696206689 -0.001616057 -0.000414210 0.999998569 6.866139412
0.999996960 -0.000412383 0.002429108 0.360807508 0.000415689 0.999998987 -0.001360437 -0.927812755 -0.002428545 0.001361443 0.999996066 9.157692909
0.999988377 0.001357242 0.004626905 0.450632066 -0.001357629 0.999999106 0.000080347 -1.164568901 -0.004626791 -0.000086628 0.999989271 11.464826584
0.999970853 0.003499862 0.006781994 0.551625490 -0.003509814 0.999992788 0.001456129 -1.397466898 -0.006776849 -0.001479890 0.999975920 13.740677834
0.999952197 0.003306336 0.009205517 0.657191753 -0.003343175 0.999986470 0.003989320 -1.625235438 -0.009192203 -0.004019904 0.999949694 16.012731552
0.999945462 0.003586278 0.009811604 0.767948985 -0.003637030 0.999980032 0.005159745 -1.852958798 -0.009792906 -0.005195150 0.999938548 18.311363220
0.999923587 0.002774996 0.012052331 0.867904842 -0.002838669 0.999982059 0.005269176 -2.076856136 -0.012037495 -0.005302986 0.999913514 20.606235504
0.999928713 0.000340999 0.011934734 0.996034861 -0.000371340 0.999996722 0.002540163 -2.296312571 -0.011933829 -0.002544414 0.999925554 22.908590317
0.999913514 -0.001737972 0.013034374 1.100469112 0.001730816 0.999998331 0.000560226 -2.516860247 -0.013035326 -0.000537617 0.999914885 25.187099457
0.999922335 -0.002791939 0.012147864 1.245283842 0.002796939 0.999996006 -0.000394595 -2.763020039 -0.012146716 0.000428541 0.999926150 27.484668732
0.999901891 -0.002487940 0.013785980 1.342167497 0.002509055 0.999995768 -0.001514541 -2.988360643 -0.013782150 0.001548982 0.999903798 29.769639969
0.999900699 -0.000141744 0.014091465 1.470602512 0.000123818 0.999999166 0.001272984 -3.222219467 -0.014091633 -0.001271113 0.999899924 32.027194977
0.999897599 0.001819518 0.014191328 1.599819183 -0.001868035 0.999992371 0.003406249 -3.443275690 -0.014185022 -0.003432410 0.999893546 34.307048798
0.999860287 0.003925479 0.016246235 1.703618050 -0.004049556 0.999962807 0.007611492 -3.677697897 -0.016215757 -0.007676219 0.999839067 36.615188599
0.999839962 0.005775302 0.016930930 1.821917892 -0.005897452 0.999956906 0.007173563 -3.897089243 -0.016888773 -0.007272265 0.999830902 38.887508392
0.999812961 0.004620069 0.018787870 1.929080963 -0.004724768 0.999973536 0.005532158 -4.101784706 -0.018761812 -0.005619890 0.999808192 41.191055298
0.999817193 0.002247849 0.018989118 2.054617167 -0.002326174 0.999988914 0.004103696 -4.324872017 -0.018979682 -0.004147117 0.999811292 43.467037201
0.999826968 0.001953565 0.018498808 2.193441153 -0.002024881 0.999990582 0.003837219 -4.559743881 -0.018491136 -0.003874012 0.999821663 45.721233368
0.999824226 0.000994776 0.018721469 2.318888187 -0.001046908 0.999995708 0.002775045 -4.788921833 -0.018718626 -0.002794157 0.999820888 48.001495361
0.999822199 -0.000029224 0.018856738 2.454194546 -0.000032306 0.999994695 0.003262731 -5.018144131 -0.018856734 -0.003262760 0.999816895 50.280048370
0.999808669 -0.000744197 0.019552626 2.585828781 0.000671777 0.999992847 0.003710158 -5.242646694 -0.019555250 -0.003696312 0.999801934 52.542537689
0.999802172 -0.001841635 0.019802406 2.722213268 0.001771405 0.999992132 0.003563494 -5.470833302 -0.019808812 -0.003527711 0.999797583 54.828578949
0.999780715 -0.002141424 0.020829340 2.853752613 0.002054722 0.999989152 0.004183021 -5.705396175 -0.020838074 -0.004139306 0.999774218 57.114093781
0.999771893 -0.003617672 0.021055054 2.995900869 0.003518975 0.999982655 0.004722761 -5.929385662 -0.021071773 -0.004647592 0.999767184 59.384170532
0.999733388 -0.004842059 0.022573877 3.122537136 0.004745979 0.999979377 0.004307886 -6.156176567 -0.022594271 -0.004199601 0.999735832 61.651763916
0.999717057 -0.005530240 0.023131169 3.270618916 0.005439025 0.999977171 0.004004439 -6.379410267 -0.023152789 -0.003877496 0.999724448 63.904449463
0.999683440 -0.004909154 0.024676705 3.406367779 0.004796210 0.999977767 0.004634047 -6.602535725 -0.024698906 -0.004514224 0.999684751 66.174278259
0.999661565 -0.004045555 0.025695145 3.551202536 0.003922296 0.999980688 0.004845535 -6.827456951 -0.025714250 -0.004743112 0.999658048 68.432914734
0.999623001 -0.004307764 0.027117081 3.687202454 0.004184105 0.999980569 0.004615247 -7.052593708 -0.027136432 -0.004500045 0.999621630 70.687171936
0.999613881 -0.005115511 0.027312495 3.849891663 0.005026756 0.999981880 0.003317240 -7.276206017 -0.027328970 -0.003178666 0.999621451 72.936508179
0.999596953 -0.006058896 0.027732646 4.006214619 0.005957609 0.999975264 0.003733487 -7.503205299 -0.027754577 -0.003566763 0.999608338 75.218841553
0.999558151 -0.007194428 0.028840054 4.166809082 0.007107682 0.999969900 0.003109202 -7.733176708 -0.028861551 -0.002902843 0.999579191 77.483131409
0.999548256 -0.008143879 0.028930895 4.320700645 0.008054672 0.999962389 0.003198630 -7.963616371 -0.028955858 -0.002964156 0.999576390 79.722984314
0.999520481 -0.008603615 0.029744830 4.467617035 0.008523138 0.999959707 0.002831325 -8.181014061 -0.029767990 -0.002576448 0.999553502 81.976524353
0.999506593 -0.007673514 0.030455410 4.640255928 0.007589077 0.999967039 0.002887130 -8.413913727 -0.030476559 -0.002654577 0.999531984 84.254081726
0.999456584 -0.007453660 0.032107845 4.793529510 0.007355795 0.999967992 0.003165059 -8.629562378 -0.032130405 -0.002927160 0.999479413 86.508872986
0.999458253 -0.007051956 0.032147124 4.963391781 0.006910138 0.999965847 0.004520502 -8.865777969 -0.032177910 -0.004295912 0.999473035 88.792808533
0.999426603 -0.006003544 0.033322539 5.119266510 0.005830570 0.999969006 0.005285656 -9.094097137 -0.033353250 -0.005088336 0.999430597 91.047073364
0.999410689 -0.006081624 0.033782139 5.288452625 0.005920217 0.999970555 0.004875849 -9.312553406 -0.033810794 -0.004672979 0.999417245 93.299606323
0.999403477 -0.006270460 0.033960626 5.458493233 0.006121118 0.999971151 0.004499676 -9.531743050 -0.033987861 -0.004289116 0.999413013 95.554046631
0.999374866 -0.006755935 0.034702335 5.623512268 0.006596671 0.999967217 0.004701836 -9.752735138 -0.034732953 -0.004469977 0.999386609 97.812889099
0.999343932 -0.006728254 0.035587486 5.785002708 0.006580701 0.999969244 0.004261701 -9.983422279 -0.035615068 -0.004024714 0.999357462 100.046943665
0.999285698 -0.006911730 0.037153248 5.944818020 0.006715486 0.999962866 0.005404223 -10.200661659 -0.037189215 -0.005150862 0.999294996 102.277511597
0.999254227 -0.007204581 0.037934594 6.129068375 0.007005230 0.999961019 0.005385420 -10.420759201 -0.037971914 -0.005115663 0.999265730 104.532089233
0.999222159 -0.007504691 0.038711913 6.296858311 0.007270614 0.999954462 0.006183907 -10.645596504 -0.038756553 -0.005897637 0.999231279 106.780509949
0.999187827 -0.009061894 0.039262883 6.481127739 0.008820604 0.999941170 0.006314419 -10.859909058 -0.039317794 -0.005962967 0.999208987 109.029930115
0.999153852 -0.010082553 0.039874319 6.666244507 0.009812071 0.999927521 0.006973301 -11.079015732 -0.039941747 -0.006576151 0.999180377 111.284011841
0.999134600 -0.010530194 0.040239349 6.852875710 0.010307080 0.999930382 0.005748168 -11.301609039 -0.040297076 -0.005328443 0.999173522 113.546737671
0.999093831 -0.011133852 0.041080583 7.034887314 0.010947237 0.999928713 0.004764883 -11.517693520 -0.041130699 -0.004310846 0.999144495 115.794830322
0.999058783 -0.011538545 0.041814007 7.215812683 0.011335359 0.999922752 0.005093113 -11.743154526 -0.041869547 -0.004614342 0.999112368 118.035629272
0.999013901 -0.011940360 0.042761181 7.404689789 0.011701550 0.999914527 0.005830713 -11.962158203 -0.042827144 -0.005324591 0.999068320 120.282966614
0.998977840 -0.012695425 0.043383617 7.601651192 0.012432221 0.999902725 0.006331313 -12.184819221 -0.043459777 -0.005785487 0.999038398 122.485107422
0.998955369 -0.013612717 0.043622300 7.805898666 0.013366682 0.999893069 0.005926839 -12.405999184 -0.043698318 -0.005337563 0.999030530 124.757324219
0.998915374 -0.014144698 0.044360962 7.985344887 0.013942459 0.999890983 0.004865045 -12.627571106 -0.044424951 -0.004241269 0.999003708 127.020858765
0.998898447 -0.015713720 0.044215009 8.173591614 0.015494221 0.999865830 0.005302756 -12.845467567 -0.044292398 -0.004611837 0.999007940 129.277297974
0.998922646 -0.016600687 0.043333843 8.363620758 0.016355531 0.999848187 0.006005812 -13.069540024 -0.043426964 -0.005290592 0.999042511 131.525863647
0.998977721 -0.016916910 0.041921586 8.557868958 0.016628869 0.999835789 0.007210209 -13.287089348 -0.042036675 -0.006505730 0.999094903 133.761505127
0.999026060 -0.018089931 0.040245883 8.743800163 0.017845755 0.999820173 0.006418163 -13.502307892 -0.040354740 -0.005693696 0.999169171 136.006820679
0.999101639 -0.018901417 0.037928347 8.952714920 0.018693635 0.999808252 0.005825656 -13.713742256 -0.038031191 -0.005111404 0.999263406 138.232513428
0.999072790 -0.019688400 0.038289808 9.109335899 0.019461267 0.999790668 0.006295651 -13.937538147 -0.038405754 -0.005544645 0.999246836 140.487472534
0.999058664 -0.020161876 0.038408928 9.273496628 0.019928122 0.999780595 0.006459180 -14.146766663 -0.038530726 -0.005687682 0.999241233 142.719085693
0.999100447 -0.020181132 0.037296358 9.467156410 0.019890418 0.999768972 0.008149456 -14.381264687 -0.037452206 -0.007400286 0.999271035 144.927444458
0.999113441 -0.019146044 0.037492692 9.637538910 0.018893108 0.999796391 0.007088989 -14.595628738 -0.037620783 -0.006374352 0.999271691 147.166946411
0.999141514 -0.017982999 0.037319440 9.815734863 0.017785847 0.999826014 0.005608247 -14.811760902 -0.037413802 -0.004939674 0.999287784 149.401290894
0.999150515 -0.016414722 0.037799578 9.986386299 0.016247369 0.999856830 0.004730363 -15.030748367 -0.037871815 -0.004112201 0.999274135 151.644119263
0.999163628 -0.015545055 0.037818622 10.168287277 0.015381473 0.999871075 0.004612554 -15.241848946 -0.037885446 -0.004026991 0.999273956 153.866744995
0.999154270 -0.014959315 0.038301010 10.346776962 0.014774884 0.999877810 0.005093867 -15.460665703 -0.038372528 -0.004523666 0.999253213 156.113845825
0.999160051 -0.014141856 0.038461149 10.539974213 0.013910193 0.999883473 0.006284243 -15.681695938 -0.038545541 -0.005743963 0.999240279 158.328552246
0.999124050 -0.013666367 0.039552603 10.708723068 0.013389589 0.999884069 0.007254245 -15.899065018 -0.039647155 -0.006718297 0.999191165 160.570892334
0.999081194 -0.012837397 0.040889341 10.882207870 0.012462151 0.999877989 0.009418796 -16.120389938 -0.041005261 -0.008900573 0.999119282 162.803665161
0.999079883 -0.012252977 0.041099939 11.078464508 0.011919594 0.999894142 0.008346792 -16.322120667 -0.041197862 -0.007849217 0.999120176 165.039505005
0.999035299 -0.011208938 0.042460304 11.263763428 0.010905229 0.999913335 0.007377595 -16.537723541 -0.042539325 -0.006907438 0.999070942 167.272994995
0.998954535 -0.009439580 0.044728916 11.441022873 0.009100833 0.999928415 0.007770915 -16.753494263 -0.044799067 -0.007355720 0.998968959 169.499908447
0.998860657 -0.008884096 0.046887785 11.645795822 0.008500307 0.999928772 0.008378356 -16.979845047 -0.046958894 -0.007970250 0.998864949 171.766372681
0.998739362 -0.009215808 0.049343549 11.840719223 0.008833420 0.999929249 0.007961996 -17.189332962 -0.049413435 -0.007516088 0.998750150 174.021591187
0.998662829 -0.009156651 0.050881479 12.042661667 0.008710936 0.999921799 0.008974758 -17.413061142 -0.050959680 -0.008519530 0.998664379 176.251983643
0.998604655 -0.009347118 0.051974714 12.240648270 0.008850062 0.999912918 0.009785336 -17.620820999 -0.052061666 -0.009311701 0.998600423 178.473266602
0.998603344 -0.010889269 0.051697642 12.442580223 0.010409087 0.999900222 0.009548416 -17.837362289 -0.051796459 -0.008996955 0.998617053 180.698486328
0.998551905 -0.011858420 0.052474055 12.635511398 0.011376771 0.999890387 0.009468002 -18.047918320 -0.052580588 -0.008857307 0.998577356 182.947158813
0.998617470 -0.012531938 0.051049948 12.850398064 0.012066748 0.999882936 0.009410470 -18.265596390 -0.051161900 -0.008781453 0.998651743 185.177612305
0.998629987 -0.014412332 0.050302144 13.057013512 0.013901983 0.999848425 0.010480833 -18.482753754 -0.050445575 -0.009767174 0.998679042 187.420928955
0.998640239 -0.015374888 0.049811523 13.260025024 0.014899918 0.999840021 0.009892729 -18.688341141 -0.049955655 -0.009137088 0.998709679 189.667480469
0.998582184 -0.016646784 0.050561387 13.452145576 0.016162070 0.999819577 0.009980449 -18.908992767 -0.050718404 -0.009149124 0.998671114 191.901428223
0.998571038 -0.018213509 0.050241247 13.649273872 0.017755926 0.999796867 0.009539175 -19.119539261 -0.050404783 -0.008633465 0.998691499 194.137313843
0.998595536 -0.017679252 0.049944483 13.850372314 0.017208833 0.999803603 0.009833211 -19.329418182 -0.050108515 -0.008959915 0.998703599 196.371063232
0.998595178 -0.015242309 0.050748397 14.050867081 0.014743541 0.999839544 0.010188121 -19.548934937 -0.050895531 -0.009425599 0.998659432 198.620010376
0.998599350 -0.013444078 0.051172182 14.251111984 0.012950552 0.999866426 0.009963845 -19.759754181 -0.051299304 -0.009287180 0.998640120 200.851074219
0.998570323 -0.012910649 0.051871460 14.457814217 0.012447161 0.999879718 0.009248496 -19.967990875 -0.051984634 -0.008589618 0.998610973 203.111526489
0.998536170 -0.013224913 0.052447822 14.657075882 0.012724513 0.999870360 0.009863406 -20.173080444 -0.052571476 -0.009181592 0.998574913 205.335739136
0.998513103 -0.015074821 0.052386113 14.882515907 0.014579364 0.999845564 0.009827112 -20.383060455 -0.052526154 -0.009048745 0.998578548 207.588073730
0.998455882 -0.015006559 0.053485718 15.084787369 0.014503111 0.999846935 0.009788535 -20.580495834 -0.053624414 -0.008997711 0.998520672 209.828216553
0.998389423 -0.014950337 0.054728806 15.303401947 0.014327824 0.999828339 0.011749305 -20.806488037 -0.054895073 -0.010946236 0.998432100 212.059204102
0.998331130 -0.013447806 0.056162223 15.536700249 0.012812700 0.999849975 0.011653278 -21.008577347 -0.056310512 -0.010914240 0.998353601 214.293472290
0.998153627 -0.012563951 0.059426300 15.736618042 0.011866313 0.999856651 0.012077932 -21.218418121 -0.059569538 -0.011350458 0.998159647 216.555603027
0.998020172 -0.012657646 0.061607398 15.960475922 0.011922798 0.999853432 0.012280948 -21.420673370 -0.061753821 -0.011522102 0.998024881 218.797180176
0.997884393 -0.013868877 0.063516796 16.186359406 0.013074535 0.999831259 0.012904652 -21.620094299 -0.063685067 -0.012046897 0.997897327 221.024536133
0.997778535 -0.015275148 0.064843684 16.419500351 0.014420100 0.999803066 0.013633913 -21.817956924 -0.065039195 -0.012668573 0.997802317 223.259155273
0.997702956 -0.017352469 0.065480351 16.662363052 0.016529642 0.999777675 0.013086938 -22.025722504 -0.065692894 -0.011974511 0.997767985 225.481857300
0.997674823 -0.018709794 0.065535486 16.903715134 0.017897358 0.999755740 0.012962176 -22.227432251 -0.065761991 -0.011759124 0.997766018 227.724243164
0.997625828 -0.018960766 0.066204779 17.137744904 0.018129997 0.999749482 0.013126910 -22.425323486 -0.066437081 -0.011895453 0.997719705 229.959625244
0.997567296 -0.020247819 0.066706367 17.382354736 0.019475212 0.999735713 0.012212302 -22.629648209 -0.066936016 -0.010883472 0.997697890 232.206436157
0.997508824 -0.021163752 0.067292638 17.624019623 0.020313641 0.999705255 0.013292321 -22.827852249 -0.067554109 -0.011892247 0.997644782 234.446487427
0.997489691 -0.020974549 0.067633361 17.886297226 0.020081423 0.999702275 0.013858400 -23.036615372 -0.067903928 -0.012465438 0.997613966 236.705886841
0.997453272 -0.020592960 0.068286955 18.122074127 0.019723201 0.999715805 0.013386779 -23.228145599 -0.068543233 -0.012005850 0.997575879 238.930114746
0.997421145 -0.020919722 0.068653829 18.366970062 0.020012094 0.999703348 0.013881636 -23.431121826 -0.068923861 -0.012471929 0.997543871 241.154571533
0.997373879 -0.021394601 0.069194093 18.610774994 0.020465164 0.999690950 0.014113486 -23.630338669 -0.069474660 -0.012660351 0.997503400 243.389389038
0.997332811 -0.021655302 0.069701508 18.854070663 0.020766208 0.999693811 0.013455254 -23.834123611 -0.069971539 -0.011971931 0.997477174 245.609390259
0.997347414 -0.021293970 0.069604121 19.106931686 0.020457467 0.999709964 0.012708955 -24.035650253 -0.069854565 -0.011251318 0.997493863 247.835723877
0.997321606 -0.021684414 0.069852360 19.362174988 0.020796768 0.999693751 0.013409904 -24.240196228 -0.070121758 -0.011921282 0.997467220 250.069061279
0.997287273 -0.023029601 0.069912508 19.618249893 0.022144627 0.999664843 0.013407222 -24.442461014 -0.070197843 -0.011822665 0.997463048 252.295364380
0.997287750 -0.023066223 0.069893129 19.882650375 0.022125620 0.999654293 0.014202170 -24.646938324 -0.070196539 -0.012617222 0.997453392 254.560455322
0.997262120 -0.023817120 0.070006371 20.123872757 0.022852220 0.999632955 0.014551840 -24.847810745 -0.070327252 -0.012912200 0.997440398 256.780639648
0.997244000 -0.024201810 0.070132114 20.391616821 0.023184119 0.999614298 0.015288963 -25.062482834 -0.070475079 -0.013620877 0.997420549 259.062103271
0.997211635 -0.023860648 0.070708431 20.644172668 0.022880448 0.999630928 0.014640337 -25.258056641 -0.071031652 -0.012981672 0.997389555 261.307952881
0.997196913 -0.023925716 0.070892513 20.903676987 0.022963837 0.999633193 0.014352283 -25.458551407 -0.071209893 -0.012684090 0.997380674 263.562408447
0.997170925 -0.023242496 0.071484096 21.160791397 0.022301331 0.999654114 0.013936204 -25.661342621 -0.071783297 -0.012302587 0.997344375 265.800659180
0.997106791 -0.022658052 0.072558373 21.415468216 0.021691583 0.999665618 0.014080371 -25.856813431 -0.072853141 -0.012465728 0.997264743 268.044616699
0.996976376 -0.022451987 0.074390389 21.660057068 0.021471042 0.999671996 0.013960177 -26.071083069 -0.074679412 -0.012320726 0.997131467 270.308044434
0.996879280 -0.023189289 0.075459436 21.930017471 0.022148833 0.999648154 0.014596165 -26.276536942 -0.075771347 -0.012879275 0.997042000 272.555847168
0.996686459 -0.023792421 0.077781387 22.173669815 0.022686779 0.999629080 0.015067710 -26.468572617 -0.078111030 -0.013253172 0.996856511 274.801452637
0.996557474 -0.023822598 0.079408504 22.442167282 0.022588158 0.999610186 0.016407760 -26.659317017 -0.079768419 -0.014557582 0.996707141 277.041442871
0.996490479 -0.023212157 0.080423608 22.722803116 0.021818655 0.999596894 0.018162765 -26.873334885 -0.080812797 -0.016344285 0.996595263 279.297698975
0.996409535 -0.023026640 0.081473008 23.004684448 0.021538885 0.999585748 0.019092828 -27.067926407 -0.081878915 -0.017269442 0.996492624 281.536834717
0.996338427 -0.022353841 0.082523204 23.278429031 0.020870870 0.999605715 0.018789584 -27.247379303 -0.082910694 -0.016998455 0.996411979 283.791595459
0.996248245 -0.021467322 0.083837792 23.549409866 0.019998783 0.999632180 0.018317224 -27.434041977 -0.084200189 -0.016571850 0.996311009 286.021453857
0.996270001 -0.020951504 0.083708242 23.839788437 0.019620897 0.999668241 0.016686965 -27.608631134 -0.084030092 -0.014982292 0.996350586 288.265838623
0.996213973 -0.021768603 0.084164679 24.112878799 0.020408517 0.999647498 0.016986664 -27.806592941 -0.084504783 -0.015204678 0.996307015 290.493316650
0.996218026 -0.021467667 0.084194854 24.387042999 0.020206189 0.999670982 0.015806595 -27.994178772 -0.084506460 -0.014045556 0.996323943 292.772277832
0.996235192 -0.021984430 0.083857879 24.668113708 0.020826243 0.999675632 0.014661258 -28.182529449 -0.084152982 -0.012859615 0.996369839 295.002899170
0.996227324 -0.022028446 0.083938867 24.945888519 0.020886119 0.999677241 0.014463026 -28.378126144 -0.084230348 -0.012655304 0.996365964 297.241516113
0.996238172 -0.021235505 0.084014989 25.223911285 0.020062728 0.999689519 0.014778970 -28.573211670 -0.084302738 -0.013037804 0.996354878 299.481933594
0.996183157 -0.021241857 0.084662400 25.484582901 0.019992268 0.999678671 0.015580363 -28.773437500 -0.084966160 -0.013828303 0.996287882 301.716491699
0.996188700 -0.021626111 0.084500603 25.769752502 0.020347863 0.999665499 0.015959231 -28.971172333 -0.084817506 -0.014178996 0.996295571 303.971008301
0.996140122 -0.021305062 0.085152522 26.048110962 0.020020273 0.999672890 0.015913755 -29.163751602 -0.085463718 -0.014147551 0.996240795 306.221008301
0.996133089 -0.022335332 0.084970534 26.331150055 0.021038797 0.999648631 0.016123787 -29.368570328 -0.085300803 -0.014273759 0.996253133 308.473541260
0.996072292 -0.023327298 0.085416853 26.609615326 0.022003531 0.999623179 0.016406700 -29.559509277 -0.085767411 -0.014462788 0.996210158 310.727752686
0.996034801 -0.022658238 0.086030439 26.888275146 0.021373356 0.999646306 0.015827166 -29.757888794 -0.086358607 -0.013925650 0.996166766 312.966064453
0.996055245 -0.022357432 0.085872017 27.178823471 0.021009861 0.999642015 0.016564652 -29.955463409 -0.086211622 -0.014695153 0.996168375 315.212158203
0.996017337 -0.020623652 0.086741485 27.459566116 0.019330120 0.999689460 0.015726278 -30.151439667 -0.087038897 -0.013986923 0.996106744 317.451782227
0.995991707 -0.019082427 0.087386131 27.736488342 0.017725678 0.999710381 0.016275732 -30.346282959 -0.087671369 -0.014661513 0.996041536 319.692504883
0.995935321 -0.017625012 0.088330023 28.013132095 0.016279781 0.999740601 0.015926927 -30.543577194 -0.088587821 -0.014424196 0.995963871 321.918365479
0.995905221 -0.016780557 0.088832013 28.295564651 0.015380904 0.999746919 0.016417352 -30.734533310 -0.089085020 -0.014983812 0.995911241 324.155731201
0.995904684 -0.016723517 0.088848934 28.588090897 0.015199458 0.999725997 0.017802391 -30.937917709 -0.089122310 -0.016379032 0.995886028 326.382019043
0.995844722 -0.017231207 0.089422122 28.864343643 0.015707431 0.999719620 0.017716153 -31.135927200 -0.089702323 -0.016237944 0.995836258 328.614227295
0.995817065 -0.019251218 0.089318246 29.159782410 0.017797831 0.999696374 0.017040003 -31.326883316 -0.089619182 -0.015379055 0.995857358 330.843200684
0.995820582 -0.018472023 0.089443535 29.444929123 0.017041378 0.999714792 0.016732333 -31.518825531 -0.089727111 -0.015138162 0.995851278 333.069396973
0.995791554 -0.018847983 0.089687757 29.731737137 0.017322794 0.999692321 0.017753726 -31.708255768 -0.089994788 -0.016125372 0.995811701 335.313873291
0.995811820 -0.019341946 0.089358449 30.031141281 0.017816655 0.999682128 0.017835632 -31.898382187 -0.089675024 -0.016168859 0.995839775 337.545227051
0.995807469 -0.019035991 0.089470729 30.311643600 0.017483303 0.999683201 0.018105971 -32.093223572 -0.089787036 -0.016465822 0.995824873 339.783630371
0.995811164 -0.019042488 0.089429088 30.607290268 0.017510429 0.999686837 0.017885011 -32.286949158 -0.089741655 -0.016244153 0.995832622 342.023956299
0.995854199 -0.019130994 0.088929251 30.901231766 0.017551210 0.999674559 0.018512715 -32.478721619 -0.089254484 -0.016875150 0.995865822 344.272308350
0.995882511 -0.018609449 0.088722736 31.187765121 0.017034318 0.999684155 0.018477662 -32.666423798 -0.089038588 -0.016890248 0.995884955 346.508453369
0.995894849 -0.018336946 0.088640377 31.470642090 0.016762156 0.999688864 0.018477948 -32.856231689 -0.088951603 -0.016916292 0.995892286 348.748016357
0.995874524 -0.017937468 0.088951729 31.753759384 0.016309816 0.999686718 0.018991396 -33.050457001 -0.089264512 -0.017462263 0.995854795 350.989379883
0.995910347 -0.018173812 0.088500120 32.039772034 0.016529834 0.999677539 0.019273609 -33.238430023 -0.088821866 -0.017731901 0.995889604 353.211822510
0.995933115 -0.017956221 0.088287398 32.324970245 0.016358292 0.999689639 0.018789506 -33.427539825 -0.088597372 -0.017268857 0.995917797 355.453552246
0.995963871 -0.017994687 0.087931782 32.612705231 0.016373163 0.999682963 0.019127341 -33.613765717 -0.088248089 -0.017610421 0.995942831 357.686401367
0.996037602 -0.017486967 0.087196067 32.907760620 0.015785037 0.999671936 0.020169916 -33.807312012 -0.087520167 -0.018713607 0.995986938 359.924163818
0.996078849 -0.017536180 0.086713664 33.198226929 0.015821170 0.999666214 0.020425728 -34.000503540 -0.087042913 -0.018973725 0.996023834 362.162536621
0.996131182 -0.017409239 0.086137146 33.488807678 0.015662951 0.999658704 0.020907888 -34.187076569 -0.086471736 -0.019477841 0.996063888 364.402740479
0.996192098 -0.017358886 0.085440047 33.779953003 0.015671758 0.999669492 0.020377664 -34.375877380 -0.085765533 -0.018961072 0.996134877 366.665771484
0.996190608 -0.017965499 0.085333072 34.059772491 0.016295524 0.999662578 0.020226516 -34.564147949 -0.085667647 -0.018758914 0.996147156 368.920471191
0.996181190 -0.017739637 0.085488908 34.338348389 0.016147116 0.999683738 0.019283991 -34.745319366 -0.085803941 -0.017829953 0.996152401 371.186370850
0.996250987 -0.018126404 0.084589325 34.622421265 0.016532883 0.999673128 0.019501004 -34.934906006 -0.084915146 -0.018029394 0.996225059 373.405487061
0.996284246 -0.017939739 0.084238119 34.907989502 0.016283514 0.999661148 0.020307396 -35.119865417 -0.084573895 -0.018860243 0.996238708 375.662933350
0.996251285 -0.018175308 0.084574901 35.181705475 0.016499763 0.999654353 0.020468341 -35.303852081 -0.084917679 -0.018996151 0.996206880 377.926330566
0.996229291 -0.018805036 0.084696971 35.462108612 0.017098408 0.999636769 0.020830423 -35.494495392 -0.085057929 -0.019303693 0.996188998 380.172302246
0.996252894 -0.018952500 0.084385820 35.752811432 0.017258981 0.999635577 0.020753374 -35.673671722 -0.084748395 -0.019219195 0.996217132 382.424560547
0.996261656 -0.018203774 0.084446304 36.039234161 0.016491201 0.999644876 0.020933485 -35.861839294 -0.084797375 -0.019462610 0.996208131 384.681915283
0.996285856 -0.017293174 0.084352866 36.324409485 0.015577476 0.999659061 0.020955494 -36.043212891 -0.084686495 -0.019563660 0.996215582 386.939422607
0.996323645 -0.016337566 0.084097102 36.616447449 0.014624285 0.999673605 0.020948535 -36.238441467 -0.084411889 -0.019641660 0.996237338 389.208099365
0.996301353 -0.015087922 0.084592246 36.890544891 0.013366222 0.999692559 0.020882484 -36.426517487 -0.084881321 -0.019674566 0.996196806 391.486694336
0.996338606 -0.013800561 0.084373035 37.173957825 0.011957506 0.999679565 0.022310605 -36.612335205 -0.084653899 -0.021220025 0.996184349 393.743377686
0.996276617 -0.012388214 0.085319877 37.445968628 0.010471321 0.999683440 0.022878138 -36.799739838 -0.085576281 -0.021899542 0.996090889 396.008941650
0.996192396 -0.012212710 0.086322725 37.721427917 0.010394130 0.999715149 0.021485392 -36.990013123 -0.086560540 -0.020506335 0.996035457 398.268676758
0.996152639 -0.011778586 0.086839646 38.003925323 0.010005166 0.999732971 0.020828821 -37.175022125 -0.087061800 -0.019879838 0.996004462 400.530853271
0.996007562 -0.012776773 0.088349409 38.269962311 0.010868103 0.999697745 0.022051034 -37.359184265 -0.088604443 -0.021002805 0.995845437 402.772308350
0.996014059 -0.014217288 0.088055119 38.564548492 0.012246321 0.999663115 0.022883287 -37.540935516 -0.088350803 -0.021713726 0.995852709 405.047729492
0.995942116 -0.014720570 0.088783205 38.843837738 0.012718453 0.999652803 0.023074349 -37.725799561 -0.089092053 -0.021851534 0.995783627 407.305450439
0.995885313 -0.013939640 0.089545339 39.146240234 0.011984956 0.999678850 0.022329710 -37.905601501 -0.089827843 -0.021164628 0.995732427 409.557617188
0.995845199 -0.013093271 0.090117723 39.440353394 0.011097882 0.999682844 0.022607626 -38.091506958 -0.090385139 -0.021513578 0.995674491 411.818939209
0.995773375 -0.011971586 0.091060653 39.727069855 0.009966274 0.999698400 0.022444662 -38.276512146 -0.091301873 -0.021442257 0.995592356 414.068145752
0.995687187 -0.010718967 0.092152990 40.025157928 0.008692889 0.999712229 0.022359390 -38.457469940 -0.092366144 -0.021461882 0.995493770 416.338562012
0.995652258 -0.010957860 0.092500441 40.329616547 0.008926610 0.999710441 0.022344630 -38.643699646 -0.092718512 -0.021421770 0.995461881 418.593292236
0.995552063 -0.011133197 0.093552865 40.620662689 0.009091070 0.999711752 0.022226490 -38.824020386 -0.093773320 -0.021277139 0.995366216 420.843658447
0.995461047 -0.011145416 0.094514139 40.909973145 0.009088489 0.999713004 0.022165770 -39.012229919 -0.094734035 -0.021206168 0.995276749 423.098937988
0.995393515 -0.011706845 0.095157221 41.213680267 0.009530623 0.999683261 0.023292186 -39.195602417 -0.095399775 -0.022277979 0.995189726 425.365203857
0.995345294 -0.010809663 0.095764227 41.513534546 0.008548740 0.999675691 0.023988158 -39.375061035 -0.095992468 -0.023057839 0.995114982 427.617553711
0.995262027 -0.009927870 0.096720353 41.820159912 0.007571159 0.999666154 0.024702843 -39.554172516 -0.096933313 -0.023853520 0.995005012 429.893493652
0.995281458 -0.010694605 0.096438736 42.132423401 0.008317390 0.999652326 0.025018426 -39.745597839 -0.096672788 -0.024098255 0.995024443 432.151245117
0.995259047 -0.011640511 0.096561648 42.447570801 0.009307184 0.999654651 0.024579452 -39.935813904 -0.096814424 -0.023564206 0.995023489 434.420227051
0.995269358 -0.010858376 0.096546337 42.767395020 0.008530667 0.999663651 0.024489941 -40.099643707 -0.096779794 -0.023550481 0.995027125 436.695556641
0.995235085 -0.011317773 0.096845210 43.080570221 0.008939464 0.999648571 0.024956601 -40.283309937 -0.097093642 -0.023971941 0.994986534 438.984436035
0.995282054 -0.011337749 0.096358165 43.400497437 0.008961131 0.999645770 0.025061486 -40.458812714 -0.096608162 -0.024079772 0.995031118 441.258636475
0.995240748 -0.010745225 0.096852407 43.701946259 0.008226449 0.999618411 0.026368281 -40.653076172 -0.097098790 -0.025446039 0.994949400 443.495941162
0.995206296 -0.011329457 0.097140677 44.016700745 0.008804025 0.999612987 0.026387034 -40.827953339 -0.097402051 -0.025405312 0.994920790 445.773376465
0.995200813 -0.011015668 0.097231120 44.325927734 0.008536995 0.999628782 0.025871880 -41.006103516 -0.097480007 -0.024917655 0.994925499 448.042358398
0.995196342 -0.010257445 0.097360432 44.638679504 0.007810519 0.999644816 0.025480585 -41.183479309 -0.097587213 -0.024597749 0.994922936 450.309020996
0.995162368 -0.009798449 0.097753920 44.946689606 0.007371917 0.999656379 0.025153253 -41.365177155 -0.097966790 -0.024310937 0.994892657 452.569335938
0.995093942 -0.009157353 0.098511338 45.252685547 0.006707332 0.999660611 0.025172977 -41.534446716 -0.098708436 -0.024388729 0.994817495 454.842620850
0.995059729 -0.009250514 0.098846182 45.555862427 0.006824877 0.999667883 0.024849536 -41.718688965 -0.099043213 -0.024052160 0.994792521 457.104736328
0.995083332 -0.008339571 0.098689519 45.877136230 0.005965479 0.999686360 0.024326842 -41.900573730 -0.098861434 -0.023618508 0.994820893 459.388061523
0.995053768 -0.006947499 0.099094264 46.183856964 0.004511631 0.999682784 0.024784248 -42.078189850 -0.099235021 -0.024214588 0.994769335 461.668304443
0.995082021 -0.006759414 0.098823346 46.498302460 0.004211180 0.999653757 0.025971638 -42.256141663 -0.098964691 -0.025427749 0.994765997 463.941711426
0.995120227 -0.006732134 0.098441288 46.802955627 0.004160160 0.999645352 0.026308946 -42.429294586 -0.098583490 -0.025771029 0.994795144 466.208068848
0.995198190 -0.006709950 0.097649537 47.117610931 0.004264460 0.999672532 0.025230723 -42.606040955 -0.097786866 -0.024693144 0.994901001 468.488739014
0.995291114 -0.006755298 0.096695296 47.444171906 0.004376891 0.999683261 0.024787936 -42.786815643 -0.096832089 -0.024247991 0.995005250 470.785247803
0.995386481 -0.007234179 0.095672742 47.757083893 0.004773919 0.999652624 0.025919307 -42.972377777 -0.095827021 -0.025342992 0.995075345 473.071228027
0.995362759 -0.007493582 0.095899202 48.052013397 0.005015892 0.999647975 0.026051447 -43.149913788 -0.096060663 -0.025449621 0.995050132 475.348571777
0.995414734 -0.006732554 0.095415913 48.353485107 0.004323984 0.999667287 0.025427181 -43.314659119 -0.095555358 -0.024898015 0.995112717 477.654296875
0.995426476 -0.006782029 0.095289938 48.660209656 0.004324345 0.999653280 0.025974508 -43.493072510 -0.095433056 -0.025443649 0.995110631 479.939208984
0.995461166 -0.007207280 0.094895564 48.971149445 0.004705386 0.999636054 0.026562132 -43.670600891 -0.095052466 -0.025995050 0.995132744 482.214019775
0.995444477 -0.007626083 0.095037140 49.265880585 0.005203296 0.999655724 0.025714856 -43.845134735 -0.095200524 -0.025103204 0.995141566 484.502136230
0.995533526 -0.007595006 0.094102502 49.572807312 0.005119152 0.999635100 0.026523715 -44.029327393 -0.094269611 -0.025923526 0.995209157 486.800628662
0.995584249 -0.007573831 0.093566298 49.876747131 0.005133100 0.999640942 0.026298745 -44.200038910 -0.093731888 -0.025702335 0.995265663 489.084930420
0.995610774 -0.007393727 0.093298204 50.182868958 0.004917804 0.999630213 0.026739798 -44.374610901 -0.093461424 -0.026163612 0.995279074 491.387329102
0.995666862 -0.006854998 0.092738017 50.489139557 0.004356557 0.999622762 0.027116530 -44.548683167 -0.092888914 -0.026595017 0.995321214 493.671417236
0.995659292 -0.006524253 0.092843086 50.779674530 0.004046313 0.999631226 0.026852803 -44.723541260 -0.092984028 -0.026360570 0.995318592 495.978027344
0.995683551 -0.006106426 0.092611469 51.090530396 0.003682906 0.999646842 0.026317056 -44.905105591 -0.092739478 -0.025862375 0.995354474 498.296112061
0.995717525 -0.006118076 0.092245050 51.389289856 0.003632135 0.999626279 0.027093163 -45.081680298 -0.092376329 -0.026642092 0.995367646 500.591827393
0.995729029 -0.005773819 0.092142388 51.683940887 0.003256625 0.999617994 0.027445538 -45.262756348 -0.092265636 -0.027028244 0.995367527 502.868865967
0.995752633 -0.004967069 0.091934800 51.982646942 0.002515452 0.999638617 0.026763596 -45.440528870 -0.092034526 -0.026418664 0.995405316 505.156982422
0.995734751 -0.004967555 0.092128627 52.271133423 0.002447556 0.999620259 0.027445896 -45.618400574 -0.092229985 -0.027103338 0.995368779 507.445098877
0.995755494 -0.005243472 0.091888510 52.573528290 0.002812441 0.999643087 0.026565868 -45.794761658 -0.091995001 -0.026194675 0.995414853 509.733154297
0.995795131 -0.005988856 0.091412067 52.882431030 0.003495359 0.999618053 0.027413303 -45.977508545 -0.091541328 -0.026978517 0.995435774 512.041870117
0.995802224 -0.005627963 0.091357671 53.180335999 0.003121477 0.999615371 0.027555704 -46.150333405 -0.091477595 -0.027154861 0.995436847 514.344482422
0.995799065 -0.004960237 0.091430686 53.472934723 0.002464495 0.999621809 0.027389251 -46.325752258 -0.091531970 -0.027048867 0.995434642 516.648315430
0.995780349 -0.004017164 0.091681026 53.763805389 0.001543435 0.999633253 0.027036881 -46.502639771 -0.091756016 -0.026781291 0.995421350 518.940002441
0.995727181 -0.001990424 0.092322208 54.056083679 -0.000532684 0.999627173 0.027296679 -46.684497833 -0.092342138 -0.027229222 0.995354950 521.282653809
0.995662272 -0.000042065 0.093041047 54.359386444 -0.002518548 0.999621212 0.027403748 -46.860118866 -0.093006961 -0.027519200 0.995285094 523.617858887
0.995600998 0.000514467 0.093692876 54.661602020 -0.003213384 0.999584138 0.028657412 -47.031543732 -0.093639173 -0.028832421 0.995188653 525.938476562
0.995525241 0.000435673 0.094494842 54.956825256 -0.003157509 0.999584317 0.028656460 -47.205032349 -0.094443068 -0.028826600 0.995112777 528.247009277
0.995471060 -0.001444586 0.095053814 55.257545471 -0.001423681 0.999545872 0.030100459 -47.376785278 -0.095054127 -0.030099463 0.995017052 530.567687988
0.995417595 -0.003095502 0.095572330 55.569179535 0.000245042 0.999555290 0.029822513 -47.548755646 -0.095622107 -0.029662438 0.994975626 532.886291504
0.995368302 -0.003226959 0.096081115 55.874504089 0.000415830 0.999571741 0.029263524 -47.721099854 -0.096134387 -0.029088035 0.994943202 535.205017090
0.995281935 -0.003504645 0.096961960 56.179927826 0.000690858 0.999578178 0.029037854 -47.893615723 -0.097022817 -0.028833864 0.994864404 537.521240234
0.995171309 -0.003002024 0.098107077 56.479591370 0.000185223 0.999587774 0.028708003 -48.074844360 -0.098152824 -0.028551206 0.994761646 539.832763672
0.995076656 -0.002439538 0.099077761 56.792568207 -0.000402838 0.999589264 0.028658215 -48.254405975 -0.099106967 -0.028557032 0.994666874 542.153930664
0.994971037 -0.002151941 0.100139506 57.086753845 -0.000605932 0.999621570 0.027501756 -48.430305481 -0.100160792 -0.027424125 0.994593203 544.468627930
0.994815528 -0.002019358 0.101675279 57.388950348 -0.000818026 0.999611616 0.027856907 -48.600929260 -0.101692036 -0.027795658 0.994427562 546.795166016
0.994706333 -0.002161050 0.102736823 57.695785522 -0.000844732 0.999573231 0.029204596 -48.785079956 -0.102756090 -0.029136781 0.994279742 549.090759277
0.994666159 -0.002709240 0.103110932 58.017364502 -0.000352264 0.999559879 0.029661585 -48.961105347 -0.103145920 -0.029539701 0.994227529 551.394104004
0.994744599 -0.003908877 0.102312885 58.357421875 0.000967241 0.999585152 0.028785205 -49.132072449 -0.102382958 -0.028534966 0.994335711 553.703002930
0.994742453 -0.004184236 0.102322616 58.686916351 0.001188857 0.999569476 0.029317353 -49.307117462 -0.102401219 -0.029041568 0.994319141 556.017517090
0.994667411 -0.004131974 0.103050821 59.009658813 0.001070545 0.999556899 0.029745590 -49.478942871 -0.103128068 -0.029476654 0.994231224 558.329650879
0.994620025 -0.003632633 0.103526339 59.337875366 0.000425722 0.999519825 0.030982032 -49.653285980 -0.103589162 -0.030771280 0.994144022 560.664184570
0.994628131 -0.004337689 0.103421740 59.675273895 0.001048781 0.999492586 0.031834129 -49.827262878 -0.103507347 -0.031554654 0.994128048 562.995178223
0.994602978 -0.003711791 0.103687413 60.010101318 0.000340222 0.999471188 0.032515440 -49.993385315 -0.103753284 -0.032304682 0.994078279 565.316833496
0.994566560 -0.002881360 0.104063973 60.345718384 -0.000442839 0.999490678 0.031906582 -50.164459229 -0.104102917 -0.031779297 0.994058669 567.638671875
0.994557858 -0.001867035 0.104168609 60.689609528 -0.001330988 0.999530137 0.030622503 -50.330635071 -0.104176834 -0.030594500 0.994088113 569.969421387
0.994562805 -0.001512712 0.104128003 61.040279388 -0.001741461 0.999513149 0.031153658 -50.505050659 -0.104124427 -0.031165607 0.994075894 572.290527344
0.994471014 -0.001221678 0.105004475 61.353721619 -0.002192209 0.999472916 0.032390267 -50.687709808 -0.104988687 -0.032441374 0.993944108 574.689758301
0.994423628 -0.001292181 0.105450831 61.685886383 -0.002226736 0.999444664 0.033245653 -50.855773926 -0.105435245 -0.033295080 0.993868589 577.007751465
0.994366825 -0.000541439 0.105991073 62.022689819 -0.002868820 0.999483109 0.032019854 -51.025627136 -0.105953611 -0.032143559 0.993851423 579.382324219
0.994408011 -0.001417661 0.105596565 62.366691589 -0.001936909 0.999496877 0.031658467 -51.184692383 -0.105588324 -0.031685971 0.993904948 581.721557617
0.994348228 -0.001825494 0.106152236 62.699863434 -0.001752355 0.999433756 0.033601847 -51.367034912 -0.106153473 -0.033597954 0.993781984 584.055358887
0.994419932 -0.001885722 0.105477750 63.042957306 -0.001640884 0.999442875 0.033337824 -51.526840210 -0.105481856 -0.033324867 0.993862689 586.372558594
0.994370699 -0.004903507 0.105842903 63.390689850 0.001455439 0.999466360 0.032629911 -51.706871033 -0.105946429 -0.032292180 0.993847311 588.732177734
0.994399488 -0.005250372 0.105556011 63.736091614 0.001793741 0.999459803 0.032815181 -51.870246887 -0.105671287 -0.032442059 0.993871748 591.082458496
0.994395018 -0.007086471 0.105490662 64.074623108 0.003594126 0.999440312 0.033259090 -52.037689209 -0.105667308 -0.032693528 0.993863940 593.426147461
0.994418204 -0.007743541 0.105225764 64.421295166 0.004228257 0.999426782 0.033589173 -52.205200195 -0.105425559 -0.032956757 0.993880928 595.782348633
