1.000000000 0.000000000 0.000000000 0.000000000 0.000000000 1.000000000 0.000000000 0.000000000 0.000000000 0.000000000 1.000000000 0.000000000
0.999999881 0.000138633 0.000455784 0.086163953 -0.000138576 1.000000000 -0.000123093 -0.226178527 -0.000455801 0.000123030 0.999999881 2.290761948
0.999999166 0.000476087 0.001216928 0.164405614 -0.000476506 0.999999821 0.000343973 -0.463023096 -0.001216765 -0.000344553 0.999999225 4.591259956
0.999998510 0.000180017 0.001733181 0.262084365 -0.000181077 0.999999762 0.000610943 -0.695544064 -0.001733071 -0.000611256 0.999998271 6.883828163
0.999996483 0.000204704 0.002650548 0.353914559 -0.000202114 0.999999642 -0.000977314 -0.928816020 -0.002650747 0.000976775 0.999996006 9.179214478
0.999986887 0.002030459 0.004693108 0.445528835 -0.002032448 0.999997854 0.000419294 -1.164570212 -0.004692247 -0.000428827 0.999988914 11.482432365
0.999963641 0.003941710 0.007552436 0.528513312 -0.003951774 0.999991298 0.001318216 -1.391033649 -0.007547174 -0.001348013 0.999970615 13.798306465
0.999945521 0.003692253 0.009766420 0.636235952 -0.003731608 0.999984920 0.004014403 -1.620460272 -0.009751453 -0.004050629 0.999944270 16.072706223
0.999938071 0.003766467 0.010474994 0.754845202 -0.003817728 0.999980807 0.004877900 -1.849063635 -0.010456421 -0.004917588 0.999933183 18.414649963
0.999924064 0.002823335 0.012001114 0.863859296 -0.002882024 0.999983907 0.004875824 -2.072151661 -0.011987155 -0.004910042 0.999916136 20.702844620
0.999925911 0.000353469 0.012165112 0.989738822 -0.000387530 0.999995947 0.002797615 -2.304205894 -0.012164076 -0.002802123 0.999922037 23.021205902
0.999913096 -0.001885652 0.013049513 1.096882820 0.001873670 0.999997854 0.000930386 -2.526071548 -0.013051239 -0.000905855 0.999914467 25.303501129
0.999914527 -0.002821483 0.012768342 1.236495018 0.002818192 0.999996006 0.000275777 -2.773368835 -0.012769069 -0.000239770 0.999918461 27.616830826
0.999903917 -0.002603377 0.013617490 1.344984770 0.002613600 0.999996364 -0.000732958 -2.999139309 -0.013615531 0.000768478 0.999907017 29.903474808
0.999893248 -0.000372667 0.014606735 1.465277195 0.000348364 0.999998569 0.001666327 -3.227701426 -0.014607335 -0.001661061 0.999891937 32.190795898
0.999892175 0.001690505 0.014585922 1.596745729 -0.001747875 0.999990821 0.003921362 -3.449026585 -0.014579158 -0.003946434 0.999885976 34.471717834
0.999860346 0.003957443 0.016236132 1.710973501 -0.004092172 0.999957383 0.008273286 -3.686639547 -0.016202698 -0.008338569 0.999834061 36.785812378
0.999834597 0.005778396 0.017239815 1.824817419 -0.005910152 0.999953568 0.007601359 -3.902576923 -0.017195089 -0.007701993 0.999822438 39.059150696
0.999806583 0.004958881 0.019038053 1.931837559 -0.005079537 0.999967277 0.006294452 -4.109443665 -0.019006215 -0.006389938 0.999798954 41.350135803
0.999813557 0.002560331 0.019140048 2.057983637 -0.002655772 0.999984205 0.004962656 -4.331406116 -0.019127036 -0.005012562 0.999804556 43.627075195
0.999820292 0.002561557 0.018782595 2.200200081 -0.002644112 0.999986947 0.004371781 -4.558753014 -0.018771147 -0.004420660 0.999814034 45.872261047
0.999817967 0.002028587 0.018972402 2.326343775 -0.002094931 0.999991775 0.003477708 -4.788189411 -0.018965190 -0.003516820 0.999813974 48.146537781
0.999819875 0.000506951 0.018971808 2.463371277 -0.000581127 0.999992132 0.003904514 -5.017224789 -0.018969677 -0.003914835 0.999812424 50.429416656
0.999799788 -0.000616334 0.020000378 2.593313694 0.000530583 0.999990761 0.004292456 -5.241353035 -0.020002836 -0.004280985 0.999790788 52.697284698
0.999793768 -0.001852829 0.020225465 2.729026079 0.001768778 0.999989748 0.004172761 -5.469028473 -0.020232989 -0.004136126 0.999786735 54.980224609
0.999770105 -0.002319608 0.021316949 2.861334324 0.002226266 0.999987841 0.004401436 -5.696516991 -0.021326900 -0.004352965 0.999763072 57.285568237
0.999755383 -0.003769194 0.021794047 3.002362251 0.003658124 0.999980152 0.005134006 -5.922400951 -0.021812962 -0.005053024 0.999749303 59.558315277
0.999714971 -0.005329541 0.023268534 3.130367279 0.005227176 0.999976397 0.004457868 -6.144279480 -0.023291744 -0.004334969 0.999719322 61.823764801
0.999694347 -0.006007315 0.023982087 3.277787685 0.005904944 0.999973178 0.004337186 -6.368426323 -0.024007497 -0.004194247 0.999702930 64.077804565
0.999668777 -0.005461554 0.025149388 3.418967724 0.005341199 0.999973893 0.004850353 -6.589336872 -0.025175227 -0.004714418 0.999671936 66.348876953
0.999651730 -0.004605515 0.025985498 3.566218138 0.004470197 0.999976158 0.005263170 -6.815622807 -0.026009116 -0.005145177 0.999648392 68.611595154
0.999614835 -0.004792637 0.027334191 3.702793121 0.004661198 0.999977291 0.004870303 -7.038478851 -0.027356910 -0.004741018 0.999614477 70.869201660
0.999602556 -0.005589475 0.027631141 3.863629341 0.005496331 0.999978900 0.003445783 -7.260349751 -0.027649824 -0.003292543 0.999612272 73.124137878
0.999589980 -0.006502283 0.027885938 4.022463799 0.006392533 0.999971449 0.004022988 -7.489420891 -0.027911302 -0.003843077 0.999602973 75.404121399
0.999541402 -0.007748213 0.029272977 4.178201199 0.007645953 0.999964237 0.003603651 -7.719875336 -0.029299852 -0.003378179 0.999564946 77.668762207
0.999533653 -0.008738485 0.029257197 4.330742836 0.008646042 0.999957204 0.003284652 -7.948797226 -0.029284650 -0.003030161 0.999566495 79.934974670
0.999503314 -0.009230088 0.030131364 4.478650093 0.009147351 0.999953985 0.002882545 -8.164863586 -0.030156588 -0.002605491 0.999541759 82.190940857
0.999489665 -0.008444185 0.030807838 4.646799088 0.008357919 0.999960780 0.002927912 -8.400251389 -0.030831359 -0.002668928 0.999520957 84.476158142
0.999435961 -0.008195582 0.032566093 4.801023006 0.008085886 0.999961257 0.003498659 -8.619396210 -0.032593507 -0.003233360 0.999463379 86.730072021
0.999435842 -0.007926271 0.032637801 4.970822334 0.007766143 0.999957204 0.005030010 -8.855622292 -0.032676280 -0.004773702 0.999454558 89.014411926
0.999409974 -0.007204959 0.033583228 5.131501198 0.007008592 0.999957681 0.005961199 -9.083707809 -0.033624757 -0.005722312 0.999418139 91.265182495
0.999383032 -0.006940743 0.034428358 5.297572136 0.006738663 0.999959409 0.005982168 -9.303583145 -0.034468479 -0.005746476 0.999389231 93.504104614
0.999363542 -0.007137882 0.034950629 5.463130474 0.006959636 0.999962151 0.005218965 -9.521722794 -0.034986559 -0.004972400 0.999375403 95.735191345
0.999326706 -0.007692799 0.035874199 5.627733231 0.007500911 0.999956846 0.005480463 -9.741374969 -0.035914816 -0.005207685 0.999341309 97.993354797
0.999297142 -0.007483563 0.036731929 5.787665367 0.007305519 0.999960899 0.004978964 -9.969663620 -0.036767744 -0.004707118 0.999312758 100.243904114
0.999226749 -0.007402547 0.038615126 5.938093185 0.007183900 0.999957442 0.005797901 -10.182745934 -0.038656387 -0.005516011 0.999237299 102.473228455
0.999221623 -0.007550072 0.038718119 6.133976936 0.007320452 0.999954760 0.006068921 -10.409126282 -0.038762182 -0.005780763 0.999231756 104.743415833
0.999179721 -0.008265717 0.039642051 6.307891846 0.008008524 0.999945819 0.006642303 -10.623049736 -0.039694805 -0.006319380 0.999191880 106.982002258
0.999150157 -0.009677265 0.040066902 6.490479469 0.009411560 0.999932468 0.006814837 -10.838350296 -0.040130146 -0.006431953 0.999173760 109.236320496
0.999109387 -0.010702980 0.040815283 6.670536995 0.010388450 0.999914765 0.007910518 -11.066227913 -0.040896464 -0.007479465 0.999135375 111.496765137
0.999084473 -0.011353713 0.041250132 6.857971191 0.011089897 0.999916613 0.006618768 -11.285610199 -0.041321836 -0.006155247 0.999126911 113.761054993
0.999035239 -0.011585876 0.042360164 7.035982609 0.011353294 0.999919116 0.005727067 -11.503377914 -0.042423099 -0.005240614 0.999085963 116.012901306
0.998991609 -0.011965149 0.043273527 7.217844009 0.011708744 0.999912381 0.006173834 -11.728882790 -0.043343611 -0.005660929 0.999044120 118.263092041
0.998936296 -0.012120270 0.044489723 7.404670715 0.011810058 0.999904156 0.007228966 -11.954400063 -0.044573072 -0.006695850 0.998983681 120.531646729
0.998916507 -0.012878877 0.044721093 7.605866432 0.012537957 0.999890268 0.007895397 -12.176829338 -0.044817861 -0.007326132 0.998968244 122.743591309
0.998856962 -0.013726561 0.045784432 7.805253983 0.013414255 0.999884665 0.007121508 -12.395605087 -0.045876902 -0.006499204 0.998925984 125.051933289
0.998824358 -0.014015980 0.046405487 7.989212990 0.013726131 0.999884307 0.006558836 -12.619486809 -0.046492048 -0.005914158 0.998901069 127.314666748
0.998805821 -0.015701443 0.046266362 8.180790901 0.015392972 0.999856889 0.007016090 -12.835217476 -0.046369907 -0.006295535 0.998904467 129.576492310
0.998826623 -0.016983733 0.045353279 8.370244026 0.016678477 0.999835670 0.007100609 -13.045502663 -0.045466419 -0.006335854 0.998945713 131.825393677
0.998888135 -0.017306883 0.043851648 8.570676804 0.016963616 0.999822557 0.008188050 -13.259539604 -0.043985579 -0.007435063 0.999004543 134.062515259
0.998926520 -0.018371364 0.042524498 8.750597000 0.018053845 0.999806225 0.007838932 -13.476655006 -0.042660285 -0.007062787 0.999064624 136.321075439
0.999010205 -0.019307852 0.040074021 8.965167999 0.019037969 0.999793530 0.007105296 -13.684964180 -0.040202938 -0.006335335 0.999171495 138.544952393
0.998980343 -0.019951023 0.040499579 9.124541283 0.019663488 0.999778628 0.007485715 -13.909586906 -0.040639952 -0.006681720 0.999151528 140.836029053
0.998972237 -0.020314399 0.040518478 9.297624588 0.020020792 0.999770463 0.007639020 -14.116625786 -0.040664349 -0.006819957 0.999149621 143.070022583
0.999014020 -0.020666629 0.039291557 9.488450050 0.020324875 0.999752223 0.009077565 -14.345049858 -0.039469428 -0.008270020 0.999186516 145.315658569
0.999034345 -0.019732689 0.039256122 9.666032791 0.019435057 0.999779522 0.007949065 -14.556556702 -0.039404314 -0.007178443 0.999197543 147.568374634
0.999055088 -0.018649835 0.039260719 9.847446442 0.018413519 0.999810040 0.006372189 -14.769762993 -0.039372105 -0.005643239 0.999208629 149.825088501
0.999065578 -0.017447062 0.039541926 10.023595810 0.017252000 0.999837220 0.005268905 -14.985231400 -0.039627414 -0.004581804 0.999204040 152.075149536
0.999073565 -0.016660959 0.039677754 10.211050034 0.016465273 0.999850571 0.005253573 -15.199623108 -0.039759357 -0.004595401 0.999198735 154.321456909
0.999048710 -0.015906826 0.040603351 10.390787125 0.015695637 0.999861538 0.005514684 -15.413616180 -0.040685464 -0.004872142 0.999160111 156.589355469
0.999066710 -0.014675843 0.040627234 10.573154449 0.014396345 0.999870718 0.007163701 -15.639475822 -0.040727120 -0.006572130 0.999148667 158.823699951
0.999015093 -0.013839182 0.042157535 10.752202988 0.013509788 0.999875963 0.008088398 -15.854683876 -0.042264249 -0.007510892 0.999078214 161.057800293
0.998986602 -0.012721816 0.043173723 10.919455528 0.012288265 0.999871552 0.010292551 -16.084701538 -0.043299120 -0.009751591 0.999014497 163.357711792
0.998951495 -0.012311748 0.044094350 11.104690552 0.011917595 0.999886751 0.009190632 -16.282638550 -0.044202510 -0.008655499 0.998985112 165.618026733
0.998921931 -0.011595362 0.044949885 11.304768562 0.011245837 0.999904573 0.008020983 -16.495290756 -0.045038600 -0.007506838 0.998956978 167.869979858
0.998855710 -0.009834109 0.046803102 11.492411613 0.009462427 0.999921978 0.008156376 -16.706300735 -0.046879657 -0.007704170 0.998870909 170.110092163
0.998715758 -0.009244840 0.049812958 11.678595543 0.008820768 0.999922991 0.008726396 -16.936454773 -0.049889792 -0.008275801 0.998720467 172.402694702
0.998596072 -0.009467865 0.052117892 11.881481171 0.009033991 0.999922574 0.008554140 -17.149290085 -0.052194845 -0.008071297 0.998604298 174.673492432
0.998516679 -0.009504259 0.053610615 12.093916893 0.009030226 0.999917984 0.009077528 -17.364063263 -0.053692505 -0.008579947 0.998520672 176.928726196
0.998478949 -0.009823659 0.054250676 12.300115585 0.009285003 0.999905109 0.010172189 -17.574197769 -0.054345462 -0.009653000 0.998475552 179.148529053
0.998451114 -0.011296272 0.054477725 12.513278961 0.010774617 0.999893308 0.009859843 -17.793397903 -0.054583307 -0.009257593 0.998466313 181.429214478
0.998416305 -0.012111867 0.054939594 12.715224266 0.011595574 0.999885678 0.009706549 -18.002172470 -0.055050883 -0.009054119 0.998442531 183.671676636
0.998479903 -0.013669062 0.053395309 12.947449684 0.013168862 0.999866128 0.009708510 -18.223962784 -0.053520858 -0.008990594 0.998526275 185.914611816
0.998476207 -0.015437289 0.052979119 13.159033775 0.014914761 0.999836266 0.010244171 -18.431089401 -0.053128574 -0.009438392 0.998543084 188.167465210
0.998494089 -0.016204769 0.052411299 13.373535156 0.015720397 0.999829948 0.009640846 -18.636121750 -0.052558608 -0.008802403 0.998579085 190.409851074
0.998463392 -0.017497649 0.052580293 13.572051048 0.017000519 0.999806702 0.009887207 -18.855556488 -0.052743126 -0.008978122 0.998567760 192.638305664
0.998434484 -0.018582335 0.052757088 13.765938759 0.018113570 0.999792278 0.009349682 -19.058448792 -0.052919865 -0.008379428 0.998563647 194.876510620
0.998469114 -0.018768435 0.052033093 13.999958992 0.018291820 0.999786377 0.009621057 -19.283061981 -0.052202556 -0.008654547 0.998598993 197.133712769
0.998486042 -0.016468901 0.052482348 14.205041885 0.015994128 0.999827385 0.009453487 -19.487789154 -0.052628972 -0.008599767 0.998577058 199.377182007
0.998495102 -0.014487068 0.052892562 14.403608322 0.014023829 0.999860108 0.009118753 -19.699171066 -0.053017270 -0.008363272 0.998558521 201.611083984
0.998468518 -0.013944103 0.053536464 14.612905502 0.013523187 0.999874711 0.008216511 -19.908210754 -0.053644333 -0.007479943 0.998532116 203.872146606
0.998429000 -0.014176318 0.054208081 14.813112259 0.013707605 0.999865413 0.009008628 -20.115861893 -0.054328505 -0.008251414 0.998488963 206.090087891
0.998418391 -0.015634121 0.054002311 15.049877167 0.015157916 0.999842584 0.009216604 -20.335065842 -0.054137912 -0.008383463 0.998498201 208.353057861
0.998359680 -0.015236240 0.055190094 15.257376671 0.014747398 0.999848485 0.009253961 -20.534643173 -0.055322725 -0.008424872 0.998432875 210.597122192
0.998293102 -0.015645647 0.056270055 15.486597061 0.015066616 0.999829233 0.010699851 -20.761751175 -0.056427862 -0.009833788 0.998358250 212.831848145
0.998232245 -0.014255676 0.057698540 15.722588539 0.013646260 0.999846995 0.010942424 -20.970418930 -0.057845708 -0.010135710 0.998274088 215.063598633
0.998044431 -0.012580922 0.061229702 15.924637794 0.011917870 0.999866366 0.011182149 -21.177219391 -0.061362196 -0.010430554 0.998061001 217.316162109
0.997905254 -0.012533261 0.063466743 16.152111053 0.011831042 0.999864697 0.011428138 -21.382453918 -0.063601390 -0.010653322 0.997918546 219.563415527
0.997777283 -0.014048284 0.065138929 16.388847351 0.013292088 0.999839246 0.012027913 -21.587295532 -0.065297432 -0.011135345 0.997803688 221.798416138
0.997665524 -0.015552750 0.066495374 16.623142242 0.014729585 0.999808908 0.012851716 -21.788446426 -0.066682547 -0.011842263 0.997703969 224.030822754
0.997593462 -0.017685810 0.067040309 16.877185822 0.016895970 0.999781191 0.012330371 -22.000560760 -0.067243703 -0.011167987 0.997674048 226.270309448
0.997561157 -0.018994723 0.067163773 17.121192932 0.018241201 0.999763787 0.011814752 -22.198760986 -0.067372322 -0.010560787 0.997672021 228.527221680
0.997518599 -0.019351792 0.067691267 17.363607407 0.018587720 0.999756396 0.011899273 -22.399003983 -0.067905031 -0.010611522 0.997635365 230.768707275
0.997444987 -0.020680755 0.068378732 17.604654312 0.019972557 0.999739707 0.011024535 -22.603931427 -0.068588920 -0.009630670 0.997598529 233.009201050
0.997449100 -0.021054743 0.068204224 17.873767853 0.020272616 0.999720752 0.012139365 -22.813179016 -0.068440765 -0.010725723 0.997597516 235.300399780
0.997420132 -0.020812359 0.068701290 18.120775223 0.020023620 0.999725640 0.012149487 -23.014684677 -0.068935327 -0.010742494 0.997563243 237.542724609
0.997383118 -0.020509923 0.069327071 18.360399246 0.019718532 0.999732554 0.012080514 -23.216567993 -0.069556303 -0.010681873 0.997520864 239.762802124
0.997344792 -0.020789048 0.069793880 18.606893539 0.019968258 0.999723196 0.012437443 -23.422676086 -0.070033133 -0.011010758 0.997483909 241.994079590
0.997303069 -0.021266567 0.070245065 18.856189728 0.020445427 0.999714196 0.012388037 -23.620130539 -0.070488438 -0.010918437 0.997452796 244.236663818
0.997269213 -0.021331761 0.070703290 19.106451035 0.020549836 0.999719501 0.011768341 -23.829624176 -0.070934504 -0.010283266 0.997427881 246.469207764
0.997274458 -0.020889625 0.070762105 19.363653183 0.020164816 0.999736786 0.010941902 -24.036739349 -0.070972048 -0.009485174 0.997433305 248.707992554
0.997254193 -0.021202067 0.070954308 19.619157791 0.020438707 0.999725342 0.011467375 -24.242118835 -0.071177967 -0.009985674 0.997413635 250.946640015
0.997228444 -0.022427076 0.070939191 19.875913620 0.021667276 0.999699473 0.011462115 -24.449352264 -0.071174935 -0.009893289 0.997414768 253.180206299
0.997205973 -0.022542287 0.071218632 20.133533478 0.021731516 0.999690294 0.012138755 -24.654975891 -0.071470208 -0.010557152 0.997386813 255.433547974
0.997163713 -0.023198757 0.071600080 20.371143341 0.022365762 0.999672771 0.012413995 -24.860147476 -0.071864642 -0.010777394 0.997356176 257.651336670
0.997157037 -0.023586998 0.071564652 20.647377014 0.022710722 0.999657035 0.013033681 -25.075397491 -0.071847536 -0.011371341 0.997350812 259.930389404
0.997122645 -0.023403343 0.072101556 20.904495239 0.022554977 0.999666750 0.012558128 -25.276361465 -0.072371431 -0.010895746 0.997318149 262.172607422
0.997090101 -0.023380214 0.072558485 21.164613724 0.022565586 0.999673009 0.012026856 -25.476371765 -0.072815947 -0.010354534 0.997291625 264.433471680
0.997062027 -0.022566972 0.073198944 21.424745560 0.021768570 0.999694705 0.011686922 -25.685743332 -0.073440336 -0.010059152 0.997248888 266.675628662
0.996990383 -0.021788809 0.074401200 21.683008194 0.020974047 0.999711335 0.011714896 -25.885721207 -0.074634992 -0.010119147 0.997159541 268.924957275
0.996895730 -0.021488858 0.075743653 21.946317673 0.020685405 0.999721289 0.011376245 -26.104200363 -0.075967029 -0.009774143 0.997062385 271.187774658
0.996792853 -0.022233678 0.076873943 22.219123840 0.021379130 0.999700367 0.011921491 -26.314914703 -0.077115975 -0.010239759 0.996969581 273.435791016
0.996595144 -0.022553589 0.079307809 22.466342926 0.021659371 0.999691963 0.012117643 -26.509283066 -0.079556674 -0.010358626 0.996776462 275.682159424
0.996479571 -0.022484491 0.080764607 22.740427017 0.021484263 0.999681711 0.013232302 -26.704177856 -0.081036419 -0.011450550 0.996645391 277.923156738
0.996435165 -0.021907244 0.081467867 23.029554367 0.020751873 0.999672115 0.015001829 -26.920764923 -0.081769794 -0.013257737 0.996563196 280.175323486
0.996335924 -0.021865960 0.082682453 23.311838150 0.020587821 0.999655485 0.016279647 -27.126050949 -0.083009936 -0.014517748 0.996442974 282.410827637
0.996280491 -0.020918913 0.083590716 23.593399048 0.019650796 0.999679565 0.015964711 -27.314472198 -0.083897904 -0.014262706 0.996372283 284.670989990
0.996201754 -0.019931793 0.084762022 23.866256714 0.018698666 0.999707758 0.015317261 -27.506763458 -0.085042551 -0.013674146 0.996283412 286.905120850
0.996166468 -0.018972656 0.085395433 24.150758743 0.017819976 0.999739766 0.014240324 -27.696481705 -0.085643388 -0.012663987 0.996245384 289.150634766
0.996097445 -0.019807434 0.086008042 24.424757004 0.018614149 0.999719322 0.014654116 -27.900835037 -0.086274162 -0.012995963 0.996186674 291.377532959
0.995995164 -0.019470416 0.087261200 24.683216095 0.018366100 0.999740899 0.013440407 -28.095302582 -0.087500289 -0.011783933 0.996094823 293.655578613
0.996014953 -0.019913286 0.086935192 24.970024109 0.018885989 0.999741971 0.012623448 -28.292758942 -0.087164134 -0.010931285 0.996133983 295.884185791
0.996016264 -0.019863285 0.086931184 25.254180908 0.018844709 0.999743998 0.012522128 -28.494029999 -0.087157667 -0.010834051 0.996135533 298.117736816
0.996012211 -0.019187648 0.087129049 25.536823273 0.018170703 0.999757349 0.012449921 -28.690635681 -0.087346792 -0.010817077 0.996119201 300.355560303
0.995962560 -0.019013220 0.087732896 25.804172516 0.017892420 0.999748170 0.013543958 -28.898300171 -0.087968305 -0.011919520 0.996051967 302.591613770
0.995959878 -0.019282538 0.087703981 26.094457626 0.018146776 0.999741077 0.013728983 -29.098022461 -0.087946013 -0.012081972 0.996051967 304.843505859
0.995933533 -0.018604716 0.088148221 26.382196426 0.017452557 0.999752104 0.013823433 -29.296836853 -0.088383570 -0.012228810 0.996011376 307.095214844
0.995932639 -0.019315107 0.088005967 26.671541214 0.018157313 0.999737978 0.013937579 -29.506563187 -0.088252105 -0.012282938 0.996022463 309.354766846
0.995897412 -0.020585096 0.088116460 26.961698532 0.019401401 0.999709964 0.014268806 -29.704519272 -0.088384621 -0.012500686 0.996007979 311.614471436
0.995859146 -0.020344326 0.088604003 27.247768402 0.019205565 0.999721885 0.013685923 -29.905897141 -0.088857807 -0.011927563 0.995972931 313.858001709
0.995871067 -0.019929260 0.088564038 27.542943954 0.018729802 0.999721467 0.014353946 -30.108415604 -0.088825442 -0.012635890 0.995967031 316.106842041
0.995824933 -0.018026242 0.089485079 27.828208923 0.016884780 0.999766290 0.013496642 -30.310379028 -0.089707464 -0.011929357 0.995896637 318.350524902
0.995815396 -0.016453510 0.089895606 28.112577438 0.015242290 0.999783814 0.014143590 -30.511606216 -0.090108894 -0.012714187 0.995850682 320.600708008
0.995742321 -0.015018812 0.090948574 28.392541885 0.013801724 0.999806762 0.013996351 -30.716444016 -0.091141231 -0.012681513 0.995757222 322.832031250
0.995687902 -0.014342454 0.091651119 28.675441742 0.013058220 0.999808192 0.014596541 -30.914159775 -0.091842882 -0.013336797 0.995684147 325.071380615
0.995691359 -0.013745164 0.091704644 28.975633621 0.012330635 0.999796331 0.015973637 -31.120323181 -0.091905534 -0.014774038 0.995658040 327.301849365
0.995639205 -0.014201354 0.092200324 29.261819839 0.012791949 0.999792397 0.015859362 -31.322666168 -0.092406400 -0.014610779 0.995614111 329.547027588
0.995650411 -0.016221231 0.091744691 29.567234039 0.014887277 0.999773562 0.015205602 -31.519748688 -0.091970555 -0.013773638 0.995666444 331.779663086
0.995668709 -0.015742423 0.091629937 29.861328125 0.014449415 0.999786615 0.014757563 -31.715787888 -0.091842704 -0.013369641 0.995683908 333.998291016
0.995647550 -0.015764119 0.091855347 30.152389526 0.014349555 0.999768376 0.016040085 -31.912380219 -0.092086934 -0.014652187 0.995643139 336.228759766
0.995711982 -0.016521994 0.091020368 30.463079453 0.015134563 0.999758840 0.015912324 -32.104576111 -0.091261320 -0.014466540 0.995721877 338.465393066
0.995710015 -0.016426645 0.091058806 30.751453400 0.015004329 0.999754846 0.016282365 -32.305740356 -0.091303952 -0.014846233 0.995712399 340.709960938
0.995773017 -0.016611898 0.090333283 31.055780411 0.015214807 0.999754012 0.016132711 -32.505199432 -0.090579063 -0.014690114 0.995780945 342.954864502
0.995787203 -0.016901975 0.090122811 31.347879410 0.015465424 0.999742270 0.016614567 -32.698471069 -0.090380415 -0.015150789 0.995792031 345.199645996
0.995829880 -0.016669743 0.089693703 31.642738342 0.015240485 0.999746025 0.016596287 -32.889251709 -0.089947589 -0.015160104 0.995831132 347.440307617
0.995880127 -0.016807653 0.089108080 31.933784485 0.015399347 0.999745786 0.016468488 -33.082405090 -0.089362241 -0.015028432 0.995885789 349.681152344
0.995898664 -0.016447026 0.088968262 32.221244812 0.014999178 0.999744356 0.016917940 -33.281669617 -0.089223765 -0.015514102 0.995890737 351.924438477
0.995944023 -0.016709236 0.088409752 32.509399414 0.015231120 0.999733150 0.017367251 -33.473590851 -0.088676348 -0.015950236 0.995932698 354.151397705
0.995961964 -0.016195880 0.088303514 32.792724609 0.014761544 0.999748707 0.016872190 -33.668743134 -0.088554583 -0.015500563 0.995950699 356.388854980
0.996015728 -0.016349526 0.087666318 33.084270477 0.014895161 0.999740720 0.017218422 -33.861145020 -0.087925106 -0.015844017 0.996001065 358.622985840
0.996068180 -0.016094420 0.087114826 33.376152039 0.014553178 0.999726653 0.018298401 -34.058155060 -0.087385498 -0.016958656 0.996030331 360.865631104
0.996123493 -0.016367322 0.086430006 33.667339325 0.014849891 0.999724567 0.018170651 -34.251827240 -0.086703606 -0.016816737 0.996092200 363.107849121
0.996171176 -0.016248854 0.085901164 33.957462311 0.014702517 0.999718845 0.018603485 -34.443367004 -0.086179309 -0.017269295 0.996129990 365.347808838
0.996217251 -0.016284326 0.085358463 34.243095398 0.014797746 0.999728084 0.018019669 -34.637161255 -0.085628681 -0.016688390 0.996187329 367.596008301
0.996242166 -0.017012026 0.084924191 34.525440216 0.015542232 0.999718249 0.017938454 -34.832069397 -0.085205451 -0.016551130 0.996225893 369.844360352
0.996241271 -0.016887225 0.084959500 34.802429199 0.015502978 0.999736488 0.016926527 -35.018005371 -0.085222960 -0.015545781 0.996240616 372.106536865
0.996285915 -0.016875185 0.084436350 35.084190369 0.015494961 0.999735832 0.016975062 -35.216293335 -0.084700495 -0.015603682 0.996284246 374.351226807
0.996381283 -0.016802331 0.083317541 35.375446320 0.015389008 0.999727130 0.017576443 -35.407394409 -0.083590120 -0.016230661 0.996368051 376.598022461
0.996276379 -0.016589740 0.084605984 35.637577057 0.015093477 0.999718666 0.018294238 -35.603897095 -0.084885687 -0.016949121 0.996246517 378.854797363
0.996275663 -0.017223932 0.084486455 35.919158936 0.015708774 0.999704242 0.018565862 -35.799205780 -0.084781237 -0.017169543 0.996251643 381.096374512
0.996297240 -0.017244831 0.084228277 36.206184387 0.015741082 0.999705195 0.018484876 -35.983386993 -0.084522210 -0.017090587 0.996274948 383.356262207
0.996309280 -0.016382888 0.084258020 36.490325928 0.014857595 0.999714732 0.018698009 -36.177421570 -0.084540322 -0.017377133 0.996268451 385.608428955
0.996326506 -0.015215459 0.084273502 36.773750305 0.013691640 0.999732673 0.018630389 -36.360939026 -0.084534444 -0.017408108 0.996268451 387.873992920
0.996353865 -0.014165401 0.084132597 37.061679840 0.012636903 0.999745786 0.018672556 -36.560997009 -0.084375717 -0.017541299 0.996279597 390.144592285
0.996335447 -0.012824338 0.084564604 37.335491180 0.011281402 0.999761522 0.018698346 -36.755893707 -0.084784232 -0.017675823 0.996242523 392.420684814
0.996346533 -0.011279657 0.084654495 37.613861084 0.009614833 0.999752760 0.020048097 -36.944736481 -0.084859714 -0.019160915 0.996208608 394.679840088
0.996283770 -0.010475228 0.085491896 37.883846283 0.008752048 0.999751449 0.020506041 -37.135646820 -0.085685432 -0.019681612 0.996127844 396.943267822
0.996220171 -0.009952581 0.086292297 38.163105011 0.008336835 0.999783516 0.019064292 -37.332099915 -0.086463355 -0.018272828 0.996087432 399.208770752
0.996174753 -0.009691237 0.086843558 38.442264557 0.008133453 0.999799967 0.018273706 -37.520694733 -0.087003261 -0.017497465 0.996054292 401.471466064
0.996066988 -0.010641738 0.087962933 38.719841003 0.008969717 0.999771953 0.019381704 -37.708068848 -0.088149130 -0.018516472 0.995935082 403.721343994
0.996064603 -0.012305901 0.087771937 39.007476807 0.010552144 0.999735892 0.020416923 -37.899154663 -0.087999985 -0.019410394 0.995931327 405.989227295
0.996020973 -0.012714683 0.088207841 39.289581299 0.010954157 0.999731600 0.020414306 -38.088798523 -0.088443726 -0.019366829 0.995892823 408.244415283
0.995975852 -0.011631561 0.088863723 39.596454620 0.009931892 0.999759674 0.019544974 -38.271118164 -0.089069702 -0.018583737 0.995851994 410.504150391
0.995915771 -0.010676199 0.089653656 39.888622284 0.008948758 0.999766827 0.019647842 -38.463584900 -0.089842528 -0.018765308 0.995779097 412.765258789
0.995831847 -0.009538002 0.090707362 40.168289185 0.007825685 0.999784768 0.019214334 -38.653068542 -0.090871103 -0.018424401 0.995692134 415.013092041
0.995769083 -0.008413156 0.091505073 40.467277527 0.006680364 0.999792814 0.019226389 -38.841327667 -0.091647871 -0.018533757 0.995618999 417.280761719
0.995728791 -0.008794158 0.091907933 40.771194458 0.007071243 0.999793410 0.019054964 -39.034027100 -0.092056543 -0.018323675 0.995585203 419.538360596
0.995624006 -0.008791625 0.093036212 41.062576294 0.007049353 0.999794006 0.019038912 -39.222480774 -0.093184434 -0.018299755 0.995480597 421.795043945
0.995552838 -0.008596725 0.093811825 41.355251312 0.006868345 0.999800980 0.018731281 -39.414306641 -0.093954168 -0.018003644 0.995413721 424.054473877
0.995491207 -0.009260026 0.094400302 41.659568787 0.007414378 0.999774814 0.019883322 -39.607315063 -0.094563156 -0.019093754 0.995335758 426.333221436
0.995432317 -0.008356336 0.095103607 41.958129883 0.006434648 0.999769211 0.020495048 -39.794364929 -0.095252924 -0.019789474 0.995256305 428.592742920
0.995359540 -0.007614241 0.095924303 42.263847351 0.005606087 0.999759912 0.021186922 -39.981468201 -0.096062608 -0.020550841 0.995163143 430.869750977
0.995374858 -0.008383702 0.095700331 42.572978973 0.006358851 0.999749780 0.021443646 -40.175582886 -0.095856167 -0.020735921 0.995179176 433.139556885
0.995336175 -0.009317070 0.096015319 42.883522034 0.007343539 0.999754846 0.020887258 -40.372051239 -0.096186385 -0.020084750 0.995160818 435.410461426
0.995329916 -0.008493193 0.096157029 43.195774078 0.006513340 0.999760687 0.020884991 -40.545524597 -0.096311383 -0.020161156 0.995147169 437.677307129
0.995286882 -0.008975326 0.096557803 43.505084991 0.006940031 0.999746978 0.021393770 -40.737323761 -0.096725382 -0.020622823 0.995097458 439.960235596
0.995319963 -0.009083561 0.096206255 43.819812775 0.007048410 0.999744534 0.021472819 -40.921600342 -0.096376739 -0.020694222 0.995129824 442.234039307
0.995324194 -0.008373328 0.096226886 44.144500732 0.006253328 0.999731481 0.022311762 -41.118217468 -0.096387886 -0.021605702 0.995109320 444.539062500
0.995275855 -0.008968157 0.096672520 44.454578400 0.006811550 0.999721050 0.022615362 -41.306068420 -0.096848361 -0.021850035 0.995059192 446.820709229
0.995246470 -0.008660887 0.097002462 44.758773804 0.006546354 0.999734402 0.022095848 -41.492507935 -0.097168066 -0.021355798 0.995038807 449.088806152
0.995276749 -0.008000842 0.096749291 45.071830750 0.005912165 0.999743640 0.021855982 -41.680366516 -0.096899360 -0.021180747 0.995068789 451.351989746
0.995212197 -0.007737455 0.097431220 45.374710083 0.005651784 0.999749243 0.021664431 -41.874198914 -0.097574428 -0.021010047 0.995006442 453.614746094
0.995123208 -0.007027971 0.098389119 45.677730560 0.004910698 0.999751449 0.021745041 -42.053367615 -0.098517478 -0.021155838 0.994910419 455.898010254
0.995097935 -0.007239851 0.098629303 45.984420776 0.005137957 0.999754727 0.021548394 -42.248928070 -0.098761126 -0.020936010 0.994890928 458.158477783
0.995121777 -0.006257799 0.098455124 46.308189392 0.004223133 0.999773562 0.020860760 -42.436988831 -0.098563358 -0.020343209 0.994922817 460.446472168
0.995084703 -0.005400776 0.098879971 46.618278503 0.003288075 0.999763072 0.021516828 -42.627880096 -0.098972738 -0.021085944 0.994866669 462.731842041
0.995110750 -0.005082340 0.098634370 46.930782318 0.002859921 0.999739110 0.022660205 -42.812938690 -0.098723814 -0.022267330 0.994865656 465.004852295
0.995166719 -0.005258315 0.098059215 47.238063812 0.003018497 0.999731481 0.022975858 -42.994056702 -0.098153710 -0.022568816 0.994915307 467.272277832
0.995269358 -0.005251745 0.097011968 47.558792114 0.003143335 0.999755800 0.021873554 -43.179382324 -0.097103134 -0.021465141 0.995042801 469.556518555
0.995350540 -0.005113822 0.096182913 47.883411407 0.003054945 0.999763250 0.021540951 -43.372455597 -0.096270278 -0.021146964 0.995130479 471.858459473
0.995419741 -0.005668095 0.095432512 48.192028046 0.003495805 0.999731302 0.022914400 -43.567565918 -0.095536768 -0.022475833 0.995172143 474.142333984
0.995399773 -0.005890865 0.095626645 48.487739563 0.003707976 0.999728799 0.022988876 -43.751907349 -0.095736146 -0.022528540 0.995151758 476.421051025
0.995521426 -0.005387855 0.094381601 48.800811768 0.003312484 0.999749541 0.022132035 -43.918693542 -0.094477206 -0.021720281 0.995289981 478.715087891
0.995546401 -0.005348840 0.094120756 49.106372833 0.003229241 0.999738157 0.022657923 -44.105403900 -0.094217300 -0.022253072 0.995302916 480.999237061
0.995593369 -0.005834611 0.093593813 49.417625427 0.003644937 0.999715984 0.023549411 -44.292694092 -0.093704633 -0.023104494 0.995331883 483.274261475
0.995587170 -0.006297091 0.093629546 49.710636139 0.004173868 0.999730051 0.022855403 -44.476276398 -0.093748197 -0.022363750 0.995344758 485.559783936
0.995656908 -0.006291886 0.092885062 50.009738922 0.004121515 0.999714375 0.023539575 -44.666461945 -0.093006641 -0.023054512 0.995398521 487.850769043
0.995721042 -0.006463407 0.092183761 50.313591003 0.004315091 0.999714851 0.023485014 -44.846046448 -0.092309266 -0.022986744 0.995464981 490.133697510
0.995743036 -0.006071427 0.091972269 50.609573364 0.003888717 0.999706984 0.023892915 -45.026062012 -0.092090368 -0.023433555 0.995474875 492.427124023
0.995791733 -0.005387650 0.091486752 50.914142609 0.003182369 0.999701262 0.024233706 -45.205528259 -0.091589995 -0.023840584 0.995511293 494.714599609
0.995787561 -0.005108547 0.091547832 51.201332092 0.002939507 0.999712110 0.023812165 -45.386260986 -0.091643125 -0.023442753 0.995515943 497.020965576
0.995816648 -0.004755212 0.091250479 51.508949280 0.002627398 0.999722183 0.023424368 -45.577667236 -0.091336511 -0.023086622 0.995552361 499.340698242
0.995836437 -0.004670676 0.091037542 51.801399231 0.002480044 0.999705017 0.024161253 -45.759216309 -0.091123514 -0.023834880 0.995554328 501.634918213
0.995842814 -0.004290715 0.090987384 52.091846466 0.002072540 0.999698699 0.024459412 -45.944786072 -0.091064930 -0.024169154 0.995551646 503.915771484
0.995862722 -0.003463845 0.090803519 52.385444641 0.001315858 0.999718070 0.023704533 -46.127490997 -0.090860039 -0.023486974 0.995586634 506.204925537
0.995838761 -0.003262002 0.091074385 52.669677734 0.001048921 0.999703407 0.024337009 -46.310852051 -0.091126747 -0.024140209 0.995546639 508.492279053
0.995849729 -0.003446546 0.090946704 52.963699341 0.001328421 0.999726713 0.023339998 -46.493377686 -0.091002315 -0.023122320 0.995582223 510.781829834
0.995885611 -0.003974981 0.090531483 53.269836426 0.001804201 0.999709189 0.024047403 -46.682067871 -0.090600744 -0.023785133 0.995603144 513.084777832
0.995903611 -0.003716143 0.090345070 53.567749023 0.001547421 0.999709249 0.024063079 -46.860816956 -0.090408221 -0.023824703 0.995619714 515.388183594
0.995921016 -0.002865341 0.090183556 53.864910126 0.000704623 0.999712169 0.023981836 -47.045959473 -0.090226308 -0.023820473 0.995636404 517.695312500
0.995889485 -0.001971671 0.090554535 54.151557922 -0.000171729 0.999720097 0.023655836 -47.231105804 -0.090575829 -0.023574149 0.995610535 519.991088867
0.995830357 0.000048871 0.091224506 54.449825287 -0.002225667 0.999715149 0.023760399 -47.419998169 -0.091197371 -0.023864355 0.995546997 522.348266602
0.995790005 0.001853538 0.091645069 54.752845764 -0.004074366 0.999702394 0.024051771 -47.606185913 -0.091573209 -0.024323910 0.995501161 524.679565430
0.995746970 0.002311072 0.092101231 55.053768158 -0.004647345 0.999672651 0.025159968 -47.783897400 -0.092012934 -0.025480984 0.995431721 526.997924805
0.995682657 0.002165380 0.092796691 55.353096008 -0.004512362 0.999675035 0.025089297 -47.965251923 -0.092712194 -0.025399711 0.995368898 529.318054199
0.995665193 0.000314004 0.093009569 55.655639648 -0.002773150 0.999649882 0.026311638 -48.142333984 -0.092968762 -0.026455510 0.995317459 531.633483887
0.995618701 -0.001222692 0.093498237 55.967086792 -0.001218136 0.999660075 0.026044093 -48.321678162 -0.093498282 -0.026043881 0.995278776 533.965393066
0.995568752 -0.001378195 0.094026454 56.269622803 -0.001028175 0.999673307 0.025539244 -48.504009247 -0.094030954 -0.025522746 0.995242000 536.283508301
0.995491266 -0.001625990 0.094838530 56.574462891 -0.000785326 0.999677479 0.025382629 -48.685676575 -0.094849207 -0.025342664 0.995169044 538.607849121
0.995402455 -0.001222680 0.095772780 56.875659943 -0.001163941 0.999690294 0.024859786 -48.871803284 -0.095773526 -0.024856966 0.995092750 540.926269531
0.995302498 -0.000531805 0.096812226 57.177707672 -0.001860195 0.999695241 0.024615685 -49.056861877 -0.096795812 -0.024680147 0.994998217 543.244873047
0.995192647 -0.000001388 0.097936481 57.491535187 -0.002291276 0.999725938 0.023297224 -49.235404968 -0.097909681 -0.023409627 0.994919956 545.564880371
0.995039463 -0.000198029 0.099480927 57.765548706 -0.002228185 0.999702752 0.024277026 -49.425266266 -0.099456176 -0.024378259 0.994743288 547.881164551
0.994962752 -0.000338113 0.100244291 58.077636719 -0.002210418 0.999677181 0.025311042 -49.614097595 -0.100220479 -0.025405128 0.994640827 550.200744629
0.994917214 -0.000275352 0.100696079 58.392520905 -0.002274164 0.999679744 0.025203254 -49.794063568 -0.100670762 -0.025304148 0.994597912 552.503967285
0.994954884 -0.001452171 0.100313082 58.722122192 -0.000978431 0.999707222 0.024176711 -49.973865509 -0.100318819 -0.024152886 0.994662166 554.820800781
0.994982302 -0.001766968 0.100035369 59.051963806 -0.000707401 0.999694824 0.024694063 -50.159393311 -0.100048482 -0.024640920 0.994677365 557.140502930
0.994922519 -0.001679327 0.100629732 59.367946625 -0.000844966 0.999686182 0.025037101 -50.340599060 -0.100640208 -0.024994999 0.994608819 559.449096680
0.994901538 -0.001203522 0.100843102 59.694221497 -0.001422075 0.999662101 0.025960531 -50.522266388 -0.100840248 -0.025971582 0.994563520 561.784057617
0.994900703 -0.001840901 0.100842692 60.023769379 -0.000863684 0.999641240 0.026769614 -50.706264496 -0.100855783 -0.026720203 0.994542181 564.115905762
0.994884014 -0.001466466 0.101012476 60.352630615 -0.001288672 0.999629021 0.027204571 -50.882072449 -0.101014912 -0.027195565 0.994513154 566.435058594
0.994851768 -0.000573039 0.101338960 60.681655884 -0.002132772 0.999644101 0.026590232 -51.065521240 -0.101318136 -0.026669471 0.994496524 568.757141113
0.994883299 0.000435196 0.101029851 61.025451660 -0.002994359 0.999678433 0.025180494 -51.240882874 -0.100986414 -0.025354173 0.994564712 571.093200684
0.994843304 0.001094439 0.101418100 61.357372284 -0.003712503 0.999664605 0.025629412 -51.425392151 -0.101356052 -0.025873763 0.994513810 573.411682129
0.994873762 0.000785419 0.101121821 61.695972443 -0.003484147 0.999642372 0.026514038 -51.611923218 -0.101064816 -0.026730444 0.994520783 575.785461426
0.994864523 0.000688361 0.101213127 62.030200958 -0.003550098 0.999598920 0.028096965 -51.799942017 -0.101153187 -0.028311994 0.994467914 578.098937988
0.994776070 0.001108043 0.102075204 62.345649719 -0.003790578 0.999652445 0.026089769 -51.975296021 -0.102010809 -0.026340401 0.994434476 580.476989746
0.994854033 0.000490761 0.101317599 62.684738159 -0.003159087 0.999652326 0.026177490 -52.154701233 -0.101269521 -0.026362851 0.994509637 582.815856934
0.994805694 -0.000018526 0.101792008 63.009338379 -0.002801598 0.999616206 0.027561748 -52.342147827 -0.101753443 -0.027703766 0.994423747 585.122741699
0.994894266 0.000028256 0.100922503 63.345386505 -0.002798639 0.999623179 0.027309123 -52.515907288 -0.100883685 -0.027452135 0.994519413 587.437500000
0.994823813 -0.002200279 0.101592481 63.678604126 -0.000483730 0.999651670 0.026387185 -52.703529358 -0.101615153 -0.026299739 0.994476080 589.807739258
0.994842887 -0.002457109 0.101397924 64.018310547 -0.000201218 0.999656677 0.026198227 -52.878681183 -0.101427481 -0.026083523 0.994500875 592.162658691
0.994853377 -0.004046290 0.101244338 64.344940186 0.001345557 0.999641716 0.026729487 -53.061050415 -0.101316229 -0.026455687 0.994502425 594.498962402
0.994876683 -0.004691754 0.100986779 64.684036255 0.001992836 0.999638498 0.026809771 -53.242160797 -0.101076074 -0.026471164 0.994526446 596.861083984
