1.000000000 0.000000000 0.000000000 0.000000000 0.000000000 1.000000000 0.000000000 0.000000000 0.000000000 0.000000000 1.000000000 0.000000000
0.999999940 -0.000072369 0.000315331 0.088531278 0.000072430 1.000000000 -0.000191602 -0.226685047 -0.000315317 0.000191624 0.999999940 2.285711527
0.999999404 0.000173104 0.001063692 0.167740121 -0.000173406 0.999999940 0.000283579 -0.464203030 -0.001063643 -0.000283763 0.999999344 4.579853058
0.999998689 -0.000269821 0.001575970 0.265851974 0.000269176 0.999999881 0.000409442 -0.696254730 -0.001576081 -0.000409017 0.999998689 6.866278648
0.999997139 -0.000409574 0.002362942 0.361268997 0.000412767 0.999998927 -0.001350746 -0.927810013 -0.002362386 0.001351718 0.999996305 9.159090996
0.999989092 0.001381744 0.004466592 0.451992899 -0.001381731 0.999998987 -0.000005972 -1.163864374 -0.004466596 -0.000000200 0.999990046 11.465171814
0.999972939 0.003225809 0.006613115 0.554655612 -0.003233758 0.999993980 0.001191503 -1.395020485 -0.006609231 -0.001212856 0.999977410 13.744122505
0.999954998 0.003105945 0.008960152 0.660501361 -0.003139646 0.999988079 0.003749612 -1.623786926 -0.008948398 -0.003777576 0.999952793 16.015066147
0.999946177 0.003537476 0.009744292 0.765637279 -0.003588084 0.999980152 0.005181065 -1.855058193 -0.009725770 -0.005215750 0.999939084 18.315076828
0.999923706 0.002716193 0.012045996 0.865276992 -0.002779097 0.999982595 0.005208378 -2.077680111 -0.012031639 -0.005241460 0.999913812 20.611679077
0.999928355 0.000173622 0.011961534 0.991254210 -0.000204445 0.999996662 0.002575598 -2.300156116 -0.011961046 -0.002577860 0.999925137 22.909261703
0.999910355 -0.001868257 0.013260164 1.092109084 0.001861259 0.999998093 0.000540043 -2.520018578 -0.013261150 -0.000515314 0.999911845 25.189727783
0.999920607 -0.002455703 0.012357065 1.239954114 0.002464002 0.999996722 -0.000656461 -2.759987593 -0.012355411 0.000686857 0.999923408 27.471260071
0.999903023 -0.002171261 0.013755010 1.339311600 0.002194771 0.999996185 -0.001694338 -2.986976385 -0.013751278 0.001724363 0.999903917 29.757179260
0.999901831 0.000040930 0.014009911 1.469556451 -0.000055261 0.999999464 0.001022513 -3.218913317 -0.014009861 -0.001023187 0.999901354 32.026401520
0.999899209 0.001996682 0.014058353 1.598758936 -0.002040727 0.999993026 0.003119343 -3.440284014 -0.014052028 -0.003147718 0.999896288 34.307136536
0.999860704 0.004020237 0.016197799 1.704168797 -0.004143617 0.999962628 0.007590695 -3.677444220 -0.016166676 -0.007656754 0.999839962 36.617942810
0.999835968 0.005906529 0.017121818 1.819138050 -0.006024635 0.999958456 0.006854662 -3.894635677 -0.017080618 -0.006956691 0.999829948 38.890430450
0.999809682 0.004996165 0.018859256 1.928942919 -0.005101211 0.999971747 0.005526006 -4.102982521 -0.018831110 -0.005621160 0.999806881 41.200271606
0.999815464 0.002579978 0.019038714 2.054501295 -0.002659297 0.999987841 0.004142100 -4.326725483 -0.019027798 -0.004191964 0.999810278 43.477539062
0.999823332 0.002288522 0.018655872 2.192252159 -0.002359267 0.999990046 0.003770940 -4.560348511 -0.018647056 -0.003814288 0.999818861 45.728778839
0.999819636 0.001332402 0.018950643 2.312730312 -0.001384854 0.999995232 0.002754960 -4.790153503 -0.018946886 -0.002780706 0.999816716 48.005474091
0.999819934 0.000209653 0.018982081 2.450613022 -0.000269538 0.999994934 0.003152316 -5.018414497 -0.018981323 -0.003156864 0.999814868 50.286228180
0.999804676 -0.000546884 0.019754197 2.581401348 0.000475038 0.999993265 0.003641512 -5.242910385 -0.019756051 -0.003631416 0.999798357 52.549304962
0.999797106 -0.001697097 0.020071307 2.716017723 0.001624058 0.999992073 0.003654698 -5.472773075 -0.020077350 -0.003621360 0.999791920 54.832412720
0.999774039 -0.001779275 0.021183264 2.845967770 0.001691163 0.999989867 0.004176667 -5.705634594 -0.021190481 -0.004139899 0.999766886 57.119037628
0.999765277 -0.003236029 0.021421237 2.988502741 0.003136171 0.999984086 0.004693532 -5.929142952 -0.021436084 -0.004625250 0.999759495 59.386959076
0.999721646 -0.004343258 0.023190906 3.110326290 0.004248005 0.999982357 0.004155024 -6.153494358 -0.023208544 -0.004055352 0.999722362 61.658103943
0.999700367 -0.005332992 0.023886589 3.257619381 0.005235552 0.999977648 0.004139955 -6.378800392 -0.023908133 -0.004013654 0.999706030 63.912265778
0.999663115 -0.004799481 0.025506958 3.393317699 0.004674362 0.999976754 0.004962674 -6.602852821 -0.025530182 -0.004841774 0.999662280 66.179206848
0.999635816 -0.003921908 0.026700119 3.537846565 0.003781514 0.999978781 0.005306666 -6.828248024 -0.026720362 -0.005203766 0.999629319 68.432205200
0.999592602 -0.004144824 0.028237483 3.674018383 0.003998740 0.999978364 0.005227879 -7.053649902 -0.028258538 -0.005112834 0.999587595 70.680046082
0.999578238 -0.005019561 0.028600330 3.838176250 0.004913519 0.999980927 0.003776767 -7.273836136 -0.028618738 -0.003634647 0.999583721 72.926605225
0.999560952 -0.005844648 0.029042976 3.990794420 0.005729589 0.999975383 0.004043344 -7.497520924 -0.029065892 -0.003875166 0.999569952 75.193397522
0.999511003 -0.007079474 0.030458955 4.154277325 0.006969165 0.999968708 0.003726195 -7.730464458 -0.030484386 -0.003512099 0.999529064 77.461166382
0.999512255 -0.008062540 0.030168412 4.312906742 0.007965170 0.999962628 0.003346323 -7.955044746 -0.030194266 -0.003104395 0.999539196 79.700485229
0.999482334 -0.008561679 0.031011773 4.461560249 0.008472544 0.999959588 0.003004485 -8.172598839 -0.031036237 -0.002740182 0.999514461 81.951805115
0.999475300 -0.007807950 0.031435676 4.641453743 0.007730418 0.999966800 0.002587132 -8.391362190 -0.031454831 -0.002342763 0.999502420 84.236465454
0.999434590 -0.007485361 0.032778405 4.801616192 0.007395827 0.999968648 0.002851895 -8.608240128 -0.032798722 -0.002607859 0.999458551 86.489532471
0.999419332 -0.007142627 0.033316638 4.964374542 0.006997991 0.999965549 0.004455794 -8.843956947 -0.033347320 -0.004220056 0.999434888 88.765609741
0.999394000 -0.006340662 0.034230139 5.123734474 0.006171441 0.999968231 0.005047059 -9.069799423 -0.034261055 -0.004832751 0.999401212 91.019630432
0.999366760 -0.006284310 0.035022538 5.291746140 0.006117399 0.999969423 0.004870920 -9.289942741 -0.035052072 -0.004653589 0.999374628 93.272888184
0.999350607 -0.006292528 0.035479937 5.461205482 0.006142023 0.999971807 0.004349326 -9.508373260 -0.035506301 -0.004128585 0.999360919 95.526824951
0.999314666 -0.006894655 0.036368348 5.627429485 0.006727701 0.999966264 0.004711015 -9.731032372 -0.036399592 -0.004463112 0.999327362 97.783409119
0.999272466 -0.006524462 0.037575100 5.787226677 0.006371692 0.999970973 0.004184050 -9.961917877 -0.037601311 -0.003941590 0.999285042 100.022010803
0.999199867 -0.006495962 0.039463010 5.940571308 0.006297747 0.999966979 0.005145058 -10.177413940 -0.039495122 -0.004892414 0.999207735 102.241050720
0.999212623 -0.007144874 0.039030321 6.145055294 0.006947992 0.999962449 0.005177671 -10.401293755 -0.039065860 -0.004902411 0.999224603 104.511871338
0.999170542 -0.007813865 0.039964888 6.319213867 0.007586535 0.999954164 0.005836747 -10.617112160 -0.040008664 -0.005528710 0.999184132 106.747673035
0.999141514 -0.009139405 0.040406488 6.504047394 0.008900223 0.999941826 0.006095306 -10.834914207 -0.040459853 -0.005730446 0.999164760 109.001647949
0.999107301 -0.009948727 0.041055821 6.688035488 0.009663633 0.999927938 0.007136655 -11.060845375 -0.041123856 -0.006733537 0.999131382 111.252349854
0.999089539 -0.010809427 0.041270450 6.881546974 0.010587711 0.999928355 0.005587143 -11.278037071 -0.041327890 -0.005145097 0.999132335 113.518165588
0.999045253 -0.011057223 0.042264517 7.062541008 0.010870246 0.999930084 0.004651229 -11.497160912 -0.042312998 -0.004187363 0.999095559 115.761985779
0.999018133 -0.011666228 0.042740241 7.246163368 0.011457957 0.999921203 0.005114718 -11.723777771 -0.042796541 -0.004619980 0.999073088 118.000144958
0.998964250 -0.011998530 0.043889590 7.433596611 0.011743381 0.999912560 0.006066647 -11.951250076 -0.043958537 -0.005544952 0.999017954 120.256217957
0.998945236 -0.012883612 0.044071008 7.637517929 0.012600794 0.999898195 0.006689133 -12.174531937 -0.044152703 -0.006126749 0.999006033 122.464195251
0.998870075 -0.013562277 0.045548093 7.823143005 0.013290140 0.999891996 0.006272248 -12.398470879 -0.045628235 -0.005659821 0.998942375 124.753791809
0.998836875 -0.014256337 0.046062045 8.011319160 0.014021722 0.999887049 0.005412538 -12.620080948 -0.046134003 -0.004760372 0.998923898 127.017776489
0.998825669 -0.015821239 0.045792848 8.203440666 0.015575429 0.999862254 0.005719779 -12.836897850 -0.045877032 -0.004999820 0.998934507 129.277725220
0.998853087 -0.016858947 0.044813864 8.392968178 0.016602812 0.999843597 0.006081652 -13.051930428 -0.044909392 -0.005330640 0.998976767 131.517593384
0.998914123 -0.017189594 0.043302510 8.590387344 0.016894603 0.999831557 0.007169173 -13.268433571 -0.043418452 -0.006429809 0.999036193 133.750045776
0.998963177 -0.018304728 0.041682884 8.770202637 0.018044369 0.999815285 0.006613902 -13.482423782 -0.041796252 -0.005854903 0.999108970 135.983291626
0.999042213 -0.019183351 0.039324954 8.979921341 0.018968264 0.999802947 0.005835315 -13.693347931 -0.039429151 -0.005083801 0.999209404 138.202941895
0.999028921 -0.019525785 0.039496556 9.144186974 0.019288177 0.999793530 0.006388169 -13.921279907 -0.039613128 -0.005620150 0.999199271 140.489379883
0.999017537 -0.019884860 0.039604578 9.314145088 0.019643027 0.999786079 0.006485994 -14.129752159 -0.039725073 -0.005701668 0.999194324 142.723037720
0.999056041 -0.019756107 0.038687658 9.507780075 0.019457875 0.999778092 0.008070089 -14.363148689 -0.038838513 -0.007309692 0.999218762 144.972000122
0.999068499 -0.018907620 0.038789533 9.681919098 0.018655609 0.999802530 0.006848508 -14.575947762 -0.038911354 -0.006118487 0.999223948 147.217422485
0.999090731 -0.017771086 0.038753923 9.862669945 0.017578086 0.999831319 0.005315317 -14.793177605 -0.038841847 -0.004629264 0.999234676 149.466674805
0.999100745 -0.016211048 0.039177455 10.039459229 0.016046643 0.999861062 0.004507290 -15.014296532 -0.039245088 -0.003874570 0.999222100 151.707550049
0.999111235 -0.015496359 0.039199591 10.225439072 0.015337812 0.999872923 0.004342143 -15.228450775 -0.039261889 -0.003737048 0.999221921 153.943893433
0.999096990 -0.014812742 0.039822124 10.401844025 0.014634365 0.999881506 0.004767039 -15.447731972 -0.039888017 -0.004179963 0.999195337 156.200958252
0.999104440 -0.014063849 0.039907537 10.596120834 0.013837828 0.999886572 0.005934264 -15.669613838 -0.039986484 -0.005376715 0.999185681 158.416244507
0.999066472 -0.013508138 0.041030068 10.781005859 0.013254845 0.999891341 0.006439171 -15.883958817 -0.041112594 -0.005889314 0.999137104 160.689590454
0.999038696 -0.012628522 0.041977216 10.962458611 0.012285024 0.999888957 0.008430885 -16.104362488 -0.042079028 -0.007907090 0.999083042 162.925659180
0.999013007 -0.012056698 0.042751335 11.144951820 0.011748104 0.999903142 0.007462243 -16.309745789 -0.042837165 -0.006952631 0.999057889 165.175689697
0.998959899 -0.011515199 0.044118453 11.333569527 0.011244106 0.999916315 0.006387962 -16.525966644 -0.044188321 -0.005885246 0.999005854 167.417587280
0.998882592 -0.009678328 0.046260931 11.516378403 0.009373825 0.999933004 0.006794728 -16.744630814 -0.046323601 -0.006353494 0.998906255 169.646865845
0.998787880 -0.009270425 0.048339147 11.728441238 0.008932859 0.999934196 0.007194598 -16.966030121 -0.048402660 -0.006754071 0.998805046 171.872024536
0.998674989 -0.009728640 0.050533291 11.929899216 0.009406605 0.999933958 0.006606708 -17.176700592 -0.050594226 -0.006122608 0.998700500 174.127029419
0.998597622 -0.009530220 0.052076757 12.135022163 0.009175372 0.999933064 0.007048771 -17.395694733 -0.052140452 -0.006561062 0.998618186 176.382003784
0.998539090 -0.010366632 0.053029984 12.336631775 0.009958963 0.999918759 0.007945989 -17.613521576 -0.053108051 -0.007406257 0.998561323 178.612075806
0.998482347 -0.011366460 0.053887159 12.530467987 0.010929500 0.999904990 0.008396568 -17.831504822 -0.053977478 -0.007794865 0.998511732 180.846313477
0.998517334 -0.011263971 0.053255312 12.739131927 0.010857978 0.999909818 0.007906717 -18.048044205 -0.053339574 -0.007316749 0.998549640 183.111816406
0.998525202 -0.012503622 0.052832864 12.951574326 0.012098094 0.999894917 0.007988572 -18.267650604 -0.052927200 -0.007337612 0.998571336 185.359756470
0.998535097 -0.014264566 0.052193284 13.165694237 0.013810989 0.999863684 0.009040760 -18.482988358 -0.052315127 -0.008306675 0.998596013 187.596801758
0.998525023 -0.015024889 0.052171718 13.365424156 0.014600805 0.999857247 0.008500228 -18.699142456 -0.052291997 -0.007725942 0.998601913 189.830581665
0.998497367 -0.016282069 0.052325211 13.574932098 0.015879521 0.999841034 0.008099767 -18.914089203 -0.052448779 -0.007256696 0.998597264 192.070205688
0.998484910 -0.016862359 0.052377652 13.768716812 0.016441463 0.999828994 0.008456346 -19.142675400 -0.052511297 -0.007582370 0.998591542 194.308624268
0.998508692 -0.016533721 0.052029274 13.983457565 0.016101273 0.999832273 0.008719885 -19.354179382 -0.052164730 -0.007869142 0.998607516 196.539169312
0.998535216 -0.015219086 0.051920172 14.200356483 0.014770038 0.999850214 0.009021561 -19.569150925 -0.052049693 -0.008241485 0.998610497 198.781417847
0.998538435 -0.011836847 0.052734125 14.393531799 0.011382651 0.999895573 0.008905036 -19.795864105 -0.052834030 -0.008291768 0.998568833 201.028137207
0.998505712 -0.011066773 0.053515282 14.602869034 0.010647710 0.999910355 0.008109511 -20.008197784 -0.053600244 -0.007527577 0.998534083 203.286209106
0.998473942 -0.011633129 0.053985156 14.809084892 0.011165325 0.999897540 0.008958971 -20.220575333 -0.054083854 -0.008342539 0.998501539 205.519897461
0.998428345 -0.013064230 0.054496266 15.014440536 0.012557159 0.999874771 0.009636745 -20.435358047 -0.054615341 -0.008937282 0.998467445 207.736633301
0.998406827 -0.013193912 0.054860629 15.236906052 0.012683020 0.999872923 0.009650330 -20.651393890 -0.054980986 -0.008939156 0.998447359 210.010635376
0.998308301 -0.012507646 0.056780443 15.444506645 0.011919077 0.999871731 0.010692574 -20.861042023 -0.056906898 -0.009997715 0.998329401 212.252517700
0.998200715 -0.011205576 0.058904178 15.665567398 0.010609682 0.999889374 0.010419371 -21.069593430 -0.059014421 -0.009775667 0.998209178 214.515380859
0.998046339 -0.009364061 0.061772421 15.885122299 0.008715872 0.999904215 0.010754325 -21.276422501 -0.061867204 -0.010194915 0.998032272 216.749801636
0.997934282 -0.009922395 0.063471809 16.107469559 0.009240163 0.999896407 0.011033152 -21.483776093 -0.063574709 -0.010423873 0.997922659 218.965301514
0.997805595 -0.011238479 0.065250479 16.340396881 0.010507023 0.999878109 0.011542336 -21.688716888 -0.065372251 -0.010831420 0.997802138 221.188690186
0.997713864 -0.012494390 0.066413715 16.575433731 0.011697304 0.999854922 0.012377238 -21.892072678 -0.066558719 -0.011572079 0.997715414 223.416702271
0.997654676 -0.014692293 0.066854149 16.826087952 0.013930773 0.999832809 0.011842743 -22.105499268 -0.067016974 -0.010883636 0.997692466 225.643676758
0.997613430 -0.015741305 0.067227527 17.063497543 0.015004138 0.999821782 0.011456123 -22.306270599 -0.067395888 -0.010420091 0.997671902 227.887725830
0.997567952 -0.016087823 0.067819037 17.301906586 0.015328775 0.999814093 0.011697815 -22.509103775 -0.067994632 -0.010629782 0.997629046 230.119552612
0.997526407 -0.017268842 0.068137638 17.552701950 0.016585585 0.999806583 0.010580592 -22.713808060 -0.068307169 -0.009424317 0.997619748 232.370605469
0.997482419 -0.018242069 0.068525858 17.799860001 0.017504821 0.999782503 0.011343841 -22.913139343 -0.068717882 -0.010115751 0.997584760 234.610671997
0.997467995 -0.017623797 0.068900481 18.068830490 0.016841793 0.999787152 0.011914235 -23.125574112 -0.069095783 -0.010723661 0.997552395 236.869674683
0.997434676 -0.017509282 0.069408283 18.309885025 0.016734561 0.999791205 0.011727634 -23.323448181 -0.069599114 -0.010536032 0.997519374 239.091018677
0.997404277 -0.017511515 0.069843218 18.556928635 0.016708648 0.999787629 0.012063025 -23.529443741 -0.070039637 -0.010864724 0.997485161 241.315826416
0.997362494 -0.017864693 0.070348158 18.804851532 0.017052429 0.999781132 0.012130044 -23.729902267 -0.070549473 -0.010898445 0.997448683 243.559066772
0.997343838 -0.018006630 0.070575505 19.054994583 0.017230988 0.999784410 0.011583674 -23.940391541 -0.070768863 -0.010336823 0.997439146 245.780532837
0.997342765 -0.017664962 0.070676580 19.307867050 0.016946334 0.999798477 0.010754594 -24.146780014 -0.070852317 -0.009528307 0.997441292 248.012680054
0.997313142 -0.017967930 0.071020439 19.561416626 0.017214056 0.999788940 0.011212786 -24.353404999 -0.071206927 -0.009960108 0.997411847 250.246307373
0.997281790 -0.019243786 0.071124278 19.816534042 0.018502217 0.999767482 0.011070564 -24.559665680 -0.071320772 -0.009724515 0.997405946 252.477584839
0.997285128 -0.019267179 0.071071602 20.082008362 0.018476270 0.999759972 0.011769097 -24.767309189 -0.071281306 -0.010424007 0.997401774 254.738540649
0.997255385 -0.020026682 0.071278095 20.321729660 0.019215528 0.999742866 0.012047707 -24.973770142 -0.071501046 -0.010644995 0.997383714 256.955657959
0.997228265 -0.020375188 0.071558177 20.584054947 0.019513696 0.999728680 0.012717621 -25.190372467 -0.071797870 -0.011286006 0.997355461 259.221221924
0.997189045 -0.020011378 0.072204523 20.838777542 0.019180590 0.999741852 0.012181162 -25.392604828 -0.072429650 -0.010761998 0.997315466 261.464324951
0.997163892 -0.019934881 0.072572358 21.099201202 0.019139213 0.999749064 0.011642804 -25.594728470 -0.072786242 -0.010220804 0.997295201 263.722259521
0.997126758 -0.019211296 0.073274150 21.355289459 0.018431246 0.999766171 0.011307163 -25.806035995 -0.073474236 -0.009924143 0.997247696 265.962249756
0.997059166 -0.018466439 0.074376635 21.613399506 0.017673632 0.999779880 0.011303550 -26.007278442 -0.074569002 -0.009955803 0.997166157 268.210357666
0.996934712 -0.018014388 0.076137297 21.864542007 0.017220272 0.999790370 0.011073837 -26.227735519 -0.076320834 -0.009728787 0.997035861 270.463928223
0.996813059 -0.018722499 0.077544495 22.131475449 0.017884672 0.999773979 0.011484941 -26.436296463 -0.077742010 -0.010061481 0.996922672 272.710388184
0.996657550 -0.019048858 0.079440564 22.389232635 0.018171143 0.999765754 0.011757011 -26.635766983 -0.079645909 -0.010274186 0.996770263 274.962768555
0.996537209 -0.019048406 0.080936886 22.662580490 0.018087782 0.999757230 0.012585498 -26.827899933 -0.081156969 -0.011077949 0.996639729 277.202911377
0.996470571 -0.018341526 0.081913643 22.944593430 0.017202785 0.999745607 0.014586003 -27.051258087 -0.082160339 -0.013125381 0.996532679 279.453857422
0.996382296 -0.018151704 0.083022818 23.228302002 0.016891465 0.999731600 0.015856804 -27.257797241 -0.083288349 -0.014397062 0.996421456 281.691650391
0.996291757 -0.017062088 0.084330358 23.501266479 0.015797541 0.999752879 0.015639834 -27.447767258 -0.084576361 -0.014249625 0.996315062 283.947204590
0.996191025 -0.016179116 0.085683726 23.773769379 0.014928855 0.999772847 0.015212325 -27.642147064 -0.085910387 -0.013875224 0.996206284 286.178192139
0.996200860 -0.015747884 0.085649408 24.063899994 0.014613698 0.999797225 0.013853175 -27.828823090 -0.085850202 -0.012548892 0.996229053 288.407928467
0.996148288 -0.016564541 0.086106643 24.339532852 0.015400028 0.999781013 0.014170859 -28.033370972 -0.086322524 -0.012790230 0.996185184 290.633605957
0.996054471 -0.016484821 0.087198623 24.601913452 0.015401163 0.999795735 0.013085715 -28.228376389 -0.087396525 -0.011691123 0.996105134 292.891906738
0.996089160 -0.017113380 0.086680211 24.890645981 0.016138243 0.999798477 0.011938149 -28.424175262 -0.086867042 -0.010492596 0.996164680 295.116363525
0.996086955 -0.017213805 0.086685777 25.174264908 0.016249470 0.999798119 0.011817906 -28.626512527 -0.086871698 -0.010363066 0.996165633 297.346771240
0.996090710 -0.016511859 0.086779855 25.457551956 0.015532971 0.999808013 0.011943334 -28.825721741 -0.086960413 -0.010548692 0.996155977 299.584320068
0.996021450 -0.016135922 0.087640911 25.717988968 0.015040748 0.999800622 0.013142200 -29.038915634 -0.087835491 -0.011771728 0.996065438 301.818969727
0.996022403 -0.016480731 0.087565042 26.008438110 0.015383687 0.999794662 0.013188488 -29.237482071 -0.087764397 -0.011788957 0.996071517 304.067932129
0.995979607 -0.016077057 0.088125452 26.293010712 0.014955699 0.999798775 0.013370116 -29.437026978 -0.088322677 -0.011998387 0.996019602 306.308319092
0.995970488 -0.016562507 0.088140152 26.574901581 0.015429044 0.999789476 0.013525576 -29.648345947 -0.088345617 -0.012111156 0.996016204 308.552551270
0.995922983 -0.017497566 0.088494502 26.862447739 0.016335372 0.999770761 0.013840167 -29.846031189 -0.088716395 -0.012338147 0.995980501 310.803314209
0.995878637 -0.017026817 0.089082889 27.149761200 0.015910152 0.999785900 0.013230223 -30.050422668 -0.089289077 -0.011758375 0.995936334 313.045806885
0.995889902 -0.016667830 0.089025170 27.443048477 0.015478434 0.999781728 0.014033983 -30.256496429 -0.089239649 -0.012598334 0.995930493 315.286590576
0.995836675 -0.014940782 0.089921802 27.730073929 0.013813606 0.999818325 0.013144412 -30.457519531 -0.090101846 -0.011847545 0.995862067 317.526885986
0.995796502 -0.013262697 0.090628102 28.009723663 0.012057790 0.999831617 0.013829732 -30.659854889 -0.090796269 -0.012678824 0.995788693 319.758941650
0.995751083 -0.011937552 0.091308415 28.294570923 0.010767707 0.999853611 0.013293964 -30.858682632 -0.091453753 -0.012254296 0.995733917 321.985687256
0.995716333 -0.010964533 0.091808088 28.579275131 0.009738394 0.999857366 0.013792802 -31.055683136 -0.091946244 -0.012839654 0.995681167 324.224304199
0.995707154 -0.010794703 0.091929495 28.878763199 0.009430755 0.999839127 0.015258390 -31.266876221 -0.092079408 -0.014325921 0.995648623 326.455841064
0.995663702 -0.011644281 0.092294402 29.162679672 0.010316590 0.999836445 0.014849493 -31.464992523 -0.092452213 -0.013832934 0.995621026 328.696197510
0.995682180 -0.013004651 0.091911986 29.466424942 0.011747300 0.999829948 0.014207792 -31.663496017 -0.092081130 -0.013066730 0.995665789 330.927734375
0.995661080 -0.012316406 0.092235215 29.754358292 0.011063017 0.999839544 0.014088035 -31.865268707 -0.092393912 -0.013006505 0.995637596 333.149139404
0.995620191 -0.012280334 0.092680298 30.043832779 0.010911483 0.999823987 0.015261927 -32.064102173 -0.092851408 -0.014183803 0.995578945 335.383850098
0.995661736 -0.012525395 0.092200078 30.350086212 0.011161407 0.999820828 0.015294574 -32.261119843 -0.092375137 -0.014199143 0.995623052 337.616180420
0.995625973 -0.012006906 0.092654206 30.634067535 0.010593237 0.999820113 0.015734235 -32.464920044 -0.092826456 -0.014683905 0.995573997 339.852172852
0.995654643 -0.012048954 0.092339724 30.935178757 0.010674615 0.999824941 0.015362980 -32.663536072 -0.092508681 -0.014310529 0.995608985 342.096496582
0.995653927 -0.012089696 0.092341959 31.227142334 0.010685155 0.999819815 0.015689494 -32.858127594 -0.092515007 -0.014634619 0.995603740 344.341827393
0.995671988 -0.011676367 0.092200883 31.516578674 0.010257765 0.999821842 0.015844924 -33.055828094 -0.092369474 -0.014830573 0.995614290 346.576263428
0.995699644 -0.011371216 0.091938928 31.807983398 0.009976286 0.999828279 0.015617701 -33.248046875 -0.092100725 -0.014633331 0.995642185 348.816558838
0.995667100 -0.010854655 0.092353344 32.094917297 0.009416204 0.999827802 0.015997032 -33.446037292 -0.092511073 -0.015058105 0.995597720 351.053039551
0.995714188 -0.011111843 0.091813669 32.389621735 0.009639600 0.999817967 0.016463071 -33.642333984 -0.091979906 -0.015507468 0.995640218 353.278472900
0.995716631 -0.011011157 0.091798581 32.677440643 0.009587004 0.999826849 0.015940465 -33.838874817 -0.091958232 -0.014992112 0.995649993 355.517028809
0.995750189 -0.011246962 0.091405883 32.972499847 0.009781842 0.999816656 0.016460959 -34.034423828 -0.091574267 -0.015496886 0.995677650 357.752197266
0.995820403 -0.010626659 0.090712875 33.272853851 0.009088349 0.999808073 0.017354276 -34.232292175 -0.090879902 -0.016457316 0.995725870 359.992218018
0.995873511 -0.010590531 0.090132251 33.570953369 0.009043768 0.999805033 0.017552171 -34.430160522 -0.090300582 -0.016664606 0.995775104 362.235534668
0.995912194 -0.010438893 0.089722611 33.866020203 0.008861201 0.999799371 0.017964503 -34.622459412 -0.089892142 -0.017096017 0.995804727 364.471588135
0.995967388 -0.010266170 0.089126885 34.162754059 0.008757047 0.999811888 0.017306849 -34.817356110 -0.089287780 -0.016456567 0.995869875 366.731262207
0.995994091 -0.010872025 0.088754892 34.448699951 0.009380249 0.999807954 0.017207654 -35.013366699 -0.088924937 -0.016306181 0.995904863 368.971862793
0.995960593 -0.010662719 0.089155719 34.727630615 0.009246165 0.999824703 0.016286472 -35.202239990 -0.089313738 -0.015396336 0.995884538 371.236694336
0.996048450 -0.010831553 0.088148579 35.023353577 0.009412897 0.999819636 0.016493728 -35.401374817 -0.088311329 -0.015598820 0.995970786 373.455108643
0.996086240 -0.010574048 0.087751195 35.314434052 0.009083115 0.999807775 0.017372409 -35.593254089 -0.087918036 -0.016507363 0.995990932 375.709014893
0.996046722 -0.010869204 0.088162474 35.590980530 0.009367617 0.999804258 0.017427947 -35.783309937 -0.088334650 -0.016533179 0.995953619 377.964141846
0.996039748 -0.011404458 0.088174172 35.877151489 0.009882276 0.999794841 0.017680649 -35.979270935 -0.088357732 -0.016739272 0.995948136 380.202850342
0.996068597 -0.011569626 0.087826185 36.173397064 0.010051104 0.999792576 0.017712649 -36.166908264 -0.088012882 -0.016760264 0.995978296 382.453002930
0.996067762 -0.010614412 0.087955944 36.463726044 0.009062438 0.999796450 0.018025469 -36.363647461 -0.088129379 -0.017157499 0.995961249 384.705505371
0.996068895 -0.009557761 0.088064507 36.750999451 0.008000864 0.999805689 0.018015120 -36.551944733 -0.088219590 -0.017239707 0.995951951 386.962158203
0.996100307 -0.008600628 0.087808065 37.050495148 0.007044831 0.999812961 0.018012682 -36.755104065 -0.087946557 -0.017323842 0.995974541 389.230194092
0.996069431 -0.007058616 0.088293999 37.331901550 0.005495969 0.999824107 0.017928835 -36.950485229 -0.088405028 -0.017373102 0.995933115 391.506103516
0.996091187 -0.005747670 0.088144720 37.624935150 0.004055475 0.999804378 0.019364988 -37.143619537 -0.088238776 -0.018931830 0.995919406 393.766723633
0.996006370 -0.004469192 0.089171275 37.901245117 0.002706303 0.999798715 0.019880816 -37.336662292 -0.089242190 -0.019560093 0.995817840 396.025756836
0.995933712 -0.004159514 0.089992926 38.187274933 0.002511939 0.999827325 0.018413354 -37.535091400 -0.090053983 -0.018112425 0.995772123 398.289367676
0.995878518 -0.003269907 0.090638198 38.481914520 0.001691496 0.999845684 0.017485769 -37.724273682 -0.090681382 -0.017260386 0.995730400 400.563354492
0.995800674 -0.005215909 0.091399506 38.757759094 0.003512806 0.999817371 0.018784586 -37.919017792 -0.091480799 -0.018384637 0.995637119 402.826538086
0.995741546 -0.006761713 0.091940619 39.051486969 0.004945332 0.999788344 0.019969512 -38.114021301 -0.092056192 -0.019429792 0.995564222 405.075195312
0.995750785 -0.007633543 0.091772199 39.353855133 0.005842637 0.999787509 0.019767538 -38.301704407 -0.091903590 -0.019147350 0.995583773 407.349578857
0.995778859 -0.007560088 0.091472477 39.671348572 0.005874543 0.999808192 0.018682031 -38.491744995 -0.091596164 -0.018065812 0.995632350 409.620788574
0.995613813 -0.005674660 0.093385756 39.955867767 0.003906499 0.999809861 0.019105885 -38.694107056 -0.093476422 -0.018657269 0.995446682 411.901367188
0.995532155 -0.004316783 0.094325855 40.243835449 0.002553764 0.999820054 0.018803444 -38.884666443 -0.094390064 -0.018478548 0.995363712 414.138946533
0.995438516 -0.003240852 0.095350213 40.546577454 0.001441543 0.999819815 0.018933356 -39.076324463 -0.095394395 -0.018709542 0.995263636 416.410736084
0.995368361 -0.003317575 0.096076764 40.852600098 0.001531460 0.999824762 0.018658260 -39.269596100 -0.096121840 -0.018424703 0.995198965 418.665191650
0.995258987 -0.003022926 0.097213231 41.150032043 0.001209232 0.999824166 0.018710364 -39.459182739 -0.097252712 -0.018504104 0.995087624 420.920257568
0.995168030 -0.003348395 0.098130688 41.447875977 0.001530030 0.999825776 0.018599443 -39.656036377 -0.098175868 -0.018359426 0.994999647 423.177825928
0.995110810 -0.003700981 0.098695651 41.759223938 0.001765897 0.999804616 0.019686719 -39.847206116 -0.098749228 -0.019416181 0.994922936 425.449432373
0.995049477 -0.003046704 0.099334002 42.062103271 0.001026784 0.999791801 0.020379420 -40.038375854 -0.099375412 -0.020176537 0.994845450 427.703216553
0.994958401 -0.002203125 0.100263804 42.374847412 0.000091071 0.999778152 0.021064669 -40.226158142 -0.100287959 -0.020949341 0.994737864 429.977813721
0.994961441 -0.002929655 0.100215562 42.686882019 0.000785109 0.999769986 0.021432079 -40.424629211 -0.100255318 -0.021245413 0.994734883 432.220947266
0.994919538 -0.003723587 0.100603275 43.005485535 0.001621417 0.999778926 0.020969318 -40.621860504 -0.100659087 -0.020699672 0.994705617 434.487182617
0.994920909 -0.002855188 0.100619301 43.326831818 0.000746408 0.999779344 0.020989420 -40.795860291 -0.100657053 -0.020807708 0.994703591 436.753448486
0.994867325 -0.003384411 0.101130620 43.643177032 0.001251844 0.999775767 0.021143280 -40.984165192 -0.101179466 -0.020908166 0.994648457 439.039428711
0.994934857 -0.003515734 0.100459836 43.972434998 0.001376360 0.999770999 0.021357194 -41.169948578 -0.100511916 -0.021110751 0.994711876 441.315338135
0.994890690 -0.002866351 0.100917540 44.291816711 0.000595559 0.999746144 0.022524392 -41.372951508 -0.100956500 -0.022349205 0.994639814 443.583007812
0.994865298 -0.003265643 0.101155140 44.614830017 0.000984901 0.999744356 0.022588715 -41.555000305 -0.101203047 -0.022373101 0.994614184 445.858795166
0.994873226 -0.003075260 0.101083323 44.933773041 0.000850003 0.999756455 0.022049781 -41.742095947 -0.101126537 -0.021850817 0.994633555 448.123077393
0.994862258 -0.002436127 0.101208411 45.250106812 0.000233208 0.999762952 0.021772305 -41.931602478 -0.101237446 -0.021636842 0.994626999 450.382507324
0.994821668 -0.001990614 0.101616584 45.565643311 -0.000203735 0.999767125 0.021579454 -42.126724243 -0.101635866 -0.021488409 0.994589567 452.646392822
0.994737625 -0.001341519 0.102446042 45.876972198 -0.000871663 0.999767244 0.021555571 -42.306144714 -0.102451116 -0.021531435 0.994504929 454.927001953
0.994710445 -0.001648418 0.102705702 46.189159393 -0.000576213 0.999765933 0.021626815 -42.503257751 -0.102717295 -0.021571599 0.994476676 457.190643311
0.994712532 -0.000856423 0.102695897 46.516269684 -0.001289991 0.999782145 0.020832449 -42.688194275 -0.102691397 -0.020854773 0.994494617 459.471984863
0.994664848 0.000101167 0.103159033 46.833713531 -0.002312420 0.999770105 0.021316014 -42.877731323 -0.103133164 -0.021440834 0.994436443 461.756408691
0.994701087 0.000846642 0.102805786 47.160945892 -0.003163096 0.999744713 0.022371395 -43.062694550 -0.102760620 -0.022578035 0.994449854 464.035888672
0.994735777 0.000714105 0.102470636 47.473407745 -0.003063867 0.999735892 0.022775520 -43.245567322 -0.102427311 -0.022969581 0.994475245 466.299224854
0.994797409 0.000728175 0.101870656 47.791625977 -0.002940103 0.999763072 0.021564638 -43.429500580 -0.101830833 -0.021751957 0.994563818 468.574493408
0.994951963 0.000552384 0.100350842 48.133087158 -0.002701066 0.999769986 0.021277081 -43.622173309 -0.100316010 -0.021440728 0.994724572 470.871459961
0.995017707 0.000031163 0.099698223 48.446895599 -0.002260320 0.999749959 0.022246160 -43.812950134 -0.099672601 -0.022360673 0.994768977 473.149383545
0.995022655 -0.000238012 0.099648602 48.754657745 -0.002012081 0.999745309 0.022479163 -44.001838684 -0.099628568 -0.022567784 0.994768679 475.425292969
0.995104134 0.000154673 0.098831706 49.063365936 -0.002326872 0.999758244 0.021863887 -44.170108795 -0.098804414 -0.021986810 0.994863927 477.700134277
0.995143831 0.000011803 0.098431431 49.380279541 -0.002216959 0.999748945 0.022293624 -44.354938507 -0.098406464 -0.022403585 0.994894087 479.984680176
0.995191276 -0.000554494 0.097948693 49.698574066 -0.001695393 0.999736607 0.022885336 -44.542015076 -0.097935580 -0.022941347 0.994928300 482.257904053
0.995194614 -0.000960132 0.097912088 50.000827789 -0.001204516 0.999756217 0.022046581 -44.726074219 -0.097909383 -0.022058573 0.994950891 484.544677734
0.995273530 -0.002086658 0.097088546 50.314785004 -0.000153869 0.999733925 0.023063945 -44.926280975 -0.097110845 -0.022969872 0.995008469 486.849487305
0.995333016 -0.002474733 0.096468285 50.624301910 0.000261118 0.999736488 0.022952439 -45.104434967 -0.096499652 -0.022820132 0.995071411 489.128997803
0.995310664 -0.002777923 0.096689209 50.906246185 0.000530920 0.999729514 0.023257406 -45.299598694 -0.096727662 -0.023097012 0.995042801 491.413757324
0.995370090 -0.002521744 0.096084371 51.221157074 0.000232070 0.999715924 0.023833562 -45.486148834 -0.096117191 -0.023700913 0.995087802 493.703552246
0.995360196 -0.002130499 0.096195459 51.515491486 -0.000117291 0.999727190 0.023355205 -45.666507721 -0.096218966 -0.023258124 0.995088339 495.997344971
0.995404482 -0.002159028 0.095735580 51.832378387 -0.000025413 0.999739945 0.022810353 -45.857185364 -0.095759936 -0.022707958 0.995145380 498.294097900
0.995434523 -0.002115777 0.095423557 52.135623932 -0.000149367 0.999718547 0.023724396 -46.042533875 -0.095446885 -0.023630336 0.995154142 500.585510254
0.995432615 -0.001545710 0.095454477 52.436515808 -0.000751914 0.999710917 0.024029696 -46.230770111 -0.095464028 -0.023991719 0.995143712 502.866394043
0.995448709 -0.000800446 0.095295340 52.741542816 -0.001426701 0.999727428 0.023300570 -46.415863037 -0.095288023 -0.023330478 0.995176315 505.156829834
0.995435834 -0.000727750 0.095430672 53.041549683 -0.001585943 0.999706686 0.024166655 -46.603172302 -0.095420264 -0.024207702 0.995142639 507.446777344
0.995471179 -0.001379776 0.095053434 53.349674225 -0.000836088 0.999728918 0.023267994 -46.789543152 -0.095059767 -0.023242092 0.995200217 509.735076904
0.995533884 -0.002224625 0.094379723 53.667171478 -0.000045423 0.999710858 0.024043314 -46.979640961 -0.094405927 -0.023940220 0.995245874 512.032897949
0.995553970 -0.002113265 0.094169162 53.973339081 -0.000168984 0.999706626 0.024221053 -47.159236908 -0.094192736 -0.024129283 0.995261550 514.334838867
0.995566428 -0.001573876 0.094047576 54.275299072 -0.000673892 0.999714911 0.023863800 -47.340270996 -0.094058335 -0.023821374 0.995281577 516.638793945
0.995536745 -0.000625439 0.094373345 54.568061829 -0.001619044 0.999717653 0.023704583 -47.526165009 -0.094361544 -0.023751575 0.995254636 518.930114746
0.995497763 0.001316722 0.094776176 54.869319916 -0.003583322 0.999711514 0.023749078 -47.715114594 -0.094717570 -0.023981767 0.995215297 521.245788574
0.995296240 0.003326225 0.096820824 55.154380798 -0.005677256 0.999695420 0.024016939 -47.896987915 -0.096711449 -0.024453646 0.995012105 523.557678223
0.995350003 0.003988655 0.096241780 55.496105194 -0.006431533 0.999664605 0.025085870 -48.084648132 -0.096109450 -0.025588209 0.995041728 525.921081543
0.995276034 0.003590046 0.097019225 55.795043945 -0.006073491 0.999661088 0.025314270 -48.269676208 -0.096895479 -0.025783932 0.994960546 528.219970703
0.995237887 0.001738211 0.097460322 56.102630615 -0.004352178 0.999636292 0.026614675 -48.447624207 -0.097378619 -0.026912095 0.994883597 530.537353516
0.995194197 0.000122572 0.097921103 56.425613403 -0.002711935 0.999650121 0.026310705 -48.627532959 -0.097883627 -0.026449818 0.994846284 532.857849121
0.995182991 -0.000026150 0.098034516 56.744373322 -0.002513115 0.999664485 0.025778174 -48.807586670 -0.098002292 -0.025900371 0.994849086 535.174194336
0.995089948 -0.000333400 0.098974451 57.056274414 -0.002206188 0.999671161 0.025548473 -48.987716675 -0.098950423 -0.025641384 0.994761944 537.491149902
0.995003581 0.000321669 0.099838115 57.367012024 -0.002826873 0.999684751 0.024952216 -49.172527313 -0.099798597 -0.025109775 0.994690895 539.812622070
0.994883299 0.001044614 0.101025663 57.681247711 -0.003559450 0.999688148 0.024715981 -49.357601166 -0.100968353 -0.024949113 0.994576752 542.128601074
0.994762659 0.001489682 0.102200761 57.977474213 -0.003918124 0.999714553 0.023564853 -49.540462494 -0.102136508 -0.023841873 0.994484663 544.468200684
0.994627059 0.001551474 0.103510484 58.285865784 -0.004069250 0.999700725 0.024117138 -49.724662781 -0.103442088 -0.024408763 0.994336009 546.787780762
0.994541585 0.001153294 0.104333937 58.601825714 -0.003827693 0.999669075 0.025436468 -49.909004211 -0.104270078 -0.025696987 0.994216919 549.085144043
0.994506299 0.000913382 0.104672737 58.928321838 -0.003619226 0.999664068 0.025663497 -50.092155457 -0.104614124 -0.025901340 0.994175673 551.389465332
0.994556606 -0.000286764 0.104198426 59.266426086 -0.002298420 0.999692559 0.024689281 -50.270812988 -0.104173474 -0.024794379 0.994250059 553.696533203
0.994553864 -0.000632589 0.104222074 59.598297119 -0.002000081 0.999681592 0.025153745 -50.455734253 -0.104204819 -0.025225207 0.994235933 556.008422852
0.994510651 -0.000526709 0.104634114 59.926143646 -0.002190028 0.999663472 0.025847577 -50.640247345 -0.104612522 -0.025934841 0.994174838 558.315979004
0.994472742 -0.000050762 0.104994617 60.257781982 -0.002802165 0.999630868 0.027024427 -50.822231293 -0.104957223 -0.027169270 0.994105518 560.649780273
0.994459093 -0.001175689 0.105117187 60.595100403 -0.001731007 0.999618769 0.027556458 -51.003547668 -0.105109505 -0.027585726 0.994077981 562.981933594
0.994417369 -0.000558920 0.105516478 60.927944183 -0.002428439 0.999599874 0.028181180 -51.178108215 -0.105489999 -0.028280094 0.994018078 565.300598145
0.994364500 0.000210853 0.106015220 61.268390656 -0.003162097 0.999612093 0.027670616 -51.361766815 -0.105968267 -0.027849909 0.993979454 567.625305176
0.994405270 0.001328925 0.105623998 61.621967316 -0.004107630 0.999651074 0.026094336 -51.532432556 -0.105552450 -0.026382206 0.994063735 569.956665039
0.994403780 0.001902799 0.105628729 61.974472046 -0.004735422 0.999635696 0.026572460 -51.717212677 -0.105539694 -0.026923954 0.994050503 572.274841309
0.994401813 0.001738182 0.105649590 62.315212250 -0.004645362 0.999617100 0.027277347 -51.895912170 -0.105561718 -0.027615426 0.994029224 574.637878418
0.994404316 0.001597538 0.105628818 62.661037445 -0.004653975 0.999577403 0.028695492 -52.080726624 -0.105538346 -0.029026518 0.993991435 576.950195312
0.994282007 0.002114962 0.106765330 62.983131409 -0.005043719 0.999618113 0.027169164 -52.261421204 -0.106667101 -0.027552307 0.993912995 579.335693359
0.994335175 0.001309728 0.106282160 63.329635620 -0.004167748 0.999635518 0.026673228 -52.431816101 -0.106208481 -0.026965087 0.993978262 581.671630859
0.994324088 0.000633701 0.106391951 63.672695160 -0.003702675 0.999582648 0.028650874 -52.628265381 -0.106329374 -0.028882192 0.993911386 583.991027832
0.994372547 0.000733676 0.105937935 64.014053345 -0.003787259 0.999583066 0.028625965 -52.801849365 -0.105872750 -0.028866086 0.993960619 586.307556152
0.994315147 -0.002290951 0.106452480 64.359878540 -0.000663151 0.999615788 0.027706753 -52.992176056 -0.106475063 -0.027619837 0.993931711 588.670776367
0.994349182 -0.002700981 0.106124260 64.707855225 -0.000241294 0.999616206 0.027702194 -53.166038513 -0.106158353 -0.027571263 0.993966937 591.018859863
0.994357705 -0.004950519 0.105963416 65.044113159 0.001959390 0.999597192 0.028313458 -53.345199585 -0.106060900 -0.027946079 0.993966997 593.352478027
0.994384527 -0.005624369 0.105677314 65.392845154 0.002611584 0.999586761 0.028626066 -53.523746490 -0.105794646 -0.028189337 0.993988335 595.705261230
