1.000000000 0.000000000 0.000000000 0.000000000 0.000000000 1.000000000 0.000000000 0.000000000 0.000000000 0.000000000 1.000000000 0.000000000
0.999999881 0.000178469 0.000478911 0.085816942 -0.000178403 1.000000000 -0.000139070 -0.225761518 -0.000478936 0.000138985 0.999999881 2.288712502
0.999999166 0.000497841 0.001268721 0.163316801 -0.000498288 0.999999821 0.000352559 -0.462439299 -0.001268545 -0.000353191 0.999999106 4.586416721
0.999998450 0.000233187 0.001729525 0.261796117 -0.000234161 0.999999821 0.000562677 -0.693707347 -0.001729394 -0.000563081 0.999998331 6.874825954
0.999996483 0.000211108 0.002649768 0.354494959 -0.000208173 0.999999285 -0.001107746 -0.926467001 -0.002650000 0.001107191 0.999995828 9.173499107
0.999987066 0.001969618 0.004690052 0.446439952 -0.001970722 0.999998033 0.000230777 -1.162264109 -0.004689588 -0.000240017 0.999988973 11.479111671
0.999966323 0.003801174 0.007272568 0.534763098 -0.003810706 0.999991834 0.001297218 -1.390194893 -0.007267576 -0.001324888 0.999972701 13.784336090
0.999948263 0.003682788 0.009478374 0.644196630 -0.003721300 0.999984860 0.004048711 -1.620221376 -0.009463319 -0.004083773 0.999946892 16.055051804
0.999938667 0.003381885 0.010546430 0.746052563 -0.003428397 0.999984443 0.004395193 -1.839381695 -0.010531400 -0.004431081 0.999934733 18.394714355
0.999923587 0.002415428 0.012125680 0.854327500 -0.002472041 0.999985993 0.004655954 -2.068176031 -0.012114265 -0.004685573 0.999915600 20.683729172
0.999926567 0.000131145 0.012119567 0.983053505 -0.000159206 0.999997258 0.002314403 -2.294973135 -0.012119231 -0.002316164 0.999923885 23.002193451
0.999912858 -0.002152476 0.013029119 1.089951277 0.002146587 0.999997675 0.000465906 -2.518872976 -0.013030091 -0.000437897 0.999915004 25.283628464
0.999916911 -0.002909249 0.012565588 1.230470419 0.002910301 0.999995768 -0.000065416 -2.766148806 -0.012565345 0.000101980 0.999921024 27.594367981
0.999905527 -0.002647992 0.013481475 1.337157011 0.002663183 0.999995828 -0.001108994 -2.992374897 -0.013478485 0.001144793 0.999908507 29.881019592
0.999895573 -0.000287244 0.014446761 1.456549644 0.000268567 0.999999106 0.001294703 -3.221994162 -0.014447117 -0.001290688 0.999894738 32.169822693
0.999893785 0.001695451 0.014477177 1.587179065 -0.001746573 0.999992311 0.003519319 -3.444046021 -0.014471100 -0.003544230 0.999889016 34.450832367
0.999860823 0.004072487 0.016175075 1.701950073 -0.004201620 0.999959528 0.007957430 -3.682811737 -0.016142014 -0.008024284 0.999837518 36.756866455
0.999836743 0.005897819 0.017076600 1.816520929 -0.006024505 0.999954641 0.007376802 -3.900471210 -0.017032320 -0.007478476 0.999827027 39.029678345
0.999811292 0.005159995 0.018736148 1.923265219 -0.005276837 0.999966919 0.006192118 -4.110231400 -0.018703578 -0.006289817 0.999805272 41.323749542
0.999817491 0.002778078 0.018905349 2.047271252 -0.002877212 0.999982297 0.005218501 -4.335376740 -0.018890511 -0.005271943 0.999807656 43.602748871
0.999824524 0.002339227 0.018585211 2.191288233 -0.002413525 0.999989212 0.003976305 -4.556862831 -0.018575709 -0.004020462 0.999819517 45.845306396
0.999832392 0.001380526 0.018257489 2.324154139 -0.001439065 0.999993801 0.003193564 -4.788412571 -0.018252965 -0.003219302 0.999828219 48.124248505
0.999830127 0.000028314 0.018431462 2.458208084 -0.000092138 0.999993920 0.003461925 -5.014931679 -0.018431248 -0.003463034 0.999824226 50.403343201
0.999814451 -0.000635700 0.019259481 2.587789536 0.000563581 0.999992788 0.003749803 -5.236817837 -0.019261729 -0.003738253 0.999807477 52.668598175
0.999809325 -0.001981478 0.019430391 2.722239017 0.001908904 0.999991119 0.003752917 -5.466368675 -0.019437656 -0.003715110 0.999804199 54.949596405
0.999774933 -0.002258954 0.021093410 2.840995312 0.002169975 0.999988675 0.004240289 -5.699359417 -0.021102745 -0.004193563 0.999768496 57.245887756
0.999761403 -0.003625516 0.021539565 2.980849743 0.003519876 0.999981582 0.004940273 -5.924721718 -0.021557080 -0.004863277 0.999755800 59.513019562
0.999722362 -0.005099356 0.023010068 3.108331680 0.005004482 0.999978721 0.004178887 -6.146287918 -0.023030886 -0.004062573 0.999726474 61.781616211
0.999705195 -0.005814838 0.023568777 3.257548809 0.005716756 0.999974728 0.004226823 -6.372368813 -0.023592761 -0.004090841 0.999713302 64.034103394
0.999680221 -0.005344110 0.024715256 3.397685051 0.005228730 0.999975145 0.004730642 -6.593727112 -0.024739923 -0.004599899 0.999683440 66.306198120
0.999662459 -0.004581592 0.025573790 3.544482231 0.004454171 0.999977410 0.005037264 -6.819564342 -0.025596291 -0.004921654 0.999660254 68.569824219
0.999627769 -0.004692024 0.026880382 3.681247234 0.004568812 0.999978781 0.004643302 -7.042473793 -0.026901597 -0.004518761 0.999627888 70.827819824
0.999613822 -0.005471495 0.027241766 3.840791941 0.005385756 0.999980330 0.003219720 -7.265395641 -0.027258841 -0.003071759 0.999623835 73.084358215
0.999601901 -0.006390243 0.027479138 3.999673843 0.006293603 0.999973714 0.003601872 -7.492113590 -0.027501430 -0.003427495 0.999615908 75.366546631
0.999560833 -0.007528359 0.028657829 4.157773972 0.007437207 0.999967039 0.003285950 -7.725113392 -0.028681617 -0.003071374 0.999583900 77.630966187
0.999553978 -0.008491720 0.028631927 4.310924530 0.008413961 0.999960601 0.002835210 -7.952193737 -0.028654877 -0.002593037 0.999585986 79.896545410
0.999526918 -0.008890827 0.029446214 4.457562923 0.008819339 0.999957860 0.002556795 -8.170656204 -0.029467706 -0.002295889 0.999563098 82.150955200
0.999505043 -0.008035180 0.030414136 4.625308990 0.007962783 0.999965191 0.002500725 -8.405191422 -0.030433167 -0.002257306 0.999534190 84.432693481
0.999454439 -0.007778577 0.032097381 4.777370453 0.007688011 0.999966204 0.002944020 -8.623635292 -0.032119200 -0.002695649 0.999480367 86.689888000
0.999457240 -0.007558080 0.032064777 4.950833321 0.007413937 0.999961853 0.004611942 -8.863115311 -0.032098416 -0.004371713 0.999475121 88.972221375
0.999430656 -0.006633071 0.033081621 5.108280182 0.006466563 0.999965847 0.005137698 -9.088924408 -0.033114571 -0.004920849 0.999439418 91.228752136
0.999398351 -0.006670463 0.034033339 5.270695686 0.006498391 0.999965549 0.005164097 -9.310351372 -0.034066621 -0.004939828 0.999407291 93.483337402
0.999380231 -0.006929667 0.034513373 5.438615799 0.006777503 0.999966919 0.004523870 -9.526044846 -0.034543585 -0.004287152 0.999394000 95.739440918
0.999348223 -0.007361510 0.035340872 5.603069305 0.007191292 0.999961913 0.004941212 -9.747582436 -0.035375919 -0.004683844 0.999363124 97.997154236
0.999308228 -0.006992115 0.036526028 5.760225296 0.006836710 0.999967039 0.004377807 -9.976661682 -0.036555436 -0.004125062 0.999323130 100.237350464
0.999235451 -0.006930221 0.038477398 5.910962105 0.006718348 0.999961555 0.005633022 -10.194559097 -0.038514964 -0.005370211 0.999243557 102.460227966
0.999257803 -0.007466512 0.037792735 6.118789196 0.007272785 0.999959648 0.005260986 -10.416468620 -0.037830494 -0.004982223 0.999271691 104.740989685
0.999222636 -0.008152918 0.038570173 6.291979790 0.007932082 0.999951303 0.005875086 -10.632789612 -0.038616195 -0.005564578 0.999238551 106.978881836
0.999194980 -0.009586801 0.038954459 6.473397732 0.009357654 0.999937832 0.006060484 -10.849612236 -0.039010148 -0.005691083 0.999222577 109.231025696
0.999154866 -0.010610798 0.039711628 6.650974751 0.010339529 0.999921799 0.007030080 -11.076536179 -0.039783120 -0.006613539 0.999186397 111.488426208
0.999135852 -0.011339085 0.039987206 6.840065956 0.011118959 0.999921739 0.005723056 -11.297330856 -0.040048972 -0.005273495 0.999183774 113.753639221
0.999090195 -0.011693472 0.041012928 7.017724514 0.011509345 0.999922633 0.004722736 -11.516176224 -0.041064974 -0.004246409 0.999147475 116.007827759
0.999052823 -0.011906686 0.041853618 7.198722363 0.011696995 0.999917924 0.005251358 -11.744179726 -0.041912708 -0.004756823 0.999109924 118.261085510
0.999006212 -0.012011279 0.042922121 7.385871410 0.011761091 0.999912381 0.006076624 -11.967316628 -0.042991348 -0.005565775 0.999059916 120.532203674
0.998989940 -0.012763072 0.043082230 7.584757805 0.012482216 0.999899030 0.006781760 -12.192378998 -0.043164439 -0.006237148 0.999048531 122.741821289
0.998933494 -0.013744684 0.044079274 7.781426430 0.013485849 0.999890029 0.006164071 -12.419052124 -0.044159148 -0.005563051 0.999009013 125.056343079
0.998895764 -0.014269317 0.044762012 7.961063385 0.014036417 0.999886274 0.005513109 -12.644793510 -0.044835590 -0.004878722 0.998982489 127.320510864
0.998875976 -0.015986335 0.044625610 8.150687218 0.015740139 0.999858916 0.005862908 -12.862651825 -0.044713050 -0.005153905 0.998986542 129.588928223
0.998900473 -0.017166276 0.043624651 8.338105202 0.016918913 0.999838650 0.006033193 -13.077265739 -0.043721173 -0.005288478 0.999029756 131.833389282
0.998952091 -0.017498635 0.042289458 8.531402588 0.017211281 0.999826312 0.007149502 -13.294019699 -0.042407215 -0.006414153 0.999079823 134.071533203
0.999001026 -0.018289296 0.040776145 8.712074280 0.018014602 0.999812543 0.007094074 -13.518383026 -0.040898245 -0.006352419 0.999143064 136.317367554
0.999074340 -0.019055245 0.038567178 8.921989441 0.018805373 0.999799788 0.006831295 -13.734131813 -0.038689639 -0.006099701 0.999232709 138.539779663
0.999046564 -0.019874532 0.038871456 9.075966835 0.019624902 0.999784350 0.006793057 -13.954364777 -0.038998075 -0.006023732 0.999221146 140.829101562
0.999037981 -0.020247439 0.038900234 9.244731903 0.020003648 0.999777853 0.006646207 -14.159969330 -0.039026164 -0.005861667 0.999221027 143.063171387
0.999079347 -0.020210927 0.037841555 9.435408592 0.019919652 0.999769092 0.008058400 -14.388208389 -0.037995681 -0.007297189 0.999251366 145.323760986
0.999096036 -0.019309117 0.037871931 9.609445572 0.019059561 0.999794364 0.006939463 -14.602092743 -0.037998132 -0.006211367 0.999258518 147.582031250
0.999115050 -0.018112570 0.037961129 9.785055161 0.017917641 0.999824464 0.005468977 -14.819596291 -0.038053527 -0.004783963 0.999264359 149.828491211
0.999130368 -0.016390838 0.038339261 9.959308624 0.016223708 0.999857485 0.004666322 -15.041124344 -0.038410284 -0.004040259 0.999253869 152.080825806
0.999140263 -0.015543884 0.038433045 10.142211914 0.015382053 0.999871552 0.004502899 -15.255825043 -0.038498111 -0.003907849 0.999251008 154.326736450
0.999129713 -0.014680510 0.039042562 10.316585541 0.014492301 0.999881983 0.005099291 -15.476044655 -0.039112825 -0.004529037 0.999224484 156.591934204
0.999132097 -0.013969266 0.039241426 10.510391235 0.013733363 0.999886036 0.006274731 -15.699041367 -0.039324604 -0.005730369 0.999210060 158.811523438
0.999068797 -0.013456416 0.040993780 10.665201187 0.013168280 0.999886692 0.007290775 -15.923417091 -0.041087236 -0.006744169 0.999132812 161.120681763
0.999044240 -0.012513170 0.041880444 10.849174500 0.012142803 0.999884963 0.009086179 -16.139249802 -0.041989326 -0.008568947 0.999081373 163.357116699
0.999020159 -0.011890704 0.042628258 11.038579941 0.011545775 0.999898612 0.008328612 -16.350822449 -0.042722967 -0.007828275 0.999056280 165.647537231
0.998980522 -0.011172024 0.043738782 11.229443550 0.010874280 0.999915957 0.007039328 -16.563713074 -0.043813761 -0.006556522 0.999018192 167.905441284
0.998911083 -0.009344609 0.045709055 11.414168358 0.009017204 0.999932170 0.007363788 -16.779331207 -0.045774769 -0.006943601 0.998927653 170.142852783
0.998790622 -0.009000028 0.048335209 11.613954544 0.008647356 0.999934494 0.007500513 -17.003250122 -0.048399542 -0.007073469 0.998803139 172.446746826
0.998665869 -0.009144403 0.050821822 11.811726570 0.008792964 0.999935865 0.007134426 -17.215818405 -0.050883804 -0.006678032 0.998682380 174.721450806
0.998586595 -0.009048581 0.052374896 12.020878792 0.008654286 0.999932528 0.007750290 -17.435083389 -0.052441496 -0.007286069 0.998597443 176.970672607
0.998555779 -0.009466780 0.052884765 12.229511261 0.009032819 0.999923527 0.008438793 -17.643640518 -0.052960604 -0.007948906 0.998565018 179.199523926
0.998527110 -0.011061033 0.053117853 12.440887451 0.010614720 0.999905944 0.008677133 -17.870838165 -0.053208858 -0.008100520 0.998550475 181.486907959
0.998492301 -0.011859770 0.053596567 12.639774323 0.011424799 0.999899328 0.008414797 -18.081817627 -0.053690977 -0.007789780 0.998527169 183.731597900
0.998554885 -0.013074480 0.052126445 12.870989799 0.012671571 0.999887288 0.008052503 -18.301631927 -0.052225851 -0.007380342 0.998608053 185.986831665
0.998556435 -0.015018777 0.051570728 13.079177856 0.014569572 0.999852598 0.009075412 -18.520586014 -0.051699433 -0.008310947 0.998628020 188.236267090
0.998575926 -0.015969655 0.050903466 13.290499687 0.015553971 0.999842465 0.008551844 -18.729448318 -0.051032022 -0.007747913 0.998666942 190.480743408
0.998529732 -0.017094098 0.051440831 13.495494843 0.016694350 0.999827087 0.008190780 -18.948684692 -0.051571943 -0.007319966 0.998642445 192.741546631
0.998505414 -0.018880265 0.051286492 13.694052696 0.018517371 0.999800086 0.007541795 -19.161294937 -0.051418629 -0.006580833 0.998655438 194.983566284
0.998530507 -0.018387320 0.050979093 13.898354530 0.018012896 0.999807358 0.007794409 -19.375482559 -0.051112585 -0.006864674 0.998669326 197.216339111
0.998544753 -0.016181652 0.051444713 14.110975266 0.015785405 0.999842584 0.008099336 -19.595907211 -0.051567677 -0.007275473 0.998642981 199.475906372
0.998556554 -0.014430715 0.051735666 14.313311577 0.014043791 0.999870658 0.007834581 -19.811422348 -0.051842041 -0.007096708 0.998630106 201.711883545
0.998537779 -0.013913421 0.052237313 14.525822639 0.013559301 0.999882638 0.007127332 -20.027244568 -0.052330356 -0.006408609 0.998609245 203.973052979
0.998500347 -0.014166541 0.052881926 14.725305557 0.013772910 0.999874711 0.007800629 -20.237209320 -0.052985813 -0.007060593 0.998570263 206.199447632
0.998487115 -0.015846331 0.052653372 14.965561867 0.015453293 0.999849677 0.007863332 -20.460613251 -0.052770052 -0.007037766 0.998581886 208.466354370
0.998426259 -0.015331098 0.053944625 15.168190956 0.014925382 0.999857306 0.007915863 -20.663936615 -0.054058276 -0.007098261 0.998512566 210.711364746
0.998363435 -0.015289988 0.055108164 15.395641327 0.014787469 0.999845386 0.009515063 -20.896640778 -0.055245135 -0.008684581 0.998435080 212.959518433
0.998299718 -0.013907587 0.056605585 15.627241135 0.013378212 0.999863207 0.009720263 -21.107374191 -0.056733031 -0.008946454 0.998349369 215.191314697
0.998124778 -0.012519024 0.059920304 15.833162308 0.011955598 0.999880970 0.009752275 -21.316640854 -0.060035266 -0.009017603 0.998155534 217.463653564
0.997993410 -0.012706252 0.062029436 16.061328888 0.012099477 0.999875247 0.010147947 -21.526252747 -0.062150642 -0.009377060 0.998022735 219.706192017
0.997869074 -0.014261234 0.063669227 16.294464111 0.013603167 0.999849617 0.010757269 -21.733539581 -0.063813075 -0.009868244 0.997913063 221.942001343
0.997759044 -0.015632786 0.065056361 16.524805069 0.014912604 0.999822199 0.011540999 -21.938388824 -0.065225199 -0.010544975 0.997814775 224.174316406
0.997693717 -0.017931759 0.065464608 16.776683807 0.017247636 0.999790847 0.011000498 -22.152524948 -0.065648168 -0.009846019 0.997794211 226.412277222
0.997643054 -0.018949848 0.065947562 17.011804581 0.018290654 0.999776661 0.010585196 -22.354043961 -0.066133410 -0.009354021 0.997767091 228.663497925
0.997613788 -0.019377660 0.066266403 17.254074097 0.018704431 0.999767125 0.010764861 -22.558715820 -0.066459559 -0.009499699 0.997743845 230.903930664
0.997539043 -0.020500109 0.067050315 17.490823746 0.019869059 0.999751985 0.010064986 -22.767866135 -0.067240015 -0.008707990 0.997698843 233.148422241
0.997540593 -0.021315653 0.066771276 17.763397217 0.020623527 0.999726355 0.011037862 -22.980800629 -0.066988297 -0.009633658 0.997707248 235.445526123
0.997509539 -0.021108320 0.067298241 18.007200241 0.020409344 0.999730527 0.011056921 -23.184198380 -0.067513511 -0.009655871 0.997671664 237.690963745
0.997473419 -0.020901466 0.067896649 18.244928360 0.020202691 0.999735832 0.010962133 -23.388444901 -0.068107836 -0.009562741 0.997632146 239.918502808
0.997437954 -0.021251101 0.068307862 18.488206863 0.020530006 0.999726057 0.011241313 -23.595281601 -0.068528019 -0.009810150 0.997600973 242.146682739
0.997399926 -0.021419613 0.068808019 18.732860565 0.020697271 0.999723136 0.011193803 -23.794708252 -0.069028735 -0.009740560 0.997567117 244.387268066
0.997352481 -0.021477502 0.069474131 18.975856781 0.020795913 0.999728382 0.010519223 -24.005935669 -0.069681168 -0.009046596 0.997528315 246.616134644
0.997377813 -0.021061007 0.069238313 19.237983704 0.020431403 0.999743342 0.009788988 -24.216140747 -0.069426708 -0.008348684 0.997552097 248.856567383
0.997354984 -0.021306556 0.069492847 19.488664627 0.020641962 0.999734163 0.010267751 -24.424325943 -0.069693148 -0.008806123 0.997529566 251.098709106
0.997331321 -0.022534188 0.069444105 19.742334366 0.021878034 0.999708593 0.010194915 -24.633249283 -0.069653608 -0.008648407 0.997533739 253.332733154
0.997312307 -0.022625713 0.069685802 19.994827271 0.021916451 0.999700129 0.010925923 -24.842027664 -0.069912106 -0.009369292 0.997509181 255.585952759
0.997268438 -0.023143932 0.070142940 20.230060577 0.022425555 0.999687910 0.011011920 -25.047899246 -0.070375919 -0.009408846 0.997476101 257.805084229
0.997248471 -0.023727784 0.070231453 20.494915009 0.022962704 0.999668002 0.011681193 -25.260639191 -0.070485309 -0.010036347 0.997462332 260.069671631
0.997219205 -0.023488449 0.070725337 20.750438690 0.022760222 0.999679506 0.011085017 -25.464836121 -0.070963025 -0.009444466 0.997434199 262.318695068
0.997184694 -0.023431791 0.071229659 21.005691528 0.022731015 0.999685168 0.010633076 -25.669708252 -0.071456365 -0.008984018 0.997403383 264.579498291
0.997159541 -0.022621103 0.071841195 21.263240814 0.021939509 0.999706626 0.010262592 -25.882122040 -0.072052293 -0.008657281 0.997363210 266.819580078
0.997092426 -0.021960339 0.072968572 21.517416000 0.021262072 0.999720514 0.010332542 -26.085180283 -0.073175073 -0.008751035 0.997280657 269.068420410
0.997003019 -0.021535205 0.074303880 21.782142639 0.020865319 0.999734461 0.009780012 -26.299310684 -0.074494757 -0.008200330 0.997187674 271.321380615
0.996883154 -0.022406735 0.075642750 22.045463562 0.021678001 0.999710441 0.010441376 -26.514139175 -0.075854808 -0.008769048 0.997080266 273.567840576
0.996705413 -0.022834186 0.077826202 22.296161652 0.022054536 0.999697685 0.010862754 -26.718101501 -0.078050703 -0.009110546 0.996907771 275.814758301
0.996607900 -0.022785222 0.079078749 22.571151733 0.021901423 0.999687791 0.012025652 -26.916076660 -0.079328068 -0.010252924 0.996795833 278.054992676
0.996545672 -0.022260627 0.080006897 22.855504990 0.021236289 0.999681532 0.013631423 -27.133090973 -0.080284864 -0.011885285 0.996701062 280.316040039
0.996466100 -0.021900563 0.081089899 23.136728287 0.020778345 0.999676645 0.014657388 -27.338665009 -0.081384674 -0.012920677 0.996599078 282.554443359
0.996384382 -0.021054002 0.082309648 23.412239075 0.019943537 0.999699116 0.014290393 -27.530237198 -0.082585737 -0.012597183 0.996504366 284.819671631
0.996298611 -0.020046607 0.083588988 23.680932999 0.018964751 0.999726057 0.013716626 -27.725736618 -0.083841063 -0.012080612 0.996405959 287.054351807
0.996307909 -0.019361833 0.083640359 23.973529816 0.018399028 0.999755383 0.012266802 -27.913925171 -0.083857387 -0.010682608 0.996420443 289.294342041
0.996245980 -0.020176820 0.084184125 24.244815826 0.019184439 0.999736786 0.012580641 -28.121776581 -0.084415793 -0.010918386 0.996370792 291.520782471
0.996149838 -0.020300744 0.085284039 24.500886917 0.019417638 0.999749064 0.011171749 -28.316385269 -0.085489437 -0.009472719 0.996294022 293.802093506
0.996171236 -0.020872619 0.084894277 24.784801483 0.020076768 0.999746203 0.010217695 -28.517410278 -0.085085995 -0.008474172 0.996337593 296.029113770
0.996167958 -0.021007285 0.084900625 25.065912247 0.020224800 0.999744713 0.010066198 -28.723688126 -0.085090421 -0.008310523 0.996338546 298.263397217
0.996163428 -0.020354876 0.085113838 25.344581604 0.019551691 0.999756157 0.010259635 -28.926952362 -0.085301921 -0.008556152 0.996318340 300.500976562
0.996124327 -0.020083392 0.085632540 25.608547211 0.019186215 0.999752223 0.011287298 -29.140769958 -0.085837997 -0.009600587 0.996262789 302.736053467
0.996116579 -0.020479055 0.085628241 25.892911911 0.019567272 0.999742687 0.011473947 -29.345453262 -0.085841194 -0.009753878 0.996261060 304.985809326
0.996098101 -0.019925235 0.085973993 26.179662704 0.018977502 0.999749959 0.011826817 -29.552827835 -0.086188138 -0.010149097 0.996227205 307.238952637
0.996100664 -0.020783875 0.085741207 26.465385437 0.019838713 0.999732852 0.011860907 -29.764850616 -0.085964806 -0.010113663 0.996246755 309.495483398
0.996049583 -0.022007730 0.086029924 26.747905731 0.021032451 0.999704003 0.012226654 -29.967378616 -0.086273551 -0.010368934 0.996217549 311.755065918
0.996011972 -0.021671470 0.086547844 27.028831482 0.020736877 0.999716640 0.011683201 -30.175136566 -0.086776532 -0.009841877 0.996179163 313.996643066
0.996038616 -0.021354942 0.086318702 27.322813034 0.020362478 0.999716222 0.012361929 -30.382091522 -0.086558186 -0.010555295 0.996190906 316.248565674
0.996003032 -0.019607129 0.087140292 27.604106903 0.018667120 0.999758720 0.011589201 -30.589424133 -0.087346479 -0.009916223 0.996128619 318.493835449
0.995995700 -0.017892711 0.087592311 27.884201050 0.016894570 0.999783754 0.012123425 -30.793258667 -0.087790288 -0.010595046 0.996082604 320.744415283
0.995930254 -0.016625319 0.088580713 28.160913467 0.015634578 0.999807358 0.011866776 -30.999378204 -0.088760935 -0.010433559 0.995998323 322.974731445
0.995886147 -0.015822804 0.089221142 28.438899994 0.014777974 0.999814391 0.012359035 -31.198818207 -0.089400150 -0.010989685 0.995935082 325.210479736
0.995890617 -0.015483748 0.089230366 28.732538223 0.014316117 0.999803483 0.013710712 -31.410987854 -0.089425117 -0.012376939 0.995916665 327.434082031
0.995858967 -0.016110523 0.089472950 29.014177322 0.014951731 0.999795616 0.013606478 -31.618114471 -0.089673892 -0.012212356 0.995896280 329.678741455
0.995861113 -0.017645372 0.089158699 29.313192368 0.016569732 0.999780893 0.012790171 -31.817781448 -0.089364871 -0.011259899 0.995935321 331.914031982
0.995856702 -0.017486580 0.089239135 29.599008560 0.016435245 0.999786735 0.012502386 -32.021270752 -0.089438729 -0.010983920 0.995931745 334.133453369
0.995838821 -0.018001836 0.089336030 29.886150360 0.016823273 0.999761462 0.013928035 -32.222980499 -0.089565448 -0.012367154 0.995904148 336.361114502
0.995889187 -0.018559348 0.088658236 30.188987732 0.017403316 0.999753416 0.013794514 -32.420490265 -0.088892400 -0.012194860 0.995966494 338.597869873
0.995887697 -0.018457051 0.088695370 30.470893860 0.017262839 0.999749959 0.014212476 -32.627567291 -0.088935487 -0.012622896 0.995957315 340.842407227
0.995932877 -0.018400090 0.088200748 30.767250061 0.017233599 0.999753892 0.013968792 -32.832084656 -0.088436067 -0.012391962 0.996004760 343.090484619
0.995947242 -0.018451946 0.088025898 31.053590775 0.017243421 0.999746621 0.014469970 -33.032653809 -0.088270605 -0.012893459 0.996013045 345.332946777
0.995991349 -0.018224491 0.087573305 31.340866089 0.017030062 0.999751747 0.014367030 -33.227394104 -0.087813400 -0.012818057 0.996054471 347.572052002
0.996042728 -0.018146107 0.087002821 31.627948761 0.016955955 0.999752522 0.014399033 -33.427715302 -0.087242588 -0.012866834 0.996104002 349.818328857
0.996049166 -0.017630149 0.087035231 31.907711029 0.016392736 0.999754429 0.014911724 -33.629817963 -0.087276734 -0.013426064 0.996093631 352.057983398
0.996087492 -0.018075500 0.086504579 32.190872192 0.016817793 0.999742329 0.015246042 -33.824508667 -0.086757883 -0.013731577 0.996134758 354.286743164
0.996111929 -0.017671661 0.086305633 32.469863892 0.016462857 0.999756455 0.014697843 -34.022884369 -0.086544342 -0.013219860 0.996160269 356.524139404
0.996157527 -0.017865732 0.085737951 32.755844116 0.016625660 0.999746919 0.015155850 -34.220199585 -0.085987046 -0.013672164 0.996202409 358.760070801
0.996207714 -0.017301155 0.085268393 33.042037964 0.015996978 0.999744713 0.015954604 -34.419998169 -0.085522659 -0.014530065 0.996230185 361.013793945
0.996266007 -0.017360078 0.084572509 33.332592010 0.016070642 0.999744356 0.015903603 -34.619449615 -0.084826969 -0.014485085 0.996290386 363.261779785
0.996308982 -0.017320674 0.084073022 33.618511200 0.015979728 0.999734521 0.016596671 -34.817810059 -0.084338173 -0.015191952 0.996321380 365.501861572
0.996355891 -0.017288582 0.083521985 33.901351929 0.016021812 0.999746561 0.015813507 -35.014732361 -0.083774209 -0.014417709 0.996380448 367.770141602
0.996372163 -0.017898226 0.083199337 34.179149628 0.016647108 0.999738038 0.015707122 -35.213199615 -0.083458684 -0.014265114 0.996409059 370.023895264
0.996363282 -0.017825961 0.083321460 34.452144623 0.016645320 0.999751210 0.014842967 -35.406326294 -0.083565332 -0.013402074 0.996412158 372.291900635
0.996437907 -0.017803175 0.082428493 34.737228394 0.016622858 0.999749541 0.014983547 -35.608860016 -0.082674608 -0.013559976 0.996484339 374.513763428
0.996520579 -0.017732944 0.081439815 35.023300171 0.016495591 0.999738395 0.015841261 -35.806529999 -0.081699423 -0.014442744 0.996552348 376.760040283
0.996431589 -0.017323356 0.082607619 35.284847260 0.016052933 0.999742806 0.016018551 -36.000331879 -0.082863867 -0.014635295 0.996453404 379.014312744
0.996427119 -0.017953120 0.082528651 35.562408447 0.016660763 0.999727845 0.016321683 -36.201309204 -0.082799241 -0.014888375 0.996454954 381.259277344
0.996446133 -0.017754609 0.082339562 35.844219208 0.016461898 0.999730766 0.016352193 -36.393745422 -0.082607731 -0.014938614 0.996470153 383.518585205
0.996467412 -0.017067539 0.082228042 36.127223969 0.015751017 0.999737561 0.016632842 -36.593601227 -0.082490347 -0.015278908 0.996474743 385.773468018
0.996479630 -0.015885266 0.082315780 36.402854919 0.014559041 0.999754727 0.016686710 -36.782382965 -0.082560688 -0.015429527 0.996466577 388.031616211
0.996499538 -0.014665497 0.082301922 36.685829163 0.013337289 0.999772310 0.016664915 -36.987255096 -0.082527556 -0.015508898 0.996468127 390.307281494
0.996496618 -0.013638712 0.082513563 36.958499908 0.012305904 0.999785841 0.016639668 -37.184844971 -0.082722843 -0.015565970 0.996450961 392.582885742
0.996495306 -0.012256038 0.082746148 37.231689453 0.010796942 0.999778628 0.018057948 -37.379859924 -0.082949154 -0.017101256 0.996407032 394.839508057
0.996439517 -0.011082066 0.083579041 37.500190735 0.009574085 0.999784470 0.018421834 -37.575496674 -0.083765179 -0.017556051 0.996330857 397.103790283
0.996382356 -0.010846204 0.084288388 37.776721954 0.009441140 0.999810040 0.017050494 -37.777893066 -0.084457308 -0.016193032 0.996295512 399.371154785
0.996331573 -0.010577674 0.084920473 38.050907135 0.009213181 0.999822438 0.016443739 -37.973228455 -0.085079312 -0.015601028 0.996252060 401.634887695
0.996213794 -0.011670778 0.086150065 38.321456909 0.010216125 0.999798000 0.017306717 -38.164257050 -0.086334646 -0.016361073 0.996131897 403.880432129
0.996217012 -0.013010958 0.085921124 38.608272552 0.011460247 0.999762893 0.018516731 -38.362598419 -0.086141653 -0.017462004 0.996129870 406.163360596
0.996172130 -0.013568235 0.086354449 38.888240814 0.012005246 0.999755085 0.018593358 -38.556774139 -0.086585574 -0.017485475 0.996090949 408.416412354
0.996132076 -0.012128329 0.087027326 39.194290161 0.010641485 0.999789715 0.017528431 -38.743717194 -0.087221615 -0.016534530 0.996051729 410.691833496
0.996084690 -0.011375422 0.087669209 39.482997894 0.009851573 0.999793112 0.017794928 -38.941448212 -0.087853499 -0.016861578 0.995990634 412.953460693
0.996022642 -0.010285104 0.088504426 39.764869690 0.008778237 0.999810100 0.017398302 -39.136150360 -0.088666573 -0.016552195 0.995923817 415.205230713
0.995949924 -0.009103297 0.089447081 40.058647156 0.007572854 0.999819338 0.017434547 -39.329559326 -0.089589648 -0.016686566 0.995838881 417.477752686
0.995912552 -0.009573136 0.089813001 40.358364105 0.008047717 0.999817431 0.017331189 -39.526504517 -0.089962497 -0.016537560 0.995807827 419.734283447
0.995807528 -0.009530418 0.090975769 40.643405914 0.007991706 0.999819040 0.017262759 -39.717735291 -0.091123819 -0.016463334 0.995703459 421.990692139
0.995722830 -0.009488646 0.091903299 40.926265717 0.007949670 0.999822319 0.017097231 -39.914752960 -0.092049196 -0.016293503 0.995621145 424.246246338
0.995670617 -0.010070148 0.092404507 41.224937439 0.008419384 0.999798238 0.018236998 -40.110450745 -0.092569523 -0.017380053 0.995554447 426.516204834
0.995619357 -0.009151481 0.093050413 41.516658783 0.007426208 0.999794364 0.018870641 -40.300937653 -0.093203969 -0.018096967 0.995482564 428.773742676
0.995550036 -0.008323521 0.093865775 41.818092346 0.006522104 0.999789000 0.019481899 -40.490879059 -0.094008103 -0.018783001 0.995394230 431.049835205
0.995553255 -0.008943497 0.093776405 42.120471954 0.007105620 0.999776423 0.019914137 -40.693309784 -0.093933560 -0.019159239 0.995394111 433.299926758
0.995529294 -0.009923207 0.093930520 42.428340912 0.008127684 0.999777257 0.019478746 -40.894561768 -0.094102874 -0.018628225 0.995388210 435.568084717
0.995526791 -0.009065635 0.094042338 42.737098694 0.007267918 0.999784589 0.019440979 -41.071640015 -0.094198309 -0.018670522 0.995378375 437.840972900
0.995483756 -0.009732921 0.094431512 43.041397095 0.007892274 0.999772012 0.019845776 -41.266014099 -0.094603129 -0.019010872 0.995333552 440.130096436
0.995532274 -0.009909233 0.093900412 43.354370117 0.008060304 0.999766529 0.020049177 -41.454540253 -0.094077155 -0.019202743 0.995379627 442.406616211
0.995502114 -0.009901429 0.094219849 43.656684875 0.007931328 0.999742508 0.021261159 -41.665763855 -0.094406106 -0.020418243 0.995324314 444.692749023
0.995433211 -0.010946948 0.094830744 43.952510834 0.008939399 0.999727428 0.021568857 -41.852279663 -0.095040999 -0.020622624 0.995259821 446.954437256
0.995524704 -0.009309978 0.094043359 44.298583984 0.007406934 0.999761105 0.020564662 -42.031150818 -0.094212353 -0.019776054 0.995355666 449.251495361
0.995540619 -0.008481371 0.093951590 44.603221893 0.006645859 0.999781251 0.019832464 -42.218776703 -0.094099261 -0.019119635 0.995379210 451.502136230
0.995503604 -0.007594294 0.094417818 44.905040741 0.005783366 0.999794304 0.019438814 -42.412212372 -0.094546027 -0.018805355 0.995342851 453.768585205
0.995437264 -0.007087627 0.095155016 45.204586029 0.005229678 0.999791086 0.019760700 -42.598747253 -0.095275186 -0.019172911 0.995266318 456.042175293
0.995404720 -0.007092947 0.095493935 45.501430511 0.005271235 0.999799550 0.019315490 -42.793155670 -0.095611803 -0.018723361 0.995242536 458.308044434
0.995453775 -0.006296436 0.095037259 45.819355011 0.004545246 0.999816060 0.018631592 -42.983463287 -0.095137104 -0.018114923 0.995299280 460.591644287
0.995450020 -0.005209166 0.095142782 46.126434326 0.003411818 0.999812841 0.019043963 -43.175857544 -0.095224194 -0.018632704 0.995281398 462.874267578
0.995464206 -0.004745767 0.095017880 46.429462433 0.002824173 0.999789000 0.020347778 -43.366607666 -0.095094398 -0.019987138 0.995267570 465.147888184
0.995512962 -0.005018628 0.094491944 46.728523254 0.003082169 0.999782443 0.020628177 -43.552417755 -0.094574913 -0.020244375 0.995311916 467.412139893
0.995637953 -0.005234251 0.093153968 47.044494629 0.003423156 0.999802232 0.019591117 -43.743160248 -0.093238100 -0.019186780 0.995458961 469.697967529
0.995691299 -0.004912288 0.092599727 47.354518890 0.003155350 0.999812424 0.019110329 -43.934223175 -0.092676252 -0.018735807 0.995519996 471.991607666
0.995784938 -0.005434566 0.091558084 47.658027649 0.003602395 0.999790192 0.020164423 -44.130626678 -0.091648437 -0.019749602 0.995595694 474.271484375
0.995776474 -0.005595433 0.091640800 47.944805145 0.003755960 0.999788284 0.020232823 -44.321411133 -0.091734610 -0.019803170 0.995586574 476.549346924
0.995845735 -0.005477321 0.090890765 48.243896484 0.003691030 0.999796987 0.019809632 -44.498657227 -0.090980805 -0.019391855 0.995663822 478.834014893
0.995864928 -0.005361885 0.090687223 48.539478302 0.003537063 0.999788284 0.020270910 -44.687541962 -0.090776704 -0.019866327 0.995673120 481.113861084
0.995911181 -0.005971843 0.090139687 48.841640472 0.004104185 0.999773324 0.020890750 -44.879459381 -0.090244018 -0.020435384 0.995710015 483.389160156
0.995937288 -0.006605655 0.089807339 49.128051758 0.004828253 0.999788463 0.019994128 -45.067710876 -0.089920409 -0.019479288 0.995758474 485.674621582
0.995999873 -0.006962142 0.089083157 49.429756165 0.005119170 0.999768436 0.020900000 -45.263141632 -0.089208059 -0.020360367 0.995804906 487.981170654
0.996076167 -0.007498370 0.088182516 49.727222443 0.005680009 0.999766409 0.020853305 -45.447360992 -0.088318281 -0.020270603 0.995886028 490.265686035
0.996051967 -0.007392561 0.088463597 49.984527588 0.005506486 0.999752700 0.021545442 -45.651176453 -0.088601001 -0.020973252 0.995846391 492.531677246
0.996136367 -0.007007817 0.087539718 50.290157318 0.005109873 0.999747396 0.021886254 -45.836574554 -0.087670967 -0.021354374 0.995920599 494.822875977
0.996156693 -0.007052480 0.087304384 50.573158264 0.005194551 0.999755561 0.021489982 -46.023639679 -0.087434575 -0.020953881 0.995949805 497.127746582
0.996174991 -0.006893348 0.087108240 50.872550964 0.005061994 0.999761879 0.021227324 -46.222335815 -0.087233819 -0.020705193 0.995972693 499.451263428
0.996215999 -0.006833224 0.086642683 51.159538269 0.004935508 0.999743581 0.022098124 -46.409809113 -0.086771473 -0.021586876 0.995994329 501.746093750
0.996229351 -0.006496975 0.086514965 51.444709778 0.004583490 0.999740899 0.022297684 -46.599761963 -0.086637422 -0.021817064 0.996001005 504.030426025
0.996255875 -0.005613603 0.086271413 51.732677460 0.003753555 0.999757290 0.021707531 -46.789875031 -0.086372331 -0.021302432 0.996035159 506.318695068
0.996230900 -0.005144906 0.086588323 52.010231018 0.003234773 0.999748647 0.022185815 -46.976211548 -0.086680703 -0.021822101 0.995997131 508.610382080
0.996281087 -0.005759994 0.085970081 52.306385040 0.003960858 0.999769866 0.021083379 -47.161819458 -0.086071737 -0.020664454 0.996074617 510.902038574
0.996323228 -0.006632175 0.085416757 52.602043152 0.004781559 0.999749720 0.021852124 -47.356185913 -0.085540295 -0.021363357 0.996105671 513.205810547
0.996358275 -0.006399456 0.085024834 52.893920898 0.004544634 0.999747872 0.021990713 -47.541423798 -0.085144125 -0.021524223 0.996136129 515.510192871
0.996363759 -0.005309401 0.085035883 53.176856995 0.003459972 0.999754727 0.021881431 -47.729492188 -0.085131183 -0.021507643 0.996137738 517.818176270
0.996349633 -0.004406760 0.085252479 53.453056335 0.002575711 0.999763846 0.021576039 -47.920127869 -0.085327417 -0.021277690 0.996125698 520.114501953
0.996303439 -0.002820494 0.085857771 53.744556427 0.000961662 0.999764442 0.021683794 -48.111122131 -0.085898705 -0.021521071 0.996071398 522.470825195
0.996276438 -0.000810660 0.086212657 54.036636353 -0.001072177 0.999761999 0.021790903 -48.299209595 -0.086209804 -0.021802194 0.996038437 524.801147461
0.996233463 -0.000341893 0.086710662 54.326038361 -0.001646847 0.999737263 0.022862786 -48.481697083 -0.086695693 -0.022919472 0.995971143 527.118896484
0.996198416 -0.000817821 0.087108910 54.618724823 -0.001166187 0.999741137 0.022722861 -48.667274475 -0.087104954 -0.022738066 0.995939612 529.440307617
0.996142387 -0.002533427 0.087716237 54.898284912 0.000420952 0.999709606 0.024093177 -48.851966858 -0.087751806 -0.023963310 0.995854020 531.748535156
0.996087968 -0.004059813 0.088272937 55.194698334 0.001964256 0.999714434 0.023813428 -49.035289764 -0.088344388 -0.023546878 0.995811641 534.076416016
0.996043265 -0.004017860 0.088778235 55.484024048 0.001965722 0.999729156 0.023190670 -49.219863892 -0.088847362 -0.022924399 0.995781422 536.389099121
0.995964646 -0.004115887 0.089651830 55.774612427 0.002069165 0.999735355 0.022910658 -49.403575897 -0.089722402 -0.022632701 0.995709598 538.708496094
0.995887399 -0.003711461 0.090524860 56.064548492 0.001704080 0.999751151 0.022242134 -49.593719482 -0.090584882 -0.021996398 0.995645761 541.026123047
0.995800197 -0.002997732 0.091503866 56.355747223 0.000982421 0.999756157 0.022061428 -49.785358429 -0.091547690 -0.021878880 0.995560288 543.344909668
0.995721102 -0.002590165 0.092372693 56.660514832 0.000656690 0.999780238 0.020955496 -49.972770691 -0.092406683 -0.020805169 0.995503902 545.667114258
0.995617330 -0.002857265 0.093477145 56.941787720 0.000816754 0.999760687 0.021859964 -50.172866821 -0.093517222 -0.021687811 0.995381415 547.986511230
0.995542645 -0.002969735 0.094264999 57.241493225 0.000816805 0.999738038 0.022869496 -50.365436554 -0.094308242 -0.022690566 0.995284438 550.308044434
0.995466888 -0.003051353 0.095059536 57.535770416 0.000880909 0.999738097 0.022866061 -50.551799774 -0.095104419 -0.022678673 0.995208859 552.610839844
0.995495319 -0.004290203 0.094713435 57.852104187 0.002226216 0.999758005 0.021886820 -50.738296509 -0.094784409 -0.021577379 0.995263934 554.928833008
0.995505691 -0.004654920 0.094588526 58.165683746 0.002544474 0.999745369 0.022420233 -50.929714203 -0.094668813 -0.022078788 0.995263875 557.247436523
0.995453000 -0.004517150 0.095146939 58.468513489 0.002354897 0.999736607 0.022825446 -51.116798401 -0.095225006 -0.022497596 0.995201528 559.557434082
0.995442808 -0.003905203 0.095280692 58.781864166 0.001645224 0.999715686 0.023786204 -51.303520203 -0.095346496 -0.023521047 0.995166242 561.894287109
0.995443344 -0.004349321 0.095256753 59.100067139 0.002013793 0.999695301 0.024600662 -51.492607117 -0.095334731 -0.024296736 0.995148718 564.224792480
0.995423377 -0.003859469 0.095485419 59.412872314 0.001455878 0.999680638 0.025229216 -51.673042297 -0.095552281 -0.024974732 0.995111048 566.544921875
0.995377600 -0.002899618 0.095994838 59.728179932 0.000548159 0.999699295 0.024512995 -51.860027313 -0.096037060 -0.024347065 0.995079935 568.873168945
0.995398641 -0.001818552 0.095803015 60.056278229 -0.000369009 0.999739707 0.022811281 -52.037498474 -0.095819548 -0.022741672 0.995139003 571.203125000
0.995375693 -0.001536213 0.096046157 60.379493713 -0.000674646 0.999735594 0.022981996 -52.225162506 -0.096056081 -0.022940522 0.995111525 573.525451660
0.995405674 -0.001364739 0.095737837 60.708408356 -0.000959551 0.999705911 0.024227420 -52.419120789 -0.095742770 -0.024207970 0.995111644 575.899597168
0.995393515 -0.001429976 0.095863007 61.029815674 -0.001045606 0.999667466 0.025768952 -52.613994598 -0.095867947 -0.025750484 0.995060921 578.216186523
0.995323062 -0.001125281 0.096596725 61.337341309 -0.001195632 0.999712050 0.023965573 -52.799694061 -0.096595906 -0.023968982 0.995034993 580.599975586
0.995370328 -0.001828931 0.096096523 61.659862518 -0.000442136 0.999721229 0.023606580 -52.979064941 -0.096112907 -0.023539776 0.995092094 582.940979004
0.995333254 -0.002397282 0.096466929 61.976440430 -0.000017274 0.999686897 0.025021262 -53.172363281 -0.096496701 -0.024906158 0.995021641 585.260192871
0.995388985 -0.002205489 0.095895074 62.296237946 -0.000220450 0.999680340 0.025279898 -53.356121063 -0.095920190 -0.025184471 0.995070338 587.576110840
0.995343208 -0.004488856 0.096289441 62.620609283 0.002185630 0.999709308 0.024011960 -53.545616150 -0.096369229 -0.023689689 0.995063722 589.937866211
0.995345354 -0.004537543 0.096264854 62.940147400 0.002258191 0.999714732 0.023773680 -53.724685669 -0.096345276 -0.023445634 0.995071769 592.286254883
0.995364189 -0.006315636 0.095969804 63.257808685 0.004005852 0.999698102 0.024241457 -53.911319733 -0.096093930 -0.023744637 0.995088995 594.623596191
0.995389581 -0.007064708 0.095653675 63.583961487 0.004734606 0.999687016 0.024564860 -54.097949982 -0.095797293 -0.023998724 0.995111525 596.980041504
