1.000000000 0.000000000 0.000000000 0.000000000 0.000000000 1.000000000 0.000000000 0.000000000 0.000000000 0.000000000 1.000000000 0.000000000
0.999999940 -0.000077718 0.000301223 0.088395275 0.000077788 1.000000000 -0.000231146 -0.226646245 -0.000301205 0.000231169 0.999999940 2.287508726
0.999999464 0.000152738 0.001050407 0.167800397 -0.000152994 0.999999940 0.000243872 -0.464064538 -0.001050370 -0.000244033 0.999999404 4.584224701
0.999998808 -0.000231427 0.001499903 0.267212898 0.000230678 0.999999762 0.000499515 -0.696939588 -0.001500018 -0.000499168 0.999998748 6.871386528
0.999997079 -0.000443623 0.002362763 0.361159116 0.000446766 0.999998927 -0.001330215 -0.928189039 -0.002362170 0.001331266 0.999996305 9.161743164
0.999989390 0.001345119 0.004398800 0.452382177 -0.001345282 0.999999166 0.000034290 -1.164335132 -0.004398750 -0.000040207 0.999990344 11.465174675
0.999972224 0.003220682 0.006710733 0.553042769 -0.003229800 0.999993861 0.001348393 -1.398592353 -0.006706349 -0.001370030 0.999976516 13.750821114
0.999953628 0.003084501 0.009126186 0.657850564 -0.003120964 0.999987185 0.003983972 -1.627547860 -0.009113781 -0.004012269 0.999950409 16.023586273
0.999944448 0.003367349 0.009988752 0.757417917 -0.003420976 0.999979794 0.005356514 -1.858401537 -0.009970514 -0.005390387 0.999935687 18.314636230
0.999923170 0.002522960 0.012143478 0.860404134 -0.002589531 0.999981642 0.005469468 -2.082012892 -0.012129457 -0.005500493 0.999911249 20.609535217
0.999931157 0.000019610 0.011732761 0.988385618 -0.000059703 0.999994159 0.003416856 -2.310944557 -0.011732624 -0.003417321 0.999925256 22.899496078
0.999919236 -0.002151606 0.012524034 1.095216513 0.002133325 0.999996603 0.001472827 -2.530190706 -0.012527159 -0.001445990 0.999920487 25.182826996
0.999916673 -0.002816252 0.012598920 1.225931644 0.002798104 0.999994993 0.001457788 -2.786136389 -0.012602963 -0.001422413 0.999919534 27.473409653
0.999897242 -0.002487421 0.014120690 1.325002909 0.002482283 0.999996841 0.000381369 -3.007479191 -0.014121594 -0.000346278 0.999900222 29.759483337
0.999896824 -0.000419502 0.014356733 1.455395222 0.000372560 0.999994695 0.003272167 -3.238759995 -0.014358029 -0.003266481 0.999891520 32.019474030
0.999898076 0.001549030 0.014195841 1.587996244 -0.001626969 0.999983668 0.005480374 -3.456921101 -0.014187122 -0.005502911 0.999884248 34.302688599
0.999867201 0.003452660 0.015922923 1.701606989 -0.003603345 0.999948919 0.009444502 -3.683195114 -0.015889497 -0.009500623 0.999828637 36.612701416
0.999853134 0.005302461 0.016297888 1.823305607 -0.005451158 0.999943674 0.009092845 -3.899061203 -0.016248755 -0.009180350 0.999825895 38.884620667
0.999818146 0.004387711 0.018559057 1.925888062 -0.004534363 0.999958754 0.007867184 -4.103665829 -0.018523779 -0.007949907 0.999796748 41.182823181
0.999825656 0.001851721 0.018581206 2.052845001 -0.001983006 0.999973238 0.007049590 -4.326448441 -0.018567653 -0.007085207 0.999802530 43.460819244
0.999823511 0.001859793 0.018699883 2.179922342 -0.001966283 0.999981940 0.005677884 -4.550427437 -0.018688986 -0.005713651 0.999809027 45.722457886
0.999822497 0.001211914 0.018807214 2.308191061 -0.001290838 0.999990404 0.004184903 -4.769991875 -0.018801963 -0.004208436 0.999814391 47.998519897
0.999825478 -0.000305695 0.018687205 2.446260452 0.000220640 0.999989569 0.004553397 -4.994986057 -0.018688401 -0.004548478 0.999814987 50.279327393
0.999809980 -0.001012134 0.019467972 2.575827837 0.000917327 0.999987781 0.004878208 -5.214657307 -0.019472666 -0.004859422 0.999798596 52.544635773
0.999802530 -0.002415152 0.019727459 2.709654331 0.002311837 0.999983549 0.005258256 -5.445308685 -0.019739835 -0.005211610 0.999791622 54.825546265
0.999760449 -0.002397191 0.021761069 2.825592518 0.002286675 0.999984384 0.005102095 -5.664803982 -0.021772956 -0.005051110 0.999750197 57.124084473
0.999748349 -0.003663651 0.022136649 2.966839552 0.003537843 0.999977410 0.005719690 -5.886868954 -0.022157105 -0.005639934 0.999738574 59.391849518
0.999695599 -0.004716503 0.024215817 3.086257935 0.004590364 0.999975562 0.005261936 -6.109882832 -0.024240045 -0.005149175 0.999692917 61.663673401
0.999673605 -0.005736251 0.024896437 3.236252785 0.005605847 0.999970198 0.005304518 -6.333015442 -0.024926120 -0.005163222 0.999675989 63.917423248
0.999639273 -0.005179459 0.026351968 3.377728224 0.005027856 0.999970436 0.005816003 -6.551545143 -0.026381312 -0.005681411 0.999635816 66.185104370
0.999615610 -0.004450561 0.027365630 3.527428627 0.004285594 0.999972284 0.006083955 -6.774119854 -0.027391946 -0.005964338 0.999606967 68.437973022
0.999569714 -0.004620778 0.028965376 3.665474892 0.004448996 0.999972165 0.005992243 -6.998013496 -0.028992254 -0.005860798 0.999562442 70.685554504
0.999555111 -0.005491299 0.029314626 3.830871582 0.005360809 0.999975383 0.004528116 -7.216791153 -0.029338770 -0.004368952 0.999559939 72.928657532
0.999540687 -0.006337646 0.029632369 3.986409664 0.006196234 0.999968946 0.004861590 -7.438694954 -0.029662261 -0.004675749 0.999548972 75.189201355
0.999499798 -0.007535140 0.030711016 4.153155804 0.007401642 0.999962747 0.004458257 -7.669009686 -0.030743457 -0.004228716 0.999518335 77.454788208
0.999493480 -0.008023002 0.030794555 4.309800625 0.007884515 0.999958277 0.004616002 -7.897590637 -0.030830303 -0.004370864 0.999515057 79.710784912
0.999460161 -0.008530528 0.031727027 4.459796906 0.008403080 0.999956131 0.004148233 -8.111236572 -0.031761020 -0.003879388 0.999487936 81.966339111
0.999444902 -0.008161946 0.032299127 4.630236626 0.008032820 0.999959230 0.004125579 -8.341872215 -0.032331482 -0.003863835 0.999469757 84.247283936
0.999403238 -0.007806435 0.033650283 4.794011116 0.007657601 0.999960303 0.004549634 -8.556770325 -0.033684466 -0.004289240 0.999423265 86.497291565
0.999399126 -0.008012399 0.033722542 4.961077690 0.007819518 0.999952316 0.005847613 -8.786532402 -0.033767790 -0.005580404 0.999414146 88.786430359
0.999378145 -0.006953720 0.034568820 5.123235226 0.006739926 0.999957383 0.006297278 -9.007929802 -0.034611132 -0.006060370 0.999382496 91.042984009
0.999346495 -0.006705180 0.035520457 5.290470123 0.006479025 0.999958098 0.006478188 -9.227804184 -0.035562407 -0.006243817 0.999347985 93.281982422
0.999338031 -0.006508528 0.035792783 5.465251923 0.006293845 0.999961495 0.006107360 -9.452514648 -0.035831172 -0.005878042 0.999340594 95.510314941
0.999297619 -0.007302999 0.036755595 5.633136749 0.007069042 0.999953866 0.006491151 -9.670276642 -0.036801308 -0.006226765 0.999303222 97.751640320
0.999271035 -0.007129368 0.037502382 5.799096107 0.006904514 0.999957442 0.006121803 -9.897757530 -0.037544433 -0.005858406 0.999277771 99.990592957
0.999201834 -0.007178982 0.039295424 5.953977108 0.006906787 0.999951184 0.007058261 -10.109437943 -0.039344177 -0.006781223 0.999202728 102.220382690
0.999204457 -0.007603068 0.039152082 6.156434536 0.007343127 0.999950051 0.006778826 -10.321914673 -0.039201673 -0.006485933 0.999210298 104.469039917
0.999167562 -0.008515095 0.039895821 6.333308220 0.008216289 0.999936938 0.007647670 -10.535825729 -0.039958429 -0.007313508 0.999174595 106.698768616
0.999143541 -0.009985046 0.040155794 6.520164490 0.009675869 0.999922216 0.007886413 -10.749841690 -0.040231414 -0.007491116 0.999162316 108.948562622
0.999098480 -0.011236481 0.040938899 6.699357986 0.010879080 0.999900818 0.008942489 -10.970758438 -0.041035336 -0.008489049 0.999121606 111.201789856
0.999072015 -0.011833914 0.041412909 6.888329983 0.011525048 0.999904037 0.007689054 -11.190240860 -0.041499920 -0.007204632 0.999112487 113.462196350
0.999021411 -0.012313777 0.042481102 7.068184376 0.012028090 0.999903321 0.006974143 -11.405433655 -0.042562868 -0.006456351 0.999072850 115.705574036
0.998991966 -0.012680016 0.043061584 7.251004219 0.012379521 0.999897122 0.007237796 -11.623802185 -0.043148939 -0.006697419 0.999046147 117.933303833
0.998940051 -0.012732506 0.044233810 7.438937187 0.012384676 0.999890208 0.008128615 -11.839729309 -0.044332456 -0.007572177 0.998988152 120.183708191
0.998898983 -0.013461659 0.044939995 7.636289120 0.013080645 0.999876082 0.008761628 -12.058742523 -0.045052376 -0.008164137 0.998951256 122.390357971
0.998860002 -0.014059444 0.045617871 7.835690975 0.013684538 0.999870181 0.008520252 -12.277673721 -0.045731734 -0.007886280 0.998922646 124.670310974
0.998818994 -0.014741272 0.046295952 8.021914482 0.014399819 0.999866605 0.007700377 -12.495627403 -0.046403293 -0.007024630 0.998898089 126.944381714
0.998804867 -0.016374039 0.046049934 8.215377808 0.016018851 0.999839008 0.008071642 -12.706105232 -0.046174686 -0.007324329 0.998906553 129.209320068
0.998837411 -0.017349565 0.044975299 8.410615921 0.016979346 0.999818861 0.008600622 -12.922100067 -0.045116369 -0.007826972 0.998951077 131.463943481
0.998893917 -0.017767608 0.043534938 8.609756470 0.017369818 0.999804020 0.009498568 -13.129852295 -0.043695167 -0.008731866 0.999006748 133.701095581
0.998939037 -0.018833240 0.042024232 8.794812202 0.018461585 0.999787092 0.009214466 -13.345039368 -0.042188827 -0.008428856 0.999074101 135.949325562
0.999015570 -0.019456822 0.039865244 9.006265640 0.019126210 0.999779522 0.008657952 -13.551244736 -0.040024918 -0.007886957 0.999167621 138.173614502
0.998994410 -0.020524442 0.039860886 9.179606438 0.020181175 0.999755859 0.008995015 -13.774593353 -0.040035777 -0.008181532 0.999164760 140.466995239
0.998974025 -0.020881949 0.040181842 9.349534988 0.020525500 0.999746382 0.009263105 -13.979456902 -0.040365081 -0.008428850 0.999149501 142.698120117
0.999039054 -0.020672785 0.038644977 9.549284935 0.020288607 0.999741018 0.010307127 -14.195355415 -0.038848042 -0.009513168 0.999199867 144.910812378
0.999049902 -0.019709809 0.038868811 9.723611832 0.019363649 0.999769628 0.009262294 -14.405999184 -0.039042417 -0.008500854 0.999201417 147.157699585
0.999068797 -0.018485345 0.038982816 9.900671005 0.018195987 0.999804318 0.007764562 -14.617193222 -0.039118718 -0.007048002 0.999209702 149.400512695
0.999080777 -0.017251138 0.039243367 10.078117371 0.016995722 0.999832213 0.006832851 -14.832263947 -0.039354660 -0.006159600 0.999206305 151.647155762
0.999091387 -0.016434675 0.039322875 10.262080193 0.016173819 0.999845028 0.006942629 -15.044623375 -0.039430887 -0.006300320 0.999202430 153.878067017
0.999088585 -0.015754860 0.039670452 10.447919846 0.015483835 0.999854684 0.007129987 -15.254670143 -0.039777018 -0.006509237 0.999187410 156.126525879
0.999081314 -0.014551979 0.040308408 10.620061874 0.014218856 0.999862373 0.008538807 -15.469234467 -0.040427130 -0.007957823 0.999150813 158.371322632
0.999030709 -0.013784902 0.041804057 10.799596786 0.013397351 0.999864757 0.009536715 -15.681690216 -0.041929871 -0.008967407 0.999080360 160.606033325
0.999015331 -0.012403103 0.042596765 10.972742081 0.011925063 0.999863207 0.011458246 -15.898813248 -0.042733051 -0.010938996 0.999026656 162.868072510
0.998984337 -0.012054424 0.043414820 11.155422211 0.011608263 0.999877334 0.010514210 -16.094957352 -0.043536227 -0.009999561 0.999001801 165.112152100
0.998942673 -0.011492930 0.044514094 11.347427368 0.011085987 0.999894559 0.009378036 -16.304277420 -0.044617184 -0.008874638 0.998964727 167.350646973
0.998868883 -0.009594362 0.046573352 11.531929970 0.009153754 0.999911427 0.009664647 -16.514493942 -0.046661954 -0.009227393 0.998868048 169.579940796
0.998766959 -0.009023074 0.048817433 11.734966278 0.008531529 0.999910891 0.010268052 -16.735708237 -0.048905723 -0.009838903 0.998754919 171.812057495
0.998646677 -0.009136132 0.051197436 11.935128212 0.008644627 0.999914408 0.009813420 -16.940105438 -0.051282719 -0.009357559 0.998640358 174.071197510
0.998571515 -0.009121507 0.052647494 12.140115738 0.008589533 0.999909818 0.010321909 -17.152202606 -0.052736908 -0.009854948 0.998559833 176.307693481
0.998529553 -0.009400479 0.053390041 12.345479965 0.008786702 0.999892652 0.011719228 -17.362329483 -0.053494480 -0.011232871 0.998505056 178.531204224
0.998518884 -0.011027315 0.053277373 12.559284210 0.010443743 0.999882519 0.011219480 -17.574756622 -0.053394835 -0.010646446 0.998516858 180.767730713
0.998486161 -0.011928320 0.053695779 12.761800766 0.011365389 0.999877393 0.010776894 -17.777883530 -0.053817749 -0.010150307 0.998499215 183.016937256
0.998543382 -0.013834664 0.052149404 12.986342430 0.013281030 0.999851823 0.010947920 -18.005161285 -0.052293144 -0.010239375 0.998579264 185.270507812
0.998543739 -0.015600344 0.051642735 13.192924500 0.015004474 0.999816537 0.011906001 -18.218196869 -0.051818993 -0.011113793 0.998594642 187.514724731
0.998569548 -0.016540661 0.050844591 13.404701233 0.015982715 0.999807715 0.011360683 -18.420232773 -0.051022734 -0.010531797 0.998642027 189.757812500
0.998522878 -0.017854083 0.051315814 13.604137421 0.017290372 0.999785423 0.011408173 -18.636960983 -0.051508494 -0.010504052 0.998617291 191.990997314
0.998480499 -0.018886872 0.051767830 13.792042732 0.018325545 0.999768257 0.011296452 -18.839941025 -0.051969189 -0.010330615 0.998595238 194.227890015
0.998498201 -0.018623527 0.051520400 14.006718636 0.018049723 0.999770045 0.011580382 -19.058084488 -0.051724225 -0.010633063 0.998604774 196.476623535
0.998516679 -0.016217269 0.051975563 14.208969116 0.015638869 0.999811411 0.011515768 -19.260417938 -0.052152511 -0.010685848 0.998581886 198.713439941
0.998526216 -0.014411729 0.052324980 14.411751747 0.013829916 0.999838591 0.011464379 -19.474348068 -0.052481767 -0.010723833 0.998564303 200.943725586
0.998499393 -0.013781007 0.052998569 14.621813774 0.013221146 0.999853134 0.010899835 -19.681474686 -0.053140998 -0.010182778 0.998535037 203.201675415
0.998458564 -0.014100825 0.053680107 14.822171211 0.013496568 0.999841511 0.011602527 -19.883693695 -0.053835213 -0.010860144 0.998490751 205.425537109
0.998435736 -0.015184592 0.053808533 15.050763130 0.014564694 0.999823213 0.011893924 -20.102020264 -0.053979624 -0.011091618 0.998480380 207.680908203
0.998371184 -0.014851131 0.055085696 15.256985664 0.014224901 0.999829888 0.011743075 -20.294118881 -0.055250715 -0.010940359 0.998412549 209.924514771
0.998309612 -0.014661766 0.056239810 15.477794647 0.013916895 0.999810398 0.013613440 -20.520719528 -0.056428760 -0.012807746 0.998324394 212.160797119
0.998253405 -0.013327288 0.057553425 15.715673447 0.012555644 0.999826670 0.013748341 -20.720561981 -0.057726674 -0.013001708 0.998247802 214.393432617
0.998054743 -0.012231676 0.061131556 15.908073425 0.011394891 0.999836802 0.014018207 -20.921091080 -0.061293047 -0.013294351 0.998031259 216.634246826
0.997922719 -0.012268137 0.063242406 16.135490417 0.011372865 0.999830186 0.014496811 -21.121532440 -0.063409500 -0.013747449 0.997892916 218.874145508
0.997781098 -0.013778960 0.065138474 16.368204117 0.012828282 0.999805331 0.014990567 -21.316911697 -0.065332353 -0.014121690 0.997763634 221.102508545
0.997671902 -0.014784790 0.066574350 16.602338791 0.013750128 0.999777853 0.015972974 -21.513317108 -0.066795737 -0.015020387 0.997653604 223.330856323
0.997597277 -0.016963441 0.067170776 16.848926544 0.015973460 0.999756157 0.015248044 -21.712659836 -0.067413062 -0.014138456 0.997624934 225.552642822
0.997563541 -0.018335512 0.067311428 17.090209961 0.017358819 0.999735773 0.015066451 -21.908945084 -0.067569897 -0.013861296 0.997618258 227.794281006
0.997524142 -0.018491441 0.067850478 17.330686569 0.017504891 0.999732673 0.015105953 -22.103446960 -0.068111666 -0.013880836 0.997581124 230.030151367
0.997471631 -0.019561594 0.068320282 17.579179764 0.018628610 0.999724686 0.014266546 -22.304327011 -0.068580531 -0.012957763 0.997561455 232.279403687
0.997422397 -0.020593215 0.068734452 17.821598053 0.019586161 0.999691188 0.015293361 -22.497882843 -0.069028169 -0.013907695 0.997517765 234.516281128
0.997395575 -0.020105874 0.069266714 18.089313507 0.019042727 0.999691188 0.015974952 -22.704633713 -0.069566511 -0.014614322 0.997470200 236.759628296
0.997354507 -0.020019550 0.069880269 18.330642700 0.018957805 0.999695003 0.015824154 -22.895599365 -0.070175752 -0.014457514 0.997429848 238.984222412
0.997322202 -0.020305816 0.070256524 18.579193115 0.019218063 0.999685228 0.016124118 -23.092226028 -0.070561834 -0.014730750 0.997398615 241.211059570
0.997273624 -0.020806585 0.070797727 18.828216553 0.019695712 0.999672294 0.016352914 -23.286703110 -0.071114749 -0.014913916 0.997356653 243.457321167
0.997236073 -0.021326495 0.071171269 19.078382492 0.020247631 0.999669433 0.015845954 -23.488195419 -0.071485661 -0.014361110 0.997338235 245.679260254
0.997241855 -0.021000985 0.071187049 19.335788727 0.019963585 0.999684274 0.015253279 -23.687049866 -0.071484901 -0.013790060 0.997346342 247.912673950
0.997204185 -0.021250950 0.071638763 19.585847855 0.020177849 0.999673605 0.015669934 -23.880802155 -0.071948357 -0.014180608 0.997307539 250.152252197
0.997172415 -0.022309773 0.071759351 19.842292786 0.021250362 0.999654233 0.015493121 -24.074653625 -0.072080165 -0.013924403 0.997301638 252.381759644
0.997171402 -0.022405677 0.071743846 20.108175278 0.021286028 0.999639988 0.016333019 -24.274055481 -0.072083972 -0.014759678 0.997289300 254.641662598
0.997142673 -0.023163740 0.071901456 20.353662491 0.022017121 0.999618113 0.016698990 -24.470073700 -0.072260804 -0.015068213 0.997271955 256.861419678
0.997096717 -0.023870690 0.072305985 20.612665176 0.022642002 0.999585807 0.017765243 -24.685873032 -0.072700113 -0.016076514 0.997224271 259.116699219
0.997064054 -0.023639267 0.072831281 20.871997833 0.022438357 0.999599159 0.017263316 -24.877609253 -0.073210187 -0.015578419 0.997194827 261.362823486
0.997030675 -0.023702661 0.073266871 21.133190155 0.022533251 0.999605834 0.016746720 -25.068714142 -0.073634923 -0.015046052 0.997171879 263.621429443
0.997005403 -0.022944104 0.073849417 21.395050049 0.021787062 0.999627531 0.016435349 -25.267375946 -0.074199028 -0.014777171 0.997133911 265.862701416
0.996944964 -0.022276875 0.074862085 21.654958725 0.021098007 0.999641240 0.016501391 -25.457447052 -0.075202838 -0.014871538 0.997057259 268.108825684
0.996809006 -0.021876618 0.076767601 21.906213760 0.020648932 0.999646485 0.016749861 -25.676134109 -0.077106893 -0.015111242 0.996908307 270.369659424
0.996713221 -0.022562312 0.077806510 22.182678223 0.021287579 0.999625862 0.017174214 -25.872884750 -0.078164913 -0.015461456 0.996820509 272.619689941
0.996502042 -0.023099652 0.080312341 22.429601669 0.021727066 0.999603271 0.017922815 -26.065441132 -0.080694497 -0.016115176 0.996608615 274.872955322
0.996380508 -0.023110548 0.081803583 22.705699921 0.021607568 0.999581933 0.019210946 -26.249464035 -0.082213372 -0.017373836 0.996463358 277.113616943
0.996295094 -0.022404674 0.083029889 22.987874985 0.020746008 0.999568701 0.020786049 -26.455492020 -0.083459757 -0.018986501 0.996330261 279.370971680
0.996204138 -0.022242229 0.084158733 23.275941849 0.020475863 0.999552786 0.021793857 -26.645080566 -0.084605850 -0.019987905 0.996213973 281.608947754
0.996176064 -0.021684418 0.084635012 23.563552856 0.019899705 0.999562681 0.021874210 -26.825283051 -0.085072331 -0.020106357 0.996171832 283.866088867
0.996065736 -0.020807942 0.086139314 23.835985184 0.019017093 0.999586701 0.021558866 -27.005392075 -0.086552307 -0.019835925 0.996049821 286.097381592
0.996104836 -0.021367775 0.085548945 24.132324219 0.019676384 0.999594867 0.020565758 -27.187812805 -0.085953735 -0.018802360 0.996121705 288.348846436
0.996039867 -0.022104021 0.086116165 24.407516479 0.020393865 0.999577940 0.020688176 -27.375408173 -0.086537115 -0.018850002 0.996070266 290.575744629
0.995981216 -0.021515900 0.086941130 24.671422958 0.019892294 0.999611974 0.019498309 -27.552856445 -0.087326929 -0.017690489 0.996022642 292.837005615
0.995977998 -0.021937037 0.086871214 24.957628250 0.020400317 0.999620020 0.018538147 -27.735240936 -0.087244861 -0.016691385 0.996047080 295.068878174
0.995948732 -0.022020612 0.087185070 25.238309860 0.020476762 0.999617994 0.018562745 -27.925771713 -0.087560534 -0.016702279 0.996019125 297.306671143
0.995946288 -0.021465141 0.087351240 25.523561478 0.019870205 0.999620259 0.019087737 -28.112035751 -0.087727793 -0.017274674 0.995994806 299.547180176
0.995930493 -0.021197971 0.087596498 25.804876328 0.019532381 0.999612570 0.019828057 -28.302133560 -0.087982878 -0.018036399 0.995958686 301.787261963
0.995921612 -0.021478336 0.087629214 26.099218369 0.019807475 0.999605834 0.019892700 -28.487668991 -0.088021949 -0.018075852 0.995954454 304.042327881
0.995891750 -0.021281559 0.088015229 26.388778687 0.019570423 0.999603212 0.020258898 -28.673500061 -0.088411443 -0.018453175 0.995913088 306.275665283
0.995872915 -0.021742841 0.088115804 26.670793533 0.020034779 0.999594748 0.020222679 -28.863723755 -0.088519782 -0.018373838 0.995904922 308.516815186
0.995806098 -0.023457499 0.088429689 26.960773468 0.021708330 0.999550164 0.020690558 -29.047752380 -0.088875279 -0.018684121 0.995867610 310.776702881
0.995777905 -0.023139834 0.088830397 27.251567841 0.021450387 0.999571323 0.019926658 -29.234331131 -0.089253418 -0.017937081 0.995847404 313.028625488
0.995773792 -0.023084940 0.088891208 27.543676376 0.021316500 0.999556482 0.020792749 -29.424259186 -0.089331783 -0.018810023 0.995824277 315.270263672
0.995735526 -0.021934511 0.089607477 27.833908081 0.020223955 0.999596477 0.019953048 -29.611202240 -0.090008959 -0.018055744 0.995777249 317.514312744
0.995710850 -0.019996960 0.090333089 28.113281250 0.018207047 0.999622107 0.020595416 -29.797019958 -0.090710804 -0.018862383 0.995698750 319.750396729
0.995662987 -0.018708117 0.091133244 28.399425507 0.016936226 0.999652982 0.020177580 -29.985401154 -0.091479108 -0.018546624 0.995634258 321.979125977
0.995631397 -0.017816221 0.091655612 28.686033249 0.015989548 0.999659538 0.020625647 -30.165916443 -0.091991879 -0.019070007 0.995577157 324.220916748
0.995644391 -0.017158046 0.091639608 28.985885620 0.015195626 0.999640882 0.022069581 -30.360321045 -0.091985382 -0.020580934 0.995547593 326.446014404
0.995586157 -0.017707270 0.092166774 29.267799377 0.015747743 0.999635160 0.021944687 -30.546501160 -0.092521735 -0.020396410 0.995501697 328.689636230
0.995553315 -0.019143542 0.092234127 29.567239761 0.017261293 0.999627054 0.021162057 -30.726432800 -0.092604838 -0.019475874 0.995512366 330.929870605
0.995572031 -0.018556118 0.092152037 29.861745834 0.016675930 0.999637604 0.021131421 -30.913116455 -0.092510760 -0.019501125 0.995520711 333.155517578
0.995520234 -0.018749060 0.092670836 30.147920609 0.016753994 0.999611855 0.022259867 -31.094127655 -0.093052208 -0.020607542 0.995447934 335.385345459
0.995550692 -0.019133963 0.092264384 30.454378128 0.017137313 0.999602556 0.022384489 -31.275814056 -0.092656016 -0.020703726 0.995482922 337.621093750
0.995525479 -0.018796545 0.092604965 30.742158890 0.016748818 0.999598801 0.022840334 -31.463640213 -0.092997141 -0.021187112 0.995440841 339.859771729
0.995558918 -0.018760193 0.092251666 31.048061371 0.016741084 0.999604106 0.022612395 -31.647224426 -0.092639379 -0.020967584 0.995478928 342.107635498
0.995548129 -0.019266928 0.092263781 31.340631485 0.017201846 0.999584556 0.023125593 -31.825651169 -0.092671014 -0.021435531 0.995465994 344.363403320
0.995591640 -0.018538922 0.091943741 31.638664246 0.016462652 0.999593198 0.023289297 -32.005279541 -0.092338100 -0.021672990 0.995491803 346.612426758
0.995613098 -0.018129796 0.091792360 31.929294586 0.016083762 0.999606669 0.022980731 -32.179801941 -0.092172876 -0.021403553 0.995512962 348.847229004
0.995590866 -0.017773706 0.092102550 32.219417572 0.015663164 0.999599040 0.023587596 -32.366031647 -0.092484869 -0.022040974 0.995470047 351.085815430
0.995613098 -0.017816514 0.091853529 32.510269165 0.015697235 0.999594867 0.023743510 -32.540496826 -0.092239350 -0.022197507 0.995489359 353.307128906
0.995640039 -0.017034022 0.091710038 32.801250458 0.014938857 0.999612570 0.023483783 -32.723632812 -0.092074543 -0.022011355 0.995508790 355.549774170
0.995683908 -0.016998362 0.091238789 33.098377228 0.014853186 0.999598265 0.024139477 -32.904312134 -0.091612458 -0.022680104 0.995536447 357.780853271
0.995729804 -0.016548462 0.090820044 33.393535614 0.014329763 0.999584079 0.025027595 -33.084304810 -0.091196448 -0.023619290 0.995552897 360.024841309
0.995772004 -0.016654609 0.090338014 33.693553925 0.014448537 0.999582529 0.025019458 -33.263339996 -0.090716980 -0.023608418 0.995596826 362.269805908
0.995825589 -0.016592134 0.089755885 33.992759705 0.014374164 0.999576449 0.025301384 -33.437736511 -0.090137683 -0.023905601 0.995642364 364.508941650
0.995881736 -0.016522504 0.089143693 34.289066315 0.014383382 0.999594271 0.024585592 -33.614601135 -0.089513712 -0.023202151 0.995715320 366.766540527
0.995891273 -0.017115822 0.088923976 34.576324463 0.014980630 0.999584556 0.024623675 -33.796123505 -0.089308463 -0.023190364 0.995733976 369.010681152
0.995895505 -0.016837668 0.088930257 34.864498138 0.014802464 0.999614358 0.023495572 -33.964824677 -0.089291573 -0.022082746 0.995760739 371.275573730
0.995946884 -0.017630216 0.088198632 35.146518707 0.015580229 0.999593496 0.023877572 -34.148376465 -0.088583730 -0.022406640 0.995816708 373.502655029
0.995992243 -0.017409703 0.087728396 35.440139771 0.015295556 0.999577463 0.024713727 -34.322990417 -0.088121578 -0.023272824 0.995837748 375.754638672
0.995962262 -0.017545067 0.088043183 35.716548920 0.015398045 0.999568701 0.025006270 -34.497928619 -0.088443957 -0.023549605 0.995802760 378.001068115
0.995973647 -0.018038500 0.087812774 36.005256653 0.015882973 0.999556601 0.025184100 -34.675704956 -0.088228114 -0.023687968 0.995818734 380.233764648
0.995960951 -0.018105639 0.087943316 36.292751312 0.015944950 0.999554932 0.025209811 -34.847488403 -0.088360615 -0.023705732 0.995806456 382.472534180
0.995958686 -0.017236484 0.088143259 36.578994751 0.015042455 0.999561727 0.025495639 -35.026676178 -0.088544086 -0.024066707 0.995781481 384.722015381
0.995977283 -0.016132284 0.088141963 36.872333527 0.013939054 0.999579132 0.025442056 -35.197315216 -0.088515297 -0.024111096 0.995782971 386.981719971
0.996000290 -0.015110065 0.088062845 37.171314240 0.012913869 0.999592543 0.025455588 -35.380973816 -0.088411599 -0.024216538 0.995789587 389.257537842
0.995983183 -0.013682134 0.088489227 37.455142975 0.011473257 0.999610960 0.025422772 -35.558822632 -0.088802636 -0.024305394 0.995752633 391.538787842
0.996006072 -0.012334871 0.088429056 37.746765137 0.009988960 0.999587595 0.026922371 -35.734828949 -0.088724673 -0.025931528 0.995718598 393.805297852
0.995919287 -0.011017305 0.089572757 38.023448944 0.008609505 0.999592423 0.027223013 -35.909286499 -0.089836158 -0.026340753 0.995608151 396.075531006
0.995856106 -0.010574401 0.090325907 38.310703278 0.008258547 0.999628484 0.025974240 -36.092212677 -0.090567000 -0.025120649 0.995573461 398.336547852
0.995821118 -0.010394341 0.090731040 38.601543427 0.008133438 0.999647915 0.025253015 -36.266128540 -0.090961598 -0.024409531 0.995555222 400.598358154
0.995666504 -0.011442519 0.092288591 38.874004364 0.009020893 0.999605060 0.026614325 -36.441040039 -0.092556685 -0.025666470 0.995376527 402.839233398
0.995685160 -0.012492065 0.091951072 39.180187225 0.010032218 0.999580562 0.027165484 -36.603507996 -0.092251837 -0.026125794 0.995393038 405.110046387
0.995633185 -0.012969431 0.092446513 39.471778870 0.010511776 0.999579608 0.027022153 -36.776264191 -0.092758112 -0.025932375 0.995350897 407.366149902
0.995591462 -0.011982108 0.093027204 39.781726837 0.009556039 0.999603629 0.026480967 -36.951343536 -0.093307629 -0.025475251 0.995311379 409.611236572
0.995545328 -0.011110040 0.093628578 40.085510254 0.008633440 0.999603152 0.026814995 -37.130760193 -0.093889333 -0.025887204 0.995246053 411.869262695
0.995468676 -0.010022381 0.094560415 40.377944946 0.007541889 0.999618948 0.026552835 -37.305473328 -0.094790526 -0.025719352 0.995164931 414.116638184
0.995375514 -0.008617669 0.095672995 40.681789398 0.006118939 0.999633253 0.026380133 -37.476043701 -0.095865242 -0.025672721 0.995063186 416.392364502
0.995328367 -0.009042342 0.096124321 40.992683411 0.006537488 0.999631643 0.026341571 -37.653800964 -0.096327133 -0.025590098 0.995020747 418.648254395
0.995214939 -0.009044255 0.097290404 41.292610168 0.006507095 0.999631345 0.026363960 -37.826343536 -0.097492956 -0.025604730 0.994906723 420.904785156
0.995134234 -0.009034500 0.098112665 41.591159821 0.006496949 0.999636829 0.026152408 -38.002822876 -0.098313302 -0.025387729 0.994831622 423.160766602
0.995058298 -0.009746012 0.098812506 41.900714874 0.007069136 0.999599457 0.027404480 -38.179752350 -0.099040009 -0.026570536 0.994728565 425.428588867
0.995019436 -0.009082234 0.099267691 42.210338593 0.006332578 0.999588430 0.027979488 -38.351196289 -0.099480994 -0.027211508 0.994667232 427.681701660
0.994944572 -0.008407524 0.100073524 42.527206421 0.005528009 0.999563634 0.029016595 -38.524665833 -0.100273818 -0.028316690 0.994556785 429.960540771
0.994941413 -0.008781753 0.100071952 42.843673706 0.005914252 0.999564350 0.028915126 -38.698448181 -0.100282274 -0.028177006 0.994559944 432.226287842
0.994885802 -0.009518608 0.100556411 43.161483765 0.006678250 0.999570191 0.028545389 -38.877960205 -0.100784920 -0.027727859 0.994521797 434.490722656
0.994868696 -0.008667556 0.100801907 43.482616425 0.005797190 0.999570310 0.028733468 -39.036235809 -0.101007648 -0.028001659 0.994491518 436.761535645
0.994838774 -0.009069045 0.101061739 43.800964355 0.006162575 0.999559402 0.029034536 -39.207027435 -0.101280533 -0.028261887 0.994456410 439.043273926
0.994903982 -0.009188667 0.100407489 44.130676270 0.006265988 0.999548495 0.029384900 -39.374916077 -0.100632168 -0.028606003 0.994512379 441.317657471
0.994866014 -0.008790197 0.100819431 44.457939148 0.005770230 0.999527037 0.030206826 -39.558704376 -0.101037271 -0.029469989 0.994446099 443.612121582
0.994807124 -0.009332338 0.101350792 44.777263641 0.006261012 0.999512732 0.030579867 -39.727836609 -0.101586796 -0.029786503 0.994380653 445.890808105
0.994780004 -0.009261694 0.101621784 45.092647552 0.006219927 0.999524415 0.030208360 -39.898380280 -0.101853229 -0.029418593 0.994364321 448.156951904
0.994808018 -0.008813167 0.101386458 45.418498993 0.005794298 0.999532282 0.030031916 -40.069576263 -0.101603702 -0.029288530 0.994393647 450.420501709
0.994741797 -0.008099426 0.102093898 45.732612610 0.005074347 0.999541342 0.029855335 -40.244686127 -0.102288857 -0.029180286 0.994326770 452.686553955
0.994649053 -0.007470850 0.103040628 46.045074463 0.004414767 0.999544501 0.029855235 -40.404289246 -0.103216730 -0.029240586 0.994229019 454.963500977
0.994629681 -0.007743016 0.103206769 46.361766815 0.004703323 0.999548793 0.029663328 -40.579849243 -0.103389911 -0.029018613 0.994217515 457.229644775
0.994650185 -0.007129351 0.103054039 46.694477081 0.004138038 0.999564707 0.029211333 -40.754089355 -0.103217468 -0.028628618 0.994246721 459.516448975
0.994634211 -0.006020400 0.103278309 47.017822266 0.002978503 0.999557912 0.029582376 -40.921020508 -0.103410721 -0.029116029 0.994212508 461.803588867
0.994650662 -0.005658966 0.103140555 47.341190338 0.002482165 0.999519229 0.030903056 -41.089550018 -0.103265859 -0.030481735 0.994186640 464.081939697
0.994667709 -0.005847528 0.102965944 47.653457642 0.002640767 0.999508023 0.031252716 -41.253047943 -0.103098035 -0.030814160 0.994193792 466.349029541
0.994779408 -0.005995685 0.101872660 47.981693268 0.002937892 0.999541402 0.030139402 -41.419281006 -0.102006651 -0.029682765 0.994340777 468.631072998
0.994861960 -0.005924961 0.101067118 48.314437866 0.002941369 0.999556184 0.029644415 -41.588436127 -0.101197906 -0.029194817 0.994437993 470.925170898
0.994948328 -0.006336808 0.100188389 48.633632660 0.003295561 0.999529541 0.030491699 -41.759063721 -0.100334480 -0.030007491 0.994501114 473.208221436
0.994904816 -0.006569684 0.100604162 48.936866760 0.003498809 0.999523461 0.030670399 -41.926769257 -0.100757703 -0.030162135 0.994453728 475.485504150
0.994985163 -0.005829123 0.099852763 49.247989655 0.002846175 0.999546111 0.029989919 -42.079116821 -0.099982254 -0.029555319 0.994550169 477.774047852
0.995018005 -0.006023469 0.099513158 49.566375732 0.002994868 0.999528587 0.030555595 -42.246589661 -0.099650294 -0.030105332 0.994567096 480.057189941
0.995063126 -0.006602048 0.099024333 49.890216827 0.003533688 0.999509096 0.031129377 -42.414096832 -0.099181227 -0.030625774 0.994597971 482.332824707
0.995073378 -0.006999288 0.098893844 50.197616577 0.004029119 0.999535680 0.030201763 -42.577465057 -0.099059328 -0.029654518 0.994639516 484.620178223
0.995168030 -0.008373598 0.097828329 50.517753601 0.005340136 0.999498010 0.031228798 -42.759357452 -0.098040722 -0.030555485 0.994713187 486.925109863
0.995240986 -0.008788696 0.097047582 50.835308075 0.005744213 0.999483943 0.031605978 -42.922592163 -0.097275279 -0.030898094 0.994777799 489.208618164
0.995158255 -0.008488808 0.097919486 51.097946167 0.005411795 0.999484479 0.031646822 -43.097625732 -0.098137654 -0.030963669 0.994691133 491.471832275
0.995239556 -0.008321163 0.097102858 51.419895172 0.005216203 0.999468267 0.032186139 -43.262252808 -0.097319044 -0.031526413 0.994753778 493.756408691
0.995234847 -0.007872156 0.097188473 51.718910217 0.004803481 0.999483705 0.031768180 -43.423152924 -0.097388364 -0.031149959 0.994758844 496.050659180
0.995268345 -0.007931208 0.096839264 52.040592194 0.004916989 0.999497175 0.031325076 -43.594360352 -0.097039007 -0.030700700 0.994806945 498.364013672
0.995312631 -0.007699420 0.096402906 52.350643158 0.004625591 0.999475002 0.032068223 -43.757511139 -0.096599199 -0.031471979 0.994825661 500.659423828
0.995298505 -0.007124685 0.096592315 52.654430389 0.004010931 0.999467194 0.032391950 -43.925743103 -0.096771650 -0.031852245 0.994796813 502.943115234
0.995346427 -0.006387154 0.096149452 52.967163086 0.003355489 0.999493062 0.031659488 -44.090629578 -0.096302934 -0.031189520 0.994863272 505.235198975
0.995327055 -0.006317511 0.096353948 53.268684387 0.003212039 0.999471426 0.032350950 -44.255004883 -0.096507393 -0.031890292 0.994821250 507.523590088
0.995341659 -0.006838930 0.096168995 53.575199127 0.003831792 0.999498963 0.031419300 -44.421417236 -0.096335694 -0.030904433 0.994868994 509.809661865
0.995389700 -0.007546199 0.095615745 53.894412994 0.004477263 0.999469101 0.032270536 -44.592483521 -0.095808484 -0.031693656 0.994895041 512.106567383
0.995406032 -0.007280324 0.095466450 54.203216553 0.004212232 0.999469459 0.032300126 -44.752761841 -0.095650941 -0.031749617 0.994908452 514.413085938
0.995406151 -0.006518116 0.095519625 54.505714417 0.003457915 0.999476612 0.032167975 -44.917499542 -0.095679291 -0.031689905 0.994907618 516.715942383
0.995389938 -0.005606471 0.095746003 54.804222107 0.002563125 0.999488473 0.031879071 -45.082927704 -0.095875777 -0.031486697 0.994895101 519.006713867
0.995320976 -0.003540344 0.096558072 55.109828949 0.000452369 0.999488294 0.031983666 -45.249698639 -0.096621878 -0.031790335 0.994813323 521.339111328
0.995260358 -0.001533089 0.097234197 55.423828125 -0.001616077 0.999476910 0.032300398 -45.415740967 -0.097232848 -0.032304447 0.994737208 523.671630859
0.995208502 -0.000818472 0.097771846 55.740230560 -0.002462092 0.999438107 0.033427898 -45.573341370 -0.097744271 -0.033508454 0.994647324 525.990844727
0.995159090 -0.001111556 0.098270215 56.055248260 -0.002176712 0.999441385 0.033347961 -45.733890533 -0.098252378 -0.033400428 0.994601011 528.300292969
0.995146155 -0.003057211 0.098360382 56.373889923 -0.000340175 0.999404430 0.034504887 -45.892932892 -0.098407298 -0.034370869 0.994552493 530.612487793
0.995077252 -0.004718879 0.098989941 56.696197510 0.001336242 0.999413788 0.034210023 -46.052703857 -0.099093363 -0.033909343 0.994500160 532.934936523
0.995041490 -0.004661385 0.099351257 57.010787964 0.001327022 0.999434471 0.033601057 -46.212364197 -0.099451683 -0.033302605 0.994484961 535.243164062
0.994961023 -0.004851399 0.100144759 57.327850342 0.001498893 0.999436677 0.033524740 -46.376552582 -0.100250997 -0.033205699 0.994407952 537.556457520
0.994883537 -0.004301693 0.100936659 57.644077301 0.000968217 0.999453127 0.033051193 -46.544017792 -0.101023644 -0.032784361 0.994343698 539.870361328
0.994790971 -0.003719936 0.101868220 57.959712982 0.000376062 0.999461055 0.032825034 -46.711460114 -0.101935424 -0.032615736 0.994256198 542.187866211
0.994710386 -0.003505904 0.102659330 58.280818939 0.000231695 0.999491394 0.031888496 -46.875694275 -0.102718920 -0.031696033 0.994205296 544.503723145
0.994585693 -0.003647944 0.103855632 58.593868256 0.000230030 0.999458492 0.032903209 -47.041942596 -0.103919432 -0.032701172 0.994047940 546.813964844
0.994496346 -0.003602199 0.104709148 58.910923004 0.000121258 0.999447644 0.033231262 -47.206478119 -0.104771033 -0.033035677 0.993947506 549.124633789
0.994410694 -0.003657744 0.105517745 59.233673096 0.000132362 0.999442101 0.033397991 -47.369483948 -0.105581045 -0.033197358 0.993856430 551.430297852
0.994400084 -0.004899003 0.105567545 59.569034576 0.001466408 0.999468446 0.032568745 -47.532806396 -0.105670951 -0.032231562 0.993878782 553.744140625
0.994438350 -0.005325249 0.105185628 59.912506104 0.001863390 0.999454200 0.032982796 -47.697036743 -0.105303854 -0.032603353 0.993905485 556.062561035
0.994362652 -0.005049512 0.105912447 60.238048553 0.001514038 0.999439776 0.033434980 -47.860725403 -0.106021941 -0.033086140 0.993813217 558.370178223
0.994353712 -0.004370401 0.106026053 60.576080322 0.000722957 0.999407351 0.034415461 -48.023536682 -0.106113642 -0.034144487 0.993767560 560.702087402
0.994355679 -0.005187073 0.105971217 60.919273376 0.001479479 0.999385118 0.035035502 -48.185821533 -0.106087774 -0.034680974 0.993751764 563.030151367
0.994316995 -0.004690995 0.106356502 61.256290436 0.000889152 0.999359727 0.035765491 -48.343330383 -0.106456190 -0.035467666 0.993684530 565.346496582
0.994284689 -0.003696827 0.106697433 61.598976135 -0.000067259 0.999378443 0.035252977 -48.507087708 -0.106761433 -0.035058688 0.993666410 567.666320801
0.994305134 -0.002735239 0.106535792 61.951789856 -0.000878018 0.999426425 0.033854239 -48.663963318 -0.106567279 -0.033754986 0.993732393 569.997558594
0.994251072 -0.002331039 0.107048370 62.299053192 -0.001309071 0.999423623 0.033921491 -48.825279236 -0.107065737 -0.033866618 0.993674994 572.320251465
0.994293749 -0.002912112 0.106636234 62.651618958 -0.000815145 0.999390721 0.034892745 -48.992210388 -0.106672868 -0.034780573 0.993685663 574.706298828
0.994278312 -0.002954196 0.106779762 62.998252869 -0.000941877 0.999336123 0.036418155 -49.159572601 -0.106816478 -0.036310360 0.993615508 577.020141602
0.994225502 -0.002516885 0.107280999 63.338733673 -0.001187355 0.999405682 0.034450550 -49.314712524 -0.107303940 -0.034378991 0.993631721 579.407775879
0.994280994 -0.003131516 0.106750458 63.687854767 -0.000527999 0.999413669 0.034235537 -49.470134735 -0.106795058 -0.034096111 0.993696272 581.745910645
0.994202375 -0.003995897 0.107450634 64.022796631 0.000140457 0.999356627 0.035864700 -49.639530182 -0.107524820 -0.035641670 0.993563354 584.060729980
0.994272947 -0.003864564 0.106800623 64.369369507 0.000055831 0.999364555 0.035642099 -49.795051575 -0.106870510 -0.035432003 0.993641376 586.377563477
0.994248927 -0.006487772 0.106896915 64.730758667 0.002806425 0.999399066 0.034552783 -49.959972382 -0.107056849 -0.034054071 0.993669510 588.749145508
0.994296014 -0.006801550 0.106438696 65.081924438 0.003157691 0.999404371 0.034365494 -50.114738464 -0.106609032 -0.033833370 0.993725181 591.094787598
0.994283259 -0.008698571 0.106419876 65.415954590 0.005005301 0.999377489 0.034922715 -50.275650024 -0.106657408 -0.034190398 0.993707836 593.429138184
0.994341850 -0.009346582 0.105814911 65.771018982 0.005661201 0.999368608 0.035075504 -50.436885834 -0.106075928 -0.034277994 0.993767023 595.788208008
