1.000000000 0.000000000 0.000000000 0.000000000 0.000000000 1.000000000 0.000000000 0.000000000 0.000000000 0.000000000 1.000000000 0.000000000
0.999999881 0.000192801 0.000463804 0.086205021 -0.000192768 1.000000000 -0.000071646 -0.226703838 -0.000463818 0.000071556 0.999999881 2.286854982
0.999999046 0.000511285 0.001284283 0.163248867 -0.000511894 0.999999762 0.000474018 -0.464162141 -0.001284041 -0.000474675 0.999999046 4.583572865
0.999998391 0.000071792 0.001795117 0.261402518 -0.000072767 0.999999762 0.000542958 -0.693460405 -0.001795077 -0.000543088 0.999998212 6.871852875
0.999996364 -0.000151595 0.002673703 0.354248345 0.000155130 0.999999046 -0.001322037 -0.923968613 -0.002673500 0.001322447 0.999995530 9.167122841
0.999986947 0.001617234 0.004853574 0.444353253 -0.001617895 0.999998689 0.000132374 -1.160760045 -0.004853353 -0.000140224 0.999988198 11.473438263
0.999965429 0.003389017 0.007585963 0.528440773 -0.003397107 0.999993622 0.001053805 -1.387586594 -0.007582345 -0.001079539 0.999970675 13.779742241
0.999948502 0.003225910 0.009632262 0.641916215 -0.003260332 0.999988377 0.003560076 -1.616708755 -0.009620666 -0.003591296 0.999947250 16.049860001
0.999942422 0.003319192 0.010202393 0.768630326 -0.003369752 0.999982119 0.004942500 -1.850345969 -0.010185807 -0.004976596 0.999935746 18.392009735
0.999932051 0.002541060 0.011374923 0.889788449 -0.002599662 0.999983370 0.005140109 -2.075315952 -0.011361673 -0.005169331 0.999922097 20.680385590
0.999930203 -0.000216494 0.011806409 1.005553246 0.000181244 0.999995530 0.002986684 -2.309791565 -0.011807002 -0.002984336 0.999925852 22.998613358
0.999918222 -0.002485187 0.012545751 1.114729404 0.002473422 0.999996543 0.000953191 -2.529864311 -0.012548077 -0.000922082 0.999920845 25.280513763
0.999919236 -0.003394496 0.012244132 1.254671931 0.003389695 0.999994278 0.000412806 -2.779373646 -0.012245463 -0.000371269 0.999924958 27.597625732
0.999910057 -0.003023637 0.013065877 1.362551570 0.003032348 0.999995172 -0.000646959 -3.004156828 -0.013063860 0.000686521 0.999914467 29.885292053
0.999902308 -0.000616430 0.013966040 1.480899334 0.000591825 0.999998391 0.001765809 -3.233155251 -0.013967104 -0.001757371 0.999900937 32.169483185
0.999900997 0.001419493 0.013998248 1.610567331 -0.001472917 0.999991715 0.003806889 -3.452634573 -0.013992729 -0.003827130 0.999894738 34.451202393
0.999869943 0.003850930 0.015656566 1.721930861 -0.003980575 0.999957979 0.008257864 -3.689847231 -0.015624109 -0.008319115 0.999843240 36.762863159
0.999847710 0.005695134 0.016495533 1.836183310 -0.005823780 0.999952912 0.007761302 -3.907549620 -0.016450554 -0.007856187 0.999833763 39.036251068
0.999817967 0.005079875 0.018391762 1.939856052 -0.005189240 0.999969125 0.005903551 -4.108480930 -0.018361207 -0.005997915 0.999813557 41.328090668
0.999822736 0.002632112 0.018645717 2.062975407 -0.002727413 0.999983311 0.005087560 -4.335072041 -0.018632011 -0.005137511 0.999813259 43.604965210
0.999815226 0.002807712 0.019023018 2.194015265 -0.002875928 0.999989510 0.003559535 -4.553508759 -0.019012827 -0.003613585 0.999812722 45.842449188
0.999810636 0.002428095 0.019307043 2.318526745 -0.002481825 0.999993086 0.002759455 -4.785202026 -0.019300207 -0.002806849 0.999809802 48.111286163
0.999816358 0.000862553 0.019143242 2.456853390 -0.000923953 0.999994397 0.003198832 -5.014517784 -0.019140378 -0.003215931 0.999811649 50.387424469
0.999792576 0.000251335 0.020366658 2.582806110 -0.000317089 0.999994874 0.003225336 -5.235387325 -0.020365739 -0.003231125 0.999787509 52.651336670
0.999786139 -0.001109518 0.020649999 2.718064308 0.001046897 0.999994814 0.003043084 -5.463403225 -0.020653270 -0.003020814 0.999782145 54.932678223
0.999768257 -0.001128611 0.021499105 2.853682995 0.001046418 0.999992132 0.003833923 -5.700703621 -0.021503264 -0.003810537 0.999761641 57.217933655
0.999742329 -0.002423858 0.022575440 2.987310171 0.002323579 0.999987245 0.004467124 -5.926255703 -0.022585986 -0.004413516 0.999735177 59.486370087
0.999699831 -0.004090790 0.024155296 3.109895945 0.003997028 0.999984324 0.003928652 -6.150278568 -0.024170987 -0.003830924 0.999700487 61.757041931
0.999687850 -0.004953052 0.024487222 3.264596939 0.004872924 0.999982595 0.003330847 -6.370264053 -0.024503296 -0.003210483 0.999694526 64.010841370
0.999651074 -0.004222618 0.026074160 3.399922848 0.004120284 0.999983609 0.003977173 -6.593813419 -0.026090527 -0.003868353 0.999652088 66.286666870
0.999635518 -0.003260011 0.026799710 3.551610947 0.003145381 0.999985695 0.004318321 -6.821671486 -0.026813401 -0.004232451 0.999631464 68.550598145
0.999590099 -0.003415909 0.028424142 3.686835527 0.003304920 0.999986708 0.003950772 -7.046759605 -0.028437261 -0.003855214 0.999588132 70.806076050
0.999573708 -0.004270353 0.028881909 3.846328497 0.004197859 0.999987900 0.002570206 -7.270873070 -0.028892536 -0.002447868 0.999579549 73.062393188
0.999561250 -0.005173317 0.029164152 4.006649971 0.005088666 0.999982536 0.002976019 -7.499859810 -0.029179040 -0.002826307 0.999570131 75.348030090
0.999517739 -0.006378935 0.030393982 4.167460918 0.006311317 0.999977291 0.002320142 -7.730878353 -0.030408099 -0.002127197 0.999535322 77.612319946
0.999518037 -0.007436115 0.030137600 4.328069210 0.007389325 0.999971330 0.001663641 -7.956162453 -0.030149106 -0.001440143 0.999544382 79.873748779
0.999486446 -0.007852091 0.031068472 4.476645470 0.007810976 0.999968410 0.001444485 -8.178215981 -0.031078836 -0.001201068 0.999516249 82.128425598
0.999466836 -0.007122005 0.031863663 4.643414021 0.007085234 0.999974072 0.001266821 -8.406021118 -0.031871863 -0.001040384 0.999491394 84.410659790
0.999417305 -0.006902001 0.033425365 4.799186230 0.006847686 0.999975085 0.001739168 -8.627069473 -0.033436537 -0.001509268 0.999439716 86.667724609
0.999408722 -0.006577967 0.033748444 4.967590332 0.006474312 0.999974012 0.003179762 -8.864817619 -0.033768475 -0.002959384 0.999425292 88.941963196
0.999378204 -0.005653820 0.034803703 5.129189968 0.005523035 0.999977350 0.003852787 -9.093557358 -0.034824692 -0.003658169 0.999386668 91.191932678
0.999343336 -0.005373531 0.035834126 5.294935703 0.005245298 0.999979556 0.003671562 -9.316562653 -0.035853114 -0.003481190 0.999351025 93.429512024
0.999338746 -0.005686295 0.035916302 5.475653648 0.005577657 0.999979556 0.003124210 -9.542147636 -0.035933334 -0.002921815 0.999349892 95.666969299
0.999303520 -0.006184925 0.036798667 5.645681381 0.006060406 0.999975443 0.003494372 -9.766888618 -0.036819372 -0.003268924 0.999316573 97.915214539
0.999274075 -0.005754567 0.037659813 5.809050083 0.005641725 0.999979258 0.003101959 -10.001673698 -0.037676889 -0.002887241 0.999285817 100.158477783
0.999211848 -0.005845641 0.039264083 5.966279984 0.005701544 0.999976575 0.003780917 -10.218066216 -0.039285254 -0.003554071 0.999221742 102.391555786
0.999210060 -0.006186186 0.039254695 6.163909912 0.006029773 0.999973357 0.004101703 -10.448144913 -0.039279032 -0.003861767 0.999220788 104.644302368
0.999179125 -0.006777067 0.039942365 6.342231750 0.006594921 0.999967277 0.004690261 -10.666257858 -0.039972842 -0.004422994 0.999190927 106.878326416
0.999156594 -0.008151196 0.040244363 6.529187202 0.007964815 0.999956787 0.004789433 -10.884962082 -0.040281672 -0.004464854 0.999178410 109.130409241
0.999115348 -0.009224827 0.041028220 6.708579063 0.008996929 0.999943078 0.005735884 -11.111653328 -0.041078791 -0.005361684 0.999141514 111.385116577
0.999092877 -0.010119184 0.041364990 6.899587631 0.009948344 0.999941111 0.004333879 -11.334827423 -0.041406408 -0.003918433 0.999134719 113.651611328
0.999047399 -0.010418400 0.042376664 7.080291271 0.010278993 0.999941051 0.003506327 -11.559184074 -0.042410694 -0.003067398 0.999095559 115.903663635
0.999005377 -0.010955520 0.043223403 7.259978294 0.010795278 0.999933958 0.003938980 -11.789086342 -0.043263704 -0.003468454 0.999057651 118.149230957
0.998947561 -0.010966339 0.044535175 7.445816040 0.010756799 0.999930024 0.004941985 -12.018683434 -0.044586245 -0.004457727 0.998995543 120.420265198
0.998939395 -0.011617810 0.044555169 7.652510643 0.011371287 0.999918580 0.005782492 -12.250124931 -0.044618726 -0.005269710 0.998990178 122.628868103
0.998875916 -0.012245160 0.045792378 7.849580288 0.012039809 0.999916196 0.004757560 -12.470882416 -0.045846805 -0.004200880 0.998939633 124.941841125
0.998846471 -0.012448829 0.046379112 8.034436226 0.012261129 0.999915481 0.004329382 -12.701878548 -0.046429086 -0.003755727 0.998914480 127.203491211
0.998829305 -0.014186346 0.046247005 8.226179123 0.013989438 0.999891579 0.004578657 -12.920773506 -0.046306942 -0.003926327 0.998919547 129.466308594
0.998847306 -0.015389266 0.045466356 8.414485931 0.015185165 0.999873042 0.004831066 -13.139063835 -0.045534931 -0.004135083 0.998954177 131.715881348
0.998905957 -0.015654214 0.044064261 8.611502647 0.015403408 0.999863207 0.006025613 -13.360004425 -0.044152565 -0.005340282 0.999010503 133.952194214
0.998963475 -0.016638646 0.042369325 8.805704117 0.016410578 0.999848902 0.005725037 -13.586152077 -0.042458180 -0.005023798 0.999085605 136.206665039
0.999040484 -0.017496821 0.040148873 9.017073631 0.017294433 0.999835908 0.005382733 -13.802262306 -0.040236462 -0.004683217 0.999179244 138.433227539
0.999013066 -0.018154651 0.040538184 9.174659729 0.017953044 0.999824643 0.005331800 -14.027739525 -0.040627871 -0.004598754 0.999163747 140.723785400
0.998998940 -0.018453440 0.040751006 9.341506958 0.018251546 0.999819279 0.005320736 -14.235917091 -0.040841822 -0.004571640 0.999155164 142.956909180
0.999048948 -0.018696213 0.039391100 9.536164284 0.018440129 0.999806464 0.006854413 -14.474127769 -0.039511636 -0.006121517 0.999200344 145.195465088
0.999064863 -0.017687311 0.039453559 9.712530136 0.017475585 0.999831021 0.005705032 -14.690587997 -0.039547805 -0.005010224 0.999205112 147.442489624
0.999083340 -0.016555863 0.039476298 9.895178795 0.016401287 0.999856472 0.004236354 -14.911090851 -0.039540771 -0.003585008 0.999211550 149.694351196
0.999096155 -0.015100710 0.039735116 10.070724487 0.014977370 0.999882042 0.003399925 -15.134387016 -0.039781775 -0.002801725 0.999204397 151.943893433
0.999098897 -0.014190297 0.040001713 10.254955292 0.014066617 0.999895394 0.003371616 -15.352610588 -0.040045384 -0.002805889 0.999193966 154.158767700
0.999091327 -0.013257154 0.040504605 10.445625305 0.013101058 0.999905646 0.004116759 -15.588206291 -0.040555358 -0.003582365 0.999170899 156.475128174
0.999089599 -0.012760817 0.040705949 10.642629623 0.012557846 0.999907434 0.005238142 -15.813140869 -0.040769022 -0.004722195 0.999157488 158.691925049
0.999029219 -0.011970850 0.042394772 10.799300194 0.011695539 0.999908864 0.006736041 -16.047138214 -0.042471539 -0.006233672 0.999078214 161.008239746
0.998992324 -0.010901758 0.043536268 10.983585358 0.010520385 0.999904394 0.008979399 -16.270877838 -0.043629993 -0.008512332 0.999011397 163.243988037
0.998960495 -0.010240172 0.044419251 11.175198555 0.009906302 0.999920964 0.007729985 -16.477233887 -0.044494901 -0.007281919 0.998983085 165.532958984
0.998920858 -0.009501565 0.045461249 11.370302200 0.009220761 0.999937117 0.006382535 -16.691257477 -0.045519039 -0.005956461 0.998945713 167.783950806
0.998848796 -0.007782514 0.047333155 11.558926582 0.007461388 0.999947965 0.006957301 -16.910942078 -0.047384832 -0.006596121 0.998854876 170.014862061
0.998727560 -0.007343281 0.049893327 11.759584427 0.006991363 0.999949455 0.007224254 -17.139225006 -0.049943849 -0.006866239 0.998728454 172.317077637
0.998606145 -0.007552357 0.052236766 11.961667061 0.007203320 0.999950469 0.006866856 -17.353065491 -0.052286033 -0.006481006 0.998611093 174.589416504
0.998512089 -0.007477744 0.054016057 12.171233177 0.007077762 0.999946117 0.007592380 -17.573881149 -0.054069921 -0.007198770 0.998511195 176.851364136
0.998458564 -0.007955873 0.054930367 12.376468658 0.007507997 0.999936938 0.008355071 -17.784898758 -0.054993376 -0.007929774 0.998455226 179.070068359
0.998457968 -0.009264056 0.054736558 12.596113205 0.008828192 0.999927402 0.008199351 -18.006511688 -0.054808553 -0.007703480 0.998467147 181.359420776
0.998416960 -0.010096123 0.055331185 12.796423912 0.009655202 0.999919534 0.008230275 -18.221080780 -0.055409826 -0.007683013 0.998434126 183.603363037
0.998504043 -0.011366895 0.053485073 13.033023834 0.010960720 0.999908864 0.007881390 -18.444175720 -0.053569797 -0.007283364 0.998537481 185.843902588
0.998511255 -0.013235966 0.052915342 13.243974686 0.012801976 0.999881566 0.008532168 -18.657747269 -0.053022012 -0.007842043 0.998562694 188.090408325
0.998521626 -0.014037923 0.052511066 13.455574036 0.013627856 0.999873817 0.008159093 -18.869207382 -0.052618973 -0.007431417 0.998587072 190.330322266
0.998492062 -0.015154333 0.052762657 13.653485298 0.014767219 0.999861181 0.007719045 -19.082735062 -0.052872308 -0.006928248 0.998577178 192.561203003
0.998452544 -0.016273269 0.053175665 13.844279289 0.015907498 0.999846935 0.007294594 -19.292301178 -0.053286232 -0.006437414 0.998558462 194.799758911
0.998504460 -0.016414598 0.052150089 14.088015556 0.016059188 0.999844849 0.007226936 -19.519832611 -0.052260637 -0.006378638 0.998613238 197.073333740
0.998516560 -0.014401497 0.052509684 14.293299675 0.014050480 0.999876440 0.007047874 -19.730081558 -0.052604694 -0.006299633 0.998595536 199.314376831
0.998530567 -0.012484687 0.052732233 14.498376846 0.012139130 0.999902725 0.006868296 -19.949083328 -0.052812848 -0.006218080 0.998585165 201.547058105
0.998503983 -0.012002537 0.053345386 14.708940506 0.011703396 0.999913931 0.005916502 -20.161136627 -0.053411819 -0.005283329 0.998558581 203.805816650
0.998474300 -0.012187633 0.053855922 14.911514282 0.011853158 0.999908388 0.006525630 -20.372716904 -0.053930517 -0.005877311 0.998527408 206.031417847
0.998455048 -0.013952447 0.053787708 15.148548126 0.013596911 0.999883235 0.006970351 -20.602910995 -0.053878691 -0.006228234 0.998528004 208.284729004
0.998395503 -0.013531895 0.054984167 15.355749130 0.013186420 0.999890983 0.006641129 -20.803688049 -0.055068042 -0.005905430 0.998465121 210.528930664
0.998328328 -0.013920715 0.056095634 15.577339172 0.013459673 0.999872446 0.008588327 -21.040283203 -0.056208022 -0.007818941 0.998388469 212.753662109
0.998259664 -0.012541800 0.057623032 15.811861038 0.012060573 0.999889493 0.008691488 -21.252429962 -0.057725675 -0.007981394 0.998300552 214.986907959
0.998082697 -0.010873280 0.060932267 16.020990372 0.010358891 0.999907970 0.008751554 -21.461076736 -0.061021827 -0.008103584 0.998103499 217.244644165
0.997946858 -0.011010893 0.063093863 16.249227524 0.010453385 0.999903381 0.009159497 -21.673250198 -0.063188627 -0.008481147 0.997965574 219.489379883
0.997825384 -0.012518112 0.064715214 16.484642029 0.011913364 0.999881744 0.009722272 -21.882085800 -0.064829245 -0.008930152 0.997856438 221.719635010
0.997718573 -0.013933855 0.066056140 16.718311310 0.013259828 0.999855578 0.010631326 -22.090984344 -0.066194728 -0.009731178 0.997759283 223.954788208
0.997656643 -0.015906630 0.066545054 16.967935562 0.015272134 0.999832988 0.010032754 -22.306558609 -0.066693544 -0.008992956 0.997732997 226.189331055
0.997616351 -0.017115759 0.066848464 17.206935883 0.016511794 0.999817908 0.009576942 -22.511554718 -0.067000210 -0.008450326 0.997717321 228.438781738
0.997564733 -0.017623464 0.067482665 17.446199417 0.016985953 0.999805629 0.010009216 -22.721590042 -0.067645937 -0.008838584 0.997670233 230.677047729
0.997500002 -0.019055195 0.068049155 17.686552048 0.018464744 0.999786317 0.009295328 -22.932889938 -0.068211727 -0.008015577 0.997638643 232.918350220
0.997497916 -0.019556580 0.067937396 17.953828812 0.018913088 0.999770105 0.010102238 -23.144046783 -0.068119325 -0.008792055 0.997638464 235.207580566
0.997459590 -0.019317029 0.068564504 18.196468353 0.018663108 0.999774098 0.010165219 -23.350151062 -0.068745375 -0.008859767 0.997594893 237.449584961
0.997417390 -0.018992823 0.069265835 18.434585571 0.018343728 0.999781907 0.009995165 -23.555080414 -0.069440566 -0.008698759 0.997548163 239.671295166
0.997379482 -0.019303355 0.069724329 18.679210663 0.018626017 0.999772847 0.010351669 -23.764453888 -0.069908313 -0.009025857 0.997512579 241.900115967
0.997336626 -0.019522600 0.070274882 18.925762177 0.018849904 0.999770045 0.010222949 -23.965154648 -0.070458308 -0.008871046 0.997475207 244.141143799
0.997287154 -0.019531537 0.070970610 19.168954849 0.018904790 0.999776244 0.009492113 -24.175977707 -0.071140125 -0.008124680 0.997433245 246.371185303
0.997299135 -0.019207744 0.070890367 19.427457809 0.018638371 0.999788702 0.008684536 -24.388881683 -0.071042188 -0.007339799 0.997446299 248.611648560
0.997267544 -0.019523187 0.071248300 19.677974701 0.018915616 0.999778807 0.009192335 -24.599250793 -0.071412012 -0.007819513 0.997416198 250.850448608
0.997240663 -0.020666666 0.071300693 19.933712006 0.020069031 0.999757290 0.009088118 -24.810848236 -0.071471207 -0.007632107 0.997413397 253.081970215
0.997234344 -0.020877231 0.071327813 20.197135925 0.020228252 0.999747276 0.009808896 -25.022457123 -0.071514562 -0.008338934 0.997404695 255.337860107
0.997183621 -0.021504363 0.071849510 20.435371399 0.020844920 0.999733508 0.009915458 -25.231758118 -0.072043590 -0.008389836 0.997366190 257.555908203
0.997176647 -0.021835187 0.071846843 20.706893921 0.021123946 0.999720335 0.010644517 -25.452159882 -0.072059162 -0.009096774 0.997358859 259.826202393
0.997154891 -0.021511007 0.072245389 20.967536926 0.020842228 0.999732792 0.009998212 -25.657798767 -0.072441168 -0.008464011 0.997336864 262.073669434
0.997122109 -0.021463055 0.072710298 21.226131439 0.020825664 0.999737859 0.009513070 -25.864547729 -0.072895415 -0.007971453 0.997307718 264.331848145
0.997087300 -0.020844767 0.073366731 21.485771179 0.020225001 0.999753296 0.009180409 -26.080806732 -0.073540002 -0.007669827 0.997262776 266.571624756
0.997012436 -0.020138010 0.074570477 21.743049622 0.019496880 0.999766588 0.009315715 -26.287843704 -0.074740663 -0.007833990 0.997172177 268.819732666
0.996910274 -0.019584235 0.076068424 22.002397537 0.018958747 0.999780297 0.008936227 -26.513893127 -0.076226726 -0.007466455 0.997062564 271.079345703
0.996821702 -0.020157183 0.077072412 22.276773453 0.019515229 0.999768376 0.009073383 -26.725875854 -0.077237450 -0.007540462 0.996984243 273.326782227
0.996634007 -0.020623777 0.079342797 22.529876709 0.019903099 0.999753177 0.009863346 -26.934406281 -0.079526633 -0.008250980 0.996798515 275.580566406
0.996509612 -0.020676121 0.080876358 22.803401947 0.019848643 0.999742091 0.011022160 -27.134389877 -0.081083409 -0.009378402 0.996663153 277.820404053
0.996475995 -0.019576643 0.081561141 23.092063904 0.018602971 0.999746442 0.012680869 -27.360742569 -0.081788726 -0.011118899 0.996587694 280.078002930
0.996376812 -0.019397391 0.082806230 23.373512268 0.018296331 0.999734104 0.014035108 -27.572177887 -0.083056450 -0.012469207 0.996466815 282.311676025
0.996300638 -0.018628024 0.083893061 23.650199890 0.017557584 0.999755085 0.013479374 -27.764585495 -0.084123604 -0.011956549 0.996383607 284.569122314
0.996196330 -0.017597545 0.085340723 23.921138763 0.016553994 0.999779463 0.012920382 -27.962488174 -0.085549265 -0.011458509 0.996268034 286.796752930
0.996151268 -0.016934289 0.085999094 24.200927734 0.015977889 0.999802887 0.011797239 -28.157068253 -0.086181901 -0.010377751 0.996225297 289.052947998
0.996087611 -0.017692143 0.086581208 24.476446152 0.016706035 0.999787211 0.012100768 -28.365911484 -0.086776860 -0.010606996 0.996171355 291.279510498
0.996022046 -0.017429372 0.087385781 24.743761063 0.016534101 0.999803185 0.010958392 -28.566869736 -0.087559573 -0.009469954 0.996114254 293.553344727
0.996055007 -0.017949363 0.086902723 25.031927109 0.017119331 0.999800622 0.010287158 -28.771697998 -0.087070040 -0.008758860 0.996163607 295.777221680
0.996044278 -0.018026168 0.087010913 25.316335678 0.017214390 0.999801099 0.010071005 -28.977790833 -0.087175176 -0.008533327 0.996156394 298.013183594
0.996038973 -0.017437998 0.087191150 25.599496841 0.016619433 0.999810874 0.010105335 -29.180419922 -0.087350883 -0.008616240 0.996140361 300.250457764
0.996004879 -0.017192632 0.087627932 25.867965698 0.016278893 0.999805510 0.011131468 -29.393424988 -0.087802254 -0.009660510 0.996091068 302.478424072
0.996010721 -0.017529968 0.087493353 26.158918381 0.016603552 0.999798357 0.011304980 -29.598644257 -0.087673865 -0.009807185 0.996100962 304.726745605
0.995987415 -0.016907204 0.087881394 26.447191238 0.015960675 0.999806881 0.011462132 -29.803438187 -0.088058211 -0.010013495 0.996065021 306.976318359
0.995987535 -0.017607868 0.087741964 26.735288620 0.016665880 0.999795496 0.011456981 -30.016796112 -0.087925740 -0.009948716 0.996077359 309.232879639
0.995938540 -0.018946605 0.088019341 27.022369385 0.017974017 0.999768496 0.011829194 -30.220697403 -0.088223070 -0.010199088 0.996048510 311.490875244
0.995921731 -0.019034728 0.088190883 27.311096191 0.018110165 0.999772429 0.011272032 -30.428007126 -0.088385381 -0.009628911 0.996039748 313.731597900
0.995939016 -0.018728904 0.088060655 27.607370377 0.017749330 0.999771714 0.011893817 -30.635700226 -0.088263310 -0.010282499 0.996044099 315.982696533
0.995891511 -0.016942946 0.088955306 27.891572952 0.016014414 0.999809682 0.011141583 -30.844261169 -0.089127168 -0.009671242 0.995973229 318.225372314
0.995896280 -0.015478811 0.089168422 28.176574707 0.014502266 0.999827802 0.011589199 -31.047670364 -0.089332446 -0.010248497 0.995949149 320.476043701
0.995824814 -0.014177640 0.090177499 28.455556870 0.013198621 0.999847531 0.011443684 -31.255680084 -0.090326004 -0.010205687 0.995859981 322.704864502
0.995767891 -0.013285806 0.090937443 28.734754562 0.012256670 0.999854445 0.011866114 -31.456233978 -0.091081865 -0.010701306 0.995785892 324.942810059
0.995778263 -0.012771106 0.090898484 29.031703949 0.011609690 0.999844253 0.013294411 -31.670017242 -0.091054104 -0.012182983 0.995771408 327.168334961
0.995741069 -0.013427198 0.091211148 29.314638138 0.012269289 0.999837041 0.013243693 -31.878791809 -0.091374107 -0.012068192 0.995743513 329.416076660
0.995762825 -0.015180379 0.090696380 29.618755341 0.014119712 0.999824345 0.012324951 -32.078952789 -0.090867549 -0.010992122 0.995802343 331.649719238
0.995759428 -0.015044494 0.090756930 29.907629013 0.014006042 0.999828994 0.012068196 -32.283737183 -0.090922989 -0.010745876 0.995799899 333.864593506
0.995736837 -0.015536317 0.090920940 30.196556091 0.014370953 0.999806166 0.013458019 -32.486728668 -0.091112390 -0.012094027 0.995767117 336.089477539
0.995797634 -0.016144808 0.090148285 30.503265381 0.015007771 0.999799252 0.013276664 -32.685188293 -0.090344541 -0.011867944 0.995839834 338.322174072
0.995798647 -0.016052211 0.090151288 30.789302826 0.014884531 0.999796569 0.013609863 -32.892284393 -0.090351410 -0.012210825 0.995835066 340.562957764
0.995857000 -0.016362421 0.089448780 31.090394974 0.015228426 0.999794900 0.013345429 -33.096759796 -0.089648806 -0.011927976 0.995901942 342.804809570
0.995867193 -0.016681779 0.089276515 31.379140854 0.015500834 0.999783278 0.013904972 -33.297626495 -0.089489117 -0.012463648 0.995909810 345.040405273
0.995905876 -0.016589792 0.088860877 31.669229507 0.015403197 0.999783158 0.014022605 -33.495368958 -0.089074232 -0.012596455 0.995945334 347.277862549
0.995959520 -0.016607223 0.088255823 31.957492828 0.015426953 0.999782443 0.014038662 -33.695899963 -0.088469766 -0.012620419 0.995998919 349.519195557
0.995955229 -0.016191687 0.088380165 32.238342285 0.014964639 0.999782443 0.014528766 -33.899143219 -0.088596180 -0.013147424 0.995980859 351.759002686
0.995998204 -0.016542006 0.087829091 32.523380280 0.015292662 0.999772370 0.014878625 -34.094875336 -0.088055201 -0.013475943 0.996024430 353.985809326
0.996019244 -0.016148021 0.087663613 32.804374695 0.014939571 0.999784350 0.014423764 -34.294586182 -0.087877639 -0.013056692 0.996045709 356.222106934
0.996076584 -0.016395880 0.086962953 33.093215942 0.015155032 0.999773979 0.014909832 -34.492839813 -0.087187760 -0.013533407 0.996099949 358.455566406
0.996146321 -0.015893603 0.086254992 33.387123108 0.014578783 0.999768019 0.015852029 -34.694923401 -0.086486936 -0.014533445 0.996146977 360.694030762
0.996194422 -0.015825965 0.085710198 33.677803040 0.014529723 0.999770880 0.015726289 -34.893936157 -0.085939445 -0.014421101 0.996195912 362.941864014
0.996232212 -0.015750235 0.085283466 33.965332031 0.014424761 0.999765754 0.016136004 -35.090240479 -0.085517637 -0.014845013 0.996226072 365.184692383
0.996287167 -0.015718868 0.084644161 34.252670288 0.014451808 0.999774456 0.015561300 -35.289588928 -0.084869683 -0.014280263 0.996289730 367.449035645
0.996289074 -0.016263308 0.084519394 34.530460358 0.015009480 0.999768019 0.015449145 -35.488914490 -0.084751025 -0.014123223 0.996302068 369.705780029
0.996296108 -0.016325518 0.084424280 34.808517456 0.015155132 0.999780297 0.014485542 -35.682281494 -0.084642209 -0.013152427 0.996324539 371.969085693
0.996361792 -0.015920574 0.083725527 35.091445923 0.014760228 0.999786615 0.014459709 -35.881008148 -0.083937846 -0.013171294 0.996383965 374.196014404
0.996443391 -0.015844271 0.082763202 35.379161835 0.014644888 0.999779046 0.015078808 -36.077659607 -0.082983814 -0.013813118 0.996455193 376.440307617
0.996365905 -0.015597340 0.083736211 35.647598267 0.014353889 0.999777913 0.015431198 -36.272338867 -0.083958283 -0.014173177 0.996368468 378.691925049
0.996366978 -0.016292280 0.083590560 35.927597046 0.015030101 0.999763668 0.015706714 -36.474708557 -0.083826698 -0.014393278 0.996376336 380.937011719
0.996383607 -0.016048038 0.083438896 36.210330963 0.014787063 0.999767244 0.015708681 -36.668144226 -0.083671562 -0.014418056 0.996389091 383.195770264
0.996397674 -0.015352669 0.083401859 36.494167328 0.014072211 0.999774277 0.015919155 -36.868682861 -0.083627425 -0.014688160 0.996388853 385.451934814
0.996387124 -0.014131712 0.083743706 36.767002106 0.012846836 0.999791801 0.015862005 -37.058147430 -0.083950423 -0.014728860 0.996361017 387.709289551
0.996412039 -0.012846926 0.083655261 37.051681519 0.011557156 0.999807060 0.015883740 -37.264202118 -0.083843186 -0.014859932 0.996368170 389.983795166
0.996400058 -0.011679527 0.083966717 37.328300476 0.010390175 0.999821544 0.015776142 -37.462375641 -0.084135979 -0.014846923 0.996343613 392.265930176
0.996425688 -0.010570722 0.083810225 37.611053467 0.009162839 0.999810815 0.017165333 -37.658718109 -0.083975807 -0.016336037 0.996333897 394.521972656
0.996377170 -0.009197664 0.084545806 37.884586334 0.007736660 0.999815464 0.017592028 -37.856327057 -0.084691994 -0.016874192 0.996264219 396.784698486
0.996321023 -0.009010025 0.085224524 38.164527893 0.007656351 0.999839365 0.016197180 -38.061820984 -0.085356802 -0.015485081 0.996230125 399.053131104
0.996237934 -0.008321220 0.086259663 38.440250397 0.006987456 0.999851465 0.015752615 -38.260215759 -0.086377941 -0.015090616 0.996148169 401.313079834
0.996190071 -0.009951711 0.086639181 38.716571808 0.008557751 0.999828160 0.016445834 -38.451457977 -0.086787954 -0.015641747 0.996104002 403.585815430
0.996115565 -0.011521203 0.087299682 38.998077393 0.010014715 0.999793649 0.017674919 -38.650119781 -0.087485313 -0.016731979 0.996025205 405.837890625
0.996110260 -0.012224998 0.087262981 39.282775879 0.010729283 0.999787748 0.017588824 -38.842559814 -0.087459490 -0.016584136 0.996030033 408.099334717
0.996072590 -0.011929072 0.087733127 39.575424194 0.010579614 0.999818742 0.015830318 -39.029834747 -0.087906063 -0.014839965 0.996018231 410.365142822
0.995993018 -0.009777836 0.088894017 39.872127533 0.008313205 0.999823809 0.016831469 -39.241367340 -0.089042924 -0.016025029 0.995898843 412.634460449
0.995933652 -0.008632729 0.089675114 40.154869080 0.007164741 0.999835253 0.016679078 -39.438983917 -0.089804322 -0.015968757 0.995831430 414.877105713
0.995847344 -0.007384708 0.090738460 40.447845459 0.005893946 0.999843538 0.016686210 -39.633499146 -0.090847477 -0.016082114 0.995734930 417.146240234
0.995787680 -0.007635041 0.091370560 40.744323730 0.006153513 0.999845088 0.016485244 -39.831039429 -0.091482282 -0.015853556 0.995680511 419.400054932
0.995671690 -0.007591703 0.092629403 41.030174255 0.006092131 0.999845922 0.016460974 -40.024139404 -0.092740119 -0.015825419 0.995564580 421.654724121
0.995585263 -0.007748536 0.093542457 41.319332123 0.006256666 0.999848604 0.016231336 -40.223205566 -0.093654066 -0.015574413 0.995482922 423.913085938
0.995522618 -0.008205597 0.094166994 41.619831085 0.006592662 0.999826431 0.017426802 -40.421344757 -0.094293647 -0.016727963 0.995403886 426.187957764
0.995486617 -0.007309350 0.094618663 41.918891907 0.005621178 0.999820471 0.018096110 -40.615886688 -0.094733931 -0.017482569 0.995349109 428.443969727
0.995407462 -0.006576973 0.095502675 42.222457886 0.004807931 0.999812782 0.018741800 -40.807212830 -0.095608056 -0.018196555 0.995252728 430.724121094
0.995409846 -0.007006409 0.095447220 42.525085449 0.005216668 0.999806046 0.018987747 -41.010101318 -0.095561758 -0.018402677 0.995253325 432.995025635
0.995355904 -0.007634052 0.095960215 42.831317902 0.005892643 0.999813020 0.018417517 -41.211265564 -0.096082874 -0.017766520 0.995214760 435.261596680
0.995341778 -0.006819366 0.096167907 43.142055511 0.005069331 0.999817312 0.018430304 -41.391494751 -0.096276022 -0.017856944 0.995194495 437.528778076
0.995302141 -0.007237264 0.096545838 43.450809479 0.005441635 0.999807656 0.018849073 -41.587638855 -0.096663676 -0.018235160 0.995150030 439.812988281
0.995339215 -0.007279148 0.096159682 43.766376495 0.005487916 0.999806702 0.018879037 -41.777793884 -0.096278511 -0.018263334 0.995186865 442.086730957
0.995336831 -0.006395938 0.096249528 44.090244293 0.004506360 0.999793053 0.019836651 -41.979320526 -0.096356496 -0.019310413 0.995159566 444.377685547
0.995310843 -0.007024905 0.096472479 44.400806427 0.005116781 0.999786615 0.020012116 -42.169708252 -0.096592493 -0.019424643 0.995134473 446.652130127
0.995284557 -0.006789876 0.096760429 44.703193665 0.004924401 0.999797642 0.019505102 -42.362342834 -0.096873291 -0.018936640 0.995116532 448.915252686
0.995294571 -0.006117274 0.096701786 45.012550354 0.004281010 0.999806762 0.019185010 -42.557197571 -0.096800469 -0.018680761 0.995128512 451.178039551
0.995241582 -0.005521367 0.097281478 45.317470551 0.003688238 0.999812424 0.019013317 -42.757247925 -0.097368203 -0.018564051 0.995075226 453.441802979
0.995151281 -0.004687904 0.098244511 45.619728088 0.002831713 0.999815106 0.019024506 -42.941764832 -0.098315515 -0.018654065 0.994980395 455.721374512
0.995120645 -0.005006264 0.098538414 45.923473358 0.003162438 0.999817133 0.018859066 -43.142341614 -0.098614812 -0.018455420 0.994954526 457.987091064
0.995150626 -0.004166771 0.098274298 46.245838165 0.002397108 0.999832988 0.018118592 -43.334587097 -0.098333396 -0.017795155 0.994994402 460.271728516
0.995114028 -0.002929664 0.098689049 46.553936005 0.001099863 0.999826550 0.018590380 -43.528751373 -0.098726407 -0.018391004 0.994944572 462.552886963
0.995139062 -0.002475317 0.098448545 46.865081787 0.000513702 0.999801040 0.019945644 -43.721885681 -0.098478332 -0.019798117 0.994942248 464.825073242
0.995216072 -0.002756394 0.097659275 47.174400330 0.000791133 0.999796510 0.020156654 -43.909210205 -0.097694993 -0.019982964 0.995015740 467.088897705
0.995314777 -0.002591514 0.096651986 47.491519928 0.000757974 0.999819160 0.019002423 -44.099628448 -0.096683748 -0.018840136 0.995136738 469.369720459
0.995390117 -0.002720492 0.095870189 47.810031891 0.000916957 0.999821901 0.018851295 -44.300712585 -0.095904395 -0.018676484 0.995215297 471.666381836
0.995443940 -0.003366231 0.095288604 48.116470337 0.001441225 0.999793649 0.020263463 -44.505294800 -0.095337160 -0.020033810 0.995243430 473.940246582
0.995419681 -0.003626472 0.095532052 48.412490845 0.001711636 0.999796212 0.020118237 -44.693832397 -0.095585540 -0.019862575 0.995223045 476.220733643
0.995519459 -0.003432096 0.094493985 48.717208862 0.001560190 0.999801338 0.019876542 -44.873088837 -0.094543427 -0.019640058 0.995326996 478.502777100
0.995545030 -0.003545779 0.094222061 49.022792816 0.001615023 0.999787450 0.020559922 -45.064334869 -0.094274938 -0.020316148 0.995338857 480.782379150
0.995591342 -0.004127698 0.093706109 49.330795288 0.002151691 0.999773383 0.021178516 -45.256778717 -0.093772307 -0.020883521 0.995374620 483.058990479
0.995601773 -0.004277674 0.093588673 49.627910614 0.002357573 0.999784648 0.020617327 -45.445934296 -0.093656719 -0.020306006 0.995397389 485.334259033
0.995674133 -0.004604239 0.092800163 49.933486938 0.002646102 0.999771476 0.021212591 -45.642883301 -0.092876621 -0.020875271 0.995458782 487.619934082
0.995711088 -0.005121518 0.092375219 50.226825714 0.003164874 0.999767780 0.021315554 -45.826465607 -0.092462920 -0.020931777 0.995496094 489.878692627
0.995739996 -0.004867595 0.092078298 50.528110504 0.002883479 0.999760985 0.021668920 -46.009719849 -0.092161782 -0.021311101 0.995515943 492.181427002
0.995797038 -0.004238429 0.091489330 50.831218719 0.002233652 0.999755383 0.022003958 -46.194446564 -0.091560207 -0.021707121 0.995562911 494.464721680
0.995801330 -0.003919663 0.091456681 51.118728638 0.001954736 0.999765575 0.021564476 -46.381118774 -0.091519766 -0.021295160 0.995575547 496.766021729
0.995830297 -0.003739641 0.091148295 51.428031921 0.001819418 0.999774992 0.021141015 -46.577732086 -0.091206834 -0.020887025 0.995612919 499.073181152
0.995864749 -0.003796532 0.090768121 51.723915100 0.001812991 0.999757946 0.021925310 -46.765346527 -0.090829380 -0.021670083 0.995630682 501.365447998
0.995864332 -0.003568914 0.090782799 52.012355804 0.001548264 0.999749660 0.022318767 -46.958045959 -0.090839736 -0.022085905 0.995620549 503.644073486
0.995881796 -0.002803746 0.090618052 52.305923462 0.000847254 0.999765873 0.021621792 -47.146759033 -0.090657458 -0.021455972 0.995650947 505.936981201
0.995865166 -0.002778545 0.090800919 52.591018677 0.000754452 0.999750555 0.022318276 -47.336380005 -0.090840288 -0.022157490 0.995618939 508.225036621
0.995868564 -0.003089892 0.090753756 52.883880615 0.001143045 0.999768257 0.021496119 -47.525630951 -0.090799138 -0.021303574 0.995641351 510.514739990
0.995903432 -0.003780467 0.090344205 53.189002991 0.001760468 0.999746919 0.022428151 -47.720886230 -0.090406135 -0.022177221 0.995658040 512.818054199
0.995924354 -0.003480074 0.090125605 53.486080170 0.001467502 0.999748290 0.022387391 -47.903350830 -0.090180829 -0.022163888 0.995678782 515.118286133
0.995960414 -0.002863787 0.089748032 53.782005310 0.000861201 0.999749899 0.022344220 -48.092941284 -0.089789569 -0.022176662 0.995713949 517.418518066
0.995912313 -0.001939607 0.090303585 54.065345764 -0.000051084 0.999757111 0.022036912 -48.281982422 -0.090324387 -0.021951444 0.995670438 519.721618652
0.995847702 -0.000092302 0.091034822 54.348300934 -0.001940732 0.999750614 0.022243705 -48.470886230 -0.091014177 -0.022328019 0.995599270 522.061035156
0.995693922 0.002046946 0.092678756 54.630928040 -0.004137514 0.999741197 0.022370623 -48.657665253 -0.092608973 -0.022657756 0.995444655 524.387145996
0.995723546 0.003433775 0.092319034 54.948436737 -0.005607559 0.999712765 0.023297347 -48.834323883 -0.092212535 -0.023715401 0.995456815 526.710754395
0.995648682 0.003137770 0.093133241 55.242008209 -0.005314291 0.999718308 0.023131164 -49.019451141 -0.093034431 -0.023525447 0.995384932 529.021545410
0.995626211 0.001104759 0.093419284 55.543670654 -0.003411072 0.999693155 0.024531689 -49.203556061 -0.093363546 -0.024743052 0.995324612 531.326782227
0.995606184 -0.000598384 0.093637429 55.860652924 -0.001685434 0.999703050 0.024309022 -49.386993408 -0.093624167 -0.024360036 0.995309532 533.650878906
0.995580018 -0.000578810 0.093914397 56.168121338 -0.001648500 0.999719262 0.023637066 -49.570240021 -0.093901716 -0.023687413 0.995299578 535.968261719
0.995512843 -0.000987342 0.094621345 56.475242615 -0.001242725 0.999722838 0.023506505 -49.756072998 -0.094618335 -0.023518622 0.995235801 538.284118652
0.995439470 -0.000367064 0.095394701 56.777683258 -0.001817355 0.999738097 0.022810852 -49.943107605 -0.095378093 -0.022880191 0.995178103 540.588623047
0.995371342 0.000410122 0.096102655 57.083759308 -0.002584890 0.999743283 0.022506224 -50.131000519 -0.096068747 -0.022650464 0.995116949 542.897827148
0.995309472 0.000957598 0.096737862 57.401332855 -0.003021460 0.999770939 0.021190349 -50.315155029 -0.096695408 -0.021383243 0.995084345 545.224853516
0.995206177 0.000487479 0.097797737 57.696033478 -0.002681791 0.999747574 0.022307038 -50.513938904 -0.097762182 -0.022462377 0.994956195 547.533691406
0.995119810 0.000610911 0.098672166 58.004425049 -0.002894006 0.999731302 0.022996714 -50.699859619 -0.098631613 -0.023170043 0.994854212 549.854309082
0.995047271 0.000874798 0.099400021 58.312015533 -0.003153822 0.999735713 0.022772992 -50.882308960 -0.099353828 -0.022973690 0.994786918 552.158325195
0.995085895 -0.000265592 0.099014588 58.640007019 -0.001894693 0.999762177 0.021723172 -51.068473816 -0.098996818 -0.021804025 0.994848788 554.472290039
0.995119452 -0.000510339 0.098675661 58.966499329 -0.001698458 0.999749899 0.022299115 -51.261276245 -0.098662354 -0.022357883 0.994869769 556.794738770
0.995047271 -0.000362651 0.099401817 59.276748657 -0.001905647 0.999739945 0.022723598 -51.449287415 -0.099384189 -0.022800481 0.994787872 559.104553223
0.995024502 0.000280291 0.099629894 59.598865509 -0.002655145 0.999715447 0.023704963 -51.637779236 -0.099594906 -0.023851551 0.994742155 561.438659668
0.995039582 -0.000172967 0.099479109 59.927085876 -0.002265957 0.999699652 0.024403438 -51.824718475 -0.099453457 -0.024507806 0.994740367 563.768432617
0.995018661 0.000397084 0.099688172 60.252262115 -0.002912356 0.999681056 0.025087129 -52.009113312 -0.099646419 -0.025252491 0.994702339 566.085083008
0.994966567 0.001407489 0.100197613 60.575862885 -0.003873290 0.999694288 0.024419101 -52.196605682 -0.100132599 -0.024684282 0.994667828 568.401794434
0.995005190 0.002452467 0.099792778 60.917259216 -0.004764196 0.999725640 0.022933576 -52.377883911 -0.099709168 -0.023294462 0.994743824 570.738342285
0.994984210 0.003004285 0.099986196 61.253154755 -0.005343969 0.999717891 0.023140460 -52.567546844 -0.099888474 -0.023558717 0.994719625 573.058959961
0.994947195 0.002758614 0.100361370 61.569667816 -0.005215717 0.999692857 0.024228396 -52.761489868 -0.100263700 -0.024629431 0.994656026 575.435546875
0.994971693 0.002685886 0.100119963 61.904724121 -0.005244561 0.999666154 0.025301658 -52.949783325 -0.100018568 -0.025699519 0.994653642 577.747802734
0.994873941 0.003455375 0.101063445 62.214313507 -0.005893715 0.999698579 0.023838211 -53.138710022 -0.100950584 -0.024311662 0.994594276 580.134704590
0.994934440 0.002623153 0.100492455 62.547279358 -0.005002933 0.999712825 0.023436476 -53.317436218 -0.100402124 -0.023820514 0.994661748 582.475036621
0.994893909 0.001844765 0.100908525 62.877040863 -0.004416689 0.999671042 0.025270220 -53.521636963 -0.100828700 -0.025586875 0.994574726 584.820617676
0.994912148 0.001629974 0.100732885 63.209953308 -0.004170343 0.999678433 0.025013436 -53.703201294 -0.100659721 -0.025306262 0.994599044 587.156555176
0.994859457 0.000195752 0.101265371 63.525791168 -0.002619145 0.999713242 0.023798712 -53.883956909 -0.101231672 -0.023941603 0.994574726 589.483154297
0.994867206 -0.000593623 0.101188064 63.856002808 -0.001835115 0.999712467 0.023907449 -54.070030212 -0.101173162 -0.023970423 0.994580030 591.820129395
0.994858861 -0.000693664 0.101268508 64.176322937 -0.001755064 0.999708235 0.024089454 -54.258594513 -0.101255678 -0.024143338 0.994567454 594.179870605
0.994880855 -0.001240763 0.101047285 64.514297485 -0.001225191 0.999702990 0.024338245 -54.446624756 -0.101047486 -0.024337454 0.994583845 596.537841797
