1.000000000 0.000000000 0.000000000 0.000000000 0.000000000 1.000000000 0.000000000 0.000000000 0.000000000 0.000000000 1.000000000 0.000000000
0.999999881 0.000074315 0.000513165 0.088592596 -0.000074236 1.000000000 -0.000155510 -0.226476893 -0.000513176 0.000155471 0.999999881 2.295322418
0.999999225 0.000403415 0.001200270 0.166562647 -0.000403948 0.999999821 0.000444263 -0.466436416 -0.001200091 -0.000444747 0.999999166 4.582830429
0.999998510 -0.000045074 0.001716057 0.265448451 0.000044348 0.999999881 0.000423006 -0.695313811 -0.001716076 -0.000422929 0.999998391 6.868351460
0.999996722 -0.000296660 0.002526214 0.360712320 0.000299852 0.999999166 -0.001263269 -0.929162979 -0.002525837 0.001264022 0.999996006 9.163492203
0.999988139 0.001468992 0.004639952 0.451583743 -0.001469267 0.999998927 0.000055819 -1.164582849 -0.004639865 -0.000062636 0.999989212 11.470002174
0.999973714 0.002973765 0.006615823 0.564502537 -0.002979974 0.999995053 0.000928877 -1.393789291 -0.006613028 -0.000948567 0.999977708 13.753792763
0.999956369 0.002898447 0.008883678 0.671178699 -0.002929851 0.999989510 0.003524101 -1.623460174 -0.008873371 -0.003549975 0.999954343 16.023618698
0.999946892 0.003368080 0.009740224 0.767657518 -0.003418422 0.999980867 0.005156434 -1.852456808 -0.009722672 -0.005189457 0.999939263 18.317609787
0.999942183 0.002511460 0.010450987 0.883046210 -0.002571431 0.999980211 0.005728933 -2.080286741 -0.010436394 -0.005755476 0.999928951 20.584184647
0.999933302 0.000231947 0.011541560 0.997853100 -0.000257539 0.999997497 0.002215989 -2.291714191 -0.011541019 -0.002218814 0.999930859 22.914243698
0.999922395 -0.001945313 0.012303823 1.105340600 0.001949359 0.999998033 -0.000316916 -2.507659197 -0.012303181 0.000340876 0.999924242 25.201049805
0.999919415 -0.002475504 0.012449144 1.235652924 0.002475730 0.999996960 -0.000002742 -2.765275002 -0.012449097 0.000033563 0.999922514 27.500329971
0.999899209 -0.002187687 0.014022085 1.332579613 0.002202811 0.999997020 -0.001063261 -2.990692854 -0.014019715 0.001094042 0.999901116 29.785741806
0.999898434 0.000009452 0.014253762 1.461736441 -0.000033353 0.999998569 0.001676539 -3.222068787 -0.014253726 -0.001676844 0.999896944 32.038887024
0.999902248 0.001884746 0.013853555 1.595118046 -0.001942178 0.999989510 0.004133413 -3.445518494 -0.013845619 -0.004159914 0.999895513 34.318599701
0.999860823 0.003925228 0.016213773 1.701539755 -0.004046378 0.999964058 0.007445935 -3.669469833 -0.016183963 -0.007510507 0.999840796 36.639167786
0.999840558 0.005765837 0.016893735 1.819345117 -0.005881828 0.999959469 0.006824282 -3.887705326 -0.016853699 -0.006922561 0.999834001 38.910583496
0.999809086 0.004967820 0.018897558 1.922944307 -0.005072105 0.999972165 0.005474481 -4.094596386 -0.018869836 -0.005569287 0.999806464 41.210437775
0.999815583 0.002565321 0.019033466 2.049412251 -0.002645367 0.999987841 0.004181538 -4.318979263 -0.019022506 -0.004231116 0.999810159 43.486640930
0.999814212 0.002359836 0.019130314 2.176901817 -0.002427625 0.999990880 0.003521104 -4.548816681 -0.019121833 -0.003566890 0.999810815 45.726928711
0.999814868 0.001734460 0.019170558 2.303339958 -0.001783811 0.999995112 0.002557563 -4.778613567 -0.019166026 -0.002591286 0.999812961 47.998836517
0.999815047 0.000394949 0.019235512 2.440021276 -0.000451795 0.999995530 0.002950970 -5.008132458 -0.019234262 -0.002959114 0.999810755 50.276603699
0.999797225 -0.000349793 0.020139694 2.570959568 0.000286740 0.999995053 0.003133597 -5.232297897 -0.020140689 -0.003127187 0.999792278 52.544403076
0.999791086 -0.001581118 0.020380510 2.709959507 0.001519845 0.999994338 0.003021605 -5.462830544 -0.020385174 -0.002989999 0.999787748 54.831829071
0.999759197 -0.001362624 0.021902760 2.835000515 0.001285693 0.999992967 0.003526083 -5.693244934 -0.021907412 -0.003497073 0.999753892 57.127124786
0.999739349 -0.002762980 0.022659153 2.972194195 0.002669340 0.999987781 0.004161720 -5.919310570 -0.022670375 -0.004100151 0.999734581 59.391994476
0.999694169 -0.004177196 0.024378857 3.098047733 0.004089416 0.999984920 0.003649429 -6.145671368 -0.024393741 -0.003548617 0.999696076 61.662006378
0.999677181 -0.004943740 0.024918985 3.250696659 0.004852833 0.999981284 0.003707273 -6.373354912 -0.024936846 -0.003585149 0.999682605 63.914802551
0.999641716 -0.004526435 0.026378091 3.391288757 0.004421150 0.999982059 0.004048370 -6.593900681 -0.026395945 -0.003930299 0.999643862 66.186317444
0.999614418 -0.003523335 0.027542543 3.539785385 0.003398870 0.999983788 0.004564534 -6.822801113 -0.027558178 -0.004469160 0.999610186 68.440582275
0.999570191 -0.003788528 0.029068636 3.677780151 0.003662389 0.999983668 0.004391361 -7.049417019 -0.029084796 -0.004283014 0.999567747 70.687606812
0.999556720 -0.004590961 0.029414486 3.840308666 0.004500958 0.999984920 0.003125260 -7.274295807 -0.029428395 -0.002991482 0.999562442 72.931167603
0.999543190 -0.005492144 0.029719438 3.998094559 0.005389991 0.999979317 0.003516275 -7.500211716 -0.029738136 -0.003354481 0.999552011 75.202995300
0.999500096 -0.006658634 0.030905509 4.164522171 0.006568334 0.999973953 0.003022446 -7.733346939 -0.030924823 -0.002817938 0.999517679 77.470581055
0.999496341 -0.007566771 0.030818311 4.326206207 0.007485988 0.999968171 0.002735813 -7.958659172 -0.030838026 -0.002503730 0.999521255 79.721786499
0.999467194 -0.008109882 0.031616274 4.477294922 0.008038418 0.999964774 0.002386773 -8.176857948 -0.031634513 -0.002131357 0.999497235 81.974555969
0.999447703 -0.007582374 0.032354493 4.649506092 0.007505886 0.999968767 0.002484851 -8.414519310 -0.032372322 -0.002240630 0.999473393 84.274383545
0.999393463 -0.007357766 0.034038365 4.803096294 0.007268792 0.999969900 0.002736919 -8.629686356 -0.034057479 -0.002487842 0.999416769 86.532394409
0.999394417 -0.007272946 0.034027174 4.980751038 0.007132980 0.999965608 0.004232951 -8.870941162 -0.034056786 -0.003987673 0.999411941 88.799232483
0.999368429 -0.006316434 0.034968164 5.142581463 0.006145782 0.999968708 0.004985533 -9.099987030 -0.034998558 -0.004767478 0.999375999 91.052322388
0.999341607 -0.006299865 0.035731006 5.311893463 0.006129437 0.999969304 0.004877294 -9.321448326 -0.035760630 -0.004655072 0.999349535 93.302558899
0.999321520 -0.006420997 0.036267374 5.482049942 0.006262896 0.999970376 0.004471250 -9.540945053 -0.036295000 -0.004241077 0.999332130 95.557441711
0.999287903 -0.006774290 0.037119046 5.649841785 0.006602332 0.999966919 0.004753220 -9.762935638 -0.037150014 -0.004504764 0.999299526 97.813728333
0.999240339 -0.006318842 0.038455125 5.808568478 0.006146840 0.999970555 0.004589356 -9.998414993 -0.038482990 -0.004349491 0.999249816 100.050155640
0.999173045 -0.006446188 0.040144540 5.966645718 0.006232091 0.999965668 0.005456007 -10.212880135 -0.040178332 -0.005201311 0.999178946 102.273208618
0.999172807 -0.006664594 0.040115330 6.165446281 0.006456656 0.999965072 0.005310816 -10.431170464 -0.040149324 -0.005047412 0.999180913 104.526405334
0.999128640 -0.007320250 0.041089188 6.340718269 0.007074238 0.999956191 0.006129458 -10.648283005 -0.041132249 -0.005833442 0.999136686 106.756660461
0.999090195 -0.008670930 0.041754767 6.523443699 0.008413815 0.999944687 0.006329485 -10.864335060 -0.041807331 -0.005972411 0.999107838 109.005073547
0.999045253 -0.009794353 0.042574938 6.706795692 0.009492990 0.999928474 0.007274845 -11.089767456 -0.042643152 -0.006863736 0.999066710 111.258598328
0.999024808 -0.010532854 0.042877886 6.901629448 0.010293738 0.999930263 0.005793713 -11.308913231 -0.042935926 -0.005346689 0.999063492 113.519355774
0.998977900 -0.010977325 0.043846134 7.085652351 0.010766326 0.999929309 0.005045487 -11.528859138 -0.043898426 -0.004568269 0.999025583 115.764381409
0.998946607 -0.011185506 0.044503056 7.267429352 0.010948171 0.999924541 0.005573187 -11.754988670 -0.044562038 -0.005080091 0.998993695 117.989936829
0.998891175 -0.011609719 0.045623180 7.458336830 0.011314149 0.999913335 0.006731352 -11.980865479 -0.045697372 -0.006207701 0.998936057 120.232192993
0.998865306 -0.012365710 0.045990925 7.664535522 0.012030821 0.999899030 0.007551312 -12.205442429 -0.046079673 -0.006989436 0.998913348 122.439079285
0.998788953 -0.013010733 0.047448348 7.849250317 0.012696342 0.999895394 0.006921372 -12.422652245 -0.047533445 -0.006310569 0.998849690 124.728271484
0.998756170 -0.013718812 0.047936510 8.041561127 0.013441058 0.999890983 0.006111760 -12.643733978 -0.048015129 -0.005459840 0.998831809 126.999099731
0.998747051 -0.015401476 0.047613740 8.239279747 0.015112696 0.999865174 0.006419113 -12.859556198 -0.047706194 -0.005691498 0.998845220 129.258499146
0.998776376 -0.016499627 0.046620730 8.434502602 0.016203094 0.999846041 0.006731234 -13.075002670 -0.046724606 -0.005967596 0.998889983 131.504150391
0.998848140 -0.016833827 0.044934940 8.638558388 0.016499612 0.999833465 0.007798308 -13.290497780 -0.045058735 -0.007047916 0.998959363 133.738037109
0.998892248 -0.017869854 0.043531224 8.823203087 0.017562902 0.999818206 0.007423612 -13.506232262 -0.043655962 -0.006650854 0.999024510 135.984359741
0.998971283 -0.018692857 0.041316323 9.035037041 0.018407369 0.999804139 0.007279538 -13.723404884 -0.041444305 -0.006511525 0.999119580 138.209945679
0.998971105 -0.019246586 0.041064050 9.208992004 0.018974457 0.999795437 0.007006546 -13.937572479 -0.041190494 -0.006220169 0.999131978 140.483642578
0.998956859 -0.019463768 0.041307312 9.380809784 0.019176532 0.999789238 0.007338488 -14.146803856 -0.041441429 -0.006538702 0.999119520 142.714370728
0.998992264 -0.019637357 0.040358379 9.574007034 0.019310094 0.999777555 0.008482866 -14.373409271 -0.040515978 -0.007694996 0.999149203 144.966140747
0.999006748 -0.018773450 0.040411286 9.752044678 0.018492024 0.999802172 0.007326538 -14.585565567 -0.040540837 -0.006571975 0.999156237 147.206130981
0.999024391 -0.017724724 0.040448733 9.937896729 0.017502699 0.999829769 0.005836664 -14.802251816 -0.040545300 -0.005123008 0.999164581 149.450531006
0.999036908 -0.016156068 0.040793963 10.118106842 0.015971912 0.999860704 0.004836222 -15.021218300 -0.040866420 -0.004180007 0.999155879 151.697845459
0.999047577 -0.015421033 0.040816858 10.307386398 0.015238480 0.999872386 0.004779858 -15.236117363 -0.040885363 -0.004153319 0.999155164 153.926437378
0.999039173 -0.014789517 0.041253585 10.494590759 0.014584293 0.999879718 0.005271215 -15.457928658 -0.041326579 -0.004664497 0.999134779 156.188735962
0.999046803 -0.013978200 0.041353218 10.694443703 0.013720638 0.999884725 0.006505653 -15.677953720 -0.041439392 -0.005932060 0.999123394 158.398941040
0.998991728 -0.013354418 0.042862404 10.861684799 0.013044067 0.999886692 0.007512216 -15.895733833 -0.042957872 -0.006945542 0.999052703 160.670639038
0.998965681 -0.012247292 0.043790691 11.047941208 0.011847598 0.999885857 0.009375272 -16.112390518 -0.043900516 -0.008846761 0.998996794 162.901489258
0.998934329 -0.011794668 0.044622272 11.240989685 0.011430866 0.999899387 0.008399326 -16.317005157 -0.044716850 -0.007880304 0.998968601 165.160629272
0.998889267 -0.011134353 0.045785226 11.436729431 0.010814742 0.999915540 0.007222443 -16.530933380 -0.045861766 -0.006719266 0.998925149 167.399765015
0.998803437 -0.009304036 0.048012313 11.623641968 0.008949445 0.999931037 0.007595127 -16.746791840 -0.048079673 -0.007156355 0.998817921 169.635742188
0.998700500 -0.008788442 0.050198719 11.830121994 0.008378271 0.999929786 0.008375581 -16.974567413 -0.050268803 -0.007944116 0.998704135 171.862960815
0.998578072 -0.009277217 0.052494507 12.034610748 0.008873893 0.999929309 0.007911057 -17.181537628 -0.052564185 -0.007433977 0.998589873 174.123886108
0.998490751 -0.008914895 0.054191526 12.243272781 0.008461533 0.999927223 0.008589603 -17.399074554 -0.054264154 -0.008118095 0.998493612 176.376129150
0.998429716 -0.009659466 0.055179372 12.451400757 0.009151175 0.999913335 0.009456896 -17.610591888 -0.055265937 -0.008937087 0.998431683 178.601913452
0.998372614 -0.010611215 0.056030951 12.652682304 0.010069668 0.999899924 0.009938649 -17.824874878 -0.056130800 -0.009358261 0.998379648 180.831893921
0.998415232 -0.011046093 0.055181116 12.869023323 0.010547202 0.999900877 0.009324038 -18.037939072 -0.055278640 -0.008727253 0.998432815 183.104568481
0.998425424 -0.012509949 0.054682970 13.085830688 0.012026243 0.999885678 0.009165775 -18.251930237 -0.054791383 -0.008493714 0.998461723 185.342773438
0.998435676 -0.014247114 0.054066475 13.303399086 0.013714829 0.999853849 0.010203267 -18.464199066 -0.054203939 -0.009445794 0.998485208 187.577041626
0.998405516 -0.015321504 0.054328863 13.489613533 0.014832439 0.999845862 0.009393778 -18.668308258 -0.054464411 -0.008572971 0.998478830 189.799896240
0.998384297 -0.016402228 0.054403398 13.700431824 0.015939875 0.999833107 0.008921687 -18.878807068 -0.054540657 -0.008040089 0.998479128 192.043899536
0.998366058 -0.017520865 0.054389883 13.909682274 0.017058887 0.999814451 0.008946558 -19.103395462 -0.054536548 -0.008004108 0.998479605 194.275604248
0.998389423 -0.017146869 0.054080926 14.127732277 0.016664037 0.999817252 0.009366274 -19.314966202 -0.054231655 -0.008449983 0.998492599 196.503036499
0.998409510 -0.015361977 0.054244351 14.347701073 0.014862971 0.999843538 0.009590747 -19.528610229 -0.054383196 -0.008769260 0.998481631 198.735778809
0.998416126 -0.012887503 0.054764878 14.548328400 0.012378800 0.999877036 0.009617999 -19.753280640 -0.054882102 -0.008924842 0.998452902 200.993240356
0.998374641 -0.012233609 0.055662140 14.761280060 0.011759610 0.999891818 0.008835266 -19.964929581 -0.055764202 -0.008166342 0.998410702 203.252517700
0.998337328 -0.012836248 0.056194458 14.969705582 0.012311575 0.999877334 0.009673028 -20.175384521 -0.056311741 -0.008965103 0.998372912 205.481704712
0.998321533 -0.014352798 0.056109652 15.185724258 0.013778830 0.999848783 0.010602971 -20.389131546 -0.056253355 -0.009812048 0.998368323 207.701370239
0.998273253 -0.015099404 0.056769118 15.395729065 0.014564862 0.999845743 0.009818147 -20.584459305 -0.056908607 -0.008974358 0.998339057 209.936431885
0.998175979 -0.014805445 0.058527444 15.610269547 0.014180311 0.999838054 0.011081996 -20.797504425 -0.058682036 -0.010231845 0.998224258 212.174438477
0.998088479 -0.013365401 0.060338274 15.847082138 0.012694374 0.999853313 0.011490757 -21.006940842 -0.060483009 -0.010702834 0.998111725 214.414230347
0.997903526 -0.012101951 0.063577875 16.047966003 0.011393665 0.999869049 0.011491233 -21.210880280 -0.063708626 -0.010742757 0.997910738 216.654174805
0.997782290 -0.012159426 0.065441623 16.284616470 0.011409954 0.999865055 0.011814132 -21.415546417 -0.065576449 -0.011041245 0.997786462 218.888702393
0.997644365 -0.013481954 0.067260310 16.526105881 0.012682842 0.999843955 0.012293786 -21.616598129 -0.067415565 -0.011411777 0.997659743 221.116226196
0.997534752 -0.015159837 0.068516977 16.766252518 0.014300101 0.999813080 0.013020872 -21.816883087 -0.068701558 -0.012008975 0.997564971 223.345046997
0.997483671 -0.017714720 0.068649709 17.026683807 0.016888261 0.999777973 0.012600526 -22.029033661 -0.068857685 -0.011409443 0.997561276 225.567916870
0.997455835 -0.019077586 0.068687133 17.276084900 0.018288810 0.999759555 0.012094292 -22.225769043 -0.068901345 -0.010807314 0.997565031 227.816101074
0.997400343 -0.019188613 0.069457568 17.514852524 0.018361555 0.999752879 0.012526399 -22.432943344 -0.069680773 -0.011218483 0.997506261 230.052703857
0.997366130 -0.020510053 0.069570303 17.769760132 0.019766891 0.999740124 0.011353920 -22.635454178 -0.069785081 -0.009948825 0.997512460 232.296463013
0.997338355 -0.021477496 0.069676407 18.019351959 0.020669401 0.999710739 0.012298178 -22.834566116 -0.069920376 -0.010825275 0.997493863 234.530853271
0.997302651 -0.020209797 0.070561208 18.295204163 0.019354792 0.999731123 0.012780017 -23.045324326 -0.070800506 -0.011379849 0.997425556 236.807479858
0.997259319 -0.019925090 0.071251839 18.539150238 0.019073742 0.999738693 0.012608916 -23.242441177 -0.071484439 -0.011215318 0.997378767 239.034515381
0.997223377 -0.020226367 0.071668722 18.790088654 0.019341644 0.999728203 0.013017234 -23.447711945 -0.071912542 -0.011594900 0.997343659 241.256668091
0.997175276 -0.020563394 0.072239667 19.042198181 0.019667307 0.999720752 0.013093998 -23.646562576 -0.072488762 -0.011636251 0.997301340 243.499725342
0.997152686 -0.020677516 0.072518326 19.297548294 0.019817628 0.999724746 0.012557106 -23.854049683 -0.072758034 -0.011084213 0.997288048 245.722122192
0.997156978 -0.020290138 0.072568923 19.554016113 0.019477122 0.999739587 0.011893592 -24.060310364 -0.072791345 -0.010446345 0.997292459 247.950714111
0.997120619 -0.020731024 0.072943285 19.810344696 0.019867817 0.999723971 0.012539767 -24.266561508 -0.073183127 -0.011054438 0.997257233 250.181610107
0.997091532 -0.022151640 0.072923161 20.074542999 0.021300215 0.999695778 0.012432778 -24.471843719 -0.073176384 -0.010843339 0.997260094 252.415206909
0.997091413 -0.022285050 0.072884180 20.344537735 0.021368479 0.999682784 0.013331479 -24.677331924 -0.073158152 -0.011735280 0.997251332 254.671752930
0.997049987 -0.023343379 0.073119931 20.588279724 0.022391047 0.999653876 0.013817170 -24.882923126 -0.073417179 -0.012139176 0.997227430 256.891021729
0.997022748 -0.023564680 0.073419139 20.856834412 0.022570061 0.999642253 0.014347548 -25.091543198 -0.073730975 -0.012647755 0.997197986 259.154602051
0.996998906 -0.023033146 0.073909938 21.117158890 0.022081776 0.999662757 0.013663584 -25.287019730 -0.074199729 -0.011990516 0.997171342 261.397644043
0.996979654 -0.023124110 0.074140191 21.383756638 0.022212695 0.999667525 0.013094350 -25.485546112 -0.074418344 -0.011407947 0.997161865 263.651397705
0.996959805 -0.022291368 0.074662685 21.650892258 0.021415148 0.999692321 0.012515923 -25.688386917 -0.074918725 -0.010878957 0.997130215 265.892242432
0.996888936 -0.021661516 0.075784110 21.911163330 0.020766184 0.999705195 0.012582433 -25.885953903 -0.076034315 -0.010969544 0.997044861 268.136047363
0.996748507 -0.021269083 0.077717341 22.162223816 0.020353528 0.999714017 0.012553843 -26.102518082 -0.077962123 -0.010931202 0.996896386 270.381866455
0.996638894 -0.022092747 0.078884862 22.437028885 0.021129441 0.999691904 0.013025497 -26.309700012 -0.079148330 -0.011314924 0.996798575 272.626708984
0.996455312 -0.022606071 0.081029326 22.694055557 0.021579614 0.999675632 0.013521278 -26.506416321 -0.081308715 -0.011724767 0.996619999 274.867584229
0.996355474 -0.022359831 0.082314879 22.978704453 0.021259900 0.999672949 0.014214932 -26.693515778 -0.082605809 -0.012413120 0.996504962 277.108642578
0.996275067 -0.021870831 0.083412454 23.264486313 0.020577334 0.999654770 0.016335670 -26.912189484 -0.083740935 -0.014558413 0.996381223 279.364379883
0.996171594 -0.021670718 0.084690429 23.549251556 0.020250356 0.999640107 0.017594542 -27.114385605 -0.085041240 -0.015812175 0.996252060 281.601440430
0.996130943 -0.020681510 0.085413046 23.838441849 0.019248318 0.999660373 0.017569259 -27.303661346 -0.085747376 -0.015857227 0.996190846 283.869140625
0.996029019 -0.019564468 0.086852841 24.110639572 0.018173829 0.999694169 0.016773447 -27.490215302 -0.087154441 -0.015128391 0.996079981 286.098754883
0.996011794 -0.019381829 0.087090723 24.403388977 0.018082261 0.999713421 0.015686270 -27.674102783 -0.087369815 -0.014048915 0.996076882 288.337005615
0.995964646 -0.020255951 0.087429889 24.684434891 0.018909117 0.999689817 0.016205657 -27.876148224 -0.087731034 -0.014487038 0.996038795 290.562988281
0.995869577 -0.020286309 0.088500321 24.945486069 0.018974038 0.999697566 0.015644077 -28.073429108 -0.088790916 -0.013900251 0.995953262 292.829284668
0.995879591 -0.020786937 0.088270612 25.233612061 0.019536445 0.999696612 0.015007001 -28.267959595 -0.088555776 -0.013220674 0.995983481 295.055450439
0.995857596 -0.020808933 0.088513479 25.517623901 0.019571077 0.999698579 0.014830007 -28.462654114 -0.088795386 -0.013036275 0.995964587 297.286987305
0.995858967 -0.020078909 0.088666067 25.804649353 0.018831825 0.999711931 0.014879272 -28.655105591 -0.088939294 -0.013147914 0.995950282 299.524841309
0.995797634 -0.020114023 0.089344516 26.071552277 0.018768817 0.999697864 0.015871136 -28.855834961 -0.089636758 -0.014127550 0.995874286 301.746124268
0.995788455 -0.020685837 0.089315861 26.366657257 0.019332247 0.999685168 0.015993724 -29.050102234 -0.089618579 -0.014199690 0.995874941 303.999694824
0.995760858 -0.020410586 0.089687057 26.656946182 0.019024257 0.999686480 0.016285246 -29.241275787 -0.089991331 -0.014509982 0.995836854 306.239898682
0.995759606 -0.020494074 0.089681298 26.946662903 0.019130025 0.999688208 0.016043229 -29.442697525 -0.089982115 -0.014259594 0.995841265 308.488891602
0.995719373 -0.021695798 0.089845009 27.242788315 0.020280156 0.999655843 0.016639594 -29.639415741 -0.090175107 -0.014746296 0.995816767 310.751647949
0.995685399 -0.021666598 0.090227559 27.533128738 0.020297889 0.999664903 0.016059685 -29.835289001 -0.090545267 -0.014158966 0.995791674 312.978942871
0.995710433 -0.020931421 0.090125218 27.831363678 0.019506006 0.999670804 0.016667854 -30.030658722 -0.090444423 -0.014838374 0.995790958 315.231994629
0.995666981 -0.019081568 0.091012061 28.121725082 0.017701427 0.999716103 0.015947660 -30.228416443 -0.091290541 -0.014267517 0.995722115 317.464630127
0.995656192 -0.017136902 0.091514580 28.412881851 0.015698193 0.999741971 0.016417900 -30.424264908 -0.091772318 -0.014909972 0.995668352 319.707305908
0.995592773 -0.015956633 0.092414692 28.700069427 0.014586759 0.999773800 0.015479656 -30.615600586 -0.092640787 -0.014063404 0.995600283 321.928405762
0.995554030 -0.015261446 0.092948630 28.990299225 0.013817983 0.999774039 0.016153593 -30.809505463 -0.093174160 -0.014797411 0.995539844 324.171875000
0.995574594 -0.015006660 0.092768416 29.289939880 0.013456855 0.999759614 0.017309200 -31.011070251 -0.093005851 -0.015984233 0.995537221 326.391632080
0.995501578 -0.015750337 0.093426853 29.572574615 0.014190818 0.999749005 0.017333368 -31.210079193 -0.093676418 -0.015929591 0.995475233 328.626037598
0.995498300 -0.017201988 0.093204841 29.877597809 0.015720330 0.999738514 0.016607758 -31.401754379 -0.093466155 -0.015067785 0.995508373 330.859771729
0.995476127 -0.016510149 0.093566716 30.167238235 0.015048372 0.999753773 0.016306948 -31.596277237 -0.093812905 -0.014825150 0.995479465 333.075897217
0.995426834 -0.016798267 0.094038136 30.457948685 0.015205988 0.999728978 0.017623363 -31.790809631 -0.094308674 -0.016112825 0.995412588 335.304168701
0.995458722 -0.017178204 0.093631282 30.765041351 0.015587319 0.999721885 0.017695962 -31.981439590 -0.093909234 -0.016156139 0.995449662 337.540527344
0.995430171 -0.016946455 0.093975931 31.052993774 0.015326302 0.999721706 0.017935144 -32.176937103 -0.094253711 -0.016412878 0.995412827 339.778747559
0.995449007 -0.016816836 0.093799308 31.355930328 0.015238900 0.999730468 0.017513487 -32.370151520 -0.094068557 -0.016004387 0.995437086 342.029327393
0.995461524 -0.017011853 0.093632214 31.652351379 0.015380427 0.999717474 0.018118020 -32.561286926 -0.093913995 -0.016595688 0.995442092 344.276367188
0.995486498 -0.016169704 0.093515575 31.945539474 0.014546018 0.999731779 0.018018413 -32.749057770 -0.093781844 -0.016576810 0.995454729 346.510437012
0.995510697 -0.015976368 0.093290210 32.240608215 0.014368873 0.999736905 0.017877497 -32.938533783 -0.093551278 -0.016456766 0.995478451 348.753601074
0.995469809 -0.015445657 0.093815170 32.533115387 0.013782851 0.999736667 0.018346449 -33.133430481 -0.094073854 -0.016970297 0.995420575 350.997314453
0.995498836 -0.015488228 0.093499683 32.833557129 0.013795449 0.999729514 0.018723967 -33.324562073 -0.093764417 -0.017349815 0.995443344 353.222137451
0.995512664 -0.015480580 0.093355000 33.128868103 0.013839888 0.999738634 0.018196696 -33.515426636 -0.093612298 -0.016823018 0.995466530 355.467834473
0.995528996 -0.015593666 0.093160339 33.424812317 0.013926022 0.999731541 0.018524179 -33.703884125 -0.093424179 -0.017144008 0.995478809 357.700012207
0.995599389 -0.014756707 0.092542596 33.724319458 0.013002831 0.999724805 0.019526523 -33.899875641 -0.092805274 -0.018237274 0.995517254 359.933624268
0.995617867 -0.014828970 0.092330977 34.023269653 0.013062853 0.999720454 0.019703183 -34.093280792 -0.092597350 -0.018410737 0.995533347 362.177429199
0.995659351 -0.014908783 0.091869727 34.323307037 0.013118231 0.999712646 0.020063283 -34.279903412 -0.092142440 -0.018771028 0.995568871 364.412261963
0.995694995 -0.014677511 0.091520578 34.618896484 0.012941359 0.999725342 0.019534789 -34.469959259 -0.091782168 -0.018266290 0.995611548 366.658081055
0.995710075 -0.015319405 0.091250159 34.911010742 0.013601516 0.999718904 0.019418385 -34.660667419 -0.091521971 -0.018093942 0.995638669 368.899871826
0.995717585 -0.015175692 0.091193393 35.202049255 0.013553536 0.999739170 0.018381160 -34.841735840 -0.091448575 -0.017066453 0.995663524 371.156799316
0.995757043 -0.015310016 0.090738952 35.493579865 0.013641751 0.999726713 0.018977145 -35.040264130 -0.091004692 -0.017658787 0.995693862 373.377502441
0.995775223 -0.014983419 0.090593882 35.787593842 0.013235305 0.999715030 0.019866275 -35.225772858 -0.090865716 -0.018583309 0.995689750 375.629760742
0.995736301 -0.015281352 0.090969898 36.072254181 0.013534087 0.999712467 0.019793082 -35.405822754 -0.091246225 -0.018477499 0.995657027 377.887634277
0.995753527 -0.015830524 0.090687737 36.368938446 0.014061664 0.999698877 0.020110821 -35.596691132 -0.090978786 -0.018750204 0.995676398 380.124145508
0.995757043 -0.015983244 0.090622827 36.666591644 0.014215450 0.999696553 0.020119196 -35.778766632 -0.090916894 -0.018745590 0.995682061 382.377624512
0.995751441 -0.015132146 0.090829022 36.962268829 0.013322863 0.999701142 0.020493049 -35.970298767 -0.091112003 -0.019195883 0.995655537 384.625152588
0.995745420 -0.014389622 0.091015756 37.255226135 0.012573613 0.999710917 0.020494718 -36.152011871 -0.091284350 -0.019263126 0.995638549 386.888183594
0.995767593 -0.013273624 0.090943173 37.559001923 0.011471759 0.999727905 0.020307275 -36.345443726 -0.091187976 -0.019178052 0.995648980 389.155853271
0.995754480 -0.011821953 0.091287687 37.850490570 0.010003313 0.999742806 0.020353999 -36.535728455 -0.091504835 -0.019354405 0.995616555 391.432189941
0.995769322 -0.010643849 0.091271237 38.146545410 0.008685388 0.999724030 0.021828022 -36.721466064 -0.091478392 -0.020942945 0.995586812 393.691925049
0.995669723 -0.009466411 0.092479348 38.428852081 0.007455130 0.999728560 0.022069752 -36.906707764 -0.092663169 -0.021284733 0.995469987 395.964355469
0.995592356 -0.009091040 0.093344487 38.721767426 0.007200101 0.999762416 0.020574486 -37.098724365 -0.093509354 -0.019811708 0.995421290 398.229064941
0.995556712 -0.009138480 0.093719527 39.018871307 0.007298327 0.999774158 0.019958705 -37.285984039 -0.093880773 -0.019186024 0.995398581 400.493133545
0.995410144 -0.010239050 0.095152073 39.302261353 0.008259621 0.999741733 0.021173442 -37.472438812 -0.095344290 -0.020290338 0.995237589 402.730285645
0.995429218 -0.011336938 0.094826065 39.614028931 0.009279928 0.999712586 0.022105351 -37.658058167 -0.095049419 -0.021124337 0.995248318 405.005249023
0.995362520 -0.011848257 0.095462143 39.910068512 0.009777811 0.999707341 0.022127319 -37.843017578 -0.095696375 -0.021091295 0.995187044 407.260559082
0.995329022 -0.010596268 0.095957465 40.227302551 0.008627659 0.999744177 0.020907152 -38.019001007 -0.096154459 -0.019981612 0.995165825 409.513977051
0.995276809 -0.009863546 0.096574418 40.535339355 0.007840104 0.999742210 0.021309217 -38.209461212 -0.096759699 -0.020451423 0.995097637 411.770233154
0.995207667 -0.008588834 0.097407125 40.836471558 0.006571053 0.999757528 0.021016842 -38.395195007 -0.097564034 -0.020276053 0.995022714 414.018341064
0.995100319 -0.007492051 0.098586321 41.145030975 0.005466405 0.999768615 0.020801043 -38.579074860 -0.098719358 -0.020160206 0.994911075 416.284637451
0.995066583 -0.007758068 0.098905422 41.463973999 0.005735227 0.999768794 0.020720204 -38.768093109 -0.099043310 -0.020050736 0.994881094 418.539154053
0.994958162 -0.007876556 0.099981032 41.769767761 0.005830096 0.999767840 0.020744223 -38.953659058 -0.100121178 -0.020056732 0.994773090 420.788635254
0.994850159 -0.007754249 0.101058714 42.071949005 0.005708979 0.999773324 0.020511968 -39.142742157 -0.101194866 -0.019829391 0.994668961 423.047027588
0.994778931 -0.008292417 0.101716034 42.389644623 0.006123261 0.999747515 0.021619333 -39.330337524 -0.101869643 -0.020883618 0.994578540 425.310913086
0.994716227 -0.007389670 0.102396466 42.702369690 0.005138989 0.999739766 0.022226477 -39.512870789 -0.102534048 -0.021582823 0.994495451 427.561523438
0.994637012 -0.006597427 0.103216253 43.024551392 0.004249146 0.999727547 0.022954429 -39.696601868 -0.103339553 -0.022392746 0.994394004 429.835357666
0.994646668 -0.007560925 0.103057362 43.344924927 0.005190370 0.999716103 0.023251103 -39.887233734 -0.103203915 -0.022591725 0.994403601 432.107757568
0.994585633 -0.008275931 0.103590444 43.667419434 0.005947708 0.999723136 0.022764029 -40.079536438 -0.103750169 -0.022024650 0.994359434 434.370178223
0.994578898 -0.007344219 0.103725158 43.997943878 0.005009201 0.999728560 0.022754177 -40.248432159 -0.103864111 -0.022111241 0.994345665 436.640594482
0.994533539 -0.007840417 0.104122899 44.324230194 0.005441399 0.999713600 0.023304369 -40.436431885 -0.104275793 -0.022610400 0.994291365 438.926025391
0.994564414 -0.007980810 0.103817090 44.657344818 0.005575748 0.999709785 0.023435974 -40.617336273 -0.103974007 -0.022729732 0.994320273 441.197113037
0.994549811 -0.007165232 0.104015268 44.993553162 0.004636517 0.999688387 0.024532450 -40.819416046 -0.104158632 -0.023916479 0.994273067 443.480255127
0.994514167 -0.007638574 0.104322694 45.325328827 0.005088268 0.999682128 0.024690621 -41.000358582 -0.104478158 -0.024024352 0.994236946 445.762817383
0.994503796 -0.007636932 0.104421869 45.647258759 0.005120526 0.999690473 0.024345338 -41.184711456 -0.104575470 -0.023676831 0.994235098 448.028442383
0.994515657 -0.006676963 0.104374185 45.975952148 0.004217306 0.999708593 0.023768730 -41.363864899 -0.104502454 -0.023198189 0.994254172 450.289062500
0.994447172 -0.006164928 0.105056442 46.295310974 0.003713635 0.999716640 0.023512764 -41.551441193 -0.105171628 -0.022992060 0.994188249 452.553283691
0.994346857 -0.005592595 0.106033109 46.613559723 0.003108866 0.999717236 0.023574922 -41.726707458 -0.106134981 -0.023112010 0.994083047 454.830535889
0.994310319 -0.005749975 0.106366582 46.933525085 0.003280513 0.999721289 0.023376936 -41.916755676 -0.106471367 -0.022894988 0.994052172 457.087524414
0.994346261 -0.004877687 0.106074989 47.277301788 0.002484222 0.999739587 0.022684349 -42.100395203 -0.106158018 -0.022292580 0.994099379 459.374420166
0.994310498 -0.004167303 0.106439009 47.604423523 0.001699605 0.999727845 0.023264335 -42.287185669 -0.106507003 -0.022951066 0.994047046 461.658996582
0.994323373 -0.003645965 0.106338106 47.935955048 0.001030920 0.999695897 0.024636395 -42.469638824 -0.106395602 -0.024386918 0.994024694 463.937622070
0.994350791 -0.003767225 0.106076688 48.257389069 0.001126764 0.999688268 0.024940945 -42.646148682 -0.106137574 -0.024680523 0.994045079 466.202880859
0.994441390 -0.003831689 0.105221495 48.588714600 0.001323072 0.999713480 0.023900758 -42.826221466 -0.105282918 -0.023628686 0.994161546 468.480743408
0.994562566 -0.003800095 0.104071409 48.934230804 0.001383662 0.999728024 0.023281347 -43.008281708 -0.104131572 -0.023010757 0.994297326 470.772552490
0.994641244 -0.004109463 0.103305139 49.259933472 0.001608918 0.999704063 0.024277110 -43.193675995 -0.103374310 -0.023980808 0.994353414 473.054382324
0.994588077 -0.004302254 0.103807874 49.569004059 0.001732761 0.999690175 0.024829894 -43.379440308 -0.103882544 -0.024515638 0.994287372 475.331085205
0.994728029 -0.003782606 0.102477677 49.897033691 0.001327806 0.999710739 0.024012119 -43.546150208 -0.102538861 -0.023749461 0.994445443 477.615325928
0.994772553 -0.003854772 0.102042764 50.224029541 0.001352578 0.999696970 0.024578879 -43.727439880 -0.102106594 -0.024312371 0.994476259 479.893493652
0.994831264 -0.004327968 0.101449378 50.553630829 0.001787535 0.999682844 0.025118927 -43.909004211 -0.101525933 -0.024807749 0.994523525 482.166229248
0.994833291 -0.004748920 0.101410814 50.865116119 0.002293278 0.999701679 0.024317658 -44.087799072 -0.101496033 -0.023959452 0.994547367 484.453094482
0.994937599 -0.005768628 0.100329041 51.189067841 0.003256529 0.999677539 0.025184380 -44.282482147 -0.100441985 -0.024730163 0.994635522 486.754272461
0.994997382 -0.006279887 0.099703074 51.507698059 0.003768471 0.999671400 0.025357321 -44.458770752 -0.099829540 -0.024854738 0.994694054 489.034271240
0.994950354 -0.005688310 0.100206994 51.787948608 0.003148618 0.999670148 0.025484413 -44.644004822 -0.100318924 -0.025040206 0.994640112 491.296539307
0.995025992 -0.005109868 0.099484369 52.114898682 0.002533618 0.999658585 0.026005173 -44.822715759 -0.099583298 -0.025623765 0.994699359 493.583557129
0.995012045 -0.004530882 0.099651814 52.418689728 0.001979542 0.999668062 0.025686542 -44.997627258 -0.099735141 -0.025361154 0.994690776 495.877563477
0.995052576 -0.004677057 0.099239483 52.747280121 0.002187483 0.999680459 0.025180526 -45.181953430 -0.099325560 -0.024838863 0.994744837 498.174591064
0.995094299 -0.004540033 0.098826997 53.059597015 0.001975398 0.999659121 0.026033143 -45.360263824 -0.098911501 -0.025710208 0.994764030 500.466156006
0.995086610 -0.004065089 0.098925039 53.365436554 0.001463900 0.999651551 0.026352946 -45.542190552 -0.098997705 -0.026078641 0.994745851 502.742279053
0.995116353 -0.003291917 0.098654233 53.680095673 0.000772017 0.999672711 0.025570055 -45.721870422 -0.098706141 -0.025369022 0.994793177 505.029785156
0.995105088 -0.003223028 0.098769888 53.986343384 0.000611803 0.999649763 0.026456352 -45.903442383 -0.098820545 -0.026266420 0.994758487 507.321258545
0.995117962 -0.003647154 0.098626740 54.296623230 0.001130977 0.999672771 0.025556006 -46.084465027 -0.098687686 -0.025319694 0.994796276 509.608764648
0.995177209 -0.004393835 0.097994998 54.621349335 0.001806458 0.999647796 0.026476270 -46.269683838 -0.098076805 -0.026171552 0.994834781 511.903106689
0.995188415 -0.004190238 0.097889580 54.935424805 0.001589619 0.999644101 0.026629763 -46.444534302 -0.097966306 -0.026346028 0.994840920 514.205078125
0.995213568 -0.003460366 0.097662814 55.250095367 0.000882188 0.999650300 0.026429605 -46.622123718 -0.097720116 -0.026216948 0.994868577 516.505981445
0.995195150 -0.002603135 0.097877055 55.554447174 0.000037009 0.999656439 0.026210528 -46.802429199 -0.097911663 -0.026080966 0.994853377 518.795837402
0.995158911 -0.000883334 0.098274671 55.867736816 -0.001725262 0.999648511 0.026455794 -46.989933014 -0.098263487 -0.026497262 0.994807720 521.144653320
0.994983912 0.001214195 0.100026622 56.167610168 -0.003917747 0.999632180 0.026836330 -47.168727875 -0.099957243 -0.027093599 0.994622767 523.464172363
0.995033324 0.002179901 0.099518590 56.513336182 -0.004951829 0.999606371 0.027614845 -47.342082977 -0.099419221 -0.027970489 0.994652450 525.814880371
0.994965672 0.001705517 0.100200944 56.822628021 -0.004508812 0.999604642 0.027756954 -47.520408630 -0.100113966 -0.028069003 0.994579911 528.111877441
0.994920492 -0.000264532 0.100662820 57.138248444 -0.002674604 0.999574065 0.029061751 -47.693325043 -0.100627623 -0.029183367 0.994496047 530.423400879
0.994866550 -0.001844631 0.101178385 57.465595245 -0.001066390 0.999587238 0.028709549 -47.865898132 -0.101189584 -0.028670069 0.994453907 532.744567871
0.994837105 -0.001708511 0.101470508 57.788616180 -0.001147940 0.999604881 0.028085498 -48.036998749 -0.101478383 -0.028056977 0.994442046 535.057373047
0.994743645 -0.002056365 0.102375753 58.108913422 -0.000798047 0.999612272 0.027832961 -48.212181091 -0.102393292 -0.027768362 0.994356334 537.368225098
0.994668305 -0.001597635 0.103113808 58.429225922 -0.001222197 0.999627173 0.027277818 -48.392436981 -0.103118949 -0.027258404 0.994295418 539.680297852
0.994573593 -0.000838993 0.104032189 58.751716614 -0.001972421 0.999635696 0.026918635 -48.570510864 -0.104016870 -0.026977761 0.994209528 541.998413086
0.994501054 -0.000470926 0.104726240 59.086124420 -0.002256085 0.999661565 0.025919436 -48.747287750 -0.104703002 -0.026013177 0.994163275 544.321533203
0.994425833 -0.000413247 0.105437547 59.408306122 -0.002400040 0.999644637 0.026553746 -48.929821014 -0.105411053 -0.026658788 0.994071364 546.635192871
0.994337857 -0.000467910 0.106263138 59.734092712 -0.002449946 0.999623537 0.027326567 -49.109180450 -0.106235929 -0.027432181 0.993962467 548.953796387
0.994244456 -0.000311533 0.107135043 60.056697845 -0.002643522 0.999619961 0.027439397 -49.285209656 -0.107102878 -0.027564676 0.993865788 551.253295898
0.994267166 -0.001651439 0.106911682 60.398864746 -0.001179713 0.999650359 0.026412563 -49.461288452 -0.106917910 -0.026387271 0.993917644 553.561279297
0.994295776 -0.001747058 0.106645003 60.742572784 -0.001131555 0.999636710 0.026926015 -49.641700745 -0.106653310 -0.026893087 0.993932605 555.875061035
0.994215906 -0.001465167 0.107389286 61.070125580 -0.001468500 0.999627888 0.027233897 -49.817222595 -0.107389234 -0.027234072 0.993843973 558.178955078
0.994203508 -0.000758090 0.107512906 61.410297394 -0.002295754 0.999597490 0.028277824 -49.993476868 -0.107491083 -0.028360732 0.993801475 560.509338379
0.994213820 -0.001538301 0.107408173 61.755573273 -0.001574782 0.999581277 0.028892828 -50.171195984 -0.107407629 -0.028894797 0.993795097 562.839172363
0.994152665 -0.000917126 0.107979961 62.090686798 -0.002303458 0.999556243 0.029697251 -50.344203949 -0.107959300 -0.029772326 0.993709385 565.161132812
0.994083643 0.000181057 0.108617358 62.436195374 -0.003373588 0.999567568 0.029209428 -50.524501801 -0.108565107 -0.029403038 0.993654549 567.490722656
0.994106054 0.001140630 0.108406164 62.791393280 -0.004152124 0.999611557 0.027558073 -50.693233490 -0.108332627 -0.027845763 0.993724644 569.816284180
0.994089365 0.001478034 0.108554251 63.149562836 -0.004500605 0.999608755 0.027604148 -50.871383667 -0.108470984 -0.027929552 0.993707180 572.135070801
0.994109213 0.001285534 0.108376391 63.497615814 -0.004444828 0.999571979 0.028914597 -51.059082031 -0.108292870 -0.029225981 0.993689299 574.516052246
0.994102418 0.001246438 0.108438380 63.847671509 -0.004556223 0.999530971 0.030279847 -51.238990784 -0.108349800 -0.030595340 0.993641913 576.828002930
0.994009376 0.001786820 0.109280340 64.175765991 -0.004908161 0.999587357 0.028300378 -51.410186768 -0.109184697 -0.028667200 0.993607998 579.219848633
0.994045794 0.001020791 0.108958162 64.525245667 -0.004079082 0.999603808 0.027849281 -51.578601837 -0.108886562 -0.028127912 0.993656158 581.556396484
0.993981242 0.000277675 0.109549001 64.868698120 -0.003564437 0.999549389 0.029807976 -51.766887665 -0.109491356 -0.030019056 0.993534327 583.877502441
0.994043946 0.000543648 0.108979098 65.217681885 -0.003838261 0.999541819 0.030024106 -51.940456390 -0.108912855 -0.030263573 0.993590474 586.195739746
0.994013667 -0.002543962 0.109227367 65.575927734 -0.000598558 0.999587059 0.028728025 -52.120811462 -0.109255366 -0.028621417 0.993601561 588.554687500
0.994056761 -0.002679812 0.108829953 65.933975220 -0.000419018 0.999595404 0.028441207 -52.288105011 -0.108862132 -0.028317779 0.993653357 590.900207520
0.994074166 -0.004588950 0.108606935 66.280654907 0.001441929 0.999577224 0.029037062 -52.466690063 -0.108694285 -0.028708385 0.993660510 593.234069824
0.994127452 -0.005373324 0.108081907 66.639770508 0.002218571 0.999568582 0.029287633 -52.642929077 -0.108192645 -0.028875856 0.993710518 595.593078613
