1.000000000 0.000000000 0.000000000 0.000000000 0.000000000 1.000000000 0.000000000 0.000000000 0.000000000 0.000000000 1.000000000 0.000000000
0.999999881 0.000130098 0.000507546 0.087797709 -0.000130002 1.000000000 -0.000189733 -0.225461856 -0.000507570 0.000189667 0.999999881 2.297164679
0.999999046 0.000546786 0.001234807 0.164594203 -0.000547288 0.999999762 0.000406784 -0.464199036 -0.001234584 -0.000407460 0.999999166 4.590542316
0.999998510 0.000184496 0.001722869 0.263090134 -0.000185617 0.999999702 0.000650739 -0.695919514 -0.001722749 -0.000651058 0.999998331 6.883374214
0.999996126 0.000095769 0.002772223 0.353834659 -0.000092913 0.999999404 -0.001030355 -0.928519428 -0.002772320 0.001030094 0.999995649 9.177474976
0.999987304 0.001854781 0.004674166 0.448015451 -0.001856445 0.999998152 0.000351559 -1.164573431 -0.004673506 -0.000360232 0.999989033 11.479519844
0.999965429 0.003842358 0.007371188 0.534254193 -0.003852577 0.999991655 0.001372672 -1.391258597 -0.007365852 -0.001401023 0.999971867 13.789773941
0.999949276 0.003591870 0.009413549 0.644967616 -0.003627293 0.999986410 0.003748613 -1.617621899 -0.009399956 -0.003782569 0.999948621 16.063114166
0.999938190 0.003671903 0.010495493 0.753206015 -0.003721836 0.999981761 0.004742047 -1.844495058 -0.010477888 -0.004780817 0.999933660 18.403095245
0.999921799 0.002854604 0.012172540 0.860284030 -0.002915517 0.999983311 0.004989391 -2.071050644 -0.012158094 -0.005024489 0.999913394 20.693304062
0.999925435 0.000334921 0.012200255 0.989222407 -0.000371309 0.999995470 0.002980369 -2.304022789 -0.012199202 -0.002984677 0.999921083 23.011461258
0.999911070 -0.001979233 0.013184132 1.095528603 0.001967179 0.999997616 0.000927231 -2.523866892 -0.013185937 -0.000901212 0.999912679 25.294246674
0.999913156 -0.002753382 0.012888364 1.235269666 0.002748834 0.999996066 0.000370598 -2.772572517 -0.012889332 -0.000335138 0.999916852 27.608188629
0.999900579 -0.002359534 0.013904406 1.342251301 0.002366762 0.999997079 -0.000503398 -2.999071836 -0.013903176 0.000536256 0.999903202 29.895603180
0.999891818 -0.000082265 0.014708754 1.462933064 0.000057659 0.999998569 0.001673313 -3.227706432 -0.014708870 -0.001672284 0.999890387 32.186119080
0.999889016 0.001939877 0.014774959 1.592933416 -0.001996915 0.999990582 0.003846691 -3.448105097 -0.014767359 -0.003875769 0.999883473 34.466438293
0.999859869 0.004113608 0.016225556 1.710165501 -0.004247631 0.999957085 0.008234250 -3.683518648 -0.016190987 -0.008302016 0.999834478 36.777015686
0.999837279 0.005946132 0.017025510 1.826566219 -0.006078633 0.999951601 0.007741326 -3.901176453 -0.016978657 -0.007843558 0.999825060 39.049976349
0.999810755 0.005225734 0.018743725 1.934921622 -0.005341154 0.999967039 0.006112968 -4.104793549 -0.018711163 -0.006211923 0.999805748 41.340724945
0.999817491 0.002740379 0.018907851 2.059336424 -0.002837094 0.999982953 0.005090157 -4.329751968 -0.018893583 -0.005142872 0.999808252 43.619094849
0.999817312 0.003062497 0.018873081 2.197731495 -0.003137443 0.999987304 0.003942654 -4.551224232 -0.018860769 -0.004001147 0.999814093 45.853794098
0.999812722 0.002876858 0.019136958 2.322234154 -0.002939592 0.999990344 0.003250780 -4.783345222 -0.019127419 -0.003306425 0.999811709 48.127834320
0.999819219 0.000866187 0.018992808 2.461242676 -0.000933115 0.999993384 0.003515275 -5.012050629 -0.018989636 -0.003532362 0.999813557 50.408737183
0.999798000 0.000486997 0.020093616 2.588163376 -0.000561448 0.999993026 0.003699729 -5.232491493 -0.020091673 -0.003710263 0.999791265 52.671108246
0.999787807 -0.000856266 0.020582480 2.722846985 0.000777916 0.999992430 0.003814362 -5.462594032 -0.020585591 -0.003797540 0.999780953 54.957061768
0.999768198 -0.000810119 0.021513181 2.853355408 0.000723626 0.999991655 0.004027925 -5.690298557 -0.021516262 -0.004011424 0.999760449 57.248550415
0.999746799 -0.002103866 0.022402598 2.989868641 0.001997526 0.999986589 0.004768125 -5.917048454 -0.022412334 -0.004722168 0.999737680 59.517700195
0.999708474 -0.003742143 0.023851257 3.115461588 0.003639519 0.999983966 0.004344595 -6.141669750 -0.023867134 -0.004256521 0.999706089 61.790248871
0.999693274 -0.004532656 0.024346918 3.268476963 0.004430411 0.999981165 0.004251775 -6.366163254 -0.024365731 -0.004142603 0.999694526 64.046546936
0.999663174 -0.004110944 0.025624381 3.407261372 0.003991059 0.999980867 0.004727916 -6.587161541 -0.025643328 -0.004624055 0.999660432 66.318069458
0.999644637 -0.003193091 0.026464095 3.554793358 0.003059437 0.999982357 0.005089347 -6.813399315 -0.026479879 -0.005006574 0.999636829 68.578941345
0.999608815 -0.003301048 0.027771974 3.693008900 0.003170757 0.999983788 0.004734183 -7.036838531 -0.027787153 -0.004644274 0.999603093 70.832984924
0.999596417 -0.004029563 0.028120600 3.854094505 0.003935853 0.999986470 0.003386953 -7.259983063 -0.028133869 -0.003274907 0.999598801 73.086250305
0.999582529 -0.005049917 0.028444597 4.012089252 0.004950020 0.999981344 0.003581280 -7.484700680 -0.028462155 -0.003438984 0.999588907 75.371887207
0.999537170 -0.006323655 0.029757077 4.170177460 0.006232895 0.999975622 0.003141792 -7.716380119 -0.029776217 -0.002954865 0.999552190 77.636001587
0.999540925 -0.007227990 0.029423058 4.328180313 0.007146365 0.999970317 0.002878377 -7.946616650 -0.029442988 -0.002666787 0.999562919 79.894981384
0.999514103 -0.007668914 0.030210966 4.476640224 0.007602276 0.999968350 0.002320029 -8.162456512 -0.030227803 -0.002089230 0.999540925 82.150108337
0.999489486 -0.006913088 0.031193094 4.642388344 0.006833367 0.999973118 0.002661632 -8.399974823 -0.031210663 -0.002447119 0.999509811 84.435020447
0.999442875 -0.006742607 0.032685477 4.797216892 0.006646977 0.999973357 0.003033574 -8.617403984 -0.032705057 -0.002814624 0.999461055 86.692451477
0.999445200 -0.006722438 0.032620110 4.972726822 0.006578389 0.999968112 0.004521279 -8.854871750 -0.032649472 -0.004304183 0.999457598 88.977760315
0.999416649 -0.005655616 0.033681277 5.130804062 0.005482237 0.999971271 0.005237794 -9.083302498 -0.033709932 -0.005050089 0.999418914 91.235847473
0.999389112 -0.005566310 0.034500282 5.296131611 0.005390534 0.999972045 0.005185826 -9.304760933 -0.034528174 -0.004996683 0.999391198 93.490943909
0.999373734 -0.005836262 0.034901589 5.465580940 0.005681725 0.999973595 0.004525342 -9.520776749 -0.034927078 -0.004324206 0.999380529 95.747558594
0.999339402 -0.006439856 0.035766918 5.629071236 0.006268075 0.999968231 0.004912879 -9.742349625 -0.035797413 -0.004685444 0.999348223 98.006576538
0.999304891 -0.006376340 0.036730558 5.789174080 0.006213892 0.999970376 0.004535138 -9.973312378 -0.036758393 -0.004303745 0.999314845 100.243690491
0.999257982 -0.006649208 0.037937474 5.953210831 0.006438787 0.999963224 0.005666032 -10.190766335 -0.037973754 -0.005417557 0.999264061 102.482955933
0.999234974 -0.006873345 0.038501397 6.140381813 0.006668129 0.999962866 0.005455961 -10.409447670 -0.038537469 -0.005195054 0.999243736 104.735374451
0.999218404 -0.007610771 0.038789213 6.310474396 0.007379189 0.999954045 0.006109957 -10.637685776 -0.038833920 -0.005818947 0.999228835 106.997253418
0.999183834 -0.009220658 0.039326962 6.492249489 0.008970855 0.999938607 0.006523727 -10.857289314 -0.039384697 -0.006165607 0.999205053 109.246788025
0.999137402 -0.010124025 0.040273931 6.666313648 0.009837616 0.999924958 0.007303309 -11.079029083 -0.040344846 -0.006900809 0.999161959 111.498809814
0.999122024 -0.010648330 0.040517170 6.857821465 0.010420958 0.999928772 0.005818802 -11.299526215 -0.040576246 -0.005391465 0.999161839 113.766006470
0.999073446 -0.010971285 0.041616414 7.036761284 0.010766366 0.999928832 0.005144948 -11.521082878 -0.041669894 -0.004692122 0.999120355 116.013641357
0.999035180 -0.011341783 0.042427357 7.217164993 0.011111828 0.999922276 0.005651880 -11.748113632 -0.042488161 -0.005174981 0.999083519 118.260711670
0.998982787 -0.011958295 0.043479182 7.405574799 0.011680502 0.999909759 0.006637558 -11.972570419 -0.043554634 -0.006122947 0.999032259 120.526100159
0.998969913 -0.012839598 0.043524325 7.610836029 0.012538727 0.999895632 0.007178674 -12.194875717 -0.043611951 -0.006625540 0.999026597 122.734939575
0.998900414 -0.013868441 0.044782389 7.796783447 0.013570677 0.999883771 0.006946290 -12.421967506 -0.044873513 -0.006330925 0.998972595 125.015365601
0.998872042 -0.014205484 0.045308724 7.981956959 0.013941085 0.999883950 0.006146180 -12.645255089 -0.045390774 -0.005507594 0.998954117 127.284683228
0.998854816 -0.015916338 0.045119412 8.171871185 0.015641006 0.999856889 0.006448815 -12.860565186 -0.045215596 -0.005735718 0.998960793 129.537887573
0.998873830 -0.017144455 0.044239260 8.358819008 0.016865445 0.999835491 0.006672403 -13.073341370 -0.044346381 -0.005918773 0.998998642 131.781326294
0.998936117 -0.017377697 0.042715888 8.554883957 0.017056661 0.999823511 0.007868652 -13.289060593 -0.042845096 -0.007131690 0.999056280 134.014755249
0.998980701 -0.018045465 0.041375190 8.740844727 0.017739758 0.999812663 0.007743943 -13.512130737 -0.041507181 -0.007002063 0.999113679 136.263305664
0.999059260 -0.018931035 0.039016746 8.951791763 0.018647876 0.999797285 0.007608605 -13.727451324 -0.039152868 -0.006873868 0.999209583 138.487884521
0.999017954 -0.019663602 0.039703663 9.109884262 0.019381758 0.999784231 0.007471171 -13.948158264 -0.039842002 -0.006694307 0.999183595 140.783218384
0.999010623 -0.020034863 0.039707005 9.281643867 0.019752815 0.999776959 0.007482832 -14.153787613 -0.039848067 -0.006691104 0.999183357 143.016250610
0.999060035 -0.020243291 0.038330607 9.480446815 0.019912513 0.999761283 0.008991834 -14.384140968 -0.038503487 -0.008220123 0.999224663 145.263961792
0.999079049 -0.019314071 0.038315039 9.655355453 0.019027062 0.999788225 0.007841351 -14.596183777 -0.038458373 -0.007105107 0.999234915 147.512771606
0.999097109 -0.018292082 0.038344808 9.838006973 0.018061107 0.999816656 0.006361448 -14.814368248 -0.038454145 -0.005663154 0.999244273 149.776000977
0.999114513 -0.016668875 0.038631171 10.013545990 0.016468363 0.999849260 0.005502868 -15.032359123 -0.038717065 -0.004861804 0.999238372 152.026214600
0.999122560 -0.015836751 0.038772635 10.195970535 0.015628854 0.999861777 0.005659239 -15.250619888 -0.038856909 -0.005048301 0.999231994 154.265762329
0.999113142 -0.014950568 0.039360911 10.372436523 0.014714511 0.999871969 0.006280143 -15.469380379 -0.039449755 -0.005695397 0.999205351 156.532806396
0.999119520 -0.014366641 0.039417841 10.567593575 0.014090051 0.999874175 0.007285752 -15.688768387 -0.039517563 -0.006723937 0.999196231 158.764831543
0.999056518 -0.013898258 0.041144677 10.722773552 0.013566566 0.999873281 0.008329896 -15.909543991 -0.041255228 -0.007763846 0.999118388 161.061264038
0.999022484 -0.012882161 0.042285837 10.902059555 0.012440545 0.999865413 0.010690188 -16.129526138 -0.042417854 -0.010153678 0.999048352 163.296005249
0.999000311 -0.012302059 0.042977203 11.092250824 0.011909095 0.999885023 0.009387648 -16.334403992 -0.043087754 -0.008866445 0.999031961 165.585342407
0.998961806 -0.011488656 0.044083443 11.284927368 0.011131736 0.999903440 0.008333423 -16.548063278 -0.044174917 -0.007834048 0.998993039 167.843780518
0.998888016 -0.009634260 0.046150580 11.469090462 0.009243298 0.999919593 0.008677384 -16.760906219 -0.046230465 -0.008241152 0.998896778 170.082626343
0.998776019 -0.009314104 0.048575740 11.671586990 0.008886482 0.999919891 0.009011732 -16.986368179 -0.048655789 -0.008569037 0.998778820 172.389297485
0.998650849 -0.009368597 0.051075507 11.869297981 0.008938498 0.999922693 0.008642769 -17.195470810 -0.051152524 -0.008174573 0.998657405 174.664871216
0.998573542 -0.009311643 0.052573685 12.079602242 0.008835866 0.999917924 0.009274861 -17.411167145 -0.052655730 -0.008797098 0.998573959 176.922775269
0.998521507 -0.009751355 0.053476620 12.281996727 0.009219238 0.999905527 0.010188155 -17.619642258 -0.053570919 -0.009680077 0.998517096 179.139648438
0.998510838 -0.011388192 0.053351495 12.492300987 0.010870287 0.999891043 0.009987519 -17.838476181 -0.053459413 -0.009392699 0.998525977 181.424819946
0.998475373 -0.012176429 0.053837180 12.691607475 0.011674359 0.999885440 0.009630384 -18.045127869 -0.053948279 -0.008987186 0.998503327 183.670394897
0.998533845 -0.013471697 0.052426852 12.920013428 0.012959043 0.999864876 0.010106127 -18.274322510 -0.052555926 -0.009411911 0.998573542 185.916687012
0.998538494 -0.015324460 0.051825590 13.128958702 0.014775278 0.999830663 0.010963304 -18.487712860 -0.051984817 -0.010181545 0.998595953 188.165756226
0.998549461 -0.016154639 0.051360793 13.338617325 0.015624198 0.999820530 0.010712584 -18.694860458 -0.051524639 -0.009894574 0.998622656 190.406570435
0.998506010 -0.017215360 0.051859468 13.538551331 0.016693749 0.999805808 0.010474630 -18.909729004 -0.052029729 -0.009593251 0.998599470 192.658233643
0.998481989 -0.019040421 0.051685479 13.739533424 0.018561888 0.999780416 0.009722928 -19.117343903 -0.051859267 -0.008748787 0.998616040 194.902389526
0.998517036 -0.018746758 0.051109429 13.950027466 0.018247636 0.999781251 0.010214982 -19.329296112 -0.051289748 -0.009267205 0.998640895 197.132720947
0.998517275 -0.015929226 0.052053072 14.151020050 0.015398847 0.999825656 0.010574415 -19.548479080 -0.052212421 -0.009757179 0.998588443 199.392211914
0.998515248 -0.014110446 0.052612420 14.352214813 0.013589540 0.999855161 0.010245453 -19.759902954 -0.052749366 -0.009515262 0.998562455 201.636993408
0.998491704 -0.013546152 0.053204112 14.565995216 0.013059697 0.999869764 0.009480228 -19.969255447 -0.053325601 -0.008771098 0.998538673 203.899414062
0.998460829 -0.013672926 0.053749278 14.768298149 0.013142365 0.999861479 0.010212122 -20.174545288 -0.053881459 -0.009490013 0.998502254 206.127304077
0.998450160 -0.015258832 0.053520244 15.008352280 0.014729389 0.999838769 0.010272867 -20.391937256 -0.053668357 -0.009468627 0.998513937 208.398376465
0.998399079 -0.014977242 0.054542691 15.214109421 0.014442584 0.999843895 0.010183563 -20.588396072 -0.054686692 -0.009379523 0.998459518 210.637619019
0.998327017 -0.014914023 0.055866007 15.445692062 0.014278183 0.999828994 0.011763447 -20.817087173 -0.056031894 -0.010946102 0.998368979 212.910446167
0.998263061 -0.013503397 0.057344407 15.680385590 0.012844360 0.999847472 0.011845700 -21.021800995 -0.057495605 -0.011088572 0.998284221 215.143692017
0.998078704 -0.011773315 0.060829546 15.878002167 0.011061674 0.999866486 0.012022507 -21.222528458 -0.060962968 -0.011326531 0.998075783 217.397033691
0.997943461 -0.011768243 0.063009620 16.106874466 0.011009662 0.999862790 0.012372835 -21.426977158 -0.063146576 -0.011653675 0.997936249 219.640930176
0.997815371 -0.013165700 0.064738765 16.340532303 0.012343273 0.999838173 0.013087382 -21.630119324 -0.064900592 -0.012259704 0.997816443 221.872833252
0.997712374 -0.014933155 0.065931536 16.576568604 0.014052606 0.999806046 0.013799147 -21.829969406 -0.066124827 -0.012841070 0.997728705 224.111389160
0.997633696 -0.017072044 0.066601962 16.828531265 0.016225219 0.999780774 0.013235107 -22.040386200 -0.066813312 -0.012123155 0.997691870 226.353210449
0.997602582 -0.018159373 0.066776983 17.070993423 0.017330820 0.999765694 0.012966193 -22.240146637 -0.066996805 -0.011777808 0.997683644 228.610000610
0.997556984 -0.018465860 0.067374654 17.312473297 0.017627032 0.999759734 0.013023667 -22.438501358 -0.067598961 -0.011804231 0.997642756 230.853042603
0.997489035 -0.020036794 0.067927659 17.554508209 0.019249726 0.999740005 0.012221764 -22.639848709 -0.068154894 -0.010883486 0.997615397 233.101669312
0.997491121 -0.020341288 0.067806140 17.823247910 0.019471996 0.999719858 0.013456655 -22.852315903 -0.068060860 -0.012102572 0.997607708 235.383544922
0.997461438 -0.020179830 0.068291552 18.068840027 0.019301955 0.999722660 0.013490439 -23.049724579 -0.068544857 -0.012138030 0.997574210 237.626678467
0.997420311 -0.019747045 0.069013268 18.307428360 0.018872492 0.999733388 0.013301430 -23.247318268 -0.069257535 -0.011964664 0.997527063 239.849258423
0.997389019 -0.019839806 0.069436863 18.554786682 0.018936222 0.999727547 0.013647166 -23.450672150 -0.069688700 -0.012296663 0.997492909 242.082626343
0.997352481 -0.020217387 0.069851108 18.803283691 0.019307422 0.999720037 0.013677996 -23.646717072 -0.070108086 -0.012293138 0.997463584 244.327285767
0.997312129 -0.020144600 0.070446275 19.047943115 0.019289047 0.999731898 0.012804107 -23.849130630 -0.070685357 -0.011410849 0.997433364 246.561386108
0.997328758 -0.019789968 0.070311829 19.309076309 0.018989706 0.999747276 0.012031909 -24.055261612 -0.070532195 -0.010664566 0.997452438 248.800109863
0.997302115 -0.020066490 0.070610717 19.560592651 0.019228900 0.999736667 0.012521895 -24.258731842 -0.070843384 -0.011130345 0.997425377 251.044204712
0.997278035 -0.021507295 0.070525959 19.816551208 0.020672897 0.999707639 0.012539778 -24.465156555 -0.070775032 -0.011047668 0.997431219 253.280197144
0.997261345 -0.021684453 0.070708185 20.075246811 0.020796107 0.999695599 0.013275682 -24.668428421 -0.070974536 -0.011768867 0.997408688 255.535812378
0.997217059 -0.022447590 0.071093686 20.312553406 0.021535102 0.999675930 0.013575671 -24.872329712 -0.071375385 -0.012006884 0.997377157 257.755828857
0.997207582 -0.022686645 0.071151540 20.583415985 0.021728735 0.999662936 0.014208242 -25.083705902 -0.071449898 -0.012622532 0.997364342 260.021270752
0.997172594 -0.022290016 0.071762964 20.838609695 0.021363812 0.999678612 0.013648324 -25.281423569 -0.072044127 -0.012076605 0.997328281 262.267669678
0.997146666 -0.022237556 0.072137922 21.097650528 0.021355852 0.999687791 0.012970897 -25.477775574 -0.072403833 -0.011393323 0.997310340 264.529479980
0.997121513 -0.021515260 0.072703682 21.356925964 0.020650549 0.999707043 0.012624541 -25.686023712 -0.072953999 -0.011086831 0.997273624 266.769622803
0.997052073 -0.020862374 0.073837057 21.613914490 0.019974520 0.999719381 0.012742636 -25.884300232 -0.074082166 -0.011230213 0.997188926 269.015747070
0.996959031 -0.020315310 0.075234413 21.876932144 0.019466482 0.999738514 0.011998659 -26.092105865 -0.075458489 -0.010497621 0.997093678 271.275909424
0.996905208 -0.021146391 0.075714558 22.155712128 0.020234676 0.999713421 0.012788486 -26.303716660 -0.075963296 -0.011216852 0.997047484 273.517639160
0.996658027 -0.021546241 0.078794621 22.393812180 0.020578424 0.999702752 0.013074283 -26.497434616 -0.079052910 -0.011409121 0.996805072 275.773925781
0.996513009 -0.021492768 0.080620699 22.658061981 0.020389959 0.999687314 0.014477476 -26.691543579 -0.080906659 -0.012783143 0.996639729 278.006896973
0.996481657 -0.020830574 0.081181057 22.956638336 0.019615915 0.999683797 0.015731284 -26.902326584 -0.081483088 -0.014083497 0.996575177 280.268737793
0.996400654 -0.020573735 0.082232706 23.241285324 0.019246699 0.999671996 0.016897846 -27.104576111 -0.082553379 -0.015254320 0.996469915 282.505065918
0.996316195 -0.019453892 0.083519451 23.515361786 0.018106757 0.999693930 0.016856931 -27.296564102 -0.083821818 -0.015282569 0.996363580 284.767883301
0.996208310 -0.018370181 0.085038714 23.784950256 0.017051719 0.999723256 0.016204817 -27.485689163 -0.085312858 -0.014693314 0.996245861 287.001770020
0.996187329 -0.017754283 0.085414454 24.071605682 0.016551215 0.999753892 0.014772719 -27.667448044 -0.085655697 -0.013302680 0.996235967 289.236389160
0.996129155 -0.018535376 0.085925229 24.346521378 0.017312054 0.999738216 0.014960491 -27.868879318 -0.086180031 -0.013415039 0.996189237 291.463439941
0.996071875 -0.018517939 0.086591683 24.608478546 0.017380584 0.999752760 0.013870298 -28.060052872 -0.086827129 -0.012310798 0.996147335 293.719940186
0.996092439 -0.019043537 0.086238459 24.895622253 0.018000539 0.999755323 0.012855931 -28.254690170 -0.086462162 -0.011253357 0.996191502 295.953247070
0.996091783 -0.019008342 0.086254612 25.177330017 0.017964285 0.999755859 0.012864564 -28.455633163 -0.086478099 -0.011264783 0.996190012 298.186737061
0.996091127 -0.018240040 0.086427651 25.459199905 0.017206714 0.999771535 0.012685938 -28.651199341 -0.086639322 -0.011149214 0.996177316 300.425109863
0.996031344 -0.018238207 0.087114610 25.722328186 0.017088249 0.999756932 0.013928136 -28.859687805 -0.087347448 -0.012384222 0.996100903 302.668457031
0.996035099 -0.018944344 0.086920835 26.013074875 0.017795807 0.999743998 0.013969587 -29.057424545 -0.087163255 -0.012367371 0.996117234 304.923583984
0.995999873 -0.018126858 0.087496832 26.297578812 0.016930014 0.999752939 0.014401586 -29.259708405 -0.087736264 -0.012862656 0.996060610 307.173156738
0.995999932 -0.018769834 0.087359682 26.584205627 0.017579632 0.999742091 0.014373651 -29.465782166 -0.087606937 -0.012780404 0.996073127 309.429351807
0.995957017 -0.020158498 0.087540269 26.870128632 0.018922104 0.999709487 0.014930735 -29.664546967 -0.087815821 -0.013213924 0.996049106 311.687042236
0.995909929 -0.019802960 0.088154688 27.152620316 0.018612351 0.999724388 0.014307541 -29.864824295 -0.088413730 -0.012608256 0.996004045 313.924713135
0.995935082 -0.019303303 0.087981239 27.446228027 0.018048057 0.999723911 0.015040514 -30.067739487 -0.088247277 -0.013391483 0.996008694 316.177734375
0.995887339 -0.017276134 0.088937767 27.734434128 0.016087210 0.999771655 0.014067587 -30.268182755 -0.089160495 -0.012578969 0.995937824 318.435028076
0.995869994 -0.015356662 0.089481346 28.016630173 0.014093007 0.999792039 0.014736731 -30.468397141 -0.089689039 -0.013414809 0.995879471 320.682922363
0.995796680 -0.013933908 0.090525098 28.296905518 0.012670251 0.999814451 0.014518907 -30.670442581 -0.090710610 -0.013310906 0.995788336 322.915374756
0.995748997 -0.013393871 0.091129407 28.582086563 0.012064310 0.999812961 0.015125064 -30.867765427 -0.091314949 -0.013961355 0.995724201 325.151733398
0.995737672 -0.012672739 0.091355383 28.879518509 0.011216445 0.999801993 0.016436813 -31.073293686 -0.091545589 -0.015342073 0.995682716 327.382232666
0.995704114 -0.013082510 0.091662839 29.163286209 0.011624996 0.999797642 0.016416755 -31.275619507 -0.091859065 -0.015280653 0.995654702 329.629699707
0.995696723 -0.014787246 0.091484480 29.464866638 0.013418704 0.999788940 0.015556321 -31.469602585 -0.091695189 -0.014261774 0.995684981 331.864257812
0.995696127 -0.014474152 0.091541134 29.756586075 0.013127032 0.999796689 0.015301020 -31.665611267 -0.091744013 -0.014033502 0.995683730 334.084228516
0.995678484 -0.014448109 0.091735937 30.047582626 0.012979523 0.999778211 0.016585350 -31.861217499 -0.091955215 -0.015322986 0.995645344 336.313751221
0.995744824 -0.015238122 0.090885013 30.357162476 0.013794251 0.999768913 0.016493851 -32.053367615 -0.091115333 -0.015169977 0.995724797 338.548797607
0.995745599 -0.015184834 0.090884626 30.644218445 0.013713365 0.999764919 0.016793139 -32.252956390 -0.091118276 -0.015475363 0.995719790 340.793762207
0.995792568 -0.015436526 0.090326734 30.946741104 0.014010645 0.999767363 0.016398674 -32.449039459 -0.090558864 -0.015064143 0.995777130 343.036346436
0.995810032 -0.015800532 0.090070248 31.237874985 0.014340482 0.999755442 0.016834347 -32.641674042 -0.090314202 -0.015472161 0.995793104 345.281311035
0.995843351 -0.015717678 0.089716159 31.528715134 0.014260424 0.999756157 0.016860908 -32.832435608 -0.089959301 -0.015511434 0.995824754 347.521118164
0.995901406 -0.015506044 0.089105994 31.820550919 0.014051886 0.999758065 0.016923634 -33.027168274 -0.089346856 -0.015602164 0.995878339 349.765045166
0.995924532 -0.015107936 0.088915877 32.108341217 0.013611675 0.999755800 0.017410215 -33.225238800 -0.089157201 -0.016128968 0.995886922 352.008117676
0.995971382 -0.015301101 0.088355981 32.396099091 0.013788152 0.999748111 0.017708387 -33.415916443 -0.088604674 -0.016418787 0.995931506 354.233215332
0.995997965 -0.015049248 0.088099837 32.680587769 0.013578627 0.999758661 0.017268267 -33.609825134 -0.088338472 -0.016002884 0.995961964 356.469451904
0.996052980 -0.015217048 0.087446682 32.972232819 0.013713052 0.999747992 0.017774090 -33.802783966 -0.087695107 -0.016504774 0.996010602 358.704132080
0.996103525 -0.014826083 0.086936623 33.260444641 0.013263504 0.999740422 0.018523972 -33.996013641 -0.087188698 -0.017298706 0.996041596 360.954772949
0.996150613 -0.015023897 0.086360805 33.549850464 0.013469107 0.999737084 0.018558038 -34.190052032 -0.086616911 -0.017323395 0.996091068 363.197418213
0.996201396 -0.015021542 0.085772887 33.839649200 0.013436537 0.999728680 0.019026611 -34.380237579 -0.086035416 -0.017801847 0.996133029 365.439270020
0.996246040 -0.015085571 0.085242264 34.125156403 0.013565502 0.999738991 0.018383540 -34.572219849 -0.085497335 -0.017158173 0.996190608 367.693359375
0.996266246 -0.015706168 0.084894724 34.405803680 0.014213336 0.999733984 0.018160453 -34.763534546 -0.085157387 -0.016886005 0.996224403 369.944213867
0.996269882 -0.015594997 0.084871382 34.683528900 0.014195482 0.999753475 0.017068496 -34.948970795 -0.085116647 -0.015800035 0.996245742 372.208831787
0.996327698 -0.015494650 0.084207565 34.967662811 0.014086711 0.999751329 0.017288428 -35.145278931 -0.084454492 -0.016038733 0.996298254 374.453247070
0.996409357 -0.015462823 0.083242223 35.256160736 0.014021093 0.999741912 0.017876552 -35.335487366 -0.083497152 -0.016645214 0.996369064 376.700897217
0.996325254 -0.014730276 0.084374011 35.522541046 0.013217431 0.999742210 0.018460838 -35.530040741 -0.084624194 -0.017277788 0.996263146 378.969543457
0.996327996 -0.015335938 0.084233232 35.803989410 0.013802509 0.999728799 0.018756866 -35.725841522 -0.084498033 -0.017525362 0.996269524 381.217224121
0.996348202 -0.015191702 0.084020764 36.090026855 0.013670118 0.999732435 0.018655421 -35.909011841 -0.084281698 -0.017438719 0.996289372 383.478454590
0.996359885 -0.014351299 0.084029637 36.373638153 0.012821320 0.999742508 0.018719038 -36.100776672 -0.084276646 -0.017573526 0.996287405 385.730468750
0.996357679 -0.013276816 0.084231526 36.647510529 0.011728051 0.999753356 0.018855292 -36.286056519 -0.084461100 -0.017798746 0.996267736 387.989105225
0.996384501 -0.012071407 0.084096044 36.933929443 0.010517873 0.999766231 0.018891973 -36.485893250 -0.084304430 -0.017939160 0.996278524 390.257751465
0.996356845 -0.010740333 0.084602773 37.206336975 0.009181830 0.999781251 0.018789055 -36.677623749 -0.084786072 -0.017943798 0.996237576 392.536804199
0.996392906 -0.009566775 0.084318891 37.492305756 0.007883459 0.999763310 0.020274095 -36.868564606 -0.084492892 -0.019536236 0.996232688 394.796112061
0.996321261 -0.008344147 0.085289933 37.762306213 0.006602474 0.999764442 0.020682340 -37.059440613 -0.085442394 -0.020043127 0.996141493 397.059844971
0.996272624 -0.008011133 0.085887909 38.041114807 0.006390168 0.999796569 0.019131385 -37.255779266 -0.086023703 -0.018511236 0.996121109 399.323852539
0.996184230 -0.007146214 0.086983092 38.318695068 0.005574139 0.999816954 0.018302826 -37.443004608 -0.087097973 -0.017748129 0.996041715 401.596160889
0.996126890 -0.008776669 0.087487921 38.594131470 0.007098028 0.999785006 0.019479794 -37.634342194 -0.087640099 -0.018783353 0.995975077 403.866302490
0.996073306 -0.010317531 0.087929353 38.880672455 0.008534657 0.999750793 0.020628097 -37.825984955 -0.088120267 -0.019796651 0.995913088 406.119995117
0.996057689 -0.010803174 0.088046953 39.163604736 0.009035562 0.999750078 0.020449668 -38.011207581 -0.088245846 -0.019573500 0.995906413 408.374786377
0.996021509 -0.010713486 0.088467143 39.455829620 0.009054155 0.999775887 0.019136488 -38.196155548 -0.088652343 -0.018259360 0.995895207 410.638153076
0.995968997 -0.009012825 0.089243732 39.762245178 0.007300308 0.999783218 0.019497061 -38.396263123 -0.089400113 -0.018766964 0.995818913 412.909149170
0.995901227 -0.007770817 0.090112142 40.046951294 0.006050611 0.999794483 0.019347087 -38.587287903 -0.090243965 -0.018722553 0.995743692 415.153808594
0.995832384 -0.006736206 0.090953164 40.345481873 0.004980831 0.999797344 0.019512957 -38.776134491 -0.091066159 -0.018978614 0.995664001 417.427581787
0.995805383 -0.006985636 0.091229655 40.647266388 0.005254540 0.999801815 0.019201577 -38.966022491 -0.091345727 -0.018641664 0.995644748 419.681213379
0.995709717 -0.007164476 0.092253380 40.935169220 0.005415829 0.999801099 0.019191241 -39.153785706 -0.092372529 -0.018609278 0.995550573 421.933349609
0.995618045 -0.007331940 0.093225405 41.221851349 0.005584409 0.999804020 0.018992303 -39.347366333 -0.093346387 -0.018388469 0.995463848 424.189422607
0.995579541 -0.007736899 0.093603015 41.525436401 0.005878398 0.999780357 0.020114599 -39.537544250 -0.093738094 -0.019475451 0.995406330 426.461151123
0.995528996 -0.006801492 0.094211407 41.820457458 0.004861661 0.999771714 0.020804437 -39.726062775 -0.094331399 -0.020253392 0.995334804 428.711730957
0.995447934 -0.005907825 0.095124073 42.122421265 0.003887529 0.999763131 0.021409860 -39.911903381 -0.095228031 -0.020942602 0.995235145 430.986877441
0.995444775 -0.006583845 0.095112346 42.425266266 0.004523430 0.999750733 0.021862349 -40.112022400 -0.095232569 -0.021332527 0.995226443 433.263549805
0.995420992 -0.007387592 0.095302254 42.734939575 0.005377814 0.999758184 0.021328099 -40.307876587 -0.095436759 -0.020717921 0.995219886 435.532867432
0.995405853 -0.006664477 0.095513135 43.044197083 0.004641896 0.999760568 0.021382513 -40.482177734 -0.095632754 -0.020840917 0.995198488 437.800079346
0.995363474 -0.007060765 0.095925786 43.352703094 0.004997846 0.999751389 0.021728639 -40.671535492 -0.096055381 -0.021148467 0.995151281 440.086486816
0.995403528 -0.007098154 0.095507078 43.666526794 0.005034419 0.999749005 0.021831829 -40.854980469 -0.095638104 -0.021250656 0.995189250 442.361541748
0.995365739 -0.006150228 0.095964924 43.975517273 0.003985743 0.999733627 0.022730375 -41.047275543 -0.096079178 -0.022242542 0.995125175 444.629150391
0.995342016 -0.006693488 0.096174136 44.288497925 0.004517720 0.999729276 0.022823185 -41.230213165 -0.096300863 -0.022282381 0.995102823 446.908081055
0.995343626 -0.006501086 0.096170373 44.596420288 0.004372584 0.999741137 0.022326829 -41.416736603 -0.096290641 -0.021802355 0.995114446 449.174438477
0.995372653 -0.005988785 0.095904231 44.907917023 0.003883642 0.999747694 0.022122117 -41.606700897 -0.096012533 -0.021647291 0.995144725 451.436981201
0.995308816 -0.005568584 0.096588537 45.209358215 0.003465548 0.999753475 0.021927254 -41.799800873 -0.096686855 -0.021489656 0.995082855 453.699707031
0.995222032 -0.004928826 0.097513445 45.510791779 0.002794989 0.999753892 0.022007005 -41.978530884 -0.097597905 -0.021629311 0.994990885 455.979553223
0.995182097 -0.005016901 0.097915158 45.812450409 0.002891029 0.999757290 0.021841180 -42.172740936 -0.098000981 -0.021452872 0.994955063 458.237670898
0.995209932 -0.004071801 0.097675569 46.134220123 0.002031377 0.999777853 0.020980161 -42.359783173 -0.097739294 -0.020681245 0.994997144 460.521148682
0.995193005 -0.003124428 0.097883150 46.446498871 0.001010269 0.999765217 0.021640927 -42.549942017 -0.097927772 -0.021438010 0.994962573 462.805755615
0.995206952 -0.002662384 0.097754076 46.754222870 0.000424120 0.999737382 0.022910528 -42.734661102 -0.097789414 -0.022759261 0.994946837 465.078033447
0.995256782 -0.003075258 0.097233370 47.059597015 0.000798638 0.999724805 0.023444233 -42.917362213 -0.097278699 -0.023255380 0.994985461 467.347961426
0.995366633 -0.002885044 0.096108772 47.381389618 0.000769991 0.999756873 0.022036696 -43.098762512 -0.096148968 -0.021860592 0.995126843 469.636352539
0.995475173 -0.002862879 0.094978943 47.704376221 0.000820214 0.999767661 0.021538584 -43.288669586 -0.095018536 -0.021363221 0.995246232 471.935089111
0.995567083 -0.003418620 0.093992062 48.014816284 0.001295525 0.999742866 0.022639764 -43.481990814 -0.094045304 -0.022417637 0.995315492 474.215637207
0.995513141 -0.003758634 0.094549350 48.303623199 0.001603420 0.999737442 0.022860253 -43.668479919 -0.094610453 -0.022606080 0.995257676 476.498901367
0.995660186 -0.003350988 0.093003146 48.615791321 0.001334787 0.999762952 0.021732597 -43.831054688 -0.093053922 -0.021514142 0.995428622 478.790771484
0.995690763 -0.003714335 0.092661187 48.919540405 0.001637377 0.999745965 0.022480508 -44.018310547 -0.092721134 -0.022231912 0.995443881 481.074096680
0.995730519 -0.004239242 0.092211463 49.225551605 0.002127123 0.999733388 0.022991410 -44.203598022 -0.092284344 -0.022697100 0.995473921 483.347259521
0.995730579 -0.004618189 0.092192240 49.515537262 0.002583816 0.999750733 0.022173811 -44.387207031 -0.092271656 -0.021840934 0.995494306 485.636413574
0.995840132 -0.005812265 0.090931229 49.822235107 0.003724943 0.999725997 0.023107832 -44.585815430 -0.091040619 -0.022672996 0.995589018 487.938690186
0.995941162 -0.006120446 0.089798510 50.124458313 0.004042373 0.999720216 0.023305152 -44.765960693 -0.089916050 -0.022847561 0.995687187 490.219451904
0.995887220 -0.005753353 0.090418786 50.394855499 0.003639415 0.999716580 0.023526920 -44.957012177 -0.090528518 -0.023101088 0.995625913 492.514923096
0.995950341 -0.005160096 0.089756802 50.699203491 0.003034218 0.999711990 0.023805227 -45.137821198 -0.089853793 -0.023436483 0.995679200 494.807250977
0.995954275 -0.004549534 0.089745797 50.983100891 0.002445737 0.999719918 0.023537813 -45.319732666 -0.089827731 -0.023223091 0.995686531 497.103057861
0.995988250 -0.004413052 0.089375436 51.288238525 0.002354016 0.999729693 0.023130368 -45.511379242 -0.089453347 -0.022827182 0.995729327 499.416839600
0.996020436 -0.004323981 0.089020021 51.579914093 0.002199613 0.999710798 0.023948224 -45.695777893 -0.089097820 -0.023657111 0.995742023 501.714050293
0.996022046 -0.003835109 0.089023888 51.866367340 0.001687273 0.999705970 0.024189230 -45.881828308 -0.089090474 -0.023942800 0.995735705 503.989288330
0.996046662 -0.002700632 0.088789508 52.157630920 0.000614861 0.999723375 0.023510152 -46.067058563 -0.088828430 -0.023362612 0.995773017 506.278625488
0.996025205 -0.002265248 0.089043252 52.440834045 0.000121332 0.999710083 0.024075288 -46.250289917 -0.089071982 -0.023968792 0.995736778 508.570495605
0.996049702 -0.002675554 0.088757448 52.732810974 0.000627950 0.999733150 0.023089560 -46.434196472 -0.088795528 -0.022942610 0.995785594 510.857849121
0.996093333 -0.003419614 0.088239506 53.033027649 0.001303757 0.999710500 0.024025073 -46.625312805 -0.088296108 -0.023816174 0.995809495 513.154724121
0.996103942 -0.003140364 0.088129587 53.323875427 0.001005859 0.999705315 0.024254035 -46.807346344 -0.088179804 -0.024070898 0.995813668 515.454162598
0.996130884 -0.002236822 0.087852702 53.614334106 0.000120436 0.999709964 0.024088079 -46.990802765 -0.087881096 -0.023984307 0.995842159 517.757263184
0.996097147 -0.001333270 0.088253491 53.895042419 -0.000738422 0.999725044 0.023437520 -47.172458649 -0.088260487 -0.023411212 0.995822310 520.060424805
0.996075571 0.000402668 0.088506214 54.190818787 -0.002515213 0.999714494 0.023758655 -47.361907959 -0.088471375 -0.023888027 0.995792150 522.404907227
0.995925844 0.002618747 0.090138286 54.466995239 -0.004830774 0.999692321 0.024330961 -47.548667908 -0.090046838 -0.024667272 0.995631993 524.731628418
0.995965183 0.003129974 0.089686073 54.780750275 -0.005411522 0.999667704 0.025207411 -47.727172852 -0.089577377 -0.025591046 0.995651066 527.059326172
0.995905221 0.002815354 0.090359241 55.070262909 -0.005109300 0.999670208 0.025165705 -47.909629822 -0.090258591 -0.025524329 0.995591164 529.370361328
0.995879054 0.000963622 0.090687163 55.364143372 -0.003376353 0.999644220 0.026455337 -48.087589264 -0.090629421 -0.026652504 0.995527983 531.682006836
0.995852590 -0.000668234 0.090978600 55.672084808 -0.001710284 0.999658823 0.026063235 -48.262935638 -0.090964980 -0.026110740 0.995511711 534.004394531
0.995827377 -0.000569868 0.091254823 55.972370148 -0.001752039 0.999676824 0.025362089 -48.440692902 -0.091239780 -0.025416145 0.995504558 536.319641113
0.995745361 -0.000773739 0.092144415 56.267948151 -0.001549930 0.999682665 0.025143459 -48.622360229 -0.092134632 -0.025179300 0.995428145 538.630371094
0.995680749 -0.000331664 0.092842467 56.565391541 -0.001948573 0.999698699 0.024468550 -48.805809021 -0.092822604 -0.024543775 0.995380104 540.942871094
0.995595872 0.000422572 0.093747966 56.863956451 -0.002698883 0.999704421 0.024155708 -48.991592407 -0.093710072 -0.024302334 0.995302856 543.262756348
0.995536685 0.000871575 0.094371051 57.175548553 -0.003056345 0.999730527 0.023008795 -49.174259186 -0.094325550 -0.023194531 0.995271146 545.585571289
0.995418966 0.000591666 0.095606677 57.461410522 -0.002891705 0.999709666 0.023920551 -49.364151001 -0.095564745 -0.024087438 0.995131731 547.906066895
0.995355070 0.000647274 0.096269920 57.767738342 -0.003032236 0.999692023 0.024629470 -49.549613953 -0.096224353 -0.024806980 0.995050490 550.226135254
0.995302022 0.000549136 0.096817248 58.072334290 -0.002958318 0.999689519 0.024742020 -49.732158661 -0.096773595 -0.024912201 0.994994521 552.531250000
0.995316088 -0.000625446 0.096671984 58.388671875 -0.001672904 0.999717891 0.023691844 -49.913822174 -0.096659541 -0.023742598 0.995034218 554.842651367
0.995331585 -0.000792549 0.096511289 58.705715179 -0.001559637 0.999703646 0.024294252 -50.101970673 -0.096501954 -0.024331359 0.995035350 557.161560059
0.995252013 -0.000487416 0.097330071 59.009021759 -0.001930308 0.999691963 0.024744757 -50.286239624 -0.097312145 -0.024815146 0.994944513 559.472106934
0.995245457 0.000160993 0.097398371 59.326637268 -0.002659950 0.999670565 0.025527777 -50.468200684 -0.097362153 -0.025665477 0.994917989 561.806335449
0.995232582 -0.000165600 0.097529083 59.645610809 -0.002398913 0.999654472 0.026177008 -50.649311066 -0.097499728 -0.026286174 0.994888365 564.143310547
0.995208025 0.000389824 0.097778879 59.963077545 -0.003028204 0.999635279 0.026836166 -50.826797485 -0.097732775 -0.027003668 0.994846284 566.461181641
0.995159864 0.001438856 0.098258764 60.285980225 -0.004028124 0.999649704 0.026158232 -51.010944366 -0.098186687 -0.026427427 0.994817019 568.790588379
0.995182097 0.002416769 0.098013997 60.617996216 -0.004848982 0.999686003 0.024584349 -51.186489105 -0.097923793 -0.024941172 0.994881332 571.121887207
0.995133758 0.002946910 0.098489322 60.943408966 -0.005395015 0.999682903 0.024599483 -51.369441986 -0.098385610 -0.025011124 0.994834065 573.445251465
0.995156825 0.002692076 0.098263264 61.270385742 -0.005255625 0.999652267 0.025839061 -51.557888031 -0.098159522 -0.026230350 0.994824946 575.820861816
0.995151579 0.002516780 0.098320998 61.598266602 -0.005224308 0.999613941 0.027289899 -51.746711731 -0.098214351 -0.027671244 0.994780540 578.137390137
0.995069563 0.002998380 0.099135123 61.905765533 -0.005563844 0.999656439 0.025612099 -51.931442261 -0.099024296 -0.026037393 0.994744241 580.522277832
0.995135844 0.002298848 0.098484211 62.235706329 -0.004821918 0.999665976 0.025388677 -52.108222961 -0.098392941 -0.025740067 0.994814694 582.861267090
0.995076060 0.002164974 0.099090703 62.554584503 -0.004845110 0.999628603 0.026814649 -52.297946930 -0.098995857 -0.027162720 0.994717181 585.189880371
0.995130062 0.002472926 0.098538704 62.879051208 -0.005151335 0.999623895 0.026936134 -52.477119446 -0.098435044 -0.027312566 0.994768679 587.509033203
0.995088160 0.000072798 0.098992601 63.208408356 -0.002597867 0.999674618 0.025378985 -52.658378601 -0.098958537 -0.025511501 0.994764507 589.870361328
0.995123625 -0.000102659 0.098635234 63.538566589 -0.002393961 0.999679744 0.025192967 -52.834877014 -0.098606229 -0.025306247 0.994804680 592.219055176
0.995153487 -0.001759283 0.098318219 63.861057281 -0.000761371 0.999672234 0.025594311 -53.017326355 -0.098331019 -0.025545128 0.994825840 594.554748535
0.995181978 -0.002629399 0.098009691 64.191276550 0.000095253 0.999665797 0.025851797 -53.200225830 -0.098044917 -0.025717905 0.994849563 596.909851074
