1.000000000 0.000000000 0.000000000 0.000000000 0.000000000 1.000000000 0.000000000 0.000000000 0.000000000 0.000000000 1.000000000 0.000000000
0.999999940 -0.000035816 0.000340866 0.088182695 0.000035888 1.000000000 -0.000210745 -0.226487577 -0.000340858 0.000210757 0.999999940 2.286677122
0.999999464 0.000171787 0.001142962 0.166833714 -0.000172080 0.999999940 0.000256410 -0.463893145 -0.001142918 -0.000256607 0.999999225 4.584142208
0.999998689 -0.000111009 0.001624434 0.265968293 0.000110144 0.999999881 0.000532713 -0.696875930 -0.001624493 -0.000532534 0.999998510 6.870443344
0.999996901 -0.000343442 0.002458810 0.360389799 0.000346566 0.999999046 -0.001270582 -0.928227007 -0.002458371 0.001271430 0.999996126 9.160986900
0.999988854 0.001396796 0.004506248 0.451512635 -0.001397046 0.999998987 0.000052202 -1.163857460 -0.004506170 -0.000058497 0.999989867 11.465162277
0.999973357 0.002974798 0.006668326 0.562001884 -0.002983652 0.999994695 0.001318237 -1.402348161 -0.006664369 -0.001338098 0.999976873 13.755861282
0.999955237 0.002799691 0.009035006 0.667746186 -0.002834732 0.999988496 0.003867899 -1.630545497 -0.009024073 -0.003893337 0.999951720 16.027860641
0.999943912 0.003446183 0.010017685 0.758372068 -0.003501884 0.999978423 0.005548022 -1.860939622 -0.009998349 -0.005582791 0.999934375 18.316984177
0.999931812 0.002540469 0.011407753 0.866482198 -0.002607825 0.999979198 0.005893383 -2.087308884 -0.011392546 -0.005922730 0.999917567 20.589046478
0.999928296 0.000056161 0.011976909 0.988595724 -0.000090257 0.999995947 0.002846277 -2.301615477 -0.011976697 -0.002847154 0.999924242 22.909301758
0.999913752 -0.002126672 0.012961810 1.093848467 0.002117513 0.999997497 0.000720323 -2.520179033 -0.012963309 -0.000692814 0.999915779 25.190193176
0.999913573 -0.002606026 0.012886397 1.231181145 0.002602280 0.999996662 0.000307417 -2.768484831 -0.012887153 -0.000273857 0.999916911 27.479221344
0.999892235 -0.002305057 0.014497297 1.328855753 0.002318246 0.999996841 -0.000893014 -2.991431236 -0.014495194 0.000926527 0.999894559 29.764459610
0.999894083 -0.000276278 0.014553527 1.464080215 0.000248942 0.999998212 0.001880102 -3.222923756 -0.014554022 -0.001876280 0.999892354 32.047557831
0.999898911 0.001637358 0.014123915 1.598304272 -0.001694091 0.999990582 0.004005780 -3.442805767 -0.014117222 -0.004029302 0.999892235 34.326942444
0.999859929 0.004281948 0.016179977 1.711567044 -0.004408503 0.999959886 0.007794140 -3.673817396 -0.016145952 -0.007864378 0.999838829 36.649574280
0.999840081 0.006156631 0.016787089 1.830969095 -0.006279093 0.999953985 0.007252109 -3.892166376 -0.016741671 -0.007356357 0.999832749 38.921756744
0.999806285 0.005416406 0.018922891 1.936268687 -0.005534187 0.999965608 0.006177471 -4.102896214 -0.018888779 -0.006280995 0.999801874 41.223674774
0.999811471 0.002977562 0.019188691 2.061320305 -0.003076696 0.999981999 0.005138804 -4.327415466 -0.019173045 -0.005196873 0.999802649 43.492485046
0.999813199 0.003475856 0.019014195 2.195649862 -0.003553426 0.999985456 0.004047357 -4.558053017 -0.018999850 -0.004114166 0.999810994 45.799411774
0.999811530 0.002908518 0.019194173 2.323152065 -0.002965865 0.999991238 0.002959928 -4.785960674 -0.019185394 -0.003016297 0.999811530 48.074905396
0.999813914 0.001416490 0.019238578 2.460388660 -0.001480093 0.999993503 0.003292182 -5.014533520 -0.019233791 -0.003320045 0.999809444 50.356410980
0.999793112 0.000621964 0.020330558 2.589798450 -0.000694278 0.999993443 0.003550086 -5.238199234 -0.020328216 -0.003563467 0.999787033 52.624073029
0.999791503 -0.000532692 0.020411942 2.730475187 0.000459271 0.999993324 0.003601526 -5.469179630 -0.020413732 -0.003591400 0.999785125 54.911926270
0.999764204 -0.001007568 0.021691456 2.859396458 0.000922029 0.999991715 0.003953072 -5.699339867 -0.021695262 -0.003932139 0.999756873 57.207378387
0.999748170 -0.002386105 0.022313103 2.999227524 0.002283085 0.999986649 0.004641380 -5.926642895 -0.022323884 -0.004589268 0.999740243 59.478546143
0.999707758 -0.003639014 0.023899687 3.126837254 0.003541647 0.999985218 0.004115019 -6.151270866 -0.023914309 -0.004029173 0.999705911 61.745998383
0.999695778 -0.004512622 0.024246408 3.279807568 0.004419906 0.999982715 0.003876127 -6.375038624 -0.024263479 -0.003767781 0.999698520 63.999153137
0.999659121 -0.004003371 0.025799140 3.417356014 0.003888908 0.999982357 0.004485419 -6.598050117 -0.025816647 -0.004383559 0.999657094 66.267776489
0.999634504 -0.002956655 0.026869742 3.565581322 0.002826526 0.999984026 0.004879646 -6.825838566 -0.026883740 -0.004801914 0.999627054 68.521354675
0.999592245 -0.003262947 0.028366888 3.703384876 0.003137569 0.999985099 0.004463265 -7.050075531 -0.028381025 -0.004372442 0.999587595 70.774971008
0.999577165 -0.004083814 0.028789164 3.863869905 0.003991638 0.999986708 0.003258473 -7.275570869 -0.028802093 -0.003142179 0.999580204 73.027481079
0.999566197 -0.005026313 0.029023465 4.025608540 0.004922583 0.999981225 0.003644390 -7.501881599 -0.029041242 -0.003499938 0.999572098 75.310020447
0.999525189 -0.006236604 0.030174376 4.187740326 0.006146932 0.999976397 0.003063650 -7.732861519 -0.030192768 -0.002876715 0.999540031 77.575492859
0.999513984 -0.007164228 0.030337479 4.340646744 0.007084368 0.999971092 0.002739020 -7.956228256 -0.030356219 -0.002522767 0.999535918 79.807548523
0.999483228 -0.007676355 0.031214911 4.489526749 0.007599362 0.999967754 0.002584461 -8.176730156 -0.031233743 -0.002345912 0.999509335 82.062164307
0.999464571 -0.006734200 0.032018706 4.655967712 0.006653550 0.999974370 0.002624758 -8.411255836 -0.032035563 -0.002410315 0.999483824 84.348960876
0.999407947 -0.006521417 0.033781119 4.811447620 0.006434061 0.999975622 0.002694001 -8.624336243 -0.033797864 -0.002475056 0.999425650 86.601119995
0.999406576 -0.006257604 0.033872630 4.978620052 0.006115999 0.999972105 0.004282545 -8.862824440 -0.033898488 -0.004072838 0.999417126 88.876762390
0.999378145 -0.005313181 0.034857858 5.140307426 0.005149095 0.999975264 0.004795371 -9.089104652 -0.034882478 -0.004612902 0.999380767 91.135856628
0.999347806 -0.005319010 0.035712518 5.306892872 0.005156422 0.999975920 0.004643221 -9.309370041 -0.035736356 -0.004456045 0.999351323 93.389480591
0.999338210 -0.005622113 0.035938594 5.479225159 0.005478119 0.999976575 0.004103886 -9.527474403 -0.035960827 -0.003904295 0.999345601 95.640243530
0.999309301 -0.006049038 0.036665358 5.645142078 0.005889356 0.999972701 0.004461554 -9.749291420 -0.036691345 -0.004242537 0.999317646 97.895408630
0.999273956 -0.006134142 0.037601568 5.808755875 0.005985504 0.999973774 0.004064254 -9.981137276 -0.037625510 -0.003836239 0.999284565 100.130828857
0.999210894 -0.006128298 0.039242640 5.970796585 0.005922959 0.999968171 0.005346694 -10.199777603 -0.039274156 -0.005110043 0.999215424 102.359634399
0.999182761 -0.006236831 0.039935611 6.160391808 0.006028785 0.999967635 0.005327870 -10.420399666 -0.039967552 -0.005082753 0.999188066 104.612319946
0.999156356 -0.007324858 0.040408857 6.336155891 0.007086912 0.999956667 0.006028540 -10.645851135 -0.040451262 -0.005737078 0.999165177 106.852310181
0.999116480 -0.008654777 0.041128282 6.519790173 0.008410549 0.999945998 0.006107558 -10.861694336 -0.041178927 -0.005756250 0.999135137 109.096443176
0.999076247 -0.009515022 0.041906185 6.706521988 0.009225166 0.999932170 0.007104752 -11.087008476 -0.041970938 -0.006711597 0.999096274 111.343650818
0.999067307 -0.009915004 0.042026717 6.901087761 0.009672907 0.999935389 0.005959996 -11.309450150 -0.042083099 -0.005547916 0.999098837 113.597106934
0.999023855 -0.010395113 0.042933371 7.084939480 0.010190267 0.999935567 0.004987401 -11.525344849 -0.042982452 -0.004545031 0.999065518 115.841842651
0.998978317 -0.010790723 0.043885157 7.267814159 0.010566343 0.999929905 0.005341683 -11.750555038 -0.043939717 -0.004872520 0.999022424 118.075904846
0.998927236 -0.011017179 0.044977281 7.457857609 0.010757376 0.999924004 0.006014237 -11.969970703 -0.045040119 -0.005523947 0.998970032 120.316658020
0.998886704 -0.011792710 0.045674492 7.657232285 0.011488307 0.999910057 0.006921389 -12.196761131 -0.045752000 -0.006388961 0.998932421 122.520645142
0.998866677 -0.012753725 0.045854591 7.873837471 0.012458078 0.999899745 0.006727494 -12.422533989 -0.045935791 -0.006148609 0.998925447 124.774948120
0.998821855 -0.013633786 0.046572398 8.059464455 0.013375961 0.999893486 0.005843228 -12.642476082 -0.046647109 -0.005213392 0.998897791 127.038925171
0.998805642 -0.015191779 0.046438184 8.254007339 0.014917227 0.999869168 0.006253091 -12.859854698 -0.046527117 -0.005552893 0.998901546 129.300399780
0.998836219 -0.016397804 0.045357883 8.450741768 0.016116012 0.999848545 0.006571366 -13.076788902 -0.045458771 -0.005832731 0.998949170 131.553436279
0.998890698 -0.016751474 0.044008080 8.646960258 0.016422514 0.999834538 0.007825924 -13.293827057 -0.044131894 -0.007094520 0.999000549 133.786621094
0.998940647 -0.017748058 0.042455003 8.843902588 0.017452631 0.999820888 0.007319109 -13.513166428 -0.042577300 -0.006570405 0.999071538 136.054275513
0.999013126 -0.018524669 0.040368084 9.050301552 0.018271871 0.999811113 0.006622300 -13.725749016 -0.040483139 -0.005878164 0.999162912 138.277343750
0.998998821 -0.019283930 0.040367119 9.231029510 0.019012704 0.999794066 0.007092255 -13.947681427 -0.040495582 -0.006317665 0.999159753 140.566131592
0.998993754 -0.019629359 0.040325865 9.404419899 0.019341819 0.999784648 0.007508287 -14.158702850 -0.040464561 -0.006720756 0.999158323 142.796783447
0.999021173 -0.019487895 0.039710101 9.597612381 0.019151984 0.999777675 0.008821948 -14.386048317 -0.039873198 -0.008052787 0.999172211 145.027191162
0.999034822 -0.018619537 0.039782606 9.775681496 0.018327698 0.999802411 0.007688012 -14.598953247 -0.039917890 -0.006951468 0.999178767 147.270965576
0.999053478 -0.017755365 0.039709501 9.958581924 0.017528500 0.999827981 0.006054037 -14.812889099 -0.039810158 -0.005352259 0.999192894 149.510101318
0.999064088 -0.016056906 0.040164448 10.136526108 0.015858078 0.999860346 0.005264129 -15.033781052 -0.040243369 -0.004622271 0.999179244 151.750991821
0.999071538 -0.015417609 0.040228307 10.324459076 0.015216636 0.999870181 0.005297205 -15.251798630 -0.040304761 -0.004680149 0.999176383 153.980163574
0.999059319 -0.014732673 0.040783402 10.505087852 0.014500850 0.999876976 0.005974213 -15.472204208 -0.040866408 -0.005377200 0.999150157 156.231201172
0.999065518 -0.013880269 0.040932391 10.702610016 0.013591141 0.999880731 0.007333402 -15.694882393 -0.041029297 -0.006770230 0.999135077 158.445281982
0.999008954 -0.013623646 0.042372037 10.883323669 0.013289044 0.999878347 0.008168423 -15.914545059 -0.042478167 -0.007597245 0.999068439 160.724044800
0.998973608 -0.012689949 0.043481708 11.064235687 0.012267354 0.999875009 0.009972020 -16.127641678 -0.043602820 -0.009428379 0.999004424 162.959716797
0.998952389 -0.012180695 0.044112876 11.256838799 0.011802289 0.999891400 0.008828548 -16.326789856 -0.044215620 -0.008298664 0.998987496 165.191284180
0.998901844 -0.011413191 0.045440089 11.450184822 0.011068453 0.999908030 0.007831043 -16.540571213 -0.045525283 -0.007319491 0.998936296 167.417861938
0.998816192 -0.009586699 0.047689151 11.637442589 0.009200628 0.999923110 0.008308510 -16.756692886 -0.047765139 -0.007859904 0.998827636 169.656417847
0.998732150 -0.009092475 0.049511530 11.883547783 0.008654832 0.999921560 0.009046500 -16.981836319 -0.049589913 -0.008606518 0.998732567 171.841369629
0.998617589 -0.009173517 0.051756442 12.083544731 0.008723762 0.999922276 0.008909034 -17.190801620 -0.051834140 -0.008445208 0.998619914 174.082748413
0.998526871 -0.009151677 0.053482506 12.286154747 0.008666690 0.999919236 0.009293001 -17.402482986 -0.053563226 -0.008815794 0.998525560 176.335327148
0.998494387 -0.009321572 0.054056052 12.498239517 0.008782745 0.999909341 0.010196914 -17.609466553 -0.054146197 -0.009706800 0.998485863 178.561614990
0.998467863 -0.011599751 0.054105528 12.697871208 0.011069356 0.999887824 0.010092398 -17.827592850 -0.054216519 -0.009478021 0.998484194 180.769515991
0.998417139 -0.012625598 0.054806300 12.895540237 0.012124044 0.999881625 0.009474301 -18.031982422 -0.054919425 -0.008794831 0.998452067 183.019882202
0.998492777 -0.013814256 0.053116113 13.129697800 0.013321324 0.999864936 0.009623135 -18.254747391 -0.053241868 -0.008901055 0.998541892 185.241867065
0.998499393 -0.015578456 0.052500565 13.338552475 0.015042045 0.999830842 0.010597037 -18.469238281 -0.052656762 -0.009791418 0.998564661 187.481323242
0.998517275 -0.016464185 0.051885009 13.547870636 0.015961984 0.999821782 0.010078698 -18.675016403 -0.052041706 -0.009235566 0.998602211 189.727340698
0.998485327 -0.017876728 0.052033722 13.751878738 0.017390352 0.999800920 0.009785103 -18.888553619 -0.052198291 -0.008865393 0.998597324 191.947540283
0.998457193 -0.019420777 0.052019447 13.949316025 0.018956395 0.999776065 0.009405592 -19.100013733 -0.052190464 -0.008404980 0.998601735 194.181167603
0.998488486 -0.018934790 0.051597901 14.156499863 0.018455053 0.999782085 0.009758284 -19.310638428 -0.051771421 -0.008791292 0.998620272 196.413085938
0.998485506 -0.016527737 0.052472766 14.360248566 0.016046496 0.999825358 0.009579363 -19.519790649 -0.052621938 -0.008722850 0.998576403 198.641159058
0.998495281 -0.014513847 0.052882638 14.564212799 0.014036676 0.999857366 0.009383469 -19.731977463 -0.053011298 -0.008627051 0.998556674 200.868194580
0.998470902 -0.014109921 0.053448271 14.777341843 0.013671795 0.999869943 0.008553997 -19.940376282 -0.053562023 -0.007810183 0.998533964 203.122177124
0.998443365 -0.014437089 0.053872690 14.981423378 0.013970252 0.999861538 0.009032131 -20.144657135 -0.053995635 -0.008265456 0.998506963 205.346847534
0.998422265 -0.016012173 0.053819891 15.209957123 0.015526368 0.999834955 0.009432492 -20.362937927 -0.053962041 -0.008581985 0.998506069 207.578796387
0.998367429 -0.015669946 0.054926049 15.415555954 0.015172428 0.999840081 0.009463277 -20.561813354 -0.055065565 -0.008614466 0.998445630 209.818664551
0.998291254 -0.015713034 0.056282163 15.637819290 0.015110819 0.999824107 0.011109597 -20.791213989 -0.056446828 -0.010240144 0.998353064 212.049026489
0.998223305 -0.014279274 0.057848155 15.873229980 0.013651748 0.999843717 0.011228563 -20.998039246 -0.057999451 -0.010418884 0.998262286 214.283660889
0.998030543 -0.013123265 0.061341707 16.065032959 0.012443477 0.999857008 0.011450908 -21.202751160 -0.061483216 -0.010665049 0.998051107 216.516891479
0.997899830 -0.013168218 0.063423187 16.294305801 0.012444874 0.999853075 0.011786613 -21.407751083 -0.063569061 -0.010972567 0.997917116 218.756118774
0.997755706 -0.014692849 0.065327600 16.526529312 0.013913855 0.999826789 0.012363451 -21.609485626 -0.065497942 -0.011426746 0.997787237 220.982986450
0.997649550 -0.015867036 0.066660747 16.761283875 0.015020872 0.999800384 0.013175721 -21.809461594 -0.066856503 -0.012143450 0.997688711 223.211044312
0.997577727 -0.017859876 0.067227557 17.008867264 0.017057639 0.999776542 0.012488347 -22.015346527 -0.067435570 -0.011311354 0.997659504 225.431106567
0.997553647 -0.019372299 0.067167461 17.255048752 0.018600905 0.999753892 0.012091080 -22.214645386 -0.067385159 -0.010812126 0.997668386 227.675186157
0.997500360 -0.019478992 0.067922406 17.490425110 0.018696861 0.999751568 0.012131791 -22.411211014 -0.068141855 -0.010831532 0.997616827 229.903991699
0.997443080 -0.020728445 0.068393104 17.734136581 0.019998122 0.999735594 0.011345818 -22.616645813 -0.068610206 -0.009949072 0.997593939 232.147613525
0.997418046 -0.021972695 0.068368800 18.004339218 0.021143248 0.999694109 0.012832008 -22.833427429 -0.068629831 -0.011353339 0.997577608 234.421066284
0.997387826 -0.021820415 0.068856820 18.252222061 0.020989452 0.999698102 0.012768577 -23.033782959 -0.069114633 -0.011289956 0.997544825 236.663879395
0.997347474 -0.021180784 0.069637500 18.489730835 0.020357756 0.999714434 0.012507391 -23.230159760 -0.069882527 -0.011056553 0.997493863 238.877960205
0.997320890 -0.021471575 0.069928341 18.738048553 0.020620104 0.999704480 0.012875594 -23.432134628 -0.070184126 -0.011399168 0.997469068 241.097778320
0.997276425 -0.021860031 0.070440613 18.987731934 0.020995824 0.999695241 0.012985862 -23.632551193 -0.070703030 -0.011471535 0.997431457 243.340423584
0.997237623 -0.022230072 0.070873067 19.235660553 0.021409646 0.999694943 0.012314785 -23.839157104 -0.071125194 -0.010763398 0.997409344 245.562835693
0.997244477 -0.021564091 0.070983797 19.491149902 0.020796137 0.999717116 0.011540067 -24.042276382 -0.071212575 -0.010032078 0.997410715 247.791564941
0.997216225 -0.021879943 0.071280412 19.746353149 0.021064153 0.999703884 0.012176537 -24.248151779 -0.071525738 -0.010641181 0.997381985 250.027694702
0.997182369 -0.023179410 0.071343452 20.004831314 0.022372052 0.999676526 0.012094915 -24.452993393 -0.071600735 -0.010464736 0.997378409 252.256958008
0.997176051 -0.023288159 0.071397133 20.269935608 0.022417091 0.999664426 0.012977499 -24.660314560 -0.071675405 -0.011340338 0.997363567 254.518890381
0.997147202 -0.024247352 0.071480654 20.513072968 0.023354821 0.999638915 0.013295877 -24.864845276 -0.071777232 -0.011588530 0.997353315 256.737243652
0.997117996 -0.024434138 0.071823701 20.775129318 0.023499569 0.999628186 0.013828441 -25.077335358 -0.072134882 -0.012100762 0.997321427 259.020385742
0.997086525 -0.024098968 0.072371669 21.031414032 0.023198554 0.999642968 0.013256530 -25.275566101 -0.072665289 -0.011538991 0.997289598 261.264099121
0.997066557 -0.024075843 0.072654352 21.295410156 0.023207726 0.999649048 0.012769371 -25.476057053 -0.072936304 -0.011045770 0.997275412 263.517242432
0.997048020 -0.023340218 0.073146679 21.558916092 0.022498123 0.999671042 0.012315383 -25.682371140 -0.073410064 -0.010633365 0.997245073 265.756683350
0.996980309 -0.022772266 0.074240856 21.817640305 0.021903541 0.999681950 0.012494797 -25.881853104 -0.074501775 -0.010830930 0.997161984 268.002502441
0.996861815 -0.022324594 0.075948551 22.067871094 0.021462191 0.999695897 0.012152564 -26.096288681 -0.076196745 -0.010484404 0.997037828 270.258911133
0.996784866 -0.023096288 0.076724209 22.343782425 0.022192471 0.999674082 0.012611954 -26.303304672 -0.076990515 -0.010868704 0.996972620 272.500213623
0.996589065 -0.023378959 0.079143591 22.595958710 0.022425763 0.999665141 0.012911470 -26.497528076 -0.079418935 -0.011092572 0.996779621 274.751983643
0.996471643 -0.023314245 0.080627136 22.869926453 0.022280358 0.999657929 0.013699166 -26.687419891 -0.080918938 -0.011854431 0.996650159 276.993499756
0.996408761 -0.023128783 0.081452817 23.155378342 0.021900630 0.999633014 0.015939504 -26.909366608 -0.081791587 -0.014098393 0.996549726 279.240997314
0.996322393 -0.022881230 0.082572080 23.438913345 0.021543572 0.999622464 0.017054740 -27.110177994 -0.082931139 -0.015213125 0.996439159 281.479583740
0.996248543 -0.021805242 0.083746068 23.716310501 0.020467978 0.999649465 0.016793694 -27.297246933 -0.084082894 -0.015016580 0.996345520 283.741668701
0.996118784 -0.020840695 0.085515402 23.982528687 0.019522233 0.999677777 0.016225321 -27.486673355 -0.085825995 -0.014492896 0.996204674 285.972595215
0.996162057 -0.020385204 0.085121267 24.275999069 0.019207656 0.999708414 0.014630006 -27.669801712 -0.085394688 -0.012938876 0.996263206 288.208984375
0.996117949 -0.021194099 0.085439287 24.552965164 0.019985750 0.999688089 0.014973502 -27.872653961 -0.085730001 -0.013207805 0.996230841 290.434631348
0.996080995 -0.021085288 0.085895538 24.823276520 0.019925570 0.999698639 0.014336661 -28.069644928 -0.086171947 -0.012568957 0.996200979 292.692443848
0.996114731 -0.021654587 0.085361131 25.111171722 0.020578554 0.999697447 0.013465646 -28.265583038 -0.085626908 -0.011656718 0.996259093 294.925140381
0.996112585 -0.021746987 0.085362971 25.393905640 0.020680455 0.999696910 0.013358593 -28.464691162 -0.085627623 -0.011541316 0.996260345 297.157165527
0.996123195 -0.021046620 0.085414380 25.675785065 0.019976009 0.999711096 0.013369768 -28.658897400 -0.085671104 -0.011611696 0.996255815 299.395538330
0.996056259 -0.020866835 0.086234950 25.933660507 0.019694807 0.999702156 0.014419689 -28.865196228 -0.086510152 -0.012664443 0.996170461 301.623382568
0.996055007 -0.021069292 0.086200595 26.219551086 0.019885346 0.999696076 0.014570599 -29.061937332 -0.086481400 -0.012798986 0.996171236 303.869659424
0.996026814 -0.020723559 0.086608447 26.504394531 0.019532146 0.999702871 0.014581241 -29.256137848 -0.086884879 -0.012831659 0.996135712 306.115966797
0.996024787 -0.021401115 0.086467631 26.789741516 0.020214759 0.999689460 0.014572673 -29.463611603 -0.086752638 -0.012766818 0.996148169 308.362823486
0.995957613 -0.022313913 0.087008432 27.070196152 0.021084264 0.999664783 0.015026129 -29.662269592 -0.087314539 -0.013130879 0.996094227 310.621337891
0.995920300 -0.022109073 0.087487102 27.354816437 0.020916827 0.999675870 0.014521061 -29.863780975 -0.087779783 -0.012631866 0.996059835 312.863403320
0.995930076 -0.021716464 0.087473936 27.647453308 0.020455452 0.999673903 0.015286635 -30.065759659 -0.087777384 -0.013435098 0.996049523 315.107269287
0.995885670 -0.020111643 0.088358179 27.930280685 0.018903250 0.999716222 0.014491670 -30.264354706 -0.088624552 -0.012761790 0.995983362 317.343688965
0.995867133 -0.018268662 0.088965096 28.211931229 0.016989855 0.999741435 0.015110405 -30.463819504 -0.089218140 -0.013536452 0.995920062 319.585235596
0.995814860 -0.016966293 0.089804649 28.492811203 0.015725194 0.999771059 0.014509616 -30.659847260 -0.090030245 -0.013036696 0.995853662 321.813537598
0.995771646 -0.015905289 0.090475544 28.774694443 0.014607100 0.999780893 0.014992642 -30.854581833 -0.090694174 -0.013607661 0.995785952 324.050384521
0.995780051 -0.015479244 0.090456195 29.070466995 0.014041706 0.999765158 0.016506942 -31.063423157 -0.090690486 -0.015167126 0.995763540 326.283233643
0.995715439 -0.015958950 0.091082141 29.352844238 0.014552786 0.999764740 0.016081747 -31.259649277 -0.091317356 -0.014687344 0.995713532 328.523071289
0.995723903 -0.017585104 0.090689078 29.657192230 0.016244428 0.999747813 0.015500264 -31.456859589 -0.090938769 -0.013960792 0.995758593 330.756683350
0.995702624 -0.016901128 0.091052771 29.941228867 0.015607586 0.999767184 0.014899958 -31.649265289 -0.091283396 -0.013414814 0.995734572 332.979125977
0.995668054 -0.017015174 0.091408670 30.229328156 0.015598407 0.999747217 0.016191438 -31.845748901 -0.091661073 -0.014695471 0.995681822 335.219268799
0.995683789 -0.017243283 0.091194764 30.530668259 0.015826600 0.999743044 0.016235154 -32.040065765 -0.091451257 -0.014721776 0.995700657 337.449066162
0.995667160 -0.016855741 0.091448173 30.814891815 0.015404537 0.999744296 0.016551895 -32.239833832 -0.091703787 -0.015071462 0.995672286 339.680511475
0.995704770 -0.016895041 0.091030158 31.118389130 0.015470265 0.999746919 0.016334655 -32.437805176 -0.091283098 -0.014856232 0.995714188 341.930328369
0.995694220 -0.016934775 0.091138266 31.407323837 0.015473669 0.999740660 0.016714565 -32.631622314 -0.091397680 -0.015232354 0.995697975 344.179962158
0.995705426 -0.016421994 0.091109723 31.695289612 0.014959884 0.999748468 0.016707616 -32.824104309 -0.091361165 -0.015272869 0.995700717 346.417297363
0.995734572 -0.016159002 0.090837270 31.985569000 0.014718169 0.999755383 0.016509287 -33.014411926 -0.091081820 -0.015101911 0.995728910 348.647064209
0.995714188 -0.015746932 0.091132827 32.273448944 0.014249471 0.999752939 0.017059045 -33.213542938 -0.091378950 -0.015687343 0.995692611 350.887481689
0.995737731 -0.015927063 0.090843596 32.561370850 0.014395662 0.999743402 0.017488001 -33.407894135 -0.091098808 -0.016105711 0.995711625 353.105712891
0.995748341 -0.015715690 0.090764843 32.848789215 0.014250190 0.999757767 0.016771710 -33.599155426 -0.091006435 -0.015406985 0.995731115 355.345611572
0.995790243 -0.015460547 0.090347901 33.140995026 0.013952038 0.999752939 0.017304480 -33.793022156 -0.090593100 -0.015971094 0.995759904 357.580993652
0.995867312 -0.014680712 0.089625478 33.439910889 0.013086587 0.999745965 0.018348338 -33.990772247 -0.089872085 -0.017099621 0.995806515 359.820861816
0.995928288 -0.014857295 0.088917904 33.738391876 0.013262440 0.999740899 0.018500341 -34.186328888 -0.089169726 -0.017245736 0.995867074 362.063171387
0.995962799 -0.014655668 0.088562369 34.032009125 0.013008782 0.999732077 0.019144505 -34.378105164 -0.088819221 -0.017915124 0.995886564 364.299560547
0.996014416 -0.014502720 0.088004492 34.324535370 0.012935242 0.999747872 0.018355628 -34.568214417 -0.088248514 -0.017144110 0.995950937 366.561126709
0.996041000 -0.015148709 0.087595917 34.611331940 0.013602755 0.999741435 0.018218832 -34.760566711 -0.087849274 -0.016955150 0.995989501 368.804687500
0.996006608 -0.014898631 0.088027246 34.887493134 0.013423070 0.999759674 0.017330805 -34.946289062 -0.088264287 -0.016080001 0.995967329 371.067840576
0.996101975 -0.015220791 0.086887620 35.179779053 0.013763927 0.999755025 0.017341789 -35.141151428 -0.087130286 -0.016078275 0.996067166 373.296325684
0.996240258 -0.015170656 0.085294433 35.481704712 0.013708091 0.999749184 0.017706903 -35.328910828 -0.085541673 -0.016471105 0.996198416 375.539703369
0.996101260 -0.014899658 0.086949669 35.747741699 0.013347091 0.999741435 0.018410090 -35.521858215 -0.087201476 -0.017177790 0.996042609 377.782928467
0.996099591 -0.015491163 0.086865917 36.033664703 0.013909508 0.999726772 0.018783865 -35.719024658 -0.087133154 -0.017502336 0.996042907 380.026794434
0.996119916 -0.015398441 0.086648114 36.324043274 0.013816828 0.999727249 0.018823536 -35.905853271 -0.086914338 -0.017553300 0.996061146 382.275665283
0.996124983 -0.014472210 0.086749829 36.613914490 0.012867617 0.999736011 0.019027539 -36.098522186 -0.087002315 -0.017837547 0.996048391 384.535003662
0.996134579 -0.013335468 0.086822264 36.898674011 0.011721411 0.999749303 0.019073728 -36.283123016 -0.087054856 -0.017982319 0.996041179 386.791107178
0.996152759 -0.012273276 0.086769998 37.189819336 0.010669896 0.999764025 0.018918231 -36.479961395 -0.086981721 -0.017919619 0.996048689 389.062438965
0.996133208 -0.010852505 0.087182902 37.470939636 0.009228190 0.999776661 0.019012591 -36.675033569 -0.087369755 -0.018134534 0.996010840 391.343658447
0.996156156 -0.009519172 0.087076649 37.759189606 0.007764081 0.999760270 0.020472253 -36.865562439 -0.087250665 -0.019717487 0.995991170 393.599395752
0.996090770 -0.008424901 0.087933183 38.036220551 0.006622831 0.999762356 0.020765314 -37.053840637 -0.088087238 -0.020101765 0.995909929 395.862792969
0.996016681 -0.008251728 0.088784181 38.322242737 0.006565029 0.999792695 0.019273017 -37.250438690 -0.088924795 -0.018613376 0.995864391 398.133087158
0.995970368 -0.008184197 0.089308523 38.607292175 0.006526758 0.999801278 0.018834848 -37.443069458 -0.089444928 -0.018176060 0.995825887 400.399810791
0.995829284 -0.009289299 0.090761647 38.880245209 0.007487988 0.999768555 0.020167019 -37.633930206 -0.090927981 -0.019403286 0.995668411 402.638122559
0.995847225 -0.010604648 0.090420470 39.180667877 0.008742282 0.999741912 0.020967975 -37.822692871 -0.090619497 -0.020090420 0.995682895 404.936676025
0.995786786 -0.011075187 0.091027811 39.469047546 0.009189740 0.999734938 0.021105988 -38.011371613 -0.091237456 -0.020180546 0.995624602 407.189514160
0.995750248 -0.009520872 0.091600791 39.776767731 0.007720738 0.999770463 0.019986283 -38.192626953 -0.091770038 -0.019194122 0.995595217 409.449157715
0.995697796 -0.008837660 0.092237726 40.075061798 0.006995899 0.999769986 0.020271838 -38.384399414 -0.092395671 -0.019539338 0.995530605 411.706054688
0.995642781 -0.007805316 0.092922308 40.369224548 0.005980438 0.999784052 0.019901048 -38.574199677 -0.093057580 -0.019258618 0.995474458 413.954986572
0.995532990 -0.006630516 0.094181098 40.667209625 0.004771988 0.999789834 0.019945081 -38.761207581 -0.094293535 -0.019406557 0.995355248 416.224517822
0.995507538 -0.007022905 0.094421379 40.978435516 0.005167792 0.999789059 0.019877369 -38.953247070 -0.094541080 -0.019300122 0.995333791 418.479248047
0.995397806 -0.007127344 0.095563337 41.270935059 0.005255465 0.999789655 0.019825242 -39.139530182 -0.095684528 -0.019231776 0.995225847 420.727752686
0.995324194 -0.007329760 0.096311703 41.565841675 0.005470318 0.999793768 0.019556388 -39.330535889 -0.096435159 -0.018938094 0.995159090 422.979949951
0.995251656 -0.007773168 0.097024351 41.871604919 0.005795678 0.999770045 0.020646613 -39.519390106 -0.097162530 -0.019986255 0.995067835 425.249267578
0.995215356 -0.006950028 0.097458228 42.176033020 0.004900603 0.999762118 0.021252384 -39.704551697 -0.097582750 -0.020673098 0.995012820 427.501647949
0.995136261 -0.006113927 0.098318353 42.486446381 0.003984651 0.999753535 0.021838751 -39.888744354 -0.098427638 -0.021340769 0.994915307 429.776428223
0.995136023 -0.006528063 0.098293148 42.801231384 0.004378973 0.999746978 0.022063985 -40.081367493 -0.098412313 -0.021526240 0.994912803 432.036712646
0.995104015 -0.007061276 0.098580912 43.113994598 0.004972649 0.999758184 0.021416588 -40.273948669 -0.098708294 -0.020821523 0.994898558 434.299285889
0.995103419 -0.006218604 0.098643474 43.431915283 0.004113364 0.999759674 0.021530941 -40.448059082 -0.098753683 -0.021019755 0.994889855 436.572814941
0.995063782 -0.006661527 0.099013895 43.744972229 0.004507427 0.999748588 0.021963336 -40.638351440 -0.099135332 -0.021408621 0.994843662 438.860473633
0.995098233 -0.006657142 0.098666929 44.065116882 0.004497311 0.999745667 0.022096397 -40.821170807 -0.098788939 -0.021544350 0.994875193 441.131896973
0.995071352 -0.006154466 0.098970339 44.383415222 0.003859290 0.999719501 0.023365289 -41.025207520 -0.099086374 -0.022868175 0.994815946 443.385528564
0.995028853 -0.006798076 0.099354908 44.699459076 0.004482034 0.999713421 0.023515442 -41.208351135 -0.099486277 -0.022953231 0.994774163 445.664215088
0.995003700 -0.006488728 0.099626683 45.008537292 0.004210021 0.999725103 0.023065681 -41.393775940 -0.099748962 -0.022531012 0.994757533 447.929290771
0.994998395 -0.005757777 0.099724881 45.322944641 0.003505540 0.999735177 0.022745041 -41.578926086 -0.099829435 -0.022281690 0.994755030 450.191375732
0.994944096 -0.005268560 0.100292198 45.633159637 0.003020716 0.999741077 0.022551630 -41.769714355 -0.100385062 -0.022134656 0.994702339 452.451751709
0.994860291 -0.004589421 0.101153277 45.940998077 0.002324639 0.999744236 0.022496114 -41.945457458 -0.101230666 -0.022145348 0.994616449 454.730865479
0.994845986 -0.004561181 0.101295002 46.252239227 0.002314072 0.999748826 0.022290241 -42.138553619 -0.101371251 -0.021940952 0.994606674 456.990692139
0.994860768 -0.003857091 0.101178847 46.579730988 0.001649174 0.999759018 0.021896504 -42.328754425 -0.101238921 -0.021617115 0.994627237 459.274047852
0.994825840 -0.002678336 0.101559557 46.895378113 0.000411506 0.999750495 0.022334581 -42.513217926 -0.101594061 -0.022177231 0.994578719 461.558135986
0.994848549 -0.002358272 0.101345114 47.212299347 -0.000043828 0.999719203 0.023693426 -42.698448181 -0.101372540 -0.023575809 0.994569123 463.830474854
0.994891524 -0.002780898 0.100911453 47.521903992 0.000340866 0.999707222 0.024189126 -42.880168915 -0.100949176 -0.024031157 0.994601309 466.095977783
0.994976282 -0.002454355 0.100080051 47.844676971 0.000170880 0.999739587 0.022818675 -43.058605194 -0.100109987 -0.022686943 0.994717717 468.379669189
0.995068371 -0.002690874 0.099155046 48.177268982 0.000463204 0.999747097 0.022482714 -43.247287750 -0.099190466 -0.022325907 0.994817972 470.678710938
0.995150208 -0.002850507 0.098325372 48.495693207 0.000521301 0.999718845 0.023706321 -43.441608429 -0.098365314 -0.023540091 0.994871914 472.962585449
0.995081604 -0.003006918 0.099012680 48.790760040 0.000609156 0.999706030 0.024238054 -43.627960205 -0.099056453 -0.024058528 0.994790971 475.243682861
0.995181859 -0.002378488 0.098017558 49.107559204 0.000084489 0.999726117 0.023401458 -43.795280457 -0.098046385 -0.023280427 0.994909465 477.529052734
0.995194316 -0.002547122 0.097887516 49.421489716 0.000198501 0.999712050 0.023995310 -43.977428436 -0.097920448 -0.023860568 0.994908154 479.814666748
0.995219231 -0.003282064 0.097611099 49.734405518 0.000875692 0.999694884 0.024685277 -44.162601471 -0.097662322 -0.024481786 0.994918466 482.087524414
0.995240152 -0.003486389 0.097389802 50.039997101 0.001168886 0.999714971 0.023843082 -44.340698242 -0.097445168 -0.023615755 0.994960666 484.362792969
0.995326519 -0.003926880 0.096487045 50.356052399 0.001571151 0.999699116 0.024478830 -44.531475067 -0.096554145 -0.024212833 0.995033205 486.647033691
0.995332122 -0.003681690 0.096438706 50.637481689 0.001329752 0.999700367 0.024440831 -44.702964783 -0.096499778 -0.024198504 0.995038807 488.898010254
0.995343208 -0.003412218 0.096333802 50.945823669 0.001017092 0.999689400 0.024900937 -44.879589081 -0.096388862 -0.024686996 0.995037556 491.200531006
0.995414376 -0.002974203 0.095610224 51.260726929 0.000551316 0.999678433 0.025357721 -45.059211731 -0.095654882 -0.025188733 0.995095789 493.484344482
0.995402813 -0.002515905 0.095743641 51.556896210 0.000139988 0.999692082 0.024814039 -45.234962463 -0.095776588 -0.024686562 0.995096684 495.782745361
0.995422304 -0.002193634 0.095548257 51.873165131 -0.000150259 0.999699414 0.024516892 -45.425014496 -0.095573291 -0.024419023 0.995122850 498.096466064
0.995473802 -0.002150155 0.095011167 52.180038452 -0.000242042 0.999683440 0.025159359 -45.605079651 -0.095035195 -0.025068482 0.995158136 500.392456055
0.995481789 -0.001884032 0.094933376 52.480751038 -0.000535353 0.999675870 0.025453173 -45.788848877 -0.094950564 -0.025388990 0.995158195 502.669769287
0.995504141 -0.000979454 0.094713248 52.786621094 -0.001371433 0.999692678 0.024752814 -45.970001221 -0.094708376 -0.024771422 0.995196760 504.958465576
0.995503008 -0.000910010 0.094725609 53.086700439 -0.001506208 0.999675393 0.025432914 -46.152530670 -0.094718002 -0.025461223 0.995178461 507.250091553
0.995495141 -0.001094424 0.094805948 53.391311646 -0.001250138 0.999694884 0.024667183 -46.334999084 -0.094804041 -0.024674583 0.995190084 509.546875000
0.995544195 -0.001846939 0.094278120 53.706954956 -0.000567231 0.999672771 0.025573678 -46.523109436 -0.094294488 -0.025513204 0.995217383 511.847259521
0.995551944 -0.001634755 0.094199732 54.012367249 -0.000790406 0.999669313 0.025701823 -46.698745728 -0.094210573 -0.025661953 0.995221615 514.148925781
0.995616555 -0.001354916 0.093517751 54.322742462 -0.001054524 0.999668896 0.025710290 -46.882198334 -0.093521617 -0.025696211 0.995285571 516.451354980
0.995582044 -0.000530070 0.093894295 54.616127014 -0.001883041 0.999670267 0.025609829 -47.065231323 -0.093876913 -0.025673492 0.995252728 518.754943848
0.995526314 0.001155963 0.094476745 54.910118103 -0.003584567 0.999667346 0.025540173 -47.246376038 -0.094415791 -0.025764577 0.995199323 521.092773438
0.995347500 0.003420043 0.096289359 55.196567535 -0.005916050 0.999653518 0.025648400 -47.425899506 -0.096168265 -0.026098726 0.995022774 523.419433594
0.995386600 0.004349763 0.095848247 55.528488159 -0.006945360 0.999617696 0.026763307 -47.605491638 -0.095695190 -0.027305534 0.995036125 525.766357422
0.995299220 0.004035348 0.096763179 55.825294495 -0.006654549 0.999619722 0.026760751 -47.784996033 -0.096618392 -0.027278872 0.994947553 528.071105957
0.995258510 0.001972704 0.097245373 56.133384705 -0.004734132 0.999591827 0.028173951 -47.960784912 -0.097150080 -0.028500741 0.994861603 530.378845215
0.995225430 0.000385402 0.097602487 56.454055786 -0.003114925 0.999608219 0.027814886 -48.136741638 -0.097553529 -0.027986106 0.994836688 532.698059082
0.995203495 0.000401355 0.097825564 56.769577026 -0.003086297 0.999622643 0.027296452 -48.312889099 -0.097777694 -0.027467439 0.994829178 535.015197754
0.995116234 -0.000227287 0.098709509 57.081378937 -0.002475373 0.999625385 0.027256610 -48.494216919 -0.098678723 -0.027367840 0.994742930 537.334228516
0.995026708 0.000400077 0.099607423 57.389026642 -0.003056115 0.999643922 0.026513914 -48.673797607 -0.099561311 -0.026686465 0.994673491 539.647949219
0.994928777 0.001052012 0.100575961 57.700473785 -0.003720175 0.999646008 0.026344979 -48.856342316 -0.100512639 -0.026585536 0.994580448 541.971862793
0.994855762 0.001455093 0.101291306 58.027610779 -0.004036338 0.999672115 0.025283096 -49.033813477 -0.101221316 -0.025561878 0.994535446 544.295837402
0.994694710 0.001622853 0.102858320 58.324356079 -0.004305923 0.999656081 0.025868429 -49.216850281 -0.102780968 -0.026174087 0.994359612 546.613647461
0.994608343 0.001441648 0.103692695 58.644294739 -0.004255643 0.999628484 0.026921725 -49.400428772 -0.103615358 -0.027217850 0.994244933 548.934448242
0.994542658 0.001567834 0.104318693 58.962146759 -0.004398756 0.999628127 0.026912713 -49.576278687 -0.104237691 -0.027224710 0.994179845 551.234863281
0.994579136 0.000370810 0.103981845 59.298271179 -0.003099089 0.999655128 0.026077695 -49.754821777 -0.103936315 -0.026258580 0.994237244 553.543273926
0.994558573 0.000366211 0.104178242 59.628765106 -0.003155919 0.999640763 0.026614638 -49.937480927 -0.104131080 -0.026798597 0.994202435 555.859619141
0.994510889 0.000765211 0.104630426 59.951679230 -0.003611064 0.999628603 0.027012372 -50.115581512 -0.104570888 -0.027241925 0.994144261 558.165710449
0.994464219 0.001597325 0.105062820 60.280498505 -0.004551506 0.999600768 0.027884485 -50.291812897 -0.104976341 -0.028208319 0.994074583 560.501037598
0.994479954 0.000630892 0.104924642 60.620262146 -0.003641335 0.999587119 0.028502384 -50.470863342 -0.104863353 -0.028727120 0.994071662 562.829040527
0.994429350 0.001618914 0.105392851 60.952411652 -0.004718781 0.999563336 0.029169794 -50.642013550 -0.105299607 -0.029504621 0.994002879 565.143737793
0.994373739 0.002742759 0.105893202 61.292369843 -0.005808496 0.999572515 0.028653679 -50.821807861 -0.105769359 -0.029107543 0.993964612 567.468750000
0.994379818 0.003743541 0.105805226 61.638916016 -0.006652173 0.999609232 0.027150912 -50.993213654 -0.105662227 -0.027702156 0.994016051 569.790405273
0.994364440 0.004199571 0.105932511 61.989639282 -0.007152331 0.999596000 0.027509501 -51.175159454 -0.105774179 -0.028112134 0.993992627 572.110656738
0.994377077 0.004124078 0.105816714 62.333412170 -0.007182002 0.999567032 0.028533548 -51.363262177 -0.105653211 -0.029133083 0.993976176 574.492248535
0.994373560 0.004106549 0.105850860 62.677768707 -0.007318019 0.999524057 0.029969042 -51.544631958 -0.105677411 -0.030575041 0.993930221 576.800964355
0.994291961 0.005187168 0.106567144 63.006652832 -0.008188088 0.999581575 0.027741686 -51.708961487 -0.106378667 -0.028455917 0.993918419 579.184753418
0.994340777 0.004401906 0.106146112 63.350082397 -0.007338910 0.999600410 0.027294736 -51.878158569 -0.105983540 -0.027919266 0.993975878 581.523132324
0.994299293 0.003550070 0.106565766 63.692562103 -0.006684953 0.999554873 0.029074572 -52.065944672 -0.106415115 -0.029621214 0.993880451 583.842895508
0.994372427 0.003757262 0.105874136 64.034873962 -0.006877267 0.999552250 0.029119343 -52.239917755 -0.105717324 -0.029683599 0.993953049 586.161010742
0.994310379 0.000974879 0.106517196 64.380172729 -0.003994429 0.999596000 0.028138334 -52.423515320 -0.106446721 -0.028403716 0.993912637 588.516174316
0.994354010 0.000723273 0.106111392 64.727973938 -0.003697820 0.999605596 0.027838236 -52.593914032 -0.106049404 -0.028073441 0.993964493 590.861816406
0.994369984 -0.000846016 0.105960250 65.065040588 -0.002173714 0.999594808 0.028379971 -52.772918701 -0.105941333 -0.028450521 0.993965268 593.195922852
0.994444907 -0.001502749 0.105246872 65.417823792 -0.001526647 0.999586999 0.028697230 -52.952228546 -0.105246544 -0.028698495 0.994031966 595.547363281
