1.000000000 0.000000000 0.000000000 0.000000000 0.000000000 1.000000000 0.000000000 0.000000000 0.000000000 0.000000000 1.000000000 0.000000000
0.999999881 0.000201609 0.000487661 0.085881464 -0.000201564 1.000000000 -0.000091999 -0.226421595 -0.000487679 0.000091901 0.999999881 2.288677931
0.999999046 0.000653302 0.001221378 0.164397657 -0.000653900 0.999999642 0.000489507 -0.463687092 -0.001221058 -0.000490305 0.999999106 4.585510731
0.999998450 0.000184816 0.001703044 0.262345344 -0.000185649 0.999999881 0.000488714 -0.693115592 -0.001702954 -0.000489029 0.999998450 6.875010014
0.999996662 -0.000033710 0.002579217 0.354749978 0.000036968 0.999999166 -0.001263428 -0.925011754 -0.002579172 0.001263519 0.999995887 9.173334122
0.999987423 0.001784715 0.004680456 0.445665210 -0.001785322 0.999998450 0.000125314 -1.161263585 -0.004680225 -0.000133669 0.999989033 11.478936195
0.999964476 0.003812034 0.007517130 0.528674603 -0.003821274 0.999991894 0.001215030 -1.389144182 -0.007512437 -0.001243712 0.999971032 13.788835526
0.999947667 0.003670613 0.009554455 0.642284572 -0.003706193 0.999986231 0.003708858 -1.617100477 -0.009540709 -0.003744075 0.999947488 16.058185577
0.999939382 0.003718414 0.010363694 0.764410019 -0.003768109 0.999981463 0.004779689 -1.845301747 -0.010345729 -0.004818452 0.999934793 18.405199051
0.999932349 0.002861568 0.011280286 0.889809370 -0.002917221 0.999983668 0.004920312 -2.069841623 -0.011266022 -0.004952885 0.999924242 20.694004059
0.999925911 0.000395556 0.012167398 0.998466134 -0.000431525 0.999995530 0.002953674 -2.305319786 -0.012166175 -0.002958706 0.999921620 23.010356903
0.999913394 -0.001871969 0.013030783 1.106242418 0.001859875 0.999997854 0.000940127 -2.525640726 -0.013032516 -0.000915809 0.999914706 25.292425156
0.999915838 -0.002732373 0.012682655 1.245469451 0.002729588 0.999996245 0.000236836 -2.773183107 -0.012683252 -0.000202197 0.999919534 27.613967896
0.999903679 -0.002323379 0.013680400 1.352287292 0.002331444 0.999997079 -0.000573658 -3.000972986 -0.013679026 0.000605498 0.999906242 29.901386261
0.999900043 -0.000281339 0.014130982 1.477635980 0.000253789 0.999998093 0.001951369 -3.231503487 -0.014131503 -0.001947588 0.999898195 32.187946320
0.999897659 0.001765884 0.014197758 1.605657220 -0.001823448 0.999990225 0.004042570 -3.450560331 -0.014190481 -0.004068046 0.999891043 34.467491150
0.999867082 0.003784431 0.015856996 1.719685912 -0.003914831 0.999958694 0.008200569 -3.685129166 -0.015825309 -0.008261558 0.999840558 36.778751373
0.999844134 0.005599514 0.016738031 1.833411217 -0.005730979 0.999953032 0.007816701 -3.903541803 -0.016693471 -0.007911408 0.999829292 39.050952911
0.999825716 0.004231319 0.018182732 1.945959926 -0.004349000 0.999969840 0.006437378 -4.112133980 -0.018154945 -0.006515334 0.999813974 41.358871460
0.999826491 0.001825439 0.018538374 2.067131996 -0.001927747 0.999983072 0.005502325 -4.336913586 -0.018528014 -0.005537108 0.999813020 43.638858795
0.999822438 0.001808590 0.018758075 2.197816133 -0.001885447 0.999989867 0.004080397 -4.560531139 -0.018750507 -0.004115039 0.999815702 45.892047882
0.999821424 0.001048956 0.018873621 2.324633121 -0.001115205 0.999993265 0.003499965 -4.793141365 -0.018869827 -0.003520388 0.999815881 48.159187317
0.999819815 -0.000353158 0.018977875 2.460222006 0.000284248 0.999993384 0.003633654 -5.017552376 -0.018979035 -0.003627605 0.999813318 50.438621521
0.999802053 -0.001080031 0.019873563 2.588423491 0.000996925 0.999990642 0.004191146 -5.242036819 -0.019877903 -0.004170503 0.999793708 52.699108124
0.999792635 -0.002195077 0.020246889 2.723233461 0.002107494 0.999988317 0.004346088 -5.471788406 -0.020256191 -0.004302517 0.999785602 54.982624054
0.999762654 -0.002770285 0.021609213 2.841502190 0.002678246 0.999987245 0.004287069 -5.695860863 -0.021620817 -0.004228177 0.999757290 57.275547028
0.999739289 -0.003943828 0.022489965 2.976475239 0.003834317 0.999980569 0.004910387 -5.920454025 -0.022508897 -0.004822872 0.999734938 59.542572021
0.999692261 -0.005339314 0.024224577 3.102223873 0.005237242 0.999977112 0.004275105 -6.143230438 -0.024246853 -0.004146919 0.999697328 61.810558319
0.999685049 -0.006090999 0.024345933 3.257361889 0.005990715 0.999973297 0.004189950 -6.367846966 -0.024370806 -0.004042781 0.999694824 64.064086914
0.999655247 -0.005575497 0.025657812 3.398021698 0.005454700 0.999973714 0.004775541 -6.590112686 -0.025683761 -0.004633940 0.999659300 66.336608887
0.999634743 -0.004545570 0.026640452 3.547559738 0.004407206 0.999976516 0.005250194 -6.817818642 -0.026663696 -0.005130865 0.999631286 68.599235535
0.999601781 -0.004739040 0.027815007 3.688387156 0.004606611 0.999977708 0.004823230 -7.040561199 -0.027837247 -0.004693177 0.999601424 70.854248047
0.999587774 -0.005511546 0.028176460 3.848315716 0.005412108 0.999978840 0.003604160 -7.265290737 -0.028195733 -0.003450179 0.999596477 73.111495972
0.999574542 -0.006495927 0.028433952 4.008140087 0.006387084 0.999971926 0.003917074 -7.490480423 -0.028458603 -0.003733797 0.999588013 75.393547058
0.999523878 -0.007788723 0.029854514 4.164963722 0.007691018 0.999964714 0.003386126 -7.720247746 -0.029879835 -0.003154902 0.999548495 77.658752441
0.999522209 -0.008815830 0.029625176 4.322223663 0.008721136 0.999956429 0.003324086 -7.951698780 -0.029653193 -0.003064133 0.999555528 79.913574219
0.999492824 -0.009236117 0.030477867 4.470810413 0.009150030 0.999953747 0.002962864 -8.168406487 -0.030503822 -0.002682488 0.999530971 82.168350220
0.999472201 -0.008467603 0.031360645 4.639351368 0.008379700 0.999960601 0.002933305 -8.396810532 -0.031384245 -0.002668964 0.999503970 84.444869995
0.999421299 -0.008147785 0.033026129 4.797615528 0.008036973 0.999961615 0.003486624 -8.616083145 -0.033053260 -0.003219177 0.999448419 86.697853088
0.999423921 -0.007929556 0.032999359 4.966701508 0.007776799 0.999958396 0.004754902 -8.847409248 -0.033035684 -0.004495534 0.999444067 88.983467102
0.999395967 -0.006848697 0.034071110 5.125050545 0.006661943 0.999962151 0.005591831 -9.075282097 -0.034108117 -0.005361473 0.999403775 91.240203857
0.999366939 -0.006799313 0.034920238 5.291809559 0.006613977 0.999963462 0.005420187 -9.294173241 -0.034955818 -0.005185794 0.999375403 93.494323730
0.999351501 -0.007078323 0.035304695 5.462418556 0.006914868 0.999964833 0.004749828 -9.509299278 -0.035337076 -0.004502620 0.999365330 95.749725342
0.999324918 -0.007764228 0.035906196 5.630648613 0.007584563 0.999958038 0.005137236 -9.730626106 -0.035944574 -0.004861436 0.999341965 98.005653381
0.999293983 -0.007784087 0.036754951 5.795034885 0.007616498 0.999959886 0.004697475 -9.961359024 -0.036790039 -0.004414213 0.999313295 100.248580933
0.999253988 -0.008083985 0.037764642 5.965094090 0.007872384 0.999952435 0.005748503 -10.177215576 -0.037809309 -0.005446916 0.999270260 102.496566772
0.999227643 -0.008357477 0.038398113 6.150845051 0.008140913 0.999950111 0.005792857 -10.397218704 -0.038444608 -0.005475787 0.999245763 104.748893738
0.999197900 -0.009012512 0.039016798 6.314186096 0.008775854 0.999942064 0.006232588 -10.621792793 -0.039070699 -0.005885183 0.999219120 107.017051697
0.999166846 -0.010574487 0.039418597 6.498811722 0.010331684 0.999926329 0.006358267 -10.838151932 -0.039482921 -0.005945709 0.999202549 109.267723083
0.999131739 -0.011824150 0.039952032 6.682981491 0.011556669 0.999909282 0.006919397 -11.057370186 -0.040030230 -0.006451675 0.999177575 111.527244568
0.999112606 -0.012407190 0.040248204 6.875491142 0.012193263 0.999910176 0.005556347 -11.278637886 -0.040313527 -0.005060659 0.999174237 113.798530579
0.999072969 -0.012833871 0.041091286 7.059024811 0.012655068 0.999909282 0.004608513 -11.496563911 -0.041146699 -0.004084228 0.999144793 116.052703857
0.999036908 -0.013198528 0.041846175 7.238945007 0.012995751 0.999902427 0.005114158 -11.725065231 -0.041909590 -0.004565410 0.999110937 118.303642273
0.998991072 -0.013671321 0.042780377 7.428423882 0.013432622 0.999892533 0.005862177 -11.951159477 -0.042855930 -0.005281608 0.999067307 120.577384949
0.998987913 -0.014518178 0.042570136 7.634716511 0.014264953 0.999878764 0.006246193 -12.172937393 -0.042655658 -0.005632611 0.999073982 122.784782410
0.998929083 -0.015041184 0.043754596 7.830480576 0.014798645 0.999873281 0.005861877 -12.399498940 -0.043837223 -0.005208091 0.999025106 125.100669861
0.998890460 -0.015569586 0.044445902 8.011527061 0.015360552 0.999869287 0.005040743 -12.623517990 -0.044518583 -0.004352436 0.998999000 127.362007141
0.998879790 -0.016866229 0.044214077 8.202816010 0.016635116 0.999845982 0.005589964 -12.844818115 -0.044301547 -0.004848196 0.999006450 129.630905151
0.998896837 -0.018181836 0.043296482 8.389449120 0.017948294 0.999822199 0.005776679 -13.060600281 -0.043393806 -0.004993209 0.999045670 131.878189087
0.998939812 -0.018581256 0.042120118 8.579076767 0.018308124 0.999808848 0.006861177 -13.277830124 -0.042239558 -0.006082762 0.999089003 134.120773315
0.998993635 -0.019565076 0.040359769 8.767663002 0.019313540 0.999791622 0.006612882 -13.503035545 -0.040480748 -0.005826737 0.999163330 136.365142822
0.999061882 -0.020324009 0.038239926 8.974261284 0.020089379 0.999777019 0.006510001 -13.719556808 -0.038363710 -0.005735678 0.999247313 138.588287354
0.999052227 -0.020844067 0.038211074 9.140813828 0.020606821 0.999765873 0.006592196 -13.946054459 -0.038339540 -0.005798541 0.999247909 140.881500244
0.999036074 -0.021199722 0.038439170 9.303156853 0.020955285 0.999757588 0.006750781 -14.154060364 -0.038572967 -0.005938770 0.999238193 143.115447998
0.999087930 -0.021609047 0.036828279 9.501594543 0.021313604 0.999737501 0.008395985 -14.393589020 -0.037000053 -0.007603385 0.999286354 145.350906372
0.999104023 -0.020716131 0.036903124 9.673749924 0.020462837 0.999764502 0.007228255 -14.606655121 -0.037044175 -0.006466636 0.999292672 147.601806641
0.999128401 -0.019644216 0.036829270 9.852274895 0.019444570 0.999794245 0.005771229 -14.824234962 -0.036935061 -0.005050069 0.999304891 149.856277466
0.999141097 -0.018314570 0.037170567 10.026027679 0.018150097 0.999823928 0.004757479 -15.043674469 -0.037251167 -0.004078744 0.999297559 152.105987549
0.999154150 -0.017514519 0.037204709 10.208436012 0.017346151 0.999837816 0.004843323 -15.260532379 -0.037283495 -0.004193868 0.999295950 154.351531982
0.999140322 -0.016836090 0.037884615 10.388249397 0.016650908 0.999847770 0.005198242 -15.477271080 -0.037966367 -0.004562960 0.999268651 156.615219116
0.999143422 -0.015446252 0.038388170 10.551603317 0.015188741 0.999860227 0.006990707 -15.707840919 -0.038490783 -0.006401652 0.999238431 158.860824585
0.999088943 -0.014847368 0.040010218 10.725622177 0.014543038 0.999863148 0.007886640 -15.922883034 -0.040121842 -0.007297585 0.999168098 161.097244263
0.999081254 -0.013603662 0.040639378 10.896394730 0.013215080 0.999864519 0.009815121 -16.146423340 -0.040767394 -0.009269051 0.999125659 163.391326904
0.999049366 -0.013162415 0.041558221 11.076486588 0.012796255 0.999877036 0.009064478 -16.350185394 -0.041672412 -0.008524070 0.999094963 165.649276733
0.999020934 -0.012525273 0.042430475 11.271614075 0.012206930 0.999895453 0.007753489 -16.562173843 -0.042523149 -0.007227952 0.999069333 167.900848389
0.998960733 -0.010684440 0.044309389 11.453357697 0.010335241 0.999913692 0.008102573 -16.775697708 -0.044392139 -0.007636205 0.998984993 170.140533447
0.998833835 -0.010312825 0.047165617 11.639158249 0.009915029 0.999913275 0.008660265 -17.008522034 -0.047250852 -0.008182517 0.998849511 172.426742554
0.998723865 -0.010657600 0.049365826 11.838514328 0.010253565 0.999911845 0.008430582 -17.221744537 -0.049451321 -0.007913647 0.998745203 174.694656372
0.998642862 -0.010576985 0.050995447 12.043687820 0.010127475 0.999907613 0.009065064 -17.438301086 -0.051086608 -0.008536306 0.998657763 176.953140259
0.998598754 -0.011105524 0.051740840 12.241904259 0.010604612 0.999894321 0.009945667 -17.646739960 -0.051845826 -0.009383039 0.998611033 179.175521851
0.998580635 -0.012596793 0.051750232 12.460312843 0.012105767 0.999878764 0.009790868 -17.871831894 -0.051867295 -0.009150495 0.998612046 181.459533691
0.998541951 -0.013433957 0.052282080 12.656145096 0.012956856 0.999871373 0.009453789 -18.078525543 -0.052402362 -0.008762594 0.998587549 183.703689575
0.998589456 -0.014628956 0.051038988 12.877130508 0.014157663 0.999853849 0.009583369 -18.305713654 -0.051171716 -0.008847258 0.998650789 185.968673706
0.998590112 -0.016293520 0.050520863 13.084290504 0.015792612 0.999822259 0.010298303 -18.514661789 -0.050679684 -0.009485926 0.998669863 188.224548340
0.998594582 -0.017094769 0.050165940 13.290793419 0.016618747 0.999812961 0.009890809 -18.721828461 -0.050325643 -0.009043213 0.998691976 190.467895508
0.998565435 -0.018435270 0.050271928 13.483763695 0.017952435 0.999788463 0.010039180 -18.941610336 -0.050446358 -0.009122274 0.998685122 192.709136963
0.998526692 -0.019563347 0.050615076 13.671476364 0.019108063 0.999772668 0.009463354 -19.144237518 -0.050788701 -0.008482256 0.998673379 194.947448730
0.998561800 -0.019814221 0.049816955 13.905871391 0.019345364 0.999764085 0.009876276 -19.372653961 -0.050000884 -0.008898346 0.998709559 197.235885620
0.998585105 -0.017543569 0.050199814 14.106634140 0.017077697 0.999807179 0.009694288 -19.576663971 -0.050360214 -0.008823275 0.998692155 199.474685669
0.998596191 -0.015432858 0.050670486 14.305122375 0.014966679 0.999842167 0.009566810 -19.792598724 -0.050810143 -0.008795010 0.998669624 201.714279175
0.998578191 -0.014899202 0.051181294 14.512456894 0.014478818 0.999858379 0.008574623 -19.999652863 -0.051301800 -0.007821384 0.998652577 203.976470947
0.998535872 -0.015196979 0.051915057 14.709217072 0.014736202 0.999848664 0.009246953 -20.206127167 -0.052047726 -0.008468384 0.998608649 206.198974609
0.998528421 -0.016640512 0.051617533 14.943540573 0.016182080 0.999825954 0.009286556 -20.424180984 -0.051763088 -0.008437610 0.998623729 208.472930908
0.998471797 -0.016351817 0.052789301 15.146645546 0.015887918 0.999831557 0.009195513 -20.621891022 -0.052930765 -0.008342749 0.998563290 210.717590332
0.998405874 -0.016712541 0.053913694 15.371570587 0.016148239 0.999810278 0.010885480 -20.852430344 -0.054085404 -0.009997516 0.998486221 212.969268799
0.998357892 -0.015309032 0.055200327 15.604006767 0.014713274 0.999829173 0.011183023 -21.060134888 -0.055362098 -0.010352481 0.998412728 215.200195312
0.998185515 -0.013747668 0.058623414 15.802389145 0.013124792 0.999853373 0.010996881 -21.263156891 -0.058765996 -0.010207508 0.998219609 217.460708618
0.998051882 -0.013662823 0.060874660 16.024291992 0.012989510 0.999850154 0.011442672 -21.470136642 -0.061021872 -0.010629649 0.998079956 219.708007812
0.997927547 -0.015252101 0.062512651 16.256288528 0.014532814 0.999823034 0.011944854 -21.673334122 -0.062683776 -0.011011614 0.997972667 221.944137573
0.997816741 -0.016547212 0.063937232 16.485233307 0.015753139 0.999792635 0.012903842 -21.876644135 -0.064137481 -0.011868456 0.997870505 224.180725098
0.997739971 -0.018544197 0.064583912 16.729473114 0.017776741 0.999764562 0.012437552 -22.088235855 -0.064799353 -0.011261350 0.997834742 226.417907715
0.997702897 -0.019796818 0.064784028 16.966777802 0.019051412 0.999745190 0.012103709 -22.289087296 -0.065007135 -0.010841678 0.997825921 228.668563843
0.997653484 -0.020082287 0.065453932 17.202890396 0.019314475 0.999737263 0.012342374 -22.491434097 -0.065684609 -0.011049203 0.997779191 230.909606934
0.997586668 -0.021813421 0.065916784 17.440521240 0.021097122 0.999710798 0.011543426 -22.694110870 -0.066149540 -0.010124914 0.997758329 233.154357910
0.997579515 -0.022250630 0.065877892 17.703355789 0.021465853 0.999690354 0.012596587 -22.904953003 -0.066137776 -0.011151975 0.997748196 235.444091797
0.997553170 -0.021866616 0.066403434 17.943521500 0.021073785 0.999698281 0.012616750 -23.104907990 -0.066659302 -0.011186508 0.997713208 237.687271118
0.997509480 -0.021572080 0.067153096 18.178359985 0.020783745 0.999706864 0.012415988 -23.302471161 -0.067401253 -0.010989372 0.997665405 239.912658691
0.997469902 -0.021945126 0.067617387 18.418668747 0.021136850 0.999696612 0.012646057 -23.504056931 -0.067874394 -0.011184843 0.997631133 242.147171021
0.997428656 -0.022362869 0.068088293 18.662258148 0.021547763 0.999687493 0.012682410 -23.702400208 -0.068350621 -0.011182647 0.997598708 244.388168335
0.997392178 -0.022456797 0.068589538 18.905292511 0.021687225 0.999693453 0.011944171 -23.910202026 -0.068836726 -0.010425506 0.997573435 246.622650146
0.997406185 -0.021964889 0.068544999 19.159868240 0.021246653 0.999711633 0.011189855 -24.116292953 -0.068770997 -0.009704479 0.997585297 248.865539551
0.997381449 -0.022243448 0.068813786 19.408069611 0.021483144 0.999700069 0.011769149 -24.323217392 -0.069054917 -0.010259995 0.997560084 251.111663818
0.997350395 -0.023506897 0.068844810 19.656066895 0.022762330 0.999673843 0.011579797 -24.526880264 -0.069094561 -0.009982045 0.997560203 253.340774536
0.997328341 -0.023512725 0.069161855 19.904239655 0.022711696 0.999665797 0.012345661 -24.731519699 -0.069429010 -0.010741895 0.997529030 255.590103149
0.997294366 -0.024139427 0.069435507 20.142770767 0.023325196 0.999649584 0.012513543 -24.935335159 -0.069713265 -0.010860089 0.997507930 257.811614990
0.997273326 -0.024521181 0.069605164 20.407949448 0.023679337 0.999636471 0.012894190 -25.141576767 -0.069896050 -0.011210826 0.997491300 260.090789795
0.997243464 -0.024282053 0.070112914 20.660890579 0.023477698 0.999648929 0.012273737 -25.340105057 -0.070386358 -0.010593817 0.997463465 262.335937500
0.997218609 -0.024171609 0.070503063 20.917499542 0.023407422 0.999658167 0.011645198 -25.540039062 -0.070760436 -0.009962512 0.997443557 264.597381592
0.997193813 -0.023412872 0.071107514 21.173023224 0.022663828 0.999679029 0.011322678 -25.751445770 -0.071349785 -0.009679336 0.997404397 266.838562012
0.997136652 -0.022691958 0.072136410 21.428020477 0.021924073 0.999694407 0.011419049 -25.951808929 -0.072373480 -0.009804830 0.997329414 269.089263916
0.997034788 -0.022393130 0.073622212 21.683872223 0.021635816 0.999704778 0.011068055 -26.170829773 -0.073848300 -0.009442360 0.997224808 271.347045898
0.996973097 -0.023044094 0.074254125 21.958997726 0.022258632 0.999687433 0.011388410 -26.379573822 -0.074493349 -0.009701144 0.997174323 273.597991943
0.996717691 -0.023643428 0.077425487 22.188806534 0.022795530 0.999670327 0.011816893 -26.574998856 -0.077679358 -0.010013150 0.996928096 275.840057373
0.996605456 -0.023528140 0.078892246 22.460926056 0.022571208 0.999660730 0.012999593 -26.771339417 -0.079171322 -0.011174773 0.996798396 278.079986572
0.996564984 -0.022843702 0.079600707 22.743341446 0.021738788 0.999655306 0.014719847 -26.992555618 -0.079909511 -0.012938861 0.996718109 280.343170166
0.996489465 -0.022651106 0.080595173 23.023859024 0.021434138 0.999643266 0.015933113 -27.197610855 -0.080927342 -0.014149693 0.996619642 282.582092285
0.996410370 -0.021370344 0.081912927 23.295230865 0.020156255 0.999674797 0.015620169 -27.387802124 -0.082220092 -0.013913042 0.996517003 284.840026855
0.996318758 -0.020470221 0.083246611 23.564224243 0.019283680 0.999700963 0.015032535 -27.580598831 -0.083529443 -0.013371897 0.996415555 287.070953369
0.996268928 -0.019937526 0.083967961 23.836765289 0.018857708 0.999729216 0.013633532 -27.766706467 -0.084217034 -0.011999220 0.996375203 289.314392090
0.996209085 -0.020659344 0.084501751 24.109441757 0.019569755 0.999714613 0.013702460 -27.969379425 -0.084760718 -0.011996837 0.996329069 291.541564941
0.996201158 -0.020667177 0.084593512 24.384576797 0.019667802 0.999726772 0.012630332 -28.165916443 -0.084831439 -0.010918585 0.996335447 293.806121826
0.996227741 -0.021230685 0.084139898 24.666904449 0.020307926 0.999724030 0.011807846 -28.365011215 -0.084367372 -0.010054599 0.996383965 296.035308838
0.996209800 -0.021186611 0.084363393 24.943571091 0.020277042 0.999726772 0.011623967 -28.567136765 -0.084586628 -0.009869269 0.996367216 298.275756836
0.996212840 -0.020449450 0.084509164 25.222032547 0.019543974 0.999742508 0.011528067 -28.765573502 -0.084723145 -0.009832765 0.996356070 300.515319824
0.996172786 -0.020290144 0.085018165 25.485467911 0.019234316 0.999727547 0.013219708 -28.983959198 -0.085263237 -0.011533846 0.996291697 302.758270264
0.996173799 -0.021014161 0.084829479 25.770105362 0.019952102 0.999711812 0.013348432 -29.184131622 -0.085085526 -0.011604832 0.996306002 305.006713867
0.996138930 -0.020277189 0.085416779 26.051628113 0.019175978 0.999722362 0.013693143 -29.387529373 -0.085670710 -0.012002323 0.996251225 307.256988525
0.996142924 -0.021341318 0.085110433 26.336931229 0.020230671 0.999698818 0.013890779 -29.598249435 -0.085381247 -0.012115359 0.996274710 309.511077881
0.996084094 -0.022298837 0.085551709 26.616317749 0.021153765 0.999674439 0.014267924 -29.796434402 -0.085842021 -0.012402310 0.996231556 311.767364502
0.996057987 -0.021665204 0.086018264 26.898338318 0.020579044 0.999697149 0.013493827 -29.997419357 -0.086284555 -0.011670460 0.996202111 314.019775391
0.996064723 -0.021302864 0.086030841 27.185438156 0.020139039 0.999693871 0.014373410 -30.202575684 -0.086310700 -0.012584266 0.996188760 316.265716553
0.996030092 -0.019430468 0.086869814 27.467590332 0.018320549 0.999740243 0.013555909 -30.404264450 -0.087110646 -0.011910589 0.996127427 318.513946533
0.996027827 -0.018032281 0.087196022 27.747552872 0.016869677 0.999758959 0.014051819 -30.603237152 -0.087428384 -0.012525036 0.996092081 320.762603760
0.995964885 -0.016784409 0.088160336 28.023439407 0.015624459 0.999782264 0.013830928 -30.807365417 -0.088373303 -0.012397661 0.996010244 322.992553711
0.995930552 -0.015937226 0.088703535 28.303247452 0.014717370 0.999788165 0.014389164 -31.004047394 -0.088914067 -0.013025126 0.995954156 325.229949951
0.995939314 -0.015651403 0.088656113 28.598157883 0.014306574 0.999773085 0.015784308 -31.212581635 -0.088883020 -0.014451848 0.995937228 327.460723877
0.995901048 -0.016443549 0.088942148 28.877872467 0.015102183 0.999762177 0.015733337 -31.415454865 -0.089179717 -0.014325628 0.995912492 329.705261230
0.995913208 -0.018279195 0.088444918 29.177753448 0.017024426 0.999743760 0.014920688 -31.610187531 -0.088694990 -0.013353984 0.995969415 331.943267822
0.995907962 -0.017641919 0.088636190 29.460998535 0.016395811 0.999756455 0.014767168 -31.809801102 -0.088875152 -0.013253476 0.995954573 334.162445068
0.995887399 -0.017749425 0.088844113 29.745586395 0.016387871 0.999737144 0.016031334 -32.005859375 -0.089105316 -0.014509432 0.995916545 336.392059326
0.995933056 -0.018605849 0.088154033 30.048301697 0.017264929 0.999723732 0.015949249 -32.199131012 -0.088426434 -0.014362411 0.995979190 338.625701904
0.995923579 -0.018483723 0.088288441 30.328987122 0.017106723 0.999720335 0.016328003 -32.399951935 -0.088565543 -0.014751116 0.995961130 340.868347168
0.995988131 -0.018880755 0.087471001 30.627767563 0.017537633 0.999716580 0.016098253 -32.598060608 -0.087750159 -0.014499632 0.996037006 343.114440918
0.995998263 -0.019122627 0.087302878 30.913793564 0.017740278 0.999705076 0.016582554 -32.791915894 -0.087594241 -0.014967418 0.996043742 345.356750488
0.996038377 -0.019000620 0.086872347 31.199371338 0.017621554 0.999706686 0.016614024 -32.982521057 -0.087162547 -0.015017377 0.996080935 347.597045898
0.996095419 -0.018940240 0.086227141 31.485723495 0.017580641 0.999709308 0.016499920 -33.175361633 -0.086514562 -0.014919563 0.996138871 349.841979980
0.996097863 -0.018493291 0.086296432 31.764850616 0.017092708 0.999710381 0.016940728 -33.371829987 -0.086584747 -0.015399583 0.996125460 352.085205078
0.996140957 -0.018848434 0.085720360 32.048690796 0.017428989 0.999698818 0.017277401 -33.562591553 -0.086020201 -0.015716713 0.996169388 354.311676025
0.996157885 -0.018631736 0.085570589 32.325634003 0.017263601 0.999711633 0.016700722 -33.756462097 -0.085857064 -0.015159301 0.996192157 356.550170898
0.996207714 -0.018663689 0.084982902 32.609725952 0.017267335 0.999704003 0.017136551 -33.949203491 -0.085277580 -0.015604131 0.996234953 358.788116455
0.996250749 -0.018143618 0.084588751 32.894828796 0.016678326 0.999698937 0.017997200 -34.145294189 -0.084889822 -0.016518924 0.996253431 361.031494141
0.996310651 -0.018329395 0.083839662 33.182151794 0.016874559 0.999695063 0.018028542 -34.340988159 -0.084144540 -0.016547270 0.996316254 363.282714844
0.996344149 -0.018395428 0.083424665 33.464897156 0.016894907 0.999683201 0.018657012 -34.534378052 -0.083741449 -0.017179355 0.996339440 365.521545410
0.996392787 -0.018449279 0.082831509 33.748138428 0.017009212 0.999692380 0.018057678 -34.727394104 -0.083139174 -0.016583642 0.996399939 367.783294678
0.996386647 -0.019057080 0.082767487 34.021286011 0.017619345 0.999681532 0.018066624 -34.923095703 -0.083085425 -0.016543034 0.996405125 370.037475586
0.996395051 -0.019052239 0.082667015 34.295047760 0.017698500 0.999697506 0.017077856 -35.105701447 -0.082967386 -0.015553210 0.996430874 372.288635254
0.996450424 -0.019036265 0.082001127 34.573368073 0.017681893 0.999695539 0.017211262 -35.308586121 -0.082303800 -0.015700234 0.996483624 374.535369873
0.996533751 -0.019029532 0.080984183 34.858181000 0.017647207 0.999686718 0.017750762 -35.497848511 -0.081296600 -0.016260087 0.996557355 376.780181885
0.996451795 -0.018655213 0.082072191 35.120296478 0.017212842 0.999685347 0.018247111 -35.690155029 -0.082386762 -0.016769672 0.996459246 379.029327393
0.996446609 -0.019256501 0.081996106 35.396713257 0.017786112 0.999668300 0.018625347 -35.886417389 -0.082327582 -0.017100772 0.996458590 381.271820068
0.996454358 -0.019309362 0.081889041 35.674953461 0.017832678 0.999665618 0.018726068 -36.074218750 -0.082223251 -0.017199373 0.996465445 383.535217285
0.996479392 -0.018550670 0.081761755 35.956626892 0.017057389 0.999675393 0.018924696 -36.267219543 -0.082086295 -0.017463429 0.996472239 385.788848877
0.996485710 -0.017433811 0.081928521 36.233604431 0.015928278 0.999692857 0.018994052 -36.451038361 -0.082234494 -0.017622326 0.996457160 388.052032471
0.996514678 -0.016289961 0.081813395 36.515060425 0.014788982 0.999711633 0.018919058 -36.647346497 -0.082097985 -0.017643180 0.996468067 390.320556641
0.996504664 -0.014862468 0.082206018 36.788051605 0.013349785 0.999731779 0.018920308 -36.841125488 -0.082465179 -0.017756741 0.996435702 392.602325439
0.996542811 -0.013693148 0.081944704 37.067497253 0.012073530 0.999722421 0.020227786 -37.030113220 -0.082198940 -0.019168494 0.996431589 394.862701416
0.996491134 -0.012422284 0.082771532 37.335739136 0.010734681 0.999725938 0.020802666 -37.222885132 -0.083007269 -0.019841148 0.996351421 397.123626709
0.996451974 -0.012195393 0.083275005 37.613716125 0.010623058 0.999757349 0.019298293 -37.418727875 -0.083490163 -0.018345190 0.996339738 399.390808105
0.996356010 -0.011722788 0.084482566 37.882896423 0.010172527 0.999772310 0.018757226 -37.609050751 -0.084683225 -0.017829478 0.996248364 401.658020020
0.996299744 -0.013667820 0.084852949 38.154190063 0.012027636 0.999731421 0.019810960 -37.796463013 -0.085100926 -0.018717077 0.996196508 403.918945312
0.996239245 -0.015217968 0.085297726 38.436405182 0.013469372 0.999687910 0.021038095 -37.987255096 -0.085591279 -0.019810069 0.996133387 406.174682617
0.996217251 -0.016076343 0.085397735 38.717208862 0.014350329 0.999680877 0.020787090 -38.169822693 -0.085704677 -0.019482970 0.996130049 408.428100586
0.996194482 -0.015868952 0.085702442 39.009246826 0.014260337 0.999711096 0.019349523 -38.352096558 -0.085984729 -0.018053740 0.996132791 410.695434570
0.996202946 -0.014509398 0.085843191 39.325057983 0.012853782 0.999721169 0.019807940 -38.546958923 -0.086106665 -0.018629320 0.996111751 412.947265625
0.996142030 -0.013437592 0.086722374 39.601936340 0.011780409 0.999738574 0.019592665 -38.737529755 -0.086962990 -0.018495452 0.996039808 415.192108154
0.996059597 -0.012060109 0.087862767 39.885402679 0.010371977 0.999753237 0.019644562 -38.925323486 -0.088078000 -0.018655844 0.995938838 417.463073730
0.996019065 -0.012337794 0.088282466 40.180671692 0.010666984 0.999755383 0.019372562 -39.116088867 -0.088499881 -0.018353736 0.995907009 419.723052979
0.995918632 -0.012154043 0.089433424 40.462795258 0.010454333 0.999756098 0.019449253 -39.304187775 -0.089647986 -0.018434906 0.995802820 421.978576660
0.995835483 -0.012376463 0.090325922 40.745765686 0.010677102 0.999757171 0.019272702 -39.496952057 -0.090542533 -0.018228021 0.995725751 424.236389160
0.995767176 -0.012676433 0.091033459 41.038734436 0.010861006 0.999732554 0.020410206 -39.685787201 -0.091267854 -0.019335097 0.995638669 426.508636475
0.995754182 -0.012032089 0.091262065 41.332485199 0.010158592 0.999728560 0.020965591 -39.872028351 -0.091489561 -0.019949481 0.995606184 428.760406494
0.995678842 -0.011203315 0.092185430 41.628635406 0.009255097 0.999725223 0.021534150 -40.056091309 -0.092401356 -0.020587910 0.995509028 431.037139893
0.995673180 -0.011422912 0.092219420 41.923843384 0.009443389 0.999716163 0.021873264 -40.253070831 -0.092443116 -0.020907754 0.995498419 433.297821045
0.995623767 -0.012319298 0.092638046 42.225975037 0.010389200 0.999719381 0.021288304 -40.446983337 -0.092874296 -0.020232700 0.995472252 435.561584473
0.995618582 -0.011309340 0.092821322 42.528179169 0.009370966 0.999729395 0.021292213 -40.618637085 -0.093037002 -0.020329099 0.995455086 437.828399658
0.995568931 -0.011628897 0.093312353 42.828308105 0.009660337 0.999721706 0.021520514 -40.807434082 -0.093536638 -0.020523733 0.995404303 440.119781494
0.995630682 -0.011663515 0.092648298 43.140899658 0.009680971 0.999715030 0.021819297 -40.992225647 -0.092876390 -0.020827034 0.995459795 442.397369385
0.995625556 -0.010626915 0.092827119 43.458980560 0.008581536 0.999712110 0.022405738 -41.180995941 -0.093038492 -0.021511121 0.995430112 444.685028076
0.995597661 -0.011139884 0.093065850 43.763225555 0.009060964 0.999700546 0.022730926 -41.365612030 -0.093291208 -0.021787595 0.995400369 446.958892822
0.995598495 -0.011190708 0.093051612 44.062316895 0.009163631 0.999711931 0.022183266 -41.551818848 -0.093273044 -0.021232937 0.995414138 449.220367432
0.995618403 -0.010577777 0.092909120 44.365478516 0.008578943 0.999723554 0.021886973 -41.739742279 -0.093114980 -0.020994008 0.995433927 451.483398438
0.995584249 -0.010097755 0.093327008 44.664581299 0.008104759 0.999731421 0.021709409 -41.932151794 -0.093521170 -0.020857155 0.995398819 453.743988037
0.995516598 -0.009355250 0.094122350 44.961082458 0.007344655 0.999737799 0.021685323 -42.110710144 -0.094300546 -0.020896804 0.995324433 456.021270752
0.995481491 -0.009707253 0.094457798 45.255733490 0.007709226 0.999739230 0.021494577 -42.304962158 -0.094641827 -0.020669255 0.995296776 458.287597656
0.995522141 -0.009126642 0.094087109 45.571193695 0.007213910 0.999760747 0.020649498 -42.489662170 -0.094253063 -0.019878296 0.995349765 460.573303223
0.995498538 -0.007909355 0.094445854 45.871112823 0.005913761 0.999753714 0.021390734 -42.680587769 -0.094591774 -0.020735916 0.995300174 462.856994629
0.995517373 -0.007568990 0.094274633 46.175689697 0.005443022 0.999725461 0.022787560 -42.867713928 -0.094421230 -0.022172280 0.995285332 465.135833740
0.995544732 -0.007514929 0.093990460 46.469230652 0.005376491 0.999721348 0.022984231 -43.047225952 -0.094136998 -0.022376491 0.995307744 467.398590088
0.995650589 -0.007494194 0.092863895 46.778797150 0.005469955 0.999742270 0.022033308 -43.232719421 -0.093005069 -0.021429516 0.995434999 469.676361084
0.995721161 -0.007747868 0.092082761 47.090393066 0.005780475 0.999749660 0.021613015 -43.423221588 -0.092227176 -0.020988254 0.995516777 471.974548340
0.995768905 -0.008405788 0.091507852 47.386882782 0.006348869 0.999721110 0.022746017 -43.615779877 -0.091673538 -0.022068804 0.995544493 474.250640869
0.995770395 -0.008570206 0.091476403 47.675903320 0.006510747 0.999719143 0.022788273 -43.800205231 -0.091646016 -0.022096310 0.995546460 476.529571533
0.995860755 -0.008234452 0.090517670 47.971698761 0.006231214 0.999729812 0.022391263 -43.970523834 -0.090677589 -0.021734539 0.995643079 478.812194824
0.995871425 -0.008128185 0.090410024 48.266746521 0.006087067 0.999720871 0.022829119 -44.154689789 -0.090570353 -0.022184540 0.995642960 481.093261719
0.995894492 -0.008843421 0.090088919 48.564140320 0.006753012 0.999701381 0.023482297 -44.341342926 -0.090269685 -0.022777518 0.995656848 483.368591309
0.995907068 -0.009071236 0.089926220 48.853523254 0.007025049 0.999709785 0.023044536 -44.525848389 -0.090109162 -0.022318477 0.995681882 485.647033691
0.995969951 -0.009637680 0.089168221 49.152580261 0.007554390 0.999691308 0.023671648 -44.718261719 -0.089368835 -0.022902638 0.995735228 487.930694580
0.995999575 -0.010361428 0.088755041 49.433883667 0.008314012 0.999691546 0.023406874 -44.891189575 -0.088970184 -0.022575328 0.995778441 490.217498779
0.996012568 -0.009916550 0.088660307 49.724617004 0.007841626 0.999687850 0.023720838 -45.068565369 -0.088867880 -0.022931015 0.995779455 492.521057129
0.996062040 -0.009205125 0.088180870 50.018249512 0.007119771 0.999688208 0.023934010 -45.246772766 -0.088373713 -0.023211930 0.995816886 494.804809570
0.996074021 -0.008882054 0.088077597 50.300308228 0.006846396 0.999703050 0.023387326 -45.427238464 -0.088259168 -0.022692498 0.995839000 497.109863281
0.996093988 -0.008612256 0.087877452 50.603675842 0.006588693 0.999707103 0.023291223 -45.622516632 -0.088052280 -0.022621252 0.995858908 499.422882080
0.996136010 -0.008552166 0.087406456 50.892177582 0.006481035 0.999692082 0.023951801 -45.803993225 -0.087584376 -0.023292761 0.995884836 501.720611572
0.996135592 -0.008269305 0.087438479 51.173767090 0.006163310 0.999685168 0.024328046 -45.990322113 -0.087612115 -0.023695130 0.995872796 503.999542236
0.996153772 -0.007210995 0.087325253 51.461441040 0.005175257 0.999710023 0.023516145 -46.174076080 -0.087469503 -0.022973763 0.995902359 506.288696289
0.996153831 -0.006918190 0.087347940 51.742111206 0.004820195 0.999695361 0.024206934 -46.360908508 -0.087488800 -0.023692798 0.995883644 508.577026367
0.996159196 -0.007159005 0.087266497 52.027744293 0.005140926 0.999714613 0.023328323 -46.545757294 -0.087408587 -0.022790093 0.995911777 510.877990723
0.996191084 -0.007768818 0.086850516 52.327213287 0.005691309 0.999692321 0.024142589 -46.734962463 -0.087011352 -0.023556342 0.995928764 513.178955078
0.996211231 -0.007375912 0.086653501 52.619552612 0.005298060 0.999693394 0.024184428 -46.913986206 -0.086805306 -0.023633704 0.995944917 515.492858887
0.996238947 -0.006890962 0.086373016 52.913383484 0.004840069 0.999701798 0.023931574 -47.097591400 -0.086512171 -0.023423513 0.995975375 517.806457520
0.996229053 -0.005872634 0.086562902 53.194160461 0.003840063 0.999713421 0.023628704 -47.282154083 -0.086676851 -0.023207195 0.995966136 520.098266602
0.996196508 -0.004101504 0.087038413 53.484874725 0.002034580 0.999714077 0.023822697 -47.473564148 -0.087111242 -0.023555003 0.995920062 522.458129883
0.996132195 -0.001976793 0.087844513 53.773925781 -0.000142231 0.999709249 0.024109637 -47.659362793 -0.087866642 -0.024028879 0.995842516 524.792724609
0.996093750 -0.001048850 0.088297121 54.067512512 -0.001191499 0.999678791 0.025316307 -47.836490631 -0.088295318 -0.025322618 0.995772421 527.108093262
0.996020198 -0.001300671 0.089118429 54.356380463 -0.000951381 0.999681413 0.025223186 -48.017349243 -0.089122847 -0.025207587 0.995701730 529.424194336
0.995998561 -0.003107666 0.089316368 54.652748108 0.000732472 0.999645472 0.026613530 -48.196571350 -0.089367397 -0.026441608 0.995647788 531.734985352
0.995948851 -0.004753971 0.089794986 54.956653595 0.002403880 0.999652207 0.026261780 -48.373718262 -0.089888595 -0.025939532 0.995614111 534.060424805
0.995905459 -0.004738247 0.090276726 55.245738983 0.002440671 0.999670863 0.025543794 -48.549873352 -0.090368032 -0.025218867 0.995589077 536.368530273
0.995820522 -0.005001657 0.091194995 55.540161133 0.002691064 0.999672592 0.025442231 -48.731513977 -0.091292381 -0.025090482 0.995508015 538.685546875
0.995755553 -0.004443020 0.091930211 55.836349487 0.002168068 0.999689281 0.024831602 -48.914505005 -0.092011973 -0.024526896 0.995455801 541.002014160
0.995673418 -0.003697973 0.092848621 56.135864258 0.001435984 0.999700785 0.024417112 -49.098060608 -0.092911132 -0.024178140 0.995380819 543.319396973
0.995568156 -0.003259605 0.093986005 56.420440674 0.001062325 0.999725163 0.023419371 -49.281463623 -0.094036505 -0.023215739 0.995297968 545.634216309
0.995470107 -0.003311552 0.095017582 56.720001221 0.001042120 0.999713182 0.023924015 -49.463813782 -0.095069557 -0.023716619 0.995188057 547.963745117
0.995416045 -0.002888790 0.095595732 57.028152466 0.000540714 0.999697745 0.024579359 -49.646217346 -0.095637828 -0.024415001 0.995116711 550.288391113
0.995350897 -0.002859252 0.096272655 57.329875946 0.000527078 0.999705970 0.024241399 -49.824089050 -0.096313663 -0.024077952 0.995059729 552.598083496
0.995362341 -0.004531964 0.096090183 57.652873993 0.002250458 0.999713242 0.023838487 -50.018192291 -0.096170649 -0.023511680 0.995087266 554.929870605
0.995405793 -0.004882500 0.095621184 57.978046417 0.002554355 0.999697685 0.024454881 -50.204490662 -0.095711678 -0.024098277 0.995117307 557.248840332
0.995360374 -0.004674739 0.096103221 58.284042358 0.002308080 0.999691784 0.024722656 -50.385463715 -0.096189149 -0.024386141 0.995064318 559.555297852
0.995310724 -0.004042198 0.096644379 58.595390320 0.001541757 0.999662459 0.025933288 -50.572273254 -0.096716575 -0.025662677 0.994980991 561.895507812
0.995317340 -0.004683343 0.096548006 58.917934418 0.002137632 0.999647677 0.026453910 -50.751876831 -0.096637875 -0.026123645 0.994976819 564.226806641
0.995299816 -0.004077277 0.096754804 59.235240936 0.001459415 0.999631286 0.027112028 -50.928165436 -0.096829668 -0.026843395 0.994938910 566.546875000
0.995270193 -0.003284696 0.097089127 59.556243896 0.000730390 0.999652982 0.026332723 -51.110752106 -0.097141922 -0.026137268 0.994927287 568.872497559
0.995283782 -0.002202434 0.096980847 59.885906219 -0.000199025 0.999693692 0.024745554 -51.285118103 -0.097005650 -0.024648152 0.994978607 571.207153320
0.995235562 -0.001609595 0.097486041 60.212554932 -0.000865469 0.999678433 0.025341302 -51.473648071 -0.097495489 -0.025304934 0.994914174 573.529907227
0.995238364 -0.001915080 0.097452208 60.527721405 -0.000636525 0.999657869 0.026145330 -51.659072876 -0.097468950 -0.026082860 0.994896710 575.913085938
0.995249212 -0.001957347 0.097340822 60.856304169 -0.000728013 0.999620199 0.027544031 -51.845775604 -0.097357787 -0.027484041 0.994869828 578.228942871
0.995165765 -0.001399199 0.098199807 61.160575867 -0.001139048 0.999666810 0.025786959 -52.028385162 -0.098203152 -0.025774151 0.994832575 580.623535156
0.995198727 -0.002062834 0.097853437 61.485027313 -0.000440203 0.999673426 0.025550963 -52.204551697 -0.097874202 -0.025471361 0.994872749 582.963684082
0.995179594 -0.002779023 0.098029621 61.809490204 0.000122101 0.999632776 0.027098851 -52.396430969 -0.098068915 -0.026956255 0.994814456 585.288269043
0.995244265 -0.002489850 0.097378328 62.134067535 -0.000171459 0.999626994 0.027311664 -52.574867249 -0.097409993 -0.027198475 0.994872510 587.606079102
0.995181322 -0.005298771 0.097908601 62.462493896 0.002760985 0.999657154 0.026037291 -52.759067535 -0.098012991 -0.025641499 0.994854748 589.960998535
0.995210946 -0.005455647 0.097598366 62.790287018 0.002959987 0.999665380 0.025697252 -52.933124542 -0.097705908 -0.025285294 0.994894087 592.310729980
0.995205402 -0.007205141 0.097541198 63.108215332 0.004650118 0.999640763 0.026396338 -53.118473053 -0.097696327 -0.025816197 0.994881511 594.646484375
0.995233655 -0.007828381 0.097203620 63.438316345 0.005272251 0.999634206 0.026525714 -53.298599243 -0.097375713 -0.025886798 0.994910955 597.005981445
