1.000000000 0.000000000 0.000000000 0.000000000 0.000000000 1.000000000 0.000000000 0.000000000 0.000000000 0.000000000 1.000000000 0.000000000
0.999999940 0.000048163 0.000395550 0.087811090 -0.000048083 0.999999940 -0.000200403 -0.225683331 -0.000395560 0.000200384 0.999999881 2.287782907
0.999999404 0.000340520 0.001135313 0.167415813 -0.000340859 1.000000000 0.000298151 -0.462714314 -0.001135212 -0.000298537 0.999999285 4.581796646
0.999998748 -0.000157696 0.001579617 0.266807526 0.000157038 0.999999821 0.000416348 -0.694216728 -0.001579683 -0.000416100 0.999998689 6.868469715
0.999996722 -0.000303069 0.002546912 0.360706508 0.000306329 0.999999106 -0.001279979 -0.927760124 -0.002546522 0.001280755 0.999995947 9.157744408
0.999989092 0.001383623 0.004460159 0.454130024 -0.001383585 0.999998987 -0.000011520 -1.163083434 -0.004460170 0.000005348 0.999990046 11.460440636
0.999975383 0.002883601 0.006394332 0.576503098 -0.002889486 0.999995410 0.000911270 -1.393624902 -0.006391676 -0.000929724 0.999979138 13.743125916
0.999955535 0.002750480 0.009017822 0.680010021 -0.002783054 0.999989629 0.003601712 -1.624697208 -0.009007822 -0.003626649 0.999952853 16.020572662
0.999946356 0.003295326 0.009820807 0.770334423 -0.003345398 0.999981463 0.005086563 -1.853003383 -0.009803865 -0.005119144 0.999938846 18.301378250
0.999940157 0.002429854 0.010668908 0.882885695 -0.002487966 0.999982178 0.005437002 -2.078668833 -0.010655506 -0.005463220 0.999928236 20.562824249
0.999930322 0.000311963 0.011798340 0.996815801 -0.000346688 0.999995589 0.002941278 -2.303033352 -0.011797370 -0.002945163 0.999926031 22.893293381
0.999913454 -0.001859493 0.013021047 1.098817945 0.001847970 0.999997914 0.000896869 -2.522147894 -0.013022686 -0.000872729 0.999914825 25.175519943
0.999913394 -0.002235653 0.012966540 1.234198928 0.002230496 0.999997437 0.000412207 -2.772241592 -0.012967428 -0.000383250 0.999915838 27.482006073
0.999891102 -0.001878474 0.014641159 1.331135750 0.001890397 0.999997914 -0.000800545 -2.995355129 -0.014639623 0.000828136 0.999892473 29.767875671
0.999887347 0.000360861 0.015005526 1.457425475 -0.000392900 0.999997675 0.002132257 -3.226392269 -0.015004722 -0.002137913 0.999885142 32.017467499
0.999891579 0.002229919 0.014552789 1.592865348 -0.002295560 0.999987245 0.004495424 -3.447159052 -0.014542578 -0.004528344 0.999883950 34.297504425
0.999852657 0.004612828 0.016531993 1.708796978 -0.004744725 0.999957144 0.007947990 -3.672366381 -0.016494621 -0.008025257 0.999831736 36.618831635
0.999837518 0.006446156 0.016834579 1.832527399 -0.006575578 0.999949098 0.007643942 -3.891662598 -0.016784448 -0.007753396 0.999829113 38.889915466
0.999808848 0.005487395 0.018764313 1.937502861 -0.005590792 0.999969482 0.005462281 -4.091311455 -0.018733764 -0.005566144 0.999809146 41.192214966
0.999817848 0.002994636 0.018851861 2.064015865 -0.003084790 0.999983966 0.004754950 -4.320274830 -0.018837320 -0.004812239 0.999810994 43.469535828
0.999821067 0.002567175 0.018746352 2.196574450 -0.002634487 0.999990165 0.003566884 -4.546103954 -0.018737013 -0.003615633 0.999817908 45.717769623
0.999818325 0.001794385 0.018975532 2.320744753 -0.001846358 0.999994576 0.002721759 -4.777199268 -0.018970549 -0.002756300 0.999816239 47.991043091
0.999818742 0.000366492 0.019032113 2.457619905 -0.000424807 0.999995232 0.003060149 -5.006303310 -0.019030903 -0.003067681 0.999814212 50.271568298
0.999804914 -0.000601286 0.019747568 2.590660095 0.000533998 0.999994159 0.003412501 -5.232984543 -0.019749505 -0.003401290 0.999799192 52.539382935
0.999799311 -0.001823757 0.019950420 2.726481915 0.001759844 0.999993205 0.003220693 -5.461766243 -0.019956162 -0.003184937 0.999795794 54.821620941
0.999769986 -0.002199195 0.021333024 2.854898453 0.002112183 0.999989331 0.004100460 -5.696122646 -0.021341816 -0.004054456 0.999764144 57.115547180
0.999755800 -0.003623256 0.021799011 2.995206356 0.003521726 0.999982893 0.004694147 -5.920238972 -0.021815639 -0.004616231 0.999751329 59.383880615
0.999716043 -0.004886056 0.023323691 3.122706652 0.004787372 0.999979377 0.004285018 -6.146849632 -0.023344150 -0.004172142 0.999718785 61.653320312
0.999691844 -0.005797176 0.024136942 3.270339012 0.005697401 0.999974906 0.004200422 -6.371922970 -0.024160692 -0.004061610 0.999699831 63.908473969
0.999658465 -0.005220327 0.025611768 3.408750534 0.005097279 0.999975085 0.004867270 -6.594349861 -0.025636543 -0.004735057 0.999660134 66.178550720
0.999631703 -0.004471763 0.026765028 3.554040909 0.004332735 0.999976814 0.005250139 -6.819693089 -0.026787881 -0.005132241 0.999627888 68.430702209
0.999591053 -0.004627512 0.028217116 3.690996647 0.004484935 0.999976873 0.005114029 -7.044986248 -0.028240129 -0.004985386 0.999588728 70.678085327
0.999580503 -0.005514992 0.028431492 3.857702255 0.005413580 0.999978721 0.003642637 -7.266754150 -0.028450977 -0.003487193 0.999589086 72.925476074
0.999561429 -0.006254720 0.028945087 4.009860992 0.006130627 0.999971628 0.004373937 -7.496362686 -0.028971625 -0.004194568 0.999571443 75.191947937
0.999514878 -0.007503433 0.030226616 4.173808098 0.007387126 0.999964833 0.003957663 -7.728022575 -0.030255247 -0.003732455 0.999535263 77.458938599
0.999508440 -0.008352785 0.030218020 4.329472065 0.008249349 0.999959707 0.003546048 -7.950031281 -0.030246424 -0.003295025 0.999536991 79.696510315
0.999476492 -0.008807399 0.031133736 4.477654934 0.008716150 0.999957323 0.003065358 -8.165544510 -0.031159408 -0.002792387 0.999510527 81.951957703
0.999457002 -0.008556649 0.031817012 4.643978119 0.008455062 0.999958634 0.003326059 -8.402149200 -0.031844161 -0.003055238 0.999488175 84.227951050
0.999406934 -0.008246590 0.033430174 4.800688744 0.008136763 0.999960959 0.003419954 -8.614794731 -0.033457082 -0.003145913 0.999435186 86.481979370
0.999415994 -0.007936316 0.033235300 4.974414825 0.007784562 0.999958634 0.004692970 -8.852644920 -0.033271182 -0.004431507 0.999436498 88.744087219
0.999384284 -0.007037877 0.034373607 5.131003380 0.006857918 0.999962151 0.005350481 -9.078532219 -0.034409970 -0.005111455 0.999394715 90.991363525
0.999363899 -0.006919292 0.034984637 5.300123215 0.006738873 0.999963343 0.005272385 -9.299693108 -0.035019845 -0.005033274 0.999374032 93.239860535
0.999343932 -0.007082484 0.035521328 5.468389034 0.006924285 0.999965549 0.004574724 -9.514951706 -0.035552513 -0.004325763 0.999358416 95.492195129
0.999304593 -0.007296803 0.036565665 5.635225296 0.007128344 0.999963343 0.004735270 -9.735774040 -0.036598880 -0.004471323 0.999320149 97.750946045
0.999270797 -0.007072379 0.037519909 5.801321030 0.006905990 0.999965727 0.004562471 -9.968995094 -0.037550889 -0.004300032 0.999285400 99.982589722
0.999207973 -0.007256196 0.039125320 5.961872578 0.007041365 0.999959409 0.005625842 -10.183358192 -0.039164554 -0.005345891 0.999218464 102.202713013
0.999177337 -0.007314709 0.039888855 6.152707100 0.007104132 0.999960065 0.005418272 -10.402274132 -0.039926898 -0.005130439 0.999189377 104.457466125
0.999155462 -0.007978611 0.040307105 6.323875904 0.007736189 0.999951065 0.006166740 -10.626665115 -0.040354334 -0.005849709 0.999168336 106.687507629
0.999115586 -0.009342242 0.040995765 6.508697510 0.009083712 0.999937654 0.006488043 -10.845253944 -0.041053824 -0.006109912 0.999138236 108.932601929
0.999071538 -0.009914205 0.041926339 6.691995621 0.009612823 0.999926507 0.007383880 -11.070471764 -0.041996464 -0.006973993 0.999093413 111.183433533
0.999060631 -0.010460385 0.042052820 6.887264252 0.010212718 0.999929190 0.006100006 -11.291057587 -0.042113651 -0.005664802 0.999096870 113.440902710
0.999014497 -0.011126139 0.042968418 7.071942806 0.010916000 0.999927282 0.005122089 -11.507317543 -0.043022294 -0.004647997 0.999063313 115.680442810
0.998982608 -0.011444257 0.043620706 7.255748272 0.011215910 0.999922037 0.005475997 -11.729837418 -0.043679975 -0.004981180 0.999033153 117.910316467
0.998934805 -0.011791348 0.044611391 7.449617386 0.011526090 0.999914348 0.006198524 -11.946914673 -0.044680662 -0.005677726 0.998985171 120.148582458
0.998911440 -0.012634402 0.044902310 7.653733253 0.012325422 0.999898374 0.007151369 -12.175155640 -0.044988103 -0.006590144 0.998965800 122.352859497
0.998880327 -0.013816117 0.045244701 7.865193367 0.013540768 0.999887943 0.006386562 -12.395535469 -0.045327857 -0.005766762 0.998955548 124.625923157
0.998847604 -0.014596240 0.045719512 8.052250862 0.014364762 0.999882281 0.005387489 -12.616516113 -0.045792762 -0.004724531 0.998939812 126.898200989
0.998846769 -0.016333932 0.045147613 8.249298096 0.016092744 0.999854267 0.005700537 -12.834179878 -0.045234147 -0.004967414 0.998964071 129.170211792
0.998875380 -0.017527020 0.044052429 8.442043304 0.017285459 0.999833345 0.005858416 -13.049888611 -0.044147775 -0.005090361 0.999011993 131.426513672
0.998920977 -0.017814485 0.042890240 8.635017395 0.017523956 0.999820888 0.007140430 -13.268464088 -0.043009769 -0.006381117 0.999054372 133.663269043
0.998973489 -0.018769402 0.041226968 8.823003769 0.018500572 0.999805093 0.006892737 -13.491189957 -0.041348301 -0.006122938 0.999125957 135.920761108
0.999046087 -0.019658377 0.038991440 9.028203011 0.019409038 0.999788821 0.006763021 -13.711059570 -0.039116155 -0.005999784 0.999216676 138.145629883
0.999024034 -0.020041931 0.039360840 9.199854851 0.019780546 0.999779820 0.007018987 -13.938337326 -0.039492853 -0.006233558 0.999200404 140.446792603
0.999015212 -0.020262724 0.039472006 9.369690895 0.019987799 0.999773264 0.007347355 -14.148689270 -0.039611932 -0.006551160 0.999193668 142.680480957
0.999053597 -0.020193763 0.038523369 9.564373016 0.019878309 0.999765813 0.008554169 -14.373861313 -0.038687073 -0.007780293 0.999221206 144.940399170
0.999064445 -0.019393934 0.038653612 9.737865448 0.019122304 0.999789894 0.007384569 -14.587143898 -0.038788702 -0.006638515 0.999225318 147.190246582
0.999088526 -0.018331029 0.038549911 9.919494629 0.018114120 0.999818206 0.005968545 -14.804317474 -0.038652301 -0.005264807 0.999238849 149.423355103
0.999103963 -0.016877985 0.038812641 10.097047806 0.016695939 0.999848068 0.005009670 -15.022418976 -0.038891293 -0.004357167 0.999234080 151.664169312
0.999112427 -0.016104013 0.038922649 10.281015396 0.015913151 0.999859750 0.005208492 -15.241600037 -0.039001070 -0.004584487 0.999228656 153.896926880
0.999101281 -0.015508305 0.039448731 10.464099884 0.015301532 0.999867618 0.005538121 -15.457346916 -0.039529391 -0.004929517 0.999206185 156.144119263
0.999098539 -0.014104770 0.040039230 10.628873825 0.013823728 0.999877810 0.007287464 -15.681222916 -0.040137134 -0.006727405 0.999171495 158.370773315
0.999041259 -0.013352756 0.041689318 10.806474686 0.013010923 0.999879539 0.008460118 -15.899086952 -0.041797262 -0.007909591 0.999094784 160.606567383
0.999025047 -0.011991207 0.042487945 10.973924637 0.011576620 0.999883056 0.009990435 -16.112682343 -0.042602781 -0.009488827 0.999047160 162.882705688
0.998995364 -0.011591889 0.043288980 11.156091690 0.011212863 0.999896765 0.008988336 -16.311807632 -0.043388709 -0.008493912 0.999022186 165.134445190
0.998954773 -0.010947878 0.044379037 11.348049164 0.010606919 0.999912381 0.007911121 -16.526573181 -0.044461764 -0.007432126 0.998983383 167.373214722
0.998882651 -0.009049688 0.046383254 11.530284882 0.008678406 0.999928653 0.008199824 -16.737916946 -0.046454150 -0.007788130 0.998890042 169.606124878
0.998755097 -0.008606751 0.049132586 11.713316917 0.008174451 0.999926150 0.008992743 -16.973585129 -0.049206354 -0.008579916 0.998751760 171.866043091
0.998632848 -0.008926439 0.051504787 11.915348053 0.008485064 0.999925435 0.008781860 -17.185791016 -0.051579334 -0.008332834 0.998634100 174.126571655
0.998548627 -0.008934623 0.053111814 12.122709274 0.008448449 0.999920428 0.009371255 -17.402515411 -0.053191323 -0.008908940 0.998544574 176.378967285
0.998500466 -0.009767219 0.053865142 12.331869125 0.009236472 0.999906361 0.010093457 -17.612283707 -0.053958684 -0.009580798 0.998497188 178.606140137
0.998431742 -0.010747723 0.054941665 12.528069496 0.010201719 0.999895871 0.010208735 -17.821258545 -0.055045668 -0.009632224 0.998437345 180.837768555
0.998498380 -0.011366369 0.053588599 12.750176430 0.010853828 0.999892652 0.009845722 -18.036653519 -0.053694755 -0.009249297 0.998514533 183.089126587
0.998508930 -0.012437209 0.053152923 12.962700844 0.011936396 0.999881446 0.009729245 -18.247457504 -0.053267621 -0.009080282 0.998538911 185.332290649
0.998522639 -0.014258601 0.052432749 13.180635452 0.013725463 0.999850452 0.010514096 -18.456308365 -0.052574828 -0.009778900 0.998569131 187.572662354
0.998517394 -0.015245042 0.052254684 13.381658554 0.014742233 0.999841332 0.009994277 -18.665012360 -0.052398767 -0.009209109 0.998583794 189.798706055
0.998498321 -0.016336152 0.052290317 13.591602325 0.015861522 0.999829233 0.009479023 -18.873365402 -0.052436251 -0.008635386 0.998586893 192.037231445
0.998478770 -0.017243562 0.052372172 13.785186768 0.016790381 0.999817789 0.009080827 -19.088321686 -0.052519213 -0.008187665 0.998586357 194.295486450
0.998497546 -0.016839176 0.052143455 13.998151779 0.016368739 0.999821484 0.009435927 -19.298595428 -0.052293040 -0.008568229 0.998594940 196.527984619
0.998515546 -0.015599648 0.052186433 14.213240623 0.015106499 0.999837637 0.009830867 -19.513006210 -0.052331310 -0.009027918 0.998588979 198.755844116
0.998528779 -0.012649159 0.052728008 14.410434723 0.012184110 0.999884069 0.009131896 -19.726549149 -0.052837402 -0.008476017 0.998567164 201.012435913
0.998495519 -0.011959172 0.053513262 14.620945930 0.011525125 0.999898195 0.008412281 -19.939880371 -0.053608418 -0.007782878 0.998531699 203.269821167
0.998463035 -0.012622458 0.053967793 14.826238632 0.012143858 0.999884069 0.009187027 -20.151866913 -0.054077514 -0.008517528 0.998500407 205.503952026
0.998410940 -0.013939325 0.054600984 15.031079292 0.013422670 0.999861717 0.009817719 -20.363943100 -0.054730281 -0.009069228 0.998459935 207.722152710
0.998400092 -0.013878405 0.054814659 15.251933098 0.013382838 0.999866307 0.009397496 -20.568588257 -0.054937758 -0.008648884 0.998452306 209.992294312
0.998310328 -0.013283427 0.056568626 15.464285851 0.012708538 0.999863982 0.010510325 -20.780941010 -0.056700543 -0.009773662 0.998343349 212.236236572
0.998235226 -0.012116167 0.058134694 15.699130058 0.011519767 0.999877572 0.010583119 -20.989154816 -0.058255803 -0.009894744 0.998252690 214.471847534
0.998043597 -0.010187381 0.061686061 15.896913528 0.009541406 0.999896586 0.010757527 -21.190410614 -0.061789282 -0.010147908 0.998037636 216.719680786
0.997925580 -0.010337139 0.063542470 16.128772736 0.009652220 0.999892056 0.011076435 -21.397520065 -0.063650109 -0.010440132 0.997917652 218.953521729
0.997798920 -0.011547454 0.065298915 16.362947464 0.010825559 0.999876440 0.011398324 -21.597673416 -0.065422468 -0.010666338 0.997800648 221.176010132
0.997701705 -0.013055439 0.066489540 16.596284866 0.012269401 0.999850094 0.012216653 -21.799728394 -0.066639066 -0.011372786 0.997712314 223.399780273
0.997648358 -0.015124525 0.066850163 16.848501205 0.014405113 0.999833167 0.011230560 -22.006387711 -0.067008883 -0.010241166 0.997699797 225.625350952
0.997612000 -0.016606875 0.067041330 17.089012146 0.015902305 0.999812722 0.011029515 -22.208930969 -0.067211926 -0.009937066 0.997689247 227.871536255
0.997562528 -0.016727446 0.067743391 17.323251724 0.016018234 0.999811232 0.010998809 -22.407783508 -0.067914575 -0.009886871 0.997642100 230.102386475
0.997511029 -0.018009065 0.068170890 17.567403793 0.017349843 0.999796867 0.010249949 -22.617605209 -0.068341643 -0.009041683 0.997620940 232.342315674
0.997452915 -0.019010512 0.068747044 17.806303024 0.018280616 0.999769747 0.011230799 -22.819503784 -0.068944730 -0.009945456 0.997570813 234.576751709
0.997447193 -0.017873501 0.069134459 18.079830170 0.017110405 0.999786139 0.011614282 -23.030405045 -0.069327258 -0.010401716 0.997539699 236.823272705
0.997412145 -0.017752867 0.069669895 18.321004868 0.016998032 0.999790370 0.011412482 -23.230382919 -0.069857895 -0.010198697 0.997504830 239.044937134
0.997380555 -0.018010443 0.070056476 18.567142487 0.017229235 0.999782622 0.011739441 -23.436113358 -0.070252672 -0.010501669 0.997473955 241.260711670
0.997336805 -0.018519342 0.070543341 18.814199448 0.017719230 0.999771595 0.011951049 -23.641078949 -0.070748568 -0.010669249 0.997437119 243.500183105
0.997300804 -0.018929981 0.070942380 19.063085556 0.018169396 0.999770463 0.011351224 -23.851446152 -0.071140990 -0.010031604 0.997415841 245.720932007
0.997308493 -0.018605640 0.070919365 19.319910049 0.017880784 0.999781311 0.010842022 -24.061946869 -0.071105599 -0.009544746 0.997423112 247.952621460
0.997289479 -0.019014817 0.071078598 19.577116013 0.018244578 0.999767780 0.011470100 -24.270898819 -0.071280196 -0.010142213 0.997404754 250.187561035
0.997257710 -0.020493645 0.071113393 19.835269928 0.019728564 0.999740005 0.011444452 -24.479211807 -0.071329430 -0.010010102 0.997402608 252.420120239
0.997255504 -0.020577785 0.071119569 20.099676132 0.019758828 0.999730349 0.012199657 -24.685945511 -0.071351431 -0.010760936 0.997393191 254.680084229
0.997226655 -0.021657817 0.071202829 20.341323853 0.020794285 0.999701262 0.012846814 -24.895374298 -0.071459778 -0.011330573 0.997379124 256.899871826
0.997203112 -0.021934772 0.071447782 20.608280182 0.021048488 0.999692321 0.013134104 -25.107210159 -0.071713880 -0.011593506 0.997357845 259.174591064
0.997177184 -0.021659661 0.071892381 20.865594864 0.020798218 0.999702871 0.012709504 -25.310136795 -0.072146297 -0.011178393 0.997331560 261.418792725
0.997154236 -0.021715926 0.072193012 21.124351501 0.020889631 0.999707520 0.012181133 -25.511438370 -0.072436415 -0.010638383 0.997316241 263.676330566
0.997124553 -0.021019209 0.072807007 21.383077621 0.020197580 0.999723911 0.012003001 -25.722370148 -0.073039189 -0.010497964 0.997273803 265.914123535
0.997057021 -0.020359980 0.073910840 21.639822006 0.019523829 0.999737203 0.012017933 -25.921022415 -0.074136101 -0.010539543 0.997192442 268.161254883
0.996943653 -0.019851534 0.075558864 21.898595810 0.019042868 0.999753594 0.011408020 -26.128286362 -0.075766690 -0.009934295 0.997076094 270.413360596
0.996840537 -0.020683723 0.076688662 22.167699814 0.019819960 0.999731481 0.012007397 -26.338970184 -0.076916419 -0.010449494 0.996982753 272.660919189
0.996657848 -0.021123070 0.078910694 22.417743683 0.020183794 0.999715865 0.012681821 -26.542842865 -0.079156160 -0.011046719 0.996800959 274.903228760
0.996562839 -0.021076845 0.080113269 22.692146301 0.020008791 0.999700189 0.014111351 -26.738803864 -0.080386683 -0.012459879 0.996685803 277.140472412
0.996459305 -0.020437129 0.081556410 22.970666885 0.019233208 0.999694526 0.015520314 -26.953422546 -0.081848711 -0.013896768 0.996547878 279.409606934
0.996375024 -0.020097880 0.082662374 23.254741669 0.018796785 0.999687314 0.016488152 -27.154472351 -0.082967915 -0.014874595 0.996441126 281.647521973
0.996292531 -0.019306194 0.083836257 23.531915665 0.017983355 0.999701977 0.016505530 -27.346431732 -0.084129944 -0.014936676 0.996342778 283.916076660
0.996197104 -0.018319679 0.085180581 23.804677963 0.017026508 0.999728858 0.015883386 -27.536781311 -0.085448466 -0.014372652 0.996238887 286.147735596
0.996130824 -0.017751742 0.086071491 24.078153610 0.016562734 0.999757528 0.014508759 -27.722621918 -0.086308174 -0.013027041 0.996183336 288.391021729
0.996062875 -0.018585904 0.086679853 24.353525162 0.017356794 0.999738097 0.014912130 -27.926452637 -0.086934291 -0.013348935 0.996124625 290.617614746
0.996100783 -0.018222343 0.086321436 24.638339996 0.017108867 0.999760807 0.013621589 -28.118740082 -0.086549014 -0.012091612 0.996174216 292.881500244
0.996120691 -0.018693905 0.085988767 24.922447205 0.017643293 0.999760330 0.012961815 -28.317281723 -0.086210452 -0.011394408 0.996211767 295.106292725
0.996118486 -0.018593140 0.086037636 25.205036163 0.017543333 0.999762297 0.012941875 -28.519733429 -0.086257815 -0.011382254 0.996207774 297.334167480
0.996114969 -0.018009651 0.086200960 25.486204147 0.016948091 0.999771416 0.013030984 -28.716037750 -0.086415924 -0.011519417 0.996192575 299.571655273
0.996074677 -0.017677110 0.086734116 25.750629425 0.016516503 0.999764562 0.014080662 -28.923824310 -0.086962581 -0.012592847 0.996132076 301.795684814
0.996074557 -0.017765870 0.086717300 26.038494110 0.016588794 0.999760509 0.014275607 -29.122577667 -0.086950131 -0.012781032 0.996130645 304.044372559
0.996036470 -0.017023114 0.087301336 26.319843292 0.015817588 0.999769926 0.014482094 -29.319536209 -0.087527789 -0.013043794 0.996076703 306.282562256
0.996041954 -0.017506428 0.087143026 26.605234146 0.016286464 0.999759376 0.014690969 -29.529083252 -0.087379254 -0.013213569 0.996087492 308.529724121
0.995991528 -0.018862987 0.087436028 26.890674591 0.017613651 0.999731719 0.015038169 -29.725223541 -0.087696239 -0.013437822 0.996056616 310.790679932
0.995946825 -0.018766288 0.087964319 27.173147202 0.017542193 0.999738634 0.014668296 -29.926603317 -0.088216588 -0.013065756 0.996015608 313.013397217
0.995969951 -0.018311724 0.087798364 27.468839645 0.017024033 0.999736547 0.015392962 -30.126976013 -0.088057108 -0.013836245 0.996019304 315.255737305
0.995920420 -0.016572790 0.088700250 27.751098633 0.015348761 0.999777555 0.014463976 -30.324523926 -0.088920221 -0.013043531 0.995953321 317.489227295
0.995899498 -0.014707121 0.089262985 28.032030106 0.013404736 0.999795020 0.015172405 -30.524066925 -0.089467816 -0.013913644 0.995892525 319.728515625
0.995825469 -0.013546661 0.090266451 28.311948776 0.012270553 0.999817014 0.014677110 -30.722444534 -0.090448752 -0.013508222 0.995809495 321.961364746
0.995780647 -0.013413490 0.090779342 28.597099304 0.012054918 0.999807239 0.015497470 -30.920349121 -0.090969689 -0.014337745 0.995750427 324.194213867
0.995784163 -0.013002669 0.090800554 28.895772934 0.011514453 0.999790907 0.016894635 -31.126144409 -0.091001242 -0.015777890 0.995725751 326.422302246
0.995715618 -0.013631043 0.091458447 29.173610687 0.012149472 0.999786139 0.016736655 -31.325109482 -0.091667026 -0.015553778 0.995668173 328.668975830
0.995704591 -0.015446180 0.091290787 29.471504211 0.014039683 0.999773085 0.016029004 -31.519142151 -0.091517650 -0.014678460 0.995695293 330.901733398
0.995705903 -0.014605159 0.091413550 29.758132935 0.013224539 0.999789536 0.015690552 -31.713607788 -0.091623463 -0.014414274 0.995689392 333.125122070
0.995668530 -0.014723631 0.091802403 30.045602798 0.013225174 0.999769568 0.016909705 -31.907341003 -0.092030235 -0.015622362 0.995633602 335.345184326
0.995705903 -0.015011296 0.091347590 30.349262238 0.013522134 0.999765754 0.016899304 -32.100013733 -0.091579854 -0.015591524 0.995675683 337.575225830
0.995672226 -0.014862891 0.091738045 30.632509232 0.013307963 0.999757648 0.017538192 -32.301422119 -0.091976479 -0.016241444 0.995628715 339.809051514
0.995716989 -0.014919427 0.091241926 30.934848785 0.013395298 0.999760687 0.017293911 -32.498149872 -0.091478109 -0.015997630 0.995678604 342.052734375
0.995704710 -0.015310560 0.091312647 31.223867416 0.013741798 0.999747396 0.017784238 -32.689262390 -0.091561876 -0.016453048 0.995663464 344.298950195
0.995715916 -0.014718420 0.091285378 31.510190964 0.013140839 0.999754131 0.017858928 -32.880554199 -0.091525786 -0.016582854 0.995664597 346.533843994
0.995742500 -0.014352227 0.091054112 31.800621033 0.012791925 0.999761581 0.017696472 -33.069847107 -0.091286376 -0.016456373 0.995688617 348.773590088
0.995727360 -0.013870757 0.091293454 32.089290619 0.012266952 0.999760807 0.018105349 -33.264106750 -0.091522753 -0.016908102 0.995659351 351.015899658
0.995752454 -0.014073194 0.090989165 32.380046844 0.012435907 0.999750853 0.018536337 -33.456153870 -0.091227345 -0.017326066 0.995679379 353.242401123
0.995752275 -0.013824763 0.091028132 32.665096283 0.012222982 0.999760866 0.018130593 -33.649765015 -0.091257028 -0.016940948 0.995683253 355.477111816
0.995800138 -0.013831743 0.090502582 32.959232330 0.012205128 0.999754310 0.018501977 -33.839176178 -0.090736270 -0.017319674 0.995724261 357.712371826
0.995858729 -0.013329662 0.089930840 33.254920959 0.011615837 0.999741316 0.019553706 -34.033874512 -0.090168200 -0.018428108 0.995756030 359.947662354
0.995926023 -0.013506352 0.089156330 33.552066803 0.011806640 0.999738812 0.019564362 -34.224761963 -0.089397296 -0.018432019 0.995825469 362.187835693
0.995973647 -0.013485488 0.088626198 33.846378326 0.011758315 0.999731183 0.019981576 -34.411876678 -0.088871829 -0.018859027 0.995864630 364.422576904
0.996036351 -0.013374724 0.087934792 34.140995026 0.011729458 0.999746799 0.019200275 -34.600360870 -0.088169336 -0.018092744 0.995941162 366.682250977
0.996057153 -0.013894773 0.087618828 34.422218323 0.012265357 0.999742210 0.019107699 -34.789962769 -0.087861724 -0.017957686 0.995970786 368.921447754
0.996016324 -0.013681005 0.088114984 34.698921204 0.012110777 0.999758601 0.018330278 -34.975399017 -0.088344492 -0.017190116 0.995941639 371.188507080
0.996097863 -0.014108947 0.087120011 34.991207123 0.012541103 0.999749899 0.018517576 -35.171710968 -0.087359473 -0.017352734 0.996025681 373.413055420
0.996133685 -0.013756481 0.086766884 35.281364441 0.012107965 0.999736607 0.019497143 -35.358608246 -0.087012231 -0.018371187 0.996037960 375.664276123
0.996093452 -0.014232951 0.087150849 35.557315826 0.012563203 0.999727428 0.019677972 -35.545383453 -0.087407179 -0.018506208 0.996000707 377.919067383
0.996098220 -0.014943446 0.086975694 35.845943451 0.013263091 0.999714613 0.019865775 -35.735671997 -0.087247729 -0.018634694 0.996012330 380.160186768
0.996115983 -0.014911870 0.086778730 36.137935638 0.013235900 0.999715209 0.019856608 -35.917022705 -0.087050125 -0.018630892 0.996029615 382.404022217
0.996124744 -0.014202130 0.086797342 36.427852631 0.012495686 0.999718428 0.020171914 -36.107997894 -0.087059401 -0.019009151 0.996021748 384.660644531
0.996142983 -0.013195280 0.086746708 36.715873718 0.011480506 0.999729276 0.020236880 -36.291336060 -0.086990267 -0.019162927 0.996024966 386.912719727
0.996160805 -0.012294233 0.086674549 37.007270813 0.010591773 0.999742329 0.020074597 -36.485286713 -0.086899012 -0.019079490 0.996034324 389.180938721
0.996155441 -0.010982951 0.086911522 37.290687561 0.009276278 0.999756634 0.020016486 -36.676460266 -0.087110199 -0.019133318 0.996014953 391.459381104
0.996175289 -0.009687736 0.086838648 37.577007294 0.007845997 0.999737501 0.021525007 -36.864738464 -0.087024391 -0.020761341 0.995989740 393.713928223
0.996124029 -0.008588003 0.087539747 37.858383179 0.006688419 0.999736249 0.021969942 -37.053756714 -0.087705359 -0.021299286 0.995918751 395.978271484
0.996056318 -0.008512063 0.088313326 38.139797211 0.006722744 0.999766469 0.020538714 -37.247219086 -0.088467531 -0.019864010 0.995880902 398.240478516
0.996010065 -0.008563080 0.088829190 38.423362732 0.006828101 0.999780297 0.019817157 -37.433235168 -0.088979356 -0.019131552 0.995849729 400.504089355
0.995878339 -0.009757456 0.090172991 38.696872711 0.007902546 0.999750316 0.020904748 -37.620155334 -0.090354457 -0.020105990 0.995706737 402.743316650
0.995893538 -0.010984905 0.089862607 39.000297546 0.009032377 0.999714851 0.022105813 -37.809745789 -0.090079807 -0.021203365 0.995708823 405.027709961
0.995820880 -0.011505486 0.090600498 39.283985138 0.009538752 0.999710023 0.022110946 -37.994598389 -0.090828612 -0.021154327 0.995641887 407.284362793
0.995783806 -0.009900838 0.091196440 39.595222473 0.008013722 0.999746621 0.021035880 -38.176483154 -0.091381595 -0.020216364 0.995610714 409.548309326
0.995731413 -0.009129525 0.091845468 39.892749786 0.007201187 0.999747097 0.021305023 -38.366222382 -0.092016727 -0.020552687 0.995545328 411.803161621
0.995654285 -0.008205389 0.092764050 40.182407379 0.006278722 0.999758899 0.021042351 -38.554092407 -0.092914343 -0.020368468 0.995465755 414.049896240
0.995562911 -0.006829523 0.093849950 40.480415344 0.004885767 0.999769092 0.020925511 -38.737705231 -0.093971178 -0.020374134 0.995366514 416.324981689
0.995527923 -0.007231985 0.094190285 40.788887024 0.005292085 0.999769032 0.020829070 -38.927577972 -0.094319150 -0.020237461 0.995336413 418.584411621
0.995413780 -0.007313831 0.095383123 41.082115173 0.005349349 0.999768555 0.020835165 -39.113269806 -0.095513456 -0.020229371 0.995222569 420.837249756
0.995325744 -0.007435825 0.096288182 41.375381470 0.005466213 0.999770701 0.020703046 -39.303508759 -0.096420050 -0.020079939 0.995138168 423.093902588
0.995247424 -0.007942332 0.097054094 41.680782318 0.005856798 0.999746203 0.021754377 -39.489112854 -0.097202241 -0.021082565 0.995041311 425.368133545
0.995206058 -0.007270129 0.097529553 41.986396790 0.005094848 0.999733090 0.022534352 -39.675277710 -0.097667344 -0.021929426 0.994977474 427.624298096
0.995134115 -0.006583847 0.098309480 42.297794342 0.004291941 0.999714494 0.023506472 -39.859401703 -0.098436177 -0.022970153 0.994878232 429.903472900
0.995144367 -0.006923588 0.098183706 42.615421295 0.004633597 0.999712288 0.023532417 -40.052803040 -0.098318405 -0.022963203 0.994890034 432.185638428
0.995104134 -0.007698022 0.098531127 42.931121826 0.005470193 0.999723673 0.022860616 -40.242996216 -0.098679885 -0.022209710 0.994871318 434.451507568
0.995121777 -0.007005031 0.098405063 43.252441406 0.004776094 0.999727011 0.022867978 -40.413581848 -0.098538391 -0.022286430 0.994883597 436.725097656
0.995068192 -0.007271214 0.098926567 43.564002991 0.004997808 0.999718070 0.023209196 -40.599426270 -0.099067450 -0.022600319 0.994823992 439.010925293
0.995119572 -0.007458145 0.098394804 43.885318756 0.005188233 0.999714911 0.023305167 -40.779953003 -0.098540559 -0.022680931 0.994874537 441.285003662
0.995088398 -0.006566183 0.098772250 44.210506439 0.004195614 0.999698579 0.024188947 -40.973400116 -0.098901324 -0.023655733 0.994816005 443.587097168
0.995043933 -0.007230827 0.099172734 44.525470734 0.004826828 0.999689162 0.024459077 -41.155361176 -0.099318773 -0.023859167 0.994769514 445.867095947
0.995030701 -0.007039751 0.099319145 44.837265015 0.004689993 0.999704003 0.023872349 -41.337924957 -0.099457771 -0.023287911 0.994769335 448.135528564
0.995051146 -0.006375408 0.099158958 45.154956818 0.004044245 0.999711215 0.023692613 -41.524761200 -0.099281371 -0.023174342 0.994789481 450.402221680
0.994975865 -0.005825833 0.099944748 45.461616516 0.003488518 0.999716699 0.023544915 -41.714900970 -0.100053601 -0.023077965 0.994714379 452.666137695
0.994897783 -0.005085787 0.100759894 45.771209717 0.002734029 0.999720931 0.023464562 -41.888324738 -0.100851111 -0.023069359 0.994634032 454.949127197
0.994858265 -0.005523128 0.101126365 46.078372955 0.003168734 0.999720454 0.023427546 -42.080505371 -0.101227500 -0.022986647 0.994597733 457.210144043
0.994879365 -0.004740255 0.100959286 46.403518677 0.002460557 0.999739468 0.022692939 -42.261299133 -0.101040564 -0.022328323 0.994631708 459.489074707
0.994836986 -0.003606190 0.101421818 46.718662262 0.001254464 0.999729037 0.023241807 -42.446342468 -0.101478159 -0.022994580 0.994571984 461.770019531
0.994839847 -0.002900847 0.101416260 47.036006927 0.000424409 0.999701440 0.024431601 -42.626857758 -0.101456843 -0.024262492 0.994543970 464.046783447
0.994894862 -0.003064678 0.100870408 47.347682953 0.000561213 0.999691367 0.024837641 -42.805496216 -0.100915402 -0.024654232 0.994589448 466.310760498
0.995009184 -0.003458987 0.099723548 47.674049377 0.001104928 0.999719620 0.023651425 -42.986804962 -0.099777408 -0.023423197 0.994733989 468.592376709
0.995111346 -0.003295730 0.098704271 48.004337311 0.001005145 0.999729156 0.023247290 -43.174278259 -0.098754145 -0.023034427 0.994845212 470.886230469
0.995200872 -0.003955645 0.097772725 48.320793152 0.001535588 0.999690831 0.024814736 -43.368724823 -0.097840674 -0.024545508 0.994899333 473.161773682
0.995187759 -0.004133308 0.097899504 48.624557495 0.001673529 0.999681115 0.025194367 -43.551731110 -0.097972430 -0.024909288 0.994877338 475.442321777
0.995287776 -0.003731301 0.096893236 48.934520721 0.001398177 0.999707699 0.024136063 -43.709571838 -0.096954979 -0.023886854 0.995002091 477.707366943
0.995307684 -0.003684729 0.096690394 49.243690491 0.001305229 0.999695003 0.024661193 -43.891399384 -0.096751764 -0.024419270 0.995008945 479.988128662
0.995337069 -0.004080529 0.096371539 49.555797577 0.001651491 0.999679267 0.025271256 -44.072006226 -0.096443750 -0.024994265 0.995024562 482.263031006
0.995339811 -0.004512447 0.096324325 49.855186462 0.002164899 0.999698460 0.024461903 -44.250473022 -0.096405655 -0.024139374 0.995049417 484.550781250
0.995430887 -0.005083826 0.095349640 50.167102814 0.002658612 0.999670148 0.025544763 -44.444133759 -0.095448062 -0.025174545 0.995115995 486.854888916
0.995471954 -0.005238914 0.094911255 50.473041534 0.002850952 0.999676406 0.025278106 -44.617919922 -0.095012955 -0.024893058 0.995164752 489.140625000
0.995471597 -0.004719305 0.094941407 50.775024414 0.002289689 0.999667525 0.025683379 -44.793739319 -0.095031045 -0.025349688 0.995151460 491.441162109
0.995526910 -0.004262547 0.094382264 51.086986542 0.001793182 0.999654233 0.026232809 -44.972656250 -0.094461448 -0.025946222 0.995190322 493.729949951
0.995529830 -0.003540275 0.094380431 51.382545471 0.001113030 0.999667525 0.025757914 -45.144802094 -0.094440222 -0.025537724 0.995202899 496.032806396
0.995561838 -0.003255113 0.094053142 51.700344086 0.000885678 0.999681473 0.025223276 -45.329586029 -0.094105288 -0.025028035 0.995247602 498.351806641
0.995572507 -0.003247867 0.093940213 51.997657776 0.000798898 0.999659061 0.026095314 -45.508811951 -0.093992956 -0.025904728 0.995235801 500.645111084
0.995564938 -0.002947284 0.094030574 52.293418884 0.000450306 0.999646962 0.026565142 -45.691879272 -0.094075657 -0.026404984 0.995214820 502.922851562
0.995615780 -0.002057813 0.093514763 52.599327087 -0.000356950 0.999667108 0.025798196 -45.870517731 -0.093536720 -0.025718471 0.995283604 505.206939697
0.995581269 -0.001824633 0.093886167 52.888545990 -0.000664442 0.999649286 0.026473526 -46.050640106 -0.093901560 -0.026418932 0.995230913 507.492492676
0.995605707 -0.002485425 0.093610510 53.190067291 0.000048776 0.999661326 0.026022954 -46.237483978 -0.093643472 -0.025904039 0.995268881 509.779174805
0.995634675 -0.003141834 0.093283020 53.499870300 0.000629371 0.999636531 0.026950970 -46.422264099 -0.093333788 -0.026774611 0.995274782 512.082092285
0.995647788 -0.003109958 0.093144208 53.802177429 0.000584640 0.999631822 0.027126940 -46.596759796 -0.093194276 -0.026954422 0.995283008 514.386474609
0.995659828 -0.002614871 0.093030594 54.103981018 0.000115006 0.999639034 0.026866646 -46.773895264 -0.093067259 -0.026739340 0.995300829 516.694824219
0.995650649 -0.001621861 0.093150131 54.397396088 -0.000829071 0.999654651 0.026266912 -46.950099945 -0.093160547 -0.026229898 0.995305538 518.985717773
0.995559871 0.000300604 0.094129711 54.692085266 -0.002865481 0.999628186 0.027114350 -47.139682770 -0.094086565 -0.027263690 0.995190620 521.317932129
0.995488286 0.002405772 0.094854303 54.998252869 -0.005011443 0.999616265 0.027241610 -47.317043304 -0.094752371 -0.027594058 0.995118380 523.648620605
0.995433331 0.003109536 0.095408447 55.306175232 -0.005844186 0.999579668 0.028396536 -47.487236023 -0.095280036 -0.028824443 0.995033085 525.965393066
0.995368481 0.002838600 0.096091449 55.610275269 -0.005581101 0.999584317 0.028283803 -47.660392761 -0.095971242 -0.028689098 0.994970500 528.276123047
0.995317459 0.001053996 0.096653409 55.911319733 -0.003929983 0.999554992 0.029570138 -47.831729889 -0.096579239 -0.029811520 0.994878769 530.584960938
0.995265067 -0.000517600 0.097196594 56.225177765 -0.002336934 0.999569297 0.029252525 -48.003089905 -0.097169884 -0.029341159 0.994835138 532.903869629
0.995232165 -0.000796100 0.097531058 56.536651611 -0.002038686 0.999578416 0.028962364 -48.180023193 -0.097513005 -0.029023111 0.994810998 535.216735840
0.995130301 -0.001002761 0.098564215 56.844398499 -0.001829648 0.999588072 0.028642094 -48.353019714 -0.098552346 -0.028682949 0.994718432 537.532287598
0.995038569 -0.000479205 0.099488944 57.155090332 -0.002328549 0.999602318 0.028103719 -48.530818939 -0.099462859 -0.028195951 0.994641721 539.854980469
0.994935155 0.000378629 0.100518152 57.464286804 -0.003200249 0.999605298 0.027910989 -48.709152222 -0.100467920 -0.028091304 0.994543672 542.175842285
0.994834185 0.000632709 0.101511896 57.787506104 -0.003389688 0.999629974 0.026988976 -48.884708405 -0.101457261 -0.027193649 0.994468212 544.499816895
0.994708002 0.000423589 0.102741599 58.087406158 -0.003289016 0.999610245 0.027721828 -49.070457458 -0.102689825 -0.027913045 0.994321644 546.825195312
0.994613707 0.000624602 0.103650019 58.407161713 -0.003599503 0.999586880 0.028516827 -49.246917725 -0.103589393 -0.028736316 0.994204938 549.138793945
0.994502366 0.000961597 0.104709454 58.708587646 -0.003990232 0.999579549 0.028718546 -49.429420471 -0.104637779 -0.028978476 0.994088113 551.438415527
0.994560540 -0.000201173 0.104159772 59.049289703 -0.002712681 0.999608934 0.027832432 -49.600585938 -0.104124650 -0.027963592 0.994171083 553.752380371
0.994554460 -0.000364784 0.104216971 59.382400513 -0.002626192 0.999588728 0.028560860 -49.779258728 -0.104184479 -0.028679026 0.994144499 556.064331055
0.994488657 -0.000297401 0.104843847 59.706874847 -0.002725010 0.999584854 0.028683320 -49.950302124 -0.104808852 -0.028810930 0.994074941 558.372497559
0.994465411 0.000232291 0.105064236 60.043529510 -0.003365807 0.999554574 0.029648442 -50.124443054 -0.105010569 -0.029837975 0.994023383 560.709655762
0.994459510 -0.000139981 0.105120331 60.382041931 -0.003078301 0.999531507 0.030452358 -50.300064087 -0.105075330 -0.030607229 0.993993163 563.043823242
0.994422436 0.000133364 0.105471462 60.717731476 -0.003463892 0.999500990 0.031394973 -50.474723816 -0.105414666 -0.031585205 0.993926644 565.361999512
0.994371176 0.001151905 0.105946459 61.052886963 -0.004431661 0.999517977 0.030726520 -50.647445679 -0.105859987 -0.031023089 0.993897021 567.683776855
0.994379699 0.002158067 0.105850562 61.400093079 -0.005298150 0.999553919 0.029393027 -50.814929962 -0.105739906 -0.029788641 0.993947566 570.011596680
0.994333923 0.002694507 0.106267311 61.744041443 -0.005903689 0.999535620 0.029896136 -50.991241455 -0.106137395 -0.030354111 0.993888140 572.333129883
0.994311213 0.002288451 0.106488921 62.077430725 -0.005569129 0.999518633 0.030520534 -51.162826538 -0.106367819 -0.030939961 0.993845344 574.716003418
0.994299471 0.002213544 0.106600739 62.421138763 -0.005681404 0.999464035 0.032238606 -51.344509125 -0.106472246 -0.032660469 0.993779123 577.027648926
0.994131446 0.002924529 0.108138621 62.729515076 -0.006323739 0.999496162 0.031104267 -51.525810242 -0.107993171 -0.031605575 0.993649065 579.421691895
0.994187415 0.002203946 0.107640512 63.078403473 -0.005523088 0.999518037 0.030547058 -51.686836243 -0.107521296 -0.030964013 0.993720472 581.760253906
0.994129002 0.001508111 0.108190849 63.420658112 -0.005033278 0.999464929 0.032317199 -51.867080688 -0.108084232 -0.032672003 0.993604720 584.079589844
0.994201660 0.001771976 0.107517213 63.767456055 -0.005269251 0.999465883 0.032252215 -52.033027649 -0.107402653 -0.032631744 0.993679881 586.397827148
0.994152725 -0.001071424 0.107977614 64.119728088 -0.002311865 0.999510407 0.031203194 -52.209289551 -0.107958175 -0.031270366 0.993663549 588.759033203
0.994202733 -0.001253568 0.107514404 64.472442627 -0.002101167 0.999514580 0.031083699 -52.374343872 -0.107501179 -0.031129401 0.993717492 591.107055664
0.994195759 -0.002901616 0.107546538 64.811653137 -0.000515941 0.999496162 0.031736031 -52.546401978 -0.107584432 -0.031607326 0.993693411 593.445373535
0.994237125 -0.003506706 0.107147008 65.164360046 0.000065141 0.999484420 0.032106642 -52.716827393 -0.107204385 -0.031914640 0.993724644 595.799865723
