1.000000000 0.000000000 0.000000000 0.000000000 0.000000000 1.000000000 0.000000000 0.000000000 0.000000000 0.000000000 1.000000000 0.000000000
0.999999881 0.000159492 0.000461121 0.086241037 -0.000159425 1.000000000 -0.000144780 -0.225799486 -0.000461144 0.000144707 0.999999881 2.287301302
0.999999166 0.000504015 0.001189554 0.164932832 -0.000504492 0.999999821 0.000400786 -0.462987363 -0.001189351 -0.000401386 0.999999225 4.583222389
0.999998569 0.000176267 0.001692000 0.262169093 -0.000177327 0.999999702 0.000625997 -0.694926202 -0.001691890 -0.000626296 0.999998391 6.874931812
0.999996185 0.000255034 0.002730008 0.354368478 -0.000252288 0.999999404 -0.001006121 -0.928068280 -0.002730263 0.001005428 0.999995768 9.173649788
0.999986827 0.001953987 0.004751905 0.446705639 -0.001955605 0.999998093 0.000335837 -1.163536668 -0.004751239 -0.000345125 0.999988675 11.479888916
0.999962926 0.003947174 0.007647283 0.530149639 -0.003960019 0.999990761 0.001665249 -1.395818830 -0.007640640 -0.001695471 0.999969363 13.788299561
0.999946475 0.003755704 0.009643116 0.642815828 -0.003794738 0.999984741 0.004032754 -1.621727228 -0.009627822 -0.004069131 0.999945402 16.060146332
0.999936104 0.003690193 0.010687197 0.749800444 -0.003741974 0.999981344 0.004829202 -1.845206499 -0.010669177 -0.004868884 0.999931157 18.396789551
0.999920547 0.002716389 0.012303039 0.858721673 -0.002779022 0.999983251 0.005076573 -2.072365046 -0.012289044 -0.005110361 0.999911368 20.686113358
0.999926090 0.000301434 0.012155168 0.988446593 -0.000336321 0.999995828 0.002868233 -2.302420139 -0.012154253 -0.002872110 0.999922037 23.011579514
0.999910831 -0.001955629 0.013212064 1.093423605 0.001944931 0.999997795 0.000822456 -2.522484541 -0.013213645 -0.000796686 0.999912381 25.294006348
0.999910235 -0.002957424 0.013066391 1.228846550 0.002955143 0.999995530 0.000193882 -2.768250942 -0.013066906 -0.000155252 0.999914587 27.611751556
0.999900162 -0.002628785 0.013883701 1.338646650 0.002639922 0.999996185 -0.000783859 -2.994587421 -0.013881586 0.000820433 0.999903321 29.899103165
0.999888957 -0.000315233 0.014898287 1.458667278 0.000296909 0.999999225 0.001232147 -3.220773697 -0.014898664 -0.001227587 0.999888241 32.191806793
0.999887526 0.001677468 0.014907560 1.590016842 -0.001728318 0.999992788 0.003398800 -3.442555428 -0.014901753 -0.003424183 0.999883115 34.472324371
0.999857962 0.003718544 0.016436873 1.706080794 -0.003848445 0.999961555 0.007878485 -3.679473400 -0.016406948 -0.007940623 0.999833882 36.784130096
0.999834478 0.005482048 0.017339973 1.821474791 -0.005611339 0.999956787 0.007416415 -3.898350716 -0.017298568 -0.007512491 0.999822140 39.057228088
0.999804497 0.004864450 0.019171095 1.930630207 -0.004980301 0.999969602 0.005999903 -4.104620934 -0.019141328 -0.006094207 0.999798238 41.350200653
0.999811172 0.002432543 0.019280910 2.057432413 -0.002526985 0.999984920 0.004875395 -4.328849316 -0.019268760 -0.004923197 0.999802232 43.626091003
0.999823332 0.002289133 0.018661816 2.204918385 -0.002367422 0.999988496 0.004174121 -4.556662560 -0.018652048 -0.004217563 0.999817133 45.878707886
0.999821007 0.001548202 0.018855134 2.326420307 -0.001606304 0.999993920 0.003066740 -4.784510612 -0.018850273 -0.003096478 0.999817550 48.163684845
0.999825954 -0.000177699 0.018655015 2.466856718 0.000113150 0.999993980 0.003461164 -5.014189243 -0.018655514 -0.003458451 0.999819994 50.447498322
0.999807894 -0.000479798 0.019592512 2.595559835 0.000405143 0.999992669 0.003814193 -5.235671520 -0.019594198 -0.003805523 0.999800920 52.712024689
0.999794960 -0.001754931 0.020178594 2.728230953 0.001679025 0.999991536 0.003778010 -5.464188099 -0.020185055 -0.003743355 0.999789298 54.998439789
0.999776781 -0.002371541 0.020991744 2.854643822 0.002280185 0.999987781 0.004374890 -5.697822094 -0.021001862 -0.004326047 0.999770105 57.293804169
0.999764860 -0.003973744 0.021317635 2.995762348 0.003862863 0.999978781 0.005240038 -5.924797058 -0.021338010 -0.005156458 0.999759018 59.564006805
0.999717414 -0.005375742 0.023155246 3.115839958 0.005267697 0.999974966 0.004724496 -6.149344921 -0.023180066 -0.004601185 0.999720633 61.833900452
0.999700069 -0.005835230 0.023784393 3.267387152 0.005728005 0.999973118 0.004573891 -6.372681141 -0.023810452 -0.004436283 0.999706626 64.087593079
0.999675035 -0.005419691 0.024908995 3.408555031 0.005292773 0.999972641 0.005158303 -6.594135761 -0.024936276 -0.005024789 0.999676406 66.354644775
0.999660850 -0.004519447 0.025647575 3.557301521 0.004378386 0.999974966 0.005553469 -6.820108414 -0.025672033 -0.005439291 0.999655604 68.616165161
0.999627113 -0.004705633 0.026895005 3.695245981 0.004569180 0.999976516 0.005132738 -7.041989803 -0.026918523 -0.005007936 0.999625027 70.868820190
0.999612451 -0.005520577 0.027285775 3.853682518 0.005417344 0.999977827 0.003855895 -7.265374184 -0.027306458 -0.003706584 0.999620259 73.123237610
0.999598324 -0.006404870 0.027608374 4.010139465 0.006288272 0.999970913 0.004308089 -7.492118835 -0.027635168 -0.004132749 0.999609530 75.408210754
0.999548316 -0.007680145 0.029054454 4.164479733 0.007565924 0.999963284 0.004039089 -7.724070549 -0.029084403 -0.003817442 0.999569654 77.673545837
0.999555767 -0.008849078 0.028459381 4.324225426 0.008748335 0.999954998 0.003662452 -7.952475071 -0.028490515 -0.003411853 0.999588251 79.939147949
0.999525785 -0.009278258 0.029359436 4.469830990 0.009181105 0.999951839 0.003442153 -8.169898987 -0.029389963 -0.003170968 0.999563038 82.195259094
0.999507368 -0.008832395 0.030115645 4.637884617 0.008734166 0.999956131 0.003391671 -8.396283150 -0.030144282 -0.003126966 0.999540687 84.466209412
0.999454141 -0.008592080 0.031898282 4.788061142 0.008476305 0.999957085 0.003763035 -8.612693787 -0.031929247 -0.003490601 0.999484062 86.724273682
0.999460638 -0.008738426 0.031659294 4.958860397 0.008581368 0.999950230 0.005093387 -8.842120171 -0.031702228 -0.004818959 0.999485731 88.999259949
0.999431014 -0.007814030 0.032810085 5.113507271 0.007623678 0.999953389 0.005922716 -9.069411278 -0.032854829 -0.005669212 0.999444067 91.252899170
0.999409556 -0.008040067 0.033405609 5.281332970 0.007857323 0.999953449 0.005598138 -9.286860466 -0.033449069 -0.005332354 0.999426186 93.511894226
0.999388158 -0.008221791 0.033993922 5.445768356 0.008057174 0.999955118 0.004976702 -9.503056526 -0.034033313 -0.004699762 0.999409616 95.773101807
0.999356627 -0.008768373 0.034774948 5.610914230 0.008587672 0.999948859 0.005342213 -9.723027229 -0.034820005 -0.005040139 0.999380887 98.035202026
0.999329865 -0.008731810 0.035545796 5.771460533 0.008558765 0.999950767 0.005017531 -9.953869820 -0.035587851 -0.004709941 0.999355435 100.274711609
0.999288440 -0.008919182 0.036647983 5.936920166 0.008696817 0.999942780 0.006222591 -10.171036720 -0.036701392 -0.005899443 0.999308825 102.521484375
0.999267399 -0.009180027 0.037154049 6.122635841 0.008962477 0.999941707 0.006017710 -10.388304710 -0.037207123 -0.005680308 0.999291360 104.775337219
0.999238729 -0.009788443 0.037766878 6.287184715 0.009546051 0.999932706 0.006593153 -10.612848282 -0.037828878 -0.006227610 0.999264836 107.050369263
0.999206901 -0.011157304 0.038224529 6.467636108 0.010902015 0.999916911 0.006880586 -10.829598427 -0.038298123 -0.006458405 0.999245465 109.301795959
0.999161720 -0.012326906 0.039037272 6.643504143 0.012044001 0.999899507 0.007473957 -11.049213409 -0.039125480 -0.006997525 0.999209821 111.561370850
0.999140024 -0.012900562 0.039408240 6.827994347 0.012665187 0.999900460 0.006216573 -11.270366669 -0.039484523 -0.005712113 0.999203801 113.828300476
0.999094546 -0.013291303 0.040413797 7.006187439 0.013084752 0.999899924 0.005371150 -11.489020348 -0.040481139 -0.004837483 0.999168575 116.082633972
0.999060452 -0.013728946 0.041106597 7.183989048 0.013498357 0.999891579 0.005881851 -11.714633942 -0.041182891 -0.005321454 0.999137461 118.334045410
0.999009490 -0.014233120 0.042160533 7.367186546 0.013964234 0.999880254 0.006665320 -11.937165260 -0.042250358 -0.006069977 0.999088585 120.605239868
0.998974264 -0.014841043 0.042779852 7.560617447 0.014555763 0.999869764 0.006972271 -12.156922340 -0.042877749 -0.006342426 0.999060154 122.849983215
0.998928010 -0.015699403 0.043547541 7.750700474 0.015416180 0.999857843 0.006832041 -12.378990173 -0.043648604 -0.006153379 0.999028087 125.118026733
0.998897552 -0.016568281 0.043921422 7.938782692 0.016327759 0.999849677 0.005829270 -12.599251747 -0.044011407 -0.005105706 0.999017954 127.375915527
0.998875022 -0.018039105 0.043855719 8.122924805 0.017779134 0.999822021 0.006310784 -12.817060471 -0.043961741 -0.005523966 0.999017894 129.631958008
0.998901248 -0.019017890 0.042831838 8.309206963 0.018746717 0.999801755 0.006723915 -13.032734871 -0.042951211 -0.005913571 0.999059677 131.874618530
0.998961568 -0.019241318 0.041297831 8.505292892 0.018924512 0.999788523 0.008048581 -13.250131607 -0.041443966 -0.007258683 0.999114454 134.110183716
0.998997688 -0.020500848 0.039790127 8.697514534 0.020200867 0.999764502 0.007926533 -13.483714104 -0.039943252 -0.007114793 0.999176562 136.390350342
0.999074936 -0.021211877 0.037408698 8.905540466 0.020954855 0.999754131 0.007249380 -13.691170692 -0.037553269 -0.006458779 0.999273777 138.611694336
0.999051154 -0.021571616 0.037835106 9.060295105 0.021302307 0.999744892 0.007506745 -13.914164543 -0.037987389 -0.006693648 0.999255776 140.915618896
0.999046147 -0.021935375 0.037757415 9.228305817 0.021666996 0.999737084 0.007502700 -14.119997978 -0.037912060 -0.006677454 0.999258757 143.145599365
0.999081552 -0.021742387 0.036922984 9.410455704 0.021422595 0.999729693 0.009034687 -14.350758553 -0.037109435 -0.008235404 0.999277234 145.407836914
0.999104500 -0.020706626 0.036898289 9.582866669 0.020427214 0.999759853 0.007933495 -14.562835693 -0.037053697 -0.007172661 0.999287546 147.658264160
0.999120474 -0.019343134 0.037206665 9.753770828 0.019115208 0.999796331 0.006472162 -14.778359413 -0.037324283 -0.005755256 0.999286592 149.915573120
0.999140024 -0.017566705 0.037558272 9.927011490 0.017366497 0.999833167 0.005650303 -14.998248100 -0.037651267 -0.004993189 0.999278486 152.167861938
0.999148488 -0.016778966 0.037692785 10.106788635 0.016575605 0.999846280 0.005701387 -15.214170456 -0.037782654 -0.005071751 0.999273062 154.411163330
0.999142349 -0.016064407 0.038164686 10.280774117 0.015836626 0.999854982 0.006263256 -15.431751251 -0.038259763 -0.005653484 0.999251783 156.673843384
0.999145865 -0.015118308 0.038459364 10.468142509 0.014840663 0.999861717 0.007494528 -15.649244308 -0.038567349 -0.006917364 0.999232113 158.894439697
0.999082625 -0.014760326 0.040198468 10.625171661 0.014420134 0.999857783 0.008739672 -15.874043465 -0.040321749 -0.008151987 0.999153495 161.184753418
0.999052703 -0.013742489 0.041291296 10.801828384 0.013313875 0.999854743 0.010637454 -16.088645935 -0.041431487 -0.010077628 0.999090552 163.417251587
0.999029338 -0.012712195 0.042175300 10.991533279 0.012314174 0.999877214 0.009683693 -16.290620804 -0.042293224 -0.009154939 0.999063313 165.695022583
0.998992503 -0.012026150 0.043236569 11.182391167 0.011676676 0.999897182 0.008326322 -16.499952316 -0.043332260 -0.007813072 0.999030113 167.946075439
0.998918235 -0.010095016 0.045393821 11.362368584 0.009719529 0.999916792 0.008484915 -16.709247589 -0.045475695 -0.008034529 0.998933136 170.181106567
0.998809755 -0.009884780 0.047763951 11.554902077 0.009471550 0.999915779 0.008870120 -16.932062149 -0.047847610 -0.008407163 0.998819292 172.470825195
0.998690188 -0.010128270 0.050152600 11.752473831 0.009715863 0.999917030 0.008460018 -17.140878677 -0.050234128 -0.007961664 0.998705685 174.747512817
0.998610616 -0.010041134 0.051729765 11.958486557 0.009580011 0.999912322 0.009154343 -17.357099533 -0.051817145 -0.008646056 0.998619139 177.013381958
0.998555720 -0.010494877 0.052690376 12.155726433 0.009981165 0.999900162 0.010003299 -17.565069199 -0.052790109 -0.009462940 0.998560786 179.235015869
0.998554111 -0.011855907 0.052432474 12.372035980 0.011358743 0.999887764 0.009769842 -17.779664993 -0.052542403 -0.009160148 0.998576820 181.503555298
0.998510897 -0.012720586 0.053049210 12.567195892 0.012225504 0.999878705 0.009646592 -17.988868713 -0.053165488 -0.008983675 0.998545349 183.747039795
0.998586833 -0.014372891 0.051164344 12.798348427 0.013922027 0.999861062 0.009157606 -18.202606201 -0.051288858 -0.008432354 0.998648286 185.984817505
0.998583794 -0.015966197 0.050749164 13.002833366 0.015460737 0.999827027 0.010337021 -18.420465469 -0.050905433 -0.009537762 0.998657942 188.232696533
0.998592019 -0.016817445 0.050312463 13.210830688 0.016347354 0.999818921 0.009740398 -18.625522614 -0.050467163 -0.008904209 0.998686016 190.476043701
0.998565555 -0.017733492 0.050520990 13.409741402 0.017271668 0.999805033 0.009563360 -18.838729858 -0.050680734 -0.008677060 0.998677194 192.713897705
0.998522878 -0.018803284 0.050975002 13.594821930 0.018338261 0.999785960 0.009575031 -19.048969269 -0.051144138 -0.008626093 0.998654008 194.951385498
0.998558342 -0.018495202 0.050390571 13.827159882 0.018037150 0.999791920 0.009529747 -19.269916534 -0.050556336 -0.008607107 0.998684049 197.229415894
0.998574138 -0.016282469 0.050838180 14.027524948 0.015827795 0.999831200 0.009333389 -19.475156784 -0.050981566 -0.008515429 0.998663306 199.471206665
0.998594820 -0.014280596 0.051033836 14.229888916 0.013827904 0.999861956 0.009212459 -19.692129135 -0.051158343 -0.008493824 0.998654425 201.701217651
0.998569787 -0.013838132 0.051641930 14.438057899 0.013418865 0.999874115 0.008456621 -19.902685165 -0.051752452 -0.007751549 0.998629987 203.961395264
0.998527288 -0.014084983 0.052391320 14.634737015 0.013612982 0.999863505 0.009355156 -20.112529755 -0.052515946 -0.008628177 0.998582780 206.185714722
0.998514652 -0.015646666 0.052189361 14.868330002 0.015178779 0.999841094 0.009349590 -20.332210541 -0.052327361 -0.008543532 0.998593390 208.450515747
0.998451829 -0.015239048 0.053495627 15.071582794 0.014745481 0.999845147 0.009608928 -20.533409119 -0.053633776 -0.008805232 0.998521864 210.695358276
0.998388052 -0.016061045 0.054436084 15.292428970 0.015477994 0.999818444 0.011115411 -20.765703201 -0.054604724 -0.010254931 0.998455405 212.958465576
0.998326242 -0.014555614 0.055972945 15.523945808 0.013943677 0.999838829 0.011307770 -20.971696854 -0.056128521 -0.010508374 0.998368263 215.192611694
0.998165131 -0.012491114 0.059248317 15.744632721 0.011842393 0.999866128 0.011287712 -21.180536270 -0.059381384 -0.010565357 0.998179436 217.488571167
0.998034000 -0.012529382 0.061409283 15.969713211 0.011833109 0.999861538 0.011688846 -21.386388779 -0.061547238 -0.010939203 0.998044193 219.733978271
0.997904778 -0.013715613 0.063228317 16.197837830 0.012973274 0.999842167 0.012136278 -21.586483002 -0.063384801 -0.011290571 0.997925222 221.969039917
0.997802854 -0.015269388 0.064469449 16.430547714 0.014456731 0.999810278 0.013053022 -21.788703918 -0.064656526 -0.012092323 0.997834444 224.209426880
0.997737348 -0.017471731 0.064922713 16.681056976 0.016702341 0.999783874 0.012374783 -21.998933792 -0.065124907 -0.011262421 0.997813582 226.448028564
0.997699916 -0.018710302 0.065151729 16.919055939 0.017967924 0.999767005 0.011961993 -22.196599960 -0.065360360 -0.010763838 0.997803688 228.707015991
0.997643411 -0.018984845 0.065933309 17.152885437 0.018224744 0.999760568 0.012110783 -22.397811890 -0.066147439 -0.010880623 0.997750521 230.951553345
0.997589171 -0.020439237 0.066318050 17.398239136 0.019738156 0.999742329 0.011209617 -22.602014542 -0.066530079 -0.009873597 0.997735560 233.198440552
0.997536898 -0.021486001 0.066771939 17.638465881 0.020714674 0.999710619 0.012222770 -22.801069260 -0.067015253 -0.010809506 0.997693360 235.435745239
0.997539878 -0.020563338 0.067017376 17.898010254 0.019771077 0.999726772 0.012463645 -23.008277893 -0.067255370 -0.011107978 0.997673869 237.706253052
0.997513473 -0.020384980 0.067462631 18.138460159 0.019606695 0.999733567 0.012178760 -23.206468582 -0.067692928 -0.010825758 0.997647464 239.941894531
0.997485161 -0.020542327 0.067834854 18.383552551 0.019739000 0.999727130 0.012491544 -23.411098480 -0.068072952 -0.011121136 0.997618377 242.177749634
0.997433364 -0.020785060 0.068516538 18.622589111 0.019970881 0.999721766 0.012546675 -23.609348297 -0.068758257 -0.011146138 0.997571230 244.422088623
0.997397244 -0.020981241 0.068982147 18.867475510 0.020204594 0.999724627 0.011937308 -23.819282532 -0.069213606 -0.010512482 0.997546494 246.654785156
0.997420311 -0.020380735 0.068827547 19.126743317 0.019669782 0.999746025 0.010991511 -24.024738312 -0.069034085 -0.009609335 0.997568011 248.901229858
0.997398555 -0.020711109 0.069044776 19.376064301 0.019944917 0.999731779 0.011768133 -24.237831116 -0.069269992 -0.010360423 0.997544169 251.140457153
0.997370183 -0.021844538 0.069105580 19.629676819 0.021092441 0.999710262 0.011594420 -24.442173004 -0.069338851 -0.010106321 0.997541964 253.373229980
0.997357070 -0.021891700 0.069278941 19.880973816 0.021090452 0.999702215 0.012275996 -24.646842957 -0.069527045 -0.010782426 0.997521758 255.625793457
0.997309744 -0.022466866 0.069774613 20.117494583 0.021648584 0.999687970 0.012461739 -24.851905823 -0.070032805 -0.010917692 0.997484982 257.849212646
0.997303903 -0.022816138 0.069744855 20.385524750 0.021937430 0.999670327 0.013339154 -25.066585541 -0.070026234 -0.011773168 0.997475624 260.110412598
0.997269928 -0.022528658 0.070322171 20.636474609 0.021687284 0.999684095 0.012705361 -25.265691757 -0.070586175 -0.011145578 0.997443438 262.356750488
0.997246146 -0.022522237 0.070660651 20.891862869 0.021703776 0.999688387 0.012329529 -25.467990875 -0.070916347 -0.010761973 0.997424126 264.613494873
0.997215509 -0.021907382 0.071282022 21.145641327 0.021109208 0.999706089 0.011931567 -25.676898956 -0.071522444 -0.010393640 0.997384846 266.849578857
0.997154117 -0.021223823 0.072340332 21.398107529 0.020410899 0.999720156 0.011958363 -25.877346039 -0.072573893 -0.010447800 0.997308314 269.092163086
0.997041464 -0.020914864 0.073965818 21.652900696 0.020125059 0.999732375 0.011407276 -26.083831787 -0.074184619 -0.009884960 0.997195542 271.352203369
0.996974170 -0.021654723 0.074656576 21.927183151 0.020820219 0.999711931 0.011938219 -26.294761658 -0.074893579 -0.010347730 0.997137845 273.602020264
0.996763170 -0.022175811 0.077274308 22.168476105 0.021300279 0.999699593 0.012136106 -26.487495422 -0.077520214 -0.010450860 0.996936023 275.854248047
0.996646106 -0.022084741 0.078796834 22.438621521 0.021085363 0.999686599 0.013492659 -26.685209274 -0.079070129 -0.011785946 0.996799409 278.095611572
0.996603310 -0.021396436 0.079523899 22.727926254 0.020297606 0.999687493 0.014600437 -26.895082474 -0.079811454 -0.012936700 0.996726036 280.361816406
0.996513009 -0.021139875 0.080715090 23.005277634 0.019914385 0.999674320 0.015957922 -27.101335526 -0.081026129 -0.014294885 0.996609449 282.599273682
0.996424973 -0.020229204 0.082024463 23.271657944 0.018999657 0.999695539 0.015743006 -27.290143967 -0.082317978 -0.014128288 0.996505976 284.834625244
0.996323168 -0.019190863 0.083497137 23.536306381 0.017989419 0.999723852 0.015117750 -27.483024597 -0.083764218 -0.013560099 0.996393383 287.061462402
0.996309817 -0.018398361 0.083834380 23.817882538 0.017304491 0.999755621 0.013756095 -27.669208527 -0.084066980 -0.012254622 0.996384859 289.318878174
0.996248305 -0.019290356 0.084363222 24.089179993 0.018142775 0.999732435 0.014348511 -27.876136780 -0.084617428 -0.012764097 0.996331751 291.545501709
0.996135890 -0.019305088 0.085677229 24.342666626 0.018257279 0.999748826 0.012996550 -28.069169998 -0.085906610 -0.011382096 0.996238172 293.820068359
0.996159971 -0.019822951 0.085278124 24.626296997 0.018852837 0.999748230 0.012166347 -28.267515182 -0.085497819 -0.010511893 0.996282995 296.046936035
0.996150196 -0.019796135 0.085396923 24.906066895 0.018834267 0.999749959 0.012054600 -28.470251083 -0.085614197 -0.010399805 0.996274114 298.284973145
0.996130943 -0.019054364 0.085790575 25.183326721 0.018073870 0.999762356 0.012191232 -28.669185638 -0.086002477 -0.010593497 0.996238649 300.524261475
0.996098757 -0.019052422 0.086164080 25.451227188 0.018008342 0.999754906 0.012878494 -28.875623703 -0.086388312 -0.011276580 0.996197701 302.773101807
0.996096790 -0.019636245 0.086055517 25.737329483 0.018595468 0.999744058 0.012879277 -29.074783325 -0.086286403 -0.011228763 0.996207118 305.021026611
0.996065617 -0.019037286 0.086549580 26.023595810 0.017970614 0.999752879 0.013086886 -29.278009415 -0.086777337 -0.011480049 0.996161520 307.274017334
0.996070743 -0.020176493 0.086232111 26.311351776 0.019103941 0.999729693 0.013245295 -29.489191055 -0.086476058 -0.011545879 0.996187031 309.529235840
0.996015906 -0.021182772 0.086623445 26.593074799 0.020078273 0.999705851 0.013602132 -29.688507080 -0.086886100 -0.011808691 0.996148288 311.787017822
0.995987356 -0.020798873 0.087044686 26.876523972 0.019744840 0.999721110 0.012952754 -29.891674042 -0.087289818 -0.011182093 0.996120155 314.034271240
0.995999455 -0.020394098 0.087001175 27.168731689 0.019271204 0.999720037 0.013727173 -30.096582413 -0.087256774 -0.011995639 0.996113658 316.281982422
0.995955288 -0.018650161 0.087893113 27.450607300 0.017591789 0.999763310 0.012800889 -30.298866272 -0.088111043 -0.011202916 0.996047616 318.525543213
0.995942891 -0.016780404 0.088409238 27.730571747 0.015663639 0.999788702 0.013310485 -30.499773026 -0.088613927 -0.011871670 0.995995283 320.777984619
0.995876849 -0.015504697 0.089380652 28.008531570 0.014383889 0.999809802 0.013170256 -30.704689026 -0.089567848 -0.011830315 0.995910406 323.012390137
0.995830297 -0.015233915 0.089944206 28.293598175 0.014049429 0.999806225 0.013787633 -30.903985977 -0.090136811 -0.012466481 0.995851278 325.249389648
0.995832562 -0.014643197 0.090016410 28.592575073 0.013331189 0.999796212 0.015159223 -31.113874435 -0.090220049 -0.013896024 0.995824933 327.483215332
0.995781958 -0.015289648 0.090467475 28.873996735 0.013973174 0.999787331 0.015167450 -31.318332672 -0.090680145 -0.013839357 0.995783925 329.729827881
0.995792925 -0.017150529 0.090012550 29.176305771 0.015929570 0.999771357 0.014265276 -31.512832642 -0.090236627 -0.012771399 0.995838463 331.967559814
0.995800197 -0.016702818 0.090015665 29.464855194 0.015518452 0.999783754 0.013841211 -31.711114883 -0.090227380 -0.012386180 0.995844185 334.186676025
0.995783687 -0.016786953 0.090182565 29.751874924 0.015481885 0.999765337 0.015151538 -31.908321381 -0.090415761 -0.013691459 0.995809972 336.411804199
0.995857000 -0.017648803 0.089203693 30.060249329 0.016365994 0.999752164 0.015091746 -32.103279114 -0.089447938 -0.013569317 0.995899081 338.645660400
0.995857358 -0.017514965 0.089226611 30.344085693 0.016206713 0.999750614 0.015365629 -32.305526733 -0.089473478 -0.013855903 0.995892823 340.889892578
0.995904982 -0.017804479 0.088635564 30.642383575 0.016515331 0.999747217 0.015256601 -32.507411957 -0.088884801 -0.013730280 0.995947242 343.133483887
0.995923579 -0.018208975 0.088344127 30.931243896 0.016886665 0.999734282 0.015692208 -32.702754974 -0.088606387 -0.014136402 0.995966375 345.374237061
0.995970666 -0.018037401 0.087848231 31.220197678 0.016723305 0.999737203 0.015671903 -32.894985199 -0.088107847 -0.014139639 0.996010602 347.613494873
0.996010602 -0.017979613 0.087404378 31.505809784 0.016675754 0.999738991 0.015624960 -33.091266632 -0.087662488 -0.014105095 0.996050358 349.857818604
0.996032238 -0.017579867 0.087240621 31.790416718 0.016244980 0.999740183 0.015987728 -33.290283203 -0.087499000 -0.014507067 0.996058941 352.100616455
0.996068716 -0.017850570 0.086766437 32.074584961 0.016488846 0.999729693 0.016385654 -33.483341217 -0.087035477 -0.014890558 0.996093869 354.326507568
0.996093690 -0.017437791 0.086565115 32.355003357 0.016126798 0.999744773 0.015820907 -33.679164886 -0.086818904 -0.014363084 0.996120512 356.563903809
0.996148229 -0.017623937 0.085895628 32.642547607 0.016281400 0.999734461 0.016305488 -33.874328613 -0.086160168 -0.014844176 0.996170819 358.801269531
0.996199071 -0.017258726 0.085378878 32.928298950 0.015849063 0.999727130 0.017161084 -34.072227478 -0.085651740 -0.015742680 0.996200740 361.047088623
0.996264756 -0.017556982 0.084547527 33.219352722 0.016167628 0.999723136 0.017089650 -34.269073486 -0.084824152 -0.015658882 0.996272862 363.291107178
0.996303141 -0.017481651 0.084109552 33.503314972 0.016049948 0.999715090 0.017668070 -34.463382721 -0.084394440 -0.016252801 0.996299863 365.528656006
0.996354640 -0.017586637 0.083474360 33.788219452 0.016234955 0.999726295 0.016844118 -34.655822754 -0.083747752 -0.015427509 0.996367574 367.788818359
0.996366680 -0.018068407 0.083227471 34.065814972 0.016730867 0.999719858 0.016740466 -34.851089478 -0.083506629 -0.015287178 0.996389925 370.039978027
0.996369004 -0.018104972 0.083193079 34.339740753 0.016838625 0.999731719 0.015898338 -35.042770386 -0.083458595 -0.014439750 0.996406734 372.303161621
0.996431231 -0.017784564 0.082513548 34.619567871 0.016528994 0.999737382 0.015874857 -35.241233826 -0.082774222 -0.014454337 0.996463478 374.544342041
0.996519685 -0.017795412 0.081435502 34.905715942 0.016519800 0.999730468 0.016311167 -35.432590485 -0.081703812 -0.014909102 0.996545136 376.790802002
0.996443748 -0.017410185 0.082442015 35.169189453 0.016068714 0.999727786 0.016907349 -35.626361847 -0.082713962 -0.015522487 0.996452451 379.027954102
0.996442556 -0.018017838 0.082326308 35.445644379 0.016650815 0.999712348 0.017261488 -35.825691223 -0.082613654 -0.015829284 0.996455848 381.269683838
0.996464908 -0.017761085 0.082111150 35.726707458 0.016385438 0.999714315 0.017397122 -36.017120361 -0.082396694 -0.015990192 0.996471345 383.527801514
0.996483982 -0.017036863 0.082034528 36.008407593 0.015643224 0.999722719 0.017601412 -36.213802338 -0.082311675 -0.016256239 0.996474028 385.784088135
0.996479750 -0.015946116 0.082303412 36.281448364 0.014548279 0.999740064 0.017555850 -36.398735046 -0.082561947 -0.016296675 0.996452689 388.038757324
0.996506870 -0.014663430 0.082213573 36.565162659 0.013267192 0.999758780 0.017503737 -36.597755432 -0.082450390 -0.016351854 0.996461034 390.309661865
0.996501267 -0.013218511 0.082527101 36.838504791 0.011804770 0.999775529 0.017595164 -36.796150208 -0.082741164 -0.016559388 0.996433496 392.586273193
0.996518433 -0.012051923 0.082497105 37.114486694 0.010531534 0.999767065 0.018840032 -36.987117767 -0.082704939 -0.017905613 0.996413231 394.849090576
0.996467292 -0.010807875 0.083283499 37.382869720 0.009222651 0.999769330 0.019395338 -37.182384491 -0.083473928 -0.018558726 0.996337116 397.107391357
0.996408463 -0.010500521 0.084022857 37.656230927 0.009025823 0.999798775 0.017911816 -37.381919861 -0.084194027 -0.017089110 0.996302843 399.372375488
0.996325910 -0.009819109 0.085078925 37.930217743 0.008376266 0.999815345 0.017299281 -37.573898315 -0.085233077 -0.016523082 0.996224046 401.646514893
0.996279955 -0.011574552 0.085394092 38.206058502 0.010035130 0.999779701 0.018434551 -37.767837524 -0.085588649 -0.017509034 0.996176660 403.909576416
0.996207118 -0.013073650 0.086025931 38.484298706 0.011402598 0.999737203 0.019887805 -37.964515686 -0.086263321 -0.018831447 0.996094406 406.159545898
0.996214569 -0.013765054 0.085830413 38.772464752 0.012138483 0.999737203 0.019444197 -38.150733948 -0.086075507 -0.018328743 0.996119976 408.423919678
0.996173024 -0.013620195 0.086335286 39.060329437 0.012103144 0.999763370 0.018070830 -38.337577820 -0.086560994 -0.016956745 0.996102273 410.688903809
0.996151567 -0.011974985 0.086825423 39.365505219 0.010394324 0.999772310 0.018634357 -38.538177490 -0.087028809 -0.017660154 0.996049166 412.968902588
0.996076107 -0.010799611 0.087840743 39.638984680 0.009213331 0.999787450 0.018444071 -38.730484009 -0.088021271 -0.017562389 0.995963752 415.207305908
0.995983064 -0.009616324 0.089023605 39.925292969 0.007990605 0.999795079 0.018600056 -38.921394348 -0.089184225 -0.017813988 0.995855808 417.480102539
0.995947063 -0.009717770 0.089414977 40.221019745 0.008116440 0.999800384 0.018255154 -39.113315582 -0.089574531 -0.017455438 0.995827138 419.734588623
0.995856524 -0.009603881 0.090430126 40.504833221 0.007976947 0.999800086 0.018335346 -39.302864075 -0.090588138 -0.017538020 0.995733976 421.984863281
0.995765388 -0.009839796 0.091402136 40.788379669 0.008214325 0.999801636 0.018142924 -39.498146057 -0.091562547 -0.017315296 0.995648742 424.240570068
0.995701909 -0.010079794 0.092065491 41.083404541 0.008333801 0.999778450 0.019329458 -39.690196991 -0.092239931 -0.018479118 0.995565355 426.514404297
0.995666802 -0.009200811 0.092535794 41.377349854 0.007390720 0.999774992 0.019884668 -39.878013611 -0.092697941 -0.019114600 0.995510697 428.768920898
0.995588660 -0.008482790 0.093441285 41.676414490 0.006594244 0.999768078 0.020501293 -40.066024780 -0.093593523 -0.019794682 0.995413601 431.045837402
0.995599091 -0.008695022 0.093309827 41.979461670 0.006778625 0.999759912 0.020835347 -40.269096375 -0.093468599 -0.020111142 0.995419085 433.320770264
0.995563388 -0.009541557 0.093608327 42.284355164 0.007665695 0.999762952 0.020378625 -40.467388153 -0.093780577 -0.019570637 0.995400488 435.588500977
0.995553851 -0.008705303 0.093790732 42.588466644 0.006827423 0.999770105 0.020324335 -40.644298553 -0.093946107 -0.019593621 0.995384455 437.859771729
0.995500863 -0.009103155 0.094313882 42.886100769 0.007170391 0.999757826 0.020811556 -40.836833954 -0.094480492 -0.020041663 0.995324910 440.135192871
0.995593548 -0.009073672 0.093333952 43.203769684 0.007152035 0.999755979 0.020902766 -41.023838043 -0.093500845 -0.020143129 0.995415449 442.407135010
0.995557785 -0.008381805 0.093777791 43.518821716 0.006376515 0.999745011 0.021662686 -41.213043213 -0.093935452 -0.020968480 0.995357394 444.697692871
0.995526254 -0.008872492 0.094068132 43.826931000 0.006857026 0.999740422 0.021727236 -41.397624969 -0.094236471 -0.020985005 0.995328665 446.975097656
0.995525539 -0.008626237 0.094097853 44.128116608 0.006653124 0.999751806 0.021262342 -41.586856842 -0.094257891 -0.020541161 0.995335877 449.239715576
0.995550871 -0.008071240 0.093879141 44.435165405 0.006129733 0.999761701 0.020950947 -41.776226044 -0.094025880 -0.020282280 0.995363116 451.499481201
0.995502174 -0.007383305 0.094449826 44.734111786 0.005449629 0.999770522 0.020714618 -41.970062256 -0.094581097 -0.020106731 0.995314062 453.764892578
0.995432794 -0.006903748 0.095214568 45.032455444 0.004944427 0.999771476 0.020798543 -42.152465820 -0.095336385 -0.020232772 0.995239496 456.035766602
0.995405853 -0.007075035 0.095483936 45.330730438 0.005141275 0.999776959 0.020483049 -42.348197937 -0.095607549 -0.019898042 0.995220125 458.292572021
0.995425820 -0.005969911 0.095350429 45.643882751 0.004108440 0.999797344 0.019706810 -42.537986755 -0.095448755 -0.019224925 0.995248616 460.575042725
0.995432377 -0.005172791 0.095329270 45.951641083 0.003234813 0.999785185 0.020472657 -42.732299805 -0.095414676 -0.020070776 0.995235264 462.858367920
0.995449781 -0.004959950 0.095157988 46.255207062 0.002887433 0.999755800 0.021905089 -42.921733856 -0.095243402 -0.021530656 0.995221138 465.134002686
0.995472968 -0.005161213 0.094904982 46.551231384 0.003062707 0.999747872 0.022244031 -43.104755402 -0.094995879 -0.021852665 0.995237768 467.401885986
0.995606363 -0.005123446 0.093497336 46.870555878 0.003191247 0.999778509 0.020803640 -43.287601471 -0.093583211 -0.020413866 0.995402157 469.689849854
0.995672941 -0.004903468 0.092797197 47.182403564 0.003015573 0.999785841 0.020473601 -43.482254028 -0.092877716 -0.020105178 0.995474517 471.985198975
0.995741725 -0.005563609 0.092018932 47.485401154 0.003576863 0.999757230 0.021741472 -43.680900574 -0.092117563 -0.021319754 0.995519817 474.261749268
0.995709777 -0.005745086 0.092353612 47.773658752 0.003740743 0.999754012 0.021861395 -43.868549347 -0.092456497 -0.021422133 0.995486259 476.545043945
0.995857656 -0.005356037 0.090768084 48.080898285 0.003438471 0.999767900 0.021269206 -44.039817810 -0.090860918 -0.020868994 0.995644927 478.822662354
0.995856524 -0.005444172 0.090774365 48.375770569 0.003458833 0.999751627 0.022014121 -44.229003906 -0.090871677 -0.021608932 0.995628119 481.101989746
0.995922327 -0.006041101 0.090012647 48.682785034 0.004019992 0.999736071 0.022618007 -44.416370392 -0.090125538 -0.022163926 0.995683670 483.381286621
0.995921135 -0.006495590 0.089992814 48.967880249 0.004559842 0.999754190 0.021698946 -44.599529266 -0.090111621 -0.021200091 0.995706022 485.671295166
0.996028066 -0.007998589 0.088679671 49.273197174 0.006011841 0.999725342 0.022648156 -44.802070618 -0.088836491 -0.022025075 0.995802701 487.979919434
0.996115744 -0.008417600 0.087649070 49.570915222 0.006443521 0.999719679 0.022781171 -44.983329773 -0.087816268 -0.022127911 0.995890856 490.263183594
0.996063650 -0.008116834 0.088268392 49.827957153 0.006114500 0.999718368 0.022931390 -45.177005768 -0.088429645 -0.022301404 0.995832741 492.531158447
0.996121049 -0.007643503 0.087660059 50.128849030 0.005605400 0.999708772 0.023472695 -45.361476898 -0.087813951 -0.022890273 0.995873868 494.819824219
0.996124029 -0.007411543 0.087648042 50.409267426 0.005389330 0.999714255 0.023286125 -45.546527863 -0.087795600 -0.022723503 0.995879292 497.123107910
0.996150732 -0.007133799 0.087366082 50.709999084 0.005153011 0.999724984 0.022876877 -45.738624573 -0.087505259 -0.022338618 0.995913565 499.444580078
0.996194422 -0.007277172 0.086853959 50.998992920 0.005252796 0.999709666 0.023513641 -45.921218872 -0.086999848 -0.022967931 0.995943546 501.739196777
0.996213973 -0.007095532 0.086645357 51.283996582 0.005046112 0.999702930 0.023849120 -46.108497620 -0.086788818 -0.023321606 0.995953739 504.016906738
0.996244073 -0.006021256 0.086379699 51.571868896 0.004038449 0.999724746 0.023110956 -46.292343140 -0.086495079 -0.022675317 0.995994210 506.309631348
0.996232092 -0.005593144 0.086547777 51.853385925 0.003556210 0.999713421 0.023671702 -46.475982666 -0.086655363 -0.023274723 0.995966434 508.602996826
0.996251225 -0.006015686 0.086297169 52.144462585 0.004072896 0.999734700 0.022671226 -46.659187317 -0.086410671 -0.022234756 0.996011376 510.891021729
0.996295035 -0.006868565 0.085727632 52.439846039 0.004857315 0.999708533 0.023647502 -46.851280212 -0.085865073 -0.023143478 0.996037900 513.194580078
0.996309221 -0.006708999 0.085574277 52.726985931 0.004687541 0.999705851 0.023801342 -47.032012939 -0.085708790 -0.023312364 0.996047437 515.494445801
0.996323645 -0.006164052 0.085447274 53.010036469 0.004173969 0.999716282 0.023449304 -47.213581085 -0.085567594 -0.023006439 0.996066689 517.801635742
0.996325552 -0.005130996 0.085493267 53.289897919 0.003158209 0.999725938 0.023194635 -47.400131226 -0.085588850 -0.022839401 0.996068656 520.101501465
0.996294498 -0.003613218 0.085931659 53.580585480 0.001624744 0.999729514 0.023198858 -47.587020874 -0.085992239 -0.022973279 0.996030927 522.452392578
0.996187985 -0.001301806 0.087222643 53.854042053 -0.000771140 0.999718130 0.023728240 -47.775115967 -0.087228939 -0.023705050 0.995906234 524.775817871
0.996229827 -0.000874175 0.086748257 54.167098999 -0.001247693 0.999701440 0.024402820 -47.950618744 -0.086743698 -0.024419054 0.995931327 527.112182617
0.996165991 -0.000996457 0.087477379 54.450653076 -0.001135288 0.999703646 0.024315974 -48.132511139 -0.087475687 -0.024322055 0.995869696 529.424621582
0.996114075 -0.002825010 0.088027410 54.733940125 0.000559650 0.999668241 0.025748778 -48.312690735 -0.088070944 -0.025599459 0.995785117 531.739685059
0.996067345 -0.004320960 0.088493772 55.035331726 0.002083791 0.999676287 0.025357308 -48.490226746 -0.088574700 -0.025073182 0.995753825 534.060058594
0.996055126 -0.004180737 0.088638306 55.333259583 0.001998634 0.999693215 0.024692530 -48.670318604 -0.088714339 -0.024417965 0.995757759 536.375244141
0.995980918 -0.004485345 0.089452997 55.625961304 0.002307484 0.999698877 0.024435000 -48.853710175 -0.089535631 -0.024130387 0.995691240 538.689697266
0.995905578 -0.003901497 0.090315416 55.915904999 0.001762645 0.999716341 0.023749668 -49.038417816 -0.090382464 -0.023493236 0.995629907 541.008361816
0.995823741 -0.003052355 0.091246799 56.209548950 0.000929593 0.999728084 0.023297409 -49.223236084 -0.091293134 -0.023115288 0.995555699 543.331359863
0.995754242 -0.002641362 0.092013538 56.515785217 0.000608673 0.999755323 0.022112267 -49.406112671 -0.092049442 -0.021962378 0.995512187 545.650878906
0.995629370 -0.002318375 0.093363814 56.796287537 0.000198236 0.999742031 0.022711232 -49.595417023 -0.093392387 -0.022593461 0.995373011 547.979736328
0.995565772 -0.002130868 0.094043538 57.096229553 -0.000061946 0.999728322 0.023307938 -49.782169342 -0.094067648 -0.023210412 0.995295227 550.297363281
0.995501399 -0.002009860 0.094725668 57.391372681 -0.000196605 0.999728978 0.023278123 -49.965934753 -0.094746776 -0.023192026 0.995231211 552.603576660
0.995513141 -0.003862234 0.094545901 57.704391479 0.001685303 0.999731839 0.023094149 -50.167968750 -0.094609775 -0.022831181 0.995252609 554.924499512
0.995553136 -0.003937087 0.094118983 58.023056030 0.001722823 0.999720097 0.023595901 -50.354064941 -0.094185546 -0.023328824 0.995281279 557.239624023
0.995500624 -0.003618453 0.094686054 58.327907562 0.001346308 0.999709845 0.024049500 -50.538688660 -0.094745614 -0.023813816 0.995216668 559.548156738
0.995474458 -0.002867465 0.094986349 58.640434265 0.000478203 0.999683142 0.025166949 -50.724510193 -0.095028438 -0.025007633 0.995160341 561.884094238
0.995476246 -0.003564236 0.094944127 58.958263397 0.001125709 0.999668360 0.025725003 -50.908569336 -0.095004335 -0.025501747 0.995150149 564.218322754
0.995437980 -0.002836521 0.095367976 59.271049500 0.000308870 0.999648511 0.026508506 -51.090099335 -0.095409639 -0.026358120 0.995089054 566.540222168
0.995380282 -0.001709450 0.095995791 59.582714081 -0.000791667 0.999661386 0.026010318 -51.275321960 -0.096007749 -0.025966153 0.995041847 568.862854004
0.995394528 -0.000561489 0.095860772 59.912109375 -0.001783604 0.999701202 0.024376089 -51.450809479 -0.095845833 -0.024434803 0.995096207 571.205078125
0.995359361 -0.000092644 0.096227586 60.232677460 -0.002272393 0.999698043 0.024467656 -51.633563995 -0.096200801 -0.024572777 0.995058596 573.525024414
0.995385826 -0.000339152 0.095952213 60.561897278 -0.002110812 0.999674320 0.025430519 -51.821880341 -0.095929593 -0.025515717 0.995061040 575.911132812
0.995397091 -0.000321964 0.095836416 60.886669159 -0.002261880 0.999636889 0.026851125 -52.010910034 -0.095810249 -0.026944300 0.995034873 578.225646973
0.995323539 0.000093414 0.096597373 61.196884155 -0.002556493 0.999674737 0.025374951 -52.199752808 -0.096563585 -0.025503231 0.995000005 580.618225098
0.995372713 -0.000517018 0.096088663 61.519729614 -0.001905440 0.999682665 0.025117192 -52.376663208 -0.096071154 -0.025184056 0.995055795 582.959289551
0.995321631 -0.000966119 0.096612319 61.833908081 -0.001600026 0.999648035 0.026480256 -52.567630768 -0.096603908 -0.026510956 0.994969726 585.279479980
0.995391071 -0.000747949 0.095895737 62.155036926 -0.001813758 0.999643862 0.026623512 -52.747161865 -0.095881492 -0.026674740 0.995035231 587.597717285
0.995356441 -0.003266546 0.096202396 62.482151031 0.000816678 0.999674737 0.025494142 -52.934646606 -0.096254386 -0.025297195 0.995035231 589.947570801
0.995366216 -0.003729196 0.096083798 62.800457001 0.001279838 0.999672949 0.025540913 -53.114421844 -0.096147627 -0.025299594 0.995045483 592.295349121
0.995368540 -0.005546390 0.095972143 63.111801147 0.003076230 0.999660611 0.025867132 -53.294273376 -0.096083060 -0.025452098 0.995047867 594.632324219
0.995400071 -0.006297431 0.095597424 63.439842224 0.003814548 0.999651194 0.026132844 -53.478324890 -0.095728636 -0.025647974 0.995077014 596.993469238
