1.000000000 0.000000000 0.000000000 0.000000000 0.000000000 1.000000000 0.000000000 0.000000000 0.000000000 0.000000000 1.000000000 0.000000000
0.999999940 -0.000020928 0.000420579 0.089222401 0.000021012 1.000000000 -0.000200077 -0.226779431 -0.000420575 0.000200086 0.999999881 2.296083689
0.999999285 0.000312286 0.001108930 0.167564958 -0.000312743 0.999999881 0.000411782 -0.466781050 -0.001108801 -0.000412128 0.999999285 4.587025642
0.999998748 0.000014095 0.001542949 0.267780751 -0.000014920 0.999999881 0.000534905 -0.696533024 -0.001542941 -0.000534927 0.999998689 6.873964310
0.999997079 -0.000157494 0.002409609 0.361251116 0.000160397 0.999999285 -0.001204674 -0.928176522 -0.002409418 0.001205058 0.999996305 9.164838791
0.999989152 0.001582590 0.004372155 0.453420103 -0.001583099 0.999998868 0.000113058 -1.163483500 -0.004371972 -0.000119979 0.999990404 11.468015671
0.999973476 0.003221303 0.006522821 0.563028991 -0.003229707 0.999993980 0.001278347 -1.398599148 -0.006518663 -0.001299380 0.999977887 13.755639076
0.999952078 0.003036958 0.009308587 0.663259387 -0.003073000 0.999987781 0.003860045 -1.627468109 -0.009296751 -0.003888465 0.999949217 16.035131454
0.999947071 0.003392495 0.009711281 0.764595985 -0.003446369 0.999978662 0.005536124 -1.859781742 -0.009692297 -0.005569299 0.999937534 18.308866501
0.999923885 0.002598742 0.012065026 0.861925721 -0.002667591 0.999980271 0.005693954 -2.083060980 -0.012049990 -0.005725704 0.999911010 20.606044769
0.999928236 0.000234405 0.011977619 0.984643698 -0.000270667 0.999995410 0.003025987 -2.303964376 -0.011976855 -0.003029011 0.999923706 22.906164169
0.999916434 -0.002035863 0.012763644 1.091665864 0.002025471 0.999997616 0.000827096 -2.521154881 -0.012765299 -0.000801175 0.999918222 25.190271378
0.999913871 -0.002367484 0.012907495 1.221881270 0.002358500 0.999996901 0.000711195 -2.774272919 -0.012909140 -0.000680691 0.999916375 27.487260818
0.999893904 -0.002043895 0.014417831 1.320976496 0.002049942 0.999997795 -0.000404661 -2.997554541 -0.014416973 0.000434173 0.999895930 29.772487640
0.999890387 0.000163224 0.014803484 1.451676726 -0.000192241 0.999998093 0.001958736 -3.224884033 -0.014803136 -0.001961367 0.999888480 32.050189972
0.999893546 0.002124958 0.014433886 1.586295962 -0.002183774 0.999989390 0.004060325 -3.444202185 -0.014425104 -0.004091413 0.999887586 34.330276489
0.999856472 0.004032815 0.016456546 1.702358961 -0.004167079 0.999958277 0.008132564 -3.673851013 -0.016423065 -0.008199973 0.999831498 36.638389587
0.999845147 0.006031151 0.016530583 1.828523159 -0.006159181 0.999951363 0.007705069 -3.891770840 -0.016483305 -0.007805692 0.999833703 38.910476685
0.999806821 0.005446210 0.018885959 1.932549238 -0.005553378 0.999968708 0.005626704 -4.092027187 -0.018854726 -0.005730497 0.999805748 41.232513428
0.999815464 0.002968086 0.018983170 2.059304953 -0.003058495 0.999984086 0.004735329 -4.319204807 -0.018968813 -0.004792515 0.999808550 43.507316589
0.999816000 0.003089665 0.018933237 2.194110394 -0.003163965 0.999987543 0.003895624 -4.546791553 -0.018920969 -0.003954811 0.999813259 45.771007538
0.999807179 0.002734523 0.019446949 2.316638470 -0.002789637 0.999992192 0.002807477 -4.774689674 -0.019439120 -0.002861185 0.999806941 48.046325684
0.999811351 0.001317106 0.019378074 2.455417871 -0.001378493 0.999994099 0.003154790 -5.003748417 -0.019373801 -0.003180907 0.999807358 50.330215454
0.999790132 0.000575677 0.020478351 2.584646225 -0.000644406 0.999994278 0.003349734 -5.227535725 -0.020476298 -0.003362228 0.999784708 52.596588135
0.999786854 -0.000604330 0.020635081 2.724856615 0.000539478 0.999994874 0.003148258 -5.456648350 -0.020636879 -0.003136455 0.999782085 54.884147644
0.999756396 -0.000663627 0.022062529 2.849394321 0.000582718 0.999993086 0.003673496 -5.687115669 -0.022064814 -0.003659745 0.999749839 57.175041199
0.999739587 -0.002116258 0.022722296 2.988386154 0.002017143 0.999988377 0.004384030 -5.913514614 -0.022731308 -0.004337054 0.999732196 59.442184448
0.999695182 -0.003360395 0.024459338 3.113179922 0.003269596 0.999987543 0.003751257 -6.139144897 -0.024471637 -0.003670141 0.999693811 61.711219788
0.999678195 -0.004165174 0.025027983 3.265632868 0.004077038 0.999985337 0.003571526 -6.363552094 -0.025042491 -0.003468336 0.999680519 63.960075378
0.999638796 -0.003601828 0.026633652 3.401937962 0.003491191 0.999985099 0.004199376 -6.586396694 -0.026648376 -0.004104876 0.999636531 66.228782654
0.999615967 -0.002747850 0.027572148 3.551760674 0.002620656 0.999985874 0.004648201 -6.815312386 -0.027584525 -0.004574160 0.999608934 68.480148315
0.999568522 -0.002994389 0.029218411 3.689212799 0.002869639 0.999986589 0.004310574 -7.040658474 -0.029230928 -0.004224868 0.999563754 70.729774475
0.999554336 -0.003832405 0.029603815 3.853231192 0.003748728 0.999988735 0.002881579 -7.262601376 -0.029614531 -0.002769318 0.999557555 72.973327637
0.999546528 -0.004627965 0.029751431 4.011517525 0.004532106 0.999984264 0.003288627 -7.490067959 -0.029766187 -0.003152299 0.999551892 75.235382080
0.999498427 -0.005927855 0.031105328 4.174214363 0.005844665 0.999979079 0.002764676 -7.723344326 -0.031121064 -0.002581490 0.999512255 77.501365662
0.999484956 -0.006260753 0.031471420 4.326570988 0.006190960 0.999978185 0.002314602 -7.948064804 -0.031485219 -0.002118571 0.999502063 79.762153625
0.999457121 -0.006759801 0.032247953 4.479722977 0.006696925 0.999975443 0.002057374 -8.168981552 -0.032261066 -0.001840295 0.999477744 82.019142151
0.999451578 -0.005932159 0.032578126 4.655812263 0.005864674 0.999980450 0.002166674 -8.404617310 -0.032590345 -0.001974426 0.999466836 84.285552979
0.999400198 -0.005701705 0.034156494 4.816178799 0.005602555 0.999979854 0.002997821 -8.628996849 -0.034172900 -0.002804659 0.999412000 86.538375854
0.999389112 -0.005303679 0.034544036 4.977785587 0.005162870 0.999977946 0.004164150 -8.864276886 -0.034565367 -0.003983259 0.999394476 88.820823669
0.999356389 -0.004349587 0.035606824 5.138647556 0.004180920 0.999979675 0.004810022 -9.092352867 -0.035627026 -0.004658058 0.999354243 91.079612732
0.999337196 -0.004364379 0.036140826 5.310138702 0.004195332 0.999979913 0.004752002 -9.314995766 -0.036160842 -0.004597231 0.999335408 93.331542969
0.999317288 -0.004544861 0.036663935 5.480753899 0.004393418 0.999981463 0.004210084 -9.534508705 -0.036682390 -0.004046130 0.999318779 95.585906982
0.999281049 -0.004985745 0.037581392 5.646598816 0.004815797 0.999977767 0.004611294 -9.757449150 -0.037603535 -0.004426994 0.999282956 97.841590881
0.999240398 -0.004501436 0.038707368 5.809194088 0.004336026 0.999981105 0.004356215 -9.992568016 -0.038726244 -0.004185070 0.999241054 100.082382202
0.999188423 -0.004516372 0.040025942 5.971354485 0.004309702 0.999976873 0.005248168 -10.207509041 -0.040048722 -0.005071410 0.999184906 102.309867859
0.999183357 -0.005369297 0.040046867 6.173015118 0.005164054 0.999973118 0.005226735 -10.431908607 -0.040073853 -0.005015663 0.999184132 104.577140808
0.999146044 -0.006400483 0.040818691 6.352078438 0.006164832 0.999963641 0.005896383 -10.647444725 -0.040854946 -0.005639707 0.999149144 106.810607910
0.999112368 -0.007936349 0.041369513 6.534666061 0.007695269 0.999952495 0.005983477 -10.862263680 -0.041415036 -0.005659818 0.999126017 109.060035706
0.999068618 -0.009105368 0.042178210 6.715343952 0.008815938 0.999936283 0.007042932 -11.088268280 -0.042239655 -0.006664532 0.999085307 111.315132141
0.999048829 -0.009678605 0.042515840 6.908458233 0.009447472 0.999939501 0.005633957 -11.307200432 -0.042567793 -0.005226932 0.999079883 113.569915771
0.999008000 -0.010270833 0.043330770 7.092188835 0.010067446 0.999937296 0.004909432 -11.526086807 -0.043378472 -0.004468333 0.999048650 115.809120178
0.998969078 -0.010201603 0.044234458 7.275913239 0.009976704 0.999936163 0.005302098 -11.750085831 -0.044285722 -0.004855319 0.999007106 118.047088623
0.998917103 -0.010335640 0.045362998 7.465072632 0.010069208 0.999930680 0.006097976 -11.969534874 -0.045422871 -0.005634602 0.998951972 120.294113159
0.998878419 -0.011141479 0.046019040 7.663570404 0.010833340 0.999917269 0.006939878 -12.195036888 -0.046092551 -0.006433555 0.998916507 122.503288269
0.998836696 -0.010757281 0.047005467 7.856861591 0.010485259 0.999926805 0.006029801 -12.403189659 -0.047066890 -0.005529922 0.998876393 124.798416138
0.998807549 -0.011263328 0.047503769 8.045096397 0.011019636 0.999924779 0.005388726 -12.630353928 -0.047560893 -0.004858825 0.998856485 127.072494507
0.998804331 -0.013067762 0.047106110 8.244583130 0.012813530 0.999901712 0.005694992 -12.848215103 -0.047175895 -0.005084589 0.998873651 129.347091675
0.998834312 -0.014003068 0.046194628 8.433875084 0.013731759 0.999886572 0.006185310 -13.067419052 -0.046276003 -0.005543766 0.998913288 131.598541260
0.998906553 -0.014489051 0.044449359 8.636599541 0.014180806 0.999873221 0.007242219 -13.285426140 -0.044548664 -0.006603972 0.998985291 133.831939697
0.998953760 -0.015291086 0.043099493 8.831854820 0.015003804 0.999863088 0.006981156 -13.507394791 -0.043200344 -0.006327196 0.999046385 136.081710815
0.999046445 -0.016310055 0.040498551 9.048015594 0.016069060 0.999851167 0.006269102 -13.717103004 -0.040594779 -0.005612351 0.999159932 138.306564331
0.999029875 -0.016973536 0.040635005 9.211342812 0.016736243 0.999840915 0.006172668 -13.928109169 -0.040733315 -0.005486602 0.999154925 140.564834595
0.999018073 -0.017164214 0.040845338 9.380537033 0.016916895 0.999836504 0.006393088 -14.138403893 -0.040948395 -0.005695835 0.999145031 142.796234131
0.999060273 -0.017137071 0.039810926 9.573340416 0.016835425 0.999827027 0.007899874 -14.371984482 -0.039939422 -0.007222216 0.999176025 145.022689819
0.999070585 -0.016186748 0.039952505 9.750874519 0.015927969 0.999850094 0.006787087 -14.588201523 -0.040056381 -0.006144416 0.999178529 147.274887085
0.999094844 -0.014925133 0.039834000 9.931587219 0.014727192 0.999877691 0.005258035 -14.805742264 -0.039907597 -0.004666633 0.999192476 149.518081665
0.999097526 -0.013447448 0.040288825 10.109397888 0.013280835 0.999902129 0.004400192 -15.028640747 -0.040344045 -0.003861151 0.999178529 151.764602661
0.999106526 -0.012573343 0.040349673 10.295886993 0.012406071 0.999913335 0.004393305 -15.246953011 -0.040401418 -0.003888799 0.999175966 153.995513916
0.999091625 -0.011637750 0.040993862 10.473896980 0.011440980 0.999921918 0.005031274 -15.468329430 -0.041049212 -0.004557694 0.999146760 156.259140015
0.999087214 -0.011062424 0.041259438 10.670017242 0.010823391 0.999923289 0.006012295 -15.689674377 -0.041322790 -0.005560240 0.999130368 158.490631104
0.999040127 -0.010203439 0.042599510 10.837499619 0.009915347 0.999926567 0.006968609 -15.904541016 -0.042667489 -0.006539531 0.999067843 160.759384155
0.999005497 -0.009216097 0.043626897 11.020482063 0.008826770 0.999919593 0.009108231 -16.125217438 -0.043707330 -0.008714089 0.999006450 162.995468140
0.998976052 -0.008557698 0.044425745 11.206198692 0.008222891 0.999936461 0.007713650 -16.326984406 -0.044488940 -0.007340443 0.998982906 165.253784180
0.998925269 -0.007877419 0.045675199 11.398838043 0.007577883 0.999948680 0.006727417 -16.543571472 -0.045725849 -0.006374065 0.998933673 167.488769531
0.998836219 -0.006127131 0.047839757 11.583791733 0.005785434 0.999956846 0.007277747 -16.763616562 -0.047882281 -0.006992504 0.998828411 169.721511841
0.998695850 -0.005327399 0.050776720 11.773707390 0.004932871 0.999956667 0.007892021 -16.985754013 -0.050816566 -0.007631253 0.998678863 171.934173584
0.998589456 -0.005746305 0.052782957 11.981994629 0.005368985 0.999959052 0.007287506 -17.193241119 -0.052822679 -0.006993836 0.998579443 174.181411743
0.998505116 -0.005945487 0.054336175 12.187292099 0.005541665 0.999955893 0.007579565 -17.407524109 -0.054378852 -0.007267121 0.998493910 176.427871704
0.998447239 -0.006454907 0.055329498 12.394891739 0.005993620 0.999945939 0.008498990 -17.622341156 -0.055381361 -0.008154170 0.998431981 178.654220581
0.998384893 -0.007368104 0.056332495 12.592168808 0.006885415 0.999937892 0.008757873 -17.837282181 -0.056393534 -0.008355857 0.998373568 180.893280029
0.998440206 -0.008070079 0.055245332 12.814235687 0.007629680 0.999937475 0.008178019 -18.053325653 -0.055307873 -0.007743758 0.998439312 183.135681152
0.998468220 -0.009539193 0.054500014 13.034933090 0.009097280 0.999923706 0.008350809 -18.273553848 -0.054575518 -0.007842215 0.998478830 185.370758057
0.998474419 -0.011395385 0.054026857 13.250172615 0.010925269 0.999899983 0.008988906 -18.484680176 -0.054123878 -0.008384935 0.998498976 187.609634399
0.998449981 -0.012074299 0.054330982 13.433773041 0.011623953 0.999895453 0.008597328 -18.697481155 -0.054429110 -0.007952459 0.998485982 189.838180542
0.998420656 -0.012975638 0.054659907 13.639891624 0.012532955 0.999885857 0.008433869 -18.912679672 -0.054763101 -0.007735499 0.998469353 192.077682495
0.998416185 -0.014153399 0.054449972 13.851219177 0.013723806 0.999871731 0.008255578 -19.136428833 -0.054559842 -0.007495241 0.998482347 194.320404053
0.998437881 -0.013774534 0.054148942 14.067953110 0.013333566 0.999875009 0.008496469 -19.348012924 -0.054259211 -0.007761199 0.998496652 196.552139282
0.998443246 -0.012234529 0.054420717 14.285312653 0.011752954 0.999888957 0.009160423 -19.566314697 -0.054526750 -0.008506555 0.998476088 198.791473389
0.998461127 -0.009100793 0.054704551 14.489805222 0.008646974 0.999926269 0.008526780 -19.790124893 -0.054778110 -0.008040629 0.998466194 201.033905029
0.998418570 -0.008176315 0.055619106 14.699960709 0.007747792 0.999938667 0.007915859 -20.006059647 -0.055680409 -0.007472416 0.998420656 203.289031982
0.998380542 -0.008720960 0.056216378 14.907783508 0.008245166 0.999928236 0.008689961 -20.218704224 -0.056288123 -0.008212375 0.998380721 205.518142700
0.998367488 -0.010239620 0.056193724 15.122243881 0.009724248 0.999908149 0.009437133 -20.434053421 -0.056285206 -0.008875283 0.998375297 207.737899780
0.998319030 -0.010487159 0.057000875 15.340628624 0.009949340 0.999903321 0.009710904 -20.654705048 -0.057097204 -0.009127460 0.998326838 209.981826782
0.998214006 -0.009702708 0.058946315 15.554526329 0.009074338 0.999899149 0.010918370 -20.868543625 -0.059046309 -0.010363969 0.998201430 212.222000122
0.998125315 -0.008229730 0.060646635 15.791215897 0.007543240 0.999904990 0.011539780 -21.080511093 -0.060735829 -0.011060675 0.998092532 214.459854126
0.997938991 -0.006634409 0.063825943 16.000410080 0.005939031 0.999921024 0.011078468 -21.283325195 -0.063894399 -0.010676570 0.997899532 216.700012207
0.997801363 -0.006823968 0.065922648 16.234226227 0.006080600 0.999915719 0.011470439 -21.490745544 -0.065995380 -0.011044369 0.997758806 218.937255859
0.997660220 -0.008244024 0.067868389 16.468246460 0.007442294 0.999899566 0.012057427 -21.693412781 -0.067960985 -0.011524118 0.997621357 221.168182373
0.997551441 -0.009371785 0.069306016 16.705741882 0.008500856 0.999881208 0.012850724 -21.895528793 -0.069418214 -0.012230099 0.997512698 223.403961182
0.997506857 -0.011746329 0.069585070 16.961868286 0.010928468 0.999866784 0.012122475 -22.102487564 -0.069718197 -0.011331793 0.997502387 225.623062134
0.997482002 -0.013060717 0.069707111 17.209207535 0.012247881 0.999852061 0.012075437 -22.307893753 -0.069854513 -0.011191269 0.997494400 227.868728638
0.997409582 -0.013442043 0.070666201 17.442970276 0.012616403 0.999846995 0.012117065 -22.507535934 -0.070818260 -0.011194121 0.997426450 230.099685669
0.997359335 -0.014671207 0.071127377 17.690093994 0.013890551 0.999837816 0.011457744 -22.718282700 -0.071283944 -0.010439487 0.997401416 232.334884644
0.997309923 -0.015566134 0.071628816 17.935470581 0.014721857 0.999816000 0.012299773 -22.916263580 -0.071807086 -0.011212176 0.997355461 234.569290161
0.997278452 -0.014900386 0.072205395 18.205284119 0.013999186 0.999817848 0.012971125 -23.127014160 -0.072385520 -0.011925004 0.997305453 236.831161499
0.997240841 -0.014444006 0.072816908 18.449808121 0.013584247 0.999832213 0.012288632 -23.318178177 -0.072982177 -0.011265560 0.997269750 239.054321289
0.997213125 -0.014733858 0.073137395 18.703571320 0.013826640 0.999821186 0.012895177 -23.525976181 -0.073314317 -0.011847994 0.997238457 241.274581909
0.997164488 -0.015173445 0.073707432 18.955259323 0.014255077 0.999814272 0.012969744 -23.726932526 -0.073890537 -0.011882265 0.997195542 243.514923096
0.997147024 -0.015464355 0.073883153 19.212730408 0.014594185 0.999817729 0.012303081 -23.935588837 -0.074059948 -0.011189716 0.997190952 245.739868164
0.997147202 -0.015296333 0.073915660 19.475137711 0.014474758 0.999827504 0.011637995 -24.142692566 -0.074080937 -0.010534882 0.997196734 247.974548340
0.997128248 -0.015507608 0.074125573 19.736728668 0.014650609 0.999819577 0.012091283 -24.346885681 -0.074299678 -0.010970575 0.997175634 250.208770752
0.997095942 -0.016830524 0.074272580 19.997976303 0.015978714 0.999799848 0.012048078 -24.552326202 -0.074460484 -0.010826310 0.997165203 252.432449341
0.997099996 -0.017007975 0.074177220 20.272306442 0.016098803 0.999788105 0.012837511 -24.760049820 -0.074379839 -0.011606119 0.997162461 254.695999146
0.997057617 -0.018145625 0.074478008 20.518823624 0.017194532 0.999762535 0.013391596 -24.968017578 -0.074703306 -0.012071577 0.997132778 256.915740967
0.997061610 -0.018555162 0.074322544 20.790761948 0.017588636 0.999752223 0.013638099 -25.176090240 -0.074557208 -0.012290795 0.997141004 259.192260742
0.997014642 -0.018186731 0.075040445 21.047752380 0.017237991 0.999763250 0.013271519 -25.377712250 -0.075264044 -0.011938352 0.997092128 261.434448242
0.997005165 -0.018259032 0.075148806 21.316902161 0.017363911 0.999770522 0.012547533 -25.574737549 -0.075360663 -0.011205081 0.997093379 263.682067871
0.996965110 -0.017577738 0.075839430 21.580043793 0.016684603 0.999783993 0.012394223 -25.785760880 -0.076040924 -0.011091259 0.997043014 265.907958984
0.996914804 -0.016951622 0.076638803 21.838508606 0.016070932 0.999797702 0.012093651 -25.980573654 -0.076828301 -0.010824684 0.996985614 268.136718750
0.996772170 -0.016843151 0.078495212 22.101469040 0.015945300 0.999800265 0.012051098 -26.191951752 -0.078682512 -0.010760569 0.996841669 270.398071289
0.996728539 -0.017715985 0.078856297 22.388401031 0.016750295 0.999776602 0.012890914 -26.404434204 -0.079067051 -0.011527875 0.996802688 272.638977051
0.996471286 -0.018222379 0.081932679 22.631755829 0.017212415 0.999767125 0.013016266 -26.596763611 -0.082150787 -0.011560076 0.996552885 274.884521484
0.996380568 -0.018023646 0.083072022 22.918395996 0.016932784 0.999761224 0.013817422 -26.787839890 -0.083301216 -0.012360771 0.996447742 277.125671387
0.996264100 -0.017796142 0.084505141 23.198822021 0.016520826 0.999739110 0.015767060 -27.004625320 -0.084763691 -0.014312060 0.996298432 279.373504639
0.996191323 -0.017575001 0.085405067 23.490076065 0.016219167 0.999731541 0.016543429 -27.204868317 -0.085672908 -0.015095223 0.996208966 281.611267090
0.996124148 -0.016523091 0.086392380 23.773315430 0.015100827 0.999739826 0.017090583 -27.397188187 -0.086652301 -0.015719743 0.996114612 283.860473633
0.996021926 -0.015586367 0.087734230 24.050474167 0.014190284 0.999762893 0.016513901 -27.586772919 -0.087970823 -0.015203235 0.996007025 286.088500977
0.996007979 -0.014754934 0.088037610 24.338815689 0.013478723 0.999795496 0.015073165 -27.772594452 -0.088242009 -0.013826358 0.996003091 288.341491699
0.995950460 -0.015565012 0.088545606 24.618860245 0.014255005 0.999779701 0.015407929 -27.974767685 -0.088765919 -0.014083317 0.995952964 290.567321777
0.995837033 -0.015538385 0.089817367 24.879550934 0.014290302 0.999792397 0.014522227 -28.171043396 -0.090024374 -0.013178254 0.995852351 292.823272705
0.995851099 -0.016164085 0.089550056 25.171335220 0.015009296 0.999795496 0.013553929 -28.365549088 -0.089750811 -0.012153612 0.995890021 295.055511475
0.995824873 -0.016099943 0.089853019 25.455883026 0.014958848 0.999798894 0.013358606 -28.564153671 -0.090050019 -0.011958732 0.995865464 297.287933350
0.995828509 -0.015350517 0.089943983 25.745548248 0.014209370 0.999810457 0.013313966 -28.759887695 -0.090131298 -0.011980380 0.995857835 299.525451660
0.995742202 -0.015152370 0.090927713 26.014320374 0.013856662 0.999793470 0.014864334 -28.970985413 -0.091134168 -0.013541091 0.995746553 301.770111084
0.995739341 -0.015809130 0.090847276 26.311183929 0.014523746 0.999785066 0.014792607 -29.165786743 -0.091061607 -0.013410139 0.995754957 304.019714355
0.995680094 -0.015196894 0.091597252 26.601558685 0.013885558 0.999791980 0.014936667 -29.362443924 -0.091805197 -0.013600265 0.995684087 306.265045166
0.995666504 -0.016004289 0.091608562 26.896417618 0.014705925 0.999781847 0.014830515 -29.566070557 -0.091825932 -0.013419060 0.995684624 308.512451172
0.995607793 -0.017128250 0.092041954 27.189947128 0.015775198 0.999756813 0.015407879 -29.763095856 -0.092283480 -0.013888224 0.995636046 310.765106201
0.995589912 -0.016975809 0.092263363 27.488424301 0.015682621 0.999768555 0.014723324 -29.962783813 -0.092491962 -0.013211460 0.995625734 312.992706299
0.995594203 -0.016477743 0.092306986 27.793882370 0.015119635 0.999767184 0.015393083 -30.163311005 -0.092539139 -0.013929616 0.995611548 315.235839844
0.995529294 -0.014927674 0.093265586 28.090309143 0.013621338 0.999800205 0.014627578 -30.363609314 -0.093465298 -0.013291781 0.995533824 317.470916748
0.995519638 -0.013289765 0.093616337 28.384567261 0.011944911 0.999817491 0.014911350 -30.558629990 -0.093797415 -0.013726303 0.995496690 319.713714600
0.995453000 -0.011897609 0.094508231 28.680131912 0.010606461 0.999843538 0.014152384 -30.754264832 -0.094661824 -0.013085635 0.995423436 321.941253662
0.995399296 -0.011226868 0.095154591 28.977067947 0.009849817 0.999840021 0.014929110 -30.951900482 -0.095306993 -0.013923169 0.995350540 324.177856445
0.995430052 -0.011176840 0.094837055 29.283735275 0.009662364 0.999818623 0.016413460 -31.159795761 -0.095003299 -0.015422101 0.995357513 326.401824951
0.995349348 -0.011692482 0.095617913 29.567768097 0.010178447 0.999815345 0.016306650 -31.359666824 -0.095790900 -0.015257575 0.995284557 328.646362305
0.995335639 -0.012868616 0.095610581 29.872211456 0.011455420 0.999817014 0.015314966 -31.552330017 -0.095790178 -0.014148272 0.995301008 330.876312256
0.995312631 -0.012569427 0.095889196 30.167451859 0.011162820 0.999822319 0.015191469 -31.750574112 -0.096063107 -0.014049867 0.995276093 333.099060059
0.995280564 -0.012854969 0.096183784 30.466951370 0.011325358 0.999800980 0.016432080 -31.947086334 -0.096375868 -0.015265218 0.995227873 335.339447021
0.995314598 -0.013393417 0.095757328 30.779354095 0.011876294 0.999795020 0.016395865 -32.139328003 -0.095957287 -0.015181798 0.995269597 337.575836182
0.995298445 -0.013268249 0.095942393 31.073802948 0.011716425 0.999791563 0.016719855 -32.338020325 -0.096144252 -0.015517145 0.995246470 339.812957764
0.995320976 -0.013218333 0.095716335 31.380928040 0.011696657 0.999796331 0.016441489 -32.535236359 -0.095914178 -0.015244992 0.995272875 342.058288574
0.995315671 -0.013611835 0.095715642 31.678676605 0.012052829 0.999785542 0.016847251 -32.727230072 -0.095924415 -0.015614690 0.995266140 344.304382324
0.995370030 -0.013265288 0.095197201 31.979360580 0.011709973 0.999788940 0.016877912 -32.918209076 -0.095401004 -0.015685013 0.995315313 346.542755127
0.995374799 -0.012931414 0.095193051 32.277500153 0.011380919 0.999793887 0.016812852 -33.112571716 -0.095390841 -0.015651705 0.995316863 348.779144287
0.995328367 -0.012369790 0.095751911 32.573543549 0.010761119 0.999792457 0.017298616 -33.310600281 -0.095946006 -0.016187407 0.995254934 351.013793945
0.995367944 -0.012594412 0.095310383 32.876544952 0.010957598 0.999783695 0.017677467 -33.504085541 -0.095512420 -0.016551211 0.995290637 353.229736328
0.995388150 -0.012237901 0.095145583 33.174339294 0.010656852 0.999796867 0.017107580 -33.697212219 -0.095335625 -0.016014731 0.995316267 355.472473145
0.995411754 -0.012309857 0.094888657 33.474765778 0.010715059 0.999792933 0.017298298 -33.887096405 -0.095081933 -0.016202193 0.995337605 357.704681396
0.995473683 -0.011661159 0.094319731 33.780620575 0.009956468 0.999778807 0.018524010 -34.087265015 -0.094514884 -0.017501067 0.995369613 359.945068359
0.995503128 -0.011793219 0.093990944 34.083114624 0.010088986 0.999776363 0.018586518 -34.283332825 -0.094189107 -0.017554665 0.995399535 362.184082031
0.995559573 -0.011775738 0.093394250 34.389846802 0.010045479 0.999769509 0.018974965 -34.474552155 -0.093596146 -0.017952519 0.995448351 364.421783447
0.995604396 -0.011884340 0.092900880 34.689876556 0.010212869 0.999777675 0.018446745 -34.667537689 -0.093099453 -0.017416876 0.995504439 366.665435791
0.995615721 -0.012428720 0.092708759 34.984359741 0.010776084 0.999774337 0.018305456 -34.860603333 -0.092915341 -0.017226160 0.995525002 368.907501221
0.995607197 -0.012351045 0.092810862 35.275508881 0.010780261 0.999790430 0.017406929 -35.047332764 -0.093006395 -0.016329937 0.995531678 371.167114258
0.995670617 -0.012824841 0.092062578 35.570022583 0.011248379 0.999781430 0.017622333 -35.243961334 -0.092268445 -0.016510485 0.995597303 373.388366699
0.995699763 -0.012722972 0.091761261 35.868999481 0.011074866 0.999768436 0.018447695 -35.432945251 -0.091974728 -0.017352121 0.995610118 375.641845703
0.995666921 -0.013223161 0.092045449 36.156929016 0.011557161 0.999760032 0.018609326 -35.621707916 -0.092269428 -0.017464904 0.995580912 377.896026611
0.995675802 -0.013794417 0.091866314 36.457313538 0.012110853 0.999748826 0.018858606 -35.815731049 -0.092103377 -0.017664477 0.995592773 380.140686035
0.995696664 -0.014034655 0.091603152 36.761463165 0.012357984 0.999746025 0.018845253 -36.001110077 -0.091844380 -0.017632125 0.995617270 382.390869141
0.995671272 -0.013114045 0.092014782 37.056396484 0.011388067 0.999749720 0.019257680 -36.194961548 -0.092244312 -0.018126452 0.995571375 384.636138916
0.995691657 -0.012279290 0.091909215 37.359073639 0.010574040 0.999763250 0.019017665 -36.377101898 -0.092120983 -0.017963875 0.995585740 386.904022217
0.995699823 -0.010907701 0.091993853 37.661624908 0.009195778 0.999777079 0.019012500 -36.576637268 -0.092180721 -0.018084789 0.995578051 389.173645020
0.995670497 -0.009611834 0.092454322 37.953628540 0.007887745 0.999788463 0.018995374 -36.769168854 -0.092617348 -0.018183880 0.995535672 391.453491211
0.995693207 -0.008494523 0.092319682 38.254711151 0.006624292 0.999766946 0.020545797 -36.961414337 -0.092472702 -0.019845759 0.995517373 393.710998535
0.995604396 -0.007092349 0.093389615 38.539081573 0.005178480 0.999771893 0.020719796 -37.147098541 -0.093515269 -0.020145105 0.995414019 395.975372314
0.995562494 -0.006888059 0.093849696 38.840259552 0.005108979 0.999803066 0.019183781 -37.342636108 -0.093963332 -0.018619176 0.995401561 398.239776611
0.995528042 -0.006834238 0.094218381 39.139045715 0.005093675 0.999812126 0.018701835 -37.535575867 -0.094328493 -0.018138282 0.995375812 400.503295898
0.995357573 -0.007944128 0.095917523 39.420593262 0.006025772 0.999776304 0.020273171 -37.727798462 -0.096057132 -0.019601079 0.995182753 402.739715576
0.995418906 -0.008861436 0.095198080 39.742691040 0.006900923 0.999757648 0.020903572 -37.910305023 -0.095360249 -0.020150859 0.995238781 405.023956299
0.995380342 -0.009269241 0.095561117 40.040943146 0.007353540 0.999765337 0.020379584 -38.092494965 -0.095727578 -0.019582726 0.995214880 407.276702881
0.995321929 -0.007633435 0.096311741 40.358638763 0.005767268 0.999790490 0.019639846 -38.275135040 -0.096441500 -0.018992515 0.995157421 409.530487061
0.995278478 -0.006747458 0.096825428 40.669719696 0.004835348 0.999789000 0.019969072 -38.468708038 -0.096939720 -0.019406602 0.995101035 411.784973145
0.995209992 -0.005487825 0.097606368 40.972106934 0.003582539 0.999799848 0.019684648 -38.659317017 -0.097694866 -0.019240685 0.995030344 414.030242920
0.995105505 -0.004399481 0.098719940 41.281948090 0.002457347 0.999801219 0.019786140 -38.848758698 -0.098787367 -0.019446705 0.994918525 416.297851562
0.995061457 -0.004719254 0.099148750 41.600337982 0.002776700 0.999801636 0.019721184 -39.041263580 -0.099222168 -0.019348487 0.994877160 418.551666260
0.994961023 -0.004784045 0.100148037 41.905754089 0.002827637 0.999802589 0.019668004 -39.228298187 -0.100222372 -0.019285712 0.994778156 420.800231934
0.994880438 -0.004800433 0.100945815 42.211349487 0.002846667 0.999805987 0.019489739 -39.422386169 -0.101019815 -0.019102601 0.994700968 423.052825928
0.994816780 -0.005203130 0.101550631 42.527481079 0.003124944 0.999782562 0.020612895 -39.611862183 -0.101635814 -0.020188710 0.994616747 425.316009521
0.994754195 -0.004408270 0.102200136 42.840213776 0.002263109 0.999774814 0.021096282 -39.797412872 -0.102270141 -0.020754321 0.994540155 427.563781738
0.994681120 -0.003573019 0.102939747 43.162010193 0.001335557 0.999761581 0.021796377 -39.983665466 -0.102993079 -0.021542961 0.994448841 429.837188721
0.994679332 -0.004623299 0.102915853 43.480354309 0.002356067 0.999752104 0.022140635 -40.177299500 -0.102992699 -0.021780355 0.994443595 432.100830078
0.994643807 -0.005213714 0.103230216 43.804138184 0.003005932 0.999763668 0.021531004 -40.371627808 -0.103318095 -0.021105381 0.994424403 434.362915039
0.994630218 -0.004353909 0.103401989 44.129978180 0.002116610 0.999761462 0.021736789 -40.546497345 -0.103471965 -0.021401204 0.994402111 436.630432129
0.994572759 -0.004662899 0.103938937 44.452304840 0.002373108 0.999751985 0.022142939 -40.736656189 -0.104016423 -0.021776106 0.994337142 438.917938232
0.994589925 -0.004636448 0.103775658 44.780906677 0.002339316 0.999749720 0.022246342 -40.918693542 -0.103852831 -0.021883221 0.994351923 441.188018799
0.994563878 -0.004163399 0.104044721 45.103881836 0.001709894 0.999718606 0.023659335 -41.127315521 -0.104113966 -0.023352811 0.994291186 443.436279297
0.994518638 -0.004679622 0.104454771 45.431980133 0.002199338 0.999713182 0.023847602 -41.309574127 -0.104536422 -0.023487154 0.994243622 445.715728760
0.994496584 -0.004476269 0.104673512 45.754085541 0.002044523 0.999725759 0.023327492 -41.493869781 -0.104749225 -0.022985097 0.994232953 447.982574463
0.994513512 -0.004022282 0.104530290 46.081733704 0.001614668 0.999731719 0.023107113 -41.680709839 -0.104595199 -0.022811560 0.994253218 450.239410400
0.994426310 -0.003284091 0.105381928 46.399932861 0.000863594 0.999734879 0.023006218 -41.872695923 -0.105429552 -0.022786982 0.994165659 452.501403809
0.994331360 -0.002559219 0.106294982 46.718265533 0.000115212 0.999735594 0.022992466 -42.048583984 -0.106325723 -0.022849886 0.994068801 454.776672363
0.994282603 -0.002888160 0.106741734 47.035095215 0.000460036 0.999740660 0.022765284 -42.240776062 -0.106779829 -0.022586020 0.994026124 457.040496826
0.994293749 -0.002434042 0.106648676 47.371971130 0.000054375 0.999751091 0.022310361 -42.431304932 -0.106676452 -0.022177251 0.994046450 459.320373535
0.994259179 -0.001446866 0.106989004 47.699542999 -0.001002182 0.999738812 0.022833338 -42.616470337 -0.106994107 -0.022809478 0.993997991 461.602905273
0.994241118 -0.001088238 0.107160322 48.021797180 -0.001511859 0.999706507 0.024179392 -42.800563812 -0.107155189 -0.024202159 0.993947685 463.869567871
0.994262099 -0.001249463 0.106963888 48.341400146 -0.001382272 0.999698222 0.024526279 -42.978927612 -0.106962264 -0.024533406 0.993960321 466.130462646
0.994351983 -0.001437648 0.106122360 48.671737671 -0.001049823 0.999726117 0.023380060 -43.161281586 -0.106126882 -0.023359424 0.994078159 468.412567139
0.994485080 -0.001521596 0.104866929 49.019641876 -0.000895531 0.999735117 0.022998532 -43.346656799 -0.104874149 -0.022965608 0.994220316 470.704711914
0.994563997 -0.002148083 0.104104705 49.343662262 -0.000365692 0.999708951 0.024121502 -43.536037445 -0.104126222 -0.024028452 0.994273782 472.985656738
0.994532406 -0.002436201 0.104400568 49.655410767 -0.000169595 0.999688804 0.024943445 -43.726551056 -0.104428865 -0.024824768 0.994222462 475.260101318
0.994569302 -0.001600496 0.104064293 49.971992493 -0.000843784 0.999724865 0.023439903 -43.882038116 -0.104073189 -0.023400417 0.994294286 477.555145264
0.994637191 -0.001814946 0.103410922 50.301963806 -0.000689279 0.999707460 0.024175361 -44.066951752 -0.103424564 -0.024116991 0.994344890 479.835479736
0.994689703 -0.002164929 0.102896862 50.632858276 -0.000369881 0.999697089 0.024609013 -44.247741699 -0.102918953 -0.024516394 0.994387567 482.105621338
0.994715333 -0.002768525 0.102634922 50.947002411 0.000329837 0.999717295 0.023770155 -44.428436279 -0.102671735 -0.023610683 0.994435012 484.386047363
0.994800270 -0.003162035 0.101795807 51.275398254 0.000643765 0.999693274 0.024761794 -44.622146606 -0.101842873 -0.024567515 0.994497120 486.687347412
0.994898796 -0.003535977 0.100815997 51.599525452 0.001016746 0.999686241 0.025028847 -44.799243927 -0.100872882 -0.024798665 0.994590282 488.964965820
0.994820833 -0.003150323 0.101594798 51.880863190 0.000595403 0.999683022 0.025168667 -44.985801697 -0.101641878 -0.024977820 0.994507551 491.235534668
0.994883060 -0.002356482 0.101004891 52.208843231 -0.000222066 0.999674559 0.025510103 -45.162818909 -0.101032138 -0.025402004 0.994558811 493.522216797
0.994866669 -0.001939942 0.101175852 52.512657166 -0.000615543 0.999681711 0.025220515 -45.341209412 -0.101192571 -0.025153326 0.994548798 495.810546875
0.994910002 -0.002042514 0.100747712 52.842487335 -0.000443908 0.999696016 0.024651090 -45.526355743 -0.100767463 -0.024570340 0.994606495 498.118499756
0.994973898 -0.002177351 0.100110814 53.159183502 -0.000384662 0.999673069 0.025565352 -45.708183289 -0.100133754 -0.025475368 0.994647801 500.405364990
0.994957387 -0.001778060 0.100282364 53.466255188 -0.000824935 0.999663889 0.025909221 -45.892265320 -0.100294732 -0.025861293 0.994621575 502.678009033
0.994998753 -0.001049760 0.099881984 53.786460876 -0.001481608 0.999679685 0.025266049 -46.074028015 -0.099876508 -0.025287667 0.994678378 504.966583252
0.994971097 -0.001100189 0.100156695 54.092800140 -0.001514908 0.999660015 0.026030254 -46.255104065 -0.100151293 -0.026051074 0.994631052 507.253173828
0.994993925 -0.001644876 0.099921897 54.407482147 -0.000880542 0.999681532 0.025224559 -46.437694550 -0.099931553 -0.025186272 0.994675517 509.538909912
0.995063186 -0.002290159 0.099216878 54.738216400 -0.000294805 0.999661207 0.026031179 -46.622634888 -0.099242873 -0.025931921 0.994725287 511.837524414
0.995078981 -0.002206003 0.099060431 55.053997040 -0.000407963 0.999652445 0.026359571 -46.800060272 -0.099084146 -0.026270268 0.994732141 514.139526367
0.995078325 -0.001442044 0.099080846 55.365047455 -0.001141541 0.999660909 0.026013885 -46.976409912 -0.099084772 -0.025998956 0.994739234 516.442993164
0.995054483 -0.000549396 0.099328943 55.672904968 -0.002006949 0.999669373 0.025634399 -47.155883789 -0.099310182 -0.025706973 0.994724393 518.733276367
0.995002687 0.001307103 0.099839725 55.988941193 -0.003914638 0.999656320 0.025925780 -47.341377258 -0.099771507 -0.026187057 0.994665742 521.067260742
0.994924724 0.003328671 0.100566640 56.308452606 -0.005995965 0.999637842 0.026232045 -47.521110535 -0.100442901 -0.026701899 0.994584441 523.391845703
0.994859040 0.004057883 0.101188175 56.631557465 -0.006861702 0.999601662 0.027376318 -47.692909241 -0.101036780 -0.027929900 0.994490564 525.713195801
0.994799197 0.003486083 0.101795889 56.951278687 -0.006296338 0.999607623 0.027298523 -47.869525909 -0.101660773 -0.027797494 0.994430661 528.022705078
0.994776905 0.001698369 0.102059208 57.274135590 -0.004633132 0.999582291 0.028525328 -48.042320251 -0.101968139 -0.028849188 0.994369209 530.333190918
0.994721532 0.000138170 0.102612220 57.603775024 -0.003042882 0.999599040 0.028151669 -48.215209961 -0.102567188 -0.028315304 0.994323134 532.659301758
0.994707525 -0.000064918 0.102746457 57.931362152 -0.002783538 0.999615848 0.027579537 -48.392547607 -0.102708757 -0.027719576 0.994325161 534.971984863
0.994610965 -0.000343800 0.103676744 58.252410889 -0.002533515 0.999615312 0.027619777 -48.572250366 -0.103646360 -0.027733605 0.994227409 537.287231445
0.994519174 0.000158879 0.104554094 58.573928833 -0.003002238 0.999629915 0.027038286 -48.752441406 -0.104511097 -0.027203988 0.994151533 539.601440430
0.994406641 0.000951747 0.105614901 58.895172119 -0.003788684 0.999637246 0.026663765 -48.931240082 -0.105551206 -0.026914766 0.994049489 541.923278809
0.994336486 0.001493400 0.106266931 59.234657288 -0.004256073 0.999658644 0.025775451 -49.108554840 -0.106192172 -0.026081750 0.994003415 544.246887207
0.994133055 0.001327891 0.108156048 59.530487061 -0.004212075 0.999641478 0.026442792 -49.294891357 -0.108082145 -0.026743218 0.993782222 546.567993164
0.994034290 0.001166902 0.109062999 59.860752106 -0.004177970 0.999616265 0.027384082 -49.476020813 -0.108989187 -0.027676376 0.993657589 548.879577637
0.993949056 0.001196019 0.109835625 60.189617157 -0.004243464 0.999612272 0.027515953 -49.653301239 -0.109760128 -0.027815539 0.993568778 551.180969238
0.993977308 0.000175210 0.109586038 60.537666321 -0.003120575 0.999638438 0.026706275 -49.830413818 -0.109541744 -0.026887398 0.993618488 553.488525391
0.993988633 -0.000023464 0.109483376 60.884902954 -0.002970170 0.999626160 0.027180107 -50.010025024 -0.109443083 -0.027341902 0.993616939 555.801635742
0.993916988 0.000305012 0.110131189 61.221759796 -0.003348863 0.999617457 0.027454497 -50.185775757 -0.110080674 -0.027656304 0.993537724 558.111572266
0.993894577 0.000874669 0.110330448 61.571857452 -0.004057557 0.999581933 0.028627457 -50.364410400 -0.110259287 -0.028900348 0.993482530 560.449462891
0.993905604 0.000503935 0.110233642 61.923755646 -0.003760720 0.999562383 0.029338466 -50.540550232 -0.110170618 -0.029574223 0.993472517 562.780639648
0.993874550 0.000843732 0.110510834 62.271308899 -0.004185287 0.999540865 0.030008886 -50.713176727 -0.110434756 -0.030287588 0.993421793 565.095031738
0.993802905 0.001755677 0.111142911 62.619113922 -0.005068913 0.999550879 0.029535059 -50.893112183 -0.111041121 -0.029915400 0.993365467 567.417907715
0.993814588 0.002834090 0.111015826 62.980918884 -0.005997277 0.999585092 0.028169559 -51.064495087 -0.110889934 -0.028661111 0.993419290 569.748718262
0.993789196 0.003299684 0.111229897 63.340305328 -0.006466575 0.999583483 0.028122863 -51.238433838 -0.111090772 -0.028667474 0.993396759 572.066162109
0.993772566 0.003150662 0.111382827 63.686981201 -0.006487466 0.999540508 0.029608255 -51.426456451 -0.111238368 -0.030146468 0.993336380 574.444763184
0.993743896 0.003004435 0.111642100 64.040878296 -0.006547999 0.999485850 0.031387307 -51.610359192 -0.111490406 -0.031921983 0.993252635 576.755615234
0.993657947 0.003582455 0.112387881 64.378601074 -0.006929463 0.999543607 0.029404374 -51.780746460 -0.112231255 -0.029996680 0.993229210 579.138793945
0.993725300 0.002972917 0.111808389 64.738769531 -0.006271781 0.999554932 0.029164484 -51.948974609 -0.111671932 -0.029682726 0.993301749 581.473999023
0.993628979 0.002478105 0.112673536 65.085205078 -0.005991211 0.999506116 0.030851614 -52.133956909 -0.112541430 -0.031330105 0.993152916 583.802856445
0.993705094 0.002701868 0.111994781 65.442871094 -0.006203603 0.999502301 0.030930271 -52.302978516 -0.111855477 -0.031430334 0.993227303 586.114318848
0.993701696 -0.000328252 0.112057060 65.809455872 -0.003011545 0.999556303 0.029633861 -52.481239319 -0.112017065 -0.029784679 0.993259907 588.466186523
0.993734896 -0.000685791 0.111761078 66.170234680 -0.002642737 0.999557376 0.029631667 -52.650169373 -0.111731939 -0.029741373 0.993293166 590.807373047
0.993741095 -0.002481613 0.111678936 66.520851135 -0.000887717 0.999546170 0.030109957 -52.824768066 -0.111702979 -0.030020645 0.993288100 593.138305664
0.993797958 -0.003191432 0.111155018 66.885978699 -0.000204594 0.999533832 0.030527368 -52.999252319 -0.111200631 -0.030360777 0.993334055 595.486694336
