1.000000000 0.000000000 0.000000000 0.000000000 0.000000000 1.000000000 0.000000000 0.000000000 0.000000000 0.000000000 1.000000000 0.000000000
0.999999821 0.000155330 0.000546095 0.087316260 -0.000155257 1.000000000 -0.000132737 -0.225779891 -0.000546115 0.000132653 0.999999821 2.296718597
0.999998987 0.000644896 0.001264017 0.164755911 -0.000645514 0.999999702 0.000488428 -0.464981735 -0.001263702 -0.000489244 0.999999046 4.589229107
0.999998510 0.000202599 0.001697067 0.263757974 -0.000203529 0.999999821 0.000547921 -0.694642425 -0.001696956 -0.000548265 0.999998391 6.879703045
0.999996543 0.000034610 0.002624889 0.355602562 -0.000031545 0.999999344 -0.001167886 -0.926841736 -0.002624928 0.001167800 0.999995887 9.174720764
0.999987125 0.001879054 0.004716123 0.447207242 -0.001880419 0.999998212 0.000285081 -1.163713336 -0.004715579 -0.000293945 0.999988854 11.478581429
0.999964237 0.003863330 0.007524125 0.530408502 -0.003873586 0.999991536 0.001348994 -1.391853571 -0.007518850 -0.001378091 0.999970794 13.788059235
0.999947429 0.003673824 0.009577660 0.643133104 -0.003710827 0.999985754 0.003848483 -1.619315147 -0.009563385 -0.003883822 0.999946713 16.058185577
0.999936819 0.003908932 0.010536791 0.760018468 -0.003956509 0.999982059 0.004498274 -1.840662122 -0.010519017 -0.004539678 0.999934316 18.407091141
0.999924839 0.003021534 0.011876011 0.872184396 -0.003077461 0.999984264 0.004693821 -2.067439795 -0.011861642 -0.004730017 0.999918461 20.693180084
0.999925911 0.000618836 0.012158675 0.997528493 -0.000648805 0.999996781 0.002461031 -2.296182632 -0.012157112 -0.002468738 0.999923050 23.014497757
0.999916017 -0.001633928 0.012856035 1.108080983 0.001627559 0.999998569 0.000505799 -2.518591642 -0.012856841 -0.000484833 0.999917209 25.294834137
0.999918044 -0.002366717 0.012580981 1.245897770 0.002369203 0.999997199 -0.000182703 -2.766262054 -0.012580513 0.000212495 0.999920845 27.608022690
0.999901474 -0.001970164 0.013893770 1.346930146 0.001983269 0.999997556 -0.000929493 -2.994867563 -0.013891906 0.000956957 0.999903083 29.892932892
0.999895334 0.000177726 0.014460801 1.468692780 -0.000195427 0.999999166 0.001222656 -3.222965240 -0.014460573 -0.001225354 0.999894619 32.176929474
0.999893725 0.002197962 0.014413220 1.599642038 -0.002249442 0.999991119 0.003556482 -3.446023703 -0.014405276 -0.003588526 0.999889791 34.458274841
0.999860466 0.004495409 0.016087571 1.710309148 -0.004621697 0.999958754 0.007821507 -3.683330536 -0.016051747 -0.007894766 0.999840021 36.757736206
0.999835312 0.006330672 0.017008308 1.824092150 -0.006455602 0.999952555 0.007300460 -3.901747465 -0.016961286 -0.007409057 0.999828756 39.030578613
0.999808013 0.005253846 0.018883824 1.929650307 -0.005365320 0.999968469 0.005857370 -4.109722614 -0.018852452 -0.005957562 0.999804676 41.333061218
0.999814451 0.002821522 0.019057032 2.054301739 -0.002916135 0.999983549 0.004938765 -4.336300850 -0.019042788 -0.004993421 0.999806225 43.612419128
0.999808729 0.002859182 0.019348439 2.186116219 -0.002926801 0.999989688 0.003467433 -4.556620121 -0.019338327 -0.003523399 0.999806762 45.853664398
0.999808073 0.002245659 0.019468915 2.313811302 -0.002300102 0.999993503 0.002774504 -4.789877415 -0.019462559 -0.002818751 0.999806643 48.130867004
0.999809444 0.000810771 0.019511173 2.451918125 -0.000869455 0.999995112 0.002999440 -5.017023087 -0.019508643 -0.003015832 0.999805152 50.410556793
0.999794662 0.000114890 0.020261338 2.585021019 -0.000180593 0.999994755 0.003240963 -5.239463806 -0.020260859 -0.003243957 0.999789476 52.676124573
0.999785841 -0.001099237 0.020666922 2.719730854 0.001036352 0.999994814 0.003053279 -5.468061447 -0.020670172 -0.003031207 0.999781787 54.959056854
0.999761283 -0.001440931 0.021800952 2.851100445 0.001358692 0.999991834 0.003786644 -5.704390049 -0.021806233 -0.003756120 0.999755144 57.252079010
0.999743462 -0.002819296 0.022479948 2.989468098 0.002718337 0.999986112 0.004520352 -5.930662155 -0.022492381 -0.004458084 0.999737084 59.519207001
0.999702334 -0.004341997 0.024007648 3.118071556 0.004251692 0.999983728 0.003811237 -6.153977394 -0.024023807 -0.003708029 0.999704540 61.786502838
0.999687791 -0.005087793 0.024461754 3.270483971 0.004997262 0.999980450 0.003760603 -6.380008221 -0.024480404 -0.003637187 0.999693692 64.038841248
0.999661267 -0.004695653 0.025598943 3.412445784 0.004586907 0.999980211 0.004305070 -6.603003502 -0.025618652 -0.004186191 0.999662995 66.307891846
0.999644578 -0.003815407 0.026382744 3.563024759 0.003693730 0.999982238 0.004659161 -6.830635071 -0.026400056 -0.004560054 0.999641061 68.573211670
0.999610484 -0.004016062 0.027615588 3.702426434 0.003901043 0.999983490 0.004217613 -7.054362297 -0.027632067 -0.004108241 0.999609649 70.824806213
0.999596715 -0.004647726 0.028014585 3.861919641 0.004564220 0.999984980 0.003044014 -7.280972481 -0.028028307 -0.002914922 0.999602854 73.080680847
0.999583125 -0.005665819 0.028308235 4.020345211 0.005572707 0.999978781 0.003367014 -7.507981777 -0.028326711 -0.003207857 0.999593556 75.366485596
0.999542773 -0.006850022 0.029451421 4.180871010 0.006773272 0.999973357 0.002704992 -7.737758160 -0.029469166 -0.002504273 0.999562502 77.630836487
0.999537110 -0.007786916 0.029409952 4.335083961 0.007706214 0.999966145 0.002856424 -7.974396706 -0.029431202 -0.002628463 0.999563336 79.889709473
0.999507248 -0.008218087 0.030292448 4.482551575 0.008147809 0.999963820 0.002442731 -8.191632271 -0.030311422 -0.002194711 0.999538124 82.144645691
0.999481261 -0.007524554 0.031313851 4.649328709 0.007444681 0.999968708 0.002666550 -8.427784920 -0.031332940 -0.002432046 0.999506056 84.424087524
0.999431372 -0.007196283 0.032939654 4.805382729 0.007098047 0.999969959 0.003098289 -8.646040916 -0.032960970 -0.002862720 0.999452531 86.679634094
0.999427080 -0.007018575 0.033110496 4.973152161 0.006872080 0.999966085 0.004536168 -8.880880356 -0.033141211 -0.004306030 0.999441385 88.964073181
0.999395669 -0.005855774 0.034262996 5.130243301 0.005677115 0.999969721 0.005309343 -9.109654427 -0.034293044 -0.005111619 0.999398768 91.222091675
0.999361515 -0.005949221 0.035234209 5.295603752 0.005765383 0.999969244 0.005316959 -9.331282616 -0.035264760 -0.005110426 0.999364913 93.474754333
0.999343812 -0.006234590 0.035679445 5.464997292 0.006072603 0.999970794 0.004646659 -9.546792984 -0.035707377 -0.004426943 0.999352396 95.729782104
0.999311268 -0.006499306 0.036533855 5.629745483 0.006313590 0.999966562 0.005196469 -9.770742416 -0.036566399 -0.004962232 0.999318898 97.984458923
0.999277890 -0.006517360 0.037432980 5.794049263 0.006350631 0.999969363 0.004571257 -9.998659134 -0.037461620 -0.004330233 0.999288678 100.227874756
0.999235928 -0.006748931 0.038497388 5.964310646 0.006533720 0.999962270 0.005713382 -10.216344833 -0.038534496 -0.005457485 0.999242365 102.475791931
0.999210715 -0.006970025 0.039108854 6.151463985 0.006761174 0.999962270 0.005469970 -10.434340477 -0.039145496 -0.005201231 0.999220014 104.727859497
0.999180079 -0.007587535 0.039769892 6.316053391 0.007351102 0.999954462 0.006087893 -10.660677910 -0.039814264 -0.005790551 0.999190331 106.994331360
0.999143302 -0.008991420 0.040394574 6.498286247 0.008747391 0.999942362 0.006213867 -10.875987053 -0.040448125 -0.005855195 0.999164462 109.244102478
0.999107003 -0.010052857 0.041037705 6.681972504 0.009766434 0.999926567 0.007174036 -11.102571487 -0.041106805 -0.006766837 0.999131799 111.501251221
0.999090433 -0.010700632 0.041276708 6.875434875 0.010466314 0.999927878 0.005888652 -11.323457718 -0.041336745 -0.005451281 0.999130428 113.768486023
0.999042571 -0.011147175 0.042305287 7.058185577 0.010949916 0.999928057 0.004891570 -11.542834282 -0.042356767 -0.004423647 0.999092698 116.023963928
0.999007225 -0.011443209 0.043054320 7.240882874 0.011220948 0.999922395 0.005400486 -11.768786430 -0.043112788 -0.004912014 0.999058127 118.272026062
0.998956561 -0.011817859 0.044115294 7.430848122 0.011562957 0.999914944 0.006028826 -11.986510277 -0.044182792 -0.005512433 0.999008238 120.534767151
0.998941422 -0.012626745 0.044233829 7.634420395 0.012348376 0.999902189 0.006560691 -12.209704399 -0.044312347 -0.006007529 0.998999596 122.741859436
0.998898745 -0.013928916 0.044803135 7.841441154 0.013656252 0.999886334 0.006386190 -12.439226151 -0.044886999 -0.005767313 0.998975396 125.046722412
0.998865724 -0.014616108 0.045317523 8.025183678 0.014385718 0.999881923 0.005405865 -12.661362648 -0.045391183 -0.004747808 0.998957992 127.309829712
0.998848915 -0.016266650 0.045125373 8.217202187 0.016019884 0.999854684 0.005824746 -12.880356789 -0.045213562 -0.005095137 0.998964310 129.577606201
0.998874128 -0.017337313 0.044156991 8.407289505 0.017076965 0.999834478 0.006266418 -13.099614143 -0.044258334 -0.005505296 0.999004900 131.824584961
0.998928428 -0.017613184 0.042798296 8.602104187 0.017313138 0.999822855 0.007371287 -13.315308571 -0.042920563 -0.006622416 0.999056518 134.062210083
0.998959064 -0.018530434 0.041681465 8.778814316 0.018236786 0.999806166 0.007414412 -13.543074608 -0.041810788 -0.006646558 0.999103367 136.322845459
0.999027014 -0.019361053 0.039627723 8.985778809 0.019094607 0.999792516 0.007091261 -13.758296013 -0.039756801 -0.006327686 0.999189377 138.551879883
0.999018133 -0.019979281 0.039544646 9.151546478 0.019702137 0.999778628 0.007385925 -13.981984138 -0.039683465 -0.006599559 0.999190450 140.827423096
0.999011040 -0.020275731 0.039572105 9.322147369 0.019992352 0.999771774 0.007543683 -14.189209938 -0.039716024 -0.006745082 0.999188244 143.061035156
0.999043226 -0.020555926 0.038600251 9.508939743 0.020227989 0.999756038 0.008867078 -14.415849686 -0.038773105 -0.008077787 0.999215364 145.306396484
0.999060869 -0.019640906 0.038621575 9.684251785 0.019352779 0.999782145 0.007820034 -14.628681183 -0.038766749 -0.007065257 0.999223232 147.558303833
0.999080241 -0.018672308 0.038600367 9.867716789 0.018441640 0.999809921 0.006323169 -14.846818924 -0.038711097 -0.005605499 0.999234736 149.825195312
0.999096632 -0.016926637 0.038982444 10.041549683 0.016726825 0.999845266 0.005446118 -15.064332962 -0.039068606 -0.004789146 0.999225199 152.075973511
0.999104857 -0.016211323 0.039073013 10.225090027 0.016008684 0.999856770 0.005493468 -15.280885696 -0.039156470 -0.004863042 0.999221206 154.316802979
0.999094486 -0.015353951 0.039678175 10.401973724 0.015125010 0.999867201 0.006063630 -15.498339653 -0.039766010 -0.005458006 0.999194086 156.583908081
0.999101520 -0.014705127 0.039748106 10.597996712 0.014433743 0.999870479 0.007105938 -15.718818665 -0.039847448 -0.006525839 0.999184370 158.814910889
0.999038994 -0.014327594 0.041422192 10.752542496 0.013999221 0.999868274 0.008206673 -15.936667442 -0.041534331 -0.007618909 0.999107957 161.105895996
0.999018490 -0.013462437 0.042199928 10.938313484 0.013028292 0.999859393 0.010546004 -16.157011032 -0.042335980 -0.009985860 0.999053538 163.338134766
0.998977423 -0.012455027 0.043462060 11.120624542 0.012068701 0.999885380 0.009139927 -16.357360840 -0.043570910 -0.008606051 0.999013245 165.630538940
0.998937964 -0.011786227 0.044542525 11.313845634 0.011446287 0.999903440 0.007879199 -16.568496704 -0.044631090 -0.007360984 0.998976409 167.885498047
0.998865187 -0.009949613 0.046574276 11.499217033 0.009569726 0.999919176 0.008372425 -16.784057617 -0.046653815 -0.007917223 0.998879671 170.121017456
0.998755515 -0.009682274 0.048925601 11.701142311 0.009270030 0.999919653 0.008645800 -17.009115219 -0.049005389 -0.008181500 0.998764992 172.428344727
0.998630762 -0.009640323 0.051416535 11.899226189 0.009211549 0.999920845 0.008569740 -17.221866608 -0.051495086 -0.008084382 0.998640537 174.703201294
0.998539150 -0.009382321 0.053211510 12.107025146 0.008905689 0.999918163 0.009187390 -17.437297821 -0.053293351 -0.008700084 0.998540998 176.962417603
0.998495281 -0.009808251 0.053953055 12.315901756 0.009290043 0.999908388 0.009847257 -17.643505096 -0.054044697 -0.009331214 0.998494923 179.191101074
0.998483777 -0.012155875 0.053687356 12.530462265 0.011653515 0.999885440 0.009660297 -17.863332748 -0.053798635 -0.009020004 0.998511076 181.471481323
0.998443305 -0.012930423 0.054256488 12.730602264 0.012441646 0.999879003 0.009336754 -18.071020126 -0.054370649 -0.008647178 0.998483360 183.715393066
0.998513937 -0.014046130 0.052655146 12.959992409 0.013565312 0.999863029 0.009477703 -18.293796539 -0.052781064 -0.008749333 0.998567700 185.966812134
0.998518705 -0.015765483 0.052075308 13.169731140 0.015240781 0.999829173 0.010457685 -18.508876801 -0.052231286 -0.009648527 0.998588324 188.216217041
0.998533189 -0.016548838 0.051551115 13.381293297 0.016047677 0.999819994 0.010120442 -18.716415405 -0.051709313 -0.009278324 0.998619020 190.457626343
0.998487353 -0.018041436 0.051937427 13.572246552 0.017543498 0.999795914 0.010027238 -18.932125092 -0.052107725 -0.009100907 0.998599946 192.690765381
0.998454571 -0.019111173 0.052185230 13.763648987 0.018636672 0.999780655 0.009564098 -19.136018753 -0.052356564 -0.008576758 0.998591661 194.929580688
0.998482287 -0.019435974 0.051529896 13.996296883 0.018964257 0.999773800 0.009627389 -19.357177734 -0.051705357 -0.008635552 0.998625159 197.176116943
0.998506010 -0.017299039 0.051830564 14.207166672 0.016834542 0.999814272 0.009385116 -19.564975739 -0.051983289 -0.008498550 0.998611808 199.414855957
0.998516023 -0.015180961 0.052299850 14.407779694 0.014706969 0.999847293 0.009435952 -19.790687561 -0.052435111 -0.008652777 0.998586833 201.699569702
0.998489857 -0.014666178 0.052941594 14.618870735 0.014232595 0.999862015 0.008557643 -20.001272202 -0.053059801 -0.007791223 0.998560905 203.960403442
0.998457313 -0.014779471 0.053522561 14.820384979 0.014298592 0.999854028 0.009356396 -20.209804535 -0.053653028 -0.008576666 0.998522818 206.186843872
0.998429418 -0.016395170 0.053570788 15.050983429 0.015906462 0.999827981 0.009536345 -20.434534073 -0.053717922 -0.008669247 0.998518527 208.450302124
0.998369217 -0.016142065 0.054756515 15.257464409 0.015643021 0.999832213 0.009530297 -20.633729935 -0.054901168 -0.008658199 0.998454332 210.692642212
0.998285592 -0.015840305 0.056346584 15.471831322 0.015232571 0.999821246 0.011198884 -20.863254547 -0.056513906 -0.010321381 0.998348475 212.934844971
0.998221695 -0.014380925 0.057850979 15.707789421 0.013734601 0.999838889 0.011554412 -21.071184158 -0.058007825 -0.010739302 0.998258352 215.168502808
0.998066127 -0.012537382 0.060883768 15.921922684 0.011859741 0.999863744 0.011478714 -21.276447296 -0.061019395 -0.010734450 0.998079002 217.455047607
0.997932851 -0.012628995 0.063010812 16.151662827 0.011900064 0.999858022 0.011930251 -21.483352661 -0.063152537 -0.011155756 0.997941554 219.698196411
0.997797728 -0.013993911 0.064837366 16.385908127 0.013214988 0.999835432 0.012426875 -21.686571121 -0.065000609 -0.011542682 0.997818470 221.935562134
0.997695625 -0.015584357 0.066036344 16.621166229 0.014744993 0.999804437 0.013179070 -21.888774872 -0.066228807 -0.012174994 0.997730196 224.170013428
0.997629702 -0.017489972 0.066553243 16.874988556 0.016680298 0.999780178 0.012702221 -22.099777222 -0.066760771 -0.011561984 0.997702003 226.409927368
0.997597873 -0.018861666 0.066653773 17.117033005 0.018083785 0.999761343 0.012254659 -22.295074463 -0.066869013 -0.011019871 0.997700930 228.664657593
0.997536480 -0.019055450 0.067511313 17.353366852 0.018256070 0.999756098 0.012437982 -22.496362686 -0.067731842 -0.011174851 0.997640967 230.905181885
0.997480273 -0.020347992 0.067965768 17.602418900 0.019619294 0.999742866 0.011371918 -22.698783875 -0.068179689 -0.010009822 0.997622848 233.159423828
0.997415900 -0.021344090 0.068598635 17.841646194 0.020536251 0.999711454 0.012460087 -22.899209976 -0.068844780 -0.011019130 0.997566521 235.395080566
0.997451961 -0.020489218 0.068335421 18.124526978 0.019671030 0.999726713 0.012624637 -23.104930878 -0.068575427 -0.011248242 0.997582495 237.678741455
0.997414052 -0.020627216 0.068845347 18.365232468 0.019818954 0.999726653 0.012402721 -23.300273895 -0.069082357 -0.011006203 0.997550249 239.907653809
0.997382939 -0.020695901 0.069274247 18.612291336 0.019852433 0.999720454 0.012842300 -23.505584717 -0.069520660 -0.011433427 0.997514963 242.136703491
0.997329295 -0.020979440 0.069957040 18.853595734 0.020127665 0.999714732 0.012858544 -23.703334808 -0.070206858 -0.011416131 0.997467101 244.375228882
0.997285426 -0.021185879 0.070518814 19.099435806 0.020384375 0.999719381 0.012066226 -23.910303116 -0.070754662 -0.010595988 0.997437477 246.605514526
0.997308731 -0.020683050 0.070338905 19.359199524 0.019934902 0.999737144 0.011321825 -24.115488052 -0.070554592 -0.009889153 0.997458816 248.837600708
0.997288644 -0.020958094 0.070541844 19.612997055 0.020175930 0.999726951 0.011782395 -24.320459366 -0.070769511 -0.010327203 0.997439206 251.077133179
0.997253716 -0.022191711 0.070658028 19.867288589 0.021409597 0.999701023 0.011807266 -24.527347565 -0.070898943 -0.010262080 0.997430742 253.309524536
0.997239113 -0.022385219 0.070802487 20.122602463 0.021553069 0.999689639 0.012495394 -24.732414246 -0.071060233 -0.010934887 0.997412086 255.560440063
0.997207105 -0.023051633 0.071040638 20.363388062 0.022208259 0.999673486 0.012638889 -24.935390472 -0.071308792 -0.011025900 0.997393370 257.779876709
0.997170150 -0.023194980 0.071510419 20.623525620 0.022313748 0.999665201 0.013097623 -25.142856598 -0.071790278 -0.011464896 0.997353852 260.052154541
0.997144639 -0.022834167 0.071980543 20.881322861 0.021985274 0.999679267 0.012563854 -25.343994141 -0.072244361 -0.010945468 0.997326910 262.296081543
0.997115195 -0.022925874 0.072356880 21.140602112 0.022109674 0.999682784 0.012061180 -25.545764923 -0.072610445 -0.010426598 0.997305810 264.553558350
0.997093499 -0.022214834 0.072876550 21.402605057 0.021415066 0.999701798 0.011737485 -25.756107330 -0.073115557 -0.010142717 0.997271895 266.795532227
0.997021556 -0.021492740 0.074067630 21.658130646 0.020673504 0.999716580 0.011809747 -25.955284119 -0.074300453 -0.010243335 0.997183323 269.041534424
0.996927559 -0.021055490 0.075445913 21.919673920 0.020236097 0.999727786 0.011608757 -26.173000336 -0.075669795 -0.010046360 0.997082412 271.290435791
0.996836662 -0.021677148 0.076464318 22.191816330 0.020839021 0.999713898 0.011742016 -26.378404617 -0.076696970 -0.010111433 0.997003138 273.537292480
0.996626914 -0.022495717 0.078922220 22.439632416 0.021572696 0.999688804 0.012528611 -26.580944061 -0.079179518 -0.010783787 0.996801972 275.782867432
0.996515810 -0.022592863 0.080286391 22.715866089 0.021529747 0.999669075 0.014082732 -26.778944016 -0.080577999 -0.012305117 0.996672332 278.023742676
0.996485233 -0.021702092 0.080908336 23.005750656 0.020532753 0.999672771 0.015256828 -26.989162445 -0.081212953 -0.013541933 0.996604800 280.276397705
0.996411920 -0.021448877 0.081873819 23.290103912 0.020164678 0.999660850 0.016479962 -27.192457199 -0.082199544 -0.014769871 0.996506512 282.513854980
0.996333003 -0.020318467 0.083112702 23.566421509 0.019028230 0.999686301 0.016286839 -27.381786346 -0.083417557 -0.014645627 0.996407032 284.770721436
0.996243834 -0.019284004 0.084417388 23.835554123 0.018013183 0.999713182 0.015789952 -27.573249817 -0.084697656 -0.014210016 0.996305346 287.000091553
0.996262193 -0.018904695 0.084286578 24.133552551 0.017767565 0.999741018 0.014221102 -27.756938934 -0.084533580 -0.012670380 0.996340096 289.250244141
0.996204257 -0.019722013 0.084782869 24.406843185 0.018547283 0.999721050 0.014621200 -27.961517334 -0.085047573 -0.012993210 0.996292233 291.477752686
0.996196985 -0.019737668 0.084863670 24.683019638 0.018704800 0.999741197 0.012948954 -28.147779465 -0.085097268 -0.011312354 0.996308446 293.757476807
0.996195316 -0.020349003 0.084739551 24.961614609 0.019391930 0.999738693 0.012102229 -28.346359253 -0.084963679 -0.010412918 0.996329665 295.985412598
0.996203661 -0.020293267 0.084654547 25.242555618 0.019345470 0.999740839 0.012001535 -28.548620224 -0.084876142 -0.010318290 0.996338069 298.217163086
0.996202409 -0.019668080 0.084816881 25.520736694 0.018688878 0.999749362 0.012323560 -28.748756409 -0.085038021 -0.010691628 0.996320307 300.454742432
0.996145844 -0.019364709 0.085547708 25.780384064 0.018304186 0.999745786 0.013163961 -28.956014633 -0.085780866 -0.011547345 0.996247113 302.691284180
0.996148467 -0.019330973 0.085524485 26.064783096 0.018250640 0.999743640 0.013395846 -29.158472061 -0.085761517 -0.011783374 0.996246040 304.941223145
0.996122360 -0.018795943 0.085947171 26.349359512 0.017704919 0.999752939 0.013438815 -29.357196808 -0.086178534 -0.011865018 0.996209025 307.191497803
0.996114612 -0.019739768 0.085825197 26.634492874 0.018647097 0.999734759 0.013514508 -29.568210602 -0.086069211 -0.011861609 0.996218562 309.450744629
0.996065855 -0.020717399 0.086160541 26.916490555 0.019593377 0.999711812 0.013871021 -29.768363953 -0.086423084 -0.012128275 0.996184647 311.717864990
0.996028125 -0.020644050 0.086612828 27.198335648 0.019561119 0.999719679 0.013333321 -29.970804214 -0.086863816 -0.011586118 0.996152759 313.959533691
0.996056199 -0.020275289 0.086377062 27.492416382 0.019133734 0.999718547 0.014023574 -30.174671173 -0.086637095 -0.012315549 0.996163905 316.211730957
0.996008635 -0.018614816 0.087294482 27.773321152 0.017526966 0.999759078 0.013211904 -30.377620697 -0.087519385 -0.011629164 0.996094882 318.456634521
0.996015310 -0.017076563 0.087532125 28.054729462 0.015933765 0.999778688 0.013737891 -30.576852798 -0.087747350 -0.012288435 0.996066988 320.708160400
0.995950937 -0.015699012 0.088516101 28.330572128 0.014558649 0.999802709 0.013514060 -30.779188156 -0.088710800 -0.012170666 0.995983064 322.938537598
0.995900869 -0.014718023 0.089245461 28.607112885 0.013530840 0.999811947 0.013892881 -30.974203110 -0.089433163 -0.012628364 0.995912790 325.176605225
0.995901883 -0.014376556 0.089290388 28.899744034 0.013055360 0.999796748 0.015363083 -31.183120728 -0.089493126 -0.014134407 0.995887160 327.403472900
0.995873094 -0.015135436 0.089484774 29.180959702 0.013827583 0.999788702 0.015217286 -31.384939194 -0.089696161 -0.013917131 0.995871902 329.652252197
0.995891690 -0.016958183 0.088949665 29.481412888 0.015742589 0.999773085 0.014349888 -31.580865860 -0.089172825 -0.012890637 0.995932758 331.886169434
0.995875835 -0.016592799 0.089196146 29.765161514 0.015393542 0.999781847 0.014116332 -31.781084061 -0.089410916 -0.012685069 0.995913982 334.105560303
0.995845318 -0.016933713 0.089471906 30.049720764 0.015612643 0.999758840 0.015444513 -31.978113174 -0.089711852 -0.013983455 0.995869577 336.335571289
0.995907009 -0.017657757 0.088642344 30.353752136 0.016356431 0.999747872 0.015385653 -32.172550201 -0.088891670 -0.013872807 0.995944679 338.571685791
0.995894790 -0.017480539 0.088814035 30.635379791 0.016151076 0.999746859 0.015665710 -32.374485016 -0.089065403 -0.014166959 0.995925009 340.813842773
0.995947003 -0.017583590 0.088206559 30.932020187 0.016279178 0.999747574 0.015485804 -32.575420380 -0.088456571 -0.013987107 0.995981812 343.058715820
0.995968521 -0.017556341 0.087968476 31.218963623 0.016217634 0.999741852 0.015909767 -32.771312714 -0.088225096 -0.014418988 0.995996118 345.299011230
0.996008515 -0.017440272 0.087538049 31.504814148 0.016110564 0.999744117 0.015873678 -32.962772369 -0.087792508 -0.014400027 0.996034801 347.535308838
0.996050000 -0.017461747 0.087060563 31.790052414 0.016141774 0.999744177 0.015842605 -33.158954620 -0.087314926 -0.014374715 0.996077061 349.780212402
0.996065736 -0.017087480 0.086953744 32.072967529 0.015724840 0.999742985 0.016331816 -33.358661652 -0.087210454 -0.014900231 0.996078491 352.022827148
0.996107996 -0.017448377 0.086396895 32.357227325 0.016063102 0.999731481 0.016703224 -33.550128937 -0.086665139 -0.015250414 0.996120751 354.245849609
0.996126592 -0.017170329 0.086237811 32.635749817 0.015830237 0.999743402 0.016199447 -33.745620728 -0.086493835 -0.014771534 0.996142864 356.483642578
0.996179581 -0.017320869 0.085593238 32.921566010 0.015956126 0.999734819 0.016603054 -33.938735962 -0.085858122 -0.015173885 0.996191800 358.720489502
0.996241689 -0.016996752 0.084933050 33.210903168 0.015560561 0.999724925 0.017543253 -34.136028290 -0.085207887 -0.016155707 0.996232212 360.961853027
0.996299267 -0.017245326 0.084204458 33.497596741 0.015831990 0.999722838 0.017423617 -34.330604553 -0.084481575 -0.016026011 0.996296108 363.201324463
0.996335626 -0.017304530 0.083760716 33.780410767 0.015847372 0.999711812 0.018030440 -34.524360657 -0.084048584 -0.016636986 0.996322751 365.436553955
0.996384263 -0.017401418 0.083160155 34.063026428 0.016016472 0.999722183 0.017292270 -34.717937469 -0.083437957 -0.015897814 0.996386170 367.701385498
0.996391892 -0.017980793 0.082945421 34.339523315 0.016604602 0.999713242 0.017251698 -34.914073944 -0.083231829 -0.015812175 0.996404707 369.953063965
0.996393085 -0.017925186 0.082942918 34.610614777 0.016627757 0.999728739 0.016306920 -35.100036621 -0.083212726 -0.014868947 0.996420920 372.206726074
0.996445537 -0.018101050 0.082272008 34.889892578 0.016820420 0.999726772 0.016232394 -35.296600342 -0.082543351 -0.014790845 0.996477723 374.437286377
0.996514320 -0.018093249 0.081437245 35.173465729 0.016807973 0.999723554 0.016440481 -35.485733032 -0.081712186 -0.015014376 0.996542871 376.684570312
0.996449828 -0.017331583 0.082385220 35.436485291 0.015950719 0.999721646 0.017389812 -35.684265137 -0.082663670 -0.016013969 0.996448815 378.942138672
0.996446013 -0.017991126 0.082289524 35.712497711 0.016597655 0.999707699 0.017586643 -35.880130768 -0.082581855 -0.016158326 0.996453285 381.183471680
0.996472895 -0.017953347 0.081973813 35.994876862 0.016560739 0.999707282 0.017636912 -36.067504883 -0.082266472 -0.016217157 0.996478379 383.437713623
0.996482968 -0.017019244 0.082049005 36.274600983 0.015610911 0.999720037 0.017775660 -36.262123108 -0.082328565 -0.016432282 0.996469736 385.695648193
0.996472359 -0.015801584 0.082419761 36.540657043 0.014374430 0.999736786 0.017880436 -36.449119568 -0.082680583 -0.016632620 0.996437311 387.939849854
0.996505857 -0.014801557 0.082200825 36.825016022 0.013375505 0.999750793 0.017872080 -36.648288727 -0.082444876 -0.016710155 0.996455550 390.208068848
0.996500134 -0.013190462 0.082543835 37.099002838 0.011755401 0.999771595 0.017847398 -36.845054626 -0.082760394 -0.016814599 0.996427596 392.489196777
0.996523976 -0.011794097 0.082467221 37.377510071 0.010246459 0.999763846 0.019164836 -37.036972046 -0.082673803 -0.018253220 0.996409416 394.749481201
0.996462286 -0.010647454 0.083364114 37.644523621 0.009047460 0.999768019 0.019547172 -37.228904724 -0.083552912 -0.018723788 0.996327341 397.010650635
0.996418953 -0.010313752 0.083922103 37.920955658 0.008823024 0.999796987 0.018114766 -37.426441193 -0.084091909 -0.017309450 0.996307671 399.274200439
0.996348262 -0.009483252 0.084854431 38.196647644 0.008033560 0.999816179 0.017409611 -37.617080688 -0.085003950 -0.016664354 0.996241212 401.546447754
0.996288538 -0.011220070 0.085340984 38.468883514 0.009680139 0.999783158 0.018436898 -37.808238983 -0.085529357 -0.017542357 0.996181130 403.806549072
0.996221840 -0.012714047 0.085908674 38.748512268 0.011056100 0.999743879 0.019747268 -38.003784180 -0.086137742 -0.018722851 0.996107280 406.056518555
0.996211231 -0.013438050 0.085922197 39.028968811 0.011788841 0.999736905 0.019672893 -38.193050385 -0.086163960 -0.018585436 0.996107578 408.312622070
0.996168256 -0.013273863 0.086444475 39.316394806 0.011747779 0.999766409 0.018138794 -38.378097534 -0.086665057 -0.017053761 0.996091545 410.578125000
0.996088862 -0.010798999 0.087696001 39.608936310 0.009163078 0.999776781 0.019035662 -38.588783264 -0.087882005 -0.018157640 0.995965362 412.843292236
0.996031821 -0.009599964 0.088478602 39.890113831 0.007967868 0.999791861 0.018780986 -38.780281067 -0.088640481 -0.018001476 0.995900929 415.086578369
0.995935738 -0.008231866 0.089689761 40.178913116 0.006562464 0.999799907 0.018892080 -38.970977783 -0.089827336 -0.018226711 0.995790482 417.360717773
0.995896161 -0.008377378 0.090114392 40.475601196 0.006729966 0.999804914 0.018569686 -39.162464142 -0.090252370 -0.017887013 0.995758235 419.615814209
0.995795906 -0.008336567 0.091219537 40.760002136 0.006667480 0.999804974 0.018586963 -39.350929260 -0.091356702 -0.017900620 0.995657325 421.869262695
0.995709002 -0.008493245 0.092148475 41.044876099 0.006822777 0.999807060 0.018427897 -39.547054291 -0.092287205 -0.017720114 0.995574772 424.127349854
0.995636642 -0.008674100 0.092911229 41.340290070 0.006885096 0.999785006 0.019558238 -39.738250732 -0.093060888 -0.018833194 0.995482266 426.402191162
0.995606422 -0.007872035 0.093305215 41.637508392 0.006023532 0.999780297 0.020076461 -39.925464630 -0.093442746 -0.019426227 0.995435119 428.654785156
0.995535195 -0.007258052 0.094111875 41.939540863 0.005326895 0.999770403 0.020754816 -40.113246918 -0.094240911 -0.020160828 0.995345294 430.935668945
0.995515049 -0.007610055 0.094296798 42.234504700 0.005636513 0.999759853 0.021177730 -40.315143585 -0.094435312 -0.020551246 0.995318770 433.198028564
0.995475471 -0.008353720 0.094650559 42.539287567 0.006436632 0.999768257 0.020541620 -40.511318207 -0.094800219 -0.019839449 0.995298624 435.464019775
0.995475054 -0.007316652 0.094740227 42.847892761 0.005387378 0.999773204 0.020603605 -40.685825348 -0.094869487 -0.019999975 0.995288789 437.732086182
0.995432913 -0.007733619 0.095149375 43.153827667 0.005760357 0.999763072 0.020995773 -40.877258301 -0.095289208 -0.020351790 0.995241523 440.017669678
0.995482028 -0.007855312 0.094624385 43.467792511 0.005879779 0.999759316 0.021138385 -41.063236237 -0.094767652 -0.020486511 0.995288610 442.292388916
0.995450854 -0.006782213 0.095034987 43.776069641 0.004705863 0.999745607 0.022055384 -41.259395599 -0.095160402 -0.021507829 0.995229602 444.568664551
0.995405853 -0.007306406 0.095466033 44.082382202 0.005219590 0.999742270 0.022090694 -41.442466736 -0.095602833 -0.021490911 0.995187521 446.847930908
0.995403469 -0.007050985 0.095509820 44.385669708 0.005011692 0.999754608 0.021574745 -41.630210876 -0.095638499 -0.020996913 0.995194674 449.113311768
0.995408058 -0.006470114 0.095505118 44.691459656 0.004442086 0.999760449 0.021432105 -41.820735931 -0.095620915 -0.020909447 0.995198131 451.376861572
0.995358050 -0.005750748 0.096068799 44.994026184 0.003748579 0.999772370 0.021008488 -42.012012482 -0.096167736 -0.020550851 0.995152891 453.640075684
0.995261729 -0.004970517 0.097105004 45.292484283 0.002938236 0.999773860 0.021060476 -42.192409515 -0.097187743 -0.020675369 0.995051265 455.919891357
0.995223224 -0.005352405 0.097478464 45.592544556 0.003325929 0.999775231 0.020939589 -42.388858795 -0.097568639 -0.020515358 0.995017290 458.185943604
0.995251298 -0.004507856 0.097233817 45.911628723 0.002565141 0.999794781 0.020095579 -42.574520111 -0.097304456 -0.019750733 0.995058656 460.467102051
0.995239258 -0.003293306 0.097406119 46.220130920 0.001279981 0.999784410 0.020724665 -42.766139984 -0.097453356 -0.020501321 0.995029032 462.748840332
0.995245457 -0.002565460 0.097364597 46.525848389 0.000435347 0.999760211 0.021892631 -42.951301575 -0.097397417 -0.021746151 0.995007992 465.019592285
0.995284438 -0.002550138 0.096966073 46.827526093 0.000408110 0.999755621 0.022103900 -43.133434296 -0.096998759 -0.021960098 0.995042205 467.283630371
0.995410860 -0.002990047 0.095646456 47.146369934 0.000972478 0.999776125 0.021133700 -43.321773529 -0.095688246 -0.020943701 0.995190918 469.565368652
0.995488226 -0.003142439 0.094833307 47.464508057 0.001186097 0.999785483 0.020678584 -43.514167786 -0.094877943 -0.020472810 0.995278358 471.862731934
0.995581686 -0.003700373 0.093826093 47.774902344 0.001651089 0.999758601 0.021909526 -43.711620331 -0.093884513 -0.021657810 0.995347440 474.140014648
0.995600641 -0.004102147 0.093608320 48.072921753 0.002087623 0.999764264 0.021608569 -43.895950317 -0.093674891 -0.021318087 0.995374560 476.418090820
0.995736539 -0.003706993 0.092168279 48.380928040 0.001752146 0.999772012 0.021281412 -44.070175171 -0.092226177 -0.021029186 0.995515943 478.701019287
0.995769560 -0.003949404 0.091800623 48.681537628 0.001948846 0.999758899 0.021871865 -44.258354187 -0.091864854 -0.021600433 0.995537162 480.982757568
0.995805979 -0.004490233 0.091380157 48.986698151 0.002451169 0.999745786 0.022414090 -44.445205688 -0.091457583 -0.022096094 0.995563745 483.259063721
0.995793223 -0.004890968 0.091497503 49.272254944 0.002929736 0.999763370 0.021556858 -44.629337311 -0.091581263 -0.021198111 0.995571971 485.547119141
0.995893717 -0.005510869 0.090362266 49.581954956 0.003502841 0.999743700 0.022365529 -44.826633453 -0.090462372 -0.021957163 0.995657742 487.854553223
0.995950997 -0.005630536 0.089720987 49.880409241 0.003628946 0.999741197 0.022456579 -45.010337830 -0.089824215 -0.022040060 0.995713711 490.139984131
0.995967269 -0.005073523 0.089573503 50.171321869 0.003055175 0.999738574 0.022655610 -45.190238953 -0.089665063 -0.022290586 0.995722532 492.436035156
0.996022046 -0.004709166 0.088982925 50.469158173 0.002646252 0.999725342 0.023287017 -45.376739502 -0.089068145 -0.022958914 0.995760918 494.722442627
0.996023297 -0.004469006 0.088980645 50.751617432 0.002449841 0.999737263 0.022788480 -45.560424805 -0.089059107 -0.022479868 0.995772541 497.030761719
0.996061325 -0.004084140 0.088574313 51.057441711 0.002101571 0.999745429 0.022464829 -45.756294250 -0.088643521 -0.022190202 0.995816231 499.346801758
0.996084571 -0.004001092 0.088314883 51.346611023 0.001949381 0.999726474 0.023305798 -45.941719055 -0.088383995 -0.023042386 0.995819926 501.641052246
0.996103406 -0.003814864 0.088109739 51.634166718 0.001735048 0.999718308 0.023669381 -46.131355286 -0.088175215 -0.023424281 0.995829523 503.924499512
0.996136248 -0.002714352 0.087779425 51.924728394 0.000715094 0.999739766 0.022799371 -46.316322327 -0.087818466 -0.022648508 0.995878935 506.220092773
0.996100545 -0.002416093 0.088192239 52.203815460 0.000334296 0.999721050 0.023612354 -46.504497528 -0.088224679 -0.023490794 0.995823562 508.513610840
0.996135592 -0.003106056 0.087774009 52.498054504 0.001110426 0.999740005 0.022775700 -46.693473816 -0.087821916 -0.022590211 0.995880008 510.805206299
0.996179342 -0.003798217 0.087248616 52.797214508 0.001745601 0.999720097 0.023590313 -46.885002136 -0.087313816 -0.023347884 0.995907128 513.108337402
0.996188104 -0.003628855 0.087155804 53.088035583 0.001564177 0.999716759 0.023746142 -47.068538666 -0.087217294 -0.023519294 0.995911658 515.414672852
0.996189296 -0.002564742 0.087179780 53.374732971 0.000498822 0.999718666 0.023710774 -47.254627228 -0.087216072 -0.023576930 0.995910406 517.723510742
0.996157765 -0.001698878 0.087561421 53.655883789 -0.000346848 0.999727428 0.023342814 -47.440608978 -0.087577224 -0.023283493 0.995885611 520.020141602
0.996104598 0.000378849 0.088178784 53.944335938 -0.002478201 0.999716043 0.023699643 -47.632629395 -0.088144772 -0.023825850 0.995822608 522.374084473
0.996066451 0.002345028 0.088577494 54.239860535 -0.004483382 0.999703050 0.023949815 -47.818645477 -0.088495031 -0.024252735 0.995781302 524.704467773
0.996007323 0.002842919 0.089226209 54.532249451 -0.005098331 0.999672949 0.025059748 -47.996818542 -0.089125767 -0.025414601 0.995696068 527.027343750
0.995968342 0.002264691 0.089677073 54.828292847 -0.004525414 0.999676824 0.025014307 -48.179706573 -0.089591436 -0.025319286 0.995656669 529.347595215
0.995923877 0.000406340 0.090196669 55.117527008 -0.002800690 0.999646902 0.026420906 -48.360706329 -0.090154096 -0.026565824 0.995573461 531.661926270
0.995866656 -0.001208070 0.090819284 55.418586731 -0.001174980 0.999656618 0.026181417 -48.540679932 -0.090819724 -0.026179910 0.995523274 533.989807129
0.995835185 -0.001211811 0.091162771 55.716693878 -0.001115309 0.999674916 0.025471808 -48.719848633 -0.091163993 -0.025467400 0.995510161 536.311584473
0.995729864 -0.001353496 0.092305146 56.008483887 -0.000996331 0.999676645 0.025406336 -48.902591705 -0.092309684 -0.025389807 0.995406687 538.632995605
0.995641470 -0.000980590 0.093258299 56.301681519 -0.001349148 0.999688685 0.024915233 -49.089019775 -0.093253694 -0.024932459 0.995330155 540.949707031
0.995537579 -0.000181971 0.094365314 56.597129822 -0.002144912 0.999696136 0.024556236 -49.272697449 -0.094341107 -0.024649063 0.995234668 543.279113770
0.995454967 0.000324737 0.095232643 56.908493042 -0.002568159 0.999722004 0.023435665 -49.453079224 -0.095198557 -0.023573723 0.995179176 545.606933594
0.995310605 0.000259769 0.096730389 57.190254211 -0.002586765 0.999710262 0.023931894 -49.640670776 -0.096696146 -0.024069883 0.995022833 547.942077637
0.995239615 0.000109197 0.097457677 57.497146606 -0.002576937 0.999679148 0.025195638 -49.832000732 -0.097423658 -0.025326842 0.994920671 550.262329102
0.995145440 0.000363172 0.098414265 57.796993256 -0.002802118 0.999692380 0.024645353 -50.006958008 -0.098375037 -0.024801482 0.994840324 552.569458008
0.995260358 -0.001505027 0.097234242 58.131587982 -0.000870921 0.999702156 0.024388235 -50.202239990 -0.097241975 -0.024357326 0.994962692 554.887695312
0.995293438 -0.001698423 0.096893542 58.456928253 -0.000719007 0.999689579 0.024908971 -50.386199951 -0.096905775 -0.024861403 0.994983017 557.205505371
0.995245755 -0.001655048 0.097381607 58.767787933 -0.000795787 0.999684155 0.025123112 -50.566017151 -0.097392403 -0.025081169 0.994929969 559.515197754
0.995234609 -0.001153708 0.097502820 59.085338593 -0.001379009 0.999663472 0.025904451 -50.744712830 -0.097499885 -0.025915464 0.994898021 561.847900391
0.995233953 -0.001768727 0.097499982 59.408229828 -0.000816045 0.999649346 0.026464237 -50.924514771 -0.097512610 -0.026417671 0.994883597 564.183654785
0.995195270 -0.001107572 0.097903781 59.725578308 -0.001548122 0.999633014 0.027045427 -51.099639893 -0.097897805 -0.027067045 0.994828343 566.500976562
0.995154440 -0.000192019 0.098323733 60.050251007 -0.002404662 0.999651372 0.026290316 -51.282302856 -0.098294511 -0.026399359 0.994807124 568.834228516
0.995167434 0.000912058 0.098188058 60.381595612 -0.003371515 0.999684572 0.024885425 -51.457939148 -0.098134391 -0.025096206 0.994856775 571.160583496
0.995155692 0.001357190 0.098302044 60.718910217 -0.003831358 0.999680459 0.024984645 -51.642524719 -0.098236732 -0.025240239 0.994842947 573.484802246
0.995132864 0.001273500 0.098535217 61.032379150 -0.003887068 0.999645591 0.026336774 -51.833393097 -0.098466769 -0.026591601 0.994785011 575.864746094
0.995132506 0.001271780 0.098537393 61.361019135 -0.004014138 0.999610007 0.027637370 -52.020652771 -0.098463811 -0.027898388 0.994749546 578.182373047
0.995047748 0.002009874 0.099377774 61.676151276 -0.004625299 0.999648869 0.026094617 -52.201812744 -0.099290431 -0.026425049 0.994707525 580.565063477
0.995103717 0.001150380 0.098829634 62.005355835 -0.003675018 0.999671400 0.025367105 -52.372650146 -0.098767996 -0.025606100 0.994781017 582.906127930
0.995053828 0.000710981 0.099334739 62.326347351 -0.003409937 0.999629557 0.027003175 -52.565959930 -0.099278741 -0.027208338 0.994687617 585.244934082
0.995123208 0.000978536 0.098634116 62.652851105 -0.003663915 0.999627411 0.027048212 -52.743743896 -0.098570883 -0.027277688 0.994756103 587.562744141
0.995078623 -0.001966039 0.099069215 62.986576080 -0.000613221 0.999661803 0.025997756 -52.931125641 -0.099086829 -0.025930567 0.994740903 589.927978516
0.995105624 -0.002242643 0.098790817 63.317825317 -0.000311495 0.999666274 0.025831005 -53.106575012 -0.098815769 -0.025735354 0.994772911 592.277282715
0.995116293 -0.003648490 0.098641336 63.639862061 0.001061640 0.999654472 0.026264591 -53.288429260 -0.098703057 -0.026031602 0.994776368 594.616088867
0.995146334 -0.004156944 0.098318346 63.971336365 0.001534107 0.999641299 0.026737558 -53.472324371 -0.098394200 -0.026456948 0.994795740 596.968688965
