1.000000000 0.000000000 0.000000000 0.000000000 0.000000000 1.000000000 0.000000000 0.000000000 0.000000000 0.000000000 1.000000000 0.000000000
0.999999940 -0.000054132 0.000309716 0.088669248 0.000054203 1.000000000 -0.000229170 -0.226224795 -0.000309704 0.000229186 0.999999940 2.285913706
0.999999404 0.000176264 0.001097046 0.167614132 -0.000176568 0.999999940 0.000277000 -0.463886917 -0.001096997 -0.000277194 0.999999344 4.581874371
0.999998689 -0.000089887 0.001602214 0.265105098 0.000088993 0.999999821 0.000557990 -0.696573973 -0.001602264 -0.000557846 0.999998569 6.867520332
0.999996841 -0.000132420 0.002500601 0.359685928 0.000135379 0.999999225 -0.001182981 -0.928799927 -0.002500443 0.001183316 0.999996126 9.162708282
0.999988198 0.001612728 0.004586425 0.450906098 -0.001613932 0.999998689 0.000258813 -1.165416837 -0.004586002 -0.000266212 0.999989450 11.468338013
0.999970019 0.003448340 0.006925905 0.547894776 -0.003458230 0.999993026 0.001416451 -1.397898078 -0.006920971 -0.001440360 0.999975026 13.756128311
0.999951363 0.003293397 0.009298731 0.653784394 -0.003330299 0.999986649 0.003955870 -1.625904083 -0.009285578 -0.003986645 0.999948978 16.028396606
0.999942243 0.003552719 0.010152878 0.755371392 -0.003607732 0.999978900 0.005405356 -1.856518865 -0.010133460 -0.005441671 0.999933779 18.329347610
0.999931991 0.002576456 0.011380803 0.865184426 -0.002642432 0.999979794 0.005785923 -2.083477020 -0.011365667 -0.005815602 0.999918461 20.602640152
0.999927640 0.000261031 0.012028337 0.987915754 -0.000300907 0.999994457 0.003313498 -2.308136463 -0.012027404 -0.003316878 0.999922156 22.924179077
0.999915302 -0.001973015 0.012862131 1.094434738 0.001957589 0.999997318 0.001211818 -2.526187181 -0.012864487 -0.001186537 0.999916494 25.207681656
0.999916673 -0.002505348 0.012661345 1.236242890 0.002491248 0.999996245 0.001129305 -2.779511929 -0.012664128 -0.001097669 0.999919176 27.503845215
0.999898612 -0.002275325 0.014058936 1.336989522 0.002279145 0.999997377 -0.000255687 -2.998782396 -0.014058318 0.000287703 0.999901056 29.788988113
0.999897063 -0.000441925 0.014337716 1.465070486 0.000398153 0.999995232 0.003055612 -3.235599995 -0.014338997 -0.003049589 0.999892533 32.049762726
0.999904275 0.001443405 0.013757996 1.600766897 -0.001516528 0.999984741 0.005305991 -3.453928232 -0.013750129 -0.005326347 0.999891281 34.331073761
0.999880731 0.003120519 0.015125534 1.722358942 -0.003259028 0.999952853 0.009141249 -3.684108973 -0.015096300 -0.009189450 0.999843836 36.651645660
0.999866366 0.004982725 0.015569476 1.841868281 -0.005120873 0.999947727 0.008845722 -3.900793791 -0.015524587 -0.008924269 0.999839664 38.923473358
0.999842882 0.003552151 0.017365819 1.947529316 -0.003676067 0.999967992 0.007108884 -4.104871750 -0.017340010 -0.007171605 0.999823928 41.231391907
0.999844968 0.001111946 0.017566025 2.070065022 -0.001220531 0.999980211 0.006172007 -4.327916622 -0.017558813 -0.006192491 0.999826610 43.509082794
0.999854803 0.000628400 0.017029999 2.209345818 -0.000718528 0.999985695 0.005286695 -4.556868553 -0.017026432 -0.005298165 0.999840975 45.762145996
0.999851644 -0.000066399 0.017219482 2.332437038 -0.000009618 0.999990284 0.004414480 -4.784180641 -0.017219607 -0.004413993 0.999841928 48.041923523
0.999848485 -0.001368468 0.017352596 2.463314533 0.001276892 0.999985337 0.005287342 -5.013830185 -0.017359572 -0.005264385 0.999835372 50.319694519
0.999828100 -0.001983434 0.018433301 2.588396549 0.001884459 0.999983728 0.005385194 -5.231251717 -0.018443683 -0.005349532 0.999815524 52.585765839
0.999821603 -0.003071252 0.018634068 2.721886396 0.002970322 0.999980807 0.005441715 -5.457520485 -0.018650424 -0.005385395 0.999811590 54.870418549
0.999791265 -0.003651415 0.020102449 2.845280170 0.003534281 0.999976695 0.005859328 -5.684075356 -0.020123374 -0.005787056 0.999780774 57.174182892
0.999775112 -0.005001495 0.020615375 2.983153105 0.004868436 0.999967039 0.006499444 -5.905602932 -0.020647205 -0.006397616 0.999766290 59.447643280
0.999738634 -0.006424764 0.021939106 3.111070633 0.006297698 0.999962986 0.005855996 -6.125680923 -0.021975920 -0.005716299 0.999742150 61.715232849
0.999717951 -0.007158676 0.022643961 3.257735729 0.007027367 0.999957979 0.005873044 -6.347972393 -0.022685053 -0.005712260 0.999726295 63.969192505
0.999688745 -0.006609779 0.024055801 3.394041061 0.006456196 0.999958336 0.006456485 -6.566538334 -0.024097474 -0.006299166 0.999689758 66.238349915
0.999672830 -0.005704014 0.024933051 3.539336681 0.005537090 0.999961793 0.006758846 -6.788154125 -0.024970653 -0.006618579 0.999666274 68.491409302
0.999630690 -0.005897719 0.026527962 3.671998024 0.005726975 0.999962449 0.006507696 -7.008648396 -0.026565345 -0.006353366 0.999626875 70.741737366
0.999620140 -0.006784009 0.026713040 3.833782196 0.006648755 0.999964654 0.005148822 -7.227921009 -0.026747029 -0.004969257 0.999629855 72.991065979
0.999597967 -0.007512390 0.027340043 3.982391596 0.007362017 0.999957263 0.005596617 -7.449992657 -0.027380923 -0.005393090 0.999610543 75.260993958
0.999548376 -0.008788443 0.028735140 4.136627197 0.008640189 0.999948740 0.005279379 -7.678298473 -0.028780065 -0.005028719 0.999573171 77.524093628
0.999539137 -0.009785322 0.028733987 4.293753624 0.009640595 0.999940157 0.005170949 -7.906385422 -0.028782861 -0.004891554 0.999573708 79.772102356
0.999509871 -0.010319978 0.029554073 4.440734863 0.010178319 0.999935985 0.004939604 -8.120182037 -0.029603157 -0.004636373 0.999550998 82.029586792
0.999495804 -0.009571330 0.030271562 4.607682705 0.009427042 0.999943495 0.004905518 -8.342518806 -0.030316807 -0.004617674 0.999529660 84.283561707
0.999450147 -0.009407213 0.031795628 4.764251709 0.009237313 0.999942243 0.005486199 -8.556904793 -0.031845409 -0.005189477 0.999479353 86.534606934
0.999454379 -0.009170594 0.031731676 4.932939529 0.008965543 0.999938011 0.006598254 -8.783958435 -0.031790223 -0.006310163 0.999474645 88.804115295
0.999429464 -0.008285204 0.032740664 5.090339661 0.008055439 0.999942064 0.007143368 -9.005303383 -0.032797951 -0.006875551 0.999438465 91.054306030
0.999399781 -0.008180106 0.033661015 5.253276348 0.007943246 0.999942720 0.007164366 -9.223620415 -0.033717696 -0.006892689 0.999407589 93.304695129
0.999382555 -0.008475028 0.034101840 5.419968605 0.008255464 0.999944329 0.006574179 -9.436314583 -0.034155663 -0.006288592 0.999396741 95.558830261
0.999356508 -0.008936915 0.034738269 5.585479736 0.008699396 0.999937773 0.006982468 -9.654664993 -0.034798503 -0.006675773 0.999372065 97.814041138
0.999318004 -0.008769670 0.035869751 5.744794846 0.008533258 0.999940872 0.006738634 -9.882482529 -0.035926726 -0.006427952 0.999333739 100.050582886
0.999262691 -0.008960405 0.037334193 5.906037331 0.008671369 0.999931216 0.007896580 -10.094922066 -0.037402373 -0.007567018 0.999271631 102.275283813
0.999233603 -0.009243920 0.038036034 6.092129707 0.008952032 0.999929190 0.007837184 -10.308872223 -0.038105786 -0.007490679 0.999245703 104.530372620
0.999203384 -0.009657082 0.038724858 6.262888432 0.009328834 0.999919116 0.008648208 -10.528719902 -0.038805246 -0.008280062 0.999212503 106.759643555
0.999161959 -0.011024402 0.039418317 6.448901653 0.010680179 0.999903083 0.008932504 -10.741029739 -0.039512988 -0.008504023 0.999182880 109.007820129
0.999121726 -0.011958870 0.040159568 6.632413864 0.011572178 0.999884486 0.009847594 -10.959012032 -0.040272702 -0.009374212 0.999144673 111.250869751
0.999100983 -0.012256074 0.040583916 6.819337845 0.011918672 0.999892473 0.008545271 -11.175001144 -0.040684287 -0.008053883 0.999139547 113.511795044
0.999053061 -0.012533246 0.041663576 6.999718666 0.012227218 0.999896407 0.007591948 -11.385082245 -0.041754406 -0.007075330 0.999102831 115.768905640
0.999027252 -0.012872354 0.042176750 7.174574852 0.012539756 0.999888182 0.008140897 -11.604530334 -0.042276822 -0.007604093 0.999076962 117.975883484
0.998973072 -0.013303483 0.043310888 7.367499352 0.012918156 0.999874532 0.009164508 -11.824682236 -0.043427378 -0.008595599 0.999019563 120.213653564
0.998931527 -0.014062614 0.044026382 7.565030098 0.013660007 0.999862194 0.009432225 -12.038928986 -0.044152960 -0.008820746 0.998985827 122.445854187
0.998886764 -0.015098422 0.044690173 7.759874344 0.014694711 0.999848306 0.009348349 -12.254552841 -0.044824537 -0.008681232 0.998957276 124.672721863
0.998857558 -0.015655220 0.045148414 7.946578503 0.015282245 0.999846280 0.008594457 -12.472773552 -0.045276016 -0.007894671 0.998943329 126.923507690
0.998838127 -0.017184051 0.045023222 8.136244774 0.016797466 0.999818802 0.008950691 -12.682281494 -0.045168873 -0.008184017 0.998945832 129.178695679
0.998848796 -0.018404318 0.044297837 8.322424889 0.018010207 0.999794722 0.009279585 -12.891378403 -0.044459529 -0.008471088 0.998975396 131.431869507
0.998905897 -0.018690243 0.042867012 8.520671844 0.018249379 0.999776661 0.010652908 -13.104858398 -0.043056544 -0.009858957 0.999024034 133.669067383
0.998992503 -0.019975865 0.040186707 8.737834930 0.019586502 0.999757528 0.010059383 -13.317443848 -0.040377900 -0.009262132 0.999141574 135.899902344
0.999066889 -0.020905988 0.037793878 8.941285133 0.020566551 0.999744833 0.009347943 -13.520063400 -0.037979662 -0.008561927 0.999241889 138.116790771
0.999044478 -0.021715770 0.037928123 9.109031677 0.021367097 0.999725878 0.009574301 -13.742547035 -0.038125630 -0.008754740 0.999234617 140.389663696
0.999025702 -0.022213569 0.038131751 9.274827003 0.021885272 0.999719977 0.009005481 -13.938762665 -0.038321119 -0.008162184 0.999232173 142.625762939
0.999082148 -0.022099225 0.036692318 9.463794708 0.021727130 0.999708712 0.010509026 -14.160868645 -0.036913868 -0.009702163 0.999271333 144.845596313
0.999102175 -0.021077394 0.036748238 9.633637428 0.020746885 0.999740958 0.009352161 -14.368567467 -0.036935840 -0.008581353 0.999280751 147.086715698
0.999122024 -0.019894900 0.036870133 9.806322098 0.019621363 0.999777317 0.007765981 -14.579117775 -0.037016429 -0.007035722 0.999289870 149.331207275
0.999143243 -0.018120309 0.037207205 9.976968765 0.017870598 0.999815524 0.007033184 -14.795171738 -0.037327792 -0.006362244 0.999282777 151.575057983
0.999153793 -0.017444314 0.037251193 10.157392502 0.017191090 0.999826908 0.007107376 -15.008428574 -0.037368741 -0.006460971 0.999280632 153.805633545
0.999148369 -0.016763249 0.037703469 10.330211639 0.016487148 0.999834955 0.007622066 -15.221536636 -0.037825018 -0.006993951 0.999259889 156.054565430
0.999155402 -0.016001238 0.037849110 10.522106171 0.015682314 0.999839008 0.008708202 -15.435876846 -0.037982363 -0.008107284 0.999245584 158.272735596
0.999118745 -0.015343348 0.039067678 10.695099831 0.014972772 0.999840260 0.009760554 -15.656162262 -0.039211195 -0.009167002 0.999188900 160.551910400
0.999088287 -0.014403298 0.040190302 10.870681763 0.013940873 0.999833643 0.011762565 -15.869789124 -0.040353037 -0.011191552 0.999122739 162.789672852
0.999062657 -0.013525022 0.041121028 11.048460007 0.013091560 0.999855995 0.010792226 -16.066282272 -0.041261066 -0.010243770 0.999095976 165.026000977
0.999027789 -0.012692814 0.042220928 11.238190651 0.012291838 0.999876916 0.009743154 -16.277355194 -0.042339407 -0.009214705 0.999060810 167.262481689
0.998951375 -0.010808394 0.044489272 11.413042068 0.010365074 0.999894440 0.010183327 -16.486223221 -0.044594642 -0.009711513 0.998958051 169.492828369
0.998830080 -0.010454830 0.047213200 11.590119362 0.009956353 0.999892294 0.010780893 -16.709131241 -0.047320817 -0.010298212 0.998826683 171.742309570
0.998719692 -0.010784845 0.049423460 11.790625572 0.010295647 0.999895573 0.010142011 -16.910852432 -0.049527682 -0.009620179 0.998726368 174.004302979
0.998646915 -0.010888861 0.050850410 11.994682312 0.010354416 0.999888420 0.010761796 -17.122997284 -0.050961923 -0.010220707 0.998648286 176.252899170
0.998582184 -0.011490459 0.051977023 12.193346024 0.010904675 0.999873877 0.011539648 -17.328948975 -0.052103061 -0.010956495 0.998581588 178.484558105
0.998520195 -0.012294630 0.052973591 12.385407448 0.011679901 0.999861002 0.011898442 -17.537593842 -0.053112518 -0.011262108 0.998524964 180.722351074
0.998562992 -0.013058820 0.051974878 12.596160889 0.012475286 0.999855578 0.011535931 -17.750520706 -0.052118026 -0.010870952 0.998581767 182.984634399
0.998575151 -0.014258562 0.051423203 12.807107925 0.013683988 0.999840140 0.011508260 -17.962297440 -0.051579066 -0.010788186 0.998610616 185.227996826
0.998575985 -0.016082309 0.050866701 13.017973900 0.015481014 0.999805808 0.012192984 -18.164484024 -0.051052917 -0.011388154 0.998630941 187.463226318
0.998572648 -0.017296826 0.050532147 13.216405869 0.016718773 0.999790132 0.011839826 -18.375724792 -0.050726332 -0.010978092 0.998652279 189.700057983
0.998545229 -0.018434750 0.050671741 13.420798302 0.017867530 0.999772787 0.011624299 -18.584388733 -0.050874524 -0.010702009 0.998647749 191.940704346
0.998529792 -0.019639226 0.050525188 13.625116348 0.019084442 0.999752402 0.011439421 -18.803674698 -0.050737355 -0.010458357 0.998657227 194.196899414
0.998551667 -0.019224992 0.050248560 13.833750725 0.018655306 0.999756575 0.011781954 -19.008785248 -0.050462827 -0.010827488 0.998667240 196.434875488
0.998575449 -0.017875651 0.050274279 14.043533325 0.017268099 0.999772847 0.012493315 -19.219041824 -0.050486188 -0.011607377 0.998657286 198.661590576
0.998585999 -0.015209653 0.050937723 14.241519928 0.014625355 0.999823093 0.011823995 -19.435337067 -0.051108543 -0.011062293 0.998631775 200.960021973
0.998563826 -0.014590128 0.051549919 14.449674606 0.014040012 0.999840736 0.011017566 -19.642938614 -0.051702455 -0.010277981 0.998609662 203.225631714
0.998535395 -0.015219103 0.051915966 14.652799606 0.014635641 0.999825537 0.011600359 -19.845726013 -0.052083462 -0.010823548 0.998584092 205.464553833
0.998485804 -0.016690942 0.052415021 14.853885651 0.016077168 0.999797404 0.012109747 -20.052541733 -0.052606523 -0.011248727 0.998551965 207.684448242
0.998458266 -0.016591575 0.052969690 15.069805145 0.015962984 0.999797285 0.012268132 -20.263536453 -0.053162508 -0.011403663 0.998520672 209.961730957
0.998346686 -0.015469655 0.055355854 15.268793106 0.014754525 0.999802709 0.013304228 -20.467926025 -0.055550743 -0.012465484 0.998377979 212.200302124
0.998240113 -0.015003226 0.057372425 15.485110283 0.014259748 0.999809265 0.013346331 -20.673767090 -0.057561722 -0.012504728 0.998263597 214.490417480
0.998127043 -0.013309085 0.059708610 15.703191757 0.012494691 0.999824047 0.013992163 -20.876890182 -0.059884328 -0.013219919 0.998117805 216.716476440
0.997970641 -0.014117003 0.062091470 15.913848877 0.013263583 0.999812126 0.014135323 -21.076679230 -0.062279344 -0.013283082 0.997970343 218.959793091
0.997819901 -0.015292327 0.064199500 16.141244888 0.014376348 0.999788523 0.014705461 -21.275241852 -0.064410791 -0.013750447 0.997828722 221.189315796
0.997724652 -0.016248355 0.065433562 16.373703003 0.015256665 0.999761462 0.015626946 -21.471755981 -0.065671876 -0.014593092 0.997734487 223.418304443
0.997651637 -0.018563852 0.065930732 16.625413895 0.017606119 0.999731302 0.015077854 -21.677164078 -0.066192925 -0.013881657 0.997710288 225.657119751
0.997622192 -0.019800967 0.066014171 16.866062164 0.018882180 0.999716341 0.014513111 -21.865242004 -0.066282816 -0.013232109 0.997713268 227.905746460
0.997570813 -0.020251164 0.066650793 17.100818634 0.019307878 0.999704540 0.014766603 -22.061651230 -0.066930123 -0.013443847 0.997667015 230.140945435
0.997501731 -0.021384105 0.067327209 17.337478638 0.020493269 0.999693453 0.013894515 -22.259576797 -0.067603700 -0.012480048 0.997634172 232.379638672
0.997485936 -0.022153804 0.067313023 17.598533630 0.021172069 0.999659300 0.015263230 -22.464996338 -0.067628227 -0.013799700 0.997615159 234.657974243
0.997430861 -0.021751806 0.068253793 17.837345123 0.020745147 0.999665976 0.015423113 -22.659402847 -0.068566464 -0.013967555 0.997548759 236.895660400
0.997397482 -0.021238450 0.068899915 18.071683884 0.020253140 0.999682844 0.014967763 -22.848320007 -0.069195941 -0.013533372 0.997511268 239.108230591
0.997361064 -0.021449387 0.069359988 18.313802719 0.020430919 0.999673247 0.015360082 -23.046979904 -0.069666803 -0.013902462 0.997473359 241.327484131
0.997314572 -0.022028001 0.069844648 18.559902191 0.020997290 0.999660015 0.015457245 -23.240724564 -0.070161387 -0.013949187 0.997438133 243.561218262
0.997287810 -0.022244500 0.070158809 18.806825638 0.021253675 0.999664009 0.014837692 -23.442600250 -0.070465311 -0.013306316 0.997425497 245.786071777
0.997288883 -0.021617470 0.070338786 19.059209824 0.020675479 0.999686897 0.014092884 -23.642232895 -0.070621409 -0.012600387 0.997423530 248.027603149
0.997249246 -0.021683050 0.070878930 19.310083389 0.020690219 0.999677598 0.014711819 -23.844573975 -0.071175084 -0.013204848 0.997376442 250.258590698
0.997214973 -0.023270598 0.070856765 19.567665100 0.022287911 0.999644578 0.014627903 -24.043292999 -0.071171969 -0.013007916 0.997379243 252.484771729
0.997216761 -0.023450647 0.070774384 19.834873199 0.022408845 0.999629080 0.015478480 -24.245370865 -0.071111098 -0.013849426 0.997372270 254.750137329
0.997161627 -0.024375845 0.071235329 20.073663712 0.023301534 0.999602437 0.015873551 -24.445098877 -0.071593948 -0.014168604 0.997333229 256.970916748
0.997181952 -0.024670089 0.070849031 20.345783234 0.023573054 0.999589682 0.016278824 -24.648120880 -0.071221553 -0.014562823 0.997354209 259.257568359
0.997140646 -0.024276905 0.071562007 20.598230362 0.023203367 0.999606133 0.015794950 -24.842588425 -0.071917266 -0.014089313 0.997311056 261.499542236
0.997118711 -0.024229649 0.071883261 20.858739853 0.023193834 0.999615252 0.015209747 -25.034568787 -0.072224148 -0.013498675 0.997297049 263.747985840
0.997096777 -0.023382334 0.072465897 21.118406296 0.022373294 0.999641538 0.014704959 -25.232887268 -0.072783776 -0.013040965 0.997262478 265.983154297
0.997044325 -0.022837097 0.073355742 21.376661301 0.021829884 0.999656558 0.014503127 -25.423999786 -0.073661752 -0.012858913 0.997200370 268.222900391
0.996908963 -0.022539498 0.075262733 21.626419067 0.021505952 0.999663472 0.014514924 -25.629798889 -0.075564548 -0.012851462 0.997058094 270.475341797
0.996838689 -0.023347415 0.075944051 21.903865814 0.022257505 0.999637246 0.015166486 -25.834869385 -0.076270588 -0.013428213 0.996996701 272.718231201
0.996610343 -0.023800042 0.078748703 22.141477585 0.022670140 0.999627292 0.015211344 -26.019075394 -0.079081379 -0.013374538 0.996778429 274.962219238
0.996511281 -0.023586996 0.080056153 22.419078827 0.022374967 0.999621511 0.016003316 -26.202310562 -0.080403320 -0.014156229 0.996661901 277.201843262
0.996436715 -0.023320749 0.081054732 22.700500488 0.021908183 0.999592960 0.018273279 -26.421203613 -0.081447884 -0.016432403 0.996542096 279.446563721
0.996344805 -0.023245774 0.082197785 22.981575012 0.021708447 0.999573231 0.019547375 -26.619411469 -0.082617104 -0.017691536 0.996424317 281.684570312
0.996258318 -0.022341484 0.083487175 23.251842499 0.020784704 0.999594390 0.019469874 -26.798858643 -0.083888285 -0.017661771 0.996318579 283.922241211
0.996161699 -0.021389231 0.084878638 23.518806458 0.019841501 0.999621987 0.019036615 -26.983959198 -0.085253738 -0.017279426 0.996209443 286.146392822
0.996125102 -0.020988017 0.085406505 23.803682327 0.019554868 0.999654174 0.017582562 -27.158487320 -0.085745990 -0.015844319 0.996191025 288.390563965
0.996065617 -0.021771196 0.085903138 24.078826904 0.020305289 0.999633551 0.017901836 -27.354478836 -0.086261407 -0.016087117 0.996142626 290.617797852
0.995994747 -0.022001022 0.086662643 24.342308044 0.020648317 0.999651015 0.016474623 -27.535778046 -0.086994864 -0.014619200 0.996101499 292.867370605
0.996000767 -0.022740858 0.086402126 24.626150131 0.021484843 0.999649942 0.015439174 -27.724046707 -0.086722992 -0.013521095 0.996140718 295.095092773
0.995971501 -0.022816636 0.086718634 24.904743195 0.021581104 0.999652147 0.015158559 -27.915798187 -0.087034330 -0.013226013 0.996117473 297.326751709
0.995974123 -0.022037646 0.086889319 25.187952042 0.020795090 0.999668479 0.015179853 -28.107368469 -0.087195039 -0.013311871 0.996102273 299.565032959
0.995903850 -0.022004383 0.087700330 25.453735352 0.020632332 0.999650598 0.016520754 -28.310976028 -0.088033222 -0.014643620 0.996009886 301.798858643
0.995910525 -0.022686712 0.087450340 25.748294830 0.021320116 0.999636054 0.016529664 -28.502201080 -0.087793514 -0.014597612 0.996031702 304.049438477
0.995878339 -0.022286285 0.087917715 26.036764145 0.020886093 0.999640465 0.016814176 -28.696115494 -0.088260844 -0.014908617 0.995985746 306.294647217
0.995877028 -0.023269078 0.087677866 26.327690125 0.021890504 0.999621809 0.016652180 -28.895092010 -0.088032164 -0.014664213 0.996009827 308.544616699
0.995812893 -0.024241459 0.088142231 26.612968445 0.022796551 0.999589324 0.017362906 -29.088949203 -0.088526934 -0.015280868 0.995956540 310.796478271
0.995793939 -0.023910731 0.088446334 26.902517319 0.022515761 0.999606371 0.016736265 -29.284671783 -0.088811688 -0.014674433 0.995940268 313.035095215
0.995809138 -0.023495635 0.088385761 27.197732925 0.022044923 0.999606371 0.017354010 -29.479593277 -0.088758722 -0.015332826 0.995935082 315.277923584
0.995765448 -0.021805627 0.089307010 27.483608246 0.020409232 0.999655247 0.016519442 -29.672546387 -0.089636430 -0.014626804 0.995867074 317.513885498
0.995756805 -0.020325530 0.089749642 27.768154144 0.018868227 0.999676466 0.017056162 -29.865684509 -0.090067290 -0.015290374 0.995818317 319.751831055
0.995710969 -0.019370889 0.090466969 28.054618835 0.017957337 0.999704003 0.016413003 -30.059951782 -0.090758137 -0.014718063 0.995764196 321.978179932
0.995672882 -0.019094868 0.090944804 28.341350555 0.017619492 0.999700189 0.016998172 -30.251604080 -0.091242120 -0.015322216 0.995710850 324.220672607
0.995680928 -0.019049885 0.090865567 28.640834808 0.017465100 0.999681711 0.018204415 -30.451364517 -0.091183439 -0.016538814 0.995696783 326.452728271
0.995611787 -0.019591806 0.091504946 28.919210434 0.018015955 0.999675393 0.018015927 -30.643360138 -0.091828197 -0.016288318 0.995641649 328.690246582
0.995596707 -0.021567717 0.091224432 29.220140457 0.020076521 0.999650061 0.017232750 -30.832712173 -0.091564164 -0.015325407 0.995681226 330.919250488
0.995571554 -0.020746404 0.091689251 29.504735947 0.019262258 0.999669135 0.017042179 -31.025783539 -0.092012495 -0.015200571 0.995641768 333.130310059
0.995535672 -0.021172093 0.091979980 29.796415329 0.019598817 0.999646366 0.017974386 -31.213016510 -0.092328012 -0.016091447 0.995598555 335.377319336
0.995561004 -0.021621998 0.091601051 30.100694656 0.020067332 0.999639034 0.017859435 -31.399026871 -0.091954127 -0.015941964 0.995635748 337.610015869
0.995556533 -0.021198364 0.091748580 30.386661530 0.019600136 0.999640584 0.018285861 -31.596593857 -0.092103228 -0.016406322 0.995614290 339.846832275
0.995555103 -0.021101298 0.091786847 30.685518265 0.019556662 0.999652088 0.017695589 -31.787113190 -0.092128322 -0.015821887 0.995621443 342.099456787
0.995540261 -0.021571366 0.091837674 30.976106644 0.019991247 0.999636471 0.018090917 -31.976825714 -0.092194512 -0.016174287 0.995609641 344.348205566
0.995564044 -0.021142067 0.091680005 31.266757965 0.019559883 0.999644458 0.018122148 -32.164466858 -0.092030540 -0.016248511 0.995623529 346.591430664
0.995572865 -0.020790271 0.091664478 31.557388306 0.019215282 0.999652743 0.018031411 -32.354209900 -0.092007540 -0.016190225 0.995626688 348.829589844
0.995526433 -0.020357314 0.092264332 31.849868774 0.018715490 0.999651313 0.018625323 -32.549858093 -0.092611320 -0.016815230 0.995560288 351.068756104
0.995574415 -0.020444410 0.091724962 32.150356293 0.018795675 0.999646544 0.018802861 -32.738784790 -0.092076942 -0.016995618 0.995606840 353.287078857
0.995600045 -0.020353695 0.091467418 32.445171356 0.018748330 0.999655366 0.018376356 -32.930847168 -0.091809906 -0.016580639 0.995638490 355.537750244
0.995618284 -0.020544657 0.091225520 32.739059448 0.018903283 0.999644160 0.018820342 -33.119422913 -0.091579735 -0.017013410 0.995652378 357.774322510
0.995710611 -0.019924089 0.090350710 33.042377472 0.018215761 0.999640107 0.019693138 -33.310668945 -0.090710573 -0.017962864 0.995715261 360.010070801
0.995734155 -0.019922834 0.090091586 33.338111877 0.018203944 0.999636948 0.019861080 -33.502632141 -0.090454556 -0.018136334 0.995735407 362.255157471
0.995784283 -0.020065222 0.089504272 33.636028290 0.018323749 0.999627292 0.020236379 -33.688484192 -0.089876957 -0.018511018 0.995780826 364.488586426
0.995835662 -0.019936346 0.088960096 33.930591583 0.018259976 0.999640703 0.019618372 -33.877025604 -0.089319259 -0.017912267 0.995841980 366.737030029
0.995847940 -0.020535130 0.088686116 34.216293335 0.018869234 0.999630153 0.019582003 -34.067867279 -0.089055441 -0.017827258 0.995867133 368.976318359
0.995836973 -0.020233601 0.088877842 34.498962402 0.018656649 0.999654055 0.018538045 -34.244926453 -0.089222170 -0.016802708 0.995870054 371.228515625
0.995895386 -0.020545613 0.088149145 34.791801453 0.018930161 0.999637842 0.019123400 -34.446140289 -0.088510126 -0.017376225 0.995923817 373.448272705
0.995920062 -0.020211764 0.087947525 35.084297180 0.018527955 0.999629974 0.019920066 -34.629634857 -0.088317603 -0.018209308 0.995925903 375.704772949
0.995875657 -0.020472290 0.088388890 35.366020203 0.018772002 0.999623179 0.020025117 -34.814620972 -0.088765539 -0.018283289 0.995884657 377.970245361
0.995857477 -0.021063248 0.088454396 35.655181885 0.019340424 0.999607027 0.020289142 -35.004478455 -0.088847011 -0.018494355 0.995873570 380.209777832
0.995889902 -0.021238884 0.088046096 35.955310822 0.019514974 0.999601543 0.020394500 -35.186969757 -0.088444173 -0.018592458 0.995907545 382.455352783
0.995893538 -0.020373430 0.088209614 36.248424530 0.018618086 0.999612868 0.020676998 -35.376918793 -0.088596724 -0.018949796 0.995887280 384.711364746
0.995902300 -0.019683141 0.088269055 36.539443970 0.017933739 0.999627531 0.020568496 -35.557178497 -0.088641025 -0.018901214 0.995884299 386.966369629
0.995926678 -0.018561883 0.088235445 36.838562012 0.016809739 0.999647439 0.020559436 -35.753200531 -0.088585943 -0.018992478 0.995887458 389.230651855
0.995925903 -0.016873300 0.088582881 37.126178741 0.015110473 0.999674976 0.020533368 -35.942390442 -0.088900566 -0.019111184 0.995857120 391.508666992
0.995934546 -0.015505392 0.088735200 37.415573120 0.013603073 0.999665380 0.022002922 -36.129211426 -0.089046665 -0.020706398 0.995812118 393.767608643
0.995866477 -0.014254107 0.089704022 37.697082520 0.012310265 0.999678075 0.022185622 -36.313144684 -0.089991361 -0.020989640 0.995721340 396.039550781
0.995783865 -0.013756237 0.090693124 37.984199524 0.011911917 0.999711752 0.020845866 -36.506599426 -0.090953737 -0.019677652 0.995660663 398.300201416
0.995720506 -0.013727248 0.091390029 38.271636963 0.011920124 0.999723017 0.020290332 -36.692886353 -0.091643244 -0.019114118 0.995608449 400.563385010
0.995593190 -0.014622289 0.092630863 38.559997559 0.012712376 0.999694943 0.021175181 -36.874519348 -0.092912249 -0.019904308 0.995475292 402.809661865
0.995586097 -0.016042162 0.092471585 38.859939575 0.014023860 0.999649942 0.022434890 -37.062789917 -0.092799135 -0.021039056 0.995462537 405.086334229
0.995539784 -0.016453868 0.092896879 39.153640747 0.014451125 0.999649227 0.022190498 -37.244903564 -0.093229420 -0.020749055 0.995428443 407.336486816
0.995523214 -0.014725347 0.093362957 39.482681274 0.012808099 0.999695301 0.021101493 -37.419364929 -0.093645260 -0.019811226 0.995408416 409.609619141
0.995435297 -0.014332941 0.094355918 39.778629303 0.012324614 0.999685645 0.021833096 -37.611663818 -0.094639212 -0.020570535 0.995299101 411.863861084
0.995456696 -0.012945121 0.094331428 40.100990295 0.011001424 0.999716938 0.021096025 -37.801605225 -0.094577819 -0.019962402 0.995317280 414.121337891
0.995395482 -0.011991288 0.095100164 40.409610748 0.010015766 0.999724567 0.021223266 -37.987613678 -0.095328465 -0.020173039 0.995241463 416.387847900
0.995338321 -0.012403742 0.095645085 40.718708038 0.010427564 0.999722183 0.021133833 -38.177398682 -0.095880687 -0.020037964 0.995191097 418.641448975
0.995227396 -0.012400446 0.096791215 41.016464233 0.010402604 0.999722838 0.021118155 -38.361129761 -0.097026259 -0.020010492 0.995080650 420.892639160
0.995147228 -0.012676941 0.097576752 41.316551208 0.010686982 0.999724686 0.020889487 -38.550010681 -0.097814694 -0.019745311 0.995008767 423.147247314
0.995083690 -0.013182492 0.098155499 41.628379822 0.011082906 0.999698579 0.021905025 -38.734325409 -0.098414667 -0.020709489 0.994929969 425.415985107
0.995041192 -0.012395492 0.098688312 41.934059143 0.010204350 0.999690771 0.022676526 -38.918449402 -0.098938875 -0.021557033 0.994859934 427.666290283
0.994972944 -0.011533299 0.099477693 42.249439240 0.009256973 0.999685287 0.023314098 -39.099685669 -0.099715292 -0.022276036 0.994766593 429.940246582
0.994971395 -0.011875113 0.099451818 42.563129425 0.009582512 0.999677956 0.023498440 -39.284576416 -0.099698819 -0.022427278 0.994764984 432.194519043
0.994922101 -0.012480927 0.099870309 42.881717682 0.010235458 0.999683797 0.022964763 -39.475204468 -0.100125350 -0.021825932 0.994735420 434.458129883
0.994896531 -0.011360509 0.100258961 43.199333191 0.009098925 0.999694407 0.022985948 -39.643051147 -0.100489452 -0.021956395 0.994695842 436.724304199
0.994850278 -0.012044030 0.100636967 43.519042969 0.009741744 0.999680161 0.023337359 -39.828018188 -0.100885853 -0.022236798 0.994649470 439.011505127
0.994917989 -0.012043498 0.099965878 43.849113464 0.009742117 0.999676883 0.023478007 -40.006946564 -0.100216337 -0.022384813 0.994713843 441.283966064
0.994870842 -0.011295105 0.100520641 44.167602539 0.008863010 0.999657869 0.024608759 -40.206844330 -0.100764193 -0.023591619 0.994630694 443.534973145
0.994830608 -0.011566580 0.100887723 44.488662720 0.009112018 0.999651968 0.024756642 -40.383514404 -0.101138964 -0.023709370 0.994589746 445.809692383
0.994826317 -0.011648445 0.100920483 44.804561615 0.009233639 0.999660552 0.024362000 -40.566123962 -0.101170018 -0.023304095 0.994596124 448.070281982
0.994840980 -0.011029926 0.100845285 45.124748230 0.008648041 0.999673903 0.024025956 -40.748069763 -0.101077400 -0.023029892 0.994611919 450.331207275
0.994783163 -0.010444159 0.101475775 45.439254761 0.008059553 0.999682307 0.023880921 -40.936340332 -0.101692967 -0.022938494 0.994551361 452.592956543
0.994696379 -0.009704333 0.102395251 45.751564026 0.007299639 0.999689281 0.023833081 -41.108360291 -0.102594711 -0.022959238 0.994458258 454.868865967
0.994664490 -0.010187143 0.102658376 46.064132690 0.007813768 0.999693394 0.023494830 -41.295589447 -0.102866247 -0.022567324 0.994439185 457.131622314
0.994700491 -0.009627371 0.102362961 46.397441864 0.007317572 0.999710560 0.022916421 -41.481784821 -0.102553949 -0.022045925 0.994483054 459.415374756
0.994663537 -0.008228478 0.102842480 46.715541840 0.005865761 0.999712348 0.023255471 -41.661685944 -0.103004269 -0.022528125 0.994425714 461.697540283
0.994691253 -0.007355093 0.102641210 47.038787842 0.004890895 0.999694228 0.024238937 -41.838256836 -0.102788106 -0.023608251 0.994423091 463.972930908
0.994717598 -0.007353259 0.102385864 47.351211548 0.004862837 0.999686658 0.024552280 -42.015735626 -0.102534331 -0.023924701 0.994441688 466.237640381
0.994856238 -0.008010386 0.100979790 47.683025360 0.005667719 0.999708593 0.023464967 -42.197319031 -0.101138324 -0.022771940 0.994611740 468.517089844
0.994933546 -0.008008174 0.100214735 48.012729645 0.005710297 0.999714553 0.023195418 -42.384963989 -0.100371875 -0.022505641 0.994695365 470.810974121
0.994999468 -0.008642035 0.099505052 48.329879761 0.006250019 0.999684572 0.024325833 -42.573997498 -0.099683881 -0.023582283 0.994739652 473.091857910
0.994973004 -0.008964899 0.099741489 48.633274078 0.006530697 0.999673486 0.024704890 -42.759254456 -0.099930406 -0.023929318 0.994706690 475.367767334
0.995071352 -0.008573196 0.098788843 48.951248169 0.006232047 0.999692917 0.023982782 -42.923263550 -0.098964103 -0.023248916 0.994819403 477.660400391
0.995091915 -0.008870540 0.098558038 49.266948700 0.006462486 0.999673486 0.024725301 -43.107086182 -0.098745197 -0.023967018 0.994824052 479.942932129
0.995142758 -0.009290799 0.098002851 49.589996338 0.006849916 0.999658644 0.025213368 -43.286056519 -0.098203652 -0.024419591 0.994866669 482.216278076
0.995133877 -0.009726516 0.098050311 49.893596649 0.007358619 0.999673128 0.024482574 -43.465026855 -0.098256402 -0.023641933 0.994880140 484.503936768
0.995214880 -0.010240792 0.097172484 50.203937531 0.007807836 0.999647260 0.025384806 -43.654174805 -0.097398199 -0.024504628 0.994943798 486.768341064
0.995251775 -0.010306616 0.096786730 50.515438080 0.007905215 0.999652088 0.025162045 -43.828994751 -0.097012408 -0.024277451 0.994986951 489.055206299
0.995267153 -0.009952510 0.096665539 50.823390961 0.007502214 0.999642074 0.025678651 -44.005767822 -0.096886493 -0.024831912 0.994985640 491.349975586
0.995317698 -0.009405513 0.096199125 51.137916565 0.006917911 0.999633789 0.026159834 -44.183441162 -0.096409947 -0.025371850 0.995018303 493.635131836
0.995302856 -0.008834896 0.096405663 51.434890747 0.006377706 0.999647617 0.025766460 -44.357902527 -0.096599348 -0.025030587 0.995008588 495.936187744
0.995329380 -0.008421115 0.096168637 51.754180908 0.006023073 0.999664307 0.025198918 -44.540779114 -0.096348554 -0.024501991 0.995046020 498.251495361
0.995352805 -0.008316860 0.095935285 52.060783386 0.005843350 0.999643862 0.026035292 -44.720031738 -0.096117668 -0.025353717 0.995046973 500.544860840
0.995360196 -0.008032287 0.095882446 52.363754272 0.005526550 0.999636889 0.026370455 -44.902996063 -0.096059442 -0.025718205 0.995043278 502.827148438
0.995398700 -0.007205531 0.095548689 52.674430847 0.004767827 0.999657929 0.025716502 -45.082984924 -0.095701315 -0.025142612 0.995092511 505.115020752
0.995397866 -0.007060999 0.095567442 52.977260590 0.004559560 0.999641895 0.026367690 -45.261222839 -0.095719412 -0.025810599 0.995073795 507.403289795
0.995425582 -0.007457098 0.095248640 53.284927368 0.005061092 0.999665260 0.025372131 -45.438522339 -0.095405959 -0.024774009 0.995130122 509.693511963
0.995465159 -0.008168420 0.094775312 53.602615356 0.005715135 0.999642193 0.026127910 -45.622283936 -0.094954841 -0.025467770 0.995155752 511.987487793
0.995479941 -0.008026539 0.094632499 53.910156250 0.005542230 0.999633849 0.026485840 -45.799827576 -0.094810449 -0.025841644 0.995159864 514.293334961
0.995506287 -0.007524882 0.094394505 54.218971252 0.005062973 0.999641359 0.026293498 -45.978557587 -0.094558500 -0.025697431 0.995187581 516.600219727
0.995496333 -0.006602204 0.094569072 54.515937805 0.004174626 0.999657154 0.025844786 -46.157169342 -0.094707280 -0.025333600 0.995182812 518.889526367
0.995419681 -0.004515014 0.095494695 54.818237305 0.002026574 0.999656260 0.026139354 -46.340480804 -0.095579900 -0.025826102 0.995086670 521.228515625
0.995362699 -0.002433955 0.096162200 55.130451202 -0.000080392 0.999658406 0.026134407 -46.516994476 -0.096192986 -0.026020946 0.995022476 523.563598633
0.995305419 -0.001763233 0.096767984 55.442062378 -0.000881567 0.999627411 0.027281797 -46.688301086 -0.096780032 -0.027239027 0.994933009 525.883178711
0.995235443 -0.002029077 0.097479984 55.749893188 -0.000629389 0.999628842 0.027233433 -46.863555908 -0.097499065 -0.027165027 0.994864821 528.194152832
0.995177507 -0.003711814 0.098020248 56.059749603 0.000921005 0.999593318 0.028501686 -47.036296844 -0.098086156 -0.028273959 0.994776130 530.513549805
0.995105088 -0.005240938 0.098683372 56.378704071 0.002473098 0.999600589 0.028149141 -47.208774567 -0.098791488 -0.027767299 0.994720638 532.836975098
0.995072007 -0.005339187 0.099012278 56.694622040 0.002627717 0.999618590 0.027495414 -47.382858276 -0.099121310 -0.027099742 0.994706213 535.150878906
0.994959772 -0.005351048 0.100131840 57.004657745 0.002634175 0.999625266 0.027245535 -47.556827545 -0.100240119 -0.026844449 0.994601071 537.465881348
0.994862676 -0.004766813 0.101121448 57.312919617 0.002087690 0.999644399 0.026583435 -47.735557556 -0.101212196 -0.026235757 0.994518876 539.775268555
0.994770885 -0.004027615 0.102051832 57.640571594 0.001357258 0.999655187 0.026222613 -47.916252136 -0.102122247 -0.025946982 0.994433463 542.104492188
0.994615614 -0.003730274 0.103565753 57.924713135 0.001086821 0.999672472 0.025569100 -48.101200104 -0.103627227 -0.025318868 0.994293869 544.410705566
0.994467914 -0.003708085 0.104975589 58.236652374 0.000974602 0.999659419 0.026078550 -48.278072357 -0.105036549 -0.025831971 0.994132817 546.737854004
0.994362056 -0.003661762 0.105974443 58.552341461 0.000788448 0.999631286 0.027142480 -48.462371826 -0.106034741 -0.026905900 0.993998289 549.028442383
0.994302034 -0.003833922 0.106530085 58.881206512 0.000924131 0.999625504 0.027350212 -48.639747620 -0.106595039 -0.027095923 0.993933260 551.337585449
0.994401097 -0.004944441 0.105555691 59.232265472 0.002173917 0.999650478 0.026345968 -48.814594269 -0.105649076 -0.025968987 0.994064271 553.646789551
0.994421184 -0.005314553 0.105349489 59.573066711 0.002491790 0.999634743 0.026907815 -48.996212006 -0.105454020 -0.026495190 0.994071126 555.960021973
0.994380057 -0.005303807 0.105736062 59.905227661 0.002427079 0.999623895 0.027316809 -49.173362732 -0.105841190 -0.026906660 0.994018972 558.269042969
0.994349420 -0.004877092 0.106044263 60.243404388 0.001876554 0.999595523 0.028376533 -49.351654053 -0.106139787 -0.028017191 0.993956447 560.604003906
0.994362175 -0.005457331 0.105895825 60.587486267 0.002400912 0.999577463 0.028968552 -49.527549744 -0.106009163 -0.028550984 0.993955195 562.934448242
0.994339824 -0.004842473 0.106135264 60.926986694 0.001695882 0.999556899 0.029717218 -49.700698853 -0.106232136 -0.029369025 0.993907452 565.247070312
0.994288683 -0.004124652 0.106644109 61.268516541 0.001043548 0.999580860 0.028931128 -49.876422882 -0.106718756 -0.028654609 0.993876278 567.567138672
0.994326472 -0.003275173 0.106321163 61.623691559 0.000344862 0.999619901 0.027567644 -50.047660828 -0.106371030 -0.027374569 0.993949533 569.898986816
0.994322658 -0.002578956 0.106376402 61.978256226 -0.000418309 0.999603748 0.028144091 -50.229675293 -0.106406860 -0.028028807 0.993927538 572.217346191
0.994355500 -0.002774911 0.106063247 62.322917938 -0.000311644 0.999577343 0.029073438 -50.411521912 -0.106099084 -0.028942388 0.993934274 574.586853027
0.994343758 -0.002970249 0.106168091 62.668895721 -0.000251806 0.999540091 0.030322341 -50.589431763 -0.106209345 -0.030177565 0.993885696 576.898315430
0.994236588 -0.002369376 0.107181981 62.991138458 -0.000713062 0.999587476 0.028711455 -50.763862610 -0.107205793 -0.028622409 0.993824780 579.275268555
0.994250834 -0.002971735 0.107035205 63.339847565 -0.000074574 0.999595344 0.028445574 -50.933052063 -0.107076421 -0.028290017 0.993848145 581.605224609
0.994223595 -0.003221157 0.107280083 63.676166534 0.000010645 0.999552429 0.029913584 -51.115173340 -0.107328430 -0.029739652 0.993778706 583.922668457
0.994301796 -0.002978601 0.106559567 64.021797180 -0.000232038 0.999546707 0.030104915 -51.287639618 -0.106600933 -0.029958097 0.993850410 586.240478516
0.994267464 -0.005944184 0.106756255 64.375946045 0.002870727 0.999577582 0.028920112 -51.466941833 -0.106883064 -0.028447855 0.993864536 588.581420898
0.994297504 -0.006457497 0.106446221 64.724288940 0.003399633 0.999576986 0.028883306 -51.637714386 -0.106587701 -0.028356723 0.993898809 590.926391602
0.994308829 -0.008553711 0.106192403 65.065078735 0.005462610 0.999553800 0.029365316 -51.811981201 -0.106396206 -0.028618105 0.993911922 593.260986328
0.994336069 -0.009019977 0.105899245 65.415817261 0.005915761 0.999544621 0.029590549 -51.987655640 -0.106117941 -0.028796474 0.993936479 595.615478516
