1.000000000 0.000000000 0.000000000 0.000000000 0.000000000 1.000000000 0.000000000 0.000000000 0.000000000 0.000000000 1.000000000 0.000000000
0.999999881 0.000183557 0.000490322 0.085850626 -0.000183500 1.000000000 -0.000116602 -0.226103216 -0.000490344 0.000116512 0.999999881 2.289108276
0.999999166 0.000562021 0.001256677 0.164037824 -0.000562557 0.999999762 0.000426403 -0.463477522 -0.001256438 -0.000427110 0.999999106 4.586147785
0.999998271 0.000244629 0.001828831 0.260683089 -0.000245800 0.999999762 0.000639813 -0.694876552 -0.001828674 -0.000640261 0.999998152 6.875147820
0.999996424 0.000152467 0.002666695 0.354434788 -0.000149554 0.999999404 -0.001092374 -0.926524997 -0.002666860 0.001091971 0.999995828 9.172056198
0.999986291 0.001929162 0.004861073 0.444671839 -0.001931045 0.999998152 0.000382791 -1.163006067 -0.004860325 -0.000392173 0.999988139 11.479326248
0.999964595 0.003794882 0.007506801 0.529199302 -0.003805331 0.999991834 0.001378073 -1.391262293 -0.007501510 -0.001406591 0.999970853 13.787929535
0.999948680 0.003458211 0.009520470 0.641515553 -0.003492525 0.999987483 0.003589995 -1.616912961 -0.009507936 -0.003623062 0.999948144 16.060024261
0.999945760 0.003309865 0.009871739 0.777751744 -0.003357222 0.999982893 0.004784530 -1.848166943 -0.009855733 -0.004817411 0.999939799 18.406019211
0.999935329 0.002482481 0.011103067 0.896768272 -0.002537343 0.999984562 0.004929862 -2.072116852 -0.011090657 -0.004957716 0.999926150 20.695812225
0.999932647 -0.000273746 0.011600984 1.012023687 0.000246098 0.999997139 0.002384593 -2.300124884 -0.011601604 -0.002381578 0.999929845 23.009428024
0.999921083 -0.002527064 0.012302791 1.121412516 0.002524051 0.999996781 0.000260417 -2.520214081 -0.012303407 -0.000229344 0.999924242 25.290634155
0.999920905 -0.003742373 0.012006321 1.260979891 0.003747330 0.999992907 -0.000390311 -2.769881248 -0.012004775 0.000435272 0.999927819 27.601518631
0.999910772 -0.003467367 0.012893863 1.367217779 0.003485564 0.999992907 -0.001389057 -2.996622801 -0.012888953 0.001433876 0.999915898 29.888137817
0.999907792 -0.001737699 0.013462159 1.486608267 0.001726969 0.999998093 0.000808583 -3.228057623 -0.013463540 -0.000785260 0.999909043 32.172756195
0.999907672 0.000282838 0.013582649 1.613880634 -0.000321315 0.999995947 0.002830704 -3.449200153 -0.013581794 -0.002834807 0.999903679 34.452983856
0.999875784 0.003003431 0.015471010 1.718852043 -0.003120410 0.999966681 0.007542597 -3.690301180 -0.015447846 -0.007589937 0.999851823 36.754692078
0.999853730 0.004878049 0.016392302 1.831508398 -0.004991701 0.999963760 0.006899551 -3.908137560 -0.016358055 -0.006980368 0.999841809 39.027626038
0.999829471 0.003774714 0.018077269 1.938821077 -0.003871403 0.999978304 0.005316691 -4.114948750 -0.018056806 -0.005385768 0.999822557 41.329078674
0.999829054 0.001431031 0.018435534 2.060948372 -0.001509009 0.999989986 0.004216566 -4.340366840 -0.018429313 -0.004243664 0.999821126 43.605228424
0.999827027 0.001294792 0.018552577 2.194155455 -0.001352434 0.999994218 0.003094719 -4.564983368 -0.018548468 -0.003119275 0.999823093 45.841884613
0.999826849 0.000742958 0.018594973 2.321576834 -0.000782146 0.999997497 0.002100297 -4.795562744 -0.018593365 -0.002114477 0.999824882 48.117862701
0.999826729 -0.001064222 0.018585043 2.458348751 0.001017841 0.999996364 0.002504883 -5.026907444 -0.018587641 -0.002485532 0.999824166 50.397144318
0.999805808 -0.001717688 0.019630466 2.585555792 0.001667100 0.999995232 0.002593066 -5.250342846 -0.019634822 -0.002559837 0.999803960 52.661376953
0.999801219 -0.003027475 0.019706424 2.725527287 0.002976048 0.999992073 0.002638506 -5.482656002 -0.019714255 -0.002579335 0.999802470 54.948020935
0.999762952 -0.003071907 0.021555150 2.841745615 0.003001750 0.999990106 0.003286344 -5.719270229 -0.021565035 -0.003220861 0.999762177 57.229125977
0.999740124 -0.004227155 0.022402382 2.977621078 0.004138397 0.999983430 0.004006825 -5.945550919 -0.022418950 -0.003913074 0.999740958 59.493251801
0.999691606 -0.005799871 0.024146484 3.103069067 0.005721737 0.999978185 0.003303703 -6.169811249 -0.024165120 -0.003164524 0.999702930 61.760951996
0.999684453 -0.006511067 0.024261884 3.258505821 0.006437058 0.999974370 0.003127254 -6.395820618 -0.024281627 -0.002970093 0.999700665 64.013366699
0.999653995 -0.006041028 0.025599679 3.398779631 0.005947655 0.999975383 0.003722009 -6.620365620 -0.025621535 -0.003568463 0.999665320 66.286552429
0.999639213 -0.005115530 0.026365239 3.549803972 0.005006195 0.999978602 0.004211267 -6.850560665 -0.026386216 -0.004077758 0.999643505 68.549591064
0.999599934 -0.005340278 0.027774533 3.688027382 0.005237678 0.999979198 0.003765426 -7.075215340 -0.027794061 -0.003618446 0.999607146 70.802947998
0.999582827 -0.006147292 0.028220633 3.847377300 0.006080679 0.999978662 0.002445642 -7.301249981 -0.028235065 -0.002273022 0.999598742 73.059768677
0.999571860 -0.007103656 0.028380631 4.009259224 0.007024113 0.999971032 0.002901466 -7.530948639 -0.028400423 -0.002700875 0.999592960 75.344062805
0.999521852 -0.008381373 0.029761139 4.166697979 0.008313932 0.999962628 0.002389053 -7.763023853 -0.029780049 -0.002140478 0.999554157 77.608566284
0.999526024 -0.009299140 0.029347794 4.328519821 0.009239892 0.999954998 0.002153816 -7.996982098 -0.029366503 -0.001881625 0.999566913 79.869613647
0.999496043 -0.009810607 0.030188922 4.476951599 0.009761645 0.999950826 0.001768730 -8.215860367 -0.030204793 -0.001473146 0.999542654 82.124610901
0.999493659 -0.008800250 0.030574776 4.654354095 0.008763646 0.999960661 0.001331002 -8.442664146 -0.030585287 -0.001062382 0.999531567 84.410057068
0.999443889 -0.008533967 0.032236997 4.810376167 0.008487028 0.999962628 0.001592621 -8.662300110 -0.032249391 -0.001318139 0.999478936 86.664299011
0.999448180 -0.008268938 0.032173749 4.979337692 0.008174244 0.999961853 0.003073607 -8.901461601 -0.032197941 -0.002808914 0.999477565 88.952461243
0.999418676 -0.007300488 0.033302564 5.135637283 0.007172919 0.999966502 0.003948513 -9.134981155 -0.033330273 -0.003707341 0.999437511 91.209602356
0.999393582 -0.007226481 0.034065321 5.300978184 0.007101058 0.999967575 0.003801428 -9.358203888 -0.034091689 -0.003557221 0.999412477 93.465721130
0.999377668 -0.007592309 0.034447953 5.469139099 0.007491933 0.999967337 0.003042013 -9.575560570 -0.034469932 -0.002782038 0.999401867 95.721710205
0.999346375 -0.008090372 0.035233591 5.634418488 0.007972625 0.999962151 0.003481181 -9.800113678 -0.035260424 -0.003198001 0.999373019 97.974678040
0.999311626 -0.007669689 0.036296327 5.793013573 0.007564662 0.999966800 0.003030110 -10.035099983 -0.036318358 -0.002753455 0.999336481 100.218917847
0.999258578 -0.007812415 0.037698623 5.950935841 0.007666659 0.999962568 0.004009385 -10.254831314 -0.037728529 -0.003717390 0.999281108 102.452018738
0.999248922 -0.008130079 0.037886128 6.143810272 0.007984430 0.999960124 0.003994105 -10.484384537 -0.037917081 -0.003688607 0.999274075 104.733039856
0.999215245 -0.008640263 0.038653206 6.317253113 0.008467792 0.999953449 0.004623486 -10.701945305 -0.038691361 -0.004292551 0.999242008 106.967765808
0.999184132 -0.010001875 0.039127767 6.496423244 0.009822230 0.999940276 0.004780787 -10.921194077 -0.039173253 -0.004392565 0.999222696 109.221572876
0.999145925 -0.011072968 0.039810408 6.674250603 0.010853372 0.999924719 0.005727968 -11.149946213 -0.039870847 -0.005290998 0.999190748 111.479034424
0.999117434 -0.011824070 0.040305022 6.859176636 0.011659326 0.999922693 0.004320072 -11.372277260 -0.040352985 -0.003846329 0.999178112 113.741859436
0.999075234 -0.012177282 0.041233715 7.037334442 0.012041373 0.999921143 0.003542929 -11.596096039 -0.041273601 -0.003043143 0.999143183 115.991714478
0.999037802 -0.012528894 0.042027991 7.218728065 0.012373900 0.999915659 0.003945998 -11.826292038 -0.042073883 -0.003422152 0.999108613 118.244049072
0.998983502 -0.012662665 0.043262530 7.402756214 0.012458623 0.999909997 0.004982725 -12.054373741 -0.043321725 -0.004438668 0.999051332 120.515121460
0.998978198 -0.013526797 0.043124512 7.609380722 0.013281586 0.999893963 0.005967648 -12.287929535 -0.043200672 -0.005388788 0.999051869 122.724227905
0.998908758 -0.014461151 0.044409342 7.800106049 0.014251213 0.999885678 0.005040324 -12.509632111 -0.044477154 -0.004401938 0.999000669 125.039207458
0.998878777 -0.015251176 0.044817578 7.987855434 0.015077560 0.999877453 0.004209316 -12.733695030 -0.044876285 -0.003528856 0.998986304 127.301094055
0.998855889 -0.016795538 0.044775512 8.174676895 0.016609650 0.999851823 0.004520500 -12.953442574 -0.044844806 -0.003771622 0.998986781 129.563034058
0.998877645 -0.017834829 0.043878827 8.361412048 0.017642004 0.999832928 0.004777801 -13.171647072 -0.043956701 -0.003998328 0.999025464 131.808181763
0.998940468 -0.018183989 0.042276517 8.560126305 0.017948620 0.999821246 0.005940250 -13.392167091 -0.042376980 -0.005175150 0.999088287 134.042831421
0.998982847 -0.019128360 0.040833849 8.750757217 0.018910114 0.999804795 0.005724321 -13.622528076 -0.040935386 -0.004946325 0.999149561 136.305206299
0.999050617 -0.020000398 0.038703442 8.955654144 0.019811746 0.999789894 0.005251781 -13.838718414 -0.038800351 -0.004480012 0.999236941 138.533004761
0.999032795 -0.020402348 0.038949616 9.115666389 0.020203073 0.999780774 0.005502999 -14.066124916 -0.039053351 -0.004710776 0.999225974 140.818161011
0.999023676 -0.020735474 0.039009217 9.280374527 0.020544710 0.999775052 0.005284794 -14.272253990 -0.039110020 -0.004478201 0.999224842 143.049911499
0.999060810 -0.020778276 0.038022142 9.472014427 0.020532940 0.999765754 0.006831754 -14.507701874 -0.038155194 -0.006044631 0.999253571 145.306030273
0.999077141 -0.019888988 0.038069930 9.644729614 0.019688908 0.999790251 0.005623413 -14.723365784 -0.038173795 -0.004868668 0.999259353 147.557830811
0.999099076 -0.018632760 0.038133088 9.822895050 0.018484630 0.999820113 0.004233503 -14.944935799 -0.038205110 -0.003524813 0.999263704 149.799835205
0.999112070 -0.016892731 0.038597278 9.996459961 0.016773041 0.999853492 0.003422814 -15.168282509 -0.038649444 -0.002772380 0.999248981 152.042175293
0.999119818 -0.016071793 0.038746402 10.178451538 0.015952369 0.999866962 0.003389464 -15.386662483 -0.038795721 -0.002768383 0.999243259 154.285736084
0.999111176 -0.015336243 0.039264627 10.354162216 0.015189573 0.999876440 0.004031038 -15.609654427 -0.039321601 -0.003431043 0.999220669 156.540161133
0.999112189 -0.014767583 0.039456189 10.546239853 0.014588210 0.999881804 0.004830172 -15.829253197 -0.039522853 -0.004250289 0.999209642 158.766403198
0.999043584 -0.014050685 0.041409083 10.699026108 0.013806112 0.999885499 0.006186410 -16.058921814 -0.041491281 -0.005608794 0.999123096 161.049377441
0.999016762 -0.012997866 0.042386562 10.882009506 0.012656362 0.999885321 0.008315247 -16.280807495 -0.042489778 -0.007770612 0.999066651 163.282989502
0.998996615 -0.012579242 0.042984985 11.073348999 0.012295756 0.999900937 0.006853032 -16.485755920 -0.043066945 -0.006317624 0.999052227 165.560989380
0.998957694 -0.011695289 0.044122096 11.265861511 0.011447522 0.999917269 0.005864012 -16.706388474 -0.044187024 -0.005352812 0.999008954 167.813323975
0.998886943 -0.009642826 0.046173278 11.449085236 0.009360975 0.999936223 0.006316613 -16.924404144 -0.046231240 -0.005877356 0.998913467 170.045684814
0.998767793 -0.009577268 0.048694491 11.643807411 0.009286026 0.999937594 0.006203727 -17.146406174 -0.048750870 -0.005743905 0.998794436 172.343811035
0.998649180 -0.009816392 0.051022794 11.844784737 0.009533626 0.999937832 0.005782379 -17.361394882 -0.051076390 -0.005288136 0.998680770 174.619903564
0.998574078 -0.009805615 0.052474573 12.055769920 0.009479266 0.999934196 0.006464485 -17.583801270 -0.052534495 -0.005957846 0.998601437 176.883117676
0.998530149 -0.010181423 0.053233631 12.256557465 0.009800365 0.999924541 0.007414380 -17.798534393 -0.053305101 -0.006881773 0.998554587 179.104568481
0.998514533 -0.012229199 0.053095855 12.473445892 0.011868652 0.999904275 0.007100500 -18.022932053 -0.053177610 -0.006459777 0.998564184 181.378280640
0.998479843 -0.013081630 0.053542200 12.672915459 0.012730696 0.999895215 0.006890157 -18.236850739 -0.053626724 -0.006198054 0.998541832 183.619918823
0.998548448 -0.014186378 0.051959492 12.907917023 0.013847813 0.999880493 0.006870138 -18.468078613 -0.052050747 -0.006140640 0.998625576 185.852340698
0.998561561 -0.015966022 0.051183518 13.118691444 0.015582611 0.999847531 0.007881248 -18.688438416 -0.051301539 -0.007072339 0.998658121 188.097457886
0.998573184 -0.016774643 0.050697178 13.327984810 0.016414877 0.999837041 0.007504477 -18.901548386 -0.050814804 -0.006661583 0.998685896 190.336090088
0.998533547 -0.017762737 0.051139038 13.524132729 0.017416017 0.999822378 0.007217541 -19.119701385 -0.051258158 -0.006316320 0.998665392 192.580429077
0.998506963 -0.019482616 0.051030986 13.721021652 0.019167857 0.999794185 0.006650231 -19.334457397 -0.051150050 -0.005662147 0.998674929 194.822204590
0.998525083 -0.018980308 0.050865814 13.922975540 0.018656733 0.999802709 0.006828664 -19.550010681 -0.050985388 -0.005869603 0.998682201 197.055404663
0.998539627 -0.016518760 0.051436964 14.132894516 0.016183263 0.999845028 0.006932202 -19.772006989 -0.051543497 -0.006089660 0.998652160 199.315322876
0.998553991 -0.014849070 0.051665973 14.336264610 0.014527089 0.999872625 0.006601925 -19.988201141 -0.051757425 -0.005841824 0.998642623 201.551193237
0.998535335 -0.014326489 0.052172739 14.547492981 0.014040321 0.999884307 0.005847403 -20.205173492 -0.052250482 -0.005106316 0.998620868 203.810470581
0.998508573 -0.014449482 0.052649617 14.748098373 0.014127304 0.999879122 0.006486331 -20.417453766 -0.052736983 -0.005732859 0.998591900 206.037765503
0.998486698 -0.016013563 0.052612536 14.986906052 0.015681352 0.999854326 0.006721124 -20.645938873 -0.052712508 -0.005885916 0.998592377 208.294570923
0.998426199 -0.015540603 0.053885188 15.190514565 0.015194930 0.999861300 0.006818720 -20.851646423 -0.053983681 -0.005989206 0.998523891 210.540191650
0.998367012 -0.015701517 0.054923560 15.419427872 0.015278007 0.999850214 0.008122328 -21.085945129 -0.055042859 -0.007269942 0.998457551 212.803695679
0.998311758 -0.014327319 0.056286436 15.653425217 0.013866530 0.999867201 0.008568600 -21.303195953 -0.056401718 -0.007773639 0.998377919 215.034286499
0.998133719 -0.013077521 0.059651736 15.852941513 0.012588493 0.999884069 0.008566535 -21.517866135 -0.059756856 -0.007799623 0.998182476 217.303802490
0.998003781 -0.013241585 0.061750300 16.080204010 0.012712112 0.999879062 0.008959422 -21.730710983 -0.061861463 -0.008156560 0.998051405 219.542617798
0.997872233 -0.014633420 0.063538529 16.310695648 0.014063298 0.999856830 0.009410892 -21.938140869 -0.063667163 -0.008497306 0.997934937 221.774383545
0.997768641 -0.016285541 0.064748660 16.543369293 0.015656758 0.999825478 0.010206681 -22.146251678 -0.064903587 -0.009170152 0.997849345 224.007263184
0.997699261 -0.018539665 0.065210976 16.794639587 0.017951466 0.999792755 0.009594371 -22.363628387 -0.065375321 -0.008401661 0.997825384 226.245300293
0.997659326 -0.019736124 0.065471813 17.031169891 0.019167669 0.999773145 0.009299373 -22.568592072 -0.065640479 -0.008022664 0.997811079 228.497192383
0.997613072 -0.020042490 0.066078410 17.269329071 0.019456267 0.999765456 0.009503364 -22.777082443 -0.066253386 -0.008195041 0.997769117 230.737640381
0.997558832 -0.021282548 0.066507563 17.516286850 0.020752205 0.999747157 0.008654989 -22.989814758 -0.066674948 -0.007253684 0.997748315 232.993896484
0.997507274 -0.022182819 0.066986494 17.754131317 0.021581540 0.999720097 0.009686531 -23.195421219 -0.067182615 -0.008216714 0.997706831 235.229843140
0.997525692 -0.021524901 0.066925652 18.030559540 0.020915998 0.999733329 0.009785673 -23.409011841 -0.067118451 -0.008361643 0.997709990 237.505493164
0.997496903 -0.021490652 0.067365214 18.269212723 0.020900313 0.999736965 0.009455878 -23.611021042 -0.067550696 -0.008024256 0.997683525 239.732330322
0.997464180 -0.021512181 0.067841679 18.512947083 0.020884840 0.999732435 0.009942957 -23.824584961 -0.068037428 -0.008500881 0.997646511 241.960113525
0.997421682 -0.021703342 0.068401694 18.752948761 0.021061923 0.999727249 0.010084594 -24.030170441 -0.068601914 -0.008617922 0.997606814 244.199783325
0.997382581 -0.022044534 0.068862222 18.996372223 0.021444732 0.999725521 0.009437344 -24.244354248 -0.069051363 -0.007935909 0.997581542 246.428710938
0.997406125 -0.021749618 0.068613447 19.255363464 0.021203797 0.999737561 0.008673418 -24.457813263 -0.068784088 -0.007196055 0.997605622 248.667434692
0.997382522 -0.021908533 0.068906158 19.503311157 0.021322398 0.999730051 0.009230423 -24.668760300 -0.069089770 -0.007737019 0.997580409 250.906692505
0.997346163 -0.022959314 0.069090322 19.753978729 0.022386016 0.999708354 0.009060755 -24.878812790 -0.069278210 -0.007490054 0.997569203 253.138275146
0.997349441 -0.023222512 0.068954118 20.013687134 0.022597650 0.999696314 0.009828305 -25.091960907 -0.069161415 -0.008244056 0.997571409 255.395172119
0.997299314 -0.023705466 0.069512919 20.243930817 0.023066493 0.999684155 0.009980559 -25.300918579 -0.069727540 -0.008350186 0.997531176 257.613128662
0.997293293 -0.024149267 0.069446966 20.514881134 0.023466790 0.999668121 0.010626519 -25.519071579 -0.069680557 -0.008968061 0.997529030 259.876342773
0.997264981 -0.023738632 0.069995120 20.767580032 0.023086086 0.999682307 0.010117140 -25.725250244 -0.070213057 -0.008473555 0.997496009 262.119079590
0.997241914 -0.023669027 0.070344269 21.024126053 0.023050677 0.999688327 0.009589251 -25.931987762 -0.070549309 -0.007941321 0.997476697 264.378021240
0.997223437 -0.023012789 0.070822172 21.282009125 0.022420386 0.999706745 0.009148294 -26.145118713 -0.071011931 -0.007535031 0.997447014 266.616882324
0.997160852 -0.022367589 0.071901932 21.534950256 0.021761168 0.999720752 0.009206426 -26.350961685 -0.072087772 -0.007615618 0.997369230 268.866668701
0.997052073 -0.022260824 0.073427796 21.790563583 0.021675222 0.999726653 0.008762505 -26.564315796 -0.073602796 -0.007145108 0.997262001 271.110900879
0.996992171 -0.023122637 0.073972650 22.065313339 0.022484016 0.999702454 0.009454394 -26.782390594 -0.074169271 -0.007762752 0.997215509 273.355316162
0.996759355 -0.023701994 0.076869898 22.301374435 0.023037007 0.999689221 0.009526155 -26.980188370 -0.077071808 -0.007724433 0.996995568 275.607757568
0.996650338 -0.023771456 0.078250043 22.572223663 0.022992158 0.999676764 0.010845110 -27.182086945 -0.078482546 -0.009009644 0.996874809 277.847930908
0.996587873 -0.023280002 0.079186738 22.853700638 0.022364603 0.999672651 0.012427365 -27.403337479 -0.079450116 -0.010613980 0.996782362 280.101898193
0.996512473 -0.022993729 0.080213755 23.133638382 0.021996396 0.999669671 0.013295098 -27.609395981 -0.080492981 -0.011484317 0.996689081 282.337615967
0.996435940 -0.022191931 0.081381090 23.405307770 0.021148825 0.999683201 0.013657274 -27.812318802 -0.081658386 -0.011887485 0.996589422 284.592773438
0.996327162 -0.021072499 0.082994297 23.668464661 0.020049967 0.999712706 0.013134841 -28.009531021 -0.083247237 -0.011422565 0.996463418 286.823608398
0.996306300 -0.020481758 0.083392382 23.949468613 0.019553939 0.999737680 0.011927712 -28.204620361 -0.083614804 -0.010253005 0.996445417 289.068267822
0.996245205 -0.021323808 0.083909035 24.220403671 0.020352544 0.999715865 0.012413727 -28.414533615 -0.084149905 -0.010659354 0.996396065 291.295196533
0.996218801 -0.021023002 0.084297433 24.488567352 0.020111224 0.999729872 0.011650932 -28.620573044 -0.084519595 -0.009911553 0.996372521 293.555999756
0.996241868 -0.021572210 0.083884917 24.769037247 0.020735124 0.999726236 0.010837504 -28.822010040 -0.084095746 -0.009057411 0.996416509 295.782043457
0.996236563 -0.021532467 0.083958924 25.046403885 0.020711334 0.999728918 0.010638969 -29.026161194 -0.084165260 -0.008860030 0.996412396 298.018554688
0.996246338 -0.020851659 0.084014669 25.324735641 0.020016525 0.999741673 0.010770485 -29.228868484 -0.084217541 -0.009048374 0.996406317 300.258270264
0.996198773 -0.020707205 0.084611960 25.584383011 0.019755764 0.999731958 0.012066681 -29.444404602 -0.084839135 -0.010349240 0.996340930 302.493804932
0.996203065 -0.021274153 0.084420346 25.869646072 0.020324742 0.999720335 0.012089910 -29.645914078 -0.084653936 -0.010328184 0.996356905 304.745361328
0.996170282 -0.020404296 0.085020237 26.149623871 0.019428072 0.999735653 0.012293990 -29.849645615 -0.085248597 -0.010595128 0.996303380 306.994506836
0.996171951 -0.021167871 0.084813893 26.433731079 0.020178355 0.999718189 0.012507346 -30.064792633 -0.085054733 -0.010748062 0.996318400 309.249420166
0.996128738 -0.022375045 0.085011132 26.715152740 0.021360876 0.999689639 0.012820834 -30.264987946 -0.085271597 -0.010955291 0.996297538 311.508636475
0.996094942 -0.022171965 0.085459262 26.994785309 0.021193331 0.999699235 0.012341890 -30.472043991 -0.085707188 -0.010482530 0.996265233 313.752777100
0.996114850 -0.021789497 0.085326605 27.284755707 0.020750253 0.999699652 0.013047722 -30.678070068 -0.085585281 -0.011226479 0.996267617 316.003875732
0.996084690 -0.020217380 0.086061083 27.564535141 0.019224819 0.999738872 0.012346549 -30.884275436 -0.086288244 -0.010643699 0.996213377 318.249572754
0.996086717 -0.018581666 0.086405613 27.842853546 0.017526133 0.999762416 0.012958651 -31.087036133 -0.086625859 -0.011393584 0.996175766 320.501159668
0.996030331 -0.017288985 0.087319009 28.117441177 0.016248215 0.999788404 0.012615968 -31.290527344 -0.087518655 -0.011147105 0.996100605 322.731903076
0.995980561 -0.016443407 0.088046513 28.390779495 0.015348106 0.999796331 0.013102675 -31.488777161 -0.088244013 -0.011698661 0.996030211 324.968353271
0.995987892 -0.016145818 0.088019356 28.681241989 0.014915885 0.999781966 0.014613379 -31.701152802 -0.088236116 -0.013241863 0.996011496 327.193908691
0.995941401 -0.017057031 0.088374034 28.958076477 0.015831538 0.999768734 0.014549631 -31.907329559 -0.088601768 -0.013091482 0.995981097 329.438110352
0.995952606 -0.018911535 0.087867796 29.256761551 0.017765507 0.999746859 0.013806516 -32.106121063 -0.088106655 -0.012189624 0.996036470 331.673461914
0.995946646 -0.018520435 0.088018753 29.538187027 0.017396593 0.999757290 0.013518273 -32.307178497 -0.088247739 -0.011932251 0.996027112 333.888031006
0.995932281 -0.018592184 0.088166982 29.822179794 0.017347885 0.999739110 0.014858431 -32.506011963 -0.088420227 -0.013268480 0.995994806 336.116149902
0.995981932 -0.019163543 0.087480135 30.123210907 0.017944904 0.999730945 0.014695802 -32.701164246 -0.087738223 -0.013066931 0.996057868 338.351898193
0.995994091 -0.019096572 0.087356351 30.405414581 0.017850643 0.999727726 0.015021705 -32.904937744 -0.087619439 -0.013402159 0.996063888 340.594329834
0.996045172 -0.019366138 0.086713411 30.700168610 0.018146688 0.999725282 0.014829350 -33.106613159 -0.086976796 -0.013197138 0.996122897 342.837219238
0.996062934 -0.019555405 0.086465113 30.985332489 0.018306591 0.999716818 0.015212445 -33.302589417 -0.086738110 -0.013569672 0.996138692 345.075439453
0.996111870 -0.019465111 0.085919760 31.270738602 0.018215971 0.999716997 0.015298729 -33.497119904 -0.086193226 -0.013674133 0.996184528 347.317565918
0.996162832 -0.019494185 0.085319981 31.556266785 0.018254712 0.999716640 0.015283574 -33.694786072 -0.085593745 -0.013667439 0.996236384 349.560821533
0.996162355 -0.018967548 0.085444801 31.831884384 0.017686065 0.999719858 0.015729904 -33.895092010 -0.085719205 -0.014158356 0.996218741 351.800842285
0.996200800 -0.019440034 0.084888510 32.112960815 0.018140929 0.999706626 0.016048340 -34.087677002 -0.085175596 -0.014447413 0.996261120 354.029205322
0.996223032 -0.019297598 0.084660038 32.389328003 0.018057533 0.999718487 0.015389044 -34.282905579 -0.084933184 -0.013802166 0.996291041 356.268035889
0.996271133 -0.019305745 0.084089257 32.671291351 0.018036960 0.999712110 0.015822306 -34.478439331 -0.084370501 -0.014246594 0.996332586 358.504791260
0.996324182 -0.018879391 0.083555602 32.955600739 0.017548246 0.999707520 0.016637148 -34.676395416 -0.083845258 -0.015109739 0.996364236 360.750152588
0.996373355 -0.019019261 0.082936428 33.239147186 0.017702466 0.999705732 0.016583772 -34.874038696 -0.083227433 -0.015055450 0.996416867 363.000427246
0.996406794 -0.018958069 0.082547851 33.519466400 0.017599007 0.999697864 0.017160602 -35.069446564 -0.082848243 -0.015646180 0.996439338 365.237457275
0.996459603 -0.018965939 0.081905603 33.800308228 0.017662738 0.999706209 0.016606407 -35.265693665 -0.082196489 -0.015100939 0.996501684 367.498046875
0.996458948 -0.019436661 0.081803046 34.072273254 0.018147808 0.999699593 0.016469793 -35.461769104 -0.082098588 -0.014926927 0.996512413 369.752593994
0.996456385 -0.019491399 0.081821211 34.341739655 0.018265530 0.999709904 0.015704192 -35.652202606 -0.082103543 -0.014154037 0.996523261 372.005065918
0.996513367 -0.019430798 0.081139103 34.618881226 0.018210037 0.999709964 0.015758350 -35.855850220 -0.081421755 -0.014225858 0.996578217 374.247650146
0.996597648 -0.019409837 0.080101833 34.902324677 0.018167108 0.999703407 0.016214183 -36.047657013 -0.080392800 -0.014703800 0.996654809 376.492340088
0.996521831 -0.018634081 0.081222005 35.163070679 0.017319910 0.999708056 0.016854597 -36.246261597 -0.081512354 -0.015389219 0.996553540 378.740264893
0.996520281 -0.019304555 0.081084423 35.437622070 0.017961694 0.999689639 0.017258301 -36.446147919 -0.081392422 -0.015741833 0.996557832 380.981842041
0.996537030 -0.019222030 0.080897890 35.716388702 0.017877460 0.999690294 0.017312305 -36.636997223 -0.081205621 -0.015806105 0.996571958 383.240844727
0.996548951 -0.018590810 0.080898032 35.994869232 0.017219003 0.999696434 0.017621998 -36.835426331 -0.081201069 -0.016168201 0.996566594 385.497467041
0.996563435 -0.017464738 0.080971241 36.267955780 0.016089065 0.999715388 0.017611092 -37.020774841 -0.081255771 -0.016247816 0.996560812 387.754821777
0.996584892 -0.016186638 0.080972344 36.547393799 0.014811989 0.999736309 0.017548777 -37.221267700 -0.081235059 -0.016289486 0.996561825 390.029174805
0.996580958 -0.015055300 0.081238188 36.817695618 0.013673051 0.999752581 0.017544376 -37.417118073 -0.081482224 -0.016373619 0.996540248 392.304351807
0.996603429 -0.013881259 0.081171259 37.092823029 0.012384173 0.999744356 0.018918037 -37.609676361 -0.081413090 -0.017848540 0.996520638 394.562774658
0.996545732 -0.012546499 0.082092911 37.357128143 0.010991273 0.999751985 0.019369291 -37.804336548 -0.082315572 -0.018400075 0.996436417 396.825561523
0.996490061 -0.012133883 0.082828544 37.631031036 0.010681859 0.999781787 0.017951192 -38.003971100 -0.083028302 -0.017003423 0.996402144 399.096130371
0.996433437 -0.012060458 0.083517626 37.902366638 0.010647606 0.999792933 0.017341649 -38.196937561 -0.083709486 -0.016390538 0.996355414 401.361602783
0.996342838 -0.013149236 0.084427074 38.174205780 0.011647355 0.999765456 0.018257108 -38.386501312 -0.084647320 -0.017206989 0.996262431 403.608184814
0.996312678 -0.014493126 0.084563836 38.454471588 0.012887628 0.999726713 0.019500755 -38.583457947 -0.084823355 -0.018339023 0.996227205 405.894500732
0.996273160 -0.014923197 0.084953517 38.733299255 0.013323508 0.999723732 0.019366108 -38.772567749 -0.085219048 -0.018162053 0.996196628 408.148406982
0.996236622 -0.013586422 0.085603401 39.033622742 0.012065937 0.999760568 0.018254399 -38.954544067 -0.085830919 -0.017152818 0.996161997 410.419799805
0.996191382 -0.012867359 0.086238988 39.315452576 0.011293036 0.999760985 0.018718448 -39.151050568 -0.086459234 -0.017673254 0.996098638 412.678131104
0.996165037 -0.011275026 0.086766027 39.617397308 0.009727446 0.999786437 0.018238422 -39.349342346 -0.086953118 -0.017324466 0.996061742 414.937774658
0.996096611 -0.010373084 0.087657571 39.907192230 0.008800312 0.999793649 0.018309670 -39.542026520 -0.087829404 -0.017466785 0.995982409 417.205230713
0.996034265 -0.010782105 0.088314362 40.197200775 0.009212108 0.999792516 0.018165678 -39.736118317 -0.088491902 -0.017280072 0.995926917 419.460449219
0.995944798 -0.010718428 0.089325726 40.480495453 0.009121213 0.999791503 0.018269844 -39.927246094 -0.089502931 -0.017381003 0.995834827 421.716552734
0.995868146 -0.010927096 0.090150811 40.764354706 0.009337779 0.999793708 0.018032527 -40.122447968 -0.090329260 -0.017116209 0.995764852 423.976318359
0.995804727 -0.011363547 0.090795614 41.059497833 0.009658366 0.999769032 0.019197797 -40.316215515 -0.090992808 -0.018240321 0.995684445 426.254302979
0.995768428 -0.010700319 0.091272660 41.351245880 0.008930838 0.999764621 0.019773254 -40.505344391 -0.091462739 -0.018874448 0.995629609 428.514404297
0.995695174 -0.009839225 0.092164293 41.648460388 0.007985827 0.999758899 0.020456972 -40.693752289 -0.092343345 -0.019632893 0.995533705 430.791229248
0.995707631 -0.010288578 0.091980718 41.949108124 0.008417118 0.999750078 0.020711049 -40.892383575 -0.092170820 -0.019847935 0.995545387 433.054565430
0.995660245 -0.011177993 0.092388965 42.251338959 0.009360890 0.999754548 0.020077994 -41.089889526 -0.092590719 -0.019126019 0.995520473 435.323272705
0.995647788 -0.010630593 0.092589147 42.554481506 0.008778956 0.999753714 0.020382827 -41.268356323 -0.092783034 -0.019481279 0.995495737 437.590148926
0.995610714 -0.011130417 0.092925951 42.855957031 0.009234945 0.999740958 0.020802809 -41.459693909 -0.093133427 -0.019853339 0.995455682 439.873260498
0.995653510 -0.011218197 0.092457034 43.165958405 0.009333816 0.999740303 0.020788439 -41.644519806 -0.092666231 -0.019835101 0.995499671 442.149169922
0.995675564 -0.010699951 0.092279598 43.490879059 0.008713183 0.999722064 0.021905972 -41.849311829 -0.092488326 -0.021007191 0.995492280 444.443969727
0.995630562 -0.011305803 0.092692487 43.791969299 0.009286929 0.999710739 0.022182843 -42.035484314 -0.092916474 -0.021225087 0.995447576 446.720489502
0.995624959 -0.011186542 0.092767492 44.089126587 0.009207657 0.999721348 0.021732321 -42.224014282 -0.092984766 -0.020783065 0.995450556 448.984069824
0.995639861 -0.010550342 0.092681110 44.390907288 0.008592079 0.999731779 0.021502728 -42.412883759 -0.092883140 -0.020612646 0.995463550 451.246520996
0.995586693 -0.009913356 0.093320549 44.686252594 0.007967484 0.999743462 0.021201039 -42.605804443 -0.093506761 -0.020363940 0.995410383 453.508300781
0.995524287 -0.009288778 0.094048642 44.983135223 0.007326487 0.999748647 0.021188470 -42.785636902 -0.094221823 -0.020404592 0.995342016 455.786773682
0.995488763 -0.009543061 0.094398215 45.278347015 0.007588059 0.999749660 0.021047488 -42.981910706 -0.094575427 -0.020236239 0.995311975 458.048004150
0.995529830 -0.008806750 0.094037697 45.593616486 0.006939655 0.999772608 0.020163355 -43.166252136 -0.094193906 -0.019420629 0.995364428 460.330474854
0.995492697 -0.007942757 0.094506308 45.891921997 0.006001805 0.999765575 0.020804353 -43.359157562 -0.094649389 -0.020143369 0.995306849 462.615692139
0.995547056 -0.007513922 0.093965307 46.202129364 0.005468063 0.999742746 0.022011038 -43.547016144 -0.094106533 -0.021399220 0.995332122 464.897827148
0.995590508 -0.007497108 0.093505539 46.497627258 0.005423649 0.999734163 0.022409186 -43.729610443 -0.093648702 -0.021803232 0.995366514 467.165954590
0.995668530 -0.007062836 0.092705414 46.804286957 0.005144279 0.999767959 0.020917876 -43.910442352 -0.092831649 -0.020350365 0.995473742 469.450653076
0.995735586 -0.007179637 0.091973513 47.115345001 0.005300497 0.999772489 0.020659316 -44.105514526 -0.092100918 -0.020083712 0.995547116 471.750152588
0.995809019 -0.007817775 0.091122620 47.414585114 0.005849550 0.999744236 0.021846831 -44.300361633 -0.091270104 -0.021222241 0.995599985 474.033355713
0.995818913 -0.008122333 0.090987600 47.705974579 0.006154736 0.999741554 0.021884643 -44.487571716 -0.091141835 -0.021233136 0.995611489 476.312561035
0.995889843 -0.007680073 0.090246558 47.998790741 0.005778270 0.999756098 0.021315830 -44.655952454 -0.090388231 -0.020706752 0.995691419 478.603332520
0.995908022 -0.008021364 0.090016238 48.294002533 0.006062999 0.999739349 0.022008106 -44.844635010 -0.090169311 -0.021372275 0.995697200 480.884643555
0.995960712 -0.008308482 0.089404404 48.593894958 0.006319300 0.999726593 0.022509361 -45.029438019 -0.089566991 -0.021853460 0.995741010 483.156829834
0.995952368 -0.008918469 0.089439116 48.874851227 0.007014775 0.999742508 0.021576589 -45.213504791 -0.089608513 -0.020861862 0.995758474 485.442932129
0.996049464 -0.009440944 0.088296808 49.173843384 0.007457735 0.999713063 0.022763709 -45.415504456 -0.088486388 -0.022015287 0.995833993 487.748229980
0.996129155 -0.009858483 0.087347254 49.468608856 0.007897775 0.999709666 0.022764513 -45.594444275 -0.087546311 -0.021986546 0.995917797 490.029785156
0.996048570 -0.008820386 0.088371404 49.715560913 0.006782940 0.999704838 0.023329312 -45.790069580 -0.088551104 -0.022637706 0.995814323 492.302032471
0.996099949 -0.008026052 0.087866053 50.009151459 0.005973660 0.999703705 0.023596272 -45.969158173 -0.088029400 -0.022979360 0.995852709 494.588470459
0.996107519 -0.007365455 0.087838285 50.289680481 0.005343712 0.999715865 0.023229631 -46.150337219 -0.087984435 -0.022669824 0.995863855 496.890197754
0.996130288 -0.007103005 0.087602876 50.589466095 0.005102534 0.999721527 0.023038499 -46.344810486 -0.087742127 -0.022502342 0.995888948 499.205261230
0.996168315 -0.007096599 0.087168552 50.876235962 0.005047029 0.999706089 0.023710653 -46.526588440 -0.087311208 -0.023179863 0.995911300 501.500274658
0.996185780 -0.006662953 0.087002434 51.159896851 0.004591967 0.999701977 0.023982227 -46.713729858 -0.087136291 -0.023491243 0.995919406 503.780059814
0.996216714 -0.005816608 0.086708970 51.447830200 0.003801180 0.999719203 0.023390604 -46.899227142 -0.086820669 -0.022972515 0.995959044 506.075195312
0.996213496 -0.005371016 0.086774305 51.732948303 0.003312282 0.999710023 0.023851750 -47.081001282 -0.086877234 -0.023474015 0.995942414 508.377624512
0.996250510 -0.005875067 0.086316019 52.028797150 0.003910967 0.999729931 0.022906257 -47.266796112 -0.086427271 -0.022482788 0.996004462 510.670227051
0.996283591 -0.006472605 0.085890174 52.319427490 0.004447120 0.999707997 0.023752712 -47.454990387 -0.086018845 -0.023282470 0.996021569 512.968933105
0.996299267 -0.006162486 0.085730329 52.606025696 0.004114103 0.999702275 0.024049515 -47.638370514 -0.085853018 -0.023607811 0.996028066 515.268676758
0.996303618 -0.005520369 0.085723177 52.889465332 0.003484961 0.999709010 0.023875514 -47.823589325 -0.085830018 -0.023488518 0.996032894 517.575988770
0.996306539 -0.004546903 0.085747547 53.169967651 0.002535740 0.999719501 0.023548817 -48.009220123 -0.085830562 -0.023244409 0.996038556 519.875671387
0.996264637 -0.003066838 0.086297996 53.451644897 0.001009933 0.999714494 0.023868468 -48.198028564 -0.086346582 -0.023692152 0.995983422 522.214172363
0.996106029 -0.000726132 0.088159710 53.719333649 -0.001407974 0.999707520 0.024142671 -48.382247925 -0.088151455 -0.024172792 0.995813727 524.544067383
0.996158600 0.000201606 0.087567240 54.033866882 -0.002395795 0.999685764 0.024952820 -48.558815002 -0.087534696 -0.025066758 0.995846033 526.888305664
0.996098220 -0.000302154 0.088250719 54.317092896 -0.001923298 0.999682307 0.025131257 -48.743473053 -0.088230275 -0.025202937 0.995781243 529.192199707
0.996056020 -0.002281056 0.088696934 54.605941772 -0.000074936 0.999647439 0.026549876 -48.922515869 -0.088726230 -0.026451813 0.995704770 531.501831055
0.996019363 -0.003885112 0.089051448 54.909019470 0.001562040 0.999657035 0.026141705 -49.099365234 -0.089122467 -0.025898542 0.995684028 533.821289062
0.995980799 -0.003855929 0.089483835 55.203159332 0.001573739 0.999672174 0.025560481 -49.278327942 -0.089553058 -0.025316926 0.995660245 536.142639160
0.995911062 -0.004265913 0.090238050 55.499340057 0.001993628 0.999679029 0.025256172 -49.458484650 -0.090316810 -0.024973001 0.995599926 538.463623047
0.995827675 -0.003438649 0.091188900 55.789043427 0.001201602 0.999697387 0.024575580 -49.641216278 -0.091245800 -0.024363467 0.995530307 540.777709961
0.995754123 -0.002727433 0.092012115 56.088401794 0.000483300 0.999702096 0.024403006 -49.827976227 -0.092051260 -0.024254927 0.995458782 543.098388672
0.995657563 -0.002415696 0.093060240 56.370998383 0.000247369 0.999728322 0.023304744 -50.012672424 -0.093091264 -0.023180522 0.995387733 545.417724609
0.995530784 -0.002290487 0.094410516 56.660884857 0.000071956 0.999723971 0.023495479 -50.191154480 -0.094438277 -0.023383677 0.995256126 547.742370605
0.995466769 -0.002648409 0.095073208 56.955879211 0.000272837 0.999687612 0.024991075 -50.382652283 -0.095109701 -0.024851846 0.995156527 550.045166016
0.995440423 -0.002986794 0.095338076 57.265384674 0.000596684 0.999685168 0.025088491 -50.564098358 -0.095383003 -0.024917215 0.995128691 552.357604980
0.995496988 -0.004309346 0.094695307 57.585952759 0.002040472 0.999708831 0.024043515 -50.744396210 -0.094771318 -0.023742026 0.995215833 554.669372559
0.995493770 -0.004677815 0.094711415 57.897563934 0.002365248 0.999696672 0.024514537 -50.929920197 -0.094797358 -0.024180049 0.995202899 556.986145020
0.995446265 -0.004426655 0.095221698 58.204452515 0.002056184 0.999686003 0.024977958 -51.112350464 -0.095302343 -0.024668422 0.995142698 559.299682617
0.995428681 -0.003964822 0.095425397 58.519344330 0.001481276 0.999658823 0.026082821 -51.296764374 -0.095496245 -0.025822243 0.995094776 561.640563965
0.995445549 -0.004175833 0.095241502 58.840171814 0.001634526 0.999640882 0.026745195 -51.477840424 -0.095319010 -0.026467711 0.995094836 563.968139648
0.995404124 -0.003575771 0.095696479 59.153476715 0.000960537 0.999625146 0.027360532 -51.653942108 -0.095758438 -0.027142871 0.995034456 566.290344238
0.995370567 -0.002819826 0.096069887 59.469932556 0.000255894 0.999643743 0.026690077 -51.836315155 -0.096110918 -0.026541935 0.995016694 568.618225098
0.995381236 -0.001491948 0.095989287 59.797233582 -0.000923814 0.999684215 0.025117641 -52.008049011 -0.095996432 -0.025090305 0.995065391 570.943359375
0.995393515 -0.001035553 0.095868073 60.129638672 -0.001426559 0.999670982 0.025610186 -52.194065094 -0.095863052 -0.025628978 0.995064557 573.265686035
0.995387614 -0.001172378 0.095927425 60.444534302 -0.001365314 0.999650896 0.026384369 -52.379745483 -0.095924869 -0.026393645 0.995038569 575.646057129
0.995370865 -0.001226642 0.096100666 60.761585236 -0.001426455 0.999619842 0.027533909 -52.564044952 -0.096097916 -0.027543534 0.994990647 577.966003418
0.995300591 -0.000698300 0.096830949 61.072898865 -0.001823482 0.999661505 0.025952201 -52.742488861 -0.096816301 -0.026006810 0.994962454 580.349914551
0.995327353 -0.001509986 0.096546412 61.395870209 -0.000917459 0.999684691 0.025093442 -52.911933899 -0.096553870 -0.025064765 0.995012164 582.685546875
0.995296001 -0.001814934 0.096862845 61.713844299 -0.000808311 0.999634266 0.027035953 -53.106140137 -0.096876450 -0.026987074 0.994930446 585.020446777
0.995346606 -0.001481468 0.096347928 62.033664703 -0.001139721 0.999630928 0.027144726 -53.284217834 -0.096352570 -0.027128221 0.994977474 587.340209961
0.995300233 -0.003756040 0.096764326 62.362590790 0.001257964 0.999664664 0.025864176 -53.463760376 -0.096829027 -0.025620891 0.994971216 589.691284180
0.995316267 -0.004046699 0.096587814 62.684974670 0.001556006 0.999664605 0.025848236 -53.642219543 -0.096660033 -0.025576875 0.994988739 592.040405273
0.995327890 -0.005565880 0.096391819 63.002231598 0.003035856 0.999647558 0.026374083 -53.823764801 -0.096504644 -0.025958231 0.994993925 594.377624512
0.995358467 -0.006347579 0.096028678 63.330291748 0.003800548 0.999636710 0.026683344 -54.004676819 -0.096163183 -0.026194526 0.995020866 596.738342285
