1.000000000 0.000000000 0.000000000 0.000000000 0.000000000 1.000000000 0.000000000 0.000000000 0.000000000 0.000000000 1.000000000 0.000000000
0.999999940 -0.000057616 0.000311656 0.088501453 0.000057678 1.000000000 -0.000199424 -0.226504177 -0.000311645 0.000199442 0.999999940 2.285162687
0.999999464 0.000189818 0.001035252 0.167881310 -0.000190113 0.999999940 0.000284998 -0.464064240 -0.001035198 -0.000285195 0.999999404 4.578652859
0.999998808 -0.000157622 0.001545283 0.266395062 0.000156824 0.999999881 0.000516549 -0.696245611 -0.001545365 -0.000516306 0.999998689 6.863656521
0.999997020 -0.000364287 0.002412312 0.361123413 0.000367590 0.999998927 -0.001368779 -0.926326275 -0.002411811 0.001369662 0.999996066 9.157845497
0.999988854 0.001424458 0.004526810 0.451852947 -0.001424960 0.999998987 0.000107696 -1.163398623 -0.004526652 -0.000114145 0.999989688 11.463881493
0.999976456 0.002890981 0.006218211 0.573322654 -0.002899086 0.999994934 0.001294768 -1.400444388 -0.006214437 -0.001312765 0.999979854 13.742347717
0.999959946 0.002758135 0.008511559 0.679652512 -0.002791187 0.999988556 0.003873885 -1.629124403 -0.008500777 -0.003897488 0.999956369 16.012607574
0.999953270 0.003219845 0.009107120 0.787313581 -0.003270738 0.999979019 0.005578929 -1.863976359 -0.009088970 -0.005608455 0.999942958 18.304647446
0.999932647 0.002367743 0.011367585 0.886263311 -0.002431133 0.999981582 0.005565730 -2.085019350 -0.011354197 -0.005592990 0.999919951 20.600711823
0.999934614 -0.000194441 0.011428309 1.004957795 0.000160014 0.999995410 0.003013300 -2.309338093 -0.011428843 -0.003011274 0.999930143 22.897521973
0.999921083 -0.002423016 0.012329610 1.108166695 0.002416009 0.999997020 0.000583226 -2.525208473 -0.012330986 -0.000553392 0.999923825 25.184080124
0.999922872 -0.003103737 0.012022072 1.242735267 0.003102526 0.999995172 0.000119366 -2.772199869 -0.012022384 -0.000082058 0.999927640 27.464038849
0.999904811 -0.002685909 0.013533304 1.340347171 0.002698390 0.999995947 -0.000904034 -2.997430086 -0.013530820 0.000940467 0.999907970 29.749610901
0.999906600 -0.000549935 0.013653714 1.472951412 0.000525697 0.999998271 0.001778702 -3.230525970 -0.013654669 -0.001771359 0.999905169 32.030364990
0.999904633 0.001409438 0.013740323 1.599206686 -0.001463776 0.999991119 0.003945407 -3.451041937 -0.013734639 -0.003965143 0.999897778 34.311729431
0.999867439 0.003286339 0.015941804 1.707854509 -0.003411399 0.999963582 0.007823953 -3.681781292 -0.015915509 -0.007877300 0.999842286 36.637836456
0.999846995 0.005170099 0.016710255 1.824205160 -0.005292473 0.999959409 0.007287462 -3.900006533 -0.016671900 -0.007374784 0.999833763 38.909511566
0.999820054 0.004253977 0.018487243 1.929885149 -0.004354099 0.999976039 0.005378833 -4.101058483 -0.018463919 -0.005458360 0.999814630 41.216560364
0.999826670 0.001814664 0.018529002 2.056574821 -0.001888980 0.999990225 0.003994069 -4.325170994 -0.018521573 -0.004028378 0.999820352 43.493713379
0.999827862 0.001382687 0.018501224 2.187538624 -0.001446767 0.999993026 0.003450653 -4.556007862 -0.018496323 -0.003476826 0.999822855 45.741695404
0.999824464 0.000777658 0.018720018 2.311030626 -0.000825076 0.999996424 0.002525408 -4.786676407 -0.018717987 -0.002540410 0.999821603 48.013988495
0.999825656 -0.001132318 0.018644294 2.448632240 0.001077512 0.999995053 0.002949304 -5.016947269 -0.018647544 -0.002928700 0.999821842 50.293773651
0.999807954 -0.001471142 0.019541129 2.579207420 0.001406087 0.999993443 0.003342428 -5.241395473 -0.019545916 -0.003314310 0.999803483 52.560878754
0.999797642 -0.002650129 0.019939508 2.712775469 0.002584570 0.999991179 0.003312933 -5.471526623 -0.019948108 -0.003260728 0.999795735 54.843288422
0.999772072 -0.002678864 0.021179624 2.841929674 0.002599141 0.999989390 0.003790795 -5.702747345 -0.021189556 -0.003734883 0.999768496 57.134300232
0.999760866 -0.004264654 0.021446815 2.984000444 0.004171872 0.999981761 0.004369031 -5.928164959 -0.021465054 -0.004278513 0.999760389 59.401657104
0.999720573 -0.005678238 0.022945918 3.110493422 0.005594476 0.999977469 0.003712981 -6.150665760 -0.022966489 -0.003583573 0.999729753 61.671398163
0.999702930 -0.006585763 0.023467110 3.260021210 0.006500160 0.999971926 0.003722179 -6.377958775 -0.023490965 -0.003568533 0.999717653 63.924385071
0.999667823 -0.006027665 0.025058504 3.395812988 0.005919203 0.999972820 0.004400268 -6.602237701 -0.025084348 -0.004250481 0.999676287 66.192077637
0.999644399 -0.005152295 0.026162624 3.539822578 0.005029004 0.999975920 0.004776158 -6.829257488 -0.026186608 -0.004642888 0.999646246 68.444961548
0.999601603 -0.005377098 0.027704753 3.674500465 0.005249171 0.999975204 0.004688134 -7.056241512 -0.027729275 -0.004540840 0.999605179 70.693222046
0.999595165 -0.006305468 0.027741792 3.840095043 0.006218963 0.999975502 0.003203321 -7.278380871 -0.027761308 -0.003029500 0.999610007 72.939353943
0.999575973 -0.007072890 0.028243585 3.991794109 0.006968605 0.999968648 0.003788986 -7.506054878 -0.028269494 -0.003590561 0.999593914 75.204292297
0.999523222 -0.008320075 0.029732320 4.149989128 0.008226545 0.999960780 0.003266683 -7.737209797 -0.029758334 -0.003020531 0.999552548 77.472625732
0.999520123 -0.009246872 0.029564233 4.311030865 0.009163598 0.999953687 0.002951034 -7.962668419 -0.029590156 -0.002678704 0.999558508 79.714469910
0.999494493 -0.009697915 0.030277355 4.461019516 0.009627050 0.999950528 0.002485432 -8.179691315 -0.030299965 -0.002192694 0.999538362 81.970436096
0.999481857 -0.008993211 0.030905597 4.633465767 0.008909018 0.999956250 0.002860824 -8.413416862 -0.030929971 -0.002584003 0.999518216 84.222801208
0.999439359 -0.008799843 0.032305237 4.791046143 0.008698432 0.999956787 0.003278393 -8.629878998 -0.032332692 -0.002995550 0.999472618 86.477401733
0.999437392 -0.008239465 0.032511741 4.957243443 0.008107859 0.999958396 0.004177709 -8.861649513 -0.032544803 -0.003911758 0.999462605 88.750946045
0.999411762 -0.007387101 0.033488318 5.114628792 0.007227072 0.999961913 0.004897143 -9.089457512 -0.033523213 -0.004652241 0.999427140 91.009048462
0.999382019 -0.007390522 0.034364324 5.279283524 0.007232819 0.999962687 0.004711221 -9.309479713 -0.034397867 -0.004459759 0.999398232 93.257255554
0.999365568 -0.007381491 0.034841634 5.446943283 0.007243323 0.999965429 0.004090199 -9.527326584 -0.034870621 -0.003835235 0.999384463 95.508941650
0.999335647 -0.007828411 0.035593979 5.610093594 0.007673553 0.999960482 0.004485201 -9.750590324 -0.035627685 -0.004209089 0.999356270 97.762763977
0.999309123 -0.007938574 0.036305964 5.773272038 0.007794155 0.999961138 0.004117633 -9.981731415 -0.036337234 -0.003831815 0.999332368 99.996665955
0.999249101 -0.008028128 0.037902676 5.932862759 0.007831410 0.999955118 0.005335703 -10.200644493 -0.037943814 -0.005034866 0.999267161 102.228240967
0.999229133 -0.008345497 0.038360044 6.124348640 0.008150519 0.999953091 0.005236456 -10.420445442 -0.038401946 -0.004919765 0.999250233 104.476905823
0.999191761 -0.008826344 0.039217066 6.284364700 0.008594068 0.999944508 0.006087474 -10.651125908 -0.039268624 -0.005745519 0.999212086 106.725540161
0.999138713 -0.010431289 0.040161185 6.467049599 0.010186372 0.999928296 0.006298110 -10.866730690 -0.040223997 -0.005883588 0.999173343 108.978683472
0.999107659 -0.011257038 0.040711619 6.658036232 0.010985906 0.999915957 0.006877457 -11.086838722 -0.040785614 -0.006424064 0.999147296 111.226646423
0.999095976 -0.011617639 0.040892813 6.846529484 0.011395055 0.999918938 0.005672037 -11.310520172 -0.040955406 -0.005200933 0.999147415 113.484069824
0.999050677 -0.012154851 0.041832373 7.028649330 0.011972798 0.999917746 0.004599749 -11.525505066 -0.041884847 -0.004094532 0.999114037 115.741394043
0.999015927 -0.012598063 0.042525932 7.214258194 0.012400457 0.999911010 0.004907378 -11.750720024 -0.042583972 -0.004375207 0.999083340 117.969139099
0.998977959 -0.012922011 0.043311894 7.410836220 0.012696953 0.999904454 0.005467292 -11.969046593 -0.043378402 -0.004911775 0.999046624 120.208488464
0.998944342 -0.013539300 0.043895211 7.607132912 0.013299196 0.999894977 0.005757308 -12.191117287 -0.043968555 -0.005167459 0.999019563 122.425361633
0.998910010 -0.014761124 0.044280663 7.802780628 0.014530049 0.999879122 0.005535747 -12.412299156 -0.044357024 -0.004886313 0.999003708 124.642395020
0.998878121 -0.015141962 0.044869091 7.989177704 0.014940333 0.999876678 0.004825704 -12.639950752 -0.044936638 -0.004149930 0.998981237 126.903747559
0.998863399 -0.016811932 0.044601701 8.182083130 0.016592745 0.999848247 0.005279993 -12.859394073 -0.044683702 -0.004533926 0.998991013 129.168075562
0.998896122 -0.017605897 0.043550089 8.374511719 0.017366584 0.999831975 0.005867311 -13.080720901 -0.043646067 -0.005104517 0.999033928 131.413436890
0.998943150 -0.017927542 0.042321667 8.568210602 0.017641600 0.999818981 0.007120301 -13.299457550 -0.042441651 -0.006366154 0.999078631 133.652877808
0.998979390 -0.018939154 0.041006017 8.769056320 0.018672384 0.999802113 0.006878985 -13.521670341 -0.041128181 -0.006106284 0.999135196 135.905288696
0.999052465 -0.019585472 0.038863733 8.974486351 0.019360226 0.999793649 0.006163708 -13.731637001 -0.038976427 -0.005405459 0.999225497 138.122283936
0.999043703 -0.020441331 0.038650621 9.147261620 0.020198449 0.999773800 0.006664027 -13.959237099 -0.038778096 -0.005876970 0.999230683 140.382644653
0.999037027 -0.020835161 0.038614061 9.317211151 0.020589847 0.999765277 0.006739885 -14.168374062 -0.038745418 -0.005938337 0.999231458 142.610717773
0.999074519 -0.020701626 0.037703570 9.499217987 0.020419756 0.999760687 0.007845891 -14.386644363 -0.037856966 -0.007068732 0.999258161 144.833984375
0.999097347 -0.019703874 0.037630267 9.672451973 0.019463461 0.999787748 0.006744574 -14.601097107 -0.037755173 -0.006006071 0.999268949 147.072982788
0.999113381 -0.018399263 0.037866745 9.847393036 0.018213581 0.999820292 0.005242781 -14.819001198 -0.037956417 -0.004548443 0.999269009 149.324722290
0.999130309 -0.016678147 0.038215548 10.020732880 0.016517729 0.999853432 0.004509531 -15.042732239 -0.038285155 -0.003874375 0.999259353 151.572402954
0.999140084 -0.015821142 0.038324449 10.203723907 0.015658425 0.999867082 0.004542229 -15.259967804 -0.038391214 -0.003938222 0.999255121 153.812622070
0.999123037 -0.015047486 0.039073817 10.375543594 0.014855572 0.999876142 0.005197295 -15.481595993 -0.039147187 -0.004612273 0.999222815 156.069656372
0.999130130 -0.014214771 0.039202452 10.568940163 0.013977641 0.999882400 0.006316284 -15.701235771 -0.039287630 -0.005762832 0.999211371 158.288085938
0.999089658 -0.013764996 0.040378217 10.747571945 0.013485732 0.999883294 0.007180524 -15.922867775 -0.040472347 -0.006629458 0.999158621 160.551895142
0.999067724 -0.012823011 0.041222923 10.929600716 0.012450742 0.999879479 0.009274751 -16.142684937 -0.041336879 -0.008752850 0.999106944 162.786453247
0.999032736 -0.012303568 0.042215668 11.111738205 0.011961630 0.999893665 0.008342894 -16.348735809 -0.042313825 -0.007829854 0.999073684 165.042648315
0.998993158 -0.011548768 0.043349903 11.302479744 0.011250742 0.999911368 0.007112551 -16.561805725 -0.043428201 -0.006617672 0.999034643 167.282562256
0.998906672 -0.009684685 0.045735624 11.479928017 0.009360706 0.999929547 0.007292603 -16.774639130 -0.045803025 -0.006856511 0.998927057 169.512466431
0.998809159 -0.009354474 0.047881179 11.665141106 0.008981528 0.999927700 0.007998298 -17.004144669 -0.047952525 -0.007558727 0.998820961 171.763610840
0.998694420 -0.009770826 0.050141741 11.866491318 0.009415047 0.999928832 0.007326734 -17.210643768 -0.050209761 -0.006845082 0.998715222 174.022994995
0.998605132 -0.009488259 0.051942859 12.068118095 0.009083049 0.999926507 0.008031639 -17.428516388 -0.052015252 -0.007548635 0.998617768 176.274429321
0.998539388 -0.010218832 0.053055406 12.270335197 0.009759040 0.999912620 0.008918122 -17.644557953 -0.053141911 -0.008387326 0.998551667 178.504043579
0.998487115 -0.011270453 0.053818475 12.468584061 0.010805096 0.999901712 0.008929961 -17.854833603 -0.053913835 -0.008334936 0.998510718 180.736419678
0.998532116 -0.011911264 0.052836742 12.681861877 0.011464395 0.999895990 0.008752597 -18.074043274 -0.052935507 -0.008134008 0.998564780 183.000000000
0.998536706 -0.013043491 0.052481800 12.892267227 0.012596382 0.999881506 0.008841114 -18.291555405 -0.052590903 -0.008167096 0.998582661 185.241317749
0.998549104 -0.014665954 0.051812403 13.107142448 0.014178790 0.999851882 0.009757563 -18.504320145 -0.051947840 -0.009008768 0.998609126 187.482681274
0.998524845 -0.015797036 0.051947404 13.303095818 0.015345673 0.999840915 0.009076279 -18.712165833 -0.052082527 -0.008265723 0.998608589 189.714828491
0.998488426 -0.016907433 0.052296370 13.505794525 0.016477257 0.999826729 0.008645972 -18.923177719 -0.052433502 -0.007771204 0.998594224 191.954177856
0.998490036 -0.018057205 0.051880244 13.715263367 0.017638925 0.999808133 0.008509012 -19.147394180 -0.052023944 -0.007581051 0.998617053 194.196853638
0.998502970 -0.017729614 0.051744252 13.926422119 0.017288242 0.999810278 0.008965097 -19.360923767 -0.051893391 -0.008057109 0.998620093 196.429183960
0.998510718 -0.015938653 0.052176159 14.137255669 0.015472523 0.999836802 0.009325550 -19.575677872 -0.052316282 -0.008504364 0.998594344 198.669601440
0.998530865 -0.013663335 0.052435067 14.342773438 0.013206747 0.999871910 0.009044285 -19.804258347 -0.052551921 -0.008338499 0.998583376 200.942687988
0.998496652 -0.013046807 0.053240057 14.551961899 0.012623978 0.999886036 0.008270537 -20.018304825 -0.053341903 -0.007586003 0.998547435 203.199813843
0.998464108 -0.013589321 0.053710032 14.756544113 0.013104285 0.999870121 0.009372543 -20.233432770 -0.053830422 -0.008654316 0.998512566 205.429138184
0.998415768 -0.015065461 0.054211967 14.961578369 0.014542283 0.999843955 0.010032148 -20.446184158 -0.054354645 -0.009227890 0.998479068 207.648864746
0.998416126 -0.014716841 0.054300703 15.190806389 0.014207640 0.999851465 0.009751605 -20.652130127 -0.054436158 -0.008964673 0.998476923 209.908416748
0.998307705 -0.014064555 0.056428693 15.395436287 0.013467070 0.999849260 0.010954716 -20.864841461 -0.056574274 -0.010176247 0.998346448 212.144622803
0.998231292 -0.012899084 0.058032814 15.621187210 0.012261174 0.999860525 0.011334963 -21.074264526 -0.058170937 -0.010603364 0.998250306 214.370925903
0.998056233 -0.011856996 0.061179984 15.820073128 0.011189348 0.999874115 0.011243907 -21.279315948 -0.061305609 -0.010537489 0.998063445 216.606018066
0.997917473 -0.012069247 0.063363686 16.047008514 0.011347452 0.999866724 0.011738826 -21.486606598 -0.063496917 -0.010995367 0.997921407 218.836380005
0.997779369 -0.013184934 0.065287836 16.275547028 0.012400566 0.999846160 0.012404715 -21.687545776 -0.065441348 -0.011567561 0.997789383 221.060272217
0.997682929 -0.014640219 0.066440895 16.509824753 0.013799541 0.999819040 0.013094359 -21.887729645 -0.066620573 -0.012147165 0.997704566 223.291564941
0.997612774 -0.017008290 0.066928722 16.756332397 0.016200688 0.999789476 0.012590947 -22.097991943 -0.067128778 -0.011476598 0.997678339 225.504241943
0.997581363 -0.018385572 0.067031480 17.000125885 0.017602591 0.999770105 0.012252848 -22.297256470 -0.067241319 -0.011043285 0.997675598 227.748748779
0.997528672 -0.018569354 0.067761898 17.234743118 0.017773697 0.999766052 0.012326099 -22.498435974 -0.067974947 -0.011091259 0.997625351 229.988006592
0.997477233 -0.019830793 0.068161316 17.481758118 0.019110005 0.999754548 0.011210629 -22.702106476 -0.068366908 -0.009879784 0.997611284 232.229171753
0.997444928 -0.020745495 0.068363324 17.727272034 0.019952837 0.999725819 0.012257302 -22.902891159 -0.068598866 -0.010861938 0.997585177 234.467376709
0.997412920 -0.019784829 0.069110245 17.991930008 0.018944088 0.999738574 0.012799633 -23.115476608 -0.069345422 -0.011457285 0.997526884 236.721008301
0.997370958 -0.019208532 0.069872014 18.230281830 0.018381815 0.999753475 0.012455700 -23.312971115 -0.070094019 -0.011138580 0.997478187 238.939331055
0.997337162 -0.019231707 0.070347168 18.474430084 0.018374354 0.999749064 0.012814373 -23.519546509 -0.070575960 -0.011487667 0.997440398 241.153854370
0.997285008 -0.019629287 0.070974275 18.717576981 0.018749828 0.999739230 0.013036426 -23.719446182 -0.071211681 -0.011670275 0.997392952 243.383926392
0.997245252 -0.019923290 0.071448199 18.963479996 0.019090792 0.999741912 0.012315802 -23.926460266 -0.071675129 -0.010917872 0.997368217 245.610458374
0.997262418 -0.019508492 0.071323745 19.221370697 0.018721869 0.999756515 0.011680899 -24.131992340 -0.071534254 -0.010313610 0.997384846 247.842971802
0.997238934 -0.019839505 0.071560130 19.478034973 0.019009832 0.999744296 0.012256633 -24.339189529 -0.071784988 -0.010862444 0.997361004 250.082351685
0.997203827 -0.021233061 0.071649767 19.737016678 0.020412117 0.999717593 0.012170641 -24.544593811 -0.071887933 -0.010674088 0.997355580 252.314498901
0.997206569 -0.021208035 0.071619064 20.002763748 0.020334519 0.999709964 0.012903985 -24.750535965 -0.071871951 -0.011411598 0.997348547 254.571746826
0.997170448 -0.022018345 0.071876951 20.246767044 0.021101397 0.999686420 0.013491804 -24.957569122 -0.072151482 -0.011936923 0.997322321 256.794281006
0.997147501 -0.022340519 0.072094709 20.512760162 0.021375384 0.999671578 0.014130965 -25.175691605 -0.072386719 -0.012549605 0.997297704 259.062377930
0.997130632 -0.021807056 0.072491229 20.771331787 0.020881677 0.999690950 0.013498905 -25.373849869 -0.072763190 -0.011946435 0.997277677 261.309020996
0.997117698 -0.021734834 0.072690301 21.034835815 0.020850312 0.999699295 0.012905190 -25.573753357 -0.072948918 -0.011352376 0.997271061 263.555969238
0.997088790 -0.021020414 0.073293775 21.294921875 0.020154819 0.999718308 0.012529693 -25.780158997 -0.073536500 -0.011015995 0.997231662 265.793487549
0.997038305 -0.020415947 0.074147508 21.554056168 0.019559901 0.999733627 0.012253161 -25.975219727 -0.074377909 -0.010766552 0.997172058 268.031585693
0.996911585 -0.020134961 0.075907171 21.812520981 0.019254213 0.999738753 0.012317062 -26.187459946 -0.076135352 -0.010817490 0.997038722 270.281066895
0.996824384 -0.020751553 0.076880120 22.088123322 0.019842314 0.999724090 0.012571857 -26.393182755 -0.077119775 -0.011006456 0.996961057 272.523864746
0.996613264 -0.021470383 0.079380520 22.331487656 0.020497458 0.999704719 0.013051166 -26.590230942 -0.079637304 -0.011379865 0.996758938 274.777740479
0.996523857 -0.021105578 0.080590248 22.609869003 0.020064358 0.999704719 0.013708024 -26.778530121 -0.080855787 -0.012043380 0.996653020 277.017547607
0.996443510 -0.020596974 0.081706010 22.893770218 0.019370520 0.999687910 0.015775003 -26.999483109 -0.082005441 -0.014136212 0.996531606 279.281250000
0.996344507 -0.020486766 0.082933843 23.175050735 0.019141756 0.999672532 0.016980704 -27.202413559 -0.083254561 -0.015331133 0.996410370 281.518890381
0.996262074 -0.019488065 0.084155083 23.448513031 0.018137217 0.999694526 0.016786763 -27.388992310 -0.084456526 -0.015197678 0.996311188 283.781158447
0.996187985 -0.018485470 0.085251339 23.720821381 0.017143903 0.999717832 0.016442031 -27.581058502 -0.085531220 -0.014917813 0.996223807 286.012756348
0.996166229 -0.018238131 0.085557841 24.010305405 0.017032396 0.999745309 0.014801550 -27.762947083 -0.085806012 -0.013287550 0.996223271 288.245056152
0.996120393 -0.019065021 0.085910626 24.287015915 0.017813712 0.999724090 0.015308419 -27.966949463 -0.086178772 -0.013718641 0.996185303 290.470611572
0.995993137 -0.019087970 0.087369092 24.540416718 0.017900292 0.999736667 0.014357165 -28.160205841 -0.087620154 -0.012735704 0.996072531 292.726318359
0.996002257 -0.019656306 0.087138563 24.825063705 0.018564738 0.999738932 0.013319612 -28.352722168 -0.087377623 -0.011648658 0.996107101 294.952606201
0.995979249 -0.019856881 0.087355852 25.106307983 0.018806500 0.999740720 0.012830830 -28.547447205 -0.087588005 -0.011136384 0.996094525 297.184020996
0.995989263 -0.018997902 0.087432601 25.391256332 0.017934855 0.999755561 0.012928108 -28.745002747 -0.087656833 -0.011308166 0.996086538 299.421936035
0.995930851 -0.019051842 0.088083848 25.659873962 0.017869866 0.999739647 0.014187980 -28.954349518 -0.088331223 -0.012556200 0.996012032 301.650970459
0.995939732 -0.019829320 0.087811314 25.954294205 0.018644443 0.999724030 0.014293265 -29.151264191 -0.088070504 -0.012598037 0.996034563 303.898193359
0.995911837 -0.019364789 0.088229552 26.245307922 0.018142458 0.999728262 0.014634931 -29.348150253 -0.088488974 -0.012974402 0.995992601 306.137207031
0.995903373 -0.019770538 0.088236183 26.531349182 0.018560767 0.999722362 0.014510164 -29.552026749 -0.088498577 -0.012812987 0.995993912 308.381042480
0.995858014 -0.020761283 0.088519976 26.822017670 0.019488418 0.999694169 0.015219615 -29.754821777 -0.088808887 -0.013431462 0.995958149 310.646179199
0.995818436 -0.021066384 0.088893957 27.111145020 0.019843141 0.999696136 0.014622189 -29.953765869 -0.089174993 -0.012797109 0.995933771 312.881195068
0.995846152 -0.020961754 0.088605858 27.409585953 0.019679250 0.999688864 0.015323278 -30.154924393 -0.088899493 -0.013515930 0.995948911 315.127929688
0.995797098 -0.019552698 0.089475177 27.696695328 0.018343303 0.999729156 0.014319026 -30.352144241 -0.089730904 -0.012617574 0.995886147 317.363494873
0.995789945 -0.017869279 0.089905813 27.983413696 0.016604755 0.999752700 0.014793334 -30.549179077 -0.090147913 -0.013238188 0.995840311 319.613372803
0.995725393 -0.016351808 0.090905599 28.263647079 0.015113785 0.999783754 0.014290550 -30.748476028 -0.091119617 -0.012855536 0.995756984 321.833343506
0.995692074 -0.015519680 0.091412604 28.548299789 0.014210752 0.999787211 0.014952448 -30.943267822 -0.091625206 -0.013588992 0.995700955 324.070831299
0.995700181 -0.015686290 0.091296569 28.846691132 0.014275267 0.999768615 0.016087959 -31.147148132 -0.091527827 -0.014715503 0.995693803 326.295501709
0.995657921 -0.016303642 0.091648906 29.127426147 0.014926184 0.999765396 0.015695171 -31.343164444 -0.091883279 -0.014259051 0.995667696 328.533935547
0.995647967 -0.017711569 0.091495715 29.424768448 0.016406164 0.999752879 0.014999934 -31.539142609 -0.091738783 -0.013433561 0.995692492 330.762939453
0.995619774 -0.017434534 0.091855079 29.711488724 0.016143609 0.999760449 0.014778311 -31.738056183 -0.092090726 -0.013230707 0.995662689 332.989471436
0.995559216 -0.017583869 0.092480347 29.995794296 0.016188739 0.999743998 0.015814327 -31.930776596 -0.092734747 -0.014246961 0.995588839 335.221038818
0.995585263 -0.017922819 0.092134356 30.298511505 0.016548952 0.999740422 0.015654057 -32.123600006 -0.092391014 -0.014060221 0.995623529 337.454833984
0.995561421 -0.017483065 0.092475295 30.581378937 0.016065141 0.999741971 0.016055299 -32.324138641 -0.092732124 -0.014498407 0.995585501 339.687225342
0.995580494 -0.017442472 0.092277862 30.881841660 0.016067313 0.999748826 0.015624421 -32.521347046 -0.092527218 -0.014072713 0.995610654 341.930847168
0.995581150 -0.017591016 0.092242755 31.174087524 0.016174482 0.999739766 0.016081823 -32.715450287 -0.092501655 -0.014518780 0.995606661 344.181152344
0.995625615 -0.017057125 0.091862313 31.466653824 0.015644263 0.999748290 0.016078457 -32.909225464 -0.092113435 -0.014571005 0.995641887 346.424499512
0.995626807 -0.016605839 0.091931395 31.756429672 0.015198489 0.999756694 0.015987750 -33.104618073 -0.092174508 -0.014520615 0.995637000 348.660491943
0.995587111 -0.016226139 0.092428550 32.049785614 0.014759757 0.999754429 0.016526613 -33.305362701 -0.092674017 -0.015089459 0.995582163 350.899261475
0.995628715 -0.016297011 0.091965891 32.348255157 0.014810467 0.999748707 0.016823495 -33.499664307 -0.092216954 -0.015387898 0.995620012 353.118804932
0.995646775 -0.016240217 0.091780849 32.641479492 0.014795657 0.999756038 0.016397845 -33.696449280 -0.092024766 -0.014968502 0.995644212 355.366821289
0.995658338 -0.016185723 0.091665380 32.933944702 0.014709058 0.999751270 0.016762091 -33.889247894 -0.091913901 -0.015341005 0.995648801 357.602813721
0.995730579 -0.015459953 0.091003247 33.234230042 0.013903063 0.999746382 0.017717242 -34.086811066 -0.091254070 -0.016376376 0.995692968 359.840270996
0.995780945 -0.015572447 0.090430915 33.533950806 0.014007210 0.999741316 0.017917613 -34.285083771 -0.090686545 -0.016575336 0.995741546 362.085021973
0.995814800 -0.015420703 0.090083204 33.829650879 0.013820620 0.999735892 0.018359154 -34.477081299 -0.090342522 -0.017037312 0.995765030 364.322570801
0.995877206 -0.015317068 0.089409269 34.128829956 0.013785293 0.999747813 0.017724643 -34.670883179 -0.089658231 -0.016419033 0.995837271 366.580444336
0.995881379 -0.015901018 0.089260273 34.414962769 0.014380257 0.999740660 0.017654790 -34.866554260 -0.089517877 -0.016298488 0.995851815 368.826202393
0.995879054 -0.015882267 0.089289710 34.698055267 0.014440777 0.999755144 0.016766934 -35.053623199 -0.089534134 -0.015408427 0.995864570 371.079559326
0.995932460 -0.015875975 0.088693559 34.992267609 0.014424860 0.999751806 0.016978122 -35.252353668 -0.088941090 -0.015629670 0.995914280 373.307830811
0.995972574 -0.015607966 0.088289529 35.287696838 0.014085488 0.999741554 0.017841006 -35.443206787 -0.088545181 -0.016525554 0.995935082 375.561614990
0.995930851 -0.015766777 0.088729925 35.564662933 0.014228467 0.999737740 0.017942920 -35.630870819 -0.088989563 -0.016607413 0.995894015 377.805664062
0.995934665 -0.016385535 0.088575959 35.853786469 0.014825261 0.999723554 0.018244458 -35.826385498 -0.088850453 -0.016857125 0.995902300 380.040740967
0.995957971 -0.016653487 0.088263340 36.151313782 0.015100181 0.999719679 0.018237166 -36.011863708 -0.088542312 -0.016830659 0.995930195 382.290588379
0.995962381 -0.015786797 0.088372707 36.443145752 0.014196539 0.999726236 0.018594630 -36.206912994 -0.088642083 -0.017264968 0.995913923 384.541534424
0.995972753 -0.014995676 0.088393219 36.733737946 0.013406802 0.999738157 0.018541489 -36.392448425 -0.088648118 -0.017281746 0.995913088 386.795013428
0.995997965 -0.013989067 0.088274360 37.033184052 0.012396397 0.999750793 0.018564790 -36.593505859 -0.088512063 -0.017396210 0.995923102 389.062896729
0.995982051 -0.012461235 0.088681698 37.318450928 0.010863084 0.999770224 0.018481072 -36.787055969 -0.088891603 -0.017443456 0.995888531 391.340911865
0.995999694 -0.011139004 0.088659137 37.611652374 0.009407646 0.999757409 0.019922212 -36.978164673 -0.088859521 -0.019008445 0.995862782 393.598358154
0.995925844 -0.009965807 0.089623429 37.890819550 0.008179992 0.999761045 0.020271055 -37.167518616 -0.089804038 -0.019455349 0.995769441 395.857757568
0.995876849 -0.009880487 0.090177007 38.183452606 0.008220295 0.999790251 0.018763240 -37.363555908 -0.090343505 -0.017944593 0.995748937 398.121765137
0.995818317 -0.009489060 0.090861797 38.471435547 0.007869027 0.999804020 0.018171296 -37.554538727 -0.091016434 -0.017380314 0.995697677 400.385864258
0.995685697 -0.010658180 0.092175215 38.750263214 0.008893918 0.999769688 0.019529952 -37.747806549 -0.092362158 -0.018625896 0.995551288 402.623291016
0.995676696 -0.011845683 0.092128381 39.054862976 0.010010228 0.999742627 0.020359451 -37.936706543 -0.092345826 -0.019349208 0.995538950 404.909057617
0.995614946 -0.012342471 0.092729226 39.344692230 0.010503451 0.999738872 0.020294100 -38.125499725 -0.092955485 -0.019231129 0.995484471 407.164459229
0.995583296 -0.011060552 0.093228541 39.666702271 0.009288880 0.999768317 0.019416131 -38.310379028 -0.093421690 -0.018464390 0.995455384 409.435302734
0.995533228 -0.010581153 0.093816452 39.965263367 0.008755058 0.999764442 0.019854819 -38.504936218 -0.094004430 -0.018944765 0.995391428 411.693298340
0.995536685 -0.009588296 0.093888402 40.288223267 0.007804375 0.999782443 0.019349234 -38.700393677 -0.094053507 -0.018530130 0.995394707 413.954284668
0.995450616 -0.008615076 0.094888009 40.591857910 0.006797485 0.999787450 0.019461740 -38.890830994 -0.095035501 -0.018728200 0.995297670 416.220306396
0.995393217 -0.008911488 0.095461451 40.897983551 0.007099054 0.999788344 0.019308843 -39.082725525 -0.095613301 -0.018542202 0.995245814 418.471374512
0.995289743 -0.008854056 0.096539170 41.194000244 0.007017917 0.999788284 0.019342605 -39.270523071 -0.096689984 -0.018573998 0.995141208 420.722076416
0.995208263 -0.009196689 0.097344428 41.492469788 0.007363521 0.999789000 0.019174313 -39.464385986 -0.097500250 -0.018365636 0.995066047 422.974365234
0.995151162 -0.009781348 0.097869799 41.802890778 0.007837547 0.999764681 0.020225881 -39.653316498 -0.098044619 -0.019360747 0.994993687 425.241027832
0.995107710 -0.009177518 0.098368183 42.105514526 0.007147096 0.999754488 0.020973599 -39.843734741 -0.098536529 -0.020167943 0.994929075 427.484832764
0.995027602 -0.008340263 0.099250153 42.418216705 0.006222024 0.999746680 0.021632863 -40.029247284 -0.099405445 -0.020907762 0.994827330 429.761016846
0.995032549 -0.008636861 0.099174969 42.734119415 0.006502707 0.999740660 0.021822209 -40.220897675 -0.099337727 -0.021068899 0.994830668 432.034973145
0.994982243 -0.009235782 0.099623814 43.049938202 0.007158812 0.999749959 0.021185510 -40.413459778 -0.099794589 -0.020366022 0.994799614 434.297851562
0.994981527 -0.008468698 0.099699512 43.369552612 0.006368169 0.999751389 0.021368036 -40.588088989 -0.099855654 -0.020625895 0.994788110 436.564697266
0.994926989 -0.008740433 0.100219406 43.685775757 0.006608322 0.999745071 0.021586735 -40.774852753 -0.100382559 -0.020814944 0.994731188 438.849670410
0.994997740 -0.008605883 0.099526636 44.013046265 0.006465085 0.999741197 0.021812359 -40.958889008 -0.099688597 -0.021059796 0.994795799 441.124053955
0.994910240 -0.008532044 0.100403436 44.321357727 0.006239883 0.999713182 0.023121452 -41.162635803 -0.100571916 -0.022377260 0.994678140 443.391845703
0.994889081 -0.009067395 0.100565940 44.644824982 0.006768590 0.999708414 0.023176396 -41.342483521 -0.100746766 -0.022377249 0.994660437 445.664367676
0.994893909 -0.008937671 0.100529633 44.963748932 0.006686254 0.999719620 0.022710251 -41.528816223 -0.100704454 -0.021922126 0.994674861 447.927886963
0.994915843 -0.008451625 0.100354739 45.284832001 0.006232186 0.999729455 0.022408884 -41.715843201 -0.100516997 -0.021669520 0.994699359 450.186218262
0.994856119 -0.007844569 0.100993939 45.597499847 0.005622759 0.999736249 0.022265328 -41.909103394 -0.101141974 -0.021582933 0.994637787 452.448577881
0.994767547 -0.007190534 0.101910837 45.909908295 0.004943446 0.999739408 0.022284986 -42.086120605 -0.102044515 -0.021664593 0.994543850 454.729278564
0.994743764 -0.007699304 0.102105744 46.227035522 0.005451525 0.999736965 0.022275025 -42.281532288 -0.102250390 -0.021601310 0.994524062 457.004180908
0.994743288 -0.006827503 0.102172188 46.550735474 0.004664467 0.999760211 0.021394458 -42.463459015 -0.102293745 -0.020805415 0.994536638 459.282104492
0.994725287 -0.005806978 0.102410167 46.867313385 0.003592646 0.999756038 0.021793406 -42.649780273 -0.102511734 -0.021310531 0.994503498 461.560241699
0.994752884 -0.005427017 0.102162555 47.187572479 0.003085808 0.999729276 0.023060616 -42.833866119 -0.102260038 -0.022624360 0.994500399 463.831024170
0.994776964 -0.005543941 0.101921611 47.498054504 0.003186072 0.999723852 0.023282401 -43.013263702 -0.102022536 -0.022836069 0.994519889 466.093627930
0.994826913 -0.005547016 0.101432547 47.815563202 0.003267792 0.999738753 0.022622710 -43.201370239 -0.101531528 -0.022174226 0.994585156 468.373718262
0.994958639 -0.005996463 0.100106522 48.155208588 0.003780074 0.999743819 0.022315318 -43.391090393 -0.100214712 -0.021824408 0.994726419 470.671936035
0.995015621 -0.006555963 0.099503309 48.469867706 0.004216709 0.999710202 0.023701439 -43.586189270 -0.099629857 -0.023163727 0.994754910 472.949737549
0.995012164 -0.006678095 0.099529579 48.779232025 0.004315222 0.999704123 0.023936810 -43.769218445 -0.099659994 -0.023387926 0.994746625 475.227661133
0.995090425 -0.006654104 0.098746948 49.091281891 0.004352027 0.999714255 0.023510013 -43.941001892 -0.098875158 -0.022964835 0.994834960 477.518646240
0.995136201 -0.006853569 0.098269612 49.408962250 0.004514570 0.999701619 0.024004487 -44.122890472 -0.098404825 -0.023444092 0.994870305 479.801361084
0.995134115 -0.007196338 0.098266557 49.719081879 0.004785920 0.999682367 0.024743102 -44.305023193 -0.098413415 -0.024152409 0.994852483 482.074188232
0.995129645 -0.007625822 0.098279312 50.023506165 0.005291742 0.999698222 0.023988275 -44.485477448 -0.098432578 -0.023351375 0.994869709 484.359039307
0.995254636 -0.008586155 0.096924298 50.352729797 0.006211363 0.999673724 0.024776714 -44.679420471 -0.097105406 -0.024057109 0.994983315 486.671966553
0.995299280 -0.008745413 0.096451163 50.665534973 0.006424485 0.999682903 0.024347601 -44.853130341 -0.096633524 -0.023613499 0.995039821 488.958343506
0.995305419 -0.008240311 0.096431710 50.972415924 0.005870929 0.999674499 0.024828559 -45.031112671 -0.096604921 -0.024145856 0.995029867 491.255920410
0.995345891 -0.007726558 0.096056744 51.280746460 0.005318828 0.999665856 0.025296537 -45.210494995 -0.096220091 -0.024667902 0.995054305 493.537445068
0.995323956 -0.007293595 0.096316472 51.577140808 0.004914997 0.999677598 0.024909852 -45.387920380 -0.096467093 -0.024319980 0.995038986 495.838439941
0.995372891 -0.006962768 0.095834881 51.900310516 0.004639428 0.999690533 0.024444668 -45.575370789 -0.095975414 -0.023886941 0.995097041 498.151885986
0.995395184 -0.006836800 0.095612422 52.205081940 0.004439028 0.999670863 0.025268288 -45.756530762 -0.095753700 -0.024727503 0.995097816 500.446899414
0.995407999 -0.006338045 0.095512852 52.508007050 0.003903633 0.999663234 0.025653118 -45.941181183 -0.095643289 -0.025162470 0.995097518 502.721221924
0.995435119 -0.005407841 0.095287450 52.816429138 0.003041824 0.999683976 0.024958093 -46.123298645 -0.095392294 -0.024554314 0.995136857 505.006347656
0.995416343 -0.005284321 0.095490456 53.116420746 0.002843180 0.999666095 0.025682239 -46.305526733 -0.095594279 -0.025293022 0.995099008 507.294067383
0.995442271 -0.005832420 0.095187612 53.427776337 0.003457055 0.999678969 0.025100414 -46.491111755 -0.095303446 -0.024656940 0.995142996 509.588287354
0.995478332 -0.006337936 0.094777375 53.742958069 0.003898121 0.999656796 0.025905615 -46.676837921 -0.094909020 -0.025419025 0.995161355 511.888305664
0.995491803 -0.006057093 0.094653986 54.049922943 0.003602430 0.999653220 0.026082400 -46.853397369 -0.094779156 -0.025623826 0.995168507 514.198303223
0.995509744 -0.005473116 0.094500661 54.355224609 0.003048145 0.999662757 0.025786199 -47.031600952 -0.094609931 -0.025382362 0.995190799 516.505920410
0.995493472 -0.004688931 0.094714142 54.650928497 0.002281996 0.999672115 0.025504963 -47.212856293 -0.094802670 -0.025173889 0.995177746 518.796142578
0.995413065 -0.002453999 0.095639236 54.952583313 -0.000011945 0.999667764 0.025774708 -47.400035858 -0.095670715 -0.025657622 0.995082319 521.139648438
0.995349228 -0.000539046 0.096330792 55.264522552 -0.001975966 0.999659717 0.026010787 -47.580699921 -0.096312016 -0.026080159 0.995009482 523.472656250
0.995288551 0.000123140 0.096956871 55.576076508 -0.002778094 0.999624848 0.027248325 -47.754467010 -0.096917130 -0.027389303 0.994915485 525.792358398
0.995220423 -0.000533230 0.097652614 55.878044128 -0.002133931 0.999627590 0.027206261 -47.931301117 -0.097630754 -0.027284615 0.994848609 528.093688965
0.995150983 -0.002380120 0.098329976 56.183444977 -0.000424056 0.999594033 0.028487289 -48.105503082 -0.098357856 -0.028390847 0.994746149 530.406494141
0.995099783 -0.003984424 0.098795757 56.505405426 0.001195780 0.999599636 0.028269509 -48.278343201 -0.098868854 -0.028012840 0.994706094 532.727111816
0.995064497 -0.004203442 0.099141017 56.820747375 0.001474345 0.999618411 0.027584640 -48.456058502 -0.099219136 -0.027302328 0.994690955 535.039184570
0.994971037 -0.004417845 0.100066818 57.133686066 0.001670874 0.999619901 0.027518561 -48.634033203 -0.100150369 -0.027212968 0.994600117 537.353759766
0.994868040 -0.003910636 0.101104520 57.443767548 0.001173753 0.999631584 0.027115162 -48.817127228 -0.101173304 -0.026857344 0.994506240 539.661804199
0.994759560 -0.003326745 0.102187566 57.755710602 0.000574107 0.999636471 0.026954718 -48.999370575 -0.102240078 -0.026754800 0.994399905 541.977844238
0.994656622 -0.002843757 0.103198610 58.074638367 0.000181059 0.999667168 0.025801890 -49.175369263 -0.103237629 -0.025645338 0.994325995 544.295104980
0.994539857 -0.002793232 0.104321018 58.391616821 0.000043581 0.999652684 0.026350575 -49.353088379 -0.104358397 -0.026202150 0.994194508 546.614746094
0.994437456 -0.002876528 0.105288982 58.711582184 -0.000023223 0.999620914 0.027529286 -49.539127350 -0.105328262 -0.027378602 0.994060516 548.928649902
0.994360149 -0.002887782 0.106016554 59.033782959 0.000007650 0.999631166 0.027157174 -49.708641052 -0.106055878 -0.027003201 0.993993402 551.234802246
0.994389534 -0.004951705 0.105663933 59.373928070 0.002098026 0.999630511 0.027101217 -49.899257660 -0.105759077 -0.026727485 0.994032502 553.539367676
0.994403124 -0.004904840 0.105538666 59.714294434 0.001996389 0.999615788 0.027646163 -50.078521729 -0.105633736 -0.027280739 0.994030833 555.859252930
0.994318366 -0.004694166 0.106343627 60.038784027 0.001711921 0.999603152 0.028117415 -50.253364563 -0.106433421 -0.027775608 0.993931770 558.160339355
0.994275331 -0.004245346 0.106764108 60.372760773 0.001140155 0.999575019 0.029128840 -50.430122375 -0.106842399 -0.028840359 0.993857622 560.495361328
0.994294763 -0.004914892 0.106553331 60.719608307 0.001725619 0.999548316 0.030002797 -50.606788635 -0.106652647 -0.029647755 0.993854165 562.824279785
0.994237602 -0.004295392 0.107112683 61.055587769 0.000997164 0.999524236 0.030826701 -50.776580811 -0.107194141 -0.030542256 0.993768871 565.149169922
0.994199514 -0.003414127 0.107497372 61.402431488 0.000166068 0.999543548 0.030209707 -50.952690125 -0.107551433 -0.030016622 0.993746281 567.473571777
0.994213939 -0.002498136 0.107388310 61.757266998 -0.000574383 0.999591529 0.028570855 -51.116638184 -0.107415825 -0.028467223 0.993806481 569.804809570
0.994157076 -0.002009634 0.107924052 62.106060028 -0.001128447 0.999578536 0.029007813 -51.294223785 -0.107936852 -0.028960109 0.993735850 572.126342773
0.994171977 -0.002109843 0.107785970 62.452632904 -0.001131995 0.999549031 0.030006582 -51.475028992 -0.107800685 -0.029953718 0.993721128 574.501647949
0.994141400 -0.002049838 0.108067602 62.801074982 -0.001363682 0.999502659 0.031503540 -51.653114319 -0.108078443 -0.031466343 0.993644297 576.809631348
0.994035542 -0.001324046 0.109048732 63.123649597 -0.001967348 0.999545872 0.030069668 -51.831306458 -0.109039038 -0.030104846 0.993581474 579.211120605
0.994094908 -0.001903177 0.108497970 63.476699829 -0.001301276 0.999565244 0.029456232 -51.994255066 -0.108506858 -0.029423473 0.993660092 581.548217773
0.994028449 -0.003005523 0.109079286 63.822334290 -0.000461007 0.999496162 0.031740781 -52.183555603 -0.109119721 -0.031601533 0.993526161 583.871704102
0.994120300 -0.002801633 0.108245611 64.173927307 -0.000619387 0.999501765 0.031557702 -52.349418640 -0.108280107 -0.031439196 0.993623197 586.188354492
0.994066060 -0.005681402 0.108629823 64.536743164 0.002375433 0.999530733 0.030538565 -52.527511597 -0.108752348 -0.030099310 0.993613005 588.568176270
0.994107723 -0.005904435 0.108235724 64.889152527 0.002624341 0.999533653 0.030422524 -52.693313599 -0.108364880 -0.029959222 0.993659794 590.910705566
0.994106054 -0.007699654 0.108138047 65.230781555 0.004374810 0.999511302 0.030949954 -52.866168976 -0.108323522 -0.030294456 0.993654013 593.244384766
0.994157195 -0.008372096 0.107616730 65.588272095 0.005031937 0.999498188 0.031271707 -53.038955688 -0.107824557 -0.030547472 0.993700504 595.598999023
