1.000000000 0.000000000 0.000000000 0.000000000 0.000000000 1.000000000 0.000000000 0.000000000 0.000000000 0.000000000 1.000000000 0.000000000
0.999999940 0.000048272 0.000413377 0.089670300 -0.000048191 1.000000000 -0.000194609 -0.226045340 -0.000413386 0.000194589 0.999999881 2.294583559
0.999999285 0.000371875 0.001136642 0.167830586 -0.000372289 0.999999881 0.000364072 -0.465230584 -0.001136506 -0.000364495 0.999999285 4.585691929
0.999998748 -0.000018132 0.001581571 0.267547190 0.000017362 0.999999881 0.000486872 -0.695958257 -0.001581579 -0.000486844 0.999998569 6.869279861
0.999996901 -0.000265158 0.002453175 0.360788673 0.000268075 0.999999225 -0.001188841 -0.930427969 -0.002452858 0.001189495 0.999996305 9.161798477
0.999989033 0.001486344 0.004445677 0.453118443 -0.001486736 0.999998868 0.000084817 -1.165592432 -0.004445546 -0.000091425 0.999990165 11.466094017
0.999975026 0.003031968 0.006384674 0.566289544 -0.003039452 0.999994636 0.001162757 -1.399131656 -0.006381114 -0.001182133 0.999978960 13.750460625
0.999955237 0.002973987 0.008980297 0.667633057 -0.003009466 0.999987662 0.003939820 -1.629583716 -0.008968469 -0.003966669 0.999951959 16.024591446
0.999946952 0.003233318 0.009774354 0.760768116 -0.003285203 0.999980569 0.005296902 -1.857267380 -0.009757037 -0.005328732 0.999938130 18.306985855
0.999924839 0.002304371 0.012042846 0.859775305 -0.002367906 0.999983251 0.005264074 -2.079193592 -0.012030516 -0.005292195 0.999913633 20.604156494
0.999931335 -0.000029969 0.011711451 0.986457705 -0.000004685 0.999995649 0.002958900 -2.305187225 -0.011711486 -0.002958752 0.999927044 22.898962021
0.999920070 -0.002205817 0.012447876 1.093615532 0.002192419 0.999997020 0.001089899 -2.526574850 -0.012450241 -0.001062521 0.999921918 25.181396484
0.999917984 -0.002498845 0.012559719 1.226749182 0.002489627 0.999996543 0.000749522 -2.775786877 -0.012561549 -0.000718192 0.999920845 27.480752945
0.999895811 -0.002171396 0.014272218 1.321901083 0.002177926 0.999997497 -0.000442083 -2.998595715 -0.014271224 0.000473121 0.999898016 29.766317368
0.999894142 -0.000007779 0.014551552 1.451303720 -0.000030293 0.999996603 0.002616100 -3.230220795 -0.014551522 -0.002616263 0.999890685 32.022865295
0.999898612 0.001926426 0.014107789 1.585909247 -0.001996785 0.999985695 0.004974881 -3.450885534 -0.014098004 -0.005002547 0.999888062 34.301784515
0.999853075 0.003864183 0.016700825 1.687620401 -0.004003029 0.999957621 0.008288314 -3.671809435 -0.016668091 -0.008353950 0.999826193 36.618225098
0.999836326 0.005784051 0.017142516 1.810623407 -0.005915956 0.999953210 0.007653903 -3.887825727 -0.017097441 -0.007754066 0.999823809 38.889705658
0.999803185 0.004896353 0.019226624 1.918817759 -0.005018899 0.999967337 0.006330694 -4.093636513 -0.019195000 -0.006425943 0.999795079 41.186687469
0.999809325 0.002383374 0.019380620 2.045341730 -0.002484832 0.999983251 0.005212614 -4.317636967 -0.019367876 -0.005259777 0.999798536 43.464115143
0.999820769 0.001748188 0.018850317 2.183453083 -0.001823645 0.999990404 0.003986543 -4.540859699 -0.018843170 -0.004020206 0.999814391 45.720016479
0.999820173 0.001137661 0.018929897 2.310922146 -0.001192534 0.999995112 0.002887715 -4.767723560 -0.018926520 -0.002909770 0.999816656 47.986423492
0.999822319 -0.000331988 0.018846123 2.449419737 0.000268839 0.999994338 0.003353205 -4.996725082 -0.018847128 -0.003347543 0.999816775 50.265666962
0.999801815 -0.000923981 0.019886617 2.578145027 0.000851865 0.999993026 0.003634542 -5.220058918 -0.019889837 -0.003616881 0.999795616 52.531303406
0.999791026 -0.002133674 0.020330923 2.712034225 0.002057191 0.999990761 0.003782051 -5.451318264 -0.020338804 -0.003739436 0.999786139 54.813694000
0.999768794 -0.002570278 0.021348486 2.844023943 0.002493352 0.999990225 0.003629167 -5.676058769 -0.021357605 -0.003575098 0.999765635 57.116886139
0.999762595 -0.004106391 0.021398226 2.989324808 0.004017437 0.999983132 0.004198441 -5.900278568 -0.021415105 -0.004111478 0.999762237 59.386020660
0.999717832 -0.005543674 0.023097055 3.110925674 0.005463700 0.999978840 0.003524170 -6.123682499 -0.023116104 -0.003396981 0.999727011 61.657600403
0.999698579 -0.006291681 0.023737138 3.262202263 0.006212017 0.999974847 0.003428400 -6.349563599 -0.023758113 -0.003279912 0.999712288 63.912834167
0.999659300 -0.005838139 0.025440468 3.396081686 0.005736326 0.999975204 0.004073162 -6.571814060 -0.025463616 -0.003925839 0.999668062 66.180511475
0.999636829 -0.004925984 0.026494460 3.542102814 0.004808310 0.999978244 0.004503321 -6.799536705 -0.026516071 -0.004374291 0.999638736 68.431404114
0.999592721 -0.005102215 0.028076956 3.677114487 0.004980522 0.999977887 0.004402469 -7.025576591 -0.028098803 -0.004260838 0.999596059 70.674980164
0.999580741 -0.005979169 0.028330388 3.840053558 0.005896443 0.999978065 0.003002699 -7.249425888 -0.028347725 -0.002834391 0.999594092 72.918876648
0.999566257 -0.006886181 0.028630987 3.993951797 0.006792242 0.999971151 0.003376993 -7.475435734 -0.028653421 -0.003181060 0.999584258 75.184089661
0.999525428 -0.007986031 0.029750895 4.157915115 0.007904788 0.999964654 0.002847378 -7.708375454 -0.029772583 -0.002610852 0.999553204 77.450195312
0.999506533 -0.008676148 0.030190468 4.310048580 0.008601700 0.999959588 0.002594912 -7.934129238 -0.030211760 -0.002333942 0.999540806 79.708282471
0.999476194 -0.009147020 0.031045286 4.459494591 0.009088092 0.999956727 0.002038657 -8.151013374 -0.031062588 -0.001755447 0.999515891 81.964691162
0.999456763 -0.008559623 0.031827006 4.630558014 0.008486653 0.999961019 0.002427033 -8.393314362 -0.031846549 -0.002155611 0.999490440 84.247283936
0.999407291 -0.008260933 0.033418179 4.786847115 0.008170721 0.999962568 0.002835148 -8.610683441 -0.033440351 -0.002560418 0.999437451 86.501411438
0.999406457 -0.007923402 0.033524290 4.957408428 0.007787057 0.999960840 0.004195714 -8.851349831 -0.033556223 -0.003932169 0.999429047 88.776847839
0.999378204 -0.006845252 0.034588303 5.115468025 0.006687423 0.999966800 0.004676719 -9.076354980 -0.034619164 -0.004442505 0.999390721 91.028793335
0.999349415 -0.006981896 0.035383236 5.281930923 0.006824592 0.999966323 0.004564553 -9.297853470 -0.035413913 -0.004320107 0.999363422 93.281677246
0.999331772 -0.007165304 0.035842810 5.451061726 0.007028295 0.999967515 0.003947047 -9.515430450 -0.035869926 -0.003692495 0.999349654 95.535301208
0.999296367 -0.007744905 0.036696963 5.617725849 0.007596023 0.999962330 0.004194749 -9.736133575 -0.036728065 -0.003913046 0.999317646 97.784950256
0.999261975 -0.007440351 0.037682462 5.779484272 0.007298269 0.999965727 0.003906646 -9.970262527 -0.037710238 -0.003628746 0.999282062 100.019538879
0.999189377 -0.007491833 0.039552674 5.934309959 0.007302933 0.999961197 0.004918220 -10.186962128 -0.039587989 -0.004625383 0.999205351 102.242759705
0.999181032 -0.007794418 0.039704807 6.132559776 0.007607385 0.999959171 0.004859495 -10.409809113 -0.039741058 -0.004553464 0.999199629 104.500198364
0.999141455 -0.008533233 0.040540937 6.308885574 0.008304703 0.999948621 0.005802121 -10.629137993 -0.040588368 -0.005460459 0.999161005 106.727180481
0.999103189 -0.009885720 0.041174266 6.495874405 0.009638525 0.999934316 0.006197822 -10.847646713 -0.041232832 -0.005795404 0.999132872 108.966110229
0.999068677 -0.010987010 0.041726582 6.686504364 0.010701375 0.999917746 0.007062613 -11.069396019 -0.041800741 -0.006609505 0.999104083 111.210449219
0.999048054 -0.011511991 0.042075861 6.878298759 0.011283590 0.999920309 0.005661748 -11.290134430 -0.042137690 -0.005181592 0.999098361 113.474136353
0.998998582 -0.011936217 0.043120395 7.059820175 0.011725689 0.999918103 0.005131950 -11.511306763 -0.043178108 -0.004621194 0.999056816 115.714332581
0.998961627 -0.011945853 0.043965340 7.242921352 0.011717301 0.999916494 0.005452538 -11.734431267 -0.044026811 -0.004931720 0.999018192 117.943641663
0.998911500 -0.012087687 0.045052379 7.435309410 0.011819215 0.999910772 0.006220760 -11.951910019 -0.045123551 -0.005681504 0.998965383 120.185989380
0.998888731 -0.012934270 0.045320854 7.640000343 0.012628594 0.999895513 0.007024564 -12.176935196 -0.045406979 -0.006444419 0.998947799 122.390739441
0.998852193 -0.013532985 0.045946036 7.842558861 0.013251497 0.999891460 0.006425530 -12.396684647 -0.046028014 -0.005809302 0.998923242 124.661521912
0.998818398 -0.013776473 0.046605427 8.029837608 0.013526550 0.999892354 0.005673636 -12.620679855 -0.046678573 -0.005036520 0.998897254 126.930084229
0.998803318 -0.015264176 0.046464112 8.223533630 0.014995800 0.999868810 0.006119092 -12.837929726 -0.046551421 -0.005415004 0.998901188 129.192153931
0.998824120 -0.016718412 0.045506913 8.417984962 0.016458523 0.999845982 0.006079734 -13.051306725 -0.045601550 -0.005323607 0.998945534 131.446289062
0.998887062 -0.017011890 0.043993194 8.618601799 0.016713915 0.999834776 0.007132262 -13.265910149 -0.044107262 -0.006389025 0.999006331 133.684020996
0.998939335 -0.018091895 0.042345390 8.814627647 0.017815055 0.999817431 0.006905970 -13.488692284 -0.042462606 -0.006144259 0.999079168 135.929046631
0.999025345 -0.018989405 0.039847221 9.026598930 0.018748129 0.999803603 0.006420023 -13.701648712 -0.039961305 -0.005666706 0.999185205 138.145690918
0.999014676 -0.019560991 0.039838258 9.201221466 0.019318542 0.999792457 0.006461717 -13.925937653 -0.039956391 -0.005685731 0.999185264 140.438430786
0.999001384 -0.019878076 0.040016226 9.371679306 0.019619921 0.999784231 0.006833815 -14.137094498 -0.040143434 -0.006041876 0.999175668 142.668136597
0.999049902 -0.019822832 0.038811769 9.566078186 0.019520763 0.999776185 0.008146538 -14.365563393 -0.038964570 -0.007381162 0.999213457 144.912902832
0.999064863 -0.018792551 0.038937926 9.739737511 0.018529611 0.999803066 0.007102715 -14.579637527 -0.039063729 -0.006374569 0.999216497 147.155731201
0.999082148 -0.017712813 0.038997740 9.922571182 0.017504552 0.999830663 0.005675399 -14.797799110 -0.039091665 -0.004987551 0.999223173 149.401550293
0.999093831 -0.016209183 0.039352924 10.097942352 0.016038520 0.999860585 0.004648627 -15.015905380 -0.039422791 -0.004013252 0.999214590 151.643508911
0.999102950 -0.015335986 0.039472230 10.283555984 0.015160007 0.999873757 0.004753826 -15.231342316 -0.039540149 -0.004151163 0.999209344 153.874343872
0.999083400 -0.014777886 0.040175945 10.463447571 0.014598353 0.999882102 0.004758409 -15.443783760 -0.040241528 -0.004167545 0.999181211 156.124542236
0.999083102 -0.013181391 0.040733181 10.638970375 0.012927812 0.999895334 0.006482550 -15.664423943 -0.040814381 -0.005950016 0.999148965 158.350570679
0.999029398 -0.012486981 0.042241964 10.819128036 0.012191460 0.999899447 0.007246292 -15.879463196 -0.042328201 -0.006724268 0.999081075 160.585250854
0.999008238 -0.010958596 0.043156039 10.994856834 0.010559591 0.999899447 0.009462838 -16.108669281 -0.043255400 -0.008997743 0.999023557 162.856658936
0.998969495 -0.010421571 0.044174295 11.177691460 0.010037986 0.999910057 0.008896387 -16.313377380 -0.044263039 -0.008443799 0.998984158 165.116638184
0.998916090 -0.009753400 0.045513920 11.368435860 0.009409352 0.999925494 0.007767298 -16.527162552 -0.045586288 -0.007330622 0.998933494 167.346740723
0.998869061 -0.007693562 0.046921749 11.570483208 0.007329314 0.999941707 0.007930025 -16.747034073 -0.046980031 -0.007577152 0.998867095 169.588577271
0.998753011 -0.006965272 0.049434189 11.763763428 0.006579536 0.999946594 0.007961458 -16.957889557 -0.049486998 -0.007626276 0.998745680 171.826202393
0.998633683 -0.007326051 0.051740237 11.967435837 0.006940636 0.999946773 0.007624783 -17.172578812 -0.051793344 -0.007255255 0.998631477 174.082992554
0.998552263 -0.007394002 0.053278659 12.174133301 0.006961997 0.999941409 0.008289457 -17.392265320 -0.053336833 -0.007906531 0.998545289 176.331024170
0.998499036 -0.007800074 0.054211687 12.377670288 0.007311488 0.999930918 0.009205067 -17.602382660 -0.054279741 -0.008794881 0.998487055 178.552810669
0.998489559 -0.010220941 0.053982411 12.587997437 0.009756374 0.999913156 0.008862438 -17.821128845 -0.054068305 -0.008322380 0.998502553 180.798446655
0.998447120 -0.011056642 0.054598819 12.789627075 0.010611241 0.999908149 0.008440906 -18.030525208 -0.054687124 -0.007848436 0.998472750 183.048950195
0.998524606 -0.012672214 0.052802037 13.018522263 0.012213976 0.999884963 0.008992092 -18.265090942 -0.052909914 -0.008333904 0.998564541 185.280929565
0.998531044 -0.014587492 0.052180428 13.228807449 0.014100790 0.999853671 0.009683298 -18.475606918 -0.052314050 -0.008933289 0.998590708 187.524154663
0.998553574 -0.015378023 0.051519416 13.439576149 0.014928251 0.999847114 0.009103640 -18.681585312 -0.051651541 -0.008321378 0.998630524 189.769973755
0.998515368 -0.016582631 0.051885575 13.640487671 0.016120775 0.999826670 0.009307371 -18.906566620 -0.052030928 -0.008457116 0.998609662 191.992218018
0.998490512 -0.018171735 0.051830947 13.840038300 0.017744813 0.999804795 0.008685190 -19.117733002 -0.051978648 -0.007752351 0.998618245 194.226516724
0.998503625 -0.017740563 0.051726867 14.049699783 0.017292954 0.999809146 0.009088081 -19.333288193 -0.051878218 -0.008179972 0.998619914 196.467956543
0.998498321 -0.016100666 0.052362952 14.259207726 0.015625466 0.999833047 0.009471934 -19.547740936 -0.052506715 -0.008639514 0.998583198 198.695892334
0.998537898 -0.013208612 0.052417211 14.459494591 0.012739375 0.999875844 0.009276016 -19.774421692 -0.052533235 -0.008594692 0.998582125 200.956893921
0.998501301 -0.012483533 0.053283915 14.668599129 0.012044461 0.999890983 0.008553321 -19.988084793 -0.053384874 -0.007898728 0.998542786 203.215850830
0.998483360 -0.013009117 0.053493712 14.877153397 0.012529443 0.999878287 0.009292545 -20.199335098 -0.053608086 -0.008608205 0.998525083 205.448135376
0.998429537 -0.014491293 0.054114796 15.079540253 0.013989490 0.999855697 0.009640266 -20.408729553 -0.054246694 -0.008868089 0.998488128 207.667190552
0.998418331 -0.014406303 0.054343395 15.307017326 0.013899513 0.999856353 0.009692178 -20.619718552 -0.054475218 -0.008921500 0.998475254 209.938323975
0.998322725 -0.013992366 0.056177001 15.514039040 0.013400085 0.999850750 0.010906046 -20.830907822 -0.056321219 -0.010134978 0.998361170 212.176239014
0.998253584 -0.012652757 0.057703752 15.744870186 0.012035547 0.999866664 0.011031247 -21.037410736 -0.057835642 -0.010317486 0.998272836 214.407669067
0.998031139 -0.011516116 0.061654121 15.916120529 0.010844482 0.999878287 0.011217138 -21.239183426 -0.061775796 -0.010526445 0.998034656 216.661361694
0.997914910 -0.011204628 0.063562855 16.145896912 0.010509368 0.999881327 0.011261986 -21.442926407 -0.063681491 -0.010570497 0.997914433 218.896881104
0.997779191 -0.012330889 0.065456487 16.380435944 0.011569594 0.999861121 0.011996917 -21.645990372 -0.065595329 -0.011212971 0.997783244 221.125534058
0.997688353 -0.013781860 0.066543162 16.615577698 0.012966949 0.999835670 0.012662793 -21.846286774 -0.066706739 -0.011770659 0.997703135 223.345764160
0.997643828 -0.015938709 0.066728815 16.869449615 0.015168590 0.999812543 0.012031855 -22.054693222 -0.066908084 -0.010991327 0.997698545 225.564025879
0.997601509 -0.016871190 0.067133151 17.112331390 0.016130084 0.999803007 0.011566195 -22.250959396 -0.067315072 -0.010455590 0.997676969 227.811080933
0.997563303 -0.017077664 0.067644812 17.351697922 0.016314054 0.999796987 0.011824880 -22.454074860 -0.067833021 -0.010692507 0.997639418 230.049957275
0.997523665 -0.018213741 0.067931056 17.600988388 0.017534552 0.999790251 0.010581141 -22.656230927 -0.068109520 -0.009363799 0.997633934 232.298629761
0.997494280 -0.018895281 0.068176553 17.845920563 0.018140057 0.999767244 0.011679715 -22.858781815 -0.068381369 -0.010413723 0.997604907 234.536636353
0.997433543 -0.017892607 0.069326170 18.106719971 0.017094539 0.999780774 0.012087977 -23.069131851 -0.069527261 -0.010871853 0.997520745 236.795227051
0.997395873 -0.017565126 0.069949135 18.347572327 0.016780617 0.999789834 0.011787304 -23.267158508 -0.070141487 -0.010582820 0.997480929 239.020477295
0.997365832 -0.017668094 0.070351183 18.594907761 0.016850146 0.999783576 0.012203220 -23.474504471 -0.070551567 -0.010985647 0.997447610 241.240570068
0.997317731 -0.017966621 0.070956096 18.842987061 0.017124534 0.999775767 0.012458276 -23.677400589 -0.071164027 -0.011209769 0.997401595 243.478698730
0.997283816 -0.018214792 0.071366400 19.090637207 0.017420042 0.999779284 0.011742851 -23.885440826 -0.071564563 -0.010467750 0.997381032 245.696365356
0.997297645 -0.017633362 0.071319118 19.348100662 0.016883163 0.999795735 0.011108097 -24.091245651 -0.071500421 -0.009873985 0.997391701 247.923690796
0.997258008 -0.018061128 0.071765512 19.599098206 0.017266314 0.999782681 0.011680095 -24.296775818 -0.071960859 -0.010408943 0.997353137 250.157241821
0.997221828 -0.019406850 0.071917042 19.855487823 0.018627647 0.999760449 0.011489703 -24.499931335 -0.072122775 -0.010118137 0.997344434 252.380508423
0.997224033 -0.019543406 0.071848854 20.123291016 0.018707579 0.999749482 0.012287760 -24.708658218 -0.072071001 -0.010909532 0.997339845 254.641845703
0.997176826 -0.020388830 0.072267994 20.362758636 0.019518089 0.999728441 0.012734618 -24.915321350 -0.072508022 -0.011288132 0.997303903 256.859100342
0.997143447 -0.020823814 0.072603345 20.620105743 0.019904315 0.999712527 0.013365382 -25.132453918 -0.072860777 -0.011882083 0.997271299 259.119415283
0.997111022 -0.020456903 0.073151566 20.876268387 0.019566884 0.999725759 0.012862822 -25.332818985 -0.073394664 -0.011394314 0.997237980 261.359832764
0.997091174 -0.020303695 0.073463596 21.139137268 0.019443173 0.999733865 0.012409925 -25.533670425 -0.073696017 -0.010945461 0.997220695 263.611724854
0.997068703 -0.019562868 0.073967926 21.401535034 0.018733222 0.999753773 0.011893556 -25.738994598 -0.074182406 -0.010473035 0.997189701 265.849761963
0.997004032 -0.018978644 0.074983560 21.660772324 0.018130155 0.999763846 0.011980229 -25.940540314 -0.075193226 -0.010584875 0.997112870 268.093444824
0.996856332 -0.018801620 0.076969042 21.907438278 0.017954810 0.999770582 0.011679297 -26.150756836 -0.077170998 -0.010260614 0.996965051 270.340789795
0.996769845 -0.019530367 0.077900030 22.185880661 0.018640121 0.999752522 0.012138962 -26.359485626 -0.078117833 -0.010647685 0.996887207 272.587524414
0.996579885 -0.019867100 0.080211468 22.436353683 0.018932026 0.999743879 0.012401365 -26.554676056 -0.080437303 -0.010840386 0.996700704 274.825164795
0.996463299 -0.019858466 0.081649698 22.712841034 0.018828679 0.999733388 0.013363062 -26.747293472 -0.081893303 -0.011778443 0.996571481 277.064453125
0.996389389 -0.018971022 0.082754441 22.996706009 0.017761942 0.999724746 0.015322340 -26.967628479 -0.083022363 -0.013797138 0.996452153 279.307098389
0.996280372 -0.018893203 0.084074497 23.280124664 0.017571587 0.999710560 0.016431896 -27.171283722 -0.084360600 -0.014893453 0.996324003 281.543701172
0.996235728 -0.017686399 0.084862076 23.564880371 0.016370801 0.999735117 0.016173782 -27.360698700 -0.085125655 -0.014723638 0.996261418 283.801696777
0.996158063 -0.016723609 0.085962892 23.841333389 0.015440688 0.999759555 0.015567475 -27.553249359 -0.086202584 -0.014180340 0.996176720 286.038055420
0.996120512 -0.015925752 0.086546414 24.129817963 0.014809159 0.999798954 0.013528475 -27.727224350 -0.086744435 -0.012194311 0.996155977 288.264739990
0.996065438 -0.016769415 0.087018743 24.406246185 0.015605416 0.999779701 0.014039533 -27.934312820 -0.087234996 -0.012626330 0.996107757 290.490386963
0.996075451 -0.016758587 0.086907081 24.688274384 0.015649283 0.999787331 0.013429976 -28.136718750 -0.087113656 -0.012017236 0.996125996 292.740753174
0.996105790 -0.017317640 0.086448319 24.975822449 0.016280424 0.999786973 0.012688845 -28.335578918 -0.086649649 -0.011232018 0.996175468 294.970733643
0.996100068 -0.017217876 0.086534686 25.257265091 0.016179068 0.999788582 0.012691613 -28.538261414 -0.086734891 -0.011242064 0.996168137 297.201568604
0.996111274 -0.016513046 0.086543195 25.540775299 0.015463629 0.999798715 0.012782349 -28.736347198 -0.086736858 -0.011394368 0.996166110 299.439910889
0.996045709 -0.016556935 0.087285407 25.803865433 0.015430274 0.999789000 0.013566759 -28.941972733 -0.087491602 -0.012166277 0.996090949 301.673370361
0.996043980 -0.016955243 0.087228954 26.093490601 0.015820429 0.999781132 0.013684544 -29.141826630 -0.087441906 -0.012250409 0.996094286 303.927307129
0.996008813 -0.016407344 0.087734260 26.377883911 0.015242876 0.999786854 0.013926267 -29.340066910 -0.087944053 -0.012533363 0.996046543 306.167419434
0.996007621 -0.016817363 0.087668799 26.661321640 0.015644103 0.999778867 0.014052865 -29.549798965 -0.087885752 -0.012625262 0.996050537 308.409454346
0.995962024 -0.017921783 0.087968566 26.949546814 0.016700769 0.999753952 0.014596638 -29.750785828 -0.088208534 -0.013068556 0.996016264 310.664398193
0.995931983 -0.017654698 0.088361628 27.238460541 0.016490638 0.999767601 0.013886583 -29.951145172 -0.088586241 -0.012372953 0.995991647 312.908294678
0.995950639 -0.017318103 0.088217758 27.528799057 0.016094372 0.999764502 0.014564217 -30.153532028 -0.088449195 -0.013085432 0.995994747 315.147155762
0.995891511 -0.015532103 0.089211568 27.810474396 0.014351166 0.999800861 0.013863734 -30.355289459 -0.089409135 -0.012526487 0.995916188 317.379669189
0.995883644 -0.014036478 0.089547306 28.096746445 0.012789394 0.999813259 0.014485192 -30.555595398 -0.089733899 -0.013280313 0.995877147 319.622497559
0.995813370 -0.012529733 0.090546988 28.375068665 0.011316611 0.999839365 0.013898718 -30.753293991 -0.090706602 -0.012815844 0.995795190 321.845092773
0.995762408 -0.011723521 0.091212533 28.656198502 0.010460976 0.999842942 0.014307602 -30.947687149 -0.091365956 -0.013292801 0.995728672 324.086547852
0.995769918 -0.011753090 0.091126755 28.954591751 0.010355830 0.999821663 0.015790854 -31.157167435 -0.091296121 -0.014780364 0.995714009 326.314361572
0.995719969 -0.012512185 0.091570392 29.235435486 0.011127355 0.999816239 0.015618085 -31.358732224 -0.091748975 -0.014532305 0.995676100 328.553497314
0.995709836 -0.013582633 0.091527402 29.531560898 0.012278531 0.999815106 0.014796292 -31.555124283 -0.091711462 -0.013608994 0.995692611 330.786987305
0.995692790 -0.012978507 0.091800146 29.816316605 0.011689892 0.999825597 0.014561003 -31.754655838 -0.091973111 -0.013425155 0.995670974 333.003845215
0.995657027 -0.013303212 0.092141822 30.103754044 0.011921025 0.999808371 0.015534827 -31.948169708 -0.092330813 -0.014368937 0.995624721 335.236694336
0.995695949 -0.013840765 0.091640465 30.408685684 0.012450469 0.999798834 0.015725587 -32.144939423 -0.091839708 -0.014516938 0.995667934 337.468872070
0.995677829 -0.013541499 0.091882184 30.693059921 0.012115519 0.999797642 0.016059741 -32.346382141 -0.092081077 -0.014877129 0.995640397 339.703063965
0.995684266 -0.013514886 0.091816112 30.989789963 0.012130574 0.999804437 0.015618400 -32.544437408 -0.092009246 -0.014437213 0.995653510 341.946594238
0.995693147 -0.013512126 0.091720045 31.280660629 0.012081221 0.999796927 0.016138133 -32.740684509 -0.091919445 -0.014960540 0.995654047 344.192718506
0.995732665 -0.013094072 0.091350779 31.572702408 0.011666606 0.999801576 0.016142758 -32.934799194 -0.091544054 -0.015008122 0.995687842 346.432464600
0.995751083 -0.012782328 0.091194294 31.861982346 0.011369997 0.999807477 0.015989825 -33.129768372 -0.091381140 -0.014885006 0.995704710 348.672698975
0.995701075 -0.012206240 0.091817342 32.149921417 0.010730463 0.999805450 0.016549507 -33.330554962 -0.092001490 -0.015493118 0.995638311 350.911254883
0.995741189 -0.012385465 0.091357231 32.446704865 0.010888765 0.999798536 0.016863229 -33.524929047 -0.091547683 -0.015796645 0.995675385 353.129943848
0.995758414 -0.012007467 0.091219038 32.736297607 0.010562431 0.999811351 0.016307630 -33.720787048 -0.091397621 -0.015274967 0.995697320 355.372009277
0.995782375 -0.011814166 0.090982668 33.026611328 0.010323315 0.999804914 0.016839305 -33.916194916 -0.091163874 -0.015829043 0.995710075 357.607604980
0.995850801 -0.011209747 0.090308025 33.323875427 0.009637387 0.999794602 0.017828401 -34.115310669 -0.090489328 -0.016884094 0.995754302 359.855255127
0.995909691 -0.011229084 0.089653447 33.623344421 0.009659475 0.999792814 0.017922221 -34.312847137 -0.089836113 -0.016982906 0.995811760 362.101928711
0.995970666 -0.011029623 0.088998705 33.921508789 0.009433432 0.999787390 0.018335724 -34.505569458 -0.089182012 -0.017422279 0.995862901 364.341400146
0.996017098 -0.011042043 0.088475861 34.213256836 0.009516638 0.999799013 0.017644240 -34.698673248 -0.088652909 -0.016731976 0.995922029 366.587890625
0.996038914 -0.011671936 0.088149339 34.497718811 0.010163125 0.999794424 0.017545965 -34.894248962 -0.088336013 -0.016580591 0.995952725 368.828948975
0.996031106 -0.011440815 0.088267252 34.780269623 0.010018847 0.999813080 0.016536046 -35.081489563 -0.088439941 -0.015586079 0.995959520 371.096832275
0.996105492 -0.011841657 0.087370023 35.069866180 0.010392557 0.999801219 0.017022025 -35.282123566 -0.087554201 -0.016047737 0.996030509 373.314544678
0.996133149 -0.011605725 0.087086253 35.357398987 0.010094401 0.999791086 0.017774688 -35.471138000 -0.087274365 -0.016826876 0.996042132 375.568542480
0.996094286 -0.011961059 0.087482177 35.632419586 0.010436565 0.999785960 0.017863028 -35.660037994 -0.087677129 -0.016880246 0.996005893 377.822235107
0.996105373 -0.012581410 0.087269962 35.921436310 0.011037979 0.999774516 0.018145779 -35.856079102 -0.087478593 -0.017111830 0.996019363 380.065643311
0.996115506 -0.012865089 0.087111570 36.212356567 0.011328568 0.999771833 0.018110005 -36.041126251 -0.087324694 -0.017052816 0.996033907 382.315979004
0.996128440 -0.012051033 0.087079905 36.502822876 0.010488245 0.999776125 0.018381884 -36.235900879 -0.087281913 -0.017397406 0.996031642 384.569213867
0.996114850 -0.010705354 0.087410733 36.780605316 0.009134036 0.999789774 0.018356502 -36.421348572 -0.087588862 -0.017486770 0.996003330 386.808807373
0.996134758 -0.009905004 0.087278098 37.076854706 0.008328599 0.999795973 0.018407539 -36.624183655 -0.087442614 -0.017609486 0.996013880 389.075561523
0.996107280 -0.008497129 0.087738879 37.356777191 0.006914415 0.999808133 0.018327098 -36.818065643 -0.087877788 -0.017649097 0.995974898 391.354339600
0.996142268 -0.007205985 0.087456718 37.648273468 0.005490514 0.999788225 0.019839808 -37.010761261 -0.087581143 -0.019283090 0.995970666 393.615722656
0.996062219 -0.005950344 0.088456944 37.924453735 0.004186100 0.999788821 0.020116821 -37.202018738 -0.088557974 -0.019667314 0.995876849 395.880279541
0.995994091 -0.005572841 0.089245200 38.207302094 0.003909992 0.999815702 0.018796358 -37.402107239 -0.089333504 -0.018372115 0.995832264 398.143615723
0.995937824 -0.005651928 0.089866243 38.490005493 0.004029599 0.999825776 0.018223904 -37.595108032 -0.089953579 -0.017787751 0.995787024 400.406280518
0.995779097 -0.006706004 0.091537856 38.761737823 0.004894681 0.999788046 0.019997876 -37.790454865 -0.091652542 -0.019465419 0.995600760 402.642852783
0.995798469 -0.007915795 0.091229104 39.063888550 0.006079683 0.999773681 0.020386755 -37.976219177 -0.091369845 -0.019746453 0.995621324 404.922332764
0.995753646 -0.008330519 0.091680422 39.353569031 0.006508167 0.999775648 0.020158278 -38.164268494 -0.091827773 -0.019476002 0.995584428 407.177886963
0.995702744 -0.007267365 0.092320822 39.654689789 0.005511894 0.999799371 0.019255664 -38.349555969 -0.092442229 -0.018664053 0.995543122 409.425018311
0.995659769 -0.006273575 0.092855275 39.957485199 0.004476957 0.999799073 0.019544244 -38.543960571 -0.092959218 -0.019043712 0.995487809 411.682342529
0.995579243 -0.005210957 0.093780920 40.248130798 0.003414565 0.999807715 0.019305494 -38.735671997 -0.093863495 -0.018899929 0.995405674 413.929534912
0.995485485 -0.004005540 0.094829381 40.549404144 0.002196143 0.999813676 0.019177226 -38.923042297 -0.094888516 -0.018882398 0.995308757 416.203125000
0.995447993 -0.004222696 0.095212087 40.859687805 0.002400219 0.999811888 0.019247631 -39.118019104 -0.095275447 -0.018931491 0.995270908 418.459960938
0.995344460 -0.004238714 0.096287854 41.156173706 0.002410133 0.999814689 0.019099144 -39.306198120 -0.096350960 -0.018778164 0.995170414 420.713073730
0.995255947 -0.004338851 0.097194597 41.450927734 0.002509621 0.999817550 0.018934634 -39.501285553 -0.097259015 -0.018600887 0.995085359 422.970947266
0.995175302 -0.004794831 0.097995542 41.757194519 0.002842594 0.999794900 0.020051608 -39.692764282 -0.098071575 -0.019676300 0.994984806 425.239929199
0.995125413 -0.004080689 0.098533973 42.062122345 0.002045878 0.999782860 0.020743083 -39.880912781 -0.098597199 -0.020440377 0.994917452 427.492309570
0.995041370 -0.003195233 0.099409603 42.374511719 0.001077069 0.999771476 0.021353807 -40.066982269 -0.099455103 -0.021140855 0.994817436 429.766601562
0.995056987 -0.003817842 0.099233307 42.690944672 0.001657712 0.999760032 0.021841550 -40.268081665 -0.099292882 -0.021569083 0.994824469 432.028594971
0.994998515 -0.004264226 0.099798724 43.002067566 0.002150991 0.999771416 0.021273002 -40.462696075 -0.099866591 -0.020951945 0.994780362 434.292480469
0.995005667 -0.003504527 0.099756733 43.325889587 0.001381105 0.999771178 0.021347100 -40.637672424 -0.099808730 -0.021102715 0.994782865 436.563964844
0.994968057 -0.004014634 0.100111984 43.644927979 0.001843098 0.999761224 0.021774130 -40.828922272 -0.100175500 -0.021480054 0.994737864 438.850952148
0.995007694 -0.004040037 0.099716425 43.968620300 0.001857333 0.999756813 0.021972256 -41.013084412 -0.099780940 -0.021677356 0.994773269 441.122497559
0.995007396 -0.003564207 0.099737778 44.298042297 0.001256743 0.999730289 0.023188582 -41.220111847 -0.099793531 -0.022947460 0.994743526 443.402130127
0.994964123 -0.004113821 0.100147396 44.615943909 0.001796976 0.999728918 0.023213575 -41.401855469 -0.100215726 -0.022916710 0.994701803 445.683135986
0.994945824 -0.003791067 0.100341454 44.926128387 0.001520871 0.999741316 0.022691542 -41.587554932 -0.100401513 -0.022424251 0.994694293 447.948730469
0.994949698 -0.003077740 0.100327715 45.245555878 0.000838345 0.999749660 0.022355324 -41.774234772 -0.100371428 -0.022158312 0.994703293 450.214721680
0.994897902 -0.002453707 0.100857265 45.558788300 0.000216041 0.999753654 0.022191392 -41.965667725 -0.100886889 -0.022056380 0.994653344 452.478302002
0.994821310 -0.001677179 0.101625264 45.870502472 -0.000584557 0.999752879 0.022221774 -42.142650604 -0.101637445 -0.022166103 0.994574487 454.753692627
0.994803727 -0.001964536 0.101792097 46.181522369 -0.000266725 0.999760091 0.021901537 -42.335037231 -0.101810709 -0.021814883 0.994564533 457.015380859
0.994833589 -0.001047817 0.101513311 46.513057709 -0.001125988 0.999771297 0.021354323 -42.525115967 -0.101512469 -0.021358304 0.994604945 459.301727295
0.994841933 0.000204772 0.101436317 46.835582733 -0.002418501 0.999761581 0.021701340 -42.710075378 -0.101407684 -0.021834727 0.994605303 461.587158203
0.994825482 0.000644323 0.101596110 47.148002625 -0.002998512 0.999730468 0.023021018 -42.895637512 -0.101553902 -0.023206534 0.994559348 463.858093262
0.994867504 0.000475102 0.101184785 47.459068298 -0.002839183 0.999726236 0.023221267 -43.075363159 -0.101146042 -0.023389367 0.994596541 466.123718262
0.995002091 0.000011363 0.099854283 47.785888672 -0.002210787 0.999757290 0.021915708 -43.256893158 -0.099829793 -0.022026932 0.994760692 468.407409668
0.995052040 0.000228599 0.099355072 48.107936859 -0.002399526 0.999760926 0.021731231 -43.451938629 -0.099326372 -0.021862105 0.994814694 470.704376221
0.995119095 -0.000456175 0.098679647 48.419811249 -0.001828434 0.999732375 0.023060106 -43.647293091 -0.098663740 -0.023127982 0.994852126 472.986114502
0.995085120 -0.000728513 0.099020921 48.720767975 -0.001596731 0.999724984 0.023401076 -43.835235596 -0.099010736 -0.023444172 0.994810045 475.265777588
0.995219886 -0.000125586 0.097659312 49.039707184 -0.002078400 0.999745429 0.022466054 -43.999763489 -0.097637266 -0.022561638 0.994966269 477.556762695
0.995235145 -0.000364051 0.097504683 49.352985382 -0.001912763 0.999727726 0.023256317 -44.187171936 -0.097486608 -0.023332004 0.994963288 479.835754395
0.995298922 -0.000786446 0.096848391 49.675548553 -0.001525260 0.999715745 0.023792982 -44.372322083 -0.096839584 -0.023828842 0.995014727 482.105010986
0.995312989 -0.001140910 0.096698582 49.956695557 -0.001132901 0.999724150 0.023456257 -44.567977905 -0.096698664 -0.023455866 0.995037258 484.441680908
0.995371282 -0.001372274 0.096094377 50.270160675 -0.000931179 0.999713480 0.023921784 -44.752861023 -0.096099652 -0.023900541 0.995084763 486.719573975
0.995403707 -0.001128330 0.095761202 50.565071106 -0.001126922 0.999723375 0.023493439 -44.928436279 -0.095761240 -0.023493368 0.995127022 488.985198975
0.995417655 -0.000425037 0.095620841 50.872974396 -0.001860271 0.999714911 0.023809271 -45.106609344 -0.095603667 -0.023878055 0.995133042 491.290252686
0.995481670 0.000259737 0.094953641 51.184310913 -0.002571023 0.999703348 0.024219668 -45.287075043 -0.094919205 -0.024354365 0.995186985 493.573822021
0.995473504 0.000843951 0.095035188 51.478885651 -0.003106292 0.999715269 0.023659877 -45.465354919 -0.094988160 -0.023847990 0.995192647 495.877166748
0.995500445 0.001146544 0.094749689 51.794033051 -0.003379938 0.999720156 0.023414398 -45.658615112 -0.094696313 -0.023629293 0.995225728 498.197479248
0.995528519 0.000972564 0.094456658 52.095535278 -0.003275159 0.999701262 0.024225291 -45.843360901 -0.094404884 -0.024426332 0.995234191 500.491149902
0.995538235 0.001347098 0.094348639 52.394317627 -0.003671099 0.999693990 0.024462819 -46.029228210 -0.094286814 -0.024700036 0.995238602 502.769866943
0.995561838 0.002182682 0.094082892 52.696807861 -0.004436660 0.999707997 0.023754852 -46.212909698 -0.094003551 -0.024066841 0.995280921 505.059234619
0.995553732 0.002418431 0.094162799 52.993469238 -0.004754091 0.999686360 0.024588069 -46.400157928 -0.094073787 -0.024926402 0.995253146 507.349822998
0.995587885 0.001848496 0.093815230 53.298500061 -0.004102559 0.999707401 0.023839431 -46.588569641 -0.093743719 -0.024119135 0.995304108 509.640350342
0.995638371 0.001416870 0.093286887 53.611579895 -0.003721199 0.999692142 0.024532219 -46.775932312 -0.093223408 -0.024772363 0.995337009 511.945526123
0.995642364 0.001814943 0.093236037 53.914291382 -0.004129929 0.999687791 0.024642369 -46.955589294 -0.093162209 -0.024920046 0.995339036 514.248168945
0.995658398 0.002390920 0.093052886 54.215286255 -0.004690172 0.999688983 0.024498234 -47.139541626 -0.092965372 -0.024828307 0.995359719 516.550964355
0.995624125 0.003424660 0.093384787 54.507308960 -0.005711246 0.999690175 0.024229389 -47.326148987 -0.093272872 -0.024656709 0.995335221 518.842895508
0.995601118 0.005006277 0.093559459 54.810684204 -0.007341628 0.999669611 0.024633639 -47.516071320 -0.093405232 -0.025212156 0.995308816 521.186401367
0.995356798 0.006962530 0.096001491 55.089481354 -0.009349964 0.999657512 0.024441322 -47.692604065 -0.095798440 -0.025225444 0.995080948 523.509460449
0.995454490 0.007755805 0.094923280 55.417804718 -0.010262185 0.999610722 0.025944654 -47.880493164 -0.094685107 -0.026800836 0.995146573 525.842651367
0.995359838 0.007403681 0.095937058 55.708148956 -0.009944260 0.999611676 0.026030740 -48.061771393 -0.095707059 -0.026863981 0.995046973 528.141174316
0.995290518 0.005635338 0.096772321 56.005298615 -0.008322041 0.999590397 0.027381999 -48.239940643 -0.096578375 -0.028058393 0.994929790 530.457397461
0.995261550 0.003959241 0.097153358 56.323734283 -0.006617607 0.999612033 0.027055623 -48.416687012 -0.097008541 -0.027570345 0.994901597 532.780456543
0.995230615 0.004222838 0.097458377 56.636512756 -0.006812482 0.999632061 0.026254348 -48.591911316 -0.097311668 -0.026793065 0.994893253 535.097045898
0.995148301 0.003861777 0.098310016 56.947547913 -0.006466857 0.999635935 0.026193766 -48.775543213 -0.098173067 -0.026702438 0.994811058 537.413940430
0.995063543 0.004376901 0.099143058 57.255371094 -0.006942554 0.999649405 0.025548073 -48.957839966 -0.098996490 -0.026110267 0.994745195 539.731201172
0.994959950 0.005221981 0.100136481 57.566905975 -0.007771066 0.999655128 0.025082964 -49.139144897 -0.099970981 -0.025734717 0.994657457 542.057067871
0.994888365 0.005605561 0.100825742 57.890796661 -0.008077644 0.999676287 0.024126830 -49.321331024 -0.100657873 -0.024817936 0.994611502 544.381225586
0.994801700 0.005816184 0.101664446 58.202468872 -0.008345506 0.999665678 0.024471542 -49.506439209 -0.101488121 -0.025192775 0.994517744 546.707885742
0.994715929 0.005783845 0.102502130 58.518798828 -0.008402634 0.999648750 0.025135309 -49.690258026 -0.102320738 -0.025863778 0.994415164 549.026733398
0.994619071 0.005746310 0.103439495 58.830055237 -0.008394304 0.999647677 0.025182365 -49.869255066 -0.103258334 -0.025915165 0.994316936 551.331970215
0.994668663 0.003809268 0.103051983 59.163436890 -0.006408396 0.999669373 0.024902219 -50.069557190 -0.102923065 -0.025429850 0.994364202 553.641906738
0.994714499 0.003632908 0.102614611 59.497528076 -0.006298250 0.999650836 0.025662249 -50.255271912 -0.102485545 -0.026172906 0.994390130 555.955139160
0.994635522 0.003819259 0.103372566 59.814235687 -0.006548378 0.999638557 0.026074301 -50.434455872 -0.103235632 -0.026611349 0.994300902 558.259887695
0.994599581 0.004184865 0.103703670 60.140590668 -0.007048842 0.999603391 0.027265847 -50.616424561 -0.103548437 -0.027849587 0.994234443 560.593811035
0.994610727 0.003750446 0.103611782 60.476375580 -0.006669323 0.999590099 0.027839221 -50.794979095 -0.103464901 -0.028380204 0.994228065 562.927124023
0.994558573 0.004351911 0.104087323 60.803958893 -0.007373205 0.999562025 0.028659394 -50.971492767 -0.103917032 -0.029270906 0.994155109 565.243835449
0.994489551 0.005362367 0.104697831 61.135250092 -0.008360790 0.999566674 0.028220968 -51.154640198 -0.104501121 -0.028940814 0.994103551 567.568725586
0.994482696 0.006429277 0.104703136 61.479045868 -0.009278395 0.999599159 0.026747089 -51.327407837 -0.104489200 -0.027570998 0.994143784 569.905029297
0.994450510 0.006974366 0.104974769 61.819561005 -0.009856292 0.999587893 0.026959812 -51.507003784 -0.104743496 -0.027844857 0.994109392 572.222229004
0.994453192 0.006834185 0.104957908 62.160594940 -0.009847915 0.999553084 0.028222352 -51.697105408 -0.104718126 -0.029099423 0.994076073 574.601867676
0.994471073 0.006752541 0.104793981 62.504890442 -0.009915332 0.999509990 0.029689476 -51.880836487 -0.104542159 -0.030564388 0.994050682 576.913513184
0.994338393 0.007420364 0.106000103 62.822570801 -0.010448020 0.999552310 0.028036064 -52.059410095 -0.105744608 -0.028984826 0.993970752 579.306030273
0.994398415 0.006659556 0.105487064 63.164520264 -0.009634667 0.999569237 0.027719121 -52.229835510 -0.105257042 -0.028580181 0.994034231 581.644897461
0.994366884 0.006037900 0.105820701 63.503559113 -0.009188561 0.999528110 0.029311374 -52.416904449 -0.105593786 -0.030118600 0.993953109 583.977783203
0.994429827 0.006259639 0.105215348 63.842990875 -0.009382634 0.999529123 0.029213209 -52.588195801 -0.104982950 -0.030037683 0.994020283 586.296447754
0.994398117 0.003200597 0.105650909 64.188583374 -0.006213193 0.999583066 0.028197823 -52.773284912 -0.105516590 -0.028696293 0.994003415 588.670593262
0.994437993 0.002959613 0.105282292 64.534439087 -0.005946898 0.999588251 0.028071450 -52.944656372 -0.105155855 -0.028541423 0.994046092 591.021911621
0.994474173 0.001077038 0.104975872 64.872787476 -0.004087211 0.999586403 0.028463995 -53.122329712 -0.104901828 -0.028735768 0.994067252 593.359802246
0.994514406 0.000381953 0.104598843 65.218902588 -0.003411065 0.999579906 0.028781962 -53.301067352 -0.104543924 -0.028980868 0.994097948 595.716369629
