1.000000000 0.000000000 0.000000000 0.000000000 0.000000000 1.000000000 0.000000000 0.000000000 0.000000000 0.000000000 1.000000000 0.000000000
0.999999881 0.000161471 0.000454785 0.086272433 -0.000161426 1.000000000 -0.000097355 -0.226250976 -0.000454801 0.000097282 0.999999881 2.288477182
0.999999046 0.000598977 0.001233376 0.164053738 -0.000599516 0.999999702 0.000436924 -0.463176489 -0.001233114 -0.000437663 0.999999106 4.587457657
0.999998569 0.000190662 0.001679886 0.262675226 -0.000191515 0.999999881 0.000507433 -0.693634689 -0.001679790 -0.000507755 0.999998391 6.878647804
0.999996603 -0.000029063 0.002608992 0.354407251 0.000032274 0.999999344 -0.001230578 -0.925439596 -0.002608955 0.001230658 0.999995768 9.174593925
0.999987304 0.001792802 0.004706175 0.445484936 -0.001793583 0.999998331 0.000161721 -1.161590219 -0.004705878 -0.000170160 0.999988914 11.479637146
0.999964416 0.003781723 0.007540112 0.528419435 -0.003790259 0.999992192 0.001118134 -1.387477517 -0.007535825 -0.001146673 0.999970973 13.790591240
0.999947846 0.003562722 0.009562519 0.640258431 -0.003597142 0.999987245 0.003584724 -1.615707397 -0.009549624 -0.003618935 0.999947846 16.061378479
0.999938428 0.003808168 0.010421994 0.762423635 -0.003856490 0.999981880 0.004620421 -1.843338013 -0.010404209 -0.004660330 0.999935031 18.409080505
0.999933481 0.002915921 0.011160918 0.888788879 -0.002968665 0.999984562 0.004712175 -2.068237782 -0.011147005 -0.004744994 0.999926686 20.691749573
0.999925852 0.000429188 0.012164010 0.999692559 -0.000461590 0.999996364 0.002661048 -2.301692486 -0.012162822 -0.002666466 0.999922454 23.017164230
0.999914587 -0.001823690 0.012935260 1.109731436 0.001812981 0.999998033 0.000839623 -2.524958849 -0.012936765 -0.000816101 0.999915957 25.297939301
0.999913633 -0.002676490 0.012865084 1.247023344 0.002672958 0.999996483 0.000291738 -2.775419712 -0.012865819 -0.000257325 0.999917150 27.619524002
0.999902010 -0.002265021 0.013813416 1.354506254 0.002275239 0.999997079 -0.000724022 -3.001061678 -0.013811737 0.000755380 0.999904275 29.907020569
0.999891520 -0.000370789 0.014723269 1.473646760 0.000348746 0.999998808 0.001499713 -3.231149197 -0.014723809 -0.001494416 0.999890447 32.194202423
0.999890924 0.001618692 0.014678787 1.606108308 -0.001673241 0.999991715 0.003704685 -3.452737570 -0.014672671 -0.003728841 0.999885380 34.475368500
0.999864638 0.003887153 0.015989041 1.723098040 -0.004016436 0.999959469 0.008061535 -3.689645767 -0.015957052 -0.008124664 0.999839664 36.781631470
0.999845743 0.005713401 0.016607042 1.840363026 -0.005839985 0.999954164 0.007583899 -3.907861948 -0.016562952 -0.007679714 0.999833345 39.054107666
0.999816775 0.004428427 0.018624142 1.947242141 -0.004540402 0.999971807 0.005974323 -4.113608837 -0.018597158 -0.006057789 0.999808729 41.355751038
0.999822736 0.001999280 0.018723935 2.072580576 -0.002088763 0.999986589 0.004760780 -4.337414742 -0.018714163 -0.004799047 0.999813378 43.634517670
0.999831676 0.001714183 0.018267380 2.217198849 -0.001789683 0.999989927 0.004117510 -4.565276146 -0.018260138 -0.004149509 0.999824643 45.881843567
0.999825180 0.001069809 0.018667286 2.340473890 -0.001131877 0.999993861 0.003314713 -4.796266556 -0.018663622 -0.003335261 0.999820352 48.156555176
0.999827266 -0.000147345 0.018585071 2.478593349 0.000079488 0.999993324 0.003651830 -5.022986412 -0.018585484 -0.003649721 0.999820590 50.440177917
0.999813080 -0.001122018 0.019306200 2.610301971 0.001046111 0.999991715 0.003941393 -5.245693207 -0.019310465 -0.003920458 0.999805987 52.704570770
0.999803424 -0.002269440 0.019696206 2.743601561 0.002192393 0.999989986 0.003932484 -5.474613190 -0.019704930 -0.003888529 0.999798298 54.987117767
0.999783754 -0.002783980 0.020604396 2.875263453 0.002693736 0.999986649 0.004406293 -5.705715179 -0.020616382 -0.004349838 0.999777973 57.282657623
0.999768615 -0.004276052 0.021082442 3.013783455 0.004168808 0.999978185 0.005128232 -5.930300236 -0.021103911 -0.005039156 0.999764562 59.552207947
0.999719560 -0.005624861 0.023004629 3.135332108 0.005524446 0.999974966 0.004426211 -6.153081417 -0.023028949 -0.004297881 0.999725580 61.820632935
0.999702096 -0.006326457 0.023573296 3.283592939 0.006224961 0.999970973 0.004376449 -6.377519608 -0.023600303 -0.004228402 0.999712467 64.075119019
0.999674737 -0.005794581 0.024833996 3.422552347 0.005675689 0.999972045 0.004855252 -6.598237514 -0.024861436 -0.004712723 0.999679804 66.347694397
0.999656260 -0.004726668 0.025785420 3.570193052 0.004586140 0.999974251 0.005506342 -6.827396870 -0.025810784 -0.005386195 0.999652326 68.610885620
0.999620080 -0.004957588 0.027109928 3.706964731 0.004819323 0.999975085 0.005163151 -7.050399303 -0.027134851 -0.005030537 0.999619126 70.866897583
0.999605119 -0.005768827 0.027499024 3.864466190 0.005666210 0.999976695 0.003808122 -7.272573948 -0.027520349 -0.003650803 0.999614596 73.122871399
0.999587417 -0.006706277 0.027929848 4.020457268 0.006590922 0.999969482 0.004220142 -7.498740196 -0.027957290 -0.004034317 0.999601007 75.404808044
0.999540985 -0.007884082 0.029252417 4.177093506 0.007778948 0.999962747 0.003706076 -7.728512287 -0.029280547 -0.003476822 0.999565244 77.671188354
0.999539733 -0.008688751 0.029070994 4.331619263 0.008588417 0.999956727 0.003574384 -7.958348274 -0.029100796 -0.003323065 0.999570966 79.931221008
0.999508917 -0.009134048 0.029975811 4.477472305 0.009039359 0.999953747 0.003292851 -8.175024986 -0.030004501 -0.003020272 0.999545157 82.185882568
0.999488354 -0.008504358 0.030836897 4.644339085 0.008413083 0.999959826 0.003088513 -8.401126862 -0.030861927 -0.002827499 0.999519646 84.471855164
0.999437451 -0.008271549 0.032500796 4.797920227 0.008158640 0.999960184 0.003605166 -8.619174957 -0.032529324 -0.003337976 0.999465227 86.728996277
0.999437392 -0.007811709 0.032617446 4.968660355 0.007648324 0.999957561 0.005130901 -8.853989601 -0.032656141 -0.004878546 0.999454856 89.012313843
0.999408185 -0.006850041 0.033712760 5.127771854 0.006658049 0.999960959 0.005803955 -9.079131126 -0.033751205 -0.005576059 0.999414682 91.263732910
0.999386549 -0.006624310 0.034387782 5.295473099 0.006429088 0.999962568 0.005784557 -9.299196243 -0.034424812 -0.005559927 0.999391794 93.502525330
0.999366701 -0.006696938 0.034948636 5.464468956 0.006528077 0.999966443 0.004943592 -9.518466949 -0.034980573 -0.004712313 0.999376893 95.743591309
0.999329567 -0.007303288 0.035876520 5.630099297 0.007108962 0.999959290 0.005541073 -9.740675926 -0.035915535 -0.005282313 0.999340832 97.988952637
0.999295771 -0.007038956 0.036856111 5.787745476 0.006856747 0.999963641 0.005067882 -9.968881607 -0.036890447 -0.004811600 0.999307692 100.227188110
0.999241948 -0.007160287 0.038264196 5.945994377 0.006938779 0.999958396 0.005918633 -10.182537079 -0.038304985 -0.005648640 0.999250114 102.462493896
0.999231517 -0.007271261 0.038514212 6.137799740 0.007040566 0.999956489 0.006122088 -10.407567978 -0.038557056 -0.005846221 0.999239266 104.729682922
0.999201238 -0.008078548 0.039136287 6.314185619 0.007826181 0.999947608 0.006597329 -10.619482040 -0.039187528 -0.006285772 0.999212027 106.967285156
0.999177277 -0.009566613 0.039411210 6.496750832 0.009306495 0.999933660 0.006778325 -10.835721016 -0.039473440 -0.006405968 0.999200106 109.225349426
0.999130547 -0.010605305 0.040320214 6.670248985 0.010302439 0.999917150 0.007711922 -11.058099747 -0.040398668 -0.007289819 0.999157071 111.488983154
0.999105752 -0.011501868 0.040686455 6.859798431 0.011251326 0.999916315 0.006381575 -11.277936935 -0.040756460 -0.005918090 0.999151587 113.755882263
0.999052942 -0.011838424 0.041872572 7.037348747 0.011613481 0.999916792 0.005611247 -11.497804642 -0.041935526 -0.005119646 0.999107122 116.011680603
0.999010324 -0.012285717 0.042748410 7.218249798 0.012042313 0.999909818 0.005946753 -11.721899986 -0.042817622 -0.005426078 0.999068141 118.263145447
0.998950243 -0.012220453 0.044148657 7.402218819 0.011926060 0.999904811 0.006925490 -11.944302559 -0.044229090 -0.006391699 0.999000967 120.536125183
0.998939514 -0.013008508 0.044164319 7.606207848 0.012679806 0.999889791 0.007714693 -12.169053078 -0.044259809 -0.007146515 0.998994529 122.745635986
0.998887241 -0.013739039 0.045117047 7.808147907 0.013455699 0.999887824 0.006577880 -12.383772850 -0.045202356 -0.005963478 0.998960018 125.058525085
0.998851299 -0.014147379 0.045780849 7.990619183 0.013885488 0.999885499 0.006033435 -12.608631134 -0.045860957 -0.005390816 0.998933315 127.322967529
0.998834550 -0.015833961 0.045593627 8.181347847 0.015559539 0.999858677 0.006367504 -12.824492455 -0.045688011 -0.005650668 0.998939693 129.584152222
0.998850703 -0.016948448 0.044833090 8.366583824 0.016669735 0.999839306 0.006583326 -13.037970543 -0.044937465 -0.005828404 0.998972774 131.833328247
0.998916090 -0.017280927 0.043220006 8.566635132 0.016956821 0.999825358 0.007854301 -13.256510735 -0.043348178 -0.007112914 0.999034762 134.067153931
0.998984933 -0.018277925 0.041169491 8.768163681 0.017980536 0.999809563 0.007582226 -13.481370926 -0.041300230 -0.006834281 0.999123394 136.309738159
0.999056041 -0.019039238 0.039044160 8.976856232 0.018782081 0.999799430 0.006942567 -13.690915108 -0.039168514 -0.006202683 0.999213338 138.534271240
0.999048650 -0.019622538 0.038945332 9.137512207 0.019355636 0.999786556 0.007218515 -13.910736084 -0.039078668 -0.006457837 0.999215245 140.805709839
0.999037802 -0.019979114 0.039042521 9.302267075 0.019713745 0.999779940 0.007170167 -14.114887238 -0.039177183 -0.006393594 0.999211788 143.035507202
0.999087870 -0.020077884 0.037687335 9.498623848 0.019766219 0.999767423 0.008624244 -14.343048096 -0.037851725 -0.007871442 0.999252319 145.285171509
0.999108255 -0.019109810 0.037649509 9.672130585 0.018841004 0.999794483 0.007481739 -14.555270195 -0.037784744 -0.006765713 0.999262989 147.538116455
0.999127626 -0.017870814 0.037740778 9.852072716 0.017652223 0.999825478 0.006117267 -14.774554253 -0.037843511 -0.005445723 0.999268770 149.804977417
0.999144137 -0.016252754 0.038036481 10.022682190 0.016069323 0.999857724 0.005123181 -14.992966652 -0.038114332 -0.004507575 0.999263227 152.057266235
0.999150693 -0.015369467 0.038231164 10.203870773 0.015179299 0.999871016 0.005259495 -15.209335327 -0.038307063 -0.004674705 0.999255121 154.272552490
0.999144495 -0.014461454 0.038745105 10.389937401 0.014244965 0.999881387 0.005857778 -15.437426567 -0.038825221 -0.005300843 0.999231935 156.591217041
0.999148011 -0.013919709 0.038852055 10.584329605 0.013652983 0.999881387 0.007122130 -15.659723282 -0.038946588 -0.006585615 0.999219537 158.808853149
0.999095738 -0.013277262 0.040391043 10.740407944 0.012955012 0.999882221 0.008229546 -15.882355690 -0.040495556 -0.007698838 0.999150038 161.124328613
0.999061882 -0.012382839 0.041496299 10.920176506 0.011978691 0.999878526 0.009973929 -16.097270966 -0.041614763 -0.009467501 0.999088883 163.362487793
0.999051452 -0.011659831 0.041953187 11.114280701 0.011288110 0.999894977 0.009086391 -16.301372528 -0.042054731 -0.008604202 0.999078274 165.638809204
0.999023020 -0.010946146 0.042815842 11.307579041 0.010621024 0.999913096 0.007813633 -16.512712479 -0.042897649 -0.007351252 0.999052405 167.888748169
0.998947144 -0.009078160 0.044969793 11.485816956 0.008716361 0.999928117 0.008234989 -16.725919724 -0.045041319 -0.007834345 0.998954415 170.121917725
0.998826921 -0.008775205 0.047623701 11.667710304 0.008388357 0.999930203 0.008316780 -16.949262619 -0.047693364 -0.007907539 0.998830736 172.421356201
0.998711526 -0.008981105 0.049945857 11.865912437 0.008593673 0.999931455 0.007966357 -17.161163330 -0.050013982 -0.007526873 0.998720169 174.691635132
0.998627067 -0.009004714 0.051602729 12.069888115 0.008568621 0.999925673 0.008665957 -17.379520416 -0.051676936 -0.008211893 0.998630106 176.952972412
0.998575211 -0.009338425 0.052538496 12.267454147 0.008849621 0.999915361 0.009528716 -17.588445663 -0.052623034 -0.009050194 0.998573422 179.176864624
0.998563290 -0.011275265 0.052384835 12.477235794 0.010807551 0.999899209 0.009203172 -17.809482574 -0.052483328 -0.008623800 0.998584509 181.448776245
0.998519242 -0.012092282 0.053039189 12.672623634 0.011632157 0.999892056 0.008975351 -18.018625259 -0.053141996 -0.008345101 0.998552084 183.694580078
0.998594701 -0.013670022 0.051205296 12.896611214 0.013237514 0.999873877 0.008776275 -18.237909317 -0.051318809 -0.008086110 0.998649716 185.925765991
0.998606145 -0.015383027 0.050488830 13.102889061 0.014913025 0.999841988 0.009672601 -18.452556610 -0.050629642 -0.008906176 0.998677731 188.168899536
0.998624742 -0.016292967 0.049831349 13.312563896 0.015845105 0.999830425 0.009369453 -18.662271500 -0.049975559 -0.008566985 0.998713732 190.407302856
0.998566031 -0.017476588 0.050601102 13.499908447 0.017038424 0.999813616 0.009077778 -18.879644394 -0.050750323 -0.008202599 0.998677611 192.665039062
0.998524308 -0.018583789 0.051029496 13.685186386 0.018167486 0.999797821 0.008609947 -19.087400436 -0.051179189 -0.007670161 0.998659968 194.903564453
0.998558939 -0.018403271 0.050411399 13.915145874 0.017972430 0.999798119 0.008986532 -19.312705994 -0.050566599 -0.008067567 0.998688042 197.174423218
0.998572111 -0.016260304 0.050886042 14.115323067 0.015836280 0.999836504 0.008724953 -19.518093109 -0.051019594 -0.007906649 0.998666346 199.417968750
0.998588920 -0.014413579 0.051111214 14.315044403 0.013998250 0.999866128 0.008474716 -19.732400894 -0.051226519 -0.007747291 0.998656988 201.654937744
0.998566210 -0.013918423 0.051689502 14.523181915 0.013544163 0.999879479 0.007583771 -19.941648483 -0.051788826 -0.006872806 0.998634398 203.918167114
0.998533368 -0.014020577 0.052291870 14.721666336 0.013595767 0.999871612 0.008470731 -20.152034760 -0.052403919 -0.007747359 0.998595893 206.144134521
0.998505175 -0.015893478 0.052295640 14.951231956 0.015479724 0.999845684 0.008307378 -20.371112823 -0.052419603 -0.007485438 0.998597085 208.415908813
0.998451173 -0.015593999 0.053404108 15.155987740 0.015187576 0.999852657 0.008007748 -20.569829941 -0.053521119 -0.007184268 0.998540819 210.656646729
0.998384833 -0.015645515 0.054616582 15.373410225 0.015122518 0.999835849 0.009976044 -20.803756714 -0.054763701 -0.009133989 0.998457491 212.899658203
0.998325884 -0.014202278 0.056069177 15.607347488 0.013638371 0.999852598 0.010427277 -21.015827179 -0.056208994 -0.009645129 0.998372376 215.134841919
0.998157859 -0.012239871 0.059425175 15.814701080 0.011663316 0.999881566 0.010039419 -21.215896606 -0.059541028 -0.009327827 0.998182297 217.410339355
0.998023450 -0.012417912 0.061603665 16.040199280 0.011788101 0.999874532 0.010576532 -21.426174164 -0.061727278 -0.009829436 0.998044610 219.654418945
0.997900128 -0.013824033 0.063279375 16.272472382 0.013155591 0.999853194 0.010967891 -21.630294800 -0.063421711 -0.010112382 0.997935593 221.888473511
0.997793734 -0.015210355 0.064623810 16.502874374 0.014476139 0.999825418 0.011814483 -21.835027695 -0.064792216 -0.010852913 0.997839868 224.121185303
0.997724891 -0.017133700 0.065202259 16.748546600 0.016430803 0.999801159 0.011301275 -22.048549652 -0.065382920 -0.010204239 0.997808099 226.356170654
0.997685075 -0.018292652 0.065496109 16.985473633 0.017609907 0.999784589 0.010986347 -22.251403809 -0.065682948 -0.009807533 0.997792363 228.605789185
0.997636139 -0.018629927 0.066143438 17.222921371 0.017926469 0.999776363 0.011212991 -22.455570221 -0.066337548 -0.010000768 0.997747064 230.844680786
0.997586191 -0.019852405 0.066540949 17.469610214 0.019212035 0.999762893 0.010249901 -22.662576675 -0.066728659 -0.008946773 0.997731030 233.097122192
0.997529268 -0.020812165 0.067099683 17.706407547 0.020095136 0.999733686 0.011343420 -22.865451813 -0.067317910 -0.009967016 0.997681737 235.334609985
0.997575521 -0.020018507 0.066651113 17.988430023 0.019305013 0.999749422 0.011331833 -23.073616028 -0.066861257 -0.010017656 0.997712016 237.607055664
0.997535944 -0.020018712 0.067240335 18.225095749 0.019306127 0.999750495 0.011230820 -23.274669647 -0.067448393 -0.009904996 0.997673512 239.837371826
0.997499645 -0.020156657 0.067736059 18.466959000 0.019407770 0.999743164 0.011695931 -23.484134674 -0.067954414 -0.010352078 0.997634709 242.071746826
0.997455895 -0.020317499 0.068329953 18.707504272 0.019562937 0.999740183 0.011694084 -23.683378220 -0.068549797 -0.010327597 0.997594237 244.314239502
0.997417390 -0.020435547 0.068854704 18.950193405 0.019722613 0.999744773 0.011018150 -23.894752502 -0.069062300 -0.009631700 0.997565806 246.549377441
0.997437954 -0.020023890 0.068677269 19.209144592 0.019369464 0.999760687 0.010181751 -24.103425980 -0.068864718 -0.008825421 0.997586966 248.793045044
0.997410953 -0.020294702 0.068990886 19.456039429 0.019583555 0.999748051 0.010968701 -24.318098068 -0.069196127 -0.009589217 0.997556925 251.039001465
0.997379959 -0.021398384 0.069102712 19.705236435 0.020706501 0.999728203 0.010713260 -24.523761749 -0.069313176 -0.009254314 0.997551978 253.269256592
0.997382641 -0.021195257 0.069129117 19.964731216 0.020457961 0.999726176 0.011356217 -24.729991913 -0.069350906 -0.009912250 0.997543037 255.528991699
0.997333348 -0.022029793 0.069575891 20.201812744 0.021277308 0.999707043 0.011538099 -24.937549591 -0.069809683 -0.010026943 0.997509956 257.752380371
0.997325063 -0.022303632 0.069609523 20.464944839 0.021493731 0.999692559 0.012362467 -25.151504517 -0.069863863 -0.010833230 0.997497678 260.009948730
0.997291446 -0.021789867 0.070249237 20.717042923 0.021021169 0.999710977 0.011663365 -25.351774216 -0.070483088 -0.010155055 0.997461200 262.259033203
0.997274101 -0.021786755 0.070496179 20.974536896 0.021057695 0.999716997 0.011068624 -25.554065704 -0.070717372 -0.009553964 0.997450650 264.518402100
0.997257113 -0.020989008 0.070975766 21.230772018 0.020294793 0.999739051 0.010488166 -25.762601852 -0.071177378 -0.009018959 0.997422814 266.758270264
0.997195780 -0.020353239 0.072015464 21.484840393 0.019635055 0.999750316 0.010666654 -25.967163086 -0.072214574 -0.009222715 0.997346461 269.007202148
0.997062564 -0.020049067 0.073920213 21.727008820 0.019358892 0.999762118 0.010041525 -26.177951813 -0.074103959 -0.008581014 0.997213602 271.255126953
0.996994019 -0.020811338 0.074631102 21.999906540 0.020075507 0.999742329 0.010596247 -26.392042160 -0.074832387 -0.009066138 0.997154951 273.503662109
0.996794581 -0.021180008 0.077148780 22.245122910 0.020401325 0.999732733 0.010867623 -26.589698792 -0.077358358 -0.009258850 0.996960342 275.755249023
0.996659517 -0.021117521 0.078890257 22.510297775 0.020241089 0.999724388 0.011892777 -26.787181854 -0.079119667 -0.010256225 0.996812284 277.997375488
0.996625185 -0.020368611 0.079519592 22.795389175 0.019366084 0.999723196 0.013358369 -27.006456375 -0.079769656 -0.011773302 0.996743798 280.251739502
0.996550798 -0.020097671 0.080514453 23.075180054 0.018977758 0.999712527 0.014650714 -27.215709686 -0.080785759 -0.013072195 0.996645749 282.489776611
0.996448040 -0.019239089 0.081984475 23.344535828 0.018148948 0.999736965 0.014021495 -27.405687332 -0.082232662 -0.012483759 0.996534944 284.749603271
0.996360898 -0.018306423 0.083245642 23.613458633 0.017251424 0.999761701 0.013375043 -27.602430344 -0.083470635 -0.011890263 0.996439278 286.986419678
0.996331096 -0.017566599 0.083760224 23.893852234 0.016544545 0.999780178 0.012880723 -27.803031921 -0.083968103 -0.011447689 0.996402621 289.231811523
0.996262550 -0.018371562 0.084400497 24.164424896 0.017330399 0.999764621 0.013052176 -28.008281708 -0.084620416 -0.011540700 0.996346474 291.459289551
0.996192932 -0.018197948 0.085254699 24.425676346 0.017163783 0.999770164 0.012847649 -28.218576431 -0.085468911 -0.011335446 0.996276379 293.721252441
0.996208787 -0.018855937 0.084926546 24.707244873 0.017907843 0.999768615 0.011911791 -28.416835785 -0.085131526 -0.010345778 0.996316016 295.952453613
0.996192753 -0.018897483 0.085104682 24.984981537 0.017969599 0.999770582 0.011655820 -28.617839813 -0.085305423 -0.010082149 0.996303797 298.189788818
0.996189177 -0.018177284 0.085303478 25.263740540 0.017236482 0.999782383 0.011752483 -28.818243027 -0.085498534 -0.010237365 0.996285737 300.428955078
0.996168315 -0.018140981 0.085553668 25.532625198 0.017098339 0.999770522 0.012904071 -29.029144287 -0.085768133 -0.011391803 0.996249914 302.670562744
0.996166408 -0.018815629 0.085430898 25.817256927 0.017758716 0.999756277 0.013114772 -29.231058121 -0.085656844 -0.011547352 0.996257782 304.917480469
0.996145189 -0.018192103 0.085812330 26.101684570 0.017082661 0.999760985 0.013645403 -29.435766220 -0.086040065 -0.012126901 0.996217787 307.166961670
0.996143460 -0.019048668 0.085646838 26.384349823 0.017950699 0.999746740 0.013571705 -29.642696381 -0.085883677 -0.011981944 0.996233106 309.422790527
0.996103883 -0.020350052 0.085807741 26.668386459 0.019215666 0.999716938 0.014025439 -29.841938019 -0.086068869 -0.012321942 0.996212900 311.680206299
0.996068895 -0.020209262 0.086245999 26.949869156 0.019118071 0.999726593 0.013459487 -30.045173645 -0.086494431 -0.011757718 0.996182978 313.921600342
0.996084750 -0.019951893 0.086122878 27.240642548 0.018803371 0.999723375 0.014126617 -30.248439789 -0.086380892 -0.012451908 0.996184349 316.174285889
0.996045768 -0.018246504 0.086947449 27.522466660 0.017157640 0.999764919 0.013254162 -30.450935364 -0.087168843 -0.011709939 0.996124864 318.423614502
0.996031702 -0.016343202 0.087485880 27.801071167 0.015193806 0.999789417 0.013787926 -30.651243210 -0.087692820 -0.012403968 0.996070325 320.674163818
0.995967507 -0.015102156 0.088434488 28.078155518 0.013960987 0.999811411 0.013508460 -30.853275299 -0.088621818 -0.012219355 0.995990336 322.905212402
0.995916009 -0.014323900 0.089140937 28.356014252 0.013127434 0.999815881 0.013994019 -31.049179077 -0.089324996 -0.012766675 0.995920718 325.142974854
0.995926499 -0.014138060 0.089053310 28.652240753 0.012812652 0.999798715 0.015437409 -31.259628296 -0.089253642 -0.014233516 0.995907247 327.369293213
0.995887399 -0.014686696 0.089400165 28.933732986 0.013361342 0.999792039 0.015405390 -31.465381622 -0.089607827 -0.014147529 0.995876670 329.612487793
0.995898485 -0.016048374 0.089042857 29.232042313 0.014814112 0.999785066 0.014505055 -31.661022186 -0.089256480 -0.013126471 0.995922148 331.850708008
0.995905042 -0.015914500 0.088992126 29.516992569 0.014686950 0.999787986 0.014431774 -31.863477707 -0.089202940 -0.013065655 0.995927751 334.068054199
0.995871782 -0.016139068 0.089324713 29.801092148 0.014804173 0.999768913 0.015586739 -32.058261871 -0.089555606 -0.014200016 0.995880604 336.299407959
0.995942831 -0.016844364 0.088396937 30.106895447 0.015548210 0.999761522 0.015331089 -32.250797272 -0.088634104 -0.013894473 0.995967269 338.537322998
0.995940685 -0.016805151 0.088430546 30.389522552 0.015479922 0.999757707 0.015650695 -32.453308105 -0.088672154 -0.014218263 0.995959401 340.782592773
0.995983183 -0.016924873 0.087926105 30.686122894 0.015624269 0.999758422 0.015459276 -32.654018402 -0.088166505 -0.014023402 0.996007025 343.025848389
0.996004879 -0.017197967 0.087626956 30.972370148 0.015853981 0.999746084 0.016010601 -32.849849701 -0.087880045 -0.014557400 0.996024668 345.267761230
0.996036232 -0.016809050 0.087344944 31.257671356 0.015458494 0.999750614 0.016115835 -33.044300079 -0.087594047 -0.014701733 0.996047735 347.507781982
0.996082962 -0.016717594 0.086828858 31.543670654 0.015381176 0.999753058 0.016037729 -33.239719391 -0.087075539 -0.014639379 0.996094108 349.748565674
0.996099532 -0.016381552 0.086702131 31.825634003 0.014987269 0.999748230 0.016707892 -33.441452026 -0.086953990 -0.015343295 0.996094108 351.992156982
0.996136069 -0.016661016 0.086228669 32.107860565 0.015248307 0.999738872 0.017016163 -33.632942200 -0.086489655 -0.015635572 0.996129990 354.219726562
0.996166706 -0.016231457 0.085956283 32.388584137 0.014864371 0.999753058 0.016520683 -33.828449249 -0.086203210 -0.015179668 0.996161938 356.457061768
0.996224165 -0.016501419 0.085235760 32.676475525 0.015116112 0.999743402 0.016872592 -34.021583557 -0.085492320 -0.015520449 0.996217966 358.689636230
0.996271968 -0.016194675 0.084734030 32.963027954 0.014737913 0.999733150 0.017789584 -34.217887878 -0.084999517 -0.016474461 0.996244788 360.932067871
0.996332586 -0.016356383 0.083988339 33.251907349 0.014910802 0.999730170 0.017810268 -34.414154053 -0.084256992 -0.016492613 0.996307552 363.180999756
0.996386707 -0.016325092 0.083348006 33.537799835 0.014853718 0.999723196 0.018243153 -34.606269836 -0.083622761 -0.016939208 0.996353447 365.422515869
0.996429622 -0.016413528 0.082817033 33.818027496 0.015011037 0.999733686 0.017529190 -34.798942566 -0.083082691 -0.016223438 0.996410549 367.681793213
0.996436477 -0.017113652 0.082592197 34.091773987 0.015729263 0.999725163 0.017383417 -34.993682861 -0.082866989 -0.016022356 0.996431828 369.934631348
0.996442795 -0.017362684 0.082464717 34.368583679 0.016063282 0.999736488 0.016394537 -35.180709839 -0.082727633 -0.015011562 0.996459186 372.188781738
0.996505618 -0.016903672 0.081796974 34.645847321 0.015616927 0.999744356 0.016345311 -35.377490997 -0.082052357 -0.015010776 0.996514976 374.445831299
0.996586919 -0.016813369 0.080819696 34.929233551 0.015488260 0.999735594 0.016994940 -35.570091248 -0.081084065 -0.015685178 0.996583819 376.691986084
0.996508896 -0.016700432 0.081799470 35.193233490 0.015314711 0.999728858 0.017538717 -35.763507843 -0.082070217 -0.016224753 0.996494412 378.950775146
0.996508658 -0.017368248 0.081664398 35.468013763 0.015961753 0.999713361 0.017844364 -35.961082458 -0.081950925 -0.016478550 0.996500134 381.192260742
0.996524274 -0.017305741 0.081484899 35.748172760 0.015907712 0.999715447 0.017774981 -36.146488190 -0.081769325 -0.016416965 0.996516049 383.452972412
0.996540964 -0.016389828 0.081469551 36.027667999 0.014977074 0.999727190 0.017921885 -36.340713501 -0.081741057 -0.016639719 0.996514678 385.707031250
0.996555209 -0.015524128 0.081466042 36.306316376 0.014105376 0.999739170 0.017962007 -36.527084351 -0.081723638 -0.016751023 0.996514261 387.972900391
0.996584415 -0.014334211 0.081326246 36.587898254 0.012910160 0.999754429 0.018009270 -36.727432251 -0.081564434 -0.016897822 0.996524811 390.245178223
0.996574819 -0.012737708 0.081709281 36.859470367 0.011301394 0.999773800 0.018016836 -36.924118042 -0.081920296 -0.017031694 0.996493459 392.528717041
0.996604562 -0.011403412 0.081543520 37.137939453 0.009849400 0.999762595 0.019434376 -37.115486145 -0.081745781 -0.018565232 0.996480286 394.790588379
0.996544302 -0.010285053 0.082423910 37.402767181 0.008684656 0.999767184 0.019751735 -37.305664062 -0.082607880 -0.018967655 0.996401608 397.057617188
0.996505022 -0.009933216 0.082940109 37.678749084 0.008447403 0.999797821 0.018246034 -37.503009796 -0.083104588 -0.017481636 0.996387482 399.325775146
0.996419549 -0.009475091 0.084012419 37.948585510 0.008011138 0.999810457 0.017745463 -37.697296143 -0.084164634 -0.017008893 0.996306658 401.591674805
0.996360540 -0.010985600 0.084527962 38.218994141 0.009431360 0.999779403 0.018764706 -37.889461517 -0.084715471 -0.017899204 0.996244371 403.871917725
0.996312976 -0.012440119 0.084886149 38.501476288 0.010774872 0.999741018 0.020047462 -38.083164215 -0.085113555 -0.019058909 0.996188939 406.124206543
0.996262610 -0.013388855 0.085331552 38.774555206 0.011728809 0.999732673 0.019925807 -38.272369385 -0.085575514 -0.018850500 0.996153355 408.394378662
0.996245325 -0.013217199 0.085560530 39.067123413 0.011669965 0.999759674 0.018558491 -38.457637787 -0.085785270 -0.017490324 0.996160090 410.662994385
0.996183634 -0.011455444 0.086526752 39.359104156 0.009850519 0.999771833 0.018952560 -38.660881042 -0.086724125 -0.018027896 0.996069252 412.933776855
0.996109605 -0.010049073 0.087548412 39.635623932 0.008437373 0.999788344 0.018759906 -38.851425171 -0.087718405 -0.017948242 0.995983601 415.175842285
0.996019304 -0.008744497 0.088707685 39.923339844 0.007088523 0.999795020 0.018965656 -39.042057037 -0.088855356 -0.018261354 0.995877087 417.448455811
0.995962560 -0.008856358 0.089331672 40.215717316 0.007213025 0.999799073 0.018701924 -39.233409882 -0.089479372 -0.017982062 0.995826304 419.701812744
0.995855749 -0.008671461 0.090532236 40.497833252 0.007009147 0.999801278 0.018663393 -39.420429230 -0.090676077 -0.017951490 0.995718658 421.955596924
0.995779276 -0.008711469 0.091365732 40.784240723 0.007065047 0.999807000 0.018328123 -39.613330841 -0.091507770 -0.017605264 0.995648742 424.217041016
0.995726764 -0.009259105 0.091882430 41.081684113 0.007503096 0.999782920 0.019438555 -39.804981232 -0.092042476 -0.018666092 0.995580137 426.491638184
0.995678425 -0.008201241 0.092504859 41.375282288 0.006371357 0.999778509 0.020059502 -39.993789673 -0.092648871 -0.019383436 0.995510161 428.750122070
0.995598018 -0.007306030 0.093442097 41.673782349 0.005392380 0.999770939 0.020715661 -40.182025909 -0.093572028 -0.020120591 0.995409250 431.026794434
0.995636106 -0.007893365 0.092987627 41.986370087 0.005981789 0.999765396 0.020818140 -40.378242493 -0.093130141 -0.020171057 0.995449603 433.318664551
0.995590746 -0.008583725 0.093409590 42.289672852 0.006732096 0.999774933 0.020119777 -40.573295593 -0.093561284 -0.019402221 0.995424449 435.586090088
0.995577693 -0.007573844 0.093636006 42.591831207 0.005706421 0.999779880 0.020195112 -40.748523712 -0.093768343 -0.019571479 0.995401621 437.853454590
0.995523810 -0.008074162 0.094165146 42.891643524 0.006160637 0.999768913 0.020593977 -40.940338135 -0.094309673 -0.019921677 0.995343566 440.141326904
0.995569348 -0.008119191 0.093679510 43.203613281 0.006192584 0.999763727 0.020838346 -41.127162933 -0.093826562 -0.020165900 0.995384336 442.418975830
0.995517790 -0.007507299 0.094276130 43.498497009 0.005465945 0.999745369 0.021892512 -41.327056885 -0.094416484 -0.021279076 0.995305359 444.684906006
0.995498061 -0.008006947 0.094442941 43.807762146 0.005954104 0.999740243 0.021998147 -41.509860992 -0.094594531 -0.021336790 0.995287180 446.961364746
0.995483160 -0.007772146 0.094619647 44.108295441 0.005770418 0.999754071 0.021410793 -41.696575165 -0.094762795 -0.020768093 0.995283186 449.226257324
0.995508671 -0.007121949 0.094401985 44.415294647 0.005155855 0.999764979 0.021054398 -41.886234283 -0.094529770 -0.020473113 0.995311618 451.490295410
0.995438635 -0.006569178 0.095177397 44.713443756 0.004614162 0.999774098 0.020746315 -42.079147339 -0.095292203 -0.020212516 0.995244145 453.751495361
0.995355725 -0.006045438 0.096074820 45.013137817 0.004058373 0.999774098 0.020864449 -42.260501862 -0.096179239 -0.020377642 0.995155394 456.029418945
0.995316923 -0.006063778 0.096475191 45.311954498 0.004100163 0.999780655 0.020538816 -42.454818726 -0.096578568 -0.020047065 0.995123446 458.299011230
0.995340109 -0.005218233 0.096285015 45.628093719 0.003328434 0.999798894 0.019777317 -42.643882751 -0.096368849 -0.019364674 0.995157301 460.585662842
0.995312035 -0.004128848 0.096628696 45.930572510 0.002177459 0.999791741 0.020291455 -42.835720062 -0.096692368 -0.019985925 0.995113611 462.867523193
0.995314777 -0.003537445 0.096622325 46.236873627 0.001466791 0.999767900 0.021493012 -43.022071838 -0.096675940 -0.021250585 0.995089054 465.144409180
0.995347977 -0.003725098 0.096273273 46.536746979 0.001633768 0.999761164 0.021792550 -43.206176758 -0.096331470 -0.021533884 0.995116293 467.412567139
0.995470941 -0.003952709 0.094983958 46.854759216 0.002019492 0.999789000 0.020440623 -43.390327454 -0.095044717 -0.020156233 0.995268941 469.696502686
0.995555580 -0.004084220 0.094086751 47.172798157 0.002186285 0.999792218 0.020266434 -43.584762573 -0.094149984 -0.019970667 0.995357692 471.987915039
0.995640635 -0.004269327 0.093174405 47.476406097 0.002300535 0.999772012 0.021227360 -43.777004242 -0.093243793 -0.020920472 0.995423496 474.271972656
0.995605886 -0.004458085 0.093536295 47.763141632 0.002474784 0.999769866 0.021308824 -43.965934753 -0.093609765 -0.020983713 0.995387852 476.550842285
0.995716274 -0.004150027 0.092369549 48.066028595 0.002202084 0.999773264 0.021180522 -44.148075104 -0.092436522 -0.020886384 0.995499432 478.841827393
0.995747566 -0.004192981 0.092026770 48.368553162 0.002215136 0.999764562 0.021583684 -44.334720612 -0.092095613 -0.021288054 0.995522499 481.126586914
0.995795488 -0.004471721 0.091494724 48.674877167 0.002465900 0.999754369 0.022024114 -44.520965576 -0.091570735 -0.021705892 0.995562077 483.402374268
0.995788336 -0.004875286 0.091551922 48.962726593 0.002962411 0.999774635 0.021018155 -44.704963684 -0.091633759 -0.020658419 0.995578408 485.691345215
0.995879769 -0.005693180 0.090504020 49.268146515 0.003691754 0.999745250 0.022266263 -44.910644531 -0.090607733 -0.021840405 0.995647073 488.010192871
0.995943666 -0.006113629 0.089771613 49.566761017 0.004098959 0.999735951 0.022609428 -45.094429016 -0.089886136 -0.022149744 0.995705724 490.292663574
0.995926499 -0.005332099 0.090011127 49.840171814 0.003326974 0.999743283 0.022411775 -45.279296875 -0.090107538 -0.022021016 0.995688558 492.596527100
0.995973170 -0.004779621 0.089525931 50.142692566 0.002735393 0.999733031 0.022942701 -45.464904785 -0.089611679 -0.022605427 0.995720208 494.892120361
0.995984316 -0.004329240 0.089422621 50.427211761 0.002317428 0.999742150 0.022589380 -45.648590088 -0.089497358 -0.022291435 0.995737553 497.191497803
0.996007562 -0.004215947 0.089169078 50.729812622 0.002234460 0.999748588 0.022309847 -45.844123840 -0.089240722 -0.022021532 0.995766640 499.509704590
0.996055186 -0.004272309 0.088632993 51.023376465 0.002235569 0.999731421 0.023066033 -46.029468536 -0.088707723 -0.022776898 0.995797217 501.802917480
0.996058285 -0.003970549 0.088611804 51.308036804 0.001899990 0.999723434 0.023438767 -46.219482422 -0.088680349 -0.023178015 0.995790541 504.081176758
0.996069551 -0.003020505 0.088522799 51.596958160 0.001022882 0.999743938 0.022602877 -46.404525757 -0.088568419 -0.022423489 0.995817602 506.372650146
0.996063173 -0.002736664 0.088603735 51.884170532 0.000673817 0.999728143 0.023303274 -46.592605591 -0.088643409 -0.023151824 0.995794296 508.665069580
0.996106744 -0.003120146 0.088100106 52.184631348 0.001152478 0.999748945 0.022376487 -46.780731201 -0.088147819 -0.022187838 0.995860219 510.959045410
0.996156931 -0.003536298 0.087514438 52.486091614 0.001509528 0.999729335 0.023214616 -46.971576691 -0.087572858 -0.022993293 0.995892704 513.262329102
0.996169209 -0.003293442 0.087384447 52.777137756 0.001239310 0.999721825 0.023550676 -47.154945374 -0.087437704 -0.023352157 0.995896220 515.563232422
0.996190131 -0.002763749 0.087163992 53.067153931 0.000736382 0.999728620 0.023282805 -47.339454651 -0.087204680 -0.023129916 0.995921791 517.871398926
0.996170282 -0.001826495 0.087415047 53.347061157 -0.000180903 0.999736547 0.022950565 -47.525386810 -0.087433942 -0.022878485 0.995907545 520.172607422
0.996144831 -0.000309865 0.087722860 53.640502930 -0.001715054 0.999733865 0.023006832 -47.714710236 -0.087706633 -0.023068586 0.995879173 522.526245117
0.996000051 0.002001520 0.089331143 53.913642883 -0.004098288 0.999720156 0.023294607 -47.900512695 -0.089259528 -0.023567533 0.995729446 524.850891113
0.995998204 0.002893076 0.089326367 54.222312927 -0.005094611 0.999688625 0.024427833 -48.085475922 -0.089227878 -0.024785157 0.995702922 527.197875977
0.995931625 0.002459684 0.090078577 54.509815216 -0.004687081 0.999688268 0.024524096 -48.270755768 -0.089990169 -0.024846528 0.995632648 529.512878418
0.995883286 0.000604702 0.090642221 54.800025940 -0.002961756 0.999660909 0.025871683 -48.450519562 -0.090595841 -0.026033638 0.995547414 531.826049805
0.995834947 -0.000946167 0.091169521 55.105117798 -0.001388807 0.999672711 0.025544504 -48.629642487 -0.091163844 -0.025564728 0.995507658 534.148132324
0.995801270 -0.000718351 0.091538794 55.403800964 -0.001560726 0.999690652 0.024823371 -48.808601379 -0.091528311 -0.024862016 0.995491982 536.469238281
0.995724976 -0.000918349 0.092363290 55.703758240 -0.001350603 0.999698877 0.024500012 -48.990486145 -0.092357978 -0.024520017 0.995423913 538.791320801
0.995653987 -0.000452369 0.093128756 56.000827789 -0.001788587 0.999710858 0.023978107 -49.178825378 -0.093112677 -0.024040466 0.995365322 541.105224609
0.995565355 0.000297681 0.094073117 56.300724030 -0.002523686 0.999719620 0.023544427 -49.363853455 -0.094039723 -0.023677420 0.995286822 543.428466797
0.995501578 0.000645869 0.094742127 56.612365723 -0.002789832 0.999742866 0.022498742 -49.548362732 -0.094703227 -0.022661850 0.995247543 545.754760742
0.995388389 0.000909641 0.095922060 56.904815674 -0.003131257 0.999730229 0.023012655 -49.736747742 -0.095875248 -0.023206890 0.995122790 548.084228516
0.995326042 0.000904519 0.096568674 57.211681366 -0.003214428 0.999712288 0.023766953 -49.924617767 -0.096519418 -0.023966279 0.995042503 550.404235840
0.995247245 0.000979155 0.097375438 57.511692047 -0.003265997 0.999722481 0.023328178 -50.104007721 -0.097325578 -0.023535328 0.994974256 552.711791992
0.995294929 -0.000942676 0.096886829 57.835861206 -0.001304190 0.999731719 0.023124676 -50.303436279 -0.096882641 -0.023142233 0.995026648 555.032775879
0.995335281 -0.001132762 0.096469730 58.160030365 -0.001166155 0.999716759 0.023770723 -50.491714478 -0.096469335 -0.023772340 0.995052040 557.349670410
0.995273352 -0.000811758 0.097110666 58.465126038 -0.001526842 0.999710679 0.024005063 -50.674926758 -0.097102053 -0.024039868 0.994984031 559.656677246
0.995260358 -0.000202157 0.097246245 58.782272339 -0.002243950 0.999683857 0.025043719 -50.859405518 -0.097220570 -0.025143238 0.994945168 561.989746094
0.995260179 -0.000786169 0.097244546 59.104660034 -0.001710688 0.999671042 0.025590023 -51.042022705 -0.097232662 -0.025635088 0.994931459 564.325988770
0.995228052 -0.000022244 0.097576074 59.422084808 -0.002570046 0.999647081 0.026441090 -51.222229004 -0.097542226 -0.026565690 0.994876742 566.641235352
0.995180607 0.000945542 0.098053560 59.741607666 -0.003487512 0.999662161 0.025756149 -51.406894684 -0.097996071 -0.025973983 0.994847775 568.967712402
0.995190859 0.002197254 0.097929299 60.075267792 -0.004578157 0.999699175 0.024094393 -51.581283569 -0.097846903 -0.024426855 0.994901657 571.306091309
0.995150745 0.002603788 0.098327130 60.399440765 -0.005007275 0.999694467 0.024204927 -51.765651703 -0.098234072 -0.024579901 0.994859755 573.624877930
0.995196581 0.002498271 0.097864315 60.732372284 -0.005018762 0.999661803 0.025517264 -51.959220886 -0.097767472 -0.025885846 0.994872510 576.002929688
0.995185196 0.002363464 0.097984217 61.056606293 -0.005017085 0.999626935 0.026844589 -52.149749756 -0.097884230 -0.027206926 0.994825840 578.320983887
0.995096862 0.002824945 0.098864481 61.363929749 -0.005348115 0.999666452 0.025265798 -52.336311340 -0.098760128 -0.025670659 0.994780064 580.705139160
0.995142460 0.002242685 0.098419517 61.689941406 -0.004717865 0.999678254 0.024923755 -52.513275146 -0.098331951 -0.025267020 0.994832933 583.044067383
0.995114446 0.001553052 0.098715723 62.010074615 -0.004181017 0.999642193 0.026420258 -52.702903748 -0.098639362 -0.026703913 0.994764864 585.359497070
0.995181561 0.001695422 0.098034576 62.335247040 -0.004303813 0.999642134 0.026401492 -52.881507874 -0.097954720 -0.026696200 0.994832695 587.677368164
0.995121598 -0.000441799 0.098654933 62.662937164 -0.002043748 0.999683022 0.025091864 -53.065864563 -0.098634735 -0.025171081 0.994805336 590.043151855
0.995151460 -0.000720726 0.098351762 62.992828369 -0.001743356 0.999686778 0.024965517 -53.244995117 -0.098338962 -0.025015933 0.994838476 592.393310547
0.995173097 -0.002394250 0.098106094 63.313350677 -0.000099244 0.999677300 0.025403542 -53.427787781 -0.098135263 -0.025290657 0.994851589 594.728454590
0.995207787 -0.003127037 0.097732827 63.644580841 0.000633976 0.999673843 0.025529591 -53.610500336 -0.097780801 -0.025345288 0.994885206 597.086242676
