1.000000000 0.000000000 0.000000000 0.000000000 0.000000000 1.000000000 0.000000000 0.000000000 0.000000000 0.000000000 1.000000000 0.000000000
0.999999940 -0.000035737 0.000296482 0.088688381 0.000035801 1.000000000 -0.000215490 -0.226463199 -0.000296474 0.000215501 0.999999940 2.285552740
0.999999404 0.000201547 0.001077629 0.167675659 -0.000201834 0.999999881 0.000266866 -0.463950932 -0.001077575 -0.000267083 0.999999344 4.582279682
0.999998808 -0.000137440 0.001557192 0.266772211 0.000136645 0.999999881 0.000511081 -0.697069764 -0.001557262 -0.000510868 0.999998629 6.870250702
0.999997079 -0.000246334 0.002412843 0.362343311 0.000249381 0.999999106 -0.001262417 -0.929285407 -0.002412530 0.001263015 0.999996245 9.164278984
0.999988854 0.001452790 0.004498716 0.453178495 -0.001453105 0.999998927 0.000066616 -1.165075898 -0.004498614 -0.000073153 0.999989927 11.470452309
0.999971449 0.003168663 0.006862057 0.555396795 -0.003177140 0.999994159 0.001224768 -1.398018599 -0.006858136 -0.001246535 0.999975622 13.757041931
0.999952137 0.002968028 0.009316718 0.661710441 -0.003004186 0.999988019 0.003869373 -1.628596663 -0.009305121 -0.003897177 0.999949098 16.033428192
0.999945879 0.003277546 0.009886005 0.765914500 -0.003329605 0.999980628 0.005254069 -1.857388020 -0.009868594 -0.005286701 0.999937296 18.315752029
0.999927878 0.002275118 0.011797294 0.867157340 -0.002338659 0.999982774 0.005374981 -2.081566572 -0.011784865 -0.005402182 0.999915957 20.604270935
0.999927998 0.000031944 0.011995705 0.990145087 -0.000062658 0.999996722 0.002560032 -2.298322916 -0.011995581 -0.002560599 0.999924779 22.904293060
0.999915242 -0.002182321 0.012837575 1.095961571 0.002177828 0.999997497 0.000363977 -2.516629457 -0.012838338 -0.000335988 0.999917507 25.188537598
0.999917865 -0.002960180 0.012469133 1.235049844 0.002963786 0.999995589 -0.000270660 -2.766134024 -0.012468277 0.000307594 0.999922216 27.475135803
0.999898911 -0.002582247 0.013975128 1.334190011 0.002599868 0.999995887 -0.001242859 -2.992727995 -0.013971860 0.001279067 0.999901652 29.761964798
0.999895275 -0.000299181 0.014468009 1.462651253 0.000280032 0.999999106 0.001325566 -3.224820137 -0.014468391 -0.001321376 0.999894381 32.020851135
0.999894679 0.001686964 0.014416853 1.595469475 -0.001735239 0.999992967 0.003336708 -3.445370913 -0.014411123 -0.003361373 0.999890506 34.303165436
0.999864042 0.003543326 0.016099056 1.706376195 -0.003668009 0.999963462 0.007721841 -3.681134701 -0.016071107 -0.007779844 0.999840498 36.616008759
0.999848723 0.005422695 0.016525447 1.828124046 -0.005543917 0.999958038 0.007298533 -3.899991989 -0.016485175 -0.007389044 0.999836743 38.887504578
0.999812484 0.004793336 0.018760670 1.930796623 -0.004901648 0.999971569 0.005731580 -4.105319500 -0.018732660 -0.005822465 0.999807596 41.190689087
0.999818027 0.002371365 0.018930316 2.056490898 -0.002453605 0.999987662 0.004322260 -4.328502655 -0.018919833 -0.004367921 0.999811471 43.467926025
0.999819458 0.002491322 0.018838525 2.189839840 -0.002570272 0.999988019 0.004167800 -4.563992500 -0.018827919 -0.004215468 0.999813855 45.717979431
0.999812901 0.001908534 0.019253725 2.309169531 -0.001968525 0.999993384 0.003097339 -4.791738033 -0.019247686 -0.003134661 0.999809861 47.997978210
0.999812841 0.000741779 0.019333186 2.446964025 -0.000811093 0.999993265 0.003577654 -5.020670414 -0.019330403 -0.003592666 0.999806702 50.279602051
0.999794483 0.000057411 0.020279465 2.577960491 -0.000132388 0.999993145 0.003695906 -5.242116451 -0.020279117 -0.003697832 0.999787509 52.546810150
0.999785900 -0.001101473 0.020664783 2.712934971 0.001026827 0.999992967 0.003622490 -5.471051693 -0.020668628 -0.003600496 0.999779880 54.829948425
0.999749184 -0.001246433 0.022360697 2.836555719 0.001153912 0.999990702 0.004150058 -5.703464985 -0.022365663 -0.004123215 0.999741375 57.124198914
0.999735951 -0.002779942 0.022809548 2.978489399 0.002668293 0.999984264 0.004923795 -5.930086613 -0.022822879 -0.004861631 0.999727726 59.392230988
0.999693096 -0.004214065 0.024412300 3.107027531 0.004106330 0.999981642 0.004461610 -6.156145096 -0.024430655 -0.004359995 0.999691963 61.662326813
0.999676228 -0.004946340 0.024964869 3.259894371 0.004841373 0.999979138 0.004263269 -6.379894733 -0.024985436 -0.004141022 0.999679267 63.918170929
0.999636352 -0.004255420 0.026629062 3.397565365 0.004137550 0.999981344 0.004479893 -6.596191883 -0.026647631 -0.004368085 0.999635339 66.182647705
0.999615371 -0.003247345 0.027542897 3.548660755 0.003112142 0.999982893 0.004950259 -6.823634148 -0.027558502 -0.004862637 0.999608338 68.434150696
0.999568403 -0.003489590 0.029168135 3.685705662 0.003354524 0.999983430 0.004678243 -7.048112869 -0.029183971 -0.004578378 0.999563515 70.682823181
0.999554038 -0.004323470 0.029547861 3.848620892 0.004226916 0.999985516 0.003329399 -7.269946098 -0.029561833 -0.003203018 0.999557734 72.930252075
0.999546528 -0.005279467 0.029644117 4.015550613 0.005170479 0.999979615 0.003751978 -7.496816635 -0.029663322 -0.003597002 0.999553502 75.205665588
0.999502838 -0.006419446 0.030868705 4.178218842 0.006325629 0.999975085 0.003135902 -7.727069378 -0.030888066 -0.002939080 0.999518514 77.470748901
0.999491870 -0.007295901 0.031029196 4.333639145 0.007213036 0.999970078 0.002781664 -7.948127270 -0.031048572 -0.002556436 0.999514580 79.703048706
0.999460936 -0.007706088 0.031912111 4.484324932 0.007623456 0.999967337 0.002710262 -8.169119835 -0.031931952 -0.002465521 0.999486983 81.956687927
0.999446034 -0.006878122 0.032561969 4.660589695 0.006801731 0.999973774 0.002456200 -8.402149200 -0.032578018 -0.002233361 0.999466717 84.252586365
0.999393642 -0.006683326 0.034168351 4.815450191 0.006587315 0.999973953 0.002921755 -8.620045662 -0.034186989 -0.002694906 0.999411821 86.510047913
0.999387622 -0.006501382 0.034381066 4.989367008 0.006359222 0.999970913 0.004242564 -8.857178688 -0.034407645 -0.004021329 0.999399781 88.789062500
0.999366939 -0.005714049 0.035114795 5.155653477 0.005543810 0.999972522 0.004943545 -9.084746361 -0.035142079 -0.004745746 0.999370992 91.039169312
0.999336123 -0.005494168 0.036014665 5.323131084 0.005307170 0.999971926 0.005285828 -9.309366226 -0.036042698 -0.005091183 0.999337196 93.275588989
0.999324322 -0.005436323 0.036353305 5.503557682 0.005287838 0.999977291 0.004179412 -9.523266792 -0.036375202 -0.003984357 0.999330282 95.511985779
0.999291480 -0.006317740 0.037103351 5.676342010 0.006154412 0.999970853 0.004514526 -9.744652748 -0.037130792 -0.004282978 0.999301255 97.756240845
0.999255598 -0.005897429 0.038125131 5.839445591 0.005748294 0.999975383 0.004020186 -9.975245476 -0.038147904 -0.003798039 0.999264836 99.996902466
0.999198854 -0.005879499 0.039589461 5.999366283 0.005674417 0.999969900 0.005290607 -10.195224762 -0.039619379 -0.005061721 0.999202013 102.226234436
0.999177694 -0.006157371 0.040074557 6.193448544 0.005964891 0.999970019 0.004920843 -10.412612915 -0.040103663 -0.004677756 0.999184489 104.478683472
0.999136031 -0.007042320 0.040959153 6.371021271 0.006807674 0.999959767 0.005865430 -10.631573677 -0.040998798 -0.005581526 0.999143600 106.705711365
0.999095738 -0.008275719 0.041703660 6.552927971 0.008028658 0.999949157 0.006088249 -10.848544121 -0.041751936 -0.005747920 0.999111414 108.951515198
0.999044001 -0.009312717 0.042713162 6.732548714 0.009011261 0.999933124 0.007244803 -11.074211121 -0.042777784 -0.006852978 0.999061048 111.197311401
0.999039292 -0.009869387 0.042697463 6.929214478 0.009630655 0.999936759 0.005793310 -11.291975975 -0.042751942 -0.005376541 0.999071240 113.452705383
0.999002635 -0.010210235 0.043467551 7.115440369 0.009999053 0.999937236 0.005073064 -11.510933876 -0.043516614 -0.004633371 0.999041915 115.693519592
0.998971224 -0.010390530 0.044145208 7.297921181 0.010153810 0.999932826 0.005583204 -11.735207558 -0.044200260 -0.005129217 0.999009550 117.917160034
0.998915493 -0.010536015 0.045350645 7.488361359 0.010259688 0.999927402 0.006321608 -11.950866699 -0.045413963 -0.005849469 0.998951077 120.161766052
0.998865426 -0.011116553 0.046307046 7.683691025 0.010829129 0.999920487 0.006453228 -12.170029640 -0.046375107 -0.005944440 0.998906374 122.394363403
0.998818755 -0.012202340 0.047034111 7.882632256 0.011915040 0.999908626 0.006383914 -12.392586708 -0.047107711 -0.005815959 0.998872876 124.631851196
0.998795211 -0.013089007 0.047294904 8.081668854 0.012849665 0.999903083 0.005361175 -12.612462997 -0.047360491 -0.004746991 0.998866558 126.884864807
0.998787045 -0.014195850 0.047147810 8.274112701 0.013923370 0.999884427 0.006102720 -12.833381653 -0.047228999 -0.005438861 0.998869240 129.129180908
0.998815179 -0.015307982 0.046193860 8.470567703 0.015027396 0.999866486 0.006415256 -13.049448967 -0.046285894 -0.005713482 0.998911917 131.381912231
0.998889029 -0.015664041 0.044445135 8.679953575 0.015346572 0.999854267 0.007475182 -13.264189720 -0.044555757 -0.006784797 0.998983860 133.614212036
0.998963892 -0.016753854 0.042316884 8.897069931 0.016462702 0.999838412 0.007219492 -13.485398293 -0.042431001 -0.006515361 0.999078274 135.865661621
0.999022305 -0.017627398 0.040543392 9.097365379 0.017372794 0.999827087 0.006623668 -13.696739197 -0.040653143 -0.005912839 0.999155760 138.090133667
0.999016702 -0.018620232 0.040235259 9.282755852 0.018367065 0.999809146 0.006652744 -13.917677879 -0.040351439 -0.005907197 0.999168098 140.362503052
0.999011457 -0.018786814 0.040288210 9.455829620 0.018516883 0.999803662 0.007062743 -14.129533768 -0.040412977 -0.006309750 0.999163091 142.592361450
0.999052763 -0.019121064 0.039089557 9.648563385 0.018819872 0.999790370 0.008058750 -14.351465225 -0.039235462 -0.007315456 0.999203146 144.804946899
0.999066830 -0.018217128 0.039160851 9.824300766 0.017958529 0.999814510 0.006945267 -14.566057205 -0.039280109 -0.006235513 0.999208748 147.046356201
0.999091923 -0.017007785 0.039062940 10.006650925 0.016813260 0.999844551 0.005302917 -14.782619476 -0.039147060 -0.004641325 0.999222636 149.295608521
0.999105811 -0.015649827 0.039274801 10.184415817 0.015489010 0.999870360 0.004395602 -15.002040863 -0.039338496 -0.003783344 0.999218762 151.530639648
0.999107480 -0.015122745 0.039439678 10.367257118 0.014956896 0.999877989 0.004496839 -15.219267845 -0.039502863 -0.003902930 0.999211848 153.756713867
0.999103069 -0.014414866 0.039814062 10.553617477 0.014238463 0.999887526 0.004710634 -15.435832024 -0.039877478 -0.004139517 0.999195993 155.997299194
0.999098599 -0.013057819 0.040394492 10.726404190 0.012836453 0.999901175 0.005734689 -15.639454842 -0.040465385 -0.005210997 0.999167323 158.202560425
0.999044538 -0.012414485 0.041903477 10.905879974 0.012143339 0.999903679 0.006719086 -15.859273911 -0.041982852 -0.006203818 0.999099076 160.438339233
0.999028623 -0.010921509 0.042694118 11.075986862 0.010547799 0.999904156 0.008968708 -16.087284088 -0.042787984 -0.008509669 0.999047875 162.690612793
0.998990715 -0.010603317 0.043647949 11.259581566 0.010260147 0.999914706 0.008078803 -16.291727066 -0.043729898 -0.007622817 0.999014318 164.943756104
0.998943150 -0.009928971 0.044877395 11.450767517 0.009614976 0.999927819 0.007207133 -16.510868073 -0.044945717 -0.006768022 0.998966515 167.173782349
0.998857737 -0.007977693 0.047111686 11.634168625 0.007628838 0.999942183 0.007580045 -16.724960327 -0.047169436 -0.007211979 0.998860896 169.409805298
0.998742223 -0.007235068 0.049613360 11.823266029 0.006853138 0.999945581 0.007863926 -16.948719025 -0.049667545 -0.007514032 0.998737514 171.623580933
0.998634279 -0.007229140 0.051742811 12.028354645 0.006836769 0.999946475 0.007756132 -17.164724350 -0.051796116 -0.007391785 0.998630345 173.882415771
0.998547614 -0.007397806 0.053364918 12.232564926 0.006965244 0.999941409 0.008287187 -17.382616043 -0.053423084 -0.007903449 0.998540819 176.124588013
0.998494685 -0.008208975 0.054230250 12.438108444 0.007713733 0.999926686 0.009335267 -17.598598480 -0.054302905 -0.008902898 0.998484790 178.347579956
0.998431981 -0.009165551 0.055221971 12.634513855 0.008644035 0.999915838 0.009675425 -17.812166214 -0.055306002 -0.009182914 0.998427153 180.578582764
0.998475671 -0.010039967 0.054273129 12.846479416 0.009562617 0.999913275 0.009047860 -18.024808884 -0.054359265 -0.008515074 0.998485088 182.840423584
0.998492837 -0.011195491 0.053728249 13.061796188 0.010714203 0.999899924 0.009237505 -18.244384766 -0.053826287 -0.008647928 0.998512805 185.088165283
0.998499453 -0.013016255 0.053192187 13.277876854 0.012516631 0.999874413 0.009715144 -18.449321747 -0.053311963 -0.009034780 0.998537064 187.328079224
0.998497844 -0.014053322 0.052957132 13.477956772 0.013582340 0.999864995 0.009243121 -18.659301758 -0.053079884 -0.008509956 0.998553991 189.549453735
0.998479545 -0.015247134 0.052972089 13.690159798 0.014788612 0.999849796 0.009037202 -18.874691010 -0.053101920 -0.008240079 0.998555124 191.788085938
0.998462975 -0.016155088 0.053016264 13.889101028 0.015724098 0.999839842 0.008536533 -19.092203140 -0.053145684 -0.007689779 0.998557150 194.033843994
0.998482943 -0.015741065 0.052763529 14.102474213 0.015285047 0.999842346 0.009035124 -19.304643631 -0.052897442 -0.008214927 0.998566091 196.260208130
0.998493195 -0.014403164 0.052951802 14.316217422 0.013913847 0.999857128 0.009597900 -19.520557404 -0.053082470 -0.008846677 0.998550951 198.488662720
0.998506069 -0.011657535 0.053384818 14.520037651 0.011201827 0.999898255 0.008827597 -19.736528397 -0.053482305 -0.008216400 0.998534977 200.765365601
0.998483181 -0.011111368 0.053924210 14.734353065 0.010696881 0.999911010 0.007969042 -19.948385239 -0.054007951 -0.007380133 0.998513341 203.026885986
0.998436391 -0.011563450 0.054691501 14.935587883 0.011116129 0.999902248 0.008476126 -20.154960632 -0.054784171 -0.007854915 0.998467326 205.252838135
0.998445153 -0.013108969 0.054180119 15.174779892 0.012639450 0.999879539 0.008999519 -20.379310608 -0.054291572 -0.008300720 0.998490632 207.488067627
0.998379230 -0.012728628 0.055470418 15.381106377 0.012239935 0.999883294 0.009140877 -20.580070496 -0.055580296 -0.008447108 0.998418510 209.733612061
0.998312235 -0.012400572 0.056734908 15.599967957 0.011845825 0.999878764 0.010103778 -20.802900314 -0.056853328 -0.009414652 0.998338103 211.959396362
0.998242319 -0.011098894 0.058214951 15.834991455 0.010511514 0.999890804 0.010386414 -21.013797760 -0.058323868 -0.009756230 0.998250067 214.191360474
0.998052776 -0.009583051 0.061634529 16.024431229 0.008943038 0.999903262 0.010651542 -21.218687057 -0.061730642 -0.010079600 0.998041868 216.413803101
0.997917652 -0.009504348 0.063797057 16.250745773 0.008820892 0.999900877 0.010986106 -21.425502777 -0.063895151 -0.010400482 0.997902393 218.649871826
0.997772872 -0.010781636 0.065826230 16.480955124 0.010044027 0.999883056 0.011526061 -21.626558304 -0.065942787 -0.010839231 0.997764528 220.878601074
0.997679770 -0.012217692 0.066975653 16.716049194 0.011426760 0.999860525 0.012179677 -21.829030991 -0.067115113 -0.011386103 0.997680247 223.102279663
0.997627616 -0.014205381 0.067360252 16.965045929 0.013453037 0.999842048 0.011609499 -22.038927078 -0.067514546 -0.010675759 0.997661114 225.327575684
0.997602880 -0.015702255 0.067393273 17.212034225 0.014976080 0.999824345 0.011266943 -22.240428925 -0.067558348 -0.010230650 0.997662842 227.581436157
0.997563541 -0.015791452 0.067952797 17.452014923 0.015049336 0.999821484 0.011419186 -22.444721222 -0.068120979 -0.010368722 0.997623205 229.818740845
0.997508049 -0.017144259 0.068438008 17.696786880 0.016451567 0.999807835 0.010672277 -22.655759811 -0.068607815 -0.009519768 0.997598290 232.061325073
0.997430921 -0.018077174 0.069316149 17.937995911 0.017315034 0.999783039 0.011580296 -22.856504440 -0.069510445 -0.010350334 0.997527540 234.301986694
0.997396231 -0.017341837 0.069999732 18.184072495 0.016543999 0.999791503 0.011961507 -23.065380096 -0.070192561 -0.010772283 0.997475266 236.546997070
0.997353375 -0.016928665 0.070707068 18.421047211 0.016134042 0.999800384 0.011794324 -23.265350342 -0.070892595 -0.010622318 0.997427404 238.760604858
0.997327149 -0.017201535 0.071011685 18.672611237 0.016374929 0.999791384 0.012206251 -23.472438812 -0.071206838 -0.011010814 0.997400820 240.977508545
0.997269332 -0.017691545 0.071700037 18.920328140 0.016845914 0.999781430 0.012381711 -23.676609039 -0.071903422 -0.011140048 0.997349322 243.223526001
0.997232914 -0.018122826 0.072099335 19.169763565 0.017329395 0.999782383 0.011615179 -23.885250092 -0.072294153 -0.010333601 0.997329831 245.446868896
0.997234285 -0.017649347 0.072195537 19.427022934 0.016888838 0.999795437 0.011131001 -24.093832016 -0.072377227 -0.009880917 0.997328401 247.682617188
0.997200072 -0.018066043 0.072563753 19.683294296 0.017259123 0.999782205 0.011731851 -24.301536560 -0.072759897 -0.010446617 0.997294724 249.919311523
0.997167587 -0.019419156 0.072661251 19.944910049 0.018624684 0.999759316 0.011595548 -24.507982254 -0.072868921 -0.010209414 0.997289240 252.151519775
0.997163534 -0.019512597 0.072692104 20.215501785 0.018646806 0.999747038 0.012570136 -24.718742371 -0.072918996 -0.011179005 0.997275233 254.417526245
0.997121811 -0.020386517 0.073023520 20.457826614 0.019490290 0.999725938 0.012964855 -24.924964905 -0.073267817 -0.011504290 0.997245908 256.636749268
0.997102499 -0.020940436 0.073132038 20.720211029 0.020003699 0.999708474 0.013517968 -25.137229919 -0.073393784 -0.012015887 0.997230649 258.911041260
0.997080922 -0.020459777 0.073558606 20.980251312 0.019556923 0.999724567 0.012973368 -25.337785721 -0.073803782 -0.011496917 0.997206450 261.155364990
0.997064590 -0.020400727 0.073798917 21.245388031 0.019537900 0.999732256 0.012394740 -25.536540985 -0.074032016 -0.010916477 0.997196138 263.404296875
0.997037828 -0.019661643 0.074357346 21.509998322 0.018821472 0.999751031 0.011983049 -25.743045807 -0.074574441 -0.010548040 0.997159660 265.642028809
0.996979952 -0.019149549 0.075262427 21.771526337 0.018296255 0.999760449 0.012010870 -25.943305969 -0.075474404 -0.010597576 0.997091472 267.880828857
0.996828914 -0.018743303 0.077335328 22.022184372 0.017877694 0.999769747 0.011870123 -26.154214859 -0.077540010 -0.010449902 0.996934474 270.121978760
0.996763289 -0.019517751 0.077986479 22.303834915 0.018588120 0.999747515 0.012628693 -26.366891861 -0.078213282 -0.011138197 0.996874392 272.365753174
0.996525288 -0.019801693 0.080903001 22.544734955 0.018829890 0.999741256 0.012757350 -26.560024261 -0.081134699 -0.011189627 0.996640325 274.612274170
0.996398747 -0.019738091 0.082462363 22.819974899 0.018659564 0.999730229 0.013829356 -26.753631592 -0.082713075 -0.012240842 0.996498287 276.851440430
0.996322811 -0.019079113 0.083527379 23.105545044 0.017813874 0.999715388 0.015866881 -26.974355698 -0.083806336 -0.014320591 0.996379137 279.089569092
0.996213317 -0.018829109 0.084878020 23.389556885 0.017441336 0.999702215 0.017062314 -27.176826477 -0.085174002 -0.015517319 0.996245205 281.325195312
0.996146619 -0.017826533 0.085872799 23.673034668 0.016434371 0.999722242 0.016891763 -27.366025925 -0.086150073 -0.015415406 0.996162891 283.587646484
0.996022701 -0.016820574 0.087496780 23.946237564 0.015426742 0.999743462 0.016582038 -27.557865143 -0.087753251 -0.015166298 0.996026754 285.821289062
0.996038139 -0.016595807 0.087364577 24.239793777 0.015303099 0.999763608 0.015445775 -27.745887756 -0.087600268 -0.014047631 0.996056616 288.062011719
0.995976031 -0.017420596 0.087910458 24.517839432 0.016092552 0.999745786 0.015793022 -27.947301865 -0.088163242 -0.014314767 0.996003151 290.288757324
0.995925009 -0.017473808 0.088476181 24.789127350 0.016236980 0.999760389 0.014679726 -28.138725281 -0.088711500 -0.013183321 0.995970249 292.537200928
0.995949805 -0.018156771 0.088058732 25.079687119 0.017017948 0.999761760 0.013666140 -28.332214355 -0.088285886 -0.012112211 0.996021509 294.766387939
0.995942652 -0.018200265 0.088130131 25.364740372 0.017062543 0.999761283 0.013645792 -28.530740738 -0.088357471 -0.012086701 0.996015489 296.995727539
0.995945930 -0.017403899 0.088254362 25.650661469 0.016254870 0.999773681 0.013721600 -28.726665497 -0.088473208 -0.012231410 0.996003389 299.233917236
0.995881855 -0.017456062 0.088963978 25.918928146 0.016221656 0.999762118 0.014579569 -28.930002213 -0.089197323 -0.013076386 0.995928049 301.473175049
0.995882809 -0.018234897 0.088797368 26.213672638 0.017019618 0.999751031 0.014424035 -29.123838425 -0.089038283 -0.012853350 0.995945275 303.720977783
0.995844901 -0.017822847 0.089304559 26.504234314 0.016575824 0.999754727 0.014686042 -29.319854736 -0.089544408 -0.013144724 0.995896101 305.961975098
0.995834589 -0.018262664 0.089330830 26.791076660 0.017028896 0.999749064 0.014554018 -29.523527145 -0.089574218 -0.012972188 0.995895624 308.208526611
0.995785117 -0.019359950 0.089649707 27.082788467 0.018074904 0.999722123 0.015123841 -29.725231171 -0.089917578 -0.013439687 0.995858550 310.475097656
0.995752513 -0.019237353 0.090037912 27.376258850 0.018004522 0.999732971 0.014484663 -29.925960541 -0.090292513 -0.012802049 0.995833099 312.724395752
0.995751798 -0.019122541 0.090069950 27.673622131 0.017811311 0.999723673 0.015339277 -30.128538132 -0.090338401 -0.013669849 0.995817244 314.979125977
0.995698035 -0.016991725 0.091086179 27.961750031 0.015734874 0.999771059 0.014498938 -30.327737808 -0.091311708 -0.013003335 0.995737374 317.216796875
0.995675325 -0.015354780 0.091623731 28.249687195 0.014035699 0.999788642 0.015023804 -30.524600983 -0.091835044 -0.013672827 0.995680332 319.465240479
0.995619833 -0.013940132 0.092449039 28.537549973 0.012662183 0.999816120 0.014395476 -30.721380234 -0.092632718 -0.013161814 0.995613337 321.688446045
0.995584309 -0.013405445 0.092909537 28.827457428 0.012059728 0.999814332 0.015030541 -30.918132782 -0.093093768 -0.013843709 0.995561063 323.920989990
0.995582581 -0.013186295 0.092958808 29.128213882 0.011710895 0.999796927 0.016399218 -31.123659134 -0.093156189 -0.015238145 0.995534897 326.145599365
0.995532453 -0.013849630 0.093398623 29.415119171 0.012393663 0.999792755 0.016150841 -31.321876526 -0.093602955 -0.014921135 0.995497763 328.392608643
0.995532632 -0.015280984 0.093172453 29.718795776 0.013904864 0.999784708 0.015400953 -31.517503738 -0.093387730 -0.014036603 0.995530844 330.633178711
0.995492637 -0.014606955 0.093707137 30.004459381 0.013237347 0.999796450 0.015220847 -31.714782715 -0.093910426 -0.013911807 0.995483398 332.855957031
0.995457232 -0.014739306 0.094062120 30.296155930 0.013253349 0.999777615 0.016402842 -31.910844803 -0.094282970 -0.015081691 0.995431185 335.077850342
0.995498717 -0.015361017 0.093521230 30.604845047 0.013892708 0.999770105 0.016331192 -32.101955414 -0.093750603 -0.014958418 0.995483339 337.310607910
0.995467722 -0.015100151 0.093893334 30.891498566 0.013590969 0.999768317 0.016692122 -32.302082062 -0.094123632 -0.015340367 0.995442331 339.549133301
0.995483756 -0.014943480 0.093748465 31.196332932 0.013468864 0.999775708 0.016342593 -32.500099182 -0.093971662 -0.015006103 0.995461702 341.796752930
0.995502949 -0.015249433 0.093496293 31.494035721 0.013731129 0.999763489 0.016861124 -32.695289612 -0.093731321 -0.015501487 0.995476782 344.041839600
0.995534956 -0.014692323 0.093243293 31.789268494 0.013175875 0.999771059 0.016858198 -32.887062073 -0.093469635 -0.015554363 0.995500624 346.278686523
0.995549440 -0.014288382 0.093151413 32.083423615 0.012782586 0.999778152 0.016741732 -33.081260681 -0.093369938 -0.015476506 0.995511174 348.519256592
0.995521426 -0.013766428 0.093528017 32.375999451 0.012202588 0.999776363 0.017271953 -33.279144287 -0.093744881 -0.016053315 0.995466828 350.754333496
0.995547295 -0.013914534 0.093230128 32.671691895 0.012318625 0.999767959 0.017671645 -33.472187042 -0.093454391 -0.016444489 0.995487869 352.968719482
0.995568871 -0.013387377 0.093077376 32.963184357 0.011834986 0.999781787 0.017210562 -33.666046143 -0.093287475 -0.016032731 0.995510101 355.206665039
0.995594323 -0.013397480 0.092803150 33.259426117 0.011820665 0.999776661 0.017519893 -33.855937958 -0.093017146 -0.016345711 0.995530307 357.441314697
0.995670199 -0.012784862 0.092072673 33.562572479 0.011122452 0.999766171 0.018545991 -34.052719116 -0.092288271 -0.017441623 0.995579481 359.678405762
0.995720267 -0.012937545 0.091508552 33.864154816 0.011274852 0.999762237 0.018663533 -34.248382568 -0.091728255 -0.017551912 0.995629370 361.919586182
0.995767355 -0.012841201 0.091007315 34.163566589 0.011137881 0.999753594 0.019199558 -34.438430786 -0.091231421 -0.018104667 0.995665133 364.152740479
0.995830595 -0.012713211 0.090331540 34.464000702 0.011083083 0.999766886 0.018524820 -34.630592346 -0.090545997 -0.017446429 0.995739460 366.411743164
0.995841861 -0.013404366 0.090106793 34.750385284 0.011789441 0.999760628 0.018430777 -34.824359894 -0.090332277 -0.017291836 0.995761514 368.654113770
0.995806813 -0.013048013 0.090546429 35.035259247 0.011497382 0.999778509 0.017625783 -35.010921478 -0.090756364 -0.016510824 0.995736241 370.924499512
0.995889544 -0.013729708 0.089529060 35.329624176 0.012180968 0.999766946 0.017822251 -35.208950043 -0.089752890 -0.016658440 0.995824754 373.140380859
0.995919287 -0.013470173 0.089237280 35.624752045 0.011847706 0.999755204 0.018686326 -35.397266388 -0.089467138 -0.017552814 0.995835066 375.396270752
0.995883584 -0.013702445 0.089599960 35.905681610 0.012062775 0.999750197 0.018815862 -35.584121704 -0.089835383 -0.017657584 0.995800078 377.645599365
0.995895267 -0.014268466 0.089381427 36.199764252 0.012609944 0.999738216 0.019092854 -35.777824402 -0.089630455 -0.017887393 0.995814443 379.882080078
0.995908022 -0.014490908 0.089203201 36.495441437 0.012840350 0.999736011 0.019049494 -35.961647034 -0.089455716 -0.017826146 0.995831251 382.131591797
0.995901763 -0.013496913 0.089428149 36.789211273 0.011809240 0.999742568 0.019374115 -36.154296875 -0.089666627 -0.018238638 0.995804846 384.381561279
0.995919049 -0.012426001 0.089391463 37.084026337 0.010732597 0.999754190 0.019399494 -36.338764191 -0.089610547 -0.018360926 0.995807648 386.638854980
0.995925784 -0.011327229 0.089462250 37.382675171 0.009623869 0.999764562 0.019448448 -36.537120819 -0.089661494 -0.018508239 0.995800257 388.910858154
0.995915711 -0.009797874 0.089753799 37.673431396 0.008088223 0.999779224 0.019392166 -36.729057312 -0.089923985 -0.018587014 0.995775104 391.192871094
0.995917857 -0.008332770 0.089878969 37.961364746 0.006497407 0.999764860 0.020693673 -36.914474487 -0.090030253 -0.020025222 0.995737612 393.449157715
0.995837033 -0.007297571 0.090858839 38.241737366 0.005414423 0.999765754 0.020955330 -37.101852417 -0.090990491 -0.020376148 0.995643198 395.713562012
0.995775759 -0.007103872 0.091542713 38.533203125 0.005323156 0.999792099 0.019681804 -37.299514771 -0.091663487 -0.019111371 0.995606720 397.977142334
0.995730937 -0.007005743 0.092037246 38.823513031 0.005279104 0.999805748 0.018990302 -37.488620758 -0.092152417 -0.018423358 0.995574594 400.240356445
0.995588660 -0.008165650 0.093469582 39.102973938 0.006289315 0.999773145 0.020351276 -37.679733276 -0.093614571 -0.019673642 0.995414138 402.477996826
0.995595276 -0.009484245 0.093274191 39.409214020 0.007531396 0.999745488 0.021266427 -37.867790222 -0.093452148 -0.020470267 0.995413303 404.758697510
0.995524466 -0.009867783 0.093986869 39.697433472 0.007922676 0.999747097 0.021046227 -38.052627563 -0.094170794 -0.020207405 0.995350897 407.010894775
0.995473802 -0.008956240 0.094612896 40.007770538 0.007060970 0.999767959 0.020347673 -38.237735748 -0.094773188 -0.019587517 0.995306194 409.267211914
0.995411515 -0.008160772 0.095337689 40.309551239 0.006214006 0.999766469 0.020698754 -38.430847168 -0.095484339 -0.020011354 0.995229781 411.520141602
0.995331526 -0.007222833 0.096244477 40.605422974 0.005284365 0.999778330 0.020380748 -38.619800568 -0.096370347 -0.019777011 0.995149076 413.765350342
0.995230019 -0.006009509 0.097370379 40.909572601 0.004056085 0.999786913 0.020247307 -38.805137634 -0.097471297 -0.019755788 0.995042264 416.036224365
0.995192826 -0.006330152 0.097730294 41.226032257 0.004378593 0.999786973 0.020170383 -38.996665955 -0.097837150 -0.019645501 0.995008469 418.293731689
0.995070517 -0.006378902 0.098964758 41.526035309 0.004404338 0.999787033 0.020157849 -39.183898926 -0.099072292 -0.019622605 0.994886756 420.545043945
0.994987786 -0.006571347 0.099780269 41.829708099 0.004593550 0.999788582 0.020038353 -39.378147125 -0.099890873 -0.019479569 0.994807720 422.804473877
0.994918942 -0.007130554 0.100426130 42.144390106 0.005032827 0.999764144 0.021126147 -39.565925598 -0.100553103 -0.020513380 0.994720221 425.071166992
0.994876146 -0.006526278 0.100889526 42.453571320 0.004342681 0.999751866 0.021847947 -39.751525879 -0.101007074 -0.021297874 0.994657815 427.316192627
0.994789243 -0.005705036 0.101792470 42.770999908 0.003399401 0.999734044 0.022809464 -39.938434601 -0.101895519 -0.022344578 0.994544089 429.589233398
0.994793594 -0.006022800 0.101733059 43.097476959 0.003710533 0.999730706 0.022902744 -40.132781982 -0.101843625 -0.022406017 0.994548023 431.863342285
0.994756699 -0.006865816 0.102038935 43.420047760 0.004606751 0.999739408 0.022358425 -40.325469971 -0.102165855 -0.021771127 0.994529068 434.126983643
0.994767129 -0.006254720 0.101976827 43.748512268 0.003982527 0.999739528 0.022469861 -40.497608185 -0.102090813 -0.021946153 0.994532943 436.396789551
0.994714856 -0.006590287 0.102465414 44.069561005 0.004271148 0.999730051 0.022836339 -40.684097290 -0.102588281 -0.022277996 0.994474411 438.683502197
0.994767129 -0.006651762 0.101951547 44.399646759 0.004341733 0.999729216 0.022863286 -40.864875793 -0.102076016 -0.022300996 0.994526625 440.955963135
0.994702876 -0.006420599 0.102590658 44.715408325 0.003946531 0.999697030 0.024300706 -41.066974640 -0.102715574 -0.023767110 0.994426787 443.240417480
0.994683325 -0.007060834 0.102738775 45.043460846 0.004572317 0.999690890 0.024437156 -41.246131897 -0.102879561 -0.023837470 0.994408131 445.518829346
0.994663477 -0.006742790 0.102951683 45.362663269 0.004308389 0.999706268 0.023850122 -41.428173065 -0.103082262 -0.023279294 0.994400382 447.786254883
0.994663239 -0.005875257 0.103006355 45.687896729 0.003465042 0.999716401 0.023562046 -41.613616943 -0.103115559 -0.023079384 0.994401574 450.049194336
0.994602859 -0.005407965 0.103613742 46.005687714 0.002991225 0.999720156 0.023465713 -41.803375244 -0.103711642 -0.023029136 0.994340777 452.313476562
0.994495451 -0.004758580 0.104671590 46.320594788 0.002302794 0.999719560 0.023570167 -41.978664398 -0.104754388 -0.023199383 0.994227469 454.589660645
0.994462848 -0.005047057 0.104967520 46.636901855 0.002627003 0.999727786 0.023180757 -42.166103363 -0.105055965 -0.022776650 0.994205475 456.855224609
0.994530559 -0.004218117 0.104360878 46.978588104 0.001891284 0.999747634 0.022384947 -42.349296570 -0.104428969 -0.022065138 0.994287550 459.142150879
0.994518101 -0.003201542 0.104515620 47.305065155 0.000799122 0.999734700 0.023020016 -42.535140991 -0.104561597 -0.022810297 0.994256735 461.422363281
0.994516671 -0.002627442 0.104545042 47.627372742 0.000100193 0.999707758 0.024171701 -42.715194702 -0.104578003 -0.024028685 0.994226277 463.693847656
0.994533420 -0.002681947 0.104383469 47.943565369 0.000132132 0.999701619 0.024426639 -42.892620087 -0.104417808 -0.024279322 0.994237125 465.962951660
0.994627595 -0.002573835 0.103486009 48.272933960 0.000148852 0.999725401 0.023433855 -43.074779510 -0.103517890 -0.023292551 0.994354844 468.245513916
0.994734585 -0.002786672 0.102446951 48.612934113 0.000428517 0.999734640 0.023033109 -43.262329102 -0.102483928 -0.022867931 0.994471908 470.538269043
0.994792938 -0.003137556 0.101868309 48.932823181 0.000670110 0.999705911 0.024247102 -43.453071594 -0.101914428 -0.024052586 0.994502366 472.813720703
0.994795799 -0.003287185 0.101835631 49.244373322 0.000779825 0.999695837 0.024651676 -43.636581421 -0.101885691 -0.024443967 0.994495749 475.087005615
0.994840801 -0.002907577 0.101406962 49.559947968 0.000488192 0.999714851 0.023874838 -43.804428101 -0.101447478 -0.023702156 0.994558513 477.361938477
0.994845688 -0.002934314 0.101358131 49.875812531 0.000437331 0.999696076 0.024648689 -43.986610413 -0.101399638 -0.024477314 0.994544744 479.640014648
0.994888306 -0.003533532 0.100919850 50.200832367 0.001012717 0.999686480 0.025018718 -44.166625977 -0.100976594 -0.024788624 0.994579911 481.910919189
0.994896650 -0.003950665 0.100821853 50.511440277 0.001526341 0.999708176 0.024111442 -44.344589233 -0.100887686 -0.023834508 0.994612277 484.196838379
0.994975686 -0.005397490 0.099972434 50.833789825 0.002900981 0.999680698 0.025100533 -44.539272308 -0.100076005 -0.024684401 0.994673491 486.502593994
0.995082974 -0.005806757 0.098873980 51.156234741 0.003314277 0.999673009 0.025354272 -44.715763092 -0.098988883 -0.024901908 0.994776905 488.780670166
0.995007277 -0.006048547 0.099619962 51.434841156 0.003479855 0.999657452 0.025938528 -44.908092499 -0.099742740 -0.025462355 0.994687378 491.049591064
0.995116770 -0.005521001 0.098549612 51.766662598 0.002953004 0.999652743 0.026184775 -45.083400726 -0.098659962 -0.025765887 0.994787514 493.338287354
0.995098650 -0.005316814 0.098744005 52.065811157 0.002769394 0.999660254 0.025917398 -45.261306763 -0.098848253 -0.025516907 0.994775295 495.629272461
0.995134473 -0.005401182 0.098377742 52.390403748 0.002906475 0.999670923 0.025484134 -45.447151184 -0.098483019 -0.025074210 0.994822800 497.941497803
0.995185673 -0.005213170 0.097868904 52.704315186 0.002656208 0.999652147 0.026238542 -45.624427795 -0.097971648 -0.025852256 0.994853318 500.234252930
0.995156825 -0.004772364 0.098183714 53.007659912 0.002177832 0.999645948 0.026515499 -45.806015015 -0.098275498 -0.026173251 0.994814992 502.514251709
0.995187700 -0.003939918 0.097908869 53.320320129 0.001400673 0.999661326 0.025989989 -45.986873627 -0.097978108 -0.025727779 0.994855940 504.805145264
0.995162427 -0.003729772 0.098172233 53.624015808 0.001109699 0.999642074 0.026729628 -46.166427612 -0.098236792 -0.026491376 0.994810402 507.095886230
0.995171785 -0.004307876 0.098053932 53.933067322 0.001763385 0.999659956 0.026021795 -46.348945618 -0.098132677 -0.025723249 0.994840860 509.384277344
0.995223939 -0.004846749 0.097497560 54.255493164 0.002229377 0.999634683 0.026936563 -46.533943176 -0.097592480 -0.026590554 0.994871199 511.679931641
0.995216966 -0.004622652 0.097580045 54.566074371 0.001976204 0.999628007 0.027200038 -46.709316254 -0.097669482 -0.026877102 0.994855940 513.981628418
0.995252311 -0.003823356 0.097252645 54.880825043 0.001231003 0.999642670 0.026701907 -46.882926941 -0.097319975 -0.026455423 0.994901478 516.280639648
0.995225132 -0.002961264 0.097560622 55.183006287 0.000378844 0.999649227 0.026477810 -47.062534332 -0.097604819 -0.026314422 0.994877398 518.571594238
0.995147824 -0.000844882 0.098386966 55.492938995 -0.001784050 0.999643803 0.026629291 -47.243255615 -0.098374404 -0.026675608 0.994791806 520.916809082
0.995080113 0.001300323 0.099064775 55.810264587 -0.003974310 0.999632895 0.026799753 -47.421615601 -0.098993562 -0.027061613 0.994720042 523.250244141
0.995017052 0.002108009 0.099682145 56.128559113 -0.004930533 0.999593616 0.028077383 -47.594390869 -0.099582449 -0.028428961 0.994623065 525.567443848
0.994967639 0.001678990 0.100182839 56.445350647 -0.004502185 0.999598861 0.027961003 -47.769760132 -0.100095689 -0.028271334 0.994576097 527.880371094
0.994926274 -0.000068973 0.100606941 56.762176514 -0.002888761 0.999567866 0.029252931 -47.941394806 -0.100565478 -0.029395141 0.994496047 530.188781738
0.994867802 -0.001675158 0.101170309 57.090282440 -0.001252381 0.999582410 0.028866297 -48.112564087 -0.101176433 -0.028844852 0.994450271 532.507751465
0.994850099 -0.001748190 0.101342089 57.413650513 -0.001125513 0.999599040 0.028292358 -48.286502838 -0.101350918 -0.028260713 0.994449258 534.819458008
0.994762897 -0.001810793 0.102192670 57.733531952 -0.001070040 0.999603748 0.028128356 -48.461822510 -0.102203108 -0.028090399 0.994366884 537.133117676
0.994695544 -0.001546127 0.102852188 58.054183960 -0.001315526 0.999614060 0.027749319 -48.644435883 -0.102855414 -0.027737422 0.994309485 539.442077637
0.994602203 -0.000715212 0.103759341 58.377628326 -0.002121930 0.999626935 0.027230529 -48.818984985 -0.103740111 -0.027303712 0.994229555 541.760620117
0.994497061 -0.000261327 0.104764044 58.709606171 -0.002510085 0.999650359 0.026321132 -48.996253967 -0.104734287 -0.026439253 0.994148731 544.080932617
0.994394958 -0.000337934 0.105728865 59.023033142 -0.002541911 0.999629438 0.027102079 -49.182071686 -0.105698846 -0.027218925 0.994025588 546.402587891
0.994302928 -0.000440705 0.106590092 59.347808838 -0.002563858 0.999603212 0.028049342 -49.362846375 -0.106560148 -0.028162824 0.993907332 548.722045898
0.994234025 -0.000638690 0.107230105 59.675579071 -0.002412379 0.999595881 0.028321341 -49.539424896 -0.107204884 -0.028416723 0.993830800 551.025146484
0.994214892 -0.001654054 0.107396379 60.012001038 -0.001290478 0.999625266 0.027342141 -49.713657379 -0.107401364 -0.027322555 0.993840218 553.333007812
0.994247556 -0.001844099 0.107090719 60.354576111 -0.001148594 0.999610662 0.027876999 -49.892967224 -0.107100435 -0.027839642 0.993858278 555.645690918
0.994174898 -0.001586236 0.107767127 60.685134888 -0.001477863 0.999597073 0.028346771 -50.069458008 -0.107768685 -0.028340919 0.993771970 557.957458496
0.994127572 -0.000976654 0.108210295 61.025138855 -0.002228634 0.999562442 0.029496022 -50.247070312 -0.108191751 -0.029563965 0.993690372 560.294860840
0.994146526 -0.001258733 0.108032756 61.374107361 -0.002013214 0.999542832 0.030172212 -50.421039581 -0.108021326 -0.030213097 0.993689358 562.621276855
0.994105697 -0.000889271 0.108411066 61.715133667 -0.002467463 0.999521732 0.030824944 -50.591365814 -0.108386636 -0.030910755 0.993628144 564.938171387
0.994047463 0.000239112 0.108947627 62.057525635 -0.003566290 0.999533117 0.030345425 -50.767448425 -0.108889505 -0.030553335 0.993584216 567.256347656
0.994050503 0.001320897 0.108912319 62.412822723 -0.004496528 0.999571681 0.028917251 -50.935287476 -0.108827479 -0.029234935 0.993630648 569.586242676
0.994007707 0.001762788 0.109296516 62.766166687 -0.004950201 0.999570072 0.028898509 -51.107658386 -0.109198600 -0.029266378 0.993588984 571.906555176
0.994016409 0.001535199 0.109219424 63.121566772 -0.004839554 0.999538302 0.029995646 -51.285739899 -0.109122939 -0.030344736 0.993564963 574.298156738
0.994031549 0.001496041 0.109082155 63.478080750 -0.004940381 0.999497414 0.031312246 -51.463310242 -0.108980484 -0.031664267 0.993539453 576.609985352
0.993885100 0.002051865 0.110400140 63.806243896 -0.005379030 0.999539971 0.029847946 -51.641677856 -0.110288113 -0.030259274 0.993438959 579.007995605
0.993932605 0.001516917 0.109980449 64.159912109 -0.004837550 0.999540269 0.029932398 -51.811267853 -0.109884478 -0.030282822 0.993482947 581.344299316
0.993875802 0.000801223 0.110499397 64.506385803 -0.004275212 0.999503970 0.031205649 -51.989288330 -0.110419549 -0.031486947 0.993386149 583.665283203
0.993954957 0.000967213 0.109784864 64.859970093 -0.004411922 0.999505401 0.031138334 -52.156013489 -0.109700441 -0.031434458 0.993467510 585.977844238
0.993859410 -0.001515751 0.110640101 65.210273743 -0.001840239 0.999541461 0.030224077 -52.333953857 -0.110635184 -0.030242087 0.993400872 588.351196289
0.993899643 -0.001686492 0.110275187 65.567878723 -0.001626359 0.999550223 0.029944826 -52.499084473 -0.110276073 -0.029941499 0.993449867 590.696228027
0.993934810 -0.003551014 0.109912902 65.918693542 0.000195914 0.999534249 0.030520832 -52.672592163 -0.109970070 -0.030314188 0.993472457 593.031799316
0.993980825 -0.004090758 0.109477878 66.279258728 0.000735229 0.999529123 0.030673122 -52.843231201 -0.109551810 -0.030408006 0.993515849 595.392456055
