1.000000000 0.000000000 0.000000000 0.000000000 0.000000000 1.000000000 0.000000000 0.000000000 0.000000000 0.000000000 1.000000000 0.000000000
0.999999881 0.000165586 0.000437566 0.086494923 -0.000165535 1.000000000 -0.000116604 -0.226064757 -0.000437585 0.000116531 0.999999881 2.287862778
0.999999046 0.000634014 0.001232423 0.164022982 -0.000634658 0.999999642 0.000521880 -0.464192957 -0.001232092 -0.000522662 0.999999046 4.584130764
0.999998450 0.000208730 0.001740145 0.261497766 -0.000209719 0.999999821 0.000568149 -0.693772376 -0.001740026 -0.000568513 0.999998331 6.872304916
0.999996662 -0.000046463 0.002593764 0.354715705 0.000049651 0.999999225 -0.001229247 -0.924911022 -0.002593705 0.001229372 0.999995887 9.170479774
0.999986887 0.001781868 0.004811462 0.444570780 -0.001782803 0.999998331 0.000189880 -1.161274314 -0.004811115 -0.000198456 0.999988496 11.477677345
0.999965429 0.003507914 0.007533947 0.527929425 -0.003516560 0.999993145 0.001134807 -1.389029980 -0.007529914 -0.001161262 0.999970973 13.786013603
0.999947965 0.003336007 0.009635977 0.639962256 -0.003371014 0.999987781 0.003619075 -1.617689848 -0.009623786 -0.003651370 0.999946952 16.057186127
0.999943852 0.003458647 0.010014904 0.770035625 -0.003508405 0.999981582 0.004955135 -1.850267529 -0.009997583 -0.004989994 0.999937594 18.400779724
0.999933422 0.002659833 0.011221215 0.889836192 -0.002717687 0.999983072 0.005143698 -2.075210094 -0.011207344 -0.005173851 0.999923825 20.690004349
0.999926805 0.000458684 0.012092484 1.001624465 -0.000489737 0.999996603 0.002565106 -2.300381660 -0.012091268 -0.002570840 0.999923587 23.013332367
0.999914765 -0.001813159 0.012927711 1.110083580 0.001807847 0.999998331 0.000422579 -2.520115137 -0.012928456 -0.000399172 0.999916315 25.295160294
0.999912858 -0.002376792 0.012983834 1.244920492 0.002377600 0.999997199 -0.000046752 -2.771172523 -0.012983689 0.000077618 0.999915659 27.611589432
0.999900818 -0.001940030 0.013945360 1.351222992 0.001954006 0.999997556 -0.000988581 -2.997866869 -0.013943407 0.001015733 0.999902308 29.897291183
0.999894798 0.000319378 0.014501382 1.473803997 -0.000339094 0.999999046 0.001357172 -3.228717327 -0.014500930 -0.001361947 0.999893904 32.177482605
0.999891043 0.002365019 0.014572156 1.603380203 -0.002413046 0.999991655 0.003279058 -3.448364019 -0.014564280 -0.003313864 0.999888420 34.460815430
0.999857664 0.004546085 0.016245794 1.712887883 -0.004667948 0.999961197 0.007471186 -3.679935217 -0.016211199 -0.007545957 0.999840140 36.757621765
0.999839842 0.006396463 0.016714400 1.833459973 -0.006515190 0.999953866 0.007058526 -3.899623871 -0.016668480 -0.007166293 0.999835432 39.029575348
0.999809265 0.005551903 0.018723540 1.938272834 -0.005652204 0.999969959 0.005308278 -4.105392456 -0.018693510 -0.005413095 0.999810636 41.329975128
0.999812961 0.003204658 0.019075885 2.061674833 -0.003286217 0.999985635 0.004245663 -4.331523418 -0.019062005 -0.004307556 0.999809086 43.606052399
0.999817848 0.003119084 0.018829394 2.200230598 -0.003180975 0.999989629 0.003257885 -4.557286739 -0.018819036 -0.003317187 0.999817371 45.839820862
0.999813259 0.002740772 0.019130291 2.323386669 -0.002782862 0.999993742 0.002173909 -4.786401272 -0.019124219 -0.002226739 0.999814630 48.107162476
0.999817073 0.001326081 0.019079404 2.459351778 -0.001378938 0.999995232 0.002757474 -5.019972801 -0.019075658 -0.002783278 0.999814272 50.381896973
0.999795854 0.000505085 0.020204149 2.586408615 -0.000567857 0.999995053 0.003101272 -5.245584488 -0.020202480 -0.003112112 0.999791086 52.645908356
0.999790967 -0.000814152 0.020429378 2.723168612 0.000748745 0.999994636 0.003209054 -5.477941036 -0.020431876 -0.003193086 0.999786198 54.926879883
0.999764323 -0.000931133 0.021686193 2.850598335 0.000854487 0.999993324 0.003543311 -5.708938599 -0.021689348 -0.003523946 0.999758482 57.222309113
0.999743819 -0.002273873 0.022518301 2.988494396 0.002179851 0.999988794 0.004199013 -5.934917927 -0.022527602 -0.004148851 0.999737620 59.489196777
0.999708056 -0.003818548 0.023859385 3.116456509 0.003727496 0.999985516 0.003859510 -6.162388802 -0.023873778 -0.003769447 0.999707878 61.761714935
0.999689221 -0.004481860 0.024520088 3.264533997 0.004399162 0.999984443 0.003425589 -6.384966850 -0.024535066 -0.003316657 0.999693453 64.015388489
0.999657929 -0.003932966 0.025861101 3.403605461 0.003833499 0.999985039 0.003894710 -6.606301785 -0.025876042 -0.003794240 0.999657989 66.287147522
0.999640524 -0.003147358 0.026625391 3.553568602 0.003037996 0.999986768 0.004146913 -6.833748341 -0.026638091 -0.004064533 0.999636889 68.546989441
0.999603748 -0.003302573 0.027954955 3.692438602 0.003201949 0.999988198 0.003643534 -7.058392525 -0.027966658 -0.003552581 0.999602556 70.802436829
0.999590039 -0.004213871 0.028323239 3.853368759 0.004155839 0.999989152 0.002107456 -7.281320095 -0.028331814 -0.001988885 0.999596596 73.059112549
0.999572158 -0.005198382 0.028782714 4.008088589 0.005127758 0.999983668 0.002526948 -7.509748936 -0.028795384 -0.002378276 0.999582469 75.338439941
0.999526978 -0.006387556 0.030084472 4.166254044 0.006330949 0.999978006 0.001976450 -7.742653370 -0.030096432 -0.001785052 0.999545395 77.603103638
0.999529541 -0.007290721 0.029790279 4.327325821 0.007236392 0.999972045 0.001931079 -7.977062225 -0.029803522 -0.001714596 0.999554217 79.870780945
0.999500036 -0.007624298 0.030684900 4.475737572 0.007586929 0.999970317 0.001334073 -8.194595337 -0.030694159 -0.001100602 0.999528229 82.127052307
0.999483764 -0.006732053 0.031412847 4.641895294 0.006695310 0.999976695 0.001274709 -8.424476624 -0.031420697 -0.001063733 0.999505699 84.408546448
0.999441266 -0.006416450 0.032801010 4.799607754 0.006359112 0.999978006 0.001852073 -8.647221565 -0.032812171 -0.001642453 0.999460220 86.664779663
0.999431908 -0.006231478 0.033122033 4.967424393 0.006125288 0.999975801 0.003306507 -8.885710716 -0.033141837 -0.003101746 0.999445856 88.945465088
0.999405205 -0.005290809 0.034074400 5.128430367 0.005159150 0.999978900 0.003950623 -9.115063667 -0.034094587 -0.003772480 0.999411464 91.199295044
0.999380291 -0.005057284 0.034834426 5.295701981 0.004920924 0.999979913 0.003999144 -9.339899063 -0.034853954 -0.003825248 0.999385118 93.436378479
0.999373257 -0.004863460 0.035063770 5.470965385 0.004758311 0.999983907 0.003081639 -9.560742378 -0.035078205 -0.002912863 0.999380291 95.685112000
0.999333322 -0.005598880 0.036077861 5.636282921 0.005475233 0.999978721 0.003525063 -9.785593987 -0.036096826 -0.003325179 0.999342740 97.935234070
0.999305010 -0.005371548 0.036885276 5.796412945 0.005265578 0.999981701 0.002969531 -10.017377853 -0.036900550 -0.002773245 0.999315083 100.175750732
0.999239087 -0.005375501 0.038630545 5.948422909 0.005228073 0.999978602 0.003916360 -10.236083031 -0.038650777 -0.003711416 0.999245882 102.402938843
0.999237299 -0.005702686 0.038630616 6.146197319 0.005550796 0.999976397 0.004037989 -10.466205597 -0.038652740 -0.003820479 0.999245405 104.683158875
0.999203026 -0.006574226 0.039371416 6.323251724 0.006396933 0.999968827 0.004627360 -10.685059547 -0.039400615 -0.004371815 0.999213874 106.923377991
0.999180496 -0.007954604 0.039686952 6.508429050 0.007773506 0.999958694 0.004715398 -10.904301643 -0.039722815 -0.004403027 0.999201059 109.178779602
0.999146163 -0.008809905 0.040365692 6.690958977 0.008583852 0.999946535 0.005769968 -11.135698318 -0.040414363 -0.005418548 0.999168336 111.433135986
0.999120653 -0.009617104 0.040808693 6.877274513 0.009456212 0.999946773 0.004133831 -11.355823517 -0.040846273 -0.003744300 0.999158382 113.702079773
0.999078512 -0.009739315 0.041799650 7.055866241 0.009603716 0.999947965 0.003443601 -11.580302238 -0.041831013 -0.003038995 0.999119997 115.952949524
0.999045074 -0.010100764 0.042507868 7.238764763 0.009945887 0.999943137 0.003853407 -11.811233521 -0.042544372 -0.003426949 0.999088705 118.203941345
0.998983681 -0.010350190 0.043868981 7.422458649 0.010148391 0.999936879 0.004820267 -12.041694641 -0.043916102 -0.004370168 0.999025583 120.477287292
0.998970747 -0.011165398 0.043964770 7.623093605 0.010944597 0.999926269 0.005259766 -12.268223763 -0.044020258 -0.004773175 0.999019206 122.689392090
0.998896718 -0.012111534 0.045373075 7.814745903 0.011904761 0.999917507 0.004824625 -12.495116234 -0.045427766 -0.004279147 0.998958409 125.007804871
0.998862505 -0.012613496 0.045987718 7.998108864 0.012437156 0.999914110 0.004118674 -12.722443581 -0.046035718 -0.003542033 0.998933494 127.267433167
0.998850942 -0.014475124 0.045685977 8.189945221 0.014282385 0.999887645 0.004542377 -12.942860603 -0.045746610 -0.003884652 0.998945475 129.527542114
0.998870075 -0.015635470 0.044880822 8.374206543 0.015442001 0.999869943 0.004654267 -13.158362389 -0.044947755 -0.003955958 0.998981535 131.777053833
0.998939097 -0.016037190 0.043167450 8.575108528 0.015799103 0.999858081 0.005850981 -13.380079269 -0.043255161 -0.005162767 0.999050736 134.010452271
0.998997748 -0.016908268 0.041444629 8.766870499 0.016686127 0.999844551 0.005700150 -13.610403061 -0.041534565 -0.005002887 0.999124527 136.253189087
0.999067307 -0.017621266 0.039422568 8.973456383 0.017428925 0.999834478 0.005217376 -13.827304840 -0.039507978 -0.004525416 0.999208987 138.480316162
0.999043941 -0.018588172 0.039567661 9.133710861 0.018389625 0.999816418 0.005375933 -14.053071976 -0.039660331 -0.004643159 0.999202430 140.777816772
0.999040067 -0.019025097 0.039458498 9.305840492 0.018831966 0.999808729 0.005260567 -14.262021065 -0.039551046 -0.004512436 0.999207318 143.009017944
0.999078691 -0.019053664 0.038454123 9.491146088 0.018800328 0.999799073 0.006939006 -14.498958588 -0.038578603 -0.006209662 0.999236286 145.283676147
0.999096453 -0.018186850 0.038413111 9.666618347 0.017977582 0.999821663 0.005786358 -14.715206146 -0.038511503 -0.005090556 0.999245167 147.542175293
0.999114931 -0.017060423 0.038448971 9.846902847 0.016905205 0.999847591 0.004358507 -14.937327385 -0.038517471 -0.003704662 0.999251068 149.793792725
0.999125659 -0.015480132 0.038833383 10.020507812 0.015352891 0.999875724 0.003572669 -15.161723137 -0.038883869 -0.002973341 0.999239326 152.041458130
0.999130964 -0.014802873 0.038962215 10.203339577 0.014670252 0.999885499 0.003687515 -15.383195877 -0.039012343 -0.003112725 0.999233842 154.282485962
0.999119997 -0.014049655 0.039518848 10.388156891 0.013901633 0.999895275 0.004017903 -15.602695465 -0.039571159 -0.003464991 0.999210715 156.544235229
0.999111891 -0.012765431 0.040155780 10.551446915 0.012550614 0.999905586 0.005597151 -15.830339432 -0.040223438 -0.005088199 0.999177873 158.784790039
0.999059856 -0.012168797 0.041609623 10.729612350 0.011909288 0.999908090 0.006478980 -16.048698425 -0.041684635 -0.005977347 0.999112964 161.022476196
0.999033153 -0.010655896 0.042652566 10.892791748 0.010305350 0.999911368 0.008430054 -16.272684097 -0.042738613 -0.007982355 0.999054313 163.315032959
0.998998582 -0.010219340 0.043556422 11.077149391 0.009901207 0.999922693 0.007513428 -16.478311539 -0.043629844 -0.007074643 0.999022722 165.579711914
0.998963177 -0.009473646 0.044529263 11.271992683 0.009218933 0.999939978 0.005921980 -16.690143585 -0.044582684 -0.005505328 0.998990536 167.828857422
0.998899281 -0.007628334 0.046282005 11.458229065 0.007354015 0.999954462 0.006094529 -16.906440735 -0.046326388 -0.005747462 0.998909771 170.063034058
0.998762250 -0.007410944 0.049186226 11.649536133 0.007114711 0.999955416 0.006195049 -17.132860184 -0.049229942 -0.005837435 0.998770535 172.353027344
0.998651028 -0.007538800 0.051374096 11.853315353 0.007232898 0.999954998 0.006137719 -17.352210999 -0.051418062 -0.005757857 0.998660564 174.617462158
0.998560190 -0.007410110 0.053127360 12.057460785 0.007067840 0.999953032 0.006627428 -17.571485519 -0.053173970 -0.006242391 0.998565733 176.864669800
0.998507261 -0.007908115 0.054043386 12.259607315 0.007536535 0.999946535 0.007075964 -17.781106949 -0.054096453 -0.006658102 0.998513460 179.094467163
0.998505473 -0.009588737 0.053803716 12.482252121 0.009240254 0.999934733 0.006721964 -18.001634598 -0.053864658 -0.006214758 0.998528898 181.367721558
0.998480916 -0.010443633 0.054100536 12.685289383 0.010122193 0.999929488 0.006212160 -18.213523865 -0.054161604 -0.005655107 0.998516083 183.610549927
0.998547792 -0.011351401 0.052663047 12.917293549 0.011013544 0.999916852 0.006701249 -18.448726654 -0.052734740 -0.006111511 0.998589873 185.855865479
0.998563886 -0.013248290 0.051909696 13.130548477 0.012880379 0.999889553 0.007415701 -18.663986206 -0.052002210 -0.006736435 0.998624265 188.102844238
0.998585641 -0.014055946 0.051274121 13.339571953 0.013729933 0.999883235 0.006704943 -18.873504639 -0.051362388 -0.005991470 0.998662174 190.348312378
0.998544037 -0.014938667 0.051832482 13.548578262 0.014602050 0.999869704 0.006866995 -19.104358673 -0.051928319 -0.006100138 0.998632193 192.595672607
0.998525918 -0.016443456 0.051726285 13.748008728 0.016156020 0.999851644 0.005970195 -19.317256927 -0.051816784 -0.005125703 0.998643458 194.831085205
0.998554528 -0.015935859 0.051331546 13.962031364 0.015631666 0.999857783 0.006322118 -19.537820816 -0.051424991 -0.005510581 0.998661578 197.071273804
0.998544216 -0.014425012 0.051973298 14.171582222 0.014107652 0.999879599 0.006467879 -19.757495880 -0.052060328 -0.005725241 0.998627484 199.302886963
0.998572171 -0.011442093 0.052178256 14.372772217 0.011132456 0.999918699 0.006220973 -19.982900620 -0.052245189 -0.005631219 0.998618424 201.576889038
0.998545051 -0.010751249 0.052841503 14.584582329 0.010477860 0.999930263 0.005448058 -20.201045990 -0.052896388 -0.004886465 0.998587966 203.845184326
0.998498082 -0.011006143 0.053668719 14.783271790 0.010703546 0.999925137 0.005922434 -20.412994385 -0.053729884 -0.005339095 0.998541176 206.070510864
0.998505294 -0.012585291 0.053185970 15.024772644 0.012289414 0.999907136 0.005886478 -20.635276794 -0.053255115 -0.005224055 0.998567283 208.334793091
0.998448491 -0.012267691 0.054316204 15.230977058 0.011934237 0.999907911 0.006459218 -20.849235535 -0.054390449 -0.005800975 0.998502851 210.568496704
0.998380423 -0.012469378 0.055507373 15.452849388 0.012073757 0.999899328 0.007457024 -21.075244904 -0.055594772 -0.006774765 0.998430371 212.821136475
0.998321116 -0.011043383 0.056859449 15.687675476 0.010622937 0.999913990 0.007691465 -21.290534973 -0.056939501 -0.007074536 0.998352528 215.052093506
0.998148024 -0.008956148 0.060169280 15.902977943 0.008509581 0.999934375 0.007673975 -21.503393173 -0.060234062 -0.007147746 0.998158634 217.327072144
0.998013556 -0.009036459 0.062348377 16.129308701 0.008545507 0.999930382 0.008136512 -21.718509674 -0.062417559 -0.007587551 0.998021305 219.573944092
0.997896969 -0.010514355 0.063963719 16.362691879 0.009992120 0.999914110 0.008479012 -21.928527832 -0.064047389 -0.007822046 0.997916222 221.806274414
0.997795343 -0.012171253 0.065240048 16.594718933 0.011587127 0.999889314 0.009324416 -22.139112473 -0.065346323 -0.008547913 0.997826040 224.039566040
0.997735620 -0.014156242 0.065751247 16.845279694 0.013613864 0.999869585 0.008689727 -22.357585907 -0.065865666 -0.007774922 0.997798204 226.278930664
0.997700453 -0.015290842 0.066030502 17.082113266 0.014770543 0.999855936 0.008360692 -22.565446854 -0.066148832 -0.007366160 0.997782588 228.527084351
0.997646153 -0.015663665 0.066758685 17.317554474 0.015131274 0.999849617 0.008473065 -22.774040222 -0.066881344 -0.007442978 0.997733295 230.765335083
0.997602701 -0.017002907 0.067080520 17.565376282 0.016543316 0.999835730 0.007400918 -22.986515045 -0.067195341 -0.006273442 0.997720122 233.018447876
0.997554123 -0.017980030 0.067545772 17.802848816 0.017452225 0.999812424 0.008396119 -23.195297241 -0.067684062 -0.007196759 0.997680843 235.253280640
0.997579694 -0.017151473 0.067382634 18.085359573 0.016608011 0.999824882 0.008617206 -23.412437439 -0.067518644 -0.007477260 0.997690022 237.521743774
0.997549117 -0.017211830 0.067819573 18.324378967 0.016678369 0.999825418 0.008424243 -23.617715836 -0.067952730 -0.007272476 0.997662008 239.748245239
0.997522056 -0.017321171 0.068187743 18.569881439 0.016761661 0.999821067 0.008769093 -23.831504822 -0.068327427 -0.007604424 0.997633994 241.978164673
0.997474968 -0.017556800 0.068814255 18.809185028 0.016988542 0.999816597 0.008834451 -24.040136337 -0.068956733 -0.007643091 0.997590303 244.217590332
0.997437716 -0.017783532 0.069293372 19.053203583 0.017265046 0.999818325 0.008074219 -24.256593704 -0.069424376 -0.006857179 0.997563601 246.446304321
0.997453749 -0.017491328 0.069138475 19.306873322 0.017023578 0.999828100 0.007348864 -24.472446442 -0.069255129 -0.006153167 0.997579992 248.679504395
0.997430980 -0.017735548 0.069403976 19.555278778 0.017231824 0.999820709 0.007849829 -24.687225342 -0.069530755 -0.006633705 0.997557759 250.919784546
0.997399867 -0.018797096 0.069569990 19.806423187 0.018301101 0.999802411 0.007759974 -24.902954102 -0.069702089 -0.006466592 0.997546852 253.152969360
0.997395396 -0.018937457 0.069596775 20.064432144 0.018398335 0.999795616 0.008379336 -25.116319656 -0.069741227 -0.007077047 0.997539997 255.410614014
0.997341573 -0.019649990 0.070169233 20.294652939 0.019098178 0.999781191 0.008526367 -25.329055786 -0.070321433 -0.007163597 0.997498572 257.628448486
0.997342288 -0.019804148 0.070115171 20.563400269 0.019209297 0.999773622 0.009148084 -25.549949646 -0.070280463 -0.007776907 0.997497082 259.889831543
0.997307777 -0.019294782 0.070745066 20.815584183 0.018735671 0.999787807 0.008558212 -25.759380341 -0.070895173 -0.007209716 0.997457743 262.135864258
0.997283041 -0.019253496 0.071104586 21.071224213 0.018729860 0.999792516 0.008023736 -25.969371796 -0.071244314 -0.006670159 0.997436523 264.392547607
0.997260809 -0.018555863 0.071601532 21.330766678 0.018055255 0.999807835 0.007632569 -26.187381744 -0.071729422 -0.006318877 0.997404218 266.632080078
0.997184336 -0.017967109 0.072804265 21.582237244 0.017462866 0.999818921 0.007556671 -26.396257401 -0.072926849 -0.006264023 0.997317612 268.877319336
0.997085989 -0.017533962 0.074242994 21.839176178 0.017022302 0.999826849 0.007518873 -26.622863770 -0.074361965 -0.006233174 0.997211814 271.120117188
0.997004271 -0.018155493 0.075185232 22.109411240 0.017627301 0.999815106 0.007682911 -26.838855743 -0.075310804 -0.006334583 0.997139990 273.367523193
0.996803343 -0.018923596 0.077622458 22.351810455 0.018322732 0.999796569 0.008445825 -27.048500061 -0.077766478 -0.006996572 0.996947050 275.610321045
0.996689439 -0.018992083 0.079053439 22.623109818 0.018279508 0.999785602 0.009727786 -27.253561020 -0.079221234 -0.008250523 0.996822894 277.850738525
0.996629417 -0.018215699 0.079987586 22.901609421 0.017376121 0.999786437 0.011179973 -27.476860046 -0.080174163 -0.009752418 0.996733189 280.101501465
0.996547639 -0.018067267 0.081033133 23.181953430 0.017116180 0.999776423 0.012416403 -27.690879822 -0.081239350 -0.010986561 0.996634066 282.337951660
0.996474802 -0.016986653 0.082154945 23.455677032 0.016047277 0.999798238 0.012081063 -27.888790131 -0.082343586 -0.010720110 0.996546328 284.602050781
0.996375024 -0.015918329 0.083567753 23.722412109 0.015032186 0.999823987 0.011222458 -28.087100983 -0.083731689 -0.009925569 0.996438920 286.829284668
0.996327996 -0.015229185 0.084252484 23.999551773 0.014400343 0.999841869 0.010436609 -28.289354324 -0.084398113 -0.009185023 0.996389747 289.072296143
0.996263683 -0.016031804 0.084862866 24.270009995 0.015169414 0.999826670 0.010797281 -28.502143860 -0.085021257 -0.009469618 0.996334076 291.299072266
0.996194601 -0.015758809 0.085719518 24.533895493 0.014967090 0.999839187 0.009871043 -28.708610535 -0.085861281 -0.008550507 0.996270359 293.585388184
0.996223450 -0.016242217 0.085293874 24.817462921 0.015522663 0.999838293 0.009092642 -28.915037155 -0.085427739 -0.007734314 0.996314347 295.812072754
0.996228278 -0.016240761 0.085237890 25.098428726 0.015537324 0.999839544 0.008909616 -29.124204636 -0.085368924 -0.007551643 0.996320724 298.044769287
0.996225297 -0.015604674 0.085391141 25.377000809 0.014890145 0.999848604 0.008998258 -29.330329895 -0.085518628 -0.007692807 0.996306896 300.282409668
0.996154249 -0.015154414 0.086296037 25.634460449 0.014322879 0.999844909 0.010246915 -29.549585342 -0.086437941 -0.008971501 0.996216834 302.517669678
0.996166945 -0.015369594 0.086110517 25.920711517 0.014523343 0.999839902 0.010445382 -29.756729126 -0.086257257 -0.009154733 0.996230841 304.763549805
0.996139944 -0.014708889 0.086538464 26.207172394 0.013831505 0.999846756 0.010729577 -29.967327118 -0.086683020 -0.009491201 0.996190667 307.014129639
0.996135592 -0.015753198 0.086404562 26.489318848 0.014872616 0.999830723 0.010825738 -30.181871414 -0.086560473 -0.009498839 0.996201456 309.269470215
0.996104360 -0.016882880 0.086551145 26.774242401 0.015971687 0.999809742 0.011209510 -30.387430191 -0.086723901 -0.009783473 0.996184349 311.524505615
0.996077180 -0.016778497 0.086883396 27.058658600 0.015924541 0.999817908 0.010512630 -30.593721390 -0.087043948 -0.009087813 0.996163011 313.761352539
0.996098340 -0.016606741 0.086672626 27.349685669 0.015689308 0.999813497 0.011255556 -30.805191040 -0.086843401 -0.009851809 0.996173263 316.011871338
0.996043086 -0.014921483 0.087609656 27.631353378 0.014063973 0.999847054 0.010397028 -31.014514923 -0.087751396 -0.009123748 0.996100724 318.258056641
0.996035933 -0.013403604 0.087935336 27.910612106 0.012498104 0.999863088 0.010839854 -31.219779968 -0.088068567 -0.009697859 0.996067226 320.506835938
0.995981038 -0.012174512 0.088733122 28.188283920 0.011276347 0.999880195 0.010616364 -31.428668976 -0.088851728 -0.009573115 0.995998859 322.740600586
0.995929301 -0.011233417 0.089435376 28.464368820 0.010285236 0.999885976 0.011055695 -31.631374359 -0.089549378 -0.010090824 0.995931268 324.981292725
0.995910347 -0.011108426 0.089661337 28.755565643 0.010032787 0.999872267 0.012438496 -31.846982956 -0.089788087 -0.011488074 0.995894551 327.209991455
0.995899558 -0.012034311 0.089660704 29.040100098 0.010971970 0.999863684 0.012331937 -32.056816101 -0.089796886 -0.011297616 0.995896041 329.454254150
0.995909095 -0.013455237 0.089353092 29.337455750 0.012479501 0.999856353 0.011469730 -32.259784698 -0.089494586 -0.010307726 0.995933950 331.690185547
0.995902479 -0.013212183 0.089463584 29.622142792 0.012247817 0.999860883 0.011319857 -32.467147827 -0.089600705 -0.010177739 0.995925784 333.904724121
0.995879471 -0.013730470 0.089640521 29.908432007 0.012647410 0.999840081 0.012639130 -32.670684814 -0.089799725 -0.011453331 0.995894015 336.132568359
0.995946467 -0.014528139 0.088767059 30.213649750 0.013465593 0.999830425 0.012557214 -32.872310638 -0.088934429 -0.011311011 0.995973229 338.367034912
0.995949209 -0.014466150 0.088746138 30.496068954 0.013367679 0.999826670 0.012959583 -33.082168579 -0.088918231 -0.011720754 0.995969951 340.611022949
0.995983124 -0.014677962 0.088329241 30.790693283 0.013620816 0.999828339 0.012559132 -33.287517548 -0.088498399 -0.011305566 0.996012151 342.856048584
0.996008992 -0.014799019 0.088017568 31.077245712 0.013704117 0.999821186 0.013030910 -33.489830017 -0.088194683 -0.011772699 0.996033609 345.102020264
0.996050715 -0.014606847 0.087576143 31.362813950 0.013505806 0.999822319 0.013151794 -33.690452576 -0.087752685 -0.011917070 0.996070981 347.343261719
0.996091545 -0.014816896 0.087075129 31.647609711 0.013735141 0.999820888 0.013009332 -33.891838074 -0.087252304 -0.011762495 0.996116817 349.589935303
0.996104956 -0.014475807 0.086978965 31.927774429 0.013354867 0.999820292 0.013455616 -34.097873688 -0.087158129 -0.012241614 0.996119261 351.832550049
0.996133864 -0.014749743 0.086602561 32.208492279 0.013600442 0.999811590 0.013846070 -34.296848297 -0.086790480 -0.012614702 0.996146739 354.062011719
0.996150374 -0.014432707 0.086464621 32.485294342 0.013329931 0.999822438 0.013317922 -34.498100281 -0.086641468 -0.012114086 0.996165931 356.299530029
0.996198297 -0.014656425 0.085872687 32.769634247 0.013507362 0.999811530 0.013946820 -34.700164795 -0.086060897 -0.012733885 0.996208489 358.533416748
0.996253490 -0.014165124 0.085313387 33.058757782 0.012949039 0.999806762 0.014790898 -34.903545380 -0.085506432 -0.013630759 0.996244371 360.774200439
0.996312559 -0.014372013 0.084585957 33.348777771 0.013181548 0.999806285 0.014615771 -35.103958130 -0.084779650 -0.013446903 0.996308982 363.023254395
0.996356666 -0.014344701 0.084069200 33.633270264 0.013121588 0.999800146 0.015083428 -35.301906586 -0.084268779 -0.013925354 0.996345699 365.263671875
0.996403277 -0.014429786 0.083500288 33.914978027 0.013276475 0.999808848 0.014350909 -35.500431061 -0.083691411 -0.013190701 0.996404409 367.520202637
0.996405900 -0.014897002 0.083386727 34.187862396 0.013758577 0.999804378 0.014210432 -35.700550079 -0.083582103 -0.013012074 0.996415913 369.773468018
0.996402621 -0.014918662 0.083421983 34.461242676 0.013870031 0.999817550 0.013135692 -35.895404816 -0.083602741 -0.011931374 0.996427715 372.039154053
0.996463895 -0.014824329 0.082703263 34.740962982 0.013780984 0.999818265 0.013172150 -36.097892761 -0.082883492 -0.011985838 0.996487141 374.273986816
0.996531606 -0.014694868 0.081908114 35.023944855 0.013623087 0.999814332 0.013628710 -36.296409607 -0.082093194 -0.012465598 0.996546686 376.519073486
0.996466458 -0.014140820 0.082794338 35.288486481 0.013019293 0.999816239 0.014070248 -36.495483398 -0.082978092 -0.012942603 0.996467352 378.768493652
0.996461272 -0.014786615 0.082742505 35.564327240 0.013639702 0.999803126 0.014409390 -36.701049805 -0.082939290 -0.013229817 0.996466696 381.013183594
0.996490002 -0.014614059 0.082425311 35.847713470 0.013465722 0.999804616 0.014470604 -36.895946503 -0.082620665 -0.013309898 0.996492326 383.270019531
0.996496975 -0.013760430 0.082489215 36.127147675 0.012594189 0.999813497 0.014641814 -37.098613739 -0.082675308 -0.013551640 0.996484399 385.522430420
0.996486008 -0.012580815 0.082808532 36.399696350 0.011406519 0.999827802 0.014638710 -37.291069031 -0.082978435 -0.013642715 0.996457934 387.784179688
0.996516109 -0.011384008 0.082621358 36.684844971 0.010212540 0.999841452 0.014587586 -37.499225616 -0.082774334 -0.013692988 0.996474206 390.060913086
0.996497512 -0.010300598 0.082986750 36.956478119 0.009125729 0.999852836 0.014524231 -37.700862885 -0.083124153 -0.013716041 0.996444941 392.339843750
0.996521890 -0.009274111 0.082813747 37.236289978 0.007987474 0.999842405 0.015854321 -37.899444580 -0.082947738 -0.015137709 0.996438861 394.597442627
0.996463299 -0.007906753 0.083656348 37.504066467 0.006561837 0.999844909 0.016339464 -38.100311279 -0.083772570 -0.015732735 0.996360719 396.857269287
0.996418774 -0.007729949 0.084202588 37.782711029 0.006500503 0.999868393 0.014865455 -38.307796478 -0.084306419 -0.014264858 0.996337771 399.123321533
0.996341527 -0.007163652 0.085159130 38.054344177 0.005964488 0.999879599 0.014327553 -38.507308960 -0.085251518 -0.013767208 0.996264338 401.386474609
0.996284008 -0.008883660 0.085668609 38.327224731 0.007603297 0.999854624 0.015260250 -38.706169128 -0.085791714 -0.014552181 0.996206820 403.653839111
0.996224761 -0.010365718 0.086189955 38.608886719 0.008989890 0.999826133 0.016335601 -38.905937195 -0.086344309 -0.015499092 0.996144712 405.908050537
0.996202290 -0.011358926 0.086324036 38.889259338 0.009987965 0.999817312 0.016296905 -39.102375031 -0.086493395 -0.015372819 0.996133745 408.163696289
0.996177018 -0.011095416 0.086650677 39.182571411 0.009837469 0.999840200 0.014930982 -39.296497345 -0.086802498 -0.014021479 0.996126890 410.431793213
0.996095717 -0.009334719 0.087785043 39.474575043 0.008011573 0.999849081 0.015412878 -39.507041931 -0.087915674 -0.014649400 0.996020198 412.713165283
0.996015847 -0.008040385 0.088812903 39.749580383 0.006716919 0.999862075 0.015190571 -39.705772400 -0.088922791 -0.014533500 0.995932460 414.950958252
0.995938182 -0.006971071 0.089770481 40.041645050 0.005601483 0.999864101 0.015499475 -39.904960632 -0.089866333 -0.014933671 0.995841861 417.222900391
0.995880604 -0.007028879 0.090400927 40.336215973 0.005684262 0.999869406 0.015122807 -40.103591919 -0.090495415 -0.014546649 0.995790601 419.477111816
0.995783448 -0.007196622 0.091451898 40.622226715 0.005836828 0.999868393 0.015127726 -40.300422668 -0.091548756 -0.014530150 0.995694578 421.729522705
0.995706618 -0.007420351 0.092267580 40.908657074 0.006077284 0.999871433 0.014828667 -40.502643585 -0.092365764 -0.014204266 0.995623827 423.987091064
0.995649159 -0.007816335 0.092852168 41.207092285 0.006364780 0.999852955 0.015918842 -40.702251434 -0.092962950 -0.015258601 0.995552599 426.254852295
0.995582461 -0.006755068 0.093647152 41.498184204 0.005237157 0.999851048 0.016445145 -40.897350311 -0.093744285 -0.015882058 0.995469630 428.505676270
0.995515764 -0.006037157 0.094402559 41.800758362 0.004439341 0.999843478 0.017126406 -41.093551636 -0.094491184 -0.016630525 0.995386779 430.781066895
0.995505035 -0.006689924 0.094472133 42.095283508 0.005070555 0.999836206 0.017370898 -41.297546387 -0.094572872 -0.016813785 0.995375931 433.049438477
0.995461226 -0.007354459 0.094883412 42.399337769 0.005780968 0.999841273 0.016847668 -41.503414154 -0.094992265 -0.016222684 0.995345831 435.315612793
0.995450616 -0.006554618 0.095052466 42.708549500 0.004973563 0.999845505 0.016860878 -41.686351776 -0.095148280 -0.016311428 0.995329440 437.585662842
0.995413065 -0.007044844 0.095410325 43.016521454 0.005414904 0.999835134 0.017331636 -41.887771606 -0.095516697 -0.016735500 0.995287120 439.870666504
0.995462835 -0.007063217 0.094888546 43.329734802 0.005428995 0.999832630 0.017469674 -42.081802368 -0.094996050 -0.016875261 0.995334566 442.144409180
0.995391965 -0.006478547 0.095670410 43.629680634 0.004719859 0.999815822 0.018597644 -42.290573120 -0.095773280 -0.018060395 0.995239258 444.419006348
0.995370686 -0.006986042 0.095855728 43.943183899 0.005220836 0.999812365 0.018653685 -42.482830048 -0.095968045 -0.018066887 0.995220363 446.698059082
0.995366573 -0.006673692 0.095921330 44.248046875 0.004951699 0.999822497 0.018178977 -42.679016113 -0.096025623 -0.017619772 0.995222926 448.961334229
0.995376766 -0.006144459 0.095850348 44.557388306 0.004452725 0.999830723 0.017853647 -42.876277924 -0.095943823 -0.017344311 0.995235622 451.221252441
0.995337307 -0.005337447 0.096308552 44.861621857 0.003674817 0.999841273 0.017432688 -43.075126648 -0.096386336 -0.016997488 0.995198786 453.487060547
0.995248556 -0.004898431 0.097243726 45.161697388 0.003198560 0.999839485 0.017628716 -43.265430450 -0.097314470 -0.017233910 0.995104432 455.762359619
0.995213985 -0.004969507 0.097593039 45.462604523 0.003291771 0.999844074 0.017344648 -43.468048096 -0.097664014 -0.016940383 0.995075226 458.022521973
0.995222926 -0.003996275 0.097546726 45.780498505 0.002392006 0.999859989 0.016557567 -43.664730072 -0.097599246 -0.016245142 0.995093167 460.305175781
0.995210946 -0.003132934 0.097700335 46.091793060 0.001456373 0.999850571 0.017226836 -43.864158630 -0.097739704 -0.017002048 0.995066762 462.587097168
0.995227933 -0.002652108 0.097540885 46.401847839 0.000858306 0.999829948 0.018427623 -44.058742523 -0.097573146 -0.018255971 0.995060921 464.863555908
0.995254636 -0.002759837 0.097265206 46.702957153 0.000922749 0.999820411 0.018927325 -44.250278473 -0.097299986 -0.018747758 0.995078504 467.130035400
0.995347321 -0.002625608 0.096316040 47.017604828 0.000941103 0.999845803 0.017530596 -44.442314148 -0.096347228 -0.017358391 0.995196402 469.417083740
0.995441020 -0.002610925 0.095344566 47.339958191 0.000984982 0.999853373 0.017096419 -44.642257690 -0.095375225 -0.016924562 0.995297492 471.717620850
0.995537519 -0.002928540 0.094320714 47.650077820 0.001225998 0.999835491 0.018103449 -44.845428467 -0.094358191 -0.017907031 0.995377243 473.999725342
0.995456994 -0.003169515 0.095159084 47.934947968 0.001408631 0.999826729 0.018566106 -45.044792175 -0.095201425 -0.018347716 0.995288968 476.285064697
0.995577753 -0.002540970 0.093906567 48.240726471 0.000893883 0.999845088 0.017577531 -45.219551086 -0.093936697 -0.017415857 0.995425820 478.573822021
0.995622098 -0.002491363 0.093436576 48.545299530 0.000794692 0.999834180 0.018191341 -45.416507721 -0.093466423 -0.018037448 0.995459020 480.853027344
0.995632231 -0.002786336 0.093320109 48.846088409 0.001051385 0.999825895 0.018635396 -45.609577179 -0.093355790 -0.018455883 0.995461762 483.121917725
0.995652556 -0.003385419 0.093083553 49.138336182 0.001724517 0.999837995 0.017917786 -45.805313110 -0.093129121 -0.017679365 0.995497108 485.407348633
0.995736778 -0.003547083 0.092171855 49.444561005 0.001839557 0.999825239 0.018603807 -46.007373810 -0.092221752 -0.018354937 0.995569289 487.710296631
0.995830715 -0.003949794 0.091134235 49.749618530 0.002241059 0.999819994 0.018844375 -46.199214935 -0.091192253 -0.018561572 0.995660305 489.991485596
0.995738983 -0.002904540 0.092170894 49.995052338 0.001161869 0.999819636 0.018954994 -46.394607544 -0.092209324 -0.018767131 0.995562792 492.255493164
0.995791376 -0.002166650 0.091623016 50.302528381 0.000389091 0.999811471 0.019414205 -46.587772369 -0.091647804 -0.019296851 0.995604455 494.546508789
0.995780766 -0.001617801 0.091750145 50.587982178 -0.000147371 0.999815226 0.019228864 -46.780506134 -0.091764286 -0.019161256 0.995596409 496.841339111
0.995800853 -0.001410978 0.091536529 50.896118164 -0.000302908 0.999824941 0.018706936 -46.981620789 -0.091546908 -0.018656112 0.995625973 499.159454346
0.995830715 -0.001470446 0.091208003 51.189899445 -0.000317851 0.999808073 0.019589176 -47.175727844 -0.091219291 -0.019536499 0.995639145 501.453247070
0.995843172 -0.001073670 0.091078430 51.481132507 -0.000745889 0.999800861 0.019941544 -47.374057770 -0.091081694 -0.019926585 0.995643973 503.732330322
0.995870471 -0.000202877 0.090785056 51.778976440 -0.001556836 0.999812305 0.019312050 -47.570831299 -0.090771943 -0.019373639 0.995683253 506.022094727
0.995850325 0.000097730 0.091006316 52.067680359 -0.001928765 0.999797463 0.020032141 -47.766456604 -0.090985931 -0.020124542 0.995648742 508.312469482
0.995889306 -0.000347481 0.090577804 52.368625641 -0.001372518 0.999820054 0.018926211 -47.958137512 -0.090568058 -0.018972732 0.995709538 510.600433350
0.995937765 -0.001247935 0.090035617 52.672271729 -0.000549343 0.999801159 0.019934315 -48.159885406 -0.090042591 -0.019902797 0.995739043 512.901550293
0.995952010 -0.001021379 0.089882120 52.967288971 -0.000793129 0.999796689 0.020149602 -48.352096558 -0.089884430 -0.020139322 0.995748580 515.202270508
0.995969415 -0.000183242 0.089693502 53.260501862 -0.001610009 0.999800265 0.019920334 -48.544490814 -0.089679241 -0.019984452 0.995770156 517.505065918
0.995945692 0.000835296 0.089953035 53.545387268 -0.002583046 0.999810159 0.019314921 -48.736076355 -0.089919813 -0.019468969 0.995758653 519.805297852
0.995892167 0.002100629 0.090522438 53.835533142 -0.003901447 0.999797881 0.019721255 -48.938213348 -0.090462707 -0.019993413 0.995699108 522.150146484
0.995717883 0.004378105 0.092340328 54.114074707 -0.006248658 0.999780953 0.019977788 -49.130867004 -0.092232637 -0.020469245 0.995527029 524.474426270
0.995761633 0.005030829 0.091833167 54.430999756 -0.007008991 0.999750018 0.021231046 -49.326068878 -0.091703400 -0.021784719 0.995548010 526.808471680
0.995695472 0.004755063 0.092562236 54.724124908 -0.006755132 0.999750197 0.021306526 -49.518310547 -0.092437789 -0.021840082 0.995478928 529.117309570
0.995649636 0.002943909 0.093129896 55.018898010 -0.005076343 0.999730170 0.022668816 -49.706375122 -0.093038037 -0.023042955 0.995395839 531.431091309
0.995611012 0.001350575 0.093579233 55.329647064 -0.003447879 0.999746382 0.022254007 -49.892757416 -0.093525440 -0.022478983 0.995363057 533.750305176
0.995583534 0.001442521 0.093868323 55.634059906 -0.003488319 0.999759853 0.021633916 -50.079963684 -0.093814567 -0.021865813 0.995349526 536.065185547
0.995476961 0.001254442 0.094994858 55.932727814 -0.003289549 0.999768317 0.021269763 -50.269584656 -0.094946168 -0.021486050 0.995250523 538.377563477
0.995410740 0.001658042 0.095679447 56.237415314 -0.003660474 0.999777853 0.020756835 -50.465675354 -0.095623784 -0.021011811 0.995195746 540.693054199
0.995316625 0.002492679 0.096635938 56.540706635 -0.004485189 0.999781668 0.020406982 -50.659530640 -0.096563965 -0.020744840 0.995110571 543.015563965
0.995250642 0.002858936 0.097304687 56.858146667 -0.004772460 0.999799669 0.019438220 -50.851951599 -0.097229607 -0.019810284 0.995064795 545.340332031
0.995139003 0.003020633 0.098433815 57.154479980 -0.004996913 0.999790728 0.019836904 -51.046543121 -0.098353297 -0.020232342 0.994945884 547.655334473
0.995073915 0.003062915 0.099087730 57.466640472 -0.005118039 0.999776900 0.020492909 -51.242359161 -0.099002860 -0.020899097 0.994867682 549.974670410
0.994978011 0.003319301 0.100038521 57.769733429 -0.005374821 0.999779880 0.020284770 -51.430786133 -0.099949166 -0.020720590 0.994776845 552.280517578
0.995032549 0.001096948 0.099543877 58.094577789 -0.003094421 0.999796927 0.019914066 -51.637466431 -0.099501818 -0.020123178 0.994833827 554.597106934
0.995089471 0.000724740 0.098976918 58.426452637 -0.002769070 0.999785781 0.020518811 -51.833282471 -0.098940842 -0.020692125 0.994878173 556.919921875
0.995031238 0.001083854 0.099556930 58.738460541 -0.003186914 0.999775052 0.020967601 -52.024547577 -0.099511787 -0.021180697 0.994811058 559.225585938
0.994994938 0.001746340 0.099909440 59.059005737 -0.003947324 0.999753714 0.021836355 -52.215637207 -0.099846698 -0.022121437 0.994756877 561.562438965
0.995011330 0.000917131 0.099757694 59.388751984 -0.003166040 0.999744356 0.022387736 -52.407684326 -0.099711657 -0.022591887 0.994759858 563.895080566
0.994948208 0.001907683 0.100370802 59.708473206 -0.004265572 0.999719739 0.023282427 -52.596591949 -0.100298241 -0.023592947 0.994677663 566.223388672
0.994907856 0.003001847 0.100744054 60.036262512 -0.005300580 0.999731421 0.022557637 -52.787445068 -0.100649290 -0.022976771 0.994656622 568.543212891
0.994937956 0.003978364 0.100411788 60.378833771 -0.006106336 0.999763072 0.020894008 -52.971755981 -0.100304864 -0.021401390 0.994726539 570.884826660
0.994923770 0.004588819 0.100526311 60.716373444 -0.006745440 0.999754131 0.021123910 -53.166229248 -0.100404643 -0.021694776 0.994710147 573.204284668
0.994887710 0.004179952 0.100900874 61.037513733 -0.006437117 0.999736011 0.022054916 -53.364841461 -0.100782052 -0.022591675 0.994651973 575.601379395
0.994902432 0.004078506 0.100760110 61.373134613 -0.006451441 0.999709129 0.023235723 -53.559028625 -0.100636050 -0.023767317 0.994639337 577.914367676
0.994816661 0.004665353 0.101577744 61.692363739 -0.006919006 0.999737382 0.021845477 -53.757499695 -0.101449147 -0.022435062 0.994587660 580.311706543
0.994875073 0.003930318 0.101035044 62.026535034 -0.006131315 0.999750376 0.021483192 -53.941276550 -0.100925386 -0.021992572 0.994650841 582.649902344
0.994842291 0.003619729 0.101369344 62.354156494 -0.005991413 0.999715149 0.023101786 -54.142929077 -0.101256847 -0.023589984 0.994580626 584.976318359
0.994913042 0.003837408 0.100664608 62.685134888 -0.006205256 0.999711156 0.023219585 -54.330574036 -0.100546449 -0.023726119 0.994649410 587.292846680
0.994849205 0.001245108 0.101357475 63.020736694 -0.003496088 0.999750972 0.022033731 -54.526371002 -0.101304807 -0.022274597 0.994606018 589.653747559
0.994899631 0.000886581 0.100866206 63.358325958 -0.003095254 0.999758780 0.021742661 -54.710224152 -0.100822613 -0.021943972 0.994662344 592.001953125
0.994916558 -0.001034453 0.100697339 63.682739258 -0.001225097 0.999748826 0.022374595 -54.903240204 -0.100695200 -0.022384217 0.994665504 594.338745117
0.994957864 -0.001539643 0.100281477 64.020011902 -0.000723094 0.999745965 0.022523599 -55.094757080 -0.100290708 -0.022482546 0.994704068 596.692993164
