1.000000000 0.000000000 0.000000000 0.000000000 0.000000000 1.000000000 0.000000000 0.000000000 0.000000000 0.000000000 1.000000000 0.000000000
0.999999881 0.000141623 0.000440958 0.086621515 -0.000141585 1.000000000 -0.000086251 -0.227567509 -0.000440970 0.000086189 0.999999881 2.287393570
0.999999225 0.000578577 0.001199883 0.165720105 -0.000579186 0.999999702 0.000506993 -0.464628220 -0.001199590 -0.000507688 0.999999166 4.581838608
0.999998569 0.000200925 0.001680304 0.264234066 -0.000202000 0.999999762 0.000639594 -0.695204794 -0.001680175 -0.000639933 0.999998391 6.866326332
0.999996662 0.000006997 0.002570298 0.357510090 -0.000004071 0.999999344 -0.001138720 -0.926510870 -0.002570304 0.001138706 0.999996006 9.158147812
0.999987781 0.001799120 0.004620181 0.448886245 -0.001800076 0.999998391 0.000202966 -1.161939621 -0.004619808 -0.000211280 0.999989271 11.461925507
0.999970019 0.003584024 0.006867475 0.552630663 -0.003593283 0.999992669 0.001336420 -1.394305229 -0.006862634 -0.001361057 0.999975502 13.748702049
0.999950051 0.003419796 0.009391984 0.656826675 -0.003457926 0.999985874 0.004046575 -1.624661446 -0.009378012 -0.004078849 0.999947667 16.024484634
0.999940813 0.003661118 0.010244689 0.752813220 -0.003714991 0.999979317 0.005244559 -1.851564407 -0.010225276 -0.005282308 0.999933779 18.317857742
0.999919653 0.002745174 0.012373705 0.855058193 -0.002811276 0.999981821 0.005327967 -2.074661255 -0.012358855 -0.005362326 0.999909282 20.611928940
0.999928117 0.000124651 0.011991668 0.985242486 -0.000164513 0.999994457 0.003323188 -2.307498932 -0.011991185 -0.003324922 0.999922574 22.906806946
0.999916613 -0.002093767 0.012744881 1.093569636 0.002076368 0.999996960 0.001378207 -2.528001547 -0.012747728 -0.001351630 0.999917865 25.187404633
0.999915302 -0.003607631 0.012504539 1.227905035 0.003594165 0.999992907 0.001099155 -2.782244682 -0.012508416 -0.001054118 0.999921143 27.484735489
0.999899864 -0.003186382 0.013787484 1.330662489 0.003180255 0.999994874 0.000466233 -3.008395433 -0.013788897 -0.000422339 0.999904752 29.771558762
0.999895871 -0.001542023 0.014347489 1.455583930 0.001497717 0.999994040 0.003098300 -3.236137152 -0.014352183 -0.003076489 0.999892235 32.039772034
0.999897599 0.000411992 0.014304549 1.586816788 -0.000488207 0.999985635 0.005324924 -3.454332113 -0.014302151 -0.005331363 0.999883533 34.320438385
0.999872565 0.002203271 0.015811399 1.704437017 -0.002348765 0.999954939 0.009189200 -3.682589531 -0.015790438 -0.009225165 0.999832749 36.636726379
0.999856055 0.004093159 0.016460698 1.821668506 -0.004239302 0.999951780 0.008853196 -3.898900270 -0.016423667 -0.008921703 0.999825358 38.907707214
0.999829948 0.002897757 0.018219123 1.930908680 -0.003032616 0.999968112 0.007378770 -4.105841637 -0.018197162 -0.007432767 0.999806762 41.220046997
0.999834836 0.000376380 0.018166851 2.058300972 -0.000494048 0.999978900 0.006473040 -4.328917503 -0.018164031 -0.006480947 0.999813974 43.497039795
0.999835432 -0.000104496 0.018138027 2.190511227 0.000005079 0.999984980 0.005481107 -4.554474354 -0.018138327 -0.005480113 0.999820471 45.746013641
0.999834955 -0.000653906 0.018161241 2.317816973 0.000572679 0.999989748 0.004477397 -4.779834747 -0.018163983 -0.004466256 0.999825180 48.024394989
0.999831557 -0.002206221 0.018221933 2.453938484 0.002120356 0.999986529 0.004730176 -5.003528595 -0.018232124 -0.004690742 0.999822795 50.306434631
0.999812603 -0.003299276 0.019074677 2.584516525 0.003204412 0.999982297 0.005001753 -5.224433422 -0.019090842 -0.004939692 0.999805570 52.575450897
0.999804258 -0.004498107 0.019269390 2.719489098 0.004402751 0.999977887 0.004988148 -5.451223373 -0.019291401 -0.004902333 0.999801934 54.858116150
0.999775231 -0.004874258 0.020634107 2.849913120 0.004767090 0.999975026 0.005239704 -5.678151608 -0.020659128 -0.005140162 0.999773383 57.153507233
0.999758720 -0.006446423 0.020999305 2.990998745 0.006323414 0.999962449 0.005918832 -5.900587082 -0.021036671 -0.005784617 0.999761999 59.422096252
0.999714792 -0.007753759 0.022588987 3.116712570 0.007636171 0.999956846 0.005287084 -6.121689796 -0.022629008 -0.005113082 0.999730885 61.692646027
0.999696791 -0.008519027 0.023099668 3.266044140 0.008401039 0.999951124 0.005200034 -6.343355179 -0.023142837 -0.005004395 0.999719620 63.945529938
0.999667704 -0.008071374 0.024478022 3.402667999 0.007937121 0.999952972 0.005576819 -6.559657574 -0.024521882 -0.005380683 0.999684811 66.218063354
0.999652386 -0.007194115 0.025362724 3.551193237 0.007048139 0.999958098 0.005840241 -6.783093929 -0.025403678 -0.005659450 0.999661267 68.477050781
0.999612153 -0.007434919 0.026838789 3.687026262 0.007284962 0.999957263 0.005680804 -7.007103443 -0.026879875 -0.005483080 0.999623656 70.730667114
0.999595642 -0.008284435 0.027199112 3.846197844 0.008170490 0.999957323 0.004297652 -7.226228714 -0.027233556 -0.004073686 0.999620736 72.983375549
0.999584973 -0.009171049 0.027306795 4.008008003 0.009044816 0.999947786 0.004742690 -7.450910091 -0.027348865 -0.004493736 0.999615848 75.265670776
0.999541283 -0.010319417 0.028475706 4.167378902 0.010207943 0.999939620 0.004057216 -7.677954674 -0.028515859 -0.003764677 0.999586284 77.531166077
0.999525964 -0.011444408 0.028579839 4.321124077 0.011327138 0.999926746 0.004261719 -7.905624866 -0.028626518 -0.003935971 0.999582350 79.763526917
0.999493003 -0.012024743 0.029483708 4.466780663 0.011909001 0.999920666 0.004098075 -8.122026443 -0.029530652 -0.003744875 0.999556839 82.019088745
0.999482691 -0.011349925 0.030092105 4.635300636 0.011244023 0.999929905 0.003686173 -8.343281746 -0.030131832 -0.003345910 0.999540269 84.288337708
0.999433577 -0.011137540 0.031754419 4.787831783 0.011017931 0.999931514 0.003939176 -8.555714607 -0.031796116 -0.003587077 0.999487996 86.541915894
0.999427676 -0.011227724 0.031910434 4.955555916 0.011057800 0.999923706 0.005496508 -8.789969444 -0.031969707 -0.005140503 0.999475598 88.814193726
0.999408364 -0.010605800 0.032715708 5.118592262 0.010404220 0.999925852 0.006325680 -9.014489174 -0.032780375 -0.005981557 0.999444664 91.063926697
0.999385834 -0.010319290 0.033490691 5.283123970 0.010108177 0.999927998 0.006466907 -9.234440804 -0.033555012 -0.006124405 0.999418080 93.300605774
0.999385297 -0.010691376 0.033387769 5.467108250 0.010506221 0.999928474 0.005716075 -9.449480057 -0.033446487 -0.005361782 0.999426126 95.529403687
0.999346435 -0.011390659 0.034309551 5.631134033 0.011193859 0.999919832 0.005922678 -9.666239738 -0.034374259 -0.005534750 0.999393702 97.772727966
0.999312580 -0.011132699 0.035361219 5.787389278 0.010943998 0.999924779 0.005525535 -9.894591331 -0.035420083 -0.005134744 0.999359250 100.009239197
0.999256968 -0.011086714 0.036914382 5.940444946 0.010848217 0.999919057 0.006654831 -10.109371185 -0.036985185 -0.006249430 0.999296248 102.238021851
0.999248564 -0.011588179 0.036985196 6.140448570 0.011370570 0.999916792 0.006088611 -10.319733620 -0.037052680 -0.005663493 0.999297261 104.510925293
0.999217689 -0.012435797 0.037541375 6.318471909 0.012184108 0.999901712 0.006925690 -10.534946442 -0.037623808 -0.006462864 0.999271095 106.739524841
0.999181271 -0.013891789 0.037997283 6.501773834 0.013630581 0.999881685 0.007124812 -10.749399185 -0.038091756 -0.006601052 0.999252439 108.987495422
0.999135792 -0.014868285 0.038814995 6.679103851 0.014556165 0.999859452 0.008311554 -10.973067284 -0.038933121 -0.007739373 0.999211848 111.229026794
0.999119818 -0.015572120 0.038949188 6.869363785 0.015310961 0.999858260 0.006994426 -11.189736366 -0.039052583 -0.006391920 0.999216676 113.485008240
0.999069571 -0.015949436 0.040069602 7.044341564 0.015713088 0.999857247 0.006206499 -11.404685974 -0.040162873 -0.005571107 0.999177754 115.726303101
0.999038994 -0.016332844 0.040673841 7.223585606 0.016077090 0.999848843 0.006607167 -11.626626015 -0.040775619 -0.005946900 0.999150634 117.959617615
0.998989463 -0.016434114 0.041830909 7.408050537 0.016131487 0.999841273 0.007561827 -11.843881607 -0.041948538 -0.006879392 0.999096096 120.205062866
0.998956084 -0.017240494 0.042303316 7.604606152 0.016912833 0.999824166 0.008091223 -12.062361717 -0.042435378 -0.007367309 0.999072015 122.412986755
0.998922050 -0.017803399 0.042869065 7.810735703 0.017485674 0.999816895 0.007775140 -12.287214279 -0.042999640 -0.007017165 0.999050438 124.682991028
0.998885393 -0.018582182 0.043389428 7.993922234 0.018293623 0.999807835 0.007038126 -12.507122040 -0.043511860 -0.006236531 0.999033451 126.953575134
0.998866916 -0.020239247 0.043071453 8.182906151 0.019937268 0.999773622 0.007429195 -12.718961716 -0.043212060 -0.006562049 0.999044359 129.215270996
0.998884618 -0.021368874 0.042105865 8.371221542 0.021064872 0.999748826 0.007650399 -12.932740211 -0.042258773 -0.006754912 0.999083877 131.468276978
0.998939753 -0.021728672 0.040588118 8.566501617 0.021397563 0.999734282 0.008574449 -13.142473221 -0.040763650 -0.007696871 0.999139190 133.705688477
0.998981893 -0.022592507 0.039047655 8.752510071 0.022284482 0.999717176 0.008305818 -13.359594345 -0.039224260 -0.007427203 0.999202967 135.943878174
0.999049425 -0.023205262 0.036902364 8.959371567 0.022927772 0.999705672 0.007925099 -13.569507599 -0.037075412 -0.007071475 0.999287486 138.168548584
0.999036372 -0.024236878 0.036591612 9.130303383 0.023960562 0.999681115 0.007971255 -13.792945862 -0.036773141 -0.007086819 0.999298513 140.473190308
0.999025166 -0.024576968 0.036672041 9.295512199 0.024301909 0.999673188 0.007927561 -13.997316360 -0.036854897 -0.007028633 0.999295831 142.705276489
0.999058604 -0.024480162 0.035814147 9.484889984 0.024137571 0.999658942 0.009967273 -14.231688499 -0.036045942 -0.009093425 0.999308765 144.968154907
0.999076724 -0.023673421 0.035848875 9.654558182 0.023369670 0.999687493 0.008868628 -14.442664146 -0.036047615 -0.008022664 0.999317825 147.217773438
0.999102414 -0.022516005 0.035880573 9.830382347 0.022263736 0.999724627 0.007415003 -14.658880234 -0.036037654 -0.006609512 0.999328494 149.465713501
0.999121726 -0.021127490 0.036189262 10.000547409 0.020899739 0.999759376 0.006660208 -14.876239777 -0.036321264 -0.005898012 0.999322772 151.711456299
0.999134421 -0.020332562 0.036290679 10.181605339 0.020093916 0.999774039 0.006928827 -15.093784332 -0.036423363 -0.006193608 0.999317229 153.953002930
0.999135673 -0.019907851 0.036490906 10.365728378 0.019659413 0.999781072 0.007154469 -15.304617882 -0.036625344 -0.006430896 0.999308348 156.193847656
0.999141276 -0.018055959 0.037291706 10.522434235 0.017737374 0.999803483 0.008856467 -15.522311211 -0.037444293 -0.008187406 0.999265134 158.443572998
0.999097168 -0.017502327 0.038712028 10.697202682 0.017142504 0.999806941 0.009607390 -15.731675148 -0.038872708 -0.008935094 0.999204218 160.681106567
0.999085367 -0.015930288 0.039682016 10.854564667 0.015485570 0.999814093 0.011489246 -15.944720268 -0.039857663 -0.010864239 0.999146283 162.963256836
0.999053359 -0.015644217 0.040590432 11.032262802 0.015215765 0.999825418 0.010842997 -16.145399094 -0.040752973 -0.010215119 0.999117017 165.219284058
0.999027371 -0.014979610 0.041469969 11.223672867 0.014586352 0.999845862 0.009769403 -16.354789734 -0.041609924 -0.009155005 0.999091983 167.464248657
0.998976886 -0.013185060 0.043258764 11.403657913 0.012766525 0.999869049 0.009937217 -16.561517715 -0.043384131 -0.009374787 0.999014497 169.700775146
0.998851657 -0.012652591 0.046209004 11.582476616 0.012178582 0.999870420 0.010525112 -16.787055969 -0.046336181 -0.009950264 0.998876452 171.978607178
0.998741806 -0.012911368 0.048457585 11.778976440 0.012426131 0.999869704 0.010301541 -16.994535446 -0.048584282 -0.009686436 0.998772144 174.241561890
0.998661935 -0.012610937 0.050153125 11.980482101 0.012076607 0.999867201 0.010942793 -17.205537796 -0.050284464 -0.010322473 0.998681724 176.493194580
0.998611212 -0.013010620 0.051053703 12.179306030 0.012437504 0.999856234 0.011527459 -17.405975342 -0.051196344 -0.010876469 0.998629451 178.724563599
0.998596549 -0.014694165 0.050882861 12.384990692 0.014097057 0.999827683 0.012074026 -17.635879517 -0.051051520 -0.011339781 0.998631656 180.972564697
0.998552918 -0.015491243 0.051497798 12.581401825 0.014899216 0.999818683 0.011860260 -17.839271545 -0.051672187 -0.011075822 0.998602629 183.223007202
0.998609483 -0.016822463 0.049959388 12.801799774 0.016251534 0.999798119 0.011812176 -18.057617188 -0.050148010 -0.010983832 0.998681426 185.458709717
0.998621047 -0.018522829 0.049121533 13.010229111 0.017920807 0.999759138 0.012667990 -18.262832642 -0.049344350 -0.011770224 0.998712480 187.704818726
0.998634338 -0.019333603 0.048535999 13.213924408 0.018764013 0.999749959 0.012163703 -18.463600159 -0.048759036 -0.011236361 0.998747349 189.952743530
0.998594344 -0.020647846 0.048818793 13.412670135 0.020082729 0.999725819 0.012038198 -18.677515030 -0.049053978 -0.011040862 0.998735130 192.189910889
0.998550475 -0.022353521 0.048962116 13.600918770 0.021821339 0.999697149 0.011377077 -18.880533218 -0.049201604 -0.010292165 0.998735845 194.429107666
0.998581886 -0.021854769 0.048545934 13.800650597 0.021317625 0.999705970 0.011555062 -19.085515976 -0.048784200 -0.010503790 0.998754144 196.663757324
0.998599946 -0.019032940 0.049354762 14.001525879 0.018459387 0.999756992 0.012050981 -19.299236298 -0.049572133 -0.011123050 0.998708606 198.910827637
0.998611331 -0.017239485 0.049781092 14.198637009 0.016674442 0.999791980 0.011743649 -19.507663727 -0.049973201 -0.010897269 0.998691082 201.148162842
0.998586893 -0.016689219 0.050453302 14.405213356 0.016153706 0.999808967 0.011003278 -19.713195801 -0.050627302 -0.010172725 0.998665810 203.409362793
0.998564422 -0.017035345 0.050782878 14.605897903 0.016466554 0.999797106 0.011597872 -19.914205551 -0.050970145 -0.010745002 0.998642385 205.633773804
0.998540461 -0.018263776 0.050826531 14.832311630 0.017679499 0.999772608 0.011921479 -20.127561569 -0.051032707 -0.011005493 0.998636365 207.889785767
0.998489261 -0.017926374 0.051940534 15.035253525 0.017334327 0.999779820 0.011826745 -20.319992065 -0.052141100 -0.010908525 0.998580217 210.135589600
0.998410165 -0.018163800 0.053359222 15.244586945 0.017473154 0.999757767 0.013381510 -20.538837433 -0.053589355 -0.012427881 0.998485744 212.374801636
0.998362601 -0.016714176 0.054705057 15.475550652 0.015999625 0.999781191 0.013473935 -20.738454819 -0.054918297 -0.012576613 0.998411715 214.607940674
0.998190582 -0.015393598 0.058125574 15.668560028 0.014624339 0.999800026 0.013636722 -20.938247681 -0.058323871 -0.012761999 0.998216152 216.869949341
0.998060226 -0.015508106 0.060295448 15.889281273 0.014686335 0.999793470 0.014048423 -21.139190674 -0.060500868 -0.013135652 0.998081684 219.116012573
0.997911930 -0.016818034 0.062360682 16.112916946 0.015941426 0.999767363 0.014527986 -21.334131241 -0.062590517 -0.013503531 0.997947931 221.344711304
0.997814655 -0.018433381 0.063450605 16.343723297 0.017490704 0.999728739 0.015380410 -21.532054901 -0.063716903 -0.014237002 0.997866392 223.573989868
0.997739971 -0.020378867 0.064028159 16.587656021 0.019470138 0.999701142 0.014784764 -21.735441208 -0.064310305 -0.013504713 0.997838557 225.805984497
0.997697532 -0.021773420 0.064229205 16.821769714 0.020892298 0.999678612 0.014358401 -21.926719666 -0.064521208 -0.012983449 0.997831881 228.046798706
0.997643054 -0.021942649 0.065014556 17.051095963 0.021043383 0.999673665 0.014484444 -22.121728897 -0.065311164 -0.013082178 0.997779191 230.283691406
0.997585833 -0.023250913 0.065436333 17.290800095 0.022414153 0.999657691 0.013492664 -22.321918488 -0.065727659 -0.011993392 0.997765541 232.529037476
0.997532487 -0.024215331 0.065897964 17.526147842 0.023309549 0.999623418 0.014479710 -22.515495300 -0.066223770 -0.012907929 0.997721255 234.764266968
0.997489631 -0.023459708 0.066812910 17.777004242 0.022485891 0.999630153 0.015290343 -22.721242905 -0.067146927 -0.013749612 0.997648299 237.010879517
0.997464836 -0.023040885 0.067327790 18.014530182 0.022079492 0.999643862 0.014988855 -22.912073135 -0.067649163 -0.013464293 0.997618318 239.235397339
0.997437179 -0.023154113 0.067697503 18.255729675 0.022163205 0.999636471 0.015351992 -23.110857010 -0.068028368 -0.013812254 0.997587800 241.452407837
0.997378230 -0.023609478 0.068404734 18.497659683 0.022587914 0.999622047 0.015669383 -23.308265686 -0.068748832 -0.014083183 0.997534513 243.696899414
0.997333765 -0.023988144 0.068918549 18.741102219 0.022996632 0.999620855 0.015144344 -23.511947632 -0.069255695 -0.013519073 0.997507334 245.923294067
0.997351110 -0.023728505 0.068758607 18.996587753 0.022785015 0.999635637 0.014473789 -23.710939407 -0.069077000 -0.012868784 0.997528255 248.156463623
0.997325778 -0.024239376 0.068947040 19.249906540 0.023246286 0.999614596 0.015169743 -23.913368225 -0.069288179 -0.013526414 0.997505009 250.395874023
0.997278512 -0.025574682 0.069148026 19.500272751 0.024580952 0.999582469 0.015184064 -24.112100601 -0.069507487 -0.013443018 0.997490823 252.620941162
0.997273624 -0.025958667 0.069075838 19.762487411 0.024902053 0.999559999 0.016113870 -24.314254761 -0.069463745 -0.014349807 0.997481287 254.884902954
0.997234881 -0.026700774 0.069351286 19.999362946 0.025617814 0.999536335 0.016458409 -24.511329651 -0.069758594 -0.014636271 0.997456551 257.105560303
0.997188449 -0.027241893 0.069807582 20.251214981 0.026104067 0.999511957 0.017160367 -24.717945099 -0.070241004 -0.015289859 0.997412801 259.377593994
0.997160077 -0.026908787 0.070339538 20.505920410 0.025790453 0.999526858 0.016759345 -24.913499832 -0.070757240 -0.014897659 0.997382402 261.624664307
0.997145474 -0.027075976 0.070482291 20.765388489 0.025986364 0.999528885 0.016330775 -25.106178284 -0.070891246 -0.014452581 0.997379363 263.881164551
0.997118235 -0.026374580 0.071130499 21.021347046 0.025302477 0.999552906 0.015931645 -25.304685593 -0.071518891 -0.014085954 0.997339725 266.121063232
0.997063518 -0.025864854 0.072078899 21.277172089 0.024760814 0.999562621 0.016168954 -25.496566772 -0.072465576 -0.014336741 0.997267902 268.364807129
0.996950686 -0.025675608 0.073688991 21.529331207 0.024562426 0.999570668 0.015973307 -25.704153061 -0.074067496 -0.014114619 0.997153342 270.619171143
0.996877193 -0.026470358 0.074398808 21.802410126 0.025301298 0.999541819 0.016612364 -25.904716492 -0.074804455 -0.014678102 0.997090220 272.862915039
0.996671557 -0.027009444 0.076917760 22.044351578 0.025782159 0.999524593 0.016904632 -26.091238022 -0.077337779 -0.014865262 0.996894121 275.116577148
0.996588707 -0.026999641 0.077987269 22.322040558 0.025642691 0.999502778 0.018349148 -26.280906677 -0.078443922 -0.016286749 0.996785462 277.363861084
0.996501267 -0.025964487 0.079442494 22.589662552 0.024498941 0.999512255 0.019367404 -26.470476151 -0.079906613 -0.017353382 0.996651292 279.610931396
0.996436119 -0.025925362 0.080268115 22.875715256 0.024418507 0.999507666 0.019698000 -26.656284332 -0.080739304 -0.017667770 0.996578574 281.865692139
0.996318102 -0.025296984 0.081917025 23.137105942 0.023696611 0.999509931 0.020450361 -26.846279144 -0.082394227 -0.018433906 0.996429324 284.110778809
0.996385038 -0.024436761 0.081360690 23.444990158 0.022928290 0.999548435 0.019423632 -27.030332565 -0.081798598 -0.017487960 0.996495426 286.388885498
0.996303141 -0.023671387 0.082582191 23.710309982 0.022206314 0.999580085 0.018614555 -27.216753006 -0.082988165 -0.016711893 0.996410370 288.616729736
0.996234417 -0.023665249 0.083408318 23.970071793 0.022182101 0.999579668 0.018663939 -27.411500931 -0.083814934 -0.016743485 0.996340632 290.859161377
0.996225297 -0.023883196 0.083454728 24.251209259 0.022453099 0.999585271 0.018033057 -27.597446442 -0.083850816 -0.016091175 0.996348381 293.108795166
0.996226788 -0.024454053 0.083270811 24.527917862 0.023086090 0.999582887 0.017351441 -27.787170410 -0.083660401 -0.015363574 0.996375859 295.337768555
0.996199548 -0.024207894 0.083670147 24.801540375 0.022832967 0.999588728 0.017350877 -27.979574203 -0.084055781 -0.015374497 0.996342421 297.580444336
0.996196985 -0.023440450 0.083917059 25.079210281 0.022051457 0.999604762 0.017440939 -28.165851593 -0.084292710 -0.015524117 0.996320069 299.819519043
0.996132076 -0.023185225 0.084754772 25.336219788 0.021681551 0.999591470 0.018619234 -28.366739273 -0.085151836 -0.016709598 0.996227980 302.060241699
0.996138275 -0.023678834 0.084544495 25.621227264 0.022176391 0.999579787 0.018666312 -28.553169250 -0.084950976 -0.016719334 0.996244788 304.301269531
0.996106327 -0.023581304 0.084947847 25.905883789 0.022050474 0.999577880 0.018914372 -28.741241455 -0.085358024 -0.016967585 0.996205807 306.535156250
0.996092498 -0.024372621 0.084886625 26.184825897 0.022857977 0.999562502 0.018769765 -28.934772491 -0.085306972 -0.016756082 0.996213794 308.777893066
0.996018946 -0.025737712 0.085345283 26.464927673 0.024165956 0.999519706 0.019398857 -29.122283936 -0.085803576 -0.017259181 0.996162534 311.040161133
0.995982885 -0.025454523 0.085849337 26.746294022 0.023934189 0.999538779 0.018692505 -29.309970856 -0.086285532 -0.016562682 0.996132791 313.273986816
0.995992184 -0.025020255 0.085869715 27.033447266 0.023436185 0.999536991 0.019406328 -29.501476288 -0.086315505 -0.017316092 0.996117353 315.521087646
0.995945275 -0.023013595 0.086967938 27.316379547 0.021475542 0.999596655 0.018579852 -29.692573547 -0.087360457 -0.016636834 0.996037841 317.770568848
0.995946407 -0.020974953 0.087468684 27.596553802 0.019367326 0.999628425 0.019187853 -29.881633759 -0.087838627 -0.017416047 0.995982409 320.012695312
0.995891988 -0.019789396 0.088360235 27.873815536 0.018199313 0.999658287 0.018765030 -30.072132111 -0.088701397 -0.017079853 0.995911777 322.234069824
0.995871186 -0.019222669 0.088719368 28.157953262 0.017565239 0.999657035 0.019424805 -30.258829117 -0.089062333 -0.017786229 0.995867252 324.476379395
0.995867491 -0.018663067 0.088879593 28.450328827 0.016869729 0.999639511 0.020885836 -30.455980301 -0.089237362 -0.019300150 0.995823383 326.703552246
0.995813787 -0.018947931 0.089418769 28.726184845 0.017157413 0.999637485 0.020750333 -30.645986557 -0.089779541 -0.019129276 0.995777905 328.943817139
0.995789826 -0.020311423 0.089386515 29.021493912 0.018593524 0.999626815 0.020009689 -30.831005096 -0.089759603 -0.018263435 0.995795906 331.178558350
0.995821655 -0.019824345 0.089142807 29.313575745 0.018133679 0.999640644 0.019735910 -31.016643524 -0.089502044 -0.018036960 0.995823324 333.408233643
0.995791495 -0.019471275 0.089554630 29.599527359 0.017659971 0.999623954 0.020973865 -31.203439713 -0.089929342 -0.019304063 0.995761037 335.642944336
0.995831251 -0.020039864 0.088986322 29.902362823 0.018237375 0.999612629 0.021022936 -31.386516571 -0.089373142 -0.019312419 0.995810926 337.878051758
0.995807767 -0.019604713 0.089345016 30.181903839 0.017753264 0.999611855 0.021470262 -31.576522827 -0.089731254 -0.019794088 0.995769322 340.116363525
0.995853305 -0.019569205 0.088843219 30.480760574 0.017761055 0.999619663 0.021097276 -31.761669159 -0.089222305 -0.019431846 0.995822191 342.364044189
0.995855451 -0.019701289 0.088790767 30.768499374 0.017840965 0.999605417 0.021696990 -31.945419312 -0.089183174 -0.020022951 0.995813966 344.608947754
0.995888233 -0.019354638 0.088498034 31.057472229 0.017486725 0.999608636 0.021833681 -32.127418518 -0.088885993 -0.020196363 0.995837033 346.852172852
0.995931208 -0.019210620 0.088045374 31.345325470 0.017366964 0.999614716 0.021658285 -32.306640625 -0.088427514 -0.020041084 0.995880902 349.093231201
0.995920360 -0.018801957 0.088256061 31.627714157 0.016900297 0.999609709 0.022245143 -32.494297028 -0.088639885 -0.020662833 0.995849371 351.336944580
0.995975733 -0.018944345 0.087598063 31.917243958 0.017023545 0.999598980 0.022622814 -32.675746918 -0.087991521 -0.021040544 0.995898962 353.561767578
0.996008217 -0.018680491 0.087284200 32.204429626 0.016818203 0.999615967 0.022022814 -32.856101990 -0.087662064 -0.020466944 0.995939910 355.812591553
0.996039093 -0.018816687 0.086902179 32.493782043 0.016924372 0.999604464 0.022460938 -33.037303925 -0.087290451 -0.020901211 0.995963633 358.048767090
0.996075392 -0.018254569 0.086605601 32.780700684 0.016282776 0.999593139 0.023419544 -33.221874237 -0.086997867 -0.021917451 0.995967329 360.295104980
0.996156812 -0.018454749 0.085621707 33.077091217 0.016493855 0.999586463 0.023553012 -33.405792236 -0.086020984 -0.022050258 0.996049285 362.540161133
0.996218026 -0.018575877 0.084879898 33.368221283 0.016608424 0.999578118 0.023826893 -33.583431244 -0.085286707 -0.022327054 0.996106267 364.777313232
0.996258616 -0.018572299 0.084403068 33.650573730 0.016670341 0.999592245 0.023183469 -33.763252258 -0.084799223 -0.021689702 0.996161938 367.024261475
0.996287763 -0.019290440 0.083894454 33.931587219 0.017414903 0.999583066 0.023030549 -33.944938660 -0.084303744 -0.021484042 0.996208608 369.270141602
0.996288478 -0.019227494 0.083902240 34.203636169 0.017447522 0.999608040 0.021896813 -34.113906860 -0.084290370 -0.020351656 0.996233463 371.525085449
0.996332288 -0.019914834 0.083218493 34.484737396 0.018117495 0.999587297 0.022297561 -34.308074951 -0.083628207 -0.020708067 0.996281862 373.766082764
0.996384323 -0.019612301 0.082665823 34.768993378 0.017754979 0.999574482 0.023143444 -34.485218048 -0.083084553 -0.021592036 0.996308506 376.019470215
0.996348619 -0.020043638 0.082992055 35.036319733 0.018145915 0.999557734 0.023557851 -34.664608002 -0.083427556 -0.021965863 0.996271729 378.269714355
0.996358514 -0.020736797 0.082702547 35.314369202 0.018827677 0.999539495 0.023797808 -34.846405029 -0.083157934 -0.022154050 0.996290207 380.505432129
0.996354103 -0.020976041 0.082694985 35.593692780 0.019083878 0.999539196 0.023605715 -35.019271851 -0.083152011 -0.021941518 0.996295214 382.751007080
0.996371448 -0.020081898 0.082709849 35.876243591 0.018157171 0.999548078 0.023957722 -35.201709747 -0.083153591 -0.022369007 0.996285677 385.009277344
0.996395230 -0.019065611 0.082661942 36.159114838 0.017134687 0.999564946 0.024006164 -35.375549316 -0.083083674 -0.022503242 0.996288478 387.272430420
0.996433914 -0.018046955 0.082424194 36.449123383 0.016117359 0.999581635 0.024016304 -35.564048767 -0.082823128 -0.022602204 0.996307909 389.550506592
0.996428728 -0.016654868 0.082778923 36.719306946 0.014720194 0.999605238 0.023927206 -35.743625641 -0.083144769 -0.022623232 0.996280670 391.828582764
0.996448159 -0.015568638 0.082755730 36.998817444 0.013501003 0.999584019 0.025485944 -35.924415588 -0.083118081 -0.024278143 0.996243894 394.089660645
0.996386826 -0.014400278 0.083701529 37.267215729 0.012279768 0.999591827 0.025794037 -36.101341248 -0.084038816 -0.024673004 0.996156931 396.362518311
0.996338010 -0.014291384 0.084298186 37.546440125 0.012286765 0.999630392 0.024251169 -36.283493042 -0.084613621 -0.023126606 0.996145427 398.627258301
0.996313095 -0.014262787 0.084597223 37.827617645 0.012292187 0.999641836 0.023769239 -36.464305878 -0.084905952 -0.022641718 0.996131659 400.893798828
0.996147394 -0.015240517 0.086359479 38.085460663 0.013112398 0.999597549 0.025156466 -36.642150879 -0.086708121 -0.023927169 0.995946288 403.136322021
0.996177852 -0.016818745 0.085711859 38.387241364 0.014647644 0.999557316 0.025896506 -36.817989349 -0.086109459 -0.024542052 0.995983362 405.421417236
0.996142685 -0.017258372 0.086034991 38.666683197 0.015126252 0.999563634 0.025372699 -36.989109039 -0.086435340 -0.023973439 0.995968997 407.677124023
0.996104479 -0.015786413 0.086757340 38.961677551 0.013693443 0.999601960 0.024666861 -37.159507751 -0.087112203 -0.023382761 0.995923996 409.928649902
0.996071160 -0.014994760 0.087277934 39.254367828 0.012864089 0.999606490 0.024924017 -37.339584351 -0.087617345 -0.023703340 0.995872140 412.191345215
0.996014297 -0.013861748 0.088109881 39.538780212 0.011725707 0.999625802 0.024714475 -37.518821716 -0.088419490 -0.023582820 0.995804131 414.442535400
0.995932043 -0.012650051 0.089214161 39.829364777 0.010483983 0.999639750 0.024706366 -37.695327759 -0.089494549 -0.023670543 0.995705962 416.717651367
0.995898366 -0.013103106 0.089524865 40.128482819 0.010924920 0.999633253 0.024777366 -37.875968933 -0.089816697 -0.023697682 0.995676339 418.972076416
0.995795667 -0.013152729 0.090652637 40.413009644 0.010958351 0.999635816 0.024661813 -38.049652100 -0.090943985 -0.023564721 0.995577157 421.224182129
0.995730102 -0.013285999 0.091351435 40.700553894 0.011105827 0.999642193 0.024332840 -38.227912903 -0.091642037 -0.023214404 0.995521367 423.486541748
0.995660305 -0.013803332 0.092033029 40.998229980 0.011497844 0.999607801 0.025534030 -38.407154083 -0.092349388 -0.024365041 0.995428503 425.764923096
0.995633721 -0.013102660 0.092422150 41.293933868 0.010725996 0.999600112 0.026165344 -38.582481384 -0.092728049 -0.025059780 0.995375991 428.023895264
0.995558143 -0.012166043 0.093359664 41.593132019 0.009698384 0.999592721 0.026840091 -38.756198883 -0.093648180 -0.025815431 0.995270610 430.301208496
0.995583713 -0.012789082 0.093002781 41.900215149 0.010326141 0.999584377 0.026915625 -38.934513092 -0.093308367 -0.025836393 0.995301962 432.580047607
0.995544553 -0.013489281 0.093322486 42.204654694 0.011061141 0.999587893 0.026487324 -39.118347168 -0.093641341 -0.025337057 0.995283544 434.846496582
0.995553613 -0.012444466 0.093371205 42.514507294 0.009998293 0.999595582 0.026620595 -39.279335022 -0.093664721 -0.025568677 0.995275438 437.117187500
0.995509684 -0.012935452 0.093771875 42.818771362 0.010452097 0.999582767 0.026925888 -39.456642151 -0.094081059 -0.025824869 0.995229542 439.402465820
0.995570600 -0.013076855 0.093102895 43.133686066 0.010603377 0.999578893 0.027012415 -39.627586365 -0.093416922 -0.025905563 0.995289981 441.680725098
0.995566964 -0.012293130 0.093250051 43.452869415 0.009725312 0.999562204 0.027941573 -39.813434601 -0.093552716 -0.026910817 0.995250523 443.972442627
0.995507181 -0.012918542 0.093799800 43.754688263 0.010309786 0.999547899 0.028243504 -39.987636566 -0.094122238 -0.027149554 0.995190501 446.251220703
0.995488882 -0.012562935 0.094042458 44.051113129 0.009989536 0.999563932 0.027785165 -40.160469055 -0.094350509 -0.026720382 0.995180368 448.517272949
0.995516658 -0.012087984 0.093810186 44.358638763 0.009536274 0.999573469 0.027601568 -40.338615417 -0.094103821 -0.026583221 0.995207429 450.778869629
0.995449662 -0.011488730 0.094593070 44.654804230 0.008935203 0.999585271 0.027374348 -40.516635895 -0.094868317 -0.026404573 0.995139718 453.040405273
0.995380819 -0.010778933 0.095397718 44.953094482 0.008197473 0.999590576 0.027410610 -40.681091309 -0.095654115 -0.026501974 0.995061755 455.319671631
0.995349050 -0.011055519 0.095697805 45.250087738 0.008477208 0.999591291 0.027306944 -40.863361359 -0.095960565 -0.026368693 0.995035768 457.584777832
0.995382547 -0.010038841 0.095460467 45.569637299 0.007534741 0.999618948 0.026556173 -41.037250519 -0.095690675 -0.025714284 0.995078921 459.876586914
0.995383978 -0.008809906 0.095567591 45.877895355 0.006262262 0.999617815 0.026925288 -41.210075378 -0.095768288 -0.026202533 0.995058656 462.164947510
0.995391786 -0.008706751 0.095495231 46.180919647 0.006007181 0.999575138 0.028520308 -41.386222839 -0.095702983 -0.027815221 0.995021164 464.438690186
0.995439827 -0.008865436 0.094978727 46.480709076 0.006169906 0.999570847 0.028636523 -41.552482605 -0.095191851 -0.027919928 0.995067298 466.706115723
0.995525599 -0.009249283 0.094038434 46.790748596 0.006674833 0.999595284 0.027654346 -41.725540161 -0.094256170 -0.026902923 0.995184422 468.990295410
0.995614290 -0.009242809 0.093095526 47.108184814 0.006727965 0.999604881 0.027291315 -41.902385712 -0.093310982 -0.026545281 0.995283008 471.290313721
0.995676517 -0.009676710 0.092383251 47.410678864 0.007048652 0.999562323 0.028731382 -42.087177277 -0.092620835 -0.027955985 0.995308876 473.571868896
0.995640755 -0.009914907 0.092742510 47.699569702 0.007257052 0.999554455 0.028951906 -42.258491516 -0.092988238 -0.028152660 0.995269120 475.853790283
0.995734096 -0.010184989 0.091704957 47.998634338 0.007573419 0.999557078 0.028781058 -42.425815582 -0.091957450 -0.027963761 0.995370209 478.153839111
0.995745480 -0.010302351 0.091568656 48.299320221 0.007638503 0.999538720 0.029394265 -42.595798492 -0.091829263 -0.028569760 0.995364845 480.439483643
0.995764554 -0.010939234 0.091286577 48.601131439 0.008231095 0.999516428 0.029990273 -42.766254425 -0.091570482 -0.029111864 0.995372891 482.716491699
0.995803893 -0.011310429 0.090811335 48.899536133 0.008666882 0.999528646 0.029452100 -42.934936523 -0.091101646 -0.028541461 0.995432615 484.999847412
0.995860815 -0.011938700 0.090103962 49.199970245 0.009292342 0.999514759 0.029732617 -43.109901428 -0.090415195 -0.028772270 0.995488465 487.284271240
0.995876014 -0.012193785 0.089901373 49.485221863 0.009529920 0.999504447 0.030000921 -43.273017883 -0.090222649 -0.029020442 0.995498717 489.580047607
0.995884776 -0.011888056 0.089845501 49.777652740 0.009200278 0.999499321 0.030270729 -43.435379028 -0.090160392 -0.029319558 0.995495558 491.885528564
0.995957673 -0.011429349 0.089093626 50.082324982 0.008734395 0.999494255 0.030579958 -43.600090027 -0.089398049 -0.029678170 0.995553732 494.177490234
0.995952666 -0.011060949 0.089195117 50.365680695 0.008397113 0.999508917 0.030185388 -43.765213013 -0.089485198 -0.029314235 0.995556653 496.484802246
0.995980561 -0.011074184 0.088882096 50.671520233 0.008458024 0.999521375 0.029756904 -43.941143036 -0.089169100 -0.028885532 0.995597541 498.806030273
0.996020913 -0.010808172 0.088461913 50.963962555 0.008125074 0.999497592 0.030634647 -44.108058929 -0.088748582 -0.029793985 0.995608389 501.103515625
0.996029079 -0.010248205 0.088436991 51.251434326 0.007548516 0.999496818 0.030807314 -44.278205872 -0.088708229 -0.030017419 0.995605230 503.384521484
0.996060967 -0.009486888 0.088163659 51.544731140 0.006845860 0.999520123 0.030210216 -44.447391510 -0.088407956 -0.029487658 0.995647728 505.670806885
0.996050060 -0.009201993 0.088314779 51.828552246 0.006499424 0.999503195 0.030840486 -44.615234375 -0.088554688 -0.030144678 0.995615065 507.963470459
0.996049106 -0.009581411 0.088285334 52.119220734 0.006951783 0.999524474 0.030045047 -44.785942078 -0.088531211 -0.029312607 0.995642006 510.256317139
0.996070027 -0.010008219 0.088001728 52.417572021 0.007316454 0.999496996 0.030857166 -44.959705353 -0.088266291 -0.030092042 0.995642245 512.562072754
0.996095479 -0.009788500 0.087738156 52.712333679 0.007090747 0.999493957 0.031006867 -45.124267578 -0.087997280 -0.030263664 0.995660901 514.872253418
0.996126354 -0.009146491 0.087456115 53.006633759 0.006477576 0.999506056 0.030752461 -45.291061401 -0.087694213 -0.030066835 0.995693564 517.181030273
0.996118248 -0.008240045 0.087638050 53.288246155 0.005586083 0.999519587 0.030485462 -45.461353302 -0.087847151 -0.029877573 0.995685756 519.473205566
0.996062398 -0.006114711 0.088443905 53.578369141 0.003420498 0.999526381 0.030581936 -45.631832123 -0.088589005 -0.030158995 0.995611608 521.812988281
0.996003151 -0.003939711 0.089230888 53.872550964 0.001184857 0.999521613 0.030905263 -45.800621033 -0.089309976 -0.030676015 0.995531380 524.151000977
0.995962203 -0.003135323 0.089718908 54.168895721 0.000256322 0.999485195 0.032082673 -45.962585449 -0.089773305 -0.031930137 0.995450199 526.476989746
0.995884418 -0.003469923 0.090564996 54.460678101 0.000573468 0.999488056 0.031988509 -46.127990723 -0.090629622 -0.031804927 0.995376647 528.798950195
0.995811880 -0.005261627 0.091275960 54.749485016 0.002226030 0.999442041 0.033327326 -46.290115356 -0.091400400 -0.032984555 0.995267749 531.117309570
0.995760500 -0.006623476 0.091745250 55.056625366 0.003629468 0.999456584 0.032762423 -46.447883606 -0.091912396 -0.032290541 0.995243430 533.447937012
0.995714724 -0.006788682 0.092228487 55.355613708 0.003819005 0.999469638 0.032337528 -46.613780975 -0.092399120 -0.031846736 0.995212615 535.769714355
0.995617270 -0.006941582 0.093263552 55.651878357 0.003951248 0.999473333 0.032209754 -46.779243469 -0.093438022 -0.031700078 0.995120287 538.091552734
0.995526850 -0.006356662 0.094264656 55.946670532 0.003398263 0.999497533 0.031511355 -46.945686340 -0.094417609 -0.031050064 0.995048344 540.406616211
0.995420516 -0.005615266 0.095426947 56.251602173 0.002647342 0.999509633 0.031199720 -47.114009857 -0.095555350 -0.030804213 0.994947314 542.736328125
0.995308459 -0.005267188 0.096608587 56.530693054 0.002345856 0.999537289 0.030327534 -47.285423279 -0.096723616 -0.029958619 0.994860291 545.050354004
0.995144010 -0.005268200 0.098288298 56.817123413 0.002260681 0.999526620 0.030685255 -47.448753357 -0.098403409 -0.030314051 0.994684696 547.372680664
0.995069444 -0.005206944 0.099044167 57.127826691 0.002053793 0.999488533 0.031911183 -47.619712830 -0.099159673 -0.031550419 0.994571149 549.673706055
0.995008409 -0.005698469 0.099628404 57.440383911 0.002489138 0.999474823 0.032307681 -47.788742065 -0.099760175 -0.031898428 0.994500101 551.982299805
0.995077074 -0.006787245 0.098870158 57.772277832 0.003715342 0.999505579 0.031221116 -47.951431274 -0.099033169 -0.030700086 0.994610429 554.295043945
0.995083988 -0.007337812 0.098762318 58.098205566 0.004199411 0.999480665 0.031947751 -48.122699738 -0.098945491 -0.031375948 0.994598091 556.612915039
0.995020688 -0.007185852 0.099408820 58.411285400 0.003982835 0.999467731 0.032381658 -48.287567139 -0.099588580 -0.031824488 0.994519651 558.919799805
0.994987130 -0.006768453 0.099773675 58.732563019 0.003430623 0.999429882 0.033587709 -48.454612732 -0.099944115 -0.033077050 0.994443119 561.251770020
0.994959652 -0.007499763 0.099995047 59.057891846 0.004077945 0.999400496 0.034380462 -48.620571136 -0.100192949 -0.033799399 0.994393766 563.585327148
0.994935274 -0.006973300 0.100274913 59.382648468 0.003484873 0.999383986 0.034921791 -48.777870178 -0.100456685 -0.034395479 0.994346738 565.900268555
0.994896293 -0.006190788 0.100711837 59.714614868 0.002760037 0.999412239 0.034168750 -48.942314148 -0.100864157 -0.033716399 0.994328856 568.234924316
0.994916797 -0.005158718 0.100569353 60.053867340 0.001881153 0.999464810 0.032657720 -49.098770142 -0.100684024 -0.032302521 0.994393885 570.561279297
0.994910836 -0.004628840 0.100653030 60.394985199 0.001298256 0.999450147 0.033130113 -49.267570496 -0.100751057 -0.032830834 0.994369864 572.884155273
0.994892955 -0.004763798 0.100822426 60.712741852 0.001325634 0.999416173 0.034140758 -49.439113617 -0.100926183 -0.033832736 0.994318604 575.275573730
0.994855046 -0.004836367 0.101193048 61.037288666 0.001231506 0.999363363 0.035655793 -49.609794617 -0.101301067 -0.035347722 0.994227588 577.596679688
0.994802952 -0.004371797 0.101724967 61.359638214 0.000919203 0.999422669 0.033962630 -49.768367767 -0.101814702 -0.033692624 0.994232655 579.984619141
0.994826078 -0.005219145 0.101458095 61.692100525 0.001824222 0.999436200 0.033525359 -49.922695160 -0.101575859 -0.033166822 0.994274795 582.325622559
0.994797111 -0.006110705 0.101692222 62.023826599 0.002524583 0.999371588 0.035355881 -50.101783752 -0.101844385 -0.034915201 0.994187415 584.644348145
0.994874597 -0.005870837 0.100946009 62.357734680 0.002288752 0.999364734 0.035564434 -50.261814117 -0.101090677 -0.035151109 0.994256020 586.963745117
0.994787931 -0.008844331 0.101581194 62.693977356 0.005353845 0.999387503 0.034582905 -50.432228088 -0.101824835 -0.033858806 0.994225979 589.327880859
0.994841814 -0.009337267 0.101007737 63.036758423 0.005881091 0.999388695 0.034460779 -50.589130402 -0.101267755 -0.033688992 0.994288623 591.677185059
0.994821906 -0.011016967 0.101034410 63.362190247 0.007527218 0.999363959 0.034856617 -50.751174927 -0.101354145 -0.033915620 0.994272113 594.015014648
0.994845748 -0.011537818 0.100741610 63.702007294 0.008035499 0.999351323 0.035102203 -50.914234161 -0.101081267 -0.034111761 0.994293153 596.375976562
