1.000000000 0.000000000 0.000000000 0.000000000 0.000000000 1.000000000 0.000000000 0.000000000 0.000000000 0.000000000 1.000000000 0.000000000
0.999999881 0.000166195 0.000427870 0.086499833 -0.000166157 1.000000000 -0.000089466 -0.226512834 -0.000427885 0.000089395 0.999999881 2.287169456
0.999999166 0.000511569 0.001193411 0.164452031 -0.000512041 0.999999762 0.000395435 -0.463165969 -0.001193209 -0.000396046 0.999999225 4.583424568
0.999998391 0.000181318 0.001738422 0.261933655 -0.000182334 0.999999821 0.000584534 -0.693816364 -0.001738316 -0.000584851 0.999998331 6.873856068
0.999996603 0.000138232 0.002640806 0.354159713 -0.000135284 0.999999344 -0.001116464 -0.925797343 -0.002640959 0.001116103 0.999995887 9.168340683
0.999986470 0.001917992 0.004822082 0.444572061 -0.001919576 0.999998093 0.000323869 -1.162236810 -0.004821452 -0.000333121 0.999988258 11.475086212
0.999960840 0.004108266 0.007840643 0.523264229 -0.004120979 0.999990165 0.001606052 -1.391976953 -0.007833968 -0.001638300 0.999967992 13.784756660
0.999943078 0.003856404 0.009956311 0.636071682 -0.003896844 0.999984205 0.004045431 -1.619097948 -0.009940553 -0.004083999 0.999942243 16.055053711
0.999940515 0.003746863 0.010243261 0.767974317 -0.003795084 0.999981701 0.004692100 -1.842930436 -0.010225495 -0.004730694 0.999936461 18.398975372
0.999931276 0.002951374 0.011343383 0.889242649 -0.003007922 0.999983072 0.004971313 -2.068789244 -0.011328520 -0.005005091 0.999923289 20.685937881
0.999930561 0.000336397 0.011774580 1.007936358 -0.000366472 0.999996603 0.002552212 -2.299526691 -0.011773681 -0.002556350 0.999927402 23.012243271
0.999918640 -0.001929183 0.012606334 1.115420580 0.001923531 0.999998093 0.000460426 -2.520398140 -0.012607198 -0.000436139 0.999920368 25.295017242
0.999920964 -0.002557774 0.012308430 1.251503229 0.002557000 0.999996722 0.000078684 -2.769610643 -0.012308590 -0.000047205 0.999924183 27.604026794
0.999907315 -0.002340983 0.013413275 1.355118513 0.002351584 0.999996960 -0.000774626 -2.996351004 -0.013411420 0.000806097 0.999909759 29.889095306
0.999898851 -0.000422647 0.014215467 1.474304914 0.000394379 0.999997914 0.001991341 -3.228620291 -0.014216281 -0.001985534 0.999896944 32.183574677
0.999898374 0.001604092 0.014164194 1.605978847 -0.001666769 0.999988914 0.004414347 -3.451429367 -0.014156954 -0.004437507 0.999889910 34.465091705
0.999871612 0.003852066 0.015554134 1.722320557 -0.003981453 0.999957681 0.008296144 -3.681898117 -0.015521519 -0.008357008 0.999844551 36.777183533
0.999850214 0.005668593 0.016348340 1.836795092 -0.005795070 0.999953568 0.007699373 -3.898601294 -0.016303938 -0.007792959 0.999836743 39.050289154
0.999822378 0.004747497 0.018239439 1.939797640 -0.004866184 0.999967158 0.006468258 -4.106207371 -0.018208135 -0.006555866 0.999812663 41.343128204
0.999823570 0.002314557 0.018638900 2.061477900 -0.002418602 0.999981523 0.005561510 -4.330797195 -0.018625682 -0.005605608 0.999810815 43.619335175
0.999829292 0.001891082 0.018378993 2.202222347 -0.001964787 0.999990046 0.003993084 -4.548936367 -0.018371256 -0.004028513 0.999823093 45.860958099
0.999830306 0.001381400 0.018374903 2.328069210 -0.001440475 0.999993861 0.003202125 -4.779592991 -0.018370364 -0.003228050 0.999826014 48.129150391
0.999836743 -0.001114840 0.018031690 2.468683720 0.001050151 0.999992967 0.003596570 -5.010184288 -0.018035574 -0.003577047 0.999830902 50.411422729
0.999816358 -0.001616890 0.019095561 2.596315861 0.001545512 0.999991715 0.003752090 -5.230615139 -0.019101469 -0.003721888 0.999810636 52.677982330
0.999810100 -0.002693205 0.019302426 2.732510567 0.002629083 0.999991000 0.003346600 -5.455462456 -0.019311262 -0.003295217 0.999808133 54.963493347
0.999780834 -0.003121240 0.020708431 2.855867386 0.003033515 0.999986291 0.004266322 -5.692379951 -0.020721465 -0.004202567 0.999776483 57.252620697
0.999762654 -0.004665139 0.021286970 2.993390322 0.004560088 0.999977171 0.004980852 -5.917185307 -0.021309720 -0.004882598 0.999761105 59.520462036
0.999719262 -0.006026596 0.022913687 3.118442059 0.005928968 0.999973059 0.004326262 -6.140050888 -0.022939142 -0.004189193 0.999728084 61.786911011
0.999705136 -0.006829582 0.023300713 3.268102169 0.006735198 0.999968827 0.004126762 -6.363243580 -0.023328168 -0.003968611 0.999719977 64.039848328
0.999675691 -0.006297839 0.024674663 3.404756308 0.006181977 0.999969482 0.004769105 -6.585911274 -0.024703946 -0.004615019 0.999684155 66.311065674
0.999659538 -0.005265670 0.025552623 3.552195787 0.005130589 0.999972522 0.005349025 -6.814822197 -0.025580086 -0.005216105 0.999659181 68.571022034
0.999622226 -0.005485676 0.026931219 3.687696457 0.005354767 0.999973536 0.004930621 -7.037524700 -0.026957549 -0.004784547 0.999625266 70.824539185
0.999604523 -0.006268829 0.027410364 3.844160557 0.006171931 0.999974370 0.003618289 -7.260376930 -0.027432347 -0.003447683 0.999617696 73.080467224
0.999588311 -0.007183967 0.027776573 4.000513077 0.007075198 0.999966860 0.004012191 -7.486927986 -0.027804475 -0.003814015 0.999606133 75.363349915
0.999541402 -0.008370398 0.029102618 4.156369209 0.008273679 0.999959767 0.003442221 -7.716136456 -0.029130265 -0.003199856 0.999570549 77.628738403
0.999539912 -0.009140094 0.028919656 4.313941002 0.009047878 0.999953568 0.003317845 -7.947798252 -0.028948637 -0.003054657 0.999576211 79.888206482
0.999510586 -0.009605066 0.029772272 4.460923195 0.009522292 0.999950469 0.002920776 -8.164137840 -0.029798850 -0.002635846 0.999552369 82.143699646
0.999495029 -0.008557123 0.030604923 4.631532669 0.008467792 0.999959528 0.003047329 -8.397027969 -0.030629763 -0.002786634 0.999526918 84.426803589
0.999448240 -0.008328783 0.032152906 4.786018372 0.008219474 0.999960005 0.003530399 -8.614767075 -0.032181025 -0.003264171 0.999476671 86.685546875
0.999448001 -0.008095965 0.032220341 4.958039761 0.007942323 0.999956489 0.004893678 -8.848880768 -0.032258566 -0.004635073 0.999468803 88.970680237
0.999423504 -0.007287244 0.033160210 5.119215965 0.007097058 0.999957800 0.005849460 -9.077509880 -0.033201426 -0.005610748 0.999432921 91.223541260
0.999401569 -0.007112361 0.033851448 5.285925388 0.006920238 0.999959290 0.005789252 -9.297006607 -0.033891246 -0.005551527 0.999410093 93.460716248
0.999392927 -0.007018729 0.034125265 5.455855846 0.006864387 0.999965608 0.004637892 -9.511934280 -0.034156647 -0.004400827 0.999406815 95.703277588
0.999357641 -0.007633929 0.035013266 5.619676590 0.007457931 0.999958873 0.005154446 -9.733737946 -0.035051167 -0.004890008 0.999373555 97.951545715
0.999330223 -0.007470074 0.035823222 5.780504704 0.007308559 0.999962568 0.004637482 -9.962883949 -0.035856515 -0.004372559 0.999347389 100.200004578
0.999273539 -0.007471418 0.037369121 5.932588577 0.007269992 0.999958336 0.005523149 -10.177336693 -0.037408829 -0.005247463 0.999286294 102.429733276
0.999270320 -0.007784148 0.037392635 6.133074760 0.007581672 0.999955833 0.005553622 -10.401732445 -0.037434213 -0.005266072 0.999285221 104.703125000
0.999236107 -0.008794240 0.038076963 6.306138039 0.008571029 0.999945164 0.006021366 -10.615015030 -0.038127828 -0.005690407 0.999256670 106.942771912
0.999214053 -0.010397244 0.038251571 6.489514828 0.010168453 0.999929190 0.006170947 -10.831071854 -0.038313020 -0.005777137 0.999249101 109.197715759
0.999181569 -0.011508274 0.038777385 6.670391083 0.011235083 0.999910653 0.007255648 -11.057639122 -0.038857415 -0.006814044 0.999221504 111.451553345
0.999157906 -0.012259506 0.039156593 6.857983589 0.012033948 0.999909639 0.005990870 -11.279858589 -0.039226513 -0.005514618 0.999215066 113.718482971
0.999117553 -0.012473210 0.040105265 7.035951614 0.012269318 0.999910533 0.005326012 -11.500596046 -0.040168114 -0.004829248 0.999181271 115.968406677
0.999083519 -0.012829565 0.040835138 7.214846611 0.012608466 0.999904573 0.005667338 -11.726291656 -0.040903945 -0.005147277 0.999149799 118.216758728
0.999029279 -0.013165217 0.042036578 7.398560524 0.012906055 0.999896049 0.006430625 -11.949911118 -0.042116854 -0.005881857 0.999095380 120.488517761
0.999010026 -0.013881720 0.042264111 7.594186783 0.013592212 0.999882221 0.007129611 -12.174956322 -0.042358097 -0.006548089 0.999081016 122.702255249
0.998961449 -0.014691848 0.043129716 7.795046806 0.014416772 0.999873698 0.006682037 -12.401281357 -0.043222442 -0.006053306 0.999047160 125.006278992
0.998919129 -0.015292583 0.043894626 7.972357273 0.015039726 0.999868393 0.006085046 -12.625800133 -0.043981902 -0.005418305 0.999017656 127.272010803
0.998895645 -0.016886456 0.043844417 8.156975746 0.016616207 0.999840677 0.006520991 -12.843004227 -0.043947544 -0.005785262 0.999017000 129.533462524
0.998919129 -0.017929666 0.042884506 8.342851639 0.017653102 0.999820828 0.006819142 -13.057910919 -0.042999089 -0.006054726 0.999056876 131.777816772
0.998971403 -0.018161668 0.041546740 8.536365509 0.017837843 0.999807537 0.008151790 -13.274898529 -0.041686792 -0.007402302 0.999103248 134.015838623
0.999026656 -0.019051338 0.039783668 8.729231834 0.018745506 0.999791920 0.008046338 -13.502869606 -0.039928686 -0.007292741 0.999176025 136.271820068
0.999104083 -0.019828975 0.037385862 8.938329697 0.019570598 0.999782085 0.007264457 -13.709159851 -0.037521761 -0.006526284 0.999274492 138.488510132
0.999076664 -0.020520333 0.037748590 9.092500687 0.020236647 0.999764144 0.007882010 -13.936879158 -0.037901424 -0.007110827 0.999256194 140.780334473
0.999067247 -0.020959482 0.037754264 9.259313583 0.020683443 0.999756575 0.007687279 -14.139315605 -0.037906192 -0.006899222 0.999257505 143.014709473
0.999117434 -0.021014960 0.036372319 9.451931953 0.020671949 0.999738395 0.009781147 -14.376344681 -0.036568362 -0.009020626 0.999290466 145.255722046
0.999135852 -0.020006616 0.036430802 9.622789383 0.019701585 0.999768078 0.008712650 -14.587623596 -0.036596656 -0.007987378 0.999298215 147.508636475
0.999158919 -0.018964281 0.036356006 9.799512863 0.018711902 0.999798477 0.007269761 -14.801984787 -0.036486547 -0.006583357 0.999312460 149.763839722
0.999170363 -0.017698037 0.036679130 9.971595764 0.017478611 0.999827385 0.006294337 -15.018833160 -0.036784198 -0.005648014 0.999307275 152.012481689
0.999179184 -0.016881401 0.036823295 10.152207375 0.016654398 0.999840438 0.006462696 -15.235125542 -0.036926508 -0.005844120 0.999300897 154.261642456
0.999163687 -0.016145295 0.037566636 10.329544067 0.015895916 0.999849677 0.006927480 -15.449254990 -0.037672833 -0.006324531 0.999270141 156.527893066
0.999169767 -0.015014292 0.037872281 10.496689796 0.014701584 0.999855757 0.008521943 -15.675983429 -0.037994765 -0.007958086 0.999246240 158.771026611
0.999116659 -0.014345260 0.039497834 10.669060707 0.013982958 0.999857724 0.009433746 -15.887843132 -0.039627548 -0.008873116 0.999175131 161.006988525
0.999114633 -0.013006134 0.040009290 10.841761589 0.012550312 0.999853671 0.011623095 -16.115081787 -0.040154599 -0.011110676 0.999131680 163.295959473
0.999087811 -0.012718162 0.040767934 11.022735596 0.012280734 0.999864519 0.010962266 -16.317478180 -0.040901832 -0.010451604 0.999108493 165.557342529
0.999056578 -0.012116629 0.041702628 11.212016106 0.011727062 0.999885321 0.009573497 -16.525243759 -0.041813862 -0.009075415 0.999084115 167.809249878
0.999000788 -0.010347596 0.043477498 11.392251968 0.009928879 0.999902248 0.009835624 -16.733707428 -0.043575034 -0.009394113 0.999005973 170.046493530
0.998869836 -0.010277099 0.046405338 11.574499130 0.009811741 0.999899387 0.010244834 -16.965076447 -0.046505962 -0.009777937 0.998870134 172.334808350
0.998758852 -0.010407832 0.048707586 11.770010948 0.009923506 0.999898851 0.010174838 -17.174428940 -0.048808571 -0.009678859 0.998761237 174.603210449
0.998678982 -0.010156203 0.050372101 11.973012924 0.009613526 0.999893188 0.011003980 -17.388444901 -0.050478484 -0.010505188 0.998669922 176.855422974
0.998640299 -0.010775811 0.051005159 12.173954964 0.010201945 0.999881864 0.011498156 -17.588222504 -0.051123034 -0.010962168 0.998632252 179.087509155
0.998620152 -0.011990584 0.051130190 12.377653122 0.011419768 0.999869287 0.011441555 -17.804908752 -0.051260710 -0.010841870 0.998626471 181.337310791
0.998583555 -0.012789025 0.051645856 12.571977615 0.012236075 0.999864578 0.011008611 -18.006929398 -0.051779646 -0.010361074 0.998604774 183.583557129
0.998649299 -0.013890764 0.050065871 12.795475960 0.013345440 0.999848068 0.011210035 -18.228210449 -0.050213985 -0.010526741 0.998682916 185.818145752
0.998656571 -0.015818560 0.049343996 13.000925064 0.015243585 0.999811828 0.012007014 -18.437778473 -0.049524639 -0.011238701 0.998709679 188.063735962
0.998665333 -0.016742200 0.048860665 13.205127716 0.016215578 0.999806285 0.011154621 -18.636344910 -0.049037963 -0.010347428 0.998743296 190.307952881
0.998629034 -0.017369440 0.049378973 13.397230148 0.016850058 0.999798477 0.010915071 -18.843271255 -0.049558621 -0.010068070 0.998720467 192.540206909
0.998597443 -0.018960150 0.049433850 13.589907646 0.018480657 0.999777794 0.010138721 -19.047912598 -0.049615096 -0.009210931 0.998725951 194.779174805
0.998630285 -0.018270565 0.049028482 13.798074722 0.017784439 0.999788463 0.010333168 -19.256900787 -0.049206901 -0.009447071 0.998743951 197.019195557
0.998632312 -0.016671164 0.049553558 14.004000664 0.016177449 0.999815643 0.010347685 -19.466472626 -0.049716931 -0.009531883 0.998717904 199.252761841
0.998656034 -0.013450624 0.050051983 14.193763733 0.012946133 0.999862134 0.010389921 -19.687351227 -0.050184842 -0.009727977 0.998692572 201.531204224
0.998630404 -0.012786226 0.050735530 14.399831772 0.012325850 0.999880075 0.009376621 -19.893550873 -0.050849352 -0.008738417 0.998668134 203.801330566
0.998588860 -0.013038250 0.051481806 14.592726707 0.012530275 0.999869704 0.010177569 -20.099578857 -0.051607791 -0.009518124 0.998622119 206.021957397
0.998581409 -0.014219286 0.051312193 14.825634003 0.013719767 0.999855101 0.010074043 -20.313276291 -0.051448006 -0.009355763 0.998631835 208.285812378
0.998525679 -0.013924352 0.052464556 15.025772095 0.013386132 0.999854207 0.010596205 -20.515998840 -0.052604456 -0.009878287 0.998566568 210.530273438
0.998459816 -0.013405951 0.053836018 15.237550735 0.012801575 0.999851227 0.011555418 -20.733198166 -0.053982928 -0.010848437 0.998482883 212.784057617
0.998404741 -0.012057469 0.055160247 15.468053818 0.011415830 0.999863625 0.011932653 -20.941925049 -0.055296607 -0.011283916 0.998406231 215.014434814
0.998216093 -0.010268305 0.058814205 15.662771225 0.009578161 0.999881983 0.012004247 -21.146129608 -0.058930546 -0.011419500 0.998196781 217.299743652
0.998080492 -0.010266368 0.061071727 15.885198593 0.009531807 0.999878764 0.012307053 -21.350082397 -0.061190672 -0.011701308 0.998057485 219.542251587
0.997960687 -0.011383771 0.062807940 16.114051819 0.010604737 0.999862790 0.012722896 -21.549234390 -0.062944166 -0.012030891 0.997944474 221.776138306
0.997855842 -0.013008968 0.064143889 16.342905045 0.012171740 0.999835789 0.013425926 -21.749221802 -0.064308017 -0.012616394 0.997850358 224.012603760
0.997785687 -0.014933102 0.064812563 16.588829041 0.014123791 0.999816656 0.012927236 -21.959676743 -0.064993739 -0.011983212 0.997813702 226.250930786
0.997750521 -0.016181663 0.065054491 16.824567795 0.015403971 0.999803960 0.012438305 -22.155761719 -0.065243021 -0.011408227 0.997804105 228.503890991
0.997708738 -0.016321618 0.065656312 17.060422897 0.015518285 0.999798715 0.012726842 -22.359012604 -0.065850802 -0.011678808 0.997761130 230.745788574
0.997645438 -0.017295426 0.066367514 17.296232224 0.016540160 0.999792218 0.011912756 -22.563634872 -0.066559777 -0.010786975 0.997724175 232.991439819
0.997645736 -0.017837944 0.066217482 17.557378769 0.017024545 0.999772906 0.012827839 -22.770330429 -0.066431262 -0.011670317 0.997722685 235.284011841
0.997612715 -0.017589729 0.066779181 17.796838760 0.016764138 0.999776125 0.012903341 -22.969465256 -0.066991188 -0.011753040 0.997684360 237.526229858
0.997580945 -0.017313620 0.067325674 18.034168243 0.016491802 0.999782801 0.012743304 -23.167732239 -0.067531690 -0.011602155 0.997649670 239.743698120
0.997548878 -0.017564239 0.067732409 18.276432037 0.016722320 0.999775946 0.012977061 -23.368793488 -0.067945153 -0.011812611 0.997619092 241.976226807
0.997511685 -0.017876023 0.068197213 18.520252228 0.017031778 0.999771178 0.012940980 -23.566688538 -0.068412945 -0.011747262 0.997587919 244.219833374
0.997476280 -0.017900527 0.068706997 18.763860703 0.017105553 0.999779940 0.012141468 -23.772146225 -0.068909213 -0.010935558 0.997562945 246.455413818
0.997489691 -0.017565237 0.068598360 19.018266678 0.016824132 0.999793828 0.011366481 -23.979011536 -0.068783864 -0.010183842 0.997579634 248.696502686
0.997463346 -0.017768456 0.068928897 19.265275955 0.016996954 0.999786317 0.011763160 -24.182418823 -0.069123171 -0.010561739 0.997552216 250.932586670
0.997438908 -0.019028490 0.068946227 19.516408920 0.018262025 0.999764442 0.011730261 -24.389087677 -0.069153190 -0.010441118 0.997551441 253.163192749
0.997428238 -0.019031541 0.069099009 19.770277023 0.018217111 0.999757171 0.012397555 -24.593564987 -0.069318190 -0.011106887 0.997532785 255.418395996
0.997383714 -0.019627675 0.069573000 20.002016068 0.018794252 0.999743760 0.012613547 -24.797554016 -0.069802746 -0.011272974 0.997497141 257.636810303
0.997347414 -0.019901183 0.070014894 20.258201599 0.019011496 0.999730051 0.013350752 -25.010591507 -0.070261694 -0.011984251 0.997456610 259.884643555
0.997314751 -0.019627381 0.070554800 20.510274887 0.018772222 0.999742270 0.012763255 -25.211307526 -0.070787117 -0.011404512 0.997426271 262.135650635
0.997291088 -0.019552747 0.070909813 20.765007019 0.018739965 0.999750972 0.012109497 -25.410285950 -0.071128942 -0.010747845 0.997409165 264.398284912
0.997260690 -0.018813886 0.071534514 21.020427704 0.018026102 0.999769747 0.011642358 -25.617774963 -0.071737081 -0.010320977 0.997370183 266.640167236
0.997190773 -0.018110711 0.072681442 21.273088455 0.017298939 0.999780953 0.011782965 -25.818830490 -0.072878920 -0.010492554 0.997285545 268.887969971
0.997085214 -0.017908022 0.074164353 21.528453827 0.017131625 0.999791741 0.011091660 -26.025329590 -0.074347556 -0.009788775 0.997184277 271.141540527
0.997001827 -0.018754307 0.075070858 21.795129776 0.017932709 0.999771893 0.011603519 -26.235727310 -0.075271338 -0.010222505 0.997110665 273.383239746
0.996786177 -0.019218674 0.077767611 22.036668777 0.018346427 0.999760628 0.011915098 -26.433271408 -0.077977993 -0.010450047 0.996900260 275.643310547
0.996682405 -0.019252155 0.079078294 22.310470581 0.018269649 0.999746859 0.013129342 -26.629789352 -0.079311043 -0.011641053 0.996781945 277.883666992
0.996598482 -0.018367950 0.080337338 22.584878922 0.017214773 0.999738932 0.015023359 -26.849716187 -0.080592297 -0.013589268 0.996654510 280.133941650
0.996525824 -0.018060073 0.081302322 22.867341995 0.016796537 0.999727726 0.016198415 -27.053443909 -0.081572726 -0.014776544 0.996557832 282.371948242
0.996447384 -0.016989639 0.082485944 23.142938614 0.015753133 0.999753952 0.015618345 -27.240394592 -0.082731016 -0.014263446 0.996469855 284.636383057
0.996326923 -0.015975252 0.084127448 23.405780792 0.014760310 0.999777913 0.015043971 -27.433010101 -0.084349103 -0.013746965 0.996341407 286.866180420
0.996370494 -0.014963140 0.083795972 23.704271317 0.013882539 0.999812961 0.013463544 -27.617315292 -0.083981767 -0.012251378 0.996391952 289.119293213
0.996302545 -0.015808808 0.084447727 23.973234177 0.014694679 0.999796808 0.013798511 -27.823255539 -0.084648721 -0.012506559 0.996332288 291.346435547
0.996233702 -0.015986880 0.085222557 24.232631683 0.015010681 0.999814451 0.012083234 -28.011497498 -0.085399926 -0.010758475 0.996288657 293.631744385
0.996244550 -0.016548842 0.084987380 24.512369156 0.015644044 0.999813735 0.011301247 -28.212228775 -0.085158579 -0.009929260 0.996317923 295.859771729
0.996239245 -0.016673885 0.085024774 24.791570663 0.015772892 0.999812245 0.011257666 -28.417634964 -0.085196525 -0.009874243 0.996315241 298.093872070
0.996235311 -0.015978672 0.085205600 25.069559097 0.015052549 0.999820650 0.011500659 -28.619636536 -0.085374080 -0.010174801 0.996297002 300.332519531
0.996181667 -0.015694248 0.085881397 25.329347610 0.014695935 0.999817014 0.012244286 -28.827838898 -0.086057849 -0.010935427 0.996230066 302.568725586
0.996179938 -0.016053455 0.085836262 25.614007950 0.015038908 0.999809384 0.012453185 -29.030879974 -0.086019821 -0.011114730 0.996231377 304.817779541
0.996150196 -0.015445268 0.086291410 25.897645950 0.014411178 0.999816835 0.012593865 -29.233306885 -0.086470120 -0.011301822 0.996190310 307.067230225
0.996146441 -0.016267130 0.086182997 26.179920197 0.015212200 0.999801397 0.012883231 -29.446218491 -0.086375430 -0.011522552 0.996196151 309.322631836
0.996114492 -0.017470781 0.086318731 26.464225769 0.016380358 0.999777019 0.013324820 -29.647819519 -0.086532272 -0.011859113 0.996178448 311.580291748
0.996064484 -0.017167490 0.086953126 26.743803024 0.016129991 0.999790251 0.012620352 -29.851444244 -0.087151565 -0.011168133 0.996132433 313.819427490
0.996087074 -0.016659366 0.086792670 27.034816742 0.015569222 0.999791384 0.013222218 -30.056659698 -0.086994849 -0.011819185 0.996138632 316.072235107
0.996031404 -0.014604642 0.087795727 27.315940857 0.013569056 0.999831378 0.012380674 -30.261817932 -0.087961741 -0.011140236 0.996061504 318.319458008
0.996020734 -0.013150433 0.088146195 27.596797943 0.012043373 0.999841869 0.013079451 -30.466117859 -0.088304289 -0.011965828 0.996021688 320.567413330
0.995954633 -0.012158808 0.089031398 27.875293732 0.011060497 0.999856591 0.012819226 -30.672622681 -0.089174494 -0.011782633 0.995946288 322.797454834
0.995912910 -0.011506712 0.089582719 28.155147552 0.010352483 0.999857426 0.013338535 -30.871389389 -0.089723453 -0.012356617 0.995890021 325.036499023
0.995913208 -0.011070873 0.089634500 28.448348999 0.009793900 0.999844372 0.014673788 -31.081071854 -0.089783005 -0.013735948 0.995866597 327.263183594
0.995884776 -0.011694274 0.089870669 28.729097366 0.010410371 0.999837160 0.014741639 -31.288372040 -0.090028428 -0.013745387 0.995844305 329.508087158
0.995902002 -0.013030405 0.089495309 29.027585983 0.011834911 0.999833643 0.013875868 -31.486846924 -0.089661248 -0.012759837 0.995890558 331.743621826
0.995887399 -0.012659330 0.089709848 29.309835434 0.011471849 0.999839723 0.013740202 -31.689647675 -0.089869425 -0.012654557 0.995873153 333.957244873
0.995868146 -0.012788412 0.089907624 29.595888138 0.011493298 0.999822795 0.014907960 -31.888608932 -0.090082340 -0.013813024 0.995838523 336.184020996
0.995931625 -0.013464343 0.089099720 29.900730133 0.012180238 0.999814212 0.014940058 -32.086345673 -0.089284301 -0.013794024 0.995910645 338.416656494
0.995931447 -0.013383006 0.089114234 30.182456970 0.012050849 0.999807715 0.015470178 -32.291744232 -0.089304157 -0.014333338 0.995901287 340.658050537
0.995970070 -0.013510770 0.088661931 30.478239059 0.012202278 0.999808669 0.015283694 -32.493732452 -0.088851452 -0.014140223 0.995944440 342.906402588
0.995978951 -0.013976055 0.088490903 30.764770508 0.012642944 0.999798357 0.015607598 -32.688701630 -0.088691182 -0.014426055 0.995954692 345.155273438
0.996022522 -0.013519346 0.088070124 31.051292419 0.012194927 0.999804556 0.015558992 -32.882476807 -0.088263266 -0.014423099 0.995992780 347.394714355
0.996069312 -0.013596444 0.087528683 31.338718414 0.012283841 0.999804139 0.015517514 -33.079505920 -0.087722532 -0.014381331 0.996041119 349.644256592
0.996084452 -0.013215256 0.087414987 31.622093201 0.011866718 0.999802709 0.015928611 -33.279659271 -0.087608233 -0.014828912 0.996044636 351.889007568
0.996120095 -0.013454869 0.086969450 31.905220032 0.012080215 0.999793947 0.016313227 -33.473449707 -0.087171003 -0.015199324 0.996077418 354.117126465
0.996141016 -0.013183135 0.086770535 32.184013367 0.011844372 0.999803007 0.015925581 -33.670593262 -0.086963408 -0.014836383 0.996100962 356.353027344
0.996190429 -0.013375746 0.086171672 32.469444275 0.012015484 0.999795318 0.016284838 -33.864284515 -0.086371839 -0.015187408 0.996147215 358.588775635
0.996244133 -0.013009571 0.085606061 32.758064270 0.011584882 0.999786317 0.017118201 -34.061927795 -0.085810468 -0.016062170 0.996181965 360.834228516
0.996297598 -0.013093074 0.084968038 33.046272278 0.011677117 0.999784887 0.017140213 -34.259120941 -0.085174188 -0.016084576 0.996236265 363.084106445
0.996350169 -0.013241931 0.084326446 33.333332062 0.011791447 0.999774218 0.017675720 -34.454170227 -0.084541477 -0.016616877 0.996281326 365.322753906
0.996403575 -0.013242595 0.083692580 33.617618561 0.011846247 0.999782622 0.017158894 -34.651393890 -0.083901592 -0.016105741 0.996343851 367.586639404
0.996407211 -0.013886666 0.083545320 33.892871857 0.012500091 0.999775708 0.017096946 -34.848583221 -0.083764002 -0.015991196 0.996357322 369.840393066
0.996398270 -0.014029341 0.083628468 34.165542603 0.012709762 0.999786615 0.016290633 -35.038589478 -0.083839186 -0.015169060 0.996363819 372.093536377
0.996465802 -0.013989218 0.082826503 34.445373535 0.012683634 0.999787331 0.016268125 -35.238674164 -0.083036467 -0.015160093 0.996431112 374.332183838
0.996516347 -0.013899813 0.082230374 34.725547791 0.012560125 0.999780178 0.016786834 -35.430419922 -0.082445629 -0.015695533 0.996471941 376.577270508
0.996473193 -0.013504392 0.082817607 34.996963501 0.012104500 0.999775648 0.017382199 -35.628345490 -0.083033785 -0.016318437 0.996413052 378.830566406
0.996471345 -0.014269598 0.082711816 35.273876190 0.012838545 0.999759018 0.017807810 -35.828006744 -0.082945995 -0.016683068 0.996414363 381.073150635
0.996499360 -0.014083355 0.082404576 35.556404114 0.012648701 0.999759674 0.017906105 -36.019424438 -0.082636945 -0.016801117 0.996438086 383.330657959
0.996505499 -0.013537369 0.082422763 35.837524414 0.012071170 0.999760389 0.018261217 -36.216846466 -0.082650237 -0.017202461 0.996430159 385.589019775
0.996511042 -0.012274949 0.082553454 36.112808228 0.010803427 0.999775112 0.018248243 -36.401927948 -0.082758851 -0.017292712 0.996419549 387.841979980
0.996533036 -0.011127848 0.082450137 36.396804810 0.009668229 0.999789774 0.018081229 -36.601104736 -0.082634017 -0.017221397 0.996431112 390.121307373
0.996518791 -0.010130364 0.082750820 36.668758392 0.008662944 0.999799132 0.018072855 -36.796115875 -0.082917280 -0.017293075 0.996406317 392.399871826
0.996541440 -0.008891379 0.082619414 36.945304871 0.007302615 0.999782920 0.019512231 -36.987815857 -0.082774967 -0.018841412 0.996390104 394.655364990
0.996476293 -0.007705094 0.083519623 37.213573456 0.006056763 0.999782205 0.019971287 -37.182128906 -0.083655313 -0.019395063 0.996305943 396.920745850
0.996414602 -0.007235804 0.084294394 37.488101959 0.005693289 0.999812186 0.018525152 -37.380954742 -0.084412619 -0.017978819 0.996268690 399.190795898
0.996365070 -0.007092419 0.084889926 37.761600494 0.005584981 0.999822855 0.017981865 -37.573711395 -0.085002407 -0.017442400 0.996228039 401.456756592
0.996255815 -0.008084388 0.086075611 38.032962799 0.006491394 0.999802828 0.018770766 -37.759757996 -0.086210378 -0.018141735 0.996111691 403.703063965
0.996252596 -0.009524768 0.085966617 38.316272736 0.007828771 0.999768436 0.020044181 -37.956081390 -0.086137645 -0.019296054 0.996096313 405.995178223
0.996197045 -0.010065989 0.086545311 38.594421387 0.008372541 0.999766707 0.019907964 -38.145679474 -0.086725533 -0.019107651 0.996048987 408.252075195
0.996140540 -0.008726621 0.087339021 38.892280579 0.007075364 0.999790668 0.019198053 -38.332355499 -0.087488264 -0.018506002 0.995993614 410.521667480
0.996101737 -0.007899977 0.087857351 39.186782837 0.006225101 0.999793887 0.019321281 -38.526462555 -0.087991886 -0.018699039 0.995945692 412.782653809
0.996032000 -0.006686789 0.088744305 39.467887878 0.005027087 0.999808490 0.018912397 -38.717567444 -0.088853769 -0.018391227 0.995874882 415.032714844
0.995934486 -0.005476146 0.089913592 39.754829407 0.003785027 0.999812841 0.018968018 -38.907291412 -0.090000644 -0.018550575 0.995768905 417.307922363
0.995893300 -0.005725028 0.090352729 40.053256989 0.004041518 0.999814928 0.018804632 -39.100986481 -0.090443663 -0.018362245 0.995732307 419.569122314
0.995803297 -0.005847964 0.091332190 40.339683533 0.004155810 0.999816298 0.018706653 -39.289352417 -0.091424800 -0.018248586 0.995644748 421.825469971
0.995714247 -0.005756503 0.092303872 40.625408173 0.004069221 0.999821365 0.018457444 -39.482231140 -0.092393629 -0.018002737 0.995559752 424.085327148
0.995643497 -0.006049841 0.093045428 40.920875549 0.004247267 0.999799669 0.019558880 -39.672878265 -0.093145117 -0.019078484 0.995469749 426.359497070
0.995602846 -0.004869515 0.093548350 41.215991974 0.002997333 0.999792635 0.020143082 -39.859138489 -0.093627021 -0.019774118 0.995410979 428.612335205
0.995531321 -0.004487402 0.094324678 41.518722534 0.002530769 0.999779463 0.020852992 -40.047790527 -0.094397448 -0.020521097 0.995323122 430.893585205
0.995515287 -0.004796713 0.094479106 41.817020416 0.002815461 0.999773681 0.021092402 -40.241676331 -0.094558887 -0.020731812 0.995303392 433.153961182
0.995494962 -0.005788677 0.094639115 42.123878479 0.003844443 0.999778092 0.020713111 -40.441730499 -0.094738007 -0.020255961 0.995296121 435.421142578
0.995491922 -0.005143187 0.094706841 42.433429718 0.003187312 0.999778748 0.020791590 -40.617851257 -0.094792806 -0.020395996 0.995288074 437.689666748
0.995472610 -0.005783333 0.094872788 42.741596222 0.003784126 0.999767244 0.021238903 -40.809848785 -0.094973527 -0.020783735 0.995262802 439.976104736
0.995509148 -0.005824931 0.094486438 43.051727295 0.003813766 0.999762595 0.021451853 -40.995605469 -0.094588973 -0.020995168 0.995295048 442.251129150
0.995513737 -0.005099479 0.094478786 43.378295898 0.002998674 0.999745309 0.022364376 -41.198291779 -0.094568774 -0.021980735 0.995275557 444.560913086
0.995396912 -0.006062333 0.095645525 43.664813995 0.003916839 0.999736786 0.022603545 -41.383071899 -0.095757380 -0.022124875 0.995158792 446.826141357
0.995470822 -0.005411519 0.094913408 43.993003845 0.003317510 0.999747932 0.022206247 -41.573181152 -0.095009647 -0.021790795 0.995237827 449.106994629
0.995459974 -0.004642399 0.095067650 44.294929504 0.002581191 0.999759197 0.021793004 -41.760986328 -0.095145926 -0.021448672 0.995232224 451.360534668
0.995416522 -0.004096164 0.095546342 44.597908020 0.002050774 0.999766767 0.021495687 -41.953025818 -0.095612124 -0.021201216 0.995192885 453.624023438
0.995344460 -0.003489201 0.096317574 44.898460388 0.001413562 0.999765396 0.021609778 -42.133178711 -0.096370377 -0.021373026 0.995116055 455.903106689
0.995329380 -0.003383264 0.096477985 45.200214386 0.001342593 0.999774158 0.021208754 -42.325210571 -0.096527979 -0.020980166 0.995109081 458.168609619
0.995338976 -0.002617190 0.096402600 45.515163422 0.000641292 0.999789178 0.020521589 -42.515159607 -0.096435994 -0.020364119 0.995130837 460.452667236
0.995312929 -0.001514233 0.096694067 45.821609497 -0.000521300 0.999778807 0.021022540 -42.703994751 -0.096704505 -0.020974413 0.995092034 462.737518311
0.995309591 -0.001145410 0.096734323 46.128002167 -0.001020675 0.999749899 0.022339668 -42.890338898 -0.096735701 -0.022333618 0.995059609 465.015106201
0.995346308 -0.001555813 0.096349984 46.428554535 -0.000665676 0.999734759 0.023020023 -43.075817108 -0.096360229 -0.022977034 0.995081306 467.284088135
0.995457709 -0.001292073 0.095196158 46.745086670 -0.000767571 0.999766409 0.021596003 -43.256210327 -0.095201828 -0.021570977 0.995224178 469.566070557
0.995544553 -0.001166046 0.094284184 47.062370300 -0.000826422 0.999777198 0.021090757 -43.445434570 -0.094287768 -0.021074712 0.995321870 471.862915039
0.995609105 -0.001805900 0.093590654 47.363292694 -0.000270557 0.999754131 0.022169143 -43.638080597 -0.093607694 -0.022097122 0.995363832 474.147277832
0.995577514 -0.002187315 0.093918964 47.650337219 0.000096461 0.999752223 0.022261096 -43.824966431 -0.093944378 -0.022153586 0.995330870 476.424194336
0.995687127 -0.001972378 0.092753835 47.957477570 -0.000024121 0.999768436 0.021518661 -43.996543884 -0.092774801 -0.021428090 0.995456517 478.719024658
0.995700121 -0.002216537 0.092608809 48.255565643 0.000162514 0.999753952 0.022181226 -44.184791565 -0.092635177 -0.022070799 0.995455503 480.999206543
0.995750248 -0.002700159 0.092055403 48.561256409 0.000597983 0.999738574 0.022855930 -44.371242523 -0.092093050 -0.022703746 0.995491564 483.271331787
0.995760143 -0.003133328 0.091934741 48.851402283 0.001093884 0.999752402 0.022225626 -44.557319641 -0.091981612 -0.022030827 0.995517015 485.557189941
0.995831728 -0.004420294 0.091102459 49.152145386 0.002346279 0.999735892 0.022860283 -44.753486633 -0.091179430 -0.022551244 0.995579123 487.855712891
0.995905995 -0.004796527 0.090268619 49.453552246 0.002742207 0.999734700 0.022868130 -44.933403015 -0.090354368 -0.022526970 0.995654821 490.138427734
0.995871544 -0.004511827 0.090661764 49.704734802 0.002408045 0.999725521 0.023300724 -45.127960205 -0.090742037 -0.022986209 0.995609045 492.385864258
0.995930791 -0.003979877 0.090033740 50.009330750 0.001850492 0.999716759 0.023722090 -45.310531616 -0.090102658 -0.023458945 0.995656133 494.673675537
0.995955825 -0.003852400 0.089761205 50.297134399 0.001760769 0.999725342 0.023369722 -45.493865967 -0.089826591 -0.023117166 0.995689094 496.977020264
0.995986164 -0.003763278 0.089428037 50.602218628 0.001704508 0.999732018 0.023086758 -45.687828064 -0.089490958 -0.022841657 0.995725691 499.298370361
0.996034205 -0.003776590 0.088890202 50.896198273 0.001662997 0.999714434 0.023839623 -45.870903015 -0.088954844 -0.023597257 0.995756090 501.591461182
0.996038377 -0.003651690 0.088849194 51.182365417 0.001507068 0.999706149 0.024192911 -46.057903290 -0.088911399 -0.023963161 0.995751262 503.871704102
0.996052921 -0.002572255 0.088724114 51.471908569 0.000503880 0.999727786 0.023326952 -46.240772247 -0.088759966 -0.023190176 0.995783031 506.166107178
0.996043861 -0.002246321 0.088834621 51.757011414 0.000118463 0.999713123 0.023951037 -46.425559998 -0.088862948 -0.023845764 0.995758295 508.459747314
0.996060014 -0.002542681 0.088645399 52.047794342 0.000523619 0.999740005 0.022792665 -46.607093811 -0.088680312 -0.022656443 0.995802462 510.751800537
0.996098399 -0.003281722 0.088188171 52.346542358 0.001195318 0.999718487 0.023700949 -46.799327850 -0.088241130 -0.023503065 0.995821834 513.052062988
0.996138275 -0.003096136 0.087743759 52.644386292 0.001000982 0.999713540 0.023912063 -46.982231140 -0.087792657 -0.023731887 0.995856047 515.355895996
0.996142447 -0.002164361 0.087725282 52.931076050 0.000087990 0.999720037 0.023665978 -47.165420532 -0.087751940 -0.023566965 0.995863557 517.664062500
0.996126294 -0.001305107 0.087923944 53.213962555 -0.000743566 0.999729097 0.023263721 -47.350849152 -0.087930486 -0.023238989 0.995855451 519.955749512
0.996072769 0.000593858 0.088536382 53.504276276 -0.002690101 0.999718964 0.023559192 -47.541130066 -0.088497497 -0.023704844 0.995794296 522.319580078
0.996020913 0.002539264 0.089083508 53.800262451 -0.004675172 0.999706388 0.023776012 -47.727649689 -0.088996962 -0.024097886 0.995740354 524.658569336
0.995998740 0.003285831 0.089307159 54.102287292 -0.005532324 0.999674082 0.024918806 -47.905319214 -0.089196190 -0.025313174 0.995692313 526.983581543
0.995936096 0.002888788 0.090016052 54.398326874 -0.005141202 0.999679208 0.024800563 -48.088211060 -0.089915521 -0.025162568 0.995631397 529.309997559
0.995903254 0.001116569 0.090418033 54.689941406 -0.003502896 0.999649525 0.026237784 -48.267555237 -0.090357043 -0.026447015 0.995558321 531.622619629
0.995862722 -0.000388521 0.090869807 54.993362427 -0.001960913 0.999666095 0.025764244 -48.443935394 -0.090849474 -0.025835834 0.995529473 533.948913574
0.995825529 -0.000467300 0.091275990 55.290714264 -0.001841874 0.999680519 0.025212953 -48.624092102 -0.091258593 -0.025275817 0.995506525 536.263000488
0.995754898 -0.000663485 0.092041969 55.588802338 -0.001637378 0.999688089 0.024920207 -48.804748535 -0.092029803 -0.024965124 0.995443225 538.580200195
0.995682955 -0.000083485 0.092818841 55.884078979 -0.002176741 0.999703586 0.024249434 -48.988708496 -0.092793345 -0.024346793 0.995387673 540.891540527
0.995606065 0.000507858 0.093638912 56.185276031 -0.002774096 0.999706328 0.024073306 -49.177017212 -0.093599185 -0.024227297 0.995315194 543.208801270
0.995532572 0.001152112 0.094411582 56.480613708 -0.003327521 0.999732494 0.022887569 -49.357765198 -0.094359942 -0.023099476 0.995270133 545.528991699
0.995395541 0.001168416 0.095845796 56.767211914 -0.003417476 0.999722540 0.023304595 -49.541294098 -0.095791973 -0.023524841 0.995123327 547.852905273
0.995351672 0.001073910 0.096302308 57.071937561 -0.003437480 0.999696970 0.024380684 -49.726612091 -0.096246965 -0.024598392 0.995053470 550.148010254
0.995268285 0.000946909 0.097160518 57.374862671 -0.003352257 0.999691844 0.024596173 -49.910354614 -0.097107314 -0.024805496 0.994964719 552.454772949
0.995311201 -0.000033061 0.096723951 57.696422577 -0.002257850 0.999719501 0.023575500 -50.090751648 -0.096697606 -0.023683349 0.995032012 554.764648438
0.995355904 -0.000559132 0.096261524 58.019145966 -0.001764325 0.999709308 0.024050107 -50.276889801 -0.096246995 -0.024108257 0.995065451 557.079956055
0.995299637 -0.000364019 0.096842661 58.328720093 -0.002024975 0.999696076 0.024569394 -50.460990906 -0.096822150 -0.024650011 0.994996369 559.391967773
0.995278001 0.000117599 0.097065374 58.644420624 -0.002585412 0.999676585 0.025298860 -50.641857147 -0.097030990 -0.025430351 0.994956434 561.725952148
0.995256901 -0.000572517 0.097279191 58.962200165 -0.001956212 0.999662697 0.025897192 -50.825214386 -0.097261213 -0.025964657 0.994920135 564.061035156
0.995218933 -0.000102764 0.097670458 59.276683807 -0.002502329 0.999644399 0.026549401 -51.003253937 -0.097638458 -0.026666868 0.994864583 566.382263184
0.995163858 0.000889827 0.098224811 59.598495483 -0.003454909 0.999657273 0.025947394 -51.188751221 -0.098168075 -0.026161266 0.994825840 568.712219238
0.995186627 0.001889530 0.097979665 59.931175232 -0.004290957 0.999695420 0.024304498 -51.364830017 -0.097903892 -0.024607942 0.994891584 571.045166016
0.995170176 0.002410211 0.098135427 60.260490417 -0.004821345 0.999692142 0.024339722 -51.547878265 -0.098046549 -0.024695309 0.994875312 573.366149902
0.995161116 0.002269800 0.098229609 60.582073212 -0.004825162 0.999655843 0.025784435 -51.742927551 -0.098137282 -0.026133642 0.994829655 575.742980957
0.995163739 0.002225840 0.098204561 60.909240723 -0.004902529 0.999622822 0.027023369 -51.930019379 -0.098107360 -0.027374126 0.994799256 578.057495117
0.995093226 0.002978078 0.098896980 61.225318909 -0.005526598 0.999659359 0.025505500 -52.114360809 -0.098787352 -0.025926908 0.994770765 580.437622070
0.995130956 0.002160851 0.098538496 61.550022125 -0.004657542 0.999673784 0.025114231 -52.289779663 -0.098452076 -0.025450895 0.994816303 582.780395508
0.995096505 0.001719069 0.098893248 61.872665405 -0.004375993 0.999635100 0.026655955 -52.480972290 -0.098811343 -0.026958006 0.994740963 585.093383789
0.995141566 0.001955000 0.098435394 62.195850372 -0.004617359 0.999629498 0.026826229 -52.660652161 -0.098346464 -0.027150404 0.994781792 587.412414551
0.995160699 -0.001057612 0.098255143 62.534828186 -0.001462553 0.999671876 0.025573621 -52.846656799 -0.098249972 -0.025593564 0.994832575 589.758300781
0.995187163 -0.001340130 0.097983010 62.863697052 -0.001162803 0.999674559 0.025483001 -53.024158478 -0.097985290 -0.025474284 0.994861782 592.103637695
0.995213747 -0.003289535 0.097666539 63.185913086 0.000765458 0.999665022 0.025870053 -53.207618713 -0.097718939 -0.025671478 0.994882882 594.438354492
0.995238066 -0.004149677 0.097386867 63.515739441 0.001600045 0.999654293 0.026243960 -53.391387939 -0.097462110 -0.025963165 0.994900465 596.794372559
