1.000000000 0.000000000 0.000000000 0.000000000 0.000000000 1.000000000 0.000000000 0.000000000 0.000000000 0.000000000 1.000000000 0.000000000
0.999999940 -0.000056027 0.000306291 0.088706121 0.000056092 1.000000000 -0.000212878 -0.226459116 -0.000306279 0.000212895 0.999999940 2.285961390
0.999999523 0.000196620 0.001075054 0.167726293 -0.000196920 0.999999940 0.000279084 -0.464014262 -0.001074999 -0.000279296 0.999999404 4.583235741
0.999998748 -0.000103706 0.001563067 0.266325116 0.000102896 0.999999881 0.000517864 -0.696526468 -0.001563120 -0.000517703 0.999998569 6.868249416
0.999997020 -0.000313270 0.002386754 0.360699177 0.000316227 0.999999166 -0.001238402 -0.928149998 -0.002386364 0.001239153 0.999996305 9.161057472
0.999989152 0.001440287 0.004420962 0.451697111 -0.001440519 0.999998927 0.000049330 -1.163380980 -0.004420887 -0.000055698 0.999990165 11.465727806
0.999971211 0.003324835 0.006813925 0.549203873 -0.003334553 0.999993384 0.001415340 -1.398922205 -0.006809175 -0.001438020 0.999975801 13.753275871
0.999952912 0.003152296 0.009176072 0.655099869 -0.003188995 0.999987006 0.003987509 -1.627212405 -0.009163382 -0.004016584 0.999949992 16.025209427
0.999944031 0.003474826 0.009993506 0.756717563 -0.003528953 0.999979198 0.005403606 -1.857928395 -0.009974523 -0.005438570 0.999935448 18.319120407
0.999932170 0.002612591 0.011353781 0.865097582 -0.002678634 0.999979556 0.005805517 -2.084913731 -0.011338383 -0.005835536 0.999918640 20.591190338
0.999930382 0.000093623 0.011800218 0.991447806 -0.000132243 0.999994636 0.003272111 -2.308386087 -0.011799850 -0.003273444 0.999924958 22.914508820
0.999917626 -0.002146130 0.012654566 1.097799659 0.002133592 0.999997258 0.001004193 -2.524853706 -0.012656687 -0.000977110 0.999919415 25.199872971
0.999919116 -0.002582335 0.012448900 1.239931822 0.002566731 0.999995887 0.001269215 -2.781950474 -0.012452126 -0.001237159 0.999921679 27.492362976
0.999901772 -0.002297676 0.013820855 1.340263009 0.002296081 0.999997318 0.000131289 -3.003865004 -0.013821121 -0.000099543 0.999904454 29.777778625
0.999900579 -0.000283842 0.014094842 1.472382545 0.000249279 0.999996960 0.002453884 -3.229896069 -0.014095494 -0.002450126 0.999897599 32.052307129
0.999902725 0.001659897 0.013848936 1.605936527 -0.001725860 0.999987125 0.004752507 -3.450826645 -0.013840870 -0.004775947 0.999892831 34.333076477
0.999871135 0.003738160 0.015609105 1.719248652 -0.003881793 0.999950290 0.009181717 -3.685426712 -0.015574006 -0.009241126 0.999836028 36.650783539
0.999856293 0.005599794 0.016002404 1.840128899 -0.005740098 0.999945343 0.008735300 -3.900894880 -0.015952613 -0.008825901 0.999833822 38.922756195
0.999826252 0.004428563 0.018105924 1.941949606 -0.004557592 0.999964476 0.007091271 -4.102676392 -0.018073879 -0.007172558 0.999810934 41.219127655
0.999827743 0.001959452 0.018458303 2.064042568 -0.002069666 0.999980092 0.005953694 -4.324644089 -0.018446265 -0.005990869 0.999811947 43.497138977
0.999830961 0.001667177 0.018306540 2.196320295 -0.001759483 0.999985814 0.005027292 -4.552219868 -0.018297900 -0.005058653 0.999819756 45.752323151
0.999830067 0.000906347 0.018408710 2.322180510 -0.000977013 0.999992192 0.003830115 -4.776025295 -0.018405093 -0.003847450 0.999823213 48.021392822
0.999833107 -0.000714949 0.018256625 2.458763599 0.000637587 0.999990940 0.004242978 -5.002314091 -0.018259494 -0.004230630 0.999824345 50.302642822
0.999812543 -0.001168596 0.019323900 2.586630106 0.001081719 0.999989271 0.004505685 -5.222387314 -0.019328954 -0.004483938 0.999803066 52.571987152
0.999807835 -0.002327971 0.019469708 2.722287655 0.002240202 0.999987245 0.004528592 -5.450705528 -0.019480003 -0.004484105 0.999800205 54.854396820
0.999767482 -0.002714222 0.021390574 2.838982105 0.002615304 0.999985754 0.004650993 -5.674561024 -0.021402894 -0.004593969 0.999760389 57.148765564
0.999749362 -0.004009469 0.022024238 2.977017403 0.003892982 0.999978244 0.005329350 -5.899199486 -0.022045128 -0.005242274 0.999743223 59.415370941
0.999702513 -0.005354465 0.023792997 3.101420164 0.005242167 0.999974787 0.004779635 -6.122572899 -0.023817994 -0.004653485 0.999705493 61.683475494
0.999682605 -0.006068598 0.024447694 3.251060009 0.005951416 0.999970376 0.004863056 -6.348268986 -0.024476485 -0.004716015 0.999689221 63.934379578
0.999649763 -0.005677232 0.025847914 3.391028881 0.005537548 0.999969661 0.005472437 -6.569176674 -0.025878198 -0.005327384 0.999650896 66.201202393
0.999626219 -0.004898819 0.026895985 3.538295746 0.004743740 0.999971688 0.005826658 -6.794277668 -0.026923772 -0.005696893 0.999621272 68.454368591
0.999583066 -0.005096962 0.028418252 3.675839901 0.004935746 0.999971271 0.005740230 -7.018990517 -0.028446699 -0.005597571 0.999579608 70.706192017
0.999572694 -0.005902130 0.028627500 3.841606617 0.005777906 0.999973536 0.004420127 -7.239526272 -0.028652828 -0.004252831 0.999580383 72.957160950
0.999553502 -0.006935730 0.029062886 4.002597809 0.006798630 0.999965310 0.004813511 -7.463788986 -0.029095266 -0.004613775 0.999565959 75.239295959
0.999507546 -0.008049459 0.030326340 4.165378571 0.007917427 0.999958694 0.004471318 -7.694953918 -0.030361081 -0.004229009 0.999530077 77.506736755
0.999496460 -0.009117202 0.030392027 4.321097374 0.008996118 0.999951065 0.004118489 -7.916629791 -0.030428084 -0.003843004 0.999529600 79.738975525
0.999462783 -0.009530512 0.031357870 4.469773293 0.009410244 0.999947786 0.003980653 -8.134376526 -0.031394172 -0.003683429 0.999500334 81.993225098
0.999451756 -0.008835365 0.031908799 4.648313522 0.008722470 0.999955297 0.003675524 -8.357338905 -0.031939853 -0.003395186 0.999484003 84.246040344
0.999403536 -0.008636031 0.033437401 4.807145596 0.008499013 0.999954820 0.004237726 -8.574847221 -0.033472493 -0.003951013 0.999431849 86.499336243
0.999399364 -0.008212972 0.033666592 4.973698616 0.008034050 0.999952912 0.005446316 -8.807257652 -0.033709738 -0.005172565 0.999418199 88.774421692
0.999367177 -0.007331745 0.034806073 5.131660938 0.007122848 0.999955893 0.006121933 -9.031595230 -0.034849416 -0.005870141 0.999375284 91.027297974
0.999341071 -0.007306744 0.035550844 5.301169395 0.007099201 0.999957025 0.005960673 -9.250493050 -0.035592865 -0.005704362 0.999350190 93.278358459
0.999325931 -0.007473617 0.035945956 5.472023487 0.007280362 0.999958336 0.005504156 -9.466372490 -0.035985589 -0.005238746 0.999338686 95.533744812
0.999291718 -0.007934974 0.036784738 5.640516281 0.007725357 0.999953270 0.005837105 -9.686027527 -0.036829330 -0.005548795 0.999306142 97.785728455
0.999253392 -0.007523209 0.037895113 5.802429199 0.007318906 0.999957919 0.005527079 -9.917406082 -0.037935097 -0.005245601 0.999266565 100.022102356
0.999199033 -0.007649587 0.039277896 5.964382648 0.007393539 0.999950469 0.006660000 -10.132810593 -0.039326899 -0.006364264 0.999206126 102.253051758
0.999178708 -0.008560904 0.039605666 6.162225723 0.008311694 0.999944568 0.006452717 -10.353726387 -0.039658718 -0.006118228 0.999194503 104.515670776
0.999140739 -0.009100226 0.040432774 6.340023041 0.008809443 0.999934077 0.007364161 -10.569845200 -0.040497128 -0.007001643 0.999155104 106.745109558
0.999101520 -0.010488738 0.041062452 6.520889282 0.010179337 0.999918282 0.007736741 -10.785698891 -0.041140240 -0.007311801 0.999126613 108.987594604
0.999058545 -0.011642982 0.041789711 6.704025269 0.011289549 0.999898553 0.008683464 -11.006534576 -0.041886576 -0.008203504 0.999088645 111.236236572
0.999038517 -0.012155069 0.042120021 6.895340443 0.011846954 0.999901235 0.007557115 -11.225904465 -0.042207710 -0.007050856 0.999083936 113.492843628
0.998993099 -0.012776031 0.043007046 7.078085899 0.012504936 0.999900162 0.006566606 -11.438102722 -0.043086648 -0.006022193 0.999053299 115.736907959
0.998955250 -0.012909694 0.043837272 7.262227058 0.012615244 0.999895930 0.006986928 -11.660116196 -0.043922916 -0.006426611 0.999014199 117.980636597
0.998912275 -0.013066556 0.044759821 7.454559326 0.012727522 0.999888122 0.007851170 -11.877418518 -0.044857401 -0.007272949 0.998966932 120.227851868
0.998899639 -0.013836959 0.044812087 7.661555767 0.013471637 0.999873579 0.008444090 -12.096663475 -0.044923265 -0.007831107 0.998959720 122.429222107
0.998843253 -0.014738315 0.045768749 7.857173920 0.014384165 0.999864101 0.008057512 -12.316477776 -0.045881286 -0.007389847 0.998919547 124.715896606
0.998806357 -0.014932593 0.046506364 8.040600777 0.014605812 0.999866188 0.007358550 -12.537368774 -0.046610028 -0.006670503 0.998890877 126.982421875
0.998792112 -0.016494287 0.046283677 8.233186722 0.016159305 0.999840438 0.007602456 -12.749077797 -0.046401687 -0.006845361 0.998899400 129.239059448
0.998815000 -0.017598210 0.045377713 8.423818588 0.017251387 0.999818921 0.008023378 -12.962051392 -0.045510702 -0.007231040 0.998937666 131.492462158
0.998881936 -0.018091954 0.043674752 8.624957085 0.017706968 0.999801099 0.009185683 -13.176712990 -0.043832242 -0.008402064 0.999003589 133.722930908
0.998930871 -0.019118033 0.042090703 8.822220802 0.018767942 0.999786019 0.008697020 -13.391589165 -0.042247955 -0.007897769 0.999075890 135.967010498
0.999006748 -0.020065464 0.039785486 9.033164978 0.019748105 0.999770045 0.008353858 -13.601750374 -0.039943967 -0.007559874 0.999173284 138.189697266
0.998989642 -0.020580828 0.039951500 9.194074631 0.020271219 0.999761343 0.008139387 -13.809734344 -0.040109485 -0.007321298 0.999168396 140.452224731
0.998985648 -0.020974230 0.039846983 9.366113663 0.020673877 0.999754846 0.007934825 -14.011272430 -0.040003639 -0.007102985 0.999174297 142.684967041
0.999018252 -0.021177931 0.038911119 9.555483818 0.020809760 0.999734998 0.009842717 -14.244605064 -0.039109260 -0.009023322 0.999194145 144.903228760
0.999030709 -0.020176476 0.039125651 9.730487823 0.019849172 0.999764800 0.008736016 -14.456284523 -0.039292723 -0.007950936 0.999196112 147.155990601
0.999055147 -0.018974714 0.039099324 9.910230637 0.018703694 0.999798656 0.007285748 -14.669244766 -0.039229698 -0.006547562 0.999208689 149.396087646
0.999067485 -0.017508328 0.039466433 10.087535858 0.017269131 0.999830425 0.006393493 -14.884979248 -0.039571680 -0.005705981 0.999200463 151.641036987
0.999077678 -0.016853908 0.039494134 10.272974014 0.016615612 0.999841690 0.006354247 -15.097381592 -0.039594989 -0.005692166 0.999199569 153.868270874
0.999068499 -0.016035886 0.040063918 10.453082085 0.015775988 0.999852479 0.006794914 -15.310423851 -0.040166974 -0.006156537 0.999173999 156.124069214
0.999070764 -0.014545558 0.040570717 10.630434036 0.014230954 0.999866426 0.008032515 -15.518705368 -0.040682133 -0.007447692 0.999144316 158.348937988
0.999016404 -0.013725910 0.042163119 10.809896469 0.013351700 0.999869049 0.009144098 -15.734004021 -0.042283103 -0.008572155 0.999068856 160.586425781
0.998982966 -0.012329914 0.043370787 10.968557358 0.011871052 0.999870896 0.010821647 -15.948451042 -0.043498613 -0.010295780 0.999000430 162.856826782
0.998946726 -0.011976353 0.044293873 11.152603149 0.011554370 0.999885499 0.009770682 -16.144763947 -0.044405818 -0.009248605 0.998970747 165.109039307
0.998907506 -0.011458201 0.045304216 11.347924232 0.011083732 0.999902308 0.008508262 -16.354532242 -0.045397274 -0.007996826 0.998937011 167.348098755
0.998840630 -0.009687618 0.047156926 11.534254074 0.009302384 0.999921620 0.008381840 -16.561370850 -0.047234427 -0.007933450 0.998852313 169.584136963
0.998715520 -0.008884095 0.049882952 11.722624779 0.008468542 0.999927700 0.008535665 -16.771341324 -0.049955186 -0.008102267 0.998718560 171.819778442
0.998594046 -0.008946635 0.052250665 11.926017761 0.008525364 0.999929309 0.008279860 -16.980640411 -0.052321058 -0.007822760 0.998599648 174.069076538
0.998508632 -0.009082460 0.053835198 12.135231018 0.008622749 0.999924362 0.008765396 -17.195798874 -0.053910747 -0.008288114 0.998511374 176.328964233
0.998478651 -0.009575452 0.054301158 12.349199295 0.009056732 0.999911010 0.009790706 -17.406234741 -0.054390077 -0.009284020 0.998476565 178.551574707
0.998450160 -0.011795991 0.054388039 12.549161911 0.011316270 0.999894381 0.009119844 -17.619264603 -0.054489873 -0.008490241 0.998478174 180.803955078
0.998406947 -0.012728477 0.054967709 12.750767708 0.012268632 0.999886870 0.008695114 -17.827381134 -0.055072166 -0.008006886 0.998450279 183.051116943
0.998490691 -0.014083932 0.053084742 12.979561806 0.013660710 0.999871969 0.008327031 -18.040782928 -0.053195234 -0.007589289 0.998555303 185.289260864
0.998497605 -0.015898837 0.052437596 13.193008423 0.015444063 0.999839544 0.009066503 -18.253635406 -0.052573327 -0.008243032 0.998583019 187.528533936
0.998521805 -0.016756495 0.051704228 13.405847549 0.016330540 0.999829173 0.008649871 -18.463434219 -0.051840343 -0.007792725 0.998624980 189.771514893
0.998480916 -0.017671764 0.052187372 13.605464935 0.017250590 0.999815106 0.008509872 -18.682857513 -0.052328110 -0.007596682 0.998601019 191.996841431
0.998455644 -0.019277351 0.052100450 13.804685593 0.018890308 0.999790251 0.007911113 -18.894546509 -0.052242018 -0.006914704 0.998610437 194.230270386
0.998476505 -0.018617829 0.051942438 14.016902924 0.018220171 0.999801040 0.008118934 -19.108556747 -0.052083258 -0.007160165 0.998617053 196.470046997
0.998484135 -0.016971260 0.052359901 14.227484703 0.016557045 0.999828219 0.008334587 -19.324640274 -0.052492350 -0.007455027 0.998593450 198.711425781
0.998510242 -0.013927921 0.052755564 14.427503586 0.013527066 0.999876916 0.007947810 -19.541069031 -0.052859768 -0.007222343 0.998575807 200.962936401
0.998479545 -0.013508016 0.053442229 14.639000893 0.013153242 0.999889076 0.006984632 -19.754058838 -0.053530652 -0.006271074 0.998546481 203.227569580
0.998444259 -0.013738341 0.054039553 14.841717720 0.013341106 0.999881327 0.007704726 -19.965320587 -0.054138988 -0.006971792 0.998509049 205.449111938
0.998421431 -0.015203428 0.054071944 15.071460724 0.014802753 0.999859989 0.007802862 -20.188161850 -0.054183017 -0.006990130 0.998506486 207.706695557
0.998356640 -0.014844961 0.055350635 15.278495789 0.014406741 0.999861598 0.008307898 -20.394723892 -0.055466317 -0.007496823 0.998432398 209.953704834
0.998304009 -0.014870280 0.056285214 15.503868103 0.014355260 0.999851406 0.009543528 -20.622203827 -0.056418758 -0.008719352 0.998369098 212.168457031
0.998240948 -0.013613519 0.057704408 15.738206863 0.013077719 0.999867857 0.009652765 -20.832647324 -0.057828188 -0.008881142 0.998287022 214.399398804
0.998058081 -0.011638156 0.061192855 15.943662643 0.011058734 0.999890864 0.009798955 -21.039041519 -0.061300211 -0.009103210 0.998077869 216.650878906
0.997919381 -0.011605879 0.063420534 16.171321869 0.010978204 0.999887347 0.010236564 -21.249208450 -0.063532189 -0.009519023 0.997934401 218.892700195
0.997783065 -0.013049238 0.065257184 16.406650543 0.012373282 0.999865592 0.010751817 -21.454872131 -0.065388709 -0.009920535 0.997810483 221.124145508
0.997674942 -0.014339640 0.066626690 16.642835617 0.013600581 0.999840915 0.011532923 -21.657434464 -0.066781476 -0.010599947 0.997711301 223.353897095
0.997598827 -0.016354704 0.067297906 16.889898300 0.015646808 0.999816716 0.011032491 -21.871627808 -0.067465983 -0.009953004 0.997672021 225.576248169
0.997559130 -0.017471235 0.067605622 17.130159378 0.016780306 0.999801159 0.010774461 -22.074172974 -0.067780420 -0.009613717 0.997653961 227.815475464
0.997522533 -0.017766094 0.068067327 17.370883942 0.017063243 0.999795198 0.010893339 -22.277221680 -0.068246916 -0.009704905 0.997621179 230.046859741
0.997447908 -0.018726695 0.068897180 17.614122391 0.018066669 0.999784827 0.010190603 -22.487543106 -0.069073193 -0.008919856 0.997571647 232.291931152
0.997432411 -0.019850468 0.068807736 17.875225067 0.019107871 0.999751985 0.011433870 -22.703451157 -0.069017641 -0.010089744 0.997564435 234.583786011
0.997396648 -0.019821983 0.069333047 18.117660522 0.019068472 0.999751866 0.011513067 -22.906040192 -0.069544047 -0.010161018 0.997527063 236.820281982
0.997336268 -0.019222712 0.070362300 18.349418640 0.018466085 0.999764621 0.011388150 -23.107902527 -0.070564628 -0.010058502 0.997456431 239.026199341
0.997304201 -0.019186966 0.070825092 18.593353271 0.018417686 0.999764264 0.011498795 -23.310874939 -0.071029022 -0.010163364 0.997422457 241.242172241
0.997252464 -0.019542824 0.071455315 18.840131760 0.018752797 0.999755502 0.011710547 -23.512655258 -0.071666718 -0.010338385 0.997375071 243.474060059
0.997225761 -0.019652700 0.071796946 19.087207794 0.018921569 0.999762118 0.010849385 -23.720830917 -0.071993060 -0.009460774 0.997360289 245.700347900
0.997228086 -0.018868646 0.071972154 19.347379684 0.018190786 0.999783874 0.010062302 -23.929435730 -0.072146453 -0.008725182 0.997355878 247.942794800
0.997222602 -0.019196989 0.071962476 19.612306595 0.018469777 0.999771655 0.010757306 -24.144048691 -0.072152540 -0.009398298 0.997349322 250.175888062
0.997215748 -0.020669889 0.071647465 19.876588821 0.019936588 0.999741435 0.010935015 -24.354528427 -0.071854971 -0.009476162 0.997370064 252.402023315
0.997207880 -0.020860812 0.071703039 20.141065598 0.020086253 0.999731958 0.011506568 -24.563310623 -0.071923859 -0.010034193 0.997359633 254.664291382
0.997187138 -0.021630367 0.071762435 20.386569977 0.020832524 0.999712765 0.011847855 -24.770030975 -0.071998090 -0.010319536 0.997351408 256.885498047
0.997158229 -0.021758324 0.072124854 20.650234222 0.020918261 0.999704480 0.012382373 -24.984863281 -0.072372980 -0.010838457 0.997318745 259.152801514
0.997133851 -0.021439448 0.072556242 20.908926010 0.020646447 0.999718845 0.011661964 -25.184274673 -0.072785877 -0.010130512 0.997296095 261.391571045
0.997116864 -0.021353176 0.072814822 21.170785904 0.020601220 0.999726534 0.011062478 -25.386089325 -0.073031142 -0.009530507 0.997284055 263.640563965
0.997087538 -0.020571159 0.073439069 21.431377411 0.019849712 0.999747396 0.010540200 -25.593273163 -0.073637344 -0.009051756 0.997244000 265.873779297
0.997046411 -0.020044196 0.074140228 21.692649841 0.019317446 0.999758124 0.010506584 -25.795839310 -0.074332893 -0.009043352 0.997192502 268.113800049
0.996913373 -0.019482842 0.076053813 21.946006775 0.018768404 0.999772847 0.010097366 -26.010417938 -0.076233245 -0.008638793 0.997052610 270.365600586
0.996822894 -0.020281270 0.077024311 22.217796326 0.019528648 0.999753952 0.010511984 -26.221252441 -0.077218562 -0.008974406 0.996973872 272.609954834
0.996647179 -0.020487091 0.079214625 22.467447281 0.019658230 0.999743700 0.011229353 -26.429729462 -0.079424389 -0.009634483 0.996794343 274.857818604
0.996566415 -0.020501591 0.080218241 22.746437073 0.019545883 0.999728680 0.012681042 -26.630439758 -0.080456436 -0.011069567 0.996696651 277.088165283
0.996485531 -0.019455139 0.081474140 23.021724701 0.018386737 0.999735117 0.013843186 -26.835172653 -0.081721865 -0.012296490 0.996579289 279.335723877
0.996370137 -0.019395025 0.082887888 23.298768997 0.018268680 0.999730468 0.014325748 -27.036518097 -0.083143391 -0.012759494 0.996455848 281.583648682
0.996303320 -0.018747805 0.083834797 23.572895050 0.017558564 0.999734819 0.014900465 -27.237854004 -0.084091917 -0.013373361 0.996368289 283.821044922
0.996264875 -0.018249847 0.084399618 23.869636536 0.017154006 0.999759138 0.013691028 -27.431598663 -0.084629141 -0.012192095 0.996338069 286.089904785
0.996156275 -0.017573377 0.085813247 24.138563156 0.016513698 0.999778569 0.013042994 -27.632360458 -0.086023450 -0.011575768 0.996225893 288.314727783
0.996111810 -0.017385757 0.086365238 24.409650803 0.016325314 0.999782622 0.012969743 -27.843942642 -0.086571932 -0.011509374 0.996179044 290.568420410
0.996123433 -0.017715748 0.086164184 24.697778702 0.016682960 0.999780297 0.012691678 -28.047475815 -0.086370096 -0.011205006 0.996200085 292.812774658
0.996125638 -0.018441150 0.085986473 24.978420258 0.017476143 0.999775708 0.011962115 -28.251461029 -0.086187780 -0.010413058 0.996224463 295.037536621
0.996104360 -0.018239740 0.086276829 25.257261276 0.017256135 0.999777496 0.012132787 -28.458698273 -0.086478941 -0.010596716 0.996197343 297.274261475
0.996101499 -0.017556172 0.086450055 25.539371490 0.016573204 0.999789774 0.012075006 -28.655502319 -0.086643875 -0.010595179 0.996182978 299.507232666
0.996026814 -0.017382415 0.087340876 25.797044754 0.016255241 0.999775350 0.013600221 -28.870010376 -0.087557644 -0.012126437 0.996085644 301.736541748
0.996047378 -0.018079216 0.086963907 26.089536667 0.016944434 0.999761641 0.013769467 -29.069608688 -0.087192118 -0.012241488 0.996116281 303.980529785
0.996000528 -0.017681003 0.087580442 26.371934891 0.016519116 0.999765873 0.013973608 -29.266548157 -0.087806992 -0.012470969 0.996059418 306.217773438
0.995987177 -0.018016260 0.087663919 26.652391434 0.016861932 0.999761343 0.013890478 -29.474815369 -0.087893233 -0.012356555 0.996053278 308.458312988
0.995934904 -0.019395322 0.087963000 26.938005447 0.018192235 0.999729991 0.014458345 -29.675029755 -0.088219687 -0.012799326 0.996018827 310.717010498
0.995903850 -0.019227326 0.088350378 27.225486755 0.018076051 0.999741197 0.013812525 -29.875019073 -0.088593081 -0.012158922 0.995993614 312.945281982
0.995924413 -0.019023485 0.088162966 27.520498276 0.017815715 0.999736607 0.014466049 -30.077623367 -0.088414945 -0.012836406 0.996001005 315.191497803
0.995864809 -0.017609743 0.089124009 27.809488297 0.016463377 0.999772251 0.013581437 -30.279726028 -0.089342877 -0.012057992 0.995928049 317.440155029
0.995855272 -0.015693232 0.089587845 28.093639374 0.014475742 0.999794066 0.014223489 -30.481660843 -0.089792609 -0.012867685 0.995877385 319.686828613
0.995784760 -0.014355917 0.090589292 28.373413086 0.013159686 0.999818325 0.013788522 -30.682365417 -0.090770774 -0.012538275 0.995792866 321.914123535
0.995737135 -0.014395104 0.091107793 28.658939362 0.013134138 0.999809802 0.014424838 -30.882007599 -0.091298126 -0.013166724 0.995736539 324.156341553
0.995710015 -0.014029047 0.091458797 28.950067520 0.012617169 0.999792397 0.015997311 -31.090154648 -0.091664240 -0.014774734 0.995680332 326.383880615
0.995670021 -0.015222850 0.091704294 29.232986450 0.013827695 0.999779224 0.015829874 -31.289579391 -0.091925025 -0.014493274 0.995660365 328.627349854
0.995673358 -0.016604435 0.091426671 29.534500122 0.015304976 0.999771893 0.014895985 -31.483993530 -0.091653146 -0.013432254 0.995700359 330.858062744
0.995669901 -0.016241619 0.091530576 29.822732925 0.014943087 0.999778092 0.014854403 -31.684158325 -0.091751523 -0.013422334 0.995691478 333.073852539
0.995634556 -0.016572261 0.091854393 30.110025406 0.015193999 0.999761641 0.015683914 -31.874111176 -0.092092402 -0.014219814 0.995648861 335.312072754
0.995665848 -0.016875302 0.091458939 30.414443970 0.015506815 0.999757230 0.015652912 -32.068645477 -0.091700882 -0.014166833 0.995685816 337.540466309
0.995640099 -0.016586272 0.091791630 30.696302414 0.015199547 0.999759853 0.015785869 -32.265682220 -0.092031427 -0.014321854 0.995653033 339.769470215
0.995686173 -0.016464192 0.091312215 31.001771927 0.015098161 0.999763966 0.015630679 -32.467643738 -0.091547988 -0.014184605 0.995699763 342.001983643
0.995721817 -0.016228316 0.090965189 31.297475815 0.014814084 0.999759018 0.016200686 -32.665420532 -0.091206171 -0.014783810 0.995722413 344.241851807
0.995777130 -0.016083712 0.090382770 31.592121124 0.014675566 0.999760687 0.016222874 -32.858123779 -0.090622060 -0.014827951 0.995774925 346.481414795
0.995801628 -0.015765117 0.090170927 31.879083633 0.014366817 0.999766588 0.016135387 -33.051525116 -0.090404235 -0.014772174 0.995795608 348.713165283
0.995781958 -0.015388062 0.090451904 32.163505554 0.013936205 0.999764085 0.016660888 -33.251037598 -0.090686940 -0.015330054 0.995761454 350.954498291
0.995820105 -0.015774261 0.089963503 32.452426910 0.014311478 0.999755085 0.016881730 -33.442039490 -0.090207778 -0.015523659 0.995801926 353.181457520
0.995851099 -0.015371609 0.089689672 32.742061615 0.013945699 0.999766529 0.016503371 -33.639404297 -0.089922428 -0.015184114 0.995833039 355.427368164
0.995883405 -0.015378009 0.089329325 33.033035278 0.013914214 0.999758899 0.016986191 -33.833694458 -0.089569002 -0.015673319 0.995857298 357.656921387
0.995927393 -0.014829809 0.088930570 33.325634003 0.013287651 0.999751270 0.017908195 -34.030616760 -0.089174032 -0.016653579 0.995876849 359.897979736
0.996007442 -0.015106513 0.087981835 33.627643585 0.013558991 0.999743283 0.018160261 -34.229244232 -0.088233568 -0.016894814 0.995956540 362.151153564
0.996053576 -0.015068466 0.087465204 33.921302795 0.013483264 0.999734461 0.018686412 -34.422294617 -0.087723553 -0.017433353 0.995992303 364.387664795
0.996103346 -0.015002929 0.086908288 34.213249207 0.013495348 0.999748528 0.017908474 -34.614772797 -0.087155111 -0.016665833 0.996055365 366.644653320
0.996125877 -0.015719784 0.086522341 34.497352600 0.014220080 0.999738276 0.017922284 -34.811180115 -0.086781420 -0.016622497 0.996088684 368.891998291
0.996105492 -0.015477425 0.086800285 34.775329590 0.014045212 0.999755383 0.017086675 -34.998672485 -0.087043501 -0.015801003 0.996079206 371.159301758
0.996169329 -0.015724167 0.086020030 35.063640594 0.014279103 0.999746859 0.017388744 -35.199287415 -0.086271681 -0.016093845 0.996141672 373.383300781
0.996214926 -0.015445638 0.085540988 35.353321075 0.013921647 0.999734044 0.018383900 -35.388553619 -0.085802183 -0.017123444 0.996164978 375.632537842
0.996166468 -0.015904251 0.086019956 35.626060486 0.014357959 0.999724507 0.018564900 -35.578433990 -0.086291529 -0.017258657 0.996120453 377.887969971
0.996178091 -0.016542731 0.085764304 35.912788391 0.014980484 0.999710500 0.018827334 -35.772006989 -0.086050928 -0.017470583 0.996137559 380.128753662
0.996191502 -0.016641898 0.085589014 36.203109741 0.015083089 0.999708951 0.018827319 -35.958934784 -0.085877426 -0.017464666 0.996152639 382.376495361
0.996218920 -0.015911950 0.085408770 36.497631073 0.014329009 0.999714613 0.019114900 -36.151889801 -0.085688539 -0.017818797 0.996162593 384.637878418
0.996224046 -0.014684823 0.085568450 36.777667999 0.013079506 0.999728322 0.019291166 -36.337898254 -0.085828476 -0.018099127 0.996145546 386.880279541
0.996252358 -0.013508295 0.085432678 37.070426941 0.011899942 0.999742806 0.019307313 -36.536018372 -0.085671522 -0.018218311 0.996156812 389.149200439
0.996251464 -0.012203516 0.085639335 37.353694916 0.010589380 0.999758124 0.019277120 -36.729198456 -0.085853867 -0.018297996 0.996139705 391.428009033
0.996277094 -0.010950401 0.085510790 37.639961243 0.009214317 0.999743879 0.020670863 -36.918426514 -0.085715242 -0.019805983 0.996122777 393.693939209
0.996220171 -0.009674477 0.086323664 37.915573120 0.007872312 0.999744415 0.021192901 -37.110008240 -0.086506657 -0.020433232 0.996041715 395.958984375
0.996151090 -0.009302359 0.087157540 38.194278717 0.007609042 0.999776185 0.019740356 -37.304950714 -0.087321684 -0.019001191 0.995998919 398.221374512
0.996117115 -0.009276818 0.087547787 38.479354858 0.007635772 0.999789298 0.019060865 -37.492412567 -0.087706156 -0.018318357 0.995977938 400.487335205
0.995975196 -0.010391008 0.089024916 38.746730804 0.008633463 0.999760628 0.020104548 -37.679145813 -0.089212522 -0.019255036 0.995826483 402.725860596
0.995972693 -0.011558238 0.088908613 39.046691895 0.009696481 0.999725103 0.021343615 -37.871753693 -0.089130871 -0.020395551 0.995811105 405.005126953
0.995994389 -0.011933341 0.088615395 39.342533112 0.010100166 0.999726176 0.021106532 -38.055206299 -0.088843003 -0.020126959 0.995842278 407.257446289
0.995894969 -0.010999018 0.089845106 39.639617920 0.009193440 0.999747872 0.020485755 -38.243392944 -0.090047784 -0.019575680 0.995745063 409.520568848
0.995854020 -0.010247773 0.090386450 39.935653687 0.008409292 0.999750435 0.020697666 -38.435302734 -0.090575993 -0.019851774 0.995691657 411.777160645
0.995787680 -0.009023945 0.091243222 40.223171234 0.007199415 0.999767840 0.020305736 -38.622352600 -0.091405272 -0.019563304 0.995621562 414.024475098
0.995685160 -0.007670318 0.092478454 40.517280579 0.005820851 0.999777973 0.020252066 -38.808650970 -0.092613272 -0.019626377 0.995508730 416.296295166
0.995655656 -0.008005527 0.092768639 40.824054718 0.006153690 0.999776423 0.020230785 -39.000053406 -0.092909850 -0.019572023 0.995482147 418.553588867
0.995545208 -0.008022847 0.093942769 41.114963531 0.006151265 0.999777138 0.020195223 -39.186897278 -0.094083846 -0.019527394 0.995372891 420.807983398
0.995471895 -0.008201156 0.094701812 41.408496857 0.006328348 0.999778688 0.020059260 -39.380462646 -0.094845355 -0.019369120 0.995303571 423.064392090
0.995404720 -0.008686976 0.095363580 41.711853027 0.006693166 0.999752820 0.021207457 -39.569309235 -0.095524229 -0.020471720 0.995216489 425.333374023
0.995349526 -0.007735069 0.096017636 42.011386871 0.005672179 0.999747574 0.021738874 -39.752750397 -0.096161559 -0.021093151 0.995142221 427.582733154
0.995276093 -0.006923154 0.096837990 42.319183350 0.004769773 0.999736607 0.022450777 -39.937316895 -0.096967898 -0.021882826 0.995046914 429.858764648
0.995282531 -0.007910506 0.096695133 42.623973846 0.005731918 0.999723852 0.022787536 -40.130096436 -0.096848696 -0.022125786 0.995053113 432.119537354
0.995211661 -0.008568668 0.097366139 42.930725098 0.006423264 0.999730110 0.022326501 -40.323585510 -0.097531162 -0.021594191 0.994998157 434.379455566
0.995192587 -0.007755558 0.097629823 43.244194031 0.005583995 0.999731243 0.022496440 -40.496284485 -0.097778074 -0.021843126 0.994968474 436.645721436
0.995173693 -0.008019129 0.097800963 43.560707092 0.005824252 0.999725163 0.022707179 -40.680732727 -0.097956188 -0.022027964 0.994946897 438.932006836
0.995211840 -0.008189593 0.097397923 43.881282806 0.005964299 0.999714971 0.023116674 -40.864131927 -0.097559467 -0.022425076 0.994977057 441.206481934
0.995229781 -0.007463807 0.097271837 44.208488464 0.005154500 0.999699295 0.023970472 -41.065757751 -0.097421497 -0.023354743 0.994969130 443.480865479
0.995159447 -0.008071052 0.097940803 44.517677307 0.005727732 0.999691248 0.024183488 -41.247230530 -0.098105751 -0.023505457 0.994898379 445.758300781
0.995159864 -0.008045245 0.097939603 44.827159882 0.005735290 0.999699354 0.023844220 -41.431716919 -0.098101981 -0.023167096 0.994906664 448.022216797
0.995171428 -0.007656521 0.097853117 45.141647339 0.005363069 0.999705136 0.023679281 -41.618827820 -0.098005593 -0.023040147 0.994919121 450.284332275
0.995089829 -0.007021833 0.098726779 45.444744110 0.004725523 0.999713242 0.023473877 -41.806686401 -0.098863289 -0.022892077 0.994837642 452.545135498
0.995017827 -0.006400459 0.099491574 45.753299713 0.004081533 0.999715567 0.023493852 -41.981155396 -0.099613652 -0.022970727 0.994760990 454.823425293
0.995012879 -0.006688925 0.099521518 46.065238953 0.004394018 0.999719799 0.023260757 -42.170570374 -0.099649206 -0.022707460 0.994763434 457.090057373
0.995020509 -0.006098042 0.099483758 46.385383606 0.003840927 0.999731183 0.022864053 -42.360321045 -0.099596448 -0.022368087 0.994776487 459.373535156
0.994981229 -0.004899949 0.099941708 46.694164276 0.002582247 0.999725044 0.023306724 -42.542171478 -0.100028425 -0.022931674 0.994720280 461.655670166
0.994966865 -0.004547145 0.100100972 47.002681732 0.002079514 0.999691725 0.024741970 -42.724945068 -0.100182600 -0.024409283 0.994669616 463.925323486
0.995000780 -0.004719848 0.099756882 47.308284760 0.002225076 0.999682367 0.025105011 -42.901634216 -0.099843703 -0.024757534 0.994695067 466.188201904
0.995107889 -0.004929068 0.098672450 47.629291534 0.002596037 0.999714494 0.023758637 -43.077857971 -0.098761402 -0.023386247 0.994836330 468.471618652
0.995203078 -0.004772886 0.097714178 47.956768036 0.002483037 0.999719679 0.023542350 -43.267593384 -0.097799174 -0.023186792 0.994936049 470.772430420
0.995291889 -0.005412209 0.096771598 48.270969391 0.003053140 0.999694943 0.024509169 -43.454792023 -0.096874714 -0.024098320 0.995004833 473.053680420
0.995281756 -0.005674144 0.096860610 48.571567535 0.003306093 0.999692082 0.024591051 -43.635513306 -0.096970335 -0.024154792 0.994994164 475.331298828
0.995370388 -0.004915379 0.095987819 48.880607605 0.002655476 0.999716580 0.023657205 -43.794872284 -0.096076868 -0.023292787 0.995101333 477.626861572
0.995402515 -0.005144250 0.095642008 49.191009521 0.002827047 0.999699533 0.024347614 -43.978408813 -0.095738530 -0.023965297 0.995117962 479.909088135
0.995429754 -0.005671905 0.095328294 49.500087738 0.003305000 0.999682784 0.024968561 -44.160240173 -0.095439672 -0.024539387 0.995132685 482.181579590
0.995456100 -0.006234115 0.095016941 49.797744751 0.003962473 0.999702275 0.024077712 -44.339134216 -0.095138744 -0.023591805 0.995184422 484.467163086
0.995512724 -0.006187167 0.094425134 50.107543945 0.003831472 0.999677360 0.025108699 -44.531162262 -0.094550021 -0.024634242 0.995215297 486.772460938
0.995601356 -0.006707366 0.093450181 50.415695190 0.004351995 0.999668241 0.025385598 -44.707950592 -0.093589447 -0.024867240 0.995300293 489.052978516
0.995507121 -0.005149437 0.094546519 50.681652069 0.002751373 0.999671638 0.025476705 -44.891010284 -0.094646655 -0.025102109 0.995194376 491.334838867
0.995584011 -0.004329242 0.093774647 50.998584747 0.001941261 0.999671876 0.025541354 -45.063728333 -0.093854450 -0.025246531 0.995265782 493.626251221
0.995569408 -0.003702044 0.093956411 51.287300110 0.001355605 0.999685824 0.025025241 -45.239067078 -0.094019540 -0.024786994 0.995261729 495.920654297
0.995606780 -0.003604828 0.093563184 51.601387024 0.001305075 0.999695778 0.024629230 -45.427169800 -0.093623511 -0.024398930 0.995308638 498.233276367
0.995663106 -0.003578236 0.092962384 51.905624390 0.001229377 0.999678850 0.025311751 -45.605430603 -0.093023092 -0.025087697 0.995347857 500.523651123
0.995661318 -0.003140260 0.092998050 52.200004578 0.000750653 0.999669075 0.025719076 -45.790138245 -0.093048021 -0.025537683 0.995334029 502.798065186
0.995701551 -0.002419666 0.092588060 52.503490448 0.000105257 0.999687552 0.024993563 -45.970741272 -0.092619605 -0.024876384 0.995390713 505.086273193
0.995684087 -0.002417715 0.092775621 52.797332764 0.000027785 0.999668300 0.025752977 -46.152137756 -0.092807114 -0.025639249 0.995353937 507.376556396
0.995714486 -0.002902990 0.092435315 53.101196289 0.000607318 0.999690890 0.024853887 -46.333755493 -0.092478909 -0.024691241 0.995408475 509.667541504
0.995755076 -0.003624006 0.091971472 53.409542084 0.001256351 0.999666631 0.025788218 -46.521465302 -0.092034236 -0.025563199 0.995427668 511.965789795
0.995768785 -0.003575807 0.091824502 53.710830688 0.001188188 0.999660075 0.026043497 -46.697853088 -0.091886438 -0.025824197 0.995434582 514.273803711
0.995769918 -0.002898041 0.091835871 54.006637573 0.000559653 0.999675214 0.025478221 -46.871559143 -0.091879889 -0.025319051 0.995448291 516.583190918
0.995766282 -0.001939158 0.091900840 54.297523499 -0.000386499 0.999680340 0.025281616 -47.054088593 -0.091920480 -0.025210099 0.995447159 518.874328613
0.995676875 0.000444205 0.092884786 54.594623566 -0.002816103 0.999673247 0.025406405 -47.236110687 -0.092843145 -0.025558142 0.995352626 521.204162598
0.995623171 0.002393648 0.093428016 54.899559021 -0.004801284 0.999662042 0.025553700 -47.415325165 -0.093335278 -0.025890430 0.995298028 523.532958984
0.995553970 0.003141667 0.094140224 55.202529907 -0.005682440 0.999626577 0.026733348 -47.589473724 -0.094021067 -0.027149443 0.995199919 525.853393555
0.995493710 0.002750459 0.094787762 55.505634308 -0.005296791 0.999631524 0.026622389 -47.765480042 -0.094679594 -0.027004493 0.995141387 528.165161133
0.995465338 0.000950199 0.095120251 55.809734344 -0.003624272 0.999602914 0.027943732 -47.941013336 -0.095055938 -0.028161757 0.995073497 530.477050781
0.995447755 -0.000754975 0.095305219 56.131614685 -0.001880268 0.999618471 0.027557736 -48.115379333 -0.095289640 -0.027611485 0.995066702 532.791687012
0.995416939 -0.000650682 0.095629364 56.440204620 -0.001931773 0.999635935 0.026909757 -48.290435791 -0.095612094 -0.026971160 0.995053172 535.104675293
0.995357096 -0.000724780 0.096248031 56.751438141 -0.001842682 0.999644816 0.026583923 -48.465011597 -0.096233115 -0.026637848 0.995002270 537.416381836
0.995277166 -0.000194396 0.097074769 57.056194305 -0.002344497 0.999658167 0.026039248 -48.646362305 -0.097046666 -0.026143862 0.994936407 539.724609375
0.995201051 0.000558391 0.097849429 57.369709015 -0.003094728 0.999663115 0.025770959 -48.829696655 -0.097802080 -0.025950104 0.994867504 542.042358398
0.995080650 0.001097912 0.099061951 57.664161682 -0.003555192 0.999690235 0.024632379 -49.006385803 -0.099004209 -0.024863388 0.994776309 544.351013184
0.994975805 0.001243598 0.100108072 57.969017029 -0.003747619 0.999684691 0.024829011 -49.181884766 -0.100045606 -0.025079429 0.994666755 546.676635742
0.994906485 0.001237425 0.100793801 58.278518677 -0.003859935 0.999658942 0.025827691 -49.365238190 -0.100727469 -0.026085194 0.994572043 548.958862305
0.994865358 0.000995732 0.101202466 58.597061157 -0.003636025 0.999657631 0.025908116 -49.544734955 -0.101142034 -0.026143061 0.994528592 551.265014648
0.994926214 -0.000392521 0.100606680 58.929962158 -0.002122571 0.999687910 0.024890991 -49.722846985 -0.100585036 -0.024978243 0.994614840 553.577270508
0.994918466 -0.000690379 0.100681566 59.254989624 -0.001885363 0.999673426 0.025485652 -49.907836914 -0.100666285 -0.025545970 0.994592249 555.891845703
0.994866490 -0.000555640 0.101195969 59.573543549 -0.002055833 0.999667585 0.025699990 -50.086311340 -0.101176612 -0.025776096 0.994534492 558.201293945
0.994848192 -0.000107664 0.101376846 59.899459839 -0.002629840 0.999635458 0.026869215 -50.268600464 -0.101342805 -0.026997393 0.994485199 560.533691406
0.994862437 -0.000594002 0.101233549 60.230571747 -0.002200556 0.999619544 0.027491152 -50.448146820 -0.101211384 -0.027572690 0.994482756 562.865905762
0.994821727 0.000058156 0.101635471 60.555431366 -0.002947714 0.999595702 0.028280653 -50.624633789 -0.101592734 -0.028433798 0.994419575 565.184326172
0.994770288 0.000867296 0.102135107 60.887645721 -0.003709888 0.999611020 0.027645012 -50.806400299 -0.102071412 -0.027879346 0.994386256 567.512145996
0.994789481 0.001988899 0.101930343 61.229160309 -0.004659257 0.999651968 0.025966497 -50.976604462 -0.101843216 -0.026306121 0.994452596 569.838134766
0.994806290 0.002361915 0.101758979 61.576648712 -0.005058923 0.999642432 0.026253967 -51.159538269 -0.101660602 -0.026632398 0.994462609 572.160339355
0.994790673 0.002486756 0.101907298 61.906227112 -0.005289620 0.999614775 0.027243054 -51.344753265 -0.101800315 -0.027640192 0.994420767 574.533569336
0.994817793 0.002398791 0.101645507 62.244926453 -0.005345826 0.999572814 0.028730800 -51.530052185 -0.101533167 -0.029125290 0.994405687 576.845153809
0.994717598 0.002626588 0.102615185 62.566783905 -0.005421653 0.999621570 0.026968911 -51.711162567 -0.102505520 -0.027382798 0.994355381 579.240234375
0.994732857 0.001845157 0.102484502 62.900814056 -0.004566797 0.999642849 0.026328309 -51.879844666 -0.102399327 -0.026657660 0.994386137 581.576843262
0.994737029 0.001664190 0.102446951 63.231754303 -0.004598754 0.999585629 0.028415203 -52.076278687 -0.102357216 -0.028736783 0.994332492 583.904846191
0.994805455 0.001746412 0.101779841 63.565078735 -0.004657465 0.999586642 0.028370854 -52.251579285 -0.101688221 -0.028697511 0.994402349 586.225341797
0.994767725 -0.001327625 0.102153905 63.907627106 -0.001491706 0.999620199 0.027517509 -52.440040588 -0.102151640 -0.027525917 0.994387925 588.586303711
0.994798660 -0.001582172 0.101848714 64.248268127 -0.001216751 0.999623418 0.027413186 -52.613864899 -0.101853743 -0.027394526 0.994422078 590.939025879
0.994803071 -0.003470204 0.101758368 64.575767517 0.000628573 0.999609292 0.027944066 -52.794143677 -0.101815566 -0.027734879 0.994416595 593.276306152
0.994846582 -0.003988396 0.101313435 64.917266846 0.001136554 0.999601901 0.028190851 -52.973461151 -0.101385526 -0.027930420 0.994455040 595.632629395
