1.000000000 0.000000000 0.000000000 0.000000000 0.000000000 1.000000000 0.000000000 0.000000000 0.000000000 0.000000000 1.000000000 0.000000000
0.999999881 0.000186258 0.000480049 0.085879333 -0.000186198 1.000000000 -0.000124772 -0.225924551 -0.000480072 0.000124683 0.999999881 2.288888216
0.999999046 0.000587360 0.001270122 0.163532317 -0.000587916 0.999999702 0.000437082 -0.463294983 -0.001269865 -0.000437828 0.999999106 4.587261677
0.999998510 0.000110771 0.001711032 0.262532681 -0.000111630 0.999999821 0.000501765 -0.693549931 -0.001710976 -0.000501955 0.999998331 6.878237247
0.999996722 -0.000011956 0.002605514 0.354761600 0.000015154 0.999999225 -0.001227308 -0.925239861 -0.002605497 0.001227343 0.999995828 9.172122002
0.999987125 0.001785207 0.004749332 0.445379645 -0.001786491 0.999998331 0.000266212 -1.162519217 -0.004748849 -0.000274693 0.999988735 11.476902008
0.999965787 0.003541277 0.007489695 0.529197633 -0.003549779 0.999993086 0.001122014 -1.389903903 -0.007485670 -0.001148562 0.999971330 13.788707733
0.999949574 0.003279602 0.009485913 0.640873790 -0.003313782 0.999988019 0.003589718 -1.617838025 -0.009474027 -0.003620971 0.999948621 16.060361862
0.999938071 0.003243684 0.010646200 0.744960546 -0.003292053 0.999984324 0.004528927 -1.846738458 -0.010631342 -0.004563694 0.999933064 18.399057388
0.999925852 0.002323134 0.011955574 0.858627319 -0.002379550 0.999986112 0.004706724 -2.074066877 -0.011944474 -0.004734824 0.999917448 20.684301376
0.999925017 -0.000658508 0.012225831 0.982712328 0.000625281 0.999996126 0.002721414 -2.310284615 -0.012227575 -0.002713565 0.999921560 23.004388809
0.999913096 -0.002817397 0.012873339 1.094558716 0.002808094 0.999995828 0.000740632 -2.531857491 -0.012875372 -0.000704418 0.999916852 25.285764694
0.999908924 -0.004322028 0.012785452 1.231360793 0.004322168 0.999990582 0.000016686 -2.778955460 -0.012785404 0.000038576 0.999918282 27.601495743
0.999897361 -0.003930687 0.013774618 1.337043285 0.003943895 0.999991715 -0.000931860 -3.005323887 -0.013770843 0.000986090 0.999904752 29.887094498
0.999890924 -0.002802758 0.014501488 1.458187699 0.002786361 0.999995410 0.001150804 -3.236121416 -0.014504648 -0.001110272 0.999894202 32.176612854
0.999894917 -0.000814422 0.014475256 1.590358138 0.000766265 0.999994159 0.003332015 -3.457926273 -0.014477887 -0.003320572 0.999889612 34.457653046
0.999864697 0.001717857 0.016354876 1.699192286 -0.001845464 0.999967933 0.007790512 -3.694856405 -0.016340967 -0.007819641 0.999835908 36.758998871
0.999848902 0.003538157 0.017020034 1.816993952 -0.003663868 0.999966204 0.007360495 -3.913895845 -0.016993418 -0.007421743 0.999828041 39.030921936
0.999822021 0.002407114 0.018713400 1.927854061 -0.002517479 0.999979556 0.005876343 -4.122802734 -0.018698871 -0.005922406 0.999807596 41.341499329
0.999823332 0.000081887 0.018797608 2.053541660 -0.000168870 0.999989212 0.004625827 -4.346252441 -0.018797029 -0.004628184 0.999812603 43.620563507
0.999830782 -0.000268038 0.018392075 2.200763702 0.000196909 0.999992490 0.003869072 -4.573790550 -0.018392975 -0.003864795 0.999823511 45.870891571
0.999824703 -0.000952780 0.018697357 2.326123238 0.000898022 0.999995410 0.002936794 -4.803514481 -0.018700069 -0.002919489 0.999820888 48.146381378
0.999822915 -0.002200589 0.018688014 2.463956118 0.002136939 0.999991834 0.003425198 -5.032829762 -0.018695399 -0.003384656 0.999819517 50.427738190
0.999806881 -0.003217719 0.019392867 2.596680641 0.003145484 0.999988139 0.003754166 -5.256329536 -0.019404717 -0.003692441 0.999804914 52.691726685
0.999797881 -0.004430885 0.019607725 2.732094049 0.004358259 0.999983549 0.003745142 -5.485774040 -0.019623995 -0.003658929 0.999800801 54.973400116
0.999771655 -0.004743938 0.020831974 2.861271620 0.004660749 0.999980986 0.004040053 -5.714466572 -0.020850742 -0.003942038 0.999774814 57.270339966
0.999750912 -0.005918329 0.021520432 2.998264313 0.005814045 0.999971092 0.004905159 -5.941535950 -0.021548845 -0.004778817 0.999756396 59.539119720
0.999707282 -0.007424323 0.023027958 3.125845671 0.007329177 0.999964178 0.004213395 -6.164535522 -0.023058418 -0.004043385 0.999725878 61.805873871
0.999688029 -0.008057756 0.023640167 3.273622751 0.007960586 0.999959409 0.004201673 -6.389792442 -0.023673069 -0.004012173 0.999711692 64.059593201
0.999660730 -0.007477969 0.024948962 3.411771297 0.007360211 0.999961376 0.004808536 -6.612229347 -0.024983959 -0.004623275 0.999677181 66.330551147
0.999646902 -0.006503590 0.025764130 3.560730934 0.006368815 0.999965549 0.005309734 -6.840159416 -0.025797777 -0.005143771 0.999653935 68.595573425
0.999608994 -0.006696640 0.027148295 3.696761131 0.006564344 0.999966085 0.004959289 -7.063413143 -0.027180586 -0.004779139 0.999619126 70.847084045
0.999593914 -0.007509648 0.027488543 3.856092930 0.007414616 0.999966145 0.003557453 -7.285210133 -0.027514327 -0.003352191 0.999615788 73.102844238
0.999578714 -0.008449375 0.027765911 4.014953613 0.008341815 0.999957204 0.003987313 -7.511693478 -0.027798418 -0.003754015 0.999606431 75.388450623
0.999527276 -0.009735551 0.029161900 4.171041489 0.009633576 0.999946952 0.003635302 -7.743268490 -0.029195750 -0.003352650 0.999568045 77.653366089
0.999520421 -0.010693024 0.029060734 4.327728271 0.010599147 0.999938130 0.003382471 -7.971678734 -0.029095102 -0.003072830 0.999571919 79.917274475
0.999490261 -0.011118923 0.029926529 4.475298882 0.011030610 0.999934316 0.003114500 -8.189069748 -0.029959194 -0.002782804 0.999547243 82.172721863
0.999477804 -0.010465480 0.030569142 4.646366119 0.010387425 0.999942362 0.002711057 -8.410845757 -0.030595750 -0.002392107 0.999529004 84.445938110
0.999430597 -0.010238446 0.032151870 4.802479744 0.010141797 0.999943554 0.003167653 -8.628774643 -0.032182489 -0.002839772 0.999477983 86.701629639
0.999424100 -0.010217912 0.032358892 4.969657898 0.010072478 0.999938428 0.004654257 -8.861267090 -0.032404456 -0.004325642 0.999465466 88.982032776
0.999398589 -0.009166648 0.033440746 5.127109528 0.008992140 0.999945283 0.005365067 -9.088612556 -0.033488084 -0.005061137 0.999426246 91.239158630
0.999371350 -0.009157030 0.034249425 5.293422699 0.008984455 0.999946177 0.005189283 -9.308079720 -0.034295108 -0.004878308 0.999399841 93.493026733
0.999350965 -0.009308585 0.034799527 5.461374283 0.009160826 0.999948323 0.004403049 -9.522586823 -0.034838706 -0.004081399 0.999384642 95.748764038
0.999317944 -0.009605809 0.035656121 5.625215530 0.009439870 0.999943793 0.004819348 -9.743528366 -0.035700407 -0.004479473 0.999352634 98.006835938
0.999290168 -0.009294671 0.036507007 5.787266731 0.009146065 0.999949217 0.004235548 -9.972623825 -0.036544513 -0.003898646 0.999324441 100.250106812
0.999227166 -0.009295875 0.038192451 5.941487312 0.009098968 0.999944448 0.005326240 -10.189016342 -0.038239840 -0.004974612 0.999256194 102.478286743
0.999222100 -0.009704680 0.038223520 6.137592316 0.009509358 0.999940813 0.005288455 -10.417389870 -0.038272575 -0.004920861 0.999255180 104.760719299
0.999186218 -0.010327876 0.038990572 6.313014984 0.010099890 0.999930739 0.006039669 -10.633696556 -0.039050259 -0.005640954 0.999221265 106.995330811
0.999155641 -0.011670378 0.039391261 6.495276451 0.011438377 0.999915898 0.006109882 -10.849366188 -0.039459258 -0.005654152 0.999205172 109.251731873
0.999112904 -0.012596115 0.040183317 6.674962044 0.012315252 0.999898016 0.007229495 -11.077477455 -0.040270288 -0.006728214 0.999166131 111.509162903
0.999091268 -0.013411906 0.040456694 6.864229679 0.013190463 0.999896526 0.005735542 -11.295590401 -0.040529445 -0.005196689 0.999164760 113.776237488
0.999045908 -0.013714659 0.041463714 7.042427063 0.013520151 0.999896228 0.004967828 -11.515759468 -0.041527539 -0.004402492 0.999127626 116.030326843
0.999007940 -0.014100637 0.042244267 7.225156784 0.013888891 0.999889493 0.005301801 -11.741534233 -0.042314366 -0.004709814 0.999093175 118.285285950
0.998954654 -0.014325125 0.043409623 7.412061214 0.014077539 0.999882817 0.006003859 -11.963092804 -0.043490544 -0.005386482 0.999039292 120.561500549
0.998947680 -0.015187883 0.043277595 7.617532730 0.014912308 0.999866426 0.006683391 -12.189321518 -0.043373320 -0.006030987 0.999040723 122.769386292
0.998876572 -0.015820075 0.044668410 7.809820175 0.015561186 0.999860108 0.006137646 -12.412849426 -0.044759255 -0.005435657 0.998982966 125.093101501
0.998840868 -0.016370580 0.045264717 7.992447376 0.016138306 0.999854624 0.005492191 -12.636723518 -0.045348063 -0.004755328 0.998959899 127.358963013
0.998815298 -0.017984804 0.045217317 8.180583954 0.017732941 0.999824941 0.005965061 -12.854637146 -0.045316674 -0.005156158 0.998959363 129.619567871
0.998834252 -0.019288048 0.044250697 8.369421959 0.019039564 0.999800503 0.006029974 -13.067413330 -0.044358175 -0.005180430 0.999002218 131.866760254
0.998892307 -0.019589057 0.042783681 8.567670822 0.019295940 0.999787450 0.007253446 -13.285142899 -0.042916685 -0.006419859 0.999058008 134.102218628
0.998948812 -0.020299302 0.041099630 8.763092041 0.020025223 0.999774396 0.007069357 -13.508754730 -0.041233871 -0.006238897 0.999130070 136.355911255
0.999020338 -0.021047141 0.038929280 8.972172737 0.020798367 0.999760628 0.006784505 -13.724144936 -0.039062761 -0.005968193 0.999219000 138.577880859
0.998987854 -0.021873401 0.039304975 9.124654770 0.021624457 0.999743402 0.006747748 -13.942249298 -0.039442487 -0.005890969 0.999204397 140.865585327
0.998977840 -0.022287220 0.039327912 9.295419693 0.022039099 0.999734461 0.006731465 -14.148567200 -0.039467495 -0.005857833 0.999203622 143.098510742
0.999030828 -0.022367900 0.037907988 9.486742020 0.022069138 0.999722123 0.008281458 -14.377948761 -0.038082682 -0.007436837 0.999246895 145.334686279
0.999052823 -0.021430036 0.037869893 9.661375999 0.021175420 0.999750495 0.007111768 -14.590350151 -0.038012844 -0.006303121 0.999257386 147.586395264
0.999073744 -0.020532871 0.037815318 9.843678474 0.020334333 0.999777377 0.005627370 -14.809033394 -0.037922446 -0.004853209 0.999268889 149.850891113
0.999090731 -0.019063404 0.038139034 10.017038345 0.018897425 0.999810278 0.004707837 -15.029436111 -0.038221560 -0.003982825 0.999261379 152.105712891
0.999100804 -0.018194875 0.038294751 10.201386452 0.018024070 0.999825954 0.004800905 -15.246542931 -0.038375441 -0.004106358 0.999254942 154.352767944
0.999084473 -0.017765036 0.038920239 10.382621765 0.017590616 0.999833703 0.004819457 -15.460101128 -0.038999390 -0.004130414 0.999230683 156.608627319
0.999094784 -0.016144339 0.039356969 10.550852776 0.015898718 0.999852180 0.006545880 -15.683225632 -0.039456833 -0.005914231 0.999203742 158.861297607
0.999041259 -0.015543974 0.040926605 10.729930878 0.015253752 0.999856293 0.007394084 -15.899496078 -0.041035648 -0.006762711 0.999134839 161.101531982
0.999032557 -0.014069211 0.041664787 10.896526337 0.013700008 0.999864399 0.009133601 -16.114946365 -0.041787636 -0.008553957 0.999089837 163.394363403
0.999003828 -0.013729587 0.042460673 11.080318451 0.013398111 0.999877572 0.008081438 -16.316066742 -0.042566430 -0.007504494 0.999065459 165.657073975
0.998967946 -0.013096417 0.043491207 11.272389412 0.012814481 0.999895096 0.006755145 -16.529794693 -0.043575112 -0.006190856 0.999030948 167.908447266
0.998918116 -0.011335786 0.045099206 11.458336830 0.011034076 0.999915063 0.006933248 -16.743631363 -0.045173965 -0.006428120 0.998958409 170.141906738
0.998775423 -0.010901216 0.048257835 11.644199371 0.010568867 0.999918699 0.007136752 -16.970098495 -0.048331711 -0.006617981 0.998809397 172.435623169
0.998662055 -0.011118455 0.050501805 11.845103264 0.010780654 0.999917686 0.006956362 -17.185016632 -0.050574996 -0.006402613 0.998699665 174.704559326
0.998586416 -0.010910736 0.052020561 12.052808762 0.010530130 0.999915779 0.007584944 -17.402843475 -0.052098937 -0.007026439 0.998617232 176.963745117
0.998542249 -0.011340772 0.052770294 12.257120132 0.010914460 0.999905467 0.008359801 -17.612533569 -0.052860111 -0.007771656 0.998571694 179.192016602
0.998525083 -0.012974287 0.052719831 12.473783493 0.012571104 0.999889195 0.007972086 -17.830760956 -0.052817427 -0.007297582 0.998577476 181.461410522
0.998490393 -0.013788529 0.053168572 12.672327995 0.013407904 0.999881923 0.007508909 -18.040508270 -0.053265832 -0.006784694 0.998557329 183.705902100
0.998547018 -0.015446938 0.051626276 12.900590897 0.015067629 0.999856591 0.007728377 -18.271162033 -0.051738251 -0.006939262 0.998636544 185.958389282
0.998554587 -0.017271435 0.050896361 13.111843109 0.016864799 0.999822438 0.008408223 -18.483942032 -0.051032543 -0.007537713 0.998668551 188.209274292
0.998558223 -0.018130718 0.050524153 13.319473267 0.017754003 0.999811172 0.007895069 -18.693908691 -0.050657749 -0.006986680 0.998691678 190.451232910
0.998517036 -0.019084075 0.050985519 13.512807846 0.018701356 0.999793351 0.007973090 -18.919107437 -0.051127139 -0.007007768 0.998667538 192.699096680
0.998482466 -0.020194650 0.051234398 13.705152512 0.019859329 0.999778032 0.007045581 -19.123641968 -0.051365305 -0.006017409 0.998661757 194.940826416
0.998531580 -0.019337682 0.050601378 13.935626030 0.018973362 0.999790668 0.007670259 -19.353548050 -0.050739098 -0.006698920 0.998689473 197.204910278
0.998541415 -0.017359518 0.051124163 14.136024475 0.017006246 0.999828339 0.007336956 -19.561048508 -0.051242754 -0.006456824 0.998665273 199.447189331
0.998560846 -0.015438557 0.051359914 14.336912155 0.015089476 0.999860346 0.007177668 -19.779703140 -0.051463556 -0.006392343 0.998654425 201.681854248
0.998541772 -0.014938497 0.051879324 14.547796249 0.014635375 0.999873519 0.006217857 -19.993328094 -0.051965661 -0.005449515 0.998633921 203.941741943
0.998501360 -0.015205340 0.052572481 14.746006012 0.014863191 0.999865830 0.006892974 -20.204450607 -0.052670237 -0.006101249 0.998593271 206.166503906
0.998489618 -0.016411273 0.052430719 14.978165627 0.016056882 0.999845445 0.007173324 -20.431493759 -0.052540340 -0.006320616 0.998598814 208.422439575
0.998418212 -0.016013894 0.053893309 15.177925110 0.015659109 0.999852896 0.006998935 -20.632703781 -0.053997464 -0.006143944 0.998522162 210.667907715
0.998360276 -0.015836935 0.055008288 15.398410797 0.015370131 0.999842286 0.008898829 -20.868062973 -0.055140544 -0.008038754 0.998446226 212.883010864
0.998303413 -0.014513236 0.056387413 15.632205963 0.014023995 0.999860466 0.009062507 -21.080018997 -0.056511082 -0.008256355 0.998367786 215.114624023
0.998120487 -0.013035136 0.059879851 15.829290390 0.012503194 0.999879062 0.009249591 -21.291797638 -0.059993178 -0.008483517 0.998162746 217.361206055
0.997987330 -0.012948188 0.062076926 16.054187775 0.012372010 0.999876797 0.009657097 -21.502546310 -0.062194321 -0.008869645 0.998024583 219.603729248
0.997864604 -0.014508290 0.063684411 16.288215637 0.013891690 0.999852359 0.010114279 -21.710012436 -0.063821740 -0.009207997 0.997918785 221.835372925
0.997749448 -0.015730077 0.065181218 16.517339706 0.015039866 0.999825597 0.011066407 -21.917503357 -0.065343924 -0.010061184 0.997812092 224.067199707
0.997678459 -0.017610354 0.065782987 16.763156891 0.016955484 0.999801099 0.010500095 -22.132089615 -0.065954812 -0.009360338 0.997778714 226.300155640
0.997641742 -0.018770637 0.066019759 17.001619339 0.018142633 0.999784410 0.010099129 -22.336618423 -0.066195093 -0.008877541 0.997767210 228.547744751
0.997591555 -0.019208480 0.066648990 17.239732742 0.018563837 0.999774814 0.010278150 -22.542190552 -0.066831410 -0.009016134 0.997723520 230.787109375
0.997530520 -0.020596275 0.067145854 17.480001450 0.019999702 0.999754429 0.009544933 -22.752002716 -0.067325942 -0.008178466 0.997697473 233.028244019
0.997515380 -0.021458536 0.067101404 17.744642258 0.020800581 0.999728739 0.010488733 -22.965307236 -0.067308262 -0.009066927 0.997690976 235.317153931
0.997488499 -0.021235138 0.067570470 17.988191605 0.020571679 0.999733210 0.010499529 -23.169776917 -0.067775406 -0.009083122 0.997659266 237.558898926
0.997441828 -0.021053301 0.068311878 18.225589752 0.020383010 0.999737144 0.010494469 -23.375411987 -0.068514861 -0.009075221 0.997608840 239.781524658
0.997412205 -0.021131955 0.068721116 18.468957901 0.020437179 0.999732792 0.010797614 -23.583122253 -0.068930939 -0.009365205 0.997577488 242.007324219
0.997370124 -0.021509143 0.069212832 18.715745926 0.020814031 0.999725580 0.010748802 -23.784244537 -0.069425024 -0.009279935 0.997543991 244.249206543
0.997325540 -0.021432864 0.069874316 18.958663940 0.020792702 0.999734998 0.009876194 -23.993652344 -0.070067465 -0.008396905 0.997506917 246.480438232
0.997342050 -0.021141715 0.069727093 19.217603683 0.020545671 0.999746084 0.009254400 -24.207389832 -0.069905035 -0.007797212 0.997523308 248.719146729
0.997311950 -0.021480495 0.070052654 19.467329025 0.020847071 0.999735057 0.009760751 -24.417371750 -0.070243761 -0.008274123 0.997495651 250.957397461
0.997287571 -0.022694362 0.070017390 19.723035812 0.022070978 0.999709606 0.009664190 -24.628128052 -0.070216373 -0.008092626 0.997498930 253.187835693
0.997286439 -0.022663092 0.070043489 19.983917236 0.021993969 0.999704897 0.010309620 -24.836450577 -0.070256457 -0.008741109 0.997490644 255.441955566
0.997246921 -0.023364229 0.070375189 20.220647812 0.022684924 0.999688208 0.010436526 -25.045028687 -0.070597082 -0.008811339 0.997465968 257.661987305
0.997228265 -0.023757067 0.070509464 20.488821030 0.023022395 0.999671996 0.011214075 -25.263643265 -0.070752755 -0.009559693 0.997448206 259.925964355
0.997202098 -0.023356384 0.071009159 20.744956970 0.022658085 0.999686778 0.010623652 -25.467527390 -0.071235038 -0.008984999 0.997419059 262.172698975
0.997169077 -0.023243263 0.071509123 21.000082016 0.022582585 0.999694645 0.010033826 -25.671354294 -0.071720503 -0.008390564 0.997389495 264.429687500
0.997140110 -0.022541501 0.072134823 21.258399963 0.021909378 0.999714375 0.009542488 -25.883333206 -0.072329320 -0.007934770 0.997349262 266.668945312
0.997079551 -0.021854250 0.073176444 21.513917923 0.021201953 0.999728322 0.009679131 -26.089183807 -0.073368087 -0.008099377 0.997272015 268.915405273
0.996966720 -0.021315809 0.074852854 21.768642426 0.020665806 0.999741733 0.009447681 -26.315740585 -0.075034894 -0.007872129 0.997149825 271.169342041
0.996862471 -0.022017846 0.076029748 22.035785675 0.021328665 0.999723792 0.009864813 -26.528905869 -0.076225944 -0.008212248 0.997056723 273.416168213
0.996695936 -0.022354839 0.078086197 22.290027618 0.021612545 0.999713063 0.010338370 -26.731882095 -0.078294896 -0.008616569 0.996892989 275.658294678
0.996585786 -0.022320887 0.079489477 22.562599182 0.021477776 0.999703765 0.011445899 -26.930662155 -0.079721399 -0.009699563 0.996769965 277.899688721
0.996535480 -0.021994641 0.080207698 22.848243713 0.021003589 0.999692559 0.013178945 -27.152389526 -0.080472909 -0.011448638 0.996691048 280.152923584
0.996460736 -0.021747949 0.081198297 23.130256653 0.020660222 0.999685585 0.014212224 -27.358797073 -0.081481859 -0.012484345 0.996596634 282.390563965
0.996392846 -0.020511439 0.082344219 23.406795502 0.019420905 0.999713004 0.014022854 -27.554117203 -0.082608208 -0.012373072 0.996505380 284.649536133
0.996275961 -0.019480290 0.083992623 23.671669006 0.018409351 0.999739349 0.013506163 -27.751190186 -0.084233835 -0.011909616 0.996374786 286.880187988
0.996248722 -0.018687679 0.084493518 23.953853607 0.017717287 0.999768496 0.012220086 -27.944219589 -0.084702305 -0.010677250 0.996349096 289.119598389
0.996191323 -0.019422345 0.085004322 24.227273941 0.018445013 0.999754667 0.012267853 -28.150068283 -0.085221730 -0.010653223 0.996305048 291.346557617
0.996111631 -0.019432826 0.085930429 24.487161636 0.018489344 0.999759853 0.011761960 -28.356204987 -0.086138390 -0.010127425 0.996231735 293.628845215
0.996122718 -0.019975891 0.085676886 24.770599365 0.019088514 0.999755442 0.011164031 -28.559743881 -0.085878961 -0.009485299 0.996260405 295.855438232
0.996120095 -0.019958351 0.085710980 25.052824020 0.019062907 0.999754965 0.011253111 -28.766738892 -0.085914560 -0.009575550 0.996256411 298.088623047
0.996109664 -0.019325383 0.085976653 25.332229614 0.018421508 0.999766529 0.011294054 -28.966501236 -0.086174838 -0.009666295 0.996233106 300.327239990
0.996060252 -0.019180095 0.086580202 25.596149445 0.018179372 0.999758661 0.012332100 -29.177814484 -0.086795844 -0.010709539 0.996168554 302.558929443
0.996055305 -0.019483982 0.086568877 25.883836746 0.018464526 0.999750614 0.012561469 -29.381061554 -0.086792029 -0.010913467 0.996166646 304.807891846
0.996034026 -0.018889472 0.086945161 26.172420502 0.017849829 0.999759793 0.012719540 -29.582727432 -0.087164544 -0.011117138 0.996131897 307.055572510
0.996031761 -0.019594189 0.086814471 26.459501266 0.018547889 0.999745488 0.012842486 -29.794940948 -0.087044023 -0.011181300 0.996141672 309.310791016
0.995996118 -0.020886896 0.086922124 26.747598648 0.019815475 0.999716878 0.013170911 -29.995409012 -0.087172598 -0.011395772 0.996128023 311.568664551
0.995964825 -0.020929212 0.087269962 27.032913208 0.019912496 0.999723554 0.012504640 -30.198074341 -0.087507546 -0.010716419 0.996106207 313.811401367
0.995985746 -0.020577151 0.087114856 27.326961517 0.019502981 0.999723077 0.013163831 -30.402942657 -0.087361619 -0.011411987 0.996111214 316.060058594
0.995952070 -0.019062009 0.087841153 27.611202240 0.018037235 0.999759853 0.012445301 -30.608970642 -0.088057294 -0.010810510 0.996056736 318.305358887
0.995940506 -0.017410396 0.088314086 27.892631531 0.016332578 0.999783218 0.012912437 -30.810474396 -0.088519767 -0.011417623 0.996008992 320.556182861
0.995873868 -0.016125891 0.089304194 28.170389175 0.015050284 0.999806166 0.012704632 -31.015373230 -0.089491732 -0.011308156 0.995923340 322.787384033
0.995823741 -0.015415036 0.089985833 28.447463989 0.014283342 0.999810755 0.013206826 -31.213798523 -0.090172395 -0.011866373 0.995855391 325.026855469
0.995824158 -0.014994301 0.090051979 28.741886139 0.013731255 0.999798715 0.014628958 -31.424646378 -0.090253212 -0.013331342 0.995829582 327.253204346
0.995795846 -0.015693251 0.090246081 29.025560379 0.014436724 0.999789774 0.014559308 -31.629886627 -0.090455614 -0.013195243 0.995813072 329.499053955
0.995796084 -0.017099023 0.089987479 29.325296402 0.015929094 0.999779224 0.013703229 -31.828138351 -0.090201944 -0.012212205 0.995848596 331.734436035
0.995786846 -0.016914999 0.090123199 29.612283707 0.015753923 0.999783695 0.013579047 -32.030578613 -0.090333372 -0.012102047 0.995838046 333.952850342
0.995774090 -0.017446050 0.090164408 29.902526855 0.016168471 0.999758542 0.014880509 -32.229236603 -0.090402246 -0.013359804 0.995815694 336.184814453
0.995843172 -0.018157700 0.089255929 30.209032059 0.016904937 0.999747992 0.014771657 -32.423782349 -0.089501649 -0.013201388 0.995899141 338.419189453
0.995849073 -0.018004788 0.089222975 30.493928909 0.016728135 0.999747038 0.015035760 -32.626739502 -0.089471132 -0.013480811 0.995898187 340.663940430
0.995900691 -0.018254936 0.088591963 30.792177200 0.017005535 0.999745429 0.014837239 -32.828285217 -0.088840246 -0.013269866 0.995957434 342.907989502
0.995907247 -0.018300591 0.088509202 31.079130173 0.017009478 0.999737978 0.015319689 -33.025127411 -0.088766374 -0.013751495 0.995957494 345.151092529
0.995946646 -0.018244719 0.088075139 31.367036819 0.016951855 0.999737561 0.015404828 -33.219036102 -0.088333085 -0.013849352 0.995994627 347.387969971
0.995996952 -0.018266154 0.087501004 31.655611038 0.016988797 0.999738276 0.015320821 -33.415824890 -0.087757953 -0.013772956 0.996046603 349.633758545
0.995994687 -0.017746618 0.087633222 31.935079575 0.016427306 0.999740899 0.015753306 -33.615257263 -0.087890103 -0.014250631 0.996028244 351.873260498
0.996037364 -0.018150015 0.087065585 32.220165253 0.016807571 0.999728680 0.016127227 -33.808784485 -0.087334700 -0.014599958 0.996072054 354.099609375
0.996060252 -0.017790567 0.086876124 32.499099731 0.016491437 0.999741554 0.015648754 -34.005878448 -0.087132081 -0.014154390 0.996096194 356.335266113
0.996116161 -0.018001709 0.086188927 32.786117554 0.016669299 0.999730527 0.016154043 -34.201145172 -0.086456522 -0.014654594 0.996147811 358.569885254
0.996183395 -0.017524961 0.085506581 33.077518463 0.016121587 0.999724150 0.017075479 -34.400054932 -0.085782245 -0.015631812 0.996191204 360.810852051
0.996228576 -0.017488079 0.084986709 33.365791321 0.016101431 0.999726236 0.016974274 -34.596340179 -0.085260294 -0.015541850 0.996237516 363.059295654
0.996269822 -0.017349539 0.084529668 33.652729034 0.015933542 0.999721706 0.017397447 -34.789993286 -0.084807962 -0.015985698 0.996268988 365.301483154
0.996324778 -0.017303739 0.083889633 33.938426971 0.015952272 0.999732375 0.016753757 -34.985656738 -0.084157065 -0.015353955 0.996334136 367.566314697
0.996332526 -0.017853592 0.083682701 34.216182709 0.016509708 0.999723852 0.016723912 -35.183219910 -0.083958171 -0.015281001 0.996352077 369.822814941
0.996329665 -0.017909382 0.083705112 34.491104126 0.016643349 0.999736667 0.015798362 -35.373855591 -0.083966002 -0.014347241 0.996365368 372.087493896
0.996394098 -0.017467888 0.083029784 34.775619507 0.016215567 0.999744713 0.015733363 -35.570476532 -0.083283417 -0.014330256 0.996423006 374.323547363
0.996474385 -0.017391589 0.082074814 35.061794281 0.016108010 0.999737740 0.016275521 -35.763351440 -0.082336351 -0.014896080 0.996493280 376.568115234
0.996397793 -0.017143354 0.083051428 35.330566406 0.015812159 0.999736130 0.016659962 -35.956481934 -0.083315127 -0.015286724 0.996406019 378.832946777
0.996393323 -0.017835317 0.082960986 35.608749390 0.016486464 0.999721110 0.016915660 -36.155899048 -0.083239540 -0.015486917 0.996409237 381.080780029
0.996422052 -0.017735258 0.082634069 35.894157410 0.016386999 0.999721766 0.016965792 -36.344512939 -0.082911968 -0.015550966 0.996435523 383.338714600
0.996433258 -0.016800886 0.082695328 36.174755096 0.015439291 0.999734938 0.017077308 -36.540901184 -0.082960322 -0.015739636 0.996428549 385.591369629
0.996428251 -0.015481540 0.083011881 36.447578430 0.014109771 0.999754548 0.017086232 -36.727607727 -0.083256021 -0.015853930 0.996402025 387.854156494
0.996464849 -0.014239599 0.082794532 36.734756470 0.012874579 0.999772668 0.016997429 -36.928489685 -0.083017752 -0.015871400 0.996421695 390.128784180
0.996449411 -0.012955021 0.083191119 37.008480072 0.011582568 0.999789059 0.016959103 -37.124076843 -0.083393283 -0.015935317 0.996389210 392.404296875
0.996474385 -0.011736442 0.083071530 37.287548065 0.010249542 0.999779940 0.018302923 -37.316768646 -0.083268069 -0.017386951 0.996375501 394.665740967
0.996430278 -0.010445524 0.083770722 37.559265137 0.008901780 0.999783993 0.018780584 -37.512638092 -0.083948813 -0.017967835 0.996308088 396.926849365
0.996386826 -0.010011364 0.084338665 37.838146210 0.008585046 0.999814212 0.017257527 -37.713047028 -0.084495775 -0.016471120 0.996287644 399.193298340
0.996325910 -0.009384840 0.085126579 38.117187500 0.008010064 0.999832213 0.016476983 -37.904876709 -0.085266925 -0.015734578 0.996233881 401.464294434
0.996244013 -0.011095257 0.085876495 38.380649567 0.009610329 0.999797344 0.017685598 -38.100551605 -0.086055316 -0.016793864 0.996148825 403.721862793
0.996188045 -0.012555653 0.086322367 38.664100647 0.010985979 0.999766052 0.018634962 -38.292961121 -0.086536147 -0.017615594 0.996092916 405.975738525
0.996168971 -0.013226166 0.086442560 38.947746277 0.011656012 0.999758184 0.018643705 -38.484294891 -0.086668231 -0.017564707 0.996082306 408.229827881
0.996127546 -0.013037144 0.086948276 39.236358643 0.011579684 0.999784231 0.017245779 -38.672626495 -0.087154359 -0.016172161 0.996063530 410.493408203
0.996077061 -0.011258558 0.087770864 39.541496277 0.009719339 0.999791682 0.017944485 -38.879524231 -0.087954633 -0.017021012 0.995979071 412.759704590
0.996007740 -0.009961735 0.088709034 39.819145203 0.008421583 0.999807537 0.017719226 -39.072345734 -0.088868491 -0.016901417 0.995899975 414.999481201
0.995930135 -0.008792575 0.089697957 40.111583710 0.007221709 0.999815106 0.017822370 -39.264343262 -0.089838073 -0.017102066 0.995809495 417.273010254
0.995886028 -0.008973262 0.090168774 40.409854889 0.007422790 0.999819040 0.017515862 -39.458282471 -0.090309627 -0.016774500 0.995772421 419.527252197
0.995781422 -0.008895536 0.091325089 40.695983887 0.007329776 0.999820590 0.017465992 -39.649070740 -0.091464087 -0.016722918 0.995667934 421.785064697
0.995693684 -0.009075236 0.092259184 40.980873108 0.007515462 0.999823153 0.017239833 -39.845050812 -0.092399321 -0.016472224 0.995585799 424.041381836
0.995639861 -0.009662772 0.092778161 41.279712677 0.007988309 0.999798775 0.018402463 -40.040596008 -0.092937298 -0.017581087 0.995516717 426.316162109
0.995599329 -0.008712752 0.093306303 41.574844360 0.006967822 0.999794960 0.019010592 -40.232189178 -0.093452819 -0.018276792 0.995456040 428.572601318
0.995526373 -0.007881574 0.094155230 41.876731873 0.006058611 0.999789000 0.019631434 -40.421257019 -0.094290085 -0.018973161 0.995364010 430.853149414
0.995543420 -0.008176285 0.093949236 42.184062958 0.006349639 0.999785244 0.019725423 -40.617866516 -0.094090343 -0.019040976 0.995381534 433.135437012
0.995492995 -0.008733825 0.094432011 42.489372253 0.006961840 0.999793887 0.019077851 -40.815803528 -0.094579168 -0.018334446 0.995348454 435.405426025
0.995491147 -0.007946170 0.094521165 42.797760010 0.006188228 0.999802768 0.018876988 -40.991916656 -0.094652511 -0.018206958 0.995343864 437.672637939
0.995456100 -0.008449527 0.094846919 43.105457306 0.006652778 0.999792695 0.019243943 -41.187080383 -0.094989888 -0.018525504 0.995305836 439.959472656
0.995507360 -0.008480692 0.094303884 43.418453217 0.006693033 0.999792218 0.019256542 -41.375453949 -0.094447605 -0.018538848 0.995357156 442.234405518
0.995460272 -0.007660407 0.094869241 43.722923279 0.005758657 0.999777257 0.020303577 -41.576309204 -0.095003657 -0.019665090 0.995282590 444.510864258
0.995429754 -0.008172136 0.095146410 44.030387878 0.006260714 0.999772906 0.020370485 -41.763599396 -0.095291279 -0.019681705 0.995254755 446.789306641
0.995411932 -0.007852950 0.095359541 44.332847595 0.005991408 0.999786139 0.019791955 -41.955104828 -0.095494561 -0.019129815 0.995246112 449.056579590
0.995415807 -0.007212937 0.095369473 44.638252258 0.005369131 0.999793947 0.019575773 -42.149742126 -0.095491029 -0.018973980 0.995249391 451.320556641
0.995359898 -0.006645124 0.095992282 44.939510345 0.004807001 0.999800980 0.019367198 -42.347881317 -0.096101873 -0.018815897 0.995193601 453.585388184
0.995262980 -0.005873839 0.097041525 45.237586975 0.004015638 0.999805033 0.019332735 -42.530128479 -0.097136147 -0.018851468 0.995092571 455.866058350
0.995225787 -0.006115397 0.097407140 45.537216187 0.004275371 0.999808669 0.019087572 -42.728412628 -0.097505242 -0.018579997 0.995061576 458.133911133
0.995255888 -0.005194504 0.097153373 45.856128693 0.003434023 0.999827027 0.018279077 -42.920318604 -0.097231507 -0.017858732 0.995101571 460.419830322
0.995232582 -0.004037862 0.097446039 46.162006378 0.002206350 0.999819040 0.018895566 -43.115207672 -0.097504705 -0.018590488 0.995061398 462.700256348
0.995229602 -0.003382128 0.097501688 46.467716217 0.001428372 0.999796927 0.020101015 -43.305011749 -0.097549878 -0.019865857 0.995032370 464.972686768
0.995252550 -0.003454328 0.097264655 46.767436981 0.001482233 0.999792039 0.020340530 -43.491558075 -0.097314663 -0.020099793 0.995050609 467.236267090
0.995326638 -0.003618851 0.096497886 47.076618195 0.001756353 0.999810696 0.019378884 -43.685775757 -0.096549742 -0.019118831 0.995144546 469.517913818
0.995429933 -0.003859928 0.095416822 47.400238037 0.002044439 0.999815285 0.019117365 -43.882976532 -0.095472962 -0.018834924 0.995253801 471.813781738
0.995508671 -0.004204910 0.094576150 47.707733154 0.002305761 0.999793708 0.020180956 -44.081630707 -0.094641484 -0.019872250 0.995312989 474.096649170
0.995459497 -0.004415486 0.095082976 47.996746063 0.002470200 0.999785483 0.020566814 -44.276092529 -0.095153391 -0.020238558 0.995256841 476.377319336
0.995545983 -0.004148748 0.094185628 48.298973083 0.002253345 0.999792993 0.020221565 -44.457572937 -0.094250016 -0.019919265 0.995349228 478.679656982
0.995574474 -0.004241415 0.093881309 48.604957581 0.002294294 0.999780178 0.020838454 -44.648693085 -0.093949094 -0.020530840 0.995365202 480.964599609
0.995615900 -0.004916598 0.093406178 48.914611816 0.002918916 0.999764323 0.021511629 -44.839851379 -0.093489937 -0.021144677 0.995395660 483.240356445
0.995634735 -0.005155904 0.093192846 49.212329865 0.003233453 0.999779105 0.020767979 -45.026672363 -0.093279354 -0.020375988 0.995431483 485.520019531
0.995716095 -0.005606096 0.092293724 49.519786835 0.003648651 0.999765158 0.021363959 -45.224418640 -0.092391826 -0.020935694 0.995502651 487.806365967
0.995711625 -0.005065044 0.092371695 49.794036865 0.003092248 0.999764264 0.021487776 -45.406345367 -0.092458770 -0.021109993 0.995492697 490.082702637
0.995732367 -0.004547837 0.092174828 50.094139099 0.002539351 0.999757051 0.021895539 -45.589096069 -0.092252009 -0.021568036 0.995501995 492.386688232
0.995793581 -0.004174510 0.091529757 50.397544861 0.002125887 0.999745250 0.022468131 -45.777706146 -0.091600239 -0.022179037 0.995548844 494.670471191
0.995785594 -0.004099867 0.091620274 50.684158325 0.002082872 0.999753594 0.022099506 -45.965740204 -0.091688313 -0.021815537 0.995548785 496.975402832
0.995818317 -0.003875178 0.091273889 50.993808746 0.001880988 0.999757826 0.021924319 -46.164405823 -0.091336735 -0.021660946 0.995584428 499.285858154
0.995861351 -0.003956583 0.090800732 51.289623260 0.001914016 0.999743402 0.022571104 -46.349845886 -0.090866737 -0.022303896 0.995613217 501.579223633
0.995869100 -0.003970164 0.090714820 51.581844330 0.001902693 0.999736726 0.022866020 -46.539459229 -0.090781718 -0.022598956 0.995614469 503.859283447
0.995878637 -0.002878977 0.090650223 51.872856140 0.000893637 0.999759018 0.021934086 -46.723297119 -0.090691507 -0.021762680 0.995641232 506.150848389
0.995881617 -0.002635923 0.090624332 52.165058136 0.000600691 0.999747157 0.022477834 -46.911209106 -0.090660654 -0.022330822 0.995631576 508.444335938
0.995899379 -0.003214022 0.090412021 52.462867737 0.001262516 0.999765098 0.021633506 -47.102027893 -0.090460323 -0.021430643 0.995669425 510.738739014
0.995935202 -0.003911389 0.089987762 52.768260956 0.001886683 0.999743402 0.022573853 -47.297279358 -0.090052970 -0.022312313 0.995686948 513.043273926
0.995948970 -0.003810477 0.089839287 53.066421509 0.001783076 0.999742150 0.022636445 -47.481468201 -0.089902371 -0.022384552 0.995698929 515.343383789
0.995972216 -0.003176587 0.089605443 53.363006592 0.001160800 0.999745309 0.022539407 -47.670204163 -0.089654230 -0.022344613 0.995722234 517.650146484
0.995956481 -0.002276240 0.089807987 53.650901794 0.000269757 0.999750197 0.022347728 -47.859508514 -0.089836426 -0.022233138 0.995708346 519.943054199
0.995907426 -0.000143956 0.090379179 53.944129944 -0.001888701 0.999747217 0.022404389 -48.052227020 -0.090359561 -0.022483397 0.995655358 522.301086426
0.995733976 0.001982748 0.092249103 54.223876953 -0.004067628 0.999740362 0.022418022 -48.235996246 -0.092180721 -0.022697622 0.995483577 524.622436523
0.995806515 0.003146575 0.091429308 54.545227051 -0.005338395 0.999703884 0.023738181 -48.420810699 -0.091327555 -0.024126722 0.995528579 526.952697754
0.995750844 0.002576087 0.092052288 54.842094421 -0.004763700 0.999711215 0.023553068 -48.605880737 -0.091965035 -0.023891496 0.995475590 529.262817383
0.995706618 0.000692961 0.092561811 55.140281677 -0.003019223 0.999683142 0.024994314 -48.790542603 -0.092515148 -0.025166476 0.995393097 531.577331543
0.995668709 -0.000910877 0.092967942 55.453166962 -0.001380572 0.999696910 0.024580443 -48.971118927 -0.092962168 -0.024602326 0.995365620 533.905761719
0.995641828 -0.000708841 0.093256406 55.757888794 -0.001526607 0.999713182 0.023897463 -49.153213501 -0.093246594 -0.023935683 0.995355308 536.219543457
0.995570958 -0.001140785 0.094006434 56.062274933 -0.001087298 0.999719799 0.023646755 -49.337894440 -0.094007067 -0.023644235 0.995290697 538.535034180
0.995507121 -0.000751829 0.094683260 56.365432739 -0.001448554 0.999730527 0.023168536 -49.528602600 -0.094675153 -0.023201594 0.995237827 540.853454590
0.995423675 -0.000007269 0.095560245 56.667568207 -0.002179274 0.999738157 0.022776915 -49.715320587 -0.095535398 -0.022880934 0.995163023 543.173889160
0.995369196 0.000533251 0.096125051 56.984893799 -0.002622857 0.999762952 0.021613367 -49.899898529 -0.096090749 -0.021765400 0.995134592 545.500366211
0.995255411 0.000578223 0.097294971 57.280067444 -0.002739965 0.999752343 0.022086298 -50.087490082 -0.097258106 -0.022248091 0.995010436 547.815612793
0.995194435 0.000324029 0.097918972 57.589862823 -0.002579363 0.999734282 0.022906948 -50.276905060 -0.097885527 -0.023049431 0.994930744 550.132751465
0.995116830 0.000334244 0.098703772 57.893375397 -0.002614076 0.999732673 0.022969307 -50.462749481 -0.098669723 -0.023115162 0.994851708 552.433654785
0.995149195 -0.000968339 0.098372631 58.217006683 -0.001197504 0.999758244 0.021955291 -50.648052216 -0.098370090 -0.021966591 0.994907439 554.742980957
0.995194435 -0.001124393 0.097911462 58.542896271 -0.001086696 0.999745667 0.022526279 -50.840015411 -0.097911879 -0.022524428 0.994940162 557.057556152
0.995134652 -0.001115920 0.098517247 58.853225708 -0.001145759 0.999737144 0.022897635 -51.026798248 -0.098516896 -0.022899108 0.994871855 559.367004395
0.995106936 -0.000482052 0.098801702 59.168956757 -0.001877827 0.999715149 0.023790620 -51.212142944 -0.098785058 -0.023859745 0.994822741 561.703186035
0.995106041 -0.001007642 0.098807633 59.492366791 -0.001402577 0.999703228 0.024320547 -51.396453857 -0.098802812 -0.024340104 0.994809330 564.039001465
0.995101631 -0.000455967 0.098856293 59.816867828 -0.002025893 0.999685228 0.025003899 -51.580703735 -0.098836578 -0.025081690 0.994787633 566.355285645
0.995059967 0.000472527 0.099274270 60.141910553 -0.002903739 0.999699354 0.024346793 -51.768211365 -0.099232920 -0.024514785 0.994762182 568.677978516
0.995070577 0.001345776 0.099160239 60.475624084 -0.003618410 0.999734819 0.022742528 -51.948822021 -0.099103339 -0.022989219 0.994811535 571.008178711
0.995035708 0.001790734 0.099502824 60.805538177 -0.004085879 0.999730170 0.022867136 -52.137077332 -0.099435031 -0.023160173 0.994774461 573.329711914
0.995039225 0.001527539 0.099470466 61.130676270 -0.003941604 0.999702334 0.024077166 -52.330917358 -0.099404067 -0.024349805 0.994749188 575.698608398
0.995068848 0.001502963 0.099175029 61.465763092 -0.004025982 0.999673188 0.025244838 -52.520507812 -0.099104680 -0.025519632 0.994749665 578.009887695
0.994944215 0.002257116 0.100403562 61.769294739 -0.004657129 0.999708831 0.023675710 -52.708084106 -0.100320883 -0.024023602 0.994665086 580.394348145
0.994992673 0.001627733 0.099934235 62.099559784 -0.004002755 0.999714196 0.023569955 -52.890487671 -0.099867307 -0.023851944 0.994714856 582.733703613
0.994943202 0.000795938 0.100434683 62.426265717 -0.003320044 0.999682724 0.024967175 -53.085365295 -0.100382932 -0.025174370 0.994630337 585.060607910
0.995017707 0.001021767 0.099692851 62.756187439 -0.003527232 0.999682248 0.024958825 -53.268184662 -0.099635653 -0.025186110 0.994705200 587.377990723
0.994970441 -0.001309978 0.100160338 63.089309692 -0.001054263 0.999722123 0.023547990 -53.454719543 -0.100163363 -0.023535151 0.994692564 589.734191895
0.995005429 -0.001458826 0.099810101 63.422668457 -0.000876996 0.999726832 0.023354789 -53.635440826 -0.099816918 -0.023325671 0.994732380 592.079528809
0.995019436 -0.003158128 0.099631064 63.746368408 0.000779833 0.999714017 0.023900932 -53.824363708 -0.099678040 -0.023704194 0.994737327 594.414916992
0.995057106 -0.003939761 0.099226318 64.081436157 0.001554842 0.999708295 0.024101013 -54.011779785 -0.099292330 -0.023827599 0.994772971 596.769653320
