1.000000000 0.000000000 0.000000000 0.000000000 0.000000000 1.000000000 0.000000000 0.000000000 0.000000000 0.000000000 1.000000000 0.000000000
0.999999940 0.000048577 0.000397304 0.087305792 -0.000048532 1.000000000 -0.000113314 -0.227925032 -0.000397310 0.000113295 0.999999940 2.288508654
0.999999344 0.000271407 0.001114770 0.167366624 -0.000271825 0.999999881 0.000375286 -0.464829296 -0.001114669 -0.000375588 0.999999225 4.583030701
0.999998748 -0.000068990 0.001571912 0.266149670 0.000068163 0.999999881 0.000526345 -0.696604192 -0.001571948 -0.000526237 0.999998629 6.869087219
0.999997020 -0.000197116 0.002442840 0.361284256 0.000200152 0.999999225 -0.001242497 -0.928829491 -0.002442593 0.001242982 0.999996185 9.165508270
0.999988854 0.001554971 0.004460985 0.453128934 -0.001555414 0.999998808 0.000095821 -1.164877653 -0.004460830 -0.000102759 0.999990046 11.471327782
0.999971807 0.003347465 0.006716793 0.560586572 -0.003356856 0.999993384 0.001387274 -1.401211619 -0.006712105 -0.001409782 0.999976456 13.761204720
0.999952137 0.003192444 0.009250669 0.663843215 -0.003230843 0.999986231 0.004139004 -1.631768703 -0.009237327 -0.004168693 0.999948621 16.037672043
0.999943972 0.003634439 0.009933931 0.756825566 -0.003690057 0.999977589 0.005586233 -1.858095169 -0.009913404 -0.005622577 0.999935031 18.315753937
0.999924719 0.002695153 0.011970101 0.860401928 -0.002764310 0.999979496 0.005764683 -2.082888126 -0.011954319 -0.005797338 0.999911726 20.608274460
0.999929965 0.000105805 0.011846411 0.987418294 -0.000142605 0.999995172 0.003105643 -2.303537130 -0.011846030 -0.003107115 0.999924958 22.906208038
0.999918222 -0.002057856 0.012627576 1.095378637 0.002043683 0.999997318 0.001135180 -2.523658037 -0.012629877 -0.001109280 0.999919653 25.187793732
0.999918342 -0.002697684 0.012485271 1.233379483 0.002690255 0.999996126 0.000611813 -2.768767595 -0.012486875 -0.000578174 0.999921858 27.471103668
0.999902010 -0.002447290 0.013782164 1.334248066 0.002452393 0.999996960 -0.000353408 -2.993298292 -0.013781257 0.000387173 0.999904931 29.756904602
0.999907970 -0.000500545 0.013554060 1.473467708 0.000469508 0.999997377 0.002292965 -3.224529505 -0.013555172 -0.002286391 0.999905527 32.034568787
0.999911427 0.001434726 0.013237515 1.605723262 -0.001498578 0.999987364 0.004814915 -3.446328402 -0.013230441 -0.004834326 0.999900758 34.314876556
0.999875486 0.003502651 0.015383493 1.710773706 -0.003636179 0.999955833 0.008660601 -3.675310135 -0.015352478 -0.008715459 0.999844134 36.624893188
0.999860883 0.005355211 0.015795065 1.831510544 -0.005488512 0.999949515 0.008408121 -3.893571377 -0.015749240 -0.008493642 0.999839783 38.897274017
0.999835849 0.004109715 0.017651198 1.938703299 -0.004229283 0.999968350 0.006741963 -4.096053123 -0.017622935 -0.006815506 0.999821484 41.199741364
0.999842107 0.001615966 0.017695045 2.063940525 -0.001725235 0.999979615 0.006161642 -4.322685719 -0.017684726 -0.006191198 0.999824524 43.475486755
0.999841213 0.001308051 0.017777706 2.192669868 -0.001390010 0.999988437 0.004598660 -4.543221474 -0.017771484 -0.004622641 0.999831378 45.723827362
0.999847174 0.000549474 0.017473252 2.323078156 -0.000613902 0.999993026 0.003682106 -4.771873951 -0.017471109 -0.003692270 0.999840558 48.000961304
0.999849975 -0.001372330 0.017261915 2.458604574 0.001300284 0.999990404 0.004184250 -5.000095844 -0.017267490 -0.004161178 0.999842227 50.277175903
0.999832451 -0.001711812 0.018220577 2.586147308 0.001629675 0.999988437 0.004521800 -5.221471786 -0.018228112 -0.004491349 0.999823689 52.543655396
0.999827266 -0.002843050 0.018361442 2.719718456 0.002762383 0.999986470 0.004417172 -5.448525429 -0.018373750 -0.004365688 0.999821663 54.825813293
0.999795377 -0.003528463 0.019920032 2.841771841 0.003432907 0.999982476 0.004829136 -5.676669121 -0.019936718 -0.004759763 0.999789894 57.122344971
0.999777615 -0.004847105 0.020523431 2.977346659 0.004738357 0.999974489 0.005344001 -5.898829460 -0.020548813 -0.005245566 0.999775112 59.391265869
0.999738574 -0.006211376 0.022003885 3.103240013 0.006107631 0.999969900 0.004778865 -6.122357845 -0.022032911 -0.004643225 0.999746442 61.661499023
0.999715805 -0.007133126 0.022747511 3.247854710 0.007028230 0.999964297 0.004687841 -6.345732689 -0.022780137 -0.004526634 0.999730170 63.918106079
0.999686956 -0.006746015 0.024092218 3.384558678 0.006624662 0.999965012 0.005113414 -6.564887524 -0.024125870 -0.004952212 0.999696672 66.185401917
0.999667585 -0.005733225 0.025137257 3.529252052 0.005595030 0.999968886 0.005564525 -6.791560650 -0.025168374 -0.005422031 0.999668479 68.435546875
0.999635041 -0.006054911 0.026328120 3.667025089 0.005921186 0.999969184 0.005154132 -7.013584137 -0.026358517 -0.004996358 0.999640048 70.685157776
0.999622166 -0.006917448 0.026602270 3.825545788 0.006816685 0.999969244 0.003876560 -7.235553741 -0.026628267 -0.003693755 0.999638557 72.935661316
0.999601364 -0.007801596 0.027133415 3.979887486 0.007686113 0.999960959 0.004357733 -7.460087776 -0.027166352 -0.004147445 0.999622345 75.212501526
0.999560177 -0.008985786 0.028262276 4.139003754 0.008880047 0.999953151 0.003864645 -7.690589905 -0.028295677 -0.003611975 0.999593139 77.479919434
0.999545634 -0.009884855 0.028475452 4.289843559 0.009777249 0.999944508 0.003915668 -7.917755127 -0.028512577 -0.003635478 0.999586761 79.709388733
0.999516308 -0.010401078 0.029309381 4.435759544 0.010302875 0.999940813 0.003499641 -8.132698059 -0.029344043 -0.003195977 0.999564350 81.965522766
0.999498785 -0.010027636 0.030026814 4.602923393 0.009926362 0.999944508 0.003519863 -8.361415863 -0.030060444 -0.003220041 0.999542892 84.247642517
0.999454498 -0.009746368 0.031557050 4.758039474 0.009626293 0.999945879 0.003954628 -8.577803612 -0.031593889 -0.003648693 0.999494135 86.501075745
0.999452710 -0.009460703 0.031693999 4.925102234 0.009289064 0.999941409 0.005558424 -8.813494682 -0.031744719 -0.005260975 0.999482155 88.777748108
0.999428749 -0.008538689 0.032698382 5.082192421 0.008338360 0.999945581 0.006258014 -9.037555695 -0.032750040 -0.005981788 0.999445617 91.033004761
0.999413669 -0.008566603 0.033148851 5.251130581 0.008371204 0.999946713 0.006028896 -9.253357887 -0.033198729 -0.005747864 0.999432266 93.283531189
0.999394476 -0.008511790 0.033737376 5.415904999 0.008330738 0.999950171 0.005503463 -9.468011856 -0.033782542 -0.005219074 0.999415517 95.536422729
0.999369562 -0.008750780 0.034407921 5.579979897 0.008554318 0.999946296 0.005852864 -9.687243462 -0.034457285 -0.005554837 0.999390721 97.787940979
0.999335170 -0.008538868 0.035443354 5.739717484 0.008346870 0.999949634 0.005561509 -9.916186333 -0.035489064 -0.005261970 0.999356210 100.025360107
0.999262035 -0.008457489 0.037467796 5.886568069 0.008217187 0.999944627 0.006562954 -10.129259109 -0.037521228 -0.006250232 0.999276280 102.244773865
0.999271631 -0.008902067 0.037106313 6.085217476 0.008669065 0.999941707 0.006435466 -10.347067833 -0.037161432 -0.006109101 0.999290705 104.494995117
0.999235213 -0.009803207 0.037852712 6.259097576 0.009542160 0.999929428 0.007070926 -10.559101105 -0.037919357 -0.006704322 0.999258339 106.723541260
0.999197781 -0.011224022 0.038442545 6.439585686 0.010944641 0.999912202 0.007470215 -10.774957657 -0.038523003 -0.007043481 0.999233007 108.967536926
0.999164701 -0.012247494 0.038985319 6.623915672 0.011916994 0.999891162 0.008698694 -11.001804352 -0.039087623 -0.008226843 0.999201894 111.215652466
0.999148965 -0.012890850 0.039179027 6.812796593 0.012603662 0.999891877 0.007568339 -11.221448898 -0.039272357 -0.007068099 0.999203503 113.472534180
0.999103725 -0.013609624 0.040081244 6.990151405 0.013361640 0.999889851 0.006448439 -11.432443619 -0.040164586 -0.005907109 0.999175608 115.714218140
0.999075890 -0.013841574 0.040691745 7.170074463 0.013565926 0.999883175 0.007042406 -11.656229973 -0.040784463 -0.006483875 0.999146938 117.951889038
0.999030113 -0.013991299 0.041750785 7.352942467 0.013673785 0.999875426 0.007880899 -11.873332024 -0.041855849 -0.007302364 0.999096990 120.196563721
0.998994768 -0.014668129 0.042359084 7.545333385 0.014314668 0.999860168 0.008635701 -12.093827248 -0.042479824 -0.008020664 0.999065161 122.406082153
0.998971522 -0.015295266 0.042684939 7.750816345 0.014965869 0.999855757 0.008025873 -12.310914993 -0.042801540 -0.007378801 0.999056339 124.686447144
0.998933375 -0.015555801 0.043476146 7.925660133 0.015254435 0.999857306 0.007254924 -12.530648232 -0.043582808 -0.006583981 0.999028146 126.946037292
0.998924613 -0.017054493 0.043113470 8.112497330 0.016735872 0.999830008 0.007740439 -12.744647980 -0.043238156 -0.007010573 0.999040186 129.203613281
0.998947978 -0.018322907 0.042037811 8.299510956 0.018006885 0.999806702 0.007883956 -12.954118729 -0.042174153 -0.007118691 0.999084890 131.455352783
0.999000669 -0.018726811 0.040581357 8.492686272 0.018378282 0.999791145 0.008944610 -13.165824890 -0.040740382 -0.008189858 0.999136150 133.692520142
0.999042094 -0.019430509 0.039207015 8.672735214 0.019099979 0.999778986 0.008787524 -13.381799698 -0.039369091 -0.008030254 0.999192476 135.935211182
0.999108136 -0.020004176 0.037183888 8.872303009 0.019696999 0.999768972 0.008609097 -13.595162392 -0.037347514 -0.007869009 0.999271452 138.158264160
0.999083817 -0.021394175 0.037065480 9.034366608 0.021117333 0.999746144 0.007844431 -13.798998833 -0.037223913 -0.007054521 0.999282062 140.437713623
0.999064982 -0.021822896 0.037321605 9.195496559 0.021547819 0.999737680 0.007756889 -14.002719879 -0.037481092 -0.006945436 0.999273241 142.670349121
0.999108970 -0.022024035 0.036002882 9.380798340 0.021716114 0.999724388 0.008921627 -14.222414017 -0.036189448 -0.008131834 0.999311864 144.882965088
0.999124229 -0.021076517 0.036146425 9.548606873 0.020807000 0.999752939 0.007816376 -14.434186935 -0.036302228 -0.007057432 0.999315917 147.124801636
0.999144375 -0.019900355 0.036255535 9.719835281 0.019684512 0.999786496 0.006300544 -14.648872375 -0.036373165 -0.005581480 0.999322712 149.356338501
0.999160707 -0.018433247 0.036580428 9.890573502 0.018248457 0.999819040 0.005378995 -14.866530418 -0.036672961 -0.004706944 0.999316216 151.597824097
0.999170661 -0.017751403 0.036645032 10.070079803 0.017570663 0.999831796 0.005248313 -15.078742981 -0.036732048 -0.004600084 0.999314487 153.829788208
0.999161005 -0.016994752 0.037260916 10.239925385 0.016789434 0.999842107 0.005816343 -15.297245026 -0.037353881 -0.005185874 0.999288559 156.080047607
0.999165654 -0.016194306 0.037494268 10.426861763 0.015940849 0.999848068 0.007049090 -15.516495705 -0.037602730 -0.006445518 0.999271989 158.299972534
0.999121487 -0.015703730 0.038853183 10.591932297 0.015397506 0.999848068 0.008168285 -15.735394478 -0.038975555 -0.007562866 0.999211550 160.553909302
0.999092877 -0.014714181 0.039962545 10.765416145 0.014317931 0.999845624 0.010183709 -15.951713562 -0.040106229 -0.009602290 0.999149203 162.790008545
0.999081016 -0.014286280 0.040410649 10.950674057 0.013958512 0.999867380 0.008381491 -16.143867493 -0.040525034 -0.007809717 0.999148011 165.048843384
0.999040902 -0.013468943 0.041663751 11.137920380 0.013161632 0.999884188 0.007641541 -16.361711502 -0.041761849 -0.007085850 0.999102473 167.275207520
0.998974562 -0.011624606 0.043757215 11.316528320 0.011283623 0.999904096 0.008031568 -16.576822281 -0.043846387 -0.007529592 0.999009848 169.501205444
0.998849809 -0.010698372 0.046739817 11.500329971 0.010297790 0.999908149 0.008802901 -16.796237946 -0.046829704 -0.008311460 0.998868287 171.731567383
0.998739123 -0.010581775 0.049073439 11.698621750 0.010172680 0.999911487 0.008578669 -17.004962921 -0.049159862 -0.008068645 0.998758435 173.975921631
0.998654306 -0.010687315 0.050747585 11.901287079 0.010253480 0.999908626 0.008801570 -17.215724945 -0.050837014 -0.008269385 0.998672724 176.222137451
0.998621047 -0.011183978 0.051293578 12.108337402 0.010709560 0.999897361 0.009514657 -17.423042297 -0.051394727 -0.008952201 0.998638332 178.449432373
0.998598337 -0.013386394 0.051206686 12.300098419 0.012898278 0.999868214 0.009850862 -17.650239944 -0.051331818 -0.009176577 0.998639464 180.671005249
0.998549640 -0.014328150 0.051896255 12.493505478 0.013875326 0.999862492 0.009075388 -17.853322983 -0.052019153 -0.008342149 0.998611212 182.919830322
0.998634636 -0.015629621 0.049845822 12.722764015 0.015178937 0.999840558 0.009407328 -18.076946259 -0.049984910 -0.008637875 0.998712540 185.099716187
0.998635411 -0.017663976 0.049145930 12.927409172 0.017172432 0.999798417 0.010406078 -18.291746140 -0.049319837 -0.009547924 0.998737335 187.339935303
0.998662949 -0.018522011 0.048261505 13.134937286 0.018065928 0.999788165 0.009869363 -18.497287750 -0.048434071 -0.008984279 0.998785973 189.582427979
0.998608410 -0.019836649 0.048864048 13.326672554 0.019384656 0.999764979 0.009706642 -18.715055466 -0.049045105 -0.008745924 0.998758256 191.799957275
0.998582304 -0.021498177 0.048694640 13.518483162 0.021071257 0.999735057 0.009263784 -18.925441742 -0.048880894 -0.008224595 0.998770773 194.037536621
0.998619258 -0.021125436 0.048097041 13.720186234 0.020714689 0.999744713 0.009022431 -19.130413055 -0.048275359 -0.008013656 0.998801887 196.268112183
0.998620749 -0.018717811 0.049053803 13.916660309 0.018273788 0.999788046 0.009484692 -19.348691940 -0.049220938 -0.008575211 0.998751104 198.498733521
0.998639941 -0.017067490 0.049263928 14.115562439 0.016620012 0.999816954 0.009478601 -19.562435150 -0.049416691 -0.008646939 0.998740733 200.732177734
0.998622119 -0.016630374 0.049772218 14.321388245 0.016229752 0.999832630 0.008442470 -19.769887924 -0.049904283 -0.007623046 0.998724937 202.988922119
0.998589814 -0.016917804 0.050318919 14.516902924 0.016485048 0.999823570 0.009002915 -19.975522995 -0.050462354 -0.008160709 0.998692632 205.213699341
0.998567402 -0.018304396 0.050282493 14.743686676 0.017849645 0.999795735 0.009478211 -20.197546005 -0.050445724 -0.008567110 0.998690069 207.475006104
0.998495102 -0.017937368 0.051825121 14.938505173 0.017464761 0.999801815 0.009557827 -20.395620346 -0.051986288 -0.008638332 0.998610437 209.720840454
0.998426914 -0.017974725 0.053109773 15.153491974 0.017401442 0.999785423 0.011237117 -20.625179291 -0.053300362 -0.010295252 0.998525441 211.968917847
0.998371959 -0.016620327 0.054564033 15.381841660 0.016025594 0.999807537 0.011319333 -20.830968857 -0.054741655 -0.010426485 0.998446107 214.201080322
0.998196065 -0.015460588 0.058013380 15.571813583 0.014808619 0.999822438 0.011651426 -21.037546158 -0.058183219 -0.010771309 0.998247802 216.443786621
0.998062909 -0.015321787 0.060298301 15.790276527 0.014620547 0.999820471 0.012053665 -21.241893768 -0.060472157 -0.011148720 0.998107612 218.688537598
0.997912943 -0.016764853 0.062359810 16.014575958 0.016003409 0.999791503 0.012689989 -21.443185806 -0.062559545 -0.011665535 0.997973084 220.917556763
0.997809589 -0.018238571 0.063587256 16.243637085 0.017411981 0.999756873 0.013529341 -21.643672943 -0.063818537 -0.012392526 0.997884572 223.143264771
0.997737348 -0.020251593 0.064108759 16.485546112 0.019459615 0.999726713 0.012954167 -21.850624084 -0.064353578 -0.011677325 0.997858822 225.368530273
0.997684121 -0.021529427 0.064522572 16.716831207 0.020754959 0.999704540 0.012649429 -22.049253464 -0.064775839 -0.011280970 0.997836053 227.613388062
0.997645557 -0.021873638 0.064998433 16.949611664 0.021084309 0.999695837 0.012805076 -22.248128891 -0.065258734 -0.011404480 0.997803211 229.845291138
0.997566700 -0.023263743 0.065723047 17.183843613 0.022522394 0.999674380 0.011998458 -22.451881409 -0.065980785 -0.010489020 0.997765839 232.088729858
0.997541249 -0.024415495 0.065691426 17.442535400 0.023591688 0.999633372 0.013287270 -22.663816452 -0.065991752 -0.011704826 0.997751534 234.367553711
0.997516096 -0.024282683 0.066120341 17.687553406 0.023427717 0.999631941 0.013675326 -22.868980408 -0.066428088 -0.012092309 0.997717917 236.611587524
0.997468591 -0.023903115 0.066970117 17.919132233 0.023055613 0.999644399 0.013399452 -23.063589096 -0.067266569 -0.011821494 0.997664928 238.824295044
0.997443736 -0.024043532 0.067288928 18.162715912 0.023177816 0.999638617 0.013616947 -23.262159348 -0.067592002 -0.012022529 0.997640610 241.052322388
0.997404516 -0.024596030 0.067669116 18.407970428 0.023705600 0.999621928 0.013930343 -23.461618423 -0.067986153 -0.012290051 0.997610569 243.294448853
0.997363508 -0.024926234 0.068151422 18.648986816 0.024078334 0.999622464 0.013234838 -23.664871216 -0.068455569 -0.011558970 0.997587323 245.516387939
0.997386396 -0.024261948 0.068056859 18.903482437 0.023471104 0.999647677 0.012396050 -23.866292953 -0.068333633 -0.010766282 0.997604430 247.754608154
0.997358799 -0.024462324 0.068387799 19.153202057 0.023623899 0.999635756 0.013041966 -24.073896408 -0.068681933 -0.011391933 0.997573495 249.989974976
0.997329473 -0.025864538 0.068302251 19.407974243 0.025029210 0.999601424 0.013057654 -24.277204514 -0.068612747 -0.011313233 0.997579217 252.220062256
0.997321188 -0.025851117 0.068426177 19.667299271 0.024964184 0.999593318 0.013785499 -24.481807709 -0.068754710 -0.012040367 0.997560859 254.485610962
0.997285962 -0.026591638 0.068656437 19.904985428 0.025677338 0.999570072 0.014165433 -24.684020996 -0.069003589 -0.012364073 0.997539759 256.707794189
0.997258306 -0.026751313 0.068994559 20.158508301 0.025807703 0.999561310 0.014531985 -24.886508942 -0.069353051 -0.012711552 0.997511148 258.977569580
0.997228801 -0.026372056 0.069565013 20.410495758 0.025459636 0.999578238 0.013970405 -25.083232880 -0.069904096 -0.012160590 0.997479618 261.222839355
0.997210026 -0.026395805 0.069824658 20.667253494 0.025515305 0.999583662 0.013472226 -25.280735016 -0.070151202 -0.011653044 0.997468233 263.479827881
0.997189939 -0.025746828 0.070351370 20.924098969 0.024879569 0.999603629 0.013176282 -25.489179611 -0.070662744 -0.011388944 0.997435272 265.720855713
0.997125328 -0.025155032 0.071472988 21.175863266 0.024266625 0.999617457 0.013271363 -25.686071396 -0.071779497 -0.011498804 0.997354329 267.966857910
0.996993065 -0.024834136 0.073402733 21.414148331 0.023932898 0.999627292 0.013132224 -25.902839661 -0.073701493 -0.011335998 0.997215927 270.223785400
0.996900082 -0.025639735 0.074382924 21.685012817 0.024682762 0.999600708 0.013756487 -26.109626770 -0.074705936 -0.011877865 0.997134984 272.474731445
0.996740580 -0.025652818 0.076485932 21.931344986 0.024614668 0.999592066 0.014485154 -26.309289932 -0.076826327 -0.012555267 0.996965349 274.717437744
0.996626794 -0.025373353 0.078046151 22.202680588 0.024242431 0.999587476 0.015404054 -26.497024536 -0.078404792 -0.013460066 0.996830702 276.955535889
0.996580124 -0.024942597 0.078778021 22.479984283 0.023664637 0.999573469 0.017114632 -26.709644318 -0.079171300 -0.015191848 0.996745288 279.214904785
0.996498704 -0.024768770 0.079855397 22.758018494 0.023384959 0.999560535 0.018217992 -26.908195496 -0.080271550 -0.016286792 0.996639967 281.454681396
0.996423841 -0.023625022 0.081125982 23.025571823 0.022232374 0.999590278 0.018027265 -27.095136642 -0.081518658 -0.016159173 0.996540785 283.720092773
0.996352851 -0.022649096 0.082266785 23.294206619 0.021270433 0.999618888 0.017596420 -27.283161163 -0.082633972 -0.015782390 0.996454954 285.956054688
0.996338189 -0.022574894 0.082464576 23.575014114 0.021317445 0.999643147 0.016097207 -27.462333679 -0.082798533 -0.014280332 0.996464014 288.185852051
0.996289372 -0.023407124 0.082823746 23.845647812 0.022117689 0.999619961 0.016451942 -27.661497116 -0.083177365 -0.014559026 0.996428370 290.412536621
0.996275604 -0.023626672 0.082925677 24.114484787 0.022457771 0.999635220 0.015000457 -27.844860077 -0.083249845 -0.013082262 0.996442854 292.681427002
0.996302366 -0.024094850 0.082467362 24.394567490 0.023001570 0.999634862 0.014181766 -28.038499832 -0.082778946 -0.012232452 0.996492863 294.907989502
0.996296942 -0.024211485 0.082499914 24.670274734 0.023126053 0.999633253 0.014087261 -28.235826492 -0.082810730 -0.012127197 0.996491492 297.139862061
0.996306181 -0.023467515 0.082603239 24.945281982 0.022368917 0.999648929 0.014200238 -28.429082870 -0.082907468 -0.012300040 0.996481359 299.378692627
0.996266067 -0.023353118 0.083117045 25.204174042 0.022165993 0.999639094 0.015176957 -28.632810593 -0.083441474 -0.013277916 0.996424139 301.609680176
0.996257484 -0.023787539 0.083096579 25.486078262 0.022581957 0.999626040 0.015418192 -28.828771591 -0.083432287 -0.013484003 0.996422172 303.863677979
0.996233761 -0.023354454 0.083503433 25.763584137 0.022127295 0.999633670 0.015591439 -29.021728516 -0.083836943 -0.013685013 0.996385515 306.104400635
0.996236742 -0.023934694 0.083303705 26.042791367 0.022699898 0.999618351 0.015738647 -29.229280472 -0.083648629 -0.013788436 0.996399879 308.350433350
0.996183217 -0.024807690 0.083687067 26.320135117 0.023542136 0.999593616 0.016075671 -29.424316406 -0.084051855 -0.014044140 0.996362388 310.616271973
0.996146381 -0.024604950 0.084184140 26.596828461 0.023366753 0.999604285 0.015662121 -29.623510361 -0.084536202 -0.013634656 0.996327043 312.861053467
0.996168554 -0.024205718 0.084037125 26.884172440 0.022911567 0.999604106 0.016330250 -29.820468903 -0.084399126 -0.014342260 0.996328831 315.105834961
0.996123791 -0.022317464 0.085084066 27.159246445 0.021063445 0.999656260 0.015608054 -30.018684387 -0.085403152 -0.013755391 0.996251523 317.344696045
0.996107459 -0.020425241 0.085747935 27.432565689 0.019112123 0.999687612 0.016106872 -30.212379456 -0.086050116 -0.014405351 0.996186674 319.591278076
0.996068180 -0.018967930 0.086537212 27.707490921 0.017687401 0.999722719 0.015540375 -30.405529022 -0.086807989 -0.013948651 0.996127367 321.817504883
0.996030271 -0.018089976 0.087157831 27.980596542 0.016747259 0.999729931 0.016112275 -30.598041534 -0.087425761 -0.014588659 0.996064186 324.053039551
0.996031642 -0.017746048 0.087212339 28.267313004 0.016278002 0.999714196 0.017515540 -30.801628113 -0.087498218 -0.016026391 0.996035755 326.278411865
0.995969415 -0.018353559 0.087795220 28.538228989 0.016897384 0.999707460 0.017300598 -30.997678757 -0.088087060 -0.015747355 0.995988309 328.521514893
0.995968580 -0.020125763 0.087415911 28.832582474 0.018745746 0.999686837 0.016579190 -31.188816071 -0.087722190 -0.014873677 0.996033907 330.755310059
0.995958686 -0.019560406 0.087656185 29.111534119 0.018195890 0.999700904 0.016338820 -31.383235931 -0.087949559 -0.014677810 0.996016741 332.978485107
0.995915651 -0.019528188 0.088150911 29.390541077 0.018051300 0.999683559 0.017520333 -31.575965881 -0.088465147 -0.015857536 0.995953023 335.215393066
0.995927334 -0.019857330 0.087945446 29.683696747 0.018394260 0.999679148 0.017415514 -31.765054703 -0.088263065 -0.015726892 0.995973051 337.450836182
0.995892942 -0.019426899 0.088430136 29.957086563 0.017917063 0.999680340 0.017835712 -31.962736130 -0.088748358 -0.016178055 0.995922625 339.688140869
0.995911300 -0.019588340 0.088186815 30.249126434 0.018129662 0.999685884 0.017311493 -32.153842926 -0.088498197 -0.015641917 0.995953500 341.942535400
0.995912313 -0.019582631 0.088176467 30.531644821 0.018099708 0.999681532 0.017585969 -32.342761993 -0.088492759 -0.015918113 0.995949626 344.191375732
0.995933533 -0.019320484 0.087996580 30.814857483 0.017831696 0.999684751 0.017673550 -32.532211304 -0.088310294 -0.016032552 0.995963991 346.423889160
0.995963812 -0.018937798 0.087736174 31.098018646 0.017458618 0.999692738 0.017596258 -32.722129822 -0.088042453 -0.015993485 0.995988309 348.662872314
0.995935977 -0.018403556 0.088163972 31.381385803 0.016861269 0.999692082 0.018206391 -32.919246674 -0.088471889 -0.016645849 0.995939553 350.902435303
0.995984077 -0.018432619 0.087612867 31.667392731 0.016866371 0.999685049 0.018583719 -33.109531403 -0.087927818 -0.017031377 0.995981216 353.123504639
0.996014178 -0.018301200 0.087297522 31.949388504 0.016799171 0.999698460 0.017909670 -33.297359467 -0.087598972 -0.016371761 0.996021211 355.361877441
0.996029913 -0.018242849 0.087131247 32.231899261 0.016703386 0.999691784 0.018364932 -33.487640381 -0.087439440 -0.016836638 0.996027470 357.595733643
0.996111631 -0.017523069 0.086339340 32.522727966 0.015902245 0.999684989 0.019424843 -33.683040619 -0.086652502 -0.017976319 0.996076405 359.841430664
0.996151984 -0.017733732 0.085829087 32.813785553 0.016116725 0.999680042 0.019496225 -33.875244141 -0.086147353 -0.018037923 0.996119082 362.087951660
0.996189415 -0.017602500 0.085420981 33.101993561 0.015954131 0.999673963 0.019941501 -34.062686920 -0.085744135 -0.018502694 0.996145368 364.329132080
0.996236801 -0.017439252 0.084900491 33.387882233 0.015861077 0.999689341 0.019227752 -34.251419067 -0.085209429 -0.017808786 0.996203899 366.584503174
0.996254742 -0.018014634 0.084569424 33.667804718 0.016452260 0.999681532 0.019135240 -34.442760468 -0.084887214 -0.017672215 0.996233761 368.830017090
0.996228158 -0.017824449 0.084923208 33.939559937 0.016327536 0.999699533 0.018288817 -34.626811981 -0.085223675 -0.016833246 0.996219635 371.090484619
0.996301770 -0.018159892 0.083981954 34.229732513 0.016680991 0.999693930 0.018278068 -34.821750641 -0.084288172 -0.016809568 0.996299565 373.329772949
0.996417046 -0.018096257 0.082616866 34.522838593 0.016583597 0.999682724 0.018959031 -35.010616302 -0.082933739 -0.017521013 0.996401012 375.574554443
0.996309221 -0.017545149 0.084024012 34.786842346 0.015970746 0.999684751 0.019373193 -35.198936462 -0.084337428 -0.017959768 0.996275485 377.840637207
0.996306479 -0.018162154 0.083926007 35.068519592 0.016568303 0.999669611 0.019648844 -35.393051147 -0.084255151 -0.018185763 0.996278167 380.092987061
0.996324360 -0.018122729 0.083721727 35.352806091 0.016527358 0.999669075 0.019709645 -35.576385498 -0.084051237 -0.018253502 0.996294260 382.352294922
0.996331155 -0.017333938 0.083808213 35.636379242 0.015713571 0.999677360 0.019955402 -35.767421722 -0.084127083 -0.018565258 0.996282101 384.607482910
0.996346653 -0.016304545 0.083830193 35.917232513 0.014683461 0.999693811 0.019918008 -35.948802948 -0.084129274 -0.018614322 0.996280968 386.865081787
0.996368527 -0.015213899 0.083775282 36.206657410 0.013603256 0.999712169 0.019763131 -36.142528534 -0.084051847 -0.018551746 0.996288598 389.140625000
0.996362329 -0.013875176 0.084080935 36.479187012 0.012259695 0.999730706 0.019699367 -36.332702637 -0.084331647 -0.018596899 0.996264160 391.414642334
0.996376514 -0.012581207 0.084116623 36.760036469 0.010834760 0.999716818 0.021186588 -36.521671295 -0.084359370 -0.020198435 0.996230662 393.676177979
0.996323645 -0.011366542 0.084911346 37.032318115 0.009576146 0.999723792 0.021463104 -36.709186554 -0.085131861 -0.020571077 0.996157229 395.940399170
0.996253550 -0.010829512 0.085798986 37.309879303 0.009141194 0.999757290 0.020046119 -36.904983521 -0.085995242 -0.019186713 0.996110797 398.207855225
0.996190906 -0.010689527 0.086540759 37.584815979 0.009033242 0.999768913 0.019507814 -37.094284058 -0.086729296 -0.018651769 0.996057272 400.467468262
0.996073902 -0.011740282 0.087742709 37.862037659 0.009971644 0.999738753 0.020568313 -37.279853821 -0.087961249 -0.019612623 0.995930791 402.714996338
0.996076465 -0.013230070 0.087501794 38.149856567 0.011388502 0.999703825 0.021511901 -37.465400696 -0.087760471 -0.020430988 0.995932043 404.990631104
0.996040344 -0.013707958 0.087839834 38.435333252 0.011857127 0.999697208 0.021557814 -37.652011871 -0.088108763 -0.020430924 0.995901227 407.243225098
0.995984375 -0.012633204 0.088631280 38.739131927 0.010866201 0.999732971 0.020390807 -37.827728271 -0.088865206 -0.019345842 0.995855749 409.511474609
0.995901346 -0.012122435 0.089629203 39.023399353 0.010277710 0.999726295 0.021014713 -38.021129608 -0.089859433 -0.020007398 0.995753407 411.766082764
0.995912969 -0.010090287 0.089752927 39.338401794 0.008295402 0.999758542 0.020348689 -38.215652466 -0.089936577 -0.019520987 0.995756149 414.041107178
0.995840728 -0.009141227 0.090650573 39.634098053 0.007309931 0.999762833 0.020513184 -38.405101776 -0.090816587 -0.019765217 0.995671451 416.308441162
0.995773971 -0.009447468 0.091350123 39.930278778 0.007612536 0.999762535 0.020414421 -38.595596313 -0.091521300 -0.019632744 0.995609522 418.561584473
0.995668530 -0.009400100 0.092498787 40.219211578 0.007541532 0.999763012 0.020421974 -38.781497955 -0.092668846 -0.019635931 0.995503306 420.814575195
0.995595098 -0.009696906 0.093254603 40.510219574 0.007834566 0.999762833 0.020315912 -38.973884583 -0.093429491 -0.019495811 0.995434999 423.070861816
0.995538831 -0.010177206 0.093802273 40.811416626 0.008215851 0.999739945 0.021271983 -39.159507751 -0.093994409 -0.020406421 0.995363533 425.342926025
0.995498061 -0.009320019 0.094321646 41.108722687 0.007287270 0.999734342 0.021872787 -39.344421387 -0.094500437 -0.021086970 0.995301485 427.597137451
0.995437741 -0.008474720 0.095035248 41.413784027 0.006366995 0.999727488 0.022459690 -39.526489258 -0.095199697 -0.021752138 0.995220482 429.871490479
0.995428860 -0.009265636 0.095054485 41.721847534 0.007122661 0.999713242 0.022859275 -39.721321106 -0.095239043 -0.022077743 0.995209515 432.128662109
0.995401084 -0.009987082 0.095273197 42.033000946 0.007892732 0.999719322 0.022334168 -39.913883209 -0.095469505 -0.021479486 0.995200574 434.395599365
0.995400190 -0.009181253 0.095362596 42.345081329 0.007088501 0.999727070 0.022260839 -40.082660675 -0.095540948 -0.021482470 0.995193660 436.663238525
0.995368779 -0.009655245 0.095643282 42.654373169 0.007532474 0.999717712 0.022530926 -40.267921448 -0.095833838 -0.021706153 0.995160639 438.948181152
0.995429933 -0.009618108 0.095010184 42.970390320 0.007516081 0.999719501 0.022457391 -40.448009491 -0.095199533 -0.021640653 0.995222926 441.222015381
0.995372772 -0.008931341 0.095672444 43.277000427 0.006697411 0.999697924 0.023645492 -40.640724182 -0.095854729 -0.022895321 0.995131969 443.503509521
0.995353758 -0.009734589 0.095792353 43.590583801 0.007476632 0.999686480 0.023902126 -40.823947906 -0.095995001 -0.023074865 0.995114326 445.781799316
0.995326042 -0.009499698 0.096102849 43.894947052 0.007267672 0.999696255 0.023548823 -41.009231567 -0.096297368 -0.022740318 0.995092809 448.047546387
0.995362580 -0.008923182 0.095781013 44.208843231 0.006735924 0.999709547 0.023135139 -41.194412231 -0.095959634 -0.022382678 0.995133460 450.310852051
0.995299876 -0.008113004 0.096500576 44.510135651 0.005930651 0.999720633 0.022880293 -41.384716034 -0.096659243 -0.022200441 0.995069921 452.574645996
0.995204568 -0.007388475 0.097536027 44.810375214 0.005180052 0.999724865 0.022875968 -41.559829712 -0.097678229 -0.022261027 0.994969070 454.851531982
0.995178223 -0.007963118 0.097759016 45.111209869 0.005763115 0.999724150 0.022766137 -41.751762390 -0.097913355 -0.022092966 0.994949698 457.122924805
0.995191693 -0.007068517 0.097690895 45.427291870 0.004948639 0.999747396 0.021925151 -41.934944153 -0.097821206 -0.021336293 0.994975269 459.402954102
0.995176733 -0.006155442 0.097904734 45.736454010 0.003966734 0.999738216 0.022534437 -42.122951508 -0.098017827 -0.022037385 0.994940639 461.686950684
0.995172858 -0.005504492 0.097983070 46.048103333 0.003196585 0.999714077 0.023695551 -42.304878235 -0.098085493 -0.023267958 0.994905949 463.969024658
0.995209038 -0.005526925 0.097613759 46.351127625 0.003208689 0.999709427 0.023890102 -42.482139587 -0.097717419 -0.023462433 0.994937599 466.234893799
0.995304465 -0.005429926 0.096642286 46.667339325 0.003249501 0.999736845 0.022704931 -42.661785126 -0.096740164 -0.022284271 0.995060205 468.518890381
0.995377183 -0.005628157 0.095877565 46.987415314 0.003480951 0.999739707 0.022547854 -42.852020264 -0.095979504 -0.022109872 0.995137751 470.817718506
0.995456040 -0.006029771 0.095030509 47.295169830 0.003812806 0.999716580 0.023493320 -43.037796021 -0.095145255 -0.023024237 0.995197117 473.099456787
0.995445728 -0.006275886 0.095123507 47.590785980 0.004061097 0.999716520 0.023459041 -43.220764160 -0.095243767 -0.022965895 0.995189071 475.377349854
0.995545447 -0.006386045 0.094065830 47.896476746 0.004219778 0.999721646 0.023210209 -43.392673492 -0.094187878 -0.022709880 0.995295405 477.658386230
0.995559752 -0.006621961 0.093898520 48.200077057 0.004404479 0.999706984 0.023803338 -43.576309204 -0.094028644 -0.023284068 0.995297194 479.940124512
0.995614648 -0.007293608 0.093264505 48.512523651 0.005048999 0.999692380 0.024280488 -43.758419037 -0.093412921 -0.023703121 0.995345175 482.214752197
0.995603323 -0.007926682 0.093334198 48.805374146 0.005760367 0.999708235 0.023456886 -43.939342499 -0.093492895 -0.022816114 0.995358407 484.504577637
0.995670021 -0.009384834 0.092482395 49.110466003 0.007114628 0.999665976 0.024846639 -44.140975952 -0.092684656 -0.024081079 0.995404243 486.809387207
0.995738328 -0.009838564 0.091697514 49.414752960 0.007574737 0.999658644 0.025003409 -44.317169189 -0.091912210 -0.024202269 0.995472968 489.091613770
0.995692074 -0.009357302 0.092248306 49.684291840 0.007074068 0.999661267 0.025046946 -44.504707336 -0.092451431 -0.024286475 0.995420992 491.380310059
0.995738924 -0.008830454 0.091793634 49.991554260 0.006498910 0.999649405 0.025667805 -44.684307098 -0.091988094 -0.024961872 0.995447159 493.669158936
0.995752752 -0.008685341 0.091656797 50.279506683 0.006391699 0.999659896 0.025288168 -44.861118317 -0.091845252 -0.024594925 0.995469511 495.960144043
0.995786488 -0.008623463 0.091295764 50.587638855 0.006377330 0.999670565 0.024866017 -45.047687531 -0.091480091 -0.024179021 0.995513320 498.269287109
0.995825946 -0.008647638 0.090861231 50.885410309 0.006345229 0.999652147 0.025598239 -45.225212097 -0.091050982 -0.024914857 0.995534539 500.563018799
0.995819509 -0.008130059 0.090981781 51.174953461 0.005797141 0.999648273 0.025876554 -45.407535553 -0.091160186 -0.025240941 0.995516300 502.840484619
0.995859504 -0.007402343 0.090604052 51.474433899 0.005137860 0.999669194 0.025200944 -45.588008881 -0.090760626 -0.024631089 0.995568097 505.129455566
0.995853782 -0.007461729 0.090661749 51.766555786 0.005132067 0.999651253 0.025902208 -45.767169952 -0.090823412 -0.025329528 0.995544851 507.420349121
0.995857596 -0.008134090 0.090561152 52.060501099 0.005906806 0.999674082 0.024835156 -45.946083069 -0.090733647 -0.024197353 0.995581210 509.707366943
0.995896280 -0.008915759 0.090061806 52.367088318 0.006621079 0.999646544 0.025745669 -46.133174896 -0.090259515 -0.025043707 0.995603323 512.004272461
0.995920002 -0.008788561 0.089811698 52.665313721 0.006479557 0.999641657 0.025968699 -46.309783936 -0.090007752 -0.025280802 0.995620131 514.313598633
0.995932698 -0.008149051 0.089731038 52.958408356 0.005870229 0.999654233 0.025630819 -46.486366272 -0.089908883 -0.024999829 0.995636165 516.621582031
0.995915294 -0.007244986 0.090001643 53.243995667 0.004974593 0.999664366 0.025424886 -46.667831421 -0.090155639 -0.024873309 0.995617032 518.916931152
0.995871961 -0.005250547 0.090616278 53.539123535 0.002952357 0.999671042 0.025477223 -46.850738525 -0.090720244 -0.025104523 0.995559931 521.244689941
0.995801926 -0.003220550 0.091477454 53.836696625 0.000874785 0.999670029 0.025671626 -47.029594421 -0.091529913 -0.025483832 0.995476186 523.581054688
0.995755315 -0.002562982 0.092004105 54.136528015 0.000087178 0.999637961 0.026903663 -47.203929901 -0.092039734 -0.026781445 0.995395064 525.897216797
0.995690167 -0.002845953 0.092698134 54.437408447 0.000354299 0.999638498 0.026884593 -47.379657745 -0.092741147 -0.026735883 0.995331228 528.211730957
0.995666504 -0.004602841 0.092880912 54.743221283 0.001998468 0.999602675 0.028113471 -47.552940369 -0.092973411 -0.027806025 0.995280206 530.526184082
0.995612323 -0.006174224 0.093369566 55.053932190 0.003591938 0.999607086 0.027799428 -47.727661133 -0.093504526 -0.027342072 0.995243371 532.844909668
0.995577097 -0.006325057 0.093734071 55.358467102 0.003781513 0.999620438 0.027288564 -47.903690338 -0.093871079 -0.026813412 0.995223165 535.159667969
0.995506823 -0.006556676 0.094462164 55.665996552 0.004018833 0.999626517 0.027031472 -48.077514648 -0.094604127 -0.026530383 0.995161414 537.477416992
0.995440900 -0.005994536 0.095191494 55.967826843 0.003494418 0.999645114 0.026409099 -48.258129120 -0.095316045 -0.025956061 0.995108545 539.790222168
0.995364130 -0.005399455 0.096025810 56.276588440 0.002902047 0.999654353 0.026128329 -48.439773560 -0.096133702 -0.025728537 0.995035827 542.104919434
0.995243013 -0.004754107 0.097306691 56.565200806 0.002344587 0.999688148 0.024861502 -48.612442017 -0.097394548 -0.024515089 0.994943857 544.429992676
0.995120347 -0.004672836 0.098558038 56.861427307 0.002170115 0.999672890 0.025485313 -48.792709351 -0.098644882 -0.025147071 0.994804859 546.749145508
0.995069265 -0.004988286 0.099056885 57.174720764 0.002380043 0.999647796 0.026431499 -48.970443726 -0.099153839 -0.026065411 0.994730592 549.046020508
0.995002210 -0.005455939 0.099703960 57.487915039 0.002823248 0.999644101 0.026527120 -49.149082184 -0.099813208 -0.026113054 0.994663596 551.351928711
0.995013118 -0.006590131 0.099525534 57.813243866 0.004044694 0.999660194 0.025755860 -49.327308655 -0.099661417 -0.025224876 0.994701564 553.664184570
0.995044231 -0.006911422 0.099192977 58.143192291 0.004332633 0.999647558 0.026189610 -49.507381439 -0.099339023 -0.025630051 0.994723499 555.981262207
0.994985223 -0.006796110 0.099790312 58.460201263 0.004157898 0.999636889 0.026621772 -49.686115265 -0.099935025 -0.026073355 0.994652271 558.290283203
0.994962394 -0.006351341 0.100046799 58.786064148 0.003589328 0.999608099 0.027763065 -49.866321564 -0.100183912 -0.027264103 0.994595349 560.625915527
0.994970798 -0.006792608 0.099935800 59.115383148 0.003958692 0.999585152 0.028528385 -50.044807434 -0.100088157 -0.027989291 0.994584799 562.955932617
0.994951367 -0.006301089 0.100160524 59.440452576 0.003389482 0.999567389 0.029213037 -50.216129303 -0.100301273 -0.028726064 0.994542301 565.271240234
0.994903326 -0.005287379 0.100694835 59.769721985 0.002416975 0.999587834 0.028606670 -50.393981934 -0.100804582 -0.028217493 0.994506001 567.598144531
0.994914293 -0.004450567 0.100626513 60.106967926 0.001725483 0.999629796 0.027152007 -50.565876007 -0.100710124 -0.026840294 0.994553626 569.931579590
0.994890690 -0.004058645 0.100875922 60.442848206 0.001287090 0.999620259 0.027524810 -50.745574951 -0.100949332 -0.027254337 0.994518220 572.251892090
0.994890273 -0.003961448 0.100884415 60.771392822 0.001049288 0.999581635 0.028903024 -50.934558868 -0.100956716 -0.028649483 0.994478226 574.616699219
0.994882286 -0.003989233 0.100963555 61.106185913 0.000947413 0.999544740 0.030157933 -51.113258362 -0.101037912 -0.029907934 0.994432867 576.929870605
0.994819164 -0.003462554 0.101601414 61.424575806 0.000572991 0.999594808 0.028455589 -51.284057617 -0.101658784 -0.028249951 0.994418144 579.310729980
0.994852006 -0.004146666 0.101253636 61.760257721 0.001297234 0.999601722 0.028191173 -51.453063965 -0.101330213 -0.027914695 0.994461119 581.645935059
0.994804978 -0.004736412 0.101687975 62.085308075 0.001731357 0.999559760 0.029619662 -51.635826111 -0.101783499 -0.029289730 0.994375229 583.973754883
0.994869351 -0.004552401 0.101065092 62.418441772 0.001555801 0.999557436 0.029709240 -51.808303833 -0.101155609 -0.029399581 0.994436145 586.293090820
0.994812429 -0.007225266 0.101470463 62.757507324 0.004327017 0.999577165 0.028753603 -51.991783142 -0.101635322 -0.028165370 0.994422913 588.654846191
0.994861424 -0.007756961 0.100947626 63.098720551 0.004869591 0.999572814 0.028817695 -52.162666321 -0.101128034 -0.028178040 0.994474292 591.001220703
0.994850576 -0.009955354 0.100862354 63.426910400 0.007032880 0.999546170 0.029289149 -52.338207245 -0.101108164 -0.028428975 0.994469166 593.340698242
0.994890869 -0.010526913 0.100405350 63.767837524 0.007582171 0.999531269 0.029665172 -52.515155792 -0.100670569 -0.028752325 0.994504213 595.695739746
