1.000000000 0.000000000 0.000000000 0.000000000 0.000000000 1.000000000 0.000000000 0.000000000 0.000000000 0.000000000 1.000000000 0.000000000
0.999999940 0.000039053 0.000398673 0.087100230 -0.000039001 1.000000000 -0.000132472 -0.227366209 -0.000398678 0.000132456 0.999999940 2.286523819
0.999999344 0.000340198 0.001108915 0.166815519 -0.000340665 0.999999821 0.000420347 -0.465387106 -0.001108772 -0.000420724 0.999999285 4.579755306
0.999998629 -0.000017218 0.001671156 0.264111072 0.000016233 0.999999821 0.000589629 -0.696525395 -0.001671166 -0.000589601 0.999998391 6.868311405
0.999996364 -0.000052596 0.002668377 0.357373238 0.000055552 0.999999523 -0.001108011 -0.928031027 -0.002668317 0.001108155 0.999995828 9.157574654
0.999988258 0.001642841 0.004573690 0.450802952 -0.001643553 0.999998629 0.000152000 -1.162544847 -0.004573434 -0.000159515 0.999989510 11.460612297
0.999968231 0.003674840 0.007086103 0.554009199 -0.003683752 0.999992371 0.001244930 -1.391369939 -0.007081478 -0.001270994 0.999974132 13.745491028
0.999947131 0.003528479 0.009647724 0.660025835 -0.003566959 0.999985695 0.003974215 -1.622527122 -0.009633562 -0.004008418 0.999945581 16.024276733
0.999941349 0.003876758 0.010114075 0.763713777 -0.003930810 0.999978065 0.005329844 -1.851660728 -0.010093190 -0.005369288 0.999934673 18.304195404
0.999916732 0.002955635 0.012562881 0.861905754 -0.003026021 0.999979794 0.005587335 -2.075595379 -0.012546114 -0.005624887 0.999905467 20.599981308
0.999925494 0.000569409 0.012189087 0.991073251 -0.000606320 0.999995172 0.003024725 -2.300496578 -0.012187306 -0.003031891 0.999921143 22.900516510
0.999911547 -0.001627961 0.013199891 1.097667694 0.001615515 0.999998271 0.000953410 -2.519055128 -0.013201420 -0.000932001 0.999912381 25.180744171
0.999911904 -0.002375610 0.013059914 1.227361321 0.002365746 0.999996901 0.000770686 -2.772376060 -0.013061705 -0.000739722 0.999914348 27.470703125
0.999892235 -0.001994067 0.014544256 1.327619076 0.001999711 0.999997973 -0.000373481 -2.994682789 -0.014543481 0.000402525 0.999894202 29.755928040
0.999888480 -0.000100486 0.014934406 1.457245827 0.000061533 0.999996603 0.002608757 -3.229181767 -0.014934615 -0.002607547 0.999885082 32.025760651
0.999888361 0.001856722 0.014826404 1.590089679 -0.001927553 0.999986827 0.004764496 -3.448495388 -0.014817362 -0.004792543 0.999878705 34.308067322
0.999851346 0.004165601 0.016732275 1.703912973 -0.004304797 0.999956369 0.008291613 -3.674148798 -0.016697004 -0.008362407 0.999825716 36.625301361
0.999829948 0.006015147 0.017428661 1.823132157 -0.006154743 0.999949336 0.007966997 -3.892739296 -0.017379856 -0.008072911 0.999816418 38.896911621
0.999800861 0.005125759 0.019287871 1.929955840 -0.005250812 0.999965489 0.006438417 -4.097816467 -0.019254202 -0.006538413 0.999793172 41.204849243
0.999806583 0.002594693 0.019496908 2.056327105 -0.002702132 0.999981284 0.005486208 -4.322684288 -0.019482309 -0.005537830 0.999794900 43.481979370
0.999818981 0.002102560 0.018917261 2.197699070 -0.002186048 0.999987960 0.004393699 -4.548129559 -0.018907793 -0.004434257 0.999811411 45.727684021
0.999818087 0.001519954 0.019012190 2.323324442 -0.001582665 0.999993384 0.003283851 -4.775075436 -0.019007072 -0.003313343 0.999813974 47.999240875
0.999821901 0.000170810 0.018868754 2.462312460 -0.000241792 0.999992847 0.003759622 -5.003160000 -0.018867973 -0.003763515 0.999815047 50.277328491
0.999800920 -0.000259120 0.019952239 2.590066433 0.000178135 0.999991715 0.004060612 -5.224349976 -0.019953120 -0.004056249 0.999792814 52.541484833
0.999793470 -0.001447366 0.020273358 2.726499796 0.001363970 0.999990523 0.004126772 -5.453291893 -0.020279141 -0.004098268 0.999785960 54.827682495
0.999775290 -0.001622026 0.021136528 2.860156775 0.001527402 0.999988735 0.004492205 -5.685130119 -0.021143580 -0.004458913 0.999766529 57.114151001
0.999767482 -0.003087755 0.021347396 3.002913952 0.002978399 0.999982297 0.005152578 -5.910062790 -0.021362931 -0.005087800 0.999758840 59.381572723
0.999725521 -0.004439266 0.023002677 3.127458096 0.004333833 0.999979913 0.004631344 -6.134528160 -0.023022769 -0.004530384 0.999724686 61.650638580
0.999707937 -0.005215724 0.023597898 3.276811838 0.005113496 0.999977231 0.004390320 -6.357442379 -0.023620259 -0.004268370 0.999711871 63.903926849
0.999670863 -0.004660721 0.025226831 3.412181139 0.004532560 0.999976516 0.005135176 -6.580337524 -0.025250169 -0.005019144 0.999668539 66.173606873
0.999644578 -0.003547076 0.026419863 3.557648420 0.003404394 0.999979377 0.005443635 -6.804495811 -0.026438622 -0.005351758 0.999636114 68.429336548
0.999608874 -0.003799482 0.027705982 3.695806503 0.003658836 0.999980152 0.005125283 -7.028401852 -0.027724907 -0.005021907 0.999602973 70.678779602
0.999595165 -0.004686197 0.028063850 3.855075359 0.004582257 0.999982417 0.003766825 -7.250836372 -0.028081009 -0.003636704 0.999599040 72.927009583
0.999573231 -0.005610871 0.028667146 4.005568981 0.005496838 0.999976635 0.004055064 -7.474554062 -0.028689230 -0.003895755 0.999580741 75.201118469
0.999531567 -0.006837166 0.029832810 4.166688442 0.006733561 0.999970973 0.003571957 -7.704382896 -0.029856365 -0.003369403 0.999548435 77.467109680
0.999509990 -0.007570178 0.030371604 4.309990406 0.007455319 0.999964654 0.003893250 -7.940280437 -0.030399999 -0.003664913 0.999531090 79.719398499
0.999485970 -0.008135360 0.031011591 4.462481022 0.008025504 0.999961078 0.003665225 -8.156958580 -0.031040201 -0.003414457 0.999512255 81.974716187
0.999461770 -0.007511579 0.031933006 4.621934414 0.007397541 0.999965847 0.003687788 -8.386982918 -0.031959608 -0.003449577 0.999483228 84.249458313
0.999418914 -0.007283539 0.033298850 4.781044483 0.007154901 0.999966443 0.003980656 -8.600728989 -0.033326730 -0.003740093 0.999437571 86.507011414
0.999408126 -0.006435127 0.033793263 4.942738056 0.006254190 0.999965549 0.005457216 -8.837501526 -0.033827219 -0.005242637 0.999413908 88.775825500
0.999373198 -0.005493002 0.034971487 5.100187302 0.005287483 0.999968231 0.005966562 -9.060932159 -0.035003141 -0.005777911 0.999370515 91.026939392
0.999340832 -0.005477915 0.035887696 5.266389847 0.005265787 0.999968231 0.006002725 -9.281112671 -0.035919420 -0.005809791 0.999337792 93.274330139
0.999327958 -0.005662248 0.036215216 5.438624859 0.005465674 0.999969721 0.005524649 -9.496918678 -0.036245409 -0.005322997 0.999328732 95.524154663
0.999295771 -0.006227487 0.037002333 5.605256557 0.006008567 0.999963820 0.006024652 -9.718840599 -0.037038513 -0.005798080 0.999297023 97.776939392
0.999252617 -0.005793837 0.038219038 5.765494347 0.005587648 0.999969244 0.005499557 -9.944649696 -0.038249720 -0.005281894 0.999254227 100.009269714
0.999170423 -0.005702172 0.040322702 5.918062210 0.005445673 0.999964297 0.006468125 -10.157218933 -0.040358141 -0.006243176 0.999165773 102.232238770
0.999173284 -0.006476395 0.040135160 6.126086712 0.006215633 0.999958754 0.006618477 -10.380571365 -0.040176377 -0.006363541 0.999172330 104.484832764
0.999133587 -0.007159008 0.040996324 6.303390503 0.006860531 0.999948978 0.007416634 -10.594085693 -0.041047320 -0.007128951 0.999131739 106.711624146
0.999103248 -0.008617854 0.041456804 6.489735126 0.008309899 0.999936640 0.007594912 -10.807095528 -0.041519627 -0.007243597 0.999111533 108.956298828
0.999062479 -0.009623542 0.042208679 6.674633980 0.009275092 0.999921441 0.008443523 -11.025649071 -0.042286608 -0.008044116 0.999073088 111.197975159
0.999042809 -0.010168959 0.042545352 6.866401196 0.009873790 0.999925673 0.007142195 -11.243103981 -0.042614818 -0.006715273 0.999069154 113.451362610
0.999003172 -0.010684683 0.043340936 7.052076340 0.010425363 0.999926329 0.006204921 -11.457169533 -0.043404050 -0.005746891 0.999041021 115.697883606
0.998975873 -0.010795644 0.043939460 7.237381935 0.010511106 0.999922276 0.006701603 -11.678106308 -0.044008389 -0.006232886 0.999011815 117.919044495
0.998918235 -0.010856460 0.045216538 7.428693295 0.010525169 0.999915957 0.007558438 -11.893051147 -0.045294803 -0.007074350 0.998948574 120.162582397
0.998880625 -0.011402726 0.045905497 7.628669739 0.011046552 0.999906957 0.008005071 -12.111583710 -0.045992497 -0.007489013 0.998913825 122.384048462
0.998841703 -0.012182458 0.046549954 7.828334332 0.011828404 0.999899030 0.007873814 -12.328794479 -0.046641167 -0.007314082 0.998884916 124.627113342
0.998818040 -0.012192818 0.047051299 8.015239716 0.011875838 0.999904931 0.007010601 -12.549608231 -0.047132321 -0.006443542 0.998867869 126.892234802
0.998800576 -0.013810471 0.046975482 8.209999084 0.013474021 0.999881327 0.007471381 -12.764973640 -0.047073100 -0.006829470 0.998868108 129.163116455
0.998826742 -0.014832413 0.046099234 8.404264450 0.014479504 0.999863327 0.007979948 -12.982645988 -0.046211299 -0.007303091 0.998905003 131.419021606
0.998894095 -0.015206606 0.044488400 8.607666016 0.014812548 0.999848187 0.009173833 -13.196118355 -0.044621151 -0.008504701 0.998967767 133.654022217
0.998965263 -0.016192680 0.042500008 8.826200485 0.015834151 0.999836206 0.008759218 -13.412881851 -0.042634889 -0.008077203 0.999058008 135.926071167
0.999030769 -0.016964745 0.040614463 9.025924683 0.016635025 0.999825954 0.008442587 -13.623721123 -0.040750615 -0.007758784 0.999139190 138.148223877
0.999023378 -0.018036477 0.040333603 9.202195168 0.017713631 0.999808252 0.008347368 -13.840107918 -0.040476430 -0.007624763 0.999151409 140.420471191
0.999003589 -0.018172964 0.040761806 9.368300438 0.017818792 0.999800503 0.009035317 -14.048298836 -0.040917866 -0.008299989 0.999128103 142.648864746
0.999048471 -0.018344412 0.039567925 9.557348251 0.017959099 0.999787986 0.010071498 -14.270169258 -0.039744295 -0.009351313 0.999166131 144.868164062
0.999060869 -0.017446445 0.039664771 9.733881950 0.017103981 0.999813616 0.008956938 -14.480613708 -0.039813649 -0.008270100 0.999172926 147.111694336
0.999087274 -0.016200863 0.039521806 9.915043831 0.015922146 0.999846160 0.007356898 -14.692820549 -0.039634917 -0.006720911 0.999191642 149.353729248
0.999107122 -0.014720174 0.039604116 10.094469070 0.014475134 0.999874294 0.006466869 -14.908857346 -0.039694343 -0.005887820 0.999194503 151.596435547
0.999111235 -0.013955793 0.039774038 10.279024124 0.013712514 0.999885619 0.006382760 -15.118045807 -0.039858565 -0.005831685 0.999188304 153.831787109
0.999105930 -0.013134965 0.040182475 10.465083122 0.012867558 0.999893427 0.006906180 -15.333963394 -0.040268891 -0.006382956 0.999168515 156.071945190
0.999098361 -0.012164317 0.040675540 10.629844666 0.011850182 0.999898076 0.007955187 -15.541912079 -0.040768165 -0.007466001 0.999140739 158.293182373
0.999056160 -0.011528031 0.041877922 10.813193321 0.011164483 0.999897957 0.008904644 -15.755291939 -0.041976310 -0.008428697 0.999083042 160.535934448
0.999005973 -0.010199271 0.043394528 10.969161034 0.009746822 0.999895990 0.010625310 -15.972977638 -0.043498393 -0.010191789 0.999001503 162.803436279
0.998974442 -0.010103702 0.044136196 11.153369904 0.009694026 0.999908149 0.009486292 -16.169841766 -0.044227984 -0.009048704 0.998980463 165.054611206
0.998939633 -0.009375644 0.045072697 11.348562241 0.009009724 0.999924839 0.008314705 -16.381528854 -0.045147270 -0.007899796 0.998949111 167.295196533
0.998862803 -0.007499379 0.047082782 11.533163071 0.007116612 0.999940336 0.008291981 -16.590774536 -0.047142159 -0.007947481 0.998856544 169.527572632
0.998729765 -0.006877582 0.049915206 11.716355324 0.006432510 0.999938190 0.009071743 -16.815244675 -0.049974520 -0.008739140 0.998712242 171.795288086
0.998602569 -0.007047242 0.052374877 11.917010307 0.006599956 0.999940276 0.008708125 -17.023450851 -0.052433114 -0.008350285 0.998589516 174.057754517
0.998531818 -0.006956744 0.053718273 12.129178047 0.006469148 0.999936342 0.009245467 -17.237579346 -0.053779170 -0.008884383 0.998513281 176.293304443
0.998508871 -0.007272799 0.054101057 12.343286514 0.006721740 0.999923706 0.010360733 -17.447319031 -0.054172277 -0.009981630 0.998481691 178.523025513
0.998478055 -0.008945803 0.054419581 12.541463852 0.008416780 0.999915063 0.009942647 -17.659313202 -0.054503907 -0.009469477 0.998468637 180.741790771
0.998435140 -0.009972037 0.055025347 12.742052078 0.009447957 0.999907672 0.009776306 -17.869066238 -0.055117756 -0.009241132 0.998437047 182.989379883
0.998514116 -0.011452189 0.053276721 12.969609261 0.010966557 0.999895692 0.009398746 -18.081806183 -0.053378798 -0.008800520 0.998535514 185.196166992
0.998522758 -0.013160106 0.052717712 13.179224014 0.012640650 0.999868333 0.010174884 -18.293432236 -0.052844666 -0.009493466 0.998557746 187.440032959
0.998545110 -0.014014335 0.052068688 13.392901421 0.013529788 0.999861956 0.009646789 -18.499822617 -0.052196685 -0.008928278 0.998596907 189.680267334
0.998527169 -0.015130466 0.052101791 13.597896576 0.014689409 0.999853015 0.008837852 -18.705522537 -0.052227858 -0.008059490 0.998602688 191.909515381
0.998500466 -0.016863951 0.052081075 13.793645859 0.016452540 0.999830067 0.008318130 -18.917203903 -0.052212507 -0.007448788 0.998608232 194.141708374
0.998522997 -0.016440038 0.051783036 13.998804092 0.016034059 0.999837399 0.008245697 -19.127561569 -0.051910169 -0.007403224 0.998624384 196.372772217
0.998533487 -0.013484473 0.052430179 14.205980301 0.013053232 0.999878168 0.008558843 -19.342950821 -0.052539207 -0.007861909 0.998587906 198.616790771
0.998538554 -0.011555775 0.052794624 14.411240578 0.011127539 0.999902785 0.008398154 -19.558990479 -0.052886538 -0.007798404 0.998570085 200.841949463
0.998513639 -0.010856356 0.053412743 14.621890068 0.010466695 0.999916553 0.007569610 -19.770462036 -0.053490464 -0.006999302 0.998543859 203.087982178
0.998487592 -0.011464686 0.053768892 14.829195023 0.011048082 0.999906659 0.008038895 -19.979843140 -0.053856041 -0.007432694 0.998521030 205.318634033
0.998434126 -0.012753217 0.054466855 15.030984879 0.012283674 0.999884546 0.008946780 -20.197519302 -0.054574661 -0.008263717 0.998475432 207.533950806
0.998417675 -0.012751553 0.054768406 15.249560356 0.012302244 0.999887884 0.008533170 -20.403490067 -0.054871079 -0.007845891 0.998462737 209.801330566
0.998326123 -0.012346979 0.056504626 15.462656975 0.011820236 0.999883592 0.009646884 -20.618488312 -0.056617167 -0.008962837 0.998355746 212.047622681
0.998248398 -0.011095517 0.058111615 15.690093994 0.010531063 0.999894381 0.010010555 -20.830678940 -0.058216549 -0.009381044 0.998259962 214.274139404
0.998065948 -0.009628855 0.061414193 15.888081551 0.009049724 0.999911964 0.009701085 -21.032529831 -0.061502196 -0.009126539 0.998065233 216.529235840
0.997940183 -0.009313910 0.063470736 16.116827011 0.008700076 0.999912739 0.009940671 -21.240879059 -0.063557781 -0.009367994 0.997934103 218.766708374
0.997818351 -0.010645003 0.065155044 16.354957581 0.009985317 0.999895573 0.010442167 -21.445873260 -0.065259412 -0.009768791 0.997820497 220.991775513
0.997734368 -0.012185194 0.066165753 16.590042114 0.011474231 0.999872386 0.011114583 -21.648818970 -0.066292755 -0.010330200 0.997746706 223.215362549
0.997687399 -0.014431565 0.066419773 16.841205597 0.013764303 0.999850214 0.010492835 -21.862636566 -0.066561252 -0.009554348 0.997736573 225.433242798
0.997671485 -0.015894562 0.066324338 17.087034225 0.015268491 0.999834061 0.009935814 -22.062608719 -0.066471249 -0.008900004 0.997748613 227.679260254
0.997613370 -0.015846400 0.067204773 17.317241669 0.015196281 0.999832749 0.010173956 -22.271051407 -0.067354739 -0.009128412 0.997687340 229.915695190
0.997572482 -0.016915830 0.067549877 17.562253952 0.016348464 0.999826312 0.008943189 -22.479583740 -0.067689441 -0.007817142 0.997675776 232.155044556
0.997543693 -0.017765466 0.067756139 17.805717468 0.017160041 0.999807656 0.009506955 -22.680906296 -0.067912020 -0.008320903 0.997656584 234.390197754
0.997472167 -0.016462399 0.069124825 18.048873901 0.015782526 0.999821663 0.010370118 -22.897571564 -0.069283225 -0.009252940 0.997554064 236.629241943
0.997447789 -0.016050704 0.069571853 18.289190292 0.015381933 0.999830246 0.010137797 -23.101432800 -0.069722779 -0.009041775 0.997525454 238.848953247
0.997409999 -0.016167052 0.070085041 18.530580521 0.015464940 0.999824703 0.010549106 -23.311473846 -0.070243299 -0.009437925 0.997485161 241.060913086
0.997360229 -0.016370928 0.070741713 18.774045944 0.015652917 0.999820292 0.010692277 -23.518478394 -0.070904046 -0.009556740 0.997437298 243.295639038
0.997338414 -0.016561953 0.071004711 19.022085190 0.015897086 0.999824464 0.009918611 -23.729022980 -0.071156532 -0.008763445 0.997426629 245.517028809
0.997344375 -0.016355567 0.070969753 19.276361465 0.015725832 0.999831855 0.009422976 -23.943107605 -0.071111970 -0.008281893 0.997433901 247.749740601
0.997318149 -0.016636763 0.071272619 19.529537201 0.015973166 0.999823630 0.009870576 -24.152915955 -0.071424268 -0.008705653 0.997408032 249.985137939
0.997285187 -0.017843690 0.071441025 19.783777237 0.017194275 0.999805152 0.009694942 -24.361761093 -0.071600102 -0.008440246 0.997397721 252.209289551
0.997289956 -0.017897213 0.071361125 20.051149368 0.017194005 0.999797463 0.010456424 -24.573503494 -0.071533829 -0.009201100 0.997395754 254.470886230
0.997249007 -0.019061185 0.071631141 20.290134430 0.018327365 0.999772787 0.010887801 -24.785263062 -0.071822405 -0.009545038 0.997371793 256.690460205
0.997219563 -0.019489812 0.071925923 20.548818588 0.018719209 0.999760211 0.011372424 -25.000272751 -0.072130315 -0.009994405 0.997345150 258.960418701
0.997188985 -0.019260228 0.072409473 20.804895401 0.018511949 0.999768198 0.010990942 -25.207036972 -0.072604373 -0.009619608 0.997314453 261.198944092
0.997178137 -0.019316092 0.072544500 21.069593430 0.018612714 0.999773085 0.010359459 -25.411344528 -0.072728150 -0.008979976 0.997311354 263.452301025
0.997152686 -0.018815106 0.073024213 21.329229355 0.018123046 0.999784470 0.010128304 -25.625726700 -0.073199041 -0.008776045 0.997278750 265.682708740
0.997077227 -0.018545449 0.074114501 21.588375092 0.017848048 0.999790072 0.010061065 -25.829891205 -0.074285522 -0.008708860 0.997198999 267.923736572
0.996975482 -0.018987155 0.075362824 21.843883514 0.018235205 0.999777019 0.010653415 -26.044866562 -0.075548284 -0.009246938 0.997099280 270.160308838
0.996826947 -0.019419478 0.077193305 22.092411041 0.018699342 0.999774694 0.010040965 -26.242780685 -0.077370897 -0.008565642 0.996965587 272.422180176
0.996631265 -0.019689901 0.079613291 22.354648590 0.018994192 0.999774635 0.009486535 -26.438285828 -0.079782128 -0.007942388 0.996780753 274.663726807
0.996617377 -0.019771498 0.079767533 22.632942200 0.018835913 0.999744833 0.012464434 -26.666505814 -0.079993628 -0.010919777 0.996735573 276.917633057
0.996535063 -0.018608162 0.081064373 22.908666611 0.017574066 0.999755085 0.013451391 -26.868589401 -0.081294820 -0.011980155 0.996618152 279.163391113
0.996417403 -0.019129803 0.082379498 23.183168411 0.018016977 0.999736369 0.014230850 -27.078100204 -0.082630023 -0.012695638 0.996499360 281.424224854
0.996289194 -0.018500360 0.084056541 23.448041916 0.017263906 0.999732256 0.015412911 -27.285709381 -0.084319182 -0.013904575 0.996341765 283.667846680
0.996295750 -0.017453093 0.084203079 23.746122360 0.016315859 0.999766409 0.014175240 -27.479846954 -0.084430799 -0.012748886 0.996347785 285.926635742
0.996168494 -0.016700767 0.085844688 24.009782791 0.015606335 0.999788344 0.013404368 -27.680601120 -0.086050384 -0.012013290 0.996218324 288.154113770
0.996146858 -0.016903328 0.086056523 24.284612656 0.015805472 0.999785006 0.013422830 -27.885341644 -0.086264908 -0.012010947 0.996199846 290.384979248
0.996153712 -0.017286059 0.085902296 24.572576523 0.016246876 0.999786317 0.012781743 -28.082103729 -0.086104900 -0.011336936 0.996221602 292.632873535
0.996161759 -0.017976379 0.085665554 24.858358383 0.016998891 0.999781966 0.012126337 -28.285623550 -0.085864872 -0.010623571 0.996250153 294.869415283
0.996149838 -0.017659886 0.085870147 25.141197205 0.016634831 0.999781728 0.012638273 -28.501199722 -0.086074598 -0.011161177 0.996226192 297.108428955
0.996152341 -0.017341185 0.085907251 25.425148010 0.016257832 0.999779463 0.013294422 -28.701454163 -0.086118847 -0.011846604 0.996214390 299.349487305
0.996134102 -0.016557720 0.086270712 25.701105118 0.015427385 0.999786437 0.013752508 -28.903827667 -0.086480007 -0.012368413 0.996176779 301.589447021
0.996122718 -0.016955785 0.086325064 25.984909058 0.015796978 0.999775887 0.014089318 -29.106824875 -0.086544603 -0.012671013 0.996167421 303.840148926
0.996091187 -0.016136028 0.086845808 26.268060684 0.014929640 0.999783099 0.014522849 -29.310024261 -0.087061301 -0.013169502 0.996115923 306.086730957
0.996067226 -0.017080080 0.086938895 26.548767090 0.015889183 0.999770463 0.014371755 -29.514852524 -0.087164395 -0.012933842 0.996109962 308.340301514
0.996019840 -0.018608566 0.087167658 26.838632584 0.017354796 0.999734998 0.015119337 -29.716239929 -0.087425917 -0.013546381 0.996078908 310.607543945
0.995990753 -0.018280646 0.087568693 27.125911713 0.017088052 0.999750972 0.014349341 -29.916160583 -0.087809213 -0.012795431 0.996055067 312.854553223
0.996019483 -0.017642157 0.087371640 27.419801712 0.016386362 0.999752104 0.015069558 -30.119171143 -0.087615855 -0.013577872 0.996061802 315.099212646
0.995953321 -0.016240433 0.088392466 27.699489594 0.015039739 0.999785602 0.014232807 -30.319812775 -0.088604659 -0.012845812 0.995984018 317.329986572
0.995939910 -0.014508208 0.088843033 27.979082108 0.013250226 0.999803603 0.014733080 -30.517684937 -0.089039348 -0.013496073 0.995936692 319.565246582
0.995896757 -0.013823091 0.089434817 28.262203217 0.012618128 0.999822021 0.014024467 -30.717561722 -0.089612760 -0.012838423 0.995893955 321.787475586
0.995868266 -0.013240380 0.089838646 28.546243668 0.011969493 0.999820709 0.014670370 -30.915075302 -0.090016775 -0.013534436 0.995848298 324.024871826
0.995877981 -0.012819344 0.089792348 28.841762543 0.011410363 0.999803782 0.016187357 -31.124303818 -0.089982256 -0.015096069 0.995828867 326.250946045
0.995814860 -0.013389243 0.090406783 29.118984222 0.011992249 0.999800384 0.015977897 -31.325864792 -0.090602681 -0.014826847 0.995776713 328.486511230
0.995796621 -0.014639021 0.090413675 29.415723801 0.013313510 0.999795139 0.015246276 -31.522312164 -0.090618342 -0.013978470 0.995787501 330.715240479
0.995798469 -0.014317752 0.090445518 29.702848434 0.013001707 0.999801099 0.015123178 -31.721748352 -0.090644091 -0.013883689 0.995786548 332.938629150
0.995752037 -0.014722602 0.090890527 29.988121033 0.013311028 0.999781489 0.016117182 -31.915760040 -0.091107935 -0.014838868 0.995730579 335.172302246
0.995777965 -0.015245011 0.090519138 30.289806366 0.013830452 0.999772549 0.016233934 -32.109893799 -0.090746030 -0.014913475 0.995762408 337.404083252
0.995770872 -0.014865770 0.090660557 30.572792053 0.013424394 0.999773860 0.016487770 -32.308265686 -0.090885170 -0.015200975 0.995745361 339.639739990
0.995805562 -0.014879890 0.090276100 30.873809814 0.013454637 0.999775350 0.016375817 -32.509403229 -0.090499483 -0.015092498 0.995782137 341.883697510
0.995811343 -0.014839859 0.090219259 31.164680481 0.013358420 0.999766231 0.017002176 -32.706832886 -0.090450458 -0.015725771 0.995776772 344.134338379
0.995854318 -0.014294134 0.089832269 31.456344604 0.012790060 0.999768555 0.017296530 -32.901824951 -0.090058729 -0.016075864 0.995806634 346.375457764
0.995876729 -0.014135087 0.089608766 31.745096207 0.012653692 0.999774098 0.017078418 -33.091537476 -0.089829944 -0.015874119 0.995830595 348.608276367
0.995837867 -0.013594364 0.090123065 32.030574799 0.012056854 0.999772727 0.017582661 -33.291351318 -0.090341613 -0.016422877 0.995775342 350.848541260
0.995873928 -0.013700789 0.089707576 32.319019318 0.012155478 0.999768555 0.017749861 -33.481678009 -0.089930005 -0.016586183 0.995809972 353.059478760
0.995905221 -0.013273857 0.089422286 32.608081818 0.011752184 0.999777436 0.017521784 -33.679477692 -0.089634962 -0.016399128 0.995839596 355.305419922
0.996001124 -0.013704396 0.088283502 32.908737183 0.012154041 0.999762714 0.018074812 -33.874084473 -0.088510260 -0.016929526 0.995931387 357.537078857
0.996052206 -0.013377678 0.087755755 33.199584961 0.011760841 0.999751925 0.018915558 -34.067031860 -0.087987043 -0.017808802 0.995962441 359.781494141
0.996109247 -0.013678362 0.087059245 33.494201660 0.012048741 0.999742746 0.019216577 -34.262889862 -0.087299682 -0.018092854 0.996017754 362.031036377
0.996150315 -0.013659501 0.086590730 33.785083771 0.012006473 0.999736130 0.019582305 -34.452575684 -0.086835384 -0.018467266 0.996051490 364.276397705
0.996189892 -0.013619665 0.086140834 34.069904327 0.012039841 0.999750078 0.018833062 -34.641593933 -0.086375810 -0.017724182 0.996104956 366.526977539
0.996224523 -0.014401317 0.085611485 34.352840424 0.012852695 0.999744117 0.018612701 -34.833328247 -0.085857637 -0.017442087 0.996154666 368.773101807
0.996198535 -0.014244298 0.085939571 34.629295349 0.012769335 0.999761999 0.017688168 -35.018238068 -0.086171068 -0.016523534 0.996143341 371.042236328
0.996241093 -0.014807930 0.085348085 34.909954071 0.013309534 0.999747634 0.018098665 -35.221313477 -0.085594520 -0.016894693 0.996186793 373.269989014
0.996296883 -0.014581108 0.084733322 35.200466156 0.013012786 0.999734104 0.019031839 -35.410228729 -0.084988296 -0.017858744 0.996221840 375.524444580
0.996249676 -0.014717595 0.085264079 35.471065521 0.013132080 0.999730766 0.019126527 -35.596454620 -0.085522629 -0.017935095 0.996174812 377.779449463
0.996253669 -0.015352230 0.085105278 35.754909515 0.013739931 0.999715447 0.019498268 -35.791469574 -0.085380420 -0.018255880 0.996181190 380.017700195
0.996272564 -0.015630571 0.084834665 36.041263580 0.014026741 0.999711990 0.019468671 -35.975463867 -0.085114554 -0.018206147 0.996204853 382.274353027
0.996265590 -0.014947522 0.085037701 36.323478699 0.013300114 0.999713302 0.019906331 -36.169399261 -0.085310861 -0.018700982 0.996178865 384.522857666
0.996293485 -0.014339825 0.084815003 36.616306305 0.012696224 0.999721646 0.019886434 -36.355312347 -0.085076571 -0.018735891 0.996198237 386.800537109
0.996325195 -0.013090148 0.084644981 36.908496857 0.011443811 0.999736309 0.019905979 -36.552524567 -0.084883220 -0.018864160 0.996212304 389.073364258
0.996318877 -0.011958810 0.084885657 37.188354492 0.010309421 0.999749959 0.019842561 -36.743160248 -0.085101731 -0.018894400 0.996193111 391.352539062
0.996320665 -0.010640918 0.085040279 37.468639374 0.008849083 0.999731421 0.021419665 -36.931472778 -0.085245349 -0.020588327 0.996147275 393.615112305
0.996272087 -0.009150738 0.085780181 37.742279053 0.007314903 0.999737918 0.021691581 -37.117698669 -0.085956201 -0.020983243 0.996077955 395.884765625
0.996214092 -0.008822325 0.086485237 38.024646759 0.007106396 0.999772131 0.020128561 -37.311225891 -0.086643107 -0.019437758 0.996049702 398.151489258
0.996158004 -0.008576395 0.087153196 38.303138733 0.006890771 0.999783695 0.019623429 -37.501831055 -0.087302640 -0.018947484 0.996001601 400.418243408
0.996005774 -0.009460622 0.088786714 38.570182800 0.007626358 0.999750972 0.020975761 -37.689441681 -0.088963039 -0.020214863 0.995829761 402.660522461
0.996016681 -0.010643057 0.088529766 38.863822937 0.008753709 0.999726057 0.021702314 -37.874229431 -0.088736497 -0.020840902 0.995837033 404.946502686
0.996014714 -0.011035066 0.088503361 39.154170990 0.009156743 0.999724686 0.021601204 -38.059120178 -0.088717364 -0.020704711 0.995841622 407.205352783
0.995893240 -0.009629734 0.090021908 39.433048248 0.007786626 0.999753237 0.020802831 -38.241516113 -0.090200022 -0.020016434 0.995722473 409.445678711
0.995841146 -0.008712325 0.090688124 39.724945068 0.006833516 0.999755979 0.021007204 -38.430755615 -0.090849005 -0.020300120 0.995657742 411.703552246
0.995773613 -0.007626860 0.091526151 40.014507294 0.005751044 0.999768257 0.020741116 -38.619590759 -0.091663145 -0.020127084 0.995586634 413.954040527
0.995695233 -0.006457054 0.092462704 40.313816071 0.004558192 0.999774635 0.020732999 -38.805953979 -0.092575744 -0.020222288 0.995500267 416.226715088
0.995649397 -0.006887870 0.092923723 40.616966248 0.004986714 0.999773800 0.020676035 -38.996238708 -0.093045115 -0.020122699 0.995458543 418.481018066
0.995543718 -0.006872545 0.094050467 40.910121918 0.004954018 0.999775290 0.020617196 -39.180923462 -0.094171010 -0.020059396 0.995353878 420.734680176
0.995477319 -0.006948540 0.094745114 41.204399109 0.005038952 0.999779642 0.020379368 -39.371055603 -0.094865829 -0.019809783 0.995292962 422.991516113
0.995408118 -0.007305978 0.095442906 41.507419586 0.005275283 0.999754667 0.021511558 -39.559146881 -0.095576651 -0.020909291 0.995202422 425.263061523
0.995367348 -0.006589829 0.095918342 41.807949066 0.004488143 0.999745488 0.022110460 -39.742855072 -0.096039608 -0.021577533 0.995143592 427.518249512
0.995287120 -0.005648245 0.096807338 42.114479065 0.003465930 0.999736428 0.022696210 -39.925628662 -0.096910007 -0.022253720 0.995044231 429.793243408
0.995275795 -0.006272131 0.096885115 42.421886444 0.004057093 0.999726176 0.023042627 -40.115276337 -0.097003110 -0.022540702 0.995028734 432.066345215
0.995244503 -0.007124759 0.097147115 42.734462738 0.004967147 0.999736011 0.022433518 -40.306915283 -0.097281322 -0.021844294 0.995017111 434.331481934
0.995232940 -0.006263044 0.097324848 43.045112610 0.004092259 0.999738693 0.022488154 -40.477027893 -0.097440265 -0.021982675 0.994998574 436.602569580
0.995189309 -0.006869635 0.097728722 43.354724884 0.004637597 0.999723613 0.023047974 -40.666141510 -0.097860046 -0.022483869 0.994946182 438.884735107
0.995255291 -0.006902947 0.097052924 43.676479340 0.004673812 0.999720395 0.023176853 -40.846645355 -0.097185761 -0.022613274 0.995009363 441.161468506
0.995201707 -0.006752613 0.097611368 43.985641479 0.004357138 0.999684572 0.024733294 -41.057792664 -0.097747594 -0.024189310 0.994917214 443.428436279
0.995163620 -0.007130721 0.097971968 44.300266266 0.004731489 0.999683857 0.024699517 -41.235015869 -0.098117113 -0.024116511 0.994882643 445.704895020
0.995159626 -0.006914041 0.098028362 44.610687256 0.004551134 0.999694169 0.024307461 -41.418212891 -0.098166458 -0.023743663 0.994886696 447.969482422
0.995140910 -0.006102379 0.098271914 44.921337128 0.003779048 0.999709368 0.023810679 -41.598655701 -0.098388657 -0.023323607 0.994874716 450.232513428
0.995099485 -0.005518779 0.098724738 45.231494904 0.003213531 0.999718726 0.023494048 -41.785385132 -0.098826647 -0.023061659 0.994837403 452.498931885
0.995001614 -0.004841141 0.099741004 45.534961700 0.002510223 0.999721050 0.023481974 -41.959377289 -0.099826843 -0.023114229 0.994736314 454.778228760
0.994969249 -0.004866981 0.100062288 45.842197418 0.002559551 0.999728143 0.023175392 -42.147869110 -0.100147903 -0.022802686 0.994711161 457.040252686
0.995008707 -0.004259205 0.099697411 46.167369843 0.002011711 0.999741733 0.022632848 -42.335006714 -0.099768050 -0.022319321 0.994760334 459.321105957
0.994977593 -0.002841420 0.100057371 46.478687286 0.000530346 0.999732614 0.023116518 -42.516853333 -0.100096315 -0.022947351 0.994713008 461.600341797
0.994993031 -0.002332267 0.099916376 46.791996002 -0.000101545 0.999703526 0.024346493 -42.698272705 -0.099943534 -0.024234736 0.994697928 463.872589111
0.995015383 -0.002267710 0.099695511 47.097461700 -0.000190252 0.999696374 0.024638273 -42.874641418 -0.099721096 -0.024534427 0.994713008 466.138793945
0.995151222 -0.002708171 0.098319560 47.423515320 0.000424601 0.999729753 0.023239506 -43.053573608 -0.098355934 -0.023085074 0.994883478 468.420684814
0.995263517 -0.002870932 0.097172536 47.752079010 0.000640154 0.999735713 0.022980284 -43.242279053 -0.097212829 -0.022809226 0.995002210 470.716857910
0.995332241 -0.003040204 0.096459106 48.063526154 0.000706812 0.999706447 0.024215430 -43.434482574 -0.096504405 -0.024034223 0.995042324 472.994598389
0.995344281 -0.003045299 0.096334338 48.365051270 0.000663709 0.999693632 0.024744514 -43.619369507 -0.096380159 -0.024565374 0.995041370 475.269226074
0.995394468 -0.002366127 0.095834695 48.667236328 0.000093663 0.999718904 0.023709891 -43.784576416 -0.095863841 -0.023591714 0.995114982 477.546295166
0.995404363 -0.002420093 0.095730454 48.971324921 0.000092386 0.999704421 0.024312191 -43.968147278 -0.095760994 -0.024191612 0.995110333 479.825378418
0.995438218 -0.002845033 0.095365979 49.282730103 0.000484821 0.999693334 0.024763033 -44.147987366 -0.095407195 -0.024603834 0.995134234 482.099517822
0.995436430 -0.003235828 0.095371790 49.578407288 0.000966632 0.999715567 0.023829769 -44.326347351 -0.095421761 -0.023628831 0.995156467 484.386535645
0.995519876 -0.003872264 0.094472617 49.889400482 0.001505491 0.999683559 0.025110900 -44.523048401 -0.094539948 -0.024856173 0.995210707 486.682708740
0.995593607 -0.004017044 0.093687057 50.197860718 0.001692693 0.999689043 0.024876023 -44.697360992 -0.093757868 -0.024607826 0.995290875 488.964813232
0.995615661 -0.003649906 0.093467236 50.498435974 0.001308872 0.999684155 0.025095660 -44.872512817 -0.093529306 -0.024863293 0.995306015 491.259674072
0.995704889 -0.003223176 0.092529297 50.807487488 0.000846691 0.999669075 0.025711374 -45.052974701 -0.092581548 -0.025522593 0.995377898 493.541961670
0.995669544 -0.002596537 0.092926517 51.092224121 0.000244932 0.999679625 0.025308536 -45.227725983 -0.092962489 -0.025176177 0.995351255 495.840698242
0.995715439 -0.002271873 0.092442282 51.403827667 -0.000018894 0.999693036 0.024772100 -45.412284851 -0.092470191 -0.024667708 0.995409846 498.153625488
0.995746136 -0.002293765 0.092110872 51.701080322 -0.000071986 0.999670386 0.025672201 -45.594787598 -0.092139386 -0.025569625 0.995417774 500.449218750
0.995736539 -0.002117342 0.092218034 51.990524292 -0.000282486 0.999661863 0.026002577 -45.778438568 -0.092241913 -0.025917768 0.995399237 502.727813721
0.995743394 -0.001024373 0.092163138 52.288356781 -0.001310446 0.999679804 0.025269456 -45.958320618 -0.092159517 -0.025282668 0.995423257 505.019836426
0.995730817 -0.000791109 0.092300996 52.578823090 -0.001616511 0.999660432 0.026006764 -46.138820648 -0.092290223 -0.026044944 0.995391428 507.309661865
0.995737255 -0.001395460 0.092224106 52.874687195 -0.000939704 0.999680161 0.025272269 -46.321811676 -0.092229865 -0.025251200 0.995417535 509.607360840
0.995786369 -0.001997240 0.091681555 53.183078766 -0.000397503 0.999659419 0.026094535 -46.506557465 -0.091702461 -0.026021026 0.995446444 511.904846191
0.995789766 -0.001590423 0.091652542 53.480449677 -0.000826765 0.999652922 0.026329380 -46.683692932 -0.091662616 -0.026294306 0.995442867 514.214355469
0.995802164 -0.001027541 0.091525622 53.778289795 -0.001369838 0.999657691 0.026126863 -46.863842010 -0.091521136 -0.026142564 0.995459914 516.520263672
0.995772183 0.000036234 0.091857024 54.067539215 -0.002423334 0.999662220 0.025875729 -47.045227051 -0.091825061 -0.025988935 0.995435894 518.814147949
0.995709777 0.001596850 0.092517354 54.357040405 -0.004038632 0.999648213 0.026211491 -47.232894897 -0.092442952 -0.026472677 0.995366037 521.151489258
0.995624900 0.003626916 0.093369029 54.656654358 -0.006115854 0.999633133 0.026384685 -47.412387848 -0.093239099 -0.026840279 0.995281935 523.482421875
0.995561898 0.004458140 0.094003297 54.958705902 -0.007073157 0.999596596 0.027503533 -47.582965851 -0.093842752 -0.028046371 0.995191932 525.799499512
0.995493233 0.003791068 0.094756484 55.253952026 -0.006419936 0.999602556 0.027453981 -47.758846283 -0.094614752 -0.027938588 0.995121837 528.099792480
0.995459080 0.002065767 0.095167339 55.557678223 -0.004821212 0.999575496 0.028732857 -47.933464050 -0.095067583 -0.029061204 0.995046496 530.415283203
0.995438516 0.000262397 0.095404722 55.878215790 -0.003004800 0.999586344 0.028602418 -48.110866547 -0.095357738 -0.028758621 0.995027542 532.734802246
0.995412409 0.000104496 0.095676549 56.187282562 -0.002799508 0.999603152 0.028034164 -48.286376953 -0.095635615 -0.028173408 0.995017767 535.046142578
0.995364428 -0.000328370 0.096174613 56.501388550 -0.002370420 0.999606609 0.027945759 -48.463470459 -0.096145958 -0.028044188 0.994972110 537.361083984
0.995277762 0.000137505 0.097067840 56.801681519 -0.002828871 0.999615312 0.027589573 -48.644653320 -0.097026698 -0.027733885 0.994895220 539.661315918
0.995183408 0.000885026 0.098025627 57.106204987 -0.003562307 0.999625266 0.027140396 -48.820926666 -0.097964868 -0.027358871 0.994813740 541.981140137
0.995088518 0.001140584 0.098982677 57.413326263 -0.003748802 0.999650478 0.026168253 -48.999031067 -0.098918237 -0.026410794 0.994745016 544.291992188
0.994973779 0.001106459 0.100129589 57.718845367 -0.003815401 0.999631763 0.026866894 -49.178005219 -0.100062989 -0.027113894 0.994611621 546.614807129
0.994894326 0.000774324 0.100918956 58.030803680 -0.003588447 0.999609649 0.027706429 -49.356796265 -0.100858085 -0.027927112 0.994508922 548.926513672
0.994826019 0.000513223 0.101592131 58.343463898 -0.003360808 0.999606192 0.027860403 -49.533634186 -0.101537824 -0.028057685 0.994435966 551.234863281
0.994861007 -0.000857721 0.101246685 58.674896240 -0.001884826 0.999633968 0.026989002 -49.708702087 -0.101232760 -0.027041137 0.994495213 553.549316406
0.994854569 -0.001175317 0.101306707 58.999301910 -0.001628004 0.999618173 0.027584493 -49.889068604 -0.101300456 -0.027607489 0.994472742 555.865905762
0.994798243 -0.000880757 0.101861164 59.315505981 -0.001980894 0.999606252 0.027989078 -50.065586090 -0.101845689 -0.028045263 0.994404733 558.176879883
0.994731426 -0.000197491 0.102515399 59.638504028 -0.002805744 0.999571085 0.029150426 -50.244606018 -0.102477193 -0.029284481 0.994304180 560.516174316
0.994708836 -0.000332438 0.102735065 59.968593597 -0.002754009 0.999549091 0.029899465 -50.419647217 -0.102698706 -0.030024190 0.994259238 562.849975586
0.994670928 -0.000189402 0.103100419 60.298789978 -0.002975447 0.999529064 0.030542111 -50.591186523 -0.103057630 -0.030686121 0.994202077 565.172668457
0.994649291 0.000640749 0.103306986 60.634929657 -0.003769384 0.999540031 0.030092450 -50.769660950 -0.103240199 -0.030320840 0.994194210 567.494934082
0.994668603 0.001479028 0.103112161 60.979858398 -0.004450955 0.999581099 0.028598148 -50.937393188 -0.103026658 -0.028904632 0.994258463 569.832763672
0.994632125 0.002023312 0.103455156 61.319465637 -0.005010942 0.999577582 0.028626751 -51.110168457 -0.103353545 -0.028991492 0.994222105 572.154113770
0.994623005 0.001697858 0.103548288 61.644279480 -0.004794099 0.999548554 0.029659867 -51.289058685 -0.103451192 -0.029996807 0.994182050 574.530883789
0.994614840 0.001671096 0.103627346 61.984138489 -0.004977984 0.999486327 0.031660944 -51.475254059 -0.103521205 -0.032006297 0.994112134 576.842712402
0.994498432 0.002205363 0.104727246 62.296932220 -0.005312132 0.999553740 0.029395670 -51.640701294 -0.104615681 -0.029790277 0.994066417 579.232849121
0.994539440 0.001483374 0.104350165 62.638111115 -0.004539475 0.999567568 0.029055584 -51.806922913 -0.104261935 -0.029370623 0.994116068 581.568420410
0.994488716 0.000837827 0.104841210 62.970214844 -0.004093627 0.999515831 0.030843256 -51.993328094 -0.104764618 -0.031102447 0.994010568 583.898559570
0.994556308 0.000975456 0.104197077 63.310089111 -0.004236686 0.999507844 0.031081928 -52.164630890 -0.104115471 -0.031354178 0.994070888 586.217651367
0.994486451 -0.001897274 0.104847871 63.644245148 -0.001237336 0.999554396 0.029823603 -52.343257904 -0.104857743 -0.029788900 0.994040906 588.571716309
0.994539678 -0.002120990 0.104336835 63.990600586 -0.000974511 0.999561071 0.029608421 -52.508850098 -0.104353830 -0.029548433 0.994101167 590.917663574
0.994539261 -0.003916897 0.104290679 64.324096680 0.000762025 0.999541342 0.030273443 -52.686149597 -0.104361422 -0.030028654 0.994086027 593.256469727
0.994575560 -0.004561211 0.103916295 64.670211792 0.001388919 0.999531388 0.030579304 -52.862174988 -0.104007058 -0.030269094 0.994115829 595.611877441
