1.000000000 0.000000000 0.000000000 0.000000000 0.000000000 1.000000000 0.000000000 0.000000000 0.000000000 0.000000000 1.000000000 0.000000000
0.999999821 0.000169315 0.000538066 0.087636977 -0.000169240 1.000000000 -0.000138917 -0.225774094 -0.000538089 0.000138826 0.999999821 2.298045397
0.999998987 0.000640030 0.001289026 0.163901180 -0.000640708 0.999999642 0.000525879 -0.465633929 -0.001288689 -0.000526704 0.999999046 4.591364861
0.999998450 0.000237447 0.001747993 0.262400359 -0.000238460 0.999999821 0.000579691 -0.695182264 -0.001747855 -0.000580107 0.999998331 6.882167816
0.999996364 0.000006790 0.002689169 0.353909254 -0.000003607 0.999999225 -0.001183631 -0.926798701 -0.002689176 0.001183617 0.999995649 9.178655624
0.999987066 0.001785270 0.004763907 0.445261270 -0.001786397 0.999998391 0.000232395 -1.163035750 -0.004763484 -0.000240902 0.999988675 11.484402657
0.999965310 0.003830126 0.007400012 0.531702042 -0.003840939 0.999991536 0.001447483 -1.393849134 -0.007394405 -0.001475855 0.999971569 13.792383194
0.999950051 0.003497983 0.009367244 0.643621922 -0.003533979 0.999986470 0.003828941 -1.620398998 -0.009353724 -0.003861853 0.999948800 16.063814163
0.999937773 0.003790941 0.010490716 0.759546578 -0.003839247 0.999982059 0.004588360 -1.843097568 -0.010473135 -0.004628351 0.999934435 18.416391373
0.999930859 0.002863810 0.011407551 0.885338008 -0.002917276 0.999984801 0.004673025 -2.067343950 -0.011393996 -0.004705980 0.999924004 20.704671860
0.999926925 0.000374189 0.012082597 0.995367646 -0.000404781 0.999996722 0.002529571 -2.299100399 -0.012081609 -0.002534276 0.999923825 23.020698547
0.999916434 -0.001866734 0.012792679 1.105476022 0.001859543 0.999998093 0.000573969 -2.520605803 -0.012793726 -0.000550132 0.999918044 25.301231384
0.999919355 -0.002594625 0.012433685 1.244576216 0.002595717 0.999996603 -0.000071732 -2.768707275 -0.012433459 0.000104001 0.999922693 27.611322403
0.999902785 -0.002241840 0.013765886 1.344954491 0.002253530 0.999997079 -0.000833764 -2.996848583 -0.013763977 0.000864705 0.999904811 29.896389008
0.999897122 0.000025998 0.014342203 1.468932390 -0.000045966 0.999999046 0.001391963 -3.226150751 -0.014342149 -0.001392479 0.999896169 32.186981201
0.999895453 0.002038764 0.014310086 1.599467754 -0.002091563 0.999991059 0.003675595 -3.448214769 -0.014302465 -0.003705142 0.999890804 34.468311310
0.999860704 0.004161030 0.016157055 1.709678054 -0.004291883 0.999958158 0.008072672 -3.686160088 -0.016122790 -0.008140894 0.999836862 36.781089783
0.999834895 0.005969750 0.017161118 1.823359728 -0.006099787 0.999952912 0.007535001 -3.903573513 -0.017115332 -0.007638437 0.999824345 39.054092407
0.999808908 0.004913011 0.018922567 1.929509640 -0.005027796 0.999969244 0.006023253 -4.109773159 -0.018892393 -0.006117241 0.999802828 41.348621368
0.999814570 0.002469187 0.019101068 2.055083275 -0.002567520 0.999983668 0.005125214 -4.335587978 -0.019088101 -0.005173306 0.999804437 43.624469757
0.999824226 0.001629549 0.018685579 2.199068308 -0.001701871 0.999991119 0.003855227 -4.558443069 -0.018679129 -0.003886349 0.999817967 45.871364594
0.999828398 0.000647742 0.018514469 2.329831600 -0.000705870 0.999994755 0.003133250 -4.790595055 -0.018512344 -0.003145781 0.999823689 48.149940491
0.999823093 -0.000748386 0.018787289 2.462949991 0.000683998 0.999993861 0.003433358 -5.017632008 -0.018789746 -0.003419901 0.999817610 50.427642822
0.999806821 -0.001374625 0.019608002 2.593225956 0.001299006 0.999991655 0.003868777 -5.240712643 -0.019613158 -0.003842559 0.999800265 52.692470551
0.999801695 -0.002678436 0.019734958 2.729446888 0.002601111 0.999988854 0.003942867 -5.470549583 -0.019745301 -0.003890752 0.999797463 54.972778320
0.999767065 -0.003174796 0.021348562 2.847951412 0.003082178 0.999985695 0.004369835 -5.702818871 -0.021362131 -0.004303017 0.999762535 57.267391205
0.999749541 -0.004403202 0.021939792 2.986502647 0.004295161 0.999978423 0.004969129 -5.926242828 -0.021961197 -0.004873650 0.999746919 59.534156799
0.999706328 -0.005942523 0.023487449 3.114642620 0.005845199 0.999974072 0.004210139 -6.147145271 -0.023511857 -0.004071615 0.999715209 61.801036835
0.999690652 -0.006580811 0.023986354 3.264972448 0.006480406 0.999970019 0.004261224 -6.373370171 -0.024013676 -0.004104464 0.999703228 64.054557800
0.999660552 -0.006091732 0.025330445 3.404434204 0.005970111 0.999970317 0.004874221 -6.596118450 -0.025359390 -0.004721342 0.999667168 66.326072693
0.999642551 -0.005199352 0.026223682 3.551455498 0.005062919 0.999973238 0.005266404 -6.822194576 -0.026250364 -0.005131753 0.999642253 68.588127136
0.999606073 -0.005237881 0.027570777 3.689426184 0.005107007 0.999975383 0.004815139 -7.044087887 -0.027595317 -0.004672438 0.999608397 70.843353271
0.999590158 -0.005907822 0.028010033 3.848970890 0.005808896 0.999976635 0.003611844 -7.268498421 -0.028030720 -0.003447657 0.999601126 73.098320007
0.999573350 -0.006897384 0.028381269 4.006669044 0.006788814 0.999969244 0.003919940 -7.494147301 -0.028407440 -0.003725592 0.999589503 75.382186890
0.999521852 -0.008139591 0.029831214 4.162127495 0.008037615 0.999961436 0.003536780 -7.725187302 -0.029858854 -0.003295318 0.999548733 77.646919250
0.999523282 -0.008924067 0.029553888 4.322874069 0.008835888 0.999956071 0.003112942 -7.953319550 -0.029580373 -0.002850325 0.999558330 79.906150818
0.999491930 -0.009377408 0.030459449 4.470448494 0.009298391 0.999953091 0.002734812 -8.169996262 -0.030483665 -0.002450200 0.999532282 82.161300659
0.999478698 -0.008553661 0.031131536 4.643918037 0.008478711 0.999960840 0.002538729 -8.398558617 -0.031152040 -0.002273451 0.999512076 84.445175171
0.999431193 -0.008326220 0.032679271 4.801236629 0.008234241 0.999961734 0.002948193 -8.616696358 -0.032702565 -0.002677427 0.999461532 86.701049805
0.999435246 -0.008159003 0.032595765 4.974831581 0.008018911 0.999957979 0.004426298 -8.852065086 -0.032630511 -0.004162414 0.999458909 88.987030029
0.999408484 -0.007327720 0.033601206 5.134799004 0.007162214 0.999961615 0.005043307 -9.078609467 -0.033636879 -0.004799664 0.999422610 91.244781494
0.999382436 -0.007309631 0.034370445 5.301696777 0.007143908 0.999962270 0.004942019 -9.299853325 -0.034405272 -0.004693428 0.999396920 93.497520447
0.999364972 -0.007557785 0.034821603 5.470144272 0.007417224 0.999963820 0.004164024 -9.514966965 -0.034851823 -0.003903100 0.999384880 95.754508972
0.999333560 -0.008202849 0.035569016 5.640035629 0.008042432 0.999956846 0.004650740 -9.737247467 -0.035605628 -0.004361581 0.999356389 98.014137268
0.999307394 -0.008178306 0.036300164 5.803023815 0.008032165 0.999959052 0.004169916 -9.968475342 -0.036332771 -0.003875459 0.999332190 100.251258850
0.999262810 -0.008458220 0.037447728 5.967535973 0.008266657 0.999952078 0.005267362 -10.185474396 -0.037490483 -0.004953912 0.999284625 102.495155334
0.999235570 -0.008737070 0.038104780 6.153407097 0.008553172 0.999951005 0.004986510 -10.404600143 -0.038146492 -0.004656781 0.999261260 104.748336792
0.999209881 -0.009776990 0.038523294 6.325083256 0.009563715 0.999937952 0.005716593 -10.632835388 -0.038576785 -0.005343652 0.999241352 107.022277832
0.999177098 -0.011201688 0.038980830 6.507445335 0.010978437 0.999922097 0.005936580 -10.850174904 -0.039044295 -0.005503747 0.999222279 109.273437500
0.999143302 -0.012188850 0.039548706 6.689327240 0.011933059 0.999906301 0.006697360 -11.073678970 -0.039626628 -0.006219685 0.999195218 111.535598755
0.999118567 -0.012897616 0.039946582 6.876718044 0.012695301 0.999905229 0.005314211 -11.295085907 -0.040011339 -0.004802393 0.999187708 113.803031921
0.999076426 -0.013271597 0.040868033 7.057838440 0.013098975 0.999904156 0.004488770 -11.515609741 -0.040923692 -0.003949295 0.999154568 116.056373596
0.999043286 -0.013747416 0.041514933 7.238478661 0.013555366 0.999896049 0.004904062 -11.743366241 -0.041578040 -0.004336620 0.999125838 118.309402466
0.998993397 -0.014145567 0.042568915 7.425249577 0.013911938 0.999886453 0.005779479 -11.969180107 -0.042645838 -0.005181446 0.999076843 120.575691223
0.998983979 -0.015120702 0.042453520 7.630940437 0.014871638 0.999870300 0.006176416 -12.191581726 -0.042541403 -0.005538786 0.999079347 122.785072327
0.998906672 -0.015957048 0.043941498 7.818939209 0.015706433 0.999858320 0.006042751 -12.421280861 -0.044031702 -0.005345980 0.999015749 125.088340759
0.998861790 -0.016748335 0.044659346 8.000409126 0.016530745 0.999849558 0.005237133 -12.645300865 -0.044740342 -0.004492918 0.998988569 127.358688354
0.998840153 -0.018374948 0.044504598 8.188983917 0.018138437 0.999819160 0.005712376 -12.864723206 -0.044601515 -0.004898507 0.998992860 129.618240356
0.998855531 -0.019436937 0.043701697 8.374142647 0.019193938 0.999797940 0.005973191 -13.080202103 -0.043808963 -0.005127548 0.999026716 131.863800049
0.998913288 -0.019689787 0.042242803 8.569707870 0.019406674 0.999786437 0.007101743 -13.297072411 -0.042373613 -0.006274234 0.999082088 134.100509644
0.998962402 -0.020661371 0.040586267 8.750619888 0.020396193 0.999767900 0.006937045 -13.518872261 -0.040720183 -0.006102043 0.999151945 136.335052490
0.999036312 -0.021461792 0.038285870 8.960649490 0.021224622 0.999753058 0.006590531 -13.732948303 -0.038417861 -0.005771577 0.999245107 138.563430786
0.999011874 -0.022313904 0.038436830 9.121656418 0.022068834 0.999733329 0.006788469 -13.962223053 -0.038578060 -0.005933505 0.999237955 140.842498779
0.999004483 -0.022714844 0.038396023 9.291611671 0.022472415 0.999724805 0.006733800 -14.168356895 -0.038538415 -0.005864245 0.999239922 143.075454712
0.999044180 -0.022666199 0.037376624 9.476363182 0.022368850 0.999714851 0.008354632 -14.399880409 -0.037555333 -0.007510574 0.999266267 145.317382812
0.999063671 -0.021770822 0.037386425 9.648901939 0.021519694 0.999743164 0.007106502 -14.611881256 -0.037531525 -0.006295305 0.999275625 147.565231323
0.999081731 -0.020659575 0.037538268 9.824681282 0.020465160 0.999775112 0.005556071 -14.827827454 -0.037644610 -0.004782741 0.999279857 149.819656372
0.999097407 -0.018979911 0.038000483 9.996007919 0.018809285 0.999811351 0.004842550 -15.049015999 -0.038085230 -0.004123417 0.999265969 152.073074341
0.999110997 -0.018113216 0.038066950 10.176754951 0.017941711 0.999827325 0.004842065 -15.265453339 -0.038148087 -0.004154775 0.999263406 154.311538696
0.999105394 -0.017211961 0.038626209 10.353940964 0.017014546 0.999840498 0.005433663 -15.485592842 -0.038713563 -0.004771595 0.999238908 156.579849243
0.999107897 -0.016594648 0.038832568 10.545057297 0.016355475 0.999845326 0.006468722 -15.706220627 -0.038933907 -0.005827826 0.999224842 158.809478760
0.999045670 -0.016164392 0.040576905 10.696279526 0.015861817 0.999843955 0.007767910 -15.931060791 -0.040696137 -0.007116874 0.999146163 161.100784302
0.999017000 -0.014983477 0.041719675 10.874921799 0.014575916 0.999843180 0.010056094 -16.151203156 -0.041863810 -0.009438106 0.999078751 163.333724976
0.998998344 -0.014706119 0.042264175 11.066978455 0.014356961 0.999860346 0.008553089 -16.352540970 -0.042384058 -0.007937735 0.999069870 165.632202148
0.998964906 -0.013889287 0.043318145 11.258639336 0.013580858 0.999880373 0.007406378 -16.566894531 -0.043415830 -0.006810413 0.999033809 167.887680054
0.998893321 -0.011955778 0.045487296 11.440378189 0.011621855 0.999903619 0.007598408 -16.780445099 -0.045573752 -0.007061353 0.998936057 170.125457764
0.998798609 -0.011603997 0.047608916 11.644889832 0.011240385 0.999905646 0.007898102 -17.003278732 -0.047696073 -0.007353474 0.998834789 172.428634644
0.998674750 -0.011819783 0.050090794 11.841048241 0.011458615 0.999906301 0.007491326 -17.214210510 -0.050174646 -0.006907427 0.998716593 174.708145142
0.998596787 -0.011678041 0.051651109 12.047842979 0.011277867 0.999904096 0.008032346 -17.430322647 -0.051739961 -0.007438563 0.998632908 176.969879150
0.998549402 -0.012075246 0.052474111 12.246665001 0.011627645 0.999893427 0.008826912 -17.639625549 -0.052575111 -0.008203958 0.998583257 179.191116333
0.998542607 -0.013500577 0.052253541 12.466740608 0.013051493 0.999874949 0.008926026 -17.863653183 -0.052367516 -0.008231029 0.998593986 181.471755981
0.998499691 -0.014253192 0.052869875 12.662654877 0.013813180 0.999866903 0.008678646 -18.073358536 -0.052986532 -0.007935325 0.998563707 183.717224121
0.998562455 -0.015825609 0.051210321 12.893450737 0.015398915 0.999843538 0.008715987 -18.301395416 -0.051340241 -0.007914875 0.998649776 185.982818604
0.998558819 -0.017691389 0.050668925 13.099804878 0.017231625 0.999806404 0.009496456 -18.516057968 -0.050827123 -0.008609662 0.998670340 188.236206055
0.998566031 -0.018526349 0.050227012 13.307447433 0.018096130 0.999795675 0.009006870 -18.723958969 -0.050383605 -0.008085039 0.998697221 190.479415894
0.998526216 -0.019798722 0.050530758 13.504525185 0.019372627 0.999772668 0.008908310 -18.943223953 -0.050695647 -0.007916269 0.998682737 192.730560303
0.998484254 -0.020992778 0.050876532 13.690977097 0.020582445 0.999751449 0.008575867 -19.152198792 -0.051043909 -0.007515705 0.998668134 194.968978882
0.998521328 -0.021573167 0.049897306 13.926998138 0.021155750 0.999736905 0.008878578 -19.380807877 -0.050075706 -0.007809834 0.998714805 197.233047485
0.998545408 -0.019365897 0.050322231 14.127305984 0.018944677 0.999781489 0.008834029 -19.588294983 -0.050482318 -0.007867838 0.998693943 199.475753784
0.998566091 -0.017383564 0.050631680 14.326944351 0.016968884 0.999818981 0.008608545 -19.803224564 -0.050772153 -0.007737038 0.998680294 201.710571289
0.998543561 -0.016903570 0.051234890 14.534411430 0.016526816 0.999833167 0.007768272 -20.012569427 -0.051357649 -0.006910208 0.998656511 203.970733643
0.998505533 -0.017048897 0.051923461 14.731493950 0.016626462 0.999825120 0.008556861 -20.221183777 -0.052060261 -0.007680771 0.998614371 206.196685791
0.998482525 -0.018720323 0.051789977 14.965452194 0.018294174 0.999795020 0.008690258 -20.444805145 -0.051942036 -0.007729619 0.998620152 208.462142944
0.998423636 -0.018330332 0.053048495 15.168292999 0.017893797 0.999802172 0.008692275 -20.644556046 -0.053197335 -0.007729332 0.998554170 210.706558228
0.998361409 -0.018920314 0.054004967 15.396722794 0.018394500 0.999778569 0.010216977 -20.876335144 -0.054186326 -0.009206841 0.998488307 212.955886841
0.998307645 -0.017502470 0.055457078 15.628261566 0.016941816 0.999800682 0.010563766 -21.086502075 -0.055630922 -0.009606344 0.998405099 215.188018799
0.998134911 -0.015487557 0.059049897 15.821703911 0.014895930 0.999834418 0.010446213 -21.286643982 -0.059201904 -0.009547126 0.998200357 217.442565918
0.998000085 -0.015487723 0.061284862 16.045398712 0.014851863 0.999831200 0.010817494 -21.494174957 -0.061442055 -0.009885668 0.998061657 219.687698364
0.997870624 -0.016947586 0.062984325 16.277570724 0.016262868 0.999803126 0.011368027 -21.698745728 -0.063164569 -0.010319514 0.997949779 221.922622681
0.997759521 -0.018343214 0.064338490 16.508358002 0.017592989 0.999770701 0.012207899 -21.902112961 -0.064547688 -0.011048643 0.997853398 224.158523560
0.997676909 -0.020336850 0.065017261 16.753082275 0.019618563 0.999739468 0.011667117 -22.113466263 -0.065237574 -0.010364469 0.997815907 226.392730713
0.997639835 -0.021731975 0.065134495 16.993257523 0.021044035 0.999715507 0.011229454 -22.313661575 -0.065360002 -0.009832259 0.997813284 228.649642944
0.997582138 -0.021958098 0.065937608 17.227199554 0.021247741 0.999708593 0.011455208 -22.517656326 -0.066169955 -0.010026487 0.997757912 230.891189575
0.997527719 -0.023344448 0.066283196 17.473320007 0.022686668 0.999685824 0.010659323 -22.725334167 -0.066511191 -0.009129223 0.997743905 233.143585205
0.997469842 -0.024290161 0.066812322 17.710767746 0.023551567 0.999652803 0.011820425 -22.927467346 -0.067076243 -0.010216983 0.997695565 235.380233765
0.997500777 -0.023495972 0.066634506 17.990310669 0.022757810 0.999671102 0.011815395 -23.136190414 -0.066890202 -0.010269411 0.997707427 237.659133911
0.997463226 -0.023513289 0.067187637 18.227809906 0.022783635 0.999673069 0.011605693 -23.334012985 -0.067438565 -0.010045474 0.997672796 239.890289307
0.997424126 -0.023649925 0.067718208 18.469964981 0.022885829 0.999665618 0.012037139 -23.541301727 -0.067980260 -0.010456345 0.997631848 242.125610352
0.997380495 -0.023816623 0.068300463 18.712453842 0.023048367 0.999662101 0.012014374 -23.738929749 -0.068563521 -0.010408688 0.997592390 244.369445801
0.997343421 -0.024064967 0.068752192 18.958173752 0.023338599 0.999663174 0.011348886 -23.949741364 -0.069002137 -0.009714158 0.997569203 246.606140137
0.997360706 -0.023527773 0.068688512 19.213602066 0.022853324 0.999682724 0.010588337 -24.157596588 -0.068915829 -0.008990630 0.997581899 248.848709106
0.997333765 -0.023898678 0.068950526 19.461147308 0.023178408 0.999668300 0.011227492 -24.369060516 -0.069195963 -0.009599394 0.997556925 251.091445923
0.997295380 -0.024843063 0.069172196 19.712650299 0.024139469 0.999648213 0.010989124 -24.573648453 -0.069420882 -0.009289623 0.997544229 253.325180054
0.997299850 -0.024632256 0.069182701 19.971607208 0.023885788 0.999647439 0.011596461 -24.779251099 -0.069443971 -0.009912665 0.997536600 255.584274292
0.997258067 -0.025379252 0.069514237 20.213333130 0.024616063 0.999627173 0.011813707 -24.987731934 -0.069788128 -0.010070148 0.997511029 257.813507080
0.997234106 -0.025483616 0.069819637 20.473121643 0.024682269 0.999619484 0.012316315 -25.194137573 -0.070106931 -0.010558943 0.997483611 260.079772949
0.997208297 -0.025054475 0.070341364 20.728199005 0.024282359 0.999635398 0.011810509 -25.395606995 -0.070611611 -0.010069483 0.997453034 262.323669434
0.997188330 -0.025063636 0.070620261 20.986043930 0.024332091 0.999641120 0.011200316 -25.597101212 -0.070875645 -0.009450487 0.997440398 264.582580566
0.997168124 -0.024293952 0.071171597 21.242246628 0.023601646 0.999665856 0.010552218 -25.803501129 -0.071404174 -0.008842570 0.997408271 266.820617676
0.997097909 -0.023597214 0.072380580 21.496276855 0.022885751 0.999681413 0.010643255 -26.006937027 -0.072608687 -0.008955885 0.997320235 269.069030762
0.996990681 -0.023345295 0.073922493 21.744350433 0.022640660 0.999690056 0.010355907 -26.225984573 -0.074141324 -0.008651089 0.997210205 271.327697754
0.996917367 -0.024021724 0.074691154 22.018228531 0.023292685 0.999672413 0.010616640 -26.435874939 -0.074921712 -0.008844155 0.997150183 273.579254150
0.996712983 -0.024650974 0.077171974 22.263013840 0.023873331 0.999654651 0.010983276 -26.633710861 -0.077416092 -0.009104823 0.996957242 275.835205078
0.996591449 -0.024596069 0.078743868 22.532766342 0.023715368 0.999645591 0.012100264 -26.830883026 -0.079013586 -0.010191580 0.996821404 278.076629639
0.996545732 -0.023951523 0.079515271 22.817304611 0.022917107 0.999640763 0.013896313 -27.052722931 -0.079819538 -0.012026053 0.996736765 280.342651367
0.996458590 -0.023642175 0.080693439 23.096149445 0.022513218 0.999635875 0.014872045 -27.256927490 -0.081015669 -0.013002708 0.996627986 282.579986572
0.996380925 -0.022660326 0.081925511 23.365697861 0.021505706 0.999657094 0.014948710 -27.451704025 -0.082236148 -0.013132744 0.996526361 284.835205078
0.996269286 -0.021632984 0.083543345 23.630308151 0.020494595 0.999685466 0.014460052 -27.646327972 -0.083829887 -0.012693919 0.996399164 287.066009521
0.996251762 -0.021042567 0.083902515 23.906414032 0.019967569 0.999707639 0.013631208 -27.845909119 -0.084164828 -0.011904784 0.996380746 289.312927246
0.996185660 -0.021841617 0.084481068 24.178140640 0.020743651 0.999688804 0.013852733 -28.049728394 -0.084757350 -0.012047449 0.996328831 291.539886475
0.996146321 -0.021476647 0.085036650 24.441234589 0.020420661 0.999703348 0.013268554 -28.252498627 -0.085296392 -0.011480915 0.996289492 293.800109863
0.996160448 -0.021975918 0.084743060 24.724401474 0.021008672 0.999703765 0.012288920 -28.448671341 -0.084988028 -0.010461397 0.996327043 296.036590576
0.996148527 -0.021896325 0.084903724 25.002346039 0.020935887 0.999706566 0.012186117 -28.650844574 -0.085145645 -0.010361649 0.996314645 298.278167725
0.996166945 -0.021081403 0.084893577 25.283977509 0.020103715 0.999721587 0.012355192 -28.850252151 -0.085130416 -0.010601159 0.996313393 300.517608643
0.996097684 -0.021108042 0.085696116 25.546766281 0.020040642 0.999710739 0.013297014 -29.058071136 -0.085951999 -0.011527720 0.996232569 302.764648438
0.996107280 -0.021701239 0.085434452 25.834051132 0.020619199 0.999695778 0.013527357 -29.260040283 -0.085702047 -0.011713108 0.996251881 305.014831543
0.996070325 -0.020875562 0.086070441 26.116128922 0.019743249 0.999707282 0.013986010 -29.462747574 -0.086337209 -0.012231739 0.996190906 307.260803223
0.996053994 -0.021472646 0.086113669 26.397771835 0.020350149 0.999696374 0.013891869 -29.668153763 -0.086385816 -0.012084625 0.996188462 309.513275146
0.996011555 -0.022842871 0.086250164 26.682863235 0.021680411 0.999661386 0.014390677 -29.866821289 -0.086549677 -0.012463342 0.996169567 311.769744873
0.995967209 -0.022586174 0.086829640 26.964120865 0.021479988 0.999676049 0.013653094 -30.066820145 -0.087109879 -0.011732933 0.996129572 314.009704590
0.995996118 -0.022292381 0.086571798 27.257083893 0.021112606 0.999671638 0.014519581 -30.271274567 -0.086867042 -0.012633691 0.996139824 316.261535645
0.995956302 -0.020466547 0.087476492 27.539487839 0.019344641 0.999719620 0.013653878 -30.472240448 -0.087731421 -0.011906466 0.996072948 318.509277344
0.995952487 -0.018745536 0.087904543 27.819696426 0.017561305 0.999744594 0.014225969 -30.671245575 -0.088148750 -0.012624670 0.996027291 320.759857178
0.995887220 -0.017319160 0.088932432 28.097288132 0.016136507 0.999771714 0.014000182 -30.872369766 -0.089154609 -0.012507540 0.995939255 322.993774414
0.995830476 -0.016393244 0.089737460 28.376100540 0.015154740 0.999780536 0.014465469 -31.066978455 -0.089954898 -0.013045208 0.995860398 325.231170654
0.995847404 -0.016005497 0.089620329 28.673902512 0.014637734 0.999766469 0.015898298 -31.276226044 -0.089853860 -0.014520440 0.995849133 327.458923340
0.995796382 -0.016484840 0.090100296 28.955644608 0.015107923 0.999758899 0.015942750 -31.481439590 -0.090341367 -0.014514506 0.995805085 329.700195312
0.995795310 -0.018031280 0.089814410 29.253965378 0.016736237 0.999745131 0.015151450 -31.676700592 -0.090064727 -0.013584586 0.995843232 331.944030762
0.995809555 -0.017850496 0.089692026 29.541175842 0.016572913 0.999750614 0.014968748 -31.876678467 -0.089936875 -0.013419562 0.995857060 334.158630371
0.995773554 -0.017979274 0.090065725 29.826622009 0.016575484 0.999729693 0.016310105 -32.072227478 -0.090334609 -0.014748290 0.995802283 336.391326904
0.995816648 -0.018641599 0.089452147 30.131803513 0.017258342 0.999719620 0.016212322 -32.264778137 -0.089729294 -0.014600705 0.995859146 338.631683350
0.995821595 -0.018580617 0.089409679 30.417627335 0.017170349 0.999716103 0.016516561 -32.464637756 -0.089691192 -0.014912352 0.995857954 340.876037598
0.995872080 -0.018489763 0.088864297 30.717325211 0.017107856 0.999720991 0.016287379 -32.663917542 -0.089140631 -0.014699868 0.995910585 343.118804932
0.995886445 -0.018596046 0.088681489 31.005081177 0.017169377 0.999711037 0.016823398 -32.858100891 -0.088968746 -0.015231590 0.995917976 345.358367920
0.995912910 -0.018309364 0.088443339 31.291435242 0.016877960 0.999714613 0.016905243 -33.050094604 -0.088727631 -0.015343407 0.995937705 347.595977783
0.995962381 -0.018244676 0.087898277 31.580522537 0.016822368 0.999715686 0.016895084 -33.243835449 -0.088181555 -0.015348208 0.995986164 349.844055176
0.995968044 -0.017797368 0.087925874 31.863281250 0.016341971 0.999717712 0.017244795 -33.440475464 -0.088207975 -0.015738385 0.995977700 352.088439941
0.996010721 -0.018020971 0.087394111 32.150287628 0.016539218 0.999707460 0.017649418 -33.631496429 -0.087686613 -0.016133578 0.996017396 354.315765381
0.996031463 -0.017616877 0.087240554 32.432941437 0.016180741 0.999722123 0.017141746 -33.825668335 -0.087518297 -0.015662102 0.996039808 356.556182861
0.996089756 -0.017878629 0.086518899 32.724140167 0.016419131 0.999711156 0.017551493 -34.017597198 -0.086807720 -0.016062297 0.996095598 358.791778564
0.996142566 -0.017585047 0.085969195 33.012680054 0.016054699 0.999700606 0.018460317 -34.212280273 -0.086268082 -0.017008897 0.996126771 361.042144775
0.996184766 -0.017783489 0.085437678 33.300987244 0.016251804 0.999695122 0.018589742 -34.408027649 -0.085742213 -0.017130302 0.996170104 363.285858154
0.996238112 -0.017707290 0.084828660 33.589725494 0.016151946 0.999689221 0.018986536 -34.598224640 -0.085138492 -0.017544961 0.996214569 365.524566650
0.996276498 -0.017802954 0.084357716 33.872028351 0.016309528 0.999698400 0.018359693 -34.788825989 -0.084659129 -0.016915495 0.996266365 367.777801514
0.996290505 -0.018393921 0.084064171 34.153057098 0.016917290 0.999690413 0.018244246 -34.982921600 -0.084373727 -0.016754434 0.996293247 370.028656006
0.996279418 -0.018345602 0.084206142 34.428119659 0.016946703 0.999706745 0.017297644 -35.169086456 -0.084498771 -0.015806267 0.996298254 372.295806885
0.996338546 -0.018068621 0.083564684 34.710239410 0.016685896 0.999712586 0.017215732 -35.366577148 -0.083851740 -0.015758345 0.996353626 374.538421631
0.996428668 -0.018072417 0.082483530 34.999382019 0.016654970 0.999702215 0.017840479 -35.556331635 -0.082781374 -0.016403001 0.996432722 376.784210205
0.996349096 -0.017631145 0.083532497 35.265014648 0.016138949 0.999698639 0.018505404 -35.749889374 -0.083833575 -0.017089715 0.996333182 379.037292480
0.996342540 -0.018238863 0.083479539 35.543685913 0.016719854 0.999682307 0.018859329 -35.946403503 -0.083797008 -0.017394589 0.996331036 381.282867432
0.996361136 -0.018263422 0.083252400 35.828090668 0.016744070 0.999680936 0.018911788 -36.131080627 -0.083571218 -0.017448984 0.996349037 383.541076660
0.996368408 -0.017533131 0.083322361 36.109626770 0.015981562 0.999686956 0.019251954 -36.325286865 -0.083633833 -0.017850414 0.996336579 385.792663574
0.996387541 -0.016579203 0.083287917 36.392868042 0.015023557 0.999701440 0.019270092 -36.508522034 -0.083582528 -0.017949201 0.996339142 388.055541992
0.996407807 -0.015507532 0.083252773 36.676918030 0.013950347 0.999717295 0.019253572 -36.705619812 -0.083527811 -0.018023005 0.996342421 390.324157715
0.996397734 -0.014067580 0.083627775 36.951515198 0.012501587 0.999737144 0.019220026 -36.898143768 -0.083876155 -0.018105311 0.996311665 392.600769043
0.996402860 -0.012580224 0.083803676 37.227474213 0.010896578 0.999730110 0.020517565 -37.085906982 -0.084039174 -0.019530587 0.996271014 394.862945557
0.996351123 -0.011801021 0.084529161 37.501483917 0.010081239 0.999733984 0.020743495 -37.273914337 -0.084751472 -0.019815646 0.996205091 397.132232666
0.996274292 -0.011241632 0.085505448 37.776969910 0.009616779 0.999765635 0.019391127 -37.470211029 -0.085703410 -0.018496593 0.996149004 399.401733398
0.996229529 -0.011248981 0.086024478 38.055870056 0.009672699 0.999777913 0.018718574 -37.659725189 -0.086215928 -0.017815910 0.996117175 401.669067383
0.996103585 -0.012215793 0.087340318 38.329921722 0.010535972 0.999751031 0.019668255 -37.844596863 -0.087558836 -0.018671406 0.995984316 403.918640137
0.996095419 -0.014048669 0.087158225 38.615043640 0.012254565 0.999702692 0.021085480 -38.040081024 -0.087428525 -0.019935070 0.995971322 406.201232910
0.996050537 -0.014443590 0.087605111 38.896377563 0.012642626 0.999697983 0.021077920 -38.227668762 -0.087883085 -0.019887118 0.995932341 408.455627441
0.995999098 -0.013415950 0.088350475 39.191795349 0.011692392 0.999731600 0.019996934 -38.406677246 -0.088595040 -0.018883897 0.995888710 410.709564209
0.995958567 -0.012488480 0.088940792 39.485179901 0.010723958 0.999736607 0.020289578 -38.599235535 -0.089170747 -0.019253783 0.995830238 412.969573975
0.995897353 -0.011153555 0.089800313 39.769565582 0.009413925 0.999760211 0.019772515 -38.786003113 -0.089999326 -0.018846020 0.995763481 415.216491699
0.995797992 -0.009818727 0.091048457 40.060150146 0.008058785 0.999773920 0.019677244 -38.972007751 -0.091221079 -0.018860824 0.995651960 417.488708496
0.995782733 -0.010046977 0.091190934 40.368175507 0.008290850 0.999773145 0.019616118 -39.163990021 -0.091367342 -0.018777339 0.995640218 419.743927002
0.995667458 -0.009977762 0.092448644 40.655212402 0.008196396 0.999773741 0.019628430 -39.350395203 -0.092623569 -0.018785642 0.995523930 421.996307373
0.995580077 -0.009966933 0.093386129 40.941135406 0.008195055 0.999779403 0.019338001 -39.540939331 -0.093558282 -0.018487226 0.995442092 424.251678467
0.995525241 -0.010388922 0.093923301 41.241859436 0.008493945 0.999752700 0.020553131 -39.731639862 -0.094113603 -0.019663379 0.995367229 426.522644043
0.995471954 -0.009610566 0.094568536 41.535717010 0.007651499 0.999748945 0.021056717 -39.917404175 -0.094747156 -0.020237777 0.995295584 428.779083252
0.995395780 -0.008894879 0.095435761 41.840602875 0.006832713 0.999736547 0.021912986 -40.104625702 -0.095605522 -0.021160010 0.995194435 431.060516357
0.995405674 -0.009587320 0.095265709 42.146347046 0.007511841 0.999727011 0.022121016 -40.299861908 -0.095451795 -0.021303765 0.995205998 433.330871582
0.995357335 -0.010237420 0.095702298 42.455669403 0.008209508 0.999733865 0.021559559 -40.493999481 -0.095897533 -0.020673798 0.995176435 435.601745605
0.995368838 -0.009335372 0.095674627 42.768814087 0.007306677 0.999741375 0.021532554 -40.666172028 -0.095850907 -0.020733768 0.995179653 437.867889404
0.995311141 -0.009851894 0.096221164 43.076343536 0.007771241 0.999728262 0.021974528 -40.856323242 -0.096411511 -0.021123735 0.995117307 440.157257080
0.995361507 -0.009734533 0.095711239 43.394203186 0.007643519 0.999724507 0.022189522 -41.040164948 -0.095900886 -0.021355022 0.995161772 442.429077148
0.995358288 -0.009411491 0.095776767 43.714511871 0.007216903 0.999704003 0.023234231 -41.245025635 -0.095967092 -0.022435172 0.995131612 444.698333740
0.995311916 -0.009894280 0.096209846 44.025508881 0.007685488 0.999698937 0.023301585 -41.425495148 -0.096411414 -0.022452924 0.995088279 446.980224609
0.995296717 -0.009587342 0.096398003 44.329570770 0.007420966 0.999712467 0.022806695 -41.609878540 -0.096588939 -0.021984065 0.995081484 449.245910645
0.995318711 -0.008868176 0.096239105 44.640449524 0.006740819 0.999726176 0.022407580 -41.795749664 -0.096411467 -0.021653960 0.995105982 451.506713867
0.995249391 -0.008268823 0.097006269 44.941539764 0.006152083 0.999736726 0.022099515 -41.985584259 -0.097163484 -0.021397734 0.995038390 453.768249512
0.995192409 -0.007671517 0.097638153 45.246601105 0.005528166 0.999738097 0.022203619 -42.163208008 -0.097782925 -0.021557108 0.994974256 456.046966553
0.995150208 -0.007475189 0.098082729 45.547248840 0.005351677 0.999745965 0.021895470 -42.354827881 -0.098221466 -0.021264374 0.994937360 458.305725098
0.995183468 -0.006300668 0.097827509 45.872352600 0.004257585 0.999768734 0.021079276 -42.539592743 -0.097937666 -0.020561239 0.994980097 460.594360352
0.995175421 -0.005492115 0.097958885 46.187248230 0.003395091 0.999761760 0.021561047 -42.728294373 -0.098053977 -0.021124445 0.994956791 462.883666992
0.995184898 -0.005225425 0.097875215 46.496986389 0.002985318 0.999730468 0.023019863 -42.916446686 -0.097969107 -0.022616835 0.994932413 465.160858154
0.995222986 -0.005376231 0.097479582 46.802616119 0.003124857 0.999725163 0.023233842 -43.095947266 -0.097577706 -0.022818245 0.994966269 467.429229736
0.995354712 -0.005715875 0.096105732 47.127887726 0.003594293 0.999746442 0.022234142 -43.282283783 -0.096208423 -0.021785425 0.995122910 469.717773438
0.995423138 -0.005374363 0.095413879 47.443996429 0.003304280 0.999755979 0.021840574 -43.471664429 -0.095507957 -0.021425342 0.995198011 472.008789062
0.995512009 -0.005982601 0.094445907 47.751274109 0.003820151 0.999726713 0.023060398 -43.664783478 -0.094558075 -0.022596104 0.995262861 474.293395996
0.995449364 -0.006168621 0.095091917 48.039676666 0.003982026 0.999723732 0.023167176 -43.847717285 -0.095208533 -0.022683091 0.995198905 476.576110840
0.995540500 -0.005617924 0.094167449 48.340366364 0.003503326 0.999738336 0.022606015 -44.019554138 -0.094269805 -0.022175306 0.995299697 478.864410400
0.995581985 -0.005719339 0.093722083 48.646759033 0.003558034 0.999724269 0.023211682 -44.204540253 -0.093828984 -0.022775661 0.995327771 481.148345947
0.995622993 -0.006081754 0.093262322 48.954547882 0.003884339 0.999710977 0.023725096 -44.387001038 -0.093379669 -0.023258990 0.995358884 483.422363281
0.995618939 -0.006555486 0.093273960 49.246768951 0.004425025 0.999724984 0.023029417 -44.569858551 -0.093399279 -0.022515781 0.995374143 485.711242676
0.995704949 -0.006971381 0.092319682 49.554096222 0.004786308 0.999703646 0.023868836 -44.763053894 -0.092458718 -0.023324452 0.995443285 488.016265869
0.995762587 -0.006976661 0.091695905 49.856781006 0.004815723 0.999705911 0.023766510 -44.941467285 -0.091834746 -0.023224222 0.995503366 490.302764893
0.995770633 -0.006349314 0.091654696 50.150650024 0.004174460 0.999705613 0.023901019 -45.117378235 -0.091779470 -0.023417322 0.995503962 492.599517822
0.995829642 -0.005890956 0.091041543 50.456520081 0.003674422 0.999693215 0.024494870 -45.299835205 -0.091157921 -0.024058191 0.995545745 494.889251709
0.995812774 -0.005708174 0.091237947 50.741954803 0.003510946 0.999700367 0.024224780 -45.481925964 -0.091348894 -0.023803011 0.995534420 497.195495605
0.995842397 -0.005331743 0.090936944 51.049930573 0.003180542 0.999711990 0.023784494 -45.672126770 -0.091037586 -0.023396377 0.995572567 499.514862061
0.995856583 -0.005282488 0.090783298 51.341060638 0.003059033 0.999692380 0.024613608 -45.854553223 -0.090885378 -0.024233915 0.995566547 501.808166504
0.995872438 -0.005034345 0.090623856 51.631443024 0.002780398 0.999684095 0.024980532 -46.039886475 -0.090720974 -0.024625454 0.995571852 504.081939697
0.995888233 -0.004072090 0.090498857 51.923225403 0.001881532 0.999703467 0.024277514 -46.222713470 -0.090570904 -0.024007412 0.995600522 506.369232178
0.995862544 -0.003514720 0.090803780 52.206985474 0.001264861 0.999691069 0.024822829 -46.406009674 -0.090862967 -0.024605272 0.995559394 508.661010742
0.995882690 -0.004104772 0.090558648 52.504768372 0.001943230 0.999711394 0.023944238 -46.591033936 -0.090630807 -0.023669681 0.995603204 510.951934814
0.995909154 -0.004666780 0.090238951 52.807540894 0.002433506 0.999688387 0.024842653 -46.778949738 -0.090326764 -0.024521435 0.995610237 513.259704590
0.995926440 -0.004358287 0.090063408 53.104747772 0.002121542 0.999687433 0.024916032 -46.957248688 -0.090143844 -0.024623467 0.995624304 515.561828613
0.995927870 -0.003640971 0.090080135 53.398731232 0.001422701 0.999694467 0.024677489 -47.139732361 -0.090142466 -0.024448844 0.995628655 517.869750977
0.995882452 -0.002763151 0.090611905 53.684982300 0.000533837 0.999696851 0.024617897 -47.326171875 -0.090652451 -0.024468159 0.995581985 520.165832520
0.995845616 -0.000620246 0.091055714 53.980495453 -0.001630779 0.999694943 0.024644911 -47.510612488 -0.091043241 -0.024691017 0.995540798 522.515991211
0.995792508 0.001262194 0.091628298 54.279640198 -0.003571542 0.999679983 0.025043841 -47.696041107 -0.091567375 -0.025265725 0.995478332 524.848449707
0.995733321 0.002028207 0.092255376 54.578559875 -0.004463858 0.999646664 0.026202504 -47.870594025 -0.092169628 -0.026502522 0.995390475 527.169738770
0.995670497 0.001491674 0.092940688 54.879394531 -0.003927789 0.999653339 0.026034102 -48.049648285 -0.092869624 -0.026286440 0.995331228 529.490234375
0.995640397 -0.000233368 0.093273953 55.179363251 -0.002338208 0.999620140 0.027459916 -48.226829529 -0.093244925 -0.027558291 0.995261729 531.800476074
0.995589972 -0.001812288 0.093794189 55.491073608 -0.000739851 0.999630630 0.027168071 -48.403934479 -0.093808785 -0.027117655 0.995220780 534.125732422
0.995543361 -0.001848797 0.094286658 55.793430328 -0.000660353 0.999646664 0.026573783 -48.582210541 -0.094302453 -0.026517618 0.995190382 536.440124512
0.995449483 -0.002165944 0.095266402 56.093654633 -0.000349216 0.999652028 0.026376747 -48.761260986 -0.095290378 -0.026289986 0.995102286 538.754394531
0.995376050 -0.001856580 0.096036747 56.395843506 -0.000651571 0.999659657 0.026078623 -48.946846008 -0.096052475 -0.026020611 0.995036125 541.064819336
0.995282531 -0.001149404 0.097013704 56.699855804 -0.001351507 0.999668479 0.025709299 -49.128566742 -0.097011112 -0.025719125 0.994950950 543.384216309
0.995188475 -0.000593244 0.097977906 57.015296936 -0.001833143 0.999693930 0.024672749 -49.306758881 -0.097962558 -0.024733642 0.994882703 545.710754395
0.995097756 -0.001004896 0.098891243 57.314579010 -0.001541126 0.999669373 0.025665913 -49.503417969 -0.098884359 -0.025692496 0.994767189 548.026062012
0.995038033 -0.000943546 0.099490508 57.628616333 -0.001714979 0.999643803 0.026632490 -49.685268402 -0.099480197 -0.026670966 0.994681954 550.345214844
0.994966209 -0.000778666 0.100208133 57.938037872 -0.001885572 0.999647319 0.026489574 -49.860408783 -0.100193419 -0.026545182 0.994613826 552.648681641
0.994961441 -0.001584480 0.100245804 58.262500763 -0.000979738 0.999673724 0.025524899 -50.038143158 -0.100253537 -0.025494507 0.994635224 554.963012695
0.995001554 -0.001786245 0.099842556 58.592014313 -0.000810174 0.999662697 0.025958538 -50.220291138 -0.099855229 -0.025909681 0.994664550 557.280761719
0.994933128 -0.001620046 0.100525796 58.905193329 -0.001029628 0.999653518 0.026300663 -50.399219513 -0.100533575 -0.026270909 0.994586766 559.589355469
0.994904876 -0.001074272 0.100812294 59.226917267 -0.001683182 0.999626815 0.027263308 -50.576862335 -0.100803971 -0.027294088 0.994531810 561.923645020
0.994898081 -0.001668173 0.100871213 59.555728912 -0.001160833 0.999607921 0.027980516 -50.757881165 -0.100878336 -0.027954863 0.994505882 564.255249023
0.994898677 -0.001100360 0.100872673 59.884876251 -0.001782316 0.999592721 0.028482795 -50.928310394 -0.100862920 -0.028517283 0.994491518 566.568176270
0.994857967 -0.000111112 0.101280071 60.216896057 -0.002720579 0.999609232 0.027820472 -51.108200073 -0.101243585 -0.027952954 0.994468868 568.899536133
0.994888604 0.000845656 0.100974783 60.558956146 -0.003511696 0.999649823 0.026228203 -51.279132843 -0.100917228 -0.026448738 0.994543314 571.230468750
0.994871855 0.001181128 0.101135969 60.895099640 -0.003880823 0.999641240 0.026501127 -51.459171295 -0.101068377 -0.026757717 0.994519591 573.551330566
0.994869590 0.001404873 0.101156987 61.225975037 -0.004195778 0.999616325 0.027382368 -51.640724182 -0.101079695 -0.027666317 0.994493604 575.923889160
0.994841993 0.001228192 0.101428650 61.556819916 -0.004193175 0.999569952 0.029024187 -51.829216003 -0.101349376 -0.029299790 0.994419396 578.239074707
0.994800091 0.001856132 0.101829693 61.882144928 -0.004620398 0.999627113 0.026916819 -51.999683380 -0.101741761 -0.027247351 0.994437575 580.619079590
0.994858623 0.001202193 0.101266511 62.217521667 -0.003938293 0.999632478 0.026823224 -52.174556732 -0.101197056 -0.027084133 0.994497716 582.957031250
0.994759142 0.001427506 0.102235794 62.539398193 -0.004314541 0.999597967 0.028023425 -52.358993530 -0.102154687 -0.028317660 0.994365394 585.307861328
0.994825363 0.001640612 0.101586781 62.872413635 -0.004520920 0.999594092 0.028129447 -52.534965515 -0.101499394 -0.028443150 0.994428933 587.624511719
0.994781673 -0.000563856 0.102024451 63.210502625 -0.002211668 0.999630570 0.027089335 -52.718521118 -0.102002025 -0.027173620 0.994412959 589.990234375
0.994791090 -0.000698846 0.101932205 63.543647766 -0.002044361 0.999638736 0.026805123 -52.889999390 -0.101914100 -0.026873885 0.994430125 592.338806152
0.994811833 -0.002489722 0.101701453 63.872951508 -0.000293935 0.999625981 0.027346700 -53.071449280 -0.101731502 -0.027234714 0.994439006 594.675903320
0.994840086 -0.003050602 0.101409726 64.211105347 0.000264006 0.999622226 0.027480653 -53.250175476 -0.101455256 -0.027312083 0.994465113 597.030456543
