1.000000000 0.000000000 0.000000000 0.000000000 0.000000000 1.000000000 0.000000000 0.000000000 0.000000000 0.000000000 1.000000000 0.000000000
0.999999881 0.000044432 0.000438682 0.089201562 -0.000044371 1.000000000 -0.000139943 -0.227952942 -0.000438688 0.000139924 0.999999881 2.295488119
0.999999166 0.000471522 0.001171779 0.166833043 -0.000472127 0.999999762 0.000515704 -0.467013180 -0.001171535 -0.000516256 0.999999166 4.583933830
0.999998629 0.000101833 0.001664051 0.265215874 -0.000102950 0.999999762 0.000670817 -0.697771251 -0.001663982 -0.000670987 0.999998391 6.868604183
0.999996722 0.000010911 0.002596782 0.358252674 -0.000008322 0.999999464 -0.000997197 -0.931382656 -0.002596792 0.000997172 0.999996126 9.165356636
0.999988139 0.001646985 0.004573983 0.450942844 -0.001648122 0.999998689 0.000244755 -1.165797830 -0.004573574 -0.000252291 0.999989510 11.471044540
0.999969900 0.003384949 0.006997235 0.549982846 -0.003395566 0.999993086 0.001505996 -1.400254250 -0.006992089 -0.001529710 0.999974370 13.757381439
0.999946773 0.003263023 0.009782896 0.651460469 -0.003304168 0.999985754 0.004192637 -1.629383802 -0.009769076 -0.004224738 0.999943316 16.036720276
0.999946952 0.003219913 0.009777509 0.757952750 -0.003274177 0.999979317 0.005538806 -1.861753464 -0.009759473 -0.005570525 0.999936879 18.320419312
0.999931693 0.002250334 0.011467135 0.864886999 -0.002314848 0.999981463 0.005615808 -2.085478067 -0.011454284 -0.005641969 0.999918520 20.609172821
0.999929905 -0.000032919 0.011833410 0.982095718 -0.000004933 0.999994814 0.003198646 -2.308032990 -0.011833455 -0.003198480 0.999924839 22.915149689
0.999916077 -0.002283245 0.012749005 1.088506103 0.002267279 0.999996603 0.001266594 -2.528136730 -0.012751855 -0.001237582 0.999917865 25.197439194
0.999913692 -0.003298328 0.012718095 1.221016049 0.003290121 0.999994338 0.000666206 -2.780212164 -0.012720220 -0.000624305 0.999918818 27.505735397
0.999896824 -0.002886519 0.014073963 1.323398590 0.002889971 0.999995768 -0.000225044 -3.004836559 -0.014073255 0.000265694 0.999900937 29.791969299
0.999893308 -0.000955350 0.014576497 1.448912978 0.000924561 0.999997318 0.002118841 -3.230308294 -0.014578480 -0.002105138 0.999891520 32.056259155
0.999896169 0.001079193 0.014366997 1.581987023 -0.001137818 0.999991059 0.004073002 -3.448129416 -0.014362473 -0.004088927 0.999888480 34.337814331
0.999867499 0.002848247 0.016023645 1.702603340 -0.002977795 0.999963045 0.008066759 -3.677110195 -0.016000077 -0.008113406 0.999839067 36.649101257
0.999850035 0.004778199 0.016643399 1.820434570 -0.004905610 0.999958932 0.007622930 -3.895119429 -0.016606292 -0.007703434 0.999832392 38.921302795
0.999816239 0.004143242 0.018723775 1.927561283 -0.004250837 0.999974668 0.005710335 -4.096663475 -0.018699639 -0.005788877 0.999808371 41.242160797
0.999821484 0.001675915 0.018824160 2.053965569 -0.001767485 0.999986708 0.004848908 -4.323678970 -0.018815782 -0.004881313 0.999811053 43.516983032
0.999826670 0.001904137 0.018517356 2.191983700 -0.001984715 0.999988616 0.004334042 -4.554708481 -0.018508891 -0.004370042 0.999819160 45.773342133
0.999821603 0.001288571 0.018844156 2.314527750 -0.001355076 0.999992907 0.003516874 -4.784878254 -0.018839490 -0.003541782 0.999816239 48.040470123
0.999826014 -0.000632976 0.018642455 2.454235554 0.000560519 0.999992251 0.003891670 -5.014385223 -0.018644774 -0.003880543 0.999818623 50.327922821
0.999805748 -0.001111769 0.019678112 2.581411839 0.001034087 0.999991655 0.003957403 -5.233369827 -0.019682340 -0.003936285 0.999798656 52.593368530
0.999799252 -0.002423183 0.019893587 2.716987133 0.002344173 0.999989331 0.003993993 -5.462849140 -0.019903051 -0.003946556 0.999794126 54.875274658
0.999767482 -0.002219430 0.021449123 2.840837955 0.002129196 0.999988914 0.004228809 -5.691287041 -0.021458270 -0.004182156 0.999760985 57.163860321
0.999751091 -0.003667376 0.022007097 2.979860067 0.003561337 0.999981821 0.004855719 -5.915431499 -0.022024507 -0.004776136 0.999745965 59.431385040
0.999702573 -0.004878202 0.023895280 3.102030754 0.004781444 0.999980152 0.004104685 -6.137083530 -0.023914829 -0.003989210 0.999706030 61.701660156
0.999686956 -0.005769888 0.024344429 3.253019810 0.005677336 0.999976397 0.003869186 -6.360590458 -0.024366179 -0.003729764 0.999696136 63.955223083
0.999650478 -0.005210462 0.025919542 3.389900208 0.005092713 0.999976337 0.004606765 -6.584145069 -0.025942931 -0.004473153 0.999653399 66.218360901
0.999624014 -0.004178455 0.027099326 3.537246466 0.004043109 0.999979019 0.005047300 -6.811896801 -0.027119847 -0.004935836 0.999619961 68.470520020
0.999575615 -0.004514989 0.028778950 3.673605204 0.004377826 0.999978781 0.004827331 -7.037185669 -0.028800134 -0.004699294 0.999574125 70.720695496
0.999561369 -0.005304957 0.029136049 3.836351871 0.005209103 0.999980748 0.003364789 -7.259091854 -0.029153340 -0.003211541 0.999569714 72.972785950
0.999544263 -0.006077410 0.029572476 3.996709824 0.005967780 0.999974966 0.003794043 -7.485682487 -0.029594803 -0.003615831 0.999555409 75.255027771
0.999501884 -0.007306525 0.030701663 4.160907745 0.007212460 0.999968886 0.003173466 -7.715428829 -0.030723896 -0.002950450 0.999523520 77.520088196
0.999483585 -0.008203379 0.031071981 4.313842773 0.008111750 0.999962389 0.003073879 -7.943947792 -0.031096032 -0.002820243 0.999512434 79.755287170
0.999451280 -0.008579829 0.031992264 4.463942528 0.008490444 0.999959707 0.002928773 -8.163508415 -0.032016102 -0.002655537 0.999483824 82.009483337
0.999441981 -0.008259493 0.032365967 4.641687393 0.008174506 0.999962807 0.002757275 -8.395617485 -0.032387536 -0.002491161 0.999472260 84.305122375
0.999399662 -0.007967192 0.033717535 4.800698280 0.007871879 0.999964595 0.002958656 -8.610096931 -0.033739917 -0.002691459 0.999426961 86.561042786
0.999394536 -0.007665546 0.033939056 4.972094536 0.007518628 0.999961734 0.004454396 -8.848380089 -0.033971902 -0.004196523 0.999414086 88.829475403
0.999360621 -0.006869140 0.035091519 5.130866051 0.006698718 0.999965191 0.004971794 -9.074013710 -0.035124451 -0.004733547 0.999371827 91.082435608
0.999335408 -0.006969345 0.035778221 5.301525116 0.006797114 0.999964833 0.004933212 -9.296396255 -0.035811327 -0.004686746 0.999347568 93.333320618
0.999312043 -0.007226142 0.036375459 5.470416069 0.007065520 0.999964714 0.004542308 -9.515696526 -0.036407005 -0.004282171 0.999327838 95.589950562
0.999277413 -0.007671246 0.037230220 5.640741348 0.007491642 0.999959648 0.004961284 -9.736599922 -0.037266780 -0.004678783 0.999294400 97.843513489
0.999247909 -0.007292870 0.038087409 5.805741787 0.007122837 0.999963999 0.004598090 -9.969331741 -0.038119573 -0.004323341 0.999263763 100.078277588
0.999174178 -0.007293004 0.039969597 5.960555553 0.007071266 0.999958813 0.005686232 -10.185304642 -0.040009413 -0.005398902 0.999184668 102.301963806
0.999177277 -0.007902279 0.039778464 6.165130615 0.007675093 0.999953330 0.005860733 -10.412115097 -0.039822925 -0.005550608 0.999191344 104.543647766
0.999141753 -0.008471497 0.040546425 6.343624592 0.008209017 0.999944270 0.006635708 -10.627173424 -0.040600378 -0.006297166 0.999155641 106.765823364
0.999103665 -0.009653605 0.041214038 6.529398441 0.009373069 0.999931574 0.006994614 -10.842925072 -0.041278746 -0.006602043 0.999125838 109.010154724
0.999062121 -0.010618848 0.041975915 6.713561058 0.010293806 0.999915361 0.007952134 -11.066691399 -0.042056810 -0.007512586 0.999086976 111.246315002
0.999043584 -0.011317478 0.042235002 6.905230045 0.011051477 0.999917626 0.006526305 -11.284296036 -0.042305376 -0.006053304 0.999086380 113.503051758
0.998998761 -0.011983262 0.043101721 7.088949203 0.011749560 0.999914885 0.005671351 -11.500077248 -0.043166019 -0.005159246 0.999054551 115.741355896
0.998967111 -0.012279378 0.043748032 7.276191711 0.012033570 0.999910295 0.005877712 -11.721784592 -0.043816287 -0.005345196 0.999025226 117.980430603
0.998916328 -0.012469798 0.044840001 7.464967728 0.012180481 0.999903262 0.006719667 -11.939270020 -0.044919454 -0.006166212 0.998971581 120.222671509
0.998908520 -0.013428678 0.044735845 7.675619125 0.013115825 0.999887586 0.007279541 -12.161028862 -0.044828560 -0.006684850 0.998972297 122.425170898
0.998857915 -0.013957917 0.045698266 7.878529549 0.013661497 0.999883533 0.006792420 -12.382795334 -0.045787752 -0.006160354 0.998932183 124.711807251
0.998818934 -0.014753320 0.046293505 8.066215515 0.014493521 0.999877334 0.005942613 -12.603564262 -0.046375491 -0.005264638 0.998910189 126.981567383
0.998809576 -0.016507121 0.045900378 8.261358261 0.016238319 0.999848723 0.006222954 -12.818591118 -0.045996159 -0.005470201 0.998926640 129.240768433
0.998847961 -0.017376123 0.044729229 8.458744049 0.017087758 0.999830723 0.006821192 -13.038223267 -0.044840179 -0.006049012 0.998975873 131.486511230
0.998898208 -0.017797787 0.043422867 8.654377937 0.017482797 0.999818087 0.007623075 -13.248983383 -0.043550640 -0.006855523 0.999027729 133.724166870
0.998953223 -0.018555161 0.041811015 8.844531059 0.018248623 0.999803960 0.007701287 -13.470210075 -0.041945711 -0.006930233 0.999095857 135.955749512
0.999008417 -0.019239144 0.040148597 9.045043945 0.018945063 0.999791026 0.007692624 -13.689033508 -0.040288202 -0.006924380 0.999164045 138.183731079
0.999004722 -0.020007756 0.039864443 9.222122192 0.019717686 0.999776244 0.007656335 -13.907197952 -0.040008713 -0.006862680 0.999175906 140.471176147
0.998999119 -0.020382114 0.039817180 9.394790649 0.020084023 0.999767244 0.007872161 -14.115097046 -0.039968364 -0.007064592 0.999175966 142.700836182
0.999029458 -0.020356400 0.039061509 9.581365585 0.020012602 0.999757767 0.009172390 -14.340974808 -0.039238766 -0.008381766 0.999194682 144.932876587
0.999046445 -0.019449897 0.039088350 9.757302284 0.019149434 0.999784350 0.008046578 -14.552249908 -0.039236411 -0.007290387 0.999203384 147.177795410
0.999068558 -0.018380046 0.039040245 9.937473297 0.018140672 0.999814451 0.006476899 -14.766109467 -0.039152045 -0.005762649 0.999216795 149.418228149
0.999078095 -0.016568588 0.039603032 10.111583710 0.016356235 0.999850035 0.005680209 -14.984727859 -0.039691202 -0.005027216 0.999199331 151.663772583
0.999088347 -0.015790153 0.039663315 10.296802521 0.015579914 0.999862850 0.005604194 -15.198005676 -0.039746363 -0.004981134 0.999197364 153.896728516
0.999081969 -0.015085316 0.040094152 10.476243973 0.014854318 0.999871314 0.006053044 -15.413715363 -0.040180307 -0.005451917 0.999177516 156.148986816
0.999090552 -0.014397569 0.040134579 10.674159050 0.014120447 0.999874592 0.007179716 -15.634480476 -0.040232908 -0.006606468 0.999168515 158.377380371
0.999023676 -0.013764178 0.041977331 10.831401825 0.013436511 0.999877036 0.008078003 -15.844143867 -0.042083357 -0.007506088 0.999085903 160.630798340
0.999000728 -0.012692708 0.042852014 11.017042160 0.012269402 0.999873519 0.010126908 -16.061769485 -0.042975131 -0.009591021 0.999030173 162.863082886
0.998968363 -0.012272079 0.043721996 11.202543259 0.011919935 0.999894440 0.008305788 -16.251129150 -0.043819323 -0.007776057 0.999009132 165.109817505
0.998911738 -0.011402951 0.045224600 11.391636848 0.011079251 0.999911249 0.007401822 -16.467851639 -0.045304988 -0.006892713 0.998949409 167.343551636
0.998830914 -0.009521673 0.047393087 11.576945305 0.009162088 0.999927640 0.007798735 -16.684099197 -0.047463916 -0.007355398 0.998845935 169.574829102
0.998754442 -0.009177119 0.049043160 11.809623718 0.008744802 0.999921083 0.009022359 -16.920591354 -0.049122088 -0.008582247 0.998755872 171.837738037
0.998633742 -0.009586567 0.051368151 12.010881424 0.009167694 0.999922752 0.008383825 -17.127691269 -0.051444568 -0.007901443 0.998644590 174.102752686
0.998551905 -0.009405029 0.052971072 12.219558716 0.008936869 0.999918938 0.009067994 -17.346035004 -0.053052068 -0.008581465 0.998554826 176.359252930
0.998488009 -0.010149993 0.054023597 12.423088074 0.009616850 0.999902487 0.010119460 -17.559539795 -0.054121047 -0.009584622 0.998488307 178.589767456
0.998422205 -0.011000675 0.055064030 12.618099213 0.010438682 0.999890506 0.010483414 -17.771202087 -0.055173330 -0.009892076 0.998427808 180.824539185
0.998483300 -0.011251717 0.053893317 12.837993622 0.010732324 0.999893248 0.009917179 -17.981372833 -0.053999148 -0.009323738 0.998497427 183.087356567
0.998493910 -0.012655573 0.053383596 13.052483559 0.012148849 0.999878049 0.009805994 -18.194572449 -0.053501181 -0.009142677 0.998525918 185.329772949
0.998492539 -0.014319855 0.052987874 13.266941071 0.013775739 0.999848664 0.010619760 -18.402479172 -0.053131931 -0.009873805 0.998538733 187.570648193
0.998487711 -0.015503660 0.052744050 13.467239380 0.015008972 0.999839604 0.009762258 -18.606395721 -0.052886941 -0.008955861 0.998560369 189.795288086
0.998465598 -0.016656190 0.052812148 13.678256989 0.016173722 0.999823570 0.009549853 -18.820114136 -0.052961893 -0.008681031 0.998558760 192.034393311
0.998437405 -0.017669341 0.053013518 13.868536949 0.017207941 0.999810100 0.009147300 -19.036407471 -0.053165071 -0.008220753 0.998551846 194.282058716
0.998457491 -0.017363874 0.052736413 14.083869934 0.016885091 0.999812186 0.009510770 -19.247623444 -0.052891638 -0.008605640 0.998563290 196.514114380
0.998492420 -0.015562189 0.052637625 14.303462982 0.015055540 0.999836564 0.010008121 -19.463108063 -0.052784771 -0.009200544 0.998563528 198.756591797
0.998500824 -0.013256038 0.053107489 14.502423286 0.012775938 0.999874413 0.009369492 -19.681835175 -0.053225033 -0.008676946 0.998544872 201.017059326
0.998468697 -0.012554492 0.053875893 14.713130951 0.012111562 0.999890149 0.008539959 -19.893371582 -0.053977188 -0.007874360 0.998511076 203.277740479
0.998429239 -0.013146251 0.054465160 14.918081284 0.012648097 0.999875009 0.009480922 -20.104717255 -0.054582987 -0.008777148 0.998470664 205.514312744
0.998384178 -0.014614352 0.054913763 15.125942230 0.014071828 0.999848425 0.010253269 -20.319068909 -0.055055279 -0.009463964 0.998438418 207.735763550
0.998371899 -0.014673454 0.055120703 15.350469589 0.014162648 0.999853194 0.009646307 -20.521242142 -0.055254143 -0.008849945 0.998433053 210.023559570
0.998278797 -0.014377408 0.056857429 15.563358307 0.013797042 0.999848783 0.010586780 -20.729278564 -0.057001036 -0.009784096 0.998326182 212.268569946
0.998193920 -0.013031818 0.058642704 15.797601700 0.012409377 0.999862969 0.010965810 -20.939973831 -0.058777563 -0.010218286 0.998218834 214.509292603
0.998007536 -0.011841002 0.061973639 15.994995117 0.011194229 0.999879241 0.010773079 -21.138910294 -0.062093720 -0.010057867 0.998019576 216.755249023
0.997891009 -0.011739739 0.063839987 16.227661133 0.011051164 0.999877036 0.011128384 -21.345464706 -0.063962787 -0.010399407 0.997898102 218.991607666
0.997754931 -0.013133187 0.065669522 16.458713531 0.012402346 0.999856591 0.011524392 -21.544815063 -0.065811455 -0.010684062 0.997774899 221.213485718
0.997679651 -0.014696811 0.066477507 16.697431564 0.013919896 0.999829471 0.012135083 -21.745798111 -0.066644520 -0.011181567 0.997714043 223.433883667
0.997618914 -0.017003389 0.066837907 16.949245453 0.016274329 0.999802172 0.011437228 -21.952884674 -0.067019150 -0.010322252 0.997698307 225.652923584
0.997590721 -0.017979695 0.067003258 17.194650650 0.017280729 0.999790192 0.010996882 -22.152215958 -0.067186929 -0.009812523 0.997692108 227.901657104
0.997543454 -0.018081365 0.067675993 17.433364868 0.017348910 0.999784589 0.011395182 -22.361755371 -0.067867450 -0.010193085 0.997642398 230.135711670
0.997502863 -0.019103453 0.067992948 17.683012009 0.018443752 0.999776661 0.010317102 -22.568645477 -0.068174869 -0.009037295 0.997632444 232.382614136
0.997463465 -0.019884812 0.068346694 17.931510925 0.019167040 0.999754190 0.011141760 -22.769659042 -0.068551436 -0.009803494 0.997599363 234.626129150
0.997424185 -0.019242939 0.069099098 18.190511703 0.018463073 0.999758661 0.011907229 -22.986728668 -0.069311552 -0.010600779 0.997538745 236.879776001
0.997379124 -0.018791012 0.069869958 18.425859451 0.018012922 0.999768734 0.011749685 -23.187883377 -0.070074581 -0.010460331 0.997486830 239.098129272
0.997353733 -0.019118870 0.070143111 18.673677444 0.018308947 0.999758244 0.012171600 -23.395080566 -0.070358850 -0.010855141 0.997462690 241.319869995
0.997298360 -0.019483734 0.070826121 18.920808792 0.018646585 0.999748588 0.012461878 -23.598968506 -0.071051113 -0.011107547 0.997410834 243.560455322
0.997271419 -0.019982485 0.071066529 19.171314240 0.019177424 0.999744177 0.011992654 -23.809856415 -0.071287990 -0.010597058 0.997399509 245.778701782
0.997265279 -0.019453861 0.071298629 19.425384521 0.018700641 0.999762356 0.011216669 -24.015825272 -0.071499884 -0.009852668 0.997391939 248.012481689
0.997235358 -0.019822067 0.071615145 19.678833008 0.019021340 0.999748886 0.011845772 -24.223714828 -0.071831971 -0.010450806 0.997362018 250.246734619
0.997212708 -0.020895381 0.071624234 19.937564850 0.020105552 0.999729037 0.011730705 -24.429010391 -0.071849942 -0.010257963 0.997362614 252.475601196
0.997208655 -0.021278884 0.071570344 20.202152252 0.020423656 0.999711275 0.012660272 -24.638975143 -0.071819082 -0.011163202 0.997355223 254.731643677
0.997168839 -0.022236537 0.071830913 20.444303513 0.021345489 0.999685645 0.013148776 -24.844814301 -0.072100721 -0.011578283 0.997330129 256.949584961
0.997146845 -0.022494882 0.072056130 20.705003738 0.021542940 0.999670446 0.013961249 -25.066671371 -0.072346427 -0.012369115 0.997302890 259.218109131
0.997100055 -0.022291349 0.072762750 20.961545944 0.021369865 0.999681592 0.013418380 -25.266265869 -0.073038712 -0.011824542 0.997258961 261.462707520
0.997084379 -0.022306392 0.072973542 21.225858688 0.021428231 0.999688447 0.012794937 -25.464653015 -0.073236242 -0.011193939 0.997251809 263.718994141
0.997051775 -0.021621149 0.073622383 21.488464355 0.020749349 0.999705493 0.012585856 -25.675251007 -0.073872805 -0.011021134 0.997206748 265.963043213
0.996989369 -0.021263216 0.074565873 21.754739761 0.020386279 0.999714017 0.012502124 -25.875768661 -0.074810363 -0.010944364 0.997137725 268.213500977
0.996890664 -0.021431202 0.075827248 22.010190964 0.020531042 0.999709368 0.012631030 -26.081445694 -0.076075904 -0.011034941 0.997040927 270.453277588
0.996702135 -0.022089528 0.078082636 22.251516342 0.021171639 0.999696910 0.012563813 -26.281749725 -0.078336515 -0.010869243 0.996867716 272.731140137
0.996509075 -0.022335451 0.080441795 22.517509460 0.021407031 0.999694109 0.012385610 -26.474180222 -0.080693834 -0.010620352 0.996682346 274.967559814
0.996467590 -0.022578092 0.080887832 22.794431686 0.021474821 0.999664485 0.014483743 -26.681591034 -0.081187710 -0.012695528 0.996617973 277.209655762
0.996361852 -0.021441711 0.082481436 23.070724487 0.020205129 0.999671102 0.015797932 -26.883373260 -0.082793027 -0.014073909 0.996467352 279.455139160
0.996315300 -0.021490624 0.083029911 23.362390518 0.020193469 0.999661088 0.016431171 -27.088542938 -0.083354890 -0.014693962 0.996411562 281.718872070
0.996185660 -0.020876421 0.084724210 23.628919601 0.019499563 0.999664605 0.017046265 -27.285896301 -0.085051656 -0.015329159 0.996258616 283.962554932
0.996193588 -0.020053143 0.084831543 23.930505753 0.018755991 0.999695063 0.016060499 -27.475868225 -0.085127763 -0.014408265 0.996265888 286.221557617
0.996076524 -0.019432893 0.086335897 24.198148727 0.018171852 0.999716818 0.015368246 -27.671916962 -0.086610079 -0.013739068 0.996147513 288.450531006
0.996042609 -0.019146588 0.086789884 24.475601196 0.017865328 0.999720037 0.015515668 -27.879411697 -0.087062657 -0.013903735 0.996105790 290.676727295
0.996056855 -0.019492352 0.086550824 24.766759872 0.018259421 0.999720514 0.015014129 -28.071598053 -0.086819306 -0.013374555 0.996134281 292.923675537
0.996040404 -0.020142505 0.086589321 25.051351547 0.018995257 0.999720752 0.014052967 -28.268388748 -0.086848222 -0.012352536 0.996144950 295.156555176
0.996023417 -0.019630369 0.086901546 25.332342148 0.018430850 0.999723792 0.014584182 -28.473312378 -0.087163828 -0.012924518 0.996110141 297.394897461
0.996011257 -0.019372733 0.087099105 25.616916656 0.018121017 0.999721169 0.015139002 -28.667591095 -0.087368101 -0.013500292 0.996084630 299.634033203
0.995993614 -0.018696535 0.087448061 25.896011353 0.017382121 0.999724567 0.015768239 -28.866861343 -0.087718800 -0.014185033 0.996044278 301.873565674
0.995967388 -0.019518675 0.087566987 26.183488846 0.018189594 0.999707341 0.015950350 -29.062589645 -0.087852702 -0.014293220 0.996030927 304.126647949
0.995953560 -0.019068444 0.087823249 26.472600937 0.017703393 0.999710500 0.016295975 -29.259550095 -0.088108569 -0.014675267 0.996002734 306.378845215
0.995947480 -0.020178402 0.087643914 26.759105682 0.018846627 0.999694347 0.015996398 -29.457782745 -0.087939918 -0.014279780 0.996023417 308.632019043
0.995880783 -0.021457870 0.088096924 27.045909882 0.020073395 0.999661148 0.016571419 -29.653469086 -0.088422678 -0.014734755 0.995974064 310.896026611
0.995845735 -0.021769412 0.088415720 27.333873749 0.020436337 0.999663830 0.015954791 -29.848403931 -0.088733323 -0.014081613 0.995955884 313.135498047
0.995876968 -0.021295151 0.088178858 27.632528305 0.019895388 0.999662161 0.016722841 -30.048131943 -0.088505171 -0.014899542 0.995964229 315.394622803
0.995832086 -0.019798415 0.089030467 27.917844772 0.018453445 0.999703109 0.015904788 -30.242040634 -0.089318953 -0.014195580 0.995901883 317.624511719
0.995824397 -0.018234836 0.089449011 28.204017639 0.016828226 0.999723017 0.016454367 -30.438489914 -0.089724265 -0.014880394 0.995855451 319.872741699
0.995772958 -0.017152507 0.090232655 28.487794876 0.015763452 0.999746501 0.016084343 -30.636219025 -0.090485655 -0.014593978 0.995790839 322.101593018
0.995721042 -0.016718812 0.090885215 28.770412445 0.015262082 0.999744058 0.016699724 -30.829078674 -0.091141135 -0.015241168 0.995721340 324.344909668
0.995723367 -0.016445352 0.090909451 29.067415237 0.014854164 0.999724865 0.018152010 -31.031982422 -0.091182970 -0.016723996 0.995693743 326.571258545
0.995689392 -0.017351320 0.091113076 29.355001450 0.015784558 0.999715328 0.017888393 -31.226665497 -0.091397516 -0.016373102 0.995679855 328.818206787
0.995680332 -0.019012848 0.090879314 29.655870438 0.017528160 0.999699950 0.017107295 -31.418415070 -0.091177315 -0.015440450 0.995714962 331.052520752
0.995675981 -0.018504884 0.091032535 29.942632675 0.017012216 0.999708235 0.017145943 -31.614814758 -0.091323264 -0.015523135 0.995700300 333.266235352
0.995628238 -0.018543141 0.091545232 30.228542328 0.016939923 0.999689698 0.018258993 -31.804895401 -0.091855422 -0.016628401 0.995633483 335.493682861
0.995671153 -0.019151755 0.090951316 30.532958984 0.017571893 0.999681056 0.018139591 -31.991502762 -0.091269709 -0.016462883 0.995690107 337.724426270
0.995672643 -0.019090710 0.090947062 30.821598053 0.017486915 0.999677777 0.018398765 -32.185363770 -0.091268994 -0.016728764 0.995685756 339.960876465
0.995709538 -0.019118421 0.090536542 31.125339508 0.017535048 0.999679625 0.018252086 -32.379020691 -0.090856485 -0.016586220 0.995725811 342.207214355
0.995729685 -0.019404044 0.090254597 31.420465469 0.017776234 0.999665260 0.018804861 -32.569515228 -0.090589277 -0.017120173 0.995741189 344.453369141
0.995765507 -0.018819658 0.089982815 31.712326050 0.017182538 0.999673069 0.018933920 -32.758300781 -0.090309739 -0.017307611 0.995763302 346.695648193
0.995796263 -0.018535849 0.089699991 32.000621796 0.016929101 0.999682903 0.018640276 -32.942676544 -0.090017051 -0.017043373 0.995794475 348.934051514
0.995767295 -0.018036922 0.090123177 32.284160614 0.016385622 0.999684632 0.019029161 -33.135543823 -0.090437979 -0.017471889 0.995748758 351.178649902
0.995827258 -0.018096171 0.089447498 32.580947876 0.016407222 0.999673605 0.019581398 -33.326786041 -0.089772657 -0.018032102 0.995799005 353.406982422
0.995846450 -0.017811613 0.089290649 32.867195129 0.016165389 0.999686480 0.019126125 -33.516983032 -0.089603327 -0.017603267 0.995821893 355.642883301
0.995885849 -0.018054627 0.088799618 33.160808563 0.016380427 0.999674678 0.019546451 -33.704452515 -0.089123636 -0.018011458 0.995857716 357.876159668
0.995960474 -0.017545398 0.088061295 33.456546783 0.015791804 0.999663651 0.020570697 -33.895488739 -0.088392608 -0.019096956 0.995902658 360.111114502
0.996025503 -0.017930036 0.087244891 33.755558014 0.016195148 0.999657571 0.020552667 -34.084827423 -0.087583534 -0.019058041 0.995974779 362.366149902
0.996059537 -0.017773984 0.086887717 34.045349121 0.016009118 0.999651968 0.020966876 -34.270420074 -0.087230131 -0.019493261 0.995997429 364.607177734
0.996114194 -0.017651102 0.086283892 34.335865021 0.015962154 0.999668002 0.020225294 -34.456398010 -0.086612225 -0.018769426 0.996065259 366.859130859
0.996129692 -0.018557560 0.085913397 34.617561340 0.016896496 0.999656796 0.020021208 -34.643840790 -0.086255461 -0.018492086 0.996101439 369.109191895
0.996113777 -0.018519701 0.086105779 34.895435333 0.016930010 0.999673247 0.019155856 -34.825302124 -0.086432390 -0.017623642 0.996101856 371.374542236
0.996195197 -0.018943114 0.085066408 35.183959961 0.017382385 0.999667406 0.019050600 -35.015155792 -0.085398994 -0.017499460 0.996193171 373.606994629
0.996334016 -0.018868601 0.083441973 35.482406616 0.017303295 0.999661267 0.019442869 -35.199584961 -0.083780564 -0.017927771 0.996322930 375.849365234
0.996187925 -0.018403666 0.085269548 35.742862701 0.016743312 0.999656856 0.020146290 -35.390449524 -0.085611053 -0.018641800 0.996154249 378.092407227
0.996184528 -0.019002048 0.085177161 36.024379730 0.017317843 0.999640524 0.020468483 -35.581161499 -0.085535489 -0.018915303 0.996155560 380.331024170
0.996197641 -0.019090975 0.085004643 36.312789917 0.017417597 0.999640465 0.020384148 -35.762630463 -0.085363254 -0.018826067 0.996172011 382.588348389
0.996204257 -0.018451393 0.085067995 36.597923279 0.016742779 0.999644339 0.020755246 -35.953582764 -0.085420683 -0.019252190 0.996158957 384.837829590
0.996217012 -0.017633418 0.085092716 36.883781433 0.015929837 0.999659777 0.020657996 -36.132247925 -0.085428014 -0.019224335 0.996158838 387.101165771
0.996246278 -0.016373295 0.085001737 37.175300598 0.014660789 0.999677718 0.020732017 -36.327548981 -0.085313790 -0.019408002 0.996165037 389.375701904
0.996234298 -0.015224964 0.085354351 37.455738068 0.013506790 0.999695003 0.020671392 -36.515632629 -0.085643053 -0.019440684 0.996136129 391.655487061
0.996271491 -0.013927415 0.085141450 37.741783142 0.012088025 0.999683082 0.022081427 -36.701290131 -0.085422009 -0.020969901 0.996124148 393.915985107
0.996218264 -0.012807168 0.085937172 38.016712189 0.010910726 0.999687254 0.022501310 -36.890148163 -0.086198457 -0.021478575 0.996046424 396.186279297
0.996155322 -0.012571180 0.086697027 38.298194885 0.010767447 0.999716401 0.021241391 -37.084766388 -0.086939462 -0.020226222 0.996008217 398.455108643
0.996101856 -0.012248782 0.087355725 38.577171326 0.010499714 0.999735653 0.020453861 -37.268512726 -0.087583177 -0.019456919 0.995967090 400.719879150
0.995964468 -0.013079343 0.088789307 38.852443695 0.011213255 0.999706268 0.021483433 -37.449634552 -0.089044221 -0.020401115 0.995818734 402.965911865
0.995974481 -0.014689364 0.088424809 39.147377014 0.012747536 0.999665916 0.022485040 -37.637496948 -0.088725582 -0.021267328 0.995829046 405.250091553
0.995913208 -0.015168694 0.089032546 39.430610657 0.013213762 0.999659419 0.022505991 -37.822010040 -0.089343600 -0.021237563 0.995774448 407.508056641
0.995876610 -0.013795587 0.089662842 39.738803864 0.011892667 0.999693394 0.021722766 -38.002334595 -0.089935020 -0.020566870 0.995735228 409.761993408
0.995827377 -0.012891453 0.090341941 40.032054901 0.010951391 0.999699354 0.021937581 -38.190872192 -0.090597592 -0.020856675 0.995669127 412.020904541
0.995765865 -0.011704857 0.091177218 40.319770813 0.009774902 0.999719203 0.021584971 -38.375553131 -0.091404267 -0.020602329 0.995600700 414.270477295
0.995666325 -0.010324518 0.092421912 40.615341187 0.008364382 0.999732256 0.021570854 -38.558589935 -0.092619888 -0.020704323 0.995486259 416.543823242
0.995638609 -0.010760691 0.092670709 40.922405243 0.008803778 0.999730110 0.021499844 -38.746322632 -0.092877038 -0.020590222 0.995464683 418.802246094
0.995527029 -0.010624164 0.093878940 41.213665009 0.008647609 0.999732792 0.021436105 -38.928764343 -0.094081618 -0.020528387 0.995352805 421.057312012
0.995453119 -0.010652238 0.094655193 41.507900238 0.008673350 0.999735653 0.021293122 -39.118301392 -0.094856992 -0.020375324 0.995282352 423.315734863
0.995384276 -0.011049778 0.095332354 41.811954498 0.008950519 0.999708593 0.022420023 -39.303989410 -0.095552303 -0.021463260 0.995193005 425.585693359
0.995333731 -0.010315355 0.095939629 42.112712860 0.008145794 0.999702811 0.022978032 -39.485179901 -0.096148126 -0.022089303 0.995121837 427.841766357
0.995268285 -0.009484744 0.096701615 42.421672821 0.007223699 0.999692976 0.023705011 -39.666912079 -0.096896760 -0.022894299 0.995031059 430.117736816
0.995267391 -0.010628645 0.096590124 42.729869843 0.008334816 0.999674320 0.024120564 -39.858928680 -0.096815027 -0.023201354 0.995031893 432.390533447
0.995220482 -0.011425052 0.096983083 43.040802002 0.009175587 0.999679148 0.023608778 -40.049911499 -0.097221695 -0.022606064 0.995005906 434.655609131
0.995211422 -0.010507243 0.097179316 43.356849670 0.008229696 0.999682665 0.023807760 -40.218688965 -0.097398624 -0.022893997 0.994982123 436.926879883
0.995173395 -0.010932663 0.097521506 43.670379639 0.008614614 0.999670982 0.024159083 -40.403461456 -0.097753562 -0.023202367 0.994940162 439.213073730
0.995230794 -0.011013246 0.096924633 43.991889954 0.008694055 0.999666452 0.024317680 -40.581554413 -0.097160123 -0.023359034 0.994994700 441.489501953
0.995202959 -0.010395372 0.097277634 44.310089111 0.007973626 0.999649346 0.025250914 -40.772941589 -0.097506024 -0.024354134 0.994936883 443.767852783
0.995160997 -0.010923145 0.097648762 44.625713348 0.008488813 0.999643564 0.025310254 -40.951190948 -0.097890429 -0.024358857 0.994899035 446.045227051
0.995169759 -0.010735357 0.097579606 44.938018799 0.008343081 0.999655306 0.024891220 -41.132289886 -0.097813182 -0.023956874 0.994916379 448.311828613
0.995167911 -0.009952561 0.097681127 45.250118256 0.007591944 0.999670804 0.024508564 -41.312797546 -0.097892903 -0.023648545 0.994915962 450.574279785
0.995116472 -0.009413979 0.098257490 45.557426453 0.007062116 0.999680758 0.024256134 -41.498352051 -0.098454490 -0.023443775 0.994865358 452.836791992
0.995048344 -0.008706545 0.099011436 45.865806580 0.006328076 0.999684393 0.024310907 -41.670394897 -0.099191859 -0.023563977 0.994789302 455.113861084
0.995013237 -0.008960105 0.099339962 46.170459747 0.006604277 0.999689698 0.024018336 -41.857837677 -0.099524342 -0.023242494 0.994763553 457.377655029
0.995039344 -0.008293546 0.099135645 46.495418549 0.005974529 0.999702036 0.023666389 -42.043819427 -0.099302374 -0.022956701 0.994792461 459.663360596
0.995046496 -0.007026138 0.099162281 46.811542511 0.004665396 0.999700606 0.024018690 -42.223373413 -0.099301353 -0.023437081 0.994781375 461.948516846
0.995030820 -0.006679465 0.099342793 47.119136810 0.004171831 0.999667943 0.025428580 -42.404113770 -0.099479645 -0.024887780 0.994728327 464.219116211
0.995048225 -0.006750436 0.099163532 47.421802521 0.004213088 0.999658823 0.025774682 -42.578758240 -0.099303670 -0.025229270 0.994737267 466.480133057
0.995141208 -0.006966321 0.098211095 47.739673615 0.004557069 0.999683678 0.024734387 -42.757198334 -0.098352320 -0.024166657 0.994858205 468.760925293
0.995277166 -0.007064695 0.096816801 48.072757721 0.004743589 0.999696374 0.024183437 -42.938663483 -0.096958257 -0.023609966 0.995008349 471.059967041
0.995373666 -0.007558683 0.095781893 48.386100769 0.005134630 0.999660909 0.025529277 -43.128208160 -0.095942363 -0.024919368 0.995074928 473.342437744
0.995320380 -0.007848408 0.096311107 48.677684784 0.005337532 0.999639928 0.026300445 -43.314014435 -0.096482851 -0.025663311 0.995003700 475.620483398
0.995419085 -0.007764148 0.095291883 48.989494324 0.005366587 0.999663174 0.025390733 -43.478115082 -0.095456928 -0.024763025 0.995125532 477.919067383
0.995447159 -0.007893833 0.094987825 49.298923492 0.005433946 0.999643862 0.026127731 -43.657474518 -0.095160246 -0.025492612 0.995135605 480.204650879
0.995483160 -0.008614629 0.094545931 49.610950470 0.006115862 0.999625146 0.026687140 -43.836574554 -0.094740383 -0.025988366 0.995162845 482.480163574
0.995495856 -0.008993945 0.094377659 49.912490845 0.006568335 0.999640882 0.025980366 -44.010482788 -0.094577439 -0.025243441 0.995197356 484.762145996
0.995556891 -0.009407631 0.093690366 50.219200134 0.006944439 0.999622583 0.026582181 -44.194702148 -0.093905061 -0.025813449 0.995246470 487.048980713
0.995602190 -0.009971702 0.093150742 50.518455505 0.007541911 0.999622941 0.026400242 -44.362960815 -0.093378887 -0.025581602 0.995301962 489.337860107
0.995607674 -0.009537428 0.093136385 50.817993164 0.007067784 0.999615490 0.026810369 -44.534667969 -0.093356304 -0.026034346 0.995292246 491.639221191
0.995690465 -0.009037129 0.092297606 51.126178741 0.006542458 0.999605954 0.027295453 -44.709095001 -0.092507929 -0.026573971 0.995357275 493.922668457
0.995683014 -0.008245947 0.092451245 51.414222717 0.005799592 0.999626696 0.026698532 -44.878925323 -0.092636883 -0.026047099 0.995359182 496.220672607
0.995723844 -0.007970827 0.092035443 51.727607727 0.005565951 0.999637067 0.026357062 -45.064235687 -0.092212118 -0.025732089 0.995406866 498.536865234
0.995748997 -0.007916578 0.091766536 52.022842407 0.005442993 0.999615908 0.027174206 -45.240264893 -0.091946416 -0.026559208 0.995409608 500.829528809
0.995752513 -0.007485442 0.091765568 52.315383911 0.004994248 0.999613523 0.027347019 -45.415096283 -0.091934815 -0.026772561 0.995405018 503.104949951
0.995781958 -0.006282250 0.091537446 52.615982056 0.003865482 0.999639869 0.026555378 -45.592121124 -0.091671318 -0.026089523 0.995447516 505.389678955
0.995764196 -0.005854055 0.091757104 52.904029846 0.003383148 0.999628007 0.027061220 -45.766979218 -0.091881394 -0.026636165 0.995413661 507.678405762
0.995753646 -0.006246527 0.091845542 53.198356628 0.003843137 0.999646127 0.026321355 -45.946479797 -0.091977462 -0.025856616 0.995425344 509.970367432
0.995788753 -0.006979480 0.091412649 53.505588531 0.004532470 0.999626517 0.026949132 -46.127727509 -0.091566622 -0.026421314 0.995448351 512.269165039
0.995788276 -0.006609062 0.091443479 53.802062988 0.004138696 0.999622047 0.027178528 -46.300338745 -0.091588542 -0.026685607 0.995439231 514.572326660
0.995836854 -0.006180817 0.090944000 54.104480743 0.003746530 0.999630690 0.026913298 -46.476875305 -0.091076754 -0.026460523 0.995492399 516.872558594
0.995828688 -0.005368114 0.091085732 54.393394470 0.002954169 0.999641359 0.026616054 -46.656032562 -0.091195941 -0.026235944 0.995487392 519.163269043
0.995766878 -0.003470776 0.091849469 54.686157227 0.000994410 0.999635041 0.026993180 -46.838661194 -0.091909632 -0.026787577 0.995406926 521.502441406
0.995566845 -0.001534680 0.094044186 54.966781616 -0.001001556 0.999637067 0.026915424 -47.010231018 -0.094051376 -0.026890293 0.995204091 523.823913574
0.995630264 0.000127263 0.093384430 55.288188934 -0.002760988 0.999602020 0.028074387 -47.183967590 -0.093343697 -0.028209539 0.995234251 526.156677246
0.995554507 -0.000336751 0.094186589 55.578590393 -0.002321988 0.999601960 0.028117402 -47.359760284 -0.094158567 -0.028211106 0.995157421 528.454528809
0.995513499 -0.002256101 0.094592504 55.881389618 -0.000542774 0.999563098 0.029552592 -47.533008575 -0.094617836 -0.029471347 0.995077312 530.761413574
0.995471060 -0.003976381 0.094981976 56.198081970 0.001192779 0.999568582 0.029345460 -47.707138062 -0.095057689 -0.029099261 0.995046377 533.080505371
0.995457828 -0.004045927 0.095117338 56.510040283 0.001320634 0.999587297 0.028697411 -47.880008698 -0.095194191 -0.028441446 0.995052338 535.397949219
0.995382011 -0.004307489 0.095896155 56.819892883 0.001582479 0.999593258 0.028474193 -48.053176880 -0.095979810 -0.028190948 0.994983912 537.717224121
0.995315015 -0.003845714 0.096608222 57.128112793 0.001159833 0.999611676 0.027842572 -48.230690002 -0.096677780 -0.027600087 0.994932950 540.035766602
0.995220304 -0.003117953 0.097605832 57.437606812 0.000424582 0.999618888 0.027602984 -48.409759521 -0.097654700 -0.027429607 0.994842291 542.354614258
0.995119095 -0.002801512 0.098641381 57.734806061 0.000175826 0.999645650 0.026617143 -48.587188721 -0.098680995 -0.026469881 0.994766951 544.691711426
0.994980872 -0.002627561 0.100030765 58.030338287 -0.000070731 0.999636471 0.026961517 -48.758773804 -0.100065246 -0.026833268 0.994619012 547.001403809
0.994893610 -0.002845174 0.100888871 58.344299316 0.000002686 0.999603331 0.028163396 -48.940200806 -0.100928977 -0.028019311 0.994499028 549.327575684
0.994839489 -0.003124830 0.101412892 58.662055969 0.000239047 0.999595046 0.028455466 -49.116374969 -0.101460740 -0.028284380 0.994437397 551.634582520
0.994928360 -0.004359245 0.100491077 58.999786377 0.001602654 0.999620616 0.027495626 -49.288391113 -0.100572817 -0.027195126 0.994557917 553.943237305
0.994925499 -0.004322115 0.100521304 59.324340820 0.001516484 0.999607563 0.027970498 -49.465480804 -0.100602746 -0.027676124 0.994541585 556.254089355
0.994868338 -0.004177155 0.101091482 59.644111633 0.001305241 0.999594212 0.028458541 -49.640636444 -0.101169325 -0.028180555 0.994470000 558.564636230
0.994846821 -0.003895730 0.101313956 59.969902039 0.000916850 0.999566317 0.029432422 -49.815170288 -0.101384684 -0.029187864 0.994418979 560.896240234
0.994873583 -0.004722795 0.101016194 60.304424286 0.001691178 0.999546111 0.030075807 -49.990112305 -0.101112388 -0.029750787 0.994430065 563.225280762
0.994832397 -0.004146600 0.101445660 60.629894257 0.001027733 0.999525726 0.030777194 -50.160266876 -0.101525158 -0.030513894 0.994364858 565.549682617
0.994781733 -0.003265820 0.101973101 60.961933136 0.000196491 0.999546945 0.030094957 -50.335044861 -0.102025189 -0.029917873 0.994331837 567.882812500
0.994804740 -0.002460316 0.101771913 61.303768158 -0.000471483 0.999585867 0.028773474 -50.504119873 -0.101800554 -0.028671971 0.994391561 570.208984375
0.994819522 -0.002010333 0.101637162 61.651981354 -0.000969453 0.999571383 0.029259993 -50.682174683 -0.101652414 -0.029206945 0.994391143 572.532775879
0.994793773 -0.002022887 0.101888075 61.980155945 -0.001065991 0.999541640 0.030252816 -50.862861633 -0.101902574 -0.030203927 0.994335771 574.916198730
0.994797289 -0.001993801 0.101855859 62.316543579 -0.001215060 0.999505043 0.031432189 -51.037322998 -0.101868138 -0.031392414 0.994302452 577.225585938
0.994700193 -0.001460534 0.102808811 62.627803802 -0.001608425 0.999555647 0.029761907 -51.203201294 -0.102806613 -0.029769527 0.994255722 579.601867676
0.994745016 -0.002189802 0.102360599 62.967227936 -0.000823764 0.999567628 0.029389154 -51.368301392 -0.102380715 -0.029319027 0.994313180 581.937316895
0.994723380 -0.002879962 0.102552935 63.301967621 -0.000326713 0.999511898 0.031237960 -51.554939270 -0.102592863 -0.031106634 0.994236946 584.271850586
0.994765639 -0.002773553 0.102145121 63.634017944 -0.000427803 0.999509633 0.031306017 -51.723674774 -0.102181874 -0.031185843 0.994276822 586.592651367
0.994755387 -0.005263624 0.102146201 63.990043640 0.002220137 0.999550819 0.029886238 -51.896278381 -0.102257632 -0.029502727 0.994320273 588.973449707
0.994764209 -0.005475691 0.102049574 64.322013855 0.002430025 0.999548495 0.029945431 -52.064826965 -0.102167480 -0.029540656 0.994328439 591.317687988
0.994782746 -0.007414298 0.101746388 64.651931763 0.004330636 0.999525487 0.030494830 -52.237068176 -0.101924233 -0.029895104 0.994342804 593.650451660
0.994806588 -0.008166015 0.101455115 64.991691589 0.005048625 0.999508321 0.030945655 -52.409950256 -0.101657934 -0.030272732 0.994358718 596.006164551
