1.000000000 0.000000000 0.000000000 0.000000000 0.000000000 1.000000000 0.000000000 0.000000000 0.000000000 0.000000000 1.000000000 0.000000000
0.999999881 0.000099364 0.000456292 0.086142845 -0.000099293 0.999999940 -0.000156189 -0.225684598 -0.000456308 0.000156143 0.999999881 2.289809227
0.999999225 0.000456243 0.001180675 0.165108517 -0.000456655 0.999999821 0.000348719 -0.462457925 -0.001180516 -0.000349257 0.999999225 4.587842941
0.999998391 0.000106135 0.001756252 0.262210310 -0.000107106 0.999999821 0.000552556 -0.693911254 -0.001756193 -0.000552743 0.999998271 6.878755569
0.999996543 0.000174803 0.002612273 0.355297089 -0.000172057 0.999999344 -0.001051371 -0.927034616 -0.002612455 0.001050918 0.999996006 9.174913406
0.999987066 0.001933501 0.004707878 0.446398109 -0.001934433 0.999998093 0.000193383 -1.161068678 -0.004707496 -0.000202487 0.999988914 11.479144096
0.999963820 0.003899591 0.007560978 0.528811216 -0.003910074 0.999991417 0.001372217 -1.390363812 -0.007555561 -0.001401731 0.999970496 13.792112350
0.999944210 0.003731773 0.009881826 0.637307584 -0.003772194 0.999984682 0.004075077 -1.620009184 -0.009866467 -0.004112126 0.999942899 16.065587997
0.999938488 0.003529329 0.010510461 0.755104721 -0.003581854 0.999981165 0.004982809 -1.850872040 -0.010492678 -0.005020150 0.999932289 18.406900406
0.999922931 0.002631046 0.012131442 0.863797843 -0.002694067 0.999983013 0.005181477 -2.077640533 -0.012117602 -0.005213762 0.999912977 20.697282791
0.999927461 0.000232934 0.012044159 0.994066596 -0.000266958 0.999996006 0.002823387 -2.304762125 -0.012043453 -0.002826398 0.999923468 23.015230179
0.999912441 -0.002026731 0.013080306 1.099441290 0.002014856 0.999997556 0.000920929 -2.526575327 -0.013082143 -0.000894494 0.999913990 25.297201157
0.999911845 -0.002985573 0.012940148 1.236337543 0.002981810 0.999995470 0.000310087 -2.773373604 -0.012941013 -0.000271474 0.999916196 27.608739853
0.999901712 -0.002677397 0.013765804 1.344917893 0.002687263 0.999996126 -0.000698211 -2.998760462 -0.013763878 0.000735135 0.999904931 29.895229340
0.999890864 -0.000367284 0.014761451 1.464150667 0.000344491 0.999998868 0.001546631 -3.226964235 -0.014761998 -0.001541378 0.999889851 32.176494598
0.999889910 0.001729239 0.014732926 1.596068740 -0.001784065 0.999991477 0.003708954 -3.447523355 -0.014726387 -0.003734831 0.999884605 34.456321716
0.999857426 0.003778821 0.016452568 1.708109617 -0.003907815 0.999961853 0.007815319 -3.679750443 -0.016422408 -0.007878498 0.999834120 36.760478973
0.999835134 0.005597439 0.017265024 1.824520111 -0.005723732 0.999957144 0.007274323 -3.898290396 -0.017223565 -0.007371947 0.999824464 39.033634186
0.999801219 0.004813534 0.019349098 1.931306839 -0.004930282 0.999969900 0.005990666 -4.105200291 -0.019319683 -0.006084872 0.999794841 41.322837830
0.999806166 0.002386061 0.019546224 2.057701588 -0.002479310 0.999985695 0.004747897 -4.328639507 -0.019534620 -0.004795438 0.999797702 43.598567963
0.999814212 0.002440563 0.019119328 2.200422764 -0.002518209 0.999988675 0.004038142 -4.561648369 -0.019109255 -0.004085538 0.999808967 45.864810944
0.999809086 0.001492795 0.019489348 2.322990417 -0.001552737 0.999994040 0.003060832 -4.790297985 -0.019484667 -0.003090509 0.999805510 48.147205353
0.999806106 0.000130892 0.019690750 2.457358360 -0.000202239 0.999993443 0.003621367 -5.020817280 -0.019690147 -0.003624647 0.999799550 50.422515869
0.999780953 -0.000488222 0.020924769 2.586498737 0.000398863 0.999990761 0.004274463 -5.246789455 -0.020926662 -0.004265180 0.999772012 52.691188812
0.999776721 -0.001643087 0.021065475 2.725479126 0.001559318 0.999990761 0.003992408 -5.472887993 -0.021071844 -0.003958668 0.999770164 54.972656250
0.999741197 -0.002329403 0.022628723 2.846907377 0.002237218 0.999989092 0.004098256 -5.699301243 -0.022638023 -0.004046570 0.999735534 57.274719238
0.999723196 -0.003651408 0.023241859 2.987748146 0.003540042 0.999981999 0.004830959 -5.925201893 -0.023259079 -0.004747345 0.999718189 59.541309357
0.999685764 -0.005244210 0.024509197 3.121373177 0.005141991 0.999977827 0.004231827 -6.149272442 -0.024530847 -0.004104472 0.999690592 61.807693481
0.999665380 -0.006002092 0.025161447 3.272621870 0.005897557 0.999973655 0.004226692 -6.374952316 -0.025186153 -0.004076887 0.999674439 64.060409546
0.999633968 -0.005580483 0.026469678 3.414869308 0.005458431 0.999974132 0.004681015 -6.596009731 -0.026495114 -0.004534819 0.999638677 66.333557129
0.999616742 -0.004652978 0.027288890 3.565352440 0.004513809 0.999976516 0.005159232 -6.823678493 -0.027312251 -0.005034078 0.999614298 68.595184326
0.999573946 -0.004775558 0.028792560 3.703449726 0.004640318 0.999977887 0.004762029 -7.046838760 -0.028814666 -0.004626394 0.999574065 70.850418091
0.999558091 -0.005575147 0.029195836 3.866487026 0.005478482 0.999979198 0.003389824 -7.269850731 -0.029214127 -0.003228377 0.999567986 73.103942871
0.999550760 -0.006484990 0.029260786 4.031816959 0.006375006 0.999972284 0.003850429 -7.497591496 -0.029284941 -0.003662161 0.999564409 75.386283875
0.999497235 -0.007753653 0.030740906 4.189838409 0.007648346 0.999964535 0.003541714 -7.729798794 -0.030767271 -0.003304817 0.999521136 77.651054382
0.999493122 -0.008703138 0.030622687 4.347329617 0.008609770 0.999957860 0.003179375 -7.958910942 -0.030649060 -0.002914110 0.999525964 79.918937683
0.999460280 -0.009161681 0.031546149 4.497795105 0.009080262 0.999955058 0.002723194 -8.174999237 -0.031569682 -0.002435277 0.999498606 82.176040649
0.999452531 -0.008569928 0.031960640 4.674036980 0.008498338 0.999961019 0.002375114 -8.399264336 -0.031979755 -0.002102201 0.999486327 84.460533142
0.999394238 -0.008290585 0.033798832 4.830266476 0.008200703 0.999962568 0.002797063 -8.618014336 -0.033820752 -0.002518195 0.999424756 86.713508606
0.999395847 -0.008182817 0.033776376 5.002475739 0.008034669 0.999957502 0.004519526 -8.855671883 -0.033811916 -0.004245414 0.999419212 88.998222351
0.999363542 -0.007260405 0.034923129 5.161868095 0.007079934 0.999960899 0.005288580 -9.083845139 -0.034960166 -0.005037960 0.999375999 91.255226135
0.999342084 -0.007212720 0.035542555 5.333361626 0.007042751 0.999963164 0.004905028 -9.301602364 -0.035576627 -0.004651482 0.999356270 93.508598328
0.999324918 -0.007383200 0.035988770 5.504946709 0.007235378 0.999964774 0.004235959 -9.517804146 -0.036018793 -0.003972707 0.999343157 95.765724182
0.999293625 -0.007753307 0.036770616 5.673834801 0.007590477 0.999960780 0.004565807 -9.740551949 -0.036804572 -0.004283475 0.999313295 98.024742126
0.999256790 -0.007386484 0.037832584 5.836498260 0.007234224 0.999965191 0.004159886 -9.973367691 -0.037861995 -0.003883106 0.999275446 100.269126892
0.999209225 -0.007465421 0.039055716 5.998786926 0.007272097 0.999960661 0.005089711 -10.189800262 -0.039092179 -0.004801670 0.999224067 102.500259399
0.999198616 -0.007823118 0.039254729 6.199868202 0.007636932 0.999958873 0.004890674 -10.416073799 -0.039291378 -0.004586969 0.999217272 104.788352966
0.999169528 -0.008476343 0.039855253 6.378091812 0.008263204 0.999950647 0.005509529 -10.633116722 -0.039899994 -0.005175621 0.999190271 107.029457092
0.999143600 -0.009843535 0.040188953 6.562603951 0.009624961 0.999937832 0.005628530 -10.850134850 -0.040241860 -0.005236892 0.999176264 109.283447266
0.999099731 -0.010855162 0.041009109 6.743252754 0.010592611 0.999922037 0.006614176 -11.077812195 -0.041077707 -0.006173828 0.999136865 111.539520264
0.999077260 -0.011607235 0.041350510 6.935361385 0.011394385 0.999920607 0.005379441 -11.300911903 -0.041409664 -0.004903313 0.999130189 113.803443909
0.999034822 -0.011770793 0.042318657 7.117499352 0.011583137 0.999921978 0.004676840 -11.523086548 -0.042370405 -0.004182143 0.999093235 116.052085876
0.998994470 -0.012179492 0.043147389 7.299501419 0.011974927 0.999915838 0.004996378 -11.748787880 -0.043204606 -0.004474667 0.999056160 118.301185608
0.998944759 -0.012326062 0.044242468 7.488585472 0.012077439 0.999909759 0.005882500 -11.973271370 -0.044310994 -0.005341957 0.999003470 120.567710876
0.998936832 -0.013132141 0.044189174 7.695391655 0.012850820 0.999895334 0.006644354 -12.198636055 -0.044271808 -0.006069424 0.999001145 122.775558472
0.998865128 -0.013887178 0.045561545 7.887043953 0.013622515 0.999888539 0.006114321 -12.426507950 -0.045641389 -0.005486720 0.998942792 125.086227417
0.998827279 -0.014654307 0.046144087 8.072807312 0.014425362 0.999881864 0.005290662 -12.648039818 -0.046216182 -0.004618813 0.998920739 127.339576721
0.998810470 -0.016079355 0.046033613 8.265323639 0.015830940 0.999858141 0.005755903 -12.868600845 -0.046119619 -0.005020301 0.998923302 129.611999512
0.998840511 -0.017283224 0.044933029 8.458277702 0.017026994 0.999836564 0.006078897 -13.085487366 -0.045030747 -0.005306774 0.998971522 131.855972290
0.998896658 -0.017590374 0.043546580 8.655387878 0.017297512 0.999825120 0.007093046 -13.300735474 -0.043663733 -0.006331973 0.999026239 134.093750000
0.998937547 -0.018454786 0.042227317 8.838255882 0.018173868 0.999810159 0.007026714 -13.525514603 -0.042348977 -0.006251815 0.999083340 136.348022461
0.999007046 -0.019290077 0.040159520 9.045967102 0.019033723 0.999796033 0.006755970 -13.741916656 -0.040281653 -0.005984877 0.999170423 138.575073242
0.998983860 -0.019913360 0.040431675 9.207876205 0.019659156 0.999784470 0.006675172 -13.961732864 -0.040555894 -0.005873536 0.999159992 140.862915039
0.998979151 -0.020223375 0.040395070 9.381440163 0.019966479 0.999777913 0.006752909 -14.169852257 -0.040522657 -0.005939467 0.999160945 143.096023560
0.999021709 -0.020323638 0.039275162 9.569208145 0.020008992 0.999764562 0.008387953 -14.400724411 -0.039436404 -0.007593892 0.999193370 145.329055786
0.999039173 -0.019369163 0.039311849 9.744762421 0.019101895 0.999791801 0.007163012 -14.612726212 -0.039442413 -0.006405199 0.999201298 147.582107544
0.999059081 -0.018287923 0.039328400 9.925844193 0.018083714 0.999821126 0.005541972 -14.827636719 -0.039422728 -0.004825553 0.999210954 149.837783813
0.999072433 -0.016900213 0.039606705 10.103790283 0.016730884 0.999849439 0.004602960 -15.047563553 -0.039678529 -0.003936036 0.999204695 152.087860107
0.999081969 -0.016026169 0.039729495 10.290081024 0.015852356 0.999863327 0.004686284 -15.265094757 -0.039799169 -0.004052176 0.999199510 154.335662842
0.999071956 -0.015266484 0.040277999 10.474395752 0.015069836 0.999872983 0.005181481 -15.483829498 -0.040351991 -0.004569689 0.999175072 156.582809448
0.999067307 -0.013997536 0.040847763 10.641023636 0.013731641 0.999882698 0.006782825 -15.709405899 -0.040937915 -0.006215593 0.999142349 158.828170776
0.999010086 -0.013336464 0.042437319 10.819897652 0.013029265 0.999886930 0.007507303 -15.923666000 -0.042532649 -0.006946945 0.999070942 161.062698364
0.998986542 -0.012033091 0.043371618 10.985051155 0.011632367 0.999887347 0.009479959 -16.147047043 -0.043480814 -0.008965838 0.999013960 163.350570679
0.998953581 -0.011565131 0.044248987 11.171638489 0.011195222 0.999900341 0.008598422 -16.349739075 -0.044344019 -0.008094047 0.998983502 165.614135742
0.998920739 -0.010936487 0.045144152 11.368698120 0.010616601 0.999916852 0.007319563 -16.562503815 -0.045220453 -0.006832385 0.998953640 167.858215332
0.998854816 -0.009098016 0.046971183 11.554892540 0.008752935 0.999933183 0.007547137 -16.774414062 -0.047036711 -0.007127360 0.998867691 170.093109131
0.998727918 -0.008732113 0.049661275 11.745190620 0.008352073 0.999934256 0.007855020 -17.002529144 -0.049726598 -0.007430255 0.998735189 172.369613647
0.998613298 -0.009099412 0.051851619 11.950803757 0.008717497 0.999933183 0.007586949 -17.216459274 -0.051917180 -0.007124411 0.998626113 174.640014648
0.998528600 -0.009180277 0.053443596 12.164509773 0.008774281 0.999930918 0.007826403 -17.432123184 -0.053511750 -0.007345959 0.998540163 176.906250000
0.998452187 -0.009188958 0.054851856 12.352790833 0.008727049 0.999924481 0.008654612 -17.644247055 -0.054927230 -0.008162522 0.998457015 179.133483887
0.998409629 -0.010175170 0.055451486 12.560282707 0.009700751 0.999914050 0.008818040 -17.856224060 -0.055536456 -0.008266093 0.998422503 181.361236572
0.998466909 -0.010718347 0.054304376 12.779045105 0.010269979 0.999910891 0.008528875 -18.078172684 -0.054390952 -0.007958095 0.998488009 183.641342163
0.998478889 -0.012153695 0.053779021 12.993876457 0.011725828 0.999897122 0.008264423 -18.290359497 -0.053873930 -0.007621249 0.998518646 185.881896973
0.998494387 -0.013963587 0.053047299 13.210868835 0.013497295 0.999867201 0.009138266 -18.503210068 -0.053167857 -0.008408511 0.998550117 188.117340088
0.998496592 -0.014656262 0.052817944 13.415514946 0.014245429 0.999865353 0.008146433 -18.707464218 -0.052930236 -0.007381771 0.998570919 190.354995728
0.998455465 -0.015728114 0.053285204 13.616958618 0.015324369 0.999850690 0.007977222 -18.923543930 -0.053402714 -0.007148339 0.998547494 192.593765259
0.998470187 -0.016847245 0.052664015 13.834888458 0.016471352 0.999835730 0.007563417 -19.147035599 -0.052782785 -0.006684400 0.998583674 194.858612061
0.998497009 -0.016512888 0.052259918 14.051078796 0.016120464 0.999838650 0.007921831 -19.360429764 -0.052382309 -0.007067471 0.998602033 197.089111328
0.998500764 -0.015225720 0.052577272 14.264266968 0.014817814 0.999857068 0.008139404 -19.576301575 -0.052693684 -0.007348123 0.998583674 199.321533203
0.998516321 -0.012360868 0.053030491 14.463106155 0.011973997 0.999899387 0.007606797 -19.795001984 -0.053119175 -0.006960526 0.998563945 201.592117310
0.998493433 -0.011766482 0.053594667 14.676648140 0.011414110 0.999911189 0.006876131 -20.009632111 -0.053670820 -0.006254036 0.998539090 203.856994629
0.998446286 -0.012161222 0.054378010 14.874103546 0.011777230 0.999903321 0.007376439 -20.218952179 -0.054462470 -0.006724556 0.998493195 206.077590942
0.998435676 -0.013596964 0.054234050 15.107387543 0.013185514 0.999881506 0.007937207 -20.446186066 -0.054335546 -0.007209686 0.998496652 208.334609985
0.998367250 -0.013277786 0.055556290 15.313221931 0.012837456 0.999883354 0.008275243 -20.651903152 -0.055659689 -0.007548529 0.998421252 210.579559326
0.998292267 -0.013309369 0.056879267 15.522841454 0.012794111 0.999873757 0.009413355 -20.878215790 -0.056997385 -0.008669561 0.998336613 212.822830200
0.998225391 -0.011786458 0.058369692 15.759078026 0.011228955 0.999888182 0.009870106 -21.091106415 -0.058479499 -0.009197158 0.998246253 215.054748535
0.998056054 -0.010012017 0.061512876 15.987119675 0.009417801 0.999906242 0.009942335 -21.312511444 -0.061606649 -0.009343693 0.998056769 217.356704712
0.997919083 -0.010107907 0.063681178 16.215110779 0.009480143 0.999903619 0.010152419 -21.520509720 -0.063777640 -0.009527587 0.997918665 219.603134155
0.997789621 -0.011577224 0.065436155 16.449655533 0.010905393 0.999884129 0.010614878 -21.726654053 -0.065551460 -0.009877807 0.997800231 221.839355469
0.997688591 -0.013198137 0.066657878 16.685777664 0.012465713 0.999857366 0.011391846 -21.931716919 -0.066798709 -0.010534575 0.997710884 224.072128296
0.997627378 -0.015308893 0.067123294 16.941780090 0.014609667 0.999833882 0.010895597 -22.146984100 -0.067278951 -0.009889095 0.997685194 226.311767578
0.997592270 -0.016600911 0.067335024 17.183673859 0.015927354 0.999817729 0.010527622 -22.348398209 -0.067497522 -0.009429807 0.997674823 228.563949585
0.997536421 -0.016950399 0.068073139 17.422302246 0.016252153 0.999809623 0.010798045 -22.554164886 -0.068243213 -0.009665107 0.997621894 230.802505493
0.997488797 -0.018191347 0.068449907 17.673187256 0.017562615 0.999798000 0.009775912 -22.760530472 -0.068613917 -0.008549202 0.997606635 233.054107666
0.997431457 -0.019245714 0.068992846 17.915889740 0.018543787 0.999769807 0.010800015 -22.963373184 -0.069184810 -0.009492887 0.997558653 235.289627075
0.997432947 -0.018695705 0.069123380 18.180860519 0.017975841 0.999777675 0.011021593 -23.172227859 -0.069314055 -0.009750750 0.997547209 237.564300537
0.997405887 -0.018571949 0.069545656 18.425931931 0.017862149 0.999781966 0.010814249 -23.374153137 -0.069731340 -0.009543960 0.997520149 239.799713135
0.997368872 -0.018825976 0.070006870 18.672754288 0.018091671 0.999774635 0.011108374 -23.581674576 -0.070200212 -0.009812603 0.997484684 242.032821655
0.997324288 -0.019069552 0.070573762 18.919755936 0.018321559 0.999769211 0.011230980 -23.785148621 -0.070771635 -0.009907907 0.997443318 244.275817871
0.997285426 -0.019227767 0.071077913 19.166477203 0.018533237 0.999773979 0.010418003 -23.994619370 -0.071262144 -0.009072419 0.997416377 246.506896973
0.997305751 -0.018994592 0.070855021 19.429847717 0.018355878 0.999784887 0.009654706 -24.205194473 -0.071023166 -0.008328088 0.997439921 248.747634888
0.997288525 -0.019302351 0.071014404 19.682762146 0.018618353 0.999773800 0.010281228 -24.417993546 -0.071196787 -0.008931178 0.997422397 250.990982056
0.997259796 -0.020331193 0.071130872 19.935848236 0.019654339 0.999754727 0.010202697 -24.626569748 -0.071320847 -0.008776707 0.997414827 253.218856812
0.997264206 -0.020187505 0.071109109 20.201034546 0.019466840 0.999752045 0.010813139 -24.834041595 -0.071309745 -0.009399289 0.997409940 255.480072021
0.997222900 -0.020916181 0.071477793 20.443010330 0.020182064 0.999736071 0.010977438 -25.043128967 -0.071688533 -0.009504382 0.997381806 257.703155518
0.997219026 -0.021042017 0.071493149 20.710643768 0.020269189 0.999728203 0.011518240 -25.255495071 -0.071716070 -0.010037102 0.997374535 259.977050781
0.997198045 -0.020851435 0.071842171 20.971427917 0.020116692 0.999737859 0.010935675 -25.458887100 -0.072051369 -0.009459808 0.997355998 262.224548340
0.997182190 -0.020682452 0.072110653 21.231557846 0.019988555 0.999746859 0.010331190 -25.662189484 -0.072306059 -0.008860691 0.997343063 264.479095459
0.997152925 -0.019920377 0.072727174 21.488426208 0.019243205 0.999764800 0.009999979 -25.876424789 -0.072909266 -0.008572003 0.997301698 266.715576172
0.997076213 -0.019238610 0.073951125 21.743427277 0.018535445 0.999776304 0.010183131 -26.081176758 -0.074130498 -0.008782639 0.997209907 268.963562012
0.996975482 -0.018877495 0.075388961 22.002933502 0.018188562 0.999786377 0.009814520 -26.303779602 -0.075558126 -0.008413620 0.997106016 271.213806152
0.996901095 -0.019564448 0.076193638 22.278823853 0.018849233 0.999771357 0.010094692 -26.514450073 -0.076373711 -0.008627218 0.997041941 273.461425781
0.996685326 -0.020251717 0.078792237 22.520679474 0.019474559 0.999753952 0.010619423 -26.714546204 -0.078987911 -0.009049778 0.996834517 275.702880859
0.996567607 -0.020268895 0.080262616 22.792053223 0.019375797 0.999741554 0.011890535 -26.914859772 -0.080482878 -0.010294571 0.996702850 277.941955566
0.996494412 -0.019939890 0.081248008 23.075225830 0.018910317 0.999731064 0.013421962 -27.132732391 -0.081493787 -0.011838485 0.996603549 280.196472168
0.996419072 -0.019688454 0.082226589 23.359382629 0.018577494 0.999725699 0.014254398 -27.336809158 -0.082484685 -0.012675791 0.996511698 282.432128906
0.996346712 -0.018590687 0.083351463 23.637031555 0.017444376 0.999743283 0.014460023 -27.535961151 -0.083598882 -0.012953185 0.996415317 284.691070557
0.996232867 -0.017549722 0.084923103 23.904077530 0.016443001 0.999770701 0.013714027 -27.730173111 -0.085144326 -0.012265975 0.996293187 286.921173096
0.996237278 -0.016753331 0.085032105 24.194217682 0.015714839 0.999793708 0.012867632 -27.928108215 -0.085230149 -0.011482949 0.996295094 289.168121338
0.996180236 -0.017544908 0.085539967 24.468431473 0.016484743 0.999778509 0.013084459 -28.134120941 -0.085750595 -0.011624374 0.996248782 291.395111084
0.996186554 -0.017327387 0.085511066 24.747234344 0.016377933 0.999796331 0.011792388 -28.328880310 -0.085698009 -0.010346925 0.996267438 293.673492432
0.996203601 -0.017821459 0.085210316 25.028974533 0.016935879 0.999794900 0.011104621 -28.531721115 -0.085390739 -0.009619354 0.996301115 295.899322510
0.996205628 -0.017789740 0.085192613 25.310428619 0.016910197 0.999796212 0.011034692 -28.737499237 -0.085371554 -0.009552198 0.996303380 298.134002686
0.996201575 -0.017193951 0.085362777 25.589862823 0.016300701 0.999804914 0.011150228 -28.938375473 -0.085537829 -0.009716403 0.996287465 300.372680664
0.996156752 -0.016740743 0.085972942 25.851816177 0.015751397 0.999801815 0.012173234 -29.150802612 -0.086159706 -0.010772256 0.996223092 302.608215332
0.996153653 -0.016831489 0.085991494 26.136379242 0.015828043 0.999798536 0.012337642 -29.353420258 -0.086181827 -0.010929109 0.996219456 304.856781006
0.996119380 -0.016069714 0.086532928 26.419279099 0.015046546 0.999809086 0.012463347 -29.556505203 -0.086716697 -0.011112961 0.996171057 307.103729248
0.996117055 -0.016897351 0.086401865 26.704599380 0.015874168 0.999795675 0.012515578 -29.769794464 -0.086595692 -0.011095421 0.996181726 309.360382080
0.996080518 -0.018250661 0.086547546 26.989841461 0.017200567 0.999769330 0.012863463 -29.970884323 -0.086762346 -0.011324378 0.996164680 311.621093750
0.996052623 -0.018019330 0.086916395 27.272418976 0.017011452 0.999779344 0.012322784 -30.176439285 -0.087119266 -0.010795567 0.996139407 313.863983154
0.996074498 -0.017649515 0.086740851 27.566299438 0.016583489 0.999778032 0.012995057 -30.382266998 -0.086950943 -0.011505580 0.996146142 316.114379883
0.996032357 -0.015986668 0.087543547 27.847837448 0.014979549 0.999813974 0.012149127 -30.586919785 -0.087721474 -0.010789562 0.996086597 318.355926514
0.996023715 -0.014291925 0.087934144 28.128772736 0.013224110 0.999831676 0.012713972 -30.789999008 -0.088101044 -0.011500567 0.996045172 320.607635498
0.995948136 -0.013018167 0.088982560 28.403995514 0.011951048 0.999850214 0.012514777 -30.995510101 -0.089132160 -0.011400632 0.995954573 322.838989258
0.995892823 -0.012093661 0.089728422 28.678054810 0.010978600 0.999856412 0.012910246 -31.193075180 -0.089871667 -0.011872127 0.995882571 325.078857422
0.995890617 -0.011749254 0.089799032 28.970329285 0.010501581 0.999841750 0.014353944 -31.405080795 -0.089953497 -0.013351928 0.995856464 327.302459717
0.995847881 -0.012303311 0.090197690 29.249963760 0.011058857 0.999836802 0.014283762 -31.612201691 -0.090358719 -0.013226970 0.995821357 329.547363281
0.995859921 -0.014069884 0.089805424 29.550251007 0.012911026 0.999825835 0.013472002 -31.810817719 -0.089979365 -0.012256748 0.995868146 331.783416748
0.995855510 -0.013594327 0.089927100 29.835641861 0.012456902 0.999835312 0.013197483 -32.013351440 -0.090091690 -0.012022574 0.995860934 334.002441406
0.995845020 -0.014164174 0.089955695 30.124240875 0.012909593 0.999811471 0.014513222 -32.213455200 -0.090144314 -0.013291632 0.995839953 336.233428955
0.995891392 -0.014696226 0.089355052 30.426532745 0.013451782 0.999804318 0.014513264 -32.411277771 -0.089550845 -0.013251652 0.995894074 338.468536377
0.995893717 -0.014623454 0.089341022 30.710700989 0.013343961 0.999799907 0.014902005 -32.616386414 -0.089541078 -0.013648652 0.995889604 340.710723877
0.995936632 -0.014773056 0.088836476 31.007408142 0.013523499 0.999801219 0.014651308 -32.818080902 -0.089035250 -0.013390397 0.995938480 342.957183838
0.995941281 -0.014769215 0.088785619 31.292997360 0.013480503 0.999795139 0.015097060 -33.015586853 -0.088990405 -0.013838909 0.995936334 345.200653076
0.995977998 -0.014629945 0.088395603 31.580585480 0.013329189 0.999794304 0.015287610 -33.211822510 -0.088601075 -0.014047883 0.995968103 347.438964844
0.996034801 -0.014526808 0.087770268 31.870189667 0.013233336 0.999795377 0.015300968 -33.410385132 -0.087974563 -0.014078805 0.996023238 349.683135986
0.996036351 -0.014002558 0.087838314 32.151252747 0.012672377 0.999796689 0.015682941 -33.609867096 -0.088040069 -0.014507660 0.996011376 351.923187256
0.996071398 -0.014384551 0.087377846 32.434177399 0.013035703 0.999787211 0.015988056 -33.802749634 -0.087589227 -0.014786212 0.996047080 354.151550293
0.996095359 -0.013952423 0.087174512 32.713661194 0.012640701 0.999798834 0.015581058 -34.000640869 -0.087374367 -0.014418275 0.996071160 356.388000488
0.996145070 -0.014093461 0.086581640 33.000564575 0.012756136 0.999790967 0.015979763 -34.195491791 -0.086788751 -0.014813717 0.996116579 358.623046875
0.996195138 -0.013459002 0.086105384 33.287857056 0.012054869 0.999786079 0.016806394 -34.393932343 -0.086313166 -0.015704460 0.996144235 360.876800537
0.996258855 -0.013511990 0.085356228 33.579875946 0.012123379 0.999785900 0.016765909 -34.591690063 -0.085564502 -0.015668381 0.996209383 363.125823975
0.996301174 -0.013440820 0.084872097 33.867183685 0.012031090 0.999781370 0.017099772 -34.784896851 -0.085083380 -0.016015418 0.996245086 365.368835449
0.996344984 -0.013588708 0.084332973 34.150226593 0.012242245 0.999789476 0.016462693 -34.981849670 -0.084538914 -0.015370092 0.996301651 367.636962891
0.996363640 -0.014162971 0.084018804 34.431350708 0.012825996 0.999782741 0.016431332 -35.180908203 -0.084233277 -0.015293954 0.996328712 369.889495850
0.996347487 -0.014067525 0.084224232 34.704509735 0.012806541 0.999798000 0.015493373 -35.371597290 -0.084425159 -0.014358165 0.996326387 372.157196045
0.996421337 -0.013931344 0.083369337 34.989318848 0.012683417 0.999799728 0.015479641 -35.570808411 -0.083568275 -0.014366838 0.996398509 374.402893066
0.996510804 -0.013837476 0.082309231 35.277103424 0.012559632 0.999792814 0.016022520 -35.765369415 -0.082513884 -0.014932838 0.996478081 376.650451660
0.996418893 -0.013309848 0.083499946 35.539016724 0.011976546 0.999792993 0.016448343 -35.961372375 -0.083701596 -0.015389397 0.996372163 378.919464111
0.996419668 -0.013911149 0.083392166 35.817367554 0.012556434 0.999780893 0.016747655 -36.161903381 -0.083606876 -0.015640587 0.996375978 381.165985107
0.996443689 -0.013948865 0.083098680 36.101692200 0.012594693 0.999779522 0.016797962 -36.352413177 -0.083314680 -0.015691619 0.996399760 383.425842285
0.996457756 -0.013155437 0.083059520 36.384555817 0.011772605 0.999784172 0.017116601 -36.551651001 -0.083266765 -0.016078146 0.996397555 385.678558350
0.996459961 -0.011977823 0.083212227 36.661308289 0.010597825 0.999799192 0.017006030 -36.738243103 -0.083399221 -0.016063958 0.996386707 387.941528320
0.996483386 -0.010828621 0.083089396 36.945880890 0.009461717 0.999813735 0.016827157 -36.939273834 -0.083256133 -0.015981810 0.996399999 390.213256836
0.996456146 -0.009623597 0.083561085 37.218704224 0.008244243 0.999824286 0.016836524 -37.136940002 -0.083708420 -0.016087960 0.996360421 392.491912842
0.996483088 -0.008383115 0.083373994 37.499912262 0.006890520 0.999811113 0.018174075 -37.330722809 -0.083510607 -0.017535668 0.996352553 394.751403809
0.996420622 -0.007017591 0.084242247 37.768070221 0.005471354 0.999812543 0.018571500 -37.526306152 -0.084356785 -0.018044109 0.996272206 397.012756348
0.996355295 -0.006577173 0.085046522 38.045738220 0.005139840 0.999840438 0.017108483 -37.728118896 -0.085145488 -0.016609006 0.996230066 399.282318115
0.996282518 -0.006419918 0.085905947 38.317226410 0.005006138 0.999848664 0.016662609 -37.925010681 -0.085999906 -0.016170613 0.996163905 401.548095703
0.996168613 -0.007379744 0.087140612 38.589771271 0.005882904 0.999830902 0.017421624 -38.114059448 -0.087254442 -0.016842233 0.996043682 403.794799805
0.996172607 -0.008702941 0.086973660 38.878376007 0.007097423 0.999799073 0.018752018 -38.312423706 -0.087119363 -0.018062962 0.996034205 406.085052490
0.996116340 -0.009216383 0.087563038 39.159152985 0.007620045 0.999798894 0.018547529 -38.504253387 -0.087716371 -0.017808262 0.995986283 408.339416504
0.996091068 -0.007411752 0.088022202 39.471031189 0.005910188 0.999832749 0.017307285 -38.686546326 -0.088135749 -0.016719406 0.995968163 410.622131348
0.996040106 -0.006884704 0.088638648 39.757869720 0.005284116 0.999818981 0.018279454 -38.889717102 -0.088748448 -0.017738687 0.995896101 412.877014160
0.995992243 -0.004901222 0.089304671 40.064281464 0.003356379 0.999842227 0.017440533 -39.090133667 -0.089376062 -0.017070901 0.995851576 415.153564453
0.995912135 -0.004168802 0.090230338 40.357402802 0.002597827 0.999843061 0.017521158 -39.284687042 -0.090289213 -0.017215135 0.995766759 417.421569824
0.995863438 -0.004556861 0.090748087 40.652881622 0.002985617 0.999843359 0.017442580 -39.481891632 -0.090813361 -0.017099489 0.995721102 419.674591064
0.995767295 -0.004670389 0.091790654 40.938438416 0.003087726 0.999844253 0.017376542 -39.674247742 -0.091857508 -0.017019566 0.995626688 421.927551270
0.995683908 -0.004857184 0.092682093 41.224937439 0.003277098 0.999846816 0.017193032 -39.871086121 -0.092751414 -0.016815094 0.995547295 424.184295654
0.995620847 -0.005281018 0.093333788 41.523044586 0.003602965 0.999828994 0.018138414 -40.063758850 -0.093413614 -0.017722705 0.995469630 426.458770752
0.995573819 -0.004522263 0.093873762 41.815631866 0.002768214 0.999819398 0.018806994 -40.256195068 -0.093941860 -0.018463885 0.995406449 428.710174561
0.995500743 -0.003680434 0.094682686 42.117523193 0.001844507 0.999808729 0.019470518 -40.446975708 -0.094736248 -0.019208273 0.995317042 430.984313965
0.995519280 -0.004067348 0.094471216 42.422035217 0.002225820 0.999805629 0.019590205 -40.643737793 -0.094532520 -0.019292155 0.995334804 433.240966797
0.995482326 -0.004823345 0.094825603 42.726665497 0.003035108 0.999814928 0.018993368 -40.843582153 -0.094899677 -0.018619755 0.995312691 435.508026123
0.995484054 -0.003959557 0.094846152 43.035713196 0.002168895 0.999817610 0.018975299 -41.020874023 -0.094903998 -0.018683899 0.995311081 437.778137207
0.995427370 -0.004340098 0.095423080 43.336471558 0.002512000 0.999811172 0.019269601 -41.214263916 -0.095488697 -0.018941788 0.995250285 440.060546875
0.995470405 -0.004452584 0.094967909 43.649368286 0.002619848 0.999808133 0.019414434 -41.404186249 -0.095036119 -0.019077696 0.995291054 442.336181641
0.995416343 -0.003814896 0.095559552 43.950428009 0.001842577 0.999783635 0.020719426 -41.610706329 -0.095617913 -0.020448381 0.995208085 444.606872559
0.995403945 -0.004326072 0.095667392 44.261413574 0.002362966 0.999784529 0.020623887 -41.796627045 -0.095736004 -0.020303039 0.995199621 446.883300781
0.995389581 -0.004043690 0.095829308 44.565425873 0.002120661 0.999794424 0.020160602 -41.987480164 -0.095891140 -0.019864433 0.995193601 449.151092529
0.995410740 -0.003350504 0.095636018 44.874954224 0.001478089 0.999805987 0.019642686 -42.179401398 -0.095683269 -0.019411180 0.995222509 451.415161133
0.995363653 -0.002800274 0.096142568 45.177757263 0.000935472 0.999810815 0.019435812 -42.377445221 -0.096178792 -0.019255759 0.995177805 453.677154541
0.995268703 -0.001949367 0.097140998 45.476692200 0.000064243 0.999811828 0.019405410 -42.560283661 -0.097160526 -0.019307360 0.995081425 455.953735352
0.995241106 -0.002187180 0.097418278 45.775798798 0.000320429 0.999816239 0.019173747 -42.758869171 -0.097442299 -0.019051291 0.995058835 458.217712402
0.995273173 -0.001295577 0.097106427 46.095664978 -0.000480752 0.999833047 0.018266965 -42.948421478 -0.097113885 -0.018227305 0.995106339 460.500823975
0.995274901 -0.000117021 0.097097293 46.408332825 -0.001714327 0.999822199 0.018777326 -43.143211365 -0.097082213 -0.018855058 0.995097756 462.784545898
0.995293200 0.000033784 0.096909165 46.717205048 -0.001995907 0.999795079 0.020150166 -43.337360382 -0.096888609 -0.020248748 0.995089233 465.061523438
0.995345891 -0.000022879 0.096366569 47.018383026 -0.001964157 0.999787509 0.020524634 -43.524818420 -0.096346557 -0.020618394 0.995134234 467.324523926
0.995465100 0.000273252 0.095126837 47.335079193 -0.002113756 0.999812484 0.019247655 -43.713836670 -0.095103741 -0.019361448 0.995279074 469.607238770
0.995517790 0.000143298 0.094573490 47.648536682 -0.001931088 0.999821067 0.018812459 -43.909851074 -0.094553873 -0.018910771 0.995340109 471.902893066
0.995596111 -0.000173280 0.093746044 47.952796936 -0.001712047 0.999798000 0.020030199 -44.110847473 -0.093730569 -0.020102488 0.995394647 474.186645508
0.995565593 -0.000448237 0.094068691 48.241836548 -0.001432346 0.999800503 0.019923124 -44.300285339 -0.094058856 -0.019969519 0.995366335 476.467071533
0.995649397 -0.000298650 0.093178526 48.539348602 -0.001547684 0.999803901 0.019742128 -44.483161926 -0.093166143 -0.019800447 0.995453596 478.750122070
0.995653331 -0.000419527 0.093135618 48.835739136 -0.001486755 0.999790847 0.020397469 -44.676151276 -0.093124710 -0.020447282 0.995444477 481.027679443
0.995709300 -0.000820009 0.092532873 49.141609192 -0.001108130 0.999783397 0.020784043 -44.864532471 -0.092529848 -0.020797400 0.995492637 483.297760010
0.995712638 -0.001198558 0.092493393 49.431529999 -0.000653671 0.999799967 0.019992640 -45.054061890 -0.092498846 -0.019967383 0.995512605 485.582855225
0.995810270 -0.002268665 0.091414936 49.732204437 0.000330852 0.999775052 0.021207569 -45.260604858 -0.091442473 -0.021088475 0.995587051 487.881439209
0.995921791 -0.002664992 0.090181880 50.037570953 0.000736867 0.999770582 0.021406949 -45.446159363 -0.090218239 -0.021253193 0.995695233 490.162628174
0.995821655 -0.002008632 0.091296963 50.291564941 0.000020503 0.999762952 0.021772219 -45.643371582 -0.091319047 -0.021679379 0.995585680 492.442138672
0.995891035 -0.001344324 0.090549402 50.598003387 -0.000664481 0.999754548 0.022150828 -45.829799652 -0.090556942 -0.022119984 0.995645583 494.733428955
0.995892346 -0.000845833 0.090540983 50.882099152 -0.001138558 0.999760449 0.021863159 -46.015804291 -0.090537772 -0.021876438 0.995652735 497.029357910
0.995917380 -0.000711070 0.090266928 51.185840607 -0.001239371 0.999766946 0.021549601 -46.212738037 -0.090261206 -0.021573493 0.995684445 499.340911865
0.995958209 -0.000917112 0.089814559 51.477504730 -0.001114506 0.999744713 0.022567384 -46.403892517 -0.089812316 -0.022576263 0.995702803 501.632904053
0.995964706 -0.000686397 0.089743137 51.763423920 -0.001368392 0.999738276 0.022832811 -46.594684601 -0.089735314 -0.022863476 0.995703161 503.908752441
0.995976150 0.000149743 0.089617610 52.053256989 -0.002146679 0.999751508 0.022186887 -46.783279419 -0.089592002 -0.022289991 0.995729089 506.199005127
0.995973229 0.000468813 0.089650221 52.341640472 -0.002512260 0.999739528 0.022682074 -46.970928192 -0.089616239 -0.022815958 0.995715022 508.493408203
0.996018171 -0.000003772 0.089150712 52.643501282 -0.001942581 0.999761581 0.021745397 -47.160774231 -0.089129537 -0.021831986 0.995780885 510.789611816
0.996061146 -0.000480770 0.088666789 52.944629669 -0.001527540 0.999743879 0.022580830 -47.352779388 -0.088654935 -0.022627337 0.995805323 513.093688965
0.996090889 -0.000288116 0.088333644 53.240653992 -0.001733856 0.999738276 0.022812579 -47.539783478 -0.088317096 -0.022876563 0.995829701 515.397338867
0.996095240 0.000395737 0.088284053 53.528812408 -0.002398783 0.999742031 0.022583703 -47.726284027 -0.088252343 -0.022707295 0.995839298 517.705505371
0.996072054 0.001250190 0.088536702 53.811267853 -0.003236676 0.999746144 0.022296848 -47.914199829 -0.088486359 -0.022495832 0.995823324 519.999328613
0.996038139 0.003002384 0.088876069 54.109840393 -0.005016995 0.999735296 0.022452941 -48.109024048 -0.088785134 -0.022809878 0.995789587 522.355773926
0.995968521 0.005099555 0.089558139 54.403312683 -0.007161283 0.999716341 0.022714911 -48.299221039 -0.089416914 -0.023264688 0.995722532 524.692687988
0.995918691 0.005790520 0.090069123 54.699386597 -0.007968738 0.999683917 0.023843069 -48.480598450 -0.089902595 -0.024463493 0.995649993 527.023559570
0.995854139 0.005660431 0.090788290 54.990066528 -0.007849533 0.999686539 0.023773262 -48.665088654 -0.090625286 -0.024387352 0.995586395 529.340209961
0.995806396 0.003928873 0.091400869 55.278873444 -0.006258748 0.999662519 0.025218083 -48.847137451 -0.091270924 -0.025684383 0.995494843 531.657043457
0.995751083 0.002397161 0.092054226 55.580364227 -0.004694961 0.999682546 0.024752945 -49.026279449 -0.091965660 -0.025079966 0.995446205 533.983581543
0.995727062 0.002359652 0.092316441 55.880462646 -0.004615486 0.999695778 0.024230016 -49.209197998 -0.092231184 -0.024552565 0.995434880 536.299560547
0.995640576 0.002046361 0.093250290 56.179435730 -0.004301114 0.999703050 0.023985034 -49.393642426 -0.093173526 -0.024281552 0.995353699 538.624450684
0.995559156 0.002773871 0.094097398 56.476184845 -0.004996121 0.999713957 0.023389122 -49.582778931 -0.094005600 -0.023755373 0.995288134 540.947998047
0.995463192 0.003494950 0.095083535 56.780372620 -0.005707304 0.999719024 0.023005471 -49.771007538 -0.094976433 -0.023443768 0.995203435 543.271362305
0.995384395 0.004271115 0.095872372 57.076164246 -0.006371420 0.999746144 0.021611875 -49.955123901 -0.095755734 -0.022122968 0.995158970 545.604492188
0.995258391 0.004467970 0.097163714 57.371471405 -0.006637692 0.999735534 0.022018813 -50.139549255 -0.097039647 -0.022559356 0.995024741 547.931701660
0.995183766 0.004541265 0.097921550 57.678359985 -0.006808357 0.999716103 0.022830421 -50.330795288 -0.097790077 -0.023387147 0.994932234 550.252746582
0.995092273 0.004814226 0.098834604 57.980262756 -0.007067008 0.999722898 0.022456035 -50.512660980 -0.098699108 -0.023044288 0.994850457 552.561706543
0.995176673 0.003009288 0.098053835 58.308895111 -0.005217455 0.999738276 0.022271318 -50.713485718 -0.097961172 -0.022675486 0.994931877 554.863464355
0.995260417 0.002786977 0.097205758 58.639812469 -0.005017529 0.999729514 0.022709817 -50.900169373 -0.097116187 -0.023089914 0.995005190 557.173522949
0.995214701 0.002928391 0.097668536 58.950420380 -0.005196112 0.999722600 0.022972273 -51.087989807 -0.097574152 -0.023369839 0.994953811 559.486389160
0.995180547 0.003533117 0.097995713 59.265216827 -0.005918621 0.999692917 0.024062932 -51.275466919 -0.097880624 -0.024526961 0.994895875 561.820983887
0.995190322 0.002875514 0.097918332 59.589111328 -0.005318822 0.999680698 0.024700619 -51.462379456 -0.097816058 -0.025102628 0.994887888 564.154357910
0.995169222 0.003346700 0.098117493 59.908191681 -0.005859910 0.999661803 0.025337311 -51.643737793 -0.097999536 -0.025789872 0.994852185 566.475524902
0.995122969 0.004134148 0.098555267 60.230014801 -0.006596912 0.999673724 0.024675902 -51.831886292 -0.098421082 -0.025205715 0.994825721 568.803405762
0.995139420 0.005229373 0.098337010 60.563407898 -0.007537592 0.999704361 0.023115691 -52.010303497 -0.098187059 -0.023744559 0.994884670 571.138122559
0.995110810 0.005763125 0.098596402 60.890209198 -0.008086552 0.999698579 0.023181655 -52.196743011 -0.098433077 -0.023865622 0.994857490 573.457214355
0.995105863 0.005653840 0.098651968 61.214706421 -0.008100154 0.999669075 0.024414556 -52.392417908 -0.098481312 -0.025094166 0.994822443 575.831726074
0.995124221 0.005650173 0.098467745 61.545234680 -0.008219734 0.999635637 0.025709346 -52.583328247 -0.098286614 -0.026393371 0.994808078 578.145019531
0.995051205 0.006289897 0.099163689 61.859928131 -0.008718797 0.999671996 0.024079541 -52.770332336 -0.098979704 -0.024824964 0.994779706 580.523864746
0.995102227 0.005617015 0.098691046 62.186244965 -0.008009707 0.999683082 0.023864802 -52.950607300 -0.098525710 -0.024538409 0.994831920 582.865356445
0.995060563 0.005325039 0.099125959 62.504543304 -0.007866137 0.999649942 0.025261892 -53.145576477 -0.098956741 -0.025916852 0.994754195 585.177978516
0.995126724 0.005627886 0.098444201 62.829826355 -0.008167400 0.999643683 0.025412513 -53.328369141 -0.098266102 -0.026092699 0.994818032 587.495788574
0.995090187 0.003070318 0.098924085 63.158550262 -0.005498987 0.999689996 0.024287550 -53.520114899 -0.098818831 -0.024712289 0.994798541 589.848083496
0.995095968 0.002914123 0.098870449 63.483203888 -0.005328612 0.999693751 0.024165474 -53.701244354 -0.098769724 -0.024573810 0.994806826 592.196777344
0.995133638 0.000994801 0.098529510 63.805915833 -0.003435835 0.999691248 0.024608068 -53.887268066 -0.098474614 -0.024826845 0.994829834 594.533386230
0.995166719 0.000117307 0.098199882 64.137031555 -0.002579811 0.999685347 0.024949841 -54.074741364 -0.098166071 -0.025082592 0.994853914 596.891235352
