1.000000000 0.000000000 0.000000000 0.000000000 0.000000000 1.000000000 0.000000000 0.000000000 0.000000000 0.000000000 1.000000000 0.000000000
0.999999940 -0.000044110 0.000349957 0.090304986 0.000044182 1.000000000 -0.000206329 -0.226562530 -0.000349948 0.000206344 0.999999940 2.291770697
0.999999344 0.000216342 0.001047253 0.168127209 -0.000216671 0.999999940 0.000314343 -0.465381354 -0.001047185 -0.000314569 0.999999404 4.579536438
0.999998629 -0.000095380 0.001636885 0.265641659 0.000094584 0.999999821 0.000486376 -0.696902096 -0.001636931 -0.000486221 0.999998569 6.865415573
0.999996960 -0.000304071 0.002422836 0.361228555 0.000307270 0.999999046 -0.001320486 -0.928117096 -0.002422432 0.001321226 0.999996185 9.158021927
0.999988079 0.001502014 0.004647152 0.450645149 -0.001502250 0.999998868 0.000047270 -1.164256692 -0.004647075 -0.000054251 0.999989212 11.465032578
0.999970138 0.003587541 0.006840574 0.549853086 -0.003596219 0.999992669 0.001256687 -1.394101858 -0.006836015 -0.001281249 0.999975801 13.742999077
0.999950707 0.003377713 0.009333724 0.654323041 -0.003413507 0.999986887 0.003821578 -1.623519421 -0.009320691 -0.003853251 0.999949157 16.019094467
0.999943495 0.003722995 0.009955894 0.761851668 -0.003773569 0.999980032 0.005065914 -1.851146698 -0.009936836 -0.005103197 0.999937594 18.313035965
0.999934852 0.002905097 0.011038544 0.873063445 -0.002967330 0.999979675 0.005625551 -2.079798222 -0.011021977 -0.005657940 0.999923229 20.582580566
0.999927521 0.000466762 0.012030371 0.990666151 -0.000497207 0.999996603 0.002527823 -2.295507431 -0.012029151 -0.002533621 0.999924362 22.908687592
0.999917865 -0.001675836 0.012706439 1.099635363 0.001675991 0.999998510 -0.000001576 -2.511153698 -0.012706419 0.000022872 0.999919295 25.193557739
0.999920011 -0.002838080 0.012326948 1.238403320 0.002842593 0.999995887 -0.000348592 -2.763020039 -0.012325908 0.000383605 0.999923944 27.483943939
0.999899209 -0.002516162 0.013980466 1.335302353 0.002535865 0.999995887 -0.001391836 -2.988994360 -0.013976906 0.001427148 0.999901295 29.768589020
0.999901950 -0.000371600 0.013996665 1.467114449 0.000347857 0.999998450 0.001698741 -3.225593090 -0.013997277 -0.001693706 0.999900579 32.026943207
0.999900341 0.001600471 0.014020621 1.597140312 -0.001655480 0.999991000 0.003912688 -3.446499825 -0.014014233 -0.003935509 0.999894023 34.306716919
0.999867737 0.003506402 0.015878363 1.705608606 -0.003631060 0.999962747 0.007828808 -3.676287889 -0.015850315 -0.007885429 0.999843240 36.618228912
0.999846220 0.005373149 0.016698511 1.820736885 -0.005498367 0.999957085 0.007461955 -3.895585060 -0.016657697 -0.007552622 0.999832690 38.889598846
0.999814272 0.004555067 0.018724844 1.923103333 -0.004668223 0.999971092 0.006003887 -4.103090763 -0.018696958 -0.006090184 0.999806643 41.194591522
0.999821484 0.002041683 0.018783357 2.049994230 -0.002138134 0.999984622 0.005116313 -4.329397202 -0.018772621 -0.005155561 0.999810517 43.471626282
0.999818981 0.001856661 0.018934498 2.178514957 -0.001929453 0.999990821 0.003826856 -4.552162647 -0.018927218 -0.003862696 0.999813378 45.712593079
0.999817967 0.000987389 0.019055050 2.304965973 -0.001044195 0.999994993 0.002971436 -4.782603741 -0.019052021 -0.002990792 0.999814034 47.983520508
0.999813974 -0.000165917 0.019286213 2.439776897 0.000104712 0.999994934 0.003174440 -5.009230614 -0.019286642 -0.003171830 0.999808967 50.267162323
0.999795794 -0.000957722 0.020186316 2.570903301 0.000888542 0.999993682 0.003435747 -5.233328819 -0.020189481 -0.003417109 0.999790311 52.534011841
0.999791145 -0.002207002 0.020320551 2.708693027 0.002137168 0.999991715 0.003457688 -5.464109421 -0.020328017 -0.003413538 0.999787509 54.816188812
0.999754846 -0.002181396 0.022034798 2.831367016 0.002098312 0.999990523 0.003793033 -5.693090916 -0.022042865 -0.003745868 0.999750018 57.110050201
0.999735892 -0.003387247 0.022730837 2.969736099 0.003285706 0.999984562 0.004502942 -5.919983387 -0.022745740 -0.004427066 0.999731481 59.378845215
0.999689698 -0.004646817 0.024470046 3.095215797 0.004554759 0.999982357 0.003816489 -6.143249989 -0.024487352 -0.003703850 0.999693274 61.645416260
0.999678433 -0.005311412 0.024795560 3.249924660 0.005217978 0.999979019 0.003831320 -6.370966911 -0.024815392 -0.003700706 0.999685228 63.895912170
0.999644637 -0.004849127 0.026211664 3.390963078 0.004737482 0.999979436 0.004319760 -6.593705177 -0.026232071 -0.004194049 0.999647021 66.165008545
0.999622405 -0.003879039 0.027200971 3.539677143 0.003752974 0.999981999 0.004684066 -6.821729660 -0.027218649 -0.004580214 0.999619007 68.421409607
0.999575794 -0.004112413 0.028829895 3.676616192 0.003983458 0.999981821 0.004528969 -7.048542976 -0.028847994 -0.004412205 0.999574065 70.675949097
0.999560177 -0.004921625 0.029241813 3.839371681 0.004832811 0.999983490 0.003107136 -7.270274162 -0.029256621 -0.002964450 0.999567509 72.925521851
0.999543011 -0.005863733 0.029654490 4.001230240 0.005758570 0.999976814 0.003630416 -7.498481750 -0.029675087 -0.003457989 0.999553621 75.202659607
0.999496996 -0.006982067 0.030935088 4.163440228 0.006885716 0.999971151 0.003220092 -7.731291771 -0.030956680 -0.003005462 0.999516249 77.468055725
0.999495149 -0.008134875 0.030711867 4.323736668 0.008051706 0.999963582 0.002830715 -7.955947399 -0.030733783 -0.002582003 0.999524295 79.700950623
0.999464691 -0.008591468 0.031564094 4.474039078 0.008508066 0.999959946 0.002775635 -8.176761627 -0.031586677 -0.002505600 0.999497890 81.957328796
0.999442279 -0.007402521 0.032560695 4.645807743 0.007322555 0.999969840 0.002574499 -8.408680916 -0.032578781 -0.002334636 0.999466360 84.221046448
0.999394119 -0.007182663 0.034053605 4.804206848 0.007089625 0.999970734 0.002852078 -8.624827385 -0.034073096 -0.002608923 0.999415874 86.477394104
0.999390960 -0.007185793 0.034147725 4.979246140 0.007042334 0.999965847 0.004319543 -8.861965179 -0.034177590 -0.004076433 0.999407470 88.755683899
0.999367952 -0.006289795 0.034985840 5.143796921 0.006121051 0.999969244 0.004928224 -9.088386536 -0.035015754 -0.004710960 0.999375641 91.008750916
0.999339938 -0.006112114 0.035809282 5.313787460 0.005938046 0.999969959 0.004965312 -9.310049057 -0.035838563 -0.004749397 0.999346256 93.246681213
0.999318540 -0.006270978 0.036375094 5.487767220 0.006121689 0.999972403 0.004214111 -9.526912689 -0.036400523 -0.003988562 0.999329329 95.475257874
0.999289632 -0.007086799 0.037014138 5.661351681 0.006914753 0.999964714 0.004774078 -9.749912262 -0.037046660 -0.004514744 0.999303341 97.722366333
0.999247849 -0.006670411 0.038200475 5.822406769 0.006511440 0.999969602 0.004284377 -9.980969429 -0.038227897 -0.004032413 0.999260843 99.962768555
0.999194086 -0.006680918 0.039580204 5.983283997 0.006469081 0.999964058 0.005477789 -10.199462891 -0.039615378 -0.005217327 0.999201357 102.192382812
0.999181867 -0.007113709 0.039810382 6.177832603 0.006906400 0.999961793 0.005342516 -10.421166420 -0.039846856 -0.005063198 0.999192953 104.441932678
0.999137878 -0.007963955 0.040743615 6.356250763 0.007721426 0.999951482 0.006106458 -10.637367249 -0.040790271 -0.005786594 0.999150932 106.670410156
0.999108732 -0.009388019 0.041153584 6.543930054 0.009134316 0.999938130 0.006348519 -10.853239059 -0.041210640 -0.005966950 0.999132693 108.913871765
0.999062479 -0.010285070 0.042049285 6.726643562 0.009984411 0.999923050 0.007353987 -11.076023102 -0.042121686 -0.006927256 0.999088466 111.153724670
0.999059081 -0.010866810 0.041985948 6.924810886 0.010622350 0.999925256 0.006041166 -11.295252800 -0.042048462 -0.005589493 0.999099910 113.408744812
0.999017000 -0.011400497 0.042836733 7.110205173 0.011191735 0.999924302 0.005110119 -11.510197639 -0.042891737 -0.004625679 0.999069035 115.638610840
0.998976529 -0.011727134 0.043684993 7.291165352 0.011495503 0.999918520 0.005549754 -11.733619690 -0.043746512 -0.005041894 0.999029875 117.863258362
0.998919785 -0.012419542 0.044777296 7.482360840 0.012156520 0.999907255 0.006141595 -11.952443123 -0.044849414 -0.005590626 0.998978078 120.102355957
0.998874843 -0.012983950 0.045612030 7.679673195 0.012708107 0.999899209 0.006332390 -12.170857430 -0.045689661 -0.005745623 0.998939097 122.328941345
0.998829961 -0.013922393 0.046312291 7.876338482 0.013639108 0.999886274 0.006427184 -12.394616127 -0.046396516 -0.005788006 0.998906314 124.565193176
0.998797119 -0.014336115 0.046890859 8.068161011 0.014083438 0.999884427 0.005714592 -12.620228767 -0.046967372 -0.005047334 0.998883605 126.833435059
0.998779476 -0.016057353 0.046707060 8.262510300 0.015793646 0.999857128 0.006009570 -12.834327698 -0.046796892 -0.005264561 0.998890579 129.091217041
0.998804808 -0.017069146 0.045799699 8.457454681 0.016795525 0.999838710 0.006352488 -13.051568985 -0.045900743 -0.005575665 0.998930454 131.349578857
0.998868585 -0.017493293 0.044220198 8.661253929 0.017183648 0.999825120 0.007372831 -13.266653061 -0.044341445 -0.006604624 0.998994589 133.588516235
0.998930752 -0.018459551 0.042386286 8.874589920 0.018156482 0.999806821 0.007524065 -13.498740196 -0.042516995 -0.006746434 0.999072969 135.829711914
0.999000549 -0.019314066 0.040310595 9.083883286 0.019078391 0.999798596 0.006223043 -13.699201584 -0.040422671 -0.005447763 0.999167860 138.058090210
0.998994708 -0.019932015 0.040152922 9.263187408 0.019667195 0.999782324 0.006979612 -13.928950310 -0.040283300 -0.006182902 0.999169111 140.328125000
0.998974442 -0.020078251 0.040582132 9.427682877 0.019790364 0.999776125 0.007483262 -14.139074326 -0.040723298 -0.006672452 0.999148190 142.560195923
0.999032378 -0.019940246 0.039200820 9.627474785 0.019642349 0.999775290 0.007969799 -14.351786613 -0.039350931 -0.007192092 0.999199569 144.788116455
0.999046743 -0.018976316 0.039311249 9.802633286 0.018720089 0.999801099 0.006875861 -14.566438675 -0.039433904 -0.006133397 0.999203384 147.029617310
0.999074936 -0.017661013 0.039209250 9.981942177 0.017464073 0.999833107 0.005359530 -14.781830788 -0.039297365 -0.004669819 0.999216616 149.266418457
0.999081850 -0.016059529 0.039718077 10.158395767 0.015894828 0.999863684 0.004459057 -15.002554893 -0.039784271 -0.003823651 0.999200940 151.509017944
0.999091387 -0.015372168 0.039750062 10.342362404 0.015208348 0.999874532 0.004420394 -15.220120430 -0.039813038 -0.003811846 0.999199808 153.738098145
0.999082029 -0.014538404 0.040295593 10.521016121 0.014348996 0.999884605 0.004985713 -15.440531731 -0.040363427 -0.004402936 0.999175310 156.000259399
0.999085009 -0.013883102 0.040454309 10.718215942 0.013640100 0.999887228 0.006276658 -15.665991783 -0.040536888 -0.005719114 0.999161720 158.227920532
0.999034226 -0.013218503 0.041903455 10.878197670 0.012929427 0.999890745 0.007162201 -15.879791260 -0.041993551 -0.006613496 0.999095976 160.477554321
0.999000430 -0.012278844 0.042980891 11.058306694 0.011902596 0.999888659 0.008998856 -16.096309662 -0.043086596 -0.008478277 0.999035358 162.713699341
0.998981893 -0.011894910 0.043516900 11.252842903 0.011585402 0.999905825 0.007357708 -16.289903641 -0.043600317 -0.006846056 0.999025702 164.954833984
0.998945653 -0.011090467 0.044546682 11.446894646 0.010816047 0.999921024 0.006396617 -16.508134842 -0.044614095 -0.005908054 0.998986840 167.190811157
0.998860240 -0.009110624 0.046852559 11.626996040 0.008804264 0.999938488 0.006741018 -16.723865509 -0.046911087 -0.006320832 0.998879135 169.420394897
0.998741508 -0.009004246 0.049337544 11.810686111 0.008660570 0.999936759 0.007175195 -16.950506210 -0.049399026 -0.006738874 0.998756409 171.672943115
0.998620689 -0.009356828 0.051662318 12.014981270 0.009016988 0.999936163 0.006807286 -17.165340424 -0.051722713 -0.006332058 0.998641372 173.939895630
0.998538435 -0.009608737 0.053187750 12.224676132 0.009219870 0.999928951 0.007551780 -17.388084412 -0.053256534 -0.007050358 0.998555958 176.204467773
0.998495340 -0.009817752 0.053950671 12.433953285 0.009373712 0.999920130 0.008477344 -17.599779129 -0.054029584 -0.007958870 0.998507619 178.432022095
0.998475373 -0.011926245 0.053894974 12.634464264 0.011484611 0.999897957 0.008496686 -17.827581406 -0.053990800 -0.007864769 0.998510480 180.669921875
0.998431861 -0.012840491 0.054487817 12.833702087 0.012414544 0.999889791 0.008148616 -18.038459778 -0.054586429 -0.007459396 0.998481214 182.914703369
0.998488903 -0.014183482 0.053090245 13.060480118 0.013740235 0.999867737 0.008704663 -18.273145676 -0.053206682 -0.007962038 0.998551786 185.154602051
0.998497188 -0.015947990 0.052430604 13.270004272 0.015480878 0.999836802 0.009303276 -18.485160828 -0.052570414 -0.008477624 0.998581171 187.400711060
0.998510599 -0.016846847 0.051891107 13.480515480 0.016407194 0.999825895 0.008887072 -18.694213867 -0.052031793 -0.008022446 0.998613179 189.643020630
0.998466849 -0.018241510 0.052259758 13.675204277 0.017796509 0.999801397 0.008967980 -18.914779663 -0.052412972 -0.008024191 0.998593271 191.878356934
0.998409331 -0.019299487 0.052974105 13.861392975 0.018856928 0.999783099 0.008841438 -19.124591827 -0.053133246 -0.007828444 0.998556793 194.116821289
0.998448849 -0.020156611 0.051900424 14.097956657 0.019714605 0.999765158 0.009014417 -19.354305267 -0.052069921 -0.007977239 0.998611569 196.384689331
0.998467207 -0.018007981 0.052335452 14.310289383 0.017570384 0.999806881 0.008809492 -19.563831329 -0.052483987 -0.007876433 0.998590708 198.618637085
0.998481452 -0.015248345 0.052936256 14.505008698 0.014796733 0.999850750 0.008912703 -19.787212372 -0.053064253 -0.008115884 0.998558104 200.899261475
0.998454392 -0.014581052 0.053630490 14.717302322 0.014167674 0.999866903 0.008080051 -19.998142242 -0.053741168 -0.007307744 0.998528123 203.167144775
0.998411715 -0.014810776 0.054356314 14.919222832 0.014347984 0.999857426 0.008894492 -20.206705093 -0.054480299 -0.008100461 0.998481989 205.394165039
0.998399079 -0.016175151 0.054197405 15.153720856 0.015708091 0.999835789 0.009032643 -20.430778503 -0.054334607 -0.008166847 0.998489320 207.665451050
0.998344839 -0.015868573 0.055278577 15.363650322 0.015401032 0.999842048 0.008873693 -20.628610611 -0.055410661 -0.008007660 0.998431563 209.910186768
0.998255074 -0.015779193 0.056901675 15.585356712 0.015193696 0.999827206 0.010707636 -20.866376877 -0.057060804 -0.009824405 0.998322368 212.175765991
0.998198986 -0.014346926 0.058248714 15.823981285 0.013713834 0.999842525 0.011254026 -21.077707291 -0.058401007 -0.010434945 0.998238623 214.406768799
0.998021781 -0.013280746 0.061450586 16.015258789 0.012620654 0.999858558 0.011117583 -21.279705048 -0.061589550 -0.010320043 0.998048186 216.651290894
0.997879565 -0.013452792 0.063682072 16.243373871 0.012747877 0.999853015 0.011462696 -21.485246658 -0.063826919 -0.010626581 0.997904420 218.883514404
0.997733891 -0.014729747 0.065651774 16.474328995 0.013962456 0.999828935 0.012130872 -21.687967300 -0.065819204 -0.011186723 0.997768998 221.110321045
0.997637033 -0.016180236 0.066771902 16.711168289 0.015359136 0.999800205 0.012792173 -21.888725281 -0.066965535 -0.011736388 0.997686267 223.331771851
0.997577906 -0.018238185 0.067124762 16.963983536 0.017454932 0.999772727 0.012236681 -22.097646713 -0.067332685 -0.011035385 0.997669578 225.554260254
0.997537255 -0.019402305 0.067400865 17.203371048 0.018633997 0.999754250 0.012009188 -22.298475266 -0.067617305 -0.010723666 0.997653663 227.793136597
0.997494817 -0.019645749 0.067955680 17.444272995 0.018869288 0.999749482 0.012049057 -22.497770309 -0.068175361 -0.010736596 0.997615576 230.029525757
0.997444689 -0.021062953 0.068267606 17.693958282 0.020346362 0.999730527 0.011175229 -22.704097748 -0.068484575 -0.009757677 0.997604430 232.275375366
0.997390032 -0.021919278 0.068794221 17.936672211 0.021136677 0.999703586 0.012083462 -22.903903961 -0.069038689 -0.010597842 0.997557700 234.514450073
0.997354090 -0.021450821 0.069460064 18.200738907 0.020615868 0.999706626 0.012715321 -23.116312027 -0.069712445 -0.011249696 0.997503638 236.781570435
0.997312367 -0.021259287 0.070114650 18.442565918 0.020427870 0.999712467 0.012553817 -23.313455582 -0.070361391 -0.011087785 0.997459948 239.008010864
0.997278333 -0.021358909 0.070566885 18.690074921 0.020492218 0.999705732 0.012983104 -23.518320084 -0.070823446 -0.011501697 0.997422516 241.232086182
0.997221291 -0.021956032 0.071187586 18.937234879 0.021063458 0.999690115 0.013265016 -23.720491409 -0.071456760 -0.011728699 0.997374713 243.473022461
0.997182786 -0.022167090 0.071659736 19.186866760 0.021317506 0.999693394 0.012599064 -23.927051544 -0.071917057 -0.011035964 0.997349501 245.698455811
0.997187376 -0.022014454 0.071642958 19.445032120 0.021204509 0.999702573 0.012046375 -24.134332657 -0.071886845 -0.010493339 0.997357607 247.930252075
0.997158766 -0.022396417 0.071922056 19.701568604 0.021543913 0.999688387 0.012607221 -24.338712692 -0.072181985 -0.011021920 0.997330546 250.169815063
0.997120082 -0.023799688 0.072006822 19.960580826 0.022955300 0.999657929 0.012531486 -24.542913437 -0.072280444 -0.010842457 0.997325420 252.395950317
0.997096002 -0.024340110 0.072160371 20.222936630 0.023413632 0.999632597 0.013657510 -24.753147125 -0.072466291 -0.011928313 0.997299492 254.653686523
0.997051239 -0.025335597 0.072436184 20.467634201 0.024371257 0.999602616 0.014166094 -24.958154678 -0.072766311 -0.012358961 0.997272432 256.874145508
0.997013330 -0.025795404 0.072794415 20.730796814 0.024791872 0.999585152 0.014656017 -25.170347214 -0.073142260 -0.012807533 0.997239292 259.153228760
0.996988773 -0.025518011 0.073226951 20.990688324 0.024526032 0.999595404 0.014414114 -25.372226715 -0.073565140 -0.012574746 0.997211099 261.392089844
0.996954143 -0.025561474 0.073681980 21.252944946 0.024594381 0.999599397 0.014002973 -25.571907043 -0.074010402 -0.012148157 0.997183502 263.651306152
0.996924102 -0.024771685 0.074355543 21.517896652 0.023817556 0.999622583 0.013691515 -25.777698517 -0.074666649 -0.011878432 0.997137725 265.895172119
0.996871948 -0.024183124 0.075242601 21.780511856 0.023223896 0.999637783 0.013597542 -25.971775055 -0.075544171 -0.011807581 0.997072577 268.137237549
0.996756196 -0.024209984 0.076751657 22.044818878 0.023241727 0.999638796 0.013483843 -26.180847168 -0.077050388 -0.011656264 0.996958971 270.404113770
0.996671915 -0.024926906 0.077612169 22.324394226 0.023904229 0.999615073 0.014078187 -26.387392044 -0.077933222 -0.012176075 0.996884286 272.650451660
0.996463180 -0.025661111 0.080016278 22.574939728 0.024583099 0.999593675 0.014428642 -26.583486557 -0.080354027 -0.012410562 0.996689260 274.900115967
0.996397674 -0.025429672 0.080900952 22.861577988 0.024227183 0.999581456 0.015810858 -26.777677536 -0.081269160 -0.013793901 0.996596754 277.142059326
0.996357322 -0.024143210 0.081787191 23.152156830 0.022853354 0.999599755 0.016670592 -26.973918915 -0.082156941 -0.014740757 0.996510386 279.399749756
0.996270001 -0.024597175 0.082710393 23.439813614 0.023218362 0.999575615 0.017591283 -27.177267075 -0.083107993 -0.015605270 0.996418297 281.651947021
0.996177673 -0.023997525 0.083988935 23.712104797 0.022515614 0.999574304 0.018547222 -27.373458862 -0.084398270 -0.016585266 0.996294081 283.893157959
0.996183634 -0.022669517 0.084287077 24.011548996 0.021282684 0.999623537 0.017316017 -27.561546326 -0.084647879 -0.015456079 0.996290982 286.171783447
0.996076107 -0.022042681 0.085712664 24.279636383 0.020693360 0.999648094 0.016599234 -27.752946854 -0.086048372 -0.014760412 0.996181607 288.399414062
0.996059418 -0.021902271 0.085941158 24.560630798 0.020566603 0.999654174 0.016396476 -27.952686310 -0.086270548 -0.014564348 0.996165276 290.645141602
0.996051490 -0.022248108 0.085943744 24.847511292 0.020972870 0.999656558 0.015712677 -28.142528534 -0.086263798 -0.013848148 0.996176064 292.888183594
0.996058583 -0.022726320 0.085737035 25.131769180 0.021511000 0.999654949 0.015072423 -28.339765549 -0.086050011 -0.013168728 0.996203780 295.113922119
0.996037364 -0.022555288 0.086029589 25.411897659 0.021300472 0.999653459 0.015476139 -28.541946411 -0.086348832 -0.013582341 0.996172309 297.351715088
0.996035218 -0.022178397 0.086150534 25.695051193 0.020899108 0.999657929 0.015723193 -28.731513977 -0.086469784 -0.013860386 0.996158063 299.587738037
0.996015787 -0.021901231 0.086445093 25.972946167 0.020555597 0.999653757 0.016426003 -28.928653717 -0.086774893 -0.014583627 0.996121109 301.824310303
0.995991647 -0.022336446 0.086612299 26.261417389 0.020998042 0.999646068 0.016333301 -29.119602203 -0.086946495 -0.014449142 0.996108174 304.077636719
0.995960534 -0.021747485 0.087118529 26.548583984 0.020385977 0.999656200 0.016487665 -29.312179565 -0.087447129 -0.014645069 0.996061504 306.314483643
0.995949805 -0.022841698 0.086960807 26.835298538 0.021495849 0.999634743 0.016381729 -29.512689590 -0.087303221 -0.014446085 0.996077061 308.557891846
0.995888054 -0.024288207 0.087275863 27.122596741 0.022880178 0.999592006 0.017097536 -29.707960129 -0.087655522 -0.015030344 0.996037424 310.820770264
0.995866716 -0.023807261 0.087651074 27.411581039 0.022457255 0.999614120 0.016356196 -29.902416229 -0.088006645 -0.014320193 0.996016860 313.067962646
0.995875835 -0.023708828 0.087573200 27.704950333 0.022291610 0.999604821 0.017126048 -30.098373413 -0.087944642 -0.015103274 0.996010840 315.309112549
0.995822668 -0.022304298 0.088542230 27.993766785 0.020944972 0.999648511 0.016251927 -30.292770386 -0.088873602 -0.014329525 0.995939791 317.558380127
0.995830476 -0.020105654 0.088980161 28.278530121 0.018683696 0.999684691 0.016784858 -30.487705231 -0.089289561 -0.015052399 0.995891929 319.791687012
0.995782793 -0.019473933 0.089651480 28.562484741 0.018115802 0.999708831 0.015937932 -30.680055618 -0.089935757 -0.014246610 0.995845616 322.008666992
0.995752990 -0.019252550 0.090029247 28.851264954 0.017833397 0.999704123 0.016541187 -30.872955322 -0.090321071 -0.014865410 0.995801747 324.250732422
0.995763540 -0.018712357 0.090026461 29.147510529 0.017174784 0.999693573 0.017823702 -31.073778152 -0.090332411 -0.016202008 0.995779812 326.475006104
0.995695233 -0.019066166 0.090705618 29.427879333 0.017537959 0.999691010 0.017615400 -31.268918991 -0.091013461 -0.015948780 0.995721877 328.711761475
0.995678604 -0.020374844 0.090603277 29.729022980 0.018924715 0.999679148 0.016835731 -31.459276199 -0.090917252 -0.015048337 0.995744705 330.943786621
0.995698154 -0.019719865 0.090533271 30.018569946 0.018254513 0.999689043 0.016985491 -31.657848358 -0.090840071 -0.015259786 0.995748580 333.160034180
0.995658278 -0.019351369 0.091050163 30.303611755 0.017758714 0.999675393 0.018269887 -31.851520538 -0.091374144 -0.016573634 0.995678842 335.388061523
0.995709240 -0.019934503 0.090364248 30.611215591 0.018358646 0.999665141 0.018236788 -32.039970398 -0.090697527 -0.016499573 0.995741785 337.621398926
0.995683730 -0.019581648 0.090721853 30.894145966 0.017967418 0.999665916 0.018575892 -32.235485077 -0.091055296 -0.016865678 0.995702982 339.855651855
0.995722651 -0.019744366 0.090258405 31.193717957 0.018153233 0.999665737 0.018415740 -32.430484772 -0.090591818 -0.016698489 0.995748103 342.101715088
0.995721102 -0.020051472 0.090209112 31.482292175 0.018417329 0.999651551 0.018911239 -32.618724823 -0.090556860 -0.017168907 0.995743215 344.356964111
0.995783567 -0.019499365 0.089637630 31.778562546 0.017885229 0.999663889 0.018775482 -32.803684235 -0.089973591 -0.017093128 0.995797396 346.598083496
0.995826423 -0.019316386 0.089199975 32.067218781 0.017702872 0.999665678 0.018844649 -32.991191864 -0.089534171 -0.017186902 0.995835543 348.832885742
0.995813012 -0.018979846 0.089421816 32.351119995 0.017291497 0.999657929 0.019617792 -33.187473297 -0.089763574 -0.017989408 0.995800614 351.071716309
0.995846927 -0.019135498 0.089008838 32.636913300 0.017427418 0.999649525 0.019927811 -33.375167847 -0.089358956 -0.018293856 0.995831609 353.302581787
0.995848060 -0.018764380 0.089075737 32.920299530 0.017088501 0.999663055 0.019539608 -33.566226959 -0.089412376 -0.017936312 0.995833099 355.548095703
0.995886445 -0.018926561 0.088611603 33.213550568 0.017221706 0.999652267 0.019964870 -33.751899719 -0.088958643 -0.018356705 0.995866120 357.788391113
0.995945334 -0.018478844 0.088041425 33.507225037 0.016714958 0.999645293 0.020730034 -33.940406799 -0.088393286 -0.019174373 0.995901227 360.032562256
0.996008575 -0.018692430 0.087278649 33.804611206 0.016934667 0.999639392 0.020836934 -34.130428314 -0.087636694 -0.019275732 0.995966017 362.280670166
0.996071458 -0.018738242 0.086546838 34.099246979 0.016956488 0.999629676 0.021276638 -34.316009521 -0.086913481 -0.019725522 0.996020555 364.521881104
0.996112943 -0.018747890 0.086068384 34.388401031 0.017040946 0.999644101 0.020524560 -34.502044678 -0.086422555 -0.018978091 0.996077776 366.779754639
0.996146142 -0.019432658 0.085529089 34.673660278 0.017751360 0.999634743 0.020374475 -34.690410614 -0.085893780 -0.018777695 0.996127307 369.025695801
0.996117115 -0.019280545 0.085900255 34.948234558 0.017667606 0.999653757 0.019497756 -34.871215820 -0.086246431 -0.017904397 0.996112943 371.286376953
0.996185482 -0.019940531 0.084951162 35.234272003 0.018328786 0.999637723 0.019710528 -35.067649841 -0.085313417 -0.018078296 0.996190131 373.524566650
0.996227741 -0.019675594 0.084516689 35.519725800 0.017999317 0.999626815 0.020550117 -35.250968933 -0.084889472 -0.018951356 0.996210098 375.774963379
0.996179640 -0.020005835 0.085005239 35.788829803 0.018299397 0.999616027 0.020806512 -35.435157776 -0.085388854 -0.019171476 0.996163368 378.023681641
0.996194124 -0.020493306 0.084720224 36.075176239 0.018766679 0.999600649 0.021126842 -35.625022888 -0.085119344 -0.019456517 0.996180773 380.269500732
0.996218562 -0.020620836 0.084399924 36.361621857 0.018907409 0.999599636 0.021050541 -35.805217743 -0.084800199 -0.019375158 0.996209502 382.511688232
0.996223748 -0.019868515 0.084518701 36.644577026 0.018122336 0.999607205 0.021377631 -35.993980408 -0.084910236 -0.019765228 0.996192575 384.765747070
0.996237695 -0.018935939 0.084568754 36.928489685 0.017186586 0.999624014 0.021365933 -36.172779083 -0.084941551 -0.019832103 0.996188462 387.025146484
0.996287704 -0.017836144 0.084218144 37.225933075 0.016082181 0.999640346 0.021459160 -36.368797302 -0.084570609 -0.020025084 0.996216238 389.301116943
0.996281326 -0.016250899 0.084613532 37.503219604 0.014489726 0.999666274 0.021387033 -36.556114197 -0.084932849 -0.020081472 0.996184230 391.578063965
0.996292830 -0.014861091 0.084733531 37.783458710 0.012965676 0.999654233 0.022875747 -36.740997314 -0.085044213 -0.021692313 0.996140957 393.842315674
0.996235609 -0.013606226 0.085611880 38.055084229 0.011655422 0.999661863 0.023245340 -36.924392700 -0.085899189 -0.022159997 0.996057332 396.110107422
0.996196270 -0.013376046 0.086106710 38.340511322 0.011536650 0.999695182 0.021824148 -37.115528107 -0.086372398 -0.020747747 0.996046841 398.377380371
0.996158421 -0.013235743 0.086563028 38.622039795 0.011439469 0.999709487 0.021214310 -37.299472809 -0.086818665 -0.020142576 0.996020496 400.643920898
0.996004641 -0.014255390 0.088156208 38.886760712 0.012315248 0.999670684 0.022512894 -37.482650757 -0.088448107 -0.021337276 0.995852232 402.886505127
0.996008754 -0.015709918 0.087862261 39.179634094 0.013716228 0.999635577 0.023249023 -37.663173676 -0.088195473 -0.021951091 0.995861292 405.157104492
0.995989203 -0.016249264 0.087984860 39.468963623 0.014274058 0.999632776 0.023032248 -37.843673706 -0.088326804 -0.021683972 0.995855451 407.417480469
0.995900750 -0.014761937 0.089239828 39.759826660 0.012811197 0.999667168 0.022392958 -38.024810791 -0.089540690 -0.021157894 0.995758414 409.684631348
0.995861232 -0.013838836 0.089826234 40.054096222 0.011841844 0.999671578 0.022726720 -38.211597443 -0.090111241 -0.021568954 0.995698094 411.946441650
0.995800734 -0.012712123 0.090660483 40.342502594 0.010716610 0.999690235 0.022463750 -38.395938873 -0.090917967 -0.021397848 0.995628417 414.196502686
0.995706797 -0.011339032 0.091865487 40.636672974 0.009313437 0.999704599 0.022448361 -38.577667236 -0.092092909 -0.021496404 0.995518327 416.472869873
0.995649099 -0.011562821 0.092460938 40.938217163 0.009522517 0.999701977 0.022477493 -38.764106750 -0.092693307 -0.021499233 0.995462537 418.728881836
0.995543361 -0.011660753 0.093580939 41.228851318 0.009607505 0.999703884 0.022361493 -38.944458008 -0.093813971 -0.021362763 0.995360553 420.983276367
0.995464742 -0.011813818 0.094394341 41.522617340 0.009755689 0.999705076 0.022235334 -39.132564545 -0.094629183 -0.021213612 0.995286524 423.242614746
0.995395124 -0.012275943 0.095067434 41.825145721 0.010088796 0.999673963 0.023452865 -39.316535950 -0.095324352 -0.022385750 0.995194554 425.510894775
0.995346129 -0.011439989 0.095682733 42.124027252 0.009173119 0.999667525 0.024097953 -39.496658325 -0.095926605 -0.023108099 0.995120108 427.760375977
0.995274663 -0.010670083 0.096511513 42.431331635 0.008311627 0.999657691 0.024806153 -39.675418854 -0.096743159 -0.023886770 0.995022655 430.036834717
0.995272279 -0.011682515 0.096418411 42.738914490 0.009304577 0.999642193 0.025075581 -39.863723755 -0.096676856 -0.024059897 0.995024979 432.311004639
0.995223761 -0.012291409 0.096844375 43.051124573 0.009953813 0.999648154 0.024583932 -40.051612854 -0.097112492 -0.023502532 0.994995892 434.576995850
0.995231390 -0.011535084 0.096857540 43.369991302 0.009190241 0.999654651 0.024620529 -40.216899872 -0.097108088 -0.023612984 0.994993687 436.848754883
0.995198727 -0.011940528 0.097145155 43.683593750 0.009554318 0.999641955 0.024991587 -40.399784088 -0.097408816 -0.023943434 0.994956374 439.134124756
0.995229781 -0.011940140 0.096825600 44.001136780 0.009558894 0.999641299 0.025019843 -40.574523926 -0.097089618 -0.023974946 0.994986832 441.406036377
0.995216489 -0.011738564 0.096985877 44.308898926 0.009204075 0.999605358 0.026538750 -40.776859283 -0.097259149 -0.025519142 0.994931817 443.643341064
0.995148122 -0.012098156 0.097641334 44.617351532 0.009539326 0.999599934 0.026630851 -40.948966980 -0.097924449 -0.025570218 0.994865239 445.920654297
0.995148122 -0.012003846 0.097653285 44.929683685 0.009486991 0.999611795 0.026197009 -41.127273560 -0.097929850 -0.025143467 0.994875669 448.194549561
0.995125413 -0.010979301 0.098005414 45.241661072 0.008481424 0.999629319 0.025867488 -41.307456970 -0.098253123 -0.024910167 0.994849563 450.453826904
0.995072782 -0.010509029 0.098588355 45.549789429 0.008018156 0.999639392 0.025627680 -41.488342285 -0.098822124 -0.024710910 0.994798243 452.714508057
0.994986594 -0.010101057 0.099497162 45.854991913 0.007579817 0.999641359 0.025685336 -41.657638550 -0.099720925 -0.024802390 0.994706273 454.988525391
0.994940281 -0.009901538 0.099979036 46.158653259 0.007402904 0.999651670 0.025331719 -41.839420319 -0.100195035 -0.024463413 0.994667053 457.244171143
0.994988024 -0.009012207 0.099587485 46.488162994 0.006581892 0.999673128 0.024705496 -42.018737793 -0.099777572 -0.023926200 0.994722068 459.531250000
0.994973183 -0.008095316 0.099813782 46.803634644 0.005594505 0.999664009 0.025309255 -42.199329376 -0.099985115 -0.024623614 0.994684339 461.816680908
0.995012999 -0.007604014 0.099454850 47.121772766 0.004996415 0.999637842 0.026441768 -42.375484467 -0.099619918 -0.025812987 0.994690657 464.093078613
0.995057642 -0.007852936 0.098988205 47.431438446 0.005227710 0.999628425 0.026752139 -42.547794342 -0.099161521 -0.026102440 0.994728923 466.361816406
0.995166242 -0.008120510 0.097869352 47.755310059 0.005660137 0.999661565 0.025390843 -42.721015930 -0.098042421 -0.024714155 0.994875252 468.647888184
0.995249391 -0.007973173 0.097031385 48.080455780 0.005555953 0.999668062 0.025156468 -42.904064178 -0.097199753 -0.024497857 0.994963348 470.938873291
0.995314538 -0.008580483 0.096308328 48.389736176 0.006076477 0.999636531 0.026263136 -43.087314606 -0.096498676 -0.025554869 0.995005012 473.220855713
0.995323241 -0.008854302 0.096193388 48.691604614 0.006352571 0.999634326 0.026282502 -43.263557434 -0.096390933 -0.025548512 0.995015562 475.497100830
0.995385349 -0.008127296 0.095612839 48.998321533 0.005709112 0.999657512 0.025537860 -43.422771454 -0.095787637 -0.024874147 0.995090961 477.785949707
0.995398939 -0.008444143 0.095444068 49.304500580 0.005950211 0.999634147 0.026384242 -43.603855133 -0.095631935 -0.025694933 0.995085061 480.068786621
0.995430887 -0.008862258 0.095073663 49.614948273 0.006315278 0.999613822 0.027057072 -43.781154633 -0.095276758 -0.026333019 0.995102465 482.344696045
0.995424926 -0.009486593 0.095073178 49.913311005 0.007019625 0.999630690 0.026249040 -43.955909729 -0.095287070 -0.025461575 0.995124161 484.632110596
0.995506823 -0.009820310 0.094178513 50.224826813 0.007288805 0.999603808 0.027186297 -44.142841339 -0.094408169 -0.026377697 0.995184064 486.932098389
0.995558560 -0.009935336 0.093618691 50.531692505 0.007430716 0.999606073 0.027064139 -44.312725067 -0.093850717 -0.026248287 0.995240152 489.215759277
0.995597959 -0.009572865 0.093236163 50.834743500 0.007066146 0.999605596 0.027178826 -44.481159210 -0.093459576 -0.026400365 0.995272934 491.510498047
0.995659113 -0.009188389 0.092620403 51.144981384 0.006646209 0.999593794 0.027718481 -44.656578064 -0.092837460 -0.026982585 0.995315552 493.797576904
0.995660365 -0.008776739 0.092646942 51.435894012 0.006270107 0.999607205 0.027312243 -44.828742981 -0.092850253 -0.026612816 0.995324373 496.103790283
0.995688021 -0.008475298 0.092376173 51.747962952 0.006026653 0.999623835 0.026754130 -45.009246826 -0.092568167 -0.026082048 0.995364666 498.424896240
0.995730460 -0.008260198 0.091938257 52.049888611 0.005741968 0.999602079 0.027621306 -45.184196472 -0.092129819 -0.026975473 0.995381534 500.722045898
0.995750010 -0.007923784 0.091755979 52.345439911 0.005385867 0.999596953 0.027874069 -45.362571716 -0.091939859 -0.027261421 0.995391250 503.001586914
0.995783210 -0.007089245 0.091462605 52.646316528 0.004624114 0.999620974 0.027136147 -45.537967682 -0.091620311 -0.026598791 0.995438695 505.290161133
0.995777667 -0.007009630 0.091530070 52.938613892 0.004478532 0.999602675 0.027829347 -45.714424133 -0.091688789 -0.027301921 0.995413363 507.579772949
0.995813727 -0.007617624 0.091088027 53.247436523 0.005167360 0.999619246 0.027105596 -45.892398834 -0.091259822 -0.026521439 0.995473862 509.872924805
0.995856166 -0.008255227 0.090566441 53.555442810 0.005745229 0.999593079 0.027940204 -46.073425293 -0.090760238 -0.027304102 0.995498359 512.181945801
0.995870888 -0.007892165 0.090436652 53.853256226 0.005383598 0.999594808 0.027948838 -46.242553711 -0.090620592 -0.027346564 0.995509923 514.488342285
0.995891154 -0.007125478 0.090277620 54.148376465 0.004644597 0.999606550 0.027660923 -46.414680481 -0.090439200 -0.027127964 0.995532453 516.793212891
0.995869160 -0.006299534 0.090580851 54.435745239 0.003830531 0.999617040 0.027405502 -46.591430664 -0.090718806 -0.026945325 0.995512009 519.087219238
0.995812953 -0.003627059 0.091342360 54.724971771 0.001107947 0.999618053 0.027614407 -46.767768860 -0.091407627 -0.027397586 0.995436609 521.412414551
0.995749295 -0.001638752 0.092090361 55.025760651 -0.000913330 0.999616802 0.027663823 -46.940429688 -0.092100412 -0.027630338 0.995366275 523.740478516
0.995691121 -0.000889549 0.092727296 55.327033997 -0.001784228 0.999585092 0.028747959 -47.107494354 -0.092714392 -0.028789537 0.995276392 526.060729980
0.995630741 -0.001092343 0.093371406 55.623134613 -0.001587566 0.999588966 0.028622497 -47.279251099 -0.093364306 -0.028645672 0.995219767 528.367065430
0.995577753 -0.002819896 0.093899004 55.921951294 0.000000525 0.999549508 0.030012060 -47.450267792 -0.093941338 -0.029879292 0.995129287 530.682128906
0.995519817 -0.004321031 0.094453409 56.231483459 0.001524499 0.999558866 0.029659649 -47.618927002 -0.094539903 -0.029382775 0.995087326 533.003845215
0.995492458 -0.004467316 0.094735719 56.537437439 0.001721630 0.999576628 0.029044533 -47.791664124 -0.094825342 -0.028750511 0.995078683 535.315124512
0.995398045 -0.004567064 0.095717594 56.840087891 0.001801189 0.999578893 0.028962715 -47.966217041 -0.095809557 -0.028657025 0.994987071 537.631469727
0.995317221 -0.004270905 0.096568160 57.142215729 0.001524524 0.999592662 0.028495749 -48.144256592 -0.096650548 -0.028215092 0.994918406 539.942443848
0.995218694 -0.003449191 0.097610056 57.446853638 0.000705725 0.999604106 0.028126970 -48.320007324 -0.097668402 -0.027923601 0.994827151 542.263061523
0.995142817 -0.003023291 0.098394573 57.764568329 0.000331275 0.999625385 0.027364247 -48.495532990 -0.098440461 -0.027198741 0.994771123 544.586669922
0.995006561 -0.003038814 0.099763006 58.058017731 0.000262777 0.999612689 0.027827688 -48.674728394 -0.099808916 -0.027662514 0.994621992 546.903869629
0.994939208 -0.003077025 0.100431576 58.372825623 0.000175224 0.999582529 0.028889358 -48.853984833 -0.100478552 -0.028725555 0.994524479 549.224121094
0.994835198 -0.003072505 0.101456739 58.678771973 0.000124681 0.999577999 0.029048551 -49.027984619 -0.101503186 -0.028885869 0.994415700 551.530029297
0.994826496 -0.004163540 0.101503521 59.004859924 0.001298238 0.999599159 0.028278319 -49.201721191 -0.101580590 -0.028000249 0.994433105 553.840576172
0.994860709 -0.004445796 0.101155080 59.334915161 0.001552559 0.999587953 0.028662758 -49.378143311 -0.101240851 -0.028358405 0.994457603 556.155517578
0.994789481 -0.004182323 0.101863757 59.651992798 0.001221054 0.999575317 0.029115893 -49.551609039 -0.101942286 -0.028839804 0.994372189 558.466796875
0.994779170 -0.003671691 0.101984657 59.980667114 0.000607880 0.999548018 0.030056719 -49.723754883 -0.102048919 -0.029837808 0.994331777 560.801330566
0.994786322 -0.004115240 0.101898424 60.313911438 0.000982939 0.999526083 0.030770585 -49.895896912 -0.101976752 -0.030510001 0.994318783 563.132629395
0.994771957 -0.003844408 0.102048948 60.644195557 0.000644617 0.999507546 0.031369913 -50.062358856 -0.102119312 -0.031140130 0.994284570 565.448120117
0.994712114 -0.002886962 0.102661699 60.976432800 -0.000283028 0.999523997 0.030850062 -50.237476349 -0.102701887 -0.030715989 0.994237840 567.776367188
0.994729340 -0.001926835 0.102516659 61.319473267 -0.001088454 0.999568641 0.029348606 -50.404777527 -0.102528989 -0.029305505 0.994298160 570.108154297
0.994702637 -0.001363491 0.102784634 61.656616211 -0.001685921 0.999561071 0.029575273 -50.577259064 -0.102779858 -0.029591886 0.994263828 572.427001953
0.994703650 -0.001661478 0.102771305 61.985359192 -0.001515479 0.999523520 0.030827073 -50.758834839 -0.102773562 -0.030819546 0.994227231 574.799255371
0.994697750 -0.001795493 0.102825694 62.323902130 -0.001555646 0.999470472 0.032501023 -50.938110352 -0.102829590 -0.032488655 0.994168341 577.111450195
0.994604111 -0.001288658 0.103734992 62.640491486 -0.001855605 0.999541998 0.030208323 -51.099929810 -0.103726402 -0.030237818 0.994146109 579.505249023
0.994641006 -0.001783597 0.103373967 62.979167938 -0.001333038 0.999546826 0.030072203 -51.266624451 -0.103380755 -0.030048849 0.994187832 581.842895508
0.994553387 -0.002294066 0.104203030 63.307895660 -0.001021086 0.999495327 0.031749863 -51.447166443 -0.104223296 -0.031683337 0.994049132 584.173583984
0.994642794 -0.002064945 0.103351317 63.648387909 -0.001215833 0.999497652 0.031670887 -51.613800049 -0.103364781 -0.031626880 0.994140565 586.491943359
0.994611323 -0.005110415 0.103548273 63.997196198 0.001966797 0.999534667 0.030438347 -51.787078857 -0.103655659 -0.030070666 0.994158566 588.856445312
0.994656503 -0.005482688 0.103093334 64.341468811 0.002370085 0.999538302 0.030290376 -51.953403473 -0.103211820 -0.029884182 0.994210362 591.205444336
0.994659126 -0.007350432 0.102951743 64.672798157 0.004197306 0.999516428 0.030810438 -52.124763489 -0.103128426 -0.030213766 0.994209051 593.541503906
0.994692445 -0.008088298 0.102573782 65.016624451 0.004939658 0.999509871 0.030913288 -52.294357300 -0.102773540 -0.030242540 0.994244933 595.901184082
