1.000000000 0.000000000 0.000000000 0.000000000 0.000000000 1.000000000 0.000000000 0.000000000 0.000000000 0.000000000 1.000000000 0.000000000
0.999999881 0.000156184 0.000455176 0.086057663 -0.000156114 1.000000000 -0.000155100 -0.225722417 -0.000455200 0.000155029 0.999999881 2.288588285
0.999999225 0.000536288 0.001247236 0.163247690 -0.000536797 0.999999762 0.000408120 -0.463067353 -0.001247017 -0.000408789 0.999999166 4.585754395
0.999998450 0.000167818 0.001738210 0.260534257 -0.000169045 0.999999762 0.000705898 -0.695876658 -0.001738091 -0.000706191 0.999998212 6.876097202
0.999996006 0.000121051 0.002805842 0.350706249 -0.000118359 0.999999523 -0.000959539 -0.928168058 -0.002805956 0.000959203 0.999995589 9.171193123
0.999987245 0.001813227 0.004724398 0.444756866 -0.001815104 0.999998271 0.000393029 -1.163628101 -0.004723677 -0.000401599 0.999988735 11.473335266
0.999964952 0.003601944 0.007560022 0.528231263 -0.003612556 0.999992490 0.001390481 -1.392316580 -0.007554957 -0.001417743 0.999970436 13.781728745
0.999946713 0.003517342 0.009701503 0.639440179 -0.003558367 0.999984801 0.004214828 -1.622568488 -0.009686529 -0.004249125 0.999944031 16.052951813
0.999940515 0.003649391 0.010273879 0.767730176 -0.003698468 0.999981821 0.004762014 -1.845108032 -0.010256315 -0.004799728 0.999935865 18.403047562
0.999924541 0.002806651 0.011958532 0.876968563 -0.002864903 0.999984145 0.004856900 -2.069560766 -0.011944711 -0.004890793 0.999916673 20.696533203
0.999926984 0.000372852 0.012071936 1.002417684 -0.000407420 0.999995828 0.002861160 -2.302194357 -0.012070820 -0.002865869 0.999923050 23.020044327
0.999913573 -0.001931593 0.013003789 1.109314919 0.001918960 0.999997675 0.000983876 -2.524703264 -0.013005659 -0.000958837 0.999914944 25.303138733
0.999916196 -0.002688375 0.012657144 1.250215292 0.002683148 0.999996245 0.000429967 -2.772422075 -0.012658254 -0.000395970 0.999919832 27.612657547
0.999905646 -0.002467491 0.013505789 1.358719826 0.002475197 0.999996841 -0.000553861 -2.997560740 -0.013504378 0.000587238 0.999908686 29.898975372
0.999895453 -0.000277283 0.014458491 1.476055026 0.000252464 0.999998510 0.001718422 -3.224439621 -0.014458945 -0.001714592 0.999893963 32.182670593
0.999894083 0.001843640 0.014432856 1.607161522 -0.001904152 0.999989450 0.004180030 -3.447942257 -0.014424997 -0.004207070 0.999887109 34.461772919
0.999867082 0.004004324 0.015798256 1.724426985 -0.004132018 0.999958992 0.008058491 -3.680590153 -0.015765334 -0.008122699 0.999842703 36.769908905
0.999843419 0.005826566 0.016709117 1.837302208 -0.005952429 0.999954224 0.007492842 -3.897860765 -0.016664691 -0.007591129 0.999832213 39.042285919
0.999819100 0.004742841 0.018418083 1.945289373 -0.004857361 0.999969065 0.006178004 -4.107531071 -0.018388212 -0.006266349 0.999811292 41.353450775
0.999824226 0.002369917 0.018596625 2.068693638 -0.002465335 0.999983907 0.005109720 -4.331999779 -0.018584216 -0.005154669 0.999814093 43.633262634
0.999829710 0.002316046 0.018308362 2.211368322 -0.002393174 0.999988377 0.004191897 -4.558910847 -0.018298443 -0.004234998 0.999823630 45.882808685
0.999828160 0.001408510 0.018485051 2.333358526 -0.001473768 0.999992728 0.003517170 -4.790512562 -0.018479962 -0.003543809 0.999822974 48.159397125
0.999827087 -0.000099043 0.018592604 2.469257116 0.000031195 0.999993324 0.003649415 -5.015504837 -0.018592836 -0.003648203 0.999820471 50.441654205
0.999811471 -0.001116181 0.019384677 2.599431515 0.001038280 0.999991357 0.004028296 -5.239457130 -0.019389005 -0.004007410 0.999803960 52.707057953
0.999802947 -0.002358811 0.019709207 2.733534575 0.002277678 0.999988794 0.004137953 -5.469210148 -0.019718746 -0.004092246 0.999797225 54.989887238
0.999782979 -0.002653283 0.020658938 2.866366863 0.002560339 0.999986470 0.004524080 -5.700811863 -0.020670662 -0.004470204 0.999776363 57.275699615
0.999767542 -0.004123732 0.021160716 3.004680634 0.004015717 0.999978840 0.005144462 -5.924215317 -0.021181479 -0.005058292 0.999762833 59.542594910
0.999728799 -0.005764668 0.022561578 3.131905556 0.005666473 0.999974191 0.004413803 -6.144592762 -0.022586437 -0.004284761 0.999735653 61.811447144
0.999709785 -0.006424088 0.023217520 3.277962923 0.006324171 0.999970436 0.004374366 -6.369390011 -0.023244934 -0.004226264 0.999720871 64.065116882
0.999683022 -0.005893575 0.024476755 3.415770531 0.005775097 0.999971271 0.004908337 -6.590309620 -0.024504976 -0.004765426 0.999688327 66.336265564
0.999668658 -0.004987756 0.025252705 3.564096928 0.004852034 0.999973476 0.005432927 -6.818370342 -0.025279135 -0.005308598 0.999666333 68.600685120
0.999632537 -0.005177366 0.026613284 3.699378490 0.005045229 0.999974549 0.005029879 -7.040586472 -0.026638657 -0.004893760 0.999633133 70.852653503
0.999617636 -0.005864181 0.027022062 3.856538773 0.005764225 0.999976218 0.003775504 -7.264283657 -0.027043561 -0.003618300 0.999627829 73.108360291
0.999603987 -0.006905160 0.027278036 4.013902187 0.006795142 0.999968410 0.004123843 -7.489987850 -0.027305650 -0.003936852 0.999619365 75.393463135
0.999560058 -0.008109088 0.028530270 4.170412064 0.008009990 0.999961495 0.003586023 -7.719481945 -0.028558252 -0.003355918 0.999586463 77.658668518
0.999550402 -0.009158195 0.028550215 4.324146271 0.009058892 0.999952495 0.003605614 -7.952762604 -0.028581878 -0.003345359 0.999585807 79.919105530
0.999521971 -0.009627132 0.029380508 4.470343590 0.009536646 0.999949336 0.003218389 -8.168229103 -0.029410005 -0.002936659 0.999563158 82.173393250
0.999502003 -0.009116805 0.030208826 4.638105392 0.009017421 0.999953449 0.003424497 -8.401008606 -0.030238640 -0.003150386 0.999537766 84.446746826
0.999450326 -0.008844900 0.031951431 4.791419506 0.008725270 0.999954402 0.003881609 -8.618078232 -0.031984303 -0.003600691 0.999481857 86.702026367
0.999452353 -0.008615170 0.031946886 4.959601402 0.008449362 0.999950171 0.005321524 -8.850785255 -0.031991139 -0.005048680 0.999475360 88.985519409
0.999425709 -0.007536897 0.033037789 5.115159512 0.007342070 0.999954939 0.006014504 -9.077062607 -0.033081625 -0.005768484 0.999436021 91.243270874
0.999394655 -0.007468127 0.033978462 5.278466225 0.007269035 0.999955714 0.005979100 -9.296412468 -0.034021597 -0.005728490 0.999404609 93.498123169
0.999373496 -0.007694465 0.034545049 5.444136620 0.007516552 0.999957800 0.005277116 -9.510349274 -0.034584187 -0.005014151 0.999389231 95.754203796
0.999338627 -0.008136974 0.035440709 5.605769157 0.007938296 0.999952018 0.005743052 -9.731257439 -0.035485748 -0.005457915 0.999355257 98.010169983
0.999312878 -0.008151422 0.036155798 5.769428253 0.007966219 0.999954402 0.005263430 -9.958822250 -0.036197063 -0.004971788 0.999332249 100.249977112
0.999267220 -0.008311088 0.037362851 5.935293198 0.008073763 0.999946237 0.006498282 -10.176441193 -0.037414853 -0.006191860 0.999280632 102.496467590
0.999241292 -0.008565389 0.037992664 6.121327400 0.008326357 0.999944508 0.006445304 -10.394320488 -0.038045760 -0.006124075 0.999257207 104.749809265
0.999212444 -0.009317781 0.038570575 6.283858299 0.009055222 0.999934614 0.006976304 -10.619837761 -0.038633067 -0.006621545 0.999231517 107.022949219
0.999173224 -0.010762078 0.039205246 6.462868214 0.010486103 0.999918759 0.007238098 -10.835405350 -0.039279975 -0.006821004 0.999204934 109.273895264
0.999127626 -0.011606905 0.040115237 6.639550686 0.011291346 0.999903679 0.008083994 -11.058389664 -0.040205196 -0.007623986 0.999162316 111.529457092
0.999114752 -0.012410800 0.040195048 6.832901478 0.012150511 0.999903619 0.006713446 -11.277166367 -0.040274490 -0.006219112 0.999169230 113.799392700
0.999068797 -0.012814661 0.041198976 7.013031960 0.012583935 0.999903679 0.005854774 -11.495522499 -0.041270033 -0.005330877 0.999133766 116.052078247
0.999035358 -0.013375946 0.041826967 7.194305420 0.013123560 0.999893963 0.006302832 -11.720350266 -0.041906837 -0.005747833 0.999104917 118.300102234
0.998981774 -0.013793726 0.042953376 7.382464409 0.013495352 0.999882758 0.007228657 -11.944154739 -0.043048047 -0.006641626 0.999050915 120.572456360
0.998963952 -0.014497357 0.043137435 7.582280636 0.014166425 0.999867916 0.007967434 -12.167034149 -0.043247234 -0.007348077 0.999037385 122.783493042
0.998907685 -0.015525081 0.044072051 7.781732559 0.015219245 0.999857724 0.007266584 -12.388255119 -0.044178594 -0.006587905 0.999001861 125.097801208
0.998865128 -0.016025102 0.044850670 7.960953712 0.015746206 0.999854445 0.006564718 -12.610437393 -0.044949349 -0.005851040 0.998972118 127.360733032
0.998842359 -0.017634433 0.044754576 8.149184227 0.017339101 0.999825299 0.006978595 -12.826170921 -0.044869814 -0.006194513 0.998973608 129.620742798
0.998853326 -0.018735921 0.044056810 8.332772255 0.018432794 0.999803543 0.007276646 -13.039250374 -0.044184487 -0.006456212 0.999002516 131.869430542
0.998915792 -0.019081529 0.042462409 8.531167984 0.018736165 0.999788225 0.008516661 -13.255908966 -0.042615928 -0.007711845 0.999061704 134.104003906
0.998964369 -0.019790491 0.040969100 8.723162651 0.019447740 0.999772608 0.008747813 -13.485670090 -0.041132912 -0.007942000 0.999122083 136.344635010
0.999041915 -0.020617697 0.038603134 8.935525894 0.020321133 0.999760985 0.008059092 -13.692457199 -0.038760073 -0.007266912 0.999222159 138.568740845
0.999009907 -0.021542767 0.038924713 9.091913223 0.021231497 0.999739349 0.008392537 -13.914674759 -0.039095361 -0.007557797 0.999206841 140.840621948
0.998995185 -0.021893663 0.039106794 9.255975723 0.021587487 0.999733031 0.008234416 -14.114635468 -0.039276630 -0.007381924 0.999201119 143.074966431
0.999051452 -0.021943999 0.037611417 9.453644753 0.021593131 0.999719679 0.009709799 -14.340494156 -0.037813932 -0.008888440 0.999245286 145.322280884
0.999068856 -0.020933311 0.037725881 9.626042366 0.020618146 0.999749362 0.008723886 -14.552301407 -0.037899043 -0.007937925 0.999250054 147.575424194
0.999095142 -0.019704796 0.037689649 9.800661087 0.019446446 0.999785006 0.007208994 -14.763568878 -0.037823588 -0.006469542 0.999263465 149.810012817
0.999108076 -0.018149039 0.038127623 9.974976540 0.017917568 0.999818981 0.006403917 -14.982092857 -0.038236950 -0.005715050 0.999252319 152.059814453
0.999118447 -0.017240759 0.038275834 10.155051231 0.017004551 0.999834359 0.006488192 -15.197021484 -0.038381360 -0.005831609 0.999246061 154.297546387
0.999110460 -0.016390353 0.038854819 10.331433296 0.016122162 0.999844074 0.007205826 -15.414779663 -0.038966868 -0.006572992 0.999218822 156.562072754
0.999116063 -0.015762895 0.038970228 10.524343491 0.015451428 0.999846339 0.008280680 -15.632291794 -0.039094765 -0.007671215 0.999206066 158.790954590
0.999056935 -0.015044858 0.040730085 10.676715851 0.014662372 0.999845624 0.009673323 -15.856230736 -0.040869325 -0.009067000 0.999123335 161.084869385
0.999038100 -0.013921791 0.041584525 10.859182358 0.013438333 0.999839127 0.011882894 -16.070667267 -0.041743260 -0.011312637 0.999064326 163.317169189
0.999003410 -0.013434042 0.042562444 11.044157028 0.012987408 0.999857843 0.010752801 -16.274738312 -0.042700849 -0.010189308 0.999035954 165.610153198
0.998965383 -0.012597348 0.043697115 11.234816551 0.012192788 0.999880373 0.009512456 -16.483406067 -0.043811716 -0.008969825 0.998999476 167.864089966
0.998895824 -0.010785379 0.045725178 11.418575287 0.010344816 0.999897957 0.009860708 -16.693574905 -0.045826860 -0.009376801 0.998905361 170.102371216
0.998791575 -0.010445034 0.048024263 11.621767044 0.009960841 0.999897242 0.010310557 -16.917633057 -0.048127014 -0.009819733 0.998792946 172.399505615
0.998666883 -0.010542450 0.050529763 11.818480492 0.010038989 0.999897540 0.010207147 -17.127193451 -0.050632197 -0.009686272 0.998670340 174.674041748
0.998585165 -0.010448923 0.052138586 12.024913788 0.009892929 0.999891520 0.010910485 -17.339735031 -0.052246939 -0.010379246 0.998580217 176.933792114
0.998538375 -0.010894801 0.052938301 12.226961136 0.010292754 0.999879301 0.011631966 -17.541803360 -0.053058647 -0.011070083 0.998530030 179.153228760
0.998519063 -0.012405349 0.052968591 12.440034866 0.011806664 0.999863029 0.011600656 -17.758745193 -0.053105246 -0.010958096 0.998528779 181.439071655
0.998481274 -0.013185021 0.053489774 12.637948990 0.012605661 0.999858320 0.011154170 -17.960453033 -0.053629257 -0.010462957 0.998506069 183.684722900
0.998530865 -0.014654652 0.052165214 12.861084938 0.014060158 0.999832273 0.011745155 -18.188085556 -0.052328590 -0.010994451 0.998569310 185.926986694
0.998529077 -0.016458940 0.051660407 13.068051338 0.015831102 0.999796033 0.012538978 -18.396331787 -0.051856250 -0.011702693 0.998585999 188.176696777
0.998549938 -0.017295916 0.050979625 13.278033257 0.016702045 0.999787867 0.012052274 -18.597330093 -0.051177263 -0.011183335 0.998627007 190.421524048
0.998497665 -0.018951237 0.051411264 13.473897934 0.018349133 0.999757707 0.012158412 -18.816555023 -0.051629215 -0.011196793 0.998603463 192.656127930
0.998454750 -0.020021370 0.051838174 13.662409782 0.019436603 0.999741912 0.011760233 -19.015983582 -0.052060254 -0.010734502 0.998586237 194.895111084
0.998510301 -0.019462779 0.050974131 13.899233818 0.018868046 0.999748409 0.012122761 -19.241231918 -0.051197253 -0.011142918 0.998626411 197.188751221
0.998521566 -0.017484339 0.051467501 14.101873398 0.016885977 0.999784887 0.012038074 -19.441123962 -0.051666912 -0.011151198 0.998602033 199.432815552
0.998539090 -0.015684888 0.051706158 14.303014755 0.015090403 0.999815702 0.011867792 -19.649190903 -0.051882770 -0.011070189 0.998591840 201.668060303
0.998514473 -0.015175982 0.052329697 14.514632225 0.014615962 0.999831855 0.011067950 -19.852104187 -0.052488867 -0.010286660 0.998568535 203.932464600
0.998474121 -0.015445401 0.053018454 14.713925362 0.014837446 0.999819815 0.011841398 -20.054513931 -0.053191796 -0.011036672 0.998523414 206.159301758
0.998461068 -0.016834747 0.052840367 14.952184677 0.016214918 0.999794841 0.012137174 -20.273509979 -0.053033851 -0.011261693 0.998529196 208.419387817
0.998405278 -0.016605817 0.053953830 15.157783508 0.015981272 0.999800444 0.011986480 -20.464889526 -0.054142103 -0.011105117 0.998471439 210.660491943
0.998330891 -0.016650274 0.055300046 15.383247375 0.015919250 0.999780476 0.013633559 -20.689840317 -0.055514906 -0.012730471 0.998376727 212.913696289
0.998268783 -0.015212901 0.056814920 15.616708755 0.014430258 0.999795675 0.014160251 -20.894138336 -0.057018720 -0.013315883 0.998284340 215.146896362
0.998083949 -0.013709185 0.060336940 15.817630768 0.012890670 0.999819815 0.013934172 -21.092834473 -0.060517095 -0.013129689 0.998080790 217.426559448
0.997947872 -0.013883794 0.062510565 16.043922424 0.013005718 0.999811292 0.014431925 -21.293798447 -0.062699147 -0.013589313 0.997939944 219.666030884
0.997818112 -0.015283541 0.064231262 16.278350830 0.014354274 0.999785900 0.014904229 -21.488601685 -0.064445309 -0.013949715 0.997823715 221.905120850
0.997699678 -0.016584462 0.065728910 16.509229660 0.015581330 0.999754488 0.015745062 -21.684938431 -0.065973908 -0.014684699 0.997713268 224.142303467
0.997624576 -0.018662708 0.066308998 16.757652283 0.017683366 0.999726295 0.015325749 -21.891344070 -0.066576861 -0.014116780 0.997681439 226.379547119
0.997584879 -0.019863069 0.066556334 16.998357773 0.018916741 0.999711215 0.014818664 -22.083503723 -0.066831470 -0.013523846 0.997672617 228.631896973
0.997536242 -0.020259751 0.067163207 17.238712311 0.019291820 0.999700904 0.015029065 -22.279634476 -0.067447610 -0.013696338 0.997628748 230.875244141
0.997457206 -0.021658225 0.067897961 17.477525711 0.020737251 0.999683559 0.014239816 -22.477611542 -0.068184890 -0.012795591 0.997590661 233.114974976
0.997464597 -0.022523398 0.067505963 17.752403259 0.021533834 0.999650240 0.015351060 -22.683254242 -0.067828104 -0.013858473 0.997600913 235.417419434
0.997431159 -0.022239910 0.068091922 17.995809555 0.021233818 0.999654830 0.015463853 -22.878314972 -0.068412341 -0.013978278 0.997559190 237.662429810
0.997385681 -0.022062926 0.068811409 18.234041214 0.021042647 0.999658167 0.015517027 -23.073978424 -0.069130257 -0.014028488 0.997509003 239.886871338
0.997345209 -0.022345703 0.069305323 18.479116440 0.021310445 0.999650538 0.015641244 -23.268997192 -0.069630623 -0.014122793 0.997472882 242.118011475
0.997305930 -0.022748908 0.069738157 18.727195740 0.021702310 0.999640703 0.015728712 -23.460214615 -0.070070915 -0.014172859 0.997441351 244.360549927
0.997259378 -0.022744970 0.070402034 18.970684052 0.021740766 0.999651134 0.014997549 -23.658760071 -0.070718586 -0.013425850 0.997405946 246.592376709
0.997273684 -0.022528391 0.070268922 19.230829239 0.021576254 0.999665320 0.014279681 -23.860172272 -0.070567101 -0.012724610 0.997425795 248.835968018
0.997241437 -0.022896226 0.070606507 19.480947495 0.021893201 0.999648571 0.014947255 -24.060838699 -0.070923924 -0.013360219 0.997392237 251.072311401
0.997209489 -0.024127696 0.070646420 19.736141205 0.023137510 0.999622703 0.014801146 -24.257686615 -0.070976876 -0.013125262 0.997391582 253.300247192
0.997217834 -0.024215082 0.070499435 20.003124237 0.023176525 0.999611020 0.015512448 -24.455730438 -0.070847660 -0.013835357 0.997391164 255.560333252
0.997165740 -0.024679177 0.071073435 20.235040665 0.023628078 0.999599278 0.015591975 -24.650604248 -0.071429744 -0.013868453 0.997349262 257.777008057
0.997159302 -0.025158007 0.070995770 20.511631012 0.024071436 0.999580204 0.016119119 -24.854721069 -0.071371488 -0.014364361 0.997346282 260.070281982
0.997134149 -0.025004910 0.071402080 20.771518707 0.023954732 0.999592483 0.015526661 -25.047771454 -0.071761213 -0.013771744 0.997326672 262.317901611
0.997101486 -0.024931563 0.071881779 21.029901505 0.023911087 0.999601305 0.015022435 -25.241985321 -0.072227642 -0.013260125 0.997300029 264.579345703
0.997080863 -0.024081048 0.072457537 21.292278290 0.023079712 0.999626577 0.014625443 -25.443641663 -0.072782680 -0.012910449 0.997264206 266.825042725
0.997008026 -0.023326334 0.073694758 21.547821045 0.022302626 0.999643326 0.014683779 -25.636184692 -0.074010991 -0.012996256 0.997172773 269.072753906
0.996883273 -0.022937907 0.075482681 21.795703888 0.021907583 0.999655545 0.014449718 -25.850954056 -0.075788148 -0.012751039 0.997042418 271.341217041
0.996789455 -0.023581350 0.076516479 22.068470001 0.022508891 0.999636352 0.014848419 -26.052291870 -0.076838814 -0.013078445 0.996957719 273.589416504
0.996596813 -0.023891672 0.078892320 22.318666458 0.022728095 0.999619722 0.015614210 -26.247760773 -0.079235360 -0.013768001 0.996760845 275.836120605
0.996489346 -0.023697857 0.080296308 22.596101761 0.022446640 0.999612629 0.016449664 -26.432510376 -0.080655038 -0.014589533 0.996635318 278.076812744
0.996436179 -0.023270506 0.081075609 22.880102158 0.021852972 0.999593198 0.018327879 -26.644382477 -0.081469133 -0.016490819 0.996539414 280.337097168
0.996349275 -0.023064598 0.082195498 23.163055420 0.021555608 0.999583304 0.019199034 -26.838115692 -0.082604058 -0.017357169 0.996431291 282.574707031
0.996293068 -0.021878688 0.083195113 23.443824768 0.020341028 0.999607086 0.019285535 -27.023609161 -0.083584376 -0.017521774 0.996346593 284.839111328
0.996175289 -0.020844543 0.084854059 23.710420609 0.019328516 0.999639213 0.018648872 -27.206869125 -0.085212171 -0.016937446 0.996218920 287.071075439
0.996196449 -0.020215336 0.084758535 24.006139755 0.018848529 0.999679565 0.016895309 -27.381368637 -0.085072920 -0.015233473 0.996258259 289.319976807
0.996128440 -0.021100191 0.085339807 24.279773712 0.019689407 0.999655724 0.017339494 -27.579904556 -0.085676312 -0.015592070 0.996200979 291.547180176
0.996035993 -0.021032153 0.086429015 24.538785934 0.019737393 0.999680340 0.015808020 -27.762723923 -0.086733863 -0.014039475 0.996132553 293.826446533
0.996051252 -0.021586042 0.086115010 24.823070526 0.020383447 0.999682367 0.014819999 -27.952756882 -0.086407557 -0.013006157 0.996174932 296.053863525
0.996056259 -0.021602942 0.086053543 25.107723236 0.020409428 0.999683261 0.014725202 -28.148811340 -0.086344391 -0.012910828 0.996181667 298.290039062
0.996047199 -0.020956652 0.086318396 25.388303757 0.019741274 0.999693871 0.014909861 -28.342010498 -0.086604446 -0.013146892 0.996156037 300.529449463
0.996005058 -0.020821491 0.086834803 25.654388428 0.019537358 0.999687254 0.015612091 -28.541675568 -0.087132707 -0.013853202 0.996100366 302.768890381
0.996007025 -0.021119695 0.086740553 25.943572998 0.019823398 0.999678969 0.015778918 -28.736171722 -0.087045953 -0.013996420 0.996105969 305.019104004
0.995971024 -0.020441439 0.087315008 26.229152679 0.019128572 0.999691427 0.015846355 -28.930021286 -0.087611988 -0.014112299 0.996054709 307.266174316
0.995971680 -0.021234801 0.087117344 26.517724991 0.019930026 0.999676168 0.015819859 -29.133771896 -0.087425061 -0.014019880 0.996072412 309.520599365
0.995924115 -0.022614725 0.087315299 26.804735184 0.021273766 0.999641478 0.016257921 -29.327522278 -0.087651663 -0.014334129 0.996048033 311.777709961
0.995896935 -0.022276431 0.087709889 27.091318130 0.020981265 0.999657154 0.015660938 -29.524944305 -0.088028677 -0.013756416 0.996022940 314.020721436
0.995916486 -0.022014255 0.087553270 27.384456635 0.020656647 0.999652386 0.016382108 -29.723720551 -0.087883495 -0.014506657 0.996025085 316.267639160
0.995876312 -0.020337323 0.088412754 27.669921875 0.019038247 0.999698341 0.015511890 -29.920042038 -0.088701561 -0.013764698 0.995963156 318.512878418
0.995876074 -0.018577367 0.088801868 27.952283859 0.017209679 0.999721587 0.016142592 -30.115308762 -0.089077026 -0.014547772 0.995918453 320.762634277
0.995810449 -0.017118597 0.089824900 28.230531693 0.015747830 0.999748766 0.015947085 -30.312719345 -0.090075329 -0.014465726 0.995829880 322.992950439
0.995768964 -0.016118146 0.090467401 28.511081696 0.014695829 0.999758065 0.016366037 -30.503017426 -0.090709321 -0.014967297 0.995764911 325.230590820
0.995767236 -0.015835259 0.090535648 28.807384491 0.014280810 0.999739707 0.017791625 -30.706760406 -0.090793796 -0.016423393 0.995734274 327.459960938
0.995732725 -0.016871655 0.090728544 29.091974258 0.015326264 0.999725819 0.017703004 -30.904493332 -0.091002330 -0.016236927 0.995718300 329.705169678
0.995752871 -0.018773625 0.090131886 29.397026062 0.017313730 0.999706328 0.016952071 -31.095693588 -0.090423673 -0.015319554 0.995785534 331.941192627
0.995735705 -0.018341439 0.090410091 29.681245804 0.016910890 0.999719739 0.016563669 -31.288997650 -0.090688571 -0.014964120 0.995766878 334.153472900
0.995721579 -0.018753061 0.090481095 29.971866608 0.017207578 0.999692917 0.017830746 -31.480298996 -0.090787694 -0.016197499 0.995738566 336.382904053
0.995778382 -0.019361412 0.089725003 30.278707504 0.017824294 0.999680877 0.017901225 -31.670606613 -0.090042949 -0.016226372 0.995805681 338.618530273
0.995789051 -0.019409619 0.089595921 30.565847397 0.017853968 0.999676168 0.018131964 -31.866149902 -0.089918837 -0.016455969 0.995813131 340.862365723
0.995822012 -0.019527106 0.089203402 30.864065170 0.017994402 0.999676883 0.017954191 -32.060997009 -0.089525171 -0.016274016 0.995851576 343.105895996
0.995841086 -0.020010227 0.088882416 31.152452469 0.018436586 0.999659061 0.018490655 -32.249885559 -0.089222118 -0.016775068 0.995870411 345.351379395
0.995887220 -0.019805847 0.088409267 31.445106506 0.018248754 0.999664426 0.018386031 -32.435676575 -0.088743754 -0.016697057 0.995914459 347.592956543
0.995939255 -0.019933723 0.087793186 31.734354019 0.018393898 0.999663055 0.018313516 -32.625320435 -0.088128679 -0.016624290 0.995970368 349.831878662
0.995935738 -0.019495741 0.087930702 32.015480042 0.017900664 0.999661267 0.018892398 -32.821094513 -0.088269241 -0.017241597 0.995947421 352.073913574
0.995984793 -0.019878414 0.087287776 32.302600861 0.018268036 0.999648571 0.019209361 -33.007492065 -0.087638952 -0.017537652 0.995997906 354.300231934
0.996013939 -0.019449711 0.087052479 32.585697174 0.017883254 0.999664485 0.018738335 -33.198459625 -0.087387718 -0.017106861 0.996027470 356.536773682
0.996074915 -0.019731190 0.086288176 32.876796722 0.018151464 0.999653697 0.019054042 -33.385948181 -0.086634263 -0.017412996 0.996087968 358.768218994
0.996126652 -0.019311752 0.085782923 33.164665222 0.017669689 0.999646604 0.019860357 -33.576370239 -0.086136155 -0.018267674 0.996115863 361.016021729
0.996169448 -0.019636139 0.085210472 33.455261230 0.018006800 0.999640942 0.019848041 -33.766178131 -0.085569613 -0.018237649 0.996165216 363.266235352
0.996219516 -0.019651307 0.084619723 33.743816376 0.017992597 0.999631524 0.020320296 -33.953289032 -0.084987871 -0.018720943 0.996206105 365.508056641
0.996264517 -0.019681025 0.084083065 34.029735565 0.018088056 0.999642968 0.019665247 -34.142162323 -0.084440075 -0.018070884 0.996264815 367.772064209
0.996261358 -0.020148193 0.084007934 34.307888031 0.018564688 0.999635756 0.019588253 -34.333324432 -0.084372006 -0.017955439 0.996272564 370.026428223
0.996270120 -0.020219564 0.083886601 34.585754395 0.018705036 0.999648154 0.018801386 -34.518539429 -0.084237255 -0.017162159 0.996297896 372.289733887
0.996338427 -0.020050343 0.083111875 34.872570038 0.018555589 0.999652565 0.018718518 -34.712036133 -0.083458327 -0.017107792 0.996364355 374.541412354
0.996424317 -0.020045584 0.082076848 35.160011292 0.018516630 0.999641299 0.019347416 -34.898300171 -0.082435243 -0.017758448 0.996438205 376.791931152
0.996343434 -0.019668177 0.083144300 35.425811768 0.018079363 0.999640107 0.019819085 -35.084133148 -0.083504185 -0.018243421 0.996340394 379.053253174
0.996336401 -0.020402342 0.083051391 35.705589294 0.018794563 0.999621332 0.020094927 -35.276695251 -0.083429925 -0.018460393 0.996342778 381.302551270
0.996359646 -0.020382974 0.082776122 35.989246368 0.018781222 0.999621868 0.020083284 -35.457218170 -0.083154187 -0.018455539 0.996365786 383.562683105
0.996376157 -0.019624922 0.082761489 36.271606445 0.017994151 0.999629855 0.020404629 -35.647644043 -0.083131313 -0.018841464 0.996360481 385.818145752
0.996380210 -0.018657068 0.082936361 36.549762726 0.017011134 0.999644876 0.020508310 -35.829769135 -0.083289534 -0.019023232 0.996343732 388.084045410
0.996421993 -0.017507959 0.082683705 36.837261200 0.015863860 0.999663949 0.020499559 -36.024070740 -0.083014809 -0.019114530 0.996364892 390.360260010
0.996401370 -0.016121875 0.083212763 37.110298157 0.014475094 0.999688029 0.020355562 -36.212905884 -0.083514959 -0.019077798 0.996323884 392.645294189
0.996438324 -0.014976426 0.082984321 37.393249512 0.013209501 0.999675035 0.021800593 -36.399261475 -0.083283849 -0.020626765 0.996312380 394.902984619
0.996374369 -0.013746451 0.083959565 37.659797668 0.011918699 0.999681771 0.022231998 -36.585723877 -0.084238455 -0.021150704 0.996221125 397.162658691
0.996317029 -0.013218031 0.084720075 37.935188293 0.011501699 0.999719203 0.020715035 -36.777893066 -0.084970124 -0.019664321 0.996189415 399.428833008
0.996232629 -0.012475184 0.085818358 38.210990906 0.010794633 0.999741316 0.020018933 -36.962131500 -0.086045913 -0.019017139 0.996109605 401.701446533
0.996169984 -0.014327001 0.086255744 38.485809326 0.012543198 0.999696851 0.021186994 -37.149330139 -0.086533159 -0.020023931 0.996047735 403.961090088
0.996086359 -0.015865522 0.086949751 38.768013000 0.013975048 0.999653518 0.022307925 -37.335880280 -0.087273538 -0.021005496 0.995962918 406.213775635
0.996089399 -0.016412441 0.086813435 39.055793762 0.014538664 0.999648452 0.022172362 -37.517971039 -0.087146804 -0.020823503 0.995977819 408.479522705
0.996077299 -0.016313627 0.086970873 39.352825165 0.014553996 0.999677181 0.020828322 -37.698539734 -0.087282576 -0.019480847 0.995993078 410.747161865
0.996049881 -0.014609086 0.087585457 39.662246704 0.012798608 0.999693513 0.021197069 -37.893001556 -0.087868273 -0.019992368 0.995931447 413.010742188
0.995979071 -0.013380372 0.088581584 39.940723419 0.011561779 0.999712408 0.021011520 -38.078804016 -0.088837251 -0.019902874 0.995847285 415.253112793
0.995891154 -0.012162082 0.089737177 40.229583740 0.010302139 0.999723017 0.021160699 -38.263015747 -0.089969665 -0.020149272 0.995740592 417.524932861
0.995846808 -0.012364746 0.090202317 40.528049469 0.010523992 0.999727070 0.020854138 -38.449592590 -0.090435572 -0.019818233 0.995705068 419.783203125
0.995729387 -0.012434888 0.091478378 40.811302185 0.010562960 0.999725401 0.020918837 -38.633865356 -0.091713361 -0.019863220 0.995587230 422.037750244
0.995644808 -0.012786782 0.092346989 41.098320007 0.010909311 0.999723971 0.020806901 -38.825431824 -0.092587553 -0.019708842 0.995509446 424.299652100
0.995574713 -0.013101908 0.093055725 41.396736145 0.011107735 0.999698102 0.021915620 -39.010787964 -0.093314752 -0.020784998 0.995419681 426.566711426
0.995540679 -0.012287285 0.093531027 41.692790985 0.010230233 0.999695837 0.022441076 -39.191711426 -0.093778335 -0.021384155 0.995363355 428.819183350
0.995462596 -0.011439892 0.094464287 41.994552612 0.009298001 0.999690235 0.023083230 -39.373439789 -0.094699070 -0.022100158 0.995260656 431.095581055
0.995475769 -0.012871460 0.094139062 42.296539307 0.010712808 0.999668777 0.023400007 -39.564243317 -0.094409049 -0.022285644 0.995284021 433.367431641
0.995420396 -0.013684251 0.094609194 42.600673676 0.011565128 0.999670744 0.022910850 -39.756156921 -0.094891548 -0.021711763 0.995250762 435.632232666
0.995414615 -0.012747962 0.094800770 42.910396576 0.010614377 0.999679685 0.022976307 -39.925098419 -0.095063314 -0.021864701 0.995231092 437.899658203
0.995367825 -0.013174486 0.095232353 43.218090057 0.010994211 0.999666095 0.023382843 -40.109630585 -0.095508620 -0.022227529 0.995180428 440.181945801
0.995395243 -0.013267147 0.094932437 43.530342102 0.011070630 0.999659479 0.023627087 -40.290115356 -0.095213577 -0.022467334 0.995203316 442.456481934
0.995399475 -0.012384350 0.095008105 43.854671478 0.010100095 0.999649107 0.024486070 -40.481174469 -0.095278010 -0.023413833 0.995175242 444.744354248
0.995355070 -0.012937092 0.095398605 44.163364410 0.010646112 0.999643505 0.024484864 -40.657035828 -0.095681354 -0.023355508 0.995137990 447.020202637
0.995349109 -0.012803221 0.095479086 44.467327118 0.010554508 0.999655783 0.024019856 -40.839160919 -0.095753759 -0.022900410 0.995141566 449.283966064
0.995357335 -0.012386864 0.095449232 44.775154114 0.010134781 0.999659538 0.024043353 -41.026786804 -0.095714577 -0.022964370 0.995143831 451.548828125
0.995302081 -0.011846721 0.096090943 45.077644348 0.009606254 0.999671876 0.023745308 -41.213138580 -0.096340723 -0.022710679 0.995089293 453.812225342
0.995228887 -0.011323921 0.096908182 45.381004333 0.009053278 0.999674737 0.023838604 -41.386898041 -0.097146623 -0.022847531 0.995007753 456.093078613
0.995185137 -0.011451483 0.097341068 45.680557251 0.009188505 0.999677658 0.023664501 -41.576736450 -0.097580686 -0.022656148 0.994969726 458.360076904
0.995221674 -0.010506785 0.097074457 46.004295349 0.008323453 0.999703765 0.022868974 -41.758872986 -0.097285986 -0.021951707 0.995014369 460.650146484
0.995195746 -0.009419122 0.097450271 46.312908173 0.007171134 0.999700725 0.023392627 -41.942615509 -0.097641431 -0.022581423 0.994965434 462.938629150
0.995214045 -0.009448016 0.097261392 46.622173309 0.007069589 0.999668181 0.024769612 -42.126312256 -0.097463161 -0.023963463 0.994950593 465.213165283
0.995272696 -0.009344820 0.096670203 46.927841187 0.006957863 0.999663234 0.024999460 -42.300785065 -0.096871279 -0.024208659 0.995002449 467.480133057
0.995354176 -0.009423858 0.095818937 47.240100861 0.007156837 0.999686897 0.023975642 -42.482666016 -0.096014880 -0.023178495 0.995109975 469.764221191
0.995438039 -0.009477085 0.094938107 47.562194824 0.007278863 0.999697924 0.023473859 -42.667106628 -0.095131896 -0.022675732 0.995206356 472.068298340
0.995513380 -0.010142542 0.094075389 47.869716644 0.007817494 0.999655545 0.025050430 -42.860046387 -0.094297066 -0.024202609 0.995249808 474.349548340
0.995461643 -0.010128093 0.094623491 48.160232544 0.007729318 0.999640286 0.025682949 -43.044193268 -0.094849564 -0.024835015 0.995181859 476.631896973
0.995570064 -0.010009987 0.093487360 48.461952209 0.007663494 0.999647379 0.025424948 -43.217414856 -0.093708888 -0.024595879 0.995295763 478.912475586
0.995580673 -0.010023544 0.093373336 48.764827728 0.007620660 0.999631405 0.026055271 -43.397209167 -0.093600087 -0.025228560 0.995290160 481.197174072
0.995612860 -0.010844924 0.092937425 49.073474884 0.008379663 0.999603629 0.026875345 -43.578395844 -0.093192056 -0.025978655 0.995309174 483.470214844
0.995626330 -0.011240344 0.092747673 49.371948242 0.008854253 0.999620199 0.026098186 -43.751922607 -0.093005791 -0.025162827 0.995347559 485.748504639
0.995720685 -0.011721553 0.091667153 49.681148529 0.009341704 0.999609113 0.026347974 -43.932979584 -0.091940157 -0.025378894 0.995441079 488.036071777
0.995703936 -0.011030678 0.091934435 49.953739166 0.008633082 0.999613225 0.026436403 -44.104362488 -0.092190474 -0.025529154 0.995414078 490.311981201
0.995735347 -0.010677864 0.091634884 50.254867554 0.008242222 0.999603689 0.026917238 -44.277565002 -0.091885991 -0.026047172 0.995428801 492.615997314
0.995788991 -0.010337244 0.091089390 50.560554504 0.007862725 0.999591470 0.027482903 -44.452594757 -0.091336265 -0.026650965 0.995463371 494.905212402
0.995762467 -0.010116369 0.091404185 50.845928192 0.007669282 0.999603629 0.027083846 -44.626441956 -0.091641955 -0.026268069 0.995445490 497.208129883
0.995800495 -0.009824644 0.091021426 51.154960632 0.007419381 0.999615252 0.026726015 -44.809719086 -0.091248982 -0.025938462 0.995490253 499.520111084
0.995849311 -0.009781728 0.090489954 51.453563690 0.007335147 0.999599576 0.027330222 -44.982749939 -0.090721063 -0.026553025 0.995522380 501.817504883
0.995858312 -0.009656720 0.090405874 51.746688843 0.007180417 0.999591172 0.027676241 -45.161655426 -0.090636179 -0.026912456 0.995520353 504.101867676
0.995879114 -0.008612317 0.090280421 52.041141510 0.006210157 0.999619961 0.026854981 -45.335906982 -0.090477392 -0.026183663 0.995554268 506.399902344
0.995879352 -0.008445714 0.090293467 52.333335876 0.005982887 0.999603510 0.027511753 -45.511497498 -0.090490028 -0.026858173 0.995535076 508.692230225
0.995909154 -0.008731118 0.089937314 52.634548187 0.006375678 0.999629974 0.026443884 -45.684471130 -0.090134904 -0.025762295 0.995596290 510.979400635
0.995929599 -0.009552478 0.089627028 52.936492920 0.007109900 0.999595582 0.027532496 -45.869453430 -0.089853801 -0.026783185 0.995594800 513.280273438
0.995960355 -0.009299795 0.089311279 53.238353729 0.006882098 0.999602497 0.027340354 -46.036979675 -0.089530036 -0.026615260 0.995628417 515.578430176
0.995989144 -0.008656018 0.089054689 53.536270142 0.006244672 0.999607205 0.027320225 -46.215229034 -0.089256197 -0.026654528 0.995651901 517.882873535
0.995962560 -0.007699654 0.089439511 53.822879791 0.005294007 0.999618709 0.027103068 -46.393623352 -0.089614086 -0.026520148 0.995623350 520.178527832
0.995929182 -0.005737289 0.089956664 54.115695953 0.003324362 0.999631226 0.026950153 -46.569408417 -0.090078123 -0.026541399 0.995580971 522.534362793
0.995781660 -0.003499468 0.091688171 54.396453857 0.001006239 0.999628782 0.027224611 -46.743141174 -0.091749415 -0.027017510 0.995415509 524.857543945
0.995846093 -0.002885245 0.091006413 54.720573425 0.000287142 0.999592364 0.028548751 -46.923290253 -0.091051690 -0.028404031 0.995441020 527.190490723
0.995775402 -0.003079457 0.091770679 55.014701843 0.000467382 0.999594450 0.028470982 -47.096992493 -0.091821142 -0.028307809 0.995373070 529.503112793
0.995706975 -0.004934508 0.092429884 55.308849335 0.002179359 0.999550939 0.029885240 -47.268707275 -0.092535868 -0.029555503 0.995270610 531.821411133
0.995659828 -0.006585623 0.092833705 55.621383667 0.003863116 0.999557972 0.029475965 -47.437480927 -0.092986792 -0.028989404 0.995245218 534.150329590
0.995632887 -0.006553002 0.093124591 55.927268982 0.003879310 0.999575853 0.028862985 -47.608055115 -0.093274221 -0.028375676 0.995235980 536.468383789
0.995556176 -0.006943072 0.093912944 56.232810974 0.004275020 0.999582350 0.028581252 -47.780479431 -0.094072163 -0.028052764 0.995170057 538.787475586
0.995478034 -0.006412420 0.094774693 56.532653809 0.003765775 0.999598622 0.028078178 -47.959175110 -0.094916694 -0.027594311 0.995102704 541.096862793
0.995400369 -0.005693855 0.095632203 56.838394165 0.003057594 0.999611855 0.027690612 -48.134471893 -0.095752753 -0.027270844 0.995031476 543.421752930
0.995330989 -0.005461583 0.096366078 57.155242920 0.002905878 0.999640763 0.026641231 -48.308883667 -0.096476972 -0.026236810 0.994989395 545.748840332
0.995243549 -0.005057661 0.097286552 57.457073212 0.002424139 0.999627829 0.027168915 -48.487537384 -0.097387783 -0.026803847 0.994885445 548.079345703
0.995181382 -0.005195548 0.097913496 57.769119263 0.002484437 0.999610662 0.027790464 -48.665298462 -0.098019764 -0.027413290 0.994806826 550.399963379
0.995116293 -0.004976054 0.098583385 58.074333191 0.002257939 0.999614775 0.027664145 -48.837047577 -0.098683044 -0.027306451 0.994744122 552.706237793
0.995106280 -0.007238038 0.098544635 58.389629364 0.004537622 0.999608755 0.027599571 -49.029888153 -0.098705851 -0.027017348 0.994749784 555.011291504
0.995169342 -0.007247922 0.097905390 58.721729279 0.004518150 0.999595642 0.028074704 -49.204936981 -0.098069288 -0.027496731 0.994799614 557.329467773
0.995089293 -0.006819472 0.098746262 59.028858185 0.004028795 0.999587536 0.028432975 -49.377159119 -0.098899424 -0.027895518 0.994706452 559.635131836
0.995080888 -0.006119741 0.098876327 59.351680756 0.003211939 0.999558389 0.029540934 -49.551376343 -0.099013448 -0.029078035 0.994661152 561.969482422
0.995097876 -0.006924280 0.098653689 59.681434631 0.003979602 0.999541521 0.030014213 -49.722816467 -0.098816290 -0.029474473 0.994669080 564.301757812
0.995048225 -0.006233628 0.099197455 59.999916077 0.003203338 0.999524176 0.030678067 -49.890403748 -0.099341489 -0.030208394 0.994594753 566.625244141
0.994986832 -0.005118421 0.099874966 60.322208405 0.002102519 0.999539256 0.030278694 -50.068164825 -0.099983938 -0.029916914 0.994539142 568.952148438
0.995016694 -0.004062741 0.099627040 60.662052155 0.001220792 0.999590993 0.028570278 -50.231773376 -0.099702373 -0.028306274 0.994614601 571.290344238
0.995013475 -0.003493576 0.099678926 61.001655579 0.000628623 0.999586165 0.028758755 -50.407939911 -0.099738143 -0.028552687 0.994603992 573.611999512
0.995015681 -0.003836638 0.099643856 61.331020355 0.000848468 0.999549150 0.030013571 -50.589340210 -0.099714093 -0.029779429 0.994570374 575.988281250
0.995015562 -0.003943814 0.099641845 61.662853241 0.000840311 0.999513805 0.031169370 -50.764770508 -0.099716321 -0.030930288 0.994534969 578.304382324
0.994961977 -0.003558885 0.100190036 61.991146088 0.000583965 0.999558508 0.029706450 -50.939186096 -0.100251541 -0.029498277 0.994524777 580.688720703
0.995019495 -0.004305481 0.099587478 62.323806763 0.001395142 0.999570489 0.029275134 -51.103363037 -0.099670745 -0.028990395 0.994598091 583.028930664
0.995010376 -0.005712335 0.099608138 62.657539368 0.002634289 0.999515653 0.031005751 -51.290065765 -0.099737003 -0.030588636 0.994543552 585.356018066
0.995080233 -0.005563586 0.098916531 62.986209869 0.002510450 0.999517262 0.030963503 -51.457046509 -0.099041067 -0.030562839 0.994613886 587.676025391
0.995010078 -0.008670045 0.099396825 63.322395325 0.005706819 0.999531865 0.030057736 -51.640533447 -0.099610880 -0.029340515 0.994593799 590.039978027
0.995040357 -0.009104007 0.099054828 63.654930115 0.006167558 0.999533474 0.029910624 -51.806953430 -0.099280946 -0.029151350 0.994632363 592.389221191
0.995026290 -0.011062664 0.098996356 63.975502014 0.008073011 0.999500632 0.030549413 -51.978836060 -0.099284902 -0.029598268 0.994618714 594.726379395
0.995066047 -0.011681044 0.098524779 64.311332703 0.008676749 0.999485791 0.030866375 -52.150093079 -0.098834686 -0.029859202 0.994655728 597.081542969
