1.000000000 0.000000000 0.000000000 0.000000000 0.000000000 1.000000000 0.000000000 0.000000000 0.000000000 0.000000000 1.000000000 0.000000000
0.999999940 -0.000007522 0.000339094 0.088236459 0.000007589 1.000000000 -0.000196675 -0.226582393 -0.000339092 0.000196677 0.999999940 2.286080599
0.999999344 0.000206465 0.001147311 0.166802257 -0.000206795 0.999999940 0.000288240 -0.463934720 -0.001147251 -0.000288477 0.999999285 4.581950665
0.999998689 -0.000126172 0.001617022 0.265575975 0.000125279 0.999999821 0.000552901 -0.697229922 -0.001617091 -0.000552698 0.999998569 6.868540764
0.999996841 -0.000201419 0.002495774 0.360870421 0.000204277 0.999999344 -0.001145039 -0.930350780 -0.002495542 0.001145546 0.999996245 9.163927078
0.999988317 0.001546405 0.004582935 0.451997340 -0.001547546 0.999998808 0.000245465 -1.166489482 -0.004582549 -0.000252555 0.999989510 11.469509125
0.999970615 0.003404897 0.006866508 0.551224232 -0.003415934 0.999992907 0.001596262 -1.401738048 -0.006861025 -0.001619671 0.999975145 13.755932808
0.999951303 0.003260856 0.009310406 0.656094551 -0.003300491 0.999985516 0.004244875 -1.630239964 -0.009296430 -0.004275396 0.999947727 16.028181076
0.999943256 0.003262337 0.010141961 0.754697800 -0.003317299 0.999979854 0.005407189 -1.858032227 -0.010124117 -0.005440527 0.999933958 18.329261780
0.999923885 0.002260346 0.012129047 0.858038187 -0.002327672 0.999981999 0.005539582 -2.083261013 -0.012116306 -0.005567393 0.999911129 20.619071960
0.999927044 -0.000101178 0.012088924 0.982962966 0.000062056 0.999994755 0.003236507 -2.308305025 -0.012089190 -0.003235521 0.999921679 22.912715912
0.999913812 -0.002151093 0.012946813 1.089777470 0.002135910 0.999996960 0.001186413 -2.527610064 -0.012949327 -0.001158658 0.999915421 25.196296692
0.999917209 -0.003392892 0.012414396 1.231532335 0.003384491 0.999993980 0.000697717 -2.779215813 -0.012416687 -0.000655643 0.999922693 27.472562790
0.999898851 -0.003008765 0.013902350 1.331795931 0.003014341 0.999995410 -0.000380156 -3.002499342 -0.013901141 0.000422024 0.999903262 29.760610580
0.999902427 -0.001047904 0.013924599 1.464646220 0.001013541 0.999996424 0.002474650 -3.236050844 -0.013927143 -0.002460296 0.999899983 32.028263092
0.999902368 0.000898682 0.013947754 1.595787525 -0.000960939 0.999989629 0.004457466 -3.453681231 -0.013943604 -0.004470434 0.999892771 34.311092377
0.999868929 0.002571245 0.015982665 1.703132987 -0.002709127 0.999959230 0.008611280 -3.683875561 -0.015959866 -0.008653452 0.999835193 36.620712280
0.999855518 0.004447542 0.016406126 1.824457049 -0.004585039 0.999954581 0.008352754 -3.902087212 -0.016368229 -0.008426770 0.999830484 38.892230988
0.999817550 0.003921248 0.018693315 1.928440452 -0.004047791 0.999969065 0.006736327 -4.107491016 -0.018666323 -0.006810766 0.999802589 41.190914154
0.999819696 0.001439470 0.018936869 2.054226875 -0.001542801 0.999984026 0.005443121 -4.329001904 -0.018928733 -0.005471355 0.999805927 43.467037201
0.999827862 0.001131193 0.018520948 2.189712286 -0.001214084 0.999989212 0.004464931 -4.556898594 -0.018515700 -0.004486649 0.999818623 45.745498657
0.999833167 0.000367518 0.018258873 2.322729826 -0.000432882 0.999993503 0.003576025 -4.785151005 -0.018257441 -0.003583333 0.999826908 48.021396637
0.999832213 -0.001544577 0.018252250 2.458787680 0.001471331 0.999990821 0.004025789 -5.013370991 -0.018258300 -0.003998258 0.999825299 50.302040100
0.999818802 -0.002447951 0.018877521 2.589591265 0.002366887 0.999987900 0.004315361 -5.234553337 -0.018887857 -0.004269898 0.999812484 52.567768097
0.999811232 -0.003612931 0.019094005 2.724857330 0.003533085 0.999984860 0.004213857 -5.461549282 -0.019108944 -0.004145600 0.999808848 54.853237152
0.999785960 -0.003821611 0.020331524 2.849407196 0.003727393 0.999982178 0.004669969 -5.690760612 -0.020349005 -0.004593186 0.999782383 57.141429901
0.999774992 -0.005254409 0.020552050 2.990181923 0.005150794 0.999973774 0.005091286 -5.912146568 -0.020578263 -0.004984279 0.999775827 59.410881042
0.999732375 -0.006538178 0.022190385 3.112352371 0.006441368 0.999969423 0.004431389 -6.132982731 -0.022218680 -0.004287266 0.999743938 61.684383392
0.999711990 -0.007383256 0.022832289 3.258726358 0.007280598 0.999963045 0.004576072 -6.358697414 -0.022865228 -0.004408522 0.999728858 63.939971924
0.999679208 -0.006845331 0.024385877 3.394618511 0.006724234 0.999964595 0.005044377 -6.578604698 -0.024419542 -0.004878783 0.999689877 66.204193115
0.999660015 -0.005942467 0.025384374 3.538486481 0.005808178 0.999968708 0.005360707 -6.802657127 -0.025415435 -0.005211447 0.999663413 68.450515747
0.999618530 -0.006233579 0.026905671 3.673060894 0.006094111 0.999967575 0.005262468 -7.027840137 -0.026937602 -0.005096495 0.999624252 70.701408386
0.999607742 -0.007057421 0.027100125 3.835598946 0.006957548 0.999968588 0.003777897 -7.248715878 -0.027125936 -0.003587865 0.999625564 72.949218750
0.999584138 -0.007970633 0.027712086 3.984732628 0.007855371 0.999960065 0.004265737 -7.473680019 -0.027744981 -0.004046274 0.999606848 75.216293335
0.999534786 -0.009240889 0.029062595 4.144584656 0.009137427 0.999951422 0.003690809 -7.703446388 -0.029095292 -0.003423535 0.999570787 77.484237671
0.999524951 -0.009913311 0.029181765 4.299840927 0.009810152 0.999945223 0.003675989 -7.930254936 -0.029216597 -0.003387965 0.999567389 79.730819702
0.999493897 -0.010430204 0.030056691 4.446931362 0.010337615 0.999941289 0.003234212 -8.145911217 -0.030088659 -0.002921861 0.999543071 81.986976624
0.999487281 -0.009562593 0.030557463 4.622947216 0.009470954 0.999950171 0.003142283 -8.371351242 -0.030585986 -0.002851264 0.999527991 84.235961914
0.999442279 -0.009424485 0.032034971 4.779989243 0.009309199 0.999949634 0.003745978 -8.590103149 -0.032068662 -0.003445669 0.999479711 86.489204407
0.999446273 -0.008879337 0.032067861 4.944678307 0.008726505 0.999949932 0.004902702 -8.822125435 -0.032109801 -0.004620147 0.999473631 88.767715454
0.999417126 -0.007968908 0.033195324 5.099248886 0.007779402 0.999952734 0.005834121 -9.050239563 -0.033240244 -0.005572481 0.999431849 91.022346497
0.999393880 -0.007967029 0.033888269 5.267575264 0.007785461 0.999954641 0.005486416 -9.267733574 -0.033930447 -0.005219256 0.999410510 93.271881104
0.999375403 -0.007821260 0.034462113 5.431745529 0.007658066 0.999958813 0.004864933 -9.482512474 -0.034498744 -0.004597981 0.999394178 95.522789001
0.999348760 -0.008270474 0.035126731 5.598855019 0.008085985 0.999952793 0.005390954 -9.704870224 -0.035169661 -0.005103408 0.999368310 97.772407532
0.999308109 -0.007911166 0.036341406 5.756253242 0.007735424 0.999957681 0.004973943 -9.935705185 -0.036379214 -0.004689386 0.999327064 100.009414673
0.999241412 -0.007914859 0.038129289 5.907395363 0.007698807 0.999953449 0.005809787 -10.149089813 -0.038173493 -0.005511831 0.999255896 102.233428955
0.999241650 -0.008390342 0.038023110 6.105413437 0.008166809 0.999948442 0.006030445 -10.371565819 -0.038071748 -0.005715345 0.999258637 104.487869263
0.999196887 -0.009150502 0.039011013 6.276240349 0.008888423 0.999936700 0.006886225 -10.586676598 -0.039071560 -0.006533947 0.999215066 106.720611572
0.999154627 -0.010504832 0.039745394 6.453472137 0.010231926 0.999922633 0.007063613 -10.802455902 -0.039816529 -0.006650970 0.999184847 108.967384338
0.999110341 -0.011649627 0.040530182 6.632400036 0.011332809 0.999903500 0.008037832 -11.025626183 -0.040619906 -0.007571360 0.999145985 111.220832825
0.999092102 -0.011973198 0.040888857 6.822541237 0.011704617 0.999908388 0.006801672 -11.247112274 -0.040966559 -0.006316907 0.999140561 113.478973389
0.999049008 -0.012703696 0.041708406 7.004411221 0.012468962 0.999904931 0.005883303 -11.462419510 -0.041779175 -0.005357648 0.999112487 115.723686218
0.999011874 -0.012974120 0.042508341 7.184958935 0.012711979 0.999898493 0.006431376 -11.686714172 -0.042587474 -0.005884655 0.999075413 117.966812134
0.998967290 -0.013275561 0.043455102 7.375741959 0.012983824 0.999891281 0.006988900 -11.901140213 -0.043543156 -0.006417469 0.999030888 120.218452454
0.998947561 -0.013967209 0.043689366 7.577524185 0.013645821 0.999877632 0.007645867 -12.124388695 -0.043790814 -0.007041643 0.999015927 122.423751831
0.998908281 -0.014628675 0.044365026 7.782454491 0.014307906 0.999869227 0.007539227 -12.352580070 -0.044469509 -0.006896225 0.998986900 124.702949524
0.998870134 -0.015426419 0.044949923 7.968450546 0.015135041 0.999862194 0.006815456 -12.573571205 -0.045048852 -0.006127437 0.998965979 126.963142395
0.998854756 -0.016906796 0.044758040 8.157871246 0.016595555 0.999835491 0.007316368 -12.789098740 -0.044874374 -0.006565203 0.998971045 129.219253540
0.998866558 -0.018307796 0.043935921 8.343451500 0.018008677 0.999811947 0.007194187 -12.996726036 -0.044059373 -0.006394805 0.999008477 131.469482422
0.998925984 -0.018637845 0.042421058 8.540168762 0.018293269 0.999796510 0.008496554 -13.212899208 -0.042570785 -0.007711407 0.999063730 133.703659058
0.998987317 -0.019661210 0.040468287 8.731901169 0.019351680 0.999780536 0.008026210 -13.429447174 -0.040617213 -0.007234952 0.999148607 135.944335938
0.999060929 -0.020488122 0.038178328 8.942148209 0.020205043 0.999765635 0.007785898 -13.640920639 -0.038328897 -0.007007191 0.999240637 138.170562744
0.999048471 -0.020983024 0.038233664 9.108211517 0.020688748 0.999753356 0.008076389 -13.864892006 -0.038393702 -0.007277698 0.999236166 140.453414917
0.999029100 -0.021217497 0.038610086 9.269231796 0.020919345 0.999748349 0.008109869 -14.066885948 -0.038772449 -0.007294297 0.999221444 142.688415527
0.999073327 -0.021252772 0.037424140 9.467487335 0.020907147 0.999735296 0.009602565 -14.295642853 -0.037618317 -0.008811237 0.999253273 144.937515259
0.999083996 -0.020554833 0.037532479 9.638735771 0.020253444 0.999759674 0.008392648 -14.506156921 -0.037695959 -0.007624797 0.999260187 147.185577393
0.999107182 -0.019577594 0.037437804 9.820165634 0.019331187 0.999789238 0.006932328 -14.722248077 -0.037565622 -0.006202422 0.999274850 149.418914795
0.999118149 -0.018134369 0.037867103 9.991033554 0.017920544 0.999821484 0.005978596 -14.938807487 -0.037968758 -0.005294725 0.999264896 151.663269043
0.999133527 -0.017289134 0.037854824 10.175798416 0.017068872 0.999835432 0.006134120 -15.151968956 -0.037954651 -0.005482667 0.999264359 153.892990112
0.999119997 -0.016561724 0.038534448 10.353324890 0.016330751 0.999846756 0.006301160 -15.362512589 -0.038632896 -0.005666318 0.999237418 156.143173218
0.999123991 -0.015255510 0.038968347 10.525832176 0.014960229 0.999857128 0.007857874 -15.580850601 -0.039082661 -0.007268015 0.999209464 158.377609253
0.999075055 -0.014675283 0.040417992 10.703214645 0.014336593 0.999859631 0.008656831 -15.793273926 -0.040539362 -0.008069368 0.999145389 160.613693237
0.999042809 -0.013241617 0.041690845 10.862406731 0.012817175 0.999863386 0.010431588 -16.002952576 -0.041823283 -0.009887243 0.999076128 162.879150391
0.999018371 -0.013033648 0.042336330 11.044477463 0.012645850 0.999875665 0.009414898 -16.201446533 -0.042453773 -0.008870277 0.999059081 165.131210327
0.998973966 -0.012447356 0.043543424 11.233816147 0.012103422 0.999893486 0.008153398 -16.411674500 -0.043640267 -0.007618006 0.999018252 167.373077393
0.998900473 -0.010584898 0.045669205 11.416551590 0.010222335 0.999914348 0.008165140 -16.620254517 -0.045751709 -0.007689317 0.998923242 169.610382080
0.998784482 -0.009860452 0.048292812 11.603008270 0.009440634 0.999915719 0.008913595 -16.849506378 -0.048376631 -0.008446847 0.998793364 171.845397949
0.998666048 -0.010097435 0.050636467 11.803211212 0.009678408 0.999916852 0.008513595 -17.056217194 -0.050718222 -0.008012160 0.998680890 174.106948853
0.998584986 -0.009970101 0.052235868 12.009727478 0.009515776 0.999914706 0.008939063 -17.266490936 -0.052320533 -0.008429348 0.998594761 176.356582642
0.998553276 -0.010313753 0.052772090 12.215496063 0.009820333 0.999905765 0.009600799 -17.472843170 -0.052866127 -0.009068670 0.998560429 178.578582764
0.998525560 -0.012209378 0.052892789 12.419197083 0.011712935 0.999884427 0.009685714 -17.689531326 -0.053004928 -0.009051902 0.998553216 180.798385620
0.998467088 -0.013151126 0.053765308 12.614053726 0.012681300 0.999878407 0.009070328 -17.895069122 -0.053878058 -0.008374610 0.998512387 183.048187256
0.998550534 -0.014605670 0.051802497 12.847270012 0.014136682 0.999855757 0.009408298 -18.120180130 -0.051932447 -0.008662346 0.998613000 185.261566162
0.998558223 -0.016402807 0.051111259 13.058357239 0.015903510 0.999822021 0.010160190 -18.329854965 -0.051268809 -0.009332695 0.998641372 187.508148193
0.998580992 -0.017237667 0.050385989 13.269613266 0.016776377 0.999813557 0.009563745 -18.534671783 -0.050541453 -0.008704880 0.998684049 189.749755859
0.998534560 -0.018352034 0.050910827 13.462468147 0.017884720 0.999793887 0.009619556 -18.752340317 -0.051076874 -0.008694935 0.998656869 191.979522705
0.998503327 -0.019975845 0.050912730 13.658708572 0.019544488 0.999768853 0.008956265 -18.961065292 -0.051079873 -0.007947795 0.998662949 194.215515137
0.998519719 -0.019655349 0.050715357 13.868804932 0.019219773 0.999774218 0.009062123 -19.171100616 -0.050882027 -0.008073972 0.998672009 196.458679199
0.998536348 -0.017765541 0.051084079 14.077311516 0.017312944 0.999807000 0.009288680 -19.384130478 -0.051239245 -0.008390668 0.998651087 198.687072754
0.998564363 -0.015266111 0.051341839 14.279705048 0.014826210 0.999850094 0.008938113 -19.601720810 -0.051470596 -0.008164076 0.998641133 200.961578369
0.998532891 -0.014574282 0.052152630 14.488273621 0.014173816 0.999867141 0.008040393 -19.812692642 -0.052262895 -0.007289394 0.998606741 203.227188110
0.998496354 -0.014747914 0.052797403 14.687514305 0.014299829 0.999858499 0.008854638 -20.021297455 -0.052920524 -0.008086329 0.998565972 205.454635620
0.998482645 -0.016153952 0.052647360 14.922365189 0.015717072 0.999838591 0.008701762 -20.238998413 -0.052779444 -0.007861095 0.998575211 207.704833984
0.998419642 -0.015759407 0.053943627 15.126173019 0.015289336 0.999841571 0.009115716 -20.442783356 -0.054078732 -0.008276545 0.998502433 209.950012207
0.998366952 -0.015850261 0.054882478 15.349267960 0.015314258 0.999830961 0.010173216 -20.668081284 -0.055034447 -0.009316120 0.998440921 212.195571899
0.998300672 -0.014515073 0.056437694 15.580233574 0.013945665 0.999847889 0.010469933 -20.878484726 -0.056581080 -0.009665078 0.998351216 214.428375244
0.998132408 -0.012639946 0.059765130 15.788774490 0.012027497 0.999871492 0.010596266 -21.086681366 -0.059891380 -0.009857650 0.998156250 216.702423096
0.998002350 -0.012668321 0.061893597 16.014205933 0.012018424 0.999868810 0.010861266 -21.292749405 -0.062023066 -0.010095705 0.998023570 218.943664551
0.997866869 -0.013997278 0.063763700 16.243766785 0.013304297 0.999847889 0.011279636 -21.495323181 -0.063911863 -0.010407246 0.997901261 221.175109863
0.997762918 -0.015289441 0.065079652 16.475713730 0.014535770 0.999821901 0.012038524 -21.697353363 -0.065252133 -0.011065612 0.997807384 223.403259277
0.997691572 -0.017415144 0.065636717 16.721830368 0.016703511 0.999795735 0.011375248 -21.906459808 -0.065821409 -0.010252623 0.997778773 225.625473022
0.997644186 -0.018390734 0.066089600 16.956777573 0.017689077 0.999781072 0.011186237 -22.111112595 -0.066280849 -0.009990820 0.997750998 227.869277954
0.997600913 -0.018647181 0.066667438 17.191896439 0.017930126 0.999774933 0.011337931 -22.312807083 -0.066863835 -0.010115378 0.997710824 230.099639893
0.997536242 -0.019693488 0.067331865 17.431983948 0.019031005 0.999764085 0.010466473 -22.520614624 -0.067522101 -0.009159292 0.997675776 232.344665527
0.997528315 -0.020426372 0.067230389 17.688262939 0.019683721 0.999737918 0.011690349 -22.735681534 -0.067451566 -0.010338111 0.997668982 234.633636475
0.997494102 -0.020541565 0.067701645 17.930822372 0.019780319 0.999733567 0.011895498 -22.940446854 -0.067927964 -0.010526530 0.997634649 236.871704102
0.997443676 -0.020072807 0.068579748 18.164844513 0.019313496 0.999744833 0.011717208 -23.140457153 -0.068797447 -0.010362740 0.997576833 239.079162598
0.997410595 -0.020268628 0.069001086 18.411277771 0.019498521 0.999740064 0.011816158 -23.341678619 -0.069222622 -0.010440143 0.997546613 241.309478760
0.997378528 -0.020746289 0.069322310 18.659944534 0.019963974 0.999729156 0.011959042 -23.544395447 -0.069551647 -0.010543744 0.997522652 243.551956177
0.997344553 -0.020946886 0.069750287 18.905899048 0.020207323 0.999731958 0.011291828 -23.753257751 -0.069968127 -0.009852375 0.997500598 245.776611328
0.997349799 -0.020506192 0.069806144 19.157360077 0.019818548 0.999748111 0.010529269 -23.959972382 -0.070004493 -0.009117908 0.997505009 248.004638672
0.997330010 -0.020607041 0.070058584 19.411220551 0.019881980 0.999741495 0.011031015 -24.166858673 -0.070267797 -0.009608660 0.997481883 250.245346069
0.997315466 -0.021854963 0.069886781 19.673479080 0.021149712 0.999717832 0.010815431 -24.372209549 -0.070103429 -0.009308314 0.997496307 252.490982056
0.997305274 -0.021850478 0.070033669 19.935840607 0.021097230 0.999711573 0.011477276 -24.580144882 -0.070264250 -0.009968831 0.997478604 254.758193970
0.997280777 -0.022670014 0.070120804 20.175979614 0.021885930 0.999689281 0.011930106 -24.788324356 -0.070369475 -0.010363007 0.997467220 256.978881836
0.997239351 -0.023067994 0.070579626 20.431846619 0.022244871 0.999675333 0.012426262 -24.999977112 -0.070843354 -0.010821923 0.997428775 259.242675781
0.997212648 -0.022767855 0.071053162 20.688293457 0.021963816 0.999685943 0.012076946 -25.204927444 -0.071305804 -0.010482686 0.997399390 261.484527588
0.997194111 -0.022775982 0.071310520 20.948003769 0.022013158 0.999691963 0.011465061 -25.407804489 -0.071549669 -0.009863121 0.997388244 263.743927002
0.997173131 -0.022014901 0.071840957 21.206478119 0.021277869 0.999713004 0.011008583 -25.617267609 -0.072062686 -0.009448840 0.997355342 265.985534668
0.997102320 -0.021369193 0.073008195 21.460670471 0.020607075 0.999725223 0.011176214 -25.819005966 -0.073226951 -0.009639344 0.997268677 268.231536865
0.997008681 -0.020834457 0.074427836 21.718776703 0.020095628 0.999741077 0.010661975 -26.040029526 -0.074630715 -0.009134409 0.997169316 270.494171143
0.996884465 -0.021523109 0.075882696 21.981365204 0.020760898 0.999725878 0.010819234 -26.245521545 -0.076094761 -0.009210133 0.997058034 272.738922119
0.996729851 -0.021711960 0.077833831 22.233928680 0.020876462 0.999715567 0.011532117 -26.450971603 -0.078062065 -0.009869510 0.996899664 274.993469238
0.996612310 -0.021638848 0.079345115 22.502916336 0.020734029 0.999710441 0.012209917 -26.642541885 -0.079586364 -0.010523411 0.996772408 277.234222412
0.996552229 -0.021183630 0.080218136 22.786027908 0.020076087 0.999692142 0.014588232 -26.871685028 -0.080502465 -0.012927471 0.996670604 279.490325928
0.996460557 -0.020978447 0.081402175 23.065402985 0.019768331 0.999682128 0.015643543 -27.076305389 -0.081704482 -0.013978989 0.996558607 281.728210449
0.996382773 -0.019819446 0.082635112 23.336584091 0.018626830 0.999711275 0.015178445 -27.264068604 -0.082912080 -0.013584310 0.996464252 283.994903564
0.996257126 -0.018735278 0.084384516 23.598335266 0.017568586 0.999739826 0.014547381 -27.456010818 -0.084635116 -0.013010415 0.996327043 286.221557617
0.996272206 -0.018877927 0.084174410 23.885299683 0.017764078 0.999744713 0.013962130 -27.655096054 -0.084416516 -0.012414802 0.996353209 288.463165283
0.996221721 -0.019656491 0.084592819 24.158557892 0.018525425 0.999728441 0.014135058 -27.858144760 -0.084847704 -0.012514533 0.996315300 290.688568115
0.996136129 -0.019810272 0.085559279 24.414909363 0.018715013 0.999732554 0.013584488 -28.059049606 -0.085805520 -0.011930756 0.996240437 292.948608398
0.996154547 -0.020375395 0.085210718 24.697126389 0.019371992 0.999733150 0.012585887 -28.253633499 -0.085444421 -0.010886788 0.996283412 295.174560547
0.996130705 -0.020514036 0.085455544 24.974021912 0.019513885 0.999731183 0.012522746 -28.454547882 -0.085689455 -0.010806723 0.996263266 297.404693604
0.996132612 -0.019683655 0.085628957 25.253704071 0.018672308 0.999746323 0.012595824 -28.652366638 -0.085855164 -0.010948220 0.996247470 299.643096924
0.996057391 -0.019679381 0.086501129 25.510852814 0.018545445 0.999731481 0.013893116 -28.861625671 -0.086751327 -0.012234137 0.996154904 301.871429443
0.996045887 -0.020349020 0.086477689 25.797849655 0.019216742 0.999718547 0.013905741 -29.058338165 -0.086736321 -0.012188937 0.996156752 304.120788574
0.996004045 -0.019734656 0.087100692 26.082027435 0.018574938 0.999728084 0.014105191 -29.256004333 -0.087355360 -0.012430938 0.996099651 306.364410400
0.995984733 -0.020374982 0.087174088 26.366344452 0.019226981 0.999717236 0.013988611 -29.461105347 -0.087434463 -0.012256348 0.996094882 308.613494873
0.995939612 -0.021462400 0.087427713 26.653123856 0.020271201 0.999689460 0.014490157 -29.661535263 -0.087711565 -0.012659056 0.996065497 310.879943848
0.995902419 -0.021596365 0.087818004 26.941448212 0.020465832 0.999696076 0.013753717 -29.861402512 -0.088088334 -0.011900091 0.996041596 313.118072510
0.995929122 -0.020976467 0.087664850 27.239522934 0.019783523 0.999699771 0.014454849 -30.065486908 -0.087941736 -0.012661687 0.996045113 315.375640869
0.995872855 -0.019427856 0.088654563 27.527973175 0.018300904 0.999741256 0.013506964 -30.265705109 -0.088894054 -0.011828760 0.995970786 317.619506836
0.995875955 -0.017829083 0.088956527 27.810871124 0.016665732 0.999765813 0.013803429 -30.463390350 -0.089181811 -0.012263979 0.995939851 319.855804443
0.995817840 -0.017086897 0.089749970 28.094522476 0.015916696 0.999778926 0.013738095 -30.670967102 -0.089964874 -0.012252116 0.995869577 322.086639404
0.995769262 -0.016847281 0.090330765 28.377401352 0.015605783 0.999773979 0.014432653 -30.871051788 -0.090553515 -0.012961909 0.995807230 324.328247070
0.995781958 -0.016406074 0.090272747 28.674415588 0.015031255 0.999760926 0.015888469 -31.078643799 -0.090511836 -0.014464539 0.995790303 326.553466797
0.995717466 -0.017121600 0.090849206 28.953432083 0.015749792 0.999751210 0.015795426 -31.279693604 -0.091097035 -0.014296927 0.995739341 328.798370361
0.995697737 -0.018297989 0.090836063 29.251777649 0.017024333 0.999745905 0.014776625 -31.472835541 -0.091083370 -0.013166629 0.995756149 331.031738281
0.995710015 -0.017866764 0.090787388 29.538660049 0.016617881 0.999756873 0.014493471 -31.669853210 -0.091024272 -0.012922599 0.995764792 333.248596191
0.995656967 -0.018081600 0.091324531 29.825098038 0.016722472 0.999738038 0.015625753 -31.866840363 -0.091583148 -0.014030719 0.995698512 335.479522705
0.995678008 -0.018372810 0.091036648 30.126592636 0.017014895 0.999732435 0.015669901 -32.061309814 -0.091300182 -0.014053197 0.995724261 337.713897705
0.995653510 -0.018082775 0.091362335 30.409877777 0.016670343 0.999729812 0.016199285 -32.264739990 -0.091630585 -0.014605834 0.995686054 339.951507568
0.995689690 -0.018307636 0.090921424 30.709354401 0.016925400 0.999729514 0.015950378 -32.463031769 -0.091188841 -0.014342747 0.995730340 342.199462891
0.995696843 -0.018264726 0.090853781 31.000654221 0.016844628 0.999724030 0.016372971 -32.655990601 -0.091127768 -0.014772118 0.995729625 344.438568115
0.995716453 -0.017834967 0.090722039 31.289628983 0.016401777 0.999728978 0.016518721 -32.851306915 -0.090992063 -0.014959959 0.995739222 346.673004150
0.995744824 -0.017676739 0.090441898 31.583181381 0.016276171 0.999736249 0.016200028 -33.042129517 -0.090704389 -0.014659046 0.995769978 348.916442871
0.995721221 -0.017062163 0.090819016 31.869056702 0.015606057 0.999738455 0.016719168 -33.240833282 -0.091080509 -0.015230307 0.995727062 351.152832031
0.995755553 -0.017166208 0.090422332 32.157138824 0.015678989 0.999730289 0.017132293 -33.434871674 -0.090692051 -0.015641848 0.995756090 353.364807129
0.995749891 -0.016731998 0.090566084 32.441989899 0.015285223 0.999744534 0.016644960 -33.631370544 -0.090821460 -0.015189893 0.995751321 355.600952148
0.995781004 -0.016801734 0.090209745 32.735042572 0.015349702 0.999741554 0.016765932 -33.820823669 -0.090468146 -0.015310504 0.995781600 357.830413818
0.995846808 -0.016415052 0.089552902 33.031517029 0.014881820 0.999731481 0.017761916 -34.018402100 -0.089820422 -0.016355436 0.995823681 360.060455322
0.995905817 -0.016570939 0.088865407 33.328479767 0.015037646 0.999726713 0.017895948 -34.214969635 -0.089137681 -0.016486345 0.995882869 362.302612305
0.995949030 -0.016591758 0.088375337 33.622436523 0.015021774 0.999717832 0.018400498 -34.407058716 -0.088655695 -0.016998403 0.995917261 364.538635254
0.995998800 -0.016657377 0.087799899 33.915699005 0.015164454 0.999729276 0.017643405 -34.598342896 -0.088070020 -0.016241372 0.995981872 366.795989990
0.996009946 -0.017116001 0.087585099 34.202247620 0.015639918 0.999724329 0.017511696 -34.792991638 -0.087860674 -0.016072003 0.996003091 369.047027588
0.996000409 -0.017017594 0.087712690 34.483863831 0.015609083 0.999738336 0.016719187 -34.981048584 -0.087974265 -0.015283203 0.996005416 371.308654785
0.996056437 -0.017169237 0.087044932 34.772144318 0.015763082 0.999734342 0.016816102 -35.178184509 -0.087310523 -0.015377690 0.996062458 373.548065186
0.996229053 -0.017190125 0.085041672 35.078155518 0.015788786 0.999728680 0.017123515 -35.367259979 -0.085312948 -0.015716242 0.996230245 375.786346436
0.996064067 -0.015922733 0.087194122 35.339569092 0.014429481 0.999738634 0.017729264 -35.563125610 -0.087453641 -0.016401313 0.996033490 378.032257080
0.996048152 -0.016451623 0.087278046 35.620670319 0.014934040 0.999726236 0.018012561 -35.757705688 -0.087550484 -0.016637960 0.996021152 380.264739990
0.996065915 -0.016328990 0.087097391 35.912467957 0.014815427 0.999728203 0.017996032 -35.944538116 -0.087367564 -0.016634844 0.996037245 382.519897461
0.996065736 -0.015237411 0.087296739 36.201393127 0.013693127 0.999739408 0.018261718 -36.139377594 -0.087552242 -0.016994508 0.996014893 384.773986816
0.996059418 -0.013982438 0.087579057 36.482788086 0.012430205 0.999756277 0.018244166 -36.325157166 -0.087812819 -0.017083645 0.995990634 387.026702881
0.996095181 -0.012921381 0.087334782 36.781467438 0.011373902 0.999769807 0.018193396 -36.525238037 -0.087549768 -0.017129021 0.996012866 389.293090820
0.996063709 -0.011223703 0.087926507 37.061115265 0.009657245 0.999787331 0.018220693 -36.720916748 -0.088112332 -0.017299844 0.995960236 391.570739746
0.996095598 -0.009969410 0.087716401 37.353813171 0.008265461 0.999770403 0.019767471 -36.914051056 -0.087893337 -0.018965269 0.995949328 393.832183838
0.996017814 -0.008379518 0.088759832 37.632045746 0.006616712 0.999775350 0.020136060 -37.104915619 -0.088908620 -0.019468578 0.995849490 396.093750000
0.995969772 -0.008146383 0.089317799 37.919532776 0.006509564 0.999805808 0.018601798 -37.301921844 -0.089451984 -0.017945416 0.995829403 398.354003906
0.995882332 -0.007579369 0.090338089 38.208217621 0.005995594 0.999823809 0.017790157 -37.493434906 -0.090456992 -0.017175274 0.995752275 400.628234863
0.995821774 -0.009242251 0.090849183 38.489887238 0.007537684 0.999789357 0.019087866 -37.684455872 -0.091006480 -0.018323323 0.995681703 402.889099121
0.995777071 -0.010702094 0.091178015 38.787040710 0.008887385 0.999754727 0.020285759 -37.878532410 -0.091372751 -0.019389760 0.995627940 405.140655518
0.995749414 -0.011377617 0.091398560 39.072666168 0.009583626 0.999753118 0.020043185 -38.062114716 -0.091604047 -0.019082060 0.995612681 407.396148682
0.995734930 -0.011192410 0.091578767 39.376220703 0.009515142 0.999779284 0.018731197 -38.248744965 -0.091768198 -0.017779922 0.995621681 409.658538818
0.995624185 -0.009200915 0.092993259 39.671977997 0.007441505 0.999787033 0.019248843 -38.446807861 -0.093150549 -0.018472606 0.995480597 411.924713135
0.995551407 -0.007887814 0.093888558 39.962100983 0.006120949 0.999799013 0.019091848 -38.638763428 -0.094020277 -0.018432233 0.995399594 414.166717529
0.995469391 -0.006752181 0.094842434 40.267654419 0.004946460 0.999802232 0.019261392 -38.829742432 -0.094953738 -0.018704992 0.995305955 416.431549072
0.995421231 -0.007019416 0.095327437 40.575748444 0.005223814 0.999804437 0.019072667 -39.021697998 -0.095442683 -0.018487362 0.995263159 418.682189941
0.995321453 -0.006736631 0.096383594 40.874397278 0.004924857 0.999806881 0.019023087 -39.208435059 -0.096493140 -0.018459413 0.995162487 420.935577393
0.995240331 -0.006919377 0.097205214 41.173248291 0.005111299 0.999809504 0.018837348 -39.402324677 -0.097317033 -0.018250838 0.995086074 423.192199707
0.995179355 -0.007187749 0.097807877 41.483779907 0.005256558 0.999786377 0.019988129 -39.594169617 -0.097930640 -0.019377641 0.995004594 425.464263916
0.995131135 -0.006354894 0.098353997 41.790271759 0.004350413 0.999778688 0.020581329 -39.781883240 -0.098463029 -0.020053241 0.994938612 427.721343994
0.995041847 -0.005444157 0.099307492 42.101600647 0.003355640 0.999769866 0.021185741 -39.968090057 -0.099399976 -0.020747459 0.994831204 429.995910645
0.995056808 -0.006061524 0.099122003 42.414375305 0.003983050 0.999768317 0.021153312 -40.151988983 -0.099227242 -0.020653939 0.994850516 432.263854980
0.995015502 -0.006833932 0.099485427 42.733985901 0.004801413 0.999775052 0.020655440 -40.347900391 -0.099604204 -0.020074811 0.994824588 434.530731201
0.995003283 -0.006031599 0.099659935 43.047512054 0.003978459 0.999776006 0.020787379 -40.523483276 -0.099762976 -0.020287015 0.994804502 436.789794922
0.994958222 -0.006693043 0.100066833 43.363437653 0.004614936 0.999769092 0.020984275 -40.712017059 -0.100184187 -0.020416673 0.994759381 439.075286865
0.995013475 -0.006780481 0.099510476 43.689231873 0.004688510 0.999763370 0.021241454 -40.898445129 -0.099630959 -0.020668970 0.994809866 441.351684570
0.995002925 -0.006312857 0.099646010 44.015609741 0.004098362 0.999740422 0.022412702 -41.102920532 -0.099761613 -0.021892319 0.994770527 443.625457764
0.994956553 -0.006766744 0.100078210 44.332981110 0.004535604 0.999736369 0.022504723 -41.285491943 -0.100204118 -0.021937307 0.994725168 445.899963379
0.994963527 -0.006674672 0.100014932 44.647453308 0.004489691 0.999746680 0.022055726 -41.472805023 -0.100136794 -0.021495610 0.994741440 448.160980225
0.994958460 -0.006177032 0.100096762 44.962364197 0.004004273 0.999752223 0.021892980 -41.662830353 -0.100207195 -0.021381794 0.994736791 450.422363281
0.994890809 -0.005619382 0.100800104 45.273944855 0.003461689 0.999761403 0.021567810 -41.854335785 -0.100897253 -0.021108678 0.994672894 452.682678223
0.994814515 -0.004989625 0.101583295 45.586067200 0.002806817 0.999762356 0.021619473 -42.034034729 -0.101667009 -0.021222243 0.994592071 454.964599609
0.994775832 -0.005239515 0.101948209 45.897533417 0.003077084 0.999767184 0.021356780 -42.228103638 -0.102036372 -0.020931508 0.994560361 457.229888916
0.994804442 -0.004535884 0.101702966 46.227214813 0.002439701 0.999782205 0.020725749 -42.414413452 -0.101774842 -0.020369940 0.994598866 459.511383057
0.994771898 -0.003488783 0.102062047 46.541076660 0.001320875 0.999772251 0.021300949 -42.605312347 -0.102113113 -0.021054771 0.994549930 461.788574219
0.994793832 -0.003064331 0.101862088 46.860321045 0.000769559 0.999745131 0.022559896 -42.791172028 -0.101905264 -0.022364050 0.994542718 464.061798096
0.994821191 -0.002971824 0.101597361 47.172035217 0.000651557 0.999738336 0.022863425 -42.972194672 -0.101638734 -0.022678817 0.994562864 466.329895020
0.994957387 -0.003103513 0.100250341 47.502357483 0.000943448 0.999766529 0.021586947 -43.155899048 -0.100293912 -0.021383509 0.994728029 468.614410400
0.995032191 -0.003301801 0.099498972 47.829750061 0.001180672 0.999770880 0.021369459 -43.349182129 -0.099546731 -0.021145822 0.994808137 470.907836914
0.995101750 -0.003630591 0.098789379 48.143623352 0.001413681 0.999745786 0.022501532 -43.542774200 -0.098845951 -0.022251660 0.994853854 473.187774658
0.995082438 -0.003663528 0.098982424 48.450176239 0.001370421 0.999729335 0.023224879 -43.735809326 -0.099040724 -0.022975020 0.994818032 475.467559814
0.995182276 -0.002729147 0.098004229 48.763912201 0.000513002 0.999743760 0.022630829 -43.908279419 -0.098040901 -0.022471527 0.994928658 477.748413086
0.995187402 -0.002817852 0.097949699 49.074913025 0.000537188 0.999728262 0.023302605 -44.095325470 -0.097988769 -0.023137840 0.994918525 480.030731201
0.995219886 -0.003398191 0.097600579 49.393066406 0.001053462 0.999709785 0.024065215 -44.281455994 -0.097654037 -0.023847360 0.994934797 482.307312012
0.995222628 -0.003820806 0.097557016 49.694816589 0.001538880 0.999723673 0.023455225 -44.464912415 -0.097619660 -0.023193041 0.994953513 484.593719482
0.995315075 -0.004398385 0.096584626 50.015460968 0.002096842 0.999711692 0.023917878 -44.655899048 -0.096661970 -0.023603300 0.995037496 486.906951904
0.995377719 -0.004730744 0.095920786 50.328769684 0.002446165 0.999710858 0.023920976 -44.836116791 -0.096006215 -0.023575764 0.995101511 489.192138672
0.995389104 -0.004613246 0.095808282 50.632572174 0.002293176 0.999701798 0.024311760 -45.016098022 -0.095891871 -0.023979956 0.995102882 491.488891602
0.995461643 -0.004074066 0.095075853 50.947757721 0.001732959 0.999693573 0.024693156 -45.196350098 -0.095147334 -0.024416333 0.995163679 493.774383545
0.995440781 -0.003606000 0.095312610 51.239456177 0.001281659 0.999700546 0.024436468 -45.376472473 -0.095372178 -0.024202906 0.995147407 496.070465088
0.995463192 -0.003381300 0.095087104 51.554664612 0.001106802 0.999712229 0.023962721 -45.566043854 -0.095140763 -0.023748767 0.995180428 498.387237549
0.995478392 -0.003295518 0.094930604 51.855197906 0.000947781 0.999692857 0.024765568 -45.747535706 -0.094983056 -0.024563616 0.995175779 500.680297852
0.995486438 -0.002940855 0.094858423 52.153701782 0.000549430 0.999681592 0.025226740 -45.933937073 -0.094902411 -0.025060764 0.995171070 502.960418701
0.995510161 -0.001913825 0.094635211 52.458412170 -0.000400715 0.999701500 0.024432430 -46.116752625 -0.094653711 -0.024360662 0.995212138 505.254180908
0.995486915 -0.001859647 0.094880566 52.751457214 -0.000533271 0.999682546 0.025188733 -46.301452637 -0.094897278 -0.025125647 0.995169938 507.546020508
0.995501995 -0.002533247 0.094706543 53.057540894 0.000213957 0.999699950 0.024491359 -46.488540649 -0.094740182 -0.024360936 0.995203853 509.842590332
0.995547771 -0.003308286 0.094200440 53.372768402 0.000927497 0.999679327 0.025306229 -46.676750183 -0.094253950 -0.025106190 0.995231569 512.144897461
0.995560467 -0.002992422 0.094076246 53.677616119 0.000584673 0.999671757 0.025610739 -46.856208801 -0.094121993 -0.025442041 0.995235443 514.453552246
0.995578587 -0.002460517 0.093899101 53.979591370 0.000091702 0.999681830 0.025223218 -47.035346985 -0.093931273 -0.025103087 0.995262146 516.760253906
0.995575011 -0.001620790 0.093956217 54.275222778 -0.000711504 0.999692619 0.024784392 -47.216194153 -0.093967505 -0.024741570 0.995267808 519.049255371
0.995497644 0.000359086 0.094785295 54.577682495 -0.002762887 0.999677837 0.025230482 -47.404972076 -0.094745681 -0.025378766 0.995177925 521.390686035
0.995435894 0.002337589 0.095402695 54.888736725 -0.004780353 0.999666333 0.025384255 -47.586009979 -0.095311537 -0.025724461 0.995114982 523.726257324
0.995371521 0.003112065 0.096051000 55.199394226 -0.005679959 0.999633372 0.026472867 -47.759143829 -0.095933400 -0.026895903 0.995024323 526.050842285
0.995308459 0.002759626 0.096713223 55.504070282 -0.005345271 0.999634802 0.026486304 -47.937366486 -0.096604817 -0.026879001 0.994959831 528.352722168
0.995272934 0.000980918 0.097112544 55.812820435 -0.003697242 0.999606788 0.027794886 -48.113121033 -0.097047098 -0.028022548 0.994885147 530.666198730
0.995227277 -0.000607582 0.097581968 56.131801605 -0.002085737 0.999619722 0.027496194 -48.289844513 -0.097561546 -0.027568495 0.994847596 532.992248535
0.995193422 -0.000781136 0.097925894 56.445491791 -0.001875125 0.999632835 0.027030252 -48.469032288 -0.097911052 -0.027083948 0.994826496 535.309753418
0.995098174 -0.000855281 0.098889537 56.756065369 -0.001794273 0.999641776 0.026701033 -48.644416809 -0.098876975 -0.026747577 0.994740069 537.631835938
0.995004296 -0.000181614 0.099831939 57.064319611 -0.002441850 0.999654889 0.026155982 -48.827507019 -0.099802226 -0.026269089 0.994660497 539.948852539
0.994891524 0.000391102 0.100949481 57.379425049 -0.003016648 0.999661148 0.025857177 -49.010437012 -0.100905150 -0.026029613 0.994555533 542.265991211
0.994762540 0.000695951 0.102209918 57.670181274 -0.003274342 0.999680579 0.025060821 -49.194221497 -0.102159820 -0.025264237 0.994447112 544.588195801
0.994572937 0.000705890 0.104039058 57.962081909 -0.003372110 0.999670327 0.025453439 -49.369380951 -0.103986800 -0.025666133 0.994247437 546.900878906
0.994526923 0.001006753 0.104475185 58.292034149 -0.003775043 0.999646902 0.026302751 -49.552608490 -0.104411818 -0.026553189 0.994179606 549.212097168
0.994485378 0.000664000 0.104873106 58.618122101 -0.003483171 0.999637425 0.026700871 -49.735397339 -0.104817346 -0.026918918 0.994127095 551.517333984
0.994518220 -0.000498292 0.104562022 58.953945160 -0.002227471 0.999660790 0.025949985 -49.914890289 -0.104539506 -0.026040647 0.994179666 553.823120117
0.994516850 -0.000856503 0.104572818 59.287117004 -0.001923707 0.999647439 0.026482603 -50.097431183 -0.104558617 -0.026538558 0.994164586 556.134643555
0.994473696 -0.000857509 0.104982518 59.616825104 -0.001983977 0.999634564 0.026958860 -50.277870178 -0.104967251 -0.027018161 0.994108617 558.445983887
0.994428456 -0.000537398 0.105412133 59.950206757 -0.002437669 0.999602497 0.028092330 -50.459220886 -0.105385311 -0.028192777 0.994031727 560.784118652
0.994429767 -0.001506742 0.105390675 60.291996002 -0.001551494 0.999580204 0.028930075 -50.640144348 -0.105390020 -0.028932448 0.994009972 563.111694336
0.994393766 -0.001064289 0.105734833 60.627880096 -0.002080750 0.999558687 0.029629823 -50.814277649 -0.105719715 -0.029683720 0.993952751 565.429931641
0.994322419 -0.000269173 0.106408939 60.965286255 -0.002845527 0.999571919 0.029118137 -50.993736267 -0.106371194 -0.029255606 0.993896127 567.751525879
0.994343281 0.000756520 0.106211483 61.317932129 -0.003706138 0.999612749 0.027576560 -51.162147522 -0.106149487 -0.027814200 0.993961096 570.083984375
0.994343460 0.001329662 0.106204756 61.672687531 -0.004319635 0.999600589 0.027927835 -51.342132568 -0.106125213 -0.028228626 0.993952036 572.402709961
0.994310319 0.001160865 0.106515557 62.004875183 -0.004264389 0.999572754 0.028913682 -51.521965027 -0.106436491 -0.029203398 0.993890524 574.769287109
0.994306862 0.000969431 0.106550291 62.352912903 -0.004231533 0.999529004 0.030393796 -51.702888489 -0.106470644 -0.030671634 0.993842661 577.082092285
0.994156003 0.001954140 0.107934803 62.667724609 -0.005147323 0.999556959 0.029313691 -51.886714935 -0.107829712 -0.029697958 0.993725657 579.476196289
0.994151592 0.001137859 0.107987411 63.012828827 -0.004278501 0.999574363 0.028856173 -52.052864075 -0.107908629 -0.029149434 0.993733406 581.810241699
0.994130671 0.000339055 0.108184807 63.356266022 -0.003694918 0.999518216 0.030820781 -52.243476868 -0.108122244 -0.031039627 0.993652880 584.142944336
0.994192064 0.000450475 0.107619606 63.702693939 -0.003783310 0.999519408 0.030766482 -52.411182404 -0.107554056 -0.030994952 0.993716002 586.459167480
0.994196713 -0.002401243 0.107550859 64.072334290 -0.000821986 0.999552071 0.029914990 -52.594768524 -0.107574508 -0.029829791 0.993749440 588.845031738
0.994200945 -0.002796532 0.107502051 64.413238525 -0.000426443 0.999551415 0.029945910 -52.763523102 -0.107537583 -0.029818097 0.993753731 591.185607910
0.994205475 -0.004476924 0.107402556 64.753707886 0.001232939 0.999541581 0.030251395 -52.932960510 -0.107488744 -0.029943680 0.993755400 593.521423340
0.994230986 -0.004878061 0.107148401 65.106140137 0.001618961 0.999534011 0.030482642 -53.106719971 -0.107247159 -0.030133320 0.993775606 595.877319336
