1.000000000 0.000000000 0.000000000 0.000000000 0.000000000 1.000000000 0.000000000 0.000000000 0.000000000 0.000000000 1.000000000 0.000000000
0.999999881 0.000191841 0.000480191 0.085903108 -0.000191772 1.000000000 -0.000143488 -0.225787207 -0.000480219 0.000143396 0.999999881 2.287875414
0.999999046 0.000564995 0.001264615 0.163275108 -0.000565497 0.999999762 0.000397069 -0.462862879 -0.001264390 -0.000397784 0.999999106 4.583962440
0.999998450 0.000261534 0.001754267 0.261995584 -0.000262593 0.999999702 0.000603584 -0.693975270 -0.001754109 -0.000604043 0.999998271 6.871217728
0.999996305 0.000109011 0.002703203 0.353889138 -0.000106051 0.999999404 -0.001094869 -0.926181912 -0.002703320 0.001094579 0.999995768 9.168525696
0.999986112 0.001925816 0.004913703 0.444274694 -0.001927771 0.999998033 0.000393217 -1.162855625 -0.004912936 -0.000402684 0.999987900 11.475130081
0.999966085 0.003558039 0.007430034 0.532124460 -0.003566959 0.999993026 0.001187797 -1.388451934 -0.007425755 -0.001214260 0.999971628 13.778030396
0.999948978 0.003354590 0.009534772 0.644269109 -0.003390159 0.999987304 0.003716745 -1.617172718 -0.009522182 -0.003748879 0.999947667 16.048667908
0.999942303 0.003221398 0.010242074 0.764985502 -0.003267945 0.999984384 0.004531162 -1.843615890 -0.010227317 -0.004564370 0.999937296 18.398647308
0.999933898 0.002470037 0.011225701 0.888357997 -0.002523490 0.999985516 0.004749975 -2.069928169 -0.011213806 -0.004777989 0.999925733 20.682050705
0.999929667 -0.000834750 0.011833159 1.001695156 0.000804399 0.999996305 0.002569410 -2.307015657 -0.011835259 -0.002559711 0.999926627 23.009925842
0.999915004 -0.003092604 0.012671496 1.110305071 0.003085042 0.999995053 0.000616244 -2.528835058 -0.012673339 -0.000577099 0.999919593 25.292243958
0.999912918 -0.004339817 0.012463219 1.246872663 0.004339649 0.999990523 0.000040612 -2.778478861 -0.012463277 0.000013477 0.999922335 27.598901749
0.999903977 -0.004045930 0.013252975 1.356023073 0.004059107 0.999991238 -0.000967497 -3.004332304 -0.013248947 0.001021199 0.999911726 29.886203766
0.999895096 -0.002412629 0.014281688 1.473652124 0.002395699 0.999996424 0.001202371 -3.235940456 -0.014284538 -0.001168031 0.999897242 32.172863007
0.999897838 -0.000357638 0.014288550 1.603795290 0.000310516 0.999994576 0.003299953 -3.457129955 -0.014289651 -0.003295179 0.999892473 34.454559326
0.999877810 0.002274605 0.015464305 1.724060535 -0.002397688 0.999965549 0.007945322 -3.696793795 -0.015445700 -0.007981430 0.999848843 36.764297485
0.999858856 0.004090270 0.016296746 1.838860989 -0.004213616 0.999962687 0.007541689 -3.915583134 -0.016265290 -0.007609293 0.999838710 39.037162781
0.999826908 0.002947770 0.018369922 1.940349460 -0.003053813 0.999978840 0.005747281 -4.118313313 -0.018352592 -0.005802385 0.999814749 41.328411102
0.999828637 0.000510695 0.018509237 2.065145493 -0.000596624 0.999989092 0.004637275 -4.343077660 -0.018506665 -0.004647524 0.999817908 43.605247498
0.999827504 0.000592016 0.018565144 2.200215816 -0.000663828 0.999992251 0.003862182 -4.569604397 -0.018562714 -0.003873838 0.999820292 45.846710205
0.999824405 0.000332970 0.018735303 2.325194836 -0.000388169 0.999995530 0.002942676 -4.800197601 -0.018734239 -0.002949432 0.999820292 48.120323181
0.999823570 -0.001676067 0.018710172 2.461963892 0.001609817 0.999992311 0.003555383 -5.032996655 -0.018715989 -0.003524635 0.999818623 50.400344849
0.999796510 -0.002201037 0.020053674 2.587852478 0.002123172 0.999990225 0.003903304 -5.256137848 -0.020062067 -0.003859933 0.999791265 52.668148041
0.999783695 -0.003335166 0.020531321 2.724327326 0.003259804 0.999987781 0.003702978 -5.482172966 -0.020543417 -0.003635249 0.999782324 54.958106995
0.999767005 -0.003229588 0.021342268 2.855612278 0.003141754 0.999986410 0.004147786 -5.712669373 -0.021355372 -0.004079767 0.999763608 57.238056183
0.999742329 -0.004586147 0.022232369 2.991918087 0.004481322 0.999978542 0.004762480 -5.937059402 -0.022253737 -0.004661622 0.999741435 59.505535126
0.999700665 -0.006292999 0.023642885 3.117413521 0.006193284 0.999971628 0.004288429 -6.161719322 -0.023669196 -0.004140718 0.999711275 61.778636932
0.999683142 -0.007277849 0.024096156 3.273574829 0.007179085 0.999965429 0.004182742 -6.385813713 -0.024125764 -0.004008429 0.999700904 64.032363892
0.999658167 -0.007040692 0.025179116 3.416497946 0.006925840 0.999965370 0.004645740 -6.606740952 -0.025210945 -0.004469766 0.999672115 66.304603577
0.999643624 -0.006020045 0.026003050 3.565129757 0.005890608 0.999969900 0.005051473 -6.833576202 -0.026032675 -0.004896499 0.999649048 68.565406799
0.999610603 -0.006270346 0.027189914 3.704159737 0.006148221 0.999970615 0.004572819 -7.056207180 -0.027217789 -0.004403869 0.999619842 70.820335388
0.999593318 -0.007133401 0.027607854 3.863169193 0.007043954 0.999969602 0.003335819 -7.280979156 -0.027630810 -0.003139994 0.999613285 73.077529907
0.999578238 -0.008017924 0.027911570 4.022735119 0.007913701 0.999961436 0.003842458 -7.509717464 -0.027941298 -0.003619954 0.999603033 75.360328674
0.999534667 -0.009241122 0.029073128 4.183092594 0.009153534 0.999953151 0.003144343 -7.738475323 -0.029100824 -0.002876758 0.999572337 77.626586914
0.999522328 -0.010377980 0.029109368 4.337246418 0.010291235 0.999942064 0.003128189 -7.970731258 -0.029140148 -0.002827124 0.999571323 79.888122559
0.999488354 -0.010884881 0.030075198 4.483793259 0.010812129 0.999938190 0.002580601 -8.185577393 -0.030101432 -0.002254104 0.999544203 82.143882751
0.999479830 -0.010332753 0.030549709 4.658334732 0.010251942 0.999943554 0.002800684 -8.417522430 -0.030576918 -0.002486034 0.999529302 84.417716980
0.999432266 -0.010106300 0.032140002 4.811409950 0.010005194 0.999944508 0.003305084 -8.635102272 -0.032171622 -0.002981641 0.999477863 86.676223755
0.999429941 -0.009852205 0.032291628 4.983493805 0.009702342 0.999941409 0.004794367 -8.871254921 -0.032336965 -0.004478328 0.999467015 88.953468323
0.999403238 -0.008886854 0.033378791 5.141054630 0.008710358 0.999947309 0.005429402 -9.097840309 -0.033425290 -0.005135422 0.999428034 91.210182190
0.999372780 -0.008881548 0.034279950 5.305550098 0.008700435 0.999947369 0.005428927 -9.319169998 -0.034326371 -0.005127273 0.999397457 93.465629578
0.999355435 -0.009194275 0.034702014 5.474565506 0.009028733 0.999947131 0.004924111 -9.535908699 -0.034745459 -0.004607621 0.999385715 95.722442627
0.999323666 -0.009632673 0.035485882 5.640381813 0.009450193 0.999941289 0.005306463 -9.756142616 -0.035534918 -0.004967526 0.999356091 97.978881836
0.999284625 -0.009271595 0.036663558 5.798241615 0.009096487 0.999946415 0.004939990 -9.986673355 -0.036707401 -0.004602947 0.999315441 100.217170715
0.999207199 -0.009238458 0.038723003 5.949166775 0.009012625 0.999941349 0.006002497 -10.202367783 -0.038776182 -0.005648743 0.999231935 102.441329956
0.999221981 -0.009792485 0.038203590 6.154552460 0.009575333 0.999936938 0.005862862 -10.424773216 -0.038258597 -0.005492489 0.999252737 104.716918945
0.999189258 -0.010547236 0.038853794 6.329714775 0.010301210 0.999925613 0.006526859 -10.639438629 -0.038919751 -0.006121326 0.999223530 106.955429077
0.999159455 -0.012052248 0.039178938 6.513025761 0.011796775 0.999907672 0.006745303 -10.856787682 -0.039256603 -0.006277448 0.999209464 109.210792542
0.999108434 -0.013140518 0.040121198 6.687742233 0.012836733 0.999887049 0.007819963 -11.082383156 -0.040219411 -0.007297964 0.999164343 111.470108032
0.999083817 -0.013936227 0.040464368 6.876625061 0.013690183 0.999886096 0.006351263 -11.300504684 -0.040548280 -0.005791479 0.999160767 113.735725403
0.999040246 -0.014377401 0.041375555 7.055876255 0.014161179 0.999884546 0.005514219 -11.518769264 -0.041450057 -0.004923000 0.999128461 115.986869812
0.999003291 -0.014709157 0.042143453 7.238567352 0.014465102 0.999876797 0.006090144 -11.746694565 -0.042227846 -0.005474464 0.999092937 118.237716675
0.998952270 -0.015078370 0.043206930 7.426252365 0.014789342 0.999866068 0.007001275 -11.971400261 -0.043306716 -0.006354938 0.999041617 120.507987976
0.998928845 -0.015822567 0.043482494 7.624826431 0.015502153 0.999850154 0.007696256 -12.194454193 -0.043597754 -0.007013939 0.999024510 122.720916748
0.998869717 -0.016853780 0.044443168 7.822461605 0.016562479 0.999838948 0.006914669 -12.414211273 -0.044552546 -0.006170764 0.998987973 125.044525146
0.998840034 -0.017535582 0.044847321 8.009321213 0.017272037 0.999831200 0.006257368 -12.634694099 -0.044949483 -0.005475504 0.998974264 127.299949646
0.998815298 -0.019241771 0.044694744 8.197924614 0.018967401 0.999798536 0.006554845 -12.849649429 -0.044811871 -0.005699337 0.998979211 129.562454224
0.998833179 -0.020525243 0.043717556 8.386631012 0.020254308 0.999772847 0.006631353 -13.060514450 -0.043843731 -0.005738146 0.999021947 131.808425903
0.998889387 -0.020882174 0.042237274 8.584133148 0.020578932 0.999759376 0.007601622 -13.274114609 -0.042385843 -0.006723980 0.999078751 134.045715332
0.998942256 -0.021654850 0.040563736 8.772603989 0.021359792 0.999742270 0.007693316 -13.498299599 -0.040719889 -0.006818744 0.999147296 136.290756226
0.999012470 -0.022536999 0.038290530 8.981799126 0.022276603 0.999725759 0.007213697 -13.709522247 -0.038442601 -0.006353591 0.999240637 138.517013550
0.998992383 -0.023105545 0.038474973 9.138987541 0.022834517 0.999711275 0.007469065 -13.931731224 -0.038636450 -0.006582982 0.999231577 140.795516968
0.998983324 -0.023445684 0.038504500 9.307496071 0.023178237 0.999704123 0.007377639 -14.135358810 -0.038666073 -0.006477673 0.999231160 143.028732300
0.999019086 -0.023529645 0.037513703 9.495383263 0.023207922 0.999690235 0.008988778 -14.364845276 -0.037713587 -0.008109347 0.999255657 145.275238037
0.999044657 -0.022508156 0.037458088 9.668998718 0.022222035 0.999720752 0.008037369 -14.577939987 -0.037628531 -0.007197296 0.999265850 147.523452759
0.999062240 -0.021490894 0.037590593 9.843860626 0.021267232 0.999753714 0.006339842 -14.790256500 -0.037717592 -0.005534449 0.999273062 149.773925781
0.999084055 -0.019806903 0.037929431 10.016586304 0.019610289 0.999792218 0.005548711 -15.007842064 -0.038031444 -0.004799822 0.999265015 152.027175903
0.999094367 -0.018947123 0.038097475 10.199998856 0.018749468 0.999808848 0.005538762 -15.222461700 -0.038195141 -0.004819439 0.999258816 154.274887085
0.999090374 -0.018085487 0.038620777 10.375341415 0.017859941 0.999821424 0.006177055 -15.441082954 -0.038725600 -0.005481672 0.999234855 156.539154053
0.999100745 -0.017388454 0.038668223 10.570332527 0.017116426 0.999826491 0.007354886 -15.661340714 -0.038789399 -0.006686411 0.999225020 158.758102417
0.999039710 -0.016702723 0.040505562 10.724924088 0.016363926 0.999828517 0.008681376 -15.886760712 -0.040643614 -0.008010210 0.999141574 161.063171387
0.999018788 -0.015727634 0.041402701 10.907696724 0.015298679 0.999826133 0.010657088 -16.101301193 -0.041563116 -0.010013223 0.999085665 163.299819946
0.998991966 -0.014965178 0.042320784 11.092072487 0.014558240 0.999844909 0.009907405 -16.310428619 -0.042462487 -0.009281304 0.999054968 165.588363647
0.998954654 -0.014274983 0.043425452 11.283323288 0.013910497 0.999865472 0.008684038 -16.520305634 -0.043543577 -0.008070890 0.999018908 167.843887329
0.998886466 -0.012465336 0.045502156 11.464530945 0.012067386 0.999886632 0.009009988 -16.730049133 -0.045609310 -0.008450865 0.998923659 170.079162598
0.998773754 -0.012048369 0.048019055 11.664176941 0.011620100 0.999890268 0.009188005 -16.954137802 -0.048124481 -0.008618752 0.998804152 172.381515503
0.998651505 -0.012221075 0.050456274 11.863268852 0.011793137 0.999891996 0.008770393 -17.162733078 -0.050558001 -0.008163529 0.998687744 174.657180786
0.998571992 -0.011917166 0.052075654 12.070350647 0.011433078 0.999888718 0.009583893 -17.379138947 -0.052184068 -0.008974822 0.998597145 176.914688110
0.998533487 -0.012311775 0.052718733 12.278399467 0.011776911 0.999876142 0.010444257 -17.585512161 -0.052840788 -0.009808077 0.998554885 179.142654419
0.998514175 -0.014266614 0.052591592 12.491404533 0.013744929 0.999852836 0.010267941 -17.805984497 -0.052730341 -0.009529817 0.998563290 181.423461914
0.998476326 -0.015074266 0.053083453 12.689121246 0.014565535 0.999844313 0.009957504 -18.012134552 -0.053225286 -0.009169144 0.998540342 183.668716431
0.998527527 -0.016385041 0.051715873 12.915536880 0.015909189 0.999827385 0.009599621 -18.226268768 -0.051864237 -0.008762728 0.998615623 185.905303955
0.998531282 -0.018081160 0.051071469 13.124697685 0.017565729 0.999790311 0.010523335 -18.439966202 -0.051251043 -0.009610772 0.998639584 188.152236938
0.998539686 -0.018921744 0.050598875 13.333318710 0.018436957 0.999779761 0.010030676 -18.645772934 -0.050777521 -0.009083140 0.998668671 190.395385742
0.998491287 -0.019876994 0.051186465 13.530061722 0.019391997 0.999762416 0.009954448 -18.860046387 -0.051372167 -0.008946820 0.998639643 192.640777588
0.998463452 -0.021589026 0.051036321 13.727669716 0.021140322 0.999733090 0.009315344 -19.067607880 -0.051223814 -0.008222104 0.998653293 194.879821777
0.998492599 -0.021099325 0.050670013 13.933618546 0.020646967 0.999742270 0.009434426 -19.277053833 -0.050856017 -0.008374021 0.998670936 197.111968994
0.998499751 -0.018627822 0.051490132 14.141970634 0.018151328 0.999788165 0.009706249 -19.492990494 -0.051660031 -0.008757071 0.998626351 199.377868652
0.998513401 -0.016818201 0.051846888 14.343873024 0.016349815 0.999821723 0.009445063 -19.704984665 -0.051996496 -0.008583335 0.998610377 201.614837646
0.998493433 -0.016223576 0.052418597 14.556830406 0.015789432 0.999837637 0.008685835 -19.916749954 -0.052551005 -0.007845090 0.998587370 203.877471924
0.998458922 -0.016492473 0.052991055 14.757850647 0.016013350 0.999827147 0.009453492 -20.124080658 -0.053137805 -0.008590358 0.998550236 206.104568481
0.998445749 -0.017955026 0.052760474 14.998886108 0.017472388 0.999801338 0.009594800 -20.345733643 -0.052922264 -0.008658036 0.998561084 208.377517700
0.998384595 -0.017526096 0.054046385 15.202972412 0.017025191 0.999807835 0.009714673 -20.544982910 -0.054206252 -0.008778830 0.998491168 210.625030518
0.998316705 -0.017591247 0.055266280 15.430368423 0.017012088 0.999795616 0.010932482 -20.773132324 -0.055447295 -0.009973886 0.998411715 212.900985718
0.998263121 -0.016183626 0.056646682 15.665195465 0.015563149 0.999814153 0.011377527 -20.983568192 -0.056820288 -0.010476167 0.998329401 215.131713867
0.998081744 -0.015044146 0.060054556 15.863682747 0.014387520 0.999832034 0.011351335 -21.190477371 -0.060215250 -0.010465523 0.998130560 217.403747559
0.997947574 -0.015221532 0.062200036 16.089794159 0.014517448 0.999825478 0.011756026 -21.397375107 -0.062368125 -0.010828915 0.997994483 219.641525269
0.997818589 -0.016881531 0.063819945 16.323400497 0.016116908 0.999792397 0.012476810 -21.601537704 -0.064017318 -0.011421013 0.997883439 221.874343872
0.997702062 -0.018365767 0.065217473 16.555484772 0.017548244 0.999760389 0.013086170 -21.800104141 -0.065442182 -0.011911645 0.997785270 224.111160278
0.997623444 -0.020597307 0.065751113 16.805458069 0.019814892 0.999725163 0.012529749 -22.010065079 -0.065991133 -0.011197120 0.997757375 226.346557617
0.997580528 -0.021727862 0.066036940 17.044355392 0.020970633 0.999706328 0.012138468 -22.208683014 -0.066281274 -0.010724264 0.997743309 228.599121094
0.997533083 -0.022173541 0.066603683 17.283990860 0.021397401 0.999694824 0.012344088 -22.410749435 -0.066857077 -0.010888490 0.997703075 230.839385986
0.997472465 -0.023883186 0.066919357 17.527114868 0.023156842 0.999664426 0.011608932 -22.613780975 -0.067174174 -0.010029951 0.997690797 233.082672119
0.997465611 -0.024400199 0.066835165 17.797502518 0.023611337 0.999642134 0.012567853 -22.823375702 -0.067117915 -0.010957937 0.997684896 235.378326416
0.997436762 -0.024239352 0.067322247 18.041740417 0.023442598 0.999645770 0.012599966 -23.023300171 -0.067603804 -0.010989461 0.997651696 237.622024536
0.997398198 -0.023944313 0.067996480 18.278987885 0.023154724 0.999655306 0.012376845 -23.221038818 -0.068269394 -0.010770204 0.997608781 239.845397949
0.997371256 -0.024158128 0.068314023 18.526016235 0.023343619 0.999646842 0.012696403 -23.424055099 -0.068596639 -0.011068332 0.997583032 242.077087402
0.997331142 -0.024441173 0.068798050 18.771671295 0.023618886 0.999639809 0.012740555 -23.622831345 -0.069084674 -0.011081620 0.997549176 244.317184448
0.997277498 -0.024362605 0.069599420 19.011381149 0.023585927 0.999650240 0.011959480 -23.826828003 -0.069866456 -0.010285354 0.997503340 246.547790527
0.997306824 -0.024154555 0.069250919 19.274948120 0.023432357 0.999662399 0.011222289 -24.035425186 -0.069498606 -0.009569352 0.997536123 248.793197632
0.997281849 -0.024397146 0.069524437 19.526630402 0.023629641 0.999650598 0.011840544 -24.241109848 -0.069789037 -0.010165521 0.997509956 251.031753540
0.997249663 -0.025669541 0.069527894 19.782682419 0.024915535 0.999621212 0.011690347 -24.447311401 -0.069801629 -0.009925873 0.997511506 253.266860962
0.997244000 -0.026001623 0.069485828 20.044048309 0.025186470 0.999603689 0.012581779 -24.655080795 -0.069785438 -0.010797000 0.997503519 255.526138306
0.997184932 -0.026642634 0.070087649 20.276721954 0.025805345 0.999584675 0.012824904 -24.859186172 -0.070400223 -0.010980166 0.997458398 257.745574951
0.997177422 -0.026825871 0.070125476 20.546640396 0.025948299 0.999573529 0.013395539 -25.072238922 -0.070454918 -0.011538092 0.997448206 260.015441895
0.997147918 -0.026452612 0.070683837 20.801218033 0.025603719 0.999589086 0.012889070 -25.273443222 -0.070995733 -0.011042539 0.997415483 262.263641357
0.997121811 -0.026391357 0.071073353 21.058719635 0.025574030 0.999596179 0.012385461 -25.473560333 -0.071371503 -0.010532182 0.997394204 264.523376465
0.997097850 -0.025679393 0.071669288 21.317501068 0.024880290 0.999618173 0.012020602 -25.681221008 -0.071950607 -0.010202562 0.997355998 266.764068604
0.997027457 -0.025045067 0.072864227 21.571380615 0.024224952 0.999633074 0.012117604 -25.880622864 -0.073140986 -0.010316449 0.997268260 269.012817383
0.996943474 -0.024865348 0.074063711 21.838251114 0.024075171 0.999643445 0.011542779 -26.087223053 -0.074324325 -0.009724402 0.997186720 271.274017334
0.996879816 -0.025640422 0.074653514 22.113868713 0.024803359 0.999618888 0.012118421 -26.297916412 -0.074935794 -0.010228953 0.997135878 273.520843506
0.996642590 -0.026179040 0.077577442 22.351949692 0.025305210 0.999605000 0.012225824 -26.489767075 -0.077866867 -0.010221664 0.996911466 275.775390625
0.996551752 -0.026105804 0.078759797 22.628669739 0.025119834 0.999593556 0.013483756 -26.685388565 -0.079079784 -0.011458829 0.996802330 278.017333984
0.996488929 -0.025606778 0.079712346 22.913764954 0.024472047 0.999585271 0.015180002 -26.901756287 -0.080067985 -0.013175978 0.996702313 280.277648926
0.996395111 -0.025311328 0.080970280 23.192998886 0.024072304 0.999578357 0.016242111 -27.103610992 -0.081347242 -0.014234417 0.996584237 282.513885498
0.996341944 -0.024140418 0.081974573 23.471487045 0.022902561 0.999609530 0.016007487 -27.293479919 -0.082328998 -0.014071503 0.996505857 284.785522461
0.996234894 -0.023190899 0.083535075 23.738008499 0.021971051 0.999638498 0.015492758 -27.484991074 -0.083864167 -0.013599074 0.996384323 287.017700195
0.996221244 -0.022863870 0.083788037 24.020603180 0.021731509 0.999660075 0.014401929 -27.673011780 -0.084088862 -0.012526666 0.996379495 289.258544922
0.996176839 -0.023648446 0.084097721 24.295640945 0.022483837 0.999638140 0.014768640 -27.876628876 -0.084416538 -0.012821339 0.996348023 291.485137939
0.996099889 -0.023731392 0.084981374 24.556812286 0.022709109 0.999657929 0.012976124 -28.058320999 -0.085260250 -0.010995663 0.996298134 293.765838623
0.996118426 -0.024291374 0.084605031 24.840867996 0.023341529 0.999653101 0.012198098 -28.257804871 -0.084872000 -0.010175938 0.996339858 295.992675781
0.996136487 -0.024374038 0.084368318 25.124357224 0.023434911 0.999652088 0.012103943 -28.459653854 -0.084633969 -0.010080017 0.996361136 298.226379395
0.996132910 -0.023780711 0.084578939 25.402246475 0.022825809 0.999664545 0.012239352 -28.657484055 -0.084841602 -0.010261441 0.996341586 300.463531494
0.996088326 -0.023760296 0.085109800 25.663005829 0.022729410 0.999656320 0.013061145 -28.861928940 -0.085390873 -0.011075558 0.996285975 302.705108643
0.996090651 -0.023872146 0.085051633 25.949001312 0.022821825 0.999651015 0.013300355 -29.063634872 -0.085339457 -0.011307321 0.996287763 304.959777832
0.996061981 -0.023382634 0.085520677 26.230930328 0.022325840 0.999662399 0.013292950 -29.261627197 -0.085802615 -0.011331281 0.996247709 307.209594727
0.996055365 -0.024142768 0.085386187 26.514451981 0.023082064 0.999643922 0.013388078 -29.472280502 -0.085679010 -0.011364377 0.996257961 309.464782715
0.995999455 -0.025281552 0.085708313 26.796861649 0.024186652 0.999612331 0.013789308 -29.670612335 -0.086023703 -0.011661146 0.996224821 311.722015381
0.995968878 -0.025106706 0.086114399 27.079763412 0.024053898 0.999622941 0.013241774 -29.874443054 -0.086414367 -0.011117009 0.996197224 313.962982178
0.995993316 -0.024895078 0.085892484 27.372081757 0.023783322 0.999619901 0.013942797 -30.078300476 -0.086206943 -0.011844126 0.996206820 316.213958740
0.995956719 -0.023288384 0.086762816 27.654706955 0.022222511 0.999665439 0.013230690 -30.281604767 -0.087041907 -0.011249107 0.996141136 318.460998535
0.995968640 -0.021682788 0.087042131 27.935602188 0.020561112 0.999693990 0.013762571 -30.481349945 -0.087313905 -0.011917409 0.996109545 320.710784912
0.995915294 -0.020361880 0.087966666 28.212276459 0.019234087 0.999721766 0.013649448 -30.684659958 -0.088220142 -0.011901736 0.996029913 322.942108154
0.995862305 -0.019379830 0.088784628 28.487625122 0.018215839 0.999737382 0.013901959 -30.878250122 -0.089030728 -0.012227150 0.995953798 325.181854248
0.995873451 -0.018889433 0.088765204 28.780235291 0.017596543 0.999727726 0.015325406 -31.086780548 -0.089030519 -0.013700206 0.995934665 327.409790039
0.995839298 -0.019748155 0.088960603 29.061515808 0.018455211 0.999712110 0.015333141 -31.289915085 -0.089237772 -0.013627560 0.995917082 329.656738281
0.995830238 -0.021598862 0.088631667 29.359781265 0.020398082 0.999687791 0.014431585 -31.484004974 -0.088915713 -0.012563492 0.995959938 331.895202637
0.995828986 -0.021051802 0.088777795 29.643039703 0.019868242 0.999701977 0.014194437 -31.683891296 -0.089050144 -0.012371377 0.995950282 334.107818604
0.995793998 -0.021285199 0.089113809 29.927232742 0.019979723 0.999679983 0.015516138 -31.881351471 -0.089415565 -0.013670407 0.995900571 336.335937500
0.995843053 -0.021730851 0.088455021 30.229198456 0.020430751 0.999669909 0.015576919 -32.077259064 -0.088764317 -0.013704967 0.995958388 338.572418213
0.995849848 -0.021409664 0.088457540 30.512208939 0.020092266 0.999673963 0.015756756 -32.278633118 -0.088766024 -0.013914049 0.995955408 340.815734863
0.995892644 -0.021696657 0.087903753 30.808170319 0.020398632 0.999669611 0.015638025 -32.479690552 -0.088213988 -0.013780679 0.996006191 343.061157227
0.995908797 -0.021964353 0.087653264 31.095479965 0.020626113 0.999656916 0.016144222 -32.675998688 -0.087977797 -0.014270226 0.996020198 345.301269531
0.995944977 -0.021651344 0.087320052 31.382778168 0.020304754 0.999661207 0.016280258 -32.868644714 -0.087642983 -0.014441230 0.996047258 347.539367676
0.996001780 -0.021805286 0.086630337 31.670951843 0.020479482 0.999659598 0.016163595 -33.062618256 -0.086953290 -0.014324827 0.996109366 349.777465820
0.996005297 -0.021237899 0.086732030 31.951444626 0.019877460 0.999665916 0.016519222 -33.260520935 -0.087053865 -0.014729222 0.996094644 352.021148682
0.996045291 -0.021698887 0.086155929 32.235160828 0.020323841 0.999652207 0.016805241 -33.451152802 -0.086490631 -0.014987764 0.996139884 354.252014160
0.996073484 -0.021456221 0.085890695 32.515316010 0.020127101 0.999664366 0.016310817 -33.646049500 -0.086211838 -0.014518045 0.996171057 356.488647461
0.996122897 -0.021425556 0.085322820 32.801136017 0.020073753 0.999659538 0.016670054 -33.839000702 -0.085650928 -0.014892676 0.996213913 358.723663330
0.996170998 -0.020856954 0.084903277 33.086231232 0.019436818 0.999657691 0.017519005 -34.035659790 -0.085239604 -0.015801676 0.996235192 360.970794678
0.996229649 -0.021098087 0.084150627 33.375164032 0.019695651 0.999653518 0.017461400 -34.230194092 -0.084489889 -0.015738165 0.996300042 363.217254639
0.996273220 -0.021196466 0.083608024 33.660694122 0.019761397 0.999643505 0.017954625 -34.422225952 -0.083958805 -0.016235504 0.996336937 365.455963135
0.996325195 -0.021152671 0.082998060 33.944545746 0.019779485 0.999654114 0.017332409 -34.617126465 -0.083335981 -0.015627056 0.996398985 367.720703125
0.996323049 -0.021817477 0.082851335 34.218246460 0.020459713 0.999642670 0.017201822 -34.811817169 -0.083197013 -0.015443457 0.996413469 369.975830078
0.996331334 -0.021874418 0.082736142 34.492004395 0.020584159 0.999653280 0.016415993 -34.999870300 -0.083066560 -0.014652718 0.996436179 372.228668213
0.996385515 -0.021565111 0.082163386 34.773979187 0.020282546 0.999659479 0.016412856 -35.200561523 -0.082489349 -0.014687052 0.996483684 374.480010986
0.996451974 -0.021626044 0.081337653 35.057147980 0.020337345 0.999654591 0.016639151 -35.388744354 -0.081669413 -0.014925921 0.996547759 376.725402832
0.996390939 -0.021067072 0.082228459 35.324348450 0.019709710 0.999656320 0.017284274 -35.582775116 -0.082564339 -0.015601193 0.996463597 378.980651855
0.996387422 -0.021748301 0.082092039 35.601116180 0.020364299 0.999636650 0.017659077 -35.780315399 -0.082446277 -0.015923537 0.996468246 381.221588135
0.996407270 -0.021630567 0.081882276 35.883480072 0.020241726 0.999637485 0.017753789 -35.968418121 -0.082236633 -0.016032564 0.996483803 383.478698730
0.996420026 -0.020686315 0.081970751 36.162902832 0.019277934 0.999653280 0.017935943 -36.163455963 -0.082313366 -0.016291505 0.996473312 385.731506348
0.996419668 -0.019466592 0.082273439 36.435962677 0.018040070 0.999674320 0.018046828 -36.348964691 -0.082597956 -0.016497992 0.996446371 387.993652344
0.996456861 -0.018128300 0.082128242 36.721263885 0.016700407 0.999697804 0.018039916 -36.548530579 -0.082430445 -0.016604425 0.996458590 390.268402100
0.996440172 -0.016934918 0.082585633 36.994361877 0.015508121 0.999719679 0.017887598 -36.740753174 -0.082865424 -0.016543170 0.996423364 392.548217773
0.996478975 -0.015791727 0.082342520 37.276660919 0.014251023 0.999712825 0.019265236 -36.932262421 -0.082623094 -0.018023936 0.996417820 394.807373047
0.996423721 -0.014506613 0.083242565 37.543289185 0.012899252 0.999720395 0.019814845 -37.125068665 -0.083506748 -0.018670212 0.996332288 397.068023682
0.996379137 -0.014205257 0.083825968 37.822509766 0.012716635 0.999752283 0.018265808 -37.323158264 -0.084064662 -0.017133683 0.996312976 399.337036133
0.996297657 -0.013772029 0.084860772 38.094909668 0.012308990 0.999766886 0.017739668 -37.515758514 -0.085085295 -0.016629439 0.996234894 401.603942871
0.996221960 -0.015434953 0.085461237 38.365318298 0.013870797 0.999725759 0.018866191 -37.707756042 -0.085729003 -0.017609498 0.996162832 403.864959717
0.996160805 -0.016965024 0.085882545 38.647689819 0.015282515 0.999678969 0.020210575 -37.902202606 -0.086197838 -0.018820483 0.996100187 406.117462158
0.996155858 -0.017870760 0.085756376 38.932025909 0.016210163 0.999668121 0.020021651 -38.085983276 -0.086085722 -0.018554561 0.996114969 408.364440918
0.996109903 -0.017599560 0.086344011 39.219676971 0.016063755 0.999700665 0.018449824 -38.268924713 -0.086642869 -0.016991047 0.996094525 410.628082275
0.996063054 -0.015943255 0.087202370 39.521743774 0.014324337 0.999713838 0.019159449 -38.470516205 -0.087482885 -0.017834906 0.996006370 412.890838623
0.995996594 -0.014802192 0.088156879 39.798912048 0.013177439 0.999732971 0.018983830 -38.662132263 -0.088414334 -0.017746152 0.995925665 415.134063721
0.995914698 -0.013390716 0.089300476 40.085479736 0.011721631 0.999747157 0.019189015 -38.852462769 -0.089534849 -0.018063875 0.995819867 417.404571533
0.995863259 -0.013591975 0.089842059 40.380527496 0.011942434 0.999750495 0.018872611 -39.043621063 -0.090076163 -0.017721608 0.995777190 419.659942627
0.995754540 -0.013448345 0.091060422 40.664901733 0.011777977 0.999752760 0.018856153 -39.231666565 -0.091291502 -0.017703587 0.995666862 421.913330078
0.995660007 -0.013702204 0.092050344 40.950130463 0.012033027 0.999753416 0.018663924 -39.425312042 -0.092283383 -0.017475281 0.995579362 424.172729492
0.995592177 -0.013948387 0.092745155 41.247074127 0.012153017 0.999728203 0.019894859 -39.616199493 -0.092997439 -0.018680030 0.995491207 426.445068359
0.995565295 -0.013171196 0.093145594 41.542282104 0.011315082 0.999727309 0.020427169 -39.803237915 -0.093389265 -0.019282632 0.995442927 428.697998047
0.995490730 -0.012313452 0.094055660 41.843315125 0.010366110 0.999722183 0.021164754 -39.990158081 -0.094290145 -0.020094329 0.995341957 430.973480225
0.995496869 -0.012614563 0.093952335 42.147266388 0.010657397 0.999716341 0.021304186 -40.186958313 -0.094194449 -0.020206967 0.995348752 433.246490479
0.995442212 -0.013378712 0.094423823 42.454975128 0.011472908 0.999719918 0.020697651 -40.382343292 -0.094674319 -0.019519994 0.995316923 435.517059326
0.995432794 -0.012419392 0.094653733 42.762096405 0.010510552 0.999731779 0.020638518 -40.554573059 -0.094884671 -0.019549396 0.995296299 437.785430908
0.995397449 -0.012838814 0.094968311 43.068298340 0.010902890 0.999722600 0.020875834 -40.743293762 -0.095210001 -0.019744324 0.995261371 440.069824219
0.995441258 -0.012893174 0.094500661 43.382400513 0.010954074 0.999719143 0.021009559 -40.928306580 -0.094745010 -0.019878618 0.995303035 442.343505859
0.995444596 -0.011844494 0.094602905 43.707015991 0.009828486 0.999715090 0.021747824 -41.120719910 -0.094833553 -0.020718949 0.995277524 444.638824463
0.995395184 -0.012453998 0.095043264 44.012996674 0.010403896 0.999703050 0.022035357 -41.306610107 -0.095289446 -0.020945063 0.995229363 446.916320801
0.995387316 -0.012466546 0.095124133 44.315448761 0.010456936 0.999712050 0.021595515 -41.495254517 -0.095365956 -0.020501196 0.995231152 449.179870605
0.995395064 -0.011767262 0.095132224 44.621555328 0.009788362 0.999726415 0.021241546 -41.682739258 -0.095356166 -0.020212539 0.995237947 451.441101074
0.995347619 -0.011165616 0.095701292 44.924640656 0.009189005 0.999735773 0.021069860 -41.877578735 -0.095911302 -0.020092435 0.995187044 453.707611084
0.995265603 -0.010485138 0.096625358 45.224689484 0.008483047 0.999741137 0.021107718 -42.057197571 -0.096821666 -0.020188110 0.995096982 455.984497070
0.995237648 -0.010828162 0.096874520 45.526691437 0.008835282 0.999740899 0.020977134 -42.253044128 -0.097076572 -0.020021325 0.995075524 458.249572754
0.995284379 -0.009826546 0.096501045 45.846336365 0.007941114 0.999770343 0.019902620 -42.434402466 -0.096674442 -0.019042440 0.995133877 460.530364990
0.995247662 -0.008721561 0.096984550 46.151935577 0.006774087 0.999769151 0.020391408 -42.624744415 -0.097139992 -0.019637521 0.995076895 462.816558838
0.995276511 -0.008228612 0.096731648 46.463542938 0.006159775 0.999746203 0.021666601 -42.813037872 -0.096885376 -0.020968417 0.995074630 465.095123291
0.995330930 -0.008211995 0.096171066 46.765899658 0.006130261 0.999740899 0.021921666 -42.995353699 -0.096326157 -0.021229759 0.995123386 467.359252930
0.995405793 -0.008095528 0.095403224 47.076343536 0.006126010 0.999762416 0.020918978 -43.183654785 -0.095549904 -0.020238431 0.995218873 469.638885498
0.995501459 -0.008211927 0.094390750 47.398849487 0.006312239 0.999771774 0.020406790 -43.373645782 -0.094536796 -0.019719167 0.995325983 471.934112549
0.995585859 -0.008776640 0.093444251 47.706348419 0.006789050 0.999744356 0.021567022 -43.568531036 -0.093609631 -0.020837424 0.995390892 474.217346191
0.995550036 -0.008966015 0.093807705 47.997615814 0.006971298 0.999743044 0.021570029 -43.754451752 -0.093976997 -0.020820079 0.995356679 476.498199463
0.995638728 -0.009023415 0.092855312 48.297969818 0.007085973 0.999750674 0.021173760 -43.934242249 -0.093023233 -0.020423448 0.995454371 478.795288086
0.995658159 -0.009251486 0.092623323 48.600494385 0.007241263 0.999731421 0.022015819 -44.123569489 -0.092802137 -0.021249522 0.995457768 481.078582764
0.995690942 -0.009841450 0.092210256 48.905544281 0.007790151 0.999714792 0.022579491 -44.311672211 -0.092406146 -0.021763857 0.995483518 483.351806641
0.995697677 -0.010130891 0.092105083 49.199607849 0.008153569 0.999728680 0.021819109 -44.494434357 -0.092301153 -0.020974251 0.995510221 485.628906250
0.995782852 -0.010471585 0.091142163 49.505413055 0.008466892 0.999714196 0.022354165 -44.687522888 -0.091350213 -0.021488205 0.995586932 487.913879395
0.995830715 -0.011348486 0.090512082 49.799957275 0.009367218 0.999707758 0.022284398 -44.864528656 -0.090738527 -0.021343637 0.995646000 490.170806885
0.995851934 -0.011153451 0.090302221 50.097782135 0.009137689 0.999700546 0.022705134 -45.046546936 -0.090528391 -0.021785801 0.995655537 492.474426270
0.995909095 -0.010540541 0.089744084 50.397434235 0.008493498 0.999695659 0.023161214 -45.229148865 -0.089960903 -0.022304226 0.995695531 494.760070801
0.995896518 -0.010044795 0.089940235 50.680465698 0.008038513 0.999711335 0.022641346 -45.409229279 -0.090141699 -0.021825451 0.995689750 497.063903809
0.995929360 -0.009851949 0.089597225 50.983802795 0.007870847 0.999717236 0.022437699 -45.604274750 -0.089792952 -0.021641158 0.995725334 499.380493164
0.995969474 -0.009964348 0.089137450 51.277263641 0.007933727 0.999701560 0.023106173 -45.788528442 -0.089341067 -0.022305852 0.995751262 501.675079346
0.995979726 -0.009692550 0.089052975 51.566555023 0.007643562 0.999698818 0.023320930 -45.975402832 -0.089252189 -0.022546494 0.995753825 503.955413818
0.995979130 -0.008647149 0.089167088 51.851467133 0.006666611 0.999724865 0.022485467 -46.158287048 -0.089336999 -0.021800613 0.995762825 506.244415283
0.995969534 -0.008302451 0.089306369 52.137107849 0.006256312 0.999712050 0.023167025 -46.346298218 -0.089472994 -0.022514923 0.995734692 508.535797119
0.995986700 -0.008752445 0.089071393 52.434173584 0.006786588 0.999727190 0.022349548 -46.534278870 -0.089242697 -0.021655362 0.995774448 510.828308105
0.995992005 -0.009177592 0.088970199 52.731117249 0.007146097 0.999707043 0.023125125 -46.723033905 -0.089156374 -0.022396648 0.995765746 513.133056641
0.996029377 -0.008996175 0.088569514 53.032806396 0.006963329 0.999705732 0.023234274 -46.905677795 -0.088752478 -0.022525279 0.995799005 515.444152832
0.996070504 -0.008389693 0.088163905 53.328914642 0.006369328 0.999711215 0.023172384 -47.093067169 -0.088332847 -0.022519788 0.995836437 517.750305176
0.996027768 -0.007503990 0.088726394 53.608947754 0.005508211 0.999726713 0.022717133 -47.276752472 -0.088872634 -0.022138176 0.995796919 520.052978516
0.995997608 -0.005632030 0.089201860 53.903343201 0.003620753 0.999735892 0.022693265 -47.460159302 -0.089306101 -0.022279462 0.995755017 522.401855469
0.995827973 -0.003499947 0.091184072 54.178337097 0.001405768 0.999733984 0.023020621 -47.646652222 -0.091240391 -0.022796394 0.995567858 524.726806641
0.995914817 -0.002050615 0.090274364 54.504146576 -0.000106062 0.999714792 0.023878960 -47.821620941 -0.090297595 -0.023790983 0.995630622 527.061401367
0.995845556 -0.002431575 0.091025800 54.795360565 0.000266617 0.999716997 0.023788620 -48.005668640 -0.091057874 -0.023665519 0.995564342 529.370178223
0.995798230 -0.004304464 0.091472812 55.090896606 0.002008904 0.999681115 0.025172817 -48.185966492 -0.091551989 -0.024883283 0.995489359 531.683471680
0.995752990 -0.005946815 0.091872133 55.398235321 0.003684306 0.999686241 0.024776712 -48.364089966 -0.091990635 -0.024333002 0.995462537 533.999328613
0.995727122 -0.005964559 0.092152886 55.702461243 0.003753234 0.999701381 0.024150951 -48.545394897 -0.092269406 -0.023701886 0.995451927 536.309875488
0.995657444 -0.006244764 0.092882968 56.006225586 0.004040145 0.999706209 0.023904577 -48.728576660 -0.093004934 -0.023425508 0.995390177 538.626159668
0.995603323 -0.005642973 0.093499660 56.309524536 0.003483523 0.999723732 0.023242947 -48.914733887 -0.093605004 -0.022815047 0.995347917 540.941101074
0.995539248 -0.004778657 0.094227217 56.614791870 0.002651585 0.999739110 0.022686163 -49.098140717 -0.094311044 -0.022335118 0.995292187 543.259887695
0.995484173 -0.004302415 0.094829910 56.929306030 0.002274365 0.999766588 0.021483906 -49.282062531 -0.094900198 -0.021171214 0.995261610 545.585754395
0.995423853 -0.004420179 0.095455408 57.233871460 0.002289484 0.999746025 0.022419361 -49.478305817 -0.095530257 -0.022098221 0.995181203 547.910156250
0.995380461 -0.004019543 0.095924005 57.546211243 0.001852160 0.999741197 0.022673145 -49.659847260 -0.095990293 -0.022390738 0.995130420 550.230773926
0.995313227 -0.003705945 0.096632764 57.846633911 0.001545515 0.999747396 0.022422383 -49.842002869 -0.096691452 -0.022167949 0.995067477 552.537170410
0.995350778 -0.005786107 0.096142545 58.171340942 0.003679702 0.999749601 0.022072060 -50.038337708 -0.096246183 -0.021615665 0.995122850 554.834716797
0.995405674 -0.006147094 0.095550045 58.496379852 0.004026840 0.999741733 0.022366982 -50.223739624 -0.095662862 -0.021879455 0.995173275 557.146423340
0.995350838 -0.005932038 0.096132383 58.801345825 0.003760821 0.999734104 0.022751167 -50.411415100 -0.096241772 -0.022283854 0.995108485 559.455566406
0.995315790 -0.005259732 0.096533142 59.114189148 0.002963303 0.999709487 0.023916991 -50.599071503 -0.096630894 -0.023518901 0.995042384 561.788696289
0.995352328 -0.006116009 0.096105248 59.440345764 0.003784987 0.999694765 0.024418484 -50.783847809 -0.096225224 -0.023941245 0.995071530 564.117797852
0.995296121 -0.005333127 0.096732117 59.751731873 0.002919877 0.999681354 0.025072187 -50.964546204 -0.096834987 -0.024671802 0.994994760 566.439758301
0.995273709 -0.004412343 0.097009107 60.075019836 0.002053980 0.999700248 0.024397166 -51.152030945 -0.097087666 -0.024082609 0.994984388 568.765991211
0.995291650 -0.003407424 0.096864805 60.405101776 0.001198029 0.999737978 0.022858061 -51.331176758 -0.096917324 -0.022634396 0.995035052 571.092346191
0.995304942 -0.002989768 0.096743293 60.740169525 0.000764689 0.999734402 0.023028737 -51.520420074 -0.096786477 -0.022846635 0.995042980 573.413696289
0.995272994 -0.003096983 0.097068667 61.052448273 0.000755033 0.999707818 0.024154184 -51.714157104 -0.097115129 -0.023966711 0.994984567 575.789184570
0.995277107 -0.003142414 0.097023830 61.378135681 0.000686698 0.999678850 0.025333472 -51.903648376 -0.097072281 -0.025147200 0.994959593 578.104125977
0.995213509 -0.002767393 0.097685404 61.690658569 0.000462859 0.999721169 0.023606176 -52.086563110 -0.097723484 -0.023447964 0.994937360 580.478759766
0.995262027 -0.003575797 0.097163588 62.017066956 0.001347419 0.999734759 0.022990234 -52.263790131 -0.097220026 -0.022750387 0.995002866 582.818603516
0.995204329 -0.003829779 0.097742617 62.329719543 0.001415814 0.999692500 0.024754582 -52.458751678 -0.097807378 -0.024497479 0.994903743 585.136535645
0.995274007 -0.003511669 0.097042896 62.654037476 0.001111665 0.999692380 0.024774380 -52.641204834 -0.097100034 -0.024549417 0.994971812 587.455017090
0.995187998 -0.005825979 0.097809292 62.976600647 0.003535083 0.999715745 0.023579044 -52.830085754 -0.097918838 -0.023119824 0.994925737 589.821289062
0.995224237 -0.006132749 0.097422086 63.308052063 0.003876348 0.999720097 0.023333499 -53.010669708 -0.097537927 -0.022844423 0.994969547 592.172912598
0.995216846 -0.007682149 0.097387686 63.622779846 0.005388048 0.999702275 0.023797527 -53.195297241 -0.097541511 -0.023158971 0.994961977 594.508789062
0.995231152 -0.008250541 0.097194061 63.953491211 0.005938518 0.999693036 0.024052991 -53.384048462 -0.097362667 -0.023361102 0.994974673 596.870422363
