1.000000000 0.000000000 0.000000000 0.000000000 0.000000000 1.000000000 0.000000000 0.000000000 0.000000000 0.000000000 1.000000000 0.000000000
0.999999940 -0.000061631 0.000363590 0.090127997 0.000061709 1.000000000 -0.000214897 -0.226226076 -0.000363577 0.000214920 0.999999940 2.291791201
0.999999404 0.000250384 0.001044961 0.168415651 -0.000250738 0.999999881 0.000338808 -0.465514541 -0.001044877 -0.000339070 0.999999404 4.580617428
0.999998808 -0.000157872 0.001534700 0.267520279 0.000157093 0.999999881 0.000507357 -0.697084069 -0.001534780 -0.000507116 0.999998689 6.865372181
0.999997139 -0.000293516 0.002364103 0.362460196 0.000296521 0.999999166 -0.001270944 -0.928111672 -0.002363727 0.001271641 0.999996424 9.158947945
0.999988973 0.001499166 0.004463887 0.453303754 -0.001499550 0.999998868 0.000082535 -1.164165735 -0.004463759 -0.000089228 0.999990106 11.464615822
0.999972880 0.003271983 0.006601789 0.555969238 -0.003280831 0.999993682 0.001329765 -1.397238612 -0.006597397 -0.001351389 0.999977291 13.743618011
0.999955654 0.003153354 0.008879763 0.662272394 -0.003188366 0.999987245 0.003931492 -1.625892043 -0.008867252 -0.003959629 0.999952912 16.015472412
0.999953806 0.003625913 0.008892068 0.790856957 -0.003675858 0.999977529 0.005606952 -1.859935403 -0.008871537 -0.005639378 0.999944746 18.312894821
0.999934077 0.002697064 0.011162534 0.892896235 -0.002759210 0.999980748 0.005555762 -2.081256866 -0.011147336 -0.005586195 0.999922216 20.612916946
0.999934733 0.000163324 0.011426150 1.003760815 -0.000196995 0.999995649 0.002945770 -2.303997993 -0.011425620 -0.002947828 0.999930322 22.906120300
0.999922454 -0.002065151 0.012282638 1.108594537 0.002057226 0.999997616 0.000657876 -2.520327330 -0.012283967 -0.000632557 0.999924302 25.189424515
0.999926805 -0.002998109 0.011722713 1.247933507 0.003001682 0.999995470 -0.000287145 -2.762686253 -0.011721801 0.000322312 0.999931216 27.478298187
0.999906540 -0.002651810 0.013414759 1.343025208 0.002669699 0.999995589 -0.001315791 -2.988766193 -0.013411210 0.001351482 0.999909103 29.762945175
0.999905169 -0.000426060 0.013762177 1.467301965 0.000406204 0.999998868 0.001445520 -3.220473051 -0.013762778 -0.001439792 0.999904215 32.036048889
0.999903738 0.001565698 0.013785603 1.597051024 -0.001611138 0.999993265 0.003285715 -3.438982248 -0.013780368 -0.003307609 0.999899626 34.317668915
0.999869049 0.003523993 0.015788009 1.702011108 -0.003645223 0.999964058 0.007656375 -3.673804760 -0.015760459 -0.007712925 0.999845982 36.625778198
0.999851406 0.005408786 0.016362993 1.819422722 -0.005526579 0.999959052 0.007162138 -3.892490864 -0.016323587 -0.007251506 0.999840438 38.897064209
0.999819994 0.004421781 0.018452190 1.922410250 -0.004528574 0.999973238 0.005749811 -4.099769115 -0.018426275 -0.005832338 0.999813199 41.195293427
0.999827206 0.001891288 0.018493472 2.048848867 -0.001982699 0.999985874 0.004925770 -4.327293873 -0.018483896 -0.004961587 0.999816835 43.473186493
0.999828994 0.001848846 0.018400624 2.179329157 -0.001920194 0.999990702 0.003860577 -4.554732323 -0.018393312 -0.003895250 0.999823213 45.726257324
0.999827445 0.001012979 0.018549152 2.303454638 -0.001064235 0.999995649 0.002753622 -4.783042431 -0.018546281 -0.002772888 0.999824166 47.989452362
0.999825299 0.000053998 0.018692564 2.437722445 -0.000113372 0.999994934 0.003175311 -5.011406898 -0.018692294 -0.003176875 0.999820232 50.270015717
0.999809742 -0.000526468 0.019497465 2.568306446 0.000458928 0.999993980 0.003468346 -5.234900475 -0.019499172 -0.003458738 0.999803901 52.535095215
0.999802470 -0.001751063 0.019799087 2.702834606 0.001683396 0.999992728 0.003433840 -5.464647770 -0.019804955 -0.003399832 0.999798119 54.818889618
0.999776781 -0.001569646 0.021075193 2.831764698 0.001485268 0.999990761 0.004018764 -5.696344376 -0.021081308 -0.003986564 0.999769747 57.112007141
0.999767423 -0.003065156 0.021351945 2.973315239 0.002967064 0.999984920 0.004624262 -5.920831680 -0.021365799 -0.004559832 0.999761343 59.380992889
0.999723971 -0.004259991 0.023105223 3.095927477 0.004173127 0.999984026 0.003806431 -6.141932964 -0.023121074 -0.003708959 0.999725819 61.651729584
0.999707103 -0.005120987 0.023653425 3.245579243 0.005035380 0.999980569 0.003677328 -6.367709160 -0.023671797 -0.003557147 0.999713480 63.903621674
0.999673128 -0.004477808 0.025172055 3.382249117 0.004367223 0.999980569 0.004446426 -6.592431545 -0.025191477 -0.004335040 0.999673367 66.171714783
0.999649167 -0.003727503 0.026223894 3.527065277 0.003606442 0.999982655 0.004662244 -6.817826748 -0.026240816 -0.004566033 0.999645233 68.424461365
0.999607146 -0.003881985 0.027757308 3.661606550 0.003754709 0.999982178 0.004635986 -7.045612812 -0.027774807 -0.004529943 0.999603927 70.671981812
0.999593437 -0.004753373 0.028112635 3.822514772 0.004665951 0.999984026 0.003174464 -7.267239094 -0.028127277 -0.003042002 0.999599695 72.915107727
0.999575138 -0.005437543 0.028632695 3.973620892 0.005333462 0.999978900 0.003710118 -7.494478226 -0.028652260 -0.003555831 0.999583066 75.180397034
0.999524772 -0.006772811 0.030073194 4.133246422 0.006683758 0.999973059 0.003060723 -7.724766731 -0.030093107 -0.002858266 0.999543071 77.448211670
0.999521792 -0.007209033 0.030068209 4.289908409 0.007123137 0.999970198 0.002962832 -7.952875137 -0.030088674 -0.002747235 0.999543428 79.696189880
0.999488115 -0.007640216 0.031066829 4.437315941 0.007557304 0.999967575 0.002785367 -8.172858238 -0.031087102 -0.002549160 0.999513388 81.950515747
0.999487638 -0.007259940 0.031172022 4.617187977 0.007180566 0.999970675 0.002657524 -8.400604248 -0.031190401 -0.002432330 0.999510527 84.201782227
0.999444127 -0.006922829 0.032610603 4.776184082 0.006832628 0.999972522 0.002876625 -8.617528915 -0.032629620 -0.002652209 0.999463975 86.452980042
0.999436855 -0.007548883 0.032695789 4.942454338 0.007412871 0.999963343 0.004279132 -8.850866318 -0.032726895 -0.004034352 0.999456167 88.735122681
0.999407709 -0.006708464 0.033752188 5.100136280 0.006545272 0.999966383 0.004943204 -9.077027321 -0.033784214 -0.004719358 0.999418020 90.987457275
0.999383152 -0.006510765 0.034510091 5.268321991 0.006338027 0.999966800 0.005112512 -9.299980164 -0.034542236 -0.004890632 0.999391317 93.225555420
0.999379098 -0.006178847 0.034688126 5.449803352 0.006029840 0.999972165 0.004398572 -9.518363953 -0.034714330 -0.004186678 0.999388516 95.440071106
0.999348462 -0.006792718 0.035447046 5.617010117 0.006631107 0.999967098 0.004674801 -9.738044739 -0.035477635 -0.004436702 0.999360621 97.678260803
0.999309003 -0.006487500 0.036601968 5.776086330 0.006336928 0.999971092 0.004228289 -9.968844414 -0.036628343 -0.003993424 0.999320924 99.917312622
0.999222159 -0.006400889 0.038913339 5.922095299 0.006201306 0.999967039 0.005247435 -10.185224533 -0.038945645 -0.005002040 0.999228776 102.141288757
0.999241650 -0.007120737 0.038280070 6.127675056 0.006923678 0.999962091 0.005277914 -10.406618118 -0.038316194 -0.005008873 0.999253094 104.401817322
0.999196410 -0.007929537 0.039289679 6.300145626 0.007687169 0.999950528 0.006315960 -10.624573708 -0.039337821 -0.006008858 0.999207854 106.633155823
0.999177337 -0.009452684 0.039437935 6.485706329 0.009209507 0.999937475 0.006343182 -10.838399887 -0.039495435 -0.005974759 0.999201894 108.884002686
0.999138236 -0.010607495 0.040127411 6.664850235 0.010328495 0.999921083 0.007153773 -11.058230400 -0.040200133 -0.006733153 0.999168873 111.133117676
0.999114990 -0.011323098 0.040509142 6.853232861 0.011102184 0.999922216 0.005674238 -11.277150154 -0.040570240 -0.005219475 0.999163032 113.394226074
0.999063611 -0.011683210 0.041657731 7.029575348 0.011494251 0.999922574 0.004772574 -11.494872093 -0.041710269 -0.004289281 0.999120474 115.634559631
0.999029934 -0.011897503 0.042396870 7.208455086 0.011690727 0.999918461 0.005121771 -11.718722343 -0.042454351 -0.004621152 0.999087691 117.867622375
0.998971581 -0.011928210 0.043743987 7.394787788 0.011677722 0.999914050 0.005977324 -11.938139915 -0.043811522 -0.005460346 0.999024868 120.127632141
0.998963416 -0.012747562 0.043699637 7.598668098 0.012468389 0.999900103 0.006655068 -12.163166046 -0.043780107 -0.006103306 0.999022543 122.332771301
0.998903751 -0.013442928 0.044837698 7.791274071 0.013192620 0.999895632 0.005873787 -12.381262779 -0.044911988 -0.005275822 0.998977005 124.629081726
0.998872280 -0.013811328 0.045425441 7.976522446 0.013593436 0.999894500 0.005102128 -12.605493546 -0.045491118 -0.004478887 0.998954713 126.899642944
0.998863459 -0.015388791 0.045110390 8.169919968 0.015153667 0.999869704 0.005549578 -12.824892998 -0.045189917 -0.004859682 0.998966575 129.162979126
0.998885274 -0.016615793 0.044182438 8.360269547 0.016373254 0.999848783 0.005845688 -13.042966843 -0.044272900 -0.005115760 0.999006391 131.411483765
0.998950422 -0.016966455 0.042545453 8.559217453 0.016692894 0.999837577 0.006776835 -13.258643150 -0.042653531 -0.006059515 0.999071479 133.648178101
0.999016106 -0.017970292 0.040548399 8.759262085 0.017721856 0.999821901 0.006478143 -13.481554985 -0.040657595 -0.005753175 0.999156594 135.893890381
0.999108255 -0.018814387 0.037799843 8.970779419 0.018604970 0.999809623 0.005884306 -13.693483353 -0.037903357 -0.005175795 0.999267995 138.107635498
0.999077439 -0.019198710 0.038414311 9.136957169 0.018975584 0.999800861 0.006164763 -13.920048714 -0.038525023 -0.005430143 0.999242842 140.410446167
0.999058843 -0.019429637 0.038779553 9.304206848 0.019185642 0.999793708 0.006654202 -14.132978439 -0.038900848 -0.005903929 0.999225676 142.640823364
0.999112368 -0.019021325 0.037585359 9.494121552 0.018728767 0.999791622 0.008120578 -14.363316536 -0.037731998 -0.007409443 0.999260366 144.878616333
0.999120712 -0.018222185 0.037759025 9.665861130 0.017971518 0.999814212 0.006967451 -14.578298569 -0.037878975 -0.006282737 0.999262512 147.129013062
0.999142289 -0.017137811 0.037695613 9.842252731 0.016944496 0.999841630 0.005441860 -14.794300079 -0.037782907 -0.004798459 0.999274373 149.369079590
0.999153912 -0.015842129 0.037957639 10.018000603 0.015678240 0.999866366 0.004611462 -15.017143250 -0.038025629 -0.004012450 0.999268711 151.613464355
0.999165237 -0.015179717 0.037926581 10.202593803 0.015010880 0.999876142 0.004732548 -15.237524986 -0.037993714 -0.004159287 0.999269307 153.847991943
0.999153018 -0.014621652 0.038463760 10.382375717 0.014434807 0.999882638 0.005130974 -15.455943108 -0.038534276 -0.004571411 0.999246716 156.091033936
0.999149680 -0.013183795 0.039064504 10.544147491 0.012932327 0.999894023 0.006682958 -15.675632477 -0.039148469 -0.006172081 0.999214351 158.316223145
0.999100566 -0.012596239 0.040489495 10.721017838 0.012300210 0.999895811 0.007552121 -15.890841484 -0.040580411 -0.007047299 0.999151409 160.553466797
0.999077857 -0.011191561 0.041449811 10.887204170 0.010801766 0.999895334 0.009616031 -16.116458893 -0.041553091 -0.009159435 0.999094307 162.822418213
0.999040127 -0.010703396 0.042476073 11.065311432 0.010335332 0.999907196 0.008875377 -16.320339203 -0.042567126 -0.008427855 0.999058068 165.077239990
0.998997331 -0.010249936 0.043580160 11.254179955 0.009929354 0.999922156 0.007566222 -16.531032562 -0.043654315 -0.007125915 0.999021351 167.310653687
0.998944759 -0.008257384 0.045179389 11.439123154 0.007917022 0.999938965 0.007707333 -16.747123718 -0.045240276 -0.007341513 0.998949170 169.549560547
0.998832226 -0.007435113 0.047740977 11.625772476 0.007063541 0.999943495 0.007947102 -16.960041046 -0.047797363 -0.007600601 0.998828113 171.788955688
0.998710871 -0.007567748 0.050193150 11.822183609 0.007181836 0.999943256 0.007864421 -17.175617218 -0.050249811 -0.007493804 0.998708546 174.045532227
0.998621225 -0.007216269 0.051994536 12.022702217 0.006781244 0.999940574 0.008538299 -17.391998291 -0.052053057 -0.008173940 0.998610854 176.285690308
0.998582065 -0.007694042 0.052674420 12.224938393 0.007211269 0.999930322 0.009349166 -17.600826263 -0.052742682 -0.008956060 0.998567998 178.511825562
0.998566985 -0.009637713 0.052641347 12.429250717 0.009176533 0.999917388 0.008995492 -17.818470001 -0.052723706 -0.008499538 0.998572886 180.738830566
0.998519361 -0.010620442 0.053352065 12.625976562 0.010180408 0.999911904 0.008512788 -18.026477814 -0.053437773 -0.007957035 0.998539448 182.989547729
0.998601973 -0.011445460 0.051605787 12.851655960 0.010987926 0.999897838 0.009140952 -18.260587692 -0.051705152 -0.008561132 0.998625636 185.212051392
0.998606026 -0.013421385 0.051046669 13.059615135 0.012940329 0.999868751 0.009742661 -18.470703125 -0.051170725 -0.009068520 0.998648703 187.460922241
0.998631060 -0.014148173 0.050357837 13.268203735 0.013680734 0.999860227 0.009614983 -18.681753159 -0.050486825 -0.008912888 0.998685002 189.705169678
0.998598993 -0.015732333 0.050525587 13.465159416 0.015262036 0.999836683 0.009680452 -18.908658981 -0.050669637 -0.008895767 0.998675823 191.929336548
0.998569965 -0.017426746 0.050538793 13.660157204 0.016989522 0.999814510 0.009068027 -19.119205475 -0.050687447 -0.008196430 0.998680890 194.167602539
0.998595595 -0.016982093 0.050184105 13.869901657 0.016531505 0.999819279 0.009380323 -19.331050873 -0.050334334 -0.008537529 0.998695910 196.406219482
0.998590887 -0.015011753 0.050900292 14.074875832 0.014541330 0.999848127 0.009599851 -19.543331146 -0.051036671 -0.008846165 0.998657584 198.649078369
0.998602211 -0.012739001 0.051295560 14.267889977 0.012268884 0.999879897 0.009469321 -19.764137268 -0.051410031 -0.008826747 0.998638630 200.905197144
0.998576581 -0.012217911 0.051918987 14.477084160 0.011778286 0.999892175 0.008765055 -19.977830887 -0.052020483 -0.008141060 0.998612821 203.167434692
0.998541951 -0.012398773 0.052539241 14.671789169 0.011912907 0.999883473 0.009550786 -20.184761047 -0.052651532 -0.008910962 0.998573184 205.388763428
0.998519778 -0.014029582 0.052549772 14.902221680 0.013542866 0.999862075 0.009606648 -20.406009674 -0.052677304 -0.008880753 0.998572111 207.648345947
0.998462737 -0.013606819 0.053731486 15.106251717 0.013101893 0.999866724 0.009738358 -20.605770111 -0.053856838 -0.009019404 0.998507917 209.894546509
0.998383164 -0.013684926 0.055170022 15.320063591 0.013071929 0.999848783 0.011456714 -20.837467194 -0.055318482 -0.010717012 0.998411179 212.119812012
0.998320282 -0.012379903 0.056596275 15.552753448 0.011737596 0.999863029 0.011667305 -21.044517517 -0.056732960 -0.010983403 0.998328924 214.353225708
0.998132110 -0.010775164 0.060134858 15.746840477 0.010084026 0.999879718 0.011784846 -21.249065399 -0.060254600 -0.011156430 0.998120666 216.614242554
0.998000085 -0.010840638 0.062276144 15.973270416 0.010093652 0.999873459 0.012296884 -21.455949783 -0.062401570 -0.011643698 0.997983217 218.846710205
0.997858942 -0.012327233 0.064230360 16.203338623 0.011516294 0.999849379 0.012980494 -21.658594131 -0.064380705 -0.012213006 0.997850657 221.072860718
0.997753024 -0.013562054 0.065612167 16.434803009 0.012680902 0.999823987 0.013827591 -21.858970642 -0.065788142 -0.012964500 0.997749329 223.303680420
0.997690618 -0.015463244 0.066138558 16.678859711 0.014633008 0.999808133 0.013019141 -22.062942505 -0.066327170 -0.012021271 0.997725487 225.524597168
0.997653842 -0.016962973 0.066325121 16.918085098 0.016131530 0.999784708 0.013051429 -22.266843796 -0.066532232 -0.011950883 0.997712731 227.765045166
0.997607350 -0.017411582 0.066905864 17.154426575 0.016557828 0.999774516 0.013294006 -22.468864441 -0.067122236 -0.012154381 0.997670829 230.002990723
0.997529149 -0.018611297 0.067743734 17.390203476 0.017797191 0.999762237 0.012601182 -22.673625946 -0.067962147 -0.011364400 0.997623086 232.238586426
0.997530460 -0.019686790 0.067419425 17.658260345 0.018787686 0.999726176 0.013944224 -22.885623932 -0.067675486 -0.012643132 0.997627258 234.522338867
0.997490108 -0.019538051 0.068056598 17.899070740 0.018631091 0.999729216 0.013935956 -23.082136154 -0.068310454 -0.012633007 0.997584105 236.764556885
0.997432590 -0.019365055 0.068943277 18.132188797 0.018446866 0.999732792 0.013929915 -23.278491974 -0.069194615 -0.012622365 0.997523248 238.976135254
0.997399628 -0.019398507 0.069408953 18.376777649 0.018464480 0.999730468 0.014073251 -23.474285126 -0.069663249 -0.012755055 0.997489035 241.200286865
0.997366726 -0.020035373 0.069699652 18.624805450 0.019084580 0.999715805 0.014280600 -23.670516968 -0.069965966 -0.012912807 0.997465789 243.436477661
0.997328639 -0.020264668 0.070177801 18.869663239 0.019361658 0.999720991 0.013524011 -23.872070312 -0.070432298 -0.012129125 0.997442842 245.656829834
0.997341573 -0.019663172 0.070164852 19.122392654 0.018812606 0.999741554 0.012762781 -24.074321747 -0.070397675 -0.011408869 0.997453749 247.885498047
0.997319281 -0.019744532 0.070458375 19.377943039 0.018852040 0.999733686 0.013309637 -24.279075623 -0.070702411 -0.011945673 0.997425854 250.120742798
0.997294009 -0.021249298 0.070378646 19.634513855 0.020354399 0.999702930 0.013408349 -24.483783722 -0.070642650 -0.011939552 0.997430146 252.349960327
0.997291684 -0.021199308 0.070425861 19.894012451 0.020261943 0.999696732 0.013997873 -24.684822083 -0.070701256 -0.012532998 0.997418821 254.608810425
0.997274995 -0.022055214 0.070398942 20.138572693 0.021098549 0.999675095 0.014304052 -24.886135101 -0.070691548 -0.012779757 0.997416437 256.828826904
0.997220933 -0.022277830 0.071092524 20.393962860 0.021286944 0.999665856 0.014665402 -25.090263367 -0.071395479 -0.013111304 0.997361898 259.085571289
0.997192621 -0.022081809 0.071547486 20.652210236 0.021129480 0.999678135 0.014040130 -25.286769867 -0.071834475 -0.012488954 0.997338295 261.331573486
0.997173727 -0.021995200 0.071838602 20.911096573 0.021067709 0.999685049 0.013643124 -25.486034393 -0.072116055 -0.012091092 0.997322977 263.584259033
0.997151852 -0.021220149 0.072374709 21.172134399 0.020315662 0.999706447 0.013210690 -25.687780380 -0.072633795 -0.011702723 0.997290015 265.820617676
0.997098207 -0.020695576 0.073258318 21.428873062 0.019758714 0.999713838 0.013490213 -25.887895584 -0.073516555 -0.012003578 0.997221708 268.062957764
0.996994853 -0.020423615 0.074726604 21.688447952 0.019527396 0.999728620 0.012704400 -26.088205338 -0.074965797 -0.011207007 0.997123063 270.319610596
0.996904850 -0.021385126 0.075653896 21.956169128 0.020442277 0.999703705 0.013215282 -26.294319153 -0.075914100 -0.011627840 0.997046530 272.560760498
0.996728003 -0.021683298 0.077865802 22.207084656 0.020677749 0.999692380 0.013697088 -26.491802216 -0.078138858 -0.012042179 0.996869683 274.806640625
0.996611178 -0.021587759 0.079372205 22.478258133 0.020521482 0.999688268 0.014225213 -26.677911758 -0.079654537 -0.012548172 0.996743560 277.048217773
0.996572852 -0.020985540 0.080013268 22.765026093 0.019750476 0.999673724 0.016196143 -26.893186569 -0.080327049 -0.014560336 0.996662199 279.295227051
0.996457100 -0.020823427 0.081484191 23.039602280 0.019450422 0.999655724 0.017607708 -27.096073151 -0.081822798 -0.015960423 0.996519089 281.530395508
0.996400118 -0.019583827 0.082481660 23.310842514 0.018256254 0.999691963 0.016818961 -27.276056290 -0.082785606 -0.015252612 0.996450663 283.774505615
0.996322036 -0.018663475 0.083631046 23.580322266 0.017339088 0.999712825 0.016534578 -27.469215393 -0.083915636 -0.015023676 0.996359587 286.000396729
0.996300101 -0.018111018 0.084012441 23.863937378 0.016929729 0.999747872 0.014752104 -27.645891190 -0.084258437 -0.013275213 0.996355474 288.258483887
0.996241212 -0.018892335 0.084536813 24.135959625 0.017667970 0.999728203 0.015208059 -27.849729538 -0.084801160 -0.013657300 0.996304274 290.485656738
0.996193290 -0.019198194 0.085032865 24.401948929 0.018067731 0.999738038 0.014044212 -28.040700912 -0.085280217 -0.012454399 0.996279299 292.758575439
0.996220410 -0.019693915 0.084599204 24.685424805 0.018656189 0.999740899 0.013039559 -28.234630585 -0.084834099 -0.011411978 0.996329725 294.985534668
0.996207416 -0.019836880 0.084718972 24.964385986 0.018811651 0.999740064 0.012882804 -28.434015274 -0.084952511 -0.011240238 0.996321559 297.216613770
0.996208787 -0.019188736 0.084851950 25.243328094 0.018155055 0.999751449 0.012937178 -28.630071640 -0.085079119 -0.011347637 0.996309638 299.454650879
0.996152878 -0.019128064 0.085519344 25.501773834 0.017994720 0.999740005 0.014003785 -28.834894180 -0.085764974 -0.012411010 0.996238112 301.680023193
0.996138334 -0.019545604 0.085593984 25.786436081 0.018401442 0.999730766 0.014136049 -29.032691956 -0.085847244 -0.012506409 0.996229768 303.931182861
0.996111453 -0.019156905 0.085993633 26.068550110 0.017985929 0.999734879 0.014371269 -29.228532791 -0.086246155 -0.012768712 0.996192038 306.171813965
0.996095419 -0.019622454 0.086076319 26.348636627 0.018456841 0.999727130 0.014316721 -29.434066772 -0.086333767 -0.012672122 0.996185660 308.420928955
0.996059060 -0.020500233 0.086291067 26.633432388 0.019287217 0.999703348 0.014867673 -29.636684418 -0.086570263 -0.013144764 0.996159017 310.687194824
0.996023893 -0.020760670 0.086633742 26.916666031 0.019606614 0.999707639 0.014150885 -29.835067749 -0.086902194 -0.012396025 0.996139705 312.909851074
0.996026874 -0.020031743 0.086772420 27.204946518 0.018803926 0.999711454 0.014944271 -30.039373398 -0.087046757 -0.013253229 0.996116042 315.173400879
0.995988250 -0.018442418 0.087562017 27.487409592 0.017259162 0.999749482 0.014251279 -30.242040634 -0.087802924 -0.012682859 0.996057034 317.408996582
0.995973051 -0.016808271 0.088062927 27.768331528 0.015577200 0.999771357 0.014648139 -30.439395905 -0.088288993 -0.013217381 0.996007204 319.657104492
0.995905995 -0.015116046 0.089121148 28.048732758 0.013931644 0.999806345 0.013896922 -30.637742996 -0.089313962 -0.012598422 0.995923817 321.881530762
0.995868444 -0.014011425 0.089721344 28.332269669 0.012759841 0.999813318 0.014508093 -30.833789825 -0.089907877 -0.013303319 0.995861173 324.113189697
0.995872974 -0.013581290 0.089736350 28.624412537 0.012188130 0.999796808 0.016054831 -31.043092728 -0.089936167 -0.014894853 0.995836139 326.336517334
0.995830178 -0.014080154 0.090133183 28.902618408 0.012719243 0.999796569 0.015655512 -31.238277435 -0.090335280 -0.014443806 0.995806694 328.570343018
0.995833516 -0.015650168 0.089836076 29.200790405 0.014366006 0.999785423 0.014923333 -31.433403015 -0.090050355 -0.013570569 0.995844722 330.801818848
0.995815098 -0.015028166 0.090145916 29.483100891 0.013782306 0.999800920 0.014427097 -31.627801895 -0.090344779 -0.013124304 0.995823979 333.022674561
0.995779097 -0.015421838 0.090476476 29.769464493 0.014076880 0.999781013 0.015484658 -31.824247360 -0.090695448 -0.014145675 0.995778143 335.257080078
0.995822608 -0.015792111 0.089932464 30.070316315 0.014429204 0.999771237 0.015784884 -32.022476196 -0.090161152 -0.014421291 0.995822787 337.492218018
0.995777071 -0.015351781 0.090511464 30.346994400 0.013958832 0.999774516 0.016002748 -32.221717834 -0.090736724 -0.014671735 0.995766819 339.727050781
0.995801985 -0.015420336 0.090225071 30.644426346 0.014067459 0.999779105 0.015611245 -32.419666290 -0.090445884 -0.014276473 0.995799065 341.975311279
0.995812058 -0.015524403 0.090095662 30.932298660 0.014106616 0.999766767 0.016352020 -32.617305756 -0.090328500 -0.015012595 0.995798886 344.222808838
0.995821953 -0.015185101 0.090044610 31.217872620 0.013762968 0.999770820 0.016393622 -32.810569763 -0.090272933 -0.015085846 0.995802820 346.452911377
0.995841861 -0.014839098 0.089882143 31.504076004 0.013429658 0.999777496 0.016265523 -33.004020691 -0.090103500 -0.014990800 0.995819688 348.688751221
0.995814860 -0.014349770 0.090259552 31.789384842 0.012873768 0.999773979 0.016913848 -33.205318451 -0.090481848 -0.015681079 0.995774627 350.930114746
0.995846033 -0.014486320 0.089893550 32.076786041 0.012993854 0.999768198 0.017165700 -33.397434235 -0.090121381 -0.015926329 0.995803416 353.150085449
0.995860636 -0.014210858 0.089775726 32.361995697 0.012765137 0.999779761 0.016657420 -33.591789246 -0.089992672 -0.015442473 0.995822728 355.389892578
0.995905936 -0.014273657 0.089262798 32.654140472 0.012801261 0.999772727 0.017045913 -33.785514832 -0.089485846 -0.015833447 0.995862246 357.623016357
0.995959282 -0.013772383 0.088742703 32.944725037 0.012222486 0.999763548 0.017984927 -33.984153748 -0.088969417 -0.016827596 0.995892167 359.863220215
0.996018529 -0.013878435 0.088059627 33.241439819 0.012327457 0.999759614 0.018132249 -34.180641174 -0.088290103 -0.016974507 0.995950162 362.104766846
0.996062100 -0.013595698 0.087609246 33.533695221 0.012008766 0.999754608 0.018615440 -34.372398376 -0.087840848 -0.017490054 0.995980978 364.342285156
0.996124923 -0.013572890 0.086895734 33.826152802 0.012060450 0.999766886 0.017906658 -34.563732147 -0.087118514 -0.016789265 0.996056437 366.600646973
0.996146202 -0.014228543 0.086546190 34.109287262 0.012738861 0.999761403 0.017740583 -34.758224487 -0.086777978 -0.016569713 0.996089876 368.842437744
0.996134877 -0.013836522 0.086739652 34.387451172 0.012420550 0.999781013 0.016842892 -34.945686340 -0.086953700 -0.015700441 0.996088624 371.109466553
0.996195257 -0.014603947 0.085918605 34.674598694 0.013176939 0.999766052 0.017152607 -35.145931244 -0.086148992 -0.015955200 0.996154487 373.331756592
0.996241808 -0.014343877 0.085419372 34.963798523 0.012863474 0.999757767 0.017856322 -35.334083557 -0.085654818 -0.016690426 0.996185005 375.586975098
0.996202469 -0.014810277 0.085798137 35.237106323 0.013311660 0.999749064 0.018012652 -35.523921967 -0.086043380 -0.016802138 0.996149838 377.843780518
0.996208549 -0.015567712 0.085592382 35.523212433 0.014056150 0.999734879 0.018234394 -35.718856812 -0.085853554 -0.016962159 0.996163368 380.086212158
0.996215463 -0.015633099 0.085499667 35.809856415 0.014123226 0.999733984 0.018235862 -35.903709412 -0.085761994 -0.016959321 0.996171296 382.334228516
0.996216238 -0.014685652 0.085659206 36.094852448 0.013146838 0.999742389 0.018500933 -36.097667694 -0.085908860 -0.017304789 0.996152639 384.587432861
0.996222556 -0.013642639 0.085759670 36.372497559 0.012096810 0.999755323 0.018519070 -36.283821106 -0.085991353 -0.017411694 0.996143818 386.824432373
0.996258140 -0.012609208 0.085501805 36.665607452 0.011068576 0.999768138 0.018468872 -36.483924866 -0.085714869 -0.017453382 0.996166825 389.088317871
0.996238172 -0.011256223 0.085922606 36.941539764 0.009710842 0.999783814 0.018382564 -36.677982330 -0.086110950 -0.017479034 0.996132195 391.361785889
0.996263862 -0.010107979 0.085767820 37.226829529 0.008417266 0.999763608 0.020051451 -36.872253418 -0.085950211 -0.019254606 0.996113300 393.619903564
0.996180058 -0.008819800 0.086875483 37.497348785 0.007067258 0.999765694 0.020459991 -37.063899994 -0.087035589 -0.019767860 0.996009052 395.881195068
0.996109188 -0.008631632 0.087704055 37.779602051 0.007007309 0.999798477 0.018811535 -37.256710052 -0.087848753 -0.018123774 0.995968938 398.150177002
0.996069729 -0.008659128 0.088147558 38.062973022 0.007070129 0.999807119 0.018322879 -37.451667786 -0.088289209 -0.017627651 0.995938897 400.415618896
0.995925784 -0.009756560 0.089646325 38.331417084 0.008017833 0.999773145 0.019735051 -37.642852783 -0.089818530 -0.018935878 0.995778084 402.652130127
0.995954037 -0.010980400 0.089190729 38.636806488 0.009185183 0.999747396 0.020513393 -37.833106995 -0.089393444 -0.019611159 0.995803297 404.950195312
0.995949626 -0.011479349 0.089177378 38.927532196 0.009716392 0.999749184 0.020178132 -38.018856049 -0.089386649 -0.019229917 0.995811284 407.204711914
0.995843828 -0.010006096 0.090527371 39.216934204 0.008292614 0.999779761 0.019284159 -38.201812744 -0.090700388 -0.018453302 0.995707273 409.458892822
0.995796382 -0.009019239 0.091149673 39.515281677 0.007258311 0.999780953 0.019632153 -38.396659851 -0.091306768 -0.018888026 0.995643675 411.720794678
0.995719790 -0.007742368 0.092098914 39.804996490 0.005983351 0.999794662 0.019360013 -38.587760925 -0.092229873 -0.018726086 0.995561600 413.970855713
0.995627940 -0.006532419 0.093179353 40.104400635 0.004749654 0.999801576 0.019341573 -38.776725769 -0.093287230 -0.018814437 0.995461464 416.244171143
0.995585740 -0.006894166 0.093602948 40.410358429 0.005113946 0.999801695 0.019245399 -38.969394684 -0.093717054 -0.018681765 0.995423555 418.498138428
0.995479465 -0.006826334 0.094731465 40.703857422 0.005025078 0.999802291 0.019239875 -39.157825470 -0.094844051 -0.018676873 0.995316863 420.753387451
0.995398939 -0.007005604 0.095560446 40.998641968 0.005214192 0.999806345 0.018983223 -39.351707458 -0.095674917 -0.018397611 0.995242536 423.015197754
0.995323777 -0.007534858 0.096300140 41.302520752 0.005613561 0.999780059 0.020206515 -39.544105530 -0.096431188 -0.019571437 0.995147347 425.285858154
0.995284736 -0.006802228 0.096757837 41.604820251 0.004805828 0.999771059 0.020851061 -39.731948853 -0.096877508 -0.020287743 0.995089471 427.539062500
0.995197594 -0.005837734 0.097712129 41.912338257 0.003748664 0.999760807 0.021549791 -39.918457031 -0.097814560 -0.021080013 0.994981349 429.813964844
0.995218337 -0.006849710 0.097434588 42.230949402 0.004739797 0.999749601 0.021869661 -40.114097595 -0.097559996 -0.021303274 0.995001554 432.087982178
0.995185077 -0.007779956 0.097704567 42.547492981 0.005713068 0.999754310 0.021416450 -40.310974121 -0.097847171 -0.020755135 0.994984984 434.358612061
0.995179772 -0.006998142 0.097817585 42.863536835 0.004935818 0.999760747 0.021309480 -40.482608795 -0.097943321 -0.020723958 0.994976223 436.627136230
0.995119154 -0.007516338 0.098393336 43.168346405 0.005396851 0.999747932 0.021789419 -40.673915863 -0.098532312 -0.021152053 0.994909048 438.907501221
0.995156050 -0.007523154 0.098019429 43.488479614 0.005401039 0.999745607 0.021897323 -40.856746674 -0.098159231 -0.021261847 0.994943559 441.180297852
0.995105684 -0.007004258 0.098567680 43.793869019 0.004729741 0.999717534 0.023290481 -41.061401367 -0.098702975 -0.022710290 0.994857728 443.426513672
0.995078385 -0.007446283 0.098810874 44.111316681 0.005169052 0.999715567 0.023282394 -41.241275787 -0.098956123 -0.022657052 0.994833827 445.701690674
0.995044589 -0.007047185 0.099179834 44.418567657 0.004807578 0.999728441 0.022802185 -41.426185608 -0.099313602 -0.022212375 0.994808197 447.967559814
0.995057285 -0.006191236 0.099109247 44.737163544 0.003992019 0.999741733 0.022372775 -41.611732483 -0.099222161 -0.021866543 0.994825006 450.232208252
0.994997144 -0.005678068 0.099742100 45.045665741 0.003481990 0.999747992 0.022177860 -41.802566528 -0.099842891 -0.021719610 0.994766116 452.494049072
0.994918585 -0.005149138 0.100551181 45.352722168 0.002925697 0.999748170 0.022247491 -41.980590820 -0.100640431 -0.021840254 0.994683146 454.769989014
0.994872153 -0.005291614 0.101002052 45.658988953 0.003089374 0.999754369 0.021947889 -42.173072815 -0.101093382 -0.021523310 0.994644105 457.030273438
0.994910359 -0.004705690 0.100653268 45.987682343 0.002553414 0.999765575 0.021501226 -42.365081787 -0.100730844 -0.021134783 0.994689167 459.310668945
0.994880140 -0.003668301 0.100995146 46.302520752 0.001455311 0.999757409 0.021976810 -42.551082611 -0.101051278 -0.021717314 0.994644165 461.594970703
0.994921029 -0.003365799 0.100600958 46.625114441 0.001035850 0.999730170 0.023203567 -42.736930847 -0.100651897 -0.022981515 0.994656265 463.876007080
0.994959831 -0.003599438 0.100209840 46.936016083 0.001263167 0.999726117 0.023367487 -42.916515350 -0.100266516 -0.023123126 0.994691849 466.145812988
0.995053887 -0.003553604 0.099273227 47.258060455 0.001344059 0.999750078 0.022315226 -43.099742889 -0.099327743 -0.022071429 0.994809926 468.429840088
0.995128572 -0.003383256 0.098527253 47.583950043 0.001238231 0.999761045 0.021823891 -43.288101196 -0.098577559 -0.021595581 0.994894981 470.728851318
0.995221257 -0.003936513 0.097566403 47.900199890 0.001693544 0.999732614 0.023061313 -43.480697632 -0.097631104 -0.022785878 0.994961739 473.015014648
0.995207787 -0.004181640 0.097693153 48.200004578 0.001915451 0.999727249 0.023279285 -43.666374207 -0.097763829 -0.022980604 0.994944274 475.290679932
0.995301366 -0.003834301 0.096748963 48.516403198 0.001648531 0.999741852 0.022662006 -43.838928223 -0.096810870 -0.022396030 0.995050788 477.596374512
0.995325565 -0.004050263 0.096491292 48.826568604 0.001813601 0.999727905 0.023256367 -44.023765564 -0.096559249 -0.022972662 0.995062113 479.878417969
0.995361924 -0.004695124 0.096087508 49.134422302 0.002409701 0.999711752 0.023887036 -44.208389282 -0.096171968 -0.023544708 0.995086193 482.147247314
0.995370269 -0.005214149 0.095972963 49.431949615 0.003008342 0.999728322 0.023113985 -44.389133453 -0.096067414 -0.022718256 0.995115459 484.413482666
0.995454669 -0.005827332 0.095057920 49.745384216 0.003598934 0.999714971 0.023597144 -44.580974579 -0.095168345 -0.023147780 0.995191991 486.693756104
0.995488763 -0.005967110 0.094691694 50.036891937 0.003745022 0.999713838 0.023626940 -44.754386902 -0.094805591 -0.023165733 0.995226204 488.962951660
0.995502353 -0.005308021 0.094588019 50.340831757 0.003049946 0.999707282 0.024001338 -44.931324005 -0.094687715 -0.023604900 0.995227158 491.266967773
0.995554626 -0.004560658 0.094075568 50.648975372 0.002288370 0.999703288 0.024247607 -45.108951569 -0.094158262 -0.023924535 0.995269716 493.552612305
0.995552659 -0.004180289 0.094113931 50.942115784 0.001946121 0.999714434 0.023818260 -45.289478302 -0.094186604 -0.023529176 0.995276451 495.855285645
0.995584846 -0.004000752 0.093780436 51.256076813 0.001797828 0.999720693 0.023562958 -45.482589722 -0.093848504 -0.023290319 0.995314002 498.167449951
0.995629132 -0.003910855 0.093313225 51.557838440 0.001650517 0.999703765 0.024288008 -45.664466858 -0.093380570 -0.024027839 0.995340466 500.462402344
0.995625675 -0.003388511 0.093370721 51.853496552 0.001107463 0.999699950 0.024471009 -45.848079681 -0.093425617 -0.024260562 0.995330572 502.744598389
0.995645225 -0.002536125 0.093188860 52.154472351 0.000340974 0.999722242 0.023564307 -46.028015137 -0.093222737 -0.023429912 0.995369554 505.032928467
0.995638728 -0.002339284 0.093263596 52.449153900 0.000068202 0.999703467 0.024346974 -46.213958740 -0.093292907 -0.024234425 0.995343745 507.321136475
0.995645523 -0.002684104 0.093181238 52.750034332 0.000492361 0.999722838 0.023536325 -46.399593353 -0.093218572 -0.023387957 0.995370924 509.611297607
0.995682240 -0.003363498 0.092766434 53.059982300 0.001106446 0.999702394 0.024371192 -46.589672089 -0.092820808 -0.024163323 0.995389521 511.912414551
0.995698690 -0.003149450 0.092597105 53.361457825 0.000886784 0.999700367 0.024466598 -46.767921448 -0.092646390 -0.024279250 0.995402992 514.218811035
0.995723248 -0.002673808 0.092347227 53.663833618 0.000443089 0.999707818 0.024167843 -46.950740814 -0.092384867 -0.024023565 0.995433509 516.525573730
0.995713651 -0.001685407 0.092474416 53.955749512 -0.000539482 0.999711037 0.024029244 -47.137153625 -0.092488207 -0.023976132 0.995425045 518.818054199
0.995631993 0.000274621 0.093363456 54.246006012 -0.002546150 0.999703526 0.024211708 -47.326251984 -0.093329139 -0.024343671 0.995337784 521.140502930
0.995439172 0.002387571 0.095368847 54.531871796 -0.004718486 0.999695420 0.024223033 -47.504863739 -0.095281944 -0.024562547 0.995147228 523.458923340
0.995535195 0.003337502 0.094331808 54.869037628 -0.005755788 0.999661386 0.025375511 -47.689559937 -0.094215170 -0.025805170 0.995217323 525.816406250
0.995457411 0.002824965 0.095166139 55.163799286 -0.005256979 0.999665737 0.025314426 -47.870887756 -0.095062822 -0.025699720 0.995139420 528.117370605
0.995412529 0.000873696 0.095672309 55.465373993 -0.003446876 0.999636650 0.026733804 -48.049499512 -0.095614187 -0.026940936 0.995053768 530.431030273
0.995357811 -0.000766715 0.096239999 55.778518677 -0.001769736 0.999653399 0.026267359 -48.224349976 -0.096226789 -0.026315738 0.995011508 532.751098633
0.995323837 -0.000734547 0.096591413 56.089790344 -0.001762626 0.999666452 0.025765084 -48.405525208 -0.096578114 -0.025814855 0.994990528 535.072143555
0.995228827 -0.001029381 0.097563207 56.397098541 -0.001469831 0.999672651 0.025541004 -48.585662842 -0.097557560 -0.025562542 0.994901478 537.393249512
0.995136082 -0.000438142 0.098508693 56.701595306 -0.002025295 0.999687731 0.024905916 -48.769664764 -0.098488852 -0.024984287 0.994824409 539.707824707
0.995031893 0.000305478 0.099556148 57.016128540 -0.002760617 0.999695420 0.024524020 -48.953910828 -0.099518336 -0.024677014 0.994729698 542.032470703
0.994950533 0.000694504 0.100363836 57.321636200 -0.003078720 0.999716640 0.023602789 -49.141826630 -0.100319006 -0.023792600 0.994670808 544.366271973
0.994783223 0.000786695 0.102008499 57.616130829 -0.003227712 0.999712348 0.023766693 -49.318180084 -0.101960465 -0.023971962 0.994499505 546.686401367
0.994762719 0.001312332 0.102202848 57.947792053 -0.003842584 0.999690831 0.024564210 -49.505451202 -0.102139033 -0.024828285 0.994460225 549.007873535
0.994667590 0.001269784 0.103124939 58.261089325 -0.003823846 0.999690771 0.024572760 -49.686050415 -0.103061832 -0.024836062 0.994364798 551.312133789
0.994714141 -0.000454299 0.102681682 58.591308594 -0.002073773 0.999697387 0.024512382 -49.883087158 -0.102661766 -0.024595750 0.994412124 553.639099121
0.994793832 -0.000683471 0.101905107 58.934726715 -0.001859045 0.999689400 0.024852771 -50.065738678 -0.101890452 -0.024912834 0.994483590 555.961059570
0.994721055 -0.000476703 0.102614768 59.253631592 -0.002143909 0.999674380 0.025426542 -50.248237610 -0.102593474 -0.025512313 0.994396150 558.268737793
0.994689822 0.000007141 0.102918088 59.585525513 -0.002735572 0.999648511 0.026369587 -50.430263519 -0.102881715 -0.026511107 0.994340181 560.607727051
0.994683743 -0.000362297 0.102975577 59.920188904 -0.002413689 0.999637008 0.026831834 -50.607429504 -0.102947913 -0.026937740 0.994321942 562.942810059
0.994638264 0.000092275 0.103415079 60.249645233 -0.002960561 0.999615073 0.027582511 -50.787246704 -0.103372738 -0.027740788 0.994255781 565.266113281
0.994609118 0.000992811 0.103690475 60.584430695 -0.003812865 0.999628127 0.027002182 -50.970348358 -0.103625089 -0.027251979 0.994243026 567.590026855
0.994623542 0.002214136 0.103532381 60.930255890 -0.004855518 0.999668956 0.025267558 -51.140617371 -0.103442155 -0.025634414 0.994305074 569.912963867
0.994627297 0.002645616 0.103486709 61.277496338 -0.005352391 0.999650478 0.025886830 -51.327686310 -0.103382044 -0.026301650 0.994293869 572.232238770
0.994620204 0.002410715 0.103560291 61.613437653 -0.005223423 0.999624550 0.026897501 -51.519535065 -0.103456557 -0.027293736 0.994259417 574.620239258
0.994597018 0.002269324 0.103786826 61.948070526 -0.005231011 0.999586582 0.028272972 -51.705467224 -0.103679761 -0.028663125 0.994197547 576.938964844
0.994509757 0.002885123 0.104604110 62.272953033 -0.005670117 0.999637067 0.026336545 -51.878974915 -0.104490161 -0.026785072 0.994165182 579.336486816
0.994553328 0.002017525 0.104210183 62.613155365 -0.004769886 0.999646127 0.026169181 -52.054718018 -0.104120515 -0.026523713 0.994210958 581.676330566
0.994499087 0.002043285 0.104725555 62.946147919 -0.004936392 0.999613047 0.027373865 -52.237968445 -0.104629114 -0.027740248 0.994124353 584.014587402
0.994558692 0.002349492 0.104151167 63.283943176 -0.005256355 0.999603927 0.027644357 -52.417312622 -0.104044981 -0.028041391 0.994177222 586.332275391
0.994586468 -0.000685702 0.103909567 63.640102386 -0.002072285 0.999648452 0.026431905 -52.604118347 -0.103891157 -0.026504144 0.994235456 588.691284180
0.994594872 -0.001121230 0.103826016 63.979724884 -0.001642546 0.999646664 0.026529983 -52.782455444 -0.103819080 -0.026557118 0.994241595 591.042419434
0.994606972 -0.002976108 0.103672430 64.311309814 0.000193450 0.999639690 0.026840596 -52.961044312 -0.103714950 -0.026675791 0.994249284 593.376464844
0.994615555 -0.003318366 0.103580169 64.653320312 0.000506618 0.999631107 0.027160129 -53.143806458 -0.103632070 -0.026961412 0.994250357 595.733825684
