1.000000000 0.000000000 0.000000000 0.000000000 0.000000000 1.000000000 0.000000000 0.000000000 0.000000000 0.000000000 1.000000000 0.000000000
0.999999881 0.000147662 0.000448379 0.086197689 -0.000147597 1.000000000 -0.000144314 -0.225929275 -0.000448400 0.000144248 0.999999881 2.290796995
0.999999106 0.000545205 0.001219115 0.163917795 -0.000545700 0.999999762 0.000405948 -0.463311940 -0.001218894 -0.000406613 0.999999166 4.590596199
0.999998569 0.000169257 0.001682018 0.262437463 -0.000170227 0.999999762 0.000576324 -0.694957793 -0.001681920 -0.000576610 0.999998331 6.879720211
0.999996603 0.000051289 0.002591557 0.353953063 -0.000048572 0.999999464 -0.001048548 -0.928167582 -0.002591609 0.001048419 0.999996006 9.177016258
0.999987721 0.001852435 0.004604477 0.445878863 -0.001853764 0.999998391 0.000284418 -1.163764596 -0.004603941 -0.000292950 0.999989331 11.480857849
0.999965489 0.003732262 0.007423266 0.529648006 -0.003743765 0.999991775 0.001536374 -1.395795226 -0.007417470 -0.001564112 0.999971271 13.792871475
0.999946773 0.003550322 0.009685557 0.638792276 -0.003590628 0.999984920 0.004147242 -1.624006629 -0.009670686 -0.004181799 0.999944508 16.063865662
0.999940813 0.003756601 0.010205152 0.766773105 -0.003807530 0.999980330 0.004975717 -1.849882007 -0.010186261 -0.005014280 0.999935567 18.416990280
0.999929249 0.002939834 0.011528002 0.881763399 -0.003000031 0.999981940 0.005208042 -2.075116396 -0.011512483 -0.005242257 0.999920011 20.705953598
0.999929547 0.000577965 0.011857841 1.004644632 -0.000612304 0.999995649 0.002892524 -2.303736687 -0.011856119 -0.002899580 0.999925435 23.029726028
0.999916971 -0.001651050 0.012781025 1.111781359 0.001638315 0.999998152 0.001006825 -2.525739908 -0.012782664 -0.000985802 0.999917746 25.310491562
0.999917567 -0.002432907 0.012608660 1.248569369 0.002429809 0.999996960 0.000261047 -2.770972252 -0.012609256 -0.000230389 0.999920428 27.628055573
0.999908566 -0.002191962 0.013343357 1.359185576 0.002201852 0.999997318 -0.000726576 -2.997385740 -0.013341727 0.000755889 0.999910712 29.916288376
0.999899924 0.000162803 0.014144228 1.474246383 -0.000187882 0.999998331 0.001771768 -3.224849463 -0.014143916 -0.001774249 0.999898314 32.189964294
0.999898851 0.002218666 0.014046899 1.606265306 -0.002275990 0.999989092 0.004066209 -3.446609497 -0.014037725 -0.004097769 0.999893069 34.470859528
0.999867201 0.004283764 0.015723269 1.714460969 -0.004415328 0.999955475 0.008342277 -3.682455540 -0.015686834 -0.008410593 0.999841571 36.775028229
0.999848068 0.006100851 0.016332416 1.831364274 -0.006233341 0.999948025 0.008073519 -3.901617289 -0.016282313 -0.008174096 0.999834001 39.047592163
0.999825239 0.004952539 0.018025974 1.940274000 -0.005068491 0.999966741 0.006392600 -4.107004166 -0.017993715 -0.006482847 0.999817073 41.350994110
0.999828339 0.002513431 0.018357161 2.062639952 -0.002619409 0.999980032 0.005751444 -4.333832741 -0.018342340 -0.005798540 0.999814987 43.627418518
0.999831676 0.002654836 0.018154548 2.199397564 -0.002732672 0.999987125 0.004263913 -4.553696156 -0.018142994 -0.004312805 0.999826074 45.866233826
0.999827087 0.002132428 0.018472986 2.321390390 -0.002200205 0.999990880 0.003649429 -4.785643578 -0.018465037 -0.003689442 0.999822676 48.142730713
0.999833822 0.000494330 0.018222157 2.460015297 -0.000565500 0.999992251 0.003900713 -5.012853146 -0.018220088 -0.003910370 0.999826372 50.425926208
0.999814153 -0.000460547 0.019280678 2.586425066 0.000378328 0.999990821 0.004267775 -5.235772133 -0.019282468 -0.004259687 0.999804974 52.690967560
0.999809861 -0.001774125 0.019421637 2.722410202 0.001689516 0.999989033 0.004371959 -5.465080261 -0.019429177 -0.004338314 0.999801815 54.972644806
0.999781966 -0.002187415 0.020765707 2.840323448 0.002095395 0.999987841 0.004452076 -5.691232681 -0.020775195 -0.004407594 0.999774456 57.272071838
0.999768734 -0.003665813 0.021191124 2.979220867 0.003553220 0.999979317 0.005348427 -5.917678356 -0.021210294 -0.005271893 0.999761105 59.539325714
0.999724925 -0.004948576 0.022926068 3.100453377 0.004843617 0.999977469 0.004631464 -6.139850616 -0.022948472 -0.004519145 0.999726415 61.808605194
0.999710858 -0.005633237 0.023373609 3.252499104 0.005531816 0.999975026 0.004401489 -6.362030506 -0.023397818 -0.004270918 0.999717116 64.062309265
0.999682307 -0.005184698 0.024664929 3.390020370 0.005057813 0.999973655 0.005203965 -6.585995197 -0.024691259 -0.005077561 0.999682248 66.329116821
0.999667287 -0.004254397 0.025444480 3.537134886 0.004111642 0.999975502 0.005660153 -6.812739372 -0.025467938 -0.005553652 0.999660194 68.590042114
0.999629498 -0.004397079 0.026858695 3.671869278 0.004256022 0.999976873 0.005306748 -7.035544395 -0.026881404 -0.005190471 0.999625087 70.844985962
0.999612868 -0.005185119 0.027335552 3.827845573 0.005072818 0.999978423 0.004175968 -7.260185719 -0.027356612 -0.004035683 0.999617577 73.100204468
0.999601662 -0.006265787 0.027518397 3.986613750 0.006151565 0.999972105 0.004233425 -7.481280804 -0.027544156 -0.004062458 0.999612451 75.382926941
0.999560297 -0.007514504 0.028679984 4.145662308 0.007408826 0.999965370 0.003789201 -7.712154388 -0.028707465 -0.003575051 0.999581516 77.650199890
0.999549329 -0.008459928 0.028801844 4.295015335 0.008360549 0.999958694 0.003569076 -7.938970089 -0.028830845 -0.003326669 0.999578893 79.910438538
0.999519825 -0.008999861 0.029648719 4.442033291 0.008905383 0.999954939 0.003317036 -8.156578064 -0.029677236 -0.003051411 0.999554873 82.165672302
0.999508381 -0.008123000 0.030286154 4.614572048 0.008047368 0.999964178 0.002618316 -8.374672890 -0.030306345 -0.002373305 0.999537826 84.448524475
0.999458790 -0.007757160 0.031967960 4.769557476 0.007664368 0.999966085 0.003024167 -8.592593193 -0.031990327 -0.002777516 0.999484241 86.700675964
0.999462068 -0.007507810 0.031922776 4.937786579 0.007364659 0.999962330 0.004599520 -8.828915596 -0.031956103 -0.004361945 0.999479711 88.994049072
0.999431908 -0.006292322 0.033107944 5.092865944 0.006120105 0.999967158 0.005300440 -9.056041718 -0.033140216 -0.005094805 0.999437749 91.252807617
0.999406934 -0.006244471 0.033865023 5.258740902 0.006075360 0.999968588 0.005094262 -9.275732040 -0.033895768 -0.004885500 0.999413371 93.506332397
0.999384165 -0.006435543 0.034493744 5.424015045 0.006290696 0.999970913 0.004306119 -9.490565300 -0.034520451 -0.004086478 0.999395609 95.765327454
0.999346912 -0.006702066 0.035507459 5.588917732 0.006547940 0.999968648 0.004455159 -9.710126877 -0.035536204 -0.004219749 0.999359488 98.022201538
0.999314308 -0.006306457 0.036483452 5.749532700 0.006158087 0.999972284 0.004177725 -9.944263458 -0.036508784 -0.003950192 0.999325514 100.264328003
0.999240518 -0.006346216 0.038446035 5.898744106 0.006140791 0.999966264 0.005458952 -10.162673950 -0.038479380 -0.005218716 0.999245763 102.488159180
0.999261975 -0.006626653 0.037836175 6.104732990 0.006437480 0.999966204 0.005119420 -10.383919716 -0.037868813 -0.004872071 0.999270856 104.767059326
0.999227166 -0.007334965 0.038616359 6.276812553 0.007116045 0.999957800 0.005803533 -10.601206779 -0.038657300 -0.005524252 0.999237239 107.006080627
0.999197543 -0.008679183 0.039102245 6.457101822 0.008452502 0.999946535 0.005958722 -10.818535805 -0.039151877 -0.005623430 0.999217451 109.259834290
0.999157071 -0.009561325 0.039920207 6.632567883 0.009296501 0.999933481 0.006814213 -11.041809082 -0.039982699 -0.006437351 0.999179602 111.514434814
0.999133527 -0.010346893 0.040312402 6.819628716 0.010135716 0.999933839 0.005439405 -11.264501572 -0.040366016 -0.005026097 0.999172330 113.782104492
0.999080300 -0.010628423 0.041538969 6.995335102 0.010444436 0.999934673 0.004643738 -11.485932350 -0.041585613 -0.004205618 0.999126077 116.031677246
0.999041021 -0.010849451 0.042417858 7.172892570 0.010644255 0.999930501 0.005060347 -11.712526321 -0.042469807 -0.004603989 0.999087155 118.276603699
0.998996079 -0.011116817 0.043396849 7.362092972 0.010869798 0.999923348 0.005923928 -11.936607361 -0.043459374 -0.005446265 0.999040365 120.544807434
0.998978138 -0.011955705 0.043586552 7.562348366 0.011687542 0.999911189 0.006402134 -12.158662796 -0.043659229 -0.005886172 0.999029160 122.752838135
0.998901665 -0.012887708 0.045048073 7.749413490 0.012623692 0.999901474 0.006140345 -12.386611938 -0.045122772 -0.005564928 0.998965979 125.049789429
0.998863399 -0.013489987 0.045714170 7.932612419 0.013257809 0.999897599 0.005378342 -12.611330986 -0.045782041 -0.004766159 0.998940110 127.309135437
0.998840451 -0.015088616 0.045716979 8.120979309 0.014840184 0.999873161 0.005768721 -12.829406738 -0.045798223 -0.005083584 0.998937786 129.565628052
0.998849928 -0.016264725 0.045103282 8.303497314 0.016010685 0.999853909 0.005987967 -13.043798447 -0.045194097 -0.005258946 0.998964310 131.813308716
0.998919845 -0.016663924 0.043377127 8.506039619 0.016370166 0.999840677 0.007118606 -13.262455940 -0.043488834 -0.006400825 0.999033451 134.046081543
0.998973906 -0.017622732 0.041720267 8.704090118 0.017345667 0.999825120 0.006993658 -13.491008759 -0.041836217 -0.006262815 0.999104857 136.280960083
0.999061108 -0.018408079 0.039216798 8.919190407 0.018171636 0.999814451 0.006377181 -13.702222824 -0.039326925 -0.005658560 0.999210298 138.500915527
0.999025583 -0.019096669 0.039787482 9.074134827 0.018836604 0.999798775 0.006901036 -13.930158615 -0.039911255 -0.006144850 0.999184251 140.779357910
0.999012947 -0.019393275 0.039961729 9.240297318 0.019133061 0.999793291 0.006883608 -14.134613037 -0.040086966 -0.006112223 0.999177516 143.010940552
0.999052703 -0.019649334 0.038828529 9.435703278 0.019338768 0.999778152 0.008357952 -14.365694046 -0.038984150 -0.007599140 0.999210954 145.261718750
0.999065578 -0.018744836 0.038944073 9.609672546 0.018477980 0.999803364 0.007200975 -14.578365326 -0.039071385 -0.006474639 0.999215424 147.509582520
0.999093354 -0.017634487 0.038748477 9.787874222 0.017421501 0.999831200 0.005827492 -14.795339584 -0.038844712 -0.005147152 0.999231994 149.741012573
0.999102354 -0.015888849 0.039269377 9.960844994 0.015706908 0.999864399 0.004937444 -15.014999390 -0.039342508 -0.004316213 0.999216378 151.987808228
0.999110222 -0.015218293 0.039333656 10.144473076 0.015039184 0.999875188 0.004845476 -15.230332375 -0.039402492 -0.004249618 0.999214411 154.225158691
0.999096572 -0.014408929 0.039982684 10.319795609 0.014203475 0.999884427 0.005417947 -15.450023651 -0.040056136 -0.004845158 0.999185681 156.486679077
0.999099493 -0.013871975 0.040095486 10.514034271 0.013630637 0.999887288 0.006286199 -15.667906761 -0.040178176 -0.005734012 0.999176025 158.713195801
0.999038219 -0.012947996 0.041891858 10.673587799 0.012636798 0.999890625 0.007684969 -15.892363548 -0.041986786 -0.007148199 0.999092579 160.998138428
0.999008775 -0.011889974 0.042894721 10.855360031 0.011476454 0.999885440 0.009873774 -16.111106873 -0.043007206 -0.009371707 0.999030769 163.227966309
0.998981297 -0.010951819 0.043777395 11.043580055 0.010580338 0.999906063 0.008708389 -16.316572189 -0.043868653 -0.008236336 0.999003470 165.506744385
0.998938441 -0.010224178 0.044914838 11.237728119 0.009893230 0.999922276 0.007584437 -16.532264709 -0.044988882 -0.007132035 0.998962045 167.759872437
0.998863637 -0.008352788 0.046920612 11.424062729 0.007986545 0.999936163 0.007987641 -16.747135162 -0.046984341 -0.007603830 0.998866796 169.995422363
0.998763323 -0.008240663 0.049029130 11.647681236 0.007852669 0.999936342 0.008100923 -16.969680786 -0.049092762 -0.007705896 0.998764515 172.298538208
0.998636186 -0.008337958 0.051539313 11.845691681 0.007941206 0.999937296 0.007898066 -17.184070587 -0.051601943 -0.007478011 0.998639762 174.571594238
0.998542547 -0.008152978 0.053349327 12.050265312 0.007698904 0.999932349 0.008711324 -17.404029846 -0.053416751 -0.008287897 0.998537838 176.834930420
0.998496234 -0.008609964 0.054139573 12.252903938 0.008102384 0.999921203 0.009587861 -17.612726212 -0.054217853 -0.009134782 0.998487294 179.056335449
0.998486578 -0.010630584 0.053958841 12.472269058 0.010142174 0.999905169 0.009317324 -17.832702637 -0.054052770 -0.008755964 0.998499632 181.323074341
0.998442590 -0.011424283 0.054605816 12.670735359 0.010951230 0.999899864 0.008954428 -18.040729523 -0.054702647 -0.008342483 0.998467743 183.566818237
0.998509228 -0.012310071 0.053177256 12.897224426 0.011836395 0.999887466 0.009213297 -18.266857147 -0.053284682 -0.008570134 0.998542607 185.808807373
0.998517990 -0.014083508 0.052569047 13.107767105 0.013573099 0.999857247 0.010053812 -18.480014801 -0.052703138 -0.009325388 0.998566687 188.055145264
0.998537779 -0.014862723 0.051973403 13.319335938 0.014383981 0.999850750 0.009573238 -18.687389374 -0.052107923 -0.008811656 0.998602569 190.297775269
0.998491704 -0.016245488 0.052444600 13.517278671 0.015754730 0.999828279 0.009757577 -18.912071228 -0.052594107 -0.008916609 0.998576105 192.533615112
0.998456895 -0.017160425 0.052812748 13.709003448 0.016655775 0.999811471 0.009980897 -19.122592926 -0.052974068 -0.009085860 0.998554528 194.770034790
0.998498797 -0.016419251 0.052255049 13.942498207 0.015946146 0.999828041 0.009457918 -19.343692780 -0.052401360 -0.008610452 0.998588979 197.066116333
0.998510242 -0.014417928 0.052625693 14.147567749 0.013945593 0.999859214 0.009331627 -19.550031662 -0.052752830 -0.008583828 0.998570621 199.308975220
0.998516560 -0.012544000 0.052983977 14.348458290 0.012072542 0.999884665 0.009208816 -19.763851166 -0.053093381 -0.008555504 0.998552918 201.542755127
0.998489618 -0.012103558 0.053590931 14.557559013 0.011672946 0.999897003 0.008340889 -19.973012924 -0.053686373 -0.007702726 0.998528123 203.806747437
0.998454571 -0.012388253 0.054176096 14.759531021 0.011916318 0.999888122 0.009025542 -20.179773331 -0.054281864 -0.008366013 0.998490572 206.032806396
0.998436272 -0.013819086 0.054166280 14.999508858 0.013335402 0.999867976 0.009280960 -20.403366089 -0.054287385 -0.008544119 0.998488784 208.293151855
0.998372197 -0.013556810 0.055401053 15.206657410 0.013078381 0.999874055 0.008989227 -20.599397659 -0.055515945 -0.008250038 0.998423755 210.537994385
0.998319447 -0.013655919 0.056318063 15.442134857 0.013066499 0.999855995 0.010820908 -20.833881378 -0.056457728 -0.010066844 0.998354197 212.785675049
0.998255253 -0.012232423 0.057765659 15.677392960 0.011604133 0.999869943 0.011199518 -21.043657303 -0.057895139 -0.010509659 0.998267353 215.017028809
0.998069406 -0.010396147 0.061233785 15.877743721 0.009726442 0.999889612 0.011224834 -21.246597290 -0.061343733 -0.010607573 0.998060346 217.266632080
0.997927845 -0.010453027 0.063487917 16.105068207 0.009729183 0.999884188 0.011699753 -21.454036713 -0.063602865 -0.011057823 0.997914016 219.511245728
0.997802854 -0.011963267 0.065163679 16.341638565 0.011192489 0.999863148 0.012180594 -21.657320023 -0.065300472 -0.011424486 0.997800231 221.747055054
0.997690678 -0.013377964 0.066592470 16.575904846 0.012529709 0.999835134 0.013139415 -21.860754013 -0.066757284 -0.012274685 0.997693717 223.983428955
0.997623980 -0.015490568 0.067129649 16.826929092 0.014675950 0.999812722 0.012611262 -22.070812225 -0.067312434 -0.011596106 0.997664511 226.216918945
0.997586966 -0.016739344 0.067378812 17.070173264 0.015953977 0.999798596 0.012177284 -22.268238068 -0.067569099 -0.011072939 0.997653067 228.473678589
0.997536659 -0.017237492 0.067995146 17.309900284 0.016431641 0.999788165 0.012393069 -22.470113754 -0.068194367 -0.011245269 0.997608662 230.715316772
0.997481823 -0.018727006 0.068405740 17.557922363 0.017980922 0.999772072 0.011506335 -22.674129486 -0.068605632 -0.010247362 0.997591257 232.959640503
0.997424066 -0.019806776 0.068941474 17.799364090 0.018981110 0.999740303 0.012610968 -22.874301910 -0.069173351 -0.011269896 0.997541070 235.196640015
0.997453511 -0.019172279 0.068693839 18.079185486 0.018341888 0.999751270 0.012698700 -23.078371048 -0.068920217 -0.011406386 0.997556984 237.468414307
0.997410953 -0.019184384 0.069305524 18.318948746 0.018362489 0.999753535 0.012476773 -23.274997711 -0.069527790 -0.011171849 0.997517467 239.695755005
0.997377157 -0.019182181 0.069791198 18.566240311 0.018334122 0.999750316 0.012771755 -23.478675842 -0.070018783 -0.011458699 0.997479856 241.931671143
0.997320235 -0.019412667 0.070536695 18.807756424 0.018548034 0.999744833 0.012892300 -23.677753448 -0.070768982 -0.011549433 0.997425854 244.174758911
0.997286320 -0.019719647 0.070929438 19.058504105 0.018894488 0.999746025 0.012285692 -23.887502670 -0.071153693 -0.010912180 0.997405589 246.410858154
0.997305214 -0.019354288 0.070765153 19.320764542 0.018585775 0.999761105 0.011502462 -24.093038559 -0.070970871 -0.010156240 0.997426689 248.651763916
0.997270703 -0.019708550 0.071152121 19.569355011 0.018884074 0.999746740 0.012241690 -24.303218842 -0.071375348 -0.010864637 0.997390270 250.894287109
0.997233808 -0.020711331 0.071383439 19.823715210 0.019907061 0.999730289 0.011960083 -24.505775452 -0.071611889 -0.010505965 0.997377217 253.125106812
0.997231364 -0.020760763 0.071404077 20.085292816 0.019901795 0.999720991 0.012720224 -24.712173462 -0.071648255 -0.011263939 0.997366309 255.380981445
0.997194529 -0.021325924 0.071750782 20.327505112 0.020458236 0.999708652 0.012806357 -24.914642334 -0.072002992 -0.011302537 0.997340322 257.604156494
0.997172952 -0.021640923 0.071956843 20.595666885 0.020718405 0.999693573 0.013542265 -25.127490997 -0.072227880 -0.012013149 0.997315824 259.872253418
0.997137547 -0.021119080 0.072599292 20.852775574 0.020232616 0.999711752 0.012924259 -25.326995850 -0.072851315 -0.011418390 0.997277439 262.118133545
0.997112870 -0.021076458 0.072949968 21.114152908 0.020230193 0.999719441 0.012320205 -25.526500702 -0.073189177 -0.010808842 0.997259438 264.376708984
0.997087955 -0.020391637 0.073483668 21.376422882 0.019571211 0.999738038 0.011867650 -25.734491348 -0.073706403 -0.010394924 0.997225821 266.617797852
0.997015476 -0.019675976 0.074653536 21.633537292 0.018834703 0.999751091 0.011956460 -25.934654236 -0.074870214 -0.010514695 0.997137845 268.863830566
0.996923745 -0.019034740 0.076031268 21.896240234 0.018207235 0.999767303 0.011562144 -26.149108887 -0.076233670 -0.010142259 0.997038424 271.117462158
0.996831238 -0.019743601 0.077055752 22.169630051 0.018891629 0.999752164 0.011769928 -26.355503082 -0.077269040 -0.010276924 0.996957302 273.366302490
0.996659815 -0.019916436 0.079199657 22.426189423 0.018964829 0.999738872 0.012749431 -26.561347961 -0.079432912 -0.011204839 0.996777236 275.611145020
0.996529937 -0.020029368 0.080789998 22.697971344 0.018973378 0.999724507 0.013817436 -26.754501343 -0.081044495 -0.012236627 0.996635318 277.851593018
0.996483624 -0.019020921 0.081599139 22.986171722 0.017831309 0.999724150 0.015282822 -26.968854904 -0.081867307 -0.013774064 0.996548057 280.110900879
0.996388495 -0.018736431 0.082817249 23.267868042 0.017413115 0.999709368 0.016672267 -27.174110413 -0.083105564 -0.015169949 0.996425271 282.345275879
0.996310353 -0.017888345 0.083938308 23.545606613 0.016573761 0.999729216 0.016332157 -27.364242554 -0.084207729 -0.014880725 0.996337056 284.599822998
0.996196806 -0.016777692 0.085501157 23.814191818 0.015494070 0.999757469 0.015654515 -27.554422379 -0.085743047 -0.014270218 0.996215105 286.830749512
0.996186674 -0.016143933 0.085740738 24.104377747 0.014963180 0.999784410 0.014396137 -27.741983414 -0.085954651 -0.013058288 0.996213496 289.081207275
0.996112525 -0.016970783 0.086440019 24.378198624 0.015756626 0.999767661 0.014709243 -27.945043564 -0.086669572 -0.013290059 0.996148467 291.308105469
0.996076941 -0.016849013 0.086871728 24.651323318 0.015739806 0.999785841 0.013437554 -28.137054443 -0.087079510 -0.012017495 0.996128857 293.568969727
0.996097744 -0.017441759 0.086516634 24.936218262 0.016421633 0.999787152 0.012488863 -28.333354950 -0.086716063 -0.011019384 0.996172130 295.797088623
0.996095300 -0.017452063 0.086542360 25.219232559 0.016447412 0.999789000 0.012308310 -28.533691406 -0.086738907 -0.010836850 0.996172130 298.035125732
0.996094882 -0.016778167 0.086680613 25.501747131 0.015763560 0.999799192 0.012376422 -28.732614517 -0.086870857 -0.010961697 0.996159196 300.274169922
0.996035993 -0.016771905 0.087355889 25.764095306 0.015656432 0.999787092 0.013438878 -28.941387177 -0.087562695 -0.012017924 0.996086478 302.514953613
0.996036649 -0.017313989 0.087241814 26.053802490 0.016193502 0.999777257 0.013534891 -29.140596390 -0.087456718 -0.012068498 0.996095240 304.766662598
0.996011138 -0.016521616 0.087686002 26.342138290 0.015366000 0.999786198 0.013837743 -29.341350555 -0.087895885 -0.012435163 0.996051967 307.014373779
0.996005237 -0.017046411 0.087652802 26.627668381 0.015902122 0.999779165 0.013736576 -29.547985077 -0.087867625 -0.012287837 0.996056378 309.269378662
0.995954752 -0.018433759 0.087944999 26.914951324 0.017260980 0.999751925 0.014077330 -29.746810913 -0.088182680 -0.012502369 0.996025860 311.529449463
0.995925307 -0.018117126 0.088342868 27.199720383 0.016979886 0.999763250 0.013607617 -29.951019287 -0.088568471 -0.012052115 0.995997190 313.770355225
0.995946050 -0.017672438 0.088198483 27.495653152 0.016481973 0.999763191 0.014207694 -30.153049469 -0.088428691 -0.012696413 0.996001601 316.019073486
0.995903790 -0.016047947 0.088982902 27.780910492 0.014899628 0.999797225 0.013554159 -30.357025146 -0.089182347 -0.012172828 0.995940924 318.266693115
0.995892823 -0.014442452 0.089379795 28.064233780 0.013225971 0.999811888 0.014187594 -30.558130264 -0.089567885 -0.012947191 0.995896518 320.512603760
0.995828331 -0.013395912 0.090257004 28.345165253 0.012191934 0.999829352 0.013877623 -30.761863708 -0.090427496 -0.012719324 0.995821834 322.745300293
0.995785236 -0.012708842 0.090830408 28.628339767 0.011442514 0.999830067 0.014448861 -30.958753586 -0.090998590 -0.013348632 0.995761514 324.982330322
0.995788991 -0.012121553 0.090869837 28.924205780 0.010724464 0.999817014 0.015847156 -31.167728424 -0.091045275 -0.014805895 0.995736659 327.212036133
0.995748341 -0.012798391 0.091222040 29.205823898 0.011406429 0.999810636 0.015764112 -31.370487213 -0.091406532 -0.014656572 0.995705724 329.457031250
0.995762646 -0.014825542 0.090756983 29.508222580 0.013519880 0.999796331 0.014984290 -31.566585541 -0.090960644 -0.013693773 0.995760322 331.689544678
0.995752752 -0.014385752 0.090937123 29.796600342 0.013105270 0.999806643 0.014662465 -31.764509201 -0.091130450 -0.013408432 0.995748699 333.909179688
0.995741904 -0.014757468 0.090995267 30.086946487 0.013357819 0.999783218 0.015971474 -31.960708618 -0.091211237 -0.014687970 0.995723188 336.137023926
0.995793641 -0.015383568 0.090323508 30.393079758 0.013995009 0.999774396 0.015986443 -32.155284882 -0.090549044 -0.014655121 0.995784163 338.370422363
0.995801151 -0.015282173 0.090258025 30.680379868 0.013863480 0.999770641 0.016324291 -32.356452942 -0.090486795 -0.015004459 0.995784640 340.612640381
0.995852470 -0.015664959 0.089624286 30.981399536 0.014266732 0.999766767 0.016220387 -32.555797577 -0.089857481 -0.014874467 0.995843530 342.855194092
0.995880604 -0.015779084 0.089290909 31.272535324 0.014359021 0.999760389 0.016523873 -32.747268677 -0.089530244 -0.015173675 0.995868504 345.098846436
0.995915532 -0.015891636 0.088880412 31.561651230 0.014481241 0.999759138 0.016490879 -32.937519073 -0.089121073 -0.015136422 0.995905757 347.334503174
0.995965540 -0.016036013 0.088293523 31.851703644 0.014633884 0.999756694 0.016504843 -33.131408691 -0.088536732 -0.015146176 0.995957732 349.581726074
0.995972693 -0.015627472 0.088284962 32.134967804 0.014187057 0.999756217 0.016919550 -33.327274323 -0.088527851 -0.015598902 0.995951533 351.822845459
0.996014237 -0.016118132 0.087725759 32.421310425 0.014654743 0.999742866 0.017300028 -33.517620087 -0.087982036 -0.015945476 0.995994449 354.050720215
0.996035516 -0.015668709 0.087565437 32.701992035 0.014249077 0.999757111 0.016813893 -33.712139130 -0.087807603 -0.015499506 0.996016860 356.287017822
0.996093452 -0.015831985 0.086873837 32.990345001 0.014381022 0.999746859 0.017302493 -33.904499054 -0.087125756 -0.015985567 0.996069074 358.519714355
0.996151805 -0.015360455 0.086287901 33.280078888 0.013850056 0.999740660 0.018075686 -34.098552704 -0.086543165 -0.016811037 0.996106207 360.773925781
0.996216655 -0.015532238 0.085505456 33.572887421 0.014038409 0.999738634 0.018044252 -34.292968750 -0.085763387 -0.016775625 0.996174216 363.020477295
0.996262133 -0.015496148 0.084979348 33.859756470 0.013961182 0.999729037 0.018627470 -34.485179901 -0.085244991 -0.017371435 0.996208489 365.258789062
0.996322751 -0.015616311 0.084243983 34.147487640 0.014158530 0.999739945 0.017874088 -34.675991058 -0.084501192 -0.016615594 0.996284783 367.518737793
0.996325016 -0.016238397 0.084099501 34.422859192 0.014791164 0.999732077 0.017803144 -34.870548248 -0.084366083 -0.016493788 0.996298313 369.772003174
0.996330202 -0.016295370 0.084026746 34.699031830 0.014925520 0.999745667 0.016905067 -35.054817200 -0.084280841 -0.015588885 0.996320128 372.022735596
0.996391416 -0.016086750 0.083339192 34.980655670 0.014727212 0.999748647 0.016902531 -35.253475189 -0.083590157 -0.015614183 0.996377885 374.266204834
0.996467054 -0.016011074 0.082444765 35.266128540 0.014622799 0.999741435 0.017415291 -35.443267822 -0.082702294 -0.016148189 0.996443450 376.510437012
0.996397436 -0.015277567 0.083419420 35.533634186 0.013833052 0.999744594 0.017866919 -35.636302948 -0.083671100 -0.016648605 0.996354342 378.773406982
0.996382058 -0.016034374 0.083460838 35.810691833 0.014574541 0.999730468 0.018071217 -35.831695557 -0.083728097 -0.016789436 0.996347129 381.019195557
0.996413529 -0.015894780 0.083110861 36.095481873 0.014441729 0.999732673 0.018055359 -36.017349243 -0.083375633 -0.016790345 0.996376693 383.275390625
0.996442676 -0.014941297 0.082937472 36.380355835 0.013473306 0.999742985 0.018231535 -36.210823059 -0.083188586 -0.017049240 0.996387959 385.531555176
0.996437848 -0.013886143 0.083178259 36.654235840 0.012406153 0.999755859 0.018283509 -36.396488190 -0.083411820 -0.017186459 0.996366918 387.785217285
0.996475935 -0.012733995 0.082906872 36.942378998 0.011255077 0.999769509 0.018281307 -36.597602844 -0.083120570 -0.017283756 0.996389568 390.054229736
0.996456206 -0.011363270 0.083342336 37.215698242 0.009887926 0.999787390 0.018093664 -36.790344238 -0.083530225 -0.017205462 0.996356726 392.337371826
0.996487141 -0.010137590 0.083130322 37.496940613 0.008551481 0.999774992 0.019413721 -36.980583191 -0.083308414 -0.018634640 0.996349573 394.592285156
0.996428192 -0.008941876 0.083969980 37.765888214 0.007299797 0.999776423 0.019842260 -37.172359467 -0.084128641 -0.019158429 0.996270716 396.848571777
0.996384859 -0.008670012 0.084510781 38.044990540 0.007144057 0.999806225 0.018342067 -37.370346069 -0.084653430 -0.017672004 0.996253729 399.111450195
0.996312737 -0.007806274 0.085439824 38.320716858 0.006326108 0.999825418 0.017581131 -37.559352875 -0.085562147 -0.016975805 0.996188223 401.382598877
0.996260524 -0.009587456 0.085866697 38.595985413 0.008003135 0.999791682 0.018776214 -37.752010345 -0.086028829 -0.018018797 0.996129692 403.638824463
0.996203125 -0.011050481 0.086355790 38.878406525 0.009367581 0.999758661 0.019869005 -37.943943024 -0.086554520 -0.018984620 0.996066213 405.894226074
0.996181607 -0.011899109 0.086490594 39.162433624 0.010219332 0.999750912 0.019838385 -38.134891510 -0.086705111 -0.018878760 0.996055126 408.165618896
0.996186256 -0.011784766 0.086453371 39.460720062 0.010222778 0.999776840 0.018487921 -38.321910858 -0.086651951 -0.017533619 0.996084273 410.435211182
0.996093750 -0.009905756 0.087744549 39.753135681 0.008277521 0.999787033 0.018901022 -38.523586273 -0.087913096 -0.018100886 0.995963693 412.724548340
0.995998085 -0.008587153 0.088961184 40.028259277 0.006944485 0.999800026 0.018758066 -38.715225220 -0.089104481 -0.018065210 0.995858431 414.966766357
0.995924771 -0.007402224 0.089883417 40.320041656 0.005724480 0.999804914 0.018909222 -38.904678345 -0.090005837 -0.018317632 0.995772779 417.237518311
0.995872259 -0.007561027 0.090450376 40.616218567 0.005901908 0.999809623 0.018596293 -39.096797943 -0.090573773 -0.017985703 0.995727241 419.495300293
0.995769083 -0.007531794 0.091581896 40.900737762 0.005847690 0.999809086 0.018643506 -39.286369324 -0.091704838 -0.018029077 0.995622933 421.749847412
0.995686352 -0.007883953 0.092447482 41.187805176 0.006204047 0.999810636 0.018444803 -39.481903076 -0.092575394 -0.017791688 0.995546699 424.011962891
0.995626330 -0.008178825 0.093066141 41.485862732 0.006381996 0.999787748 0.019588280 -39.672798157 -0.093206584 -0.018908665 0.995467246 426.281890869
0.995581031 -0.007304553 0.093621433 41.779098511 0.005442705 0.999782562 0.020126898 -39.860069275 -0.093748115 -0.019528400 0.995404363 428.530029297
0.995510519 -0.006458205 0.094431512 42.081363678 0.004508279 0.999772549 0.020847872 -40.048217773 -0.094544649 -0.020328552 0.995313048 430.805084229
0.995511353 -0.007002748 0.094382785 42.381580353 0.005043821 0.999767244 0.020977724 -40.244174957 -0.094507731 -0.020407509 0.995314956 433.071502686
0.995475113 -0.007864170 0.094696440 42.688201904 0.005942750 0.999770999 0.020555247 -40.442253113 -0.094836399 -0.019899480 0.995293915 435.339080811
0.995461762 -0.006973841 0.094906673 42.996749878 0.005049263 0.999777019 0.020503692 -40.615253448 -0.095028512 -0.019931434 0.995274961 437.610931396
0.995419502 -0.007280059 0.095325783 43.301933289 0.005312678 0.999767959 0.020876054 -40.805503845 -0.095455639 -0.020273995 0.995227218 439.894622803
0.995465696 -0.007389446 0.094833627 43.614894867 0.005410742 0.999762595 0.021105202 -40.992835999 -0.094967060 -0.020496383 0.995269358 442.168731689
0.995447934 -0.006318375 0.095097020 43.929679871 0.004263992 0.999753475 0.021790760 -41.184406281 -0.095211253 -0.021286074 0.995229483 444.451049805
0.995415330 -0.006844594 0.095400989 44.236923218 0.004780618 0.999749899 0.021846529 -41.368282318 -0.095526651 -0.021290295 0.995199144 446.726104736
0.995409131 -0.006809398 0.095469072 44.539161682 0.004784856 0.999759138 0.021419171 -41.558078766 -0.095591925 -0.020864028 0.995201945 448.988586426
0.995412290 -0.006102670 0.095483884 44.844173431 0.004099855 0.999767721 0.021157576 -41.747211456 -0.095590830 -0.020669037 0.995206118 451.247985840
0.995351672 -0.005595508 0.096144177 45.144165039 0.003595685 0.999773800 0.020960927 -41.943225861 -0.096239723 -0.020517789 0.995146692 453.511291504
0.995272696 -0.004981850 0.096991092 45.444290161 0.002962511 0.999776065 0.020952713 -42.123832703 -0.097073771 -0.020566329 0.995064616 455.790008545
0.995243907 -0.005152210 0.097279184 45.743610382 0.003150335 0.999780357 0.020721054 -42.319709778 -0.097364582 -0.020316040 0.995041370 458.048492432
0.995293915 -0.004484174 0.096798040 46.065738678 0.002557216 0.999796271 0.020021876 -42.507099152 -0.096868083 -0.019680118 0.995102644 460.329895020
0.995270967 -0.003454436 0.097075582 46.372104645 0.001472062 0.999789059 0.020485129 -42.698158264 -0.097125866 -0.020245360 0.995066106 462.608764648
0.995292127 -0.002807020 0.096879266 46.683357239 0.000711436 0.999765158 0.021658652 -42.884674072 -0.096917309 -0.021487767 0.995060444 464.887115479
0.995325148 -0.002866344 0.096538432 46.983856201 0.000744785 0.999757528 0.022005180 -43.068798065 -0.096578106 -0.021830404 0.995085955 467.154235840
0.995439589 -0.003100552 0.095343418 47.301448822 0.001125074 0.999783695 0.020766379 -43.254405975 -0.095387183 -0.020564409 0.995227814 469.437896729
0.995502353 -0.003253774 0.094680645 47.616607666 0.001310569 0.999787390 0.020578740 -43.450954437 -0.094727471 -0.020362100 0.995294988 471.735137939
0.995562851 -0.003787370 0.094022825 47.918254852 0.001746695 0.999761283 0.021776861 -43.647148132 -0.094082870 -0.021516001 0.995331764 474.016662598
0.995575130 -0.004133102 0.093878642 48.215751648 0.002115324 0.999764860 0.021582823 -43.832206726 -0.093945771 -0.021288741 0.995349705 476.295379639
0.995654702 -0.003669066 0.093049876 48.514286041 0.001713453 0.999776125 0.021088012 -44.002937317 -0.093106426 -0.020836940 0.995438039 478.582305908
0.995650172 -0.003930609 0.093087301 48.811080933 0.001897110 0.999757826 0.021923507 -44.193904877 -0.093150929 -0.021651544 0.995416582 480.862396240
0.995718956 -0.004447257 0.092325285 49.120315552 0.002385025 0.999745429 0.022434931 -44.380619049 -0.092401557 -0.022118684 0.995476127 483.134887695
0.995732248 -0.005092955 0.092148550 49.409236908 0.003105713 0.999759853 0.021696195 -44.566818237 -0.092236906 -0.021317415 0.995508790 485.419097900
0.995784879 -0.005400771 0.091559462 49.712532043 0.003338944 0.999737740 0.022657245 -44.763961792 -0.091657810 -0.022256026 0.995541751 487.725067139
0.995878696 -0.005801412 0.090508990 50.017021179 0.003753018 0.999733329 0.022785746 -44.945701599 -0.090617031 -0.022352153 0.995634973 490.008605957
0.995828986 -0.005433979 0.091077708 50.274166107 0.003364863 0.999733031 0.022856317 -45.135108948 -0.091177605 -0.022454517 0.995581448 492.271911621
0.995878220 -0.004940516 0.090565473 50.577430725 0.002828114 0.999721229 0.023438083 -45.320713043 -0.090656027 -0.023085352 0.995614648 494.560791016
0.995881021 -0.004878663 0.090538241 50.863162994 0.002793839 0.999728322 0.023139471 -45.505355835 -0.090626523 -0.022791211 0.995624125 496.865173340
0.995909214 -0.004747250 0.090234101 51.170841217 0.002687267 0.999733269 0.022937100 -45.700778961 -0.090318911 -0.022600790 0.995656371 499.187438965
0.995949090 -0.004782796 0.089790374 51.465190887 0.002667730 0.999716401 0.023660848 -45.884300232 -0.089878090 -0.023325466 0.995679617 501.484497070
0.995958984 -0.004535417 0.089694962 51.755481720 0.002397115 0.999710619 0.023933075 -46.071956635 -0.089777574 -0.023621352 0.995681703 503.768890381
0.995996594 -0.003730742 0.089313239 52.051948547 0.001651994 0.999726236 0.023337416 -46.258262634 -0.089375861 -0.023096440 0.995730162 506.062927246
0.995978773 -0.003375381 0.089525625 52.339191437 0.001249531 0.999716163 0.023791127 -46.441429138 -0.089580521 -0.023583593 0.995700300 508.358703613
0.996005595 -0.003621149 0.089217186 52.636043549 0.001612000 0.999743700 0.022581525 -46.622901917 -0.089276083 -0.022347506 0.995756149 510.652160645
0.996052563 -0.004526722 0.088649929 52.939910889 0.002448183 0.999719858 0.023541298 -46.816032410 -0.088731676 -0.023231335 0.995784640 512.953857422
0.996086478 -0.004253001 0.088281304 53.238716125 0.002169700 0.999717236 0.023681007 -46.999107361 -0.088357054 -0.023396788 0.995814025 515.257751465
0.996093929 -0.003361973 0.088236108 53.528877258 0.001287552 0.999721706 0.023556288 -47.184425354 -0.088290751 -0.023350667 0.995820999 517.570129395
0.996095300 -0.002446350 0.088249810 53.815887451 0.000411651 0.999733806 0.023066960 -47.368316650 -0.088282757 -0.022940561 0.995831251 519.865295410
0.996015191 -0.000243468 0.089183360 54.107734680 -0.001842077 0.999726772 0.023301851 -47.560752869 -0.089164674 -0.023373282 0.995742559 522.226013184
0.995973647 0.001660220 0.089632601 54.406082153 -0.003786621 0.999715269 0.023558695 -47.748069763 -0.089567974 -0.023803240 0.995696247 524.560119629
0.995932281 0.002227146 0.090077639 54.704509735 -0.004474677 0.999683619 0.024756791 -47.927005768 -0.089994006 -0.025059162 0.995626986 526.880371094
0.995878279 0.001733586 0.090681978 54.998928070 -0.003982023 0.999689102 0.024619717 -48.109508514 -0.090611070 -0.024879348 0.995575488 529.192932129
0.995863080 -0.000223936 0.090864636 55.298683167 -0.002151622 0.999658585 0.026045118 -48.289413452 -0.090839446 -0.026132884 0.995522618 531.505859375
0.995819390 -0.001706720 0.091327980 55.606212616 -0.000629910 0.999673367 0.025550090 -48.466159821 -0.091341756 -0.025500806 0.995493054 533.834472656
0.995779037 -0.001752952 0.091765352 55.904129028 -0.000547163 0.999686480 0.025034020 -48.646995544 -0.091780469 -0.024978559 0.995465934 536.149841309
0.995699048 -0.001943928 0.092626393 56.200580597 -0.000353012 0.999692917 0.024775064 -48.828041077 -0.092646122 -0.024701202 0.995392680 538.462707520
0.995618284 -0.001329521 0.093501456 56.495723724 -0.000931192 0.999708354 0.024130583 -49.013984680 -0.093506269 -0.024111917 0.995326698 540.775695801
0.995509148 -0.000689444 0.094662838 56.797306061 -0.001578219 0.999713600 0.023878198 -49.202735901 -0.094652198 -0.023920365 0.995222986 543.103332520
0.995442927 0.000057476 0.095360234 57.091030121 -0.002232339 0.999739826 0.022700289 -49.386264801 -0.095334135 -0.022809716 0.995183945 545.424377441
0.995297730 0.000144960 0.096863069 57.381423950 -0.002391802 0.999730706 0.023080347 -49.568588257 -0.096833661 -0.023203496 0.995029986 547.753295898
0.995248497 0.000046435 0.097366914 57.686424255 -0.002415593 0.999703884 0.024214527 -49.758281708 -0.097336963 -0.024334675 0.994953930 550.055297852
0.995187521 -0.000090867 0.097987838 57.994148254 -0.002294197 0.999703825 0.024227459 -49.940578461 -0.097961031 -0.024335669 0.994892657 552.361877441
0.995264649 -0.001241270 0.097194582 58.323272705 -0.001007863 0.999732852 0.023088012 -50.120857239 -0.097197287 -0.023076635 0.994997561 554.674560547
0.995280385 -0.001550156 0.097028576 58.644004822 -0.000735810 0.999723077 0.023519516 -50.307594299 -0.097038157 -0.023479907 0.995003581 556.990966797
0.995221794 -0.001370613 0.097630687 58.954944611 -0.000967248 0.999714017 0.023894599 -50.491420746 -0.097635522 -0.023874862 0.994935811 559.304138184
0.995200276 -0.000717704 0.097856559 59.273117065 -0.001703623 0.999694467 0.024657838 -50.674133301 -0.097844370 -0.024706198 0.994894922 561.637817383
0.995207369 -0.001552642 0.097774580 59.596260071 -0.000938796 0.999676168 0.025430290 -50.862625122 -0.097782388 -0.025400203 0.994883657 563.969604492
0.995152354 -0.001015339 0.098339766 59.911113739 -0.001548524 0.999660909 0.025991645 -51.039859772 -0.098332830 -0.026017927 0.994813383 566.294067383
0.995126903 -0.000317157 0.098601609 60.236972809 -0.002193322 0.999676168 0.025351403 -51.227008820 -0.098577715 -0.025444122 0.994804025 568.623962402
0.995143116 0.000832727 0.098435126 60.571083069 -0.003177003 0.999714971 0.023661094 -51.402526855 -0.098387368 -0.023858907 0.994862139 570.953002930
0.995145857 0.001277738 0.098402873 60.908588409 -0.003667933 0.999702513 0.024112809 -51.592437744 -0.098342799 -0.024356697 0.994854450 573.276000977
0.995126545 0.001023848 0.098600581 61.224662781 -0.003517767 0.999678135 0.025122620 -51.783050537 -0.098543115 -0.025347039 0.994810045 575.659118652
0.995109737 0.000876331 0.098771662 61.550601959 -0.003488929 0.999648511 0.026281271 -51.970008850 -0.098713905 -0.026497357 0.994763017 577.977294922
0.995048046 0.001356120 0.099385351 61.863304138 -0.003857484 0.999680519 0.024980504 -52.158897400 -0.099319704 -0.025240181 0.994735420 580.354858398
0.995064318 0.000629239 0.099229760 62.187984467 -0.003095876 0.999689937 0.024705814 -52.336902618 -0.099183455 -0.024891078 0.994757831 582.695312500
0.995087802 -0.000115046 0.098996297 62.518482208 -0.002462836 0.999661028 0.025917601 -52.526805878 -0.098965704 -0.026034100 0.994750202 585.018127441
0.995129347 0.000124248 0.098578073 62.841964722 -0.002711338 0.999655366 0.026110534 -52.708141327 -0.098540865 -0.026250632 0.994786680 587.336425781
0.995087802 -0.002910072 0.098953493 63.174091339 0.000450374 0.999690533 0.024870362 -52.898193359 -0.098995261 -0.024703627 0.994781137 589.701782227
0.995109856 -0.003084514 0.098726191 63.503471375 0.000647217 0.999694586 0.024709949 -53.076576233 -0.098772243 -0.024525216 0.994807780 592.050048828
0.995116174 -0.004879871 0.098590262 63.825477600 0.002401776 0.999678552 0.025238359 -53.262718201 -0.098681733 -0.024878306 0.994808018 594.388854980
0.995148540 -0.005836797 0.098210655 64.158218384 0.003326833 0.999664068 0.025701322 -53.448669434 -0.098327689 -0.025249900 0.994833708 596.744140625
