1.000000000 0.000000000 0.000000000 0.000000000 0.000000000 1.000000000 0.000000000 0.000000000 0.000000000 0.000000000 1.000000000 0.000000000
0.999999940 -0.000055781 0.000347567 0.088016830 0.000055844 1.000000000 -0.000180739 -0.227734983 -0.000347557 0.000180758 0.999999940 2.287902594
0.999999285 0.000247318 0.001096989 0.167238593 -0.000247728 0.999999881 0.000373583 -0.465892285 -0.001096897 -0.000373855 0.999999285 4.583104134
0.999998689 -0.000263241 0.001553182 0.266488224 0.000262481 0.999999821 0.000489130 -0.697691083 -0.001553310 -0.000488721 0.999998689 6.867840767
0.999997139 -0.000466512 0.002341541 0.361320823 0.000469340 0.999999106 -0.001207256 -0.931203961 -0.002340976 0.001208352 0.999996483 9.159310341
0.999989510 0.001304039 0.004371975 0.452391058 -0.001304363 0.999999166 0.000071202 -1.166413307 -0.004371878 -0.000076904 0.999990463 11.463597298
0.999972045 0.003198953 0.006759312 0.551824749 -0.003207549 0.999994040 0.001261269 -1.397275925 -0.006755237 -0.001282915 0.999976337 13.750030518
0.999952555 0.002980317 0.009275246 0.656336308 -0.003015639 0.999988198 0.003796497 -1.626250863 -0.009263823 -0.003824288 0.999949753 16.025594711
0.999943972 0.003437886 0.010026049 0.758170485 -0.003490237 0.999980330 0.005208606 -1.856539369 -0.010007944 -0.005243307 0.999936163 18.316164017
0.999922872 0.002489573 0.012170225 0.860342383 -0.002555530 0.999982059 0.005406954 -2.080825806 -0.012156548 -0.005437639 0.999911249 20.609193802
0.999930501 0.000212629 0.011789945 0.990374386 -0.000253411 0.999993980 0.003457680 -2.312138557 -0.011789138 -0.003460428 0.999924541 22.905277252
0.999916255 -0.001990367 0.012790109 1.094603062 0.001970030 0.999996781 0.001602458 -2.532624245 -0.012793255 -0.001577127 0.999916971 25.185276031
0.999918520 -0.002356818 0.012543419 1.236141682 0.002339252 0.999996364 0.001414880 -2.784039497 -0.012546709 -0.001385423 0.999920249 27.487243652
0.999897718 -0.002133765 0.014142860 1.333375096 0.002130685 0.999997675 0.000232809 -3.006031036 -0.014143323 -0.000202652 0.999899924 29.773139954
0.999893844 0.000008386 0.014570388 1.463026881 -0.000055297 0.999994755 0.003219184 -3.236592293 -0.014570286 -0.003219648 0.999888599 32.031135559
0.999893486 0.002011001 0.014450551 1.595445633 -0.002090740 0.999982655 0.005505076 -3.454944134 -0.014439230 -0.005534702 0.999880373 34.310466766
0.999871314 0.003952145 0.015546257 1.721395612 -0.004091953 0.999951363 0.008971460 -3.676597357 -0.015510039 -0.009033919 0.999839008 36.627819061
0.999857724 0.005851806 0.015819304 1.843502045 -0.005988230 0.999945104 0.008590378 -3.893111467 -0.015768168 -0.008683885 0.999837995 38.899326324
0.999816835 0.005552010 0.018322248 1.948871136 -0.005684661 0.999957919 0.007195758 -4.099459171 -0.018281529 -0.007298594 0.999806225 41.202922821
0.999825001 0.003102867 0.018447513 2.073282719 -0.003215975 0.999976277 0.006104818 -4.321703911 -0.018428130 -0.006163077 0.999811172 43.477836609
0.999823093 0.003138733 0.018542828 2.204579353 -0.003228490 0.999983191 0.004812544 -4.543198109 -0.018527413 -0.004871557 0.999816477 45.756763458
0.999825239 0.002690430 0.018508004 2.332449913 -0.002758916 0.999989390 0.003675838 -4.768985271 -0.018497923 -0.003726256 0.999821961 48.036502838
0.999832869 0.000614635 0.018271280 2.470477581 -0.000690885 0.999991059 0.004167224 -4.997764587 -0.018268555 -0.004179151 0.999824405 50.317432404
0.999811649 -0.000040009 0.019408891 2.597821712 -0.000046054 0.999990165 0.004433703 -5.219759941 -0.019408878 -0.004433762 0.999801815 52.588146210
0.999810755 -0.001168260 0.019421415 2.737571955 0.001083669 0.999989927 0.004365492 -5.447484016 -0.019426322 -0.004343619 0.999801874 54.876796722
0.999776602 -0.001513422 0.021082949 2.856786728 0.001416225 0.999988258 0.004624407 -5.672832012 -0.021089701 -0.004593515 0.999767005 57.174392700
0.999761045 -0.002797105 0.021679662 2.995199680 0.002685804 0.999983072 0.005161282 -5.896616936 -0.021693731 -0.005101821 0.999751568 59.446830750
0.999721229 -0.004023978 0.023263255 3.120078087 0.003917950 0.999981701 0.004601526 -6.119626522 -0.023281341 -0.004509099 0.999718785 61.714801788
0.999702156 -0.004869479 0.023913171 3.267864227 0.004759310 0.999977767 0.004661790 -6.345027924 -0.023935340 -0.004546591 0.999703109 63.970108032
0.999667406 -0.004317003 0.025425851 3.405518055 0.004193787 0.999979198 0.004897368 -6.562849998 -0.025446462 -0.004789108 0.999664724 66.238616943
0.999645829 -0.003380549 0.026396280 3.551939487 0.003243080 0.999980927 0.005248984 -6.788830757 -0.026413521 -0.005161520 0.999637783 68.491127014
0.999601424 -0.003624795 0.027996885 3.686598539 0.003482874 0.999980867 0.005116246 -7.014760017 -0.028014893 -0.005016696 0.999594927 70.741180420
0.999592543 -0.004493644 0.028186914 3.850482464 0.004393487 0.999983788 0.003614232 -7.236109734 -0.028202699 -0.003488921 0.999596119 72.988601685
0.999575377 -0.005247460 0.028662642 4.002132416 0.005133246 0.999978602 0.004056884 -7.461399555 -0.028683316 -0.003908030 0.999580860 75.254981995
0.999529958 -0.006515466 0.029956507 4.164971352 0.006406662 0.999972582 0.003726573 -7.694656849 -0.029979967 -0.003532900 0.999544263 77.522018433
0.999531388 -0.007186121 0.029752277 4.322711945 0.007084598 0.999968708 0.003516284 -7.920409203 -0.029776614 -0.003303854 0.999551117 79.766601562
0.999499679 -0.007660752 0.030688250 4.469912052 0.007568499 0.999966443 0.003121183 -8.137408257 -0.030711137 -0.002887358 0.999524117 82.023101807
0.999482930 -0.007092140 0.031361308 4.646173000 0.006997616 0.999970615 0.003122757 -8.366441727 -0.031382535 -0.002901688 0.999503255 84.275169373
0.999430180 -0.006820730 0.033056628 4.803045273 0.006706744 0.999971151 0.003557912 -8.584175110 -0.033079941 -0.003334183 0.999447167 86.525962830
0.999435544 -0.006604110 0.032939572 4.971800804 0.006439271 0.999966204 0.005107859 -8.819561005 -0.032972194 -0.004892869 0.999444306 88.809684753
0.999402881 -0.005776421 0.034065992 5.129481316 0.005583454 0.999967813 0.005756933 -9.045052528 -0.034098156 -0.005563290 0.999402940 91.065017700
0.999385178 -0.005849865 0.034567624 5.300458431 0.005661102 0.999968529 0.005556014 -9.263974190 -0.034599032 -0.005356908 0.999386847 93.317863464
0.999369144 -0.006117621 0.034981880 5.469462395 0.005941887 0.999969304 0.005125261 -9.481515884 -0.035012152 -0.004914170 0.999374747 95.574302673
0.999341905 -0.006440033 0.035699856 5.636534691 0.006247477 0.999965370 0.005502720 -9.702013969 -0.035734057 -0.005276064 0.999347389 97.828643799
0.999302804 -0.006001637 0.036849100 5.795558929 0.005820320 0.999970376 0.005025846 -9.931306839 -0.036878172 -0.004807869 0.999308228 100.065589905
0.999228358 -0.006045557 0.038809009 5.947423935 0.005814969 0.999964774 0.006051715 -10.145755768 -0.038844224 -0.005821371 0.999228358 102.291130066
0.999233425 -0.006549778 0.038596544 6.148351192 0.006324313 0.999962211 0.005960756 -10.362722397 -0.038634121 -0.005712090 0.999237120 104.531158447
0.999192417 -0.007385690 0.039497044 6.321096420 0.007120032 0.999951243 0.006862398 -10.577955246 -0.039545797 -0.006575636 0.999196112 106.764381409
0.999157906 -0.008798119 0.040074293 6.500876427 0.008521742 0.999938667 0.007062207 -10.791460991 -0.040133968 -0.006714758 0.999171734 109.010009766
0.999116778 -0.009920427 0.040832460 6.682486534 0.009601610 0.999921918 0.007996657 -11.013682365 -0.040908612 -0.007597534 0.999134004 111.265281677
0.999098420 -0.010701826 0.041080900 6.874929905 0.010439510 0.999923766 0.006594529 -11.230199814 -0.041148338 -0.006159720 0.999134064 113.518638611
0.999055028 -0.011400956 0.041940525 7.056419373 0.011173281 0.999921560 0.005658909 -11.444963455 -0.042001758 -0.005184950 0.999104083 115.764488220
0.999029100 -0.011545821 0.042515524 7.237085342 0.011293719 0.999917209 0.006165095 -11.669611931 -0.042583179 -0.005678951 0.999076784 117.996902466
0.998973608 -0.012076690 0.043656614 7.423259735 0.011788854 0.999907017 0.006844653 -11.889258385 -0.043735206 -0.006322966 0.999023259 120.246353149
0.998947799 -0.012856148 0.044022523 7.625852108 0.012524765 0.999891162 0.007795183 -12.114630699 -0.044117950 -0.007235609 0.999000072 122.453529358
0.998914599 -0.013537764 0.044568829 7.830181599 0.013222814 0.999885499 0.007353919 -12.339426994 -0.044663277 -0.006756611 0.998979270 124.741119385
0.998877943 -0.014307614 0.045144442 8.015720367 0.014021893 0.999879599 0.006639381 -12.561407089 -0.045234006 -0.005998921 0.998958409 127.017654419
0.998860061 -0.016010337 0.044968184 8.206647873 0.015702955 0.999850869 0.007180510 -12.776871681 -0.045076448 -0.006466193 0.998962641 129.283752441
0.998884916 -0.017270252 0.043939464 8.394970894 0.016975526 0.999830902 0.007071891 -12.984712601 -0.044054177 -0.006318109 0.999009132 131.537399292
0.998941958 -0.017699379 0.042446081 8.591913223 0.017375415 0.999817133 0.007989161 -13.198225021 -0.042579722 -0.007243189 0.999066889 133.774032593
0.998991191 -0.018513400 0.040913407 8.775901794 0.018196352 0.999801576 0.008108118 -13.420396805 -0.041055396 -0.007355463 0.999129772 136.025543213
0.999084949 -0.019290311 0.038173646 8.986856461 0.019006930 0.999789238 0.007772462 -13.632272720 -0.038315523 -0.007039784 0.999240875 138.238296509
0.999061763 -0.020050274 0.038387198 9.160581589 0.019773275 0.999775887 0.007582065 -13.848546982 -0.038530614 -0.006815909 0.999234200 140.536193848
0.999050260 -0.020305933 0.038553663 9.326446533 0.020023104 0.999769807 0.007708074 -14.054157257 -0.038701318 -0.006928789 0.999226809 142.768814087
0.999092162 -0.020413432 0.037392180 9.519304276 0.020087305 0.999757051 0.009076819 -14.280457497 -0.037568387 -0.008317470 0.999259472 145.004943848
0.999106288 -0.019531595 0.037488192 9.691553116 0.019243877 0.999782741 0.008020337 -14.493159294 -0.037636697 -0.007291751 0.999264896 147.247955322
0.999121904 -0.018387381 0.037647936 9.866221428 0.018155186 0.999813974 0.006500352 -14.707748413 -0.037760451 -0.005811139 0.999269903 149.497604370
0.999136746 -0.016885953 0.037956301 10.040462494 0.016681507 0.999844611 0.005696636 -14.927035332 -0.038046595 -0.005058549 0.999263167 151.735717773
0.999142826 -0.016169097 0.038106076 10.222072601 0.015962852 0.999856293 0.005710429 -15.140164375 -0.038192932 -0.005097251 0.999257326 153.960113525
0.999125123 -0.015601990 0.038800519 10.405218124 0.015383039 0.999864042 0.005935170 -15.353791237 -0.038887840 -0.005333107 0.999229312 156.217926025
0.999135911 -0.013982343 0.039143275 10.577561378 0.013704730 0.999879062 0.007351599 -15.563981056 -0.039241344 -0.006808796 0.999206662 158.419509888
0.999089479 -0.013352727 0.040520627 10.755035400 0.013029911 0.999881327 0.008220352 -15.777555466 -0.040625583 -0.007684886 0.999144852 160.654067993
0.999064803 -0.012068874 0.041518077 10.926155090 0.011662991 0.999881864 0.010004443 -15.994605064 -0.041633915 -0.009510860 0.999087691 162.913589478
0.999038756 -0.011860017 0.042200401 11.108627319 0.011494658 0.999894440 0.008889901 -16.191604614 -0.042301383 -0.008396275 0.999069750 165.159942627
0.998998344 -0.011417487 0.043266695 11.299287796 0.011098738 0.999909461 0.007600181 -16.402805328 -0.043349557 -0.007112362 0.999034643 167.395782471
0.998914361 -0.009435549 0.045617796 11.478487015 0.009073042 0.999925673 0.008147148 -16.617500305 -0.045691278 -0.007724412 0.998925805 169.629257202
0.998812437 -0.008911156 0.047901344 11.668285370 0.008518720 0.999928534 0.008390565 -16.843423843 -0.047972694 -0.007972543 0.998816788 171.857208252
0.998691618 -0.008944393 0.050347924 11.867053986 0.008543671 0.999930143 0.008168632 -17.055250168 -0.050417472 -0.007727792 0.998698294 174.114852905
0.998607934 -0.008941933 0.051983025 12.068204880 0.008494022 0.999924958 0.008831020 -17.270959854 -0.052058086 -0.008377185 0.998608887 176.355712891
0.998589456 -0.009118958 0.052306421 12.280098915 0.008599159 0.999911547 0.010154029 -17.483217239 -0.052394386 -0.009689915 0.998579502 178.585128784
0.998550534 -0.011111289 0.052662484 12.479276657 0.010638987 0.999900699 0.009240318 -17.690824509 -0.052759919 -0.008666649 0.998569727 180.812179565
0.998502016 -0.012040417 0.053372368 12.675072670 0.011587962 0.999894261 0.008778674 -17.898860931 -0.053472422 -0.008147046 0.998536110 183.061248779
0.998584151 -0.013539247 0.051445488 12.906942368 0.013079036 0.999871492 0.009271804 -18.129896164 -0.051564418 -0.008585818 0.998632789 185.316589355
0.998588204 -0.015387782 0.050841596 13.115956306 0.014904853 0.999840140 0.009864288 -18.339530945 -0.050985273 -0.009092575 0.998657942 187.563079834
0.998598874 -0.016287290 0.050348785 13.321411133 0.015830420 0.999829888 0.009459609 -18.547817230 -0.050494287 -0.008649311 0.998686910 189.810302734
0.998557389 -0.018075986 0.050560948 13.519474983 0.017609909 0.999798357 0.009648425 -18.774215698 -0.050725158 -0.008744132 0.998674393 192.033111572
0.998520076 -0.019166030 0.050896201 13.706775665 0.018721914 0.999782503 0.009188435 -18.978521347 -0.051061239 -0.008221961 0.998661757 194.271377563
0.998553872 -0.019092720 0.050255805 13.939829826 0.018636767 0.999781072 0.009525662 -19.208082199 -0.050426666 -0.008575280 0.998690963 196.539215088
0.998573840 -0.017095454 0.050577264 14.147354126 0.016633961 0.999816239 0.009531405 -19.416816711 -0.050730906 -0.008676509 0.998674750 198.780334473
0.998589575 -0.014613615 0.051041037 14.344499588 0.014154566 0.999856114 0.009343713 -19.639928818 -0.051170245 -0.008608070 0.998652875 201.044174194
0.998568892 -0.014092204 0.051590778 14.552919388 0.013675481 0.999871016 0.008421556 -19.850080490 -0.051702794 -0.007703975 0.998632789 203.313064575
0.998522520 -0.014369299 0.052405715 14.745862961 0.013899944 0.999860108 0.009309657 -20.058635712 -0.052532159 -0.008567465 0.998582482 205.535903931
0.998506665 -0.015800077 0.052295376 14.974552155 0.015322328 0.999837160 0.009524010 -20.287145615 -0.052437335 -0.008708500 0.998586237 207.813049316
0.998448431 -0.015352868 0.053526077 15.177427292 0.014854177 0.999842644 0.009702187 -20.489044189 -0.053666614 -0.008892050 0.998519301 210.057586670
0.998378992 -0.015844833 0.054665986 15.397192955 0.015254945 0.999821007 0.011191268 -20.718013763 -0.054833524 -0.010339201 0.998441994 212.304595947
0.998314559 -0.014400553 0.056218911 15.628816605 0.013769736 0.999838054 0.011592059 -20.926366806 -0.056376729 -0.010798402 0.998351216 214.538986206
0.998176575 -0.012735221 0.059002563 15.852566719 0.012090448 0.999863386 0.011271986 -21.133396149 -0.059138060 -0.010538063 0.998194218 216.831985474
0.998039424 -0.012939519 0.061236069 16.076597214 0.012249133 0.999857187 0.011636217 -21.339675903 -0.061377902 -0.010863313 0.998055458 219.075164795
0.997899592 -0.014214800 0.063199490 16.304433823 0.013462908 0.999833643 0.012307128 -21.543956757 -0.063363925 -0.011430430 0.997924984 221.309280396
0.997802556 -0.015835851 0.064336449 16.536602020 0.015017806 0.999800384 0.013178880 -21.746326447 -0.064532310 -0.012183730 0.997841239 223.535385132
0.997734964 -0.017743478 0.064885162 16.783794403 0.016957629 0.999776304 0.012642093 -21.955682755 -0.065094978 -0.011513160 0.997812629 225.767807007
0.997698724 -0.018987546 0.065092199 17.019966125 0.018229300 0.999759078 0.012223101 -22.153619766 -0.065308608 -0.011008387 0.997804344 228.008956909
0.997669518 -0.019185295 0.065478332 17.255380630 0.018427890 0.999756277 0.012151787 -22.348236084 -0.065695524 -0.010916841 0.997780025 230.237121582
0.997615457 -0.020342125 0.065950401 17.498760223 0.019654337 0.999745607 0.011061031 -22.551765442 -0.066158623 -0.009738444 0.997761607 232.484115601
0.997551501 -0.021376392 0.066587441 17.735645294 0.020598285 0.999711454 0.012350304 -22.755144119 -0.066832229 -0.010948480 0.997704208 234.720687866
0.997507036 -0.020675292 0.067469969 17.991308212 0.019831682 0.999716759 0.013149519 -22.969806671 -0.067722730 -0.011778696 0.997634649 236.971328735
0.997478843 -0.020456139 0.067950986 18.229442596 0.019629888 0.999725282 0.012805131 -23.165079117 -0.068194255 -0.011438979 0.997606456 239.189331055
0.997441411 -0.020567130 0.068466216 18.470670700 0.019698909 0.999717057 0.013332205 -23.370704651 -0.068721034 -0.011949386 0.997564375 241.407501221
0.997387826 -0.021081515 0.069086723 18.713174820 0.020192320 0.999704361 0.013543921 -23.571577072 -0.069351822 -0.012113522 0.997518659 243.642944336
0.997349918 -0.021553883 0.069486812 18.958789825 0.020706570 0.999702394 0.012891213 -23.777700424 -0.069743998 -0.011418217 0.997499585 245.866088867
0.997367322 -0.021129027 0.069368355 19.214141846 0.020329261 0.999718726 0.012215193 -23.981279373 -0.069606937 -0.010772827 0.997516334 248.097625732
0.997341633 -0.021508036 0.069621138 19.467035294 0.020671103 0.999705434 0.012719530 -24.184589386 -0.069874205 -0.011246570 0.997492433 250.332046509
0.997300088 -0.022776816 0.069812186 19.718439102 0.021940291 0.999678254 0.012726068 -24.388345718 -0.070079580 -0.011160009 0.997478962 252.553695679
0.997293472 -0.023030678 0.069823742 19.981342316 0.022136943 0.999663174 0.013546840 -24.595146179 -0.070112199 -0.011964489 0.997467339 254.818847656
0.997264504 -0.023731425 0.070004128 20.217864990 0.022813309 0.999643326 0.013885747 -24.797868729 -0.070308708 -0.012250734 0.997450054 257.034790039
0.997206748 -0.024368074 0.070603564 20.470251083 0.023395229 0.999620080 0.014573402 -25.009155273 -0.070931859 -0.012880906 0.997398019 259.303253174
0.997168839 -0.023904869 0.071293935 20.721897125 0.022955427 0.999636889 0.014107237 -25.207675934 -0.071605302 -0.012430714 0.997355580 261.548156738
0.997147202 -0.023971681 0.071575105 20.981512070 0.023059025 0.999642253 0.013550264 -25.405527115 -0.071874335 -0.011861158 0.997343123 263.801574707
0.997104764 -0.023332315 0.072370842 21.236120224 0.022427639 0.999660134 0.013288137 -25.613992691 -0.072656281 -0.011626558 0.997289240 266.039184570
0.997038722 -0.022839159 0.073432103 21.492742538 0.021905569 0.999668956 0.013494120 -25.811656952 -0.073715985 -0.011845591 0.997208893 268.280517578
0.996951938 -0.022572419 0.074682675 21.757669449 0.021629261 0.999676049 0.013413779 -26.027011871 -0.074961260 -0.011757560 0.997117102 270.536468506
0.996855915 -0.023299405 0.075732782 22.029943466 0.022314515 0.999655426 0.013825246 -26.230577469 -0.076028816 -0.012091837 0.997032344 272.780548096
0.996671200 -0.024066234 0.077893250 22.274795532 0.023040755 0.999636114 0.014037315 -26.423940659 -0.078202710 -0.012195868 0.996862888 275.039459229
0.996596634 -0.024053184 0.078845143 22.557376862 0.022907877 0.999619007 0.015398630 -26.618215561 -0.079185493 -0.013540050 0.996767938 277.286956787
0.996486485 -0.022958020 0.080544740 22.822839737 0.021695407 0.999628127 0.016516313 -26.815832138 -0.080893986 -0.014710831 0.996614158 279.534240723
0.996445298 -0.022696732 0.081126921 23.117267609 0.021415377 0.999632359 0.016629934 -27.004518509 -0.081474535 -0.014833452 0.996565044 281.797088623
0.996321440 -0.022135139 0.082786702 23.380126953 0.020759104 0.999632299 0.017445549 -27.202678680 -0.083142430 -0.015662795 0.996414542 284.041778564
0.996372640 -0.020959502 0.082476094 23.683816910 0.019664889 0.999670744 0.016478023 -27.395305634 -0.082794324 -0.014796368 0.996456742 286.309387207
0.996278644 -0.020330619 0.083757304 23.951288223 0.019074654 0.999693692 0.015768390 -27.589822769 -0.084052227 -0.014112067 0.996361434 288.536712646
0.996218264 -0.020015130 0.084549010 24.215215683 0.018743511 0.999699354 0.015807206 -27.794742584 -0.084839985 -0.014162677 0.996293902 290.773773193
0.996216655 -0.020367004 0.084483586 24.498851776 0.019148981 0.999701083 0.015202643 -27.987018585 -0.084767953 -0.013527354 0.996308863 293.014556885
0.996211529 -0.020942496 0.084402949 24.775428772 0.019788163 0.999699116 0.014490002 -28.184127808 -0.084681004 -0.012764928 0.996326327 295.241149902
0.996191204 -0.020634849 0.084718220 25.052679062 0.019463947 0.999703705 0.014623958 -28.384777069 -0.084994860 -0.012919308 0.996297657 297.477386475
0.996186912 -0.019865273 0.084952757 25.331953049 0.018674128 0.999716103 0.014793118 -28.577674866 -0.085222498 -0.013150292 0.996275187 299.716125488
0.996128678 -0.019840686 0.085638992 25.592222214 0.018543720 0.999701381 0.015913721 -28.784662247 -0.085929140 -0.014264048 0.996199131 301.946014404
0.996128857 -0.020453671 0.085492186 25.877136230 0.019150363 0.999687910 0.016037259 -28.977264404 -0.085793562 -0.014337968 0.996209741 304.186309814
0.996087909 -0.019945001 0.086087219 26.160358429 0.018614363 0.999694943 0.016232049 -29.172100067 -0.086384699 -0.014566090 0.996155381 306.422241211
0.996078312 -0.020968048 0.085955516 26.441503525 0.019647948 0.999676108 0.016175367 -29.371879578 -0.086266853 -0.014423086 0.996167660 308.664672852
0.996033430 -0.021971570 0.086224474 26.725568771 0.020608021 0.999648571 0.016672457 -29.565921783 -0.086560480 -0.014829407 0.996136248 310.926025391
0.995993435 -0.021609914 0.086775638 27.006151199 0.020288834 0.999664903 0.016077407 -29.761608124 -0.087093979 -0.014252416 0.996098161 313.158142090
0.996008396 -0.021199809 0.086704537 27.295351028 0.019822812 0.999663830 0.016711831 -29.958431244 -0.087029666 -0.014926397 0.996093869 315.402435303
0.995943189 -0.019456754 0.087857231 27.578990936 0.018127687 0.999709249 0.015900223 -30.155508041 -0.088141061 -0.014243067 0.996006191 317.651794434
0.995952129 -0.017594386 0.088146761 27.861320496 0.016194645 0.999731481 0.016569788 -30.351942062 -0.088414639 -0.015075210 0.995969653 319.890625000
0.995869100 -0.016739385 0.089244366 28.138177872 0.015367189 0.999753177 0.016040795 -30.547904968 -0.089490861 -0.014603095 0.995880604 322.110870361
0.995835304 -0.015976261 0.089759633 28.421367645 0.014530454 0.999754310 0.016738020 -30.742256165 -0.090004973 -0.015364062 0.995822787 324.351928711
0.995835960 -0.015536557 0.089831226 28.714958191 0.013952886 0.999736428 0.018230643 -30.946388245 -0.090090774 -0.016901320 0.995790243 326.578948975
0.995791078 -0.015913785 0.090260178 28.994863510 0.014342824 0.999734640 0.018026803 -31.141593933 -0.090523101 -0.016656343 0.995755076 328.816223145
0.995777130 -0.017295312 0.090159595 29.291322708 0.015798269 0.999725580 0.017291691 -31.332906723 -0.090433940 -0.015794303 0.995777130 331.046936035
0.995779037 -0.016915122 0.090210482 29.577625275 0.015425467 0.999733329 0.017184868 -31.527914047 -0.090477124 -0.015720794 0.995774448 333.261016846
0.995757639 -0.016615266 0.090502568 29.865314484 0.015018707 0.999719799 0.018293653 -31.716373444 -0.090781167 -0.016856814 0.995728195 335.492279053
0.995801628 -0.016906377 0.089962341 30.168621063 0.015332493 0.999717593 0.018157309 -31.903896332 -0.090243891 -0.016701737 0.995779574 337.724975586
0.995782495 -0.016541563 0.090241298 30.451822281 0.014927265 0.999716699 0.018534372 -32.099964142 -0.090522327 -0.017109148 0.995747387 339.963836670
0.995822132 -0.016561570 0.089798994 30.752344131 0.014985359 0.999722064 0.018198594 -32.292453766 -0.090075441 -0.016776893 0.995793641 342.203613281
0.995816886 -0.016548404 0.089859597 31.039899826 0.014907246 0.999710143 0.018904153 -32.484565735 -0.090146393 -0.017485512 0.995775044 344.447814941
0.995841146 -0.016309690 0.089634866 31.329015732 0.014671216 0.999713600 0.018907987 -32.671234131 -0.089917555 -0.017514300 0.995795190 346.683502197
0.995873749 -0.015881993 0.089348435 31.618038177 0.014248337 0.999719918 0.018892374 -32.859973907 -0.089623474 -0.017541355 0.995821238 348.923706055
0.995856524 -0.015444449 0.089617059 31.903137207 0.013775187 0.999720454 0.019215319 -33.049930573 -0.089888781 -0.017901208 0.995790899 351.164947510
0.995895386 -0.015397160 0.089192271 32.192699432 0.013695768 0.999712944 0.019656274 -33.240322113 -0.089469306 -0.018354032 0.995820463 353.384063721
0.995917797 -0.014983776 0.089012466 32.479591370 0.013317795 0.999725401 0.019280812 -33.430751801 -0.089276932 -0.018016651 0.995843828 355.624359131
0.995952725 -0.015113013 0.088599078 32.771125793 0.013415358 0.999715388 0.019725341 -33.618206024 -0.088871971 -0.018456921 0.995872021 357.854309082
0.995998323 -0.014764457 0.088144153 33.061767578 0.012995531 0.999703169 0.020608800 -33.806755066 -0.088422276 -0.019380851 0.995894432 360.088287354
0.996077836 -0.015070471 0.087188244 33.360187531 0.013306040 0.999695480 0.020782935 -33.997661591 -0.087474905 -0.019541292 0.995974958 362.335327148
0.996133745 -0.014950215 0.086568475 33.653255463 0.013157566 0.999687791 0.021241611 -34.183673859 -0.086859010 -0.020020451 0.996019423 364.574279785
0.996186256 -0.014887341 0.085972913 33.941883087 0.013167399 0.999702454 0.020538220 -34.369129181 -0.086253099 -0.019327855 0.996085763 366.826232910
0.996214032 -0.015535221 0.085534938 34.224369049 0.013834105 0.999695241 0.020444980 -34.558952332 -0.085826486 -0.019184273 0.996125400 369.073852539
0.996207774 -0.015393781 0.085632972 34.497825623 0.013771536 0.999714911 0.019502778 -34.736694336 -0.085908771 -0.018249523 0.996135831 371.327117920
0.996257603 -0.015914304 0.084956013 34.787193298 0.014280089 0.999701798 0.019809199 -34.936859131 -0.085245915 -0.018521888 0.996187687 373.563110352
0.996308267 -0.015496504 0.084437259 35.074893951 0.013797057 0.999691188 0.020673295 -35.119895935 -0.084731549 -0.019431992 0.996214330 375.816894531
0.996273577 -0.015692070 0.084811263 35.346355438 0.013971468 0.999685228 0.020843077 -35.301593781 -0.085111633 -0.019580470 0.996178925 378.069244385
0.996266961 -0.016417723 0.084750511 35.627002716 0.014685701 0.999671221 0.021019904 -35.490093231 -0.085067749 -0.019696811 0.996180475 380.308746338
0.996270776 -0.016563578 0.084677294 35.913211823 0.014835403 0.999669373 0.020997653 -35.669548035 -0.084997110 -0.019663129 0.996187091 382.559967041
0.996292949 -0.015825277 0.084557369 36.199554443 0.014074606 0.999675035 0.021260124 -35.856929779 -0.084866330 -0.019991197 0.996191800 384.811126709
0.996289492 -0.014935932 0.084759027 36.474868774 0.013158026 0.999682367 0.021496035 -36.040328979 -0.085053161 -0.020301014 0.996169567 387.045898438
0.996328473 -0.013970353 0.084465362 36.767898560 0.012185211 0.999692082 0.021613358 -36.235092163 -0.084741287 -0.020504773 0.996191978 389.311340332
0.996308923 -0.012473818 0.084928945 37.042049408 0.010692709 0.999713957 0.021394471 -36.419097900 -0.085171506 -0.020407382 0.996157289 391.579956055
0.996346354 -0.011417562 0.084639385 37.327873230 0.009525878 0.999696434 0.022720225 -36.601982117 -0.084873103 -0.021830942 0.996152520 393.834320068
0.996275663 -0.010139694 0.085627355 37.598819733 0.008160938 0.999692142 0.023427436 -36.788448334 -0.085838564 -0.022641378 0.996051788 396.090820312
0.996218860 -0.009921428 0.086310752 37.878929138 0.008063350 0.999728739 0.021849833 -36.978233337 -0.086504109 -0.021071265 0.996028602 398.352142334
0.996154428 -0.009264708 0.087123267 38.163822174 0.007440629 0.999746680 0.021238262 -37.162696838 -0.087297969 -0.020508334 0.995971203 400.623840332
0.996072590 -0.010256801 0.087943241 38.433605194 0.008327815 0.999717236 0.022273373 -37.340950012 -0.088146836 -0.021453522 0.995876431 402.891387939
0.996009111 -0.011907590 0.088452339 38.720291138 0.009859101 0.999673784 0.023560133 -37.528774261 -0.088704027 -0.022594044 0.995801747 405.143402100
0.996007800 -0.012688830 0.088359945 39.012245178 0.010650849 0.999667168 0.023497958 -37.710594177 -0.088628694 -0.022463044 0.995811403 407.423583984
0.995987177 -0.012557148 0.088610038 39.310379028 0.010657820 0.999703944 0.021875367 -37.887195587 -0.088858485 -0.020843193 0.995826125 409.691894531
0.995896697 -0.010578737 0.089876965 39.606689453 0.008558948 0.999702692 0.022828622 -38.088508606 -0.090091757 -0.021965697 0.995691180 411.958953857
0.995830059 -0.009440634 0.090737253 39.892230988 0.007419829 0.999717414 0.022582527 -38.271797180 -0.090924785 -0.021815104 0.995618820 414.203796387
0.995750546 -0.008300630 0.091715977 40.189579010 0.006240868 0.999722302 0.022722108 -38.454738617 -0.091879122 -0.022053165 0.995525897 416.478759766
0.995681047 -0.008487583 0.092451140 40.487846375 0.006437785 0.999727249 0.022447400 -38.638221741 -0.092616476 -0.021755271 0.995464087 418.733856201
0.995580614 -0.008387858 0.093535587 40.779098511 0.006323787 0.999730408 0.022341833 -38.817638397 -0.093697786 -0.021651600 0.995365202 420.988616943
0.995490730 -0.008676981 0.094461247 41.070178986 0.006603457 0.999730825 0.022241535 -39.005371094 -0.094628803 -0.021517472 0.995279968 423.247192383
0.995428622 -0.009208498 0.095063694 41.374320984 0.007013191 0.999701560 0.023401357 -39.190437317 -0.095250815 -0.022627678 0.995196104 425.520843506
0.995381117 -0.008302674 0.095642254 41.674446106 0.006027562 0.999692559 0.024052111 -39.371006012 -0.095812544 -0.023364529 0.995125175 427.777770996
0.995304108 -0.007520052 0.096504122 41.981391907 0.005153814 0.999680519 0.024745429 -39.549385071 -0.096659377 -0.024131866 0.995024979 430.058593750
0.995314717 -0.007958571 0.096360303 42.288028717 0.005583995 0.999674678 0.024887327 -39.736660004 -0.096527010 -0.024232643 0.995035470 432.318969727
0.995252252 -0.008639131 0.096946307 42.596149445 0.006299498 0.999682128 0.024413478 -39.925117493 -0.097126417 -0.023686852 0.994990170 434.586425781
0.995244145 -0.007849956 0.097095296 42.908576965 0.005487010 0.999682844 0.024579484 -40.093753815 -0.097257450 -0.023929829 0.994971514 436.849670410
0.995203614 -0.008345483 0.097468473 43.220039368 0.005939473 0.999671102 0.024949115 -40.275863647 -0.097644627 -0.024250537 0.994925857 439.131744385
0.995260775 -0.008399677 0.096878640 43.539188385 0.006001074 0.999668777 0.025023703 -40.452011108 -0.097056739 -0.024323735 0.994981587 441.404815674
0.995244741 -0.008077273 0.097070515 43.861495972 0.005554640 0.999640524 0.026229829 -40.646324158 -0.097247496 -0.025565911 0.994931817 443.687469482
0.995190740 -0.008653362 0.097573318 44.170883179 0.006083190 0.999627471 0.026607735 -40.823398590 -0.097767211 -0.025886215 0.994872570 445.964630127
0.995169878 -0.008384127 0.097809359 44.477745056 0.005858516 0.999642611 0.026080474 -41.001464844 -0.097993091 -0.025381483 0.994863331 448.230468750
0.995157838 -0.007686563 0.097988591 44.785861969 0.005189976 0.999656022 0.025707826 -41.181034088 -0.098152488 -0.025074784 0.994855464 450.494110107
0.995106280 -0.007220116 0.098547205 45.093223572 0.004706709 0.999658287 0.025713285 -41.367832184 -0.098699205 -0.025123619 0.994800031 452.756683350
0.995029032 -0.006607102 0.099365145 45.398258209 0.004062713 0.999659121 0.025787044 -41.537952423 -0.099501640 -0.025255164 0.994716823 455.033782959
0.995014787 -0.007085627 0.099475212 45.704593658 0.004536998 0.999656200 0.025823629 -41.726791382 -0.099624000 -0.025243575 0.994704902 457.289062500
0.995052457 -0.006187799 0.099157996 46.033588409 0.003717276 0.999678552 0.025080426 -41.904499054 -0.099281304 -0.024587743 0.994755507 459.580261230
0.995021343 -0.005639222 0.099502549 46.344837189 0.003084366 0.999662042 0.025811467 -42.087894440 -0.099614486 -0.025376059 0.994702399 461.865814209
0.995028377 -0.004788338 0.099476509 46.659927368 0.002124116 0.999636650 0.026871091 -42.261829376 -0.099569045 -0.026526200 0.994677126 464.146545410
0.995062232 -0.005040662 0.099124931 46.967712402 0.002340150 0.999623418 0.027340945 -42.435401917 -0.099225417 -0.026973974 0.994699299 466.415802002
0.995179594 -0.005368572 0.097921282 47.290454865 0.002832413 0.999657393 0.026020639 -42.609958649 -0.098027423 -0.025617853 0.994853914 468.701019287
0.995240152 -0.005298206 0.097308174 47.612770081 0.002798916 0.999663115 0.025802838 -42.794082642 -0.097412117 -0.025407663 0.994919717 471.004119873
0.995336533 -0.005755472 0.096291631 47.926834106 0.003174817 0.999632239 0.026932195 -42.975662231 -0.096411221 -0.026500884 0.994988739 473.289886475
0.995308518 -0.005925911 0.096570380 48.224708557 0.003308777 0.999623477 0.027238436 -43.152736664 -0.096695416 -0.026791114 0.994953394 475.572692871
0.995382369 -0.005349670 0.095840022 48.531311035 0.002820632 0.999644697 0.026504189 -43.310676575 -0.095947772 -0.026111471 0.995043755 477.859710693
0.995392978 -0.005707651 0.095709078 48.836975098 0.003123117 0.999626994 0.027132165 -43.488250732 -0.095828235 -0.026708255 0.995039523 480.140502930
0.995426059 -0.006231013 0.095331371 49.147842407 0.003591652 0.999606133 0.027832747 -43.663406372 -0.095467240 -0.027363045 0.995056391 482.411346436
0.995413244 -0.006911265 0.095419072 49.444629669 0.004352902 0.999626100 0.026994033 -43.836406708 -0.095569961 -0.026454866 0.995071113 484.700195312
0.995540440 -0.008455925 0.093957327 49.759548187 0.005835045 0.999587119 0.028134173 -44.029441833 -0.094156452 -0.027460458 0.995178640 486.994720459
0.995613277 -0.008923830 0.093137495 50.067710876 0.006310013 0.999578953 0.028320927 -44.198604584 -0.093351029 -0.027608991 0.995250404 489.278045654
0.995547593 -0.009221093 0.093808122 50.323566437 0.006557663 0.999567688 0.028661065 -44.384971619 -0.094031848 -0.027918290 0.995177627 491.532867432
0.995629668 -0.009039206 0.092951812 50.639751434 0.006346409 0.999552727 0.029224731 -44.558250427 -0.093174413 -0.028507100 0.995241642 493.822631836
0.995629251 -0.008626428 0.092994824 50.928596497 0.005979404 0.999570012 0.028705349 -44.724708557 -0.093202449 -0.028023832 0.995252728 496.113616943
0.995668232 -0.008697685 0.092569292 51.241706848 0.006107883 0.999583006 0.028223529 -44.902477264 -0.092776164 -0.027535871 0.995306134 498.426818848
0.995724022 -0.008550042 0.091981210 51.544597626 0.005900503 0.999560833 0.029038705 -45.073581696 -0.092189103 -0.028371803 0.995337248 500.720977783
0.995711327 -0.008119647 0.092156976 51.838607788 0.005439196 0.999555826 0.029299702 -45.249290466 -0.092353955 -0.028672788 0.995313346 503.003814697
0.995754778 -0.007397049 0.091749467 52.142604828 0.004784100 0.999577522 0.028666483 -45.423179626 -0.091922753 -0.028105842 0.995369434 505.297729492
0.995742500 -0.007335318 0.091886424 52.436992645 0.004663744 0.999561071 0.029255791 -45.594444275 -0.092060700 -0.028702701 0.995339572 507.592651367
0.995763958 -0.007748069 0.091619067 52.738269806 0.005164342 0.999583185 0.028404297 -45.769542694 -0.091800973 -0.027810816 0.995388925 509.894592285
0.995790839 -0.008400858 0.091269255 53.043773651 0.005748193 0.999554396 0.029288268 -45.946365356 -0.091474645 -0.028640356 0.995395422 512.186950684
0.995815277 -0.008391421 0.091002740 53.347419739 0.005720838 0.999546409 0.029567428 -46.117496490 -0.091209561 -0.028923085 0.995411634 514.502014160
0.995826781 -0.007723039 0.090935789 53.644245148 0.005074399 0.999557137 0.029321741 -46.287498474 -0.091121972 -0.028737931 0.995424986 516.812744141
0.995800555 -0.006826253 0.091293946 53.931800842 0.004200757 0.999572873 0.028919999 -46.457626343 -0.091452368 -0.028415048 0.995404005 519.107238770
0.995752156 -0.004662449 0.091956139 54.223915100 0.002001002 0.999576986 0.029013557 -46.632026672 -0.092052534 -0.028706303 0.995340288 521.439025879
0.995699227 -0.002795893 0.092602670 54.528133392 0.000087573 0.999572396 0.029237820 -46.804569244 -0.092644826 -0.029103966 0.995273769 523.774963379
0.995660424 -0.002208474 0.093034029 54.835372925 -0.000618026 0.999539375 0.030341597 -46.969638824 -0.093058191 -0.030267430 0.995200515 526.095336914
0.995592177 -0.002695142 0.093749367 55.131855011 -0.000137239 0.999544084 0.030192710 -47.135963440 -0.093788013 -0.030072490 0.995137930 528.395507812
0.995534480 -0.004152116 0.094308496 55.431602478 0.001178276 0.999500930 0.031566944 -47.303485870 -0.094392516 -0.031314846 0.995042443 530.708312988
0.995483458 -0.005816185 0.094756544 55.746658325 0.002864142 0.999507189 0.031260237 -47.469913483 -0.094891682 -0.030847657 0.995009482 533.029968262
0.995469153 -0.006101053 0.094889291 56.057437897 0.003194581 0.999521971 0.030751942 -47.640434265 -0.095031530 -0.030309482 0.995012760 535.343139648
0.995397329 -0.006160006 0.095636122 56.366935730 0.003256688 0.999529958 0.030484429 -47.807022095 -0.095778935 -0.030032665 0.994949460 537.663208008
0.995318830 -0.005596804 0.096482866 56.673221588 0.002717893 0.999547839 0.029944202 -47.980949402 -0.096606843 -0.029541800 0.994884133 539.982727051
0.995236158 -0.004894594 0.097370937 56.984756470 0.002014386 0.999558151 0.029656094 -48.155197144 -0.097473055 -0.029318674 0.994806290 542.302368164
0.995124817 -0.004035689 0.098542079 57.281181335 0.001233100 0.999593377 0.028484885 -48.322868347 -0.098616987 -0.028224498 0.994725108 544.636108398
0.994994521 -0.003929722 0.099851623 57.582073212 0.001052405 0.999583125 0.028852280 -48.491607666 -0.099923372 -0.028602779 0.994583905 546.965087891
0.994898319 -0.003711727 0.100814261 57.890171051 0.000710214 0.999555767 0.029792307 -48.666282654 -0.100880019 -0.029568709 0.994459212 549.267700195
0.994846642 -0.004006044 0.101311639 58.209888458 0.000960367 0.999546647 0.030093387 -48.838195801 -0.101386234 -0.029841006 0.994399607 551.573730469
0.994922996 -0.005081345 0.100510612 58.547302246 0.002161526 0.999573052 0.029137461 -49.006874084 -0.100615777 -0.028772274 0.994509220 553.887207031
0.994939864 -0.005588556 0.100317858 58.876770020 0.002621748 0.999555945 0.029681597 -49.181953430 -0.100439206 -0.029268390 0.994512618 556.202087402
0.994880915 -0.005238548 0.100918286 59.191654205 0.002206611 0.999543607 0.030131714 -49.352714539 -0.101030082 -0.029754782 0.994438350 558.510559082
0.994877875 -0.004811514 0.100969814 59.520149231 0.001702653 0.999522448 0.030853637 -49.520275116 -0.101070046 -0.030523678 0.994410932 560.846008301
0.994865119 -0.005027278 0.101084776 59.848876953 0.001832630 0.999496639 0.031671718 -49.689277649 -0.101193123 -0.031323835 0.994373560 563.179626465
0.994848907 -0.004700498 0.101261273 60.177299500 0.001458746 0.999484777 0.032064036 -49.851848602 -0.101359837 -0.031751148 0.994342983 565.494689941
0.994823992 -0.003924323 0.101537019 60.508621216 0.000724964 0.999502599 0.031527027 -50.025398254 -0.101610236 -0.031290229 0.994332075 567.822387695
0.994831860 -0.003001730 0.101491153 60.848075867 -0.000030024 0.999554157 0.029857384 -50.187591553 -0.101535521 -0.029706134 0.994388282 570.149353027
0.994828403 -0.002612417 0.101536416 61.186233521 -0.000450607 0.999545813 0.030132115 -50.359050751 -0.101569019 -0.030022038 0.994375288 572.467956543
0.994803846 -0.002820551 0.101771347 61.505542755 -0.000345268 0.999516964 0.031076154 -50.535461426 -0.101809837 -0.030949814 0.994322300 574.845031738
0.994788229 -0.002887136 0.101921469 61.840202332 -0.000439380 0.999468386 0.032600500 -50.713001251 -0.101961412 -0.032475375 0.994258106 577.158203125
0.994656563 -0.002069757 0.103218503 62.146198273 -0.001126024 0.999521971 0.030893439 -50.879955292 -0.103233121 -0.030844588 0.994178772 579.548767090
0.994702876 -0.002660870 0.102758653 62.484481812 -0.000496886 0.999528766 0.030692015 -51.043861389 -0.102791905 -0.030580493 0.994232655 581.887329102
0.994651616 -0.003575729 0.103224464 62.814472198 0.000267312 0.999486268 0.032046754 -51.219482422 -0.103286043 -0.031847768 0.994141698 584.213989258
0.994719565 -0.003306831 0.102577299 63.150806427 0.000005597 0.999482512 0.032166492 -51.386894226 -0.102630585 -0.031996068 0.994204879 586.532836914
0.994632900 -0.005978844 0.103293285 63.482917786 0.002768666 0.999509454 0.031193743 -51.564765930 -0.103429139 -0.030740343 0.994161606 588.888366699
0.994689047 -0.006298737 0.102731921 63.827953339 0.003109382 0.999509037 0.031176059 -51.729721069 -0.102877863 -0.030691052 0.994220376 591.234680176
0.994677544 -0.007935968 0.102730788 64.154434204 0.004708647 0.999488831 0.031619798 -51.897354126 -0.102929220 -0.030967783 0.994206429 593.567321777
0.994717300 -0.008801023 0.102274120 64.499450684 0.005567648 0.999476910 0.031857375 -52.066768646 -0.102500983 -0.031119652 0.994246006 595.926086426
