1.000000000 0.000000000 0.000000000 0.000000000 0.000000000 1.000000000 0.000000000 0.000000000 0.000000000 0.000000000 1.000000000 0.000000000
0.999999881 0.000110450 0.000465373 0.088309534 -0.000110354 0.999999940 -0.000206119 -0.225241095 -0.000465395 0.000206068 0.999999881 2.296062946
0.999999166 0.000542412 0.001196667 0.165158018 -0.000542912 0.999999762 0.000417737 -0.464409947 -0.001196440 -0.000418387 0.999999225 4.587695599
0.999998569 0.000178541 0.001671117 0.263531834 -0.000179642 0.999999762 0.000658824 -0.695894361 -0.001670999 -0.000659123 0.999998391 6.879164219
0.999996245 0.000114217 0.002734879 0.354179591 -0.000111410 0.999999464 -0.001026375 -0.928231895 -0.002734995 0.001026067 0.999995708 9.172169685
0.999987245 0.001902916 0.004673022 0.447685778 -0.001904714 0.999998093 0.000380301 -1.164236307 -0.004672289 -0.000389197 0.999988973 11.474668503
0.999965012 0.003852739 0.007428410 0.534054279 -0.003863514 0.999991477 0.001436703 -1.392393708 -0.007422812 -0.001465353 0.999971390 13.782519341
0.999948144 0.003664751 0.009510059 0.644847095 -0.003702034 0.999985516 0.003905890 -1.619823217 -0.009495607 -0.003940894 0.999947190 16.055917740
0.999937773 0.003608561 0.010554554 0.748691618 -0.003658534 0.999982178 0.004719284 -1.844347358 -0.010537338 -0.004757605 0.999933183 18.389614105
0.999920011 0.002742485 0.012343429 0.855791092 -0.002803693 0.999983907 0.004944213 -2.070986509 -0.012329672 -0.004978426 0.999911547 20.682840347
0.999924898 0.000305845 0.012252564 0.983007312 -0.000343585 0.999995172 0.003078245 -2.306603670 -0.012251562 -0.003082223 0.999920130 23.007030487
0.999911606 -0.001942268 0.013156160 1.090534806 0.001927126 0.999997556 0.001163513 -2.527521610 -0.013158387 -0.001138057 0.999912798 25.288883209
0.999912441 -0.002921166 0.012916164 1.227609158 0.002916198 0.999995589 0.000403524 -2.771578550 -0.012917288 -0.000365823 0.999916434 27.607528687
0.999902189 -0.002607524 0.013741988 1.336902857 0.002615705 0.999996424 -0.000577424 -2.997391462 -0.013740432 0.000613313 0.999905407 29.894937515
0.999896467 -0.000431603 0.014383264 1.461669564 0.000408294 0.999998569 0.001623444 -3.223978043 -0.014383946 -0.001617404 0.999895215 32.180149078
0.999894440 0.001654522 0.014430881 1.592952728 -0.001710271 0.999991119 0.003851671 -3.445076227 -0.014424378 -0.003875945 0.999888420 34.458278656
0.999857724 0.003950443 0.016396521 1.699357033 -0.004082369 0.999959528 0.008020318 -3.678430796 -0.016364172 -0.008086112 0.999833524 36.769042969
0.999834359 0.005752342 0.017265152 1.815015197 -0.005884178 0.999953866 0.007594902 -3.897132635 -0.017220665 -0.007695234 0.999822080 39.041778564
0.999810040 0.005079051 0.018816106 1.921644926 -0.005195093 0.999967754 0.006123456 -4.103477955 -0.018784396 -0.006220045 0.999804139 41.331707001
0.999816537 0.002665597 0.018969683 2.046805620 -0.002767104 0.999982059 0.005326815 -4.329906464 -0.018955143 -0.005378330 0.999805868 43.608612061
0.999812782 0.002917710 0.019135429 2.179653168 -0.002994192 0.999987781 0.003969462 -4.550599098 -0.019123614 -0.004026014 0.999809027 45.845695496
0.999809444 0.002405167 0.019371318 2.304487228 -0.002464553 0.999992311 0.003042332 -4.779621124 -0.019363850 -0.003089494 0.999807715 48.118991852
0.999810755 0.000595432 0.019443495 2.440874577 -0.000666639 0.999993086 0.003655995 -5.011345387 -0.019441180 -0.003668265 0.999804258 50.395610809
0.999790609 -0.000161416 0.020461300 2.571040392 0.000076261 0.999991298 0.004162470 -5.237581730 -0.020461796 -0.004160038 0.999781966 52.663208008
0.999783099 -0.001362186 0.020777831 2.707531929 0.001282992 0.999991834 0.003824310 -5.462832928 -0.020782869 -0.003796823 0.999776840 54.949226379
0.999755919 -0.001420393 0.022044392 2.837764025 0.001328012 0.999990225 0.004204800 -5.692521572 -0.022050153 -0.004174500 0.999748170 57.252258301
0.999735773 -0.002920579 0.022799818 2.978118896 0.002812764 0.999984682 0.004759366 -5.916768074 -0.022813374 -0.004693978 0.999728739 59.523307800
0.999698341 -0.004566612 0.024131518 3.107032776 0.004466594 0.999981225 0.004196963 -6.139238358 -0.024150236 -0.004087912 0.999699950 61.789756775
0.999677896 -0.005275561 0.024825253 3.255616665 0.005179920 0.999978840 0.003915277 -6.362072468 -0.024845380 -0.003785423 0.999684155 64.041229248
0.999649704 -0.004799412 0.026025077 3.396331787 0.004684156 0.999978900 0.004487821 -6.583311558 -0.026046071 -0.004364344 0.999651134 66.304412842
0.999631286 -0.003889545 0.026870703 3.544998169 0.003759251 0.999980927 0.004897763 -6.810390472 -0.026889244 -0.004794944 0.999626935 68.560813904
0.999592721 -0.004108156 0.028240360 3.683099031 0.003983026 0.999982119 0.004485644 -7.033714771 -0.028258281 -0.004371335 0.999591112 70.816162109
0.999581277 -0.004950392 0.028507691 3.845817566 0.004863298 0.999983251 0.003123611 -7.257258415 -0.028522678 -0.002983662 0.999588609 73.072944641
0.999562979 -0.005897489 0.028966693 4.003699303 0.005798025 0.999976933 0.003516569 -7.484647274 -0.028986767 -0.003347083 0.999574125 75.355957031
0.999519110 -0.007071696 0.030191097 4.165060043 0.006982109 0.999970853 0.003071723 -7.717060566 -0.030211944 -0.002859449 0.999539375 77.622528076
0.999520183 -0.007861152 0.029959122 4.325643539 0.007773487 0.999965072 0.003041493 -7.950036526 -0.029981989 -0.002807148 0.999546409 79.883888245
0.999490201 -0.008364190 0.030813441 4.475096226 0.008295937 0.999962866 0.002342247 -8.164011002 -0.030831888 -0.002085427 0.999522388 82.139648438
0.999465883 -0.007779805 0.031737823 4.642410755 0.007709431 0.999967575 0.002339136 -8.388534546 -0.031754989 -0.002093207 0.999493480 84.414054871
0.999414682 -0.007464736 0.033385053 4.799523354 0.007372131 0.999968648 0.002896108 -8.609323502 -0.033405628 -0.002648294 0.999438345 86.666366577
0.999410450 -0.007558729 0.033490829 4.969616890 0.007421599 0.999963522 0.004216963 -8.841125488 -0.033521481 -0.003965923 0.999430060 88.951301575
0.999385834 -0.006715490 0.034391254 5.133052349 0.006554394 0.999966979 0.004794792 -9.067752838 -0.034422323 -0.004566433 0.999396920 91.205467224
0.999356270 -0.006500317 0.035281826 5.299586773 0.006330521 0.999967813 0.004922105 -9.290933609 -0.035312690 -0.004695584 0.999365270 93.443305969
0.999337733 -0.006596786 0.035785142 5.470292091 0.006453726 0.999970734 0.004111820 -9.509421349 -0.035811231 -0.003878149 0.999350965 95.672431946
0.999298811 -0.007409452 0.036701251 5.637130737 0.007243847 0.999962986 0.004643138 -9.732691765 -0.036734302 -0.004374024 0.999315500 97.916900635
0.999267995 -0.007128900 0.037585236 5.799274921 0.006978969 0.999967158 0.004118780 -9.962806702 -0.037613362 -0.003853459 0.999284863 100.168663025
0.999196053 -0.007053471 0.039465077 5.950952530 0.006850106 0.999962568 0.005285909 -10.180749893 -0.039500892 -0.005011320 0.999206960 102.397247314
0.999204278 -0.007390384 0.039196886 6.156764030 0.007197414 0.999961376 0.005061918 -10.403745651 -0.039232783 -0.004775773 0.999218702 104.669036865
0.999166131 -0.008443661 0.039945439 6.333528042 0.008216409 0.999949157 0.005849795 -10.620755196 -0.039992802 -0.005516710 0.999184668 106.905921936
0.999139905 -0.009843471 0.040278923 6.518354893 0.009613639 0.999936342 0.005895721 -10.836950302 -0.040334392 -0.005503423 0.999171078 109.163146973
0.999104321 -0.010846448 0.040901132 6.702096462 0.010577785 0.999921083 0.006779308 -11.063378334 -0.040971436 -0.006340593 0.999140203 111.423522949
0.999067307 -0.011536415 0.041610815 6.888237953 0.011324034 0.999921620 0.005336033 -11.284435272 -0.041669115 -0.004859853 0.999119580 113.692939758
0.999026716 -0.011855643 0.042486425 7.070447922 0.011677182 0.999921858 0.004446206 -11.503249168 -0.042535815 -0.003945756 0.999087095 115.946342468
0.998989761 -0.012218913 0.043245837 7.253829956 0.012023983 0.999916375 0.004764752 -11.730719566 -0.043300450 -0.004239951 0.999053121 118.196647644
0.998928249 -0.012520813 0.044559751 7.439942360 0.012281219 0.999908626 0.005646668 -11.957438469 -0.044626366 -0.005093366 0.998990774 120.471359253
0.998918474 -0.013332729 0.044545189 7.644345284 0.013073516 0.999895930 0.006105402 -12.181517601 -0.044621948 -0.005516435 0.998988688 122.681846619
0.998850107 -0.013822588 0.045905765 7.838397980 0.013572429 0.999891281 0.005756636 -12.407631874 -0.045980345 -0.005126964 0.998929143 125.004287720
0.998814046 -0.013913120 0.046657477 8.021032333 0.013688105 0.999893129 0.005138758 -12.634250641 -0.046723984 -0.004494011 0.998897731 127.265518188
0.998796642 -0.015601681 0.046495974 8.213500977 0.015363018 0.999866843 0.005485940 -12.852291107 -0.046575375 -0.004765020 0.998903394 129.526382446
0.998814821 -0.016661972 0.045734312 8.400773048 0.016418928 0.999848902 0.005684796 -13.066838264 -0.045822136 -0.004927150 0.998937428 131.774841309
0.998878837 -0.017075989 0.044154644 8.602683067 0.016794205 0.999836206 0.006744931 -13.284823418 -0.044262592 -0.005995826 0.999002039 134.008316040
0.998937905 -0.018080115 0.042380992 8.800126076 0.017812606 0.999818981 0.006681258 -13.512765884 -0.042494122 -0.005919245 0.999079168 136.250274658
0.999015749 -0.018874725 0.040140551 9.011119843 0.018647734 0.999807954 0.006021924 -13.725315094 -0.040246505 -0.005267466 0.999175847 138.471084595
0.999000669 -0.019535420 0.040199272 9.174613953 0.019304082 0.999794841 0.006134860 -13.942792892 -0.040310867 -0.005352718 0.999172866 140.755706787
0.998991311 -0.019799663 0.040304344 9.344709396 0.019569322 0.999789894 0.006101617 -14.150918007 -0.040416695 -0.005306733 0.999168813 142.989501953
0.999030888 -0.020024756 0.039193366 9.533448219 0.019739097 0.999775827 0.007661864 -14.383575439 -0.039337996 -0.006880798 0.999202192 145.237121582
0.999048412 -0.019220062 0.039149936 9.709991455 0.018983476 0.999799252 0.006405853 -14.596587181 -0.039265197 -0.005656556 0.999212801 147.488403320
0.999069393 -0.017953318 0.039218064 9.890833855 0.017772531 0.999829769 0.004953583 -14.814989090 -0.039300323 -0.004251969 0.999218404 149.735305786
0.999084115 -0.016446307 0.039502069 10.067802429 0.016294833 0.999858618 0.004153555 -15.037568092 -0.039564800 -0.003506071 0.999210775 151.981460571
0.999088049 -0.015823513 0.039657012 10.252919197 0.015668303 0.999868333 0.004221586 -15.256953239 -0.039718598 -0.003596378 0.999204457 154.223114014
0.999068797 -0.015213783 0.040375121 10.434476852 0.015042820 0.999876618 0.004534740 -15.475617409 -0.040439133 -0.003923162 0.999174297 156.475769043
0.999072552 -0.013892867 0.040756326 10.607999802 0.013660874 0.999888837 0.005965154 -15.694926262 -0.040834665 -0.005402855 0.999151289 158.717529297
0.999023080 -0.013295033 0.042146247 10.790422440 0.013030081 0.999893606 0.006554951 -15.910379410 -0.042228915 -0.005999377 0.999089956 160.955551147
0.998991489 -0.011777719 0.043330662 10.956291199 0.011410239 0.999896884 0.008718437 -16.134063721 -0.043428887 -0.008215230 0.999022663 163.243041992
0.998961270 -0.011367075 0.044126138 11.144845963 0.011037150 0.999909282 0.007713279 -16.337650299 -0.044209808 -0.007218239 0.998996198 165.506835938
0.998929262 -0.010788047 0.044988178 11.342300415 0.010517946 0.999925196 0.006236210 -16.550668716 -0.045052093 -0.005756349 0.998968065 167.757659912
0.998865843 -0.008962399 0.046762235 11.529626846 0.008661352 0.999940515 0.006636482 -16.767852783 -0.046818931 -0.006223931 0.998884082 169.990509033
0.998723447 -0.008653534 0.049765147 11.722414970 0.008346911 0.999944925 0.006365891 -16.988262177 -0.049817499 -0.005942380 0.998740673 172.286911011
0.998604059 -0.008837898 0.052073892 11.924964905 0.008530551 0.999944866 0.006121446 -17.204225540 -0.052125115 -0.005668682 0.998624384 174.556243896
0.998523176 -0.008726747 0.053621419 12.135904312 0.008382376 0.999942780 0.006643821 -17.422483444 -0.053676333 -0.006184535 0.998539150 176.814605713
0.998474181 -0.009106416 0.054462396 12.341066360 0.008697777 0.999932230 0.007735492 -17.637914658 -0.054529142 -0.007249988 0.998485804 179.033416748
0.998460710 -0.010779799 0.054408021 12.558858871 0.010410621 0.999920785 0.007064237 -17.854270935 -0.054479863 -0.006486941 0.998493910 181.297790527
0.998423457 -0.011599558 0.054919109 12.759657860 0.011234282 0.999912739 0.006955264 -18.069625854 -0.054995000 -0.006327322 0.998466611 183.540817261
0.998492301 -0.012852389 0.053366531 12.991359711 0.012498544 0.999897659 0.006958944 -18.297712326 -0.053450514 -0.006281448 0.998550653 185.765838623
0.998510480 -0.014595461 0.052570477 13.206958771 0.014202195 0.999868333 0.007846556 -18.514141083 -0.052678090 -0.007088251 0.998586357 188.010223389
0.998525679 -0.015343580 0.052066304 13.416213989 0.014985062 0.999861181 0.007269231 -18.724252701 -0.052170616 -0.006478297 0.998617172 190.253295898
0.998474658 -0.016431294 0.052709986 13.617921829 0.016068839 0.999844253 0.007292890 -18.951835632 -0.052821614 -0.006434778 0.998583198 192.488647461
0.998455286 -0.017867625 0.052609779 13.820217133 0.017547380 0.999824643 0.006542772 -19.165599823 -0.052717455 -0.005609502 0.998593688 194.726760864
0.998476803 -0.017318875 0.052383333 14.033292770 0.016991675 0.999833286 0.006685098 -19.383056641 -0.052490368 -0.005784833 0.998604774 196.969070435
0.998470008 -0.015843973 0.052977581 14.245982170 0.015511073 0.999857306 0.006689144 -19.600524902 -0.053076010 -0.005857172 0.998573303 199.200378418
0.998502314 -0.012848563 0.053179156 14.447459221 0.012526153 0.999901116 0.006391652 -19.822875977 -0.053256012 -0.005715950 0.998564661 201.468078613
0.998478174 -0.012207353 0.053778064 14.662147522 0.011930109 0.999913871 0.005473311 -20.039291382 -0.053840239 -0.004823404 0.998537898 203.736785889
0.998437464 -0.012436157 0.054478738 14.862058640 0.012125767 0.999908328 0.006024284 -20.251577377 -0.054548651 -0.005354275 0.998496711 205.957092285
0.998429596 -0.013881273 0.054275598 15.105903625 0.013556097 0.999887943 0.006354811 -20.480672836 -0.054357745 -0.005609065 0.998505771 208.222015381
0.998367429 -0.013579972 0.055480640 15.313104630 0.013235775 0.999890804 0.006566694 -20.688694000 -0.055563755 -0.005821643 0.998438179 210.465332031
0.998300910 -0.013763379 0.056620222 15.532353401 0.013333967 0.999879420 0.007954927 -20.919080734 -0.056722883 -0.007186439 0.998364091 212.714279175
0.998236299 -0.012390296 0.058060709 15.768621445 0.011934451 0.999895275 0.008191406 -21.133930206 -0.058156122 -0.007484036 0.998279452 214.946502686
0.998065293 -0.010274247 0.061318848 15.993797302 0.009771394 0.999916196 0.008494873 -21.350790024 -0.061400980 -0.007879267 0.998082101 217.250701904
0.997927606 -0.010399958 0.063500874 16.222333908 0.009850435 0.999911249 0.008960743 -21.564575195 -0.063588433 -0.008316660 0.997941554 219.494338989
0.997809172 -0.011740761 0.065107599 16.460086823 0.011156466 0.999894202 0.009330632 -21.772144318 -0.065210275 -0.008583820 0.997834623 221.728057861
0.997702956 -0.013437240 0.066396736 16.695768356 0.012800255 0.999867976 0.010009798 -21.979681015 -0.066522487 -0.009136904 0.997743189 223.964324951
0.997641742 -0.015393504 0.066887185 16.951019287 0.014793783 0.999845803 0.009452294 -22.196687698 -0.067022383 -0.008440489 0.997715712 226.201354980
0.997597098 -0.016546646 0.067277633 17.189750671 0.015967293 0.999830723 0.009140052 -22.401868820 -0.067417495 -0.008043848 0.997692406 228.456466675
0.997558057 -0.016547229 0.067853190 17.433818817 0.015945420 0.999828637 0.009401288 -22.613029480 -0.067997113 -0.008296381 0.997651041 230.698364258
0.997509718 -0.017680457 0.068276964 17.681413651 0.017147880 0.999817848 0.008378467 -22.823667526 -0.068412684 -0.007186798 0.997631252 232.947174072
0.997460902 -0.018644800 0.068732761 17.922698975 0.018042512 0.999793231 0.009373219 -23.029804230 -0.068893313 -0.008109308 0.997591078 235.185470581
0.997488737 -0.017899372 0.068525501 18.209815979 0.017279975 0.999804497 0.009621006 -23.245176315 -0.068684287 -0.008412729 0.997602940 237.469924927
0.997456193 -0.017908359 0.068995930 18.450519562 0.017299578 0.999806166 0.009410836 -23.447990417 -0.069151074 -0.008193296 0.997572482 239.697494507
0.997424603 -0.018067075 0.069410130 18.697340012 0.017424716 0.999799669 0.009848917 -23.659906387 -0.069574170 -0.008614100 0.997539580 241.928009033
0.997370481 -0.018397072 0.070099495 18.937847137 0.017746512 0.999793589 0.009892149 -23.865247726 -0.070267007 -0.008622114 0.997490942 244.168014526
0.997334659 -0.018620526 0.070546962 19.185552597 0.018007549 0.999794483 0.009315045 -24.082248688 -0.070705913 -0.008019839 0.997464955 246.397735596
0.997351348 -0.018329171 0.070387356 19.445545197 0.017768813 0.999805331 0.008579021 -24.295652390 -0.070530899 -0.007305600 0.997482836 248.635223389
0.997326314 -0.018665761 0.070653059 19.698314667 0.018067736 0.999795437 0.009093871 -24.507738113 -0.070808351 -0.007793015 0.997459471 250.877426147
0.997291744 -0.019965470 0.070785195 19.950336456 0.019366046 0.999770641 0.009144459 -24.721969604 -0.070951536 -0.007748865 0.997449636 253.106597900
0.997271955 -0.019941406 0.071070671 20.203578949 0.019290175 0.999765515 0.009837884 -24.933023453 -0.071250185 -0.008440080 0.997422755 255.353637695
0.997225046 -0.020705845 0.071508400 20.443073273 0.020031761 0.999747992 0.010131010 -25.144578934 -0.071700156 -0.008670456 0.997388542 257.573852539
0.997218847 -0.021180553 0.071455985 20.714004517 0.020444632 0.999730229 0.011014768 -25.370765686 -0.071670018 -0.009523243 0.997382879 259.839904785
0.997180343 -0.020732477 0.072120838 20.967613220 0.020019261 0.999743402 0.010598070 -25.578336716 -0.072322063 -0.009124382 0.997339547 262.083404541
0.997153878 -0.020740965 0.072483942 21.226905823 0.020065639 0.999748349 0.010032785 -25.784696579 -0.072673783 -0.008549792 0.997319102 264.340606689
0.997116923 -0.020142766 0.073158398 21.484712601 0.019471455 0.999761641 0.009877820 -26.001379013 -0.073339932 -0.008424840 0.997271359 266.576843262
0.997049928 -0.019505644 0.074235953 21.742202759 0.018824019 0.999774098 0.009870593 -26.204681396 -0.074411690 -0.008444054 0.997191906 268.826202393
0.996946096 -0.018988933 0.075748965 22.001144409 0.018322745 0.999787152 0.009480032 -26.424566269 -0.075912856 -0.008063151 0.997081876 271.076477051
0.996860921 -0.019906526 0.076629460 22.270938873 0.019183647 0.999764323 0.010158040 -26.639945984 -0.076813608 -0.008656119 0.997007966 273.320526123
0.996666193 -0.020276578 0.079027712 22.524026871 0.019495882 0.999753356 0.010637911 -26.843780518 -0.079223938 -0.009061730 0.996815681 275.572906494
0.996541560 -0.020363657 0.080562033 22.796976089 0.019451037 0.999737561 0.012096917 -27.046041489 -0.080787227 -0.010488064 0.996676207 277.812835693
0.996475577 -0.019944035 0.081477650 23.083322525 0.018931272 0.999733806 0.013183656 -27.259849548 -0.081718907 -0.011594715 0.996587992 280.069519043
0.996393085 -0.019664448 0.082547463 23.367370605 0.018546224 0.999725759 0.014291504 -27.466611862 -0.082805894 -0.012709012 0.996484697 282.305175781
0.996349812 -0.018763224 0.083276622 23.653190613 0.017645983 0.999744415 0.014131893 -27.662406921 -0.083520494 -0.012610814 0.996426284 284.571044922
0.996241093 -0.017638955 0.084808961 23.920940399 0.016550219 0.999771535 0.013523563 -27.857852936 -0.085028127 -0.012069121 0.996305525 286.801757812
0.996199906 -0.016599897 0.085499182 24.199840546 0.015592439 0.999801099 0.012437615 -28.054563522 -0.085688651 -0.011057211 0.996260583 289.049591064
0.996141553 -0.017444005 0.086010784 24.475141525 0.016406002 0.999783993 0.012760486 -28.262409210 -0.086214796 -0.011300156 0.996212482 291.276214600
0.996054828 -0.017285287 0.087040290 24.737380981 0.016358506 0.999801755 0.011349838 -28.458038330 -0.087219223 -0.009881211 0.996140122 293.563568115
0.996079504 -0.017843487 0.086643882 25.024492264 0.016999083 0.999800563 0.010473835 -28.660112381 -0.086813487 -0.008959906 0.996184230 295.791839600
0.996065676 -0.017775869 0.086815983 25.307321548 0.016939430 0.999802828 0.010361863 -28.866865158 -0.086983047 -0.008850484 0.996170461 298.035095215
0.996062815 -0.017145908 0.086976051 25.589830399 0.016304588 0.999813318 0.010374226 -29.068861008 -0.087137692 -0.008915272 0.996156394 300.273681641
0.996009886 -0.016986832 0.087611496 25.859136581 0.016052090 0.999806583 0.011362653 -29.282489777 -0.087787569 -0.009910967 0.996089935 302.522918701
0.996015608 -0.017400973 0.087464072 26.147375107 0.016450338 0.999797642 0.011577978 -29.487758636 -0.087647833 -0.010093033 0.996100366 304.765930176
0.995982468 -0.016831320 0.087953664 26.434633255 0.015849927 0.999804139 0.011844646 -29.694717407 -0.088135824 -0.010403000 0.996054113 307.019104004
0.995988846 -0.017962886 0.087654889 26.724241257 0.016974254 0.999783754 0.012011059 -29.908960342 -0.087851703 -0.010475006 0.996078432 309.271820068
0.995940387 -0.018951619 0.087997884 27.009130478 0.017926477 0.999762118 0.012425391 -30.111349106 -0.088212416 -0.010797457 0.996043146 311.527526855
0.995902896 -0.018632652 0.088488296 27.294626236 0.017661680 0.999775052 0.011743299 -30.317289352 -0.088687211 -0.010132331 0.996007979 313.765319824
0.995921075 -0.018369198 0.088340506 27.589624405 0.017336214 0.999772251 0.012446276 -30.525236130 -0.088548996 -0.010864018 0.996012509 316.014312744
0.995869219 -0.016831901 0.089225546 27.875942230 0.015864311 0.999807537 0.011542513 -30.730354309 -0.089402668 -0.010079332 0.995944560 318.258056641
0.995869637 -0.015229784 0.089508109 28.161296844 0.014200998 0.999825716 0.012119417 -30.934682846 -0.089677081 -0.010798257 0.995912313 320.505859375
0.995801985 -0.013995497 0.090457506 28.441797256 0.012965961 0.999844372 0.011959113 -31.141376495 -0.090610810 -0.010736038 0.995828450 322.738800049
0.995752513 -0.013000843 0.091148995 28.723093033 0.011905116 0.999850273 0.012554741 -31.342498779 -0.091298558 -0.011416272 0.995758057 324.976501465
0.995755196 -0.012753713 0.091153324 29.021495819 0.011530860 0.999836445 0.013929415 -31.554946899 -0.091316067 -0.012819207 0.995739460 327.205444336
0.995729744 -0.013304609 0.091353744 29.307712555 0.012091536 0.999831259 0.013819540 -31.762847900 -0.091522232 -0.012655917 0.995722592 329.451110840
0.995750725 -0.014955698 0.090867274 29.611371994 0.013825033 0.999819100 0.013059791 -31.962841034 -0.091046154 -0.011748054 0.995777369 331.685699463
0.995734632 -0.014779111 0.091072023 29.898782730 0.013674884 0.999825358 0.012736899 -32.165348053 -0.091244340 -0.011437172 0.995762825 333.903930664
0.995700896 -0.015176222 0.091376193 30.187341690 0.013943639 0.999803126 0.014112493 -32.367282867 -0.091572389 -0.012777702 0.995716572 336.131225586
0.995772660 -0.016008615 0.090446606 30.496355057 0.014784872 0.999790072 0.014183881 -32.566593170 -0.090654694 -0.012786679 0.995800316 338.364318848
0.995771289 -0.015968546 0.090467922 30.781663895 0.014711579 0.999786019 0.014543921 -32.772148132 -0.090680800 -0.013151496 0.995793164 340.606689453
0.995816946 -0.016177030 0.089927234 31.081346512 0.014955316 0.999786735 0.014242881 -32.975158691 -0.090138473 -0.012838411 0.995846450 342.850646973
0.995830894 -0.016429318 0.089726716 31.371198654 0.015163281 0.999775827 0.014773423 -33.174369812 -0.089949325 -0.013351280 0.995856822 345.091766357
0.995868087 -0.016184803 0.089357957 31.660766602 0.014917077 0.999778748 0.014836723 -33.370136261 -0.089578316 -0.013442460 0.995889008 347.327606201
0.995928705 -0.016164169 0.088682659 31.953491211 0.014912953 0.999779940 0.014753420 -33.568428040 -0.088901632 -0.013370835 0.995950639 349.570434570
0.995934427 -0.015537374 0.088730171 32.236438751 0.014245209 0.999783337 0.015177596 -33.769355774 -0.088946775 -0.013851912 0.995940030 351.809631348
0.995976627 -0.015806882 0.088208191 32.522758484 0.014502096 0.999776006 0.015413467 -33.963752747 -0.088432088 -0.014072249 0.995982826 354.037933350
0.995999753 -0.015689217 0.087967843 32.805789948 0.014427242 0.999784052 0.014963375 -34.162185669 -0.088183597 -0.013634386 0.996010900 356.276214600
0.996052623 -0.015759254 0.087354511 33.094665527 0.014475609 0.999778032 0.015308755 -34.357780457 -0.087576397 -0.013983817 0.996059597 358.512481689
0.996109307 -0.015295959 0.086788774 33.386169434 0.013944079 0.999772251 0.016161608 -34.557922363 -0.087016217 -0.014888541 0.996095598 360.754486084
0.996159494 -0.015639249 0.086149037 33.675266266 0.014303530 0.999768019 0.016100284 -34.755912781 -0.086380847 -0.014806218 0.996152163 362.993530273
0.996199667 -0.015743967 0.085663527 33.963027954 0.014373549 0.999759018 0.016591050 -34.951049805 -0.085904077 -0.015296710 0.996185958 365.228454590
0.996253848 -0.015775595 0.085025862 34.251117706 0.014469557 0.999768019 0.015954953 -35.149311066 -0.085257851 -0.014664900 0.996250987 367.491271973
0.996259928 -0.016380871 0.084841698 34.529499054 0.015082093 0.999759436 0.015926676 -35.348972321 -0.085082173 -0.014587516 0.996267140 369.743103027
0.996252358 -0.016317697 0.084940478 34.805805206 0.015105478 0.999775052 0.014894610 -35.539855957 -0.085164405 -0.013555725 0.996274710 372.009124756
0.996322036 -0.016139820 0.084153712 35.091098785 0.014926462 0.999775648 0.015027693 -35.742149353 -0.084377386 -0.013716307 0.996339381 374.245086670
0.996408224 -0.016134918 0.083128124 35.380123138 0.014900323 0.999769568 0.015450806 -35.935688019 -0.083358288 -0.014156675 0.996419072 376.490234375
0.996325493 -0.015664391 0.084202036 35.644775391 0.014366533 0.999768734 0.015997509 -36.132907867 -0.084433168 -0.014729036 0.996320188 378.730499268
0.996323347 -0.016346436 0.084098652 35.924770355 0.015023274 0.999753535 0.016342308 -36.334075928 -0.084345080 -0.015018785 0.996323347 380.970581055
0.996338308 -0.016222974 0.083944134 36.209331512 0.014895852 0.999754369 0.016411873 -36.525108337 -0.084189758 -0.015101359 0.996335328 383.227844238
0.996345818 -0.015477181 0.083996750 36.492870331 0.014110589 0.999758661 0.016838985 -36.725574493 -0.084237121 -0.015592210 0.996323764 385.481689453
0.996357441 -0.014192317 0.084085763 36.771881104 0.012827015 0.999777257 0.016755102 -36.913330078 -0.084304832 -0.015615501 0.996317625 387.737915039
0.996382296 -0.013120100 0.083965711 37.061344147 0.011761670 0.999792159 0.016652683 -37.115272522 -0.084166735 -0.015604859 0.996329606 390.010925293
0.996371090 -0.011667672 0.084311008 37.339065552 0.010295819 0.999807715 0.016687857 -37.316082001 -0.084489509 -0.015759250 0.996299744 392.295135498
0.996393442 -0.010281187 0.084227428 37.622711182 0.008784856 0.999797285 0.018116774 -37.512420654 -0.084396608 -0.017311506 0.996281862 394.558502197
0.996324658 -0.009044164 0.085178785 37.891906738 0.007500511 0.999802232 0.018425142 -37.706489563 -0.085328564 -0.017718542 0.996195316 396.822601318
0.996278405 -0.008845997 0.085738495 38.175186157 0.007419584 0.999829054 0.016941175 -37.907817841 -0.085873693 -0.016241984 0.996173620 399.091430664
0.996216297 -0.008680394 0.086474165 38.451393127 0.007282367 0.999837875 0.016469365 -38.105350494 -0.086603083 -0.015777308 0.996117949 401.357360840
0.996086240 -0.009656357 0.087858059 38.724124908 0.008177242 0.999819100 0.017179640 -38.294105530 -0.088008039 -0.016393963 0.995984793 403.603912354
0.996106327 -0.011233754 0.087440997 39.016151428 0.009633014 0.999778628 0.018707003 -38.498031616 -0.087631784 -0.017791849 0.995994031 405.893371582
0.996053338 -0.011731774 0.087977834 39.297859192 0.010138067 0.999776721 0.018539881 -38.689517975 -0.088175692 -0.017574787 0.995949864 408.145721436
0.996002018 -0.010395303 0.088723809 39.599189758 0.008877018 0.999807656 0.017489968 -38.874465942 -0.088888563 -0.016632434 0.995902658 410.407409668
0.995948851 -0.009641496 0.089403145 39.889633179 0.008086525 0.999809980 0.017738730 -39.071693420 -0.089557186 -0.016943909 0.995837569 412.664794922
0.995899439 -0.008484840 0.090068080 40.177906036 0.006955942 0.999826550 0.017275292 -39.265598297 -0.090199046 -0.016577948 0.995785713 414.914916992
0.995794475 -0.007155748 0.091335431 40.470706940 0.005602395 0.999835432 0.017252179 -39.457477570 -0.091443859 -0.016667927 0.995670676 417.187561035
0.995771766 -0.007574460 0.091548458 40.774940491 0.006024137 0.999834061 0.017198931 -39.655288696 -0.091663532 -0.016574712 0.995652080 419.443969727
0.995663464 -0.007363573 0.092736676 41.063365936 0.005798592 0.999836504 0.017133672 -39.846477509 -0.092847660 -0.016521633 0.995543182 421.699462891
0.995585263 -0.007216470 0.093583517 41.353794098 0.005671765 0.999843419 0.016761666 -40.041515350 -0.093689822 -0.016156884 0.995470345 423.959869385
0.995519280 -0.007632770 0.094250135 41.655242920 0.005960552 0.999819994 0.018011149 -40.238868713 -0.094370656 -0.017368658 0.995385528 426.232421875
0.995461285 -0.006764587 0.094927736 41.951370239 0.005025269 0.999815285 0.018549651 -40.429801941 -0.095035702 -0.017988427 0.995311260 428.487213135
0.995394230 -0.006058665 0.095673256 42.256835938 0.004234991 0.999805629 0.019253055 -40.621593475 -0.095771290 -0.018759208 0.995226562 430.763397217
0.995386422 -0.006510887 0.095725790 42.561840057 0.004675175 0.999801099 0.019388564 -40.816417694 -0.095832981 -0.018851580 0.995218813 433.041381836
0.995353639 -0.007139937 0.096021734 42.871952057 0.005359807 0.999809146 0.018783994 -41.016571045 -0.096137524 -0.018182056 0.995202005 435.309356689
0.995360374 -0.006334492 0.096008152 43.185230255 0.004544104 0.999812007 0.018855458 -41.196334839 -0.096109524 -0.018331705 0.995201886 437.575408936
0.995311677 -0.006747627 0.096484058 43.492229462 0.004904875 0.999801278 0.019323478 -41.393318176 -0.096595280 -0.018759644 0.995146930 439.858917236
0.995351315 -0.006798486 0.096070454 43.806713104 0.004955583 0.999799371 0.019408429 -41.582298279 -0.096183121 -0.018842122 0.995185256 442.133026123
0.995366991 -0.006458170 0.095931642 44.137588501 0.004510095 0.999779463 0.020509876 -41.790359497 -0.096042931 -0.019982191 0.995176554 444.436492920
0.995322943 -0.006802262 0.096363008 44.446163177 0.004849589 0.999778450 0.020483449 -41.976055145 -0.096480995 -0.019920327 0.995135486 446.715484619
0.995300829 -0.006499029 0.096611939 44.750041962 0.004587160 0.999789417 0.019998103 -42.168262482 -0.096721575 -0.019460957 0.995121181 448.983306885
0.995327413 -0.005948910 0.096373223 45.062114716 0.004062795 0.999796569 0.019755362 -42.363571167 -0.096471138 -0.019271510 0.995149195 451.249328613
0.995256722 -0.005233986 0.097141877 45.362438202 0.003344577 0.999802232 0.019602632 -42.562259674 -0.097225279 -0.019184763 0.995077491 453.513183594
0.995164812 -0.004416645 0.098119810 45.663883209 0.002510800 0.999805927 0.019538632 -42.743900299 -0.098187074 -0.019197801 0.994982719 455.793487549
0.995152533 -0.004520842 0.098239675 45.968540192 0.002636942 0.999810278 0.019297957 -42.942672729 -0.098308288 -0.018945357 0.994975567 458.055175781
0.995179236 -0.003656492 0.098004624 46.290950775 0.001831265 0.999823332 0.018707363 -43.138103485 -0.098055713 -0.018437708 0.995010138 460.341735840
0.995175779 -0.002496998 0.098076180 46.604999542 0.000621154 0.999816298 0.019152272 -43.330478668 -0.098105997 -0.018998956 0.994994521 462.626953125
0.995183051 -0.002237373 0.098008320 46.912982941 0.000239398 0.999792039 0.020392781 -43.521148682 -0.098033562 -0.020271091 0.994976580 464.898986816
0.995224893 -0.002323712 0.097580761 47.217262268 0.000327311 0.999790430 0.020469993 -43.705513000 -0.097607858 -0.020340303 0.995017171 467.165588379
0.995338976 -0.002361336 0.096409060 47.535583496 0.000504317 0.999813914 0.019281698 -43.895416260 -0.096436657 -0.019143203 0.995155036 469.447113037
0.995405734 -0.002160635 0.095722027 47.853134155 0.000318606 0.999814570 0.019254623 -44.095592499 -0.095745876 -0.019135661 0.995221853 471.742645264
0.995501757 -0.002688487 0.094704494 48.163208008 0.000770161 0.999793887 0.020286635 -44.294040680 -0.094739519 -0.020122448 0.995298624 474.023742676
0.995494545 -0.002776516 0.094778828 48.459285736 0.000820483 0.999785960 0.020670604 -44.488258362 -0.094815932 -0.020499708 0.995283663 476.302764893
0.995548189 -0.002514625 0.094219662 48.761943817 0.000611345 0.999795318 0.020223882 -44.668613434 -0.094251223 -0.020076251 0.995346010 478.595214844
0.995579839 -0.002442837 0.093886010 49.066753387 0.000485722 0.999782205 0.020862842 -44.858470917 -0.093916520 -0.020725029 0.995364308 480.879547119
0.995614707 -0.003152315 0.093495443 49.372806549 0.001161343 0.999771595 0.021341626 -45.049434662 -0.093541361 -0.021139456 0.995390952 483.154174805
0.995619178 -0.003291525 0.093442865 49.669555664 0.001368491 0.999786139 0.020636400 -45.236705780 -0.093490809 -0.020418124 0.995410740 485.435333252
0.995668411 -0.003708262 0.092901647 49.970764160 0.001743224 0.999773264 0.021224037 -45.433872223 -0.092959285 -0.020970155 0.995449007 487.721649170
0.995729029 -0.003608932 0.092252605 50.268199921 0.001640642 0.999769568 0.021402813 -45.616889954 -0.092308588 -0.021160049 0.995505571 489.980468750
0.995745540 -0.003296463 0.092086025 50.566864014 0.001301601 0.999763370 0.021714691 -45.800071716 -0.092135802 -0.021502446 0.995514393 492.284667969
0.995803356 -0.002902983 0.091472745 50.871425629 0.000883311 0.999755085 0.022112239 -45.986724854 -0.091514535 -0.021938646 0.995562017 494.572357178
0.995789587 -0.002440188 0.091635972 51.159263611 0.000455403 0.999764979 0.021674115 -46.171791077 -0.091667324 -0.021541128 0.995556653 496.879058838
0.995804787 -0.002468803 0.091469556 51.466011047 0.000511284 0.999770582 0.021418039 -46.370265961 -0.091501445 -0.021281414 0.995577514 499.199645996
0.995850861 -0.002405112 0.090968661 51.763156891 0.000395917 0.999755740 0.022098266 -46.556709290 -0.090999588 -0.021970561 0.995608568 501.493377686
0.995873690 -0.001943580 0.090729646 52.057113647 -0.000080171 0.999751389 0.022296326 -46.747489929 -0.090750411 -0.022211595 0.995625913 503.772979736
0.995877326 -0.001051851 0.090703316 52.349617004 -0.000911939 0.999766052 0.021606533 -46.935306549 -0.090704829 -0.021600176 0.995643556 506.056121826
0.995891392 -0.000916612 0.090550072 52.640548706 -0.001098724 0.999752820 0.022204235 -47.123680115 -0.090548046 -0.022212498 0.995644271 508.343811035
0.995928586 -0.001263620 0.090136893 52.938716888 -0.000645159 0.999776185 0.021144180 -47.311920166 -0.090143442 -0.021116247 0.995704889 510.640380859
0.995964468 -0.001920145 0.089727804 53.243713379 -0.000058341 0.999756992 0.022042047 -47.506721497 -0.089748316 -0.021958329 0.995722413 512.939453125
0.995978594 -0.001646564 0.089575820 53.540428162 -0.000326335 0.999757767 0.022005806 -47.690074921 -0.089590348 -0.021946540 0.995736897 515.254089355
0.996011794 -0.001123872 0.089214869 53.837776184 -0.000830544 0.999760509 0.021866700 -47.880477905 -0.089218102 -0.021853589 0.995772362 517.561950684
0.995974660 -0.000237154 0.089635454 54.122177124 -0.001702082 0.999766231 0.021557644 -48.071063995 -0.089619614 -0.021623433 0.995741367 519.861267090
0.995930672 0.001652042 0.090106897 54.416591644 -0.003618449 0.999758780 0.021664057 -48.259376526 -0.090049364 -0.021901943 0.995696425 522.206542969
0.995769978 0.003949936 0.091796346 54.695667267 -0.005992371 0.999740362 0.021984683 -48.448783875 -0.091685683 -0.022441765 0.995535076 524.531860352
0.995813489 0.005115635 0.091265127 55.012546539 -0.007230345 0.999712646 0.022855492 -48.631469727 -0.091121994 -0.023419686 0.995564342 526.863891602
0.995733798 0.004923696 0.092140980 55.298995972 -0.007053640 0.999714971 0.022804787 -48.818881989 -0.092002444 -0.023357430 0.995484710 529.169189453
0.995690823 0.002918634 0.092689052 55.592498779 -0.005196188 0.999690235 0.024340170 -49.004528046 -0.092589281 -0.024716914 0.995397568 531.479370117
0.995654821 0.001461702 0.093110658 55.902118683 -0.003698134 0.999708652 0.023851054 -49.186462402 -0.093048669 -0.024091749 0.995370030 533.803527832
0.995625317 0.001483878 0.093423992 56.206943512 -0.003670793 0.999723077 0.023241008 -49.369724274 -0.093363643 -0.023482271 0.995355129 536.118225098
0.995532393 0.001300996 0.094411895 56.507076263 -0.003471927 0.999733210 0.022833634 -49.554767609 -0.094357006 -0.023059417 0.995271325 538.434631348
0.995457828 0.001806419 0.095186479 56.808074951 -0.003947014 0.999743402 0.022304956 -49.746246338 -0.095121764 -0.022579346 0.995209515 540.749816895
0.995385230 0.002471485 0.095927753 57.113601685 -0.004601379 0.999747634 0.021988247 -49.937755585 -0.095849201 -0.022328176 0.995145380 543.069396973
0.995320439 0.002895365 0.096584931 57.429035187 -0.004946374 0.999767125 0.021002620 -50.125820160 -0.096501626 -0.021382084 0.995103061 545.393066406
0.995221019 0.002770385 0.097608149 57.725238800 -0.004886625 0.999758005 0.021448607 -50.315891266 -0.097525097 -0.021823078 0.994993746 547.709472656
0.995153725 0.003012416 0.098284930 58.038330078 -0.005194518 0.999745548 0.021953458 -50.503589630 -0.098193787 -0.022357607 0.994916081 550.022705078
0.995109320 0.003110326 0.098730326 58.347114563 -0.005352165 0.999733627 0.022449953 -50.702957153 -0.098634198 -0.022868581 0.994860947 552.356323242
0.995159805 0.001583622 0.098256841 58.672458649 -0.003723175 0.999759853 0.021595575 -50.888847351 -0.098199047 -0.021856880 0.994926751 554.667053223
0.995163918 0.001596406 0.098216683 58.990463257 -0.003774341 0.999750912 0.021992994 -51.079658508 -0.098157115 -0.022257334 0.994921982 556.980346680
0.995111465 0.001919770 0.098739751 59.303070068 -0.004146320 0.999741554 0.022349421 -51.267944336 -0.098671339 -0.022649571 0.994862258 559.289855957
0.995095670 0.002503658 0.098884702 59.621356964 -0.004830268 0.999716878 0.023296125 -51.456336975 -0.098798379 -0.023659512 0.994826198 561.624389648
0.995088100 0.002329605 0.098965742 59.945411682 -0.004729739 0.999700129 0.024024481 -51.644622803 -0.098880112 -0.024374554 0.994800746 563.953552246
0.995041847 0.002827508 0.099417016 60.263492584 -0.005286139 0.999686539 0.024475776 -51.827213287 -0.099316642 -0.024879955 0.994744897 566.276672363
0.995006263 0.003934407 0.099734128 60.586631775 -0.006355252 0.999692678 0.023966916 -52.018241882 -0.099609174 -0.024481069 0.994725406 568.599853516
0.995010734 0.005274722 0.099628657 60.921276093 -0.007547501 0.999719441 0.022449385 -52.199893951 -0.099482313 -0.023089323 0.994771421 570.922668457
0.995026946 0.005672199 0.099444501 61.260295868 -0.007969722 0.999710083 0.022721561 -52.390377045 -0.099286787 -0.023401108 0.994783640 573.242553711
0.994982839 0.005405358 0.099899903 61.570144653 -0.007799104 0.999691486 0.023586467 -52.582183838 -0.099741586 -0.024247264 0.994717836 575.619812012
0.994952857 0.005190113 0.100209139 61.891250610 -0.007707708 0.999663830 0.024752604 -52.774044037 -0.100046992 -0.025400056 0.994658470 577.940490723
0.994870722 0.006013467 0.100975893 62.209232330 -0.008401333 0.999694645 0.023239305 -52.961845398 -0.100805327 -0.023968436 0.994617403 580.321350098
0.994913876 0.005321607 0.100589544 62.539470673 -0.007660548 0.999708891 0.022880379 -53.143096924 -0.100438498 -0.023534575 0.994664907 582.659057617
0.994898081 0.005010092 0.100760862 62.865337372 -0.007514496 0.999671817 0.024490753 -53.339683533 -0.100605085 -0.025122968 0.994609118 584.979248047
0.994967401 0.005251252 0.100062996 63.194526672 -0.007750235 0.999667346 0.024601748 -53.524192810 -0.099900529 -0.025253447 0.994676888 587.295837402
0.994929910 0.002908433 0.100528479 63.530982971 -0.005272272 0.999715626 0.023256449 -53.713813782 -0.100432254 -0.023668548 0.994662285 589.663024902
0.994963646 0.002352708 0.100208893 63.865474701 -0.004709821 0.999717593 0.023291914 -53.899604797 -0.100125805 -0.023646573 0.994693696 592.015563965
0.994967699 0.000825362 0.100192718 64.186149597 -0.003200030 0.999717712 0.023542600 -54.085231781 -0.100145005 -0.023744747 0.994689465 594.352661133
0.994975030 0.000548912 0.100121297 64.518989563 -0.002929236 0.999716520 0.023628945 -54.274406433 -0.100079924 -0.023803489 0.994694650 596.712646484
