1.000000000 0.000000000 0.000000000 0.000000000 0.000000000 1.000000000 0.000000000 0.000000000 0.000000000 0.000000000 1.000000000 0.000000000
0.999999940 0.000033059 0.000374489 0.087472044 -0.000033036 1.000000000 -0.000063223 -0.229027510 -0.000374491 0.000063210 0.999999940 2.285636187
0.999999285 0.000363860 0.001137885 0.165550828 -0.000364385 0.999999762 0.000460563 -0.465703696 -0.001137718 -0.000460977 0.999999166 4.578769207
0.999998629 -0.000062928 0.001639501 0.263505787 0.000062054 0.999999881 0.000533351 -0.695643306 -0.001639534 -0.000533248 0.999998510 6.864642143
0.999996483 -0.000271168 0.002628971 0.354876220 0.000274423 0.999999225 -0.001237888 -0.927544415 -0.002628634 0.001238605 0.999995768 9.156532288
0.999987304 0.001561241 0.004774102 0.446093410 -0.001562393 0.999998748 0.000237681 -1.164446354 -0.004773724 -0.000245137 0.999988556 11.461215973
0.999970615 0.003290589 0.006918852 0.545209467 -0.003299186 0.999993801 0.001231635 -1.392577887 -0.006914756 -0.001254426 0.999975324 13.739443779
0.999951541 0.003133044 0.009336009 0.650601983 -0.003168285 0.999987960 0.003762355 -1.621165514 -0.009324109 -0.003791751 0.999949396 16.012060165
0.999946475 0.003223611 0.009832905 0.758833885 -0.003274487 0.999981284 0.005162446 -1.852961898 -0.009816078 -0.005194367 0.999938309 18.305721283
0.999928832 0.002350348 0.011692300 0.864743471 -0.002411515 0.999983430 0.005219965 -2.075562477 -0.011679838 -0.005247789 0.999917984 20.593969345
0.999928176 -0.000079153 0.011985512 0.982932389 0.000044348 0.999995887 0.002904110 -2.304058552 -0.011985694 -0.002903370 0.999923944 22.898817062
0.999910593 -0.002299395 0.013173594 1.085749149 0.002290611 0.999997079 0.000681842 -2.522176504 -0.013175125 -0.000651605 0.999912918 25.178207397
0.999914050 -0.003777222 0.012553614 1.223260641 0.003774696 0.999992847 0.000224843 -2.771592855 -0.012554374 -0.000177438 0.999921203 27.466308594
0.999895275 -0.003386599 0.014067210 1.323524594 0.003400696 0.999993742 -0.000978329 -2.994080305 -0.014063810 0.001026065 0.999900579 29.750785828
0.999895036 -0.001150473 0.014437642 1.452028751 0.001127381 0.999998093 0.001607413 -3.225965977 -0.014439465 -0.001590968 0.999894440 32.036312103
0.999894619 0.000802181 0.014492845 1.581998229 -0.000855843 0.999992847 0.003696851 -3.445892811 -0.014489778 -0.003708865 0.999888122 34.316421509
0.999860704 0.002937158 0.016427288 1.695991039 -0.003062589 0.999966323 0.007615571 -3.676773548 -0.016404368 -0.007664821 0.999836087 36.629081726
0.999840915 0.004836372 0.017167190 1.813511968 -0.004956936 0.999963343 0.006987319 -3.894256592 -0.017132772 -0.007071304 0.999828279 38.901107788
0.999809384 0.003937643 0.019121688 1.921488285 -0.004040832 0.999977410 0.005360712 -4.100372314 -0.019100148 -0.005436957 0.999802768 41.221271515
0.999816477 0.001482605 0.019102391 2.050539732 -0.001561224 0.999990344 0.004101368 -4.325600147 -0.019096125 -0.004130438 0.999809086 43.497703552
0.999815285 0.001150872 0.019185269 2.180921078 -0.001219008 0.999992907 0.003540180 -4.556844234 -0.019181056 -0.003562913 0.999809682 45.752490997
0.999812603 0.000737547 0.019346176 2.307628870 -0.000779310 0.999997377 0.002151298 -4.782935619 -0.019344537 -0.002165971 0.999810636 48.031669617
0.999816298 -0.000926664 0.019143134 2.448855162 0.000876653 0.999996185 0.002620678 -5.013233185 -0.019145487 -0.002603414 0.999813437 50.313095093
0.999802172 -0.001804357 0.019814886 2.582819462 0.001747380 0.999994218 0.002892397 -5.237751961 -0.019819990 -0.002857200 0.999799490 52.580516815
0.999795258 -0.002926002 0.020022551 2.720132828 0.002870039 0.999991834 0.002823169 -5.468401909 -0.020030655 -0.002765126 0.999795496 54.865539551
0.999769807 -0.003041347 0.021239094 2.848791122 0.002973236 0.999990284 0.003237739 -5.700033188 -0.021248734 -0.003173845 0.999769211 57.150379181
0.999756038 -0.004526251 0.021620255 2.989355087 0.004445501 0.999982953 0.003781518 -5.925258636 -0.021637004 -0.003684484 0.999759078 59.416988373
0.999721229 -0.005832067 0.022878226 3.120704651 0.005764479 0.999978840 0.003019080 -6.150042534 -0.022895349 -0.002886358 0.999733686 61.683708191
0.999703109 -0.006725305 0.023419823 3.271226406 0.006661331 0.999973893 0.002808565 -6.376148224 -0.023438098 -0.002651724 0.999721706 63.936264038
0.999673784 -0.006069235 0.024807196 3.409708500 0.005987852 0.999976456 0.003353565 -6.600282669 -0.024826968 -0.003203930 0.999686658 66.205413818
0.999657214 -0.005235827 0.025651347 3.557070017 0.005148706 0.999980748 0.003461251 -6.826580048 -0.025668979 -0.003327994 0.999664962 68.454727173
0.999620557 -0.005419453 0.027005199 3.693469048 0.005333996 0.999980569 0.003235474 -7.054553986 -0.027022205 -0.003090202 0.999630034 70.705596924
0.999606848 -0.006257447 0.027328935 3.853616714 0.006207872 0.999978900 0.001898494 -7.281104565 -0.027340239 -0.001728093 0.999624670 72.955528259
0.999581754 -0.007197801 0.028009223 4.004206657 0.007131563 0.999971449 0.002464038 -7.512137413 -0.028026162 -0.002263257 0.999604642 75.225898743
0.999537647 -0.008428528 0.029215293 4.166924477 0.008367551 0.999962568 0.002208835 -7.748380184 -0.029232817 -0.001963353 0.999570787 77.489181519
0.999524951 -0.009252296 0.029397426 4.317298412 0.009192457 0.999955416 0.002169976 -7.980463505 -0.029416189 -0.001898710 0.999565423 79.728927612
0.999500215 -0.009722630 0.030079443 4.466814995 0.009668903 0.999951422 0.001931064 -8.201403618 -0.030096758 -0.001639263 0.999545634 81.984153748
0.999472022 -0.009045560 0.031206602 4.634187698 0.008989673 0.999957681 0.001930762 -8.433526039 -0.031222740 -0.001649205 0.999511063 84.247489929
0.999428988 -0.008738152 0.032641299 4.794658184 0.008651453 0.999958634 0.002796426 -8.658349037 -0.032664385 -0.002512435 0.999463201 86.498878479
0.999422550 -0.008094214 0.032999951 4.958506584 0.007976038 0.999961317 0.003711208 -8.890832901 -0.033028711 -0.003445857 0.999448419 88.778869629
0.999395907 -0.007224768 0.033995088 5.117877007 0.007080022 0.999965370 0.004376305 -9.119751930 -0.034025531 -0.004132975 0.999412417 91.033058167
0.999357700 -0.007192136 0.035106938 5.279441833 0.007044399 0.999965787 0.004330102 -9.342982292 -0.035136871 -0.004080014 0.999374151 93.280982971
0.999341846 -0.007368484 0.035514709 5.449044704 0.007235446 0.999966264 0.003873003 -9.562250137 -0.035542041 -0.003613490 0.999361634 95.534530640
0.999309599 -0.008107474 0.036257014 5.615318775 0.007956050 0.999959052 0.004318798 -9.785921097 -0.036290545 -0.004027354 0.999333143 97.785408020
0.999278605 -0.008155326 0.037090968 5.780169964 0.008023004 0.999960899 0.003714946 -10.014862061 -0.037119824 -0.003414686 0.999305010 100.015037537
0.999226451 -0.008339706 0.038430806 5.945855618 0.008159371 0.999954939 0.004846907 -10.232886314 -0.038469497 -0.004529587 0.999249518 102.253059387
0.999196827 -0.008445598 0.039171755 6.134490013 0.008272738 0.999955297 0.004572897 -10.452350616 -0.039208628 -0.004245167 0.999222040 104.508148193
0.999164820 -0.009198558 0.039812308 6.302783012 0.008987025 0.999944568 0.005488948 -10.678451538 -0.039860591 -0.005126570 0.999192119 106.752258301
0.999132097 -0.010661237 0.040265381 6.488864899 0.010441673 0.999929488 0.005659322 -10.895025253 -0.040322874 -0.005233972 0.999172986 108.998435974
0.999092698 -0.011544442 0.040991813 6.672151089 0.011290764 0.999915659 0.006414618 -11.117605209 -0.041062407 -0.005945970 0.999138832 111.251098633
0.999072731 -0.012177292 0.041295730 6.862715721 0.011982599 0.999915898 0.004958907 -11.336707115 -0.041352637 -0.004459478 0.999134660 113.514259338
0.999028087 -0.012830826 0.042169336 7.044275284 0.012680545 0.999912262 0.003829314 -11.553574562 -0.042214755 -0.003290863 0.999103129 115.757102966
0.998994172 -0.012975174 0.042922530 7.224241257 0.012801037 0.999908686 0.004329385 -11.780101776 -0.042974785 -0.003775577 0.999069035 117.993453979
0.998943806 -0.013354879 0.043965392 7.413596153 0.013143884 0.999900699 0.005084706 -11.999745369 -0.044028923 -0.004501459 0.999020100 120.244750977
0.998919666 -0.014098985 0.044281717 7.616538048 0.013847541 0.999886274 0.005979946 -12.229180336 -0.044360992 -0.005360293 0.999001145 122.448333740
0.998849154 -0.014961632 0.045568544 7.806715965 0.014745211 0.999878347 0.005081805 -12.451761246 -0.045639031 -0.004404040 0.998948216 124.750808716
0.998814166 -0.015365882 0.046196446 7.991247177 0.015179039 0.999875128 0.004392590 -12.680027962 -0.046258174 -0.003686164 0.998922706 127.012756348
0.998803973 -0.016907252 0.045876682 8.186855316 0.016709618 0.999849319 0.004688033 -12.899813652 -0.045949042 -0.003915844 0.998936057 129.273712158
0.998832703 -0.018059963 0.044802431 8.379856110 0.017847881 0.999827504 0.005129272 -13.119479179 -0.044887342 -0.004323657 0.998982728 131.510330200
0.998893797 -0.018374901 0.043283969 8.578866005 0.018116228 0.999815643 0.006360972 -13.339513779 -0.043392874 -0.005569793 0.999042511 133.744857788
0.998946428 -0.019554552 0.041515492 8.763617516 0.019333739 0.999796748 0.005713631 -13.557228088 -0.041618772 -0.004904963 0.999121547 135.977874756
0.999014080 -0.020310244 0.039474815 8.970759392 0.020101219 0.999781787 0.005684868 -13.779343605 -0.039581668 -0.004885771 0.999204457 138.205551147
0.998992860 -0.020598942 0.039864555 9.132497787 0.020389376 0.999776125 0.005656496 -13.999510765 -0.039972141 -0.004837986 0.999189019 140.484771729
0.998973131 -0.020837568 0.040229496 9.301773071 0.020595897 0.999767363 0.006412513 -14.216732979 -0.040353753 -0.005577367 0.999169946 142.715805054
0.999018967 -0.020544445 0.039230693 9.497148514 0.020271795 0.999767601 0.007335249 -14.441006660 -0.039372284 -0.006532777 0.999203265 144.941772461
0.999038458 -0.019511886 0.039263658 9.673792839 0.019281857 0.999794662 0.006228731 -14.657089233 -0.039377131 -0.005465666 0.999209404 147.187118530
0.999062777 -0.018240916 0.039252214 9.852840424 0.018073445 0.999825954 0.004617201 -14.874228477 -0.039329603 -0.003903451 0.999218643 149.425811768
0.999074280 -0.016655412 0.039666783 10.030908585 0.016513817 0.999855995 0.003894616 -15.098775864 -0.039725944 -0.003235960 0.999205351 151.671005249
0.999087989 -0.015832085 0.039657675 10.218563080 0.015692817 0.999869525 0.003820717 -15.314480782 -0.039712988 -0.003194892 0.999206007 153.909423828
0.999071598 -0.015036517 0.040371411 10.394032478 0.014869039 0.999879539 0.004445549 -15.535939217 -0.040433396 -0.003841138 0.999174833 156.172851562
0.999068558 -0.014368162 0.040689204 10.587128639 0.014152448 0.999884129 0.005584567 -15.758325577 -0.040764742 -0.005003513 0.999156177 158.394424438
0.999047220 -0.013724257 0.041426398 10.779048920 0.013458231 0.999887049 0.006693692 -15.985451698 -0.041513585 -0.006129790 0.999119103 160.653976440
0.999007761 -0.012771175 0.042666357 10.956188202 0.012417814 0.999886513 0.008536736 -16.202905655 -0.042770542 -0.007998442 0.999052882 162.890640259
0.998978436 -0.011899815 0.043594148 11.148252487 0.011575698 0.999903500 0.007679789 -16.413465500 -0.043681331 -0.007167311 0.999019802 165.137329102
0.998930752 -0.011214344 0.044850685 11.337791443 0.010930563 0.999918699 0.006567478 -16.629558563 -0.044920694 -0.006070212 0.998972118 167.372528076
0.998847723 -0.009376477 0.047068294 11.521858215 0.009062449 0.999935329 0.006880743 -16.846965790 -0.047129765 -0.006446260 0.998867989 169.602462769
0.998751760 -0.008909748 0.049147941 11.735158920 0.008542661 0.999934077 0.007673994 -17.076911926 -0.049213082 -0.007244561 0.998762012 171.861358643
0.998628974 -0.009091666 0.051552854 11.935070992 0.008733824 0.999936163 0.007162341 -17.285366058 -0.051614691 -0.006702268 0.998644590 174.118194580
0.998542190 -0.008923151 0.053234227 12.139613152 0.008521710 0.999933541 0.007763261 -17.503265381 -0.053299971 -0.007298297 0.998551905 176.364059448
0.998511732 -0.009183162 0.053758472 12.352579117 0.008727411 0.999924064 0.008706388 -17.713706970 -0.053834341 -0.008224258 0.998516083 178.597671509
0.998475671 -0.010821347 0.054122273 12.554022789 0.010375933 0.999909997 0.008503987 -17.937944412 -0.054209419 -0.007929455 0.998498082 180.837692261
0.998424768 -0.011693154 0.054876007 12.753618240 0.011258119 0.999902725 0.008230053 -18.149261475 -0.054966912 -0.007599288 0.998459220 183.086120605
0.998505116 -0.012850674 0.053128075 12.986518860 0.012406576 0.999885380 0.008680413 -18.380487442 -0.053233534 -0.008008298 0.998550117 185.318603516
0.998517096 -0.014551519 0.052458566 13.199032784 0.014066029 0.999854803 0.009612108 -18.595235825 -0.052590817 -0.008859968 0.998576820 187.556823730
0.998526692 -0.015463793 0.052012186 13.406536102 0.015008185 0.999845564 0.009138861 -18.803667068 -0.052145470 -0.008344789 0.998604596 189.804641724
0.998489320 -0.016691927 0.052349281 13.608951569 0.016228288 0.999825478 0.009269172 -19.027595520 -0.052494865 -0.008405630 0.998585820 192.035034180
0.998470604 -0.018285643 0.052172296 13.806799889 0.017840946 0.999800563 0.008976638 -19.241872787 -0.052326024 -0.008032107 0.998597741 194.269744873
0.998496115 -0.017770426 0.051862076 14.012924194 0.017320175 0.999808490 0.009118237 -19.452615738 -0.052014180 -0.008206264 0.998612583 196.502212524
0.998486519 -0.015369923 0.052805170 14.217331886 0.014903267 0.999846399 0.009219768 -19.666706085 -0.052938774 -0.008418847 0.998562276 198.750289917
0.998491168 -0.013658567 0.053186413 14.420660973 0.013194269 0.999871790 0.009070988 -19.880491257 -0.053303488 -0.008355547 0.998543322 200.980056763
0.998465717 -0.013152731 0.053791359 14.632127762 0.012720243 0.999884009 0.008374583 -20.092269897 -0.053895280 -0.007677495 0.998517036 203.233505249
0.998432517 -0.013435118 0.054333389 14.835639000 0.012960191 0.999874651 0.009083950 -20.299295425 -0.054448623 -0.008365540 0.998481572 205.459182739
0.998416364 -0.015258508 0.054147601 15.066249847 0.014765590 0.999845922 0.009491689 -20.522771835 -0.054284081 -0.008677134 0.998487830 207.686111450
0.998365700 -0.014855792 0.055185020 15.277713776 0.014354386 0.999852061 0.009471201 -20.721485138 -0.055317562 -0.008663574 0.998431206 209.934875488
0.998260736 -0.015161396 0.056972474 15.486207008 0.014532484 0.999828994 0.011437071 -20.952995300 -0.057136141 -0.010589227 0.998310208 212.139938354
0.998197317 -0.013771910 0.058415089 15.723571777 0.013101200 0.999844015 0.011849307 -21.161888123 -0.058569163 -0.011062637 0.998222053 214.371963501
0.998022676 -0.012497099 0.061599668 15.928886414 0.011805295 0.999863267 0.011581878 -21.365049362 -0.061735991 -0.010831775 0.998033762 216.626617432
0.997880936 -0.012527433 0.063848972 16.156669617 0.011785679 0.999858737 0.011980808 -21.571031570 -0.063990057 -0.011202917 0.997887611 218.868820190
0.997739553 -0.014028222 0.065719225 16.390579224 0.013215995 0.999831021 0.012777585 -21.776748657 -0.065887369 -0.011880155 0.997756362 221.097717285
0.997636199 -0.015430694 0.066962093 16.626485825 0.014556902 0.999802649 0.013517410 -21.977195740 -0.067157477 -0.012510696 0.997663975 223.323471069
0.997562110 -0.017406575 0.067576304 16.878267288 0.016572289 0.999779642 0.012886871 -22.183900833 -0.067785718 -0.011735561 0.997630894 225.553146362
0.997520566 -0.018740455 0.067834824 17.119258881 0.017945185 0.999763131 0.012314166 -22.378349304 -0.068049528 -0.011066324 0.997620583 227.799591064
0.997485995 -0.018967666 0.068277173 17.358489990 0.018147308 0.999755740 0.012615433 -22.579534531 -0.068499789 -0.011344672 0.997586548 230.026611328
0.997431159 -0.020313343 0.068690285 17.608413696 0.019555019 0.999740303 0.011694216 -22.783790588 -0.068909988 -0.010320934 0.997569501 232.273529053
0.997382879 -0.021205271 0.069121435 17.857334137 0.020386012 0.999713480 0.012536513 -22.980854034 -0.069367476 -0.011094592 0.997529507 234.513092041
0.997367024 -0.020477364 0.069567554 18.130210876 0.019615555 0.999722421 0.013048792 -23.192712784 -0.069815449 -0.011649829 0.997491896 236.794921875
0.997333586 -0.020383056 0.070073426 18.373348236 0.019533167 0.999727368 0.012792588 -23.388294220 -0.070315070 -0.011389720 0.997459829 239.020889282
0.997306943 -0.020691521 0.070361525 18.625377655 0.019816697 0.999717653 0.013108762 -23.591133118 -0.070612885 -0.011679126 0.997435391 241.245529175
0.997254729 -0.021132015 0.070966989 18.874570847 0.020242605 0.999707580 0.013228645 -23.789945602 -0.071225777 -0.011755773 0.997390926 243.494064331
0.997215509 -0.021309786 0.071464278 19.124591827 0.020458717 0.999711037 0.012620030 -23.996961594 -0.071712554 -0.011122822 0.997363329 245.718170166
0.997225642 -0.020809459 0.071470298 19.382364273 0.020013807 0.999729633 0.011830800 -24.201618195 -0.071697161 -0.010367583 0.997372568 247.953308105
0.997196913 -0.021038339 0.071802594 19.638839722 0.020198530 0.999719083 0.012402291 -24.407213211 -0.072043352 -0.010917221 0.997341692 250.191513062
0.997187316 -0.022262454 0.071566716 19.905384064 0.021439420 0.999695122 0.012248062 -24.611288071 -0.071817584 -0.010679264 0.997360587 252.432983398
0.997170210 -0.022417039 0.071756952 20.167003632 0.021527287 0.999681771 0.013149078 -24.818717957 -0.072028860 -0.011567137 0.997335434 254.689758301
0.997148275 -0.023307644 0.071778223 20.412982941 0.022401692 0.999659300 0.013400916 -25.021804810 -0.072066121 -0.011754747 0.997330606 256.908386230
0.997100472 -0.023626629 0.072335288 20.672397614 0.022646407 0.999640644 0.014341505 -25.245227814 -0.072648123 -0.012661788 0.997277260 259.183746338
0.997060776 -0.023473905 0.072930023 20.929597855 0.022514665 0.999649227 0.013947366 -25.445421219 -0.073231824 -0.012264378 0.997239530 261.426513672
0.997038662 -0.023499437 0.073223427 21.192840576 0.022566840 0.999653816 0.013537814 -25.645381927 -0.073516198 -0.011845302 0.997223616 263.681182861
0.997002602 -0.022866521 0.073913045 21.450912476 0.021935912 0.999669790 0.013378116 -25.854282379 -0.074194580 -0.011716666 0.997174978 265.919097900
0.996936798 -0.022130383 0.075015657 21.711603165 0.021177933 0.999685049 0.013468507 -26.051515579 -0.075290091 -0.011838573 0.997091413 268.165313721
0.996819913 -0.021777103 0.076652892 21.967523575 0.020817241 0.999694765 0.013299108 -26.267753601 -0.076919109 -0.011661114 0.996969163 270.424865723
0.996726811 -0.022495182 0.077650182 22.243803024 0.021484213 0.999673486 0.013830537 -26.473602295 -0.077935934 -0.012117015 0.996884763 272.672882080
0.996535838 -0.022685634 0.080010772 22.493677139 0.021587102 0.999660850 0.014568283 -26.670158386 -0.080314137 -0.012790614 0.996687651 274.917663574
0.996419847 -0.022677477 0.081444845 22.770727158 0.021479655 0.999648392 0.015553437 -26.857433319 -0.081768908 -0.013748345 0.996556520 277.158386230
0.996336818 -0.021596879 0.082743786 23.054710388 0.020238537 0.999646902 0.017220041 -27.070600510 -0.083086468 -0.015482347 0.996422052 279.414031982
0.996255994 -0.021471487 0.083744422 23.341533661 0.019981768 0.999627590 0.018586753 -27.272285461 -0.084112331 -0.016843798 0.996313810 281.651641846
0.996181905 -0.020720035 0.084806964 23.624313354 0.019247640 0.999650121 0.018142769 -27.453899384 -0.085153222 -0.016441165 0.996232212 283.914611816
0.996111155 -0.019619988 0.085893013 23.901884079 0.018178094 0.999680936 0.017537227 -27.642251968 -0.086209685 -0.015907656 0.996150017 286.151794434
0.996081531 -0.019348463 0.086298957 24.187316895 0.017943516 0.999694049 0.017026195 -27.831605911 -0.086601973 -0.015410969 0.996123791 288.395416260
0.996016979 -0.020256234 0.086832352 24.464424133 0.018802049 0.999669552 0.017532445 -28.030467987 -0.087158799 -0.015829988 0.996068716 290.622375488
0.995993257 -0.020219440 0.087112591 24.741043091 0.018902848 0.999694824 0.015912261 -28.211732864 -0.087407745 -0.014201831 0.996071398 292.886474609
0.996036589 -0.020740099 0.086491778 25.031822205 0.019515961 0.999697387 0.014974928 -28.402271271 -0.086776167 -0.013227602 0.996140122 295.117980957
0.996033728 -0.020707399 0.086534560 25.314567566 0.019490644 0.999699295 0.014882302 -28.598091125 -0.086816736 -0.013136659 0.996137679 297.351837158
0.996038139 -0.020068862 0.086632811 25.597623825 0.018844623 0.999710977 0.014926218 -28.790069580 -0.086907335 -0.013234522 0.996128500 299.590637207
0.995965004 -0.019901067 0.087508209 25.860086441 0.018556060 0.999697268 0.016156837 -28.994674683 -0.087803245 -0.014467834 0.996032894 301.831481934
0.995974898 -0.020328784 0.087296769 26.151872635 0.018973662 0.999686837 0.016325032 -29.187866211 -0.087601297 -0.014602983 0.996048689 304.078369141
0.995938778 -0.019895349 0.087807119 26.436929703 0.018514743 0.999692261 0.016509764 -29.379917145 -0.088108577 -0.014816989 0.996000648 306.318481445
0.995913327 -0.020444576 0.087969080 26.718547821 0.019076433 0.999684095 0.016365265 -29.579811096 -0.088275865 -0.014620251 0.995988786 308.570251465
0.995865643 -0.021931091 0.088151537 27.008602142 0.020538269 0.999650002 0.016676513 -29.771326065 -0.088486403 -0.014797088 0.995967448 310.834991455
0.995829105 -0.021503897 0.088668071 27.296287537 0.020170746 0.999670029 0.015904097 -29.966503143 -0.088980824 -0.014049263 0.995934188 313.079620361
0.995825827 -0.021147029 0.088789359 27.590435028 0.019737571 0.999665320 0.016722323 -30.165943146 -0.089113273 -0.014900039 0.995909989 315.323944092
0.995783865 -0.019542806 0.089625783 27.877902985 0.018179459 0.999706686 0.016002782 -30.364006042 -0.089912221 -0.014305960 0.995846927 317.562561035
0.995767295 -0.017590487 0.090211451 28.161453247 0.016161798 0.999732435 0.016543312 -30.559885025 -0.090478323 -0.015015310 0.995785236 319.799499512
0.995707154 -0.016190428 0.091132551 28.446804047 0.014803203 0.999764383 0.015877515 -30.751638412 -0.091368139 -0.014460300 0.995712161 322.029022217
0.995667458 -0.015226303 0.091730222 28.732734680 0.013763811 0.999768198 0.016555043 -30.943719864 -0.091961019 -0.015220762 0.995646298 324.263183594
0.995689034 -0.015024916 0.091529064 29.034053802 0.013436858 0.999748766 0.017941942 -31.147340775 -0.091775641 -0.016634731 0.995640874 326.494873047
0.995636582 -0.015548790 0.092011198 29.322109222 0.013992970 0.999748409 0.017530080 -31.341575623 -0.092260614 -0.016166076 0.995603621 328.732055664
0.995616257 -0.016898721 0.091993086 29.624788284 0.015419584 0.999740541 0.016765924 -31.533361435 -0.092252553 -0.015273931 0.995618463 330.968658447
0.995607555 -0.016678095 0.092127353 29.913425446 0.015219634 0.999747872 0.016510958 -31.726078033 -0.092379503 -0.015036291 0.995610297 333.194366455
0.995575607 -0.016796030 0.092450768 30.204359055 0.015245846 0.999731541 0.017448522 -31.915018082 -0.092718996 -0.015961831 0.995564342 335.448455811
0.995602548 -0.017442834 0.092039645 30.512258530 0.015897743 0.999720573 0.017493840 -32.106113434 -0.092319071 -0.015953690 0.995601654 337.681945801
0.995582104 -0.017185286 0.092308365 30.797212601 0.015588412 0.999716580 0.017992610 -32.304401398 -0.092591427 -0.016474182 0.995567858 339.913635254
0.995607853 -0.017037628 0.092057772 31.099498749 0.015473022 0.999723911 0.017683052 -32.498897552 -0.092333622 -0.016180968 0.995596588 342.160675049
0.995612085 -0.017171774 0.091987655 31.394498825 0.015549447 0.999711096 0.018324174 -32.691875458 -0.092275746 -0.016813410 0.995591521 344.409606934
0.995647848 -0.016381972 0.091743417 31.687786102 0.014747907 0.999720812 0.018460980 -32.882862091 -0.092020229 -0.017027613 0.995611489 346.652404785
0.995668709 -0.015908372 0.091600396 31.976913452 0.014284963 0.999729514 0.018351214 -33.071449280 -0.091867566 -0.016963221 0.995626748 348.890136719
0.995635152 -0.015429988 0.092046365 32.263755798 0.013740707 0.999725878 0.018958131 -33.266635895 -0.092313655 -0.017610593 0.995574236 351.131958008
0.995672882 -0.015534185 0.091621183 32.555446625 0.013807294 0.999715388 0.019452056 -33.456741333 -0.091897279 -0.018102843 0.995603919 353.354187012
0.995691597 -0.015045887 0.091498092 32.848098755 0.013384298 0.999734640 0.018746432 -33.644046783 -0.091755860 -0.017441025 0.995628774 355.602386475
0.995720208 -0.015296741 0.091143511 33.143009186 0.013604746 0.999723852 0.019156542 -33.832260132 -0.091411382 -0.017834572 0.995653450 357.831939697
0.995800912 -0.014823095 0.090337269 33.443504333 0.013046176 0.999710262 0.020228699 -34.025150299 -0.090610951 -0.018965203 0.995705724 360.077636719
0.995853901 -0.014912237 0.089736171 33.743900299 0.013133164 0.999705970 0.020383518 -34.217437744 -0.090013750 -0.019120486 0.995756984 362.323150635
0.995899856 -0.014629391 0.089271031 34.041374207 0.012814892 0.999700189 0.020865150 -34.405464172 -0.089549512 -0.019635601 0.995788932 364.563720703
0.995945513 -0.014572081 0.088770591 34.334419250 0.012831443 0.999714613 0.020147502 -34.591896057 -0.089038849 -0.018926762 0.995848298 366.812683105
0.995975971 -0.015211809 0.088320471 34.623699188 0.013491709 0.999708116 0.020040138 -34.781333923 -0.088599540 -0.018767901 0.995890498 369.058197021
0.995960295 -0.015184765 0.088501304 34.904914856 0.013555439 0.999727905 0.018982239 -34.961059570 -0.088765442 -0.017705882 0.995895147 371.320159912
0.996041775 -0.015566588 0.087512955 35.201107025 0.013918201 0.999714613 0.019414682 -35.159580231 -0.087790206 -0.018119814 0.995974183 373.546264648
0.996079683 -0.015201964 0.087144434 35.492641449 0.013494221 0.999705851 0.020152457 -35.342800140 -0.087425165 -0.018897509 0.995991766 375.798645020
0.996048450 -0.015732499 0.087406948 35.772144318 0.014011260 0.999696434 0.020270957 -35.527240753 -0.087699331 -0.018966176 0.995966434 378.054077148
0.996050417 -0.016424416 0.087257147 36.061599731 0.014681115 0.999680340 0.020583242 -35.718723297 -0.087567329 -0.019220917 0.995973110 380.298706055
0.996070147 -0.016511163 0.087015174 36.355487823 0.014766130 0.999677539 0.020660033 -35.901420593 -0.087328240 -0.019293968 0.995992720 382.552520752
0.996063590 -0.015688932 0.087241828 36.644329071 0.013912605 0.999684095 0.020931881 -36.091487885 -0.087542683 -0.019635722 0.995967209 384.803619385
0.996084571 -0.015054787 0.087114289 36.936321259 0.013270586 0.999690890 0.021024190 -36.273963928 -0.087403879 -0.019785812 0.995976448 387.065307617
0.996111929 -0.013732526 0.087019704 37.231201172 0.011942246 0.999706864 0.021060605 -36.469142914 -0.087283410 -0.019939506 0.995983958 389.330444336
0.996090233 -0.012579328 0.087441713 37.511077881 0.010789293 0.999723077 0.020913726 -36.654655457 -0.087680586 -0.019888524 0.995950043 391.598175049
0.996111095 -0.011212640 0.087389700 37.800003052 0.009272327 0.999702096 0.022577390 -36.842231750 -0.087616831 -0.021679284 0.995918453 393.857482910
0.996039927 -0.009852890 0.088358596 38.079635620 0.007851630 0.999705374 0.022968300 -37.028320312 -0.088558860 -0.022183586 0.995823860 396.127838135
0.995978713 -0.009552813 0.089078598 38.367622375 0.007669758 0.999740481 0.021457640 -37.217929840 -0.089260451 -0.020688143 0.995793402 398.394378662
0.995907009 -0.009073350 0.089926921 38.649951935 0.007223458 0.999755979 0.020875214 -37.402362823 -0.090094388 -0.020140186 0.995729566 400.660095215
0.995757401 -0.010088832 0.091462404 38.922611237 0.008089698 0.999720752 0.022201898 -37.587455750 -0.091660865 -0.021367798 0.995561004 402.900939941
0.995796502 -0.011217382 0.090903327 39.233070374 0.009162027 0.999693692 0.022996156 -37.768844604 -0.091133423 -0.022066636 0.995594203 405.179840088
0.995794892 -0.011697331 0.090861134 39.531547546 0.009655007 0.999691486 0.022884538 -37.951271057 -0.091100812 -0.021911046 0.995600581 407.437805176
0.995743155 -0.009520064 0.091677897 39.843967438 0.007557356 0.999735236 0.021732148 -38.124015808 -0.091860525 -0.020946801 0.995551527 409.680450439
0.995696902 -0.008866545 0.092244267 40.139995575 0.006848394 0.999730706 0.022171909 -38.312664032 -0.092416033 -0.021444779 0.995489538 411.938659668
0.995661259 -0.007357250 0.092760883 40.444915771 0.005362879 0.999749482 0.021731092 -38.496833801 -0.092897542 -0.021139340 0.995451272 414.175689697
0.995588362 -0.006465420 0.093605697 40.749519348 0.004440424 0.999751866 0.021825386 -38.681667328 -0.093723588 -0.021313449 0.995370090 416.446472168
0.995536506 -0.006807889 0.094131559 41.055152893 0.004783819 0.999752760 0.021711525 -38.869514465 -0.094256103 -0.021164304 0.995323002 418.701141357
0.995432973 -0.006669470 0.095229901 41.350444794 0.004620528 0.999753416 0.021720065 -39.052284241 -0.095351286 -0.021180855 0.995218456 420.952911377
0.995354056 -0.007166581 0.096015073 41.646785736 0.005112957 0.999753237 0.021617545 -39.242191315 -0.096146323 -0.021026192 0.995145082 423.210052490
0.995290756 -0.007708941 0.096627824 41.953411102 0.005539104 0.999726892 0.022703774 -39.426753998 -0.096776456 -0.022061625 0.995061636 425.481109619
0.995245636 -0.007048094 0.097141668 42.255924225 0.004790684 0.999713480 0.023451995 -39.611469269 -0.097279124 -0.022875119 0.994994223 427.735595703
0.995177031 -0.006263774 0.097895041 42.567638397 0.003925439 0.999702811 0.024060518 -39.790412903 -0.098016649 -0.023560191 0.994905829 430.015563965
0.995175004 -0.006438009 0.097904228 42.881614685 0.004074091 0.999695778 0.024325995 -39.975677490 -0.098031051 -0.023809751 0.994898498 432.278472900
0.995142877 -0.007093837 0.098184541 43.195240021 0.004771966 0.999703884 0.023862706 -40.165187836 -0.098324738 -0.023278272 0.994882047 434.542633057
0.995144188 -0.006333200 0.098223902 43.514438629 0.003994753 0.999704301 0.023985730 -40.333850861 -0.098346770 -0.023476880 0.994875252 436.810241699
0.995075822 -0.006684334 0.098890901 43.823051453 0.004297907 0.999694884 0.024325293 -40.515785217 -0.099023320 -0.023780486 0.994800925 439.092102051
0.995132744 -0.006801566 0.098308168 44.145568848 0.004433278 0.999695182 0.024288855 -40.692741394 -0.098443404 -0.023734812 0.994859636 441.366699219
0.995166779 -0.005995000 0.098016120 44.486621857 0.003545262 0.999677420 0.025148289 -40.881263733 -0.098135293 -0.024679245 0.994866967 443.660339355
0.995126307 -0.006517071 0.098392583 44.799091339 0.004049000 0.999672592 0.025262784 -41.057807922 -0.098524995 -0.024741270 0.994826913 445.935607910
0.995101333 -0.006323806 0.098656952 45.107307434 0.003900633 0.999686420 0.024735181 -41.238586426 -0.098782428 -0.024229191 0.994814038 448.201171875
0.995122969 -0.005617033 0.098482296 45.422801971 0.003226769 0.999696851 0.024413496 -41.421409607 -0.098589569 -0.023976654 0.994839251 450.466369629
0.995072842 -0.005073645 0.099016704 45.732887268 0.002690844 0.999703944 0.024183376 -41.608078003 -0.099110067 -0.023797778 0.994791865 452.731506348
0.994991720 -0.004229405 0.099867880 46.039676666 0.001830999 0.999707997 0.024095241 -41.778900146 -0.099940605 -0.023791708 0.994708896 455.011566162
0.994965255 -0.004548376 0.100116804 46.347541809 0.002167205 0.999712408 0.023879858 -41.966369629 -0.100196645 -0.023542657 0.994689107 457.270263672
0.994990945 -0.003757347 0.099894546 46.673816681 0.001443805 0.999729276 0.023222065 -42.149013519 -0.099954747 -0.022961516 0.994726956 459.551788330
0.994985342 -0.002675094 0.099984765 46.990646362 0.000315819 0.999721348 0.023604736 -42.331130981 -0.100020051 -0.023454789 0.994708955 461.834014893
0.995005012 -0.002386914 0.099796049 47.307964325 -0.000105068 0.999688506 0.024958039 -42.513053894 -0.099824533 -0.024843860 0.994694829 464.113769531
0.995041072 -0.002690378 0.099428341 47.615692139 0.000181009 0.999681413 0.025238376 -42.689598083 -0.099464573 -0.025095226 0.994724512 466.381683350
0.995167077 -0.003192340 0.098144531 47.939331055 0.000828846 0.999708772 0.024113119 -42.870532990 -0.098192930 -0.023915237 0.994879961 468.665069580
0.995260060 -0.002915775 0.097205169 48.266113281 0.000621307 0.999720693 0.023626309 -43.053756714 -0.097246900 -0.023453925 0.994984031 470.958862305
0.995330632 -0.003385185 0.096465118 48.579940796 0.001013219 0.999696136 0.024627222 -43.242244720 -0.096519180 -0.024414491 0.995031655 473.239257812
0.995285571 -0.003601544 0.096921779 48.874900818 0.001174929 0.999684691 0.025082285 -43.426498413 -0.096981540 -0.024850156 0.994975924 475.520202637
0.995464206 -0.003376217 0.095076859 49.203144073 0.001089122 0.999709010 0.024096835 -43.590801239 -0.095130570 -0.023883985 0.995178223 477.813934326
0.995492399 -0.003727302 0.094768144 49.512386322 0.001389701 0.999693453 0.024720561 -43.771400452 -0.094831251 -0.024477432 0.995192409 480.095886230
0.995550871 -0.004196690 0.094132349 49.827739716 0.001839751 0.999682963 0.025111392 -43.951965332 -0.094207890 -0.024826488 0.995243013 482.366516113
0.995582700 -0.004832456 0.093764082 50.112529755 0.002518932 0.999689817 0.024776572 -44.143394470 -0.093854733 -0.024430938 0.995286107 484.705627441
0.995601594 -0.004935235 0.093558244 50.417114258 0.002598062 0.999681890 0.025086306 -44.323577881 -0.093652308 -0.024732897 0.995297670 486.988220215
0.995638430 -0.004337937 0.093194768 50.701519012 0.002008230 0.999683499 0.025077512 -44.497962952 -0.093274057 -0.024780979 0.995332003 489.236267090
0.995654762 -0.003819318 0.093042813 51.002708435 0.001467087 0.999677896 0.025336467 -44.672008514 -0.093109615 -0.025089867 0.995339692 491.537902832
0.995742321 -0.003314262 0.092120692 51.312492371 0.000935154 0.999665201 0.025857164 -44.851169586 -0.092175558 -0.025660925 0.995412052 493.824371338
0.995737493 -0.002539088 0.092197224 51.600822449 0.000213433 0.999681771 0.025225898 -45.023033142 -0.092231937 -0.025098694 0.995421112 496.126770020
0.995764494 -0.002102877 0.091916010 51.908206940 -0.000188384 0.999689639 0.024911992 -45.210533142 -0.091939867 -0.024823792 0.995455027 498.439392090
0.995781183 -0.002276385 0.091731161 52.201324463 -0.000079717 0.999670327 0.025673011 -45.391120911 -0.091759369 -0.025572013 0.995452821 500.733947754
0.995788813 -0.001886375 0.091657564 52.492385864 -0.000492435 0.999663949 0.025923684 -45.573547363 -0.091675669 -0.025859654 0.995453060 503.011993408
0.995813131 -0.000880092 0.091407843 52.788337708 -0.001422838 0.999683261 0.025125787 -45.752437592 -0.091401011 -0.025150649 0.995496452 505.301483154
0.995797873 -0.000553470 0.091576070 53.075881958 -0.001804948 0.999668896 0.025668833 -45.931365967 -0.091559947 -0.025726259 0.995467186 507.592712402
0.995798051 -0.000878237 0.091571301 53.367931366 -0.001412260 0.999687910 0.024945460 -46.114768982 -0.091564640 -0.024969973 0.995485961 509.885314941
0.995826900 -0.001488138 0.091249466 53.670986176 -0.000858213 0.999670088 0.025668958 -46.299575806 -0.091257557 -0.025640151 0.995497167 512.184082031
0.995829463 -0.001254515 0.091226712 53.964351654 -0.001110540 0.999664724 0.025869645 -46.476188660 -0.091228567 -0.025863063 0.995494068 514.487243652
0.995832622 -0.000695857 0.091197044 54.256385803 -0.001653115 0.999668896 0.025679050 -46.655368805 -0.091184698 -0.025722794 0.995501697 516.794250488
0.995806098 0.000333405 0.091488205 54.543014526 -0.002678911 0.999670863 0.025515648 -46.837699890 -0.091449566 -0.025653722 0.995479226 519.089233398
0.995719314 0.002351719 0.092399709 54.830120087 -0.004760573 0.999654233 0.025858166 -47.025260925 -0.092306964 -0.026187347 0.995386183 521.411437988
0.995659828 0.004342433 0.092965849 55.132377625 -0.006792801 0.999637365 0.026057534 -47.206005096 -0.092818975 -0.026575936 0.995328188 523.737609863
0.995594203 0.004794651 0.093643911 55.435329437 -0.007383085 0.999599636 0.027314372 -47.381416321 -0.093475454 -0.027885417 0.995230973 526.058410645
0.995524287 0.004379394 0.094404057 55.730583191 -0.006991631 0.999601245 0.027357854 -47.558570862 -0.094246596 -0.027895452 0.995158017 528.361450195
0.995501399 0.002568138 0.094712213 56.033885956 -0.005304125 0.999575615 0.028646959 -47.732597351 -0.094598420 -0.029020457 0.995092452 530.676330566
0.995454192 0.000984315 0.095236309 56.345596313 -0.003701372 0.999590993 0.028357187 -47.908821106 -0.095169462 -0.028580783 0.995050728 532.994750977
0.995409906 0.000934938 0.095698513 56.652336121 -0.003626144 0.999602795 0.027951667 -48.086269379 -0.095634364 -0.028170388 0.995017827 535.316406250
0.995335639 0.000708930 0.096469931 56.961906433 -0.003406267 0.999607682 0.027798586 -48.262836456 -0.096412383 -0.027997520 0.994947612 537.638488770
0.995261610 0.000961860 0.097227745 57.267101288 -0.003635655 0.999619961 0.027326904 -48.445560455 -0.097164489 -0.027550908 0.994886935 539.954650879
0.995157957 0.001953547 0.098270237 57.574203491 -0.004608070 0.999630332 0.026792770 -48.619720459 -0.098181568 -0.027115867 0.994798958 542.279968262
0.995071292 0.002305454 0.099135280 57.892688751 -0.004911656 0.999648511 0.026053326 -48.799102783 -0.099040374 -0.026411835 0.994732797 544.606384277
0.994963646 0.002548865 0.100204214 58.195255280 -0.005199343 0.999643266 0.026198508 -48.976284027 -0.100101680 -0.026587557 0.994621873 546.933166504
0.994919658 0.002370694 0.100644439 58.514026642 -0.005139756 0.999615073 0.027262939 -49.159053802 -0.100541085 -0.027641721 0.994548857 549.252319336
0.994850159 0.002648312 0.101322681 58.824092865 -0.005414356 0.999619782 0.027034091 -49.330841064 -0.101212569 -0.027443465 0.994486213 551.557006836
0.994848132 0.000120317 0.101376235 59.141967773 -0.002875200 0.999630451 0.027029155 -49.525783539 -0.101335533 -0.027181381 0.994480848 553.843750000
0.994892299 -0.000362585 0.100940958 59.475242615 -0.002429224 0.999617875 0.027533550 -49.701976776 -0.100912370 -0.027638124 0.994511366 556.149536133
0.994842350 -0.000144730 0.101432942 59.792552948 -0.002688598 0.999610007 0.027795745 -49.875946045 -0.101397403 -0.027925096 0.994454026 558.454956055
0.994813919 0.000365200 0.101710305 60.118228912 -0.003323448 0.999576271 0.028917098 -50.052532196 -0.101656653 -0.029105166 0.994393706 560.787963867
0.994831145 -0.000590154 0.101541616 60.451576233 -0.002406547 0.999565184 0.029387018 -50.226974487 -0.101514824 -0.029479487 0.994397163 563.119567871
0.994766355 0.000182514 0.102175012 60.774074554 -0.003290743 0.999536812 0.030252898 -50.398426056 -0.102122188 -0.030430801 0.994306266 565.435119629
0.994730771 0.001137913 0.102515057 61.105068207 -0.004212839 0.999547482 0.029783364 -50.577472687 -0.102434769 -0.030058306 0.994285464 567.760559082
0.994728744 0.002182794 0.102518067 61.444206238 -0.005096518 0.999590218 0.028168242 -50.744232178 -0.102414586 -0.028542243 0.994332254 570.090270996
0.994715333 0.002790548 0.102633074 61.785255432 -0.005738670 0.999579012 0.028440839 -50.920806885 -0.102510512 -0.028879518 0.994312525 572.411071777
0.994690776 0.002486170 0.102879226 62.115634918 -0.005573011 0.999542475 0.029727971 -51.105209351 -0.102758244 -0.030143484 0.994249523 574.797363281
0.994689465 0.002432212 0.102893367 62.453811646 -0.005669351 0.999497712 0.031180369 -51.285842896 -0.102765843 -0.031598121 0.994203627 577.110351562
0.994612336 0.002652356 0.103630111 62.779525757 -0.005745807 0.999546409 0.029563775 -51.460056305 -0.103504695 -0.029999934 0.994176447 579.498229980
0.994653761 0.002028897 0.103246287 63.116973877 -0.005071844 0.999560237 0.029218718 -51.626045227 -0.103141584 -0.029586157 0.994226515 581.836791992
0.994636536 0.001366170 0.103422344 63.453910828 -0.004621523 0.999501109 0.031243229 -51.813194275 -0.103328072 -0.031553622 0.994146705 584.152099609
0.994708598 0.001618252 0.102724984 63.790084839 -0.004855223 0.999499202 0.031268831 -51.982006073 -0.102622941 -0.031602129 0.994218171 586.470275879
0.994643211 -0.001396565 0.103358172 64.128654480 -0.001720097 0.999546647 0.030058725 -52.159400940 -0.103353307 -0.030075494 0.994189918 588.832153320
0.994685352 -0.001562213 0.102949366 64.469879150 -0.001518841 0.999553382 0.029842673 -52.326061249 -0.102949984 -0.029840432 0.994238973 591.182861328
0.994688749 -0.003328380 0.102874592 64.800437927 0.000208559 0.999540150 0.030322343 -52.498458862 -0.102928214 -0.030139839 0.994232059 593.523620605
0.994741499 -0.004211789 0.102331080 65.145439148 0.001088534 0.999532402 0.030557772 -52.670829773 -0.102411933 -0.030285690 0.994280934 595.884033203
