1.000000000 0.000000000 0.000000000 0.000000000 0.000000000 1.000000000 0.000000000 0.000000000 0.000000000 0.000000000 1.000000000 0.000000000
0.999999881 0.000089068 0.000414069 0.086508639 -0.000088996 1.000000000 -0.000175412 -0.225483045 -0.000414084 0.000175375 0.999999881 2.287720442
0.999999404 0.000445150 0.001131828 0.165539116 -0.000445576 0.999999821 0.000375848 -0.462797195 -0.001131661 -0.000376352 0.999999285 4.583154678
0.999998450 0.000093467 0.001741993 0.261856645 -0.000094568 0.999999821 0.000632188 -0.694949687 -0.001741934 -0.000632352 0.999998271 6.874417305
0.999996305 0.000196517 0.002711980 0.354703724 -0.000193867 0.999999523 -0.000977656 -0.927401781 -0.002712172 0.000977127 0.999995828 9.168212891
0.999987304 0.001903989 0.004666980 0.448005319 -0.001905426 0.999998152 0.000303526 -1.161970496 -0.004666394 -0.000312415 0.999989033 11.471181870
0.999964118 0.003840172 0.007547457 0.531235635 -0.003851034 0.999991596 0.001425146 -1.390254736 -0.007541921 -0.001454161 0.999970496 13.787314415
0.999944091 0.003737319 0.009889025 0.639692664 -0.003778563 0.999984264 0.004155264 -1.620438933 -0.009873339 -0.004192399 0.999942422 16.060110092
0.999938011 0.003645882 0.010518799 0.751675963 -0.003697221 0.999981284 0.004865351 -1.843271971 -0.010500864 -0.004903939 0.999932826 18.395503998
0.999919713 0.002739254 0.012365071 0.857414186 -0.002800611 0.999983847 0.004947570 -2.068427563 -0.012351318 -0.004981803 0.999911249 20.689985275
0.999924421 0.000341044 0.012287765 0.988810241 -0.000377439 0.999995530 0.002959678 -2.302269697 -0.012286703 -0.002964092 0.999920130 23.009767532
0.999910295 -0.002000742 0.013242723 1.095524073 0.001989611 0.999997556 0.000853678 -2.521987915 -0.013244402 -0.000827253 0.999911964 25.292163849
0.999912143 -0.002748102 0.012961239 1.235052347 0.002743301 0.999996126 0.000388150 -2.769670010 -0.012962253 -0.000352559 0.999915898 27.601072311
0.999901652 -0.002427844 0.013807944 1.344071388 0.002436219 0.999996901 -0.000589719 -2.995290756 -0.013806470 0.000623301 0.999904454 29.888069153
0.999891639 0.000114140 0.014715541 1.461764693 -0.000138879 0.999998689 0.001680154 -3.223134756 -0.014715328 -0.001682016 0.999890268 32.172660828
0.999887466 0.002165609 0.014845139 1.590155482 -0.002222457 0.999990284 0.003813980 -3.442966461 -0.014836733 -0.003846543 0.999882519 34.451663971
0.999860287 0.004249269 0.016163815 1.709798694 -0.004379540 0.999958158 0.008032626 -3.676660061 -0.016129002 -0.008102294 0.999837101 36.760032654
0.999841511 0.006052154 0.016743949 1.829482913 -0.006181397 0.999951422 0.007677818 -3.895808220 -0.016696671 -0.007780103 0.999830246 39.032272339
0.999811590 0.005218614 0.018692140 1.931077003 -0.005331929 0.999967694 0.006017523 -4.099503994 -0.018660130 -0.006116054 0.999807179 41.322299957
0.999817967 0.002784912 0.018875374 2.055634499 -0.002883482 0.999982357 0.005196942 -4.326146126 -0.018860565 -0.005250423 0.999808311 43.599227905
0.999815404 0.002810189 0.019006435 2.190952063 -0.002882784 0.999988675 0.003793169 -4.545532227 -0.018995564 -0.003847260 0.999812305 45.837726593
0.999816120 0.002123431 0.019065848 2.318207741 -0.002179038 0.999993443 0.002896257 -4.775815964 -0.019059574 -0.002937269 0.999814034 48.112941742
0.999816358 0.000361685 0.019159852 2.455657005 -0.000422205 0.999994874 0.003154699 -5.005045414 -0.019158609 -0.003162209 0.999811590 50.397361755
0.999799669 -0.000593560 0.020012537 2.587571144 0.000521052 0.999993265 0.003628179 -5.230862617 -0.020014558 -0.003617024 0.999793172 52.663375854
0.999792695 -0.001684488 0.020291690 2.726331949 0.001613877 0.999992490 0.003495647 -5.459446907 -0.020297429 -0.003462174 0.999788046 54.952049255
0.999766767 -0.001864024 0.021517061 2.852818489 0.001774271 0.999989629 0.004189606 -5.693809032 -0.021524644 -0.004150451 0.999759674 57.253032684
0.999751449 -0.003299112 0.022047620 2.993592024 0.003192808 0.999983132 0.004855052 -5.919508457 -0.022063266 -0.004783451 0.999745131 59.524848938
0.999710441 -0.004964752 0.023542861 3.120384455 0.004868853 0.999979556 0.004128959 -6.141599655 -0.023562878 -0.004013136 0.999714315 61.791091919
0.999691665 -0.005588351 0.024193460 3.268146038 0.005492936 0.999976873 0.004008489 -6.366263390 -0.024215303 -0.003874359 0.999699175 64.043830872
0.999664009 -0.005050943 0.025427090 3.407971144 0.004936236 0.999977350 0.004571994 -6.588511467 -0.025449611 -0.004444945 0.999666214 66.314002991
0.999643505 -0.004064221 0.026387507 3.555850983 0.003932847 0.999979615 0.005028600 -6.816770554 -0.026407408 -0.004923030 0.999639153 68.576431274
0.999609292 -0.004344238 0.027611494 3.694382668 0.004216724 0.999980211 0.004674732 -7.041009903 -0.027631255 -0.004556476 0.999607801 70.832267761
0.999596655 -0.005077079 0.027941294 3.853959322 0.004985794 0.999981999 0.003335711 -7.264907360 -0.027957728 -0.003195056 0.999603987 73.091423035
0.999579191 -0.006008826 0.028377606 4.012088776 0.005903249 0.999975324 0.003802755 -7.492646694 -0.028399756 -0.003633635 0.999590039 75.369003296
0.999533594 -0.007199245 0.029677236 4.169923782 0.007104017 0.999969304 0.003312975 -7.723553181 -0.029700182 -0.003100602 0.999554038 77.634864807
0.999531150 -0.008059907 0.029536555 4.327629566 0.007965124 0.999962747 0.003325287 -7.958532333 -0.029562254 -0.003088466 0.999558151 79.897125244
0.999500334 -0.008504494 0.030439172 4.474931717 0.008417321 0.999960065 0.002990839 -8.175336838 -0.030463390 -0.002733129 0.999532163 82.152412415
0.999481142 -0.007890918 0.031228798 4.642057896 0.007807074 0.999965608 0.002805930 -8.402919769 -0.031249864 -0.002560669 0.999508321 84.426567078
0.999430001 -0.007583240 0.032897357 4.797291756 0.007479161 0.999966621 0.003285697 -8.621375084 -0.032921184 -0.003037780 0.999453366 86.681999207
0.999427378 -0.007489410 0.032995511 4.965200901 0.007333849 0.999961436 0.004833099 -8.857064247 -0.033030432 -0.004588346 0.999443829 88.962875366
0.999397278 -0.006506880 0.034096703 5.122738838 0.006319445 0.999964297 0.005602031 -9.085196495 -0.034131940 -0.005383181 0.999402821 91.220886230
0.999366224 -0.006413728 0.035013396 5.288351059 0.006223598 0.999965310 0.005536462 -9.305649757 -0.035047688 -0.005315043 0.999371529 93.474853516
0.999347091 -0.006653614 0.035512369 5.457460880 0.006486430 0.999967337 0.004820905 -9.520652771 -0.035543293 -0.004587409 0.999357581 95.731239319
0.999312699 -0.007031132 0.036395453 5.622821808 0.006837885 0.999961853 0.005431375 -9.744029999 -0.036432255 -0.005178775 0.999322653 97.988838196
0.999281585 -0.006657520 0.037308678 5.784696579 0.006471941 0.999966025 0.005092699 -9.976030350 -0.037341323 -0.004847582 0.999290764 100.232116699
0.999229491 -0.006728580 0.038666822 5.944107056 0.006492206 0.999959528 0.006235419 -10.192574501 -0.038707215 -0.005979582 0.999232769 102.462829590
0.999213219 -0.007314568 0.038979676 6.136282444 0.007082277 0.999956369 0.006094035 -10.418893814 -0.039022539 -0.005813176 0.999221563 104.746147156
0.999177217 -0.008085135 0.039743558 6.313447952 0.007824688 0.999946892 0.006704333 -10.632478714 -0.039795652 -0.006387835 0.999187410 106.984199524
0.999151945 -0.009654747 0.040027019 6.498166084 0.009383393 0.999931693 0.006961655 -10.848741531 -0.040091503 -0.006580162 0.999174297 109.237976074
0.999111891 -0.010661596 0.040762693 6.679308891 0.010348779 0.999915421 0.007877434 -11.072248459 -0.040843219 -0.007448593 0.999137819 111.498985291
0.999084294 -0.011291805 0.041266195 6.865918159 0.011030654 0.999917626 0.006550650 -11.292377472 -0.041336764 -0.006089459 0.999126732 113.765838623
0.999037206 -0.011811778 0.042251624 7.045470238 0.011586856 0.999917388 0.005564315 -11.509539604 -0.042313859 -0.005069394 0.999091506 116.018211365
0.998995423 -0.011963669 0.043186139 7.227384567 0.011713414 0.999913156 0.006043238 -11.734548569 -0.043254681 -0.005531309 0.999048769 118.271224976
0.998946667 -0.012030900 0.044281714 7.416555882 0.011739741 0.999907792 0.006829380 -11.954619408 -0.044359792 -0.006302331 0.998995721 120.543785095
0.998939693 -0.012858598 0.044205748 7.622488022 0.012531455 0.999892116 0.007669652 -12.180253029 -0.044299599 -0.007107557 0.998992980 122.751029968
0.998859823 -0.013847952 0.045686357 7.814638615 0.013543849 0.999884069 0.006959215 -12.402899742 -0.045777440 -0.006332512 0.998931527 125.074790955
0.998825788 -0.014311977 0.046286907 7.999024391 0.014034438 0.999881566 0.006315541 -12.626797676 -0.046371810 -0.005658513 0.998908222 127.339843750
0.998801947 -0.015966000 0.046257012 8.191219330 0.015678924 0.999855399 0.006562346 -12.841939926 -0.046355110 -0.005829223 0.998907983 129.610931396
0.998814285 -0.017170195 0.045555081 8.379117012 0.016879404 0.999834597 0.006760207 -13.055264473 -0.045663629 -0.005983249 0.998938918 131.859924316
0.998860598 -0.017594211 0.044363633 8.574699402 0.017262591 0.999820113 0.007847203 -13.270496368 -0.044493724 -0.007072431 0.998984635 134.101654053
0.998926580 -0.018456923 0.042483963 8.774033546 0.018138658 0.999804497 0.007864678 -13.497028351 -0.042620815 -0.007085635 0.999066114 136.350067139
0.999005795 -0.019332288 0.040169343 8.987939835 0.019039206 0.999789357 0.007665939 -13.710207939 -0.040309079 -0.006893526 0.999163449 138.575668335
0.998978615 -0.019834956 0.040599734 9.149289131 0.019530186 0.999778152 0.007889531 -13.934994698 -0.040747222 -0.007088550 0.999144316 140.864074707
0.998969913 -0.020105727 0.040680736 9.319584846 0.019803183 0.999773264 0.007826422 -14.138166428 -0.040828865 -0.007012753 0.999141514 143.097824097
0.999004602 -0.020406356 0.039665803 9.511096954 0.020046538 0.999754369 0.009448078 -14.369033813 -0.039848860 -0.008643512 0.999168336 145.342742920
0.999024034 -0.019519230 0.039622333 9.689792633 0.019207541 0.999781609 0.008232047 -14.578553200 -0.039774373 -0.007462966 0.999180734 147.596069336
0.999040961 -0.018309709 0.039771929 9.871456146 0.018056575 0.999814391 0.006714624 -14.792346954 -0.039887492 -0.005990041 0.999186158 149.845565796
0.999055386 -0.016681382 0.040124983 10.048923492 0.016460530 0.999847472 0.005828244 -15.007996559 -0.040216085 -0.005162258 0.999177635 152.097229004
0.999066353 -0.015667511 0.040260557 10.237288475 0.015444650 0.999863684 0.005840657 -15.221257210 -0.040346585 -0.005213394 0.999172151 154.343978882
0.999051809 -0.014804585 0.040943250 10.414755821 0.014554967 0.999873638 0.006388056 -15.437147141 -0.041032642 -0.005786071 0.999141037 156.609237671
0.999054074 -0.014157818 0.041118354 10.611175537 0.013869157 0.999877155 0.007297091 -15.654314041 -0.041216616 -0.006719910 0.999127626 158.837738037
0.998992503 -0.013473745 0.042807184 10.771817207 0.013120390 0.999877512 0.008524800 -15.873881340 -0.042916812 -0.007954564 0.999046981 161.134094238
0.998961091 -0.012492622 0.043824382 10.956476212 0.012032368 0.999869823 0.010750325 -16.092163086 -0.043952972 -0.010211848 0.998981357 163.370208740
0.998934090 -0.011794353 0.044626113 11.149547577 0.011395971 0.999893010 0.009171017 -16.287261963 -0.044729505 -0.008652684 0.998961687 165.661651611
0.998894513 -0.010986244 0.045705624 11.345053673 0.010634101 0.999911904 0.007940589 -16.499038696 -0.045788836 -0.007445773 0.998923421 167.918502808
0.998810053 -0.009137043 0.047905568 11.531062126 0.008761614 0.999929309 0.008040987 -16.710395813 -0.047975652 -0.007611688 0.998819590 170.156204224
0.998717129 -0.008641635 0.049896382 11.750087738 0.008232174 0.999930799 0.008405932 -16.931823730 -0.049965568 -0.007984390 0.998719037 172.459182739
0.998593688 -0.008927182 0.052261233 11.952415466 0.008527428 0.999932706 0.007867164 -17.140079498 -0.052327957 -0.007410443 0.998602450 174.735977173
0.998512030 -0.008885907 0.053803280 12.164485931 0.008445258 0.999928951 0.008411820 -17.355813980 -0.053874202 -0.007944921 0.998516142 177.001052856
0.998476028 -0.009365549 0.054387476 12.376444817 0.008900632 0.999921799 0.008784162 -17.560672760 -0.054465491 -0.008286692 0.998481333 179.228271484
0.998467624 -0.011047195 0.054224979 12.593914986 0.010583330 0.999905109 0.008834186 -17.781530380 -0.054317418 -0.008246770 0.998489618 181.509521484
0.998425186 -0.011873310 0.054828573 12.792774200 0.011419697 0.999898076 0.008579163 -17.991682053 -0.054924838 -0.007939527 0.998458982 183.755355835
0.998490274 -0.012978196 0.053374108 13.027700424 0.012535078 0.999884188 0.008628509 -18.214542389 -0.053479910 -0.007946433 0.998537302 186.007690430
0.998493075 -0.014828183 0.052836806 13.238805771 0.014347930 0.999852359 0.009457083 -18.428478241 -0.052969240 -0.008684734 0.998558342 188.259338379
0.998503387 -0.015618866 0.052412331 13.450794220 0.015158047 0.999842942 0.009178258 -18.638971329 -0.052547459 -0.008370052 0.998583376 190.499969482
0.998475432 -0.016465381 0.052685436 13.655131340 0.016014477 0.999831557 0.008969117 -18.854267120 -0.052824240 -0.008111715 0.998570859 192.751342773
0.998453736 -0.018247796 0.052508269 13.857065201 0.017835891 0.999806464 0.008302551 -19.065572739 -0.052649602 -0.007353181 0.998585999 194.994964600
0.998486578 -0.017736221 0.052056827 14.065774918 0.017323026 0.999814868 0.008377961 -19.277093887 -0.052195791 -0.007463501 0.998609006 197.227584839
0.998486817 -0.015157004 0.052861683 14.275155067 0.014718948 0.999854088 0.008666379 -19.494255066 -0.052985322 -0.007875196 0.998564363 199.493453979
0.998491764 -0.013455609 0.053226486 14.478246689 0.013035292 0.999881089 0.008236052 -19.705398560 -0.053330984 -0.007529810 0.998548508 201.729797363
0.998471618 -0.012767797 0.053771377 14.692682266 0.012386876 0.999895811 0.007411360 -19.918087006 -0.053860400 -0.006733974 0.998525798 203.987960815
0.998431623 -0.013025436 0.054449230 14.893943787 0.012602828 0.999887824 0.008097711 -20.127206802 -0.054548606 -0.007398796 0.998483717 206.216964722
0.998425305 -0.014446560 0.054204829 15.136010170 0.014019546 0.999867618 0.008249812 -20.349178314 -0.054316834 -0.007476897 0.998495758 208.476684570
0.998353899 -0.014132982 0.055585001 15.340538025 0.013687178 0.999871075 0.008392783 -20.551084518 -0.055696450 -0.007618165 0.998418689 210.722610474
0.998299479 -0.013760549 0.056646720 15.572371483 0.013238342 0.999866366 0.009583648 -20.776130676 -0.056771033 -0.008817440 0.998348296 212.978164673
0.998239815 -0.012347469 0.058006808 15.809240341 0.011794996 0.999881804 0.009857032 -20.987644196 -0.058121674 -0.009155491 0.998267591 215.208801270
0.998037994 -0.010894575 0.061656058 16.001590729 0.010305169 0.999898195 0.009869495 -21.192228317 -0.061757293 -0.009214758 0.998048663 217.472045898
0.997903168 -0.011075499 0.063769631 16.232429504 0.010450122 0.999894202 0.010132035 -21.399845123 -0.063875109 -0.009444392 0.997913182 219.705245972
0.997775435 -0.012413395 0.065499216 16.471109390 0.011744431 0.999874949 0.010588467 -21.602821350 -0.065622449 -0.009795659 0.997796416 221.940582275
0.997663200 -0.013909485 0.066893287 16.705970764 0.013177523 0.999848425 0.011371072 -21.808403015 -0.067041330 -0.010463012 0.997695267 224.173080444
0.997597694 -0.015888507 0.067426711 16.957511902 0.015201379 0.999827266 0.010691650 -22.018598557 -0.067584947 -0.009640986 0.997667074 226.401657104
0.997561991 -0.017204994 0.067630634 17.201248169 0.016543133 0.999809742 0.010334285 -22.220891953 -0.067795582 -0.009190267 0.997656822 228.655883789
0.997524798 -0.017386194 0.068132214 17.446207047 0.016717006 0.999806404 0.010379762 -22.426998138 -0.068299487 -0.009215108 0.997622311 230.896469116
0.997469664 -0.018687403 0.068593450 17.694318771 0.018074641 0.999791086 0.009543076 -22.637422562 -0.068757437 -0.008279128 0.997599006 233.145370483
0.997422814 -0.019653019 0.069003969 17.935924530 0.018973397 0.999764979 0.010490700 -22.840587616 -0.069193929 -0.009154424 0.997561276 235.381973267
0.997442186 -0.019122263 0.068871267 18.214982986 0.018425943 0.999772608 0.010731604 -23.052190781 -0.069060810 -0.009435137 0.997567832 237.643997192
0.997404814 -0.019074306 0.069423571 18.456607819 0.018388845 0.999775767 0.010499367 -23.251924515 -0.069608279 -0.009195500 0.997532010 239.871261597
0.997372568 -0.019236347 0.069841169 18.703884125 0.018525921 0.999769926 0.010805550 -23.459825516 -0.070032954 -0.009483289 0.997499585 242.103652954
0.997326851 -0.019426985 0.070439279 18.949260712 0.018706180 0.999765873 0.010878299 -23.662595749 -0.070634112 -0.009531571 0.997456729 244.345169067
0.997283816 -0.019588932 0.071002267 19.196035385 0.018907459 0.999768615 0.010257312 -23.876808167 -0.071186751 -0.008886976 0.997423410 246.574645996
0.997301817 -0.019296128 0.070830621 19.455347061 0.018668497 0.999780476 0.009512368 -24.087245941 -0.070998639 -0.008164400 0.997442961 248.807693481
0.997276843 -0.019532045 0.071115613 19.708028793 0.018861428 0.999771178 0.010089304 -24.297813416 -0.071296409 -0.008720487 0.997417033 251.049713135
0.997239888 -0.020674407 0.071309187 19.960813522 0.020011790 0.999749780 0.009994228 -24.507171631 -0.071497969 -0.008539621 0.997404158 253.281784058
0.997231960 -0.020876717 0.071362048 20.218053818 0.020167163 0.999739885 0.010649186 -24.716339111 -0.071565785 -0.009180541 0.997393548 255.531890869
0.997188568 -0.021367209 0.071822762 20.456066132 0.020642670 0.999728382 0.010815105 -24.923330307 -0.072034352 -0.009302086 0.997358739 257.750274658
0.997148275 -0.022282511 0.072102591 20.719888687 0.021488445 0.999699950 0.011770095 -25.145055771 -0.072343215 -0.010187158 0.997327745 260.011108398
0.997116625 -0.022021398 0.072618246 20.977867126 0.021257581 0.999710441 0.011274514 -25.349876404 -0.072845496 -0.009698317 0.997296095 262.253234863
0.997083426 -0.022031358 0.073069684 21.237228394 0.021294514 0.999714375 0.010847935 -25.555152893 -0.073287785 -0.009260315 0.997267842 264.511596680
0.997051835 -0.021313248 0.073711693 21.496801376 0.020597212 0.999733090 0.010460633 -25.766712189 -0.073914953 -0.008911539 0.997224689 266.751922607
0.996978104 -0.020571509 0.074909851 21.755428314 0.019846315 0.999748826 0.010412546 -25.969242096 -0.075105257 -0.008894395 0.997135997 268.999145508
0.996863902 -0.020150412 0.076527812 22.009399414 0.019409813 0.999757290 0.010409056 -26.192859650 -0.076719016 -0.008891022 0.997013092 271.250701904
0.996760726 -0.020914717 0.077656098 22.281511307 0.020128021 0.999737978 0.010899505 -26.405090332 -0.077863701 -0.009301137 0.996920586 273.498443604
0.996562839 -0.021271864 0.080064371 22.531663895 0.020407794 0.999724507 0.011595099 -26.610181808 -0.080288969 -0.009921308 0.996722281 275.746337891
0.996459961 -0.021380430 0.081305049 22.811738968 0.020391315 0.999707818 0.012976467 -26.809165955 -0.081558742 -0.011272613 0.996604800 277.987792969
0.996392548 -0.020718170 0.082295030 23.097095490 0.019603103 0.999705076 0.014334639 -27.023311615 -0.082567759 -0.012669693 0.996504843 280.236450195
0.996311903 -0.020342711 0.083358489 23.383047104 0.019127622 0.999699295 0.015349491 -27.226533890 -0.083645664 -0.013698434 0.996401429 282.471893311
0.996232808 -0.019683504 0.084455356 23.664449692 0.018456887 0.999713004 0.015280207 -27.420888901 -0.084731877 -0.013663861 0.996310115 284.731597900
0.996119797 -0.018628081 0.086013362 23.934808731 0.017432215 0.999740899 0.014633544 -27.613365173 -0.086263679 -0.013077361 0.996186435 286.959503174
0.996131480 -0.017492454 0.086116858 24.231294632 0.016443435 0.999781907 0.012875723 -27.798166275 -0.086323299 -0.011409855 0.996201813 289.210815430
0.996059656 -0.018334189 0.086769566 24.506313324 0.017245978 0.999763191 0.013274455 -28.005527496 -0.086992390 -0.011725723 0.996139884 291.436920166
0.995981753 -0.017771633 0.087775484 24.769481659 0.016741062 0.999782205 0.012463325 -28.207401276 -0.087977841 -0.010943791 0.996062338 293.711730957
0.996001959 -0.018346034 0.087427579 25.056383133 0.017417718 0.999783635 0.011369194 -28.404922485 -0.087617226 -0.009800949 0.996106029 295.941925049
0.995992720 -0.018478151 0.087504275 25.339193344 0.017560480 0.999782503 0.011245426 -28.609191895 -0.087693043 -0.009663746 0.996100605 298.174224854
0.995997727 -0.017851355 0.087577552 25.624710083 0.016907679 0.999790847 0.011505377 -28.810844421 -0.087764628 -0.009978597 0.996091247 300.409851074
0.995912373 -0.017760696 0.088561073 25.883598328 0.016730299 0.999783516 0.012363655 -29.017803192 -0.088761494 -0.010831464 0.995994031 302.647125244
0.995917141 -0.017882651 0.088483028 26.174488068 0.016824583 0.999777913 0.012689320 -29.223146439 -0.088690303 -0.011148820 0.995996952 304.896301270
0.995879352 -0.017248478 0.089034200 26.463140488 0.016152292 0.999784768 0.013017829 -29.427188873 -0.089239575 -0.011526078 0.995943487 307.148376465
0.995867431 -0.018108275 0.088994935 26.751157761 0.017009676 0.999769688 0.013087556 -29.637266159 -0.089211419 -0.011519697 0.995946050 309.405700684
0.995826781 -0.019255353 0.089209177 27.041383743 0.018127628 0.999745309 0.013434404 -29.837854385 -0.089445129 -0.011761188 0.995922327 311.665130615
0.995779037 -0.018628549 0.089872524 27.330457687 0.017556375 0.999765158 0.012705851 -30.043186188 -0.090088092 -0.011074387 0.995872200 313.917297363
0.995800614 -0.018299254 0.089702636 27.628086090 0.017157458 0.999761879 0.013483369 -30.249076843 -0.089928009 -0.011887677 0.995877266 316.173583984
0.995749891 -0.016394122 0.090627082 27.918708801 0.015314281 0.999803364 0.012597794 -30.454040527 -0.090815783 -0.011156363 0.995805204 318.422332764
0.995724559 -0.015067833 0.091134541 28.204565048 0.013914183 0.999814987 0.013280925 -30.656997681 -0.091317788 -0.011956082 0.995749950 320.671478271
0.995666564 -0.013546412 0.092004381 28.488964081 0.012385556 0.999836385 0.013176715 -30.864746094 -0.092167825 -0.011980088 0.995671391 322.899932861
0.995620489 -0.012831924 0.092601359 28.775619507 0.011622569 0.999840140 0.013587335 -31.062698364 -0.092760898 -0.012451564 0.995610535 325.139038086
0.995612741 -0.012259617 0.092763118 29.075391769 0.010906775 0.999826968 0.015076789 -31.273454666 -0.092931896 -0.013998899 0.995574057 327.364288330
0.995582759 -0.012604914 0.093037970 29.366846085 0.011253777 0.999823689 0.015032859 -31.479677200 -0.093211055 -0.013919426 0.995549083 329.606018066
0.995572329 -0.013897842 0.092965558 29.669689178 0.012629059 0.999819100 0.014222321 -31.677940369 -0.093146406 -0.012985282 0.995567739 331.843017578
0.995579541 -0.013811022 0.092901275 29.963396072 0.012535269 0.999819160 0.014301920 -31.882438660 -0.093081996 -0.013074155 0.995572627 334.062896729
0.995575666 -0.014398318 0.092853703 30.260896683 0.013016837 0.999795794 0.015466551 -32.079185486 -0.093057416 -0.014189462 0.995559633 336.298583984
0.995642483 -0.014992424 0.092039540 30.573036194 0.013632178 0.999788642 0.015389893 -32.273956299 -0.092250809 -0.014068130 0.995636404 338.533325195
0.995627463 -0.014864112 0.092222929 30.861007690 0.013455220 0.999783397 0.015880028 -32.477535248 -0.092438988 -0.014569713 0.995611727 340.774963379
0.995688856 -0.015149844 0.091510050 31.166812897 0.013787884 0.999784768 0.015497106 -32.675888062 -0.091725126 -0.014168567 0.995683551 343.015441895
0.995696485 -0.015335612 0.091396086 31.460277557 0.013923937 0.999774039 0.016063374 -32.872158051 -0.091621779 -0.014721653 0.995684981 345.260864258
0.995739877 -0.015250180 0.090936936 31.753810883 0.013845497 0.999775171 0.016057702 -33.064388275 -0.091161363 -0.014730226 0.995727181 347.496124268
0.995801389 -0.015384368 0.090237543 32.048587799 0.013992109 0.999773443 0.016041210 -33.259387970 -0.090463892 -0.014711249 0.995791018 349.737365723
0.995815992 -0.015066407 0.090129778 32.337749481 0.013641605 0.999772370 0.016403528 -33.457008362 -0.090356395 -0.015105383 0.995794952 351.978515625
0.995848715 -0.015212694 0.089743674 32.625377655 0.013763934 0.999765277 0.016740199 -33.648876190 -0.089977242 -0.015435483 0.995824218 354.206176758
0.995863855 -0.014979746 0.089614958 32.911666870 0.013572105 0.999775112 0.016296508 -33.844779968 -0.089838915 -0.015012838 0.995843291 356.440368652
0.995926261 -0.015312343 0.088861540 33.207866669 0.013884244 0.999764681 0.016667021 -34.038993835 -0.089095846 -0.015365352 0.995904446 358.676727295
0.995976210 -0.015055218 0.088344105 33.501182556 0.013561656 0.999755204 0.017482135 -34.234382629 -0.088585667 -0.016213698 0.995936513 360.914703369
0.996028006 -0.015397008 0.087699443 33.793895721 0.013910893 0.999749660 0.017531605 -34.430175781 -0.087947406 -0.016241994 0.995992720 363.154235840
0.996072054 -0.015224583 0.087227963 34.083736420 0.013717189 0.999746442 0.017854553 -34.620655060 -0.087477677 -0.016587896 0.996028364 365.389953613
0.996109664 -0.015127876 0.086815692 34.371578217 0.013686484 0.999758840 0.017174229 -34.816448212 -0.087054558 -0.015919209 0.996076345 367.654113770
0.996140003 -0.015759321 0.086352162 34.656555176 0.014341988 0.999752462 0.017009305 -35.011486053 -0.086598843 -0.015705189 0.996119440 369.901397705
0.996134818 -0.015684571 0.086424574 34.936534882 0.014339335 0.999766469 0.016164307 -35.201976776 -0.086657926 -0.014862560 0.996127248 372.165344238
0.996183813 -0.015545184 0.085884787 35.222541809 0.014193343 0.999765873 0.016328458 -35.401298523 -0.086118512 -0.015047151 0.996171355 374.400909424
0.996228874 -0.015277841 0.085408539 35.510936737 0.013865089 0.999757409 0.017109891 -35.592586517 -0.085649222 -0.015861174 0.996199071 376.653991699
0.996183574 -0.015405433 0.085912310 35.782562256 0.013963507 0.999751747 0.017359495 -35.783500671 -0.086158432 -0.016093610 0.996151447 378.907928467
0.996193469 -0.016133264 0.085665233 36.068195343 0.014681433 0.999738157 0.017550839 -35.979290009 -0.085925952 -0.016226340 0.996169388 381.147888184
0.996199548 -0.016301654 0.085561387 36.353324890 0.014837935 0.999732912 0.017715456 -36.170246124 -0.085827328 -0.016378574 0.996175349 383.400115967
0.996227860 -0.015641123 0.085353985 36.647689819 0.014153193 0.999737620 0.018009901 -36.366569519 -0.085613288 -0.016733935 0.996187925 385.659179688
0.996233523 -0.014812734 0.085436516 36.932853699 0.013322907 0.999749541 0.017981781 -36.554355621 -0.085681461 -0.016775789 0.996181309 387.918243408
0.996255875 -0.013629032 0.085372083 37.222026825 0.012137251 0.999764860 0.017968614 -36.753643036 -0.085596912 -0.016865155 0.996187091 390.187316895
0.996250093 -0.011959057 0.085690051 37.503341675 0.010459282 0.999784529 0.017929941 -36.949783325 -0.085886024 -0.016966447 0.996160448 392.468475342
0.996279120 -0.010908036 0.085492201 37.790870667 0.009295258 0.999771655 0.019240057 -37.141387939 -0.085682556 -0.018373795 0.996153057 394.729003906
0.996209145 -0.009855827 0.086430609 38.062675476 0.008169075 0.999769568 0.019847678 -37.335514069 -0.086606301 -0.019066380 0.996060073 396.992523193
0.996153474 -0.009578156 0.087100819 38.343948364 0.008011960 0.999800205 0.018313261 -37.532764435 -0.087258823 -0.017544977 0.996031165 399.255828857
0.996074438 -0.008964307 0.088065311 38.623378754 0.007434796 0.999816060 0.017680617 -37.723812103 -0.088207595 -0.016956462 0.995957732 401.517974854
0.996024966 -0.010984425 0.088394471 38.902236938 0.009358973 0.999779940 0.018782111 -37.918579102 -0.088581339 -0.017880173 0.995908380 403.789703369
0.995987296 -0.012430309 0.088626355 39.193141937 0.010711128 0.999745667 0.019847365 -38.110942841 -0.088850521 -0.018818438 0.995867193 406.038757324
0.995945096 -0.013374324 0.088963352 39.479488373 0.011672809 0.999739408 0.019618882 -38.298294067 -0.089202560 -0.018500874 0.995841622 408.300811768
0.995909333 -0.013050718 0.089410752 39.774375916 0.011478206 0.999770761 0.018079190 -38.482921600 -0.089626200 -0.016978959 0.995830715 410.563629150
0.995892167 -0.011556075 0.089806214 40.088615417 0.009907660 0.999774575 0.018779417 -38.685409546 -0.090002976 -0.017812507 0.995782197 412.848052979
0.995803058 -0.010416447 0.090927184 40.366374969 0.008749566 0.999786615 0.018711481 -38.878223419 -0.091102697 -0.017837377 0.995681703 415.086059570
0.995730996 -0.009270085 0.091836020 40.663032532 0.007566982 0.999793112 0.018875914 -39.069324493 -0.091992021 -0.018100407 0.995595157 417.357574463
0.995672524 -0.009322252 0.092461608 40.962299347 0.007629876 0.999797285 0.018640187 -39.262035370 -0.092616618 -0.017854052 0.995541751 419.611511230
0.995576680 -0.009208241 0.093499966 41.254589081 0.007492348 0.999797344 0.018686306 -39.451171875 -0.093653068 -0.017903117 0.995443940 421.864196777
0.995482564 -0.009387206 0.094479024 41.544338226 0.007675985 0.999800146 0.018459339 -39.644336700 -0.094633430 -0.017650736 0.995355666 424.123535156
0.995414555 -0.009582912 0.095173448 41.846405029 0.007743851 0.999776483 0.019673849 -39.835895538 -0.095340706 -0.018846624 0.995266259 426.395782471
0.995382309 -0.008824191 0.095583647 42.147731781 0.006925823 0.999772489 0.020174408 -40.023323059 -0.095739923 -0.019419249 0.995216966 428.648254395
0.995302439 -0.008107810 0.096474625 42.453952789 0.006118252 0.999762893 0.020900587 -40.210784912 -0.096621215 -0.020212146 0.995115995 430.928863525
0.995303690 -0.008545757 0.096423231 42.760280609 0.006521283 0.999752164 0.021291340 -40.411605835 -0.096581258 -0.020562548 0.995112598 433.204437256
0.995259643 -0.009157251 0.096821181 43.070835114 0.007186730 0.999760270 0.020681348 -40.606739044 -0.096987359 -0.019887486 0.995086908 435.468902588
0.995235145 -0.008342387 0.097146504 43.381370544 0.006353827 0.999764264 0.020761108 -40.781776428 -0.097296804 -0.020044930 0.995053649 437.735107422
0.995205998 -0.008742683 0.097408861 43.693092346 0.006728494 0.999757111 0.020987017 -40.970115662 -0.097568691 -0.020230992 0.995023131 440.019348145
0.995236933 -0.008773500 0.097090624 44.011402130 0.006743898 0.999752223 0.021212656 -41.155822754 -0.097252689 -0.020456845 0.995049417 442.291809082
0.995261014 -0.008023639 0.096908018 44.343727112 0.005916208 0.999740124 0.022014523 -41.357643127 -0.097059458 -0.021336865 0.995049834 444.585906982
0.995224953 -0.008790988 0.097211458 44.654891968 0.006645738 0.999727666 0.022369698 -41.545360565 -0.097381622 -0.021616835 0.995012343 446.861358643
0.995227695 -0.008842652 0.097177565 44.965480804 0.006737070 0.999735773 0.021974193 -41.734703064 -0.097346179 -0.021214634 0.995024443 449.126617432
0.995246112 -0.008194359 0.097046494 45.277847290 0.006115462 0.999745846 0.021699782 -41.923583984 -0.097199641 -0.021003136 0.995043278 451.389709473
0.995180488 -0.007601101 0.097764507 45.582374573 0.005533937 0.999755681 0.021398127 -42.117092133 -0.097903289 -0.020753976 0.994979441 453.652099609
0.995092690 -0.006834545 0.098710969 45.886028290 0.004738320 0.999758720 0.021454832 -42.296623230 -0.098833777 -0.020881819 0.994884849 455.931121826
0.995062113 -0.007262331 0.098987706 46.190803528 0.005164538 0.999756992 0.021432256 -42.494415283 -0.099119291 -0.020815199 0.994857788 458.194610596
0.995090306 -0.006432526 0.098762035 46.514217377 0.004427082 0.999779820 0.020511555 -42.678520203 -0.098872237 -0.019973628 0.994899631 460.479309082
0.995059907 -0.005229430 0.099137984 46.823139191 0.003150064 0.999772012 0.021119410 -42.869049072 -0.099225827 -0.020702785 0.994849563 462.759674072
0.995054364 -0.004812208 0.099215053 47.131347656 0.002591237 0.999743402 0.022502154 -43.055900574 -0.099297874 -0.022133773 0.994811475 465.031158447
0.995079815 -0.004962147 0.098951913 47.435573578 0.002717154 0.999736071 0.022809593 -43.237808228 -0.099038966 -0.022428496 0.994830787 467.294982910
0.995217860 -0.004773032 0.097563587 47.760993958 0.002690979 0.999765992 0.021460926 -43.420509338 -0.097643204 -0.021095755 0.994997799 469.578308105
0.995279014 -0.004863322 0.096933313 48.079738617 0.002817527 0.999770641 0.021230903 -43.615196228 -0.097014330 -0.020857560 0.995064437 471.871765137
0.995364964 -0.005766109 0.095996305 48.392974854 0.003649847 0.999746740 0.022206251 -43.807331085 -0.096100047 -0.021752954 0.995133936 474.151977539
0.995352566 -0.006124368 0.096102841 48.692024231 0.003999847 0.999743640 0.022283854 -43.994117737 -0.096214689 -0.021795893 0.995121896 476.430389404
0.995462418 -0.005806074 0.094978221 49.000801086 0.003745550 0.999754012 0.021858610 -44.164463043 -0.095081761 -0.021403676 0.995239437 478.720642090
0.995501578 -0.005922340 0.094559714 49.309028625 0.003831798 0.999744475 0.022274461 -44.349185944 -0.094667464 -0.021811925 0.995269954 481.001464844
0.995521307 -0.006414748 0.094319358 49.614677429 0.004278974 0.999730170 0.022828905 -44.534866333 -0.094440341 -0.022323078 0.995280206 483.272399902
0.995528400 -0.007068330 0.094197452 49.907768250 0.005000476 0.999741614 0.022170337 -44.720832825 -0.094329834 -0.021600170 0.995306611 485.556823730
0.995609760 -0.007703560 0.093283474 50.219356537 0.005560060 0.999714911 0.023216486 -44.918655396 -0.093435735 -0.022595897 0.995368898 487.859924316
0.995694935 -0.008151257 0.092331208 50.524692535 0.006039408 0.999714136 0.023128901 -45.096641541 -0.092493348 -0.022471702 0.995459735 490.140625000
0.995632172 -0.007689301 0.093045257 50.784477234 0.005519009 0.999707103 0.023560008 -45.291755676 -0.093199179 -0.022943584 0.995383024 492.404785156
0.995684624 -0.006931739 0.092542216 51.092746735 0.004714422 0.999697149 0.024157193 -45.474010468 -0.092681631 -0.023616666 0.995415688 494.693511963
0.995702267 -0.006511702 0.092382520 51.383209229 0.004342874 0.999710679 0.023658235 -45.653022766 -0.092509851 -0.023155358 0.995442510 496.987304688
0.995724976 -0.006466325 0.092140071 51.692665100 0.004334648 0.999718666 0.023316551 -45.844917297 -0.092264920 -0.022817481 0.995473027 499.305877686
0.995774388 -0.006538269 0.091600567 51.991931915 0.004348585 0.999700487 0.024083912 -46.027259827 -0.091730595 -0.023583809 0.995504558 501.595642090
0.995764315 -0.006309640 0.091725335 52.280967712 0.004091403 0.999695063 0.024351429 -46.213115692 -0.091851026 -0.023873001 0.995486498 503.872131348
0.995786250 -0.005466762 0.091541305 52.577636719 0.003313025 0.999714494 0.023662936 -46.396308899 -0.091644533 -0.023259949 0.995520115 506.161254883
0.995778441 -0.005255794 0.091638997 52.869796753 0.003041947 0.999700546 0.024281304 -46.580131531 -0.091739178 -0.023900043 0.995496213 508.455200195
0.995802462 -0.005782987 0.091344692 53.171916962 0.003660793 0.999719799 0.023383290 -46.765087128 -0.091454342 -0.022950744 0.995544732 510.747833252
0.995839596 -0.006354770 0.090901755 53.477283478 0.004166616 0.999697447 0.024241179 -46.952400208 -0.091028295 -0.023761572 0.995564759 513.048767090
0.995863378 -0.006240455 0.090647779 53.777931213 0.004038434 0.999692798 0.024455180 -47.133609772 -0.090772562 -0.023987947 0.995582640 515.346740723
0.995863140 -0.005517475 0.090698108 54.069988251 0.003337363 0.999702275 0.024171133 -47.315109253 -0.090804465 -0.023768449 0.995585084 517.652526855
0.995849490 -0.004571909 0.090900175 54.360645294 0.002426851 0.999716341 0.023694472 -47.497310638 -0.090982705 -0.023375532 0.995578110 519.943969727
0.995802224 -0.002495302 0.091498628 54.654533386 0.000283240 0.999707580 0.024180926 -47.689315796 -0.091532230 -0.024053508 0.995511591 522.293334961
0.995641112 -0.000212114 0.093267195 54.936183929 -0.002056618 0.999704361 0.024228299 -47.869201660 -0.093244769 -0.024314504 0.995346248 524.615966797
0.995664954 0.000649824 0.093010195 55.253116608 -0.003024226 0.999673069 0.025389735 -48.050357819 -0.092963293 -0.025560951 0.995341301 526.952514648
0.995591879 0.000243838 0.093791127 55.550651550 -0.002641224 0.999672949 0.025437629 -48.232471466 -0.093754247 -0.025573220 0.995266855 529.265014648
0.995538950 -0.001569325 0.094338454 55.850158691 -0.000963642 0.999640405 0.026798245 -48.410583496 -0.094346568 -0.026769601 0.995179415 531.577575684
0.995509624 -0.003332116 0.094601616 56.167938232 0.000829736 0.999648988 0.026478793 -48.586868286 -0.094656661 -0.026281398 0.995163023 533.902282715
0.995483935 -0.003306552 0.094872318 56.478538513 0.000861458 0.999666691 0.025801865 -48.764457703 -0.094926015 -0.025603615 0.995155036 536.220458984
0.995400727 -0.003647074 0.095729053 56.783973694 0.001196600 0.999670446 0.025642954 -48.945682526 -0.095791012 -0.025410462 0.995077074 538.537536621
0.995319664 -0.002838762 0.096595205 57.089096069 0.000430135 0.999688685 0.024946971 -49.128883362 -0.096635945 -0.024788657 0.995011091 540.853393555
0.995227396 -0.002245506 0.097557575 57.402046204 -0.000185805 0.999689698 0.024905585 -49.317012787 -0.097583234 -0.024804842 0.994918227 543.172607422
0.995128453 -0.001801866 0.098570205 57.694305420 -0.000546652 0.999716759 0.023793653 -49.498405457 -0.098585144 -0.023731625 0.994845629 545.486877441
0.994994760 -0.001689372 0.099912629 57.995254517 -0.000725728 0.999708593 0.024130827 -49.677650452 -0.099924274 -0.024082555 0.994703591 547.814208984
0.994933546 -0.001697864 0.100520141 58.307022095 -0.000820209 0.999687016 0.025003791 -49.863159180 -0.100531138 -0.024959562 0.994620800 550.122314453
0.994894862 -0.002087054 0.100895360 58.625812531 -0.000466568 0.999680340 0.025279384 -50.046714783 -0.100915886 -0.025197407 0.994575799 552.429748535
0.994975328 -0.003198809 0.100068495 58.961948395 0.000783365 0.999707460 0.024167890 -50.225185394 -0.100116551 -0.023968061 0.994686961 554.740905762
0.994965374 -0.003468593 0.100160591 59.285102844 0.001004726 0.999696016 0.024639135 -50.411075592 -0.100215591 -0.024414454 0.994666159 557.055908203
0.994923890 -0.003329168 0.100574903 59.605438232 0.000805576 0.999684095 0.025121858 -50.594406128 -0.100626782 -0.024913317 0.994612277 559.367004395
0.994904459 -0.002814098 0.100783110 59.930179596 0.000189157 0.999660671 0.026045544 -50.774490356 -0.100822218 -0.025893765 0.994567394 561.700500488
0.994902194 -0.003823182 0.100773342 60.259326935 0.001147030 0.999645472 0.026600711 -50.956680298 -0.100839347 -0.026349517 0.994553745 564.035034180
0.994871795 -0.003236991 0.101091988 60.586128235 0.000477944 0.999627054 0.027304746 -51.134559631 -0.101142660 -0.027116407 0.994502306 566.353088379
0.994832098 -0.002512268 0.101501860 60.913715363 -0.000201127 0.999643087 0.026713394 -51.318069458 -0.101532750 -0.026595756 0.994476557 568.672790527
0.994856834 -0.001448651 0.101280883 61.256607056 -0.001102398 0.999683678 0.025127370 -51.491016388 -0.101285219 -0.025109785 0.994540632 571.007141113
0.994827926 -0.000804733 0.101571180 61.591201782 -0.001787424 0.999675095 0.025427010 -51.673542023 -0.101558641 -0.025477052 0.994503319 573.325073242
0.994841456 -0.001136847 0.101435520 61.926185608 -0.001542973 0.999651968 0.026336597 -51.859172821 -0.101430155 -0.026357248 0.994493425 575.695495605
0.994851768 -0.001301613 0.101332694 62.263751984 -0.001485817 0.999622703 0.027427368 -52.042602539 -0.101330161 -0.027436730 0.994474411 578.008178711
0.994764805 -0.000922156 0.102185957 62.583488464 -0.001724833 0.999665260 0.025812253 -52.222270966 -0.102175564 -0.025853375 0.994430363 580.385131836
0.994816363 -0.001531546 0.101676367 62.918960571 -0.001057830 0.999676585 0.025408052 -52.397056580 -0.101682395 -0.025383901 0.994493008 582.724426270
0.994792163 -0.002183116 0.101901159 63.251659393 -0.000587160 0.999631226 0.027148001 -52.590354919 -0.101922832 -0.027066447 0.994424045 585.054016113
0.994837344 -0.001998153 0.101463050 63.582214355 -0.000772689 0.999628007 0.027262231 -52.768539429 -0.101479799 -0.027199885 0.994465768 587.371093750
0.994801283 -0.004364237 0.101740576 63.921085358 0.001739747 0.999663711 0.025870377 -52.949272156 -0.101819269 -0.025558883 0.994474530 589.717285156
0.994788945 -0.004599612 0.101851016 64.250328064 0.001973725 0.999663413 0.025867440 -53.127185822 -0.101935692 -0.025531620 0.994463325 592.064025879
0.994805336 -0.006127922 0.101610623 64.579689026 0.003465642 0.999646604 0.026356664 -53.309303284 -0.101736233 -0.025867606 0.994475067 594.398620605
0.994826436 -0.006879603 0.101355329 64.920738220 0.004212867 0.999639928 0.026501343 -53.490928650 -0.101501144 -0.025937239 0.994497240 596.759826660
