1.000000000 0.000000000 0.000000000 0.000000000 0.000000000 1.000000000 0.000000000 0.000000000 0.000000000 0.000000000 1.000000000 0.000000000
0.999999881 0.000076049 0.000473006 0.088496141 -0.000075956 1.000000000 -0.000195969 -0.226807669 -0.000473021 0.000195934 0.999999881 2.294510126
0.999999285 0.000395301 0.001153707 0.166998163 -0.000395773 0.999999821 0.000408962 -0.467048138 -0.001153545 -0.000409418 0.999999225 4.583690643
0.999998510 0.000045565 0.001709586 0.264661044 -0.000046613 0.999999821 0.000613247 -0.698807716 -0.001709557 -0.000613326 0.999998271 6.872968197
0.999996543 -0.000022032 0.002608497 0.359144568 0.000025065 0.999999344 -0.001162850 -0.930072606 -0.002608469 0.001162911 0.999995887 9.163858414
0.999988437 0.001679302 0.004517925 0.451823205 -0.001680029 0.999998689 0.000157139 -1.165080786 -0.004517655 -0.000164727 0.999989808 11.468585968
0.999966562 0.003689197 0.007295383 0.546847224 -0.003698607 0.999992371 0.001276794 -1.395632744 -0.007290615 -0.001303733 0.999972582 13.759687424
0.999946773 0.003566912 0.009684729 0.654023111 -0.003605220 0.999985814 0.003940991 -1.624597192 -0.009670533 -0.003975697 0.999945283 16.032060623
0.999937236 0.003971758 0.010473336 0.752393723 -0.004026785 0.999978304 0.005238163 -1.852478147 -0.010452304 -0.005280009 0.999931455 18.321655273
0.999913871 0.003145322 0.012733240 0.854162514 -0.003214262 0.999980271 0.005397313 -2.076413393 -0.012716012 -0.005437776 0.999904335 20.616174698
0.999924779 0.000614826 0.012249933 0.988269091 -0.000653438 0.999994814 0.003148230 -2.305450916 -0.012247935 -0.003155998 0.999919951 22.919496536
0.999911666 -0.001504249 0.013209284 1.095478296 0.001488075 0.999998093 0.001234159 -2.526321411 -0.013211117 -0.001214394 0.999912024 25.198022842
0.999911189 -0.002351810 0.013113700 1.229029179 0.002340905 0.999996901 0.000846829 -2.776602745 -0.013115650 -0.000816056 0.999913633 27.509937286
0.999894142 -0.002075009 0.014401240 1.333372116 0.002078429 0.999997795 -0.000222559 -3.000166178 -0.014400749 0.000252467 0.999896228 29.796659470
0.999891579 -0.000015952 0.014724403 1.460538507 -0.000024501 0.999996245 0.002747124 -3.234026432 -0.014724390 -0.002747187 0.999887824 32.050399780
0.999894679 0.001902967 0.014389509 1.595276594 -0.001975704 0.999985397 0.005042346 -3.453273058 -0.014379704 -0.005070244 0.999883771 34.331718445
0.999869525 0.003685657 0.015729163 1.716458082 -0.003823461 0.999954641 0.008739977 -3.680236101 -0.015696235 -0.008798975 0.999838114 36.651737213
0.999855816 0.005566236 0.016043998 1.839091539 -0.005701902 0.999948323 0.008422587 -3.897958040 -0.015996285 -0.008512854 0.999835849 38.923503876
0.999816716 0.004683616 0.018564783 1.937990427 -0.004805961 0.999966979 0.006551092 -4.098969460 -0.018533489 -0.006639110 0.999806225 41.228660583
0.999824047 0.002219107 0.018630266 2.064191341 -0.002323942 0.999981582 0.005607387 -4.323646069 -0.018617481 -0.005649696 0.999810755 43.505958557
0.999826431 0.001921016 0.018531611 2.198974609 -0.002009787 0.999986589 0.004772826 -4.551834106 -0.018522194 -0.004809242 0.999816895 45.756576538
0.999821603 0.001262946 0.018845636 2.319145203 -0.001334131 0.999991953 0.003765169 -4.778650761 -0.018840734 -0.003789640 0.999815345 48.039253235
0.999821663 -0.000401359 0.018888587 2.456174850 0.000323455 0.999991417 0.004127237 -5.006065369 -0.018890083 -0.004120390 0.999813080 50.322109222
0.999797046 -0.001006316 0.020120490 2.581720352 0.000917033 0.999989688 0.004446162 -5.228278637 -0.020124752 -0.004426808 0.999787807 52.591251373
0.999793470 -0.002215194 0.020203216 2.722374201 0.002125265 0.999987662 0.004471611 -5.456544876 -0.020212872 -0.004427750 0.999785900 54.878799438
0.999754071 -0.002239197 0.022061417 2.841056585 0.002131443 0.999985695 0.004906545 -5.686833858 -0.022072084 -0.004858317 0.999744534 57.166481018
0.999739170 -0.003562848 0.022558887 2.982960224 0.003440788 0.999979198 0.005447227 -5.908426762 -0.022577826 -0.005368186 0.999730647 59.433917999
0.999695718 -0.004816203 0.024187271 3.109208584 0.004699946 0.999977112 0.004861125 -6.132616520 -0.024210123 -0.004745967 0.999695539 61.703464508
0.999679267 -0.005467625 0.024733629 3.260775328 0.005350173 0.999974132 0.004812336 -6.355961323 -0.024759304 -0.004678463 0.999682605 63.956241608
0.999646664 -0.005120359 0.026083583 3.402246475 0.004986798 0.999974132 0.005182954 -6.574486256 -0.026109450 -0.005051049 0.999646306 66.224967957
0.999621212 -0.004165245 0.027201850 3.552047253 0.004017532 0.999976873 0.005482616 -6.799277782 -0.027224056 -0.005371256 0.999614954 68.480331421
0.999577045 -0.004382198 0.028748296 3.690282345 0.004228531 0.999976456 0.005403823 -7.024988174 -0.028771300 -0.005279975 0.999572039 70.730964661
0.999566793 -0.005064239 0.028992422 3.854732990 0.004945292 0.999979079 0.004172931 -7.248093128 -0.029012954 -0.004027748 0.999570847 72.981201172
0.999550939 -0.006097718 0.029339092 4.015924454 0.005969917 0.999972343 0.004441632 -7.471606255 -0.029365363 -0.004264486 0.999559641 75.263229370
0.999504149 -0.007364166 0.030616460 4.177955627 0.007249406 0.999966264 0.003857612 -7.700229645 -0.030643832 -0.003633748 0.999523759 77.526947021
0.999499500 -0.008304367 0.030528778 4.338645458 0.008179838 0.999957740 0.004201752 -7.930524826 -0.030562380 -0.003949929 0.999525189 79.757987976
0.999468803 -0.008724869 0.031402986 4.488067627 0.008608695 0.999955595 0.003832794 -8.145193100 -0.031435031 -0.003560420 0.999499500 82.012771606
0.999452949 -0.008058444 0.032076500 4.664042473 0.007941853 0.999961376 0.003760499 -8.374905586 -0.032105573 -0.003503695 0.999478340 84.288223267
0.999399126 -0.007726029 0.033789109 4.821810722 0.007578923 0.999961138 0.004479564 -8.594389915 -0.033822410 -0.004220787 0.999418914 86.537956238
0.999405205 -0.007358186 0.033691883 4.994745731 0.007170195 0.999957979 0.005697151 -8.826823235 -0.033732388 -0.005452185 0.999416053 88.820175171
0.999380589 -0.006221250 0.034637894 5.155953884 0.006011207 0.999962866 0.006164805 -9.048316956 -0.034674965 -0.005952770 0.999380887 91.073677063
0.999356866 -0.006517162 0.035262164 5.326223850 0.006304193 0.999961257 0.006147418 -9.267793655 -0.035300862 -0.005921166 0.999359131 93.325073242
0.999340117 -0.006708272 0.035701279 5.496132851 0.006506614 0.999962330 0.005761688 -9.483745575 -0.035738595 -0.005525590 0.999345899 95.578453064
0.999311507 -0.007273942 0.036380455 5.667442322 0.007063212 0.999957561 0.005917587 -9.699124336 -0.036421943 -0.005656551 0.999320507 97.830329895
0.999271572 -0.006997746 0.037514247 5.829021931 0.006791194 0.999961078 0.005630577 -9.929825783 -0.037552189 -0.005371708 0.999280214 100.068336487
0.999200881 -0.007165640 0.039322641 5.983892918 0.006909299 0.999953985 0.006650951 -10.143098831 -0.039368492 -0.006373944 0.999204397 102.294136047
0.999201119 -0.007499560 0.039254773 6.186313629 0.007244842 0.999951780 0.006627092 -10.360261917 -0.039302588 -0.006337402 0.999207258 104.540710449
0.999160647 -0.008292175 0.040115282 6.361053467 0.008001933 0.999940693 0.007390318 -10.573307037 -0.040174183 -0.007063116 0.999167740 106.768203735
0.999128819 -0.009634459 0.040603608 6.550179005 0.009332030 0.999927342 0.007631253 -10.785549164 -0.040674176 -0.007245690 0.999146163 109.005371094
0.999098122 -0.010655294 0.041103113 6.741016388 0.010306239 0.999909103 0.008694805 -11.007944107 -0.041192032 -0.008263347 0.999117076 111.247169495
0.999081612 -0.011428052 0.041296158 6.931238174 0.011140710 0.999912143 0.007181499 -11.222960472 -0.041374601 -0.006714835 0.999121130 113.505943298
0.999035180 -0.012084505 0.042220403 7.113370895 0.011827042 0.999909878 0.006342573 -11.439211845 -0.042293239 -0.005837111 0.999088109 115.746589661
0.999004185 -0.012415239 0.042853858 7.295759201 0.012137614 0.999903619 0.006732596 -11.660897255 -0.042933308 -0.006205747 0.999058664 117.978477478
0.998947740 -0.012630931 0.044089336 7.485033512 0.012309272 0.999895692 0.007559512 -11.877398491 -0.044180222 -0.007008851 0.998998940 120.225341797
0.998929620 -0.013477406 0.044251073 7.689951897 0.013117117 0.999878526 0.008422252 -12.100479126 -0.044359211 -0.007832791 0.998984933 122.429344177
0.998888791 -0.014415177 0.044870891 7.894700050 0.014061186 0.999867558 0.008194827 -12.323591232 -0.044983070 -0.007554783 0.998959184 124.706787109
0.998842418 -0.015098501 0.045670375 8.078516006 0.014765974 0.999861956 0.007609713 -12.545674324 -0.045778964 -0.006926536 0.998927593 126.972839355
0.998826385 -0.016546514 0.045518123 8.269995689 0.016195554 0.999836206 0.008068330 -12.759443283 -0.045644168 -0.007321671 0.998930871 129.230010986
0.998852670 -0.017751997 0.044476867 8.462224007 0.017398631 0.999813914 0.008319627 -12.970540047 -0.044616282 -0.007536243 0.998975694 131.476974487
0.998909116 -0.017953420 0.043105248 8.655017853 0.017558984 0.999800503 0.009511848 -13.181556702 -0.043267421 -0.008744588 0.999025226 133.707717896
0.998971045 -0.019173045 0.041100852 8.854061127 0.018819293 0.999782622 0.008976636 -13.397449493 -0.041264031 -0.008193910 0.999114692 135.957901001
0.999036610 -0.019889278 0.039118368 9.060047150 0.019557374 0.999769509 0.008848991 -13.609416962 -0.039285347 -0.008075414 0.999195337 138.180969238
0.999037683 -0.020616179 0.038712610 9.234807968 0.020290330 0.999755502 0.008791411 -13.826832771 -0.038884394 -0.007997461 0.999211669 140.469451904
0.999031723 -0.020936428 0.038695037 9.404565811 0.020599818 0.999746680 0.009077468 -14.032901764 -0.038875286 -0.008271568 0.999209821 142.701538086
0.999070644 -0.020713115 0.037800316 9.593139648 0.020331761 0.999738693 0.010445386 -14.254594803 -0.038006794 -0.009667131 0.999230742 144.936065674
0.999085248 -0.019866599 0.037867740 9.765935898 0.019529488 0.999766469 0.009251635 -14.463592529 -0.038042698 -0.008503633 0.999240041 147.184707642
0.999106586 -0.018711096 0.037893690 9.942710876 0.018425087 0.999799192 0.007883010 -14.675867081 -0.038033575 -0.007177772 0.999250650 149.416412354
0.999122024 -0.017215533 0.038194608 10.117696762 0.016961625 0.999831855 0.006961966 -14.892107964 -0.038308043 -0.006308011 0.999246001 151.660308838
0.999130487 -0.016324550 0.038367320 10.300159454 0.016063113 0.999845624 0.007112593 -15.103872299 -0.038477506 -0.006490109 0.999238372 153.892929077
0.999128997 -0.015574301 0.038712870 10.484452248 0.015291738 0.999854326 0.007584282 -15.316646576 -0.038825352 -0.006985688 0.999221623 156.139007568
0.999110520 -0.014222847 0.039697364 10.645635605 0.013875322 0.999863088 0.009016255 -15.531036377 -0.039820157 -0.008457421 0.999171078 158.373748779
0.999064922 -0.013714507 0.041002862 10.824998856 0.013321922 0.999862909 0.009832567 -15.741052628 -0.041132089 -0.009277137 0.999110699 160.618331909
0.999037504 -0.012246268 0.042119406 10.990671158 0.011766545 0.999863207 0.011618735 -15.952663422 -0.042255927 -0.011111951 0.999045014 162.873550415
0.999004662 -0.011648291 0.043057449 11.171159744 0.011195299 0.999879599 0.010746885 -16.150249481 -0.043177448 -0.010254147 0.999014795 165.115066528
0.998959780 -0.010954366 0.044264231 11.362668991 0.010528689 0.999896169 0.009838425 -16.360115051 -0.044367407 -0.009362146 0.998971403 167.343261719
0.998903334 -0.009337492 0.045879193 11.550064087 0.008905414 0.999914050 0.009613139 -16.571483612 -0.045965008 -0.009194022 0.998900712 169.586914062
0.998788357 -0.008742765 0.048429575 11.739808083 0.008283816 0.999918938 0.009669275 -16.778821945 -0.048510190 -0.009256378 0.998779714 171.829528809
0.998663962 -0.009077573 0.050870091 11.937919617 0.008609945 0.999918640 0.009404202 -16.989387512 -0.050951324 -0.008953649 0.998660982 174.087844849
0.998583972 -0.008834768 0.052457325 12.146611214 0.008317058 0.999914527 0.010079288 -17.205484390 -0.052541893 -0.009628723 0.998572290 176.335266113
0.998538256 -0.009341203 0.053235471 12.347686768 0.008766080 0.999900758 0.011026666 -17.412014008 -0.053333186 -0.010543883 0.998521149 178.559860229
0.998510778 -0.010760244 0.053482637 12.552501678 0.010209464 0.999892116 0.010560876 -17.625755310 -0.053590510 -0.009999122 0.998512924 180.800109863
0.998477042 -0.011664225 0.053922031 12.752803802 0.011139560 0.999887705 0.010020435 -17.829936981 -0.054032866 -0.009404506 0.998494923 183.046386719
0.998567998 -0.013119469 0.051863827 12.991714478 0.012607391 0.999868572 0.010188406 -18.055601120 -0.051990695 -0.009519948 0.998602211 185.273101807
0.998572826 -0.015025231 0.051249810 13.198738098 0.014477971 0.999834299 0.011032885 -18.266944885 -0.051407084 -0.010275146 0.998624921 187.517623901
0.998594999 -0.015905736 0.050545722 13.410103798 0.015396196 0.999826789 0.010454258 -18.470533371 -0.050703254 -0.009661359 0.998666942 189.758361816
0.998549402 -0.017218400 0.051016130 13.601650238 0.016723877 0.999809086 0.010104500 -18.683416367 -0.051180359 -0.009236656 0.998646855 191.999328613
0.998486936 -0.018229729 0.051880587 13.782773018 0.017729670 0.999791980 0.010082634 -18.891418457 -0.052053601 -0.009147553 0.998602450 194.237594604
0.998529375 -0.018218959 0.051060867 14.004405975 0.017728411 0.999792397 0.010043742 -19.103921890 -0.051233254 -0.009123744 0.998645008 196.479843140
0.998565316 -0.016191067 0.051041976 14.219580650 0.015716683 0.999829710 0.009681726 -19.310174942 -0.051190037 -0.008865625 0.998649597 198.714355469
0.998556495 -0.013666382 0.051942527 14.409627914 0.013159928 0.999862611 0.010079847 -19.536100388 -0.052073151 -0.009381738 0.998599231 200.988616943
0.998524845 -0.013274317 0.052649260 14.617412567 0.012811054 0.999876201 0.009126773 -19.743968964 -0.052763898 -0.008438815 0.998571336 203.254226685
0.998485565 -0.013489862 0.053335145 14.816994667 0.012973051 0.999865532 0.010024280 -19.951784134 -0.053463198 -0.009317178 0.998526394 205.478713989
0.998459995 -0.015058585 0.053393427 15.041923523 0.014537163 0.999842882 0.010140637 -20.172538757 -0.053537741 -0.009348833 0.998521984 207.745941162
0.998395860 -0.014866966 0.054631606 15.247530937 0.014348375 0.999848366 0.009872571 -20.367835999 -0.054770097 -0.009072860 0.998457730 209.988983154
0.998348594 -0.014955902 0.055465218 15.471730232 0.014356907 0.999834359 0.011182286 -20.589628220 -0.055623267 -0.010367510 0.998398125 212.238754272
0.998280823 -0.013502035 0.057035871 15.706142426 0.012883699 0.999854267 0.011195014 -20.794315338 -0.057178717 -0.010440933 0.998309374 214.476150513
0.998134017 -0.011017376 0.060057681 15.924208641 0.010377105 0.999885976 0.010962410 -20.991140366 -0.060171619 -0.010318727 0.998134732 216.754486084
0.997997999 -0.011063467 0.062269583 16.148694992 0.010383881 0.999883056 0.011226689 -21.196435928 -0.062386505 -0.010557615 0.997996151 218.999099731
0.997860849 -0.012157955 0.064231992 16.376581192 0.011433880 0.999867022 0.011628452 -21.395780563 -0.064364821 -0.010869158 0.997867227 221.224411011
0.997767270 -0.013542727 0.065398797 16.610151291 0.012760170 0.999842107 0.012368865 -21.598457336 -0.065555990 -0.011506747 0.997782528 223.450485229
0.997701287 -0.015336763 0.066006094 16.853958130 0.014599316 0.999825656 0.011640344 -21.805515289 -0.066173092 -0.010649941 0.997751296 225.672973633
0.997668445 -0.016612949 0.066194735 17.092830658 0.015892418 0.999808729 0.011396732 -22.008325577 -0.066371396 -0.010318164 0.997741640 227.913238525
0.997638345 -0.016922150 0.066568896 17.332660675 0.016184384 0.999801636 0.011606557 -22.210878372 -0.066752121 -0.010501769 0.997714341 230.147598267
0.997590899 -0.018015647 0.066990614 17.577926636 0.017353052 0.999794722 0.010459721 -22.416135788 -0.067165285 -0.009272032 0.997698724 232.391601562
0.997546732 -0.018944221 0.067391537 17.818277359 0.018206425 0.999767601 0.011545363 -22.618778229 -0.067594595 -0.010290082 0.997659802 234.627868652
0.997505486 -0.018000536 0.068256624 18.066568375 0.017226236 0.999780536 0.011915673 -22.828037262 -0.068456143 -0.010710143 0.997596562 236.882553101
0.997457743 -0.017535932 0.069069132 18.298467636 0.016773120 0.999792039 0.011608659 -23.024932861 -0.069258347 -0.010420643 0.997544348 239.095947266
0.997431695 -0.017793899 0.069378726 18.543125153 0.017011957 0.999785125 0.011845266 -23.229776382 -0.069574594 -0.010634576 0.997520089 241.315063477
0.997388005 -0.018198188 0.069899701 18.790763855 0.017403020 0.999777019 0.011968116 -23.431081772 -0.070101902 -0.010720392 0.997482240 243.558609009
0.997358203 -0.018627753 0.070211418 19.038703918 0.017878786 0.999776542 0.011280696 -23.640674591 -0.070405863 -0.009995597 0.997468352 245.778518677
0.997377276 -0.018280765 0.070032716 19.295619965 0.017573504 0.999788284 0.010701998 -23.848724365 -0.070213556 -0.009443209 0.997487307 248.007202148
0.997349799 -0.018684870 0.070314661 19.547950745 0.017936610 0.999775887 0.011257995 -24.056941986 -0.070509247 -0.009966953 0.997461259 250.242599487
0.997332454 -0.019995416 0.070201248 19.805379868 0.019256718 0.999752045 0.011183678 -24.263536453 -0.070407450 -0.009801999 0.997470260 252.473571777
0.997331381 -0.019904157 0.070242211 20.064506531 0.019115008 0.999746621 0.011889152 -24.470420837 -0.070461072 -0.010514745 0.997459114 254.728012085
0.997314990 -0.020488266 0.070306472 20.306434631 0.019687610 0.999733508 0.012062204 -24.674764633 -0.070534855 -0.010645649 0.997452497 256.946960449
0.997286379 -0.021095663 0.070532933 20.567199707 0.020221282 0.999709845 0.013087980 -24.895727158 -0.070788585 -0.011626200 0.997423589 259.211059570
0.997254670 -0.020791715 0.071069546 20.820693970 0.019965170 0.999724746 0.012320808 -25.093999863 -0.071306169 -0.010868069 0.997395277 261.453033447
0.997238398 -0.020776771 0.071300007 21.081325531 0.019980909 0.999730051 0.011857396 -25.297214508 -0.071527094 -0.010400013 0.997384429 263.704010010
0.997214675 -0.020008180 0.071850561 21.338808060 0.019244535 0.999750912 0.011304863 -25.501583099 -0.072058849 -0.009890644 0.997351289 265.938140869
0.997160912 -0.019443873 0.072746336 21.595949173 0.018675348 0.999762535 0.011229836 -25.702211380 -0.072947398 -0.009839389 0.997287333 268.180053711
0.997038484 -0.019326989 0.074434265 21.850692749 0.018527677 0.999763191 0.011414133 -25.922800064 -0.074637219 -0.010001238 0.997160614 270.441558838
0.996970654 -0.020134391 0.075127557 22.120664597 0.019282423 0.999741495 0.012048478 -26.133592606 -0.075350724 -0.010563338 0.997101188 272.679229736
0.996745110 -0.020705799 0.077912875 22.362169266 0.019783434 0.999724925 0.012591785 -26.333261490 -0.078152165 -0.011009417 0.996880651 274.929443359
0.996619344 -0.020670692 0.079514369 22.626630783 0.019629480 0.999711335 0.013854206 -26.527786255 -0.079777785 -0.012246544 0.996737480 277.162231445
0.996561468 -0.020073628 0.080387414 22.913221359 0.018906450 0.999704897 0.015254443 -26.739416122 -0.080669887 -0.013682149 0.996646881 279.421569824
0.996489704 -0.019893473 0.081317060 23.196157455 0.018630000 0.999694169 0.016266966 -26.941789627 -0.081615798 -0.014694929 0.996555507 281.659454346
0.996418834 -0.019152451 0.082357138 23.472534180 0.017891072 0.999711394 0.016026825 -27.128959656 -0.082640342 -0.014495972 0.996473968 283.921142578
0.996329784 -0.018184898 0.083644234 23.741329193 0.016933613 0.999734163 0.015644927 -27.322877884 -0.083906509 -0.014171105 0.996372819 286.157257080
0.996338487 -0.017733773 0.083636522 24.024551392 0.016581804 0.999758124 0.014448145 -27.509048462 -0.083872519 -0.013008402 0.996391594 288.380432129
0.996284604 -0.018543042 0.084101833 24.295824051 0.017360609 0.999740183 0.014769200 -27.712343216 -0.084353842 -0.013254269 0.996347725 290.606872559
0.996195078 -0.018645240 0.085133292 24.550601959 0.017513176 0.999748290 0.014025185 -27.911548615 -0.085373349 -0.012480865 0.996270835 292.857269287
0.996204317 -0.019290771 0.084881134 24.831739426 0.018246844 0.999748230 0.013057445 -28.106597900 -0.085111640 -0.011459070 0.996305525 295.086700439
0.996193349 -0.019260544 0.085016690 25.108634949 0.018223440 0.999750078 0.012958181 -28.306030273 -0.085245028 -0.011359558 0.996295273 297.317413330
0.996206522 -0.018497674 0.085031375 25.388900757 0.017433686 0.999760330 0.013238502 -28.504566193 -0.085255869 -0.011705872 0.996290326 299.556243896
0.996136367 -0.018467294 0.085857660 25.647642136 0.017312082 0.999749601 0.014180199 -28.709623337 -0.086098023 -0.012639038 0.996206522 301.789428711
0.996135473 -0.018823229 0.085789621 25.934686661 0.017632075 0.999737620 0.014621347 -28.910665512 -0.086042345 -0.013052193 0.996205986 304.042510986
0.996092856 -0.018149469 0.086426981 26.213376999 0.016940217 0.999748349 0.014704576 -29.104644775 -0.086672127 -0.013183032 0.996149659 306.282318115
0.996086776 -0.018653089 0.086391173 26.495782852 0.017462855 0.999742210 0.014512593 -29.307279587 -0.086639628 -0.012947164 0.996155560 308.527221680
0.996029437 -0.019632284 0.086834103 26.780040741 0.018398846 0.999718487 0.014982190 -29.505508423 -0.087103806 -0.013325056 0.996110082 310.785980225
0.995996118 -0.019547412 0.087233260 27.066616058 0.018367426 0.999728918 0.014309091 -29.706123352 -0.087489307 -0.012649549 0.996085107 313.025329590
0.996005058 -0.018985959 0.087254561 27.358783722 0.017750517 0.999731183 0.014913252 -29.906299591 -0.087514244 -0.013304860 0.996074438 315.269683838
0.995960534 -0.017370261 0.088095814 27.645359039 0.016180854 0.999768198 0.014197567 -30.108079910 -0.088322021 -0.012714752 0.996010840 317.509613037
0.995937943 -0.015706932 0.088661276 27.925613403 0.014461750 0.999787807 0.014669212 -30.306570053 -0.088872857 -0.013327424 0.995953739 319.759887695
0.995889843 -0.014586834 0.089389503 28.206424713 0.013380631 0.999811292 0.014078247 -30.505859375 -0.089578003 -0.012824296 0.995897233 321.982330322
0.995850384 -0.014202566 0.089891717 28.490205765 0.012945507 0.999810338 0.014551792 -30.700363159 -0.090081327 -0.013327715 0.995845258 324.215606689
0.995862424 -0.013719784 0.089832298 28.786838531 0.012324990 0.999795020 0.016063003 -30.910362244 -0.090034254 -0.014889357 0.995827496 326.443481445
0.995804250 -0.014434069 0.090362921 29.065038681 0.013052532 0.999789000 0.015861096 -31.109075546 -0.090572797 -0.014615083 0.995782554 328.684020996
0.995802760 -0.016089948 0.090099223 29.363183975 0.014788972 0.999776721 0.015088411 -31.302122116 -0.090321869 -0.013692604 0.995818615 330.919647217
0.995783925 -0.015188683 0.090463676 29.646650314 0.013903531 0.999793470 0.014819594 -31.499448776 -0.090670086 -0.013499348 0.995789468 333.137786865
0.995745242 -0.015498174 0.090835996 29.933488846 0.014100993 0.999772489 0.016003039 -31.696125031 -0.091063350 -0.014654073 0.995737255 335.372283936
0.995776534 -0.015919903 0.090419360 30.234140396 0.014520016 0.999764621 0.016118955 -31.891193390 -0.090654686 -0.014737985 0.995773315 337.605407715
0.995759308 -0.015794428 0.090630420 30.516714096 0.014338187 0.999757767 0.016696582 -32.093124390 -0.090872176 -0.015326301 0.995744646 339.838714600
0.995775342 -0.015867176 0.090441532 30.813184738 0.014445752 0.999761999 0.016349524 -32.289619446 -0.090679415 -0.014973957 0.995767534 342.088043213
0.995792389 -0.015815949 0.090261988 31.102970123 0.014352364 0.999755085 0.016840991 -32.483402252 -0.090506248 -0.015474657 0.995775640 344.335510254
0.995827854 -0.015592716 0.089909397 31.394245148 0.014132864 0.999758124 0.016850827 -32.674663544 -0.090150408 -0.015509845 0.995807409 346.575897217
0.995835662 -0.015551815 0.089829467 31.679115295 0.014104055 0.999760568 0.016729163 -32.865955353 -0.090068124 -0.015392538 0.995816648 348.819061279
0.995827496 -0.015096661 0.089997679 31.964393616 0.013603941 0.999759853 0.017176636 -33.062824249 -0.090235375 -0.015880642 0.995793819 351.058990479
0.995863795 -0.015418311 0.089541115 32.250377655 0.013914225 0.999751747 0.017397719 -33.254154205 -0.089787133 -0.016079862 0.995831192 353.283233643
0.995873630 -0.015085068 0.089488275 32.533714294 0.013608171 0.999761343 0.017091047 -33.450252533 -0.089724757 -0.015802750 0.995841205 355.524963379
0.995898366 -0.015019880 0.089224800 32.820400238 0.013500169 0.999753773 0.017611565 -33.642921448 -0.089467347 -0.016334776 0.995855927 357.761138916
0.995971382 -0.014337317 0.088517822 33.115280151 0.012753829 0.999748826 0.018428704 -33.838630676 -0.088759810 -0.017225521 0.995904088 360.003479004
0.995997965 -0.014244136 0.088233553 33.404518127 0.012660287 0.999749005 0.018484361 -34.033016205 -0.088474698 -0.017293321 0.995928288 362.241912842
0.996062994 -0.014265905 0.087492049 33.700851440 0.012652135 0.999739945 0.018971680 -34.224170685 -0.087739944 -0.017790029 0.995984495 364.476501465
0.996137738 -0.014266034 0.086637624 33.994110107 0.012734359 0.999753118 0.018206157 -34.414302826 -0.086875945 -0.017032558 0.996073663 366.730438232
0.996161520 -0.014936990 0.086249977 34.275299072 0.013422255 0.999745727 0.018115446 -34.608409882 -0.086498655 -0.016888246 0.996108770 368.969177246
0.996139288 -0.014680356 0.086550266 34.549732208 0.013231957 0.999763072 0.017284818 -34.795539856 -0.086783491 -0.016072856 0.996097505 371.232910156
0.996202528 -0.015419658 0.085689835 34.836002350 0.013976377 0.999750614 0.017417600 -34.993587494 -0.085937031 -0.016153824 0.996169567 373.465301514
0.996258616 -0.015186374 0.085076496 35.126304626 0.013670227 0.999737680 0.018375317 -35.184318542 -0.085333236 -0.017143559 0.996204913 375.716705322
0.996216834 -0.015457453 0.085515827 35.398036957 0.013912982 0.999729693 0.018627308 -35.373626709 -0.085780628 -0.017367058 0.996162593 377.973052979
0.996220112 -0.016029442 0.085372634 35.679744720 0.014460711 0.999715567 0.018961987 -35.567756653 -0.085652322 -0.017655764 0.996168613 380.206695557
0.996218562 -0.016176457 0.085363448 35.966159821 0.014608623 0.999713480 0.018959433 -35.753074646 -0.085645713 -0.017640693 0.996169388 382.446472168
0.996230066 -0.015556566 0.085344546 36.254154205 0.013952810 0.999715269 0.019355992 -35.948291779 -0.085621364 -0.018092224 0.996163487 384.700592041
0.996254444 -0.014768602 0.085199676 36.540164948 0.013160857 0.999725163 0.019401258 -36.132946014 -0.085462786 -0.018207289 0.996174991 386.949859619
0.996276140 -0.013653121 0.085132241 36.832313538 0.012050817 0.999740958 0.019306954 -36.329456329 -0.085373797 -0.018209141 0.996182561 389.218322754
0.996267200 -0.012253291 0.085448742 37.111888885 0.010645686 0.999758124 0.019244045 -36.521415710 -0.085663877 -0.018262550 0.996156693 391.495697021
0.996297181 -0.011155615 0.085249305 37.400154114 0.009416937 0.999739945 0.020770205 -36.712482452 -0.085458823 -0.019890515 0.996143162 393.759155273
0.996230662 -0.009971546 0.086168639 37.672203064 0.008174165 0.999742150 0.021186579 -36.901912689 -0.086357690 -0.020402364 0.996055186 396.023712158
0.996161103 -0.009694483 0.087000422 37.951145172 0.008001584 0.999772191 0.019786222 -37.097644806 -0.087172426 -0.019014126 0.996011674 398.285736084
0.996132255 -0.009504198 0.087352142 38.235492706 0.007856417 0.999785006 0.019188158 -37.286968231 -0.087515742 -0.018427666 0.995992661 400.550109863
0.996008873 -0.010670729 0.088613383 38.507514954 0.008912208 0.999755800 0.020216877 -37.473369598 -0.088807486 -0.019346450 0.995860934 402.789031982
0.996001780 -0.011862132 0.088542514 38.804351807 0.010002987 0.999720633 0.021411460 -37.667213440 -0.088771783 -0.020440163 0.995842218 405.081756592
0.995959520 -0.012300162 0.088956892 39.089481354 0.010445243 0.999718785 0.021287467 -37.852733612 -0.089193709 -0.020272277 0.995807946 407.334716797
0.995888352 -0.010843145 0.089937784 39.385269165 0.009056430 0.999753892 0.020250484 -38.035945892 -0.090135224 -0.019352702 0.995741487 409.581909180
0.995837808 -0.010180761 0.090572678 39.679111481 0.008339303 0.999751210 0.020686559 -38.228603363 -0.090760745 -0.019845150 0.995674968 411.839660645
0.995786011 -0.009143019 0.091249853 39.970497131 0.007324028 0.999768138 0.020249186 -38.415912628 -0.091413841 -0.019495541 0.995622158 414.089080811
0.995689809 -0.008207810 0.092381753 40.266166687 0.006355461 0.999773204 0.020327399 -38.601863861 -0.092527665 -0.019652657 0.995516062 416.359161377
0.995636284 -0.008368629 0.092942446 40.567268372 0.006509095 0.999772847 0.020292521 -38.792690277 -0.093091168 -0.019598998 0.995464623 418.614288330
0.995538056 -0.008552487 0.093971677 40.858940125 0.006672530 0.999771655 0.020301601 -38.979042053 -0.094123840 -0.019583989 0.995367885 420.865875244
0.995464802 -0.008669021 0.094734341 41.151847839 0.006782937 0.999772668 0.020213073 -39.172119141 -0.094888046 -0.019478830 0.995297372 423.120330811
0.995388448 -0.009071362 0.095496379 41.453388214 0.007071396 0.999748826 0.021260478 -39.359256744 -0.095665254 -0.020487141 0.995202839 425.386047363
0.995320141 -0.008498685 0.096258126 41.749275208 0.006410222 0.999737740 0.021984980 -39.545818329 -0.096419744 -0.021265060 0.995113552 427.634368896
0.995244026 -0.007673808 0.097109862 42.057243347 0.005493139 0.999727130 0.022703176 -39.729778290 -0.097257577 -0.022061763 0.995014608 429.909942627
0.995237768 -0.008495761 0.097106405 42.359642029 0.006296737 0.999717176 0.022929581 -39.918384552 -0.097273752 -0.022208929 0.995009840 432.177886963
0.995186269 -0.009072460 0.097579762 42.669322968 0.006930319 0.999727964 0.022269307 -40.109497070 -0.097755261 -0.021485854 0.994978487 434.441650391
0.995194316 -0.008299083 0.097568765 42.987781525 0.006141987 0.999730468 0.022388075 -40.281585693 -0.097728282 -0.021681212 0.994976938 436.713195801
0.995156288 -0.008729746 0.097917177 43.301738739 0.006527101 0.999718904 0.022792788 -40.469825745 -0.098088644 -0.022043275 0.994933546 439.000976562
0.995194554 -0.008601960 0.097539313 43.620460510 0.006399234 0.999717772 0.022873359 -40.649551392 -0.097708561 -0.022139264 0.994968832 441.272583008
0.995152295 -0.008159183 0.098006442 43.927177429 0.005807239 0.999688864 0.024259180 -40.852882385 -0.098173887 -0.023572437 0.994890034 443.528717041
0.995100558 -0.008727569 0.098481834 44.242427826 0.006356408 0.999682903 0.024365280 -41.032485962 -0.098663256 -0.023619913 0.994840503 445.806915283
0.995109379 -0.008694732 0.098397195 44.554225922 0.006357877 0.999690950 0.024037896 -41.217697144 -0.098575778 -0.023294739 0.994856834 448.070159912
0.995120883 -0.007838074 0.098350473 44.871654510 0.005552795 0.999708712 0.023488324 -41.397792816 -0.098505929 -0.022827609 0.994874537 450.333648682
0.995058656 -0.007256371 0.099022433 45.179035187 0.004970455 0.999715805 0.023312042 -41.586162567 -0.099163458 -0.022704665 0.994812012 452.599456787
0.994973600 -0.006700668 0.099913388 45.486942291 0.004383074 0.999716580 0.023397537 -41.761917114 -0.100041866 -0.022841999 0.994720936 454.874420166
0.994934559 -0.006886936 0.100288048 45.792243958 0.004594757 0.999723315 0.023069022 -41.951454163 -0.100419171 -0.022491364 0.994690895 457.137725830
0.994979858 -0.006024023 0.099893682 46.123603821 0.003811102 0.999743342 0.022328814 -42.133899689 -0.100002557 -0.021836014 0.994747519 459.425201416
0.994948983 -0.005198394 0.100247286 46.438014984 0.002926476 0.999735773 0.022796893 -42.319984436 -0.100339331 -0.022388369 0.994701326 461.712158203
0.994977593 -0.004909703 0.099977568 46.756679535 0.002506595 0.999705374 0.024147904 -42.504402161 -0.100066669 -0.023776026 0.994696617 463.990600586
0.995018661 -0.004825063 0.099571839 47.064659119 0.002397951 0.999697447 0.024480786 -42.681869507 -0.099659838 -0.024120072 0.994729161 466.258117676
0.995107591 -0.004760311 0.098682106 47.384994507 0.002478865 0.999727130 0.023228867 -42.861625671 -0.098765761 -0.022870610 0.994847953 468.544128418
0.995204866 -0.004787371 0.097694986 47.712966919 0.002555982 0.999733269 0.022952750 -43.051551819 -0.097778812 -0.022592984 0.994951665 470.844940186
0.995285869 -0.005451452 0.096831508 48.025997162 0.003138626 0.999706626 0.024021327 -43.241470337 -0.096934043 -0.023604169 0.995010853 473.126220703
0.995266438 -0.005656473 0.097019248 48.325679779 0.003309099 0.999698341 0.024338787 -43.426887512 -0.097127654 -0.023902530 0.994984865 475.405090332
0.995355546 -0.004917312 0.096140720 48.633605957 0.002664969 0.999719262 0.023541940 -43.589202881 -0.096229509 -0.023176393 0.995089293 477.700469971
0.995388985 -0.005112031 0.095783442 48.944187164 0.002822858 0.999707520 0.024019748 -43.771362305 -0.095878206 -0.023638608 0.995112360 479.985900879
0.995416939 -0.005665943 0.095462300 49.256877899 0.003329893 0.999691546 0.024612475 -43.954101562 -0.095572285 -0.024181791 0.995128751 482.263519287
0.995423615 -0.006087778 0.095365256 49.556209564 0.003834072 0.999709487 0.023797799 -44.133674622 -0.095482424 -0.023323255 0.995157957 484.549285889
0.995475590 -0.006473624 0.094796769 49.858238220 0.004159752 0.999689043 0.024586063 -44.323539734 -0.094926469 -0.024080494 0.995193005 486.839996338
0.995528460 -0.006621811 0.094229668 50.164924622 0.004340428 0.999692976 0.024395278 -44.499450684 -0.094362266 -0.023877196 0.995251536 489.121734619
0.995545864 -0.006100768 0.094080605 50.464889526 0.003788423 0.999686778 0.024737380 -44.676307678 -0.094202079 -0.024270777 0.995257139 491.414764404
0.995593727 -0.005621261 0.093604103 50.774353027 0.003278940 0.999678075 0.025158737 -44.856327057 -0.093715385 -0.024740959 0.995291591 493.702026367
0.995595694 -0.005163674 0.093608238 51.066539764 0.002857661 0.999689519 0.024752047 -45.034946442 -0.093706995 -0.024375537 0.995301306 496.007141113
0.995620787 -0.004828994 0.093359463 51.379283905 0.002575271 0.999702811 0.024245689 -45.222251892 -0.093448773 -0.023899090 0.995337188 498.325714111
0.995641232 -0.004575997 0.093153693 51.676780701 0.002249619 0.999683321 0.025063243 -45.403236389 -0.093238898 -0.024744442 0.995336235 500.618133545
0.995645523 -0.004191746 0.093125433 51.972030640 0.001832075 0.999675453 0.025409672 -45.587852478 -0.093201727 -0.025128419 0.995330095 502.895111084
0.995679319 -0.003175647 0.092804074 52.273258209 0.000882234 0.999693573 0.024743006 -45.770339966 -0.092854202 -0.024554227 0.995376885 505.179718018
0.995656848 -0.002913334 0.093053192 52.563041687 0.000540841 0.999674380 0.025511149 -45.954200745 -0.093097202 -0.025350023 0.995334208 507.466247559
0.995684028 -0.003552404 0.092739679 52.864566803 0.001249291 0.999689639 0.024880430 -46.139244080 -0.092799284 -0.024657190 0.995379508 509.753112793
0.995724380 -0.004180149 0.092279159 53.174510956 0.001807339 0.999665916 0.025781989 -46.326911926 -0.092356123 -0.025504969 0.995399356 512.053527832
0.995727897 -0.003982504 0.092249379 53.473133087 0.001604530 0.999664783 0.025837502 -46.502929688 -0.092321359 -0.025579102 0.995400667 514.357971191
0.995736361 -0.003308650 0.092185162 53.770782471 0.000953883 0.999672413 0.025576249 -46.682147980 -0.092239588 -0.025379268 0.995413363 516.659179688
0.995722771 -0.002484743 0.092358649 54.061969757 0.000123548 0.999673188 0.025562428 -46.867824554 -0.092391990 -0.025441680 0.995397627 518.950500488
0.995667815 -0.000768228 0.092977770 54.362560272 -0.001647917 0.999662995 0.025906706 -47.057567596 -0.092966326 -0.025947697 0.995331109 521.301696777
0.995584369 0.001407237 0.093860276 54.663505554 -0.003859479 0.999655783 0.025950102 -47.236476898 -0.093791440 -0.026197763 0.995247126 523.640380859
0.995523870 0.002258789 0.094483301 54.968227386 -0.004836585 0.999622047 0.027062999 -47.409358978 -0.094386458 -0.027398834 0.995158553 525.959594727
0.995448530 0.002038570 0.095278904 55.270732880 -0.004636398 0.999623299 0.027052075 -47.587337494 -0.095187858 -0.027370702 0.995082974 528.276916504
0.995412111 0.000047673 0.095679827 55.574443817 -0.002778914 0.999592423 0.028412588 -47.762901306 -0.095639467 -0.028548121 0.995006561 530.592102051
0.995367825 -0.001587538 0.096126929 55.890357971 -0.001118470 0.999604762 0.028089944 -47.938602448 -0.096133515 -0.028067341 0.994972646 532.910461426
0.995310426 -0.001665159 0.096718296 56.198234558 -0.001016677 0.999616385 0.027672425 -48.115028381 -0.096727289 -0.027640982 0.994927049 535.232482910
0.995213926 -0.001713015 0.097704910 56.503822327 -0.000965554 0.999625146 0.027361017 -48.291755676 -0.097715154 -0.027324408 0.994839251 537.547058105
0.995115638 -0.001367589 0.098706238 56.809242249 -0.001293114 0.999637663 0.026886782 -48.474082947 -0.098707221 -0.026883092 0.994753420 539.865173340
0.995012462 -0.000597632 0.099748529 57.117454529 -0.002068273 0.999643445 0.026620708 -48.654491425 -0.099728882 -0.026694242 0.994656503 542.184204102
0.994904041 -0.000209489 0.100826897 57.437950134 -0.002392183 0.999667346 0.025681749 -48.833290100 -0.100798741 -0.025792072 0.994572461 544.505981445
0.994770706 -0.000253962 0.102133371 57.734928131 -0.002458791 0.999647498 0.026434127 -49.018493652 -0.102104068 -0.026547018 0.994419456 546.835205078
0.994714856 -0.000409046 0.102674589 58.058036804 -0.002423358 0.999619901 0.027459962 -49.200088501 -0.102646813 -0.027563652 0.994335830 549.158691406
0.994653106 -0.000125557 0.103272557 58.376098633 -0.002717066 0.999621272 0.027384309 -49.374343872 -0.103236899 -0.027518481 0.994276047 551.464416504
0.994686723 -0.001543390 0.102936558 58.711921692 -0.001197757 0.999646425 0.026562346 -49.552284241 -0.102941141 -0.026544511 0.994333208 553.776123047
0.994696915 -0.001919774 0.102831952 59.044227600 -0.000870853 0.999632716 0.027085979 -49.732456207 -0.102846190 -0.027031891 0.994329870 556.093505859
0.994620979 -0.001805946 0.103565924 59.361869812 -0.001042953 0.999622643 0.027447326 -49.909015656 -0.103576407 -0.027407696 0.994243741 558.402282715
0.994604349 -0.001314853 0.103732564 59.693214417 -0.001655770 0.999591231 0.028546000 -50.086486816 -0.103727698 -0.028563736 0.994195521 560.737060547
0.994618177 -0.002150661 0.103586026 60.031360626 -0.000867058 0.999576747 0.029078666 -50.261680603 -0.103604719 -0.029011982 0.994195342 563.069946289
0.994573355 -0.001777066 0.104022384 60.360107422 -0.001338184 0.999552906 0.029870428 -50.435035706 -0.104028963 -0.029847534 0.994126260 565.393554688
0.994527698 -0.000677900 0.104471989 60.696544647 -0.002378465 0.999572873 0.029127993 -50.610626221 -0.104447134 -0.029217074 0.994101107 567.716674805
0.994535506 0.000285233 0.104398698 61.042522430 -0.003190860 0.999612153 0.027666070 -50.782241821 -0.104350314 -0.027848009 0.994150758 570.048278809
0.994508445 0.000773459 0.104654476 61.383987427 -0.003694016 0.999609113 0.027715700 -50.956928253 -0.104592115 -0.027950091 0.994122267 572.365478516
0.994476616 0.000402953 0.104957409 61.706787109 -0.003475884 0.999570549 0.029096624 -51.145477295 -0.104900613 -0.029300733 0.994050980 574.748352051
0.994479179 0.000376603 0.104933374 62.050537109 -0.003587418 0.999530971 0.030411551 -51.324401855 -0.104872711 -0.030620093 0.994014204 577.059692383
0.994348049 0.001117394 0.106163070 62.359619141 -0.004221591 0.999569952 0.029019674 -51.503299713 -0.106084965 -0.029303832 0.993925273 579.457885742
0.994372189 0.000598130 0.105941236 62.700710297 -0.003684822 0.999574363 0.028942551 -51.674354553 -0.105878823 -0.029170047 0.993951023 581.796020508
0.994371712 -0.000635256 0.105945699 63.047264099 -0.002605398 0.999532998 0.030446663 -51.857097626 -0.105915576 -0.030551331 0.993905663 584.132995605
0.994439542 -0.000378152 0.105308659 63.389484406 -0.002834769 0.999535024 0.030358221 -52.027542114 -0.105271176 -0.030487932 0.993976116 586.452331543
0.994376838 -0.003254558 0.105849549 63.734050751 0.000153910 0.999571025 0.029287957 -52.209110260 -0.105899468 -0.029106973 0.993950725 588.823120117
0.994418979 -0.003496949 0.105445214 64.083259583 0.000430026 0.999576509 0.029094182 -52.377418518 -0.105502293 -0.028886463 0.993999422 591.169921875
0.994390011 -0.005066965 0.105653539 64.414764404 0.001940146 0.999557674 0.029676821 -52.554153442 -0.105757177 -0.029305352 0.993960023 593.503112793
0.994428456 -0.005549074 0.105267622 64.763847351 0.002426769 0.999554098 0.029765569 -52.727416992 -0.105385855 -0.029344272 0.993998349 595.864868164
