1.000000000 0.000000000 0.000000000 0.000000000 0.000000000 1.000000000 0.000000000 0.000000000 0.000000000 0.000000000 1.000000000 0.000000000
0.999999881 0.000239981 0.000473483 0.086046182 -0.000239951 0.999999940 -0.000063841 -0.226559952 -0.000473499 0.000063727 0.999999881 2.289191484
0.999999106 0.000553490 0.001233887 0.164011732 -0.000553990 0.999999762 0.000404605 -0.463069439 -0.001233663 -0.000405289 0.999999166 4.587379932
0.999998510 0.000130527 0.001734981 0.261439592 -0.000131363 0.999999881 0.000481650 -0.693549097 -0.001734918 -0.000481877 0.999998391 6.877142906
0.999996483 -0.000172346 0.002627817 0.353559315 0.000175892 0.999999046 -0.001349249 -0.924647212 -0.002627582 0.001349706 0.999995649 9.175104141
0.999987483 0.001661476 0.004727102 0.444673449 -0.001661842 0.999998569 0.000073672 -1.161600590 -0.004726973 -0.000081527 0.999988854 11.480554581
0.999965072 0.003687796 0.007502421 0.527905226 -0.003696167 0.999992549 0.001102129 -1.388290286 -0.007498301 -0.001129821 0.999971271 13.791039467
0.999948621 0.003557544 0.009494125 0.642157555 -0.003592453 0.999986827 0.003662353 -1.617192268 -0.009480969 -0.003696272 0.999948263 16.059717178
0.999939919 0.003566751 0.010359475 0.762574434 -0.003614517 0.999982893 0.004595840 -1.843680143 -0.010342906 -0.004633009 0.999935746 18.410917282
0.999932230 0.002720181 0.011319897 0.887770176 -0.002773934 0.999984920 0.004735468 -2.068895102 -0.011306846 -0.004766547 0.999924719 20.699645996
0.999926925 0.000298656 0.012078823 1.000089884 -0.000329517 0.999996662 0.002553099 -2.301371336 -0.012078021 -0.002556892 0.999923706 23.020452499
0.999915123 -0.001970456 0.012870080 1.109553695 0.001961527 0.999997854 0.000706361 -2.524675131 -0.012871442 -0.000681056 0.999916911 25.301450729
0.999914706 -0.002775761 0.012756094 1.247633219 0.002775676 0.999996126 0.000024338 -2.774019003 -0.012756111 0.000011070 0.999918580 27.625036240
0.999903440 -0.002350830 0.013690794 1.354668736 0.002363294 0.999996662 -0.000894236 -3.001139879 -0.013688648 0.000926505 0.999905884 29.911539078
0.999894738 0.000027958 0.014508663 1.474448800 -0.000049398 0.999999046 0.001477402 -3.231206656 -0.014508601 -0.001477964 0.999893665 32.196384430
0.999893486 0.002020065 0.014450475 1.605445147 -0.002071163 0.999991596 0.003522004 -3.451109409 -0.014443238 -0.003551559 0.999889374 34.475982666
0.999864459 0.004260023 0.015904505 1.721828461 -0.004387328 0.999958575 0.007978062 -3.688098907 -0.015869861 -0.008046760 0.999841630 36.789134979
0.999840498 0.006090286 0.016794108 1.836340427 -0.006216408 0.999952853 0.007467976 -3.906188011 -0.016747838 -0.007571185 0.999831021 39.062011719
0.999809086 0.005452544 0.018769672 1.939341784 -0.005566308 0.999966443 0.006014039 -4.113256931 -0.018736251 -0.006117367 0.999805748 41.353015900
0.999815524 0.003018636 0.018972825 2.063656330 -0.003113161 0.999982893 0.004954552 -4.337949276 -0.018957542 -0.005012703 0.999807715 43.630149841
0.999820530 0.002816215 0.018735757 2.204536438 -0.002892177 0.999987721 0.004028522 -4.563007355 -0.018724179 -0.004081986 0.999816298 45.872608185
0.999815941 0.002252034 0.019052669 2.329176664 -0.002314523 0.999992013 0.003258377 -4.794657230 -0.019045180 -0.003301874 0.999813199 48.146850586
0.999820471 0.001030176 0.018918557 2.467113733 -0.001100663 0.999992490 0.003715776 -5.023119926 -0.018914586 -0.003735932 0.999814153 50.426155090
0.999797881 0.000418729 0.020100316 2.592990875 -0.000496254 0.999992430 0.003852105 -5.242587566 -0.020098548 -0.003861301 0.999790549 52.690208435
0.999791265 -0.000846403 0.020413322 2.728361607 0.000767663 0.999992251 0.003864826 -5.471755981 -0.020416437 -0.003848349 0.999784231 54.973350525
0.999770999 -0.001097276 0.021370817 2.859855652 0.001005369 0.999990344 0.004310817 -5.702986717 -0.021375341 -0.004288345 0.999762297 57.264820099
0.999752402 -0.002378037 0.022123329 2.996905088 0.002269259 0.999985218 0.004940660 -5.927142143 -0.022134751 -0.004889232 0.999743044 59.533725739
0.999711692 -0.003783185 0.023712287 3.122069597 0.003682885 0.999984086 0.004272120 -6.150694847 -0.023728071 -0.004183559 0.999709666 61.804645538
0.999700129 -0.004512253 0.024067778 3.276939869 0.004415166 0.999981821 0.004085553 -6.374170303 -0.024085782 -0.003978064 0.999701977 64.059730530
0.999672174 -0.004063142 0.025276938 3.418350697 0.003945730 0.999981225 0.004693150 -6.596317291 -0.025295530 -0.004591876 0.999669492 66.330513000
0.999651968 -0.003068083 0.026202649 3.565807819 0.002934514 0.999982476 0.005134441 -6.823688030 -0.026217943 -0.005055762 0.999643445 68.590583801
0.999616504 -0.003239900 0.027500970 3.703617096 0.003110193 0.999983847 0.004757918 -7.047212124 -0.027515944 -0.004670561 0.999610424 70.846405029
0.999602616 -0.003997475 0.027903229 3.861829281 0.003899887 0.999986053 0.003550919 -7.272189617 -0.027917033 -0.003440688 0.999604285 73.102676392
0.999592304 -0.004946920 0.028120995 4.021777153 0.004840320 0.999980807 0.003857519 -7.498024464 -0.028139537 -0.003719831 0.999597013 75.383422852
0.999552071 -0.006125385 0.029294195 4.180849552 0.006031642 0.999976397 0.003287355 -7.727869034 -0.029313637 -0.003109191 0.999565423 77.647850037
0.999550402 -0.007063431 0.029139001 4.337611198 0.006974855 0.999970675 0.003140306 -7.960480690 -0.029160330 -0.002935655 0.999570429 79.906478882
0.999522448 -0.007508413 0.029972138 4.484867096 0.007427420 0.999968469 0.002812696 -8.177860260 -0.029992312 -0.002588737 0.999546826 82.160911560
0.999500275 -0.006546499 0.030924430 4.652400494 0.006464087 0.999975264 0.002764190 -8.406850815 -0.030941755 -0.002562910 0.999517918 84.433021545
0.999445081 -0.006300195 0.032708403 4.803827286 0.006203127 0.999976039 0.003068352 -8.623948097 -0.032726955 -0.002863755 0.999460220 86.691596985
0.999445736 -0.006154519 0.032718986 4.973334312 0.006004455 0.999971032 0.004682729 -8.860218048 -0.032746859 -0.004483673 0.999453723 88.967025757
0.999418139 -0.005197565 0.033709224 5.133384705 0.005015882 0.999972463 0.005472036 -9.088664055 -0.033736736 -0.005299770 0.999416709 91.222366333
0.999396503 -0.005180259 0.034348823 5.300552845 0.004993130 0.999972224 0.005531461 -9.310858727 -0.034376517 -0.005356614 0.999394596 93.479232788
0.999352217 -0.004984898 0.035642728 5.455748558 0.004811942 0.999976277 0.004936635 -9.526620865 -0.035666488 -0.004761925 0.999352396 95.728546143
0.999329448 -0.005113278 0.036255881 5.618914127 0.004916741 0.999972761 0.005507913 -9.749542236 -0.036283061 -0.005325960 0.999327302 97.971206665
0.999298632 -0.005162652 0.037089616 5.779268742 0.004990662 0.999976337 0.004728218 -9.974452019 -0.037113152 -0.004539800 0.999300718 100.214927673
0.999238789 -0.005214492 0.038659982 5.934202671 0.005000090 0.999971569 0.005640455 -10.189367294 -0.038688295 -0.005442859 0.999236524 102.446128845
0.999232352 -0.005847107 0.038735900 6.133217812 0.005633650 0.999968350 0.005617402 -10.414529800 -0.038767520 -0.005394865 0.999233723 104.721206665
0.999194145 -0.006414643 0.039621841 6.306363583 0.006169226 0.999961019 0.006313151 -10.630284309 -0.039660793 -0.006063628 0.999194801 106.959564209
0.999166250 -0.007639655 0.040108845 6.489085197 0.007388275 0.999952078 0.006411903 -10.845478058 -0.040155903 -0.006110221 0.999174654 109.213722229
0.999130845 -0.008663936 0.040776193 6.671045303 0.008373870 0.999938369 0.007279095 -11.067059517 -0.040836755 -0.006931313 0.999141753 111.468856812
0.999103725 -0.009521509 0.041244127 6.858101845 0.009291697 0.999940217 0.005760131 -11.285097122 -0.041296512 -0.005371740 0.999132454 113.737121582
0.999054849 -0.009709882 0.042368773 7.037375927 0.009512122 0.999942899 0.004866677 -11.505436897 -0.042413618 -0.004459060 0.999090195 115.986557007
0.999024332 -0.010093142 0.042994034 7.220616341 0.009876905 0.999937475 0.005238934 -11.731370926 -0.043044228 -0.004809176 0.999061525 118.231018066
0.998968184 -0.010449921 0.044196375 7.406616211 0.010181037 0.999928296 0.006304615 -11.958283424 -0.044259090 -0.005848145 0.999002993 120.494873047
0.998955786 -0.011059911 0.044331156 7.611041069 0.010766874 0.999918580 0.006843510 -12.183053970 -0.044403240 -0.006359056 0.998993456 122.704116821
0.998892426 -0.012020845 0.045490809 7.810602665 0.011756382 0.999912381 0.006076624 -12.403572083 -0.045559872 -0.005535086 0.998946249 125.018302917
0.998861730 -0.012311498 0.046082202 7.994634151 0.012077477 0.999912739 0.005353357 -12.628604889 -0.046144076 -0.004790707 0.998923302 127.281631470
0.998845816 -0.014116144 0.045910023 8.185811043 0.013870155 0.999887705 0.005672190 -12.844960213 -0.045984946 -0.005028865 0.998929501 129.540847778
0.998871863 -0.015191027 0.044991862 8.375877380 0.014938901 0.999870718 0.005934789 -13.060318947 -0.045076210 -0.005255964 0.998969674 131.784774780
0.998936236 -0.015455817 0.043445349 8.575798035 0.015160002 0.999859631 0.007130198 -13.278394699 -0.043549459 -0.006463981 0.999030352 134.019348145
0.999001622 -0.016397124 0.041555338 8.773314476 0.016128799 0.999846935 0.006784138 -13.503869057 -0.041660216 -0.006107128 0.999113142 136.259124756
0.999074042 -0.017101523 0.039479811 8.980897903 0.016855376 0.999836445 0.006559257 -13.718770027 -0.039585523 -0.005887737 0.999198794 138.482025146
0.999059021 -0.017479829 0.039692007 9.145725250 0.017232362 0.999829948 0.006568178 -13.938124657 -0.039800070 -0.005878009 0.999190390 140.776046753
0.999045789 -0.017788429 0.039886337 9.310561180 0.017546523 0.999825478 0.006406776 -14.142632484 -0.039993335 -0.005700796 0.999183714 143.009124756
0.999092877 -0.018053666 0.038571466 9.502208710 0.017754918 0.999809682 0.008074021 -14.379486084 -0.038709894 -0.007381863 0.999223173 145.240661621
0.999105930 -0.017142596 0.038643964 9.676491737 0.016886463 0.999833286 0.006944606 -14.593744278 -0.038756564 -0.006285838 0.999228895 147.486679077
0.999121606 -0.015961336 0.038744319 9.855365753 0.015756931 0.999860227 0.005575489 -14.813270569 -0.038827896 -0.004960101 0.999233603 149.737152100
0.999134898 -0.014055426 0.039142717 10.029207230 0.013878472 0.999892235 0.004788819 -15.034406662 -0.039205812 -0.004241435 0.999222100 151.982711792
0.999140203 -0.013300497 0.039267350 10.211680412 0.013119410 0.999902010 0.004865755 -15.252105713 -0.039328229 -0.004346407 0.999216855 154.222137451
0.999127388 -0.012550565 0.039836925 10.387228012 0.012345320 0.999909163 0.005393954 -15.471881866 -0.039901007 -0.004897446 0.999191642 156.482650757
0.999125540 -0.012028652 0.040042039 10.579910278 0.011783346 0.999910295 0.006356574 -15.690893173 -0.040114909 -0.005879187 0.999177814 158.709625244
0.999058783 -0.011282638 0.041883904 10.732111931 0.010964532 0.999909341 0.007816951 -15.920022964 -0.041968301 -0.007350356 0.999091864 160.993759155
0.999020517 -0.010313671 0.043031856 10.913160324 0.009897412 0.999902248 0.009875140 -16.138093948 -0.043129500 -0.009439565 0.999024868 163.228698730
0.998999476 -0.009591877 0.043680139 11.102224350 0.009204593 0.999916613 0.009058812 -16.350435257 -0.043763384 -0.008647691 0.999004483 165.511734009
0.998960555 -0.008850734 0.044714987 11.297193527 0.008513059 0.999933839 0.007736530 -16.562290192 -0.044780500 -0.007347827 0.998969793 167.766677856
0.998877227 -0.006804467 0.046882931 11.480762482 0.006428881 0.999946117 0.008157253 -16.777832031 -0.046935905 -0.007846690 0.998867095 170.002273560
0.998760998 -0.006860875 0.049288686 11.680308342 0.006469583 0.999946237 0.008093944 -16.998008728 -0.049341563 -0.007765038 0.998751760 172.313842773
0.998636007 -0.007014398 0.051738989 11.878538132 0.006618141 0.999947488 0.007826122 -17.210554123 -0.051791161 -0.007473032 0.998629987 174.587554932
0.998548090 -0.006782847 0.053438742 12.085077286 0.006331282 0.999942839 0.008614923 -17.429992676 -0.053494114 -0.008264080 0.998533964 176.846725464
0.998499393 -0.007086731 0.054301780 12.288271904 0.006581502 0.999933481 0.009477272 -17.638484955 -0.054365329 -0.009105664 0.998479545 179.065246582
0.998499036 -0.009119422 0.054002818 12.506849289 0.008644214 0.999921858 0.009026715 -17.853723526 -0.054080926 -0.008546353 0.998499990 181.341415405
0.998469114 -0.009903121 0.054418158 12.707765579 0.009435645 0.999916434 0.008840686 -18.064310074 -0.054501154 -0.008313679 0.998479068 183.586029053
0.998525441 -0.011007274 0.053158320 12.928144455 0.010535292 0.999902606 0.009150903 -18.291759491 -0.053253882 -0.008577372 0.998544157 185.820251465
0.998531997 -0.012858453 0.052617155 13.136773109 0.012358463 0.999875426 0.009816767 -18.503372192 -0.052736834 -0.009152089 0.998566449 188.066940308
0.998556793 -0.013714167 0.051924236 13.348316193 0.013246576 0.999868631 0.009338730 -18.710947037 -0.052045483 -0.008637435 0.998607337 190.312118530
0.998511434 -0.015485795 0.052298699 13.544191360 0.014999071 0.999840617 0.009686382 -18.939029694 -0.052440368 -0.008887530 0.998584509 192.543060303
0.998474479 -0.016460804 0.052707311 13.734691620 0.015977435 0.999826491 0.009579140 -19.146759033 -0.052855846 -0.008722396 0.998564005 194.779296875
0.998506606 -0.016949827 0.051934209 13.968111038 0.016480582 0.999819517 0.009450331 -19.368381500 -0.052085012 -0.008580312 0.998605788 197.036666870
0.998525977 -0.014831973 0.052211657 14.179012299 0.014359536 0.999852598 0.009412087 -19.578239441 -0.052343555 -0.008648477 0.998591721 199.275619507
0.998520434 -0.012404426 0.052944604 14.375355721 0.011924825 0.999885023 0.009364900 -19.800373077 -0.053054694 -0.008719689 0.998553514 201.553192139
0.998491406 -0.011817801 0.053621147 14.587307930 0.011374590 0.999898612 0.008563280 -20.010820389 -0.053716909 -0.007940443 0.998524606 203.820922852
0.998446643 -0.012124020 0.054379527 14.785409927 0.011633175 0.999888718 0.009333763 -20.218051910 -0.054486640 -0.008686658 0.998476744 206.042053223
0.998438358 -0.013349701 0.054246530 15.025241852 0.012859778 0.999873400 0.009370429 -20.440029144 -0.054364748 -0.008658198 0.998483539 208.319519043
0.998383582 -0.013129749 0.055297799 15.233755112 0.012630381 0.999876261 0.009370410 -20.640401840 -0.055413991 -0.008656831 0.998425961 210.564193726
0.998298764 -0.013530740 0.056714501 15.450777054 0.012925783 0.999855757 0.011020002 -20.869642258 -0.056855429 -0.010268177 0.998329639 212.820220947
0.998224080 -0.012023641 0.058345426 15.687151909 0.011375230 0.999870002 0.011432749 -21.078916550 -0.058475301 -0.010748752 0.998230994 215.057312012
0.998068750 -0.009873549 0.061329603 15.908856392 0.009193951 0.999893308 0.011353403 -21.285839081 -0.061435156 -0.010767616 0.998052955 217.345169067
0.997931838 -0.010126080 0.063478157 16.137969971 0.009399377 0.999886930 0.011736320 -21.492322922 -0.063589826 -0.011115393 0.997914195 219.593612671
0.997801721 -0.011407549 0.065280750 16.372440338 0.010635776 0.999869525 0.012157696 -21.694881439 -0.065410912 -0.011436658 0.997792840 221.832946777
0.997700751 -0.012946191 0.066524841 16.608205795 0.012110421 0.999842763 0.012951261 -21.898059845 -0.066682048 -0.012115840 0.997700691 224.067047119
0.997646689 -0.015050110 0.066891104 16.865142822 0.014249979 0.999821305 0.012422823 -22.109388351 -0.067066111 -0.011440394 0.997682869 226.307312012
0.997603953 -0.016346438 0.067224205 17.104850769 0.015578263 0.999807417 0.011935393 -22.305227280 -0.067406379 -0.010859559 0.997666478 228.565536499
0.997545719 -0.016566737 0.068030111 17.341608047 0.015763894 0.999799788 0.012321286 -22.510431290 -0.068220630 -0.011218626 0.997607172 230.808792114
0.997498691 -0.017929420 0.068372265 17.591411591 0.017203463 0.999789357 0.011191780 -22.713016510 -0.068558529 -0.009987545 0.997597039 233.063095093
0.997446001 -0.019003559 0.068849638 17.831531525 0.018204600 0.999759674 0.012213344 -22.913499832 -0.069065183 -0.010928770 0.997552276 235.296813965
0.997467220 -0.018245710 0.068747155 18.117662430 0.017415741 0.999768257 0.012652928 -23.125850677 -0.068962090 -0.011423597 0.997553825 237.583847046
0.997431815 -0.018421540 0.069212586 18.359550476 0.017596692 0.999766946 0.012508505 -23.323274612 -0.069426887 -0.011258469 0.997523427 239.813003540
0.997401774 -0.018531812 0.069614939 18.607942581 0.017674280 0.999760389 0.012914081 -23.528995514 -0.069837578 -0.011650132 0.997490287 242.045944214
0.997353315 -0.018755831 0.070246890 18.851177216 0.017885190 0.999755442 0.013002553 -23.728721619 -0.070473559 -0.011711760 0.997444868 244.289154053
0.997320712 -0.019075314 0.070622697 19.100341797 0.018257907 0.999758840 0.012201784 -23.935661316 -0.070838422 -0.010879669 0.997428477 246.520858765
0.997338176 -0.018841716 0.070438214 19.360012054 0.018075015 0.999770343 0.011506340 -24.143201828 -0.070638843 -0.010202539 0.997449696 248.761032104
0.997313559 -0.019081732 0.070721284 19.612342834 0.018277075 0.999760807 0.012007670 -24.347723007 -0.070933491 -0.010682833 0.997423768 250.997528076
0.997281313 -0.020362901 0.070819035 19.868587494 0.019560145 0.999736488 0.012010423 -24.554096222 -0.071044944 -0.010592541 0.997416854 253.230987549
0.997280121 -0.020493703 0.070796944 20.131645203 0.019645691 0.999726951 0.012653803 -24.758420944 -0.071036927 -0.011228534 0.997410476 255.490524292
0.997228086 -0.020931968 0.071399800 20.363239288 0.020061601 0.999715686 0.012885580 -24.961273193 -0.071649224 -0.011417468 0.997364581 257.708282471
0.997221649 -0.021723293 0.071253583 20.639928818 0.020817628 0.999693096 0.013428592 -25.171554565 -0.071523443 -0.011907953 0.997367799 259.983551025
0.997198105 -0.021444591 0.071666420 20.897319794 0.020572562 0.999705315 0.012883973 -25.371089935 -0.071921602 -0.011373512 0.997345388 262.226654053
0.997171700 -0.021419408 0.072040446 21.157629013 0.020579549 0.999711573 0.012380349 -25.571786880 -0.072284847 -0.010862775 0.997324824 264.488525391
0.997142553 -0.020663250 0.072661825 21.416059494 0.019836409 0.999730170 0.012082628 -25.780689240 -0.072891906 -0.010606751 0.997283459 266.731475830
0.997065663 -0.019930085 0.073910832 21.670022964 0.019092867 0.999745488 0.012016786 -25.978761673 -0.074131526 -0.010570356 0.997192502 268.978240967
0.996935129 -0.019655131 0.075723007 21.915760040 0.018804539 0.999751985 0.011929663 -26.197902679 -0.075938694 -0.010469162 0.997057498 271.236785889
0.996848285 -0.020331763 0.076681353 22.188989639 0.019453470 0.999736488 0.012183475 -26.404048920 -0.076908849 -0.010653357 0.996981204 273.484924316
0.996656179 -0.020722313 0.079038613 22.440742493 0.019752534 0.999719977 0.013031924 -26.607198715 -0.079286531 -0.011427136 0.996786356 275.733001709
0.996546090 -0.020781588 0.080399722 22.716161728 0.019703416 0.999705315 0.014180414 -26.800601959 -0.080670707 -0.012547285 0.996661842 277.974029541
0.996473849 -0.020179002 0.081440888 22.999263763 0.018954074 0.999695718 0.015785962 -27.014068604 -0.081734665 -0.014186664 0.996553063 280.230438232
0.996408880 -0.019888952 0.082302392 23.285793304 0.018565562 0.999686301 0.016813893 -27.214393616 -0.082610987 -0.015225524 0.996465564 282.467407227
0.996313214 -0.019264113 0.083598673 23.562799454 0.017926348 0.999699533 0.016723463 -27.403301239 -0.083895698 -0.015163191 0.996359169 284.735900879
0.996230662 -0.018273037 0.084797189 23.835632324 0.016952539 0.999723911 0.016266501 -27.595222473 -0.085071020 -0.014767660 0.996265471 286.972808838
0.996191144 -0.017933438 0.085332520 24.117025375 0.016719030 0.999748766 0.014924973 -27.780988693 -0.085578747 -0.013441450 0.996240735 289.209442139
0.996142745 -0.018710125 0.085729674 24.392686844 0.017472232 0.999732316 0.015167188 -27.982421875 -0.085990511 -0.013610795 0.996203005 291.435485840
0.996073425 -0.018740309 0.086524531 24.657093048 0.017602464 0.999748528 0.013894891 -28.172447205 -0.086763158 -0.012317291 0.996152759 293.711914062
0.996112108 -0.019230561 0.085969523 24.945392609 0.018178491 0.999750137 0.013003884 -28.368228912 -0.086198114 -0.011390529 0.996212840 295.939941406
0.996105015 -0.019265408 0.086044259 25.227001190 0.018228188 0.999751627 0.012824000 -28.568481445 -0.086269975 -0.011205620 0.996208787 298.173461914
0.996099949 -0.018610999 0.086246803 25.507684708 0.017554915 0.999761522 0.012987307 -28.765645981 -0.086467959 -0.011422601 0.996189117 300.410552979
0.996057332 -0.018330403 0.086799093 25.774782181 0.017190989 0.999756217 0.013856397 -28.971847534 -0.087031938 -0.012309602 0.996129394 302.653442383
0.996062756 -0.018669894 0.086662792 26.062074661 0.017520145 0.999748290 0.014008719 -29.170335770 -0.086902536 -0.012435221 0.996139169 304.899963379
0.996022701 -0.017968282 0.087270677 26.348522186 0.016778594 0.999756217 0.014346705 -29.373115540 -0.087507196 -0.012825365 0.996081233 307.154266357
0.996025503 -0.019126100 0.086990558 26.636257172 0.017938955 0.999735236 0.014408231 -29.580036163 -0.087243095 -0.012790446 0.996104896 309.410949707
0.995974422 -0.020387147 0.087288156 26.922031403 0.019169904 0.999707282 0.014760747 -29.775705338 -0.087563537 -0.013028022 0.996073723 311.671112061
0.995949328 -0.019743534 0.087723091 27.208169937 0.018581511 0.999728680 0.014043512 -29.975635529 -0.087976560 -0.012356597 0.996045828 313.921447754
0.995965540 -0.019275662 0.087640814 27.501335144 0.018044082 0.999727309 0.014823166 -30.178100586 -0.087902650 -0.013181965 0.996041834 316.167327881
0.995912910 -0.017448468 0.088616997 27.784807205 0.016266933 0.999769092 0.014037802 -30.379274368 -0.088841505 -0.012538902 0.995966792 318.409942627
0.995913565 -0.015830372 0.088912770 28.065181732 0.014582903 0.999786139 0.014662439 -30.578742981 -0.089125864 -0.013305916 0.995931447 320.649871826
0.995847404 -0.014397476 0.089892462 28.344430923 0.013157686 0.999810159 0.014369367 -30.778070450 -0.090082265 -0.013126920 0.995847821 322.882781982
0.995799422 -0.013482920 0.090563029 28.626274109 0.012186648 0.999815464 0.014851236 -30.972904205 -0.090746544 -0.013685192 0.995779991 325.120361328
0.995806098 -0.013152933 0.090538166 28.924171448 0.011735042 0.999800265 0.016175255 -31.179498672 -0.090732850 -0.015044951 0.995761633 327.351562500
0.995766521 -0.013935043 0.090855338 29.206035614 0.012517814 0.999791205 0.016149994 -31.380367279 -0.091061428 -0.014944315 0.995733142 329.596496582
0.995788455 -0.015887784 0.090293266 29.509191513 0.014568784 0.999777615 0.015248355 -31.572847366 -0.090515457 -0.013868671 0.995798588 331.830535889
0.995773256 -0.015280277 0.090565875 29.795379639 0.013975092 0.999789417 0.015028168 -31.770223618 -0.090776429 -0.013698979 0.995777190 334.049133301
0.995746136 -0.015710894 0.090790160 30.084060669 0.014277012 0.999763250 0.016421298 -31.966951370 -0.091026634 -0.015055230 0.995734572 336.278717041
0.995813489 -0.016414080 0.089921899 30.392089844 0.015020322 0.999756694 0.016154541 -32.158218384 -0.090165168 -0.014736257 0.995817780 338.515869141
0.995814025 -0.016271258 0.089942843 30.677574158 0.014852996 0.999754906 0.016415415 -32.358356476 -0.090187922 -0.015010781 0.995811582 340.760711670
0.995861888 -0.016531659 0.089362450 30.976884842 0.015135699 0.999752879 0.016276494 -32.558006287 -0.089609429 -0.014856578 0.995866179 343.006134033
0.995864749 -0.016764959 0.089287974 31.264343262 0.015338334 0.999743819 0.016640088 -32.751026154 -0.089544065 -0.015201749 0.995866954 345.248687744
0.995906472 -0.016681593 0.088837214 31.554065704 0.015255427 0.999744117 0.016708601 -32.942100525 -0.089093216 -0.015284956 0.995905995 347.488037109
0.995957494 -0.016780043 0.088243976 31.844217300 0.015364330 0.999742508 0.016698044 -33.136383057 -0.088501453 -0.015274733 0.995958924 349.736694336
0.995974600 -0.016454356 0.088113010 32.129711151 0.014999142 0.999740303 0.017152091 -33.333702087 -0.088372357 -0.015761429 0.995962799 351.979064941
0.996020317 -0.016848005 0.087519690 32.416580200 0.015370234 0.999728143 0.017531600 -33.523281097 -0.087791272 -0.016116630 0.996008515 354.202789307
0.996035635 -0.016549684 0.087402113 32.695514679 0.015125554 0.999742210 0.016931284 -33.716068268 -0.087659799 -0.015542157 0.996029139 356.438507080
0.996081114 -0.016575336 0.086878501 32.981395721 0.015117066 0.999734044 0.017416351 -33.908248901 -0.087144077 -0.016034747 0.996066689 358.671569824
0.996143937 -0.016146466 0.086235598 33.272506714 0.014623716 0.999726415 0.018260669 -34.103107452 -0.086506844 -0.016929172 0.996107399 360.918029785
0.996187150 -0.016095800 0.085744485 33.561626434 0.014582284 0.999727070 0.018248664 -34.297248840 -0.086014807 -0.016928731 0.996150136 363.166687012
0.996225953 -0.015968241 0.085316546 33.848815918 0.014422867 0.999720991 0.018699236 -34.488239288 -0.085591361 -0.017398158 0.996178389 365.407257080
0.996282995 -0.015991993 0.084642775 34.136737823 0.014516417 0.999732196 0.018019849 -34.679649353 -0.084908314 -0.016724158 0.996248424 367.668731689
0.996285677 -0.016501099 0.084514029 34.415069580 0.015033783 0.999725461 0.017968992 -34.874023438 -0.084787346 -0.016631685 0.996260166 369.922058105
0.996286809 -0.016434811 0.084512793 34.692283630 0.015050966 0.999742448 0.016985597 -35.060928345 -0.084770188 -0.015650524 0.996277630 372.188385010
0.996355355 -0.016467398 0.083694637 34.981708527 0.015100212 0.999742448 0.016942354 -35.255798340 -0.083952084 -0.015616802 0.996347368 374.434387207
0.996444523 -0.016344259 0.082651503 35.270877838 0.014940983 0.999734044 0.017568368 -35.447532654 -0.082916677 -0.016271010 0.996423662 376.681121826
0.996351957 -0.016081402 0.083809249 35.535099030 0.014626674 0.999731958 0.017942822 -35.638370514 -0.084075347 -0.016651515 0.996320248 378.952758789
0.996346056 -0.016745105 0.083750166 35.814582825 0.015271010 0.999717474 0.018210907 -35.834617615 -0.084031448 -0.016865415 0.996320367 381.200714111
0.996374309 -0.016706439 0.083421446 36.101398468 0.015237897 0.999718070 0.018209675 -36.020740509 -0.083702147 -0.016872486 0.996347964 383.460601807
0.996387422 -0.015876578 0.083426550 36.384735107 0.014385633 0.999726534 0.018442195 -36.215553284 -0.083696522 -0.017175429 0.996343255 385.712951660
0.996381581 -0.014598206 0.083729051 36.660190582 0.013094842 0.999743521 0.018476296 -36.400699615 -0.083977297 -0.017313024 0.996317267 387.976287842
0.996421635 -0.013519920 0.083435126 36.949317932 0.012022884 0.999758065 0.018419001 -36.599555969 -0.083663985 -0.017349960 0.996342957 390.252258301
0.996400177 -0.012423369 0.083857670 37.222789764 0.010920551 0.999771893 0.018356049 -36.792484283 -0.084066570 -0.017374206 0.996308804 392.529754639
0.996422887 -0.011325995 0.083744004 37.504352570 0.009708606 0.999758840 0.019695569 -36.982032776 -0.083946869 -0.018812079 0.996292591 394.786071777
0.996368349 -0.010112715 0.084544852 37.775997162 0.008435739 0.999761105 0.020169094 -37.174304962 -0.084728613 -0.019382650 0.996215522 397.043609619
0.996329606 -0.009839260 0.085032582 38.057052612 0.008281356 0.999791682 0.018654624 -37.371608734 -0.085198417 -0.017881969 0.996203542 399.305938721
0.996286273 -0.009088836 0.085621484 38.339694977 0.007583372 0.999811172 0.017891655 -37.560375214 -0.085767925 -0.017175911 0.996167123 401.577880859
0.996207416 -0.010785309 0.086338341 38.613063812 0.009173082 0.999776483 0.019048365 -37.751403809 -0.086524479 -0.018184138 0.996083736 403.834411621
0.996151030 -0.012273414 0.086789846 38.897079468 0.010572072 0.999743342 0.020035567 -37.941482544 -0.087013468 -0.019040899 0.996025205 406.089050293
0.996118009 -0.013293916 0.087018289 39.179950714 0.011575360 0.999728441 0.020224296 -38.132766724 -0.087263525 -0.019138517 0.996001422 408.354217529
0.996086836 -0.013156397 0.087395579 39.474288940 0.011539537 0.999753237 0.018980024 -38.318786621 -0.087623738 -0.017897246 0.995992959 410.622772217
0.996033013 -0.011184338 0.088279039 39.776664734 0.009514164 0.999768078 0.019317411 -38.519702911 -0.088474616 -0.018400872 0.995908558 412.906799316
0.995947659 -0.009911497 0.089386143 40.054721832 0.008227714 0.999782085 0.019185998 -38.710342407 -0.089556821 -0.018372806 0.995812237 415.148284912
0.995870471 -0.008606927 0.090376295 40.348194122 0.006891156 0.999790370 0.019279657 -38.899250031 -0.090523288 -0.018577244 0.995721042 417.418548584
0.995814323 -0.008801017 0.090974160 40.645229340 0.007091227 0.999792397 0.019100415 -39.090679169 -0.091123380 -0.018375350 0.995670199 419.673065186
0.995700121 -0.008773333 0.092218563 40.931694031 0.007043156 0.999793291 0.019070446 -39.277469635 -0.092366800 -0.018338934 0.995556176 421.928344727
0.995630145 -0.008998984 0.092949636 41.222873688 0.007273960 0.999795258 0.018880866 -39.472053528 -0.093100496 -0.018122246 0.995491922 424.191375732
0.995563030 -0.009467710 0.093619533 41.521526337 0.007633214 0.999772131 0.019933978 -39.662220001 -0.093786933 -0.019130910 0.995408475 426.462463379
0.995507300 -0.008779515 0.094278388 41.814132690 0.006871343 0.999765337 0.020545365 -39.849899292 -0.094436653 -0.019805240 0.995333850 428.717041016
0.995434046 -0.007973971 0.095118426 42.117366791 0.005982046 0.999757230 0.021208307 -40.036430359 -0.095264457 -0.020542469 0.995239973 430.993408203
0.995450139 -0.008268717 0.094924279 42.427494049 0.006277062 0.999754250 0.021260977 -40.225540161 -0.095076755 -0.020568399 0.995257378 433.277679443
0.995400608 -0.008792404 0.095395684 42.733577728 0.006858042 0.999764562 0.020586193 -40.419425964 -0.095554225 -0.019837277 0.995226562 435.543609619
0.995384634 -0.007818701 0.095647030 43.041206360 0.005881615 0.999772131 0.020517625 -40.591392517 -0.095785655 -0.019860370 0.995203793 437.808624268
0.995338976 -0.008315482 0.096079126 43.347381592 0.006322723 0.999758840 0.021026678 -40.782096863 -0.096230797 -0.020321185 0.995151579 440.090789795
0.995366633 -0.008439808 0.095781498 43.659667969 0.006427158 0.999752343 0.021302044 -40.969055176 -0.095937572 -0.020587739 0.995174348 442.364196777
0.995366871 -0.007612870 0.095847763 43.980575562 0.005523802 0.999741793 0.022042181 -41.164825439 -0.095990837 -0.021410614 0.995151937 444.652770996
0.995327950 -0.008073689 0.096213490 44.288631439 0.005968500 0.999736905 0.022148142 -41.348350525 -0.096367002 -0.021470416 0.995114207 446.929412842
0.995317996 -0.007917828 0.096328996 44.594818115 0.005857319 0.999748349 0.021654336 -41.536636353 -0.096476220 -0.020988720 0.995113969 449.196777344
0.995329261 -0.007079254 0.096278012 44.903884888 0.005056877 0.999761701 0.021233404 -41.725387573 -0.096405387 -0.020647360 0.995127976 451.460174561
0.995269954 -0.006612765 0.096922070 45.207122803 0.004595673 0.999768436 0.021019962 -41.918972015 -0.097038627 -0.020475110 0.995069981 453.727020264
0.995198548 -0.005888056 0.097698711 45.511585236 0.003854007 0.999772072 0.020995295 -42.099075317 -0.097800054 -0.020517958 0.994994521 456.005249023
0.995165408 -0.006189459 0.098018155 45.813304901 0.004182394 0.999777615 0.020668708 -42.292694092 -0.098124288 -0.020158831 0.994969964 458.271179199
0.995210111 -0.005393131 0.097610079 46.135738373 0.003467943 0.999796331 0.019882180 -42.480308533 -0.097697414 -0.019448441 0.995026112 460.554473877
0.995193899 -0.004577249 0.097816162 46.444236755 0.002573166 0.999784410 0.020604596 -42.674301147 -0.097889371 -0.020253874 0.994991183 462.835144043
0.995209217 -0.004059681 0.097683750 46.757255554 0.001952465 0.999763548 0.021657748 -42.860137939 -0.097748563 -0.021363268 0.994981945 465.114471436
0.995259464 -0.004125899 0.097167313 47.062034607 0.001977516 0.999751687 0.022196075 -43.044956207 -0.097234756 -0.021898698 0.995020628 467.380523682
0.995355964 -0.004184196 0.096171677 47.378356934 0.002186161 0.999779701 0.020871708 -43.229171753 -0.096237823 -0.020564536 0.995145917 469.663085938
0.995447338 -0.004158995 0.095222458 47.699420929 0.002178040 0.999779224 0.020897936 -43.427650452 -0.095288344 -0.020595398 0.995236576 471.957916260
0.995521069 -0.004791951 0.094418719 48.004936218 0.002736735 0.999756753 0.021884512 -43.620521545 -0.094500646 -0.021528095 0.995291948 474.240661621
0.995499790 -0.005016234 0.094631068 48.297748566 0.002928563 0.999749601 0.022187147 -43.811061859 -0.094718665 -0.021810165 0.995265126 476.519012451
0.995578885 -0.004838298 0.093804523 48.599098206 0.002838286 0.999766052 0.021442764 -43.980480194 -0.093886323 -0.021081718 0.995359719 478.812744141
0.995597422 -0.005050418 0.093596607 48.901168823 0.002989940 0.999750376 0.022141621 -44.169048309 -0.093685068 -0.021764291 0.995363951 481.092712402
0.995645940 -0.005410508 0.093058579 49.206737518 0.003318772 0.999738693 0.022617714 -44.353683472 -0.093156628 -0.022210393 0.995403647 483.363342285
0.995643973 -0.006056533 0.093039930 49.495388031 0.004006036 0.999745369 0.022209866 -44.542404175 -0.093150757 -0.021740396 0.995414674 485.648468018
0.995750725 -0.007097465 0.091815569 49.803283691 0.005012074 0.999724686 0.022923501 -44.738727570 -0.091952987 -0.022365902 0.995512128 487.933288574
0.995822906 -0.007540037 0.090993524 50.105937958 0.005470985 0.999721348 0.022966510 -44.918167114 -0.091141313 -0.022372751 0.995586574 490.215942383
0.995753825 -0.007153856 0.091777809 50.358818054 0.005036667 0.999716222 0.023279557 -45.113555908 -0.091918305 -0.022718452 0.995507360 492.475341797
0.995829642 -0.006683083 0.090986900 50.669559479 0.004560825 0.999713123 0.023512835 -45.293727875 -0.091117956 -0.022999803 0.995574474 494.765472412
0.995840609 -0.006604773 0.090872161 50.957656860 0.004512594 0.999720395 0.023209551 -45.477653503 -0.091000043 -0.022702949 0.995592058 497.068664551
0.995864570 -0.006369200 0.090626493 51.264667511 0.004298157 0.999725461 0.023029359 -45.672328949 -0.090748295 -0.022544594 0.995618641 499.389953613
0.995901942 -0.006431786 0.090210713 51.559532166 0.004307145 0.999709189 0.023726916 -45.855110168 -0.090337090 -0.023241131 0.995640039 501.684539795
0.995916069 -0.006159831 0.090075009 51.853431702 0.004006492 0.999702334 0.024067372 -46.043506622 -0.090196453 -0.023608198 0.995644152 503.969268799
0.995945334 -0.005346481 0.089800768 52.150333405 0.003252156 0.999719620 0.023452053 -46.229042053 -0.089900978 -0.023064917 0.995683551 506.263275146
0.995920777 -0.005103604 0.090087399 52.437477112 0.002953958 0.999708116 0.023979004 -46.411834717 -0.090183482 -0.023615073 0.995645165 508.558013916
0.995950222 -0.005453467 0.089739889 52.736232758 0.003410836 0.999731958 0.022899320 -46.593807220 -0.089840725 -0.022500493 0.995701969 510.851501465
0.995997787 -0.006269907 0.089157268 53.041950226 0.004154975 0.999706030 0.023887211 -46.786331177 -0.089280814 -0.023421163 0.995730996 513.153747559
0.996022940 -0.006026979 0.088893384 53.339862823 0.003902547 0.999703050 0.024053114 -46.968986511 -0.089011967 -0.023610543 0.995750606 515.455871582
0.996029377 -0.004902480 0.088891655 53.632286072 0.002798273 0.999713302 0.023780784 -47.151664734 -0.088982761 -0.023437612 0.995757401 517.763854980
0.996010125 -0.004038388 0.089149281 53.918617249 0.001948266 0.999721408 0.023519779 -47.337654114 -0.089219451 -0.023252249 0.995740592 520.059143066
0.995965540 -0.001956485 0.089715265 54.213069916 -0.000153623 0.999723673 0.023507116 -47.522891998 -0.089736454 -0.023426060 0.995689988 522.403869629
0.995927155 -0.000040026 0.090161480 54.512310028 -0.002109927 0.999715626 0.023750136 -47.708854675 -0.090136811 -0.023843639 0.995643914 524.728759766
0.995884299 0.000702188 0.090632007 54.812469482 -0.002972786 0.999684989 0.024920376 -47.886260986 -0.090585969 -0.025087237 0.995572627 527.049194336
0.995816290 0.000280109 0.091377273 55.103874207 -0.002568433 0.999686003 0.024925960 -48.068531036 -0.091341592 -0.025056371 0.995504260 529.360717773
0.995762944 -0.001393021 0.091945931 55.395404816 -0.001026400 0.999654591 0.026260985 -48.246963501 -0.091950759 -0.026244095 0.995417595 531.673461914
0.995716751 -0.002994806 0.092407234 55.701526642 0.000610341 0.999666393 0.025821351 -48.422355652 -0.092453748 -0.025654353 0.995386422 533.998535156
0.995676100 -0.003016299 0.092844278 56.004425049 0.000674945 0.999681354 0.025239153 -48.602756500 -0.092890806 -0.025067354 0.995360672 536.320068359
0.995592296 -0.003234920 0.093731046 56.304584503 0.000887783 0.999685168 0.025072068 -48.784278870 -0.093782656 -0.024878344 0.995281816 538.640502930
0.995519519 -0.002751837 0.094516404 56.602973938 0.000442563 0.999701083 0.024444802 -48.969348907 -0.094555430 -0.024293447 0.995223165 540.953125000
0.995428562 -0.002190438 0.095484331 56.906326294 -0.000135069 0.999703646 0.024341596 -49.159053802 -0.095509350 -0.024243213 0.995133281 543.271057129
0.995358050 -0.001273310 0.096232533 57.208026886 -0.000942164 0.999735594 0.022973154 -49.339576721 -0.096236348 -0.022957182 0.995093644 545.617370605
0.995198667 -0.000964740 0.097870573 57.491901398 -0.001311395 0.999730289 0.023189591 -49.518089294 -0.097866543 -0.023206597 0.994928896 547.937011719
0.995164096 -0.001126809 0.098219536 57.810100555 -0.001266248 0.999703944 0.024298627 -49.708854675 -0.098217845 -0.024305487 0.994868100 550.248474121
0.995112777 -0.001454147 0.098733775 58.122016907 -0.000966575 0.999700189 0.024465404 -49.891803741 -0.098739773 -0.024441274 0.994813085 552.556945801
0.995169997 -0.002597538 0.098131992 58.450271606 0.000313661 0.999728858 0.023281785 -50.070846558 -0.098165855 -0.023138555 0.994901001 554.869567871
0.995182276 -0.003017559 0.097995065 58.772274017 0.000695092 0.999718249 0.023725340 -50.257747650 -0.098039046 -0.023542924 0.994904041 557.184875488
0.995126247 -0.002811039 0.098568246 59.086536407 0.000432699 0.999708593 0.024141936 -50.441864014 -0.098607369 -0.023981625 0.994837403 559.498168945
0.995109379 -0.002240732 0.098753713 59.409690857 -0.000255843 0.999680817 0.025260894 -50.628047943 -0.098778814 -0.025162617 0.994791210 561.832519531
0.995124042 -0.002960009 0.098586820 59.737236023 0.000408863 0.999664724 0.025887307 -50.812747955 -0.098630399 -0.025720771 0.994791687 564.165039062
0.995104134 -0.002412278 0.098802187 60.060962677 -0.000209555 0.999648333 0.026517216 -50.991264343 -0.098831400 -0.026408097 0.994753718 566.482727051
0.995060682 -0.001617079 0.099255212 60.383750916 -0.000958983 0.999664068 0.025900727 -51.176490784 -0.099263735 -0.025867980 0.994724870 568.803222656
0.995082438 -0.000428934 0.099049389 60.721416473 -0.001992220 0.999701619 0.024343705 -51.352615356 -0.099030279 -0.024421319 0.994784713 571.141723633
0.995082200 0.000038263 0.099053033 61.058395386 -0.002469088 0.999698818 0.024418170 -51.537429810 -0.099022262 -0.024542656 0.994782448 573.462524414
0.995076001 -0.000130821 0.099114001 61.381282806 -0.002423686 0.999668002 0.025652591 -51.731277466 -0.099084429 -0.025766497 0.994745493 575.841735840
0.995070994 -0.000256433 0.099164449 61.710391998 -0.002413857 0.999637723 0.026806984 -51.916725159 -0.099135391 -0.026914222 0.994709909 578.157653809
0.994990051 0.000489728 0.099972993 62.021484375 -0.003022646 0.999678195 0.025186125 -52.100494385 -0.099928513 -0.025362121 0.994671285 580.539978027
0.995036542 -0.000314626 0.099509619 62.351177216 -0.002164820 0.999689877 0.024807682 -52.275920868 -0.099486552 -0.024899971 0.994727254 582.878967285
0.994991720 -0.000732378 0.099953897 62.675853729 -0.001915470 0.999649823 0.026392153 -52.468391418 -0.099938229 -0.026451435 0.994641960 585.207458496
0.995041847 -0.000469001 0.099456705 63.002624512 -0.002196003 0.999641478 0.026684444 -52.649372101 -0.099433564 -0.026770543 0.994684041 587.526550293
0.994996011 -0.002973986 0.099871524 63.335430145 0.000474970 0.999686420 0.025036778 -52.831436157 -0.099914670 -0.024864057 0.994685233 589.890625000
0.995011985 -0.003298346 0.099700674 63.665901184 0.000787008 0.999681652 0.025217608 -53.013607025 -0.099752113 -0.025013359 0.994697869 592.238769531
0.995013356 -0.004991702 0.099616759 63.989963531 0.002443943 0.999667108 0.025681267 -53.197578430 -0.099711798 -0.025309740 0.994694412 594.579772949
0.995039403 -0.005811751 0.099311538 64.323875427 0.003249959 0.999658227 0.025937852 -53.380989075 -0.099428348 -0.025486426 0.994718194 596.934509277
