1.000000000 0.000000000 0.000000000 0.000000000 0.000000000 1.000000000 0.000000000 0.000000000 0.000000000 0.000000000 1.000000000 0.000000000
0.999999940 -0.000135679 0.000288218 0.088950284 0.000135748 0.999999940 -0.000238301 -0.226315916 -0.000288186 0.000238340 0.999999940 2.285394430
0.999999583 0.000058513 0.001030682 0.168522701 -0.000058730 0.999999940 0.000210246 -0.463820308 -0.001030670 -0.000210307 0.999999464 4.581652641
0.999998748 -0.000475585 0.001479132 0.268133461 0.000475244 0.999999881 0.000230755 -0.694260836 -0.001479242 -0.000230052 0.999998868 6.870926857
0.999997437 -0.000496457 0.002204098 0.365589976 0.000499525 0.999998927 -0.001391631 -0.929354966 -0.002203405 0.001392728 0.999996603 9.160345078
0.999990225 0.001270235 0.004233018 0.456721514 -0.001270218 0.999999225 -0.000006674 -1.165878177 -0.004233023 0.000001297 0.999991000 11.465774536
0.999973238 0.003327552 0.006519775 0.565438509 -0.003336298 0.999993563 0.001330928 -1.402668238 -0.006515304 -0.001352644 0.999977887 13.759836197
0.999955416 0.003128886 0.008918344 0.669680476 -0.003163956 0.999987304 0.003920843 -1.631123543 -0.008905965 -0.003948885 0.999952555 16.032928467
0.999945700 0.003555416 0.009791644 0.760682642 -0.003610085 0.999977946 0.005571238 -1.862674952 -0.009771621 -0.005606285 0.999936461 18.313112259
0.999935687 0.002580257 0.011043847 0.869482696 -0.002645312 0.999979198 0.005880089 -2.089018822 -0.011028445 -0.005908925 0.999921679 20.585985184
0.999930024 0.000252770 0.011825295 0.984778702 -0.000287822 0.999995589 0.002962497 -2.304634571 -0.011824493 -0.002965694 0.999925613 22.899726868
0.999918103 -0.001986256 0.012643803 1.090614796 0.001976540 0.999997795 0.000780936 -2.522781849 -0.012645327 -0.000755881 0.999919713 25.183780670
0.999916077 -0.002368559 0.012736630 1.224346399 0.002366511 0.999997199 0.000175869 -2.767966986 -0.012737012 -0.000145712 0.999918878 27.472681046
0.999892175 -0.001996481 0.014549161 1.318220019 0.002012112 0.999997437 -0.001059811 -2.991065502 -0.014547009 0.001088972 0.999893606 29.758800507
0.999899805 0.000008341 0.014155750 1.457159638 -0.000035324 0.999998152 0.001905892 -3.223942995 -0.014155708 -0.001906201 0.999897957 32.033390045
0.999902129 0.001951272 0.013853005 1.589957118 -0.002010463 0.999988973 0.004260133 -3.445331812 -0.013844540 -0.004287568 0.999894977 34.312992096
0.999858856 0.004162234 0.016276106 1.695568800 -0.004288566 0.999960840 0.007734648 -3.669212580 -0.016243275 -0.007803357 0.999837637 36.617095947
0.999853015 0.006032894 0.016045149 1.823641896 -0.006149330 0.999954998 0.007217386 -3.887697220 -0.016000889 -0.007314993 0.999845207 38.889263153
0.999811530 0.004755217 0.018822331 1.922264814 -0.004879652 0.999966502 0.006570570 -4.104250908 -0.018790456 -0.006661177 0.999801278 41.203254700
0.999819875 0.002206028 0.018851900 2.048490524 -0.002314288 0.999980927 0.005722807 -4.329498768 -0.018838918 -0.005765405 0.999805927 43.479709625
0.999814510 0.002568607 0.019085674 2.177248001 -0.002655221 0.999986291 0.004514184 -4.557168484 -0.019073812 -0.004564025 0.999807596 45.745971680
0.999815881 0.001856611 0.019098036 2.305646896 -0.001923769 0.999992013 0.003498734 -4.785205364 -0.019091390 -0.003534829 0.999811471 48.026790619
0.999820352 0.000512528 0.018946672 2.444735050 -0.000588131 0.999991894 0.003984963 -5.012361526 -0.018944472 -0.003995390 0.999812543 50.305789948
0.999801040 0.000205417 0.019944426 2.572608948 -0.000290373 0.999990880 0.004256806 -5.232958794 -0.019943370 -0.004261751 0.999792039 52.569034576
0.999792039 -0.001045206 0.020362463 2.706875563 0.000956728 0.999989986 0.004354443 -5.462334633 -0.020366810 -0.004334057 0.999783218 54.852851868
0.999755561 -0.001393439 0.022065276 2.821420670 0.001289998 0.999988079 0.004701515 -5.690654755 -0.022071566 -0.004671902 0.999745488 57.152427673
0.999747336 -0.002860318 0.022291785 2.965347290 0.002745528 0.999982834 0.005178323 -5.912162781 -0.022306219 -0.005115812 0.999738038 59.419124603
0.999701858 -0.004054121 0.024074642 3.090893030 0.003943257 0.999981523 0.004650694 -6.136659145 -0.024093043 -0.004554376 0.999699354 61.684848785
0.999689460 -0.005111977 0.024389744 3.245226860 0.005001524 0.999976993 0.004587519 -6.360940456 -0.024412634 -0.004464109 0.999692023 63.936004639
0.999656498 -0.004458566 0.025826192 3.386487961 0.004330091 0.999977946 0.005028416 -6.580577850 -0.025848042 -0.004914858 0.999653816 66.213233948
0.999632776 -0.003431533 0.026879914 3.534360886 0.003289019 0.999980330 0.005344329 -6.806216717 -0.026897721 -0.005253958 0.999624372 68.464599609
0.999590099 -0.003617587 0.028399652 3.673514843 0.003470092 0.999980211 0.005241139 -7.031847954 -0.028418049 -0.005140442 0.999582827 70.721862793
0.999581516 -0.004541946 0.028569261 3.837100506 0.004434097 0.999982834 0.003837248 -7.251877308 -0.028586194 -0.003708964 0.999584436 72.972869873
0.999563694 -0.005572558 0.029009765 3.995836258 0.005451175 0.999976039 0.004261564 -7.475348949 -0.029032817 -0.004101568 0.999570072 75.246559143
0.999519944 -0.006779184 0.030230299 4.158214092 0.006673100 0.999971151 0.003608695 -7.704771042 -0.030253893 -0.003405234 0.999536395 77.512130737
0.999502420 -0.007805070 0.030560667 4.310449600 0.007695077 0.999963462 0.003715127 -7.935370922 -0.030588549 -0.003478111 0.999525964 79.747657776
0.999474287 -0.008347058 0.031328123 4.461495399 0.008250759 0.999960780 0.003201896 -8.149617195 -0.031353615 -0.002941732 0.999504030 82.004531860
0.999451399 -0.006927162 0.032387074 4.624085903 0.006827334 0.999971628 0.003191918 -8.379181862 -0.032408271 -0.002969049 0.999470234 84.272933960
0.999399483 -0.006709540 0.033995856 4.781229973 0.006579644 0.999970734 0.003931389 -8.599487305 -0.034021236 -0.003705348 0.999414325 86.527076721
0.999398470 -0.006438525 0.034076754 4.953210831 0.006264191 0.999966741 0.005220257 -8.833377838 -0.034109227 -0.005003654 0.999405682 88.795242310
0.999367833 -0.005396694 0.035140302 5.114582539 0.005191142 0.999968886 0.005938070 -9.060145378 -0.035171263 -0.005751898 0.999364734 91.046058655
0.999331951 -0.005235021 0.036170132 5.280760288 0.005030166 0.999970794 0.005752326 -9.279843330 -0.036199179 -0.005566543 0.999329031 93.297523499
0.999325037 -0.005341818 0.036344267 5.453393936 0.005158021 0.999973416 0.005149001 -9.495257378 -0.036370814 -0.004958062 0.999326050 95.548309326
0.999303699 -0.006076673 0.036811572 5.627983093 0.005879511 0.999967933 0.005461830 -9.715413094 -0.036843568 -0.005241594 0.999307215 97.800521851
0.999261141 -0.005918941 0.037975479 5.790584564 0.005730608 0.999970853 0.005066275 -9.945970535 -0.038004354 -0.004844910 0.999265850 100.037178040
0.999205232 -0.006169249 0.039383236 5.954310417 0.005926651 0.999962747 0.006273762 -10.161698341 -0.039420485 -0.006035366 0.999204457 102.259307861
0.999178886 -0.006173797 0.040042836 6.143366337 0.005934759 0.999963880 0.006085694 -10.378159523 -0.040078960 -0.005843053 0.999179423 104.514312744
0.999152839 -0.007272001 0.040504560 6.315009594 0.006988545 0.999950051 0.007135314 -10.604914665 -0.040554427 -0.006846203 0.999153852 106.751380920
0.999117434 -0.008767894 0.041079234 6.500672340 0.008482597 0.999938726 0.007114246 -10.817284584 -0.041139096 -0.006759509 0.999130547 108.998161316
0.999077380 -0.009636722 0.041851737 6.685773373 0.009305385 0.999924004 0.008104530 -11.040710449 -0.041926652 -0.007707608 0.999090910 111.252868652
0.999054730 -0.009959418 0.042311948 6.875990868 0.009675905 0.999929368 0.006900049 -11.262245178 -0.042377681 -0.006484122 0.999080539 113.514739990
0.999007225 -0.010579300 0.043273561 7.059289455 0.010329785 0.999928713 0.005985588 -11.477986336 -0.043333802 -0.005532638 0.999045312 115.761322021
0.998973906 -0.010959011 0.043943752 7.242156029 0.010689005 0.999922514 0.006374638 -11.700076103 -0.044010215 -0.005898383 0.999013662 117.997566223
0.998926401 -0.011230893 0.044943828 7.435545444 0.010918856 0.999914587 0.007182305 -11.917369843 -0.045020651 -0.006683858 0.998963654 120.251266479
0.998909414 -0.012144873 0.045084603 7.642714500 0.011792748 0.999897897 0.008068078 -12.141335487 -0.045178000 -0.007527608 0.998950601 122.454658508
0.998832881 -0.013342902 0.046419241 7.838776588 0.013005746 0.999886870 0.007557696 -12.366386414 -0.046514831 -0.006945158 0.998893440 124.766105652
0.998798132 -0.014095860 0.046942644 8.027080536 0.013797729 0.999882579 0.006668977 -12.586886406 -0.047031134 -0.006013261 0.998875320 127.040588379
0.998790622 -0.015889315 0.046530273 8.225474358 0.015583279 0.999854505 0.006932622 -12.800447464 -0.046633668 -0.006199142 0.998892784 129.317276001
0.998822570 -0.017014403 0.045431070 8.421825409 0.016708240 0.999835134 0.007110357 -13.014322281 -0.045544568 -0.006342912 0.998942137 131.566055298
0.998873830 -0.017268345 0.044191759 8.617921829 0.016908249 0.999820888 0.008509399 -13.230775833 -0.044330783 -0.007752610 0.998986840 133.799972534
0.998927474 -0.018283315 0.042538960 8.808618546 0.017954940 0.999806106 0.008088726 -13.448159218 -0.042678598 -0.007316266 0.999062061 136.037307739
0.998999953 -0.019015295 0.040464547 9.014989853 0.018701721 0.999792159 0.008113934 -13.667273521 -0.040610425 -0.007349063 0.999148011 138.262161255
0.998979509 -0.019886978 0.040552482 9.189157486 0.019574821 0.999775887 0.008080278 -13.885587692 -0.040704083 -0.007278224 0.999144673 140.542800903
0.998962939 -0.020255368 0.040777523 9.358369827 0.019938694 0.999768019 0.008157616 -14.089942932 -0.040933296 -0.007336106 0.999134898 142.775131226
0.999016106 -0.019901616 0.039632812 9.561284065 0.019538173 0.999763727 0.009536578 -14.313746452 -0.039813235 -0.008752843 0.999168813 145.010482788
0.999032080 -0.018858083 0.039740603 9.737026215 0.018536203 0.999792457 0.008452420 -14.525506973 -0.039891750 -0.007707599 0.999174297 147.256454468
0.999049127 -0.017957190 0.039728988 9.922149658 0.017697558 0.999819756 0.006877185 -14.738722801 -0.039845325 -0.006167540 0.999186754 149.495071411
0.999064744 -0.016161792 0.040104948 10.099477768 0.015927769 0.999854207 0.006148097 -14.957222939 -0.040198475 -0.005503565 0.999176562 151.739593506
0.999072969 -0.015415741 0.040197410 10.288305283 0.015184958 0.999866426 0.006040320 -15.168954849 -0.040285166 -0.005424323 0.999173462 153.976913452
0.999054134 -0.014769630 0.040899172 10.465843201 0.014514497 0.999873340 0.006528006 -15.384513855 -0.040990409 -0.005928201 0.999141932 156.234786987
0.999054432 -0.014021836 0.041154962 10.663483620 0.013709899 0.999875188 0.007852053 -15.604020119 -0.041259926 -0.007280399 0.999121904 158.451705933
0.999010324 -0.013301170 0.042444039 10.848272324 0.012926513 0.999875069 0.009089393 -15.827988625 -0.042559639 -0.008531743 0.999057472 160.714584351
0.998974800 -0.012381039 0.043544140 11.031811714 0.011908012 0.999867380 0.011105833 -16.042314529 -0.043675870 -0.010575924 0.998989820 162.950180054
0.998947620 -0.012033582 0.044258568 11.223846436 0.011606812 0.999883771 0.009887017 -16.241327286 -0.044372395 -0.009362913 0.998971283 165.209136963
0.998904467 -0.011231935 0.045427434 11.418103218 0.010842380 0.999902368 0.008812657 -16.453098297 -0.045521986 -0.008310460 0.998928785 167.444076538
0.998812318 -0.009346345 0.047816940 11.601867676 0.008923777 0.999919176 0.009043055 -16.664070129 -0.047897603 -0.008605608 0.998815238 169.676055908
0.998737335 -0.009015021 0.049420886 11.836109161 0.008530753 0.999913573 0.010001086 -16.892084122 -0.049506780 -0.009566859 0.998727918 171.928665161
0.998618186 -0.009323101 0.051717959 12.038381577 0.008839084 0.999915063 0.009579647 -17.098289490 -0.051802870 -0.009109271 0.998615801 174.188110352
0.998537958 -0.009265670 0.053253502 12.246552467 0.008740102 0.999910891 0.010093538 -17.311462402 -0.053342275 -0.009613340 0.998530030 176.440917969
0.998486221 -0.010065224 0.054073773 12.454563141 0.009481547 0.999894023 0.011039820 -17.522085190 -0.054179158 -0.010510405 0.998475909 178.667007446
0.998439252 -0.011052210 0.054743562 12.650922775 0.010436277 0.999879122 0.011524327 -17.732789993 -0.054864317 -0.010935022 0.998433948 180.889282227
0.998473704 -0.011594958 0.054000389 12.870143890 0.011010530 0.999877691 0.011107630 -17.944335938 -0.054122593 -0.010496104 0.998479128 183.159210205
0.998483658 -0.013071422 0.053474851 13.083776474 0.012508708 0.999862909 0.010844163 -18.152751923 -0.053609282 -0.010158819 0.998510301 185.397735596
0.998479664 -0.014840681 0.053086478 13.296657562 0.014230320 0.999828517 0.011857074 -18.361225128 -0.053253345 -0.011083610 0.998519480 187.633377075
0.998452187 -0.015798494 0.053325314 13.482345581 0.015208231 0.999818683 0.011456816 -18.569950104 -0.053496648 -0.010628100 0.998511493 189.867019653
0.998426378 -0.016809387 0.053500365 13.691326141 0.016236803 0.999806285 0.011119191 -18.777442932 -0.053676914 -0.010233017 0.998506010 192.107559204
0.998397768 -0.017903164 0.053678621 13.891540527 0.017332630 0.999788582 0.011075476 -18.998081207 -0.053865552 -0.010127341 0.998496771 194.337036133
0.998416245 -0.017548643 0.053451557 14.106312752 0.016948188 0.999788404 0.011666304 -19.206270218 -0.053644963 -0.010741918 0.998502433 196.568176270
0.998429894 -0.016213465 0.053618763 14.323457718 0.015582575 0.999804556 0.012163403 -19.416099548 -0.053805500 -0.011308784 0.998487353 198.795684814
0.998439908 -0.013299509 0.054232422 14.522287369 0.012692895 0.999853134 0.011514630 -19.631607056 -0.054377601 -0.010808299 0.998461902 201.068023682
0.998413146 -0.012547421 0.054897316 14.737041473 0.011968492 0.999869347 0.010861800 -19.839633942 -0.055026434 -0.010187527 0.998432934 203.320053101
0.998380840 -0.013211330 0.055327553 14.945657730 0.012566172 0.999849081 0.011992425 -20.050216675 -0.055477634 -0.011277750 0.998396218 205.551177979
0.998365223 -0.014759625 0.055218171 15.161095619 0.014074050 0.999819219 0.012784126 -20.257968903 -0.055396874 -0.011986084 0.998392463 207.771286011
0.998299181 -0.014894004 0.056362689 15.365072250 0.014215657 0.999821842 0.012417238 -20.456556320 -0.056537595 -0.011594889 0.998333156 209.974914551
0.998207688 -0.014452206 0.058072608 15.579484940 0.013693060 0.999815941 0.013449079 -20.661792755 -0.058256269 -0.012629782 0.998221874 212.207107544
0.998117507 -0.013024925 0.059930783 15.813611031 0.012202779 0.999826610 0.014063894 -20.867649078 -0.060103577 -0.013306098 0.998103440 214.444839478
0.997942328 -0.012035085 0.062978037 16.019893646 0.011191192 0.999843061 0.013735453 -21.061485291 -0.063133471 -0.013002391 0.997920394 216.678955078
0.997820675 -0.012113365 0.064862981 16.255704880 0.011234879 0.999840379 0.013891372 -21.260404587 -0.065020911 -0.013132370 0.997797489 218.912124634
0.997694671 -0.013470433 0.066511996 16.493772507 0.012530628 0.999815941 0.014526887 -21.457012177 -0.066695452 -0.013659959 0.997679889 221.136016846
0.997592628 -0.014920973 0.067721725 16.730892181 0.013925518 0.999788284 0.015147563 -21.650501251 -0.067933403 -0.014168037 0.997589171 223.362426758
0.997529089 -0.017172614 0.068123341 16.981243134 0.016227316 0.999764562 0.014405514 -21.850912094 -0.068354666 -0.013264461 0.997572899 225.578582764
0.997493386 -0.018361926 0.068336084 17.227060318 0.017435892 0.999748230 0.014123112 -22.046031952 -0.068578199 -0.012896211 0.997562349 227.826477051
0.997430980 -0.018550450 0.069189444 17.462512970 0.017592203 0.999741018 0.014433308 -22.244569778 -0.069439255 -0.013179036 0.997499049 230.066070557
0.997382581 -0.019864166 0.069522455 17.713562012 0.018982772 0.999731123 0.013315761 -22.442777634 -0.069768250 -0.011961183 0.997491539 232.307693481
0.997358680 -0.020614216 0.069646984 17.964414597 0.019674279 0.999706209 0.014154926 -22.637340546 -0.069918312 -0.012747285 0.997471213 234.547424316
0.997327209 -0.019265203 0.070478640 18.232532501 0.018265413 0.999723613 0.014802781 -22.843126297 -0.070744336 -0.013475895 0.997403443 236.795379639
0.997292042 -0.018823925 0.071092665 18.476917267 0.017846849 0.999737680 0.014354018 -23.033571243 -0.071344219 -0.013046368 0.997366369 239.016983032
0.997263134 -0.019178346 0.071405225 18.728952408 0.018170884 0.999726355 0.014732116 -23.233901978 -0.071668245 -0.013394296 0.997338593 241.240066528
0.997223735 -0.019584812 0.071843810 18.981287003 0.018554127 0.999715507 0.014985732 -23.432405472 -0.072116859 -0.013611128 0.997303307 243.480606079
0.997189581 -0.020020626 0.072194658 19.233892441 0.019032873 0.999715984 0.014344023 -23.635334015 -0.072461329 -0.012929637 0.997287393 245.703598022
0.997199893 -0.019548712 0.072183236 19.494142532 0.018606346 0.999732971 0.013704706 -23.835884094 -0.072431900 -0.012323264 0.997297168 247.932708740
0.997168422 -0.019906733 0.072519302 19.752317429 0.018929593 0.999720812 0.014136708 -24.033954620 -0.072780497 -0.012723915 0.997266829 250.170684814
0.997137666 -0.021225497 0.072566904 20.012527466 0.020270618 0.999698341 0.013869927 -24.232002258 -0.072839424 -0.012359253 0.997267127 252.402084351
0.997135818 -0.021513732 0.072507702 20.282102585 0.020490497 0.999680102 0.014826580 -24.436100006 -0.072803482 -0.013298394 0.997257650 254.663330078
0.997098804 -0.022886304 0.072596051 20.524932861 0.021828249 0.999644041 0.015334687 -24.639038086 -0.072921157 -0.013705553 0.997243524 256.881103516
0.997068584 -0.022841409 0.073024251 20.790899277 0.021761037 0.999642193 0.015556334 -24.841566086 -0.073353447 -0.013921647 0.997208834 259.163085938
0.997032940 -0.022457892 0.073628470 21.049055099 0.021388890 0.999654472 0.015275392 -25.040220261 -0.073946103 -0.013655237 0.997168660 261.402343750
0.997012138 -0.022549996 0.073879831 21.313529968 0.021517223 0.999659717 0.014745398 -25.235103607 -0.074187219 -0.013111653 0.997158051 263.655029297
0.996982872 -0.021815520 0.074492559 21.578657150 0.020809710 0.999681890 0.014251791 -25.435596466 -0.074779749 -0.012658624 0.997119725 265.892791748
0.996925175 -0.021313127 0.075405963 21.841907501 0.020288860 0.999691546 0.014323505 -25.629785538 -0.075687982 -0.012749560 0.997050047 268.134094238
0.996790588 -0.021111703 0.077218443 22.096368790 0.020070037 0.999697268 0.014241242 -25.840259552 -0.077495717 -0.012645761 0.996912420 270.400146484
0.996696770 -0.021815581 0.078228019 22.374778748 0.020736529 0.999678671 0.014579643 -26.042417526 -0.078520939 -0.012909306 0.996828794 272.643951416
0.996497035 -0.022194183 0.080628641 22.626226425 0.021064118 0.999668002 0.014839352 -26.231821060 -0.080931209 -0.013088999 0.996633768 274.902221680
0.996376991 -0.022091744 0.082126960 22.903848648 0.020855490 0.999656439 0.015880603 -26.419448853 -0.082449578 -0.014110268 0.996495366 277.142547607
0.996315956 -0.021668330 0.082975648 23.194963455 0.020235637 0.999631941 0.018068714 -26.636196136 -0.083336629 -0.016323086 0.996387780 279.394714355
0.996208370 -0.021466427 0.084309533 23.479442596 0.019936113 0.999621630 0.018951369 -26.830909729 -0.084684446 -0.017198706 0.996259451 281.632202148
0.996130943 -0.021021215 0.085329898 23.759752274 0.019461911 0.999628782 0.019064829 -27.014133453 -0.085698977 -0.017330378 0.996170342 283.889801025
0.996020198 -0.019918725 0.086873263 24.032707214 0.018400287 0.999664247 0.018244749 -27.197795868 -0.087207496 -0.016573647 0.996052265 286.129058838
0.996046364 -0.019350275 0.086701445 24.329566956 0.017911281 0.999689043 0.017344525 -27.384191513 -0.087010123 -0.015723014 0.996083319 288.363647461
0.995990515 -0.020062927 0.087179899 24.608028412 0.018604679 0.999673665 0.017507397 -27.579559326 -0.087502681 -0.015815247 0.996038735 290.590423584
0.995919645 -0.019860882 0.088031068 24.874696732 0.018460667 0.999690175 0.016691707 -27.767751694 -0.088335291 -0.014998487 0.995977879 292.841217041
0.995937228 -0.020421591 0.087703764 25.163379669 0.019126533 0.999695659 0.015581473 -27.955268860 -0.087995283 -0.013840700 0.996024728 295.070526123
0.995925426 -0.020435423 0.087834783 25.447929382 0.019140920 0.999695778 0.015555095 -28.150711060 -0.088125937 -0.013810476 0.996013582 297.301055908
0.995926380 -0.019728947 0.087985434 25.733285904 0.018414769 0.999706745 0.015723193 -28.342575073 -0.088269845 -0.014038911 0.995997667 299.539611816
0.995844722 -0.019576009 0.088938713 25.993724823 0.018156718 0.999694943 0.016739221 -28.541366577 -0.089239284 -0.015054827 0.995896399 301.772552490
0.995843887 -0.019901566 0.088875674 26.286821365 0.018471235 0.999686778 0.016887249 -28.733242035 -0.089183934 -0.015175422 0.995899498 304.024108887
0.995800793 -0.019423479 0.089461967 26.577144623 0.017967533 0.999693096 0.017051253 -28.923274994 -0.089765720 -0.015372240 0.995844245 306.269378662
0.995788634 -0.019578354 0.089563683 26.862915039 0.018109687 0.999688387 0.017181437 -29.126922607 -0.089872144 -0.015487109 0.995832920 308.522827148
0.995737076 -0.020769201 0.089868471 27.155153275 0.019248566 0.999657035 0.017754486 -29.321283340 -0.090206392 -0.015948961 0.995795488 310.776367188
0.995719373 -0.020806015 0.090055622 27.452398300 0.019364879 0.999670625 0.016847121 -29.511066437 -0.090376467 -0.015031091 0.995794237 313.016479492
0.995738328 -0.020404989 0.089937106 27.749376297 0.018902574 0.999667823 0.017525392 -29.707204819 -0.090264820 -0.015750663 0.995793223 315.261230469
0.995685935 -0.018755328 0.090871744 28.042186737 0.017302891 0.999710023 0.016744966 -29.903228760 -0.091159478 -0.015100382 0.995721817 317.504882812
0.995669663 -0.017387277 0.091321476 28.328332901 0.015864434 0.999723196 0.017375182 -30.098049164 -0.091598317 -0.015851174 0.995669842 319.744171143
0.995618582 -0.015972069 0.092133023 28.621116638 0.014514519 0.999759018 0.016468512 -30.287818909 -0.092373855 -0.015059093 0.995610476 321.970855713
0.995576382 -0.015058604 0.092741370 28.910358429 0.013520983 0.999760866 0.017185817 -30.479843140 -0.092977993 -0.015855836 0.995541930 324.215362549
0.995577276 -0.014639659 0.092798717 29.210828781 0.012951464 0.999739945 0.018768240 -30.683330536 -0.093049340 -0.017483348 0.995508134 326.440765381
0.995532274 -0.014983194 0.093224019 29.496456146 0.013315005 0.999740303 0.018490769 -30.875738144 -0.093476877 -0.017166879 0.995473444 328.681732178
0.995532155 -0.016168995 0.093028016 29.800445557 0.014583867 0.999737084 0.017693967 -31.065286636 -0.093289644 -0.016258206 0.995506287 330.912963867
0.995520890 -0.015776111 0.093216360 30.094018936 0.014218345 0.999748349 0.017351886 -31.255319595 -0.093466654 -0.015948784 0.995494664 333.139312744
0.995472372 -0.015890786 0.093713358 30.386095047 0.014207816 0.999725997 0.018598711 -31.448238373 -0.093983218 -0.017183043 0.995425463 335.375091553
0.995496809 -0.016208265 0.093398228 30.692955017 0.014536176 0.999722183 0.018555436 -31.636743546 -0.093673036 -0.017114226 0.995455921 337.607116699
0.995483398 -0.015926391 0.093590386 30.981433868 0.014227265 0.999722064 0.018794255 -31.830301285 -0.093863688 -0.017377829 0.995433390 339.845092773
0.995530188 -0.016013673 0.093076542 31.286346436 0.014349822 0.999725640 0.018518044 -32.023620605 -0.093347535 -0.017099641 0.995486736 342.094238281
0.995517552 -0.016041337 0.093206808 31.578653336 0.014347455 0.999720037 0.018815210 -32.209506989 -0.093482539 -0.017393587 0.995468974 344.332061768
0.995543003 -0.015513353 0.093023710 31.872161865 0.013803406 0.999724209 0.018997200 -32.397743225 -0.093292750 -0.017628487 0.995482564 346.562713623
0.995585561 -0.015366237 0.092592046 32.167659760 0.013678071 0.999728978 0.018839436 -32.585556030 -0.092856430 -0.017489789 0.995525897 348.805297852
0.995569170 -0.014863024 0.092849903 32.458244324 0.013112273 0.999725044 0.019437430 -32.779300690 -0.093113273 -0.018133836 0.995490372 351.047973633
0.995596230 -0.015212615 0.092502333 32.749683380 0.013443768 0.999715269 0.019715363 -32.963321686 -0.092775919 -0.018384958 0.995517254 353.274810791
0.995601237 -0.014827621 0.092511415 33.037635803 0.013101405 0.999729097 0.019239021 -33.152297974 -0.092771627 -0.017942362 0.995525658 355.508605957
0.995628238 -0.014841292 0.092217371 33.332630157 0.013086719 0.999722064 0.019602198 -33.338253021 -0.092482671 -0.018309683 0.995545924 357.741790771
0.995697200 -0.014180103 0.091575138 33.634468079 0.012350033 0.999713123 0.020520229 -33.529350281 -0.091839835 -0.019300980 0.995586693 359.979217529
0.995752513 -0.014195838 0.090968415 33.935878754 0.012371459 0.999711514 0.020587692 -33.719425201 -0.091234431 -0.019374834 0.995640874 362.219848633
0.995808899 -0.014137627 0.090358771 34.236103058 0.012283938 0.999703228 0.021038102 -33.904941559 -0.090629376 -0.019839967 0.995687008 364.454895020
0.995878041 -0.014119813 0.089598067 34.535007477 0.012351242 0.999718368 0.020262837 -34.090480804 -0.089858934 -0.019072661 0.995771885 366.712249756
0.995896637 -0.014728735 0.089290701 34.824237823 0.012988562 0.999714792 0.020038718 -34.278961182 -0.089560367 -0.018796731 0.995803952 368.952423096
0.995882154 -0.014471143 0.089494705 35.107093811 0.012789773 0.999731302 0.019332409 -34.463108063 -0.089750402 -0.018108182 0.995799661 371.214385986
0.995934665 -0.015176131 0.088790126 35.394752502 0.013498563 0.999719381 0.019463716 -34.654712677 -0.089060590 -0.018186046 0.995860159 373.435119629
0.995978296 -0.015015365 0.088327885 35.687984467 0.013278715 0.999707460 0.020216282 -34.838565826 -0.088605598 -0.018962096 0.995886266 375.688354492
0.995949984 -0.015338855 0.088591054 35.969966888 0.013583485 0.999699950 0.020383321 -35.022548676 -0.088877127 -0.019097392 0.995859504 377.943603516
0.995949388 -0.015901493 0.088498026 36.257804871 0.014139729 0.999689877 0.020498848 -35.210189819 -0.088796556 -0.019164477 0.995865405 380.176055908
0.995955169 -0.016093478 0.088398807 36.553382874 0.014335634 0.999687374 0.020484367 -35.390842438 -0.088700846 -0.019134255 0.995874465 382.423522949
0.995958447 -0.015209971 0.088517331 36.847908020 0.013423368 0.999694705 0.020744039 -35.579334259 -0.088805810 -0.019472005 0.995858610 384.681060791
0.995970249 -0.013878457 0.088603064 37.134571075 0.012083858 0.999711454 0.020758729 -35.760143280 -0.088865586 -0.019604411 0.995850623 386.922058105
0.995984852 -0.012775156 0.088605069 37.433872223 0.010984878 0.999726117 0.020663409 -35.955169678 -0.088844791 -0.019607127 0.995852470 389.189361572
0.995973051 -0.011422588 0.088922381 37.719032288 0.009629410 0.999742031 0.020568606 -36.143157959 -0.089134380 -0.019629510 0.995826185 391.463806152
0.996012628 -0.010245054 0.088621713 38.013759613 0.008321617 0.999722242 0.022046214 -36.329353333 -0.088822953 -0.021220829 0.995821297 393.723754883
0.995913446 -0.008986188 0.089864425 38.288513184 0.007004566 0.999725819 0.022342337 -36.512897491 -0.090040550 -0.021621568 0.995703399 395.990020752
0.995835781 -0.008693059 0.090749986 38.575000763 0.006813856 0.999756336 0.020996803 -36.707595825 -0.090910397 -0.020291012 0.995652318 398.257934570
0.995789230 -0.008628317 0.091264717 38.864788055 0.006789016 0.999768078 0.020444768 -36.894847870 -0.091419928 -0.019739086 0.995616794 400.521759033
0.995653391 -0.009621401 0.092637233 39.148395538 0.007669628 0.999741495 0.021402014 -37.077335358 -0.092819206 -0.020598497 0.995469928 402.767059326
0.995650887 -0.010701007 0.092545830 39.453353882 0.008629953 0.999703944 0.022749986 -37.267711639 -0.092761859 -0.021852380 0.995448411 405.050109863
0.995638371 -0.011207272 0.092620820 39.752338409 0.009154111 0.999703526 0.022562601 -37.449352264 -0.092846215 -0.021616327 0.995445788 407.299194336
0.995560527 -0.009587804 0.093633130 40.062038422 0.007608528 0.999740422 0.021472812 -37.628368378 -0.093814716 -0.020665074 0.995375156 409.559356689
0.995515943 -0.008642548 0.094198175 40.366676331 0.006608875 0.999738753 0.021879930 -37.818984985 -0.094362669 -0.021159273 0.995312929 411.811309814
0.995434344 -0.007545623 0.095150098 40.659343719 0.005509388 0.999750495 0.021644814 -38.006168365 -0.095289677 -0.021021772 0.995227516 414.056274414
0.995344222 -0.006444041 0.096167870 40.965019226 0.004380318 0.999755919 0.021655291 -38.189472198 -0.096283935 -0.021133224 0.995129526 416.326049805
0.995307624 -0.006900534 0.096515097 41.278610229 0.004839543 0.999755561 0.021571906 -38.377639771 -0.096640348 -0.021003593 0.995097756 418.582214355
0.995214224 -0.007063611 0.097461671 41.579566956 0.004989181 0.999756098 0.021511901 -38.560520172 -0.097589843 -0.020922691 0.995006680 420.832641602
0.995122135 -0.007120127 0.098393023 41.877716064 0.005043541 0.999759614 0.021337649 -38.748741150 -0.098521292 -0.020737316 0.994918764 423.088714600
0.995048225 -0.007663799 0.099097468 42.188411713 0.005467357 0.999733746 0.022417065 -38.934356689 -0.099242888 -0.021764258 0.994825125 425.353515625
0.994999945 -0.007070046 0.099626027 42.495037079 0.004780863 0.999719441 0.023197820 -39.119247437 -0.099762090 -0.022605529 0.994754493 427.598937988
0.994919479 -0.006295776 0.100476347 42.810585022 0.003923010 0.999709129 0.023795309 -39.299381256 -0.100596935 -0.023280244 0.994654834 429.874511719
0.994945765 -0.007370793 0.100142196 43.132717133 0.004994032 0.999700487 0.023963848 -39.483848572 -0.100288801 -0.023342617 0.994684517 432.153350830
0.994908273 -0.008071102 0.100461103 43.452514648 0.005738495 0.999707699 0.023486370 -39.674102783 -0.100621298 -0.022790290 0.994663715 434.419433594
0.994895339 -0.007432205 0.100637913 43.771171570 0.005063554 0.999704540 0.023771383 -39.847099304 -0.100784868 -0.023140457 0.994639099 436.687622070
0.994847536 -0.007676811 0.101090431 44.088153839 0.005271572 0.999697149 0.024038624 -40.028892517 -0.101244345 -0.023381863 0.994586766 438.969604492
0.994868755 -0.007683662 0.100881435 44.411346436 0.005260454 0.999691725 0.024264442 -40.207714081 -0.101036772 -0.023609251 0.994602501 441.241424561
0.994902790 -0.007520375 0.100557856 44.753200531 0.004977738 0.999662042 0.025512377 -40.411426544 -0.100715756 -0.024881778 0.994604051 443.516113281
0.994855165 -0.008098848 0.100984260 45.075584412 0.005528264 0.999654174 0.025709217 -40.589538574 -0.101157561 -0.025018675 0.994555712 445.794799805
0.994856477 -0.007908680 0.100985184 45.393695831 0.005385147 0.999666989 0.025237346 -40.769599915 -0.101151146 -0.024563719 0.994567752 448.060272217
0.994865775 -0.007251978 0.100943126 45.715225220 0.004764008 0.999679446 0.024866521 -40.950450897 -0.101091087 -0.024257958 0.994581342 450.322296143
0.994797230 -0.006848038 0.101643898 46.027317047 0.004354737 0.999684751 0.024731407 -41.136390686 -0.101781182 -0.024160108 0.994513392 452.583251953
0.994705617 -0.006184430 0.102579311 46.339805603 0.003663114 0.999686956 0.024749389 -41.306735992 -0.102700263 -0.024242591 0.994416893 454.859954834
0.994690001 -0.006275810 0.102724902 46.655971527 0.003781254 0.999693632 0.024460597 -41.492389679 -0.102846928 -0.023942282 0.994409025 457.124389648
0.994715273 -0.005481463 0.102524757 46.987346649 0.003058006 0.999712527 0.023780035 -41.674888611 -0.102625623 -0.023340844 0.994446158 459.407928467
0.994683981 -0.004248067 0.102886394 47.306400299 0.001778731 0.999708414 0.024080465 -41.852943420 -0.102958702 -0.023769448 0.994401574 461.691162109
0.994704247 -0.004102366 0.102697060 47.628082275 0.001492498 0.999674261 0.025477223 -42.034538269 -0.102768131 -0.025189022 0.994386375 463.966979980
0.994729459 -0.004165548 0.102449939 47.940261841 0.001532107 0.999666750 0.025769938 -42.208583832 -0.102523118 -0.025477150 0.994404256 466.235931396
0.994827747 -0.004450984 0.101478018 48.263683319 0.001964438 0.999695718 0.024590064 -42.387321472 -0.101556592 -0.024263533 0.994533837 468.517120361
0.994897902 -0.004228411 0.100797862 48.595031738 0.001785365 0.999702752 0.024314981 -42.572002411 -0.100870691 -0.024010964 0.994609773 470.812713623
0.995009899 -0.004621501 0.099669293 48.920753479 0.002077784 0.999669790 0.025610285 -42.761878967 -0.099754758 -0.025275396 0.994690955 473.096771240
0.994941771 -0.004787154 0.100339301 49.221549988 0.002146315 0.999648929 0.026410529 -42.946884155 -0.100430496 -0.026061572 0.994602680 475.378601074
0.995051324 -0.003635413 0.099295504 49.542339325 0.001104020 0.999673307 0.025536593 -43.114364624 -0.099355884 -0.025300598 0.994730234 477.683563232
0.995063245 -0.003698869 0.099173062 49.858100891 0.001103815 0.999655902 0.026209038 -43.293586731 -0.099235885 -0.025970183 0.994724989 479.962036133
0.995105207 -0.004255962 0.098729573 50.175731659 0.001631552 0.999643564 0.026647329 -43.469741821 -0.098807797 -0.026355814 0.994757473 482.231109619
0.995136321 -0.004687101 0.098395891 50.482887268 0.002133600 0.999658585 0.026040498 -43.647430420 -0.098484367 -0.025703905 0.994806707 484.501708984
0.995273829 -0.005410433 0.096957862 50.805881500 0.002850341 0.999644160 0.026523257 -43.832267761 -0.097066857 -0.026121542 0.994935036 486.778991699
0.995218158 -0.005438071 0.097525224 51.096698761 0.002849697 0.999640465 0.026660234 -44.001583099 -0.097635135 -0.026254833 0.994875908 489.073272705
0.995229900 -0.004932876 0.097432800 51.407302856 0.002314022 0.999633610 0.026973292 -44.171684265 -0.097530156 -0.026619164 0.994876504 491.377502441
0.995309472 -0.004432432 0.096640289 51.725814819 0.001794705 0.999623895 0.027364139 -44.345596313 -0.096725225 -0.027062347 0.994943142 493.662628174
0.995279610 -0.003754699 0.096976295 52.021362305 0.001151191 0.999637723 0.026888859 -44.515659332 -0.097042128 -0.026650297 0.994923413 495.962829590
0.995313585 -0.003523072 0.096635982 52.341556549 0.000977068 0.999651492 0.026381027 -44.697700500 -0.096695229 -0.026162971 0.994970143 498.279235840
0.995357215 -0.003517550 0.096185528 52.651012421 0.000924648 0.999635279 0.026988594 -44.872222900 -0.096245371 -0.026774354 0.994997442 500.574707031
0.995377779 -0.003176814 0.095984183 52.955986023 0.000564421 0.999628901 0.027231814 -45.051605225 -0.096035086 -0.027051765 0.995010257 502.855621338
0.995394409 -0.002369101 0.095835358 53.263885498 -0.000160142 0.999652088 0.026375251 -45.226448059 -0.095864497 -0.026269125 0.995047629 505.147247314
0.995391846 -0.002200913 0.095865496 53.566478729 -0.000400525 0.999632537 0.027108632 -45.405014038 -0.095889933 -0.027022112 0.995025098 507.437072754
0.995408297 -0.002505296 0.095686808 53.875026703 -0.000009137 0.999654889 0.026268270 -45.582786560 -0.095719598 -0.026148528 0.995064855 509.728637695
0.995454550 -0.003279804 0.095181473 54.194110870 0.000707365 0.999633908 0.027047856 -45.764972687 -0.095235325 -0.026857579 0.995092392 512.029846191
0.995473623 -0.003156718 0.094985530 54.504329681 0.000564021 0.999626875 0.027310185 -45.939498901 -0.095036283 -0.027132999 0.995103955 514.335632324
0.995469570 -0.002591873 0.095045432 54.808734894 0.000015152 0.999632716 0.027101127 -46.116439819 -0.095080771 -0.026976906 0.995103896 516.644409180
0.995431721 -0.001633841 0.095461749 55.103511810 -0.000955501 0.999633074 0.027072394 -46.296363831 -0.095470943 -0.027039934 0.995064914 518.936889648
0.995397031 0.000475205 0.095836073 55.410846710 -0.003067881 0.999633193 0.026907714 -46.471523285 -0.095788144 -0.027077870 0.995033324 521.278808594
0.995336890 0.002478164 0.096427351 55.724006653 -0.005115509 0.999619305 0.027112989 -46.650688171 -0.096323453 -0.027479839 0.994970620 523.615234375
0.995266616 0.003341606 0.097124569 56.033111572 -0.006108507 0.999583483 0.028204812 -46.818637848 -0.096989840 -0.028664587 0.994872451 525.933715820
0.995195389 0.002813337 0.097868316 56.334472656 -0.005602976 0.999585390 0.028240854 -46.993282318 -0.097748294 -0.028653519 0.994798601 528.236694336
0.995128095 0.001178928 0.098582827 56.638320923 -0.004100155 0.999558270 0.029434878 -47.163379669 -0.098504566 -0.029695679 0.994693339 530.549682617
0.995060802 -0.000159010 0.099267252 56.958034515 -0.002736502 0.999574721 0.029032007 -47.332271576 -0.099229671 -0.029160256 0.994637191 532.870300293
0.995036960 -0.000456572 0.099504799 57.275314331 -0.002389123 0.999591589 0.028477540 -47.507575989 -0.099477157 -0.028573934 0.994629502 535.180175781
0.994937420 -0.000532953 0.100494727 57.587779999 -0.002339265 0.999592185 0.028460780 -47.683116913 -0.100468896 -0.028551780 0.994530439 537.494323730
0.994852185 -0.000203212 0.101336651 57.900951385 -0.002634545 0.999608040 0.027868645 -47.862144470 -0.101302601 -0.027992155 0.994461775 539.806701660
0.994750917 0.000720285 0.102323741 58.220077515 -0.003542294 0.999618232 0.027400194 -48.037685394 -0.102264926 -0.027618831 0.994373739 542.136169434
0.994690716 0.001233927 0.102902800 58.550491333 -0.003977345 0.999642015 0.026459362 -48.212982178 -0.102833316 -0.026728164 0.994339466 544.458190918
0.994525492 0.001113224 0.104488008 58.854393005 -0.003967649 0.999624431 0.027114313 -48.395843506 -0.104418620 -0.027380450 0.994156480 546.782165527
0.994449019 0.000932247 0.105214663 59.179271698 -0.003908336 0.999597967 0.028083241 -48.575462341 -0.105146162 -0.028338570 0.994052887 549.102783203
0.994338572 0.001091383 0.106252052 59.494781494 -0.004108630 0.999594331 0.028182324 -48.750118256 -0.106178187 -0.028459320 0.993939757 551.400878906
0.994361460 -0.000218751 0.106043011 59.832424164 -0.002699711 0.999621511 0.027377155 -48.927009583 -0.106008872 -0.027509075 0.993984580 553.707702637
0.994407833 -0.000176689 0.105607778 60.173377991 -0.002777369 0.999608934 0.027824249 -49.105613708 -0.105571397 -0.027961962 0.994018495 556.022399902
0.994342864 0.000172652 0.106217936 60.502223969 -0.003190479 0.999596000 0.028242383 -49.281433105 -0.106170155 -0.028421497 0.993941665 558.333374023
0.994323552 0.000897598 0.106394887 60.841007233 -0.004028381 0.999565065 0.029214822 -49.456912994 -0.106322385 -0.029477581 0.993894696 560.668640137
0.994335771 0.000507108 0.106282458 61.185356140 -0.003705022 0.999546230 0.029893534 -49.631355286 -0.106219061 -0.030117983 0.993886530 562.999023438
0.994300187 0.001086164 0.106610432 61.522037506 -0.004369781 0.999522984 0.030571386 -49.801216125 -0.106526390 -0.030863000 0.993830800 565.317932129
0.994263113 0.002180447 0.106941119 61.863906860 -0.005411047 0.999537528 0.029928299 -49.977027893 -0.106826410 -0.030335262 0.993814826 567.638305664
0.994260907 0.003492575 0.106926493 62.215038300 -0.006572186 0.999573231 0.028462358 -50.144226074 -0.106781483 -0.029001752 0.993859410 569.968627930
0.994229019 0.003778183 0.107212089 62.563606262 -0.006892023 0.999564648 0.028688094 -50.319316864 -0.107057035 -0.029261442 0.993822217 572.291320801
0.994239450 0.003907561 0.107111305 62.915592194 -0.007125692 0.999534190 0.029678505 -50.499153137 -0.106945425 -0.030270781 0.993803918 574.654296875
0.994240642 0.003770740 0.107103728 63.264644623 -0.007133903 0.999492764 0.031035241 -50.678421021 -0.106932372 -0.031620566 0.993763328 576.963928223
0.994189262 0.004412340 0.107555717 63.609840393 -0.007567977 0.999552250 0.028949060 -50.847900391 -0.107379824 -0.029594824 0.993777514 579.359924316
0.994219840 0.003905285 0.107292697 63.954483032 -0.007058041 0.999553919 0.029020628 -51.020256042 -0.107131511 -0.029610159 0.993803859 581.696105957
0.994179726 0.003199480 0.107686609 64.296478271 -0.006509034 0.999516666 0.030395756 -51.200546265 -0.107537314 -0.030919779 0.993720114 584.017639160
0.994244993 0.003422466 0.107075535 64.642173767 -0.006755807 0.999503136 0.030783514 -51.374198914 -0.106917001 -0.031329736 0.993774176 586.335571289
0.994201124 0.000649619 0.107534871 64.993209839 -0.003823904 0.999562919 0.029315099 -51.552810669 -0.107468821 -0.029556302 0.993769050 588.706359863
0.994246483 0.000263198 0.107116014 65.345619202 -0.003420807 0.999564946 0.029295735 -51.722927094 -0.107061699 -0.029493600 0.993814826 591.052490234
0.994262159 -0.001582877 0.106959239 65.684135437 -0.001621203 0.999552727 0.029862504 -51.898063660 -0.106958658 -0.029864559 0.993814766 593.384643555
0.994316638 -0.002106195 0.106442206 66.037979126 -0.001097272 0.999548435 0.030028302 -52.071556091 -0.106457397 -0.029974440 0.993865311 595.742675781
