1.000000000 0.000000000 0.000000000 0.000000000 0.000000000 1.000000000 0.000000000 0.000000000 0.000000000 0.000000000 1.000000000 0.000000000
0.999999881 0.000144754 0.000488136 0.088219739 -0.000144678 1.000000000 -0.000155879 -0.225590125 -0.000488159 0.000155809 0.999999881 2.294758558
0.999999046 0.000669075 0.001222869 0.164693594 -0.000669761 0.999999642 0.000560666 -0.465688437 -0.001222494 -0.000561484 0.999999106 4.584758759
0.999998391 0.000277469 0.001736348 0.262723088 -0.000278507 0.999999762 0.000597369 -0.694647133 -0.001736182 -0.000597852 0.999998331 6.871016979
0.999996543 -0.000029602 0.002601253 0.355592251 0.000032893 0.999999225 -0.001265161 -0.925196350 -0.002601213 0.001265243 0.999995768 9.169885635
0.999987006 0.001751901 0.004787352 0.445764840 -0.001752304 0.999998510 0.000080024 -1.161002755 -0.004787204 -0.000088412 0.999988556 11.475852966
0.999964714 0.003570979 0.007605747 0.528656662 -0.003579407 0.999992907 0.001094883 -1.388706446 -0.007601784 -0.001122069 0.999970496 13.786362648
0.999947667 0.003350175 0.009670505 0.641785204 -0.003384121 0.999988139 0.003496038 -1.616886973 -0.009658679 -0.003528581 0.999947131 16.056554794
0.999943197 0.003517774 0.010058969 0.773689151 -0.003566875 0.999981821 0.004867506 -1.848897696 -0.010041664 -0.004903110 0.999937475 18.401424408
0.999932766 0.002757092 0.011262556 0.893908381 -0.002814844 0.999982953 0.005115117 -2.074621201 -0.011248261 -0.005146476 0.999923468 20.690328598
0.999927402 0.000537591 0.012039223 1.006480694 -0.000565977 0.999997020 0.002354501 -2.296828270 -0.012037922 -0.002361143 0.999924779 23.011791229
0.999916852 -0.001732931 0.012782305 1.115740776 0.001728902 0.999998450 0.000326288 -2.517947674 -0.012782852 -0.000304162 0.999918222 25.293251038
0.999912143 -0.002200771 0.013069435 1.247460008 0.002203245 0.999997556 -0.000174951 -2.769061089 -0.013069017 0.000203731 0.999914527 27.605474472
0.999897182 -0.001866037 0.014217625 1.352848530 0.001883150 0.999997497 -0.001190399 -2.995315552 -0.014215370 0.001217051 0.999898136 29.891515732
0.999883771 0.000424577 0.015237527 1.467244506 -0.000443127 0.999999166 0.001214030 -3.224532843 -0.015236999 -0.001220642 0.999883115 32.164875031
0.999881685 0.002498498 0.015180320 1.600761652 -0.002547638 0.999991536 0.003218614 -3.444756508 -0.015172152 -0.003256907 0.999879599 34.445041656
0.999845803 0.004667987 0.016928729 1.710734367 -0.004785147 0.999964833 0.006886915 -3.671631575 -0.016895983 -0.006966861 0.999833107 36.740959167
0.999828041 0.006525144 0.017358318 1.832657099 -0.006638092 0.999957025 0.006457139 -3.892646313 -0.017315444 -0.006571254 0.999828517 39.012084961
0.999796689 0.005367684 0.019436684 1.937157631 -0.005464301 0.999973059 0.004921144 -4.101718426 -0.019409742 -0.005026351 0.999798954 41.313816071
0.999802172 0.003021644 0.019661346 2.063079119 -0.003096272 0.999988079 0.003766339 -4.328048229 -0.019649729 -0.003826471 0.999799550 43.590747833
0.999803424 0.002820843 0.019623220 2.201886654 -0.002874732 0.999992132 0.002718510 -4.554404259 -0.019615393 -0.002774387 0.999803722 45.830371857
0.999801159 0.002218008 0.019818611 2.329565763 -0.002253272 0.999995887 0.001757167 -4.786459446 -0.019814633 -0.001801474 0.999802053 48.106933594
0.999804199 0.000890022 0.019764470 2.469034672 -0.000937786 0.999996662 0.002407505 -5.020327568 -0.019762259 -0.002425569 0.999801755 50.382663727
0.999785423 0.000113971 0.020715008 2.600079536 -0.000169523 0.999996424 0.002679992 -5.246300697 -0.020714626 -0.002682928 0.999781966 52.645698547
0.999782860 -0.001096888 0.020808579 2.739344597 0.001037110 0.999995351 0.002883340 -5.480468750 -0.020811643 -0.002861133 0.999779344 54.927177429
0.999758303 -0.001550575 0.021931171 2.871524811 0.001482443 0.999994040 0.003122565 -5.710641861 -0.021935882 -0.003089298 0.999754608 57.221225739
0.999737322 -0.002745176 0.022755262 3.008314133 0.002655532 0.999988616 0.003968782 -5.939591885 -0.022765893 -0.003907312 0.999733210 59.488792419
0.999693811 -0.004222275 0.024380742 3.136211395 0.004140616 0.999985635 0.003398872 -6.166133881 -0.024394738 -0.003296881 0.999696970 61.755157471
0.999679863 -0.005016500 0.024799047 3.288216352 0.004943666 0.999983311 0.002997376 -6.389792442 -0.024813667 -0.002873818 0.999687910 64.007797241
0.999647856 -0.004484587 0.026153769 3.428088188 0.004389660 0.999983549 0.003685830 -6.615445137 -0.026169868 -0.003569727 0.999651134 66.278381348
0.999630451 -0.003579296 0.026951579 3.579662323 0.003472515 0.999985933 0.004007731 -6.844419479 -0.026965549 -0.003912659 0.999628723 68.542266846
0.999593556 -0.003758876 0.028257929 3.718729734 0.003660880 0.999987125 0.003518820 -7.068910122 -0.028270792 -0.003413941 0.999594390 70.792449951
0.999578714 -0.004513708 0.028670277 3.878841400 0.004451595 0.999987543 0.002229969 -7.295567989 -0.028679993 -0.002101401 0.999586403 73.046661377
0.999565303 -0.005388658 0.028985426 4.038884640 0.005310073 0.999981999 0.002787477 -7.526774883 -0.028999927 -0.002632350 0.999575913 75.331214905
0.999519348 -0.006599919 0.030289611 4.198218346 0.006534914 0.999976158 0.002244605 -7.759625912 -0.030303702 -0.002045586 0.999538779 77.596420288
0.999515831 -0.007675130 0.030150533 4.356601238 0.007617765 0.999968886 0.002017040 -7.993452072 -0.030165074 -0.001786384 0.999543309 79.854301453
0.999485731 -0.008115472 0.031020757 4.505715847 0.008070279 0.999966145 0.001581768 -8.212557793 -0.031032542 -0.001330609 0.999517500 82.108894348
0.999462306 -0.007452811 0.031930014 4.671367645 0.007402511 0.999971151 0.001693249 -8.444756508 -0.031941712 -0.001455977 0.999488652 84.384941101
0.999408007 -0.007153093 0.033651680 4.828348160 0.007088925 0.999972820 0.002025748 -8.664850235 -0.033665258 -0.001785995 0.999431551 86.636528015
0.999395311 -0.007441670 0.033964861 4.992676735 0.007322570 0.999966621 0.003629577 -8.904489517 -0.033990722 -0.003378672 0.999416411 88.918228149
0.999367297 -0.006570720 0.034955185 5.154132843 0.006426587 0.999970376 0.004234138 -9.133262634 -0.034981970 -0.004006816 0.999379933 91.175544739
0.999343872 -0.006471137 0.035636052 5.324347496 0.006319921 0.999970496 0.004354346 -9.358957291 -0.035663188 -0.004126272 0.999355376 93.432929993
0.999306381 -0.006649464 0.036642306 5.486641884 0.006520419 0.999972105 0.003640136 -9.575318336 -0.036665495 -0.003398688 0.999321878 95.681594849
0.999277472 -0.006507768 0.037445784 5.649940014 0.006346838 0.999970138 0.004414916 -9.804506302 -0.037473403 -0.004174064 0.999288917 97.921127319
0.999247015 -0.006489432 0.038250744 5.814787865 0.006352426 0.999972999 0.003702220 -10.032770157 -0.038273733 -0.003456447 0.999261320 100.162528992
0.999193013 -0.006462009 0.039642159 5.974037170 0.006277353 0.999968886 0.004780763 -10.250521660 -0.039671823 -0.004528057 0.999202490 102.392097473
0.999176264 -0.006814001 0.040003575 6.171442032 0.006634968 0.999967396 0.004606500 -10.479222298 -0.040033657 -0.004337283 0.999188900 104.674819946
0.999142289 -0.007493115 0.040725354 6.349633217 0.007285312 0.999959707 0.005248572 -10.696567535 -0.040763047 -0.004947375 0.999156594 106.911331177
0.999106348 -0.008889471 0.041319657 6.530877590 0.008675268 0.999948025 0.005360480 -10.914391518 -0.041365158 -0.004997230 0.999131620 109.167266846
0.999065936 -0.009984382 0.042041805 6.712502480 0.009726797 0.999932706 0.006326986 -11.142731667 -0.042102147 -0.005912144 0.999095798 111.426071167
0.999045014 -0.010656529 0.042372096 6.904164314 0.010458921 0.999933362 0.004882566 -11.363085747 -0.042421304 -0.004434737 0.999090075 113.688156128
0.998998225 -0.011048969 0.043363962 7.086033821 0.010885065 0.999932706 0.004014019 -11.584285736 -0.043405395 -0.003537978 0.999051273 115.939460754
0.998958886 -0.011497393 0.044146150 7.272073269 0.011315251 0.999926329 0.004373568 -11.813330650 -0.044193186 -0.003869491 0.999015450 118.189277649
0.998898983 -0.011758803 0.045415785 7.460145950 0.011532459 0.999919713 0.005242632 -12.040409088 -0.045473795 -0.004713104 0.998954415 120.457069397
0.998896360 -0.012569696 0.045256499 7.670928478 0.012311053 0.999906242 0.005989264 -12.270579338 -0.045327540 -0.005425498 0.998957455 122.665573120
0.998811543 -0.013468225 0.046840169 7.862401962 0.013242121 0.999899089 0.005134156 -12.488200188 -0.046904586 -0.004507791 0.998889148 124.984901428
0.998779953 -0.013999723 0.047356561 8.049932480 0.013808251 0.999895096 0.004367937 -12.713748932 -0.047412746 -0.003708698 0.998868465 127.247406006
0.998761177 -0.015758978 0.047198575 8.243669510 0.015556998 0.999868214 0.004643693 -12.932196617 -0.047265533 -0.003903672 0.998874724 129.506286621
0.998779595 -0.016964795 0.046384383 8.432620049 0.016747404 0.999846816 0.005071480 -13.151206017 -0.046463322 -0.004288473 0.998910725 131.753143311
0.998851299 -0.017271979 0.044697836 8.636944771 0.017006554 0.999835432 0.006311728 -13.372783661 -0.044799499 -0.005544321 0.998980582 133.985229492
0.998906314 -0.018234018 0.043057550 8.831965446 0.018000007 0.999821067 0.005816407 -13.595764160 -0.043155905 -0.005035008 0.999055684 136.228668213
0.998986721 -0.018996973 0.040800579 9.048106194 0.018789306 0.999808490 0.005467308 -13.811988831 -0.040896628 -0.004695154 0.999152303 138.451721191
0.998951197 -0.019720947 0.041322805 9.204193115 0.019510858 0.999794543 0.005481454 -14.033983231 -0.041422423 -0.004669462 0.999130785 140.749969482
0.998949289 -0.020012066 0.041228719 9.380132675 0.019796895 0.999788284 0.005620707 -14.244780540 -0.041332465 -0.004798601 0.999133885 142.980865479
0.998988032 -0.020278698 0.040146537 9.568769455 0.020008534 0.999774456 0.007119904 -14.480790138 -0.040281862 -0.006309426 0.999168396 145.235610962
0.999007702 -0.019296600 0.040143531 9.747733116 0.019069575 0.999799907 0.006030596 -14.697317123 -0.040251877 -0.005259091 0.999175668 147.487350464
0.999028862 -0.018230764 0.040110320 9.931745529 0.018064182 0.999826610 0.004511670 -14.916413307 -0.040185615 -0.003782729 0.999185085 149.744018555
0.999037802 -0.016845813 0.040491492 10.110633850 0.016715221 0.999853909 0.003561597 -15.138392448 -0.040545579 -0.002881346 0.999173522 151.987197876
0.999048531 -0.016197788 0.040491227 10.299518585 0.016060052 0.999864101 0.003724562 -15.360551834 -0.040546041 -0.003070727 0.999172926 154.227142334
0.999034703 -0.015612400 0.041058533 10.482780457 0.015471933 0.999873340 0.003736762 -15.576217651 -0.041111667 -0.003097900 0.999149740 156.475021362
0.999039412 -0.014066138 0.041504730 10.661182404 0.013842032 0.999888062 0.005682043 -15.807545662 -0.041580021 -0.005102074 0.999122143 158.725280762
0.998984873 -0.013201453 0.043069594 10.841893196 0.012926150 0.999894202 0.006664312 -16.027177811 -0.043153018 -0.006100822 0.999049842 160.958908081
0.998959661 -0.011735351 0.044066023 11.010812759 0.011363367 0.999897659 0.008682560 -16.253454208 -0.044163410 -0.008172789 0.998990834 163.257965088
0.998934925 -0.011382572 0.044715289 11.201401711 0.011035946 0.999907196 0.007991142 -16.461088181 -0.044802099 -0.007489155 0.998967826 165.516891479
0.998901606 -0.010708299 0.045617055 11.400204659 0.010423615 0.999924719 0.006474069 -16.673233032 -0.045682944 -0.005991464 0.998938024 167.765884399
0.998840094 -0.008856560 0.047327135 11.589490891 0.008539948 0.999939799 0.006887882 -16.890653610 -0.047385283 -0.006475723 0.998855710 169.998703003
0.998689711 -0.008548025 0.050456025 11.777896881 0.008216869 0.999943256 0.006767053 -17.113105774 -0.050511014 -0.006343596 0.998703301 172.293792725
0.998568833 -0.008750397 0.052760407 11.982647896 0.008409725 0.999942362 0.006675524 -17.330474854 -0.052815787 -0.006222272 0.998584867 174.560119629
0.998486042 -0.008471801 0.054349426 12.195253372 0.008094942 0.999941647 0.007150359 -17.549022675 -0.054406837 -0.006699578 0.998496294 176.814758301
0.998427808 -0.008868294 0.055346478 12.398707390 0.008445602 0.999933362 0.007866408 -17.759897232 -0.055412553 -0.007386606 0.998436153 179.040588379
0.998417377 -0.010677761 0.055215437 12.621534348 0.010270529 0.999917924 0.007653824 -17.984390259 -0.055292625 -0.007074619 0.998445153 181.325912476
0.998400331 -0.011445944 0.055369247 12.829067230 0.011063282 0.999912858 0.007212691 -18.195308685 -0.055446975 -0.006588588 0.998439908 183.572235107
0.998445392 -0.013302107 0.054127268 13.061182022 0.012927978 0.999890089 0.007256336 -18.422903061 -0.054217845 -0.006545300 0.998507679 185.821807861
0.998463392 -0.015094015 0.053318951 13.278318405 0.014684783 0.999859631 0.008058603 -18.637870789 -0.053433109 -0.007263244 0.998544991 188.068771362
0.998468995 -0.015901273 0.052979227 13.488130569 0.015523641 0.999851048 0.007531837 -18.848922729 -0.053091098 -0.006697875 0.998567164 190.314620972
0.998418629 -0.017367763 0.053465515 13.694017410 0.016988426 0.999827206 0.007541368 -19.075494766 -0.053587262 -0.006621147 0.998541176 192.560455322
0.998405933 -0.019100253 0.053110216 13.900251389 0.018764410 0.999800682 0.006814897 -19.288730621 -0.053229790 -0.005807452 0.998565316 194.802307129
0.998441577 -0.018645912 0.052601140 14.110680580 0.018307606 0.999808490 0.006906196 -19.503358841 -0.052719846 -0.005932433 0.998591721 197.034500122
0.998430729 -0.016123652 0.053627949 14.318317413 0.015747467 0.999848306 0.007429949 -19.729574203 -0.053739615 -0.006573785 0.998533368 199.284744263
0.998444974 -0.014530783 0.053819589 14.527051926 0.014173367 0.999874949 0.007016789 -19.944854736 -0.053914819 -0.006243072 0.998526037 201.521331787
0.998426616 -0.014025033 0.054291423 14.743680000 0.013703644 0.999886334 0.006287443 -20.161167145 -0.054373432 -0.005533561 0.998505294 203.779098511
0.998380601 -0.014304965 0.055059053 14.946783066 0.013942755 0.999878585 0.006957113 -20.373245239 -0.055151895 -0.006178172 0.998458862 206.001831055
0.998382390 -0.015713569 0.054641582 15.190443039 0.015353686 0.999857605 0.006999891 -20.593976974 -0.054743793 -0.006149617 0.998481452 208.255859375
0.998330593 -0.015295655 0.055697531 15.400013924 0.014911910 0.999862194 0.007298876 -20.800645828 -0.055801496 -0.006456134 0.998421013 210.499023438
0.998249173 -0.015058940 0.057200152 15.624503136 0.014594671 0.999857247 0.008525699 -21.029270172 -0.057320375 -0.007675956 0.998326302 212.748916626
0.998193860 -0.013538687 0.058529984 15.863860130 0.013058413 0.999877870 0.008580350 -21.239442825 -0.058639005 -0.007800544 0.998248756 214.979217529
0.997999549 -0.012435518 0.061983876 16.066061020 0.011914927 0.999890625 0.008761389 -21.453483582 -0.062086057 -0.008005327 0.998038709 217.260269165
0.997859955 -0.012664086 0.064149424 16.296794891 0.012103095 0.999885023 0.009126185 -21.665323257 -0.064257614 -0.008330246 0.997898579 219.498596191
0.997733235 -0.014180609 0.065782040 16.533029556 0.013574533 0.999861300 0.009651220 -21.871372223 -0.065909781 -0.008736383 0.997787476 221.726928711
0.997620940 -0.015295145 0.067219764 16.770023346 0.014626840 0.999838710 0.010423088 -22.076799393 -0.067368329 -0.009415080 0.997683764 223.967895508
0.997546971 -0.017399574 0.067803293 17.020645142 0.016763628 0.999810040 0.009937116 -22.293415070 -0.067963302 -0.008776108 0.997649193 226.198822021
0.997508347 -0.018635096 0.068042658 17.264171600 0.018025663 0.999791801 0.009559735 -22.498611450 -0.068206653 -0.008309403 0.997636557 228.447906494
0.997469842 -0.019057551 0.068487845 17.509405136 0.018433174 0.999782681 0.009737030 -22.705303192 -0.068658516 -0.008449946 0.997604430 230.686172485
0.997397304 -0.020243669 0.069201268 17.754096985 0.019673150 0.999766707 0.008916057 -22.916004181 -0.069365613 -0.007531444 0.997562945 232.932540894
0.997393370 -0.021093756 0.069003731 18.026128769 0.020440124 0.999739408 0.010164893 -23.136697769 -0.069200151 -0.008727950 0.997564614 235.229965210
0.997365475 -0.020897772 0.069464721 18.274946213 0.020246489 0.999744296 0.010066669 -23.341716766 -0.069657348 -0.008633733 0.997533619 237.475219727
0.997323930 -0.020618606 0.070140950 18.515771866 0.019971754 0.999751449 0.009911029 -23.545898438 -0.070327871 -0.008483667 0.997487843 239.698547363
0.997290969 -0.020846948 0.070541486 18.765775681 0.020170145 0.999743521 0.010293252 -23.756298065 -0.070737980 -0.008842535 0.997455716 241.930328369
0.997249842 -0.021211842 0.071012922 19.015970230 0.020531341 0.999736130 0.010299020 -23.960710526 -0.071212657 -0.008812704 0.997422159 244.170578003
0.997211576 -0.021371277 0.071500339 19.266450882 0.020743761 0.999739647 0.009507562 -24.172805786 -0.071684934 -0.007997866 0.997395217 246.401992798
0.997227728 -0.021087930 0.071359150 19.529487610 0.020509683 0.999750674 0.008826463 -24.386472702 -0.071527474 -0.007338438 0.997411609 248.641662598
0.997204959 -0.021343350 0.071600467 19.784263611 0.020716473 0.999740362 0.009486443 -24.598798752 -0.071784355 -0.007976620 0.997388303 250.876083374
0.997177660 -0.022724232 0.071556680 20.044013977 0.022098288 0.999710321 0.009527179 -24.811510086 -0.071752474 -0.007919009 0.997391045 253.106155396
0.997168958 -0.022903658 0.071620420 20.309137344 0.022222893 0.999700129 0.010287731 -25.022457123 -0.071834557 -0.008666991 0.997378886 255.363693237
0.997122765 -0.023514751 0.072064355 20.546682358 0.022814076 0.999684334 0.010530781 -25.230852127 -0.072289236 -0.008856397 0.997344375 257.581848145
0.997107804 -0.023718648 0.072204039 20.819032669 0.022981459 0.999675035 0.011023585 -25.445678711 -0.072442062 -0.009332350 0.997328937 259.844024658
0.997084677 -0.023524446 0.072585978 21.079828262 0.022825846 0.999684930 0.010439061 -25.650840759 -0.072808675 -0.008751790 0.997307658 262.090240479
0.997057080 -0.023410518 0.073000506 21.341455460 0.022744980 0.999691904 0.009935026 -25.857303619 -0.073210604 -0.008245395 0.997282445 264.352722168
0.997033715 -0.022624318 0.073564805 21.603776932 0.021977905 0.999712527 0.009584702 -26.070272446 -0.073760502 -0.007939472 0.997244298 266.592987061
0.996952236 -0.021984862 0.074853078 21.860126495 0.021317977 0.999725699 0.009696707 -26.275318146 -0.075045735 -0.008071437 0.997147322 268.840942383
0.996861219 -0.021510188 0.076190233 22.126876831 0.020871921 0.999740183 0.009163745 -26.491682053 -0.076367542 -0.007544743 0.997051179 271.096740723
0.996741116 -0.022408364 0.077492923 22.393623352 0.021704750 0.999715328 0.009910241 -26.708713531 -0.077692941 -0.008195980 0.996943593 273.340576172
0.996558905 -0.022588825 0.079749554 22.649221420 0.021853447 0.999710262 0.010082037 -26.910938263 -0.079954185 -0.008304540 0.996763885 275.591400146
0.996480584 -0.022634104 0.080709420 22.933759689 0.021795271 0.999698997 0.011259267 -27.110197067 -0.080939963 -0.009460556 0.996674120 277.831390381
0.996388853 -0.021954205 0.082021557 23.216472626 0.020931633 0.999692380 0.013306374 -27.337516785 -0.082288444 -0.011541476 0.996541739 280.093048096
0.996309578 -0.021631703 0.083061621 23.502609253 0.020526098 0.999689341 0.014141671 -27.541591644 -0.083341718 -0.012384551 0.996444166 282.330474854
0.996224046 -0.020708997 0.084313378 23.781929016 0.019606488 0.999711394 0.013883515 -27.735847473 -0.084576540 -0.012178001 0.996342540 284.601959229
0.996103406 -0.019827344 0.085934244 24.052585602 0.018741539 0.999734282 0.013423791 -27.932666779 -0.086177573 -0.011760946 0.996210337 286.830871582
0.996096373 -0.019365598 0.086121917 24.342884064 0.018385984 0.999757051 0.012153454 -28.122512817 -0.086336359 -0.010522574 0.996210456 289.067810059
0.996038735 -0.020048762 0.086630575 24.619449615 0.019056967 0.999743283 0.012260523 -28.328845978 -0.086854137 -0.010561042 0.996165037 291.293884277
0.996020198 -0.020177467 0.086814024 24.896629333 0.019291595 0.999752998 0.011031225 -28.523384094 -0.087015174 -0.009312540 0.996163428 293.549102783
0.996030271 -0.020905213 0.086526826 25.182331085 0.020108832 0.999747157 0.010065382 -28.726003647 -0.086715356 -0.008285472 0.996198654 295.778625488
0.996030867 -0.021032305 0.086487643 25.466569901 0.020252366 0.999745965 0.009885616 -28.931619644 -0.086673610 -0.008094800 0.996203899 298.011444092
0.996021688 -0.020412218 0.086741634 25.748380661 0.019609828 0.999756753 0.010092534 -29.135246277 -0.086926572 -0.008351395 0.996179819 300.247375488
0.995936751 -0.020161035 0.087769665 26.006019592 0.019264504 0.999753296 0.011049783 -29.347948074 -0.087970808 -0.009314044 0.996079504 302.495666504
0.995929837 -0.020495880 0.087769710 26.294792175 0.019589135 0.999745548 0.011179939 -29.553276062 -0.087976515 -0.009415103 0.996078074 304.746887207
0.995905221 -0.019823911 0.088202961 26.583438873 0.018882586 0.999755561 0.011493968 -29.761642456 -0.088409267 -0.009781402 0.996036232 307.000244141
0.995896339 -0.020908391 0.088053219 26.873010635 0.019959548 0.999732971 0.011642582 -29.976676941 -0.088273130 -0.009837302 0.996047676 309.256103516
0.995848298 -0.022012321 0.088326223 27.160379410 0.021028789 0.999706268 0.012050458 -30.179445267 -0.088565536 -0.010143034 0.996018827 311.513458252
0.995815217 -0.021353664 0.088861115 27.446550369 0.020417346 0.999726117 0.011432672 -30.388195038 -0.089080922 -0.009570519 0.995978415 313.759887695
0.995837867 -0.021068746 0.088673614 27.744434357 0.020060848 0.999723732 0.012242381 -30.597734451 -0.088907070 -0.010412559 0.995985508 316.006011963
0.995802760 -0.019449424 0.089434415 28.031856537 0.018491745 0.999762535 0.011524333 -30.804964066 -0.089637324 -0.009822166 0.995925963 318.248870850
0.995790243 -0.017860681 0.089903250 28.317543030 0.016846953 0.999785781 0.012022037 -31.008884430 -0.090098709 -0.010456832 0.995877922 320.497375488
0.995726407 -0.016777305 0.090815157 28.600690842 0.015773974 0.999806464 0.011754551 -31.217983246 -0.090994790 -0.010271802 0.995798349 322.726470947
0.995676160 -0.016425511 0.091428660 28.884258270 0.015378549 0.999808133 0.012143910 -31.416217804 -0.091610588 -0.010685363 0.995737493 324.962127686
0.995680749 -0.016007271 0.091452874 29.180992126 0.014823433 0.999797523 0.013609434 -31.629642487 -0.091652192 -0.012195007 0.995716393 327.187164307
0.995636821 -0.016724933 0.091802031 29.465637207 0.015536510 0.999786198 0.013644998 -31.838033676 -0.092010625 -0.012159180 0.995683730 329.436401367
0.995637298 -0.018120911 0.091530979 29.768133163 0.017012123 0.999772310 0.012879571 -32.040298462 -0.091743521 -0.011266246 0.995718956 331.669738770
0.995630860 -0.017841414 0.091655873 30.058738708 0.016760746 0.999780774 0.012546805 -32.243030548 -0.091859654 -0.010955767 0.995711625 333.887817383
0.995602429 -0.018177206 0.091899022 30.350019455 0.016954321 0.999757290 0.014070081 -32.445251465 -0.092132472 -0.012450122 0.995668948 336.114501953
0.995677531 -0.018950395 0.090922877 30.661811829 0.017754477 0.999745071 0.013944080 -32.642551422 -0.091163956 -0.012269517 0.995760322 338.351623535
0.995677769 -0.018765077 0.090959758 30.949529648 0.017543644 0.999745131 0.014209374 -32.847579956 -0.091203220 -0.012552192 0.995753109 340.594848633
0.995721042 -0.018843113 0.090467513 31.249790192 0.017641949 0.999745548 0.014058637 -33.052459717 -0.090709388 -0.012402461 0.995800197 342.839813232
0.995736539 -0.018804412 0.090305887 31.542167664 0.017564716 0.999740481 0.014503008 -33.251663208 -0.090555161 -0.012854980 0.995808482 345.083862305
0.995767176 -0.018616503 0.090005606 31.832897186 0.017373031 0.999742806 0.014579274 -33.448101044 -0.090253897 -0.012953892 0.995834529 347.318389893
0.995824993 -0.018587297 0.089370243 32.127403259 0.017366875 0.999745250 0.014414160 -33.646385193 -0.089615412 -0.012801903 0.995894194 349.563812256
0.995841086 -0.018127259 0.089285843 32.415344238 0.016864806 0.999747276 0.014873657 -33.849159241 -0.089532867 -0.013306013 0.995894969 351.806274414
0.995872915 -0.018446874 0.088865325 32.703666687 0.017161364 0.999737084 0.015208293 -34.044170380 -0.089122504 -0.013620476 0.995927453 354.033203125
0.995901108 -0.018163497 0.088606142 32.988586426 0.016919345 0.999747753 0.014772344 -34.243072510 -0.088852108 -0.013212634 0.995957196 356.268280029
0.995952547 -0.018365258 0.087985605 33.279148102 0.017091025 0.999738157 0.015213890 -34.439636230 -0.088241972 -0.013648550 0.996005476 358.501220703
0.996013045 -0.017984513 0.087376133 33.573513031 0.016640877 0.999732137 0.016081765 -34.639690399 -0.087641969 -0.014563630 0.996045589 360.749786377
0.996087313 -0.018262621 0.086466745 33.870090485 0.016940800 0.999728441 0.015996315 -34.838787079 -0.086735420 -0.014468911 0.996126235 362.996398926
0.996136487 -0.018123116 0.085928269 34.160003662 0.016766053 0.999723434 0.016488522 -35.034633636 -0.086203314 -0.014984139 0.996164858 365.233795166
0.996179461 -0.018022636 0.085449591 34.445926666 0.016723728 0.999733865 0.015892411 -35.234157562 -0.085713275 -0.014402658 0.996215761 367.489929199
0.996190846 -0.018768137 0.085156105 34.725791931 0.017486976 0.999722779 0.015765974 -35.431491852 -0.085428402 -0.014216796 0.996242821 369.741790771
0.996191859 -0.018878402 0.085120507 35.005516052 0.017689347 0.999735475 0.014701803 -35.623249054 -0.085375540 -0.013140091 0.996262252 372.000976562
0.996245623 -0.018590238 0.084552087 35.284282684 0.017371526 0.999734640 0.015126775 -35.832180023 -0.084810868 -0.013601183 0.996304214 374.237243652
0.996325731 -0.018606225 0.083599582 35.573993683 0.017366977 0.999728560 0.015526514 -36.024375916 -0.083865784 -0.014017590 0.996378362 376.483123779
0.996261120 -0.018338107 0.084424302 35.844333649 0.017036138 0.999724925 0.016116451 -36.220409393 -0.084696621 -0.014617928 0.996299684 378.728454590
0.996255517 -0.019041093 0.084334619 36.125423431 0.017720163 0.999708712 0.016383976 -36.420490265 -0.084622033 -0.014828203 0.996302724 380.969512939
0.996267438 -0.018794214 0.084249392 36.410179138 0.017465644 0.999711752 0.016478991 -36.613731384 -0.084534824 -0.014946016 0.996308446 383.227325439
0.996295094 -0.018074160 0.084079854 36.697853088 0.016721033 0.999719501 0.016769852 -36.813308716 -0.084359370 -0.015301821 0.996317863 385.484069824
0.996287704 -0.016940370 0.084401980 36.973934174 0.015570210 0.999736547 0.016865630 -37.002700806 -0.084665447 -0.015488865 0.996289015 387.739074707
0.996320248 -0.015860943 0.084228434 37.262546539 0.014489458 0.999752700 0.016869362 -37.205432892 -0.084475189 -0.015586861 0.996303678 390.009979248
0.996317029 -0.014538642 0.084503442 37.541599274 0.013170130 0.999773324 0.016729750 -37.402381897 -0.084727518 -0.015555213 0.996282756 392.291229248
0.996347904 -0.013292791 0.084344938 37.825592041 0.011793692 0.999764085 0.018246880 -37.597965240 -0.084567577 -0.017185502 0.996269524 394.547912598
0.996298432 -0.011910364 0.085132264 38.100749969 0.010356042 0.999771953 0.018676091 -37.792621613 -0.085335277 -0.017725330 0.996194541 396.809906006
0.996252060 -0.011623762 0.085712828 38.383171082 0.010193707 0.999801755 0.017103095 -37.992576599 -0.085894659 -0.016165264 0.996173024 399.076385498
0.996170938 -0.011038691 0.086726934 38.658828735 0.009648467 0.999818444 0.016432779 -38.184150696 -0.086892568 -0.015533076 0.996096611 401.339294434
0.996108472 -0.012867679 0.087190941 38.934501648 0.011379159 0.999781251 0.017547540 -38.380100250 -0.087397657 -0.016487096 0.996037066 403.604461670
0.996050656 -0.014341173 0.087622024 39.221103668 0.012753560 0.999744654 0.018651949 -38.574211121 -0.087867141 -0.017460790 0.995979190 405.858642578
0.996032894 -0.015235852 0.087671623 39.506435394 0.013642774 0.999731243 0.018741600 -38.766029358 -0.087933630 -0.017471170 0.995973051 408.112731934
0.996013701 -0.015070704 0.087918103 39.803634644 0.013596770 0.999757171 0.017339766 -38.954261780 -0.088158086 -0.016075239 0.995976746 410.379180908
0.995958626 -0.013525036 0.088788979 40.109928131 0.011984970 0.999768734 0.017855525 -39.156963348 -0.089009948 -0.016719235 0.995890379 412.648437500
0.995891511 -0.012304314 0.089714535 40.389045715 0.010769911 0.999787688 0.017567260 -39.349708557 -0.089911655 -0.016528871 0.995812595 414.885375977
0.995804429 -0.011091905 0.090831541 40.681121826 0.009513885 0.999796510 0.017787669 -39.542140961 -0.091010354 -0.016848883 0.995707512 417.156524658
0.995750666 -0.011127666 0.091415606 40.979366302 0.009580113 0.999803603 0.017350165 -39.734420776 -0.091590710 -0.016400669 0.995661616 419.410003662
0.995640874 -0.011074150 0.092609324 41.266281128 0.009497410 0.999802649 0.017449167 -39.926387787 -0.092784278 -0.016493559 0.995549619 421.661437988
0.995561659 -0.011281896 0.093432866 41.556037903 0.009713289 0.999804556 0.017226389 -40.123432159 -0.093608946 -0.016242396 0.995476484 423.918487549
0.995494485 -0.011559359 0.094112255 41.856956482 0.009888237 0.999785423 0.018203711 -40.314792633 -0.094302483 -0.017191086 0.995395124 426.189208984
0.995455503 -0.010595102 0.094635747 42.153915405 0.008846115 0.999782562 0.018881654 -40.507114410 -0.094815232 -0.017958689 0.995332897 428.442077637
0.995397270 -0.009935880 0.095317625 42.461582184 0.008103097 0.999775112 0.019595997 -40.697605133 -0.095490888 -0.018733433 0.995254099 430.720916748
0.995375633 -0.010470720 0.095486812 42.762264252 0.008607872 0.999764860 0.019900059 -40.900882721 -0.095672749 -0.018986098 0.995231748 432.997253418
0.995329320 -0.011120782 0.095895261 43.070880890 0.009318379 0.999771774 0.019222921 -41.098281860 -0.096087158 -0.018239547 0.995205760 435.263336182
0.995337307 -0.010223257 0.095912308 43.385848999 0.008427410 0.999781847 0.019110262 -41.274337769 -0.096086770 -0.018212864 0.995206296 437.532928467
0.995278358 -0.010649827 0.096475646 43.691741943 0.008805567 0.999770641 0.019521946 -41.468357086 -0.096661426 -0.018580250 0.995143890 439.817260742
0.995332301 -0.010628160 0.095919915 44.010253906 0.008786488 0.999769211 0.019602118 -41.655853271 -0.096106112 -0.018667826 0.995195985 442.089050293
0.995327115 -0.009754353 0.096066691 44.331809998 0.007801542 0.999755621 0.020682333 -41.863716125 -0.096244968 -0.019836217 0.995159924 444.354919434
0.995299399 -0.010349915 0.096291207 44.644088745 0.008390041 0.999749720 0.020736283 -42.051746368 -0.096481740 -0.019830922 0.995137095 446.635467529
0.995304763 -0.010220963 0.096249036 44.954490662 0.008311824 0.999761105 0.020215474 -42.242244720 -0.096432656 -0.019320549 0.995151997 448.905242920
0.995321810 -0.009506369 0.096146449 45.265613556 0.007627459 0.999773085 0.019890863 -42.434440613 -0.096313722 -0.019064460 0.995168447 451.168975830
0.995269358 -0.008952023 0.096740916 45.568786621 0.007077841 0.999780834 0.019699056 -42.632160187 -0.096896075 -0.018921150 0.995114565 453.431091309
0.995191157 -0.008215476 0.097606190 45.871849060 0.006331617 0.999787986 0.019594697 -42.812808990 -0.097746462 -0.018882468 0.995032191 455.710906982
0.995162070 -0.008482007 0.097879790 46.174484253 0.006605871 0.999788463 0.019475935 -43.010879517 -0.098024279 -0.018735131 0.995007575 457.972320557
0.995181024 -0.007689302 0.097752742 46.493553162 0.005874278 0.999805212 0.018841779 -43.206283569 -0.097878583 -0.018176753 0.995032370 460.253845215
0.995183885 -0.006445139 0.097813703 46.807308197 0.004580921 0.999803782 0.019271486 -43.397010803 -0.097918734 -0.018730592 0.995018125 462.536773682
0.995189905 -0.006183380 0.097770520 47.115524292 0.004189933 0.999779403 0.020581231 -43.587432861 -0.097876228 -0.020072578 0.994996130 464.807067871
0.995243430 -0.006378896 0.097209930 47.421665192 0.004359148 0.999770403 0.020975411 -43.773887634 -0.097321436 -0.020451887 0.995042861 467.073150635
0.995369613 -0.006407391 0.095906734 47.742622375 0.004537897 0.999795675 0.019698266 -43.961654663 -0.096013360 -0.019171840 0.995195389 469.353576660
0.995464981 -0.006585209 0.094900467 48.065418243 0.004775250 0.999802709 0.019286666 -44.156784058 -0.095008753 -0.018746028 0.995299935 471.651428223
0.995545149 -0.006959823 0.094028249 48.372211456 0.005038973 0.999774039 0.020650439 -44.358177185 -0.094150722 -0.020084640 0.995355487 473.931243896
0.995489478 -0.007120948 0.094604157 48.660820007 0.005175260 0.999770343 0.020796074 -44.547859192 -0.094730519 -0.020212671 0.995297790 476.214935303
0.995607197 -0.006987434 0.093367539 48.964492798 0.005081250 0.999774098 0.020638077 -44.730262756 -0.093490653 -0.020072995 0.995417714 478.498840332
0.995609879 -0.006975072 0.093339153 49.263950348 0.005002637 0.999759674 0.021349227 -44.921432495 -0.093465626 -0.020788562 0.995405436 480.780303955
0.995645523 -0.007693826 0.092903480 49.573577881 0.005660723 0.999739230 0.022127764 -45.112380981 -0.093049482 -0.021505499 0.995429218 483.056060791
0.995636582 -0.008140686 0.092959076 49.864795685 0.006177604 0.999752223 0.021385971 -45.298488617 -0.093110152 -0.020718392 0.995440245 485.343322754
0.995704293 -0.008612156 0.092188805 50.169242859 0.006564639 0.999725461 0.022490300 -45.497631073 -0.092357174 -0.021788504 0.995487511 487.646179199
0.995787144 -0.008951800 0.091256887 50.474983215 0.006955685 0.999730051 0.022168210 -45.677894592 -0.091430679 -0.021440065 0.995580614 489.931274414
0.995783091 -0.008162371 0.091374941 50.770160675 0.006158305 0.999734759 0.022192845 -45.854923248 -0.091531835 -0.021536548 0.995569229 492.239624023
0.995841742 -0.006878416 0.090840191 51.059646606 0.004844437 0.999733150 0.022592276 -46.035297394 -0.090971336 -0.022058260 0.995609164 494.523406982
0.995798707 -0.006635848 0.091328554 51.342914581 0.004612580 0.999739647 0.022346992 -46.220046997 -0.091453075 -0.021831848 0.995570004 496.830139160
0.995854676 -0.006251026 0.090743445 51.654132843 0.004271902 0.999749124 0.021987975 -46.414161682 -0.090858132 -0.021509185 0.995631456 499.143707275
0.995883584 -0.006087559 0.090436928 51.949005127 0.004057054 0.999735892 0.022619054 -46.598228455 -0.090550750 -0.022159038 0.995645225 501.439453125
0.995887995 -0.005792741 0.090409234 52.239143372 0.003730469 0.999729335 0.022962751 -46.789493561 -0.090517789 -0.022531055 0.995639920 503.723083496
0.995917499 -0.005012043 0.090128802 52.535827637 0.003019961 0.999748409 0.022225408 -46.975742340 -0.090217538 -0.021862490 0.995682120 506.020721436
0.995897055 -0.004869448 0.090362117 52.823986053 0.002806396 0.999732733 0.022943959 -47.163818359 -0.090449683 -0.022596229 0.995644629 508.314880371
0.995924294 -0.005197162 0.090042502 53.125663757 0.003250805 0.999758124 0.021749161 -47.346279144 -0.090133771 -0.021367803 0.995700419 510.602935791
0.995958745 -0.005943064 0.089614980 53.428878784 0.003929368 0.999736190 0.022630222 -47.539386749 -0.089725822 -0.022186643 0.995719314 512.907348633
0.995978534 -0.005702131 0.089410491 53.726482391 0.003681918 0.999734581 0.022743503 -47.723327637 -0.089516446 -0.022322839 0.995735168 515.208679199
0.995994508 -0.004578413 0.089297257 54.021240234 0.002571264 0.999741733 0.022579256 -47.909530640 -0.089377575 -0.022259209 0.995749056 517.516906738
0.995980740 -0.003637063 0.089492589 54.308029175 0.001654905 0.999751806 0.022213092 -48.097782135 -0.089551166 -0.021975711 0.995739698 519.815002441
0.995925903 -0.001761021 0.090157934 54.608901978 -0.000285745 0.999742508 0.022684066 -48.292594910 -0.090174690 -0.022617409 0.995669127 522.158508301
0.995867431 0.000362847 0.090817884 54.905281067 -0.002442345 0.999737322 0.022787362 -48.478420258 -0.090785764 -0.022915000 0.995606780 524.488891602
0.995817125 0.001159485 0.091361523 55.203937531 -0.003364552 0.999706626 0.023985306 -48.659046173 -0.091306910 -0.024192369 0.995528877 526.811218262
0.995761693 0.000880416 0.091966979 55.501598358 -0.003084764 0.999711275 0.023829510 -48.842674255 -0.091919445 -0.024012210 0.995476902 529.126037598
0.995728493 -0.000957683 0.092324361 55.802974701 -0.001377623 0.999680758 0.025227545 -49.024795532 -0.092319027 -0.025246974 0.995409369 531.442077637
0.995675325 -0.002570114 0.092865579 56.110565186 0.000272918 0.999693811 0.024741022 -49.204051971 -0.092900723 -0.024608683 0.995371222 533.766540527
0.995639026 -0.002610586 0.093252681 56.412609100 0.000353643 0.999706805 0.024210775 -49.388771057 -0.093288548 -0.024072219 0.995348096 536.087646484
0.995556772 -0.002790132 0.094121777 56.713756561 0.000535868 0.999712586 0.023967285 -49.571727753 -0.094161600 -0.023810357 0.995272100 538.406005859
0.995484769 -0.002148505 0.094896890 57.012630463 -0.000064198 0.999728322 0.023307713 -49.757472992 -0.094921194 -0.023208564 0.995214164 540.714294434
0.995404780 -0.001637330 0.095742278 57.320251465 -0.000585355 0.999731004 0.023182608 -49.948722839 -0.095754489 -0.023132123 0.995136201 543.030700684
0.995322168 -0.000977091 0.096606337 57.618553162 -0.001146312 0.999759018 0.021922022 -50.129554749 -0.096604474 -0.021930212 0.995081246 545.354003906
0.995187581 -0.000871515 0.097983971 57.911769867 -0.001307619 0.999753237 0.022173282 -50.314052582 -0.097979113 -0.022194702 0.994940937 547.677001953
0.995133162 -0.000777999 0.098536476 58.223567963 -0.001508913 0.999731302 0.023132147 -50.499031067 -0.098527998 -0.023168245 0.994864523 549.977294922
0.995095491 -0.001044299 0.098914891 58.537910461 -0.001268524 0.999727309 0.023316165 -50.685310364 -0.098912276 -0.023327284 0.994822681 552.283752441
0.995152652 -0.001931743 0.098323002 58.866340637 -0.000246438 0.999754906 0.022136364 -50.866935730 -0.098341681 -0.022053290 0.994908273 554.595275879
0.995188296 -0.002297776 0.097954005 59.192066193 0.000083126 0.999744415 0.022607157 -51.057098389 -0.097980924 -0.022490237 0.994934082 556.911315918
0.995132565 -0.002151578 0.098522946 59.504184723 -0.000129564 0.999732196 0.023141155 -51.245307922 -0.098546378 -0.023041280 0.994865656 559.222534180
0.995076120 -0.001482719 0.099101722 59.821304321 -0.000918291 0.999707222 0.024177719 -51.432411194 -0.099108562 -0.024149682 0.994783461 561.561401367
0.995068073 -0.001782294 0.099178672 60.146026611 -0.000687897 0.999690652 0.024866717 -51.618209839 -0.099192284 -0.024812303 0.994758904 563.896118164
0.995047748 -0.001278935 0.099389628 60.469848633 -0.001265098 0.999673247 0.025529336 -51.801101685 -0.099389784 -0.025528643 0.994721174 566.213317871
0.995018542 -0.000605733 0.099688396 60.795398712 -0.001875345 0.999690771 0.024792744 -51.988235474 -0.099672593 -0.024856191 0.994709790 568.533752441
0.995020628 0.000437936 0.099668153 61.130901337 -0.002770540 0.999725461 0.023266504 -52.167446136 -0.099630579 -0.023426780 0.994748652 570.869201660
0.995032549 0.000779914 0.099546783 61.470577240 -0.003134202 0.999719024 0.023495866 -52.356021881 -0.099500477 -0.023691153 0.994755447 573.190124512
0.994980037 0.000659783 0.100071415 61.781871796 -0.003147118 0.999689937 0.024699774 -52.552062988 -0.100024089 -0.024890721 0.994673550 575.580139160
0.994947672 0.000568608 0.100393906 62.103134155 -0.003189486 0.999658167 0.025947366 -52.742248535 -0.100344844 -0.026136473 0.994609416 577.900085449
0.994900107 0.001124159 0.100858726 62.428588867 -0.003590477 0.999698877 0.024275007 -52.928146362 -0.100801073 -0.024513340 0.994604528 580.286071777
0.994945943 0.000243356 0.100412309 62.760066986 -0.002642569 0.999714255 0.023761300 -53.104091644 -0.100377835 -0.023906557 0.994662166 582.625366211
0.994899929 0.000067599 0.100867167 63.082862854 -0.002655025 0.999670863 0.025517788 -53.303833008 -0.100832231 -0.025655445 0.994572580 584.950744629
0.994953871 0.000381352 0.100333743 63.411430359 -0.002991152 0.999661028 0.025862044 -53.487899780 -0.100289866 -0.026031647 0.994617641 587.268859863
0.994943321 -0.002505450 0.100406840 63.751281738 0.000048763 0.999700725 0.024462316 -53.675125122 -0.100438088 -0.024333727 0.994645715 589.618469238
0.994985402 -0.002990948 0.099975705 64.087570190 0.000545388 0.999700189 0.024479929 -53.856819153 -0.100018948 -0.024302643 0.994688690 591.967041016
0.995009124 -0.004963999 0.099660657 64.412429810 0.002487278 0.999685347 0.024960428 -54.041824341 -0.099753186 -0.024587970 0.994708359 594.297485352
0.995045781 -0.005712606 0.099253446 64.749496460 0.003218361 0.999675453 0.025272021 -54.228660583 -0.099365599 -0.024827385 0.994741201 596.655883789
