1.000000000 0.000000000 0.000000000 0.000000000 0.000000000 1.000000000 0.000000000 0.000000000 0.000000000 0.000000000 1.000000000 0.000000000
0.999999940 0.000018264 0.000373539 0.087700546 -0.000018219 0.999999940 -0.000120545 -0.227474064 -0.000373542 0.000120538 0.999999940 2.287082195
0.999999523 0.000247007 0.001079601 0.168019146 -0.000247430 0.999999821 0.000391601 -0.465306550 -0.001079504 -0.000391868 0.999999344 4.581738472
0.999998629 -0.000075495 0.001618566 0.265723139 0.000074618 0.999999821 0.000541937 -0.696476579 -0.001618606 -0.000541816 0.999998569 6.870633125
0.999997139 -0.000115536 0.002389017 0.362176687 0.000118307 0.999999344 -0.001160065 -0.928566754 -0.002388881 0.001160345 0.999996483 9.165175438
0.999988854 0.001609293 0.004440502 0.453038692 -0.001609576 0.999998748 0.000060094 -1.163130522 -0.004440400 -0.000067240 0.999990165 11.471738815
0.999972343 0.003208822 0.006696284 0.561575592 -0.003217933 0.999993920 0.001350265 -1.401105165 -0.006691911 -0.001371776 0.999976635 13.763914108
0.999954581 0.003014896 0.009036859 0.669348300 -0.003051129 0.999987423 0.003998428 -1.631394029 -0.009024691 -0.004025819 0.999951184 16.038898468
0.999946296 0.003563358 0.009727565 0.766154289 -0.003618279 0.999977589 0.005634288 -1.861182213 -0.009707268 -0.005669184 0.999936819 18.314888000
0.999929607 0.002479935 0.011610278 0.870688200 -0.002543277 0.999982059 0.005444109 -2.081150770 -0.011596566 -0.005473254 0.999917805 20.608259201
0.999933243 0.000350467 0.011548638 0.989494443 -0.000387113 0.999994814 0.003171050 -2.303856134 -0.011547468 -0.003175309 0.999928236 22.891304016
0.999917865 -0.001894443 0.012670745 1.092280865 0.001881055 0.999997616 0.001068447 -2.521624327 -0.012672738 -0.001044525 0.999919116 25.173236847
0.999914765 -0.002445115 0.012823259 1.217797279 0.002434021 0.999996662 0.000880636 -2.774018764 -0.012825371 -0.000849349 0.999917328 27.468000412
0.999891877 -0.002083873 0.014552207 1.314392805 0.002089776 0.999997735 -0.000390500 -2.995762348 -0.014551359 0.000420869 0.999894083 29.755022049
0.999892294 -0.000111537 0.014677970 1.449307680 0.000080251 0.999997735 0.002132024 -3.223418951 -0.014678176 -0.002130616 0.999890029 32.018215179
0.999895751 0.001866753 0.014316100 1.583358288 -0.001926002 0.999989688 0.004126012 -3.441924572 -0.014308249 -0.004153154 0.999889016 34.298473358
0.999863267 0.004043237 0.016034920 1.700778723 -0.004171564 0.999959469 0.007977553 -3.669792652 -0.016002014 -0.008043351 0.999839604 36.616676331
0.999852300 0.005949707 0.016124088 1.825061679 -0.006069678 0.999954164 0.007401812 -3.886883259 -0.016079310 -0.007498587 0.999842644 38.887733459
0.999813139 0.004586480 0.018779496 1.918841720 -0.004700923 0.999970615 0.006054392 -4.093176365 -0.018751176 -0.006141542 0.999805331 41.180469513
0.999826968 0.002129419 0.018483968 2.048891544 -0.002225691 0.999984026 0.005189413 -4.319864750 -0.018472627 -0.005229653 0.999815702 43.458843231
0.999820471 0.002328444 0.018812180 2.176191330 -0.002401342 0.999989808 0.003853402 -4.544883251 -0.018803010 -0.003897884 0.999815702 45.731006622
0.999818206 0.001853678 0.018983638 2.302090168 -0.001906253 0.999994338 0.002751740 -4.772217751 -0.018978430 -0.002787427 0.999816000 47.998279572
0.999820769 -0.000111459 0.018932197 2.438035488 0.000048446 0.999994457 0.003328820 -5.004115582 -0.018932460 -0.003327306 0.999815226 50.273315430
0.999795258 -0.000551843 0.020227337 2.564270258 0.000477014 0.999993026 0.003704049 -5.229337215 -0.020229241 -0.003693641 0.999788523 52.540966034
0.999787390 -0.001842510 0.020541267 2.700505018 0.001769425 0.999992073 0.003575588 -5.457031727 -0.020547692 -0.003538481 0.999782562 54.825645447
0.999756694 -0.001716798 0.021991802 2.828027010 0.001632239 0.999991179 0.003862405 -5.687198162 -0.021998242 -0.003825569 0.999750614 57.111972809
0.999738812 -0.003089063 0.022644721 2.968858719 0.002990681 0.999986053 0.004377138 -5.911790848 -0.022657925 -0.004308273 0.999733925 59.379314423
0.999699175 -0.004540985 0.024102880 3.096232176 0.004449035 0.999982655 0.003867155 -6.137490273 -0.024120022 -0.003758757 0.999701977 61.652950287
0.999683797 -0.005463826 0.024544673 3.248868227 0.005375132 0.999978781 0.003678066 -6.361711979 -0.024564249 -0.003544972 0.999691904 63.903839111
0.999648392 -0.004887341 0.026058290 3.387533188 0.004779310 0.999979675 0.004206410 -6.583349705 -0.026078317 -0.004080390 0.999651551 66.169418335
0.999626815 -0.003935476 0.027031349 3.536952972 0.003812759 0.999982178 0.004589825 -6.811263561 -0.027048932 -0.004485048 0.999624014 68.420394897
0.999582231 -0.004201528 0.028594624 3.675551414 0.004081154 0.999982536 0.004266702 -7.036889076 -0.028612051 -0.004148220 0.999581993 70.672988892
0.999568164 -0.005018687 0.028951263 3.840192318 0.004932347 0.999983191 0.003052881 -7.262115479 -0.028966099 -0.002908765 0.999576151 72.929145813
0.999556422 -0.006005702 0.029169399 4.003673077 0.005905690 0.999976397 0.003513583 -7.490993023 -0.029189812 -0.003339758 0.999568284 75.209152222
0.999509215 -0.007133297 0.030502114 4.164187431 0.007049112 0.999971092 0.002866603 -7.721553802 -0.030521685 -0.002650183 0.999530613 77.475837708
0.999498248 -0.008155134 0.030604938 4.321102619 0.008081346 0.999964118 0.002533873 -7.946782589 -0.030624505 -0.002285272 0.999528289 79.708999634
0.999461710 -0.008528644 0.031678356 4.468683243 0.008459605 0.999961495 0.002312760 -8.166507721 -0.031696863 -0.002043529 0.999495447 81.964782715
0.999458671 -0.007407419 0.032055132 4.651607990 0.007335617 0.999970257 0.002356996 -8.399389267 -0.032071646 -0.002120575 0.999483347 84.226158142
0.999412060 -0.007092178 0.033544723 4.811577797 0.007003428 0.999971628 0.002762510 -8.617734909 -0.033563364 -0.002525957 0.999433398 86.478782654
0.999411821 -0.006765261 0.033616967 4.979262352 0.006627755 0.999969244 0.004200180 -8.854529381 -0.033644333 -0.003974905 0.999425948 88.760368347
0.999386013 -0.005898841 0.034536388 5.139716148 0.005735894 0.999971926 0.004815303 -9.080518723 -0.034563817 -0.004614249 0.999391854 91.018356323
0.999356508 -0.005822550 0.035392851 5.307313919 0.005658668 0.999972761 0.004728740 -9.301279068 -0.035419416 -0.004525422 0.999362230 93.269157410
0.999340415 -0.005963354 0.035820641 5.477654457 0.005815702 0.999974191 0.004224790 -9.519462585 -0.035844907 -0.004013682 0.999349296 95.522377014
0.999306917 -0.006668555 0.036620412 5.644824982 0.006504952 0.999968350 0.004584839 -9.740580559 -0.036649823 -0.004343447 0.999318719 97.775024414
0.999282181 -0.006624960 0.037298061 5.811884880 0.006479184 0.999970913 0.004027945 -9.970499039 -0.037323665 -0.003783393 0.999296069 100.009536743
0.999225318 -0.006718290 0.038777083 5.975512981 0.006529627 0.999966204 0.004989878 -10.185550690 -0.038809296 -0.004732812 0.999235451 102.248748779
0.999198079 -0.006800637 0.039458081 6.164082527 0.006614133 0.999966264 0.004855263 -10.405304909 -0.039489768 -0.004590388 0.999209464 104.500549316
0.999177575 -0.007425954 0.039862305 6.336774826 0.007203768 0.999957740 0.005714604 -10.634047508 -0.039903063 -0.005422745 0.999188840 106.744941711
0.999136508 -0.008787385 0.040608481 6.518251419 0.008556553 0.999946237 0.005854658 -10.851277351 -0.040657740 -0.005502133 0.999157965 108.991691589
0.999084949 -0.009317179 0.041742336 6.697664261 0.009038565 0.999935746 0.006858365 -11.078790665 -0.041803550 -0.006474801 0.999104857 111.239967346
0.999074101 -0.009888803 0.041871242 6.891610146 0.009671739 0.999938726 0.005383484 -11.298687935 -0.041921910 -0.004973531 0.999108613 113.487686157
0.999026895 -0.010292024 0.042887658 7.076375484 0.010104146 0.999938309 0.004595202 -11.518718719 -0.042932313 -0.004157386 0.999069452 115.727996826
0.998995304 -0.010604880 0.043541431 7.256261349 0.010399648 0.999933720 0.004937286 -11.742727280 -0.043590892 -0.004479510 0.999039412 117.944107056
0.998952210 -0.011114510 0.044397615 7.454050541 0.010861841 0.999923408 0.005928216 -11.969654083 -0.044460099 -0.005439764 0.998996496 120.176956177
0.998926222 -0.011935517 0.044764224 7.659132481 0.011650878 0.999910176 0.006614136 -12.195178032 -0.044839155 -0.006085492 0.998975635 122.380722046
0.998880029 -0.012522807 0.045628130 7.850701332 0.012262885 0.999906898 0.005972042 -12.410265923 -0.045698676 -0.005405821 0.998940587 124.662742615
0.998845458 -0.012971745 0.046254292 8.036558151 0.012755471 0.999906242 0.004967861 -12.632772446 -0.046314400 -0.004372131 0.998917341 126.931533813
0.998838544 -0.014759000 0.045865089 8.231188774 0.014532827 0.999880552 0.005260854 -12.850041389 -0.045937255 -0.004588195 0.998933733 129.193176270
0.998867154 -0.015643636 0.044940785 8.424278259 0.015398086 0.999864697 0.005804813 -13.072326660 -0.045025509 -0.005106234 0.998972774 131.444702148
0.998935044 -0.016121602 0.043229632 8.625926018 0.015835064 0.999850333 0.006962586 -13.290772438 -0.043335419 -0.006270627 0.999040842 133.675827026
0.998983264 -0.017126538 0.041702863 8.825664520 0.016866691 0.999836147 0.006574827 -13.510538101 -0.041808616 -0.005864754 0.999108434 135.921661377
0.999068677 -0.017978650 0.039224867 9.033838272 0.017769327 0.999826074 0.005678662 -13.719226837 -0.039320130 -0.004976373 0.999214232 138.133758545
0.999057174 -0.018724214 0.039167788 9.208791733 0.018500533 0.999810457 0.006065574 -13.945016861 -0.039273936 -0.005335232 0.999214232 140.416427612
0.999047935 -0.018892637 0.039321750 9.377408028 0.018658759 0.999806046 0.006306378 -14.155760765 -0.039433267 -0.005566679 0.999206662 142.647476196
0.999091029 -0.018766383 0.038274828 9.562364578 0.018489797 0.999800384 0.007567470 -14.378067970 -0.038409211 -0.006852900 0.999238610 144.868896484
0.999102056 -0.017909268 0.038400266 9.735180855 0.017674912 0.999823093 0.006433908 -14.594494820 -0.038508706 -0.005749409 0.999241650 147.118728638
0.999122381 -0.016622411 0.038446572 9.910757065 0.016444253 0.999852479 0.004945596 -14.812281609 -0.038523115 -0.004309030 0.999248385 149.362136841
0.999135315 -0.015188358 0.038703110 10.087463379 0.015042841 0.999878645 0.004048231 -15.034551620 -0.038759891 -0.003462525 0.999242544 151.601470947
0.999142528 -0.014513655 0.038774632 10.272323608 0.014362899 0.999888122 0.004163755 -15.254445076 -0.038830731 -0.003603269 0.999239326 153.834075928
0.999126852 -0.013920028 0.039393198 10.452836990 0.013756447 0.999895573 0.004420547 -15.472483635 -0.039450619 -0.003874776 0.999213994 156.077316284
0.999126017 -0.012280886 0.039952546 10.619756699 0.012047812 0.999908984 0.006069296 -15.689717293 -0.040023439 -0.005582652 0.999183059 158.290252686
0.999088764 -0.011532248 0.041091785 10.800338745 0.011248770 0.999911368 0.007123196 -15.907826424 -0.041170284 -0.006654473 0.999129891 160.527969360
0.999053180 -0.010545482 0.042207144 10.969055176 0.010178276 0.999908566 0.008905524 -16.132263184 -0.042297192 -0.008467496 0.999069214 162.785949707
0.999014318 -0.009882513 0.043277487 11.148031235 0.009539325 0.999921441 0.008129293 -16.337205887 -0.043354426 -0.007708441 0.999030113 165.045181274
0.998962462 -0.009173318 0.044606376 11.336874008 0.008862780 0.999935150 0.007154528 -16.554037094 -0.044669114 -0.006751768 0.998978972 167.273025513
0.998911798 -0.007077962 0.046099175 11.528457642 0.006766086 0.999953210 0.006917860 -16.766902924 -0.046145972 -0.006598420 0.998912930 169.520141602
0.998794317 -0.006459804 0.048664477 11.718266487 0.006115641 0.999955237 0.007217730 -16.984592438 -0.048708927 -0.006911412 0.998789132 171.758605957
0.998667240 -0.006639815 0.051183019 11.915905952 0.006281238 0.999954641 0.007163452 -17.203245163 -0.051228259 -0.006832412 0.998663604 174.012481689
0.998590052 -0.006611967 0.052667830 12.125358582 0.006206445 0.999949813 0.007859436 -17.425340652 -0.052717157 -0.007521475 0.998581171 176.260314941
0.998545647 -0.007179991 0.053431779 12.328121185 0.006719618 0.999938846 0.008790772 -17.636987686 -0.053491622 -0.008418947 0.998532772 178.485931396
0.998530984 -0.009330088 0.053374145 12.530024529 0.008899561 0.999925971 0.008298198 -17.854078293 -0.053447627 -0.007811001 0.998540103 180.733856201
0.998478413 -0.010242250 0.054185878 12.727742195 0.009821284 0.999919593 0.008029510 -18.065729141 -0.054263767 -0.007485118 0.998498619 182.985214233
0.998557329 -0.011983640 0.052342240 12.950713158 0.011558659 0.999897718 0.008414470 -18.295291901 -0.052437730 -0.007797322 0.998593688 185.212432861
0.998575568 -0.013753273 0.051552679 13.162554741 0.013297461 0.999869466 0.009174299 -18.508863449 -0.051672127 -0.008475711 0.998628139 187.449401855
0.998603523 -0.014553129 0.050785892 13.371846199 0.014132781 0.999862909 0.008626199 -18.717056274 -0.050904471 -0.007896408 0.998672307 189.693588257
0.998545229 -0.015924171 0.051515762 13.565448761 0.015501254 0.999842823 0.008598662 -18.940225601 -0.051644601 -0.007787595 0.998635173 191.923522949
0.998511612 -0.017672202 0.051596437 13.760899544 0.017287113 0.999819338 0.007900217 -19.152297974 -0.051726732 -0.006996504 0.998636782 194.160369873
0.998531461 -0.017225897 0.051363170 13.972393036 0.016818240 0.999823630 0.008358449 -19.369113922 -0.051498093 -0.007482336 0.998645067 196.403961182
0.998531997 -0.015372732 0.051937778 14.179910660 0.014933544 0.999849498 0.008833551 -19.585893631 -0.052065752 -0.008044967 0.998611271 198.644073486
0.998559833 -0.013421890 0.051943362 14.384718895 0.013007067 0.999880791 0.008315874 -19.807279587 -0.052048784 -0.007628266 0.998615384 200.907440186
0.998537302 -0.013001138 0.052480299 14.594863892 0.012620633 0.999891639 0.007575367 -20.022062302 -0.052573107 -0.006901952 0.998593152 203.166992188
0.998492777 -0.013203111 0.053270489 14.792393684 0.012770590 0.999882698 0.008451628 -20.233345032 -0.053375825 -0.007758596 0.998544335 205.396987915
0.998477638 -0.015175864 0.053029671 15.019002914 0.014752770 0.999856174 0.008360877 -20.454357147 -0.053148929 -0.007565814 0.998557925 207.639343262
0.998426259 -0.014702188 0.054120950 15.225049973 0.014253398 0.999860823 0.008669055 -20.659030914 -0.054240871 -0.007884004 0.998496771 209.885986328
0.998319507 -0.015316577 0.055888765 15.428233147 0.014757093 0.999836922 0.010409719 -20.893989563 -0.056039091 -0.009567471 0.998382866 212.133743286
0.998268187 -0.013951044 0.057147603 15.665193558 0.013376424 0.999856174 0.010425217 -21.100957870 -0.057284821 -0.009642732 0.998311341 214.365371704
0.998113453 -0.012195206 0.060171977 15.890024185 0.011579412 0.999877036 0.010572015 -21.318557739 -0.060293503 -0.009855313 0.998132050 216.646972656
0.997988164 -0.012250801 0.062204894 16.116373062 0.011601171 0.999874473 0.010793843 -21.524806976 -0.062329322 -0.010050478 0.998005033 218.886947632
0.997840524 -0.013682637 0.064241879 16.345146179 0.012978326 0.999851108 0.011367978 -21.728851318 -0.064387880 -0.010509675 0.997869611 221.120330811
0.997739017 -0.015018226 0.065508120 16.577697754 0.014256420 0.999825299 0.012081212 -21.931550980 -0.065678112 -0.011119986 0.997778833 223.350326538
0.997673333 -0.016999530 0.066021010 16.822263718 0.016273886 0.999801278 0.011513389 -22.141222000 -0.066203602 -0.010412183 0.997751832 225.575653076
0.997634649 -0.018543823 0.066190742 17.061368942 0.017847199 0.999779046 0.011100457 -22.341306686 -0.066381969 -0.009892883 0.997745216 227.827072144
0.997591376 -0.018488612 0.066855423 17.296188354 0.017751599 0.999775052 0.011601376 -22.550210953 -0.067054898 -0.010386643 0.997695208 230.063919067
0.997540116 -0.019520359 0.067325138 17.540168762 0.018868318 0.999768794 0.010307325 -22.753185272 -0.067510784 -0.009011658 0.997677803 232.311935425
0.997485876 -0.020424213 0.067858845 17.784130096 0.019711012 0.999743402 0.011163139 -22.954311371 -0.068069436 -0.009797507 0.997632444 234.551956177
0.997473598 -0.020069165 0.068144321 18.053102493 0.019301610 0.999742866 0.011903506 -23.169078827 -0.068365701 -0.010558136 0.997604609 236.825302124
0.997431874 -0.019870933 0.068808682 18.289739609 0.019118827 0.999750197 0.011571827 -23.364650726 -0.069021419 -0.010226566 0.997562766 239.049957275
0.997395754 -0.020341637 0.069194168 18.534391403 0.019559415 0.999737144 0.011963557 -23.570058823 -0.069419324 -0.010579004 0.997531474 241.270843506
0.997339487 -0.020713940 0.069893405 18.777565002 0.019917594 0.999728858 0.012071531 -23.771804810 -0.070124492 -0.010647304 0.997481525 243.515594482
0.997299075 -0.021036837 0.070372514 19.022933960 0.020293068 0.999730587 0.011267434 -23.979148865 -0.070590593 -0.009808926 0.997457147 245.736968994
0.997323334 -0.020609641 0.070152640 19.283060074 0.019905144 0.999744356 0.010726724 -24.190135956 -0.070355758 -0.009301612 0.997478604 247.970306396
0.997295797 -0.020998701 0.070430383 19.537422180 0.020257464 0.999731839 0.011222299 -24.394309998 -0.070647165 -0.009765211 0.997453511 250.204910278
0.997262418 -0.022335313 0.070489548 19.793556213 0.021601550 0.999704361 0.011154812 -24.599336624 -0.070717841 -0.009601591 0.997450173 252.430191040
0.997247815 -0.022303330 0.070705026 20.053564072 0.021517342 0.999698162 0.011858742 -24.807310104 -0.070948176 -0.010304721 0.997426689 254.687606812
0.997212529 -0.023154635 0.070930444 20.294908524 0.022337558 0.999674976 0.012291178 -25.014621735 -0.071191996 -0.010672501 0.997405529 256.906951904
0.997194171 -0.023285527 0.071143657 20.557445526 0.022426372 0.999665916 0.012851410 -25.233257294 -0.071419135 -0.011219858 0.997383237 259.180603027
0.997160614 -0.022898031 0.071737722 20.812463760 0.022081146 0.999682248 0.012159679 -25.432786942 -0.071993351 -0.010541100 0.997349381 261.425994873
0.997138500 -0.022955159 0.072027199 21.073156357 0.022175655 0.999686778 0.011603526 -25.634721756 -0.072270989 -0.009973072 0.997335196 263.680541992
0.997110069 -0.022109173 0.072682120 21.330347061 0.021349836 0.999709129 0.011207850 -25.843555450 -0.072908796 -0.009623708 0.997292101 265.920532227
0.997043550 -0.021585174 0.073745094 21.585838318 0.020796094 0.999718130 0.011451332 -26.047248840 -0.073971495 -0.009883865 0.997211277 268.163543701
0.996921599 -0.021139134 0.075501166 21.839902878 0.020337733 0.999728680 0.011367615 -26.265684128 -0.075720981 -0.009797100 0.997080863 270.411926270
0.996834993 -0.021886773 0.076424934 22.114725113 0.021036843 0.999707878 0.011908601 -26.476161957 -0.076663226 -0.010263172 0.997004271 272.659942627
0.996648788 -0.022204837 0.078727379 22.364309311 0.021285016 0.999695241 0.012503735 -26.676563263 -0.078981012 -0.010786118 0.996817768 274.901824951
0.996524751 -0.022104057 0.080311313 22.635280609 0.021088697 0.999686837 0.013469188 -26.868509293 -0.080583885 -0.011728718 0.996678829 277.142608643
0.996475220 -0.021943824 0.080966651 22.925415039 0.020793986 0.999670923 0.015017482 -27.081745148 -0.081269555 -0.013280930 0.996603668 279.391479492
0.996365428 -0.021911716 0.082315087 23.203861237 0.020620767 0.999651134 0.016500644 -27.288599014 -0.082647935 -0.014743275 0.996469736 281.626251221
0.996335685 -0.020746766 0.082974553 23.489528656 0.019472117 0.999680042 0.016141877 -27.477758408 -0.083282910 -0.014467036 0.996420920 283.887908936
0.996219873 -0.019694546 0.084605366 23.754240036 0.018449232 0.999710023 0.015475894 -27.667901993 -0.084885605 -0.013856488 0.996294320 286.118408203
0.996248186 -0.019614659 0.084289655 24.047134399 0.018459201 0.999724925 0.014465811 -27.860233307 -0.084550217 -0.012855621 0.996336281 288.367126465
0.996199310 -0.020411901 0.084678404 24.321210861 0.019234262 0.999706984 0.014699867 -28.062643051 -0.084953643 -0.013015267 0.996299922 290.593658447
0.996117711 -0.020688543 0.085565597 24.578742981 0.019584764 0.999714017 0.013719289 -28.256229401 -0.085824966 -0.011990240 0.996238053 292.870452881
0.996133029 -0.021203574 0.085259169 24.861476898 0.020177636 0.999713421 0.012877095 -28.452833176 -0.085507765 -0.011106973 0.996275544 295.097564697
0.996136725 -0.021128200 0.085236549 25.142883301 0.020095889 0.999714136 0.012951136 -28.655727386 -0.085485831 -0.011188199 0.996276557 297.327545166
0.996145666 -0.020527098 0.085278526 25.424161911 0.019485468 0.999725282 0.013028984 -28.851528168 -0.085522547 -0.011317074 0.996271968 299.565185547
0.996064126 -0.020420633 0.086250640 25.679231644 0.019310456 0.999719858 0.013686368 -29.054819107 -0.086505957 -0.011966961 0.996179461 301.793762207
0.996065259 -0.020758839 0.086157426 25.966020584 0.019626871 0.999709845 0.013964764 -29.254098892 -0.086422309 -0.012218815 0.996183634 304.038757324
0.996030807 -0.020208010 0.086684152 26.248701096 0.019061174 0.999719739 0.014037499 -29.450138092 -0.086943522 -0.012329482 0.996136904 306.282653809
0.996004283 -0.020869959 0.086832903 26.528766632 0.019755891 0.999711335 0.013669720 -29.652393341 -0.087093130 -0.011899638 0.996129036 308.533752441
0.995952308 -0.022139983 0.087113991 26.816061020 0.020989245 0.999680221 0.014103597 -29.851596832 -0.087398380 -0.012218052 0.996098459 310.791198730
0.995917797 -0.022041794 0.087532029 27.099527359 0.020923588 0.999687552 0.013671923 -30.055200577 -0.087806053 -0.011784629 0.996067882 313.024047852
0.995932221 -0.021802347 0.087428339 27.392560959 0.020631038 0.999685168 0.014278812 -30.257602692 -0.087712139 -0.012416991 0.996068478 315.271606445
0.995895267 -0.020236105 0.088222049 27.680070877 0.019117137 0.999725997 0.013510143 -30.460599899 -0.088471264 -0.011768137 0.996009231 317.514190674
0.995883763 -0.018245950 0.088783666 27.964506149 0.017061995 0.999755263 0.014075995 -30.662317276 -0.089018755 -0.012503228 0.995951474 319.760589600
0.995821297 -0.016783597 0.089768022 28.243873596 0.015634157 0.999786854 0.013492431 -30.862468719 -0.089975327 -0.012032604 0.995871305 321.976470947
0.995794415 -0.016147241 0.090181760 28.531200409 0.014947576 0.999790907 0.013962339 -31.059171677 -0.090388335 -0.012555620 0.995827436 324.218658447
0.995810270 -0.015778370 0.090071850 28.829891205 0.014461612 0.999779105 0.015252976 -31.267444611 -0.090292640 -0.013886484 0.995818555 326.443634033
0.995763421 -0.016708186 0.090421759 29.112539291 0.015418685 0.999769509 0.014940789 -31.466402054 -0.090650536 -0.013483306 0.995791495 328.682464600
0.995726883 -0.018322866 0.090512350 29.407697678 0.017112890 0.999753773 0.014126180 -31.662654877 -0.090748891 -0.012516888 0.995795071 330.916107178
0.995709479 -0.017778892 0.090809904 29.689964294 0.016590180 0.999766886 0.013828247 -31.861831665 -0.091034561 -0.012262367 0.995772243 333.131774902
0.995659947 -0.018177098 0.091273651 29.976598740 0.016865052 0.999743342 0.015125732 -32.061714172 -0.091525182 -0.013520750 0.995710969 335.371093750
0.995689750 -0.018589424 0.090866104 30.279008865 0.017283637 0.999736071 0.015136342 -32.257190704 -0.091123506 -0.013500600 0.995748043 337.607757568
0.995663702 -0.018267402 0.091215923 30.559816360 0.016926123 0.999737203 0.015456579 -32.458942413 -0.091474332 -0.013845620 0.995711148 339.842864990
0.995671093 -0.018382693 0.091110118 30.857412338 0.017069414 0.999739170 0.015172551 -32.658477783 -0.091365278 -0.013551675 0.995725214 342.092681885
0.995656133 -0.018776011 0.091195002 31.145305634 0.017424094 0.999726534 0.015598112 -32.853115082 -0.091462940 -0.013941364 0.995710850 344.347045898
0.995690763 -0.018266300 0.090918615 31.434484482 0.016913531 0.999734759 0.015627244 -33.047660828 -0.091179959 -0.014022148 0.995735705 346.590789795
0.995698810 -0.018043356 0.090874523 31.722015381 0.016700899 0.999740124 0.015511484 -33.242847443 -0.091130786 -0.013927080 0.995741546 348.828247070
0.995630085 -0.017519724 0.091726080 32.008720398 0.016107995 0.999740481 0.016108504 -33.445251465 -0.091984473 -0.014560587 0.995654106 351.064636230
0.995660007 -0.017518934 0.091401197 32.303928375 0.016094439 0.999737620 0.016298993 -33.639678955 -0.091662757 -0.014757205 0.995680749 353.285888672
0.995696485 -0.017527265 0.091001078 32.598594666 0.016159141 0.999745369 0.015749309 -33.836780548 -0.091253959 -0.014211033 0.995726228 355.535369873
0.995710731 -0.017841624 0.090784468 32.889762878 0.016440356 0.999734282 0.016159588 -34.031902313 -0.091048650 -0.014597746 0.995739460 357.768798828
0.995791435 -0.017152745 0.090028577 33.186374664 0.015652282 0.999727011 0.017346175 -34.234878540 -0.090301521 -0.015864018 0.995788097 360.002227783
0.995831788 -0.017411554 0.089531749 33.484325409 0.015912401 0.999721467 0.017431034 -34.432430267 -0.089810327 -0.015933711 0.995831430 362.248901367
0.995871782 -0.017307263 0.089106061 33.780059814 0.015775727 0.999715984 0.017863523 -34.624729156 -0.089389928 -0.016384067 0.995861888 364.487274170
0.995922685 -0.017232714 0.088549353 34.075283051 0.015761225 0.999726176 0.017290201 -34.819919586 -0.088823095 -0.015824059 0.995921671 366.746917725
0.995927572 -0.017907420 0.088359959 34.359249115 0.016454965 0.999717712 0.017139081 -35.015502930 -0.088641949 -0.015615324 0.995941103 368.989837646
0.995918334 -0.017671555 0.088511631 34.642711639 0.016268088 0.999730706 0.016552679 -35.206703186 -0.088780291 -0.015045200 0.995937645 371.249420166
0.995977759 -0.017978916 0.087777816 34.928985596 0.016607562 0.999728739 0.016328456 -35.401504517 -0.088047586 -0.014805010 0.996006191 373.467163086
0.996137500 -0.017885437 0.085966416 35.236671448 0.016513942 0.999725223 0.016638663 -35.591354370 -0.086240381 -0.015154750 0.996159136 375.706817627
0.995987236 -0.017244048 0.087817803 35.499622345 0.015786948 0.999726415 0.017259929 -35.782836914 -0.088091403 -0.015804293 0.995986938 377.953582764
0.995982409 -0.017915158 0.087738790 35.787197113 0.016445965 0.999712646 0.017439481 -35.978054047 -0.088026010 -0.015926467 0.995990872 380.193603516
0.995985150 -0.017800618 0.087730847 36.078056335 0.016328575 0.999714017 0.017468352 -36.166397095 -0.088016726 -0.015965698 0.995991051 382.452087402
0.995987833 -0.016925385 0.087872691 36.366622925 0.015415807 0.999722183 0.017829446 -36.363578796 -0.088150039 -0.016403284 0.995972157 384.701293945
0.995996177 -0.015982727 0.087955765 36.655834198 0.014475456 0.999737680 0.017747980 -36.549289703 -0.088216357 -0.016403714 0.995966256 386.958526611
0.996031344 -0.014774741 0.087767310 36.956306458 0.013272030 0.999755561 0.017680524 -36.749248505 -0.088007085 -0.016445506 0.995984018 389.229583740
0.996009827 -0.013429463 0.088227570 37.239967346 0.011927905 0.999775290 0.017524395 -36.943393707 -0.088443071 -0.016402101 0.995946169 391.509246826
0.996045411 -0.012257685 0.087995797 37.533924103 0.010637556 0.999765515 0.018856851 -37.135066986 -0.088206314 -0.017846221 0.995942354 393.765228271
0.995982051 -0.010997802 0.088875026 37.813461304 0.009326030 0.999772072 0.019203790 -37.326507568 -0.089065991 -0.018297777 0.995857596 396.022857666
0.995929182 -0.010559422 0.089517690 38.103672028 0.009013117 0.999803424 0.017660415 -37.525093079 -0.089686580 -0.016781693 0.995828629 398.286315918
0.995854378 -0.009815413 0.090431437 38.394580841 0.008313114 0.999821424 0.016974293 -37.717094421 -0.090581886 -0.016152157 0.995758057 400.557586670
0.995788038 -0.011559216 0.090954959 38.677886963 0.009939224 0.999784112 0.018243788 -37.912757874 -0.091146216 -0.017262921 0.995687902 402.810028076
0.995709956 -0.013123026 0.091594197 38.969799042 0.011377339 0.999744058 0.019555142 -38.109394073 -0.091827385 -0.018429153 0.995604396 405.060058594
0.995704889 -0.013645380 0.091572098 39.264648438 0.011914032 0.999740303 0.019427065 -38.298828125 -0.091813393 -0.018252630 0.995609045 407.320220947
0.995656669 -0.013427220 0.092127591 39.564445496 0.011829394 0.999770343 0.017867852 -38.483726501 -0.092346355 -0.016700430 0.995586872 409.585662842
0.995587945 -0.011159474 0.093166910 39.873954773 0.009440881 0.999777436 0.018866807 -38.693084717 -0.093356714 -0.017903987 0.995471835 411.849029541
0.995514154 -0.009941682 0.094088793 40.166004181 0.008224864 0.999792993 0.018617017 -38.885055542 -0.094254382 -0.017759640 0.995389700 414.091705322
0.995433092 -0.008932007 0.095042594 40.470737457 0.007188407 0.999799848 0.018672058 -39.075737000 -0.095190324 -0.017903579 0.995298088 416.365692139
0.995373011 -0.008985906 0.095665030 40.777503967 0.007259714 0.999804795 0.018376920 -39.268081665 -0.095811464 -0.017597392 0.995243847 418.618316650
0.995262921 -0.008964718 0.096806988 41.074272156 0.007216643 0.999804795 0.018392386 -39.458106995 -0.096952982 -0.017606638 0.995133162 420.869934082
0.995156765 -0.009056842 0.097883910 41.370677948 0.007309514 0.999807715 0.018194929 -39.654338837 -0.098029889 -0.017391320 0.995031476 423.129425049
0.995082140 -0.009399435 0.098606095 41.680110931 0.007528116 0.999784768 0.019332657 -39.846229553 -0.098766595 -0.018495265 0.994938672 425.395050049
0.995039523 -0.008613550 0.099107012 41.987541199 0.006660190 0.999777317 0.020023603 -40.035625458 -0.099257417 -0.019264201 0.994875312 427.642944336
0.994960129 -0.007960934 0.099955335 42.302639008 0.005905043 0.999765217 0.020847134 -40.225303650 -0.100097843 -0.020151827 0.994773507 429.922332764
0.994941831 -0.008070437 0.100127675 42.607845306 0.005983530 0.999758959 0.021125302 -40.421783447 -0.100274019 -0.020419329 0.994750321 432.169342041
0.994894087 -0.008809878 0.100539237 42.925121307 0.006778729 0.999766350 0.020526342 -40.618198395 -0.100696579 -0.019740010 0.994721293 434.431610107
0.994889736 -0.007753224 0.100668773 43.247051239 0.005727697 0.999775589 0.020394176 -40.791343689 -0.100804307 -0.019713355 0.994710922 436.696655273
0.994842947 -0.008082984 0.101104699 43.565895081 0.006014808 0.999766707 0.020743934 -40.982418060 -0.101248786 -0.020028833 0.994659424 438.980682373
0.994892776 -0.008103343 0.100611977 43.893737793 0.006002487 0.999757946 0.021165995 -41.171356201 -0.100759156 -0.020453973 0.994700611 441.251220703
0.994871736 -0.007078104 0.100896902 44.218898773 0.004889693 0.999747753 0.021920407 -41.367507935 -0.101026595 -0.021314643 0.994655311 443.506500244
0.994801581 -0.007534353 0.101552747 44.536701202 0.005318448 0.999742150 0.022073368 -41.551811218 -0.101692878 -0.021418519 0.994585335 445.788818359
0.994803607 -0.007570063 0.101529993 44.854072571 0.005400723 0.999751568 0.021624375 -41.741138458 -0.101668470 -0.020963674 0.994597375 448.051422119
0.994820237 -0.007099806 0.101401173 45.176052094 0.004938241 0.999755502 0.021552090 -41.933345795 -0.101529412 -0.020939713 0.994612157 450.313781738
0.994751990 -0.006451945 0.102112032 45.490310669 0.004304297 0.999765158 0.021238655 -42.127094269 -0.102225065 -0.020687675 0.994546175 452.577117920
0.994653106 -0.005836878 0.103106961 45.802749634 0.003655090 0.999765694 0.021336693 -42.307731628 -0.103207342 -0.020845745 0.994441390 454.854400635
0.994601190 -0.006641858 0.103559703 46.112854004 0.004475084 0.999766469 0.021141270 -42.505039215 -0.103675954 -0.020563692 0.994398534 457.125946045
0.994652689 -0.006168224 0.103092149 46.450008392 0.004052651 0.999777138 0.020718060 -42.698501587 -0.103196979 -0.020189477 0.994455993 459.411743164
0.994639397 -0.005336219 0.103266492 46.772716522 0.003148274 0.999767363 0.021338774 -42.889808655 -0.103356332 -0.020899275 0.994424820 461.690917969
0.994653881 -0.004789433 0.103153676 47.095180511 0.002490560 0.999745905 0.022403182 -43.073757172 -0.103234768 -0.022026503 0.994413078 463.963378906
0.994703531 -0.004965172 0.102665626 47.411891937 0.002637075 0.999736488 0.022799801 -43.256523132 -0.102751791 -0.022408305 0.994454563 466.227813721
0.994847894 -0.005036511 0.101253010 47.745380402 0.002863638 0.999762654 0.021593744 -43.439476013 -0.101337738 -0.021192539 0.994626284 468.506378174
0.994912982 -0.004822939 0.100623541 48.073524475 0.002701306 0.999771297 0.021210460 -43.629768372 -0.100702845 -0.020830743 0.994698465 470.794891357
0.995009542 -0.005346125 0.099636361 48.393417358 0.003175766 0.999754429 0.021928694 -43.815563202 -0.099729128 -0.021502834 0.994782269 473.073120117
0.995001853 -0.005549751 0.099702425 48.699607849 0.003354593 0.999748528 0.022171270 -44.004604340 -0.099800415 -0.021725992 0.994770229 475.347534180
0.995134294 -0.005465860 0.098376259 49.018070221 0.003411545 0.999772787 0.021038342 -44.168994904 -0.098468900 -0.020600358 0.994926810 477.630493164
0.995128989 -0.005680628 0.098418750 49.329536438 0.003568414 0.999759793 0.021624254 -44.357254028 -0.098517962 -0.021167722 0.994910121 479.911560059
0.995193005 -0.006136105 0.097740494 49.652454376 0.003986598 0.999746203 0.022172108 -44.543560028 -0.097851738 -0.021675872 0.994964898 482.184387207
0.995208621 -0.006524282 0.097556293 49.958438873 0.004469321 0.999763787 0.021268072 -44.728404999 -0.097672001 -0.020730160 0.995002627 484.469024658
0.995275140 -0.007975654 0.096766591 50.270122528 0.005835832 0.999732614 0.022376115 -44.932594299 -0.096919186 -0.021705678 0.995055497 486.771972656
0.995382667 -0.008387737 0.095618241 50.588512421 0.006272194 0.999729335 0.022404017 -45.114868164 -0.095780253 -0.021700839 0.995165884 489.053466797
0.995309114 -0.008494541 0.096371822 50.851341248 0.006313670 0.999717653 0.022912156 -45.311111450 -0.096539237 -0.022196220 0.995081663 491.314605713
0.995395780 -0.008080614 0.095510103 51.171463013 0.005900402 0.999716043 0.023087464 -45.493759155 -0.095669560 -0.022417616 0.995160699 493.602813721
0.995353937 -0.007673895 0.095977537 51.464439392 0.005514113 0.999725938 0.022748016 -45.676753998 -0.096125819 -0.022113100 0.995123446 495.900878906
0.995397866 -0.007638473 0.095523447 51.783935547 0.005525949 0.999734700 0.022360250 -45.869392395 -0.095668897 -0.021729488 0.995176017 498.210449219
0.995438159 -0.007682934 0.095098339 52.091495514 0.005518038 0.999720037 0.023006877 -46.053180695 -0.095248483 -0.022377169 0.995201945 500.506500244
0.995433509 -0.007144179 0.095189907 52.392745972 0.004941624 0.999714971 0.023354219 -46.242126465 -0.095329627 -0.022777179 0.995185137 502.788543701
0.995469451 -0.006312923 0.094872251 52.701374054 0.004178142 0.999733984 0.022683468 -46.428665161 -0.094990209 -0.022184309 0.995230973 505.081359863
0.995464504 -0.006097353 0.094937995 53.003143311 0.003894546 0.999719262 0.023370607 -46.614185333 -0.095053844 -0.022894874 0.995208800 507.372802734
0.995500147 -0.006430278 0.094541512 53.315582275 0.004333171 0.999740362 0.022370452 -46.798137665 -0.094660804 -0.021860123 0.995269477 509.657897949
0.995552540 -0.007269008 0.093928546 53.632377625 0.005101973 0.999715745 0.023290692 -46.991081238 -0.094071142 -0.022707880 0.995306492 511.954895020
0.995574176 -0.007029790 0.093716063 53.938369751 0.004845403 0.999711752 0.023515772 -47.173015594 -0.093854345 -0.022957603 0.995321214 514.259399414
0.995603979 -0.006416705 0.093442619 54.244606018 0.004269691 0.999722660 0.023158651 -47.355312347 -0.093565300 -0.022657873 0.995355427 516.560791016
0.995568573 -0.005564619 0.093873881 54.536235809 0.003414356 0.999728382 0.023050949 -47.544857025 -0.093976669 -0.022628278 0.995317280 518.852844238
0.995553076 -0.003866579 0.094123878 54.841785431 0.001703648 0.999732792 0.023049150 -47.730148315 -0.094187856 -0.022786295 0.995293617 521.169799805
0.995344937 -0.001676689 0.096360922 55.128395081 -0.000541917 0.999735415 0.022993142 -47.910446167 -0.096373975 -0.022938326 0.995080829 523.489074707
0.995417178 -0.000436717 0.095626473 55.451484680 -0.001892917 0.999703586 0.024269741 -48.093452454 -0.095608719 -0.024339529 0.995121360 525.802978516
0.995349109 -0.000914833 0.096328929 55.754276276 -0.001432590 0.999703765 0.024296854 -48.278633118 -0.096322626 -0.024321852 0.995052934 528.104980469
0.995304644 -0.002814796 0.096750125 56.062492371 0.000342314 0.999673128 0.025562437 -48.457668304 -0.096790455 -0.025409296 0.994980395 530.416992188
0.995248973 -0.004274728 0.097268969 56.381156921 0.001822928 0.999678671 0.025281312 -48.638664246 -0.097345799 -0.024983885 0.994936943 532.734924316
0.995232522 -0.004349077 0.097433761 56.699874878 0.001953100 0.999693692 0.024672715 -48.819572449 -0.097511224 -0.024364794 0.994936049 535.049072266
0.995162845 -0.004738094 0.098124586 57.015327454 0.002344513 0.999697208 0.024494238 -49.002288818 -0.098210923 -0.024145707 0.994872570 537.368957520
0.995081782 -0.004071232 0.098974459 57.327266693 0.001722235 0.999715090 0.023807224 -49.188056946 -0.099043205 -0.023519674 0.994805157 539.689331055
0.994973779 -0.003554204 0.100073844 57.633796692 0.001192845 0.999719679 0.023646133 -49.377342224 -0.100129843 -0.023407906 0.994699001 542.006591797
0.994862378 -0.003001555 0.101191051 57.955963135 0.000743421 0.999749959 0.022345887 -49.558246613 -0.101232812 -0.022155859 0.994616032 544.328369141
0.994728863 -0.003224545 0.102489479 58.252761841 0.000841044 0.999728322 0.023290770 -49.749046326 -0.102536738 -0.023081806 0.994461358 546.645019531
0.994631648 -0.003081002 0.103432491 58.569599152 0.000592206 0.999709785 0.024084123 -49.935943604 -0.103476673 -0.023893572 0.994344771 548.958190918
0.994558096 -0.002762512 0.104147084 58.886928558 0.000303501 0.999720931 0.023619408 -50.112453461 -0.104183286 -0.023459261 0.994281411 551.260192871
0.994592011 -0.004868633 0.103744939 59.224124908 0.002435317 0.999719203 0.023568565 -50.314525604 -0.103830576 -0.023188457 0.994324625 553.581115723
0.994659305 -0.005352420 0.103073888 59.566135406 0.002882187 0.999705434 0.024099693 -50.500316620 -0.103172511 -0.023673905 0.994381726 555.896423340
0.994616747 -0.005078875 0.103496708 59.891723633 0.002556376 0.999696791 0.024490837 -50.682426453 -0.103589699 -0.024094425 0.994328260 558.202697754
0.994591534 -0.004488412 0.103767030 60.224220276 0.001840989 0.999670625 0.025594862 -50.867195129 -0.103847705 -0.025265398 0.994272351 560.539855957
0.994602025 -0.004572970 0.103661731 60.564895630 0.001866798 0.999655306 0.026187794 -51.047588348 -0.103745766 -0.025852920 0.994267821 562.870605469
0.994572282 -0.004159113 0.103964157 60.896873474 0.001367689 0.999637008 0.026906759 -51.225357056 -0.104038343 -0.026618522 0.994216979 565.186096191
0.994523883 -0.003196383 0.104460567 61.231754303 0.000433370 0.999649644 0.026462292 -51.412048340 -0.104508571 -0.026272107 0.994176865 567.509277344
0.994533837 -0.001930502 0.104397006 61.579280853 -0.000673732 0.999689519 0.024904475 -51.585788727 -0.104412690 -0.024838673 0.994223833 569.843627930
0.994517565 -0.001504322 0.104558662 61.922313690 -0.001100357 0.999690592 0.024849027 -51.766468048 -0.104563683 -0.024827851 0.994208217 572.159973145
0.994506598 -0.001875726 0.104656816 62.260028839 -0.000824550 0.999668002 0.025752017 -51.950000763 -0.104670390 -0.025696848 0.994174898 574.536315918
0.994513750 -0.001895350 0.104588740 62.603389740 -0.000984317 0.999621987 0.027474757 -52.141456604 -0.104601279 -0.027426973 0.994135916 576.845092773
0.994414032 -0.001319496 0.105541468 62.929153442 -0.001400844 0.999668777 0.025696797 -52.323936462 -0.105540402 -0.025701106 0.994082808 579.241088867
0.994462192 -0.001984437 0.105076291 63.272655487 -0.000678838 0.999679565 0.025304278 -52.498771667 -0.105092838 -0.025235478 0.994142175 581.578674316
0.994405329 -0.002497694 0.105601266 63.610137939 -0.000372122 0.999631345 0.027147524 -52.692279816 -0.105630137 -0.027034946 0.994037926 583.897094727
0.994474947 -0.002263745 0.104949422 63.952159882 -0.000591847 0.999630690 0.027170090 -52.870346069 -0.104972169 -0.027082091 0.994106293 586.213745117
0.994421184 -0.004843579 0.105370894 64.300544739 0.002117202 0.999660492 0.025970584 -53.056137085 -0.105460897 -0.025602611 0.994093776 588.577148438
0.994479835 -0.005219679 0.104798064 64.649223328 0.002527878 0.999664009 0.025802013 -53.232402802 -0.104897492 -0.025394669 0.994158685 590.924438477
0.994480252 -0.006988364 0.104690254 64.984710693 0.004259051 0.999645770 0.026271274 -53.413604736 -0.104836747 -0.025680380 0.994157791 593.260437012
0.994531035 -0.007675957 0.104159072 65.333992004 0.004951507 0.999639452 0.026390037 -53.593948364 -0.104324073 -0.025729967 0.994210482 595.617614746
