1.000000000 0.000000000 0.000000000 0.000000000 0.000000000 1.000000000 0.000000000 0.000000000 0.000000000 0.000000000 1.000000000 0.000000000
0.999999881 0.000180626 0.000482466 0.085810885 -0.000180566 1.000000000 -0.000124801 -0.226157844 -0.000482488 0.000124714 0.999999881 2.289765120
0.999999046 0.000553669 0.001253564 0.163927630 -0.000554182 0.999999762 0.000408598 -0.463295132 -0.001253337 -0.000409292 0.999999106 4.589124203
0.999998510 0.000174146 0.001708920 0.262834132 -0.000175227 0.999999762 0.000632502 -0.695467830 -0.001708810 -0.000632800 0.999998331 6.878988743
0.999996722 0.000081007 0.002547756 0.355676234 -0.000078237 0.999999404 -0.001087313 -0.927051902 -0.002547843 0.001087110 0.999996185 9.173011780
0.999987841 0.001824430 0.004586180 0.447022289 -0.001825527 0.999998331 0.000234987 -1.162046790 -0.004585744 -0.000243356 0.999989510 11.477290154
0.999968350 0.003504480 0.007131807 0.536815941 -0.003513228 0.999993026 0.001214425 -1.389867663 -0.007127502 -0.001239442 0.999973834 13.783373833
0.999950945 0.003374073 0.009315481 0.646501184 -0.003411806 0.999985993 0.004037635 -1.620798588 -0.009301728 -0.004069219 0.999948502 16.053699493
0.999940693 0.003094193 0.010439483 0.748379827 -0.003142432 0.999984443 0.004607586 -1.844709158 -0.010425065 -0.004640118 0.999934912 18.392742157
0.999925613 0.002147201 0.012001584 0.857518613 -0.002204358 0.999986291 0.004751318 -2.072064400 -0.011991218 -0.004777419 0.999916673 20.681219101
0.999926329 -0.000548387 0.012124409 0.982424736 0.000517367 0.999996603 0.002561488 -2.302350760 -0.012125771 -0.002555026 0.999923170 22.997880936
0.999912441 -0.002820047 0.012924490 1.091188550 0.002810161 0.999995768 0.000782987 -2.526288033 -0.012926644 -0.000746598 0.999916196 25.278774261
0.999911487 -0.003966388 0.012700461 1.229186893 0.003967277 0.999992073 -0.000044774 -2.771863699 -0.012700181 0.000095156 0.999919355 27.590898514
0.999901056 -0.003699175 0.013571453 1.337708831 0.003712003 0.999992669 -0.000920134 -2.999100447 -0.013567949 0.000970420 0.999907434 29.877889633
0.999890625 -0.002542313 0.014568802 1.453724027 0.002525413 0.999996066 0.001178311 -3.227981567 -0.014571738 -0.001141390 0.999893129 32.157161713
0.999893427 -0.000480302 0.014589455 1.584969282 0.000430705 0.999994099 0.003402475 -3.450448275 -0.014591003 -0.003395829 0.999887764 34.437561035
0.999859095 0.002228295 0.016636424 1.690733433 -0.002352821 0.999969304 0.007469346 -3.682826042 -0.016619269 -0.007507435 0.999833703 36.737182617
0.999842465 0.003993141 0.017290808 1.809987783 -0.004117951 0.999965787 0.007188675 -3.903704166 -0.017261511 -0.007258745 0.999824584 39.009239197
0.999816895 0.002924209 0.018910108 1.924507380 -0.003029278 0.999980092 0.005529964 -4.109904766 -0.018893564 -0.005586235 0.999805868 41.310802460
0.999818861 0.000630056 0.019021839 2.050906420 -0.000711903 0.999990463 0.004296382 -4.334204197 -0.019018948 -0.004309145 0.999809861 43.588081360
0.999826431 0.000786303 0.018614063 2.196450233 -0.000859384 0.999991953 0.003918412 -4.565730572 -0.018610835 -0.003933728 0.999819040 45.834671021
0.999820948 0.000229630 0.018920742 2.321758270 -0.000286284 0.999995470 0.002991656 -4.795916080 -0.018919963 -0.002996537 0.999816656 48.112361908
0.999818981 -0.001025550 0.019000078 2.458271265 0.000960626 0.999993682 0.003425863 -5.024809361 -0.019003471 -0.003406991 0.999813616 50.390525818
0.999795735 -0.001811034 0.020130858 2.585273743 0.001730365 0.999990523 0.004023896 -5.249446392 -0.020137953 -0.003988240 0.999789357 52.653282166
0.999787629 -0.003104197 0.020375839 2.721812725 0.003021037 0.999987066 0.004110803 -5.479152679 -0.020388331 -0.004048375 0.999783933 54.934024811
0.999761045 -0.003013510 0.021649983 2.848636627 0.002919316 0.999986112 0.004381063 -5.709163189 -0.021662887 -0.004316813 0.999756157 57.227066040
0.999748647 -0.004585895 0.021946775 2.992303848 0.004475401 0.999977052 0.005081098 -5.934742451 -0.021969574 -0.004981600 0.999746203 59.496528625
0.999706566 -0.006037084 0.023456277 3.121116877 0.005931026 0.999971867 0.004588482 -6.158412933 -0.023483319 -0.004448016 0.999714315 61.761528015
0.999689758 -0.006934518 0.023922514 3.271574974 0.006833260 0.999967277 0.004311918 -6.380480766 -0.023951635 -0.004147110 0.999704540 64.015296936
0.999661922 -0.006432146 0.025192304 3.411657333 0.006311336 0.999968231 0.004872123 -6.601703644 -0.025222838 -0.004711479 0.999670744 66.288337708
0.999644876 -0.005464957 0.026080202 3.561245680 0.005325865 0.999971211 0.005399696 -6.829526424 -0.026108965 -0.005258878 0.999645233 68.556427002
0.999605477 -0.005652293 0.027510028 3.697792053 0.005518237 0.999972522 0.004946475 -7.051462173 -0.027537234 -0.004792717 0.999609292 70.810333252
0.999590933 -0.006464089 0.027861044 3.857483864 0.006366370 0.999973297 0.003594606 -7.273606300 -0.027883535 -0.003415762 0.999605358 73.065223694
0.999581218 -0.007472578 0.027955836 4.019159317 0.007366543 0.999965310 0.003894003 -7.498355865 -0.027983963 -0.003686434 0.999601603 75.349159241
0.999535978 -0.008640243 0.029210972 4.177988052 0.008542811 0.999957561 0.003458612 -7.729371548 -0.029239617 -0.003207464 0.999567330 77.612953186
0.999531925 -0.009497705 0.029081805 4.332766056 0.009411837 0.999950945 0.003088107 -7.955731392 -0.029109707 -0.002812950 0.999572277 79.875831604
0.999506116 -0.009946413 0.029810829 4.481535912 0.009863472 0.999947071 0.002928007 -8.174772263 -0.029838372 -0.002632522 0.999551237 82.130897522
0.999475658 -0.009185633 0.031047944 4.642727852 0.009101888 0.999954462 0.002837494 -8.403511047 -0.031072605 -0.002553411 0.999513865 84.410087585
0.999425590 -0.008917841 0.032692239 4.799308300 0.008817534 0.999955952 0.003211100 -8.620326042 -0.032719430 -0.002920991 0.999460340 86.663871765
0.999427795 -0.008451628 0.032752074 4.969982624 0.008301963 0.999954402 0.004702931 -8.855538368 -0.032790333 -0.004428333 0.999452412 88.949485779
0.999399602 -0.007480530 0.033830706 5.130351067 0.007295679 0.999957800 0.005584146 -9.083581924 -0.033871047 -0.005333974 0.999411941 91.202163696
0.999373615 -0.007231123 0.034641150 5.297230721 0.007041693 0.999959588 0.005587245 -9.304360390 -0.034680150 -0.005339813 0.999384224 93.440704346
0.999362230 -0.007329775 0.034948349 5.473688126 0.007174214 0.999963760 0.004574513 -9.520626068 -0.034980614 -0.004320868 0.999378622 95.685234070
0.999330938 -0.007978448 0.035692826 5.642146111 0.007804440 0.999956906 0.005011804 -9.741978645 -0.035731271 -0.004729887 0.999350250 97.937591553
0.999301910 -0.007595090 0.036579181 5.802047729 0.007431532 0.999961734 0.004605214 -9.972422600 -0.036612757 -0.004330160 0.999320090 100.177352905
0.999250412 -0.007742775 0.037930790 5.958277702 0.007541053 0.999956667 0.005458304 -10.186374664 -0.037971415 -0.005168174 0.999265432 102.408348083
0.999231398 -0.007793283 0.038416963 6.149414062 0.007587357 0.999956071 0.005503193 -10.411594391 -0.038458157 -0.005207480 0.999246657 104.677856445
0.999203086 -0.008642756 0.038967572 6.328164577 0.008410200 0.999945879 0.006127935 -10.626423836 -0.039018419 -0.005795327 0.999221683 106.915489197
0.999184787 -0.010050051 0.039098203 6.515100956 0.009813739 0.999932408 0.006231326 -10.841431618 -0.039158192 -0.005842548 0.999215961 109.169319153
0.999144495 -0.011061759 0.039848860 6.694276810 0.010771173 0.999913871 0.007499538 -11.070586205 -0.039928388 -0.007063903 0.999177575 111.424957275
0.999119043 -0.011988533 0.040215109 6.881486893 0.011754272 0.999912560 0.006056576 -11.289220810 -0.040284202 -0.005578541 0.999172688 113.691413879
0.999070525 -0.012530316 0.041244250 7.059617996 0.012330092 0.999910951 0.005105395 -11.508014679 -0.041304547 -0.004592104 0.999136031 115.946136475
0.999031663 -0.012720443 0.042117532 7.238655567 0.012494218 0.999906063 0.005630154 -11.735099792 -0.042185187 -0.005098477 0.999096811 118.196975708
0.998980045 -0.012876553 0.043278839 7.424264431 0.012604021 0.999899030 0.006564161 -11.958357811 -0.043358989 -0.006011978 0.999041378 120.468109131
0.998957813 -0.013601124 0.043570630 7.622049332 0.013293627 0.999884665 0.007339490 -12.183242798 -0.043665428 -0.006752629 0.999023318 122.680206299
0.998890340 -0.014391504 0.044844449 7.813269615 0.014097906 0.999877036 0.006856440 -12.407635689 -0.044937611 -0.006216618 0.998970449 124.991691589
0.998855531 -0.014768858 0.045489885 7.994024277 0.014501017 0.999875486 0.006212321 -12.631390572 -0.045575976 -0.005545561 0.998945475 127.255592346
0.998837352 -0.016389389 0.045334391 8.183489799 0.016105652 0.999848366 0.006616982 -12.847467422 -0.045435973 -0.005879149 0.998949885 129.517227173
0.998857617 -0.017703602 0.044387557 8.372023582 0.017423194 0.999825776 0.006696276 -13.059151649 -0.044498377 -0.005915254 0.998991966 131.764633179
0.998915672 -0.018045703 0.042918961 8.569862366 0.017730182 0.999812961 0.007720937 -13.273360252 -0.043050274 -0.006951604 0.999048710 134.001983643
0.998962641 -0.018922849 0.041419063 8.754590034 0.018617492 0.999796689 0.007745745 -13.497581482 -0.041557211 -0.006966591 0.999111831 136.251358032
0.999030650 -0.019838240 0.039294410 8.961239815 0.019574838 0.999783456 0.007076734 -13.708111763 -0.039426289 -0.006300693 0.999202609 138.480529785
0.998998463 -0.020424102 0.039810944 9.114550591 0.020145856 0.999769807 0.007377984 -13.929478645 -0.039952476 -0.006568567 0.999180019 140.771697998
0.998990357 -0.020757675 0.039842963 9.285024643 0.020484507 0.999763906 0.007252134 -14.133379936 -0.039984100 -0.006428648 0.999179602 143.005416870
0.999027073 -0.021119602 0.038714141 9.474342346 0.020785755 0.999743402 0.009005695 -14.366244316 -0.038894393 -0.008192231 0.999209762 145.256713867
0.999046504 -0.020251459 0.038676478 9.651498795 0.019964851 0.999770403 0.007782293 -14.576891899 -0.038825188 -0.007002703 0.999221504 147.511154175
0.999072909 -0.019080736 0.038589526 9.833091736 0.018848717 0.999802172 0.006367442 -14.792062759 -0.038703386 -0.005634177 0.999234796 149.757644653
0.999082327 -0.017762965 0.038972020 10.009488106 0.017564608 0.999831021 0.005426284 -15.010086060 -0.039061822 -0.004736777 0.999225557 152.005737305
0.999089837 -0.016964866 0.039137315 10.194199562 0.016763972 0.999844551 0.005455493 -15.224256516 -0.039223794 -0.004794430 0.999218941 154.246261597
0.999071836 -0.016320091 0.039865099 10.379459381 0.016100962 0.999853432 0.005811758 -15.439743996 -0.039954111 -0.005164496 0.999188185 156.505386353
0.999074757 -0.014955578 0.040322047 10.545743942 0.014675459 0.999866068 0.007234125 -15.659708023 -0.040424831 -0.006635688 0.999160469 158.737548828
0.999018729 -0.014268318 0.041927382 10.726366043 0.013944717 0.999870777 0.008000481 -15.873508453 -0.042036116 -0.007407967 0.999088645 160.977172852
0.999006748 -0.013013951 0.042615868 10.901648521 0.012590230 0.999868751 0.010196195 -16.097986221 -0.042742956 -0.009649525 0.999039471 163.261672974
0.998982370 -0.012692174 0.043279313 11.089084625 0.012310655 0.999883056 0.009070391 -16.297328949 -0.043389361 -0.008528366 0.999021828 165.526336670
0.998952627 -0.012101375 0.044127293 11.285224915 0.011776236 0.999901593 0.007620767 -16.507396698 -0.044215173 -0.007093133 0.998996854 167.778869629
0.998890758 -0.010123287 0.045986645 11.469091415 0.009764934 0.999920189 0.008010534 -16.720174789 -0.046064068 -0.007552592 0.998909891 170.014068604
0.998751342 -0.010079482 0.048929937 11.659919739 0.009708535 0.999922335 0.007812983 -16.941799164 -0.049004890 -0.007328189 0.998771787 172.322525024
0.998637736 -0.010400496 0.051132746 11.863935471 0.010030084 0.999921560 0.007495434 -17.154130936 -0.051206701 -0.006972357 0.998663723 174.594299316
0.998553038 -0.010355982 0.052768394 12.071969986 0.009943398 0.999917984 0.008075337 -17.371129990 -0.052847691 -0.007538955 0.998574138 176.855682373
0.998514771 -0.010849814 0.053390644 12.278182030 0.010400570 0.999908209 0.008684930 -17.578994751 -0.053479973 -0.008116739 0.998535991 179.078491211
0.998497903 -0.012494734 0.053345807 12.495864868 0.012061987 0.999891758 0.008426390 -17.801553726 -0.053445317 -0.007770274 0.998540521 181.363281250
0.998454392 -0.013278462 0.053967439 12.693634033 0.012855708 0.999883950 0.008173121 -18.012083054 -0.054069702 -0.007466699 0.998509228 183.608001709
0.998519540 -0.014660521 0.052381203 12.921683311 0.014263781 0.999866724 0.007939950 -18.232429504 -0.052490633 -0.007181042 0.998595536 185.864501953
0.998522997 -0.016385837 0.051803194 13.133197784 0.015959123 0.999835312 0.008640151 -18.444936752 -0.051936235 -0.007800654 0.998619854 188.117706299
0.998534381 -0.017197514 0.051315740 13.344235420 0.016801860 0.999825776 0.008131632 -18.654573441 -0.051446639 -0.007257513 0.998649299 190.359909058
0.998509586 -0.018502712 0.051342767 13.541975975 0.018105671 0.999802530 0.008187518 -18.875619888 -0.051484119 -0.007245720 0.998647511 192.594589233
0.998468697 -0.019646846 0.051712986 13.730787277 0.019264434 0.999783337 0.007883055 -19.084182739 -0.051856659 -0.006874763 0.998630881 194.832778931
0.998504281 -0.019720744 0.050991677 13.964342117 0.019340338 0.999781370 0.007942901 -19.310371399 -0.051137172 -0.006944826 0.998667419 197.092147827
0.998522341 -0.017617034 0.051410764 14.167021751 0.017252175 0.999822795 0.007532172 -19.517045975 -0.051534358 -0.006634094 0.998649120 199.334884644
0.998541713 -0.015523968 0.051705226 14.370220184 0.015162735 0.999857783 0.007371352 -19.736873627 -0.051812306 -0.006576610 0.998635113 201.562789917
0.998521388 -0.015140465 0.052208297 14.581240654 0.014828905 0.999869883 0.006349893 -19.948423386 -0.052297637 -0.005566312 0.998615980 203.821395874
0.998480499 -0.015412780 0.052905824 14.779770851 0.015052271 0.999860704 0.007205872 -20.161050797 -0.053009525 -0.006398569 0.998573601 206.045593262
0.998474300 -0.016557116 0.052677535 15.012586594 0.016203167 0.999843240 0.007139278 -20.380678177 -0.052787475 -0.006274842 0.998586059 208.307388306
0.998412848 -0.016013771 0.053993344 15.215933800 0.015663140 0.999853373 0.006910981 -20.582283020 -0.054096103 -0.006054308 0.998517394 210.553497314
0.998350620 -0.016373843 0.055026613 15.434026718 0.015929274 0.999836922 0.008508106 -20.808992386 -0.055156942 -0.007617538 0.998448610 212.790176392
0.998283803 -0.014968525 0.056616928 15.665954590 0.014493863 0.999856353 0.008785106 -21.022283554 -0.056740303 -0.007949431 0.998357296 215.024169922
0.998131216 -0.012407843 0.059832901 15.896277428 0.011920172 0.999892771 0.008500622 -21.232408524 -0.059931953 -0.007771518 0.998172224 217.334609985
0.998007774 -0.012449310 0.061850745 16.124357224 0.011921138 0.999889255 0.008901161 -21.444540024 -0.061954707 -0.008146098 0.998045743 219.579360962
0.997889340 -0.013848317 0.063443400 16.361448288 0.013276764 0.999867499 0.009421590 -21.653759003 -0.063565478 -0.008559383 0.997940958 221.815628052
0.997784257 -0.015564408 0.064686671 16.594970703 0.014935394 0.999836445 0.010196296 -21.861063004 -0.064834803 -0.009207582 0.997853518 224.053222656
0.997717917 -0.017642435 0.065174036 16.848094940 0.017053995 0.999808729 0.009574093 -22.077306747 -0.065330483 -0.008440766 0.997828007 226.292770386
0.997686565 -0.018794842 0.065331094 17.088304520 0.018238954 0.999792278 0.009094775 -22.283012390 -0.065488458 -0.007882164 0.997822165 228.547210693
0.997644484 -0.019252092 0.065839753 17.329166412 0.018669840 0.999781072 0.009447385 -22.495336533 -0.066007197 -0.008195914 0.997785628 230.790084839
0.997586012 -0.020412657 0.066374332 17.567510605 0.019886037 0.999765456 0.008585210 -22.707145691 -0.066534020 -0.007244563 0.997757852 233.032287598
0.997583389 -0.020826373 0.066284962 17.834621429 0.020232104 0.999749005 0.009624203 -22.922962189 -0.066468760 -0.008259863 0.997754335 235.324325562
0.997548878 -0.020548625 0.066887803 18.076196671 0.019945055 0.999754250 0.009678997 -23.130056381 -0.067070238 -0.008321190 0.997713566 237.569107056
0.997508526 -0.020539409 0.067490175 18.312238693 0.019937957 0.999755383 0.009573307 -23.334457397 -0.067670293 -0.008203839 0.997673988 239.791244507
0.997473955 -0.020643473 0.067966029 18.555330276 0.020021131 0.999751270 0.009825224 -23.543043137 -0.068151928 -0.008439647 0.997639239 242.022705078
0.997435153 -0.021258073 0.068346411 18.798028946 0.020626828 0.999737859 0.009928548 -23.747592926 -0.068539545 -0.008493314 0.997612238 244.257659912
0.997388780 -0.021428876 0.068967156 19.040355682 0.020845933 0.999740720 0.009161182 -23.961208344 -0.069145590 -0.007699575 0.997576892 246.488128662
0.997412384 -0.020885929 0.068791889 19.298788071 0.020353917 0.999757290 0.008425565 -24.174764633 -0.068951175 -0.007003579 0.997595429 248.731964111
0.997396827 -0.021113478 0.068948120 19.551725388 0.020544285 0.999748826 0.008954133 -24.389301300 -0.069119871 -0.007514334 0.997580051 250.972213745
0.997379899 -0.022539223 0.068740673 19.809736252 0.021980373 0.999719024 0.008875463 -24.601959229 -0.068921387 -0.007341263 0.997595072 253.209152222
0.997376859 -0.022440502 0.068817690 20.068143845 0.021838855 0.999716461 0.009482615 -24.812780380 -0.069010988 -0.007954841 0.997584105 255.467605591
0.997340679 -0.022853795 0.069204658 20.300321579 0.022237051 0.999706030 0.009669282 -25.022272110 -0.069405288 -0.008104661 0.997555614 257.685516357
0.997323632 -0.023055393 0.069382884 20.566658020 0.022418581 0.999699235 0.009943111 -25.232902527 -0.069591239 -0.008361032 0.997540534 259.948425293
0.997296095 -0.022809261 0.069860585 20.818557739 0.022208428 0.999709487 0.009365236 -25.440217972 -0.070053905 -0.007788420 0.997512758 262.192474365
0.997266054 -0.022738244 0.070309520 21.072731018 0.022169372 0.999714971 0.008860880 -25.648290634 -0.070490964 -0.007277937 0.997485816 264.450500488
0.997246921 -0.021897677 0.070843831 21.330875397 0.021356089 0.999736726 0.008393359 -25.862642288 -0.071008958 -0.006857305 0.997452199 266.693328857
0.997180939 -0.021222686 0.071970068 21.582855225 0.020667827 0.999750793 0.008445591 -26.070339203 -0.072131366 -0.006934318 0.997371018 268.938201904
0.997060239 -0.020775374 0.073751479 21.827924728 0.020219710 0.999761343 0.008272968 -26.296689987 -0.073905736 -0.006757414 0.997242332 271.190155029
0.996957242 -0.021552593 0.074911840 22.093303680 0.020953923 0.999741971 0.008768526 -26.513105392 -0.075081505 -0.007172147 0.997151554 273.437286377
0.996785343 -0.022026613 0.077031508 22.342433929 0.021368051 0.999727845 0.009363148 -26.721239090 -0.077216789 -0.007687035 0.996984661 275.677307129
0.996673644 -0.022082642 0.078448728 22.612373352 0.021320522 0.999717176 0.010539292 -26.923244476 -0.078659251 -0.008831666 0.996862471 277.919342041
0.996643126 -0.021140777 0.079091802 22.900983810 0.020259468 0.999723613 0.011928882 -27.143695831 -0.079322129 -0.010286482 0.996795952 280.179870605
0.996556520 -0.020886511 0.080242410 23.177757263 0.019894203 0.999715686 0.013146074 -27.354808807 -0.080494165 -0.011504447 0.996688783 282.415496826
0.996485293 -0.019928798 0.081362449 23.447872162 0.018949784 0.999738574 0.012787285 -27.548854828 -0.081596024 -0.011200540 0.996602535 284.654388428
0.996382356 -0.018876679 0.082860447 23.707603455 0.017931078 0.999765456 0.012141369 -27.747631073 -0.083070196 -0.010611667 0.996487200 286.878021240
0.996330678 -0.017748013 0.083725974 23.984098434 0.016882503 0.999796510 0.011034100 -27.945383072 -0.083904788 -0.009580108 0.996427715 289.139068604
0.996256173 -0.018497672 0.084448777 24.253229141 0.017609965 0.999781728 0.011244650 -28.155250549 -0.084638350 -0.009715413 0.996364355 291.366149902
0.996184468 -0.018258091 0.085339718 24.514116287 0.017460234 0.999796629 0.010086337 -28.355390549 -0.085506514 -0.008557803 0.996300876 293.649536133
0.996213555 -0.018823672 0.084877588 24.798076630 0.018112710 0.999794185 0.009138649 -28.559232712 -0.085032158 -0.007566682 0.996349454 295.877838135
0.996208370 -0.018895349 0.084922701 25.077028275 0.018193081 0.999793649 0.009035880 -28.768457413 -0.085075915 -0.007456613 0.996346593 298.113159180
0.996204376 -0.018322432 0.085095182 25.355091095 0.017627602 0.999805033 0.008909614 -28.971685410 -0.085241824 -0.007375773 0.996333063 300.347320557
0.996150970 -0.018210534 0.085741267 25.616327286 0.017410835 0.999797761 0.010065515 -29.186906815 -0.085907206 -0.008533944 0.996266603 302.597198486
0.996149778 -0.018523535 0.085688710 25.900815964 0.017701773 0.999789834 0.010340033 -29.396982193 -0.085862234 -0.008783380 0.996268272 304.846801758
0.996123791 -0.017939284 0.086114049 26.188041687 0.017090458 0.999798059 0.010584204 -29.605739594 -0.086286530 -0.009071449 0.996229053 307.101898193
0.996126533 -0.018912958 0.085873470 26.474077225 0.018057462 0.999779522 0.010728197 -29.821622849 -0.086057432 -0.009135986 0.996248305 309.360870361
0.996085823 -0.019874195 0.086127840 26.757453918 0.018975254 0.999756753 0.011243533 -30.031364441 -0.086330347 -0.009565229 0.996220648 311.629028320
0.996055126 -0.019680154 0.086526632 27.041715622 0.018832557 0.999766409 0.010601326 -30.240112305 -0.086715057 -0.008929987 0.996193111 313.876831055
0.996076465 -0.019203454 0.086387940 27.334033966 0.018296886 0.999769032 0.011273804 -30.449815750 -0.086584471 -0.009648941 0.996197760 316.133361816
0.996034622 -0.017228967 0.087282315 27.615325928 0.016377447 0.999811053 0.010462672 -30.660219193 -0.087446108 -0.008991723 0.996128678 318.376525879
0.996018708 -0.015654305 0.087759271 27.894453049 0.014745521 0.999830842 0.010994145 -30.866703033 -0.087916523 -0.009656320 0.996080995 320.631042480
0.995954275 -0.014352416 0.088707700 28.171722412 0.013440675 0.999850631 0.010866879 -31.079216003 -0.088850416 -0.009630623 0.995998442 322.862579346
0.995914042 -0.013836626 0.089239977 28.451171875 0.012877241 0.999852955 0.011317424 -31.281887054 -0.089383453 -0.010122017 0.995945871 325.101989746
0.995907784 -0.013275273 0.089395113 28.743787766 0.012184427 0.999844611 0.012737240 -31.496633530 -0.089550316 -0.011595888 0.995914817 327.327758789
0.995877266 -0.013794112 0.089656219 29.027116776 0.012713094 0.999839604 0.012617282 -31.707225800 -0.089815877 -0.011425453 0.995892823 329.576385498
0.995873988 -0.015443046 0.089424334 29.323364258 0.014432625 0.999824762 0.011934794 -31.912405014 -0.089592971 -0.010594923 0.995922089 331.811248779
0.995868564 -0.015218237 0.089522123 29.608524323 0.014208877 0.999828219 0.011901496 -32.119693756 -0.089687847 -0.010580317 0.995913744 334.028991699
0.995857656 -0.015802329 0.089542329 29.896944046 0.014705993 0.999808788 0.012890351 -32.320625305 -0.089728884 -0.011520146 0.995899618 336.268066406
0.995900869 -0.016523907 0.088929124 30.199047089 0.015436624 0.999797761 0.012900307 -32.521106720 -0.089124277 -0.011474662 0.995954394 338.503479004
0.995907485 -0.016386282 0.088881686 30.481967926 0.015268465 0.999795854 0.013241839 -32.728431702 -0.089080520 -0.011830558 0.995954156 340.747100830
0.995965660 -0.016770443 0.088154368 30.781887054 0.015693674 0.999793708 0.012893504 -32.931697845 -0.088352412 -0.011458021 0.996023357 342.995849609
0.995976925 -0.017435065 0.087897398 31.066864014 0.016322980 0.999777555 0.013355065 -33.129467010 -0.088110700 -0.011866593 0.996039927 345.241668701
0.996030033 -0.017277546 0.087325044 31.358034134 0.016184462 0.999781728 0.013210020 -33.325820923 -0.087534219 -0.011744265 0.996092260 347.484802246
0.996087909 -0.017698709 0.086577617 31.645359039 0.016626552 0.999776065 0.013089277 -33.525863647 -0.086789913 -0.011598585 0.996159077 349.722503662
0.996100664 -0.017475354 0.086475685 31.927030563 0.016360175 0.999773860 0.013587859 -33.731529236 -0.086693585 -0.012120118 0.996161282 351.963806152
0.996136308 -0.017673362 0.086023942 32.207893372 0.016536066 0.999766409 0.013915406 -33.928726196 -0.086249776 -0.012439143 0.996196032 354.191436768
0.996154070 -0.017427303 0.085868098 32.485454559 0.016332358 0.999776304 0.013437564 -34.130260468 -0.086083099 -0.011983455 0.996215820 356.426696777
0.996204257 -0.017878680 0.085190624 32.772239685 0.016751083 0.999762595 0.013932690 -34.331096649 -0.085419483 -0.012452768 0.996267259 358.661163330
0.996255159 -0.017520690 0.084666505 33.059707642 0.016327653 0.999757707 0.014762994 -34.532688141 -0.084904656 -0.013325308 0.996299982 360.900634766
0.996314347 -0.017872931 0.083894111 33.347919464 0.016696544 0.999752522 0.014703070 -34.734241486 -0.084136136 -0.013248138 0.996366203 363.156158447
0.996356666 -0.017576408 0.083452500 33.632274628 0.016367467 0.999751270 0.015148698 -34.932361603 -0.083698019 -0.013727601 0.996396542 365.397766113
0.996393383 -0.017537460 0.083023317 33.912761688 0.016398648 0.999762118 0.014378889 -35.132133484 -0.083255760 -0.012965557 0.996443868 367.661590576
0.996416092 -0.018064806 0.082635544 34.191875458 0.016953019 0.999756277 0.014136061 -35.331859589 -0.082870789 -0.012684477 0.996479511 369.914916992
0.996412098 -0.018111477 0.082673818 34.464225769 0.017065277 0.999765277 0.013343715 -35.529941559 -0.082896098 -0.011884985 0.996487319 372.177947998
0.996466577 -0.018028680 0.082032800 34.741588593 0.016993899 0.999767184 0.013295085 -35.731937408 -0.082253389 -0.011854049 0.996540964 374.404144287
0.996550083 -0.017936625 0.081031807 35.027565002 0.016848831 0.999758720 0.014088224 -35.932289124 -0.081264950 -0.012674331 0.996611953 376.649139404
0.996482313 -0.017426904 0.081972718 35.289848328 0.016282747 0.999760747 0.014605718 -36.133674622 -0.082207650 -0.013219594 0.996527672 378.902770996
0.996467948 -0.018158808 0.081986606 35.564731598 0.016996799 0.999745250 0.014848980 -36.336608887 -0.082235366 -0.013403021 0.996522725 381.146392822
0.996495783 -0.018088236 0.081664972 35.847724915 0.016944150 0.999748647 0.014680945 -36.527347565 -0.081910022 -0.013245757 0.996551633 383.404235840
0.996510267 -0.017298589 0.081657954 36.126010895 0.016135599 0.999759078 0.014880737 -36.729133606 -0.081895709 -0.013511208 0.996549249 385.652038574
0.996507645 -0.016063087 0.081943482 36.394184113 0.014883747 0.999776959 0.014982729 -36.921951294 -0.082165882 -0.013710776 0.996524334 387.907867432
0.996527731 -0.014988348 0.081901640 36.674804688 0.013800687 0.999791622 0.015048003 -37.130264282 -0.082110107 -0.013865455 0.996526837 390.175842285
0.996516943 -0.013700884 0.082257010 36.946937561 0.012508496 0.999809325 0.014993788 -37.330997467 -0.082446739 -0.013912653 0.996498346 392.452758789
0.996544898 -0.012463881 0.082115598 37.225341797 0.011159456 0.999804437 0.016325090 -37.528671265 -0.082303002 -0.015352317 0.996489108 394.712432861
0.996492624 -0.011361941 0.082905948 37.491199493 0.010013735 0.999811053 0.016659608 -37.727233887 -0.083079584 -0.015770983 0.996418118 396.973083496
0.996430337 -0.011033846 0.083694600 37.762649536 0.009788885 0.999835491 0.015270865 -37.933757782 -0.083849326 -0.014397077 0.996374428 399.237884521
0.996384442 -0.010183494 0.084346704 38.041576385 0.009008367 0.999857187 0.014301003 -38.128196716 -0.084480293 -0.013489473 0.996333778 401.511291504
0.996304572 -0.011919177 0.085059509 38.308002472 0.010634876 0.999822736 0.015536047 -38.327003479 -0.085229598 -0.014574039 0.996254683 403.772857666
0.996245265 -0.013407058 0.085531585 38.588848114 0.012025487 0.999789059 0.016647587 -38.526519775 -0.085736759 -0.015556523 0.996196330 406.026763916
0.996180832 -0.014273881 0.086138815 38.859027863 0.012888839 0.999778867 0.016614003 -38.721759796 -0.086356923 -0.015440322 0.996144593 408.277313232
0.996133626 -0.014027960 0.086723357 39.146625519 0.012765414 0.999804556 0.015095805 -38.913574219 -0.086918190 -0.013930378 0.996118009 410.540710449
0.996116519 -0.012678835 0.087126344 39.451290131 0.011313905 0.999805689 0.016142078 -39.128433228 -0.087314077 -0.015093650 0.996066391 412.812255859
0.996043444 -0.011338560 0.088141643 39.729213715 0.009979349 0.999824643 0.015846184 -39.325614929 -0.088305876 -0.014903890 0.995981872 415.056701660
0.995962739 -0.010089768 0.089198716 40.018043518 0.008708560 0.999836385 0.015860260 -39.520866394 -0.089344144 -0.015019433 0.995887578 417.328765869
0.995907426 -0.010158195 0.089806385 40.312828064 0.008801182 0.999841332 0.015493561 -39.718608856 -0.089949511 -0.014639750 0.995838702 419.582397461
0.995806396 -0.010163953 0.090918981 40.597484589 0.008783329 0.999840140 0.015572459 -39.915313721 -0.091062739 -0.014708586 0.995736539 421.836669922
0.995704770 -0.010326354 0.092007592 40.880432129 0.008954867 0.999842882 0.015306626 -40.115234375 -0.092151180 -0.014416964 0.995640635 424.096069336
0.995642245 -0.010655701 0.092644110 41.177970886 0.009165002 0.999821842 0.016501226 -40.314212799 -0.092803434 -0.015580233 0.995562553 426.371856689
0.995608211 -0.009816809 0.093100727 41.473102570 0.008264370 0.999820650 0.017045731 -40.508819580 -0.093251370 -0.016201451 0.995510876 428.626068115
0.995536923 -0.009074464 0.093935423 41.774875641 0.007428112 0.999812901 0.017861288 -40.703914642 -0.094079934 -0.017083809 0.995418072 430.905639648
0.995519519 -0.009276384 0.094100311 42.070362091 0.007628722 0.999811471 0.017854296 -40.902534485 -0.094248183 -0.017056437 0.995402634 433.170043945
0.995477200 -0.010093093 0.094462492 42.375522614 0.008498249 0.999814868 0.017270435 -41.105701447 -0.094619311 -0.016389558 0.995378613 435.435302734
0.995478332 -0.009168462 0.094544470 42.684692383 0.007569537 0.999822557 0.017256660 -41.287040710 -0.094685875 -0.016462978 0.995371044 437.701721191
0.995428324 -0.009638113 0.095023781 42.989330292 0.007993734 0.999811888 0.017670427 -41.485916138 -0.095176220 -0.016830049 0.995318174 439.985443115
0.995470583 -0.009723929 0.094571330 43.301975250 0.008074007 0.999808729 0.017813364 -41.679145813 -0.094726466 -0.016969111 0.995358706 442.260040283
0.995456815 -0.008809913 0.094805062 43.614208221 0.007072525 0.999801219 0.018646326 -41.882270813 -0.094950475 -0.017891103 0.995321214 444.531677246
0.995424032 -0.009432503 0.095089585 43.922397614 0.007686696 0.999795437 0.018709209 -42.073760986 -0.095246613 -0.017892670 0.995292842 446.808776855
0.995415390 -0.009131493 0.095208563 44.225231171 0.007433947 0.999807239 0.018169256 -42.267673492 -0.095356129 -0.017378187 0.995291471 449.073028564
0.995432138 -0.008550499 0.095088020 44.532119751 0.006873775 0.999815285 0.017946970 -42.465335846 -0.095223933 -0.017211379 0.995307088 451.335021973
0.995385647 -0.007977604 0.095622681 44.834011078 0.006323768 0.999825299 0.017586004 -42.665534973 -0.095746271 -0.016900159 0.995262265 453.596496582
0.995296419 -0.007322115 0.096599542 45.131946564 0.005640637 0.999828100 0.017668294 -42.854804993 -0.096712299 -0.017040310 0.995166421 455.876647949
0.995257914 -0.007558234 0.096976288 45.431293488 0.005882719 0.999828756 0.017551869 -43.059509277 -0.097092323 -0.016898155 0.995131910 458.140869141
0.995305955 -0.006716498 0.096545175 45.753753662 0.005123658 0.999846756 0.016736841 -43.252944946 -0.096642785 -0.016163617 0.995187819 460.425384521
0.995289087 -0.005815437 0.096777208 46.061424255 0.004152555 0.999840319 0.017375138 -43.453338623 -0.096862808 -0.016891409 0.995154381 462.706268311
0.995291829 -0.005070150 0.096790612 46.370018005 0.003291819 0.999823093 0.018523825 -43.646808624 -0.096867405 -0.018117998 0.995132387 464.984405518
0.995344937 -0.005255362 0.096233197 46.673789978 0.003435567 0.999812305 0.019066211 -43.839992523 -0.096315324 -0.018646844 0.995176196 467.250854492
0.995484293 -0.005318788 0.094777532 46.994926453 0.003648519 0.999835253 0.017787639 -44.031822205 -0.094856486 -0.017361518 0.995339692 469.532165527
0.995553970 -0.005454903 0.094034910 47.307884216 0.003813889 0.999837458 0.017622011 -44.232837677 -0.094115734 -0.017185019 0.995412946 471.821533203
0.995634198 -0.005753394 0.093163691 47.611263275 0.004044730 0.999820352 0.018518889 -44.430778503 -0.093253508 -0.018061223 0.995478511 474.101959229
0.995610058 -0.006001729 0.093405671 47.900726318 0.004265724 0.999814630 0.018774213 -44.626403809 -0.093501046 -0.018293353 0.995451093 476.378601074
0.995700359 -0.006393068 0.092411660 48.200710297 0.004750336 0.999826908 0.017985292 -44.807022095 -0.092510641 -0.017468972 0.995558381 478.670562744
0.995719910 -0.006590392 0.092188448 48.501316071 0.004884395 0.999812841 0.018718932 -45.003040314 -0.092294574 -0.018188529 0.995565534 480.953613281
0.995748580 -0.007339107 0.091819391 48.803153992 0.005578638 0.999795914 0.019415161 -45.199481964 -0.091943137 -0.018820394 0.995586395 483.223083496
0.995765388 -0.007755723 0.091602854 49.097694397 0.006054842 0.999804318 0.018831316 -45.391590118 -0.091731012 -0.018196937 0.995617568 485.499481201
0.995843053 -0.008137228 0.090722203 49.401092529 0.006403115 0.999791503 0.019389229 -45.592712402 -0.090861067 -0.018727724 0.995687485 487.785705566
0.995849907 -0.007977466 0.090659879 49.675579071 0.006272621 0.999798417 0.019074239 -45.774589539 -0.090793766 -0.018426407 0.995699167 490.065063477
0.995884418 -0.007596454 0.090313479 49.974170685 0.005851341 0.999791265 0.019571926 -45.963172913 -0.090443335 -0.018962925 0.995720983 492.369842529
0.995949090 -0.007171627 0.089632250 50.275524139 0.005409044 0.999787509 0.019892059 -46.153625488 -0.089755856 -0.019326655 0.995776236 494.656677246
0.995944381 -0.007003534 0.089697517 50.559047699 0.005263803 0.999793708 0.019617410 -46.347045898 -0.089816391 -0.019065704 0.995775819 496.960815430
0.995976806 -0.006811654 0.089351647 50.865741730 0.005107278 0.999800920 0.019289708 -46.549427032 -0.089465238 -0.018755758 0.995813310 499.269226074
0.996016979 -0.006607275 0.088918343 51.157386780 0.004842401 0.999787271 0.020049354 -46.741127014 -0.089031912 -0.019538920 0.995837092 501.564636230
0.996015787 -0.005976125 0.088976316 51.442962646 0.004184275 0.999784887 0.020311423 -46.936973572 -0.089078590 -0.019858196 0.995826542 503.845031738
0.996023118 -0.005023852 0.088953674 51.731666565 0.003288907 0.999801815 0.019639738 -47.130287170 -0.089034699 -0.019269073 0.995842099 506.136260986
0.996015012 -0.004795666 0.089056440 52.016845703 0.002986851 0.999786735 0.020433053 -47.324481964 -0.089135423 -0.020085629 0.995816946 508.429534912
0.996024907 -0.005069104 0.088932022 52.306163788 0.003350447 0.999804914 0.019464185 -47.516445160 -0.089013331 -0.019088849 0.995847523 510.722137451
0.996056437 -0.005761004 0.088534676 52.606380463 0.003976081 0.999785542 0.020323861 -47.714900970 -0.088632785 -0.019891694 0.995865643 513.015197754
0.996076822 -0.005658086 0.088311158 52.899906158 0.003873706 0.999785125 0.020363918 -47.903995514 -0.088407397 -0.019941939 0.995884776 515.324340820
0.996097445 -0.004866804 0.088125877 53.192344666 0.003095783 0.999790728 0.020222018 -48.097557068 -0.088205844 -0.019870283 0.995904088 517.632568359
0.996058226 -0.003894815 0.088616572 53.473686218 0.002154215 0.999803007 0.019729080 -48.288551331 -0.088675961 -0.019460417 0.995870411 519.936523438
0.996045053 -0.002083014 0.088825412 53.764041901 0.000291215 0.999796331 0.020180337 -48.486091614 -0.088849343 -0.020074656 0.995842755 522.271118164
0.995868385 0.000241382 0.090808280 54.039096832 -0.002111618 0.999787688 0.020499913 -48.678287506 -0.090784058 -0.020606970 0.995657325 524.597900391
0.995926440 0.001665834 0.090153895 54.353599548 -0.003604567 0.999765635 0.021346159 -48.862129211 -0.090097226 -0.021584166 0.995699048 526.926452637
0.995845199 0.001429722 0.091050386 54.637996674 -0.003383149 0.999767303 0.021303628 -49.051818848 -0.090998746 -0.021523152 0.995618343 529.229614258
0.995794237 -0.000483566 0.091616653 54.929492950 -0.001604288 0.999740720 0.022714006 -49.239528656 -0.091603883 -0.022765454 0.995535254 531.543090820
0.995750248 -0.002090747 0.092072390 55.237163544 0.000038568 0.999751687 0.022284906 -49.424701691 -0.092096128 -0.022186646 0.995502889 533.862365723
0.995726824 -0.001963076 0.092326805 55.539909363 -0.000036734 0.999765515 0.021653431 -49.611007690 -0.092347682 -0.021564294 0.995493293 536.180175781
0.995648503 -0.002308271 0.093159579 55.842063904 0.000320008 0.999771893 0.021351846 -49.800884247 -0.093187623 -0.021229124 0.995422244 538.496582031
0.995576024 -0.001721371 0.093943462 56.140731812 -0.000226357 0.999785244 0.020718386 -49.994232178 -0.093958974 -0.020647991 0.995361924 540.809082031
0.995486498 -0.000912060 0.094898790 56.444766998 -0.001018681 0.999793470 0.020294830 -50.186462402 -0.094897702 -0.020299898 0.995280147 543.139160156
0.995431185 -0.000462243 0.095480263 56.758560181 -0.001387257 0.999812722 0.019303208 -50.378204346 -0.095471293 -0.019347472 0.995244086 545.462097168
0.995330870 -0.000402990 0.096521921 57.056976318 -0.001516112 0.999802649 0.019808380 -50.575965881 -0.096510880 -0.019862233 0.995133758 547.789123535
0.995293081 -0.000644863 0.096908011 57.368495941 -0.001348865 0.999788761 0.020506488 -50.770778656 -0.096900769 -0.020540683 0.995082021 550.108581543
0.995198071 -0.000330954 0.097881585 57.667205811 -0.001662161 0.999792933 0.020280268 -50.957248688 -0.097868033 -0.020345578 0.994991362 552.413269043
0.995232880 -0.002852086 0.097485043 57.993358612 0.000895320 0.999797344 0.020110322 -51.164756775 -0.097522646 -0.019927174 0.995033801 554.723876953
0.995280504 -0.002925799 0.096995845 58.319232941 0.000949509 0.999791145 0.020414894 -51.354583740 -0.097035326 -0.020226449 0.995075345 557.032775879
0.995233119 -0.002615361 0.097488843 58.627704620 0.000595989 0.999784768 0.020737249 -51.546531677 -0.097522080 -0.020580297 0.995020568 559.339843750
0.995198965 -0.001822549 0.097855523 58.944702148 -0.000319623 0.999760687 0.021871028 -51.739730835 -0.097871989 -0.021797299 0.994960248 561.676452637
0.995221496 -0.002617575 0.097608268 59.271759033 0.000437069 0.999749959 0.022354044 -51.930305481 -0.097642384 -0.022204561 0.994973838 564.005126953
0.995176017 -0.002008073 0.098085217 59.589076996 -0.000269514 0.999730706 0.023201734 -52.120040894 -0.098105401 -0.023116237 0.994907498 566.327636719
0.995127261 -0.000811442 0.098594561 59.911468506 -0.001422979 0.999743760 0.022590291 -52.311531067 -0.098587617 -0.022620510 0.994871259 568.650207520
0.995137632 0.000271565 0.098493606 60.245273590 -0.002347152 0.999777615 0.020958064 -52.495372772 -0.098466009 -0.021087341 0.994917095 570.984252930
0.995108306 0.000799095 0.098786019 60.572963715 -0.002904868 0.999771595 0.021174517 -52.687339783 -0.098746538 -0.021357900 0.994883418 573.302246094
0.995119333 0.000465918 0.098678000 60.899047852 -0.002676403 0.999748409 0.022269808 -52.887386322 -0.098642804 -0.022425216 0.994870126 575.685485840
0.995122969 0.000415399 0.098640636 61.228008270 -0.002780247 0.999711931 0.023838148 -53.085376740 -0.098602310 -0.023996133 0.994837582 577.999084473
0.995017946 0.000987885 0.099690922 61.539745331 -0.003202474 0.999751508 0.022056965 -53.275688171 -0.099644370 -0.022266336 0.994773924 580.381164551
0.995078802 0.000276333 0.099086002 61.871055603 -0.002461316 0.999756455 0.021929810 -53.462482452 -0.099055812 -0.022065768 0.994837105 582.722900391
0.995067775 -0.000533476 0.099195100 62.197734833 -0.001794667 0.999725044 0.023379633 -53.661228180 -0.099180304 -0.023442343 0.994793296 585.029724121
0.995136738 -0.000314613 0.098502219 62.524585724 -0.002000248 0.999724090 0.023400968 -53.847076416 -0.098482400 -0.023484189 0.994861722 587.346984863
0.995079875 -0.002840426 0.099035479 62.854675293 0.000643917 0.999753237 0.022203928 -54.041915894 -0.099074118 -0.022030910 0.994836152 589.691284180
0.995099902 -0.002920094 0.098830752 63.184921265 0.000761649 0.999760509 0.021870503 -54.224502563 -0.098870926 -0.021688061 0.994863987 592.039001465
0.995133340 -0.004714250 0.098424882 63.509300232 0.002510733 0.999743700 0.022499671 -54.417694092 -0.098505706 -0.022143057 0.994890094 594.374816895
0.995155394 -0.005501549 0.098160163 63.840965271 0.003276295 0.999734282 0.022816431 -54.609050751 -0.098259605 -0.022384297 0.994909048 596.733093262
