1.000000000 0.000000000 0.000000000 0.000000000 0.000000000 1.000000000 0.000000000 0.000000000 0.000000000 0.000000000 1.000000000 0.000000000
0.999999940 -0.000077971 0.000299681 0.088642225 0.000078037 1.000000000 -0.000221566 -0.226150602 -0.000299664 0.000221589 0.999999940 2.286407948
0.999999523 0.000181077 0.001057074 0.167960823 -0.000181364 0.999999881 0.000270975 -0.463968605 -0.001057025 -0.000271167 0.999999404 4.582232475
0.999998808 -0.000019172 0.001556279 0.265873879 0.000018338 0.999999881 0.000536160 -0.695303500 -0.001556289 -0.000536131 0.999998629 6.867331028
0.999997139 0.000074281 0.002375785 0.361765563 -0.000071436 0.999999225 -0.001197536 -0.926778316 -0.002375873 0.001197363 0.999996483 9.164693832
0.999988616 0.001793446 0.004429268 0.453528404 -0.001793876 0.999998391 0.000093005 -1.162271738 -0.004429094 -0.000100949 0.999990225 11.471408844
0.999969661 0.003602162 0.006899237 0.548350871 -0.003610331 0.999992728 0.001171932 -1.391248584 -0.006894966 -0.001196805 0.999975502 13.758559227
0.999947846 0.003434376 0.009623963 0.649736881 -0.003471853 0.999986470 0.003880093 -1.621736288 -0.009610506 -0.003913303 0.999946117 16.037111282
0.999939799 0.004002613 0.010210905 0.749893725 -0.004054049 0.999979138 0.005021702 -1.843741894 -0.010190594 -0.005062796 0.999935210 18.325838089
0.999916077 0.003237876 0.012540867 0.848580122 -0.003303778 0.999980807 0.005237784 -2.069157839 -0.012523666 -0.005278777 0.999907613 20.622888565
0.999922693 0.001175045 0.012378206 0.976108551 -0.001203873 0.999996603 0.002321739 -2.283424377 -0.012375434 -0.002336461 0.999920666 22.916610718
0.999910176 -0.000999156 0.013359949 1.081921816 0.000993367 0.999999404 0.000439973 -2.505716324 -0.013360383 -0.000426663 0.999910593 25.196493149
0.999914289 -0.002049105 0.012933509 1.215554357 0.002052901 0.999997795 -0.000280219 -2.754853249 -0.012932907 0.000306746 0.999916315 27.476951599
0.999895513 -0.001651519 0.014363008 1.315430164 0.001667332 0.999997973 -0.001088989 -2.982097626 -0.014361179 0.001112823 0.999896288 29.763071060
0.999889731 0.000334000 0.014844476 1.445188761 -0.000353166 0.999999106 0.001288467 -3.214078903 -0.014844032 -0.001293567 0.999888957 32.047439575
0.999889672 0.002273309 0.014678175 1.579764128 -0.002326474 0.999990761 0.003605965 -3.437182665 -0.014669840 -0.003639716 0.999885738 34.328716278
0.999850452 0.004195077 0.016775873 1.687698603 -0.004328902 0.999959052 0.007948851 -3.672815084 -0.016741840 -0.008020284 0.999827683 36.633701324
0.999823153 0.006018015 0.017810928 1.800707102 -0.006156442 0.999951303 0.007727457 -3.892611504 -0.017763555 -0.007835742 0.999811530 38.903762817
0.999801695 0.005201044 0.019221378 1.918889046 -0.005310550 0.999969900 0.005650463 -4.091114998 -0.019191410 -0.005751418 0.999799430 41.181686401
0.999809206 0.002679264 0.019348731 2.046706200 -0.002768434 0.999985754 0.004583278 -4.317085743 -0.019336177 -0.004635969 0.999802351 43.455089569
0.999816000 0.002894151 0.018968055 2.185069799 -0.002970347 0.999987602 0.003990141 -4.552205086 -0.018956270 -0.004045748 0.999812126 45.739250183
0.999813735 0.002094803 0.019184893 2.312181234 -0.002151969 0.999993265 0.002959591 -4.780607700 -0.019178569 -0.003000325 0.999811590 48.015384674
0.999813855 0.000794002 0.019279111 2.448547363 -0.000859441 0.999993861 0.003386257 -5.010548115 -0.019276300 -0.003402196 0.999808431 50.299598694
0.999799192 -0.000313466 0.020037839 2.581319809 0.000238988 0.999993026 0.003719119 -5.236299992 -0.020038866 -0.003713583 0.999792278 52.567527771
0.999793112 -0.001435798 0.020286819 2.718495607 0.001364385 0.999992788 0.003533600 -5.464533329 -0.020291744 -0.003505190 0.999787986 54.852603912
0.999767125 -0.001889162 0.021497596 2.848360777 0.001797267 0.999989092 0.004293205 -5.697209358 -0.021505477 -0.004253568 0.999759674 57.145790100
0.999757886 -0.003317276 0.021750679 2.990952969 0.003211776 0.999982834 0.004883555 -5.920806885 -0.021766506 -0.004812514 0.999751508 59.413730621
0.999714613 -0.004685536 0.023426266 3.116675854 0.004584856 0.999980032 0.004349614 -6.145771503 -0.023446178 -0.004240967 0.999716103 61.682849884
0.999694526 -0.005278898 0.024142729 3.264663696 0.005178781 0.999977767 0.004207505 -6.370300770 -0.024164397 -0.004081191 0.999699652 63.937553406
0.999660969 -0.004698607 0.025610400 3.403416634 0.004576058 0.999977767 0.004841656 -6.592722416 -0.025632579 -0.004722821 0.999660194 66.206245422
0.999634147 -0.003934850 0.026755909 3.548661947 0.003799229 0.999979615 0.005117753 -6.817429066 -0.026775500 -0.005014228 0.999628842 68.460983276
0.999594271 -0.004157604 0.028178927 3.685960770 0.004018045 0.999979317 0.005007428 -7.043084145 -0.028199168 -0.004892171 0.999590278 70.706687927
0.999586821 -0.005033024 0.028296929 3.851074696 0.004933225 0.999981344 0.003595541 -7.265003204 -0.028314501 -0.003454460 0.999593079 72.950706482
0.999563992 -0.005983735 0.028913382 4.002219200 0.005874391 0.999975264 0.003865246 -7.488319874 -0.028935801 -0.003693712 0.999574363 75.221946716
0.999523938 -0.007075080 0.030029491 4.167385101 0.006979089 0.999970198 0.003300119 -7.719083786 -0.030051941 -0.003088969 0.999543548 77.489082336
0.999511838 -0.007870566 0.030234946 4.323536873 0.007783288 0.999965191 0.003003279 -7.942728519 -0.030257532 -0.002766486 0.999538243 79.733062744
0.999488771 -0.008364591 0.030858343 4.475410461 0.008286052 0.999962091 0.002672127 -8.161070824 -0.030879527 -0.002415067 0.999520183 81.988700867
0.999472141 -0.007742156 0.031550702 4.649901390 0.007663514 0.999967217 0.002612735 -8.391818047 -0.031569898 -0.002369567 0.999498725 84.257751465
0.999433398 -0.007464050 0.032819796 4.810846329 0.007375378 0.999968767 0.002822026 -8.606720924 -0.032839838 -0.002578369 0.999457300 86.513000488
0.999424398 -0.007521383 0.033084698 4.975419998 0.007381596 0.999963343 0.004345305 -8.843425751 -0.033116169 -0.004098585 0.999443054 88.784973145
0.999397099 -0.006441533 0.034116533 5.133386612 0.006277548 0.999968231 0.004911555 -9.069749832 -0.034147099 -0.004694426 0.999405742 91.039955139
0.999368727 -0.006529611 0.034921568 5.301493645 0.006365384 0.999968112 0.004811847 -9.292114258 -0.034951873 -0.004586520 0.999378383 93.294494629
0.999349117 -0.006839301 0.035419825 5.470205784 0.006687933 0.999967992 0.004390271 -9.511893272 -0.035448730 -0.004150528 0.999362886 95.549179077
0.999319851 -0.007461850 0.036111731 5.637208939 0.007298901 0.999962568 0.004642072 -9.731217384 -0.036145024 -0.004375339 0.999336958 97.789756775
0.999278188 -0.007063590 0.037326194 5.796724796 0.006909759 0.999967098 0.004248673 -9.963722229 -0.037354976 -0.003987690 0.999294102 100.028846741
0.999198854 -0.007072823 0.039392851 5.947911263 0.006869746 0.999962389 0.005288166 -10.179491997 -0.039428771 -0.005013309 0.999209821 102.251190186
0.999220729 -0.007787559 0.038693435 6.155056000 0.007601518 0.999958813 0.004952887 -10.398740768 -0.038730416 -0.004654898 0.999238789 104.517906189
0.999182940 -0.008706545 0.039467189 6.329708099 0.008491102 0.999948144 0.005623071 -10.614260674 -0.039514098 -0.005283357 0.999205053 106.749221802
0.999150753 -0.010215275 0.039918412 6.511646271 0.009991740 0.999933302 0.005795316 -10.831065178 -0.039974947 -0.005391540 0.999186158 108.998542786
0.999107838 -0.011223889 0.040712178 6.689707756 0.010957091 0.999917030 0.006770466 -11.054985046 -0.040784787 -0.006318339 0.999147952 111.246582031
0.999085665 -0.011952645 0.041047409 6.879516602 0.011742594 0.999916732 0.005354620 -11.275372505 -0.041107982 -0.004867721 0.999142826 113.506607056
0.999040186 -0.012643583 0.041941576 7.059989452 0.012472400 0.999912798 0.004340708 -11.492473602 -0.041992798 -0.003813428 0.999110639 115.740943909
0.999007106 -0.012911191 0.042642254 7.239694595 0.012719752 0.999907792 0.004757719 -11.717399597 -0.042699762 -0.004210596 0.999079049 117.975967407
0.998942435 -0.013192193 0.044044811 7.426284790 0.012956589 0.999900222 0.005630393 -11.937742233 -0.044114690 -0.005053768 0.999013603 120.231269836
0.998923540 -0.013980006 0.044228245 7.631312370 0.013708568 0.999885261 0.006434557 -12.164240837 -0.044313125 -0.005821325 0.999000669 122.433891296
0.998859465 -0.014825379 0.045386676 7.827462196 0.014585852 0.999877930 0.005604114 -12.385625839 -0.045464218 -0.004935718 0.998953760 124.741287231
0.998818934 -0.015393745 0.046084877 8.010591507 0.015185752 0.999872804 0.004859979 -12.611074448 -0.046153832 -0.004154405 0.998925686 127.003082275
0.998806834 -0.017151857 0.045724243 8.206335068 0.016933428 0.999843299 0.005160159 -12.829270363 -0.045805592 -0.004379735 0.998940766 129.270401001
0.998838067 -0.018193042 0.044626504 8.398958206 0.017969139 0.999823809 0.005413375 -13.045504570 -0.044717122 -0.004605186 0.998989046 131.511367798
0.998898208 -0.018434968 0.043155394 8.596812248 0.018163495 0.999812722 0.006674296 -13.265181541 -0.043270346 -0.005883089 0.999046028 133.745407104
0.998947799 -0.019429585 0.041544985 8.782474518 0.019188153 0.999796629 0.006202219 -13.484255791 -0.041657045 -0.005398521 0.999117374 135.993835449
0.999025941 -0.020200193 0.039231412 8.993572235 0.019983070 0.999782741 0.005918757 -13.700740814 -0.039342452 -0.005129027 0.999212563 138.217636108
0.999015450 -0.021072552 0.039038897 9.159878731 0.020874524 0.999767065 0.005473212 -13.916331291 -0.039145149 -0.004652904 0.999222696 140.505264282
0.999003530 -0.021394283 0.039169792 9.329824448 0.021181870 0.999758661 0.005829819 -14.129879951 -0.039285075 -0.004994320 0.999215543 142.735443115
0.999036074 -0.021065816 0.038510699 9.514987946 0.020808840 0.999758542 0.007061424 -14.354107857 -0.038650151 -0.006253255 0.999233246 144.981613159
0.999044836 -0.020196734 0.038748980 9.689701080 0.019982018 0.999782801 0.005920564 -14.570665359 -0.038860142 -0.005140625 0.999231458 147.229675293
0.999070644 -0.018962774 0.038706899 9.868122101 0.018806199 0.999813437 0.004405395 -14.787954330 -0.038783219 -0.003673371 0.999240816 149.464279175
0.999080420 -0.017824309 0.038993701 10.046377182 0.017703595 0.999837339 0.003438905 -15.011379242 -0.039048657 -0.002745414 0.999233484 151.705459595
0.999086678 -0.017077735 0.039168477 10.233529091 0.016946763 0.999849737 0.003673432 -15.234511375 -0.039225325 -0.003006298 0.999225855 153.939025879
0.999086976 -0.016388012 0.039453574 10.418527603 0.016239231 0.999859691 0.004088646 -15.453983307 -0.039515048 -0.003444217 0.999213040 156.183776855
0.999087572 -0.014865764 0.040037200 10.597139359 0.014671019 0.999879062 0.005153621 -15.666370392 -0.040108979 -0.004561531 0.999184906 158.408096313
0.999040425 -0.014150939 0.041448351 10.776562691 0.013910472 0.999884725 0.006084286 -15.886140823 -0.041529678 -0.005501882 0.999122202 160.642242432
0.999018371 -0.012479737 0.042504027 10.947663307 0.012128769 0.999890208 0.008505225 -16.118789673 -0.042605519 -0.007981354 0.999060035 162.909484863
0.998990178 -0.012009782 0.043294143 11.132514000 0.011687904 0.999902070 0.007680207 -16.323202133 -0.043382142 -0.007166433 0.999032855 165.157089233
0.998959064 -0.011259759 0.044203490 11.327161789 0.010973611 0.999917269 0.006710726 -16.541353226 -0.044275396 -0.006218669 0.998999953 167.388900757
0.998884380 -0.009332189 0.046291031 11.509823799 0.009025653 0.999935985 0.006826579 -16.755222321 -0.046351776 -0.006401157 0.998904645 169.627746582
0.998769820 -0.008504762 0.048852127 11.700235367 0.008164094 0.999940991 0.007168781 -16.972566605 -0.048910212 -0.006761129 0.998780310 171.860198975
0.998647213 -0.008694636 0.051265363 11.901071548 0.008359789 0.999942243 0.006742482 -17.184759140 -0.051321022 -0.006304791 0.998662412 174.113479614
0.998566091 -0.008629149 0.052832790 12.105579376 0.008263254 0.999940395 0.007140054 -17.403585434 -0.052891254 -0.006693245 0.998577833 176.361846924
0.998519421 -0.009370944 0.053585522 12.313138008 0.008945172 0.999926448 0.008179982 -17.622314453 -0.053658251 -0.007688540 0.998529673 178.593612671
0.998457551 -0.010478510 0.054521170 12.508240700 0.010045119 0.999915779 0.008217013 -17.835174561 -0.054602683 -0.007656668 0.998478711 180.828414917
0.998510182 -0.011106764 0.053423185 12.719980240 0.010715016 0.999913633 0.007613766 -18.051116943 -0.053503126 -0.007029993 0.998542964 183.096252441
0.998520732 -0.012142413 0.052999415 12.931464195 0.011743445 0.999900460 0.007832707 -18.270521164 -0.053089242 -0.007198724 0.998563826 185.334411621
0.998522937 -0.014061026 0.052480616 13.145324707 0.013622406 0.999869227 0.008706179 -18.485084534 -0.052596178 -0.007978407 0.998583972 187.571929932
0.998530746 -0.015128103 0.052033130 13.345893860 0.014737901 0.999860346 0.007874682 -18.692832947 -0.052144986 -0.007096252 0.998614311 189.788055420
0.998503804 -0.016307548 0.052192897 13.553741455 0.015914179 0.999841750 0.007943609 -18.914148331 -0.052314177 -0.007101115 0.998605430 192.025878906
0.998478174 -0.017022690 0.052455772 13.733680725 0.016658256 0.999834001 0.007376885 -19.130018234 -0.052572645 -0.006491838 0.998596013 194.269378662
0.998508155 -0.016564425 0.052028582 13.949647903 0.016180327 0.999838710 0.007795089 -19.345447540 -0.052149314 -0.006941619 0.998615265 196.504257202
0.998514116 -0.015219943 0.052326955 14.161005974 0.014812188 0.999856830 0.008171534 -19.562211990 -0.052443840 -0.007384313 0.998596549 198.745559692
0.998562813 -0.012405157 0.052138973 14.367197037 0.012029110 0.999899387 0.007520035 -19.782720566 -0.052227017 -0.006882042 0.998611510 200.970916748
0.998523414 -0.011710756 0.053045690 14.573390007 0.011372502 0.999912977 0.006674052 -19.997474670 -0.053119231 -0.006060935 0.998569727 203.222854614
0.998488963 -0.012290725 0.053559177 14.777191162 0.011899492 0.999900162 0.007617464 -20.213428497 -0.053647455 -0.006968626 0.998535573 205.446136475
0.998475254 -0.013677533 0.053479929 14.987340927 0.013246047 0.999876857 0.008414328 -20.431247711 -0.053588431 -0.007693101 0.998533428 207.664718628
0.998410881 -0.014271128 0.054515678 15.182615280 0.013855016 0.999871969 0.008003249 -20.631992340 -0.054622911 -0.007235214 0.998480976 209.867309570
0.998310149 -0.013774008 0.056454111 15.392547607 0.013284801 0.999870956 0.009031738 -20.848651886 -0.056571223 -0.008266493 0.998364329 212.103607178
0.998240948 -0.012646404 0.057922311 15.622316360 0.012116531 0.999881446 0.009490062 -21.062940598 -0.058035463 -0.008771552 0.998275936 214.329589844
0.998053014 -0.011642061 0.061273705 15.816928864 0.011105795 0.999897003 0.009085252 -21.264633179 -0.061373174 -0.008387070 0.998079658 216.565399170
0.997928500 -0.011645329 0.063269407 16.046508789 0.011074391 0.999894738 0.009367170 -21.474966049 -0.063371822 -0.008647095 0.997952521 218.797927856
0.997793972 -0.012996465 0.065104134 16.277053833 0.012379306 0.999874532 0.009874068 -21.680860519 -0.065224312 -0.009046338 0.997829556 221.025970459
0.997705579 -0.014396580 0.066154055 16.512825012 0.013722733 0.999849319 0.010629219 -21.886386871 -0.066297099 -0.009697014 0.997752786 223.247451782
0.997638524 -0.016743505 0.066611446 16.758077621 0.016109915 0.999819815 0.010037502 -22.101026535 -0.066767514 -0.008940696 0.997728527 225.463882446
0.997607172 -0.018022465 0.066746555 17.001867294 0.017400071 0.999799669 0.009894388 -22.309593201 -0.066911519 -0.008709319 0.997720897 227.724334717
0.997555375 -0.018079003 0.067502901 17.234178543 0.017439358 0.999797404 0.010053158 -22.516679764 -0.067670994 -0.008851372 0.997668386 229.961776733
0.997502267 -0.019339921 0.067934789 17.481342316 0.018748868 0.999780715 0.009327186 -22.730926514 -0.068100296 -0.008030189 0.997646153 232.207611084
0.997466147 -0.020160828 0.068224639 17.726392746 0.019499401 0.999756336 0.010346956 -22.934635162 -0.068416618 -0.008990400 0.997616351 234.444122314
0.997434735 -0.019396842 0.068903968 17.987623215 0.018701686 0.999767661 0.010719614 -23.149650574 -0.069095895 -0.009403494 0.997565627 236.695800781
0.997396588 -0.018743496 0.069633067 18.223964691 0.018062670 0.999782741 0.010394149 -23.349788666 -0.069812760 -0.009109327 0.997518659 238.913742065
0.997356713 -0.019027814 0.070124932 18.466999054 0.018317880 0.999774337 0.010753122 -23.559091568 -0.070313700 -0.009440159 0.997480273 241.130783081
0.997316241 -0.019316653 0.070618838 18.712669373 0.018578598 0.999765873 0.011093250 -23.766427994 -0.070816576 -0.009751480 0.997441709 243.364669800
0.997298360 -0.019427551 0.070841789 18.961488724 0.018730786 0.999769568 0.010486661 -23.979389191 -0.071029179 -0.009131406 0.997432411 245.586746216
0.997288942 -0.019247094 0.071023703 19.213392258 0.018596362 0.999778926 0.009812121 -24.191989899 -0.071196869 -0.008464737 0.997426391 247.822875977
0.997266114 -0.019579083 0.071252868 19.467632294 0.018900955 0.999769568 0.010179083 -24.399295807 -0.071435735 -0.008804508 0.997406304 250.055114746
0.997239053 -0.020905074 0.071254410 19.724794388 0.020220198 0.999742210 0.010319608 -24.611268997 -0.071451798 -0.008850338 0.997404814 252.283523560
0.997231603 -0.021089479 0.071304254 19.988721848 0.020354411 0.999732077 0.011019901 -24.821945190 -0.071517542 -0.009538039 0.997393727 254.545288086
0.997214198 -0.021700937 0.071365997 20.233306885 0.020938013 0.999715447 0.011421166 -25.030120850 -0.071593545 -0.009895086 0.997384846 256.764739990
0.997185051 -0.022474941 0.071531996 20.498304367 0.021674287 0.999693632 0.011949653 -25.247873306 -0.071778655 -0.010365608 0.997366726 259.041168213
0.997147918 -0.022180980 0.072138593 20.752597809 0.021407006 0.999704897 0.011484575 -25.451433182 -0.072372042 -0.009907549 0.997328520 261.284118652
0.997123659 -0.022219339 0.072461516 21.012643814 0.021480458 0.999709189 0.010960344 -25.655628204 -0.072683983 -0.009372311 0.997310936 263.538909912
0.997096658 -0.021391533 0.073079988 21.273132324 0.020683739 0.999731660 0.010428336 -25.864246368 -0.073283471 -0.008886492 0.997271538 265.781341553
0.997033179 -0.020727301 0.074129693 21.531370163 0.019996928 0.999744058 0.010581417 -26.068740845 -0.074330039 -0.009067658 0.997192442 268.021820068
0.996904969 -0.020381095 0.075928241 21.779916763 0.019652860 0.999753535 0.010326037 -26.290607452 -0.076119982 -0.008801868 0.997059822 270.283111572
0.996775627 -0.021182863 0.077394001 22.046215057 0.020392045 0.999731600 0.010994202 -26.503433228 -0.077606119 -0.009380529 0.996940017 272.527801514
0.996625185 -0.021416534 0.079244100 22.300981522 0.020556763 0.999720812 0.011649650 -26.708036423 -0.079471469 -0.009981331 0.996787190 274.766998291
0.996516347 -0.021164272 0.080668285 22.577344894 0.020248145 0.999720991 0.012157965 -26.897377014 -0.080903083 -0.010482226 0.996666908 277.006561279
0.996432304 -0.020783087 0.081796765 22.850757599 0.019667014 0.999702454 0.014426691 -27.122114182 -0.082072258 -0.012766521 0.996544600 279.248901367
0.996318579 -0.020690922 0.083193026 23.131387711 0.019442374 0.999686301 0.015790161 -27.329927444 -0.083493628 -0.014114561 0.996408343 281.485321045
0.996286631 -0.019433463 0.083876088 23.413681030 0.018204167 0.999715686 0.015396158 -27.520505905 -0.084151447 -0.013812093 0.996357203 283.745330811
0.996184468 -0.018487936 0.085291207 23.683906555 0.017270232 0.999738455 0.014992933 -27.715713501 -0.085546099 -0.013462732 0.996243238 285.975738525
0.996174335 -0.017596485 0.085597873 23.968275070 0.016520422 0.999775469 0.013263347 -27.903911591 -0.085812025 -0.011798494 0.996241510 288.223449707
0.996131480 -0.018468970 0.085912779 24.245437622 0.017357463 0.999755919 0.013666702 -28.110286713 -0.086144209 -0.012122604 0.996208966 290.448486328
0.996010184 -0.018286105 0.087346040 24.498666763 0.017226888 0.999768794 0.012865206 -28.310638428 -0.087561093 -0.011309177 0.996095061 292.721984863
0.996029437 -0.018776022 0.087022007 24.785659790 0.017796369 0.999769390 0.012019764 -28.509323120 -0.087227620 -0.010423364 0.996133804 294.950012207
0.996011972 -0.018739415 0.087229535 25.067335129 0.017771127 0.999771714 0.011863862 -28.711984634 -0.087431945 -0.010266379 0.996117592 297.182220459
0.996006727 -0.018017624 0.087440021 25.350025177 0.017035771 0.999783337 0.011962222 -28.910543442 -0.087636620 -0.010424848 0.996097922 299.420013428
0.995942533 -0.017945997 0.088184200 25.617601395 0.016871870 0.999774396 0.012910842 -29.118961334 -0.088395998 -0.011370625 0.996020496 301.658630371
0.995941877 -0.018231696 0.088132225 25.907194138 0.017133683 0.999766052 0.013199253 -29.321971893 -0.088352256 -0.011635659 0.996021271 303.901000977
0.995902479 -0.017668156 0.088692270 26.195411682 0.016542306 0.999773204 0.013412946 -29.523689270 -0.088909142 -0.011890810 0.995968759 306.149871826
0.995905638 -0.018636195 0.088456787 26.486295700 0.017496372 0.999753833 0.013643631 -29.734218597 -0.088689283 -0.012040096 0.995986581 308.398406982
0.995856643 -0.019787209 0.088758439 26.774715424 0.018614300 0.999728501 0.014023025 -29.932678223 -0.089011833 -0.012312748 0.995954394 310.651123047
0.995811999 -0.019387247 0.089345552 27.061363220 0.018257342 0.999742925 0.013446471 -30.136396408 -0.089583278 -0.011758945 0.995909870 312.887634277
0.995831013 -0.019024437 0.089210525 27.358186722 0.017818185 0.999738991 0.014298404 -30.342119217 -0.089459248 -0.012649225 0.995910168 315.135162354
0.995774806 -0.016770123 0.090283737 27.643476486 0.015623273 0.999788225 0.013394574 -30.544082642 -0.090489231 -0.011927451 0.995826125 317.374023438
0.995756209 -0.014946373 0.090808496 27.929887772 0.013742660 0.999809384 0.013866371 -30.744010925 -0.090998426 -0.012559578 0.995771825 319.619812012
0.995697498 -0.013515457 0.091672599 28.213125229 0.012344446 0.999834955 0.013328891 -30.944463730 -0.091837622 -0.012139892 0.995700121 321.844512939
0.995653272 -0.013193193 0.092197523 28.501022339 0.011951271 0.999830425 0.014009406 -31.143022537 -0.092366710 -0.012846634 0.995642185 324.072387695
0.995657742 -0.012897819 0.092193291 28.800079346 0.011537801 0.999816835 0.015269641 -31.350393295 -0.092373341 -0.014139626 0.995624065 326.292449951
0.995605409 -0.013494799 0.092670195 29.081558228 0.012138569 0.999811172 0.015183129 -31.552654266 -0.092857555 -0.013991525 0.995581031 328.527618408
0.995601058 -0.014965207 0.092490911 29.383882523 0.013695123 0.999803245 0.014351503 -31.748470306 -0.092687495 -0.013021699 0.995610118 330.756805420
0.995570362 -0.014495241 0.092894584 29.671257019 0.013218239 0.999809623 0.014347387 -31.950372696 -0.093084864 -0.013055933 0.995572567 332.976989746
0.995530128 -0.014923723 0.093257912 29.962778091 0.013550392 0.999790490 0.015342130 -32.145271301 -0.093467318 -0.014009872 0.995523751 335.211517334
0.995560646 -0.015467397 0.092842527 30.270790100 0.014095877 0.999781907 0.015410202 -32.341125488 -0.093060628 -0.014033094 0.995561481 337.442291260
0.995546103 -0.015041673 0.093068175 30.557388306 0.013650689 0.999785662 0.015564482 -32.540016174 -0.093282327 -0.014224715 0.995538056 339.675567627
0.995552421 -0.015052078 0.092998318 30.859989166 0.013696337 0.999790668 0.015199240 -32.738960266 -0.093207642 -0.013857909 0.995550275 341.912811279
0.995565176 -0.015118976 0.092852585 31.155168533 0.013708282 0.999781013 0.015811969 -32.938365936 -0.093071334 -0.014468997 0.995554328 344.157226562
0.995613813 -0.014815327 0.092377849 31.452301025 0.013407521 0.999784589 0.015841702 -33.132789612 -0.092592642 -0.014533662 0.995597959 346.397827148
0.995624006 -0.014538057 0.092311181 31.741485596 0.013133200 0.999788940 0.015807983 -33.328754425 -0.092521496 -0.014526469 0.995604694 348.633972168
0.995588541 -0.013941262 0.092785276 32.028896332 0.012475043 0.999788284 0.016363598 -33.529109955 -0.092993781 -0.015133909 0.995551646 350.872894287
0.995623946 -0.014182743 0.092366859 32.321655273 0.012696803 0.999780655 0.016655223 -33.723136902 -0.092582814 -0.015409579 0.995585740 353.095581055
0.995636880 -0.014025422 0.092252210 32.612903595 0.012593738 0.999791324 0.016083142 -33.918460846 -0.092458524 -0.014851169 0.995605767 355.335266113
0.995661199 -0.014231933 0.091957614 32.907775879 0.012778808 0.999784410 0.016371675 -34.111145020 -0.092170790 -0.015125536 0.995628238 357.567535400
0.995741963 -0.013558583 0.091181248 33.208717346 0.012019083 0.999776185 0.017411916 -34.311092377 -0.091396928 -0.016241856 0.995682061 359.809906006
0.995788515 -0.013654160 0.090657361 33.506523132 0.012099257 0.999770463 0.017678952 -34.510375977 -0.090877928 -0.016507613 0.995725214 362.048095703
0.995819449 -0.013437775 0.090349823 33.802650452 0.011840842 0.999764442 0.018187830 -34.703964233 -0.090572953 -0.017041976 0.995743990 364.285034180
0.995879352 -0.013415774 0.089689456 34.100479126 0.011893866 0.999776423 0.017481634 -34.895637512 -0.089903928 -0.016342845 0.995816350 366.540527344
0.995901048 -0.013993074 0.089360543 34.390422821 0.012483603 0.999770164 0.017428547 -35.092277527 -0.089583874 -0.016241563 0.995846808 368.784484863
0.995877326 -0.013691335 0.089671493 34.671993256 0.012241216 0.999785542 0.016701508 -35.282043457 -0.089880928 -0.015534962 0.995831370 371.048553467
0.995939314 -0.014113239 0.088914007 34.968471527 0.012656992 0.999776721 0.016920747 -35.483669281 -0.089132957 -0.015726654 0.995895565 373.286590576
0.995975792 -0.013785379 0.088556096 35.262348175 0.012267146 0.999768615 0.017665757 -35.673309326 -0.088779144 -0.016508335 0.995914519 375.539459229
0.995941281 -0.014039501 0.088905059 35.542911530 0.012514476 0.999765158 0.017687680 -35.861656189 -0.089132503 -0.016503287 0.995883048 377.793029785
0.995942473 -0.014661967 0.088789813 35.831138611 0.013110099 0.999751389 0.018036045 -36.059104919 -0.089032158 -0.016798818 0.995887101 380.025634766
0.995965958 -0.014944216 0.088478975 36.128349304 0.013398704 0.999747515 0.018035827 -36.246223450 -0.088726170 -0.016777568 0.995914757 382.278717041
0.995946527 -0.014119087 0.088832244 36.415519714 0.012526081 0.999751031 0.018464746 -36.443531036 -0.089070842 -0.017277181 0.995875537 384.524597168
0.995958388 -0.013500745 0.088795528 36.708267212 0.011908028 0.999759018 0.018442269 -36.629913330 -0.089023136 -0.017310355 0.995879054 386.784881592
0.995969713 -0.012155372 0.088864058 37.005138397 0.010564758 0.999775767 0.018347938 -36.830329895 -0.089067169 -0.017335158 0.995874763 389.052734375
0.995948374 -0.010944065 0.089258701 37.288135529 0.009349641 0.999789536 0.018261531 -37.022342682 -0.089439772 -0.017353008 0.995840967 391.324615479
0.995980322 -0.009698646 0.089045957 37.582611084 0.007974235 0.999774098 0.019700769 -37.214084625 -0.089216925 -0.018911503 0.995832801 393.585144043
0.995903790 -0.008052167 0.090059973 37.862285614 0.006263248 0.999777794 0.020128658 -37.407630920 -0.090202026 -0.019482139 0.995732903 395.846221924
0.995813787 -0.007708523 0.091079339 38.146060944 0.006039041 0.999808908 0.018591389 -37.603073120 -0.091205254 -0.017963529 0.995670080 398.111358643
0.995767474 -0.007537564 0.091598630 38.434494019 0.005912720 0.999820530 0.017997174 -37.796150208 -0.091717847 -0.017379403 0.995633364 400.373901367
0.995622516 -0.008784414 0.093051426 38.711719513 0.007023027 0.999790192 0.019239755 -37.988128662 -0.093200922 -0.018502032 0.995475352 402.610473633
0.995636821 -0.009670487 0.092810757 39.020866394 0.007826698 0.999765158 0.020209583 -38.180442810 -0.092984401 -0.019395001 0.995478570 404.891326904
0.995641351 -0.009972975 0.092729807 39.326183319 0.008153160 0.999767125 0.019983094 -38.367725372 -0.092907496 -0.019139951 0.995490789 407.145111084
0.995537758 -0.008287983 0.093999304 39.622940063 0.006514720 0.999795377 0.019155869 -38.555534363 -0.094138801 -0.018458012 0.995387912 409.398437500
0.995480239 -0.007346296 0.094684221 39.924304962 0.005535934 0.999797106 0.019368511 -38.750152588 -0.094807297 -0.018756807 0.995318890 411.650634766
0.995404243 -0.005967040 0.095577285 40.216354370 0.004175802 0.999812067 0.018930314 -38.939731598 -0.095672302 -0.018444205 0.995242000 413.893920898
0.995303810 -0.004715085 0.096686795 40.520931244 0.002895964 0.999816298 0.018946275 -39.128871918 -0.096758366 -0.018577296 0.995134532 416.164703369
0.995249212 -0.004858880 0.097239025 40.831092834 0.003039686 0.999817669 0.018847883 -39.322349548 -0.097312897 -0.018462762 0.995082557 418.416900635
0.995128751 -0.004802878 0.098466456 41.130638123 0.002957374 0.999817371 0.018879864 -39.512496948 -0.098539166 -0.018496696 0.994961202 420.669464111
0.995051444 -0.004881995 0.099240519 41.433082581 0.003036146 0.999819756 0.018742273 -39.708290100 -0.099314123 -0.018348223 0.994886935 422.924499512
0.994981468 -0.005257936 0.099922366 41.745483398 0.003290668 0.999797702 0.019842599 -39.898311615 -0.100006498 -0.019414207 0.994797349 425.193298340
0.994924784 -0.004445503 0.100522533 42.054187775 0.002409378 0.999789655 0.020367745 -40.084014893 -0.100591928 -0.020022180 0.994726300 427.443328857
0.994847000 -0.003691552 0.101320498 42.372100830 0.001560270 0.999776006 0.021106245 -40.272815704 -0.101375699 -0.020839393 0.994629979 429.717102051
0.994841039 -0.004009536 0.101366624 42.690052032 0.001845866 0.999768794 0.021429799 -40.468647003 -0.101429097 -0.021132138 0.994618297 431.983612061
0.994787455 -0.004487775 0.101871632 43.006599426 0.002389038 0.999782681 0.020714438 -40.662456512 -0.101942457 -0.020363087 0.994581819 434.245208740
0.994780838 -0.003667150 0.101968147 43.329860687 0.001536287 0.999778986 0.020968016 -40.839466095 -0.102022506 -0.020701930 0.994566679 436.506866455
0.994722128 -0.004052399 0.102525398 43.648727417 0.001880314 0.999771893 0.021273606 -41.030082703 -0.102588236 -0.020968547 0.994502842 438.790924072
0.994768739 -0.004130896 0.102068834 43.980678558 0.001946012 0.999767005 0.021496287 -41.216827393 -0.102133855 -0.021185210 0.994545043 441.061004639
0.994777560 -0.003713580 0.101999186 44.319564819 0.001396153 0.999739408 0.022782046 -41.428352356 -0.102057226 -0.022520659 0.994523585 443.329925537
0.994730353 -0.004440398 0.102430627 44.642555237 0.002091174 0.999732494 0.023030784 -41.614513397 -0.102505527 -0.022695219 0.994473457 445.609313965
0.994717240 -0.004337327 0.102561101 44.959205627 0.002027915 0.999742270 0.022610975 -41.802238464 -0.102632731 -0.022283548 0.994469643 447.870574951
0.994726717 -0.003788265 0.102490209 45.280757904 0.001500903 0.999748290 0.022385770 -41.990047455 -0.102549203 -0.022113906 0.994482100 450.131561279
0.994648039 -0.003205983 0.103271715 45.594123840 0.000916104 0.999752760 0.022213135 -42.182350159 -0.103317410 -0.021999646 0.994405031 452.389495850
0.994558930 -0.002447077 0.104146831 45.910190582 0.000133913 0.999753237 0.022211805 -42.359848022 -0.104175486 -0.022077005 0.994313896 454.667358398
0.994528472 -0.002812342 0.104427829 46.226100922 0.000511629 0.999756694 0.022051858 -42.554218292 -0.104464442 -0.021877773 0.994287908 456.932708740
0.994540572 -0.002068354 0.104330368 46.558475494 -0.000154109 0.999773443 0.021289608 -42.738906860 -0.104350753 -0.021189457 0.994314790 459.214050293
0.994488299 -0.000821689 0.104844145 46.879535675 -0.001480104 0.999759614 0.021874733 -42.927337646 -0.104836926 -0.021909354 0.994247973 461.496887207
0.994510472 -0.000476591 0.104635797 47.203437805 -0.001963208 0.999728560 0.023212817 -43.113258362 -0.104618482 -0.023290813 0.994239688 463.769348145
0.994559884 -0.000655282 0.104165383 47.520317078 -0.001804517 0.999721646 0.023518370 -43.293792725 -0.104151823 -0.023578390 0.994281888 466.032043457
0.994661808 -0.000438133 0.103187881 47.850383759 -0.001856254 0.999753177 0.022137962 -43.473896027 -0.103172123 -0.022211334 0.994415402 468.311981201
0.994724691 -0.000237332 0.102580301 48.182067871 -0.001997497 0.999762893 0.021682870 -43.663833618 -0.102561139 -0.021773385 0.994488358 470.604583740
0.994829655 -0.000955613 0.101553440 48.507415771 -0.001392336 0.999733329 0.023046928 -43.859954834 -0.101548411 -0.023069162 0.994563103 472.880126953
0.994795442 -0.001326806 0.101883769 48.813758850 -0.001076259 0.999722600 0.023527747 -44.049674988 -0.101886727 -0.023514951 0.994517982 475.156860352
0.994949639 -0.000864893 0.100370891 49.140106201 -0.001357311 0.999755502 0.022069529 -44.207099915 -0.100365445 -0.022094309 0.994705319 477.438812256
0.994972050 -0.001160857 0.100147530 49.457309723 -0.001109263 0.999743760 0.022609094 -44.392669678 -0.100148126 -0.022606505 0.994715691 479.717987061
0.995027065 -0.001617939 0.099592000 49.780452728 -0.000690607 0.999731898 0.023141207 -44.577503204 -0.099602737 -0.023094902 0.994759142 481.989318848
0.995017946 -0.002280899 0.099670567 50.086257935 0.000056964 0.999751091 0.022310011 -44.761573792 -0.099696651 -0.022193177 0.994770288 484.276245117
0.995124221 -0.002350867 0.098601453 50.405597687 0.000073463 0.999733269 0.023094334 -44.953456879 -0.098629452 -0.022974487 0.994858980 486.576385498
0.995171487 -0.002437993 0.098120667 50.718265533 0.000194482 0.999738455 0.022867888 -45.132656097 -0.098150767 -0.022738386 0.994911730 488.860412598
0.995176613 -0.001974916 0.098079853 51.027511597 -0.000326118 0.999725223 0.023439249 -45.316425323 -0.098099194 -0.023358177 0.994902492 491.156066895
0.995224178 -0.001430437 0.097605444 51.345333099 -0.000907095 0.999713957 0.023900200 -45.499591827 -0.097611710 -0.023874594 0.994938195 493.443939209
0.995212555 -0.000717127 0.097732484 51.644382477 -0.001569047 0.999726951 0.023313286 -45.676284790 -0.097722515 -0.023355022 0.994939625 495.742095947
0.995248020 -0.000418616 0.097371452 51.966266632 -0.001814674 0.999737322 0.022846084 -45.866649628 -0.097355455 -0.022914216 0.994985878 498.058044434
0.995276570 -0.000391243 0.097079150 52.272804260 -0.001927340 0.999715149 0.023788517 -46.052658081 -0.097060785 -0.023863260 0.994992316 500.349426270
0.995285332 -0.000029733 0.096989848 52.576652527 -0.002317045 0.999707282 0.024083417 -46.241458893 -0.096962146 -0.024194594 0.994994044 502.628265381
0.995312810 0.000737738 0.096705124 52.886604309 -0.003013223 0.999721825 0.023386212 -46.427421570 -0.096660972 -0.023567988 0.995038271 504.916137695
0.995310962 0.000852007 0.096722245 53.189556122 -0.003188424 0.999706805 0.024003956 -46.611900330 -0.096673399 -0.024199789 0.995022058 507.204650879
0.995306253 0.000277737 0.096774846 53.494884491 -0.002542957 0.999725521 0.023284566 -46.800678253 -0.096741840 -0.023421364 0.995033860 509.493591309
0.995344758 -0.000377111 0.096377604 53.811355591 -0.001955141 0.999707520 0.024103524 -46.990905762 -0.096358493 -0.024179747 0.995052934 511.793609619
0.995360434 -0.000234678 0.096216291 54.120433807 -0.002118450 0.999701142 0.024353771 -47.172657013 -0.096193254 -0.024444606 0.995062470 514.098754883
0.995353818 0.000393493 0.096283913 54.422962189 -0.002733430 0.999704063 0.024171775 -47.356437683 -0.096245922 -0.024322657 0.995060384 516.404174805
0.995309591 0.001237684 0.096732818 54.720417023 -0.003567259 0.999707639 0.023913346 -47.541313171 -0.096674941 -0.024146250 0.995023072 518.696655273
0.995251417 0.003211048 0.097285688 55.026199341 -0.005600247 0.999689162 0.024295492 -47.735092163 -0.097177446 -0.024724944 0.994959891 521.016784668
0.995178998 0.005281854 0.097932950 55.339260101 -0.007735894 0.999665082 0.024695611 -47.921119690 -0.097769715 -0.025334150 0.994886518 523.339477539
0.995089769 0.006072798 0.098789603 55.648612976 -0.008663128 0.999629200 0.025812887 -48.096324921 -0.098596193 -0.026541965 0.994773507 525.658874512
0.995025456 0.005521432 0.099467903 55.963161469 -0.008123169 0.999634862 0.025770579 -48.277973175 -0.099289283 -0.026450375 0.994706988 527.973815918
0.994999945 0.003712638 0.099806309 56.276210785 -0.006431797 0.999616444 0.026936419 -48.454456329 -0.099668011 -0.027443670 0.994642198 530.284118652
0.994946063 0.002207104 0.100387812 56.600345612 -0.004901994 0.999633968 0.026606042 -48.631145477 -0.100292347 -0.026963674 0.994592547 532.609252930
0.994902670 0.002150314 0.100816548 56.917327881 -0.004795128 0.999650478 0.025998954 -48.810607910 -0.100725383 -0.026349854 0.994565248 534.926330566
0.994805574 0.001942359 0.101774246 57.232849121 -0.004595574 0.999655426 0.025841637 -48.991554260 -0.101688981 -0.026175119 0.994471848 537.241638184
0.994728327 0.002045543 0.102524176 57.548782349 -0.004680457 0.999664724 0.025466444 -49.180030823 -0.102437690 -0.025812056 0.994404495 539.548583984
0.994631827 0.003079572 0.103430606 57.869693756 -0.005681550 0.999674499 0.024871577 -49.359474182 -0.103320353 -0.025325714 0.994325638 541.872253418
0.994538367 0.003514231 0.104312263 58.199840546 -0.006044695 0.999694824 0.023952335 -49.541267395 -0.104196236 -0.024452051 0.994256139 544.196105957
0.994434536 0.003578195 0.105295829 58.515621185 -0.006164812 0.999686897 0.024250034 -49.728847504 -0.105176076 -0.024764203 0.994145215 546.526245117
0.994351149 0.003470307 0.106083758 58.841823578 -0.006208725 0.999655664 0.025494389 -49.920951843 -0.105958760 -0.026009019 0.994030297 548.851196289
0.994291604 0.003366146 0.106643915 59.167076111 -0.006142430 0.999650359 0.025715463 -50.103267670 -0.106520064 -0.026223719 0.993964672 551.157348633
0.994306087 0.002092643 0.106541008 59.506355286 -0.004756764 0.999682188 0.024757616 -50.282737732 -0.106455319 -0.025123440 0.994000018 553.464599609
0.994331896 0.001926355 0.106303439 59.847682953 -0.004620564 0.999674141 0.025104050 -50.465160370 -0.106220439 -0.025452934 0.994016767 555.777099609
0.994277477 0.002109334 0.106807508 60.176940918 -0.004843302 0.999666989 0.025344236 -50.645648956 -0.106718488 -0.025716506 0.993956625 558.083618164
0.994256318 0.002719118 0.106989756 60.516475677 -0.005575432 0.999635696 0.026407031 -50.827644348 -0.106878966 -0.026851872 0.993909299 560.417358398
0.994274378 0.002113889 0.106836282 60.862556458 -0.005024829 0.999623179 0.026984898 -51.009532928 -0.106738977 -0.027367229 0.993910372 562.745910645
0.994239151 0.002699115 0.107151426 61.200687408 -0.005697895 0.999600291 0.027690100 -51.185638428 -0.107033856 -0.028141115 0.993857145 565.058593750
0.994182646 0.003800900 0.107640475 61.544479370 -0.006767225 0.999606967 0.027205855 -51.369983673 -0.107494771 -0.027776014 0.993817568 567.384338379
0.994194686 0.004770018 0.107489578 61.896831512 -0.007573033 0.999641418 0.025684001 -51.545902252 -0.107328527 -0.026348922 0.993874371 569.714904785
0.994148612 0.005252534 0.107892655 62.244617462 -0.008114937 0.999626100 0.026108211 -51.730892181 -0.107715204 -0.026830984 0.993819714 572.034912109
0.994116962 0.005162278 0.108188875 62.578754425 -0.008148605 0.999597371 0.027179021 -51.921443939 -0.108005010 -0.027900718 0.993758738 574.419067383
0.994106591 0.005048685 0.108289331 62.927062988 -0.008200286 0.999555051 0.028677981 -52.107826233 -0.108096361 -0.029396977 0.993705630 576.727294922
0.994067013 0.005614112 0.108624168 63.266826630 -0.008564952 0.999606311 0.026718132 -52.280975342 -0.108431399 -0.027489977 0.993723691 579.092590332
0.994103193 0.004931249 0.108325981 63.613941193 -0.007881442 0.999609113 0.026823157 -52.458042145 -0.108151369 -0.027518751 0.993753433 581.429382324
0.994080067 0.003815679 0.108583987 63.961090088 -0.006898611 0.999583244 0.028030664 -52.644493103 -0.108431801 -0.028613798 0.993691921 583.761718750
0.994163036 0.004088643 0.107811332 64.308807373 -0.007146491 0.999582648 0.027991869 -52.820415497 -0.107651882 -0.028598951 0.993777275 586.077880859
0.994125962 0.001458682 0.108218983 64.664024353 -0.004397509 0.999627769 0.026922625 -53.005172729 -0.108139440 -0.027240377 0.993762434 588.432678223
0.994178116 0.000969095 0.107744895 65.018272400 -0.003887001 0.999631345 0.026874892 -53.180847168 -0.107679129 -0.027137240 0.993815243 590.780883789
0.994175375 -0.000976873 0.107771337 65.356742859 -0.001983581 0.999623716 0.027359150 -53.361557007 -0.107757546 -0.027413560 0.993799150 593.114685059
0.994203269 -0.001510001 0.107506439 65.707550049 -0.001463232 0.999618769 0.027572069 -53.540706635 -0.107507080 -0.027569551 0.993821979 595.468078613
