1.000000000 0.000000000 0.000000000 0.000000000 0.000000000 1.000000000 0.000000000 0.000000000 0.000000000 0.000000000 1.000000000 0.000000000
0.999999881 0.000091669 0.000514846 0.087799482 -0.000091543 0.999999881 -0.000245344 -0.224771187 -0.000514868 0.000245297 0.999999821 2.296802521
0.999999166 0.000443461 0.001153325 0.166394487 -0.000443789 0.999999881 0.000284466 -0.462742954 -0.001153199 -0.000284977 0.999999285 4.586736679
0.999998510 0.000147954 0.001674395 0.264239371 -0.000148968 0.999999762 0.000605071 -0.694866419 -0.001674305 -0.000605320 0.999998391 6.878061771
0.999996245 0.000240962 0.002733477 0.355201066 -0.000238275 0.999999404 -0.000983433 -0.927954495 -0.002733712 0.000982778 0.999995768 9.171120644
0.999987125 0.002001348 0.004645208 0.448988736 -0.002003201 0.999997914 0.000394186 -1.163811326 -0.004644410 -0.000403486 0.999989092 11.472949028
0.999963760 0.004084884 0.007470936 0.534582675 -0.004095389 0.999990582 0.001391261 -1.390264153 -0.007465181 -0.001421807 0.999971151 13.784241676
0.999945045 0.003926038 0.009717352 0.643798113 -0.003966362 0.999983609 0.004133902 -1.620469213 -0.009700961 -0.004172217 0.999944210 16.060422897
0.999936104 0.004023860 0.010555864 0.758682787 -0.004074898 0.999980032 0.004818023 -1.842952847 -0.010536266 -0.004860730 0.999932647 18.403104782
0.999921441 0.003019453 0.012168483 0.866467237 -0.003079656 0.999983132 0.004931733 -2.068842173 -0.012153385 -0.004968820 0.999913812 20.692358017
0.999925673 0.000564779 0.012179916 0.999264240 -0.000590942 0.999997437 0.002144607 -2.291105270 -0.012178676 -0.002151645 0.999923527 23.023445129
0.999914050 -0.001631913 0.013008176 1.108151674 0.001630450 0.999998689 0.000123042 -2.513316870 -0.013008359 -0.000101822 0.999915361 25.305040359
0.999914944 -0.002568239 0.012785039 1.245904446 0.002573001 0.999996543 -0.000355994 -2.763990641 -0.012784082 0.000388860 0.999918222 27.621675491
0.999904990 -0.002238444 0.013600742 1.354696751 0.002256191 0.999996603 -0.001289592 -2.991937876 -0.013597812 0.001320155 0.999906659 29.908021927
0.999897182 0.000082044 0.014337832 1.476927400 -0.000099193 0.999999285 0.001195339 -3.224694967 -0.014337717 -0.001196639 0.999896407 32.199043274
0.999894977 0.002076290 0.014337575 1.607033849 -0.002125655 0.999991834 0.003428665 -3.447258711 -0.014330340 -0.003458782 0.999891281 34.479682922
0.999860644 0.004381367 0.016103705 1.719767690 -0.004510124 0.999958098 0.007967926 -3.687222004 -0.016068118 -0.008039446 0.999838591 36.786235809
0.999838412 0.006232163 0.016862649 1.835975170 -0.006357994 0.999952316 0.007418862 -3.905215263 -0.016815610 -0.007524876 0.999830246 39.059413910
0.999812186 0.005531736 0.018573154 1.944437385 -0.005639433 0.999967515 0.005751185 -4.108617783 -0.018540738 -0.005854845 0.999810934 41.352317810
0.999816000 0.003156478 0.018917369 2.066785097 -0.003238316 0.999985576 0.004296999 -4.330918312 -0.018903531 -0.004357468 0.999811828 43.629356384
0.999821484 0.003243385 0.018615525 2.208288193 -0.003311300 0.999987960 0.003618677 -4.557078838 -0.018603563 -0.003679672 0.999820173 45.869068146
0.999816597 0.002878487 0.018934561 2.332427025 -0.002932695 0.999991655 0.002835714 -4.788623810 -0.018926241 -0.002890724 0.999816716 48.142917633
0.999824107 0.001043580 0.018732175 2.471632481 -0.001103580 0.999994278 0.003193013 -5.018346310 -0.018728729 -0.003213123 0.999819458 50.425197601
0.999803603 0.000186493 0.019816885 2.599252224 -0.000251980 0.999994516 0.003302164 -5.239525318 -0.019816164 -0.003306509 0.999798179 52.690975189
0.999797702 -0.001057003 0.020083977 2.734270573 0.000991409 0.999994099 0.003275689 -5.470304489 -0.020087326 -0.003255114 0.999792993 54.972461700
0.999776721 -0.001609275 0.021070756 2.858017921 0.001527643 0.999991417 0.003889713 -5.703237534 -0.021076836 -0.003856656 0.999770403 57.266296387
0.999752104 -0.002709351 0.022100208 2.990292072 0.002608039 0.999985993 0.004611735 -5.929684162 -0.022112394 -0.004552953 0.999745131 59.531982422
0.999722362 -0.004361708 0.023156237 3.123611450 0.004270894 0.999983013 0.003969782 -6.153359890 -0.023173163 -0.003869783 0.999723971 61.800575256
0.999704301 -0.005032613 0.023791049 3.270669460 0.004945047 0.999980807 0.003738033 -6.377544880 -0.023809407 -0.003619280 0.999709964 64.057136536
0.999670744 -0.004490444 0.025264528 3.407791138 0.004380600 0.999980748 0.004401389 -6.601801872 -0.025283806 -0.004289267 0.999671102 66.331466675
0.999652386 -0.003477335 0.026131166 3.556202888 0.003352882 0.999982834 0.004804919 -6.829826832 -0.026147423 -0.004715634 0.999646902 68.594146729
0.999618888 -0.003692276 0.027363067 3.694576025 0.003575093 0.999984205 0.004330221 -7.053028584 -0.027378628 -0.004230744 0.999616325 70.850883484
0.999608934 -0.004538123 0.027591988 3.854846478 0.004461114 0.999985993 0.002851877 -7.275792599 -0.027604546 -0.002727671 0.999615192 73.109848022
0.999591053 -0.005427552 0.028076204 4.010841846 0.005336075 0.999980211 0.003332084 -7.503898621 -0.028093733 -0.003180905 0.999600232 75.388763428
0.999544144 -0.006688094 0.029441223 4.166619301 0.006607088 0.999974132 0.002847833 -7.735425472 -0.029459506 -0.002652014 0.999562442 77.652709961
0.999547660 -0.007565982 0.029106906 4.327550411 0.007485259 0.999967754 0.002881275 -7.969607353 -0.029127771 -0.002662099 0.999572098 79.906166077
0.999517202 -0.008022516 0.030016726 4.473896503 0.007948830 0.999965012 0.002573428 -8.187740326 -0.030036323 -0.002333588 0.999546051 82.162124634
0.999495924 -0.007429624 0.030864086 4.643631935 0.007367136 0.999970555 0.002137848 -8.410165787 -0.030879064 -0.001909391 0.999521315 84.436782837
0.999448717 -0.007203664 0.032411557 4.798009872 0.007117900 0.999970794 0.002760716 -8.631419182 -0.032430504 -0.002528492 0.999470830 86.694908142
0.999447286 -0.007273146 0.032436166 4.971159935 0.007145089 0.999966204 0.004062168 -8.864848137 -0.032464616 -0.003828164 0.999465525 88.977081299
0.999413729 -0.006406114 0.033631187 5.127189636 0.006245606 0.999968588 0.004875472 -9.093429565 -0.033661358 -0.004662567 0.999422431 91.234039307
0.999388337 -0.006485844 0.034366757 5.294263840 0.006329475 0.999969125 0.004656869 -9.313634872 -0.034395903 -0.004436498 0.999398410 93.487556458
0.999369502 -0.006886023 0.034830518 5.462692738 0.006748603 0.999969006 0.004061414 -9.531462669 -0.034857407 -0.003823796 0.999384940 95.743820190
0.999343574 -0.007297169 0.035484165 5.628825665 0.007146409 0.999964893 0.004373626 -9.753899574 -0.035514835 -0.004117171 0.999360681 98.001304626
0.999316037 -0.007169319 0.036276776 5.792347908 0.007031905 0.999967635 0.003914115 -9.986221313 -0.036303662 -0.003656343 0.999334097 100.244346619
0.999275446 -0.007414805 0.037331466 5.960017204 0.007236131 0.999961734 0.004918989 -10.203462601 -0.037366506 -0.004645290 0.999290824 102.492774963
0.999248266 -0.007640683 0.038006369 6.143925667 0.007467240 0.999961078 0.004703382 -10.423458099 -0.038040828 -0.004416043 0.999266386 104.744926453
0.999226213 -0.008248869 0.038456235 6.310236931 0.008048269 0.999953151 0.005368243 -10.650787354 -0.038498715 -0.005054584 0.999245822 107.010375977
0.999195635 -0.009718421 0.038908422 6.490692616 0.009512763 0.999939799 0.005467349 -10.868243217 -0.038959213 -0.005092825 0.999227822 109.262634277
0.999152243 -0.010756588 0.039735526 6.667853832 0.010511554 0.999924481 0.006370385 -11.095351219 -0.039801050 -0.005947302 0.999189913 111.522323608
0.999130845 -0.011421029 0.040091217 6.854740620 0.011224094 0.999923825 0.005133873 -11.317539215 -0.040146794 -0.004679423 0.999182820 113.786361694
0.999081850 -0.011789199 0.041188944 7.033061504 0.011630097 0.999923944 0.004100265 -11.535796165 -0.041234151 -0.003617469 0.999142945 116.043182373
0.999043763 -0.012083171 0.042018905 7.211053848 0.011903742 0.999918878 0.004517736 -11.764347076 -0.042070091 -0.004013235 0.999106586 118.292732239
0.998987973 -0.012530484 0.043196920 7.397144318 0.012310894 0.999909878 0.005345669 -11.991373062 -0.043260016 -0.004808465 0.999052286 120.566734314
0.998978078 -0.013389787 0.043166865 7.600662231 0.013141233 0.999895453 0.006036605 -12.216353416 -0.043243185 -0.005463170 0.999049664 122.773689270
0.998920739 -0.014549104 0.044110239 7.793000698 0.014310888 0.999881268 0.005711522 -12.445248604 -0.044188101 -0.005074101 0.999010324 125.065505981
0.998884678 -0.014928915 0.044794455 7.973801613 0.014716198 0.999878824 0.005074812 -12.671667099 -0.044864789 -0.004409947 0.998983324 127.335823059
0.998863041 -0.016569503 0.044700064 8.161343575 0.016341174 0.999851525 0.005468707 -12.890299797 -0.044784039 -0.004732037 0.998985410 129.597656250
0.998885155 -0.017476227 0.043852326 8.345550537 0.017241750 0.999834955 0.005719566 -13.105808258 -0.043945044 -0.004957099 0.999021590 131.846191406
0.998945832 -0.017795296 0.042314231 8.542428017 0.017522901 0.999823391 0.006799611 -13.322988510 -0.042427760 -0.006050975 0.999081254 134.082229614
0.998994589 -0.018895524 0.040657781 8.726716042 0.018645819 0.999804914 0.006512153 -13.546617508 -0.040772896 -0.005747505 0.999152005 136.345199585
0.999059319 -0.019862950 0.038549766 8.931639671 0.019640248 0.999788165 0.006147106 -13.762431145 -0.038663704 -0.005384195 0.999237835 138.572448730
0.999058366 -0.020177973 0.038408075 9.097290039 0.019955125 0.999781907 0.006176768 -13.985896111 -0.038524337 -0.005404514 0.999243021 140.870895386
0.999054193 -0.020414308 0.038391538 9.265963554 0.020183543 0.999775887 0.006388881 -14.195863724 -0.038513355 -0.005607960 0.999242365 143.103988647
0.999090254 -0.020492945 0.037397590 9.449169159 0.020222683 0.999766827 0.007590820 -14.424752235 -0.037544433 -0.006827636 0.999271572 145.354385376
0.999108911 -0.019535854 0.037412882 9.620767593 0.019306393 0.999792576 0.006484748 -14.640081406 -0.037531804 -0.005756662 0.999278843 147.611480713
0.999129236 -0.018185671 0.037554335 9.793798447 0.018010108 0.999825239 0.005008034 -14.858182907 -0.037638854 -0.004327314 0.999282002 149.857849121
0.999141574 -0.016705537 0.037911143 9.966066360 0.016562570 0.999854445 0.004082197 -15.079788208 -0.037973825 -0.003450786 0.999272883 152.109436035
0.999150991 -0.016016001 0.037956826 10.150394440 0.015873821 0.999865770 0.004044253 -15.300116539 -0.038016509 -0.003438300 0.999271214 154.358398438
0.999131143 -0.015260906 0.038781144 10.323008537 0.015099551 0.999876022 0.004450285 -15.518626213 -0.038844254 -0.003860841 0.999237835 156.618835449
0.999136627 -0.014068948 0.039090808 10.499711037 0.013842313 0.999885798 0.006062295 -15.745792389 -0.039171640 -0.005515954 0.999217272 158.863845825
0.999082029 -0.013235843 0.040741839 10.674070358 0.012957555 0.999890864 0.007086957 -15.964027405 -0.040831190 -0.006552536 0.999144614 161.100097656
0.999060094 -0.012194184 0.041595336 10.837505341 0.011850818 0.999893725 0.008491514 -16.182477951 -0.041694455 -0.007990593 0.999098480 163.400604248
0.999029815 -0.011737174 0.042449139 11.020521164 0.011422445 0.999905467 0.007649283 -16.387792587 -0.042534906 -0.007156988 0.999069333 165.659790039
0.999002755 -0.011142967 0.043235254 11.217086792 0.010871243 0.999919653 0.006514855 -16.603902817 -0.043304376 -0.006038337 0.999043703 167.909408569
0.998938203 -0.009260112 0.045130718 11.399794579 0.008953505 0.999935508 0.006991157 -16.821517944 -0.045192543 -0.006579656 0.998956680 170.148391724
0.998802364 -0.008951508 0.048103269 11.585504532 0.008620797 0.999937773 0.007078119 -17.050439835 -0.048163641 -0.006654953 0.998817265 172.440475464
0.998688340 -0.009219466 0.050364356 11.785372734 0.008893132 0.999938011 0.006699694 -17.264009476 -0.050423004 -0.006243010 0.998708427 174.712005615
0.998602629 -0.008912829 0.052090187 11.989607811 0.008538925 0.999936163 0.007396106 -17.483932495 -0.052152783 -0.006940976 0.998614967 176.964462280
0.998556376 -0.009398758 0.052885763 12.190673828 0.008981152 0.999926627 0.008128502 -17.694185257 -0.052958280 -0.007641793 0.998567522 179.192062378
0.998551190 -0.011087065 0.052655812 12.408572197 0.010681979 0.999911129 0.007968248 -17.918806076 -0.052739486 -0.007394234 0.998580933 181.465484619
0.998533130 -0.011989391 0.052801851 12.610433578 0.011608792 0.999904394 0.007508905 -18.128498077 -0.052886829 -0.006884924 0.998576760 183.711471558
0.998585701 -0.013374332 0.051458500 12.839028358 0.012982444 0.999884188 0.007942403 -18.363098145 -0.051558763 -0.007263112 0.998643577 185.962081909
0.998583376 -0.015227518 0.050983571 13.047005653 0.014802164 0.999852419 0.008710189 -18.576553345 -0.051108692 -0.007943181 0.998661518 188.216613770
0.998594165 -0.016033309 0.050522182 13.254747391 0.015634809 0.999843538 0.008272950 -18.786890030 -0.050646912 -0.007471414 0.998688698 190.460327148
0.998558819 -0.017302990 0.050801188 13.456060410 0.016909380 0.999823689 0.008167692 -19.010128021 -0.050933555 -0.007296905 0.998675346 192.706985474
0.998533130 -0.019075798 0.050672367 13.653043747 0.018726241 0.999797642 0.007364226 -19.221170425 -0.050802588 -0.006404520 0.998688161 194.948760986
0.998589098 -0.018575173 0.049745757 13.865852356 0.018229803 0.999806523 0.007387533 -19.434713364 -0.049873360 -0.006470255 0.998734593 197.177703857
0.998563886 -0.016086036 0.051101632 14.058087349 0.015689997 0.999843776 0.008141792 -19.662595749 -0.051224604 -0.007328313 0.998660386 199.428985596
0.998576820 -0.014455360 0.051338822 14.262062073 0.014068934 0.999869943 0.007880461 -19.879220963 -0.051446069 -0.007146964 0.998650193 201.669754028
0.998560488 -0.014008246 0.051775686 14.473581314 0.013663867 0.999882162 0.006999363 -20.091829300 -0.051867634 -0.006281832 0.998634219 203.931930542
0.998516142 -0.014188513 0.052576270 14.669836044 0.013808821 0.999875963 0.007577987 -20.301172256 -0.052677266 -0.006840727 0.998588145 206.158370972
0.998500526 -0.015909776 0.052379429 14.902068138 0.015522929 0.999849200 0.007784149 -20.521717072 -0.052495375 -0.006959393 0.998596907 208.415222168
0.998436391 -0.015343004 0.053754117 15.103874207 0.014946420 0.999858022 0.007772114 -20.723806381 -0.053865731 -0.006956529 0.998523951 210.662078857
0.998369455 -0.015120601 0.055046134 15.321697235 0.014629347 0.999849498 0.009316475 -20.954273224 -0.055178724 -0.008495997 0.998440325 212.901855469
0.998302817 -0.013710118 0.056599412 15.552955627 0.013176340 0.999865174 0.009793229 -21.168148041 -0.056726050 -0.009030836 0.998348892 215.133666992
0.998116612 -0.012510591 0.060056176 15.749327660 0.011947843 0.999881327 0.009720364 -21.379167557 -0.060170658 -0.008984514 0.998147666 217.406158447
0.997984052 -0.012635358 0.062195115 15.977478027 0.012026798 0.999876142 0.010149400 -21.589292526 -0.062315650 -0.009380930 0.998012364 219.644363403
0.997853279 -0.014059479 0.063962415 16.209974289 0.013411176 0.999854386 0.010553787 -21.793884277 -0.064101480 -0.009673320 0.997896492 221.874984741
0.997752130 -0.015943149 0.065087862 16.445955276 0.015240646 0.999820292 0.011275500 -22.000019073 -0.065255925 -0.010258175 0.997815847 224.114349365
0.997683406 -0.018137878 0.065565929 16.699214935 0.017470963 0.999789774 0.010730816 -22.214778900 -0.065746762 -0.009560457 0.997790515 226.351913452
0.997637510 -0.019238217 0.065949090 16.936014175 0.018590575 0.999772906 0.010420050 -22.417591095 -0.066134594 -0.009169402 0.997768581 228.603942871
0.997587085 -0.019435868 0.066650078 17.173706055 0.018765654 0.999767005 0.010667130 -22.625022888 -0.066841885 -0.009390658 0.997719407 230.847686768
0.997537017 -0.020490237 0.067082688 17.421838760 0.019889561 0.999756098 0.009609975 -22.833011627 -0.067263238 -0.008252060 0.997701049 233.103866577
0.997482896 -0.021442816 0.067588195 17.660459518 0.020770008 0.999727607 0.010641637 -23.036367416 -0.067797974 -0.009211044 0.997656524 235.341873169
0.997492850 -0.020662762 0.067683280 17.936275482 0.019966025 0.999740601 0.010954518 -23.248344421 -0.067892082 -0.009575686 0.997646689 237.610458374
0.997465134 -0.020886354 0.068022661 18.177715302 0.020192074 0.999736965 0.010878236 -23.449934006 -0.068231992 -0.009477142 0.997624457 239.836944580
0.997427523 -0.020993842 0.068537787 18.422554016 0.020269632 0.999731302 0.011244997 -23.658138275 -0.068755433 -0.009826832 0.997585118 242.066528320
0.997374475 -0.021317543 0.069208167 18.663415909 0.020577984 0.999723494 0.011381550 -23.862138748 -0.069431648 -0.009927502 0.997537434 244.306884766
0.997340441 -0.021524429 0.069632843 18.909667969 0.020833068 0.999726295 0.010639822 -24.073764801 -0.069842800 -0.009160860 0.997515917 246.537780762
0.997355282 -0.021277782 0.069494851 19.166732788 0.020632390 0.999737144 0.009991598 -24.285291672 -0.069689192 -0.008531328 0.997532248 248.773620605
0.997337282 -0.021545678 0.069671221 19.419052124 0.020863783 0.999727190 0.010500348 -24.493635178 -0.069878466 -0.009018783 0.997514725 251.017303467
0.997299433 -0.022776071 0.069821529 19.671991348 0.022094928 0.999700546 0.010512419 -24.704551697 -0.070040055 -0.008941327 0.997504115 253.254730225
0.997295618 -0.022937447 0.069823466 19.932485580 0.022206629 0.999690413 0.011225040 -24.913976669 -0.070059337 -0.009644138 0.997496188 255.513092041
0.997240841 -0.023606956 0.070381187 20.165712357 0.022849903 0.999672353 0.011542353 -25.121648788 -0.070630603 -0.009902302 0.997453332 257.732452393
0.997254848 -0.023972448 0.070059776 20.442136765 0.023180526 0.999658108 0.012094912 -25.338119507 -0.070325762 -0.010437684 0.997469485 260.013336182
0.997221112 -0.023455812 0.070708789 20.694387436 0.022694336 0.999675691 0.011553375 -25.540973663 -0.070956841 -0.009916579 0.997430086 262.258666992
0.997197747 -0.023501096 0.071024001 20.954408646 0.022771133 0.999679387 0.011070067 -25.744995117 -0.071261376 -0.009421751 0.997413158 264.519317627
0.997171044 -0.022775238 0.071631573 21.211233139 0.022064930 0.999699354 0.010691907 -25.956241608 -0.071853541 -0.009081115 0.997373879 266.757751465
0.997098684 -0.022289172 0.072783604 21.464778900 0.021560358 0.999709427 0.010783886 -26.159084320 -0.073002808 -0.009183357 0.997289479 269.007080078
0.997007728 -0.021753382 0.074177504 21.726001740 0.021060809 0.999727130 0.010106229 -26.367021561 -0.074377082 -0.008513751 0.997193873 271.259735107
0.996951878 -0.022635620 0.074662253 22.001977921 0.021876585 0.999700606 0.010968583 -26.583864212 -0.074888155 -0.009301795 0.997148514 273.501403809
0.996725559 -0.023129672 0.077480100 22.243171692 0.022320429 0.999687076 0.011294365 -26.782876968 -0.077717081 -0.009527992 0.996930063 275.755310059
0.996607423 -0.023128914 0.078984961 22.513275146 0.022201728 0.999674201 0.012596961 -26.981105804 -0.079250574 -0.010800621 0.996796250 277.996520996
0.996539414 -0.022332206 0.080064952 22.799011230 0.021276871 0.999675453 0.014010124 -27.198863983 -0.080351852 -0.012258109 0.996691167 280.252685547
0.996440291 -0.022005212 0.081377894 23.076290131 0.020825742 0.999665856 0.015314315 -27.405731201 -0.081687689 -0.013565046 0.996565640 282.488525391
0.996364415 -0.021174258 0.082520097 23.349214554 0.020005051 0.999687731 0.014970030 -27.595439911 -0.082811318 -0.013264787 0.996476948 284.740203857
0.996268988 -0.020127160 0.083922774 23.614055634 0.019003274 0.999719083 0.014169399 -27.788057327 -0.084184386 -0.012521725 0.996371567 286.963500977
0.996235967 -0.019316541 0.084503219 23.896022797 0.018288629 0.999749243 0.012921486 -27.976886749 -0.084731624 -0.011327399 0.996339560 289.219909668
0.996192157 -0.020078110 0.084842004 24.171197891 0.019033266 0.999732912 0.013106202 -28.182504654 -0.085082494 -0.011441473 0.996308267 291.445953369
0.996144652 -0.020229008 0.085361220 24.434640884 0.019272594 0.999742031 0.012013621 -28.377511978 -0.085582219 -0.010322171 0.996277630 293.715484619
0.996159196 -0.020786203 0.085057288 24.717290878 0.019907251 0.999739468 0.011168923 -28.577583313 -0.085267290 -0.009432768 0.996313453 295.941925049
0.996141791 -0.020932043 0.085225314 24.995267868 0.020073229 0.999738872 0.010921568 -28.780017853 -0.085431673 -0.009168683 0.996301830 298.174255371
0.996152580 -0.020219896 0.085271515 25.276008606 0.019351989 0.999752283 0.010992566 -28.981338501 -0.085472666 -0.009300100 0.996297121 300.412567139
0.996094406 -0.020166505 0.085962161 25.537527084 0.019190002 0.999741733 0.012171038 -29.193271637 -0.086185403 -0.010473888 0.996224046 302.640899658
0.996099532 -0.020714313 0.085770421 25.826185226 0.019727930 0.999729276 0.012332037 -29.397304535 -0.086002648 -0.010591863 0.996238589 304.892944336
0.996085644 -0.020076811 0.086082958 26.111244202 0.019062780 0.999739051 0.012585635 -29.600011826 -0.086313173 -0.010895392 0.996208489 307.142852783
0.996079445 -0.020717544 0.086002715 26.395471573 0.019699065 0.999725580 0.012674283 -29.812276840 -0.086241700 -0.010930421 0.996214271 309.400207520
0.996031106 -0.022066161 0.086226270 26.679719925 0.021014422 0.999693453 0.013086242 -30.013490677 -0.086488605 -0.011222309 0.996189594 311.658416748
0.995995820 -0.021880163 0.086680159 26.961954117 0.020865778 0.999702990 0.012591466 -30.219730377 -0.086929925 -0.010732399 0.996156633 313.900054932
0.996013284 -0.021524992 0.086569354 27.254905701 0.020459784 0.999703825 0.013173287 -30.423849106 -0.086827271 -0.011349577 0.996158838 316.153259277
0.995984733 -0.019826369 0.087299488 27.538061142 0.018811092 0.999745667 0.012437196 -30.629577637 -0.087523870 -0.010745058 0.996104479 318.399414062
0.995985687 -0.018025804 0.087679058 27.819602966 0.016941622 0.999770701 0.013093888 -30.832969666 -0.087894991 -0.011555898 0.996062696 320.651916504
0.995932341 -0.016904157 0.088504508 28.098182678 0.015840070 0.999793708 0.012711582 -31.035814285 -0.088701136 -0.011257957 0.995994627 322.883575439
0.995877922 -0.016071765 0.089268178 28.373949051 0.014943662 0.999799907 0.013291318 -31.235002518 -0.089463942 -0.011902536 0.995918930 325.119659424
0.995879233 -0.015811263 0.089300446 28.666336060 0.014539585 0.999783695 0.014873082 -31.448076248 -0.089516282 -0.013513403 0.995893598 327.344207764
0.995860636 -0.016609214 0.089363098 28.950130463 0.015359240 0.999774635 0.014657160 -31.652214050 -0.089586399 -0.013223940 0.995891273 329.591949463
0.995871723 -0.017990917 0.088970162 29.249715805 0.016810006 0.999760747 0.014004694 -31.852138519 -0.089200795 -0.012451294 0.995935798 331.829467773
0.995848954 -0.017889991 0.089245170 29.533414841 0.016739968 0.999767065 0.013618082 -32.051853180 -0.089467995 -0.012067591 0.995916605 334.051086426
0.995830297 -0.018586267 0.089310743 29.820999146 0.017326334 0.999739408 0.014861980 -32.250293732 -0.089563698 -0.013252584 0.995892882 336.280487061
0.995891273 -0.019288866 0.088477910 30.125059128 0.018044038 0.999726951 0.014847730 -32.447002411 -0.088740148 -0.013190228 0.995967388 338.515014648
0.995887518 -0.019153103 0.088549912 30.406879425 0.017868936 0.999723673 0.015272315 -32.651744843 -0.088817947 -0.013627213 0.995954633 340.758239746
0.995937347 -0.019310860 0.087954067 30.702711105 0.018064111 0.999724984 0.014949055 -32.852149963 -0.088218570 -0.013299509 0.996012330 343.000000000
0.995963633 -0.019483007 0.087617561 30.991638184 0.018189279 0.999713778 0.015539877 -33.049968719 -0.087895244 -0.013883452 0.996032953 345.237701416
0.995993078 -0.019381674 0.087305062 31.277826309 0.018087065 0.999714792 0.015595377 -33.244026184 -0.087582432 -0.013953796 0.996059537 347.478759766
0.996045113 -0.019418854 0.086700886 31.564172745 0.018124549 0.999712586 0.015690792 -33.441772461 -0.086980686 -0.014057322 0.996110797 349.720611572
0.996053457 -0.019054977 0.086687155 31.844463348 0.017729240 0.999714196 0.016037693 -33.640075684 -0.086967967 -0.014437501 0.996106505 351.962280273
0.996090829 -0.019432615 0.086171061 32.127563477 0.018088784 0.999702692 0.016348442 -33.832092285 -0.086463124 -0.014725799 0.996146202 354.188537598
0.996117711 -0.019050499 0.085945398 32.406944275 0.017754534 0.999717236 0.015818261 -34.028430939 -0.086222440 -0.014230928 0.996174276 356.427124023
0.996166527 -0.019357014 0.085308798 32.693111420 0.018038491 0.999706030 0.016199823 -34.222431183 -0.085597314 -0.014598879 0.996222854 358.662231445
0.996218562 -0.018884208 0.084805779 32.979228973 0.017498603 0.999701440 0.017052354 -34.419754028 -0.085102484 -0.015503888 0.996251583 360.912780762
0.996281981 -0.019020556 0.084026307 33.268386841 0.017649619 0.999699235 0.017028490 -34.617195129 -0.084324919 -0.015482144 0.996318161 363.160247803
0.996335983 -0.018986478 0.083391704 33.554687500 0.017582424 0.999691546 0.017539151 -34.812026978 -0.083698995 -0.016008658 0.996362507 365.401275635
0.996372461 -0.018957449 0.082960017 33.833255768 0.017609460 0.999701381 0.016950360 -35.007232666 -0.083256572 -0.015427996 0.996408641 367.648651123
0.996387720 -0.019618053 0.082624987 34.110286713 0.018280715 0.999689877 0.016911253 -35.204967499 -0.082931124 -0.015339716 0.996437192 369.899261475
0.996374846 -0.019440658 0.082820907 34.382076263 0.018187068 0.999708772 0.015863812 -35.392383575 -0.083105177 -0.014300032 0.996438205 372.168426514
0.996440887 -0.019362018 0.082040258 34.658767700 0.018113771 0.999709010 0.015932146 -35.591091156 -0.082324862 -0.014389384 0.996501684 374.392730713
0.996538281 -0.019286573 0.080867954 34.945930481 0.018000802 0.999700189 0.016598722 -35.784500122 -0.081163846 -0.015085571 0.996586561 376.637084961
0.996466458 -0.018898342 0.081838273 35.206886292 0.017553324 0.999699295 0.017123532 -35.977714539 -0.082137272 -0.015626490 0.996498525 378.878112793
0.996467292 -0.019595858 0.081662819 35.483116150 0.018230313 0.999681830 0.017433999 -36.176067352 -0.081978463 -0.015883673 0.996507466 381.121185303
0.996483862 -0.019389197 0.081510119 35.762229919 0.018018594 0.999684215 0.017517235 -36.366256714 -0.081824027 -0.015986945 0.996518493 383.379699707
0.996504545 -0.018655147 0.081429265 36.042480469 0.017259551 0.999692440 0.017809130 -36.563163757 -0.081736445 -0.016341446 0.996519983 385.635375977
0.996504843 -0.017657522 0.081646793 36.313793182 0.016258899 0.999709964 0.017763492 -36.747940063 -0.081936784 -0.016373921 0.996502995 387.888214111
0.996537089 -0.016507564 0.081494614 36.596839905 0.015096006 0.999725640 0.017906794 -36.950534821 -0.081767872 -0.016614540 0.996512890 390.155181885
0.996533692 -0.014920549 0.081841394 36.870441437 0.013505692 0.999750078 0.017814256 -37.145160675 -0.082086742 -0.016647181 0.996486068 392.439361572
0.996558011 -0.013625816 0.081770681 37.148075104 0.012108304 0.999745667 0.019025438 -37.335586548 -0.082009107 -0.017969845 0.996469557 394.700836182
0.996503949 -0.012402692 0.082619101 37.415657043 0.010828990 0.999751806 0.019468661 -37.527709961 -0.082840055 -0.018505920 0.996391118 396.965911865
0.996469080 -0.012219095 0.083066553 37.694324493 0.010757582 0.999779761 0.018019348 -37.726451874 -0.083268441 -0.017062129 0.996381104 399.235107422
0.996403933 -0.011847338 0.083897054 37.968486786 0.010421853 0.999794185 0.017408505 -37.920009613 -0.084086031 -0.016471541 0.996322453 401.501281738
0.996324778 -0.013236404 0.084628224 38.236698151 0.011720991 0.999762416 0.018378600 -38.111507416 -0.084851392 -0.017319126 0.996243060 403.776184082
0.996264219 -0.014805443 0.085078686 38.516357422 0.013176313 0.999719560 0.019678270 -38.306350708 -0.085346162 -0.018483734 0.996179938 406.026336670
0.996243894 -0.015506456 0.085191771 38.797222137 0.013893706 0.999713480 0.019491265 -38.496555328 -0.085469604 -0.018234424 0.996173918 408.288787842
0.996198535 -0.015301996 0.085757062 39.082805634 0.013819093 0.999744892 0.017858988 -38.680782318 -0.086008489 -0.016606014 0.996155977 410.553070068
0.996128201 -0.013323533 0.086897135 39.372261047 0.011725689 0.999753237 0.018872326 -38.889503479 -0.087127112 -0.017780332 0.996038437 412.822662354
0.996059060 -0.012037735 0.087871499 39.650501251 0.010444906 0.999773026 0.018564140 -39.080513000 -0.088075027 -0.017573174 0.995958745 415.067321777
0.995989203 -0.010931465 0.088802382 39.942050934 0.009310210 0.999782681 0.018650627 -39.270214081 -0.088986956 -0.017749051 0.995874643 417.340332031
0.995937467 -0.011071289 0.089364156 40.238136292 0.009461591 0.999785781 0.018416360 -39.462215424 -0.089548886 -0.017496012 0.995828688 419.593292236
0.995837092 -0.011067602 0.090476334 40.519916534 0.009437574 0.999785721 0.018424105 -39.650638580 -0.090660863 -0.017493529 0.995728135 421.844512939
0.995745063 -0.011273162 0.091458514 40.802513123 0.009648642 0.999788046 0.018185146 -39.843566895 -0.091644138 -0.017225320 0.995642841 424.105285645
0.995696604 -0.011798643 0.091918610 41.102489471 0.010072223 0.999764502 0.019223368 -40.034229279 -0.092123769 -0.018214816 0.995580971 426.381958008
0.995651901 -0.010794572 0.092524402 41.395122528 0.008982706 0.999760032 0.019976724 -40.225162506 -0.092717834 -0.019058745 0.995509982 428.638305664
0.995572209 -0.010062346 0.093459524 41.694152832 0.008164670 0.999753118 0.020665010 -40.412567139 -0.093644395 -0.019810444 0.995408595 430.920074463
0.995584548 -0.010436945 0.093287311 41.993083954 0.008521524 0.999745071 0.020907320 -40.609474182 -0.093481757 -0.020020057 0.995419681 433.188629150
0.995528162 -0.010822878 0.093842633 42.295852661 0.008964707 0.999755740 0.020199938 -40.803314209 -0.094038323 -0.019268338 0.995382071 435.456665039
0.995522141 -0.009536878 0.094046548 42.599571228 0.007669561 0.999766588 0.020196741 -40.978462219 -0.094217211 -0.019385012 0.995362937 437.717163086
0.995484054 -0.010023301 0.094398394 42.903038025 0.008115130 0.999755323 0.020576274 -41.171024323 -0.094581529 -0.019717298 0.995321751 439.998474121
0.995527685 -0.009991501 0.093939990 43.214775085 0.008087446 0.999754429 0.020627752 -41.355941772 -0.094123036 -0.019775763 0.995364130 442.270782471
0.995535553 -0.009351315 0.093924135 43.538841248 0.007332892 0.999735177 0.021812137 -41.562648773 -0.094103232 -0.021026019 0.995340526 444.568634033
0.995501518 -0.009878559 0.094229393 43.846138000 0.007847181 0.999729276 0.021904033 -41.746528625 -0.094420277 -0.021066064 0.995309472 446.846984863
0.995494068 -0.009799092 0.094316117 44.149219513 0.007805325 0.999738693 0.021484951 -41.936492920 -0.094502002 -0.020651974 0.995310426 449.115112305
0.995513737 -0.009007994 0.094187200 44.455764771 0.007052697 0.999752998 0.021071995 -42.123035431 -0.094353765 -0.020313185 0.995331466 451.375518799
0.995462894 -0.008280007 0.094789408 44.754875183 0.006331143 0.999762714 0.020842247 -42.318294525 -0.094939485 -0.020147560 0.995279074 453.638946533
0.995371401 -0.007598724 0.095801942 45.050792694 0.005634643 0.999768734 0.020755352 -42.496646881 -0.095937483 -0.020119473 0.995184124 455.920593262
0.995357454 -0.007880569 0.095923752 45.351749420 0.005928178 0.999769807 0.020621559 -42.693096161 -0.096064165 -0.019957174 0.995175064 458.183959961
0.995391905 -0.006971673 0.095636316 45.669403076 0.005104474 0.999791801 0.019754736 -42.880027771 -0.095754132 -0.019175528 0.995220304 460.467193604
0.995381474 -0.005835863 0.095820829 45.975723267 0.003913574 0.999787569 0.020236969 -43.070075989 -0.095918566 -0.019768504 0.995192826 462.751190186
0.995383263 -0.005330021 0.095831618 46.277130127 0.003275964 0.999761760 0.021578604 -43.258495331 -0.095923789 -0.021165045 0.995163620 465.022399902
0.995426416 -0.005368900 0.095380396 46.576747894 0.003322590 0.999761164 0.021600079 -43.439380646 -0.095473573 -0.021184379 0.995206535 467.285491943
0.995576620 -0.005694130 0.093780272 46.896411896 0.003762949 0.999777496 0.020756580 -43.630073547 -0.093877599 -0.020311872 0.995376527 469.568084717
0.995608568 -0.005630238 0.093444698 47.205207825 0.003741811 0.999785602 0.020371938 -43.823120117 -0.093539365 -0.019932827 0.995416045 471.869720459
0.995713651 -0.006068578 0.092290528 47.515487671 0.004081931 0.999756217 0.021699559 -44.022918701 -0.092399731 -0.021229824 0.995495677 474.153350830
0.995654047 -0.006258270 0.092918061 47.799419403 0.004270076 0.999757946 0.021580694 -44.207683563 -0.093030624 -0.021090137 0.995439827 476.438812256
0.995811462 -0.006370738 0.091208257 48.106029510 0.004460797 0.999766946 0.021128980 -44.382980347 -0.091321595 -0.020633617 0.995607674 478.721557617
0.995824933 -0.006445246 0.091055647 48.401672363 0.004486994 0.999754608 0.021694446 -44.570449829 -0.091173112 -0.021195307 0.995609462 481.004241943
0.995869219 -0.007025036 0.090527363 48.706428528 0.005040724 0.999742329 0.022129491 -44.757110596 -0.090659499 -0.021581756 0.995648086 483.281005859
0.995838583 -0.007669839 0.090812184 48.990345001 0.005792794 0.999764502 0.020915093 -44.938930511 -0.090951197 -0.020301998 0.995648384 485.572418213
0.995941937 -0.007804685 0.089659095 49.288101196 0.005816595 0.999731839 0.022413801 -45.137821198 -0.089809991 -0.021801332 0.995720208 487.871490479
0.995971322 -0.007947394 0.089319296 49.580490112 0.005983798 0.999734938 0.022230303 -45.318588257 -0.089472301 -0.021606274 0.995754957 490.160400391
0.995970249 -0.007381319 0.089380182 49.869144440 0.005368244 0.999726951 0.022742091 -45.501342773 -0.089523643 -0.022170629 0.995737910 492.460418701
0.996040881 -0.006413449 0.088665001 50.170150757 0.004381736 0.999723732 0.023090150 -45.682342529 -0.088788606 -0.022610227 0.995793760 494.748107910
0.996036470 -0.005795841 0.088756621 50.449756622 0.003806224 0.999738038 0.022569416 -45.862567902 -0.088864185 -0.022142136 0.995797575 497.049438477
0.996056497 -0.005725394 0.088536210 50.752864838 0.003777976 0.999747574 0.022147680 -46.056064606 -0.088640667 -0.021725848 0.995826721 499.372467041
0.996091902 -0.005824186 0.088131897 51.042114258 0.003814522 0.999729216 0.022954183 -46.242279053 -0.088241734 -0.022528294 0.995844305 501.668701172
0.996099651 -0.005714264 0.088049509 51.326850891 0.003685545 0.999724388 0.023186026 -46.429847717 -0.088157736 -0.022771085 0.995846212 503.947326660
0.996112645 -0.004689250 0.087963440 51.611637115 0.002720826 0.999743521 0.022484325 -46.616367340 -0.088046297 -0.022157587 0.995869935 506.245666504
0.996081829 -0.004341049 0.088329822 51.890190125 0.002304015 0.999729335 0.023150574 -46.803920746 -0.088406414 -0.022856353 0.995822191 508.539306641
0.996101022 -0.004905332 0.088083111 52.182090759 0.002953691 0.999747574 0.022273496 -46.989433289 -0.088170126 -0.021926483 0.995864034 510.823913574
0.996122718 -0.005566297 0.087798029 52.477840424 0.003557958 0.999728799 0.023014454 -47.179332733 -0.087902330 -0.022612842 0.995872378 513.126281738
0.996159554 -0.005356286 0.087392837 52.776023865 0.003328915 0.999722302 0.023327639 -47.364692688 -0.087493524 -0.022947127 0.995900750 515.438049316
0.996179044 -0.004569591 0.087216258 53.069259644 0.002567480 0.999730885 0.023054101 -47.549346924 -0.087298147 -0.022742078 0.995922625 517.751525879
0.996134698 -0.003639736 0.087763451 53.348583221 0.001656134 0.999741733 0.022663906 -47.735092163 -0.087823279 -0.022430956 0.995883465 520.049011230
0.996128023 -0.001776430 0.087896392 53.650108337 -0.000232917 0.999738991 0.022844858 -47.927505493 -0.087914035 -0.022776878 0.995867550 522.413696289
0.996081173 0.000101114 0.088443659 53.943412781 -0.002161335 0.999728560 0.023198707 -48.117168427 -0.088417284 -0.023298951 0.995810986 524.747741699
0.996038854 0.000536720 0.088917665 54.236133575 -0.002704110 0.999702036 0.024256591 -48.296337128 -0.088878147 -0.024400948 0.995743573 527.065917969
0.995970309 0.000263125 0.089683443 54.525123596 -0.002445894 0.999703407 0.024229562 -48.479347229 -0.089650474 -0.024351276 0.995675564 529.383666992
0.995929956 -0.001627802 0.090116136 54.813385010 -0.000693612 0.999668896 0.025722938 -48.662334442 -0.090128191 -0.025680751 0.995598972 531.698303223
0.995877326 -0.003151803 0.090655744 55.114486694 0.000857008 0.999678493 0.025341084 -48.840221405 -0.090706460 -0.025158916 0.995559752 534.028320312
0.995828152 -0.003186706 0.091192164 55.409976959 0.000933477 0.999693453 0.024740579 -49.021858215 -0.091243044 -0.024552241 0.995525956 536.349121094
0.995745659 -0.003362046 0.092082858 55.706676483 0.001105232 0.999698043 0.024548555 -49.205429077 -0.092137568 -0.024342343 0.995448709 538.674499512
0.995658517 -0.002859756 0.093037069 56.003490448 0.000638708 0.999714315 0.023893746 -49.391136169 -0.093078822 -0.023730589 0.995375931 541.000732422
0.995566428 -0.002112761 0.094037168 56.299854279 -0.000110326 0.999720812 0.023629043 -49.578689575 -0.094060838 -0.023534654 0.995288253 543.325866699
0.995470464 -0.001694023 0.095056571 56.608554840 -0.000444161 0.999747515 0.022468131 -49.761947632 -0.095070660 -0.022408584 0.995218217 545.648498535
0.995354593 -0.001666644 0.096261844 56.895069122 -0.000580318 0.999728143 0.023309484 -49.955570221 -0.096274503 -0.023257062 0.995083094 547.979797363
0.995259702 -0.001639117 0.097238839 57.195774078 -0.000711206 0.999708474 0.024131037 -50.143951416 -0.097250052 -0.024085805 0.994968474 550.303100586
0.995200098 -0.001464838 0.097849824 57.499839783 -0.000845269 0.999722064 0.023563087 -50.320907593 -0.097857133 -0.023532692 0.994922161 552.609924316
0.995243192 -0.003523056 0.097358182 57.825798035 0.001242949 0.999723732 0.023470519 -50.521064758 -0.097413957 -0.023237860 0.994972646 554.933227539
0.995314956 -0.003753160 0.096612893 58.156524658 0.001426525 0.999707580 0.024139844 -50.707859039 -0.096675240 -0.023888927 0.995029271 557.251525879
0.995251715 -0.003554574 0.097268946 58.463249207 0.001197217 0.999704421 0.024283092 -50.888011932 -0.097326510 -0.024051340 0.994961977 559.560546875
0.995224178 -0.002993249 0.097569212 58.779853821 0.000535808 0.999682188 0.025203116 -51.070541382 -0.097613655 -0.025030473 0.994909585 561.897949219
0.995234430 -0.003795878 0.097437382 59.104820251 0.001287293 0.999666393 0.025795573 -51.252864838 -0.097502798 -0.025547212 0.994907320 564.232727051
0.995192409 -0.003245802 0.097885154 59.421257019 0.000659901 0.999650359 0.026438519 -51.430286407 -0.097936720 -0.026246825 0.994846404 566.558532715
0.995132148 -0.002100360 0.098526932 59.741420746 -0.000455987 0.999664009 0.025915986 -51.615783691 -0.098548271 -0.025834758 0.994796813 568.885070801
0.995142221 -0.001025481 0.098442689 60.074939728 -0.001373054 0.999703944 0.024293952 -51.791473389 -0.098438442 -0.024311099 0.994846165 571.222290039
0.995104730 -0.000549345 0.098824866 60.401622772 -0.001886172 0.999696791 0.024549661 -51.976081848 -0.098808408 -0.024615882 0.994802058 573.541198730
0.995133698 -0.000424389 0.098533198 60.737567902 -0.002109806 0.999669671 0.025613584 -52.167285919 -0.098511510 -0.025696822 0.994804204 575.918151855
0.995140851 -0.000431573 0.098461188 61.067989349 -0.002248886 0.999629855 0.027110897 -52.356651306 -0.098436452 -0.027200587 0.994771600 578.231567383
0.995069623 -0.000027414 0.099179931 61.384819031 -0.002504310 0.999674201 0.025401989 -52.543910980 -0.099148326 -0.025525123 0.994745255 580.621337891
0.995123863 -0.000601810 0.098631866 61.713874817 -0.001896212 0.999679863 0.025231032 -52.721473694 -0.098615482 -0.025295028 0.994804144 582.961608887
0.995061219 -0.001180042 0.099255957 62.033946991 -0.001474451 0.999643326 0.026666313 -52.913944244 -0.099252023 -0.026680963 0.994704545 585.297302246
0.995133579 -0.000885784 0.098530985 62.361789703 -0.001771588 0.999637067 0.026879143 -53.093505859 -0.098519050 -0.026922889 0.994770885 587.612182617
0.995065510 -0.003449426 0.099160388 62.688880920 0.000914879 0.999671936 0.025594199 -53.280387878 -0.099216171 -0.025377184 0.994742215 589.973815918
0.995078623 -0.003641067 0.099021636 63.015438080 0.001119182 0.999673903 0.025511667 -53.457477570 -0.099082239 -0.025275292 0.994758189 592.321289062
0.995092332 -0.005291191 0.098809265 63.337211609 0.002740265 0.999659896 0.025934543 -53.639511108 -0.098912902 -0.025536504 0.994768322 594.656433105
0.995135069 -0.006110604 0.098330043 63.672138214 0.003539887 0.999647856 0.026297020 -53.823238373 -0.098456115 -0.025821012 0.994806349 597.014831543
