1.000000000 0.000000000 0.000000000 0.000000000 0.000000000 1.000000000 0.000000000 0.000000000 0.000000000 0.000000000 1.000000000 0.000000000
0.999999940 -0.000035483 0.000330373 0.088263400 0.000035556 1.000000000 -0.000221441 -0.226244003 -0.000330365 0.000221453 0.999999940 2.286645889
0.999999523 0.000182607 0.001096086 0.167207047 -0.000182903 0.999999940 0.000270701 -0.463939935 -0.001096036 -0.000270901 0.999999344 4.583265781
0.999998689 -0.000037042 0.001622807 0.264812976 0.000036187 0.999999881 0.000526944 -0.695446312 -0.001622826 -0.000526885 0.999998569 6.870244026
0.999996722 -0.000083919 0.002549304 0.358924478 0.000087125 0.999999166 -0.001257577 -0.926886618 -0.002549196 0.001257795 0.999995887 9.164679527
0.999987960 0.001595449 0.004631321 0.450034291 -0.001595811 0.999998748 0.000074365 -1.162765861 -0.004631197 -0.000081755 0.999989271 11.470864296
0.999969006 0.003393949 0.007103133 0.546941876 -0.003401683 0.999993622 0.001077054 -1.391908884 -0.007099434 -0.001101183 0.999974191 13.757253647
0.999949336 0.003250785 0.009524290 0.652570367 -0.003285765 0.999987900 0.003659491 -1.621117592 -0.009512278 -0.003690601 0.999947965 16.029621124
0.999941468 0.003737474 0.010152605 0.754142404 -0.003793317 0.999977767 0.005486737 -1.855763912 -0.010131872 -0.005524929 0.999933362 18.316263199
0.999933720 0.002683197 0.011198399 0.866447091 -0.002746910 0.999980152 0.005677959 -2.080966473 -0.011182941 -0.005708345 0.999921203 20.585941315
0.999925375 0.000615219 0.012196306 0.982899129 -0.000649734 0.999995768 0.002826198 -2.297858715 -0.012194518 -0.002833911 0.999921560 22.912000656
0.999911487 -0.001558637 0.013215047 1.087528825 0.001555270 0.999998748 0.000265049 -2.512378216 -0.013215444 -0.000244472 0.999912679 25.200704575
0.999911249 -0.002662071 0.013052456 1.221867204 0.002660663 0.999996424 0.000125169 -2.768663168 -0.013052744 -0.000090429 0.999914765 27.479652405
0.999893010 -0.002285885 0.014440414 1.324086905 0.002297236 0.999997020 -0.000769520 -2.994420290 -0.014438613 0.000802611 0.999895453 29.766473770
0.999891400 -0.000261746 0.014730384 1.457114220 0.000234962 0.999998331 0.001820008 -3.226296663 -0.014730837 -0.001816350 0.999889791 32.045234680
0.999893010 0.001698680 0.014529258 1.590993643 -0.001757155 0.999990344 0.004012824 -3.447408915 -0.014522301 -0.004037925 0.999886394 34.324920654
0.999854684 0.003705381 0.016634678 1.700984836 -0.003839482 0.999960303 0.008036748 -3.677619934 -0.016604239 -0.008099450 0.999829352 36.643634796
0.999842525 0.005604079 0.016835146 1.825676322 -0.005734363 0.999953926 0.007700543 -3.896237135 -0.016791217 -0.007795870 0.999828577 38.914131165
0.999802530 0.004921850 0.019252218 1.924928904 -0.005041972 0.999968052 0.006195821 -4.101922989 -0.019221107 -0.006291665 0.999795556 41.214130402
0.999810219 0.002450451 0.019326504 2.052776098 -0.002551241 0.999983311 0.005192233 -4.326947212 -0.019313460 -0.005240554 0.999799728 43.491310120
0.999803603 0.002506555 0.019657563 2.177942753 -0.002584758 0.999988854 0.003953818 -4.550811768 -0.019647434 -0.004003850 0.999798954 45.729618073
0.999793231 0.001997521 0.020236142 2.296123266 -0.002054719 0.999993920 0.002806143 -4.778073788 -0.020230414 -0.002847142 0.999791265 48.002841949
0.999799430 0.000634492 0.020023637 2.438636780 -0.000697859 0.999994695 0.003157768 -5.006157875 -0.020021530 -0.003171108 0.999794543 50.281532288
0.999780715 -0.000076193 0.020937929 2.571386337 0.000004213 0.999994099 0.003437826 -5.230251312 -0.020938065 -0.003436984 0.999774873 52.547157288
0.999774277 -0.001342810 0.021205761 2.709029198 0.001268066 0.999992967 0.003537782 -5.461604595 -0.021210365 -0.003510093 0.999768853 54.828891754
0.999749541 -0.001547351 0.022325041 2.842874527 0.001462583 0.999991655 0.003812806 -5.689512730 -0.022330752 -0.003779199 0.999743521 57.128555298
0.999733329 -0.002949662 0.022901835 2.983961582 0.002850183 0.999986351 0.004375118 -5.913757324 -0.022914430 -0.004308677 0.999728143 59.395679474
0.999685585 -0.004334329 0.024693849 3.110224247 0.004239420 0.999983549 0.003894455 -6.139712811 -0.024710318 -0.003788543 0.999687493 61.664279938
0.999669313 -0.005099424 0.025204392 3.264182329 0.005007229 0.999980569 0.003719585 -6.364782333 -0.025222866 -0.003592151 0.999675512 63.916450500
0.999636233 -0.004698894 0.026555941 3.406338215 0.004587637 0.999980390 0.004248938 -6.587535381 -0.026575388 -0.004125563 0.999638319 66.183235168
0.999610186 -0.003724640 0.027669601 3.555590630 0.003597509 0.999982774 0.004642949 -6.815633297 -0.027686417 -0.004541597 0.999606311 68.434410095
0.999566317 -0.004037534 0.029169571 3.693757772 0.003908000 0.999982178 0.004496386 -7.042609692 -0.029187206 -0.004380441 0.999564350 70.679458618
0.999553442 -0.004887417 0.029476473 3.857563019 0.004800094 0.999983907 0.003032473 -7.265509129 -0.029490819 -0.002889629 0.999560833 72.926689148
0.999533653 -0.005719535 0.029993225 4.011250496 0.005618085 0.999978185 0.003465603 -7.491169930 -0.030012392 -0.003295482 0.999544084 75.195716858
0.999482334 -0.007015241 0.031398650 4.175505638 0.006920708 0.999971151 0.003118415 -7.725862980 -0.031419624 -0.002899500 0.999502122 77.463439941
0.999490976 -0.007862227 0.030916380 4.341240883 0.007775449 0.999965429 0.002926098 -7.952299595 -0.030938309 -0.002684220 0.999517679 79.707763672
0.999460757 -0.008407076 0.031739328 4.492618084 0.008335588 0.999962509 0.002383977 -8.168665886 -0.031758182 -0.002118126 0.999493361 81.962234497
0.999439478 -0.007459429 0.032636289 4.664263725 0.007375129 0.999969125 0.002702662 -8.401893616 -0.032655444 -0.002460450 0.999463618 84.232986450
0.999390364 -0.007180443 0.034166213 4.823767185 0.007085992 0.999970615 0.002884719 -8.616467476 -0.034185927 -0.002640858 0.999412000 86.486076355
0.999390006 -0.006946916 0.034223270 4.996063232 0.006799790 0.999967098 0.004413499 -8.854084015 -0.034252800 -0.004178093 0.999404490 88.764175415
0.999365211 -0.006144475 0.035091888 5.159276009 0.005975271 0.999970019 0.004924614 -9.078691483 -0.035121087 -0.004711804 0.999371946 91.019241333
0.999341547 -0.006160535 0.035755482 5.330884933 0.005988660 0.999970019 0.004912012 -9.300148964 -0.035784662 -0.004694652 0.999348462 93.271003723
0.999325216 -0.006299724 0.036185134 5.502528191 0.006141675 0.999971092 0.004477296 -9.518825531 -0.036212292 -0.004252037 0.999335051 95.523086548
0.999295592 -0.006784682 0.036909103 5.670165062 0.006615020 0.999966919 0.004716917 -9.739055634 -0.036939889 -0.004469439 0.999307513 97.777565002
0.999263108 -0.006784203 0.037777837 5.835833549 0.006629140 0.999969006 0.004228385 -9.969054222 -0.037805356 -0.003974834 0.999277234 100.008941650
0.999204934 -0.006935827 0.039258774 6.001873970 0.006729852 0.999962926 0.005376330 -10.186349869 -0.039294612 -0.005107850 0.999214590 102.241859436
0.999176204 -0.007019366 0.039971564 6.190666676 0.006814972 0.999963045 0.005247452 -10.405489922 -0.040006917 -0.004970724 0.999186993 104.496131897
0.999151409 -0.007733671 0.040456243 6.364359856 0.007495893 0.999953687 0.006025799 -10.631690025 -0.040500972 -0.005717429 0.999163151 106.724868774
0.999117315 -0.009166779 0.040994953 6.552400589 0.008912196 0.999939859 0.006388540 -10.852091789 -0.041051056 -0.006017547 0.999138892 108.972152710
0.999059677 -0.009868158 0.042216964 6.731458664 0.009572298 0.999928176 0.007204458 -11.071811676 -0.042285018 -0.006793570 0.999082506 111.210433960
0.999046445 -0.010432101 0.042395245 6.925843239 0.010188404 0.999930263 0.005960315 -11.293654442 -0.042454470 -0.005522693 0.999083161 113.461959839
0.998994589 -0.010791483 0.043513112 7.110480785 0.010580396 0.999931157 0.005078505 -11.510674477 -0.043564919 -0.004613014 0.999039948 115.700897217
0.998957872 -0.010995171 0.044300314 7.289357662 0.010761902 0.999926984 0.005500678 -11.735244751 -0.044357572 -0.005018191 0.999003112 117.917724609
0.998908579 -0.011663188 0.045228679 7.481900215 0.011385931 0.999914765 0.006382979 -11.957452774 -0.045299273 -0.005861042 0.998956203 120.145080566
0.998880029 -0.012518493 0.045627147 7.689476967 0.012215539 0.999901474 0.006912602 -12.179865837 -0.045709178 -0.006347499 0.998934627 122.348701477
0.998856127 -0.012743511 0.046086166 7.892164230 0.012452742 0.999900758 0.006590888 -12.402933121 -0.046165574 -0.006009450 0.998915672 124.611587524
0.998826444 -0.012917927 0.046678435 8.077814102 0.012664746 0.999903440 0.005715642 -12.627214432 -0.046747755 -0.005117763 0.998893619 126.887641907
0.998819947 -0.014611903 0.046315312 8.275093079 0.014346913 0.999878705 0.006048750 -12.844748497 -0.046398088 -0.005377130 0.998908520 129.157608032
0.998851120 -0.015769713 0.045250304 8.471511841 0.015489766 0.999858618 0.006530636 -13.064427376 -0.045346886 -0.005822217 0.998954356 131.415695190
0.998904824 -0.016098317 0.043931358 8.669037819 0.015781993 0.999847054 0.007537805 -13.277877808 -0.044045985 -0.006836226 0.999006152 133.653030396
0.998953640 -0.017021069 0.042449411 8.861156464 0.016723119 0.999833047 0.007364251 -13.499324799 -0.042567663 -0.006646658 0.999071479 135.903228760
0.999040425 -0.017857747 0.039992593 9.073291779 0.017587239 0.999820054 0.007105666 -13.713347435 -0.040112291 -0.006395487 0.999174714 138.123718262
0.999012053 -0.018488098 0.040411226 9.242815018 0.018200142 0.999806285 0.007482043 -13.943422318 -0.040541746 -0.006739161 0.999155104 140.402572632
0.999004543 -0.018817268 0.040446170 9.415157318 0.018523052 0.999799252 0.007636778 -14.149757385 -0.040581763 -0.006879989 0.999152541 142.633895874
0.999051809 -0.018771501 0.039285850 9.613830566 0.018428218 0.999788940 0.009082036 -14.378452301 -0.039448027 -0.008349455 0.999186754 144.859130859
0.999060631 -0.017743846 0.039534342 9.788455009 0.017438564 0.999815524 0.008053510 -14.591277122 -0.039669946 -0.007356524 0.999185681 147.105545044
0.999084353 -0.016706290 0.039387878 9.973029137 0.016466722 0.999843895 0.006398853 -14.802947044 -0.039488625 -0.005744405 0.999203503 149.334625244
0.999096394 -0.015286412 0.039657354 10.153038979 0.015077417 0.999870718 0.005563820 -15.022069931 -0.039737288 -0.004960863 0.999197781 151.566787720
0.999101460 -0.014617980 0.039781876 10.339138031 0.014404302 0.999880254 0.005652628 -15.235439301 -0.039859742 -0.005074520 0.999192417 153.789443970
0.999085307 -0.014117859 0.040365390 10.523097992 0.013882383 0.999884963 0.006108009 -15.452437401 -0.040446978 -0.005542054 0.999166310 156.036727905
0.999084771 -0.012559040 0.040888250 10.699983597 0.012269601 0.999897897 0.007322077 -15.660414696 -0.040976029 -0.006813692 0.999136865 158.235733032
0.999030828 -0.011768152 0.042413063 10.879747391 0.011417554 0.999898672 0.008499050 -15.877422333 -0.042508785 -0.008006559 0.999063969 160.470657349
0.999015808 -0.010185511 0.043168299 11.057208061 0.009745718 0.999898553 0.010386078 -16.096185684 -0.043269705 -0.009955149 0.999013841 162.733474731
0.998978138 -0.009714169 0.044139728 11.239178658 0.009299672 0.999910831 0.009586235 -16.296058655 -0.044228911 -0.009165954 0.998979390 164.979965210
0.998942018 -0.009022981 0.045094106 11.434780121 0.008653197 0.999927402 0.008388775 -16.507133484 -0.045166519 -0.007989691 0.998947620 167.214263916
0.998852849 -0.007143260 0.047351688 11.617158890 0.006747663 0.999941051 0.008509031 -16.715787888 -0.047409687 -0.008179756 0.998841941 169.446777344
0.998753726 -0.006550227 0.049478393 11.830027580 0.006091269 0.999937057 0.009421060 -16.947599411 -0.049536988 -0.009107932 0.998730779 171.699386597
0.998634458 -0.006665709 0.051815141 12.031691551 0.006205083 0.999939859 0.009045567 -17.153480530 -0.051872317 -0.008711698 0.998615742 173.956542969
0.998548508 -0.006562102 0.053458985 12.236862183 0.006049669 0.999934256 0.009741726 -17.367883682 -0.053519394 -0.009404177 0.998522520 176.197769165
0.998498976 -0.007348560 0.054274894 12.445192337 0.006782471 0.999920726 0.010606851 -17.577814102 -0.054348543 -0.010222813 0.998469651 178.424453735
0.998441756 -0.008285328 0.055186413 12.645120621 0.007716787 0.999915063 0.010507334 -17.784282684 -0.055268783 -0.010065097 0.998420715 180.657699585
0.998501837 -0.009016220 0.053970285 12.858810425 0.008481617 0.999912679 0.010126384 -17.990213394 -0.054056879 -0.009653457 0.998491108 182.899658203
0.998519421 -0.010173447 0.053436302 13.073519707 0.009633613 0.999899983 0.010350307 -18.206571579 -0.053536266 -0.009820198 0.998517632 185.139556885
0.998537779 -0.011895668 0.052732296 13.289958954 0.011328176 0.999874771 0.011047646 -18.412647247 -0.052857112 -0.010434132 0.998547614 187.381423950
0.998508871 -0.012836833 0.053061716 13.475104332 0.012291700 0.999868393 0.010587218 -18.623193741 -0.053190652 -0.009919213 0.998535097 189.621429443
0.998490036 -0.013923018 0.053139780 13.684104919 0.013398562 0.999858081 0.010212907 -18.831432343 -0.053274427 -0.009485488 0.998534918 191.860015869
0.998474061 -0.015080135 0.053123258 13.880584717 0.014600456 0.999849141 0.009406152 -19.042005539 -0.053257093 -0.008616176 0.998543680 194.100952148
0.998484790 -0.014646592 0.053043898 14.091914177 0.014139497 0.999850810 0.009922618 -19.253122330 -0.053181320 -0.009157570 0.998542845 196.331146240
0.998502433 -0.013421591 0.053034756 14.308399200 0.012869079 0.999859393 0.010745770 -19.469593048 -0.053171530 -0.010047170 0.998534858 198.560592651
0.998512089 -0.010431522 0.053523995 14.506429672 0.009917203 0.999902070 0.009865752 -19.685073853 -0.053621672 -0.009320262 0.998517811 200.803848267
0.998474181 -0.009536995 0.054390609 14.716057777 0.009047823 0.999916434 0.009232850 -19.897642136 -0.054474115 -0.008726644 0.998477042 203.059646606
0.998441458 -0.010203355 0.054868508 14.922632217 0.009666991 0.999902964 0.010031980 -20.106243134 -0.054965548 -0.009485930 0.998443127 205.285385132
0.998424530 -0.011637154 0.054889541 15.132883072 0.011078320 0.999883771 0.010474379 -20.315799713 -0.055005055 -0.009849793 0.998437464 207.504287720
0.998370886 -0.011997879 0.055784412 15.339792252 0.011445751 0.999882400 0.010206546 -20.520774841 -0.055900317 -0.009551422 0.998390675 209.729049683
0.998262465 -0.011673933 0.057756193 15.551117897 0.011032008 0.999873877 0.011420816 -20.734451294 -0.057882246 -0.010763804 0.998265386 211.965927124
0.998167872 -0.010432747 0.059598062 15.776233673 0.009742550 0.999882162 0.011859734 -20.943618774 -0.059714776 -0.011257370 0.998152018 214.189453125
0.997989535 -0.008928072 0.062748797 15.974973679 0.008207088 0.999897420 0.011738380 -21.142044067 -0.062847167 -0.011199790 0.997960448 216.434478760
0.997848094 -0.008700746 0.064986959 16.203041077 0.007930558 0.999895334 0.012099981 -21.346895218 -0.065085441 -0.011558560 0.997812748 218.671249390
0.997718871 -0.009857104 0.066782035 16.438333511 0.009047612 0.999882042 0.012413065 -21.543889999 -0.066896535 -0.011780530 0.997690320 220.898361206
0.997623444 -0.011254742 0.067975476 16.675603867 0.010391259 0.999860883 0.013043124 -21.742883682 -0.068112813 -0.012305774 0.997601748 223.126434326
0.997575164 -0.013498890 0.068277247 16.926937103 0.012681318 0.999842763 0.012393651 -21.952444077 -0.068433829 -0.011497750 0.997589350 225.340972900
0.997544587 -0.014694091 0.068475351 17.171512604 0.013890363 0.999829113 0.012198882 -22.153663635 -0.068642914 -0.011217779 0.997578204 227.586608887
0.997502625 -0.014689017 0.069085188 17.410482407 0.013877253 0.999829113 0.012215531 -22.354911804 -0.069252804 -0.011226313 0.997535884 229.822311401
0.997451007 -0.015799453 0.069583841 17.660409927 0.015058260 0.999824286 0.011163531 -22.560827255 -0.069747992 -0.010087264 0.997513652 232.070281982
0.997415066 -0.016787302 0.069867007 17.909101486 0.015979692 0.999799013 0.012102121 -22.761054993 -0.070056126 -0.010954384 0.997482896 234.308334351
0.997397482 -0.015712544 0.070365347 18.179655075 0.014860338 0.999809980 0.012618379 -22.971662521 -0.070550218 -0.011539884 0.997441471 236.564758301
0.997359097 -0.015211523 0.071016669 18.423217773 0.014379222 0.999821961 0.012216358 -23.166702271 -0.071189865 -0.011162932 0.997400343 238.786331177
0.997322261 -0.015488998 0.071472414 18.670785904 0.014617178 0.999812424 0.012704949 -23.372943878 -0.071655795 -0.011626204 0.997361600 241.010375977
0.997284591 -0.015912952 0.071904309 18.921838760 0.015018903 0.999803245 0.012957505 -23.575998306 -0.072096363 -0.011842399 0.997327328 243.248519897
0.997252345 -0.016028579 0.072326191 19.171781540 0.015186205 0.999810457 0.012181829 -23.782667160 -0.072507754 -0.011049999 0.997306585 245.469543457
0.997263253 -0.015761340 0.072232500 19.428697586 0.014962385 0.999820828 0.011588687 -23.989078522 -0.072402231 -0.010476203 0.997320473 247.698089600
0.997244835 -0.016189303 0.072393745 19.684261322 0.015349457 0.999808371 0.012142486 -24.194585800 -0.072576463 -0.010997825 0.997302234 249.925582886
0.997204363 -0.017472696 0.072650589 19.940624237 0.016647639 0.999790072 0.011946542 -24.395872116 -0.072844058 -0.010703686 0.997285903 252.155868530
0.997206092 -0.017728189 0.072564870 20.209743500 0.016842773 0.999776244 0.012795509 -24.604385376 -0.072775476 -0.011537569 0.997281551 254.415222168
0.997192383 -0.018501949 0.072561435 20.457595825 0.017593969 0.999758959 0.013132554 -24.809827805 -0.072786912 -0.011819038 0.997277498 256.636016846
0.997148216 -0.019094467 0.073012009 20.717124939 0.018142834 0.999741852 0.013675111 -25.019809723 -0.073254280 -0.012311469 0.997237444 258.916717529
0.997116268 -0.018744072 0.073537782 20.974014282 0.017818870 0.999753892 0.013217317 -25.220657349 -0.073767431 -0.011868842 0.997204781 261.155883789
0.997101843 -0.018688291 0.073747180 21.238033295 0.017808549 0.999762416 0.012568812 -25.418491364 -0.073964551 -0.011219057 0.997197747 263.401947021
0.997071147 -0.017961927 0.074339919 21.501180649 0.017110644 0.999780715 0.012072334 -25.623634338 -0.074540451 -0.010764972 0.997159898 265.636047363
0.997021675 -0.017289098 0.075158902 21.763668060 0.016424906 0.999791920 0.012101166 -25.823144913 -0.075352490 -0.010830646 0.997098207 267.876892090
0.996908545 -0.017393917 0.076621480 22.028032303 0.016534466 0.999793231 0.011837067 -26.033849716 -0.076811530 -0.010533578 0.996989965 270.127685547
0.996849656 -0.018117279 0.077217586 22.307992935 0.017221047 0.999776602 0.012256754 -26.242197037 -0.077422380 -0.010888375 0.996938884 272.369628906
0.996596575 -0.018928248 0.080232203 22.546121597 0.017968200 0.999758244 0.012671052 -26.437374115 -0.080452658 -0.011186297 0.996695638 274.617492676
0.996485531 -0.018845975 0.081617072 22.823734283 0.017765136 0.999744833 0.013948887 -26.631570816 -0.081859127 -0.012449925 0.996566117 276.852142334
0.996406376 -0.018064177 0.082752302 23.106142044 0.016845126 0.999739408 0.015405924 -26.844017029 -0.083009034 -0.013956591 0.996451020 279.098510742
0.996324182 -0.017887056 0.083774656 23.392732620 0.016571369 0.999728620 0.016374191 -27.045745850 -0.084044792 -0.014925742 0.996350169 281.335235596
0.996232212 -0.017103221 0.085022949 23.667411804 0.015746677 0.999738216 0.016600201 -27.238183975 -0.085284606 -0.015198830 0.996240675 283.586456299
0.996137619 -0.016011853 0.086333513 23.939569473 0.014708125 0.999768376 0.015716100 -27.426326752 -0.086565144 -0.014385594 0.996142268 285.810485840
0.996124864 -0.015851911 0.086511046 24.232528687 0.014634646 0.999785006 0.014686797 -27.613519669 -0.086725272 -0.013363824 0.996142626 288.046356201
0.996087193 -0.016560853 0.086809725 24.511835098 0.015330008 0.999772608 0.014826234 -27.815078735 -0.087035507 -0.013437430 0.996114492 290.271911621
0.996000707 -0.016645826 0.087781332 24.774040222 0.015487602 0.999783993 0.013859131 -28.008668900 -0.087993070 -0.012444182 0.996043265 292.538482666
0.996034086 -0.017121598 0.087310940 25.063024521 0.016035160 0.999785364 0.013129585 -28.206510544 -0.087516993 -0.011677469 0.996094584 294.764129639
0.996014118 -0.017231299 0.087515406 25.344984055 0.016170843 0.999787152 0.012811955 -28.405513763 -0.087717533 -0.011345690 0.996080756 296.998077393
0.996017516 -0.016489638 0.087619893 25.629587173 0.015403887 0.999796093 0.013053359 -28.604270935 -0.087817296 -0.011651685 0.996068418 299.236328125
0.995960772 -0.016248237 0.088306516 25.896511078 0.015059972 0.999787211 0.014105789 -28.812377930 -0.088516913 -0.012718922 0.995993495 301.466430664
0.995952725 -0.016671117 0.088318929 26.185741425 0.015468141 0.999778271 0.014287811 -29.010572433 -0.088537537 -0.012863853 0.995989799 303.713439941
0.995904863 -0.016253807 0.088934526 26.472770691 0.015026201 0.999782622 0.014455659 -29.210193634 -0.089150153 -0.013060112 0.995932579 305.963714600
0.995905936 -0.017309105 0.088723131 26.762767792 0.016083909 0.999765396 0.014505612 -29.417186737 -0.088953421 -0.013019210 0.995950639 308.212493896
0.995854914 -0.018240821 0.089107461 27.049552917 0.016982891 0.999745369 0.014854925 -29.613193512 -0.089355730 -0.013280048 0.995911241 310.464263916
0.995811641 -0.017659036 0.089706764 27.335645676 0.016444758 0.999763131 0.014257269 -29.815973282 -0.089937292 -0.012722350 0.995866120 312.698303223
0.995817840 -0.017355260 0.089697719 27.632564545 0.016068779 0.999757707 0.015044687 -30.019178391 -0.089937069 -0.013540433 0.995855391 314.943145752
0.995768845 -0.015546027 0.090569049 27.920890808 0.014311878 0.999795914 0.014260184 -30.220470428 -0.090772241 -0.012903634 0.995788097 317.178100586
0.995744705 -0.013714577 0.091127835 28.206632614 0.012428405 0.999815226 0.014666455 -30.418945312 -0.091312140 -0.013471472 0.995731115 319.413848877
0.995665610 -0.012369611 0.092179261 28.489196777 0.011120020 0.999839306 0.014057423 -30.616796494 -0.092338338 -0.012971458 0.995643198 321.638519287
0.995633423 -0.011620193 0.092623517 28.778217316 0.010302381 0.999838948 0.014693087 -30.812849045 -0.092779338 -0.013674687 0.995592773 323.874114990
0.995635033 -0.011179262 0.092659876 29.075912476 0.009742890 0.999825478 0.015939459 -31.019180298 -0.092821904 -0.014967111 0.995570183 326.103698730
0.995576859 -0.011809609 0.093205422 29.359605789 0.010398188 0.999824047 0.015614253 -31.218208313 -0.093373418 -0.014576023 0.995524466 328.337707520
0.995594978 -0.013022218 0.092849776 29.666986465 0.011706607 0.999823272 0.014699880 -31.413887024 -0.093024798 -0.013548173 0.995571613 330.565948486
0.995539546 -0.012380693 0.093529031 29.952203751 0.011058399 0.999831557 0.014642877 -31.614303589 -0.093694560 -0.013543281 0.995508850 332.787139893
0.995513976 -0.013047411 0.093710892 30.246082306 0.011636011 0.999810755 0.015591892 -31.807823181 -0.093896590 -0.014431527 0.995477378 335.026824951
0.995541096 -0.013603558 0.093344070 30.554145813 0.012198512 0.999803782 0.015606499 -32.001773834 -0.093538038 -0.014398249 0.995511591 337.255554199
0.995523155 -0.013297549 0.093577012 30.840383530 0.011845104 0.999800980 0.016059726 -32.204833984 -0.093771905 -0.014879405 0.995482445 339.483917236
0.995530546 -0.013393446 0.093485728 31.142421722 0.011977968 0.999805212 0.015685888 -32.403190613 -0.093677603 -0.014496012 0.995497048 341.719482422
0.995542526 -0.013289995 0.093372062 31.438817978 0.011803104 0.999794900 0.016458636 -32.602600098 -0.093571626 -0.015283193 0.995495260 343.967773438
0.995570660 -0.012500590 0.093181156 31.732734680 0.011006977 0.999802828 0.016525874 -32.796455383 -0.093369380 -0.015427035 0.995512009 346.204711914
0.995575011 -0.012494395 0.093135588 32.025112152 0.011018904 0.999805868 0.016339846 -32.989929199 -0.093321644 -0.015241291 0.995519340 348.443939209
0.995543361 -0.012119783 0.093522750 32.318626404 0.010590200 0.999802232 0.016834211 -33.190803528 -0.093708284 -0.015768763 0.995474815 350.687042236
0.995575428 -0.012301931 0.093156852 32.612770081 0.010749651 0.999795198 0.017146615 -33.383087158 -0.093348719 -0.016069347 0.995503724 352.905181885
0.995599389 -0.011966735 0.092944622 32.905078888 0.010456758 0.999805570 0.016716052 -33.580001831 -0.093126602 -0.015670594 0.995530963 355.141601562
0.995618701 -0.011892993 0.092746571 33.196830750 0.010340488 0.999798536 0.017201867 -33.773735046 -0.092932470 -0.016167460 0.995541155 357.370544434
0.995664358 -0.011113836 0.092352271 33.494117737 0.009471395 0.999789417 0.018203855 -33.972640991 -0.092535160 -0.017250227 0.995559931 359.609680176
0.995702863 -0.011173426 0.091929436 33.791584015 0.009523247 0.999785900 0.018369624 -34.169921875 -0.092115007 -0.017415224 0.995596051 361.846282959
0.995739400 -0.011040023 0.091548815 34.089672089 0.009356997 0.999779642 0.018792804 -34.361434937 -0.091736108 -0.017856117 0.995623231 364.082427979
0.995788634 -0.011064466 0.091007888 34.388221741 0.009448652 0.999790311 0.018166382 -34.553478241 -0.091189809 -0.017229974 0.995684385 366.340393066
0.995780587 -0.011685411 0.091018185 34.676002502 0.010085451 0.999786794 0.018018601 -34.747531891 -0.091209330 -0.017024614 0.995686173 368.594818115
0.995782673 -0.011552702 0.091012888 34.963748932 0.010009995 0.999798775 0.017388692 -34.936107635 -0.091195442 -0.016404325 0.995697916 370.847839355
0.995827436 -0.011969668 0.090467945 35.257495880 0.010465547 0.999799311 0.017082147 -35.130985260 -0.090654261 -0.016064072 0.995752990 373.098266602
0.996008933 -0.011956264 0.088448189 35.570808411 0.010447342 0.999792218 0.017503265 -35.320747375 -0.088639073 -0.016509362 0.995926976 375.335479736
0.995850921 -0.012003540 0.090204753 35.841339111 0.010399444 0.999779701 0.018231858 -35.510986328 -0.090403728 -0.017218133 0.995756328 377.584686279
0.995841861 -0.012622389 0.090219244 36.132186890 0.010988999 0.999767005 0.018578529 -35.708263397 -0.090432718 -0.017509855 0.995748639 379.827545166
0.995859146 -0.012559962 0.090038121 36.430942535 0.010929397 0.999767601 0.018579956 -35.893699646 -0.090250552 -0.017518954 0.995764971 382.080932617
0.995857120 -0.011595621 0.090189725 36.727092743 0.009937265 0.999773622 0.018814759 -36.087123871 -0.090387471 -0.017840572 0.995746851 384.339202881
0.995851099 -0.010580935 0.090379842 37.018482208 0.008922092 0.999784589 0.018738462 -36.271583557 -0.090558641 -0.017854340 0.995731056 386.597442627
0.995881438 -0.009404734 0.090175427 37.324642181 0.007739387 0.999793291 0.018799769 -36.472213745 -0.090333574 -0.018024439 0.995748460 388.869842529
0.995846391 -0.008032642 0.090693988 37.610084534 0.006364777 0.999805570 0.018664295 -36.664524078 -0.090826280 -0.018009525 0.995703876 391.147003174
0.995884478 -0.006966728 0.090362795 37.909740448 0.005179555 0.999786615 0.019997187 -36.854228973 -0.090482831 -0.019446852 0.995708048 393.406768799
0.995799005 -0.005899957 0.091375768 38.192413330 0.004051147 0.999783576 0.020405315 -37.044178009 -0.091476381 -0.019949412 0.995607376 395.667755127
0.995742321 -0.005420404 0.092020966 38.487190247 0.003709125 0.999817193 0.018757468 -37.238952637 -0.092105821 -0.018336289 0.995580316 397.933074951
0.995670676 -0.004746379 0.092829950 38.784809113 0.003089194 0.999833465 0.017987385 -37.429550171 -0.092899852 -0.017622743 0.995519459 400.204833984
0.995555162 -0.006039676 0.093987882 39.058944702 0.004248193 0.999805689 0.019249205 -37.622131348 -0.094085895 -0.018764364 0.995387256 402.475952148
0.995520353 -0.007567007 0.094244353 39.361747742 0.005678078 0.999777913 0.020294953 -37.814506531 -0.094376996 -0.019668911 0.995342195 404.725311279
0.995468318 -0.008310494 0.094729885 39.650638580 0.006379564 0.999766052 0.020668194 -38.006702423 -0.094879501 -0.019970195 0.995288432 406.988922119
0.995436192 -0.008335694 0.095064156 39.960205078 0.006516029 0.999789834 0.019435823 -38.194313049 -0.095206186 -0.018727681 0.995281398 409.253723145
0.995333493 -0.005730466 0.096324064 40.266235352 0.003832390 0.999795079 0.019878577 -38.396270752 -0.096418232 -0.019416662 0.995151520 411.522399902
0.995248675 -0.004209540 0.097273819 40.565395355 0.002316435 0.999805868 0.019566346 -38.585784912 -0.097337306 -0.019248055 0.995065331 413.765106201
0.995154679 -0.002984172 0.098275587 40.876781464 0.001058660 0.999806583 0.019639308 -38.776012421 -0.098315164 -0.019440107 0.994965374 416.041687012
0.995099127 -0.003144851 0.098832548 41.190975189 0.001222270 0.999808967 0.019507442 -38.967521667 -0.098875031 -0.019291038 0.994912863 418.293395996
0.994991899 -0.003066593 0.099907920 41.495273590 0.001125650 0.999809682 0.019477902 -39.154365540 -0.099948630 -0.019267900 0.994805992 420.543426514
0.994902253 -0.003158632 0.100794725 41.798938751 0.001206231 0.999810576 0.019425144 -39.348892212 -0.100836985 -0.019204533 0.994717598 422.795837402
0.994845212 -0.003602863 0.101341270 42.116641998 0.001538252 0.999789834 0.020443615 -39.539272308 -0.101393633 -0.020182347 0.994641662 425.067901611
0.994786859 -0.003028827 0.101932146 42.428241730 0.000860198 0.999772489 0.021312462 -39.729156494 -0.101973504 -0.021113675 0.994562984 427.321044922
0.994693458 -0.002147269 0.102861322 42.747207642 -0.000115257 0.999758363 0.021984901 -39.914653778 -0.102883682 -0.021880092 0.994452715 429.595031738
0.994709253 -0.002490462 0.102700315 43.070835114 0.000213278 0.999754012 0.022178112 -40.109523773 -0.102730289 -0.022038871 0.994464993 431.856811523
0.994654298 -0.003317794 0.103207372 43.392322540 0.001083532 0.999764025 0.021696819 -40.305038452 -0.103255004 -0.021469003 0.994423211 434.120819092
0.994651675 -0.002623855 0.103252925 43.719684601 0.000378541 0.999763191 0.021759359 -40.478881836 -0.103285566 -0.021603897 0.994417071 436.386016846
0.994589984 -0.002975330 0.103835866 44.040344238 0.000684835 0.999755800 0.022087490 -40.665515900 -0.103876241 -0.021896884 0.994349182 438.667602539
0.994643867 -0.003052784 0.103316218 44.372444153 0.000760644 0.999752820 0.022217808 -40.849529266 -0.103358507 -0.022020217 0.994400382 440.939544678
0.994602621 -0.002950259 0.103715509 44.697116852 0.000496078 0.999719381 0.023680462 -41.055496216 -0.103756279 -0.023501197 0.994325042 443.219238281
0.994572282 -0.003566330 0.103986599 45.023849487 0.001094228 0.999715567 0.023820626 -41.235519409 -0.104042016 -0.023577549 0.994293392 445.493286133
0.994551659 -0.003360175 0.104190938 45.342678070 0.000931385 0.999726892 0.023350848 -41.420402527 -0.104240961 -0.023126582 0.994283140 447.752655029
0.994589448 -0.002820795 0.103844948 45.670783997 0.000416253 0.999731481 0.023169503 -41.607048035 -0.103882425 -0.023000918 0.994323611 450.011962891
0.994503856 -0.002278706 0.104675315 45.986618042 -0.000124571 0.999736607 0.022947079 -41.797206879 -0.104700051 -0.022833994 0.994241595 452.268096924
0.994400024 -0.001613871 0.105670325 46.302104950 -0.000817090 0.999736130 0.022957809 -41.973365784 -0.105679490 -0.022915583 0.994136274 454.543426514
0.994345784 -0.001756210 0.106176324 46.617378235 -0.000662688 0.999741077 0.022742322 -42.165271759 -0.106188774 -0.022684094 0.994087219 456.799530029
0.994372606 -0.001204802 0.105932645 46.956691742 -0.001159477 0.999751627 0.022254284 -42.354263306 -0.105933137 -0.022251878 0.994124174 459.082092285
0.994357824 -0.000164958 0.106077977 47.284912109 -0.002251330 0.999740839 0.022658270 -42.538711548 -0.106054209 -0.022769243 0.994099617 461.364929199
0.994354665 0.000158283 0.106107377 47.611164093 -0.002726658 0.999706805 0.024060808 -42.723949432 -0.106072456 -0.024214290 0.994063675 463.639709473
0.994390368 0.000044912 0.105773322 47.931541443 -0.002637888 0.999699414 0.024374699 -42.902694702 -0.105740421 -0.024516979 0.994091630 465.905151367
0.994479775 0.000158934 0.104928225 48.262229919 -0.002591834 0.999730945 0.023050383 -43.082206726 -0.104896314 -0.023195090 0.994212747 468.183410645
0.994569838 -0.000237489 0.104071006 48.600883484 -0.002150186 0.999737024 0.022829946 -43.271003723 -0.104049064 -0.022929752 0.994307816 470.472534180
0.994694352 -0.000802008 0.102870464 48.931537628 -0.001645016 0.999717712 0.023700379 -43.457092285 -0.102860443 -0.023743864 0.994412363 472.749603271
0.994647384 -0.001112900 0.103321254 49.239120483 -0.001409197 0.999702930 0.024334043 -43.646453857 -0.103317626 -0.024349397 0.994350314 475.025695801
0.994778514 -0.000551969 0.102055833 49.569770813 -0.001839457 0.999725878 0.023336930 -43.807502747 -0.102040760 -0.023402806 0.994504869 477.311218262
0.994801164 -0.000757493 0.101833194 49.891464233 -0.001677873 0.999714792 0.023827458 -43.989379883 -0.101822183 -0.023874449 0.994516015 479.593017578
0.994856000 -0.001323939 0.101289921 50.219375610 -0.001145590 0.999703526 0.024318751 -44.172634125 -0.101292104 -0.024309691 0.994559705 481.868774414
0.994841814 -0.001706393 0.101423755 50.527980804 -0.000707571 0.999717414 0.023760034 -44.356002808 -0.101435624 -0.023709239 0.994559586 484.156066895
0.994956553 -0.003167655 0.100256748 50.857284546 0.000721131 0.999701321 0.024429414 -44.552875519 -0.100304201 -0.024233904 0.994661629 486.477111816
0.995025098 -0.003556756 0.099560812 51.174877167 0.001113454 0.999697149 0.024585610 -44.730514526 -0.099618107 -0.024352446 0.994727671 488.756072998
0.994979084 -0.004312979 0.099990115 51.465541840 0.001809627 0.999682903 0.025113193 -44.927135468 -0.100066721 -0.024806157 0.994671404 491.054504395
0.995064735 -0.003970536 0.099148467 51.793693542 0.001440617 0.999671817 0.025575044 -45.107650757 -0.099217482 -0.025305986 0.994743943 493.344970703
0.995052576 -0.003541895 0.099286221 52.096664429 0.001055259 0.999684751 0.025086474 -45.283714294 -0.099343762 -0.024857588 0.994742632 495.639251709
0.995071411 -0.003691331 0.099092253 52.422569275 0.001249965 0.999694407 0.024688100 -45.471576691 -0.099153116 -0.024442561 0.994771957 497.951995850
0.995134830 -0.003617462 0.098455481 52.738132477 0.001114424 0.999675035 0.025466166 -45.650707245 -0.098515630 -0.025232555 0.994815469 500.241577148
0.995120287 -0.003157368 0.098618582 53.043132782 0.000613224 0.999666512 0.025817482 -45.834835052 -0.098667204 -0.025631029 0.994790375 502.514923096
0.995156407 -0.002380004 0.098275289 53.357692719 -0.000079089 0.999687314 0.025011020 -46.013504028 -0.098304078 -0.024897648 0.994844854 504.800689697
0.995161712 -0.002233674 0.098224826 53.667118073 -0.000279234 0.999673188 0.025562041 -46.191848755 -0.098249823 -0.025465788 0.994835913 507.092010498
0.995194733 -0.002669795 0.097879127 53.981807709 0.000251548 0.999694645 0.024710480 -46.373420715 -0.097915210 -0.024567118 0.994891584 509.379119873
0.995252490 -0.003522018 0.097262859 54.303882599 0.001043012 0.999673724 0.025526797 -46.560096741 -0.097321019 -0.025304163 0.994931340 511.670837402
0.995261192 -0.003346750 0.097179554 54.615718842 0.000856979 0.999670625 0.025650762 -46.736816406 -0.097233400 -0.025445929 0.994936287 513.969726562
0.995281279 -0.002588399 0.096998714 54.927211761 0.000116287 0.999675274 0.025483016 -46.916534424 -0.097033180 -0.025351487 0.994958162 516.269042969
0.995264828 -0.001835848 0.097183622 55.228641510 -0.000606326 0.999684870 0.025093984 -47.097969055 -0.097199075 -0.025034081 0.994950056 518.558227539
0.995237112 -0.000529503 0.097481847 55.542907715 -0.001956210 0.999675333 0.025401896 -47.288997650 -0.097463660 -0.025471609 0.994913101 520.899047852
0.995009184 0.001566517 0.099771395 55.834411621 -0.004146932 0.999662101 0.025661146 -47.467575073 -0.099697486 -0.025946822 0.994679511 523.220336914
0.995108187 0.001826355 0.098774299 56.171890259 -0.004510950 0.999626219 0.026962591 -47.653873444 -0.098688141 -0.027276265 0.994744539 525.546508789
0.995030105 0.001426489 0.099563666 56.479896545 -0.004151489 0.999622285 0.027167618 -47.833530426 -0.099487290 -0.027445933 0.994660258 527.848632812
0.994979799 -0.000555997 0.100074641 56.790561676 -0.002300923 0.999593258 0.028430203 -48.007026672 -0.100049742 -0.028517744 0.994573593 530.158325195
0.994927466 -0.002114234 0.100573875 57.115066528 -0.000716461 0.999604762 0.028100982 -48.180500031 -0.100593552 -0.028030491 0.994532645 532.471252441
0.994903207 -0.002110705 0.100811817 57.440029144 -0.000670667 0.999620259 0.027547894 -48.355918884 -0.100831680 -0.027475100 0.994524002 534.790161133
0.994821310 -0.002593801 0.101606205 57.759895325 -0.000196551 0.999623299 0.027442787 -48.534774780 -0.101639107 -0.027320638 0.994446099 537.105163574
0.994746685 -0.001898866 0.102349341 58.079124451 -0.000848952 0.999640524 0.026797205 -48.714378357 -0.102363415 -0.026743317 0.994387627 539.414489746
0.994658589 -0.001137346 0.103213608 58.400745392 -0.001596568 0.999650240 0.026401438 -48.892250061 -0.103207521 -0.026425207 0.994308770 541.736389160
0.994583607 -0.000700242 0.103937790 58.733840942 -0.001930160 0.999680519 0.025204731 -49.068599701 -0.103922218 -0.025268828 0.994264424 544.059936523
0.994469225 -0.000938095 0.105024144 59.045627594 -0.001815919 0.999657035 0.026123989 -49.261905670 -0.105012618 -0.026170218 0.994126499 546.384094238
0.994399965 -0.000735352 0.105679348 59.372455597 -0.002105205 0.999639511 0.026764944 -49.439182281 -0.105660938 -0.026837537 0.994040012 548.699096680
0.994313896 -0.000449021 0.106487587 59.693233490 -0.002385666 0.999646187 0.026491005 -49.611198425 -0.106461816 -0.026594421 0.993961096 551.001586914
0.994343400 -0.002951867 0.106171913 60.036518097 0.000162443 0.999654770 0.026271770 -49.807136536 -0.106212825 -0.026105912 0.994000673 553.319885254
0.994367719 -0.003339895 0.105932243 60.378852844 0.000484782 0.999636173 0.026966557 -49.986503601 -0.105983779 -0.026763322 0.994007647 555.626525879
0.994299233 -0.003137947 0.106578805 60.707809448 0.000219624 0.999625027 0.027382534 -50.164039612 -0.106624752 -0.027203031 0.993927121 557.934265137
0.994266093 -0.002553408 0.106904000 61.044689178 -0.000473045 0.999600172 0.028275087 -50.340507507 -0.106933452 -0.028163528 0.993867159 560.265869141
0.994250536 -0.003181980 0.107031010 61.387065887 0.000071068 0.999577761 0.029056784 -50.518074036 -0.107078269 -0.028882118 0.993830979 562.596618652
0.994193077 -0.002442472 0.107583195 61.723812103 -0.000784102 0.999551356 0.029938933 -50.692050934 -0.107608072 -0.029849434 0.993745208 564.911987305
0.994137228 -0.001543702 0.108114436 62.067993164 -0.001627975 0.999570966 0.029241886 -50.868606567 -0.108113199 -0.029246457 0.993708313 567.233703613
0.994167447 -0.000792960 0.107844375 62.422515869 -0.002220586 0.999610484 0.027820518 -51.041481018 -0.107824408 -0.027897734 0.993778408 569.562011719
0.994102657 -0.000163571 0.108443044 62.767204285 -0.002889342 0.999603927 0.027994493 -51.216514587 -0.108404666 -0.028142732 0.993708432 571.878356934
0.994162202 -0.000420092 0.107895181 63.119754791 -0.002720488 0.999576867 0.028958857 -51.399765015 -0.107861698 -0.029083326 0.993740439 574.254516602
0.994174302 -0.000408255 0.107783474 63.472042084 -0.002912158 0.999526024 0.030647125 -51.582336426 -0.107744925 -0.030782465 0.993701875 576.563842773
0.994038045 0.000327259 0.109033078 63.798450470 -0.003524142 0.999569416 0.029128896 -51.762466431 -0.108976588 -0.029339476 0.993611157 578.954772949
0.994096220 -0.000285425 0.108501911 64.152030945 -0.002865111 0.999578834 0.028879680 -51.930633545 -0.108464465 -0.029020051 0.993676603 581.287963867
0.994065166 -0.001511344 0.108775519 64.498771667 -0.001799571 0.999538362 0.030333444 -52.116035461 -0.108771145 -0.030349175 0.993603408 583.614807129
0.994138360 -0.001379117 0.108106382 64.848167419 -0.001902721 0.999540627 0.030248459 -52.284568787 -0.108098425 -0.030276850 0.993679047 585.930358887
0.994055867 -0.004082340 0.108793899 65.195808411 0.000878347 0.999564946 0.029481778 -52.470153809 -0.108866923 -0.029210983 0.993627071 588.291809082
0.994102657 -0.004450735 0.108351678 65.553489685 0.001292297 0.999572694 0.029202644 -52.637565613 -0.108435370 -0.028890401 0.993683577 590.639709473
0.994103432 -0.006122956 0.108262949 65.896087646 0.002911337 0.999551713 0.029798193 -52.814384460 -0.108396858 -0.029307295 0.993675530 592.975280762
0.994128883 -0.006882534 0.107983053 66.250518799 0.003658091 0.999542236 0.030030359 -52.988857269 -0.108140312 -0.029459039 0.993699074 595.329101562
