1.000000000 0.000000000 0.000000000 0.000000000 0.000000000 1.000000000 0.000000000 0.000000000 0.000000000 0.000000000 1.000000000 0.000000000
0.999999881 0.000117533 0.000449248 0.086159728 -0.000117455 1.000000000 -0.000173820 -0.225564063 -0.000449268 0.000173767 0.999999881 2.289800406
0.999999285 0.000462812 0.001225686 0.164255112 -0.000463236 0.999999821 0.000345100 -0.462724358 -0.001225526 -0.000345668 0.999999166 4.587654591
0.999998331 0.000123291 0.001818329 0.261045814 -0.000124364 0.999999762 0.000590091 -0.694609404 -0.001818256 -0.000590316 0.999998093 6.878219128
0.999996245 0.000206119 0.002716150 0.353549778 -0.000203344 0.999999464 -0.001022062 -0.927587211 -0.002716359 0.001021506 0.999995708 9.172902107
0.999986589 0.001967580 0.004797824 0.445187241 -0.001969482 0.999997973 0.000391723 -1.163309097 -0.004797043 -0.000401168 0.999988377 11.476568222
0.999962986 0.004003556 0.007614388 0.527747273 -0.004015037 0.999990940 0.001493237 -1.391299963 -0.007608340 -0.001523754 0.999969900 13.785729408
0.999941349 0.003874580 0.010113390 0.634078741 -0.003917778 0.999983251 0.004255143 -1.622180104 -0.010096734 -0.004294516 0.999939799 16.063320160
0.999939144 0.003511917 0.010458032 0.754316330 -0.003561625 0.999982536 0.004738323 -1.846792459 -0.010441210 -0.004775283 0.999934018 18.399414062
0.999922156 0.002572984 0.012208917 0.861952066 -0.002634461 0.999983907 0.005021973 -2.074435234 -0.012195799 -0.005053745 0.999912798 20.696743011
0.999926269 0.000345361 0.012135021 0.993350863 -0.000381469 0.999995530 0.002973254 -2.305564880 -0.012133939 -0.002977664 0.999921918 23.021253586
0.999912560 -0.001958344 0.013084614 1.099810481 0.001948350 0.999997854 0.000776440 -2.523810625 -0.013086106 -0.000750879 0.999914050 25.303911209
0.999910772 -0.002522986 0.013111806 1.235545158 0.002521443 0.999996960 0.000134192 -2.768903017 -0.013112104 -0.000101119 0.999914050 27.620132446
0.999900997 -0.002244198 0.013892325 1.345697403 0.002257062 0.999997020 -0.000910374 -2.994407177 -0.013890241 0.000941640 0.999903142 29.907167435
0.999888659 0.000292869 0.014917849 1.458365440 -0.000316744 0.999998629 0.001598071 -3.221853018 -0.014917362 -0.001602618 0.999887407 32.190437317
0.999886513 0.002315193 0.014882195 1.590879679 -0.002371057 0.999990225 0.003737206 -3.442386627 -0.014873397 -0.003772069 0.999882281 34.471862793
0.999852359 0.004815848 0.016494390 1.702400684 -0.004954231 0.999952734 0.008359110 -3.681107759 -0.016453350 -0.008439592 0.999828994 36.773788452
0.999834895 0.006666635 0.016904803 1.823013783 -0.006800385 0.999945939 0.007866827 -3.898749828 -0.016851444 -0.007980487 0.999826014 39.046447754
0.999802887 0.005588240 0.019051777 1.927768826 -0.005706806 0.999964654 0.006174658 -4.102012157 -0.019016599 -0.006282164 0.999799430 41.355155945
0.999808848 0.003120181 0.019301318 2.052123070 -0.003221911 0.999981105 0.005241761 -4.327871323 -0.019284599 -0.005302946 0.999800026 43.634441376
0.999804080 0.003441170 0.019490525 2.186742067 -0.003512264 0.999987245 0.003614526 -4.542191505 -0.019477837 -0.003682273 0.999803483 45.870906830
0.999799669 0.003007627 0.019788031 2.311656475 -0.003060248 0.999991775 0.002629475 -4.772137165 -0.019779960 -0.002689505 0.999800742 48.142520905
0.999796271 0.001481839 0.020130895 2.446176767 -0.001544803 0.999993980 0.003112520 -5.003386021 -0.020126160 -0.003142984 0.999792516 50.425701141
0.999777436 0.000830199 0.021078726 2.578519821 -0.000899250 0.999994218 0.003266576 -5.226008892 -0.021075889 -0.003284804 0.999772429 52.694076538
0.999773204 -0.000329659 0.021295214 2.719313622 0.000268192 0.999995828 0.002889265 -5.451956749 -0.021296080 -0.002882898 0.999769092 54.983989716
0.999751031 -0.000203946 0.022312259 2.851797104 0.000119907 0.999992907 0.003767740 -5.688560486 -0.022312865 -0.003764126 0.999743938 57.259441376
0.999737322 -0.001440438 0.022873240 2.993436337 0.001341474 0.999989688 0.004341366 -5.914176464 -0.022879256 -0.004309540 0.999728918 59.528537750
0.999705732 -0.003124585 0.024056189 3.123306751 0.003036791 0.999988616 0.003685181 -6.137612343 -0.024067432 -0.003611044 0.999703765 61.798927307
0.999685884 -0.003761803 0.024777059 3.275857449 0.003676243 0.999987125 0.003497839 -6.362750053 -0.024789896 -0.003405653 0.999686897 64.052474976
0.999659359 -0.003353753 0.025883488 3.418326139 0.003251830 0.999986708 0.003978860 -6.585098743 -0.025896495 -0.003893336 0.999657154 66.321914673
0.999642849 -0.002364310 0.026618173 3.568407297 0.002248716 0.999987900 0.004371726 -6.813556194 -0.026628191 -0.004310308 0.999636114 68.583343506
0.999607980 -0.002543013 0.027882952 3.706874847 0.002434255 0.999989271 0.003933786 -7.037734509 -0.027892658 -0.003864369 0.999603450 70.834587097
0.999593496 -0.003266116 0.028322203 3.865291119 0.003191683 0.999991357 0.002672905 -7.263480186 -0.028330687 -0.002581423 0.999595284 73.090629578
0.999580204 -0.004254695 0.028657641 4.023581028 0.004170488 0.999986827 0.002997507 -7.491907597 -0.028670017 -0.002876732 0.999584794 75.377029419
0.999539196 -0.005483455 0.029853815 4.183644772 0.005417197 0.999982715 0.002299874 -7.722581387 -0.029865911 -0.002137090 0.999551594 77.641883850
0.999534309 -0.006538635 0.029805401 4.340976715 0.006469731 0.999976277 0.002407695 -7.959053993 -0.029820435 -0.002213741 0.999552786 79.894569397
0.999503195 -0.006988469 0.030730685 4.488571167 0.006932258 0.999974072 0.001935319 -8.176771164 -0.030743411 -0.001721325 0.999525845 82.149909973
0.999476850 -0.006337979 0.031715531 4.653956413 0.006265620 0.999977648 0.002380334 -8.414365768 -0.031729903 -0.002180372 0.999494076 84.422317505
0.999423921 -0.006006999 0.033404399 4.809779167 0.005913455 0.999978304 0.002898442 -8.634552956 -0.033421088 -0.002699237 0.999437690 86.677200317
0.999430895 -0.006121572 0.033173211 4.983750343 0.005992125 0.999974072 0.004000115 -8.865303993 -0.033196837 -0.003799061 0.999441624 88.959495544
0.999398291 -0.005179069 0.034296416 5.142941475 0.005011875 0.999975145 0.004959145 -9.096322060 -0.034321241 -0.004784271 0.999399543 91.214126587
0.999363363 -0.005176727 0.035300229 5.308053493 0.005003037 0.999974906 0.005006944 -9.319934845 -0.035325266 -0.004827149 0.999364197 93.467346191
0.999347746 -0.005482840 0.035694148 5.478191376 0.005331347 0.999976397 0.004338020 -9.536598206 -0.035717089 -0.004144893 0.999353349 95.723487854
0.999313653 -0.005966587 0.036556851 5.643712044 0.005793853 0.999971569 0.004829225 -9.760454178 -0.036584631 -0.004614105 0.999319911 97.979187012
0.999280512 -0.006056543 0.037439972 5.807725906 0.005890029 0.999972284 0.004556184 -9.992990494 -0.037466541 -0.004332384 0.999288440 100.221740723
0.999238849 -0.006408004 0.038478583 5.978270054 0.006201359 0.999965727 0.005487353 -10.209014893 -0.038512435 -0.005244556 0.999244332 102.468826294
0.999209702 -0.006678678 0.039181948 6.164152145 0.006475596 0.999964952 0.005307661 -10.428062439 -0.039216019 -0.005049739 0.999217927 104.720947266
0.999189913 -0.007203507 0.039592538 6.333152771 0.006969508 0.999957383 0.006045077 -10.655292511 -0.039634407 -0.005764239 0.999197602 106.975234985
0.999158919 -0.008704109 0.040071212 6.516919136 0.008467416 0.999945641 0.006072771 -10.871541977 -0.040121891 -0.005728364 0.999178290 109.228729248
0.999120057 -0.009755601 0.040791921 6.699117661 0.009480249 0.999930978 0.006938161 -11.096824646 -0.040856794 -0.006545338 0.999143600 111.485946655
0.999100506 -0.010283403 0.041135818 6.887622833 0.010062928 0.999933839 0.005563157 -11.316656113 -0.041190304 -0.005144206 0.999138057 113.747779846
0.999051809 -0.010765206 0.042183291 7.068140030 0.010577242 0.999933124 0.004676545 -11.536232948 -0.042230818 -0.004225928 0.999098957 116.002273560
0.999020159 -0.011042262 0.042858332 7.251253128 0.010827353 0.999927580 0.005243335 -11.765336990 -0.042913139 -0.004774155 0.999067426 118.250495911
0.998972774 -0.011625702 0.043796696 7.442280293 0.011381630 0.999918282 0.005818113 -11.988637924 -0.043860756 -0.005313660 0.999023438 120.521522522
0.998951256 -0.012338195 0.044091791 7.641829491 0.012049840 0.999904335 0.006799662 -12.216882706 -0.044171464 -0.006261233 0.999004364 122.732925415
0.998893559 -0.013180220 0.045143459 7.839659214 0.012904449 0.999896288 0.006394745 -12.445499420 -0.045223068 -0.005805116 0.998960018 125.044395447
0.998858392 -0.013693538 0.045762811 8.021717072 0.013444904 0.999893129 0.005736482 -12.670284271 -0.045836478 -0.005114657 0.998935878 127.307556152
0.998839915 -0.015204385 0.045690250 8.210556030 0.014931214 0.999868512 0.006314071 -12.889867783 -0.045780245 -0.005624535 0.998935640 129.568145752
0.998864651 -0.016245320 0.044782940 8.398679733 0.015968634 0.999851108 0.006529289 -13.104099274 -0.044882346 -0.005806753 0.998975396 131.814666748
0.998924136 -0.016601222 0.043303221 8.596195221 0.016291197 0.999839127 0.007502550 -13.318726540 -0.043420807 -0.006789017 0.999033809 134.054077148
0.998973250 -0.017515440 0.041779242 8.783549309 0.017213166 0.999823034 0.007583858 -13.545540810 -0.041904680 -0.006856917 0.999098063 136.301162720
0.999051750 -0.018356610 0.039478932 8.995065689 0.018098822 0.999812603 0.006877334 -13.754082680 -0.039597768 -0.006156291 0.999196768 138.529006958
0.999026716 -0.018939175 0.039836839 9.149028778 0.018653655 0.999797642 0.007526823 -13.983242989 -0.039971337 -0.006776395 0.999177814 140.810394287
0.999019980 -0.019248605 0.039859094 9.319428444 0.018959608 0.999791265 0.007615880 -14.188695908 -0.039997373 -0.006852702 0.999176323 143.044021606
0.999062240 -0.019497275 0.038658731 9.509820938 0.019160459 0.999775350 0.009064044 -14.417366028 -0.038826771 -0.008314826 0.999211371 145.289123535
0.999082446 -0.018480647 0.038634054 9.685390472 0.018186528 0.999803007 0.007950443 -14.629478455 -0.038773369 -0.007240529 0.999221802 147.542343140
0.999105692 -0.017381234 0.038545582 9.861553192 0.017141482 0.999831676 0.006541764 -14.843561172 -0.038652796 -0.005875185 0.999235451 149.779479980
0.999113560 -0.016115718 0.038889781 10.038148880 0.015912669 0.999858141 0.005525136 -15.062371254 -0.038973313 -0.004901400 0.999228239 152.031158447
0.999119341 -0.015264201 0.039086558 10.221071243 0.015054625 0.999870718 0.005650599 -15.281107903 -0.039167747 -0.005057188 0.999219954 154.278198242
0.999099433 -0.014543486 0.039861962 10.400154114 0.014314093 0.999879360 0.006034149 -15.495924950 -0.039944906 -0.005458126 0.999186993 156.545547485
0.999100029 -0.013395936 0.040248498 10.577345848 0.013102665 0.999885678 0.007541514 -15.719555855 -0.040344927 -0.007007363 0.999161243 158.784133911
0.999047220 -0.012792802 0.041724265 10.755702972 0.012454890 0.999887586 0.008348660 -15.932453156 -0.041826371 -0.007821034 0.999094248 161.019607544
0.999024749 -0.011487880 0.042632710 10.928405762 0.011047402 0.999883235 0.010553164 -16.159162521 -0.042748962 -0.010071892 0.999035060 163.317291260
0.998995721 -0.010912195 0.043456558 11.111946106 0.010498746 0.999897540 0.009730928 -16.360498428 -0.043558288 -0.009264917 0.999007881 165.579513550
0.998943985 -0.010235466 0.044788431 11.301479340 0.009862879 0.999914944 0.008531911 -16.570749283 -0.044871945 -0.008081160 0.998960078 167.809738159
0.998882651 -0.008547047 0.046479486 11.490526199 0.008153132 0.999929309 0.008658070 -16.791456223 -0.046550184 -0.008269443 0.998881698 170.082641602
0.998769283 -0.008025467 0.048943885 11.683546066 0.007616047 0.999934494 0.008545852 -17.000448227 -0.049009271 -0.008162578 0.998764992 172.334274292
0.998644531 -0.008225304 0.051394161 11.883116722 0.007799943 0.999933660 0.008471565 -17.216464996 -0.051460430 -0.008059210 0.998642504 174.610839844
0.998563647 -0.008005297 0.052979473 12.094849586 0.007529452 0.999929547 0.009175231 -17.433845520 -0.053049199 -0.008763144 0.998553455 176.869979858
0.998513997 -0.008477637 0.053832080 12.295698166 0.007945849 0.999917626 0.010085003 -17.642318726 -0.053913131 -0.009642272 0.998499095 179.096084595
0.998495102 -0.010233666 0.053876825 12.509353638 0.009727200 0.999906063 0.009654233 -17.864131927 -0.053970560 -0.009115635 0.998500884 181.381408691
0.998467743 -0.011119962 0.054208215 12.712652206 0.010631645 0.999900341 0.009288221 -18.071201324 -0.054306094 -0.008697667 0.998486459 183.624267578
0.998526692 -0.012953789 0.052692879 12.941410065 0.012467251 0.999876618 0.009551724 -18.303691864 -0.052810114 -0.008880718 0.998565078 185.873764038
0.998529732 -0.014805212 0.052145537 13.151918411 0.014285686 0.999844670 0.010321678 -18.514806747 -0.052290253 -0.009561565 0.998586178 188.128463745
0.998538911 -0.015549820 0.051752545 13.362171173 0.015043495 0.999835134 0.010158836 -18.723941803 -0.051901992 -0.009365452 0.998608291 190.369384766
0.998512685 -0.016885353 0.051837631 13.559997559 0.016393447 0.999816597 0.009899854 -18.945556641 -0.051995281 -0.009035332 0.998606443 192.613967896
0.998462260 -0.017854063 0.052480251 13.745171547 0.017365832 0.999801695 0.009744477 -19.154132843 -0.052643813 -0.008818130 0.998574436 194.853210449
0.998507977 -0.017901003 0.051588580 13.984556198 0.017421985 0.999800980 0.009720186 -19.384525299 -0.051752307 -0.008806908 0.998621106 197.109252930
0.998530507 -0.015802784 0.051836904 14.197719574 0.015308358 0.999833643 0.009921366 -19.595584869 -0.051985066 -0.009113250 0.998606265 199.343322754
0.998531222 -0.013930113 0.052359827 14.395898819 0.013431619 0.999861121 0.009860434 -19.822233200 -0.052489933 -0.009142674 0.998579621 201.646240234
0.998515189 -0.013256339 0.052835457 14.609125137 0.012792464 0.999876618 0.009108178 -20.033603668 -0.052949682 -0.008418759 0.998561621 203.912933350
0.998485863 -0.013928115 0.053216211 14.815054893 0.013440613 0.999864399 0.009507767 -20.239097595 -0.053341411 -0.008778113 0.998537719 206.149810791
0.998428643 -0.015398235 0.053882487 15.016115189 0.014876137 0.999838531 0.010077291 -20.451148987 -0.054028966 -0.009259891 0.998496473 208.371612549
0.998424113 -0.015484030 0.053940270 15.242926598 0.014963949 0.999837577 0.010032379 -20.661958694 -0.054086857 -0.009209407 0.998493791 210.651367188
0.998315573 -0.014635305 0.056140337 15.447170258 0.014021441 0.999837637 0.011312816 -20.873081207 -0.056296792 -0.010506594 0.998358786 212.890853882
0.998213291 -0.013797075 0.058136109 15.654963493 0.013179609 0.999852717 0.010991143 -21.078536987 -0.058279198 -0.010205295 0.998248100 215.161270142
0.998077393 -0.011951220 0.060816526 15.870532990 0.011289376 0.999873281 0.011214626 -21.283092499 -0.060942855 -0.010506484 0.998085976 217.385513306
0.997925222 -0.012844205 0.063088857 16.090867996 0.012120684 0.999856472 0.011837685 -21.499101639 -0.063231856 -0.011048445 0.997937679 219.666717529
0.997794151 -0.014139598 0.064861037 16.323505402 0.013381229 0.999837041 0.012111800 -21.700057983 -0.065021738 -0.011217162 0.997820735 221.897384644
0.997686923 -0.015151064 0.066266723 16.556890488 0.014311343 0.999811411 0.013128224 -21.903692245 -0.066453129 -0.012149490 0.997715592 224.132278442
0.997615933 -0.017393006 0.066782244 16.809738159 0.016595539 0.999784350 0.012477609 -22.113449097 -0.066984862 -0.011339576 0.997689545 226.368347168
0.997579515 -0.018458458 0.067039147 17.049980164 0.017691901 0.999771357 0.012010286 -22.311332703 -0.067245506 -0.010795166 0.997678041 228.619384766
0.997524798 -0.018779194 0.067760363 17.286935806 0.017990513 0.999763370 0.012230865 -22.512128830 -0.067973986 -0.010981547 0.997626781 230.858673096
0.997472167 -0.019923361 0.068207130 17.532567978 0.019215411 0.999754667 0.011019818 -22.711635590 -0.068409950 -0.009681332 0.997610331 233.107360840
0.997451782 -0.021094613 0.068154112 17.801076889 0.020294851 0.999716997 0.012405810 -22.925525665 -0.068396516 -0.010991020 0.997597694 235.388442993
0.997420907 -0.020783698 0.068699181 18.046878815 0.019957868 0.999720335 0.012685656 -23.127370834 -0.068943635 -0.011281846 0.997556686 237.631088257
0.997383118 -0.020376688 0.069365501 18.288825989 0.019556116 0.999730766 0.012488312 -23.325412750 -0.069601297 -0.011099114 0.997513056 239.847152710
0.997352302 -0.020627784 0.069736190 18.534397125 0.019786539 0.999723136 0.012732611 -23.527105331 -0.069979534 -0.011319059 0.997484207 242.076431274
0.997310400 -0.020929927 0.070241682 18.783578873 0.020084569 0.999717474 0.012719829 -23.725151062 -0.070488065 -0.011274843 0.997448921 244.319854736
0.997275591 -0.020901492 0.070742369 19.033132553 0.020103382 0.999726117 0.011975258 -23.932170868 -0.070973299 -0.010520470 0.997422755 246.554916382
0.997289300 -0.020480298 0.070672959 19.290691376 0.019733235 0.999741971 0.011252830 -24.139602661 -0.070885196 -0.009827721 0.997435987 248.795288086
0.997263372 -0.020676261 0.070979841 19.544170380 0.019889224 0.999732852 0.011777124 -24.346395493 -0.071204394 -0.010333160 0.997408152 251.034530640
0.997235417 -0.021853883 0.071019620 19.803024292 0.021077503 0.999709666 0.011663074 -24.551326752 -0.071253896 -0.010133915 0.997406662 253.268798828
0.997248769 -0.022054974 0.070770375 20.071372986 0.021228345 0.999697626 0.012411506 -24.757341385 -0.071022712 -0.010875023 0.997415423 255.529571533
0.997200489 -0.022719763 0.071238920 20.308467865 0.021866197 0.999679804 0.012738897 -24.962095261 -0.071505539 -0.011145510 0.997377872 257.748413086
0.997182608 -0.023125775 0.071357444 20.577310562 0.022247771 0.999666989 0.013074743 -25.171154022 -0.071636029 -0.011450362 0.997365057 260.029296875
0.997154891 -0.022904761 0.071815446 20.835472107 0.022065438 0.999678910 0.012458975 -25.370223999 -0.072077759 -0.010838888 0.997340143 262.272979736
0.997132003 -0.022773944 0.072173119 21.096069336 0.021966375 0.999687135 0.011963438 -25.571655273 -0.072422981 -0.010343748 0.997320354 264.531066895
0.997098923 -0.022023322 0.072860219 21.354162216 0.021227010 0.999706388 0.011685720 -25.783447266 -0.073096186 -0.010105217 0.997273624 266.773040771
0.997030497 -0.021299351 0.074004173 21.611871719 0.020492440 0.999722183 0.011645960 -25.982574463 -0.074231669 -0.010094850 0.997189939 269.022064209
0.996913671 -0.020840444 0.075687826 21.867643356 0.020010868 0.999731243 0.011702526 -26.208950043 -0.075911373 -0.010151831 0.997062981 271.285888672
0.996823311 -0.021542663 0.076675795 22.141769409 0.020675203 0.999713123 0.012089292 -26.417257309 -0.076914228 -0.010465600 0.996982753 273.533660889
0.996603608 -0.022152340 0.079314545 22.386463165 0.021197138 0.999692559 0.012865099 -26.620285034 -0.079575151 -0.011140162 0.996766567 275.787567139
0.996492922 -0.022026731 0.080725797 22.662086487 0.020982509 0.999685168 0.013761069 -26.811185837 -0.081003502 -0.012018978 0.996641397 278.029998779
0.996426165 -0.021620961 0.081653558 22.947916031 0.020409234 0.999669313 0.015645534 -27.029260635 -0.081964828 -0.013923133 0.996537983 280.291198730
0.996353090 -0.021357745 0.082610004 23.233638763 0.020057231 0.999662042 0.016540900 -27.229824066 -0.082935356 -0.014823647 0.996444702 282.529541016
0.996274352 -0.020314654 0.083813488 23.512271881 0.018970681 0.999678850 0.016800720 -27.423921585 -0.084127873 -0.015148128 0.996339798 284.792968750
0.996157527 -0.019279601 0.085431345 23.780471802 0.017965864 0.999708652 0.016119961 -27.613046646 -0.085717231 -0.014523172 0.996213675 287.023498535
0.996170163 -0.018616561 0.085432090 24.074113846 0.017394736 0.999735773 0.015023997 -27.802154541 -0.085689224 -0.013480387 0.996230721 289.273986816
0.996099472 -0.019397400 0.086078212 24.347976685 0.018158179 0.999720275 0.015156207 -28.002779007 -0.086348131 -0.013534067 0.996173084 291.501434326
0.996038437 -0.019288413 0.086806476 24.614330292 0.018155640 0.999739647 0.013820154 -28.192829132 -0.087050430 -0.012189377 0.996129334 293.779510498
0.996062517 -0.019763682 0.086421810 24.900709152 0.018703295 0.999739766 0.013062467 -28.389596939 -0.086657465 -0.011394665 0.996172965 296.006164551
0.996067345 -0.019740742 0.086372130 25.185495377 0.018689685 0.999741316 0.012960835 -28.590562820 -0.086605638 -0.011295597 0.996178627 298.237640381
0.996061146 -0.019115169 0.086583517 25.466850281 0.018062038 0.999753177 0.012930405 -28.785755157 -0.086809300 -0.011315600 0.996160626 300.475067139
0.995994925 -0.018878851 0.087393731 25.729497910 0.017732192 0.999746442 0.013878519 -28.991760254 -0.087633580 -0.012273250 0.996077180 302.714324951
0.995995700 -0.019255420 0.087302677 26.018566132 0.018100729 0.999738157 0.013998761 -29.189500809 -0.087549351 -0.012362462 0.996083617 304.962310791
0.995972157 -0.018709626 0.087689631 26.308042526 0.017521117 0.999744177 0.014303819 -29.390645981 -0.087934799 -0.012709785 0.996045172 307.213531494
0.995970368 -0.019578507 0.087519526 26.595161438 0.018399915 0.999729037 0.014253216 -29.596109390 -0.087774880 -0.012585428 0.996060789 309.469085693
0.995925426 -0.020797359 0.087750964 26.882658005 0.019575525 0.999699414 0.014761630 -29.794696808 -0.088031590 -0.012983711 0.996033072 311.727386475
0.995908082 -0.020733397 0.087961376 27.170984268 0.019572478 0.999709964 0.014040145 -29.994136810 -0.088226937 -0.012261074 0.996024907 313.966186523
0.995926976 -0.020396044 0.087825537 27.465604782 0.019169455 0.999706864 0.014787098 -30.196891785 -0.088101409 -0.013043303 0.996026039 316.217254639
0.995879829 -0.018764982 0.088720292 27.750814438 0.017597703 0.999748170 0.013920868 -30.397546768 -0.088959180 -0.012302240 0.995959282 318.462707520
0.995884418 -0.017164893 0.088991992 28.035230637 0.015942223 0.999768734 0.014431781 -30.595092773 -0.089219138 -0.012953658 0.995927811 320.711639404
0.995811641 -0.015915077 0.090031877 28.313901901 0.014699000 0.999791801 0.014154167 -30.795452118 -0.090238392 -0.012771507 0.995838284 322.944152832
0.995768547 -0.015113023 0.090645298 28.596817017 0.013843104 0.999797285 0.014622146 -30.990173340 -0.090847917 -0.013305461 0.995775878 325.180328369
0.995773196 -0.014675200 0.090667576 28.894563675 0.013279381 0.999784052 0.015979078 -31.197463989 -0.090882510 -0.014707531 0.995752931 327.410400391
0.995732963 -0.015354795 0.090994574 29.176591873 0.013962394 0.999775767 0.015918944 -31.398983002 -0.091218598 -0.014580512 0.995724142 329.658020020
0.995743752 -0.017016215 0.090580679 29.478672028 0.015723055 0.999764323 0.014970869 -31.592275620 -0.090814076 -0.013482946 0.995776594 331.895172119
0.995741785 -0.016806003 0.090641275 29.768030167 0.015533571 0.999770820 0.014725396 -31.790390015 -0.090867974 -0.013254708 0.995774746 334.113586426
0.995725811 -0.017447365 0.090695970 30.058288574 0.016070554 0.999744594 0.015888743 -31.985288620 -0.090950012 -0.014363298 0.995751858 336.341857910
0.995785534 -0.018091090 0.089910120 30.366426468 0.016740570 0.999735713 0.015752293 -32.178440094 -0.090171322 -0.014180758 0.995825291 338.577575684
0.995783746 -0.018060677 0.089935347 30.651651382 0.016685717 0.999732494 0.016016794 -32.378459930 -0.090200566 -0.014448629 0.995818734 340.822265625
0.995837808 -0.018216083 0.089303881 30.953699112 0.016866704 0.999732196 0.015841467 -32.578090668 -0.089568533 -0.014269272 0.995878398 343.068023682
0.995857537 -0.018582912 0.089008085 31.245140076 0.017211229 0.999721408 0.016153634 -32.771434784 -0.089283481 -0.014554776 0.995899916 345.308380127
0.995910048 -0.018584052 0.088418417 31.536643982 0.017227514 0.999722242 0.016080830 -32.961681366 -0.088692717 -0.014491832 0.995953619 347.551177979
0.995962143 -0.018603966 0.087825142 31.827270508 0.017250448 0.999720752 0.016145507 -33.158164978 -0.088101007 -0.014565290 0.996004999 349.796844482
0.995980382 -0.018212663 0.087701619 32.112369537 0.016817652 0.999720395 0.016619109 -33.356285095 -0.087979786 -0.015077367 0.996008158 352.036346436
0.996013522 -0.018641293 0.087232791 32.397071838 0.017237144 0.999709845 0.016822333 -33.545501709 -0.087521091 -0.015251624 0.996045887 354.264709473
0.996042848 -0.018413490 0.086945795 32.679042816 0.017057428 0.999721408 0.016313972 -33.739543915 -0.087221950 -0.014766345 0.996079445 356.500915527
0.996088803 -0.018508861 0.086397566 32.965744019 0.017115436 0.999711692 0.016841125 -33.934020996 -0.086684361 -0.015296523 0.996118367 358.735626221
0.996147454 -0.018086271 0.085808061 33.255249023 0.016633051 0.999706328 0.017620606 -34.129978180 -0.086101554 -0.016125474 0.996155798 360.981445312
0.996208966 -0.018154163 0.085076146 33.546421051 0.016714958 0.999705434 0.017598620 -34.325283051 -0.085370578 -0.016109861 0.996219039 363.232879639
0.996257722 -0.018219577 0.084490009 33.835952759 0.016750267 0.999696493 0.018066790 -34.517265320 -0.084793523 -0.016583951 0.996260464 365.476196289
0.996306717 -0.018160407 0.083922572 34.119831085 0.016751397 0.999707162 0.017463140 -34.712219238 -0.084215127 -0.015992824 0.996319234 367.744506836
0.996334076 -0.018745435 0.083468564 34.400112152 0.017358493 0.999699473 0.017311236 -34.906314850 -0.083767965 -0.015798889 0.996360004 369.998199463
0.996331155 -0.018701410 0.083512515 34.675045013 0.017383166 0.999713063 0.016484376 -35.096103668 -0.083796822 -0.014972187 0.996370375 372.265716553
0.996386886 -0.018428516 0.082906663 34.956649780 0.017119987 0.999717951 0.016466498 -35.293106079 -0.083186716 -0.014987642 0.996421397 374.492309570
0.996469855 -0.018366801 0.081917271 35.243816376 0.016997460 0.999704361 0.017382367 -35.487823486 -0.082212321 -0.015928619 0.996487558 376.738494873
0.996377289 -0.017763374 0.083168492 35.502422333 0.016361635 0.999713004 0.017505601 -35.677303314 -0.083455563 -0.016081410 0.996381760 378.990539551
0.996375382 -0.018345144 0.083063677 35.778076172 0.016927965 0.999699354 0.017733671 -35.871555328 -0.083364040 -0.016263295 0.996386468 381.223510742
0.996404588 -0.018307086 0.082720831 36.061950684 0.016888604 0.999698639 0.017815240 -36.060661316 -0.083022043 -0.016354151 0.996413529 383.476806641
0.996411085 -0.017552091 0.082805417 36.338256836 0.016106213 0.999706447 0.018096996 -36.256557465 -0.083098747 -0.016698366 0.996401429 385.720947266
0.996402562 -0.016212951 0.083180845 36.604354858 0.014755877 0.999727190 0.018102009 -36.440078735 -0.083451658 -0.016809484 0.996370018 387.957946777
0.996435583 -0.015119151 0.082990520 36.891242981 0.013664182 0.999743342 0.018071843 -36.642467499 -0.083242454 -0.016873432 0.996386468 390.226837158
0.996424496 -0.014075566 0.083306983 37.163665771 0.012612320 0.999757290 0.018064814 -36.835296631 -0.083541028 -0.016949534 0.996360123 392.497314453
0.996427238 -0.012663094 0.083501108 37.438014984 0.011083364 0.999751210 0.019355206 -37.024253845 -0.083725430 -0.018360581 0.996319711 394.753509521
0.996375442 -0.011405554 0.084295876 37.709022522 0.009773968 0.999757290 0.019742871 -37.217365265 -0.084500588 -0.018847408 0.996245146 397.015289307
0.996323228 -0.010987568 0.084967941 37.988666534 0.009465043 0.999787867 0.018300949 -37.416687012 -0.085150972 -0.017429432 0.996215522 399.282592773
0.996269405 -0.010920874 0.085603647 38.263130188 0.009434599 0.999798000 0.017747691 -37.608646393 -0.085780181 -0.016873844 0.996171296 401.543914795
0.996154010 -0.011978496 0.086796634 38.535972595 0.010407541 0.999774098 0.018529242 -37.796283722 -0.086998992 -0.017554639 0.996053696 403.789398193
0.996143878 -0.013419976 0.086702384 38.819641113 0.011741999 0.999734342 0.019834403 -37.992717743 -0.086945526 -0.018739861 0.996036768 406.071014404
0.996082127 -0.013925260 0.087329879 39.099704742 0.012239235 0.999728858 0.019812234 -38.183647156 -0.087582082 -0.018665759 0.995982468 408.327758789
0.996048689 -0.012487429 0.087926567 39.401622772 0.010879189 0.999765098 0.018746229 -38.365818024 -0.088139996 -0.017715588 0.995950520 410.591857910
0.995998383 -0.011717614 0.088599809 39.689750671 0.010076934 0.999769926 0.018942570 -38.560005188 -0.088801369 -0.017973959 0.995887101 412.848907471
0.995935321 -0.010523533 0.089454606 39.973419189 0.008895768 0.999787867 0.018575806 -38.751739502 -0.089631096 -0.017704533 0.995817661 415.099945068
0.995851457 -0.009381634 0.090510301 40.267410278 0.007723367 0.999796093 0.018654210 -38.942272186 -0.090666853 -0.017877774 0.995720804 417.373107910
0.995808721 -0.009789172 0.090935208 40.567581177 0.008131649 0.999794304 0.018580154 -39.136337280 -0.091098391 -0.017762825 0.995683491 419.630401611
0.995716333 -0.009931413 0.091925383 40.855705261 0.008265235 0.999794900 0.018488321 -39.325092316 -0.092090122 -0.017649340 0.995594263 421.882904053
0.995634079 -0.009932506 0.092812315 41.143039703 0.008271994 0.999799073 0.018258693 -39.518501282 -0.092975020 -0.017411234 0.995516181 424.134338379
0.995560527 -0.010404666 0.093546942 41.441516876 0.008624426 0.999774337 0.019414630 -39.711692810 -0.093727835 -0.018521653 0.995425582 426.410247803
0.995515823 -0.009590806 0.094107345 41.738281250 0.007742221 0.999770224 0.019988853 -39.900241852 -0.094277427 -0.019170618 0.995361388 428.668243408
0.995444179 -0.008742093 0.094944470 42.041946411 0.006808239 0.999763072 0.020673156 -40.088180542 -0.095102713 -0.019932564 0.995267868 430.943969727
0.995462716 -0.009683914 0.094658293 42.349781036 0.007737841 0.999751508 0.020904411 -40.282276154 -0.094837196 -0.020077111 0.995290339 433.226989746
0.995407403 -0.010215001 0.095182858 42.654010773 0.008314938 0.999758601 0.020337526 -40.478710175 -0.095367633 -0.019452685 0.995251954 435.495025635
0.995405436 -0.009528935 0.095274672 42.966285706 0.007609693 0.999761164 0.020487387 -40.655700684 -0.095447138 -0.019668244 0.995240152 437.766998291
0.995356560 -0.009842501 0.095751747 43.271724701 0.007872733 0.999750018 0.020927699 -40.847118378 -0.095933795 -0.020076692 0.995185137 440.053131104
0.995391130 -0.009914456 0.095383301 43.584789276 0.007932995 0.999745309 0.021130495 -41.033100128 -0.095568508 -0.020276433 0.995216310 442.327972412
0.995386481 -0.009256296 0.095499195 43.907176971 0.007189508 0.999732912 0.021963378 -41.232223511 -0.095676996 -0.021175453 0.995187163 444.631713867
0.995330632 -0.009618171 0.096044123 44.212909698 0.007529118 0.999727666 0.022089751 -41.416576385 -0.096230425 -0.021263478 0.995131910 446.911468506
0.995315135 -0.009478313 0.096217930 44.518280029 0.007425975 0.999737680 0.021665832 -41.605854034 -0.096398048 -0.020849820 0.995124459 449.180603027
0.995315969 -0.008797935 0.096274205 44.823982239 0.006779275 0.999750614 0.021274891 -41.794731140 -0.096437395 -0.020522568 0.995127439 451.441772461
0.995241821 -0.008256532 0.097085245 45.124557495 0.006229928 0.999756634 0.021159135 -41.990093231 -0.097236328 -0.020453621 0.995051146 453.703979492
0.995170474 -0.007769665 0.097853474 45.429141998 0.005699656 0.999754429 0.021415986 -42.170959473 -0.097995825 -0.020754825 0.994970322 455.980590820
0.995148420 -0.008009288 0.098058678 45.732135773 0.005961299 0.999758303 0.021160519 -42.365631104 -0.098204456 -0.020473298 0.994955599 458.242004395
0.995164990 -0.007252580 0.097948842 46.052696228 0.005261956 0.999774754 0.020566147 -42.556159973 -0.098075926 -0.019951312 0.994978845 460.525909424
0.995161533 -0.006518364 0.098035686 46.367328644 0.004485238 0.999770522 0.020944746 -42.744655609 -0.098149724 -0.020403691 0.994962454 462.814849854
0.995180726 -0.005974806 0.097875439 46.680946350 0.003815382 0.999745429 0.022235302 -42.931392670 -0.097983368 -0.021754708 0.994950175 465.094635010
0.995223641 -0.005973537 0.097438261 46.986442566 0.003785336 0.999736845 0.022626730 -43.113574982 -0.097547762 -0.022149816 0.994984329 467.364471436
0.995334804 -0.005960117 0.096297011 47.304374695 0.003922852 0.999764740 0.021331541 -43.297569275 -0.096401513 -0.020854263 0.995124042 469.645782471
0.995419979 -0.005748059 0.095425494 47.625755310 0.003785024 0.999777734 0.020739669 -43.486339569 -0.095523499 -0.020283490 0.995220602 471.944366455
0.995524585 -0.006262507 0.094295457 47.938743591 0.004223548 0.999753296 0.021807162 -43.681556702 -0.094408743 -0.021311305 0.995305359 474.226837158
0.995470345 -0.006471587 0.094852060 48.226673126 0.004379608 0.999742925 0.022246799 -43.872230530 -0.094971649 -0.021730613 0.995242715 476.506774902
0.995623767 -0.006394640 0.093232751 48.543956757 0.004414543 0.999760628 0.021429002 -44.045734406 -0.093347467 -0.020923644 0.995413661 478.795104980
0.995632946 -0.006643962 0.093117811 48.845199585 0.004582943 0.999740183 0.022329845 -44.235214233 -0.093241982 -0.021805575 0.995404661 481.075225830
0.995679200 -0.007262941 0.092574507 49.152664185 0.005184171 0.999729455 0.022675823 -44.420650482 -0.092714153 -0.022097923 0.995447457 483.348663330
0.995683849 -0.007807112 0.092481218 49.448314667 0.005762785 0.999733508 0.022351781 -44.608337402 -0.092631094 -0.021722356 0.995463550 485.628173828
0.995742679 -0.008228266 0.091809198 49.749881744 0.006144468 0.999717593 0.022956664 -44.801250458 -0.091972172 -0.022294808 0.995512009 487.914459229
0.995788395 -0.008475572 0.091288865 50.039558411 0.006412156 0.999717832 0.022872774 -44.976627350 -0.091456965 -0.022191083 0.995561719 490.208312988
0.995794117 -0.008009066 0.091268755 50.335624695 0.005886501 0.999706388 0.023501722 -45.157779694 -0.091430172 -0.022865629 0.995548964 492.510650635
0.995863318 -0.007472382 0.090556361 50.640388489 0.005320001 0.999698222 0.023986531 -45.339725494 -0.090708263 -0.023405548 0.995602429 494.795227051
0.995866179 -0.007213517 0.090545423 50.928928375 0.005107733 0.999711514 0.023466868 -45.520298004 -0.090688586 -0.022907378 0.995615780 497.097198486
0.995891869 -0.006727369 0.090299621 51.236682892 0.004638909 0.999717355 0.023318086 -45.714832306 -0.090430975 -0.022803405 0.995641649 499.407562256
0.995930314 -0.006747045 0.089872986 51.530326843 0.004606468 0.999701262 0.024003951 -45.897224426 -0.090008102 -0.023492271 0.995663941 501.701080322
0.995944381 -0.006457920 0.089738175 51.822364807 0.004295683 0.999696255 0.024267208 -46.082916260 -0.089867651 -0.023783300 0.995669723 503.985107422
0.995964885 -0.005627178 0.089567281 52.114585876 0.003534152 0.999717474 0.023509655 -46.265991211 -0.089674272 -0.023098247 0.995703399 506.277069092
0.995954931 -0.005386959 0.089692548 52.400527954 0.003241369 0.999705493 0.024050102 -46.448959351 -0.089795701 -0.023662088 0.995679021 508.565643311
0.995968938 -0.005554925 0.089526683 52.693225861 0.003494701 0.999725819 0.023152744 -46.633640289 -0.089630753 -0.022746541 0.995715261 510.856414795
0.995995939 -0.006034049 0.089194812 52.995010376 0.003911988 0.999705493 0.023947001 -46.823371887 -0.089313067 -0.023502188 0.995726287 513.162353516
0.996023834 -0.005541397 0.088913955 53.293891907 0.003417219 0.999705553 0.024024738 -47.003395081 -0.089020878 -0.023625376 0.995749533 515.468017578
0.996037781 -0.004738069 0.088804334 53.587043762 0.002625572 0.999711156 0.023889953 -47.188743591 -0.088891879 -0.023562141 0.995762467 517.773193359
0.996001661 -0.003745766 0.089256786 53.870761871 0.001644222 0.999719977 0.023606829 -47.375904083 -0.089320213 -0.023365682 0.995728850 520.068115234
0.995963216 -0.001863017 0.089742489 54.163688660 -0.000272749 0.999717176 0.023780702 -47.562896729 -0.089761399 -0.023709182 0.995681047 522.420043945
0.995900810 -0.000000836 0.090451822 54.460716248 -0.002172751 0.999711156 0.023931868 -47.747390747 -0.090425715 -0.024030298 0.995613158 524.757507324
0.995881081 0.000781450 0.090665229 54.765556335 -0.003074319 0.999678910 0.025152506 -47.924583435 -0.090616480 -0.025327636 0.995563745 527.080322266
0.995826066 0.000523869 0.091269828 55.062267303 -0.002817437 0.999683559 0.025002506 -48.106319427 -0.091227837 -0.025155297 0.995512307 529.398498535
0.995781958 -0.001339181 0.091741726 55.355476379 -0.001084638 0.999651730 0.026365092 -48.283576965 -0.091745093 -0.026353387 0.995433748 531.709472656
0.995734692 -0.002800111 0.092220604 55.663299561 0.000408344 0.999663234 0.025943933 -48.459568024 -0.092262201 -0.025795618 0.995400548 534.035522461
0.995682240 -0.002800849 0.092785090 55.961719513 0.000450935 0.999678850 0.025337702 -48.638919830 -0.092826240 -0.025186459 0.995363712 536.352294922
0.995592177 -0.003100830 0.093736865 56.260803223 0.000748508 0.999684155 0.025119696 -48.821044922 -0.093785152 -0.024938811 0.995280087 538.672302246
0.995512545 -0.002519038 0.094596252 56.558902740 0.000195390 0.999698222 0.024565080 -49.005126953 -0.094629578 -0.024436360 0.995212555 540.985229492
0.995421290 -0.001818328 0.095567480 56.863128662 -0.000507763 0.999704301 0.024309823 -49.192070007 -0.095583431 -0.024247039 0.995126069 543.304016113
0.995330632 -0.001288099 0.096515767 57.156028748 -0.000957395 0.999730051 0.023215638 -49.373630524 -0.096519612 -0.023199640 0.995060682 545.624328613
0.995200932 -0.001255966 0.097844258 57.449058533 -0.001048462 0.999723315 0.023497030 -49.554924011 -0.097846694 -0.023486851 0.994924366 547.945251465
0.995111704 -0.001438660 0.098744757 57.752124786 -0.001019859 0.999690831 0.024842732 -49.743240356 -0.098749973 -0.024821997 0.994802594 550.238891602
0.995055079 -0.001783006 0.099308304 58.063945770 -0.000720070 0.999683082 0.025163561 -49.926872253 -0.099321678 -0.025110636 0.994738460 552.545593262
0.995104015 -0.003061633 0.098784998 58.391426086 0.000669700 0.999705970 0.024237603 -50.106853485 -0.098830163 -0.024052776 0.994813502 554.853027344
0.995125890 -0.003365665 0.098555192 58.715255737 0.000939818 0.999695718 0.024650194 -50.291515350 -0.098608151 -0.024437418 0.994826257 557.168640137
0.995084465 -0.003227383 0.098976806 59.031272888 0.000740734 0.999683559 0.025150016 -50.474021912 -0.099026635 -0.024953080 0.994771779 559.477233887
0.995060503 -0.002732056 0.099232778 59.350479126 0.000132626 0.999656916 0.026192430 -50.655136108 -0.099270307 -0.026049891 0.994719446 561.810485840
0.995063066 -0.003877815 0.099168651 59.677261353 0.001228685 0.999641120 0.026760517 -50.837905884 -0.099236831 -0.026506551 0.994710743 564.139099121
0.995030224 -0.003372833 0.099516042 60.001461029 0.000656369 0.999626577 0.027316870 -51.014053345 -0.099571019 -0.027115790 0.994660914 566.460021973
0.994994223 -0.002602327 0.099898450 60.327857971 -0.000060255 0.999645174 0.026640624 -51.196716309 -0.099932320 -0.026513288 0.994640946 568.784973145
0.995019913 -0.001604883 0.099663138 60.666698456 -0.000885083 0.999688685 0.024934581 -51.369285583 -0.099672131 -0.024898615 0.994708776 571.115966797
0.995021939 -0.001103038 0.099649876 61.007873535 -0.001418464 0.999680698 0.025229216 -51.554672241 -0.099645875 -0.025244974 0.994702697 573.439208984
0.995004654 -0.001228621 0.099820107 61.338512421 -0.001397541 0.999654830 0.026234765 -51.740882874 -0.099817879 -0.026243217 0.994659603 575.835815430
0.995019913 -0.001286087 0.099668048 61.672893524 -0.001470228 0.999618530 0.027576568 -51.926910400 -0.099665500 -0.027585767 0.994638503 578.148498535
0.994924128 -0.000506369 0.100626126 61.994987488 -0.002117206 0.999660611 0.025963994 -52.109844208 -0.100605130 -0.026045250 0.994585395 580.550842285
0.994962215 -0.001241580 0.100242652 62.325332642 -0.001341837 0.999668717 0.025700092 -52.284393311 -0.100241348 -0.025705129 0.994630992 582.891540527
0.994920313 -0.001474096 0.100653984 62.651371002 -0.001279026 0.999626935 0.027282337 -52.477294922 -0.100656651 -0.027272491 0.994547307 585.222106934
0.994989455 -0.001242221 0.099972486 62.980964661 -0.001496946 0.999625564 0.027319537 -52.655372620 -0.099968977 -0.027332304 0.994615138 587.541748047
0.994931638 -0.003743325 0.100483656 63.314697266 0.001107791 0.999654233 0.026271468 -52.840072632 -0.100547269 -0.026027005 0.994591773 589.904541016
0.994947672 -0.004065642 0.100312077 63.649864197 0.001452862 0.999658108 0.026105834 -53.015853882 -0.100383915 -0.025828201 0.994613469 592.256103516
0.994953990 -0.005826485 0.100162901 63.974937439 0.003177100 0.999641359 0.026589956 -53.197738647 -0.100281872 -0.026137559 0.994615674 594.594421387
0.994967520 -0.006407568 0.099992335 64.310150146 0.003743563 0.999633610 0.026807027 -53.379150391 -0.100127473 -0.026297791 0.994626999 596.953552246
