1.000000000 0.000000000 0.000000000 0.000000000 0.000000000 1.000000000 0.000000000 0.000000000 0.000000000 0.000000000 1.000000000 0.000000000
0.999999940 0.000024701 0.000390699 0.087488897 -0.000024646 1.000000000 -0.000140764 -0.227790058 -0.000390702 0.000140754 0.999999940 2.287966728
0.999999344 0.000305455 0.001090156 0.167675883 -0.000305915 0.999999881 0.000421806 -0.466250420 -0.001090027 -0.000422139 0.999999285 4.582392693
0.999998629 0.000027617 0.001635310 0.265299588 -0.000028581 0.999999762 0.000589617 -0.696893871 -0.001635293 -0.000589663 0.999998510 6.870096684
0.999997020 0.000081472 0.002480958 0.361124635 -0.000078672 0.999999464 -0.001128617 -0.928835154 -0.002481049 0.001128418 0.999996305 9.165681839
0.999988019 0.001796734 0.004537921 0.452120781 -0.001797435 0.999998391 0.000150180 -1.163871288 -0.004537644 -0.000158335 0.999989748 11.472364426
0.999969602 0.003493862 0.006963891 0.558149934 -0.003503874 0.999992847 0.001426032 -1.401367545 -0.006958860 -0.001450390 0.999974728 13.765837669
0.999951780 0.003316009 0.009248545 0.665641487 -0.003352687 0.999986529 0.003953175 -1.629266500 -0.009235312 -0.003983992 0.999949455 16.037229538
0.999940574 0.003728858 0.010245801 0.758334517 -0.003784300 0.999978244 0.005397151 -1.857622385 -0.010225452 -0.005435604 0.999932945 18.327283859
0.999930739 0.002865172 0.011418048 0.869293213 -0.002930863 0.999979258 0.005740656 -2.084015608 -0.011401363 -0.005773723 0.999918282 20.596666336
0.999928594 0.000238722 0.011945182 0.992275953 -0.000275657 0.999995291 0.003090420 -2.307690382 -0.011944387 -0.003093493 0.999923885 22.919322968
0.999916673 -0.001991958 0.012751843 1.100143075 0.001976970 0.999997318 0.001187913 -2.528706074 -0.012754176 -0.001162604 0.999917984 25.203231812
0.999916136 -0.002617640 0.012676407 1.236436725 0.002605333 0.999996126 0.000987335 -2.779558420 -0.012678941 -0.000954226 0.999919176 27.500953674
0.999900162 -0.002359852 0.013931256 1.339861155 0.002361889 0.999997258 -0.000129775 -3.002252817 -0.013930911 0.000162666 0.999902964 29.787597656
0.999895036 -0.000254200 0.014482115 1.462777853 0.000211251 0.999995589 0.002967094 -3.235611916 -0.014482806 -0.002963723 0.999890745 32.048530579
0.999897718 0.001678454 0.014202367 1.595370770 -0.001752672 0.999984860 0.005214918 -3.453839064 -0.014193399 -0.005239277 0.999885559 34.328628540
0.999863446 0.004112915 0.016007010 1.710927963 -0.004251724 0.999953568 0.008647423 -3.676741123 -0.015970701 -0.008714298 0.999834478 36.654945374
0.999850273 0.005995695 0.016229128 1.835239172 -0.006130439 0.999946952 0.008265651 -3.894221783 -0.016178710 -0.008363904 0.999834180 38.927200317
0.999811053 0.004938015 0.018799884 1.933364868 -0.005059342 0.999966621 0.006411520 -4.092916965 -0.018767597 -0.006505422 0.999802709 41.238456726
0.999818921 0.002456155 0.018866241 2.060560226 -0.002560755 0.999981463 0.005522138 -4.318106651 -0.018852329 -0.005569450 0.999806821 43.514038086
0.999816298 0.002570001 0.018993242 2.190340042 -0.002649639 0.999987721 0.004168994 -4.538752079 -0.018982291 -0.004218553 0.999810934 45.766548157
0.999812782 0.002204635 0.019223930 2.314754963 -0.002266719 0.999992311 0.003208337 -4.767224312 -0.019216711 -0.003251311 0.999809980 48.039707184
0.999816954 0.000533674 0.019125123 2.453889370 -0.000601664 0.999993503 0.003549425 -4.994909763 -0.019123105 -0.003560282 0.999810815 50.319892883
0.999794841 -0.000189263 0.020253738 2.580726624 0.000113270 0.999992967 0.003753131 -5.216754436 -0.020254303 -0.003750068 0.999787748 52.582019806
0.999790251 -0.001462748 0.020431576 2.717797279 0.001384615 0.999991775 0.003837773 -5.447250366 -0.020437021 -0.003808677 0.999783874 54.864139557
0.999765337 -0.001855358 0.021583809 2.847299099 0.001767693 0.999990225 0.004079974 -5.675401688 -0.021591164 -0.004040863 0.999758661 57.158828735
0.999748766 -0.003074661 0.022199353 2.985855103 0.002972752 0.999984920 0.004622171 -5.900133133 -0.022213230 -0.004555016 0.999742866 59.428127289
0.999699533 -0.004252308 0.024139365 3.107871056 0.004161330 0.999984026 0.003817827 -6.122325420 -0.024155214 -0.003716229 0.999701321 61.700008392
0.999686122 -0.005164660 0.024514742 3.260967255 0.005072828 0.999979913 0.003806686 -6.349007607 -0.024533911 -0.003681133 0.999692202 63.953163147
0.999653757 -0.004521746 0.025920497 3.400949955 0.004409352 0.999980569 0.004391646 -6.571641445 -0.025939852 -0.004275831 0.999654353 66.222503662
0.999630392 -0.003707281 0.026929954 3.548536062 0.003585682 0.999983132 0.004562294 -6.797054291 -0.026946412 -0.004464045 0.999626935 68.481948853
0.999588251 -0.003908854 0.028427241 3.686214924 0.003787359 0.999983490 0.004326507 -7.023296833 -0.028443685 -0.004217061 0.999586523 70.736816406
0.999572277 -0.004747861 0.028857503 3.848044157 0.004663615 0.999984622 0.002985986 -7.247431755 -0.028871236 -0.002850128 0.999579072 72.989173889
0.999555349 -0.005666280 0.029273774 4.007809162 0.005567865 0.999978602 0.003442307 -7.475524902 -0.029292654 -0.003277784 0.999565423 75.270439148
0.999514699 -0.006806541 0.030399354 4.170955658 0.006722582 0.999973297 0.002863209 -7.706610680 -0.030418025 -0.002657457 0.999533713 77.535896301
0.999497771 -0.007932303 0.030683508 4.325237274 0.007849492 0.999965131 0.002818396 -7.936592579 -0.030704802 -0.002576131 0.999525189 79.776069641
0.999464869 -0.008412753 0.031611912 4.474299431 0.008334794 0.999961913 0.002597092 -8.155768394 -0.031632550 -0.002332223 0.999496818 82.031181335
0.999450743 -0.007688804 0.032235421 4.648882389 0.007612615 0.999967873 0.002485551 -8.388098717 -0.032253500 -0.002238789 0.999477208 84.307785034
0.999402821 -0.007417032 0.033750638 4.808612823 0.007325213 0.999969125 0.002843387 -8.605568886 -0.033770692 -0.002594459 0.999426246 86.561729431
0.999405146 -0.007338397 0.033697180 4.977157593 0.007198931 0.999965012 0.004258269 -8.841028214 -0.033727247 -0.004013153 0.999422967 88.847129822
0.999376476 -0.006497247 0.034703489 5.135939598 0.006340829 0.999969244 0.004615427 -9.064295769 -0.034732401 -0.004392500 0.999387085 91.105094910
0.999348819 -0.006417257 0.035505529 5.304420948 0.006263880 0.999970555 0.004429371 -9.284951210 -0.035532918 -0.004204085 0.999359608 93.356254578
0.999336600 -0.006642899 0.035807598 5.476999760 0.006503724 0.999970853 0.004001799 -9.504975319 -0.035833150 -0.003766262 0.999350607 95.609298706
0.999301672 -0.007100410 0.036683530 5.642271996 0.006953415 0.999967277 0.004133104 -9.725915909 -0.036711667 -0.003875142 0.999318302 97.866180420
0.999274313 -0.007183329 0.037410405 5.809969902 0.007045283 0.999967873 0.003820547 -9.959869385 -0.037436649 -0.003554208 0.999292672 100.100898743
0.999220848 -0.007340786 0.038778879 5.975234985 0.007148543 0.999961495 0.005093760 -10.179371834 -0.038814772 -0.004812578 0.999234855 102.340736389
0.999193907 -0.007533130 0.039430689 6.164012432 0.007343628 0.999960780 0.004948615 -10.399800301 -0.039466422 -0.004655062 0.999210060 104.592430115
0.999162257 -0.008680182 0.039992929 6.331023216 0.008453258 0.999947131 0.005839722 -10.629014015 -0.040041510 -0.005496759 0.999182880 106.833389282
0.999124169 -0.010438669 0.040521264 6.517187119 0.010212561 0.999931157 0.005782933 -10.843674660 -0.040578831 -0.005364044 0.999161959 109.085014343
0.999074459 -0.011356845 0.041488431 6.695975304 0.011094455 0.999917030 0.006549191 -11.064013481 -0.041559368 -0.006082837 0.999117434 111.335273743
0.999060452 -0.012027201 0.041636366 6.891183853 0.011814907 0.999915957 0.005341155 -11.287940979 -0.041697100 -0.004844206 0.999118507 113.596733093
0.999011457 -0.012537607 0.042648833 7.073559761 0.012362286 0.999914050 0.004372092 -11.506619453 -0.042699974 -0.003840533 0.999080539 115.839859009
0.998972893 -0.012846449 0.043451570 7.255280495 0.012655956 0.999909043 0.004656248 -11.730365753 -0.043507446 -0.004101544 0.999044657 118.077697754
0.998915195 -0.013158076 0.044668976 7.443950653 0.012928442 0.999901652 0.005425796 -11.949651718 -0.044735983 -0.004842411 0.998987019 120.329292297
0.998900652 -0.014126270 0.044698134 7.651772499 0.013861770 0.999884546 0.006221939 -12.176323891 -0.044780862 -0.005595503 0.998981178 122.531501770
0.998859763 -0.014510891 0.045482285 7.844545364 0.014265944 0.999881923 0.005705555 -12.398632050 -0.045559715 -0.005050202 0.998948872 124.792419434
0.998819470 -0.014592486 0.046331894 8.027150154 0.014378792 0.999884546 0.004942177 -12.624047279 -0.046398662 -0.004270145 0.998913884 127.058486938
0.998799622 -0.016350558 0.046171967 8.219576836 0.016129576 0.999856651 0.005154587 -12.840188980 -0.046249624 -0.004403666 0.998920202 129.315841675
0.998823404 -0.017391855 0.045269694 8.410806656 0.017157098 0.999837279 0.005569142 -13.059196472 -0.045359187 -0.004785892 0.998959303 131.560150146
0.998884439 -0.017654983 0.043798070 8.610153198 0.017362824 0.999824405 0.007042089 -13.281606674 -0.043914720 -0.006273775 0.999015629 133.793411255
0.998934329 -0.018777838 0.042161256 8.792890549 0.018530855 0.999808788 0.006241200 -13.495792389 -0.042270392 -0.005453267 0.999091327 136.039688110
0.999011040 -0.019652542 0.039882284 9.004409790 0.019436421 0.999794304 0.005799508 -13.710686684 -0.039988048 -0.005018604 0.999187589 138.262756348
0.998988688 -0.020113569 0.040212166 9.170380592 0.019874914 0.999782443 0.006325933 -13.941012383 -0.040330663 -0.005520322 0.999171138 140.546310425
0.998984754 -0.020507660 0.040112272 9.344966888 0.020267649 0.999774218 0.006381060 -14.149083138 -0.040234078 -0.005561599 0.999174833 142.778060913
0.999021053 -0.020674139 0.039108049 9.535350800 0.020384246 0.999761820 0.007796880 -14.379062653 -0.039259933 -0.006992060 0.999204576 144.993301392
0.999041200 -0.019634170 0.039128501 9.711004257 0.019383788 0.999789238 0.006768130 -14.594625473 -0.039253138 -0.006003182 0.999211252 147.227600098
0.999058843 -0.018385764 0.039285351 9.889652252 0.018192314 0.999820530 0.005276044 -14.813006401 -0.039375305 -0.004556387 0.999214113 149.470916748
0.999076307 -0.016827703 0.039537158 10.067222595 0.016658163 0.999850571 0.004613610 -15.037292480 -0.039608881 -0.003950732 0.999207556 151.719833374
0.999085307 -0.016068945 0.039626978 10.253171921 0.015899336 0.999863029 0.004591517 -15.252424240 -0.039695334 -0.003957275 0.999203980 153.948699951
0.999072075 -0.015348444 0.040241636 10.432935715 0.015156304 0.999872267 0.005075426 -15.472229958 -0.040314402 -0.004460802 0.999177098 156.213729858
0.999074578 -0.014716963 0.040416192 10.631080627 0.014481569 0.999876440 0.006110862 -15.692851067 -0.040501129 -0.005519917 0.999164224 158.431869507
0.999029696 -0.014094808 0.041724805 10.789623260 0.013797960 0.999877453 0.007393895 -15.915796280 -0.041823901 -0.006811004 0.999101758 160.679428101
0.998999715 -0.013078825 0.042762294 10.972089767 0.012664613 0.999870300 0.009942989 -16.140106201 -0.042886797 -0.009391475 0.999035776 162.915267944
0.998965502 -0.012460739 0.043733992 11.153232574 0.012106853 0.999891877 0.008347374 -16.340917587 -0.043833271 -0.007809257 0.999008477 165.176712036
0.998930931 -0.011656256 0.044734519 11.347780228 0.011338583 0.999908626 0.007348451 -16.556867599 -0.044816092 -0.006833369 0.998971879 167.422470093
0.998853922 -0.009786394 0.046850760 11.531819344 0.009427979 0.999924600 0.007865011 -16.773849487 -0.046924207 -0.007414288 0.998870969 169.650817871
0.998746693 -0.009502023 0.049140021 11.734525681 0.009101064 0.999923468 0.008376839 -17.003475189 -0.049215857 -0.007919116 0.998756766 171.935974121
0.998623013 -0.009761874 0.051545829 11.933682442 0.009368569 0.999925196 0.007866323 -17.212364197 -0.051618777 -0.007372580 0.998639643 174.196517944
0.998535633 -0.009772991 0.053206820 12.139886856 0.009324945 0.999918997 0.008662533 -17.431356430 -0.053287171 -0.008153700 0.998545885 176.450485229
0.998478591 -0.010114871 0.054206356 12.344297409 0.009612075 0.999908447 0.009528285 -17.639606476 -0.054297779 -0.008992753 0.998484254 178.671188354
0.998473763 -0.011802341 0.053951476 12.552173615 0.011315521 0.999892473 0.009319896 -17.854587555 -0.054055672 -0.008695182 0.998500049 180.911453247
0.998416841 -0.012676168 0.054800529 12.750000000 0.012192751 0.999883831 0.009146743 -18.065773010 -0.054910105 -0.008464093 0.998455405 183.162414551
0.998490214 -0.013651085 0.053206649 12.969438553 0.013168848 0.999869049 0.009403585 -18.295494080 -0.053328063 -0.008688717 0.998539209 185.377334595
0.998493612 -0.015516268 0.052628830 13.179269791 0.015000230 0.999835610 0.010186192 -18.509140015 -0.052778229 -0.009381400 0.998562217 187.622650146
0.998515368 -0.016417939 0.051935706 13.391206741 0.015936663 0.999826193 0.009667420 -18.715105057 -0.052085407 -0.008825387 0.998603642 189.865707397
0.998472214 -0.017667349 0.052355144 13.585135460 0.017171266 0.999803424 0.009910119 -18.937990189 -0.052519947 -0.008995974 0.998579383 192.098037720
0.998422801 -0.018700328 0.052936431 13.771181107 0.018211951 0.999787211 0.009693161 -19.145401001 -0.053106427 -0.008713797 0.998550892 194.337524414
0.998452246 -0.018779565 0.052348811 14.000169754 0.018286610 0.999783933 0.009879911 -19.367046356 -0.052523043 -0.008907339 0.998579979 196.582473755
0.998471618 -0.016524816 0.052739121 14.205692291 0.016032657 0.999823928 0.009741545 -19.572153091 -0.052890826 -0.008881108 0.998560786 198.821578979
0.998475432 -0.014575196 0.053237829 14.407617569 0.014077825 0.999853790 0.009705550 -19.787450790 -0.053371508 -0.008941281 0.998534620 201.053131104
0.998452961 -0.014197865 0.053759526 14.619955063 0.013735941 0.999865532 0.008952239 -19.996345520 -0.053879403 -0.008199951 0.998513758 203.310531616
0.998405695 -0.014437350 0.054568060 14.820742607 0.013927243 0.999855816 0.009716896 -20.202425003 -0.054700479 -0.008941420 0.998462796 205.534622192
0.998397708 -0.016022462 0.054269668 15.059103966 0.015505748 0.999830484 0.009928902 -20.426086426 -0.054419558 -0.009071503 0.998476923 207.792449951
0.998337328 -0.015727036 0.055455480 15.267978668 0.015194380 0.999834418 0.010013739 -20.624343872 -0.055603787 -0.009154476 0.998410881 210.037200928
0.998258293 -0.015583348 0.056898233 15.488698959 0.014941829 0.999820113 0.011683009 -20.853141785 -0.057070054 -0.010812495 0.998311639 212.274276733
0.998201251 -0.014207462 0.058244031 15.727888107 0.013542500 0.999838650 0.011795668 -21.057298660 -0.058402222 -0.010985680 0.998232663 214.506698608
0.997996747 -0.013069073 0.061902702 15.912638664 0.012353570 0.999852538 0.011927209 -21.256614685 -0.062049456 -0.011138594 0.998010874 216.732955933
0.997861803 -0.013134734 0.064025782 16.140846252 0.012368577 0.999847174 0.012348117 -21.460205078 -0.064178206 -0.011529806 0.997871816 218.969451904
0.997724116 -0.014499444 0.065851077 16.375007629 0.013676886 0.999823034 0.012924877 -21.657974243 -0.066026822 -0.011994826 0.997745752 221.197769165
0.997612834 -0.015886312 0.067203201 16.612148285 0.014992829 0.999792635 0.013778794 -21.857856750 -0.067408144 -0.012738335 0.997644186 223.428466797
0.997554541 -0.017964890 0.067544453 16.864727020 0.017110212 0.999766350 0.013210902 -22.063877106 -0.067766003 -0.012022895 0.997628808 225.647445679
0.997512996 -0.019195545 0.067818694 17.107843399 0.018359080 0.999747694 0.012935705 -22.262096405 -0.068049900 -0.011658442 0.997613788 227.897201538
0.997455478 -0.019651368 0.068530396 17.346944809 0.018787609 0.999736011 0.013225902 -22.461994171 -0.068772212 -0.011904728 0.997561336 230.134872437
0.997386992 -0.020786878 0.069189422 17.588632584 0.019983783 0.999724925 0.012279263 -22.663650513 -0.069425642 -0.010864511 0.997527957 232.375946045
0.997349143 -0.022257196 0.069277219 17.857524872 0.021349179 0.999676585 0.013820013 -22.877937317 -0.069562413 -0.012304365 0.997501731 234.656448364
0.997338176 -0.022048870 0.069501072 18.111507416 0.021129008 0.999679506 0.013942749 -23.079650879 -0.069786228 -0.012437148 0.997484386 236.899429321
0.997285247 -0.021625802 0.070387453 18.349914551 0.020697121 0.999689221 0.013896567 -23.275472641 -0.070666097 -0.012402026 0.997422934 239.115936279
0.997248411 -0.021799387 0.070853762 18.598876953 0.020848697 0.999682784 0.014129658 -23.473354340 -0.071139298 -0.012613574 0.997386634 241.337875366
0.997206032 -0.022125216 0.071348660 18.848783493 0.021156421 0.999673843 0.014305613 -23.670646667 -0.071641907 -0.012756161 0.997348845 243.581268311
0.997179508 -0.022366123 0.071642421 19.101638794 0.021444928 0.999677479 0.013601771 -23.874504089 -0.071923532 -0.012027042 0.997337580 245.803085327
0.997166574 -0.021914655 0.071962617 19.352676392 0.021041835 0.999695778 0.012864705 -24.077411652 -0.072222635 -0.011314029 0.997324347 248.031646729
0.997140110 -0.022187421 0.072244942 19.610504150 0.021264570 0.999682486 0.013518180 -24.281021118 -0.072521955 -0.011943259 0.997295320 250.267654419
0.997112513 -0.023519555 0.072205760 19.870918274 0.022602284 0.999653459 0.013494618 -24.484327316 -0.072498135 -0.011823636 0.997298479 252.501480103
0.997098982 -0.023652285 0.072348006 20.137908936 0.022682350 0.999641836 0.014198964 -24.687278748 -0.072657950 -0.012516749 0.997278392 254.764709473
0.997068107 -0.024492266 0.072493948 20.382560730 0.023489149 0.999616683 0.014657723 -24.889228821 -0.072825164 -0.012911927 0.997261167 256.982269287
0.997025728 -0.024916908 0.072929204 20.644525528 0.023847386 0.999595463 0.015499481 -25.109369278 -0.073285885 -0.013714212 0.997216642 259.256927490
0.996982574 -0.024758019 0.073571570 20.904006958 0.023713890 0.999605775 0.015031824 -25.307102203 -0.073914737 -0.013241800 0.997176588 261.499542236
0.996950626 -0.024694223 0.074024573 21.166297913 0.023675742 0.999612927 0.014604928 -25.503250122 -0.074356571 -0.012807804 0.997149467 263.753875732
0.996934056 -0.023920376 0.074500710 21.434024811 0.022936605 0.999638438 0.014032724 -25.703351974 -0.074809425 -0.012280907 0.997122228 265.996429443
0.996871889 -0.023187192 0.075557008 21.696657181 0.022176398 0.999653399 0.014189642 -25.898166656 -0.075859837 -0.012469672 0.997040570 268.243041992
0.996757567 -0.022738300 0.077185459 21.960128784 0.021716043 0.999665320 0.014057854 -26.114837646 -0.077479295 -0.012336111 0.996917605 270.506317139
0.996664226 -0.023425041 0.078177124 22.237911224 0.022368887 0.999646604 0.014358416 -26.316547394 -0.078485861 -0.012561785 0.996836126 272.755737305
0.996476233 -0.023909146 0.080395535 22.491762161 0.022778541 0.999628723 0.014950998 -26.512075424 -0.080723152 -0.013067021 0.996650875 275.001922607
0.996360362 -0.023819219 0.081845470 22.768671036 0.022591749 0.999618351 0.015891070 -26.697536469 -0.082192764 -0.013984198 0.996518314 277.241271973
0.996288598 -0.022496402 0.083083846 23.053794861 0.021108888 0.999623239 0.017541181 -26.910037994 -0.083447151 -0.015722271 0.996388316 279.506622314
0.996199131 -0.022305859 0.084199972 23.340835571 0.020800393 0.999608457 0.018714847 -27.108417511 -0.084584452 -0.016892325 0.996273160 281.742736816
0.996118307 -0.021416564 0.085378475 23.619695663 0.019901454 0.999629617 0.018557705 -27.291540146 -0.085744277 -0.016786518 0.996175766 284.009277344
0.996032655 -0.020372996 0.086624086 23.896312714 0.018876754 0.999658644 0.018057106 -27.478338242 -0.086962380 -0.016350284 0.996077418 286.242279053
0.995995343 -0.020021114 0.087134361 24.182359695 0.018625015 0.999685287 0.016806051 -27.656051636 -0.087443396 -0.015115875 0.996054769 288.470520020
0.995950103 -0.020800687 0.087468475 24.463964462 0.019381491 0.999666989 0.017043417 -27.853111267 -0.087793857 -0.015279125 0.996021390 290.696838379
0.995945096 -0.020988880 0.087479539 24.745227814 0.019655690 0.999677598 0.016073719 -28.042335510 -0.087788709 -0.014289073 0.996036589 292.960876465
0.995970368 -0.021609338 0.087040454 25.033620834 0.020387862 0.999681115 0.014898174 -28.230278015 -0.087334640 -0.013063572 0.996093392 295.188690186
0.995943367 -0.021697035 0.087326981 25.315153122 0.020487480 0.999681830 0.014723490 -28.425128937 -0.087618642 -0.012874654 0.996070802 297.423004150
0.995945930 -0.020887889 0.087494962 25.600128174 0.019654274 0.999695361 0.014937196 -28.618993759 -0.087780304 -0.013156990 0.996052921 299.660644531
0.995889902 -0.020926619 0.088120818 25.866628647 0.019596353 0.999680996 0.015934154 -28.819923401 -0.088426143 -0.014141817 0.995982349 301.893432617
0.995908439 -0.021564368 0.087757595 26.161451340 0.020229351 0.999666095 0.016073715 -29.014104843 -0.088074915 -0.014232664 0.996012151 304.145568848
0.995861292 -0.021092411 0.088404551 26.445091248 0.019740347 0.999674857 0.016140681 -29.206455231 -0.088716261 -0.014328741 0.995953977 306.392364502
0.995861650 -0.022141699 0.088143282 26.736600876 0.020793462 0.999652743 0.016184980 -29.408164978 -0.088471018 -0.014285197 0.995976269 308.643127441
0.995808959 -0.023105092 0.088490501 27.025556564 0.021709872 0.999624789 0.016697140 -29.602117538 -0.088843085 -0.014706044 0.995937049 310.902221680
0.995783448 -0.022909757 0.088828214 27.314846039 0.021575434 0.999639928 0.015952716 -29.797121048 -0.089161716 -0.013968941 0.995919347 313.139251709
0.995799422 -0.022657758 0.088712797 27.610492706 0.021250969 0.999633431 0.016770411 -29.995857239 -0.089060254 -0.014814734 0.995916188 315.381072998
0.995761454 -0.020850213 0.089578845 27.898355484 0.019497553 0.999682665 0.015948946 -30.191822052 -0.089882970 -0.014134777 0.995852053 317.620910645
0.995730221 -0.019273140 0.090275288 28.181468964 0.017870564 0.999707103 0.016319327 -30.384153366 -0.090563372 -0.014636382 0.995783091 319.863708496
0.995669961 -0.017764397 0.091245875 28.464426041 0.016405590 0.999743402 0.015620275 -30.576358795 -0.091499962 -0.014055695 0.995705903 322.086853027
0.995617926 -0.016983807 0.091960788 28.749582291 0.015562587 0.999748468 0.016149756 -30.767080307 -0.092211939 -0.014647835 0.995631576 324.328430176
0.995617032 -0.016859926 0.091991462 29.048618317 0.015296811 0.999726772 0.017670738 -30.971881866 -0.092264250 -0.016186114 0.995602965 326.555847168
0.995562315 -0.017636174 0.092437424 29.333662033 0.016104586 0.999720812 0.017288787 -31.163145065 -0.092716515 -0.015723398 0.995568395 328.797302246
0.995562673 -0.018915711 0.092181325 29.637151718 0.017463651 0.999710679 0.016533596 -31.356266022 -0.092467420 -0.014850405 0.995604992 331.029144287
0.995531261 -0.018311948 0.092639960 29.923896790 0.016875317 0.999725282 0.016267346 -31.549022675 -0.092912421 -0.014631324 0.995566726 333.249694824
0.995490491 -0.018388202 0.093061924 30.212795258 0.016859438 0.999710143 0.017187070 -31.738735199 -0.093350992 -0.015540594 0.995511949 335.480560303
0.995512784 -0.018791687 0.092741728 30.518028259 0.017257746 0.999701262 0.017314350 -31.931612015 -0.093039364 -0.015636146 0.995539606 337.711395264
0.995482206 -0.018371550 0.093154058 30.801187515 0.016841447 0.999710500 0.017185187 -32.121452332 -0.093442813 -0.015538700 0.995503306 339.941314697
0.995518148 -0.018180400 0.092806235 31.107805252 0.016682910 0.999718249 0.016886106 -32.319477081 -0.093087070 -0.015262147 0.995540977 342.176635742
0.995506942 -0.018316329 0.092901602 31.400527954 0.016766585 0.999707341 0.017434832 -32.512016296 -0.093193769 -0.015798850 0.995522618 344.426574707
0.995549500 -0.017950483 0.092513792 31.693454742 0.016389253 0.999710619 0.017607942 -32.705017090 -0.092803098 -0.016013347 0.995555699 346.669372559
0.995564401 -0.017599717 0.092421234 31.986017227 0.016049948 0.999718249 0.017485168 -32.896533966 -0.092702948 -0.015924254 0.995566428 348.905456543
0.995501697 -0.017156366 0.093177691 32.277297974 0.015539270 0.999716222 0.018052964 -33.094306946 -0.093460977 -0.016523840 0.995485842 351.145050049
0.995536506 -0.017263431 0.092784844 32.576263428 0.015628343 0.999709964 0.018320195 -33.285511017 -0.093074195 -0.016788347 0.995517731 353.362548828
0.995576203 -0.017197624 0.092369623 32.873645782 0.015609112 0.999718070 0.017892417 -33.478126526 -0.092651293 -0.016371457 0.995564044 355.608306885
0.995612741 -0.017495768 0.091919214 33.171703339 0.015873365 0.999705553 0.018351905 -33.667484283 -0.092213221 -0.016812321 0.995597303 357.844085693
0.995683730 -0.016818002 0.091274522 33.472938538 0.015108101 0.999697804 0.019392410 -33.863033295 -0.091573052 -0.017929720 0.995637059 360.091491699
0.995743096 -0.016990228 0.090591975 33.776840210 0.015278698 0.999692023 0.019552913 -34.056884766 -0.090896286 -0.018085551 0.995696127 362.337402344
0.995799839 -0.016875792 0.089987993 34.077590942 0.015140766 0.999686778 0.019928556 -34.244251251 -0.090296119 -0.018482367 0.995743454 364.576171875
0.995849550 -0.016814187 0.089449666 34.373218536 0.015156329 0.999701083 0.019181119 -34.432529449 -0.089745447 -0.017745776 0.995806634 366.831695557
0.995867252 -0.017380709 0.089141347 34.661960602 0.015735008 0.999693155 0.019131348 -34.623912811 -0.089446515 -0.017649643 0.995835245 369.075622559
0.995850623 -0.017158264 0.089370817 34.947391510 0.015596722 0.999713778 0.018141793 -34.806011200 -0.089656517 -0.016672622 0.995833158 371.337524414
0.995901763 -0.017467882 0.088738382 35.232109070 0.015896995 0.999704719 0.018378558 -35.000442505 -0.089033209 -0.016892562 0.995885372 373.566040039
0.995950282 -0.017213043 0.088242516 35.527893066 0.015571943 0.999693394 0.019252418 -35.187500000 -0.088546850 -0.017800342 0.995912969 375.814422607
0.995906889 -0.017596006 0.088655658 35.807785034 0.015936028 0.999684989 0.019397097 -35.373073578 -0.088969015 -0.017904885 0.995873451 378.070617676
0.995934844 -0.018216666 0.088214390 36.102867126 0.016548920 0.999670923 0.019600216 -35.564048767 -0.088542402 -0.018060692 0.995908678 380.313659668
0.995931864 -0.018506417 0.088188320 36.392913818 0.016829163 0.999663770 0.019724797 -35.750129700 -0.088523716 -0.018160418 0.995908439 382.559661865
0.995936692 -0.017644759 0.088310964 36.684349060 0.015937733 0.999673009 0.019997729 -35.941448212 -0.088634953 -0.018508995 0.995892167 384.809631348
0.995958865 -0.016721644 0.088239886 36.978282928 0.015016355 0.999688148 0.019954149 -36.123466492 -0.088546030 -0.018548474 0.995899379 387.064544678
0.995993614 -0.015580583 0.088056825 37.276916504 0.013872330 0.999704182 0.019978268 -36.320102692 -0.088342048 -0.018676672 0.995915115 389.334350586
0.995992720 -0.014079809 0.088320419 37.564170837 0.012362932 0.999724388 0.019956222 -36.510475159 -0.088577069 -0.018784350 0.995892167 391.610809326
0.996004820 -0.012916722 0.088360235 37.854541779 0.011067765 0.999710083 0.021383272 -36.698204041 -0.088610820 -0.020319892 0.995859027 393.876007080
0.995931983 -0.011267992 0.089400567 38.133407593 0.009365146 0.999721169 0.021675492 -36.885528564 -0.089619868 -0.020750066 0.995759845 396.145751953
0.995868504 -0.010960103 0.090143152 38.422340393 0.009169412 0.999752820 0.020255173 -37.080211639 -0.090342872 -0.019344931 0.995722771 398.410644531
0.995818377 -0.010856229 0.090707220 38.711048126 0.009097543 0.999762952 0.019779632 -37.270774841 -0.090900473 -0.018871715 0.995681107 400.673614502
0.995688796 -0.011961877 0.091981709 38.989612579 0.010086283 0.999732137 0.020828843 -37.455268860 -0.092206240 -0.019811295 0.995542824 402.910552979
0.995699883 -0.013151062 0.091699302 39.293117523 0.011207284 0.999702096 0.021680135 -37.641990662 -0.091957092 -0.020559210 0.995550692 405.185974121
0.995641589 -0.013488834 0.092281587 39.585105896 0.011553512 0.999702632 0.021474136 -37.825500488 -0.092543811 -0.020314364 0.995501399 407.439819336
0.995569944 -0.012006922 0.093253836 39.882987976 0.010116357 0.999734163 0.020719668 -38.006080627 -0.093477808 -0.019684495 0.995426774 409.674285889
0.995531976 -0.011396610 0.093734853 40.186069489 0.009465642 0.999734223 0.021019209 -38.196079254 -0.093949489 -0.020038037 0.995375276 411.927581787
0.995465994 -0.010339472 0.094554789 40.482074738 0.008417647 0.999750197 0.020701325 -38.383377075 -0.094745219 -0.019811537 0.995304406 414.173553467
0.995369077 -0.009187570 0.095688425 40.786369324 0.007225201 0.999756813 0.020834254 -38.568939209 -0.095856592 -0.020046398 0.995193303 416.443359375
0.995327234 -0.009566367 0.096083693 41.098445892 0.007607734 0.999756098 0.020730369 -38.758277893 -0.096258581 -0.019902522 0.995157301 418.699035645
0.995224595 -0.009669344 0.097131290 41.398162842 0.007700798 0.999757648 0.020621348 -38.942920685 -0.097307153 -0.019774886 0.995057881 420.950225830
0.995142519 -0.009930641 0.097943723 41.698520660 0.007959623 0.999758244 0.020494243 -39.134918213 -0.098123588 -0.019615091 0.994980931 423.206390381
0.995068610 -0.010482047 0.098633684 42.009418488 0.008385736 0.999730587 0.021644147 -39.322166443 -0.098834001 -0.020710295 0.994888425 425.472351074
0.995023727 -0.009638182 0.099171139 42.317527771 0.007474794 0.999726415 0.022163190 -39.504405975 -0.099357605 -0.021311611 0.994823515 427.723632812
0.994938791 -0.008753288 0.100100495 42.631839752 0.006497686 0.999718070 0.022837246 -39.687690735 -0.100272171 -0.022071240 0.994715214 429.998229980
0.994953036 -0.010189338 0.099822164 42.946311951 0.007890085 0.999694943 0.023401272 -39.881866455 -0.100030169 -0.022495558 0.994730055 432.268646240
0.994885445 -0.010679921 0.100443289 43.261562347 0.008435269 0.999705672 0.022745682 -40.072555542 -0.100656673 -0.021782083 0.994682670 434.532806396
0.994876921 -0.009887562 0.100608721 43.585159302 0.007607982 0.999706089 0.023016404 -40.245475769 -0.100806713 -0.022133062 0.994659781 436.802978516
0.994847953 -0.010381472 0.100845590 43.909660339 0.008058377 0.999693334 0.023416286 -40.432273865 -0.101057746 -0.022482993 0.994626403 439.090118408
0.994874418 -0.010432275 0.100579321 44.234729767 0.008101231 0.999689698 0.023556823 -40.612030029 -0.100793861 -0.022621261 0.994650126 441.361541748
0.994863868 -0.009894168 0.100737289 44.555847168 0.007434241 0.999665618 0.024765421 -40.815761566 -0.100948639 -0.023889316 0.994604766 443.637603760
0.994791746 -0.010407532 0.101395249 44.875785828 0.007923760 0.999659479 0.024867976 -40.993820190 -0.101619527 -0.023935029 0.994535327 445.919128418
0.994792700 -0.010327423 0.101394176 45.194282532 0.007892277 0.999671400 0.024388477 -41.176563263 -0.101612747 -0.023461249 0.994547367 448.183197021
0.994813025 -0.010030192 0.101224758 45.517585754 0.007600250 0.999674320 0.024362596 -41.362808228 -0.101436153 -0.023466893 0.994565248 450.445159912
0.994724333 -0.009397481 0.102152854 45.827091217 0.006960232 0.999683142 0.024189157 -41.549842834 -0.102347814 -0.023350537 0.994474530 452.700683594
0.994641721 -0.008744335 0.103011571 46.141181946 0.006283685 0.999687791 0.024187453 -41.722450256 -0.103190899 -0.023410557 0.994386017 454.975158691
0.994628608 -0.008986626 0.103117466 46.458557129 0.006529459 0.999687195 0.024141693 -41.912166595 -0.103302166 -0.023338713 0.994376302 457.237121582
0.994628906 -0.008424024 0.103161074 46.785552979 0.005989166 0.999696672 0.023889538 -42.100883484 -0.103331029 -0.023143377 0.994377732 459.515869141
0.994620085 -0.007016515 0.103351824 47.108207703 0.004557356 0.999701321 0.024011018 -42.276638031 -0.103489406 -0.023410827 0.994354963 461.798919678
0.994596481 -0.006827318 0.103591688 47.425270081 0.004214858 0.999668002 0.025416797 -42.458831787 -0.103730850 -0.024842836 0.994295061 464.072723389
0.994635701 -0.006880112 0.103211083 47.741073608 0.004249393 0.999660969 0.025686992 -42.633590698 -0.103352837 -0.025110615 0.994327724 466.339050293
0.994763434 -0.007117813 0.101956293 48.073505402 0.004642597 0.999689221 0.024493976 -42.811244965 -0.102098942 -0.023892371 0.994487226 468.620971680
0.994847476 -0.007032991 0.101138413 48.409271240 0.004640057 0.999704182 0.023875803 -42.994132996 -0.101276413 -0.023283498 0.994585812 470.918395996
0.994922578 -0.007741334 0.100345232 48.731060028 0.005245313 0.999670804 0.025114356 -43.183914185 -0.100506604 -0.024460496 0.994635642 473.198059082
0.994880736 -0.008048788 0.100735746 49.038345337 0.005506559 0.999659896 0.025489280 -43.366226196 -0.100906655 -0.024804084 0.994586587 475.478637695
0.995018244 -0.007422355 0.099416472 49.358654022 0.005036371 0.999693751 0.024229400 -43.521575928 -0.099565849 -0.023607992 0.994750857 477.766784668
0.995038390 -0.007615227 0.099199675 49.676361084 0.005159165 0.999674261 0.024991812 -43.703971863 -0.099357702 -0.024356028 0.994753659 480.046661377
0.995074093 -0.008072526 0.098803967 49.994529724 0.005574418 0.999658525 0.025533475 -43.883209229 -0.098976329 -0.024856931 0.994779289 482.318084717
0.995062649 -0.008464687 0.098886631 50.298389435 0.006057124 0.999678433 0.024621604 -44.059265137 -0.099063233 -0.023901070 0.994794130 484.603637695
0.995165825 -0.008844627 0.097810008 50.622192383 0.006370803 0.999652565 0.025575604 -44.248832703 -0.098002240 -0.024828846 0.994876444 486.911834717
0.995214164 -0.008914741 0.097310141 50.935455322 0.006486915 0.999660432 0.025237275 -44.420101166 -0.097502083 -0.024485247 0.994934082 489.192871094
0.995224118 -0.008323671 0.097260348 51.244869232 0.005869453 0.999657750 0.025492420 -44.593524933 -0.097439252 -0.024799807 0.994932413 491.488189697
0.995295107 -0.007944883 0.096563116 51.564941406 0.005458661 0.999647379 0.025984064 -44.771110535 -0.096735492 -0.025334707 0.994987726 493.772186279
0.995279193 -0.007633169 0.096752755 51.862358093 0.005173562 0.999657631 0.025646990 -44.947814941 -0.096915402 -0.025025360 0.994977951 496.070404053
0.995310068 -0.007077164 0.096476860 52.181678772 0.004680351 0.999675274 0.025047099 -45.131896973 -0.096622802 -0.024478083 0.995019972 498.382904053
0.995339155 -0.007115780 0.096173458 52.488716125 0.004639108 0.999652386 0.025951251 -45.311786652 -0.096324697 -0.025384136 0.995026231 500.675201416
0.995345771 -0.006910770 0.096119605 52.791793823 0.004394303 0.999642611 0.026367672 -45.494064331 -0.096267477 -0.025822571 0.995020509 502.947662354
0.995386899 -0.006035762 0.095752373 53.100925446 0.003599235 0.999665737 0.025598476 -45.672531128 -0.095874883 -0.025135754 0.995076001 505.229461670
0.995379627 -0.005910359 0.095835812 53.402263641 0.003404380 0.999648511 0.026291134 -45.852539062 -0.095957510 -0.025843393 0.995049894 507.515197754
0.995395303 -0.006697176 0.095621102 53.713314056 0.004254050 0.999659836 0.025731109 -46.036560059 -0.095760919 -0.025205847 0.995085180 509.808563232
0.995445013 -0.007336558 0.095053941 54.031242371 0.004831350 0.999635696 0.026559016 -46.220962524 -0.095214151 -0.025978805 0.995117784 512.105590820
0.995445371 -0.007167731 0.095063522 54.337444305 0.004655296 0.999634683 0.026624504 -46.393867493 -0.095219634 -0.026060693 0.995115042 514.404785156
0.995460153 -0.006595646 0.094950564 54.644489288 0.004115601 0.999645829 0.026291514 -46.570568085 -0.095090345 -0.025781376 0.995134711 516.708801270
0.995433390 -0.005679237 0.095290557 54.940547943 0.003183338 0.999648392 0.026324125 -46.753841400 -0.095406555 -0.025900569 0.995101392 518.999877930
0.995389521 -0.003670484 0.095844805 55.248596191 0.001147692 0.999651790 0.026363503 -46.934509277 -0.095908195 -0.026131956 0.995047092 521.343750000
0.995335698 -0.001596693 0.096459962 55.558670044 -0.000972181 0.999646246 0.026578644 -47.114082336 -0.096468285 -0.026548445 0.994981885 523.666809082
0.995267332 -0.000946710 0.097170167 55.869464874 -0.001762819 0.999612033 0.027794736 -47.286972046 -0.097158790 -0.027834481 0.994879603 525.983825684
0.995202184 -0.001348364 0.097831823 56.178348541 -0.001377530 0.999612808 0.027790168 -47.463165283 -0.097831421 -0.027791597 0.994814813 528.296508789
0.995139599 -0.003139681 0.098423548 56.488483429 0.000281305 0.999578178 0.029042015 -47.634620667 -0.098473221 -0.028873174 0.994720757 530.613037109
0.995099962 -0.004758567 0.098758981 56.815982819 0.001937199 0.999587774 0.028644465 -47.803749084 -0.098854586 -0.028312791 0.994699001 532.936218262
0.995079339 -0.005116821 0.098949224 57.134605408 0.002336047 0.999599636 0.028198509 -47.980926514 -0.099053890 -0.027828602 0.994692862 535.247863770
0.994992435 -0.005231847 0.099812746 57.449295044 0.002451648 0.999606252 0.027956491 -48.153648376 -0.099919669 -0.027571797 0.994613409 537.561767578
0.994901359 -0.004841613 0.100736633 57.762866974 0.002087631 0.999621630 0.027425906 -48.333202362 -0.100831307 -0.027075769 0.994535029 539.877258301
0.994839668 -0.004122607 0.101375215 58.087356567 0.001363839 0.999627173 0.027267700 -48.513477325 -0.101449832 -0.026988730 0.994474590 542.195129395
0.994701266 -0.003357920 0.102752969 58.391071320 0.000696821 0.999663711 0.025922965 -48.685329437 -0.102805443 -0.025714006 0.994369090 544.523254395
0.994542658 -0.003337425 0.104276806 58.700466156 0.000591891 0.999652684 0.026349152 -48.861019135 -0.104328506 -0.026143635 0.994199276 546.852661133
0.994469523 -0.003063238 0.104981080 59.017799377 0.000189399 0.999625266 0.027373876 -49.042610168 -0.105025582 -0.027202601 0.994097352 549.148559570
0.994414091 -0.003212805 0.105500467 59.342590332 0.000324986 0.999625146 0.027378354 -49.217418671 -0.105548888 -0.027191138 0.994042277 551.453613281
0.994503915 -0.004652137 0.104596190 59.695758820 0.001838933 0.999634326 0.026976228 -49.401679993 -0.104683429 -0.026635617 0.994148850 553.779907227
0.994477928 -0.004708108 0.104839943 60.030162811 0.001855467 0.999625802 0.027290408 -49.577308655 -0.104929194 -0.026945181 0.994114578 556.096374512
0.994423211 -0.004484734 0.105367877 60.358394623 0.001586920 0.999618649 0.027569639 -49.751251221 -0.105451316 -0.027248673 0.994051039 558.403015137
0.994389713 -0.003927115 0.105705000 60.695751190 0.000901274 0.999588847 0.028657900 -49.928977966 -0.105774067 -0.028401848 0.993984461 560.739685059
0.994367778 -0.003940531 0.105911285 61.034763336 0.000858092 0.999575138 0.029133804 -50.099494934 -0.105981082 -0.028878832 0.993948638 563.072875977
0.994337022 -0.003553490 0.106213361 61.374908447 0.000399403 0.999558628 0.029702298 -50.270675659 -0.106272042 -0.029491672 0.993899643 565.390808105
0.994295597 -0.002566066 0.106628001 61.713706970 -0.000534703 0.999577999 0.029041499 -50.446624756 -0.106657527 -0.028932853 0.993874788 567.714294434
0.994298160 -0.001548459 0.106624007 62.064170837 -0.001393126 0.999620616 0.027508367 -50.614543915 -0.106626168 -0.027500063 0.993918777 570.039001465
0.994302034 -0.001179152 0.106593214 62.422512054 -0.001813706 0.999606907 0.027976075 -50.795104980 -0.106584318 -0.028009996 0.993909121 572.360778809
0.994278789 -0.001172761 0.106809005 62.760967255 -0.001918293 0.999582410 0.028832691 -50.975044250 -0.106798202 -0.028872624 0.993861377 574.746887207
0.994270265 -0.001270892 0.106887430 63.108283997 -0.001985098 0.999537408 0.030349948 -51.158443451 -0.106876567 -0.030388230 0.993807793 577.062683105
0.994179606 -0.000850008 0.107732095 63.438400269 -0.002207656 0.999598205 0.028259665 -51.327194214 -0.107712843 -0.028333014 0.993778229 579.457824707
0.994222462 -0.001614856 0.107327282 63.788379669 -0.001367362 0.999615192 0.027706809 -51.493999481 -0.107330725 -0.027693491 0.993837655 581.792846680
0.994169176 -0.001814833 0.107816525 64.125205994 -0.001357755 0.999568403 0.029345116 -51.679107666 -0.107823238 -0.029320396 0.993737638 584.115783691
0.994217992 -0.001616016 0.107368462 64.469367981 -0.001537560 0.999570012 0.029282259 -51.851432800 -0.107369602 -0.029278032 0.993788004 586.434509277
0.994178653 -0.004340762 0.107656606 64.821578979 0.001280944 0.999593675 0.028474897 -52.035274506 -0.107736468 -0.028171232 0.993780255 588.799865723
0.994196355 -0.004599068 0.107482195 65.170402527 0.001543087 0.999592602 0.028498340 -52.206817627 -0.107569471 -0.028167091 0.993798494 591.146484375
0.994208753 -0.006221367 0.107285164 65.513916016 0.003128392 0.999575377 0.028973695 -52.383483887 -0.107419863 -0.028470272 0.993806005 593.482421875
0.994222760 -0.006801646 0.107120425 65.864746094 0.003699317 0.999568641 0.029133262 -52.557312012 -0.107272379 -0.028568679 0.993819118 595.838256836
