1.000000000 0.000000000 0.000000000 0.000000000 0.000000000 1.000000000 0.000000000 0.000000000 0.000000000 0.000000000 1.000000000 0.000000000
0.999999881 0.000144631 0.000469875 0.086048901 -0.000144571 0.999999940 -0.000126680 -0.225782201 -0.000469893 0.000126612 0.999999881 2.288087368
0.999999225 0.000480276 0.001251659 0.163591161 -0.000480771 0.999999940 0.000394480 -0.463038415 -0.001251469 -0.000395081 0.999999166 4.585926056
0.999998391 0.000061517 0.001801791 0.261108488 -0.000062295 0.999999821 0.000431787 -0.692931414 -0.001801765 -0.000431899 0.999998271 6.877419472
0.999996483 -0.000164139 0.002639648 0.354539692 0.000167811 0.999999046 -0.001390965 -0.924027443 -0.002639417 0.001391403 0.999995530 9.174084663
0.999986887 0.001625918 0.004858030 0.444490075 -0.001625907 0.999998689 -0.000006134 -1.160294175 -0.004858034 -0.000001765 0.999988139 11.481107712
0.999964774 0.003595741 0.007576308 0.528605103 -0.003603554 0.999992967 0.001017997 -1.387860537 -0.007572594 -0.001045263 0.999970794 13.788633347
0.999947369 0.003416808 0.009671151 0.641032219 -0.003450468 0.999988019 0.003465856 -1.616559386 -0.009659193 -0.003499044 0.999947190 16.059358597
0.999940872 0.003495025 0.010297785 0.766825676 -0.003543311 0.999982774 0.004674464 -1.847581387 -0.010281268 -0.004710676 0.999936044 18.404508591
0.999931574 0.002665542 0.011391535 0.889126658 -0.002721840 0.999984205 0.004929496 -2.073468924 -0.011378215 -0.004960166 0.999922991 20.692317963
0.999928415 0.000220083 0.011958716 1.004823327 -0.000251496 0.999996543 0.002625365 -2.304764032 -0.011958096 -0.002628185 0.999925017 23.007154465
0.999916136 -0.002036787 0.012787848 1.113800049 0.002029971 0.999997854 0.000545966 -2.525098324 -0.012788930 -0.000519962 0.999917984 25.286779404
0.999917507 -0.002769828 0.012542006 1.252640724 0.002768022 0.999996185 0.000161340 -2.777006388 -0.012542404 -0.000126610 0.999921322 27.600622177
0.999907255 -0.002470357 0.013390289 1.361095905 0.002481096 0.999996603 -0.000785437 -3.003214598 -0.013388300 0.000818586 0.999910057 29.887929916
0.999895513 -0.000076777 0.014455227 1.477391005 0.000054172 0.999998689 0.001564188 -3.234048128 -0.014455331 -0.001563241 0.999894321 32.177375793
0.999894798 0.001903207 0.014375208 1.609481335 -0.001955908 0.999991417 0.003652945 -3.454179525 -0.014368135 -0.003680678 0.999890089 34.458515167
0.999867201 0.004266021 0.015726045 1.727156401 -0.004395620 0.999956608 0.008215674 -3.693536997 -0.015690310 -0.008283710 0.999842525 36.770751953
0.999845326 0.006115356 0.016490063 1.842751861 -0.006244211 0.999950349 0.007773978 -3.911616802 -0.016441701 -0.007875744 0.999833822 39.043853760
0.999815524 0.005360898 0.018440854 1.947045803 -0.005474960 0.999966145 0.006140343 -4.115442753 -0.018407311 -0.006240174 0.999811113 41.336990356
0.999821305 0.002928378 0.018677348 2.070389032 -0.003028100 0.999981284 0.005313050 -4.341707706 -0.018661443 -0.005368656 0.999811530 43.614131927
0.999818981 0.002815817 0.018818038 2.205504894 -0.002888136 0.999988496 0.003816989 -4.561004162 -0.018807076 -0.003870647 0.999815643 45.860034943
0.999819875 0.002057469 0.018866830 2.332993507 -0.002115115 0.999993145 0.003036045 -4.792811871 -0.018860450 -0.003075403 0.999817371 48.136852264
0.999817252 0.000917312 0.019093795 2.467269421 -0.000982931 0.999993622 0.003427561 -5.021030903 -0.019090533 -0.003445702 0.999811828 50.415874481
0.999799907 -0.000012459 0.020003054 2.597952604 -0.000060223 0.999993503 0.003632919 -5.244609356 -0.020002967 -0.003633398 0.999793410 52.683383942
0.999792874 -0.001248945 0.020313008 2.733546019 0.001178084 0.999993145 0.003500070 -5.472612858 -0.020317242 -0.003475415 0.999787569 54.968177795
0.999763191 -0.001415841 0.021715822 2.860820293 0.001325617 0.999990523 0.004168607 -5.706864834 -0.021721512 -0.004138833 0.999755502 57.271057129
0.999745309 -0.002884270 0.022382228 2.999878883 0.002775592 0.999984145 0.004885117 -5.932786942 -0.022395967 -0.004821749 0.999737561 59.542018890
0.999704659 -0.004299206 0.023918640 3.128005505 0.004195730 0.999981642 0.004374668 -6.157423496 -0.023937007 -0.004273019 0.999704361 61.805599213
0.999692440 -0.005214146 0.024245057 3.280401945 0.005114267 0.999978125 0.004179780 -6.380733490 -0.024266317 -0.004054498 0.999697447 64.057144165
0.999665558 -0.004723047 0.025424615 3.420989037 0.004603869 0.999978065 0.004744021 -6.602417469 -0.025446463 -0.004625384 0.999665439 66.324218750
0.999645710 -0.003805624 0.026343675 3.569580793 0.003669754 0.999979734 0.005204046 -6.830096722 -0.026362943 -0.005105527 0.999639392 68.585189819
0.999611378 -0.004074383 0.027574895 3.708300591 0.003942628 0.999980569 0.004830764 -7.053573132 -0.027594037 -0.004720170 0.999607980 70.841003418
0.999599278 -0.004815536 0.027894046 3.867526054 0.004718350 0.999982595 0.003548866 -7.277245045 -0.027910646 -0.003415830 0.999604583 73.097427368
0.999583066 -0.005672844 0.028308354 4.022022247 0.005561445 0.999976456 0.004012339 -7.502512455 -0.028330449 -0.003853231 0.999591112 75.368698120
0.999539673 -0.006930286 0.029535595 4.181053638 0.006828020 0.999970317 0.003561884 -7.732920170 -0.029559406 -0.003358576 0.999557316 77.630729675
0.999540508 -0.007778047 0.029296596 4.341394424 0.007685785 0.999965131 0.003260512 -7.964177132 -0.029320937 -0.003033847 0.999565363 79.900032043
0.999510765 -0.008170272 0.030188655 4.488686085 0.008089022 0.999963403 0.002812585 -8.180453300 -0.030210527 -0.002567012 0.999540269 82.156478882
0.999490261 -0.007700051 0.030986236 4.653857708 0.007616784 0.999967039 0.002804364 -8.410140038 -0.031006806 -0.002566919 0.999515891 84.435882568
0.999442041 -0.007499423 0.032548089 4.810165405 0.007395814 0.999967217 0.003302494 -8.628563881 -0.032571789 -0.003059932 0.999464691 86.688232422
0.999437392 -0.007312481 0.032736845 4.978981972 0.007158528 0.999962747 0.004817508 -8.864046097 -0.032770850 -0.004580449 0.999452412 88.972312927
0.999407470 -0.006434500 0.033816498 5.137804031 0.006244025 0.999964058 0.005735226 -9.092374802 -0.033852182 -0.005520676 0.999411583 91.224884033
0.999383628 -0.006232660 0.034546874 5.305239201 0.006038052 0.999965310 0.005734619 -9.312459946 -0.034581415 -0.005522489 0.999386609 93.462989807
0.999370158 -0.006003236 0.034975346 5.481575012 0.005836268 0.999971092 0.004874004 -9.532773972 -0.035003591 -0.004666809 0.999376237 95.708885193
0.999336958 -0.006602405 0.035805292 5.650495052 0.006410566 0.999964476 0.005470024 -9.755453110 -0.035840146 -0.005236865 0.999343753 97.955757141
0.999301434 -0.006225022 0.036847617 5.810103416 0.006041179 0.999968767 0.005098553 -9.986323357 -0.036878206 -0.004872388 0.999307871 100.195610046
0.999244452 -0.006308964 0.038350772 5.965856552 0.006076282 0.999962449 0.006180726 -10.201573372 -0.038388319 -0.005943024 0.999245226 102.429023743
0.999241412 -0.006749706 0.038353726 6.164232731 0.006524246 0.999960721 0.006000601 -10.423858643 -0.038392726 -0.005745820 0.999246120 104.690368652
0.999208093 -0.007336626 0.039106745 6.339502335 0.007089134 0.999953985 0.006463565 -10.637225151 -0.039152361 -0.006181214 0.999214113 106.930702209
0.999183893 -0.008746909 0.039433274 6.522722244 0.008493682 0.999942183 0.006584635 -10.853038788 -0.039488591 -0.006244326 0.999200523 109.184844971
0.999137819 -0.009796274 0.040343072 6.694989204 0.009498295 0.999926209 0.007571195 -11.076314926 -0.040414259 -0.007181478 0.999157190 111.442565918
0.999113023 -0.010483898 0.040783409 6.882394791 0.010233084 0.999927402 0.006353809 -11.297861099 -0.040847063 -0.005930833 0.999147832 113.708114624
0.999066174 -0.010735751 0.041851912 7.059712887 0.010512236 0.999929249 0.005557081 -11.517220497 -0.041908618 -0.005111933 0.999108374 115.960586548
0.999034166 -0.011078801 0.042518534 7.243904114 0.010832389 0.999923170 0.006021474 -11.744118690 -0.042581979 -0.005555080 0.999077678 118.212806702
0.998987496 -0.011607770 0.043465782 7.432847977 0.011326191 0.999913275 0.006718844 -11.967091560 -0.043540005 -0.006219740 0.999032259 120.481346130
0.998985827 -0.012444342 0.043274410 7.639807224 0.012133949 0.999898732 0.007427981 -12.193416595 -0.043362461 -0.006895357 0.999035537 122.690147400
0.998901784 -0.012882627 0.045047548 7.827540398 0.012574490 0.999895632 0.007116936 -12.417378426 -0.045134529 -0.006542671 0.998959482 125.008178711
0.998863876 -0.013248774 0.045775574 8.008865356 0.012965256 0.999894917 0.006485031 -12.641053200 -0.045856684 -0.005884172 0.998930633 127.272590637
0.998841166 -0.015064826 0.045710117 8.198514938 0.014768475 0.999867678 0.006814102 -12.855517387 -0.045806713 -0.006131137 0.998931527 129.534896851
0.998866618 -0.016206115 0.044753164 8.387540817 0.015913475 0.999849617 0.006887599 -13.066024780 -0.044858061 -0.006167615 0.998974264 131.780288696
0.998928785 -0.016488815 0.043237280 8.585832596 0.016154945 0.999837041 0.008059980 -13.281700134 -0.043363128 -0.007352850 0.999032319 134.016326904
0.998972118 -0.017484143 0.041821893 8.769542694 0.017178884 0.999823153 0.007647419 -13.499587059 -0.041948214 -0.006921105 0.999095798 136.268142700
0.999044478 -0.018420767 0.039634530 8.977883339 0.018151239 0.999809682 0.007149469 -13.712865829 -0.039758682 -0.006423222 0.999188662 138.496582031
0.999026835 -0.019161452 0.039726701 9.146712303 0.018877421 0.999793589 0.007512600 -13.937087059 -0.039862450 -0.006755352 0.999182343 140.783020020
0.999017298 -0.019573463 0.039764065 9.316867828 0.019290570 0.999785900 0.007485556 -14.142033577 -0.039902072 -0.006711129 0.999181032 143.017211914
0.999047577 -0.019965719 0.038798720 9.510249138 0.019612927 0.999762893 0.009452323 -14.381233215 -0.038978249 -0.008682365 0.999202251 145.269332886
0.999065042 -0.019112280 0.038776942 9.686889648 0.018804364 0.999788821 0.008289999 -14.592370987 -0.038927194 -0.007553074 0.999213457 147.522293091
0.999083936 -0.018075548 0.038788222 9.865702629 0.017823793 0.999817789 0.006826513 -14.807575226 -0.038904548 -0.006128905 0.999224126 149.768844604
0.999091685 -0.016750252 0.039182793 10.042945862 0.016532708 0.999846101 0.005869464 -15.025927544 -0.039275080 -0.005216334 0.999214828 152.020828247
0.999098599 -0.016019145 0.039310563 10.226323128 0.015794514 0.999857068 0.006018276 -15.242505074 -0.039401360 -0.005391960 0.999208868 154.258544922
0.999080122 -0.015387671 0.040027067 10.412040710 0.015150381 0.999865830 0.006224860 -15.455040932 -0.040117491 -0.005612707 0.999179244 156.518386841
0.999079645 -0.014150440 0.040492039 10.577432632 0.013834425 0.999871731 0.008073978 -15.684579849 -0.040601093 -0.007506363 0.999147236 158.758102417
0.999020815 -0.013510052 0.042129118 10.755326271 0.013139089 0.999872565 0.009069927 -15.898554802 -0.042246286 -0.008507508 0.999070942 160.994064331
0.999003530 -0.012234879 0.042921111 10.925344467 0.011774675 0.999870598 0.010958552 -16.117347717 -0.043049634 -0.010442249 0.999018371 163.284149170
0.998968899 -0.011678256 0.043871041 11.110739708 0.011246359 0.999885917 0.010078604 -16.316772461 -0.043983739 -0.009574823 0.998986304 165.545471191
0.998943448 -0.010903946 0.044644546 11.311979294 0.010522988 0.999906242 0.008759304 -16.525573730 -0.044735879 -0.008280257 0.998964548 167.791061401
0.998876452 -0.009064747 0.046515726 11.498927116 0.008664408 0.999923706 0.008800951 -16.734352112 -0.046591952 -0.008388031 0.998878837 170.032699585
0.998734534 -0.008654611 0.049542360 11.690290451 0.008189460 0.999920487 0.009584235 -16.965984344 -0.049621370 -0.009166381 0.998726010 172.323944092
0.998615742 -0.008827792 0.051852357 11.891935349 0.008349877 0.999920726 0.009426257 -17.176609039 -0.051931452 -0.008980245 0.998610258 174.593185425
0.998526871 -0.008545684 0.053581297 12.101564407 0.008019743 0.999917626 0.010023105 -17.390020370 -0.053662535 -0.009578632 0.998513162 176.846969604
0.998496532 -0.009059060 0.054061450 12.313117981 0.008484556 0.999905169 0.010846950 -17.595867157 -0.054154590 -0.010371955 0.998478651 179.075576782
0.998459399 -0.010815176 0.054423437 12.520812988 0.010249406 0.999890566 0.010664159 -17.815900803 -0.054532818 -0.010089920 0.998461127 181.355209351
0.998421490 -0.011636300 0.054947376 12.722153664 0.011082344 0.999884784 0.010375570 -18.020809174 -0.055061784 -0.009750245 0.998435378 183.597549438
0.998490512 -0.012756967 0.053422820 12.957237244 0.012213872 0.999870479 0.010480162 -18.246107101 -0.053549595 -0.009811840 0.998516977 185.848297119
0.998486638 -0.014623625 0.053014733 13.166543007 0.014045166 0.999837875 0.011267545 -18.454990387 -0.053170919 -0.010505890 0.998530149 188.101776123
0.998495579 -0.015459083 0.052607380 13.379331589 0.014914216 0.999831140 0.010734132 -18.658264160 -0.052764438 -0.009933388 0.998557568 190.341537476
0.998473644 -0.016285419 0.052774251 13.584005356 0.015725320 0.999815702 0.011011131 -18.879417419 -0.052943848 -0.010164434 0.998545766 192.587585449
0.998429239 -0.017251162 0.053305347 13.773755074 0.016706627 0.999803841 0.010644152 -19.081703186 -0.053478524 -0.009736883 0.998521507 194.825454712
0.998479307 -0.016924279 0.052466046 14.012636185 0.016380375 0.999807835 0.010779523 -19.307476044 -0.052638393 -0.009903718 0.998564541 197.097534180
0.998491347 -0.015098371 0.052791338 14.219060898 0.014559344 0.999838054 0.010580298 -19.509878159 -0.052942529 -0.009795730 0.998549521 199.340866089
0.998491466 -0.013206289 0.053293474 14.421136856 0.012664030 0.999864638 0.010499821 -19.724262238 -0.053424917 -0.009809070 0.998523653 201.573043823
0.998479307 -0.012777658 0.053625770 14.637313843 0.012277752 0.999878168 0.009641221 -19.931123734 -0.053742424 -0.008968156 0.998514533 203.832611084
0.998437464 -0.013160699 0.054309271 14.838441849 0.012612572 0.999866128 0.010423134 -20.136426926 -0.054439180 -0.009721869 0.998469710 206.058502197
0.998416305 -0.014688770 0.054306060 15.068637848 0.014141198 0.999845326 0.010453668 -20.355810165 -0.054451216 -0.009669160 0.998469532 208.327972412
0.998353660 -0.014165048 0.055582076 15.275720596 0.013602037 0.999852419 0.010494700 -20.553121567 -0.055722535 -0.009721391 0.998398900 210.575851440
0.998287201 -0.015071047 0.056527644 15.496778488 0.014401579 0.999821424 0.012231927 -20.788341522 -0.056701895 -0.011396891 0.998326123 212.836761475
0.998210669 -0.013592159 0.058229040 15.729895592 0.012880329 0.999837816 0.012582614 -20.993295670 -0.058390625 -0.011810091 0.998224020 215.070953369
0.998049021 -0.012783407 0.061114457 15.962959290 0.012035439 0.999848247 0.012591361 -21.210630417 -0.061266143 -0.011831256 0.998051345 217.386718750
0.997919381 -0.012880696 0.063174255 16.192195892 0.012082295 0.999842405 0.013003851 -21.414928436 -0.063331790 -0.012213504 0.997917771 219.635360718
0.997787237 -0.014182325 0.064957485 16.425701141 0.013317692 0.999817133 0.013724499 -21.616369247 -0.065140255 -0.012829046 0.997793615 221.864151001
0.997676671 -0.015721481 0.066288359 16.660547256 0.014786207 0.999784410 0.014576335 -21.816522598 -0.066503234 -0.013562316 0.997694016 224.103515625
0.997600436 -0.017853728 0.066892512 16.910333633 0.016951472 0.999757767 0.014031568 -22.025157928 -0.067126833 -0.012863971 0.997661471 226.341705322
0.997560263 -0.019103985 0.067145415 17.151798248 0.018232508 0.999741733 0.013567956 -22.221035004 -0.067387283 -0.012310625 0.997650862 228.595062256
0.997512996 -0.019479206 0.067737356 17.392820358 0.018587412 0.999732375 0.013770950 -22.419475555 -0.067987457 -0.012477638 0.997608125 230.838668823
0.997456253 -0.021117797 0.068081878 17.636745453 0.020294102 0.999712467 0.012767682 -22.617288589 -0.068331920 -0.011353542 0.997598052 233.082824707
0.997441828 -0.021547645 0.068158016 17.903669357 0.020633085 0.999687910 0.014093981 -22.827569962 -0.068440430 -0.012651620 0.997574925 235.376998901
0.997401357 -0.021221656 0.068848222 18.148365021 0.020286540 0.999692619 0.014253186 -23.026042938 -0.069129534 -0.012819456 0.997525275 237.624206543
0.997358322 -0.021032520 0.069526948 18.389030457 0.020105742 0.999699771 0.014002888 -23.219387054 -0.069800608 -0.012568005 0.997481763 239.850936890
0.997322440 -0.021157529 0.070002586 18.635667801 0.020212885 0.999695122 0.014175418 -23.416666031 -0.070281170 -0.012722507 0.997446060 242.084625244
0.997279644 -0.021663975 0.070454299 18.884086609 0.020708615 0.999683797 0.014262304 -23.610984802 -0.070741005 -0.012764495 0.997413039 244.323333740
0.997235775 -0.021803061 0.071032502 19.131893158 0.020888390 0.999689400 0.013594364 -23.815704346 -0.071306825 -0.012073033 0.997381389 246.556106567
0.997259259 -0.021174926 0.070893057 19.392766953 0.020317361 0.999711692 0.012796085 -24.017869949 -0.071143590 -0.011320651 0.997401774 248.798645020
0.997241080 -0.021373110 0.071086250 19.651142120 0.020475734 0.999701500 0.013328640 -24.223379135 -0.071349911 -0.011836327 0.997381091 251.038681030
0.997206092 -0.022967700 0.071079969 19.908432007 0.022075089 0.999667525 0.013318105 -24.426816940 -0.071362220 -0.011711799 0.997381687 253.273376465
0.997190177 -0.022863071 0.071337841 20.163642883 0.021909108 0.999660075 0.014126536 -24.629245758 -0.071636565 -0.012523891 0.997352123 255.525283813
0.997144341 -0.023325264 0.071826495 20.402572632 0.022354761 0.999647975 0.014286215 -24.828195572 -0.072134443 -0.012639754 0.997314870 257.744567871
0.997134149 -0.023813168 0.071808100 20.675508499 0.022813460 0.999631524 0.014710164 -25.031558990 -0.072131924 -0.013029815 0.997309923 260.013305664
0.997111797 -0.023527825 0.072211184 20.935207367 0.022565385 0.999645829 0.014115162 -25.227312088 -0.072517700 -0.012444924 0.997289479 262.260650635
0.997084200 -0.023358967 0.072646037 21.193767548 0.022428153 0.999655902 0.013602555 -25.424070358 -0.072938785 -0.011933575 0.997265041 264.518829346
0.997056365 -0.022551090 0.073279455 21.454639435 0.021643294 0.999679267 0.013158670 -25.627853394 -0.073552698 -0.011533926 0.997224629 266.759735107
0.996986389 -0.021902705 0.074419662 21.712474823 0.020973366 0.999692261 0.013246550 -25.825206757 -0.074686900 -0.011645800 0.997139096 269.008209229
0.996886551 -0.021776702 0.075781785 21.975931168 0.020855799 0.999698997 0.012922286 -26.033462524 -0.076040372 -0.011301562 0.997040689 271.254669189
0.996829629 -0.022643710 0.076275952 22.256389618 0.021681134 0.999674916 0.013424282 -26.239929199 -0.076555125 -0.011727972 0.996996343 273.499206543
0.996581495 -0.023207802 0.079289034 22.495132446 0.022186629 0.999659479 0.013736029 -26.431564331 -0.079580814 -0.011929915 0.996757030 275.748168945
0.996470988 -0.023148911 0.080681682 22.771352768 0.022014735 0.999646306 0.014918899 -26.624179840 -0.080998503 -0.013090067 0.996628284 277.989074707
0.996424198 -0.022161072 0.081533141 23.064853668 0.020888403 0.999646842 0.016429335 -26.837354660 -0.081868425 -0.014667490 0.996535182 280.253692627
0.996319413 -0.021861296 0.082883216 23.345138550 0.020471727 0.999635935 0.017578417 -27.037864685 -0.083237328 -0.015816957 0.996404171 282.487854004
0.996230185 -0.020969989 0.084176354 23.618392944 0.019577589 0.999658108 0.017333061 -27.222105026 -0.084511049 -0.015619752 0.996300101 284.735382080
0.996136010 -0.019979157 0.085521713 23.887401581 0.018619960 0.999687791 0.016661407 -27.410730362 -0.085827887 -0.015004617 0.996196985 286.958190918
0.996109664 -0.019368336 0.085967340 24.177385330 0.018103013 0.999716520 0.015473962 -27.593721390 -0.086242661 -0.013857497 0.996177793 289.203826904
0.996068239 -0.020067815 0.086285509 24.455854416 0.018789975 0.999701798 0.015596328 -27.793134689 -0.086572759 -0.013913708 0.996148348 291.429626465
0.996027946 -0.020392923 0.086674631 24.726430893 0.019218428 0.999712110 0.014363615 -27.980682373 -0.086942591 -0.012640811 0.996133089 293.695678711
0.996045470 -0.020976458 0.086332671 25.012075424 0.019880662 0.999710739 0.013533099 -28.175735474 -0.086591579 -0.011763234 0.996174395 295.924041748
0.996030092 -0.021058600 0.086490586 25.292993546 0.019972373 0.999710679 0.013405184 -28.374448776 -0.086747855 -0.011624548 0.996162474 298.157897949
0.996035755 -0.020312872 0.086603925 25.575922012 0.019225948 0.999725819 0.013366241 -28.569318771 -0.086851686 -0.011648209 0.996153116 300.396240234
0.995991528 -0.020179743 0.087141283 25.844247818 0.018955035 0.999709845 0.014859046 -28.779495239 -0.087415859 -0.013147717 0.996085167 302.634857178
0.995980740 -0.021066161 0.087055273 26.133472443 0.019852782 0.999693632 0.014780492 -28.973287582 -0.087339967 -0.012992796 0.996093810 304.884368896
0.995960653 -0.020413462 0.087439664 26.422311783 0.019152390 0.999700487 0.015237023 -29.174249649 -0.087724507 -0.013500798 0.996053219 307.129760742
0.995958626 -0.021290824 0.087252237 26.709194183 0.020029092 0.999682128 0.015310835 -29.378170013 -0.087550469 -0.013501375 0.996068537 309.386077881
0.995912910 -0.022559276 0.087455504 26.995561600 0.021260118 0.999649763 0.015758252 -29.573083878 -0.087780364 -0.013834532 0.996043801 311.640350342
0.995884359 -0.022146586 0.087885179 27.280605316 0.020906067 0.999668896 0.015010768 -29.769432068 -0.088188529 -0.013111657 0.996017516 313.880218506
0.995910227 -0.021817517 0.087674499 27.574445724 0.020505331 0.999664187 0.015839506 -29.970361710 -0.087990634 -0.013976933 0.996023178 316.128173828
0.995864689 -0.019849429 0.088653415 27.862646103 0.018590316 0.999714673 0.015005875 -30.170162201 -0.088925987 -0.013295727 0.995949447 318.380828857
0.995867074 -0.018413970 0.088936545 28.146524429 0.017092304 0.999732137 0.015599655 -30.367197037 -0.089199975 -0.014015052 0.995915115 320.627197266
0.995806158 -0.017047174 0.089886293 28.428186417 0.015735688 0.999759436 0.015279113 -30.565158844 -0.090125158 -0.013800611 0.995834768 322.858703613
0.995761275 -0.016092395 0.090556063 28.710538864 0.014714179 0.999765813 0.015866634 -30.758892059 -0.090790197 -0.014466922 0.995764971 325.093566895
0.995762646 -0.015693543 0.090610988 29.008098602 0.014190135 0.999751151 0.017212389 -30.964231491 -0.090858564 -0.015853671 0.995737553 327.320465088
0.995743811 -0.016149543 0.090738580 29.298362732 0.014648092 0.999744892 0.017188722 -31.166898727 -0.090993032 -0.015786419 0.995726407 329.563262939
0.995733380 -0.017955592 0.090512328 29.599473953 0.016528675 0.999727368 0.016489971 -31.361215591 -0.090783738 -0.014923569 0.995758772 331.797515869
0.995745778 -0.017757695 0.090416044 29.890958786 0.016353885 0.999734282 0.016243411 -31.556659698 -0.090680465 -0.014695649 0.995771587 334.019256592
0.995721996 -0.017956235 0.090638004 30.179977417 0.016432324 0.999711275 0.017531492 -31.749660492 -0.090926625 -0.015967097 0.995729685 336.253173828
0.995773196 -0.018580135 0.089947104 30.486282349 0.017074822 0.999701500 0.017476292 -31.940105438 -0.090244979 -0.015866593 0.995793223 338.491119385
0.995788038 -0.018604102 0.089777894 30.774354935 0.017064774 0.999694467 0.017883228 -32.138652802 -0.090083182 -0.016275864 0.995801270 340.736602783
0.995818734 -0.018737353 0.089408234 31.072696686 0.017228639 0.999696314 0.017616525 -32.334320068 -0.089711159 -0.016002482 0.995839357 342.980407715
0.995847940 -0.019070761 0.089012355 31.365142822 0.017526332 0.999682426 0.018100213 -32.524578094 -0.089329302 -0.016464997 0.995866060 345.222381592
0.995899975 -0.018829133 0.088479191 31.658615112 0.017291384 0.999686420 0.018114215 -32.712493896 -0.088792510 -0.016510023 0.995913327 347.463531494
0.995951116 -0.018936157 0.087880455 31.948053360 0.017412264 0.999684930 0.018074892 -32.902988434 -0.088195056 -0.016471507 0.995967031 349.702026367
0.995963395 -0.018567370 0.087819092 32.230812073 0.016997626 0.999682724 0.018589009 -33.097812653 -0.088136367 -0.017021257 0.995962918 351.940429688
0.996000409 -0.018844562 0.087339044 32.515190125 0.017263366 0.999673724 0.018824302 -33.284210205 -0.087665282 -0.017241245 0.996000767 354.170318604
0.996028364 -0.018387191 0.087116741 32.797462463 0.016844565 0.999688566 0.018409772 -33.476512909 -0.087428138 -0.016869212 0.996027946 356.406921387
0.996078193 -0.018528510 0.086515382 33.086811066 0.016960520 0.999678969 0.018823901 -33.665706635 -0.086836383 -0.017282730 0.996072590 358.641082764
0.996135414 -0.018131556 0.085938245 33.376884460 0.016496429 0.999669850 0.019698948 -33.857330322 -0.086267047 -0.018205149 0.996105671 360.885437012
0.996190548 -0.018570757 0.085202463 33.666362762 0.016945133 0.999661088 0.019763269 -34.048225403 -0.085540622 -0.018244214 0.996167660 363.130035400
0.996248066 -0.018548736 0.084532596 33.955993652 0.016895724 0.999652624 0.020228423 -34.235996246 -0.084878460 -0.018724291 0.996215343 365.372680664
0.996300817 -0.018543132 0.083909392 34.240196228 0.016952947 0.999663830 0.019624213 -34.425460815 -0.084245048 -0.018129110 0.996280134 367.623992920
0.996312618 -0.019209221 0.083618954 34.518127441 0.017635414 0.999653935 0.019519344 -34.616096497 -0.083964974 -0.017972713 0.996306598 369.873870850
0.996312201 -0.019396229 0.083580233 34.795417786 0.017912613 0.999669015 0.018464308 -34.797061920 -0.083910704 -0.016899073 0.996329963 372.126708984
0.996387839 -0.019055724 0.082753159 35.077983856 0.017568773 0.999671519 0.018659716 -34.994255066 -0.083081558 -0.017138442 0.996395350 374.372100830
0.996477783 -0.019006316 0.081675954 35.365432739 0.017511647 0.999666572 0.018977614 -35.178428650 -0.082009412 -0.017480487 0.996478260 376.619934082
0.996381164 -0.018510759 0.082956769 35.625938416 0.016931610 0.999662578 0.019699147 -35.368511200 -0.083293431 -0.018223269 0.996358454 378.878784180
0.996382117 -0.019247400 0.082778275 35.904872894 0.017651884 0.999644876 0.019963477 -35.560188293 -0.083133116 -0.018430060 0.996367991 381.120208740
0.996392071 -0.019186940 0.082672566 36.187896729 0.017595164 0.999646366 0.019939784 -35.740825653 -0.083025903 -0.018413207 0.996377230 383.379455566
0.996418357 -0.018351419 0.082545020 36.468353271 0.016749501 0.999658525 0.020057430 -35.929325104 -0.082884915 -0.018603001 0.996385455 385.630279541
0.996415198 -0.017012255 0.082869463 36.736850739 0.015382968 0.999676406 0.020259846 -36.111572266 -0.083187327 -0.018912442 0.996354461 387.869689941
0.996455133 -0.016094098 0.082571685 37.024299622 0.014474966 0.999691784 0.020170143 -36.304855347 -0.082870848 -0.018903421 0.996380985 390.140838623
0.996442735 -0.014546494 0.083007552 37.296852112 0.012908158 0.999711752 0.020239869 -36.496299744 -0.083278045 -0.019096395 0.996343374 392.414459229
0.996462584 -0.013130724 0.083005078 37.572719574 0.011378204 0.999702990 0.021551305 -36.681972504 -0.083263412 -0.020530628 0.996316016 394.676727295
0.996411085 -0.012194477 0.083763368 37.843017578 0.010381824 0.999703169 0.022041790 -36.868740082 -0.084007308 -0.021093063 0.996241868 396.941528320
0.996354342 -0.011958761 0.084469341 38.118701935 0.010258117 0.999736369 0.020538710 -37.060798645 -0.084692702 -0.019597337 0.996214330 399.205047607
0.996305704 -0.011146398 0.085150644 38.399642944 0.009505549 0.999761641 0.019651163 -37.243953705 -0.085349381 -0.018769162 0.996174276 401.476379395
0.996217310 -0.012828851 0.085946031 38.665702820 0.011064992 0.999718904 0.020967903 -37.432395935 -0.086190879 -0.019937595 0.996079087 403.735076904
0.996158123 -0.014347893 0.086389303 38.948677063 0.012473854 0.999675870 0.022193866 -37.620838165 -0.086679727 -0.021030990 0.996014237 405.988494873
0.996165991 -0.015461794 0.086105883 39.239685059 0.013617678 0.999666154 0.021963200 -37.802303314 -0.086416736 -0.020706434 0.996043861 408.248809814
0.996145248 -0.015159862 0.086399451 39.531028748 0.013433072 0.999698937 0.020532645 -37.982738495 -0.086684704 -0.019292887 0.996048927 410.513854980
0.996094406 -0.013095842 0.087318167 39.829166412 0.011312530 0.999717951 0.020886799 -38.179435730 -0.087567069 -0.019817436 0.995961487 412.787475586
0.996006846 -0.011771944 0.088497475 40.102340698 0.009981978 0.999737024 0.020641638 -38.365955353 -0.088717207 -0.019675830 0.995862484 415.026702881
0.995919824 -0.010578535 0.089620516 40.391372681 0.008747691 0.999745369 0.020797092 -38.552536011 -0.089817703 -0.019928262 0.995758832 417.299499512
0.995876729 -0.010733359 0.090078078 40.687797546 0.008917820 0.999749422 0.020533497 -38.740165710 -0.090275884 -0.019645534 0.995723009 419.554107666
0.995758832 -0.010557402 0.091394305 40.971206665 0.008706310 0.999749303 0.020628965 -38.925453186 -0.091589175 -0.019745763 0.995601118 421.807525635
0.995681047 -0.010507907 0.092244923 41.258655548 0.008662889 0.999754786 0.020379011 -39.114368439 -0.092436425 -0.019491885 0.995527744 424.067718506
0.995611310 -0.010878263 0.092950225 41.555603027 0.008913998 0.999728620 0.021521561 -39.301559448 -0.093159139 -0.020598557 0.995438099 426.342071533
0.995554805 -0.009954913 0.093656167 41.850021362 0.007921098 0.999725223 0.022062518 -39.485042572 -0.093850039 -0.021222586 0.995360255 428.596496582
0.995489240 -0.009173898 0.094429657 42.153137207 0.007048746 0.999714851 0.022814162 -39.668983459 -0.094612025 -0.022045644 0.995270073 430.873107910
0.995499194 -0.009811714 0.094260909 42.455471039 0.007669776 0.999704659 0.023058986 -39.861198425 -0.094459310 -0.022232238 0.995280445 433.148834229
0.995464146 -0.010424873 0.094564334 42.761135101 0.008334852 0.999712706 0.022469714 -40.052879333 -0.094771408 -0.021579612 0.995265245 435.414276123
0.995469153 -0.009466157 0.094612367 43.072700500 0.007374189 0.999721229 0.022436172 -40.221790314 -0.094798364 -0.021636834 0.995261312 437.684631348
0.995425701 -0.009802398 0.095033959 43.380001068 0.007674632 0.999712110 0.022729278 -40.406799316 -0.095229402 -0.021895954 0.995214641 439.969482422
0.995455742 -0.009951109 0.094704114 43.691062927 0.007815623 0.999707282 0.022893310 -40.588844299 -0.094904214 -0.022049105 0.995242238 442.243927002
0.995417297 -0.009292587 0.095173985 43.992370605 0.007034326 0.999686360 0.024035787 -40.782741547 -0.095367484 -0.023256155 0.995170355 444.512756348
0.995386839 -0.009807181 0.095440075 44.303920746 0.007553175 0.999684572 0.023949658 -40.961044312 -0.095644854 -0.023118302 0.995147049 446.793792725
0.995380402 -0.009648471 0.095523611 44.607982635 0.007433534 0.999695837 0.023516096 -41.145732880 -0.095721453 -0.022697385 0.995149314 449.060974121
0.995403945 -0.008992402 0.095341578 44.917938232 0.006814508 0.999708891 0.023144100 -41.329738617 -0.095521942 -0.022388028 0.995175540 451.323730469
0.995347679 -0.008395867 0.095981836 45.218540192 0.006237459 0.999721289 0.022765644 -41.517555237 -0.096146241 -0.022061048 0.995122671 453.586975098
0.995261967 -0.007815209 0.096914925 45.517562866 0.005624289 0.999722838 0.022859264 -41.693901062 -0.097066700 -0.022205876 0.995030105 455.868041992
0.995220900 -0.007781613 0.097338252 45.816184998 0.005602318 0.999727905 0.022642191 -41.885616302 -0.097487964 -0.021988662 0.994993687 458.126647949
0.995250762 -0.006789624 0.097106822 46.139575958 0.004685021 0.999749482 0.021884684 -42.070755005 -0.097231098 -0.021325799 0.995033324 460.418609619
0.995230854 -0.005732262 0.097379304 46.449073792 0.003560846 0.999741435 0.022457724 -42.256629944 -0.097482853 -0.022003861 0.994993865 462.704620361
0.995251834 -0.005208313 0.097194217 46.758411407 0.002916542 0.999714673 0.023706490 -42.438991547 -0.097289957 -0.023310458 0.994983077 464.979187012
0.995271564 -0.005203438 0.096992880 47.058357239 0.002880618 0.999706030 0.024073023 -42.617271423 -0.097089648 -0.023679791 0.994993925 467.245544434
0.995388567 -0.005244199 0.095781647 47.377174377 0.003056684 0.999731481 0.022971019 -42.799503326 -0.095876396 -0.022572320 0.995137274 469.531524658
0.995482743 -0.005317661 0.094794601 47.698734283 0.003190565 0.999740005 0.022576472 -42.988746643 -0.094890028 -0.022172032 0.995240748 471.831512451
0.995549917 -0.006115043 0.094038054 48.004188538 0.003891182 0.999708831 0.023813728 -43.181350708 -0.094156317 -0.023341835 0.995283723 474.111633301
0.995500028 -0.006428411 0.094542556 48.293495178 0.004143461 0.999695063 0.024344958 -43.368480682 -0.094670221 -0.023843676 0.995223165 476.393890381
0.995651782 -0.006032696 0.092958011 48.604690552 0.003878684 0.999720156 0.023335151 -43.529685974 -0.093072802 -0.022873130 0.995396554 478.670867920
0.995655715 -0.006355021 0.092893772 48.905776978 0.004135055 0.999701679 0.024070879 -43.713859558 -0.093019038 -0.023582192 0.995384991 480.955841064
0.995711505 -0.006948487 0.092250943 49.215393066 0.004690082 0.999684513 0.024675369 -43.897048950 -0.092393287 -0.024136882 0.995429993 483.234100342
0.995700538 -0.007353953 0.092338786 49.504253387 0.005158440 0.999698877 0.023992905 -44.077758789 -0.092487410 -0.023413427 0.995438516 485.522430420
0.995809495 -0.008401547 0.091065310 49.818149567 0.006192163 0.999680221 0.024516977 -44.269176483 -0.091242187 -0.023850344 0.995543063 487.841857910
0.995908082 -0.008929103 0.089930020 50.120426178 0.006715171 0.999667704 0.024890924 -44.448123932 -0.090122387 -0.024185181 0.995637000 490.122558594
0.995812535 -0.008399874 0.091031410 50.382324219 0.006136465 0.999665737 0.025115462 -44.638034821 -0.091211937 -0.024451682 0.995531261 492.413360596
0.995893061 -0.007749919 0.090204716 50.693759918 0.005482273 0.999663472 0.025359556 -44.814598083 -0.090370901 -0.024760883 0.995600343 494.706787109
0.995910823 -0.007350193 0.090042055 50.980438232 0.005117494 0.999674320 0.025002001 -44.992855072 -0.090196513 -0.024438977 0.995624065 497.001251221
0.995937765 -0.007401505 0.089739844 51.286827087 0.005211408 0.999683559 0.024614731 -45.182296753 -0.089893602 -0.024047069 0.995661020 499.319946289
0.995970488 -0.007275790 0.089385696 51.579162598 0.005027367 0.999665916 0.025353607 -45.360759735 -0.089540318 -0.024802074 0.995674312 501.614654541
0.995981395 -0.006794834 0.089302056 51.868717194 0.004527954 0.999662995 0.025562514 -45.543266296 -0.089445651 -0.025055433 0.995676517 503.893524170
0.996021032 -0.005979873 0.088917941 52.165019989 0.003781190 0.999683440 0.024875017 -45.724609375 -0.089038543 -0.024439823 0.995728314 506.181701660
0.996005416 -0.005690348 0.089110941 52.450199127 0.003424918 0.999667645 0.025554884 -45.904823303 -0.089226723 -0.025147609 0.995693803 508.475585938
0.996037483 -0.006014401 0.088731050 52.748825073 0.003858456 0.999693632 0.024449069 -46.082283020 -0.088850901 -0.024009826 0.995755434 510.762756348
0.996067524 -0.006852075 0.088332288 53.047206879 0.004630503 0.999668419 0.025330599 -46.268714905 -0.088476568 -0.024821967 0.995768845 513.064025879
0.996086538 -0.006733036 0.088126443 53.340568542 0.004497983 0.999663770 0.025535949 -46.447052002 -0.088268749 -0.025039628 0.995781898 515.364074707
0.996094465 -0.005887869 0.088097565 53.629096985 0.003660528 0.999670088 0.025422905 -46.627853394 -0.088218175 -0.025001127 0.995787382 517.665222168
0.996076345 -0.004996002 0.088357635 53.911922455 0.002801236 0.999684870 0.024946148 -46.808509827 -0.088454440 -0.024600757 0.995776355 519.962646484
0.996047080 -0.003669245 0.088751249 54.205566406 0.001395847 0.999669671 0.025663909 -47.003276825 -0.088816121 -0.025438575 0.995723069 522.296630859
0.995898187 -0.001639183 0.090465330 54.484077454 -0.000678820 0.999672413 0.025586391 -47.178268433 -0.090477630 -0.025542850 0.995570838 524.619079590
0.995941103 -0.000606335 0.090005293 54.795700073 -0.001815713 0.999638498 0.026825748 -47.351818085 -0.089989036 -0.026880287 0.995579958 526.937072754
0.995871186 -0.000773725 0.090774305 55.085575104 -0.001654394 0.999642909 0.026670670 -47.527450562 -0.090762511 -0.026710728 0.995514274 529.243286133
0.995823920 -0.002716483 0.091254249 55.379825592 0.000164873 0.999609053 0.027957464 -47.701526642 -0.091294505 -0.027825665 0.995435119 531.557800293
0.995778799 -0.004340634 0.091682479 55.687549591 0.001814150 0.999616802 0.027622264 -47.875137329 -0.091767251 -0.027339341 0.995405138 533.884277344
0.995759368 -0.004297339 0.091895267 55.991260529 0.001819516 0.999632895 0.027030362 -48.049842834 -0.091977693 -0.026748529 0.995401740 536.195190430
0.995683789 -0.004704045 0.092690535 56.294044495 0.002231636 0.999639392 0.026759414 -48.226871490 -0.092783004 -0.026437063 0.995335281 538.512573242
0.995614767 -0.004098839 0.093458489 56.594329834 0.001663925 0.999657512 0.026116481 -48.407077789 -0.093533516 -0.025846446 0.995280564 540.831176758
0.995526791 -0.003481801 0.094415255 56.893959045 0.001044936 0.999665380 0.025847239 -48.588333130 -0.094473653 -0.025632961 0.995197296 543.152526855
0.995457351 -0.003077039 0.095157459 57.207298279 0.000728033 0.999694407 0.024710342 -48.765823364 -0.095204413 -0.024528814 0.995155513 545.479553223
0.995370090 -0.002948392 0.096070915 57.502655029 0.000531321 0.999682903 0.025175113 -48.947929382 -0.096114688 -0.025007511 0.995056093 547.791137695
0.995310962 -0.003108774 0.096676819 57.810745239 0.000607542 0.999664605 0.025890775 -49.128425598 -0.096724883 -0.025710640 0.994979024 550.106018066
0.995207012 -0.002618943 0.097755045 58.105571747 0.000132205 0.999676526 0.025436271 -49.299560547 -0.097790025 -0.025301432 0.994885385 552.406127930
0.995234847 -0.005447069 0.097354867 58.428260803 0.002959387 0.999665856 0.025678888 -49.499938965 -0.097462192 -0.025268409 0.994918406 554.712402344
0.995276690 -0.005666035 0.096914500 58.753852844 0.003155262 0.999655902 0.026040765 -49.678882599 -0.097028717 -0.025611972 0.994951963 557.032409668
0.995220721 -0.005554083 0.097492628 59.064590454 0.003001632 0.999649346 0.026308144 -49.855735779 -0.097604550 -0.025889773 0.994888484 559.342651367
0.995211780 -0.004934006 0.097617254 59.383300781 0.002284805 0.999626517 0.027231844 -50.032665253 -0.097715169 -0.026878415 0.994851351 561.673889160
0.995212018 -0.005408070 0.097590014 59.707733154 0.002698122 0.999607623 0.027879335 -50.210632324 -0.097702496 -0.027482541 0.994836152 564.006713867
0.995189905 -0.004702952 0.097851425 60.028549194 0.001907731 0.999587953 0.028639957 -50.386447906 -0.097945802 -0.028315526 0.994788826 566.324645996
0.995134056 -0.003682035 0.098461196 60.347312927 0.000917887 0.999604523 0.028104048 -50.566642761 -0.098525740 -0.027876925 0.994743884 568.645385742
0.995163083 -0.002722294 0.098199174 60.684101105 0.000119453 0.999648750 0.026501887 -50.737285614 -0.098236844 -0.026361968 0.994813859 570.983764648
0.995152473 -0.002210689 0.098319113 61.017818451 -0.000409769 0.999645352 0.026624400 -50.917285919 -0.098343119 -0.026535625 0.994798779 573.305175781
0.995132983 -0.002489002 0.098509625 61.335006714 -0.000245537 0.999615192 0.027737260 -51.104206085 -0.098540753 -0.027626449 0.994749486 575.687683105
0.995137215 -0.002534480 0.098465532 61.663833618 -0.000324372 0.999579132 0.029007183 -51.286216736 -0.098497592 -0.028898068 0.994717658 578.002990723
0.995041907 -0.001786330 0.099440463 61.971454620 -0.000970904 0.999616504 0.027672200 -51.468357086 -0.099451758 -0.027631549 0.994658589 580.390502930
0.995103836 -0.002568321 0.098801382 62.302886963 -0.000102047 0.999635041 0.027013093 -51.635356903 -0.098834716 -0.026890919 0.994740367 582.729980469
0.995080173 -0.003213759 0.099019952 62.628433228 0.000361801 0.999584973 0.028806366 -51.824008942 -0.099071421 -0.028628817 0.994668424 585.056579590
0.995146990 -0.002951843 0.098354913 62.954841614 0.000114048 0.999583900 0.028845742 -51.997230530 -0.098399132 -0.028694538 0.994733334 587.376708984
0.995075047 -0.005666637 0.098962195 63.284019470 0.002921749 0.999607503 0.027859671 -52.181144714 -0.099081203 -0.027433321 0.994701087 589.742553711
0.995094955 -0.005898293 0.098748468 63.614650726 0.003188798 0.999614716 0.027573725 -52.351440430 -0.098873049 -0.027123587 0.994730294 592.093811035
0.995112836 -0.007710297 0.098442696 63.937671661 0.004951945 0.999589026 0.028233523 -52.530815125 -0.098619945 -0.027608059 0.994742095 594.430236816
0.995124638 -0.008559991 0.098253146 64.269538879 0.005780098 0.999575794 0.028543027 -52.707767487 -0.098455802 -0.027835960 0.994752049 596.788024902
