1.000000000 0.000000000 0.000000000 0.000000000 0.000000000 1.000000000 0.000000000 0.000000000 0.000000000 0.000000000 1.000000000 0.000000000
0.999999940 -0.000104810 0.000288165 0.088922955 0.000104880 0.999999940 -0.000244571 -0.226184890 -0.000288140 0.000244601 0.999999940 2.286146879
0.999999583 0.000100439 0.001048319 0.168453470 -0.000100686 0.999999881 0.000236159 -0.463739872 -0.001048295 -0.000236265 0.999999404 4.582319260
0.999998689 -0.000114239 0.001577528 0.266131967 0.000113386 0.999999821 0.000540472 -0.696596801 -0.001577589 -0.000540292 0.999998629 6.868401527
0.999997020 -0.000203685 0.002438672 0.361301303 0.000206722 0.999999166 -0.001245203 -0.928395927 -0.002438417 0.001245703 0.999996185 9.165303230
0.999988794 0.001591321 0.004478922 0.452929556 -0.001592056 0.999998748 0.000160495 -1.164775610 -0.004478660 -0.000167624 0.999989986 11.471169472
0.999972999 0.003057136 0.006682405 0.560821056 -0.003066913 0.999994159 0.001453360 -1.404009581 -0.006677923 -0.001473815 0.999976575 13.762272835
0.999954700 0.002880404 0.009074565 0.665519416 -0.002916865 0.999987662 0.004007217 -1.631941199 -0.009062911 -0.004033505 0.999950826 16.035505295
0.999945581 0.003175744 0.009934002 0.761943340 -0.003228193 0.999980927 0.005268186 -1.859213591 -0.009917081 -0.005299968 0.999936700 18.323041916
0.999935150 0.002295843 0.011156454 0.871769071 -0.002359981 0.999980688 0.005739286 -2.087716579 -0.011143062 -0.005765241 0.999921322 20.595197678
0.999930322 -0.000264414 0.011797401 0.989499688 0.000227081 0.999994934 0.003165730 -2.310774088 -0.011798180 -0.003162830 0.999925375 22.904336929
0.999911010 -0.002396375 0.013120916 1.089697957 0.002382503 0.999996543 0.001072717 -2.528639078 -0.013123441 -0.001041361 0.999913275 25.186197281
0.999916852 -0.003074819 0.012524280 1.230340719 0.003067963 0.999995112 0.000566557 -2.778745890 -0.012525961 -0.000528086 0.999921381 27.468606949
0.999899745 -0.002781520 0.013883812 1.332041144 0.002787489 0.999995947 -0.000410535 -3.003441334 -0.013882615 0.000449195 0.999903560 29.756029129
0.999897301 -0.000837871 0.014306298 1.460093141 0.000805082 0.999996960 0.002297536 -3.233595848 -0.014308180 -0.002285782 0.999895036 32.016078949
0.999902487 0.001155406 0.013914217 1.594139457 -0.001218342 0.999989033 0.004515518 -3.453917742 -0.013908846 -0.004532029 0.999893010 34.295684814
0.999869466 0.003146758 0.015843669 1.706786871 -0.003282450 0.999958098 0.008545783 -3.683777571 -0.015816111 -0.008596674 0.999837935 36.615516663
0.999858379 0.005037156 0.016060403 1.831382036 -0.005168659 0.999953389 0.008157068 -3.901074648 -0.016018566 -0.008238922 0.999837697 38.887393951
0.999824405 0.003898030 0.018335465 1.933779240 -0.004015844 0.999971509 0.006392970 -4.102640152 -0.018310020 -0.006465480 0.999811471 41.185939789
0.999825835 0.001406063 0.018611539 2.057295799 -0.001503464 0.999985218 0.005220372 -4.326112270 -0.018603925 -0.005247444 0.999813199 43.463642120
0.999829471 0.001225704 0.018424572 2.187121153 -0.001298813 0.999991357 0.003956595 -4.547340870 -0.018419562 -0.003979851 0.999822438 45.715320587
0.999827743 0.000807731 0.018542938 2.313119411 -0.000859545 0.999995768 0.002786456 -4.772941113 -0.018540611 -0.002801915 0.999824166 47.982875824
0.999825001 -0.000664464 0.018694291 2.447417736 0.000604404 0.999994636 0.003218229 -5.002258301 -0.018696330 -0.003206367 0.999820054 50.261283875
0.999806643 -0.001781813 0.019583013 2.577283859 0.001711938 0.999992132 0.003584333 -5.227217197 -0.019589245 -0.003550115 0.999801815 52.527919769
0.999802172 -0.002986694 0.019665938 2.717151165 0.002917187 0.999989390 0.003562090 -5.457155704 -0.019676371 -0.003504016 0.999800265 54.815406799
0.999774277 -0.002896389 0.021048468 2.842347383 0.002815802 0.999988556 0.003857216 -5.685215950 -0.021059392 -0.003797077 0.999770999 57.097290039
0.999761343 -0.004221051 0.021435844 2.983062506 0.004128253 0.999982059 0.004371562 -5.908210754 -0.021453910 -0.004282026 0.999760687 59.361743927
0.999726295 -0.005550727 0.022726238 3.110477209 0.005466240 0.999978065 0.003777994 -6.132835388 -0.022746708 -0.003652733 0.999734581 61.630321503
0.999707818 -0.006374771 0.023316938 3.259257793 0.006291142 0.999973536 0.003658232 -6.358175755 -0.023339644 -0.003510473 0.999721348 63.880752563
0.999675453 -0.005931864 0.024773939 3.395510674 0.005829114 0.999974132 0.004217682 -6.580543518 -0.024798317 -0.004071902 0.999684155 66.153228760
0.999653757 -0.004972873 0.025838993 3.539828777 0.004856397 0.999977767 0.004568516 -6.807966709 -0.025861142 -0.004441449 0.999655664 68.408889771
0.999618709 -0.005184417 0.027120210 3.676590443 0.005068650 0.999977767 0.004335673 -7.033479214 -0.027142083 -0.004196557 0.999622762 70.658485413
0.999605238 -0.005991906 0.027450066 3.836189032 0.005913774 0.999978244 0.002926687 -7.255721569 -0.027467009 -0.002763198 0.999619007 72.906112671
0.999581575 -0.006831883 0.028107077 3.983838320 0.006739072 0.999971509 0.003395426 -7.482432365 -0.028129479 -0.003204590 0.999599159 75.172813416
0.999535024 -0.008115693 0.029391188 4.143930435 0.008031132 0.999963164 0.002993990 -7.715931416 -0.029414406 -0.002756553 0.999563515 77.438652039
0.999515772 -0.008713785 0.029872233 4.292555332 0.008625709 0.999958038 0.003076029 -7.944975853 -0.029897781 -0.002816870 0.999548972 79.695655823
0.999483287 -0.009155876 0.030814743 4.440020561 0.009083299 0.999955595 0.002494433 -8.161108971 -0.030836215 -0.002213244 0.999521971 81.951232910
0.999464333 -0.008855819 0.031506330 4.610109806 0.008772079 0.999957621 0.002795112 -8.387166023 -0.031529751 -0.002517239 0.999499559 84.190528870
0.999416590 -0.008637705 0.033042628 4.768685818 0.008540221 0.999958813 0.003090246 -8.602972031 -0.033067957 -0.002806251 0.999449134 86.442504883
0.999425232 -0.008345095 0.032857481 4.938424110 0.008204913 0.999956667 0.004398899 -8.837149620 -0.032892771 -0.004126777 0.999450326 88.716285706
0.999393761 -0.007323013 0.034033976 5.095471382 0.007153551 0.999961436 0.005098310 -9.064184189 -0.034069993 -0.004851757 0.999407589 90.965606689
0.999371767 -0.007453678 0.034647737 5.263773918 0.007288795 0.999961495 0.004882705 -9.284370422 -0.034682792 -0.004627097 0.999387622 93.214813232
0.999353945 -0.007580860 0.035131533 5.430345535 0.007435845 0.999963224 0.004256558 -9.500289917 -0.035162516 -0.003992576 0.999373555 95.467094421
0.999324441 -0.007735747 0.035931189 5.594223499 0.007566482 0.999959648 0.004844438 -9.726962090 -0.035967216 -0.004569292 0.999342501 97.720115662
0.999283910 -0.007531938 0.037082586 5.755955696 0.007375109 0.999963224 0.004364186 -9.957419395 -0.037114091 -0.004087573 0.999302685 99.948066711
0.999219179 -0.007787290 0.038735278 5.915404320 0.007574261 0.999955416 0.005643333 -10.175325394 -0.038777497 -0.005345536 0.999233544 102.170906067
0.999189556 -0.008015827 0.039446831 6.104385376 0.007801237 0.999953926 0.005590955 -10.394949913 -0.039489824 -0.005278689 0.999206007 104.425407410
0.999177575 -0.008729975 0.039596923 6.284155846 0.008482930 0.999943435 0.006402738 -10.619195938 -0.039650582 -0.006061574 0.999195218 106.643104553
0.999144375 -0.010155033 0.040090121 6.473559856 0.009895367 0.999928713 0.006670216 -10.836713791 -0.040155012 -0.006267803 0.999173760 108.891799927
0.999093711 -0.010735597 0.041188210 6.655196190 0.010432459 0.999916911 0.007567734 -11.061172485 -0.041266039 -0.007131179 0.999122679 111.137260437
0.999079883 -0.011272425 0.041380640 6.846934319 0.011018453 0.999919057 0.006360413 -11.281834602 -0.041448992 -0.005898609 0.999123156 113.394653320
0.999033213 -0.011837214 0.042336825 7.029902458 0.011619997 0.999918044 0.005373088 -11.497245789 -0.042396955 -0.004875939 0.999088943 115.641204834
0.998999178 -0.012017646 0.043082748 7.210507393 0.011785270 0.999914646 0.005643688 -11.718326569 -0.043146890 -0.005130299 0.999055564 117.866493225
0.998945892 -0.012095441 0.044281192 7.401321411 0.011810579 0.999907792 0.006689029 -11.938214302 -0.044358019 -0.006158991 0.998996735 120.102439880
0.998917401 -0.012897406 0.044694424 7.602700710 0.012570665 0.999892235 0.007583943 -12.164278984 -0.044787414 -0.007013895 0.998971879 122.308395386
0.998873532 -0.013735775 0.045422863 7.805477142 0.013443184 0.999887049 0.006740670 -12.382276535 -0.045510322 -0.006122448 0.998945057 124.585838318
0.998830914 -0.014321052 0.046170153 7.990114212 0.014059806 0.999883235 0.005978145 -12.606001854 -0.046250377 -0.005322013 0.998915672 126.855102539
0.998818278 -0.015851999 0.045943592 8.183393478 0.015574524 0.999858260 0.006391149 -12.822015762 -0.046038400 -0.005668047 0.998923540 129.113739014
0.998846292 -0.016926285 0.044939555 8.378452301 0.016634868 0.999838114 0.006850768 -13.042103767 -0.045048244 -0.006095300 0.998966157 131.362091064
0.998912692 -0.017173581 0.043341268 8.578949928 0.016838698 0.999825597 0.008080034 -13.257042885 -0.043472476 -0.007341438 0.999027669 133.599197388
0.998944879 -0.018334236 0.042107336 8.762125969 0.018029710 0.999808490 0.007600623 -13.474332809 -0.042238627 -0.006833420 0.999084175 135.835693359
0.999032199 -0.018831613 0.039749488 8.973757744 0.018556863 0.999801338 0.007269705 -13.687133789 -0.039878499 -0.006525043 0.999183238 138.053909302
0.999013841 -0.020020170 0.039629038 9.149448395 0.019743592 0.999777973 0.007358311 -13.910231590 -0.039767545 -0.006568635 0.999187350 140.331176758
0.999006867 -0.020232320 0.039699033 9.321050644 0.019943142 0.999771774 0.007666898 -14.119480133 -0.039845087 -0.006867560 0.999182284 142.560974121
0.999053121 -0.019952703 0.038662255 9.511653900 0.019620577 0.999767423 0.008951054 -14.341609955 -0.038831856 -0.008184004 0.999212205 144.781112671
0.999063790 -0.018927224 0.038900148 9.684880257 0.018629126 0.999794364 0.008011376 -14.554925919 -0.039043777 -0.007279200 0.999211013 147.021087646
0.999081731 -0.017867565 0.038941279 9.869056702 0.017623240 0.999822855 0.006608496 -14.771595955 -0.039052449 -0.005916155 0.999219596 149.261550903
0.999103010 -0.016170334 0.039134800 10.046039581 0.015954247 0.999855757 0.005827610 -14.991843224 -0.039223384 -0.005198018 0.999216974 151.506851196
0.999109626 -0.015308225 0.039317835 10.230093002 0.015093254 0.999869466 0.005758629 -15.202223778 -0.039400861 -0.005160065 0.999210119 153.732208252
0.999099374 -0.014660708 0.039816756 10.412386894 0.014416254 0.999875426 0.006419720 -15.421507835 -0.039905913 -0.005839929 0.999186397 155.981964111
0.999101996 -0.013906228 0.040023722 10.609399796 0.013617920 0.999879420 0.007467080 -15.637902260 -0.040122744 -0.006915334 0.999170899 158.195587158
0.999048114 -0.013321028 0.041538246 10.770605087 0.012966173 0.999877214 0.008800654 -15.860227585 -0.041650370 -0.008253684 0.999098182 160.456619263
0.999016345 -0.012382098 0.042579725 10.951637268 0.011940604 0.999872386 0.010607408 -16.073144913 -0.042705633 -0.010088546 0.999036789 162.691986084
0.998997927 -0.011516324 0.043249875 11.145549774 0.011105572 0.999891043 0.009725439 -16.276897430 -0.043357164 -0.009235381 0.999016941 164.931869507
0.998961866 -0.010671298 0.044286422 11.340113640 0.010299282 0.999909818 0.008619915 -16.488197327 -0.044374414 -0.008154848 0.998981714 167.167083740
0.998879492 -0.008810404 0.046497982 11.521595001 0.008392011 0.999922574 0.009185686 -16.703723907 -0.046575315 -0.008785183 0.998876095 169.394927979
0.998774469 -0.008299495 0.048792429 11.718397141 0.007828590 0.999921024 0.009834381 -16.926239014 -0.048870195 -0.009440352 0.998760521 171.644989014
0.998655796 -0.008601607 0.051113918 11.919095039 0.008128950 0.999922276 0.009447807 -17.133104324 -0.051191207 -0.009019604 0.998648167 173.907119751
0.998588800 -0.008897123 0.052356843 12.129765511 0.008386007 0.999915123 0.009973770 -17.346771240 -0.052441135 -0.009520630 0.998578608 176.156387329
0.998531103 -0.009619772 0.053321134 12.334091187 0.009057798 0.999900937 0.010771078 -17.557338715 -0.053419471 -0.010272284 0.998519301 178.385879517
0.998466611 -0.010542559 0.054344419 12.524320602 0.009959899 0.999890029 0.010981319 -17.765186310 -0.054454215 -0.010423216 0.998461902 180.614776611
0.998508692 -0.011348874 0.053402703 12.741200447 0.010791752 0.999884427 0.010709329 -17.982650757 -0.053518072 -0.010117047 0.998515725 182.895095825
0.998511016 -0.012579196 0.053079352 12.951683044 0.012025051 0.999869883 0.010746427 -18.195878983 -0.053207632 -0.010092144 0.998532414 185.139602661
0.998515964 -0.014237152 0.052566681 13.165753365 0.013625679 0.999835551 0.011972470 -18.406179428 -0.052728485 -0.011238445 0.998545647 187.378433228
0.998501539 -0.015071850 0.052609075 13.356868744 0.014500172 0.999831736 0.011231363 -18.610406876 -0.052769512 -0.010451690 0.998552024 189.609771729
0.998472095 -0.016118275 0.052854527 13.564858437 0.015560982 0.999819100 0.010938584 -18.818471909 -0.053021282 -0.010099404 0.998542309 191.849807739
0.998448074 -0.017028511 0.053021315 13.759641647 0.016469885 0.999804318 0.010955023 -19.039085388 -0.053197481 -0.010064768 0.998533309 194.100265503
0.998472393 -0.016618121 0.052694082 13.974183083 0.016046138 0.999807954 0.011259248 -19.245491028 -0.052871067 -0.010396512 0.998547375 196.332397461
0.998491108 -0.015208495 0.052765161 14.190473557 0.014581108 0.999818623 0.012254840 -19.459901810 -0.052941967 -0.011466975 0.998531818 198.559478760
0.998498738 -0.012113670 0.053420629 14.385080338 0.011509163 0.999866307 0.011609177 -19.679609299 -0.053554136 -0.010976919 0.998504639 200.828445435
0.998460591 -0.011331822 0.054296270 14.595487595 0.010760680 0.999883771 0.010799819 -19.886285782 -0.054412343 -0.010198928 0.998466492 203.091201782
0.998429120 -0.012037518 0.054720573 14.802071571 0.011416145 0.999866903 0.011653821 -20.092584610 -0.054853581 -0.011010814 0.998433709 205.323501587
0.998390198 -0.013324614 0.055131961 15.010363579 0.012665316 0.999844134 0.012290750 -20.300079346 -0.055287149 -0.011572701 0.998403490 207.538345337
0.998354554 -0.013428593 0.055747412 15.228079796 0.012795112 0.999849617 0.011704835 -20.499147415 -0.055896204 -0.010972280 0.998376310 209.819961548
0.998265564 -0.012873936 0.057446774 15.443251610 0.012160299 0.999844670 0.012754922 -20.706005096 -0.057602044 -0.012034229 0.998267114 212.055908203
0.998188198 -0.011616638 0.059037291 15.673269272 0.010840646 0.999850810 0.013447452 -20.913742065 -0.059184700 -0.012783086 0.998165190 214.282409668
0.997977257 -0.010360535 0.062721945 15.871039391 0.009556253 0.999868274 0.013109432 -21.108251572 -0.062849514 -0.012483531 0.997944891 216.554504395
0.997850955 -0.010426638 0.064689383 16.103950500 0.009578354 0.999864161 0.013409516 -21.308662415 -0.064820416 -0.012761082 0.997815371 218.791580200
0.997713208 -0.011853644 0.066543728 16.337858200 0.010954686 0.999843955 0.013857972 -21.504158020 -0.066697620 -0.013097315 0.997687280 221.019149780
0.997617662 -0.013095172 0.067731194 16.573940277 0.012142840 0.999821842 0.014453093 -21.699056625 -0.067908391 -0.013596212 0.997598886 223.239318848
0.997564375 -0.015085182 0.068100356 16.823619843 0.014175525 0.999804020 0.013821142 -21.903959274 -0.068295494 -0.012822122 0.997582734 225.457885742
0.997528791 -0.016242918 0.068354592 17.067689896 0.015348941 0.999789953 0.013583531 -22.103382111 -0.068560854 -0.012500791 0.997568727 227.710586548
0.997488916 -0.016554268 0.068861127 17.307474136 0.015662067 0.999786496 0.013476359 -22.298576355 -0.069069505 -0.012364009 0.997535229 229.945465088
0.997435212 -0.018007463 0.069272585 17.553983688 0.017165035 0.999771535 0.012737166 -22.504217148 -0.069486134 -0.011515433 0.997516394 232.180709839
0.997400045 -0.018875804 0.069547027 17.801286697 0.017975185 0.999746621 0.013552990 -22.699541092 -0.069785230 -0.012267632 0.997486532 234.419387817
0.997363269 -0.017723676 0.070372343 18.074060440 0.016776862 0.999760926 0.014022713 -22.905254364 -0.070604041 -0.012805112 0.997422218 236.693176270
0.997326255 -0.017350508 0.070988163 18.315380096 0.016423145 0.999772370 0.013626451 -23.095235825 -0.071208417 -0.012424166 0.997384191 238.910507202
0.997293651 -0.017712705 0.071355894 18.563285828 0.016753480 0.999761283 0.014019034 -23.295934677 -0.071587190 -0.012785634 0.997352362 241.127517700
0.997237623 -0.018131444 0.072030522 18.810005188 0.017148560 0.999751449 0.014240511 -23.495866776 -0.072270833 -0.012965955 0.997300684 243.369354248
0.997201085 -0.018560825 0.072425410 19.061141968 0.017619520 0.999752045 0.013614265 -23.700492859 -0.072660156 -0.012300057 0.997280896 245.592163086
0.997208774 -0.018073291 0.072442815 19.318014145 0.017175628 0.999768019 0.012995231 -23.903631210 -0.072660848 -0.011714704 0.997288048 247.821960449
0.997172475 -0.018562226 0.072818033 19.574573517 0.017608246 0.999750793 0.013721000 -24.109500885 -0.073054574 -0.012400007 0.997250795 250.054962158
0.997132957 -0.019888753 0.073009007 19.831188202 0.018940551 0.999727428 0.013657006 -24.310420990 -0.073260702 -0.012235021 0.997237742 252.277908325
0.997124791 -0.020034544 0.073080756 20.099439621 0.019028258 0.999714673 0.014439919 -24.514619827 -0.073349193 -0.013007803 0.997221410 254.541168213
0.997098386 -0.020863736 0.073208772 20.345056534 0.019827545 0.999693155 0.014852276 -24.716844559 -0.073496170 -0.013357630 0.997206032 256.760131836
0.997079968 -0.021135595 0.073381439 20.614500046 0.020065259 0.999681711 0.015292677 -24.922901154 -0.073681302 -0.013775604 0.997186720 259.048583984
0.997047603 -0.020834474 0.073904626 20.873916626 0.019786550 0.999693453 0.014883446 -25.120954514 -0.074192055 -0.013377187 0.997154236 261.295104980
0.997030556 -0.020885039 0.074120298 21.141408920 0.019883893 0.999701202 0.014219400 -25.316137314 -0.074395135 -0.012703376 0.997147918 263.549438477
0.997004569 -0.020175058 0.074664064 21.407756805 0.019186852 0.999718845 0.013929177 -25.523015976 -0.074924074 -0.012454885 0.997111440 265.791595459
0.996935487 -0.019621465 0.075727634 21.667970657 0.018608175 0.999727905 0.014063289 -25.718257904 -0.075982966 -0.012611041 0.997029364 268.035308838
0.996804655 -0.019112468 0.077557318 21.921293259 0.018098384 0.999741495 0.013757301 -25.928897858 -0.077800214 -0.012309680 0.996892989 270.294586182
0.996690333 -0.019969366 0.078801326 22.192796707 0.018892577 0.999717951 0.014386682 -26.133874893 -0.079066403 -0.012850305 0.996786535 272.540405273
0.996519744 -0.020492403 0.080798998 22.453359604 0.019342190 0.999700427 0.014992614 -26.331798553 -0.081082039 -0.013377608 0.996617675 274.787658691
0.996407926 -0.020209286 0.082235970 22.737613678 0.019006794 0.999701083 0.015379148 -26.513286591 -0.082522199 -0.013760862 0.996494293 277.032165527
0.996352196 -0.020864865 0.082745992 23.026842117 0.019447315 0.999650538 0.017900579 -26.731336594 -0.083090566 -0.016226090 0.996410012 279.288330078
0.996243417 -0.020559272 0.084121123 23.309078217 0.019038171 0.999641120 0.018844778 -26.927062988 -0.084478378 -0.017172478 0.996277273 281.526428223
0.996190667 -0.019524839 0.084987096 23.594970703 0.017970582 0.999657691 0.019014912 -27.115030289 -0.085329242 -0.017415211 0.996200621 283.793640137
0.996092796 -0.018536631 0.086345404 23.867195129 0.016988376 0.999682128 0.018631423 -27.301353455 -0.086663306 -0.017091760 0.996091127 286.023742676
0.996066153 -0.017565811 0.086854398 24.157567978 0.016134586 0.999722660 0.017153176 -27.484497070 -0.087131605 -0.015684336 0.996073306 288.269256592
0.996010005 -0.018342648 0.087336279 24.436195374 0.016889898 0.999706864 0.017344052 -27.680543900 -0.087628819 -0.015799748 0.996027946 290.495544434
0.996006191 -0.018016305 0.087447807 24.713979721 0.016637634 0.999725938 0.016469032 -27.869327545 -0.087720551 -0.014948333 0.996032953 292.753143311
0.996029735 -0.018572373 0.087062314 25.002601624 0.017273093 0.999728262 0.015653297 -28.061403275 -0.087329388 -0.014087315 0.996079862 294.985260010
0.996030331 -0.018527448 0.087064870 25.286739349 0.017240202 0.999730945 0.015513730 -28.255186081 -0.087328896 -0.013951131 0.996081829 297.217315674
0.996035874 -0.017826861 0.087147102 25.571624756 0.016518870 0.999740183 0.015707199 -28.447656631 -0.087404460 -0.014205365 0.996071577 299.455413818
0.995970845 -0.017629506 0.087927900 25.835397720 0.016206488 0.999726295 0.016871737 -28.650867462 -0.088201284 -0.015378757 0.995983899 301.694183350
0.995968521 -0.017965771 0.087885655 26.125259399 0.016519610 0.999716341 0.017154818 -28.844974518 -0.088168919 -0.015633825 0.995982766 303.946289062
0.995931447 -0.017244617 0.088448472 26.412036896 0.015780142 0.999727130 0.017230039 -29.034854889 -0.088721454 -0.015764212 0.995931685 306.190216064
0.995927870 -0.017625134 0.088414259 26.698059082 0.016154470 0.999719441 0.017321920 -29.236122131 -0.088694736 -0.015823096 0.995933115 308.439361572
0.995881140 -0.018809501 0.088696122 26.987058640 0.017299410 0.999692559 0.017763635 -29.427764893 -0.089002974 -0.016156077 0.995900333 310.696228027
0.995828629 -0.018722195 0.089301616 27.273118973 0.017249934 0.999702692 0.017229835 -29.622327805 -0.089597665 -0.015617517 0.995855570 312.930633545
0.995843232 -0.018226955 0.089241765 27.568641663 0.016704071 0.999702334 0.017781973 -29.816785812 -0.089539304 -0.016217360 0.995851278 315.181304932
0.995793164 -0.016452830 0.090140328 27.854541779 0.014953428 0.999738812 0.017284252 -30.014415741 -0.090401150 -0.015863635 0.995779037 317.421691895
0.995765686 -0.014593256 0.090761647 28.137796402 0.013037460 0.999758124 0.017710879 -30.205402374 -0.090998165 -0.016452586 0.995715082 319.658081055
0.995702565 -0.013599368 0.091605924 28.421390533 0.012076841 0.999779940 0.017154315 -30.398597717 -0.091819063 -0.015974281 0.995647669 321.884399414
0.995661974 -0.012763882 0.092166200 28.706302643 0.011184037 0.999781907 0.017637478 -30.586624146 -0.092371233 -0.016530171 0.995587409 324.120208740
0.995675623 -0.012449050 0.092060141 29.005147934 0.010749968 0.999763012 0.018929163 -30.787275314 -0.092273973 -0.017857663 0.995573521 326.346466064
0.995612919 -0.012885894 0.092676386 29.286331177 0.011196003 0.999761879 0.018731209 -30.982223511 -0.092895679 -0.017611424 0.995520055 328.585235596
0.995622873 -0.014673207 0.092302300 29.589603424 0.013060153 0.999751806 0.018055594 -31.172100067 -0.092544310 -0.016771082 0.995567322 330.817871094
0.995584786 -0.014023007 0.092812672 29.876291275 0.012419458 0.999763966 0.017832382 -31.363979340 -0.093040824 -0.016600966 0.995523870 333.040344238
0.995525301 -0.014157399 0.093429096 30.163215637 0.012423646 0.999740124 0.019112537 -31.555446625 -0.093675397 -0.017866287 0.995442450 335.272186279
0.995548308 -0.014567212 0.093119599 30.467006683 0.012837688 0.999734282 0.019145295 -31.743511200 -0.093373761 -0.017864628 0.995470762 337.509979248
0.995519102 -0.014189345 0.093489870 30.752309799 0.012418486 0.999732792 0.019496366 -31.937835693 -0.093741529 -0.018248003 0.995429337 339.747436523
0.995539069 -0.013949957 0.093314305 31.054048538 0.012204563 0.999740243 0.019249106 -32.129920959 -0.093558595 -0.018024372 0.995450616 342.000640869
0.995524406 -0.013926911 0.093474239 31.346502304 0.012132655 0.999731600 0.019736178 -32.318706512 -0.093724020 -0.018513756 0.995425999 344.252105713
0.995549202 -0.013401590 0.093285777 31.641162872 0.011605353 0.999737203 0.019771140 -32.504611969 -0.093526207 -0.018600527 0.995443046 346.492156982
0.995573103 -0.013230675 0.093055770 31.938106537 0.011443051 0.999740124 0.019717701 -32.692546844 -0.093292467 -0.018565567 0.995465636 348.731964111
0.995542049 -0.012690502 0.093461111 32.231025696 0.010835035 0.999734461 0.020333609 -32.885070801 -0.093694359 -0.019230310 0.995415270 350.971282959
0.995574296 -0.012789228 0.093103729 32.525318146 0.010910511 0.999727011 0.020659896 -33.071815491 -0.093342513 -0.019552648 0.995442152 353.184753418
0.995585203 -0.012571705 0.093016520 32.818592072 0.010737895 0.999738455 0.020189196 -33.258758545 -0.093246013 -0.019101262 0.995459855 355.431396484
0.995598435 -0.012693509 0.092859276 33.113269806 0.010843595 0.999733090 0.020399237 -33.442409515 -0.093093447 -0.019302515 0.995470345 357.662414551
0.995661020 -0.011830145 0.092298888 33.412891388 0.009877604 0.999718189 0.021582769 -33.635517120 -0.092528202 -0.020577427 0.995497346 359.911895752
0.995720446 -0.011955803 0.091638952 33.716011047 0.010005463 0.999714136 0.021712834 -33.825000763 -0.091872364 -0.020703025 0.995555580 362.158142090
0.995764732 -0.011736367 0.091185793 34.016120911 0.009752735 0.999706626 0.022168979 -34.009449005 -0.091419235 -0.021185774 0.995587111 364.398468018
0.995809853 -0.011598966 0.090710737 34.311851501 0.009679385 0.999720395 0.021572946 -34.195171356 -0.090935625 -0.020604525 0.995643616 366.649414062
0.995833397 -0.012265660 0.090362526 34.603496552 0.010370381 0.999716938 0.021413939 -34.381889343 -0.090599604 -0.020387622 0.995678663 368.898406982
0.995819330 -0.012149206 0.090532377 34.890399933 0.010336769 0.999737203 0.020461841 -34.560073853 -0.090757176 -0.019440483 0.995683253 371.157531738
0.995876551 -0.012580693 0.089842364 35.180233002 0.010752026 0.999725640 0.020809241 -34.753292084 -0.090079539 -0.019757444 0.995738566 373.389587402
0.995914340 -0.012273452 0.089464828 35.476436615 0.010371900 0.999710977 0.021688771 -34.935119629 -0.089705169 -0.020672238 0.995753825 375.641082764
0.995867431 -0.012790803 0.089913636 35.756946564 0.010859347 0.999700308 0.021937724 -35.117748260 -0.090167299 -0.020870661 0.995707870 377.895111084
0.995871544 -0.013482517 0.089766853 36.050819397 0.011540042 0.999688625 0.022123070 -35.303928375 -0.090037160 -0.020995827 0.995717049 380.137115479
0.995870411 -0.013691644 0.089747839 36.346553802 0.011751155 0.999686360 0.022114431 -35.481075287 -0.090022475 -0.020968467 0.995718956 382.387878418
0.995882392 -0.012835449 0.089741290 36.642772675 0.010863336 0.999689341 0.022429559 -35.666866302 -0.090001293 -0.021362316 0.995712519 384.641326904
0.995882750 -0.011733873 0.089888118 36.930030823 0.009750266 0.999699771 0.022474948 -35.845104218 -0.090124883 -0.021505978 0.995698273 386.881988525
0.995926321 -0.010834696 0.089516848 37.234470367 0.008856191 0.999708295 0.022469748 -36.036602020 -0.089734204 -0.021585431 0.995731771 389.145721436
0.995901346 -0.009379996 0.089958623 37.518962860 0.007392718 0.999721706 0.022398839 -36.220821381 -0.090143710 -0.021641994 0.995693624 391.419342041
0.995931625 -0.008429433 0.089717120 37.815437317 0.006323408 0.999698281 0.023732474 -36.402545929 -0.089890115 -0.023068603 0.995684445 393.680114746
0.995832264 -0.007188946 0.090918899 38.091930389 0.005004990 0.999693990 0.024226153 -36.586029053 -0.091065235 -0.023670137 0.995563507 395.941619873
0.995771766 -0.006996358 0.091594681 38.382591248 0.004924606 0.999727309 0.022825200 -36.776939392 -0.091729403 -0.022277620 0.995534718 398.207489014
0.995714247 -0.007008737 0.092217103 38.670814514 0.004984699 0.999741971 0.022160683 -36.958580017 -0.092348643 -0.021606034 0.995492280 400.471374512
0.995566010 -0.008028707 0.093721904 38.950263977 0.005826717 0.999701083 0.023744997 -37.144607544 -0.093884513 -0.023093618 0.995315135 402.710876465
0.995565832 -0.009648383 0.093572721 39.250900269 0.007370130 0.999668658 0.024662519 -37.331710815 -0.093779668 -0.023863515 0.995306969 404.983489990
0.995522738 -0.009952281 0.093996651 39.549407959 0.007661030 0.999665499 0.024705343 -37.511215210 -0.094211087 -0.023874626 0.995265961 407.230529785
0.995423138 -0.007975468 0.095231928 39.854030609 0.005777344 0.999710977 0.023335267 -37.684196472 -0.095390521 -0.022678277 0.995181501 409.496582031
0.995371163 -0.007232565 0.095832720 40.158817291 0.004984765 0.999707222 0.023674151 -37.869567871 -0.095975876 -0.023086863 0.995115876 411.752502441
0.995291591 -0.006206864 0.096727125 40.458137512 0.003950579 0.999716043 0.023500364 -38.053169250 -0.096845515 -0.023007588 0.995033383 414.002227783
0.995188236 -0.004980628 0.097854979 40.766445160 0.002693953 0.999720454 0.023486229 -38.232917786 -0.097944610 -0.023109600 0.994923651 416.276641846
0.995151997 -0.005346848 0.098203354 41.083530426 0.003058447 0.999720573 0.023438459 -38.417087555 -0.098301224 -0.023024473 0.994890332 418.531677246
0.995027721 -0.005199758 0.099462673 41.383758545 0.002884285 0.999721825 0.023409463 -38.595893860 -0.099556722 -0.023006186 0.994765878 420.782226562
0.994926989 -0.005193777 0.100465707 41.683017731 0.002866305 0.999724448 0.023297325 -38.779281616 -0.100559026 -0.022891171 0.994667709 423.032836914
0.994838178 -0.005629248 0.101317376 41.996562958 0.003168293 0.999696434 0.024434114 -38.961513519 -0.101424158 -0.023986988 0.994554043 425.304107666
0.994794190 -0.004859076 0.101789668 42.310554504 0.002321386 0.999683917 0.025034359 -39.138206482 -0.101879150 -0.024667738 0.994490921 427.553802490
0.994715691 -0.004114830 0.102585204 42.630916595 0.001493989 0.999670863 0.025611702 -39.314468384 -0.102656826 -0.025323100 0.994394422 429.828430176
0.994704425 -0.004906138 0.102660030 42.947963715 0.002242900 0.999658346 0.026041679 -39.500762939 -0.102752700 -0.025673516 0.994375587 432.102905273
0.994664133 -0.005736166 0.103005968 43.270641327 0.003121128 0.999669194 0.025530512 -39.686981201 -0.103118315 -0.025072787 0.994353056 434.365509033
0.994653821 -0.004893010 0.103150681 43.595268250 0.002259796 0.999668896 0.025629273 -39.851108551 -0.103241958 -0.025259148 0.994335473 436.638549805
0.994574010 -0.005240950 0.103900731 43.911617279 0.002544263 0.999656856 0.026070010 -40.031105042 -0.104001738 -0.025664207 0.994245946 438.921905518
0.994612813 -0.005401684 0.103519477 44.242469788 0.002695588 0.999651432 0.026263030 -40.206157684 -0.103625245 -0.025842499 0.994280636 441.195617676
0.994623423 -0.004725399 0.103451259 44.586761475 0.001913039 0.999626338 0.027267734 -40.396537781 -0.103541456 -0.026923217 0.994260669 443.495727539
0.994591117 -0.005216134 0.103736773 44.916961670 0.002399817 0.999625623 0.027254991 -40.569145203 -0.103840105 -0.026858624 0.994231284 445.776092529
0.994578123 -0.005020130 0.103870980 45.239234924 0.002256903 0.999641001 0.026702944 -40.745651245 -0.103967741 -0.026323739 0.994232237 448.043457031
0.994588077 -0.004373498 0.103804603 45.566749573 0.001636036 0.999648929 0.026441805 -40.924453735 -0.103883825 -0.026128873 0.994246125 450.306488037
0.994514227 -0.003787600 0.104532614 45.884365082 0.001055087 0.999656618 0.026183223 -41.106182098 -0.104595885 -0.025929298 0.994176745 452.570617676
0.994436562 -0.003055559 0.105292909 46.204914093 0.000300489 0.999657393 0.026171695 -41.273048401 -0.105336793 -0.025994448 0.994096816 454.849700928
0.994384825 -0.003406408 0.105769068 46.520290375 0.000655860 0.999660969 0.026029121 -41.458274841 -0.105821878 -0.025813598 0.994049966 457.110351562
0.994434297 -0.002553056 0.105327398 46.865119934 -0.000131367 0.999675512 0.025471667 -41.637905121 -0.105358236 -0.025343740 0.994111359 459.400390625
0.994423985 -0.001177552 0.105449319 47.194534302 -0.001542748 0.999668181 0.025711933 -41.812358856 -0.105444610 -0.025731249 0.994092226 461.685485840
0.994418919 -0.000804076 0.105500132 47.518230438 -0.002055778 0.999633372 0.026996041 -41.988288879 -0.105483152 -0.027062258 0.994052768 463.957427979
0.994456053 -0.000957463 0.105148025 47.837471008 -0.001928352 0.999624312 0.027340170 -42.159912109 -0.105134711 -0.027391363 0.994080663 466.221160889
0.994576931 -0.001146758 0.103997193 48.171230316 -0.001579635 0.999657273 0.026129868 -42.333953857 -0.103991523 -0.026152441 0.994234204 468.499908447
0.994677126 -0.001070236 0.103034638 48.510803223 -0.001571991 0.999671996 0.025559457 -42.513748169 -0.103028178 -0.025585374 0.994349301 470.790771484
0.994754553 -0.001738175 0.102275692 48.834659576 -0.000989920 0.999645233 0.026617127 -42.697296143 -0.102285683 -0.026578752 0.994399905 473.066436768
0.994731128 -0.002064976 0.102496557 49.145687103 -0.000693123 0.999638796 0.026866272 -42.876281738 -0.102515005 -0.026795762 0.994370461 475.344329834
0.994834721 -0.001163786 0.101501167 49.466217041 -0.001470034 0.999664247 0.025870008 -43.031593323 -0.101497188 -0.025885593 0.994498968 477.630920410
0.994862616 -0.001251205 0.101225674 49.789253235 -0.001423287 0.999651909 0.026344549 -43.207221985 -0.101223394 -0.026353283 0.994514644 479.912567139
0.994925439 -0.001673480 0.100601248 50.115345001 -0.001032903 0.999639094 0.026843969 -43.383155823 -0.100609846 -0.026811657 0.994564652 482.184753418
0.994932652 -0.002267380 0.100518547 50.422485352 -0.000345175 0.999662757 0.025965765 -43.558303833 -0.100543536 -0.025868883 0.994596362 484.471252441
0.995024025 -0.003232729 0.099583097 50.743484497 0.000586351 0.999646187 0.026592383 -43.740287781 -0.099633820 -0.026401671 0.994673789 486.768737793
0.995113254 -0.003613146 0.098674148 51.063777924 0.000975974 0.999641299 0.026761271 -43.913108826 -0.098735452 -0.026534189 0.994759917 489.049713135
0.995023906 -0.003201885 0.099584371 51.326866150 0.000519227 0.999636531 0.026952799 -44.095329285 -0.099634491 -0.026766973 0.994664133 491.299346924
0.995068789 -0.002826036 0.099146970 51.647098541 0.000106966 0.999624014 0.027419236 -44.269214630 -0.099187180 -0.027273424 0.994694948 493.582794189
0.995064914 -0.002512820 0.099193469 51.950042725 -0.000177089 0.999632716 0.027099691 -44.443367004 -0.099225126 -0.026983520 0.994699061 495.882171631
0.995101213 -0.002283908 0.098835066 52.275978088 -0.000351476 0.999645054 0.026638836 -44.626209259 -0.098860845 -0.026543077 0.994747221 498.200469971
0.995141745 -0.002519039 0.098420084 52.589363098 -0.000184166 0.999623358 0.027447263 -44.802543640 -0.098452143 -0.027332040 0.994766355 500.496429443
0.995137811 -0.002114396 0.098469302 52.897293091 -0.000621141 0.999614894 0.027741672 -44.980995178 -0.098490044 -0.027667949 0.994753361 502.777832031
0.995181084 -0.001361030 0.098045632 53.216827393 -0.001286785 0.999636292 0.026937645 -45.154808044 -0.098046646 -0.026933998 0.994817197 505.065887451
0.995158494 -0.000973701 0.098278217 53.522949219 -0.001757889 0.999614477 0.027704041 -45.333187103 -0.098267324 -0.027742675 0.994773269 507.357971191
0.995172799 -0.001248416 0.098130353 53.834320068 -0.001359598 0.999647677 0.026505670 -45.506488800 -0.098128870 -0.026511140 0.994820476 509.656463623
0.995202661 -0.001996843 0.097814016 54.155838013 -0.000698865 0.999621093 0.027517525 -45.691444397 -0.097831890 -0.027453875 0.994824231 511.948608398
0.995237291 -0.001786998 0.097465508 54.477191925 -0.000921937 0.999614596 0.027741669 -45.866107941 -0.097477548 -0.027699400 0.994852185 514.260864258
0.995238066 -0.001040461 0.097468577 54.787258148 -0.001658791 0.999617398 0.027608434 -46.042953491 -0.097460032 -0.027638642 0.994855583 516.568786621
0.995202780 0.000164822 0.097832642 55.089988708 -0.002831074 0.999628305 0.027115000 -46.216789246 -0.097791813 -0.027261894 0.994833410 518.869445801
0.995199203 0.001555469 0.097858116 55.410392761 -0.004237455 0.999620855 0.027205033 -46.390396118 -0.097778700 -0.027489094 0.994828463 521.167236328
0.995074332 0.003719477 0.099061571 55.710201263 -0.006500122 0.999593377 0.027761931 -46.575965881 -0.098918028 -0.028269090 0.994693875 523.521362305
0.995009899 0.004478871 0.099675782 56.027729034 -0.007379659 0.999559343 0.028752588 -46.742527008 -0.099503070 -0.029344680 0.994604409 525.845703125
0.994960308 0.004191329 0.100181803 56.341884613 -0.007114009 0.999558866 0.028834341 -46.916034698 -0.100016743 -0.029401720 0.994551241 528.155029297
0.994938910 0.002222401 0.100457139 56.659873962 -0.005262265 0.999535859 0.030005464 -47.085132599 -0.100343831 -0.030382233 0.994488835 530.466979980
0.994881988 0.000741105 0.101040684 56.983562469 -0.003751772 0.999554515 0.029609822 -47.253776550 -0.100973733 -0.029837361 0.994441569 532.789245605
0.994849801 0.000798714 0.101357020 57.306327820 -0.003758860 0.999571860 0.029017514 -47.425247192 -0.101290464 -0.029249053 0.994426847 535.104736328
0.994752347 0.000558149 0.102309786 57.624118805 -0.003526097 0.999578059 0.028830873 -47.598842621 -0.102250509 -0.029040333 0.994334638 537.420043945
0.994668782 0.000953177 0.103116721 57.940837860 -0.003891077 0.999592066 0.028293613 -47.777648926 -0.103047684 -0.028544005 0.994266748 539.727539062
0.994586468 0.001726200 0.103898033 58.263843536 -0.004663416 0.999596119 0.028033907 -47.954761505 -0.103807673 -0.028366668 0.994192779 542.047790527
0.994506836 0.002154862 0.104650438 58.597126007 -0.005020272 0.999619484 0.027125081 -48.129776001 -0.104552165 -0.027501451 0.994139135 544.372192383
0.994350076 0.002451739 0.106123090 58.905761719 -0.005390155 0.999609709 0.027410796 -48.304664612 -0.106014453 -0.027827946 0.993975103 546.682861328
0.994256437 0.002447533 0.106995977 59.229717255 -0.005509435 0.999583423 0.028330771 -48.485336304 -0.106882051 -0.028757539 0.993855715 548.995239258
0.994215548 0.002556863 0.107371457 59.559154510 -0.005626928 0.999583662 0.028299715 -48.658729553 -0.107254386 -0.028740194 0.993816137 551.297607422
0.994199693 0.001173876 0.107543513 59.893856049 -0.004158529 0.999612272 0.027532922 -48.834102631 -0.107469499 -0.027820442 0.993818998 553.601928711
0.994238377 0.001027443 0.107186832 60.238086700 -0.004052481 0.999599457 0.028008105 -49.011573792 -0.107115135 -0.028281106 0.993844330 555.910705566
0.994160593 0.001302283 0.107902743 60.567428589 -0.004383472 0.999589205 0.028322987 -49.185462952 -0.107821532 -0.028630583 0.993757904 558.219177246
0.994148433 0.001879114 0.108006321 60.908443451 -0.005077441 0.999556422 0.029345054 -49.359485626 -0.107903257 -0.029721731 0.993717015 560.551391602
0.994154394 0.001140245 0.107961744 61.254600525 -0.004419778 0.999535799 0.030142399 -49.537261963 -0.107877262 -0.030443363 0.993698001 562.881652832
0.994112015 0.001616549 0.108344927 61.593173981 -0.004974832 0.999515235 0.030733103 -49.704681396 -0.108242735 -0.031091150 0.993638217 565.202636719
0.994058609 0.002798416 0.108811066 61.937026978 -0.006128871 0.999522507 0.030285291 -49.882930756 -0.108674370 -0.030772245 0.993601024 567.527282715
0.994062841 0.003947460 0.108735435 62.291301727 -0.007110521 0.999562263 0.028717168 -50.050148010 -0.108574450 -0.029319834 0.993655801 569.852111816
0.994056582 0.004287184 0.108781040 62.645881653 -0.007480722 0.999552429 0.028966395 -50.225234985 -0.108608179 -0.029607994 0.993643641 572.171203613
0.994042993 0.004082167 0.108911484 62.992237091 -0.007397064 0.999521017 0.030050011 -50.410293579 -0.108736642 -0.030676626 0.993597150 574.551879883
0.994046867 0.003891866 0.108883537 63.344234467 -0.007363050 0.999476790 0.031495932 -50.588214874 -0.108703978 -0.032110147 0.993555486 576.861450195
0.993924022 0.004688415 0.109968334 63.669673920 -0.007999492 0.999527216 0.029687529 -50.758285522 -0.109777153 -0.030386837 0.993491590 579.245178223
0.993983626 0.003999970 0.109455347 64.023735046 -0.007265703 0.999539673 0.029453654 -50.925338745 -0.109287165 -0.030071722 0.993555248 581.578613281
0.993964434 0.002945889 0.109662987 64.376892090 -0.006391203 0.999496520 0.031079067 -51.108428955 -0.109516226 -0.031592362 0.993482769 583.902893066
0.994040132 0.003111692 0.108970277 64.727256775 -0.006544405 0.999493062 0.031157911 -51.277717590 -0.108818091 -0.031685360 0.993556559 586.219482422
0.994015038 0.000024562 0.109243155 65.088882446 -0.003331916 0.999541521 0.030092714 -51.456764221 -0.109192342 -0.030276600 0.993559361 588.583801270
0.994067550 -0.000167757 0.108764254 65.446128845 -0.003098168 0.999549329 0.029857885 -51.623405457 -0.108720236 -0.030017724 0.993619084 590.933471680
0.994086206 -0.002015201 0.108575173 65.792144775 -0.001286300 0.999539077 0.030328903 -51.796119690 -0.108586229 -0.030289203 0.993625462 593.271179199
0.994131088 -0.002873656 0.108144991 66.149665833 -0.000424639 0.999535799 0.030463448 -51.967105865 -0.108182333 -0.030330580 0.993668258 595.631774902
