1.000000000 0.000000000 0.000000000 0.000000000 0.000000000 1.000000000 0.000000000 0.000000000 0.000000000 0.000000000 1.000000000 0.000000000
0.999999881 0.000182860 0.000470470 0.085971832 -0.000182810 1.000000000 -0.000104648 -0.226219371 -0.000470490 0.000104562 0.999999881 2.288729906
0.999998987 0.000619805 0.001265642 0.163332641 -0.000620415 0.999999702 0.000482175 -0.463858783 -0.001265343 -0.000482959 0.999999046 4.585833073
0.999998331 0.000228708 0.001801149 0.260880053 -0.000229777 0.999999821 0.000593281 -0.694341779 -0.001801013 -0.000593694 0.999998212 6.876349449
0.999996364 -0.000003284 0.002688339 0.353670716 0.000006617 0.999999166 -0.001239819 -0.925132096 -0.002688332 0.001239832 0.999995589 9.172700882
0.999986529 0.001756093 0.004879802 0.443966001 -0.001756908 0.999998391 0.000162812 -1.161492348 -0.004879510 -0.000171383 0.999988019 11.480010986
0.999963522 0.003730322 0.007674519 0.528110743 -0.003740932 0.999992073 0.001368661 -1.391493678 -0.007669353 -0.001397321 0.999969602 13.785081863
0.999947309 0.003412156 0.009679548 0.640883923 -0.003448224 0.999987125 0.003712016 -1.618178487 -0.009666757 -0.003745198 0.999946237 16.057111740
0.999938607 0.003561822 0.010490433 0.763498068 -0.003610852 0.999982655 0.004658533 -1.845381856 -0.010473661 -0.004696127 0.999934077 18.405336380
0.999930322 0.002784663 0.011467366 0.887357712 -0.002840286 0.999984324 0.004837096 -2.070994854 -0.011453716 -0.004869329 0.999922574 20.688959122
0.999927938 0.000155390 0.012002077 1.003486633 -0.000184015 0.999997139 0.002383976 -2.300036430 -0.012001673 -0.002386014 0.999925137 23.019229889
0.999915361 -0.002103149 0.012839760 1.111623049 0.002098441 0.999997735 0.000380188 -2.522344589 -0.012840531 -0.000353213 0.999917507 25.301828384
0.999918342 -0.002801819 0.012464692 1.251512527 0.002801618 0.999996066 0.000033554 -2.771845341 -0.012464737 0.000001370 0.999922335 27.606960297
0.999903440 -0.002429123 0.013685428 1.354271889 0.002440913 0.999996603 -0.000844832 -2.999321222 -0.013683331 0.000878155 0.999905944 29.893699646
0.999896049 -0.000244047 0.014413863 1.475526333 0.000224700 0.999999046 0.001343857 -3.226821423 -0.014414174 -0.001340479 0.999895215 32.180927277
0.999894083 0.001795776 0.014441008 1.605834723 -0.001844612 0.999992609 0.003369170 -3.447595119 -0.014434852 -0.003395451 0.999889970 34.464019775
0.999866068 0.004070607 0.015851332 1.722815156 -0.004197075 0.999959588 0.007953250 -3.687603951 -0.015818311 -0.008018712 0.999842703 36.771194458
0.999844968 0.005879204 0.016597278 1.838516951 -0.006004178 0.999953926 0.007490009 -3.906014204 -0.016552476 -0.007588500 0.999834180 39.044532776
0.999817967 0.004838518 0.018453320 1.942893267 -0.004948378 0.999970198 0.005912405 -4.110701561 -0.018424165 -0.006002643 0.999812245 41.337360382
0.999820769 0.002407013 0.018784162 2.065801859 -0.002501389 0.999984324 0.005002318 -4.336541176 -0.018771831 -0.005048407 0.999811113 43.613311768
0.999817848 0.002329449 0.018942658 2.197435856 -0.002401046 0.999990046 0.003757768 -4.559154510 -0.018933712 -0.003802566 0.999813497 45.848781586
0.999819994 0.001574181 0.018908639 2.325846672 -0.001630058 0.999994278 0.002940047 -4.790509701 -0.018903907 -0.002970340 0.999816895 48.125080109
0.999818802 0.000114533 0.019035328 2.460983753 -0.000177151 0.999994576 0.003287899 -5.018570423 -0.019034853 -0.003290675 0.999813378 50.403560638
0.999800742 -0.000771607 0.019948449 2.592321873 0.000701013 0.999993384 0.003545568 -5.242569447 -0.019951055 -0.003530877 0.999794722 52.669818878
0.999796093 -0.001926821 0.020104511 2.731924057 0.001858034 0.999992311 0.003439561 -5.471980572 -0.020110987 -0.003401504 0.999791980 54.957256317
0.999764025 -0.002359378 0.021595273 2.855183601 0.002277315 0.999990046 0.003823838 -5.701820850 -0.021604082 -0.003773756 0.999759495 57.257587433
0.999744296 -0.003579807 0.022327496 2.993562698 0.003478325 0.999983370 0.004582330 -5.929696083 -0.022343529 -0.004503495 0.999740183 59.528190613
0.999707520 -0.005202826 0.023619020 3.124231100 0.005110794 0.999979138 0.003955204 -6.153505325 -0.023639105 -0.003833335 0.999713182 61.793418884
0.999691188 -0.005923006 0.024134379 3.274083614 0.005831306 0.999975502 0.003868153 -6.378797054 -0.024156699 -0.003726224 0.999701262 64.046501160
0.999663949 -0.005503162 0.025328523 3.414538860 0.005392926 0.999975681 0.004418492 -6.601408005 -0.025352223 -0.004280413 0.999669373 66.317672729
0.999646127 -0.004565618 0.026205447 3.563890219 0.004443823 0.999979079 0.004704053 -6.828104019 -0.026226377 -0.004585937 0.999645472 68.581192017
0.999614596 -0.004756604 0.027349308 3.703572750 0.004641066 0.999980032 0.004286449 -7.051889420 -0.027369153 -0.004157867 0.999616742 70.836708069
0.999602199 -0.005424437 0.027674463 3.863278866 0.005340068 0.999980807 0.003121650 -7.278491497 -0.027690865 -0.002972624 0.999612093 73.093437195
0.999586821 -0.006377046 0.028025631 4.021522999 0.006277889 0.999973714 0.003624638 -7.507532120 -0.028048007 -0.003447199 0.999600649 75.375343323
0.999547303 -0.007547399 0.029124990 4.181901455 0.007461680 0.999967456 0.003050659 -7.737702370 -0.029147066 -0.002831956 0.999571145 77.639884949
0.999544203 -0.008569283 0.028947646 4.338239670 0.008487443 0.999959648 0.002948870 -7.971119404 -0.028971747 -0.002701835 0.999576569 79.902442932
0.999513686 -0.009043289 0.029841268 4.484729767 0.008969412 0.999956310 0.002608645 -8.188568115 -0.029863557 -0.002339719 0.999551296 82.156433105
0.999494195 -0.008245460 0.030715179 4.652379990 0.008171314 0.999963403 0.002538709 -8.419493675 -0.030734982 -0.002286442 0.999524891 84.432929993
0.999445617 -0.007930429 0.032337613 4.807234287 0.007837486 0.999964833 0.002999842 -8.638195992 -0.032360267 -0.002744733 0.999472499 86.688781738
0.999441326 -0.007735640 0.032513954 4.974751472 0.007592974 0.999961019 0.004509011 -8.875281334 -0.032547567 -0.004259614 0.999461114 88.970870972
0.999414980 -0.006586972 0.033560451 5.132304192 0.006416624 0.999965966 0.005180981 -9.103697777 -0.033593435 -0.004962605 0.999423265 91.229804993
0.999383509 -0.006594180 0.034483295 5.296888351 0.006418621 0.999965906 0.005199346 -9.325871468 -0.034516394 -0.004974805 0.999391735 93.484466553
0.999361575 -0.006726549 0.035092149 5.464498997 0.006569764 0.999967933 0.004581219 -9.542211533 -0.035121832 -0.004347747 0.999373496 95.740776062
0.999328136 -0.007040756 0.035967551 5.629747391 0.006866326 0.999963999 0.004970904 -9.764438629 -0.036001258 -0.004720598 0.999340594 97.998275757
0.999299824 -0.006691271 0.036810778 5.791890621 0.006529795 0.999968529 0.004505141 -9.995937347 -0.036839772 -0.004261621 0.999312103 100.241630554
0.999247313 -0.006788158 0.038190935 5.949292660 0.006576044 0.999962270 0.005676898 -10.212695122 -0.038228035 -0.005421481 0.999254346 102.472152710
0.999232650 -0.006981780 0.038540617 6.145362854 0.006775369 0.999962032 0.005483691 -10.437925339 -0.038577437 -0.005218355 0.999242008 104.755836487
0.999198914 -0.007654499 0.039280951 6.319424629 0.007419746 0.999953687 0.006118530 -10.652918816 -0.039325960 -0.005822173 0.999209464 106.994728088
0.999167562 -0.009041990 0.039779678 6.499687195 0.008795918 0.999941111 0.006356497 -10.871538162 -0.039834809 -0.006001307 0.999188244 109.248382568
0.999126077 -0.010084304 0.040563941 6.677424431 0.009790989 0.999924541 0.007423166 -11.098957062 -0.040635739 -0.007019517 0.999149382 111.503486633
0.999103189 -0.010900655 0.040914316 6.865849972 0.010666920 0.999925673 0.005926733 -11.317881584 -0.040975876 -0.005484989 0.999145091 113.773536682
0.999050796 -0.011177525 0.042104304 7.044356823 0.010972717 0.999926805 0.005092291 -11.538344383 -0.042158145 -0.004625458 0.999100268 116.029449463
0.999011159 -0.011563680 0.042929389 7.223678589 0.011330635 0.999919713 0.005667935 -11.766590118 -0.042991485 -0.005175913 0.999062002 118.278266907
0.998960972 -0.011862263 0.044001810 7.411963463 0.011583676 0.999911249 0.006580841 -11.992129326 -0.044075966 -0.006064300 0.999009728 120.548271179
0.998933434 -0.012442552 0.044465251 7.612195492 0.012127045 0.999899387 0.007358315 -12.216754913 -0.044552337 -0.006811236 0.998983800 122.759193420
0.998886228 -0.013807756 0.045121428 7.817367554 0.013515911 0.999885738 0.006766697 -12.442401886 -0.045209717 -0.006149302 0.998958588 125.056709290
0.998848975 -0.014374737 0.045761056 8.000595093 0.014113775 0.999882281 0.006020744 -12.665863991 -0.045842212 -0.005367953 0.998934209 127.320816040
0.998829842 -0.015994918 0.045641184 8.189993858 0.015719295 0.999855995 0.006391433 -12.883326530 -0.045736857 -0.005666508 0.998937428 129.583999634
0.998850524 -0.017099857 0.044779133 8.377176285 0.016820394 0.999836624 0.006610298 -13.097134590 -0.044884853 -0.005849496 0.998975039 131.831802368
0.998909235 -0.017396130 0.043331604 8.574514389 0.017076025 0.999824226 0.007746514 -13.312619209 -0.043458749 -0.006998134 0.999030650 134.070053101
0.998955965 -0.018246494 0.041881155 8.760826111 0.017940493 0.999809623 0.007670721 -13.538133621 -0.042013142 -0.006911344 0.999093115 136.319961548
0.999033272 -0.019013658 0.039636210 8.972383499 0.018744903 0.999798775 0.007141259 -13.749405861 -0.039764009 -0.006391378 0.999188721 138.542907715
0.999008417 -0.019580161 0.039984420 9.131555557 0.019293282 0.999785364 0.007548023 -13.973608017 -0.040123638 -0.006769109 0.999171793 140.836532593
0.999002337 -0.019962272 0.039945722 9.303848267 0.019673467 0.999777496 0.007610015 -14.179398537 -0.040088736 -0.006816553 0.999172866 143.070144653
0.999056160 -0.020135075 0.038487066 9.501211166 0.019806135 0.999764144 0.008909006 -14.406259537 -0.038657371 -0.008138315 0.999219358 145.311553955
0.999074996 -0.019127371 0.038513593 9.676370621 0.018837204 0.999791503 0.007882891 -14.619400978 -0.038656343 -0.007150113 0.999226987 147.560745239
0.999090016 -0.018033881 0.038653981 9.856204987 0.017795116 0.999820411 0.006512200 -14.836304665 -0.038764492 -0.005818421 0.999231458 149.816131592
0.999109387 -0.016305178 0.038917881 10.033004761 0.016097089 0.999854445 0.005654265 -15.054194450 -0.039004408 -0.005022764 0.999226391 152.066818237
0.999118030 -0.015583109 0.038991589 10.218797684 0.015376118 0.999866068 0.005602892 -15.269154549 -0.039073672 -0.004998412 0.999223828 154.312698364
0.999108970 -0.014839384 0.039509047 10.398536682 0.014607667 0.999874413 0.006147131 -15.487737656 -0.039595302 -0.005564519 0.999200284 156.577102661
0.999111176 -0.014247540 0.039670549 10.590745926 0.013970525 0.999876082 0.007251418 -15.706917763 -0.039768960 -0.006690755 0.999186456 158.796966553
0.999061823 -0.013411444 0.041175876 10.758510590 0.013082387 0.999880314 0.008250536 -15.926906586 -0.041281592 -0.007704118 0.999117851 161.099456787
0.999024332 -0.012448583 0.042371619 10.936612129 0.012015842 0.999873102 0.010452455 -16.145578384 -0.042496365 -0.009933125 0.999047220 163.335632324
0.999006331 -0.011952387 0.042932760 11.128335953 0.011560980 0.999889314 0.009353470 -16.351366043 -0.043039806 -0.008847832 0.999034166 165.631118774
0.998956323 -0.011536312 0.044194285 11.320608139 0.011197676 0.999906123 0.007902349 -16.558155060 -0.044281293 -0.007399229 0.998991668 167.863296509
0.998906791 -0.009308538 0.045810491 11.514795303 0.008930460 0.999924362 0.008450895 -16.781738281 -0.045885697 -0.008032545 0.998914540 170.133483887
0.998785377 -0.008558350 0.048526186 11.703936577 0.008154067 0.999930441 0.008523066 -16.991277695 -0.048595767 -0.008117026 0.998785555 172.391067505
0.998668075 -0.008823661 0.050835457 11.903260231 0.008419961 0.999931335 0.008150011 -17.203233719 -0.050903887 -0.007711122 0.998673797 174.664581299
0.998593926 -0.008796681 0.052275538 12.114223480 0.008346923 0.999926329 0.008815713 -17.421331406 -0.052349240 -0.008366979 0.998593807 176.909790039
0.998552442 -0.009289150 0.052976098 12.316514015 0.008793197 0.999915421 0.009587239 -17.629816055 -0.053060658 -0.009107534 0.998549819 179.135879517
0.998524845 -0.010852404 0.053201299 12.524663925 0.010370484 0.999902725 0.009326108 -17.847639084 -0.053297345 -0.008760626 0.998540282 181.407653809
0.998489082 -0.011726453 0.053684205 12.723842621 0.011256037 0.999895632 0.009056637 -18.056537628 -0.053784806 -0.008438683 0.998516917 183.650588989
0.998554230 -0.012622043 0.052250307 12.946366310 0.012164162 0.999884784 0.009072015 -18.275985718 -0.052358799 -0.008423319 0.998592794 185.882461548
0.998556197 -0.014658762 0.051678292 13.153448105 0.014169495 0.999851286 0.009821258 -18.490161896 -0.051814575 -0.009074824 0.998615444 188.128372192
0.998577595 -0.015497549 0.051014867 13.365823746 0.015043627 0.999843836 0.009269814 -18.697216034 -0.051150557 -0.008489179 0.998654902 190.370086670
0.998540044 -0.016325096 0.051490843 13.556941032 0.015853006 0.999828577 0.009563581 -18.921735764 -0.051638145 -0.008733336 0.998627663 192.608810425
0.998488605 -0.017257808 0.052180160 13.743540764 0.016766833 0.999811053 0.009832432 -19.132852554 -0.052339986 -0.008942674 0.998589277 194.846435547
0.998543322 -0.016852444 0.051256310 13.978973389 0.016396450 0.999822199 0.009303961 -19.353391647 -0.051403988 -0.008449984 0.998642206 197.130218506
0.998555303 -0.014895648 0.051626272 14.182002068 0.014440525 0.999853551 0.009177598 -19.559553146 -0.051755413 -0.008418830 0.998624265 199.376235962
0.998569191 -0.013001806 0.051870298 14.384438515 0.012545610 0.999879777 0.009110879 -19.775047302 -0.051982511 -0.008447099 0.998612285 201.608657837
0.998548448 -0.012381848 0.052418493 14.595891953 0.011961621 0.999893785 0.008322934 -19.983253479 -0.052515987 -0.007683843 0.998590529 203.873413086
0.998519659 -0.012802378 0.052864682 14.796485901 0.012343827 0.999883354 0.008991508 -20.191051483 -0.052973632 -0.008325644 0.998561203 206.097549438
0.998485565 -0.013994206 0.053204522 15.025175095 0.013525566 0.999866605 0.009158174 -20.413154602 -0.053325579 -0.008424683 0.998541653 208.365814209
0.998425126 -0.013894511 0.054352373 15.231372833 0.013426607 0.999869645 0.008964484 -20.611207962 -0.054469850 -0.008220598 0.998481631 210.606781006
0.998357832 -0.013529792 0.055665426 15.444995880 0.012952402 0.999858618 0.010720237 -20.841600418 -0.055802599 -0.009981631 0.998391926 212.854446411
0.998285770 -0.012085008 0.057266671 15.677832603 0.011483605 0.999875426 0.010819298 -21.048276901 -0.057390288 -0.010143124 0.998300254 215.088943481
0.998101652 -0.010131072 0.060751468 15.889017105 0.009467466 0.999892473 0.011201223 -21.260856628 -0.060858421 -0.010604796 0.998090088 217.372955322
0.997965217 -0.009990066 0.062972628 16.114925385 0.009283017 0.999890625 0.011510477 -21.466686249 -0.063080736 -0.010902480 0.997948825 219.621170044
0.997837543 -0.011514501 0.064712390 16.347850800 0.010748740 0.999868095 0.012169035 -21.670782089 -0.064843990 -0.011447146 0.997829676 221.852478027
0.997737110 -0.013036183 0.065961793 16.582717896 0.012206640 0.999841392 0.012963605 -21.873561859 -0.066120334 -0.012129095 0.997737944 224.086380005
0.997660339 -0.015088697 0.066679761 16.828544617 0.014289023 0.999820352 0.012453465 -22.084495544 -0.066855669 -0.011471538 0.997696698 226.317123413
0.997633100 -0.016451597 0.066765122 17.071191788 0.015673263 0.999803305 0.012164969 -22.286220551 -0.066952109 -0.011089750 0.997694552 228.573364258
0.997580409 -0.016667953 0.067493610 17.310485840 0.015875394 0.999798775 0.012262153 -22.488225937 -0.067684390 -0.011160999 0.997644365 230.819000244
0.997523963 -0.017694537 0.068065174 17.554225922 0.016952470 0.999790609 0.011464503 -22.694585800 -0.068253785 -0.010282245 0.997615039 233.066223145
0.997522891 -0.018626923 0.067831196 17.824634552 0.017813303 0.999762177 0.012579932 -22.906213760 -0.068049394 -0.011340474 0.997617424 235.359817505
0.997486651 -0.018410921 0.068420723 18.069229126 0.017580707 0.999764562 0.012716422 -23.108802795 -0.068638720 -0.011481578 0.997575521 237.605056763
0.997441888 -0.018119195 0.069147334 18.306493759 0.017286142 0.999770820 0.012626944 -23.308732986 -0.069360293 -0.011399354 0.997526526 239.829452515
0.997410178 -0.018321024 0.069548659 18.552461624 0.017461125 0.999763668 0.012951924 -23.511394501 -0.069769509 -0.011703985 0.997494400 242.058990479
0.997370481 -0.018850816 0.069978409 18.798475266 0.017982813 0.999753594 0.013013284 -23.708667755 -0.070206456 -0.011720654 0.997463644 244.298049927
0.997313738 -0.018992504 0.070743293 19.039384842 0.018170370 0.999759853 0.012246912 -23.913663864 -0.070958905 -0.010928582 0.997419357 246.528854370
0.997335017 -0.018452505 0.070586160 19.299430847 0.017675817 0.999776483 0.011612242 -24.122097015 -0.070784643 -0.010333630 0.997438073 248.771163940
0.997319221 -0.018720793 0.070737772 19.554750443 0.017907178 0.999766231 0.012118607 -24.330106735 -0.070948102 -0.010819406 0.997421324 251.015808105
0.997287452 -0.020119611 0.070801616 19.810247421 0.019310288 0.999740362 0.012096796 -24.536323547 -0.071026623 -0.010696784 0.997417092 253.249237061
0.997280478 -0.020181827 0.070882618 20.069976807 0.019322377 0.999731421 0.012789892 -24.741193771 -0.071121722 -0.011385491 0.997402608 255.504974365
0.997266054 -0.020791795 0.070908912 20.313625336 0.019918635 0.999717057 0.012998844 -24.943840027 -0.071159124 -0.011550899 0.997398138 257.724151611
0.997226477 -0.021321738 0.071307451 20.576635361 0.020406853 0.999700129 0.013534216 -25.152675629 -0.071574628 -0.012041517 0.997362554 259.994354248
0.997198880 -0.021068553 0.071767196 20.832784653 0.020196725 0.999713540 0.012852134 -25.349905014 -0.072017424 -0.011366672 0.997338533 262.237304688
0.997166991 -0.020999210 0.072229050 21.090820312 0.020150615 0.999719262 0.012457473 -25.551807404 -0.072470389 -0.010966720 0.997310281 264.498565674
0.997135460 -0.020270457 0.072868600 21.349422455 0.019436097 0.999737382 0.012141208 -25.760509491 -0.073095568 -0.010690147 0.997267663 266.739288330
0.997085869 -0.019743953 0.073688492 21.607872009 0.018896228 0.999747157 0.012183780 -25.960144043 -0.073910430 -0.010755840 0.997206926 268.980407715
0.996945739 -0.019261196 0.075684898 21.858360291 0.018415041 0.999759972 0.011862074 -26.172744751 -0.075895205 -0.010432103 0.997061372 271.237670898
0.996848583 -0.019920411 0.076786205 22.129970551 0.019039927 0.999744534 0.012181841 -26.380319595 -0.077009246 -0.010681447 0.996973217 273.485839844
0.996644735 -0.020564590 0.079222701 22.376922607 0.019616632 0.999726593 0.012725582 -26.578117371 -0.079462737 -0.011128802 0.996775627 275.727630615
0.996533751 -0.020691730 0.080574691 22.652595520 0.019614443 0.999707580 0.014138764 -26.774644852 -0.080843687 -0.012509329 0.996648252 277.968109131
0.996503711 -0.019565200 0.081224956 22.947280884 0.018386401 0.999714792 0.015235513 -26.983295441 -0.081499875 -0.013688809 0.996579349 280.218750000
0.996407390 -0.019385090 0.082441553 23.226814270 0.018086948 0.999700785 0.016464090 -27.187532425 -0.082736067 -0.014913823 0.996459901 282.455718994
0.996327579 -0.018464660 0.083610319 23.500883102 0.017164446 0.999720693 0.016243193 -27.374057770 -0.083886892 -0.014748414 0.996366143 284.691558838
0.996230602 -0.017332751 0.084995940 23.767681122 0.016053760 0.999747753 0.015708199 -27.565868378 -0.085246772 -0.014284482 0.996257424 286.916656494
0.996189117 -0.016296873 0.085683241 24.052671432 0.015159306 0.999788344 0.013910355 -27.748531342 -0.085891798 -0.012558444 0.996225238 289.172058105
0.996122897 -0.017123230 0.086288922 24.327043533 0.015946401 0.999770522 0.014309122 -27.953945160 -0.086514138 -0.012877648 0.996167421 291.399322510
0.996032655 -0.016559817 0.087433875 24.589323044 0.015431717 0.999788940 0.013562575 -28.153934479 -0.087640010 -0.012159511 0.996078014 293.671569824
0.996056437 -0.017209249 0.087036744 24.876628876 0.016170733 0.999789536 0.012622989 -28.350599289 -0.087235652 -0.011165760 0.996125102 295.900543213
0.996068239 -0.017177399 0.086907655 25.162548065 0.016146211 0.999790847 0.012554487 -28.551700592 -0.087105140 -0.011101896 0.996137202 298.133361816
0.996057272 -0.016634753 0.087138906 25.444114685 0.015611461 0.999801159 0.012411582 -28.746654510 -0.087328047 -0.011002282 0.996118903 300.368103027
0.996001065 -0.016554007 0.087794028 25.706502914 0.015437590 0.999791324 0.013380161 -28.950628281 -0.087997206 -0.011971325 0.996048927 302.611633301
0.995999038 -0.016874364 0.087755427 25.996139526 0.015750961 0.999785125 0.013478298 -29.150588989 -0.087963998 -0.012042142 0.996050835 304.865203857
0.995977581 -0.016290702 0.088108994 26.285017014 0.015132196 0.999790192 0.013800613 -29.351745605 -0.088315330 -0.012411820 0.996015251 307.115203857
0.995969832 -0.017137367 0.088035643 26.571062088 0.015993048 0.999778390 0.013687389 -29.557039261 -0.088250697 -0.012224268 0.996023238 309.373901367
0.995928288 -0.018398480 0.088251486 26.859119415 0.017223481 0.999752820 0.014057342 -29.756345749 -0.088488311 -0.012480107 0.995999038 311.633270264
0.995900393 -0.018068623 0.088633806 27.148279190 0.016951084 0.999767244 0.013345087 -29.959762573 -0.088854305 -0.011787936 0.995974898 313.884124756
0.995914876 -0.017816313 0.088521771 27.442533493 0.016623829 0.999761105 0.014190167 -30.164688110 -0.088753447 -0.012660628 0.995973170 316.140991211
0.995876014 -0.016424134 0.089225248 27.728584290 0.015298633 0.999794722 0.013283448 -30.367261887 -0.089425080 -0.011863644 0.995922863 318.378997803
0.995864511 -0.014906392 0.089619704 28.013328552 0.013713746 0.999809146 0.013908951 -30.569770813 -0.089809947 -0.012622410 0.995878875 320.619781494
0.995809078 -0.013948976 0.090385608 28.296890259 0.012765007 0.999825120 0.013663969 -30.774826050 -0.090560392 -0.012452932 0.995813131 322.856079102
0.995754600 -0.013244636 0.091089748 28.580490112 0.012010423 0.999828696 0.014084269 -30.970998764 -0.091260687 -0.012930450 0.995743096 325.095245361
0.995752811 -0.012745278 0.091180623 28.879703522 0.011379026 0.999815285 0.015488241 -31.180416107 -0.091361202 -0.014384913 0.995713830 327.325256348
0.995725930 -0.013374783 0.091385216 29.167037964 0.012009477 0.999808133 0.015473737 -31.385831833 -0.091574632 -0.014310111 0.995695412 329.571929932
0.995723188 -0.014843349 0.091186509 29.467477798 0.013561950 0.999800742 0.014656114 -31.582746506 -0.091385856 -0.013356768 0.995725989 331.807617188
0.995711982 -0.014446107 0.091372550 29.753982544 0.013162578 0.999806285 0.014634294 -31.783277512 -0.091566257 -0.013368844 0.995709240 334.016845703
0.995702088 -0.014910999 0.091405585 30.047712326 0.013541576 0.999786854 0.015583782 -31.978353500 -0.091618463 -0.014279029 0.995691776 336.261810303
0.995745540 -0.015561330 0.090822272 30.353385925 0.014181096 0.999774158 0.015822720 -32.175167084 -0.091047995 -0.014467441 0.995741427 338.497253418
0.995758355 -0.015482828 0.090694927 30.641523361 0.014079558 0.999771476 0.016091881 -32.376186371 -0.090923347 -0.014746679 0.995748818 340.740142822
0.995804131 -0.015756225 0.090145171 30.943059921 0.014388931 0.999771655 0.015797554 -32.574443817 -0.090373501 -0.014434173 0.995803356 342.983856201
0.995807767 -0.016389551 0.089989528 31.231739044 0.014994695 0.999757051 0.016154472 -32.766017914 -0.090232432 -0.014737385 0.995811641 345.235900879
0.995871127 -0.016346041 0.089294747 31.527704239 0.014962362 0.999757826 0.016143143 -32.958057404 -0.089536987 -0.014740432 0.995874405 347.478210449
0.995923221 -0.016356518 0.088709384 31.816656113 0.014981955 0.999757528 0.016138919 -33.153335571 -0.088951848 -0.014744089 0.995926797 349.713836670
0.995931268 -0.016015135 0.088682607 32.101730347 0.014589928 0.999754131 0.016695889 -33.352909088 -0.088928193 -0.015334084 0.995920002 351.955047607
0.995957673 -0.016361834 0.088320099 32.385379791 0.014922929 0.999745309 0.016927764 -33.543125153 -0.088574566 -0.015541342 0.995948315 354.191864014
0.995974660 -0.016258085 0.088148244 32.667747498 0.014854910 0.999752641 0.016551087 -33.739368439 -0.088395543 -0.015175031 0.995969832 356.429229736
0.996030509 -0.016626764 0.087445766 32.959300995 0.015191165 0.999739110 0.017057009 -33.933872223 -0.087706551 -0.015660897 0.996023238 358.663909912
0.996085107 -0.016177893 0.086906105 33.251258850 0.014677051 0.999732316 0.017881069 -34.129138947 -0.087172106 -0.016535541 0.996056020 360.901550293
0.996149302 -0.016391259 0.086126938 33.545303345 0.014906750 0.999729514 0.017851278 -34.324180603 -0.086396247 -0.016498672 0.996124148 363.151367188
0.996202171 -0.016325148 0.085526049 33.835502625 0.014808918 0.999722242 0.018332815 -34.515663147 -0.085801579 -0.016996644 0.996167243 365.394256592
0.996235669 -0.016287765 0.085142180 34.119827271 0.014840368 0.999734879 0.017605139 -34.709453583 -0.085406356 -0.016275326 0.996213257 367.657653809
0.996260941 -0.016835559 0.084739007 34.402606964 0.015410252 0.999729037 0.017446131 -34.902233124 -0.085009769 -0.016075050 0.996250391 369.908996582
0.996250391 -0.016854912 0.084858842 34.676574707 0.015513823 0.999744475 0.016438523 -35.089649200 -0.085114226 -0.015060399 0.996257365 372.171234131
0.996318996 -0.016739318 0.084073246 34.963531494 0.015382593 0.999741137 0.016759461 -35.292449951 -0.084332012 -0.015404503 0.996318638 374.415802002
0.996402681 -0.016744394 0.083074518 35.251064301 0.015334794 0.999727905 0.017577099 -35.484550476 -0.083346218 -0.016239937 0.996388316 376.664154053
0.996342838 -0.016350698 0.083866291 35.520492554 0.014891217 0.999727070 0.017998632 -35.676391602 -0.084137693 -0.016683931 0.996314466 378.901733398
0.996332288 -0.017135115 0.083834521 35.800178528 0.015657866 0.999710917 0.018246913 -35.872085571 -0.084122948 -0.016867317 0.996312559 381.144927979
0.996363759 -0.017018016 0.083483942 36.087261200 0.015552539 0.999714017 0.018173091 -36.056148529 -0.083769329 -0.016808622 0.996343493 383.401062012
0.996374011 -0.016038055 0.083556294 36.368640900 0.014553152 0.999725640 0.018350167 -36.249748230 -0.083827674 -0.017067617 0.996334076 385.650756836
0.996380985 -0.014899852 0.083683655 36.648029327 0.013397734 0.999739408 0.018482978 -36.435947418 -0.083937228 -0.017294915 0.996320963 387.912567139
0.996402681 -0.013855376 0.083604202 36.933883667 0.012346135 0.999751866 0.018542310 -36.635211945 -0.083840355 -0.017443420 0.996326506 390.181884766
0.996392250 -0.012454180 0.083948255 37.208457947 0.010935361 0.999768555 0.018527927 -36.830005646 -0.084159583 -0.017543077 0.996297836 392.457794189
0.996416688 -0.011043186 0.083855852 37.487609863 0.009412133 0.999759257 0.019821171 -37.019104004 -0.084054567 -0.018960884 0.996280730 394.714813232
0.996352077 -0.010040786 0.084745027 37.757595062 0.008345522 0.999758422 0.020334901 -37.210105896 -0.084928736 -0.019553484 0.996195078 396.978393555
0.996278822 -0.009572349 0.085655220 38.030437469 0.007993555 0.999792159 0.018756006 -37.404975891 -0.085816957 -0.018001525 0.996148229 399.235961914
0.996251225 -0.008647632 0.086075015 38.318164825 0.007140831 0.999816120 0.017798206 -37.591819763 -0.086213112 -0.017116837 0.996129632 401.508270264
0.996153533 -0.010676832 0.086971536 38.584835052 0.009022959 0.999771357 0.019387236 -37.788108826 -0.087158650 -0.018527925 0.996022105 403.763458252
0.996099830 -0.012123249 0.087396950 38.869312286 0.010370203 0.999736369 0.020484664 -37.978416443 -0.087622248 -0.019498441 0.995962858 406.015930176
0.996071815 -0.013049773 0.087581456 39.157020569 0.011323757 0.999732316 0.020175548 -38.163917542 -0.087821290 -0.019104546 0.995953143 408.300750732
0.996095598 -0.013042564 0.087311767 39.464111328 0.011387614 0.999746442 0.019425834 -38.356369019 -0.087542996 -0.018355712 0.995991647 410.572448730
0.995973945 -0.010935906 0.088973127 39.748760223 0.009251712 0.999770522 0.019319670 -38.547042847 -0.089163996 -0.018418737 0.995846629 412.840026855
0.995900095 -0.009963823 0.089909144 40.030540466 0.008277443 0.999783099 0.019109892 -38.738090515 -0.090080038 -0.018287325 0.995766759 415.079376221
0.995814860 -0.008769991 0.090970725 40.321586609 0.007042855 0.999789119 0.019289285 -38.927898407 -0.091120720 -0.018567868 0.995666742 417.351806641
0.995765269 -0.009032936 0.091486700 40.620914459 0.007323345 0.999792576 0.019005252 -39.119544983 -0.091639392 -0.018254783 0.995624840 419.607452393
0.995657623 -0.008969478 0.092657968 40.908893585 0.007235932 0.999792755 0.019028150 -39.307613373 -0.092809431 -0.018275054 0.995516181 421.861053467
0.995575786 -0.009258648 0.093504511 41.197879791 0.007523913 0.999793410 0.018887937 -39.502685547 -0.093660064 -0.018100852 0.995439649 424.118652344
0.995505214 -0.009626653 0.094216414 41.497314453 0.007775737 0.999769866 0.019992828 -39.692913055 -0.094387196 -0.019170363 0.995350957 426.390869141
0.995447099 -0.008653763 0.094921932 41.793197632 0.006730503 0.999765933 0.020562960 -39.879707336 -0.095077664 -0.019830467 0.995272279 428.642395020
0.995379925 -0.007923446 0.095687494 42.098861694 0.005903718 0.999754190 0.021372236 -40.067668915 -0.095833309 -0.020708585 0.995181918 430.918182373
0.995392740 -0.008842056 0.095472902 42.405269623 0.006798609 0.999741256 0.021707540 -40.265853882 -0.095640138 -0.020958442 0.995195329 433.196502686
0.995343447 -0.009520739 0.095920749 42.712623596 0.007523120 0.999747694 0.021165900 -40.461532593 -0.096098073 -0.020345712 0.995163918 435.461791992
0.995343804 -0.008577791 0.096004523 43.023658752 0.006567988 0.999752998 0.021230927 -40.634838104 -0.096162908 -0.020501519 0.995154440 437.732574463
0.995275855 -0.008986793 0.096671820 43.328922272 0.006931254 0.999743104 0.021577911 -40.824176788 -0.096840926 -0.020805914 0.995082378 440.024505615
0.995323658 -0.009025980 0.096173793 43.646324158 0.006946345 0.999735236 0.021936623 -41.009677887 -0.096346334 -0.021165986 0.995122790 442.300750732
0.995276034 -0.008440731 0.096717484 43.949367523 0.006266126 0.999721110 0.022765838 -41.207847595 -0.096882686 -0.022052247 0.995051503 444.584136963
0.995255053 -0.009010258 0.096882336 44.265483856 0.006825150 0.999715328 0.022862040 -41.389457703 -0.097060747 -0.022092324 0.995033264 446.856597900
0.995254576 -0.008942600 0.096893042 44.574546814 0.006804013 0.999726415 0.022379622 -41.575172424 -0.097066656 -0.021614160 0.995043159 449.116973877
0.995256066 -0.008330992 0.096932441 44.884197235 0.006213934 0.999735892 0.022121985 -41.763095856 -0.097091161 -0.021414706 0.995045066 451.375701904
0.995204628 -0.008027900 0.097484246 45.190917969 0.005918453 0.999742329 0.021908773 -41.955829620 -0.097635001 -0.021226756 0.994995892 453.639953613
0.995138943 -0.007365574 0.098204918 45.496582031 0.005233184 0.999745309 0.021953613 -42.134254456 -0.098341607 -0.021332972 0.994924009 455.915985107
0.995113015 -0.007233592 0.098477289 45.801963806 0.005130088 0.999753594 0.021596771 -42.326034546 -0.098609246 -0.020986034 0.994904935 458.175354004
0.995122790 -0.006581485 0.098423496 46.118824005 0.004540517 0.999770224 0.020946220 -42.515987396 -0.098538734 -0.020397170 0.994924128 460.455169678
0.995079160 -0.005588489 0.098925486 46.424839020 0.003459129 0.999758899 0.021683335 -42.706710815 -0.099022813 -0.021234442 0.994858563 462.735412598
0.995134354 -0.005178369 0.098390535 46.741657257 0.002943621 0.999734640 0.022844627 -42.890640259 -0.098482728 -0.022443853 0.994885564 465.011474609
0.995136201 -0.005156265 0.098374590 47.040596008 0.002887790 0.999726892 0.023188030 -43.070098877 -0.098467313 -0.022791162 0.994879246 467.274078369
0.995212734 -0.005161338 0.097595662 47.352222443 0.003040387 0.999756217 0.021868264 -43.250564575 -0.097684726 -0.021466849 0.994985819 469.556518555
0.995331943 -0.005320179 0.096363157 47.679412842 0.003271938 0.999765635 0.021400983 -43.439468384 -0.096454427 -0.020985790 0.995116115 471.852569580
0.995397449 -0.005717550 0.095662072 47.988533020 0.003551348 0.999733746 0.022799270 -43.636268616 -0.095766962 -0.022354607 0.995152712 474.131256104
0.995360315 -0.005794476 0.096042246 48.281581879 0.003624053 0.999734402 0.022757679 -43.820114136 -0.096148610 -0.022304032 0.995117068 476.418334961
0.995428920 -0.005575676 0.095342368 48.584346771 0.003448126 0.999741673 0.022465043 -43.994491577 -0.095442995 -0.022033600 0.995191038 478.717132568
0.995458782 -0.005687568 0.095023677 48.892086029 0.003507467 0.999727070 0.023094017 -44.180984497 -0.095129095 -0.022655847 0.995207071 480.998657227
0.995490789 -0.006508082 0.094635017 49.198223114 0.004292779 0.999712348 0.023593685 -44.365585327 -0.094761349 -0.023081042 0.995232403 483.270965576
0.995517790 -0.007240113 0.094297186 49.499088287 0.005089505 0.999721885 0.023027271 -44.551288605 -0.094437681 -0.022444133 0.995277762 485.549835205
0.995586395 -0.007734214 0.093530945 49.807689667 0.005555245 0.999707639 0.023534747 -44.742454529 -0.093685612 -0.022911288 0.995338202 487.837768555
0.995606065 -0.007697145 0.093323953 50.086376190 0.005545176 0.999713242 0.023296552 -44.913127899 -0.093476519 -0.022676691 0.995363116 490.110076904
0.995621026 -0.007102199 0.093210906 50.388481140 0.004913114 0.999707162 0.023693779 -45.091083527 -0.093351893 -0.023132071 0.995364428 492.414001465
0.995682716 -0.006509379 0.092593402 50.695552826 0.004289218 0.999698997 0.024156356 -45.272327423 -0.092722781 -0.023654914 0.995411038 494.699493408
0.995665133 -0.006230511 0.092800915 50.982692719 0.004035847 0.999708176 0.023818100 -45.455368042 -0.092922211 -0.023340326 0.995399773 497.003417969
0.995684087 -0.006011094 0.092612654 51.294158936 0.003844848 0.999715209 0.023551093 -45.648284912 -0.092727847 -0.023093361 0.995423675 499.314208984
0.995732069 -0.005882917 0.092103280 51.593677521 0.003666079 0.999699891 0.024219757 -45.829860687 -0.092218123 -0.023778727 0.995454788 501.609375000
0.995724559 -0.005531541 0.092206396 51.886474609 0.003271240 0.999690890 0.024646640 -46.015792847 -0.092314221 -0.024239635 0.995434940 503.885528564
0.995738387 -0.004522087 0.092112146 52.182395935 0.002330957 0.999712110 0.023881340 -46.197723389 -0.092193611 -0.023564855 0.995462358 506.179199219
0.995735705 -0.004505657 0.092141822 52.475864410 0.002256772 0.999697387 0.024496423 -46.381450653 -0.092224285 -0.024184022 0.995444477 508.468414307
0.995736361 -0.004974289 0.092110656 52.774116516 0.002800071 0.999714673 0.023718622 -46.568065643 -0.092202365 -0.023359573 0.995466232 510.771514893
0.995764971 -0.005663340 0.091760002 53.083049774 0.003434253 0.999695599 0.024432292 -46.755172729 -0.091870442 -0.024013696 0.995481372 513.066223145
0.995799839 -0.005338649 0.091401391 53.389312744 0.003093935 0.999690533 0.024682969 -46.936744690 -0.091504879 -0.024296505 0.995508194 515.379150391
0.995821714 -0.004733640 0.091196157 53.689922333 0.002525489 0.999701202 0.024313398 -47.116218567 -0.091284007 -0.023981497 0.995536029 517.688903809
0.995819986 -0.003829743 0.091258146 53.984218597 0.001635938 0.999708176 0.024102233 -47.300170898 -0.091323823 -0.023852192 0.995535493 519.980346680
0.995759249 -0.001824197 0.091979198 54.284103394 -0.000396534 0.999709129 0.024119791 -47.486141205 -0.091996416 -0.024053982 0.995468795 522.338623047
0.995591044 0.000342092 0.093799002 54.566452026 -0.002649137 0.999696970 0.024472199 -47.669246674 -0.093762219 -0.024612790 0.995290279 524.662597656
0.995646894 0.001365618 0.093195669 54.890285492 -0.003745507 0.999671221 0.025366349 -47.846923828 -0.093130380 -0.025604993 0.995324552 526.996765137
0.995582104 0.000779592 0.093891747 55.189125061 -0.003162823 0.999676526 0.025236597 -48.028408051 -0.093841717 -0.025422072 0.995262504 529.303894043
0.995531440 -0.001076230 0.094423905 55.487945557 -0.001457452 0.999640822 0.026759990 -48.208763123 -0.094418779 -0.026778029 0.995172381 531.618713379
0.995475233 -0.002714477 0.094981901 55.797142029 0.000206010 0.999651194 0.026409788 -48.388137817 -0.095020466 -0.026270725 0.995128632 533.937133789
0.995449126 -0.003041926 0.095246181 56.105617523 0.000573984 0.999663651 0.025927866 -48.567962646 -0.095293015 -0.025755201 0.995116055 536.243774414
0.995352626 -0.003365857 0.096238472 56.408603668 0.000900445 0.999670684 0.025649684 -48.748699188 -0.096293099 -0.025443831 0.995027721 538.558105469
0.995272458 -0.002516492 0.097089194 56.713897705 0.000099946 0.999690294 0.024886793 -48.930072784 -0.097121753 -0.024759442 0.994964421 540.876281738
0.995165944 -0.001800492 0.098191075 57.018291473 -0.000624035 0.999695778 0.024655636 -49.115451813 -0.098205596 -0.024597719 0.994862139 543.185363770
0.995062053 -0.001838363 0.099237494 57.315292358 -0.000548755 0.999711215 0.024021946 -49.309051514 -0.099252991 -0.023957787 0.994773805 545.519897461
0.994894028 -0.001679934 0.100910485 57.606880188 -0.000785858 0.999702156 0.024390716 -49.486808777 -0.100921415 -0.024345482 0.994596422 547.839172363
0.994845510 -0.001225823 0.101394482 57.929645538 -0.001335557 0.999681711 0.025189798 -49.670307159 -0.101393096 -0.025195377 0.994527280 550.140380859
0.994791448 -0.001602887 0.101918787 58.249721527 -0.001001949 0.999674261 0.025501622 -49.853603363 -0.101926483 -0.025470912 0.994465828 552.451721191
0.994869351 -0.002852271 0.101127997 58.588787079 0.000382390 0.999701381 0.024434302 -50.032199860 -0.101167485 -0.024270266 0.994573295 554.765441895
0.994884849 -0.003213604 0.100964345 58.919357300 0.000709653 0.999691665 0.024826478 -50.215721130 -0.101012982 -0.024627842 0.994580209 557.081665039
0.994840622 -0.003082745 0.101403035 59.243316650 0.000509960 0.999677539 0.025388025 -50.398731232 -0.101448610 -0.025205327 0.994521439 559.395019531
0.994830072 -0.002622992 0.101519808 59.572559357 -0.000062861 0.999650419 0.026444199 -50.580589294 -0.101553671 -0.026313867 0.994481921 561.727294922
0.994831383 -0.003442466 0.101482183 59.905525208 0.000705132 0.999635160 0.026997086 -50.761016846 -0.101538092 -0.026785986 0.994470954 564.059875488
0.994781256 -0.002966538 0.101987004 60.231220245 0.000131723 0.999613762 0.027791355 -50.939693451 -0.102030031 -0.027632887 0.994397461 566.379882812
0.994735897 -0.002119309 0.102450132 60.560699463 -0.000672725 0.999629498 0.027210383 -51.122001648 -0.102469832 -0.027136069 0.994365931 568.699645996
0.994759083 -0.001027928 0.102240659 60.905406952 -0.001590591 0.999672890 0.025526499 -51.293884277 -0.102233425 -0.025555348 0.994432092 571.036132812
0.994729102 -0.000385064 0.102537148 61.241462708 -0.002258175 0.999668121 0.025661020 -51.474349976 -0.102513008 -0.025757307 0.994398177 573.354125977
0.994735539 -0.000718917 0.102472864 61.577476501 -0.002034537 0.999639690 0.026763029 -51.662040710 -0.102455184 -0.026830619 0.994375706 575.728820801
0.994727373 -0.000915333 0.102550521 61.913921356 -0.001981620 0.999601960 0.028143588 -51.847663879 -0.102535456 -0.028198415 0.994329572 578.042541504
0.994680583 -0.000290526 0.103006944 62.243892670 -0.002432646 0.999650896 0.026310174 -52.027374268 -0.102978624 -0.026420802 0.994332612 580.427612305
0.994703293 -0.001025540 0.102782704 62.577690125 -0.001691122 0.999651611 0.026340498 -52.204162598 -0.102773897 -0.026374798 0.994354963 582.767517090
0.994682372 -0.001305699 0.102981709 62.911239624 -0.001550488 0.999616444 0.027649973 -52.393463135 -0.102978297 -0.027662612 0.994298875 585.089721680
0.994743764 -0.001043120 0.102389418 63.245780945 -0.001819993 0.999610007 0.027865583 -52.571311951 -0.102378540 -0.027905468 0.994354069 587.407409668
0.994701922 -0.003632547 0.102736972 63.588768005 0.000903942 0.999645948 0.026593234 -52.754570007 -0.102797195 -0.026359472 0.994352996 589.762512207
0.994735420 -0.004193578 0.102390215 63.928810120 0.001458233 0.999640346 0.026775144 -52.933120728 -0.102465674 -0.026484879 0.994383872 592.113769531
0.994727671 -0.006050899 0.102372333 64.256584167 0.003295505 0.999628305 0.027063159 -53.109344482 -0.102498047 -0.026583103 0.994377971 594.449707031
0.994753957 -0.006759150 0.102072962 64.598625183 0.004007278 0.999623597 0.027140891 -53.288406372 -0.102217995 -0.026589474 0.994406581 596.808044434
