1.000000000 0.000000000 0.000000000 0.000000000 0.000000000 1.000000000 0.000000000 0.000000000 0.000000000 0.000000000 1.000000000 0.000000000
0.999999881 0.000045406 0.000481504 0.088722363 -0.000045328 1.000000000 -0.000161616 -0.228007168 -0.000481511 0.000161595 0.999999881 2.294588566
0.999999166 0.000358796 0.001200580 0.166550159 -0.000359415 0.999999821 0.000515780 -0.469090015 -0.001200395 -0.000516211 0.999999166 4.582839012
0.999998331 -0.000100165 0.001798861 0.263638586 0.000099060 0.999999821 0.000614753 -0.699850321 -0.001798922 -0.000614574 0.999998212 6.869459629
0.999996483 -0.000190401 0.002653901 0.358792424 0.000193385 0.999999344 -0.001124032 -0.933353305 -0.002653685 0.001124542 0.999995768 9.166959763
0.999987721 0.001549181 0.004720781 0.450516343 -0.001550194 0.999998748 0.000210931 -1.168931007 -0.004720448 -0.000218247 0.999988794 11.473668098
0.999969184 0.003620892 0.006969860 0.553056240 -0.003631523 0.999992251 0.001513235 -1.400243044 -0.006964327 -0.001538500 0.999974549 13.757820129
0.999948621 0.003542555 0.009490115 0.656594157 -0.003583018 0.999984562 0.004250081 -1.629441857 -0.009474913 -0.004283866 0.999945998 16.030385971
0.999943733 0.003379243 0.010054062 0.758451045 -0.003433267 0.999979734 0.005360994 -1.857396007 -0.010035743 -0.005395211 0.999935091 18.332387924
0.999933958 0.002589763 0.011200039 0.869249523 -0.002652643 0.999980688 0.005603110 -2.079978466 -0.011185314 -0.005632450 0.999921620 20.605403900
0.999931514 -0.000131782 0.011703858 0.989599109 0.000091867 0.999994099 0.003410908 -2.313294411 -0.011704239 -0.003409600 0.999925673 22.924983978
0.999919116 -0.002403605 0.012485898 1.096356034 0.002380449 0.999995351 0.001869144 -2.537494183 -0.012490332 -0.001839271 0.999920309 25.207302094
0.999917448 -0.002935774 0.012509202 1.225451112 0.002922853 0.999995172 0.001051139 -2.779668570 -0.012512227 -0.001014490 0.999921143 27.514369965
0.999896586 -0.002621169 0.014134693 1.322582960 0.002622177 0.999996603 -0.000052858 -3.002710819 -0.014134508 0.000089916 0.999900103 29.800270081
0.999900758 -0.000407144 0.014080028 1.452917814 0.000365826 0.999995768 0.002937007 -3.231771231 -0.014081162 -0.002931565 0.999896526 32.047187805
0.999904156 0.001636478 0.013747761 1.586827517 -0.001709545 0.999984443 0.005304774 -3.451501369 -0.013738867 -0.005327769 0.999891400 34.329082489
0.999874592 0.003613068 0.015418631 1.704832554 -0.003751274 0.999952972 0.008944031 -3.676154852 -0.015385589 -0.009000749 0.999841213 36.625297546
0.999864817 0.005521514 0.015484014 1.828577161 -0.005652823 0.999948323 0.008449444 -3.891762257 -0.015436558 -0.008535830 0.999844432 38.897235870
0.999833584 0.004590945 0.017656200 1.942691088 -0.004720976 0.999961972 0.007329912 -4.100435734 -0.017621882 -0.007412044 0.999817252 41.186683655
0.999845922 0.002018374 0.017433951 2.070720911 -0.002136227 0.999974966 0.006744017 -4.326601982 -0.017419908 -0.006780220 0.999825299 43.462871552
0.999840617 0.001918612 0.017750487 2.194297075 -0.002008654 0.999985158 0.005056195 -4.547194958 -0.017740523 -0.005091044 0.999829650 45.729427338
0.999842584 0.001004706 0.017719805 2.321629524 -0.001079675 0.999990523 0.004221743 -4.775382519 -0.017715394 -0.004240210 0.999834061 48.003582001
0.999841094 -0.000095107 0.017834103 2.454414845 0.000013150 0.999989450 0.004595545 -5.000360489 -0.017834358 -0.004594580 0.999830425 50.280765533
0.999820054 -0.000610620 0.018956343 2.579472065 0.000519063 0.999988198 0.004834444 -5.219354630 -0.018959070 -0.004823735 0.999808609 52.547435760
0.999815881 -0.001793367 0.019103955 2.714387178 0.001699742 0.999986470 0.004915937 -5.447306156 -0.019112516 -0.004882560 0.999805391 54.829547882
0.999781966 -0.001987049 0.020782363 2.834207535 0.001879220 0.999984801 0.005206696 -5.673790932 -0.020792389 -0.005166508 0.999770463 57.120193481
0.999766052 -0.003398174 0.021360410 2.970838070 0.003277448 0.999978483 0.005684393 -5.894511700 -0.021379266 -0.005613056 0.999755681 59.388504028
0.999726593 -0.004745429 0.022891933 3.095678568 0.004631127 0.999976516 0.005043578 -6.116383553 -0.022915330 -0.004936183 0.999725223 61.658824921
0.999707222 -0.005396704 0.023587951 3.242258310 0.005285811 0.999974608 0.004761054 -6.337277412 -0.023613051 -0.004634979 0.999710381 63.913089752
0.999675989 -0.004898696 0.024978841 3.381681919 0.004768877 0.999974847 0.005254025 -6.556794167 -0.025003949 -0.005133200 0.999674201 66.182540894
0.999653637 -0.003863317 0.026037885 3.527938843 0.003717711 0.999977112 0.005638165 -6.782639503 -0.026059078 -0.005539411 0.999644995 68.437072754
0.999609411 -0.004115247 0.027642511 3.662433624 0.003965628 0.999977350 0.005465256 -7.007072449 -0.027664371 -0.005353500 0.999602914 70.688453674
0.999599993 -0.005012439 0.027833145 3.825417042 0.004898753 0.999979496 0.004151233 -7.229611874 -0.027853383 -0.004013225 0.999603987 72.940513611
0.999593735 -0.005945385 0.027875459 3.989469290 0.005818891 0.999972522 0.004616733 -7.455038548 -0.027902137 -0.004452654 0.999600768 75.218910217
0.999555171 -0.007135556 0.028959597 4.151711941 0.007026675 0.999967873 0.003859776 -7.681988716 -0.028986208 -0.003654569 0.999573112 77.486145020
0.999547958 -0.008208175 0.028923096 4.309240341 0.008106227 0.999960482 0.003640333 -7.905437469 -0.028951833 -0.003404230 0.999575019 79.707168579
0.999516189 -0.008630194 0.029883182 4.454472065 0.008526175 0.999957144 0.003606497 -8.124994278 -0.029913027 -0.003349962 0.999546885 81.961883545
0.999512672 -0.007877614 0.030208984 4.630584717 0.007774650 0.999963582 0.003524391 -8.357050896 -0.030235652 -0.003287809 0.999537408 84.232536316
0.999471366 -0.007579024 0.031614255 4.787466049 0.007465878 0.999965310 0.003695472 -8.571117401 -0.031641159 -0.003457490 0.999493301 86.484596252
0.999462724 -0.007426661 0.031921018 4.946746826 0.007267512 0.999960542 0.005098825 -8.804815292 -0.031957626 -0.004864099 0.999477386 88.756484985
0.999432802 -0.006409373 0.033058304 5.101851463 0.006222412 0.999963999 0.005755285 -9.030598640 -0.033094000 -0.005546319 0.999436855 91.006248474
0.999413252 -0.006420197 0.033644911 5.269574165 0.006235057 0.999964833 0.005604799 -9.250363350 -0.033679705 -0.005391733 0.999418139 93.262626648
0.999394536 -0.006628900 0.034154937 5.436565399 0.006456987 0.999965966 0.005141151 -9.468509674 -0.034187853 -0.004917500 0.999403298 95.523475647
0.999369025 -0.007006885 0.034817766 5.602702141 0.006824870 0.999962449 0.005343746 -9.687906265 -0.034853905 -0.005102748 0.999379396 97.780982971
0.999327838 -0.006599755 0.036059771 5.758520126 0.006419869 0.999966383 0.005102095 -9.921783447 -0.036092225 -0.004867167 0.999336541 100.020538330
0.999250472 -0.006629940 0.038138047 5.906203747 0.006397005 0.999960124 0.006226479 -10.136675835 -0.038177803 -0.005977843 0.999253035 102.242767334
0.999254823 -0.007129196 0.037932955 6.106850624 0.006905514 0.999958038 0.006024501 -10.356444359 -0.037974309 -0.005758065 0.999262154 104.501785278
0.999222577 -0.007852965 0.038633849 6.280238152 0.007588188 0.999946654 0.006995395 -10.573744774 -0.038686726 -0.006696795 0.999228954 106.728073120
0.999188423 -0.009255872 0.039202537 6.459748268 0.008978358 0.999933362 0.007249116 -10.788187027 -0.039267026 -0.006891259 0.999204934 108.967422485
0.999151766 -0.010357174 0.039855592 6.639857292 0.010020691 0.999912441 0.008633158 -11.015854836 -0.039941531 -0.008226453 0.999168098 111.209098816
0.999132693 -0.010885066 0.040191200 6.826553345 0.010606531 0.999918282 0.007137006 -11.230725288 -0.040265601 -0.006704528 0.999166489 113.468666077
0.999088049 -0.011660380 0.041073736 7.005716324 0.011416001 0.999915659 0.006179343 -11.444664001 -0.041142333 -0.005704809 0.999137104 115.715347290
0.999056280 -0.011743864 0.041815653 7.185308456 0.011475394 0.999912024 0.006654582 -11.667149544 -0.041890115 -0.006168451 0.999103189 117.950141907
0.999006212 -0.011925887 0.042944118 7.371247768 0.011614508 0.999904454 0.007493046 -11.882248878 -0.043029368 -0.006986825 0.999049485 120.193489075
0.998989820 -0.012627350 0.043126807 7.572247028 0.012277636 0.999889612 0.008364258 -12.105900764 -0.043227669 -0.007826313 0.999034584 122.399055481
0.998940110 -0.013376028 0.044041730 7.764116287 0.013037721 0.999883235 0.007959897 -12.326038361 -0.044143066 -0.007377258 0.998997986 124.671836853
0.998893619 -0.014286958 0.044803794 7.945339680 0.013986276 0.999877572 0.007017465 -12.543094635 -0.044898573 -0.006383062 0.998971105 126.936408997
0.998879969 -0.015715549 0.044629332 8.134539604 0.015395517 0.999853313 0.007505572 -12.756411552 -0.044740725 -0.006810073 0.998975515 129.196868896
0.998902917 -0.016907407 0.043668453 8.325704575 0.016585039 0.999832511 0.007733996 -12.969424248 -0.043791905 -0.007001269 0.999016166 131.447540283
0.998955429 -0.017296210 0.042292371 8.520674706 0.016940994 0.999818265 0.008743146 -13.179811478 -0.042435896 -0.008017539 0.999067128 133.683410645
0.999012828 -0.018095938 0.040570125 8.709313393 0.017759141 0.999804914 0.008646752 -13.397277832 -0.040718682 -0.007917729 0.999139249 135.919830322
0.999080420 -0.018724274 0.038571049 8.915252686 0.018421920 0.999796867 0.008179436 -13.606261253 -0.038716368 -0.007461363 0.999222338 138.143844604
0.999068379 -0.019848401 0.038320500 9.088682175 0.019564122 0.999778330 0.007779161 -13.815568924 -0.038466413 -0.007022209 0.999235213 140.431152344
0.999049067 -0.019970788 0.038760163 9.249559402 0.019657966 0.999771237 0.008435094 -14.024734497 -0.038919751 -0.007665124 0.999212921 142.663650513
0.999106348 -0.019678026 0.037407640 9.456850052 0.019332636 0.999767303 0.009572679 -14.248185158 -0.037587307 -0.008840935 0.999254227 144.888031006
0.999116063 -0.018634787 0.037679482 9.628406525 0.018325523 0.999795616 0.008536533 -14.460511208 -0.037830859 -0.007838491 0.999253392 147.135910034
0.999140739 -0.017462621 0.037587434 9.806291580 0.017215425 0.999828041 0.006890110 -14.670599937 -0.037701298 -0.006237105 0.999269605 149.372756958
0.999148607 -0.016141426 0.037966784 9.980503082 0.015926857 0.999855459 0.005947215 -14.888186455 -0.038057294 -0.005337459 0.999261320 151.612060547
0.999157012 -0.015350301 0.038072638 10.164864540 0.015125943 0.999866486 0.006174020 -15.105322838 -0.038162325 -0.005592931 0.999255896 153.844238281
0.999142408 -0.014760853 0.038686618 10.345411301 0.014523758 0.999873996 0.006402537 -15.317534447 -0.038776249 -0.005835171 0.999230862 156.090393066
0.999139309 -0.013279196 0.039297767 10.511102676 0.012976324 0.999884188 0.007952231 -15.534615517 -0.039398812 -0.007435447 0.999195874 158.321884155
0.999083936 -0.012498209 0.040928472 10.686063766 0.012130623 0.999883950 0.009217236 -15.750841141 -0.041038908 -0.008712305 0.999119520 160.556533813
0.999055386 -0.011238106 0.041976709 10.855121613 0.010781695 0.999880373 0.011083584 -15.970726967 -0.042096257 -0.010620537 0.999057114 162.826858521
0.999026358 -0.010876389 0.042754892 11.036163330 0.010445032 0.999892414 0.010299510 -16.171062469 -0.042862311 -0.009842906 0.999032497 165.078308105
0.998978019 -0.010180688 0.044034712 11.224490166 0.009777744 0.999908388 0.009356352 -16.383092880 -0.044125933 -0.008916229 0.998986125 167.306365967
0.998936415 -0.007956306 0.045417942 11.416960716 0.007531903 0.999926448 0.009507873 -16.599533081 -0.045490257 -0.009155677 0.998922825 169.532760620
0.998817444 -0.007183482 0.048083417 11.604694366 0.006729550 0.999931335 0.009595759 -16.807720184 -0.048149038 -0.009260835 0.998797178 171.767181396
0.998697281 -0.007303858 0.050501723 11.801977158 0.006827197 0.999930561 0.009604595 -17.021097183 -0.050568361 -0.009247298 0.998677731 174.013885498
0.998622179 -0.007246437 0.051973112 12.005953789 0.006714883 0.999923408 0.010394797 -17.237350464 -0.052044459 -0.010031479 0.998594403 176.246002197
0.998593569 -0.007649985 0.052461106 12.210676193 0.007063319 0.999910474 0.011359185 -17.443195343 -0.052543316 -0.010972661 0.998558342 178.467636108
0.998570204 -0.009664468 0.052575152 12.412221909 0.009114710 0.999901354 0.010686346 -17.648025513 -0.052673247 -0.010191860 0.998559773 180.699218750
0.998537958 -0.010485413 0.053027209 12.610209465 0.009959440 0.999898732 0.010173454 -17.851474762 -0.053128511 -0.009630459 0.998541296 182.943374634
0.998605192 -0.012104869 0.051391538 12.826572418 0.011573394 0.999876559 0.010626762 -18.077627182 -0.051513828 -0.010017166 0.998622060 185.137237549
0.998615503 -0.014015924 0.050701201 13.032629013 0.013453233 0.999844193 0.011422539 -18.285556793 -0.050853394 -0.010724628 0.998648524 187.376647949
0.998643696 -0.014834357 0.049906366 13.240159988 0.014321667 0.999841094 0.010615007 -18.484016418 -0.050055899 -0.009885867 0.998697460 189.613265991
0.998598099 -0.016048510 0.050440885 13.429988861 0.015523511 0.999821365 0.010782817 -18.704132080 -0.050604928 -0.009984680 0.998668849 191.844909668
0.998565257 -0.017712481 0.050536383 13.623199463 0.017218936 0.999799848 0.010184940 -18.912002563 -0.050706673 -0.009300144 0.998670220 194.082702637
0.998581529 -0.017433692 0.050308116 13.827742577 0.016925231 0.999801397 0.010515336 -19.121164322 -0.050481446 -0.009648943 0.998678386 196.322494507
0.998593986 -0.015234181 0.050775688 14.028139114 0.014726137 0.999837816 0.010364811 -19.324644089 -0.050925355 -0.009602507 0.998656273 198.555862427
0.998602748 -0.013256258 0.051153183 14.224567413 0.012743206 0.999865234 0.010342880 -19.539066315 -0.051283404 -0.009676572 0.998637199 200.781478882
0.998577654 -0.012929368 0.051722538 14.434311867 0.012457716 0.999877870 0.009430890 -19.746662140 -0.051838167 -0.008773134 0.998616874 203.039489746
0.998529971 -0.013210814 0.052567061 14.629710197 0.012694432 0.999868035 0.010145057 -19.951976776 -0.052694134 -0.009462835 0.998565793 205.264862061
0.998525143 -0.014625650 0.052284215 14.857830048 0.014094996 0.999845505 0.010503772 -20.174562454 -0.052429758 -0.009751334 0.998576999 207.496444702
0.998464167 -0.014078264 0.053582557 15.059757233 0.013520431 0.999850750 0.010758998 -20.372669220 -0.053726021 -0.010018010 0.998505473 209.741973877
0.998381853 -0.014515222 0.054980803 15.273025513 0.013845886 0.999825537 0.012535433 -20.607101440 -0.055153172 -0.011753892 0.998408735 211.971450806
0.998321652 -0.013092780 0.056411758 15.506265640 0.012405392 0.999844611 0.012518179 -20.807943344 -0.056566894 -0.011797360 0.998329163 214.205947876
0.998120666 -0.011799953 0.060134381 15.680597305 0.011050235 0.999857128 0.012784757 -21.006433487 -0.060276661 -0.012096229 0.998108387 216.419906616
0.998001575 -0.011831001 0.062071297 15.906696320 0.011037544 0.999853134 0.013110367 -21.208599091 -0.062217273 -0.012399052 0.997985721 218.648315430
0.997855008 -0.012994966 0.064159140 16.133945465 0.012151201 0.999834716 0.013523848 -21.405635834 -0.064324267 -0.012715231 0.997848034 220.881790161
0.997757614 -0.014855114 0.065261386 16.368488312 0.013948016 0.999799967 0.014333147 -21.604747772 -0.065461278 -0.013390739 0.997765183 223.116058350
0.997691989 -0.017125020 0.065706998 16.617547989 0.016258115 0.999773979 0.013705617 -21.810312271 -0.065926835 -0.012605715 0.997744858 225.343414307
0.997668982 -0.018459395 0.065695331 16.858213425 0.017615525 0.999755025 0.013401399 -22.006927490 -0.065926619 -0.012212906 0.997749746 227.585052490
0.997624278 -0.018746110 0.066289306 17.094387054 0.017879717 0.999747097 0.013639087 -22.208160400 -0.066528216 -0.012421451 0.997707248 229.820373535
0.997569680 -0.019947888 0.066759586 17.335285187 0.019139659 0.999735832 0.012724395 -22.411167145 -0.066995770 -0.011415714 0.997687936 232.064559937
0.997518957 -0.020804111 0.067254424 17.574359894 0.019920830 0.999706566 0.013777633 -22.608371735 -0.067521311 -0.012403685 0.997640729 234.302597046
0.997514665 -0.019981246 0.067565881 17.841150284 0.019053001 0.999715328 0.014355110 -22.815900803 -0.067833498 -0.013032100 0.997611463 236.554122925
0.997471809 -0.019953089 0.068204552 18.077236176 0.019038200 0.999720216 0.014037762 -23.007133484 -0.068465568 -0.012703780 0.997572601 238.773986816
0.997438014 -0.020092718 0.068656437 18.320915222 0.019138293 0.999711215 0.014531142 -23.209022522 -0.068928584 -0.013179947 0.997534513 240.996368408
0.997381449 -0.020476604 0.069361351 18.559617996 0.019506330 0.999702573 0.014637315 -23.405029297 -0.069640450 -0.013246000 0.997484207 243.234100342
0.997346282 -0.020985194 0.069713607 18.805059433 0.020072699 0.999703765 0.013764158 -23.605319977 -0.069981791 -0.012328292 0.997472048 245.458480835
0.997373223 -0.020684743 0.069417343 19.063365936 0.019807482 0.999715328 0.013302131 -23.811408997 -0.069672734 -0.011892209 0.997498930 247.693771362
0.997341096 -0.021335481 0.069680713 19.317098618 0.020401038 0.999692440 0.014094648 -24.019737244 -0.069959998 -0.012635611 0.997469783 249.934051514
0.997303545 -0.022924339 0.069714494 19.569437027 0.021979233 0.999656379 0.014293884 -24.223983765 -0.070018202 -0.012723070 0.997464597 252.165832520
0.997289479 -0.022959115 0.069904149 19.823162079 0.021961845 0.999646187 0.015001608 -24.424583435 -0.070223868 -0.013425720 0.997440875 254.420440674
0.997243226 -0.023737350 0.070303790 20.057800293 0.022704830 0.999622881 0.015449540 -24.624082565 -0.070643991 -0.013810713 0.997406006 256.638641357
0.997238755 -0.024412159 0.070134930 20.328947067 0.023331393 0.999596715 0.016187957 -24.839344025 -0.070501842 -0.014506912 0.997406185 258.913726807
0.997211099 -0.024231231 0.070589401 20.581129074 0.023166602 0.999605775 0.015861928 -25.035762787 -0.070945926 -0.014182374 0.997379363 261.158233643
0.997187197 -0.024267869 0.070913903 20.840986252 0.023228725 0.999610841 0.015441803 -25.231533051 -0.071261048 -0.013751128 0.997363031 263.415039062
0.997165799 -0.023491643 0.071473636 21.098188400 0.022481095 0.999635994 0.014910582 -25.428325653 -0.071797878 -0.013261514 0.997331142 265.654266357
0.997111440 -0.022851678 0.072432771 21.353105545 0.021820381 0.999649405 0.014997514 -25.622100830 -0.072750099 -0.013373683 0.997260511 267.897338867
0.996982038 -0.022603394 0.074268751 21.601955414 0.021559982 0.999657631 0.014821043 -25.829845428 -0.074578337 -0.013175081 0.997128129 270.152740479
0.996885240 -0.023465039 0.075295113 21.869873047 0.022376062 0.999632895 0.015274050 -26.030502319 -0.075625882 -0.013541663 0.997044265 272.393737793
0.996701121 -0.023505440 0.077681035 22.115364075 0.022326212 0.999622583 0.016014267 -26.226213455 -0.078028135 -0.014227115 0.996849597 274.645233154
0.996588945 -0.023489032 0.079111673 22.386968613 0.022216722 0.999609888 0.016924577 -26.410102844 -0.079478353 -0.015109247 0.996722043 276.886810303
0.996502578 -0.022734148 0.080409959 22.660030365 0.021251658 0.999588907 0.019244721 -26.626976013 -0.080814421 -0.017468570 0.996576011 279.131103516
0.996431112 -0.022572121 0.081335448 22.943786621 0.020984696 0.999573290 0.020319378 -26.820243835 -0.081759386 -0.018540062 0.996479690 281.369415283
0.996351361 -0.021809902 0.082513593 23.220548630 0.020212822 0.999592900 0.020141577 -27.003582001 -0.082919277 -0.018400257 0.996386349 283.637207031
0.996237338 -0.020810792 0.084131584 23.484170914 0.019242117 0.999626458 0.019413680 -27.184070587 -0.084504172 -0.017721765 0.996265531 285.866119385
0.996250987 -0.020015784 0.084162772 23.773702621 0.018532787 0.999659538 0.018365219 -27.365821838 -0.084501714 -0.016736597 0.996282697 288.118469238
0.996188521 -0.020805879 0.084708922 24.045331955 0.019287335 0.999638975 0.018705798 -27.560337067 -0.085067526 -0.017000696 0.996230185 290.346191406
0.996096194 -0.020881517 0.085768856 24.303224564 0.019411797 0.999650657 0.017934300 -27.747987747 -0.086113401 -0.016199356 0.996153593 292.592742920
0.996103466 -0.021495847 0.085532166 24.585594177 0.020107972 0.999652267 0.017055020 -27.934877396 -0.085869022 -0.015268687 0.996189356 294.822998047
0.996075809 -0.021567235 0.085835919 24.863193512 0.020187931 0.999653280 0.016904885 -28.124809265 -0.086170733 -0.015105698 0.996165872 297.054840088
0.996074855 -0.020830866 0.086028375 25.143875122 0.019435156 0.999666095 0.017029678 -28.313453674 -0.086354390 -0.015290859 0.996147156 299.294036865
0.995998323 -0.020662852 0.086950213 25.408756256 0.019152299 0.999651372 0.018171247 -28.512638092 -0.087295383 -0.016433239 0.996046841 301.528656006
0.996003211 -0.021354968 0.086727232 25.699817657 0.019848641 0.999637365 0.018193970 -28.699399948 -0.087084316 -0.016399832 0.996065974 303.775085449
0.995956898 -0.020899070 0.087367408 25.985008240 0.019368079 0.999644220 0.018334828 -28.886425018 -0.087719515 -0.016568558 0.996007442 306.016021729
0.995954812 -0.021510143 0.087241977 26.272924423 0.019988062 0.999632895 0.018282911 -29.084947586 -0.087603219 -0.016465155 0.996019304 308.260131836
0.995905221 -0.022469744 0.087566368 26.557849884 0.020900453 0.999604821 0.018797113 -29.275770187 -0.087954134 -0.016889965 0.995981336 310.520355225
0.995847881 -0.022145847 0.088297285 26.840877533 0.020614080 0.999621451 0.018222218 -29.468929291 -0.088667393 -0.016326390 0.995927393 312.761047363
0.995879769 -0.021799609 0.088023700 27.139591217 0.020211691 0.999617219 0.018890906 -29.661991119 -0.088401824 -0.017033970 0.995939195 315.018371582
0.995820999 -0.020200200 0.089064211 27.426635742 0.018666333 0.999663353 0.018021524 -29.851205826 -0.089398280 -0.016283708 0.995862842 317.260681152
0.995830894 -0.018296145 0.089364290 27.712814331 0.016709462 0.999689758 0.018471234 -30.041137695 -0.089674503 -0.016900998 0.995827854 319.502471924
0.995770514 -0.017343581 0.090223685 27.996950150 0.015803138 0.999717355 0.017760132 -30.231849670 -0.090506196 -0.016259197 0.995763183 321.743988037
0.995733082 -0.017319685 0.090640187 28.283304214 0.015705168 0.999705553 0.018495427 -30.420936584 -0.090933822 -0.016992992 0.995711923 323.971801758
0.995728016 -0.016741063 0.090803914 28.578344345 0.014992500 0.999689460 0.019904515 -30.619859695 -0.091108941 -0.018458106 0.995669842 326.199829102
0.995671690 -0.017221408 0.091330543 28.858282089 0.015483225 0.999686062 0.019706326 -30.811203003 -0.091641225 -0.018206941 0.995625615 328.439544678
0.995661378 -0.018605879 0.091171630 29.157861710 0.016928213 0.999673486 0.019140126 -30.999980927 -0.091497980 -0.017513707 0.995651245 330.670501709
0.995651543 -0.018026870 0.091394715 29.446403503 0.016354376 0.999685407 0.019015698 -31.189285278 -0.091708750 -0.017438307 0.995633125 332.892303467
0.995608628 -0.018420761 0.091783389 29.735288620 0.016646661 0.999660254 0.020057531 -31.374011993 -0.092121653 -0.018441565 0.995577097 335.123535156
0.995639086 -0.018729776 0.091389582 30.037178040 0.016975503 0.999657154 0.019935306 -31.557868958 -0.091731600 -0.018296991 0.995615661 337.357574463
0.995611310 -0.018231405 0.091791153 30.319742203 0.016424241 0.999656975 0.020404857 -31.751247406 -0.092131667 -0.018807711 0.995569110 339.597045898
0.995612681 -0.018435610 0.091735937 30.615798950 0.016674064 0.999662220 0.019931944 -31.938207626 -0.092072397 -0.018314887 0.995583892 341.843841553
0.995611131 -0.018685730 0.091703340 30.909492493 0.016870901 0.999646902 0.020525765 -32.124458313 -0.092054494 -0.018888563 0.995574832 344.090148926
0.995651960 -0.018345125 0.091326840 31.202968597 0.016526880 0.999650657 0.020625876 -32.308471680 -0.091673315 -0.019026846 0.995607316 346.326538086
0.995657802 -0.018052517 0.091320753 31.491241455 0.016250830 0.999659121 0.020434497 -32.492115021 -0.091658518 -0.018861732 0.995611787 348.566497803
0.995618105 -0.017471259 0.091866001 31.779006958 0.015597964 0.999656260 0.021070225 -32.682338715 -0.092202544 -0.019544974 0.995548368 350.807189941
0.995669842 -0.017658109 0.091267608 32.078830719 0.015774768 0.999648333 0.021315794 -32.864456177 -0.091611899 -0.019783767 0.995598197 353.027587891
0.995690584 -0.017325733 0.091105059 32.370475769 0.015496718 0.999664664 0.020745153 -33.050212860 -0.091433905 -0.019243920 0.995625198 355.275939941
0.995708287 -0.017453451 0.090886801 32.662960052 0.015593881 0.999655247 0.021130418 -33.233940125 -0.091224268 -0.019622456 0.995637000 357.508666992
0.995787919 -0.016989190 0.090098813 32.962173462 0.015035007 0.999637663 0.022323923 -33.425834656 -0.090445437 -0.020875258 0.995682597 359.749908447
0.995851755 -0.017222706 0.089345805 33.261966705 0.015271774 0.999630690 0.022473598 -33.613372803 -0.089699879 -0.021015901 0.995747030 361.996520996
0.995896935 -0.017037600 0.088876478 33.557357788 0.015060593 0.999625027 0.022867858 -33.795135498 -0.089232765 -0.021435497 0.995780110 364.235534668
0.995936573 -0.016924087 0.088452093 33.848316193 0.015012911 0.999640226 0.022227695 -33.977756500 -0.088796444 -0.020809449 0.995832384 366.479766846
0.995956063 -0.017707486 0.088079587 34.131614685 0.015816920 0.999630272 0.022116158 -34.162044525 -0.088438667 -0.020633575 0.995867848 368.721801758
0.995941579 -0.017545659 0.088274784 34.414482117 0.015759030 0.999657333 0.020895850 -34.335556030 -0.088611163 -0.019419918 0.995877028 370.988830566
0.995988190 -0.018201958 0.087613530 34.701782227 0.016358711 0.999630392 0.021710712 -34.534160614 -0.087976329 -0.020190369 0.995917857 373.207244873
0.996029675 -0.017915681 0.087200411 34.992130280 0.016016060 0.999619901 0.022435715 -34.711158752 -0.087569214 -0.020950032 0.995938241 375.461517334
0.996012449 -0.018416405 0.087293066 35.272808075 0.016499346 0.999607801 0.022632087 -34.890224457 -0.087675609 -0.021101564 0.995925546 377.708770752
0.996016204 -0.018885918 0.087149478 35.559505463 0.016944578 0.999592662 0.022962267 -35.074867249 -0.087547645 -0.021394076 0.995930552 379.945983887
0.996025980 -0.019175641 0.086974390 35.853698730 0.017252767 0.999591112 0.022806589 -35.249492645 -0.087376148 -0.021215411 0.995949447 382.196868896
0.996017396 -0.018428333 0.087233759 36.140384674 0.016464602 0.999595761 0.023177419 -35.433971405 -0.087625630 -0.021648848 0.995918214 384.441040039
0.996031821 -0.017870257 0.087185003 36.429943085 0.015908413 0.999605536 0.023145325 -35.608898163 -0.087564215 -0.021666504 0.995923162 386.702178955
0.996053517 -0.016581833 0.087191753 36.724624634 0.014608631 0.999623656 0.023220215 -35.799804688 -0.087543972 -0.021854829 0.995920897 388.969909668
0.996046484 -0.015459453 0.087478220 37.007884979 0.013493150 0.999643981 0.023024503 -35.980201721 -0.087803029 -0.021753117 0.995900273 391.247253418
0.996086419 -0.014181875 0.087238878 37.299999237 0.012085958 0.999626577 0.024506498 -36.160945892 -0.087553859 -0.023356227 0.995885968 393.507476807
0.996000230 -0.012813846 0.088426791 37.571811676 0.010658548 0.999635518 0.024803102 -36.338668823 -0.088712379 -0.023761392 0.995773852 395.774017334
0.995931864 -0.012530612 0.089233942 37.858062744 0.010479884 0.999671042 0.023412995 -36.526515961 -0.089497939 -0.022382589 0.995735466 398.040618896
0.995885015 -0.012464959 0.089764304 38.145614624 0.010455732 0.999684930 0.022818943 -36.707962036 -0.090020463 -0.021786494 0.995701611 400.305999756
0.995736003 -0.013614235 0.091238253 38.420551300 0.011471714 0.999646902 0.023966156 -36.887062073 -0.091532327 -0.022817306 0.995540619 402.544494629
0.995768487 -0.014748887 0.090705842 38.732494354 0.012543531 0.999612868 0.024835490 -37.065155029 -0.091037028 -0.023592625 0.995568097 404.833465576
0.995739698 -0.015260080 0.090937711 39.025409698 0.013063936 0.999609590 0.024696492 -37.242626190 -0.091279097 -0.023403278 0.995550334 407.084289551
0.995703161 -0.014007184 0.091538295 39.331989288 0.011879100 0.999647319 0.023751674 -37.415649414 -0.091838703 -0.022562221 0.995518208 409.340209961
0.995662630 -0.013142164 0.092103392 39.634078979 0.010966924 0.999649704 0.024083843 -37.599903107 -0.092387654 -0.022969292 0.995458126 411.593780518
0.995603204 -0.012001827 0.092898637 39.921977997 0.009834981 0.999669611 0.023747632 -37.779495239 -0.093152978 -0.022729563 0.995392323 413.835449219
0.995498776 -0.010645917 0.094174773 40.221157074 0.008436046 0.999680340 0.023832716 -37.957679749 -0.094398402 -0.022930978 0.995270312 416.106597900
0.995466173 -0.011020240 0.094475947 40.531055450 0.008808926 0.999678135 0.023791306 -38.140800476 -0.094707713 -0.022851206 0.995242834 418.361663818
0.995357156 -0.010990488 0.095620722 40.825950623 0.008752723 0.999678671 0.023790564 -38.318981171 -0.095851459 -0.022843162 0.995133519 420.613159180
0.995268583 -0.011014268 0.096535750 41.120025635 0.008764876 0.999680936 0.023694292 -38.502304077 -0.096765898 -0.022736058 0.995047569 422.864349365
0.995203137 -0.011511623 0.097149737 41.427894592 0.009150650 0.999652684 0.024713065 -38.679847717 -0.097400494 -0.023705535 0.994962931 425.135742188
0.995172262 -0.010922622 0.097533703 41.733108521 0.008478101 0.999640346 0.025442714 -38.858222961 -0.097776532 -0.024492979 0.994906962 427.388153076
0.995098412 -0.010028557 0.098379396 42.044624329 0.007493689 0.999631166 0.026102001 -39.033523560 -0.098604873 -0.025236834 0.994806588 429.662109375
0.995108426 -0.010604694 0.098218970 42.361087799 0.008064218 0.999623477 0.026226394 -39.214843750 -0.098460130 -0.025306044 0.994819164 431.926239014
0.995071948 -0.011078597 0.098534688 42.677505493 0.008579538 0.999631584 0.025749896 -39.398696899 -0.098783657 -0.024777614 0.994800329 434.192169189
0.995084584 -0.010448900 0.098475985 42.996738434 0.007930771 0.999632359 0.025927862 -39.564754486 -0.098710686 -0.025019422 0.994801581 436.460937500
0.995033562 -0.010841074 0.098949246 43.309486389 0.008279159 0.999620676 0.026265234 -39.743412018 -0.099196471 -0.025315568 0.994745791 438.745391846
0.995072544 -0.011010566 0.098536387 43.631042480 0.008439654 0.999614000 0.026469903 -39.916606903 -0.098789789 -0.025507862 0.994781375 441.017608643
0.995020092 -0.010442373 0.099125974 43.939495087 0.007727267 0.999585450 0.027735015 -40.108264923 -0.099374510 -0.026830925 0.994688213 443.266082764
0.994998693 -0.011185762 0.099258780 44.261177063 0.008446853 0.999572992 0.027971113 -40.282554626 -0.099529281 -0.026992794 0.994668365 445.544708252
0.994987786 -0.011154032 0.099372067 44.573871613 0.008449668 0.999583483 0.027593959 -40.458587646 -0.099638470 -0.026615988 0.994667649 447.812133789
0.995003641 -0.010299426 0.099306062 44.895221710 0.007626188 0.999599278 0.027261322 -40.634483337 -0.099547029 -0.026367787 0.994683564 450.079132080
0.994938433 -0.009961327 0.099990815 45.203147888 0.007300215 0.999610424 0.026944257 -40.811668396 -0.100220256 -0.026077928 0.994623482 452.338745117
0.994855464 -0.009230860 0.100882731 45.512546539 0.006542183 0.999615371 0.026949927 -40.976837158 -0.101092711 -0.026151290 0.994533241 454.614013672
0.994807005 -0.009254823 0.101357564 45.819408417 0.006573219 0.999620259 0.026758989 -41.157726288 -0.101566724 -0.025953783 0.994490147 456.877105713
0.994833887 -0.008444595 0.101163693 46.150135040 0.005826834 0.999641120 0.026144102 -41.335464478 -0.101348162 -0.025419569 0.994526327 459.165435791
0.994824886 -0.007080285 0.101356715 46.472446442 0.004411304 0.999638200 0.026532518 -41.508708954 -0.101507880 -0.025948094 0.994496286 461.454650879
0.994844556 -0.006902979 0.101175621 46.788951874 0.004106873 0.999604583 0.027818443 -41.683349609 -0.101327635 -0.027259512 0.994479597 463.725128174
0.994882762 -0.006883143 0.100801222 47.098896027 0.004078493 0.999599516 0.028003277 -41.851032257 -0.100953594 -0.027448863 0.994512320 465.989227295
0.994946361 -0.006806663 0.100176618 47.416656494 0.004137723 0.999631524 0.026826035 -42.020347595 -0.100322306 -0.026275961 0.994607985 468.269714355
0.995039403 -0.007044808 0.099231698 47.745018005 0.004447279 0.999642193 0.026373325 -42.199111938 -0.099382006 -0.025801186 0.994714797 470.563079834
0.995101094 -0.007824235 0.098552585 48.057300568 0.005124839 0.999605536 0.027613828 -42.383041382 -0.098729767 -0.026973484 0.994748652 472.839904785
0.995104015 -0.008035596 0.098505653 48.364086151 0.005299718 0.999593794 0.028004086 -42.559337616 -0.098690674 -0.027344927 0.994742334 475.115417480
0.995162189 -0.007713906 0.097942449 48.674400330 0.005035663 0.999607384 0.027562885 -42.721538544 -0.098116614 -0.026936335 0.994810462 477.396942139
0.995149970 -0.007706027 0.098066442 48.981903076 0.004977798 0.999594569 0.028034529 -42.893047333 -0.098242708 -0.027410408 0.994784892 479.674468994
0.995215476 -0.008174367 0.097361319 49.301391602 0.005403212 0.999573708 0.028692307 -43.066043854 -0.097554356 -0.028028967 0.994835377 481.947509766
0.995233595 -0.008712707 0.097130321 49.602771759 0.006039201 0.999595642 0.027785046 -43.236080170 -0.097333141 -0.027066020 0.994883716 484.231964111
0.995317876 -0.009484936 0.096188933 49.923587799 0.006757505 0.999566913 0.028641148 -43.419914246 -0.096418954 -0.027857047 0.994950950 486.528991699
0.995381236 -0.009831503 0.095495358 50.231811523 0.007136641 0.999567747 0.028520480 -43.584056854 -0.095734484 -0.027707241 0.995021164 488.807647705
0.995412886 -0.009808963 0.095168307 50.525588989 0.007106972 0.999563098 0.028689241 -43.761962891 -0.095408142 -0.027881278 0.995047688 491.079376221
0.995512962 -0.009706660 0.094125912 50.847003937 0.007010544 0.999556661 0.028932201 -43.930881500 -0.094365031 -0.028142504 0.995139837 493.365325928
0.995502532 -0.009289660 0.094277002 51.137924194 0.006631223 0.999572575 0.028472364 -44.098384857 -0.094501205 -0.027719138 0.995138764 495.656616211
0.995554626 -0.009365139 0.093720593 51.454990387 0.006767484 0.999585092 0.027996557 -44.276596069 -0.093943916 -0.027237849 0.995204806 497.963592529
0.995603681 -0.009403561 0.093192041 51.758186340 0.006747880 0.999563277 0.028771125 -44.447196960 -0.093421876 -0.028015792 0.995232284 500.255767822
0.995594025 -0.008699590 0.093364045 52.052921295 0.006014817 0.999561310 0.028998945 -44.620826721 -0.093575351 -0.028309610 0.995209634 502.533874512
0.995647609 -0.007852414 0.092866153 52.359268188 0.005253996 0.999588728 0.028191708 -44.793487549 -0.093049332 -0.027581088 0.995279431 504.825744629
0.995635808 -0.007559399 0.093017362 52.660095215 0.004876607 0.999566436 0.029035430 -44.967815399 -0.093196534 -0.028455103 0.995241165 507.121978760
0.995676517 -0.008038449 0.092540048 52.972404480 0.005453183 0.999588609 0.028155787 -45.143058777 -0.092728302 -0.027529420 0.995310783 509.422363281
0.995706379 -0.008450626 0.092181459 53.278823853 0.005797193 0.999562144 0.029014802 -45.319168091 -0.092386283 -0.028355829 0.995319545 511.720550537
0.995721638 -0.008224352 0.092037812 53.582252502 0.005556310 0.999557853 0.029207326 -45.489219666 -0.092237346 -0.028570974 0.995327055 514.031738281
0.995716214 -0.007508107 0.092155963 53.877719879 0.004874846 0.999574304 0.028765883 -45.656627655 -0.092332721 -0.028193407 0.995328963 516.341979980
0.995694220 -0.006720881 0.092455082 54.167697906 0.004080352 0.999579251 0.028719584 -45.833129883 -0.092609212 -0.028218674 0.995302498 518.633178711
0.995650172 -0.004029805 0.093082681 54.464683533 0.001365030 0.999587834 0.028673986 -46.002120972 -0.093159877 -0.028422199 0.995245337 520.959350586
0.995582104 -0.002063684 0.093871795 54.769855499 -0.000654851 0.999581516 0.028920064 -46.173717499 -0.093892202 -0.028853772 0.995164156 523.284729004
0.995531142 -0.001155195 0.094426684 55.076446533 -0.001673338 0.999552310 0.029870141 -46.334896088 -0.094418921 -0.029894663 0.995083630 525.604003906
0.995470166 -0.001514346 0.095062368 55.377014160 -0.001337528 0.999551117 0.029929139 -46.503997803 -0.095065035 -0.029920712 0.995021284 527.895141602
0.995456934 -0.003477241 0.095149584 55.687088013 0.000505727 0.999511838 0.031236229 -46.673004150 -0.095211759 -0.031046199 0.994972765 530.206176758
0.995391905 -0.004970129 0.095761389 56.003890991 0.002009200 0.999517620 0.030991524 -46.839946747 -0.095869198 -0.030656310 0.994921863 532.531555176
0.995369613 -0.005061992 0.095989488 56.316524506 0.002163006 0.999539077 0.030281110 -47.007385254 -0.096098550 -0.029933268 0.994921565 534.845886230
0.995310545 -0.005228943 0.096589729 56.630630493 0.002346682 0.999549270 0.029929778 -47.174232483 -0.096702695 -0.029562758 0.994874179 537.162841797
0.995228410 -0.004770485 0.097455293 56.935913086 0.001893422 0.999560177 0.029593047 -47.352378845 -0.097553618 -0.029267320 0.994799852 539.470642090
0.995141983 -0.004104633 0.098364428 57.248008728 0.001222077 0.999568522 0.029347215 -47.526760101 -0.098442450 -0.029084435 0.994717598 541.791992188
0.995042086 -0.003526963 0.099392101 57.545917511 0.000747415 0.999608099 0.027988849 -47.690937042 -0.099451840 -0.027775796 0.994654775 544.094543457
0.994905531 -0.003492591 0.100750111 57.850261688 0.000630617 0.999595761 0.028424535 -47.861320496 -0.100808650 -0.028216192 0.994505703 546.427124023
0.994809151 -0.003530426 0.101696901 58.155982971 0.000526167 0.999563098 0.029552985 -48.039909363 -0.101756819 -0.029346075 0.994376361 548.717285156
0.994754016 -0.003755005 0.102226526 58.475723267 0.000709957 0.999555409 0.029807365 -48.213035583 -0.102293015 -0.029578419 0.994314492 551.021667480
0.994800448 -0.004973299 0.101721592 58.809745789 0.002046218 0.999581397 0.028859554 -48.383651733 -0.101822518 -0.028501354 0.994394183 553.334045410
0.994815350 -0.005635235 0.101541616 59.141220093 0.002672944 0.999567628 0.029285643 -48.558822632 -0.101662740 -0.028862394 0.994400084 555.652893066
0.994765222 -0.005387544 0.102044046 59.462734222 0.002375208 0.999558449 0.029618476 -48.729644775 -0.102158576 -0.029221058 0.994338810 557.961120605
0.994740188 -0.004852207 0.102315538 59.790981293 0.001735649 0.999532521 0.030527310 -48.900497437 -0.102415822 -0.030189155 0.994283497 560.296203613
0.994735062 -0.005327080 0.102341570 60.124958038 0.002119317 0.999503791 0.031426888 -49.073341370 -0.102458172 -0.031044532 0.994252741 562.628479004
0.994720936 -0.004854630 0.102501981 60.456264496 0.001593957 0.999490798 0.031868804 -49.235198975 -0.102604501 -0.031537183 0.994222164 564.941467285
0.994667113 -0.003968155 0.103060499 60.790252686 0.000747490 0.999510646 0.031270083 -49.407295227 -0.103134148 -0.031026287 0.994183421 567.269104004
0.994688034 -0.003146045 0.102887318 61.133968353 0.000090795 0.999559283 0.029686311 -49.570545197 -0.102935374 -0.029519282 0.994249880 569.591552734
0.994706988 -0.002824802 0.102713332 61.481773376 -0.000263766 0.999548614 0.030043781 -49.745262146 -0.102751829 -0.029911853 0.994257152 571.911010742
0.994707286 -0.002683638 0.102713719 61.818943024 -0.000519013 0.999514878 0.031140946 -49.925197601 -0.102747448 -0.031029439 0.994223297 574.286682129
0.994696558 -0.002780211 0.102816001 62.155982971 -0.000540837 0.999479413 0.032258924 -50.097846985 -0.102852151 -0.032143444 0.994177163 576.602478027
0.994581461 -0.002268889 0.103935346 62.474784851 -0.000931430 0.999527216 0.030732553 -50.271186829 -0.103955939 -0.030662844 0.994109154 578.991271973
0.994605303 -0.003092390 0.103685454 62.811996460 -0.000040668 0.999543905 0.030201226 -50.432266235 -0.103731558 -0.030042520 0.994151473 581.331298828
0.994582057 -0.003539625 0.103894018 63.145179749 0.000222832 0.999490440 0.031919032 -50.613685608 -0.103954040 -0.031722944 0.994076073 583.638671875
0.994659662 -0.003330356 0.103155814 63.484855652 0.000011155 0.999482691 0.032160457 -50.781684875 -0.103209548 -0.031987555 0.994145155 585.957458496
0.994639993 -0.006413183 0.103199571 63.844970703 0.003264190 0.999524713 0.030653626 -50.956676483 -0.103347123 -0.030152459 0.994188190 588.349182129
0.994654357 -0.006648856 0.103045993 64.180160522 0.003494542 0.999520659 0.030761095 -51.124160767 -0.103201114 -0.030236561 0.994200766 590.689819336
0.994667888 -0.008660249 0.102765821 64.513473511 0.005478566 0.999498069 0.031202486 -51.294170380 -0.102984443 -0.030473102 0.994216084 593.024719238
0.994715154 -0.009371206 0.102244526 64.858314514 0.006175498 0.999483824 0.031527437 -51.465019226 -0.102487199 -0.030729409 0.994259536 595.383666992
