1.000000000 0.000000000 0.000000000 0.000000000 0.000000000 1.000000000 0.000000000 0.000000000 0.000000000 0.000000000 1.000000000 0.000000000
0.999999821 0.000172699 0.000530337 0.087719716 -0.000172620 1.000000000 -0.000148726 -0.225929052 -0.000530362 0.000148634 0.999999821 2.296502352
0.999999106 0.000554244 0.001206130 0.165696263 -0.000554787 0.999999762 0.000450497 -0.465031922 -0.001205880 -0.000451166 0.999999166 4.589724064
0.999998510 0.000121710 0.001725297 0.263492465 -0.000122637 0.999999821 0.000537682 -0.694928825 -0.001725231 -0.000537893 0.999998391 6.882964134
0.999996603 0.000213148 0.002605778 0.356700301 -0.000210442 0.999999464 -0.001038861 -0.929298282 -0.002605998 0.001038309 0.999996006 9.180842400
0.999987543 0.001855654 0.004634439 0.448816717 -0.001856324 0.999998271 0.000140114 -1.163453579 -0.004634171 -0.000148715 0.999989271 11.485677719
0.999963224 0.003920201 0.007628499 0.527581453 -0.003931088 0.999991298 0.001412716 -1.394750357 -0.007622893 -0.001442652 0.999969840 13.803914070
0.999943614 0.003814230 0.009910200 0.636700034 -0.003855649 0.999983966 0.004163766 -1.624578476 -0.009894159 -0.004201742 0.999942243 16.075654984
0.999939024 0.003632074 0.010426442 0.760058224 -0.003684715 0.999980569 0.005034056 -1.853478193 -0.010407955 -0.005072167 0.999932945 18.423974991
0.999928415 0.002904868 0.011609002 0.882087290 -0.002966390 0.999981642 0.005285790 -2.078335524 -0.011593435 -0.005319848 0.999918640 20.714120865
0.999926269 0.000408973 0.012134475 0.997449279 -0.000445034 0.999995410 0.002969239 -2.307789803 -0.012133205 -0.002974421 0.999921978 23.036207199
0.999914646 -0.001870649 0.012929026 1.106807232 0.001856699 0.999997675 0.001090903 -2.529587030 -0.012931039 -0.001066805 0.999915779 25.317470551
0.999916017 -0.002589120 0.012697269 1.249653578 0.002585263 0.999996603 0.000320174 -2.776560307 -0.012698055 -0.000287321 0.999919355 27.639019012
0.999902368 -0.002206149 0.013795717 1.353733778 0.002215312 0.999997318 -0.000648999 -3.001909494 -0.013794249 0.000679498 0.999904573 29.924270630
0.999891222 0.000063927 0.014747973 1.470620871 -0.000089920 0.999998450 0.001761779 -3.231615067 -0.014747838 -0.001762914 0.999889612 32.204792023
0.999888897 0.002125735 0.014757152 1.600861788 -0.002181842 0.999990463 0.003786934 -3.451370001 -0.014748961 -0.003818711 0.999883890 34.486248016
0.999852836 0.004483556 0.016559117 1.711402297 -0.004618722 0.999956250 0.008133432 -3.686468840 -0.016521923 -0.008208715 0.999829948 36.790676117
0.999834836 0.006301837 0.017040227 1.832439542 -0.006432119 0.999950409 0.007601603 -3.903578043 -0.016991477 -0.007709952 0.999825895 39.062934875
0.999801636 0.005316068 0.019199608 1.937282801 -0.005430226 0.999967813 0.005898579 -4.108594418 -0.019167632 -0.006001667 0.999798298 41.361801147
0.999809742 0.002824780 0.019300776 2.064687729 -0.002926011 0.999982059 0.005218695 -4.336577415 -0.019285684 -0.005274176 0.999800146 43.637954712
0.999813378 0.002904607 0.019106779 2.203952312 -0.002979899 0.999987841 0.003913281 -4.558459759 -0.019095181 -0.003969486 0.999809802 45.886466980
0.999809861 0.002269144 0.019368090 2.329892159 -0.002328407 0.999992669 0.003037838 -4.789077282 -0.019361055 -0.003082358 0.999807835 48.163757324
0.999809623 0.000772590 0.019497909 2.465884686 -0.000840428 0.999993563 0.003471278 -5.018010616 -0.019495102 -0.003487003 0.999803901 50.441284180
0.999790430 0.000242486 0.020469381 2.595993519 -0.000321750 0.999992609 0.003869149 -5.241046429 -0.020468293 -0.003874924 0.999782979 52.705070496
0.999785483 -0.001090797 0.020685144 2.732685089 0.001009590 0.999991775 0.003935912 -5.471024036 -0.020689271 -0.003914183 0.999778330 54.985172272
0.999754190 -0.001039012 0.022152916 2.854329586 0.000941760 0.999989867 0.004400028 -5.703965187 -0.022157267 -0.004378083 0.999744833 57.276145935
0.999734759 -0.002356384 0.022914190 2.992336512 0.002240338 0.999984562 0.005088730 -5.928372860 -0.022925830 -0.005036043 0.999724507 59.541328430
0.999695301 -0.003918768 0.024368782 3.122477531 0.003809450 0.999982476 0.004530805 -6.152145386 -0.024386108 -0.004436593 0.999692798 61.810672760
0.999679565 -0.004629432 0.024887072 3.274991035 0.004522932 0.999980330 0.004333960 -6.375397682 -0.024906645 -0.004220009 0.999680996 64.062744141
0.999646723 -0.004127040 0.026256062 3.415239334 0.004000730 0.999980152 0.004861397 -6.596825123 -0.026275605 -0.004754636 0.999643445 66.334487915
0.999624968 -0.003111620 0.027207702 3.564953089 0.002967070 0.999981284 0.005351617 -6.824409962 -0.027223848 -0.005268884 0.999615431 68.597816467
0.999586344 -0.003350186 0.028564634 3.704164028 0.003210220 0.999982536 0.004944442 -7.047343731 -0.028580699 -0.004850699 0.999579668 70.852966309
0.999570549 -0.004068214 0.029019997 3.864183903 0.003961131 0.999985099 0.003746465 -7.272115707 -0.029034810 -0.003629904 0.999571800 73.109664917
0.999558568 -0.005090619 0.029269515 4.025704384 0.004973469 0.999979258 0.004073871 -7.497279644 -0.029289654 -0.003926502 0.999563217 75.389442444
0.999511719 -0.006249199 0.030615957 4.183887482 0.006141380 0.999974608 0.003614407 -7.727776051 -0.030637773 -0.003424618 0.999524713 77.654907227
0.999515831 -0.007142020 0.030281743 4.346463203 0.007049851 0.999970138 0.003149361 -7.953402042 -0.030303333 -0.002934356 0.999536395 79.915687561
0.999485493 -0.007587689 0.031165412 4.495780945 0.007504798 0.999967992 0.002775861 -8.170415878 -0.031185480 -0.002540542 0.999510467 82.170852661
0.999466479 -0.006744969 0.031955082 4.667985439 0.006663069 0.999974251 0.002668790 -8.400056839 -0.031972256 -0.002454447 0.999485731 84.461410522
0.999415934 -0.006528269 0.033545736 4.826234818 0.006424210 0.999974132 0.003208864 -8.619487762 -0.033565816 -0.002991485 0.999432027 86.713821411
0.999412656 -0.006236878 0.033699807 4.998787403 0.006078622 0.999969959 0.004796521 -8.856092453 -0.033728719 -0.004588855 0.999420464 88.999427795
0.999381661 -0.005159638 0.034776200 5.160175800 0.004971007 0.999972403 0.005508431 -9.081609726 -0.034803659 -0.005332153 0.999379873 91.250633240
0.999359548 -0.004918071 0.035444494 5.330492496 0.004729089 0.999974191 0.005413610 -9.301889420 -0.035470203 -0.005242523 0.999356985 93.489028931
0.999335408 -0.005047157 0.036101185 5.496473312 0.004891851 0.999978364 0.004389044 -9.515290260 -0.036122561 -0.004209525 0.999338448 95.715309143
0.999304593 -0.005617890 0.036861897 5.667463303 0.005444793 0.999973655 0.004794502 -9.736702919 -0.036887862 -0.004590462 0.999308884 97.963752747
0.999276400 -0.005440731 0.037644524 5.831606865 0.005284203 0.999976933 0.004256312 -9.966286659 -0.037666816 -0.004054310 0.999282122 100.213073730
0.999203026 -0.005421431 0.039547835 5.983323097 0.005224171 0.999973357 0.005089507 -10.181338310 -0.039574377 -0.004878846 0.999204636 102.442855835
0.999213159 -0.005563163 0.039269954 6.187447548 0.005357411 0.999971390 0.005342726 -10.409360886 -0.039298553 -0.005128136 0.999214351 104.710029602
0.999176860 -0.006351217 0.040068928 6.364041328 0.006119767 0.999963820 0.005896360 -10.623844147 -0.040104922 -0.005646293 0.999179661 106.945922852
0.999156713 -0.007814375 0.040308662 6.550775528 0.007577009 0.999953091 0.006038118 -10.840652466 -0.040353954 -0.005727607 0.999169052 109.200309753
0.999117374 -0.008733981 0.041088272 6.731355190 0.008446512 0.999938667 0.007164792 -11.069212914 -0.041148327 -0.006811415 0.999129772 111.455444336
0.999095738 -0.009498531 0.041442167 6.922664165 0.009273523 0.999941230 0.005618308 -11.288364410 -0.041493095 -0.005228913 0.999125123 113.726844788
0.999045849 -0.009846043 0.042549010 7.104263306 0.009647479 0.999941587 0.004869506 -11.509818077 -0.042594466 -0.004454369 0.999082625 115.980606079
0.999009788 -0.010046593 0.043340053 7.286006927 0.009822687 0.999937236 0.005376139 -11.736433029 -0.043391332 -0.004945099 0.999045849 118.231704712
0.998959363 -0.010332590 0.044422816 7.474236488 0.010059337 0.999929130 0.006370347 -11.963254929 -0.044485487 -0.005916854 0.998992443 120.494178772
0.998961270 -0.011037156 0.044211317 7.683329105 0.010724781 0.999915898 0.007296511 -12.192726135 -0.044288129 -0.006814775 0.998995602 122.703742981
0.998889983 -0.012044065 0.045538273 7.873934746 0.011780879 0.999912262 0.006043413 -12.406573296 -0.045607068 -0.005500224 0.998944342 125.016532898
0.998849452 -0.012184863 0.046382129 8.054783821 0.011943021 0.999913633 0.005487689 -12.633028984 -0.046444990 -0.004927433 0.998908699 127.279632568
0.998834014 -0.013889712 0.046237107 8.246458054 0.013626641 0.999889135 0.006000005 -12.851910591 -0.046315320 -0.005362953 0.998912454 129.540267944
0.998856485 -0.015017061 0.045389533 8.435785294 0.014756824 0.999872684 0.006063099 -13.065198898 -0.045474812 -0.005386361 0.998950899 131.786056519
0.998909950 -0.015284914 0.044106320 8.631233215 0.014972975 0.999860644 0.007394189 -13.284652710 -0.044213202 -0.006725726 0.998999417 134.023483276
0.998974204 -0.016174598 0.042294718 8.824606895 0.015880642 0.999847353 0.007276951 -13.509870529 -0.042405974 -0.006597819 0.999078631 136.268676758
0.999049485 -0.017008925 0.040134232 9.034597397 0.016749742 0.999836683 0.006785383 -13.721467972 -0.040243093 -0.006106695 0.999171197 138.495025635
0.999040246 -0.017659064 0.040083628 9.197853088 0.017400436 0.999825537 0.006791959 -13.942541122 -0.040196575 -0.006087968 0.999173224 140.776672363
0.999028563 -0.017926820 0.040255960 9.366101265 0.017665816 0.999820590 0.006830014 -14.149473190 -0.040371183 -0.006112225 0.999166071 143.011474609
0.999069929 -0.018212041 0.039086904 9.558610916 0.017900582 0.999805212 0.008303615 -14.380029678 -0.039230518 -0.007596214 0.999201238 145.252578735
0.999086022 -0.017285002 0.039094735 9.734099388 0.017013814 0.999828935 0.007258841 -14.594702721 -0.039213516 -0.006587057 0.999209166 147.501312256
0.999105394 -0.016258065 0.039038591 9.916561127 0.016047336 0.999854922 0.005705271 -14.810763359 -0.039125688 -0.005073702 0.999221444 149.751770020
0.999117076 -0.014599255 0.039398137 10.092199326 0.014419969 0.999884367 0.004831016 -15.029888153 -0.039464109 -0.004258630 0.999211848 152.003967285
0.999124885 -0.013748005 0.039502155 10.279443741 0.013569046 0.999896467 0.004794852 -15.246553421 -0.039563984 -0.004254649 0.999207973 154.253921509
0.999113560 -0.012982018 0.040042400 10.457958221 0.012775944 0.999903798 0.005398008 -15.467565536 -0.040108629 -0.004881644 0.999183416 156.519897461
0.999114752 -0.012334262 0.040219065 10.650676727 0.012088049 0.999906659 0.006359336 -15.687110901 -0.040293753 -0.005867538 0.999170661 158.749176025
0.999054193 -0.011817698 0.041845791 10.815441132 0.011495641 0.999902487 0.007928616 -15.917970657 -0.041935399 -0.007440073 0.999092638 161.043838501
0.999031603 -0.010803213 0.042652402 11.003050804 0.010375877 0.999893844 0.010227779 -16.138364792 -0.042758361 -0.009775317 0.999037683 163.278396606
0.999001145 -0.009863146 0.043582767 11.189617157 0.009476736 0.999913990 0.009063797 -16.347076416 -0.043668415 -0.008641722 0.999008715 165.565994263
0.998963356 -0.009247467 0.044572555 11.384083748 0.008909159 0.999929965 0.007782704 -16.558860779 -0.044641413 -0.007377532 0.998975813 167.820800781
0.998886108 -0.007461994 0.046592463 11.568617821 0.007089523 0.999941587 0.008154381 -16.773284912 -0.046650585 -0.007814979 0.998880684 170.056091309
0.998758793 -0.007032609 0.049307972 11.761056900 0.006612634 0.999940515 0.008675342 -17.004867554 -0.049366057 -0.008338519 0.998745918 172.363327026
0.998639584 -0.007131292 0.051652234 11.961863518 0.006700985 0.999941409 0.008499240 -17.217779160 -0.051709816 -0.008141558 0.998628974 174.634628296
0.998561144 -0.007132622 0.053148750 12.171724319 0.006656885 0.999936223 0.009122703 -17.434150696 -0.053210430 -0.008755771 0.998544931 176.896881104
0.998509109 -0.007456328 0.054073710 12.373319626 0.006923744 0.999925733 0.010029875 -17.643699646 -0.054144479 -0.009640530 0.998486638 179.122802734
0.998504400 -0.009196021 0.053892467 12.589987755 0.008669212 0.999912322 0.010000871 -17.867271423 -0.053979717 -0.009518708 0.998496652 181.394638062
0.998471200 -0.010038005 0.054354884 12.790645599 0.009524388 0.999907613 0.009700161 -18.074424744 -0.054447230 -0.009167635 0.998474598 183.637832642
0.998525381 -0.011298373 0.053097900 13.011623383 0.010788642 0.999893010 0.009876682 -18.301422119 -0.053203810 -0.009289264 0.998540461 185.892089844
0.998529017 -0.013223757 0.052581023 13.220544815 0.012685744 0.999863803 0.010552744 -18.512392044 -0.052713405 -0.009870192 0.998560905 188.142471313
0.998545468 -0.014066553 0.052047934 13.430073738 0.013559457 0.999857187 0.010083244 -18.718259811 -0.052182332 -0.009362836 0.998593628 190.387969971
0.998503923 -0.015450503 0.052451387 13.630150795 0.014930898 0.999835670 0.010283850 -18.943164825 -0.052601654 -0.009485319 0.998570442 192.626785278
0.998469591 -0.016459735 0.052796390 13.820950508 0.015953606 0.999822855 0.009993605 -19.148305893 -0.052951533 -0.009136018 0.998555243 194.865768433
0.998511434 -0.015982967 0.052148536 14.056652069 0.015466997 0.999827445 0.010282876 -19.374755859 -0.052303899 -0.009460988 0.998586416 197.149322510
0.998515606 -0.013949395 0.052648105 14.260564804 0.013432398 0.999858081 0.010160965 -19.579198837 -0.052782372 -0.009438694 0.998561442 199.392700195
0.998516738 -0.012167138 0.053068604 14.461029053 0.011655528 0.999882638 0.009939426 -19.792350769 -0.053183310 -0.009306138 0.998541355 201.627304077
0.998493612 -0.011870493 0.053569082 14.674722672 0.011402473 0.999894202 0.009033972 -20.000648499 -0.053670645 -0.008409544 0.998523295 203.888763428
0.998461187 -0.012109197 0.054116677 14.875825882 0.011591732 0.999884188 0.009865738 -20.206939697 -0.054229870 -0.009223251 0.998485923 206.118621826
0.998439491 -0.013839372 0.054102339 15.109472275 0.013309921 0.999859989 0.010134207 -20.432899475 -0.054235026 -0.009398296 0.998483956 208.382492065
0.998370588 -0.013373022 0.055471949 15.315587997 0.012835478 0.999867260 0.010035380 -20.629261017 -0.055598788 -0.009307022 0.998409867 210.629364014
0.998315990 -0.014332538 0.056210242 15.543488503 0.013684731 0.999835610 0.011892781 -20.861551285 -0.056371454 -0.011103532 0.998348117 212.889221191
0.998239815 -0.012808342 0.057906322 15.777663231 0.012123219 0.999852419 0.012167461 -21.066907883 -0.058053616 -0.011444033 0.998247862 215.126205444
0.998095691 -0.011463230 0.060610175 16.007030487 0.010760416 0.999871194 0.011909367 -21.277235031 -0.060738895 -0.011234497 0.998090446 217.431243896
0.997955382 -0.011605629 0.062852181 16.233062744 0.010852354 0.999865294 0.012313028 -21.482282639 -0.062986605 -0.011605758 0.997946918 219.680343628
0.997825205 -0.012894653 0.064641751 16.467046738 0.012092615 0.999845088 0.012783371 -21.682077408 -0.064796560 -0.011973882 0.997826636 221.917602539
0.997721612 -0.014393250 0.065912575 16.701368332 0.013526876 0.999816418 0.013571814 -21.882631302 -0.066095822 -0.012649299 0.997733116 224.152633667
0.997661531 -0.016395649 0.066354051 16.952995300 0.015559650 0.999793112 0.013096376 -22.091726303 -0.066555046 -0.012033303 0.997710288 226.386749268
0.997625947 -0.017704366 0.066550583 17.195446014 0.016906366 0.999778509 0.012535104 -22.286430359 -0.066757791 -0.011380213 0.997704268 228.643249512
0.997567594 -0.017987436 0.067346543 17.431688309 0.017156031 0.999769509 0.012903275 -22.488922119 -0.067563146 -0.011716489 0.997646213 230.884552002
0.997518957 -0.019391021 0.067676768 17.680500031 0.018633869 0.999756753 0.011801241 -22.689765930 -0.067889139 -0.010510882 0.997637510 233.136108398
0.997450888 -0.020484630 0.068353117 17.919513702 0.019632449 0.999721229 0.013115956 -22.890607834 -0.068602748 -0.011740581 0.997574985 235.367309570
0.997472107 -0.019840620 0.068231814 18.196262360 0.018988090 0.999733627 0.013120604 -23.097038269 -0.068473950 -0.011791848 0.997583210 237.641235352
0.997442663 -0.019782797 0.068678401 18.437715530 0.018934464 0.999736428 0.012981367 -23.293441772 -0.068917088 -0.011647783 0.997554362 239.872238159
0.997397244 -0.019912982 0.069297716 18.680768967 0.019036779 0.999730587 0.013281677 -23.496276855 -0.069543540 -0.011927903 0.997507632 242.101837158
0.997354388 -0.020235769 0.069819622 18.926897049 0.019351443 0.999724030 0.013319106 -23.693864822 -0.070069879 -0.011932758 0.997470737 244.343688965
0.997316420 -0.020337751 0.070328251 19.173208237 0.019504346 0.999731362 0.012516779 -23.899658203 -0.070563912 -0.011111486 0.997445345 246.574798584
0.997338772 -0.020003617 0.070110351 19.433145523 0.019215971 0.999744654 0.011891026 -24.107336044 -0.070330322 -0.010512142 0.997468352 248.814514160
0.997309566 -0.020364994 0.070418485 19.684307098 0.019535460 0.999731600 0.012448786 -24.313451767 -0.070653096 -0.011039635 0.997439861 251.061126709
0.997271895 -0.021466764 0.070624992 19.935808182 0.020647820 0.999711096 0.012305366 -24.516635895 -0.070868738 -0.010813544 0.997427046 253.293472290
0.997276127 -0.021393076 0.070588119 20.198417664 0.020528205 0.999705315 0.012955159 -24.719018936 -0.070844457 -0.011470824 0.997421443 255.549072266
0.997250557 -0.022179740 0.070707023 20.439231873 0.021303643 0.999686956 0.013120726 -24.921640396 -0.070975900 -0.011578333 0.997410893 257.767425537
0.997217596 -0.022413403 0.071096666 20.706937790 0.021493729 0.999675453 0.013674378 -25.132120132 -0.071380079 -0.012108199 0.997375667 260.035217285
0.997192323 -0.021906354 0.071605764 20.965183258 0.021020869 0.999693274 0.013096473 -25.330104828 -0.071870700 -0.011554489 0.997347057 262.280303955
0.997171462 -0.021929419 0.071889929 21.225196838 0.021086844 0.999700129 0.012458473 -25.529300690 -0.072141580 -0.010907302 0.997334778 264.541503906
0.997155666 -0.021192612 0.072327696 21.486484528 0.020382516 0.999721169 0.011920110 -25.734838486 -0.072560161 -0.010411986 0.997309625 266.784088135
0.997087538 -0.020511327 0.073454648 21.742055893 0.019691706 0.999735653 0.011865189 -25.933233261 -0.073678583 -0.010384186 0.997228026 269.033752441
0.996952415 -0.020282621 0.075329535 21.985357285 0.019470047 0.999744177 0.011505807 -26.145294189 -0.075543620 -0.010004070 0.997092307 271.283691406
0.996881962 -0.021061048 0.076045506 22.261075974 0.020208759 0.999724269 0.011959821 -26.354064941 -0.076276414 -0.010385745 0.997032702 273.528717041
0.996674478 -0.021599520 0.078571513 22.510423660 0.020696528 0.999710262 0.012288980 -26.550420761 -0.078814186 -0.010621955 0.996832728 275.783630371
0.996546924 -0.021554196 0.080186240 22.780248642 0.020530982 0.999697089 0.013563267 -26.746051788 -0.080454305 -0.011870129 0.996687591 278.024658203
0.996499300 -0.020883676 0.080949798 23.066583633 0.019727090 0.999691963 0.015061278 -26.963096619 -0.081239380 -0.013411647 0.996604502 280.284301758
0.996423304 -0.020615121 0.081949010 23.350334167 0.019361811 0.999683499 0.016059250 -27.165287018 -0.082254149 -0.014415130 0.996507108 282.522766113
0.996338487 -0.019449696 0.083254233 23.623895645 0.018178126 0.999706626 0.016004279 -27.356693268 -0.083541080 -0.014432273 0.996399820 284.787597656
0.996223867 -0.018456629 0.084837086 23.890981674 0.017212939 0.999733746 0.015367980 -27.548601151 -0.085098140 -0.013849653 0.996276259 287.019439697
0.996197760 -0.017849559 0.085272267 24.173643112 0.016718680 0.999762833 0.013957798 -27.735980988 -0.085501164 -0.012479086 0.996259928 289.264495850
0.996139526 -0.018698338 0.085769251 24.449129105 0.017543023 0.999745250 0.014204066 -27.939588547 -0.086012989 -0.012644581 0.996213734 291.490570068
0.996133506 -0.018605553 0.085859701 24.724000931 0.017510751 0.999755681 0.013486691 -28.140028000 -0.086089641 -0.011931077 0.996215940 293.757446289
0.996156931 -0.019182723 0.085461140 25.007701874 0.018168086 0.999755085 0.012634625 -28.336889267 -0.085682578 -0.011033399 0.996261537 295.983154297
0.996151745 -0.019131416 0.085531741 25.288391113 0.018131999 0.999758124 0.012446447 -28.537235260 -0.085749172 -0.010847691 0.996257722 298.220703125
0.996156454 -0.018424138 0.085632004 25.569076538 0.017398721 0.999767900 0.012705697 -28.737054825 -0.085846215 -0.011166975 0.996245801 300.459960938
0.996093333 -0.018396210 0.086368769 25.829481125 0.017283963 0.999757946 0.013608126 -28.944232941 -0.086598203 -0.012062168 0.996170282 302.696289062
0.996102631 -0.018983753 0.086134866 26.118694305 0.017872928 0.999747038 0.013649292 -29.142446518 -0.086372212 -0.012056614 0.996190012 304.948028564
0.996074915 -0.018310996 0.086599201 26.402841568 0.017177684 0.999756992 0.013814036 -29.342136383 -0.086831108 -0.012272243 0.996147454 307.199096680
0.996068358 -0.019054934 0.086513579 26.688049316 0.017901454 0.999740422 0.014089297 -29.554775238 -0.086759605 -0.012485185 0.996151030 309.454620361
0.996023357 -0.020116320 0.086791568 26.972438812 0.018939028 0.999717295 0.014366824 -29.751457214 -0.087056056 -0.012665943 0.996122837 311.711975098
0.995990872 -0.020109890 0.087165512 27.255165100 0.018975280 0.999724329 0.013825845 -29.953174591 -0.087419525 -0.012116425 0.996097922 313.951995850
0.996017814 -0.019742563 0.086941049 27.550056458 0.018547820 0.999722362 0.014528482 -30.155956268 -0.087203734 -0.012858059 0.996107519 316.202148438
0.995982051 -0.018045224 0.087716065 27.832742691 0.016906157 0.999763072 0.013711512 -30.357824326 -0.087942705 -0.012173478 0.996051252 318.445770264
0.995975316 -0.016470583 0.088101581 28.113533020 0.015257256 0.999779463 0.014427684 -30.558921814 -0.088319801 -0.013025428 0.996007025 320.697967529
0.995917141 -0.015192391 0.088984683 28.391351700 0.014005703 0.999804676 0.013945115 -30.757768631 -0.089179143 -0.012641886 0.995935380 322.929779053
0.995855927 -0.014440186 0.089791283 28.666473389 0.013189296 0.999807894 0.014508871 -30.953718185 -0.089983515 -0.013264463 0.995854914 325.166564941
0.995857954 -0.014002735 0.089837827 28.958169937 0.012617910 0.999792933 0.015964204 -31.161760330 -0.090042755 -0.014764511 0.995828450 327.389678955
0.995800853 -0.014600092 0.090374075 29.235509872 0.013200657 0.999783814 0.016063370 -31.367433548 -0.090589076 -0.014802921 0.995778322 329.635467529
0.995825410 -0.016394276 0.089793727 29.537601471 0.015073674 0.999768317 0.015365545 -31.564334869 -0.090024844 -0.013947879 0.995841861 331.868286133
0.995810390 -0.015961910 0.090038136 29.822183609 0.014657839 0.999778152 0.015126251 -31.762945175 -0.090259619 -0.013743111 0.995823443 334.085418701
0.995800555 -0.016207982 0.090103023 30.110090256 0.014798119 0.999757707 0.016293328 -31.957584381 -0.090345278 -0.014891550 0.995799184 336.313293457
0.995842934 -0.016799800 0.089524321 30.413822174 0.015402740 0.999748886 0.016273502 -32.151634216 -0.089775234 -0.014826933 0.995851696 338.547729492
0.995844662 -0.016592884 0.089543633 30.697622299 0.015158346 0.999746025 0.016676920 -32.352779388 -0.089797586 -0.015250291 0.995843232 340.790527344
0.995891511 -0.016495183 0.089039527 30.995889664 0.015080669 0.999749660 0.016535850 -32.552791595 -0.089289993 -0.015125136 0.995890737 343.034118652
0.995905042 -0.016657254 0.088856332 31.284822464 0.015216116 0.999741793 0.016871585 -32.744979858 -0.089114420 -0.015450448 0.995901525 345.276794434
0.995962560 -0.016544972 0.088231467 31.574796677 0.015110712 0.999742985 0.016898887 -32.936100006 -0.088488400 -0.015497420 0.995956659 347.515594482
0.996007919 -0.016520485 0.087722942 31.862815857 0.015088035 0.999742150 0.016967332 -33.131553650 -0.087980628 -0.015576032 0.996000350 349.763397217
0.996016085 -0.016109180 0.087706909 32.145732880 0.014634858 0.999741018 0.017426834 -33.329154968 -0.087964930 -0.016073823 0.995993853 352.007537842
0.996043742 -0.016574068 0.087305069 32.428581238 0.015071969 0.999727309 0.017836390 -33.518806458 -0.087576881 -0.016449969 0.996021926 354.238037109
0.996065378 -0.016311787 0.087107606 32.709327698 0.014865315 0.999741018 0.017228566 -33.711025238 -0.087366097 -0.015865894 0.996049941 356.476745605
0.996117294 -0.016527677 0.086470909 32.996936798 0.015055694 0.999730825 0.017647494 -33.902446747 -0.086739302 -0.016277092 0.996098042 358.712280273
0.996179819 -0.016241722 0.085801877 33.289379120 0.014697442 0.999718964 0.018599385 -34.098545074 -0.086079836 -0.017267264 0.996138573 360.957214355
0.996236682 -0.016428603 0.085103460 33.580398560 0.014906849 0.999718010 0.018485976 -34.291805267 -0.085383162 -0.017147779 0.996200621 363.202453613
0.996284306 -0.016414480 0.084546112 33.865970612 0.014836966 0.999704540 0.019253273 -34.484622955 -0.084837154 -0.017927328 0.996233642 365.438262939
0.996331155 -0.016500808 0.083975464 34.150169373 0.014981871 0.999713063 0.018686116 -34.678321838 -0.084259704 -0.017359449 0.996292591 367.705139160
0.996340215 -0.017192857 0.083729044 34.425720215 0.015679168 0.999702156 0.018702589 -34.872375488 -0.084025666 -0.017321337 0.996313035 369.958221436
0.996349514 -0.017108807 0.083635092 34.702552795 0.015690144 0.999722123 0.017590532 -35.055953979 -0.083912805 -0.016214075 0.996341228 372.221557617
0.996403039 -0.017253997 0.082967184 34.984767914 0.015802849 0.999710977 0.018115656 -35.261070251 -0.083255783 -0.016739376 0.996387601 374.454223633
0.996483505 -0.017234622 0.081996843 35.271030426 0.015748769 0.999700546 0.018733282 -35.448928833 -0.082295135 -0.017376062 0.996456444 376.699859619
0.996398926 -0.017051073 0.083056927 35.538394928 0.015519351 0.999698043 0.019052673 -35.635887146 -0.083356701 -0.017695073 0.996362686 378.960052490
0.996394277 -0.017668489 0.082982697 35.815525055 0.016102863 0.999680340 0.019498434 -35.831409454 -0.083300672 -0.018091870 0.996360242 381.203308105
0.996417642 -0.017512491 0.082735762 36.099800110 0.015953019 0.999683082 0.019472484 -36.014896393 -0.083050556 -0.018082846 0.996381283 383.461181641
0.996436357 -0.016595509 0.082699299 36.382728577 0.015017029 0.999693692 0.019672602 -36.206188202 -0.083000451 -0.018360600 0.996380270 385.715332031
0.996432364 -0.015503589 0.082959041 36.657608032 0.013915676 0.999709308 0.019685071 -36.388099670 -0.083240122 -0.018460408 0.996358514 387.978210449
0.996468544 -0.014377788 0.082725793 36.944835663 0.012787421 0.999723673 0.019722400 -36.585563660 -0.082986496 -0.018594902 0.996377170 390.253570557
0.996457815 -0.013228193 0.083046973 37.217765808 0.011640089 0.999740541 0.019578114 -36.774181366 -0.083284430 -0.018542092 0.996353269 392.530273438
0.996485710 -0.012206771 0.082868978 37.498271942 0.010499271 0.999724150 0.021009436 -36.962265015 -0.083102569 -0.020065540 0.996339083 394.787292480
0.996433616 -0.010945679 0.083667256 37.767795563 0.009170314 0.999725163 0.021574285 -37.152488708 -0.083880410 -0.020730091 0.996260166 397.046020508
0.996386051 -0.010699501 0.084263451 38.046112061 0.009039672 0.999758005 0.020055065 -37.347190857 -0.084457643 -0.019220874 0.996241689 399.311309814
0.996303320 -0.010127498 0.085306838 38.317344666 0.008494292 0.999774039 0.019486312 -37.534263611 -0.085484929 -0.018689660 0.996164143 401.573913574
0.996238291 -0.011976410 0.085824378 38.590290070 0.010244818 0.999735475 0.020588091 -37.722324371 -0.086048238 -0.019631390 0.996097565 403.833038330
0.996182382 -0.013458313 0.086251765 38.873870850 0.011626756 0.999696851 0.021702323 -37.910125732 -0.086517699 -0.020616647 0.996037006 406.087646484
0.996166646 -0.014183804 0.086317904 39.156089783 0.012355435 0.999688745 0.021679327 -38.094291687 -0.086598508 -0.020529727 0.996031761 408.347076416
0.996144354 -0.013959873 0.086611733 39.449966431 0.012252982 0.999720812 0.020207828 -38.275146484 -0.086869635 -0.019068666 0.996037245 410.615325928
0.996104956 -0.012505189 0.087285414 39.755878448 0.010740403 0.999728799 0.020659016 -38.471557617 -0.087520100 -0.019641066 0.995969057 412.898376465
0.996028006 -0.011337518 0.088317282 40.030727386 0.009572267 0.999746382 0.020385582 -38.659244537 -0.088526011 -0.019459212 0.995883763 415.138977051
0.995955586 -0.010188947 0.089267112 40.319873810 0.008380508 0.999752402 0.020610195 -38.846694946 -0.089455001 -0.019778734 0.995794475 417.408477783
0.995900571 -0.010484643 0.089845270 40.614311218 0.008693468 0.999755979 0.020304427 -39.034706116 -0.090036251 -0.019440122 0.995748758 419.664215088
0.995801985 -0.010580385 0.090919055 40.900146484 0.008763758 0.999754369 0.020356756 -39.220420837 -0.091112122 -0.019474508 0.995650172 421.916961670
0.995712280 -0.010918716 0.091857977 41.184566498 0.009104008 0.999755442 0.020151494 -39.411727905 -0.092055537 -0.019228812 0.995568156 424.174987793
0.995653272 -0.011420361 0.092434272 41.482204437 0.009490734 0.999728322 0.021288402 -39.599685669 -0.092652299 -0.020318598 0.995491207 426.448120117
0.995600581 -0.010423807 0.093117334 41.774196625 0.008434395 0.999728203 0.021732634 -39.781055450 -0.093318552 -0.020851636 0.995417953 428.701416016
0.995533884 -0.009624867 0.093913853 42.075752258 0.007549549 0.999719918 0.022428427 -39.964859009 -0.094103433 -0.021619247 0.995327711 430.977905273
0.995521188 -0.009840855 0.094025046 42.376426697 0.007757456 0.999716818 0.022497801 -40.154769897 -0.094219811 -0.021667644 0.995315552 433.260559082
0.995484173 -0.010805288 0.094310611 42.682128906 0.008773698 0.999720871 0.021929605 -40.348217010 -0.094521254 -0.021003120 0.995301247 435.526428223
0.995488167 -0.010103613 0.094346054 42.993408203 0.008075757 0.999728620 0.021850949 -40.518047333 -0.094541214 -0.020990442 0.995299637 437.796569824
0.995452046 -0.010463195 0.094687447 43.301963806 0.008394813 0.999717951 0.022216372 -40.704574585 -0.094893195 -0.021320445 0.995259106 440.084503174
0.995496690 -0.010524196 0.094209641 43.614170074 0.008449792 0.999713600 0.022390936 -40.887561798 -0.094418302 -0.021494048 0.995300531 442.359985352
0.995460927 -0.009326060 0.094713077 43.920059204 0.007187342 0.999711990 0.022897109 -41.072441101 -0.094899349 -0.022112448 0.995241165 444.633483887
0.995408475 -0.010080194 0.095185824 44.227050781 0.007893640 0.999697030 0.023320114 -41.259666443 -0.095392033 -0.022461681 0.995186329 446.911743164
0.995401978 -0.009921768 0.095270202 44.530048370 0.007775100 0.999708056 0.022877276 -41.445365906 -0.095469370 -0.022031354 0.995188534 449.177154541
0.995426178 -0.009455587 0.095064886 44.839778900 0.007333686 0.999716640 0.022645213 -41.632465363 -0.095252074 -0.021844458 0.995213449 451.438476562
0.995383263 -0.008895349 0.095566481 45.142482758 0.006783577 0.999725997 0.022399636 -41.822982788 -0.095739543 -0.021647938 0.995170951 453.704010010
0.995294034 -0.008317339 0.096543387 45.442516327 0.006177717 0.999729037 0.022440087 -41.999809265 -0.096703887 -0.021738065 0.995075762 455.983459473
0.995244563 -0.008595069 0.097027794 45.741523743 0.006466736 0.999732018 0.022228489 -42.192554474 -0.097192846 -0.021495333 0.995033443 458.251403809
0.995277524 -0.007869922 0.096750088 46.062210083 0.005818728 0.999752641 0.021464849 -42.379943848 -0.096895076 -0.020800522 0.995077252 460.539398193
0.995276034 -0.006766706 0.096848778 46.373184204 0.004645122 0.999744654 0.022114879 -42.567619324 -0.096973710 -0.021560533 0.995053351 462.825500488
0.995292604 -0.006388617 0.096704572 46.682994843 0.004162719 0.999722123 0.023201773 -42.749824524 -0.096825942 -0.022690002 0.995042682 465.102966309
0.995316446 -0.006391920 0.096459061 46.982776642 0.004138448 0.999714196 0.023543963 -42.929290771 -0.096581988 -0.023034502 0.995058477 467.368835449
0.995448589 -0.006518824 0.095076516 47.302616119 0.004396798 0.999736845 0.022511588 -43.113983154 -0.095198244 -0.021991091 0.995215416 469.650939941
0.995516062 -0.006495645 0.094368719 47.618663788 0.004446690 0.999750137 0.021906311 -43.300098419 -0.094487429 -0.021388454 0.995296240 471.947509766
0.995595515 -0.006994608 0.093491390 47.922824860 0.004840246 0.999717951 0.023250356 -43.494735718 -0.093627647 -0.022695431 0.995348513 474.230895996
0.995545328 -0.007213963 0.094007187 48.210189819 0.005061677 0.999720037 0.023113275 -43.675399780 -0.094147608 -0.022534484 0.995303154 476.513366699
0.995665252 -0.006848265 0.092756949 48.516059875 0.004729747 0.999723315 0.023040060 -43.852077484 -0.092889093 -0.022501467 0.995422184 478.799530029
0.995691180 -0.006927313 0.092472091 48.818073273 0.004767522 0.999711096 0.023556637 -44.036201477 -0.092608564 -0.023014273 0.995436609 481.080108643
0.995730877 -0.007322514 0.092012696 49.123085022 0.005116852 0.999694347 0.024184383 -44.217914581 -0.092161685 -0.023610318 0.995464027 483.352416992
0.995712042 -0.008002635 0.092160374 49.411510468 0.005865520 0.999708116 0.023436654 -44.400016785 -0.092321023 -0.022795590 0.995468318 485.641571045
0.995796502 -0.008414322 0.091206081 49.715152740 0.006245332 0.999691486 0.024040556 -44.586868286 -0.091380231 -0.023369888 0.995541811 487.959747314
0.995888829 -0.008866474 0.090149805 50.017154694 0.006703337 0.999683082 0.024269447 -44.765602112 -0.090336412 -0.023565365 0.995632470 490.240020752
0.995833814 -0.008721361 0.090767950 50.276050568 0.006507954 0.999674857 0.024652813 -44.958103180 -0.090953447 -0.023959393 0.995567024 492.518890381
0.995910347 -0.008004524 0.089991175 50.582920074 0.005796453 0.999676287 0.024771133 -45.133647919 -0.090160340 -0.024148205 0.995634437 494.809509277
0.995900869 -0.007508768 0.090139121 50.866119385 0.005304546 0.999681592 0.024668258 -45.314983368 -0.090295650 -0.024088990 0.995623648 497.106414795
0.995939732 -0.007393498 0.089718536 51.171489716 0.005238261 0.999692619 0.024233934 -45.503616333 -0.089870133 -0.023665568 0.995672286 499.421936035
0.995976686 -0.007428674 0.089304231 51.464889526 0.005212623 0.999673247 0.025022304 -45.684295654 -0.089460947 -0.024456125 0.995689988 501.719451904
0.995975912 -0.007131927 0.089337230 51.752391815 0.004883228 0.999666333 0.025364248 -45.869937897 -0.089488342 -0.024825919 0.995678365 504.000854492
0.995995820 -0.006102850 0.089191176 52.044475555 0.003913390 0.999687195 0.024702232 -46.051605225 -0.089314021 -0.024254279 0.995708168 506.295013428
0.995980859 -0.005765405 0.089380883 52.330860138 0.003506683 0.999671042 0.025407221 -46.233432770 -0.089497969 -0.024991676 0.995673358 508.589691162
0.996015668 -0.006080593 0.088971190 52.629108429 0.003925633 0.999695301 0.024375824 -46.412857056 -0.089092262 -0.023929434 0.995736003 510.880584717
0.996052027 -0.006900311 0.088502981 52.928482056 0.004667804 0.999666274 0.025407439 -46.601196289 -0.088648766 -0.024894012 0.995751798 513.179016113
0.996081352 -0.006760020 0.088182785 53.224449158 0.004519568 0.999662519 0.025581863 -46.779254913 -0.088325955 -0.025083069 0.995775759 515.483825684
0.996106207 -0.006124168 0.087948389 53.517032623 0.003898139 0.999668241 0.025460115 -46.961135864 -0.088075154 -0.025018139 0.995799601 517.791503906
0.996090174 -0.005128585 0.088193707 53.801246643 0.002921801 0.999679804 0.025132932 -47.141262054 -0.088294379 -0.024776982 0.995786190 520.095092773
0.996039212 -0.003756207 0.088835776 54.090476990 0.001509941 0.999677777 0.025339292 -47.326530457 -0.088902332 -0.025104793 0.995723903 522.441467285
0.995892942 -0.001433777 0.090527050 54.367710114 -0.000885808 0.999672472 0.025577730 -47.506286621 -0.090534076 -0.025552873 0.995565414 524.768493652
0.995929062 -0.000217903 0.090140186 54.677753448 -0.002173628 0.999648273 0.026432220 -47.676673889 -0.090114243 -0.026520550 0.995578289 527.102600098
0.995860040 -0.000466932 0.090898715 54.966495514 -0.001935895 0.999651074 0.026344150 -47.854255676 -0.090879299 -0.026411055 0.995511591 529.407165527
0.995811284 -0.002259261 0.091404356 55.257698059 -0.000265269 0.999619067 0.027597791 -48.028312683 -0.091431901 -0.027506439 0.995431304 531.715820312
0.995753407 -0.003812727 0.091981821 55.560390472 0.001308614 0.999627292 0.027268970 -48.201942444 -0.092051491 -0.027032806 0.995387256 534.036804199
0.995736301 -0.003743560 0.092169218 55.864334106 0.001285537 0.999642313 0.026713526 -48.377037048 -0.092236258 -0.026481139 0.995384872 536.346496582
0.995663226 -0.003973006 0.092944950 56.166576385 0.001530402 0.999651968 0.026336648 -48.554161072 -0.093017235 -0.026080187 0.995322883 538.662719727
0.995599031 -0.003376407 0.093654223 56.468452454 0.000970843 0.999668717 0.025719272 -48.734199524 -0.093710020 -0.025515156 0.995272517 540.978759766
0.995514810 -0.002713765 0.094567187 56.767967224 0.000321862 0.999679863 0.025299238 -48.914451599 -0.094605580 -0.025155328 0.995196939 543.296508789
0.995440483 -0.002208113 0.095360100 57.080852509 -0.000086778 0.999710619 0.024054671 -49.093322754 -0.095385619 -0.023953268 0.995152175 545.619995117
0.995349288 -0.002344997 0.096303277 57.377624512 -0.000057098 0.999689043 0.024932696 -49.279319763 -0.096331798 -0.024822241 0.995039642 547.942871094
0.995285451 -0.002513961 0.096956044 57.683166504 0.000020739 0.999669492 0.025707409 -49.460060120 -0.096988633 -0.025584202 0.994956553 550.256225586
0.995209932 -0.002495770 0.097729184 57.989517212 -0.000020878 0.999668539 0.025741765 -49.638809204 -0.097761057 -0.025620496 0.994880199 552.563171387
0.995246112 -0.003627973 0.097324096 58.312988281 0.001225953 0.999693453 0.024729088 -49.818054199 -0.097383976 -0.024492215 0.994945467 554.877014160
0.995271266 -0.003731625 0.097062595 58.633972168 0.001286536 0.999680698 0.025241235 -50.001937866 -0.097125784 -0.024997011 0.994958162 557.195495605
0.995210886 -0.003528974 0.097686768 58.944179535 0.001027965 0.999670684 0.025640829 -50.182083130 -0.097745076 -0.025417615 0.994886875 559.509460449
0.995210707 -0.002818475 0.097712159 59.264919281 0.000229637 0.999648869 0.026495656 -50.360820770 -0.097752541 -0.026346322 0.994861960 561.844665527
0.995221674 -0.003461444 0.097580999 59.590709686 0.000814374 0.999630868 0.027153689 -50.542114258 -0.097638987 -0.026944468 0.994857073 564.180236816
0.995201230 -0.003025053 0.097802944 59.909141541 0.000316883 0.999616385 0.027693739 -50.715690613 -0.097849213 -0.027529852 0.994820356 566.502502441
0.995153785 -0.001730227 0.098315768 60.231830597 -0.000939390 0.999632239 0.027100716 -50.897384644 -0.098326519 -0.027061732 0.994786203 568.830017090
0.995184004 -0.000768539 0.098021492 60.565811157 -0.001746671 0.999671459 0.025571387 -51.071933746 -0.098008938 -0.025619444 0.994855702 571.156311035
0.995148838 -0.000484323 0.098380022 60.895530701 -0.002065927 0.999664485 0.025818918 -51.253852844 -0.098359533 -0.025896914 0.994813979 573.480895996
0.995175719 -0.000479723 0.098107181 61.226425171 -0.002161078 0.999638081 0.026809467 -51.440227509 -0.098084554 -0.026892148 0.994814694 575.858581543
0.995200694 -0.000576356 0.097851641 61.559307098 -0.002193689 0.999599993 0.028198672 -51.625961304 -0.097828738 -0.028278001 0.994801462 578.172912598
0.995096266 -0.000310172 0.098910838 61.870880127 -0.002315141 0.999648094 0.026426328 -51.803417206 -0.098884240 -0.026525732 0.994745314 580.554809570
0.995127559 -0.001033678 0.098590918 62.199680328 -0.001544959 0.999658823 0.026074979 -51.976718903 -0.098584242 -0.026100252 0.994786263 582.890930176
0.995099604 -0.001639328 0.098865129 62.519569397 -0.001116762 0.999612451 0.027815485 -52.167945862 -0.098872438 -0.027789585 0.994711936 585.207458496
0.995164812 -0.001675530 0.098204628 62.846126556 -0.001041991 0.999618113 0.027614200 -52.342243195 -0.098213404 -0.027583012 0.994783044 587.526123047
0.995142102 -0.004016059 0.098366506 63.182659149 0.001410414 0.999646664 0.026544375 -52.525478363 -0.098438330 -0.026276685 0.994796276 589.879455566
0.995136261 -0.004065519 0.098423205 63.505584717 0.001472666 0.999650240 0.026402259 -52.699226379 -0.098496117 -0.026128901 0.994794369 592.228637695
0.995157599 -0.005850316 0.098118022 63.828414917 0.003224866 0.999633074 0.026895357 -52.880195618 -0.098239362 -0.026448701 0.994811296 594.565185547
0.995193005 -0.006682490 0.097706102 64.160842896 0.004047559 0.999623418 0.027141327 -53.059143066 -0.097850680 -0.026615385 0.994845152 596.923889160
