1.000000000 0.000000000 0.000000000 0.000000000 0.000000000 1.000000000 0.000000000 0.000000000 0.000000000 0.000000000 1.000000000 0.000000000
0.999999940 -0.000011133 0.000344733 0.088138551 0.000011190 1.000000000 -0.000162974 -0.226708636 -0.000344732 0.000162978 0.999999940 2.285349369
0.999999404 0.000199334 0.001071588 0.167377666 -0.000199633 0.999999940 0.000279006 -0.463800788 -0.001071533 -0.000279220 0.999999404 4.578883648
0.999998689 -0.000135088 0.001616626 0.264949471 0.000134387 0.999999881 0.000433625 -0.694548726 -0.001616685 -0.000433407 0.999998569 6.864765167
0.999996960 -0.000376807 0.002435139 0.360269397 0.000380344 0.999998868 -0.001451940 -0.924432456 -0.002434589 0.001452862 0.999996006 9.157564163
0.999988794 0.001412891 0.004518491 0.451007962 -0.001412540 0.999998927 -0.000080989 -1.160550714 -0.004518601 0.000074606 0.999989808 11.464158058
0.999971449 0.003299794 0.006792990 0.550381243 -0.003306436 0.999994040 0.000966735 -1.389416337 -0.006789760 -0.000989168 0.999976397 13.745139122
0.999953628 0.003155514 0.009097752 0.656984389 -0.003187590 0.999988735 0.003513357 -1.618527055 -0.009086563 -0.003542194 0.999952435 16.016723633
0.999945521 0.003764249 0.009732603 0.779010236 -0.003815902 0.999978721 0.005294115 -1.854256392 -0.009712466 -0.005330966 0.999938548 18.321353912
0.999931991 0.002852634 0.011303887 0.889593720 -0.002912155 0.999981880 0.005252584 -2.075300694 -0.011288699 -0.005285146 0.999922276 20.607713699
0.999927998 0.000317291 0.011989869 1.001729608 -0.000350279 0.999996185 0.002749344 -2.300821781 -0.011988949 -0.002753346 0.999924362 22.911457062
0.999920130 -0.001840247 0.012505682 1.112444639 0.001830739 0.999998033 0.000771708 -2.522195101 -0.012507076 -0.000748752 0.999921501 25.195461273
0.999918938 -0.002755902 0.012429978 1.246106982 0.002753817 0.999996126 0.000184743 -2.769675493 -0.012430440 -0.000150498 0.999922752 27.473836899
0.999899209 -0.002433095 0.013988019 1.344025373 0.002443533 0.999996781 -0.000729223 -2.995864868 -0.013986199 0.000763330 0.999901891 29.758518219
0.999904096 -0.000250925 0.013848493 1.483981967 0.000226155 0.999998331 0.001790205 -3.227113724 -0.013848919 -0.001786902 0.999902487 32.043586731
0.999903202 0.001743402 0.013805155 1.614996791 -0.001798122 0.999990642 0.003952337 -3.447655678 -0.013798133 -0.003976778 0.999896884 34.324832916
0.999866724 0.003691033 0.015904164 1.724459887 -0.003821397 0.999959230 0.008174244 -3.681606531 -0.015873350 -0.008233930 0.999840081 36.647277832
0.999847054 0.005541893 0.016592823 1.841225863 -0.005673483 0.999952734 0.007893967 -3.900756598 -0.016548296 -0.007986898 0.999831200 38.918346405
0.999813378 0.004875293 0.018692289 1.943146229 -0.004989840 0.999969006 0.006086303 -4.104256153 -0.018662034 -0.006178439 0.999806762 41.224334717
0.999822259 0.002351275 0.018702473 2.071003914 -0.002457125 0.999981105 0.005638724 -4.333528519 -0.018688867 -0.005683677 0.999809265 43.499988556
0.999820888 0.001998364 0.018821113 2.200462341 -0.002070472 0.999990582 0.003812531 -4.551839352 -0.018813316 -0.003850817 0.999815583 45.747066498
0.999818027 0.001492286 0.019025704 2.325604439 -0.001549610 0.999994278 0.002998622 -4.782123566 -0.019021124 -0.003027559 0.999814510 48.016040802
0.999815226 0.000243739 0.019221596 2.459851503 -0.000308877 0.999994218 0.003385902 -5.011638641 -0.019220658 -0.003391214 0.999809623 50.297153473
0.999793768 -0.000761499 0.020298753 2.588837624 0.000688311 0.999993384 0.003612260 -5.235265255 -0.020301362 -0.003597543 0.999787450 52.564617157
0.999787748 -0.002016851 0.020500589 2.725982189 0.001943596 0.999991655 0.003592633 -5.465315819 -0.020507663 -0.003552026 0.999783337 54.846599579
0.999750257 -0.002131311 0.022246815 2.847133636 0.002048139 0.999990821 0.003760733 -5.691588879 -0.022254622 -0.003714229 0.999745429 57.141929626
0.999733508 -0.003380988 0.022836529 2.987440825 0.003282932 0.999985218 0.004329929 -5.917433262 -0.022850832 -0.004253804 0.999729812 59.410305023
0.999684274 -0.004842053 0.024654077 3.111861229 0.004753911 0.999982119 0.003632488 -6.141132355 -0.024671225 -0.003514138 0.999689400 61.682918549
0.999670684 -0.005606425 0.025038328 3.266643524 0.005516507 0.999978065 0.003658841 -6.368172646 -0.025058292 -0.003519512 0.999679744 63.933536530
0.999633372 -0.005095162 0.026592877 3.406665325 0.004978190 0.999977648 0.004462968 -6.593787193 -0.026615022 -0.004328947 0.999636412 66.200920105
0.999609053 -0.004279402 0.027630871 3.555700779 0.004149177 0.999980032 0.004768590 -6.820288181 -0.027650727 -0.004652080 0.999606788 68.452705383
0.999561191 -0.004467884 0.029279485 3.693159580 0.004333915 0.999979794 0.004637403 -7.046713352 -0.029299615 -0.004508474 0.999560475 70.702377319
0.999548435 -0.005191679 0.029594753 3.858826637 0.005097033 0.999981582 0.003272563 -7.269900322 -0.029611202 -0.003120240 0.999556601 72.950035095
0.999531507 -0.006160585 0.029984789 4.021038532 0.006050589 0.999974608 0.003757747 -7.497759819 -0.030007182 -0.003574560 0.999543309 75.227378845
0.999487042 -0.007295046 0.031183440 4.185317039 0.007195753 0.999968648 0.003295230 -7.729459763 -0.031206502 -0.003069151 0.999508321 77.492401123
0.999471366 -0.008505479 0.031378388 4.339335442 0.008413837 0.999959886 0.003051386 -7.955266953 -0.031403076 -0.002785761 0.999502897 79.724281311
0.999438465 -0.008928300 0.032298051 4.490777969 0.008841329 0.999956846 0.002834572 -8.174071312 -0.032321967 -0.002547422 0.999474227 81.978401184
0.999429524 -0.008127306 0.032780975 4.665470600 0.008037867 0.999963582 0.002859271 -8.406740189 -0.032803025 -0.002594151 0.999458432 84.239456177
0.999379337 -0.007822873 0.034348283 4.826486111 0.007724309 0.999965668 0.003001285 -8.621668816 -0.034370583 -0.002734106 0.999405503 86.490974426
0.999367833 -0.007154808 0.034822915 4.992008209 0.007011131 0.999966323 0.004246322 -8.857888222 -0.034852128 -0.003999489 0.999384463 88.755393982
0.999334693 -0.006058500 0.035964705 5.152235031 0.005887813 0.999970913 0.004849962 -9.084536552 -0.035993051 -0.004634982 0.999341309 91.008766174
0.999314129 -0.006181365 0.036511879 5.326721191 0.006011790 0.999970555 0.004752364 -9.306314468 -0.036540192 -0.004529605 0.999321938 93.258514404
0.999293983 -0.006507654 0.037002791 5.499686718 0.006353774 0.999970675 0.004274689 -9.524767876 -0.037029527 -0.004036563 0.999305964 95.508796692
0.999256968 -0.007052247 0.037891299 5.668023586 0.006890041 0.999966502 0.004409705 -9.744830132 -0.037921131 -0.004145355 0.999272108 97.761787415
0.999213696 -0.006564706 0.039104622 5.830492496 0.006405401 0.999970675 0.004197731 -9.979040146 -0.039131034 -0.003943949 0.999226272 99.994705200
0.999132812 -0.006413025 0.041140884 5.986319542 0.006202821 0.999967098 0.005234991 -10.195343018 -0.041173112 -0.004975262 0.999139667 102.216606140
0.999127984 -0.007007424 0.041158430 6.187399387 0.006802769 0.999963760 0.005110324 -10.416550636 -0.041192751 -0.004825878 0.999139488 104.458465576
0.999094725 -0.007811868 0.041817978 6.371370792 0.007572185 0.999953985 0.005886902 -10.633993149 -0.041862044 -0.005564918 0.999107897 106.683395386
0.999054551 -0.009110413 0.042511120 6.558862209 0.008852210 0.999941170 0.006258065 -10.851929665 -0.042565636 -0.005875831 0.999076307 108.924522400
0.999020159 -0.010256865 0.043051634 6.750640869 0.009965714 0.999926031 0.006972003 -11.073266983 -0.043119956 -0.006536130 0.999048531 111.173858643
0.999006093 -0.010816871 0.043240812 6.949580193 0.010581284 0.999927938 0.005673429 -11.295785904 -0.043299060 -0.005210246 0.999048531 113.433975220
0.998962581 -0.011553872 0.044047255 7.137990952 0.011352912 0.999924004 0.004809843 -11.513904572 -0.044099484 -0.004304789 0.999017894 115.679855347
0.998932600 -0.011860785 0.044642646 7.321652412 0.011638325 0.999918520 0.005239801 -11.738655090 -0.044701163 -0.004714642 0.998989284 117.899810791
0.998882353 -0.012404423 0.045608941 7.516169071 0.012135794 0.999907494 0.006161995 -11.961912155 -0.045681149 -0.005601607 0.998940289 120.132125854
0.998859882 -0.013232380 0.045868561 7.721905231 0.012937865 0.999893785 0.006711794 -12.184489250 -0.045952506 -0.006110701 0.998924851 122.339851379
0.998804808 -0.013811785 0.046883553 7.911508560 0.013544150 0.999890089 0.006021365 -12.394133568 -0.046961568 -0.005379170 0.998882174 124.607292175
0.998758733 -0.014616861 0.047615178 8.098327637 0.014387350 0.999883175 0.005159306 -12.616009712 -0.047685027 -0.004467847 0.998852432 126.872169495
0.998746753 -0.016167745 0.047365826 8.294052124 0.015920887 0.999857664 0.005584389 -12.833666801 -0.047449373 -0.004823284 0.998862028 129.127258301
0.998777211 -0.017570285 0.046209142 8.493520737 0.017330471 0.999834180 0.005585332 -13.047091484 -0.046299607 -0.004777676 0.998916090 131.374740601
0.998827517 -0.017879857 0.044988152 8.693152428 0.017595649 0.999822736 0.006705544 -13.263969421 -0.045100071 -0.005906087 0.998964965 133.615188599
0.998898506 -0.019110752 0.042855322 8.897233009 0.018868303 0.999803662 0.006054771 -13.478876114 -0.042962611 -0.005239494 0.999062955 135.835113525
0.998982251 -0.019903800 0.040477529 9.107246399 0.019698581 0.999791086 0.005462487 -13.690748215 -0.040577799 -0.004659577 0.999165535 138.047668457
0.998944700 -0.020841125 0.040928278 9.271302223 0.020626215 0.999771178 0.005666302 -13.915543556 -0.041037008 -0.004816127 0.999145985 140.324066162
0.998927295 -0.021205002 0.041165248 9.444673538 0.020983972 0.999763072 0.005794038 -14.126078606 -0.041278351 -0.004924012 0.999135613 142.553878784
0.998973548 -0.021201676 0.040027894 9.641753197 0.020932483 0.999755383 0.007132270 -14.357443810 -0.040169317 -0.006287067 0.999173105 144.766113281
0.998989463 -0.020323148 0.040087238 9.819046974 0.020105347 0.999780893 0.005828883 -14.571321487 -0.040196907 -0.005017025 0.999179184 147.005508423
0.999003291 -0.019383892 0.040207781 10.002635002 0.019229185 0.999806166 0.004230797 -14.789529800 -0.040281996 -0.003453417 0.999182403 149.251312256
0.999019444 -0.017940648 0.040474895 10.183801651 0.017820992 0.999835670 0.003315163 -15.011925697 -0.040527716 -0.002590610 0.999175072 151.484115601
0.999028862 -0.017306481 0.040518697 10.371966362 0.017184151 0.999846697 0.003365506 -15.229802132 -0.040570732 -0.002665958 0.999173045 153.711776733
0.999017835 -0.016801074 0.041000627 10.558120728 0.016678259 0.999855340 0.003335672 -15.446146011 -0.041050736 -0.002648577 0.999153554 155.958282471
0.999016047 -0.015342424 0.041611724 10.731752396 0.015138784 0.999871850 0.005204533 -15.670656204 -0.041686244 -0.004569461 0.999120414 158.163574219
0.998961329 -0.014589231 0.043168630 10.914035797 0.014330761 0.999877512 0.006290903 -15.892054558 -0.043255124 -0.005665730 0.999047995 160.397384644
0.998945057 -0.013370407 0.043931954 11.090763092 0.013036698 0.999883950 0.007873802 -16.107725143 -0.044032134 -0.007292768 0.999003470 162.646667480
0.998912930 -0.012932661 0.044783238 11.278822899 0.012634065 0.999896049 0.006944198 -16.311061859 -0.044868387 -0.006370855 0.998972595 164.882049561
0.998879611 -0.012340494 0.045686796 11.479925156 0.012088262 0.999910176 0.005793083 -16.526330948 -0.045754172 -0.005234319 0.998939037 167.109207153
0.998800099 -0.010534555 0.047827922 11.667154312 0.010252567 0.999928653 0.006137374 -16.744676590 -0.047889169 -0.005639650 0.998836815 169.340789795
0.998703837 -0.009628099 0.049979199 11.895757675 0.009310114 0.999934912 0.006591266 -16.969827652 -0.050039399 -0.006117410 0.998728633 171.562973022
0.998589575 -0.009848750 0.052171793 12.101480484 0.009519248 0.999933124 0.006560428 -17.186315536 -0.052232917 -0.006054539 0.998616576 173.811660767
0.998513520 -0.009775616 0.053620830 12.313709259 0.009417803 0.999931812 0.006921629 -17.404701233 -0.053684838 -0.006406351 0.998537362 176.054138184
0.998456717 -0.010534105 0.054526787 12.520617485 0.010114414 0.999917090 0.007967228 -17.622316360 -0.054606196 -0.007403426 0.998480499 178.280746460
0.998374224 -0.011422293 0.055841904 12.715183258 0.010989759 0.999907255 0.008046647 -17.835210800 -0.055928636 -0.007419876 0.998407125 180.513290405
0.998441756 -0.012303391 0.054430809 12.932739258 0.011905835 0.999899983 0.007622092 -18.053188324 -0.054519150 -0.006962170 0.998488367 182.761978149
0.998460531 -0.013746700 0.053736854 13.150401115 0.013357528 0.999881923 0.007594676 -18.273345947 -0.053834908 -0.006865192 0.998526216 184.998382568
0.998475671 -0.015395087 0.053002413 13.370686531 0.014962089 0.999851465 0.008556552 -18.487510681 -0.053126257 -0.007750483 0.998557746 187.236816406
0.998476386 -0.016594341 0.052626252 13.572064400 0.016201932 0.999837697 0.007874466 -18.699131012 -0.052748386 -0.007009821 0.998583257 189.446914673
0.998449087 -0.017819691 0.052743617 13.782284737 0.017454717 0.999820471 0.007372387 -18.913852692 -0.052865528 -0.006440330 0.998580873 191.686782837
0.998421550 -0.018857924 0.052903049 13.974838257 0.018500397 0.999802589 0.007239829 -19.138912201 -0.053029135 -0.006249673 0.998573422 193.945968628
0.998438716 -0.018495167 0.052705880 14.190338135 0.018119659 0.999806941 0.007593593 -19.353893280 -0.052836150 -0.006626726 0.998581231 196.182708740
0.998466969 -0.017113332 0.052639086 14.407479286 0.016734516 0.999830842 0.007628889 -19.568613052 -0.052760739 -0.006736304 0.998584449 198.423187256
0.998470366 -0.014196749 0.053434588 14.603168488 0.013805547 0.999875128 0.007683207 -19.800590515 -0.053536996 -0.006933761 0.998541772 200.669906616
0.998441756 -0.013478613 0.054151215 14.815078735 0.013129754 0.999890745 0.006792955 -20.015857697 -0.054236855 -0.006071379 0.998509645 202.929702759
0.998412430 -0.014140162 0.054521970 15.023484230 0.013743489 0.999876320 0.007643573 -20.232053757 -0.054623313 -0.006882116 0.998483241 205.165100098
0.998366296 -0.015496763 0.054995563 15.230491638 0.015064942 0.999852359 0.008257868 -20.447906494 -0.055115417 -0.007415872 0.998452365 207.382919312
0.998346746 -0.015709210 0.055289902 15.455484390 0.015282548 0.999850154 0.008131215 -20.665016174 -0.055409350 -0.007272803 0.998437166 209.654022217
0.998227656 -0.014709461 0.057664145 15.659076691 0.014174339 0.999852657 0.009678045 -20.882986069 -0.057798002 -0.008843541 0.998289168 211.891189575
0.998130918 -0.014344968 0.059404962 15.887626648 0.013815472 0.999861121 0.009314474 -21.095779419 -0.059530325 -0.008476355 0.998190522 214.161575317
0.998009861 -0.012577184 0.061790653 16.109718323 0.012018443 0.999883533 0.009405816 -21.302154541 -0.061901752 -0.008644469 0.998044908 216.386550903
0.997843742 -0.013880621 0.064151935 16.329257965 0.013250526 0.999859750 0.010237018 -21.522878647 -0.064285032 -0.009364895 0.997887611 218.631423950
0.997706532 -0.015036423 0.065996893 16.565490723 0.014362218 0.999839842 0.010678315 -21.729501724 -0.066146888 -0.009705960 0.997762680 220.861953735
0.997600436 -0.015985750 0.067363307 16.803445816 0.015253784 0.999819040 0.011366327 -21.932649612 -0.067532815 -0.010311509 0.997663796 223.097900391
0.997529507 -0.018079514 0.067882493 17.054708481 0.017375501 0.999789119 0.010947206 -22.147329330 -0.068066083 -0.009740668 0.997633278 225.325378418
0.997492552 -0.019376362 0.068067282 17.298171997 0.018691897 0.999768257 0.010678254 -22.352237701 -0.068258405 -0.009379171 0.997623503 227.575576782
0.997453213 -0.019680617 0.068556815 17.542667389 0.018983174 0.999761343 0.010809973 -22.558439255 -0.068753213 -0.009481015 0.997588634 229.812347412
0.997395933 -0.020756558 0.069069169 17.792640686 0.020124469 0.999749064 0.009834913 -22.769418716 -0.069255978 -0.008419325 0.997563422 232.062179565
0.997332990 -0.021779334 0.069659993 18.036926270 0.021063112 0.999717653 0.010999851 -22.973848343 -0.069879867 -0.009503260 0.997510195 234.300491333
0.997326851 -0.020928442 0.070008166 18.316778183 0.020168226 0.999729872 0.011548289 -23.191814423 -0.070230946 -0.010105478 0.997479558 236.581588745
0.997285724 -0.020694653 0.070662327 18.560190201 0.019936351 0.999736011 0.011419894 -23.391191483 -0.070880018 -0.009980147 0.997435033 238.804000854
0.997247994 -0.020870524 0.071139835 18.807882309 0.020083878 0.999729216 0.011755284 -23.597866058 -0.071365915 -0.010294169 0.997397065 241.025833130
0.997177422 -0.021067251 0.072063372 19.052236557 0.020252796 0.999722719 0.012014124 -23.802286148 -0.072296500 -0.010520731 0.997327685 243.268310547
0.997150183 -0.021442365 0.072329558 19.305919647 0.020676507 0.999722123 0.011320758 -24.013010025 -0.072552182 -0.009792974 0.997316539 245.498397827
0.997173905 -0.021205936 0.072072737 19.572126389 0.020482166 0.999732256 0.010766560 -24.223770142 -0.072281756 -0.009259930 0.997341275 247.737136841
0.997141540 -0.021714401 0.072368450 19.828647614 0.020938203 0.999715030 0.011467191 -24.434398651 -0.072596841 -0.009919146 0.997312069 249.978866577
0.997113407 -0.023053361 0.072341420 20.090110779 0.022277234 0.999685466 0.011517326 -24.643022537 -0.072584182 -0.009872514 0.997313559 252.210357666
0.997107685 -0.023259675 0.072354481 20.357910156 0.022428194 0.999673009 0.012283169 -24.850400925 -0.072616532 -0.010624863 0.997303367 254.470901489
0.997061074 -0.024106966 0.072719187 20.600259781 0.023246119 0.999649644 0.012661310 -25.056489944 -0.072998926 -0.010933661 0.997272074 256.688201904
0.997056544 -0.024433326 0.072673932 20.874549866 0.023533234 0.999635696 0.013216098 -25.271400452 -0.072970383 -0.011466941 0.997268200 258.977294922
0.997023523 -0.024134874 0.073222622 21.132467270 0.023260204 0.999647737 0.012774757 -25.473999023 -0.073505148 -0.011033559 0.997233808 261.223815918
0.996997118 -0.024186183 0.073564164 21.395586014 0.023338409 0.999651194 0.012362227 -25.676145554 -0.073837504 -0.010608235 0.997213840 263.481262207
0.996967196 -0.023618510 0.074151456 21.660900116 0.022775510 0.999666214 0.012193789 -25.888803482 -0.074414700 -0.010467971 0.997172415 265.724029541
0.996936142 -0.022966890 0.074772380 21.926193237 0.022141727 0.999684691 0.011846086 -26.084638596 -0.075020880 -0.010154202 0.997130215 267.965972900
0.996790528 -0.022839701 0.076726496 22.184541702 0.021987714 0.999687076 0.011930740 -26.300731659 -0.076974981 -0.010205409 0.996980786 270.217895508
0.996715844 -0.023497930 0.077495083 22.467025757 0.022618568 0.999669671 0.012205727 -26.506967545 -0.077756293 -0.010412812 0.996918023 272.465911865
0.996471882 -0.024040502 0.080410235 22.705505371 0.023051610 0.999647081 0.013203995 -26.710607529 -0.080699272 -0.011303823 0.996674418 274.708557129
0.996366918 -0.023863122 0.081752442 22.983980179 0.022796987 0.999642789 0.013949839 -26.898546219 -0.082056135 -0.012035449 0.996555030 276.947723389
0.996278822 -0.023194389 0.083009437 23.263956070 0.021944193 0.999632061 0.015941825 -27.115629196 -0.083348677 -0.014060927 0.996421218 279.192443848
0.996169567 -0.023163993 0.084319800 23.547416687 0.021788368 0.999614656 0.017198339 -27.318832397 -0.084685713 -0.015295266 0.996290267 281.429962158
0.996135056 -0.022246134 0.084970698 23.837688446 0.020868234 0.999636412 0.017070226 -27.509887695 -0.085319549 -0.015231058 0.996237218 283.698303223
0.996045172 -0.021197222 0.086281687 24.111635208 0.019831112 0.999664545 0.016659675 -27.700580597 -0.086605892 -0.014882728 0.996131480 285.927368164
0.996017218 -0.020503696 0.086771749 24.400440216 0.019267796 0.999700963 0.015056846 -27.884759903 -0.087054521 -0.013324978 0.996114433 288.186676025
0.995954812 -0.021309713 0.087291613 24.679037094 0.020040810 0.999680698 0.015387113 -28.086557388 -0.087591656 -0.013575477 0.996063888 290.413146973
0.995916843 -0.020904914 0.087821268 24.951936722 0.019707175 0.999700904 0.014483418 -28.279129028 -0.088097766 -0.012693575 0.996030867 292.687988281
0.995916605 -0.021392789 0.087706916 25.238155365 0.020268114 0.999700785 0.013693748 -28.473499298 -0.087973610 -0.011860177 0.996052325 294.913055420
0.995908141 -0.021183101 0.087853543 25.524549484 0.020047726 0.999704003 0.013785865 -28.674802780 -0.088119581 -0.011968194 0.996038020 297.138854980
0.995907962 -0.020566935 0.088002235 25.810594559 0.019425502 0.999715984 0.013807412 -28.868667603 -0.088261224 -0.012041425 0.996024549 299.375946045
0.995836616 -0.020596365 0.088797845 26.077449799 0.019366296 0.999704480 0.014691878 -29.070901871 -0.089074224 -0.012911028 0.995941222 301.588226318
0.995827258 -0.020719625 0.088874988 26.369983673 0.019467024 0.999698877 0.014937752 -29.270301819 -0.089157730 -0.013145290 0.995930791 303.834350586
0.995801389 -0.020280175 0.089265622 26.659713745 0.018996712 0.999703884 0.015204248 -29.465213776 -0.089547530 -0.013444660 0.995891750 306.067565918
0.995794952 -0.020894323 0.089195788 26.949943542 0.019625090 0.999693573 0.015083170 -29.668376923 -0.089483604 -0.013269272 0.995899856 308.311889648
0.995737612 -0.021838771 0.089608699 27.241975784 0.020508040 0.999665678 0.015744491 -29.871120453 -0.089922599 -0.013839682 0.995852590 310.576660156
0.995705545 -0.021915827 0.089945413 27.533432007 0.020627115 0.999671161 0.015232425 -30.069799423 -0.090249665 -0.013311695 0.995830119 312.802398682
0.995741606 -0.021243952 0.089706697 27.835510254 0.019913178 0.999678373 0.015703835 -30.267267227 -0.090011470 -0.013850620 0.995844424 315.056060791
0.995693326 -0.019611366 0.090610214 28.122943878 0.018312003 0.999717534 0.015149318 -30.467636108 -0.090881705 -0.013424821 0.995771229 317.276672363
0.995673835 -0.017893912 0.091177888 28.412296295 0.016545322 0.999742508 0.015525271 -30.664094925 -0.091432206 -0.013949538 0.995713592 319.528198242
0.995613873 -0.016479975 0.092093751 28.698116302 0.015179326 0.999775171 0.014805837 -30.859924316 -0.092317037 -0.013342977 0.995640278 321.749786377
0.995575309 -0.015649140 0.092654765 28.987060547 0.014275985 0.999778628 0.015464437 -31.054508209 -0.092876248 -0.014073277 0.995578170 323.988342285
0.995598435 -0.015553503 0.092421934 29.292018890 0.014049083 0.999758363 0.016906135 -31.260353088 -0.092662558 -0.015533278 0.995576382 326.215454102
0.995539665 -0.016322950 0.092920944 29.579290390 0.014873757 0.999757051 0.016267320 -31.452337265 -0.093163900 -0.014812680 0.995540619 328.455139160
0.995535016 -0.017488912 0.092758909 29.885450363 0.016118435 0.999749839 0.015503301 -31.647495270 -0.093006842 -0.013938951 0.995567918 330.684844971
0.995510638 -0.017398247 0.093036853 30.172313690 0.016046340 0.999754727 0.015259308 -31.847610474 -0.093279526 -0.013697904 0.995545745 332.897064209
0.995469093 -0.017648693 0.093433581 30.465162277 0.016193947 0.999735832 0.016305277 -32.040237427 -0.093696684 -0.014718342 0.995491922 335.141418457
0.995503366 -0.017918075 0.093015403 30.772752762 0.016453449 0.999728680 0.016489200 -32.235408783 -0.093285628 -0.014884631 0.995528102 337.372100830
0.995463133 -0.017348344 0.093553275 31.056373596 0.015862415 0.999736309 0.016603597 -32.432308197 -0.093816660 -0.015044284 0.995475769 339.601501465
0.995481074 -0.017214341 0.093388394 31.361465454 0.015765209 0.999743938 0.016232969 -32.629325867 -0.093643926 -0.014687323 0.995497406 341.839202881
0.995481133 -0.017181760 0.093391888 31.657012939 0.015668005 0.999734044 0.016917853 -32.825260162 -0.093657732 -0.015378139 0.995485604 344.089019775
0.995504856 -0.016851567 0.093199432 31.950511932 0.015343879 0.999739885 0.016870042 -33.016136169 -0.093459472 -0.015364168 0.995504498 346.328155518
0.995520353 -0.016560465 0.093086049 32.244514465 0.015070251 0.999747157 0.016689273 -33.208457947 -0.093338907 -0.015211675 0.995518208 348.563598633
0.995451808 -0.016127195 0.093891174 32.536773682 0.014568197 0.999744773 0.017266132 -33.408302307 -0.094145671 -0.015819777 0.995432734 350.799926758
0.995476127 -0.016014837 0.093652554 32.836765289 0.014421368 0.999739885 0.017666811 -33.604110718 -0.093911126 -0.016236294 0.995448172 353.016967773
0.995498002 -0.015949551 0.093430482 33.134635925 0.014428098 0.999752462 0.016937315 -33.794368744 -0.093677498 -0.015513037 0.995481670 355.266754150
0.995534360 -0.015844250 0.093060873 33.433506012 0.014278763 0.999745548 0.017464010 -33.988395691 -0.093313895 -0.016057227 0.995507240 357.501190186
0.995624542 -0.015284495 0.092184752 33.738540649 0.013627483 0.999734521 0.018577700 -34.187168121 -0.092444219 -0.017240167 0.995568573 359.738250732
0.995628119 -0.015338317 0.092137352 34.034938812 0.013664167 0.999730408 0.018773634 -34.383975983 -0.092400461 -0.017432578 0.995569289 361.976989746
0.995654941 -0.015078627 0.091889918 34.333385468 0.013360584 0.999724805 0.019283321 -34.575057983 -0.092155404 -0.017971832 0.995582461 364.215057373
0.995703816 -0.014983727 0.091374956 34.633773804 0.013321460 0.999734938 0.018774560 -34.768585205 -0.091632038 -0.017476652 0.995639563 366.477233887
0.995706975 -0.015599746 0.091237485 34.922565460 0.013952351 0.999728382 0.018666154 -34.961654663 -0.091503903 -0.017313041 0.995654166 368.722320557
0.995702565 -0.015422958 0.091316059 35.212764740 0.013845000 0.999744117 0.017888505 -35.148033142 -0.091568604 -0.016547356 0.995661318 370.982177734
0.995738924 -0.015865680 0.090842038 35.501659393 0.014285205 0.999735475 0.018021921 -35.344364166 -0.091103949 -0.016647426 0.995702326 373.211975098
0.995868027 -0.015789961 0.089429535 35.811824799 0.014192024 0.999728560 0.018475970 -35.531314850 -0.089696996 -0.017130440 0.995821774 375.453521729
0.995756209 -0.015860245 0.090653174 36.089168549 0.014185366 0.999717057 0.019090265 -35.720603943 -0.090930320 -0.017723300 0.995699525 377.706817627
0.995742619 -0.016478477 0.090692125 36.382717133 0.014772212 0.999701619 0.019453097 -35.915950775 -0.090985626 -0.018030550 0.995688975 379.953186035
0.995723903 -0.016279439 0.090933159 36.676212311 0.014566946 0.999704361 0.019464524 -36.101322174 -0.091223143 -0.018056672 0.995666742 382.215240479
0.995728850 -0.015488883 0.091017596 36.972671509 0.013741072 0.999709547 0.019798424 -36.294441223 -0.091297813 -0.018463183 0.995652378 384.464630127
0.995723248 -0.014452236 0.091248952 37.268333435 0.012698756 0.999723971 0.019767899 -36.476329803 -0.091509439 -0.018524610 0.995631874 386.723083496
0.995740235 -0.013262738 0.091244161 37.574558258 0.011503430 0.999738097 0.019780295 -36.672756195 -0.091482595 -0.018646413 0.995632112 388.996551514
0.995719790 -0.011699813 0.091679044 37.867206573 0.009929137 0.999755740 0.019746218 -36.864540100 -0.091887660 -0.018751411 0.995592773 391.272521973
0.995754004 -0.010340783 0.091473013 38.168266296 0.008445030 0.999741971 0.021087559 -37.052635193 -0.091667473 -0.020225521 0.995584249 393.533233643
0.995671809 -0.009093973 0.092493139 38.455135345 0.007127614 0.999741912 0.021567686 -37.242073059 -0.092665412 -0.020815074 0.995479703 395.790527344
0.995614886 -0.008795533 0.093132533 38.751712799 0.006960923 0.999775648 0.020005483 -37.434192657 -0.093287595 -0.019269472 0.995452702 398.050445557
0.995498836 -0.007894780 0.094444767 39.044826508 0.006086309 0.999792874 0.019421211 -37.621654510 -0.094578519 -0.018758973 0.995340586 400.322723389
0.995449781 -0.009381149 0.094824754 39.341228485 0.007468031 0.999761760 0.020510089 -37.810020447 -0.094994567 -0.019708605 0.995282650 402.578002930
0.995375991 -0.010968791 0.095426537 39.641963959 0.008926489 0.999722481 0.021802468 -38.001571655 -0.095639199 -0.020849830 0.995197594 404.829010010
0.995379329 -0.011659275 0.095309936 39.948356628 0.009628863 0.999717414 0.021735497 -38.187808990 -0.095536411 -0.020717338 0.995210350 407.109069824
0.995362103 -0.011550173 0.095503218 40.262840271 0.009654210 0.999747574 0.020290650 -38.369403839 -0.095713474 -0.019274537 0.995222390 409.373748779
0.995251238 -0.008988221 0.096922696 40.577320099 0.006980369 0.999754369 0.021035213 -38.569698334 -0.097087950 -0.020258768 0.995069623 411.632110596
0.995174706 -0.007657716 0.097818904 40.875720978 0.005652738 0.999768555 0.020757545 -38.756065369 -0.097955212 -0.020104440 0.994987726 413.870910645
0.995063603 -0.006466920 0.099029340 41.185760498 0.004433014 0.999774933 0.020744700 -38.942722321 -0.099141225 -0.020203296 0.994868279 416.144073486
0.995000660 -0.006601235 0.099650182 41.501701355 0.004579601 0.999779344 0.020502459 -39.131050110 -0.099763535 -0.019943599 0.994811296 418.395843506
0.994904280 -0.006478711 0.100615442 41.810161591 0.004432483 0.999779046 0.020547388 -39.316436768 -0.100726336 -0.019996705 0.994713187 420.647613525
0.994803131 -0.006611763 0.101602055 42.114772797 0.004558335 0.999780893 0.020429416 -39.506965637 -0.101714872 -0.019860106 0.994615316 422.899688721
0.994734645 -0.006964239 0.102247439 42.433105469 0.004799932 0.999759495 0.021398140 -39.693855286 -0.102371894 -0.020794692 0.994528770 425.169586182
0.994681001 -0.006071363 0.102825396 42.746803284 0.003816811 0.999748290 0.022108590 -39.879776001 -0.102933750 -0.021598529 0.994453609 427.420654297
0.994585335 -0.005227282 0.103792146 43.068107605 0.002874586 0.999735832 0.022804042 -40.063232422 -0.103883937 -0.022382203 0.994337440 429.694549561
0.994597971 -0.005993027 0.103629038 43.385913849 0.003619987 0.999727249 0.023072306 -40.259513855 -0.103739031 -0.022572530 0.994348347 431.951599121
0.994549990 -0.006965830 0.104027942 43.714035034 0.004640340 0.999734223 0.022579793 -40.453617096 -0.104157574 -0.021974005 0.994318008 434.219818115
0.994530201 -0.006128519 0.104268700 44.039131165 0.003798104 0.999738872 0.022533985 -40.624057770 -0.104379565 -0.022014705 0.994293869 436.480804443
0.994490802 -0.006530426 0.104619808 44.364845276 0.004161276 0.999730289 0.022847621 -40.808700562 -0.104740791 -0.022286396 0.994249821 438.763885498
0.994517684 -0.006608959 0.104359403 44.696884155 0.004211213 0.999722421 0.023179488 -40.991424561 -0.104483627 -0.022612931 0.994269550 441.034484863
0.994520664 -0.005636871 0.104388252 45.043064117 0.003162734 0.999710441 0.023851676 -41.185470581 -0.104492471 -0.023390831 0.994250596 443.312622070
0.994502127 -0.006305249 0.104525931 45.373012543 0.003823431 0.999706507 0.023926944 -41.365180969 -0.104646116 -0.023395749 0.994234204 445.587554932
0.994501591 -0.006233703 0.104535960 45.698787689 0.003790985 0.999715447 0.023549682 -41.549827576 -0.104653016 -0.023023896 0.994242251 447.852233887
0.994522512 -0.005730325 0.104365222 46.028007507 0.003315474 0.999723017 0.023297271 -41.736686707 -0.104469828 -0.022823641 0.994266093 450.116241455
0.994450033 -0.005123303 0.105085365 46.348815918 0.002709141 0.999729395 0.023103235 -41.925666809 -0.105175279 -0.022690320 0.994194806 452.377197266
0.994356692 -0.004459479 0.105995603 46.669754028 0.002016275 0.999729991 0.023146056 -42.101055145 -0.106070235 -0.022801718 0.994097114 454.654571533
0.994345129 -0.004852122 0.106085867 46.993267059 0.002430327 0.999733686 0.022946008 -42.291286469 -0.106168956 -0.022558425 0.994092107 456.918151855
0.994371057 -0.003872791 0.105883092 47.329685211 0.001558389 0.999758363 0.021932080 -42.470680237 -0.105942428 -0.021643624 0.994136810 459.194915771
0.994352996 -0.002740994 0.106087461 47.658020020 0.000349330 0.999745488 0.022556283 -42.657562256 -0.106122300 -0.022391850 0.994100869 461.472259521
0.994349241 -0.002114495 0.106136657 47.982170105 -0.000408551 0.999717951 0.023744304 -42.838649750 -0.106156923 -0.023653492 0.994068027 463.740264893
0.994401991 -0.002348065 0.105637126 48.303127289 -0.000202452 0.999709010 0.024126934 -43.018272400 -0.105663016 -0.024013259 0.994111955 466.000213623
0.994503736 -0.002414807 0.104672857 48.635433197 0.000016845 0.999737680 0.022903947 -43.198204041 -0.104700692 -0.022776296 0.994242847 468.278137207
0.994553566 -0.002432959 0.104197487 48.967914581 0.000052475 0.999739051 0.022842534 -43.390712738 -0.104225881 -0.022712657 0.994294286 470.571685791
0.994659126 -0.003004627 0.103170522 49.297969818 0.000527652 0.999711096 0.024027456 -43.581798553 -0.103212886 -0.023844689 0.994373441 472.848999023
0.994653225 -0.003194311 0.103221297 49.611927032 0.000683346 0.999703228 0.024352254 -43.767066956 -0.103268445 -0.024151513 0.994360328 475.125061035
0.994809806 -0.003090130 0.101703897 49.941932678 0.000681607 0.999718785 0.023707947 -43.934944153 -0.101748548 -0.023515582 0.994532168 477.409576416
0.994830906 -0.003247347 0.101493366 50.265106201 0.000776449 0.999702513 0.024375452 -44.118301392 -0.101542324 -0.024170645 0.994537473 479.692443848
0.994844437 -0.003816830 0.101340845 50.588897705 0.001277672 0.999683917 0.025108716 -44.300350189 -0.101404645 -0.024849785 0.994534850 481.965454102
0.994828761 -0.004268222 0.101477213 50.897972107 0.001819490 0.999705136 0.024211168 -44.478862762 -0.101550639 -0.023901330 0.994543195 484.251861572
0.994949758 -0.005237984 0.100237593 51.228450775 0.002726179 0.999679267 0.025179094 -44.670761108 -0.100337327 -0.024778668 0.994644880 486.558654785
0.995009243 -0.005473323 0.099632457 51.550060272 0.002992353 0.999682128 0.025033651 -44.846618652 -0.099737816 -0.024610579 0.994709373 488.843902588
0.995030284 -0.004984509 0.099447839 51.864353180 0.002472668 0.999675214 0.025365155 -45.022270203 -0.099541970 -0.024993196 0.994719446 491.137817383
0.995081425 -0.004609791 0.098952226 52.187236786 0.002044506 0.999659717 0.026010253 -45.202075958 -0.099038437 -0.025680013 0.994752169 493.424957275
0.995084822 -0.004536018 0.098922297 52.492286682 0.001991078 0.999664843 0.025810236 -45.382751465 -0.099006191 -0.025486410 0.994760513 495.728729248
0.995108724 -0.004317027 0.098691255 52.818134308 0.001828350 0.999678373 0.025293332 -45.569229126 -0.098768719 -0.024989178 0.994796515 498.046173096
0.995144546 -0.004409712 0.098325141 53.130752563 0.001836266 0.999653757 0.026247969 -45.749641418 -0.098406859 -0.025939977 0.994808137 500.338745117
0.995143890 -0.004161049 0.098343879 53.436550140 0.001542916 0.999642730 0.026683304 -45.933883667 -0.098419793 -0.026401989 0.994794667 502.612762451
0.995178998 -0.003315116 0.098019511 53.751602173 0.000759628 0.999659061 0.026097046 -46.113899231 -0.098072596 -0.025896775 0.994842231 504.896759033
0.995172262 -0.003065733 0.098095939 54.057624817 0.000453353 0.999644876 0.026642088 -46.291942596 -0.098142780 -0.026468992 0.994820297 507.184234619
0.995200634 -0.003198906 0.097802974 54.372570038 0.000676911 0.999666810 0.025808804 -46.471794128 -0.097852923 -0.025618736 0.994871080 509.475402832
0.995225549 -0.003927945 0.097522810 54.692241669 0.001338877 0.999645293 0.026599592 -46.655368805 -0.097592697 -0.026342023 0.994877756 511.774291992
0.995232284 -0.003628847 0.097465806 55.003696442 0.001020657 0.999640405 0.026796598 -46.829967499 -0.097527996 -0.026569359 0.994878054 514.076110840
0.995256722 -0.002938203 0.097239301 55.317008972 0.000370615 0.999651074 0.026412362 -47.004081726 -0.097282976 -0.026251048 0.994910419 516.382202148
0.995233476 -0.002058954 0.097499624 55.618644714 -0.000505539 0.999654770 0.026270593 -47.184364319 -0.097520053 -0.026194662 0.994888783 518.672363281
0.995138705 0.000436854 0.098483346 55.926162720 -0.003044628 0.999648631 0.026330607 -47.366165161 -0.098437257 -0.026502453 0.994790316 521.020690918
0.995082140 0.002590992 0.099019565 56.247188568 -0.005216747 0.999641359 0.026267808 -47.541927338 -0.098916017 -0.026655190 0.994738698 523.353454590
0.995012581 0.003491261 0.099687584 56.562744141 -0.006254756 0.999604344 0.027422488 -47.712562561 -0.099552393 -0.027909249 0.994640827 525.670776367
0.994939387 0.002909236 0.100435011 56.873207092 -0.005672334 0.999613047 0.027236702 -47.887924194 -0.100316897 -0.027668573 0.994570732 527.978698730
0.994870663 0.001291610 0.101147160 57.182331085 -0.004204246 0.999582410 0.028588157 -48.062599182 -0.101068005 -0.028866760 0.994460642 530.288635254
0.994817197 -0.000269584 0.101678617 57.509273529 -0.002619387 0.999596655 0.028278181 -48.236351013 -0.101645239 -0.028397957 0.994415283 532.600341797
0.994792044 -0.000437942 0.101924270 57.830837250 -0.002397083 0.999613643 0.027690869 -48.411972046 -0.101897031 -0.027790980 0.994406700 534.905212402
0.994706213 -0.000467687 0.102757715 58.151504517 -0.002362886 0.999621153 0.027422631 -48.586082458 -0.102731608 -0.027520269 0.994328320 537.213806152
0.994617879 -0.000206480 0.103611194 58.468441010 -0.002614213 0.999629676 0.027087295 -48.769088745 -0.103578418 -0.027212368 0.994248986 539.519042969
0.994517922 0.000712991 0.104563668 58.789730072 -0.003507436 0.999641478 0.026543373 -48.944763184 -0.104507282 -0.026764615 0.994163871 541.835205078
0.994446516 0.000971315 0.105238661 59.126003265 -0.003695606 0.999663055 0.025694879 -49.124031067 -0.105178252 -0.025941102 0.994114995 544.157714844
0.994281292 0.001212993 0.106785879 59.430950165 -0.004039145 0.999647141 0.026253294 -49.305961609 -0.106716357 -0.026534487 0.993935406 546.464660645
0.994221985 0.001265184 0.107336305 59.763740540 -0.004198923 0.999623537 0.027110623 -49.485610962 -0.107261606 -0.027404673 0.993853092 548.781799316
0.994127512 0.001282584 0.108206682 60.087444305 -0.004248498 0.999621391 0.027183639 -49.662834167 -0.108130865 -0.027483718 0.993756831 551.081848145
0.994174719 0.000123352 0.107781321 60.434215546 -0.002975462 0.999649644 0.026301581 -49.840675354 -0.107740343 -0.026469067 0.993826628 553.392395020
0.994181514 -0.000176877 0.107717812 60.776992798 -0.002720116 0.999638557 0.026746754 -50.022335052 -0.107683592 -0.026884131 0.993821681 555.707580566
0.994096041 0.000213255 0.108504616 61.104915619 -0.003180509 0.999625623 0.027174471 -50.200439453 -0.108458214 -0.027359132 0.993724465 558.014648438
0.994054079 0.000898385 0.108883619 61.444065094 -0.003976943 0.999598444 0.028059991 -50.376686096 -0.108814687 -0.028326176 0.993658364 560.346374512
0.994046330 0.000685004 0.108957067 61.790592194 -0.003854456 0.999575377 0.028881045 -50.555023193 -0.108891040 -0.029129066 0.993626833 562.678344727
0.994019866 0.001133482 0.109192774 62.134841919 -0.004382153 0.999554634 0.029516330 -50.728233337 -0.109110706 -0.029818321 0.993582189 564.992431641
0.993963659 0.002136137 0.109688975 62.479228973 -0.005323580 0.999571741 0.028774293 -50.905639648 -0.109580547 -0.029184539 0.993549347 567.309814453
0.993959844 0.003206642 0.109697476 62.836170197 -0.006248512 0.999605119 0.027397113 -51.078010559 -0.109566301 -0.027917078 0.993587375 569.642578125
0.993926585 0.003640812 0.109985121 63.188644409 -0.006709821 0.999598026 0.027546648 -51.255401611 -0.109840602 -0.028117329 0.993551433 571.957885742
0.993898034 0.003195662 0.110256203 63.525566101 -0.006397334 0.999567628 0.028696951 -51.442077637 -0.110116825 -0.029227193 0.993488789 574.335815430
0.993918180 0.003129537 0.110076331 63.883037567 -0.006479821 0.999526083 0.030091465 -51.623626709 -0.109929994 -0.030621726 0.993467569 576.643615723
0.993732989 0.003886654 0.111712396 64.199119568 -0.007092717 0.999573827 0.028316168 -51.795898438 -0.111554749 -0.028931050 0.993337095 579.030212402
0.993784606 0.003411149 0.111267515 64.555755615 -0.006586422 0.999581099 0.028182223 -51.967662811 -0.111124761 -0.028739912 0.993390858 581.365295410
0.993697345 0.002798943 0.112060815 64.897239685 -0.006170128 0.999538302 0.029748034 -52.150390625 -0.111925840 -0.030251974 0.993255913 583.685974121
0.993783832 0.002960046 0.111286752 65.255538940 -0.006287511 0.999543190 0.029560877 -52.319480896 -0.111148417 -0.030076846 0.993348539 585.997741699
0.993752122 0.000452441 0.111609735 65.622032166 -0.003625524 0.999594867 0.028228849 -52.498592377 -0.111551762 -0.028457120 0.993351102 588.375061035
0.993798435 0.000099436 0.111195698 65.983520508 -0.003266279 0.999594212 0.028298108 -52.672691345 -0.111147769 -0.028485810 0.993395567 590.724243164
0.993813872 -0.001459970 0.111048877 66.333465576 -0.001728097 0.999589264 0.028607013 -52.847301483 -0.111045033 -0.028621951 0.993403077 593.059326172
0.993862450 -0.002167407 0.110601850 66.695686340 -0.001029490 0.999583483 0.028839260 -53.024497986 -0.110618293 -0.028776115 0.993446290 595.416503906
