1.000000000 0.000000000 0.000000000 0.000000000 0.000000000 1.000000000 0.000000000 0.000000000 0.000000000 0.000000000 1.000000000 0.000000000
0.999999881 0.000142554 0.000463518 0.086122110 -0.000142484 1.000000000 -0.000150564 -0.225749686 -0.000463540 0.000150498 0.999999881 2.289458752
0.999999046 0.000566830 0.001262339 0.163354948 -0.000567363 0.999999762 0.000422086 -0.463244975 -0.001262099 -0.000422802 0.999999046 4.588754177
0.999998569 0.000149815 0.001674038 0.262661189 -0.000150862 0.999999821 0.000625418 -0.694872379 -0.001673944 -0.000625669 0.999998391 6.878606319
0.999996543 0.000031659 0.002636924 0.353262186 -0.000028713 0.999999404 -0.001117079 -0.927124441 -0.002636958 0.001117000 0.999995887 9.173467636
0.999987662 0.001818256 0.004628273 0.445547044 -0.001819873 0.999998331 0.000345065 -1.163578868 -0.004627637 -0.000353483 0.999989212 11.476868629
0.999966800 0.003707042 0.007249057 0.532565713 -0.003716711 0.999992192 0.001320785 -1.392021179 -0.007244105 -0.001347684 0.999972880 13.787672997
0.999948800 0.003578397 0.009465803 0.641506553 -0.003617923 0.999984801 0.004161829 -1.622932434 -0.009450766 -0.004195862 0.999946535 16.058982849
0.999941468 0.003740602 0.010154483 0.766914070 -0.003790459 0.999980927 0.004895100 -1.848464012 -0.010135978 -0.004933305 0.999936402 18.415555954
0.999927878 0.002840862 0.011669098 0.878880143 -0.002899365 0.999983251 0.004999699 -2.073156834 -0.011654700 -0.005033172 0.999919415 20.706901550
0.999928653 0.000488255 0.011936675 1.002937078 -0.000520827 0.999996126 0.002725744 -2.301660776 -0.011935297 -0.002731766 0.999925017 23.029939651
0.999916196 -0.001791889 0.012825763 1.110088706 0.001781936 0.999998033 0.000787356 -2.523373365 -0.012827149 -0.000764435 0.999917448 25.312347412
0.999916375 -0.002521164 0.012682603 1.251257539 0.002517652 0.999996781 0.000292867 -2.774232388 -0.012683301 -0.000260912 0.999919474 27.630373001
0.999904811 -0.002160501 0.013623307 1.358315825 0.002169925 0.999997437 -0.000677043 -3.000319481 -0.013621808 0.000706541 0.999907017 29.917547226
0.999894202 0.000160572 0.014542921 1.475325108 -0.000182196 0.999998868 0.001485564 -3.227988243 -0.014542665 -0.001488056 0.999893129 32.195320129
0.999891937 0.002157708 0.014544398 1.606050491 -0.002212365 0.999990523 0.003742887 -3.449950933 -0.014536182 -0.003774660 0.999887168 34.475811005
0.999866724 0.004132345 0.015792580 1.723151207 -0.004258719 0.999959052 0.007976821 -3.683849573 -0.015758976 -0.008043014 0.999843419 36.774921417
0.999844015 0.005971609 0.016617835 1.837636948 -0.006095641 0.999953806 0.007423219 -3.901492834 -0.016572740 -0.007523357 0.999834239 39.046733856
0.999819696 0.005014226 0.018321753 1.945374727 -0.005127320 0.999968052 0.006130793 -4.110447884 -0.018290432 -0.006223629 0.999813318 41.344562531
0.999825001 0.002569570 0.018530801 2.068742752 -0.002662621 0.999983907 0.004998540 -4.334681511 -0.018517660 -0.005047006 0.999815762 43.623447418
0.999828756 0.002394512 0.018349104 2.209146023 -0.002466542 0.999989271 0.003903896 -4.557516098 -0.018339565 -0.003948486 0.999824047 45.866844177
0.999828875 0.001606040 0.018430578 2.335461140 -0.001665685 0.999993443 0.003221316 -4.789671898 -0.018425288 -0.003251464 0.999824941 48.143737793
0.999827445 0.000154443 0.018571680 2.470361948 -0.000219012 0.999993920 0.003474703 -5.016819954 -0.018571034 -0.003478171 0.999821484 50.424766541
0.999809504 -0.000848821 0.019498313 2.598915100 0.000770602 0.999991596 0.004018746 -5.242682934 -0.019501556 -0.004002955 0.999801934 52.689758301
0.999803603 -0.002133390 0.019703444 2.734381437 0.002055157 0.999989927 0.003989951 -5.471194744 -0.019711757 -0.003948674 0.999797940 54.971706390
0.999780118 -0.002657606 0.020807065 2.856418133 0.002564823 0.999986649 0.004484618 -5.702101707 -0.020818708 -0.004430263 0.999773443 57.265830994
0.999764562 -0.004087810 0.021310436 2.994469643 0.003980345 0.999979138 0.005082869 -5.925235271 -0.021330770 -0.004996849 0.999759972 59.531391144
0.999724448 -0.005615823 0.022792038 3.120992661 0.005516626 0.999975026 0.004412724 -6.146773815 -0.022816250 -0.004285773 0.999730468 61.798221588
0.999708831 -0.006371783 0.023269808 3.269423962 0.006274284 0.999971211 0.004260573 -6.370307922 -0.023296285 -0.004113332 0.999720097 64.051330566
0.999679446 -0.005817211 0.024639986 3.405837536 0.005697377 0.999971628 0.004930766 -6.593134403 -0.024667969 -0.004788801 0.999684215 66.321876526
0.999664426 -0.004876784 0.025438890 3.553616047 0.004738498 0.999973595 0.005493447 -6.821402550 -0.025465013 -0.005371061 0.999661267 68.585220337
0.999627233 -0.005081765 0.026825422 3.689120531 0.004947571 0.999974906 0.005066550 -7.043528557 -0.026850492 -0.004931940 0.999627411 70.837875366
0.999610305 -0.005901341 0.027283818 3.845918179 0.005801890 0.999976218 0.003722833 -7.265864849 -0.027305137 -0.003563085 0.999620795 73.094421387
0.999595404 -0.006816471 0.027614042 4.002709389 0.006703794 0.999968827 0.004170949 -7.492614746 -0.027641613 -0.003984143 0.999609947 75.379547119
0.999544203 -0.008115660 0.029079057 4.157021999 0.008012336 0.999961138 0.003667980 -7.721997261 -0.029107695 -0.003433318 0.999570310 77.645065308
0.999540210 -0.008967218 0.028964564 4.311377525 0.008873709 0.999954998 0.003355258 -7.949404240 -0.028993346 -0.003096692 0.999574721 79.908760071
0.999511003 -0.009424769 0.029813780 4.458298683 0.009339257 0.999951839 0.003006149 -8.165792465 -0.029840676 -0.002726240 0.999550939 82.163764954
0.999492884 -0.008550721 0.030676460 4.622341156 0.008456306 0.999959111 0.003206220 -8.398873329 -0.030702624 -0.002945185 0.999524236 84.441741943
0.999443233 -0.008303392 0.032314245 4.776836395 0.008190147 0.999959886 0.003635234 -8.615683556 -0.032343131 -0.003368552 0.999471128 86.697441101
0.999445260 -0.008040754 0.032319285 4.945899487 0.007881014 0.999956071 0.005066892 -8.849538803 -0.032358605 -0.004809372 0.999464691 88.980606079
0.999415100 -0.007035289 0.033464205 5.103563309 0.006837749 0.999958515 0.006013794 -9.077667236 -0.033505123 -0.005781458 0.999421835 91.233810425
0.999389946 -0.006844648 0.034247197 5.269984245 0.006639792 0.999959350 0.006091886 -9.297844887 -0.034287505 -0.005860776 0.999394834 93.472297668
0.999376178 -0.006615784 0.034694679 5.434316635 0.006445262 0.999966562 0.005024485 -9.514866829 -0.034726765 -0.004797732 0.999385357 95.714004517
0.999340475 -0.007141076 0.035601523 5.598932743 0.006951868 0.999961078 0.005435531 -9.734853745 -0.035638943 -0.005184451 0.999351203 97.960769653
0.999310970 -0.006961706 0.036457788 5.758547783 0.006787911 0.999964952 0.004888644 -9.962475777 -0.036490545 -0.004637804 0.999323249 100.210105896
0.999241471 -0.006877966 0.038333260 5.908340454 0.006660258 0.999960959 0.005804168 -10.176684380 -0.038371690 -0.005544455 0.999248147 102.438613892
0.999248683 -0.007016349 0.038115144 6.109939575 0.006795606 0.999959409 0.005917919 -10.402413368 -0.038155124 -0.005654458 0.999255836 104.706703186
0.999211907 -0.007729562 0.038934123 6.281882286 0.007485113 0.999951303 0.006420388 -10.615371704 -0.038981855 -0.006123903 0.999221146 106.942985535
0.999182582 -0.009148756 0.039374337 6.462151527 0.008898835 0.999939144 0.006517865 -10.830394745 -0.039431572 -0.006162153 0.999203205 109.196083069
0.999135792 -0.010114082 0.040314693 6.634919643 0.009818515 0.999923468 0.007522775 -11.055994034 -0.040387694 -0.007120443 0.999158740 111.449264526
0.999124646 -0.010974009 0.040370025 6.828688622 0.010742344 0.999924541 0.005951024 -11.273664474 -0.040432300 -0.005512145 0.999167025 113.720642090
0.999078691 -0.011312633 0.041396718 7.007573605 0.011109696 0.999925256 0.005128981 -11.493464470 -0.041451644 -0.004664350 0.999129653 115.972816467
0.999045432 -0.011767210 0.042068589 7.187756062 0.011538014 0.999917269 0.005686807 -11.720602989 -0.042132035 -0.005195991 0.999098539 118.219696045
0.998988926 -0.012177689 0.043274354 7.370452404 0.011908263 0.999908090 0.006478305 -11.943904877 -0.043349266 -0.005956433 0.999042153 120.492568970
0.998946667 -0.012737292 0.044081841 7.562751770 0.012445868 0.999898851 0.006879152 -12.166190147 -0.044164997 -0.006323270 0.999004364 122.735733032
0.998894930 -0.013838293 0.044915356 7.753904343 0.013544095 0.999884844 0.006847839 -12.389655113 -0.045004949 -0.006231933 0.998967290 125.002792358
0.998873889 -0.014707629 0.045106836 7.946990013 0.014451379 0.999877572 0.006001866 -12.610271454 -0.045189589 -0.005343251 0.998964071 127.266746521
0.998855770 -0.016214268 0.044991862 8.135374069 0.015937088 0.999851704 0.006512537 -12.828804970 -0.045090791 -0.005788045 0.998966098 129.525817871
0.998871028 -0.017275117 0.044251937 8.319747925 0.016992552 0.999832749 0.006753640 -13.042642593 -0.044361196 -0.005994062 0.998997509 131.778564453
0.998935103 -0.017430112 0.042718913 8.518799782 0.017097253 0.999820709 0.008144844 -13.261220932 -0.042853218 -0.007405794 0.999053955 134.016159058
0.998984516 -0.018482845 0.041089583 8.715055466 0.018167323 0.999802649 0.008039125 -13.491783142 -0.041230060 -0.007284474 0.999123096 136.272705078
0.999057949 -0.019291924 0.038873706 8.925633430 0.019027678 0.999793351 0.007156116 -13.696724892 -0.039003734 -0.006409698 0.999218464 138.496322632
0.999056339 -0.019787677 0.038663361 9.089971542 0.019513343 0.999781728 0.007459986 -13.916547775 -0.038802542 -0.006698495 0.999224365 140.775588989
0.999047995 -0.020061942 0.038735647 9.257144928 0.019787468 0.999776483 0.007456323 -14.121452332 -0.038876571 -0.006682744 0.999221683 143.007583618
0.999080837 -0.020231862 0.037787098 9.438944817 0.019914370 0.999763310 0.008759574 -14.348608971 -0.037955385 -0.007999019 0.999247372 145.251525879
0.999100387 -0.019301843 0.037760261 9.612061501 0.019031212 0.999790668 0.007513455 -14.559333801 -0.037897382 -0.006788074 0.999258578 147.498947144
0.999113381 -0.018090568 0.038014803 9.784461975 0.017878732 0.999822736 0.005905095 -14.772449493 -0.038114894 -0.005220203 0.999259651 149.753540039
0.999133706 -0.016279610 0.038299479 9.958442688 0.016095316 0.999857366 0.005115262 -14.991941452 -0.038377289 -0.004494389 0.999253333 152.003616333
0.999140203 -0.015381938 0.038499780 10.141983032 0.015197596 0.999871612 0.005076238 -15.207010269 -0.038572930 -0.004486770 0.999245644 154.248901367
0.999135435 -0.014595623 0.038927011 10.320106506 0.014388034 0.999880791 0.005607666 -15.424573898 -0.039004225 -0.005042734 0.999226332 156.513580322
0.999143243 -0.013875169 0.038989853 10.513664246 0.013630007 0.999885738 0.006546654 -15.643739700 -0.039076231 -0.006009613 0.999218166 158.742660522
0.999083161 -0.013487016 0.040629845 10.674591064 0.013186827 0.999883831 0.007647366 -15.861623764 -0.040728260 -0.007104577 0.999145031 161.026794434
0.999058604 -0.012430009 0.041563772 10.855231285 0.012027604 0.999878466 0.009917717 -16.081922531 -0.041681997 -0.009408467 0.999086678 163.263137817
0.999024749 -0.011462996 0.042639107 11.035032272 0.011097771 0.999899745 0.008792367 -16.288734436 -0.042735621 -0.008310592 0.999051988 165.556777954
0.998987913 -0.010849561 0.043651666 11.226867676 0.010533156 0.999916613 0.007471902 -16.500339508 -0.043729093 -0.007004549 0.999018848 167.808654785
0.998911917 -0.009071946 0.045745272 11.409369469 0.008722943 0.999931395 0.007823140 -16.715045929 -0.045813102 -0.007415595 0.998922467 170.046798706
0.998827219 -0.008624110 0.047645111 11.624458313 0.008238067 0.999931633 0.008292953 -16.942846298 -0.047713377 -0.007890723 0.998829901 172.331542969
0.998706639 -0.009072487 0.050026078 11.822832108 0.008688698 0.999931097 0.007883950 -17.154531479 -0.050094157 -0.007439091 0.998716891 174.604400635
0.998635709 -0.009280540 0.051386315 12.034553528 0.008873892 0.999927461 0.008136070 -17.369495392 -0.051458102 -0.007668974 0.998645663 176.864532471
0.998560965 -0.009298573 0.052814871 12.223508835 0.008828400 0.999919295 0.009128627 -17.584383011 -0.052895501 -0.008649223 0.998562574 179.087951660
0.998520851 -0.010174179 0.053410061 12.423000336 0.009679146 0.999907792 0.009519005 -17.796859741 -0.053501986 -0.008987961 0.998527288 181.309875488
0.998573601 -0.010942597 0.052258041 12.639505386 0.010494883 0.999905884 0.008834131 -18.015626907 -0.052349798 -0.008273089 0.998594522 183.607772827
0.998586476 -0.012197256 0.051732711 12.851553917 0.011763892 0.999893188 0.008673255 -18.230203629 -0.051832981 -0.008052420 0.998623312 185.857986450
0.998603165 -0.013935715 0.050966792 13.066274643 0.013467605 0.999863982 0.009516557 -18.440116882 -0.051092479 -0.008816864 0.998655081 188.096984863
0.998587191 -0.014817666 0.051029503 13.260771751 0.014389101 0.999858081 0.008755574 -18.653411865 -0.051152002 -0.008008935 0.998658776 190.348327637
0.998550892 -0.015884215 0.051416412 13.458750725 0.015461401 0.999843299 0.008610727 -18.868358612 -0.051545132 -0.007803280 0.998640180 192.590850830
0.998553634 -0.016991261 0.051007491 13.665954590 0.016588878 0.999827862 0.008301811 -19.092426300 -0.051139776 -0.007443647 0.998663783 194.836013794
0.998576462 -0.016602276 0.050688840 13.875606537 0.016186826 0.999831975 0.008595613 -19.304494858 -0.050823033 -0.007762885 0.998677492 197.072753906
0.998567462 -0.014857183 0.051402140 14.082702637 0.014414201 0.999855816 0.008977968 -19.521007538 -0.051528115 -0.008224186 0.998637676 199.307220459
0.998599887 -0.012248413 0.051460329 14.281729698 0.011816182 0.999892354 0.008695145 -19.748777390 -0.051561292 -0.008074907 0.998637199 201.585510254
0.998568416 -0.011464571 0.052246895 14.488883972 0.011064081 0.999907196 0.007948125 -19.963411331 -0.052333161 -0.007358683 0.998602569 203.851608276
0.998535633 -0.012055830 0.052737128 14.690455437 0.011607799 0.999893904 0.008793624 -20.176773071 -0.052837543 -0.008168585 0.998569727 206.084487915
0.998493552 -0.013405044 0.053207017 14.892757416 0.012927444 0.999873102 0.009310319 -20.388856888 -0.053325072 -0.008608463 0.998540044 208.303390503
0.998471081 -0.013536888 0.053592879 15.114713669 0.013066530 0.999872983 0.009117189 -20.602006912 -0.053709488 -0.008402975 0.998521268 210.588272095
0.998390019 -0.012919956 0.055230308 15.326349258 0.012378179 0.999871969 0.010140283 -20.815341949 -0.055354252 -0.009440305 0.998422146 212.836853027
0.998311281 -0.011690404 0.056903511 15.557289124 0.011107156 0.999882638 0.010555271 -21.027133942 -0.057020228 -0.009905409 0.998323858 215.072402954
0.998132408 -0.010188361 0.060231470 15.760709763 0.009567506 0.999898195 0.010587225 -21.236404419 -0.060333204 -0.009991189 0.998128235 217.330886841
0.997996688 -0.010160496 0.062444836 15.986305237 0.009489588 0.999894142 0.011031158 -21.445348740 -0.062550306 -0.010416484 0.997987449 219.576721191
0.997871399 -0.011555675 0.064180903 16.217708588 0.010844545 0.999876022 0.011417436 -21.647727966 -0.064304881 -0.010697119 0.997872949 221.808563232
0.997771323 -0.013187726 0.065409929 16.451293945 0.012411069 0.999847710 0.012265880 -21.853111267 -0.065561734 -0.011426733 0.997783184 224.044860840
0.997700691 -0.015194948 0.066049077 16.700193405 0.014445204 0.999826014 0.011814072 -22.067712784 -0.066217095 -0.010832815 0.997746348 226.280288696
0.997660875 -0.016335851 0.066376962 16.937936783 0.015609315 0.999812603 0.011449554 -22.268896103 -0.066551559 -0.010386673 0.997728944 228.533798218
0.997609258 -0.016746787 0.067046113 17.173463821 0.016006364 0.999804974 0.011565500 -22.471389771 -0.067226738 -0.010464686 0.997682810 230.774841309
0.997548580 -0.017932851 0.067639500 17.412164688 0.017248081 0.999794066 0.010694301 -22.677686691 -0.067817360 -0.009501434 0.997652531 233.014572144
0.997547448 -0.018685678 0.067452334 17.687385559 0.017921686 0.999768436 0.011913870 -22.895029068 -0.067659326 -0.010675790 0.997651458 235.318954468
0.997508407 -0.018429689 0.068097942 17.930765152 0.017652242 0.999772191 0.012000879 -23.097536087 -0.068303600 -0.010768894 0.997606456 237.563888550
0.997473121 -0.018215733 0.068669237 18.169506073 0.017444907 0.999778092 0.011808290 -23.298336029 -0.068869106 -0.010580524 0.997569621 239.787521362
0.997440457 -0.018394595 0.069096781 18.414840698 0.017599717 0.999771953 0.012095064 -23.503686905 -0.069303513 -0.010848023 0.997536659 242.019653320
0.997398436 -0.018606629 0.069642849 18.662057877 0.017800890 0.999767482 0.012172442 -23.704620361 -0.069853142 -0.010901072 0.997497737 244.263198853
0.997363448 -0.018737497 0.070107326 18.909484863 0.017979840 0.999773085 0.011422684 -23.913675308 -0.070305452 -0.010132047 0.997474074 246.498367310
0.997385859 -0.018251840 0.069914773 19.170255661 0.017550673 0.999789417 0.010630109 -24.121856689 -0.070094064 -0.009375270 0.997496307 248.741271973
0.997366428 -0.018484840 0.070132025 19.422735214 0.017738145 0.999779463 0.011254970 -24.330219269 -0.070324592 -0.009981317 0.997474313 250.979751587
0.997335911 -0.019699449 0.070235394 19.677711487 0.018964211 0.999758244 0.011119780 -24.537416458 -0.070437476 -0.009758198 0.997468472 253.212814331
0.997329950 -0.020002875 0.070234336 19.940010071 0.019200040 0.999742508 0.012087394 -24.747163773 -0.070458040 -0.010706617 0.997457266 255.470367432
0.997290969 -0.020590611 0.070617445 20.174264908 0.019769398 0.999728799 0.012308368 -24.952083588 -0.070851728 -0.010878960 0.997427523 257.688293457
0.997281075 -0.020905575 0.070663705 20.445293427 0.020049205 0.999716938 0.012806624 -25.164897919 -0.070911415 -0.011355055 0.997417986 259.964202881
0.997247517 -0.020676628 0.071202978 20.700052261 0.019848188 0.999727070 0.012322909 -25.368251801 -0.071438335 -0.010875740 0.997385681 262.209899902
0.997218132 -0.020605460 0.071633860 20.956796646 0.019801835 0.999732912 0.011910724 -25.571571350 -0.071860164 -0.010459106 0.997359812 264.469726562
0.997187972 -0.019888859 0.072253957 21.214675903 0.019106178 0.999751151 0.011507499 -25.781660080 -0.072464861 -0.010094645 0.997319818 266.712615967
0.997112036 -0.019195665 0.073478691 21.468564987 0.018403176 0.999765098 0.011447226 -25.980638504 -0.073681161 -0.010061925 0.997231066 268.959136963
0.997018635 -0.018737746 0.074851163 21.728336334 0.017945860 0.999775827 0.011238133 -26.200634003 -0.075044967 -0.009861362 0.997131348 271.218994141
0.996919036 -0.019544255 0.075963072 21.995931625 0.018700499 0.999755442 0.011803004 -26.411594391 -0.076175183 -0.010346094 0.997040749 273.465606689
0.996739686 -0.019904835 0.078190245 22.248882294 0.018991960 0.999742687 0.012401451 -26.614351273 -0.078416973 -0.010876031 0.996861279 275.716766357
0.996626437 -0.019985400 0.079601340 22.521375656 0.018961761 0.999727726 0.013594853 -26.809886932 -0.079851381 -0.012039606 0.996734083 277.957580566
0.996558189 -0.019300770 0.080617741 22.805627823 0.018107023 0.999715686 0.015512465 -27.031429291 -0.080894224 -0.013999330 0.996624351 280.217803955
0.996487081 -0.018961307 0.081571363 23.089294434 0.017694933 0.999711812 0.016219741 -27.229663849 -0.081855401 -0.014719365 0.996535480 282.456298828
0.996397674 -0.018463507 0.082769103 23.366291046 0.017173467 0.999720097 0.016270997 -27.420749664 -0.083046354 -0.014790950 0.996435940 284.727081299
0.996287525 -0.017286815 0.084333465 23.631465912 0.016032944 0.999750972 0.015522713 -27.610818863 -0.084580801 -0.014112973 0.996316671 286.961791992
0.996296227 -0.016660575 0.084357567 23.925184250 0.015511732 0.999778032 0.014255947 -27.799331665 -0.084576339 -0.012894614 0.996333539 289.206298828
0.996230364 -0.017417362 0.084980920 24.195901871 0.016246054 0.999763429 0.014455383 -28.002136230 -0.085212588 -0.013020285 0.996277750 291.433807373
0.996151805 -0.017470123 0.085886002 24.456003189 0.016401201 0.999779224 0.013135769 -28.191101074 -0.086096518 -0.011676585 0.996218383 293.697814941
0.996170163 -0.018034298 0.085555583 24.739427567 0.017028918 0.999777257 0.012466531 -28.391832352 -0.085761338 -0.010961868 0.996255398 295.928009033
0.996168017 -0.018174065 0.085551120 25.020942688 0.017182043 0.999776483 0.012317805 -28.593214035 -0.085755885 -0.010800659 0.996257603 298.161132812
0.996153235 -0.017598636 0.085842863 25.299564362 0.016591972 0.999785125 0.012426280 -28.790479660 -0.086043105 -0.010954179 0.996231139 300.397705078
0.996099949 -0.017437946 0.086491749 25.559129715 0.016355928 0.999778986 0.013203009 -28.994194031 -0.086702891 -0.011736862 0.996165097 302.638916016
0.996102571 -0.017773636 0.086394221 25.846073151 0.016678007 0.999771297 0.013387047 -29.195007324 -0.086612411 -0.011893988 0.996170998 304.889709473
0.996073186 -0.017090047 0.086868279 26.132987976 0.015965579 0.999779761 0.013622884 -29.397157669 -0.087081954 -0.012182487 0.996126592 307.139434814
0.996063650 -0.017842559 0.086826406 26.417697906 0.016719250 0.999767065 0.013647527 -29.605052948 -0.087049693 -0.012142131 0.996129990 309.397064209
0.996026278 -0.019167231 0.086972676 26.704006195 0.018008996 0.999738574 0.014082428 -29.804061890 -0.087219872 -0.012460177 0.996111155 311.656463623
0.995997131 -0.018851314 0.087374076 26.988170624 0.017736549 0.999751270 0.013517469 -30.007057190 -0.087607183 -0.011913645 0.996083856 313.900695801
0.996021688 -0.018585527 0.087150492 27.282140732 0.017411757 0.999747396 0.014209250 -30.210277557 -0.087392576 -0.012635279 0.996093810 316.150054932
0.995978475 -0.016956359 0.087973021 27.564643860 0.015835125 0.999784470 0.013427488 -30.413251877 -0.088181734 -0.011980426 0.996032357 318.396453857
0.995967209 -0.014933702 0.088467441 27.846147537 0.013753018 0.999808192 0.013940575 -30.613683701 -0.088658638 -0.012667661 0.995981514 320.644470215
0.995903432 -0.013775880 0.089367755 28.124286652 0.012591662 0.999825478 0.013801341 -30.819599152 -0.089542285 -0.012619514 0.995903075 322.875457764
0.995847285 -0.013137113 0.090086602 28.400459290 0.011905311 0.999828279 0.014197335 -31.014247894 -0.090257645 -0.013065867 0.995832741 325.114349365
0.995841265 -0.012738149 0.090209574 28.693422318 0.011374836 0.999813557 0.015610731 -31.222560883 -0.090391591 -0.014519694 0.995800436 327.339416504
0.995812118 -0.013372277 0.090440147 28.976415634 0.012021379 0.999808133 0.015465197 -31.424739838 -0.090629615 -0.014313217 0.995781779 329.583374023
0.995823324 -0.015037013 0.090054303 29.277122498 0.013759437 0.999795914 0.014790826 -31.622388840 -0.090258338 -0.013489953 0.995827019 331.817047119
0.995813310 -0.014740836 0.090214200 29.562751770 0.013492607 0.999804854 0.014430547 -31.821184158 -0.090409309 -0.013152906 0.995817840 334.035705566
0.995805383 -0.015087980 0.090243720 29.851980209 0.013709750 0.999779999 0.015872797 -32.019889832 -0.090463363 -0.014568998 0.995793223 336.263031006
0.995857477 -0.015551798 0.089588054 30.155511856 0.014190660 0.999774277 0.015810307 -32.213973999 -0.089813724 -0.014473499 0.995853424 338.497009277
0.995860398 -0.015444905 0.089573972 30.439960480 0.014062614 0.999772429 0.016042482 -32.415084839 -0.089801356 -0.014716430 0.995850921 340.740081787
0.995909214 -0.015582155 0.089005940 30.738271713 0.014217112 0.999771714 0.015950006 -32.616222382 -0.089234173 -0.014619350 0.995903373 342.986480713
0.995918036 -0.015623048 0.088899508 31.025047302 0.014221807 0.999764800 0.016373793 -32.811618805 -0.089134395 -0.015042646 0.995905995 345.227081299
0.995949924 -0.015335863 0.088590831 31.312133789 0.013933667 0.999767959 0.016424572 -33.003845215 -0.088822171 -0.015123655 0.995932698 347.466064453
0.996002495 -0.015368536 0.087992541 31.601942062 0.013980255 0.999768257 0.016371906 -33.198871613 -0.088223740 -0.015076303 0.995986581 349.712097168
0.996010661 -0.014949518 0.087972447 31.885265350 0.013519938 0.999767005 0.016823826 -33.397491455 -0.088203445 -0.015567331 0.995980918 351.954589844
0.996053874 -0.015323035 0.087417848 32.170848846 0.013869258 0.999755740 0.017213440 -33.588352203 -0.087660268 -0.015933095 0.996022999 354.179534912
0.996071935 -0.014870900 0.087290183 32.450080872 0.013461011 0.999769628 0.016718244 -33.783252716 -0.087518692 -0.015477560 0.996042728 356.413970947
0.996125340 -0.015088349 0.086640552 32.738685608 0.013648046 0.999759078 0.017192261 -33.976860046 -0.086879075 -0.015943177 0.996091306 358.650665283
0.996178806 -0.014455530 0.086134031 33.027286530 0.012950333 0.999753892 0.018008314 -34.172760010 -0.086373180 -0.016824033 0.996120811 360.905761719
0.996234119 -0.014667012 0.085454032 33.318153381 0.013179163 0.999751985 0.017949339 -34.366840363 -0.085696101 -0.016755531 0.996180415 363.159637451
0.996277213 -0.014609006 0.084960438 33.605545044 0.013083288 0.999743462 0.018487170 -34.559318542 -0.085208729 -0.017306786 0.996212780 365.400115967
0.996325672 -0.014517252 0.084406368 33.890609741 0.013055404 0.999755502 0.017845469 -34.752677917 -0.084644787 -0.016677938 0.996271610 367.663146973
0.996335447 -0.014993435 0.084207289 34.169166565 0.013534934 0.999748766 0.017864633 -34.948616028 -0.084454007 -0.016659424 0.996288121 369.916320801
0.996337116 -0.015024111 0.084182560 34.445301056 0.013640434 0.999762654 0.016987765 -35.137481689 -0.084417805 -0.015777253 0.996305525 372.180084229
0.996409357 -0.014671961 0.083386786 34.732482910 0.013302093 0.999767661 0.016959803 -35.333091736 -0.083616257 -0.015789686 0.996372938 374.432250977
0.996492982 -0.014644761 0.082384929 35.018764496 0.013245128 0.999758959 0.017509934 -35.523529053 -0.082621500 -0.016357327 0.996446729 376.682464600
0.996403396 -0.013943639 0.083581068 35.282543182 0.012479975 0.999759912 0.018008890 -35.714950562 -0.083812110 -0.016901029 0.996338248 378.950378418
0.996398509 -0.014552322 0.083535291 35.561351776 0.013066580 0.999747038 0.018305080 -35.911567688 -0.083780549 -0.017147634 0.996336699 381.199462891
0.996420920 -0.014495352 0.083277442 35.845115662 0.013007196 0.999746382 0.018384721 -36.098163605 -0.083522804 -0.017235717 0.996356785 383.457885742
0.996441662 -0.013569372 0.083186008 36.128974915 0.012064822 0.999754906 0.018562686 -36.291633606 -0.083417512 -0.017493006 0.996361077 385.715209961
0.996439576 -0.012482814 0.083380803 36.405075073 0.010961641 0.999765456 0.018676627 -36.477497101 -0.083594374 -0.017696140 0.996342719 387.974639893
0.996464729 -0.011387235 0.083236352 36.691719055 0.009879131 0.999779880 0.018507814 -36.673889160 -0.083428778 -0.017620081 0.996357977 390.247070312
0.996447504 -0.009952374 0.083625466 36.966915131 0.008429036 0.999792516 0.018549530 -36.869949341 -0.083792709 -0.017778752 0.996324599 392.532043457
0.996473014 -0.008759271 0.083455585 37.248508453 0.007125599 0.999777496 0.019853141 -37.060840607 -0.083610915 -0.019188447 0.996313691 394.796691895
0.996405959 -0.007565520 0.084369078 37.517673492 0.005865011 0.999774992 0.020385269 -37.253082275 -0.084504344 -0.019817181 0.996226013 397.062225342
0.996365666 -0.007436060 0.084853701 37.798297882 0.005864250 0.999806881 0.018758001 -37.449172974 -0.084976815 -0.018192224 0.996216834 399.330108643
0.996313035 -0.006965126 0.085508965 38.078506470 0.005426444 0.999819458 0.018213654 -37.640670776 -0.085620396 -0.017682491 0.996170878 401.597320557
0.996238351 -0.008459592 0.086241759 38.348224640 0.006823100 0.999791503 0.019252749 -37.831081390 -0.086386636 -0.018591892 0.996088207 403.865325928
0.996179998 -0.009973950 0.086751550 38.629734039 0.008241465 0.999759853 0.020305928 -38.021095276 -0.086933248 -0.019513400 0.996023059 406.119506836
0.996162355 -0.011273809 0.086796969 38.913528442 0.009536187 0.999746263 0.020408064 -38.212066650 -0.087005027 -0.019502031 0.996016979 408.371948242
0.996139050 -0.010989072 0.087099671 39.204833984 0.009373429 0.999776781 0.018936701 -38.396369934 -0.087288305 -0.018047163 0.996019661 410.637054443
0.996073961 -0.008977999 0.088068627 39.509262085 0.007284279 0.999782562 0.019534381 -38.596542358 -0.088224865 -0.018816166 0.995922863 412.894012451
0.996010542 -0.007706665 0.088902302 39.788494110 0.006011193 0.999795198 0.019323187 -38.786331177 -0.089033008 -0.018711692 0.995853007 415.134155273
0.995928645 -0.006683266 0.089896701 40.080451965 0.004952393 0.999798298 0.019463316 -38.975566864 -0.090008654 -0.018938871 0.995760858 417.408050537
0.995888174 -0.006901780 0.090328820 40.379653931 0.005190494 0.999802828 0.019166309 -39.166618347 -0.090443298 -0.018618645 0.995727539 419.663635254
0.995779037 -0.006755808 0.091533720 40.665496826 0.005015195 0.999802470 0.019232759 -39.354686737 -0.091645576 -0.018692518 0.995616198 421.920593262
0.995692790 -0.007022408 0.092449129 40.951560974 0.005292512 0.999806523 0.018943761 -39.547859192 -0.092564285 -0.018372875 0.995537162 424.181152344
0.995645881 -0.007363873 0.092924669 41.250858307 0.005517803 0.999782622 0.020107621 -39.738658905 -0.093052529 -0.019507330 0.995470047 426.452606201
0.995590389 -0.006502876 0.093581252 41.540702820 0.004588147 0.999776125 0.020661224 -39.925937653 -0.093694650 -0.020140756 0.995397210 428.702880859
0.995509923 -0.005637845 0.094488315 41.841178894 0.003626948 0.999763548 0.021440199 -40.113372803 -0.094586842 -0.021001225 0.995295048 430.978637695
0.995507538 -0.006063898 0.094488002 42.136623383 0.004033896 0.999757230 0.021660440 -40.307056427 -0.094596386 -0.021181978 0.995290279 433.225860596
0.995457113 -0.006561329 0.094984472 42.440361023 0.004577636 0.999767184 0.021087242 -40.500099182 -0.095100716 -0.020556642 0.995255411 435.493530273
0.995439172 -0.005391646 0.095246181 42.741436005 0.003402704 0.999773026 0.021032205 -40.671764374 -0.095337942 -0.020612184 0.995231628 437.758483887
0.995382428 -0.005723812 0.095817894 43.044612885 0.003695417 0.999765575 0.021333355 -40.858978271 -0.095917553 -0.020880755 0.995170236 440.047912598
0.995426178 -0.005814577 0.095357396 43.361251831 0.003749788 0.999754906 0.021818075 -41.047451019 -0.095460892 -0.021360708 0.995204031 442.320892334
0.995423377 -0.004989215 0.095432088 43.685951233 0.002850499 0.999741971 0.022534076 -41.244617462 -0.095519885 -0.022158921 0.995180845 444.587097168
0.995377362 -0.005394107 0.095888749 43.991886139 0.003248251 0.999741077 0.022520620 -41.425399780 -0.095985405 -0.022105044 0.995137274 446.866119385
0.995377183 -0.005305881 0.095896013 44.296733856 0.003203880 0.999751508 0.022060275 -41.612716675 -0.095989227 -0.021651056 0.995146871 449.131408691
0.995386660 -0.004772400 0.095825791 44.605091095 0.002692491 0.999758244 0.021822682 -41.803215027 -0.095906787 -0.021464000 0.995158851 451.397399902
0.995319068 -0.004083663 0.096556999 44.906726837 0.002003061 0.999763846 0.021635037 -41.995803833 -0.096622564 -0.021340355 0.995092213 453.660736084
0.995239437 -0.003310855 0.097403236 45.209510803 0.001215751 0.999766767 0.021561094 -42.172859192 -0.097451888 -0.021340035 0.995011449 455.942016602
0.995225310 -0.003519002 0.097540833 45.515254974 0.001453257 0.999773324 0.021241223 -42.364257812 -0.097593457 -0.020998051 0.995004833 458.211944580
0.995245397 -0.002848113 0.097357593 45.834396362 0.000860092 0.999790490 0.020455671 -42.550346375 -0.097395420 -0.020274673 0.995039344 460.495391846
0.995224297 -0.001547408 0.097601980 46.142292023 -0.000505088 0.999779344 0.021001024 -42.739830017 -0.097612947 -0.020950029 0.995003879 462.777069092
0.995228171 -0.000967363 0.097570091 46.449764252 -0.001198028 0.999754310 0.022132158 -42.924491882 -0.097567514 -0.022143444 0.994982541 465.050750732
0.995275557 -0.001074233 0.097084850 46.752857208 -0.001115622 0.999746263 0.022498997 -43.107524872 -0.097084381 -0.022501007 0.995021760 467.315521240
0.995405674 -0.001209467 0.095739543 47.072425842 -0.000823542 0.999775052 0.021192431 -43.291427612 -0.095743656 -0.021173913 0.995180786 469.597290039
0.995473504 -0.000989552 0.095034525 47.387783051 -0.001007020 0.999779820 0.020958660 -43.484169006 -0.095034331 -0.020959493 0.995253325 471.890350342
0.995568573 -0.001340360 0.094030350 47.696025848 -0.000721681 0.999760091 0.021892093 -43.676643372 -0.094037153 -0.021862937 0.995328605 474.170196533
0.995536149 -0.001627702 0.094366938 47.986019135 -0.000449005 0.999758244 0.021981321 -43.864143372 -0.094379894 -0.021925570 0.995294809 476.450805664
0.995645702 -0.001301197 0.093210459 48.287796021 -0.000710225 0.999767601 0.021542929 -44.038944244 -0.093216844 -0.021515321 0.995413363 478.734710693
0.995651007 -0.001628640 0.093147308 48.585865021 -0.000450727 0.999751270 0.022298036 -44.227939606 -0.093160443 -0.022243045 0.995402634 481.015319824
0.995701671 -0.002103676 0.092594542 48.892387390 -0.000005228 0.999740839 0.022769548 -44.413204193 -0.092618443 -0.022672165 0.995443463 483.291381836
0.995694101 -0.002588866 0.092663817 49.181915283 0.000552404 0.999757946 0.021995796 -44.598392487 -0.092698336 -0.021849893 0.995454490 485.580657959
0.995792508 -0.003504358 0.091568872 49.490329742 0.001424386 0.999739587 0.022770317 -44.794353485 -0.091624826 -0.022544080 0.995538354 487.899505615
0.995885372 -0.004005336 0.090532847 49.790843964 0.001943835 0.999737024 0.022847472 -44.974708557 -0.090600558 -0.022577481 0.995631337 490.179138184
0.995829105 -0.003784181 0.091159575 50.053756714 0.001665699 0.999727130 0.023304146 -45.170791626 -0.091222875 -0.023055105 0.995563567 492.465270996
0.995906830 -0.003237248 0.090327606 50.362045288 0.001111237 0.999721348 0.023577040 -45.351837158 -0.090378769 -0.023380158 0.995633006 494.758239746
0.995898187 -0.002924854 0.090433680 50.645370483 0.000800952 0.999723136 0.023513127 -45.537303925 -0.090477422 -0.023344247 0.995624900 497.056427002
0.995925605 -0.002828378 0.090134434 50.951622009 0.000742987 0.999731481 0.023161614 -45.730705261 -0.090175740 -0.023000279 0.995660245 499.377471924
0.995957911 -0.002803205 0.089777246 51.243534088 0.000656880 0.999713480 0.023927851 -45.913745880 -0.089818604 -0.023772158 0.995674312 501.673919678
0.995972872 -0.002457132 0.089621149 51.533042908 0.000293749 0.999708414 0.024144407 -46.099163055 -0.089654334 -0.024020849 0.995683372 503.951385498
0.995998442 -0.001395919 0.089359902 51.825225830 -0.000711465 0.999722421 0.023546906 -46.285430908 -0.089367978 -0.023516262 0.995720983 506.242462158
0.995971739 -0.001036837 0.089661613 52.108276367 -0.001131663 0.999708116 0.024131168 -46.469688416 -0.089660473 -0.024135431 0.995679915 508.535095215
0.995998144 -0.001489231 0.089361273 52.404029846 -0.000591005 0.999729574 0.023247963 -46.652870178 -0.089371726 -0.023207741 0.995727897 510.823699951
0.996043324 -0.002391720 0.088836536 52.705570221 0.000242254 0.999707162 0.024198646 -46.843700409 -0.088868402 -0.024081383 0.995752215 513.127624512
0.996071815 -0.002240709 0.088520989 53.000522614 0.000092718 0.999705613 0.024261981 -47.023773193 -0.088549301 -0.024158470 0.995778739 515.432617188
0.996083319 -0.001463027 0.088407241 53.288181305 -0.000675396 0.999708056 0.024153566 -47.206886292 -0.088416792 -0.024118679 0.995791674 517.739929199
0.996055186 -0.000513118 0.088733055 53.569984436 -0.001591432 0.999719203 0.023645394 -47.388641357 -0.088720262 -0.023693332 0.995774746 520.040954590
0.996009469 0.000888153 0.089243457 53.860675812 -0.003035917 0.999708891 0.023933481 -47.579055786 -0.089196227 -0.024108911 0.995722234 522.392822266
0.995843410 0.003261322 0.091023341 54.136489868 -0.005490647 0.999690771 0.024252145 -47.762939453 -0.090916127 -0.024651110 0.995553374 524.718139648
0.995890141 0.004164004 0.090473451 54.452060699 -0.006482790 0.999657571 0.025350727 -47.945587158 -0.090336919 -0.025833059 0.995576084 527.061584473
0.995818138 0.003727261 0.091281056 54.739109039 -0.006056161 0.999662936 0.025249833 -48.126426697 -0.091156162 -0.025697060 0.995505154 529.366271973
0.995769203 0.001917538 0.091869257 55.029975891 -0.004379761 0.999636352 0.026607286 -48.304435730 -0.091784820 -0.026897082 0.995415509 531.677185059
0.995730698 0.000331893 0.092305370 55.336555481 -0.002773035 0.999649763 0.026319383 -48.482627869 -0.092264302 -0.026462980 0.995382845 533.996520996
0.995697558 0.000416348 0.092661440 55.637512207 -0.002801315 0.999668002 0.025609931 -48.659004211 -0.092620015 -0.025759317 0.995368183 536.313049316
0.995613158 0.000246547 0.093565024 55.936614990 -0.002619128 0.999678016 0.025235618 -48.838684082 -0.093528673 -0.025369970 0.995293319 538.628540039
0.995537460 0.000630976 0.094364546 56.234745026 -0.002979852 0.999689162 0.024752671 -49.025535583 -0.094319589 -0.024923401 0.995229959 540.939636230
0.995436907 0.001440098 0.095411487 56.534275055 -0.003781845 0.999696016 0.024367379 -49.209289551 -0.095347367 -0.024617024 0.995139658 543.262512207
0.995363116 0.001886355 0.096170455 56.847984314 -0.004139112 0.999721467 0.023230515 -49.391899109 -0.096099854 -0.023520859 0.995093822 545.584960938
0.995255828 0.001710761 0.097277477 57.137550354 -0.004070753 0.999701977 0.024067124 -49.580490112 -0.097207308 -0.024348937 0.994966269 547.907836914
0.995166361 0.001723340 0.098187707 57.442951202 -0.004201383 0.999677718 0.025036648 -49.768966675 -0.098112911 -0.025328154 0.994853020 550.226684570
0.995071232 0.001940866 0.099143013 57.744239807 -0.004443758 0.999676943 0.025030684 -49.948940277 -0.099062398 -0.025347887 0.994758308 552.528381348
0.995115638 0.000623399 0.098713145 58.068733215 -0.003027363 0.999702454 0.024205122 -50.131832123 -0.098668665 -0.024385739 0.994821489 554.839477539
0.995146632 0.000367078 0.098402642 58.392536163 -0.002803285 0.999692917 0.024620410 -50.317276001 -0.098363385 -0.024776766 0.994841993 557.158264160
0.995079577 0.000601036 0.099077150 58.702358246 -0.003095592 0.999681950 0.025026111 -50.500095367 -0.099030614 -0.025209669 0.994764924 559.468505859
0.995071590 0.001200034 0.099152781 59.025264740 -0.003791636 0.999655902 0.025953162 -50.682125092 -0.099087536 -0.026201202 0.994733691 561.805664062
0.995085955 0.000980263 0.099011324 59.353107452 -0.003639798 0.999637306 0.026683854 -50.864177704 -0.098949268 -0.026913105 0.994728386 564.136840820
0.995059609 0.001385516 0.099269517 59.673999786 -0.004109970 0.999620259 0.027245777 -51.039253235 -0.099194080 -0.027519165 0.994687498 566.453125000
0.995001137 0.002488722 0.099832684 59.999378204 -0.005183349 0.999628901 0.026741128 -51.224323273 -0.099729091 -0.027124923 0.994644821 568.782653809
0.995019317 0.003426518 0.099623278 60.335174561 -0.005954349 0.999667525 0.025087651 -51.399509430 -0.099504180 -0.025555890 0.994708836 571.113769531
0.994988561 0.003839481 0.099915154 60.667175293 -0.006383343 0.999663234 0.025153000 -51.582038879 -0.099784918 -0.025664739 0.994678020 573.436096191
0.994995534 0.003827977 0.099846125 60.996330261 -0.006497678 0.999629557 0.026426682 -51.773406982 -0.099707998 -0.026943196 0.994651914 575.816711426
0.994992316 0.003778317 0.099880107 61.327278137 -0.006585329 0.999592185 0.027789077 -51.960250854 -0.099734366 -0.028307661 0.994611382 578.132507324
0.994892478 0.004529611 0.100838877 61.635307312 -0.007196251 0.999633551 0.026096528 -52.143527985 -0.100683734 -0.026688902 0.994560480 580.523925781
0.994941711 0.003901770 0.100378662 61.966377258 -0.006537658 0.999642015 0.025943901 -52.320240021 -0.100241520 -0.026468910 0.994611025 582.862731934
0.994891465 0.003456034 0.100891292 62.290966034 -0.006262856 0.999601722 0.027516795 -52.511203766 -0.100756012 -0.028008088 0.994516850 585.190856934
0.994956732 0.003676980 0.100237489 62.620498657 -0.006485681 0.999595046 0.027709007 -52.688934326 -0.100095011 -0.028219376 0.994577646 587.508239746
0.994927943 0.001191840 0.100582719 62.956932068 -0.003837493 0.999651611 0.026113871 -52.870124817 -0.100516558 -0.026367411 0.994585931 589.871704102
0.994955242 0.001052609 0.100314498 63.289840698 -0.003659779 0.999660194 0.025809482 -53.044227600 -0.100253239 -0.026046403 0.994620979 592.220947266
0.994988322 -0.000645559 0.099988528 63.617008209 -0.001995701 0.999651730 0.026313353 -53.227798462 -0.099970698 -0.026381029 0.994640529 594.561401367
0.995008111 -0.001321372 0.099785306 63.949783325 -0.001345422 0.999643803 0.026653307 -53.410552979 -0.099784970 -0.026654506 0.994651973 596.918945312
