1.000000000 0.000000000 0.000000000 0.000000000 0.000000000 1.000000000 0.000000000 0.000000000 0.000000000 0.000000000 1.000000000 0.000000000
0.999999881 0.000050953 0.000463867 0.089042321 -0.000050871 1.000000000 -0.000176021 -0.226230979 -0.000463876 0.000175997 0.999999881 2.295602560
0.999999225 0.000413837 0.001165474 0.167645901 -0.000414358 0.999999762 0.000446238 -0.466013223 -0.001165289 -0.000446720 0.999999225 4.585334778
0.999998748 -0.000000567 0.001595312 0.267699957 -0.000000234 0.999999881 0.000502152 -0.695809186 -0.001595312 -0.000502151 0.999998629 6.868875980
0.999996841 -0.000198466 0.002514186 0.360678881 0.000201418 0.999999285 -0.001174069 -0.930006921 -0.002513951 0.001174572 0.999996126 9.161727905
0.999988735 0.001541682 0.004490602 0.453436196 -0.001542491 0.999998868 0.000176754 -1.166130900 -0.004490324 -0.000183679 0.999989927 11.465742111
0.999974132 0.003100900 0.006488575 0.566104591 -0.003108927 0.999994338 0.001227245 -1.399579525 -0.006484732 -0.001247385 0.999978185 13.749980927
0.999953032 0.003041741 0.009211425 0.665627956 -0.003078701 0.999987185 0.004000815 -1.629691958 -0.009199139 -0.004028985 0.999949515 16.026208878
0.999946475 0.003411854 0.009770177 0.760091960 -0.003463759 0.999979913 0.005300564 -1.856057882 -0.009751895 -0.005334122 0.999938250 18.292526245
0.999926746 0.002445559 0.011850346 0.861884832 -0.002507908 0.999983132 0.005249416 -2.078423977 -0.011837308 -0.005278751 0.999916077 20.589185715
0.999933064 0.000101017 0.011564533 0.982980072 -0.000139683 0.999994397 0.003342753 -2.307164669 -0.011564133 -0.003344145 0.999927461 22.866340637
0.999916792 -0.002055731 0.012740764 1.084233999 0.002039006 0.999997020 0.001325496 -2.525572777 -0.012743450 -0.001299407 0.999917924 25.148422241
0.999920666 -0.002611268 0.012316002 1.223072290 0.002598123 0.999996066 0.001083271 -2.777059555 -0.012318781 -0.001051187 0.999923587 27.447950363
0.999898612 -0.002279493 0.014054213 1.318101645 0.002279886 0.999997377 -0.000011875 -3.000300169 -0.014054150 0.000043916 0.999901235 29.733787537
0.999903142 -0.000313095 0.013915646 1.451832414 0.000274853 0.999996185 0.002749938 -3.228624105 -0.013916454 -0.002745846 0.999899387 31.989902496
0.999907494 0.001651340 0.013501264 1.585979581 -0.001722783 0.999984562 0.005281635 -3.450151920 -0.013492335 -0.005304405 0.999894857 34.271427155
0.999870718 0.003778675 0.015624506 1.694724798 -0.003923934 0.999949276 0.009276692 -3.678772211 -0.015588660 -0.009336802 0.999834895 36.577178955
0.999857485 0.005712029 0.015885547 1.817041636 -0.005854555 0.999942839 0.008940022 -3.894813538 -0.015833575 -0.009031750 0.999833822 38.848823547
0.999823987 0.004913260 0.018105969 1.919365168 -0.005047957 0.999959886 0.007401122 -4.098214626 -0.018068878 -0.007491217 0.999808669 41.140064240
0.999835372 0.002509891 0.017971044 2.045854092 -0.002620787 0.999977589 0.006149887 -4.318807125 -0.017955214 -0.006195971 0.999819577 43.418918610
0.999829471 0.002276225 0.018332154 2.174638271 -0.002364272 0.999985695 0.004782660 -4.539176941 -0.018321007 -0.004825186 0.999820530 45.692771912
0.999828517 0.001529554 0.018453907 2.301335812 -0.001601703 0.999991059 0.003895526 -4.766896248 -0.018447787 -0.003924415 0.999822259 47.967319489
0.999831557 0.000080697 0.018351803 2.438309669 -0.000156344 0.999991477 0.004120636 -4.991965294 -0.018351313 -0.004122811 0.999823093 50.250308990
0.999817073 -0.000649297 0.019115396 2.570094585 0.000563144 0.999989688 0.004512014 -5.213374138 -0.019118126 -0.004500424 0.999807119 52.518444061
0.999814034 -0.001740799 0.019206485 2.707117319 0.001658317 0.999989390 0.004309617 -5.439257622 -0.019213779 -0.004276964 0.999806285 54.804252625
0.999787331 -0.002436009 0.020479683 2.835442066 0.002342686 0.999986768 0.004579619 -5.667387962 -0.020490564 -0.004530667 0.999779761 57.096904755
0.999775946 -0.003761304 0.020831045 2.974927425 0.003655413 0.999980152 0.005119029 -5.890354633 -0.020849887 -0.005041736 0.999769926 59.365703583
0.999736130 -0.005069483 0.022401148 3.099794388 0.004971862 0.999977827 0.004411449 -6.112864971 -0.022423016 -0.004298910 0.999739349 61.635414124
0.999718964 -0.006006094 0.022932470 3.248456955 0.005905805 0.999972641 0.004438476 -6.337996483 -0.022958498 -0.004301794 0.999727190 63.890182495
0.999688089 -0.005585023 0.024342267 3.385160208 0.005467689 0.999973238 0.004884059 -6.557861328 -0.024368890 -0.004749440 0.999691725 66.156562805
0.999665678 -0.004626994 0.025439279 3.529632092 0.004496260 0.999976397 0.005193856 -6.782848835 -0.025462711 -0.005077737 0.999662876 68.407852173
0.999627590 -0.004933913 0.026838556 3.665087223 0.004803938 0.999976456 0.004905151 -7.006473541 -0.026862130 -0.004774394 0.999627769 70.654869080
0.999619782 -0.005810991 0.026953815 3.826508045 0.005718215 0.999977410 0.003517828 -7.229440689 -0.026973650 -0.003362363 0.999630511 72.901679993
0.999605775 -0.006754931 0.027252194 3.977283001 0.006653028 0.999970555 0.003828192 -7.453007698 -0.027277246 -0.003645374 0.999621391 75.165687561
0.999560535 -0.007975738 0.028551718 4.132081985 0.007885536 0.999963582 0.003270435 -7.683021069 -0.028576761 -0.003043852 0.999586999 77.430397034
0.999550819 -0.009205208 0.028520830 4.290113449 0.009113808 0.999952912 0.003332992 -7.919586658 -0.028550168 -0.003071561 0.999587655 79.676528931
0.999521554 -0.009702055 0.029365631 4.436284065 0.009619426 0.999949396 0.002953717 -8.136672974 -0.029392799 -0.002669825 0.999564469 81.932182312
0.999504566 -0.008806482 0.030217266 4.601365566 0.008716441 0.999957204 0.003110229 -8.373127937 -0.030243361 -0.002845301 0.999538541 84.219123840
0.999458134 -0.008569460 0.031782147 4.757304192 0.008451835 0.999956965 0.003833513 -8.593751907 -0.031813633 -0.003562818 0.999487519 86.470840454
0.999462724 -0.008299364 0.031708032 4.923130035 0.008149181 0.999954998 0.004862761 -8.824906349 -0.031746957 -0.004601754 0.999485314 88.754524231
0.999436259 -0.007544864 0.032714855 5.078180313 0.007364225 0.999956965 0.005638631 -9.051554680 -0.032756001 -0.005394531 0.999448836 91.012565613
0.999408305 -0.007338582 0.033602498 5.241785049 0.007157693 0.999959230 0.005500329 -9.270406723 -0.033641491 -0.005256559 0.999420106 93.266403198
0.999388278 -0.007407149 0.034177832 5.407174587 0.007242573 0.999961615 0.004936563 -9.486605644 -0.034213085 -0.004686008 0.999403536 95.520790100
0.999356806 -0.007895439 0.034980997 5.569169521 0.007715997 0.999956310 0.005261758 -9.707233429 -0.035021011 -0.004988461 0.999374092 97.775520325
0.999330461 -0.007821845 0.035739586 5.732152939 0.007662341 0.999960005 0.004597742 -9.934364319 -0.035774119 -0.004320816 0.999350548 100.011016846
0.999273121 -0.007992249 0.037274167 5.889760017 0.007788804 0.999953985 0.005600095 -10.148564339 -0.037317213 -0.005305703 0.999289334 102.247268677
0.999249160 -0.008054328 0.037897408 6.075392246 0.007859996 0.999955177 0.005274092 -10.366002083 -0.037938185 -0.004972259 0.999267757 104.499641418
0.999223828 -0.009127051 0.038320825 6.245262146 0.008883731 0.999939263 0.006515026 -10.593995094 -0.038377959 -0.006169537 0.999244213 106.727249146
0.999180853 -0.010671183 0.039034899 6.429204941 0.010423654 0.999924302 0.006539337 -10.807444572 -0.039101724 -0.006127093 0.999216437 108.978492737
0.999143481 -0.011710601 0.039691336 6.613934040 0.011419015 0.999906182 0.007565141 -11.032034874 -0.039776206 -0.007105425 0.999183476 111.223861694
0.999123573 -0.011944161 0.040118169 6.801191807 0.011688771 0.999909937 0.006594470 -11.255611420 -0.040193330 -0.006119758 0.999173164 113.483711243
0.999082386 -0.012489703 0.040968444 6.982703209 0.012276067 0.999909699 0.005462020 -11.469064713 -0.041032970 -0.004954076 0.999145448 115.719879150
0.999048948 -0.012689319 0.041715641 7.161009789 0.012449849 0.999904454 0.005995353 -11.692347527 -0.041787736 -0.005470296 0.999111533 117.951461792
0.998995423 -0.012996916 0.042886358 7.350083351 0.012720268 0.999896407 0.006717315 -11.908457756 -0.042969227 -0.006165041 0.999057353 120.200683594
0.998987854 -0.013615662 0.042870488 7.554679871 0.013304156 0.999882996 0.007543145 -12.132338524 -0.042968173 -0.006965155 0.999052167 122.400733948
0.998943925 -0.014654784 0.043546882 7.762244701 0.014359410 0.999871731 0.007087992 -12.354988098 -0.043645170 -0.006455198 0.999026239 124.668678284
0.998902500 -0.015271364 0.044278320 7.942804337 0.015010505 0.999867976 0.006217835 -12.574910164 -0.044367433 -0.005546371 0.998999894 126.935928345
0.998888552 -0.016749587 0.044057347 8.131496429 0.016477322 0.999842882 0.006535656 -12.789578438 -0.044159893 -0.005802445 0.999007583 129.197586060
0.998912632 -0.017878482 0.043056827 8.320159912 0.017589964 0.999820232 0.007070408 -13.007829666 -0.043175507 -0.006305351 0.999047577 131.445922852
0.998967886 -0.018266408 0.041587222 8.515702248 0.017950850 0.999807298 0.007948807 -13.219069481 -0.041724414 -0.007194076 0.999103189 133.685180664
0.999019623 -0.019166725 0.039903402 8.701877594 0.018876491 0.999792635 0.007637489 -13.434899330 -0.040041506 -0.006876765 0.999174297 135.932022095
0.999080479 -0.019912431 0.037969030 8.900880814 0.019645715 0.999779701 0.007384815 -13.650455475 -0.038107708 -0.006632097 0.999251604 138.157669067
0.999069810 -0.020363726 0.038011465 9.067842484 0.020086505 0.999768913 0.007660914 -13.873165131 -0.038158681 -0.006890270 0.999248028 140.434082031
0.999051750 -0.020576665 0.038372647 9.232638359 0.020282619 0.999762058 0.008036581 -14.080798149 -0.038528875 -0.007250661 0.999231160 142.664352417
0.999103785 -0.020045031 0.037283033 9.437864304 0.019715054 0.999763250 0.009197437 -14.303069115 -0.037458576 -0.008454156 0.999262393 144.915374756
0.999121726 -0.019006336 0.037343372 9.608594894 0.018710969 0.999791086 0.008243017 -14.516691208 -0.037492234 -0.007537047 0.999268472 147.154052734
0.999145269 -0.017798377 0.037308946 9.785396576 0.017562395 0.999823630 0.006643371 -14.730027199 -0.037420612 -0.005982457 0.999281704 149.400985718
0.999157786 -0.016213303 0.037694126 9.958517075 0.016000450 0.999854267 0.005941759 -14.949396133 -0.037784968 -0.005333632 0.999271572 151.640243530
0.999168277 -0.015297521 0.037798390 10.141252518 0.015085202 0.999868810 0.005896109 -15.161249161 -0.037883628 -0.005321008 0.999267936 153.879821777
0.999159336 -0.014453981 0.038360525 10.316232681 0.014207965 0.999876678 0.006678203 -15.380863190 -0.038452320 -0.006127565 0.999241650 156.132766724
0.999158084 -0.013774339 0.038644791 10.508161545 0.013481955 0.999878585 0.007816311 -15.599462509 -0.038747761 -0.007288723 0.999222457 158.354446411
0.999110281 -0.013330308 0.040010259 10.670713425 0.012988215 0.999876916 0.008797903 -15.816205025 -0.040122610 -0.008270414 0.999160528 160.615997314
0.999076486 -0.012395092 0.041141797 10.847200394 0.011957163 0.999869347 0.010873464 -16.031852722 -0.041271202 -0.010371482 0.999094129 162.852935791
0.999049842 -0.012115708 0.041862417 11.029215813 0.011736291 0.999887824 0.009297368 -16.225471497 -0.041970365 -0.008797225 0.999080122 165.112609863
0.999008894 -0.011203017 0.043077834 11.215639114 0.010858372 0.999907196 0.008226221 -16.436851501 -0.043165989 -0.007750313 0.999037802 167.348602295
0.998932242 -0.009306208 0.045251008 11.395664215 0.008929873 0.999923885 0.008511662 -16.649511337 -0.045326769 -0.008098487 0.998939395 169.577316284
0.998835444 -0.008860308 0.047426052 11.599421501 0.008432388 0.999921978 0.009215365 -16.873834610 -0.047504004 -0.008804719 0.998832226 171.844375610
0.998715341 -0.008981032 0.049870245 11.795153618 0.008553166 0.999924779 0.008786414 -17.079442978 -0.049945407 -0.008348579 0.998717070 174.102966309
0.998639286 -0.009000064 0.051366508 11.997308731 0.008538607 0.999921203 0.009195993 -17.291843414 -0.051445227 -0.008744879 0.998637557 176.342208862
0.998587251 -0.009417149 0.052296195 12.198341370 0.008910250 0.999911070 0.009917587 -17.498401642 -0.052384939 -0.009437604 0.998582423 178.561416626
0.998586297 -0.010904017 0.052024551 12.404497147 0.010391938 0.999894977 0.010103418 -17.716117859 -0.052129250 -0.009548499 0.998594642 180.792602539
0.998548031 -0.011774779 0.052566450 12.602309227 0.011273244 0.999888122 0.009827340 -17.924612045 -0.052676283 -0.009220475 0.998569071 183.038574219
0.998607874 -0.012795798 0.051172219 12.826066971 0.012308192 0.999875903 0.009832607 -18.144186020 -0.051291682 -0.009189080 0.998641372 185.285797119
0.998616874 -0.014647340 0.050495166 13.034753799 0.014130672 0.999844253 0.010573956 -18.353359222 -0.050642177 -0.009845802 0.998668253 187.530746460
0.998631895 -0.015570590 0.049917743 13.240512848 0.015096487 0.999837399 0.009860739 -18.556331635 -0.050063170 -0.009093666 0.998704672 189.777877808
0.998603523 -0.016890379 0.050057568 13.438718796 0.016400132 0.999813616 0.010188264 -18.780841827 -0.050220322 -0.009353087 0.998694360 192.001037598
0.998569489 -0.018625410 0.050122347 13.630670547 0.018160023 0.999787927 0.009724489 -18.991031647 -0.050292838 -0.008800354 0.998695672 194.238235474
0.998589873 -0.018163091 0.049882248 13.830488205 0.017683454 0.999793291 0.010039932 -19.201364517 -0.050054293 -0.009143685 0.998704672 196.471343994
0.998606503 -0.015791381 0.050355367 14.040151596 0.015302567 0.999832034 0.010078114 -19.412300110 -0.050506063 -0.009293503 0.998680472 198.722351074
0.998622477 -0.014012379 0.050565265 14.240574837 0.013526187 0.999858975 0.009944585 -19.624668121 -0.050697483 -0.009246930 0.998671234 200.954956055
0.998601258 -0.013526647 0.051112954 14.449501038 0.013077296 0.999872863 0.009115623 -19.834423065 -0.051229764 -0.008434452 0.998651385 203.216537476
0.998574734 -0.013835799 0.051545531 14.648719788 0.013353410 0.999863803 0.009691164 -20.038387299 -0.051672596 -0.008989044 0.998623550 205.442245483
0.998551071 -0.015731888 0.051461264 14.880927086 0.015221754 0.999831200 0.010289985 -20.263919830 -0.051614456 -0.009491743 0.998622000 207.699417114
0.998496473 -0.015360728 0.052620154 15.082656860 0.014845169 0.999837995 0.010174663 -20.459411621 -0.052767918 -0.009378210 0.998562813 209.947311401
0.998424292 -0.015963037 0.053796533 15.298384666 0.015328193 0.999808133 0.012192866 -20.688673019 -0.053980846 -0.011349050 0.998477459 212.156402588
0.998362362 -0.014516644 0.055334534 15.527335167 0.013853541 0.999827802 0.012348352 -20.892490387 -0.055504266 -0.011561549 0.998391449 214.391250610
0.998190403 -0.013348867 0.058631483 15.718048096 0.012642092 0.999843061 0.012408973 -21.093803406 -0.058787934 -0.011645293 0.998202562 216.625473022
0.998064637 -0.013407332 0.060722098 15.941287041 0.012654298 0.999838293 0.012768989 -21.296932220 -0.060883485 -0.011975880 0.998073041 218.865737915
0.997932076 -0.014823099 0.062544689 16.165348053 0.014017764 0.999813378 0.013295348 -21.494602203 -0.062730096 -0.012391117 0.997953594 221.087356567
0.997833848 -0.016607622 0.063654058 16.396286011 0.015741179 0.999776840 0.014089198 -21.694686890 -0.063873835 -0.013056689 0.997872531 223.312210083
0.997772098 -0.018680297 0.064046174 16.642517090 0.017848937 0.999749124 0.013528410 -21.900424957 -0.064282820 -0.012355112 0.997855246 225.534255981
0.997741997 -0.020077547 0.064092107 16.883661270 0.019272365 0.999727726 0.013156503 -22.097219467 -0.064338818 -0.011891590 0.997857213 227.787460327
0.997702777 -0.019926401 0.064746790 17.113384247 0.019092835 0.999727011 0.013467669 -22.298799515 -0.064997472 -0.012200532 0.997810960 230.020828247
0.997642040 -0.020879991 0.065378353 17.354774475 0.020116631 0.999721825 0.012312653 -22.500049591 -0.065617241 -0.010968427 0.997784555 232.272171021
0.997597277 -0.021727076 0.065784797 17.591201782 0.020891158 0.999692440 0.013368223 -22.698160172 -0.066055007 -0.011961781 0.997744322 234.509963989
0.997590184 -0.020927619 0.066149473 17.856922150 0.020048209 0.999701977 0.013930366 -22.906709671 -0.066421270 -0.012570621 0.997712433 236.771362305
0.997558951 -0.020729268 0.066681474 18.092304230 0.019876083 0.999712169 0.013433149 -23.097646713 -0.066940747 -0.012074991 0.997683883 238.999740601
0.997524798 -0.021077830 0.067082278 18.331838608 0.020183252 0.999698460 0.013985517 -23.302328110 -0.067356832 -0.012596962 0.997649431 241.218765259
0.997476578 -0.021441076 0.067681275 18.573291779 0.020527013 0.999688864 0.014172181 -23.501333237 -0.067964084 -0.012747122 0.997606337 243.459899902
0.997440457 -0.021902191 0.068065211 18.815740585 0.021034323 0.999688327 0.013441287 -23.704565048 -0.068338379 -0.011975178 0.997590303 245.680480957
0.997453988 -0.021373032 0.068034329 19.065822601 0.020556333 0.999708235 0.012681787 -23.904754639 -0.068285555 -0.011250964 0.997602403 247.909881592
0.997421861 -0.021817539 0.068364002 19.315570831 0.020953838 0.999691606 0.013325660 -24.108884811 -0.068633646 -0.011858817 0.997571409 250.142684937
0.997386992 -0.023188720 0.068421036 19.568099976 0.022338226 0.999663651 0.013169443 -24.309814453 -0.068703413 -0.011606627 0.997569561 252.370223999
0.997382045 -0.023403959 0.068420060 19.827089310 0.022492439 0.999648035 0.014062698 -24.516437531 -0.068725124 -0.012486946 0.997557461 254.632293701
0.997339845 -0.024211258 0.068753578 20.062282562 0.023271296 0.999624908 0.014439774 -24.718280792 -0.069077402 -0.012801376 0.997529149 256.852264404
0.997321308 -0.024791384 0.068815678 20.319736481 0.023810754 0.999603391 0.015034053 -24.927005768 -0.069161102 -0.013355228 0.997516096 259.128326416
0.997286201 -0.024449205 0.069442876 20.569496155 0.023493631 0.999618173 0.014544334 -25.124265671 -0.069771975 -0.012873398 0.997479856 261.376708984
0.997263610 -0.024548432 0.069732659 20.826118469 0.023628203 0.999622881 0.013990974 -25.320903778 -0.070049822 -0.012305032 0.997467577 263.633331299
0.997233689 -0.023872599 0.070391163 21.081291199 0.022947647 0.999639690 0.013919785 -25.530799866 -0.070698097 -0.012265969 0.997422338 265.874298096
0.997171342 -0.023359599 0.071439251 21.332334518 0.022413295 0.999650419 0.014019417 -25.726388931 -0.071741767 -0.012378573 0.997346461 268.120330811
0.997034907 -0.022630157 0.073547654 21.572710037 0.021666160 0.999668896 0.013878696 -25.940757751 -0.073837385 -0.012244047 0.997195125 270.383392334
0.996926010 -0.023365656 0.074784279 21.836467743 0.022365926 0.999649227 0.014177934 -26.141386032 -0.075089335 -0.012461727 0.997098923 272.631896973
0.996743977 -0.023627706 0.077093266 22.082918167 0.022519309 0.999630630 0.015215300 -26.343479156 -0.077424303 -0.013429670 0.996907771 274.881988525
0.996647835 -0.023488401 0.078366943 22.360424042 0.022291860 0.999621749 0.016108625 -26.529230118 -0.078715667 -0.014307681 0.996794403 277.125518799
0.996570349 -0.022688108 0.079578742 22.634317398 0.021301523 0.999607027 0.018229997 -26.744890213 -0.079961076 -0.016472328 0.996661901 279.382415771
0.996486604 -0.022511037 0.080669835 22.914358139 0.021028595 0.999594927 0.019179484 -26.939737320 -0.081068896 -0.017415727 0.996556401 281.620239258
0.996411800 -0.021567594 0.081843622 23.185457230 0.020056922 0.999613881 0.019235577 -27.121925354 -0.082226865 -0.017525028 0.996459544 283.886779785
0.996328712 -0.020550542 0.083106525 23.453609467 0.019046003 0.999640703 0.018856291 -27.307901382 -0.083464183 -0.017204219 0.996362209 286.115203857
0.996317387 -0.020172559 0.083336569 23.737440109 0.018772587 0.999669909 0.017548637 -27.488712311 -0.083663039 -0.015919570 0.996366918 288.352294922
0.996265113 -0.020960994 0.083764799 24.009414673 0.019524518 0.999648631 0.017931515 -27.685497284 -0.084111229 -0.016229078 0.996324182 290.579162598
0.996227562 -0.021124037 0.084168613 24.273487091 0.019799603 0.999667108 0.016539359 -27.868846893 -0.084489971 -0.014810461 0.996314228 292.842468262
0.996239960 -0.021762904 0.083858408 24.554960251 0.020524474 0.999667585 0.015602150 -28.058206558 -0.084170073 -0.013822338 0.996355534 295.072265625
0.996235013 -0.021698404 0.083935753 24.830945969 0.020456817 0.999668598 0.015624091 -28.252719879 -0.084246971 -0.013848204 0.996348679 297.303924561
0.996245563 -0.020940118 0.084001169 25.109037399 0.019699566 0.999684751 0.015570161 -28.443012238 -0.084300742 -0.013856917 0.996343970 299.543182373
0.996185422 -0.020969447 0.084704429 25.370712280 0.019613113 0.999666274 0.016813179 -28.645915985 -0.085028723 -0.015087727 0.996264279 301.780548096
0.996187627 -0.021417992 0.084566690 25.656621933 0.020052392 0.999654949 0.016964842 -28.838449478 -0.084900886 -0.015204404 0.996273339 304.033203125
0.996156216 -0.020790460 0.085090593 25.938707352 0.019401055 0.999665141 0.017123068 -29.028324127 -0.085418098 -0.015406404 0.996226072 306.277587891
0.996141374 -0.021292571 0.085140720 26.217210770 0.019911811 0.999656558 0.017033998 -29.226192474 -0.085474201 -0.015272964 0.996223330 308.526580811
0.996094584 -0.022372104 0.085411012 26.501626968 0.020938365 0.999625027 0.017645536 -29.422306061 -0.085773759 -0.015788257 0.996189535 310.797302246
0.996052146 -0.022242123 0.085937977 26.785753250 0.020868985 0.999640346 0.016843865 -29.615097046 -0.086281709 -0.014983927 0.996158242 313.044860840
0.996055543 -0.021906774 0.085984111 27.073606491 0.020456430 0.999633789 0.017712694 -29.812337875 -0.086340658 -0.015883900 0.996138990 315.291687012
0.996013403 -0.020136321 0.086900607 27.354831696 0.018740077 0.999682367 0.016853163 -30.006666183 -0.087212361 -0.015157456 0.996074557 317.534545898
0.996007085 -0.018143708 0.087410890 27.634096146 0.016683415 0.999709189 0.017407829 -30.201122284 -0.087701336 -0.015880007 0.996020257 319.775360107
0.995951772 -0.016930437 0.088281840 27.911809921 0.015511964 0.999739647 0.016729005 -30.393583298 -0.088542104 -0.015291856 0.995954990 322.009765625
0.995932400 -0.016364094 0.088605449 28.195110321 0.014875402 0.999737322 0.017435789 -30.586097717 -0.088867478 -0.016046830 0.995914161 324.246704102
0.995932937 -0.015812047 0.088699423 28.488838196 0.014195550 0.999722004 0.018825745 -30.786613464 -0.088972442 -0.017490044 0.995880485 326.477081299
0.995896339 -0.016590571 0.088967651 28.768121719 0.015002777 0.999716461 0.018486001 -30.977836609 -0.089249127 -0.017075373 0.995862961 328.709808350
0.995893955 -0.018132748 0.088692725 29.064563751 0.016614232 0.999702990 0.017829562 -31.167869568 -0.088989690 -0.016282793 0.995899379 330.940734863
0.995857596 -0.017560702 0.089214824 29.344455719 0.016063016 0.999718130 0.017477747 -31.357639313 -0.089496605 -0.015972281 0.995859027 333.169494629
0.995831013 -0.017867912 0.089450054 29.630128860 0.016258797 0.999693215 0.018685402 -31.548994064 -0.089756496 -0.017153157 0.995815992 335.407958984
0.995869935 -0.018196259 0.088948928 29.929277420 0.016596412 0.999687493 0.018692760 -31.736660004 -0.089261286 -0.017139319 0.995860875 337.643829346
0.995843709 -0.017912116 0.089300975 30.206678391 0.016278034 0.999687076 0.018993441 -31.931020737 -0.089613251 -0.017460853 0.995823562 339.880157471
0.995861650 -0.017949948 0.089091748 30.503034592 0.016330760 0.999688506 0.018870268 -32.124244690 -0.089402728 -0.017337238 0.995844662 342.126770020
0.995863914 -0.018029118 0.089050554 30.790050507 0.016358938 0.999677002 0.019449834 -32.313247681 -0.089372478 -0.017912617 0.995837152 344.371887207
0.995889843 -0.017571159 0.088851839 31.076816559 0.015894672 0.999682724 0.019540867 -32.498897552 -0.089167006 -0.018048285 0.995853126 346.605194092
0.995902002 -0.017222052 0.088783473 31.361967087 0.015577273 0.999694586 0.019185448 -32.682712555 -0.089086771 -0.017723821 0.995866120 348.847869873
0.995875537 -0.016772937 0.089165866 31.645996094 0.015072669 0.999692142 0.019707847 -32.875190735 -0.089468963 -0.018282596 0.995821774 351.089508057
0.995908380 -0.016886398 0.088776767 31.933952332 0.015152373 0.999681830 0.020170253 -33.062759399 -0.089089140 -0.018742548 0.995847225 353.306854248
0.995919049 -0.016496293 0.088730812 32.216567993 0.014806190 0.999696791 0.019672146 -33.250480652 -0.089028433 -0.018278098 0.995861351 355.546813965
0.995935440 -0.016596192 0.088529117 32.502410889 0.014888625 0.999690771 0.019913819 -33.434387207 -0.088832259 -0.018514805 0.995874524 357.776580811
0.996028602 -0.015920885 0.087599888 32.800056458 0.014126195 0.999678314 0.021069299 -33.627426147 -0.087907150 -0.019748172 0.995932877 360.018981934
0.996094763 -0.016077770 0.086813398 33.094871521 0.014280361 0.999671459 0.021285830 -33.818588257 -0.087127097 -0.019962979 0.995997190 362.264038086
0.996140540 -0.016056508 0.086293168 33.386207581 0.014232522 0.999662995 0.021711005 -34.003341675 -0.086612679 -0.020399040 0.996033192 364.503204346
0.996183932 -0.015794506 0.085837595 33.672584534 0.014034594 0.999679565 0.021067787 -34.188438416 -0.086142838 -0.019782702 0.996086299 366.751708984
0.996213138 -0.016485265 0.085366629 33.954547882 0.014754543 0.999673426 0.020865364 -34.373943329 -0.085682712 -0.019526809 0.996131122 368.996124268
0.996212363 -0.016390905 0.085394613 34.228729248 0.014729771 0.999690592 0.020046402 -34.551815033 -0.085696757 -0.018712630 0.996145606 371.247772217
0.996277392 -0.016873522 0.084539458 34.519947052 0.015209801 0.999678552 0.020285470 -34.744674683 -0.084854558 -0.018924128 0.996213615 373.483398438
0.996312678 -0.016554832 0.084184580 34.804382324 0.014831469 0.999668300 0.021055641 -34.925289154 -0.084505230 -0.019729421 0.996227682 375.740020752
0.996276677 -0.016836060 0.084553570 35.075508118 0.015091568 0.999660730 0.021228788 -35.107028961 -0.084882267 -0.019873703 0.996192694 377.994781494
0.996274650 -0.017372787 0.084468335 35.356002808 0.015618983 0.999649405 0.021379586 -35.292675018 -0.084810130 -0.019980630 0.996196866 380.232421875
0.996297479 -0.017542586 0.084163994 35.644626617 0.015791884 0.999645770 0.021421963 -35.471958160 -0.084509976 -0.020013539 0.996221542 382.485107422
0.996312559 -0.016835745 0.084129058 35.930896759 0.015059398 0.999651015 0.021704698 -35.659469604 -0.084465109 -0.020357735 0.996218443 384.743255615
0.996307194 -0.015823092 0.084391274 36.203453064 0.014027108 0.999663174 0.021832362 -35.839965820 -0.084708311 -0.020567972 0.996193469 386.981506348
0.996345043 -0.014825555 0.084123001 36.493309021 0.013033162 0.999677062 0.021816142 -36.033054352 -0.084419265 -0.020640014 0.996216536 389.241455078
0.996322334 -0.013310360 0.084643431 36.765552521 0.011499599 0.999695182 0.021844525 -36.220230103 -0.084908389 -0.020790823 0.996171832 391.513610840
0.996343911 -0.012093176 0.084572606 37.047542572 0.010158181 0.999677479 0.023272730 -36.403697968 -0.084826775 -0.022328541 0.996145487 393.770294189
0.996276498 -0.010786347 0.085537300 37.318580627 0.008772239 0.999676168 0.023887571 -36.588916779 -0.085767269 -0.023048272 0.996048570 396.028594971
0.996225595 -0.010598776 0.086152613 37.602523804 0.008712154 0.999714613 0.022245159 -36.774456024 -0.086363800 -0.021410625 0.996033549 398.297607422
0.996156693 -0.009995672 0.087017149 37.885929108 0.008126117 0.999729097 0.021812679 -36.960319519 -0.087211601 -0.021021733 0.995967925 400.567504883
0.996079206 -0.011748502 0.087681912 38.155708313 0.009776130 0.999690294 0.022890246 -37.143913269 -0.087923676 -0.021943310 0.995885491 402.829467773
0.996027172 -0.013383367 0.088039592 38.442832947 0.011295700 0.999644101 0.024168454 -37.329959869 -0.088331714 -0.023077965 0.995823741 405.080993652
0.995982468 -0.014417485 0.088380314 38.727771759 0.012333184 0.999633849 0.024084229 -37.512619019 -0.088695183 -0.022897458 0.995795548 407.356903076
0.995976985 -0.014321445 0.088457331 39.029323578 0.012355356 0.999665201 0.022734165 -37.689140320 -0.088753298 -0.021549784 0.995820522 409.624969482
0.995912552 -0.012078339 0.089510925 39.333610535 0.010022478 0.999676347 0.023381697 -37.881088257 -0.089764379 -0.022389008 0.995711327 411.886840820
0.995856702 -0.010921238 0.090278476 39.616905212 0.008862360 0.999692142 0.023175318 -38.062423706 -0.090503789 -0.022279214 0.995646894 414.128143311
0.995759845 -0.009570233 0.091490880 39.909339905 0.007475062 0.999702513 0.023215605 -38.241313934 -0.091685854 -0.022433270 0.995535254 416.401214600
0.995703816 -0.009650395 0.092090674 40.207641602 0.007570450 0.999708891 0.022908505 -38.422515869 -0.092284925 -0.022112921 0.995487034 418.656097412
0.995586872 -0.009491648 0.093363196 40.494468689 0.007379075 0.999709427 0.022946721 -38.602073669 -0.093553878 -0.022156522 0.995367587 420.909729004
0.995498300 -0.009770202 0.094273798 40.785800934 0.007651978 0.999710679 0.022804236 -38.788688660 -0.094469324 -0.021980200 0.995285034 423.170715332
0.995424986 -0.010056340 0.095015824 41.087127686 0.007821833 0.999684811 0.023860460 -38.968933105 -0.095225804 -0.023008106 0.995189786 425.438751221
0.995382607 -0.009281036 0.095536083 41.383308411 0.006957305 0.999672472 0.024627484 -39.148689270 -0.095733359 -0.023849098 0.995121241 427.683502197
0.995302200 -0.008456033 0.096446909 41.689224243 0.006041030 0.999661446 0.025304288 -39.326042175 -0.096628219 -0.024602776 0.995016396 429.959228516
0.995304883 -0.008754589 0.096392483 41.993389130 0.006324947 0.999655247 0.025482483 -39.513130188 -0.096582361 -0.024753163 0.995017171 432.216857910
0.995252967 -0.009420651 0.096864991 42.303913116 0.007033697 0.999663830 0.024954081 -39.698791504 -0.097067505 -0.024154300 0.994984627 434.485076904
0.995248854 -0.008521250 0.096990280 42.613220215 0.006130934 0.999670744 0.024916306 -39.862064362 -0.097170658 -0.024203286 0.994973421 436.749023438
0.995194554 -0.009121204 0.097491369 42.921188354 0.006675963 0.999655604 0.025378456 -40.044853210 -0.097689286 -0.024605654 0.994912684 439.034393311
0.995248318 -0.009269684 0.096927285 43.239582062 0.006829891 0.999652147 0.025472933 -40.220081329 -0.097129710 -0.024689889 0.994965494 441.308898926
0.995213389 -0.008347392 0.097368278 43.554405212 0.005799160 0.999633908 0.026424784 -40.407665253 -0.097553231 -0.025733648 0.994897544 443.587341309
0.995173693 -0.008877940 0.097726792 43.867046356 0.006302816 0.999625504 0.026627505 -40.582866669 -0.097926594 -0.025883036 0.994857013 445.867584229
0.995165110 -0.008778471 0.097822540 44.177429199 0.006246521 0.999638259 0.026159374 -40.760875702 -0.098016798 -0.025421843 0.994859993 448.137878418
0.995190024 -0.008086163 0.097629100 44.493270874 0.005584770 0.999649763 0.025867514 -40.941040039 -0.097804077 -0.025197858 0.994886637 450.407012939
0.995111227 -0.007679900 0.098460965 44.795768738 0.005167639 0.999655187 0.025744973 -41.125373840 -0.098624721 -0.025110302 0.994807839 452.669342041
0.995037615 -0.007077664 0.099247329 45.102619171 0.004534451 0.999656141 0.025827199 -41.296485901 -0.099396005 -0.025248997 0.994727492 454.948760986
0.995001793 -0.007406042 0.099582091 45.406982422 0.004863000 0.999656439 0.025755670 -41.483497620 -0.099738613 -0.025142673 0.994695961 457.210083008
0.995035470 -0.006669747 0.099296957 45.730876923 0.004203884 0.999678075 0.025021758 -41.659038544 -0.099431880 -0.024480108 0.994743168 459.491210938
0.994991243 -0.005491593 0.099809736 46.040973663 0.002956062 0.999669611 0.025533808 -41.837322235 -0.099916957 -0.025110874 0.994678795 461.770904541
0.995013475 -0.004813792 0.099623844 46.357284546 0.002175828 0.999644518 0.026570980 -42.010795593 -0.099716328 -0.026221717 0.994670331 464.047271729
0.995074272 -0.005188205 0.098996222 46.666091919 0.002519526 0.999630570 0.027063383 -42.185321808 -0.099100046 -0.026680654 0.994719684 466.312255859
0.995162129 -0.004882006 0.098125033 46.984561920 0.002381646 0.999669909 0.025582369 -42.355678558 -0.098217532 -0.025224905 0.994845212 468.593658447
0.995222986 -0.004876953 0.097506151 47.304744720 0.002416942 0.999676168 0.025331510 -42.538734436 -0.097598106 -0.024974838 0.994912505 470.888946533
0.995293200 -0.005543633 0.096750736 47.613586426 0.002995952 0.999645531 0.026457848 -42.720771790 -0.096863106 -0.026043463 0.994956911 473.168975830
0.995266438 -0.005876939 0.097005978 47.910491943 0.003276010 0.999631405 0.026949573 -42.902397156 -0.097128615 -0.026504211 0.994918883 475.446319580
0.995408893 -0.005458849 0.095558122 48.229969025 0.003013290 0.999664724 0.025717998 -43.054809570 -0.095666453 -0.025311984 0.995091558 477.731781006
0.995401025 -0.005739235 0.095622845 48.533905029 0.003233189 0.999647677 0.026341982 -43.231651306 -0.095740318 -0.025911668 0.995069027 480.009613037
0.995467842 -0.006290937 0.094890550 48.853771210 0.003732871 0.999625385 0.027111528 -43.412197113 -0.095025562 -0.026634438 0.995118439 482.280090332
0.995459199 -0.007398341 0.094901137 49.131080627 0.004872682 0.999628484 0.026817776 -43.596797943 -0.095064305 -0.026233580 0.995125353 484.605957031
0.995502472 -0.007586207 0.094431013 49.440723419 0.005044898 0.999619484 0.027121501 -43.772178650 -0.094600827 -0.026523130 0.995161891 486.885742188
0.995534599 -0.007302403 0.094114162 49.729045868 0.004779248 0.999623835 0.027007075 -43.941207886 -0.094275966 -0.026436685 0.995195031 489.138488770
0.995533466 -0.006652921 0.094174817 50.031394958 0.004086374 0.999615669 0.027419660 -44.111602783 -0.094321050 -0.026912352 0.995177925 491.443328857
0.995616436 -0.005962353 0.093339898 50.342182159 0.003403689 0.999614716 0.027547566 -44.281528473 -0.093468167 -0.027109109 0.995253146 493.725463867
0.995612800 -0.005378329 0.093414225 50.633251190 0.002872660 0.999633014 0.026936999 -44.450119019 -0.093524806 -0.026550470 0.995262861 496.024749756
0.995633125 -0.004883213 0.093224593 50.943313599 0.002427911 0.999647617 0.026432769 -44.631214142 -0.093320809 -0.026090996 0.995294154 498.331390381
0.995666623 -0.004878848 0.092866249 51.241783142 0.002357352 0.999626100 0.027242268 -44.807495117 -0.092964441 -0.026905298 0.995305836 500.626373291
0.995677650 -0.004447441 0.092769474 51.537242889 0.001890807 0.999616385 0.027628709 -44.986618042 -0.092856765 -0.027333878 0.995304227 502.903564453
0.995703280 -0.003587661 0.092530817 51.837108612 0.001104965 0.999638319 0.026868304 -45.163036346 -0.092593737 -0.026650619 0.995347261 505.195068359
0.995677233 -0.003224690 0.092824079 52.130771637 0.000653236 0.999615550 0.027719494 -45.343711853 -0.092877798 -0.027539039 0.995296597 507.487304688
0.995692372 -0.003797361 0.092640698 52.433582306 0.001309820 0.999637365 0.026897542 -45.523612976 -0.092709251 -0.026660331 0.995336235 509.787658691
0.995742559 -0.004392267 0.092073068 52.746604919 0.001848954 0.999614835 0.027689882 -45.705299377 -0.092159212 -0.027401755 0.995367169 512.093994141
0.995747149 -0.004324969 0.092026688 53.048435211 0.001760222 0.999608278 0.027932536 -45.879089355 -0.092111446 -0.027651755 0.995364606 514.405090332
0.995756984 -0.003842779 0.091941833 53.346557617 0.001318081 0.999620736 0.027504714 -46.050632477 -0.092012674 -0.027266825 0.995384395 516.717468262
0.995748103 -0.002919416 0.092072308 53.639305115 0.000414747 0.999629676 0.027210698 -46.228057861 -0.092117660 -0.027056817 0.995380402 519.007446289
0.995685339 -0.001019487 0.092787817 53.937278748 -0.001533768 0.999622226 0.027441660 -46.410648346 -0.092780732 -0.027465571 0.995307684 521.344909668
0.995623887 0.001002856 0.093445756 54.240257263 -0.003597743 0.999612451 0.027604578 -46.585765839 -0.093381874 -0.027819967 0.995241642 523.673156738
0.995565116 0.001648835 0.094060607 54.544349670 -0.004371037 0.999577284 0.028742261 -46.755268097 -0.093973421 -0.029025931 0.995151520 525.989746094
0.995482743 0.001325448 0.094933465 54.843456268 -0.004070307 0.999579191 0.028725687 -46.927951813 -0.094855435 -0.028982341 0.995069027 528.300781250
0.995449126 -0.000481909 0.095292501 55.146995544 -0.002389824 0.999546468 0.030019548 -47.098930359 -0.095263764 -0.030110670 0.994996488 530.614257812
0.995385468 -0.001944189 0.095937237 55.458816528 -0.000899456 0.999561787 0.029588537 -47.268074036 -0.095952727 -0.029538294 0.994947433 532.934143066
0.995345116 -0.002290201 0.096347362 55.765552521 -0.000533326 0.999571383 0.029269738 -47.444400787 -0.096373104 -0.029184882 0.994917274 535.245300293
0.995272815 -0.002527886 0.097085558 56.074481964 -0.000300643 0.999576151 0.029108724 -47.616905212 -0.097117998 -0.029000312 0.994850278 537.560180664
0.995196521 -0.002282275 0.097870730 56.382781982 -0.000523636 0.999589741 0.028634291 -47.795402527 -0.097895958 -0.028547997 0.994787037 539.876892090
0.995109797 -0.001490140 0.098764017 56.694145203 -0.001311566 0.999598682 0.028296681 -47.970405579 -0.098766550 -0.028287839 0.994708598 542.206420898
0.995036602 -0.001155612 0.099502966 57.015625000 -0.001591785 0.999619722 0.027527399 -48.145820618 -0.099496931 -0.027549157 0.994656444 544.531616211
0.994896770 -0.000886617 0.100893997 57.314720154 -0.001926408 0.999612153 0.027780164 -48.320396423 -0.100879498 -0.027832752 0.994509280 546.849853516
0.994842231 -0.000790674 0.101430491 57.633144379 -0.002100681 0.999594688 0.028395802 -48.494846344 -0.101411805 -0.028462423 0.994437277 549.165527344
0.994789839 -0.000597805 0.101944558 57.947994232 -0.002284443 0.999601066 0.028153606 -48.663722992 -0.101920702 -0.028239809 0.994391561 551.470214844
0.994751215 -0.003006478 0.102278493 58.267417908 0.000108633 0.999598742 0.028326660 -48.858512878 -0.102322616 -0.028166875 0.994352341 553.774780273
0.994803667 -0.003452469 0.101753592 58.602909088 0.000494222 0.999576867 0.029083541 -49.034301758 -0.101810947 -0.028882122 0.994384408 556.082275391
0.994733393 -0.003175996 0.102446571 58.920829773 0.000153963 0.999564946 0.029493056 -49.206336975 -0.102495670 -0.029321956 0.994301140 558.389526367
0.994696319 -0.002653687 0.102820680 59.247600555 -0.000512002 0.999526978 0.030749833 -49.382446289 -0.102853633 -0.030639393 0.994224489 560.724487305
0.994679868 -0.003181679 0.102965027 59.579627991 -0.000040209 0.999510825 0.031273898 -49.551757812 -0.103014164 -0.031111658 0.994193196 563.056884766
0.994625390 -0.002636888 0.103505544 59.906631470 -0.000702552 0.999480784 0.032213680 -49.719902039 -0.103536747 -0.032113265 0.994107068 565.374694824
0.994577408 -0.001601720 0.103986561 60.242603302 -0.001723940 0.999490082 0.031883880 -49.895416260 -0.103984587 -0.031890258 0.994067490 567.700195312
0.994586647 -0.000535794 0.103908882 60.586650848 -0.002632038 0.999535978 0.030347109 -50.057800293 -0.103876941 -0.030456323 0.994123757 570.029846191
0.994544566 0.000105021 0.104312405 60.925449371 -0.003326237 0.999522984 0.030706989 -50.229667664 -0.104259416 -0.030886440 0.994070530 572.347595215
0.994566262 -0.000201506 0.104105286 61.268714905 -0.003094574 0.999499023 0.031498533 -50.402442932 -0.104059473 -0.031649537 0.994067371 574.724853516
0.994555652 -0.000216199 0.104206420 61.609523773 -0.003252836 0.999446154 0.033118941 -50.578735352 -0.104155861 -0.033277594 0.994004130 577.035827637
0.994481325 0.000398146 0.104912199 61.940155029 -0.003759529 0.999485791 0.031844158 -50.758247375 -0.104845569 -0.032062843 0.993971527 579.421203613
0.994533300 -0.000238374 0.104419701 62.281814575 -0.003078539 0.999495804 0.031602882 -50.919937134 -0.104374595 -0.031751581 0.994031072 581.759277344
0.994532824 -0.001366338 0.104414701 62.627967834 -0.002125737 0.999442160 0.033325691 -51.103271484 -0.104402013 -0.033365451 0.993975341 584.076354980
0.994605243 -0.001192743 0.103725292 62.966487885 -0.002284453 0.999439597 0.033397861 -51.267940521 -0.103706986 -0.033454649 0.994045138 586.396118164
0.994516134 -0.004069810 0.104504123 63.305500031 0.000670445 0.999470234 0.032543056 -51.446338654 -0.104581200 -0.032294542 0.993991792 588.757629395
0.994537473 -0.004482279 0.104283683 63.646488190 0.001090178 0.999469221 0.032561917 -51.608924866 -0.104374275 -0.032270357 0.994014502 591.106750488
0.994532406 -0.006543439 0.104223162 63.977367401 0.003098629 0.999444604 0.033179928 -51.777755737 -0.104382358 -0.032675575 0.994000256 593.441101074
0.994578362 -0.007066287 0.103749402 64.323982239 0.003604564 0.999431670 0.033515852 -51.946159363 -0.103927277 -0.032960169 0.994038582 595.795349121
