1.000000000 0.000000000 0.000000000 0.000000000 0.000000000 1.000000000 0.000000000 0.000000000 0.000000000 0.000000000 1.000000000 0.000000000
0.999999881 0.000146174 0.000495423 0.088043243 -0.000146104 1.000000000 -0.000140636 -0.225731656 -0.000495444 0.000140564 0.999999881 2.294573069
0.999999106 0.000532872 0.001205880 0.164978862 -0.000533428 0.999999762 0.000461282 -0.465060502 -0.001205634 -0.000461924 0.999999106 4.586874962
0.999998331 0.000235755 0.001797689 0.261707485 -0.000236838 0.999999762 0.000602448 -0.695006430 -0.001797546 -0.000602872 0.999998212 6.878002644
0.999996424 0.000191233 0.002674673 0.354613185 -0.000188260 0.999999344 -0.001112041 -0.926712811 -0.002674884 0.001111534 0.999995828 9.174068451
0.999986053 0.001962917 0.004896440 0.444604576 -0.001964373 0.999998033 0.000292558 -1.162628174 -0.004895856 -0.000302173 0.999988019 11.480708122
0.999961078 0.004138528 0.007789381 0.525860667 -0.004150494 0.999990225 0.001520656 -1.392149329 -0.007783012 -0.001552927 0.999968529 13.790722847
0.999945879 0.003743131 0.009711077 0.640417695 -0.003778703 0.999986172 0.003647290 -1.616814733 -0.009697292 -0.003683788 0.999946237 16.062002182
0.999939322 0.003834680 0.010329362 0.768847704 -0.003886057 0.999980152 0.004958379 -1.848552585 -0.010310143 -0.004998219 0.999934375 18.402917862
0.999931335 0.002912838 0.011349914 0.891649425 -0.002971370 0.999982357 0.005143517 -2.073256254 -0.011334730 -0.005176888 0.999922335 20.691644669
0.999926686 0.000593852 0.012089273 1.004022956 -0.000630415 0.999995232 0.003020821 -2.306057930 -0.012087421 -0.003028221 0.999922276 23.005037308
0.999914467 -0.001692585 0.012967725 1.111354113 0.001681365 0.999998152 0.000876117 -2.525259733 -0.012969184 -0.000854239 0.999915540 25.287368774
0.999917328 -0.002419148 0.012626133 1.251513243 0.002412375 0.999996960 0.000551669 -2.777358770 -0.012627429 -0.000521165 0.999920130 27.599227905
0.999906361 -0.002147989 0.013513556 1.359103560 0.002155162 0.999997556 -0.000516231 -3.001881123 -0.013512412 0.000545307 0.999908566 29.886030197
0.999897778 0.000258171 0.014296038 1.480583549 -0.000286811 0.999997973 0.002001339 -3.232704401 -0.014295493 -0.002005235 0.999895751 32.172199249
0.999896169 0.002325714 0.014220347 1.612046242 -0.002385086 0.999988496 0.004159607 -3.452373981 -0.014210511 -0.004193093 0.999890268 34.452621460
0.999865294 0.004479173 0.015788719 1.727352142 -0.004611808 0.999954283 0.008374170 -3.688386440 -0.015750488 -0.008445857 0.999840260 36.765193939
0.999842525 0.006295600 0.016589094 1.842634439 -0.006429663 0.999946952 0.008040443 -3.906886816 -0.016537599 -0.008145840 0.999830008 39.038265228
0.999822438 0.005107150 0.018140016 1.952990294 -0.005217569 0.999968052 0.006044913 -4.106080532 -0.018108563 -0.006138485 0.999817312 41.335968018
0.999825537 0.002703596 0.018482555 2.074923515 -0.002799266 0.999982774 0.005152325 -4.331762791 -0.018468307 -0.005203164 0.999815941 43.612037659
0.999823570 0.002565578 0.018613888 2.206029892 -0.002639619 0.999988675 0.003954273 -4.559793472 -0.018603535 -0.004002708 0.999818921 45.873142242
0.999824703 0.001857961 0.018627247 2.334217072 -0.001918536 0.999992907 0.003234557 -4.791240692 -0.018621108 -0.003269727 0.999821246 48.142078400
0.999828458 0.000055436 0.018521016 2.472442627 -0.000121335 0.999993622 0.003556979 -5.018394470 -0.018520700 -0.003558616 0.999822080 50.421684265
0.999811769 -0.000602288 0.019397141 2.603409290 0.000527581 0.999992371 0.003856341 -5.242153645 -0.019399315 -0.003845381 0.999804437 52.690086365
0.999805093 -0.001762228 0.019662444 2.738440037 0.001692409 0.999992251 0.003566969 -5.468209267 -0.019668575 -0.003532997 0.999800324 54.974925995
0.999782383 -0.001995739 0.020770708 2.869733810 0.001903587 0.999988258 0.004455451 -5.705383301 -0.020779354 -0.004414943 0.999774456 57.266941071
0.999767303 -0.003634977 0.021264359 3.008642197 0.003527336 0.999980927 0.005097342 -5.930250168 -0.021282477 -0.005021150 0.999760807 59.534721375
0.999725342 -0.005172149 0.022857191 3.133851051 0.005069424 0.999976814 0.004549820 -6.153854847 -0.022880191 -0.004432699 0.999728322 61.802543640
0.999712706 -0.006105219 0.023176823 3.284121990 0.006003988 0.999972165 0.004434874 -6.377430916 -0.023203254 -0.004294446 0.999721467 64.054908752
0.999684870 -0.005584190 0.024475027 3.420931816 0.005460755 0.999972045 0.005107205 -6.600296021 -0.024502864 -0.004971942 0.999687374 66.325294495
0.999668419 -0.004609908 0.025334120 3.567180634 0.004468185 0.999974072 0.005647943 -6.827932835 -0.025359500 -0.005532873 0.999663115 68.586044312
0.999631286 -0.004854765 0.026721125 3.701556921 0.004717021 0.999975204 0.005215487 -7.050268173 -0.026745785 -0.005087519 0.999629319 70.844429016
0.999617219 -0.005668696 0.027082555 3.858305454 0.005563989 0.999976695 0.003940033 -7.273229122 -0.027104257 -0.003787836 0.999625444 73.103462219
0.999603927 -0.006585195 0.027360093 4.016303062 0.006467420 0.999969423 0.004390881 -7.499183178 -0.027388167 -0.004212193 0.999616027 75.380058289
0.999558449 -0.007792217 0.028673315 4.171166420 0.007685876 0.999963164 0.003817033 -7.727726460 -0.028702002 -0.003594969 0.999581575 77.645957947
0.999558747 -0.008620286 0.028424866 4.327382088 0.008522574 0.999957502 0.003556838 -7.955438137 -0.028454315 -0.003313017 0.999589562 79.912963867
0.999530196 -0.009050444 0.029283948 4.473204613 0.008959201 0.999954581 0.003245560 -8.172090530 -0.029311996 -0.002981675 0.999565899 82.167350769
0.999513090 -0.008227113 0.030095533 4.641139984 0.008133885 0.999961674 0.003218798 -8.401956558 -0.030120865 -0.002972438 0.999541819 84.449981689
0.999460459 -0.007970942 0.031863682 4.792199135 0.007864824 0.999963105 0.003454341 -8.615672112 -0.031890042 -0.003201875 0.999486208 86.704986572
0.999464929 -0.007673135 0.031796735 4.964463711 0.007510200 0.999958038 0.005240541 -8.854780197 -0.031835604 -0.004998937 0.999480605 88.992179871
0.999438047 -0.006751463 0.032833114 5.122678757 0.006557745 0.999960601 0.006004151 -9.080248833 -0.032872364 -0.005785466 0.999442816 91.246795654
0.999411285 -0.006478603 0.033690043 5.286061287 0.006277364 0.999961853 0.006075572 -9.300755501 -0.033728123 -0.005860511 0.999413848 93.485679626
0.999406219 -0.006336131 0.033867907 5.462471962 0.006167788 0.999968112 0.005072741 -9.519463539 -0.033898965 -0.004860841 0.999413371 95.734283447
0.999375224 -0.006876196 0.034671117 5.628422737 0.006684287 0.999961734 0.005648022 -9.741026878 -0.034708638 -0.005412742 0.999382794 97.980545044
0.999342322 -0.006496538 0.035675202 5.786334038 0.006317204 0.999966860 0.005137229 -9.969741821 -0.035707388 -0.004908482 0.999350369 100.221977234
0.999289334 -0.006577125 0.037112966 5.940362930 0.006357196 0.999961555 0.006040857 -10.183185577 -0.037151270 -0.005800630 0.999292850 102.455039978
0.999290407 -0.007014071 0.037009604 6.140628338 0.006797288 0.999958992 0.005980053 -10.405353546 -0.037050035 -0.005724244 0.999297023 104.717994690
0.999256670 -0.007741462 0.037763018 6.312063694 0.007500031 0.999950528 0.006530744 -10.619028091 -0.037811708 -0.006242665 0.999265492 106.955848694
0.999233305 -0.009147549 0.038066100 6.493984222 0.008901508 0.999938428 0.006627975 -10.834470749 -0.038124375 -0.006284047 0.999253213 109.211380005
0.999198973 -0.010281697 0.038674071 6.673629761 0.009994777 0.999921143 0.007604970 -11.059517860 -0.038749207 -0.007212340 0.999222934 111.467300415
0.999176502 -0.011060842 0.039037928 6.861449242 0.010821181 0.999921322 0.006345168 -11.281276703 -0.039105035 -0.005917507 0.999217510 113.739242554
0.999131978 -0.011348326 0.040081292 7.038558960 0.011129671 0.999921978 0.005674220 -11.502017021 -0.040142566 -0.005223202 0.999180317 115.992538452
0.999095023 -0.011691062 0.040895227 7.215561867 0.011450947 0.999915838 0.006100741 -11.727282524 -0.040963106 -0.005626930 0.999144733 118.243980408
0.999042451 -0.011975204 0.042080760 7.398364067 0.011691566 0.999907315 0.006979992 -11.950516701 -0.042160451 -0.006481319 0.999089837 120.513015747
0.999032915 -0.012681494 0.042100143 7.599879265 0.012360342 0.999892652 0.007879863 -12.178880692 -0.042195547 -0.007351870 0.999082327 122.723220825
0.998985291 -0.013367593 0.043008622 7.799041271 0.013077457 0.999889791 0.007020370 -12.397503853 -0.043097738 -0.006450802 0.999050021 125.038002014
0.998943508 -0.013633772 0.043884572 7.974145412 0.013356895 0.999888957 0.006596274 -12.623912811 -0.043969627 -0.006003143 0.999014974 127.300666809
0.998923481 -0.015299518 0.043793183 8.159265518 0.015007678 0.999862909 0.006985098 -12.839346886 -0.043894049 -0.006320344 0.999016225 129.561035156
0.998943090 -0.016480040 0.042906869 8.344552994 0.016184656 0.999842942 0.007222574 -13.052418709 -0.043019153 -0.006520507 0.999052942 131.807083130
0.999001324 -0.016762784 0.041416831 8.539383888 0.016428836 0.999829829 0.008390369 -13.267331123 -0.041550428 -0.007701560 0.999106765 134.044052124
0.999055624 -0.017669160 0.039694816 8.734775543 0.017356956 0.999815702 0.008196061 -13.490027428 -0.039832320 -0.007499338 0.999178231 136.291931152
0.999115646 -0.018528579 0.037743501 8.933778763 0.018233920 0.999800622 0.008136194 -13.708132744 -0.037886728 -0.007440788 0.999254346 138.516632080
0.999107242 -0.019193530 0.037632719 9.100515366 0.018900866 0.999788404 0.008117252 -13.924026489 -0.037780549 -0.007398714 0.999258697 140.790100098
0.999090850 -0.019604657 0.037858173 9.261033058 0.019321382 0.999782622 0.007833970 -14.123031616 -0.038003527 -0.007095375 0.999252439 143.024368286
0.999137461 -0.019549744 0.036638748 9.450717926 0.019197220 0.999766231 0.009948920 -14.357692719 -0.036824681 -0.009236977 0.999279022 145.255493164
0.999151826 -0.018628957 0.036722090 9.620796204 0.018316941 0.999793351 0.008814986 -14.568101883 -0.036878724 -0.008134874 0.999286592 147.502731323
0.999169946 -0.017419258 0.036823899 9.796859741 0.017157335 0.999825239 0.007417032 -14.783717155 -0.036946665 -0.006779075 0.999294162 149.757553101
0.999184966 -0.015782639 0.037152916 9.968271255 0.015547931 0.999857306 0.006598026 -14.999872208 -0.037251752 -0.006014998 0.999287784 152.009109497
0.999189675 -0.015184922 0.037274923 10.147027969 0.014946851 0.999866128 0.006657347 -15.214884758 -0.037371024 -0.006094809 0.999282897 154.250549316
0.999176323 -0.014378400 0.037946176 10.318527222 0.014112971 0.999874115 0.007253450 -15.431106567 -0.038045697 -0.006711942 0.999253452 156.515701294
0.999177635 -0.013780130 0.038133755 10.508222580 0.013475824 0.999875307 0.008225596 -15.647067070 -0.038242355 -0.007704947 0.999238789 158.741210938
0.999127626 -0.013196827 0.039620373 10.669183731 0.012820189 0.999870300 0.009745293 -15.872030258 -0.039743841 -0.009228852 0.999167264 161.033233643
0.999103904 -0.012248224 0.040512826 10.848003387 0.011783228 0.999862194 0.011696694 -16.084602356 -0.040650506 -0.011208841 0.999110520 163.269912720
0.999074280 -0.011302927 0.041507024 11.030632973 0.010852591 0.999879897 0.011058996 -16.298835754 -0.041627038 -0.010598298 0.999077022 165.561935425
0.999034405 -0.010823105 0.042581420 11.218552589 0.010421502 0.999899209 0.009642104 -16.503940582 -0.042681485 -0.009189032 0.999046445 167.816711426
0.998966992 -0.008998799 0.044544157 11.400036812 0.008563644 0.999913812 0.009950285 -16.713232040 -0.044629857 -0.009558543 0.998957872 170.053558350
0.998876870 -0.008660606 0.046583526 11.614874840 0.008190682 0.999913752 0.010269175 -16.936576843 -0.046668451 -0.009876091 0.998861611 172.358627319
0.998753190 -0.008779921 0.049141955 11.805821419 0.008297928 0.999915540 0.010003629 -17.144701004 -0.049225636 -0.009583380 0.998741686 174.631744385
0.998669922 -0.008719845 0.050817255 12.006567955 0.008178942 0.999907792 0.010842292 -17.359972000 -0.050907105 -0.010412239 0.998649120 176.895370483
0.998614728 -0.009067751 0.051831100 12.204627991 0.008479263 0.999897242 0.011562610 -17.562507629 -0.051930621 -0.011107103 0.998588860 179.117095947
0.998614073 -0.010564810 0.051558021 12.419098854 0.009983121 0.999883711 0.011526721 -17.779216766 -0.051673807 -0.010996038 0.998603404 181.396224976
0.998578131 -0.011389044 0.052078519 12.613997459 0.010818549 0.999878466 0.011223357 -17.982660294 -0.052200027 -0.010643984 0.998579919 183.640380859
0.998621941 -0.012519244 0.050963402 12.828485489 0.011961912 0.999865413 0.011226313 -18.203954697 -0.051097084 -0.010601225 0.998637378 185.891098022
0.998635530 -0.014388487 0.050199501 13.035367012 0.013808686 0.999834061 0.011877716 -18.410728455 -0.050362073 -0.011168320 0.998668551 188.138626099
0.998650670 -0.015280640 0.049632799 13.243164062 0.014727827 0.999825656 0.011484739 -18.614698410 -0.049799643 -0.010738261 0.998701394 190.379470825
0.998602986 -0.016562818 0.050176606 13.433975220 0.016006671 0.999806166 0.011465427 -18.833501816 -0.050356783 -0.010646251 0.998674512 192.638015747
0.998561502 -0.017559078 0.050659724 13.619122505 0.017003564 0.999790788 0.011375808 -19.037214279 -0.050848871 -0.010498047 0.998651206 194.874740601
0.998617172 -0.016839411 0.049800962 13.852095604 0.016298182 0.999803841 0.011253975 -19.256355286 -0.049980696 -0.010426748 0.998695731 197.153945923
0.998622894 -0.014803907 0.050330948 14.049957275 0.014263192 0.999836802 0.011085463 -19.457458496 -0.050486855 -0.010352316 0.998670995 199.397460938
0.998634696 -0.012863934 0.050627802 14.248055458 0.012328060 0.999864697 0.010882618 -19.666934967 -0.050760947 -0.010243617 0.998658299 201.631774902
0.998611987 -0.012519849 0.051159192 14.454738617 0.012020067 0.999877095 0.010065156 -19.872262955 -0.051278923 -0.009436248 0.998639882 203.889770508
0.998569489 -0.012712669 0.051936105 14.649490356 0.012168351 0.999867737 0.010783336 -20.075500488 -0.052066326 -0.010135932 0.998592138 206.116744995
0.998549879 -0.014312431 0.051895503 14.876517296 0.013758992 0.999844730 0.011006147 -20.294593811 -0.052044969 -0.010276158 0.998591840 208.375869751
0.998491406 -0.013869720 0.053127702 15.078974724 0.013309895 0.999852300 0.010876708 -20.487920761 -0.053270709 -0.010153176 0.998528481 210.621444702
0.998425841 -0.014053538 0.054298621 15.294944763 0.013401044 0.999833763 0.012362242 -20.710111618 -0.054463331 -0.011615125 0.998448133 212.860137939
0.998370171 -0.012611700 0.055659574 15.526695251 0.011919420 0.999847531 0.012752270 -20.916286469 -0.055811916 -0.012068056 0.998368323 215.091995239
0.998207927 -0.010640273 0.058887046 15.746693611 0.009925770 0.999873638 0.012412670 -21.119693756 -0.059011683 -0.011805925 0.998187423 217.393005371
0.998075664 -0.010534631 0.061105862 15.969226837 0.009766238 0.999869585 0.012859826 -21.323680878 -0.061233371 -0.012238306 0.998048365 219.643676758
0.997953594 -0.011947123 0.062816337 16.199813843 0.011129562 0.999848962 0.013348935 -21.522289276 -0.062966339 -0.012622499 0.997935772 221.879852295
0.997849166 -0.013257195 0.064196087 16.429073334 0.012368489 0.999822378 0.014221343 -21.721858978 -0.064373203 -0.013396748 0.997835934 224.117279053
0.997781277 -0.015245123 0.064807944 16.673614502 0.014389075 0.999803245 0.013655315 -21.929252625 -0.065003358 -0.012692492 0.997804344 226.355468750
0.997742951 -0.016433682 0.065107137 16.909214020 0.015599778 0.999789894 0.013295988 -22.127063751 -0.065311968 -0.012250320 0.997789621 228.607116699
0.997705936 -0.016722664 0.065598466 17.147438049 0.015876235 0.999784052 0.013403364 -22.325048447 -0.065808445 -0.012331161 0.997756064 230.848602295
0.997631550 -0.018026611 0.066379584 17.381149292 0.017221458 0.999771237 0.012681874 -22.528285980 -0.066593006 -0.011508685 0.997713864 233.089141846
0.997637570 -0.018819325 0.066069350 17.650268555 0.017950615 0.999744713 0.013717589 -22.736537933 -0.066310644 -0.012499196 0.997720718 235.389099121
0.997607887 -0.018684303 0.066555373 17.890331268 0.017799204 0.999745369 0.013867045 -22.935752869 -0.066797540 -0.012649239 0.997686327 237.633163452
0.997567713 -0.018429220 0.067223959 18.124830246 0.017544458 0.999751806 0.013728228 -23.133443832 -0.067460276 -0.012515429 0.997643471 239.857757568
0.997535110 -0.018658064 0.067642927 18.366699219 0.017754152 0.999745190 0.013939656 -23.333658218 -0.067885786 -0.012704355 0.997612178 242.091583252
0.997497976 -0.018971356 0.068102337 18.611156464 0.018068211 0.999740779 0.013853187 -23.526912689 -0.068347491 -0.012588036 0.997582257 244.336425781
0.997462153 -0.018976590 0.068622753 18.854459763 0.018113097 0.999749124 0.013183661 -23.731414795 -0.068855725 -0.011907233 0.997555673 246.568923950
0.997478187 -0.018518137 0.068515547 19.110591888 0.017704692 0.999765635 0.012460719 -23.936243057 -0.068730235 -0.011216250 0.997572243 248.808883667
0.997452915 -0.018818337 0.068800725 19.357725143 0.017968178 0.999754608 0.012954974 -24.138616562 -0.069027632 -0.011685753 0.997546315 251.048690796
0.997419894 -0.020106310 0.068913348 19.606470108 0.019263340 0.999731660 0.012875130 -24.341278076 -0.069153719 -0.011514413 0.997539520 253.277725220
0.997425377 -0.020304738 0.068777405 19.868608475 0.019404003 0.999717295 0.013739276 -24.546665192 -0.069036938 -0.012369346 0.997537374 255.540573120
0.997392416 -0.021036588 0.069035448 20.103803635 0.020123536 0.999700844 0.013894798 -24.748220444 -0.069307096 -0.012469327 0.997517526 257.761871338
0.997370601 -0.021171648 0.069308035 20.365200043 0.020225756 0.999692857 0.014321148 -24.952987671 -0.069589943 -0.012881686 0.997492433 260.039459229
0.997344136 -0.020928653 0.069763497 20.617696762 0.020024184 0.999706566 0.013639058 -25.148408890 -0.070028484 -0.012205876 0.997470319 262.283599854
0.997312725 -0.020791026 0.070250012 20.871435165 0.019926967 0.999717176 0.012978273 -25.344747543 -0.070499972 -0.011543528 0.997444987 264.545776367
0.997284532 -0.019977517 0.070882387 21.125923157 0.019132042 0.999737740 0.012586841 -25.552339554 -0.071115263 -0.011196536 0.997405291 266.789367676
0.997215927 -0.019325985 0.072019577 21.377422333 0.018457228 0.999748826 0.012708921 -25.750732422 -0.072247095 -0.011344258 0.997322261 269.038208008
0.997106135 -0.018794497 0.073662244 21.629781723 0.017925566 0.999761879 0.012439664 -25.970033646 -0.073878497 -0.011083226 0.997205794 271.297912598
0.997027934 -0.019394122 0.074560337 21.899978638 0.018496124 0.999748111 0.012715739 -26.175682068 -0.074788153 -0.011298873 0.997135460 273.546295166
0.996834099 -0.019828269 0.076997161 22.143875122 0.018846370 0.999731839 0.013458237 -26.374618530 -0.077243365 -0.011964513 0.996940494 275.793823242
0.996719837 -0.019664880 0.078503624 22.412183762 0.018592743 0.999723971 0.014364918 -26.564483643 -0.078764439 -0.012858202 0.996810317 278.036865234
0.996669233 -0.019277995 0.079238757 22.693586349 0.018057646 0.999707460 0.016088821 -26.779167175 -0.079525746 -0.014604366 0.996725738 280.289123535
0.996587217 -0.018968575 0.080336809 22.971979141 0.017639693 0.999696136 0.017218968 -26.980718613 -0.080639005 -0.015743086 0.996618986 282.527801514
0.996514559 -0.017768469 0.081504613 23.243665695 0.016426310 0.999718726 0.017108427 -27.169332504 -0.081785686 -0.015709976 0.996526241 284.789886475
0.996384084 -0.016819896 0.083280757 23.504514694 0.015485452 0.999741554 0.016643574 -27.360412598 -0.083539180 -0.015293752 0.996387184 287.021575928
0.996387899 -0.016363664 0.083326459 23.786918640 0.015132311 0.999767005 0.015387684 -27.547939301 -0.083558835 -0.014071180 0.996403515 289.269866943
0.996318161 -0.017210811 0.083988100 24.055131912 0.015935740 0.999747694 0.015828462 -27.750345230 -0.084239341 -0.014431772 0.996341050 291.497344971
0.996268690 -0.016980294 0.084617913 24.320674896 0.015803153 0.999769211 0.014561718 -27.942125320 -0.084845632 -0.013170155 0.996307075 293.768859863
0.996283650 -0.017563585 0.084323280 24.601463318 0.016474092 0.999771774 0.013598934 -28.135486603 -0.084542900 -0.012159245 0.996345639 296.001007080
0.996283650 -0.017449958 0.084345974 24.879112244 0.016350450 0.999772310 0.013708965 -28.336193085 -0.084566012 -0.012278925 0.996342182 298.235565186
0.996282041 -0.016749728 0.084507339 25.156238556 0.015645035 0.999783516 0.013717527 -28.531240463 -0.084718809 -0.012344405 0.996328473 300.475006104
0.996255219 -0.016781557 0.084816784 25.420852661 0.015586672 0.999769986 0.014730537 -28.736183167 -0.085044473 -0.013353363 0.996287584 302.713012695
0.996259689 -0.017324174 0.084655248 25.705795288 0.016129635 0.999760747 0.014774308 -28.933355331 -0.084890962 -0.013353586 0.996300757 304.967559814
0.996232331 -0.016650423 0.085112691 25.988136292 0.015446346 0.999771357 0.014785940 -29.129045486 -0.085339442 -0.013415552 0.996261537 307.217224121
0.996230245 -0.017486319 0.084966473 26.271440506 0.016265810 0.999754667 0.015035799 -29.339002609 -0.085208535 -0.013597072 0.996270299 309.474243164
0.996187866 -0.018701781 0.085204959 26.552350998 0.017453533 0.999729514 0.015371419 -29.534751892 -0.085469380 -0.013825695 0.996244848 311.738922119
0.996163309 -0.018439339 0.085548930 26.831876755 0.017232172 0.999741554 0.014827953 -29.735784531 -0.085800245 -0.013296868 0.996223569 313.982788086
0.996182859 -0.018164745 0.085380100 27.123365402 0.016901113 0.999737024 0.015499685 -29.935668945 -0.085639223 -0.013997500 0.996227801 316.232482910
0.996141970 -0.016468240 0.086197078 27.402425766 0.015253160 0.999774992 0.014736246 -30.135532379 -0.086420380 -0.013364616 0.996169031 318.476379395
0.996136308 -0.014925910 0.086542808 27.679901123 0.013661273 0.999791324 0.015186747 -30.331642151 -0.086751431 -0.013945784 0.996132374 320.728485107
0.996065855 -0.013494690 0.087582141 27.952478409 0.012221974 0.999812126 0.015051687 -30.532213211 -0.087768778 -0.013922046 0.996043682 322.958892822
0.996011615 -0.012729453 0.088311151 28.226484299 0.011404945 0.999815047 0.015486621 -30.724750519 -0.088491954 -0.014417670 0.995972514 325.198455811
0.996022105 -0.012325049 0.088249713 28.517805099 0.010883044 0.999799609 0.016802628 -30.929428101 -0.088439122 -0.015775364 0.995956659 327.427154541
0.995988905 -0.012789890 0.088558242 28.794698715 0.011352811 0.999796033 0.016712205 -31.130374908 -0.088753916 -0.015639788 0.995930791 329.677978516
0.996000826 -0.014621658 0.088139057 29.090543747 0.013274623 0.999786377 0.015849913 -31.323814392 -0.088351965 -0.014616513 0.995982051 331.910919189
0.995989323 -0.014449856 0.088297799 29.372312546 0.013126680 0.999792874 0.015547730 -31.519477844 -0.088504180 -0.014326315 0.995972753 334.130187988
0.995973945 -0.015120159 0.088358842 29.656803131 0.013691498 0.999765873 0.016752651 -31.713260651 -0.088591479 -0.015475445 0.995947838 336.360076904
0.996042192 -0.015714968 0.087481134 29.959106445 0.014299614 0.999756932 0.016782232 -31.906064987 -0.087723590 -0.015464867 0.996024907 338.597473145
0.996032476 -0.015546077 0.087621927 30.238138199 0.014108254 0.999755800 0.017004909 -32.104408264 -0.087864906 -0.015701249 0.996008575 340.842437744
0.996081531 -0.015836522 0.087010399 30.531993866 0.014420312 0.999753475 0.016880894 -32.302036285 -0.087256283 -0.015560029 0.996064365 343.085845947
0.996088922 -0.016606707 0.086782031 30.814538956 0.015145749 0.999732733 0.017466256 -32.493221283 -0.087048888 -0.016083568 0.996074319 345.332275391
0.996133208 -0.016471403 0.086297303 31.101860046 0.015036680 0.999738157 0.017249119 -32.679347992 -0.086558811 -0.015884798 0.996120036 347.575714111
0.996190369 -0.016639037 0.085604519 31.385820389 0.015220632 0.999736309 0.017195418 -32.871185303 -0.085868083 -0.015826955 0.996180773 349.810485840
0.996192038 -0.016213806 0.085665219 31.662515640 0.014754978 0.999735534 0.017635278 -33.066970825 -0.085928515 -0.016304137 0.996167898 352.050292969
0.996224582 -0.016537426 0.085223891 31.940246582 0.015066232 0.999726653 0.017877091 -33.254993439 -0.085496232 -0.016525596 0.996201396 354.280029297
0.996242702 -0.016258670 0.085064463 32.214294434 0.014828966 0.999738395 0.017412275 -33.447414398 -0.085325316 -0.016085437 0.996223271 356.516784668
0.996296763 -0.016293181 0.084424518 32.496040344 0.014835257 0.999730229 0.017867710 -33.638847351 -0.084692881 -0.016549081 0.996269584 358.751647949
0.996354103 -0.015767347 0.083844282 32.781707764 0.014246684 0.999723494 0.018704299 -33.832771301 -0.084116004 -0.017441597 0.996303320 360.993377686
0.996409178 -0.015802318 0.083180606 33.067558289 0.014302298 0.999724746 0.018598380 -34.024795532 -0.083451621 -0.017341921 0.996361017 363.242309570
0.996455908 -0.015656754 0.082646847 33.350505829 0.014140761 0.999721467 0.018896651 -34.212821960 -0.082919672 -0.017660992 0.996399641 365.485931396
0.996504486 -0.015658526 0.082058400 33.631832123 0.014203049 0.999731779 0.018290918 -34.405193329 -0.082322814 -0.017061507 0.996459603 367.750579834
0.996511161 -0.016255297 0.081861079 33.903663635 0.014816770 0.999725461 0.018149739 -34.597782135 -0.082133636 -0.016873501 0.996478498 370.004699707
0.996503711 -0.016174847 0.081967764 34.173271179 0.014809587 0.999741614 0.017236838 -34.784545898 -0.082225390 -0.015962662 0.996486008 372.272369385
0.996574998 -0.015790045 0.081172585 34.453258514 0.014438988 0.999747753 0.017204378 -34.979698181 -0.081423767 -0.015973402 0.996551573 374.519012451
0.996653557 -0.015791131 0.080202222 34.734333038 0.014412276 0.999738753 0.017742213 -35.169197083 -0.080461428 -0.016526941 0.996620715 376.770477295
0.996575594 -0.015216551 0.081273429 34.993938446 0.013792812 0.999741912 0.018050721 -35.357627869 -0.081527114 -0.016867923 0.996528327 379.036132812
0.996563673 -0.015802257 0.081308864 35.266605377 0.014354363 0.999728382 0.018361233 -35.554443359 -0.081576914 -0.017131006 0.996519804 381.284545898
0.996593416 -0.015700487 0.080963314 35.545383453 0.014258337 0.999729753 0.018359916 -35.739067078 -0.081229694 -0.017142974 0.996547997 383.541198730
0.996611595 -0.014760710 0.080916591 35.823368073 0.013300443 0.999739349 0.018555993 -35.932258606 -0.081169404 -0.017416891 0.996548116 385.796905518
0.996605754 -0.013631121 0.081185468 36.091884613 0.012155325 0.999752283 0.018644691 -36.116897583 -0.081419505 -0.017594578 0.996524572 388.053161621
0.996635973 -0.012527563 0.080992341 36.375259399 0.011053870 0.999765575 0.018618338 -36.316600800 -0.081206575 -0.017660422 0.996540964 390.321105957
0.996621549 -0.010925627 0.081401281 36.645656586 0.009443637 0.999782920 0.018568823 -36.510192871 -0.081586480 -0.017737364 0.996508360 392.605865479
0.996648908 -0.009504719 0.081244357 36.921703339 0.007918622 0.999772072 0.019822519 -36.699699402 -0.081414253 -0.019112747 0.996497095 394.865936279
0.996590376 -0.008378319 0.082082026 37.186637878 0.006733526 0.999771357 0.020294776 -36.890007019 -0.082233302 -0.019672880 0.996418834 397.131469727
0.996531665 -0.008103687 0.082818203 37.458515167 0.006568411 0.999801815 0.018793577 -37.087623596 -0.082954094 -0.018184416 0.996387422 399.397888184
0.996462226 -0.007459851 0.083710976 37.732387543 0.005951772 0.999815762 0.018250411 -37.280128479 -0.083831705 -0.017687619 0.996322930 401.668701172
0.996408641 -0.009071837 0.084187560 37.999042511 0.007491030 0.999790013 0.019074140 -37.468524933 -0.084342934 -0.018374987 0.996267378 403.936553955
0.996360242 -0.010614599 0.084577285 38.278987885 0.008928122 0.999754190 0.020293405 -37.661392212 -0.084771894 -0.019464428 0.996210337 406.190917969
0.996359289 -0.011498629 0.084474549 38.560913086 0.009828691 0.999748468 0.020157877 -37.849967957 -0.084685087 -0.019254209 0.996221721 408.451782227
0.996323287 -0.011301128 0.084924228 38.845508575 0.009734643 0.999775112 0.018837214 -38.035118103 -0.085118018 -0.017941244 0.996209323 410.715942383
0.996236801 -0.009417320 0.086159505 39.131946564 0.007768632 0.999780655 0.019450605 -38.236682892 -0.086323760 -0.018708061 0.996091425 412.988830566
0.996181965 -0.008253360 0.086909778 39.408855438 0.006607111 0.999793589 0.019212691 -38.427322388 -0.087050423 -0.018565116 0.996030867 415.232238770
0.996088266 -0.006973561 0.088088319 39.694271088 0.005289278 0.999799013 0.019339368 -38.617012024 -0.088205472 -0.018797794 0.995924890 417.506530762
0.996033609 -0.007194158 0.088686705 39.984626770 0.005520106 0.999802232 0.019106861 -38.807945251 -0.088806607 -0.018541517 0.995876312 419.762481689
0.995938540 -0.007205185 0.089747176 40.265415192 0.005518703 0.999803782 0.019025471 -38.994560242 -0.089866646 -0.018452916 0.995782852 422.017059326
0.995863974 -0.007330275 0.090559579 40.548717499 0.005650084 0.999807298 0.018795880 -39.187618256 -0.090679914 -0.018206473 0.995713651 424.273681641
0.995788455 -0.007707183 0.091356248 40.840072632 0.005904900 0.999782920 0.019981980 -39.379737854 -0.091490418 -0.019358376 0.995617747 426.549133301
0.995741308 -0.006825819 0.091937862 41.130966187 0.004952343 0.999775708 0.020590378 -39.567115784 -0.092057772 -0.020047385 0.995551765 428.804290771
0.995673358 -0.005992045 0.092728473 41.429290771 0.004042229 0.999767005 0.021200726 -39.753410339 -0.092833899 -0.020734169 0.995465696 431.080169678
0.995682657 -0.006585205 0.092588492 41.724536896 0.004622804 0.999760389 0.021393389 -39.948131561 -0.092707194 -0.020873008 0.995474637 433.347137451
0.995634139 -0.007504049 0.093038581 42.023872375 0.005564351 0.999762118 0.021090219 -40.145889282 -0.093174703 -0.020480443 0.995439112 435.611877441
0.995627224 -0.006506444 0.093188725 42.328197479 0.004572134 0.999769926 0.020955382 -40.318176270 -0.093303613 -0.020437676 0.995427907 437.879364014
0.995611012 -0.007117212 0.093317211 42.634719849 0.005128457 0.999754965 0.021534286 -40.511299133 -0.093447603 -0.020961203 0.995403528 440.163574219
0.995642602 -0.007256991 0.092968851 42.941398621 0.005250258 0.999748290 0.021811435 -40.697071075 -0.093103737 -0.021228286 0.995430112 442.438323975
0.995599210 -0.006436249 0.093492121 43.240383148 0.004327009 0.999731898 0.022745844 -40.895938873 -0.093613453 -0.022241203 0.995360136 444.704254150
0.995513260 -0.007428036 0.094329201 43.530456543 0.005297744 0.999725699 0.022813980 -41.077789307 -0.094472781 -0.022211885 0.995279610 446.968536377
0.995630860 -0.006715389 0.093133889 43.868694305 0.004649405 0.999738693 0.022382217 -41.260711670 -0.093259856 -0.021851406 0.995401919 449.245513916
0.995654225 -0.005741290 0.092949651 44.176574707 0.003738778 0.999757469 0.021703880 -41.446151733 -0.093051724 -0.021262042 0.995434225 451.503723145
0.995605946 -0.005091239 0.093503289 44.472633362 0.003086419 0.999762535 0.021573285 -41.638374329 -0.093590930 -0.021189896 0.995385230 453.766937256
0.995549917 -0.004525446 0.094126955 44.770652771 0.002498279 0.999762654 0.021643218 -41.818450928 -0.094202571 -0.021311749 0.995324850 456.041900635
0.995552838 -0.004830071 0.094080590 45.071662903 0.002830954 0.999767601 0.021370867 -42.012557983 -0.094161972 -0.021009488 0.995335102 458.312011719
0.995577633 -0.003929074 0.093860187 45.379081726 0.002015360 0.999788344 0.020475090 -42.195674896 -0.093920760 -0.020195380 0.995374799 460.584991455
0.995554030 -0.002961079 0.094145887 45.678050995 0.000984275 0.999778211 0.021036750 -42.386154175 -0.094187304 -0.020850550 0.995336115 462.863891602
0.995584846 -0.002575256 0.093830697 45.983184814 0.000486462 0.999751687 0.022277387 -42.572452545 -0.093864769 -0.022133380 0.995338917 465.142822266
0.995626092 -0.002867428 0.093384832 46.277008057 0.000731972 0.999737561 0.022893494 -42.756950378 -0.093425997 -0.022725001 0.995366812 467.408020020
0.995739996 -0.002967363 0.092157647 46.586921692 0.000987800 0.999767959 0.021518378 -42.936676025 -0.092200108 -0.021335674 0.995511830 469.688415527
0.995762229 -0.003261144 0.091908380 46.887828827 0.001293237 0.999768734 0.021463050 -43.131935120 -0.091957122 -0.021253230 0.995536089 471.982818604
0.995836258 -0.003737305 0.091083638 47.184379578 0.001687223 0.999743760 0.022574294 -43.322822571 -0.091144651 -0.022326626 0.995587349 474.262817383
0.995843172 -0.004028145 0.090996221 47.472534180 0.001999744 0.999747753 0.022371236 -43.505775452 -0.091063373 -0.022096274 0.995599926 476.539642334
0.995935082 -0.003598878 0.090003550 47.767250061 0.001629616 0.999757886 0.021943755 -43.676685333 -0.090060726 -0.021707881 0.995699644 478.831542969
0.995929539 -0.003626303 0.090062395 48.056880951 0.001601389 0.999744534 0.022545544 -43.862228394 -0.090121135 -0.022309549 0.995680928 481.113586426
0.995979249 -0.004268856 0.089482285 48.357040405 0.002199309 0.999728024 0.023213862 -44.050704956 -0.089557067 -0.022923723 0.995717824 483.390197754
0.995992422 -0.004781354 0.089308813 48.647304535 0.002752948 0.999735892 0.022821644 -44.238845825 -0.089394338 -0.022484325 0.995742500 485.677825928
0.996098399 -0.005170053 0.088097520 48.948986053 0.003133910 0.999725103 0.023235030 -44.429218292 -0.088193439 -0.022868289 0.995840847 487.965728760
0.996066630 -0.004697514 0.088483006 49.213600159 0.002659758 0.999728858 0.023133755 -44.604045868 -0.088567682 -0.022807414 0.995809019 490.255798340
0.996082306 -0.004130742 0.088335857 49.503776550 0.002043846 0.999716997 0.023701962 -44.783287048 -0.088408783 -0.023428561 0.995808721 492.562286377
0.996134579 -0.003345278 0.087776758 49.800846100 0.001245255 0.999711871 0.023968436 -44.962921143 -0.087831661 -0.023766482 0.995851874 494.852569580
0.996139348 -0.003047516 0.087732688 50.079521179 0.000988338 0.999723256 0.023504928 -45.145088196 -0.087780043 -0.023327472 0.995866835 497.156250000
0.996160388 -0.002925020 0.087499544 50.379463196 0.000905877 0.999732614 0.023106851 -45.338478088 -0.087543726 -0.022938866 0.995896518 499.475677490
0.996198237 -0.002689670 0.087074056 50.664844513 0.000620145 0.999716818 0.023785753 -45.520141602 -0.087113380 -0.023641324 0.995917857 501.771820068
0.996202230 -0.002292510 0.087039225 50.944732666 0.000196195 0.999709904 0.024085645 -45.706501007 -0.087069191 -0.023977093 0.995913684 504.049194336
0.996226668 -0.001183370 0.086781174 51.230216980 -0.000835536 0.999729931 0.023224328 -45.889976501 -0.086785205 -0.023209205 0.995956659 506.338867188
0.996201217 -0.000700157 0.087078631 51.504734039 -0.001379099 0.999715447 0.023815457 -46.075412750 -0.087070525 -0.023845077 0.995916724 508.625762939
0.996202648 -0.000894383 0.087060280 51.787715912 -0.001097294 0.999738753 0.022826442 -46.259395599 -0.087057985 -0.022835294 0.995941460 510.916625977
0.996241391 -0.001370979 0.086609237 52.084602356 -0.000680306 0.999720037 0.023650432 -46.450950623 -0.086617418 -0.023620456 0.995961607 513.220764160
0.996259391 -0.001011120 0.086406596 52.373287201 -0.001040915 0.999718547 0.023700230 -46.631465912 -0.086406246 -0.023701521 0.995977998 515.519592285
0.996286690 -0.000242291 0.086096607 52.661476135 -0.001789344 0.999721706 0.023519194 -46.816284180 -0.086078346 -0.023585919 0.996009171 517.824401855
0.996260166 0.000670902 0.086401761 52.938602448 -0.002679311 0.999728739 0.023131132 -47.001937866 -0.086362816 -0.023276122 0.995991826 520.128051758
0.996215940 0.002363325 0.086880237 53.224975586 -0.004385850 0.999723613 0.023095952 -47.187076569 -0.086801633 -0.023389600 0.995950937 522.473937988
0.996042550 0.004627854 0.088757254 53.494007111 -0.006725671 0.999704659 0.023350956 -47.372085571 -0.088622987 -0.023855494 0.995779455 524.798156738
0.996077240 0.005677783 0.088305950 53.804412842 -0.007859830 0.999671817 0.024382031 -47.555492401 -0.088138528 -0.024980450 0.995795071 527.134338379
0.996007740 0.005531596 0.089095213 54.088844299 -0.007730064 0.999673545 0.024349378 -47.739536285 -0.088931456 -0.024940884 0.995725453 529.444152832
0.995969892 0.003677350 0.089612842 54.375736237 -0.005993028 0.999654531 0.025585560 -47.919284821 -0.089487806 -0.026019499 0.995647907 531.761840820
0.995945930 0.002000711 0.089931473 54.679122925 -0.004296549 0.999669611 0.025342407 -48.101959229 -0.089851059 -0.025626067 0.995625496 534.083007812
0.995923281 0.002139497 0.090179205 54.976112366 -0.004378818 0.999686778 0.024641391 -48.280586243 -0.090098239 -0.024935814 0.995620668 536.393127441
0.995849013 0.001653592 0.091005653 55.271480560 -0.003884005 0.999696255 0.024336865 -48.464633942 -0.090937786 -0.024589306 0.995552957 538.709350586
0.995784223 0.002199267 0.091699965 55.567592621 -0.004398272 0.999707341 0.023785263 -48.653057098 -0.091620803 -0.024088306 0.995502591 541.030639648
0.995697796 0.002757062 0.092619300 55.860832214 -0.004956111 0.999710977 0.023521269 -48.841262817 -0.092527695 -0.023879103 0.995423675 543.348632812
0.995643020 0.003181295 0.093192182 56.170669556 -0.005286879 0.999736130 0.022355843 -49.024642944 -0.093096465 -0.022751138 0.995397151 545.676513672
0.995530665 0.003300254 0.094381377 56.455474854 -0.005497596 0.999719620 0.023030985 -49.215072632 -0.094278909 -0.023446921 0.995269656 547.989807129
0.995472372 0.002842726 0.095008537 56.757827759 -0.005164434 0.999693811 0.024199892 -49.407928467 -0.094910644 -0.024580987 0.995182216 550.309509277
0.995407343 0.002997747 0.095682941 57.055984497 -0.005335579 0.999693215 0.024186619 -49.590744019 -0.095581084 -0.024586061 0.995117962 552.614501953
0.995439887 0.001592727 0.095377117 57.371650696 -0.003833833 0.999720693 0.023318676 -49.775680542 -0.095313340 -0.023578001 0.995167971 554.926330566
0.995460570 0.001396179 0.095163077 57.686637878 -0.003685298 0.999707937 0.023883199 -49.964801788 -0.095101930 -0.024125488 0.995175064 557.243591309
0.995411277 0.001519000 0.095677026 57.989929199 -0.003855263 0.999698877 0.024238119 -50.149089813 -0.095611386 -0.024495756 0.995117307 559.553222656
0.995397985 0.002090412 0.095804065 58.303218842 -0.004521818 0.999673128 0.025168885 -50.333576202 -0.095720135 -0.025486266 0.995081961 561.888793945
0.995394409 0.001611856 0.095850140 58.619731903 -0.004098155 0.999660075 0.025748244 -50.515174866 -0.095776059 -0.026022468 0.995062709 564.223999023
0.995380640 0.001898133 0.095988236 58.933788300 -0.004449214 0.999642313 0.026369972 -50.694179535 -0.095903866 -0.026675234 0.995033085 566.546020508
0.995334327 0.002975326 0.096439816 59.253208160 -0.005478926 0.999654531 0.025705839 -50.879695892 -0.096330002 -0.026114291 0.995006740 568.875183105
0.995352745 0.003926842 0.096215546 59.580528259 -0.006276354 0.999689162 0.024128804 -51.057769775 -0.096090883 -0.024620555 0.995068014 571.205505371
0.995328426 0.004287848 0.096451551 59.904983521 -0.006641924 0.999687493 0.024099026 -51.241691589 -0.096318074 -0.024627073 0.995045900 573.528564453
0.995324254 0.004076342 0.096503578 60.223659515 -0.006562664 0.999654293 0.025460670 -51.433650970 -0.096366435 -0.025974939 0.995006919 575.909423828
0.995324433 0.003943400 0.096507743 60.546649933 -0.006561003 0.999618709 0.026820954 -51.622684479 -0.096365198 -0.027328735 0.994970798 578.225585938
0.995269597 0.004357967 0.097053498 60.859382629 -0.006800657 0.999668002 0.024851928 -51.801982880 -0.096912973 -0.025394399 0.994968832 580.602600098
0.995302141 0.003729601 0.096745759 61.179744720 -0.006148896 0.999675512 0.024720665 -51.981060028 -0.096622162 -0.025199413 0.995002091 582.943176270
0.995266855 0.003116926 0.097129561 61.494998932 -0.005694679 0.999638557 0.026273414 -52.175117493 -0.097012557 -0.026702182 0.994924843 585.264953613
0.995327175 0.003220541 0.096505739 61.815849304 -0.005780105 0.999638557 0.026254589 -52.354633331 -0.096386291 -0.026689721 0.994986117 587.583496094
0.995331109 0.000758306 0.096516028 62.147125244 -0.003198807 0.999678969 0.025133744 -52.541316986 -0.096465990 -0.025325134 0.995014071 589.939331055
0.995332539 0.000549621 0.096502915 62.466674805 -0.002966916 0.999685347 0.024907239 -52.718032837 -0.096458845 -0.025077302 0.995020986 592.288269043
0.995357811 -0.001052411 0.096237667 62.782947540 -0.001396105 0.999677122 0.025371507 -52.904441833 -0.096233316 -0.025388088 0.995034993 594.623779297
0.995373607 -0.001636459 0.096065909 63.106800079 -0.000833310 0.999670208 0.025663363 -53.089927673 -0.096076243 -0.025624683 0.995044053 596.981506348
