1.000000000 0.000000000 0.000000000 0.000000000 0.000000000 1.000000000 0.000000000 0.000000000 0.000000000 0.000000000 1.000000000 0.000000000
0.999999940 -0.000031455 0.000290685 0.088733166 0.000031521 1.000000000 -0.000223807 -0.226348341 -0.000290678 0.000223816 0.999999940 2.287419081
0.999999404 0.000133581 0.001077363 0.167608559 -0.000133829 0.999999940 0.000230155 -0.463892311 -0.001077332 -0.000230299 0.999999344 4.584378719
0.999998748 -0.000323040 0.001526064 0.267314762 0.000322599 0.999999881 0.000289284 -0.694396555 -0.001526158 -0.000288792 0.999998748 6.872250080
0.999997318 -0.000491930 0.002250876 0.364545077 0.000495028 0.999998927 -0.001376093 -0.929848909 -0.002250197 0.001377203 0.999996543 9.166168213
0.999989748 0.001322253 0.004326960 0.455272496 -0.001321806 0.999999106 -0.000106209 -1.165575385 -0.004327097 0.000100488 0.999990702 11.472120285
0.999975979 0.002813330 0.006349195 0.572000861 -0.002818980 0.999995649 0.000881043 -1.397699714 -0.006346691 -0.000898920 0.999979436 13.768982887
0.999958336 0.002636434 0.008744510 0.676356375 -0.002666333 0.999990702 0.003409293 -1.626693249 -0.008735442 -0.003432466 0.999955893 16.041479111
0.999947608 0.003474323 0.009631581 0.767130852 -0.003527619 0.999978542 0.005522021 -1.861051917 -0.009612189 -0.005555707 0.999938369 18.319644928
0.999930918 0.002495601 0.011494552 0.865728974 -0.002561291 0.999980450 0.005703715 -2.085799217 -0.011480092 -0.005732762 0.999917626 20.596527100
0.999930024 0.000046424 0.011830551 0.990418673 -0.000078096 0.999996424 0.002676629 -2.302487373 -0.011830382 -0.002677366 0.999926448 22.916475296
0.999918342 -0.002079862 0.012611971 1.096719027 0.002074022 0.999997795 0.000476096 -2.521344662 -0.012612935 -0.000449900 0.999920428 25.200395584
0.999915242 -0.002530117 0.012770945 1.229872704 0.002529857 0.999996722 0.000036536 -2.771771431 -0.012770997 -0.000004225 0.999918401 27.501466751
0.999891758 -0.002212612 0.014543161 1.325018287 0.002229146 0.999996841 -0.001120807 -2.996095419 -0.014540636 0.001153105 0.999893606 29.787420273
0.999895692 -0.000234636 0.014441584 1.460995555 0.000211052 0.999998629 0.001634555 -3.228297710 -0.014441948 -0.001631337 0.999894381 32.041759491
0.999900937 0.001654952 0.013981755 1.595422029 -0.001705737 0.999992073 0.003621080 -3.447818041 -0.013975650 -0.003644570 0.999895632 34.322441101
0.999862015 0.003987674 0.016127622 1.709683299 -0.004110310 0.999962866 0.007578218 -3.678516388 -0.016096804 -0.007643461 0.999841213 36.632789612
0.999849796 0.005889968 0.016298385 1.834153771 -0.006004673 0.999957502 0.006997869 -3.896298170 -0.016256480 -0.007094685 0.999842703 38.904220581
0.999809802 0.005134050 0.018813476 1.939010859 -0.005242375 0.999969959 0.005713005 -4.104916573 -0.018783581 -0.005810546 0.999806702 41.210029602
0.999818981 0.002729518 0.018831339 2.065953493 -0.002809424 0.999987245 0.004218134 -4.327469826 -0.018819585 -0.004270275 0.999813795 43.486648560
0.999822021 0.003099524 0.018616606 2.202653885 -0.003172331 0.999987423 0.003882618 -4.560663700 -0.018604334 -0.003940984 0.999819160 45.751461029
0.999817014 0.002684779 0.018941307 2.325605154 -0.002741209 0.999991894 0.002953908 -4.790720463 -0.018933224 -0.003005290 0.999816239 48.029880524
0.999818742 0.001133295 0.019006126 2.461413860 -0.001194617 0.999994040 0.003215397 -5.018519878 -0.019002365 -0.003237519 0.999814212 50.310199738
0.999802291 0.000122098 0.019884888 2.590556622 -0.000194012 0.999993384 0.003614635 -5.243367195 -0.019884316 -0.003617778 0.999795735 52.574321747
0.999798954 -0.001161073 0.020019496 2.727494240 0.001091674 0.999993324 0.003477122 -5.471986771 -0.020023398 -0.003454568 0.999793530 54.856445312
0.999762654 -0.001169447 0.021754267 2.847786188 0.001084449 0.999991834 0.003918565 -5.702429771 -0.021758670 -0.003894044 0.999755681 57.145629883
0.999748111 -0.002646472 0.022288023 2.987909794 0.002546394 0.999986529 0.004517401 -5.927849770 -0.022299677 -0.004459509 0.999741375 59.411979675
0.999704182 -0.004039208 0.023989342 3.112961531 0.003949649 0.999985039 0.003779537 -6.149621487 -0.024004254 -0.003683669 0.999705076 61.683322906
0.999687493 -0.004852972 0.024522804 3.264564514 0.004759365 0.999981105 0.003874044 -6.376843929 -0.024541141 -0.003756120 0.999691784 63.935974121
0.999651074 -0.004363242 0.026052622 3.403883219 0.004251125 0.999981403 0.004357331 -6.598002911 -0.026071155 -0.004245056 0.999651074 66.202346802
0.999622405 -0.003271624 0.027280854 3.549687147 0.003140301 0.999983251 0.004855174 -6.825405121 -0.027296286 -0.004767671 0.999615967 68.453857422
0.999580145 -0.003527306 0.028758524 3.689053535 0.003398493 0.999983966 0.004526757 -7.049589157 -0.028774032 -0.004427121 0.999576092 70.706916809
0.999567211 -0.004438647 0.029081298 3.854756117 0.004346597 0.999985337 0.003227701 -7.273451328 -0.029095199 -0.003099900 0.999571860 72.956329346
0.999560356 -0.005343475 0.029164851 4.020436287 0.005240508 0.999979734 0.003605807 -7.500177383 -0.029183527 -0.003451383 0.999568105 75.235008240
0.999516547 -0.006457489 0.030415250 4.181685925 0.006360320 0.999974430 0.003290409 -7.734066010 -0.030435717 -0.003095367 0.999531984 77.500373840
0.999509335 -0.007375024 0.030440066 4.336941242 0.007293611 0.999969542 0.002784719 -7.956434250 -0.030459682 -0.002561336 0.999532700 79.735527039
0.999476016 -0.007822226 0.031408653 4.485245228 0.007743579 0.999966621 0.002624858 -8.176525116 -0.031428128 -0.002380267 0.999503195 81.989601135
0.999467909 -0.007094735 0.031837281 4.668991566 0.007019731 0.999972463 0.002466983 -8.411808014 -0.031853903 -0.002242181 0.999490023 84.273246765
0.999418914 -0.006798802 0.033403348 4.825423241 0.006716934 0.999974191 0.002562521 -8.625869751 -0.033419911 -0.002336663 0.999438584 86.527481079
0.999418497 -0.006560214 0.033461064 4.998884201 0.006417726 0.999969840 0.004363936 -8.869796753 -0.033488683 -0.004146655 0.999430478 88.803291321
0.999389470 -0.005780303 0.034457173 5.159863949 0.005608490 0.999971390 0.005080868 -9.098439217 -0.034485549 -0.004884513 0.999393284 91.059181213
0.999360323 -0.005669782 0.035309672 5.327477455 0.005497741 0.999972522 0.004967549 -9.319503784 -0.035336874 -0.004770248 0.999364018 93.309867859
0.999339342 -0.005755240 0.035884921 5.496780396 0.005598095 0.999974310 0.004478067 -9.537727356 -0.035909772 -0.004274222 0.999345899 95.564353943
0.999313891 -0.006091826 0.036531165 5.671360970 0.005925677 0.999971569 0.004654672 -9.757294655 -0.036558479 -0.004435007 0.999321699 97.819297791
0.999279380 -0.005691259 0.037526269 5.834341049 0.005530282 0.999975085 0.004392136 -9.991374969 -0.037550323 -0.004181441 0.999285936 100.055496216
0.999207616 -0.005756274 0.039380487 5.984629154 0.005550052 0.999970376 0.005343982 -10.206457138 -0.039410073 -0.005121184 0.999210000 102.277770996
0.999208272 -0.006144391 0.039307307 6.190789700 0.005939754 0.999968231 0.005320759 -10.427174568 -0.039338745 -0.005083071 0.999213099 104.524826050
0.999170899 -0.006798801 0.040140610 6.367534637 0.006554113 0.999959171 0.006224219 -10.644054413 -0.040181294 -0.005955973 0.999174654 106.749893188
0.999138176 -0.008102090 0.040708773 6.550189018 0.007850714 0.999949157 0.006331054 -10.858202934 -0.040758006 -0.006006004 0.999150991 108.999015808
0.999091029 -0.009323351 0.041594911 6.730388641 0.009028318 0.999932885 0.007275203 -11.082224846 -0.041659947 -0.006893060 0.999108016 111.251022339
0.999077201 -0.009811719 0.041817594 6.923908234 0.009570714 0.999936402 0.005959589 -11.304263115 -0.041873414 -0.005553865 0.999107480 113.509361267
0.999035418 -0.010413194 0.042658653 7.107711315 0.010206508 0.999935031 0.005060083 -11.521889687 -0.042708576 -0.004619807 0.999076903 115.754333496
0.998999238 -0.010810088 0.043400619 7.291065693 0.010584084 0.999929190 0.005433867 -11.747665405 -0.043456290 -0.004969074 0.999042988 117.993545532
0.998957694 -0.011081123 0.044280827 7.479660988 0.010809409 0.999921203 0.006370930 -11.968875885 -0.044347946 -0.005885640 0.998998821 120.230010986
0.998929203 -0.012031718 0.044674583 7.682552338 0.011732561 0.999906898 0.006952554 -12.191639900 -0.044754073 -0.006420962 0.998977423 122.439422607
0.998857737 -0.012084906 0.046230044 7.862238884 0.011805124 0.999910295 0.006320247 -12.405550003 -0.046302289 -0.005767277 0.998910844 124.718559265
0.998828232 -0.012482014 0.046758525 8.049934387 0.012231520 0.999909282 0.005639504 -12.630788803 -0.046824675 -0.005060967 0.998890281 126.983016968
0.998820543 -0.014101003 0.046461377 8.243521690 0.013843698 0.999887049 0.005855149 -12.844563484 -0.046538688 -0.005205045 0.998902857 129.240402222
0.998851359 -0.015212512 0.045437131 8.438579559 0.014945241 0.999868989 0.006216197 -13.062140465 -0.045525752 -0.005529989 0.998947859 131.488647461
0.998931348 -0.015585409 0.043511201 8.643907547 0.015281753 0.999856591 0.007302769 -13.278289795 -0.043618783 -0.006630037 0.999026179 133.720428467
0.998988509 -0.016388938 0.041873496 8.830742836 0.016109576 0.999845624 0.007000374 -13.495011330 -0.041981768 -0.006318727 0.999098361 135.929443359
0.999067962 -0.017142100 0.039614171 9.041952133 0.016903153 0.999836922 0.006359043 -13.704200745 -0.039716713 -0.005683512 0.999194860 138.154449463
0.999043107 -0.017761339 0.039965440 9.208127975 0.017519990 0.999826133 0.006381074 -13.922739029 -0.040071826 -0.005674774 0.999180675 140.437835693
0.999036908 -0.018015157 0.040008523 9.379492760 0.017763864 0.999820232 0.006627591 -14.133941650 -0.040120736 -0.005910503 0.999177337 142.667266846
0.999071896 -0.017751263 0.039245877 9.568094254 0.017453877 0.999816358 0.007907372 -14.358944893 -0.039379038 -0.007215041 0.999198318 144.913009644
0.999086201 -0.016844690 0.039281141 9.744554520 0.016592210 0.999839604 0.006744783 -14.574327469 -0.039388467 -0.006086858 0.999205351 147.159515381
0.999110281 -0.015565977 0.039195534 9.924013138 0.015372238 0.999868214 0.005239426 -14.790070534 -0.039271913 -0.004632241 0.999217808 149.400436401
0.999113917 -0.014266783 0.039594460 10.101787567 0.014111078 0.999891579 0.004209225 -15.010533333 -0.039650220 -0.003646775 0.999206960 151.637283325
0.999119461 -0.013544583 0.039708223 10.286645889 0.013378125 0.999900579 0.004454744 -15.231218338 -0.039764620 -0.003919601 0.999201298 153.865814209
0.999117613 -0.012709799 0.040032096 10.474235535 0.012518148 0.999909043 0.005034493 -15.451516151 -0.040092442 -0.004528922 0.999185681 156.107910156
0.999099612 -0.011402727 0.040863089 10.640549660 0.011148260 0.999916971 0.006449728 -15.672461510 -0.040933240 -0.005988369 0.999143958 158.338302612
0.999053419 -0.010771319 0.042142101 10.824920654 0.010478766 0.999919474 0.007156808 -15.888130188 -0.042215798 -0.006708437 0.999086022 160.589553833
0.999030769 -0.009419573 0.042996481 10.999100685 0.009036066 0.999917686 0.009105146 -16.109085083 -0.043078698 -0.008707802 0.999033749 162.824493408
0.998995841 -0.008788386 0.043933261 11.181531906 0.008422314 0.999928296 0.008510643 -16.316207886 -0.044004906 -0.008132077 0.998998225 165.079574585
0.998942435 -0.008082890 0.045261312 11.370876312 0.007745301 0.999940813 0.007629090 -16.533193588 -0.045320299 -0.007270458 0.998946071 167.309051514
0.998875022 -0.005825095 0.047059610 11.559171677 0.005469775 0.999955595 0.007675671 -16.746999741 -0.047102228 -0.007409632 0.998862565 169.541793823
0.998743892 -0.005001380 0.049856450 11.748009682 0.004619306 0.999959111 0.007775728 -16.958198547 -0.049893297 -0.007535658 0.998726070 171.784851074
0.998617947 -0.005230637 0.052296203 11.948535919 0.004836000 0.999958992 0.007669905 -17.174201965 -0.052334178 -0.007406402 0.998602152 174.036026001
0.998539686 -0.004986943 0.053791523 12.161244392 0.004535645 0.999953628 0.008508566 -17.395147324 -0.053831451 -0.008252162 0.998515964 176.280319214
0.998502433 -0.005203814 0.054459587 12.369025230 0.004681292 0.999941766 0.009717844 -17.608203888 -0.054506987 -0.009448349 0.998468757 178.501235962
0.998484254 -0.007438655 0.054532673 12.567876816 0.006956397 0.999935031 0.009027977 -17.812799454 -0.054596286 -0.008634944 0.998471200 180.718017578
0.998444915 -0.008203534 0.055138715 12.766984940 0.007738204 0.999932587 0.008647483 -18.021711349 -0.055205930 -0.008207363 0.998441279 182.965286255
0.998525679 -0.009238008 0.053489111 12.999994278 0.008761467 0.999919891 0.009136731 -18.251602173 -0.053569220 -0.008654619 0.998526573 185.167648315
0.998536646 -0.011162025 0.052913774 13.209377289 0.010661548 0.999895751 0.009731176 -18.462713242 -0.053016879 -0.009152793 0.998551667 187.412399292
0.998567522 -0.012110208 0.052118178 13.422725677 0.011635634 0.999888122 0.009399518 -18.674034119 -0.052226178 -0.008779627 0.998596728 189.654830933
0.998521209 -0.013444639 0.052675370 13.613954544 0.012960080 0.999870539 0.009529794 -18.896759033 -0.052796673 -0.008833024 0.998566151 191.863281250
0.998501480 -0.015034469 0.052621119 13.814948082 0.014576797 0.999852538 0.009070580 -19.109809875 -0.052749742 -0.008289939 0.998573363 194.102523804
0.998521447 -0.014797727 0.052306470 14.029141426 0.014325370 0.999853253 0.009393991 -19.322891235 -0.052437793 -0.008630790 0.998586893 196.344635010
0.998512983 -0.012815922 0.052986544 14.237500191 0.012318647 0.999877095 0.009700919 -19.535644531 -0.053104345 -0.009033770 0.998548090 198.585906982
0.998535573 -0.010416644 0.053086992 14.445531845 0.009929444 0.999906123 0.009432920 -19.756252289 -0.053180277 -0.008891981 0.998545349 200.846755981
0.998505592 -0.009895689 0.053745337 14.656903267 0.009442159 0.999917686 0.008685866 -19.968971252 -0.053826865 -0.008165414 0.998516917 203.108276367
0.998449683 -0.010146798 0.054729991 14.852857590 0.009645705 0.999909163 0.009412113 -20.175836563 -0.054820530 -0.008869611 0.998456836 205.331436157
0.998456538 -0.011616130 0.054310631 15.085557938 0.011110785 0.999892235 0.009597428 -20.398340225 -0.054416262 -0.008979181 0.998477936 207.586288452
0.998392463 -0.011364572 0.055527546 15.293177605 0.010835705 0.999893069 0.009816224 -20.599735260 -0.055633165 -0.009198763 0.998408794 209.832138062
0.998307884 -0.011465874 0.057008278 15.510990143 0.010847662 0.999879003 0.011141936 -20.825571060 -0.057129141 -0.010504676 0.998311460 212.061676025
0.998231649 -0.010065131 0.058586340 15.745956421 0.009403954 0.999888957 0.011550328 -21.035223007 -0.058696099 -0.010978960 0.998215556 214.295349121
0.998057187 -0.008537799 0.061716288 15.951882362 0.007841477 0.999902904 0.011516035 -21.238422394 -0.061808616 -0.011009715 0.998027205 216.541702271
0.997930467 -0.008435255 0.063746937 16.182172775 0.007706810 0.999902248 0.011664378 -21.441928864 -0.063839100 -0.011148953 0.997897923 218.777557373
0.997786701 -0.009898252 0.065757111 16.413299561 0.009103648 0.999882042 0.012372597 -21.645036697 -0.065871827 -0.011746582 0.997758925 221.004806519
0.997687519 -0.011319194 0.067018725 16.650108337 0.010469076 0.999860406 0.013022425 -21.845470428 -0.067156784 -0.012290685 0.997666657 223.235214233
0.997625470 -0.013253686 0.067584358 16.897516251 0.012448244 0.999846578 0.012324831 -22.050897598 -0.067737333 -0.011454259 0.997637451 225.457290649
0.997611940 -0.014703310 0.067485228 17.143276215 0.013923244 0.999830902 0.012014893 -22.252738953 -0.067650467 -0.011046586 0.997647882 227.697219849
0.997555137 -0.014641983 0.068332538 17.379076004 0.013845504 0.999830723 0.012115058 -22.454177856 -0.068498358 -0.011139343 0.997589052 229.930999756
0.997515798 -0.015806137 0.068647072 17.628143311 0.015081586 0.999825120 0.011060209 -22.659790039 -0.068809889 -0.009997428 0.997579634 232.177322388
0.997447908 -0.016625781 0.069436312 17.866737366 0.015826264 0.999802172 0.012048733 -22.859579086 -0.069622897 -0.010919066 0.997513592 234.411941528
0.997417390 -0.016140589 0.069985688 18.129840851 0.015290567 0.999802887 0.012664462 -23.071008682 -0.070176303 -0.011561634 0.997467577 236.667449951
0.997377932 -0.015957048 0.070587501 18.371580124 0.015114892 0.999808252 0.012448809 -23.268074036 -0.070772611 -0.011349246 0.997427881 238.888473511
0.997346103 -0.016166158 0.070988752 18.619300842 0.015294936 0.999801099 0.012799193 -23.472959518 -0.071181543 -0.011679458 0.997394979 241.105026245
0.997299492 -0.016633380 0.071532801 18.867223740 0.015735807 0.999790430 0.013093011 -23.675418854 -0.071735591 -0.011932028 0.997352302 243.340591431
0.997274876 -0.016782949 0.071841344 19.117309570 0.015929377 0.999795735 0.012437918 -23.883602142 -0.072035395 -0.011259637 0.997338474 245.561813354
0.997268379 -0.016651668 0.071961515 19.370796204 0.015835807 0.999803841 0.011893210 -24.092067719 -0.072145462 -0.010721154 0.997336507 247.793899536
0.997236729 -0.016953325 0.072328150 19.623233795 0.016096244 0.999793351 0.012416369 -24.296596527 -0.072523691 -0.011217847 0.997303724 250.025802612
0.997207463 -0.018264072 0.072413601 19.881015778 0.017417600 0.999772608 0.012303753 -24.500978470 -0.072621845 -0.011008123 0.997298777 252.253479004
0.997200966 -0.018439302 0.072458312 20.144151688 0.017527625 0.999759257 0.013197902 -24.708396912 -0.072684251 -0.011890937 0.997284234 254.509902954
0.997186482 -0.019207617 0.072457805 20.392091751 0.018280488 0.999742568 0.013437035 -24.911384583 -0.072697259 -0.012074667 0.997280955 256.729217529
0.997139215 -0.019669844 0.072982423 20.647121429 0.018708419 0.999729216 0.013833753 -25.118291855 -0.073234759 -0.012428789 0.997237265 258.996032715
0.997102976 -0.019355057 0.073559530 20.903221130 0.018428665 0.999742329 0.013251747 -25.316453934 -0.073797077 -0.011857754 0.997202694 261.235412598
0.997076213 -0.019354772 0.073922083 21.164688110 0.018466096 0.999749005 0.012686498 -25.516227722 -0.074149065 -0.011284354 0.997183263 263.484893799
0.997045755 -0.018550558 0.074535258 21.426055908 0.017678285 0.999767423 0.012345614 -25.723907471 -0.074746959 -0.010991486 0.997141957 265.721252441
0.996985018 -0.017840868 0.075515270 21.687681198 0.016964654 0.999781251 0.012228767 -25.921243668 -0.075716950 -0.010910807 0.997069657 267.961486816
0.996837378 -0.017828031 0.077442259 21.938608170 0.016928129 0.999781549 0.012261296 -26.138689041 -0.077643923 -0.010911564 0.996921420 270.216308594
0.996745169 -0.018541694 0.078455396 22.215284348 0.017588025 0.999763012 0.012829207 -26.348083496 -0.078674674 -0.011407576 0.996834993 272.462768555
0.996564031 -0.019118143 0.080590583 22.469579697 0.018084627 0.999744833 0.013534851 -26.551895142 -0.080828771 -0.012030890 0.996655405 274.708068848
0.996484697 -0.018929737 0.081609786 22.752494812 0.017760219 0.999729276 0.015032864 -26.750053406 -0.081872277 -0.013530610 0.996550918 276.947265625
0.996456742 -0.017627360 0.082238704 23.046777725 0.016383117 0.999741197 0.015780091 -26.947414398 -0.082495607 -0.014376850 0.996487677 279.204925537
0.996302783 -0.017640961 0.084080637 23.316749573 0.016255222 0.999720931 0.017137334 -27.156736374 -0.084359482 -0.015707223 0.996311605 281.444885254
0.996190190 -0.017064210 0.085521445 23.586248398 0.015586462 0.999717891 0.017917320 -27.354230881 -0.085803069 -0.016516080 0.996175230 283.686767578
0.996188104 -0.015726881 0.085801661 23.886404037 0.014357018 0.999759793 0.016559323 -27.540590286 -0.086041473 -0.015264345 0.996174634 285.957580566
0.996073306 -0.015005046 0.087251917 24.156166077 0.013679260 0.999782026 0.015773060 -27.734302521 -0.087469578 -0.014517579 0.996061444 288.184265137
0.996024609 -0.015119179 0.087785870 24.428171158 0.013820436 0.999786139 0.015383477 -27.932220459 -0.087999694 -0.014109084 0.996020496 290.426910400
0.996025741 -0.015382574 0.087727599 24.718900681 0.014141605 0.999791205 0.014749728 -28.124599457 -0.087936185 -0.013450499 0.996035278 292.671020508
0.996028960 -0.015878050 0.087602779 25.003055573 0.014709034 0.999794185 0.013973948 -28.323198318 -0.087806635 -0.012629907 0.996057391 294.900512695
0.995998204 -0.015801396 0.087965243 25.284086227 0.014622426 0.999794602 0.014030994 -28.524520874 -0.088168859 -0.012688580 0.996024847 297.141204834
0.995988071 -0.015371923 0.088155709 25.570419312 0.014155081 0.999795973 0.014411958 -28.720098495 -0.088359244 -0.013106286 0.996002436 299.382232666
0.995977342 -0.015044101 0.088333413 25.852157593 0.013782367 0.999794364 0.014876372 -28.918943405 -0.088539056 -0.013599087 0.995979786 301.620574951
0.995951176 -0.015222262 0.088597447 26.139198303 0.013945417 0.999790072 0.015012972 -29.116197586 -0.088807382 -0.013716657 0.995954514 303.875122070
0.995929182 -0.014878498 0.088902876 26.430141449 0.013562265 0.999789596 0.015391090 -29.314943314 -0.089113161 -0.014122709 0.995921373 306.122741699
0.995911062 -0.015671467 0.088969186 26.712987900 0.014355645 0.999778211 0.015410351 -29.520133972 -0.089190960 -0.014070127 0.995915294 308.372863770
0.995858550 -0.017184444 0.089276813 27.001153946 0.015824309 0.999748051 0.015920613 -29.716680527 -0.089527898 -0.014441934 0.995879591 310.628540039
0.995818079 -0.016879275 0.089784913 27.291074753 0.015583151 0.999764264 0.015117399 -29.912778854 -0.090018921 -0.013655049 0.995846450 312.875183105
0.995840669 -0.016517876 0.089601628 27.585899353 0.015140465 0.999756873 0.016030613 -30.114355087 -0.089844629 -0.014607326 0.995848656 315.113952637
0.995783448 -0.014829245 0.090528123 27.876543045 0.013520690 0.999795318 0.015050895 -30.311275482 -0.090732761 -0.013763431 0.995780170 317.360443115
0.995754421 -0.012645109 0.091176599 28.159025192 0.011243658 0.999810874 0.015868036 -30.512012482 -0.091359995 -0.014775507 0.995708227 319.601531982
0.995687425 -0.011375567 0.092071384 28.442169189 0.009997458 0.999831200 0.015415236 -30.708980560 -0.092231192 -0.014428276 0.995633185 321.823333740
0.995653391 -0.010810442 0.092506781 28.729640961 0.009374782 0.999828935 0.015940029 -30.903545380 -0.092663273 -0.015003514 0.995584369 324.059875488
0.995647848 -0.010543577 0.092597120 29.026428223 0.008970583 0.999808609 0.017387317 -31.110181808 -0.092762716 -0.016480999 0.995551825 326.286010742
0.995596826 -0.010522260 0.093146414 29.311508179 0.008947995 0.999810278 0.017302534 -31.312843323 -0.093310803 -0.016392874 0.995502055 328.523437500
0.995592773 -0.012364839 0.092963040 29.613998413 0.010855936 0.999801278 0.016719440 -31.507949829 -0.093151301 -0.015636552 0.995529175 330.753509521
0.995589495 -0.011759600 0.093077742 29.905464172 0.010255084 0.999809325 0.016625904 -31.704093933 -0.093255512 -0.015598056 0.995520115 332.977020264
0.995550215 -0.011861265 0.093482248 30.196950912 0.010250987 0.999791026 0.017686909 -31.896179199 -0.093672499 -0.016649922 0.995463848 335.213775635
0.995593727 -0.012325073 0.092957966 30.504316330 0.010713875 0.999783874 0.017811725 -32.087173462 -0.093157396 -0.016737303 0.995510697 337.448547363
0.995584548 -0.012242377 0.093066491 30.793750763 0.010586762 0.999777198 0.018262539 -32.284366608 -0.093269341 -0.017196629 0.995492399 339.681396484
0.995637715 -0.012309528 0.092487402 31.099161148 0.010693004 0.999781609 0.017953584 -32.477279663 -0.092688225 -0.016886294 0.995551944 341.921844482
0.995645463 -0.012530120 0.092374921 31.392629623 0.010877660 0.999772191 0.018370457 -32.666332245 -0.092584051 -0.017285641 0.995554805 344.173370361
0.995698988 -0.012277124 0.091830142 31.692003250 0.010640584 0.999776244 0.018289797 -32.853607178 -0.092034146 -0.017234005 0.995606720 346.416412354
0.995746791 -0.012341323 0.091301605 31.986915588 0.010714070 0.999775290 0.018291555 -33.044380188 -0.091506839 -0.017235557 0.995655239 348.655670166
0.995727360 -0.011997270 0.091559172 32.274391174 0.010312031 0.999769151 0.018856954 -33.240604401 -0.091764279 -0.017832225 0.995621026 350.895507812
0.995785177 -0.012126273 0.090910763 32.569313049 0.010415242 0.999759972 0.019271847 -33.430603027 -0.091122635 -0.018243760 0.995672524 353.117279053
0.995806158 -0.011934015 0.090706654 32.859043121 0.010265707 0.999769866 0.018836726 -33.622638702 -0.090910576 -0.017826559 0.995699465 355.356506348
0.995830595 -0.011758359 0.090460584 33.151855469 0.010038614 0.999760568 0.019442547 -33.813549042 -0.090667553 -0.018453384 0.995710254 357.593811035
0.995861769 -0.011514870 0.090148479 33.444587708 0.009718019 0.999745786 0.020345768 -34.005111694 -0.090359844 -0.019385507 0.995720506 359.839538574
0.995918036 -0.011744427 0.089494124 33.743904114 0.009945491 0.999739945 0.020520620 -34.197639465 -0.089711860 -0.019546797 0.995775878 362.088836670
0.995978892 -0.011705432 0.088820174 34.043743134 0.009883596 0.999732196 0.020923669 -34.384849548 -0.089041293 -0.019961670 0.995827913 364.331176758
0.996027112 -0.011620148 0.088288940 34.336139679 0.009866439 0.999745786 0.020273814 -34.573444366 -0.088502079 -0.019322172 0.995888591 366.582397461
0.996060491 -0.012326934 0.087815426 34.624874115 0.010595445 0.999740720 0.020156302 -34.762237549 -0.088041119 -0.019146448 0.995932817 368.826995850
0.996047080 -0.011970063 0.088017263 34.906040192 0.010321629 0.999763191 0.019159876 -34.943122864 -0.088225752 -0.018175652 0.995934665 371.094329834
0.996106803 -0.012518564 0.087260775 35.194774628 0.010890450 0.999758065 0.019109199 -35.133396149 -0.087478876 -0.018084494 0.996002197 373.329589844
0.996218264 -0.012471545 0.085986555 35.493816376 0.010821224 0.999748647 0.019632271 -35.319091797 -0.086209804 -0.018627545 0.996102750 375.573181152
0.996109664 -0.012224110 0.087269977 35.764091492 0.010464571 0.999733150 0.020591142 -35.514118195 -0.087498412 -0.019597793 0.995971799 377.824676514
0.996110320 -0.012807480 0.087178938 36.050575256 0.011021452 0.999719977 0.020937523 -35.705398560 -0.087422684 -0.019895241 0.995972574 380.065612793
0.996141076 -0.012792206 0.086828418 36.345535278 0.011020489 0.999721766 0.020853572 -35.885684967 -0.087071016 -0.019816210 0.996004999 382.323059082
0.996135533 -0.011767591 0.087036811 36.635902405 0.009971034 0.999728739 0.021047374 -36.072975159 -0.087260872 -0.020098191 0.995982707 384.579681396
0.996138036 -0.010638633 0.087153867 36.923919678 0.008838349 0.999740183 0.021016294 -36.252803802 -0.087354794 -0.020164836 0.995973170 386.851928711
0.996161580 -0.009390283 0.087028615 37.219100952 0.007570500 0.999746263 0.021216696 -36.450126648 -0.087205753 -0.020476405 0.995979786 389.123229980
0.996129930 -0.008339484 0.087496541 37.497188568 0.006528228 0.999758840 0.020966655 -36.635131836 -0.087650292 -0.020314319 0.995944142 391.397460938
0.996130049 -0.007122829 0.087602369 37.781517029 0.005178678 0.999735653 0.022400191 -36.819332123 -0.087738775 -0.021859838 0.995903552 393.656219482
0.996064067 -0.005912221 0.088438645 38.060234070 0.003919621 0.999734879 0.022687590 -37.004386902 -0.088549323 -0.022251647 0.995823324 395.921722412
0.995993555 -0.005433326 0.089260004 38.342670441 0.003538174 0.999765158 0.021376327 -37.198112488 -0.089355193 -0.020974865 0.995778918 398.184387207
0.995931327 -0.005257209 0.089963302 38.628349304 0.003408981 0.999780238 0.020685581 -37.383918762 -0.090052277 -0.020294735 0.995730162 400.451080322
0.995782554 -0.006387501 0.091522343 38.900489807 0.004365069 0.999742270 0.022280851 -37.571548462 -0.091641068 -0.021787379 0.995553672 402.689788818
0.995839536 -0.007646870 0.090802319 39.220592499 0.005592692 0.999723136 0.022855464 -37.753826141 -0.090951942 -0.022252543 0.995606661 404.981781006
0.995775878 -0.008008871 0.091467068 39.507568359 0.005973442 0.999728918 0.022505276 -37.934391022 -0.091622494 -0.021863839 0.995553851 407.240661621
0.995748222 -0.006780383 0.091866918 39.825523376 0.004805144 0.999752820 0.021705238 -38.114040375 -0.091991402 -0.021171520 0.995534658 409.494537354
0.995637774 -0.006365656 0.093086123 40.113948822 0.004296997 0.999739707 0.022406636 -38.305950165 -0.093204543 -0.021908903 0.995405972 411.749328613
0.995638788 -0.005421318 0.093134373 40.416557312 0.003412856 0.999758482 0.021710958 -38.491931915 -0.093229584 -0.021298416 0.995416820 413.994934082
0.995561063 -0.004426210 0.094013758 40.718414307 0.002378514 0.999757767 0.021881714 -38.678783417 -0.094087832 -0.021560965 0.995330393 416.263336182
0.995506883 -0.004677280 0.094573624 41.024284363 0.002629824 0.999759734 0.021762390 -38.867099762 -0.094652690 -0.021415893 0.995279968 418.520324707
0.995404959 -0.004490729 0.095650427 41.320064545 0.002417477 0.999759853 0.021780176 -39.050128937 -0.095725276 -0.021448856 0.995176673 420.773590088
0.995312452 -0.004619632 0.096600495 41.614585876 0.002535468 0.999761581 0.021686725 -39.238956451 -0.096677639 -0.021340137 0.995086968 423.024719238
0.995263278 -0.004943879 0.097090460 41.923465729 0.002756176 0.999739528 0.022653848 -39.422737122 -0.097177170 -0.022278946 0.995017648 425.298522949
0.995220125 -0.004334753 0.097560063 42.225360870 0.002059888 0.999723852 0.023406237 -39.608032227 -0.097634599 -0.023093399 0.994954348 427.549438477
0.995141625 -0.003482929 0.098393001 42.535209656 0.001125549 0.999711275 0.024004167 -39.787685394 -0.098448195 -0.023776798 0.994858086 429.825683594
0.995118976 -0.003884844 0.098605722 42.847164154 0.001516475 0.999708951 0.024082163 -39.973072052 -0.098670587 -0.023815090 0.994835138 432.101379395
0.995082736 -0.004377004 0.098950155 43.159454346 0.002053806 0.999720037 0.023568161 -40.161506653 -0.099025622 -0.023249045 0.994813263 434.361450195
0.995054901 -0.003307017 0.099271022 43.466899872 0.000962088 0.999719620 0.023660066 -40.330356598 -0.099321425 -0.023447558 0.994779110 436.618560791
0.995017171 -0.003579586 0.099639401 43.780406952 0.001199716 0.999712765 0.023934502 -40.512786865 -0.099696442 -0.023695702 0.994735658 438.902160645
0.995060027 -0.003547337 0.099212348 44.102516174 0.001147151 0.999705493 0.024239000 -40.694736481 -0.099269114 -0.024005450 0.994771063 441.174285889
0.995089889 -0.002860381 0.098933510 44.446537018 0.000411152 0.999693155 0.024767844 -40.876506805 -0.098974004 -0.024605555 0.994785786 443.470520020
0.995054185 -0.003429745 0.099274687 44.766258240 0.000939319 0.999683976 0.025122086 -41.058971405 -0.099329472 -0.024904585 0.994742870 445.749053955
0.995052636 -0.003393497 0.099291101 45.079349518 0.000957781 0.999697685 0.024568455 -41.240608215 -0.099344455 -0.024351804 0.994755089 448.013000488
0.995080352 -0.002881021 0.099029452 45.398757935 0.000472732 0.999703765 0.024333779 -41.424499512 -0.099070244 -0.024167251 0.994786918 450.276458740
0.995002210 -0.002303594 0.099825487 45.704399109 -0.000089483 0.999712825 0.023961499 -41.610019684 -0.099852003 -0.023850681 0.994716525 452.536224365
0.994930744 -0.001944486 0.100543410 46.015312195 -0.000479123 0.999710023 0.024075342 -41.784645081 -0.100561060 -0.024001472 0.994641364 454.810638428
0.994900346 -0.002158454 0.100839943 46.323097229 -0.000256431 0.999713600 0.023928614 -41.976112366 -0.100862704 -0.023832444 0.994614780 457.074096680
0.994952023 -0.001499052 0.100340754 46.655056000 -0.000837943 0.999729455 0.023244377 -42.160926819 -0.100348450 -0.023211120 0.994681597 459.360870361
0.994907200 -0.000097748 0.100794829 46.967796326 -0.002291012 0.999719262 0.023583205 -42.340805054 -0.100768834 -0.023694020 0.994627714 461.646362305
0.994885862 0.000223287 0.101005182 47.278678894 -0.002768825 0.999682069 0.025062561 -42.524314880 -0.100967467 -0.025214057 0.994570196 463.920166016
0.994925320 0.000146365 0.100616209 47.586906433 -0.002731991 0.999669552 0.025560603 -42.702232361 -0.100579202 -0.025705772 0.994596899 466.186614990
0.995057464 0.000309706 0.099300221 47.912784576 -0.002690849 0.999711931 0.023846196 -42.874282837 -0.099264234 -0.023995532 0.994771719 468.469421387
0.995128453 0.000366357 0.098585859 48.236671448 -0.002709936 0.999716878 0.023639102 -43.062858582 -0.098549291 -0.023791101 0.994847715 470.764892578
0.995236516 -0.000512440 0.097488575 48.551422119 -0.001914083 0.999690711 0.024795178 -43.251113892 -0.097471140 -0.024863668 0.994927704 473.045928955
0.995219171 -0.000584738 0.097665325 48.852569580 -0.001871499 0.999684274 0.025056034 -43.433795929 -0.097649150 -0.025119027 0.994903803 475.324829102
0.995319009 -0.000499878 0.096642919 49.166896820 -0.001887622 0.999695241 0.024611358 -43.604255676 -0.096625775 -0.024678571 0.995014787 477.605163574
0.995356500 -0.000597673 0.096254990 49.477844238 -0.001827073 0.999683261 0.025100756 -43.783584595 -0.096239515 -0.025160067 0.995040178 479.886962891
0.995385885 -0.001217738 0.095944583 49.786884308 -0.001268345 0.999665082 0.025846412 -43.966007233 -0.095943920 -0.025848845 0.995051026 482.160858154
0.995408118 -0.001533294 0.095709302 50.082366943 -0.000883356 0.999682009 0.025202421 -44.144496918 -0.095717505 -0.025171243 0.995090187 484.443878174
0.995466053 -0.001978767 0.095096923 50.392971039 -0.000499661 0.999660969 0.026031243 -44.335144043 -0.095116213 -0.025960736 0.995127618 486.744384766
0.995534182 -0.002420748 0.094370984 50.699897766 -0.000085373 0.999647617 0.026542971 -44.513076782 -0.094402000 -0.026432492 0.995183170 489.026916504
0.995436192 -0.000966574 0.095424667 50.956707001 -0.001547899 0.999653637 0.026272804 -44.688938141 -0.095417008 -0.026300611 0.995089889 491.288116455
0.995527267 -0.000041152 0.094474502 51.273399353 -0.002451671 0.999651849 0.026269969 -44.859245300 -0.094442710 -0.026384091 0.995180607 493.572967529
0.995520473 0.000626630 0.094544239 51.562671661 -0.003073374 0.999664068 0.025735972 -45.032382965 -0.094496340 -0.025911257 0.995188057 495.862579346
0.995571554 0.000656109 0.094003282 51.877464294 -0.003046356 0.999675632 0.025286030 -45.218368530 -0.093956195 -0.025460426 0.995250702 498.170410156
0.995626628 0.000630142 0.093419328 52.180633545 -0.003083363 0.999654114 0.026118295 -45.398269653 -0.093370557 -0.026292115 0.995284200 500.455963135
0.995619416 0.001029939 0.093492128 52.475585938 -0.003526453 0.999641478 0.026541656 -45.581809998 -0.093431264 -0.026755085 0.995266199 502.730590820
0.995676696 0.001764641 0.092869759 52.783393860 -0.004175048 0.999659240 0.025766810 -45.761535645 -0.092792645 -0.026043149 0.995344818 505.023712158
0.995652676 0.001567467 0.093130656 53.074157715 -0.004051684 0.999640822 0.026491448 -45.940116882 -0.093055680 -0.026753617 0.995301425 507.313720703
0.995683432 0.000809108 0.092810042 53.375202179 -0.003189704 0.999669552 0.025504727 -46.121723175 -0.092758767 -0.025690669 0.995357096 509.611541748
0.995747924 -0.000184737 0.092119411 53.689308167 -0.002258823 0.999648333 0.026421046 -46.308517456 -0.092091903 -0.026516784 0.995397389 511.905883789
0.995775461 -0.000048161 0.091821492 53.993286133 -0.002417974 0.999639332 0.026746502 -46.486225128 -0.091789655 -0.026855534 0.995416164 514.214233398
0.995775938 0.000713631 0.091813594 54.288932800 -0.003156282 0.999644816 0.026462015 -46.662204742 -0.091762111 -0.026640026 0.995424569 516.520385742
0.995744228 0.001754447 0.092143245 54.576995850 -0.004198581 0.999644220 0.026338225 -46.842182159 -0.092064247 -0.026613008 0.995397389 518.812377930
0.995682776 0.003562505 0.092753217 54.868103027 -0.006071537 0.999622762 0.026782505 -47.031013489 -0.092622824 -0.027230032 0.995328844 521.152832031
0.995514989 0.005719992 0.094431169 55.154869080 -0.008310993 0.999599040 0.027067533 -47.208320618 -0.094238505 -0.027730949 0.995163321 523.473205566
0.995519459 0.007026041 0.094295323 55.463897705 -0.009677451 0.999569714 0.027690385 -47.374301910 -0.094060183 -0.028478859 0.995159090 525.804138184
0.995463312 0.006361850 0.094932988 55.762672424 -0.009029930 0.999575377 0.027701793 -47.551559448 -0.094716437 -0.028433356 0.995098174 528.108764648
0.995425165 0.004448697 0.095440522 56.063182831 -0.007250706 0.999552190 0.029032020 -47.725936890 -0.095268615 -0.029591216 0.995011628 530.420959473
0.995391250 0.002583694 0.095862120 56.378906250 -0.005369427 0.999570310 0.028813217 -47.901496887 -0.095746495 -0.029195147 0.994977534 532.735900879
0.995375395 0.002526347 0.096029460 56.688770294 -0.005265381 0.999586165 0.028280148 -48.077552795 -0.095918290 -0.028654996 0.994976699 535.047424316
0.995290279 0.002143443 0.096915722 56.995346069 -0.004876752 0.999596715 0.027974879 -48.251136780 -0.096816674 -0.028315760 0.994899392 537.360595703
0.995213509 0.002794033 0.097685777 57.300224304 -0.005500813 0.999608040 0.027450707 -48.430885315 -0.097570807 -0.027856661 0.994838655 539.669860840
0.995106280 0.003435699 0.098750390 57.609939575 -0.006168084 0.999606252 0.027377648 -48.614059448 -0.098617449 -0.027852772 0.994735539 541.989013672
0.995005906 0.003940771 0.099738151 57.907440186 -0.006581722 0.999635994 0.026163666 -48.790122986 -0.099598728 -0.026689455 0.994669676 544.312622070
0.994887471 0.004040229 0.100909315 58.209503174 -0.006761858 0.999622166 0.026643567 -48.967502594 -0.100763530 -0.027189683 0.994538844 546.633239746
0.994809091 0.003673581 0.101692736 58.522579193 -0.006531152 0.999592781 0.027781388 -49.149581909 -0.101549253 -0.028301351 0.994427860 548.940490723
0.994749904 0.003366380 0.102280229 58.841587067 -0.006277585 0.999583900 0.028154502 -49.327041626 -0.102142893 -0.028648764 0.994357049 551.251892090
0.994825780 0.002270372 0.101571545 59.178302765 -0.005024600 0.999626279 0.026868522 -49.497535706 -0.101472601 -0.027239857 0.994465351 553.563598633
0.994814754 0.001869258 0.101686120 59.504310608 -0.004681874 0.999612749 0.027428167 -49.677795410 -0.101595476 -0.027762022 0.994438350 555.878601074
0.994764447 0.001969621 0.102175444 59.827003479 -0.004835737 0.999601424 0.027810827 -49.853610992 -0.102079935 -0.028159313 0.994377553 558.189453125
0.994727790 0.002511426 0.102519892 60.154060364 -0.005518229 0.999562562 0.029055916 -50.032348633 -0.102402069 -0.029468456 0.994306445 560.522705078
0.994757354 0.001489078 0.102251723 60.490253448 -0.004559256 0.999545455 0.029798552 -50.212554932 -0.102160871 -0.030108521 0.994312167 562.853698730
0.994709074 0.002060139 0.102711551 60.819503784 -0.005230676 0.999517858 0.030608594 -50.387332916 -0.102598965 -0.030983897 0.994240165 565.176513672
0.994688630 0.002786955 0.102891944 61.155563354 -0.005877319 0.999540269 0.029744091 -50.560462952 -0.102761768 -0.030190842 0.994247735 567.502746582
0.994708598 0.003877507 0.102663271 61.499252319 -0.006790492 0.999583721 0.028039882 -50.726161957 -0.102511808 -0.028588647 0.994320869 569.832519531
0.994703472 0.004199050 0.102700703 61.845951080 -0.007181800 0.999562502 0.028690632 -50.907951355 -0.102535293 -0.029276250 0.994298458 572.156982422
0.994670391 0.004376034 0.103012137 62.180496216 -0.007445787 0.999538898 0.029434290 -51.087600708 -0.102835834 -0.030044423 0.994244635 574.549987793
0.994655311 0.004228939 0.103164129 62.518398285 -0.007421146 0.999504805 0.030578831 -51.263465881 -0.102983736 -0.031180993 0.994194150 576.860229492
0.994610429 0.004948412 0.103564583 62.852493286 -0.007997283 0.999546111 0.029044824 -51.439285278 -0.103373840 -0.029716523 0.994198561 579.250366211
0.994659543 0.004145794 0.103127822 63.190517426 -0.007109260 0.999571800 0.028384930 -51.603042603 -0.102965988 -0.028966503 0.994262993 581.584899902
0.994620502 0.003731824 0.103518248 63.520572662 -0.006917483 0.999512911 0.030431975 -51.792602539 -0.103354253 -0.030984346 0.994161904 583.907958984
0.994689882 0.003759843 0.102849402 63.856071472 -0.006925149 0.999512732 0.030436387 -51.963356018 -0.102684863 -0.030987011 0.994231164 586.228210449
0.994657218 0.001122116 0.103226550 64.194976807 -0.004179706 0.999558747 0.029408641 -52.144393921 -0.103148021 -0.029682979 0.994222999 588.580993652
0.994668126 0.000881899 0.103122778 64.533660889 -0.003928470 0.999561608 0.029343788 -52.313140869 -0.103051700 -0.029592445 0.994235694 590.934020996
0.994675517 -0.000940620 0.103051640 64.862808228 -0.002152557 0.999550581 0.029900471 -52.488494873 -0.103033461 -0.029963091 0.994226515 593.270080566
0.994716346 -0.001580751 0.102649614 65.205879211 -0.001533673 0.999541163 0.030254319 -52.665172577 -0.102650352 -0.030251894 0.994257331 595.629028320
