1.000000000 0.000000000 0.000000000 0.000000000 0.000000000 1.000000000 0.000000000 0.000000000 0.000000000 0.000000000 1.000000000 0.000000000
0.999999881 0.000204998 0.000408993 0.086505890 -0.000204928 0.999999940 -0.000170429 -0.225196004 -0.000409028 0.000170345 0.999999881 2.284748554
0.999999285 0.000535593 0.001078109 0.166270822 -0.000535902 0.999999821 0.000286682 -0.460847586 -0.001077956 -0.000287259 0.999999404 4.576369762
0.999998808 0.000120812 0.001555720 0.264776707 -0.000121321 0.999999881 0.000327564 -0.691617131 -0.001555681 -0.000327752 0.999998689 6.865535736
0.999996603 0.000171558 0.002581326 0.356300890 -0.000168320 0.999999225 -0.001254501 -0.925226748 -0.002581539 0.001254062 0.999995887 9.161140442
0.999988317 0.001816124 0.004479789 0.445168287 -0.001815965 0.999998271 -0.000039461 -1.158165097 -0.004479853 0.000031325 0.999989927 11.465133667
0.999963105 0.004188391 0.007498213 0.531373739 -0.004199438 0.999990106 0.001458125 -1.388517737 -0.007492032 -0.001489559 0.999970853 13.771126747
0.999949157 0.003800725 0.009337845 0.640392661 -0.003831922 0.999987066 0.003325296 -1.613307595 -0.009325087 -0.003360909 0.999950826 16.070293427
0.999930322 0.003384853 0.011306316 0.731762528 -0.003436490 0.999983728 0.004550697 -1.837068677 -0.011290729 -0.004589234 0.999925673 18.361442566
0.999924362 0.001441954 0.012215587 0.842328012 -0.001497677 0.999988437 0.004553700 -2.072929859 -0.012208881 -0.004571652 0.999915004 20.652051926
0.999910653 -0.000764436 0.013346849 0.954175115 0.000740112 0.999998033 0.001827293 -2.289546013 -0.013348221 -0.001817252 0.999909222 22.934146881
0.999917030 -0.002520431 0.012629702 1.113430500 0.002506242 0.999996185 0.001139139 -2.543241262 -0.012632522 -0.001107391 0.999919593 25.300046921
0.999906600 -0.002818322 0.013372474 1.225135565 0.002821613 0.999996006 -0.000227249 -2.770102501 -0.013371780 0.000264959 0.999910533 27.590818405
0.999914110 -0.002326428 0.012897438 1.365238547 0.002334201 0.999997079 -0.000587646 -3.002589464 -0.012896034 0.000617701 0.999916673 29.870054245
0.999896228 -0.000427954 0.014401466 1.468406439 0.000400200 0.999998093 0.001930015 -3.233703613 -0.014402263 -0.001924051 0.999894440 32.150901794
0.999887049 0.000654936 0.015014543 1.588872433 -0.000719469 0.999990523 0.004293072 -3.457973719 -0.015011590 -0.004303390 0.999878049 34.437572479
0.999872983 0.002550939 0.015731128 1.712384224 -0.002672290 0.999966800 0.007697894 -3.676575184 -0.015710969 -0.007738955 0.999846578 36.736923218
0.999837279 0.004285315 0.017519714 1.806356192 -0.004390361 0.999972582 0.005961856 -3.879811764 -0.017493684 -0.006037804 0.999828756 39.021377563
0.999820352 0.003469778 0.018633908 1.931724906 -0.003581966 0.999975681 0.005990662 -4.107414722 -0.018612670 -0.006056332 0.999808431 41.303421021
0.999827445 0.001750210 0.018492395 2.063081980 -0.001827874 0.999989569 0.004183728 -4.334059715 -0.018484876 -0.004216809 0.999820232 43.616836548
0.999820650 0.000895264 0.018922674 2.197489738 -0.000947637 0.999995768 0.002758955 -4.554077625 -0.018920124 -0.002776391 0.999817133 45.897579193
0.999812245 0.000453371 0.019373236 2.323679209 -0.000492787 0.999997735 0.002029812 -4.788217545 -0.019372275 -0.002038977 0.999810278 48.186168671
0.999815583 -0.000896491 0.019189447 2.465046883 0.000851509 0.999996901 0.002352178 -5.020055294 -0.019191490 -0.002335404 0.999813080 50.479450226
0.999794543 -0.001788392 0.020192370 2.595479965 0.001736531 0.999995172 0.002585605 -5.245759010 -0.020196894 -0.002550010 0.999792755 52.749015808
0.999788463 -0.003052347 0.020341393 2.735393524 0.002994146 0.999991357 0.002891068 -5.481474400 -0.020350041 -0.002829552 0.999788940 55.036544800
0.999757409 -0.003669866 0.021718184 2.863672495 0.003606502 0.999989271 0.002956014 -5.711003304 -0.021728801 -0.002876970 0.999759734 57.328048706
0.999740481 -0.005256473 0.022165790 3.007658005 0.005175487 0.999979734 0.003709415 -5.940108776 -0.022184839 -0.003593733 0.999747455 59.595737457
0.999697864 -0.006964209 0.023573497 3.138131618 0.006892591 0.999971509 0.003117922 -6.165465832 -0.023594534 -0.002954497 0.999717236 61.865287781
0.999678612 -0.008124929 0.024012960 3.290804625 0.008060299 0.999963582 0.002787081 -6.390082836 -0.024034729 -0.002592633 0.999707878 64.119277954
0.999653637 -0.007787210 0.025138870 3.433049202 0.007706448 0.999964833 0.003307912 -6.613396645 -0.025163746 -0.003113035 0.999678493 66.388488770
0.999645531 -0.007020759 0.025681999 3.584899426 0.006933227 0.999969840 0.003495798 -6.840332508 -0.025705768 -0.003316500 0.999664187 68.644485474
0.999608099 -0.007160634 0.027061738 3.721611500 0.007081267 0.999970317 0.003027483 -7.065787315 -0.027082611 -0.002834665 0.999629140 70.898963928
0.999591172 -0.008073923 0.027427902 3.881452799 0.008032790 0.999966443 0.001609444 -7.291461945 -0.027439972 -0.001388463 0.999622464 73.159187317
0.999571145 -0.009136859 0.027825572 4.038111687 0.009085202 0.999956787 0.001982326 -7.521568775 -0.027842483 -0.001728675 0.999610782 75.447700500
0.999527335 -0.010344882 0.028951731 4.199518681 0.010307106 0.999945819 0.001453725 -7.756079197 -0.028965199 -0.001154630 0.999579847 77.713516235
0.999529481 -0.011134664 0.028577806 4.359166622 0.011104192 0.999937594 0.001224737 -7.988913059 -0.028589658 -0.000906828 0.999590814 79.981727600
0.999496877 -0.011637614 0.029502362 4.505305290 0.011619738 0.999932170 0.000777348 -8.209303856 -0.029509410 -0.000434147 0.999564350 82.236885071
0.999479175 -0.010852359 0.030390400 4.671291351 0.010833321 0.999940932 0.000791060 -8.443900108 -0.030397194 -0.000461419 0.999537766 84.523841858
0.999432623 -0.010521824 0.031994727 4.825353146 0.010488462 0.999944270 0.001210327 -8.666529655 -0.032005683 -0.000874064 0.999487281 86.776245117
0.999437332 -0.010400724 0.031887677 4.997701645 0.010326889 0.999943614 0.002479287 -8.901787758 -0.031911671 -0.002148591 0.999488413 89.067153931
0.999413967 -0.009277514 0.032949802 5.154459953 0.009172902 0.999952376 0.003324671 -9.135173798 -0.032979079 -0.003020477 0.999451458 91.326133728
0.999388218 -0.009183005 0.033746257 5.319970608 0.009079936 0.999953628 0.003206191 -9.359945297 -0.033774130 -0.002897816 0.999425232 93.579696655
0.999370217 -0.009357039 0.034227703 5.487595558 0.009277415 0.999953866 0.002484396 -9.579599380 -0.034249365 -0.002165287 0.999410927 95.835693359
0.999334931 -0.010110425 0.035035379 5.649849415 0.010018162 0.999945879 0.002808022 -9.804911613 -0.035061877 -0.002455165 0.999382079 98.092216492
0.999307215 -0.010172799 0.035800129 5.812556267 0.010096272 0.999946356 0.002317710 -10.039308548 -0.035821784 -0.001954656 0.999356270 100.333450317
0.999263287 -0.010460386 0.036924902 5.979205608 0.010340557 0.999940634 0.003434722 -10.261925697 -0.036958639 -0.003050368 0.999312162 102.580085754
0.999235332 -0.010728626 0.037598278 6.163722992 0.010610606 0.999938190 0.003337110 -10.485913277 -0.037631758 -0.002935618 0.999287426 104.832908630
0.999202788 -0.011684192 0.038172469 6.325555801 0.011541091 0.999925554 0.003967016 -10.717775345 -0.038215976 -0.003523302 0.999263227 107.093124390
0.999167383 -0.013383943 0.038541347 6.509093285 0.013237061 0.999904096 0.004063678 -10.938385963 -0.038592044 -0.003550120 0.999248683 109.346229553
0.999127507 -0.014413852 0.039197460 6.690627098 0.014237667 0.999887288 0.004770281 -11.165484428 -0.039261807 -0.004208038 0.999220073 111.603408813
0.999106169 -0.015058971 0.039497528 6.880340576 0.014941322 0.999883115 0.003272109 -11.389544487 -0.039542191 -0.002679040 0.999214292 113.868392944
0.999063790 -0.015471527 0.040400032 7.060044289 0.015387283 0.999878764 0.002395462 -11.613139153 -0.040432204 -0.001771572 0.999180734 116.113494873
0.999027908 -0.015883999 0.041120730 7.237893105 0.015784053 0.999871552 0.002754161 -11.843937874 -0.041159209 -0.002102432 0.999150395 118.353942871
0.998976767 -0.016552337 0.042087894 7.425107002 0.016408553 0.999858260 0.003759466 -12.075387955 -0.042144150 -0.003065019 0.999106824 120.616088867
0.998959184 -0.017394923 0.042167105 7.625788689 0.017229501 0.999842346 0.004283287 -12.302632332 -0.042234968 -0.003552311 0.999101341 122.825714111
0.998907089 -0.018341856 0.042990394 7.817665100 0.018185090 0.999826431 0.004034881 -12.533411026 -0.043056946 -0.003248686 0.999067366 125.099662781
0.998863101 -0.018721322 0.043840162 7.994347572 0.018590324 0.999821424 0.003393942 -12.764022827 -0.043895870 -0.002575081 0.999032795 127.364639282
0.998842418 -0.020253967 0.043628540 8.181510925 0.020109143 0.999790728 0.003755913 -12.986103058 -0.043695476 -0.002874234 0.999040782 129.625793457
0.998854756 -0.021201827 0.042889807 8.364012718 0.021041278 0.999769926 0.004191248 -13.207913399 -0.042968795 -0.003283992 0.999071002 131.877517700
0.998915970 -0.021567056 0.041253909 8.560294151 0.021366114 0.999757588 0.005305658 -13.428967476 -0.041358341 -0.004418470 0.999134541 134.110229492
0.998962224 -0.022128414 0.039809112 8.746436119 0.021936296 0.999745548 0.005256411 -13.662758827 -0.039915297 -0.004377692 0.999193490 136.373107910
0.999031842 -0.022925427 0.037547305 8.955024719 0.022768950 0.999730229 0.004589742 -13.876388550 -0.037642393 -0.003730386 0.999284387 138.595443726
0.999001980 -0.023743385 0.037831672 9.107068062 0.023576573 0.999710262 0.004849389 -14.106160164 -0.037935857 -0.003952607 0.999272346 140.894775391
0.998994410 -0.024120685 0.037792277 9.275562286 0.023955010 0.999701262 0.004830621 -14.316760063 -0.037897512 -0.003920449 0.999273956 143.126800537
0.999028742 -0.024175173 0.036839273 9.455366135 0.023964727 0.999693930 0.006143481 -14.550516129 -0.036976520 -0.005254670 0.999302268 145.388809204
0.999050140 -0.023314580 0.036813095 9.627584457 0.023144977 0.999719441 0.005026705 -14.768169403 -0.036919955 -0.004169892 0.999309540 147.639816284
0.999075055 -0.022122020 0.036873292 9.804821014 0.022005325 0.999751508 0.003567528 -14.990009308 -0.036943048 -0.002752819 0.999313593 149.882766724
0.999099135 -0.020215942 0.037312459 9.975870132 0.020126658 0.999793708 0.002766826 -15.214874268 -0.037360694 -0.002013359 0.999299765 152.127670288
0.999110758 -0.019495776 0.037384298 10.155801773 0.019405961 0.999807894 0.002763860 -15.435846329 -0.037430998 -0.002035924 0.999297142 154.363769531
0.999102652 -0.018699732 0.038002718 10.328081131 0.018590108 0.999821961 0.003236006 -15.658066750 -0.038056459 -0.002526628 0.999272406 156.626739502
0.999103129 -0.018214656 0.038227193 10.517711639 0.018067922 0.999828100 0.004180487 -15.881588936 -0.038296770 -0.003486052 0.999260306 158.852798462
0.999053299 -0.017349694 0.039893731 10.671253204 0.017149886 0.999838769 0.005345229 -16.108827591 -0.039980024 -0.004655996 0.999189615 161.145019531
0.999029756 -0.016332237 0.040900949 10.851312637 0.016043341 0.999844074 0.007381586 -16.331365585 -0.041015130 -0.006718237 0.999135971 163.380203247
0.999013782 -0.015929041 0.041448481 11.039990425 0.015685607 0.999857903 0.006191727 -16.542156219 -0.041541219 -0.005535476 0.999121428 165.660964966
0.998979449 -0.015166936 0.042543676 11.230230331 0.014966707 0.999875367 0.005021062 -16.761911392 -0.042614523 -0.004379200 0.999081969 167.915390015
0.998917341 -0.013173358 0.044617418 11.409634590 0.012945908 0.999901712 0.005382916 -16.980802536 -0.044683944 -0.004799475 0.998989642 170.147720337
0.998793781 -0.013009481 0.047345936 11.595079422 0.012770180 0.999904156 0.005353292 -17.206699371 -0.047411051 -0.004742219 0.998864233 172.453582764
0.998674214 -0.013165318 0.049764872 11.791951180 0.012928979 0.999903560 0.005068058 -17.425119400 -0.049826797 -0.004417929 0.998748124 174.728668213
0.998592556 -0.013019155 0.051416960 11.997968674 0.012740127 0.999902308 0.005750831 -17.648561478 -0.051486824 -0.005087677 0.998660743 176.988220215
0.998546541 -0.013454135 0.052191019 12.201594353 0.013131512 0.999892473 0.006519559 -17.862823486 -0.052273124 -0.005824735 0.998615861 179.218856812
0.998518884 -0.015435711 0.052169073 12.406416893 0.015126987 0.999865711 0.006307467 -18.089200974 -0.052259434 -0.005508964 0.998618305 181.486892700
0.998479545 -0.016256256 0.052671753 12.603385925 0.015959296 0.999854326 0.006053723 -18.304601669 -0.052762490 -0.005203914 0.998593509 183.730804443
0.998536766 -0.017749604 0.051080570 12.828893661 0.017458910 0.999828756 0.006131490 -18.535444260 -0.051180653 -0.005230708 0.998675704 185.960861206
0.998535633 -0.019362655 0.050514616 13.037464142 0.019032979 0.999794483 0.006999315 -18.753767014 -0.050639760 -0.006027621 0.998698771 188.210250854
0.998538554 -0.020176008 0.050136924 13.244626999 0.019869387 0.999780774 0.006606669 -18.968194962 -0.050259221 -0.005600824 0.998720467 190.451950073
0.998504460 -0.021465946 0.050278690 13.437139511 0.021157056 0.999753952 0.006667828 -19.191745758 -0.050409447 -0.005594107 0.998712957 192.680587769
0.998467088 -0.022663414 0.050494485 13.626380920 0.022393733 0.999731779 0.005900230 -19.399845123 -0.050614670 -0.004760426 0.998706937 194.918167114
0.998491645 -0.023500651 0.049619552 13.860310555 0.023215918 0.999710500 0.006307000 -19.633401871 -0.049753409 -0.005145523 0.998748243 197.157135010
0.998527348 -0.021349873 0.049872335 14.068004608 0.021060625 0.999758184 0.006318168 -19.849727631 -0.049995176 -0.005258521 0.998735666 199.396072388
0.998541653 -0.019313585 0.050414346 14.267448425 0.019021947 0.999799609 0.006258288 -20.080982208 -0.050525106 -0.005290183 0.998708785 201.673507690
0.998524249 -0.019047065 0.050857719 14.477460861 0.018804945 0.999809563 0.005234977 -20.297138214 -0.050947744 -0.004270876 0.998692155 203.938949585
0.998494267 -0.019251499 0.051367834 14.676206589 0.018961461 0.999801397 0.006127720 -20.512735367 -0.051475607 -0.005144483 0.998661101 206.165878296
0.998466492 -0.020757390 0.051320188 14.907739639 0.020458203 0.999770582 0.006348315 -20.744327545 -0.051440187 -0.005288661 0.998662055 208.421600342
0.998409867 -0.020303404 0.052588999 15.110575676 0.020000745 0.999780297 0.006275066 -20.948558807 -0.052704852 -0.005213268 0.998596489 210.671737671
0.998323321 -0.021151377 0.053879667 15.325043678 0.020725340 0.999749601 0.008453689 -21.193712234 -0.054044977 -0.007322842 0.998511612 212.927658081
0.998266697 -0.019625513 0.055483658 15.556121826 0.019165047 0.999777436 0.008819120 -21.407024384 -0.055644393 -0.007740485 0.998420656 215.162948608
0.998137593 -0.017710077 0.058378022 15.786848068 0.017230131 0.999813557 0.008714504 -21.623752594 -0.058521476 -0.007692413 0.998256445 217.468063354
0.997998536 -0.017804122 0.060679141 16.009279251 0.017281644 0.999809027 0.009124437 -21.835313797 -0.060830005 -0.008057539 0.998115599 219.718719482
0.997874320 -0.019086417 0.062309872 16.241132736 0.018534433 0.999783814 0.009424823 -22.040910721 -0.062476270 -0.008249911 0.998012364 221.953979492
0.997760057 -0.020808222 0.063575365 16.471378326 0.020191126 0.999742746 0.010333698 -22.249410629 -0.063774034 -0.009026893 0.997923553 224.188400269
0.997690141 -0.022707114 0.064021327 16.721305847 0.022119975 0.999706626 0.009865020 -22.466722488 -0.064226545 -0.008426083 0.997899711 226.428375244
0.997645438 -0.023959080 0.064261138 16.957111359 0.023400061 0.999681652 0.009437905 -22.669885635 -0.064466797 -0.007911970 0.997888505 228.677932739
0.997587085 -0.024261763 0.065048844 17.190513611 0.023694418 0.999674320 0.009479274 -22.873945236 -0.065257639 -0.007915107 0.997837186 230.916595459
0.997528315 -0.025589323 0.065440118 17.435491562 0.025085462 0.999649048 0.008509850 -23.084070206 -0.065634914 -0.006847220 0.997820318 233.169494629
0.997469723 -0.026498061 0.065969244 17.671485901 0.025925778 0.999618590 0.009516182 -23.289449692 -0.066196263 -0.007781799 0.997776270 235.406402588
0.997488618 -0.025789304 0.065965325 17.944877625 0.025195921 0.999634385 0.009811731 -23.501567841 -0.066194244 -0.008125030 0.997773647 237.676239014
0.997452378 -0.025945356 0.066449933 18.182712555 0.025356663 0.999631524 0.009687412 -23.704259872 -0.066676781 -0.007977785 0.997742712 239.905532837
0.997417927 -0.026049430 0.066926420 18.424173355 0.025431808 0.999625862 0.010064054 -23.914598465 -0.067163557 -0.008336009 0.997707129 242.138854980
0.997370601 -0.026328539 0.067517854 18.664302826 0.025706438 0.999618828 0.010066339 -24.117479324 -0.067757137 -0.008304225 0.997667313 244.379852295
0.997329175 -0.026476830 0.068068527 18.906452179 0.025895678 0.999620378 0.009406194 -24.332485199 -0.068291739 -0.007618391 0.997636437 246.610427856
0.997347832 -0.026136499 0.067927092 19.161514282 0.025598373 0.999633729 0.008780600 -24.545166016 -0.068131693 -0.007018488 0.997651577 248.843673706
0.997322917 -0.026450137 0.068170756 19.410184860 0.025867851 0.999621093 0.009410329 -24.757036209 -0.068393819 -0.007621706 0.997629285 251.083786011
0.997282326 -0.027693255 0.068270713 19.658967972 0.027116541 0.999588370 0.009359858 -24.967720032 -0.068501808 -0.007483157 0.997622848 253.317230225
0.997259438 -0.027979592 0.068488874 19.908830643 0.027345600 0.999574184 0.010177158 -25.179492950 -0.068744466 -0.008276396 0.997599959 255.566558838
0.997218251 -0.028452832 0.068892948 20.143074036 0.027806515 0.999559999 0.010322552 -25.387090683 -0.069156349 -0.008378165 0.997570693 257.786437988
0.997180581 -0.029330645 0.069069937 20.405246735 0.028613538 0.999526143 0.011349059 -25.614246368 -0.069370076 -0.009340726 0.997547269 260.064514160
0.997148812 -0.029063402 0.069638580 20.655988693 0.028369738 0.999537766 0.010929516 -25.819435120 -0.069924034 -0.008922726 0.997512400 262.304504395
0.997116923 -0.029076139 0.070088729 20.911363602 0.028416246 0.999541998 0.010394079 -26.023809433 -0.070358858 -0.008372452 0.997486591 264.566955566
0.997088790 -0.028315358 0.070796758 21.165695190 0.027666800 0.999565840 0.010124932 -26.236953735 -0.071052745 -0.008136737 0.997439325 266.807586670
0.997023284 -0.027603779 0.071990333 21.419099808 0.026946956 0.999586046 0.010079296 -26.438743591 -0.072238766 -0.008109371 0.997354388 269.054687500
0.996927321 -0.027061518 0.073509127 21.674779892 0.026391698 0.999600947 0.010068406 -26.664270401 -0.073752254 -0.008097439 0.997243643 271.309570312
0.996823251 -0.027903484 0.074598327 21.941061020 0.027175929 0.999572814 0.010750470 -26.878465652 -0.074866459 -0.008689037 0.997155666 273.554412842
0.996619046 -0.028199192 0.077170126 22.183923721 0.027405942 0.999560237 0.011319224 -27.081798553 -0.077455387 -0.009166031 0.996953666 275.807006836
0.996510863 -0.028220396 0.078547984 22.456949234 0.027313810 0.999547482 0.012592643 -27.279253006 -0.078867823 -0.010403261 0.996830761 278.048339844
0.996468365 -0.027478160 0.079345413 22.744976044 0.026450835 0.999552488 0.013969835 -27.493469238 -0.079693787 -0.011821746 0.996749282 280.308074951
0.996387720 -0.027186239 0.080451511 23.024190903 0.026054366 0.999546647 0.015085666 -27.697511673 -0.080825172 -0.012935061 0.996644318 282.543395996
0.996312201 -0.026431033 0.081629410 23.299041748 0.025299115 0.999569297 0.014870043 -27.889650345 -0.081987269 -0.012750054 0.996551812 284.803039551
0.996227384 -0.025389442 0.082984045 23.567306519 0.024285501 0.999602973 0.014285644 -28.083526611 -0.083313800 -0.012216441 0.996448398 287.031127930
0.996243775 -0.024601711 0.083024852 23.856317520 0.023645137 0.999642432 0.012485347 -28.266145706 -0.083302327 -0.010475314 0.996469259 289.286560059
0.996174455 -0.025438152 0.083603233 24.126461029 0.024439409 0.999617457 0.012948204 -28.474203110 -0.083900630 -0.010855453 0.996415019 291.513946533
0.996107697 -0.025306907 0.084433258 24.390352249 0.024398321 0.999632955 0.011775717 -28.673862457 -0.084700271 -0.009669853 0.996359527 293.800537109
0.996128023 -0.025882568 0.084018283 24.674266815 0.025054893 0.999626696 0.010890788 -28.873991013 -0.084268808 -0.008743551 0.996404648 296.030700684
0.996108234 -0.025918413 0.084241562 24.952346802 0.025105327 0.999627531 0.010697053 -29.078826904 -0.084487438 -0.008540511 0.996387959 298.269958496
0.996113181 -0.025198508 0.084401645 25.231384277 0.024357721 0.999643028 0.010976922 -29.280971527 -0.084648125 -0.008878425 0.996371388 300.508850098
0.996064961 -0.025144601 0.084984325 25.497165680 0.024229938 0.999636948 0.011777237 -29.491825104 -0.085249603 -0.009671728 0.996312618 302.757537842
0.996067941 -0.025679722 0.084789492 25.781751633 0.024756733 0.999622405 0.011919373 -29.694137573 -0.085063562 -0.009773391 0.996327698 304.999877930
0.996044517 -0.025044637 0.085252993 26.064893723 0.024084406 0.999634564 0.012273363 -29.900897980 -0.085529223 -0.010171546 0.996283770 307.252624512
0.996040821 -0.026193988 0.084950104 26.351985931 0.025235090 0.999605358 0.012342154 -30.112815857 -0.085239865 -0.010149565 0.996308863 309.507751465
0.995981276 -0.027306417 0.085297234 26.633661270 0.026309012 0.999571979 0.012795731 -30.314598083 -0.085610136 -0.010500224 0.996273339 311.767028809
0.995955646 -0.026776737 0.085763544 26.915163040 0.025827859 0.999592483 0.012154589 -30.520416260 -0.086054079 -0.009890343 0.996241331 314.014739990
0.995979369 -0.026541872 0.085560650 27.207759857 0.025529545 0.999590755 0.012904402 -30.726263046 -0.085868143 -0.010668194 0.996249378 316.259307861
0.995952606 -0.024946876 0.086347409 27.489536285 0.023992142 0.999639213 0.012077161 -30.930801392 -0.086617544 -0.009956622 0.996191800 318.503753662
0.995961905 -0.023336437 0.086690366 27.770538330 0.022320712 0.999670625 0.012667708 -31.134059906 -0.086957425 -0.010681562 0.996154785 320.754180908
0.995911598 -0.022420468 0.087506540 28.049449921 0.021418180 0.999693990 0.012376141 -31.340286255 -0.087757237 -0.010451311 0.996087074 322.986328125
0.995873511 -0.021638330 0.088134915 28.326858521 0.020576971 0.999704599 0.012933327 -31.539234161 -0.088388756 -0.011066408 0.996024609 325.224182129
0.995875180 -0.021303814 0.088197365 28.619812012 0.020112924 0.999694586 0.014369405 -31.751106262 -0.088476539 -0.012536229 0.995999396 327.450775146
0.995843410 -0.021912163 0.088406444 28.901809692 0.020731032 0.999683440 0.014256485 -31.956562042 -0.088690847 -0.012364471 0.995982468 329.697845459
0.995829940 -0.023561914 0.088134006 29.198097229 0.022466253 0.999657869 0.013403249 -32.153926849 -0.088419646 -0.011367319 0.996018469 331.936981201
0.995836616 -0.023302568 0.088127039 29.483583450 0.022228187 0.999666333 0.013153202 -32.356132507 -0.088404156 -0.011139537 0.996022403 334.154815674
0.995809257 -0.023876054 0.088282838 29.768993378 0.022679336 0.999637127 0.014533947 -32.555545807 -0.088597789 -0.012470843 0.995989382 336.381317139
0.995854199 -0.024519524 0.087598473 30.070980072 0.023338441 0.999622703 0.014481929 -32.751548767 -0.087920539 -0.012377474 0.996050596 338.619873047
0.995854199 -0.024563640 0.087584764 30.351619720 0.023350624 0.999617100 0.014847533 -32.955608368 -0.087915942 -0.012740820 0.996046364 340.857391357
0.995904684 -0.024495250 0.087027676 30.646774292 0.023307189 0.999621153 0.014641654 -33.158836365 -0.087353341 -0.012553323 0.996098280 343.099212646
0.995931983 -0.024460314 0.086724512 30.933904648 0.023228277 0.999614775 0.015187322 -33.358005524 -0.087062612 -0.013111078 0.996116579 345.341583252
0.995971262 -0.024327740 0.086309277 31.218620300 0.023101687 0.999618053 0.015175901 -33.550941467 -0.086645506 -0.013120872 0.996152818 347.576171875
0.996022761 -0.024423975 0.085686207 31.504484177 0.023215875 0.999616921 0.015067540 -33.747665405 -0.086021379 -0.013018332 0.996208251 349.821441650
0.996037245 -0.024041180 0.085627146 31.785562515 0.022788536 0.999618948 0.015576747 -33.948944092 -0.085969009 -0.013563700 0.996205509 352.065704346
0.996069968 -0.024512216 0.085110277 32.066509247 0.023237104 0.999602914 0.015940471 -34.140872955 -0.085467197 -0.013900105 0.996244013 354.294677734
0.996093631 -0.024101768 0.084950306 32.343765259 0.022875700 0.999620080 0.015376880 -34.337028503 -0.085288651 -0.013373513 0.996266544 356.531799316
0.996139705 -0.024316465 0.084346764 32.628593445 0.023064282 0.999609232 0.015788624 -34.531963348 -0.084697731 -0.013782277 0.996311367 358.767364502
0.996195555 -0.023740061 0.083849847 32.913074493 0.022419289 0.999609888 0.016658373 -34.730571747 -0.084212609 -0.014715143 0.996339142 361.022125244
0.996258080 -0.023873340 0.083064720 33.202003479 0.022572162 0.999607921 0.016568799 -34.928009033 -0.083427712 -0.014631851 0.996406376 363.270355225
0.996316612 -0.023778034 0.082388178 33.487751007 0.022441056 0.999601603 0.017116105 -35.123252869 -0.082762353 -0.015204184 0.996453285 365.511169434
0.996354640 -0.023832692 0.081911333 33.766574860 0.022553546 0.999609351 0.016506286 -35.318733215 -0.082272723 -0.014598724 0.996502936 367.760681152
0.996360958 -0.024458833 0.081648216 34.040214539 0.023196623 0.999596834 0.016372181 -35.513977051 -0.082015738 -0.014418642 0.996526718 370.013824463
0.996362448 -0.024536755 0.081606947 34.312564850 0.023348106 0.999607384 0.015488191 -35.705299377 -0.081954919 -0.013526483 0.996544302 372.278594971
0.996419430 -0.024330929 0.080970824 34.591789246 0.023154588 0.999612749 0.015435481 -35.902336121 -0.081315026 -0.013505367 0.996596932 374.515747070
0.996505857 -0.024242884 0.079926230 34.876823425 0.023010125 0.999602258 0.016308943 -36.098800659 -0.080289811 -0.014412845 0.996667325 376.762542725
0.996421158 -0.023634234 0.081156299 35.133964539 0.022361025 0.999612689 0.016561657 -36.292118073 -0.081516296 -0.014687647 0.996563792 379.028381348
0.996419609 -0.024240255 0.080995113 35.409751892 0.022955738 0.999596119 0.016753038 -36.489849091 -0.081368499 -0.014833757 0.996573627 381.275146484
0.996444762 -0.024177965 0.080703884 35.691982269 0.022895809 0.999597132 0.016775131 -36.679389954 -0.081076972 -0.014867715 0.996596873 383.531921387
0.996467054 -0.023340845 0.080675036 35.968635559 0.022033907 0.999611795 0.017052565 -36.877670288 -0.081041731 -0.015214733 0.996594548 385.782104492
0.996476889 -0.022240294 0.080865525 36.242176056 0.020920351 0.999634266 0.017133581 -37.066516876 -0.081217006 -0.015381481 0.996577740 388.044799805
0.996517420 -0.021163907 0.080654047 36.525577545 0.019848978 0.999657273 0.017070450 -37.266929626 -0.080987677 -0.015410101 0.996595979 390.320037842
0.996511042 -0.019723840 0.081096604 36.795997620 0.018405726 0.999686599 0.016969299 -37.463008881 -0.081405908 -0.015417454 0.996561706 392.603759766
0.996564925 -0.018535208 0.080713496 37.077068329 0.017104274 0.999684632 0.018384121 -37.656566620 -0.081028812 -0.016940428 0.996567786 394.861511230
0.996510804 -0.017262945 0.081657954 37.340446472 0.015768694 0.999696851 0.018908547 -37.851051331 -0.081959605 -0.017554937 0.996480942 397.121093750
0.996461570 -0.016885627 0.082335085 37.615276337 0.015506218 0.999729097 0.017364418 -38.050453186 -0.082605965 -0.016026275 0.996453524 399.386840820
0.996384025 -0.016385693 0.083368950 37.883575439 0.015035501 0.999745846 0.016797580 -38.243301392 -0.083622999 -0.015483348 0.996377170 401.650543213
0.996332884 -0.018146729 0.083614960 38.162239075 0.016700406 0.999699116 0.017964574 -38.439002991 -0.083915800 -0.016502293 0.996336162 403.919281006
0.996253014 -0.019608121 0.084233955 38.439739227 0.018068995 0.999656320 0.018995784 -38.630695343 -0.084577478 -0.017402584 0.996264875 406.171051025
0.996249497 -0.020359946 0.084097899 38.721740723 0.018827017 0.999642551 0.018981002 -38.821125031 -0.084454298 -0.017326500 0.996276617 408.442901611
0.996237278 -0.020115549 0.084301904 39.013809204 0.018716227 0.999674082 0.017356606 -39.006126404 -0.084623568 -0.015713487 0.996289015 410.711975098
0.996163249 -0.018516332 0.085533179 39.299362183 0.017034575 0.999692500 0.018021302 -39.213169098 -0.085840560 -0.016495140 0.996172249 413.001403809
0.996097386 -0.017371347 0.086533725 39.571048737 0.015878595 0.999713540 0.017909078 -39.406780243 -0.086820029 -0.016465154 0.996087909 415.240966797
0.996029317 -0.016308026 0.087519616 39.859935760 0.014780766 0.999727488 0.018070303 -39.598693848 -0.087790452 -0.016704943 0.995998979 417.513732910
0.995974720 -0.016404543 0.088120066 40.152214050 0.014895950 0.999731481 0.017750222 -39.791763306 -0.088387601 -0.016366137 0.995951712 419.769500732
0.995877624 -0.016413646 0.089209475 40.435077667 0.014890330 0.999732196 0.017714513 -39.981590271 -0.089476340 -0.016313130 0.995855331 422.024261475
0.995792687 -0.016636742 0.090111740 40.717037201 0.015115783 0.999731958 0.017534833 -40.177177429 -0.090379313 -0.016098954 0.995777309 424.282684326
0.995737970 -0.017203230 0.090610139 41.012367249 0.015576769 0.999705136 0.018626889 -40.369644165 -0.090903863 -0.017136086 0.995712161 426.557373047
0.995695710 -0.016160047 0.091263033 41.300998688 0.014457612 0.999709487 0.019284574 -40.559471130 -0.091548182 -0.017882127 0.995640039 428.811462402
0.995639682 -0.015346558 0.092011862 41.600105286 0.013557361 0.999707341 0.020038890 -40.749622345 -0.092292458 -0.018704075 0.995556176 431.086975098
0.995619714 -0.015776521 0.092154324 41.895839691 0.013982032 0.999700487 0.020085949 -40.945579529 -0.092443608 -0.018709466 0.995542049 433.372009277
0.995589614 -0.016506376 0.092350855 42.200057983 0.014763429 0.999700308 0.019524634 -41.143272400 -0.092645474 -0.018075105 0.995535076 435.639373779
0.995593667 -0.015476433 0.092485599 42.506038666 0.013735383 0.999716818 0.019432085 -41.318145752 -0.092760153 -0.018076135 0.995524347 437.906677246
0.995551944 -0.015925441 0.092858724 42.809185028 0.014129353 0.999700785 0.019967657 -41.512546539 -0.093148932 -0.018566804 0.995479047 440.187103271
0.995591581 -0.015924929 0.092432819 43.116447449 0.014127087 0.999698877 0.020072117 -41.699428558 -0.092724629 -0.018677823 0.995516539 442.460021973
0.995555043 -0.015174687 0.092950873 43.420055389 0.013264141 0.999688566 0.021137800 -41.899349213 -0.093242690 -0.019810930 0.995446324 444.728363037
0.995514631 -0.015743155 0.093287855 43.727523804 0.013815439 0.999678195 0.021274136 -42.086986542 -0.093592763 -0.019889900 0.995411813 447.007324219
0.995486736 -0.015400165 0.093642943 44.025791168 0.013510607 0.999692798 0.020778988 -42.277206421 -0.093934193 -0.019420037 0.995388985 449.273254395
0.995490968 -0.014825555 0.093689971 44.331851959 0.012956449 0.999705374 0.020526839 -42.466430664 -0.093966685 -0.019220391 0.995389819 451.535766602
0.995456278 -0.013984630 0.094187334 44.634044647 0.012134971 0.999722660 0.020182336 -42.661014557 -0.094443455 -0.018947672 0.995349884 453.803680420
0.995382488 -0.013440782 0.095042177 44.934162140 0.011564409 0.999727726 0.020265868 -42.842258453 -0.095288694 -0.019073186 0.995266914 456.083374023
0.995349348 -0.013698598 0.095352314 45.233356476 0.011834927 0.999728262 0.020083291 -43.038990021 -0.095601514 -0.018861406 0.995240927 458.349121094
0.995380640 -0.012880320 0.095138364 45.550033569 0.011076727 0.999749243 0.019461429 -43.232002258 -0.095365182 -0.018317709 0.995273829 460.634002686
0.995372355 -0.011896565 0.095353894 45.858234406 0.010050405 0.999753058 0.019818094 -43.421455383 -0.095566109 -0.018768035 0.995246232 462.923278809
0.995393157 -0.011570164 0.095176734 46.163928986 0.009596091 0.999729693 0.021172773 -43.612022400 -0.095395990 -0.020161910 0.995235205 465.197875977
0.995460272 -0.011844481 0.094437949 46.469306946 0.009852706 0.999719679 0.021529330 -43.796348572 -0.094666481 -0.020501124 0.995297909 467.465179443
0.995569527 -0.011921839 0.093268529 46.785064697 0.010092166 0.999747694 0.020064404 -43.980339050 -0.093484193 -0.019034231 0.995438814 469.746643066
0.995629132 -0.011749068 0.092652798 47.096393585 0.009964811 0.999756277 0.019696644 -44.174530029 -0.092861623 -0.018687280 0.995503664 472.041412354
0.995716631 -0.012270673 0.091639094 47.401168823 0.010401154 0.999728441 0.020850696 -44.371395111 -0.091870077 -0.019808237 0.995573878 474.326507568
0.995684683 -0.012388025 0.091971323 47.689346313 0.010512647 0.999727309 0.020847464 -44.557704926 -0.092204511 -0.019790635 0.995543420 476.607666016
0.995796680 -0.011841887 0.090823837 47.993030548 0.010011740 0.999738038 0.020579739 -44.738677979 -0.091043755 -0.019583927 0.995654285 478.899261475
0.995839775 -0.011893864 0.090342104 48.295997620 0.010022233 0.999726176 0.021142639 -44.927703857 -0.090568841 -0.020149253 0.995686352 481.182891846
0.995879471 -0.012630981 0.089802720 48.599212646 0.010709987 0.999704003 0.021841099 -45.118274689 -0.090052024 -0.020789316 0.995720088 483.459197998
0.995897233 -0.012799539 0.089581408 48.889484406 0.010930740 0.999712884 0.021321082 -45.304779053 -0.089828610 -0.020254415 0.995751262 485.737457275
0.995950580 -0.013250143 0.088920146 49.185081482 0.011348747 0.999696732 0.021854835 -45.499187469 -0.089182749 -0.020757204 0.995798945 488.023468018
0.996028781 -0.013289837 0.088034101 49.480331421 0.011414510 0.999697804 0.021771574 -45.677387238 -0.088296816 -0.020680243 0.995879650 490.294952393
0.996047616 -0.012679039 0.087911010 49.771980286 0.010768293 0.999696076 0.022175286 -45.859161377 -0.088165455 -0.021140991 0.995881498 492.601013184
0.996103466 -0.012018711 0.087369315 50.068401337 0.010081834 0.999694407 0.022576416 -46.042560577 -0.087613963 -0.021607609 0.995920122 494.889312744
0.996107280 -0.011782576 0.087357238 50.348884583 0.009894136 0.999708593 0.022019014 -46.226146698 -0.087591216 -0.021068981 0.995933652 497.194488525
0.996126533 -0.011435880 0.087184884 50.649528503 0.009575819 0.999718189 0.021723147 -46.422435760 -0.087408736 -0.020804141 0.995955288 499.516235352
0.996167839 -0.011281955 0.086730823 50.938854218 0.009371161 0.999705017 0.022406962 -46.607566833 -0.086958058 -0.021508329 0.995979786 501.814971924
0.996184111 -0.010949252 0.086586274 51.223175049 0.009002537 0.999698579 0.022841554 -46.798259735 -0.086810276 -0.021974897 0.995982468 504.091949463
0.996214032 -0.009829576 0.086376980 51.511009216 0.007946336 0.999723673 0.022119442 -46.985168457 -0.086570539 -0.021349320 0.996016920 506.379791260
0.996243119 -0.009393039 0.086089902 51.795383453 0.007473880 0.999716938 0.022587769 -47.171592712 -0.086277701 -0.021859482 0.996031284 508.668243408
0.996257365 -0.010028283 0.085852623 52.084430695 0.008180073 0.999727726 0.021852518 -47.361465454 -0.086048387 -0.021068452 0.996068180 510.963287354
0.996297538 -0.010619485 0.085313842 52.380470276 0.008723943 0.999707401 0.022560608 -47.552955627 -0.085528456 -0.021732807 0.996098638 513.269714355
0.996319413 -0.010339531 0.085091799 52.669799805 0.008454689 0.999711514 0.022481347 -47.733779907 -0.085299678 -0.021679182 0.996119380 515.575073242
0.996328473 -0.009306227 0.085106790 52.952877045 0.007421395 0.999720752 0.022436304 -47.921958923 -0.085291825 -0.021722313 0.996119142 517.881713867
0.996312022 -0.008385696 0.085392311 53.230834961 0.006535409 0.999738276 0.021924611 -48.109169006 -0.085553832 -0.021285683 0.996106088 520.175964355
0.996288538 -0.006479484 0.085831359 53.521541595 0.004574285 0.999739170 0.022375118 -48.303588867 -0.085953943 -0.021899462 0.996058404 522.526672363
0.996249735 -0.004562790 0.086405560 53.812458038 0.002623409 0.999742329 0.022545360 -48.490566254 -0.086486161 -0.022234127 0.996004939 524.859008789
0.996215165 -0.003888926 0.086833656 54.103946686 0.001831726 0.999715984 0.023758398 -48.671539307 -0.086901389 -0.023509420 0.995939493 527.180053711
0.996159077 -0.004173690 0.087462470 54.396766663 0.002114350 0.999718547 0.023624847 -48.855556488 -0.087536477 -0.023349179 0.995887578 529.502502441
0.996135712 -0.006030622 0.087619267 54.690818787 0.003868930 0.999684453 0.024820330 -49.034481049 -0.087741286 -0.024385426 0.995844901 531.816284180
0.996089816 -0.007533475 0.088024393 54.991775513 0.005408188 0.999688685 0.024357904 -49.213493347 -0.088180497 -0.023786610 0.995820403 534.141479492
0.996073902 -0.007783511 0.088182494 55.288383484 0.005707791 0.999701381 0.023766661 -49.398216248 -0.088341117 -0.023170026 0.995820880 536.459167480
0.996007502 -0.007866181 0.088922225 55.582492828 0.005788351 0.999704838 0.023600606 -49.581855774 -0.089081615 -0.022991674 0.995758951 538.781005859
0.995939255 -0.007217429 0.089738160 55.871894836 0.005171776 0.999721944 0.023007456 -49.769760132 -0.089879274 -0.022449922 0.995699584 541.094543457
0.995855033 -0.006498695 0.090721846 56.166820526 0.004462794 0.999734044 0.022625981 -49.958232880 -0.090844728 -0.022127325 0.995619178 543.414978027
0.995781302 -0.005804344 0.091574445 56.453849792 0.003855909 0.999762714 0.021439649 -50.143428802 -0.091677152 -0.020996101 0.995567322 545.738586426
0.995659649 -0.005678828 0.092895441 56.741317749 0.003673288 0.999756694 0.021745978 -50.327346802 -0.092996337 -0.021310357 0.995438337 548.065734863
0.995588720 -0.005310034 0.093676046 57.040809631 0.003203010 0.999738812 0.022628697 -50.518493652 -0.093771748 -0.022228831 0.995345533 550.387756348
0.995530725 -0.005031696 0.094304219 57.338363647 0.002959819 0.999751449 0.022097161 -50.699478149 -0.094391964 -0.021719279 0.995298147 552.697143555
0.995614946 -0.007319050 0.093259156 57.670455933 0.005317747 0.999750555 0.021690054 -50.897041321 -0.093394645 -0.021099010 0.995405555 555.027709961
0.995670259 -0.007706876 0.092635110 57.993209839 0.005671515 0.999737144 0.022215031 -51.087165833 -0.092781968 -0.021593463 0.995452225 557.350219727
0.995626569 -0.007484755 0.093121246 58.295299530 0.005399225 0.999729395 0.022627670 -51.274265289 -0.093265422 -0.022025930 0.995397627 559.659362793
0.995624244 -0.006842173 0.093195453 58.605224609 0.004672923 0.999713421 0.023474719 -51.459117889 -0.093329370 -0.022936506 0.995370984 561.992065430
0.995613337 -0.007318405 0.093275614 58.918045044 0.005085156 0.999695361 0.024157692 -51.645713806 -0.093423992 -0.023577407 0.995347142 564.327636719
0.995578766 -0.006760417 0.093686551 59.225448608 0.004437645 0.999678135 0.024979210 -51.828090668 -0.093825266 -0.024453020 0.995288312 566.644836426
0.995560288 -0.006003065 0.093933761 59.543003082 0.003744493 0.999700069 0.024202110 -52.014945984 -0.094050877 -0.023742929 0.995284259 568.973693848
0.995576203 -0.005013623 0.093823336 59.867103577 0.002899210 0.999738991 0.022658873 -52.193553925 -0.093912452 -0.022286618 0.995330989 571.308776855
0.995563328 -0.004483386 0.093988091 60.186752319 0.002349568 0.999737263 0.022801453 -52.380615234 -0.094065621 -0.022479458 0.995312214 573.628662109
0.995549619 -0.004684943 0.094122484 60.497417450 0.002451922 0.999713123 0.023826288 -52.573661804 -0.094207093 -0.023489470 0.995275438 576.013671875
0.995553613 -0.004730157 0.094078176 60.816379547 0.002388285 0.999684930 0.024989855 -52.764305115 -0.094166726 -0.024654059 0.995251179 578.329162598
0.995481014 -0.004086844 0.094871633 61.119010925 0.001865157 0.999722242 0.023494689 -52.950958252 -0.094941288 -0.023211569 0.995212197 580.710876465
0.995520830 -0.004804805 0.094420202 61.437194824 0.002613168 0.999724567 0.023321470 -53.132404327 -0.094506256 -0.022970272 0.995259225 583.053222656
0.995495796 -0.004993306 0.094674252 61.752071381 0.002630848 0.999682367 0.025061961 -53.330978394 -0.094769329 -0.024700001 0.995192766 585.376708984
0.995538831 -0.004792878 0.094230056 62.066768646 0.002423449 0.999678373 0.025243521 -53.513790131 -0.094320744 -0.024902549 0.995230317 587.696838379
0.995480180 -0.007347116 0.094684064 62.385910034 0.005116245 0.999704063 0.023782466 -53.700550079 -0.094830774 -0.023190552 0.995223224 590.041748047
0.995489538 -0.007571984 0.094568513 62.704071045 0.005354780 0.999705315 0.023677265 -53.881351471 -0.094719931 -0.023064077 0.995236754 592.389343262
0.995490789 -0.009186027 0.094412245 63.015571594 0.006931514 0.999683619 0.024179716 -54.068325043 -0.094604485 -0.023416268 0.995239496 594.721862793
0.995520592 -0.009988463 0.094014980 63.341789246 0.007732048 0.999673903 0.024334326 -54.254592896 -0.094227396 -0.023498395 0.995273292 597.085266113
