1.000000000 0.000000000 0.000000000 0.000000000 0.000000000 1.000000000 0.000000000 0.000000000 0.000000000 0.000000000 1.000000000 0.000000000
0.999999881 0.000087530 0.000416589 0.089507133 -0.000087443 1.000000000 -0.000207732 -0.225962907 -0.000416607 0.000207696 0.999999881 2.294408560
0.999999225 0.000433798 0.001091592 0.168765292 -0.000434263 0.999999821 0.000425174 -0.466382354 -0.001091407 -0.000425648 0.999999285 4.584016323
0.999998808 0.000059220 0.001556143 0.267790973 -0.000060115 0.999999821 0.000575343 -0.697329164 -0.001556108 -0.000575436 0.999998629 6.869077682
0.999996960 -0.000018054 0.002460222 0.361571908 0.000020738 0.999999344 -0.001090850 -0.931494057 -0.002460201 0.001090898 0.999996364 9.166068077
0.999988735 0.001736067 0.004427706 0.454303741 -0.001737335 0.999998510 0.000282412 -1.167467594 -0.004427209 -0.000290102 0.999990165 11.470869064
0.999969840 0.003601502 0.006876000 0.548973858 -0.003611480 0.999992371 0.001439314 -1.398808718 -0.006870764 -0.001464103 0.999975324 13.759534836
0.999947488 0.003449707 0.009646907 0.650068104 -0.003489145 0.999985576 0.004074272 -1.627857447 -0.009632712 -0.004107718 0.999945223 16.038574219
0.999943376 0.003678200 0.009978317 0.749613523 -0.003730669 0.999979258 0.005244872 -1.853399277 -0.009958818 -0.005281800 0.999936461 18.322311401
0.999921679 0.002763549 0.012206217 0.849580646 -0.002829796 0.999981344 0.005413381 -2.077976942 -0.012191029 -0.005447498 0.999910831 20.617944717
0.999930441 0.000326342 0.011785029 0.979113102 -0.000360237 0.999995828 0.002874142 -2.302671194 -0.011784039 -0.002878188 0.999926448 22.918069839
0.999918222 -0.001816214 0.012661511 1.085160017 0.001803207 0.999997914 0.001038663 -2.524512053 -0.012663369 -0.001015747 0.999919295 25.199031830
0.999916196 -0.002223109 0.012761180 1.213710904 0.002215060 0.999997318 0.000644856 -2.773011446 -0.012762580 -0.000616536 0.999918342 27.494026184
0.999896765 -0.001839874 0.014246873 1.312794924 0.001846515 0.999998152 -0.000452959 -2.996396303 -0.014246014 0.000479220 0.999898434 29.779331207
0.999891400 0.000330230 0.014732522 1.439114332 -0.000362587 0.999997556 0.002193660 -3.225506067 -0.014731762 -0.002198764 0.999889016 32.040176392
0.999892652 0.002331364 0.014467379 1.572544336 -0.002393462 0.999988019 0.004276448 -3.444163799 -0.014457236 -0.004310616 0.999886215 34.320144653
0.999862075 0.004520836 0.015979597 1.690417528 -0.004651223 0.999956131 0.008131884 -3.674054861 -0.015942132 -0.008205089 0.999839246 36.632740021
0.999845982 0.006416917 0.016332045 1.811789989 -0.006542077 0.999949515 0.007621570 -3.891304016 -0.016282316 -0.007727243 0.999837577 38.904342651
0.999811232 0.005280244 0.018702902 1.909829736 -0.005388873 0.999968827 0.005762470 -4.092216492 -0.018671894 -0.005862170 0.999808490 41.209278107
0.999814212 0.002831498 0.019069787 2.035545826 -0.002924004 0.999984086 0.004824758 -4.318873882 -0.019055819 -0.004879620 0.999806583 43.481159210
0.999819577 0.002061217 0.018889541 2.163872242 -0.002132411 0.999990821 0.003749572 -4.549664974 -0.018881639 -0.003789176 0.999814510 45.739589691
0.999819338 0.001377210 0.018963616 2.292668819 -0.001431082 0.999994993 0.002827503 -4.779750824 -0.018959625 -0.002854131 0.999816179 48.012393951
0.999817491 0.000052672 0.019104522 2.427823544 -0.000112604 0.999995053 0.003136001 -5.007109165 -0.019104263 -0.003137580 0.999812543 50.290729523
0.999793053 -0.000202543 0.020342423 2.553726912 0.000133731 0.999994278 0.003383965 -5.228839397 -0.020342991 -0.003380545 0.999787331 52.553493500
0.999788404 -0.001480441 0.020516872 2.691164017 0.001407771 0.999992728 0.003555946 -5.460993290 -0.020521985 -0.003526310 0.999783218 54.835227966
0.999760151 -0.001853914 0.021821354 2.818778992 0.001778233 0.999992311 0.003487080 -5.686694145 -0.021827651 -0.003447440 0.999755800 57.127285004
0.999747097 -0.003137461 0.022267841 2.960127831 0.003047521 0.999987066 0.004071794 -5.912011147 -0.022280328 -0.004002904 0.999743760 59.393512726
0.999700189 -0.004365731 0.024090493 3.084556580 0.004281159 0.999984443 0.003561015 -6.139173031 -0.024105664 -0.003456812 0.999703467 61.662258148
0.999689698 -0.005243225 0.024350772 3.239031315 0.005163307 0.999981105 0.003343648 -6.364153385 -0.024367845 -0.003216879 0.999697864 63.915145874
0.999655187 -0.004716191 0.025831126 3.378295898 0.004614446 0.999981344 0.003997077 -6.588875771 -0.025849488 -0.003876502 0.999658346 66.184059143
0.999631405 -0.003855560 0.026870385 3.526166201 0.003741215 0.999983668 0.004304404 -6.816685677 -0.026886545 -0.004202290 0.999629676 68.439704895
0.999585927 -0.004012155 0.028490942 3.662534237 0.003892494 0.999983311 0.004254179 -7.045066833 -0.028507544 -0.004141516 0.999584973 70.691383362
0.999573350 -0.004834740 0.028805630 3.826600075 0.004756344 0.999984741 0.002789472 -7.267330647 -0.028818678 -0.002651272 0.999581158 72.940025330
0.999565184 -0.005751059 0.028920317 3.990782261 0.005661739 0.999978960 0.003169419 -7.494675636 -0.028937936 -0.003004302 0.999576688 75.217086792
0.999517500 -0.006997475 0.030263422 4.150646687 0.006919350 0.999972403 0.002685504 -7.727342606 -0.030281378 -0.002474805 0.999538362 77.480979919
0.999507725 -0.007821267 0.030383723 4.303467274 0.007741669 0.999966264 0.002736522 -7.957006454 -0.030404104 -0.002499954 0.999534488 79.724220276
0.999476433 -0.008304716 0.031272922 4.452163696 0.008237958 0.999963462 0.002262940 -8.174040794 -0.031290568 -0.002004130 0.999508321 81.980087280
0.999459922 -0.007065001 0.032091457 4.617599487 0.007006538 0.999973595 0.001933852 -8.401353836 -0.032104269 -0.001707959 0.999483049 84.252288818
0.999405921 -0.006883454 0.033769377 4.775986195 0.006804028 0.999973774 0.002466360 -8.622639656 -0.033785466 -0.002235127 0.999426603 86.503631592
0.999404848 -0.006616087 0.033858109 4.941185951 0.006485489 0.999971032 0.003965603 -8.858910561 -0.033883367 -0.003743656 0.999418795 88.777770996
0.999378979 -0.005705199 0.034769796 5.102619171 0.005558150 0.999975204 0.004324381 -9.082883835 -0.034793604 -0.004128439 0.999386013 91.028251648
0.999346316 -0.005500557 0.035727851 5.268560410 0.005355986 0.999977052 0.004140917 -9.304342270 -0.035749815 -0.003946852 0.999352992 93.264518738
0.999334991 -0.005376554 0.036064979 5.440235138 0.005246807 0.999979436 0.003691224 -9.527061462 -0.036084086 -0.003499542 0.999342620 95.482604980
0.999300897 -0.006311920 0.036849611 5.610321999 0.006156696 0.999971628 0.004324321 -9.753185272 -0.036875859 -0.004094426 0.999311447 97.727378845
0.999267280 -0.006022299 0.037795179 5.772666931 0.005879059 0.999975204 0.003899886 -9.987343788 -0.037817720 -0.003674829 0.999277890 99.971084595
0.999212921 -0.006026885 0.039207697 5.932491302 0.005839508 0.999970913 0.004891872 -10.204406738 -0.039236035 -0.004659067 0.999219060 102.201606750
0.999200642 -0.006267397 0.039481703 6.128452301 0.006083931 0.999970078 0.004765294 -10.423919678 -0.039510392 -0.004521280 0.999208927 104.453285217
0.999156952 -0.007112811 0.040432483 6.305085182 0.006893324 0.999960780 0.005565335 -10.641670227 -0.040470481 -0.005281930 0.999166787 106.680847168
0.999124229 -0.008329112 0.041005448 6.489200115 0.008099232 0.999950588 0.005769023 -10.857378960 -0.041051473 -0.005431857 0.999142289 108.929290771
0.999084651 -0.009402017 0.041731350 6.674025536 0.009129847 0.999935746 0.006707776 -11.082666397 -0.041791741 -0.006320634 0.999106348 111.174293518
0.999063671 -0.010064579 0.042075228 6.866199493 0.009846748 0.999936998 0.005381267 -11.303420067 -0.042126738 -0.004961924 0.999099910 113.433601379
0.999014199 -0.010262428 0.043188799 7.048425674 0.010072124 0.999938607 0.004621626 -11.522708893 -0.043233573 -0.004182067 0.999056160 115.676208496
0.998980880 -0.010514257 0.043892115 7.233259678 0.010301528 0.999934018 0.005070050 -11.747535706 -0.043942533 -0.004612726 0.999023438 117.902420044
0.998934567 -0.010939152 0.044833582 7.425630569 0.010690434 0.999926150 0.005783630 -11.968104362 -0.044893544 -0.005298177 0.998977661 120.137306213
0.998888612 -0.011412164 0.045728866 7.622366905 0.011154030 0.999920428 0.005896055 -12.187884331 -0.045792516 -0.005379441 0.998936474 122.373115540
0.998843312 -0.012201029 0.046509489 7.817549706 0.011941691 0.999911606 0.005849769 -12.411516190 -0.046576753 -0.005287602 0.998900712 124.615226746
0.998817384 -0.012738623 0.046921160 8.012364388 0.012511486 0.999908507 0.005131266 -12.636418343 -0.046982229 -0.004538144 0.998885393 126.873779297
0.998801768 -0.014270424 0.046811610 8.204401016 0.014032914 0.999886990 0.005398494 -12.853462219 -0.046883360 -0.004735123 0.998889148 129.128677368
0.998829782 -0.015250330 0.045897033 8.398399353 0.014989532 0.999869525 0.006021119 -13.076332092 -0.045982871 -0.005326098 0.998928010 131.379943848
0.998905659 -0.015656576 0.044071607 8.607388496 0.015360225 0.999857128 0.007054974 -13.291653633 -0.044175766 -0.006370304 0.999003470 133.612396240
0.998971581 -0.016444234 0.042252343 8.818749428 0.016171874 0.999846220 0.006779705 -13.512958527 -0.042357322 -0.006089432 0.999083996 135.868606567
0.999043763 -0.017231200 0.040184218 9.019950867 0.016990144 0.999835610 0.006332651 -13.726911545 -0.040286738 -0.005643860 0.999172270 138.087356567
0.999033809 -0.018169396 0.040016297 9.199491501 0.017917370 0.999817371 0.006647748 -13.954215050 -0.040129773 -0.005924338 0.999176919 140.352203369
0.999018312 -0.018516593 0.040244509 9.369052887 0.018260645 0.999810636 0.006718165 -14.163135529 -0.040361289 -0.005976678 0.999167323 142.584640503
0.999071956 -0.018595580 0.038851637 9.560587883 0.018300764 0.999801099 0.007930252 -14.387289047 -0.038991380 -0.007211878 0.999213457 144.784866333
0.999087930 -0.017620189 0.038895324 9.736108780 0.017364450 0.999825418 0.006903179 -14.603937149 -0.039010178 -0.006221486 0.999219418 147.030349731
0.999112070 -0.016302552 0.038850185 9.913684845 0.016103791 0.999855638 0.005423543 -14.822104454 -0.038932994 -0.004793093 0.999230266 149.271881104
0.999120712 -0.014585298 0.039306894 10.088764191 0.014416650 0.999885559 0.004570598 -15.044083595 -0.039369065 -0.003999905 0.999216676 151.519515991
0.999127150 -0.013871148 0.039400250 10.273124695 0.013701499 0.999895692 0.004572570 -15.262208939 -0.039459564 -0.004028738 0.999212980 153.756332397
0.999120474 -0.013051667 0.039847936 10.450373650 0.012857880 0.999904275 0.005115571 -15.480651855 -0.039910883 -0.004598712 0.999192655 156.008956909
0.999117374 -0.012350161 0.040149722 10.643252373 0.012111897 0.999907672 0.006172244 -15.699846268 -0.040222246 -0.005680506 0.999174595 158.232055664
0.999068379 -0.011641415 0.041555125 10.816820145 0.011345842 0.999908686 0.007341559 -15.924217224 -0.041636802 -0.006863242 0.999109268 160.499557495
0.999034464 -0.010631897 0.042629130 10.997759819 0.010248262 0.999905050 0.009207833 -16.140434265 -0.042722981 -0.008762066 0.999048531 162.735870361
0.999006629 -0.010091585 0.043403439 11.182315826 0.009753637 0.999920607 0.007990965 -16.344680786 -0.043480631 -0.007559686 0.999025643 164.992416382
0.998966038 -0.009404419 0.044478793 11.374431610 0.009113098 0.999935687 0.006747919 -16.558458328 -0.044539399 -0.006335603 0.998987556 167.232757568
0.998876095 -0.007589412 0.046785500 11.553553581 0.007269720 0.999949038 0.006999546 -16.772678375 -0.046836238 -0.006651562 0.998880386 169.460601807
0.998753011 -0.007071528 0.049419291 11.732513428 0.006712891 0.999949872 0.007419261 -16.999469757 -0.049469281 -0.007078264 0.998750567 171.725082397
0.998634577 -0.007365773 0.051717509 11.934698105 0.007025072 0.999952435 0.006766430 -17.207441330 -0.051764883 -0.006393872 0.998638749 173.988296509
0.998548567 -0.007083745 0.053390559 12.139996529 0.006686627 0.999948680 0.007612911 -17.426549911 -0.053441752 -0.007244859 0.998544693 176.247192383
0.998496115 -0.007436034 0.054316044 12.344227791 0.006984712 0.999939561 0.008494272 -17.637601852 -0.054375920 -0.008102116 0.998487711 178.468231201
0.998495579 -0.009125291 0.054066587 12.550514221 0.008673850 0.999925554 0.008578509 -17.861593246 -0.054140843 -0.008096639 0.998500466 180.689163208
0.998454630 -0.010030666 0.054660093 12.749660492 0.009575253 0.999917328 0.008587245 -18.075765610 -0.054741710 -0.008050590 0.998468101 182.936111450
0.998525620 -0.011868532 0.052969120 12.975143433 0.011459692 0.999902189 0.008015544 -18.290077209 -0.053059082 -0.007396716 0.998563945 185.155471802
0.998542011 -0.013746128 0.052200254 13.184812546 0.013295090 0.999871254 0.008978003 -18.508813858 -0.052316960 -0.008270906 0.998596251 187.394821167
0.998578846 -0.014526576 0.051277272 13.395679474 0.014102547 0.999863446 0.008621470 -18.719154358 -0.051395517 -0.007886078 0.998647153 189.632659912
0.998520076 -0.015602814 0.052097902 13.581488609 0.015185829 0.999849439 0.008390209 -18.938230515 -0.052220978 -0.007586643 0.998606741 191.858505249
0.998469353 -0.016626356 0.052748792 13.766807556 0.016217966 0.999835193 0.008160858 -19.149047852 -0.052875780 -0.007292890 0.998574555 194.096557617
0.998512387 -0.016387466 0.052004684 14.000171661 0.015968656 0.999836624 0.008458677 -19.378234863 -0.052134816 -0.007615648 0.998611033 196.352416992
0.998528481 -0.014197404 0.052338813 14.205082893 0.013778454 0.999870121 0.008356780 -19.586540222 -0.052450653 -0.007623335 0.998594403 198.592849731
0.998537064 -0.012217669 0.052672617 14.404847145 0.011796788 0.999895990 0.008293994 -19.804050446 -0.052768465 -0.007660491 0.998577416 200.826797485
0.998511791 -0.011745133 0.053256474 14.614859581 0.011375321 0.999909103 0.007241784 -20.013526917 -0.053336702 -0.006625197 0.998554528 203.083984375
0.998473883 -0.012007431 0.053906217 14.815078735 0.011590965 0.999900639 0.008031776 -20.224069595 -0.053997304 -0.007394692 0.998513639 205.309143066
0.998453915 -0.013644873 0.053884506 15.046286583 0.013227906 0.999879777 0.008087222 -20.442602158 -0.053988378 -0.007361941 0.998514414 207.555618286
0.998402476 -0.013251566 0.054926388 15.253324509 0.012818994 0.999883950 0.008220399 -20.645734787 -0.055028953 -0.007503167 0.998456597 209.795745850
0.998314500 -0.013123810 0.056532256 15.468141556 0.012589497 0.999872744 0.009797301 -20.873931885 -0.056653649 -0.009069076 0.998352706 212.018524170
0.998262525 -0.011699204 0.057749778 15.707347870 0.011137497 0.999887586 0.010038890 -21.083736420 -0.057860740 -0.009378262 0.998280585 214.249450684
0.998060226 -0.009914828 0.061460376 15.896200180 0.009323644 0.999907434 0.009898274 -21.282188416 -0.061552837 -0.009306039 0.998060465 216.485946655
0.997927427 -0.010009495 0.063565992 16.124967575 0.009378686 0.999903858 0.010214299 -21.490060806 -0.063662134 -0.009596963 0.997925341 218.722290039
0.997788370 -0.011468414 0.065473124 16.358627319 0.010788945 0.999884307 0.010721972 -21.695573807 -0.065588512 -0.009991875 0.997796714 220.951171875
0.997678876 -0.012769735 0.066886365 16.592029572 0.012012425 0.999859273 0.011712331 -21.902006149 -0.067026526 -0.010881675 0.997691810 223.180404663
0.997622669 -0.014709016 0.067325331 16.841203690 0.014004127 0.999842227 0.010929890 -22.110349655 -0.067475475 -0.009961071 0.997671187 225.400650024
0.997572839 -0.015837459 0.067805834 17.076210022 0.015137372 0.999826729 0.010826280 -22.314952850 -0.067965560 -0.009773601 0.997639716 227.640960693
0.997534394 -0.016536029 0.068202667 17.317340851 0.015818857 0.999814034 0.011041984 -22.519393921 -0.068372555 -0.009935874 0.997610390 229.872436523
0.997473776 -0.017804628 0.068768032 17.557796478 0.017142970 0.999801099 0.010199809 -22.726285934 -0.068935938 -0.008995154 0.997580588 232.111053467
0.997455478 -0.018782794 0.068772279 17.826419830 0.018032653 0.999771059 0.011512283 -22.942922592 -0.068972751 -0.010242841 0.997565985 234.392059326
0.997423053 -0.018638585 0.069279864 18.071781158 0.017877417 0.999772966 0.011590750 -23.146554947 -0.069480166 -0.010322338 0.997529924 236.633941650
0.997368932 -0.018417170 0.070114031 18.306566238 0.017649287 0.999777436 0.011555791 -23.347900391 -0.070311271 -0.010287927 0.997472048 238.838516235
0.997332573 -0.018526319 0.070601180 18.553316116 0.017736644 0.999773085 0.011795598 -23.552350998 -0.070803694 -0.010511908 0.997434855 241.062713623
0.997304082 -0.019110972 0.070847504 18.806396484 0.018315742 0.999761879 0.011857291 -23.754951477 -0.071057238 -0.010527701 0.997416675 243.301681519
0.997273862 -0.019098904 0.071274400 19.055475235 0.018345065 0.999768794 0.011216316 -23.965494156 -0.071472138 -0.009878205 0.997393668 245.522689819
0.997277200 -0.018659139 0.071346417 19.311061859 0.017954724 0.999783576 0.010501875 -24.173591614 -0.071526945 -0.009192275 0.997396290 247.749588013
0.997258961 -0.018990669 0.071511984 19.569997787 0.018241690 0.999771774 0.011112157 -24.382184982 -0.071706697 -0.009777199 0.997377813 249.989654541
0.997230351 -0.020293441 0.071552224 19.827072144 0.019555101 0.999748230 0.011004442 -24.588777542 -0.071757518 -0.009574754 0.997376144 252.222381592
0.997228205 -0.020476511 0.071529359 20.094043732 0.019688167 0.999737561 0.011709029 -24.798149109 -0.071750343 -0.010268293 0.997369766 254.484924316
0.997206390 -0.021284796 0.071597815 20.337371826 0.020476272 0.999718308 0.012007711 -25.004697800 -0.071833231 -0.010508113 0.997361302 256.701843262
0.997166276 -0.021854166 0.071984880 20.600023270 0.020966699 0.999694765 0.013061270 -25.232967377 -0.072248362 -0.011514972 0.997320294 258.970153809
0.997130990 -0.021678103 0.072525047 20.855855942 0.020829013 0.999705613 0.012443529 -25.433269501 -0.072773449 -0.010897203 0.997288942 261.211914062
0.997105896 -0.021634167 0.072881930 21.117010117 0.020813124 0.999711275 0.012006154 -25.635673523 -0.073120616 -0.010454506 0.997268319 263.465454102
0.997084320 -0.020806996 0.073415935 21.378625870 0.020010019 0.999732792 0.011574597 -25.842876434 -0.073637135 -0.010071795 0.997234225 265.705657959
0.997015357 -0.020020865 0.074561730 21.636505127 0.019213980 0.999749005 0.011523384 -26.042116165 -0.074773736 -0.010056366 0.997149765 267.950683594
0.996907651 -0.019770812 0.076055892 21.894863129 0.018956458 0.999755144 0.011414475 -26.263940811 -0.076262943 -0.009937426 0.997038186 270.205047607
0.996774256 -0.020486841 0.077598751 22.158992767 0.019646764 0.999740005 0.011574004 -26.468383789 -0.077815711 -0.010012101 0.996917605 272.450683594
0.996627450 -0.020869967 0.079361334 22.418848038 0.019963248 0.999726236 0.012201570 -26.671607971 -0.079594277 -0.010576108 0.996771157 274.698089600
0.996508598 -0.020896120 0.080833547 22.692911148 0.019902596 0.999716461 0.013077320 -26.863784790 -0.081083886 -0.011422864 0.996641815 276.938385010
0.996450961 -0.020331057 0.081682272 22.980041504 0.019148951 0.999700665 0.015229467 -27.086715698 -0.081967466 -0.013611289 0.996541977 279.193176270
0.996370196 -0.019988606 0.082745083 23.264091492 0.018715475 0.999694765 0.016133444 -27.288011551 -0.083042309 -0.014526269 0.996440172 281.431396484
0.996300995 -0.019164866 0.083768055 23.542156219 0.017875355 0.999710262 0.016116859 -27.478364944 -0.084052667 -0.014559857 0.996354938 283.684692383
0.996204555 -0.018107560 0.085138537 23.814311981 0.016853776 0.999738991 0.015422187 -27.669729233 -0.085395567 -0.013928746 0.996249735 285.919219971
0.996197164 -0.017086318 0.085435592 24.101963043 0.015952898 0.999775708 0.013931586 -27.855691910 -0.085654467 -0.012515661 0.996246219 288.154357910
0.996152103 -0.017822685 0.085809223 24.377788544 0.016673118 0.999761641 0.014094957 -28.058610916 -0.086039983 -0.012610015 0.996211827 290.380706787
0.996084273 -0.017646367 0.086631455 24.641199112 0.016525209 0.999770403 0.013641904 -28.260255814 -0.086852312 -0.012156884 0.996146977 292.627014160
0.996109426 -0.018211238 0.086221442 24.926992416 0.017160915 0.999769390 0.012907315 -28.458406448 -0.086436644 -0.011377459 0.996192396 294.855529785
0.996109664 -0.018133204 0.086236522 25.209674835 0.017099056 0.999772906 0.012715620 -28.657756805 -0.086447507 -0.011191589 0.996193469 297.082550049
0.996098518 -0.017508237 0.086493917 25.490066528 0.016455021 0.999781728 0.012874822 -28.855165482 -0.086700447 -0.011401332 0.996169150 299.319976807
0.996043384 -0.017352052 0.087157950 25.750783920 0.016190311 0.999770641 0.014018455 -29.064409256 -0.087381206 -0.012551873 0.996095896 301.550079346
0.996034801 -0.017819056 0.087160781 26.039964676 0.016636115 0.999759614 0.014279605 -29.265415192 -0.087394267 -0.012772968 0.996091902 303.802795410
0.996002734 -0.017372780 0.087616466 26.327953339 0.016168375 0.999765038 0.014437403 -29.461963654 -0.087846689 -0.012963080 0.996049643 306.047760010
0.995999992 -0.017852185 0.087551005 26.613754272 0.016652290 0.999757409 0.014416416 -29.667930603 -0.087787129 -0.012900827 0.996055663 308.298095703
0.995956898 -0.019159669 0.087764494 26.902080536 0.017929081 0.999729872 0.014788417 -29.866256714 -0.088024125 -0.013155091 0.996031463 310.555267334
0.995925605 -0.019177621 0.088117048 27.188922882 0.018006930 0.999738991 0.014061472 -30.065151215 -0.088363707 -0.012417460 0.996010900 312.795440674
0.995929956 -0.018946635 0.088116340 27.478944778 0.017700819 0.999732316 0.014898384 -30.269939423 -0.088375032 -0.013278015 0.995998681 315.037414551
0.995880127 -0.016878933 0.089094460 27.764467239 0.015678985 0.999776959 0.014151031 -30.472072601 -0.089313440 -0.012695818 0.995922625 317.278320312
0.995854259 -0.014939778 0.089726493 28.048252106 0.013682043 0.999799550 0.014616178 -30.670795441 -0.089926891 -0.013327944 0.995859146 319.522552490
0.995794296 -0.013676108 0.090590738 28.331224442 0.012455987 0.999824107 0.014020233 -30.869224548 -0.090766549 -0.012832874 0.995789528 321.746368408
0.995759010 -0.013191159 0.091049358 28.617004395 0.011896717 0.999820650 0.014745038 -31.068130493 -0.091227539 -0.013599318 0.995737195 323.986846924
0.995756745 -0.012799863 0.091130026 28.912603378 0.011376317 0.999805272 0.016123399 -31.274639130 -0.091318667 -0.015018260 0.995708406 326.210662842
0.995706558 -0.012849511 0.091669038 29.193706512 0.011437679 0.999808013 0.015910191 -31.475914001 -0.091855869 -0.014793403 0.995662391 328.447296143
0.995705426 -0.014414878 0.091449209 29.494503021 0.013067661 0.999797344 0.015313572 -31.673202515 -0.091651402 -0.014052778 0.995692015 330.677246094
0.995696843 -0.013918682 0.091618836 29.784309387 0.012599071 0.999808729 0.014965932 -31.868831635 -0.091809608 -0.013747219 0.995681703 332.902832031
0.995672882 -0.014146724 0.091844574 30.075422287 0.012724823 0.999790192 0.016048810 -32.064010620 -0.092052348 -0.014810656 0.995644033 335.138305664
0.995697200 -0.014666670 0.091498695 30.377916336 0.013238726 0.999781251 0.016193641 -32.259227753 -0.091716193 -0.014912638 0.995673478 337.373413086
0.995679021 -0.014639953 0.091699466 30.663948059 0.013173969 0.999775887 0.016571797 -32.460395813 -0.091921523 -0.015292145 0.995648921 339.615875244
0.995712757 -0.014859605 0.091298029 30.963739395 0.013422680 0.999776483 0.016332770 -32.658348083 -0.091520339 -0.015037285 0.995689690 341.860870361
0.995713532 -0.014872442 0.091288336 31.252853394 0.013389601 0.999768615 0.016834516 -32.852058411 -0.091517590 -0.015540040 0.995682180 344.106536865
0.995740592 -0.014626313 0.091031782 31.544086456 0.013140833 0.999770880 0.016896335 -33.043651581 -0.091258071 -0.015628135 0.995704651 346.342224121
0.995777667 -0.014563089 0.090636551 31.836036682 0.013102833 0.999774873 0.016685415 -33.232631683 -0.090859160 -0.015427366 0.995744169 348.578765869
0.995759845 -0.013985529 0.090921514 32.121707916 0.012476893 0.999775171 0.017140033 -33.429397583 -0.091140777 -0.015932936 0.995710552 350.819061279
0.995786250 -0.014238819 0.090592653 32.408790588 0.012696316 0.999764860 0.017580371 -33.623001099 -0.090821669 -0.016356103 0.995732844 353.047180176
0.995801568 -0.013905211 0.090475768 32.693328857 0.012405624 0.999776483 0.017115798 -33.817012787 -0.090693563 -0.015921533 0.995751560 355.283630371
0.995849371 -0.013992333 0.089934722 32.986461639 0.012459313 0.999767840 0.017584778 -34.009468079 -0.090159886 -0.016391268 0.995792389 357.516723633
0.995918572 -0.013531056 0.089236207 33.283302307 0.011923811 0.999757409 0.018519703 -34.206604004 -0.089465134 -0.017380077 0.995838284 359.759399414
0.995952010 -0.013611613 0.088850193 33.575004578 0.012001622 0.999754429 0.018629463 -34.402675629 -0.089081950 -0.017487701 0.995870769 361.997467041
0.996012568 -0.013557859 0.088177055 33.871143341 0.011922954 0.999747574 0.019041516 -34.594100952 -0.088412963 -0.017914262 0.995922804 364.236968994
0.996068299 -0.013547845 0.087545618 34.161682129 0.011983803 0.999759495 0.018366411 -34.785018921 -0.087773398 -0.017245071 0.995991170 366.485687256
0.996099591 -0.014403090 0.087052748 34.449321747 0.012864565 0.999751389 0.018208738 -34.978267670 -0.087293364 -0.017017817 0.996037245 368.732879639
0.996068597 -0.014157154 0.087447144 34.724411011 0.012696143 0.999770761 0.017241005 -35.163005829 -0.087671176 -0.016062981 0.996019900 370.997894287
0.996147513 -0.014846218 0.086427063 35.018173218 0.013369742 0.999755025 0.017637365 -35.366542816 -0.086667761 -0.016413908 0.996101975 373.229644775
0.996194482 -0.014649448 0.085917994 35.307384491 0.013115819 0.999744892 0.018387357 -35.553741455 -0.086165421 -0.017190496 0.996132553 375.480773926
0.996162117 -0.015142123 0.086206779 35.582164764 0.013575071 0.999732316 0.018735144 -35.744449615 -0.086467385 -0.017492978 0.996101081 377.732604980
0.996163905 -0.015792167 0.086070076 35.866737366 0.014209866 0.999719083 0.018965676 -35.937301636 -0.086345412 -0.017669881 0.996108532 379.968444824
0.996171713 -0.016015865 0.085939802 36.156719208 0.014444053 0.999717355 0.018880505 -36.120868683 -0.086217918 -0.017566904 0.996121407 382.220001221
0.996169627 -0.015004697 0.086145088 36.443092346 0.013402122 0.999726772 0.019151513 -36.313240051 -0.086408921 -0.017923625 0.996098459 384.471069336
0.996182263 -0.013834565 0.086194351 36.726638794 0.012225804 0.999741614 0.019164378 -36.498592377 -0.086437210 -0.018037420 0.996093988 386.709472656
0.996217310 -0.012722054 0.085961707 37.024230957 0.011122132 0.999756396 0.019065427 -36.694957733 -0.086183324 -0.018037234 0.996115983 388.971679688
0.996204019 -0.011109764 0.086337179 37.302757263 0.009494373 0.999772549 0.019098427 -36.887592316 -0.086529724 -0.018206213 0.996082902 391.239868164
0.996209145 -0.009864115 0.086429439 37.584999084 0.008112215 0.999754965 0.020597551 -37.078414917 -0.086611450 -0.019818338 0.996045053 393.509246826
0.996143699 -0.008286261 0.087343745 37.862796783 0.006473095 0.999758065 0.021021778 -37.269515991 -0.087496802 -0.020375332 0.995956421 395.776702881
0.996098220 -0.008119782 0.087877296 38.149181366 0.006422425 0.999787629 0.019580621 -37.464698792 -0.088017635 -0.018939842 0.995938778 398.041015625
0.996038795 -0.007991690 0.088559866 38.430751801 0.006336473 0.999800265 0.018955767 -37.655422211 -0.088693663 -0.018319517 0.995890498 400.304107666
0.995883942 -0.008950506 0.090194747 38.696876526 0.007154904 0.999770105 0.020211766 -37.842948914 -0.090354912 -0.019483238 0.995719075 402.545898438
0.995895028 -0.009986329 0.089962274 39.006263733 0.008132325 0.999747336 0.020951707 -38.027854919 -0.090148784 -0.020134101 0.995724738 404.835876465
0.995854139 -0.010443927 0.090361625 39.294254303 0.008592761 0.999745727 0.020851025 -38.215339661 -0.090556413 -0.019988129 0.995690763 407.090057373
0.995785177 -0.009299077 0.091243505 39.598335266 0.007498811 0.999770701 0.020053364 -38.398677826 -0.091409102 -0.019284623 0.995626688 409.337615967
0.995711863 -0.008697991 0.092098854 39.888179779 0.006818131 0.999762297 0.020706339 -38.592899323 -0.092257075 -0.019989600 0.995534539 411.594177246
0.995685697 -0.006903577 0.092532516 40.196075439 0.005060433 0.999784410 0.020138726 -38.787624359 -0.092651591 -0.019583583 0.995505989 413.850708008
0.995610476 -0.005964254 0.093402945 40.495536804 0.004085111 0.999785781 0.020296946 -38.977001190 -0.093503997 -0.019826295 0.995421410 416.114929199
0.995547056 -0.006268255 0.094057031 40.796794891 0.004388356 0.999786675 0.020180352 -39.168380737 -0.094163477 -0.019677736 0.995362282 418.367340088
0.995433986 -0.006226505 0.095249422 41.088432312 0.004321595 0.999786794 0.020192403 -39.355377197 -0.095354855 -0.019688571 0.995248616 420.618957520
0.995351672 -0.006653323 0.096077256 41.382698059 0.004741196 0.999786377 0.020116568 -39.550544739 -0.096190564 -0.019567534 0.995170593 422.874816895
0.995273709 -0.006811541 0.096870497 41.687427521 0.004788439 0.999765873 0.021101782 -39.736274719 -0.096991569 -0.020538190 0.995073199 425.143493652
0.995225191 -0.006110243 0.097412623 41.989364624 0.003998356 0.999753058 0.021860290 -39.922977448 -0.097522117 -0.021366429 0.995003998 427.396545410
0.995152295 -0.005183115 0.098209664 42.300498962 0.002987322 0.999742568 0.022492085 -40.107089996 -0.098300941 -0.022089664 0.994911551 429.670715332
0.995143890 -0.005822737 0.098258704 42.614280701 0.003566527 0.999726236 0.023121992 -40.305721283 -0.098366432 -0.022659265 0.994892240 431.930419922
0.995092094 -0.006298359 0.098752663 42.924942017 0.004107170 0.999741197 0.022376265 -40.495304108 -0.098868042 -0.021860851 0.994860411 434.191558838
0.995098829 -0.005709521 0.098720461 43.243244171 0.003494694 0.999738634 0.022593718 -40.668292999 -0.098823659 -0.022137985 0.994858623 436.458557129
0.995042622 -0.006028674 0.099266425 43.555717468 0.003774513 0.999731004 0.022880355 -40.853748322 -0.099377669 -0.022392252 0.994797826 438.746917725
0.995096028 -0.006119189 0.098724641 43.877853394 0.003869777 0.999728858 0.022960132 -41.035274506 -0.098838367 -0.022465492 0.994849980 441.021148682
0.995039165 -0.005827925 0.099313341 44.190128326 0.003413231 0.999694824 0.024466475 -41.240554810 -0.099425621 -0.024006123 0.994755387 443.303985596
0.995017409 -0.006456961 0.099491999 44.510692596 0.004039304 0.999692202 0.024482301 -41.417697906 -0.099619463 -0.023958448 0.994737148 445.584045410
0.995014191 -0.006283051 0.099534929 44.824748993 0.003911832 0.999704301 0.024000263 -41.601123810 -0.099656299 -0.023491235 0.994744599 447.852081299
0.995024979 -0.005752005 0.099459708 45.140499115 0.003408570 0.999712944 0.023715546 -41.786468506 -0.099567555 -0.023258541 0.994759083 450.115264893
0.994961798 -0.005296360 0.100114524 45.449752808 0.002956927 0.999719441 0.023501521 -41.975322723 -0.100210913 -0.023087088 0.994698346 452.379699707
0.994864821 -0.004414003 0.101116113 45.757186890 0.002050623 0.999722481 0.023464965 -42.149368286 -0.101191640 -0.023137121 0.994597793 454.661285400
0.994835079 -0.004873846 0.101387434 46.066177368 0.002506835 0.999721587 0.023460519 -42.340782166 -0.101473555 -0.023085183 0.994570374 456.930267334
0.994835734 -0.003827332 0.101425961 46.390022278 0.001546779 0.999744415 0.022554016 -42.520294189 -0.101486355 -0.022280660 0.994587362 459.212371826
0.994818449 -0.002965384 0.101623863 46.708942413 0.000605649 0.999729574 0.023243280 -42.707523346 -0.101665318 -0.023061294 0.994551301 461.493621826
0.994838774 -0.002494759 0.101436853 47.027103424 0.000022387 0.999703169 0.024367344 -42.887950897 -0.101467542 -0.024239311 0.994543433 463.765838623
0.994888902 -0.002612424 0.100941576 47.337947845 0.000097543 0.999689758 0.024911130 -43.067329407 -0.100975335 -0.024773968 0.994580448 466.031799316
0.994979978 -0.002349848 0.100046583 47.659706116 -0.000011848 0.999721527 0.023598827 -43.246208191 -0.100074172 -0.023481548 0.994702816 468.315246582
0.995070457 -0.002336664 0.099142879 47.989971161 0.000047676 0.999733508 0.023083868 -43.430149078 -0.099170387 -0.022965351 0.994805336 470.613464355
0.995137691 -0.002736061 0.098455466 48.303775787 0.000351434 0.999706388 0.024229551 -43.620632172 -0.098492853 -0.024077142 0.994846463 472.894836426
0.995113254 -0.003001098 0.098693997 48.603515625 0.000575006 0.999697208 0.024601214 -43.806083679 -0.098737955 -0.024424246 0.994813681 475.170318604
0.995244980 -0.002833501 0.097363643 48.923397064 0.000493739 0.999710679 0.024046861 -43.974723816 -0.097403631 -0.023884444 0.994958341 477.465423584
0.995284796 -0.003234910 0.096942030 49.234920502 0.000850840 0.999696434 0.024623992 -44.156574249 -0.096992239 -0.024425402 0.994985402 479.743194580
0.995289564 -0.003905203 0.096868128 49.542945862 0.001461271 0.999679148 0.025287597 -44.338088989 -0.096935779 -0.025026927 0.994976044 482.014617920
0.995283067 -0.004480576 0.096909970 49.841918945 0.002144461 0.999704897 0.024196768 -44.514270782 -0.096989788 -0.023874812 0.994998991 484.302185059
0.995394289 -0.004612788 0.095754229 50.152076721 0.002211701 0.999680817 0.025166523 -44.702388763 -0.095839754 -0.024838829 0.995086789 486.575958252
0.995434880 -0.004762039 0.095324613 50.459384918 0.002397794 0.999687135 0.024901234 -44.876682281 -0.095413357 -0.024558987 0.995134711 488.862152100
0.995455682 -0.004279871 0.095130049 50.767440796 0.001878247 0.999677598 0.025320914 -45.054252625 -0.095207743 -0.025027171 0.995142698 491.161346436
0.995514035 -0.003552755 0.094546869 51.076721191 0.001122814 0.999668002 0.025741713 -45.230552673 -0.094606929 -0.025520083 0.995187521 493.445007324
0.995478630 -0.002962973 0.094939299 51.365978241 0.000558795 0.999678731 0.025339907 -45.405899048 -0.094983868 -0.025172288 0.995160520 495.742858887
0.995511413 -0.002823885 0.094598800 51.680976868 0.000471757 0.999690413 0.024877377 -45.592342377 -0.094639756 -0.024721092 0.995204568 498.056976318
0.995534599 -0.002487001 0.094363928 51.982604980 0.000050635 0.999666810 0.025812441 -45.772232056 -0.094396688 -0.025692401 0.995203078 500.346649170
0.995530009 -0.002027943 0.094423719 52.279392242 -0.000436607 0.999659896 0.026072985 -45.954795837 -0.094444498 -0.025997667 0.995190620 502.627105713
0.995562911 -0.001050224 0.094092526 52.583351135 -0.001352317 0.999674737 0.025466410 -46.136314392 -0.094088651 -0.025480656 0.995237708 504.915954590
0.995524049 -0.000674577 0.094507292 52.877883911 -0.001799490 0.999657929 0.026090916 -46.317161560 -0.094492577 -0.026144193 0.995182216 507.206298828
0.995542943 -0.000893824 0.094304621 53.184719086 -0.001485406 0.999682426 0.025155986 -46.498607635 -0.094297156 -0.025183948 0.995225430 509.506835938
0.995576918 -0.001400019 0.093939513 53.497306824 -0.001051798 0.999660194 0.026045373 -46.683650970 -0.093944058 -0.026028978 0.995237172 511.807250977
0.995588958 -0.001163027 0.093814917 53.804687500 -0.001294704 0.999657631 0.026132535 -46.859092712 -0.093813196 -0.026138727 0.995246649 514.114868164
0.995611250 -0.000496291 0.093583353 54.111499786 -0.001948349 0.999659300 0.026029412 -47.038383484 -0.093564384 -0.026097512 0.995271087 516.424377441
0.995550811 0.000401133 0.094225064 54.397090912 -0.002853218 0.999660730 0.025890427 -47.220584869 -0.094182707 -0.026044074 0.995214283 518.714477539
0.995516837 0.002287562 0.094556630 54.704360962 -0.004753113 0.999654353 0.025857868 -47.402790070 -0.094464794 -0.026191385 0.995183587 521.067138672
0.995430887 0.004462359 0.095380217 55.011215210 -0.006967668 0.999638915 0.025949659 -47.582103729 -0.095229998 -0.026495671 0.995102584 523.397399902
0.995371640 0.005441227 0.095946118 55.320556641 -0.008076186 0.999600351 0.027095996 -47.754161835 -0.095760323 -0.027745465 0.995017648 525.721191406
0.995308399 0.005082554 0.096618824 55.619770050 -0.007720925 0.999606907 0.026952783 -47.929992676 -0.096443847 -0.027572319 0.994956434 528.022460938
0.995250165 0.003414430 0.097291850 55.923542023 -0.006191457 0.999581516 0.028255647 -48.105358124 -0.097154677 -0.028723817 0.994854748 530.339416504
0.995212376 0.001749356 0.097719982 56.244304657 -0.004504686 0.999598265 0.027982684 -48.281417847 -0.097631767 -0.028288908 0.994820595 532.666992188
0.995183945 0.001627573 0.098011613 56.557891846 -0.004336230 0.999614298 0.027429406 -48.459289551 -0.097929180 -0.027722305 0.994807124 534.979797363
0.995095849 0.001264233 0.098907471 56.868888855 -0.003985093 0.999618888 0.027316425 -48.639179230 -0.098835245 -0.027576616 0.994721651 537.299438477
0.995010018 0.001733513 0.099759839 57.177967072 -0.004421758 0.999632776 0.026732368 -48.817958832 -0.099676862 -0.027040090 0.994652390 539.608825684
0.994908273 0.002584915 0.100751147 57.487831116 -0.005260015 0.999640405 0.026294956 -48.997280121 -0.100646973 -0.026691025 0.994564056 541.926818848
0.994822919 0.003059785 0.101576872 57.812671661 -0.005647047 0.999666631 0.025193211 -49.173851013 -0.101465940 -0.025636395 0.994508624 544.250793457
0.994689345 0.003198200 0.102873169 58.115959167 -0.005881082 0.999650180 0.025786789 -49.359779358 -0.102754697 -0.026254846 0.994360268 546.575744629
0.994619071 0.003214127 0.103550121 58.437309265 -0.006007858 0.999625981 0.026678924 -49.541587830 -0.103425644 -0.027157480 0.994266391 548.894104004
0.994569540 0.003110597 0.104027793 58.759330750 -0.005940455 0.999620378 0.026904145 -49.721763611 -0.103904612 -0.027376018 0.994210422 551.200256348
0.994579673 0.002159731 0.103955083 59.090381622 -0.004894123 0.999648511 0.026055710 -49.899234772 -0.103862263 -0.026423246 0.994240582 553.505065918
0.994635642 0.001793644 0.103424728 59.431072235 -0.004562432 0.999637246 0.026540691 -50.080493927 -0.103339605 -0.026870191 0.994283140 555.819885254
0.994567573 0.001943297 0.104073688 59.752937317 -0.004754312 0.999630332 0.026768604 -50.256507874 -0.103983179 -0.027117986 0.994209230 558.127014160
0.994559169 0.002432620 0.104144685 60.087463379 -0.005346441 0.999601722 0.027708570 -50.433425903 -0.104035810 -0.028114621 0.994176030 560.460876465
0.994563639 0.001916959 0.104113065 60.424064636 -0.004923670 0.999577940 0.028629962 -50.615150452 -0.104014255 -0.028986938 0.994153321 562.792419434
0.994543254 0.002189643 0.104302265 60.759109497 -0.005257909 0.999561191 0.029151184 -50.787414551 -0.104192674 -0.029540529 0.994118333 565.111877441
0.994496882 0.003212291 0.104717113 61.097011566 -0.006257940 0.999566436 0.028768960 -50.969932556 -0.104579300 -0.029265957 0.994085848 567.440063477
0.994494379 0.004153521 0.104707219 61.442390442 -0.007041581 0.999604464 0.027227692 -51.140773773 -0.104552709 -0.027815092 0.994130313 569.764160156
0.994484842 0.004613657 0.104778782 61.791030884 -0.007544382 0.999590874 0.027591491 -51.322257996 -0.104608618 -0.028229808 0.994112730 572.084289551
0.994494259 0.004462824 0.104696117 62.125972748 -0.007507632 0.999559820 0.028706305 -51.508743286 -0.104521915 -0.029334277 0.994089782 574.456420898
0.994482040 0.004355548 0.104816638 62.464687347 -0.007532336 0.999523520 0.029931307 -51.688034058 -0.104636334 -0.030555662 0.994040966 576.769775391
0.994338930 0.005358426 0.106119432 62.776828766 -0.008419743 0.999560535 0.028420879 -51.866889954 -0.105920516 -0.029153485 0.993947089 579.154235840
0.994378924 0.004415960 0.105787270 63.118442535 -0.007393528 0.999586999 0.027771130 -52.032684326 -0.105620943 -0.028397169 0.994001031 581.493713379
0.994375169 0.003869534 0.105844416 63.457462311 -0.007055349 0.999532759 0.029741183 -52.221805573 -0.105679870 -0.030320663 0.993937850 583.799987793
0.994446576 0.004071855 0.105163433 63.798427582 -0.007248970 0.999528289 0.029846676 -52.394500732 -0.104992285 -0.030443253 0.994006991 586.117187500
0.994418085 0.000959605 0.105507262 64.146087646 -0.004026497 0.999575377 0.028858898 -52.578880310 -0.105434768 -0.029122638 0.993999660 588.469787598
0.994448423 0.000711896 0.105222993 64.491050720 -0.003762502 0.999578238 0.028796164 -52.750236511 -0.105158113 -0.029032206 0.994031608 590.817687988
0.994489908 -0.001147021 0.104825459 64.830436707 -0.001933543 0.999569297 0.029281203 -52.926124573 -0.104813896 -0.029322550 0.994059443 593.155273438
0.994539261 -0.002032519 0.104344338 65.178611755 -0.001059054 0.999562323 0.029564621 -53.102108002 -0.104358755 -0.029513679 0.994101703 595.512756348
