1.000000000 0.000000000 0.000000000 0.000000000 0.000000000 1.000000000 0.000000000 0.000000000 0.000000000 0.000000000 1.000000000 0.000000000
0.999999881 0.000133101 0.000472348 0.085909888 -0.000133033 1.000000000 -0.000143360 -0.225855246 -0.000472367 0.000143298 0.999999881 2.290055275
0.999999106 0.000503644 0.001219503 0.164500460 -0.000504099 0.999999821 0.000372834 -0.462989032 -0.001219315 -0.000373448 0.999999166 4.588815212
0.999998331 0.000185325 0.001821041 0.261706203 -0.000186376 0.999999821 0.000577106 -0.694609463 -0.001820934 -0.000577445 0.999998152 6.881217957
0.999996424 0.000203154 0.002656565 0.354976058 -0.000200179 0.999999285 -0.001119928 -0.926582277 -0.002656791 0.001119392 0.999995828 9.178138733
0.999986887 0.001974113 0.004723380 0.446415931 -0.001975138 0.999998033 0.000212233 -1.161623836 -0.004722953 -0.000221560 0.999988794 11.482578278
0.999963880 0.004093464 0.007447386 0.532381356 -0.004103806 0.999990761 0.001373793 -1.390256166 -0.007441693 -0.001404306 0.999971271 13.794076920
0.999943733 0.003928620 0.009848042 0.639882207 -0.003968366 0.999984086 0.004019734 -1.619462490 -0.009832093 -0.004058588 0.999943376 16.067216873
0.999940097 0.003701000 0.010300318 0.765653729 -0.003752092 0.999980688 0.004945349 -1.849880338 -0.010281818 -0.004983700 0.999934733 18.415422440
0.999931097 0.002907091 0.011378698 0.888290107 -0.002965972 0.999982297 0.005161173 -2.074868917 -0.011363493 -0.005194565 0.999921918 20.706190109
0.999927700 0.000385585 0.012019889 1.001075387 -0.000421510 0.999995470 0.002986427 -2.306110620 -0.012018684 -0.002991277 0.999923229 23.021179199
0.999912858 -0.001900089 0.013064544 1.106708765 0.001887018 0.999997735 0.001012788 -2.526702404 -0.013066437 -0.000988047 0.999914050 25.302049637
0.999916017 -0.002616856 0.012692914 1.249186993 0.002613406 0.999996483 0.000288341 -2.773892641 -0.012693625 -0.000255145 0.999919415 27.613143921
0.999906659 -0.002379223 0.013457232 1.359389901 0.002389960 0.999996841 -0.000781815 -2.999451399 -0.013455329 0.000813905 0.999909103 29.902072906
0.999895692 -0.000008361 0.014444297 1.474433661 -0.000018529 0.999998271 0.001861500 -3.231118202 -0.014444285 -0.001861574 0.999893963 32.181686401
0.999893725 0.002050656 0.014430525 1.605333090 -0.002107232 0.999990106 0.003906445 -3.450187922 -0.014422370 -0.003936438 0.999888241 34.462997437
0.999865949 0.004140518 0.015835617 1.718809962 -0.004273901 0.999955535 0.008398429 -3.686535597 -0.015800143 -0.008464983 0.999839365 36.767246246
0.999841571 0.005954203 0.016777711 1.832239151 -0.006086485 0.999950767 0.007844368 -3.903073072 -0.016730178 -0.007945241 0.999828517 39.040138245
0.999818504 0.005110422 0.018354710 1.942924738 -0.005228518 0.999965906 0.006391827 -4.109921455 -0.018321417 -0.006486635 0.999811232 41.336742401
0.999824643 0.002621521 0.018542711 2.067044258 -0.002723582 0.999981284 0.005480999 -4.335005760 -0.018527994 -0.005530540 0.999813139 43.614189148
0.999818146 0.003081898 0.018824486 2.197706699 -0.003159734 0.999986589 0.004106442 -4.554444790 -0.018811580 -0.004165174 0.999814391 45.849235535
0.999815166 0.002722139 0.019038731 2.321933746 -0.002787596 0.999990284 0.003412363 -4.786399841 -0.019029260 -0.003464804 0.999812901 48.122711182
0.999819696 0.000659719 0.018974686 2.459579229 -0.000731565 0.999992609 0.003779765 -5.015986443 -0.018972054 -0.003792965 0.999812841 50.404415131
0.999797106 -0.000162895 0.020143375 2.587346554 0.000075481 0.999990523 0.004340281 -5.241742134 -0.020143894 -0.004337879 0.999787688 52.672111511
0.999789417 -0.001334796 0.020480521 2.724782467 0.001247845 0.999990165 0.004257751 -5.468233109 -0.020486003 -0.004231297 0.999781191 54.957965851
0.999766052 -0.001170239 0.021598170 2.855088711 0.001072383 0.999989033 0.004541768 -5.696585655 -0.021603249 -0.004517544 0.999756396 57.258640289
0.999749482 -0.002695457 0.022216808 2.995517969 0.002580488 0.999983132 0.005201938 -5.921448231 -0.022230458 -0.005143304 0.999739647 59.529277802
0.999711871 -0.004319735 0.023610629 3.122555256 0.004212335 0.999980569 0.004596660 -6.143848896 -0.023630027 -0.004495880 0.999710679 61.799377441
0.999701083 -0.005090834 0.023917936 3.275221109 0.004987427 0.999977946 0.004381082 -6.365874767 -0.023939716 -0.004260483 0.999704421 64.053543091
0.999678135 -0.004799966 0.024912165 3.418137550 0.004677522 0.999976695 0.004970941 -6.587715149 -0.024935449 -0.004852814 0.999677300 66.319244385
0.999660552 -0.003855605 0.025763877 3.564047337 0.003720410 0.999979019 0.005293367 -6.812799454 -0.025783749 -0.005195719 0.999654055 68.579589844
0.999627829 -0.004064398 0.026973663 3.701921463 0.003934974 0.999980509 0.004849514 -7.034677982 -0.026992846 -0.004741568 0.999624372 70.834007263
0.999613583 -0.004766733 0.027385086 3.860658407 0.004669436 0.999982536 0.003615777 -7.258700371 -0.027401838 -0.003486507 0.999618411 73.088973999
0.999600232 -0.005642128 0.027703801 4.017738342 0.005533409 0.999976695 0.003999386 -7.485471249 -0.027725719 -0.003844491 0.999608099 75.374282837
0.999559581 -0.006823059 0.028881289 4.176998138 0.006731657 0.999972045 0.003260794 -7.713785172 -0.028902732 -0.003064939 0.999577522 77.640945435
0.999552608 -0.007678029 0.028907085 4.327425957 0.007588075 0.999966025 0.003220216 -7.945148468 -0.028930828 -0.002999426 0.999576926 79.902214050
0.999524593 -0.008111532 0.029744258 4.474470615 0.008035864 0.999964178 0.002662594 -8.159988403 -0.029764792 -0.002422307 0.999553978 82.157852173
0.999505281 -0.007511923 0.030538477 4.641027451 0.007427165 0.999968231 0.002887900 -8.392047882 -0.030559199 -0.002659658 0.999529421 84.438316345
0.999452472 -0.007269988 0.032277837 4.794506073 0.007162002 0.999968290 0.003459861 -8.611282349 -0.032301966 -0.003226792 0.999473035 86.692192078
0.999454677 -0.007140029 0.032242581 4.964145660 0.006990454 0.999964237 0.004749428 -8.844488144 -0.032275341 -0.004521448 0.999468803 88.979812622
0.999426126 -0.006056580 0.033324409 5.121097565 0.005877027 0.999967813 0.005483314 -9.071889877 -0.033356540 -0.005284319 0.999429524 91.237243652
0.999392450 -0.005993311 0.034333725 5.283594608 0.005809551 0.999968410 0.005449415 -9.292997360 -0.034365293 -0.005246642 0.999395549 93.489929199
0.999378085 -0.006100365 0.034731530 5.451777935 0.005939832 0.999971211 0.004723427 -9.507767677 -0.034759350 -0.004514189 0.999385536 95.745300293
0.999343991 -0.006410449 0.035643764 5.615319252 0.006231400 0.999967396 0.005132129 -9.729222298 -0.035675500 -0.004906652 0.999351501 98.003807068
0.999309301 -0.006150748 0.036647435 5.774359703 0.005981542 0.999970913 0.004725015 -9.959820747 -0.036675431 -0.004502544 0.999317110 100.245971680
0.999257386 -0.006230047 0.038022019 5.931056976 0.006013737 0.999965072 0.005800798 -10.175075531 -0.038056828 -0.005567835 0.999260008 102.476760864
0.999244690 -0.006719324 0.038273446 6.125752449 0.006510220 0.999963224 0.005585452 -10.402262688 -0.038309570 -0.005332065 0.999251664 104.759155273
0.999214768 -0.007446461 0.038915183 6.301153183 0.007208959 0.999954522 0.006239808 -10.617116928 -0.038959887 -0.005954370 0.999223053 106.996170044
0.999186039 -0.008785708 0.039371315 6.480437756 0.008542795 0.999943376 0.006333814 -10.832545280 -0.039424736 -0.005992318 0.999204576 109.251312256
0.999145627 -0.010060869 0.040084478 6.657492638 0.009769842 0.999924541 0.007449642 -11.058794975 -0.040156402 -0.007051657 0.999168515 111.506675720
0.999123335 -0.010606238 0.040497202 6.846404076 0.010375368 0.999928653 0.005906824 -11.277259827 -0.040556975 -0.005481472 0.999162197 113.771423340
0.999081731 -0.010867028 0.041441984 7.025404453 0.010662285 0.999929845 0.005158320 -11.496598244 -0.041495129 -0.004711717 0.999127567 116.020057678
0.999045968 -0.011170351 0.042217549 7.206801414 0.010947161 0.999924898 0.005514149 -11.722813606 -0.042275984 -0.005046725 0.999093175 118.271041870
0.998994350 -0.011392882 0.043364018 7.393610954 0.011119924 0.999916792 0.006530625 -11.949234962 -0.043434825 -0.006041854 0.999037981 120.541328430
0.998978972 -0.012257810 0.043480366 7.593845367 0.011964548 0.999903977 0.006998528 -12.172575951 -0.043561973 -0.006471161 0.999029696 122.753059387
0.998920977 -0.012969043 0.044594765 7.792124271 0.012694466 0.999898732 0.006434897 -12.396025658 -0.044673700 -0.005861847 0.998984456 125.071922302
0.998886585 -0.013536858 0.045192815 7.973527908 0.013289851 0.999895215 0.005761608 -12.619383812 -0.045266069 -0.005154586 0.998961687 127.337837219
0.998867631 -0.015130518 0.045105498 8.161039352 0.014871565 0.999870956 0.006071131 -12.835335732 -0.045191538 -0.005393467 0.998963773 129.599411011
0.998891532 -0.016300084 0.044159345 8.348635674 0.016040513 0.999851942 0.006226065 -13.048615456 -0.044254296 -0.005510826 0.999005020 131.846847534
0.998951793 -0.016583733 0.042666059 8.545814514 0.016282357 0.999840021 0.007401472 -13.265590668 -0.042781975 -0.006699009 0.999061942 134.083374023
0.999003053 -0.017479552 0.041077305 8.731763840 0.017196657 0.999825954 0.007230320 -13.488740921 -0.041196540 -0.006516719 0.999129832 136.336532593
0.999081910 -0.018405020 0.038685080 8.943256378 0.018160880 0.999812961 0.006652969 -13.699525833 -0.038800295 -0.005944306 0.999229312 138.561767578
0.999054253 -0.018931510 0.039142858 9.096342087 0.018665951 0.999800205 0.007138743 -13.927367210 -0.039270192 -0.006401353 0.999208272 140.861557007
0.999048591 -0.019330095 0.039093323 9.266574860 0.019072454 0.999793947 0.006952774 -14.131587982 -0.039219663 -0.006200554 0.999211431 143.095397949
0.999092281 -0.019346071 0.037952192 9.455233574 0.019027986 0.999780893 0.008724541 -14.364108086 -0.038112655 -0.007994469 0.999241412 145.352752686
0.999109983 -0.018335627 0.037987903 9.629007339 0.018060269 0.999808133 0.007579217 -14.576440811 -0.038119595 -0.006886398 0.999249458 147.612014771
0.999126554 -0.017295128 0.038037460 9.806035995 0.017078657 0.999836087 0.006008572 -14.791154861 -0.038135149 -0.005353697 0.999258220 149.859329224
0.999135435 -0.015884085 0.038418777 9.981065750 0.015701441 0.999863982 0.005051146 -15.009312630 -0.038493779 -0.004443549 0.999248922 152.107879639
0.999142826 -0.015132857 0.038533345 10.164108276 0.014948479 0.999875367 0.005068551 -15.224174500 -0.038605258 -0.004488191 0.999244452 154.353195190
0.999136269 -0.014379603 0.038985711 10.349483490 0.014182583 0.999885261 0.005325496 -15.439362526 -0.039057814 -0.004767978 0.999225557 156.613723755
0.999124885 -0.013073250 0.039730996 10.512624741 0.012813103 0.999894738 0.006795317 -15.662454605 -0.039815653 -0.006280292 0.999187291 158.863082886
0.999073029 -0.012352353 0.041236822 10.689888000 0.012048329 0.999898434 0.007613042 -15.877473831 -0.041326676 -0.007109150 0.999120295 161.097854614
0.999048352 -0.010956685 0.042215116 10.861881256 0.010558156 0.999897659 0.009651893 -16.101791382 -0.042316545 -0.009196993 0.999061942 163.393005371
0.999017775 -0.010638860 0.043017525 11.044802666 0.010277339 0.999909997 0.008616478 -16.301597595 -0.043105323 -0.008165909 0.999037266 165.655197144
0.998970032 -0.009957355 0.044268679 11.233894348 0.009638257 0.999926031 0.007415791 -16.514801025 -0.044339247 -0.006981480 0.998992085 167.886215210
0.998915255 -0.007871966 0.045894641 11.425849915 0.007535929 0.999943495 0.007490378 -16.733989716 -0.045951013 -0.007136394 0.998918176 170.155975342
0.998798430 -0.007214000 0.048473407 11.615682602 0.006864193 0.999949157 0.007379089 -16.945165634 -0.048524179 -0.007037491 0.998797238 172.413513184
0.998679399 -0.007472676 0.050831463 11.815338135 0.007118123 0.999949038 0.007152533 -17.161165237 -0.050882328 -0.006781261 0.998681605 174.682144165
0.998595774 -0.007278727 0.052474070 12.025188446 0.006878689 0.999945939 0.007800099 -17.379938126 -0.052528001 -0.007428192 0.998591840 176.933959961
0.998564720 -0.007861417 0.052978158 12.231212616 0.007422713 0.999936461 0.008472548 -17.589385986 -0.053041406 -0.008067145 0.998559713 179.163299561
0.998529613 -0.009604036 0.053351533 12.435732841 0.009185897 0.999925196 0.008077126 -17.811298370 -0.053425107 -0.007575167 0.998543262 181.438201904
0.998517215 -0.010489717 0.053418651 12.641290665 0.010100667 0.999920547 0.007547821 -18.020698547 -0.053493589 -0.006997066 0.998543680 183.684112549
0.998572826 -0.012303375 0.051970348 12.868770599 0.011920975 0.999899566 0.007661592 -18.249055862 -0.052059393 -0.007031121 0.998619258 185.931091309
0.998577058 -0.014009416 0.051455282 13.077444077 0.013584994 0.999870837 0.008588894 -18.465194702 -0.051568970 -0.007877653 0.998638391 188.172958374
0.998594284 -0.014950360 0.050852470 13.288332939 0.014566610 0.999862611 0.007908635 -18.673574448 -0.050963726 -0.007156769 0.998674870 190.414367676
0.998565435 -0.015961438 0.051110774 13.484758377 0.015565279 0.999845684 0.008139757 -18.901453018 -0.051232811 -0.007332527 0.998659790 192.656417847
0.998503089 -0.017013596 0.051981196 13.664527893 0.016621437 0.999830127 0.007967267 -19.112623215 -0.052107919 -0.007091340 0.998616278 194.895797729
0.998563528 -0.016671954 0.050921112 13.908056259 0.016280096 0.999834657 0.008100600 -19.340988159 -0.051047746 -0.007259962 0.998669803 197.148422241
0.998579204 -0.014658291 0.051231418 14.118402481 0.014275821 0.999867439 0.007823610 -19.552370071 -0.051339310 -0.007081121 0.998656094 199.382690430
0.998581469 -0.012416595 0.051777456 14.317380905 0.012019000 0.999895871 0.007983235 -19.779624939 -0.051871188 -0.007349596 0.998626709 201.661468506
0.998557806 -0.011872895 0.052356984 14.527225494 0.011511600 0.999907851 0.007196812 -19.994209290 -0.052437611 -0.006583720 0.998602509 203.926528931
0.998521566 -0.012122191 0.052989274 14.723636627 0.011716507 0.999899626 0.007959930 -20.203977585 -0.053080443 -0.007327311 0.998563409 206.149597168
0.998513043 -0.013610402 0.052786753 14.961935043 0.013196860 0.999879479 0.008174833 -20.432235718 -0.052891657 -0.007466058 0.998572350 208.418777466
0.998455167 -0.013375910 0.053929731 15.165903091 0.012948344 0.999881923 0.008269897 -20.635906219 -0.054033983 -0.007558819 0.998510540 210.661499023
0.998384655 -0.013319973 0.055233154 15.384964943 0.012794182 0.999869525 0.009862238 -20.869695663 -0.055357311 -0.009139643 0.998424768 212.908248901
0.998303950 -0.011876917 0.056993000 15.615826607 0.011315515 0.999884367 0.010162992 -21.080675125 -0.057107106 -0.009500849 0.998322904 215.144485474
0.998155653 -0.009679277 0.059929401 15.841063499 0.009103906 0.999909878 0.009866406 -21.286735535 -0.060019493 -0.009302621 0.998153806 217.445755005
0.998023331 -0.009787453 0.062077478 16.067087173 0.009171127 0.999905884 0.010205526 -21.496849060 -0.062171504 -0.009616030 0.998019159 219.691589355
0.997894883 -0.011275928 0.063864671 16.300125122 0.010611906 0.999886155 0.010727014 -21.703128815 -0.063978374 -0.010026709 0.997900903 221.930953979
0.997799158 -0.012592259 0.065100774 16.533809662 0.011872508 0.999864161 0.011431049 -21.907241821 -0.065235883 -0.010632984 0.997813225 224.166015625
0.997740507 -0.014749052 0.065546565 16.786157608 0.014069236 0.999842465 0.010821033 -22.119979858 -0.065695852 -0.009874390 0.997790933 226.406860352
0.997688174 -0.015887747 0.066074848 17.019659042 0.015231279 0.999829769 0.010427105 -22.320865631 -0.066229254 -0.009396596 0.997760177 228.661361694
0.997657657 -0.015952928 0.066518262 17.263935089 0.015276519 0.999826431 0.010665075 -22.529371262 -0.066676840 -0.009623927 0.997728229 230.906829834
0.997614145 -0.016959857 0.066920735 17.511054993 0.016355321 0.999820411 0.009571226 -22.736457825 -0.067071050 -0.008453881 0.997712374 233.161788940
0.997563779 -0.017807158 0.067449048 17.750331879 0.017138559 0.999798238 0.010478367 -22.938926697 -0.067622036 -0.009296860 0.997667611 235.400329590
0.997571647 -0.017301245 0.067464367 18.020721436 0.016593892 0.999801457 0.011031204 -23.153137207 -0.067641810 -0.009884922 0.997660697 237.673294067
0.997541428 -0.017142927 0.067950070 18.259765625 0.016450454 0.999807000 0.010737450 -23.353441238 -0.068121038 -0.009593243 0.997630894 239.906951904
0.997508585 -0.017187947 0.068419166 18.504707336 0.016479034 0.999804795 0.010912291 -23.561357498 -0.068593390 -0.009757623 0.997596979 242.141921997
0.997462869 -0.017507099 0.069002368 18.747264862 0.016790468 0.999799073 0.010952018 -23.763561249 -0.069180250 -0.009765648 0.997556329 244.387344360
0.997425795 -0.017772878 0.069468729 18.992435455 0.017106837 0.999802053 0.010170840 -23.975551605 -0.069635719 -0.008956269 0.997532308 246.621200562
0.997448862 -0.017388443 0.069234490 19.250894547 0.016760660 0.999813080 0.009638102 -24.189151764 -0.069389142 -0.008453100 0.997553825 248.862411499
0.997426271 -0.017622098 0.069500551 19.500278473 0.016959310 0.999805033 0.010115042 -24.398643494 -0.069665261 -0.008910327 0.997530639 251.107421875
0.997400880 -0.019104296 0.069472194 19.752361298 0.018438488 0.999777794 0.010212579 -24.611028671 -0.069651857 -0.008905071 0.997531593 253.338714600
0.997396529 -0.018946705 0.069578461 20.011554718 0.018240543 0.999775589 0.010770514 -24.818485260 -0.069766931 -0.009473326 0.997518361 255.598281860
0.997344732 -0.019695260 0.070111059 20.246850967 0.018962132 0.999758482 0.011107004 -25.028364182 -0.070312895 -0.009748056 0.997477353 257.820587158
0.997323513 -0.020199811 0.070268556 20.505775452 0.019409761 0.999740720 0.011908061 -25.247791290 -0.070490874 -0.010512293 0.997457027 260.079010010
0.997285843 -0.019793849 0.070916623 20.756641388 0.019033300 0.999754012 0.011384372 -25.451877594 -0.071124509 -0.010003694 0.997417390 262.318817139
0.997259557 -0.019759409 0.071293958 21.013196945 0.019037368 0.999760449 0.010793095 -25.655694962 -0.071490161 -0.009406268 0.997396886 264.577789307
0.997229397 -0.019083844 0.071898341 21.268236160 0.018375061 0.999775946 0.010506744 -25.868139267 -0.072082758 -0.009156500 0.997356653 266.816192627
0.997161686 -0.018370014 0.073015086 21.522787094 0.017652424 0.999789417 0.010461211 -26.071033478 -0.073191874 -0.009142625 0.997275949 269.065856934
0.997065604 -0.017996332 0.074406676 21.780239105 0.017288789 0.999799073 0.010142373 -26.286787033 -0.074574254 -0.008826210 0.997176409 271.320831299
0.996986389 -0.018911276 0.075235389 22.046751022 0.018155089 0.999777734 0.010722273 -26.500265121 -0.075421453 -0.009324057 0.997108161 273.564666748
0.996774554 -0.019543931 0.077836379 22.291507721 0.018719610 0.999760866 0.011306088 -26.703996658 -0.078038730 -0.009812555 0.996902049 275.817443848
0.996672153 -0.019525599 0.079141162 22.565565109 0.018582888 0.999747574 0.012630850 -26.902835846 -0.079367802 -0.011118147 0.996783435 278.058959961
0.996602833 -0.018938337 0.080150262 22.847740173 0.017875254 0.999742746 0.013960459 -27.117757797 -0.080394022 -0.012480327 0.996685028 280.314697266
0.996544063 -0.018594773 0.080958977 23.131641388 0.017440015 0.999736190 0.014947419 -27.322093964 -0.081215575 -0.013483836 0.996605337 282.552581787
0.996466160 -0.017790278 0.082089014 23.407224655 0.016623003 0.999751091 0.014881245 -27.516796112 -0.082333334 -0.013464092 0.996513844 284.812103271
0.996376812 -0.016888747 0.083355740 23.676715851 0.015751742 0.999773920 0.014279323 -27.711778641 -0.083578058 -0.012914586 0.996417582 287.042877197
0.996405244 -0.016491460 0.083093517 23.965625763 0.015461997 0.999795735 0.013017552 -27.900695801 -0.083291225 -0.011685965 0.996456683 289.295654297
0.996343732 -0.017330414 0.083658881 24.234682083 0.016264159 0.999777853 0.013410070 -28.108003616 -0.083872691 -0.012000398 0.996404231 291.523071289
0.996321380 -0.016785029 0.084035479 24.506513596 0.015846688 0.999804556 0.011820665 -28.300477982 -0.084217466 -0.010445495 0.996392667 293.803161621
0.996323764 -0.017193906 0.083924614 24.784797668 0.016314300 0.999804676 0.011155484 -28.504358292 -0.084100030 -0.009745303 0.996409655 296.033935547
0.996303678 -0.017282009 0.084144384 25.060243607 0.016393401 0.999802411 0.011240080 -28.713441849 -0.084322028 -0.009819123 0.996390164 298.273468018
0.996301234 -0.016776061 0.084276170 25.338272095 0.015854398 0.999807060 0.011593722 -28.914596558 -0.084454402 -0.010214692 0.996374905 300.514923096
0.996293068 -0.016566103 0.084412865 25.613206863 0.015584575 0.999803245 0.012273459 -29.121383667 -0.084599584 -0.010912424 0.996355295 302.755218506
0.996285617 -0.016718030 0.084472939 25.896556854 0.015718954 0.999798596 0.012478486 -29.326995850 -0.084664546 -0.011104309 0.996347547 305.011169434
0.996259272 -0.016575083 0.084810086 26.179317474 0.015540666 0.999796748 0.012842553 -29.531864166 -0.085005738 -0.011476507 0.996314287 307.259582520
0.996249735 -0.017374685 0.084762082 26.457693100 0.016348917 0.999784648 0.012780911 -29.743583679 -0.084965892 -0.011347213 0.996319234 309.516754150
0.996205986 -0.018497134 0.085039869 26.738569260 0.017426463 0.999759495 0.013315435 -29.945554733 -0.085265718 -0.011782971 0.996288598 311.777526855
0.996171176 -0.018253433 0.085496597 27.017921448 0.017242488 0.999772608 0.012548014 -30.146640778 -0.085706189 -0.011025798 0.996259391 314.021697998
0.996188462 -0.018053086 0.085337423 27.307510376 0.016976146 0.999767065 0.013328751 -30.353305817 -0.085558154 -0.011829250 0.996262908 316.273162842
0.996160686 -0.017045073 0.085868336 27.590845108 0.016040489 0.999794900 0.012375599 -30.556171417 -0.086061671 -0.010950718 0.996229649 318.522399902
0.996131301 -0.015134873 0.086564474 27.862106323 0.014052559 0.999815464 0.013098760 -30.761871338 -0.086746760 -0.011831630 0.996160150 320.754394531
0.996075988 -0.013722337 0.087431982 28.138599396 0.012644640 0.999837160 0.012868084 -30.968799591 -0.087594338 -0.011712041 0.996087372 322.991241455
0.996023774 -0.013080103 0.088121906 28.416017532 0.011945478 0.999838948 0.013390741 -31.167867661 -0.088282853 -0.012284840 0.996019661 325.233367920
0.996027172 -0.012374279 0.088187061 28.708368301 0.011106459 0.999827981 0.014852741 -31.379116058 -0.088355683 -0.013814286 0.995993197 327.464050293
0.995994687 -0.012862618 0.088482298 28.986633301 0.011608059 0.999824822 0.014678659 -31.584350586 -0.088655628 -0.013592758 0.995969534 329.710876465
0.995979786 -0.014308915 0.088429585 29.277862549 0.013133152 0.999817789 0.013863618 -31.783912659 -0.088611841 -0.012646524 0.995985925 331.948242188
0.995982409 -0.013884243 0.088465244 29.560861588 0.012718278 0.999824822 0.013729989 -31.985977173 -0.088640362 -0.012549700 0.995984614 334.166381836
0.995949566 -0.014067296 0.088806048 29.842578888 0.012791231 0.999806821 0.014921925 -32.185901642 -0.088998809 -0.013725548 0.995937169 336.399963379
0.996017516 -0.014549897 0.087962359 30.144155502 0.013289780 0.999800742 0.014894374 -32.383289337 -0.088161543 -0.013666059 0.996012449 338.637115479
0.996007144 -0.014333900 0.088115379 30.421968460 0.013031251 0.999797523 0.015340968 -32.588634491 -0.088317409 -0.014131462 0.995992124 340.879974365
0.996049464 -0.014520272 0.087604970 30.716295242 0.013247325 0.999798298 0.015094486 -32.790596008 -0.087806493 -0.013874323 0.996040940 343.124572754
0.996065199 -0.015106988 0.087326549 31.001188278 0.013790428 0.999782264 0.015660001 -32.987060547 -0.087544121 -0.014394112 0.996056557 345.374511719
0.996125817 -0.014814721 0.086682320 31.290397644 0.013506462 0.999786139 0.015659677 -33.181247711 -0.086895779 -0.014428237 0.996112943 347.615539551
0.996179461 -0.014755270 0.086073518 31.573251724 0.013454761 0.999786615 0.015669944 -33.378383636 -0.086286381 -0.014451977 0.996165574 349.853271484
0.996183157 -0.014193647 0.086125121 31.850028992 0.012847617 0.999786973 0.016162980 -33.578960419 -0.086336166 -0.014994788 0.996153235 352.092529297
0.996207595 -0.014577896 0.085778356 32.126842499 0.013215453 0.999777675 0.016429782 -33.770011902 -0.085998803 -0.015233877 0.996178687 354.320861816
0.996230721 -0.014413093 0.085537158 32.404445648 0.013092390 0.999786496 0.015981058 -33.966449738 -0.085749231 -0.014800933 0.996206939 356.556213379
0.996294737 -0.014661249 0.084744923 32.691650391 0.013317097 0.999776721 0.016404765 -34.161617279 -0.084966496 -0.015215428 0.996267617 358.790069580
0.996348619 -0.014347608 0.084165640 32.976924896 0.012946227 0.999768853 0.017172525 -34.357780457 -0.084392555 -0.016020194 0.996303797 361.032653809
0.996393681 -0.014554334 0.083592452 33.260311127 0.013155685 0.999764502 0.017258329 -34.555240631 -0.083823949 -0.016096378 0.996350527 363.275390625
0.996450365 -0.014429800 0.082937643 33.544204712 0.013003024 0.999758482 0.017717503 -34.747467041 -0.083173253 -0.016576173 0.996397197 365.514801025
0.996495783 -0.014362817 0.082399853 33.824089050 0.013001793 0.999770582 0.017030176 -34.942466736 -0.082625538 -0.015899153 0.996453762 367.775756836
0.996513784 -0.014965672 0.082074672 34.100059509 0.013627009 0.999765158 0.016846342 -35.137157440 -0.082307510 -0.015669178 0.996483743 370.028350830
0.996522188 -0.015012476 0.081964225 34.371234894 0.013759917 0.999780059 0.015825348 -35.326377869 -0.082183771 -0.014642490 0.996509612 372.290588379
0.996569276 -0.014878505 0.081414066 34.647720337 0.013610641 0.999777675 0.016105950 -35.528755188 -0.081635587 -0.014942598 0.996550202 374.520965576
0.996655881 -0.014805648 0.080360226 34.931507111 0.013478134 0.999764025 0.017036937 -35.724689484 -0.080593511 -0.015896859 0.996620238 376.766937256
0.996590614 -0.014554459 0.081210345 35.195205688 0.013196760 0.999764442 0.017230103 -35.918121338 -0.081441998 -0.016099647 0.996548057 379.036682129
0.996582627 -0.015060893 0.081217140 35.469123840 0.013675379 0.999751806 0.017588748 -36.117904663 -0.081461899 -0.016417965 0.996541202 381.286926270
0.996613026 -0.015073635 0.080840938 35.750679016 0.013700747 0.999752820 0.017510487 -36.304672241 -0.081084885 -0.016343603 0.996573210 383.546691895
0.996617794 -0.014174327 0.080944709 36.027317047 0.012783161 0.999761999 0.017679051 -36.499977112 -0.081176035 -0.016584527 0.996561766 385.799346924
0.996634901 -0.012934959 0.080941215 36.303833008 0.011523774 0.999773800 0.017877612 -36.689449310 -0.081154138 -0.016884703 0.996558547 388.069335938
0.996656358 -0.011864811 0.080841325 36.582588196 0.010463397 0.999787927 0.017737018 -36.889213562 -0.081034623 -0.016831839 0.996569097 390.343872070
0.996642172 -0.010831087 0.081160709 36.850978851 0.009422073 0.999798536 0.017723717 -37.085399628 -0.081336327 -0.016899500 0.996543407 392.622406006
0.996661723 -0.009417235 0.081096515 37.126796722 0.007888180 0.999785364 0.019154554 -37.277572632 -0.081259504 -0.018450907 0.996522188 394.883544922
0.996604979 -0.008318325 0.081910290 37.390949249 0.006744296 0.999787629 0.019474456 -37.470233917 -0.082054891 -0.018855914 0.996449411 397.149810791
0.996545255 -0.007917461 0.082672678 37.663745880 0.006448369 0.999816775 0.018021895 -37.670330048 -0.082800224 -0.017426534 0.996413767 399.418060303
0.996500015 -0.007746784 0.083232954 37.935836792 0.006306141 0.999825954 0.017557554 -37.865859985 -0.083354495 -0.016971223 0.996375442 401.682708740
0.996374071 -0.008721041 0.084632926 38.200584412 0.007188616 0.999804914 0.018394617 -38.053707123 -0.084776834 -0.017719526 0.996242344 403.930847168
0.996389389 -0.010363569 0.084265567 38.483940125 0.008743322 0.999770164 0.019574208 -38.250133514 -0.084449068 -0.018766778 0.996251047 406.213287354
0.996332467 -0.010836660 0.084877104 38.758003235 0.009212028 0.999767184 0.019509288 -38.440135956 -0.085068762 -0.018655846 0.996200383 408.467681885
0.996292055 -0.009887533 0.085465424 39.051578522 0.008323467 0.999791801 0.018637564 -38.625789642 -0.085631900 -0.017857093 0.996166825 410.730743408
0.996247172 -0.009001667 0.086084753 39.336940765 0.007405778 0.999795020 0.018839991 -38.821750641 -0.086236693 -0.018131763 0.996109605 412.989685059
0.996186912 -0.007984327 0.086877637 39.616565704 0.006394833 0.999807298 0.018558724 -39.014606476 -0.087009087 -0.017932393 0.996046126 415.242004395
0.996095061 -0.006680557 0.088033862 39.902454376 0.005076171 0.999817133 0.018435929 -39.202724457 -0.088140927 -0.017917063 0.995946884 417.517517090
0.996060252 -0.007107208 0.088393882 40.198173523 0.005502486 0.999815822 0.018384675 -39.398475647 -0.088508286 -0.017825857 0.995915949 419.776550293
0.995967448 -0.007118156 0.089431770 40.481422424 0.005497594 0.999816418 0.018353937 -39.587707520 -0.089546010 -0.017788270 0.995823801 422.034362793
0.995885074 -0.006783625 0.090370722 40.763584137 0.005181988 0.999825537 0.017945802 -39.779922485 -0.090476707 -0.017403658 0.995746493 424.294311523
0.995824397 -0.007419696 0.090987302 41.058956146 0.005701148 0.999800801 0.019133158 -39.975452423 -0.091111138 -0.018534534 0.995668173 426.574279785
0.995773375 -0.006509324 0.091612652 41.349330902 0.004720350 0.999794185 0.019730715 -40.164333344 -0.091722228 -0.019214882 0.995599210 428.834259033
0.995691240 -0.005638807 0.092558727 41.645416260 0.003761494 0.999783933 0.020444339 -40.353885651 -0.092654012 -0.020008089 0.995497286 431.111206055
0.995709062 -0.006196024 0.092331335 41.950531006 0.004311991 0.999778688 0.020590667 -40.548400879 -0.092438474 -0.020104181 0.995515406 433.395385742
0.995676219 -0.007111409 0.092619300 42.252681732 0.005269757 0.999783814 0.020113535 -40.747486115 -0.092742309 -0.019538488 0.995498419 435.665374756
0.995692253 -0.006252221 0.092508554 42.559890747 0.004414835 0.999789119 0.020053143 -40.923164368 -0.092614427 -0.019558346 0.995509923 437.933807373
0.995643258 -0.006689718 0.093003705 42.859809875 0.004790449 0.999775648 0.020629730 -41.118515015 -0.093120858 -0.020094326 0.995452046 440.221466064
0.995676756 -0.006755526 0.092640460 43.165786743 0.004861164 0.999774754 0.020658966 -41.303699493 -0.092759147 -0.020119309 0.995485306 442.497436523
0.995666921 -0.006309811 0.092776656 43.478782654 0.004305742 0.999753356 0.021785337 -41.507591248 -0.092891254 -0.021291463 0.995448589 444.797454834
0.995626211 -0.006731829 0.093183011 43.779953003 0.004716348 0.999750435 0.021832617 -41.691917419 -0.093306750 -0.021297641 0.995409608 447.077545166
0.995595634 -0.006413699 0.093531519 44.075931549 0.004433883 0.999761999 0.021359827 -41.881225586 -0.093646258 -0.020851042 0.995387197 449.346130371
0.995616257 -0.005861594 0.093348406 44.381233215 0.003911649 0.999770582 0.021058178 -42.071483612 -0.093450427 -0.020600718 0.995410800 451.612030029
0.995550096 -0.005101457 0.094094992 44.675964355 0.003148214 0.999776721 0.020894980 -42.267208099 -0.094180569 -0.020505771 0.995344043 453.878540039
0.995469034 -0.004392989 0.094983786 44.971759796 0.002417578 0.999778569 0.020902429 -42.447059631 -0.095054567 -0.020578088 0.995259345 456.160827637
0.995442808 -0.004665937 0.095245630 45.266334534 0.002704030 0.999781728 0.020717083 -42.643428802 -0.095321491 -0.020365123 0.995238125 458.425506592
0.995473385 -0.003803354 0.094964631 45.581386566 0.001906022 0.999796927 0.020062076 -42.835113525 -0.095021635 -0.019790258 0.995278478 460.712493896
0.995453298 -0.002665569 0.095212840 45.884590149 0.000702361 0.999786615 0.020646719 -43.026451111 -0.095247544 -0.020485971 0.995242774 462.997161865
0.995451272 -0.002378483 0.095243573 46.185390472 0.000288099 0.999758899 0.021955498 -43.214408875 -0.095272847 -0.021828191 0.995211840 465.271881104
0.995490789 -0.002537680 0.094823092 46.482395172 0.000436768 0.999754071 0.022170311 -43.396553040 -0.094856024 -0.022028927 0.995247245 467.537292480
0.995614767 -0.002667502 0.093510136 46.796802521 0.000711574 0.999780416 0.020943865 -43.581642151 -0.093545452 -0.020785479 0.995398045 469.824707031
0.995684147 -0.002589941 0.092771634 47.108306885 0.000667304 0.999784589 0.020749440 -43.777996063 -0.092805393 -0.020597978 0.995471179 472.127197266
0.995768428 -0.003193693 0.091842577 47.411731720 0.001205645 0.999763966 0.021693604 -43.972579956 -0.091890186 -0.021491079 0.995537162 474.407165527
0.995737553 -0.003368977 0.092171080 47.698322296 0.001354314 0.999759078 0.021911686 -44.161026001 -0.092222683 -0.021693461 0.995502114 476.690307617
0.995827734 -0.002901094 0.091206633 47.993175507 0.000962056 0.999772847 0.021296607 -44.331665039 -0.091247693 -0.021120010 0.995604217 478.975555420
0.995843410 -0.003162549 0.091026768 48.288604736 0.001174669 0.999759853 0.021883694 -44.518981934 -0.091074117 -0.021685809 0.995607913 481.257415771
0.995899677 -0.003671389 0.090389796 48.593265533 0.001657688 0.999749005 0.022342967 -44.704792023 -0.090449132 -0.022101516 0.995655775 483.531616211
0.995903671 -0.004169453 0.090323366 48.880252838 0.002240518 0.999767482 0.021446757 -44.888420105 -0.090391777 -0.021156533 0.995681584 485.818786621
0.995983243 -0.005603414 0.089364253 49.180526733 0.003612179 0.999741912 0.022428406 -45.090950012 -0.089466877 -0.022015519 0.995746374 488.131469727
0.996050537 -0.006002675 0.088584915 49.476623535 0.004026853 0.999739468 0.022466155 -45.271987915 -0.088696711 -0.022020707 0.995815158 490.413848877
0.995999694 -0.006013383 0.089154191 49.731090546 0.003971741 0.999726117 0.023059867 -45.470230103 -0.089268446 -0.022613525 0.995750844 492.686218262
0.996064246 -0.005352921 0.088472396 50.032077789 0.003294811 0.999720871 0.023392431 -45.652801514 -0.088572927 -0.023008863 0.995803893 494.978179932
0.996057928 -0.004866588 0.088571772 50.311298370 0.002827568 0.999728382 0.023132028 -45.836494446 -0.088660285 -0.022790398 0.995801091 497.276702881
0.996087193 -0.004639214 0.088255197 50.613727570 0.002636004 0.999736547 0.022800948 -46.030460358 -0.088337719 -0.022479087 0.995836854 499.596038818
0.996117353 -0.004668263 0.087911546 50.900054932 0.002606979 0.999719322 0.023547484 -46.213428497 -0.087996781 -0.023226876 0.995849907 501.892395020
0.996132851 -0.004351075 0.087752312 51.184661865 0.002266231 0.999713063 0.023843924 -46.400131226 -0.087830879 -0.023552846 0.995856941 504.168975830
0.996154785 -0.003284863 0.087550327 51.473217010 0.001262763 0.999731421 0.023141818 -46.586704254 -0.087602839 -0.022942271 0.995891273 506.455596924
0.996153295 -0.002783525 0.087583780 51.758064270 0.000714142 0.999720037 0.023649925 -46.772830963 -0.087625094 -0.023496402 0.995876372 508.750640869
0.996204734 -0.003526954 0.086969495 52.057640076 0.001548717 0.999738753 0.022803329 -46.961135864 -0.087027214 -0.022582091 0.995949984 511.042510986
0.996241987 -0.004142966 0.086513892 52.353286743 0.002102957 0.999717891 0.023657976 -47.150302887 -0.086587511 -0.023387134 0.995969713 513.345336914
0.996266067 -0.004020286 0.086242661 52.644355774 0.001966004 0.999712646 0.023891503 -47.334106445 -0.086313948 -0.023632735 0.995987654 515.647399902
0.996281207 -0.003220802 0.086100407 52.929077148 0.001176838 0.999716520 0.023779519 -47.519042969 -0.086152583 -0.023589762 0.996002614 517.951660156
0.996260941 -0.002351888 0.086363018 53.206645966 0.000328117 0.999725223 0.023440018 -47.705070496 -0.086394414 -0.023324041 0.995987892 520.248107910
0.996207058 -0.000769863 0.087010659 53.487297058 -0.001282846 0.999722123 0.023533080 -47.890346527 -0.087004632 -0.023555441 0.995929301 522.591552734
0.996047795 0.001431116 0.088807486 53.759319305 -0.003540740 0.999715090 0.023602039 -48.071792603 -0.088748418 -0.023823200 0.995769143 524.915893555
0.996093690 0.002456331 0.088268705 54.069595337 -0.004659466 0.999682605 0.024762046 -48.252334595 -0.088179871 -0.025076602 0.995788872 527.250305176
0.996019363 0.002186606 0.089109622 54.351463318 -0.004425431 0.999679387 0.024934581 -48.436744690 -0.089026511 -0.025229676 0.995709598 529.554016113
0.995975196 0.000269949 0.089629933 54.638965607 -0.002630606 0.999652743 0.026220748 -48.614658356 -0.089591727 -0.026350990 0.995629907 531.867553711
0.995945513 -0.001336137 0.089947715 54.942718506 -0.000996819 0.999664366 0.025886880 -48.792427063 -0.089952126 -0.025871586 0.995609999 534.190673828
0.995915353 -0.001227296 0.090283304 55.239120483 -0.001050550 0.999682546 0.025178140 -48.970100403 -0.090285517 -0.025170147 0.995597780 536.506042480
0.995817423 -0.001467988 0.091353536 55.530414581 -0.000818201 0.999687552 0.024983259 -49.152511597 -0.091361664 -0.024953511 0.995505095 538.825500488
0.995759547 -0.001025309 0.091988206 55.828506470 -0.001216771 0.999703586 0.024314176 -49.337654114 -0.091985874 -0.024322996 0.995463192 541.143981934
0.995679438 -0.000204715 0.092856020 56.126571655 -0.002029241 0.999710739 0.023963213 -49.523571014 -0.092834085 -0.024048109 0.995391071 543.471496582
0.995618105 0.000197582 0.093512416 56.434688568 -0.002356550 0.999733210 0.022977641 -49.706886292 -0.093482912 -0.023097321 0.995353043 545.797363281
0.995513380 0.000277655 0.094620578 56.727066040 -0.002510168 0.999721229 0.023476169 -49.894100189 -0.094587669 -0.023608349 0.995236576 548.122985840
0.995467424 0.000158588 0.095103063 57.033260345 -0.002461359 0.999706626 0.024096606 -50.080608368 -0.095071353 -0.024221471 0.995175719 550.447448730
0.995404780 0.000497154 0.095754638 57.330139160 -0.002786221 0.999713480 0.023773329 -50.259700775 -0.095715381 -0.023930883 0.995121002 552.752929688
0.995438814 -0.001521935 0.095389806 57.652770996 -0.000706536 0.999727666 0.023323596 -50.455432892 -0.095399335 -0.023284608 0.995166659 555.075500488
0.995482564 -0.001777932 0.094929256 57.974533081 -0.000495320 0.999713778 0.023917871 -50.643066406 -0.094944626 -0.023856841 0.995196640 557.399658203
0.995418668 -0.001399900 0.095601790 58.276470184 -0.000924377 0.999705195 0.024263451 -50.825256348 -0.095607556 -0.024240669 0.995123923 559.706054688
0.995394528 -0.000688748 0.095860861 58.589057922 -0.001738824 0.999679983 0.025238069 -51.008033752 -0.095847569 -0.025288519 0.995074749 562.041137695
0.995387316 -0.001302264 0.095929429 58.906848907 -0.001170730 0.999668539 0.025718514 -51.190017700 -0.095931105 -0.025712186 0.995055854 564.375000000
0.995344937 -0.000423129 0.096375845 59.220222473 -0.002150194 0.999643922 0.026595492 -51.371170044 -0.096352786 -0.026678905 0.994989753 566.691589355
0.995302737 0.000621086 0.096809454 59.535835266 -0.003155554 0.999656200 0.026029058 -51.555828094 -0.096760005 -0.026212282 0.994962513 569.012573242
0.995313942 0.001581462 0.096683450 59.864982605 -0.003950964 0.999696374 0.024321299 -51.730346680 -0.096615642 -0.024589321 0.995018005 571.349853516
0.995280683 0.002220253 0.097012833 60.187145233 -0.004617517 0.999689221 0.024493283 -51.914192200 -0.096928306 -0.024825653 0.994981766 573.669189453
0.995297730 0.001649780 0.096848615 60.513053894 -0.004139890 0.999665856 0.025516050 -52.104812622 -0.096774161 -0.025797009 0.994971931 576.051208496
0.995316744 0.001698722 0.096652262 60.840175629 -0.004321710 0.999627829 0.026935535 -52.293788910 -0.096570544 -0.027227094 0.994953632 578.363769531
0.995224893 0.002184040 0.097584121 61.145801544 -0.004649553 0.999675512 0.025045259 -52.475135803 -0.097497776 -0.025379390 0.994912028 580.749511719
0.995289505 0.001528664 0.096935764 61.471759796 -0.003950026 0.999684870 0.024792057 -52.653278351 -0.096867315 -0.025058171 0.994981825 583.091369629
0.995250821 0.000843869 0.097339705 61.792583466 -0.003420218 0.999648154 0.026303781 -52.846035004 -0.097283281 -0.026511785 0.994903564 585.416748047
0.995317698 0.001018508 0.096651927 62.114940643 -0.003591967 0.999643505 0.026455792 -53.025970459 -0.096590526 -0.026679089 0.994966567 587.733093262
0.995259464 -0.001571936 0.097243913 62.439716339 -0.000867876 0.999686003 0.025042230 -53.211822510 -0.097252741 -0.025007907 0.994945407 590.098388672
0.995283246 -0.001737549 0.096995965 62.764759064 -0.000671558 0.999692202 0.024799023 -53.388988495 -0.097009197 -0.024747187 0.994975746 592.448242188
0.995276868 -0.003437340 0.097016312 63.080089569 0.000972891 0.999675870 0.025438305 -53.576515198 -0.097072288 -0.025223775 0.994957566 594.790832520
0.995313525 -0.004025584 0.096616879 63.407615662 0.001568921 0.999673843 0.025489364 -53.757957458 -0.096687980 -0.025218328 0.994995236 597.146423340
