1.000000000 0.000000000 0.000000000 0.000000000 0.000000000 1.000000000 0.000000000 0.000000000 0.000000000 0.000000000 1.000000000 0.000000000
0.999999940 0.000045064 0.000385050 0.087233491 -0.000045025 0.999999940 -0.000103034 -0.227072373 -0.000385055 0.000103017 0.999999940 2.286188364
0.999999404 0.000487201 0.001100455 0.166600794 -0.000487724 0.999999881 0.000475122 -0.464912862 -0.001100224 -0.000475658 0.999999285 4.579348087
0.999998569 0.000136836 0.001688378 0.263143212 -0.000137820 0.999999821 0.000582808 -0.695422232 -0.001688297 -0.000583039 0.999998391 6.865455151
0.999997079 -0.000019672 0.002428815 0.358653933 0.000022539 0.999999285 -0.001180417 -0.926398456 -0.002428791 0.001180469 0.999996305 9.158228874
0.999987721 0.001805652 0.004628834 0.448286474 -0.001806539 0.999998331 0.000187372 -1.162075639 -0.004628489 -0.000195732 0.999989271 11.465572357
0.999973595 0.003470473 0.006382581 0.559907258 -0.003480534 0.999992728 0.001565831 -1.399711490 -0.006377101 -0.001588005 0.999978423 13.744152069
0.999956131 0.003323430 0.008754641 0.665244281 -0.003360327 0.999985576 0.004203288 -1.628478765 -0.008740544 -0.004232523 0.999952912 16.015434265
0.999954283 0.003548681 0.008873677 0.776959896 -0.003599698 0.999977052 0.005739975 -1.862511635 -0.008853102 -0.005771655 0.999944150 18.303514481
0.999930382 0.002713889 0.011478584 0.869436443 -0.002781063 0.999979079 0.005840230 -2.084241629 -0.011462494 -0.005871746 0.999917030 20.602308273
0.999939203 -0.000191683 0.011018747 1.000034809 0.000154442 0.999994397 0.003380553 -2.311241150 -0.011019331 -0.003378646 0.999933600 22.902917862
0.999923468 -0.002366591 0.012146843 1.102157354 0.002350055 0.999996305 0.001375361 -2.529799700 -0.012150054 -0.001346710 0.999925315 25.181066513
0.999927163 -0.003010553 0.011689427 1.242421746 0.003001719 0.999995172 0.000773107 -2.776977301 -0.011691700 -0.000737963 0.999931335 27.486543655
0.999909401 -0.002645635 0.013202188 1.339264154 0.002647832 0.999996483 -0.000148975 -3.001674414 -0.013201747 0.000183919 0.999912798 29.771726608
0.999906182 -0.000456220 0.013683695 1.461935520 0.000424455 0.999997199 0.002324236 -3.226818323 -0.013684716 -0.002318210 0.999903619 32.030075073
0.999909341 0.001494170 0.013373214 1.593840957 -0.001553880 0.999988914 0.004455611 -3.445833206 -0.013366408 -0.004475987 0.999900639 34.311122894
0.999876142 0.003635438 0.015312183 1.703952074 -0.003765163 0.999957144 0.008451747 -3.675319195 -0.015280805 -0.008508352 0.999847054 36.621372223
0.999855816 0.005518727 0.016053317 1.818789959 -0.005649898 0.999950945 0.008137105 -3.893444300 -0.016007625 -0.008226631 0.999837995 38.892890930
0.999823987 0.004569706 0.018196747 1.922722101 -0.004688129 0.999968052 0.006470588 -4.098038197 -0.018166596 -0.006554758 0.999813497 41.217269897
0.999827623 0.002142662 0.018445624 2.046930790 -0.002240057 0.999983668 0.005261078 -4.320647717 -0.018434051 -0.005301489 0.999816060 43.492843628
0.999829471 0.002126908 0.018343456 2.177416563 -0.002203682 0.999988854 0.004166086 -4.544318676 -0.018334394 -0.004205798 0.999823213 45.748897552
0.999828815 0.001611019 0.018432509 2.301908016 -0.001668851 0.999993682 0.003122532 -4.772147179 -0.018427363 -0.003152758 0.999825239 48.022075653
0.999828339 -0.000029351 0.018526973 2.436623096 -0.000034764 0.999994040 0.003460307 -4.999586582 -0.018526964 -0.003460356 0.999822378 50.301746368
0.999810278 -0.000351643 0.019475494 2.565370560 0.000275414 0.999992311 0.003916635 -5.223345280 -0.019476721 -0.003910528 0.999802649 52.568466187
0.999803483 -0.001535933 0.019767199 2.699759960 0.001458808 0.999991298 0.003915503 -5.452687740 -0.019773042 -0.003885898 0.999796927 54.851947784
0.999772966 -0.001554583 0.021249937 2.825525999 0.001461446 0.999989271 0.004397764 -5.682251930 -0.021256546 -0.004365711 0.999764502 57.141155243
0.999765158 -0.003018257 0.021457352 2.968378067 0.002912180 0.999983370 0.004973208 -5.905775547 -0.021472003 -0.004909553 0.999757409 59.410427094
0.999720335 -0.004340375 0.023244552 3.091588497 0.004246349 0.999982536 0.004092975 -6.125694752 -0.023261912 -0.003993126 0.999721408 61.680469513
0.999705851 -0.005072323 0.023714812 3.242106915 0.004979026 0.999979734 0.003991453 -6.351288319 -0.023734570 -0.003872202 0.999710798 63.935562134
0.999669194 -0.004504558 0.025321336 3.378178358 0.004385954 0.999979079 0.004737575 -6.575355053 -0.025342152 -0.004624950 0.999668062 66.204208374
0.999644995 -0.003683057 0.026385991 3.523379326 0.003550308 0.999980807 0.005076115 -6.801544189 -0.026404180 -0.004980635 0.999638915 68.457771301
0.999602020 -0.003880629 0.027940819 3.658168793 0.003742739 0.999980569 0.004985650 -7.027882099 -0.027959630 -0.004879090 0.999597073 70.706367493
0.999595046 -0.004626523 0.028076431 3.821665287 0.004525994 0.999983132 0.003643056 -7.250666142 -0.028092807 -0.003514507 0.999599159 72.951515198
0.999573112 -0.005459500 0.028700018 3.971589565 0.005346702 0.999977708 0.004005536 -7.475364685 -0.028721247 -0.003850376 0.999579966 75.217422485
0.999523818 -0.006783870 0.030102387 4.131971836 0.006688152 0.999972224 0.003279294 -7.703932285 -0.030123804 -0.003076403 0.999541342 77.484931946
0.999513030 -0.007172922 0.030368747 4.286727905 0.007067241 0.999968708 0.003585810 -7.935127735 -0.030393515 -0.003369441 0.999532342 79.735275269
0.999483943 -0.007595381 0.031210562 4.436319828 0.007506630 0.999967456 0.002959845 -8.149335861 -0.031232029 -0.002724032 0.999508500 81.992301941
0.999464512 -0.006818342 0.032003324 4.607979774 0.006714701 0.999971867 0.003344789 -8.381164551 -0.032025225 -0.003128106 0.999482274 84.235527039
0.999419153 -0.006598536 0.033434995 4.767165184 0.006469185 0.999971151 0.003975411 -8.599960327 -0.033460252 -0.003756804 0.999432981 86.489349365
0.999422252 -0.006154663 0.033426646 4.938695431 0.005990579 0.999969542 0.005006758 -8.830697060 -0.033456445 -0.004803620 0.999428630 88.759567261
0.999395192 -0.005397946 0.034352556 5.098793983 0.005207007 0.999970496 0.005645245 -9.055610657 -0.034382023 -0.005462957 0.999393821 91.011245728
0.999366462 -0.005406767 0.035177357 5.266632080 0.005216995 0.999971271 0.005484289 -9.275256157 -0.035206001 -0.005297295 0.999366045 93.261886597
0.999350667 -0.005607758 0.035595857 5.436659813 0.005434613 0.999972880 0.004959086 -9.492230415 -0.035622708 -0.004762416 0.999353945 95.514617920
0.999317884 -0.006013683 0.036435276 5.601853848 0.005822589 0.999968767 0.005348590 -9.713039398 -0.036466297 -0.005132796 0.999321640 97.769767761
0.999282837 -0.005984614 0.037390076 5.765974998 0.005808192 0.999971509 0.004825264 -9.941687584 -0.037417885 -0.004604635 0.999289095 100.005882263
0.999222815 -0.006093649 0.038943883 5.929444790 0.005861700 0.999964416 0.006067409 -10.159201622 -0.038979460 -0.005834416 0.999222994 102.240089417
0.999190032 -0.006320889 0.039740615 6.117816925 0.006081675 0.999962628 0.006137366 -10.378367424 -0.039777920 -0.005890705 0.999191225 104.493011475
0.999165535 -0.006893475 0.040258013 6.287933350 0.006620860 0.999954283 0.006901121 -10.603813171 -0.040303744 -0.006628820 0.999165475 106.738845825
0.999137521 -0.008468594 0.040650595 6.478502274 0.008203303 0.999943912 0.006688510 -10.813755035 -0.040704966 -0.006349273 0.999150991 108.987503052
0.999099374 -0.009623166 0.041326515 6.665835381 0.009322805 0.999928713 0.007454639 -11.032513618 -0.041395310 -0.007062645 0.999117851 111.237388611
0.999092340 -0.010081243 0.041386086 6.861564636 0.009835122 0.999932706 0.006146218 -11.251422882 -0.041445266 -0.005733601 0.999124348 113.493606567
0.999044418 -0.010671287 0.042383205 7.046973228 0.010465204 0.999932349 0.005081335 -11.466279984 -0.042434566 -0.004632931 0.999088466 115.741905212
0.999010801 -0.011139619 0.043050360 7.230036259 0.010916648 0.999925792 0.005410951 -11.689680099 -0.043107443 -0.004935634 0.999058187 117.965431213
0.998972952 -0.011455071 0.043835219 7.421249390 0.011193017 0.999917984 0.006218932 -11.906417847 -0.043902867 -0.005721895 0.999019444 120.186988831
0.998961747 -0.012396199 0.043838263 7.627061844 0.012120822 0.999905109 0.006541918 -12.126930237 -0.043915194 -0.006003770 0.999017239 122.390129089
0.998908818 -0.013197936 0.044798948 7.814821243 0.012939177 0.999897897 0.006061108 -12.348980904 -0.044874370 -0.005474834 0.998977602 124.672271729
0.998871624 -0.013541329 0.045520388 7.996910095 0.013315737 0.999897540 0.005255483 -12.574559212 -0.045586888 -0.004643415 0.998949587 126.949623108
0.998860180 -0.015367862 0.045190126 8.188751221 0.015135432 0.999870420 0.005481076 -12.790124893 -0.045268506 -0.004790857 0.998963296 129.208511353
0.998887360 -0.016341234 0.044238679 8.380867004 0.016091045 0.999852479 0.006005627 -13.011298180 -0.044330284 -0.005287097 0.999002874 131.456436157
0.998934686 -0.016692933 0.043022316 8.573677063 0.016401293 0.999840140 0.007122874 -13.227344513 -0.043134347 -0.006409664 0.999048710 133.692642212
0.999002874 -0.017705461 0.040983401 8.769592285 0.017447401 0.999825716 0.006645802 -13.442836761 -0.041093923 -0.005924122 0.999137700 135.913604736
0.999074936 -0.018455556 0.038842030 8.978212357 0.018243769 0.999816775 0.005799869 -13.652089119 -0.038941957 -0.005085878 0.999228477 138.137985229
0.999062359 -0.019596420 0.038603522 9.150012970 0.019370206 0.999792993 0.006225221 -13.884741783 -0.038717527 -0.005471628 0.999235213 140.421157837
0.999046206 -0.019887535 0.038872249 9.312328339 0.019662200 0.999787688 0.006170505 -14.090980530 -0.038986702 -0.005400307 0.999225140 142.653564453
0.999092519 -0.019945342 0.037634730 9.506445885 0.019676493 0.999778271 0.007500701 -14.320860863 -0.037775990 -0.006753374 0.999263406 144.890625000
0.999108016 -0.019019701 0.037701119 9.677955627 0.018793222 0.999803305 0.006352616 -14.535297394 -0.037814524 -0.005638424 0.999268889 147.133560181
0.999125063 -0.018090364 0.037705846 9.858227730 0.017925432 0.999828160 0.004707611 -14.753869057 -0.037784535 -0.004027599 0.999277771 149.382934570
0.999140382 -0.016311539 0.038109433 10.031677246 0.016171502 0.999861240 0.003980017 -14.978016853 -0.038169064 -0.003360309 0.999265671 151.626052856
0.999146223 -0.015708171 0.038210951 10.212561607 0.015566597 0.999870777 0.003999905 -15.198489189 -0.038268849 -0.003401675 0.999261677 153.854171753
0.999136865 -0.014904933 0.038774040 10.387054443 0.014734454 0.999880433 0.004678755 -15.422182083 -0.038839143 -0.004103402 0.999237061 156.112548828
0.999140680 -0.014230560 0.038930394 10.580421448 0.014018202 0.999885380 0.005722299 -15.643298149 -0.039007362 -0.005171647 0.999225497 158.332641602
0.999091506 -0.013323901 0.040477879 10.740569115 0.013058285 0.999891460 0.006819345 -15.865861893 -0.040564336 -0.006284579 0.999157190 160.604736328
0.999054730 -0.012624557 0.041597039 10.917423248 0.012288988 0.999889910 0.008313030 -16.079256058 -0.041697409 -0.007793985 0.999099851 162.841018677
0.999042153 -0.011896263 0.042110268 11.110513687 0.011584883 0.999903798 0.007630727 -16.290357590 -0.042196985 -0.007135575 0.999083817 165.086578369
0.998998165 -0.011209326 0.043324269 11.301203728 0.010936017 0.999918759 0.006540384 -16.507114410 -0.043394063 -0.006060037 0.999039650 167.329330444
0.998922586 -0.009356780 0.045454353 11.482199669 0.009040194 0.999933541 0.007165477 -16.726764679 -0.045518368 -0.006746841 0.998940766 169.560317993
0.998824954 -0.008764201 0.047664490 11.687280655 0.008421781 0.999937296 0.007380056 -16.947942734 -0.047726188 -0.006969965 0.998836160 171.785552979
0.998708606 -0.009076668 0.049987476 11.884023666 0.008732704 0.999936640 0.007095107 -17.158554077 -0.050048709 -0.006649419 0.998724580 174.035644531
0.998631179 -0.008875451 0.051545668 12.090836525 0.008492094 0.999934673 0.007651501 -17.375679016 -0.051610209 -0.007203298 0.998641312 176.283355713
0.998577237 -0.009176565 0.052529003 12.290798187 0.008729700 0.999923825 0.008730183 -17.588777542 -0.052605107 -0.008259202 0.998581231 178.504547119
0.998581469 -0.011041955 0.052085649 12.503768921 0.010649095 0.999912739 0.007814092 -17.796541214 -0.052167393 -0.007248344 0.998611987 180.754867554
0.998523533 -0.011946810 0.052990735 12.696411133 0.011579774 0.999906838 0.007228018 -18.006713867 -0.053072151 -0.006603726 0.998568833 183.006591797
0.998611152 -0.013129962 0.051023338 12.928073883 0.012747899 0.999888420 0.007806166 -18.234218597 -0.051120140 -0.007144885 0.998666942 185.239135742
0.998615563 -0.014988836 0.050419938 13.133357048 0.014576655 0.999857366 0.008532804 -18.450366974 -0.050540645 -0.007786040 0.998691678 187.479034424
0.998630464 -0.015825870 0.049869634 13.338294983 0.015447000 0.999848843 0.007973526 -18.660135269 -0.049988288 -0.007192267 0.998723924 189.725326538
0.998591840 -0.017121343 0.050211132 13.535854340 0.016728071 0.999826074 0.008242213 -18.888399124 -0.050343525 -0.007390672 0.998704612 191.938705444
0.998572648 -0.018723948 0.050023682 13.733713150 0.018373465 0.999803364 0.007456997 -19.099796295 -0.050153483 -0.006527245 0.998720109 194.175094604
0.998589277 -0.018041659 0.049940009 13.939132690 0.017675593 0.999813616 0.007762079 -19.316131592 -0.050070748 -0.006868409 0.998722017 196.415649414
0.998596966 -0.016508374 0.050315585 14.149954796 0.016122052 0.999837399 0.008074175 -19.533708572 -0.050440699 -0.007251656 0.998700738 198.648712158
0.998613000 -0.013280020 0.050948229 14.338243484 0.012904547 0.999887168 0.007691596 -19.755441666 -0.051044632 -0.007023464 0.998671651 200.903091431
0.998590231 -0.012804542 0.051513366 14.547168732 0.012479473 0.999900103 0.006627105 -19.967599869 -0.051593080 -0.005974903 0.998650312 203.163116455
0.998556495 -0.013066876 0.052099399 14.746008873 0.012705153 0.999892831 0.007268108 -20.178255081 -0.052188795 -0.006595685 0.998615444 205.386810303
0.998534143 -0.014612618 0.052115884 14.970886230 0.014234629 0.999869645 0.007616717 -20.407342911 -0.052220400 -0.006863702 0.998611987 207.635406494
0.998468578 -0.014104499 0.053495422 15.172022820 0.013695007 0.999874055 0.008013625 -20.613759995 -0.053601716 -0.007268731 0.998535872 209.881210327
0.998395681 -0.014200022 0.054811701 15.386580467 0.013706667 0.999862194 0.009366366 -20.844564438 -0.054937147 -0.008600056 0.998452783 212.105346680
0.998330891 -0.012876922 0.056298632 15.617910385 0.012368849 0.999879599 0.009363776 -21.053936005 -0.056412440 -0.008651798 0.998370051 214.339645386
0.998142838 -0.011160734 0.059885763 15.809468269 0.010602543 0.999897420 0.009630675 -21.264488220 -0.059987102 -0.008977848 0.998158693 216.587142944
0.998008370 -0.010988881 0.062116627 16.033309937 0.010379997 0.999894977 0.010116480 -21.475351334 -0.062221266 -0.009451560 0.998017609 218.819305420
0.997865379 -0.012375307 0.064121425 16.260715485 0.011710596 0.999873817 0.010731931 -21.681156158 -0.064246148 -0.009958123 0.997884333 221.043365479
0.997754693 -0.013682592 0.065561883 16.491388321 0.012950841 0.999849141 0.011573258 -21.887208939 -0.065710343 -0.010698193 0.997781396 223.271820068
0.997683585 -0.015588348 0.066214330 16.734317780 0.014900567 0.999829888 0.010868357 -22.096641541 -0.066372491 -0.009856552 0.997746229 225.493255615
0.997644424 -0.016954711 0.066469461 16.972013474 0.016281866 0.999810696 0.010651358 -22.301523209 -0.066637479 -0.009544020 0.997731566 227.734298706
0.997603774 -0.017169124 0.067020915 17.207908630 0.016473999 0.999804735 0.010910694 -22.507171631 -0.067195147 -0.009780451 0.997691870 229.965179443
0.997530103 -0.018083306 0.067872055 17.446252823 0.017437017 0.999796927 0.010102605 -22.717538834 -0.068040945 -0.008894167 0.997642875 232.210357666
0.997499228 -0.019605251 0.067903243 17.702285767 0.018853966 0.999753892 0.011687309 -22.936447144 -0.068115674 -0.010377835 0.997623444 234.494293213
0.997471929 -0.019313067 0.068386570 17.944395065 0.018541964 0.999757349 0.011892506 -23.141441345 -0.068599656 -0.010594419 0.997588038 236.736968994
0.997403860 -0.018832577 0.069504850 18.172607422 0.018067470 0.999769211 0.011620381 -23.339239120 -0.069707669 -0.010334434 0.997513950 238.956207275
0.997356594 -0.019276638 0.070058875 18.414400101 0.018486641 0.999758184 0.011907167 -23.542083740 -0.070271462 -0.010580537 0.997471929 241.171905518
0.997323871 -0.019742496 0.070393197 18.663402557 0.018939603 0.999747872 0.012055089 -23.742279053 -0.070613451 -0.010689611 0.997446418 243.408020020
0.997286856 -0.019922161 0.070865057 18.910228729 0.019162636 0.999751568 0.011381687 -23.950632095 -0.071074180 -0.009992844 0.997420967 245.631958008
0.997291625 -0.019199219 0.071000054 19.167226791 0.018511409 0.999775231 0.010332806 -24.154512405 -0.071182489 -0.008990509 0.997422814 247.867401123
0.997278810 -0.019363176 0.071133621 19.426937103 0.018637123 0.999767482 0.010856555 -24.364843369 -0.071327277 -0.009501288 0.997407734 250.100051880
0.997248948 -0.020849733 0.071131237 19.684663773 0.020118581 0.999737322 0.010980069 -24.574163437 -0.071341470 -0.009518801 0.997406542 252.327484131
0.997248769 -0.020739838 0.071167134 19.950407028 0.019969733 0.999734282 0.011515645 -24.781322479 -0.071387060 -0.010062774 0.997397900 254.591018677
0.997239292 -0.021433266 0.071094759 20.196842194 0.020646513 0.999717355 0.011782791 -24.987356186 -0.071327217 -0.010282402 0.997399986 256.810852051
0.997203827 -0.021687876 0.071515188 20.463764191 0.020861294 0.999706924 0.012284941 -25.205837250 -0.071760654 -0.010758691 0.997363865 259.102935791
0.997174621 -0.021504657 0.071973577 20.718885422 0.020712670 0.999716640 0.011732307 -25.408483505 -0.072205462 -0.010208393 0.997337639 261.346771240
0.997159541 -0.021396359 0.072216593 20.980377197 0.020627758 0.999722540 0.011372224 -25.613380432 -0.072439887 -0.009850254 0.997324049 263.598297119
0.997124016 -0.020749465 0.072890371 21.236730576 0.020003736 0.999740005 0.010946076 -25.822708130 -0.073098555 -0.009456517 0.997279823 265.834136963
0.997067094 -0.020204715 0.073817827 21.493976593 0.019454796 0.999751806 0.010864086 -26.024120331 -0.074018992 -0.009396110 0.997212589 268.071838379
0.996942043 -0.019984107 0.075547762 21.747190475 0.019229339 0.999757767 0.010705032 -26.236650467 -0.075743392 -0.009219564 0.997084677 270.325317383
0.996875107 -0.020791847 0.076208189 22.023729324 0.020000786 0.999738038 0.011128888 -26.447267532 -0.076419607 -0.009569887 0.997029841 272.566345215
0.996653020 -0.021374831 0.078904323 22.265148163 0.020540310 0.999724329 0.011372969 -26.642150879 -0.079125695 -0.009714183 0.996817231 274.805572510
0.996545494 -0.021222362 0.080291621 22.539701462 0.020317305 0.999720633 0.012072464 -26.834465027 -0.080525406 -0.010399451 0.996698320 277.045928955
0.996485889 -0.020417996 0.081234336 22.827075958 0.019313209 0.999710321 0.014362663 -27.061536789 -0.081504062 -0.012743293 0.996591568 279.295989990
0.996368110 -0.020290386 0.082698502 23.104690552 0.019053444 0.999694943 0.015719160 -27.268669128 -0.082992226 -0.014086377 0.996450663 281.529174805
0.996299207 -0.019313630 0.083754256 23.375797272 0.018097790 0.999719858 0.015251859 -27.453323364 -0.084025368 -0.013679647 0.996369720 283.767333984
0.996207714 -0.018341903 0.085051492 23.645345688 0.017152909 0.999744892 0.014689564 -27.648218155 -0.085299231 -0.013174974 0.996268332 285.992675781
0.996264219 -0.017643578 0.084535785 23.947574615 0.016611183 0.999778807 0.012900469 -27.829692841 -0.084744699 -0.011448036 0.996336937 288.254730225
0.996212006 -0.018466946 0.084974967 24.221399307 0.017396895 0.999759972 0.013315907 -28.037082672 -0.085200466 -0.011787165 0.996294141 290.480560303
0.996129572 -0.018676717 0.085889332 24.479906082 0.017703762 0.999770284 0.012075803 -28.229591370 -0.086095147 -0.010508501 0.996231496 292.738067627
0.996143520 -0.019399134 0.085567042 24.763322830 0.018517731 0.999767125 0.011082458 -28.429435730 -0.085762128 -0.009455214 0.996270716 294.970550537
0.996128380 -0.019538382 0.085710719 25.041740417 0.018674478 0.999766529 0.010869617 -28.631896973 -0.085903078 -0.009226933 0.996260762 297.203063965
0.996139348 -0.018801760 0.085747555 25.323846817 0.017920531 0.999778509 0.011035237 -28.834896088 -0.085936040 -0.009455992 0.996255815 299.439910889
0.996108174 -0.018678047 0.086137645 25.590103149 0.017706452 0.999770880 0.012029927 -29.045349121 -0.086342603 -0.010457914 0.996210635 301.667785645
0.996113360 -0.019253524 0.085950196 25.878923416 0.018265177 0.999757826 0.012270782 -29.250091553 -0.086165637 -0.010653197 0.996223807 303.916351318
0.996078014 -0.018575083 0.086507782 26.162515640 0.017564388 0.999768496 0.012429892 -29.451814651 -0.086718649 -0.010861683 0.996173561 306.160064697
0.996073306 -0.019363074 0.086388744 26.446516037 0.018352477 0.999753654 0.012477249 -29.663969040 -0.086609051 -0.010842809 0.996183395 308.408660889
0.996043324 -0.020431338 0.086488321 26.733808517 0.019378474 0.999727726 0.012995719 -29.867485046 -0.086730339 -0.011268289 0.996168017 310.665222168
0.995997608 -0.020061681 0.087098524 27.018596649 0.019068807 0.999743521 0.012216584 -30.072055817 -0.087321267 -0.010506824 0.996124804 312.911499023
0.996003747 -0.019558813 0.087143637 27.308626175 0.018488452 0.999743581 0.013073014 -30.279802322 -0.087376997 -0.011409619 0.996109903 315.161987305
0.995965183 -0.018095355 0.087897383 27.592649460 0.017081128 0.999778748 0.012277331 -30.484960556 -0.088100098 -0.010726408 0.996053874 317.398223877
0.995947063 -0.016285861 0.088454790 27.873008728 0.015213764 0.999802589 0.012781003 -30.687797546 -0.088645495 -0.011383473 0.995998204 319.643341064
0.995889843 -0.014776326 0.089359164 28.151090622 0.013740651 0.999831259 0.012194127 -30.891132355 -0.089524269 -0.010916152 0.995924830 321.862335205
0.995838523 -0.013803466 0.090084098 28.430919647 0.012721227 0.999839962 0.012576786 -31.089248657 -0.090243280 -0.011378469 0.995854735 324.098754883
0.995840788 -0.013507618 0.090103798 28.725292206 0.012271377 0.999823034 0.014260095 -31.304172516 -0.090280458 -0.013095086 0.995830297 326.324066162
0.995794237 -0.014127742 0.090522170 29.003486633 0.012912486 0.999818683 0.013996592 -31.506078720 -0.090703495 -0.012768859 0.995796084 328.557891846
0.995806098 -0.015395634 0.090184495 29.301048279 0.014255014 0.999810159 0.013278128 -31.706979752 -0.090371788 -0.011936861 0.995836496 330.786804199
0.995774925 -0.014526938 0.090670399 29.581550598 0.013417836 0.999827683 0.012829873 -31.907258987 -0.090841152 -0.011559067 0.995798230 332.999908447
0.995740116 -0.014800353 0.091009840 29.866661072 0.013573384 0.999808669 0.014085940 -32.107730865 -0.091200896 -0.012790620 0.995750368 335.230712891
0.995792091 -0.015339081 0.090348229 30.171628952 0.014122816 0.999800980 0.014085957 -32.305068970 -0.090546310 -0.012750711 0.995810568 337.468322754
0.995760500 -0.015057077 0.090742387 30.451963425 0.013811693 0.999801934 0.014336773 -32.509815216 -0.090940259 -0.013022688 0.995771110 339.708587646
0.995770991 -0.014908629 0.090651862 30.747930527 0.013710964 0.999810517 0.013820147 -32.710197449 -0.090840727 -0.012518777 0.995786667 341.960693359
0.995771050 -0.014681900 0.090688914 31.034582138 0.013454456 0.999809623 0.014131247 -32.908149719 -0.090879127 -0.012851316 0.995778978 344.207611084
0.995786846 -0.014014835 0.090620570 31.320875168 0.012781783 0.999817967 0.014172815 -33.106681824 -0.090802707 -0.012954812 0.995784640 346.441741943
0.995799243 -0.013683199 0.090535440 31.607126236 0.012458848 0.999823332 0.014074825 -33.306392670 -0.090712011 -0.012887730 0.995793879 348.680389404
0.995754659 -0.013267852 0.091085903 31.891887665 0.011989574 0.999822021 0.014566651 -33.511054993 -0.091262959 -0.013412729 0.995736480 350.922943115
0.995780587 -0.013411585 0.090780996 32.180927277 0.012112622 0.999816418 0.014844585 -33.710163116 -0.090963438 -0.013682357 0.995760262 353.146881104
0.995800495 -0.013037787 0.090616465 32.471233368 0.011779180 0.999826908 0.014410333 -33.912017822 -0.090788655 -0.013282432 0.995781541 355.390563965
0.995837867 -0.013415413 0.090149738 32.766281128 0.012138131 0.999818265 0.014701838 -34.109066010 -0.090330571 -0.013546395 0.995819688 357.623840332
0.995926082 -0.012866417 0.089250699 33.067890167 0.011515865 0.999811471 0.015630573 -34.311241150 -0.089434996 -0.014539097 0.995886505 359.860626221
0.995980740 -0.013253480 0.088581473 33.369777679 0.011907349 0.999805748 0.015707744 -34.510814667 -0.088772431 -0.014589841 0.995945096 362.107849121
0.996083498 -0.013636480 0.087360844 33.675090790 0.012293341 0.999798119 0.015894268 -34.703586578 -0.087559953 -0.014758058 0.996050060 364.346313477
0.996183753 -0.013712309 0.086196855 33.973648071 0.012450864 0.999807656 0.015155137 -34.901058197 -0.086388096 -0.014024076 0.996162832 366.612548828
0.996190786 -0.014260616 0.086026475 34.254104614 0.013011979 0.999802053 0.015057900 -35.101203918 -0.086224161 -0.013881167 0.996178985 368.857879639
0.996183693 -0.013938335 0.086161800 34.532505035 0.012770173 0.999819100 0.014094126 -35.294563293 -0.086342655 -0.012940037 0.996181488 371.126403809
0.996256769 -0.015197143 0.085096523 34.824829102 0.013997437 0.999794304 0.014677157 -35.512191772 -0.085302047 -0.013431084 0.996264577 373.368530273
0.996327519 -0.015071528 0.084287219 35.113399506 0.013828718 0.999787092 0.015309409 -35.706657410 -0.084500000 -0.014087602 0.996323884 375.619140625
0.996299446 -0.015576073 0.084526211 35.384643555 0.014314523 0.999777198 0.015510583 -35.901725769 -0.084748991 -0.014243232 0.996300459 377.871704102
0.996260583 -0.015911438 0.084923312 35.657993317 0.014620322 0.999768138 0.015803721 -36.102302551 -0.085155085 -0.014503019 0.996262133 380.103973389
0.996261597 -0.015961692 0.084900126 35.943325043 0.014671277 0.999767423 0.015801501 -36.293407440 -0.085132606 -0.014496839 0.996264160 382.346405029
0.996275246 -0.015302417 0.084861659 36.228725433 0.013993327 0.999774098 0.015999636 -36.493087769 -0.085087314 -0.014752543 0.996264279 384.599212646
0.996295273 -0.014430333 0.084779024 36.512149811 0.013128343 0.999787450 0.015894953 -36.684139252 -0.084990375 -0.014723059 0.996272981 386.848205566
0.996321559 -0.013384630 0.084641680 36.804100037 0.012076881 0.999799967 0.015943615 -36.891136169 -0.084838130 -0.014862759 0.996283889 389.116058350
0.996305168 -0.012095307 0.085027598 37.080963135 0.010789399 0.999816954 0.015801441 -37.089874268 -0.085203171 -0.014825660 0.996253312 391.395538330
0.996317208 -0.010869254 0.085051984 37.362960815 0.009431276 0.999806046 0.017290637 -37.287746429 -0.085223421 -0.016424811 0.996226490 393.658905029
0.996241927 -0.009347682 0.086108118 37.631347656 0.007871730 0.999816477 0.017464295 -37.481960297 -0.086255580 -0.016720844 0.996132731 395.924438477
0.996189177 -0.009222256 0.086729869 37.913955688 0.007858329 0.999840140 0.016054451 -37.686386108 -0.086864069 -0.015311719 0.996102512 398.188964844
0.996171534 -0.009276466 0.086926438 38.198715210 0.007965675 0.999849439 0.015414081 -37.884391785 -0.087056324 -0.014662641 0.996095479 400.451873779
0.996050179 -0.010368401 0.088183992 38.468460083 0.008922623 0.999819458 0.016773449 -38.083038330 -0.088341974 -0.015920367 0.995963037 402.687194824
0.996066868 -0.011701211 0.087827854 38.772102356 0.010187535 0.999792218 0.017663104 -38.278778076 -0.088016264 -0.016698888 0.995979071 404.986541748
0.996044159 -0.012181693 0.088020839 39.058528900 0.010687404 0.999791026 0.017427923 -38.471694946 -0.088214755 -0.016418267 0.995966136 407.236816406
0.995964229 -0.010428012 0.089143373 39.351329803 0.008978630 0.999821067 0.016644577 -38.659851074 -0.089301005 -0.015777014 0.995879710 409.496978760
0.995918751 -0.009681555 0.089733481 39.642738342 0.008194081 0.999823093 0.016930157 -38.859588623 -0.089881517 -0.016125781 0.995821893 411.754364014
0.995869040 -0.008567510 0.090396203 39.932365417 0.007099175 0.999837935 0.016552363 -39.056087494 -0.090523370 -0.015842251 0.995768309 414.003936768
0.995760143 -0.007036649 0.091718048 40.225864410 0.005539210 0.999847293 0.016570901 -39.251819611 -0.091820650 -0.015992599 0.995647132 416.277008057
0.995719016 -0.007368420 0.092137426 40.528572083 0.005870030 0.999846220 0.016523011 -39.451683044 -0.092245013 -0.015911428 0.995609343 418.532653809
0.995620847 -0.007219273 0.093203865 40.818809509 0.005705630 0.999847591 0.016496390 -39.645847321 -0.093308739 -0.015892366 0.995510399 420.783996582
0.995538831 -0.007146813 0.094082840 41.106731415 0.005634226 0.999850690 0.016333008 -39.844192505 -0.094185539 -0.015730059 0.995430410 423.036102295
0.995471656 -0.007773513 0.094740517 41.407840729 0.006141123 0.999827862 0.017509513 -40.042499542 -0.094860300 -0.016848413 0.995348155 425.307861328
0.995420814 -0.006792650 0.095347986 41.706165314 0.005097484 0.999824822 0.018011056 -40.233741760 -0.095453627 -0.017442549 0.995280981 427.558624268
0.995346546 -0.005995216 0.096172772 42.011875153 0.004210223 0.999815345 0.018752482 -40.427558899 -0.096267439 -0.018260313 0.995187938 429.833679199
0.995346308 -0.007128495 0.096098378 42.316322327 0.005309534 0.999802113 0.019170551 -40.630847931 -0.096216001 -0.018571096 0.995187223 432.103088379
0.995291591 -0.007666591 0.096622601 42.623996735 0.005901372 0.999810636 0.018541757 -40.830963135 -0.096746445 -0.017884251 0.995148361 434.365997314
0.995292127 -0.006940614 0.096671328 42.938339233 0.005141713 0.999809206 0.018845098 -41.013481140 -0.096783683 -0.018259326 0.995137930 436.633666992
0.995234132 -0.007236663 0.097245149 43.246131897 0.005410314 0.999804258 0.019031448 -41.207061768 -0.097363845 -0.018414624 0.995078504 438.926635742
0.995271087 -0.007300676 0.096861765 43.564460754 0.005468938 0.999801397 0.019162880 -41.396877289 -0.096982442 -0.018542526 0.995113313 441.200317383
0.995289862 -0.006914601 0.096697025 43.892818451 0.004948400 0.999776423 0.020558668 -41.614940643 -0.096817568 -0.019983336 0.995101452 443.481292725
0.995235384 -0.007371968 0.097221680 44.203380585 0.005390080 0.999772608 0.020632152 -41.802886963 -0.097351678 -0.020009819 0.995048821 445.758148193
0.995231330 -0.007329678 0.097267315 44.511592865 0.005385869 0.999780774 0.020231731 -41.994865417 -0.097394288 -0.019611383 0.995052755 448.022918701
0.995252073 -0.006792058 0.097093873 44.825737000 0.004881507 0.999790013 0.019901386 -42.187187195 -0.097208671 -0.019332934 0.995076239 450.284881592
0.995166779 -0.006225728 0.098001659 45.126838684 0.004309098 0.999795675 0.019756634 -42.384449005 -0.098104626 -0.019238848 0.994990110 452.543792725
0.995084047 -0.005437842 0.098884434 45.431812286 0.003494471 0.999797523 0.019815532 -42.567443848 -0.098972164 -0.019372573 0.994901597 454.819824219
0.995077014 -0.005880623 0.098930292 45.738525391 0.003956395 0.999799371 0.019635297 -42.766426086 -0.099025913 -0.019147225 0.994900644 457.078552246
0.995097160 -0.005012435 0.098775022 46.061149597 0.003144644 0.999813437 0.019056171 -42.960700989 -0.098852098 -0.018652128 0.994927287 459.366271973
0.995088875 -0.004190614 0.098896749 46.371219635 0.002248487 0.999802709 0.019741209 -43.155792236 -0.098959960 -0.019421890 0.994901776 461.646820068
0.995060742 -0.003596587 0.099203780 46.676467896 0.001526129 0.999779582 0.020938758 -43.344528198 -0.099257238 -0.020683931 0.994846821 463.917816162
0.995086730 -0.003867837 0.098931693 46.981166840 0.001760098 0.999769926 0.021383408 -43.531585693 -0.098991625 -0.021104213 0.994864464 466.183166504
0.995228171 -0.004015275 0.097492620 47.306758881 0.002059155 0.999794662 0.020156628 -43.718967438 -0.097553529 -0.019859692 0.995032132 468.466247559
0.995298982 -0.003963176 0.096769020 47.626255035 0.002051212 0.999800801 0.019849502 -43.915046692 -0.096828423 -0.019557694 0.995108843 470.759277344
0.995390594 -0.004758705 0.095785528 47.935607910 0.002763613 0.999776661 0.020950645 -44.110370636 -0.095863834 -0.020589361 0.995181501 473.040618896
0.995342851 -0.004991458 0.096268542 48.227466583 0.002919588 0.999761343 0.021650642 -44.306556702 -0.096353635 -0.021268748 0.995119929 475.318511963
0.995458961 -0.004495289 0.095085382 48.540405273 0.002566705 0.999788821 0.020395247 -44.473304749 -0.095156975 -0.020058576 0.995260179 477.611114502
0.995499015 -0.004676722 0.094656393 48.849601746 0.002696370 0.999775052 0.021038579 -44.663932800 -0.094733506 -0.020688655 0.995287597 479.893951416
0.995540619 -0.005258161 0.094187073 49.158599854 0.003229603 0.999759793 0.021677040 -44.854293823 -0.094278447 -0.021276183 0.995318472 482.165832520
0.995545030 -0.005906839 0.094102286 49.449359894 0.003947082 0.999771714 0.020998346 -45.042205811 -0.094204828 -0.020533370 0.995341122 484.453887939
0.995629728 -0.006419007 0.093168825 49.764423370 0.004436919 0.999759853 0.021465730 -45.238983154 -0.093284242 -0.020958539 0.995418906 486.756195068
0.995706677 -0.006779752 0.092315249 50.067913055 0.004784188 0.999750435 0.021821007 -45.424118042 -0.092440143 -0.021285666 0.995490670 489.036773682
0.995667994 -0.006598981 0.092744716 50.340114594 0.004608430 0.999754786 0.021660471 -45.617511749 -0.092864901 -0.021139234 0.995454311 491.315460205
0.995721102 -0.006123405 0.092205442 50.646446228 0.004112172 0.999749780 0.021986723 -45.803737640 -0.092317015 -0.021513477 0.995497227 493.601348877
0.995697021 -0.005728599 0.092490889 50.930793762 0.003732226 0.999756634 0.021743080 -45.990554810 -0.092592947 -0.021304326 0.995476067 495.894744873
0.995721698 -0.005576666 0.092234418 51.240848541 0.003623820 0.999765992 0.021326579 -46.186424255 -0.092331745 -0.020901097 0.995508909 498.206939697
0.995775700 -0.005777009 0.091637477 51.543212891 0.003766813 0.999748766 0.022094214 -46.374469757 -0.091742091 -0.021655699 0.995547295 500.503570557
0.995776117 -0.005415821 0.091654949 51.837066650 0.003369802 0.999741912 0.022463107 -46.568054199 -0.091752954 -0.022059368 0.995537460 502.777984619
0.995799541 -0.004722310 0.091438182 52.137470245 0.002733845 0.999757290 0.021859609 -46.756950378 -0.091519207 -0.021517809 0.995570779 505.068084717
0.995791316 -0.004564952 0.091535963 52.430694580 0.002499532 0.999739945 0.022665985 -46.945934296 -0.091615632 -0.022341795 0.995543778 507.361450195
0.995835602 -0.005073438 0.091025576 52.733078003 0.003120598 0.999762118 0.021583267 -47.132106781 -0.091113418 -0.021209329 0.995614648 509.651916504
0.995879233 -0.005910909 0.090496808 53.042369843 0.003888773 0.999739170 0.022504877 -47.327098846 -0.090606220 -0.022060215 0.995642543 511.942932129
0.995920718 -0.005679213 0.090053752 53.347602844 0.003640540 0.999733746 0.022786530 -47.514419556 -0.090159170 -0.022365738 0.995676160 514.258361816
0.995906353 -0.004828863 0.090261705 53.639602661 0.002807610 0.999742746 0.022506833 -47.699542999 -0.090347148 -0.022161279 0.995663762 516.561401367
0.995882452 -0.003810460 0.090573817 53.924171448 0.001790427 0.999748170 0.022373414 -47.889453888 -0.090636261 -0.022119123 0.995638430 518.851562500
0.995858073 -0.002044758 0.090899609 54.226367950 0.000004734 0.999748230 0.022437161 -48.079071045 -0.090922602 -0.022343790 0.995607257 521.187988281
0.995799959 -0.000076078 0.091555178 54.528606415 -0.002003506 0.999742031 0.022621870 -48.265808105 -0.091533273 -0.022710290 0.995543003 523.521179199
0.995755613 0.000592844 0.092034511 54.831916809 -0.002786786 0.999714911 0.023711557 -48.446525574 -0.091994219 -0.023867399 0.995473444 525.843688965
0.995691597 0.000066220 0.092725836 55.133621216 -0.002272225 0.999716878 0.023685254 -48.632129669 -0.092697993 -0.023793900 0.995409906 528.162902832
0.995686233 -0.001916652 0.092764549 55.440303802 -0.000400245 0.999688566 0.024951065 -48.813625336 -0.092783481 -0.024880560 0.995375395 530.479064941
0.995626748 -0.003362055 0.093361273 55.749702454 0.001078433 0.999699235 0.024499752 -48.994773865 -0.093415558 -0.024291921 0.995330811 532.809509277
0.995596826 -0.003286151 0.093681306 56.054847717 0.001035645 0.999709904 0.024061494 -49.180755615 -0.093733221 -0.023858529 0.995311439 535.128662109
0.995516360 -0.003592408 0.094521448 56.360122681 0.001333335 0.999712229 0.023952426 -49.365592957 -0.094580293 -0.023719000 0.995234609 537.444580078
0.995421231 -0.003089790 0.095535547 56.652996063 0.000859162 0.999726176 0.023380993 -49.553665161 -0.095581643 -0.023191851 0.995151341 539.747192383
0.995308042 -0.002340929 0.096728481 56.948875427 0.000101230 0.999731958 0.023152919 -49.741550446 -0.096756771 -0.023034491 0.995041490 542.055725098
0.995217264 -0.001970333 0.097666100 57.264244080 -0.000202212 0.999752879 0.022229718 -49.927486420 -0.097685792 -0.022143152 0.994970918 544.373962402
0.995091438 -0.002117642 0.098937094 57.555320740 -0.000151476 0.999737263 0.022921817 -50.122642517 -0.098959640 -0.022824291 0.994829655 546.708190918
0.995003104 -0.002354855 0.099815495 57.863689423 -0.000056786 0.999708235 0.024151273 -50.315147400 -0.099843249 -0.024036255 0.994712830 549.027221680
0.994925201 -0.002381632 0.100589141 58.173175812 -0.000042563 0.999709785 0.024090949 -50.497680664 -0.100617327 -0.023972970 0.994636357 551.330993652
0.994884014 -0.003452825 0.100964494 58.492965698 0.001118134 0.999730825 0.023171334 -50.681400299 -0.101017334 -0.022939898 0.994620264 553.641113281
0.994899988 -0.003579077 0.100803010 58.822509766 0.001180109 0.999714851 0.023848161 -50.870719910 -0.100859627 -0.023607574 0.994620562 555.958435059
0.994821250 -0.003367264 0.101583324 59.134799957 0.000912869 0.999706745 0.024198210 -51.054431915 -0.101635024 -0.023980163 0.994532704 558.264160156
0.994782805 -0.002831884 0.101977527 59.457595825 0.000242850 0.999677539 0.025391756 -51.238845825 -0.102016546 -0.025234509 0.994462609 560.598205566
0.994784772 -0.003713137 0.101928644 59.789409637 0.001046349 0.999656081 0.026204299 -51.426113129 -0.101990871 -0.025960986 0.994446516 562.927795410
0.994729578 -0.003408943 0.102476820 60.114727020 0.000644464 0.999635279 0.026997628 -51.608455658 -0.102531500 -0.026789296 0.994368970 565.252441406
0.994683743 -0.002384322 0.102949157 60.444667816 -0.000340801 0.999650240 0.026444864 -51.792758942 -0.102976210 -0.026339363 0.994334936 567.572570801
0.994693995 -0.001100004 0.102872208 60.786552429 -0.001492734 0.999683261 0.025123104 -51.969810486 -0.102867268 -0.025143368 0.994377196 569.904479980
0.994655609 -0.000644186 0.103246599 61.126811981 -0.001965016 0.999681354 0.025167849 -52.151157379 -0.103229932 -0.025236225 0.994337320 572.227172852
0.994669497 -0.000621236 0.103111781 61.471046448 -0.002091649 0.999654531 0.026199926 -52.337234497 -0.103092432 -0.026275946 0.994324684 574.616943359
0.994665205 -0.000688717 0.103152744 61.811042786 -0.002173710 0.999615669 0.027634433 -52.524734497 -0.103132136 -0.027711233 0.994281590 576.929077148
0.994558275 -0.000103297 0.104181670 62.131088257 -0.002647155 0.999651611 0.026261920 -52.714656830 -0.104148090 -0.026394796 0.994211435 579.330505371
0.994612396 -0.000599329 0.103661813 62.471210480 -0.002140155 0.999651492 0.026313882 -52.892257690 -0.103641443 -0.026393967 0.994264483 581.668029785
0.994587183 -0.002026966 0.103885449 62.810672760 -0.000859399 0.999615014 0.027731821 -53.084136963 -0.103901662 -0.027670994 0.994202495 583.986145020
0.994660139 -0.001778391 0.103188358 63.148883820 -0.001092844 0.999613941 0.027761973 -53.260665894 -0.103197880 -0.027726498 0.994274259 586.303405762
0.994608521 -0.004806761 0.103588693 63.491451263 0.002050445 0.999641359 0.026698342 -53.447891235 -0.103679895 -0.026341997 0.994261801 588.659667969
0.994655192 -0.004975451 0.103131600 63.835258484 0.002261861 0.999648571 0.026412174 -53.621143341 -0.103226751 -0.026037745 0.994316936 591.006591797
0.994662762 -0.006609063 0.102968633 64.166526794 0.003843746 0.999627173 0.027031228 -53.803932190 -0.103108905 -0.026491171 0.994317174 593.340148926
0.994685829 -0.007245992 0.102701671 64.508674622 0.004450996 0.999614120 0.027417792 -53.985351562 -0.102860712 -0.026814966 0.994334280 595.695007324
