1.000001e+00 -5.097494e-08 -5.650630e-07 0.000000e+00 -5.097494e-08 1.000000e+00 -2.465457e-07 0.000000e+00 -5.650630e-07 -2.465457e-07 9.999999e-01 0.000000e+00
1.000001e+00 5.372094e-04 3.499002e-04 9.095360e-02 -5.378014e-04 1.000000e+00 1.153563e-04 -2.252922e-01 -3.506084e-04 -1.159870e-04 9.999994e-01 2.227688e+00
1.000001e+00 7.054449e-04 7.853527e-04 1.742227e-01 -7.058931e-04 1.000000e+00 2.897992e-04 -4.511967e-01 -7.848078e-04 -2.916518e-04 9.999992e-01 4.457811e+00
1.000000e+00 3.166320e-04 1.272782e-03 2.623065e-01 -3.171419e-04 1.000000e+00 3.280864e-04 -6.780134e-01 -1.273841e-03 -3.292418e-04 9.999991e-01 6.685488e+00
9.999993e-01 5.452783e-04 2.071196e-03 3.469078e-01 -5.433595e-04 9.999997e-01 -1.041092e-03 -9.067383e-01 -2.071950e-03 1.039171e-03 9.999971e-01 8.915280e+00
9.999929e-01 1.711054e-03 3.557124e-03 4.419493e-01 -1.711520e-03 9.999990e-01 9.536526e-05 -1.140727e+00 -3.557162e-03 -1.027651e-04 9.999932e-01 1.115830e+01
9.999740e-01 4.107295e-03 6.036141e-03 5.331947e-01 -4.115559e-03 9.999910e-01 1.348923e-03 -1.364134e+00 -6.031015e-03 -1.374785e-03 9.999802e-01 1.340535e+01
9.999599e-01 4.188877e-03 8.107097e-03 6.265109e-01 -4.219393e-03 9.999847e-01 3.702096e-03 -1.588023e+00 -8.091817e-03 -3.737378e-03 9.999599e-01 1.565155e+01
9.999476e-01 3.695891e-03 9.669263e-03 7.257536e-01 -3.741431e-03 9.999824e-01 4.680968e-03 -1.809665e+00 -9.651944e-03 -4.718144e-03 9.999416e-01 1.790196e+01
9.999410e-01 2.443807e-03 1.066156e-02 8.363193e-01 -2.495607e-03 9.999859e-01 4.768079e-03 -2.033105e+00 -1.065042e-02 -4.795499e-03 9.999310e-01 2.015308e+01
9.999369e-01 9.387148e-05 1.132824e-02 9.502742e-01 -1.244487e-04 9.999968e-01 2.683907e-03 -2.262768e+00 -1.132883e-02 -2.686282e-03 9.999323e-01 2.240415e+01
9.999301e-01 -1.858404e-03 1.180514e-02 1.066495e+00 1.846160e-03 9.999981e-01 1.050710e-03 -2.493414e+00 -1.180788e-02 -1.029780e-03 9.999294e-01 2.465859e+01
9.999246e-01 -2.973067e-03 1.199429e-02 1.185407e+00 2.974289e-03 9.999960e-01 -1.523313e-04 -2.728806e+00 -1.199491e-02 1.872063e-04 9.999278e-01 2.691244e+01
9.999182e-01 -2.129318e-03 1.268034e-02 1.297306e+00 2.137665e-03 9.999978e-01 -7.006686e-04 -2.959914e+00 -1.267972e-02 7.264328e-04 9.999186e-01 2.916561e+01
9.999081e-01 -5.870273e-04 1.360896e-02 1.411258e+00 5.616681e-04 9.999985e-01 1.843394e-03 -3.192099e+00 -1.361068e-02 -1.836581e-03 9.999047e-01 3.141787e+01
9.998929e-01 6.278593e-04 1.465940e-02 1.522575e+00 -6.969178e-04 9.999891e-01 4.702413e-03 -3.420072e+00 -1.465612e-02 -4.713225e-03 9.998812e-01 3.367207e+01
9.998764e-01 2.773956e-03 1.555287e-02 1.637781e+00 -2.893986e-03 9.999665e-01 7.707413e-03 -3.636852e+00 -1.553094e-02 -7.752176e-03 9.998491e-01 3.592788e+01
9.998547e-01 4.817380e-03 1.641899e-02 1.757589e+00 -4.934115e-03 9.999632e-01 7.078534e-03 -3.854639e+00 -1.638482e-02 -7.159438e-03 9.998400e-01 3.817697e+01
9.998484e-01 4.078478e-03 1.701589e-02 1.875961e+00 -4.190694e-03 9.999703e-01 6.528486e-03 -4.073187e+00 -1.698902e-02 -6.599729e-03 9.998333e-01 4.042606e+01
9.998467e-01 2.560943e-03 1.736992e-02 1.997860e+00 -2.653811e-03 9.999830e-01 5.285302e-03 -4.293182e+00 -1.735617e-02 -5.331095e-03 9.998344e-01 4.267556e+01
9.998472e-01 1.606589e-03 1.748194e-02 2.122248e+00 -1.681981e-03 9.999899e-01 4.251818e-03 -4.517618e+00 -1.747522e-02 -4.281719e-03 9.998377e-01 4.492024e+01
9.998449e-01 5.430772e-04 1.766122e-02 2.247454e+00 -6.004040e-04 9.999952e-01 3.193547e-03 -4.746721e+00 -1.765973e-02 -3.204669e-03 9.998384e-01 4.716942e+01
9.998422e-01 -7.888417e-04 1.780063e-02 2.378986e+00 7.305496e-04 9.999948e-01 3.254135e-03 -4.973287e+00 -1.780332e-02 -3.241576e-03 9.998355e-01 4.941641e+01
9.998318e-01 -2.000359e-03 1.830351e-02 2.505910e+00 1.929247e-03 9.999911e-01 3.868727e-03 -5.205419e+00 -1.831119e-02 -3.833505e-03 9.998251e-01 5.165882e+01
9.998157e-01 -3.511732e-03 1.893239e-02 2.635279e+00 3.444441e-03 9.999882e-01 3.567345e-03 -5.432265e+00 -1.894498e-02 -3.502928e-03 9.998143e-01 5.390518e+01
9.998005e-01 -4.768928e-03 1.944011e-02 2.766009e+00 4.694109e-03 9.999820e-01 3.853250e-03 -5.658513e+00 -1.945913e-02 -3.761881e-03 9.998036e-01 5.615011e+01
9.997829e-01 -6.323654e-03 1.989228e-02 2.899687e+00 6.236287e-03 9.999710e-01 4.452330e-03 -5.887819e+00 -1.992032e-02 -4.327777e-03 9.997919e-01 5.839887e+01
9.997569e-01 -7.513480e-03 2.077471e-02 3.032249e+00 7.434575e-03 9.999654e-01 3.836603e-03 -6.113115e+00 -2.080296e-02 -3.682694e-03 9.997769e-01 6.063740e+01
9.997298e-01 -8.360116e-03 2.174548e-02 3.173307e+00 8.278757e-03 9.999589e-01 3.815814e-03 -6.340242e+00 -2.177699e-02 -3.636067e-03 9.997556e-01 6.287678e+01
9.997100e-01 -7.846014e-03 2.281632e-02 3.315453e+00 7.742556e-03 9.999599e-01 4.582481e-03 -6.562581e+00 -2.285201e-02 -4.405863e-03 9.997288e-01 6.512154e+01
9.996943e-01 -6.911798e-03 2.378442e-02 3.455464e+00 6.798941e-03 9.999658e-01 4.808134e-03 -6.785732e+00 -2.381684e-02 -4.645627e-03 9.997056e-01 6.735211e+01
9.996689e-01 -6.872104e-03 2.483112e-02 3.596192e+00 6.765457e-03 9.999681e-01 4.356300e-03 -7.005813e+00 -2.486133e-02 -4.188177e-03 9.996822e-01 6.959573e+01
9.996464e-01 -7.539247e-03 2.554705e-02 3.742638e+00 7.460938e-03 9.999676e-01 3.144327e-03 -7.228488e+00 -2.557032e-02 -2.953487e-03 9.996685e-01 7.184168e+01
9.996291e-01 -8.095035e-03 2.604505e-02 3.889525e+00 8.005115e-03 9.999621e-01 3.533306e-03 -7.450908e+00 -2.607216e-02 -3.324669e-03 9.996545e-01 7.406773e+01
9.996069e-01 -9.238967e-03 2.651169e-02 4.036353e+00 9.161139e-03 9.999538e-01 3.052712e-03 -7.673891e+00 -2.653946e-02 -2.809981e-03 9.996436e-01 7.630723e+01
9.995836e-01 -9.675716e-03 2.722447e-02 4.191130e+00 9.615305e-03 9.999515e-01 2.335497e-03 -7.900749e+00 -2.724660e-02 -2.074083e-03 9.996268e-01 7.853746e+01
9.995615e-01 -9.604254e-03 2.803965e-02 4.343751e+00 9.542033e-03 9.999522e-01 2.326344e-03 -8.126162e+00 -2.806180e-02 -2.058474e-03 9.996040e-01 8.078073e+01
9.995457e-01 -9.098435e-03 2.875179e-02 4.495293e+00 9.040514e-03 9.999573e-01 2.120957e-03 -8.353294e+00 -2.877032e-02 -1.860937e-03 9.995836e-01 8.302018e+01
9.995236e-01 -8.793567e-03 2.960777e-02 4.640937e+00 8.710441e-03 9.999582e-01 2.935008e-03 -8.579847e+00 -2.963283e-02 -2.676442e-03 9.995565e-01 8.524888e+01
9.995031e-01 -8.010788e-03 3.052661e-02 4.788489e+00 7.894744e-03 9.999616e-01 3.896268e-03 -8.801924e+00 -3.055676e-02 -3.654017e-03 9.995262e-01 8.747961e+01
9.994819e-01 -7.519461e-03 3.133786e-02 4.945466e+00 7.384128e-03 9.999634e-01 4.411171e-03 -9.030641e+00 -3.136972e-02 -4.178223e-03 9.994989e-01 8.970224e+01
9.994531e-01 -7.480528e-03 3.223611e-02 5.105254e+00 7.348929e-03 9.999646e-01 4.186111e-03 -9.255149e+00 -3.226701e-02 -3.948307e-03 9.994707e-01 9.192093e+01
9.994229e-01 -7.838089e-03 3.306806e-02 5.266354e+00 7.710449e-03 9.999628e-01 3.967754e-03 -9.482584e+00 -3.309788e-02 -3.711522e-03 9.994449e-01 9.414469e+01
9.993973e-01 -8.834570e-03 3.360119e-02 5.424575e+00 8.696595e-03 9.999536e-01 4.236584e-03 -9.705986e+00 -3.363815e-02 -3.943089e-03 9.994263e-01 9.637558e+01
9.993721e-01 -9.166715e-03 3.426545e-02 5.587379e+00 9.054672e-03 9.999536e-01 3.422607e-03 -9.930746e+00 -3.429535e-02 -3.111315e-03 9.994062e-01 9.860243e+01
9.993433e-01 -9.337055e-03 3.503691e-02 5.749099e+00 9.173695e-03 9.999468e-01 4.797240e-03 -1.015624e+01 -3.508049e-02 -4.473704e-03 9.993740e-01 1.008364e+02
9.993075e-01 -9.848009e-03 3.593065e-02 5.911358e+00 9.691971e-03 9.999433e-01 4.506162e-03 -1.037875e+01 -3.597361e-02 -4.155695e-03 9.993440e-01 1.030683e+02
9.992760e-01 -1.112203e-02 3.642092e-02 6.086041e+00 1.094197e-02 9.999275e-01 5.118071e-03 -1.059671e+01 -3.647559e-02 -4.716918e-03 9.993233e-01 1.052929e+02
9.992358e-01 -1.276394e-02 3.696150e-02 6.262442e+00 1.256296e-02 9.999056e-01 5.646313e-03 -1.082071e+01 -3.703058e-02 -5.178614e-03 9.993007e-01 1.075065e+02
9.992067e-01 -1.348375e-02 3.749721e-02 6.438239e+00 1.326431e-02 9.998939e-01 6.091350e-03 -1.103935e+01 -3.757586e-02 -5.589684e-03 9.992776e-01 1.097252e+02
9.991836e-01 -1.365026e-02 3.805063e-02 6.611427e+00 1.347056e-02 9.998974e-01 4.955447e-03 -1.126117e+01 -3.811541e-02 -4.439863e-03 9.992632e-01 1.119401e+02
9.991471e-01 -1.381004e-02 3.892894e-02 6.786797e+00 1.366659e-02 9.998993e-01 3.931180e-03 -1.148075e+01 -3.897958e-02 -3.396584e-03 9.992342e-01 1.141679e+02
9.991160e-01 -1.443008e-02 3.951573e-02 6.968317e+00 1.428658e-02 9.998907e-01 3.908524e-03 -1.170363e+01 -3.956739e-02 -3.341766e-03 9.992109e-01 1.163957e+02
9.990804e-01 -1.493868e-02 4.022523e-02 7.147578e+00 1.476077e-02 9.998804e-01 4.707106e-03 -1.192633e+01 -4.029123e-02 -4.109796e-03 9.991792e-01 1.186106e+02
9.990367e-01 -1.566093e-02 4.101486e-02 7.328515e+00 1.548073e-02 9.998696e-01 4.685488e-03 -1.214559e+01 -4.108293e-02 -4.047171e-03 9.991471e-01 1.208205e+02
9.989931e-01 -1.667982e-02 4.168641e-02 7.511189e+00 1.651378e-02 9.998548e-01 4.304939e-03 -1.236575e+01 -4.175298e-02 -3.612940e-03 9.991211e-01 1.230373e+02
9.989665e-01 -1.794627e-02 4.179405e-02 7.698563e+00 1.781789e-02 9.998358e-01 3.422733e-03 -1.259056e+01 -4.184966e-02 -2.675844e-03 9.991199e-01 1.252540e+02
9.989593e-01 -1.918900e-02 4.139774e-02 7.881960e+00 1.903620e-02 9.998109e-01 4.082886e-03 -1.281366e+01 -4.146835e-02 -3.291166e-03 9.991341e-01 1.274740e+02
9.989806e-01 -2.025395e-02 4.036767e-02 8.062872e+00 2.009493e-02 9.997891e-01 4.335611e-03 -1.303322e+01 -4.044727e-02 -3.521049e-03 9.991754e-01 1.296893e+02
9.990289e-01 -2.113365e-02 3.868420e-02 8.247606e+00 2.095542e-02 9.997684e-01 4.996931e-03 -1.325368e+01 -3.878081e-02 -4.181902e-03 9.992381e-01 1.319107e+02
9.990639e-01 -2.211975e-02 3.719558e-02 8.429316e+00 2.195472e-02 9.997478e-01 4.816043e-03 -1.347584e+01 -3.729317e-02 -3.996083e-03 9.992964e-01 1.341319e+02
9.990929e-01 -2.292709e-02 3.591298e-02 8.602968e+00 2.278587e-02 9.997314e-01 4.327661e-03 -1.369583e+01 -3.600266e-02 -3.506167e-03 9.993456e-01 1.363581e+02
9.991160e-01 -2.374467e-02 3.472090e-02 8.782354e+00 2.360774e-02 9.997122e-01 4.349848e-03 -1.391573e+01 -3.481444e-02 -3.527632e-03 9.993874e-01 1.385828e+02
9.991404e-01 -2.397621e-02 3.385988e-02 8.952142e+00 2.382649e-02 9.997050e-01 4.800011e-03 -1.413415e+01 -3.396553e-02 -3.990397e-03 9.994147e-01 1.407989e+02
9.991651e-01 -2.372315e-02 3.329539e-02 9.117711e+00 2.355002e-02 9.997076e-01 5.561334e-03 -1.434885e+01 -3.341712e-02 -4.773881e-03 9.994301e-01 1.430194e+02
9.991880e-01 -2.325328e-02 3.293846e-02 9.284594e+00 2.312210e-02 9.997237e-01 4.346045e-03 -1.457033e+01 -3.303101e-02 -3.581984e-03 9.994473e-01 1.452326e+02
9.992209e-01 -2.190259e-02 3.286537e-02 9.449783e+00 2.181864e-02 9.997581e-01 2.908499e-03 -1.479141e+01 -3.292177e-02 -2.189668e-03 9.994549e-01 1.474443e+02
9.992433e-01 -2.049749e-02 3.309338e-02 9.611370e+00 2.043796e-02 9.997893e-01 2.122724e-03 -1.501700e+01 -3.313087e-02 -1.445384e-03 9.994494e-01 1.496483e+02
9.992383e-01 -1.977927e-02 3.365859e-02 9.770058e+00 1.971370e-02 9.998036e-01 2.254018e-03 -1.524368e+01 -3.369693e-02 -1.590141e-03 9.994304e-01 1.518658e+02
9.992434e-01 -1.888208e-02 3.402863e-02 9.933444e+00 1.879095e-02 9.998194e-01 2.977297e-03 -1.547016e+01 -3.407905e-02 -2.336830e-03 9.994160e-01 1.540809e+02
9.992362e-01 -1.817401e-02 3.463071e-02 1.010023e+01 1.804842e-02 9.998299e-01 3.916884e-03 -1.569492e+01 -3.469582e-02 -3.289521e-03 9.993922e-01 1.562937e+02
9.992126e-01 -1.756899e-02 3.559687e-02 1.026675e+01 1.740216e-02 9.998366e-01 4.978055e-03 -1.591861e+01 -3.567878e-02 -4.355141e-03 9.993536e-01 1.585091e+02
9.991974e-01 -1.671520e-02 3.642455e-02 1.043514e+01 1.649750e-02 9.998448e-01 6.257129e-03 -1.613414e+01 -3.652400e-02 -5.651880e-03 9.993161e-01 1.607228e+02
9.991747e-01 -1.600845e-02 3.734877e-02 1.060754e+01 1.578888e-02 9.998568e-01 6.150352e-03 -1.635238e+01 -3.744257e-02 -5.556171e-03 9.992831e-01 1.629371e+02
9.991387e-01 -1.526382e-02 3.860537e-02 1.078417e+01 1.508125e-02 9.998741e-01 5.009911e-03 -1.657291e+01 -3.867686e-02 -4.424587e-03 9.992416e-01 1.651565e+02
9.990812e-01 -1.383149e-02 4.058521e-02 1.095587e+01 1.364100e-02 9.998951e-01 4.954467e-03 -1.679246e+01 -4.065002e-02 -4.397529e-03 9.991638e-01 1.673702e+02
9.989811e-01 -1.296171e-02 4.325692e-02 1.113152e+01 1.274806e-02 9.999056e-01 5.209187e-03 -1.701134e+01 -4.332123e-02 -4.652965e-03 9.990498e-01 1.695861e+02
9.988589e-01 -1.307844e-02 4.596298e-02 1.131125e+01 1.285670e-02 9.999047e-01 5.108818e-03 -1.723285e+01 -4.602580e-02 -4.512741e-03 9.989294e-01 1.718042e+02
9.987728e-01 -1.351388e-02 4.766211e-02 1.150018e+01 1.327105e-02 9.998978e-01 5.402363e-03 -1.745098e+01 -4.773076e-02 -4.763998e-03 9.988484e-01 1.740147e+02
9.987235e-01 -1.418564e-02 4.849657e-02 1.169383e+01 1.390297e-02 9.998848e-01 6.152333e-03 -1.767008e+01 -4.857826e-02 -5.471337e-03 9.988041e-01 1.762253e+02
9.987165e-01 -1.501483e-02 4.839488e-02 1.189134e+01 1.473801e-02 9.998734e-01 6.064284e-03 -1.788703e+01 -4.848034e-02 -5.344247e-03 9.988097e-01 1.784356e+02
9.987282e-01 -1.593029e-02 4.786298e-02 1.208813e+01 1.566740e-02 9.998605e-01 5.858961e-03 -1.810600e+01 -4.794974e-02 -5.102269e-03 9.988364e-01 1.806450e+02
9.987330e-01 -1.710597e-02 4.734947e-02 1.228352e+01 1.685521e-02 9.998422e-01 5.685396e-03 -1.832444e+01 -4.744035e-02 -4.881002e-03 9.988617e-01 1.828546e+02
9.987267e-01 -1.899611e-02 4.675903e-02 1.247984e+01 1.872280e-02 9.998055e-01 6.262773e-03 -1.854139e+01 -4.686902e-02 -5.379707e-03 9.988856e-01 1.850651e+02
9.987184e-01 -1.981381e-02 4.660578e-02 1.267136e+01 1.956139e-02 9.997919e-01 5.848253e-03 -1.875680e+01 -4.671239e-02 -4.930350e-03 9.988952e-01 1.872768e+02
9.987020e-01 -2.085574e-02 4.648604e-02 1.286655e+01 2.062822e-02 9.997733e-01 5.355450e-03 -1.897484e+01 -4.658689e-02 -4.390014e-03 9.989042e-01 1.894821e+02
9.986840e-01 -2.172569e-02 4.647518e-02 1.306056e+01 2.152341e-02 9.997570e-01 4.836927e-03 -1.919460e+01 -4.656946e-02 -3.831449e-03 9.989078e-01 1.916944e+02
9.986812e-01 -2.168536e-02 4.655837e-02 1.325603e+01 2.147057e-02 9.997569e-01 5.097309e-03 -1.941274e+01 -4.665829e-02 -4.091527e-03 9.989024e-01 1.939041e+02
9.987084e-01 -2.000495e-02 4.672953e-02 1.345277e+01 1.978610e-02 9.997915e-01 5.134362e-03 -1.963034e+01 -4.682271e-02 -4.204307e-03 9.988944e-01 1.961150e+02
9.987363e-01 -1.783133e-02 4.701237e-02 1.364353e+01 1.762891e-02 9.998340e-01 4.698282e-03 -1.984510e+01 -4.708922e-02 -3.864939e-03 9.988828e-01 1.983178e+02
9.987361e-01 -1.699849e-02 4.732437e-02 1.383747e+01 1.681908e-02 9.998502e-01 4.180040e-03 -2.007026e+01 -4.738848e-02 -3.379771e-03 9.988705e-01 2.005256e+02
9.987118e-01 -1.771423e-02 4.756841e-02 1.403590e+01 1.751107e-02 9.998362e-01 4.668730e-03 -2.029124e+01 -4.764404e-02 -3.830253e-03 9.988567e-01 2.027378e+02
9.986720e-01 -1.907026e-02 4.787866e-02 1.423438e+01 1.886443e-02 9.998112e-01 4.731589e-03 -2.051379e+01 -4.796081e-02 -3.822696e-03 9.988417e-01 2.049431e+02
9.986352e-01 -1.917512e-02 4.859850e-02 1.442835e+01 1.894521e-02 9.998076e-01 5.175657e-03 -2.073151e+01 -4.868949e-02 -4.248842e-03 9.988048e-01 2.071582e+02
9.985750e-01 -1.840504e-02 5.012013e-02 1.462855e+01 1.811893e-02 9.998173e-01 6.157563e-03 -2.095326e+01 -5.022483e-02 -5.241546e-03 9.987240e-01 2.093706e+02
9.984637e-01 -1.730142e-02 5.265486e-02 1.482618e+01 1.701247e-02 9.998381e-01 5.930318e-03 -2.117093e+01 -5.274881e-02 -5.026418e-03 9.985945e-01 2.115809e+02
9.983601e-01 -1.544660e-02 5.515181e-02 1.503218e+01 1.512799e-02 9.998669e-01 6.177020e-03 -2.138510e+01 -5.524013e-02 -5.333839e-03 9.984588e-01 2.137910e+02
9.982302e-01 -1.521218e-02 5.750839e-02 1.523895e+01 1.485977e-02 9.998686e-01 6.535244e-03 -2.160092e+01 -5.760062e-02 -5.670106e-03 9.983232e-01 2.160002e+02
9.980994e-01 -1.646594e-02 5.940076e-02 1.545884e+01 1.607129e-02 9.998461e-01 7.101799e-03 -2.181540e+01 -5.950888e-02 -6.134759e-03 9.982081e-01 2.182094e+02
9.979989e-01 -1.763210e-02 6.073739e-02 1.568286e+01 1.718282e-02 9.998215e-01 7.911679e-03 -2.203099e+01 -6.086636e-02 -6.853221e-03 9.981217e-01 2.204195e+02
9.979180e-01 -1.946329e-02 6.151174e-02 1.591261e+01 1.905662e-02 9.997930e-01 7.183957e-03 -2.224732e+01 -6.163918e-02 -5.998062e-03 9.980805e-01 2.226240e+02
9.978613e-01 -2.039230e-02 6.212664e-02 1.613585e+01 1.999459e-02 9.997760e-01 7.003014e-03 -2.246180e+01 -6.225584e-02 -5.746696e-03 9.980435e-01 2.248321e+02
9.978241e-01 -2.061606e-02 6.264256e-02 1.636123e+01 2.019766e-02 9.997698e-01 7.294897e-03 -2.267205e+01 -6.277868e-02 -6.014736e-03 9.980095e-01 2.270384e+02
9.977710e-01 -2.164016e-02 6.313888e-02 1.658771e+01 2.127967e-02 9.997537e-01 6.368635e-03 -2.288843e+01 -6.326156e-02 -5.011853e-03 9.979844e-01 2.292413e+02
9.977290e-01 -2.212629e-02 6.363701e-02 1.682246e+01 2.169398e-02 9.997372e-01 7.463353e-03 -2.309862e+01 -6.378531e-02 -6.067022e-03 9.979454e-01 2.314493e+02
9.976894e-01 -2.214188e-02 6.425411e-02 1.705226e+01 2.168466e-02 9.997348e-01 7.799414e-03 -2.331486e+01 -6.441012e-02 -6.388537e-03 9.979023e-01 2.336593e+02
9.976623e-01 -2.207024e-02 6.468921e-02 1.729350e+01 2.161860e-02 9.997374e-01 7.660897e-03 -2.352477e+01 -6.484182e-02 -6.245549e-03 9.978750e-01 2.358625e+02
9.976238e-01 -2.160885e-02 6.543133e-02 1.752378e+01 2.114976e-02 9.997471e-01 7.699442e-03 -2.373997e+01 -6.558100e-02 -6.298206e-03 9.978267e-01 2.380729e+02
9.975826e-01 -2.192610e-02 6.595547e-02 1.775845e+01 2.144143e-02 9.997381e-01 8.043578e-03 -2.395093e+01 -6.611509e-02 -6.611039e-03 9.977902e-01 2.402754e+02
9.975565e-01 -2.185970e-02 6.636746e-02 1.799401e+01 2.142899e-02 9.997449e-01 7.194695e-03 -2.416370e+01 -6.650829e-02 -5.755780e-03 9.977693e-01 2.424841e+02
9.975695e-01 -2.154291e-02 6.627603e-02 1.823463e+01 2.115812e-02 9.997555e-01 6.490883e-03 -2.438336e+01 -6.639968e-02 -5.073685e-03 9.977803e-01 2.446982e+02
9.975236e-01 -2.174551e-02 6.690755e-02 1.845808e+01 2.133040e-02 9.997491e-01 6.901089e-03 -2.459815e+01 -6.704097e-02 -5.458080e-03 9.977351e-01 2.469106e+02
9.974817e-01 -2.247181e-02 6.728390e-02 1.869498e+01 2.205190e-02 9.997330e-01 6.968136e-03 -2.482019e+01 -6.742301e-02 -5.468029e-03 9.977089e-01 2.491266e+02
9.974581e-01 -2.237218e-02 6.767696e-02 1.893337e+01 2.191963e-02 9.997327e-01 7.413878e-03 -2.502885e+01 -6.782494e-02 -5.912225e-03 9.976790e-01 2.513259e+02
9.974385e-01 -2.284289e-02 6.779848e-02 1.917477e+01 2.239208e-02 9.997223e-01 7.387988e-03 -2.523610e+01 -6.794882e-02 -5.852030e-03 9.976715e-01 2.535254e+02
9.974072e-01 -2.289964e-02 6.824475e-02 1.940960e+01 2.241303e-02 9.997181e-01 7.875806e-03 -2.545336e+01 -6.840685e-02 -6.326807e-03 9.976374e-01 2.557371e+02
9.973803e-01 -2.295239e-02 6.861653e-02 1.965238e+01 2.248340e-02 9.997188e-01 7.600117e-03 -2.567084e+01 -6.877219e-02 -6.038118e-03 9.976135e-01 2.579466e+02
9.973400e-01 -2.301589e-02 6.917076e-02 1.989030e+01 2.257202e-02 9.997198e-01 7.188592e-03 -2.588417e+01 -6.931649e-02 -5.608803e-03 9.975787e-01 2.601574e+02
9.972993e-01 -2.227581e-02 7.000040e-02 2.013112e+01 2.186602e-02 9.997394e-01 6.607198e-03 -2.609808e+01 -7.012943e-02 -5.059873e-03 9.975247e-01 2.623626e+02
9.972170e-01 -2.221482e-02 7.118489e-02 2.037548e+01 2.179121e-02 9.997405e-01 6.710874e-03 -2.631239e+01 -7.131528e-02 -5.141412e-03 9.974398e-01 2.645710e+02
9.971446e-01 -2.237325e-02 7.213696e-02 2.062985e+01 2.196009e-02 9.997381e-01 6.507028e-03 -2.653109e+01 -7.226426e-02 -4.905305e-03 9.973727e-01 2.667761e+02
9.970326e-01 -2.284201e-02 7.352537e-02 2.088723e+01 2.240233e-02 9.997263e-01 6.794492e-03 -2.674576e+01 -7.366028e-02 -5.128292e-03 9.972695e-01 2.689801e+02
9.969166e-01 -2.337566e-02 7.491848e-02 2.114685e+01 2.288623e-02 9.997113e-01 7.374630e-03 -2.695771e+01 -7.507061e-02 -5.637859e-03 9.971620e-01 2.711823e+02
9.968375e-01 -2.334803e-02 7.598087e-02 2.141190e+01 2.275027e-02 9.997036e-01 8.718377e-03 -2.717007e+01 -7.616290e-02 -6.963371e-03 9.970706e-01 2.734043e+02
9.967411e-01 -2.302293e-02 7.732921e-02 2.167200e+01 2.233721e-02 9.997037e-01 9.716330e-03 -2.738041e+01 -7.752975e-02 -7.958492e-03 9.969575e-01 2.756138e+02
9.966235e-01 -2.232034e-02 7.902570e-02 2.192688e+01 2.156384e-02 9.997137e-01 1.040331e-02 -2.758893e+01 -7.923583e-02 -8.665399e-03 9.968183e-01 2.778174e+02
9.965382e-01 -2.160524e-02 8.029761e-02 2.218871e+01 2.082075e-02 9.997276e-01 1.058867e-02 -2.779668e+01 -8.050532e-02 -8.880802e-03 9.967144e-01 2.800191e+02
9.964722e-01 -2.033279e-02 8.143825e-02 2.244996e+01 1.959518e-02 9.997600e-01 9.840537e-03 -2.800147e+01 -8.161918e-02 -8.211122e-03 9.966291e-01 2.822206e+02
9.964313e-01 -2.006020e-02 8.200583e-02 2.271771e+01 1.937497e-02 9.997709e-01 9.139689e-03 -2.820950e+01 -8.217021e-02 -7.519612e-03 9.965894e-01 2.844277e+02
9.964099e-01 -2.079652e-02 8.207969e-02 2.298867e+01 2.012152e-02 9.997571e-01 9.039524e-03 -2.842312e+01 -8.224860e-02 -7.356147e-03 9.965849e-01 2.866293e+02
9.964283e-01 -2.079545e-02 8.185855e-02 2.326381e+01 2.015068e-02 9.997596e-01 8.695282e-03 -2.863275e+01 -8.201983e-02 -7.015118e-03 9.966051e-01 2.888363e+02
9.964306e-01 -2.147714e-02 8.165029e-02 2.353619e+01 2.089075e-02 9.997500e-01 8.025812e-03 -2.884299e+01 -8.180201e-02 -6.291927e-03 9.966284e-01 2.910421e+02
9.964397e-01 -2.142057e-02 8.155894e-02 2.380739e+01 2.084353e-02 9.997518e-01 7.920119e-03 -2.905993e+01 -8.170882e-02 -6.192811e-03 9.966368e-01 2.932532e+02
9.964597e-01 -2.078692e-02 8.147823e-02 2.407802e+01 2.014706e-02 9.997600e-01 8.659003e-03 -2.927513e+01 -8.163908e-02 -6.987692e-03 9.966366e-01 2.954706e+02
9.964609e-01 -2.011378e-02 8.163082e-02 2.434736e+01 1.942835e-02 9.997695e-01 9.178703e-03 -2.948618e+01 -8.179672e-02 -7.561680e-03 9.966200e-01 2.976912e+02
9.964699e-01 -2.016736e-02 8.150711e-02 2.462327e+01 1.946910e-02 9.997672e-01 9.347254e-03 -2.969730e+01 -8.167734e-02 -7.728500e-03 9.966285e-01 2.998988e+02
9.964674e-01 -1.950615e-02 8.169895e-02 2.489933e+01 1.878480e-02 9.997780e-01 9.586570e-03 -2.990468e+01 -8.186849e-02 -8.019073e-03 9.966110e-01 3.021190e+02
9.964286e-01 -2.081063e-02 8.184180e-02 2.516584e+01 2.010334e-02 9.997536e-01 9.451817e-03 -3.011016e+01 -8.201869e-02 -7.773703e-03 9.966007e-01 3.043198e+02
9.963981e-01 -2.189813e-02 8.193689e-02 2.543544e+01 2.113918e-02 9.997258e-01 1.010966e-02 -3.031830e+01 -8.213585e-02 -8.342103e-03 9.965858e-01 3.065287e+02
9.963823e-01 -2.236055e-02 8.200632e-02 2.571135e+01 2.164095e-02 9.997198e-01 9.641531e-03 -3.052403e+01 -8.219879e-02 -7.833270e-03 9.965848e-01 3.087421e+02
9.963755e-01 -2.188337e-02 8.221470e-02 2.598579e+01 2.110222e-02 9.997242e-01 1.034831e-02 -3.073204e+01 -8.241920e-02 -8.576784e-03 9.965600e-01 3.109513e+02
9.963510e-01 -2.073822e-02 8.281132e-02 2.626146e+01 2.001421e-02 9.997544e-01 9.561320e-03 -3.094769e+01 -8.298995e-02 -7.869841e-03 9.965194e-01 3.131719e+02
9.963253e-01 -1.944518e-02 8.343365e-02 2.652878e+01 1.868051e-02 9.997765e-01 9.935629e-03 -3.115458e+01 -8.360830e-02 -8.341495e-03 9.964633e-01 3.153842e+02
9.963106e-01 -1.757251e-02 8.402390e-02 2.679953e+01 1.683911e-02 9.998142e-01 9.421461e-03 -3.136123e+01 -8.417401e-02 -7.972817e-03 9.964191e-01 3.175982e+02
9.962705e-01 -1.693985e-02 8.462083e-02 2.707234e+01 1.614245e-02 9.998191e-01 1.009707e-02 -3.156915e+01 -8.477702e-02 -8.694747e-03 9.963618e-01 3.198059e+02
9.962310e-01 -1.751489e-02 8.496419e-02 2.735501e+01 1.663411e-02 9.998009e-01 1.105967e-02 -3.177589e+01 -8.514133e-02 -9.605876e-03 9.963217e-01 3.220322e+02
9.962131e-01 -1.804220e-02 8.506597e-02 2.763058e+01 1.718785e-02 9.997947e-01 1.076576e-02 -3.198818e+01 -8.524329e-02 -9.264105e-03 9.963173e-01 3.242449e+02
9.961917e-01 -1.844039e-02 8.523067e-02 2.791335e+01 1.764819e-02 9.997944e-01 1.003017e-02 -3.220011e+01 -8.539811e-02 -8.488925e-03 9.963104e-01 3.264654e+02
9.962125e-01 -1.870161e-02 8.492940e-02 2.819552e+01 1.794432e-02 9.997927e-01 9.662230e-03 -3.240982e+01 -8.509203e-02 -8.102258e-03 9.963398e-01 3.286829e+02
9.962454e-01 -1.859130e-02 8.456286e-02 2.848127e+01 1.772317e-02 9.997829e-01 1.099654e-02 -3.262314e+01 -8.474920e-02 -9.457518e-03 9.963566e-01 3.308885e+02
9.962361e-01 -1.882082e-02 8.462610e-02 2.875735e+01 1.794674e-02 9.997780e-01 1.107668e-02 -3.283363e+01 -8.481557e-02 -9.517621e-03 9.963506e-01 3.330990e+02
9.962665e-01 -1.895110e-02 8.423935e-02 2.903201e+01 1.807154e-02 9.997746e-01 1.118529e-02 -3.303828e+01 -8.443245e-02 -9.622520e-03 9.963820e-01 3.353141e+02
9.962938e-01 -1.908211e-02 8.388337e-02 2.930877e+01 1.823380e-02 9.997752e-01 1.085969e-02 -3.324714e+01 -8.407263e-02 -9.290377e-03 9.964160e-01 3.375348e+02
9.963421e-01 -1.915033e-02 8.329260e-02 2.958731e+01 1.825918e-02 9.997682e-01 1.144331e-02 -3.345600e+01 -8.349292e-02 -9.881198e-03 9.964590e-01 3.397572e+02
9.963729e-01 -1.956570e-02 8.282971e-02 2.986404e+01 1.866355e-02 9.997584e-01 1.164511e-02 -3.366326e+01 -8.303759e-02 -1.005735e-02 9.964951e-01 3.419780e+02
9.964145e-01 -1.894406e-02 8.246666e-02 3.013796e+01 1.804768e-02 9.997704e-01 1.159128e-02 -3.387164e+01 -8.266748e-02 -1.006191e-02 9.965262e-01 3.442084e+02
9.964471e-01 -1.853756e-02 8.216225e-02 3.040794e+01 1.762717e-02 9.997756e-01 1.178475e-02 -3.407599e+01 -8.236289e-02 -1.029563e-02 9.965490e-01 3.464260e+02
9.964819e-01 -1.829074e-02 8.180274e-02 3.068218e+01 1.734761e-02 9.997752e-01 1.221683e-02 -3.427760e+01 -8.200868e-02 -1.075597e-02 9.965731e-01 3.486408e+02
9.965155e-01 -1.873960e-02 8.129381e-02 3.096127e+01 1.784193e-02 9.997723e-01 1.174665e-02 -3.448312e+01 -8.149581e-02 -1.025621e-02 9.966204e-01 3.508585e+02
9.965553e-01 -1.921405e-02 8.068862e-02 3.123284e+01 1.828552e-02 9.997585e-01 1.223017e-02 -3.468890e+01 -8.090489e-02 -1.071392e-02 9.966637e-01 3.530801e+02
9.965831e-01 -1.882908e-02 8.043119e-02 3.149909e+01 1.784029e-02 9.997569e-01 1.298704e-02 -3.489292e+01 -8.065648e-02 -1.150884e-02 9.966756e-01 3.553038e+02
9.966030e-01 -1.932217e-02 8.007473e-02 3.176729e+01 1.835699e-02 9.997504e-01 1.276523e-02 -3.509687e+01 -8.030226e-02 -1.125283e-02 9.967067e-01 3.575252e+02
9.966484e-01 -1.933250e-02 7.949905e-02 3.203384e+01 1.834327e-02 9.997456e-01 1.315569e-02 -3.530369e+01 -7.973326e-02 -1.165408e-02 9.967477e-01 3.597476e+02
9.966844e-01 -1.946645e-02 7.901188e-02 3.230110e+01 1.850896e-02 9.997468e-01 1.283297e-02 -3.550701e+01 -7.924197e-02 -1.132910e-02 9.967909e-01 3.619669e+02
9.967031e-01 -2.061127e-02 7.849336e-02 3.256645e+01 1.968423e-02 9.997277e-01 1.256034e-02 -3.571149e+01 -7.873158e-02 -1.097488e-02 9.968347e-01 3.641883e+02
9.967458e-01 -2.083477e-02 7.788545e-02 3.283609e+01 1.994085e-02 9.997267e-01 1.223422e-02 -3.591936e+01 -7.811955e-02 -1.064211e-02 9.968869e-01 3.664135e+02
9.967641e-01 -2.093966e-02 7.761849e-02 3.310409e+01 2.008029e-02 9.997288e-01 1.182847e-02 -3.612531e+01 -7.784540e-02 -1.023287e-02 9.969126e-01 3.686305e+02
9.967718e-01 -2.106932e-02 7.748297e-02 3.336453e+01 2.015525e-02 9.997184e-01 1.255167e-02 -3.633031e+01 -7.772624e-02 -1.095025e-02 9.969141e-01 3.708515e+02
9.967902e-01 -2.099700e-02 7.726566e-02 3.363518e+01 2.007122e-02 9.997179e-01 1.273236e-02 -3.653076e+01 -7.751185e-02 -1.114147e-02 9.969288e-01 3.730808e+02
9.967962e-01 -2.130829e-02 7.710251e-02 3.389800e+01 2.039732e-02 9.997133e-01 1.257183e-02 -3.673343e+01 -7.734870e-02 -1.095985e-02 9.969439e-01 3.752988e+02
9.968037e-01 -2.160442e-02 7.692782e-02 3.415892e+01 2.067007e-02 9.997033e-01 1.291661e-02 -3.693719e+01 -7.718502e-02 -1.128585e-02 9.969530e-01 3.775203e+02
9.968211e-01 -2.147816e-02 7.673644e-02 3.442554e+01 2.053215e-02 9.997039e-01 1.309077e-02 -3.714345e+01 -7.699565e-02 -1.147448e-02 9.969652e-01 3.797496e+02
9.968271e-01 -2.119863e-02 7.673655e-02 3.468613e+01 2.022780e-02 9.997060e-01 1.339969e-02 -3.734817e+01 -7.699871e-02 -1.180579e-02 9.969606e-01 3.819708e+02
9.968439e-01 -1.990498e-02 7.686900e-02 3.494436e+01 1.894571e-02 9.997341e-01 1.317848e-02 -3.755245e+01 -7.711137e-02 -1.168140e-02 9.969538e-01 3.841912e+02
9.968692e-01 -1.865682e-02 7.685423e-02 3.520744e+01 1.769913e-02 9.997577e-01 1.312047e-02 -3.775600e+01 -7.708096e-02 -1.171989e-02 9.969554e-01 3.864120e+02
9.968982e-01 -1.769643e-02 7.669756e-02 3.547921e+01 1.663258e-02 9.997572e-01 1.448413e-02 -3.796081e+01 -7.693609e-02 -1.316434e-02 9.969487e-01 3.886488e+02
9.968845e-01 -1.677853e-02 7.708015e-02 3.573589e+01 1.568061e-02 9.997676e-01 1.482709e-02 -3.816551e+01 -7.731159e-02 -1.357303e-02 9.969144e-01 3.908827e+02
9.968582e-01 -1.723108e-02 7.732157e-02 3.599704e+01 1.625095e-02 9.997801e-01 1.328552e-02 -3.836855e+01 -7.753388e-02 -1.198812e-02 9.969172e-01 3.931072e+02
9.968282e-01 -1.764082e-02 7.761730e-02 3.625875e+01 1.669338e-02 9.997786e-01 1.283652e-02 -3.857503e+01 -7.782653e-02 -1.150136e-02 9.969002e-01 3.953360e+02
9.967689e-01 -1.872058e-02 7.812730e-02 3.652602e+01 1.769355e-02 9.997485e-01 1.380560e-02 -3.877608e+01 -7.836672e-02 -1.237966e-02 9.968472e-01 3.975717e+02
9.967006e-01 -2.035076e-02 7.858664e-02 3.678806e+01 1.925547e-02 9.997075e-01 1.466118e-02 -3.897501e+01 -7.886204e-02 -1.310012e-02 9.967986e-01 3.998109e+02
9.966589e-01 -2.092436e-02 7.896286e-02 3.705703e+01 1.981556e-02 9.996947e-01 1.479204e-02 -3.917707e+01 -7.924814e-02 -1.317858e-02 9.967671e-01 4.020439e+02
9.966045e-01 -2.087339e-02 7.966180e-02 3.732271e+01 1.981224e-02 9.997048e-01 1.408690e-02 -3.937906e+01 -7.993212e-02 -1.246188e-02 9.967224e-01 4.042794e+02
9.965537e-01 -2.020310e-02 8.046408e-02 3.759106e+01 1.910336e-02 9.997142e-01 1.440305e-02 -3.957923e+01 -8.073277e-02 -1.281698e-02 9.966530e-01 4.065107e+02
9.965086e-01 -1.947733e-02 8.120165e-02 3.786577e+01 1.840669e-02 9.997342e-01 1.390652e-02 -3.978148e+01 -8.145146e-02 -1.236439e-02 9.966007e-01 4.087354e+02
9.964504e-01 -1.921413e-02 8.197182e-02 3.813873e+01 1.812110e-02 9.997374e-01 1.405640e-02 -3.998433e+01 -8.222055e-02 -1.252204e-02 9.965355e-01 4.109640e+02
9.963853e-01 -1.925476e-02 8.274930e-02 3.841168e+01 1.817567e-02 9.997405e-01 1.376347e-02 -4.018663e+01 -8.299307e-02 -1.221083e-02 9.964752e-01 4.132047e+02
9.963357e-01 -2.012477e-02 8.314288e-02 3.869435e+01 1.905696e-02 9.997261e-01 1.361340e-02 -4.038954e+01 -8.339432e-02 -1.198009e-02 9.964445e-01 4.154448e+02
9.962865e-01 -2.069842e-02 8.359568e-02 3.897343e+01 1.963211e-02 9.997158e-01 1.355366e-02 -4.059538e+01 -8.385259e-02 -1.186336e-02 9.964075e-01 4.176882e+02
9.962262e-01 -2.150526e-02 8.410224e-02 3.924863e+01 2.034768e-02 9.996868e-01 1.459566e-02 -4.079732e+01 -8.439007e-02 -1.282998e-02 9.963496e-01 4.199256e+02
9.961928e-01 -2.134980e-02 8.453480e-02 3.952409e+01 2.013020e-02 9.996815e-01 1.524580e-02 -4.099420e+01 -8.483381e-02 -1.348736e-02 9.963033e-01 4.221731e+02
9.961735e-01 -2.112754e-02 8.481513e-02 3.981069e+01 1.983974e-02 9.996757e-01 1.599169e-02 -4.119647e+01 -8.512591e-02 -1.424846e-02 9.962682e-01 4.244222e+02
9.961516e-01 -2.069170e-02 8.517734e-02 4.009230e+01 1.939565e-02 9.996840e-01 1.601140e-02 -4.139984e+01 -8.548235e-02 -1.429892e-02 9.962367e-01 4.266654e+02
9.961163e-01 -2.058712e-02 8.561685e-02 4.037480e+01 1.935210e-02 9.996972e-01 1.522646e-02 -4.159632e+01 -8.590512e-02 -1.351126e-02 9.962115e-01 4.288990e+02
9.961092e-01 -2.042816e-02 8.574182e-02 4.066127e+01 1.915064e-02 9.996939e-01 1.569086e-02 -4.178748e+01 -8.603640e-02 -1.398853e-02 9.961931e-01 4.311284e+02
9.960956e-01 -2.039042e-02 8.590918e-02 4.094256e+01 1.908292e-02 9.996901e-01 1.600645e-02 -4.198533e+01 -8.620934e-02 -1.430574e-02 9.961734e-01 4.333567e+02
9.960951e-01 -2.033232e-02 8.592653e-02 4.122898e+01 1.899377e-02 9.996861e-01 1.635824e-02 -4.218440e+01 -8.623348e-02 -1.466288e-02 9.961671e-01 4.355964e+02
9.960838e-01 -2.023811e-02 8.607545e-02 4.151840e+01 1.884911e-02 9.996796e-01 1.691481e-02 -4.238091e+01 -8.639042e-02 -1.522695e-02 9.961443e-01 4.378540e+02
9.960672e-01 -2.075777e-02 8.614983e-02 4.180854e+01 1.934128e-02 9.996647e-01 1.723535e-02 -4.257088e+01 -8.647913e-02 -1.550192e-02 9.961324e-01 4.400855e+02
9.960735e-01 -2.046105e-02 8.614495e-02 4.210191e+01 1.907032e-02 9.996752e-01 1.693146e-02 -4.276626e+01 -8.646337e-02 -1.522290e-02 9.961384e-01 4.423277e+02
9.960888e-01 -1.991199e-02 8.609806e-02 4.239526e+01 1.857135e-02 9.996945e-01 1.633559e-02 -4.296699e+01 -8.639801e-02 -1.467388e-02 9.961526e-01 4.445722e+02
9.960912e-01 -1.921373e-02 8.622962e-02 4.268424e+01 1.792344e-02 9.997163e-01 1.571194e-02 -4.316404e+01 -8.650769e-02 -1.410582e-02 9.961516e-01 4.468239e+02
9.960977e-01 -1.936345e-02 8.612021e-02 4.297672e+01 1.802267e-02 9.997048e-01 1.631700e-02 -4.336081e+01 -8.641104e-02 -1.470240e-02 9.961512e-01 4.490747e+02
9.961000e-01 -1.945043e-02 8.608015e-02 4.326669e+01 1.814391e-02 9.997089e-01 1.592845e-02 -4.356266e+01 -8.636543e-02 -1.430508e-02 9.961601e-01 4.513215e+02
9.961238e-01 -1.895015e-02 8.590578e-02 4.355235e+01 1.768523e-02 9.997244e-01 1.546099e-02 -4.375911e+01 -8.617573e-02 -1.388276e-02 9.961833e-01 4.535688e+02
9.961613e-01 -1.811138e-02 8.565443e-02 4.383552e+01 1.680603e-02 9.997321e-01 1.593721e-02 -4.395633e+01 -8.592090e-02 -1.443696e-02 9.961966e-01 4.558220e+02
9.961888e-01 -1.814464e-02 8.532655e-02 4.411815e+01 1.673320e-02 9.997121e-01 1.721900e-02 -4.415473e+01 -8.561485e-02 -1.572675e-02 9.962044e-01 4.580664e+02
9.962356e-01 -1.846612e-02 8.470622e-02 4.440157e+01 1.704403e-02 9.997024e-01 1.747543e-02 -4.434565e+01 -8.500352e-02 -1.596723e-02 9.962523e-01 4.603229e+02
9.962878e-01 -1.867173e-02 8.405382e-02 4.467856e+01 1.732884e-02 9.997111e-01 1.667773e-02 -4.454530e+01 -8.434160e-02 -1.516013e-02 9.963212e-01 4.625770e+02
9.963480e-01 -1.902851e-02 8.325115e-02 4.496599e+01 1.773760e-02 9.997116e-01 1.621534e-02 -4.474183e+01 -8.353665e-02 -1.468052e-02 9.963966e-01 4.648300e+02
9.964081e-01 -1.907228e-02 8.251472e-02 4.524405e+01 1.776754e-02 9.997061e-01 1.651552e-02 -4.493507e+01 -8.280631e-02 -1.499072e-02 9.964527e-01 4.670882e+02
9.964503e-01 -1.923863e-02 8.197309e-02 4.552056e+01 1.792485e-02 9.996998e-01 1.673115e-02 -4.513105e+01 -8.227059e-02 -1.520346e-02 9.964938e-01 4.693408e+02
9.965047e-01 -1.944003e-02 8.126125e-02 4.579804e+01 1.814282e-02 9.996969e-01 1.666359e-02 -4.532558e+01 -8.156112e-02 -1.513208e-02 9.965528e-01 4.716065e+02
9.965702e-01 -1.956788e-02 8.042313e-02 4.607858e+01 1.823503e-02 9.996851e-01 1.726591e-02 -4.552514e+01 -8.073619e-02 -1.574122e-02 9.966114e-01 4.738693e+02
9.966151e-01 -1.972623e-02 7.981726e-02 4.635613e+01 1.835875e-02 9.996731e-01 1.782028e-02 -4.572245e+01 -8.014337e-02 -1.629510e-02 9.966495e-01 4.761335e+02
9.966358e-01 -2.043219e-02 7.938451e-02 4.663018e+01 1.910455e-02 9.996658e-01 1.743790e-02 -4.591897e+01 -7.971466e-02 -1.586394e-02 9.966909e-01 4.783851e+02
9.966663e-01 -2.088034e-02 7.888126e-02 4.690357e+01 1.954371e-02 9.996533e-01 1.766895e-02 -4.611149e+01 -7.922328e-02 -1.606912e-02 9.967274e-01 4.806446e+02
9.966846e-01 -2.156508e-02 7.847151e-02 4.717334e+01 2.022928e-02 9.996380e-01 1.776629e-02 -4.630829e+01 -7.882652e-02 -1.612045e-02 9.967574e-01 4.829058e+02
9.967237e-01 -2.146283e-02 7.799967e-02 4.744028e+01 2.008625e-02 9.996297e-01 1.838225e-02 -4.650797e+01 -7.836559e-02 -1.675587e-02 9.967837e-01 4.851643e+02
9.967697e-01 -2.081968e-02 7.758169e-02 4.771486e+01 1.940456e-02 9.996325e-01 1.894984e-02 -4.670304e+01 -7.794865e-02 -1.738432e-02 9.968056e-01 4.874260e+02
9.967858e-01 -2.110194e-02 7.730003e-02 4.798570e+01 1.970425e-02 9.996297e-01 1.878877e-02 -4.689299e+01 -7.766831e-02 -1.720660e-02 9.968305e-01 4.896941e+02
9.968140e-01 -2.075760e-02 7.702258e-02 4.825112e+01 1.941728e-02 9.996479e-01 1.810622e-02 -4.708620e+01 -7.737209e-02 -1.655432e-02 9.968644e-01 4.919517e+02
9.968393e-01 -2.030142e-02 7.682522e-02 4.851196e+01 1.891986e-02 9.996472e-01 1.866400e-02 -4.728214e+01 -7.717692e-02 -1.715211e-02 9.968701e-01 4.942225e+02
9.968473e-01 -2.001273e-02 7.679445e-02 4.876985e+01 1.860338e-02 9.996465e-01 1.901608e-02 -4.747453e+01 -7.714781e-02 -1.752862e-02 9.968646e-01 4.964949e+02
9.968495e-01 -2.013119e-02 7.673125e-02 4.902905e+01 1.876054e-02 9.996525e-01 1.853726e-02 -4.766904e+01 -7.707814e-02 -1.704059e-02 9.968787e-01 4.987575e+02
9.968695e-01 -2.012084e-02 7.647823e-02 4.929584e+01 1.871099e-02 9.996429e-01 1.909929e-02 -4.786011e+01 -7.683564e-02 -1.760986e-02 9.968881e-01 5.010259e+02
9.968562e-01 -2.082941e-02 7.646275e-02 4.955882e+01 1.947846e-02 9.996420e-01 1.836584e-02 -4.805411e+01 -7.681854e-02 -1.681965e-02 9.969027e-01 5.032947e+02
9.968565e-01 -2.197522e-02 7.613782e-02 4.982102e+01 2.059210e-02 9.996097e-01 1.890026e-02 -4.824646e+01 -7.652296e-02 -1.727444e-02 9.969178e-01 5.055697e+02
9.968416e-01 -2.181054e-02 7.637882e-02 5.007533e+01 2.039269e-02 9.996063e-01 1.928771e-02 -4.844283e+01 -7.676959e-02 -1.767020e-02 9.968916e-01 5.078332e+02
9.968833e-01 -2.072140e-02 7.613797e-02 5.034340e+01 1.931767e-02 9.996309e-01 1.912068e-02 -4.863363e+01 -7.650666e-02 -1.759152e-02 9.969140e-01 5.100974e+02
9.968969e-01 -1.954415e-02 7.626387e-02 5.060868e+01 1.816486e-02 9.996598e-01 1.873544e-02 -4.882878e+01 -7.660397e-02 -1.729266e-02 9.969118e-01 5.123573e+02
9.968874e-01 -1.813458e-02 7.674125e-02 5.087064e+01 1.671026e-02 9.996772e-01 1.915612e-02 -4.901911e+01 -7.706398e-02 -1.781536e-02 9.968663e-01 5.146323e+02
9.968712e-01 -1.647660e-02 7.732323e-02 5.113506e+01 1.504238e-02 9.997050e-01 1.909122e-02 -4.920860e+01 -7.761516e-02 -1.786949e-02 9.968235e-01 5.169135e+02
9.968330e-01 -1.558948e-02 7.799056e-02 5.140408e+01 1.405627e-02 9.996982e-01 2.016734e-02 -4.940049e+01 -7.828219e-02 -1.900821e-02 9.967492e-01 5.191975e+02
9.967849e-01 -1.607377e-02 7.850794e-02 5.167285e+01 1.452146e-02 9.996889e-01 2.030330e-02 -4.958867e+01 -7.881075e-02 -1.909852e-02 9.967059e-01 5.214774e+02
9.967248e-01 -1.825600e-02 7.878685e-02 5.194784e+01 1.661105e-02 9.996316e-01 2.148434e-02 -4.977599e+01 -7.915007e-02 -2.010648e-02 9.966599e-01 5.237495e+02
9.966701e-01 -1.988440e-02 7.909359e-02 5.222138e+01 1.826294e-02 9.996094e-01 2.117178e-02 -4.996435e+01 -7.948454e-02 -1.965778e-02 9.966419e-01 5.260256e+02
9.966438e-01 -2.026589e-02 7.932636e-02 5.249877e+01 1.867540e-02 9.996108e-01 2.073995e-02 -5.015110e+01 -7.971623e-02 -1.919022e-02 9.966323e-01 5.282972e+02
9.966110e-01 -2.012156e-02 7.977593e-02 5.277789e+01 1.856081e-02 9.996229e-01 2.025619e-02 -5.033714e+01 -8.015373e-02 -1.870775e-02 9.966069e-01 5.305907e+02
9.965822e-01 -1.945349e-02 8.029780e-02 5.305079e+01 1.793824e-02 9.996485e-01 1.954448e-02 -5.052914e+01 -8.065063e-02 -1.803850e-02 9.965791e-01 5.328714e+02
9.965420e-01 -1.889174e-02 8.092624e-02 5.332441e+01 1.737828e-02 9.996619e-01 1.936016e-02 -5.072005e+01 -8.126475e-02 -1.788761e-02 9.965312e-01 5.351447e+02
9.964956e-01 -1.883014e-02 8.150745e-02 5.359911e+01 1.737363e-02 9.996777e-01 1.853258e-02 -5.091950e+01 -8.183048e-02 -1.705194e-02 9.964995e-01 5.374198e+02
9.964608e-01 -1.884186e-02 8.193179e-02 5.387957e+01 1.732429e-02 9.996661e-01 1.919400e-02 -5.111650e+01 -8.226662e-02 -1.770763e-02 9.964531e-01 5.397098e+02
9.964234e-01 -1.859746e-02 8.243446e-02 5.415816e+01 1.701661e-02 9.996590e-01 1.982978e-02 -5.131130e+01 -8.277569e-02 -1.835706e-02 9.963993e-01 5.419982e+02
9.963862e-01 -1.876312e-02 8.285704e-02 5.443898e+01 1.718709e-02 9.996590e-01 1.968207e-02 -5.150597e+01 -8.319782e-02 -1.818823e-02 9.963667e-01 5.442900e+02
9.963718e-01 -1.977077e-02 8.279217e-02 5.472835e+01 1.826403e-02 9.996547e-01 1.891535e-02 -5.169825e+01 -8.313759e-02 -1.733550e-02 9.963868e-01 5.465762e+02
9.963671e-01 -1.998676e-02 8.279764e-02 5.501396e+01 1.845555e-02 9.996455e-01 1.921418e-02 -5.189176e+01 -8.315320e-02 -1.761687e-02 9.963809e-01 5.488671e+02
9.963641e-01 -2.004090e-02 8.282642e-02 5.530351e+01 1.846831e-02 9.996357e-01 1.970087e-02 -5.208530e+01 -8.319166e-02 -1.810078e-02 9.963685e-01 5.511601e+02
9.963625e-01 -1.981667e-02 8.289878e-02 5.559547e+01 1.818452e-02 9.996270e-01 2.039498e-02 -5.227548e+01 -8.327204e-02 -1.881384e-02 9.963490e-01 5.534489e+02
