1.000000000 0.000000000 0.000000000 0.000000000 0.000000000 1.000000000 0.000000000 0.000000000 0.000000000 0.000000000 1.000000000 0.000000000
0.999997854 -0.001555702 -0.001387547 0.050651353 0.001552741 0.999996543 -0.002132959 -0.132362455 0.001390860 0.002130800 0.999996781 1.297224641
0.999997616 0.000074867 -0.002152828 0.104380883 -0.000088709 0.999979258 -0.006430463 -0.265484810 0.002152302 0.006430639 0.999976993 2.604054928
0.999995947 0.002501707 -0.001369724 0.147799656 -0.002512514 0.999965250 -0.007946515 -0.404103309 0.001349797 0.007949925 0.999967456 3.907599211
0.999983132 0.005805918 0.000191886 0.192540124 -0.005804521 0.999961257 -0.006619248 -0.543445170 -0.000230309 0.006618023 0.999978125 5.219766140
0.999974012 0.006735352 0.002569097 0.238691598 -0.006726663 0.999971688 -0.003375759 -0.687183857 -0.002591762 0.003358390 0.999990940 6.534417629
0.999958336 0.006968330 0.005906946 0.295311600 -0.006956557 0.999973834 -0.002011135 -0.824645519 -0.005920805 0.001969959 0.999980509 7.837015629
0.999943256 0.005389648 0.009180933 0.351519585 -0.005372025 0.999983609 -0.001943047 -0.958795249 -0.009191254 0.001893617 0.999955952 9.142215729
0.999913454 0.004035265 0.012515867 0.429012597 -0.004011386 0.999990046 -0.001932405 -1.095103025 -0.012523539 0.001882032 0.999919832 10.441554070
0.999868870 0.002928613 0.015927248 0.493621111 -0.002888218 0.999992490 -0.002558672 -1.234553695 -0.015934624 0.002512335 0.999869823 11.748394012
0.999811113 0.001909670 0.019338727 0.569480419 -0.001847422 0.999993026 -0.003236192 -1.374635220 -0.019344769 0.003199855 0.999807715 13.042541504
0.999743760 0.001768632 0.022566598 0.641528487 -0.001687313 0.999992013 -0.003622017 -1.513797760 -0.022572823 0.003583012 0.999738753 14.362801552
0.999661744 0.001632817 0.025956558 0.725630522 -0.001515685 0.999988556 -0.004531627 -1.653734446 -0.025963658 0.004490752 0.999652803 15.660593033
0.999570191 0.002558965 0.029204521 0.806518435 -0.002426062 0.999986470 -0.004585313 -1.791038990 -0.029215865 0.004512491 0.999562860 16.954441071
0.999470115 0.002244601 0.032470852 0.896007061 -0.002107942 0.999988794 -0.004242274 -1.929747939 -0.032480009 0.004171580 0.999463677 18.241285324
0.999405384 0.000597453 0.034474917 0.998023331 -0.000465177 0.999992430 -0.003844771 -2.074823856 -0.034476958 0.003826448 0.999398172 19.533340454
0.999344647 -0.001851878 0.036152683 1.094816804 0.002042616 0.999984264 -0.005239690 -2.213985920 -0.036142416 0.005310102 0.999332488 20.810752869
0.999305546 -0.001582593 0.037225895 1.195308685 0.001838855 0.999974787 -0.006850740 -2.357624769 -0.037214112 0.006914437 0.999283373 22.114091873
0.999253929 -0.001296302 0.038598437 1.275666475 0.001667471 0.999952614 -0.009585535 -2.500779629 -0.038584180 0.009642747 0.999208868 23.401395798
0.999219596 -0.000988482 0.039485682 1.382158041 0.001426869 0.999937654 -0.011075813 -2.642591000 -0.039472274 0.011123513 0.999158740 24.685214996
0.999180138 -0.000434669 0.040482800 1.484976530 0.000909536 0.999931097 -0.011712427 -2.790041685 -0.040474914 0.011739646 0.999111533 25.953275681
0.999160945 -0.001960337 0.040909242 1.584156990 0.002398468 0.999940217 -0.010663494 -2.936540604 -0.040885892 0.010752668 0.999105990 27.247827530
0.999159276 -0.004855991 0.040706549 1.689800858 0.005240732 0.999942541 -0.009350177 -3.085650444 -0.040658806 0.009555650 0.999127388 28.525672913
0.999181151 -0.006330401 0.039961800 1.783216715 0.006736104 0.999927044 -0.010025845 -3.229844093 -0.039895408 0.010286820 0.999150932 29.820169449
0.999189198 -0.007907429 0.039476775 1.881338835 0.008411667 0.999885023 -0.012623353 -3.376058340 -0.039372411 0.012945184 0.999140739 31.078950882
0.999226689 -0.007968801 0.038503684 1.992684364 0.008459034 0.999885023 -0.012586019 -3.526167870 -0.038398955 0.012901987 0.999179125 32.371311188
0.999237955 -0.008581714 0.038076017 2.088207006 0.009079406 0.999875426 -0.012917393 -3.670235395 -0.037960418 0.013253257 0.999191284 33.636684418
0.999255657 -0.009120600 0.037482101 2.187601089 0.009616802 0.999868214 -0.013079464 -3.813796520 -0.037357863 0.013430187 0.999211729 34.907203674
0.999260724 -0.009536660 0.037242737 2.276113033 0.010048614 0.999857247 -0.013583472 -3.958775520 -0.037107877 0.013947667 0.999213994 36.167221069
0.999309540 -0.010312076 0.035694916 2.394867897 0.010807450 0.999847591 -0.013712991 -4.116401672 -0.035548057 0.014089296 0.999268651 37.454372406
0.999308228 -0.009962773 0.035832368 2.482586145 0.010401680 0.999872923 -0.012083406 -4.261633873 -0.035707429 0.012447762 0.999284804 38.717708588
0.999270976 -0.010032570 0.036835629 2.587017536 0.010436513 0.999887288 -0.010790215 -4.403886318 -0.036723230 0.011166784 0.999263048 39.980979919
0.999189079 -0.011912799 0.038461376 2.697498798 0.012263916 0.999885142 -0.008906021 -4.549124718 -0.038350869 0.009370485 0.999220431 41.228736877
0.999079466 -0.012912785 0.040906649 2.795389175 0.013347042 0.999857187 -0.010360584 -4.692928791 -0.040767029 0.010897031 0.999109268 42.496524811
0.998961687 -0.014023112 0.043345042 2.891735315 0.014617034 0.999803126 -0.013415725 -4.843895912 -0.043148380 0.014035372 0.998970091 43.747650146
0.998865902 -0.015233691 0.045106441 3.004793167 0.015899170 0.999769449 -0.014431750 -4.993034840 -0.044876192 0.015132538 0.998878062 45.011684418
0.998748362 -0.015441294 0.047574267 3.132462978 0.016092217 0.999781668 -0.013329704 -5.125652790 -0.047358058 0.014078595 0.998778701 46.247493744
0.998533309 -0.016579149 0.051539052 3.231787205 0.017111937 0.999804437 -0.009913540 -5.282128811 -0.051364604 0.010780933 0.998621762 47.513416290
0.998262048 -0.019545188 0.055593960 3.348445415 0.020019449 0.999767721 -0.007986698 -5.419757366 -0.055424940 0.009085779 0.998421431 48.739582062
0.998038650 -0.021655716 0.058734197 3.486154795 0.022184905 0.999718785 -0.008372740 -5.558743954 -0.058536362 0.009659333 0.998238564 49.996700287
0.997766852 -0.025021693 0.061928920 3.627321720 0.025830340 0.999590814 -0.012291635 -5.693127155 -0.061596017 0.013863834 0.998004854 51.228271484
0.997479081 -0.026335910 0.065892331 3.761916161 0.027205126 0.999553800 -0.012329055 -5.832296848 -0.065538213 0.014090586 0.997750580 52.469688416
0.997142017 -0.028898710 0.069804624 3.897105455 0.029628450 0.999516368 -0.009441153 -5.974827766 -0.069498017 0.011482372 0.997515976 53.686027527
0.996849716 -0.031665590 0.072718576 4.051861286 0.032218352 0.999460101 -0.006440745 -6.108903885 -0.072475366 0.008763327 0.997331679 54.894741058
0.996625304 -0.034263186 0.074591823 4.205900192 0.034696616 0.999387622 -0.004522215 -6.242148876 -0.074391194 0.007095037 0.997203827 56.112789154
0.996420562 -0.037644513 0.075690217 4.358065128 0.037890680 0.999280155 -0.001818406 -6.363683701 -0.075567298 0.004679851 0.997129738 57.325359344
0.996265829 -0.040551569 0.076222658 4.507642746 0.040685523 0.999171972 -0.000204712 -6.493764400 -0.076151244 0.003305106 0.997090816 58.529502869
0.996221721 -0.042510547 0.075730875 4.657300949 0.042894054 0.999073684 -0.003443990 -6.616394520 -0.075514324 0.006679382 0.997122347 59.732376099
0.996225536 -0.043738328 0.074977808 4.804461956 0.044442523 0.998981774 -0.007748673 -6.744781494 -0.074562572 0.011051627 0.997155070 60.918792725
0.996241450 -0.044789631 0.074140601 4.932187080 0.045786642 0.998881519 -0.011802138 -6.874462128 -0.073529057 0.015152429 0.997177899 62.125637054
0.996272802 -0.046176180 0.072857104 5.072504520 0.047329359 0.998778701 -0.014180816 -7.007162094 -0.072113290 0.017576240 0.997241557 63.314556122
0.996418357 -0.046868362 0.070383541 5.210994720 0.047975034 0.998748839 -0.014115402 -7.146101952 -0.069633894 0.017441500 0.997420073 64.489059448
0.996643484 -0.046169557 0.067601889 5.344582558 0.047217712 0.998786628 -0.013988956 -7.280110359 -0.066873997 0.017134007 0.997614324 65.711898804
0.996856332 -0.045299482 0.065002747 5.459875107 0.046168964 0.998862386 -0.011936081 -7.412866592 -0.064388089 0.014899667 0.997813642 66.890205383
0.997267485 -0.041525286 0.061102375 5.581964493 0.042106852 0.999078989 -0.008260664 -7.546496391 -0.060703084 0.010810918 0.998097241 68.067939758
0.997552037 -0.039644297 0.057604291 5.699794292 0.040047023 0.999180734 -0.005853559 -7.675658703 -0.057325039 0.008146112 0.998322248 69.248619080
0.997737765 -0.038550265 0.055074245 5.802673340 0.039105225 0.999194324 -0.009034284 -7.810948849 -0.054681592 0.011167536 0.998441458 70.419250488
0.997944355 -0.038643498 0.051123165 5.921846867 0.039515298 0.999088287 -0.016153216 -7.942369461 -0.050452333 0.018140160 0.998561680 71.595703125
0.997955024 -0.042439532 0.047797095 6.028931618 0.043401223 0.998871982 -0.019265085 -8.077974319 -0.046925578 0.021300141 0.998671293 72.766120911
0.997982919 -0.046310306 0.043421190 6.137920380 0.046976633 0.998791397 -0.014452483 -8.214727402 -0.042699408 0.016463108 0.998952448 73.936363220
0.997978210 -0.050113022 0.039091099 6.240854263 0.050518941 0.998678207 -0.009465318 -8.343112946 -0.038565092 0.011421021 0.999190748 75.095771790
0.998028219 -0.052238498 0.034797501 6.334695816 0.052501492 0.998598397 -0.006686703 -8.471446991 -0.034399420 0.008500437 0.999372005 76.277305603
0.998203516 -0.051393505 0.030796271 6.423616409 0.051546142 0.998661876 -0.004182479 -8.597178459 -0.030540109 0.005762394 0.999516904 77.436218262
0.998325825 -0.051122095 0.027059665 6.506561279 0.051246535 0.998678327 -0.003925171 -8.722498894 -0.026823247 0.005305314 0.999626100 78.583419800
0.998473883 -0.049787745 0.023896364 6.579615116 0.049944703 0.998733878 -0.006016578 -8.848234177 -0.023566557 0.007200893 0.999696314 79.749069214
0.998658478 -0.047436789 0.020758670 6.652773857 0.047675326 0.998800576 -0.011150877 -8.976609230 -0.020204812 0.012125595 0.999722302 80.893669128
0.998575985 -0.050717633 0.016545013 6.741978645 0.050982706 0.998571157 -0.016013112 -9.115007401 -0.015709225 0.016833821 0.999734819 82.054100037
0.998427629 -0.054193724 0.014323150 6.791387081 0.054428995 0.998379946 -0.016580971 -9.251580238 -0.013401360 0.017334491 0.999759912 83.182434082
0.998461008 -0.054442212 0.010573427 6.858621120 0.054581657 0.998419583 -0.013379587 -9.378645897 -0.009828304 0.013936109 0.999854565 84.319107056
0.998462856 -0.054894246 0.007645455 6.926910877 0.054974571 0.998430192 -0.010724332 -9.511536598 -0.007044749 0.011128152 0.999913156 85.453056335
0.998604059 -0.052381694 0.006786637 6.967598915 0.052462127 0.998547435 -0.012270732 -9.640547752 -0.006134017 0.012609643 0.999901652 86.594398499
0.998793066 -0.048694905 0.006417669 7.019649506 0.048788335 0.998691797 -0.015310118 -9.769474030 -0.005663750 0.015604747 0.999862134 87.713935852
0.998868227 -0.047320917 0.004805151 7.085532188 0.047400542 0.998712242 -0.018088616 -9.896932602 -0.003942993 0.018295910 0.999824822 88.815559387
0.998807907 -0.048598856 0.004570828 7.122522831 0.048676174 0.998639882 -0.018683273 -10.037282944 -0.003656626 0.018883491 0.999814987 89.965637207
0.998762071 -0.049638297 0.003208079 7.174314499 0.049683511 0.998636484 -0.016019005 -10.169053078 -0.002408549 0.016158558 0.999866545 91.082008362
0.998714328 -0.050624017 0.002663719 7.222257137 0.050654858 0.998629272 -0.013174070 -10.300978661 -0.001993144 0.013292065 0.999909580 92.195930481
0.998721004 -0.050529387 0.001776322 7.284986496 0.050548319 0.998636186 -0.013061394 -10.419538498 -0.001113915 0.013134480 0.999913096 93.319801331
0.998693585 -0.051068850 0.001803007 7.331430435 0.051090442 0.998577774 -0.015237528 -10.547230721 -0.001022280 0.015309738 0.999882221 94.427642822
0.998688579 -0.051187601 0.000970081 7.391758919 0.051196791 0.998507977 -0.018989619 -10.678906441 0.000003400 0.019014381 0.999819160 95.536750793
0.998668134 -0.051576342 0.001339149 7.435435295 0.051592868 0.998464823 -0.020153048 -10.818128586 -0.000297673 0.020195298 0.999796033 96.654510498
0.998629093 -0.052333694 0.001108503 7.491733074 0.052345239 0.998460412 -0.018348390 -10.952254295 -0.000146557 0.018381258 0.999831080 97.738662720
0.998671055 -0.051494971 0.002077206 7.534267426 0.051518220 0.998582542 -0.013371706 -11.073331833 -0.001385686 0.013460950 0.999908447 98.825614929
0.998752415 -0.049827050 0.003316075 7.584562778 0.049857691 0.998707116 -0.009908191 -11.194392204 -0.002818091 0.010061162 0.999945462 99.889617920
0.998855174 -0.047524881 0.005441671 7.628758430 0.047576766 0.998819113 -0.009838420 -11.317764282 -0.004967676 0.010086056 0.999936759 100.958259583
0.998923957 -0.045723002 0.007780371 7.675295353 0.045811459 0.998882771 -0.011598522 -11.439349174 -0.007241359 0.011942472 0.999902427 101.992523193
0.998881817 -0.046119455 0.010397156 7.727587700 0.046263330 0.998830438 -0.014050355 -11.561782837 -0.009737001 0.014515652 0.999847174 103.012603760
0.998798370 -0.047460493 0.012218253 7.777286053 0.047641020 0.998753011 -0.014934749 -11.679983139 -0.011494203 0.015498894 0.999813795 104.033409119
0.998684525 -0.049354240 0.013903512 7.841445923 0.049550612 0.998671353 -0.014151932 -11.795355797 -0.013186581 0.014822242 0.999803245 105.015663147
0.998649597 -0.049432877 0.015976291 7.896816254 0.049639560 0.998685002 -0.012809791 -11.913334846 -0.015322058 0.013585551 0.999790311 105.990447998
0.998588562 -0.050365373 0.016857786 7.968613148 0.050557513 0.998658597 -0.011172353 -12.026489258 -0.016272474 0.012008871 0.999795496 106.940162659
0.998518050 -0.051034268 0.018897571 8.025918961 0.051256578 0.998619616 -0.011472476 -12.135433197 -0.018285995 0.012424098 0.999755681 107.858100891
0.998492420 -0.050951622 0.020417387 8.089834213 0.051158208 0.998643219 -0.009726580 -12.236925125 -0.019894099 0.010756435 0.999744236 108.768539429
0.998496234 -0.050029460 0.022414688 8.147283554 0.050207123 0.998711109 -0.007434145 -12.336959839 -0.022013871 0.008548342 0.999721110 109.637939453
0.998467207 -0.050029501 0.023666902 8.210395813 0.050149851 0.998731375 -0.004518913 -12.437576294 -0.023410797 0.005698878 0.999709666 110.498573303
0.998418212 -0.050250083 0.025215901 8.271519661 0.050375469 0.998720884 -0.004361586 -12.531077385 -0.024964470 0.005624949 0.999672472 111.325317383
0.998439968 -0.049242578 0.026317701 8.325868607 0.049351748 0.998775244 -0.003514116 -12.622241020 -0.026112422 0.004807459 0.999647439 112.135032654
0.998536527 -0.046924155 0.026887311 8.378795624 0.047028773 0.998888254 -0.003271617 -12.702777863 -0.026703898 0.004531305 0.999633074 112.915061951
0.998671114 -0.044250820 0.026414312 8.426073074 0.044278719 0.999019086 -0.000471792 -12.778891563 -0.026367528 0.001640757 0.999650955 113.670135498
0.998748958 -0.044336520 0.023126815 8.474946022 0.044329450 0.999016583 0.000818776 -12.867095947 -0.023140378 0.000207447 0.999732196 114.428710938
0.998874664 -0.044397451 0.016683295 8.512367249 0.044387888 0.999013960 0.000943320 -12.941753387 -0.016708726 -0.000201722 0.999860466 115.126815796
0.999057710 -0.042960051 0.006183073 8.541746140 0.042961728 0.999076724 -0.000138613 -13.018137932 -0.006171409 0.000404118 0.999980867 115.799163818
0.999160409 -0.040180389 -0.008004606 8.545675278 0.040157855 0.999188960 -0.002956819 -13.087161064 0.008116923 0.002632888 0.999963582 116.440612793
0.998905420 -0.038484544 -0.026586229 8.542192459 0.038353547 0.999249518 -0.005420022 -13.159336090 0.026774870 0.004394413 0.999631822 117.066490173
0.998113096 -0.036866393 -0.049103908 8.510690689 0.036534835 0.999303222 -0.007632860 -13.229631424 0.049351089 0.005824454 0.998764515 117.655044556
0.996413946 -0.035430606 -0.076836914 8.469960213 0.034800000 0.999348760 -0.009530967 -13.296675682 0.077124566 0.006822865 0.996998131 118.222396851
0.993517578 -0.033148870 -0.108738437 8.397003174 0.032089762 0.999419034 -0.011475960 -13.364646912 0.109055683 0.007912177 0.994004130 118.766998291
0.989158869 -0.028740378 -0.144009531 8.286291122 0.027191253 0.999549389 -0.012714142 -13.430154800 0.144310057 0.008660508 0.989494562 119.307609558
0.982922435 -0.022746645 -0.182609007 8.166547775 0.020858791 0.999707341 -0.012252473 -13.492462158 0.182834253 0.008234227 0.983109295 119.842758179
0.974368453 -0.017969638 -0.224239051 8.031332016 0.016028395 0.999816656 -0.010474439 -13.542567253 0.224386141 0.006611771 0.974477887 120.342224121
0.963055134 -0.013078781 -0.268986464 7.866237640 0.011067530 0.999898314 -0.008992305 -13.601111412 0.269076735 0.005683069 0.963102043 120.828514099
0.948695242 -0.007255308 -0.316108882 7.674957275 0.004536383 0.999946117 -0.009336249 -13.659657478 0.316159576 0.007423264 0.948677063 121.305900574
0.931445837 0.000511596 -0.363879681 7.445198059 -0.004517878 0.999938250 -0.010158832 -13.711028099 0.363851994 0.011106365 0.931390524 121.768539429
0.910418212 0.005109402 -0.413657486 7.193859100 -0.010563604 0.999884725 -0.010899072 -13.766751289 0.413554102 0.014292426 0.910367370 122.206199646
0.885189652 0.009838251 -0.465126336 6.921745300 -0.016053891 0.999826849 -0.009404298 -13.825139999 0.464953244 0.015791677 0.885194361 122.631439209
0.856213272 0.013009663 -0.516458690 6.636600494 -0.020705052 0.999743819 -0.009142284 -13.869976997 0.516207516 0.018521050 0.856263280 123.026199341
0.824598551 0.022768786 -0.565259933 6.309165955 -0.031617031 0.999482870 -0.005863401 -13.916895866 0.564834237 0.022706797 0.824891984 123.401229858
0.790364563 0.035793159 -0.611590445 5.963855743 -0.044522081 0.999008000 0.000930325 -13.964015007 0.611017048 0.026493985 0.791173935 123.762161255
0.754625618 0.044204675 -0.654664814 5.605266571 -0.055440642 0.998455822 0.003512459 -13.999827385 0.653809190 0.033644445 0.755911112 124.068710327
0.714823544 0.048865423 -0.697595477 5.246597290 -0.063551135 0.997967124 0.004785344 -14.051321030 0.696411192 0.040912308 0.716475844 124.364509583
0.672531247 0.050464083 -0.738346219 4.866794586 -0.065989949 0.997787476 0.008088537 -14.096473694 0.737120867 0.043283630 0.674373329 124.645248413
0.628229141 0.053909749 -0.776158512 4.464817047 -0.069538169 0.997494578 0.012998361 -14.126910210 0.774914622 0.045806695 0.630403876 124.917495728
0.583290815 0.062823348 -0.809830248 4.028095245 -0.080732211 0.996551633 0.019160016 -14.164113998 0.808241427 0.054203529 0.586351216 125.151519775
0.538128078 0.071469173 -0.839827597 3.576976776 -0.092602640 0.995379865 0.025370562 -14.184161186 0.837760687 0.064117640 0.542260051 125.361083984
0.491306871 0.076589033 -0.867612660 3.129039764 -0.098496653 0.994621873 0.032024719 -14.207414627 0.865399301 0.069722973 0.496208340 125.554290771
0.443811834 0.077993669 -0.892719567 2.667377472 -0.097603634 0.994485795 0.038361371 -14.234975815 0.890788853 0.070107445 0.448976874 125.736328125
0.396520913 0.079862185 -0.914545357 2.190483093 -0.095618866 0.994383276 0.045376349 -14.256878853 0.913032413 0.069455110 0.401930004 125.910934448
0.351608992 0.082795441 -0.932478368 1.699523926 -0.097028472 0.993939698 0.051666185 -14.280801773 0.931105018 0.072310656 0.357511610 126.043815613
0.308028221 0.086282805 -0.947456479 1.200454712 -0.102701202 0.993075013 0.057047933 -14.301076889 0.945817649 0.079732537 0.314756483 126.159828186
0.266482592 0.087588154 -0.959851682 0.681457520 -0.107217580 0.992375493 0.060789313 -14.316432953 0.957857728 0.086713687 0.273841798 126.262863159
0.226845056 0.083911449 -0.970309258 0.152208328 -0.107312083 0.992368877 0.060731031 -14.332064629 0.968000710 0.090349376 0.234118640 126.368400574
0.192013100 0.078980267 -0.978209138 -0.380559921 -0.102630369 0.992906988 0.060021602 -14.355168343 0.976011217 0.088869043 0.198756918 126.455848694
0.161596939 0.073893547 -0.984086394 -0.928426743 -0.099792764 0.993304789 0.058198761 -14.375530243 0.981798291 0.088799953 0.167889059 126.535469055
0.135288984 0.072371453 -0.988159597 -1.495382309 -0.100917101 0.993148625 0.058920283 -14.394837379 0.985653400 0.091750935 0.141665608 126.603157043
0.113038503 0.071387425 -0.991022766 -2.085268021 -0.101517349 0.993025661 0.059952378 -14.407152176 0.988390863 0.093829073 0.119497210 126.663352966
0.094717056 0.072960876 -0.992826998 -2.681696892 -0.103463180 0.992631257 0.063075952 -14.422656059 0.990113139 0.096746653 0.101567864 126.717475891
0.078406446 0.071243763 -0.994372487 -3.288100243 -0.104419701 0.992543578 0.062879205 -14.446349144 0.991437972 0.098901942 0.085261047 126.771369934
0.064204589 0.070346937 -0.995454192 -3.907490730 -0.103281088 0.992624104 0.063485548 -14.476428986 0.992577851 0.098735526 0.070996523 126.824546814
0.051867604 0.067802116 -0.996349692 -4.546326637 -0.099023394 0.993125021 0.062427744 -14.497919083 0.993732452 0.095423959 0.058224998 126.869674683
0.040209860 0.065132000 -0.997066140 -5.197668076 -0.096756957 0.993437409 0.060992926 -14.513051987 0.994495571 0.094020568 0.046247933 126.900894165
0.029504616 0.064048238 -0.997510493 -5.868124485 -0.096224204 0.993492126 0.060944092 -14.533083916 0.994922280 0.094186522 0.035475593 126.940078735
0.019860642 0.065559916 -0.997650981 -6.539259911 -0.099588826 0.993014932 0.063272707 -14.554850578 0.994830430 0.098098256 0.026250951 126.962059021
0.011616392 0.065540150 -0.997782290 -7.215155125 -0.102529354 0.992668271 0.064010561 -14.582022667 0.994662046 0.101558410 0.018251011 126.975936890
0.004843098 0.064961821 -0.997875988 -7.906615257 -0.104611836 0.992445230 0.064100564 -14.603318214 0.994501293 0.104079209 0.011602287 126.997024536
-0.000215156 0.065676086 -0.997841001 -8.605473518 -0.105344631 0.992287397 0.065333270 -14.619333267 0.994435668 0.105131269 0.006705128 127.012588501
-0.003877463 0.068210647 -0.997663379 -9.324560165 -0.107381746 0.991873801 0.068232149 -14.639821053 0.994210362 0.107395403 0.003478625 127.037139893
-0.004619070 0.072168812 -0.997381747 -10.062450409 -0.109793484 0.991325915 0.072239086 -14.663902283 0.993943691 0.109839700 0.003344662 127.038619995
-0.005682230 0.075424999 -0.997135282 -10.771155357 -0.112646103 0.990756154 0.075584389 -14.678650856 0.993618906 0.112752885 0.002866627 127.052833557
-0.006397486 0.080966853 -0.996696293 -11.509515762 -0.117365710 0.989767015 0.081157297 -14.685648918 0.993068099 0.117497161 0.003170712 127.063018799
-0.007535778 0.084885649 -0.996362209 -12.251802444 -0.120460734 0.989057362 0.085174404 -14.698812485 0.992689431 0.120664358 0.002772071 127.072235107
-0.009011631 0.085595429 -0.996289134 -12.997571945 -0.120349154 0.988994539 0.086057283 -14.720064163 0.992690861 0.120678067 0.001388883 127.093589783
-0.010614300 0.082527749 -0.996532261 -13.741864204 -0.117995583 0.989522099 0.083203994 -14.737915039 0.992957413 0.118469559 -0.000765177 127.116020203
-0.012101077 0.078762189 -0.996819973 -14.504842758 -0.121418461 0.989400446 0.079649933 -14.739370346 0.992527783 0.121996194 -0.002409629 127.127182007
-0.012984442 0.080529943 -0.996667624 -15.278587341 -0.126941577 0.988554001 0.081528150 -14.751616478 0.991825223 0.127577186 -0.002613223 127.125656128
-0.014882822 0.083985105 -0.996355891 -16.046106339 -0.123788133 0.988645673 0.085184246 -14.765135765 0.992197156 0.124604821 -0.004317476 127.144996643
-0.016712718 0.084095947 -0.996317506 -16.824243546 -0.123155303 0.988695741 0.085518487 -14.782189369 0.992246747 0.124131016 -0.006166934 127.155815125
-0.018094761 0.083195098 -0.996368945 -17.614974976 -0.125755936 0.988429010 0.084815934 -14.793339729 0.991896093 0.126834065 -0.007423110 127.162712097
-0.018705815 0.083032168 -0.996371269 -18.402248383 -0.130449608 0.987824440 0.084768973 -14.799064636 0.991278470 0.131561935 -0.007646547 127.163276672
-0.019868581 0.087449290 -0.995970905 -19.206544876 -0.132244319 0.987184882 0.089315996 -14.805634499 0.991017997 0.133486047 -0.008049294 127.168258667
-0.020165227 0.091413416 -0.995608866 -20.019666672 -0.130874142 0.987001538 0.093273871 -14.811126709 0.991193831 0.132180318 -0.007939457 127.180671692
-0.019443752 0.094220072 -0.995361507 -20.838598251 -0.132225588 0.986562788 0.095970124 -14.827830315 0.991029024 0.133478299 -0.006724175 127.195083618
-0.017380945 0.093073353 -0.995507538 -21.657627106 -0.131673291 0.986773193 0.094555691 -14.833286285 0.991140723 0.132725224 -0.004895774 127.204521179
-0.016356062 0.092848033 -0.995545983 -22.488222122 -0.131738916 0.986798763 0.094196640 -14.835975647 0.991149485 0.132692814 -0.003908442 127.218940735
-0.016461678 0.092124298 -0.995611370 -23.324089050 -0.130367786 0.987048388 0.093487464 -14.843615532 0.991328955 0.131334618 -0.004238430 127.242889404
-0.015635448 0.094182417 -0.995432138 -24.162673950 -0.131226823 0.986749232 0.095422082 -14.849851608 0.991228998 0.132119358 -0.003069011 127.262275696
-0.015071644 0.096328042 -0.995235562 -25.000234604 -0.133090451 0.986298561 0.097478539 -14.850858688 0.990989268 0.133925498 -0.002044798 127.279685974
-0.015106748 0.098691776 -0.995003343 -25.874412537 -0.135868013 0.985684574 0.099830277 -14.851741791 0.990611732 0.136697263 -0.001481432 127.296218872
-0.013441459 0.099782802 -0.994918466 -26.738079071 -0.138092697 0.985288560 0.100682616 -14.847870827 0.990328133 0.138744250 0.000535560 127.308845520
-0.011796137 0.102886513 -0.994623244 -27.608667374 -0.144855946 0.984023809 0.103508063 -14.845744133 0.989382446 0.145298019 0.003296043 127.324623108
-0.009386607 0.106850468 -0.994230807 -28.486225128 -0.149524122 0.982945979 0.107049353 -14.841218948 0.988713503 0.149666294 0.006750194 127.341522217
-0.007216967 0.108732536 -0.994044900 -29.360965729 -0.152135983 0.982379317 0.108561046 -14.835395813 0.988333225 0.152013466 0.009452333 127.372360229
-0.003296273 0.109673627 -0.993962169 -30.262687683 -0.151223391 0.982481778 0.108908378 -14.836007118 0.988494098 0.150669336 0.013346691 127.393218994
-0.000577364 0.109530061 -0.993983209 -31.154642105 -0.153812110 0.982145369 0.108314939 -14.827922821 0.988099873 0.152949214 0.016279992 127.422706604
0.001756463 0.113286063 -0.993560851 -32.056755066 -0.154147536 0.981717765 0.111663207 -14.818596840 0.988046229 0.152958840 0.019187119 127.456672668
0.004329894 0.115232877 -0.993329048 -32.979297638 -0.153237626 0.981682777 0.113213837 -14.813658714 0.988179862 0.151725233 0.021908592 127.496505737
0.006116700 0.116488270 -0.993173182 -33.872207642 -0.153887466 0.981470466 0.114167906 -14.808917046 0.988069415 0.152138606 0.023929445 127.539077759
0.008524132 0.114602990 -0.993374765 -34.772560120 -0.155133352 0.981534839 0.111905843 -14.800790787 0.987856746 0.153151676 0.026145477 127.573783875
0.008913335 0.115719758 -0.993241906 -35.681522369 -0.159407288 0.980743587 0.112833098 -14.789388657 0.987172663 0.157324269 0.027188269 127.615570068
0.009936182 0.116277546 -0.993167043 -36.574554443 -0.160219401 0.980569005 0.113199666 -14.783758163 0.987031341 0.157999873 0.028373031 127.654739380
0.010264067 0.112757839 -0.993569493 -37.472072601 -0.160422519 0.980937243 0.109666973 -14.780633926 0.986995101 0.158265278 0.028157299 127.691787720
0.011210538 0.108700514 -0.994011462 -38.380607605 -0.161818534 0.981167972 0.105471022 -14.780479431 0.986756861 0.159667045 0.028589185 127.737266541
0.011802668 0.108010307 -0.994079709 -39.279151917 -0.161609530 0.981284797 0.104701325 -14.774277687 0.986784220 0.159417003 0.029037278 127.778915405
0.011551825 0.112000920 -0.993641019 -40.185440063 -0.163859293 0.980486155 0.108613171 -14.767900467 0.986416042 0.161562592 0.029678795 127.821464539
0.011735762 0.118378334 -0.992899179 -41.114402771 -0.164222047 0.979712784 0.114865124 -14.759112358 0.986353576 0.161707878 0.030938005 127.864601135
0.011958915 0.117117502 -0.993046105 -42.009143829 -0.162084997 0.980210066 0.113651723 -14.758663177 0.986704409 0.159598708 0.030705238 127.911270142
0.012693292 0.106676497 -0.994212806 -42.898010254 -0.161264643 0.981495082 0.103253029 -14.763067245 0.986829519 0.159020737 0.029661551 127.957092285
0.013060903 0.096175641 -0.995278656 -43.822219849 -0.162929103 0.982265711 0.092780091 -14.767139435 0.986551344 0.160948098 0.028499089 127.998329163
0.012106381 0.093158275 -0.995577753 -44.725143433 -0.159848809 0.983026564 0.090040036 -14.774686813 0.987067223 0.158051863 0.026792133 128.044158936
0.011699957 0.103024222 -0.994610012 -45.642467499 -0.152406842 0.983240187 0.100053705 -14.775762558 0.988248587 0.150414720 0.027205467 128.098739624
0.011818991 0.116508856 -0.993119299 -46.595119476 -0.147413224 0.982539594 0.113513358 -14.774863243 0.989004374 0.145057306 0.028787574 128.159790039
0.012078966 0.125585094 -0.992009342 -47.517318726 -0.147647202 0.981430948 0.122448131 -14.764714241 0.988966286 0.144988388 0.030396964 128.206039429
0.011806852 0.119911745 -0.992714286 -48.432571411 -0.147631004 0.982112646 0.116875298 -14.760702133 0.988971949 0.145175487 0.029298348 128.249862671
0.012058988 0.106253639 -0.994265854 -49.363914490 -0.147683501 0.983622789 0.103325039 -14.757478714 0.988961160 0.145590693 0.027553404 128.289413452
0.012653043 0.097365551 -0.995168269 -50.279247284 -0.148203149 0.984438181 0.094431415 -14.756065369 0.988875985 0.146292225 0.026886018 128.334930420
0.013039042 0.097364947 -0.995163321 -51.212589264 -0.146993488 0.984621763 0.094407618 -14.761804581 0.989051521 0.145051554 0.027150540 128.381958008
0.012743622 0.098619513 -0.995043576 -52.164421082 -0.150463268 0.983982801 0.095596276 -14.775228500 0.988533378 0.148499250 0.027378127 128.421051025
0.013336769 0.098273642 -0.995070040 -53.093162537 -0.155109271 0.983315647 0.095033877 -14.777772903 0.987807214 0.153077155 0.028357407 128.456039429
0.013769072 0.097737782 -0.995117009 -54.033672333 -0.156703442 0.983124673 0.094391689 -14.780788422 0.987549603 0.154638559 0.028852561 128.500091553
0.014493135 0.105322734 -0.994332492 -54.989261627 -0.165277958 0.981009841 0.101502515 -14.781036377 0.986140490 0.162870139 0.031625435 128.545043945
0.016224466 0.114696868 -0.993267953 -55.943458557 -0.172077999 0.978896916 0.110226579 -14.768579483 0.984949708 0.169131190 0.035618886 128.581665039
0.017510999 0.122892573 -0.992265522 -56.888214111 -0.172329068 0.977936983 0.118076786 -14.760179520 0.984883785 0.168928519 0.038302615 128.628494263
0.018376347 0.123817258 -0.992134869 -57.831001282 -0.173891187 0.977575243 0.118779406 -14.752978325 0.984593391 0.170340776 0.039494991 128.674957275
0.019900158 0.114228562 -0.993255198 -58.769290924 -0.175508156 0.978424430 0.109006613 -14.746028900 0.984276772 0.172155112 0.039518848 128.729309082
0.020703571 0.109195225 -0.993804693 -59.747081757 -0.173745781 0.979285717 0.103980370 -14.749430656 0.984572887 0.170516610 0.039246920 128.796234131
0.022941496 0.107529558 -0.993937194 -60.699771881 -0.172567442 0.979701579 0.102006376 -14.744020462 0.984730542 0.169181034 0.041031923 128.851257324
0.026405094 0.113571852 -0.993178844 -61.660690308 -0.173711300 0.978930950 0.107324220 -14.739028931 0.984442592 0.169692487 0.045577474 128.907714844
0.029819675 0.115897067 -0.992813528 -62.643817902 -0.176434934 0.978269637 0.108899951 -14.746980667 0.983860493 0.171919644 0.049619969 128.961807251
0.033553738 0.110912509 -0.993263602 -63.595008850 -0.176171616 0.978918016 0.103359319 -14.747966766 0.983787537 0.171516716 0.052385990 129.033065796
0.036886368 0.105240673 -0.993762434 -64.546035767 -0.176119968 0.979558110 0.097199202 -14.753361702 0.983677387 0.171436071 0.054667328 129.099960327
0.040383618 0.105165869 -0.993634403 -65.513946533 -0.173532143 0.980071485 0.096677639 -14.755611420 0.983999848 0.168523297 0.057828497 129.171127319
0.043056749 0.109525673 -0.993050992 -66.478752136 -0.171236709 0.980073273 0.100669838 -14.762865067 0.984288633 0.165712297 0.060953591 129.250610352
0.045788042 0.116437726 -0.992141962 -67.461784363 -0.170519695 0.979517996 0.107086562 -14.771098137 0.984289825 0.164276466 0.064705141 129.349594116
0.049238682 0.120227560 -0.991524577 -68.416648865 -0.168332338 0.979526997 0.110413492 -14.769351006 0.984499812 0.161469042 0.068468817 129.426788330
0.050841466 0.122032717 -0.991223037 -69.381782532 -0.167804480 0.979440331 0.111975126 -14.770612717 0.984508336 0.160638720 0.070273831 129.516662598
0.052918427 0.119293973 -0.991447687 -70.339179993 -0.165981561 0.980078876 0.109066784 -14.765477180 0.984707832 0.158790395 0.071664847 129.599639893
0.053155806 0.117979325 -0.991592288 -71.296035767 -0.163755998 0.980583370 0.107891075 -14.769766808 0.985067725 0.156644166 0.071443520 129.692443848
0.053135633 0.113647401 -0.992099226 -72.261230469 -0.160134271 0.981615067 0.103869818 -14.777070999 0.985664070 0.153349876 0.070357576 129.792694092
0.052922927 0.113604978 -0.992115438 -73.213088989 -0.158998206 0.981792092 0.103941351 -14.770895958 0.985859394 0.152243704 0.070022300 129.880661011
0.052539494 0.118672237 -0.991542459 -74.163154602 -0.155730829 0.981739819 0.109247208 -14.775784492 0.986401260 0.148673922 0.070061035 129.971511841
0.052477702 0.119112931 -0.991492927 -75.137062073 -0.150254339 0.982499897 0.110079899 -14.761109352 0.987253606 0.143199384 0.069456570 130.057907104
0.051724598 0.115680702 -0.991938770 -76.102043152 -0.147222921 0.983299077 0.106996201 -14.769438744 0.987749934 0.140501767 0.067891605 130.141723633
0.050880093 0.112566911 -0.992340624 -77.054077148 -0.149214998 0.983331501 0.103894278 -14.771832466 0.987494886 0.142785966 0.066828668 130.216232300
0.049455911 0.109784476 -0.992724240 -78.021537781 -0.145855963 0.984078884 0.101562090 -14.772644997 0.988068879 0.139771894 0.064681225 130.296920776
0.047623966 0.109584510 -0.992835939 -78.973739624 -0.145570964 0.984113097 0.101639032 -14.771049500 0.988200843 0.139687642 0.062819697 130.381423950
0.046573162 0.111274511 -0.992697716 -79.923080444 -0.146175548 0.983837485 0.103423402 -14.773705482 0.988161743 0.140291393 0.062086042 130.462020874
0.045793757 0.112270728 -0.992621899 -80.891616821 -0.148747221 0.983353019 0.104360059 -14.780234337 0.987814307 0.142870694 0.061731383 130.525360107
0.044583783 0.112024687 -0.992704749 -81.841278076 -0.148336947 0.983419836 0.104314893 -14.770457268 0.987931371 0.142604038 0.060461976 130.597778320
0.042566024 0.112351611 -0.992756307 -82.789909363 -0.148428619 0.983341396 0.104921989 -14.769439697 0.988006592 0.142887384 0.058533125 130.671051025
0.040515319 0.115570858 -0.992472649 -83.738716125 -0.148384929 0.982969999 0.108406842 -14.768828392 0.988099396 0.142875835 0.056974310 130.744308472
0.038790833 0.119195655 -0.992112756 -84.700584412 -0.149996608 0.982304811 0.112152562 -14.758237839 0.987925231 0.144463062 0.055983368 130.801986694
0.036445726 0.123791851 -0.991638720 -85.648979187 -0.151051283 0.981579363 0.116984501 -14.744008064 0.987853885 0.145524666 0.054473292 130.870880127
0.034579560 0.123840019 -0.991699517 -86.596038818 -0.151190877 0.981520653 0.117297053 -14.740500450 0.987899542 0.145879850 0.052664038 130.935043335
0.033137143 0.117987886 -0.992461979 -87.540855408 -0.151173726 0.982173979 0.111717299 -14.729105949 0.987951636 0.146332175 0.050383117 131.002105713
0.031064238 0.113644041 -0.993035793 -88.479270935 -0.155977041 0.981894612 0.107489757 -14.721270561 0.987272024 0.151551664 0.048227672 131.063034058
0.030849706 0.110792667 -0.993364632 -89.449882507 -0.154413566 0.982434869 0.104778193 -14.707362175 0.987524569 0.150156617 0.047415704 131.111434937
0.029688681 0.111992806 -0.993265450 -90.399604797 -0.150354192 0.982897520 0.106329717 -14.711944580 0.988186359 0.146184847 0.046019517 131.176620483
0.028886063 0.113084204 -0.993165433 -91.351623535 -0.146647722 0.983308613 0.107696660 -14.707405090 0.988766849 0.142534539 0.044987459 131.243560791
0.027687063 0.113177657 -0.993188858 -92.297035217 -0.141742870 0.983974993 0.108176351 -14.709394455 0.989516258 0.137782380 0.043285508 131.311370850
0.026575381 0.110421829 -0.993529379 -93.248039246 -0.137386158 0.984852791 0.105782621 -14.712433815 0.990161002 0.133686006 0.041343264 131.374313354
0.025790747 0.107150495 -0.993908286 -94.189170837 -0.132097498 0.985885680 0.102857828 -14.714005470 0.990901113 0.128640041 0.039581042 131.438629150
0.025069946 0.109723888 -0.993645847 -95.154502869 -0.131308317 0.985708177 0.105534412 -14.718770981 0.991024554 0.127828240 0.039119307 131.492782593
0.023096407 0.112088285 -0.993429780 -96.105773926 -0.129758447 0.985625327 0.108190939 -14.716591835 0.991276622 0.126407102 0.037308808 131.561920166
0.021287408 0.110593818 -0.993637681 -97.056243896 -0.125199094 0.986334205 0.107098684 -14.718605995 0.991903245 0.122122690 0.034842748 131.621398926
0.018499663 0.106588021 -0.994131148 -98.012718201 -0.122753233 0.987021148 0.103541411 -14.708735466 0.992264807 0.120117344 0.031343579 131.679672241
0.016144589 0.104149088 -0.994430602 -98.978019714 -0.121757366 0.987363458 0.101432204 -14.708773613 0.992428660 0.119441681 0.028621497 131.719024658
0.013166476 0.103283592 -0.994564831 -99.920669556 -0.115407631 0.988160789 0.101090714 -14.723145485 0.993230939 0.113449372 0.024930308 131.787124634
0.010602454 0.104482770 -0.994470239 -100.872817993 -0.108754493 0.988747060 0.102721989 -14.725448608 0.994012117 0.107063994 0.021846112 131.840332031
0.008708845 0.111205071 -0.993759394 -101.850051880 -0.099038847 0.989006698 0.109805293 -14.714252472 0.995045424 0.097464487 0.019626725 131.894073486
0.005644608 0.118499592 -0.992938042 -102.815925598 -0.090256684 0.988961339 0.117511913 -14.701296806 0.995902538 0.088955976 0.016277680 131.958068848
0.001772242 0.117256805 -0.993099988 -103.763626099 -0.085578181 0.989476144 0.116676196 -14.688896179 0.996329844 0.084780917 0.011788212 132.019256592
0.000002328 0.108609490 -0.994084477 -104.731636047 -0.087250978 0.990293443 0.108195089 -14.700272560 0.996186376 0.086734585 0.009478591 132.042572021
-0.001475015 0.098367751 -0.995149016 -105.679794312 -0.089112073 0.991178215 0.098107316 -14.694478989 0.996020436 0.088824518 0.007303751 132.071746826
-0.002260046 0.099419996 -0.995042920 -106.638183594 -0.095650300 0.990461707 0.099179529 -14.686717033 0.995412409 0.095400311 0.007271066 132.094253540
-0.002836097 0.109522790 -0.993980169 -107.590065002 -0.099247321 0.989045858 0.109262273 -14.683061600 0.995058775 0.098959744 0.008064815 132.129745483
-0.004450880 0.120523296 -0.992700458 -108.574401855 -0.103744425 0.987297893 0.120332494 -14.666721344 0.994594038 0.103522740 0.008109275 132.161483765
-0.005619105 0.121858098 -0.992531598 -109.530540466 -0.110734776 0.986367047 0.121728159 -14.649107933 0.993834019 0.110591762 0.007951427 132.185791016
-0.006042061 0.119674928 -0.992794693 -110.489067078 -0.118085146 0.985780954 0.119548097 -14.636663437 0.992985070 0.117956638 0.008175681 132.211730957
-0.005326673 0.115901239 -0.993246436 -111.454109192 -0.126249611 0.985234737 0.115643427 -14.623989105 0.991984129 0.126012981 0.009384464 132.228591919
-0.002908359 0.116964348 -0.993131816 -112.417167664 -0.130151719 0.984644175 0.116345868 -14.600218773 0.991489828 0.129596189 0.012359411 132.252563477
-0.002320634 0.119056918 -0.992884815 -113.380813599 -0.138320386 0.983305097 0.118231513 -14.588762283 0.990384817 0.137610555 0.014186106 132.279464722
-0.001252770 0.121870592 -0.992545247 -114.345573425 -0.147524267 0.981663406 0.120720662 -14.572689056 0.989057660 0.146575734 0.016749069 132.299331665
-0.001199274 0.123588391 -0.992332757 -115.324592590 -0.153611004 0.980533183 0.122304469 -14.547991753 0.988130629 0.152579904 0.017808609 132.327041626
-0.000830854 0.122906908 -0.992417812 -116.284523010 -0.157123581 0.980075300 0.121509865 -14.532861710 0.987578571 0.156033188 0.018497279 132.357986450
0.000775449 0.113683499 -0.993516743 -117.238998413 -0.155808404 0.981397212 0.112175100 -14.539395332 0.987786949 0.154711276 0.018473865 132.389816284
0.001757894 0.102333017 -0.994748652 -118.189933777 -0.159004718 0.982123435 0.100753233 -14.533230782 0.987276316 0.157992616 0.017997900 132.426895142
