1.000000000 0.000000000 0.000000000 0.000000000 0.000000000 1.000000000 0.000000000 0.000000000 0.000000000 0.000000000 1.000000000 0.000000000
0.999997854 -0.001568831 -0.001362716 0.049379986 0.001565963 0.999996543 -0.002103019 -0.132949248 0.001366011 0.002100881 0.999996841 1.297748446
0.999997616 -0.000048560 -0.002157162 0.105185002 0.000034858 0.999979794 -0.006351768 -0.267696530 0.002157427 0.006351677 0.999977529 2.602576733
0.999996185 0.002408801 -0.001342495 0.149436355 -0.002419337 0.999965787 -0.007902169 -0.406445920 0.001323415 0.007905386 0.999967873 3.905406237
0.999983907 0.005654724 0.000142848 0.194526464 -0.005653659 0.999962270 -0.006591907 -0.545137107 -0.000180118 0.006590995 0.999978244 5.219108105
0.999976039 0.006508396 0.002365145 0.243224502 -0.006500637 0.999973536 -0.003273566 -0.690172613 -0.002386388 0.003258112 0.999991834 6.537766457
0.999961972 0.006698528 0.005581672 0.300921053 -0.006687728 0.999975741 -0.001951040 -0.828217149 -0.005594607 0.001913637 0.999982476 7.841216564
0.999944329 0.005376813 0.009070684 0.354818285 -0.005360066 0.999983907 -0.001869485 -0.960748672 -0.009080589 0.001820761 0.999957085 9.146680832
0.999916255 0.004117217 0.012267686 0.434309363 -0.004095542 0.999990046 -0.001791412 -1.097413063 -0.012274940 0.001741020 0.999923110 10.445768356
0.999870241 0.002806507 0.015857527 0.498069525 -0.002766948 0.999993026 -0.002515999 -1.235507607 -0.015864475 0.002471796 0.999871075 11.753075600
0.999813139 0.001816190 0.019241095 0.574871182 -0.001751558 0.999992788 -0.003375379 -1.371693134 -0.019247087 0.003341047 0.999809086 13.047696114
0.999745965 0.001533751 0.022487819 0.646146536 -0.001458225 0.999993265 -0.003374545 -1.517976999 -0.022492841 0.003340896 0.999741375 14.367921829
0.999665022 0.001466604 0.025839934 0.732756853 -0.001353153 0.999989390 -0.004407483 -1.656983137 -0.025846120 0.004371041 0.999656320 15.662600517
0.999572992 0.002326601 0.029126510 0.809201598 -0.002200762 0.999988139 -0.004351725 -1.793707252 -0.029136291 0.004285767 0.999566257 16.961456299
0.999481201 0.001926557 0.032153104 0.902107596 -0.001804612 0.999991119 -0.003821222 -1.933649063 -0.032160182 0.003761215 0.999475658 18.248275757
0.999410152 0.000177646 0.034340996 1.000913978 -0.000049917 0.999993086 -0.003720236 -2.075196743 -0.034341421 0.003716327 0.999403358 19.542364120
0.999354541 -0.002378544 0.035842519 1.100685120 0.002559985 0.999984145 -0.005017121 -2.215626478 -0.035830013 0.005105640 0.999344826 20.817296982
0.999307930 -0.001947021 0.037146620 1.197544694 0.002196452 0.999975264 -0.006675153 -2.358077288 -0.037132706 0.006752124 0.999287546 22.122655869
0.999255896 -0.001849820 0.038526006 1.278093696 0.002205559 0.999955356 -0.009193274 -2.503079891 -0.038507283 0.009271405 0.999215245 23.408704758
0.999225497 -0.001313621 0.039327797 1.384632945 0.001739221 0.999940276 -0.010789585 -2.643134832 -0.039311279 0.010849630 0.999168038 24.690853119
0.999176919 -0.000692298 0.040559631 1.483064413 0.001160275 0.999933004 -0.011515596 -2.789135695 -0.040548943 0.011553178 0.999110699 25.961462021
0.999163866 -0.002441748 0.040811870 1.585749269 0.002872315 0.999940813 -0.010494745 -2.934747934 -0.040783830 0.010603197 0.999111712 27.252374649
0.999161124 -0.005354729 0.040598929 1.690385103 0.005734334 0.999940872 -0.009239449 -3.082102060 -0.040547051 0.009464506 0.999132752 28.530126572
0.999187231 -0.006860814 0.039719958 1.788736105 0.007259312 0.999924660 -0.009897184 -3.226628304 -0.039649066 0.010177480 0.999161839 29.821565628
0.999194026 -0.008544581 0.039218854 1.887622595 0.009039901 0.999881387 -0.012469701 -3.372078657 -0.039107647 0.012814187 0.999152899 31.083950043
0.999231637 -0.008767300 0.038200092 2.001053810 0.009254180 0.999877870 -0.012587347 -3.519190073 -0.038085077 0.012931187 0.999190748 32.369552612
0.999256432 -0.009376102 0.037400112 2.098878860 0.009869552 0.999866307 -0.013031081 -3.663204432 -0.037272934 0.013390514 0.999215305 33.638889313
0.999256968 -0.009899430 0.037249662 2.190975666 0.010392186 0.999860704 -0.013058159 -3.808488369 -0.037115205 0.013435558 0.999220669 34.902683258
0.999270618 -0.010300010 0.036770198 2.281004429 0.010805968 0.999849319 -0.013587926 -3.952877522 -0.036624700 0.013975352 0.999231398 36.161132812
0.999312341 -0.011077711 0.035385847 2.396960735 0.011568444 0.999839246 -0.013693513 -4.111858845 -0.035228468 0.014093455 0.999279916 37.453269958
0.999310911 -0.010754568 0.035526399 2.488652945 0.011184242 0.999866366 -0.011917962 -4.257344246 -0.035393480 0.012307085 0.999297678 38.712959290
0.999272943 -0.010699502 0.036594361 2.586866379 0.011101748 0.999879897 -0.010806506 -4.397113323 -0.036474351 0.011204910 0.999271750 39.976863861
0.999193072 -0.012478917 0.038176954 2.699689150 0.012838678 0.999875307 -0.009192917 -4.538600922 -0.038057476 0.009675642 0.999228656 41.225669861
0.999079525 -0.013481876 0.040723354 2.792430401 0.013918012 0.999848604 -0.010445271 -4.684182644 -0.040576361 0.011002444 0.999115884 42.493839264
0.998952329 -0.014711792 0.043333597 2.886040449 0.015313623 0.999790370 -0.013589278 -4.833623886 -0.043124601 0.014238635 0.998968244 43.746589661
0.998849928 -0.015948340 0.045215264 2.992177248 0.016623612 0.999755263 -0.014598198 -4.981874943 -0.044971377 0.015333052 0.998870552 45.009738922
0.998730779 -0.016079852 0.047731310 3.121141911 0.016744431 0.999767959 -0.013556252 -5.113976002 -0.047502253 0.014338280 0.998768210 46.246700287
0.998518229 -0.017364077 0.051571924 3.219493866 0.017903455 0.999789536 -0.010015251 -5.273338318 -0.051387157 0.010923730 0.998619020 47.514938354
0.998242617 -0.020294202 0.055675160 3.336741686 0.020783277 0.999750197 -0.008219498 -5.409810543 -0.055494443 0.009362168 0.998415112 48.742050171
0.997994304 -0.022469301 0.059181824 3.462016821 0.023002461 0.999700606 -0.008342960 -5.552001953 -0.058976650 0.009687553 0.998212278 49.994087219
0.997720778 -0.025862399 0.062324177 3.607987404 0.026668772 0.999570608 -0.012141248 -5.688571930 -0.061983418 0.013775685 0.997982085 51.229881287
0.997425437 -0.027025620 0.066423468 3.733217716 0.027916275 0.999531806 -0.012517145 -5.819483280 -0.066054106 0.014339214 0.997713029 52.466625214
0.997082949 -0.029453762 0.070412681 3.869533300 0.030217484 0.999495327 -0.009805700 -5.962664127 -0.070088342 0.011904790 0.997469723 53.675945282
0.996819556 -0.032089643 0.072945051 4.031638145 0.032659154 0.999444544 -0.006627780 -6.095091820 -0.072691858 0.008989025 0.997313917 54.876937866
0.996513307 -0.034517825 0.075957954 4.150990963 0.034998458 0.999374807 -0.005005258 -6.229414463 -0.075737678 0.007646218 0.997098446 56.132801056
0.996301115 -0.037458092 0.077336840 4.302034855 0.037694450 0.999287963 -0.001598059 -6.357975960 -0.077221923 0.004507316 0.997003734 57.339233398
0.996127248 -0.040152594 0.078219242 4.440414906 0.040306903 0.999187231 -0.000394263 -6.483693123 -0.078139856 0.003545512 0.996936083 58.558921814
0.996083021 -0.042009350 0.077806532 4.588030338 0.042423595 0.999092937 -0.003677986 -6.607435703 -0.077581450 0.006964412 0.996961653 59.750133514
0.996081769 -0.043438699 0.077033423 4.738486290 0.044176225 0.998992562 -0.007895337 -6.740101337 -0.076612867 0.011267448 0.996997237 60.954452515
0.996088147 -0.044860296 0.076130517 4.878235817 0.045901194 0.998874128 -0.011977438 -6.869454861 -0.075507507 0.015425064 0.997025907 62.135520935
0.996093810 -0.047318913 0.074552171 5.019422531 0.048502959 0.998722911 -0.014151584 -7.008226395 -0.073787309 0.017712304 0.997116685 63.357002258
0.996227384 -0.047356170 0.072721764 5.155530930 0.048503835 0.998723447 -0.014096587 -7.143012047 -0.071961373 0.017570687 0.997252643 64.532875061
0.996491611 -0.046414718 0.069641910 5.296048164 0.047484245 0.998776913 -0.013780590 -7.283163071 -0.068917118 0.017039139 0.997476876 65.760696411
0.996744156 -0.045708623 0.066420212 5.422227859 0.046610408 0.998839915 -0.012090560 -7.413489819 -0.065790512 0.015147069 0.997718513 66.935005188
0.997147739 -0.041696429 0.062911071 5.540397644 0.042285357 0.999073088 -0.008058463 -7.550971985 -0.062516756 0.010695697 0.997986555 68.138328552
0.997434139 -0.039766025 0.059530079 5.659547806 0.040178224 0.999176025 -0.005742824 -7.680423737 -0.059252650 0.008119900 0.998210013 69.310722351
0.997654438 -0.038888026 0.056332119 5.771450043 0.039461643 0.999179661 -0.009105920 -7.811779976 -0.055931784 0.011307519 0.998370588 70.480628967
0.997821748 -0.038970970 0.053225685 5.883422375 0.039868500 0.999078333 -0.015905995 -7.951339722 -0.052556764 0.017993381 0.998455822 71.677474976
0.997832239 -0.042981222 0.049834099 5.993042469 0.043956175 0.998859644 -0.018635541 -8.089778900 -0.048976291 0.020785663 0.998583674 72.849426270
0.997867286 -0.046782713 0.045521408 6.106517792 0.047467466 0.998773694 -0.014078906 -8.225553513 -0.044806931 0.016209666 0.998864114 74.021324158
0.997869790 -0.050642204 0.041127108 6.214976311 0.051063504 0.998652458 -0.009257851 -8.351757050 -0.040602844 0.011338223 0.999111056 75.176628113
0.997955739 -0.052423880 0.036551259 6.313642502 0.052692298 0.998590171 -0.006418778 -8.479038239 -0.036163233 0.008331627 0.999311149 76.369468689
0.998137593 -0.051693622 0.032391619 6.407228470 0.051848948 0.998646975 -0.003973094 -8.604460716 -0.032142404 0.005645166 0.999467313 77.530097961
0.998261869 -0.051671993 0.028341111 6.504978180 0.051806498 0.998649061 -0.004031951 -8.719579697 -0.028094478 0.005493198 0.999590158 78.687683105
0.998421609 -0.049958788 0.025664009 6.568136215 0.050127566 0.998724937 -0.005975287 -8.851733208 -0.025332768 0.007252329 0.999652863 79.851928711
0.998616636 -0.047555484 0.022431429 6.645211697 0.047812782 0.998794973 -0.011076812 -8.981141090 -0.021877633 0.012133997 0.999687076 80.996734619
0.998524249 -0.051064465 0.018481735 6.729161263 0.051351123 0.998562157 -0.015382843 -9.126189232 -0.017669644 0.016309202 0.999710858 82.156349182
0.998379469 -0.054647200 0.015879368 6.792392731 0.054912142 0.998350561 -0.016757213 -9.252840996 -0.014937444 0.017602030 0.999733448 83.288536072
0.998413026 -0.054992836 0.012138678 6.861911297 0.055155680 0.998386264 -0.013514934 -9.380305290 -0.011375869 0.014163002 0.999834955 84.424713135
0.998416245 -0.055492245 0.009254951 6.931691170 0.055590704 0.998395860 -0.010743283 -9.514291763 -0.008643936 0.011240758 0.999899447 85.561752319
0.998562932 -0.052941117 0.008325084 6.975537777 0.053040981 0.998516917 -0.012269214 -9.644893646 -0.007663194 0.012693152 0.999890089 86.702224731
0.998755336 -0.049224995 0.008041282 7.028498173 0.049344648 0.998662710 -0.015427000 -9.772937775 -0.007271135 0.015804594 0.999848664 87.821701050
0.998847425 -0.047521815 0.006737293 7.092134476 0.047637392 0.998699307 -0.018180314 -9.900077820 -0.005864569 0.018480308 0.999812007 88.921569824
0.998772860 -0.049174163 0.005893535 7.141629696 0.049278010 0.998604238 -0.019003309 -10.038843155 -0.004950837 0.019270413 0.999802053 90.059791565
0.998718262 -0.050413869 0.004509538 7.195532799 0.050481614 0.998589635 -0.016441047 -10.169425011 -0.003674322 0.016647620 0.999854624 91.173789978
0.998659968 -0.051617097 0.003750114 7.247022629 0.051663738 0.998571396 -0.013637308 -10.301441193 -0.003040838 0.013812780 0.999899924 92.288452148
0.998673797 -0.051397789 0.002986222 7.311970711 0.051432297 0.998592615 -0.012939809 -10.426460266 -0.002316942 0.013076238 0.999911785 93.421974182
0.998641789 -0.052008733 0.003098754 7.358954906 0.052050218 0.998527527 -0.015286950 -10.553010941 -0.002299136 0.015427481 0.999878347 94.530990601
0.998633862 -0.052178238 0.002791774 7.418606758 0.052222155 0.998453021 -0.019088309 -10.683123589 -0.001791461 0.019208025 0.999813914 95.632392883
0.998612881 -0.052599352 0.002352256 7.468178749 0.052636046 0.998412132 -0.020063078 -10.820940018 -0.001293216 0.020159064 0.999795973 96.749336243
0.998575866 -0.053311475 0.002016349 7.527299404 0.053339690 0.998405457 -0.018484993 -10.953186035 -0.001027671 0.018566223 0.999827147 97.834480286
0.998633146 -0.052172147 0.003124073 7.571310520 0.052209150 0.998548329 -0.013244368 -11.077242851 -0.002428551 0.013389371 0.999907434 98.920860291
0.998717368 -0.050447557 0.004335186 7.624490738 0.050488066 0.998676538 -0.009806667 -11.198375702 -0.003834727 0.010012962 0.999942482 99.991554260
0.998813868 -0.048243351 0.006578316 7.667911530 0.048306488 0.998784482 -0.009801802 -11.319168091 -0.006097448 0.010107950 0.999930322 101.047401428
0.998889148 -0.046262652 0.008957244 7.715969563 0.046365757 0.998856366 -0.011667706 -11.440140724 -0.008407222 0.012070052 0.999891818 102.080932617
0.998830795 -0.046943355 0.011538589 7.772787094 0.047102269 0.998793185 -0.013909516 -11.563385963 -0.010871707 0.014436746 0.999836683 103.104148865
0.998746574 -0.048273787 0.013236798 7.828573227 0.048472080 0.998710513 -0.015091876 -11.674593925 -0.012491192 0.015714573 0.999798477 104.118225098
0.998624861 -0.050150417 0.015281730 7.889730453 0.050369408 0.998628318 -0.014298359 -11.790060997 -0.014543701 0.015048426 0.999780953 105.099769592
0.998598099 -0.050175875 0.016859192 7.954225540 0.050391987 0.998649418 -0.012647425 -11.910991669 -0.016201824 0.013479263 0.999777853 106.076484680
0.998513818 -0.051540457 0.017714189 8.028234482 0.051744688 0.998596728 -0.011270790 -12.016503334 -0.017108433 0.012170655 0.999779582 107.010002136
0.998437107 -0.052172206 0.020037079 8.083028793 0.052412711 0.998557270 -0.011671054 -12.124904633 -0.019399267 0.012703012 0.999731123 107.926231384
0.998432457 -0.051812548 0.021169318 8.150803566 0.052029066 0.998597383 -0.009807810 -12.225277901 -0.020631459 0.010893858 0.999727786 108.832824707
0.998431802 -0.051063087 0.022946289 8.210769653 0.051253825 0.998655200 -0.007802047 -12.323799133 -0.022517033 0.008965898 0.999706209 109.701866150
0.998410642 -0.050948948 0.024091689 8.276689529 0.051075373 0.998683929 -0.004661653 -12.425065041 -0.023822475 0.005884736 0.999698877 110.561325073
0.998353302 -0.051334061 0.025602439 8.341071129 0.051463630 0.998665094 -0.004427145 -12.518691063 -0.025340997 0.005737448 0.999662459 111.386207581
0.998376489 -0.050132554 0.027043374 8.388439178 0.050247572 0.998730361 -0.003589666 -12.610727310 -0.026829083 0.004942701 0.999627829 112.192382812
0.998484969 -0.047797944 0.027263671 8.444523811 0.047911722 0.998845339 -0.003534699 -12.689619064 -0.027063238 0.004835592 0.999621987 112.968978882
0.998618424 -0.045124549 0.026927454 8.485645294 0.045150053 0.998980105 -0.000339055 -12.769703865 -0.026884694 0.001554363 0.999637306 113.725753784
0.998698354 -0.045101855 0.023820236 8.540594101 0.045098670 0.998982251 0.000671647 -12.852542877 -0.023826286 0.000403488 0.999715984 114.473258972
0.998824656 -0.045194730 0.017507823 8.577766418 0.045187365 0.998978138 0.000816434 -12.927947044 -0.017526831 -0.000024342 0.999846399 115.171386719
0.999029219 -0.043510620 0.006887332 8.609255791 0.043513983 0.999052763 -0.000338945 -13.002816200 -0.006866060 0.000638311 0.999976218 115.839279175
0.999151170 -0.040694386 -0.006405082 8.601733208 0.040673960 0.999167025 -0.003288317 -13.072690964 0.006533561 0.003025006 0.999974072 116.481178284
0.998881578 -0.039514486 -0.025965808 8.613546371 0.039383773 0.999208808 -0.005526688 -13.144550323 0.026163651 0.004497875 0.999647558 117.101531982
0.998125911 -0.037853532 -0.048083641 8.577201843 0.037531909 0.999266624 -0.007574480 -13.217642784 0.048335101 0.005755613 0.998814583 117.687507629
0.996459484 -0.036193065 -0.075885683 8.539588928 0.035551570 0.999319911 -0.009787748 -13.280573845 0.076188318 0.007055239 0.997068405 118.259971619
0.993584335 -0.033824477 -0.107917026 8.469441414 0.032708336 0.999391735 -0.012096465 -13.346732140 0.108260542 0.008489070 0.994086325 118.806091309
0.989286602 -0.029241726 -0.143027708 8.357421875 0.027588064 0.999527812 -0.013531762 -13.412845612 0.143355846 0.009440932 0.989626169 119.353355408
0.982998192 -0.023557113 -0.182098597 8.262170792 0.021599377 0.999685705 -0.012726991 -13.474255562 0.182341158 0.008577396 0.983197927 119.858543396
0.974522471 -0.018193532 -0.223550975 8.120740891 0.016206343 0.999811232 -0.010720828 -13.532471657 0.223703817 0.006824743 0.974633276 120.360084534
0.963274598 -0.013496105 -0.268179178 7.946847916 0.011510738 0.999893546 -0.008974104 -13.592869759 0.268271744 0.005557587 0.963327169 120.855926514
0.949226677 -0.007181585 -0.314511001 7.754558563 0.004429354 0.999945462 -0.009464642 -13.651504517 0.314561784 0.007591011 0.949206650 121.314086914
0.931885540 0.000472214 -0.362752378 7.529209137 -0.004592645 0.999934375 -0.010496520 -13.703868866 0.362723589 0.011447546 0.931826532 121.786468506
0.910735011 0.005267174 -0.412957579 7.277107239 -0.010798896 0.999880493 -0.011062608 -13.761306763 0.412849963 0.014534591 0.910683095 122.224838257
0.885734618 0.009555695 -0.464093715 7.008964539 -0.015914354 0.999825478 -0.009786525 -13.814742088 0.463919222 0.016054014 0.885732114 122.636672974
0.857004702 0.012842491 -0.515148401 6.724426270 -0.020634230 0.999742866 -0.009403978 -13.860756874 0.514895201 0.018688949 0.857049406 123.029815674
0.825458586 0.022263460 -0.564023554 6.399921417 -0.031081390 0.999498546 -0.006035395 -13.911258698 0.563606322 0.022512605 0.825736701 123.403488159
0.791308880 0.035708643 -0.610372961 6.055664062 -0.044632390 0.999003291 0.000581685 -13.952607155 0.609785438 0.026782118 0.792113900 123.761642456
0.755123377 0.044431385 -0.654075325 5.708183289 -0.055842645 0.998434067 0.003353915 -13.998246193 0.653200030 0.033992682 0.756421983 124.076766968
0.715280235 0.048186690 -0.697174549 5.342384338 -0.062961206 0.998006403 0.004382997 -14.043342590 0.695995867 0.040759876 0.716888070 124.373825073
0.672713995 0.050115537 -0.738203466 4.965717316 -0.065696277 0.997808635 0.007871697 -14.092823029 0.736980319 0.043201815 0.674532175 124.659988403
0.629376650 0.053459324 -0.775259376 4.548698425 -0.069183879 0.997524142 0.012620604 -14.123285294 0.774014533 0.045692340 0.631516814 124.926589966
0.583418071 0.061661139 -0.809827924 4.143192291 -0.079624481 0.996652782 0.018522926 -14.159082413 0.808259487 0.053675517 0.586374879 125.156555176
0.538388550 0.070620269 -0.839732409 3.676563263 -0.091867805 0.995461881 0.024816498 -14.182070732 0.837674201 0.063783452 0.542433083 125.381149292
0.491612613 0.075607434 -0.867525518 3.228031158 -0.097720519 0.994721115 0.031316262 -14.204263687 0.865313649 0.069379576 0.496405870 125.573776245
0.444068581 0.076963373 -0.892681181 2.766632080 -0.096947126 0.994581997 0.037522022 -14.231250763 0.890732467 0.069880530 0.449124038 125.757125854
0.396555424 0.078371257 -0.914659381 2.292400360 -0.094625376 0.994531751 0.044189665 -14.252307892 0.913120985 0.069026344 0.401802897 125.933372498
0.352031916 0.081979439 -0.932391047 1.794300079 -0.096475743 0.994029224 0.050973706 -14.280265808 0.931002676 0.072008751 0.357839078 126.065933228
0.308624476 0.085456274 -0.947337389 1.294891357 -0.102193028 0.993170202 0.056298167 -14.300643921 0.945678413 0.079436287 0.315249711 126.180953979
0.267040610 0.086606480 -0.959785759 0.778171539 -0.106925957 0.992466688 0.059805520 -14.314535141 0.957734883 0.086655505 0.274289429 126.284530640
0.227458358 0.083262146 -0.970221579 0.250905991 -0.106895693 0.992451549 0.060109288 -14.332573891 0.967902899 0.090040147 0.234641790 126.386535645
0.192612275 0.078414962 -0.978136778 -0.285469055 -0.102147572 0.992988706 0.059490968 -14.358119965 0.975943863 0.088455603 0.199271753 126.475769043
0.162065893 0.073168792 -0.984063447 -0.833496094 -0.099352479 0.993389606 0.057499811 -14.378468513 0.981765628 0.088450402 0.168264076 126.556747437
0.135658219 0.071796067 -0.988150895 -1.399606705 -0.100485399 0.993224919 0.058369599 -14.398584366 0.985646784 0.091376409 0.141953573 126.625129700
0.113838524 0.070601560 -0.990987480 -1.991400719 -0.100918762 0.993134141 0.059161562 -14.409064293 0.988360405 0.093274385 0.120181926 126.680679321
0.095283300 0.072032452 -0.992840588 -2.585117340 -0.102610938 0.992776215 0.062180165 -14.423576355 0.990147471 0.095951587 0.101986311 126.736526489
0.079033487 0.070495270 -0.994376242 -3.189566612 -0.104156211 0.992620766 0.062092420 -14.451161385 0.991415739 0.098663077 0.085792802 126.795715332
0.064620018 0.069689833 -0.995473504 -3.808568001 -0.103040211 0.992692351 0.062806390 -14.482282639 0.992575884 0.098515257 0.071328647 126.851440430
0.052188557 0.067083783 -0.996381402 -4.446293831 -0.098674253 0.993205130 0.061701559 -14.504302979 0.993750334 0.095097072 0.058453381 126.898193359
0.040526047 0.064653769 -0.997084439 -5.093279362 -0.096657641 0.993477821 0.060491301 -14.522048950 0.994492352 0.093924358 0.046511002 126.934776306
0.029975522 0.063427538 -0.997536182 -5.760694027 -0.095479213 0.993602812 0.060308326 -14.539680481 0.994979978 0.093436182 0.035839777 126.970901489
0.020250594 0.064804196 -0.997692525 -6.431758881 -0.098721832 0.993150055 0.062505342 -14.561462402 0.994908929 0.097228259 0.026509469 126.993515015
0.011959938 0.064783141 -0.997827649 -7.111718178 -0.101638287 0.992809355 0.063239098 -14.589080811 0.994749546 0.100661159 0.018458383 127.010215759
0.005262406 0.064186849 -0.997924030 -7.799617290 -0.103621900 0.992600560 0.063298009 -14.610269547 0.994602859 0.103073701 0.011874631 127.029235840
0.000170937 0.065061629 -0.997881234 -8.498867035 -0.104447514 0.992424369 0.064687952 -14.627964020 0.994530380 0.104215167 0.006965169 127.045806885
-0.003420409 0.067562342 -0.997709215 -9.220555305 -0.106771179 0.991987050 0.067540891 -14.647798538 0.994277775 0.106757596 0.003820711 127.069999695
-0.004238272 0.071548782 -0.997428060 -9.956563950 -0.108905852 0.991471350 0.071584247 -14.673565865 0.994043052 0.108929150 0.003589957 127.072616577
-0.005184136 0.074667402 -0.997194946 -10.670867920 -0.111608699 0.990934730 0.074778862 -14.687037468 0.993738711 0.111683287 0.003196391 127.084289551
-0.005857667 0.080211610 -0.996760666 -11.409294128 -0.116088465 0.989983618 0.080348477 -14.694263458 0.993221641 0.116183065 0.003512651 127.095092773
-0.006833662 0.084076606 -0.996435821 -12.151698112 -0.119451739 0.989255548 0.084289953 -14.708292961 0.992816508 0.119602010 0.003282859 127.102455139
-0.008596692 0.084524944 -0.996384263 -12.898091316 -0.119215481 0.989227891 0.084946446 -14.725540161 0.992831171 0.119514704 0.001572596 127.129150391
-0.010041015 0.081379056 -0.996632636 -13.641598701 -0.116858818 0.989758015 0.081995055 -14.743285179 0.993097782 0.117288627 -0.000428316 127.150901794
-0.011510383 0.077894077 -0.996895134 -14.402332306 -0.120523252 0.989584863 0.078714460 -14.749430656 0.992643774 0.121055074 -0.002002453 127.163894653
-0.012825670 0.080124982 -0.996702254 -15.169569969 -0.125406787 0.988784969 0.081102237 -14.763277054 0.992022395 0.126033425 -0.002633614 127.168762207
-0.014341862 0.082801379 -0.996462882 -15.953606606 -0.122472905 0.988915980 0.083937004 -14.776462555 0.992368162 0.123243518 -0.004041972 127.183563232
-0.016596377 0.082847752 -0.996423960 -16.727376938 -0.121215351 0.989044070 0.084253110 -14.792283058 0.992487550 0.122180194 -0.006372127 127.201889038
-0.017149445 0.082435384 -0.996448874 -17.520856857 -0.124938548 0.988607585 0.083936945 -14.804335594 0.992016315 0.125934348 -0.006654714 127.197196960
-0.018525112 0.081662588 -0.996487975 -18.307989120 -0.128968045 0.988137484 0.083375849 -14.814535141 0.991475642 0.130059659 -0.007773494 127.215934753
-0.019802466 0.086089805 -0.996090591 -19.104846954 -0.130830273 0.987496018 0.087947950 -14.821220398 0.991207004 0.132060364 -0.008291703 127.225891113
-0.020589624 0.090979666 -0.995639920 -19.908246994 -0.130114943 0.987137735 0.092893511 -14.834796906 0.991285086 0.131460264 -0.008486982 127.242012024
-0.019663645 0.093187690 -0.995454490 -20.738632202 -0.130656183 0.986869097 0.094964921 -14.843770027 0.991232634 0.131929666 -0.007229898 127.256286621
-0.017759705 0.092059232 -0.995595098 -21.557331085 -0.130095690 0.987074256 0.093592033 -14.850922585 0.991342366 0.131184787 -0.005553638 127.267410278
-0.016789448 0.091826282 -0.995633483 -22.388763428 -0.130054310 0.987113595 0.093233630 -14.853825569 0.991364717 0.131051764 -0.004630689 127.281600952
-0.016526215 0.091024444 -0.995711505 -23.217094421 -0.128471449 0.987399578 0.092396870 -14.860315323 0.991575420 0.129447490 -0.004623933 127.304534912
-0.015608109 0.093032554 -0.995540679 -24.055366516 -0.129393756 0.987101853 0.094272576 -14.866965294 0.991470337 0.130288184 -0.003368960 127.322761536
-0.015060122 0.095273681 -0.995337129 -24.892831802 -0.131125167 0.986665070 0.096427582 -14.869787216 0.991251349 0.131965965 -0.002366520 127.339263916
-0.014979796 0.097633459 -0.995109677 -25.767269135 -0.134234369 0.986015797 0.098761909 -14.871887207 0.990836382 0.135057375 -0.001664551 127.353813171
-0.013397571 0.098652363 -0.995031655 -26.630882263 -0.136368424 0.985642970 0.099557638 -14.868562698 0.990567625 0.137024760 0.000247846 127.367149353
-0.011664508 0.101787142 -0.994737685 -27.499647141 -0.143087193 0.984397709 0.102406971 -14.868289948 0.989641368 0.143528804 0.003081925 127.383445740
-0.009282056 0.105639063 -0.994361341 -28.380367279 -0.147710934 0.983350158 0.105848134 -14.864394188 0.988986969 0.147860512 0.006476535 127.398483276
-0.007334298 0.107436396 -0.994184911 -29.254892349 -0.150157586 0.982820392 0.107316032 -14.859203339 0.988634884 0.150071472 0.008924091 127.431411743
-0.003385024 0.108419999 -0.994099438 -30.153635025 -0.149042398 0.982946873 0.107711188 -14.859485626 0.988824964 0.148527563 0.012831885 127.452674866
-0.000696716 0.108328365 -0.994114876 -31.045331955 -0.151585907 0.982615829 0.107181527 -14.852610588 0.988443911 0.150768474 0.015736448 127.482231140
0.001678856 0.112213448 -0.993682623 -31.947664261 -0.152186751 0.982138157 0.110652611 -14.846191406 0.988350332 0.151039556 0.018726267 127.514274597
0.003920587 0.114393584 -0.993427753 -32.862426758 -0.151371241 0.982055724 0.112486698 -14.843500137 0.988469183 0.149935409 0.021166135 127.558280945
0.005726116 0.115779109 -0.993258417 -33.755439758 -0.152117059 0.981815934 0.113568358 -14.840239525 0.988345861 0.150441259 0.023233971 127.599914551
0.008165411 0.113886721 -0.993460238 -34.657146454 -0.153349385 0.981884062 0.111299284 -14.832699776 0.988138258 0.151437655 0.025481947 127.633499146
0.008541166 0.114982896 -0.993330777 -35.565338135 -0.157635048 0.981101215 0.112211853 -14.821412086 0.987460494 0.155625343 0.026505081 127.674430847
0.009696284 0.115578137 -0.993251085 -36.458377838 -0.158430889 0.980928898 0.112597652 -14.816263199 0.987322450 0.156269878 0.027822511 127.712081909
0.009902021 0.111986972 -0.993660331 -37.355907440 -0.158707395 0.981289268 0.109011173 -14.813495636 0.987275958 0.156621829 0.027489910 127.750183105
0.010597919 0.107928656 -0.994102180 -38.264694214 -0.160066292 0.981521249 0.104856320 -14.813429832 0.987049401 0.158010960 0.027677827 127.793495178
0.011049225 0.107084177 -0.994188547 -39.160724640 -0.159703001 0.981675625 0.103961483 -14.807839394 0.987103343 0.157626212 0.027948419 127.837165833
0.010999238 0.111130849 -0.993744969 -40.067779541 -0.162084728 0.980860412 0.107895918 -14.801267624 0.986715555 0.159884110 0.028801329 127.875236511
0.011359943 0.117423229 -0.993016899 -40.993900299 -0.163118392 0.979996085 0.114017494 -14.786142349 0.986541092 0.160684079 0.030286588 127.911186218
0.011487505 0.116132505 -0.993167281 -41.888565063 -0.160931826 0.980499625 0.112789832 -14.786960602 0.986898720 0.158536553 0.029952906 127.957305908
0.012323218 0.105800435 -0.994310975 -42.778671265 -0.160185695 0.981752872 0.102478869 -14.792211533 0.987010002 0.158011511 0.029046070 128.002609253
0.012624539 0.095357724 -0.995362937 -43.707599640 -0.161977366 0.982489944 0.092070051 -14.797433853 0.986713707 0.160063967 0.027849274 128.046112061
0.011441625 0.092399046 -0.995656252 -44.607131958 -0.158790603 0.983254254 0.089423358 -14.806631088 0.987245917 0.157077730 0.025922129 128.095123291
0.011184350 0.102342978 -0.994686246 -45.527980804 -0.151447579 0.983446360 0.099483602 -14.808656693 0.988402069 0.149530172 0.026498800 128.146789551
0.011510068 0.115568317 -0.993232846 -46.470504761 -0.146521032 0.982771933 0.112653188 -14.806550026 0.989140570 0.144232839 0.028244961 128.202682495
0.011718147 0.124272026 -0.992178977 -47.391773224 -0.146897733 0.981695354 0.121223994 -14.796089172 0.989082217 0.144328326 0.029758926 128.249740601
0.011463244 0.118749425 -0.992858171 -48.308494568 -0.147016719 0.982332945 0.115793169 -14.794143677 0.989067614 0.144639373 0.028718874 128.291183472
0.011433911 0.105401829 -0.994363964 -49.223819733 -0.146801367 0.983830810 0.102597304 -14.794052124 0.989099860 0.144800901 0.026722170 128.339431763
0.011924425 0.096439578 -0.995267451 -50.138698578 -0.147393420 0.984635055 0.093643390 -14.792919159 0.989006102 0.145579249 0.025955765 128.384017944
0.012451542 0.096421123 -0.995262742 -51.067695618 -0.146515295 0.984772861 0.093571834 -14.799943924 0.989130020 0.144656137 0.026389109 128.428710938
0.011894147 0.098231599 -0.995092511 -52.011932373 -0.149602756 0.984136701 0.095361911 -14.818735123 0.988674641 0.147734314 0.026401179 128.472122192
0.012639968 0.097732842 -0.995132387 -52.940326691 -0.154173464 0.983501613 0.094632283 -14.820351601 0.987962961 0.152226865 0.027499238 128.505294800
0.013058474 0.097061947 -0.995192707 -53.880138397 -0.155906692 0.983302593 0.093856581 -14.821514130 0.987685442 0.153931528 0.027973039 128.547271729
0.013697996 0.105013363 -0.994376600 -54.837623596 -0.164945543 0.981083035 0.101337254 -14.828163147 0.986207545 0.162629843 0.030760355 128.586563110
0.015065819 0.114518218 -0.993306935 -55.775718689 -0.170341820 0.979191482 0.110307217 -14.821154594 0.985269904 0.167539835 0.034259561 128.627548218
0.016262164 0.122918054 -0.992283642 -56.735752106 -0.170745447 0.978178859 0.118372567 -14.814754486 0.985180974 0.167502910 0.036895007 128.669479370
0.017453391 0.123307779 -0.992214918 -57.688858032 -0.172532335 0.977851212 0.118487820 -14.801839828 0.984849215 0.169121161 0.038341399 128.717208862
0.018954298 0.113729291 -0.993330956 -58.630882263 -0.174243018 0.978681743 0.108727209 -14.799598694 0.984520257 0.171020120 0.038366757 128.764083862
0.020187972 0.108733065 -0.993865907 -59.568710327 -0.172641963 0.979515195 0.103656247 -14.793514252 0.984777808 0.169490337 0.038546316 128.819869995
0.022125471 0.107049234 -0.994007528 -60.539833069 -0.171113208 0.979985356 0.101730332 -14.791948318 0.985002935 0.167836979 0.040000174 128.876754761
0.024911154 0.112847745 -0.993299961 -61.488525391 -0.172241375 0.979233801 0.106930040 -14.790672302 0.984739721 0.168423623 0.043830894 128.943466187
0.028794099 0.115292259 -0.992914200 -62.465881348 -0.175564632 0.978468060 0.108523540 -14.790880203 0.984046698 0.171195790 0.048415348 128.992675781
0.032757729 0.110479154 -0.993338406 -63.422950745 -0.174571618 0.979226410 0.103152685 -14.791997910 0.984099388 0.170029655 0.051363751 129.052703857
0.036267269 0.104698308 -0.993842602 -64.379074097 -0.174627692 0.979859650 0.096852735 -14.796064377 0.983966410 0.170039877 0.053820051 129.115051270
0.039814632 0.104197673 -0.993759334 -65.336875916 -0.172206119 0.980382085 0.095895655 -14.793985367 0.984255970 0.167313397 0.056977026 129.188018799
0.041735020 0.108704694 -0.993197620 -66.291069031 -0.169742763 0.980384290 0.100169539 -14.809533119 0.984604299 0.164407507 0.059368197 129.274520874
0.045057770 0.115610071 -0.992272198 -67.248725891 -0.169174522 0.979817688 0.106477000 -14.810661316 0.984555721 0.163069576 0.063706681 129.354492188
0.047810949 0.119844645 -0.991640687 -68.215309143 -0.166939512 0.979771197 0.110361330 -14.817107201 0.984807253 0.160267532 0.066850588 129.436630249
0.050325219 0.121560656 -0.991307378 -69.200447083 -0.166603491 0.979679286 0.111676857 -14.815119743 0.984738886 0.159535125 0.069554999 129.512802124
0.052386098 0.118254736 -0.991600394 -70.128578186 -0.165400788 0.980276823 0.108166210 -14.810162544 0.984834135 0.158345088 0.070912309 129.590896606
0.052939169 0.116840534 -0.991738737 -71.073570251 -0.163361564 0.980765402 0.106827460 -14.813124657 0.985144913 0.156356633 0.071008168 129.680755615
0.054082897 0.113356441 -0.992081285 -72.020256042 -0.160443574 0.981612563 0.103413753 -14.820415497 0.985562265 0.153580174 0.071275771 129.766174316
0.053228673 0.112805404 -0.992190301 -72.999603271 -0.158818558 0.981908202 0.103116155 -14.811647415 0.985871911 0.152089506 0.070181265 129.856582642
0.053012863 0.117654704 -0.991638601 -73.954086304 -0.155578375 0.981882036 0.108179949 -14.813887596 0.986400008 0.148542583 0.070356913 129.942596436
0.052417047 0.119099185 -0.991497695 -74.913787842 -0.149309978 0.982636929 0.110141322 -14.815268517 0.987400115 0.142267197 0.069289617 130.042800903
0.051790476 0.114401832 -0.992083669 -75.871330261 -0.146679357 0.983514428 0.105756469 -14.800987244 0.987827420 0.140040994 0.067717068 130.125000000
0.050093558 0.110803328 -0.992579043 -76.839004517 -0.148603350 0.983591199 0.102300279 -14.805971146 0.987627268 0.142376021 0.065737344 130.208129883
0.048812561 0.108112901 -0.992939532 -77.788513184 -0.145090491 0.984347343 0.100044772 -14.808551788 0.988213539 0.139182627 0.063734680 130.291702271
0.047665007 0.108646192 -0.992937088 -78.753700256 -0.145135894 0.984270692 0.100730814 -14.807605743 0.988262892 0.139309481 0.062683731 130.361679077
0.047078487 0.110081181 -0.992807031 -79.712699890 -0.146649778 0.983901203 0.102139629 -14.812282562 0.988067448 0.140786380 0.062463958 130.436416626
0.045732241 0.110335864 -0.992841721 -80.666740417 -0.148183733 0.983635128 0.102487080 -14.813833237 0.987901866 0.142436042 0.061333816 130.510437012
0.044435278 0.111418314 -0.992779613 -81.615058899 -0.147978872 0.983532846 0.103757240 -14.816882133 0.987991750 0.142299950 0.060191110 130.579330444
0.042254895 0.111466035 -0.992869437 -82.580253601 -0.148011625 0.983490169 0.104113907 -14.816344261 0.988082528 0.142556891 0.058055535 130.653442383
0.040537722 0.113896251 -0.992665291 -83.536628723 -0.148155749 0.983184814 0.106758229 -14.810270309 0.988132834 0.142741352 0.056730460 130.728759766
0.038830660 0.117583171 -0.992303550 -84.490058899 -0.149433643 0.982568681 0.110582016 -14.802003860 0.988008976 0.143989593 0.055724669 130.791229248
0.036669720 0.122666061 -0.991770267 -85.438850403 -0.150699526 0.981767118 0.115856886 -14.792865753 0.987899303 0.145210832 0.054486845 130.857727051
0.034613695 0.122418910 -0.991874754 -86.386978149 -0.150564224 0.981780648 0.115918793 -14.787806511 0.987994075 0.145328477 0.052414972 130.919265747
0.033519987 0.117385589 -0.992520511 -87.331672668 -0.150631264 0.982328117 0.111092933 -14.783241272 0.988021553 0.145780787 0.050609570 130.981338501
0.030961914 0.112473994 -0.993172169 -88.277320862 -0.154441521 0.982253671 0.106422797 -14.769642830 0.987516820 0.150091931 0.047783103 131.044601440
0.029807195 0.110502802 -0.993428707 -89.221168518 -0.152494133 0.982738733 0.104738228 -14.767340660 0.987854779 0.148370072 0.046143711 131.109893799
0.029266715 0.111481264 -0.993335485 -90.186782837 -0.148108289 0.983275354 0.105988495 -14.766900063 0.988538027 0.144019276 0.045288537 131.164794922
0.028689153 0.112837061 -0.993199229 -91.135505676 -0.144974202 0.983572185 0.107555665 -14.764221191 0.989019394 0.140902579 0.044576313 131.227340698
0.027403140 0.112699226 -0.993251145 -92.088378906 -0.139588788 0.984320343 0.107834727 -14.766383171 0.989830315 0.135691732 0.042705022 131.296737671
0.025994461 0.109877907 -0.993605137 -93.029624939 -0.135457128 0.985160947 0.105400316 -14.769059181 0.990442157 0.131851062 0.040492471 131.362289429
0.025671881 0.106873810 -0.993941128 -93.984481812 -0.130371034 0.986135304 0.102667212 -14.771663666 0.991132915 0.126945481 0.039249197 131.418182373
0.024043236 0.110055901 -0.993634641 -94.957252502 -0.128530279 0.986013412 0.106101707 -14.781146049 0.991414070 0.125161096 0.037852474 131.473266602
0.022744270 0.112561494 -0.993384361 -95.905906677 -0.127882823 0.985806406 0.108774833 -14.779283524 0.991528451 0.124562807 0.036816128 131.530395508
0.021286121 0.110115156 -0.993690848 -96.864356995 -0.123717383 0.986566961 0.106675535 -14.772568703 0.992089152 0.120666131 0.034623340 131.583190918
0.019398099 0.107426062 -0.994023860 -97.811058044 -0.120803639 0.987178862 0.104328863 -14.773040771 0.992486894 0.118057929 0.032126855 131.631408691
0.015596026 0.105178751 -0.994331002 -98.784561157 -0.119682513 0.987498820 0.102578811 -14.774734497 0.992689729 0.117404245 0.027989106 131.687225342
0.012869302 0.104118980 -0.994481564 -99.738510132 -0.114103369 0.988220155 0.101986825 -14.780674934 0.993385553 0.112161204 0.024598029 131.738677979
0.010727953 0.104215227 -0.994496882 -100.698211670 -0.107343271 0.988927007 0.102473587 -14.773928642 0.994164109 0.105653219 0.021795964 131.781570435
0.007937826 0.112726159 -0.993594408 -101.662467957 -0.097812571 0.988948345 0.111417621 -14.779861450 0.995173216 0.096301608 0.018876139 131.847518921
0.005456835 0.120718390 -0.992671847 -102.619270325 -0.089742817 0.988740087 0.119746916 -14.772500038 0.995950043 0.088431716 0.016228996 131.902435303
0.001709950 0.120847620 -0.992669642 -103.579788208 -0.085409850 0.989061415 0.120261222 -14.767599106 0.996344507 0.084578112 0.012012822 131.954849243
-0.000461543 0.110581182 -0.993866920 -104.527465820 -0.086459272 0.990141034 0.110206760 -14.765053749 0.996255219 0.085979871 0.009103776 131.985412598
-0.002590854 0.101187155 -0.994863987 -105.474243164 -0.088286676 0.990959406 0.101019919 -14.760787964 0.996091723 0.088094950 0.006366046 132.023086548
-0.002769586 0.102890790 -0.994688749 -106.438499451 -0.095714793 0.990098357 0.102682471 -14.761312485 0.995404959 0.095490798 0.007106008 132.038345337
-0.003823107 0.111614227 -0.993744254 -107.398185730 -0.098602183 0.988866746 0.111445740 -14.741614342 0.995119572 0.098411426 0.007224861 132.078338623
-0.005318061 0.122945540 -0.992399216 -108.360786438 -0.102561019 0.987112701 0.122840211 -14.727471352 0.994712472 0.102434747 0.007359894 132.107513428
-0.006551848 0.124537461 -0.992193282 -109.305892944 -0.109600030 0.986147523 0.124502353 -14.712823868 0.993954182 0.109560125 0.007188220 132.135208130
-0.006655782 0.121513993 -0.992567420 -110.285881042 -0.116857283 0.985694051 0.121456131 -14.690924644 0.993126392 0.116797127 0.007639232 132.156082153
-0.006927201 0.117372751 -0.993063807 -111.239974976 -0.124884307 0.985211015 0.117315769 -14.674879074 0.992147148 0.124830738 0.007833259 132.180755615
-0.004539822 0.119680613 -0.992801964 -112.208175659 -0.129637182 0.984363854 0.119256184 -14.655406952 0.991551042 0.129245460 0.011046221 132.202133179
-0.003053901 0.120700032 -0.992684305 -113.193946838 -0.137810737 0.983166397 0.119966716 -14.632851601 0.990454018 0.137168944 0.013631267 132.226455688
-0.002604664 0.123452008 -0.992347121 -114.157409668 -0.147045627 0.981516004 0.122490525 -14.614126205 0.989126384 0.146239340 0.015596557 132.247817993
-0.002421390 0.125718474 -0.992062926 -115.131294250 -0.152489379 0.980417371 0.124614887 -14.592163086 0.988302231 0.151580811 0.016796760 132.275283813
-0.002332939 0.124841899 -0.992173851 -116.106399536 -0.155828878 0.980010808 0.123677857 -14.577705383 0.987781227 0.154897898 0.017167667 132.315490723
-0.000730524 0.115282550 -0.993332505 -117.061347961 -0.154765382 0.981351435 0.114005871 -14.577485085 0.987951040 0.153816804 0.017124843 132.348037720
0.000587067 0.103736199 -0.994604588 -118.014122009 -0.157954961 0.982128501 0.102341712 -14.566059113 0.987446249 0.157042637 0.016962223 132.385086060
