1.000000000 0.000000000 0.000000000 0.000000000 0.000000000 1.000000000 0.000000000 0.000000000 0.000000000 0.000000000 1.000000000 0.000000000
0.999997675 -0.001671154 -0.001351243 0.049751025 0.001668220 0.999996245 -0.002169708 -0.132928684 0.001354864 0.002167449 0.999996722 1.297535062
0.999997795 0.000020985 -0.002110829 0.105561465 -0.000034095 0.999980628 -0.006211076 -0.269217014 0.002110658 0.006211134 0.999978483 2.604345322
0.999996006 0.002473117 -0.001388981 0.150961637 -0.002483930 0.999966204 -0.007838064 -0.407168984 0.001369550 0.007841483 0.999968290 3.908871412
0.999983609 0.005725521 0.000109717 0.197036624 -0.005724670 0.999961853 -0.006610702 -0.545998454 -0.000147562 0.006609965 0.999978065 5.222789764
0.999975622 0.006534613 0.002451551 0.243127316 -0.006526859 0.999973714 -0.003157808 -0.691719294 -0.002472121 0.003141730 0.999992013 6.543201923
0.999961495 0.006695414 0.005659650 0.300237387 -0.006684911 0.999975860 -0.001872704 -0.829431951 -0.005672053 0.001834798 0.999982238 7.847578049
0.999943614 0.005321598 0.009201908 0.358642519 -0.005305246 0.999984264 -0.001800528 -0.962939262 -0.009211347 0.001751607 0.999956012 9.157609940
0.999913990 0.003972422 0.012499759 0.437846094 -0.003952326 0.999990821 -0.001632062 -1.100067735 -0.012506129 0.001582519 0.999920487 10.456710815
0.999872029 0.002663152 0.015769880 0.503280044 -0.002624571 0.999993503 -0.002466655 -1.235514998 -0.015776349 0.002424950 0.999872625 11.770164490
0.999813855 0.001557775 0.019230226 0.579442263 -0.001494289 0.999993384 -0.003315296 -1.371022224 -0.019235265 0.003285943 0.999809563 13.062705994
0.999739647 0.001590440 0.022759363 0.643730283 -0.001516403 0.999993443 -0.003269879 -1.519149303 -0.022764415 0.003234515 0.999735653 14.392160416
0.999656022 0.001488494 0.026183406 0.728564441 -0.001376155 0.999989748 -0.004307955 -1.657489538 -0.026189554 0.004270440 0.999647856 15.689406395
0.999567032 0.002470009 0.029319730 0.812566996 -0.002346225 0.999988139 -0.004255533 -1.795684218 -0.029329896 0.004184900 0.999560952 16.989995956
0.999470532 0.002034469 0.032475028 0.903224587 -0.001912385 0.999991059 -0.003789943 -1.935069919 -0.032482449 0.003725832 0.999465287 18.276338577
0.999406636 0.000323265 0.034442067 1.005149603 -0.000196966 0.999993265 -0.003670314 -2.075852156 -0.034443021 0.003661353 0.999399960 19.572526932
0.999347150 -0.002199015 0.036060698 1.102589726 0.002376328 0.999985278 -0.004874930 -2.217468977 -0.036049455 0.004957440 0.999337733 20.847568512
0.999310017 -0.001970176 0.037093088 1.202687144 0.002218264 0.999975443 -0.006648276 -2.357955217 -0.037079073 0.006725969 0.999289691 22.150068283
0.999268055 -0.001984792 0.038201850 1.289869785 0.002342783 0.999953747 -0.009328576 -2.502929449 -0.038181562 0.009411247 0.999226511 23.437860489
0.999226987 -0.001492444 0.039283838 1.390206575 0.001921084 0.999939024 -0.010875879 -2.642998219 -0.039265212 0.010942939 0.999168873 24.723138809
0.999181092 -0.000905425 0.040451963 1.488970280 0.001377083 0.999931395 -0.011633378 -2.787808180 -0.040438645 0.011679558 0.999113739 25.992740631
0.999166906 -0.002504458 0.040731903 1.590010047 0.002934208 0.999940634 -0.010494364 -2.935257673 -0.040703204 0.010605142 0.999114931 27.287231445
0.999164164 -0.005466565 0.040509731 1.694513321 0.005855651 0.999937832 -0.009492315 -3.080299377 -0.040455326 0.009721594 0.999134064 28.564857483
0.999188721 -0.007170108 0.039627384 1.793934107 0.007563484 0.999923527 -0.009785864 -3.228467941 -0.039554194 0.010077644 0.999166608 29.853740692
0.999207854 -0.008801548 0.038809672 1.898206949 0.009284777 0.999881327 -0.012288624 -3.373731852 -0.038696915 0.012639226 0.999171019 31.120653152
0.999229729 -0.008855951 0.038230069 1.999823809 0.009341663 0.999877632 -0.012545059 -3.522697926 -0.038114283 0.012892527 0.999190211 32.406364441
0.999250591 -0.009456650 0.037534256 2.099001408 0.009948799 0.999866664 -0.012946946 -3.666266203 -0.037406810 0.013310664 0.999211431 33.672805786
0.999257624 -0.009988081 0.037207916 2.190893888 0.010472992 0.999862432 -0.012860433 -3.812580824 -0.037074350 0.013240566 0.999224782 34.939853668
0.999262869 -0.010306271 0.036981810 2.279596567 0.010812970 0.999850035 -0.013527529 -3.955484629 -0.036836844 0.013917440 0.999224365 36.199665070
0.999309242 -0.011099860 0.035466224 2.395335436 0.011586256 0.999841213 -0.013538394 -4.115236282 -0.035310309 0.013939963 0.999279141 37.489654541
0.999304593 -0.010878490 0.035667971 2.483664036 0.011306183 0.999866307 -0.011811247 -4.260584831 -0.035534713 0.012206301 0.999293864 38.754768372
0.999267578 -0.010862046 0.036691882 2.583769560 0.011263532 0.999878764 -0.010753140 -4.400230885 -0.036570638 0.011158544 0.999268711 40.017852783
0.999183834 -0.012574798 0.038385104 2.694873333 0.012932531 0.999875128 -0.009085543 -4.542785645 -0.038266059 0.009574543 0.999221683 41.265415192
0.999074340 -0.013683372 0.040782392 2.789796829 0.014115174 0.999847114 -0.010318820 -4.688309193 -0.040634960 0.010884919 0.999114752 42.529499054
0.998946190 -0.014892591 0.043413538 2.882758141 0.015488497 0.999789953 -0.013422353 -4.838699818 -0.043204527 0.014080618 0.998966992 43.782283783
0.998857141 -0.016127391 0.044992160 2.998939514 0.016797980 0.999752820 -0.014566529 -4.983139992 -0.044746123 0.015305659 0.998881161 45.042259216
0.998728216 -0.016295347 0.047711488 3.122583151 0.016961452 0.999763727 -0.013589688 -5.114720821 -0.047478765 0.014381660 0.998768747 46.277194977
0.998529434 -0.017406506 0.051340118 3.225240946 0.017938610 0.999789953 -0.009921812 -5.274907589 -0.051156621 0.010828191 0.998631954 47.536254883
0.998253822 -0.020499712 0.055397894 3.340032339 0.020977085 0.999747515 -0.008049387 -5.412020206 -0.055218890 0.009197417 0.998431981 48.759582520
0.998015761 -0.022243565 0.058904659 3.473475456 0.022773899 0.999705791 -0.008347134 -5.554350853 -0.058701646 0.009672060 0.998228729 50.023887634
0.997743607 -0.025761252 0.061999176 3.619813204 0.026562376 0.999573588 -0.012132055 -5.689603806 -0.061660193 0.013751526 0.998002470 51.251014709
0.997460663 -0.026989721 0.065906972 3.750964642 0.027859829 0.999535859 -0.012318742 -5.824701309 -0.065543927 0.014123617 0.997749746 52.483501434
0.997100234 -0.029497007 0.070151068 3.878802776 0.030252561 0.999494910 -0.009732253 -5.966432571 -0.069828577 0.011826281 0.997488856 53.702663422
0.996817946 -0.032291725 0.072878219 4.033508778 0.032833707 0.999441266 -0.006250905 -6.101427078 -0.072635651 0.008623877 0.997321248 54.910320282
0.996603906 -0.034731828 0.074661627 4.188516140 0.035172336 0.999370754 -0.004592934 -6.232635975 -0.074455135 0.007203360 0.997198343 56.128280640
0.996364534 -0.037987527 0.076254055 4.336471081 0.038234491 0.999267340 -0.001781049 -6.353562832 -0.076130524 0.004690109 0.997086763 57.334178925
0.996209800 -0.041014690 0.076706044 4.489315033 0.041137524 0.999153495 -0.000021447 -6.482398987 -0.076640233 0.003176863 0.997053742 58.536026001
0.996160030 -0.043046210 0.076238289 4.636962891 0.043429404 0.999050796 -0.003374761 -6.606471062 -0.076020636 0.006672785 0.997083902 59.742973328
0.996179640 -0.044198517 0.075318076 4.788197994 0.044908799 0.998960912 -0.007762244 -6.733950138 -0.074896723 0.011115032 0.997129321 60.930767059
0.996175170 -0.045591198 0.074541979 4.916300297 0.046582550 0.998846889 -0.011614212 -6.864199162 -0.073926523 0.015042144 0.997150242 62.130142212
0.996229589 -0.047169510 0.072812237 5.066939831 0.048315234 0.998733282 -0.014054098 -6.997966290 -0.072057083 0.017519049 0.997246623 63.325660706
0.996348083 -0.047524720 0.070936009 5.198877335 0.048662476 0.998711526 -0.014397294 -7.130960464 -0.070160396 0.017796639 0.997376978 64.509246826
0.996567607 -0.046972137 0.068165481 5.332143307 0.047996122 0.998756826 -0.013461991 -7.268534660 -0.067448400 0.016687468 0.997583210 65.684501648
0.996826410 -0.045914106 0.065030895 5.451785088 0.046766579 0.998837829 -0.011646895 -7.408208370 -0.064420559 0.014651201 0.997815251 66.884162903
0.997219980 -0.042208064 0.061406616 5.571328163 0.042787578 0.999050856 -0.008152604 -7.537235260 -0.061004240 0.010757380 0.998079479 68.057670593
0.997431934 -0.040361471 0.059165686 5.676709652 0.040765818 0.999152780 -0.005642536 -7.664523602 -0.058887839 0.008039983 0.998232126 69.222518921
0.997722149 -0.039474256 0.054701768 5.811739445 0.040011220 0.999160826 -0.008755559 -7.807280064 -0.054310247 0.010924299 0.998464346 70.435707092
0.997898221 -0.039831184 0.051114157 5.920505047 0.040667415 0.999053657 -0.015425386 -7.937430382 -0.050451379 0.017471645 0.998573720 71.594261169
0.997954369 -0.043239526 0.047089279 6.030116081 0.044150557 0.998853922 -0.018481318 -8.073922157 -0.046236187 0.020522529 0.998719752 72.769454956
0.997973800 -0.046737324 0.043171518 6.148564339 0.047375906 0.998780549 -0.013888441 -8.214357376 -0.042469766 0.015905591 0.998971164 73.960159302
0.997968972 -0.050492097 0.038837794 6.252836227 0.050883085 0.998662591 -0.009144746 -8.340206146 -0.038324118 0.011102357 0.999203682 75.117454529
0.998021126 -0.052800249 0.034149498 6.348355293 0.053044144 0.998572409 -0.006274934 -8.470112801 -0.033769436 0.008073946 0.999396980 76.303466797
0.998203814 -0.051905781 0.029915279 6.438089848 0.052044339 0.998637199 -0.003871152 -8.595314980 -0.029673576 0.005421119 0.999544859 77.463684082
0.998332143 -0.051495556 0.026096933 6.530027390 0.051628076 0.998656631 -0.004429470 -8.704642296 -0.025833771 0.005769416 0.999649584 78.622581482
0.998478651 -0.050369587 0.022435334 6.609737873 0.050511979 0.998706460 -0.005825202 -8.840869904 -0.022112900 0.006949592 0.999731243 79.787048340
0.998657286 -0.048102025 0.019232778 6.683487415 0.048315693 0.998773575 -0.010803547 -8.970753670 -0.018689519 0.011718286 0.999756575 80.932052612
0.998561263 -0.051417496 0.015224319 6.768970490 0.051657602 0.998539507 -0.015821654 -9.109146118 -0.014388571 0.016585343 0.999758840 82.099113464
0.998408914 -0.054983865 0.012508810 6.822589874 0.055191841 0.998332083 -0.016936339 -9.237682343 -0.011556719 0.017599775 0.999778330 83.242301941
0.998433113 -0.055271514 0.008733622 6.887840748 0.055386323 0.998373747 -0.013501775 -9.367602348 -0.007973153 0.013964343 0.999870658 84.379219055
0.998425663 -0.055771027 0.005999987 6.951711178 0.055834372 0.998379827 -0.010966137 -9.499368668 -0.005378674 0.011283878 0.999921858 85.515312195
0.998566031 -0.053320684 0.004797467 6.997044086 0.053378444 0.998491824 -0.012846659 -9.625653267 -0.004105240 0.013084320 0.999905884 86.653862000
0.998761773 -0.049571581 0.004166318 7.049125195 0.049631473 0.998642981 -0.015771342 -9.755965233 -0.003378855 0.015958596 0.999866903 87.773429871
0.998835564 -0.048160966 0.002797376 7.111181259 0.048204839 0.998663843 -0.018623926 -9.882947922 -0.001896692 0.018737091 0.999822557 88.872543335
0.998749077 -0.049946133 0.002365658 7.151097298 0.049982689 0.998561859 -0.019388786 -10.019912720 -0.001393861 0.019482773 0.999809325 90.007125854
0.998690903 -0.051145632 0.000796696 7.202362537 0.051151797 0.998551369 -0.016689809 -10.151599884 0.000058069 0.016708715 0.999860346 91.120429993
0.998635650 -0.052219041 -0.000340342 7.252625942 0.052209225 0.998538911 -0.013936796 -10.284241676 0.001067611 0.013900016 0.999902785 92.235397339
0.998663187 -0.051681776 -0.000913794 7.315525532 0.051664267 0.998569191 -0.013806934 -10.403481483 0.001626053 0.013741267 0.999904215 93.365043640
0.998631537 -0.052290000 -0.000941766 7.359022617 0.052268341 0.998505414 -0.015968636 -10.532545090 0.001775359 0.015897559 0.999872029 94.473060608
0.998619616 -0.052494027 -0.001768106 7.419082642 0.052447893 0.998420477 -0.020142227 -10.660089493 0.002822660 0.020021694 0.999795496 95.583808899
0.998590291 -0.053063288 -0.001283910 7.458498478 0.053024977 0.998374701 -0.020888992 -10.803382874 0.002390262 0.020791465 0.999780953 96.695556641
0.998547018 -0.053866260 -0.001522895 7.513498783 0.053827144 0.998365343 -0.019219320 -10.936559677 0.002555678 0.019109424 0.999814093 97.779479980
0.998592436 -0.053034279 -0.000706326 7.555101871 0.053018976 0.998492897 -0.014174115 -11.058881760 0.001456976 0.014116715 0.999899268 98.865699768
0.998676002 -0.051440887 0.000510227 7.603324413 0.051443405 0.998619199 -0.010640908 -11.181361198 0.000037855 0.010653066 0.999943256 99.930992126
0.998781919 -0.049287349 0.002334828 7.649427414 0.049309645 0.998726130 -0.010717524 -11.303115845 -0.001803616 0.010819598 0.999939859 101.001281738
0.998857617 -0.047568917 0.004537115 7.696760178 0.047621794 0.998788953 -0.012362372 -11.426947594 -0.003943556 0.012564315 0.999913335 102.037223816
0.998827755 -0.047881786 0.007102040 7.751698017 0.047981568 0.998741210 -0.014616480 -11.551662445 -0.006393238 0.014940113 0.999867916 103.058586121
0.998739779 -0.049394786 0.008886904 7.796538830 0.049531877 0.998645484 -0.015929868 -11.664400101 -0.008088013 0.016349977 0.999833643 104.078376770
0.998631954 -0.051183905 0.010692907 7.856377602 0.051344119 0.998563826 -0.015288400 -11.779415131 -0.009895032 0.015816502 0.999825954 105.060859680
0.998597443 -0.051422268 0.012596678 7.911257744 0.051594757 0.998573065 -0.013774246 -11.900394440 -0.011870401 0.014404850 0.999825835 106.036827087
0.998549402 -0.052128851 0.013489578 7.983982086 0.052293528 0.998557746 -0.012156604 -12.012844086 -0.012836413 0.012844386 0.999835074 106.985786438
0.998485506 -0.052793205 0.015479986 8.038661957 0.052990150 0.998515487 -0.012600699 -12.121823311 -0.014791775 0.013401902 0.999800801 107.903549194
0.998473465 -0.052558478 0.016980587 8.100572586 0.052747998 0.998548329 -0.010913184 -12.222601891 -0.016382353 0.011792218 0.999796271 108.814926147
0.998483896 -0.051696975 0.018901518 8.157013893 0.051869433 0.998615503 -0.008750411 -12.322066307 -0.018422978 0.009717556 0.999783158 109.686325073
0.998461187 -0.051681656 0.020107582 8.215803146 0.051802550 0.998641968 -0.005538261 -12.425731659 -0.019794049 0.006571363 0.999782503 110.542823792
0.998413861 -0.051903822 0.021812471 8.272909164 0.052032877 0.998630822 -0.005391141 -12.519372940 -0.021502782 0.006517556 0.999747574 111.368881226
0.998439074 -0.051019222 0.022724826 8.326615334 0.051138729 0.998680472 -0.004708912 -12.610617638 -0.022454590 0.005863680 0.999730647 112.186241150
0.998540521 -0.048734654 0.023272496 8.377458572 0.048850507 0.998796225 -0.004435376 -12.691967964 -0.023028327 0.005565777 0.999719322 112.966728210
0.998671949 -0.046342917 0.022508033 8.422821999 0.046385065 0.998922646 -0.001353426 -12.773099899 -0.022421064 0.002395665 0.999745727 113.722946167
0.998757958 -0.045762867 0.019705124 8.466293335 0.045778055 0.998951614 -0.000319788 -12.857744217 -0.019669827 0.001221452 0.999805808 114.472648621
0.998863578 -0.045805089 0.013168847 8.501635551 0.045811497 0.998950064 -0.000184711 -12.933199883 -0.013146561 0.000787785 0.999913275 115.170967102
0.999015927 -0.044266839 0.002764106 8.527903557 0.044271071 0.999018550 -0.001489678 -13.009130478 -0.002695449 0.001610582 0.999995053 115.843841553
0.999070704 -0.041568983 -0.011393305 8.528464317 0.041522536 0.999128461 -0.004283451 -13.078641891 0.011561433 0.003806392 0.999925911 116.487770081
0.998739064 -0.040146660 -0.030146003 8.528300285 0.039966233 0.999179482 -0.006564335 -13.153128624 0.030384807 0.005351236 0.999523938 117.109931946
0.997874737 -0.038504392 -0.052568309 8.494895935 0.038087472 0.999234617 -0.008910371 -13.223211288 0.052871168 0.006889240 0.998577535 117.699287415
0.996100128 -0.036959458 -0.080115639 8.450768471 0.036176421 0.999282539 -0.011203826 -13.287173271 0.080472253 0.008261836 0.996722579 118.267608643
0.993081629 -0.034661625 -0.112193793 8.378139496 0.033424236 0.999357998 -0.012891827 -13.359335899 0.112568632 0.009052645 0.993602693 118.811668396
0.988653779 -0.029928656 -0.147200048 8.261600494 0.028124524 0.999501884 -0.014322851 -13.427959442 0.147555381 0.010020411 0.989002943 119.356567383
0.982254744 -0.024376102 -0.185960621 8.159469604 0.022163080 0.999656737 -0.013970396 -13.480609894 0.186237320 0.009601027 0.982457876 119.863929749
0.973576188 -0.018836478 -0.227584362 8.018075943 0.016555330 0.999791741 -0.011928260 -13.540859222 0.227761656 0.007845337 0.973685324 120.368011475
0.962145269 -0.014328660 -0.272160351 7.843252182 0.011925690 0.999873936 -0.010481365 -13.598968506 0.272276223 0.006838896 0.962194860 120.861221313
0.947790861 -0.008075451 -0.318790197 7.652404785 0.004880049 0.999929488 -0.010820967 -13.658042908 0.318855107 0.008700303 0.947763503 121.325325012
0.930103004 -0.000549028 -0.367298365 7.430156708 -0.004059874 0.999922395 -0.011775412 -13.713981628 0.367276311 0.012443532 0.930028617 121.801879883
0.909007132 0.004446412 -0.416756809 7.168731689 -0.010543593 0.999868333 -0.012329428 -13.772006989 0.416647166 0.015601652 0.908934355 122.231262207
0.883844078 0.008745437 -0.467699945 6.898719788 -0.015774831 0.999813795 -0.011115417 -13.825407982 0.467515647 0.017202184 0.883817375 122.641380310
0.854622900 0.011691516 -0.519117534 6.612155914 -0.020346440 0.999732733 -0.010980445 -13.870066643 0.518850386 0.019946335 0.854632318 123.045166016
0.822996318 0.021761958 -0.567629695 6.288036346 -0.031566065 0.999473870 -0.007448949 -13.923523903 0.567168951 0.024048291 0.823250294 123.406982422
0.788740396 0.034640048 -0.613749504 5.941082001 -0.044628464 0.999003172 -0.000969054 -13.963352203 0.613104165 0.028155033 0.789500237 123.768844604
0.752545238 0.043472990 -0.657104075 5.587368011 -0.055875987 0.998435676 0.002063260 -14.011738777 0.656165779 0.035163641 0.753797054 124.080665588
0.712493122 0.047121372 -0.700094998 5.221862793 -0.063149899 0.997999787 0.002904251 -14.055861473 0.698831499 0.042141668 0.714043856 124.377471924
0.670102775 0.048975565 -0.740650892 4.838668823 -0.065892458 0.997806370 0.006363890 -14.105234146 0.739337921 0.044538852 0.671859980 124.659301758
0.626307666 0.052638523 -0.777796805 4.423324585 -0.069564007 0.997511268 0.011492776 -14.139940262 0.776465893 0.046908647 0.628410816 124.925933838
0.580777526 0.061328508 -0.811748981 4.010124207 -0.080349520 0.996607602 0.017807560 -14.177484512 0.810087264 0.054881409 0.583735108 125.151473999
0.535336018 0.069684327 -0.841759741 3.537109375 -0.092675738 0.995419800 0.023465725 -14.198070526 0.839539528 0.065448657 0.539342105 125.382766724
0.488353759 0.074663535 -0.869445741 3.088413239 -0.098514192 0.994680703 0.030084234 -14.222177505 0.867067158 0.070960984 0.493111610 125.575218201
0.440884858 0.076075815 -0.894333839 2.626163483 -0.097800091 0.994540632 0.036386766 -14.249955177 0.892219543 0.071423560 0.445918173 125.753692627
0.393303394 0.077699751 -0.916119576 2.150295258 -0.095615856 0.994476199 0.043296240 -14.272899628 0.914423347 0.070567004 0.398560166 125.929611206
0.348727137 0.080967724 -0.933720291 1.652793884 -0.097527675 0.993987620 0.049769040 -14.298435211 0.932136059 0.073707759 0.354527086 126.058494568
0.305216044 0.084477708 -0.948528647 1.152919769 -0.103337698 0.993113577 0.055196680 -14.319772720 0.946659684 0.081171848 0.311843961 126.171752930
0.263628781 0.085588098 -0.960819721 0.634351730 -0.108017623 0.992410719 0.058764398 -14.334352493 0.958557308 0.088293478 0.270873010 126.272506714
0.223933429 0.082414031 -0.971113622 0.106002808 -0.108197555 0.992361128 0.059267439 -14.354057312 0.968580008 0.091800161 0.231139839 126.374595642
0.189157739 0.077350289 -0.978895545 -0.432765961 -0.103334174 0.992925406 0.058491040 -14.378436089 0.976494372 0.090089314 0.195812464 126.459945679
0.158578724 0.072084129 -0.984711468 -0.980762482 -0.100555830 0.993324697 0.056521054 -14.399179459 0.982212365 0.090055451 0.164768651 126.539398193
0.132173881 0.070747055 -0.988698602 -1.548377991 -0.101783067 0.993145883 0.057458453 -14.420970917 0.985986948 0.093038276 0.138468772 126.605407715
0.110125355 0.069651917 -0.991474152 -2.139172554 -0.102105416 0.993056595 0.058421992 -14.431998253 0.988659143 0.094801150 0.116472542 126.663055420
0.091550380 0.071281694 -0.993245959 -2.733275414 -0.104089066 0.992655814 0.061645132 -14.449162483 0.990345418 0.097742416 0.098297648 126.717353821
0.075321496 0.069323398 -0.994746685 -3.339720726 -0.105063483 0.992579520 0.061217040 -14.473251343 0.991609097 0.099900596 0.082045928 126.768783569
0.061217193 0.068321221 -0.995783448 -3.959324837 -0.103967845 0.992663980 0.061715618 -14.503588676 0.992694914 0.099751405 0.067871310 126.819343567
0.048895903 0.065935932 -0.996625125 -4.599241257 -0.099752359 0.993152142 0.060812157 -14.527086258 0.993810117 0.096442230 0.055138342 126.861289978
0.037293337 0.063418441 -0.997290075 -5.252333164 -0.097519115 0.993451834 0.059527662 -14.543537140 0.994534671 0.095034868 0.043233644 126.889793396
0.026427127 0.062281296 -0.997708678 -5.919566154 -0.097045735 0.993502915 0.059448227 -14.566255569 0.994928956 0.095252320 0.032299563 126.927635193
0.016656637 0.063866846 -0.997819424 -6.590539932 -0.100422919 0.993018508 0.061883196 -14.589632988 0.994805515 0.099173166 0.022954049 126.948440552
0.008467121 0.063816890 -0.997925639 -7.268974781 -0.103228763 0.992685437 0.062605903 -14.617963791 0.994621575 0.102484554 0.014992928 126.961341858
0.001565157 0.063134916 -0.998003721 -7.958367348 -0.105508842 0.992445052 0.062617786 -14.639163971 0.994417131 0.105200216 0.008214621 126.980598450
-0.003344873 0.063912347 -0.997949958 -8.657017708 -0.106343552 0.992273748 0.063905276 -14.656527519 0.994323790 0.106339298 0.003477639 126.993095398
-0.007086879 0.066440620 -0.997765243 -9.376049995 -0.108551428 0.991842806 0.066817254 -14.677295685 0.994065523 0.108782351 0.000183156 127.015632629
-0.007701965 0.070339881 -0.997493386 -10.113532066 -0.110745661 0.991326749 0.070760123 -14.702381134 0.993818939 0.111013040 0.000154673 127.013534546
-0.009108814 0.073629752 -0.997244179 -10.821421623 -0.113398679 0.990775883 0.074187979 -14.719512939 0.993507802 0.113761924 -0.000675277 127.028907776
-0.009716946 0.079176292 -0.996813297 -11.561388969 -0.118314371 0.989766777 0.079769939 -14.727578163 0.992928565 0.118712462 -0.000249816 127.034721375
-0.010956856 0.083030231 -0.996486843 -12.302244186 -0.121249191 0.989082992 0.083746515 -14.741656303 0.992561698 0.121740825 -0.000769893 127.042976379
-0.012332209 0.083586141 -0.996424258 -13.050922394 -0.121237427 0.989023268 0.084465779 -14.761485100 0.992546916 0.121845543 -0.002063074 127.061134338
-0.013838910 0.080520295 -0.996656895 -13.795218468 -0.118903697 0.989547253 0.081596933 -14.780364037 0.992809296 0.119635403 -0.004120094 127.080871582
-0.015241965 0.076766394 -0.996932626 -14.557802200 -0.122458622 0.989399135 0.078058556 -14.783715248 0.992356539 0.123272732 -0.005679681 127.088180542
-0.016040688 0.078648277 -0.996773422 -15.325860023 -0.127820000 0.988561034 0.080057263 -14.796331406 0.991667628 0.128691733 -0.005804377 127.083229065
-0.017931271 0.081891678 -0.996479928 -16.110200882 -0.124487586 0.988702118 0.083492592 -14.814541817 0.992059112 0.125546515 -0.007534188 127.100257874
-0.020148005 0.081828184 -0.996442676 -16.883840561 -0.123326153 0.988830268 0.083696716 -14.830384254 0.992161572 0.124573767 -0.009831402 127.115364075
-0.020635359 0.081547372 -0.996455789 -17.678106308 -0.126983389 0.988382697 0.083516352 -14.842506409 0.991690159 0.128256723 -0.010040468 127.106399536
-0.022068128 0.080738500 -0.996491015 -18.470954895 -0.130910546 0.987918437 0.082943060 -14.852984428 0.991148531 0.132281572 -0.011231993 127.122413635
-0.023371439 0.085055813 -0.996102154 -19.267627716 -0.132714018 0.987291813 0.087417379 -14.859605789 0.990878761 0.134239778 -0.011786335 127.129875183
-0.024309274 0.089825869 -0.995660782 -20.070751190 -0.132016256 0.986944377 0.092262723 -14.873249054 0.990949452 0.133686244 -0.012133427 127.144248962
-0.023159768 0.092309378 -0.995460987 -20.903594971 -0.132678702 0.986636400 0.094577879 -14.882974625 0.990888476 0.134266883 -0.010602782 127.151283264
-0.021155382 0.091294713 -0.995599091 -21.721767426 -0.132036775 0.986844420 0.093297549 -14.890928268 0.991018951 0.133429438 -0.008822810 127.158424377
-0.020099292 0.090974875 -0.995650291 -22.553329468 -0.132090375 0.986880362 0.092840075 -14.893543243 0.991033852 0.133381873 -0.007818691 127.168785095
-0.020035626 0.090128608 -0.995728612 -23.381881714 -0.130770400 0.987136602 0.091982178 -14.901445389 0.991210163 0.132054746 -0.007991745 127.190429688
-0.019032225 0.091957897 -0.995580912 -24.220491409 -0.131712243 0.986852527 0.093669586 -14.907277107 0.991105258 0.132912934 -0.006670018 127.204933167
-0.018857358 0.094097473 -0.995384395 -25.057065964 -0.133304819 0.986436307 0.095777020 -14.909984589 0.990895689 0.134495646 -0.006057931 127.223678589
-0.018550850 0.096560158 -0.995154262 -25.925827026 -0.136321843 0.985786259 0.098192371 -14.910894394 0.990490913 0.137482822 -0.005123917 127.231765747
-0.016971536 0.097703837 -0.995070755 -26.790414810 -0.138507932 0.985389113 0.099115551 -14.908704758 0.990215957 0.139507309 -0.003190807 127.241416931
-0.015170066 0.100931324 -0.994777739 -27.659879684 -0.145297647 0.984109461 0.102064654 -14.909652710 0.989271700 0.146087170 -0.000263923 127.253440857
-0.012848930 0.104664296 -0.994424582 -28.541028976 -0.149962589 0.983056903 0.105405495 -14.904976845 0.988608181 0.150480837 0.003064499 127.266357422
-0.010754732 0.106464610 -0.994258225 -29.416242599 -0.152420983 0.982521892 0.106856607 -14.899416924 0.988257170 0.152695045 0.005660675 127.294273376
-0.006828601 0.107401125 -0.994192302 -30.312463760 -0.151306182 0.982657492 0.107194290 -14.901950836 0.988463342 0.151159406 0.009540278 127.313690186
-0.004318981 0.107234038 -0.994224489 -31.203073502 -0.153791308 0.982334197 0.106619686 -14.895912170 0.988093853 0.153363556 0.012248980 127.342117310
-0.001667201 0.111011408 -0.993817687 -32.106391907 -0.154344037 0.981881797 0.109937064 -14.887679100 0.988015771 0.153573111 0.015496954 127.368515015
0.000565042 0.113220461 -0.993569851 -33.016433716 -0.153430730 0.981815159 0.111793764 -14.885910988 0.988159239 0.152380943 0.017926272 127.407501221
0.002408997 0.114341773 -0.993438542 -33.909339905 -0.153983653 0.981635332 0.112609878 -14.881786346 0.988070488 0.152702004 0.019971523 127.446052551
0.005047768 0.112594016 -0.993628204 -34.813426971 -0.155420601 0.981654644 0.110447645 -14.875423431 0.987835526 0.153872788 0.022454595 127.474014282
0.005143941 0.113558076 -0.993518054 -35.717887878 -0.159331739 0.980931640 0.111294545 -14.865224838 0.987211704 0.157726437 0.023139259 127.516822815
0.006211458 0.114127800 -0.993446648 -36.611103058 -0.160046816 0.980772376 0.111671105 -14.860902786 0.987089813 0.158304334 0.024357820 127.552192688
0.006561236 0.110583141 -0.993845224 -37.510383606 -0.160358772 0.981120527 0.108108625 -14.858676910 0.987036943 0.158662498 0.024170343 127.584564209
0.007443989 0.106537201 -0.994280875 -38.416889191 -0.161535293 0.981377482 0.103945218 -14.860495567 0.986838877 0.159837693 0.024514886 127.627075195
0.007966607 0.105620220 -0.994374692 -39.314891815 -0.161114484 0.981549740 0.102967195 -14.854127884 0.986903548 0.159387857 0.024836568 127.665946960
0.007809016 0.109908491 -0.993911028 -40.219551086 -0.163547859 0.980697811 0.107162379 -14.851822853 0.986504436 0.161715209 0.025633585 127.704338074
0.008125655 0.116066523 -0.993208349 -41.150791168 -0.163999975 0.979946613 0.113175064 -14.840871811 0.986426830 0.161966473 0.026997617 127.741157532
0.008350949 0.114745095 -0.993359864 -42.044940948 -0.161761716 0.980465412 0.111895725 -14.841892242 0.986794531 0.159753144 0.026749175 127.784111023
0.009218650 0.104326770 -0.994500399 -42.935485840 -0.161098018 0.981706262 0.101491287 -14.847055435 0.986895382 0.159276426 0.025856838 127.825500488
0.009398515 0.093838386 -0.995543063 -43.857238770 -0.162673891 0.982468009 0.091070220 -14.852997780 0.986635268 0.161092952 0.024498798 127.866142273
0.008347119 0.090789385 -0.995835066 -44.759319305 -0.159581915 0.983227491 0.088302344 -14.861757278 0.987149358 0.158180222 0.022695459 127.909439087
0.008243631 0.100971326 -0.994855225 -45.680732727 -0.152290270 0.983410358 0.098547846 -14.866363525 0.988301396 0.150694370 0.023483830 127.956016541
0.008203449 0.114078127 -0.993437886 -46.631900787 -0.147305459 0.982770741 0.111636803 -14.861947060 0.989057004 0.145422995 0.024866438 128.016143799
0.008440470 0.123309627 -0.992332339 -47.554504395 -0.147433847 0.981675684 0.120731369 -14.854877472 0.989035904 0.145284370 0.026465813 128.058746338
0.008288685 0.117330074 -0.993058383 -48.469333649 -0.147715986 0.982341051 0.114830881 -14.850477219 0.988995016 0.145738810 0.025473842 128.098205566
0.008277335 0.103850141 -0.994558513 -49.403987885 -0.147463009 0.983845294 0.101504222 -14.850699425 0.989032865 0.145820394 0.023457674 128.137619019
0.008895274 0.095035955 -0.995434105 -50.320644379 -0.147884414 0.984652102 0.092685059 -14.850988388 0.988964677 0.146384716 0.022813084 128.179458618
0.009282172 0.095057905 -0.995428503 -51.254543304 -0.146798000 0.984815598 0.092675559 -14.858959198 0.989122927 0.145266682 0.023095539 128.222137451
0.009045186 0.096323088 -0.995308995 -52.211009979 -0.150168955 0.984192729 0.093882583 -14.872311592 0.988618970 0.148615360 0.023366945 128.256011963
0.009580838 0.095794313 -0.995355010 -53.138259888 -0.154702231 0.983558118 0.093169868 -14.875833511 0.987914681 0.153090999 0.024242908 128.288269043
0.010068877 0.095351271 -0.995392740 -54.078876495 -0.156377509 0.983345568 0.092615411 -14.881818771 0.987646103 0.154724509 0.024811983 128.327529907
0.010599309 0.103079230 -0.994616628 -55.034969330 -0.164927423 0.981229961 0.099934280 -14.884643555 0.986248910 0.162980303 0.027400946 128.370193481
0.012778451 0.112220772 -0.993601143 -55.994392395 -0.171529382 0.979198515 0.108388074 -14.873107910 0.985096097 0.169046745 0.031761799 128.394149780
0.014205126 0.120314471 -0.992634237 -56.939224243 -0.171797082 0.978265464 0.116114371 -14.865193367 0.985029936 0.168882236 0.034566060 128.436080933
0.014976697 0.121290110 -0.992504179 -57.882751465 -0.173335269 0.977901697 0.116889998 -14.860610962 0.984749019 0.170285359 0.035669588 128.480163574
0.016404264 0.111401170 -0.993640184 -58.819473267 -0.175016433 0.978751183 0.106842540 -14.853139877 0.984428823 0.172150701 0.035552729 128.532669067
0.017211661 0.106536880 -0.994159758 -59.808502197 -0.173502713 0.979540527 0.101966418 -14.855846405 0.984682918 0.170734420 0.035343960 128.597427368
0.019560114 0.104876049 -0.994292915 -60.762889862 -0.172259793 0.979964912 0.099976026 -14.852226257 0.984857321 0.169321120 0.037234157 128.647048950
0.023023563 0.110711277 -0.993585825 -61.722808838 -0.173383355 0.979230940 0.105094120 -14.847803116 0.984585226 0.169851601 0.041740887 128.700897217
0.026578449 0.113155499 -0.993221700 -62.706260681 -0.176077157 0.978568375 0.106774278 -14.858532906 0.984017551 0.172045782 0.045932934 128.749572754
0.030266089 0.108194038 -0.993668973 -63.657623291 -0.176120713 0.979147732 0.101248465 -14.858772278 0.983903170 0.171941325 0.048690181 128.818298340
0.033510625 0.102487385 -0.994169652 -64.608390808 -0.176097572 0.979771316 0.095067337 -14.866146088 0.983802140 0.171885118 0.050880525 128.882904053
0.037077282 0.102400415 -0.994052052 -65.568870544 -0.173476517 0.980292499 0.094512470 -14.870169640 0.984139800 0.168940440 0.054110654 128.952041626
0.039531626 0.106814928 -0.993492663 -66.538116455 -0.171234637 0.980285823 0.098581493 -14.880255699 0.984436870 0.166223288 0.057042707 129.026748657
0.042488161 0.113507636 -0.992628217 -67.510688782 -0.170639366 0.979751766 0.104731202 -14.885490417 0.984417081 0.164931610 0.060996715 129.116271973
0.046257555 0.117311753 -0.992017269 -68.466720581 -0.168549463 0.979758322 0.108002663 -14.885163307 0.984607220 0.162208050 0.065094061 129.187011719
0.047979712 0.118975379 -0.991737306 -69.430107117 -0.167929083 0.979708850 0.109408088 -14.886789322 0.984630764 0.161292180 0.066985585 129.270401001
0.049779754 0.116495237 -0.991942942 -70.386413574 -0.166065872 0.980314612 0.106795728 -14.886965752 0.984857380 0.159411624 0.068145707 129.353576660
0.049531855 0.114376999 -0.992201865 -71.345527649 -0.163660035 0.980922997 0.104906738 -14.887491226 0.985272527 0.157187536 0.067305878 129.451293945
0.049825747 0.110727966 -0.992601037 -72.287559509 -0.160601258 0.981790721 0.101460315 -14.896703720 0.985760868 0.154357657 0.066701509 129.540130615
0.050197784 0.111119390 -0.992538571 -73.259590149 -0.159710407 0.981895566 0.101850487 -14.896475792 0.985886693 0.153406084 0.067035913 129.613433838
0.049356580 0.114995621 -0.992139041 -74.209365845 -0.156198710 0.982015669 0.106051736 -14.894124985 0.986491680 0.149736494 0.066431098 129.709396362
0.048488352 0.116440602 -0.992013335 -75.176849365 -0.150595814 0.982680321 0.107984141 -14.895977974 0.987405598 0.144157097 0.065184005 129.805267334
0.047514804 0.112766631 -0.992484748 -76.127220154 -0.147578582 0.983495176 0.104679957 -14.894666672 0.987908304 0.141495645 0.063372515 129.887268066
0.046166696 0.109383456 -0.992926955 -77.074523926 -0.149257571 0.983583868 0.101414397 -14.900605202 0.987720013 0.143519923 0.061735120 129.965225220
0.045413267 0.104845487 -0.993451118 -78.057060242 -0.145697013 0.984538436 0.097244672 -14.892826080 0.988286376 0.140326649 0.059986770 130.029556274
0.044071361 0.106495380 -0.993336022 -78.992866516 -0.146410882 0.984255016 0.099025980 -14.905415535 0.988241613 0.141071022 0.058969542 130.099029541
0.042934570 0.107968934 -0.993226767 -79.941543579 -0.146833569 0.984029889 0.100621991 -14.908326149 0.988228977 0.141518861 0.058102377 130.176193237
0.042603329 0.109275535 -0.993098080 -80.913192749 -0.149430647 0.983516574 0.101810776 -14.918643951 0.987853944 0.144061834 0.058230203 130.231781006
0.040587958 0.109052226 -0.993207037 -81.863685608 -0.149279192 0.983531535 0.101889491 -14.911939621 0.987961709 0.144129664 0.056198765 130.310623169
0.038595058 0.109657697 -0.993219793 -82.817718506 -0.149408832 0.983420193 0.102769941 -14.914212227 0.988021970 0.144429415 0.054338988 130.377090454
0.036573656 0.112524904 -0.992975652 -83.763259888 -0.149268493 0.983108401 0.105908848 -14.915072441 0.988120079 0.144346476 0.052752301 130.447769165
0.034903809 0.116209827 -0.992611229 -84.725456238 -0.150816873 0.982454181 0.109717429 -14.905886650 0.987945318 0.145872951 0.051817801 130.501022339
0.032667045 0.120974883 -0.992117941 -85.674377441 -0.151958674 0.981708765 0.114702150 -14.894825935 0.987846851 0.147013947 0.050452705 130.564804077
0.030757263 0.120997220 -0.992176235 -86.621864319 -0.152028993 0.981662750 0.115002207 -14.893362999 0.987897217 0.147302419 0.048588350 130.625411987
0.029374810 0.115074702 -0.992922425 -87.566062927 -0.152066603 0.982303023 0.109345198 -14.884586334 0.987933576 0.147778377 0.046353988 130.688156128
0.027097432 0.110641390 -0.993490875 -88.504333496 -0.156820208 0.982020497 0.105086699 -14.878739357 0.987255394 0.152951851 0.043961041 130.746765137
0.026832581 0.108329110 -0.993753016 -89.475410461 -0.155229539 0.982503474 0.102911450 -14.872385025 0.987513900 0.151498407 0.043178983 130.791809082
0.025915055 0.109235048 -0.993678093 -90.426071167 -0.151041865 0.983028173 0.104125142 -14.877007484 0.988187611 0.147388607 0.041974295 130.851013184
0.025321914 0.110736080 -0.993527234 -91.374687195 -0.147828773 0.983334243 0.105832294 -14.876152992 0.988688767 0.144192055 0.041269884 130.912277222
0.024111386 0.110835820 -0.993546247 -92.320472717 -0.142969027 0.984001935 0.106301509 -14.879979134 0.989433408 0.139483243 0.039571740 130.976181030
0.023000129 0.108020514 -0.993882537 -93.267379761 -0.138954669 0.984841466 0.103822216 -14.883060455 0.990031600 0.135716677 0.037661426 131.036865234
0.021994099 0.104803093 -0.994249880 -94.234527588 -0.133715391 0.985863566 0.100961179 -14.890088081 0.990775704 0.130725920 0.035696972 131.090698242
0.021059074 0.107228570 -0.994011343 -95.193443298 -0.131707802 0.985864341 0.103559390 -14.893067360 0.991064847 0.128738150 0.034884233 131.143737793
0.019747842 0.109706081 -0.993767917 -96.139953613 -0.131367564 0.985629082 0.106197126 -14.893379211 0.991137028 0.128451705 0.033875868 131.200241089
0.018546037 0.107665151 -0.994014263 -97.098205566 -0.126944363 0.986392856 0.104471169 -14.890049934 0.991736472 0.124246962 0.031961162 131.246856689
0.015298174 0.104622200 -0.994394362 -98.050918579 -0.125031516 0.986904860 0.101910695 -14.893385887 0.992034793 0.122771583 0.028178915 131.306762695
0.012309756 0.102187574 -0.994688928 -99.000770569 -0.123816445 0.987264276 0.099892534 -14.895874023 0.992228806 0.121929191 0.024805486 131.357772827
0.010118164 0.100769565 -0.994858265 -99.962066650 -0.117387883 0.988149524 0.098896146 -14.901206970 0.993034542 0.115783647 0.021827385 131.401123047
0.007371410 0.101725273 -0.994785130 -100.908370972 -0.111764938 0.988662899 0.100271016 -14.906604767 0.993707299 0.110442974 0.018657155 131.454818726
0.005066654 0.108676486 -0.994064391 -101.896697998 -0.101981498 0.988950312 0.107597612 -14.901764870 0.994773388 0.100831017 0.016093656 131.509277344
0.002427613 0.116963834 -0.993133247 -102.855590820 -0.094038635 0.988761723 0.116219126 -14.899885178 0.995565653 0.093110740 0.013399446 131.562561035
-0.001013000 0.115881719 -0.993262470 -103.808464050 -0.090096839 0.989212751 0.115501136 -14.890885353 0.995932519 0.089606822 0.009438505 131.610198975
-0.002976917 0.106442325 -0.994314551 -104.769569397 -0.090992726 0.990165055 0.106270574 -14.895260811 0.995847046 0.090791732 0.006737838 131.633987427
-0.005199869 0.097095728 -0.995261431 -105.716773987 -0.092829160 0.990930438 0.097158186 -14.895420074 0.995668471 0.092894509 0.003860607 131.669616699
-0.005957520 0.098644614 -0.995104909 -106.667663574 -0.100160047 0.990059257 0.098744094 -14.900154114 0.994953454 0.100258023 0.003981951 131.694702148
-0.006116793 0.107913606 -0.994141459 -107.645187378 -0.103580758 0.988743961 0.107965022 -14.887196541 0.994602203 0.103634335 0.005129830 131.716552734
-0.007539666 0.119183548 -0.992843568 -108.608589172 -0.107461169 0.987025499 0.119301192 -14.875721931 0.994180679 0.107591614 0.005365761 131.742370605
-0.009186772 0.120987460 -0.992611587 -109.549842834 -0.114633225 0.985981762 0.121240325 -14.867928505 0.993365407 0.114900075 0.004811193 131.773498535
-0.008605771 0.117963441 -0.992980659 -110.540184021 -0.121811159 0.985498428 0.118130244 -14.849658966 0.992515922 0.121972710 0.005888287 131.785736084
-0.008913256 0.113836706 -0.993459463 -111.494262695 -0.129894629 0.984949350 0.114026956 -14.837165833 0.991487682 0.130061418 0.006007669 131.808532715
-0.006644908 0.115762949 -0.993254602 -112.461250305 -0.134401202 0.984160781 0.115602218 -14.818496704 0.990904689 0.134262800 0.009019021 131.829742432
-0.005090130 0.117197290 -0.993095756 -113.443351746 -0.142574832 0.982877612 0.116722211 -14.803196907 0.989770949 0.142184541 0.011706408 131.850311279
-0.004519606 0.119821347 -0.992785156 -114.407058716 -0.151761025 0.981213570 0.119115628 -14.786954880 0.988406897 0.151204467 0.013749512 131.868820190
-0.004544557 0.122418821 -0.992468119 -115.381820679 -0.157470480 0.980008006 0.121602960 -14.769081116 0.987513244 0.156837076 0.014823649 131.895446777
-0.004028535 0.121510193 -0.992582023 -116.357612610 -0.161269456 0.979518294 0.120565489 -14.757386208 0.986902118 0.160558879 0.015649861 131.931900024
-0.002455291 0.111895666 -0.993716955 -117.312522888 -0.160139948 0.980851114 0.110842623 -14.759766579 0.987091303 0.159405932 0.015510692 131.962188721
-0.001035989 0.100405760 -0.994946063 -118.263572693 -0.163355529 0.981564701 0.099225469 -14.752196312 0.986566722 0.162632734 0.015384948 131.997085571
