1.000000000 0.000000000 0.000000000 0.000000000 0.000000000 1.000000000 0.000000000 0.000000000 0.000000000 0.000000000 1.000000000 0.000000000
0.999997556 -0.001706384 -0.001392061 0.050820481 0.001703330 0.999996126 -0.002192060 -0.132485613 0.001395796 0.002189684 0.999996603 1.297070384
0.999997795 -0.000008325 -0.002088918 0.105321258 -0.000004885 0.999979973 -0.006323892 -0.267694801 0.002088929 0.006323889 0.999977827 2.601490736
0.999996066 0.002445037 -0.001364032 0.150269821 -0.002455597 0.999966621 -0.007793932 -0.406614006 0.001344930 0.007797252 0.999968708 3.904367208
0.999983788 0.005688589 0.000215742 0.194515869 -0.005687058 0.999962449 -0.006531043 -0.545541823 -0.000252886 0.006529709 0.999978662 5.216876507
0.999975622 0.006518716 0.002482099 0.241721720 -0.006510765 0.999973714 -0.003197484 -0.688736200 -0.002502877 0.003181246 0.999991834 6.535739899
0.999960065 0.006804889 0.005797584 0.297945738 -0.006794221 0.999975204 -0.001857670 -0.826507330 -0.005810082 0.001818206 0.999981523 7.838867664
0.999944150 0.005179908 0.009202551 0.353592098 -0.005163097 0.999984920 -0.001849544 -0.958750784 -0.009211991 0.001801927 0.999955952 9.145008087
0.999915004 0.003859214 0.012451861 0.432003886 -0.003836764 0.999990880 -0.001826401 -1.095419645 -0.012458798 0.001778471 0.999920845 10.444651604
0.999871075 0.002599661 0.015840998 0.498151332 -0.002559940 0.999993503 -0.002527253 -1.233082891 -0.015847463 0.002486376 0.999871314 11.754646301
0.999813497 0.001490907 0.019250315 0.574342012 -0.001426890 0.999993384 -0.003338824 -1.369685173 -0.019255163 0.003310734 0.999809086 13.049036980
0.999747574 0.001332769 0.022426927 0.646319747 -0.001261707 0.999994099 -0.003182463 -1.519902468 -0.022431036 0.003153363 0.999743402 14.372347832
0.999669492 0.001267166 0.025674818 0.732733309 -0.001157179 0.999990165 -0.004298231 -1.656898499 -0.025680011 0.004267100 0.999661028 15.668495178
0.999576211 0.001992050 0.029041443 0.810744286 -0.001868633 0.999989092 -0.004276200 -1.795367837 -0.029049650 0.004220121 0.999569058 16.978288651
0.999477267 0.001629523 0.032286599 0.900696874 -0.001505820 0.999991477 -0.003855343 -1.934807539 -0.032292597 0.003804710 0.999471188 18.266019821
0.999407649 -0.000033375 0.034414653 0.999244392 0.000154636 0.999993801 -0.003520891 -2.079028606 -0.034414329 0.003524127 0.999401450 19.565959930
0.999345303 -0.002493677 0.036093388 1.095880508 0.002668625 0.999984920 -0.004799722 -2.218727350 -0.036080882 0.004892899 0.999336958 20.840280533
0.999304056 -0.002197546 0.037235159 1.192284822 0.002443849 0.999975383 -0.006570585 -2.360516310 -0.037219800 0.006657009 0.999284923 22.152975082
0.999258220 -0.002220602 0.038446080 1.277767420 0.002575262 0.999954522 -0.009177796 -2.505231857 -0.038423959 0.009269997 0.999218464 23.440103531
0.999222457 -0.001672772 0.039392035 1.379379034 0.002095343 0.999940634 -0.010688469 -2.646797657 -0.039371818 0.010762697 0.999166608 24.729652405
0.999178529 -0.001197043 0.040507726 1.481100440 0.001652233 0.999935865 -0.011205503 -2.794949770 -0.040491715 0.011263228 0.999116361 25.997270584
0.999157548 -0.002566407 0.040961828 1.580181479 0.002989986 0.999942660 -0.010282909 -2.940119743 -0.040933084 0.010396717 0.999107778 27.286554337
0.999157310 -0.005456118 0.040683307 1.686726093 0.005830762 0.999941647 -0.009095829 -3.086441040 -0.040631302 0.009325378 0.999130666 28.565299988
0.999173522 -0.007087552 0.040023766 1.781892776 0.007473033 0.999927044 -0.009489935 -3.234231949 -0.039953582 0.009781191 0.999153674 29.855216980
0.999186575 -0.008785960 0.039355662 1.884175897 0.009270422 0.999883235 -0.012144322 -3.377976418 -0.039244372 0.012499288 0.999151528 31.120986938
0.999222577 -0.008867414 0.038412757 1.993994951 0.009336933 0.999883592 -0.012060957 -3.529461145 -0.038301341 0.012410238 0.999189079 32.409210205
0.999242306 -0.009493134 0.037744645 2.093269348 0.009976687 0.999870241 -0.012643550 -3.670363426 -0.037619725 0.013010536 0.999207377 33.675575256
0.999252796 -0.010024957 0.037325434 2.187193632 0.010500465 0.999865830 -0.012565277 -3.816549301 -0.037194468 0.012947824 0.999224186 34.943176270
0.999260962 -0.010331897 0.037023801 2.276906252 0.010824320 0.999855220 -0.013124472 -3.959393978 -0.036882851 0.013515530 0.999228179 36.203544617
0.999303937 -0.011146709 0.035600696 2.392400742 0.011626326 0.999843955 -0.013293605 -4.117434025 -0.035446960 0.013698256 0.999277651 37.489154816
0.999298811 -0.010847672 0.035837054 2.480354309 0.011269189 0.999869406 -0.011581052 -4.262801647 -0.035706744 0.011976784 0.999290526 38.754650116
0.999267697 -0.010782082 0.036712728 2.580477953 0.011169987 0.999883771 -0.010377348 -4.402926445 -0.036596581 0.010779829 0.999271929 40.011474609
0.999185503 -0.012517239 0.038360734 2.692818403 0.012865182 0.999878168 -0.008836892 -4.543814659 -0.038245451 0.009323211 0.999224901 41.260955811
0.999068499 -0.013683488 0.040923491 2.782136917 0.014099844 0.999851525 -0.009902715 -4.689038754 -0.040781908 0.010470505 0.999113202 42.519016266
0.998941362 -0.014972300 0.043496035 2.875652075 0.015555243 0.999793231 -0.013094778 -4.836888313 -0.043290988 0.013757510 0.998967707 43.770229340
0.998846412 -0.016047347 0.045259096 2.989198208 0.016699510 0.999761522 -0.014068452 -4.984647274 -0.045022540 0.014808026 0.998876333 45.034103394
0.998722255 -0.016340636 0.047822416 3.114516497 0.016984764 0.999769986 -0.013093947 -5.115654945 -0.047597457 0.013889466 0.998770058 46.267444611
0.998512685 -0.017430395 0.051658358 3.217324495 0.017941920 0.999794304 -0.009454980 -5.270115376 -0.051482927 0.010367767 0.998619974 47.528331757
0.998239279 -0.020247465 0.055752575 3.331100941 0.020706253 0.999756217 -0.007663612 -5.406375408 -0.055583812 0.008804546 0.998415172 48.753433228
0.997998953 -0.022250405 0.059186332 3.464909077 0.022763496 0.999708772 -0.008008932 -5.547379017 -0.058990896 0.009340192 0.998214781 50.011806488
0.997713983 -0.025368968 0.062635079 3.601117611 0.026155984 0.999588490 -0.011777114 -5.681358337 -0.062310528 0.013388473 0.997966945 51.239849091
0.997429132 -0.027144665 0.066318296 3.741538763 0.027988708 0.999538243 -0.011831219 -5.819211960 -0.065966509 0.013656969 0.997728348 52.469989777
0.997086883 -0.029547006 0.070317961 3.874210835 0.030278485 0.999497712 -0.009359170 -5.957948208 -0.070006095 0.011461027 0.997480690 53.689746857
0.996790767 -0.032232631 0.073275253 4.024057388 0.032760270 0.999445140 -0.006010026 -6.093070984 -0.073040880 0.008391256 0.997293651 54.901058197
0.996542335 -0.034705538 0.075491041 4.175652027 0.035126902 0.999373794 -0.004260570 -6.224103928 -0.075295895 0.006897606 0.997137368 56.111473083
0.996328115 -0.037997656 0.076723039 4.324638367 0.038202517 0.999269307 -0.001203713 -6.348526001 -0.076621242 0.004130306 0.997051716 57.323711395
0.996180058 -0.041001987 0.077098124 4.478371143 0.041088715 0.999155402 0.000461740 -6.479107380 -0.077051945 0.002707887 0.997023404 58.531139374
0.996124864 -0.042953398 0.076746918 4.627087116 0.043298572 0.999058127 -0.002838332 -6.603935719 -0.076552734 0.006150366 0.997046530 59.734645844
0.996153295 -0.044195455 0.075664818 4.781106472 0.044862472 0.998967648 -0.007137625 -6.732409954 -0.075271271 0.010504681 0.997107744 60.923477173
0.996156514 -0.045572083 0.074802190 4.912433147 0.046523243 0.998856425 -0.011021935 -6.863115311 -0.074214362 0.014459615 0.997137427 62.124877930
0.996213377 -0.046893585 0.073209919 5.058144569 0.048002675 0.998756468 -0.013463262 -6.992853642 -0.072487541 0.016926555 0.997225642 63.312366486
0.996318877 -0.047718722 0.071215160 5.194704056 0.048807565 0.998715222 -0.013627503 -7.130558014 -0.070473373 0.017053174 0.997367799 64.503036499
0.996559322 -0.047118358 0.068186149 5.332334995 0.048110489 0.998757660 -0.012981204 -7.264843464 -0.067489795 0.016217006 0.997588098 65.680389404
0.996811807 -0.045869242 0.065285526 5.450101852 0.046685576 0.998848617 -0.011033065 -7.405512810 -0.064704292 0.014045783 0.997805595 66.882141113
0.997205913 -0.042220876 0.061627127 5.571009159 0.042759459 0.999057591 -0.007446249 -7.534671307 -0.061254658 0.010060588 0.998071432 68.055099487
0.997420967 -0.040275987 0.059407584 5.674197674 0.040656641 0.999159575 -0.005212178 -7.659098148 -0.059147738 0.007614048 0.998220205 69.217849731
0.997696221 -0.039496932 0.055156074 5.807563782 0.039998885 0.999167502 -0.008026238 -7.805327892 -0.054793149 0.010213930 0.998445451 70.434547424
0.997871101 -0.039863110 0.051615093 5.916594028 0.040676717 0.999062598 -0.014809265 -7.934535503 -0.050976366 0.016877269 0.998557270 71.592239380
0.997934997 -0.042929564 0.047778104 6.030577660 0.043826360 0.998879194 -0.017883053 -8.072288513 -0.046956848 0.019940065 0.998697817 72.780990601
0.997953236 -0.046105646 0.044309840 6.131354809 0.046726793 0.998822093 -0.013085857 -8.207323074 -0.043654311 0.015129533 0.998932004 73.948921204
0.997948468 -0.050437238 0.039431106 6.243767738 0.050806336 0.998673081 -0.008414892 -8.333777428 -0.038954366 0.010400979 0.999186873 75.124168396
0.998022556 -0.052203260 0.035009243 6.339868546 0.052441500 0.998606384 -0.005921266 -8.452458382 -0.034651347 0.007745495 0.999369502 76.300003052
0.998216629 -0.051167954 0.030747777 6.427348137 0.051300574 0.998677015 -0.003539443 -8.580967903 -0.030525992 0.005110510 0.999520898 77.456275940
0.998335600 -0.050798800 0.027306605 6.512286663 0.050906438 0.998698175 -0.003260685 -8.702092171 -0.027105421 0.004645340 0.999621749 78.612403870
0.998523355 -0.048767515 0.023936501 6.593866348 0.048892546 0.998793304 -0.004665994 -8.834926605 -0.023680065 0.005829419 0.999702573 79.778053284
0.998655200 -0.047357570 0.021095499 6.657612324 0.047577050 0.998817265 -0.010027052 -8.964632034 -0.020595692 0.011017229 0.999727190 80.928924561
0.998561621 -0.050664406 0.017540338 6.738831520 0.050931405 0.998587549 -0.015125072 -9.093002319 -0.016749265 0.015996668 0.999731779 82.072273254
0.998404682 -0.054661840 0.014150090 6.805167198 0.054889977 0.998359859 -0.016269982 -9.224216461 -0.013237537 0.017020723 0.999767482 83.230598450
0.998463869 -0.054432523 0.010346884 6.867008686 0.054560546 0.998431921 -0.012521822 -9.360466003 -0.009649067 0.013067118 0.999868035 84.384971619
0.998454034 -0.054978643 0.008187503 6.923448563 0.055057812 0.998435259 -0.009780055 -9.489751816 -0.007636999 0.010215719 0.999918640 85.517211914
0.998609126 -0.052178230 0.007565415 6.971978664 0.052263707 0.998566091 -0.011579089 -9.617578506 -0.006950391 0.011958379 0.999904275 86.659881592
0.998784065 -0.048821572 0.006843066 7.027163982 0.048918013 0.998694420 -0.014714577 -9.750448227 -0.006115743 0.015031436 0.999868333 87.793334961
0.998849928 -0.047617584 0.005597825 7.081186295 0.047706958 0.998715103 -0.017093092 -9.882596970 -0.004776699 0.017340489 0.999838233 88.912460327
0.998808503 -0.048543654 0.004994536 7.133353710 0.048623748 0.998665512 -0.017409597 -10.018701553 -0.004142744 0.017631708 0.999835968 90.029792786
0.998789728 -0.049002986 0.004213121 7.179533958 0.049061235 0.998682201 -0.015058205 -10.153594971 -0.003469672 0.015246682 0.999877751 91.159606934
0.998699963 -0.050866988 0.003312452 7.236884594 0.050903615 0.998630106 -0.012116686 -10.280213356 -0.002691575 0.012269550 0.999921143 92.269897461
0.998728216 -0.050332874 0.002935027 7.290879250 0.050364736 0.998658299 -0.012038925 -10.402301788 -0.002325137 0.012171435 0.999923229 93.405616760
0.998725176 -0.050398871 0.002800864 7.334541798 0.050433554 0.998627484 -0.014127097 -10.534975052 -0.002085030 0.014250346 0.999896228 94.546127319
0.998719156 -0.050542239 0.002347567 7.390936375 0.050575867 0.998564422 -0.017636877 -10.663619041 -0.001452790 0.017733017 0.999841690 95.645339966
0.998663783 -0.051654268 0.001559597 7.449942589 0.051674474 0.998487115 -0.018793628 -10.795118332 -0.000586467 0.018849108 0.999822140 96.746627808
0.998644888 -0.052000836 0.002064289 7.495107174 0.052028853 0.998495340 -0.017322863 -10.929720879 -0.001160379 0.017406788 0.999847770 97.820426941
0.998669684 -0.051499639 0.002566149 7.547260761 0.051526807 0.998599708 -0.011979861 -11.048414230 -0.001945597 0.012096146 0.999924958 98.911125183
0.998744428 -0.049967408 0.003580886 7.601919651 0.049996637 0.998712361 -0.008599438 -11.170234680 -0.003146583 0.008767675 0.999956608 99.966423035
0.998803616 -0.048575774 0.005627525 7.655535221 0.048624180 0.998778343 -0.008812008 -11.281902313 -0.005192598 0.009075099 0.999945343 101.015808105
0.998888135 -0.046553276 0.007452593 7.706123352 0.046629306 0.998858392 -0.010376059 -11.407153130 -0.006961047 0.010712031 0.999918342 102.067222595
0.998864114 -0.046639077 0.009760283 7.762794018 0.046763927 0.998821616 -0.012979805 -11.522851944 -0.009143415 0.013421491 0.999868095 103.080345154
0.998778224 -0.048081469 0.011406302 7.828217030 0.048236780 0.998741210 -0.013756176 -11.638161659 -0.010730526 0.014289573 0.999840260 104.088668823
0.998671234 -0.049801961 0.013247476 7.890649796 0.049969584 0.998670757 -0.012638773 -11.768437386 -0.012600429 0.013283950 0.999832392 105.088050842
0.998649716 -0.049750533 0.014956868 7.952199936 0.049915813 0.998694122 -0.010888149 -11.883451462 -0.014395646 0.011620031 0.999828815 106.046432495
0.998575628 -0.050739516 0.016497295 8.007835388 0.050904989 0.998655736 -0.009769382 -11.991065025 -0.015979424 0.010595259 0.999816179 107.005371094
0.998505175 -0.051399142 0.018588578 8.063419342 0.051591810 0.998617768 -0.010037471 -12.097582817 -0.018046971 0.010981486 0.999776840 107.919929504
0.998475850 -0.051333383 0.020268809 8.122918129 0.051511183 0.998637438 -0.008349180 -12.197548866 -0.019812601 0.009380526 0.999759734 108.829948425
0.998488784 -0.050190203 0.022384973 8.178866386 0.050342541 0.998712182 -0.006294364 -12.294340134 -0.022040226 0.007411768 0.999729633 109.699890137
0.998452604 -0.050388768 0.023529464 8.241600037 0.050472472 0.998721004 -0.002976744 -12.396117210 -0.023349380 0.004159728 0.999718666 110.557556152
0.998397708 -0.050714295 0.025102023 8.304066658 0.050799783 0.998704910 -0.002779201 -12.488703728 -0.024928572 0.004049926 0.999680996 111.383163452
0.998425245 -0.049587063 0.026231419 8.355042458 0.049659524 0.998763978 -0.002118302 -12.576881409 -0.026093950 0.003417606 0.999653637 112.192787170
0.998510778 -0.047353614 0.027090983 8.404767036 0.047416199 0.998873830 -0.001672276 -12.657714844 -0.026981285 0.002954337 0.999631524 112.970024109
0.998650551 -0.044824723 0.026221761 8.456902504 0.044806488 0.998994887 0.001282776 -12.735325813 -0.026252903 -0.000106140 0.999655247 113.730186462
0.998738348 -0.044592913 0.023089532 8.506211281 0.044548005 0.999004245 0.002456364 -12.815269470 -0.023176074 -0.001424672 0.999730349 114.456634521
0.998853087 -0.044625621 0.017351834 8.533504486 0.044586848 0.999002099 0.002615021 -12.891183853 -0.017451212 -0.001838358 0.999845982 115.157180786
0.999046803 -0.043068189 0.007109283 8.556980133 0.043060131 0.999071658 0.001282117 -12.965923309 -0.007157902 -0.000974768 0.999973893 115.827522278
0.999143541 -0.040683120 -0.007570597 8.573842049 0.040670242 0.999170899 -0.001847503 -13.029165268 0.007639481 0.001538023 0.999969602 116.477912903
0.998888552 -0.039198950 -0.026173141 8.564435005 0.039107691 0.999226987 -0.003989692 -13.102613449 0.026309302 0.002961687 0.999649465 117.080528259
0.998190343 -0.037056778 -0.047358423 8.511940002 0.036804020 0.999303222 -0.006198361 -13.170787811 0.047555123 0.004444164 0.998858690 117.653892517
0.996434808 -0.035935439 -0.076329783 8.485518456 0.035407875 0.999338806 -0.008254288 -13.235311508 0.076575935 0.005522185 0.997048378 118.247108459
0.993544579 -0.033671159 -0.108330294 8.419956207 0.032748185 0.999410689 -0.010288266 -13.302660942 0.108612873 0.006674231 0.994061649 118.787284851
0.989128888 -0.029206542 -0.144121796 8.331512451 0.027808251 0.999544680 -0.011707460 -13.364913940 0.144398108 0.007572410 0.989490688 119.319030762
0.982828557 -0.023421122 -0.183029085 8.222867966 0.021792248 0.999702990 -0.010906099 -13.427346230 0.183230132 0.006730209 0.983046949 119.851669312
0.974397302 -0.018156679 -0.224098682 8.065906525 0.016502028 0.999821007 -0.009254396 -13.481370926 0.224226579 0.005319375 0.974522471 120.358970642
0.963116646 -0.012793932 -0.268780023 7.889200211 0.011163781 0.999908864 -0.007592614 -13.544853210 0.268852651 0.004311970 0.963171661 120.844696045
0.948846281 -0.006898021 -0.315663040 7.696079254 0.004625143 0.999957681 -0.007948916 -13.602345467 0.315704525 0.006082314 0.948838055 121.313262939
0.931413054 0.000779178 -0.363962948 7.476310730 -0.004200101 0.999954104 -0.008607709 -13.656121254 0.363939524 0.009546015 0.931373656 121.777572632
0.910424232 0.005633257 -0.413637400 7.226955414 -0.010472735 0.999900639 -0.009433228 -13.709686279 0.413543105 0.012920152 0.910392761 122.205749512
0.885385096 0.009974751 -0.464751422 6.960273743 -0.015377776 0.999850988 -0.007836425 -13.766637802 0.464603990 0.014085096 0.885406554 122.618637085
0.856296718 0.012885249 -0.516323447 6.665187836 -0.019897150 0.999769628 -0.008048411 -13.808956146 0.516100764 0.017165191 0.856355846 123.037612915
0.824509919 0.022439489 -0.565402389 6.345485687 -0.030272724 0.999531686 -0.004476781 -13.858819962 0.565037131 0.020807419 0.824803054 123.408248901
0.790147960 0.035848230 -0.611866832 6.013534546 -0.043666612 0.999043882 0.002142417 -13.902379990 0.611358643 0.025025327 0.790957808 123.760498047
0.754215956 0.044923212 -0.655087888 5.653106689 -0.055125292 0.998466849 0.005003856 -13.946047783 0.654308319 0.032337923 0.755536079 124.077362061
0.714679778 0.048259649 -0.697784901 5.267559052 -0.062142901 0.998052776 0.005379029 -13.987737656 0.696685791 0.039518088 0.716287196 124.385421753
0.672297001 0.049335860 -0.738635719 4.897430420 -0.064017542 0.997913480 0.008385880 -14.031065941 0.737508297 0.041647844 0.674052656 124.660385132
0.628329039 0.053151857 -0.776129782 4.495761871 -0.067759156 0.997610807 0.013464008 -14.064567566 0.774991095 0.044130061 0.630429447 124.922958374
0.582399964 0.061979938 -0.810536087 4.084236145 -0.078675881 0.996705830 0.019684423 -14.100356102 0.809086204 0.052305434 0.585357904 125.161682129
0.537250161 0.070972726 -0.840431511 3.634487152 -0.090604477 0.995543480 0.026152238 -14.126250267 0.838542223 0.062096573 0.541286230 125.367271423
0.491886705 0.076481402 -0.867293537 3.166545868 -0.096190006 0.994810104 0.033172030 -14.154551506 0.865329385 0.067108095 0.496690542 125.549072266
0.444589704 0.077708736 -0.892357171 2.707366943 -0.095385693 0.994672418 0.039095607 -14.179365158 0.890641153 0.067736596 0.449633390 125.727729797
0.397172540 0.079087920 -0.914329827 2.234367371 -0.092796572 0.994634628 0.045724578 -14.198038101 0.913040400 0.066686131 0.402380586 125.905746460
0.351546466 0.082140036 -0.932559967 1.735755920 -0.094356075 0.994179666 0.051998172 -14.221716881 0.931403220 0.069712922 0.357250690 126.052383423
0.307800144 0.085643314 -0.947588682 1.234394073 -0.100212775 0.993319035 0.057224866 -14.241510391 0.946158826 0.077346675 0.314326257 126.164848328
0.266120493 0.087156788 -0.959991395 0.721244812 -0.104836032 0.992613375 0.061056782 -14.258586884 0.958221912 0.084393241 0.273291945 126.269332886
0.227269679 0.083715692 -0.970226824 0.194141388 -0.105476409 0.992553115 0.060934901 -14.273527145 0.968102932 0.088487402 0.234407276 126.363967896
0.192309320 0.078433156 -0.978195012 -0.344530106 -0.100294463 0.993152201 0.059914947 -14.291631699 0.976195753 0.086585358 0.198858857 126.455894470
0.161979258 0.074039556 -0.984012604 -0.906764984 -0.098770492 0.993390024 0.058486424 -14.318514824 0.981838584 0.087717816 0.168221489 126.533851624
0.135447249 0.072382458 -0.988137007 -1.470506668 -0.099449761 0.993284285 0.059127599 -14.338156700 0.985780835 0.090261310 0.141736031 126.603904724
0.113635510 0.071580879 -0.990940452 -2.056043625 -0.100275420 0.993134379 0.060240332 -14.351566315 0.988449275 0.092521526 0.120033145 126.664306641
0.095247947 0.072918884 -0.992779315 -2.662388802 -0.102634311 0.992717803 0.063067578 -14.366162300 0.990148544 0.095886149 0.102038316 126.715988159
0.079583660 0.070982412 -0.994297802 -3.267425537 -0.103287540 0.992679656 0.062599756 -14.388005257 0.991462648 0.097716644 0.086332701 126.759437561
0.065208293 0.070459157 -0.995380938 -3.911297798 -0.102043249 0.992745578 0.063587651 -14.420659065 0.992640376 0.097425461 0.071925111 126.820190430
0.052760221 0.067956917 -0.996292233 -4.541787624 -0.098180160 0.993201196 0.062546775 -14.443374634 0.993769109 0.094516166 0.059073538 126.869873047
0.040751584 0.065283045 -0.997034252 -5.193027496 -0.095360056 0.993562341 0.061158076 -14.459246635 0.994608283 0.092584960 0.046714626 126.910942078
0.030346680 0.064776011 -0.997438192 -5.852203369 -0.095288627 0.993540406 0.061623752 -14.479629517 0.994986951 0.093174443 0.036323078 126.939216614
0.020599298 0.066707253 -0.997559905 -6.537311554 -0.099248856 0.992979586 0.064351521 -14.508806229 0.994849503 0.097681060 0.027075300 126.962638855
0.012302320 0.065654121 -0.997766554 -7.218877792 -0.101657264 0.992754161 0.064070880 -14.525922775 0.994743347 0.100641996 0.018887399 126.981071472
0.005828329 0.065197408 -0.997855365 -7.904949665 -0.104258485 0.992473602 0.064236827 -14.548770905 0.994533122 0.103660487 0.012581845 126.996421814
0.000245959 0.066356078 -0.997795999 -8.611948013 -0.104589842 0.992325187 0.065966472 -14.569446564 0.994515419 0.104343109 0.007184243 127.019210815
-0.003016821 0.069009125 -0.997611463 -9.320649147 -0.106971346 0.991869509 0.068935417 -14.588987350 0.994257569 0.106923804 0.004389707 127.037879944
-0.004155396 0.072678730 -0.997346759 -10.046829224 -0.108925171 0.991388023 0.072698340 -14.610593796 0.994041264 0.108938254 0.003796933 127.053733826
-0.005154551 0.076191038 -0.997079909 -10.774744987 -0.111322321 0.990851700 0.076290600 -14.630001068 0.993770957 0.111390509 0.003374367 127.065574646
-0.005795559 0.081699960 -0.996640086 -11.511756897 -0.116048604 0.989867806 0.081819646 -14.636946678 0.993226647 0.116132893 0.003744331 127.077072144
-0.007118646 0.085320614 -0.996328056 -12.257762909 -0.119010724 0.989199638 0.085560486 -14.647297859 0.992867351 0.119182795 0.003112305 127.090148926
-0.008399122 0.085839905 -0.996273637 -13.003510475 -0.118931681 0.989151001 0.086228885 -14.665591240 0.992866933 0.119212732 0.001901083 127.106506348
-0.010189658 0.082767338 -0.996516764 -13.745582581 -0.116301186 0.989707053 0.083390936 -14.683170319 0.993161798 0.116745830 -0.000458838 127.132171631
-0.011432783 0.079326287 -0.996783197 -14.508285522 -0.120163135 0.989515364 0.080126137 -14.688275337 0.992688358 0.120692648 -0.001780817 127.142066956
-0.012757516 0.080954596 -0.996636093 -15.280179024 -0.125409871 0.988717377 0.081916682 -14.698014259 0.992022991 0.126033053 -0.002461072 127.147094727
-0.014664007 0.084481217 -0.996317148 -16.046775818 -0.122284532 0.988793015 0.085643053 -14.711600304 0.992386758 0.123090051 -0.004168921 127.167030334
-0.017122120 0.084743440 -0.996255755 -16.820814133 -0.121431068 0.988849819 0.086200446 -14.730256081 0.992452145 0.122452319 -0.006640718 127.185142517
-0.017563924 0.083793730 -0.996328294 -17.615289688 -0.124127775 0.988590360 0.085331149 -14.737943649 0.992110729 0.125170767 -0.006962399 127.182235718
-0.018068260 0.083592214 -0.996336162 -18.402469635 -0.128844127 0.987995565 0.085228972 -14.743006706 0.991500258 0.129912034 -0.007080997 127.182228088
-0.019352509 0.088172652 -0.995917201 -19.206594467 -0.130602390 0.987345755 0.089951627 -14.750565529 0.991245925 0.131809950 -0.007592060 127.188972473
-0.019880814 0.092436284 -0.995519996 -20.019104004 -0.129151970 0.987136781 0.094237074 -14.757624626 0.991425514 0.130446881 -0.007686759 127.204376221
-0.019853944 0.094763599 -0.995301783 -20.848964691 -0.131107658 0.986654878 0.096555620 -14.770913124 0.991169333 0.132408664 -0.007164754 127.231033325
-0.018138045 0.093335062 -0.995469391 -21.667678833 -0.130576417 0.986885011 0.094909355 -14.774209976 0.991272330 0.131706312 -0.005712810 127.244720459
-0.016864318 0.093712755 -0.995456338 -22.497247696 -0.130556598 0.986867726 0.095116012 -14.779762268 0.991297483 0.131567448 -0.004408034 127.256111145
-0.016756119 0.092602395 -0.995562196 -23.328907013 -0.129178047 0.987156510 0.093994714 -14.785262108 0.991479754 0.130179748 -0.004578715 127.280616760
-0.016283177 0.094551876 -0.995386779 -24.167617798 -0.129975364 0.986871541 0.095869228 -14.790231705 0.991383553 0.130936816 -0.003779990 127.303543091
-0.015710799 0.096592009 -0.995200098 -25.006071091 -0.131714031 0.986449301 0.097821996 -14.790294647 0.991163254 0.132618681 -0.002775384 127.321121216
-0.015395830 0.099235639 -0.994944870 -25.875579834 -0.134482563 0.985815942 0.100406110 -14.790102005 0.990796328 0.135348573 -0.001831990 127.334487915
-0.013862038 0.100396238 -0.994850934 -26.739049911 -0.136700362 0.985414386 0.101348691 -14.786238670 0.990515530 0.137401372 0.000064354 127.347908020
-0.012120485 0.103518747 -0.994553685 -27.607944489 -0.143651709 0.984128952 0.104184352 -14.784304619 0.989554048 0.144132122 0.002942527 127.362564087
-0.010057753 0.107374951 -0.994167745 -28.487573624 -0.148117483 0.983090460 0.107677028 -14.778238297 0.988918602 0.148336589 0.006016429 127.382469177
-0.008062329 0.109062977 -0.994002163 -29.362216949 -0.150542676 0.982572734 0.109030001 -14.770412445 0.988570631 0.150518745 0.008496809 127.414588928
-0.004235233 0.109700285 -0.993955672 -30.261514664 -0.149224550 0.982765973 0.109101146 -14.768483162 0.988794267 0.148784652 0.012207733 127.437614441
-0.001573198 0.109938279 -0.993937075 -31.154306412 -0.152090430 0.982349217 0.108897269 -14.762746811 0.988365293 0.151339680 0.015175133 127.466789246
0.000719475 0.113833085 -0.993499577 -32.053531647 -0.152489781 0.981893539 0.112392828 -14.755017281 0.988304734 0.151417702 0.018064829 127.499862671
0.003104794 0.115904860 -0.993255436 -32.972076416 -0.151772335 0.981808305 0.114094645 -14.746031761 0.988410592 0.150394455 0.020639459 127.540565491
0.004627939 0.117448285 -0.993068159 -33.864620209 -0.152496621 0.981546462 0.115374945 -14.742983818 0.988293171 0.150905594 0.022453003 127.583946228
0.007097187 0.115634903 -0.993266404 -34.769393921 -0.153927132 0.981579304 0.113174446 -14.734180450 0.988056660 0.152087450 0.024765797 127.615242004
0.007282364 0.116738662 -0.993136108 -35.675621033 -0.158057630 0.980811834 0.114131041 -14.720170975 0.987402976 0.156141579 0.025594067 127.657958984
0.008631194 0.117217556 -0.993068814 -36.571601868 -0.158472598 0.980715632 0.114382081 -14.711965561 0.987325728 0.156386912 0.027040515 127.693611145
0.008690151 0.114074990 -0.993434131 -37.464572906 -0.159264624 0.980947793 0.111248016 -14.711333275 0.987197638 0.157252148 0.026692692 127.731864929
0.009386304 0.109774508 -0.993912160 -38.374210358 -0.160180330 0.981285632 0.106867239 -14.708242416 0.987043083 0.158202097 0.026794365 127.776786804
0.009806611 0.108930796 -0.994000912 -39.270721436 -0.159813136 0.981442034 0.105977789 -14.700925827 0.987098575 0.157815173 0.027033189 127.819641113
0.009742410 0.113015212 -0.993545473 -40.174446106 -0.162382886 0.980583012 0.109948464 -14.691991806 0.986679792 0.160263643 0.027904978 127.857475281
0.010030728 0.119654283 -0.992765069 -41.111431122 -0.163371146 0.979670823 0.116425447 -14.680106163 0.986513674 0.161021322 0.029374873 127.894439697
0.010052682 0.118303388 -0.992926598 -42.006072998 -0.161141753 0.980190217 0.115154445 -14.677923203 0.986880064 0.158844322 0.028917154 127.941467285
0.011095888 0.107928246 -0.994096696 -42.895969391 -0.160554469 0.981451452 0.104763284 -14.681568146 0.986964583 0.158444241 0.028218435 127.983375549
0.011302261 0.097469240 -0.995174348 -43.823562622 -0.162304968 0.982218862 0.094357044 -14.682124138 0.986675918 0.160455301 0.026921036 128.024047852
0.010302259 0.094487116 -0.995472670 -44.723171234 -0.159068123 0.983003795 0.091657363 -14.688419342 0.987213910 0.157403693 0.025157042 128.071090698
0.009980990 0.104426011 -0.994482517 -45.645969391 -0.151961774 0.983139336 0.101709738 -14.688877106 0.988335967 0.150108188 0.025681460 128.120895386
0.010276080 0.117649071 -0.993002057 -46.587524414 -0.146945834 0.982450902 0.114878319 -14.682797432 0.989091158 0.144737005 0.027383789 128.177001953
0.010516687 0.126486897 -0.991912544 -47.508319855 -0.147210956 0.981354654 0.123579785 -14.671044350 0.989049196 0.144720718 0.028940856 128.222824097
0.010210525 0.120926484 -0.992608964 -48.425556183 -0.147457913 0.981990218 0.118115984 -14.666553497 0.989015639 0.145161986 0.027858198 128.264343262
0.010225129 0.107555732 -0.994146407 -49.340755463 -0.147163287 0.983534515 0.104894012 -14.664604187 0.989059329 0.145229295 0.025885021 128.311294556
0.010705913 0.098875955 -0.995042145 -50.254886627 -0.147633508 0.984350145 0.096225053 -14.663146973 0.988984108 0.145871431 0.025135767 128.354904175
0.011157142 0.098840788 -0.995040774 -51.179832458 -0.146784902 0.984484792 0.096146345 -14.669087410 0.989105403 0.144984230 0.025492368 128.401672363
0.010626078 0.100249395 -0.994905531 -52.123771667 -0.149844974 0.983886540 0.097538672 -14.682394981 0.988652408 0.148045182 0.025476720 128.440414429
0.011209009 0.099773496 -0.994947016 -53.052440643 -0.154580921 0.983221054 0.096856110 -14.682348251 0.987916589 0.152714178 0.026444010 128.472885132
0.011729826 0.099214643 -0.994996965 -53.989528656 -0.156143859 0.983040333 0.096181668 -14.682805061 0.987664700 0.154234469 0.027022649 128.514221191
0.012412384 0.106797308 -0.994203329 -54.955718994 -0.165335879 0.980812967 0.103294753 -14.682415009 0.986159205 0.163095355 0.029831663 128.553771973
0.013843749 0.116208360 -0.993128359 -55.895610809 -0.170659706 0.978924751 0.112167448 -14.672382355 0.985232890 0.167934179 0.033384066 128.592407227
0.015158891 0.124628939 -0.992087603 -56.853424072 -0.171232790 0.977867544 0.120226175 -14.664670944 0.985114038 0.168055415 0.036163945 128.633407593
0.016188111 0.125309959 -0.991985619 -57.810878754 -0.172935501 0.977514386 0.120659821 -14.653112411 0.984800100 0.169596270 0.037494659 128.681533813
0.017776530 0.115662895 -0.993129432 -58.754951477 -0.174808308 0.978346944 0.110812292 -14.649110794 0.984441936 0.171637371 0.037610453 128.726181030
0.018981993 0.110551067 -0.993689179 -59.692417145 -0.173214644 0.979203165 0.105630606 -14.639857292 0.984701216 0.170116439 0.037736289 128.781692505
0.020886924 0.108926766 -0.993830323 -60.665416718 -0.171439111 0.979713738 0.103776470 -14.636315346 0.984973252 0.168213800 0.039137516 128.838531494
0.024264876 0.114883445 -0.993082523 -61.628131866 -0.173443839 0.978794098 0.108992584 -14.632936478 0.984544814 0.169599354 0.043676142 128.895889282
0.027772062 0.117173679 -0.992723048 -62.598884583 -0.176061392 0.978154302 0.110528663 -14.631742477 0.983987331 0.171710595 0.047795128 128.950378418
0.031713016 0.111982688 -0.993204057 -63.555671692 -0.175015688 0.978973269 0.104789943 -14.627643585 0.984054685 0.170503080 0.050644916 129.011505127
0.034958277 0.106028512 -0.993748426 -64.509132385 -0.175012276 0.979640126 0.098366603 -14.629270554 0.983945370 0.170479476 0.052802820 129.075042725
0.038187549 0.105912372 -0.993641913 -65.464385986 -0.172690570 0.980105519 0.097832687 -14.629140854 0.984235525 0.167856604 0.055717893 129.152847290
0.040442090 0.110433355 -0.993060350 -66.433357239 -0.170148417 0.980118454 0.102064908 -14.642574310 0.984588325 0.164839923 0.058428098 129.238021851
0.043894324 0.117146626 -0.992144108 -67.390815735 -0.169512123 0.979574680 0.108162969 -14.640670776 0.984550178 0.163432732 0.062855542 129.316406250
0.046481013 0.121016309 -0.991561711 -68.356399536 -0.167383611 0.979543388 0.111703143 -14.641367912 0.984795570 0.160779104 0.065786317 129.399826050
0.048652612 0.122900657 -0.991225719 -69.335266113 -0.167057008 0.979422927 0.113237545 -14.640838623 0.984746099 0.160081878 0.068182901 129.479721069
0.051205192 0.119970188 -0.991456091 -70.272361755 -0.165890038 0.979988337 0.110014923 -14.635692596 0.984813929 0.158839330 0.070082352 129.549850464
0.051819932 0.118610106 -0.991587758 -71.218345642 -0.163925603 0.980464101 0.108712859 -14.637065887 0.985110700 0.156913117 0.070250817 129.638229370
0.052132562 0.115271591 -0.991965115 -72.163673401 -0.160858080 0.981314242 0.105580047 -14.645113945 0.985599697 0.154061437 0.069700792 129.729675293
0.052111618 0.114528209 -0.992052257 -73.144195557 -0.159336969 0.981629312 0.104955100 -14.630154610 0.985847890 0.152601182 0.069402866 129.810272217
0.051957067 0.119186535 -0.991511464 -74.097305298 -0.156051725 0.981624722 0.109820671 -14.628238678 0.986381412 0.149021104 0.069601610 129.894500732
0.051387437 0.121194459 -0.991297781 -75.060348511 -0.150075197 0.982274652 0.112311631 -14.633669853 0.987338305 0.142997772 0.068664864 129.993164062
0.050736099 0.116518341 -0.991891801 -76.017784119 -0.147227094 0.983192563 0.107965641 -14.616660118 0.987800658 0.140555605 0.067038015 130.074768066
0.049278583 0.112660177 -0.992410958 -76.976020813 -0.149362504 0.983276069 0.104206555 -14.614915848 0.987553775 0.143093809 0.065281667 130.148239136
0.047901545 0.109913826 -0.992786109 -77.925323486 -0.145896703 0.984037220 0.101905763 -14.616071701 0.988139391 0.139962763 0.063172981 130.233200073
0.046514958 0.110411726 -0.992796838 -78.891105652 -0.145982131 0.983953714 0.102588631 -14.613543510 0.988193095 0.140158653 0.061886702 130.304077148
0.045836490 0.111849301 -0.992667496 -79.846504211 -0.147222668 0.983617246 0.104031540 -14.615200043 0.988040745 0.141374722 0.061552316 130.377044678
0.044419318 0.112078995 -0.992706001 -80.801216125 -0.148746312 0.983352304 0.104367204 -14.615149498 0.987877309 0.143025413 0.060351186 130.451400757
0.043397445 0.113160245 -0.992628515 -81.751602173 -0.148569077 0.983248115 0.105595462 -14.615109444 0.987949312 0.142891362 0.059482578 130.515502930
0.041119862 0.113630384 -0.992671788 -82.715698242 -0.148662210 0.983149111 0.106382258 -14.615518570 0.988032758 0.143198326 0.057319507 130.588333130
0.039341491 0.115524441 -0.992525339 -83.672805786 -0.148637787 0.982919812 0.108514763 -14.603029251 0.988108814 0.143257618 0.055840835 130.664749146
0.037839234 0.119389713 -0.992126107 -84.626686096 -0.150023192 0.982263207 0.112481020 -14.593849182 0.987958074 0.144585744 0.055079311 130.724166870
0.035736173 0.124381550 -0.991590679 -85.575599670 -0.151339486 0.981454790 0.117655963 -14.582578659 0.987835646 0.145862222 0.053897273 130.789291382
0.033381611 0.123903178 -0.991732657 -86.523719788 -0.151004672 0.981519639 0.117544383 -14.575025558 0.987969220 0.145832449 0.051474668 130.854034424
0.032437209 0.118673764 -0.992403328 -87.468620300 -0.151173383 0.982084870 0.112498663 -14.568115234 0.987975001 0.146375820 0.049796406 130.914627075
0.029877439 0.114001781 -0.993031204 -88.414863586 -0.155294746 0.981940627 0.108056195 -14.555762291 0.987416387 0.150984079 0.047041744 130.975494385
0.028712580 0.111943111 -0.993299663 -89.358901978 -0.153202906 0.982461512 0.106293149 -14.551357269 0.987777591 0.149124429 0.045359008 131.040115356
0.028446052 0.113222919 -0.993162334 -90.324424744 -0.148476779 0.983021259 0.107814156 -14.551202774 0.988506675 0.144394651 0.044774048 131.091110229
0.027643254 0.114415571 -0.993048370 -91.273551941 -0.145449534 0.983315766 0.109245375 -14.546657562 0.988979399 0.141418532 0.043823745 131.154479980
0.026718726 0.114154719 -0.993103623 -92.225669861 -0.140186980 0.984068811 0.109344557 -14.544262886 0.989764452 0.136298656 0.042296071 131.220733643
0.025374014 0.111376218 -0.993454337 -93.167518616 -0.136157587 0.984898567 0.106939398 -14.545331001 0.990362167 0.132552892 0.040155552 131.285675049
0.024777602 0.108302496 -0.993809104 -94.113136292 -0.131188706 0.985869706 0.104166463 -14.547707558 0.991047680 0.127795547 0.038635552 131.347106934
0.022817610 0.110915571 -0.993567824 -95.093223572 -0.129105896 0.985831678 0.107086994 -14.547713280 0.991368234 0.125831991 0.036814168 131.405044556
0.021497386 0.113200545 -0.993339539 -96.041656494 -0.128495917 0.985641539 0.109542437 -14.543047905 0.991477013 0.125285193 0.035734523 131.462081909
0.020225231 0.111061461 -0.993607759 -97.000526428 -0.124287061 0.986381471 0.107723825 -14.537711143 0.992040038 0.121313833 0.033753298 131.511306763
0.018313715 0.108126521 -0.993968427 -97.950218201 -0.121402889 0.987019956 0.105133802 -14.535243988 0.992434323 0.118745238 0.031202881 131.560180664
0.014337184 0.105441943 -0.994322121 -98.919563293 -0.120035648 0.987414241 0.102978602 -14.530394554 0.992666185 0.117877662 0.026813528 131.616821289
0.011736214 0.104590937 -0.994446099 -99.873649597 -0.114449218 0.988119245 0.102574810 -14.537839890 0.993359745 0.112609752 0.023567135 131.665405273
0.009470630 0.104477316 -0.994482160 -100.833030701 -0.107625537 0.988856018 0.102861308 -14.528819084 0.994146407 0.106057510 0.020609517 131.709197998
0.006966599 0.112516575 -0.993625402 -101.797950745 -0.097771317 0.988965273 0.111303389 -14.527420998 0.995184541 0.096372671 0.017890625 131.770736694
0.004246410 0.120646887 -0.992686331 -102.756164551 -0.089711681 0.988738537 0.119783290 -14.521063805 0.995958805 0.088546924 0.015022025 131.826614380
0.001606748 0.120094076 -0.992761195 -103.708930969 -0.085495070 0.989144146 0.119518124 -14.511552811 0.996337414 0.084684148 0.011856752 131.870162964
-0.001301654 0.110407665 -0.993885517 -104.662567139 -0.086388677 0.990158260 0.110106774 -14.512904167 0.996260643 0.086003773 0.008249128 131.904510498
-0.003505495 0.101122968 -0.994867742 -105.609474182 -0.088237993 0.990961969 0.101036884 -14.508996964 0.996093273 0.088139318 0.005449076 131.942092896
-0.003715074 0.102425843 -0.994733632 -106.572097778 -0.095427006 0.990164638 0.102311775 -14.505944252 0.995429456 0.095304571 0.006095657 131.957916260
-0.004641670 0.111881509 -0.993710697 -107.530998230 -0.098837890 0.988804281 0.111790776 -14.492826462 0.995092690 0.098735176 0.006468430 131.993850708
-0.006111236 0.123225667 -0.992359877 -108.494857788 -0.102836400 0.987039506 0.123198308 -14.478084564 0.994679570 0.102803618 0.006640052 132.021591187
-0.007790551 0.124756314 -0.992156804 -109.443016052 -0.109632872 0.986099303 0.124855466 -14.462934494 0.993941665 0.109745696 0.005995136 132.052352905
-0.007499072 0.121567443 -0.992554784 -110.426193237 -0.116880275 0.985672653 0.121607594 -14.440410614 0.993117690 0.116922028 0.006817205 132.068084717
-0.007763987 0.117638983 -0.993026078 -111.380332947 -0.124950178 0.985158920 0.117683917 -14.425404549 0.992132664 0.124992490 0.007050251 132.091690063
-0.005083818 0.119595163 -0.992809653 -112.347526550 -0.129766777 0.984348714 0.119240418 -14.403749466 0.991531491 0.129439920 0.010515228 132.110733032
-0.003942862 0.120662935 -0.992685676 -113.330688477 -0.137673557 0.983174980 0.120053731 -14.381709099 0.990469813 0.137139931 0.012735579 132.136779785
-0.003516346 0.123221345 -0.992373049 -114.293884277 -0.146789238 0.981565714 0.122399561 -14.361979485 0.989161491 0.146100074 0.014636046 132.157806396
-0.003330305 0.125143409 -0.992133081 -115.269409180 -0.152094871 0.980532348 0.124190703 -14.336679459 0.988360286 0.151311934 0.015768200 132.184387207
-0.003301994 0.125222608 -0.992123187 -116.246047974 -0.156624302 0.979819059 0.124190919 -14.327576637 0.987652719 0.155800685 0.016377551 132.227828979
-0.001563669 0.115531832 -0.993302524 -117.202201843 -0.155519202 0.981189966 0.114367820 -14.325536728 0.987831593 0.154656470 0.016433166 132.257965088
-0.000186073 0.104138397 -0.994562745 -118.150207520 -0.158973917 0.981911659 0.102843456 -14.315745354 0.987282693 0.158128694 0.016372580 132.295181274
