1.000000000 0.000000000 0.000000000 0.000000000 0.000000000 1.000000000 0.000000000 0.000000000 0.000000000 0.000000000 1.000000000 0.000000000
0.999997854 -0.001544239 -0.001359511 0.049811538 0.001541340 0.999996543 -0.002130628 -0.132590652 0.001362797 0.002128528 0.999996781 1.297600031
0.999997497 -0.000004835 -0.002228398 0.106805079 -0.000009309 0.999979794 -0.006347214 -0.267536163 0.002228384 0.006347219 0.999977350 2.605974197
0.999995887 0.002423156 -0.001478552 0.151336089 -0.002434731 0.999966025 -0.007877918 -0.406056702 0.001459413 0.007881487 0.999967813 3.909399986
0.999983609 0.005719948 0.000067678 0.196135387 -0.005719376 0.999961734 -0.006610112 -0.544465125 -0.000105485 0.006609616 0.999978185 5.222364426
0.999975324 0.006666308 0.002261067 0.243430138 -0.006659218 0.999972880 -0.003128631 -0.692181468 -0.002281862 0.003113497 0.999992490 6.541874886
0.999960601 0.006906284 0.005575961 0.299682230 -0.006895719 0.999974370 -0.001911870 -0.829170644 -0.005589021 0.001873344 0.999982655 7.845149994
0.999944389 0.005387930 0.009065825 0.353503257 -0.005371795 0.999983966 -0.001803049 -0.961837292 -0.009075394 0.001754249 0.999957263 9.154103279
0.999913871 0.004170858 0.012442187 0.430976212 -0.004149836 0.999989986 -0.001714969 -1.098540902 -0.012449215 0.001663188 0.999921083 10.453985214
0.999870837 0.002872606 0.015808238 0.493923247 -0.002834698 0.999993026 -0.002419834 -1.237027884 -0.015815077 0.002374710 0.999872088 11.765376091
0.999813318 0.001922152 0.019227076 0.569738746 -0.001861023 0.999993205 -0.003196727 -1.375877976 -0.019233083 0.003160348 0.999810040 13.059967041
0.999742806 0.001968415 0.022593118 0.637904406 -0.001898507 0.999993324 -0.003115221 -1.524037242 -0.022599101 0.003071527 0.999739885 14.383515358
0.999656558 0.001907556 0.026136097 0.720189333 -0.001799551 0.999989748 -0.004155307 -1.662194610 -0.026143756 0.004106847 0.999649763 15.681149483
0.999573350 0.002644246 0.029089138 0.804498792 -0.002521727 0.999987781 -0.004247695 -1.798456311 -0.029100016 0.004172527 0.999567807 16.988554001
0.999475181 0.002210990 0.032319676 0.894855201 -0.002092327 0.999991000 -0.003704887 -1.938822865 -0.032327581 0.003635319 0.999470711 18.274587631
0.999402881 0.000768231 0.034543850 0.993238091 -0.000651680 0.999993980 -0.003385114 -2.082425117 -0.034546249 0.003360581 0.999397397 19.577529907
0.999343872 -0.001732832 0.036177058 1.091053843 0.001906773 0.999986827 -0.004774107 -2.221805811 -0.036168303 0.004839956 0.999334037 20.852581024
0.999303520 -0.001343121 0.037291221 1.189574718 0.001585815 0.999977767 -0.006479261 -2.363316774 -0.037281685 0.006533886 0.999283373 22.166053772
0.999253631 -0.001210363 0.038611330 1.272209167 0.001563638 0.999957204 -0.009120616 -2.506510735 -0.038598642 0.009174182 0.999212682 23.453105927
0.999219120 -0.000769129 0.039504655 1.375185370 0.001192701 0.999942064 -0.010699636 -2.648598671 -0.039494123 0.010738399 0.999162018 24.742689133
0.999167085 -0.000201222 0.040805742 1.474681616 0.000655037 0.999938071 -0.011108276 -2.796174049 -0.040800977 0.011125754 0.999105275 26.009969711
0.999152780 -0.001799369 0.041116178 1.574737787 0.002219821 0.999945641 -0.010182586 -2.943465471 -0.041095618 0.010265230 0.999102592 27.307949066
0.999145627 -0.004692618 0.041062254 1.677793741 0.005064812 0.999946952 -0.008964838 -3.090970993 -0.041018009 0.009165150 0.999116361 28.586204529
0.999181867 -0.006182366 0.039966267 1.778426170 0.006565947 0.999933481 -0.009473459 -3.237377882 -0.039905034 0.009728126 0.999156117 29.881631851
0.999191463 -0.007838571 0.039431468 1.880675554 0.008326098 0.999890745 -0.012214906 -3.379984617 -0.039331410 0.012533342 0.999147654 31.146274567
0.999225855 -0.007850772 0.038550161 1.989157915 0.008324808 0.999891460 -0.012151548 -3.532238245 -0.038450588 0.012463064 0.999182761 32.436435699
0.999241233 -0.008393061 0.038035963 2.085714102 0.008872975 0.999882936 -0.012466124 -3.677324057 -0.037926879 0.012794157 0.999198556 33.700977325
0.999259710 -0.008948841 0.037418466 2.183398724 0.009426215 0.999876201 -0.012600791 -3.820700884 -0.037301071 0.012944177 0.999220192 34.973007202
0.999271154 -0.009433258 0.036988258 2.277518749 0.009918016 0.999867022 -0.012944182 -3.967041016 -0.036861233 0.013301598 0.999231875 36.234146118
0.999314070 -0.010111598 0.035624243 2.393411398 0.010584045 0.999858141 -0.013098394 -4.125720501 -0.035486739 0.013466457 0.999279439 37.524547577
0.999310076 -0.009717291 0.035847202 2.487951279 0.010124004 0.999886215 -0.011181700 -4.272699356 -0.035734467 0.011536903 0.999294758 38.781181335
0.999270499 -0.009672008 0.036945231 2.584894180 0.010061373 0.999895573 -0.010367624 -4.410657406 -0.036841098 0.010731780 0.999263644 40.057415009
0.999196470 -0.011354953 0.038438141 2.699011564 0.011699065 0.999893367 -0.008739273 -4.552073479 -0.038334802 0.009181940 0.999222755 41.307113647
0.999086499 -0.012611562 0.040830784 2.794821262 0.013024078 0.999866664 -0.009852841 -4.698970318 -0.040701073 0.010375625 0.999117434 42.580577850
0.998959363 -0.013794762 0.043471530 2.887261152 0.014375511 0.999811113 -0.013075067 -4.847372055 -0.043282948 0.013686387 0.998969078 43.831512451
0.998864770 -0.014942111 0.045229957 2.997243643 0.015588538 0.999780834 -0.013973142 -4.998729706 -0.045011256 0.014662349 0.998878837 45.101207733
0.998741031 -0.015060578 0.047847047 3.120158911 0.015688574 0.999795318 -0.012776755 -5.132324696 -0.047644828 0.013511322 0.998772919 46.334629059
0.998552799 -0.016384158 0.051222548 3.234962225 0.016890120 0.999812543 -0.009460547 -5.284774780 -0.051057946 0.010312010 0.998642445 47.605808258
0.998274863 -0.019306639 0.055447653 3.341521025 0.019744115 0.999778032 -0.007352967 -5.425485134 -0.055293389 0.008435046 0.998434544 48.822410583
0.998035669 -0.021395344 0.058879878 3.478000641 0.021903494 0.999728024 -0.007998344 -5.562503815 -0.058692735 0.009272308 0.998233020 50.091014862
0.997764707 -0.024619833 0.062124431 3.619230747 0.025404911 0.999606669 -0.011878998 -5.696723461 -0.061807539 0.013430709 0.997997701 51.322990417
0.997464299 -0.026120100 0.066202469 3.748117447 0.026952064 0.999568224 -0.011705006 -5.836456776 -0.065868132 0.013459619 0.997737527 52.554794312
0.997117579 -0.028606670 0.070271626 3.879445791 0.029318128 0.999528587 -0.009113795 -5.976634979 -0.069977775 0.011147758 0.997486234 53.775405884
0.996830225 -0.031296998 0.073143229 4.031122684 0.031803183 0.999477446 -0.005765693 -6.112401962 -0.072924562 0.008073605 0.997304797 54.987064362
0.996608913 -0.033807538 0.075018145 4.186790943 0.034208920 0.999406457 -0.004071658 -6.242634773 -0.074835971 0.006624141 0.997173846 56.203575134
0.996383131 -0.036787603 0.076597497 4.333166599 0.036984298 0.999315321 -0.001150570 -6.364223480 -0.076502725 0.003979315 0.997061431 57.416236877
0.996225357 -0.039985668 0.077046879 4.487508774 0.040071268 0.999196768 0.000435282 -6.491986752 -0.077002384 0.002653727 0.997027397 58.620693207
0.996160388 -0.041933004 0.076851390 4.629307747 0.042266231 0.999102652 -0.002713944 -6.617967606 -0.076668628 0.005951742 0.997038841 59.834602356
0.996179640 -0.043062080 0.075972475 4.778755665 0.043720633 0.999019086 -0.007025863 -6.745698452 -0.075595401 0.010320585 0.997085094 61.020595551
0.996173561 -0.044477534 0.075232163 4.906604767 0.045436282 0.998905778 -0.011079842 -6.872782707 -0.074657045 0.014455715 0.997104466 62.226325989
0.996211827 -0.045879621 0.073871523 5.050022602 0.046988185 0.998806417 -0.013338361 -7.005444527 -0.073171392 0.016758924 0.997178495 63.415546417
0.996343315 -0.046363443 0.071766376 5.185336590 0.047472939 0.998776734 -0.013831220 -7.137477875 -0.071037300 0.017187607 0.997325480 64.602439880
0.996556044 -0.045596614 0.069259703 5.316338062 0.046611920 0.998826981 -0.013113912 -7.273674965 -0.068580501 0.016297078 0.997512400 65.778732300
0.996809781 -0.044745617 0.066091664 5.436367035 0.045563482 0.998901725 -0.010918815 -7.416150093 -0.065530494 0.013895346 0.997753799 66.970108032
0.997198701 -0.041032925 0.062539071 5.556184292 0.041587245 0.999106109 -0.007587282 -7.544073582 -0.062171839 0.010166857 0.998013616 68.146080017
0.997431874 -0.039083418 0.060017969 5.666074753 0.039474018 0.999206424 -0.005335711 -7.668509007 -0.059761796 0.007691159 0.998182952 69.308128357
0.997725904 -0.037897799 0.055738874 5.797216415 0.038401764 0.999230385 -0.007998152 -7.814766884 -0.055392858 0.010120435 0.998413265 70.514381409
0.997906685 -0.038253501 0.052144207 5.907439232 0.039047256 0.999135196 -0.014289290 -7.947321892 -0.051552486 0.016295463 0.998537362 71.671943665
0.997959793 -0.041812759 0.048251368 6.016713619 0.042721022 0.998925745 -0.017947888 -8.078495979 -0.047449090 0.019972615 0.998673975 72.851928711
0.997978270 -0.045505483 0.044371679 6.133677959 0.046135888 0.998846710 -0.013287630 -8.213582039 -0.043715861 0.015307890 0.998926699 74.039009094
0.997960925 -0.049359128 0.040466990 6.235956192 0.049734011 0.998727798 -0.008309441 -8.340673447 -0.040005371 0.010305081 0.999146283 75.197029114
0.998014390 -0.051816683 0.035809137 6.330366135 0.052051313 0.998628438 -0.005650660 -8.468299866 -0.035467230 0.007503352 0.999342680 76.379142761
0.998198807 -0.051004425 0.031587306 6.422535896 0.051130064 0.998686969 -0.003182001 -8.592617035 -0.031383537 0.004791331 0.999495924 77.539489746
0.998346329 -0.050489679 0.027485302 6.521841049 0.050611194 0.998711467 -0.003742873 -8.701797485 -0.027260901 0.005127746 0.999615133 78.698501587
0.998459041 -0.049602613 0.024881285 6.583330154 0.049734484 0.998751342 -0.004708905 -8.842560768 -0.024616646 0.005939107 0.999679267 79.862998962
0.998647332 -0.047223154 0.021758165 6.658507824 0.047446452 0.998825133 -0.009862760 -8.968969345 -0.021266852 0.010881767 0.999714673 81.007568359
0.998567283 -0.050439689 0.017868543 6.744277954 0.050699584 0.998610139 -0.014402901 -9.110013962 -0.017117228 0.015288193 0.999736607 82.173271179
0.998432040 -0.053878501 0.015181759 6.802520275 0.054120038 0.998406589 -0.015974553 -9.233175278 -0.014296884 0.016771141 0.999757111 83.315658569
0.998460293 -0.054249540 0.011572400 6.869863033 0.054394133 0.998440444 -0.012569271 -9.361907005 -0.010872474 0.013179388 0.999854028 84.455314636
0.998478889 -0.054447155 0.008689390 6.939171314 0.054532219 0.998463213 -0.009872351 -9.494143486 -0.008138516 0.010331187 0.999913454 85.587440491
0.998610795 -0.052085239 0.007978030 6.980504036 0.052175667 0.998570800 -0.011578861 -9.621891975 -0.007363539 0.011979034 0.999901116 86.743598938
0.998796701 -0.048452239 0.007595005 7.033606052 0.048558995 0.998714089 -0.014564386 -9.750200272 -0.006879563 0.014915664 0.999865055 87.864135742
0.998861730 -0.047248095 0.006548162 7.094979286 0.047356326 0.998724759 -0.017499041 -9.877594948 -0.005713015 0.017789220 0.999825418 88.974609375
0.998794734 -0.048759349 0.005618419 7.149085045 0.048853323 0.998643339 -0.018019538 -10.009687424 -0.004732175 0.018272299 0.999821782 90.086784363
0.998776078 -0.049241465 0.004659939 7.205264568 0.049308967 0.998660326 -0.015688933 -10.140200615 -0.003881151 0.015899511 0.999866009 91.185462952
0.998681724 -0.051216539 0.003410609 7.264601707 0.051256962 0.998600066 -0.013063706 -10.269408226 -0.002736757 0.013221301 0.999908864 92.361869812
0.998733163 -0.050240465 0.002809261 7.317854881 0.050271269 0.998660445 -0.012251667 -10.395384789 -0.002189968 0.012377373 0.999920964 93.469520569
0.998687208 -0.051153008 0.002665649 7.366384983 0.051186193 0.998585522 -0.014390304 -10.528237343 -0.001925771 0.014507858 0.999892890 94.593353271
0.998695314 -0.050996996 0.002634231 7.423276424 0.051036257 0.998534501 -0.018000813 -10.662925720 -0.001712383 0.018111767 0.999834478 95.702583313
0.998662889 -0.051628985 0.002612286 7.475654602 0.051669482 0.998482645 -0.019043153 -10.792474747 -0.001625144 0.019152664 0.999815226 96.799522400
0.998653531 -0.051801108 0.002789976 7.529907227 0.051842626 0.998497307 -0.017760178 -10.923956871 -0.001865787 0.017880902 0.999838352 97.896629333
0.998664916 -0.051568486 0.003008891 7.585402489 0.051601563 0.998593092 -0.012204245 -11.046552658 -0.002375304 0.012343214 0.999920964 98.981758118
0.998758972 -0.049595803 0.004560555 7.633820057 0.049636357 0.998724401 -0.009255949 -11.166790962 -0.004095681 0.009470831 0.999946773 100.058074951
0.998816967 -0.048215929 0.006305923 7.692873955 0.048273910 0.998789966 -0.009391269 -11.280131340 -0.005845483 0.009684570 0.999936044 101.110931396
0.998915255 -0.045799389 0.008408242 7.747233391 0.045887288 0.998890638 -0.010576901 -11.414567947 -0.007914498 0.010951259 0.999908686 102.166137695
0.998884439 -0.045972522 0.010792489 7.803900719 0.046114031 0.998848200 -0.013250765 -11.529378891 -0.010170889 0.013733666 0.999853909 103.181739807
0.998797238 -0.047418479 0.012471613 7.871535778 0.047587015 0.998774648 -0.013583059 -11.651208878 -0.011812244 0.014160208 0.999829948 104.196655273
0.998684943 -0.049257215 0.014215379 7.936393738 0.049440552 0.998694360 -0.012848100 -11.778149605 -0.013563959 0.013534020 0.999816358 105.204330444
0.998656452 -0.049371295 0.015743164 8.001794815 0.049548708 0.998710155 -0.011085249 -11.894013405 -0.015175568 0.011850407 0.999814689 106.163108826
0.998592436 -0.050169118 0.017211113 8.060087204 0.050342821 0.998683810 -0.009811548 -12.003419876 -0.016696220 0.010664191 0.999803722 107.119949341
0.998520017 -0.050967935 0.018969588 8.121436119 0.051168475 0.998637617 -0.010240445 -12.109130859 -0.018421808 0.011195935 0.999767601 108.037910461
0.998502612 -0.050539766 0.020940300 8.179813385 0.050723325 0.998678029 -0.008328743 -12.211222649 -0.020491686 0.009378434 0.999746025 108.947257996
0.998500228 -0.049746692 0.022855366 8.238581657 0.049898565 0.998735428 -0.006123322 -12.309280396 -0.022521848 0.007254589 0.999720037 109.818092346
0.998479187 -0.049534343 0.024200387 8.300389290 0.049620308 0.998763859 -0.002964700 -12.411099434 -0.024023611 0.004161021 0.999702752 110.671897888
0.998425245 -0.049766447 0.025894249 8.361053467 0.049852904 0.998752952 -0.002703602 -12.504323959 -0.025727408 0.003990247 0.999661088 111.496719360
0.998438776 -0.048902519 0.026996806 8.415447235 0.048975125 0.998797894 -0.002033903 -12.593804359 -0.026864896 0.003352899 0.999633431 112.309234619
0.998534918 -0.046678975 0.027368376 8.470123291 0.046744335 0.998905420 -0.001752690 -12.673003197 -0.027256604 0.003029438 0.999623835 113.089111328
0.998662174 -0.044119213 0.026968727 8.515522003 0.044097926 0.999026299 0.001384068 -12.751124382 -0.027003534 -0.000192951 0.999635279 113.846366882
0.998738706 -0.044270422 0.023687102 8.567636490 0.044224337 0.999018610 0.002465841 -12.835865974 -0.023773018 -0.001415184 0.999716401 114.591575623
0.998867154 -0.044344589 0.017258676 8.604691505 0.044305172 0.999014497 0.002659971 -12.909830093 -0.017359620 -0.001892310 0.999847531 115.290458679
0.999064088 -0.042709552 0.006840376 8.631482124 0.042700071 0.999086797 0.001526617 -12.986112595 -0.006899329 -0.001233104 0.999975443 115.960243225
0.999177933 -0.039866548 -0.007353252 8.638053894 0.039857909 0.999204457 -0.001317955 -13.052144051 0.007399943 0.001023786 0.999972045 116.610237122
0.998928726 -0.038334735 -0.025914658 8.633208275 0.038247596 0.999260902 -0.003849874 -13.123055458 0.026043085 0.002854576 0.999656737 117.226890564
0.998154879 -0.036616623 -0.048436180 8.602593422 0.036363721 0.999320090 -0.006092485 -13.192146301 0.048626333 0.004319923 0.998807669 117.815681458
0.996467471 -0.035215300 -0.076239698 8.562902451 0.034699205 0.999365091 -0.008083821 -13.257021904 0.076475963 0.005409807 0.997056723 118.383834839
0.993603587 -0.032892719 -0.108027466 8.490230560 0.031993721 0.999437571 -0.010045098 -13.325070381 0.108297125 0.006524644 0.994097233 118.924530029
0.989273548 -0.028269207 -0.143313304 8.380205154 0.026908243 0.999572575 -0.011426091 -13.390114784 0.143575057 0.007447221 0.989611447 119.465591431
0.983062446 -0.022395087 -0.181897104 8.267759323 0.020798450 0.999726534 -0.010680689 -13.451619148 0.182086587 0.006716606 0.983259559 119.994590759
0.974525690 -0.017298497 -0.223607615 8.127321243 0.015773658 0.999838591 -0.008603752 -13.508987427 0.223720312 0.004857467 0.974641204 120.494346619
0.963224530 -0.012617184 -0.268401712 7.962217331 0.011173145 0.999913633 -0.006906995 -13.568902969 0.268465668 0.003654094 0.963282347 120.980773926
0.948910713 -0.006578414 -0.315475851 7.770465851 0.004426083 0.999961734 -0.007538460 -13.623353004 0.315513372 0.005757004 0.948903620 121.459716797
0.931673050 0.001198570 -0.363295972 7.540649414 -0.004526279 0.999955177 -0.008308636 -13.675621986 0.363269746 0.009385313 0.931636691 121.921875000
0.910662234 0.005461710 -0.413115621 7.291671753 -0.010218799 0.999904513 -0.009306567 -13.725605965 0.413025320 0.012696686 0.910630941 122.356231689
0.885721803 0.010483763 -0.464098036 7.010272980 -0.015927229 0.999842584 -0.007810812 -13.783668518 0.463943064 0.014310003 0.885749400 122.785186768
0.856768489 0.013673441 -0.515519917 6.726959229 -0.020492053 0.999761581 -0.007539500 -13.827877045 0.515294015 0.017023670 0.856844366 123.179916382
0.825177908 0.023370001 -0.564389348 6.399658203 -0.031175395 0.999505043 -0.004193581 -13.875494003 0.564012051 0.021055512 0.825498104 123.555984497
0.791099906 0.036335409 -0.610606670 6.053337097 -0.044081673 0.999025226 0.002336981 -13.919702530 0.610096335 0.025067780 0.791930497 123.916000366
0.755671144 0.045342233 -0.653379798 5.698795319 -0.055469263 0.998447180 0.005135302 -13.959116936 0.652598023 0.032361899 0.757012844 124.217536926
0.715799928 0.049080618 -0.696578503 5.334690094 -0.062605590 0.998020351 0.005986962 -14.003028870 0.695493400 0.039324235 0.717455685 124.516723633
0.673236310 0.050785169 -0.737681329 4.957477570 -0.065090634 0.997836113 0.009291150 -14.050006866 0.736556888 0.041761003 0.675085187 124.802551270
0.629642904 0.054301005 -0.774984598 4.543426514 -0.068686686 0.997538745 0.014089670 -14.080663681 0.773842335 0.044359662 0.631823063 125.071327209
0.584653676 0.063138649 -0.808822274 4.115261078 -0.079603121 0.996620893 0.020257875 -14.116375923 0.807368219 0.052540947 0.587703943 125.305648804
0.538991153 0.072197959 -0.839211464 3.678871155 -0.091276251 0.995459080 0.027017042 -14.141134262 0.837351322 0.062038139 0.543133557 125.512405396
0.492331833 0.077185884 -0.866978467 3.223190308 -0.096751168 0.994740725 0.033618204 -14.165933609 0.865013599 0.067329876 0.497210354 125.709808350
0.445136547 0.078822210 -0.891986847 2.760211945 -0.096034594 0.994575441 0.039962620 -14.192500114 0.890298128 0.067872770 0.450291574 125.888862610
0.397960752 0.080081694 -0.913900495 2.285640717 -0.092878513 0.994581282 0.046707224 -14.214561462 0.912688792 0.066294052 0.403242260 126.068893433
0.352135807 0.082692482 -0.932288706 1.798145294 -0.094549522 0.994136691 0.052465878 -14.233407974 0.931160927 0.069672346 0.357889682 126.213310242
0.308498681 0.085995302 -0.947329581 1.296154022 -0.100425750 0.993283808 0.057463124 -14.249370575 0.945908606 0.077408999 0.315062851 126.328613281
0.267131031 0.087470233 -0.959682167 0.767995834 -0.104988769 0.992585719 0.061245222 -14.266352654 0.957924008 0.084395356 0.274333775 126.437469482
0.227166206 0.084294558 -0.970201015 0.243354797 -0.104812667 0.992576420 0.061697401 -14.287174225 0.968199253 0.087673798 0.234314889 126.541458130
0.192572296 0.079104967 -0.978089154 -0.291376114 -0.099689677 0.993165553 0.060696788 -14.305213928 0.976205826 0.085816868 0.199142143 126.631484985
0.161662474 0.074092388 -0.984060705 -0.839485168 -0.097185805 0.993525505 0.058839239 -14.327480316 0.982048929 0.086124644 0.167816520 126.714218140
0.135864913 0.072733566 -0.988053918 -1.412841797 -0.098521322 0.993350089 0.059575997 -14.346508026 0.985816538 0.089250095 0.142127231 126.774406433
0.113313615 0.071816854 -0.990960360 -1.987897873 -0.099002257 0.993236482 0.060661189 -14.360991478 0.988614440 0.091233581 0.119657248 126.846168518
0.094660334 0.073188454 -0.992815554 -2.584599495 -0.100844614 0.992868721 0.063577294 -14.374416351 0.990388691 0.094101839 0.101365939 126.905288696
0.078844994 0.071384005 -0.994327843 -3.193335533 -0.101805985 0.992794693 0.063201256 -14.396464348 0.991674840 0.096245423 0.085544229 126.951774597
0.064723641 0.070322528 -0.995422363 -3.812746048 -0.100038260 0.992946148 0.063642971 -14.424303055 0.992876232 0.095461115 0.071302041 127.004440308
0.053027954 0.067822039 -0.996287227 -4.451581001 -0.096258566 0.993392110 0.062501535 -14.445798874 0.993942738 0.092586845 0.059206013 127.041732788
0.040506747 0.065148458 -0.997053087 -5.102073193 -0.093647443 0.993727207 0.061126579 -14.463412285 0.994781017 0.090895429 0.046353642 127.087348938
0.029426511 0.064077221 -0.997510970 -5.782726765 -0.093071923 0.993783295 0.061092161 -14.481850624 0.995224476 0.091042504 0.035207368 127.129974365
0.019970400 0.065648869 -0.997642994 -6.455541611 -0.096389674 0.993320286 0.063434929 -14.503568649 0.995143294 0.094895676 0.026164874 127.149436951
0.011607680 0.065472610 -0.997786880 -7.130123138 -0.099385411 0.992988586 0.064001568 -14.529323578 0.994981349 0.098422542 0.018033314 127.165367126
0.004801699 0.064710237 -0.997892559 -7.824717999 -0.101414859 0.992790461 0.063891388 -14.550727844 0.994832635 0.100894362 0.011329659 127.189041138
-0.000366649 0.065551326 -0.997849107 -8.522249222 -0.102172732 0.992624640 0.065245658 -14.567687988 0.994766653 0.101976886 0.006333613 127.205947876
-0.004038694 0.068082958 -0.997671545 -9.242884636 -0.104435883 0.992195129 0.068132006 -14.587095261 0.994523466 0.104467876 0.003103131 127.229553223
-0.004693785 0.072111681 -0.997385502 -9.978201866 -0.106703199 0.991666019 0.072200313 -14.612701416 0.994279802 0.106763110 0.003039879 127.230804443
-0.005672376 0.075360782 -0.997140169 -10.697836876 -0.108933285 0.991175413 0.075529672 -14.628091812 0.994032860 0.109050199 0.002586979 127.243179321
-0.006321176 0.080979444 -0.996695697 -11.436088562 -0.113540560 0.990211785 0.081172742 -14.634994507 0.993513227 0.113678500 0.002935148 127.253082275
-0.007636366 0.084659338 -0.996380627 -12.179203987 -0.116591126 0.989538431 0.084971540 -14.646829605 0.993150651 0.116818011 0.002314050 127.263824463
-0.008855982 0.085135810 -0.996329963 -12.928431511 -0.116919078 0.989446700 0.085586883 -14.665300369 0.993101954 0.117247954 0.001191478 127.281768799
-0.010471756 0.082161859 -0.996563971 -13.672324181 -0.114599817 0.989953279 0.082821041 -14.683760643 0.993356466 0.115073323 -0.000950816 127.304473877
-0.012245549 0.078822523 -0.996813536 -14.433645248 -0.117951728 0.989814281 0.079718076 -14.689017296 0.992943883 0.118552051 -0.002823567 127.319007874
-0.013105362 0.080201618 -0.996692419 -15.199032784 -0.123490319 0.989017427 0.081207782 -14.698412895 0.992259264 0.124146149 -0.003057305 127.316780090
-0.014862593 0.083851404 -0.996367395 -15.967643738 -0.120413430 0.989075243 0.085033901 -14.712722778 0.992612541 0.121239841 -0.004603387 127.333961487
-0.016959962 0.083938181 -0.996326625 -16.744087219 -0.119592473 0.989145994 0.085368991 -14.730068207 0.992678285 0.120601006 -0.006737505 127.348472595
-0.018103072 0.082799122 -0.996401846 -17.533012390 -0.122337349 0.988893628 0.084397882 -14.738497734 0.992323458 0.123425007 -0.007772588 127.351493835
-0.018700676 0.082549520 -0.996411562 -18.320039749 -0.127028212 0.988313496 0.084262699 -14.744160652 0.991722703 0.128148153 -0.007996014 127.351715088
-0.019555023 0.087084852 -0.996008992 -19.123664856 -0.128914520 0.987664163 0.088886254 -14.751093864 0.991462946 0.130138204 -0.008087292 127.354087830
-0.020295110 0.091463014 -0.995601654 -19.937286377 -0.127421379 0.987449586 0.093311578 -14.759819031 0.991640985 0.128754690 -0.008386052 127.370048523
-0.019549755 0.093761839 -0.995402634 -20.763952255 -0.129346862 0.986989021 0.095509700 -14.772059441 0.991406798 0.130619392 -0.007167591 127.386428833
-0.017741568 0.092488937 -0.995555580 -21.582422256 -0.128754377 0.987210572 0.094008178 -14.777124405 0.991517782 0.129850015 -0.005606306 127.398300171
-0.016274804 0.092518672 -0.995577931 -22.413480759 -0.128850698 0.987213314 0.093847692 -14.781483650 0.991530478 0.129808247 -0.004145606 127.407875061
-0.016295992 0.091759741 -0.995647788 -23.248674393 -0.127416298 0.987471163 0.093091600 -14.788879395 0.991715431 0.128378764 -0.004400134 127.431869507
-0.015347070 0.093669109 -0.995485187 -24.087537766 -0.128359705 0.987179935 0.094866522 -14.793977737 0.991608918 0.129236102 -0.003126979 127.450004578
-0.014623418 0.096283607 -0.995246589 -24.923706055 -0.130021915 0.986718595 0.097369045 -14.798328400 0.991403341 0.130827725 -0.001910218 127.465171814
-0.014940963 0.098177269 -0.995056808 -25.802576065 -0.132850617 0.986149848 0.099293232 -14.795951843 0.991023600 0.133677453 -0.001691120 127.486030579
-0.013279075 0.099207334 -0.994978189 -26.666400909 -0.135002702 0.985776722 0.100091644 -14.791937828 0.990756273 0.135653839 0.000303055 127.498863220
-0.011569002 0.102370009 -0.994679213 -27.537462234 -0.141843796 0.984518409 0.102974087 -14.791178703 0.989821494 0.142280355 0.003130655 127.513542175
-0.009113817 0.106184587 -0.994304657 -28.417211533 -0.146513671 0.983472943 0.106370799 -14.784885406 0.989166617 0.146648690 0.006594303 127.529968262
-0.006961915 0.108098678 -0.994115770 -29.292684555 -0.149006873 0.982928753 0.107925750 -14.779352188 0.988811672 0.148881450 0.009264380 127.560745239
-0.002949377 0.108751029 -0.994064569 -30.195331573 -0.148015305 0.983071804 0.107987568 -14.778472900 0.988980591 0.147455320 0.013197369 127.581008911
-0.000134317 0.108750902 -0.994068980 -31.087970734 -0.150693670 0.982715070 0.107529134 -14.771811485 0.988580465 0.149814367 0.016256075 127.609481812
0.002187290 0.112565346 -0.993641913 -31.990390778 -0.151066661 0.982277930 0.110945433 -14.763692856 0.988521039 0.149863482 0.019153399 127.643264771
0.004750518 0.114498794 -0.993412018 -32.911075592 -0.149879158 0.982283115 0.112499356 -14.759927750 0.988692880 0.148357347 0.021827335 127.683937073
0.006436022 0.115777977 -0.993254304 -33.803966522 -0.150537416 0.982067585 0.113498554 -14.755905151 0.988583267 0.148791462 0.023749527 127.727722168
0.008968446 0.114150614 -0.993423045 -34.706993103 -0.151927501 0.982084990 0.111476243 -14.750525475 0.988350928 0.149928480 0.026150392 127.760383606
0.009271966 0.115001105 -0.993322074 -35.615337372 -0.155755848 0.981406391 0.112167701 -14.739382744 0.987752020 0.153675720 0.027011665 127.804077148
0.010169505 0.115813255 -0.993219018 -36.508556366 -0.156694517 0.981183767 0.112805538 -14.735369682 0.987594783 0.154484779 0.028125459 127.844696045
0.010434359 0.112082250 -0.993644178 -37.405380249 -0.156801656 0.981588304 0.109075785 -14.732198715 0.987574935 0.154666930 0.027816929 127.881484985
0.011456636 0.107908681 -0.994094789 -38.314533234 -0.157994986 0.981867015 0.104760513 -14.730220795 0.987373412 0.155861780 0.028297925 127.926704407
0.011972565 0.107004479 -0.994186401 -39.212436676 -0.157534137 0.982043028 0.103800356 -14.723213196 0.987440944 0.155375555 0.028614433 127.969520569
0.011738146 0.111266270 -0.993721366 -40.116168976 -0.159990981 0.981195390 0.107973903 -14.720695496 0.987048686 0.157719031 0.029319018 128.012573242
0.012044090 0.117466383 -0.993003845 -41.049980164 -0.160433352 0.980437338 0.114033952 -14.708435059 0.986973166 0.157937527 0.030654000 128.052047729
0.012207280 0.116324291 -0.993136287 -41.943778992 -0.158285201 0.980912209 0.112946928 -14.709746361 0.987317979 0.155819982 0.030386683 128.098999023
0.013031578 0.105799742 -0.994302094 -42.834003448 -0.157493263 0.982191741 0.102446981 -14.713601112 0.987434030 0.155260846 0.029462256 128.144653320
0.013384252 0.095301956 -0.995358407 -43.756946564 -0.159132048 0.982963622 0.091975406 -14.718374252 0.987166584 0.157162413 0.028321831 128.185958862
0.012353379 0.092306271 -0.995654047 -44.659564972 -0.156059355 0.983706057 0.089262322 -14.726835251 0.987670481 0.154278442 0.026557358 128.232894897
0.012212944 0.102384023 -0.994669974 -45.576744080 -0.148748741 0.983862042 0.099445127 -14.729616165 0.988799572 0.146741405 0.027245345 128.285446167
0.012282285 0.115449391 -0.993237436 -46.527091980 -0.143918082 0.983174026 0.112499990 -14.725308418 0.989513397 0.141563043 0.028690876 128.345520020
0.012405878 0.124660082 -0.992122054 -47.449714661 -0.144104660 0.982063472 0.121594295 -14.716737747 0.989484727 0.141460925 0.030147457 128.392684937
0.012327364 0.118794762 -0.992842257 -48.364734650 -0.144121587 0.982761145 0.115799092 -14.712455750 0.989483178 0.141662523 0.029235743 128.434829712
0.012616345 0.105208166 -0.994370162 -49.300407410 -0.144031107 0.984269917 0.102312073 -14.710243225 0.989492655 0.141929418 0.027571132 128.473922729
0.013197310 0.096367352 -0.995258272 -50.216102600 -0.144457504 0.985086799 0.093466945 -14.710075378 0.989422977 0.142539054 0.026921488 128.519927979
0.013663651 0.096433766 -0.995245636 -51.145393372 -0.143439829 0.985232830 0.093494318 -14.716966629 0.989564598 0.141480386 0.027294321 128.566650391
0.013381621 0.097641692 -0.995131552 -52.103797913 -0.146729201 0.984638989 0.094639063 -14.730136871 0.989086151 0.144748434 0.027502952 128.605102539
0.014000763 0.097239807 -0.995162606 -53.032577515 -0.151375368 0.983994901 0.094018929 -14.733057022 0.988377213 0.149326757 0.028496396 128.640411377
0.014303831 0.096762009 -0.995204806 -53.973300934 -0.153061733 0.983787954 0.093452059 -14.736885071 0.988113105 0.150991052 0.028882496 128.685867310
0.015229568 0.104190372 -0.994440794 -54.922183990 -0.161822900 0.981701434 0.100377366 -14.737688065 0.986702383 0.159394562 0.031811278 128.725906372
0.016851224 0.113541938 -0.993390262 -55.878677368 -0.168136016 0.979704976 0.109125592 -14.727554321 0.985619783 0.165185794 0.035599716 128.768692017
0.018202014 0.121827051 -0.992384434 -56.823715210 -0.168448895 0.978734672 0.117061749 -14.720324516 0.985542357 0.165035352 0.038336582 128.815017700
0.018986702 0.122749269 -0.992256045 -57.765468597 -0.169839188 0.978407323 0.117786236 -14.714738846 0.985288858 0.166287631 0.039424367 128.863922119
0.020584129 0.113063335 -0.993374527 -58.702888489 -0.171423495 0.979270220 0.107905880 -14.709720612 0.984982371 0.168066606 0.039539136 128.915985107
0.021161748 0.107876658 -0.993939042 -59.677951813 -0.169577405 0.980143845 0.102768958 -14.710796356 0.985289633 0.166374817 0.039035011 128.989852905
0.023322079 0.106228210 -0.994068205 -60.630493164 -0.168359771 0.980554700 0.100834191 -14.706340790 0.985449731 0.165009424 0.040753130 129.045837402
0.026985036 0.112267166 -0.993311644 -61.591693878 -0.169567287 0.979787171 0.106132001 -14.702838898 0.985149086 0.165569171 0.045476433 129.100402832
0.030257560 0.114656791 -0.992944241 -62.568115234 -0.172476724 0.979096711 0.107801989 -14.710720062 0.984548748 0.167997926 0.049400706 129.156234741
0.034224208 0.109579310 -0.993388712 -63.513713837 -0.172107324 0.979767919 0.102147378 -14.710547447 0.984483600 0.167473555 0.052391168 129.225219727
0.037566606 0.103884086 -0.993879735 -64.463920593 -0.172029197 0.980405509 0.095973380 -14.716814041 0.984375238 0.167370901 0.054701604 129.292831421
0.041107055 0.104224682 -0.993703961 -65.424705505 -0.169402599 0.980872750 0.095871143 -14.725250244 0.984689236 0.164395034 0.057976730 129.364700317
0.043679416 0.108128890 -0.993176877 -66.393241882 -0.167074904 0.980916083 0.099446185 -14.728805542 0.984976172 0.161591187 0.060911469 129.442382812
0.046264742 0.114802130 -0.992310464 -67.364669800 -0.166693017 0.980332911 0.105644658 -14.733325005 0.984922767 0.160523608 0.064491585 129.542098999
0.049788993 0.118659638 -0.991685987 -68.320098877 -0.164463460 0.980337262 0.109044597 -14.733411789 0.985125780 0.157666877 0.068325177 129.619247437
0.051579796 0.120306119 -0.991395950 -69.285232544 -0.163981915 0.980263591 0.110423632 -14.734235764 0.985113978 0.156875372 0.070289813 129.707275391
0.053427834 0.117821418 -0.991596520 -70.241554260 -0.162186503 0.980853319 0.107806228 -14.732021332 0.985312700 0.155063719 0.071513914 129.792724609
0.053179637 0.115947828 -0.991830647 -71.198684692 -0.159757689 0.981430709 0.106166184 -14.736514091 0.985722780 0.152806699 0.070715666 129.892364502
0.053401124 0.112245776 -0.992244542 -72.140510559 -0.156674966 0.982297301 0.102688506 -14.744167328 0.986205459 0.149976194 0.070041887 129.986160278
0.053462580 0.112642616 -0.992196321 -73.110542297 -0.155781433 0.982392490 0.103135638 -14.743618011 0.986343741 0.149051860 0.070068866 130.065994263
0.052736968 0.116674677 -0.991769016 -74.063812256 -0.152222648 0.982483864 0.107487977 -14.740088463 0.986938179 0.145301133 0.069573760 130.163925171
0.052609652 0.118320391 -0.991580844 -75.030693054 -0.146674588 0.983102441 0.109526686 -14.742729187 0.987784803 0.139677539 0.069075257 130.253433228
0.051893495 0.114550889 -0.992061079 -75.981559753 -0.143729851 0.983913779 0.106091812 -14.738976479 0.988255441 0.137083337 0.067523099 130.337509155
0.050281510 0.111153893 -0.992530346 -76.928756714 -0.145258695 0.984034121 0.102843590 -14.743085861 0.988115251 0.139002562 0.065624803 130.423095703
0.049199380 0.106692605 -0.993074000 -77.908699036 -0.141595781 0.984981060 0.098808095 -14.735258102 0.988701165 0.135753825 0.063567698 130.495468140
0.047886074 0.108257607 -0.992968857 -78.854644775 -0.142000481 0.984750092 0.100513570 -14.749410629 0.988707662 0.136188850 0.062528446 130.564758301
0.046664540 0.109526493 -0.992887914 -79.803283691 -0.142407477 0.984547496 0.101913467 -14.749655724 0.988707542 0.136638954 0.061540846 130.646926880
0.045890924 0.110869743 -0.992774963 -80.771781921 -0.145128533 0.984017670 0.103183225 -14.758737564 0.988348007 0.139344811 0.061247844 130.711151123
0.044554241 0.110885508 -0.992834091 -81.740417480 -0.145667598 0.983920276 0.103353009 -14.752187729 0.988329828 0.140018940 0.059990238 130.781509399
0.042292703 0.111204602 -0.992897153 -82.691368103 -0.144173369 0.984064281 0.104074217 -14.753721237 0.988648176 0.138747752 0.057651486 130.865722656
0.040916186 0.114385225 -0.992593527 -83.642135620 -0.144126892 0.983711481 0.107420534 -14.752295494 0.988712907 0.138664156 0.056735709 130.931945801
0.039279513 0.118384957 -0.992190599 -84.603294373 -0.145839572 0.983003199 0.111515135 -14.744665146 0.988528073 0.140320435 0.055877108 130.991836548
0.036576476 0.122759745 -0.991762161 -85.566123962 -0.146545991 0.982356310 0.116190821 -14.731808662 0.988527417 0.141088948 0.053921081 131.066787720
0.034673695 0.122531988 -0.991858661 -86.510215759 -0.146575242 0.982346952 0.116232917 -14.726059914 0.988591611 0.141351700 0.052021757 131.131683350
0.033618115 0.118438199 -0.992392123 -87.455474854 -0.147209510 0.982710004 0.112295836 -14.726920128 0.988533914 0.142314374 0.050472092 131.190505981
0.031362522 0.112277143 -0.993181825 -88.416351318 -0.150190279 0.982917786 0.106374115 -14.703739166 0.988159537 0.145830140 0.047689714 131.250579834
0.030252658 0.110326767 -0.993434787 -89.358871460 -0.148209363 0.983398199 0.104698785 -14.701504707 0.988493204 0.144068912 0.046101872 131.316497803
0.030180259 0.111283347 -0.993330359 -90.323066711 -0.143312037 0.983997107 0.105883509 -14.698112488 0.989217401 0.139160588 0.045645535 131.366912842
0.029661611 0.112700157 -0.993186295 -91.271400452 -0.140429705 0.984238386 0.107490875 -14.696455956 0.989646256 0.136284500 0.045020547 131.429519653
0.028524378 0.112602584 -0.993230581 -92.216484070 -0.134809196 0.984990537 0.107796848 -14.700550079 0.990460932 0.130821779 0.043276105 131.496887207
0.027123474 0.109762140 -0.993587673 -93.158149719 -0.130819276 0.985795081 0.105330087 -14.703169823 0.991035104 0.127123535 0.041097187 131.563964844
0.026653767 0.106540978 -0.993950963 -94.102775574 -0.125781894 0.986759186 0.102397129 -14.705100060 0.991699815 0.122291766 0.039701771 131.626632690
0.024509544 0.109222472 -0.993715048 -95.088943481 -0.124044910 0.986664116 0.105387978 -14.710598946 0.991973877 0.120682277 0.037731178 131.686325073
0.023132956 0.111651048 -0.993478119 -96.035400391 -0.123385996 0.986465454 0.107989900 -14.708726883 0.992089093 0.120083176 0.036596034 131.746063232
0.021956246 0.109683461 -0.993724108 -96.995819092 -0.119140521 0.987167597 0.106327385 -14.706147194 0.992634535 0.116058238 0.034742244 131.794952393
0.019961217 0.106948890 -0.994064093 -97.945892334 -0.116262496 0.987765312 0.103936605 -14.707311630 0.993017852 0.113497689 0.032151137 131.845642090
0.015874924 0.104375236 -0.994411230 -98.908164978 -0.115344800 0.988088071 0.101870164 -14.707457542 0.993198633 0.113082990 0.027724963 131.903854370
0.013169258 0.103675164 -0.994524002 -99.861778259 -0.109868199 0.988738060 0.101617143 -14.717562675 0.993858874 0.107928351 0.024411552 131.954620361
0.011061369 0.103669263 -0.994550288 -100.821022034 -0.103113763 0.989427149 0.101988412 -14.710088730 0.994608045 0.101423703 0.021634148 131.997528076
0.008384688 0.111966431 -0.993676603 -101.790641785 -0.094058268 0.989394069 0.110690191 -14.718053818 0.995531380 0.092535391 0.018827125 132.063110352
0.005843187 0.120275684 -0.992723286 -102.748085022 -0.086000778 0.989122689 0.119333223 -14.713106155 0.996277988 0.084677704 0.016123431 132.118286133
0.002566093 0.119986922 -0.992772102 -103.704177856 -0.081623852 0.989487886 0.119379006 -14.706307411 0.996659875 0.080727540 0.012332912 132.169052124
0.000237286 0.109490097 -0.993987858 -104.658149719 -0.082594961 0.990593791 0.109096527 -14.701505661 0.996583164 0.082072504 0.009278385 132.199874878
-0.001864884 0.100279026 -0.994957626 -105.605041504 -0.084494002 0.991385520 0.100077361 -14.699510574 0.996422231 0.084254578 0.006624157 132.238037109
-0.002188446 0.101937175 -0.994788468 -106.564117432 -0.092032954 0.990548253 0.101705164 -14.702197075 0.995753586 0.091775887 0.007213821 132.258102417
-0.003156163 0.110693462 -0.993849516 -107.530708313 -0.094877593 0.989337921 0.110492267 -14.683108330 0.995483935 0.094642796 0.007379816 132.297393799
-0.004768603 0.121967547 -0.992522657 -108.493110657 -0.098835513 0.987616658 0.121839516 -14.669249535 0.995092392 0.098677479 0.007345172 132.328262329
-0.006153596 0.123556644 -0.992318451 -109.435447693 -0.105866842 0.986679852 0.123511076 -14.656360626 0.994361222 0.105813652 0.007008922 132.359985352
-0.005750749 0.120743752 -0.992667079 -110.424736023 -0.113050371 0.986240923 0.120617032 -14.637039185 0.993572593 0.112915002 0.007978503 132.375350952
-0.006098637 0.116800107 -0.993136764 -111.378532410 -0.121135689 0.985755026 0.116675824 -14.622879028 0.992617249 0.121015884 0.008136899 132.401458740
-0.003771591 0.118859217 -0.992904007 -112.347023010 -0.125770703 0.984970152 0.118387222 -14.602496147 0.992052197 0.125324741 0.011234103 132.424041748
-0.002211911 0.119736142 -0.992803216 -113.327003479 -0.133601367 0.983869851 0.118956402 -14.580291748 0.991032660 0.132903010 0.013820679 132.448699951
-0.001678846 0.122320876 -0.992489159 -114.290718079 -0.142769456 0.982294142 0.121305875 -14.561423302 0.989754438 0.141900793 0.015814563 132.470245361
-0.001540208 0.124987237 -0.992157102 -115.266052246 -0.148423478 0.981140435 0.123829827 -14.541380882 0.988922656 0.147450119 0.017039878 132.498306274
-0.001172684 0.123836346 -0.992301881 -116.241714478 -0.152185544 0.980722129 0.122571073 -14.524915695 0.988351226 0.151157752 0.017696030 132.538497925
0.000211359 0.114234932 -0.993453741 -117.195709229 -0.151047647 0.982058883 0.112892538 -14.525857925 0.988526464 0.150034964 0.017462490 132.573669434
0.001891257 0.102640077 -0.994716763 -118.147926331 -0.154232770 0.982846200 0.101121984 -14.514354706 0.988032758 0.153226644 0.017689278 132.609817505
