1.000000000 0.000000000 0.000000000 0.000000000 0.000000000 1.000000000 0.000000000 0.000000000 0.000000000 0.000000000 1.000000000 0.000000000
0.999997735 -0.001614506 -0.001392641 0.050629623 0.001611511 0.999996364 -0.002149172 -0.132394597 0.001396106 0.002146923 0.999996722 1.297064066
0.999997437 -0.000066133 -0.002226314 0.106903329 0.000052046 0.999979973 -0.006327137 -0.268339396 0.002226688 0.006327006 0.999977469 2.603247881
0.999996126 0.002383997 -0.001445052 0.152235076 -0.002395278 0.999966264 -0.007855649 -0.406782687 0.001426275 0.007859080 0.999968112 3.907560349
0.999984145 0.005645400 0.000123002 0.196333051 -0.005644480 0.999962866 -0.006510440 -0.546441376 -0.000159752 0.006509643 0.999978781 5.221173763
0.999975443 0.006603735 0.002335311 0.244931459 -0.006596544 0.999973476 -0.003073473 -0.693618715 -0.002355545 0.003057992 0.999992549 6.536501408
0.999960244 0.006884850 0.005650031 0.301282048 -0.006874459 0.999974728 -0.001856203 -0.829975903 -0.005662668 0.001817289 0.999982297 7.839327812
0.999942124 0.005572482 0.009200416 0.354917377 -0.005557050 0.999983132 -0.001701972 -0.963962078 -0.009209745 0.001650746 0.999956250 9.148867607
0.999912143 0.004214906 0.012568622 0.432389766 -0.004195339 0.999989986 -0.001582801 -1.100672364 -0.012575167 0.001529932 0.999919772 10.448397636
0.999868333 0.003163599 0.015914168 0.496797025 -0.003127503 0.999992490 -0.002292534 -1.240325451 -0.015921302 0.002242461 0.999870658 11.761397362
0.999810636 0.002037379 0.019350996 0.573644340 -0.001976263 0.999993026 -0.003176892 -1.375856757 -0.019357333 0.003138048 0.999807656 13.054369926
0.999738574 0.002129683 0.022766054 0.637031913 -0.002062946 0.999993443 -0.002954553 -1.527549148 -0.022772202 0.002906816 0.999736428 14.382969856
0.999652922 0.002066328 0.026261043 0.719481111 -0.001961682 0.999990046 -0.004009980 -1.665052652 -0.026269069 0.003957072 0.999647021 15.681646347
0.999567926 0.002856234 0.029255087 0.804370821 -0.002739573 0.999988079 -0.004027000 -1.802578211 -0.029266244 0.003945113 0.999563873 16.986371994
0.999469817 0.002544130 0.032462310 0.894650459 -0.002431939 0.999990880 -0.003495064 -1.942752719 -0.032470904 0.003414264 0.999466836 18.273105621
0.999403656 0.000811313 0.034524638 0.997339368 -0.000693119 0.999993801 -0.003435325 -2.082890749 -0.034527212 0.003409346 0.999397874 19.570196152
0.999346077 -0.001719488 0.036115129 1.096694946 0.001891188 0.999987066 -0.004720618 -2.223440647 -0.036106549 0.004785832 0.999336421 20.845180511
0.999297738 -0.001433005 0.037443567 1.191027880 0.001675444 0.999977767 -0.006444208 -2.365664005 -0.037433498 0.006502417 0.999277890 22.158666611
0.999252498 -0.001259346 0.038639549 1.275014043 0.001614523 0.999956667 -0.009162232 -2.507955551 -0.038626339 0.009217767 0.999211133 23.442565918
0.999220073 -0.000985542 0.039475150 1.382909775 0.001401761 0.999943733 -0.010517527 -2.652352095 -0.039462566 0.010564660 0.999165118 24.731197357
0.999177635 -0.000239933 0.040544402 1.481931090 0.000685868 0.999939382 -0.010985135 -2.802325249 -0.040539313 0.011003909 0.999117315 26.001907349
0.999155700 -0.002056314 0.041031376 1.580445766 0.002473608 0.999945700 -0.010121951 -2.945190907 -0.041008335 0.010214902 0.999106526 27.297077179
0.999156713 -0.005023811 0.040751096 1.686351418 0.005399637 0.999943793 -0.009117662 -3.089806318 -0.040703010 0.009330013 0.999127686 28.575092316
0.999176025 -0.006485523 0.040064543 1.781069517 0.006874491 0.999930501 -0.009578398 -3.235497952 -0.039999634 0.009845928 0.999151111 29.864366531
0.999175310 -0.008152015 0.039777298 1.876028538 0.008644531 0.999887943 -0.012225581 -3.378622532 -0.039673168 0.012559354 0.999133706 31.124132156
0.999220848 -0.008314274 0.038582403 1.991033316 0.008792556 0.999886394 -0.012243282 -3.528856039 -0.038476221 0.012572980 0.999180555 32.412628174
0.999243677 -0.008919156 0.037850827 2.089000702 0.009403322 0.999876022 -0.012632695 -3.673437119 -0.037733465 0.012979064 0.999203622 33.680843353
0.999255002 -0.009319032 0.037450101 2.184062004 0.009802094 0.999870837 -0.012736057 -3.816899776 -0.037326586 0.013093661 0.999217331 34.943504333
0.999269962 -0.009911531 0.036896862 2.276042938 0.010406089 0.999858141 -0.013235982 -3.961195946 -0.036760442 0.013610271 0.999231398 36.201625824
0.999307990 -0.010540495 0.035670694 2.390738487 0.011024189 0.999849558 -0.013390599 -4.118947506 -0.035524189 0.013774572 0.999273837 37.486118317
0.999305010 -0.010183520 0.035856821 2.481342316 0.010604204 0.999876916 -0.011561810 -4.265859604 -0.035734676 0.011934008 0.999290049 38.746826172
0.999268234 -0.010213492 0.036860909 2.582345009 0.010609281 0.999888003 -0.010557785 -4.403645515 -0.036748953 0.010941125 0.999264598 40.010883331
0.999191940 -0.011961723 0.038372863 2.694965363 0.012307068 0.999885738 -0.008776158 -4.547416687 -0.038263496 0.009241324 0.999224961 41.258388519
0.999080837 -0.013160559 0.040795058 2.788559437 0.013579913 0.999857605 -0.010019567 -4.693916798 -0.040657382 0.010564350 0.999117255 42.521621704
0.998959899 -0.014322574 0.043288562 2.883396626 0.014905781 0.999802053 -0.013179940 -4.843639374 -0.043091223 0.013811480 0.998975694 43.770900726
0.998855412 -0.015635163 0.045204446 2.990767717 0.016288843 0.999767482 -0.014128515 -4.989533424 -0.044973034 0.014848677 0.998877823 45.026058197
0.998733759 -0.015974727 0.047703765 3.114133120 0.016609756 0.999778211 -0.012945302 -5.123193741 -0.047486387 0.013721260 0.998777688 46.259613037
0.998530269 -0.016944308 0.051480014 3.221146584 0.017456837 0.999802291 -0.009522575 -5.279318810 -0.051308490 0.010407258 0.998628616 47.524612427
0.998265624 -0.019944202 0.055388186 3.336039543 0.020399351 0.999762595 -0.007664195 -5.415979385 -0.055222183 0.008780787 0.998435497 48.753326416
0.998021901 -0.021890180 0.058933236 3.469841242 0.022406105 0.999716043 -0.008107753 -5.555843830 -0.058739014 0.009412180 0.998229146 50.009788513
0.997741163 -0.025228752 0.062257260 3.611019135 0.026027063 0.999588728 -0.012045249 -5.689817429 -0.061927762 0.013638418 0.997987449 51.240585327
0.997444153 -0.026539763 0.066338181 3.738624334 0.027390748 0.999553323 -0.011951347 -5.827970982 -0.065991364 0.013737855 0.997725606 52.468917847
0.997104943 -0.029191904 0.070210092 3.873724461 0.029913532 0.999509692 -0.009248515 -5.968634605 -0.069905683 0.011321971 0.997489333 53.688686371
0.996811152 -0.031804539 0.073184021 4.025522232 0.032336440 0.999458432 -0.006094440 -6.102779388 -0.072950549 0.008441517 0.997299850 54.903041840
0.996596098 -0.034256145 0.074984558 4.181444168 0.034684196 0.999388456 -0.004413405 -6.233998299 -0.074787512 0.006999161 0.997174978 56.121971130
0.996375203 -0.037574716 0.076317407 4.331094742 0.037792765 0.999284625 -0.001414461 -6.355433941 -0.076209657 0.004293581 0.997082591 57.334095001
0.996222377 -0.040585965 0.076770194 4.487815857 0.040692672 0.999171674 0.000174520 -6.482227325 -0.076713689 0.002950123 0.997048736 58.539161682
0.996165335 -0.042613227 0.076411664 4.633315086 0.042964064 0.999072194 -0.002952604 -6.612498760 -0.076214954 0.006224237 0.997071981 59.743953705
0.996172369 -0.043930460 0.075569130 4.782685280 0.044613969 0.998977005 -0.007379720 -6.739656925 -0.075167634 0.010722913 0.997113228 60.930751801
0.996186852 -0.045253988 0.074591331 4.916039467 0.046225663 0.998866498 -0.011351296 -6.868612766 -0.073993087 0.014756046 0.997149527 62.140781403
0.996243298 -0.046752971 0.072892718 5.061211109 0.047872413 0.998759568 -0.013685744 -7.002082825 -0.072162464 0.017123882 0.997245908 63.329971313
0.996358812 -0.047409080 0.070861578 5.195532322 0.048512947 0.998725295 -0.013937945 -7.134642124 -0.070110463 0.017324900 0.997388721 64.515792847
0.996591508 -0.046688192 0.068011023 5.330254555 0.047702339 0.998772204 -0.013363828 -7.269196510 -0.067303598 0.016562562 0.997595012 65.693161011
0.996826828 -0.045972712 0.064982690 5.448306084 0.046802633 0.998840153 -0.011306436 -7.409220695 -0.064387515 0.014311919 0.997822344 66.886466980
0.997219980 -0.042187218 0.061421070 5.567026615 0.042755451 0.999053836 -0.007966240 -7.536280632 -0.061026882 0.010570180 0.998080194 68.060821533
0.997425377 -0.040345293 0.059286982 5.672706127 0.040728234 0.999156356 -0.005264526 -7.665451050 -0.059024565 0.007665625 0.998227060 69.228561401
0.997709572 -0.039147086 0.055163797 5.800839424 0.039675847 0.999176204 -0.008522492 -7.803783417 -0.054784726 0.010691641 0.998440862 70.435859680
0.997888803 -0.039463852 0.051582005 5.910618782 0.040280335 0.999077439 -0.014885884 -7.936334610 -0.050946970 0.016932197 0.998557806 71.594390869
0.997954726 -0.043111093 0.047201473 6.024605751 0.044009440 0.998866022 -0.018160686 -8.071887970 -0.046365030 0.020200850 0.998720169 72.770713806
0.997958899 -0.046666384 0.043592032 6.139648914 0.047289196 0.998791933 -0.013366413 -8.210453033 -0.042915594 0.015400566 0.998960018 73.953521729
0.997959852 -0.050362494 0.039239112 6.245746613 0.050745070 0.998672664 -0.008815080 -8.334216118 -0.038743075 0.010788285 0.999190986 75.110198975
0.998013973 -0.052709930 0.034490321 6.342738628 0.052942235 0.998580396 -0.005856462 -8.464148521 -0.034132656 0.007670828 0.999387860 76.298805237
0.998195589 -0.051830474 0.030316789 6.432920456 0.051959120 0.998643100 -0.003470336 -8.587918282 -0.030095791 0.005039308 0.999534309 77.458625793
0.998334885 -0.051359866 0.026260708 6.530098915 0.051485538 0.998665154 -0.004131829 -8.697093010 -0.026013447 0.005476997 0.999646604 78.619155884
0.998474419 -0.050180729 0.023036283 6.598877907 0.050314199 0.998719752 -0.005250874 -8.837233543 -0.022743301 0.006401917 0.999720752 79.795486450
0.998667121 -0.047691084 0.019735552 6.675872803 0.047902465 0.998798072 -0.010379564 -8.964576721 -0.019216821 0.011311112 0.999751329 80.941665649
0.998556018 -0.051404949 0.015598014 6.762480736 0.051639840 0.998552442 -0.015049225 -9.105689049 -0.014801833 0.015832976 0.999764979 82.108894348
0.998411119 -0.054925792 0.012585225 6.826315403 0.055129278 0.998343945 -0.016436178 -9.231091499 -0.011661612 0.017103881 0.999785721 83.258331299
0.998436153 -0.055189420 0.008894361 6.890736580 0.055301819 0.998385966 -0.012929384 -9.361074448 -0.008166440 0.013401042 0.999876857 84.395980835
0.998427987 -0.055692762 0.006311912 6.954607010 0.055757057 0.998389065 -0.010513341 -9.490701675 -0.005716226 0.010848749 0.999924779 85.533592224
0.998566866 -0.053300418 0.004815811 7.004543304 0.053355832 0.998500764 -0.012222110 -9.619481087 -0.004157147 0.012461546 0.999913692 86.680625916
0.998753667 -0.049734734 0.004190795 7.056708336 0.049793664 0.998641014 -0.015382387 -9.747922897 -0.003420062 0.015571889 0.999872863 87.799797058
0.998820722 -0.048482232 0.002559038 7.121328831 0.048520822 0.998656988 -0.018167805 -9.875871658 -0.001674786 0.018270545 0.999831676 88.904747009
0.998716712 -0.050594937 0.002236168 7.159625530 0.050628114 0.998540461 -0.018815553 -10.013575554 -0.001280933 0.018904619 0.999820471 90.071250916
0.998661220 -0.051722556 0.000670414 7.211005211 0.051726647 0.998531580 -0.016091553 -10.145135880 0.000162866 0.016104689 0.999870300 91.187316895
0.998596311 -0.052964825 -0.000312084 7.259741306 0.052955780 0.998505414 -0.013513924 -10.275177002 0.001027380 0.013478426 0.999908626 92.300453186
0.998600900 -0.052865628 -0.001193829 7.322722912 0.052845597 0.998517334 -0.013054646 -10.396551132 0.001882201 0.012973295 0.999914050 93.436363220
0.998569548 -0.053451829 -0.001314548 7.367691994 0.053425759 0.998456180 -0.015195963 -10.524700165 0.002124771 0.015103996 0.999883652 94.544837952
0.998556912 -0.053663589 -0.002079180 7.426373959 0.053614344 0.998379469 -0.019074108 -10.655752182 0.003099396 0.018935110 0.999815881 95.657951355
0.998532057 -0.054133724 -0.001793537 7.467186451 0.054087020 0.998334825 -0.020051818 -10.793931961 0.002876030 0.019925369 0.999797463 96.766990662
0.998494565 -0.054809008 -0.002118046 7.521744728 0.054760490 0.998327434 -0.018540319 -10.925266266 0.003130679 0.018396422 0.999825954 97.852439880
0.998553038 -0.053767402 -0.000975557 7.558953285 0.053749539 0.998464525 -0.013400018 -11.046892166 0.001694544 0.013328193 0.999909759 98.933975220
0.998642802 -0.052082825 0.000311362 7.605843067 0.052083351 0.998593330 -0.009936443 -11.167925835 0.000206594 0.009939175 0.999950588 100.001152039
0.998761892 -0.049684625 0.002471684 7.646068573 0.049706966 0.998713791 -0.009991335 -11.288201332 -0.001972089 0.010101822 0.999946952 101.067108154
0.998845518 -0.047788195 0.004903580 7.689458847 0.047842957 0.998785913 -0.011736506 -11.410527229 -0.004336760 0.011957558 0.999919057 102.101631165
0.998808920 -0.048272606 0.007100076 7.747903824 0.048367888 0.998732507 -0.013924298 -11.533425331 -0.006418915 0.014251128 0.999877810 103.119270325
0.998717725 -0.049807224 0.009064534 7.792078495 0.049939901 0.998638749 -0.015052174 -11.647697449 -0.008302486 0.015485554 0.999845624 104.135452271
0.998608291 -0.051588990 0.010951814 7.850541592 0.051744092 0.998556733 -0.014385325 -11.761705399 -0.010193883 0.014931996 0.999836504 105.115943909
0.998580456 -0.051686317 0.012864849 7.906267166 0.051848821 0.998575032 -0.012636321 -11.884111404 -0.012193391 0.013285412 0.999837339 106.090232849
0.998499930 -0.052969590 0.013862213 7.973659992 0.053126469 0.998524904 -0.011204510 -11.993151665 -0.013248266 0.011924150 0.999841094 107.032150269
0.998437226 -0.053498659 0.016160743 8.025290489 0.053690143 0.998489618 -0.011657089 -12.101213455 -0.015512696 0.012506544 0.999801457 107.950439453
0.998429894 -0.053197861 0.017537393 8.086690903 0.053377174 0.998525083 -0.009919901 -12.200615883 -0.016983807 0.010840422 0.999796987 108.854354858
0.998453081 -0.052143436 0.019300425 8.143559456 0.052306227 0.998598814 -0.008027723 -12.297690392 -0.018854788 0.009024837 0.999781489 109.723815918
0.998413920 -0.052444387 0.020476483 8.206877708 0.052553192 0.998606563 -0.004811577 -12.400266647 -0.020195605 0.005880050 0.999778867 110.582496643
0.998360634 -0.052796461 0.022101972 8.266366959 0.052906036 0.998589814 -0.004402220 -12.495151520 -0.021838380 0.005564330 0.999746025 111.408645630
0.998407900 -0.051343724 0.023356790 8.314058304 0.051446021 0.998668551 -0.003799850 -12.583955765 -0.023130598 0.004995415 0.999719977 112.219055176
0.998512805 -0.049091708 0.023709705 8.366159439 0.049191743 0.998782694 -0.003654120 -12.664602280 -0.023501460 0.004815008 0.999712229 112.997550964
0.998641491 -0.046635289 0.023245929 8.406386375 0.046654932 0.998910964 -0.000303484 -12.747638702 -0.023206461 0.001387609 0.999729693 113.752632141
0.998728096 -0.046133608 0.020344127 8.452505112 0.046129629 0.998935223 0.000665450 -12.829531670 -0.020353165 0.000273863 0.999792814 114.499923706
0.998832703 -0.046193387 0.014121610 8.486273766 0.046187963 0.998932481 0.000710191 -12.904232025 -0.014139345 -0.000057113 0.999900043 115.197189331
0.998980045 -0.044982087 0.003937107 8.509020805 0.044981930 0.998987734 0.000127081 -12.985735893 -0.003938837 0.000050147 0.999992192 115.865150452
0.999072492 -0.041796152 -0.010355830 8.511698723 0.041765194 0.999122262 -0.003188406 -13.050281525 0.010480003 0.002752936 0.999941349 116.514328003
0.998744190 -0.040673971 -0.029247228 8.511693954 0.040524807 0.999162436 -0.005675350 -13.121948242 0.029453572 0.004482986 0.999556065 117.133758545
0.997914314 -0.038869891 -0.051538173 8.475794792 0.038503759 0.999225795 -0.008078395 -13.191633224 0.051812273 0.006077134 0.998638391 117.719825745
0.996151328 -0.037417158 -0.079262003 8.434865952 0.036748771 0.999275863 -0.009875096 -13.259733200 0.079574101 0.006924310 0.996804893 118.289817810
0.993158579 -0.035179958 -0.111348309 8.361478806 0.034072358 0.999349236 -0.011835048 -13.328376770 0.111692213 0.007960180 0.993710935 118.833267212
0.988717973 -0.030670431 -0.146615490 8.252473831 0.029007085 0.999488533 -0.013470029 -13.390068054 0.146953613 0.009065174 0.989101827 119.376190186
0.982353151 -0.024953367 -0.185363367 8.145788193 0.022944618 0.999652565 -0.012974406 -13.454052925 0.185622722 0.008492356 0.982584417 119.896308899
0.973725498 -0.019460674 -0.226891801 8.004095078 0.017408570 0.999787509 -0.011042153 -13.512155533 0.227058470 0.006802162 0.973857462 120.399314880
0.962288201 -0.014943567 -0.271621346 7.829589844 0.012843208 0.999872327 -0.009508792 -13.571101189 0.271728784 0.005661709 0.962357283 120.894203186
0.947979629 -0.008833833 -0.318208277 7.637794495 0.005985146 0.999932826 -0.009928844 -13.631040573 0.318274647 0.007507816 0.947968841 121.357727051
0.930454373 -0.000812866 -0.366406798 7.403999329 -0.003448426 0.999933839 -0.010975275 -13.687232018 0.366391480 0.011475518 0.930390000 121.838356018
0.909219503 0.003711552 -0.416300446 7.154254913 -0.009460190 0.999886215 -0.011746952 -13.741574287 0.416209459 0.014618838 0.909151375 122.263244629
0.884031773 0.008005805 -0.467358351 6.884883881 -0.014703286 0.999834836 -0.010684920 -13.793793678 0.467195630 0.016317515 0.884003460 122.674499512
0.855053663 0.011446347 -0.518413186 6.599605560 -0.019684749 0.999752223 -0.010393266 -13.841068268 0.518165827 0.019091634 0.855067134 123.072906494
0.823297262 0.021055421 -0.567219853 6.270782471 -0.030238852 0.999519646 -0.006787945 -13.895552635 0.566804469 0.022740571 0.823538482 123.442520142
0.789142609 0.033856306 -0.613276243 5.926055908 -0.043235816 0.999064803 -0.000480334 -13.934808731 0.612686396 0.026894551 0.789868355 123.794822693
0.752940059 0.042734761 -0.656700134 5.571407318 -0.054806929 0.998494685 0.002138127 -13.976235390 0.655802906 0.034381833 0.754148722 124.110519409
0.713204265 0.046415996 -0.699417830 5.199100494 -0.061729535 0.998087466 0.003290530 -14.024607658 0.698232949 0.040827923 0.714705408 124.406341553
0.670701683 0.048235789 -0.740157187 4.820323944 -0.064957030 0.997869074 0.006169239 -14.069646835 0.738877356 0.043940693 0.672405601 124.688667297
0.626696944 0.051576763 -0.777554452 4.414283752 -0.068445452 0.997594118 0.011006463 -14.104160309 0.776251316 0.046322338 0.628719509 124.956657410
0.581568182 0.060474355 -0.811246634 3.990089417 -0.079845712 0.996661246 0.017056111 -14.139965057 0.809569478 0.054855272 0.584455252 125.184249878
0.535920322 0.069194086 -0.841428399 3.544593811 -0.091266833 0.995543540 0.023738176 -14.165748596 0.839321077 0.064072743 0.539847016 125.394378662
0.488968551 0.074196592 -0.869140148 3.095703125 -0.097239845 0.994802117 0.030218028 -14.190799713 0.866864443 0.069739386 0.493641853 125.590591431
0.441931099 0.075066693 -0.893902600 2.625385284 -0.096575648 0.994682193 0.035784349 -14.214033127 0.891835153 0.070515014 0.446830571 125.770538330
0.394926786 0.076787740 -0.915497899 2.151828766 -0.094346076 0.994622231 0.042725373 -14.236858368 0.913855314 0.069500253 0.400047630 125.936401367
0.348710001 0.079700820 -0.933835745 1.660923004 -0.095962688 0.994177282 0.049016774 -14.261253357 0.932304978 0.072520755 0.354327798 126.084442139
0.304864168 0.082710281 -0.948797524 1.152553558 -0.101603322 0.993361235 0.053948257 -14.280997276 0.946960747 0.079954095 0.311243832 126.201690674
0.263673723 0.084488764 -0.960904717 0.630512238 -0.106605783 0.992606938 0.058023434 -14.298250198 0.958702981 0.087138742 0.270731330 126.300987244
0.224667549 0.081082441 -0.971056223 0.103464127 -0.107173614 0.992542446 0.058080383 -14.316320419 0.968523800 0.091022827 0.231681958 126.393936157
0.190019429 0.076069281 -0.978828907 -0.433526993 -0.102209643 0.993109047 0.057337172 -14.336484909 0.976445496 0.089150563 0.196485043 126.481178284
0.159466714 0.070994191 -0.984647274 -0.988862991 -0.099792883 0.993460953 0.055467911 -14.355125427 0.982146561 0.089415491 0.165508673 126.558570862
0.132479757 0.069299333 -0.988760173 -1.548448563 -0.100072980 0.993390739 0.056215528 -14.379594803 0.986120939 0.091500759 0.138539165 126.635284424
0.110323139 0.068530649 -0.991530359 -2.130117416 -0.101183333 0.993211150 0.057388615 -14.396800041 0.988731861 0.093995050 0.116508327 126.699028015
0.092080452 0.069897696 -0.993295193 -2.736934662 -0.103757054 0.992776632 0.060242709 -14.411273956 0.990331054 0.097514220 0.098667681 126.745483398
0.075717345 0.068180650 -0.994795561 -3.340097427 -0.104675934 0.992690623 0.060069140 -14.437543869 0.991619706 0.099582888 0.082300797 126.797973633
0.062247157 0.067257188 -0.995792031 -3.962864399 -0.104141332 0.992718220 0.060539693 -14.464982033 0.992612660 0.099934667 0.068798147 126.838172913
0.049693789 0.064506255 -0.996679246 -4.606803417 -0.098642424 0.993350148 0.059372544 -14.489190102 0.993881404 0.095364422 0.055726387 126.892616272
0.037457310 0.061959736 -0.997375548 -5.253804207 -0.096333198 0.993651271 0.058110502 -14.509267807 0.994644046 0.093903720 0.043188296 126.934928894
0.026735352 0.061600633 -0.997742832 -5.912888050 -0.095785432 0.993664801 0.058782209 -14.531791687 0.995042920 0.093997665 0.032466419 126.967506409
0.017938565 0.063090958 -0.997846603 -6.582715511 -0.099518500 0.993163824 0.061005812 -14.556019783 0.994874060 0.098209850 0.024094645 126.974349976
0.009473990 0.062259160 -0.998015046 -7.281592369 -0.102454245 0.992867649 0.060965486 -14.580747604 0.994692624 0.101673275 0.015785132 126.992034912
0.002978081 0.061790429 -0.998084724 -7.968595028 -0.105148293 0.992575526 0.061135627 -14.604521751 0.994452119 0.104764827 0.009453127 127.009193420
-0.002553066 0.063286617 -0.997992098 -8.663782120 -0.105801038 0.992376745 0.063201189 -14.629052162 0.994384050 0.105749957 0.004162186 127.024963379
-0.005960518 0.065153070 -0.997857451 -9.387232780 -0.107202202 0.992082775 0.065416373 -14.646608353 0.994219363 0.107362442 0.001071227 127.045349121
-0.006816067 0.068738699 -0.997611344 -10.106333733 -0.109604590 0.991572380 0.069071442 -14.669820786 0.993951917 0.109813571 0.000775451 127.057182312
-0.007797263 0.072278462 -0.997353971 -10.837934494 -0.112472601 0.990992010 0.072696693 -14.687159538 0.993624210 0.112741835 0.000402320 127.066299438
-0.009263510 0.077931993 -0.996915638 -11.569568634 -0.117269710 0.989994228 0.078480616 -14.701352119 0.993056893 0.117635004 -0.000031759 127.077819824
-0.010620604 0.081539825 -0.996613503 -12.307336807 -0.120125510 0.989347637 0.082225502 -14.716317177 0.992701948 0.120591998 -0.000712456 127.094413757
-0.012227507 0.082145445 -0.996545374 -13.052845001 -0.119464613 0.989361465 0.083019085 -14.735374451 0.992763221 0.120067045 -0.002283951 127.110473633
-0.013065836 0.078744344 -0.996809244 -13.827900887 -0.117974140 0.989810050 0.079737812 -14.753639221 0.992930710 0.118639551 -0.003642901 127.122863770
-0.014736312 0.075422250 -0.997042716 -14.580081940 -0.121787876 0.989591479 0.076658607 -14.761575699 0.992446780 0.122557387 -0.005397415 127.132987976
-0.015894566 0.077094384 -0.996897101 -15.352460861 -0.126537979 0.988851607 0.078489706 -14.774147034 0.991834462 0.127392903 -0.005962000 127.132438660
-0.017253401 0.080231704 -0.996626854 -16.126976013 -0.123760879 0.988938391 0.081755303 -14.789802551 0.992162049 0.124753967 -0.007133002 127.144729614
-0.019235129 0.080442473 -0.996573627 -16.901351929 -0.122673079 0.989036918 0.082201861 -14.808011055 0.992260695 0.123833917 -0.009156127 127.157630920
-0.020203892 0.080064759 -0.996584952 -17.690885544 -0.125994340 0.988637745 0.081980601 -14.822014809 0.991825223 0.127220392 -0.009886620 127.156616211
-0.021188376 0.079331800 -0.996622980 -18.483867645 -0.129689604 0.988206148 0.081419036 -14.833961487 0.991328180 0.130976781 -0.010649974 127.167030334
-0.022536589 0.083514817 -0.996251702 -19.280771255 -0.131606206 0.987584949 0.085765414 -14.841156006 0.991045833 0.133045733 -0.011265730 127.175064087
-0.023341699 0.088353649 -0.995815575 -20.083578110 -0.130860969 0.987246692 0.090660721 -14.856101036 0.991125882 0.132429585 -0.011481972 127.189788818
-0.021820812 0.090656191 -0.995643139 -20.907531738 -0.132033721 0.986896217 0.092753448 -14.862810135 0.991005003 0.133482441 -0.009565198 127.195236206
-0.020047372 0.089583375 -0.995777488 -21.725736618 -0.131405041 0.987101734 0.091448367 -14.872436523 0.991126001 0.132683471 -0.008017087 127.205955505
-0.018997394 0.089843675 -0.995774686 -22.557216644 -0.131353468 0.987097621 0.091566749 -14.880907059 0.991153538 0.132537976 -0.006951005 127.216835022
-0.018861188 0.088638790 -0.995885253 -23.388788223 -0.129580125 0.987444878 0.090341687 -14.886381149 0.991389573 0.130750835 -0.007138557 127.237922668
-0.017851006 0.090637065 -0.995723963 -24.226306915 -0.130534217 0.987147748 0.092196569 -14.894935608 0.991283119 0.131621882 -0.005790343 127.253479004
-0.017421879 0.092820019 -0.995530486 -25.063024521 -0.132082924 0.986741781 0.094312042 -14.898488045 0.991085589 0.133135676 -0.004930957 127.269210815
-0.017315840 0.095229387 -0.995304763 -25.944808960 -0.135205403 0.986087501 0.096699759 -14.901243210 0.990666270 0.136245042 -0.004199400 127.279670715
-0.015742339 0.096323550 -0.995225608 -26.807739258 -0.137314871 0.985709846 0.097574592 -14.900318146 0.990402341 0.138195351 -0.002290724 127.291213989
-0.013986718 0.099514797 -0.994937778 -27.677135468 -0.144055188 0.984453976 0.100491300 -14.902501106 0.989470720 0.144731551 0.000566344 127.304687500
-0.011650019 0.103186332 -0.994593799 -28.561109543 -0.148519933 0.983449876 0.103769824 -14.899192810 0.988840759 0.148925945 0.003868016 127.317298889
-0.009571815 0.104970172 -0.994429231 -29.435384750 -0.150995433 0.982919812 0.105208658 -14.895433426 0.988488078 0.151161268 0.006441688 127.346893311
-0.005737869 0.106072888 -0.994341791 -30.331415176 -0.149929866 0.983026922 0.105731048 -14.900621414 0.988680005 0.149688199 0.010263016 127.367614746
-0.002981509 0.105917998 -0.994370341 -31.224769592 -0.152467072 0.982700825 0.105132148 -14.895304680 0.988304079 0.151922211 0.013219074 127.394096375
-0.000591063 0.109791219 -0.993954420 -32.125453949 -0.153000683 0.982241869 0.108588465 -14.890792847 0.988225937 0.152139887 0.016217567 127.424377441
0.001560661 0.111695856 -0.993741214 -33.042919159 -0.151904494 0.982236683 0.110164203 -14.888116837 0.988393962 0.150781825 0.018500041 127.466918945
0.003400176 0.112984143 -0.993591011 -33.936370850 -0.152555943 0.982024968 0.111146882 -14.886192322 0.988288999 0.151200265 0.020575460 127.505928040
0.005771839 0.111176856 -0.993783832 -34.838722229 -0.153867051 0.982064128 0.108972088 -14.881735802 0.988074660 0.152281627 0.022774771 127.537422180
0.006198076 0.112402551 -0.993643403 -35.749412537 -0.158377051 0.981231034 0.110010520 -14.874171257 0.987359166 0.156688511 0.023883730 127.577217102
0.007288601 0.113004014 -0.993567884 -36.642841339 -0.159174770 0.981056690 0.110413395 -14.871170044 0.987223446 0.157346174 0.025137918 127.612983704
0.007428631 0.109503597 -0.993958771 -37.540233612 -0.159375951 0.981409729 0.106929980 -14.870416641 0.987189889 0.157618761 0.024742777 127.649185181
0.008170339 0.105323307 -0.994404495 -38.456523895 -0.160489351 0.981684566 0.102657437 -14.874141693 0.987003744 0.158752605 0.024923965 127.693267822
0.008579738 0.104562774 -0.994481266 -39.352657318 -0.160139859 0.981825709 0.101850532 -14.870849609 0.987056971 0.158382252 0.025168473 127.734596252
0.008641871 0.108590454 -0.994049072 -40.258716583 -0.162569404 0.981013477 0.105753146 -14.866634369 0.986659229 0.160688043 0.026131278 127.770462036
0.008880470 0.115004271 -0.993325293 -41.189601898 -0.163440168 0.980172932 0.112020321 -14.861349106 0.986513257 0.161354482 0.027500711 127.809486389
0.009268960 0.113692522 -0.993472755 -42.085311890 -0.161260083 0.980681002 0.110724114 -14.862619400 0.986868441 0.159181178 0.027423959 127.851013184
0.009894020 0.103452958 -0.994585097 -42.974170685 -0.160532862 0.981896996 0.100536227 -14.871238708 0.986980915 0.158668876 0.026322506 127.895767212
0.010303459 0.092831060 -0.995628476 -43.901298523 -0.162272692 0.982638419 0.089940563 -14.878158569 0.986692071 0.160636649 0.025188526 127.932838440
0.009243556 0.089761995 -0.995920300 -44.801296234 -0.159060746 0.983414054 0.087158501 -14.887981415 0.987225473 0.157606140 0.023367854 127.978195190
0.009518663 0.099954650 -0.994946480 -45.724399567 -0.151752979 0.983611405 0.097364083 -14.892599106 0.988372564 0.150059327 0.024531085 128.022766113
0.009266943 0.113036990 -0.993547499 -46.670310974 -0.146872476 0.982968092 0.110463463 -14.890765190 0.989112020 0.144901127 0.025711132 128.082870483
0.009512662 0.121944383 -0.992491424 -47.591323853 -0.147207096 0.981893063 0.119231261 -14.883312225 0.989059925 0.144967556 0.027291495 128.127304077
0.009252465 0.116281167 -0.993173301 -48.508468628 -0.147318989 0.982536316 0.113663360 -14.882164955 0.989045739 0.145261601 0.026221309 128.167419434
0.009308075 0.102953956 -0.994642556 -49.429214478 -0.147393033 0.983961940 0.100469090 -14.885641098 0.989034176 0.145668194 0.024333484 128.207702637
0.009968881 0.093984909 -0.995523751 -50.342727661 -0.147964850 0.984752059 0.091486312 -14.885942459 0.988942385 0.146390498 0.023723338 128.248184204
0.010230714 0.094115257 -0.995508730 -51.267185211 -0.147058725 0.984877348 0.091598868 -14.897466660 0.989074826 0.145461127 0.023916466 128.294586182
0.009798232 0.095463224 -0.995384753 -52.226535797 -0.150099143 0.984294474 0.092922091 -14.912115097 0.988622487 0.148495927 0.023973292 128.332031250
0.010279116 0.095014602 -0.995422900 -53.154052734 -0.154585585 0.983658969 0.092295416 -14.916387558 0.987925887 0.152929276 0.024799036 128.365066528
0.010813408 0.094481543 -0.995467901 -54.094734192 -0.156322420 0.983445346 0.091642402 -14.921552658 0.987646878 0.154622957 0.025403980 128.404067993
0.011740942 0.102205016 -0.994694054 -55.056190491 -0.165142655 0.981300533 0.098879538 -14.928195000 0.986199796 0.163105518 0.028399801 128.441757202
0.013179333 0.111518301 -0.993674934 -55.996566772 -0.170522764 0.979454517 0.107660688 -14.921844482 0.985265613 0.168025300 0.031924967 128.478988647
0.014571685 0.119943447 -0.992673755 -56.954463959 -0.170944676 0.978461802 0.115716904 -14.918024063 0.985172808 0.168006107 0.034761533 128.518630981
0.015434694 0.120617926 -0.992578983 -57.907024384 -0.172475994 0.978137970 0.116181046 -14.912347794 0.984892786 0.169402823 0.035900958 128.565979004
0.016963970 0.110898450 -0.993686974 -58.841613770 -0.174539670 0.978898764 0.106268346 -14.910554886 0.984503984 0.171635032 0.035962198 128.607574463
0.018151667 0.105845720 -0.994216919 -59.781391144 -0.172965616 0.979720771 0.101144560 -14.905815125 0.984760523 0.170129374 0.036091235 128.660888672
0.020130306 0.104456544 -0.994325697 -60.748802185 -0.171499163 0.980147302 0.099495031 -14.908620834 0.984978557 0.168523178 0.037644874 128.714355469
0.023312496 0.110132419 -0.993643463 -61.708042145 -0.172950000 0.979371965 0.104492910 -14.907821655 0.984654665 0.169414625 0.041879002 128.774688721
0.026965983 0.112478971 -0.993288159 -62.677360535 -0.175785944 0.978698969 0.106054626 -14.912534714 0.984059036 0.171746224 0.046163801 128.827453613
0.030689776 0.107340910 -0.993748546 -63.632190704 -0.174654514 0.979496837 0.100407690 -14.914838791 0.984151363 0.170481205 0.048808109 128.889526367
0.034107078 0.101666145 -0.994233787 -64.589363098 -0.174771473 0.980090082 0.094224364 -14.921138763 0.984018087 0.170549989 0.051196352 128.949630737
0.038009740 0.101394087 -0.994120061 -65.556602478 -0.172432274 0.980581343 0.093420357 -14.921157837 0.984287798 0.167867467 0.054755256 129.012466431
0.039830621 0.105778150 -0.993591726 -66.511482239 -0.169422880 0.980697572 0.097613677 -14.940103531 0.984738171 0.164449155 0.056983028 129.107864380
0.043541905 0.112248659 -0.992725730 -67.470916748 -0.168910325 0.980190337 0.103422716 -14.940259933 0.984669209 0.163178399 0.061639313 129.182174683
0.045811214 0.116296142 -0.992157578 -68.436958313 -0.166530341 0.980191171 0.107204244 -14.948204041 0.984971642 0.160313144 0.064270586 129.268249512
0.048061416 0.117976911 -0.991852641 -69.417465210 -0.166330248 0.980080724 0.108516976 -14.948125839 0.984898210 0.159759596 0.066727206 129.345245361
0.050141040 0.115424059 -0.992049992 -70.363250732 -0.164941221 0.980617046 0.105757266 -14.950959206 0.985028028 0.158327147 0.068207361 129.423812866
0.050792571 0.113931224 -0.992189467 -71.309242249 -0.162886232 0.981114328 0.104320966 -14.955540657 0.985336542 0.156315252 0.068391152 129.509811401
0.051428698 0.110562839 -0.992537558 -72.253929138 -0.159905925 0.981941700 0.101096943 -14.966598511 0.985791564 0.153513372 0.068179637 129.597381592
0.051214971 0.109819263 -0.992631376 -73.244110107 -0.158286914 0.982264698 0.100505523 -14.957109451 0.986064017 0.151973188 0.067689605 129.679565430
0.050851457 0.114615336 -0.992107689 -74.196922302 -0.154996455 0.982262135 0.105533421 -14.961563110 0.986605406 0.148406655 0.067714438 129.765457153
0.050348721 0.116565876 -0.991905987 -75.158866882 -0.149012089 0.982925832 0.107946739 -14.969435692 0.987552762 0.142371029 0.066858783 129.860397339
0.049641091 0.111992821 -0.992468417 -76.117614746 -0.146240041 0.983798862 0.103699923 -14.959441185 0.988002896 0.139990851 0.065214686 129.942611694
0.048309609 0.107798815 -0.992998302 -77.069656372 -0.148314580 0.983912230 0.099596895 -14.959939957 0.987759590 0.142464697 0.063520536 130.015350342
0.047099095 0.105207965 -0.993334234 -78.018554688 -0.144792795 0.984654129 0.097423233 -14.965784073 0.988340378 0.139239073 0.061609678 130.096069336
0.045593437 0.105899900 -0.993331075 -78.984725952 -0.145035908 0.984530747 0.098304614 -14.969314575 0.988375366 0.139586598 0.060247436 130.166046143
0.044666275 0.107008569 -0.993254304 -79.934135437 -0.146172255 0.984246135 0.099464752 -14.973793030 0.988250196 0.140743524 0.059604298 130.239318848
0.043214448 0.107284017 -0.993288875 -80.888488770 -0.147737429 0.983973265 0.099850349 -14.978359222 0.988081992 0.142430946 0.058371738 130.311721802
0.042276394 0.108428270 -0.993204892 -81.838806152 -0.147516057 0.983875751 0.101130702 -14.983561516 0.988155723 0.142238274 0.057589632 130.374496460
0.039745223 0.108686507 -0.993281186 -82.808639526 -0.147585720 0.983802140 0.101743773 -14.987115860 0.988250434 0.142550275 0.055142008 130.446517944
0.038283035 0.110987052 -0.993084252 -83.757522583 -0.147618368 0.983537018 0.104229420 -14.982728004 0.988303185 0.142607272 0.054036509 130.520965576
0.036683891 0.114756338 -0.992716134 -84.711296082 -0.148949891 0.982916117 0.108119331 -14.977206230 0.988164008 0.143898711 0.053150132 130.579772949
0.033897217 0.119880944 -0.992209435 -85.655288696 -0.150028497 0.982140839 0.113538928 -14.971604347 0.988100410 0.145011023 0.051277392 130.649459839
0.031887934 0.119512700 -0.992320478 -86.598472595 -0.149864167 0.982173145 0.113474742 -14.968093872 0.988192141 0.145094812 0.049230143 130.712600708
0.030652609 0.115294531 -0.992858291 -87.546424866 -0.150757849 0.982494593 0.109436698 -14.971297264 0.988095343 0.146326691 0.047497585 130.769165039
0.028942287 0.109642997 -0.993549585 -88.494583130 -0.154415756 0.982524633 0.103928186 -14.955181122 0.987581968 0.150411785 0.045367107 130.820022583
0.027680730 0.107661247 -0.993802130 -89.436218262 -0.152292937 0.983031690 0.102252580 -14.955345154 0.987947702 0.148518652 0.043607075 130.885177612
0.027554326 0.108556844 -0.993708313 -90.408142090 -0.147393093 0.983661234 0.103372216 -14.955109596 0.988694131 0.143617377 0.043104649 130.931991577
0.027049953 0.109803014 -0.993585289 -91.357048035 -0.144480914 0.983941734 0.104803860 -14.954964638 0.989137828 0.140719160 0.042480018 130.991683960
0.025786331 0.109831423 -0.993615687 -92.303131104 -0.139078036 0.984674096 0.105233714 -14.961769104 0.989945590 0.135476515 0.040666278 131.057067871
0.024354279 0.107080996 -0.993951976 -93.244888306 -0.135099009 0.985478878 0.102857903 -14.967314720 0.990532815 0.131776884 0.038467165 131.121292114
0.023666227 0.103726625 -0.994324207 -94.190391541 -0.130019382 0.986474812 0.099813133 -14.971481323 0.991228938 0.126919225 0.036832608 131.182342529
0.021721765 0.106532238 -0.994071960 -95.171569824 -0.128011748 0.986418545 0.102914818 -14.979207993 0.991534889 0.125017390 0.035064127 131.241470337
0.020568347 0.108813688 -0.993849337 -96.119438171 -0.127428874 0.986237705 0.105343081 -14.978035927 0.991634429 0.124478370 0.034151286 131.294250488
0.019203901 0.106935769 -0.994080484 -97.077178955 -0.123214714 0.986937940 0.103787139 -14.977902412 0.992194235 0.120492212 0.032129113 131.342376709
0.017646816 0.103572264 -0.994465351 -98.025520325 -0.120432340 0.987598956 0.100720041 -14.978316307 0.992564678 0.117988408 0.029901430 131.387329102
0.013237214 0.102179058 -0.994677901 -98.992752075 -0.119297445 0.987821281 0.099887066 -14.989736557 0.992770314 0.117340326 0.025265696 131.444137573
0.010253409 0.101249419 -0.994808257 -99.948493958 -0.113839395 0.988510609 0.099435128 -14.999467850 0.993446231 0.112228811 0.021661777 131.494415283
0.008504920 0.101594023 -0.994789600 -100.906250000 -0.107024200 0.989203691 0.100108564 -14.996199608 0.994220018 0.105615146 0.019286118 131.531066895
0.005206496 0.109552287 -0.993967414 -101.870048523 -0.097364500 0.989313662 0.108529359 -15.001778603 0.995235145 0.096212067 0.015817365 131.601654053
0.002847801 0.117785111 -0.993034959 -102.826950073 -0.089269079 0.989104271 0.117062874 -14.998626709 0.996003449 0.088313967 0.013331340 131.652374268
-0.000709174 0.117271133 -0.993099689 -103.783187866 -0.084955573 0.989502549 0.116907030 -14.991921425 0.996384501 0.084452271 0.009261109 131.701980591
-0.003176519 0.107580028 -0.994191349 -104.730651855 -0.086463578 0.990443528 0.107450739 -14.997977257 0.996249974 0.086302646 0.006155590 131.730560303
-0.005299677 0.097998053 -0.995172501 -105.678314209 -0.088270746 0.991255879 0.098082438 -14.994038582 0.996082425 0.088364422 0.003397025 131.765106201
-0.005468025 0.099871464 -0.994985282 -106.642272949 -0.095850468 0.990366399 0.099934608 -14.999487877 0.995380759 0.095916241 0.004157377 131.777908325
-0.006480614 0.109056465 -0.994014382 -107.604461670 -0.099169828 0.989065051 0.109159984 -14.987119675 0.995049357 0.099283688 0.004405363 131.814300537
-0.008045091 0.120316483 -0.992703021 -108.567687988 -0.103140235 0.987340510 0.120502412 -14.974590302 0.994634271 0.103357077 0.004466226 131.841171265
-0.009583384 0.121977739 -0.992486537 -109.511421204 -0.109992854 0.986380696 0.122289397 -14.963397980 0.993886054 0.110338382 0.003963815 131.870407104
-0.009104202 0.119253792 -0.992822051 -110.498298645 -0.117706962 0.985832751 0.119493656 -14.947268486 0.993006647 0.117949970 0.005061781 131.882476807
-0.009410814 0.115064718 -0.993313432 -111.452087402 -0.125755727 0.985334456 0.115331866 -14.932923317 0.992016613 0.126000196 0.005197246 131.904907227
-0.006798720 0.116922759 -0.993117750 -112.417465210 -0.130294502 0.984570444 0.116808444 -14.912394524 0.991451979 0.130191937 0.008540574 131.922668457
-0.005636758 0.118415721 -0.992948055 -113.393905640 -0.138826966 0.983255684 0.118047945 -14.896651268 0.990300596 0.138513416 0.010896927 131.945922852
-0.004956395 0.121064544 -0.992632329 -114.358360291 -0.148042440 0.981617391 0.120460346 -14.879178047 0.988968611 0.147548720 0.013057408 131.962768555
-0.004982796 0.123701192 -0.992306888 -115.333023071 -0.153778061 0.980420828 0.122991681 -14.860543251 0.988092840 0.153207853 0.014137294 131.988250732
-0.004754089 0.123189189 -0.992371798 -116.304885864 -0.157694325 0.979873598 0.122393183 -14.850895882 0.987476468 0.157073304 0.014767830 132.024291992
-0.003277265 0.113677830 -0.993512273 -117.259613037 -0.156549364 0.981209219 0.112786524 -14.852087021 0.987664700 0.155903310 0.014580509 132.055236816
-0.002113252 0.102066271 -0.994775355 -118.208908081 -0.159618661 0.981988788 0.101093411 -14.842811584 0.987176478 0.158998370 0.014216491 132.092178345
