1.000000000 0.000000000 0.000000000 0.000000000 0.000000000 1.000000000 0.000000000 0.000000000 0.000000000 0.000000000 1.000000000 0.000000000
0.999997795 -0.001606840 -0.001369196 0.049838953 0.001603898 0.999996424 -0.002147021 -0.132259905 0.001372641 0.002144820 0.999996781 1.297115922
0.999997556 -0.000000888 -0.002170590 0.104719214 -0.000012970 0.999979615 -0.006384742 -0.266448289 0.002170551 0.006384755 0.999977291 2.600632191
0.999996006 0.002483063 -0.001307963 0.147988692 -0.002493319 0.999965787 -0.007898992 -0.405531675 0.001288305 0.007902222 0.999967933 3.903324604
0.999983490 0.005741367 0.000228759 0.193854421 -0.005739719 0.999961495 -0.006649571 -0.543684423 -0.000266928 0.006648147 0.999977887 5.216663837
0.999975860 0.006566035 0.002316969 0.243414432 -0.006558352 0.999972939 -0.003308995 -0.689888835 -0.002338633 0.003293720 0.999991775 6.535989285
0.999961376 0.006760572 0.005624950 0.300006866 -0.006749531 0.999975204 -0.001979525 -0.828121483 -0.005638194 0.001941483 0.999982178 7.839493275
0.999944508 0.005499252 0.008980772 0.356355816 -0.005481621 0.999983013 -0.001986586 -0.959673226 -0.008991547 0.001937247 0.999957621 9.143757820
0.999915183 0.004239014 0.012315617 0.434264421 -0.004216101 0.999989331 -0.001885898 -1.096770525 -0.012323480 0.001833814 0.999922395 10.442772865
0.999870062 0.002908834 0.015851000 0.497186661 -0.002872250 0.999993086 -0.002330279 -1.237931609 -0.015857669 0.002284449 0.999871671 11.746150970
0.999814093 0.001887142 0.019189462 0.574181318 -0.001826841 0.999993324 -0.003159400 -1.373588204 -0.019195298 0.003123756 0.999810874 13.036400795
0.999747515 0.001777689 0.022393147 0.648501754 -0.001704760 0.999993205 -0.003275398 -1.519708991 -0.022398820 0.003236397 0.999743819 14.363944054
0.999666810 0.001664787 0.025755657 0.732851744 -0.001553626 0.999989450 -0.004335376 -1.658462524 -0.025762599 0.004293918 0.999658823 15.660277367
0.999579608 0.002536899 0.028879581 0.814739108 -0.002412776 0.999987721 -0.004331946 -1.795620799 -0.028890213 0.004260445 0.999573529 16.960348129
0.999482155 0.002085737 0.032109875 0.904349327 -0.001957807 0.999989986 -0.004015033 -1.934186697 -0.032117926 0.003950089 0.999476314 18.246997833
0.999413311 0.000574693 0.034247898 1.003690839 -0.000448668 0.999993205 -0.003687352 -2.077509642 -0.034249786 0.003669823 0.999406576 19.546173096
0.999352813 -0.001884445 0.035923634 1.099937201 0.002064907 0.999985397 -0.004987052 -2.217839241 -0.035913713 0.005058002 0.999342144 20.821275711
0.999317527 -0.001663679 0.036900900 1.203412414 0.001906211 0.999976933 -0.006538322 -2.362342834 -0.036889166 0.006604203 0.999297559 22.130393982
0.999265075 -0.001528723 0.038300939 1.282101870 0.001884097 0.999955535 -0.009244096 -2.505923510 -0.038285103 0.009309466 0.999223530 23.420183182
0.999238133 -0.000966671 0.039015442 1.390458465 0.001387212 0.999941170 -0.010753191 -2.646693230 -0.039002761 0.010799122 0.999180734 24.702674866
0.999189436 -0.000317205 0.040253956 1.488719225 0.000776425 0.999934793 -0.011392956 -2.793118954 -0.040247716 0.011414974 0.999124527 25.973112106
0.999173343 -0.001998226 0.040603194 1.590015769 0.002418038 0.999944031 -0.010292884 -2.939775944 -0.040580347 0.010382554 0.999122322 27.256134033
0.999167144 -0.004976841 0.040500294 1.693624139 0.005346008 0.999945045 -0.009011967 -3.086841583 -0.040453214 0.009220976 0.999138892 28.534667969
0.999190331 -0.006371349 0.039724465 1.788529396 0.006757608 0.999931037 -0.009596796 -3.233374596 -0.039660584 0.009857467 0.999164581 29.825166702
0.999209285 -0.008015163 0.038942728 1.895134926 0.008492882 0.999890506 -0.012117344 -3.379658222 -0.038841341 0.012438498 0.999167979 31.092262268
0.999235868 -0.008200879 0.038215578 1.997241259 0.008673555 0.999887705 -0.012219382 -3.528395653 -0.038111087 0.012541510 0.999194801 32.378120422
0.999249041 -0.008859834 0.037720907 2.094843388 0.009343552 0.999876082 -0.012666744 -3.671266794 -0.037604004 0.013009677 0.999208093 33.641952515
0.999267876 -0.009449013 0.037073366 2.192864418 0.009922780 0.999871135 -0.012616031 -3.817110300 -0.036949378 0.012974665 0.999232888 34.913494110
0.999276936 -0.009915464 0.036704790 2.283365011 0.010402127 0.999860168 -0.013091733 -3.962157726 -0.036569852 0.013464075 0.999240339 36.173343658
0.999319732 -0.010430225 0.035376467 2.395271301 0.010905311 0.999852538 -0.013263026 -4.119007587 -0.035232916 0.013639795 0.999286056 37.462944031
0.999316275 -0.010054954 0.035578091 2.483551741 0.010471698 0.999878466 -0.011546528 -4.264490604 -0.035457663 0.011911196 0.999300182 38.728298187
0.999276161 -0.010069172 0.036682557 2.581177235 0.010459114 0.999890685 -0.010453787 -4.403050423 -0.036573283 0.010829885 0.999272287 39.988483429
0.999198318 -0.011802885 0.038250372 2.693740368 0.012142182 0.999888897 -0.008650272 -4.546679020 -0.038144026 0.009107780 0.999230802 41.237270355
0.999085307 -0.012926079 0.040759310 2.785326004 0.013339699 0.999862075 -0.009892241 -4.691690445 -0.040625818 0.010426911 0.999119997 42.501110077
0.998962998 -0.014183617 0.043263804 2.880379915 0.014765134 0.999804497 -0.013151343 -4.840154648 -0.043068815 0.013776501 0.998977125 43.752880096
0.998861551 -0.015329663 0.045173418 2.987946033 0.015980471 0.999773145 -0.014081134 -4.989702702 -0.044947304 0.014786993 0.998879910 45.018836975
0.998753309 -0.015493789 0.047453340 3.120905638 0.016120702 0.999787331 -0.012857043 -5.123317719 -0.047244053 0.013605997 0.998790681 46.257648468
0.998523951 -0.016683850 0.051687278 3.210097313 0.017198594 0.999806702 -0.009529970 -5.277299404 -0.051518288 0.010404851 0.998617828 47.517879486
0.998248994 -0.019703114 0.055773146 3.317280054 0.020149751 0.999769151 -0.007456987 -5.416857243 -0.055613343 0.008567744 0.998415589 48.735740662
0.998012543 -0.021842418 0.059109334 3.456503868 0.022359399 0.999717176 -0.008098882 -5.551242828 -0.058915719 0.009404435 0.998218656 50.001369476
0.997736037 -0.025122078 0.062383261 3.597287178 0.025907109 0.999594629 -0.011807033 -5.687341690 -0.062061358 0.013396474 0.997982442 51.230117798
0.997443259 -0.026192276 0.066489302 3.728011608 0.027055068 0.999560535 -0.012109102 -5.819362640 -0.066142924 0.013877017 0.997713625 52.471580505
0.997104228 -0.028613374 0.070458859 3.862497807 0.029355941 0.999523640 -0.009525977 -5.959122181 -0.070152752 0.011566779 0.997469187 53.692062378
0.996823788 -0.031392798 0.073190130 4.023125172 0.031911783 0.999473035 -0.005932113 -6.094994545 -0.072965346 0.008248899 0.997300446 54.884525299
0.996530831 -0.033568002 0.076154135 4.142371178 0.034021847 0.999410152 -0.004669791 -6.226852417 -0.075952448 0.007244495 0.997085094 56.142097473
0.996327281 -0.036508538 0.077453695 4.294201851 0.036718972 0.999324799 -0.001293970 -6.353457928 -0.077354155 0.004133237 0.996995091 57.347103119
0.996170580 -0.039333243 0.078083478 4.437820435 0.039457355 0.999221265 -0.000046604 -6.480130672 -0.078020848 0.003127393 0.996946752 58.568332672
0.996127665 -0.041283254 0.077622741 4.585798264 0.041675359 0.999125242 -0.003437564 -6.602593422 -0.077412941 0.006659207 0.996976793 59.759971619
0.996131837 -0.042655919 0.076823309 4.735214233 0.043365590 0.999030530 -0.007592572 -6.734934807 -0.076424949 0.010894693 0.997015834 60.966503143
0.996153712 -0.043909170 0.075826265 4.875029087 0.044908874 0.998924553 -0.011529005 -6.863968372 -0.075238481 0.014889935 0.997054398 62.146053314
0.996161997 -0.046117302 0.074393772 5.018603325 0.047260523 0.998788893 -0.013679637 -7.005001068 -0.073672824 0.017143022 0.997135103 63.363533020
0.996316016 -0.045978554 0.072389677 5.156648636 0.047079403 0.998798907 -0.013574261 -7.139234066 -0.071678624 0.016932316 0.997284055 64.538505554
0.996540129 -0.045280661 0.069694497 5.288285255 0.046308178 0.998840034 -0.013198140 -7.280697346 -0.069016024 0.016379908 0.997481048 65.760253906
0.996796966 -0.044434376 0.066493213 5.413656235 0.045284074 0.998909891 -0.011325764 -7.411207199 -0.065917499 0.014300571 0.997722566 66.934715271
0.997184634 -0.040738594 0.062952928 5.532622337 0.041291181 0.999118924 -0.007501317 -7.548315048 -0.062591866 0.010079601 0.997988284 68.127082825
0.997466028 -0.038788531 0.059639197 5.651213169 0.039167378 0.999219060 -0.005196156 -7.677277088 -0.059391078 0.007518901 0.998206437 69.300018311
0.997665465 -0.037791915 0.056879863 5.759063721 0.038310062 0.999233484 -0.008046430 -7.813880920 -0.056532167 0.010206717 0.998348534 70.474952698
0.997852564 -0.038186334 0.053217325 5.875332355 0.039050698 0.999120116 -0.015297757 -7.945716381 -0.052586339 0.017343085 0.998465717 71.658660889
0.997863829 -0.041954089 0.050076474 5.983587265 0.042904653 0.998915851 -0.018060118 -8.083544731 -0.049264494 0.020170052 0.998582006 72.826667786
0.997916639 -0.045806941 0.045432564 6.097918510 0.046460818 0.998829663 -0.013441928 -8.218325615 -0.044763654 0.015524756 0.998876989 74.002311707
0.997922659 -0.049628038 0.041078947 6.204980850 0.050019100 0.998711765 -0.008546635 -8.345774651 -0.040601883 0.010583614 0.999119401 75.162124634
0.997981131 -0.051767148 0.036794253 6.300461769 0.052008189 0.998630822 -0.005623968 -8.473831177 -0.036452737 0.007526217 0.999307036 76.351890564
0.998165965 -0.050985929 0.032637212 6.392909050 0.051122528 0.998686731 -0.003364261 -8.596986771 -0.032422826 0.005026588 0.999461591 77.510208130
0.998296618 -0.050821658 0.028654313 6.486618042 0.050922200 0.998698771 -0.002789793 -8.719942093 -0.028475244 0.004244181 0.999585509 78.665107727
0.998429596 -0.049523264 0.026188670 6.549664974 0.049667269 0.998753905 -0.004876702 -8.849051476 -0.025914527 0.006169762 0.999645114 79.843353271
0.998622894 -0.047225360 0.022848856 6.627458572 0.047461916 0.998823643 -0.009923821 -8.976672173 -0.022353323 0.010994606 0.999689698 80.986839294
0.998548508 -0.050471190 0.018803600 6.717065334 0.050747957 0.998605609 -0.014543680 -9.116656303 -0.018043339 0.015476814 0.999717414 82.150306702
0.998419583 -0.053673644 0.016658962 6.773227215 0.053937439 0.998419106 -0.015811287 -9.244768143 -0.015783977 0.016684841 0.999736249 83.284858704
0.998458803 -0.054025475 0.012698239 6.847599030 0.054180194 0.998456895 -0.012173220 -9.379681587 -0.012020982 0.012842452 0.999845207 84.436973572
0.998459697 -0.054511838 0.010332461 6.907951832 0.054612760 0.998459995 -0.009750728 -9.505528450 -0.009785021 0.010299996 0.999899030 85.569694519
0.998599350 -0.051996674 0.009778338 6.963153839 0.052107073 0.998576522 -0.011397627 -9.634536743 -0.009171779 0.011891186 0.999887228 86.712448120
0.998776674 -0.048719164 0.008464162 7.022229195 0.048840135 0.998697996 -0.014726583 -9.764595032 -0.007735676 0.015121957 0.999855757 87.844451904
0.998844087 -0.047544703 0.007067635 7.078583717 0.047659021 0.998719037 -0.016996415 -9.897024155 -0.006250492 0.017313607 0.999830544 88.962455750
0.998783588 -0.048887163 0.006434528 7.135099411 0.048993003 0.998646379 -0.017472414 -10.030210495 -0.005571640 0.017766410 0.999826670 90.078460693
0.998764813 -0.049361393 0.005701362 7.177885056 0.049443271 0.998660624 -0.015242322 -10.163670540 -0.004941343 0.015505387 0.999867558 91.197250366
0.998675466 -0.051252387 0.004519852 7.239855766 0.051304542 0.998607337 -0.012297468 -10.290213585 -0.003883283 0.012513069 0.999914169 92.306724548
0.998684525 -0.051072799 0.004561607 7.292904854 0.051124036 0.998621047 -0.011927245 -10.414763451 -0.003946159 0.012144762 0.999918461 93.445365906
0.998678446 -0.051179804 0.004675146 7.334585667 0.051240314 0.998589575 -0.013898734 -10.550392151 -0.003957218 0.014119923 0.999892414 94.587913513
0.998675108 -0.051287357 0.004205051 7.393657684 0.051353257 0.998528242 -0.017441787 -10.678392410 -0.003304319 0.017634623 0.999839067 95.687736511
0.998627484 -0.052260481 0.003457836 7.455392361 0.052315459 0.998461187 -0.018391620 -10.811272621 -0.002491361 0.018547278 0.999824882 96.792320251
0.998635054 -0.052050386 0.004328483 7.497767448 0.052117921 0.998490810 -0.017316405 -10.943882942 -0.003420625 0.017518366 0.999840617 97.868995667
0.998653471 -0.051645406 0.004890345 7.551246166 0.051700030 0.998593032 -0.011792675 -11.063992500 -0.004274427 0.012029627 0.999918520 98.958305359
0.998740733 -0.049788646 0.006169341 7.605529785 0.049840305 0.998720825 -0.008522042 -11.187146187 -0.005737148 0.008818792 0.999944627 100.024185181
0.998804867 -0.048203032 0.008081205 7.664704323 0.048273668 0.998795509 -0.008785753 -11.299036026 -0.007647971 0.009165363 0.999928653 101.077522278
0.998879254 -0.046282139 0.009923284 7.719070911 0.046382301 0.998872519 -0.010111892 -11.427565575 -0.009444097 0.010560823 0.999899626 102.120407104
0.998849392 -0.046346553 0.012324356 7.776381969 0.046502843 0.998837233 -0.012712695 -11.542859077 -0.011720836 0.013271185 0.999843240 103.134002686
0.998754263 -0.047908254 0.013953105 7.847498894 0.048092008 0.998756349 -0.013145756 -11.661976814 -0.013305962 0.013800411 0.999816239 104.145561218
0.998641849 -0.049596090 0.015955726 7.909881592 0.049796633 0.998682082 -0.012427490 -11.785985947 -0.015318342 0.013205154 0.999795437 105.153617859
0.998620093 -0.049519718 0.017484473 7.976847172 0.049714934 0.998703897 -0.010912198 -11.899261475 -0.016921440 0.011766380 0.999787569 106.114189148
0.998538136 -0.050618026 0.018958425 8.037847519 0.050803017 0.998664379 -0.009406406 -12.010396004 -0.018456971 0.010355798 0.999776006 107.067733765
0.998459578 -0.051371563 0.020961944 8.098947525 0.051588532 0.998618901 -0.009944250 -12.114763260 -0.020422148 0.011010327 0.999730766 107.986518860
0.998446763 -0.050899051 0.022662273 8.160568237 0.051091935 0.998661816 -0.008014242 -12.215976715 -0.022224033 0.009159653 0.999710977 108.888237000
0.998440921 -0.050048787 0.024715146 8.220362663 0.050207838 0.998721600 -0.005856987 -12.313402176 -0.024390418 0.007088749 0.999677360 109.758941650
0.998404920 -0.050292883 0.025656078 8.287555695 0.050377216 0.998726726 -0.002650921 -12.414731026 -0.025490085 0.003939175 0.999667287 110.613189697
0.998358488 -0.050292335 0.027404981 8.348170280 0.050379205 0.998727024 -0.002488271 -12.506043434 -0.027244955 0.003864828 0.999621212 111.439834595
0.998378754 -0.049299348 0.028449597 8.404120445 0.049371868 0.998778701 -0.001851799 -12.594687462 -0.028323561 0.003253406 0.999593496 112.254112244
0.998473823 -0.047048017 0.028921027 8.460090637 0.047111865 0.998888493 -0.001529954 -12.674444199 -0.028816899 0.002890143 0.999580503 113.036079407
0.998612583 -0.044522740 0.028115274 8.510898590 0.044488844 0.999008179 0.001830243 -12.752501488 -0.028168881 -0.000576887 0.999602973 113.787994385
0.998698533 -0.044452347 0.025003595 8.559385300 0.044399809 0.999010324 0.002652758 -12.836830139 -0.025096772 -0.001539150 0.999683857 114.536949158
0.998839080 -0.044422045 0.018633466 8.596784592 0.044379771 0.999011159 0.002675975 -12.909537315 -0.018733915 -0.001845920 0.999822795 115.234375000
0.999051034 -0.042771652 0.008222815 8.627626419 0.042761467 0.999084294 0.001411016 -12.982900620 -0.008275637 -0.001058057 0.999965191 115.904975891
0.999178529 -0.040131580 -0.005632551 8.629125595 0.040125217 0.999193907 -0.001236998 -13.052553177 0.005677652 0.001009974 0.999983430 116.543441772
0.998947680 -0.038642921 -0.024701314 8.633717537 0.038567632 0.999249816 -0.003517136 -13.123656273 0.024818692 0.002560763 0.999688685 117.167327881
0.998207211 -0.036952559 -0.047083311 8.602273941 0.036709294 0.999307930 -0.006021093 -13.190618515 0.047273215 0.004281902 0.998872757 117.755706787
0.996568263 -0.035490602 -0.074780211 8.563340187 0.035010871 0.999357164 -0.007716767 -13.258029938 0.075006008 0.005072165 0.997170150 118.323081970
0.993729353 -0.033163436 -0.106780559 8.492835045 0.032300435 0.999430120 -0.009801837 -13.324920654 0.107044764 0.006291314 0.994234264 118.864585876
0.989443719 -0.028715691 -0.142044321 8.379690170 0.027401874 0.999561787 -0.011197174 -13.388852119 0.142303601 0.007186691 0.989796996 119.414962769
0.983255029 -0.022642484 -0.180822879 8.280021667 0.021089457 0.999722302 -0.010506882 -13.448162079 0.181010574 0.006517489 0.983459532 119.925514221
0.974831998 -0.017155757 -0.222279906 8.138713837 0.015638048 0.999840796 -0.008586273 -13.504323006 0.222391829 0.004894149 0.974945009 120.427665710
0.963600516 -0.012664789 -0.267045975 7.968595505 0.011258750 0.999913394 -0.006795672 -13.564133644 0.267108887 0.003541710 0.963659883 120.924339294
0.949491620 -0.006319875 -0.313728631 7.778514862 0.004222929 0.999963939 -0.007363076 -13.619503975 0.313763797 0.005666324 0.949484110 121.390411377
0.932168663 0.001258141 -0.362022102 7.547981262 -0.004574924 0.999954998 -0.008304793 -13.673827171 0.361995339 0.009397693 0.932132542 121.873825073
0.911220849 0.005979067 -0.411874741 7.290710449 -0.010715131 0.999900341 -0.009190610 -13.724943161 0.411778688 0.012787965 0.911194146 122.307670593
0.886305630 0.010290098 -0.462986380 7.023834229 -0.015734963 0.999844968 -0.007899769 -13.777762413 0.462833226 0.014286682 0.886330247 122.721199036
0.857452154 0.013438794 -0.514388025 6.737812042 -0.020387983 0.999761164 -0.007865926 -13.819137573 0.514159441 0.017231990 0.857521474 123.121894836
0.826097369 0.023311052 -0.563044965 6.414859772 -0.031203499 0.999503374 -0.004400453 -13.870734215 0.562662721 0.021204177 0.826414526 123.488906860
0.792204559 0.035947073 -0.609195948 6.068675995 -0.043842278 0.999036610 0.001937607 -13.908531189 0.608678699 0.025173560 0.793017328 123.841140747
0.756185174 0.044689730 -0.652829885 5.715728760 -0.054931313 0.998479009 0.004723305 -13.950476646 0.652047932 0.032289103 0.757489860 124.159744263
0.716531754 0.048444644 -0.695870161 5.345249176 -0.062059060 0.998056948 0.005580381 -13.994946480 0.694788337 0.039186526 0.718145907 124.461112976
0.674047947 0.050166447 -0.736982226 4.970798492 -0.064626351 0.997870624 0.008817524 -14.043169022 0.735855162 0.041685041 0.675854623 124.743507385
0.630546391 0.053990562 -0.774271429 4.562541962 -0.068022951 0.997583270 0.014166147 -14.079439163 0.773164988 0.043735817 0.632695079 125.008628845
0.585620344 0.062752664 -0.808152735 4.138984680 -0.079371527 0.996646881 0.019873301 -14.111093521 0.806690037 0.052506119 0.588637531 125.239303589
0.539971352 0.071564943 -0.838635504 3.696617126 -0.090855010 0.995512664 0.026453335 -14.135061264 0.836765289 0.061910193 0.544050395 125.452377319
0.493529648 0.076554857 -0.866353214 3.241470337 -0.096431464 0.994793415 0.032970965 -14.158866882 0.864366531 0.067271568 0.498342305 125.652328491
0.446145535 0.078028351 -0.891552567 2.779132843 -0.095635876 0.994644463 0.039193388 -14.186207771 0.889835894 0.067778423 0.451218516 125.834899902
0.399210989 0.079195254 -0.913432419 2.302288055 -0.092958011 0.994624913 0.045607880 -14.203088760 0.912134528 0.066703692 0.404426992 126.009231567
0.353351235 0.082755312 -0.931823194 1.806972504 -0.094969548 0.994106889 0.052273847 -14.231790543 0.930657625 0.070023812 0.359128058 126.158111572
0.310035497 0.085983992 -0.946828783 1.307411194 -0.100596182 0.993278086 0.057262331 -14.249928474 0.945387900 0.077494010 0.316601157 126.272575378
0.268427610 0.087495662 -0.959318101 0.786191940 -0.105171561 0.992575407 0.061100774 -14.266875267 0.957541406 0.084491834 0.275636673 126.377365112
0.228852913 0.083962247 -0.969833374 0.260110855 -0.105364397 0.992557049 0.061066531 -14.282382965 0.967742026 0.088210657 0.235996172 126.482498169
0.193679675 0.078765318 -0.977897882 -0.277709961 -0.100608587 0.993111372 0.060064450 -14.302485466 0.975892484 0.086751647 0.200269923 126.577735901
0.163204178 0.073489495 -0.983851552 -0.826135635 -0.097991265 0.993498385 0.057954989 -14.322463989 0.981713831 0.086950362 0.169344410 126.659278870
0.137124583 0.071997471 -0.987933934 -1.392717361 -0.099051461 0.993352771 0.058644101 -14.341077805 0.985589027 0.089814760 0.143344551 126.724983215
0.114876613 0.071247131 -0.990821540 -1.986489296 -0.099377126 0.993245363 0.059899557 -14.354165077 0.988396406 0.091583930 0.121181011 126.785392761
0.095871687 0.072868466 -0.992722988 -2.579321861 -0.101712443 0.992813647 0.063052289 -14.371696472 0.990183413 0.094927348 0.102594361 126.847908020
0.079909809 0.071026132 -0.994268537 -3.188761711 -0.102689520 0.992737710 0.062663585 -14.394720078 0.991498530 0.097093515 0.086623147 126.904640198
0.065573990 0.069992013 -0.995389998 -3.807780266 -0.101547323 0.992826223 0.063122034 -14.424222946 0.992667198 0.096940026 0.072211087 126.959991455
0.053486902 0.067621417 -0.996276379 -4.445825577 -0.097260870 0.993313372 0.062198691 -14.446594238 0.993820667 0.093571886 0.059706185 127.004394531
0.041895859 0.065388024 -0.996980011 -5.100705624 -0.095021226 0.993593991 0.061172880 -14.463850021 0.994593263 0.092171371 0.047840729 127.034790039
0.031094154 0.063952617 -0.997468412 -5.770750046 -0.094108760 0.993704975 0.060777649 -14.482589722 0.995076239 0.091980681 0.036916923 127.077880859
0.021367468 0.065450050 -0.997627020 -6.442763329 -0.097470567 0.993237674 0.063074417 -14.504117966 0.995009005 0.095891535 0.027602427 127.101188660
0.013213277 0.065296642 -0.997778416 -7.120563507 -0.100254394 0.992923737 0.063651308 -14.531134605 0.994874239 0.099190615 0.019666048 127.116744995
0.006393110 0.064531162 -0.997895181 -7.814359188 -0.102313250 0.992720783 0.063541062 -14.550788879 0.994731665 0.101691686 0.012948965 127.141036987
0.001408439 0.065274559 -0.997866273 -8.511618614 -0.103085153 0.992560744 0.064781986 -14.567123413 0.994671524 0.102773957 0.008126797 127.157913208
-0.002280131 0.067880452 -0.997690856 -9.231574059 -0.105180368 0.992143095 0.067743391 -14.588086128 0.994450510 0.105091944 0.004877476 127.183570862
-0.003044385 0.071737006 -0.997418940 -9.968743324 -0.107479170 0.991622329 0.071648158 -14.612138748 0.994202673 0.107419886 0.004691355 127.185981750
-0.004208733 0.075091705 -0.997167706 -10.675132751 -0.110102907 0.991079032 0.075097896 -14.627664566 0.993911266 0.110107154 0.004096627 127.202262878
-0.004913277 0.080683485 -0.996727765 -11.415343285 -0.114939474 0.990088046 0.080712602 -14.634969711 0.993360281 0.114959925 0.004409141 127.212402344
-0.006099484 0.084464602 -0.996407807 -12.157144547 -0.118005171 0.989403307 0.084593184 -14.647686958 0.992994249 0.118097261 0.003932410 127.224037170
-0.007574254 0.085151672 -0.996339202 -12.905235291 -0.117845781 0.989348590 0.085450083 -14.668084145 0.993003011 0.118061595 0.002541187 127.246406555
-0.009101590 0.082114793 -0.996581256 -13.649353027 -0.115493320 0.989866495 0.082616307 -14.686345100 0.993266463 0.115850434 0.000474351 127.269332886
-0.010513683 0.078313813 -0.996873260 -14.410900116 -0.119131140 0.989729822 0.079009071 -14.688798904 0.992822886 0.119589329 -0.001076092 127.281631470
-0.011694552 0.080083698 -0.996719480 -15.177164078 -0.124365672 0.988931477 0.080917142 -14.701250076 0.992167532 0.124903992 -0.001605448 127.283966064
-0.013537506 0.083614215 -0.996406257 -15.945213318 -0.121287607 0.989002168 0.084640749 -14.715398788 0.992525101 0.121997543 -0.003247255 127.303146362
-0.015396873 0.083682612 -0.996373534 -16.722799301 -0.120459437 0.989078403 0.084931374 -14.732576370 0.992598832 0.121330261 -0.005148354 127.315368652
-0.016985133 0.082787782 -0.996422470 -17.510665894 -0.123191305 0.988799810 0.084254384 -14.743275642 0.992237508 0.124181658 -0.006596163 127.327102661
-0.017400641 0.082549699 -0.996434987 -18.298608780 -0.127894655 0.988215446 0.084102154 -14.748697281 0.991635084 0.128902152 -0.006637915 127.326324463
-0.018682668 0.087016463 -0.996031702 -19.102386475 -0.129871041 0.987554371 0.088711865 -14.756363869 0.991354883 0.131013036 -0.007149232 127.333618164
-0.019066364 0.091183037 -0.995651662 -19.916488647 -0.128206179 0.987388492 0.092881404 -14.763320923 0.991564274 0.129419580 -0.007135680 127.347389221
-0.018260121 0.094024792 -0.995402396 -20.736629486 -0.130295783 0.986854672 0.095607601 -14.778532028 0.991307020 0.131442532 -0.005769056 127.363105774
-0.016487967 0.092615701 -0.995565355 -21.555118561 -0.129696041 0.987090349 0.093975239 -14.782537460 0.991416633 0.130670369 -0.004263228 127.376571655
-0.015106934 0.092580557 -0.995590508 -22.386447906 -0.129817322 0.987094820 0.093760371 -14.786585808 0.991422892 0.130661324 -0.002893419 127.388404846
-0.015286742 0.091748007 -0.995664835 -23.217418671 -0.128275558 0.987372816 0.092953354 -14.793205261 0.991620719 0.129140437 -0.003324685 127.414916992
-0.014536791 0.093664974 -0.995497644 -24.055072784 -0.129189074 0.987081945 0.094759643 -14.799535751 0.991513371 0.129984945 -0.002248511 127.436820984
-0.014211324 0.095763646 -0.995302677 -24.893684387 -0.130867958 0.986662567 0.096800931 -14.800430298 0.991297960 0.131628916 -0.001489389 127.457786560
-0.013827003 0.098232575 -0.995067358 -25.760629654 -0.133580044 0.986060679 0.099199593 -14.798914909 0.990941584 0.134292796 -0.000512355 127.471786499
-0.012248359 0.099367499 -0.994975388 -26.624618530 -0.135766760 0.985670090 0.100109503 -14.795869827 0.990665138 0.136310741 0.001417962 127.486038208
-0.010594901 0.102373831 -0.994689465 -27.493352890 -0.142621994 0.984420478 0.102836072 -14.794504166 0.989720464 0.142954126 0.004170923 127.503578186
-0.008103561 0.106403448 -0.994289994 -28.375841141 -0.147424787 0.983330131 0.106432110 -14.789890289 0.989040077 0.147445470 0.007718031 127.519294739
-0.006040548 0.108180478 -0.994112849 -29.250497818 -0.149806663 0.982814252 0.107861221 -14.783304214 0.988696873 0.149576277 0.010269422 127.551734924
-0.002225780 0.109033570 -0.994035721 -30.145183563 -0.148735821 0.982945144 0.108150125 -14.784542084 0.988874435 0.148089424 0.014029378 127.578041077
0.000449047 0.109031171 -0.994038224 -31.038343430 -0.151448935 0.982579648 0.107705913 -14.778289795 0.988464952 0.150497675 0.016953878 127.607627869
0.002727957 0.112788111 -0.993615270 -31.938159943 -0.151869446 0.982140243 0.111068584 -14.769471169 0.988396764 0.150596827 0.019808307 127.643119812
0.005236657 0.114623040 -0.993395209 -32.851123810 -0.150609508 0.982167482 0.112533584 -14.762221336 0.988579452 0.149025470 0.022406593 127.687599182
0.007069872 0.115807906 -0.993246496 -33.743961334 -0.151192680 0.981976151 0.113417670 -14.757846832 0.988478959 0.149369746 0.024451753 127.730239868
0.009583154 0.114009738 -0.993433475 -34.647380829 -0.152430519 0.982034981 0.111231185 -14.750280380 0.988267720 0.150363654 0.026789555 127.764198303
0.009858431 0.115124337 -0.993302166 -35.559471130 -0.156838536 0.981233835 0.112168998 -14.741499901 0.987575054 0.154682249 0.027729355 127.808982849
0.010891259 0.115889043 -0.993202448 -36.453323364 -0.157656059 0.981037259 0.112740770 -14.736763954 0.987433970 0.155356467 0.028955342 127.849189758
0.011238396 0.112438202 -0.993595183 -37.350193024 -0.158277601 0.981330931 0.109260082 -14.734245300 0.987330675 0.156035930 0.028825032 127.884468079
0.012151894 0.108192652 -0.994055688 -38.257804871 -0.159304649 0.981641114 0.104894042 -14.735092163 0.987154663 0.157082990 0.029164394 127.932067871
0.012750025 0.107397176 -0.994134367 -39.155879974 -0.158962280 0.981789172 0.104024746 -14.728574753 0.987202287 0.156703591 0.029589932 127.974441528
0.012353198 0.111503683 -0.993687272 -40.059318542 -0.161145821 0.980995178 0.108076185 -14.725146294 0.986853182 0.158793435 0.030086780 128.020401001
0.012868842 0.117737472 -0.992961347 -41.001152039 -0.161590189 0.980235696 0.114134341 -14.712181091 0.986774027 0.158984050 0.031639714 128.058044434
0.013105053 0.116483971 -0.993106067 -41.895851135 -0.159435794 0.980728030 0.112928197 -14.711845398 0.987121344 0.156856745 0.031424206 128.105438232
0.013970166 0.105956689 -0.994272530 -42.788002014 -0.158402950 0.982047439 0.102428198 -14.717910767 0.987275720 0.156064779 0.030503213 128.152069092
0.014150588 0.095577903 -0.995321393 -43.708400726 -0.160578132 0.982718229 0.092084698 -14.721462250 0.986921668 0.158523783 0.029253760 128.194549561
0.013221142 0.092469625 -0.995627761 -44.610279083 -0.157475859 0.983481467 0.089250363 -14.728701591 0.987434328 0.155607313 0.027564481 128.241287231
0.013054192 0.102357790 -0.994661987 -45.532619476 -0.150061339 0.983681560 0.099258363 -14.731283188 0.988590539 0.147964567 0.028201113 128.293930054
0.012925844 0.115783550 -0.993190348 -46.481487274 -0.145023599 0.982987940 0.112706780 -14.728574753 0.989343762 0.142579213 0.029497297 128.355957031
0.013040855 0.124814987 -0.992094398 -47.402301788 -0.145099804 0.981912911 0.121626765 -14.719398499 0.989331067 0.142366573 0.030915616 128.404602051
0.012850127 0.119066358 -0.992803156 -48.319850922 -0.145180985 0.982586026 0.115961902 -14.715122223 0.989321649 0.142646030 0.029912526 128.447601318
0.013198550 0.105571039 -0.994324148 -49.248119354 -0.145357236 0.984050035 0.102550745 -14.712722778 0.989291131 0.143178672 0.028333550 128.485977173
0.013821821 0.096727625 -0.995214939 -50.164253235 -0.145793334 0.984868109 0.093697175 -14.711944580 0.989218473 0.143800661 0.027714916 128.532424927
0.014288534 0.096745752 -0.995206594 -51.099998474 -0.144650310 0.985038221 0.093680494 -14.719051361 0.989379644 0.142618388 0.028069057 128.578414917
0.013812609 0.098289832 -0.995061994 -52.036994934 -0.147930965 0.984406650 0.095183879 -14.731693268 0.988901258 0.145885780 0.028137334 128.617385864
0.014254901 0.097573638 -0.995126188 -52.984043121 -0.152747452 0.983758688 0.094270952 -14.735887527 0.988162458 0.150659189 0.028927505 128.661590576
0.014513863 0.097048931 -0.995173752 -53.916858673 -0.154231057 0.983584583 0.093669415 -14.737557411 0.987928271 0.152127191 0.029243572 128.709289551
0.015595781 0.104511797 -0.994401336 -54.863437653 -0.163530678 0.981397510 0.100580357 -14.733540535 0.986415029 0.161046475 0.032396551 128.743606567
0.017211381 0.113946863 -0.993337750 -55.809558868 -0.169147879 0.979497015 0.109428369 -14.728549004 0.985440433 0.166137546 0.036132365 128.783935547
0.018459726 0.122079372 -0.992348671 -56.780742645 -0.169447601 0.978542209 0.117228806 -14.722724915 0.985366285 0.165987119 0.038749684 128.835845947
0.019332152 0.123082682 -0.992208123 -57.723155975 -0.170768678 0.978217363 0.118019901 -14.715785980 0.985121369 0.167156503 0.039929714 128.885131836
0.020626897 0.113334365 -0.993342757 -58.661216736 -0.172431082 0.979069173 0.108125262 -14.710678101 0.984805524 0.169052884 0.039737526 128.939910889
0.021814343 0.108450808 -0.993862391 -59.606536865 -0.170941681 0.979864538 0.103171341 -14.708877563 0.985039592 0.167641893 0.039913867 128.996795654
0.023952562 0.106691621 -0.994003594 -60.564960480 -0.169606134 0.980308890 0.101134688 -14.712546349 0.985220730 0.166166648 0.041576464 129.054748535
0.027772753 0.112958297 -0.993211448 -61.520183563 -0.170961708 0.979492128 0.106617443 -14.709329605 0.984886169 0.166840091 0.046514731 129.105926514
0.030779853 0.115369022 -0.992845654 -62.486198425 -0.173985958 0.978770375 0.108339608 -14.716409683 0.984266937 0.169406548 0.050198991 129.174896240
0.034895785 0.109918952 -0.993327796 -63.439876556 -0.173370063 0.979529083 0.102301516 -14.712123871 0.984238267 0.168643430 0.053238083 129.237228394
0.037614115 0.104214869 -0.993843317 -64.399520874 -0.172495052 0.980295002 0.096265748 -14.725036621 0.984291911 0.167812124 0.054849476 129.318939209
0.040761027 0.104179390 -0.993722856 -65.363487244 -0.170549989 0.980679333 0.095816232 -14.730562210 0.984505594 0.165573895 0.057741296 129.394454956
0.043957520 0.108754531 -0.993096292 -66.318367004 -0.168094918 0.980690122 0.099955507 -14.736718178 0.984790266 0.162540659 0.061389785 129.472259521
0.047354594 0.115745008 -0.992149472 -67.292083740 -0.167819977 0.980066955 0.106325522 -14.740626335 0.984679699 0.161467522 0.065834992 129.548965454
0.050172694 0.119322658 -0.991587043 -68.269355774 -0.165457979 0.980111241 0.109569803 -14.739883423 0.984939814 0.158568591 0.068917707 129.634979248
0.051981863 0.120738946 -0.991322339 -69.228553772 -0.165242583 0.980020881 0.110697664 -14.739118576 0.984882116 0.158054397 0.070894539 129.722579956
0.053905927 0.118045546 -0.991543949 -70.180953979 -0.163428932 0.980640948 0.107862607 -14.734880447 0.985081375 0.156232506 0.072154395 129.809234619
0.055126257 0.116424240 -0.991668582 -71.132522583 -0.161618322 0.981122196 0.106201805 -14.736065865 0.985312521 0.154417306 0.072901882 129.889648438
0.055608574 0.112917505 -0.992047131 -72.083396912 -0.158177167 0.982033312 0.102911197 -14.744535446 0.985843658 0.151196420 0.072470434 129.974624634
0.054879121 0.112129241 -0.992177010 -73.058807373 -0.156832159 0.982308626 0.102339305 -14.736005783 0.986099362 0.149988994 0.071493700 130.079177856
0.054786082 0.116924569 -0.991628528 -74.015647888 -0.153576002 0.982289612 0.107338533 -14.737001419 0.986616850 0.146409720 0.071772605 130.165374756
0.053942662 0.119162150 -0.991408408 -74.976814270 -0.147320598 0.982938588 0.110128403 -14.748774529 0.987616718 0.140114248 0.070577368 130.266189575
0.052566860 0.114789963 -0.991998017 -75.941650391 -0.144424468 0.983801663 0.106188327 -14.740196228 0.988118529 0.137686774 0.068293840 130.359756470
0.052085482 0.110139318 -0.992550611 -76.906372070 -0.146682426 0.983963549 0.101489104 -14.728914261 0.987811387 0.140303582 0.067405723 130.429870605
0.050820123 0.107576646 -0.992897153 -77.855873108 -0.143189609 0.984695137 0.099359013 -14.733563423 0.988389552 0.137123138 0.065446191 130.514694214
0.049774081 0.108322680 -0.992868960 -78.824966431 -0.143544897 0.984556317 0.100219607 -14.733585358 0.988391340 0.137532935 0.064554550 130.584457397
0.048360173 0.109352604 -0.992825925 -79.775199890 -0.144299969 0.984326184 0.101387627 -14.736990929 0.988351703 0.138361618 0.063381754 130.669982910
0.046893727 0.109486297 -0.992881536 -80.728027344 -0.145910919 0.984064400 0.101622649 -14.738610268 0.988185704 0.140106812 0.062121693 130.746749878
0.045570344 0.110856451 -0.992791116 -81.679306030 -0.145815328 0.983917356 0.103172466 -14.744173050 0.988261759 0.140062585 0.061002020 130.816513062
0.043364465 0.111078754 -0.992865026 -82.639968872 -0.145566553 0.983896852 0.103717640 -14.745884895 0.988397777 0.140030295 0.058835503 130.891143799
0.041613754 0.112771377 -0.992749095 -83.599998474 -0.145322874 0.983726740 0.105654880 -14.733757019 0.988508701 0.139872447 0.057324823 130.969024658
0.040030770 0.116296276 -0.992407560 -84.553428650 -0.146608770 0.983137965 0.109296247 -14.725473404 0.988384247 0.141120434 0.056405820 131.031158447
0.037811704 0.121252805 -0.991901278 -85.502090454 -0.147918746 0.982355237 0.114447162 -14.717071533 0.988276482 0.142393291 0.055080090 131.098876953
0.035684135 0.121075585 -0.992001712 -86.449691772 -0.147792906 0.982358396 0.114582218 -14.712927818 0.988374352 0.142522037 0.052948732 131.165954590
0.034526765 0.115983389 -0.992650926 -87.394432068 -0.147801176 0.982913792 0.109704815 -14.709222794 0.988414228 0.142927200 0.051079314 131.229415894
0.032074455 0.111035712 -0.993298709 -88.343742371 -0.152256563 0.982753992 0.104940481 -14.696576118 0.987820387 0.147870332 0.048427224 131.291473389
0.031080179 0.108986415 -0.993557155 -89.287078857 -0.150095493 0.983274519 0.103163198 -14.694958687 0.988182843 0.145922124 0.046918720 131.356597900
0.030600168 0.110121816 -0.993446887 -90.254554749 -0.145306364 0.983843863 0.104581602 -14.696222305 0.988913417 0.141153947 0.046107184 131.411254883
0.030145785 0.111396044 -0.993318737 -91.203826904 -0.142325640 0.984122753 0.106045395 -14.694883347 0.989360690 0.138177916 0.045521673 131.473480225
0.028842116 0.111197911 -0.993379593 -92.156623840 -0.137258947 0.984819710 0.106254496 -14.696501732 0.990115166 0.133285642 0.043667194 131.542938232
0.027637487 0.108299926 -0.993734062 -93.099296570 -0.133269757 0.985638499 0.103711188 -14.700058937 0.990694344 0.129568398 0.041673679 131.608016968
0.026751760 0.105195671 -0.994091630 -94.044471741 -0.128083378 0.986611545 0.100957282 -14.705306053 0.991402566 0.124625809 0.039867412 131.674911499
0.024912804 0.107560687 -0.993886352 -95.034484863 -0.126172289 0.986582994 0.103607677 -14.704208374 0.991695583 0.122819737 0.038149722 131.732406616
0.023532201 0.109921731 -0.993661582 -95.980918884 -0.125520870 0.986396313 0.106145382 -14.703514099 0.991811872 0.122227468 0.037009552 131.792556763
0.022178592 0.107718274 -0.993934095 -96.942115784 -0.121403635 0.987111390 0.104269870 -14.700936317 0.992355406 0.118354648 0.034970131 131.843200684
0.020406362 0.104932740 -0.994269967 -97.891403198 -0.118468270 0.987724543 0.101810515 -14.703183174 0.992748082 0.115711853 0.032587063 131.891708374
0.016628968 0.101988271 -0.994646549 -98.865127563 -0.117037177 0.988144159 0.099364839 -14.696890831 0.992988288 0.114758275 0.028368235 131.949356079
0.014025398 0.101074919 -0.994779885 -99.819885254 -0.111480571 0.988833129 0.098898925 -14.707305908 0.993667603 0.109511524 0.025136668 131.999496460
0.011792118 0.101052351 -0.994811237 -100.779098511 -0.104684867 0.989537954 0.099275798 -14.702652931 0.994435489 0.102970995 0.022247398 132.043945312
0.009354607 0.108751319 -0.994024932 -101.747360229 -0.094740495 0.989693165 0.107385799 -14.700974464 0.995458066 0.093169861 0.019561347 132.107986450
0.006899826 0.116739877 -0.993138552 -102.704582214 -0.086698361 0.989492178 0.115708932 -14.697407722 0.996210754 0.085305102 0.016948480 132.163604736
0.003175479 0.116580322 -0.993176162 -103.664947510 -0.082365006 0.989837110 0.115925029 -14.694043159 0.996597111 0.081434853 0.012745345 132.216827393
0.001205197 0.106181271 -0.994346082 -104.617218018 -0.083136082 0.990915120 0.105714150 -14.692391396 0.996537566 0.082538627 0.010021744 132.246810913
-0.000926328 0.096587770 -0.995324135 -105.563903809 -0.084812813 0.991730571 0.096318007 -14.690128326 0.996396422 0.084505461 0.007273213 132.286087036
-0.001234196 0.098026082 -0.995183051 -106.523910522 -0.092032485 0.990949094 0.097723186 -14.692825317 0.995755136 0.091709778 0.007798559 132.307037354
-0.002105251 0.107608810 -0.994191110 -107.485397339 -0.095444046 0.989632964 0.107317545 -14.685589790 0.995432496 0.095115542 0.008187195 132.344390869
-0.003569080 0.119141705 -0.992870927 -108.449058533 -0.099533953 0.987904310 0.118903533 -14.676189423 0.995027721 0.099248752 0.008332737 132.374221802
-0.004890328 0.120865345 -0.992656946 -109.391181946 -0.106592037 0.986950219 0.120695651 -14.667184830 0.994290829 0.106399558 0.008056776 132.405563354
-0.004747493 0.117778011 -0.993028581 -110.373687744 -0.113723084 0.986533701 0.117551371 -14.650363922 0.993501127 0.113488361 0.008710517 132.426177979
-0.004914729 0.113929339 -0.993476748 -111.328773499 -0.121900782 0.986011147 0.113676250 -14.639760017 0.992530107 0.121664278 0.009042097 132.451141357
-0.002615675 0.116053492 -0.993239522 -112.294334412 -0.126622379 0.985209882 0.115448728 -14.623233795 0.991947532 0.126068324 0.012117981 132.476089478
-0.001021789 0.116889365 -0.993144333 -113.274803162 -0.134462520 0.984109759 0.115964361 -14.604349136 0.990918159 0.133659139 0.014711682 132.500381470
-0.000541273 0.119665205 -0.992814183 -114.238380432 -0.143681839 0.982503474 0.118500784 -14.589508057 0.989623904 0.142713502 0.016661916 132.523513794
-0.000301816 0.122009069 -0.992528915 -115.213180542 -0.149223953 0.981410503 0.120687708 -14.571439743 0.988803387 0.148145512 0.017910473 132.552200317
-0.000212553 0.121416040 -0.992601693 -116.181213379 -0.152693123 0.980958164 0.120024472 -14.564492226 0.988273621 0.151588932 0.018330883 132.594024658
0.001422207 0.112119362 -0.993693769 -117.136894226 -0.151711315 0.982216775 0.110607266 -14.568831444 0.988423765 0.150597304 0.018406693 132.627212524
0.002600167 0.100373738 -0.994946361 -118.085723877 -0.154694468 0.983013213 0.098765612 -14.560439110 0.987958908 0.153655902 0.018083258 132.668807983
