1.000000000 0.000000000 0.000000000 0.000000000 0.000000000 1.000000000 0.000000000 0.000000000 0.000000000 0.000000000 1.000000000 0.000000000
0.999997795 -0.001546559 -0.001401941 0.050621994 0.001543574 0.999996543 -0.002127496 -0.132559374 0.001405226 0.002125328 0.999996781 1.297739387
0.999997675 -0.000048277 -0.002142886 0.102971539 0.000034673 0.999979854 -0.006347809 -0.268881232 0.002143149 0.006347720 0.999977529 2.604066372
0.999996066 0.002475125 -0.001261510 0.145761579 -0.002485050 0.999965489 -0.007927809 -0.406633943 0.001241844 0.007930914 0.999967694 3.907393456
0.999983311 0.005767972 0.000249257 0.190643981 -0.005766199 0.999961495 -0.006612311 -0.546192765 -0.000287387 0.006610763 0.999978065 5.221861839
0.999975085 0.006634043 0.002409700 0.242034346 -0.006626124 0.999972641 -0.003280045 -0.690129578 -0.002431394 0.003263996 0.999991715 6.540059090
0.999960542 0.006796584 0.005724660 0.298296988 -0.006785269 0.999974966 -0.001994008 -0.827300310 -0.005738069 0.001955086 0.999981642 7.842987061
0.999944210 0.005348967 0.009108543 0.353370726 -0.005331837 0.999983966 -0.001903863 -0.961166739 -0.009118580 0.001855192 0.999956667 9.146286964
0.999912977 0.004012283 0.012572553 0.427105159 -0.003989569 0.999990404 -0.001831241 -1.097795129 -0.012579780 0.001780923 0.999919295 10.442735672
0.999869406 0.002769574 0.015918983 0.493456334 -0.002730764 0.999993205 -0.002459164 -1.237237930 -0.015925685 0.002415372 0.999870241 11.752333641
0.999810696 0.001842713 0.019369075 0.568530321 -0.001780174 0.999993205 -0.003245525 -1.374067783 -0.019374918 0.003210430 0.999807119 13.044523239
0.999741673 0.001688494 0.022663375 0.637683988 -0.001611666 0.999992907 -0.003407798 -1.519400835 -0.022668971 0.003370393 0.999737263 14.368080139
0.999660909 0.001519985 0.025998568 0.723238230 -0.001404189 0.999988973 -0.004471586 -1.657591820 -0.026005074 0.004433562 0.999651968 15.664195061
0.999569654 0.002447815 0.029231988 0.802498817 -0.002321710 0.999987960 -0.004347099 -1.797325730 -0.029242275 0.004277361 0.999563217 16.966220856
0.999472201 0.002052206 0.032422699 0.892340660 -0.001927045 0.999990523 -0.003891070 -1.936950922 -0.032430381 0.003826536 0.999466717 18.252805710
0.999402881 0.000630329 0.034545466 0.991362810 -0.000509954 0.999993682 -0.003493242 -2.080642700 -0.034547448 0.003473539 0.999397039 19.553686142
0.999342084 -0.001847360 0.036223534 1.087763548 0.002026135 0.999985933 -0.004899241 -2.219950676 -0.036213979 0.004969412 0.999331713 20.830652237
0.999306738 -0.001645598 0.037192546 1.189159989 0.001893814 0.999976158 -0.006639566 -2.361067295 -0.037180725 0.006705401 0.999286056 22.138360977
0.999266565 -0.001536982 0.038261846 1.272644043 0.001902943 0.999952793 -0.009530061 -2.502909899 -0.038245395 0.009595883 0.999222279 23.427206039
0.999221265 -0.001138197 0.039438542 1.376644373 0.001567211 0.999939919 -0.010848837 -2.645234585 -0.039423820 0.010902199 0.999163210 24.707035065
0.999190986 -0.000362618 0.040214304 1.480622888 0.000821155 0.999934852 -0.011386402 -2.795540571 -0.040207557 0.011410212 0.999126196 25.975522995
0.999164164 -0.002121614 0.040821910 1.578876257 0.002550147 0.999942183 -0.010448432 -2.938660860 -0.040797371 0.010543803 0.999111831 27.270534515
0.999167442 -0.005072097 0.040480867 1.685767889 0.005451188 0.999942362 -0.009259826 -3.085398436 -0.040431555 0.009472786 0.999137402 28.549755096
0.999184847 -0.006594638 0.039826628 1.780078411 0.006989169 0.999927819 -0.009775104 -3.231714725 -0.039759289 0.010045491 0.999158800 29.840812683
0.999190092 -0.008121765 0.039411299 1.877734900 0.008613559 0.999886930 -0.012324784 -3.378200531 -0.039306749 0.012654272 0.999147117 31.099687576
0.999233961 -0.008504434 0.038198993 1.995507002 0.008987176 0.999881685 -0.012483645 -3.524783134 -0.038088299 0.012817384 0.999192178 32.390998840
0.999248683 -0.009080172 0.037680473 2.093807697 0.009569904 0.999871790 -0.012836948 -3.668662548 -0.037559085 0.013187902 0.999207437 33.657119751
0.999265254 -0.009692535 0.037080880 2.193753242 0.010177159 0.999864876 -0.012902954 -3.813677549 -0.036950804 0.013270852 0.999228954 34.925655365
0.999273181 -0.010102492 0.036755819 2.285439014 0.010609059 0.999850988 -0.013613109 -3.956326485 -0.036612816 0.013993160 0.999231577 36.187908173
0.999316692 -0.010837643 0.035336841 2.398252726 0.011321723 0.999844372 -0.013527851 -4.116661549 -0.035184734 0.013918682 0.999283910 37.476425171
0.999319375 -0.010422432 0.035384845 2.488611221 0.010843211 0.999872506 -0.011720477 -4.262923717 -0.035258181 0.012096185 0.999305010 38.732963562
0.999284327 -0.010545256 0.036326338 2.594322681 0.010938946 0.999883413 -0.010656008 -4.402917862 -0.036209729 0.011045755 0.999283195 40.005798340
0.999205649 -0.012244038 0.037920929 2.707013130 0.012598463 0.999879122 -0.009121650 -4.545584679 -0.037804648 0.009592151 0.999239147 41.258068085
0.999092817 -0.013485184 0.040393766 2.800242186 0.013904094 0.999852180 -0.010107693 -4.693162918 -0.040251493 0.010660162 0.999132693 42.513244629
0.998967946 -0.014739915 0.042960905 2.895917416 0.015320610 0.999795198 -0.013219042 -4.842101097 -0.042757262 0.013863588 0.998989284 43.762928009
0.998872042 -0.015884602 0.044744011 3.004637718 0.016544027 0.999759376 -0.014406213 -4.985619068 -0.044504412 0.015130211 0.998894632 45.021133423
0.998756707 -0.015938397 0.047232598 3.132208586 0.016581850 0.999774635 -0.013262643 -5.118427277 -0.047010571 0.014029359 0.998795867 46.256381989
0.998550713 -0.017263243 0.050976999 3.236273050 0.017780637 0.999794841 -0.009713614 -5.279018879 -0.050798848 0.010605939 0.998652518 47.519001007
0.998280287 -0.020180004 0.055037942 3.349794149 0.020646246 0.999755502 -0.007915811 -5.414555073 -0.054864738 0.009038524 0.998452842 48.742328644
0.998057067 -0.022316974 0.058172014 3.491803646 0.022830825 0.999705851 -0.008183623 -5.556216717 -0.057972264 0.009495838 0.998273015 50.006488800
0.997773111 -0.025464708 0.061647363 3.628607273 0.026247382 0.999584377 -0.011919478 -5.691211224 -0.061318222 0.013511017 0.998026788 51.237533569
0.997498512 -0.027217353 0.065237761 3.768143177 0.028058706 0.999534070 -0.012015153 -5.826964378 -0.064880341 0.013815582 0.997797430 52.467338562
0.997156084 -0.029584613 0.069314331 3.898914576 0.030322611 0.999493957 -0.009619017 -5.965305805 -0.068994671 0.011693455 0.997548521 53.688098907
0.996873140 -0.032411780 0.072065167 4.053465366 0.032937370 0.999438703 -0.006116498 -6.102633476 -0.071826473 0.008471010 0.997381151 54.897380829
0.996641695 -0.035012510 0.074023128 4.204841614 0.035432205 0.999362528 -0.004363866 -6.234433651 -0.073823161 0.006972015 0.997246921 56.113842010
0.996446729 -0.038129367 0.075100198 4.359928131 0.038332790 0.999264240 -0.001268577 -6.358052254 -0.074996583 0.004142870 0.997175157 57.326663971
0.996257007 -0.041040841 0.076075643 4.504101753 0.041151613 0.999152899 0.000111622 -6.487140656 -0.076015778 0.003019431 0.997102022 58.533870697
0.996230423 -0.043443453 0.075084105 4.661109447 0.043778587 0.999037206 -0.002822622 -6.614395142 -0.074889198 0.006099059 0.997173190 59.739578247
0.996226847 -0.044549920 0.074480556 4.805967808 0.045197632 0.998953283 -0.007032808 -6.743472099 -0.074089281 0.010372616 0.997197628 60.927692413
0.996235788 -0.045818668 0.073585883 4.935826302 0.046763390 0.998843491 -0.011166375 -6.870935440 -0.072989158 0.014565468 0.997226357 62.131851196
0.996292889 -0.047298599 0.071857244 5.080614567 0.048401080 0.998734295 -0.013678759 -7.002535343 -0.071119301 0.017106019 0.997321188 63.322399139
0.996407032 -0.047739714 0.069956809 5.214534760 0.048827153 0.998710275 -0.013916814 -7.135508537 -0.069202192 0.017282605 0.997453034 64.510368347
0.996630013 -0.047407091 0.066941783 5.351362705 0.048387595 0.998742759 -0.013101712 -7.272064209 -0.066236503 0.016296716 0.997670829 65.687263489
0.996883929 -0.046091370 0.064015396 5.468667984 0.046891257 0.998838902 -0.011048724 -7.414256096 -0.063431829 0.014016060 0.997887731 66.884506226
0.997269332 -0.042467590 0.060417812 5.587708473 0.042995639 0.999047339 -0.007466466 -7.543369770 -0.060043171 0.010043780 0.998145282 68.058265686
0.997499287 -0.040796991 0.057713076 5.696437359 0.041163586 0.999139071 -0.005177036 -7.667366028 -0.057452179 0.007539766 0.998319805 69.222297668
0.997766435 -0.038959425 0.054260269 5.817004204 0.039461140 0.999187350 -0.008205720 -7.812599659 -0.053896483 0.010328564 0.998493135 70.431503296
0.997940004 -0.039274815 0.050726835 5.925615311 0.040084384 0.999083042 -0.015041491 -7.940726280 -0.050089564 0.017043861 0.998599231 71.589660645
0.998013794 -0.042807039 0.046218194 6.039155960 0.043689173 0.998878539 -0.018247554 -8.075411797 -0.045385238 0.020230547 0.998764694 72.762298584
0.998015761 -0.046724163 0.042209629 6.155446053 0.047329955 0.998788476 -0.013467653 -8.213293076 -0.041529227 0.015438705 0.999018013 73.949844360
0.998029470 -0.050273541 0.037547439 6.262074471 0.050639443 0.998677731 -0.008857727 -8.337306023 -0.037052475 0.010741652 0.999255598 75.106575012
0.998066187 -0.052504018 0.033274423 6.351349354 0.052717850 0.998593867 -0.005581046 -8.471570969 -0.032934610 0.007324410 0.999430597 76.294418335
0.998249769 -0.051496293 0.029077385 6.440879345 0.051614191 0.998661578 -0.003318168 -8.593662262 -0.028867591 0.004813166 0.999571621 77.453987122
0.998372555 -0.051176228 0.025160395 6.530314445 0.051283721 0.998677492 -0.003645416 -8.706082344 -0.024940558 0.004929802 0.999676764 78.610046387
0.998520494 -0.049770452 0.021902317 6.600481033 0.049891919 0.998741925 -0.005034011 -8.843591690 -0.021624215 0.006119312 0.999747396 79.785659790
0.998705029 -0.047390658 0.018504392 6.675562859 0.047582809 0.998816371 -0.010085313 -8.972128868 -0.018004540 0.010952745 0.999777913 80.930305481
0.998610318 -0.050686546 0.014432782 6.760280132 0.050900474 0.998593092 -0.014862205 -9.111149788 -0.013659164 0.015576187 0.999785423 82.092033386
0.998453259 -0.054281604 0.012025064 6.818029404 0.054466076 0.998393893 -0.015583891 -9.244768143 -0.011159834 0.016214743 0.999806225 83.224662781
0.998493314 -0.054382879 0.007316637 6.896794319 0.054471891 0.998436153 -0.012572415 -9.372262955 -0.006621470 0.012952021 0.999894142 84.385704041
0.998478472 -0.054933608 0.004816755 6.953102112 0.054979518 0.998437524 -0.009981792 -9.499814034 -0.004260893 0.010231426 0.999938548 85.518318176
0.998613596 -0.052497976 0.003846943 7.003228188 0.052539602 0.998550653 -0.011664702 -9.628288269 -0.003228995 0.011850647 0.999924600 86.660270691
0.998780131 -0.049320158 0.002403415 7.063148499 0.049350876 0.998667717 -0.015073426 -9.758457184 -0.001656790 0.015173649 0.999883413 87.786666870
0.998836875 -0.048203450 0.001167672 7.111664772 0.048216522 0.998683035 -0.017530244 -9.890359879 -0.000321116 0.017566158 0.999845564 88.905540466
0.998785436 -0.049272340 -0.000026861 7.165559769 0.049264036 0.998626888 -0.017818354 -10.025568008 0.000904776 0.017795390 0.999841213 90.021667480
0.998747230 -0.050037388 -0.000465100 7.204076767 0.050023861 0.998623550 -0.015769217 -10.157337189 0.001253510 0.015726198 0.999875486 91.141769409
0.998650014 -0.051914658 -0.001721899 7.259912968 0.051888350 0.998570204 -0.012850241 -10.284619331 0.002386552 0.012743547 0.999915957 92.251419067
0.998653591 -0.051852182 -0.001531758 7.304220676 0.051829435 0.998579800 -0.012331717 -10.410732269 0.002169010 0.012235723 0.999922752 93.389106750
0.998648643 -0.051920205 -0.002245957 7.349220276 0.051882111 0.998546898 -0.014580308 -10.543405533 0.002999705 0.014444080 0.999891162 94.532608032
0.998641789 -0.052029300 -0.002768873 7.401492119 0.051970541 0.998482585 -0.018206738 -10.671380997 0.003711956 0.018038109 0.999830365 95.632316589
0.998589098 -0.053011041 -0.003115159 7.450806618 0.052941281 0.998410702 -0.019322783 -10.803537369 0.004134529 0.019130599 0.999808431 96.735671997
0.998559892 -0.053573370 -0.002830938 7.498381615 0.053513508 0.998402417 -0.018133827 -10.932995796 0.003797905 0.017956218 0.999831498 97.810340881
0.998583972 -0.053141668 -0.002440465 7.546239376 0.053107072 0.998510003 -0.012545838 -11.054740906 0.003103535 0.012398468 0.999918342 98.899986267
0.998669922 -0.051539253 -0.001462913 7.599513531 0.051522754 0.998624861 -0.009677246 -11.171828270 0.001959659 0.009589002 0.999952078 99.967041016
0.998748064 -0.050024025 0.000239556 7.652164936 0.050023958 0.998699427 -0.009850383 -11.284904480 0.000253511 0.009850034 0.999951422 101.018585205
0.998829067 -0.048335623 0.002018072 7.703314304 0.048355337 0.998766899 -0.011256713 -11.412116051 -0.001471483 0.011341118 0.999934614 102.072349548
0.998817503 -0.048397649 0.004617912 7.750124454 0.048457429 0.998729169 -0.013857008 -11.528678894 -0.003941397 0.014064394 0.999893367 103.081375122
0.998726606 -0.050095651 0.005964290 7.816950798 0.050177027 0.998636842 -0.014381146 -11.647520065 -0.005235726 0.014662102 0.999878764 104.088142395
0.998623431 -0.051874418 0.007764078 7.878071308 0.051974714 0.998559415 -0.013327097 -11.773838997 -0.007061559 0.013712288 0.999881029 105.098342896
0.998602629 -0.051985845 0.009494304 7.934525967 0.052093770 0.998575926 -0.011497502 -11.889994621 -0.008883078 0.011976032 0.999888778 106.057205200
0.998544335 -0.052796341 0.011034134 7.985874176 0.052910689 0.998545647 -0.010341466 -11.998504639 -0.010472097 0.010910237 0.999885619 107.011436462
0.998490870 -0.053405244 0.012805781 8.042061806 0.053544477 0.998507142 -0.010788797 -12.104442596 -0.012210487 0.011458192 0.999859750 107.931282043
0.998476148 -0.053210087 0.014627015 8.094686508 0.053345039 0.998535633 -0.008995724 -12.204794884 -0.014126932 0.009762296 0.999852538 108.838233948
0.998499393 -0.052179754 0.016617574 8.147163391 0.052300174 0.998607635 -0.006896129 -12.302668571 -0.016234597 0.007754884 0.999838054 109.708457947
0.998480499 -0.052196015 0.017671991 8.208377838 0.052265204 0.998627305 -0.003476381 -12.404746056 -0.017466277 0.004394728 0.999837816 110.568450928
0.998441219 -0.052371897 0.019293185 8.265476227 0.052447595 0.998617768 -0.003438242 -12.496690750 -0.019086445 0.004444764 0.999807954 111.394798279
0.998464882 -0.051484141 0.020427428 8.313656807 0.051551484 0.998666465 -0.002783240 -12.584806442 -0.020256899 0.003832032 0.999787450 112.204467773
0.998557985 -0.049311358 0.021222103 8.359457970 0.049373932 0.998777390 -0.002434038 -12.665255547 -0.021076132 0.003478347 0.999771833 112.982765198
0.998699665 -0.046731096 0.020377876 8.407924652 0.046729773 0.998907387 0.000541289 -12.740941048 -0.020380905 0.000411669 0.999792218 113.739074707
0.998765945 -0.046582852 0.017221235 8.447237015 0.046562862 0.998914063 0.001560038 -12.827467918 -0.017275203 -0.000756243 0.999850512 114.493850708
0.998850048 -0.046698343 0.010851220 8.479600906 0.046682499 0.998908281 0.001709212 -12.901819229 -0.010919193 -0.001200684 0.999939740 115.191093445
0.998979747 -0.045155343 0.000623761 8.501413345 0.045154944 0.998979747 0.000643858 -12.978457451 -0.000652198 -0.000615036 0.999999583 115.857910156
0.999022424 -0.042216718 -0.013113767 8.499872208 0.042188022 0.999106646 -0.002457197 -13.044733047 0.013205787 0.001901551 0.999911010 116.491668701
0.998649061 -0.040861957 -0.032098003 8.493116379 0.040739689 0.999159813 -0.004454528 -13.119153023 0.032253068 0.003140848 0.999474823 117.107528687
0.997750878 -0.039203160 -0.054373167 8.455644608 0.038883910 0.999219775 -0.006917488 -13.187804222 0.054601934 0.004787688 0.998496830 117.693962097
0.995908618 -0.037711523 -0.082122169 8.413640976 0.037124373 0.999273002 -0.008665580 -13.256186485 0.082389265 0.005581392 0.996584594 118.262039185
0.992827773 -0.035402656 -0.114191249 8.339653969 0.034375407 0.999348998 -0.010953099 -13.321743965 0.114504687 0.006949171 0.993398428 118.808349609
0.988321960 -0.030581795 -0.149280235 8.227382660 0.029036589 0.999499917 -0.012520138 -13.387340546 0.149588481 0.008039339 0.988715708 119.360031128
0.981791079 -0.024915205 -0.188322946 8.130041122 0.023120213 0.999663949 -0.011722508 -13.445188522 0.188551694 0.007154990 0.982037187 119.855545044
0.973015785 -0.019512204 -0.229911894 7.988506317 0.017701957 0.999793947 -0.009933800 -13.502283096 0.230058342 0.005595853 0.973160744 120.359161377
0.961537063 -0.014911611 -0.274269998 7.809009552 0.013172926 0.999879777 -0.008180101 -13.562756538 0.274358988 0.004252533 0.961618006 120.852050781
0.947036862 -0.008799443 -0.321004272 7.618988037 0.006343634 0.999942064 -0.008695457 -13.620550156 0.321062207 0.006198587 0.947037816 121.311279297
0.929439664 -0.001203198 -0.368972182 7.389835358 -0.002531490 0.999950349 -0.009637599 -13.674717903 0.368965387 0.009891615 0.929390550 121.775291443
0.908121347 0.003658840 -0.418691099 7.126564026 -0.008982617 0.999901950 -0.010744974 -13.727709770 0.418610781 0.013518684 0.908065140 122.217910767
0.882807553 0.007971051 -0.469667226 6.856914520 -0.014112663 0.999854743 -0.009557558 -13.781880379 0.469522744 0.015065741 0.882791758 122.628150940
0.853398919 0.011081585 -0.521140516 6.570102692 -0.018924143 0.999773622 -0.009730134 -13.822247505 0.520914674 0.018165823 0.853415370 123.033912659
0.822033405 0.021270398 -0.569041789 6.238292694 -0.029879749 0.999536693 -0.005802047 -13.881300926 0.568654835 0.021772305 0.822288096 123.390182495
0.787500441 0.033540796 -0.615400732 5.893127441 -0.042427599 0.999099553 0.000160600 -13.917436600 0.614851952 0.025983507 0.788214386 123.749267578
0.751083314 0.042221043 -0.658856034 5.537811279 -0.053680375 0.998554170 0.002795102 -13.959152222 0.658021450 0.033268284 0.752263844 124.066772461
0.711227238 0.046023253 -0.701453984 5.165672302 -0.061072446 0.998127043 0.003564959 -14.006246567 0.700304151 0.040304013 0.712705851 124.361457825
0.668752730 0.048117217 -0.741926312 4.782211304 -0.064165153 0.997915626 0.006882490 -14.056040764 0.740710974 0.043003134 0.670446157 124.640853882
0.624863803 0.051327232 -0.779044807 4.370967865 -0.067206502 0.997669101 0.011825599 -14.090275764 0.777835786 0.044967495 0.626856744 124.907470703
0.579803646 0.059602045 -0.812573373 3.943862915 -0.078435205 0.996771812 0.017146293 -14.120046616 0.810972095 0.053792875 0.582606673 125.134078979
0.534013629 0.068700410 -0.842679977 3.500602722 -0.090094835 0.995642126 0.024076918 -14.148160934 0.840661764 0.063063718 0.537876129 125.342056274
0.487250030 0.073776588 -0.870140374 3.042980194 -0.096005335 0.994910479 0.030595640 -14.174371719 0.867969096 0.068630397 0.491853148 125.541534424
0.439588189 0.075272538 -0.895039797 2.580577850 -0.095329769 0.994763792 0.036839209 -14.202869415 0.893126249 0.069129854 0.444462210 125.721290588
0.392702878 0.076520085 -0.916476488 2.102184296 -0.092628203 0.994755924 0.043365501 -14.221948624 0.914988875 0.067861818 0.397731423 125.890579224
0.346626699 0.080005527 -0.934584916 1.603134155 -0.095039196 0.994223952 0.049862027 -14.249937057 0.933176041 0.071538672 0.352228165 126.036163330
0.303136230 0.083244592 -0.949304342 1.102630615 -0.100760505 0.993392885 0.054935418 -14.270165443 0.947605312 0.078999475 0.309521139 126.148147583
0.261587292 0.084520057 -0.961471975 0.580589294 -0.105548441 0.992689133 0.058547728 -14.285821915 0.959391415 0.086166531 0.268595815 126.247299194
0.221868142 0.081240460 -0.971686363 0.052364349 -0.105780900 0.992647111 0.058839664 -14.305162430 0.969321907 0.089731216 0.228830487 126.350120544
0.186950609 0.076027736 -0.979422927 -0.489145279 -0.101336226 0.993174493 0.057752326 -14.327122688 0.977128685 0.088454187 0.193378910 126.435180664
0.156379148 0.070758045 -0.985159278 -1.038627625 -0.098690957 0.993558288 0.055695601 -14.348304749 0.982754171 0.088516690 0.162354976 126.512878418
0.130188376 0.069153130 -0.989074707 -1.605283737 -0.099799491 0.993412375 0.056320138 -14.368037224 0.986453772 0.091376923 0.136232182 126.575401306
0.108231470 0.068546399 -0.991759717 -2.199643135 -0.100351907 0.993277609 0.057699822 -14.382963181 0.989047706 0.093280040 0.114382647 126.628379822
0.089226194 0.069877610 -0.993557155 -2.792440414 -0.102173105 0.992915630 0.060656860 -14.400152206 0.990757048 0.096102640 0.095733672 126.685287476
0.073615961 0.068472184 -0.994933426 -3.406845093 -0.103775732 0.992750227 0.060643487 -14.427704811 0.991872609 0.098785616 0.080188021 126.733406067
0.059227668 0.067508645 -0.995959222 -4.026384830 -0.102634057 0.992835164 0.061193451 -14.458764076 0.992954314 0.098595001 0.065731995 126.784988403
0.047084719 0.065077558 -0.996768773 -4.664566994 -0.098301090 0.993333697 0.060209811 -14.482127190 0.994042218 0.095148481 0.053168029 126.826461792
0.035159092 0.062595204 -0.997419596 -5.312447071 -0.096109875 0.993622422 0.058969028 -14.500191689 0.994749606 0.093788572 0.040950879 126.860527039
0.024808342 0.061393578 -0.997805417 -5.985978127 -0.095476501 0.993695498 0.058766887 -14.519231796 0.995122492 0.093809046 0.030513579 126.889724731
0.015242917 0.062731110 -0.997914076 -6.658805370 -0.098668545 0.993253291 0.060930975 -14.542098045 0.995003521 0.097533949 0.021329664 126.907722473
0.006945649 0.062697150 -0.998008490 -7.335248470 -0.101593658 0.992912650 0.061669979 -14.570405006 0.994801760 0.100962982 0.013266053 126.919982910
0.000063341 0.061974145 -0.998077750 -8.026804924 -0.103515401 0.992716312 0.061634660 -14.592380524 0.994627774 0.103312522 0.006478157 126.941177368
-0.005242218 0.062817559 -0.998011172 -8.725186348 -0.104282983 0.992548883 0.063021503 -14.611071587 0.994533777 0.104405954 0.001347645 126.956237793
-0.008946419 0.065250896 -0.997828722 -9.449099541 -0.106686763 0.992110848 0.065833516 -14.631413460 0.994252384 0.107044108 -0.001914431 126.977684021
-0.009467421 0.069322996 -0.997549295 -10.184519768 -0.108927228 0.991586089 0.069942385 -14.659023285 0.994004607 0.109322444 -0.001836603 126.973495483
-0.010330193 0.072034404 -0.997348666 -10.910444260 -0.111209340 0.991131485 0.072737239 -14.672008514 0.993743300 0.111665875 -0.002227683 126.977058411
-0.011010924 0.077570200 -0.996926069 -11.652168274 -0.115906775 0.990167081 0.078324467 -14.680685997 0.993198991 0.116412908 -0.001911741 126.982643127
-0.012004701 0.081453487 -0.996604860 -12.392805099 -0.119008340 0.989476144 0.082304373 -14.695989609 0.992820680 0.119592339 -0.002184721 126.987785339
-0.013485240 0.081748165 -0.996561706 -13.141421318 -0.119075380 0.989428878 0.082774341 -14.713082314 0.992793620 0.119782209 -0.003608492 127.006248474
-0.014991025 0.078671485 -0.996787786 -13.886146545 -0.116819434 0.989934981 0.079887502 -14.733053207 0.993040025 0.117641784 -0.005649781 127.023513794
-0.016469095 0.075045943 -0.997044086 -14.646903992 -0.120204762 0.989798367 0.076486088 -14.738002777 0.992612600 0.121109106 -0.007280203 127.032722473
-0.017346499 0.076705642 -0.996902764 -15.421198845 -0.125566185 0.988992035 0.078281835 -14.750141144 0.991933525 0.126535207 -0.007523916 127.024185181
-0.018988729 0.080019407 -0.996612430 -16.208314896 -0.122692622 0.989072025 0.081751667 -14.771840096 0.992262959 0.123829387 -0.008963423 127.039321899
-0.021249687 0.080066785 -0.996562898 -16.982004166 -0.121438682 0.989200711 0.082064696 -14.789295197 0.992371440 0.122765154 -0.011297000 127.053924561
-0.021643296 0.079649933 -0.996587932 -17.776159286 -0.125202432 0.988758028 0.081743218 -14.802119255 0.991895080 0.126544461 -0.011427616 127.043075562
-0.023326676 0.079033032 -0.996599019 -18.565803528 -0.128918096 0.988309324 0.081393108 -14.815527916 0.991380811 0.130378261 -0.012865188 127.060623169
-0.024422249 0.083303615 -0.996224940 -19.363973618 -0.130785570 0.987691343 0.085796207 -14.822669983 0.991109848 0.132387191 -0.013226731 127.064468384
-0.025312385 0.088319592 -0.995770574 -20.168109894 -0.129935488 0.987349212 0.090875596 -14.839724541 0.991199374 0.131686211 -0.013516316 127.079376221
-0.024155114 0.090631194 -0.995591521 -20.987884521 -0.130824178 0.987031519 0.093026042 -14.849048615 0.991111219 0.132494509 -0.011985104 127.085441589
-0.022449825 0.089434803 -0.995739639 -21.807405472 -0.130173922 0.987250149 0.091607183 -14.857747078 0.991237044 0.131675884 -0.010521514 127.095924377
-0.021168685 0.089325853 -0.995777428 -22.638580322 -0.130192280 0.987273395 0.091330670 -14.862805367 0.991262794 0.131575882 -0.009269742 127.102531433
-0.021154435 0.088540368 -0.995847940 -23.464126587 -0.128685832 0.987544000 0.090535708 -14.871096611 0.991459668 0.130066752 -0.009497046 127.122200012
-0.020432904 0.090571351 -0.995680332 -24.300483704 -0.129594713 0.987246573 0.092463650 -14.879418373 0.991356492 0.130924180 -0.008434745 127.138969421
-0.020135706 0.092460796 -0.995512724 -25.141517639 -0.131088346 0.986874580 0.094309963 -14.881060600 0.991166115 0.132399127 -0.007750880 127.154594421
-0.019649375 0.094982669 -0.995284915 -26.018461227 -0.134285212 0.986206591 0.096767418 -14.883757591 0.990747869 0.135553479 -0.006623576 127.159255981
-0.018083235 0.096154600 -0.995202124 -26.881223679 -0.136394173 0.985822618 0.097726710 -14.883298874 0.990489662 0.137506977 -0.004711935 127.168830872
-0.016389212 0.099225812 -0.994929910 -27.750753403 -0.143087626 0.984588981 0.100551508 -14.884734154 0.989574254 0.144010127 -0.001938655 127.180999756
-0.013822884 0.102995388 -0.994585752 -28.637393951 -0.148012921 0.983511984 0.103905737 -14.880551338 0.988888800 0.148647815 0.001649674 127.188980103
-0.011695866 0.104773097 -0.994427264 -29.512670517 -0.150582090 0.982969522 0.105336964 -14.876665115 0.988528252 0.150974929 0.004280272 127.215675354
-0.007814825 0.105471484 -0.994391620 -30.409099579 -0.149036065 0.983192444 0.105454884 -14.877200127 0.988800883 0.149024308 0.008035575 127.234580994
-0.005269845 0.105332024 -0.994423211 -31.300800323 -0.151625544 0.982854784 0.104910195 -14.872579575 0.988423944 0.151332811 0.010791533 127.260848999
-0.002873702 0.109122321 -0.994024217 -32.203140259 -0.152119160 0.982412159 0.108287349 -14.865806580 0.988357902 0.151521295 0.013776435 127.289588928
-0.000529917 0.111469172 -0.993767738 -33.106658936 -0.151393518 0.982304335 0.110264070 -14.863757133 0.988473356 0.150508419 0.016355168 127.328277588
0.001160964 0.112591438 -0.993640602 -33.998722076 -0.151922151 0.982127488 0.111109324 -14.861192703 0.988391817 0.150827020 0.018245347 127.367218018
0.003705888 0.110803783 -0.993835330 -34.903366089 -0.153144211 0.982181370 0.108933412 -14.856295586 0.988196909 0.151796430 0.020608813 127.394432068
0.003483785 0.112229273 -0.993676186 -35.809150696 -0.157507434 0.981340289 0.110283792 -14.849592209 0.987511575 0.156127185 0.021095723 127.431213379
0.005075434 0.112828851 -0.993601441 -36.722522736 -0.158325210 0.981172144 0.110608682 -14.845100403 0.987373888 0.156750828 0.022843527 127.460601807
0.004560748 0.109075449 -0.994023144 -37.606231689 -0.157992139 0.981626987 0.106990308 -14.845788956 0.987429798 0.156559885 0.021710020 127.505104065
0.005551585 0.105431974 -0.994411051 -38.503231049 -0.160093650 0.981693327 0.103189804 -14.848838806 0.987086236 0.158626035 0.022328943 127.533912659
0.006413262 0.104703486 -0.994482756 -39.421348572 -0.159803197 0.981829524 0.102340750 -14.849115372 0.987128019 0.158265233 0.023028685 127.571304321
0.005668560 0.108957455 -0.994030237 -40.321079254 -0.161823228 0.981043994 0.106611200 -14.845837593 0.986803412 0.160252884 0.023192955 127.611770630
0.006156656 0.115061283 -0.993339300 -41.230361938 -0.162452281 0.980277419 0.112541407 -14.838899612 0.986697137 0.160677373 0.024727201 127.642219543
0.006874546 0.113763280 -0.993484080 -42.144115448 -0.160152838 0.980808377 0.111203566 -14.843420982 0.987068295 0.158344820 0.024962116 127.678504944
0.007460186 0.103558138 -0.994595408 -43.032768250 -0.159475625 0.982016325 0.101052217 -14.849370956 0.987173676 0.157859847 0.023841025 127.719818115
0.007734695 0.093486555 -0.995590508 -43.929050446 -0.161612362 0.982648134 0.091015719 -14.855520248 0.986823976 0.160195768 0.022709068 127.754928589
0.006999671 0.089899667 -0.995926201 -44.860710144 -0.158102289 0.983523190 0.087668888 -14.863629341 0.987398028 0.156844571 0.021097684 127.796195984
0.006934507 0.099991307 -0.994964123 -45.773063660 -0.150947288 0.983691454 0.097806372 -14.868248940 0.988517523 0.149508879 0.021914829 127.844429016
0.006715246 0.113171510 -0.993552804 -46.717666626 -0.145920351 0.983050704 0.110988997 -14.864356995 0.989273548 0.144234225 0.023115454 127.899291992
0.006817949 0.122440927 -0.992452383 -47.639610291 -0.146273792 0.981922030 0.120136917 -14.858094215 0.989220619 0.144350678 0.024604596 127.941169739
0.006976177 0.117054924 -0.993100941 -48.557155609 -0.146470353 0.982533395 0.114780441 -14.857782364 0.989190400 0.144659117 0.023999399 127.979003906
0.006957240 0.103112012 -0.994645417 -49.481033325 -0.146194965 0.984086931 0.100994855 -14.856037140 0.989231288 0.144709527 0.021920988 128.013442993
0.007625022 0.094340160 -0.995510817 -50.395332336 -0.146772549 0.984863281 0.092206933 -14.857545853 0.989140928 0.145410582 0.021356147 128.052352905
0.008057866 0.094318829 -0.995509386 -51.324764252 -0.145962447 0.984989941 0.092140712 -14.865976334 0.989257395 0.144564539 0.021703923 128.093383789
0.007415980 0.095877245 -0.995365441 -52.263378143 -0.149264276 0.984347522 0.093703814 -14.884883881 0.988769531 0.147877589 0.021610947 128.131729126
0.008025450 0.095388234 -0.995407701 -53.191658020 -0.153890312 0.983699203 0.093025468 -14.888512611 0.988055289 0.152437061 0.022573952 128.161224365
0.008424984 0.095052004 -0.995436668 -54.126716614 -0.155400544 0.983502150 0.092597157 -14.895207405 0.987815619 0.153911263 0.023057127 128.201950073
0.009309213 0.102485232 -0.994690955 -55.090908051 -0.164516225 0.981335998 0.099569537 -14.895887375 0.986330390 0.162715837 0.025995947 128.235870361
0.010606238 0.111514457 -0.993706286 -56.030647278 -0.169882014 0.979516447 0.108108863 -14.887074471 0.985407412 0.167666182 0.029333282 128.273239136
0.012232194 0.120199174 -0.992674530 -56.987495422 -0.170330569 0.978489935 0.116382740 -14.884134293 0.985311151 0.167659163 0.032442674 128.308319092
0.013078777 0.120661587 -0.992607594 -57.946239471 -0.172282368 0.978118658 0.116630308 -14.874280930 0.984960854 0.169483393 0.033580456 128.356002808
0.014993281 0.110886723 -0.993719876 -58.883338928 -0.173990503 0.978958964 0.106614396 -14.872136116 0.984633207 0.171299338 0.033971049 128.390136719
0.016097335 0.106013097 -0.994234443 -59.822052002 -0.172296688 0.979782939 0.101682559 -14.869105339 0.984913647 0.169666499 0.034037601 128.443222046
0.017792523 0.104664259 -0.994348407 -60.792419434 -0.170727864 0.980218112 0.100121975 -14.872423172 0.985157609 0.167981580 0.035309661 128.497390747
0.021002751 0.110199541 -0.993687510 -61.748123169 -0.172284216 0.979437411 0.104977787 -14.870690346 0.984823406 0.168991849 0.039556522 128.555541992
0.024966961 0.112282015 -0.993362665 -62.707141876 -0.175196350 0.978785574 0.106230967 -14.870731354 0.984216869 0.171381220 0.044108700 128.602798462
0.028694019 0.107190788 -0.993824303 -63.662647247 -0.174027741 0.979585588 0.100630455 -14.873121262 0.984322608 0.170065507 0.046762418 128.662750244
0.031957403 0.101169132 -0.994355798 -64.619186401 -0.174166217 0.980206847 0.094132058 -14.876930237 0.984197617 0.170174986 0.048945110 128.724761963
0.035375100 0.101371162 -0.994219482 -65.573577881 -0.171888858 0.980633855 0.093869999 -14.882453918 0.984481096 0.167574570 0.052114591 128.793548584
0.037777618 0.105637640 -0.993686974 -66.524902344 -0.169057995 0.980738461 0.097833939 -14.898422241 0.984881818 0.164294764 0.054908849 128.873199463
0.041068796 0.112443723 -0.992808998 -67.483108521 -0.168560222 0.980185091 0.104041241 -14.901205063 0.984835386 0.163075224 0.059208550 128.949249268
0.043709528 0.116135530 -0.992271185 -68.450492859 -0.166356429 0.980199873 0.107394703 -14.903615952 0.985096395 0.160376489 0.062163960 129.029632568
0.045330167 0.118245222 -0.991949141 -69.431152344 -0.165724516 0.980100930 0.109259523 -14.910945892 0.985129714 0.159437552 0.064024270 129.110229492
0.048070759 0.115247317 -0.992173016 -70.365135193 -0.164498687 0.980671406 0.105941400 -14.909204483 0.985205233 0.158118457 0.066099644 129.177505493
0.048902005 0.113932945 -0.992284179 -71.311355591 -0.162574619 0.981132030 0.104640402 -14.913802147 0.985483706 0.156203106 0.066501915 129.260070801
0.049617700 0.110319667 -0.992656887 -72.256645203 -0.159473717 0.982005060 0.101164617 -14.923580170 0.985954463 0.153283119 0.066317923 129.344985962
0.049205072 0.109876312 -0.992726564 -73.243232727 -0.157765061 0.982307851 0.100903444 -14.916448593 0.986249983 0.151652589 0.065669157 129.426025391
0.048912510 0.114612490 -0.992205441 -74.196891785 -0.154593423 0.982291877 0.105846420 -14.919725418 0.986766636 0.148211211 0.065764688 129.509124756
0.048103187 0.116536379 -0.992020845 -75.160034180 -0.148472846 0.982971311 0.108273841 -14.927577019 0.987745821 0.142079830 0.064586550 129.607727051
0.047554348 0.111961886 -0.992573977 -76.114646912 -0.145675436 0.983851075 0.103998609 -14.917092323 0.988188922 0.139648080 0.063096493 129.683425903
0.046058144 0.107845761 -0.993100166 -77.080253601 -0.147789478 0.983950555 0.099997953 -14.918839455 0.987945735 0.142164022 0.061257407 129.758758545
0.044809528 0.105307519 -0.993429601 -78.030395508 -0.144276157 0.984685361 0.097872876 -14.924704552 0.988522351 0.138942599 0.059316650 129.837615967
0.043689303 0.105946504 -0.993411601 -78.995971680 -0.144580409 0.984563828 0.098644383 -14.926016808 0.988528013 0.139318153 0.058332693 129.903045654
0.042756144 0.107236736 -0.993313730 -79.957199097 -0.146050349 0.984213293 0.099967659 -14.932100296 0.988352776 0.140799627 0.057743121 129.974624634
0.041000944 0.107843012 -0.993322134 -80.911209106 -0.147571445 0.983908594 0.100729756 -14.938710213 0.988201261 0.142455995 0.056255728 130.048141479
0.039700218 0.108600430 -0.993292511 -81.861450195 -0.147520006 0.983819723 0.101668626 -14.941596985 0.988261998 0.142494231 0.055078596 130.112106323
0.037724614 0.108639412 -0.993365109 -82.825988770 -0.147479758 0.983792305 0.101991683 -14.942455292 0.988345385 0.142653644 0.053135294 130.179183960
0.035900462 0.111095876 -0.993161023 -83.780929565 -0.147282109 0.983537912 0.104695506 -14.938285828 0.988442898 0.142516211 0.051671892 130.249404907
0.034551807 0.114749409 -0.992793381 -84.735420227 -0.148609623 0.982932568 0.108437672 -14.931472778 0.988292217 0.143791914 0.051014964 130.303909302
0.032646820 0.120006174 -0.992236197 -85.685821533 -0.150004774 0.982108772 0.113845840 -14.924669266 0.988146126 0.145123467 0.050064236 130.362915039
0.030470435 0.119899184 -0.992318392 -86.635917664 -0.149995312 0.982085705 0.114057012 -14.924314499 0.988217056 0.145367712 0.047908902 130.424560547
0.029257281 0.114784680 -0.992959440 -87.581153870 -0.150056213 0.982631743 0.109169453 -14.921220779 0.988244474 0.145805731 0.045973286 130.483306885
0.026842646 0.109892100 -0.993580937 -88.527847290 -0.154116914 0.982510626 0.104504026 -14.909812927 0.987687945 0.150322497 0.043309409 130.541610718
0.025694288 0.107755885 -0.993845284 -89.472282410 -0.152074546 0.983023882 0.102650970 -14.908471107 0.988035083 0.148501053 0.041645039 130.602645874
0.025017980 0.109016836 -0.993725002 -90.437721252 -0.147804081 0.983514845 0.104175627 -14.912432671 0.988700211 0.144270316 0.040718690 130.654998779
0.024468485 0.110361204 -0.993590236 -91.387046814 -0.144756436 0.983804405 0.105709426 -14.911671638 0.989164710 0.141241997 0.040047694 130.712356567
0.023205766 0.110312618 -0.993625939 -92.336105347 -0.139383346 0.984543443 0.106049024 -14.916632652 0.989966512 0.136033937 0.038222827 130.775894165
0.021883966 0.107511252 -0.993963003 -93.277542114 -0.135254234 0.985379279 0.103604920 -14.920684814 0.990569234 0.132170424 0.036105361 130.836868286
0.021349858 0.104289457 -0.994317770 -94.223480225 -0.130231261 0.986360908 0.100658558 -14.924455643 0.991253734 0.127342224 0.034640409 130.893920898
0.019607082 0.106945008 -0.994071543 -95.201591492 -0.128357932 0.986304164 0.103577636 -14.929271698 0.991534054 0.125566125 0.033065785 130.944381714
0.018398231 0.109162629 -0.993853629 -96.149871826 -0.127819076 0.986122489 0.105947256 -14.927323341 0.991626859 0.125084206 0.032095972 130.996154785
0.016941225 0.106713064 -0.994145513 -97.108764648 -0.123607568 0.986884534 0.103827238 -14.922197342 0.992186487 0.121124983 0.029909573 131.044754028
0.015135210 0.104208268 -0.994440436 -98.056999207 -0.120742090 0.987466931 0.101639837 -14.927428246 0.992568552 0.118532456 0.027527845 131.086990356
0.010925960 0.101335287 -0.994792342 -99.025100708 -0.119185880 0.987891495 0.099323295 -14.924426079 0.992811859 0.117479995 0.022871399 131.142883301
0.008262817 0.100493520 -0.994903445 -99.979698181 -0.113693587 0.988580048 0.098910578 -14.935447693 0.993481457 0.112296872 0.019593924 131.188064575
0.005962804 0.100471951 -0.994922101 -100.938377380 -0.106958769 0.989296079 0.099262781 -14.930394173 0.994245589 0.105823755 0.016645338 131.227966309
0.003461814 0.108388990 -0.994102538 -101.903320312 -0.096844666 0.989471912 0.107546881 -14.931378365 0.995293438 0.095901236 0.013922265 131.283569336
0.000777847 0.116567120 -0.993182540 -102.861122131 -0.088841915 0.989263654 0.116037577 -14.928400040 0.996045411 0.088145986 0.011125539 131.335327148
-0.002172411 0.116108365 -0.993234217 -103.813911438 -0.084679954 0.989647686 0.115874313 -14.923453331 0.996405840 0.084358774 0.007682129 131.377456665
-0.004789034 0.106115550 -0.994342268 -104.766510010 -0.085403174 0.990677297 0.106135748 -14.925568581 0.996334970 0.085428275 0.004318219 131.406417847
-0.006872497 0.096829191 -0.995277226 -105.713272095 -0.087253645 0.991446555 0.097059019 -14.926144600 0.996162474 0.087508582 0.001634989 131.439605713
-0.006955283 0.098469540 -0.995115757 -106.678031921 -0.094735153 0.990599036 0.098684736 -14.929984093 0.995478213 0.094958819 0.002438630 131.449905396
-0.008166782 0.107780255 -0.994141221 -107.638137817 -0.098023385 0.989299893 0.108060643 -14.919026375 0.995150626 0.098331608 0.002485590 131.485336304
-0.009622606 0.119307727 -0.992810726 -108.601470947 -0.102071211 0.987553418 0.119665243 -14.909429550 0.994730651 0.102488890 0.002675047 131.509429932
-0.011074745 0.121053867 -0.992584229 -109.542709351 -0.109137967 0.986568511 0.121537924 -14.900325775 0.993964911 0.109674633 0.002285580 131.535919189
-0.010910034 0.117467567 -0.993016899 -110.531425476 -0.115971886 0.986225665 0.117938384 -14.879570007 0.993192554 0.116448738 0.002863181 131.550598145
-0.011150753 0.113535173 -0.993471444 -111.485893250 -0.124097615 0.985695004 0.114039361 -14.868526459 0.992207289 0.124559052 0.003098203 131.570327759
-0.008578006 0.115439676 -0.993277371 -112.450874329 -0.128734380 0.984920621 0.115580179 -14.850044250 0.991641998 0.128860429 0.006412398 131.586410522
-0.007332211 0.116559617 -0.993156612 -113.437805176 -0.136665419 0.983747244 0.116464257 -14.833535194 0.990590155 0.136584133 0.008716626 131.607635498
-0.006798393 0.119308546 -0.992833912 -114.401275635 -0.145930722 0.982109308 0.119019017 -14.818551064 0.989271462 0.145694137 0.010734014 131.623870850
-0.006511060 0.121557951 -0.992562950 -115.376640320 -0.151341826 0.981030643 0.121138401 -14.798914909 0.988460064 0.151005030 0.012009254 131.645996094
-0.006585160 0.121449679 -0.992575765 -116.352790833 -0.155028343 0.980472386 0.120997228 -14.797262192 0.987888098 0.154674172 0.012371574 131.681610107
-0.004780636 0.111912005 -0.993706644 -117.308998108 -0.153956279 0.981787860 0.111310385 -14.799341202 0.988066137 0.153519496 0.012535986 131.707946777
-0.003522448 0.100517400 -0.994929194 -118.261245728 -0.157340452 0.982486844 0.099817447 -14.792075157 0.987538099 0.156894237 0.012354700 131.740554810
