1.000000000 0.000000000 0.000000000 0.000000000 0.000000000 1.000000000 0.000000000 0.000000000 0.000000000 0.000000000 1.000000000 0.000000000
0.999997735 -0.001598216 -0.001397101 0.050778508 0.001595170 0.999996364 -0.002178738 -0.132146612 0.001400578 0.002176504 0.999996662 1.297067642
0.999997616 0.000005523 -0.002171584 0.105710968 -0.000019290 0.999979913 -0.006339653 -0.268317133 0.002171506 0.006339680 0.999977529 2.604632616
0.999996066 0.002469716 -0.001340756 0.149362430 -0.002480240 0.999965668 -0.007905255 -0.406335175 0.001321187 0.007908551 0.999967813 3.907314062
0.999983311 0.005772247 0.000191173 0.193901390 -0.005770848 0.999961257 -0.006649697 -0.545119345 -0.000229550 0.006648484 0.999977946 5.219492435
0.999975562 0.006556270 0.002407535 0.242862687 -0.006548415 0.999973238 -0.003256016 -0.690126479 -0.002428818 0.003240171 0.999991775 6.541227818
0.999959528 0.006873578 0.005810864 0.297877580 -0.006862667 0.999974668 -0.001895733 -0.827808738 -0.005823747 0.001855777 0.999981344 7.844130516
0.999944806 0.005178524 0.009139706 0.354599655 -0.005161722 0.999984920 -0.001860931 -0.960681021 -0.009149206 0.001813652 0.999956489 9.150621414
0.999916077 0.003835541 0.012371163 0.433615178 -0.003813472 0.999991000 -0.001807042 -1.097682238 -0.012377985 0.001759714 0.999921799 10.449509621
0.999872565 0.002519120 0.015765028 0.498753965 -0.002480683 0.999994040 -0.002457201 -1.236323237 -0.015771123 0.002417780 0.999872625 11.757524490
0.999815643 0.001500702 0.019142203 0.575373292 -0.001438020 0.999993622 -0.003287839 -1.372719765 -0.019147012 0.003259707 0.999811351 13.051232338
0.999746859 0.001365373 0.022458276 0.645357728 -0.001292059 0.999993742 -0.003278628 -1.519975185 -0.022462614 0.003248781 0.999742389 14.371045113
0.999667645 0.001268444 0.025749657 0.732608318 -0.001156378 0.999989808 -0.004366565 -1.657658100 -0.025754936 0.004335338 0.999658823 15.665681839
0.999575615 0.002054362 0.029058846 0.811566830 -0.001928420 0.999988735 -0.004361389 -1.795584917 -0.029067477 0.004303501 0.999568105 16.969762802
0.999479175 0.001681547 0.032227345 0.902372479 -0.001555437 0.999991000 -0.003937813 -1.934521675 -0.032233678 0.003885633 0.999472857 18.255893707
0.999414325 -0.000026234 0.034220841 1.003011703 0.000151105 0.999993443 -0.003646410 -2.077527046 -0.034220517 0.003649445 0.999407649 19.551437378
0.999347627 -0.002463240 0.036030572 1.096626639 0.002637746 0.999984980 -0.004796539 -2.218636036 -0.036018215 0.004888448 0.999339163 20.828542709
0.999306560 -0.002226307 0.037168112 1.195530415 0.002473502 0.999975145 -0.006606094 -2.359779835 -0.037152480 0.006693447 0.999287188 22.131391525
0.999262750 -0.002084411 0.038337722 1.281069398 0.002439343 0.999954641 -0.009213602 -2.504420280 -0.038316775 0.009300327 0.999222338 23.419885635
0.999229133 -0.001745147 0.039221328 1.385925293 0.002169107 0.999939680 -0.010769464 -2.645529747 -0.039200176 0.010846236 0.999172509 24.702491760
0.999193609 -0.001007471 0.040139500 1.486917019 0.001468092 0.999933422 -0.011447676 -2.791578770 -0.040125292 0.011497373 0.999128580 25.972410202
0.999167025 -0.002612005 0.040723920 1.586495638 0.003037272 0.999941409 -0.010384327 -2.939307213 -0.040694419 0.010499367 0.999116480 27.267564774
0.999166191 -0.005523428 0.040451642 1.692565084 0.005904790 0.999939203 -0.009314189 -3.084902048 -0.040397737 0.009545280 0.999138176 28.544963837
0.999179661 -0.007151629 0.039860159 1.784860253 0.007540791 0.999925196 -0.009621408 -3.235629559 -0.039788365 0.009914092 0.999158919 29.838417053
0.999197662 -0.008774631 0.039077379 1.889599800 0.009257351 0.999882877 -0.012189152 -3.381557941 -0.038965847 0.012541126 0.999161780 31.106645584
0.999226153 -0.008858200 0.038322214 1.995925426 0.009335367 0.999880850 -0.012290508 -3.530760765 -0.038208779 0.012638750 0.999189854 32.391941071
0.999233544 -0.009482620 0.037978899 2.091121912 0.009967583 0.999870956 -0.012600368 -3.674820185 -0.037854511 0.012969268 0.999199092 33.657684326
0.999255002 -0.009956679 0.037287090 2.190896511 0.010433937 0.999865770 -0.012626918 -3.820192814 -0.037156373 0.013006563 0.999224842 34.926212311
0.999261200 -0.010580512 0.036948271 2.283563614 0.011072712 0.999852300 -0.013142175 -3.964730263 -0.036803760 0.013541582 0.999230742 36.185577393
0.999307692 -0.010914310 0.035567351 2.395690918 0.011394305 0.999846339 -0.013320738 -4.122218132 -0.035416506 0.013716781 0.999278486 37.474174500
0.999301672 -0.010704825 0.035799544 2.487063646 0.011120618 0.999872744 -0.011435589 -4.268039703 -0.035672568 0.011825716 0.999293566 38.735347748
0.999267280 -0.010410861 0.036830347 2.583295345 0.010801846 0.999887228 -0.010432788 -4.407907963 -0.036717579 0.010822980 0.999267101 40.003971100
0.999190032 -0.012176150 0.038355269 2.697536945 0.012519073 0.999883652 -0.008713172 -4.551276684 -0.038244721 0.009186286 0.999226213 41.251811981
0.999070406 -0.013222236 0.041028712 2.786518812 0.013641888 0.999857247 -0.009965134 -4.695813179 -0.040891085 0.010515579 0.999108255 42.513248444
0.998942852 -0.014623016 0.043582134 2.881566286 0.015211467 0.999797225 -0.013201161 -4.843572140 -0.043380249 0.013850152 0.998962641 43.762920380
0.998854935 -0.015497979 0.045264836 2.993227959 0.016147928 0.999771178 -0.014028640 -4.991732597 -0.045037061 0.014743505 0.998876512 45.017185211
0.998709559 -0.015535147 0.048352323 3.105844498 0.016173879 0.999786675 -0.012846851 -5.128009796 -0.048142433 0.013612318 0.998747706 46.258510590
0.998526037 -0.016887451 0.051581025 3.226185799 0.017399451 0.999803662 -0.009493263 -5.280589104 -0.051410574 0.010376752 0.998623669 47.523830414
0.998255730 -0.020039532 0.055533063 3.344204187 0.020495543 0.999760687 -0.007654077 -5.417984486 -0.055366382 0.008778907 0.998427451 48.756191254
0.998014927 -0.022063257 0.058986466 3.476826191 0.022563199 0.999714732 -0.007822772 -5.559075832 -0.058797050 0.009138166 0.998228133 49.997383118
0.997746289 -0.025427185 0.062094908 3.625021935 0.026198756 0.999588966 -0.011643069 -5.693006516 -0.061773341 0.013243638 0.998002291 51.226612091
0.997461557 -0.026877226 0.065939240 3.759136438 0.027708950 0.999547184 -0.011731438 -5.827785969 -0.065594070 0.013528767 0.997754693 52.450042725
0.997116029 -0.029300695 0.070006795 3.889619112 0.030011537 0.999507904 -0.009123567 -5.966950893 -0.069705017 0.011198269 0.997504830 53.668865204
0.996839345 -0.032102413 0.072668940 4.046924114 0.032620810 0.999450028 -0.005957926 -6.099623203 -0.072437704 0.008309615 0.997338235 54.880466461
0.996598721 -0.034653105 0.074768022 4.196028233 0.035067234 0.999375999 -0.004232761 -6.230981350 -0.074574709 0.006840273 0.997191906 56.097808838
0.996391058 -0.037799835 0.076000027 4.350885868 0.038003478 0.999276817 -0.001234546 -6.354503632 -0.075898401 0.004118356 0.997107029 57.305641174
0.996233046 -0.040918928 0.076455839 4.504765511 0.041012213 0.999158502 0.000350256 -6.480811119 -0.076405838 0.002786687 0.997072935 58.506835938
0.996178269 -0.042793516 0.076142125 4.649888039 0.043145288 0.999064326 -0.002980188 -6.606633663 -0.075943351 0.006253972 0.997092545 59.719776154
0.996202826 -0.043985348 0.075135589 4.801477432 0.044653412 0.998976350 -0.007234004 -6.735704422 -0.074740477 0.010561597 0.997147083 60.908420563
0.996200800 -0.045602418 0.074190937 4.933595181 0.046555202 0.998853326 -0.011163170 -6.864205360 -0.073596798 0.014574735 0.997181535 62.109085083
0.996240079 -0.046903361 0.072841085 5.079434872 0.048015952 0.998753965 -0.013598045 -6.996643543 -0.072112538 0.017044451 0.997250855 63.303703308
0.996357381 -0.047412559 0.070879750 5.207145691 0.048512094 0.998726249 -0.013871541 -7.129858971 -0.070131794 0.017259538 0.997388422 64.489738464
0.996584654 -0.046763901 0.068060569 5.341592312 0.047779005 0.998768568 -0.013363191 -7.263442039 -0.067351855 0.016569417 0.997591674 65.666778564
0.996831834 -0.046124518 0.064798504 5.463027477 0.046940099 0.998835742 -0.011119981 -7.407226086 -0.064210162 0.014126399 0.997836411 66.860939026
0.997231662 -0.042332307 0.061131470 5.582410336 0.042883415 0.999050140 -0.007730839 -7.534692287 -0.060746137 0.010330963 0.998099804 68.034912109
0.997441709 -0.040617742 0.058825526 5.690488338 0.041001659 0.999144793 -0.005333625 -7.659750938 -0.058558576 0.007731922 0.998254061 69.201019287
0.997731149 -0.039105762 0.054802679 5.818199635 0.039640754 0.999176025 -0.008708937 -7.797767639 -0.054416962 0.010861597 0.998459220 70.417282104
0.997909665 -0.039278258 0.051317882 5.926916122 0.040098678 0.999082267 -0.015056147 -7.930460453 -0.050679408 0.017082453 0.998568892 71.576377869
0.997970164 -0.042840879 0.047120340 6.036462784 0.043750893 0.998872101 -0.018453404 -8.064518929 -0.046276633 0.020477504 0.998718739 72.750488281
0.997964382 -0.046827544 0.043293111 6.152099609 0.047457434 0.998780191 -0.013637412 -8.205204964 -0.042601701 0.015664233 0.998969257 73.943397522
0.997969210 -0.050504494 0.038818516 6.258365631 0.050879080 0.998666763 -0.008722235 -8.331465721 -0.038326252 0.010679571 0.999208152 75.099746704
0.998019934 -0.052958090 0.033936720 6.357235909 0.053188894 0.998566985 -0.005934034 -8.463174820 -0.033573832 0.007727342 0.999406278 76.293045044
0.998193502 -0.052111998 0.029900435 6.445000648 0.052234985 0.998629153 -0.003346145 -8.589083672 -0.029685074 0.004901949 0.999547243 77.452499390
0.998332083 -0.051494788 0.026101982 6.537534714 0.051623426 0.998657525 -0.004278111 -8.695086479 -0.025846640 0.005618450 0.999650121 78.611015320
0.998465121 -0.050490167 0.022762012 6.611240387 0.050633695 0.998700619 -0.005773652 -8.832159042 -0.022440922 0.006917315 0.999724269 79.795173645
0.998650372 -0.048144143 0.019479429 6.685439110 0.048358902 0.998772621 -0.010708310 -8.961111069 -0.018939976 0.011635862 0.999752939 80.939155579
0.998545170 -0.051633239 0.015543237 6.770607471 0.051871918 0.998535454 -0.015365491 -9.101070404 -0.014727099 0.016149394 0.999761045 82.101684570
0.998408437 -0.054774530 0.013430068 6.824460030 0.054995246 0.998347640 -0.016656226 -9.232027054 -0.012495538 0.017368305 0.999770999 83.239562988
0.998454690 -0.054797307 0.009241670 6.895153046 0.054915868 0.998404980 -0.013104740 -9.363013268 -0.008508825 0.013592007 0.999871373 84.390563965
0.998443484 -0.055385713 0.006561453 6.955593109 0.055454049 0.998403549 -0.010736705 -9.489445686 -0.005956315 0.011083853 0.999920845 85.522445679
0.998588204 -0.052788280 0.005906134 7.005073547 0.052857988 0.998525620 -0.012346275 -9.619715691 -0.005245687 0.012641032 0.999906301 86.663673401
0.998779714 -0.049149167 0.004830922 7.060327530 0.049218860 0.998666823 -0.015560757 -9.749521255 -0.004059682 0.015779544 0.999867201 87.796752930
0.998842061 -0.047984809 0.003475906 7.112944126 0.048039790 0.998683453 -0.017991457 -9.882167816 -0.002608013 0.018137606 0.999832094 88.914672852
0.998793900 -0.049032539 0.002561728 7.167298794 0.049071629 0.998624027 -0.018493906 -10.016438484 -0.001651400 0.018597310 0.999825716 90.030975342
0.998750150 -0.049942896 0.001970066 7.204296589 0.049968492 0.998616874 -0.016352253 -10.148659706 -0.001150663 0.016430257 0.999864340 91.136787415
0.998656392 -0.051817432 0.000680292 7.263219833 0.051821895 0.998563886 -0.013591235 -10.275477409 0.000024948 0.013608227 0.999907374 92.246223450
0.998675704 -0.051444132 0.000664331 7.312791348 0.051448420 0.998590112 -0.013065179 -10.402320862 0.000008732 0.013082051 0.999914408 93.383079529
0.998643458 -0.052067257 0.000503727 7.355387211 0.052068904 0.998528361 -0.015163513 -10.536820412 0.000286537 0.015169171 0.999884903 94.524795532
0.998636484 -0.052203339 -0.000052104 7.411571503 0.052193038 0.998458207 -0.018900044 -10.664573669 0.001038669 0.018871555 0.999821365 95.625190735
0.998591840 -0.053048033 -0.000548660 7.466836929 0.053026933 0.998398542 -0.019713374 -10.800089836 0.001593537 0.019656520 0.999805450 96.732482910
0.998579621 -0.053280141 0.000080045 7.511702061 0.053272154 0.998401582 -0.018875448 -10.930047035 0.000925770 0.018852901 0.999821842 97.806251526
0.998596609 -0.052958447 0.000512589 7.561405182 0.052960616 0.998510063 -0.013144899 -11.053188324 0.000184308 0.013153601 0.999913394 98.895248413
0.998694599 -0.051045865 0.001863701 7.608675003 0.051062200 0.998643935 -0.010141484 -11.175162315 -0.001343493 0.010223408 0.999946833 99.964149475
0.998772025 -0.049391251 0.003876121 7.661078930 0.049428124 0.998726845 -0.010076446 -11.290503502 -0.003373498 0.010255663 0.999941707 101.014274597
0.998839915 -0.047844060 0.005444185 7.718086720 0.047904421 0.998785079 -0.011557675 -11.419530869 -0.004884606 0.011805069 0.999918342 102.063667297
0.998813510 -0.048082385 0.007730626 7.772185326 0.048188165 0.998738170 -0.014134636 -11.536308289 -0.007041246 0.014490387 0.999870181 103.077392578
0.998728454 -0.049517095 0.009454457 7.837752819 0.049652617 0.998658657 -0.014681671 -11.655900955 -0.008714780 0.015132442 0.999847472 104.088951111
0.998622954 -0.051209833 0.011385933 7.895110607 0.051366039 0.998583436 -0.013877950 -11.784684181 -0.010659116 0.014443690 0.999838889 105.093223572
0.998607635 -0.051099766 0.013099982 7.956284523 0.051260658 0.998610079 -0.012253905 -11.900082588 -0.012455605 0.012908358 0.999839127 106.053939819
0.998537600 -0.052113336 0.014384045 8.013913155 0.052271858 0.998573720 -0.010873153 -12.010632515 -0.013796895 0.011609132 0.999837399 107.008499146
0.998465002 -0.052953217 0.016237600 8.072399139 0.053142425 0.998521328 -0.011450676 -12.116054535 -0.015607239 0.012296004 0.999802470 107.927642822
0.998460472 -0.052422076 0.018128321 8.128427505 0.052598152 0.998571873 -0.009375979 -12.220001221 -0.017610921 0.010315060 0.999791682 108.831726074
0.998462915 -0.051650297 0.020099152 8.185471535 0.051803935 0.998631358 -0.007199685 -12.317999840 -0.019699775 0.008229834 0.999772131 109.702209473
0.998434305 -0.051836286 0.021021415 8.248288155 0.051931649 0.998642564 -0.004015498 -12.421441078 -0.020784732 0.005100888 0.999770939 110.558738708
0.998390734 -0.051998436 0.022627536 8.308355331 0.052098759 0.998634458 -0.003866542 -12.513450623 -0.022395583 0.005039187 0.999736428 111.385536194
0.998415649 -0.050950944 0.023877468 8.358036041 0.051037654 0.998692036 -0.003035587 -12.605138779 -0.023691572 0.004249427 0.999710262 112.197921753
0.998526633 -0.048519287 0.024296366 8.410469055 0.048602536 0.998814106 -0.002846912 -12.684286118 -0.024129424 0.004023582 0.999700725 112.980422974
0.998653173 -0.046238016 0.023530822 8.457699776 0.046240102 0.998930216 0.000455724 -12.763817787 -0.023526721 0.000632958 0.999723017 113.731758118
0.998730063 -0.046060275 0.020413078 8.505125046 0.046040408 0.998938501 0.001442577 -12.850436211 -0.020457853 -0.000500919 0.999790609 114.486808777
0.998843133 -0.045995213 0.014021366 8.539916992 0.045979876 0.998941481 0.001413850 -12.923527718 -0.014071551 -0.000767514 0.999900758 115.185096741
0.999009669 -0.044328123 0.003840199 8.564011574 0.044327486 0.999017060 0.000248460 -12.998655319 -0.003847439 -0.000077988 0.999992609 115.855506897
0.999080718 -0.041651502 -0.010137774 8.564814568 0.041628003 0.999130011 -0.002517689 -13.068411827 0.010233819 0.002093359 0.999945521 116.491859436
0.998759091 -0.040352177 -0.029185884 8.564170837 0.040222723 0.999178112 -0.005009315 -13.137113571 0.029364033 0.003829163 0.999561429 117.113372803
0.997911692 -0.038771775 -0.051662605 8.531511307 0.038439464 0.999233425 -0.007410896 -13.206375122 0.051910337 0.005409537 0.998637140 117.701324463
0.996161819 -0.037186373 -0.079237714 8.487837791 0.036554560 0.999287307 -0.009409778 -13.272549629 0.079531156 0.006477163 0.996811271 118.270362854
0.993137896 -0.035231777 -0.111515440 8.417964935 0.034217801 0.999354005 -0.010994136 -13.344493866 0.111830741 0.007102882 0.993701875 118.816619873
0.988686204 -0.030565500 -0.146851674 8.308088303 0.028990259 0.999496996 -0.012855534 -13.406935692 0.147170737 0.008452820 0.989075005 119.360412598
0.982443273 -0.024423130 -0.184955969 8.189514160 0.022531342 0.999670327 -0.012323502 -13.467068672 0.185195953 0.007939835 0.982669532 119.868644714
0.973837435 -0.019157736 -0.226436734 8.047136307 0.017264113 0.999797523 -0.010340252 -13.525096893 0.226588964 0.006160496 0.973971009 120.371803284
0.962432504 -0.014434193 -0.271137059 7.873758316 0.012554806 0.999883652 -0.008664837 -13.584951401 0.271230578 0.004935247 0.962501824 120.865921021
0.948081255 -0.008350402 -0.317918539 7.682300568 0.005640125 0.999939501 -0.009444545 -13.639366150 0.317978233 0.007161095 0.948071003 121.336959839
0.930507600 -0.000368349 -0.366272360 7.453090668 -0.003594951 0.999942064 -0.010138510 -13.699688911 0.366254926 0.010750690 0.930452466 121.815467834
0.909384310 0.004085443 -0.415936857 7.200065613 -0.009520330 0.999894261 -0.010993564 -13.752749443 0.415847957 0.013957229 0.909327030 122.240058899
0.884159923 0.008336404 -0.467110068 6.933151245 -0.014594100 0.999845624 -0.009780137 -13.805920601 0.466956377 0.015464256 0.884145141 122.653007507
0.855187237 0.011638227 -0.518188477 6.647552490 -0.019622102 0.999758184 -0.009929130 -13.846180916 0.517947555 0.018659214 0.855208814 123.047698975
0.823619366 0.021224551 -0.566745520 6.314712524 -0.030250058 0.999521077 -0.006528761 -13.898622513 0.566335559 0.022521300 0.823866904 123.420524597
0.790079653 0.034396119 -0.612038374 5.955940247 -0.043698221 0.999044836 -0.000264388 -13.936969757 0.611444652 0.026953874 0.790827990 123.776626587
0.753573656 0.043823957 -0.655901015 5.619365692 -0.055107854 0.998474717 0.003398803 -13.994270325 0.655049562 0.033584055 0.754839063 124.080627441
0.713767409 0.047581676 -0.698764622 5.251697540 -0.062327120 0.998046458 0.004295664 -14.038045883 0.697604120 0.040485878 0.715338707 124.376251221
0.671212673 0.049225640 -0.739628494 4.872062683 -0.064949915 0.997860610 0.007470129 -14.085561752 0.738413930 0.043024763 0.672973752 124.661651611
0.627287149 0.052742567 -0.777000070 4.458530426 -0.068371557 0.997581363 0.012517903 -14.120422363 0.775781155 0.045272376 0.629375935 124.932861328
0.581786990 0.061559595 -0.811008215 4.049060822 -0.079189114 0.996681392 0.018845811 -14.157697678 0.809477031 0.053258780 0.584731102 125.157043457
0.536700845 0.070433043 -0.840827823 3.572677612 -0.092173353 0.995440304 0.024550058 -14.175040245 0.838723004 0.064325884 0.540745676 125.387313843
0.489823759 0.075619206 -0.868535817 3.123725891 -0.097961679 0.994696081 0.031356417 -14.199619293 0.866300285 0.069724120 0.494633496 125.579681396
0.442234397 0.076838739 -0.893602073 2.663520813 -0.097228847 0.994559050 0.037402250 -14.225846291 0.891613841 0.070343331 0.447299153 125.761322021
0.394800723 0.078366168 -0.915418565 2.186435699 -0.094941556 0.994501591 0.044189926 -14.247146606 0.913848162 0.069465049 0.400070071 125.937301636
0.349862754 0.081336908 -0.933263302 1.687774658 -0.096481405 0.994054615 0.050466001 -14.271446228 0.931819320 0.072386384 0.355630159 126.072998047
0.306350768 0.084866829 -0.948128045 1.188377380 -0.102210552 0.993192375 0.055875160 -14.292667389 0.946415424 0.079791293 0.312939584 126.186737061
0.264914274 0.086020410 -0.960427523 0.671445847 -0.106803328 0.992502332 0.059433665 -14.307888031 0.958338857 0.086832017 0.272115290 126.287719727
0.225148261 0.082726210 -0.970806122 0.141479492 -0.107063241 0.992455840 0.059741087 -14.325726509 0.968424261 0.090487063 0.232306704 126.390022278
0.189897344 0.078177825 -0.978686452 -0.394426346 -0.101974256 0.993004024 0.059535153 -14.351549149 0.976493835 0.088495255 0.196540907 126.480987549
0.159680501 0.072355591 -0.984513462 -0.950611115 -0.100071095 0.993359089 0.056774952 -14.364927292 0.982083440 0.089455485 0.165860817 126.558761597
0.132851318 0.070825554 -0.988602161 -1.513198853 -0.100930259 0.993225157 0.057593442 -14.387167931 0.985983551 0.092128515 0.139099717 126.630020142
0.111095995 0.069783986 -0.991356552 -2.099327087 -0.101858243 0.993077934 0.058490437 -14.400498390 0.988575995 0.094479784 0.117435083 126.688835144
0.092766777 0.071445502 -0.993121266 -2.705787659 -0.103850342 0.992676497 0.061712917 -14.415767670 0.990257204 0.097411089 0.099507034 126.736602783
0.076793246 0.070195012 -0.994572937 -3.310047150 -0.105613053 0.992479265 0.061892636 -14.446269989 0.991437674 0.100286961 0.083629236 126.783309937
0.062967911 0.068588793 -0.995656013 -3.954051018 -0.103129894 0.992742002 0.061865862 -14.468920708 0.992672741 0.098786317 0.069584467 126.834274292
0.050452735 0.066024870 -0.996541619 -4.584691525 -0.099267699 0.993202806 0.060777966 -14.492343903 0.993780911 0.095857985 0.056663945 126.883171082
0.038183905 0.063508414 -0.997250557 -5.234756470 -0.096680336 0.993531227 0.059569739 -14.511386871 0.994582832 0.094139919 0.044076920 126.924942017
0.027477231 0.062937178 -0.997639239 -5.896384716 -0.096587680 0.993513346 0.060016669 -14.531872749 0.994945109 0.094710559 0.033377957 126.952346802
0.018165657 0.064710677 -0.997738659 -6.582675934 -0.100391693 0.992978275 0.062574118 -14.561667442 0.994782090 0.099027976 0.024534520 126.972801208
0.009759106 0.063614301 -0.997926891 -7.263389587 -0.102684744 0.992762208 0.062280893 -14.580391884 0.994666040 0.101864040 0.016220691 126.989501953
0.003126686 0.063310750 -0.997988939 -7.950225830 -0.105376102 0.992458284 0.062629744 -14.605327606 0.994427502 0.104968362 0.009774547 127.004661560
-0.002328354 0.064346783 -0.997924805 -8.656252861 -0.105959885 0.992293775 0.064230904 -14.626217842 0.994367659 0.105889574 0.004507766 127.025794983
-0.005615159 0.066953756 -0.997740209 -9.367033005 -0.108323537 0.991843998 0.067167714 -14.646234512 0.994099736 0.108455926 0.001683307 127.042915344
-0.006137002 0.070654251 -0.997481883 -10.081135750 -0.110338613 0.991362095 0.070899613 -14.670481682 0.993875086 0.110495895 0.001711903 127.048187256
-0.007842745 0.073966943 -0.997229815 -10.819761276 -0.112792231 0.990830719 0.074379362 -14.688877106 0.993587613 0.113063112 0.000572064 127.068511963
-0.008461954 0.079488091 -0.996799946 -11.561477661 -0.117562868 0.989843309 0.079931371 -14.696709633 0.993029356 0.117863037 0.000968840 127.075675964
-0.009742014 0.083108433 -0.996492922 -12.299054146 -0.120478049 0.989183128 0.083676629 -14.709118843 0.992668152 0.120870695 0.000376107 127.086669922
-0.011376751 0.083669327 -0.996428549 -13.045885086 -0.120257139 0.989145935 0.084430821 -14.729977608 0.992677510 0.120788231 -0.001191435 127.107643127
-0.013092007 0.080567330 -0.996663153 -13.789878845 -0.117909461 0.989670038 0.081550866 -14.749079704 0.992938042 0.118583679 -0.003457117 127.128807068
-0.014740114 0.076728091 -0.996943116 -14.551897049 -0.121340223 0.989545405 0.077952780 -14.751520157 0.992501616 0.122118339 -0.005275807 127.139907837
-0.015393025 0.078783825 -0.996772885 -15.327489853 -0.126659349 0.988706768 0.080102257 -14.765970230 0.991826832 0.127483621 -0.005240483 127.136024475
-0.017164834 0.082398020 -0.996451676 -16.096210480 -0.123692989 0.988767982 0.083893366 -14.781296730 0.992172062 0.124694102 -0.006779982 127.151374817
-0.018673938 0.082552128 -0.996411800 -16.872318268 -0.122888528 0.988839805 0.084227867 -14.799175262 0.992244720 0.124020450 -0.008320823 127.159889221
-0.020398987 0.081435502 -0.996469855 -17.669036865 -0.125719652 0.988557160 0.083362490 -14.811163902 0.991856158 0.126976341 -0.009927517 127.164772034
-0.020849710 0.081189014 -0.996480644 -18.456445694 -0.130375668 0.987965643 0.083223149 -14.817302704 0.991245389 0.131652012 -0.010013724 127.162132263
-0.021890553 0.085570231 -0.996091723 -19.260717392 -0.132170752 0.987337649 0.087722860 -14.825187683 0.990985155 0.133574471 -0.010303484 127.164207458
-0.022712952 0.089891836 -0.995692492 -20.073322296 -0.130833104 0.987116933 0.092102103 -14.834427834 0.991144121 0.132361442 -0.010659508 127.178855896
-0.021878397 0.092428103 -0.995478988 -20.899011612 -0.132503778 0.986665249 0.094521925 -14.849130630 0.990940988 0.133972690 -0.009339579 127.193084717
-0.020059954 0.091207385 -0.995629847 -21.716861725 -0.131928608 0.986880958 0.093064010 -14.855657578 0.991056144 0.133218929 -0.007763923 127.203758240
-0.018805141 0.091158763 -0.995658815 -22.548860550 -0.131982818 0.986893833 0.092849068 -14.860354424 0.991073608 0.133155897 -0.006527286 127.212280273
-0.018802457 0.090132095 -0.995752335 -23.381523132 -0.130573496 0.987177432 0.091821499 -14.865930557 0.991260350 0.131745294 -0.006792501 127.234939575
-0.017874939 0.092003860 -0.995598197 -24.220386505 -0.131482139 0.986893594 0.093560092 -14.872072220 0.991157472 0.132575765 -0.005543799 127.251014709
-0.017356459 0.094181150 -0.995403826 -25.058113098 -0.133305743 0.986447752 0.095658161 -14.875393867 0.990922987 0.134353340 -0.004566352 127.266746521
-0.017246570 0.096541129 -0.995179594 -25.924083710 -0.135911733 0.985862792 0.097992688 -14.874527931 0.990570843 0.136946648 -0.003881679 127.279632568
-0.015643740 0.097746514 -0.995088398 -26.786870956 -0.138104871 0.985460103 0.098971874 -14.872707367 0.990294158 0.138974845 -0.001917010 127.290634155
-0.014009710 0.100775175 -0.994810581 -27.656475067 -0.144877970 0.984204888 0.101741076 -14.872987747 0.989350379 0.145551503 0.000811676 127.305282593
-0.011532488 0.104483381 -0.994459867 -28.540931702 -0.149531677 0.983162701 0.105030559 -14.867482185 0.988689601 0.149914518 0.004285267 127.317459106
-0.009371664 0.106325962 -0.994287133 -29.415592194 -0.151980698 0.982627690 0.106511623 -14.862947464 0.988339007 0.152110621 0.006950636 127.346534729
-0.005349495 0.107081793 -0.994235754 -30.317409515 -0.150936529 0.982772589 0.106659286 -14.863260269 0.988528967 0.150637046 0.010905215 127.364105225
-0.002811633 0.107091159 -0.994245231 -31.207435608 -0.153567314 0.982409358 0.106250554 -14.858636856 0.988134086 0.152982324 0.013683525 127.393898010
-0.000239673 0.111019284 -0.993818283 -32.111045837 -0.154024154 0.981954992 0.109731197 -14.852130890 0.988066971 0.153098315 0.016864303 127.422264099
0.001984021 0.112656735 -0.993631959 -33.028114319 -0.152570009 0.982035220 0.111037262 -14.847175598 0.988290668 0.151378140 0.019136418 127.465522766
0.003726061 0.113915160 -0.993483424 -33.921279907 -0.153180644 0.981830299 0.112004474 -14.844461441 0.988191187 0.151765063 0.021107957 127.505966187
0.006430702 0.112135246 -0.993672132 -34.825820923 -0.154627293 0.981852412 0.109800711 -14.838622093 0.987951934 0.152942747 0.023653174 127.534164429
0.006722593 0.113336235 -0.993533909 -35.735923767 -0.158988312 0.981039405 0.110835172 -14.829869270 0.987257540 0.157215208 0.024614269 127.574752808
0.007728777 0.113896728 -0.993462503 -36.629238129 -0.159710586 0.980879545 0.111211643 -14.825435638 0.987133682 0.157806963 0.025771514 127.612541199
0.008047315 0.110456437 -0.993848383 -37.527523041 -0.160187259 0.981187820 0.107752286 -14.824698448 0.987053871 0.158334732 0.025589639 127.645202637
0.008972671 0.106174603 -0.994306982 -38.437438965 -0.161222979 0.981491506 0.103351250 -14.824693680 0.986877143 0.159377828 0.025924392 127.689888000
0.009446572 0.105340764 -0.994391322 -39.335262299 -0.160795912 0.981654644 0.102463961 -14.819999695 0.986942410 0.158926114 0.026211632 127.730911255
0.009410339 0.109416299 -0.993951559 -40.240329742 -0.163362592 0.980809331 0.106422924 -14.815896988 0.986521244 0.161373004 0.027104281 127.767997742
0.009578160 0.115717329 -0.993236005 -41.175926208 -0.163803548 0.980045617 0.112600945 -14.806053162 0.986446500 0.161617070 0.028341947 127.809310913
0.009787337 0.114441901 -0.993381739 -42.070331573 -0.161549017 0.980560005 0.111373119 -14.807958603 0.986816227 0.159389809 0.028085049 127.853302002
0.010639803 0.104027644 -0.994517565 -42.960586548 -0.160884559 0.981794298 0.100975558 -14.813724518 0.986915886 0.158928141 0.027182540 127.896179199
0.011080793 0.093432695 -0.995563924 -43.882343292 -0.162497580 0.982558727 0.090403534 -14.818613052 0.986646712 0.160774961 0.026070114 127.934234619
0.010064759 0.090357170 -0.995858550 -44.784732819 -0.159443781 0.983312130 0.087607346 -14.827630043 0.987155616 0.157901704 0.024303690 127.978347778
0.009912385 0.100448087 -0.994892895 -45.707008362 -0.152108327 0.983514845 0.097783811 -14.832063675 0.988314152 0.150362223 0.025027970 128.026443481
0.009983500 0.113650016 -0.993470669 -46.647747040 -0.147163153 0.982868850 0.110958368 -14.829256058 0.989061773 0.145094559 0.026537571 128.083602905
0.009973805 0.122802436 -0.992381036 -47.570434570 -0.147354782 0.981776237 0.120009154 -14.822395325 0.989033401 0.145035163 0.027887570 128.129272461
0.010007725 0.117017172 -0.993079424 -48.486831665 -0.147451028 0.982445300 0.114278175 -14.819513321 0.989018679 0.145286918 0.027086342 128.168823242
0.010111146 0.103260159 -0.994602978 -49.419849396 -0.147034705 0.983995616 0.100664146 -14.817947388 0.989079654 0.145223320 0.025132149 128.208114624
0.010810452 0.094367400 -0.995478809 -50.334613800 -0.147527084 0.984793067 0.091752380 -14.818786621 0.988998950 0.145868182 0.024567809 128.250854492
0.011384808 0.094663501 -0.995444238 -51.267059326 -0.146905005 0.984865010 0.091977313 -14.832263947 0.989085019 0.145188600 0.025119040 128.294494629
0.010924669 0.095805354 -0.995340228 -52.224018097 -0.150056481 0.984284759 0.093094252 -14.844319344 0.988617003 0.148340225 0.025129203 128.332611084
0.011453791 0.095370680 -0.995375872 -53.151451111 -0.154614061 0.983638227 0.092466921 -14.848955154 0.987908542 0.152840048 0.026012035 128.366363525
0.011912772 0.094926387 -0.995412946 -54.091945648 -0.156398430 0.983408391 0.091909878 -14.854312897 0.987622201 0.154586107 0.026561460 128.407485962
0.012460302 0.102398314 -0.994665384 -55.050899506 -0.164966524 0.981322289 0.098958112 -14.855207443 0.986220360 0.162853479 0.029119868 128.451309204
0.014585524 0.111762851 -0.993627846 -56.008590698 -0.171333700 0.979315460 0.107637987 -14.843931198 0.985105097 0.168672025 0.033432573 128.479171753
0.015953392 0.119840145 -0.992664993 -56.954078674 -0.171616942 0.978386462 0.115358233 -14.836559296 0.985034585 0.168517798 0.036175184 128.523468018
0.016796909 0.120990738 -0.992511570 -57.896587372 -0.173062265 0.978020787 0.116295457 -14.833952904 0.984767675 0.169812888 0.037366670 128.568359375
0.018121600 0.110914938 -0.993664682 -58.839511871 -0.174653858 0.978898644 0.106081560 -14.824691772 0.984463215 0.171625033 0.037110943 128.621063232
0.018980153 0.105844468 -0.994201541 -59.819362640 -0.172739699 0.979774475 0.101010762 -14.829237938 0.984784603 0.169820860 0.036879808 128.688140869
0.021134092 0.104410283 -0.994309723 -60.771343231 -0.171563253 0.980158210 0.099277675 -14.828718185 0.984946430 0.168488875 0.038627721 128.741607666
0.024636345 0.110082172 -0.993617058 -61.734237671 -0.172673330 0.979448736 0.104231089 -14.824039459 0.984670937 0.169003323 0.043138292 128.795867920
0.028446268 0.112378784 -0.993258178 -62.716098785 -0.175540984 0.978779912 0.105713293 -14.830574036 0.984061062 0.171350390 0.047569714 128.842788696
0.032123543 0.107375547 -0.993699431 -63.658920288 -0.175471947 0.979376614 0.100155354 -14.832553864 0.983960330 0.171149045 0.050302450 128.913574219
0.035373587 0.101648569 -0.994191229 -64.609558105 -0.175327897 0.980016053 0.093961053 -14.840888977 0.983874381 0.170985743 0.052488513 128.980194092
0.038936585 0.101684354 -0.994054437 -65.570327759 -0.172801733 0.980505824 0.093529887 -14.847846985 0.984186769 0.168132618 0.055748787 129.049896240
0.041496325 0.106067419 -0.993492663 -66.537460327 -0.170417443 0.980529964 0.097565472 -14.857688904 0.984497845 0.165259898 0.058764122 129.124511719
0.044292420 0.112614587 -0.992650986 -67.510459900 -0.170026362 0.979979634 0.103590392 -14.862565041 0.984443724 0.164188534 0.062553100 129.219894409
0.047825675 0.116524667 -0.992035687 -68.466278076 -0.167805478 0.979993820 0.107020393 -14.864430428 0.984659374 0.161350682 0.066422336 129.293807983
0.049520340 0.118164815 -0.991758466 -69.430679321 -0.167201921 0.979944527 0.108408511 -14.868040085 0.984678268 0.160455480 0.068284564 129.381256104
0.051236518 0.115327075 -0.992005348 -70.386535645 -0.165366367 0.980577767 0.105457462 -14.865826607 0.984900415 0.158641011 0.069312617 129.465362549
0.051233001 0.113389298 -0.992228746 -71.343528748 -0.162740618 0.981201530 0.103726126 -14.871213913 0.985337853 0.156161696 0.068722934 129.563598633
0.051472772 0.109644324 -0.992637217 -72.285133362 -0.159597546 0.982083499 0.100202732 -14.881071091 0.985839307 0.153264731 0.068049520 129.655380249
0.051438063 0.110336132 -0.992562354 -73.255981445 -0.158548757 0.982175350 0.100964926 -14.886616707 0.986010313 0.152176067 0.068014853 129.733093262
0.049964916 0.114424519 -0.992174625 -74.207862854 -0.154959589 0.982273757 0.105479077 -14.887097359 0.986656547 0.148476720 0.066810399 129.837570190
0.050256770 0.115432382 -0.992043138 -75.183357239 -0.149741039 0.982941449 0.106787451 -14.884632111 0.987447143 0.143182755 0.066684447 129.922119141
0.049236469 0.111463778 -0.992547989 -76.133010864 -0.146650597 0.983789563 0.103205465 -14.882034302 0.987962127 0.140476272 0.064784564 130.007446289
0.047896758 0.108062714 -0.992989659 -77.084068298 -0.148224145 0.983892798 0.099923171 -14.888953209 0.987793207 0.142399028 0.063142776 130.086593628
0.046854060 0.104086950 -0.993463933 -78.063934326 -0.144614562 0.984785199 0.096357308 -14.888036728 0.988378048 0.139154598 0.061193667 130.156051636
0.045690812 0.105221696 -0.993398607 -79.014717102 -0.145226896 0.984571993 0.097607151 -14.895022392 0.988342822 0.139808416 0.060266919 130.225524902
0.044393737 0.106574506 -0.993313193 -79.963409424 -0.145736679 0.984347522 0.099099226 -14.898704529 0.988326848 0.140362784 0.059230682 130.305801392
0.044025030 0.107475989 -0.993232489 -80.931571960 -0.148280010 0.983887494 0.099892266 -14.907638550 0.987964988 0.142878756 0.059252210 130.364761353
0.042619094 0.107867301 -0.993251383 -81.889228821 -0.148081437 0.983856201 0.100492992 -14.905164719 0.988056421 0.142799199 0.057904199 130.434844971
0.040614828 0.108279616 -0.993290484 -82.842926025 -0.148237124 0.983762383 0.101179644 -14.907425880 0.988117397 0.143133149 0.056006406 130.503631592
0.038280398 0.111273497 -0.993052363 -83.786659241 -0.148055583 0.983443618 0.104489550 -14.910696983 0.988237858 0.143027037 0.054121282 130.579238892
0.036690544 0.115193859 -0.992665172 -84.749000549 -0.149726391 0.982755125 0.108509712 -14.904311180 0.988046467 0.144646853 0.053305387 130.631439209
0.034453489 0.119935527 -0.992183685 -85.698204041 -0.150828168 0.982026160 0.113470182 -14.893940926 0.987959445 0.145739794 0.051923882 130.696334839
0.032766253 0.120237552 -0.992204249 -86.646865845 -0.150985405 0.981939733 0.114007577 -14.895038605 0.987992823 0.146072730 0.050328601 130.756958008
0.031154720 0.114196934 -0.992969513 -87.589805603 -0.151149303 0.982565045 0.108257994 -14.887115479 0.988019884 0.146713898 0.047872331 130.822006226
0.028895227 0.109728992 -0.993541479 -88.528320312 -0.155904949 0.982286990 0.103951834 -14.882026672 0.987349391 0.151894271 0.045490697 130.882507324
0.028870961 0.107293621 -0.993808031 -89.504791260 -0.154294923 0.982784927 0.101621129 -14.875008583 0.987602949 0.150405645 0.044928804 130.924575806
0.027957387 0.108586907 -0.993693709 -90.456542969 -0.150262058 0.983243406 0.103217319 -14.882422447 0.988250852 0.146428809 0.043805413 130.984527588
0.027239978 0.109434925 -0.993620634 -91.409309387 -0.146753967 0.983657360 0.104314335 -14.878289223 0.988797903 0.142976239 0.042854805 131.049301147
0.026076008 0.109631181 -0.993630230 -92.354797363 -0.141850889 0.984316170 0.104880907 -14.883867264 0.989544570 0.138212427 0.041218314 131.114730835
0.024787297 0.106820971 -0.993969202 -93.304855347 -0.137519896 0.985186636 0.102447659 -14.890548706 0.990188777 0.134151146 0.039110117 131.175704956
0.023872124 0.103569694 -0.994335771 -94.245994568 -0.132130146 0.986220479 0.099552222 -14.895339966 0.990944862 0.129005209 0.037227854 131.238998413
0.022838166 0.106279448 -0.994073987 -95.211128235 -0.130912289 0.986089528 0.102418184 -14.903254509 0.991130829 0.127797455 0.036433756 131.296295166
0.020782832 0.108577214 -0.993870735 -96.164169312 -0.130120009 0.985924065 0.104988113 -14.906352043 0.991280437 0.127140552 0.034618363 131.359268188
0.018884286 0.107073188 -0.994071722 -97.113113403 -0.125579968 0.986629188 0.103885911 -14.911249161 0.991903722 0.122873709 0.032078043 131.415817261
0.016270977 0.102953643 -0.994552970 -98.070434570 -0.123128757 0.987320185 0.100190513 -14.903359413 0.992257237 0.120827921 0.028741226 131.469635010
0.013606894 0.100607961 -0.994832993 -99.034103394 -0.122055225 0.987652242 0.098212324 -14.909614563 0.992430031 0.120088235 0.025718609 131.508483887
0.011058973 0.099918351 -0.994934201 -99.973503113 -0.116044298 0.988400280 0.097972311 -14.928714752 0.993182480 0.114372984 0.022525651 131.564559937
0.008304790 0.101336427 -0.994817615 -100.925895691 -0.109444641 0.988967359 0.099826857 -14.935296059 0.993958294 0.108048409 0.019303896 131.616516113
0.006259768 0.108061127 -0.994124591 -101.903388977 -0.099706255 0.989257395 0.106904238 -14.927677155 0.994997323 0.098451249 0.016966891 131.669998169
0.003156797 0.115405932 -0.993313253 -102.867164612 -0.090906076 0.989238501 0.114643611 -14.918521881 0.995854378 0.089936331 0.013613926 131.731658936
-0.000567293 0.114230104 -0.993454158 -103.814682007 -0.086239949 0.989747584 0.113853149 -14.909249306 0.996274173 0.085740015 0.009289721 131.788803101
-0.002652574 0.105340049 -0.994432688 -104.779556274 -0.087764785 0.990574300 0.105165444 -14.921299934 0.996137679 0.087555133 0.006617576 131.811431885
-0.004017739 0.094978586 -0.995471179 -105.732421875 -0.089586377 0.991442204 0.094955750 -14.917942047 0.995970964 0.089562170 0.004525433 131.837951660
-0.004778109 0.095946811 -0.995374978 -106.691184998 -0.096048549 0.990740120 0.095961124 -14.912503242 0.995365202 0.096062839 0.004481687 131.858032227
-0.005530051 0.106231503 -0.994326115 -107.642791748 -0.099777438 0.989320457 0.106251650 -14.914046288 0.994994462 0.099798881 0.005128515 131.892929077
-0.006867638 0.117199376 -0.993084669 -108.628486633 -0.104315847 0.987605691 0.117274180 -14.900703430 0.994520485 0.104399852 0.005443235 131.918746948
-0.007951649 0.118550986 -0.992916167 -109.584732056 -0.111322373 0.986670315 0.118696779 -14.885982513 0.993752480 0.111477606 0.005351721 131.939956665
-0.008279649 0.116346762 -0.993174255 -110.549171448 -0.118774407 0.986062646 0.116503842 -14.877013206 0.992886722 0.118928291 0.005654764 131.961273193
-0.007725546 0.112503096 -0.993621290 -111.506652832 -0.126959443 0.985499442 0.112570629 -14.867079735 0.991877794 0.127019286 0.006669811 131.978500366
-0.005407723 0.113661774 -0.993504763 -112.465171814 -0.131030634 0.984872699 0.113387436 -14.846294403 0.991363585 0.130792752 0.009567257 132.004714966
-0.004825254 0.115816444 -0.993258834 -113.428871155 -0.139246434 0.983515739 0.115356818 -14.838105202 0.990246058 0.138864368 0.011381310 132.028869629
-0.004085761 0.118378863 -0.992960095 -114.391181946 -0.148356840 0.981908083 0.117671728 -14.823913574 0.988925457 0.147793204 0.013550475 132.049926758
-0.003713859 0.120169476 -0.992746413 -115.372016907 -0.154263407 0.980800807 0.119300574 -14.803305626 0.988022685 0.153587535 0.014895200 132.072982788
-0.003183357 0.119517893 -0.992826998 -116.333030701 -0.157811850 0.980330825 0.118519597 -14.791077614 0.987464011 0.157057151 0.015740598 132.099548340
-0.001590059 0.110156700 -0.993912935 -117.286773682 -0.156355113 0.981662691 0.109049097 -14.799389839 0.987699628 0.155576751 0.015662659 132.129913330
-0.000615079 0.098603919 -0.995126605 -118.237190247 -0.159426346 0.982389212 0.097440377 -14.795225143 0.987209618 0.158709332 0.015115819 132.164703369
