1.000000000 0.000000000 0.000000000 0.000000000 0.000000000 1.000000000 0.000000000 0.000000000 0.000000000 0.000000000 1.000000000 0.000000000
0.999997735 -0.001597213 -0.001390287 0.050052170 0.001594200 0.999996364 -0.002165183 -0.132460251 0.001393740 0.002162962 0.999996662 1.297421813
0.999997556 -0.000033188 -0.002220441 0.107174717 0.000019106 0.999979913 -0.006341814 -0.267980158 0.002220607 0.006341756 0.999977410 2.604776621
0.999996364 0.002351455 -0.001306466 0.149721012 -0.002361609 0.999966562 -0.007825742 -0.407238841 0.001288020 0.007828799 0.999968529 3.908253431
0.999983788 0.005678774 0.000315689 0.193362907 -0.005676592 0.999962509 -0.006528846 -0.546103776 -0.000352753 0.006526948 0.999978662 5.220336914
0.999975920 0.006496880 0.002436496 0.244138509 -0.006489018 0.999973774 -0.003221001 -0.690287232 -0.002457359 0.003205112 0.999991834 6.540655136
0.999960303 0.006748532 0.005830601 0.299402595 -0.006737721 0.999975502 -0.001871949 -0.827979147 -0.005843092 0.001832589 0.999981225 7.843786240
0.999943614 0.005204373 0.009251689 0.354290277 -0.005187917 0.999984920 -0.001801635 -0.960947454 -0.009260926 0.001753536 0.999955595 9.147214890
0.999912918 0.003910897 0.012607723 0.432272136 -0.003889191 0.999990880 -0.001745671 -1.097494125 -0.012614436 0.001696485 0.999918997 10.447322845
0.999869168 0.002521862 0.015969910 0.498030305 -0.002484067 0.999994040 -0.002386031 -1.236510396 -0.015975833 0.002346048 0.999869645 11.754177094
0.999811292 0.001380948 0.019372163 0.575031996 -0.001320288 0.999994159 -0.003143746 -1.372942090 -0.019376392 0.003117576 0.999807358 13.047459602
0.999744475 0.001389214 0.022563474 0.646820903 -0.001317065 0.999993980 -0.003212171 -1.521253109 -0.022567799 0.003181633 0.999740243 14.367121696
0.999662459 0.001334157 0.025948312 0.731750727 -0.001225365 0.999990404 -0.004208110 -1.659784079 -0.025953673 0.004174894 0.999654472 15.662258148
0.999573588 0.002141645 0.029119166 0.814481139 -0.002020891 0.999989212 -0.004175672 -1.797931790 -0.029127801 0.004115045 0.999567211 16.968708038
0.999471605 0.001729479 0.032457262 0.901310563 -0.001608476 0.999991655 -0.003753798 -1.936280131 -0.032463487 0.003699608 0.999466062 18.256195068
0.999408543 0.000269449 0.034386549 1.005156875 -0.000149742 0.999993920 -0.003483727 -2.079325199 -0.034387272 0.003476517 0.999402523 19.555208206
0.999348164 -0.002342513 0.036023535 1.105044007 0.002516480 0.999985397 -0.004784666 -2.219907522 -0.036011800 0.004872201 0.999339461 20.830587387
0.999303937 -0.002017341 0.037249967 1.199292660 0.002261471 0.999976218 -0.006512852 -2.362393141 -0.037235934 0.006592559 0.999284744 22.139848709
0.999258637 -0.001870391 0.038454689 1.283044457 0.002221739 0.999956071 -0.009095961 -2.506798267 -0.038435992 0.009174654 0.999218881 23.426856995
0.999220490 -0.001269750 0.039456643 1.386584520 0.001689470 0.999942243 -0.010605967 -2.648612976 -0.039440896 0.010664362 0.999164999 24.712011337
0.999181092 -0.000568295 0.040458687 1.487306356 0.001027106 0.999935329 -0.011320339 -2.795059443 -0.040449645 0.011352625 0.999117076 25.981042862
0.999154150 -0.002213862 0.041060723 1.584630609 0.002635806 0.999944210 -0.010224802 -2.941164017 -0.041035794 0.010324381 0.999104321 27.273893356
0.999150634 -0.005151091 0.040883407 1.690375328 0.005522152 0.999944568 -0.008968350 -3.087659359 -0.040834934 0.009186497 0.999123693 28.551946640
0.999170840 -0.006659762 0.040166013 1.784755826 0.007045170 0.999930441 -0.009461472 -3.234188557 -0.040100206 0.009736602 0.999148190 29.841949463
0.999180913 -0.008338471 0.039597012 1.884269714 0.008819339 0.999889255 -0.011984937 -3.379149914 -0.039492693 0.012324339 0.999143898 31.104362488
0.999219716 -0.008449459 0.038581807 1.996007919 0.008917664 0.999888480 -0.011979400 -3.529153109 -0.038476277 0.012314110 0.999183655 32.391544342
0.999240279 -0.008960850 0.037929446 2.096092701 0.009436526 0.999878883 -0.012380670 -3.672784328 -0.037813909 0.012729187 0.999203682 33.662082672
0.999250352 -0.009692961 0.037479576 2.192176819 0.010169106 0.999869823 -0.012534450 -3.816086769 -0.037353184 0.012906191 0.999218762 34.926959991
0.999260485 -0.010333362 0.037037145 2.282854080 0.010829586 0.999853849 -0.013222492 -3.958367348 -0.036895089 0.013613810 0.999226451 36.183937073
0.999308050 -0.010876360 0.035567828 2.404045582 0.011353673 0.999847829 -0.013245487 -4.117727757 -0.035418358 0.013640147 0.999279499 37.476760864
0.999301255 -0.010588060 0.035844650 2.492419958 0.011000145 0.999875426 -0.011318810 -4.265586853 -0.035720333 0.011705196 0.999293268 38.742702484
0.999270201 -0.010444487 0.036742736 2.593361378 0.010827545 0.999888957 -0.010241825 -4.404568672 -0.036631696 0.010632185 0.999272227 39.998699188
0.999200761 -0.012063976 0.038111378 2.711164236 0.012401627 0.999885857 -0.008635611 -4.546386242 -0.038002845 0.009101352 0.999236226 41.246986389
0.999078631 -0.013393166 0.040773895 2.799018383 0.013803452 0.999856830 -0.009797602 -4.692947865 -0.040636834 0.010351396 0.999120355 42.503318787
0.998951018 -0.014426429 0.043460011 2.890643835 0.014998939 0.999804616 -0.012876095 -4.843467712 -0.043265764 0.013514442 0.998972118 43.755031586
0.998860359 -0.015640790 0.045092978 3.003692389 0.016288625 0.999768794 -0.014035176 -4.987561703 -0.044863023 0.014753683 0.998884201 45.014553070
0.998734653 -0.015930533 0.047699586 3.127517462 0.016567698 0.999778271 -0.012992423 -5.118515015 -0.047482036 0.013766253 0.998777211 46.248569489
0.998532534 -0.017017247 0.051410571 3.231354952 0.017524324 0.999801993 -0.009428667 -5.274129868 -0.051239941 0.010315767 0.998633027 47.506473541
0.998271644 -0.019944120 0.055281132 3.349888563 0.020402722 0.999761820 -0.007743811 -5.408894062 -0.055113520 0.008858314 0.998440742 48.733482361
0.998020113 -0.022032151 0.058909092 3.478951216 0.022531889 0.999715447 -0.007832346 -5.551654816 -0.058719765 0.009144172 0.998232543 49.985260010
0.997739434 -0.025474990 0.062185679 3.623944998 0.026248783 0.999587536 -0.011658022 -5.687741756 -0.061863042 0.013263967 0.997996449 51.217258453
0.997454286 -0.026665501 0.066135146 3.751367331 0.027502345 0.999552369 -0.011775469 -5.822402954 -0.065791540 0.013564365 0.997741163 52.447162628
0.997106194 -0.029202428 0.070187323 3.882902622 0.029911991 0.999511242 -0.009079707 -5.963586807 -0.069887847 0.011152877 0.997492492 53.665706635
0.996834457 -0.031931654 0.072812960 4.043618202 0.032455064 0.999455035 -0.006016219 -6.095074177 -0.072581179 0.008360322 0.997327447 54.881305695
0.996583939 -0.034453433 0.075056531 4.191241264 0.034859896 0.999383688 -0.004111669 -6.226836205 -0.074868619 0.006714086 0.997170806 56.094581604
0.996395946 -0.038084071 0.075793974 4.352332592 0.038278282 0.999266505 -0.001110778 -6.351236820 -0.075696059 0.004008037 0.997122884 57.310878754
0.996246696 -0.041114680 0.076171331 4.505303860 0.041217562 0.999150157 0.000221612 -6.476229191 -0.076115705 0.002918816 0.997094750 58.512714386
0.996183276 -0.043196026 0.075848736 4.653650761 0.043550447 0.999046624 -0.003024207 -6.600747585 -0.075645790 0.006315912 0.997114778 59.720054626
0.996199429 -0.044254713 0.075022578 4.802238941 0.044933379 0.998962641 -0.007381677 -6.727922916 -0.074618079 0.010724640 0.997154593 60.906761169
0.996191382 -0.045605145 0.074316278 4.927954197 0.046556439 0.998853803 -0.011117914 -6.859364510 -0.073724054 0.014535470 0.997172892 62.105575562
0.996247470 -0.046955403 0.072705731 5.071965218 0.048060928 0.998752713 -0.013530418 -6.991253376 -0.071979724 0.016973952 0.997261643 63.296657562
0.996359527 -0.047456238 0.070820570 5.205581188 0.048550405 0.998725295 -0.013808209 -7.125358582 -0.070075020 0.017196309 0.997393489 64.481384277
0.996583283 -0.046888452 0.067993924 5.340230465 0.047895908 0.998764336 -0.013262412 -7.259425640 -0.067288049 0.016473733 0.997597516 65.657859802
0.996830106 -0.045988757 0.064921439 5.459115982 0.046802979 0.998842835 -0.011076122 -7.401576519 -0.064336948 0.014079531 0.997828841 66.853706360
0.997227013 -0.042335689 0.061203994 5.579622269 0.042871617 0.999052703 -0.007469472 -7.530776978 -0.060829788 0.010072675 0.998097301 68.026527405
0.997438550 -0.040381532 0.059039958 5.686218739 0.040755048 0.999155998 -0.005135605 -7.656148434 -0.058782745 0.007528627 0.998242438 69.197303772
0.997730017 -0.039257817 0.054712873 5.816814423 0.039768670 0.999174595 -0.008279200 -7.795919418 -0.054342687 0.010436267 0.998467803 70.407386780
0.997906387 -0.039623071 0.051114924 5.926607132 0.040422339 0.999074519 -0.014698301 -7.927907944 -0.050485235 0.016733713 0.998584569 71.566772461
0.997969031 -0.042990312 0.047007229 6.037079811 0.043867107 0.998879135 -0.017782150 -8.064034462 -0.046190076 0.019808106 0.998736203 72.740249634
0.997980177 -0.046472579 0.043311849 6.145007133 0.047081646 0.998804629 -0.013149377 -8.202954292 -0.042648982 0.015162013 0.998975039 73.915061951
0.997973323 -0.050299458 0.038978938 6.250273705 0.050656229 0.998682380 -0.008219257 -8.329370499 -0.038514152 0.010177129 0.999206126 75.071769714
0.998023927 -0.052764855 0.034117766 6.347682953 0.052987169 0.998579264 -0.005644555 -8.454206467 -0.033771459 0.007441206 0.999401808 76.259239197
0.998196900 -0.052009623 0.029966248 6.436599731 0.052134596 0.998634279 -0.003403814 -8.577912331 -0.029748287 0.004959955 0.999545097 77.420051575
0.998321116 -0.051835492 0.025845181 6.536793709 0.051945124 0.998643517 -0.003588469 -8.689903259 -0.025624113 0.004924976 0.999659538 78.579917908
0.998470902 -0.050552282 0.022367338 6.610966206 0.050678015 0.998702049 -0.005089916 -8.823625565 -0.022080997 0.006215665 0.999736786 79.748695374
0.998653173 -0.048236720 0.019101819 6.684593678 0.048432913 0.998776793 -0.009944489 -8.953438759 -0.018598769 0.010856253 0.999768019 80.893539429
0.998552322 -0.051609568 0.015155504 6.768782139 0.051832519 0.998547435 -0.014705699 -9.092837334 -0.014374534 0.015469957 0.999776959 82.051231384
0.998421490 -0.054726645 0.012628596 6.824166775 0.054921977 0.998367488 -0.015676523 -9.225019455 -0.011750057 0.016345367 0.999797285 83.185852051
0.998439014 -0.055252101 0.008172299 6.896571636 0.055353153 0.998386025 -0.012703854 -9.348260880 -0.007457194 0.013136387 0.999885917 84.342750549
0.998426497 -0.055779554 0.005755618 6.952790737 0.055835381 0.998389482 -0.010042715 -9.476655960 -0.005186170 0.010348281 0.999933064 85.475189209
0.998564124 -0.053332228 0.005043978 7.002798080 0.053389784 0.998500943 -0.012061854 -9.602581978 -0.004393131 0.012313832 0.999914527 86.615486145
0.998760343 -0.049629524 0.003826788 7.057815552 0.049682010 0.998650610 -0.015121957 -9.734786987 -0.003071130 0.015293334 0.999878287 87.739562988
0.998818815 -0.048524022 0.002525733 7.109426498 0.048561115 0.998664618 -0.017630521 -9.866275787 -0.001666857 0.017732352 0.999841392 88.856262207
0.998751760 -0.049925681 0.001495000 7.163344383 0.049944505 0.998590291 -0.017971694 -10.000158310 -0.000595643 0.018023930 0.999837399 89.973457336
0.998724759 -0.050482821 0.000625540 7.207530975 0.050486393 0.998599291 -0.015831256 -10.135354996 0.000174542 0.015842656 0.999874473 91.091567993
0.998623729 -0.052443199 -0.000632149 7.264077187 0.052430600 0.998540342 -0.012975450 -10.262290955 0.001311700 0.012924449 0.999915600 92.201622009
0.998644590 -0.052045606 -0.000510358 7.310425282 0.052035414 0.998569489 -0.012298567 -10.389677048 0.001149714 0.012255343 0.999924183 93.334014893
0.998616159 -0.052582070 -0.001076594 7.355993271 0.052560650 0.998509765 -0.014682405 -10.521230698 0.001847021 0.014605500 0.999891639 94.478691101
0.998611629 -0.052656107 -0.001516009 7.408154964 0.052619904 0.998448789 -0.018196110 -10.650111198 0.002471794 0.018091073 0.999833286 95.577949524
0.998559773 -0.053601723 -0.002286138 7.463186741 0.053547177 0.998374939 -0.019495059 -10.780986786 0.003327392 0.019344566 0.999807298 96.680587769
0.998558640 -0.053658981 -0.001171990 7.501110077 0.053628884 0.998395443 -0.018177345 -10.911138535 0.002145487 0.018088290 0.999834120 97.746948242
0.998577416 -0.053314928 -0.000763623 7.551164150 0.053301267 0.998500407 -0.012487743 -11.033898354 0.001428261 0.012429276 0.999921739 98.836151123
0.998657405 -0.051800840 0.000263848 7.600957870 0.051800989 0.998611391 -0.009590164 -11.153170586 0.000233297 0.009590955 0.999953985 99.907913208
0.998727620 -0.050384354 0.002173944 7.655227661 0.050403617 0.998679221 -0.009967818 -11.263788223 -0.001668851 0.010064709 0.999947965 100.957015991
0.998816669 -0.048468675 0.003985332 7.701490402 0.048510291 0.998760879 -0.011109834 -11.394479752 -0.003441915 0.011290018 0.999930263 102.009208679
0.998794973 -0.048643682 0.006514126 7.751087189 0.048727904 0.998721302 -0.013462866 -11.512456894 -0.005850913 0.013764063 0.999888122 103.019714355
0.998709857 -0.050115038 0.008194389 7.815244675 0.050226811 0.998638868 -0.014055677 -11.631749153 -0.007478836 0.014449120 0.999867618 104.029563904
0.998598456 -0.052024066 0.009724430 7.881144524 0.052151173 0.998550475 -0.013308564 -11.757330894 -0.009017968 0.013797050 0.999864101 105.037673950
0.998578846 -0.051985249 0.011738000 7.935873032 0.052123353 0.998571217 -0.011783298 -11.871433258 -0.011108672 0.012378377 0.999861658 105.994911194
0.998518348 -0.052859828 0.012922708 7.995326996 0.052997850 0.998538554 -0.010582688 -11.979564667 -0.012344424 0.011251882 0.999860525 106.955329895
0.998453617 -0.053634528 0.014620140 8.054145813 0.053797655 0.998491287 -0.011002855 -12.086296082 -0.014007950 0.011772370 0.999832571 107.874557495
0.998438120 -0.053367935 0.016523454 8.108470917 0.053522050 0.998525858 -0.009029279 -12.188684464 -0.016017217 0.009899545 0.999822855 108.775115967
0.998442650 -0.052672151 0.018378159 8.165425301 0.052802671 0.998582602 -0.006690370 -12.287477493 -0.017999711 0.007650367 0.999808788 109.646110535
0.998426318 -0.052578535 0.019504739 8.224933624 0.052657202 0.998606324 -0.003541705 -12.389948845 -0.019291336 0.004563196 0.999803483 110.502983093
0.998385370 -0.052699056 0.021199690 8.282076836 0.052784204 0.998599946 -0.003476452 -12.481357574 -0.020986807 0.004589848 0.999769211 111.329025269
0.998418152 -0.051626436 0.022267681 8.332916260 0.051699847 0.998658955 -0.002732874 -12.570392609 -0.022096733 0.003879787 0.999748290 112.141510010
0.998520136 -0.049401995 0.022738595 8.384376526 0.049468964 0.998772919 -0.002391553 -12.651000023 -0.022592543 0.003512868 0.999738574 112.924453735
0.998660207 -0.046837725 0.022000121 8.428945541 0.046836060 0.998902500 0.000591231 -12.728922844 -0.022003666 0.000439961 0.999757707 113.679046631
0.998725474 -0.046810221 0.018870978 8.476613998 0.046786603 0.998903453 0.001691206 -12.813757896 -0.018929450 -0.000806142 0.999820471 114.426322937
0.998820484 -0.046897128 0.012581622 8.509124756 0.046877522 0.998898923 0.001849230 -12.888132095 -0.012654493 -0.001257253 0.999919057 115.123420715
0.998971224 -0.045275886 0.002567694 8.529779434 0.045274470 0.998974442 0.000608030 -12.962905884 -0.002592595 -0.000491154 0.999996483 115.792495728
0.999039114 -0.042380344 -0.011169247 8.525918961 0.042358518 0.999100029 -0.002184129 -13.035194397 0.011251761 0.001708917 0.999935210 116.425125122
0.998699963 -0.041016944 -0.030263091 8.523286819 0.040894244 0.999152601 -0.004662168 -13.103324890 0.030428676 0.003418521 0.999531090 117.056137085
0.997838557 -0.039357126 -0.052623704 8.488417625 0.039036255 0.999212503 -0.007111894 -13.172383308 0.052862167 0.005042288 0.998589098 117.643707275
0.996067822 -0.037866537 -0.080093913 8.445201874 0.037262075 0.999264777 -0.009028672 -13.239055634 0.080376901 0.006008704 0.996746480 118.215042114
0.992992401 -0.035827927 -0.112616673 8.375122070 0.034806225 0.999333203 -0.011026148 -13.306557655 0.112936623 0.007029119 0.993577361 118.759971619
0.988492787 -0.031106459 -0.148034856 8.272359848 0.029611459 0.999485910 -0.012292738 -13.374691010 0.148341134 0.007767754 0.988905728 119.299461365
0.982109189 -0.025329446 -0.186601713 8.159702301 0.023525259 0.999652684 -0.011877057 -13.433689117 0.186837763 0.007274712 0.982363880 119.812629700
0.973427892 -0.019879168 -0.228129342 8.017814636 0.018063897 0.999786317 -0.010042630 -13.490319252 0.228280276 0.005654871 0.973579049 120.316062927
0.961925149 -0.015349144 -0.272881746 7.843355179 0.013570505 0.999872506 -0.008404291 -13.550375938 0.272975981 0.004381155 0.962010860 120.811767578
0.947529912 -0.009262976 -0.319532841 7.652980804 0.006718528 0.999936342 -0.009064414 -13.605979919 0.319596529 0.006442014 0.947531879 121.276245117
0.930070102 -0.001111453 -0.367380410 7.414524078 -0.002746033 0.999946415 -0.009977113 -13.664834023 0.367371857 0.010288252 0.930017292 121.747283936
0.908881366 0.003490559 -0.417040139 7.164028168 -0.008860572 0.999900877 -0.010941384 -13.716796875 0.416960567 0.013639634 0.908822179 122.171737671
0.883631408 0.007827572 -0.468117774 6.895175934 -0.014064688 0.999852717 -0.009829964 -13.769233704 0.467971891 0.015269996 0.883611441 122.584823608
0.854283810 0.011124894 -0.519687653 6.613533020 -0.019100688 0.999767482 -0.009996585 -13.811112404 0.519455671 0.018466312 0.854297817 122.985321045
0.822461963 0.020595243 -0.568447053 6.286064148 -0.029653907 0.999537826 -0.006691014 -13.862889290 0.568046570 0.022359781 0.822692633 123.355735779
0.788539588 0.033640750 -0.614063144 5.936206818 -0.042616133 0.999091506 0.000009245 -13.908185959 0.613505602 0.026161708 0.789256871 123.705688477
0.752490520 0.042508196 -0.657229841 5.578510284 -0.054079045 0.998533130 0.002665535 -13.950032234 0.656379044 0.033536576 0.753685474 124.019302368
0.712549388 0.046300266 -0.700092494 5.206981659 -0.061034489 0.998128057 0.003890210 -13.999687195 0.698962092 0.039957821 0.714041531 124.315460205
0.669699430 0.047931783 -0.741083801 4.831218719 -0.063620314 0.997949243 0.007053177 -14.048496246 0.739902079 0.042424478 0.671375513 124.599510193
0.626078486 0.051538885 -0.778054893 4.419830322 -0.067497544 0.997649968 0.011771670 -14.082751274 0.776833177 0.045146812 0.628085971 124.867187500
0.580872238 0.060334705 -0.811755717 3.994155884 -0.078717187 0.996738851 0.017755739 -14.118132591 0.810179770 0.053585306 0.583727181 125.096633911
0.535642505 0.069056347 -0.841616452 3.546756744 -0.090448156 0.995608866 0.024126474 -14.141169548 0.839586914 0.063199498 0.539536476 125.300354004
0.487999111 0.074038662 -0.869698346 3.097640991 -0.096017458 0.994902372 0.030820798 -14.170669556 0.867546797 0.068465702 0.492620468 125.504920959
0.441216260 0.075059205 -0.894256294 2.629802704 -0.095480919 0.994765997 0.036386237 -14.191818237 0.892306924 0.069330215 0.446073681 125.679161072
0.394033700 0.076763906 -0.915884674 2.156383514 -0.093192831 0.994707048 0.043276716 -14.214574814 0.914359093 0.068301409 0.399101973 125.846557617
0.347940356 0.079616368 -0.934129953 1.663139343 -0.094876006 0.994262397 0.049402520 -14.237370491 0.932703614 0.071437389 0.353497803 125.993606567
0.304062307 0.082788624 -0.949048102 1.157886505 -0.100256346 0.993465543 0.054542519 -14.258987427 0.947362065 0.078563780 0.310375571 126.109436035
0.262602985 0.084513210 -0.961195648 0.628263474 -0.105175860 0.992728472 0.058551230 -14.279232025 0.959154606 0.085718833 0.269582152 126.215187073
0.223614097 0.080974564 -0.971308410 0.102790833 -0.105705641 0.992679954 0.058420748 -14.296276093 0.968928874 0.089609057 0.230536729 126.307914734
0.188589215 0.075803049 -0.979126155 -0.436239243 -0.100611255 0.993261814 0.057518713 -14.315124512 0.976888716 0.087663695 0.194945082 126.399383545
0.158654779 0.071119361 -0.984769404 -0.991409302 -0.098262936 0.993587792 0.055925228 -14.337041855 0.982432246 0.087893523 0.164625853 126.469581604
0.131291628 0.069288105 -0.988919437 -1.549787521 -0.098775178 0.993504763 0.056495711 -14.359283447 0.986410618 0.090263270 0.137282774 126.548469543
0.109243982 0.068563715 -0.991647542 -2.132322311 -0.099954419 0.993319452 0.057667926 -14.376350403 0.988976657 0.092819668 0.115367398 126.610252380
0.091110438 0.069785595 -0.993392527 -2.739756584 -0.102505356 0.992900074 0.060349565 -14.389838219 0.990551174 0.096329592 0.097616971 126.654541016
0.074672505 0.068275504 -0.994868100 -3.341583252 -0.103395186 0.992806375 0.060373414 -14.417098999 0.991833329 0.098356336 0.081194684 126.707061768
0.061036743 0.067363955 -0.995859683 -3.966536522 -0.102993608 0.992819309 0.060845759 -14.445906639 0.992807508 0.098853365 0.067536481 126.747833252
0.048377756 0.064620897 -0.996736526 -4.608186722 -0.097102880 0.993482411 0.059696909 -14.469800949 0.994097829 0.093898006 0.054337330 126.804321289
0.036307946 0.061978098 -0.997416854 -5.255588531 -0.094842486 0.993783653 0.058299884 -14.489096642 0.994829953 0.092480749 0.041960403 126.844375610
0.025417389 0.061712444 -0.997770250 -5.914539814 -0.094244339 0.993795335 0.059065789 -14.511755943 0.995224535 0.092532903 0.031075737 126.876831055
0.016617108 0.063259177 -0.997858763 -6.585315704 -0.097851820 0.993308723 0.061341230 -14.535924911 0.995062232 0.096622981 0.022695951 126.884048462
0.008106789 0.062397975 -0.998018444 -7.281911850 -0.100820273 0.993016481 0.061266292 -14.560730934 0.994871616 0.100123815 0.014341155 126.901222229
0.001617616 0.061794508 -0.998087645 -7.968922138 -0.103467785 0.992742300 0.061295882 -14.583344460 0.994631410 0.103170760 0.007999616 126.917541504
-0.004054021 0.063300274 -0.997986257 -8.663912773 -0.104130298 0.992542207 0.063377976 -14.607831001 0.994555354 0.104177557 0.002567691 126.933670044
-0.007523774 0.065287702 -0.997838140 -9.380309105 -0.105336010 0.992262840 0.065717153 -14.627702713 0.994408250 0.105602726 -0.000588417 126.955459595
-0.008487651 0.068873696 -0.997589290 -10.097602844 -0.107640713 0.991765499 0.069387443 -14.650959969 0.994153559 0.107970148 -0.001004148 126.968742371
-0.009694091 0.072269976 -0.997337997 -10.830099106 -0.110447407 0.991204798 0.072899088 -14.667240143 0.993834674 0.110860080 -0.001626800 126.981002808
-0.010368713 0.077958442 -0.996902704 -11.560878754 -0.115768887 0.990158617 0.078635171 -14.680974960 0.993222058 0.116225645 -0.001241507 126.981033325
-0.011589847 0.081427500 -0.996611893 -12.298692703 -0.118720800 0.989517093 0.082228445 -14.694585800 0.992860019 0.119271584 -0.001801213 126.995643616
-0.013194435 0.082024142 -0.996542990 -13.043304443 -0.117942370 0.989544809 0.083009705 -14.712961197 0.992932796 0.118629895 -0.003382365 127.011398315
-0.014253020 0.078424796 -0.996818125 -13.810145378 -0.115711741 0.990092158 0.079550140 -14.728447914 0.993180513 0.116477393 -0.005037134 127.023498535
-0.015845345 0.075371444 -0.997029603 -14.575437546 -0.118945129 0.989931941 0.076725215 -14.740881920 0.992774367 0.119807549 -0.006720749 127.034019470
-0.017422574 0.076703958 -0.996901631 -15.339706421 -0.123969287 0.989193678 0.078277469 -14.752228737 0.992133141 0.124948986 -0.007725368 127.038955688
-0.018724263 0.080876574 -0.996548235 -16.106716156 -0.121418469 0.989162147 0.082558475 -14.771193504 0.992424726 0.122545205 -0.008701419 127.045761108
-0.020572895 0.079895854 -0.996590912 -16.892381668 -0.120172419 0.989377379 0.081798308 -14.780373573 0.992539823 0.121445581 -0.010753078 127.055580139
-0.022253430 0.079099782 -0.996618271 -17.674200058 -0.123228952 0.989046514 0.081250392 -14.793614388 0.992128670 0.124620318 -0.012262293 127.063735962
-0.022088118 0.079104014 -0.996621668 -18.474109650 -0.128317624 0.988395512 0.081294984 -14.803903580 0.991487026 0.129679769 -0.011681358 127.050354004
-0.023843665 0.083737530 -0.996202528 -19.277338028 -0.129519984 0.987828732 0.086133689 -14.819754601 0.991290092 0.131081849 -0.012707769 127.062187195
-0.024339439 0.087846413 -0.995836616 -20.082450867 -0.128471091 0.987597287 0.090259574 -14.830057144 0.991414547 0.130133063 -0.012751838 127.070060730
-0.022977071 0.090726160 -0.995610774 -20.894498825 -0.129777282 0.987176538 0.092952639 -14.841452599 0.991276920 0.131343439 -0.010908231 127.075614929
-0.021829126 0.089272819 -0.995767891 -21.719900131 -0.128986508 0.987429559 0.091352880 -14.847164154 0.991406083 0.130434781 -0.010039736 127.088638306
-0.020673079 0.089314334 -0.995788872 -22.540285110 -0.128667682 0.987481475 0.091240443 -14.854864120 0.991472304 0.130012050 -0.008922415 127.102043152
-0.019682692 0.088856250 -0.995849907 -23.372108459 -0.128141075 0.987604082 0.090653166 -14.863795280 0.991560519 0.129393592 -0.008052571 127.110298157
-0.019477898 0.090500407 -0.995705903 -24.211175919 -0.129008591 0.987341881 0.092263862 -14.872102737 0.991452098 0.130251721 -0.007556019 127.130325317
-0.019131679 0.092843905 -0.995496750 -25.057067871 -0.131335929 0.986817777 0.094558530 -14.878054619 0.991153359 0.132553533 -0.006685742 127.143028259
-0.018353231 0.095139474 -0.995294750 -25.912429810 -0.133304834 0.986342132 0.096741855 -14.877484322 0.990905106 0.134453103 -0.005420014 127.153724670
-0.017441889 0.095618449 -0.995265245 -26.775318146 -0.134027660 0.986209214 0.097097218 -14.868907928 0.990824044 0.135086656 -0.004385838 127.169715881
-0.015028953 0.098931909 -0.994980693 -27.647996902 -0.140792117 0.984969497 0.100063115 -14.868044853 0.989925146 0.141589269 -0.000874228 127.174629211
-0.012820892 0.102761798 -0.994623423 -28.518045425 -0.146014601 0.983850121 0.103530906 -14.866378784 0.989199400 0.146556914 0.002390888 127.192565918
-0.010278377 0.104206979 -0.994502544 -29.416038513 -0.148443401 0.983376086 0.104575314 -14.857725143 0.988867402 0.148702219 0.005361329 127.208000183
-0.007119550 0.104299866 -0.994520426 -30.300498962 -0.146091074 0.983766139 0.104217872 -14.858073235 0.989245534 0.146032497 0.008233306 127.236938477
-0.003936262 0.104196213 -0.994548976 -31.195177078 -0.149332464 0.983343303 0.103613272 -14.852691650 0.988779187 0.148926288 0.011689181 127.262695312
-0.000909897 0.108487032 -0.994097471 -32.113399506 -0.150229931 0.982801080 0.107391752 -14.854518890 0.988650680 0.149440914 0.015403754 127.284477234
0.000710550 0.110917561 -0.993829370 -33.011054993 -0.149513185 0.982670546 0.109565265 -14.854019165 0.988759458 0.148512751 0.017281875 127.323913574
0.002806111 0.112554252 -0.993641675 -33.913677216 -0.150394320 0.982391298 0.110855155 -14.855497360 0.988622129 0.149127007 0.019684220 127.355285645
0.005673693 0.110319480 -0.993879974 -34.823345184 -0.151415288 0.982530951 0.108195372 -14.846426010 0.988453984 0.149874717 0.022278637 127.391578674
0.005329196 0.111387223 -0.993762791 -35.717090607 -0.155251920 0.981819153 0.109215930 -14.838127136 0.987860560 0.153701559 0.022525387 127.429794312
0.006447303 0.112383656 -0.993643999 -36.612060547 -0.155897528 0.981627703 0.110013038 -14.839380264 0.987752259 0.154197350 0.023849186 127.461936951
0.007290873 0.108392596 -0.994081378 -37.529987335 -0.156740665 0.981943727 0.105919532 -14.833742142 0.987613022 0.155040696 0.024148753 127.500831604
0.007989612 0.104181841 -0.994526207 -38.421989441 -0.157978088 0.982199609 0.101621442 -14.832803726 0.987410247 0.156301439 0.024305841 127.539505005
0.008247630 0.103658885 -0.994578719 -39.318557739 -0.157627225 0.982312500 0.101073325 -14.833002090 0.987464190 0.155939043 0.024441209 127.581985474
0.008494311 0.107567802 -0.994161487 -40.239109039 -0.160434097 0.981464744 0.104823239 -14.826454163 0.987010002 0.158607021 0.025594411 127.613220215
0.008328867 0.113724709 -0.993477404 -41.142124176 -0.160078719 0.980850637 0.110937268 -14.820213318 0.987069070 0.158110633 0.026374280 127.654067993
0.008984691 0.112426639 -0.993619382 -42.047428131 -0.158025801 0.981332839 0.109607510 -14.825225830 0.987394035 0.156032696 0.026583284 127.690689087
0.009924061 0.101834632 -0.994751751 -42.953765869 -0.157081947 0.982608438 0.099024378 -14.831338882 0.987535715 0.155274808 0.025747847 127.732261658
0.010185977 0.091648228 -0.995739341 -43.845279694 -0.159036770 0.983264565 0.088873155 -14.837446213 0.987219989 0.157453910 0.024590947 127.769630432
0.009422512 0.088590801 -0.996023595 -44.751224518 -0.156212434 0.983968854 0.086040825 -14.850477219 0.987678468 0.154780537 0.023110447 127.807693481
0.009058010 0.098379098 -0.995107710 -45.682491302 -0.148824617 0.984197915 0.095945843 -14.854701996 0.988822043 0.147227436 0.023556110 127.859535217
0.009266105 0.112285763 -0.993632734 -46.605094910 -0.143925071 0.983478665 0.109796137 -14.856359482 0.989545107 0.141991302 0.025273755 127.908386230
0.009116362 0.120713197 -0.992645562 -47.536952972 -0.144308910 0.982454002 0.118148506 -14.845363617 0.989490688 0.142170519 0.026376396 127.956626892
0.009419430 0.115123279 -0.993306577 -48.453208923 -0.144415766 0.983093143 0.112570077 -14.843143463 0.989472270 0.142388806 0.025885798 127.998855591
0.009570580 0.101065658 -0.994833708 -49.386051178 -0.144362360 0.984596550 0.098636858 -14.833235741 0.989478588 0.142672494 0.024013236 128.030136108
0.009918175 0.092628419 -0.995651364 -50.306201935 -0.145309404 0.985264778 0.090214625 -14.849611282 0.989336491 0.143782809 0.023231816 128.074401855
0.010615926 0.093055919 -0.995604277 -51.224533081 -0.144545838 0.985345721 0.090555817 -14.863018036 0.989441156 0.142949134 0.023911200 128.116409302
0.009825069 0.094064377 -0.995517612 -52.148338318 -0.147513524 0.984809518 0.091596723 -14.874965668 0.989011228 0.145952389 0.023551587 128.156936646
0.009991344 0.093630515 -0.995556891 -53.106674194 -0.151724383 0.984221101 0.091041707 -14.889782906 0.988372326 0.150140613 0.024039723 128.200592041
0.010689523 0.092949033 -0.995613515 -54.038936615 -0.153282002 0.984054923 0.090224214 -14.892130852 0.988124549 0.151645139 0.024766492 128.239334106
0.011806794 0.100525275 -0.994864464 -54.985107422 -0.162711725 0.981866300 0.097280867 -14.893468857 0.986602843 0.160727516 0.027949329 128.268661499
0.013540798 0.109461702 -0.993898809 -55.925121307 -0.168238819 0.980068624 0.105646461 -14.886463165 0.985653222 0.165781841 0.031686615 128.305374146
0.014401197 0.118072242 -0.992900550 -56.894290924 -0.168159872 0.979145944 0.113997571 -14.889461517 0.985654652 0.165324315 0.033955883 128.357513428
0.015482944 0.118757896 -0.992802501 -57.836532593 -0.169641897 0.978838384 0.114441924 -14.882929802 0.985384107 0.166649029 0.035301618 128.400375366
0.016639750 0.109109193 -0.993890464 -58.774604797 -0.171362072 0.979631662 0.104674920 -14.881829262 0.985067606 0.168573350 0.034998007 128.452957153
0.017671442 0.104174569 -0.994402051 -59.717304230 -0.169700369 0.980439901 0.099696144 -14.882481575 0.985337317 0.166988641 0.035004247 128.505996704
0.019743470 0.102736302 -0.994512677 -60.665489197 -0.168286309 0.980856121 0.097984649 -14.892068863 0.985540390 0.165428326 0.036654621 128.565948486
0.022717303 0.108654052 -0.993820131 -61.638462067 -0.169638231 0.980080187 0.103274204 -14.895177841 0.985244453 0.166243762 0.040696658 128.633895874
0.026477244 0.110800654 -0.993489921 -62.598503113 -0.172517449 0.979433119 0.104635216 -14.897888184 0.984650552 0.168623924 0.045047726 128.685150146
0.030632300 0.105375662 -0.993960559 -63.547325134 -0.171789467 0.980184793 0.098620929 -14.899534225 0.984657288 0.167731002 0.048127741 128.744155884
0.033858620 0.099529870 -0.994458258 -64.498931885 -0.171862602 0.980786383 0.092310071 -14.907500267 0.984538853 0.167784721 0.050313532 128.807510376
0.036737759 0.099413179 -0.994367778 -65.456817627 -0.168965712 0.981331170 0.091867261 -14.911260605 0.984936953 0.164639086 0.052849326 128.888809204
0.039120741 0.104425974 -0.993762970 -66.427551270 -0.166760549 0.981259108 0.096547328 -14.934662819 0.985221028 0.161943436 0.055801719 128.964797974
0.042439401 0.111215591 -0.992889702 -67.384796143 -0.166091457 0.980742037 0.102755606 -14.939682007 0.985196710 0.160549611 0.060094066 129.043182373
0.045101177 0.114968956 -0.992344797 -68.352783203 -0.163929433 0.980741620 0.106174223 -14.944574356 0.985440493 0.157885924 0.063079402 129.124328613
0.047238205 0.116723038 -0.992040455 -69.330421448 -0.163565710 0.980647564 0.107594006 -14.947255135 0.985400856 0.157181278 0.065415919 129.203231812
0.049375568 0.114166446 -0.992233872 -70.277061462 -0.162185669 0.981176674 0.104823530 -14.952404976 0.985524178 0.155750424 0.066962309 129.278457642
0.049937446 0.112662643 -0.992377639 -71.223037720 -0.160099432 0.981671274 0.103390805 -14.957880020 0.985836923 0.153716028 0.067059375 129.365005493
0.050495967 0.109062731 -0.992751539 -72.169021606 -0.157022387 0.982523978 0.099952266 -14.967658043 0.986303210 0.150837049 0.066738799 129.451263428
0.050243046 0.108910151 -0.992781043 -73.153846741 -0.155488402 0.982768953 0.099942766 -14.965486526 0.986559153 0.149344504 0.066311553 129.530670166
0.049862903 0.113856837 -0.992245138 -74.106842041 -0.152207568 0.982742667 0.105117634 -14.971992493 0.987089932 0.145785764 0.066332281 129.615371704
0.049272627 0.115505174 -0.992083967 -75.069419861 -0.146139145 0.983434260 0.107239977 -14.976990700 0.988036215 0.139698297 0.065336213 129.710983276
0.048825245 0.110612735 -0.992663503 -76.030021667 -0.143351540 0.984335721 0.102633841 -14.963261604 0.988466740 0.137288719 0.063916922 129.786148071
0.047379535 0.107146002 -0.993113697 -76.987251282 -0.145631090 0.984347761 0.099252462 -14.972698212 0.988203824 0.139925689 0.062241729 129.862075806
0.046139210 0.104561105 -0.993447602 -77.936492920 -0.142104238 0.985079527 0.097080536 -14.979077339 0.988775790 0.136693895 0.060309369 129.942535400
0.044603720 0.105692491 -0.993398070 -78.900932312 -0.142311573 0.984918594 0.098400541 -14.986520767 0.988816500 0.136982992 0.058972299 130.012268066
0.043883950 0.106507495 -0.993342996 -79.852584839 -0.143649012 0.984641373 0.099228360 -14.989113808 0.988655210 0.138338163 0.058509640 130.084320068
0.042676218 0.106868312 -0.993356824 -80.808395386 -0.145266458 0.984360456 0.099659570 -14.993856430 0.988471746 0.140048310 0.057533160 130.153198242
0.041035123 0.107316278 -0.993377686 -81.756706238 -0.144963801 0.984334886 0.100351103 -14.996133804 0.988585651 0.139885888 0.055949274 130.222213745
0.038831174 0.108272389 -0.993362486 -82.720619202 -0.145179585 0.984175444 0.101595849 -15.004353523 0.988642991 0.140270889 0.053935621 130.292221069
0.037470449 0.110396430 -0.993181050 -83.671501160 -0.145269230 0.983922899 0.103886671 -14.998600006 0.988682389 0.140385985 0.052905232 130.359603882
0.035973478 0.114093065 -0.992818534 -84.625556946 -0.146626830 0.983312607 0.107687838 -14.992988586 0.988537550 0.141699925 0.052102279 130.416687012
0.033336353 0.119178109 -0.992313087 -85.571945190 -0.147583440 0.982567430 0.113049641 -14.987547874 0.988487661 0.142680272 0.050343927 130.484527588
0.031269364 0.118836500 -0.992421329 -86.515396118 -0.147458047 0.982590497 0.113013193 -14.984669685 0.988573909 0.142806649 0.048248377 130.547393799
0.029892014 0.114556953 -0.992966890 -87.463897705 -0.148336560 0.982919037 0.108932287 -14.988596916 0.988485038 0.144037068 0.046374418 130.605041504
0.028291609 0.109008990 -0.993638098 -88.411102295 -0.151957810 0.982952058 0.103509970 -14.972959518 0.987981975 0.148062587 0.044374056 130.654220581
0.027088681 0.106917493 -0.993898809 -89.352989197 -0.149865299 0.983461022 0.101710059 -14.972943306 0.988335311 0.146195740 0.042663876 130.718261719
0.026854200 0.107994564 -0.993788719 -90.323348999 -0.145087212 0.984041512 0.103014790 -14.973323822 0.989054382 0.141419664 0.042094279 130.764343262
0.026293175 0.109288737 -0.993662238 -91.272071838 -0.142199188 0.984306753 0.104497060 -14.973767281 0.989488840 0.138550416 0.041421324 130.823623657
0.025196085 0.109187722 -0.993701756 -92.218048096 -0.136776417 0.985046029 0.104768559 -14.979760170 0.990281463 0.133275226 0.039753612 130.886611938
0.023683794 0.106264338 -0.994055808 -93.159149170 -0.132575482 0.985886574 0.102232382 -14.984663010 0.990889966 0.129366174 0.037437584 130.950851440
0.022847462 0.103380889 -0.994379401 -94.105186462 -0.127464876 0.986822903 0.099666581 -14.992189407 0.991580009 0.124471344 0.035723832 131.012435913
0.021311890 0.105337285 -0.994208276 -95.090110779 -0.125756100 0.986818254 0.101858616 -14.989039421 0.991832256 0.122856930 0.034277771 131.063720703
0.019917231 0.107812881 -0.993971646 -96.038818359 -0.125090167 0.986625671 0.104509518 -14.990962029 0.991945446 0.122254536 0.033137184 131.118881226
0.018504759 0.105705850 -0.994225264 -96.997772217 -0.120822400 0.987344563 0.102725513 -14.990506172 0.992501616 0.118223764 0.031042203 131.167999268
0.016059622 0.102384984 -0.994615257 -97.947471619 -0.118045487 0.987980843 0.099795997 -14.990725517 0.992878258 0.115807138 0.027952680 131.219848633
0.012522681 0.099867061 -0.994921982 -98.916107178 -0.116485760 0.988371015 0.097743340 -14.990965843 0.993113339 0.114670254 0.024010152 131.271011353
0.009591476 0.099147961 -0.995026529 -99.872230530 -0.111033641 0.989024460 0.097479597 -15.004714966 0.993770361 0.109546438 0.020494962 131.319839478
0.007686945 0.099427193 -0.995015204 -100.829208374 -0.104282461 0.989698589 0.098090313 -15.003242493 0.994517982 0.103008620 0.017976271 131.356704712
0.005326152 0.107088789 -0.994235158 -101.800346375 -0.094401315 0.989862919 0.106112137 -15.003363609 0.995519936 0.093291931 0.015381483 131.412139893
0.002705197 0.115267329 -0.993330836 -102.758712769 -0.086314254 0.989654183 0.114605621 -15.002186775 0.996264338 0.085428588 0.012626424 131.464797974
-0.000505858 0.114605799 -0.993410945 -103.713973999 -0.082013234 0.990059793 0.114260949 -14.996345520 0.996631145 0.081530638 0.008898364 131.511901855
-0.003236206 0.104584299 -0.994510889 -104.662528992 -0.083014578 0.991055071 0.104491033 -15.000258446 0.996543050 0.082897045 0.005474760 131.542129517
-0.005398644 0.095161796 -0.995447218 -105.609329224 -0.084872410 0.991826057 0.095275939 -15.000330925 0.996377170 0.085000351 0.002722095 131.577133179
-0.005558600 0.096350536 -0.995332003 -106.573959351 -0.091867022 0.991088867 0.096452855 -15.001583099 0.995755732 0.091974325 0.003342371 131.590469360
-0.006360735 0.106163025 -0.994328260 -107.539039612 -0.095630154 0.989726603 0.106283434 -14.997761726 0.995396614 0.095763803 0.003856997 131.623229980
-0.007894230 0.117726937 -0.993014693 -108.502395630 -0.099725723 0.988002241 0.117925487 -14.989826202 0.994983673 0.099960029 0.003940885 131.649215698
-0.009228179 0.119350702 -0.992809355 -109.446136475 -0.106833048 0.987051308 0.119651534 -14.981369972 0.994234145 0.107169002 0.003641913 131.677780151
-0.009078173 0.116263933 -0.993176877 -110.432235718 -0.114095308 0.986610830 0.116538227 -14.966725349 0.993428349 0.114374779 0.004308547 131.693496704
-0.009280842 0.112222739 -0.993639767 -111.386970520 -0.122151069 0.986113429 0.112513632 -14.956065178 0.992468178 0.122418374 0.004556161 131.714889526
-0.006406334 0.114287682 -0.993427038 -112.354858398 -0.126992494 0.985310733 0.114172913 -14.939338684 0.991882980 0.126889199 0.008201447 131.729675293
-0.005427169 0.115544766 -0.993287444 -113.335014343 -0.135084957 0.984112620 0.115215570 -14.925715446 0.990819097 0.134803489 0.010267415 131.755157471
-0.004778124 0.118214354 -0.992976606 -114.299339294 -0.144318312 0.982510924 0.117662840 -14.911056519 0.989519775 0.143866941 0.012365935 131.772216797
-0.004603784 0.120368227 -0.992718697 -115.273414612 -0.149982587 0.981416762 0.119693391 -14.892822266 0.988677919 0.149441570 0.013534907 131.797164917
-0.004556867 0.120139845 -0.992746532 -116.247192383 -0.153587744 0.980893433 0.119410403 -14.888190269 0.988124490 0.153017804 0.013982204 131.835083008
-0.003213488 0.110731326 -0.993845224 -117.201377869 -0.152588978 0.982157707 0.109922506 -14.893198013 0.988284528 0.152003050 0.013740225 131.867248535
-0.001660543 0.098605491 -0.995125175 -118.152847290 -0.155635297 0.982975006 0.097661257 -14.882223129 0.987813175 0.155038744 0.013714224 131.900482178
