1.000000000 0.000000000 0.000000000 0.000000000 0.000000000 1.000000000 0.000000000 0.000000000 0.000000000 0.000000000 1.000000000 0.000000000
0.999997914 -0.001562153 -0.001328123 0.049117927 0.001559362 0.999996603 -0.002099475 -0.132768646 0.001331398 0.002097399 0.999996901 1.297961354
0.999997675 0.000004281 -0.002125597 0.105001710 -0.000017825 0.999979675 -0.006371601 -0.268202484 0.002125527 0.006371625 0.999977410 2.604938745
0.999996126 0.002447228 -0.001260471 0.148189694 -0.002457053 0.999966145 -0.007853334 -0.407402635 0.001241209 0.007856402 0.999968350 3.909386158
0.999983728 0.005696282 0.000266871 0.193751127 -0.005694416 0.999962389 -0.006537869 -0.545895457 -0.000304102 0.006536243 0.999978602 5.222199440
0.999974787 0.006696251 0.002374242 0.244650960 -0.006688601 0.999972403 -0.003216014 -0.692786753 -0.002395713 0.003200053 0.999991953 6.542524815
0.999961078 0.006862390 0.005555926 0.302754313 -0.006851855 0.999974668 -0.001912869 -0.829955637 -0.005568913 0.001874726 0.999982774 7.845453262
0.999943972 0.005390448 0.009102143 0.356802404 -0.005374432 0.999983966 -0.001783064 -0.963871360 -0.009111607 0.001734045 0.999956906 9.152944565
0.999914348 0.004027404 0.012448221 0.434437752 -0.004006666 0.999990582 -0.001690309 -1.100664735 -0.012454910 0.001640289 0.999921024 10.452376366
0.999870062 0.002834343 0.015870448 0.498397082 -0.002798030 0.999993443 -0.002309902 -1.241023064 -0.015876893 0.002265196 0.999871314 11.764992714
0.999811471 0.001846060 0.019331932 0.574834824 -0.001785108 0.999993384 -0.003169750 -1.376947641 -0.019337656 0.003134642 0.999808073 13.057709694
0.999743640 0.001693514 0.022576576 0.644976258 -0.001621519 0.999993503 -0.003206800 -1.523471713 -0.022581859 0.003169369 0.999739945 14.381783485
0.999663532 0.001480343 0.025896871 0.731414676 -0.001370465 0.999990046 -0.004260144 -1.661254168 -0.025902919 0.004223220 0.999655485 15.677543640
0.999571800 0.002463129 0.029156676 0.810999274 -0.002340944 0.999988317 -0.004224028 -1.799616337 -0.029166739 0.004153966 0.999565840 16.987657547
0.999473810 0.002220513 0.032358203 0.901004553 -0.002103183 0.999991059 -0.003659574 -1.940519810 -0.032366037 0.003589593 0.999469638 18.274209976
0.999407947 0.000410551 0.034402639 1.000942588 -0.000287990 0.999993622 -0.003567411 -2.081213713 -0.034403887 0.003555391 0.999401629 19.576299667
0.999345303 -0.002116272 0.036119588 1.095744610 0.002293849 0.999985456 -0.004875640 -2.221477747 -0.036108743 0.004955301 0.999335647 20.853820801
0.999311328 -0.001996769 0.037050474 1.198851824 0.002239741 0.999976277 -0.006517518 -2.366363287 -0.037036590 0.006596013 0.999292076 22.162132263
0.999262273 -0.001906226 0.038357742 1.283393383 0.002258842 0.999955595 -0.009151576 -2.510247946 -0.038338590 0.009231470 0.999222159 23.449644089
0.999225974 -0.001440462 0.039311197 1.386409640 0.001863258 0.999940753 -0.010720585 -2.651443720 -0.039293427 0.010785533 0.999169528 24.741807938
0.999180079 -0.000755206 0.040481441 1.484759450 0.001216961 0.999934494 -0.011383152 -2.798770189 -0.040470194 0.011423082 0.999115467 26.010326385
0.999163508 -0.002551994 0.040813804 1.586036921 0.002976073 0.999942124 -0.010333197 -2.945113659 -0.040785067 0.010446019 0.999113321 27.311578751
0.999160528 -0.005439607 0.040602461 1.691668272 0.005820556 0.999940097 -0.009270112 -3.091006517 -0.040549599 0.009498660 0.999132335 28.590288162
0.999180377 -0.007107681 0.039850544 1.788068652 0.007492447 0.999926686 -0.009514189 -3.239941359 -0.039779998 0.009804972 0.999160349 29.883996964
0.999199748 -0.008706391 0.039039258 1.893709660 0.009181854 0.999885678 -0.012016381 -3.386631489 -0.038930178 0.012365219 0.999165416 31.151418686
0.999228120 -0.008955392 0.038246579 2.001569986 0.009435265 0.999878764 -0.012384770 -3.531869650 -0.038131025 0.012736076 0.999191701 32.442451477
0.999241650 -0.009503528 0.037759077 2.097568750 0.009986025 0.999870539 -0.012610262 -3.677490473 -0.037634350 0.012977763 0.999207258 33.707916260
0.999251366 -0.010001848 0.037370987 2.190720797 0.010482987 0.999864399 -0.012701013 -3.822630644 -0.037238881 0.013083265 0.999220729 34.978176117
0.999262691 -0.010530738 0.036920693 2.284745932 0.011026086 0.999851465 -0.013238660 -3.967275858 -0.036775794 0.013635990 0.999230444 36.238590240
0.999305844 -0.011117082 0.035555921 2.396872044 0.011594011 0.999845147 -0.013235548 -4.127856731 -0.035403278 0.013638596 0.999279976 37.525283813
0.999302506 -0.010794299 0.035747580 2.484966040 0.011210274 0.999871552 -0.011456531 -4.273560524 -0.035619318 0.011849283 0.999295175 38.790493011
0.999265909 -0.010917264 0.036721081 2.585378647 0.011305665 0.999882162 -0.010386039 -4.414367199 -0.036603369 0.010793571 0.999271572 40.054771423
0.999189734 -0.012669693 0.038202938 2.702709198 0.013011968 0.999877334 -0.008724069 -4.556451321 -0.038087722 0.009214096 0.999231875 41.307292938
0.999073088 -0.013787301 0.040776376 2.793254852 0.014205554 0.999849260 -0.009985317 -4.700030327 -0.040632561 0.010555315 0.999118388 42.572895050
0.998952627 -0.014960857 0.043240659 2.889321804 0.015538384 0.999794126 -0.013050970 -4.848867893 -0.043036509 0.013709192 0.998979330 43.820068359
0.998855591 -0.016126323 0.045027182 2.998642683 0.016781941 0.999758184 -0.014220660 -4.993449688 -0.044786952 0.014960029 0.998884559 45.082733154
0.998722434 -0.016430834 0.047786575 3.119894981 0.017071424 0.999769449 -0.013028045 -5.127004147 -0.047561489 0.013827184 0.998772621 46.315872192
0.998510897 -0.017399706 0.051705658 3.218180418 0.017917257 0.999793768 -0.009563039 -5.285223484 -0.051528599 0.010475223 0.998616576 47.578536987
0.998230934 -0.020275762 0.055892881 3.330636024 0.020732436 0.999756157 -0.007602784 -5.423397064 -0.055725098 0.008748129 0.998407781 48.809593201
0.998007417 -0.022191480 0.059065510 3.469106674 0.022700256 0.999710679 -0.007956682 -5.561818123 -0.058871850 0.009281630 0.998222411 50.062973022
0.997734308 -0.025603088 0.062215056 3.614856243 0.026390132 0.999581397 -0.011861661 -5.696907520 -0.061885323 0.013476650 0.997992218 51.297866821
0.997440577 -0.026791118 0.066291265 3.742704868 0.027651317 0.999544501 -0.012092596 -5.828303337 -0.065937079 0.013894686 0.997727036 52.526760101
0.997090161 -0.029298911 0.070374884 3.873608828 0.030034235 0.999504507 -0.009413137 -5.970293999 -0.070064224 0.011499404 0.997476161 53.747337341
0.996823072 -0.031894613 0.072981782 4.035604477 0.032435697 0.999454379 -0.006240599 -6.100644588 -0.072742894 0.008587988 0.997313797 54.939285278
0.996537209 -0.034209557 0.075784504 4.162971020 0.034664921 0.999387860 -0.004701088 -6.233980656 -0.075577296 0.007311874 0.997113109 56.191993713
0.996376991 -0.037416909 0.076373570 4.329732895 0.037621297 0.999291241 -0.001238741 -6.358001709 -0.076273076 0.004107526 0.997078478 57.395484924
0.996180713 -0.039751638 0.077742144 4.456362724 0.039880287 0.999204397 -0.000102333 -6.485206127 -0.077676229 0.003202321 0.996973515 58.616626740
0.996142924 -0.041671585 0.077218048 4.606535912 0.042066257 0.999108672 -0.003491057 -6.607832909 -0.077003755 0.006725867 0.997008145 59.810497284
0.996143520 -0.042748988 0.076620311 4.751004696 0.043451574 0.999027133 -0.007525463 -6.742632866 -0.076224051 0.010825711 0.997031927 61.017032623
0.996161461 -0.044103712 0.075612739 4.890304089 0.045105439 0.998914897 -0.011591185 -6.871814728 -0.075019464 0.014957236 0.997069836 62.198505402
0.996204257 -0.046532258 0.073563986 5.045989513 0.047663506 0.998769522 -0.013696843 -7.011840343 -0.072836116 0.017151171 0.997196436 63.413948059
0.996353745 -0.046560433 0.071492806 5.183166504 0.047657739 0.998769522 -0.013719225 -7.145075321 -0.070766062 0.017076386 0.997346759 64.591278076
0.996598065 -0.045468230 0.068738170 5.319391727 0.046482872 0.998831451 -0.013233452 -7.287498474 -0.068056151 0.016383581 0.997546971 65.807106018
0.996836960 -0.044813249 0.065632567 5.442185402 0.045657970 0.998891771 -0.011426819 -7.417573452 -0.065047756 0.014387328 0.997778416 66.981689453
0.997247100 -0.041038111 0.061757885 5.567486763 0.041580822 0.999106765 -0.007527864 -7.554877281 -0.061393794 0.010075087 0.998062789 68.178024292
0.997529924 -0.039124612 0.058335476 5.685708046 0.039504234 0.999204993 -0.005368053 -7.679560184 -0.058079075 0.007659292 0.998282611 69.359001160
0.997733474 -0.038152982 0.055427462 5.793007851 0.038671572 0.999217391 -0.008313437 -7.817374706 -0.055066902 0.010438061 0.998428166 70.531547546
0.997923374 -0.038448684 0.051678509 5.913376808 0.039298050 0.999107003 -0.015520693 -7.948421478 -0.051035609 0.017519327 0.998543143 71.714958191
0.997918606 -0.042402804 0.048584901 6.018029690 0.043340504 0.998890698 -0.018411595 -8.084836960 -0.047750302 0.020478969 0.998649299 72.886672974
0.997973502 -0.046268072 0.043682940 6.135977745 0.046907857 0.998804748 -0.013735930 -8.218995094 -0.042995192 0.015757166 0.998950958 74.051971436
0.997967184 -0.049934715 0.039599609 6.237666130 0.050316188 0.998695433 -0.008695209 -8.347998619 -0.039113760 0.010670036 0.999177754 75.212287903
0.998027086 -0.052151691 0.034959465 6.334894180 0.052392092 0.998608589 -0.005995950 -8.475121498 -0.034598120 0.007815719 0.999370694 76.402191162
0.998198748 -0.051445302 0.030863954 6.423569679 0.051578630 0.998662591 -0.003538842 -8.600763321 -0.030640617 0.005124389 0.999517322 77.560791016
0.998332560 -0.051034328 0.026971633 6.513700962 0.051148675 0.998684645 -0.003566338 -8.717206955 -0.026754148 0.004939956 0.999629796 78.714050293
0.998477340 -0.049577553 0.024189310 6.580840588 0.049727533 0.998746932 -0.005638206 -8.846702576 -0.023879470 0.006832496 0.999691486 79.890487671
0.998659670 -0.047296904 0.021020032 6.655353546 0.047533292 0.998810291 -0.010891583 -8.973436356 -0.020479890 0.011876136 0.999719620 81.034904480
0.998568177 -0.050626509 0.017279085 6.738147259 0.050899487 0.998579741 -0.015741538 -9.111971855 -0.016457606 0.016598497 0.999726713 82.198356628
0.998421669 -0.054166585 0.014844477 6.799023628 0.054410789 0.998381138 -0.016573226 -9.242832184 -0.013922731 0.017354768 0.999752402 83.321929932
0.998477399 -0.054130875 0.010613382 6.871743679 0.054265335 0.998444200 -0.012819105 -9.381104469 -0.009902960 0.013375526 0.999861479 84.483787537
0.998473108 -0.054628558 0.008196247 6.930293083 0.054710466 0.998450935 -0.010126313 -9.509840965 -0.007630364 0.010559272 0.999915123 85.616882324
0.998610377 -0.052172698 0.007436514 6.984974861 0.052259199 0.998562038 -0.011957003 -9.637895584 -0.006801991 0.012329016 0.999900818 86.760665894
0.998826563 -0.047988143 0.006518690 7.037682533 0.048081912 0.998729527 -0.015083590 -9.768980980 -0.005786575 0.015379323 0.999864995 87.885231018
0.998886764 -0.046902504 0.005041848 7.093029022 0.046983697 0.998743892 -0.017414773 -9.901134491 -0.004218719 0.017632274 0.999835670 89.002861023
0.998842120 -0.047901575 0.004456694 7.146723270 0.047974508 0.998685896 -0.018028229 -10.034888268 -0.003587257 0.018221166 0.999827564 90.119033813
0.998819232 -0.048439138 0.003715288 7.187499523 0.048492722 0.998694897 -0.016024968 -10.165053368 -0.002934204 0.016186208 0.999864697 91.235549927
0.998732805 -0.050268974 0.002446680 7.247590065 0.050297018 0.998646855 -0.013211532 -10.291770935 -0.001779239 0.013317848 0.999909759 92.344993591
0.998751402 -0.049891636 0.002552916 7.297721863 0.049920045 0.998673201 -0.012643773 -10.418819427 -0.001918711 0.012755428 0.999916852 93.483139038
0.998736978 -0.050182700 0.002447277 7.341922283 0.050213832 0.998626113 -0.014979662 -10.550516129 -0.001692195 0.015083630 0.999884784 94.610885620
0.998732150 -0.050296620 0.002028418 7.398223877 0.050325543 0.998562336 -0.018457791 -10.680334091 -0.001097138 0.018536473 0.999827564 95.709724426
0.998682797 -0.051286664 0.001482288 7.455407143 0.051305823 0.998493433 -0.019457433 -10.813795090 -0.000482148 0.019507857 0.999809563 96.815933228
0.998691976 -0.051076364 0.002365983 7.491173744 0.051110893 0.998529136 -0.018089643 -10.951845169 -0.001438550 0.018186910 0.999833524 97.894584656
0.998708129 -0.050731283 0.002900206 7.542374134 0.050763827 0.998631954 -0.012542717 -11.072921753 -0.002259930 0.012673742 0.999917090 98.983428955
0.998803973 -0.048718110 0.004139934 7.595601559 0.048755340 0.998766243 -0.009426687 -11.195345879 -0.003675576 0.009617258 0.999947011 100.054870605
0.998869717 -0.047119725 0.006251926 7.649861336 0.047178321 0.998840451 -0.009581180 -11.309288025 -0.005793214 0.009865306 0.999934614 101.108108521
0.998945832 -0.045243308 0.007762150 7.707588673 0.045327269 0.998911560 -0.011004951 -11.437289238 -0.007255802 0.011345187 0.999909341 102.153854370
0.998915374 -0.045458600 0.010072900 7.765120983 0.045594227 0.998866558 -0.013671279 -11.553249359 -0.009440004 0.014115717 0.999855876 103.168968201
0.998821974 -0.047085602 0.011735758 7.829341888 0.047252502 0.998779535 -0.014374616 -11.669150352 -0.011044599 0.014912225 0.999827802 104.177673340
0.998724997 -0.048645612 0.013489174 7.897399426 0.048826829 0.998716652 -0.013447304 -11.799837112 -0.012817707 0.014088790 0.999818563 105.193054199
0.998704076 -0.048591558 0.015134610 7.959762096 0.048772767 0.998739660 -0.011843141 -11.914968491 -0.014540058 0.012565952 0.999815345 106.152099609
0.998642027 -0.049399354 0.016547112 8.022285461 0.049577944 0.998714387 -0.010561789 -12.023269653 -0.016004093 0.011367818 0.999807298 107.111465454
0.998569250 -0.050221272 0.018365419 8.082318306 0.050428640 0.998667061 -0.011008019 -12.129302979 -0.017788101 0.011918413 0.999770761 108.029685974
0.998559296 -0.049732573 0.020154197 8.142965317 0.049922865 0.998712063 -0.009050925 -12.232017517 -0.019678116 0.010044040 0.999755919 108.933898926
0.998556316 -0.048885301 0.022261245 8.199490547 0.049048167 0.998773038 -0.006829497 -12.330835342 -0.021900071 0.007911512 0.999728918 109.803833008
0.998528898 -0.049033910 0.023142690 8.265705109 0.049131747 0.998785555 -0.003677556 -12.432715416 -0.022934265 0.004809187 0.999725401 110.662353516
0.998484194 -0.049111832 0.024843689 8.325401306 0.049212884 0.998782218 -0.003472223 -12.525093079 -0.024642911 0.004689590 0.999685347 111.488479614
0.998500943 -0.048221849 0.025891593 8.378252029 0.048310731 0.998828351 -0.002818040 -12.615084648 -0.025725368 0.004064658 0.999660790 112.300430298
0.998597026 -0.045838267 0.026510412 8.429397583 0.045921478 0.998941839 -0.002538590 -12.695078850 -0.026365992 0.003752426 0.999645293 113.079093933
0.998723209 -0.043328330 0.025972344 8.476795197 0.043329127 0.999060690 0.000532312 -12.772367477 -0.025971016 0.000593727 0.999662519 113.833145142
0.998799682 -0.043405958 0.022695063 8.524730682 0.043382641 0.999057353 0.001518673 -12.855256081 -0.022739591 -0.000532279 0.999741197 114.583389282
0.998926461 -0.043363664 0.016294204 8.560953140 0.043342631 0.999058902 0.001642358 -12.929667473 -0.016350091 -0.000934361 0.999865890 115.281768799
0.999120057 -0.041515764 0.005946452 8.588256836 0.041513972 0.999137819 0.000424628 -13.004063606 -0.005958952 -0.000177393 0.999982297 115.951103210
0.999209583 -0.038922355 -0.008090187 8.589574814 0.038903773 0.999239981 -0.002442028 -13.072926521 0.008179085 0.002125359 0.999964356 116.592010498
0.998927474 -0.037546281 -0.027095679 8.590033531 0.037428055 0.999287486 -0.004857345 -13.144000053 0.027258750 0.003837996 0.999621034 117.223052979
0.998131275 -0.035915438 -0.049437676 8.556758881 0.035600916 0.999339938 -0.007228263 -13.212635994 0.049664650 0.005454729 0.998751104 117.811309814
0.996421993 -0.034419660 -0.077190168 8.516101837 0.033825591 0.999387383 -0.008990862 -13.279867172 0.077452332 0.006347692 0.996975899 118.379165649
0.993525386 -0.032085620 -0.108985245 8.442528725 0.031059271 0.999455869 -0.011102295 -13.346234322 0.109282173 0.007645411 0.993981481 118.921348572
0.989127576 -0.027673798 -0.144432127 8.334426880 0.026166478 0.999581575 -0.012325728 -13.411226273 0.144712806 0.008412439 0.989437938 119.460311890
0.982867658 -0.021573113 -0.183045566 8.220878601 0.019801635 0.999737859 -0.011500244 -13.476010323 0.183245644 0.007678617 0.983037174 119.986289978
0.974294484 -0.016528785 -0.224670917 8.078447342 0.014774487 0.999845803 -0.009487377 -13.531535149 0.224793091 0.005924102 0.974388540 120.491310120
0.962881863 -0.011750853 -0.269667059 7.915714264 0.010043205 0.999919891 -0.007711321 -13.592125893 0.269736081 0.004716770 0.962922812 120.977104187
0.948540568 -0.005901008 -0.316600472 7.721443176 0.003384241 0.999958158 -0.008498624 -13.645067215 0.316637367 0.006989838 0.948520958 121.456329346
0.931305587 0.002064314 -0.364232838 7.487300873 -0.005810749 0.999940872 -0.009190250 -13.698003769 0.364192307 0.010675397 0.931262612 121.921211243
0.910250008 0.006244618 -0.414011896 7.232944489 -0.011533579 0.999880731 -0.010276437 -13.746096611 0.413898349 0.014129166 0.910213530 122.358917236
0.885139465 0.011277522 -0.465189099 6.960128784 -0.017167866 0.999817014 -0.008427745 -13.809630394 0.465008974 0.015446033 0.885171235 122.784027100
0.856171787 0.014378352 -0.516491294 6.674240112 -0.021699032 0.999731362 -0.008138777 -13.853854179 0.516235530 0.018175552 0.856253862 123.177688599
0.824480474 0.024036134 -0.565379620 6.345020294 -0.032400675 0.999463618 -0.004758720 -13.901659012 0.564961970 0.022242153 0.824817181 123.555236816
0.790441394 0.037061207 -0.611415327 5.999042511 -0.045492914 0.998963118 0.001739074 -13.943336487 0.610845804 0.026440432 0.791307986 123.910575867
0.754829526 0.046113428 -0.654297948 5.644378662 -0.056728292 0.998377562 0.004918878 -13.986909866 0.653463304 0.033404302 0.756220698 124.216552734
0.715153098 0.049807068 -0.697190940 5.276271820 -0.063997924 0.997934103 0.005645296 -14.029012680 0.696031868 0.040581524 0.716863215 124.512725830
0.672343493 0.051451802 -0.738448858 4.901809692 -0.066252783 0.997760534 0.009197574 -14.077429771 0.737268448 0.042740371 0.674246669 124.799758911
0.628574848 0.055121876 -0.775793195 4.489406586 -0.069536231 0.997473598 0.014532067 -14.112751961 0.774634242 0.044811245 0.630819917 125.068862915
0.583602965 0.063705832 -0.809536338 4.061958313 -0.080786280 0.996527135 0.020181265 -14.142608643 0.808010519 0.053621590 0.586722791 125.302299500
0.538024366 0.072772928 -0.839782000 3.623081207 -0.092510872 0.995345950 0.026984556 -14.166900635 0.837837398 0.063170612 0.542252660 125.506599426
0.491190374 0.077848494 -0.867566586 3.169628143 -0.097950831 0.994617283 0.033792201 -14.192976952 0.865527332 0.068380445 0.496171832 125.704589844
0.443809569 0.079502419 -0.892587483 2.706573486 -0.097388126 0.994436264 0.040151015 -14.218728065 0.890813529 0.069108024 0.449082911 125.885841370
0.396366626 0.080669977 -0.914541304 2.227993011 -0.094190106 0.994448960 0.046896048 -14.240436554 0.913247883 0.067552708 0.401764750 126.068435669
0.350746870 0.083366558 -0.932752132 1.740352631 -0.095827885 0.993996263 0.052805781 -14.259575844 0.931554377 0.070862211 0.356629878 126.210243225
0.306860477 0.086648263 -0.947802007 1.238544464 -0.101625867 0.993136823 0.057890370 -14.275547028 0.946313262 0.078556933 0.313560188 126.326255798
0.265621424 0.088000976 -0.960052669 0.709978104 -0.106188275 0.992436707 0.061589871 -14.290862083 0.958211541 0.085586756 0.272957146 126.431961060
0.225739107 0.084784888 -0.970491290 0.189067841 -0.105843194 0.992442846 0.062083218 -14.311042786 0.968420923 0.088705294 0.233007073 126.535324097
0.190745726 0.079696432 -0.978398919 -0.344287872 -0.100789025 0.993021429 0.061237991 -14.330019951 0.976451576 0.086930990 0.197447091 126.628799438
0.160321087 0.074585304 -0.984242916 -0.893100739 -0.098108314 0.993407488 0.059299149 -14.350424767 0.982177138 0.087055512 0.166581586 126.705741882
0.134340972 0.073033437 -0.988240182 -1.462959290 -0.099037439 0.993276656 0.059942544 -14.368119240 0.985973716 0.089820042 0.140670806 126.768157959
0.111990966 0.071972311 -0.991099358 -2.045631409 -0.099989533 0.993127823 0.060821123 -14.382136345 0.988665819 0.092288144 0.118417822 126.834579468
0.093202420 0.073628873 -0.992920995 -2.639501572 -0.101810418 0.992739201 0.064058766 -14.397491455 0.990428090 0.095119290 0.100021891 126.897163391
0.077266291 0.071782894 -0.994423032 -3.248328209 -0.102745160 0.992667675 0.063672945 -14.419157982 0.991702259 0.097252376 0.084075086 126.943542480
0.063258708 0.070861757 -0.995478272 -3.867805958 -0.101075217 0.992802024 0.064248331 -14.447519302 0.992865682 0.096553914 0.069965743 126.993972778
0.051058777 0.067999415 -0.996378005 -4.505524635 -0.096919879 0.993307352 0.062823281 -14.466540337 0.993981659 0.093361154 0.057307560 127.035308838
0.038928967 0.065411836 -0.997098744 -5.159736156 -0.094663940 0.993608654 0.061486997 -14.484544754 0.994747818 0.091995686 0.044872306 127.076072693
0.027673682 0.064511821 -0.997533083 -5.832846642 -0.093892001 0.993671298 0.061657302 -14.503238678 0.995197713 0.091954120 0.033555683 127.119110107
0.018349726 0.066160962 -0.997640193 -6.505607605 -0.097235419 0.993196487 0.064077809 -14.524662018 0.995092273 0.095830165 0.024658073 127.136207581
0.009768639 0.065906845 -0.997777998 -7.181333065 -0.100120656 0.992875814 0.064602822 -14.549681664 0.994927347 0.099267110 0.016297683 127.153686523
0.003062153 0.065257780 -0.997863710 -7.874724865 -0.102062821 0.992677867 0.064605430 -14.570869446 0.994773269 0.101646960 0.009700123 127.173828125
-0.002038783 0.066216744 -0.997803211 -8.571283340 -0.102824949 0.992502451 0.066075072 -14.588201523 0.994697332 0.102733776 0.004785237 127.188453674
-0.005685747 0.068622157 -0.997626543 -9.289747238 -0.105165064 0.992069364 0.068839267 -14.606660843 0.994438529 0.105306864 0.001575998 127.210235596
-0.006085591 0.072509862 -0.997349203 -10.026931763 -0.107583091 0.991531312 0.072743341 -14.629862785 0.994177520 0.107740611 0.001766782 127.208946228
-0.007477597 0.075881161 -0.997088850 -10.744117737 -0.109844700 0.991020262 0.076243095 -14.645278931 0.993920565 0.110095039 0.000924693 127.225654602
-0.008130959 0.081397764 -0.996648550 -11.484187126 -0.114585072 0.990040541 0.081792906 -14.651331902 0.993380070 0.114866100 0.001276987 127.233024597
-0.009394444 0.085155718 -0.996323347 -12.224944115 -0.117412016 0.989381194 0.085669465 -14.663016319 0.993038833 0.117785148 0.000703618 127.242439270
-0.010377737 0.085519940 -0.996282339 -12.974113464 -0.117799431 0.989293694 0.086147077 -14.678364754 0.992983162 0.118255511 -0.000192429 127.257186890
-0.012021983 0.082524136 -0.996516407 -13.717859268 -0.115486808 0.989804864 0.083361551 -14.696363449 0.993236244 0.116086677 -0.002368969 127.278999329
-0.013441395 0.079065658 -0.996778786 -14.478507996 -0.119117089 0.989643514 0.080105938 -14.700845718 0.992789209 0.119810134 -0.003884118 127.290016174
-0.014887610 0.080797553 -0.996619344 -15.250326157 -0.124379419 0.988838553 0.082024746 -14.710703850 0.992123008 0.125180081 -0.004671893 127.289810181
-0.015899414 0.083811231 -0.996354759 -16.039737701 -0.121275239 0.988962114 0.085124664 -14.724575043 0.992491603 0.122186579 -0.005559692 127.302024841
-0.018274372 0.083736703 -0.996320307 -16.813348770 -0.120014720 0.989098072 0.085331008 -14.739203453 0.992603898 0.121132456 -0.008025509 127.320159912
-0.018608486 0.083235405 -0.996356189 -17.606653214 -0.123730861 0.988676786 0.084904745 -14.748519897 0.992141366 0.124859951 -0.008098988 127.312210083
-0.020257084 0.082554288 -0.996380627 -18.400199890 -0.127590403 0.988223195 0.084472381 -14.758945465 0.991620064 0.128839746 -0.009485389 127.331764221
-0.021361805 0.086929008 -0.995985508 -19.197814941 -0.129491553 0.987580657 0.088972785 -14.764337540 0.991350353 0.130872265 -0.009839938 127.338851929
-0.022178784 0.091760494 -0.995534122 -20.001064301 -0.128813058 0.987216711 0.093863592 -14.776539803 0.991420805 0.130319551 -0.010075315 127.353492737
-0.021387637 0.093943827 -0.995347857 -20.835466385 -0.129714698 0.986899614 0.095933735 -14.782508850 0.991320670 0.131163016 -0.008921556 127.366226196
-0.019516673 0.092792116 -0.995494187 -21.653310776 -0.129120812 0.987111807 0.094542183 -14.788396835 0.991436779 0.130384177 -0.007283745 127.376762390
-0.018108360 0.092705145 -0.995528817 -22.484968185 -0.129193991 0.987127960 0.094272822 -14.791337967 0.991453946 0.130323470 -0.005898322 127.384597778
-0.018232986 0.091934137 -0.995598137 -23.310440063 -0.127679929 0.987396896 0.093515106 -14.799064636 0.991647780 0.128822938 -0.006265052 127.410842896
-0.017225528 0.093924157 -0.995430291 -24.148153305 -0.128543705 0.987108052 0.095363304 -14.804392815 0.991554260 0.129598990 -0.004930100 127.427230835
-0.016577862 0.096299864 -0.995214283 -24.986495972 -0.130291939 0.986655951 0.097642101 -14.807308197 0.991337121 0.131287098 -0.003809548 127.439949036
-0.016759159 0.098412365 -0.995004594 -25.858633041 -0.133415610 0.986025274 0.099771425 -14.806406021 0.990918458 0.134421244 -0.003395209 127.457534790
-0.015217500 0.099551365 -0.994916022 -26.722459793 -0.135672495 0.985623240 0.100696675 -14.803004265 0.990636885 0.136515096 -0.001492338 127.469703674
-0.013450146 0.102584556 -0.994633377 -27.590948105 -0.142387271 0.984389782 0.103453524 -14.801612854 0.989719629 0.143014595 0.001366550 127.483520508
-0.011101397 0.106496312 -0.994251072 -28.466642380 -0.146940559 0.983344376 0.106968738 -14.795246124 0.989082992 0.147283301 0.004732131 127.500373840
-0.008896844 0.108256161 -0.994083226 -29.341756821 -0.149471194 0.982809842 0.108366199 -14.787895203 0.988726020 0.149550930 0.007437270 127.529251099
-0.004967512 0.109041609 -0.994024754 -30.241422653 -0.148279876 0.982967913 0.108569697 -14.788377762 0.988932967 0.147933185 0.011285771 127.549522400
-0.002220546 0.108890325 -0.994051218 -31.134103775 -0.150861576 0.982640207 0.107977316 -14.780597687 0.988552332 0.150203958 0.014245370 127.576828003
0.000229365 0.112659834 -0.993633509 -32.035648346 -0.151325896 0.982194781 0.111327931 -14.771514893 0.988483846 0.150336981 0.017273627 127.608047485
0.002693613 0.114917092 -0.993371546 -32.954708099 -0.150362700 0.982127666 0.113208674 -14.767968178 0.988627255 0.149061114 0.019924723 127.646888733
0.004459927 0.116111897 -0.993226171 -33.847572327 -0.150922135 0.981937051 0.114114478 -14.762855530 0.988535583 0.149390861 0.021903224 127.688087463
0.007226150 0.114355542 -0.993413508 -34.752902985 -0.152283192 0.981978178 0.111931443 -14.754947662 0.988310456 0.150471359 0.024510346 127.716499329
0.007422633 0.115548082 -0.993274152 -35.663139343 -0.156711310 0.981162488 0.112968028 -14.744946480 0.987616658 0.154818788 0.025390500 127.758163452
0.008609787 0.116155989 -0.993193686 -36.557834625 -0.157452106 0.980998099 0.113364786 -14.738673210 0.987489104 0.155404374 0.026735190 127.794921875
0.008880605 0.112508394 -0.993611038 -37.453670502 -0.157932550 0.981336772 0.109706983 -14.734222412 0.987409949 0.155949295 0.026483599 127.829032898
0.009628503 0.108492754 -0.994050741 -38.358142853 -0.159262866 0.981573462 0.105588332 -14.734039307 0.987189233 0.157298654 0.026729949 127.875587463
0.010214798 0.107699350 -0.994131088 -39.254077911 -0.158811569 0.981739044 0.104725055 -14.728677750 0.987256110 0.156809792 0.027132168 127.916893005
0.010155443 0.111572534 -0.993704438 -40.159217834 -0.161382854 0.980910838 0.108486794 -14.719043732 0.986839712 0.159265101 0.027967479 127.955375671
0.010256057 0.117763229 -0.992988765 -41.092060089 -0.161928669 0.980129421 0.114565700 -14.706054688 0.986749113 0.159618348 0.029121507 127.995719910
0.010579412 0.116339877 -0.993153155 -41.987384796 -0.159632400 0.980667293 0.113176815 -14.704454422 0.987119913 0.157342076 0.028946500 128.040359497
0.011402309 0.106265143 -0.994272530 -42.878952026 -0.158895791 0.981895328 0.103120081 -14.711957932 0.987229466 0.156809911 0.028080955 128.083206177
0.011733929 0.095649481 -0.995345891 -43.795658112 -0.160908952 0.982622147 0.092529878 -14.714250565 0.986899495 0.159074336 0.026920876 128.123504639
0.010606002 0.092736349 -0.995634198 -44.697052002 -0.157619864 0.983397543 0.089917555 -14.722261429 0.987442851 0.155978039 0.025047008 128.170089722
0.010290269 0.102681555 -0.994661033 -45.619102478 -0.150192231 0.983587980 0.099984623 -14.723426819 0.988603294 0.148361489 0.025543351 128.221054077
0.010555291 0.115801796 -0.993216276 -46.564575195 -0.145358548 0.982898533 0.113054059 -14.719964981 0.989322722 0.143179134 0.027207561 128.278472900
0.010701150 0.125059158 -0.992091596 -47.487178802 -0.145551458 0.981776178 0.122188866 -14.711481094 0.989292800 0.143092841 0.028708678 128.323745728
0.010696452 0.119067453 -0.992828608 -48.402503967 -0.145727769 0.982470572 0.116255194 -14.705654144 0.989266872 0.143439144 0.027860379 128.364257812
0.010597034 0.105685376 -0.994343162 -49.327411652 -0.145909905 0.983919144 0.103022411 -14.706724167 0.989241123 0.143992826 0.025847165 128.408309937
0.011258681 0.096881017 -0.995232284 -50.242263794 -0.146349549 0.984737277 0.094203778 -14.706188202 0.989168882 0.144591153 0.025265334 128.451156616
0.011770645 0.096868299 -0.995227635 -51.175556183 -0.145216450 0.984910429 0.094146624 -14.711333275 0.989329875 0.143415242 0.025659904 128.495498657
0.011139565 0.098416753 -0.995082974 -52.117076874 -0.148447350 0.984280169 0.095686525 -14.725101471 0.988857567 0.146651506 0.025574157 128.531906128
0.011792441 0.097720020 -0.995144069 -53.067581177 -0.153313801 0.983622491 0.094771869 -14.729944229 0.988107204 0.151451722 0.026581138 128.572296143
0.012233409 0.097336031 -0.995176375 -54.000705719 -0.154876500 0.983424664 0.094282761 -14.731727600 0.987858057 0.152976021 0.027105702 128.616363525
0.013329610 0.104635090 -0.994421363 -54.945880890 -0.164286584 0.981223762 0.101044245 -14.726656914 0.986322582 0.162023187 0.030269472 128.647369385
0.014688583 0.114211343 -0.993347883 -55.894035339 -0.170005053 0.979275584 0.110079519 -14.722064018 0.985333622 0.167257249 0.033800676 128.685379028
0.015804579 0.122196294 -0.992380083 -56.861885071 -0.169998869 0.978382170 0.117765263 -14.716430664 0.985317528 0.166842267 0.036236156 128.739929199
0.016761987 0.123007946 -0.992264092 -57.803932190 -0.171315432 0.978081226 0.118355766 -14.707340240 0.985073566 0.168006286 0.037467744 128.786132812
0.018114166 0.113341525 -0.993390918 -58.743598938 -0.173034877 0.978917301 0.108534910 -14.703050613 0.984749138 0.169925272 0.037344310 128.836318970
0.018876428 0.108611517 -0.993905008 -59.683170319 -0.171345219 0.979726791 0.103807941 -14.702157974 0.985030174 0.168341368 0.037103809 128.899200439
0.020898746 0.107019335 -0.994037211 -60.636260986 -0.169999078 0.980156243 0.101950809 -14.709045410 0.985222638 0.166854769 0.038677230 128.955627441
0.024448626 0.112858415 -0.993310213 -61.624423981 -0.171438977 0.979361117 0.107053868 -14.699733734 0.984891295 0.167674765 0.043292366 129.012390137
0.028015757 0.115067236 -0.992962599 -62.585266113 -0.174244240 0.978706896 0.108499050 -14.699558258 0.984303951 0.169978321 0.047469016 129.067535400
0.032444932 0.109881431 -0.993415058 -63.534893036 -0.173655957 0.979440510 0.102664113 -14.699211121 0.984271824 0.169181511 0.050859444 129.125442505
0.035085872 0.104055814 -0.993952334 -64.490501404 -0.173678175 0.980065942 0.096471332 -14.704496384 0.984177232 0.169243068 0.052458696 129.196517944
0.038133617 0.104127847 -0.993832588 -65.467956543 -0.171061724 0.980555296 0.096173041 -14.712456703 0.984522045 0.166339293 0.055204410 129.278060913
0.041384637 0.108732730 -0.993209124 -66.423706055 -0.168481484 0.980585396 0.100330509 -14.717941284 0.984835565 0.163185224 0.058900621 129.352096558
0.044788506 0.115557976 -0.992290497 -67.398254395 -0.168151319 0.979987442 0.106535457 -14.718894958 0.984743178 0.162083417 0.063323393 129.428451538
0.047330972 0.118930586 -0.991773844 -68.371009827 -0.165787250 0.980050862 0.109612837 -14.716135025 0.985025048 0.159235403 0.066103935 129.514770508
0.049208626 0.120455407 -0.991498351 -69.326309204 -0.165644467 0.979938090 0.110829942 -14.719839096 0.984957039 0.158782408 0.068174176 129.597869873
0.051164880 0.117805682 -0.991717696 -70.278930664 -0.163899302 0.980544865 0.108022526 -14.715480804 0.985149324 0.157014877 0.069477722 129.681243896
0.052241772 0.116188377 -0.991852343 -71.230194092 -0.162015945 0.981036425 0.106387846 -14.717060089 0.985404372 0.155138001 0.070075445 129.761352539
0.052187365 0.112455122 -0.992285371 -72.179351807 -0.158506885 0.981975913 0.102950387 -14.724119186 0.985977650 0.151911378 0.069071651 129.852706909
0.051884364 0.112209409 -0.992329061 -73.155471802 -0.157246530 0.982190013 0.102841198 -14.720821381 0.986195445 0.150704473 0.068604827 129.948501587
0.051831461 0.117098004 -0.991766930 -74.112899780 -0.154089674 0.982146680 0.107909143 -14.722300529 0.986696482 0.147227958 0.068949692 130.030929565
0.050962862 0.119074136 -0.991576672 -75.071990967 -0.147811458 0.982831359 0.110427089 -14.729905128 0.987701654 0.140938684 0.067688420 130.130096436
0.050184179 0.114469901 -0.992158294 -76.034660339 -0.145143405 0.983699679 0.106152520 -14.717277527 0.988137126 0.138678074 0.065980710 130.211898804
0.049121898 0.110423893 -0.992669821 -76.995590210 -0.146587998 0.983904541 0.102194980 -14.715681076 0.987977207 0.140493482 0.064518072 130.289810181
0.047707241 0.107735887 -0.993034303 -77.944564819 -0.143099159 0.984648347 0.099951342 -14.719266891 0.988557816 0.137333974 0.062391777 130.374282837
0.046538446 0.108540408 -0.993002117 -78.912017822 -0.143217638 0.984534144 0.100902706 -14.720152855 0.988596380 0.137519568 0.061363582 130.441177368
0.045681268 0.109740011 -0.992910028 -79.867584229 -0.144344762 0.984241724 0.102141023 -14.723695755 0.988472462 0.138655469 0.060801808 130.518402100
0.044184417 0.110079780 -0.992940128 -80.821739197 -0.146031857 0.983946621 0.102584533 -14.725708961 0.988292634 0.140468255 0.059550267 130.592056274
0.042797264 0.110816501 -0.992918968 -81.770874023 -0.145566612 0.983915806 0.103537403 -14.726044655 0.988422394 0.140104741 0.058240090 130.661346436
0.040244795 0.111741416 -0.992922068 -82.737121582 -0.145786166 0.983749509 0.104800224 -14.732156754 0.988497257 0.140536636 0.055881161 130.735046387
0.039008457 0.113153823 -0.992811441 -83.687324524 -0.146010846 0.983548760 0.106361210 -14.718286514 0.988513589 0.140812248 0.054888412 130.803588867
0.037563644 0.116991267 -0.992422283 -84.641510010 -0.147358656 0.982914507 0.110292859 -14.710855484 0.988369524 0.142098993 0.054161530 130.861953735
0.035634879 0.121933177 -0.991898417 -85.591094971 -0.148553431 0.982148349 0.115397692 -14.700613976 0.988262117 0.143237710 0.053112328 130.925125122
0.033123922 0.121520482 -0.992036223 -86.543708801 -0.148284063 0.982192993 0.115363561 -14.696020126 0.988389850 0.143281892 0.050553642 130.989059448
0.032299217 0.116489917 -0.992666602 -87.488487244 -0.148393959 0.982735813 0.110496134 -14.691807747 0.988400698 0.143736795 0.049028005 131.047912598
0.029600773 0.111568987 -0.993315876 -88.438323975 -0.152146876 0.982674479 0.105839804 -14.678237915 0.987914562 0.147996902 0.046062797 131.109786987
0.028641177 0.109664828 -0.993555844 -89.382690430 -0.150316313 0.983133316 0.104181267 -14.676491737 0.988222957 0.146363780 0.044642512 131.172195435
0.028145136 0.110897928 -0.993433177 -90.352813721 -0.145710245 0.983666897 0.105679527 -14.678599358 0.988926888 0.141779050 0.043844406 131.225433350
0.027963553 0.112209372 -0.993291020 -91.303047180 -0.142657548 0.983956397 0.107138701 -14.675707817 0.989377022 0.138704494 0.043522436 131.282928467
0.026385264 0.112120412 -0.993344188 -92.248992920 -0.137267768 0.984683692 0.107496753 -14.679697990 0.990182459 0.133517832 0.041371666 131.351501465
0.025057325 0.109404370 -0.993681550 -93.191108704 -0.133358017 0.985475361 0.105138034 -14.683058739 0.990751147 0.129880890 0.039283328 131.415863037
0.024482077 0.106143631 -0.994049370 -94.135292053 -0.128138229 0.986478508 0.102179348 -14.685325623 0.991454124 0.124874167 0.037752103 131.477203369
0.022957440 0.108746462 -0.993804336 -95.112411499 -0.126482189 0.986394584 0.105013847 -14.686799049 0.991703331 0.123287670 0.036399581 131.529830933
0.021488702 0.111147523 -0.993571520 -96.060646057 -0.125861451 0.986195266 0.107600264 -14.684713364 0.991815090 0.122740157 0.035181243 131.587280273
0.020418392 0.109061688 -0.993825257 -97.017951965 -0.121775679 0.986902714 0.105800115 -14.680646896 0.992347598 0.118863456 0.033432037 131.634231567
0.017986894 0.105858050 -0.994218528 -97.967803955 -0.118807018 0.987560630 0.102999769 -14.680323601 0.992754459 0.116267495 0.030339828 131.688552856
0.014286689 0.102971271 -0.994581699 -98.933593750 -0.117643721 0.987947702 0.100594543 -14.673355103 0.992953122 0.115569130 0.026228430 131.747817993
0.011356078 0.102103502 -0.994709015 -99.889373779 -0.112089485 0.988633335 0.100200191 -14.683198929 0.993633270 0.110358529 0.022671726 131.799270630
0.009314708 0.102119952 -0.994728506 -100.847488403 -0.105272971 0.989343703 0.100581363 -14.677586555 0.994399726 0.103781141 0.019965921 131.839782715
0.007119588 0.109505013 -0.993960679 -101.811653137 -0.095318846 0.989534199 0.108334579 -14.671532631 0.995421350 0.093971901 0.017482962 131.900421143
0.004373826 0.117567487 -0.993055224 -102.769668579 -0.087276168 0.989320159 0.116740897 -14.667548180 0.996174634 0.086159460 0.014587956 131.956069946
0.001774075 0.116926484 -0.993138909 -103.722343445 -0.083146028 0.989718914 0.116375297 -14.660473824 0.996535838 0.082369097 0.011477806 131.999160767
-0.001148021 0.106867872 -0.994272590 -104.680015564 -0.083841071 0.990762353 0.106587380 -14.659302711 0.996478498 0.083483264 0.007822501 132.034667969
-0.003248095 0.097438775 -0.995236218 -105.626762390 -0.085631058 0.991558671 0.097358212 -14.657980919 0.996321559 0.085539348 0.005123107 132.071334839
-0.003730847 0.098827325 -0.995097637 -106.585052490 -0.092789344 0.990777135 0.098746151 -14.659570694 0.995678842 0.092702858 0.005473685 132.091979980
-0.004751253 0.108649984 -0.994068682 -107.542831421 -0.096370153 0.989403129 0.108600684 -14.653423309 0.995334148 0.096314542 0.005769713 132.128860474
-0.006260611 0.120016962 -0.992752135 -108.506309509 -0.100407414 0.987678885 0.120036840 -14.642013550 0.994926751 0.100431174 0.005867119 132.156723022
-0.007724634 0.121798210 -0.992524803 -109.447502136 -0.107398845 0.986712098 0.121920772 -14.632423401 0.994186044 0.107537806 0.005458998 132.187591553
-0.007272345 0.118752122 -0.992897272 -110.435882568 -0.114678733 0.986273468 0.118799858 -14.613575935 0.993376017 0.114728168 0.006445818 132.201400757
-0.007364401 0.114900216 -0.993349731 -111.391571045 -0.122815713 0.985751987 0.114931911 -14.601802826 0.992402196 0.122845359 0.006852079 132.223464966
-0.005039028 0.116871133 -0.993134201 -112.356224060 -0.127591953 0.984954357 0.116555914 -14.583069801 0.991813958 0.127303272 0.009948602 132.245208740
-0.003801819 0.117984727 -0.993008077 -113.334114075 -0.135539740 0.983790755 0.117408477 -14.565384865 0.990764558 0.135038450 0.012251425 132.270233154
-0.003239250 0.120757140 -0.992676795 -114.298477173 -0.144834369 0.982158363 0.119950205 -14.549152374 0.989450634 0.144162253 0.014308324 132.289855957
-0.002725268 0.123082414 -0.992392659 -115.275100708 -0.150401190 0.981057405 0.122089572 -14.528415680 0.988621235 0.149589762 0.015838098 132.312988281
-0.002868213 0.122338817 -0.992484272 -116.243835449 -0.153894573 0.980610907 0.121320002 -14.520406723 0.988083124 0.153085932 0.016014682 132.354293823
-0.001412820 0.112758793 -0.993621469 -117.198348999 -0.152773574 0.981934011 0.111649722 -14.522318840 0.988260210 0.151956871 0.015839266 132.387512207
-0.000020644 0.101322271 -0.994853675 -118.149085999 -0.156023100 0.982669771 0.100084633 -14.514156342 0.987753391 0.155222222 0.015788330 132.423110962
