1.000000000 0.000000000 0.000000000 0.000000000 0.000000000 1.000000000 0.000000000 0.000000000 0.000000000 0.000000000 1.000000000 0.000000000
0.999997675 -0.001670543 -0.001383170 0.050139353 0.001667538 0.999996245 -0.002171292 -0.132586583 0.001386792 0.002168980 0.999996662 1.297728300
0.999997616 -0.000092746 -0.002182181 0.106116377 0.000078854 0.999979675 -0.006365126 -0.266862661 0.002182728 0.006364940 0.999977291 2.602836370
0.999996185 0.002358854 -0.001429301 0.151697725 -0.002369934 0.999966741 -0.007800362 -0.406686872 0.001410853 0.007803721 0.999968529 3.906494856
0.999984384 0.005592128 0.000023865 0.198143065 -0.005591850 0.999962747 -0.006578745 -0.544535339 -0.000060653 0.006578509 0.999978304 5.220754623
0.999976099 0.006512833 0.002332167 0.245074272 -0.006505167 0.999973416 -0.003280346 -0.688929319 -0.002353469 0.003265097 0.999991894 6.535657406
0.999961436 0.006670638 0.005721563 0.300294220 -0.006659689 0.999975979 -0.001930425 -0.826954067 -0.005734304 0.001892247 0.999981761 7.838361740
0.999944925 0.005262979 0.009081306 0.355927974 -0.005245938 0.999984443 -0.001899284 -0.958791852 -0.009091160 0.001851540 0.999956965 9.142251968
0.999914765 0.004015534 0.012424667 0.433870554 -0.003993484 0.999990463 -0.001799043 -1.095726728 -0.012431772 0.001749272 0.999921143 10.442193031
0.999871790 0.002550805 0.015808491 0.498153448 -0.002510950 0.999993563 -0.002540436 -1.232446671 -0.015814874 0.002500416 0.999871790 11.748356819
0.999817073 0.001402665 0.019076921 0.575257123 -0.001337218 0.999993205 -0.003442969 -1.368422270 -0.019081622 0.003416829 0.999812067 13.044562340
0.999746859 0.001397520 0.022456089 0.643633723 -0.001322735 0.999993503 -0.003344775 -1.516481519 -0.022460619 0.003314225 0.999742150 14.364380836
0.999662578 0.001307618 0.025940420 0.727632701 -0.001195013 0.999989748 -0.004355965 -1.655418396 -0.025945850 0.004323496 0.999653876 15.660022736
0.999572277 0.002217005 0.029161118 0.804578424 -0.002091626 0.999988437 -0.004329340 -1.793015003 -0.029170381 0.004266494 0.999565303 16.956476212
0.999477029 0.001756350 0.032292448 0.895741343 -0.001630148 0.999990880 -0.003934024 -1.931932211 -0.032299064 0.003879325 0.999470711 18.242393494
0.999408126 0.000196598 0.034399360 0.998120487 -0.000072315 0.999993443 -0.003614148 -2.075002909 -0.034399848 0.003609522 0.999401569 19.536729813
0.999349833 -0.002333068 0.035976540 1.096864700 0.002510187 0.999984920 -0.004878822 -2.215797424 -0.035964612 0.004965958 0.999340653 20.812343597
0.999305964 -0.001966576 0.037199128 1.193725944 0.002215834 0.999975324 -0.006660590 -2.356862307 -0.037185110 0.006738395 0.999285638 22.115821838
0.999259174 -0.001840090 0.038442589 1.278415561 0.002201774 0.999953747 -0.009368218 -2.499639988 -0.038423564 0.009445918 0.999216974 23.404087067
0.999223351 -0.001464746 0.039374959 1.381124496 0.001892237 0.999939680 -0.010821840 -2.642513752 -0.039356735 0.010887943 0.999165893 24.683124542
0.999181807 -0.000820960 0.040435638 1.483299017 0.001280979 0.999934673 -0.011351985 -2.789308786 -0.040423676 0.011394494 0.999117613 25.950864792
0.999167800 -0.002519687 0.040710095 1.584880471 0.002942217 0.999942422 -0.010322406 -2.936631203 -0.040681742 0.010433596 0.999117672 27.241214752
0.999167085 -0.005407904 0.040445082 1.688791633 0.005790465 0.999939561 -0.009347618 -3.081196785 -0.040392086 0.009574027 0.999137998 28.520082474
0.999183774 -0.007011227 0.039782044 1.785296082 0.007401725 0.999925792 -0.009677139 -3.229821682 -0.039711244 0.009963697 0.999161541 29.807117462
0.999198079 -0.008706803 0.039081305 1.889052510 0.009195375 0.999881566 -0.012339122 -3.372555256 -0.038969249 0.012688596 0.999159813 31.072078705
0.999226868 -0.008828521 0.038314749 1.994284391 0.009303365 0.999881923 -0.012232682 -3.523469925 -0.038202245 0.012579678 0.999190807 32.354877472
0.999242008 -0.009347176 0.037791874 2.090041399 0.009832582 0.999871254 -0.012678800 -3.666899681 -0.037668511 0.013040781 0.999205232 33.622756958
0.999256968 -0.009746660 0.037287347 2.188426256 0.010226965 0.999866903 -0.012712209 -3.811824322 -0.037158486 0.013084103 0.999223709 34.890735626
0.999262691 -0.010251614 0.036998581 2.277958393 0.010752579 0.999852836 -0.013366621 -3.955754757 -0.036856111 0.013754598 0.999225914 36.151096344
0.999311328 -0.010937835 0.035457436 2.397269726 0.011416231 0.999846160 -0.013317872 -4.115903854 -0.035306301 0.013713490 0.999282420 37.439708710
0.999301672 -0.010638387 0.035818677 2.485111237 0.011054119 0.999873579 -0.011428636 -4.263753414 -0.035692569 0.011816598 0.999292910 38.708343506
0.999270558 -0.010695085 0.036663998 2.582698822 0.011081288 0.999885082 -0.010346567 -4.404879093 -0.036549125 0.010745302 0.999274015 39.970497131
0.999193549 -0.012481187 0.038164962 2.695557594 0.012820883 0.999880314 -0.008668978 -4.546027660 -0.038052186 0.009151295 0.999233782 41.216922760
0.999077499 -0.013589834 0.040735636 2.788389683 0.014003770 0.999853015 -0.009893519 -4.690816402 -0.040595196 0.010454847 0.999120891 42.483970642
0.998952150 -0.014779986 0.043314561 2.883109331 0.015357556 0.999797225 -0.013031978 -4.839874744 -0.043113165 0.013683530 0.998976350 43.735073090
0.998852730 -0.015847813 0.045189071 2.990327358 0.016509380 0.999761403 -0.014304529 -4.980389118 -0.044951592 0.015034160 0.998876035 44.993488312
0.998722315 -0.016081341 0.047908779 3.110455990 0.016731741 0.999772847 -0.013205804 -5.114057541 -0.047685523 0.013990528 0.998764455 46.228515625
0.998519361 -0.017260721 0.051586207 3.217913628 0.017782914 0.999795020 -0.009680981 -5.269209385 -0.051408537 0.010584000 0.998621643 47.491443634
0.998246551 -0.020329658 0.055594169 3.326704264 0.020788908 0.999754250 -0.007694991 -5.408035278 -0.055424079 0.008837241 0.998423815 48.704860687
0.998003423 -0.022507535 0.059012908 3.462608337 0.023015277 0.999703586 -0.007938241 -5.550115585 -0.058816753 0.009280590 0.998225629 49.965820312
0.997724414 -0.025752107 0.062311940 3.605904102 0.026538080 0.999577999 -0.011818804 -5.683135986 -0.061981279 0.013445551 0.997986674 51.195850372
0.997433245 -0.026925975 0.066346526 3.735034943 0.027787127 0.999540746 -0.012090949 -5.816482067 -0.065990485 0.013903497 0.997723341 52.433139801
0.997083366 -0.029383089 0.070437580 3.866473198 0.030141547 0.999498308 -0.009728953 -5.954899311 -0.070116363 0.011823676 0.997468710 53.652648926
0.996810913 -0.032124210 0.073048480 4.028733730 0.032662898 0.999447227 -0.006191583 -6.089844227 -0.072809197 0.008557810 0.997309148 54.844085693
0.996507108 -0.034533642 0.076034598 4.146711826 0.034985267 0.999377131 -0.004615268 -6.225574970 -0.075827882 0.007259237 0.997094512 56.102722168
0.996309042 -0.037662011 0.077135056 4.302446365 0.037875835 0.999281526 -0.001310448 -6.353785515 -0.077030286 0.004227165 0.997019768 57.310600281
0.996133983 -0.040453523 0.077978171 4.443002224 0.040558867 0.999177098 0.000233067 -6.482354164 -0.077923439 0.002930540 0.996954978 58.524734497
0.996094763 -0.042236269 0.077532686 4.593192577 0.042606194 0.999086976 -0.003122590 -6.605906010 -0.077330023 0.006413769 0.996984839 59.716350555
0.996103525 -0.043546155 0.076691270 4.744974136 0.044241432 0.998993516 -0.007389604 -6.736108303 -0.076292284 0.010753741 0.997027457 60.924831390
0.996116936 -0.044836294 0.075767726 4.883761883 0.045813587 0.998887062 -0.011209176 -6.866455555 -0.075180829 0.014636843 0.997062445 62.106014252
0.996117055 -0.047028981 0.074425176 5.022837162 0.048185840 0.998742640 -0.013824247 -6.998763084 -0.073681466 0.017356809 0.997130752 63.324882507
0.996282518 -0.046990242 0.072202444 5.165542126 0.048101027 0.998748183 -0.013722408 -7.131496906 -0.071467243 0.017144408 0.997295618 64.499893188
0.996489763 -0.046256907 0.069774553 5.292257309 0.047277544 0.998796582 -0.013046935 -7.276316643 -0.069087088 0.016299907 0.997477472 65.722297668
0.996731460 -0.045471862 0.066773601 5.416175842 0.046333570 0.998860836 -0.011412647 -7.403972149 -0.066178568 0.014469205 0.997702897 66.899932861
0.997134209 -0.041899137 0.062992945 5.539340973 0.042459343 0.999069452 -0.007580449 -7.536518097 -0.062616713 0.010233361 0.997985184 68.084877014
0.997433782 -0.039793115 0.059518911 5.659535885 0.040192079 0.999176800 -0.005520640 -7.661603928 -0.059250228 0.007898660 0.998211920 69.266738892
0.997640252 -0.038568847 0.056801036 5.764319897 0.039132603 0.999194860 -0.008846145 -7.795567513 -0.056414120 0.011048041 0.998346269 70.436813354
0.997809350 -0.039133452 0.053339448 5.884164333 0.040003076 0.999081910 -0.015334235 -7.935450554 -0.052690402 0.017434381 0.998458683 71.623313904
0.997818291 -0.043009266 0.050088428 5.992618561 0.043974243 0.998864591 -0.018324979 -8.070907593 -0.049243402 0.020487595 0.998576641 72.793235779
0.997861266 -0.046983857 0.045446333 6.108223438 0.047636162 0.998775303 -0.013378007 -8.208337784 -0.044762123 0.015514287 0.998877227 73.961471558
0.997871637 -0.050720531 0.040982582 6.217739105 0.051116172 0.998655200 -0.008663705 -8.333651543 -0.040488034 0.010740140 0.999122322 75.117774963
0.997921765 -0.052734811 0.037029240 6.309993267 0.052980337 0.998579383 -0.005680284 -8.462499619 -0.036677089 0.007630301 0.999298036 76.311882019
0.998102009 -0.052048013 0.032913424 6.402035713 0.052180234 0.998632550 -0.003170564 -8.588114738 -0.032703403 0.004881978 0.999453187 77.469932556
0.998251081 -0.051619530 0.028812107 6.498769760 0.051729821 0.998656332 -0.003095488 -8.707094193 -0.028613605 0.004580519 0.999579966 78.627365112
0.998413920 -0.049908668 0.026052147 6.562878609 0.050053280 0.998734415 -0.004927973 -8.835155487 -0.025773227 0.006224151 0.999648452 79.791389465
0.998601496 -0.047651391 0.022896955 6.640009880 0.047884434 0.998805404 -0.009739421 -8.965448380 -0.022405505 0.010822210 0.999690354 80.934471130
0.998524249 -0.051068224 0.018479500 6.732678413 0.051332250 0.998582065 -0.014106663 -9.109113693 -0.017732896 0.015034437 0.999729693 82.094070435
0.998397827 -0.054213982 0.016212456 6.792200089 0.054470573 0.998389959 -0.015826957 -9.233607292 -0.015328311 0.016684704 0.999743283 83.238136292
0.998434782 -0.054522891 0.012457862 6.862069130 0.054678209 0.998425782 -0.012486384 -9.361815453 -0.011757458 0.013148012 0.999844432 84.375869751
0.998437881 -0.055052143 0.009549267 6.932293892 0.055147298 0.998428106 -0.010004001 -9.492069244 -0.008983511 0.010514990 0.999904335 85.510124207
0.998576880 -0.052630186 0.008619626 6.978528976 0.052727353 0.998543262 -0.011463410 -9.620717049 -0.008003746 0.011901587 0.999897063 86.656608582
0.998764157 -0.049010415 0.008256620 7.031928539 0.049129911 0.998680472 -0.014952096 -9.745792389 -0.007512918 0.015339264 0.999854088 87.776840210
0.998826802 -0.047942013 0.006824156 7.099833965 0.048057444 0.998684287 -0.017896561 -9.871117592 -0.005957180 0.018203516 0.999816537 88.872650146
0.998762906 -0.049325347 0.006293508 7.142558098 0.049431138 0.998616457 -0.017936449 -10.014842987 -0.005400078 0.018225355 0.999819458 90.019569397
0.998715043 -0.050446495 0.004849840 7.197560310 0.050514866 0.998607755 -0.015195808 -10.145954132 -0.004076512 0.015421271 0.999872744 91.135955811
0.998673499 -0.051325809 0.004114114 7.247963428 0.051374014 0.998599708 -0.012625521 -10.275505066 -0.003460338 0.012820134 0.999911845 92.250648499
0.998655856 -0.051732365 0.003199578 7.317437172 0.051767036 0.998588026 -0.011919110 -10.401793480 -0.002578456 0.012068722 0.999923766 93.385078430
0.998626709 -0.052292354 0.003208107 7.365451813 0.052332748 0.998529375 -0.014161755 -10.528058052 -0.002462837 0.014310196 0.999894559 94.494018555
0.998613119 -0.052577540 0.002707925 7.425676823 0.052617531 0.998456120 -0.017797511 -10.658153534 -0.001767994 0.017915314 0.999837935 95.599433899
0.998596072 -0.052916948 0.002387874 7.477710724 0.052952819 0.998416722 -0.018974418 -10.795392036 -0.001380025 0.019074228 0.999817133 96.700424194
0.998554587 -0.053704407 0.002114292 7.536200523 0.053732868 0.998407543 -0.017180085 -10.927843094 -0.001188279 0.017268857 0.999850214 97.784950256
0.998597682 -0.052850042 0.003082365 7.580773830 0.052883621 0.998527527 -0.012081608 -11.047234535 -0.002439312 0.012227673 0.999922276 98.865791321
0.998689115 -0.051004786 0.004277168 7.632987499 0.051041212 0.998656988 -0.008892277 -11.164828300 -0.003817875 0.009098933 0.999951303 99.931488037
0.998778284 -0.048970867 0.006617807 7.676367760 0.049027387 0.998759925 -0.008666988 -11.287891388 -0.006185170 0.008980853 0.999940455 100.999488831
0.998854458 -0.047050636 0.008714240 7.728673935 0.047139313 0.998835504 -0.010266927 -11.410471916 -0.008221027 0.010665947 0.999909341 102.038253784
0.998811126 -0.047393937 0.011414096 7.780673981 0.047536690 0.998790264 -0.012578005 -11.531685829 -0.010804168 0.013105638 0.999855757 103.056930542
0.998719096 -0.048767239 0.013488449 7.829072475 0.048950486 0.998708487 -0.013606573 -11.644249916 -0.012807473 0.014249410 0.999816418 104.065109253
0.998598278 -0.050603371 0.015514873 7.891555786 0.050805271 0.998625219 -0.012907176 -11.756787300 -0.014840398 0.013677320 0.999796331 105.046150208
0.998565078 -0.050657239 0.017370597 7.946169853 0.050860249 0.998640120 -0.011451306 -11.875070572 -0.016766883 0.012318347 0.999783516 106.026809692
0.998497486 -0.051806472 0.017852241 8.029899597 0.051989615 0.998597980 -0.009951811 -11.981096268 -0.017311644 0.010864991 0.999791086 106.955139160
0.998421967 -0.052471455 0.020005187 8.085680008 0.052690811 0.998554647 -0.010599767 -12.086242676 -0.019420085 0.011637131 0.999743700 107.869949341
0.998414874 -0.052058369 0.021393683 8.150185585 0.052254710 0.998595715 -0.008722976 -12.186727524 -0.020909537 0.009827069 0.999733090 108.776496887
0.998418212 -0.051148035 0.023345673 8.208514214 0.051316794 0.998660088 -0.006687406 -12.283590317 -0.022972345 0.007874852 0.999705017 109.644088745
0.998380959 -0.051470201 0.024210149 8.275324821 0.051564846 0.998664141 -0.003300613 -12.387005806 -0.024007920 0.004543662 0.999701560 110.500045776
0.998329759 -0.051590726 0.026001226 8.336282730 0.051698290 0.998656690 -0.003481077 -12.476843834 -0.025786703 0.004819481 0.999655843 111.324935913
0.998351753 -0.050644327 0.026997672 8.387581825 0.050730292 0.998709261 -0.002508153 -12.565481186 -0.026835797 0.003873619 0.999632359 112.131530762
0.998456240 -0.048367571 0.027309870 8.442836761 0.048446257 0.998823345 -0.002226335 -12.645226479 -0.027170056 0.003545958 0.999624431 112.911590576
0.998580396 -0.046154682 0.026588947 8.493680954 0.046144672 0.998934209 0.000990407 -12.724086761 -0.026606321 0.000237937 0.999645948 113.664581299
0.998663306 -0.045908742 0.023747295 8.538038254 0.045869444 0.998944998 0.002197202 -12.805092812 -0.023823116 -0.001104990 0.999715507 114.389762878
0.998787463 -0.045972694 0.017616054 8.568325043 0.045936797 0.998941302 0.002437223 -12.881698608 -0.017709453 -0.001625043 0.999841809 115.085899353
0.998983145 -0.044552322 0.006910676 8.601193428 0.044546202 0.999006808 0.001037297 -12.955039024 -0.006950026 -0.000728398 0.999975562 115.767326355
0.999078393 -0.042245682 -0.007593699 8.612737656 0.042231277 0.999105752 -0.002047250 -13.018532753 0.007673396 0.001724671 0.999969065 116.412284851
0.998849809 -0.040593654 -0.025517240 8.592295647 0.040495038 0.999170244 -0.004369942 -13.092500687 0.025673458 0.003331594 0.999664843 117.012084961
0.998079479 -0.038761541 -0.048320457 8.567317009 0.038481541 0.999236703 -0.006711748 -13.160157204 0.048543736 0.004839410 0.998809457 117.600906372
0.996393681 -0.037319135 -0.076203048 8.527923584 0.036772694 0.999286950 -0.008561916 -13.224893570 0.076468229 0.005728847 0.997055590 118.167160034
0.993551970 -0.034806602 -0.107902698 8.456065178 0.033840027 0.999369085 -0.010776479 -13.295374870 0.108209729 0.007055560 0.994103014 118.713478088
0.989182413 -0.030614752 -0.143460691 8.358993530 0.029161807 0.999499917 -0.012220077 -13.359222412 0.143763080 0.007904313 0.989580572 119.257186890
0.983019888 -0.024309441 -0.181881607 8.239088058 0.022611251 0.999679267 -0.011404864 -13.419488907 0.182100490 0.007098637 0.983254313 119.770820618
0.974539697 -0.019023854 -0.223406672 8.098747253 0.017379176 0.999805450 -0.009325847 -13.478503227 0.223540634 0.005205784 0.974680781 120.272796631
0.963255227 -0.014262339 -0.268208981 7.927841187 0.012670320 0.999890268 -0.007665758 -13.537784576 0.268288881 0.003985787 0.963330328 120.766868591
0.949148536 -0.007917400 -0.314728975 7.736621857 0.005583609 0.999949872 -0.008316134 -13.593086243 0.314778984 0.006135923 0.949145138 121.226982117
0.931733608 -0.000374782 -0.363142431 7.509548187 -0.003266038 0.999950349 -0.009411840 -13.648132324 0.363127977 0.009955363 0.931686103 121.705215454
0.910785437 0.004160314 -0.412859023 7.253833771 -0.009226864 0.999904573 -0.010278998 -13.702682495 0.412776887 0.013171356 0.910736918 122.138977051
0.885602772 0.008481865 -0.464365989 6.989997864 -0.014406965 0.999853671 -0.009213042 -13.754805565 0.464219987 0.014849201 0.885595441 122.555061340
0.856551051 0.011667134 -0.515930414 6.712375641 -0.018997360 0.999779582 -0.008930746 -13.800319672 0.515712559 0.017450955 0.856583893 122.954803467
0.825309575 0.021399619 -0.564275026 6.378562927 -0.029688792 0.999543905 -0.005516076 -13.851778030 0.563899696 0.021305116 0.825568438 123.320198059
0.791528404 0.034409672 -0.610162795 6.031894684 -0.042632494 0.999090254 0.001038305 -13.894684792 0.609643519 0.025190912 0.792275429 123.674354553
0.755634964 0.043186557 -0.653567791 5.677272797 -0.053943899 0.998537481 0.003613238 -13.935414314 0.652767956 0.032525711 0.756859422 123.990768433
0.716026127 0.046814147 -0.696501911 5.305374146 -0.061259773 0.998113453 0.004109436 -13.976975441 0.695380330 0.039725088 0.717543066 124.290641785
0.673494518 0.048634477 -0.737590611 4.929023743 -0.063883297 0.997929454 0.007468534 -14.027270317 0.736426592 0.042089704 0.675206900 124.575363159
0.629903138 0.052530158 -0.774895191 4.523475647 -0.067290522 0.997649729 0.012931013 -14.065975189 0.773753226 0.043997817 0.631957352 124.839599609
0.584993064 0.061297830 -0.808718562 4.102169037 -0.078464068 0.996739864 0.018791528 -14.099702835 0.807233810 0.052462436 0.587895453 125.067062378
0.539632618 0.070112005 -0.838976145 3.656436920 -0.090003490 0.995619714 0.025311891 -14.123773575 0.837075889 0.061851654 0.543579221 125.277275085
0.492488265 0.075125307 -0.867070556 3.204879761 -0.095256500 0.994935036 0.032098997 -14.154894829 0.865090430 0.066785723 0.497150004 125.480834961
0.445512742 0.076275744 -0.892020524 2.736171722 -0.094738722 0.994786322 0.037746616 -14.176296234 0.890248775 0.067692257 0.450416416 125.662689209
0.398496419 0.078012586 -0.913846135 2.264408112 -0.092463329 0.994716883 0.044596292 -14.198281288 0.912497282 0.066725798 0.403604388 125.831451416
0.352605551 0.080821075 -0.932275295 1.770622253 -0.093986511 0.994284272 0.050649147 -14.221257210 0.931040108 0.069762133 0.358186215 125.980895996
0.308713615 0.084194481 -0.947421312 1.267063141 -0.099358127 0.993479669 0.055912077 -14.243301392 0.945951223 0.076873191 0.315066159 126.100067139
0.267230839 0.085775100 -0.959807456 0.743610382 -0.104428969 0.992742300 0.059643120 -14.259630203 0.957957327 0.084293231 0.274248779 126.205551147
0.228221148 0.082259171 -0.970128179 0.218719482 -0.104925364 0.992699146 0.059489485 -14.276272774 0.967938960 0.088214293 0.235186026 126.301399231
0.193647608 0.077167884 -0.978031635 -0.318790436 -0.099867083 0.993273795 0.058597095 -14.294775009 0.975974977 0.086325958 0.200051665 126.390350342
0.163294733 0.072251759 -0.983928144 -0.875185013 -0.097431034 0.993620515 0.056793641 -14.313944817 0.981754601 0.086591013 0.169292554 126.469093323
0.136073455 0.070587300 -0.988180876 -1.437469482 -0.097789951 0.993544281 0.057504669 -14.338494301 0.985860586 0.088809296 0.142097741 126.549705505
0.113999978 0.069865376 -0.991021097 -2.019075394 -0.098945737 0.993363023 0.058648460 -14.354910851 0.988541186 0.091371402 0.120156229 126.615203857
0.095822826 0.071000800 -0.992862940 -2.625162125 -0.101412594 0.992959023 0.061220169 -14.367718697 0.990218878 0.094822504 0.102348514 126.662673950
0.079463109 0.069483019 -0.994413197 -3.228777885 -0.102246620 0.992874444 0.061205015 -14.394044876 0.991580129 0.096811868 0.086001292 126.717132568
0.065731287 0.068665162 -0.995472014 -3.851807594 -0.101853184 0.992880404 0.061760992 -14.422449112 0.992625475 0.097332358 0.072257064 126.761886597
0.053219032 0.065872237 -0.996407866 -4.495478153 -0.096016258 0.993536174 0.060554076 -14.444977760 0.993956029 0.092448726 0.059199836 126.819778442
0.041132297 0.063276559 -0.997148097 -5.142810822 -0.093719997 0.993836880 0.059200510 -14.464061737 0.994748533 0.091017663 0.046809074 126.863121033
0.030240873 0.062958412 -0.997557878 -5.801318169 -0.093143515 0.993849158 0.059900705 -14.486059189 0.995193362 0.091104604 0.035919033 126.900268555
0.021375194 0.064380392 -0.997696400 -6.472803116 -0.096654110 0.993383169 0.062031291 -14.508817673 0.995088458 0.095105529 0.027456380 126.910064697
0.012913819 0.063565508 -0.997894228 -7.169498444 -0.099565573 0.993099213 0.061971605 -14.532301903 0.994947135 0.098555610 0.019153642 126.931404114
0.006560813 0.063028008 -0.997990251 -7.856565475 -0.102190629 0.992828906 0.062030260 -14.554725647 0.994743288 0.101578273 0.012954637 126.949455261
0.001017424 0.064445578 -0.997920632 -8.553171158 -0.102788262 0.992642164 0.063999899 -14.577975273 0.994702756 0.102509417 0.007634184 126.967414856
-0.002343076 0.066537708 -0.997781277 -9.275722504 -0.104454629 0.992309332 0.066418096 -14.596117020 0.994526863 0.104378499 0.004625115 126.989387512
-0.003446280 0.070170723 -0.997528970 -9.991933823 -0.106617652 0.991823256 0.070137687 -14.618206978 0.994294047 0.106595919 0.004063336 127.007423401
-0.004670282 0.073710710 -0.997268736 -10.726672173 -0.109526880 0.991241932 0.073778182 -14.635788918 0.993972838 0.109572291 0.003443925 127.021903992
-0.005768111 0.079259776 -0.996837258 -11.454851151 -0.114445105 0.990251601 0.079398356 -14.646880150 0.993412852 0.114541113 0.003359011 127.033714294
-0.007133704 0.082719572 -0.996547341 -12.192631721 -0.117258988 0.989628077 0.082984626 -14.660470963 0.993075788 0.117446125 0.002639899 127.053428650
-0.008621388 0.083544657 -0.996466756 -12.932473183 -0.116524585 0.989630938 0.083979696 -14.679890633 0.993150473 0.116836898 0.001203013 127.072402954
-0.009487725 0.080104709 -0.996741414 -13.708042145 -0.115045249 0.990079701 0.080664434 -14.698777199 0.993314862 0.115435697 -0.000177938 127.085784912
-0.011614736 0.076850481 -0.996974945 -14.458392143 -0.118801832 0.989874184 0.077687152 -14.707124710 0.992850065 0.119344771 -0.002367151 127.103973389
-0.012399418 0.078674182 -0.996823192 -15.233116150 -0.123626254 0.989130735 0.079604834 -14.718331337 0.992251337 0.124220572 -0.002538451 127.101928711
-0.013767911 0.081744343 -0.996558249 -16.004468918 -0.120799407 0.989216924 0.082811035 -14.734367371 0.992581487 0.121523775 -0.003744782 127.117416382
-0.015647527 0.081801631 -0.996525824 -16.778823853 -0.119624361 0.989336193 0.083089806 -14.750605583 0.992695928 0.120508909 -0.005695197 127.132469177
-0.016042780 0.081218623 -0.996567190 -17.568719864 -0.123062313 0.988957286 0.082579479 -14.762449265 0.992269337 0.123964667 -0.005870672 127.129745483
-0.017607231 0.080828391 -0.996572435 -18.364400864 -0.126646265 0.988518536 0.082412720 -14.776679039 0.991791785 0.127663270 -0.007168463 127.146469116
-0.019097129 0.084983908 -0.996199310 -19.160926819 -0.128479853 0.987911463 0.086739860 -14.782749176 0.991528094 0.129648030 -0.007947551 127.158836365
-0.019662734 0.089660555 -0.995778203 -19.967096329 -0.127691746 0.987589240 0.091444634 -14.795546532 0.991618931 0.128950745 -0.007969789 127.171745300
-0.018321658 0.092336096 -0.995559275 -20.789438248 -0.128802940 0.987211466 0.093932256 -14.804026604 0.991500914 0.129951954 -0.006194191 127.182388306
-0.016571816 0.091140978 -0.995700061 -21.608453751 -0.128168076 0.987427711 0.092516907 -14.811708450 0.991613984 0.129150167 -0.004682106 127.197227478
-0.015235322 0.091204964 -0.995715559 -22.438064575 -0.128089473 0.987448096 0.092407577 -14.816823006 0.991645515 0.128948569 -0.003361695 127.207122803
-0.015228378 0.090155520 -0.995811284 -23.252138138 -0.126577005 0.987740636 0.091360517 -14.823170662 0.991839886 0.127438083 -0.003630072 127.232704163
-0.014276396 0.092019744 -0.995654821 -24.088922501 -0.127480596 0.987462878 0.093090534 -14.830045700 0.991738379 0.128255665 -0.002366679 127.252349854
-0.013989459 0.094216987 -0.995453417 -24.927930832 -0.129054531 0.987053752 0.095235631 -14.833024979 0.991538882 0.129800081 -0.001649219 127.274505615
-0.013608745 0.096542776 -0.995235801 -25.794996262 -0.132057801 0.986435771 0.097494870 -14.833265305 0.991148591 0.132755429 -0.000674925 127.285453796
-0.011865638 0.097616978 -0.995153368 -26.663669586 -0.134256616 0.986056507 0.098325439 -14.830068588 0.990875542 0.134772584 0.001405534 127.296615601
-0.010404907 0.100822181 -0.994849980 -27.528421402 -0.141124249 0.984797657 0.101279408 -14.832586288 0.989937186 0.141451254 0.003981724 127.318008423
-0.007808791 0.104686618 -0.994474530 -28.414918900 -0.146062657 0.983719110 0.104701325 -14.829223633 0.989244521 0.146073192 0.007609150 127.332351685
-0.005796008 0.106492341 -0.994296610 -29.288986206 -0.148511022 0.983195126 0.106169052 -14.824645996 0.988893688 0.148279369 0.010116679 127.365684509
-0.002132050 0.107456580 -0.994207501 -30.182823181 -0.147310317 0.983329594 0.106596760 -14.828684807 0.989088058 0.146684259 0.013732955 127.392402649
0.000533897 0.107378885 -0.994218051 -31.075401306 -0.149909660 0.982991755 0.106085934 -14.823373795 0.988699496 0.148986265 0.016621955 127.423118591
0.002932729 0.111229613 -0.993790388 -31.975347519 -0.150439277 0.982533574 0.109525740 -14.817406654 0.988614917 0.149183884 0.019614808 127.456665039
0.005188329 0.113170676 -0.993562043 -32.892974854 -0.149212912 0.982539713 0.111136027 -14.814806938 0.988791466 0.147675678 0.021984264 127.499931335
0.006849715 0.114320770 -0.993420243 -33.785339355 -0.149765790 0.982355773 0.112014838 -14.811754227 0.988697767 0.148013115 0.023850199 127.543807983
0.009035097 0.112480037 -0.993612885 -34.687999725 -0.151133791 0.982392371 0.109835528 -14.806265831 0.988472044 0.149176121 0.025875540 127.580177307
0.009935029 0.113618858 -0.993474722 -35.598972321 -0.155224696 0.981655598 0.110714860 -14.795660973 0.987829208 0.153111845 0.027389226 127.616867065
0.011254362 0.114132687 -0.993401825 -36.495128632 -0.155775264 0.981535494 0.111004569 -14.790451050 0.987728298 0.153498173 0.028825607 127.653907776
0.011434834 0.110811159 -0.993775666 -37.389789581 -0.156472266 0.981795490 0.107674882 -14.791477203 0.987616122 0.154267058 0.028565539 127.692314148
0.012075342 0.106676847 -0.994220436 -38.295394897 -0.157362729 0.982105732 0.103465721 -14.792544365 0.987466991 0.155203849 0.028646221 127.741569519
0.012459817 0.105917029 -0.994296968 -39.193119049 -0.157103539 0.982231498 0.102663063 -14.788301468 0.987503529 0.154928371 0.028878367 127.785530090
0.012562024 0.110093452 -0.993841946 -40.098461151 -0.159510449 0.981413007 0.106700435 -14.784072876 0.987116396 0.157187790 0.029889589 127.825027466
0.012837467 0.116306327 -0.993130445 -41.030452728 -0.160186261 0.980623782 0.112771042 -14.774028778 0.987003326 0.157638147 0.031219397 127.865539551
0.013013178 0.114824660 -0.993300557 -41.923938751 -0.157836020 0.981166601 0.111354187 -14.774326324 0.987379611 0.155329525 0.030891566 127.913230896
0.014006665 0.104626775 -0.994412899 -42.815536499 -0.157442033 0.982335448 0.101138420 -14.780660629 0.987428844 0.155145779 0.030231893 127.956871033
0.014199798 0.094203889 -0.995451629 -43.741855621 -0.159044385 0.983090222 0.090765357 -14.787778854 0.987169325 0.157032132 0.028942280 128.003067017
0.013108904 0.091113605 -0.995754182 -44.643566132 -0.155935541 0.983842075 0.087970763 -14.796785355 0.987680197 0.154120266 0.027104937 128.051437378
0.013154326 0.101273797 -0.994771659 -45.563117981 -0.148576051 0.984011769 0.098213702 -14.801431656 0.988813519 0.146507278 0.027990868 128.101989746
0.013156252 0.114404961 -0.993347049 -46.505332947 -0.143683627 0.983339250 0.111349374 -14.800066948 0.989536226 0.141262785 0.029375186 128.161544800
0.013299991 0.123393103 -0.992268741 -47.427799225 -0.143976539 0.982251704 0.120217644 -14.791968346 0.989491642 0.141264513 0.030829653 128.209533691
0.013059393 0.117766507 -0.992955446 -48.344100952 -0.144009605 0.982908666 0.114680916 -14.790340424 0.989490151 0.141497433 0.029795697 128.253082275
0.013228370 0.104411155 -0.994446158 -49.255123138 -0.144066811 0.984355450 0.101435281 -14.792560577 0.989479542 0.141924873 0.028063599 128.296386719
0.013763545 0.095392458 -0.995344520 -50.169258118 -0.144629210 0.985160708 0.092416525 -14.791751862 0.989390135 0.142683938 0.027355840 128.341445923
0.013968790 0.095584273 -0.995323300 -51.097187042 -0.143594384 0.985294282 0.092605889 -14.801321030 0.989538014 0.141629219 0.027488735 128.391189575
0.013589494 0.097015768 -0.995190203 -52.037059784 -0.146645054 0.984713554 0.093992002 -14.818473816 0.989095747 0.144662410 0.027608640 128.435272217
0.014156366 0.096532300 -0.995229185 -52.966182709 -0.151235506 0.984084904 0.093300149 -14.821475983 0.988396406 0.149193168 0.028530175 128.470397949
0.014575426 0.095704049 -0.995303035 -53.906272888 -0.152916282 0.983912826 0.092369460 -14.822382927 0.988131583 0.150851727 0.028975656 128.514190674
0.015501971 0.103626154 -0.994495451 -54.869663239 -0.161848724 0.981758475 0.099776097 -14.825844765 0.986693799 0.159411103 0.031990949 128.556869507
0.016999306 0.113065153 -0.993442178 -55.809234619 -0.167371809 0.979887843 0.108658500 -14.819787979 0.985747278 0.164427117 0.035581332 128.597366333
0.018520590 0.121373840 -0.992434025 -56.764499664 -0.167884707 0.978888512 0.116584219 -14.813899994 0.985632539 0.164455280 0.038506404 128.640670776
0.019430406 0.121748999 -0.992370665 -57.723358154 -0.169690773 0.978559494 0.116732061 -14.803598404 0.985305727 0.166128024 0.039673485 128.690994263
0.020968076 0.112292178 -0.993453920 -58.656463623 -0.171542481 0.979340494 0.107076280 -14.804798126 0.984953523 0.168174401 0.039797772 128.736145020
0.022219174 0.107287057 -0.993979692 -59.593963623 -0.169957429 0.980158746 0.101996079 -14.800363541 0.985200942 0.166667998 0.040012546 128.793289185
0.023951277 0.105748974 -0.994104385 -60.562797546 -0.168278441 0.980627418 0.100260966 -14.801078796 0.985448480 0.164884955 0.041282553 128.853027344
0.027417088 0.111631647 -0.993371308 -61.524360657 -0.170016572 0.979786873 0.105412602 -14.801855087 0.985059798 0.165999487 0.045842133 128.913604736
0.030803168 0.113870874 -0.993017912 -62.494167328 -0.172744155 0.979146183 0.106921710 -14.804326057 0.984484971 0.168244541 0.049831327 128.974258423
0.034714855 0.108773649 -0.993460178 -63.450119019 -0.171951830 0.979885280 0.101278760 -14.805332184 0.984493554 0.167311415 0.052720409 129.037429810
0.037951194 0.103156209 -0.993940890 -64.405342102 -0.171778247 0.980524659 0.095204845 -14.812772751 0.984404445 0.167124242 0.054932069 129.104949951
0.041388318 0.102794230 -0.993841171 -65.369514465 -0.169266358 0.981037080 0.094420783 -14.813472748 0.984700918 0.164315984 0.058003079 129.185882568
0.043633141 0.107377626 -0.993260384 -66.337371826 -0.166558176 0.981074929 0.098743521 -14.831718445 0.985065699 0.161127180 0.060692016 129.268417358
0.047173921 0.114026226 -0.992357075 -67.295761108 -0.166010991 0.980541825 0.104776859 -14.832083702 0.984994948 0.159799486 0.065185599 129.348052979
0.049625333 0.117849171 -0.991790771 -68.258033752 -0.163637862 0.980554938 0.108326279 -14.837219238 0.985271573 0.156918854 0.067944959 129.435699463
0.051852413 0.119615033 -0.991465390 -69.240882874 -0.163271204 0.980458021 0.109748162 -14.836587906 0.985217631 0.156187028 0.070368797 129.516952515
0.054185465 0.116889529 -0.991665661 -70.182640076 -0.162595898 0.980902612 0.106736504 -14.836849213 0.985203803 0.155457184 0.072156437 129.592544556
0.054784846 0.115642875 -0.991778910 -71.127479553 -0.160647303 0.981351733 0.105553038 -14.841982841 0.985490263 0.153543890 0.072340913 129.683181763
0.055352971 0.112386338 -0.992121637 -72.072311401 -0.157502964 0.982187271 0.102473512 -14.853271484 0.985965908 0.150589928 0.072068170 129.774581909
0.055048313 0.111374691 -0.992252648 -73.064811707 -0.156111509 0.982498169 0.101619042 -14.841284752 0.986204267 0.149308100 0.071471743 129.862808228
0.054712430 0.116087586 -0.991730928 -74.017791748 -0.152720124 0.982505322 0.106582321 -14.844741821 0.986753762 0.145625874 0.071484171 129.952514648
0.054107267 0.117961794 -0.991542935 -74.978523254 -0.146668971 0.983165979 0.108961672 -14.850333214 0.987704754 0.139532954 0.070497766 130.053054810
0.053458683 0.113080718 -0.992146611 -75.934921265 -0.143874884 0.984072566 0.104408227 -14.836503029 0.988150835 0.137163490 0.068876706 130.138168335
0.052025057 0.109291099 -0.992647409 -76.896041870 -0.146337450 0.984097958 0.100680202 -14.838858604 0.987865746 0.140023604 0.067191131 130.213119507
0.050601926 0.106734559 -0.992999136 -77.844741821 -0.142803669 0.984829485 0.098579377 -14.844642639 0.988456666 0.136815622 0.065076366 130.300033569
0.049384903 0.107419029 -0.992986560 -78.808586121 -0.142955244 0.984723508 0.099415466 -14.846266747 0.988496304 0.137042999 0.063986585 130.371734619
0.048644260 0.108355649 -0.992921352 -79.760627747 -0.144271508 0.984435499 0.100361593 -14.848374367 0.988341689 0.138368264 0.063519776 130.448364258
0.047412984 0.108658046 -0.992947757 -80.716079712 -0.145852283 0.984164536 0.100732498 -14.851635933 0.988169491 0.140047699 0.062510200 130.522796631
0.045946758 0.109646745 -0.992908061 -81.665382385 -0.145627499 0.984074473 0.101932317 -14.856122971 0.988272011 0.139911264 0.061182607 130.594879150
0.043760605 0.109742209 -0.992996335 -82.630134583 -0.145629793 0.984032512 0.102333739 -14.857555389 0.988370895 0.140131652 0.059043583 130.669372559
0.042207621 0.112200022 -0.992788792 -83.581840515 -0.145918280 0.983711839 0.104970582 -14.851637840 0.988395810 0.140435457 0.057892170 130.741394043
0.040642790 0.115867257 -0.992432892 -84.535385132 -0.147205159 0.983109415 0.108750291 -14.844784737 0.988270640 0.141671315 0.057012565 130.803878784
0.038484387 0.120712742 -0.991941273 -85.484611511 -0.148308769 0.982372403 0.113794342 -14.835588455 0.988192081 0.142734274 0.055708751 130.871566772
0.036213633 0.120595030 -0.992041051 -86.439674377 -0.148280531 0.982352316 0.114004344 -14.833212852 0.988282084 0.142971903 0.053456437 130.937866211
0.035178177 0.115493260 -0.992685139 -87.384407043 -0.148347333 0.982899129 0.109097674 -14.829901695 0.988309443 0.143424332 0.051709723 131.001144409
0.032714874 0.110713728 -0.993313730 -88.330551147 -0.152359575 0.982782662 0.104521967 -14.820520401 0.987783492 0.147921428 0.049019910 131.063415527
0.031497058 0.108535342 -0.993593454 -89.273857117 -0.150318205 0.983294666 0.102645248 -14.819046021 0.988135934 0.146122172 0.047285732 131.130645752
0.031233255 0.109753303 -0.993467987 -90.240539551 -0.145728856 0.983831704 0.104107216 -14.822053909 0.988831401 0.141525358 0.046722490 131.183898926
0.030458303 0.111198984 -0.993331313 -91.189025879 -0.142733499 0.984091461 0.105788037 -14.822078705 0.989292383 0.138559520 0.045845579 131.249252319
0.029380776 0.110841833 -0.993403673 -92.141296387 -0.137405470 0.984845698 0.105823100 -14.823743820 0.990079045 0.133389890 0.044165809 131.318328857
0.028024230 0.107999183 -0.993755937 -93.082794189 -0.133377999 0.985660851 0.103358142 -14.827902794 0.990669012 0.129648626 0.042027101 131.385498047
0.027382169 0.105013579 -0.994093716 -94.028503418 -0.128374860 0.986601293 0.100686036 -14.834243774 0.991347611 0.124859631 0.040496387 131.449096680
0.025609236 0.107449211 -0.993880689 -95.011085510 -0.126297072 0.986588120 0.103406526 -14.835080147 0.991661787 0.122876070 0.038836293 131.505508423
0.024234204 0.109724522 -0.993666589 -95.957633972 -0.125665054 0.986408770 0.105858296 -14.833991051 0.991776764 0.122303784 0.037693370 131.566299438
0.022823874 0.107612021 -0.993930936 -96.918319702 -0.121474534 0.987122059 0.104085408 -14.832065582 0.992332160 0.118361667 0.035602070 131.618743896
0.020943038 0.104770869 -0.994275868 -97.867652893 -0.118560173 0.987736821 0.101584531 -14.834406853 0.992726088 0.115754016 0.033107866 131.669158936
0.016927054 0.101969868 -0.994643450 -98.835418701 -0.117186703 0.988132179 0.099308044 -14.831584930 0.992965639 0.114877984 0.028675675 131.728042603
0.014289161 0.100981422 -0.994785666 -99.790611267 -0.111598514 0.988832355 0.098774083 -14.841394424 0.993650675 0.109605208 0.025398962 131.778427124
0.012057723 0.101340398 -0.994778752 -100.749069214 -0.104844801 0.989495456 0.099531323 -14.840366364 0.994415522 0.103097275 0.022556076 131.823486328
0.009559524 0.108894169 -0.994007409 -101.713401794 -0.094902650 0.989664555 0.107505746 -14.837301254 0.995440602 0.093306236 0.019795075 131.886169434
0.006955598 0.117027000 -0.993104398 -102.670433044 -0.086917698 0.989440501 0.115986481 -14.834368706 0.996191263 0.085511602 0.017053867 131.942916870
0.003998071 0.116545394 -0.993177414 -103.624366760 -0.082602039 0.989829600 0.115820050 -14.829292297 0.996574581 0.081575409 0.013584300 131.991683960
0.001278036 0.106624521 -0.994298518 -104.575759888 -0.083696030 0.990822196 0.106144138 -14.832044601 0.996490538 0.083083190 0.010190355 132.025970459
-0.000895689 0.097174704 -0.995266974 -105.522567749 -0.085403427 0.991623640 0.096895829 -14.830144882 0.996346056 0.085085988 0.007410866 132.065612793
-0.001001938 0.098632023 -0.995123446 -106.486206055 -0.092739828 0.990826130 0.098299466 -14.832563400 0.995689929 0.092386059 0.008154371 132.082748413
-0.001963345 0.108254984 -0.994121194 -107.448692322 -0.096394554 0.989473164 0.107939206 -14.824303627 0.995341361 0.096039787 0.008492513 132.120803833
-0.003348887 0.119720966 -0.992801964 -108.412483215 -0.100444563 0.987746179 0.119450115 -14.814270020 0.994937003 0.100121588 0.008717470 132.149734497
-0.004921019 0.121417731 -0.992589295 -109.357643127 -0.107363008 0.986799657 0.121241800 -14.803635597 0.994207680 0.107164010 0.008179712 132.182418823
-0.004784641 0.118223630 -0.992975473 -110.342987061 -0.114607938 0.986378849 0.117990479 -14.785595894 0.993399203 0.114367425 0.008829898 132.203247070
-0.005000880 0.114229418 -0.993441761 -111.297340393 -0.122684218 0.985879183 0.113977425 -14.773448944 0.992433190 0.122449622 0.009083884 132.228622437
-0.002286813 0.116204560 -0.993222654 -112.264602661 -0.127302498 0.985110462 0.115548566 -14.754841805 0.991861284 0.126703978 0.012540368 132.249603271
-0.001188602 0.117617644 -0.993058264 -113.240089417 -0.135813713 0.983838677 0.116688222 -14.740516663 0.990733683 0.135009632 0.014804698 132.276550293
-0.000647812 0.120325223 -0.992734313 -114.203552246 -0.145020470 0.982228637 0.119146511 -14.724602699 0.989428520 0.144043997 0.016813321 132.298995972
-0.000497490 0.122275829 -0.992496073 -115.177383423 -0.150375530 0.981201291 0.120959707 -14.703032494 0.988628924 0.149307311 0.017899157 132.328521729
-0.000468945 0.122196876 -0.992505729 -116.155830383 -0.154383019 0.980597973 0.120803759 -14.697093964 0.988010943 0.153282717 0.018405279 132.370834351
0.001186118 0.112683244 -0.993630350 -117.110809326 -0.153318062 0.981903613 0.111170366 -14.699553490 0.988176167 0.152209625 0.018441033 132.404678345
0.002573278 0.101150490 -0.994867742 -118.061920166 -0.156406686 0.982667625 0.099505492 -14.691832542 0.987689376 0.155347914 0.018349290 132.442581177
