1.000000000 0.000000000 0.000000000 0.000000000 0.000000000 1.000000000 0.000000000 0.000000000 0.000000000 0.000000000 1.000000000 0.000000000
0.999997735 -0.001601988 -0.001387102 0.050089899 0.001599002 0.999996424 -0.002151202 -0.132283181 0.001390543 0.002148979 0.999996722 1.297096968
0.999997616 -0.000017656 -0.002191614 0.105069660 0.000003572 0.999979377 -0.006426075 -0.267088354 0.002191682 0.006426052 0.999976933 2.602565289
0.999995947 0.002488741 -0.001386930 0.149528116 -0.002499699 0.999965250 -0.007956116 -0.405865878 0.001367081 0.007959552 0.999967337 3.906713963
0.999983847 0.005687973 0.000110097 0.195285827 -0.005687110 0.999961555 -0.006681390 -0.544920266 -0.000148097 0.006680657 0.999977708 5.222442150
0.999975920 0.006529161 0.002402668 0.242252603 -0.006521339 0.999973476 -0.003248971 -0.691475391 -0.002423818 0.003233224 0.999991834 6.539758682
0.999960363 0.006801624 0.005734379 0.298293233 -0.006790437 0.999974966 -0.001967851 -0.829720140 -0.005747620 0.001928834 0.999981642 7.843040943
0.999943078 0.005466801 0.009165915 0.356773078 -0.005450241 0.999983490 -0.001830674 -0.962918222 -0.009175771 0.001780613 0.999956250 9.153338432
0.999912858 0.004121290 0.012542406 0.433825195 -0.004099034 0.999989986 -0.001799666 -1.099264741 -0.012549698 0.001748097 0.999919713 10.452503204
0.999871433 0.002810218 0.015786812 0.501124442 -0.002772910 0.999993324 -0.002384660 -1.239561439 -0.015793407 0.002340578 0.999872565 11.764126778
0.999812126 0.002087509 0.019268177 0.575271606 -0.002028490 0.999993205 -0.003082018 -1.380745649 -0.019274481 0.003042354 0.999809563 13.057788849
0.999747336 0.001536996 0.022425124 0.649943113 -0.001463601 0.999993503 -0.003288933 -1.522087812 -0.022430032 0.003255280 0.999743044 14.386214256
0.999666870 0.001330439 0.025774252 0.734808326 -0.001216435 0.999989450 -0.004438363 -1.659574509 -0.025779884 0.004405532 0.999657869 15.683192253
0.999570429 0.002518777 0.029200342 0.811305583 -0.002395489 0.999988079 -0.004256328 -1.797892570 -0.029210711 0.004184551 0.999564469 16.992759705
0.999470592 0.002085734 0.032470174 0.901474953 -0.001959880 0.999990404 -0.003907325 -1.936029911 -0.032478012 0.003841619 0.999465048 18.278835297
0.999402642 0.000445348 0.034555051 1.002386451 -0.000318441 0.999993205 -0.003678042 -2.077866793 -0.034556456 0.003664842 0.999396026 19.582084656
0.999348521 -0.002039921 0.036033910 1.102952480 0.002220010 0.999985278 -0.004958483 -2.219309568 -0.036023267 0.005035248 0.999338269 20.855955124
0.999310672 -0.001797262 0.037080362 1.205476522 0.002044099 0.999975979 -0.006619967 -2.363069296 -0.037067577 0.006691200 0.999290287 22.164617538
0.999264061 -0.001924080 0.038307879 1.291048408 0.002286328 0.999953032 -0.009414670 -2.503612995 -0.038287960 0.009495326 0.999221623 23.447017670
0.999224663 -0.001124868 0.039355375 1.392833471 0.001548066 0.999941289 -0.010724431 -2.650785446 -0.039341003 0.010777039 0.999167681 24.742897034
0.999180377 -0.000482569 0.040477384 1.493515730 0.000947167 0.999933898 -0.011459581 -2.796298742 -0.040469170 0.011488526 0.999114752 26.012231827
0.999163032 -0.002155439 0.040846549 1.591383696 0.002576610 0.999944031 -0.010261220 -2.945348501 -0.040822133 0.010357877 0.999112725 27.310199738
0.999155223 -0.005078555 0.040780734 1.695026994 0.005452672 0.999944091 -0.009067876 -3.092839241 -0.040732395 0.009282580 0.999126971 28.588010788
0.999182582 -0.006590754 0.039882138 1.792722702 0.006976018 0.999930203 -0.009528639 -3.238905191 -0.039816558 0.009799071 0.999158978 29.879459381
0.999203980 -0.008326452 0.039015148 1.899941325 0.008805986 0.999887645 -0.012135270 -3.383018732 -0.038909722 0.012469178 0.999164879 31.148088455
0.999230862 -0.008296225 0.038323909 2.004584551 0.008770942 0.999886692 -0.012235544 -3.533327818 -0.038218055 0.012562270 0.999190450 32.435173035
0.999238133 -0.008944108 0.037988674 2.099322557 0.009433456 0.999874651 -0.012721725 -3.675950050 -0.037870131 0.013070396 0.999197125 33.700153351
0.999257922 -0.009494855 0.037326757 2.195492268 0.009973860 0.999870002 -0.012667633 -3.821673393 -0.037201621 0.013030525 0.999222934 34.966766357
0.999266267 -0.009995829 0.036971353 2.287456512 0.010488555 0.999858379 -0.013157388 -3.966332674 -0.036834598 0.013535514 0.999229670 36.228179932
0.999309778 -0.010631515 0.035598248 2.398346663 0.011109018 0.999850571 -0.013242817 -4.123477459 -0.035452150 0.013629136 0.999278426 37.510780334
0.999303877 -0.010233042 0.035877157 2.485307693 0.010651149 0.999877334 -0.011482088 -4.269347191 -0.035755258 0.011856224 0.999290287 38.776477814
0.999271452 -0.010434357 0.036711268 2.586882353 0.010822060 0.999887586 -0.010378074 -4.409669876 -0.036598850 0.010767807 0.999271989 40.036678314
0.999197602 -0.012083030 0.038187481 2.701832771 0.012423768 0.999885023 -0.008698086 -4.552753448 -0.038077988 0.009165540 0.999232709 41.286037445
0.999076307 -0.013050647 0.040942248 2.789030552 0.013463013 0.999861240 -0.009812356 -4.698842525 -0.040808514 0.010354497 0.999113321 42.545589447
0.998948872 -0.014386244 0.043523006 2.881049871 0.014971014 0.999801576 -0.013139866 -4.844592094 -0.043325335 0.013777637 0.998966038 43.799480438
0.998854876 -0.015384983 0.045302026 2.995800495 0.016043190 0.999770463 -0.014201725 -4.992433548 -0.045073133 0.014912255 0.998872399 45.064998627
0.998726785 -0.015650367 0.047956660 3.118697882 0.016284864 0.999784589 -0.012868588 -5.126736164 -0.047744922 0.013633175 0.998766482 46.296409607
0.998517752 -0.016576057 0.051840071 3.219593525 0.017085424 0.999809861 -0.009398054 -5.281427383 -0.051674426 0.010269836 0.998611093 47.552555084
0.998248279 -0.019665698 0.055798199 3.340068817 0.020117387 0.999769211 -0.007544846 -5.418938637 -0.055636946 0.008654146 0.998413503 48.780097961
0.998005509 -0.021506814 0.059350569 3.464209557 0.022013733 0.999726415 -0.007900377 -5.560607910 -0.059164435 0.009191149 0.998205900 50.026729584
0.997734308 -0.024848623 0.062519453 3.612451077 0.025617005 0.999605477 -0.011518704 -5.696300507 -0.062208574 0.013094168 0.997977257 51.254722595
0.997445345 -0.025839135 0.066596270 3.745165586 0.026691277 0.999572575 -0.011937777 -5.828649998 -0.066259325 0.013684821 0.997708559 52.487693787
0.997086287 -0.028489625 0.070761718 3.874167204 0.029224906 0.999528885 -0.009377248 -5.969721317 -0.070461228 0.011417930 0.997449100 53.704818726
0.996818960 -0.031170782 0.073351137 4.036464691 0.031705696 0.999478400 -0.006139190 -6.102699757 -0.073121518 0.008445309 0.997287273 54.923187256
0.996580303 -0.033644013 0.075470880 4.186513424 0.034074865 0.999409497 -0.004428125 -6.234292984 -0.075277351 0.006984645 0.997138143 56.138652802
0.996382117 -0.036953699 0.076530531 4.342383862 0.037165090 0.999308169 -0.001339363 -6.358656883 -0.076428093 0.004178782 0.997066259 57.355258942
0.996234953 -0.039876807 0.076978400 4.494089127 0.039981961 0.999200284 0.000175197 -6.486651897 -0.076923817 0.002903209 0.997032642 58.559635162
0.996190906 -0.041659668 0.076603971 4.645139217 0.042026825 0.999111354 -0.003186451 -6.611263275 -0.076403156 0.006393734 0.997056484 59.764297485
0.996204972 -0.042929266 0.075713843 4.795567989 0.043619450 0.999020159 -0.007485081 -6.739183903 -0.075318314 0.010759272 0.997101426 60.951427460
0.996207178 -0.044105697 0.075005554 4.923514366 0.045071058 0.998920679 -0.011226181 -6.872070789 -0.074429467 0.014564184 0.997119904 62.153560638
0.996269584 -0.045774624 0.073153265 5.075118065 0.046888448 0.998807728 -0.013580899 -7.005594730 -0.072444387 0.016960284 0.997228146 63.346763611
0.996387661 -0.046150979 0.071285017 5.207659721 0.047253307 0.998786867 -0.013854556 -7.138920784 -0.070559144 0.017172962 0.997359753 64.525535583
0.996600747 -0.045472682 0.068695843 5.341540337 0.046480075 0.998832881 -0.013137185 -7.273285866 -0.068018280 0.016285516 0.997551203 65.703636169
0.996865571 -0.044763900 0.065231949 5.463762760 0.045587838 0.998897731 -0.011196778 -7.417109489 -0.064658821 0.014135468 0.997807443 66.905563354
0.997256339 -0.041040000 0.061608534 5.584356308 0.041581932 0.999106765 -0.007539688 -7.546923637 -0.061244063 0.010080804 0.998071969 68.079376221
0.997456670 -0.039251927 0.059494451 5.687909126 0.039634142 0.999200463 -0.005257338 -7.671248913 -0.059240520 0.007601979 0.998214841 69.244781494
0.997754097 -0.038409952 0.054877099 5.824603081 0.038913339 0.999209404 -0.008133775 -7.816686153 -0.054521292 0.010250955 0.998459995 70.451866150
0.997933447 -0.038686708 0.051304951 5.933573723 0.039497659 0.999108732 -0.014887528 -7.945080757 -0.050683271 0.016883187 0.998572052 71.611518860
0.997988999 -0.042302407 0.047207050 6.044106960 0.043183789 0.998908401 -0.017809127 -8.082717896 -0.046402149 0.019811895 0.998726368 72.784088135
0.998013496 -0.045678958 0.043387547 6.160975456 0.046291739 0.998840392 -0.013224537 -8.221156120 -0.042733155 0.015206748 0.998970747 73.976242065
0.998013318 -0.049459346 0.039026432 6.266469002 0.049820438 0.998723388 -0.008334085 -8.347312927 -0.038564414 0.010261843 0.999203384 75.133346558
0.998067319 -0.051919375 0.034144372 6.363442421 0.052143123 0.998623371 -0.005694796 -8.474501610 -0.033801697 0.007464184 0.999400616 76.319686890
0.998242319 -0.051094148 0.030023925 6.452919960 0.051212836 0.998682678 -0.003197023 -8.599237442 -0.029821025 0.004729015 0.999544084 77.479957581
0.998376071 -0.050700150 0.025972761 6.547292709 0.050817430 0.998700380 -0.003874941 -8.706900597 -0.025742546 0.005188518 0.999655128 78.636985779
0.998523593 -0.049441479 0.022495022 6.621412754 0.049569838 0.998757124 -0.005184370 -8.842937469 -0.022210740 0.006291791 0.999733508 79.808067322
0.998707175 -0.047049358 0.019242385 6.695201397 0.047250096 0.998831749 -0.010113715 -8.971737862 -0.018744063 0.011009845 0.999763668 80.952438354
0.998604417 -0.050526824 0.015367905 6.778996468 0.050756227 0.998599529 -0.014922866 -9.111145020 -0.014592377 0.015682057 0.999770522 82.114143372
0.998460174 -0.053996261 0.012716456 6.833468914 0.054199301 0.998398662 -0.016202800 -9.239140511 -0.011821203 0.016867073 0.999787867 83.246009827
0.998478770 -0.054397516 0.009004542 6.898379803 0.054509994 0.998431742 -0.012756466 -9.368099213 -0.008296503 0.013227897 0.999878049 84.382507324
0.998482347 -0.054704022 0.006359795 6.963006020 0.054766841 0.998447359 -0.010162503 -9.498657227 -0.005793990 0.010495380 0.999928176 85.522796631
0.998618603 -0.052310865 0.004932108 7.006054878 0.052366823 0.998555839 -0.011997172 -9.626796722 -0.004297402 0.012238881 0.999915838 86.667304993
0.998805642 -0.048665073 0.004362258 7.057117462 0.048725225 0.998700261 -0.014948069 -9.755793571 -0.003629140 0.015142769 0.999878705 87.787628174
0.998890102 -0.046997305 0.003128991 7.117861748 0.047046028 0.998731732 -0.017931020 -9.880598068 -0.002282312 0.018058322 0.999834299 88.885345459
0.998800278 -0.048896465 0.002670339 7.158069134 0.048937611 0.998630583 -0.018502533 -10.021674156 -0.001761973 0.018611014 0.999825239 90.027183533
0.998744845 -0.050073717 0.001169798 7.209179878 0.050085992 0.998618662 -0.015877973 -10.152042389 -0.000373113 0.015916634 0.999873281 91.141006470
0.998684168 -0.051281795 -0.000025716 7.260271072 0.051277045 0.998598397 -0.013117319 -10.283257484 0.000698360 0.013098745 0.999913990 92.254989624
0.998699248 -0.050983872 -0.000687639 7.321702003 0.050971184 0.998620629 -0.012600453 -10.407567978 0.001329110 0.012549011 0.999920368 93.388061523
0.998670161 -0.051549412 -0.000780814 7.366509914 0.051532131 0.998560488 -0.014876552 -10.534408569 0.001546568 0.014816532 0.999889076 94.497268677
0.998646855 -0.051971402 -0.001887011 7.432101250 0.051927224 0.998476207 -0.018676892 -10.664428711 0.002854800 0.018553631 0.999823749 95.609245300
0.998626351 -0.052379236 -0.001361833 7.469846249 0.052342292 0.998434544 -0.019715603 -10.803055763 0.002392388 0.019617239 0.999804676 96.718307495
0.998584509 -0.053162802 -0.001635966 7.524519444 0.053125005 0.998426616 -0.017944898 -10.936150551 0.002587392 0.017832587 0.999837637 97.803802490
0.998645365 -0.052034020 -0.000400099 7.561192989 0.052024357 0.998560250 -0.013071629 -11.056624413 0.001079692 0.013033105 0.999914467 98.885841370
0.998730719 -0.050363790 0.000791955 7.608283043 0.050369095 0.998684108 -0.009642356 -11.176892281 -0.000305287 0.009670008 0.999953210 99.948608398
0.998835981 -0.048152052 0.002813248 7.652059078 0.048176952 0.998792827 -0.009585602 -11.299666405 -0.002348286 0.009709981 0.999950111 101.018356323
0.998910367 -0.046399832 0.004989089 7.698586464 0.046454407 0.998854756 -0.011445687 -11.419991493 -0.004452297 0.011664981 0.999922097 102.053123474
0.998876154 -0.046788435 0.007557343 7.750483036 0.046889015 0.998805702 -0.013730305 -11.542495728 -0.006905899 0.014069233 0.999877155 103.073066711
0.998791754 -0.048274845 0.009192342 7.804855347 0.048407838 0.998717487 -0.014842244 -11.657849312 -0.008464044 0.015269296 0.999847531 104.093704224
0.998684466 -0.050064810 0.011088198 7.863387108 0.050221752 0.998634875 -0.014358460 -11.770612717 -0.010354208 0.014896441 0.999835372 105.076126099
0.998649597 -0.050315432 0.012933102 7.920606613 0.050479118 0.998644829 -0.012657400 -11.893057823 -0.012278713 0.013293161 0.999836206 106.049575806
0.998581171 -0.051352158 0.014092033 7.985925674 0.051508881 0.998612046 -0.010993175 -12.003518105 -0.013507951 0.011703442 0.999840200 107.003097534
0.998515010 -0.052069739 0.016011195 8.041797638 0.052253772 0.998569906 -0.011298486 -12.112231255 -0.015399988 0.012118354 0.999808013 107.921401978
0.998493433 -0.051952992 0.017657833 8.101847649 0.052126210 0.998595357 -0.009495049 -12.213604927 -0.017139737 0.010401178 0.999799132 108.830993652
0.998508573 -0.051005553 0.019469649 8.159635544 0.051158477 0.998662829 -0.007438502 -12.311141968 -0.019064210 0.008423443 0.999782801 109.701919556
0.998484969 -0.051033940 0.020579906 8.221288681 0.051131595 0.998682916 -0.004246547 -12.413444519 -0.020336084 0.005292397 0.999779165 110.561050415
0.998444974 -0.051134717 0.022203345 8.279890060 0.051238082 0.998678029 -0.004111622 -12.505880356 -0.021963747 0.005242885 0.999744952 111.387649536
0.998464406 -0.050274771 0.023264850 8.333321571 0.050365839 0.998725235 -0.003344689 -12.596822739 -0.023067035 0.004511305 0.999723732 112.204376221
0.998565257 -0.047901388 0.023937158 8.383268356 0.047988188 0.998843074 -0.003064238 -12.677629471 -0.023762688 0.004208541 0.999708712 112.984695435
0.998696744 -0.045478888 0.023157988 8.429807663 0.045489963 0.998964787 0.000048594 -12.755041122 -0.023136226 0.001004925 0.999731779 113.736770630
0.998770356 -0.045213562 0.020334769 8.471734047 0.045198709 0.998977423 0.001189806 -12.843153954 -0.020367771 -0.000269238 0.999792635 114.488853455
0.998876810 -0.045285784 0.013935361 8.506520271 0.045273330 0.998973906 0.001207813 -12.916744232 -0.013975761 -0.000575556 0.999902129 115.187263489
0.999048591 -0.043475643 0.003423743 8.534928322 0.043475222 0.999054551 0.000198159 -12.993034363 -0.003429119 -0.000049123 0.999994099 115.857727051
0.999109745 -0.040859234 -0.010498861 8.534666061 0.040833786 0.999162495 -0.002626405 -13.062592506 0.010597384 0.002195359 0.999941409 116.498176575
0.998790860 -0.039405446 -0.029394506 8.530941963 0.039268885 0.999215126 -0.005208933 -13.133611679 0.029576691 0.004048346 0.999554276 117.119094849
0.997937202 -0.037761506 -0.051916070 8.498397827 0.037428018 0.999272048 -0.007381133 -13.203839302 0.052157000 0.005422791 0.998624265 117.707679749
0.996168971 -0.036276203 -0.079570740 8.456428528 0.035628460 0.999319553 -0.009545637 -13.268275261 0.079862863 0.006674084 0.996783614 118.276962280
0.993194818 -0.034071166 -0.111370198 8.380936623 0.033006601 0.999390304 -0.011389099 -13.338634491 0.111690335 0.007635642 0.993713737 118.815231323
0.988776326 -0.029395223 -0.146483481 8.266939163 0.027785834 0.999529064 -0.013021289 -13.402109146 0.146797255 0.008804975 0.989127517 119.359642029
0.982406855 -0.023472209 -0.185272560 8.156270981 0.021560291 0.999691606 -0.012327755 -13.463515282 0.185504794 0.008116338 0.982609987 119.883743286
0.973779798 -0.018199550 -0.226763353 8.011007309 0.016288090 0.999814332 -0.010297769 -13.522621155 0.226908684 0.006334219 0.973895371 120.393875122
0.962303877 -0.013415212 -0.271645248 7.845939636 0.011448902 0.999895513 -0.008822112 -13.581446648 0.271735281 0.005379514 0.962357044 120.879859924
0.947834432 -0.007640982 -0.318671376 7.651344299 0.004949177 0.999944925 -0.009255804 -13.639168739 0.318724573 0.007195809 0.947820008 121.359237671
0.930446625 0.000218694 -0.366427422 7.416439056 -0.004154631 0.999941885 -0.009952809 -13.693239212 0.366403997 0.010782928 0.930393457 121.826324463
0.909201682 0.004520945 -0.416331291 7.163875580 -0.009970635 0.999890685 -0.010916465 -13.743677139 0.416236490 0.014076356 0.909147382 122.263839722
0.884042501 0.009407847 -0.467311800 6.894309998 -0.015640769 0.999832928 -0.009460131 -13.804302216 0.467144728 0.015672270 0.884041965 122.678932190
0.854850173 0.012549571 -0.518723190 6.610206604 -0.020367619 0.999748647 -0.009378505 -13.847105980 0.518474996 0.018582374 0.854890883 123.075012207
0.823122740 0.022332707 -0.567424178 6.282287598 -0.031289972 0.999491990 -0.006052135 -13.895833015 0.567000687 0.022736337 0.823403537 123.447250366
0.788990617 0.035245620 -0.613393486 5.931968689 -0.044349253 0.999016047 0.000358335 -13.938774109 0.612802625 0.026920822 0.789777398 123.805847168
0.753240943 0.044287439 -0.656252027 5.579658508 -0.055629767 0.998445332 0.003529063 -13.983858109 0.655387998 0.033848912 0.754533529 124.109245300
0.713237464 0.048045099 -0.699273825 5.213745117 -0.062847726 0.998013198 0.004467891 -14.029540062 0.698099136 0.040761102 0.714839876 124.406227112
0.670738995 0.049748875 -0.740023077 4.832584381 -0.065431774 0.997826755 0.007774243 -14.077077866 0.738801718 0.043206532 0.672536552 124.690307617
0.626935005 0.053116016 -0.777258694 4.415611267 -0.069031700 0.997536302 0.012488456 -14.106884003 0.776007175 0.045826040 0.629057169 124.961914062
0.581998348 0.062164225 -0.810810387 3.984382629 -0.080316208 0.996592879 0.018757204 -14.144411087 0.809213936 0.054204561 0.585008264 125.193046570
0.536212802 0.071177170 -0.841076493 3.547328949 -0.092030205 0.995427966 0.025567189 -14.170013428 0.839050770 0.063694984 0.540311754 125.398315430
0.489460528 0.076228589 -0.868687212 3.092117310 -0.097591311 0.994702339 0.032298908 -14.196628571 0.866547227 0.068967290 0.494306833 125.594329834
0.442254245 0.078000829 -0.893491566 2.630855560 -0.097015567 0.994526267 0.038800962 -14.224250793 0.891627312 0.069522694 0.447400779 125.771995544
0.394629329 0.079102919 -0.915429115 2.151138306 -0.093953505 0.994539201 0.045436777 -14.246584892 0.914024293 0.068077087 0.399906337 125.953269958
0.348923773 0.081711702 -0.933582067 1.662864685 -0.095692970 0.994091094 0.051242754 -14.265712738 0.932252586 0.071457416 0.354681194 126.093978882
0.305241942 0.085053526 -0.948468983 1.160213470 -0.101614803 0.993225753 0.056364819 -14.282828331 0.946837783 0.079173565 0.311816841 126.207427979
0.263632208 0.086464889 -0.960740328 0.633178711 -0.105938263 0.992545247 0.060257271 -14.301870346 0.958788276 0.085893400 0.270826846 126.315467834
0.224085584 0.083270617 -0.971005440 0.104846954 -0.106166631 0.992499173 0.060613062 -14.322530746 0.968769491 0.089505859 0.231245339 126.412506104
0.189157248 0.078232117 -0.978825390 -0.430313110 -0.101132199 0.993072510 0.059827100 -14.342357635 0.976725042 0.087674029 0.195758641 126.504196167
0.158437610 0.073158644 -0.984654844 -0.978948593 -0.098530717 0.993444920 0.057957470 -14.364199638 0.982440412 0.087836109 0.164607346 126.583145142
0.132606089 0.071837030 -0.988562047 -1.550258636 -0.099940360 0.993256152 0.058772109 -14.384751320 0.986117363 0.091003709 0.138891220 126.641189575
0.109996878 0.070481628 -0.991429806 -2.129449844 -0.100356676 0.993172586 0.059471190 -14.395292282 0.988852501 0.092954949 0.116319165 126.710441589
0.091550276 0.072275966 -0.993174195 -2.725520134 -0.102484457 0.992750406 0.062798180 -14.414093971 0.990512729 0.096035741 0.098293737 126.767089844
0.075619705 0.070425980 -0.994646609 -3.334608078 -0.103428885 0.992676079 0.062423099 -14.436224937 0.991758108 0.098154761 0.082349956 126.812179565
0.061400130 0.069398850 -0.995697618 -3.952957153 -0.101772219 0.992815793 0.062922165 -14.465227127 0.992911100 0.097470924 0.068021894 126.863929749
0.049404107 0.066705652 -0.996548772 -4.589996815 -0.097697951 0.993305087 0.061645143 -14.485539436 0.993989050 0.094315261 0.055590354 126.902633667
0.037419599 0.064158112 -0.997237921 -5.247461319 -0.095337957 0.993614078 0.060347587 -14.503171921 0.994741380 0.092816435 0.043297358 126.937179565
0.026175972 0.063188516 -0.997658253 -5.916939735 -0.094525307 0.993685007 0.060456745 -14.523363113 0.995178282 0.092721440 0.031983584 126.980804443
0.016612597 0.064776957 -0.997761488 -6.589020729 -0.097939096 0.993205786 0.062850513 -14.545519829 0.995053768 0.096675754 0.022843927 126.999244690
0.008463288 0.064592622 -0.997875810 -7.265355110 -0.100807458 0.992882848 0.063414447 -14.571683884 0.994869947 0.100056618 0.014914470 127.011528015
0.001547534 0.063785039 -0.997962415 -7.957647800 -0.102612682 0.992706001 0.063289948 -14.591963768 0.994720161 0.102305673 0.008081400 127.033142090
-0.003727390 0.064633355 -0.997902036 -8.654420853 -0.103371032 0.992538154 0.064672053 -14.609701157 0.994635880 0.103395261 0.002981639 127.048446655
-0.007277374 0.067117773 -0.997718513 -9.376627922 -0.105671577 0.992106736 0.067511037 -14.628780365 0.994374394 0.105921812 -0.000127492 127.068725586
-0.007931354 0.071151093 -0.997433960 -10.111567497 -0.107897542 0.991580904 0.071591541 -14.654826164 0.994130373 0.108188495 -0.000187552 127.067985535
-0.008909930 0.074428812 -0.997186542 -10.830353737 -0.109995514 0.991101563 0.074957475 -14.670603752 0.993892133 0.110353909 -0.000643811 127.076751709
-0.009580572 0.079978950 -0.996750593 -11.568374634 -0.114595145 0.990141273 0.080550104 -14.677772522 0.993366063 0.114994481 -0.000320919 127.084236145
-0.010808812 0.083629578 -0.996438205 -12.311663628 -0.117720604 0.989460468 0.084320903 -14.689730644 0.992987931 0.118212730 -0.000849968 127.091789246
-0.012046202 0.084062070 -0.996387720 -13.062143326 -0.118017323 0.989375710 0.084897302 -14.706986427 0.992938399 0.118613698 -0.001997441 127.107917786
-0.013540482 0.081086971 -0.996615112 -13.806443214 -0.115698256 0.989884734 0.082111314 -14.725941658 0.993192136 0.116418451 -0.004021894 127.127159119
-0.015168518 0.077557087 -0.996872544 -14.569194794 -0.119322255 0.989722252 0.078816406 -14.730772018 0.992739737 0.120144606 -0.005758332 127.137092590
-0.016289275 0.079405926 -0.996709287 -15.335564613 -0.124789722 0.988885999 0.080822095 -14.743243217 0.992049515 0.125695631 -0.006199192 127.135513306
-0.017659778 0.082254849 -0.996454835 -16.125059128 -0.121288650 0.989074051 0.083795145 -14.758024216 0.992460191 0.122338481 -0.007490246 127.147705078
-0.019971248 0.082348414 -0.996403456 -16.898332596 -0.120040320 0.989195406 0.084158711 -14.774556160 0.992568135 0.121289343 -0.009870339 127.164016724
-0.020399395 0.081824549 -0.996437848 -17.692636490 -0.123811752 0.988767028 0.083729334 -14.784956932 0.992096007 0.125078768 -0.010039408 127.153831482
-0.021955919 0.081229001 -0.996453583 -18.484401703 -0.127726614 0.988298476 0.083378546 -14.797217369 0.991566300 0.129104316 -0.011323898 127.172508240
-0.023046611 0.085526302 -0.996069372 -19.281816483 -0.129585177 0.987673044 0.087803669 -14.802904129 0.991300344 0.131099418 -0.011679573 127.178001404
-0.023831874 0.090534464 -0.995608151 -20.085273743 -0.128966093 0.987291217 0.092865214 -14.817266464 0.991362572 0.130612850 -0.011853126 127.191116333
-0.023177383 0.092617825 -0.995431960 -20.912622452 -0.129602894 0.987018764 0.094852664 -14.823707581 0.991294980 0.131209344 -0.010872977 127.204391479
-0.021216342 0.091461048 -0.995582700 -21.730743408 -0.128999799 0.987232149 0.093442962 -14.830353737 0.991417646 0.130412489 -0.009147001 127.212242126
-0.020174224 0.091332696 -0.995616138 -22.563238144 -0.129090309 0.987245142 0.093180567 -14.834387779 0.991427660 0.130404249 -0.008126737 127.223129272
-0.020002732 0.090423733 -0.995702505 -23.393890381 -0.127226457 0.987575233 0.092241548 -14.839515686 0.991671979 0.128524765 -0.008249910 127.244361877
-0.018999992 0.092377082 -0.995542824 -24.231512070 -0.128225237 0.987274826 0.094057068 -14.846260071 0.991562963 0.129440784 -0.006913139 127.259475708
-0.018521987 0.094594240 -0.995343685 -25.071271896 -0.129963964 0.986840427 0.096204571 -14.849144936 0.991345704 0.131140724 -0.005984404 127.274787903
-0.018464014 0.097012959 -0.995111763 -25.935062408 -0.132718951 0.986236155 0.098610260 -14.849100113 0.990981698 0.133890972 -0.005334417 127.285232544
-0.016819315 0.098059162 -0.995038390 -26.799425125 -0.134881005 0.985860050 0.099434555 -14.845828056 0.990719020 0.135884210 -0.003355170 127.294639587
-0.014616014 0.101040736 -0.994774938 -27.673301697 -0.141639605 0.984639764 0.102092393 -14.844326973 0.989810288 0.142391697 -0.000080138 127.301063538
-0.012790046 0.104981937 -0.994391799 -28.556129456 -0.146202996 0.983589113 0.105721928 -14.840116501 0.989171922 0.146735266 0.002768524 127.320663452
-0.010707465 0.106640562 -0.994239926 -29.430538177 -0.148586661 0.983088732 0.107044697 -14.833783150 0.988841414 0.148876980 0.005318977 127.349594116
-0.006626534 0.107526086 -0.994180143 -30.331205368 -0.147569150 0.983211696 0.107323356 -14.834547997 0.989029527 0.147421494 0.009352243 127.366439819
-0.003870802 0.107446067 -0.994203448 -31.223617554 -0.150188476 0.982871234 0.106806114 -14.828154564 0.988649786 0.149731323 0.012332662 127.392120361
-0.001369758 0.111213855 -0.993795574 -32.126327515 -0.150637507 0.982433319 0.110149942 -14.820384026 0.988588095 0.149853751 0.015407281 127.421180725
0.000980207 0.113199212 -0.993571818 -33.046592712 -0.149511218 0.982421100 0.111781277 -14.816526413 0.988759518 0.148440525 0.017887525 127.459327698
0.002775597 0.114468157 -0.993422985 -33.939655304 -0.150218368 0.982201934 0.112755485 -14.813034058 0.988648891 0.148917407 0.019921413 127.498573303
0.005293750 0.112513348 -0.993636072 -34.842266083 -0.151386455 0.982287645 0.110421792 -14.805797577 0.988460481 0.149838507 0.022232980 127.528472900
0.005786579 0.113769457 -0.993490338 -35.756336212 -0.155851215 0.981469035 0.111485071 -14.796133995 0.987763524 0.154191568 0.023410458 127.566276550
0.006986980 0.114359640 -0.993414879 -36.651016235 -0.156552240 0.981314182 0.111865558 -14.791337967 0.987644970 0.154739723 0.024759686 127.601058960
0.007232328 0.110775352 -0.993819177 -37.547283173 -0.156857714 0.981667578 0.108279392 -14.789036751 0.987594724 0.155105099 0.024475709 127.635353088
0.008067971 0.106717698 -0.994256616 -38.453395844 -0.158094004 0.981920302 0.104110710 -14.791236877 0.987391055 0.156346112 0.024793534 127.678421021
0.008518627 0.105911508 -0.994339049 -39.350082397 -0.157665372 0.982079446 0.103254929 -14.786161423 0.987455845 0.155893281 0.025064543 127.719482422
0.008602727 0.110005297 -0.993893802 -40.256462097 -0.160117105 0.981257439 0.107220799 -14.780981064 0.987060547 0.158217013 0.026055221 127.754478455
0.008601127 0.116308317 -0.993175924 -41.186859131 -0.160656184 0.980470955 0.113429166 -14.771501541 0.986972928 0.158584282 0.027118811 127.796707153
0.008857728 0.115017876 -0.993323863 -42.081558228 -0.158339381 0.980991721 0.112177961 -14.772294998 0.987344980 0.156288639 0.026901215 127.839576721
0.009779784 0.104640633 -0.994462073 -42.972640991 -0.157687679 0.982227564 0.101802535 -14.777269363 0.987440526 0.155818820 0.026106514 127.880767822
0.010027715 0.094050318 -0.995516956 -43.895141602 -0.159333900 0.982997358 0.091262609 -14.781652451 0.987173796 0.157704443 0.024842618 127.920600891
0.009134676 0.091098666 -0.995800018 -44.797603607 -0.156239808 0.983740747 0.088562243 -14.790506363 0.987676799 0.154774576 0.023219394 127.963485718
0.008819949 0.101177976 -0.994829237 -45.718994141 -0.148744315 0.983932614 0.098751009 -14.793020248 0.988836288 0.147104278 0.023727885 128.012451172
0.008780063 0.114264257 -0.993411601 -46.666725159 -0.143708810 0.983281255 0.111828916 -14.792247772 0.989580989 0.141780153 0.025054052 128.072082520
0.008888462 0.123422474 -0.992314458 -47.589427948 -0.143959388 0.982173920 0.120871723 -14.783992767 0.989543676 0.141778648 0.026497843 128.116058350
0.008903525 0.117506832 -0.993032157 -48.504661560 -0.144025132 0.982867658 0.115012698 -14.780078888 0.989533961 0.141997591 0.025674924 128.154312134
0.008886103 0.104007415 -0.994536817 -49.431205750 -0.144137204 0.984322846 0.101651378 -14.778745651 0.989517808 0.142446473 0.023738125 128.194335938
0.009471251 0.095128246 -0.995419919 -50.347492218 -0.144612163 0.985130072 0.092768908 -14.779434204 0.989443064 0.143071190 0.023087114 128.237228394
0.009978630 0.095265731 -0.995401919 -51.281932831 -0.143507063 0.985283256 0.092858702 -14.787992477 0.989598989 0.141920626 0.023503086 128.278991699
0.009281989 0.096840262 -0.995256543 -52.220092773 -0.146707386 0.984661222 0.094441079 -14.803744316 0.989136457 0.145134911 0.023346793 128.315872192
0.009686644 0.096054561 -0.995328963 -53.176986694 -0.151371285 0.984045804 0.093492478 -14.805522919 0.988429487 0.149758637 0.024071999 128.354675293
0.010207841 0.095533118 -0.995373964 -54.108821869 -0.152979702 0.983856916 0.092858903 -14.807079315 0.988176584 0.151324108 0.024657685 128.395034790
0.011171630 0.102833651 -0.994635880 -55.056407928 -0.162242174 0.981703877 0.099674359 -14.803915977 0.986687660 0.160258353 0.027651191 128.426452637
0.012763531 0.112432204 -0.993577302 -56.006557465 -0.167942435 0.979783952 0.108713940 -14.800390244 0.985714138 0.165476248 0.031387638 128.460342407
0.013493484 0.120583713 -0.992611527 -56.969848633 -0.168079808 0.978850007 0.116627097 -14.796397209 0.985680997 0.165264234 0.033475786 128.510467529
0.014714714 0.121486835 -0.992483974 -57.937328339 -0.169429258 0.978540838 0.117268085 -14.799318314 0.985432446 0.166430265 0.034982372 128.560058594
0.016398251 0.112372816 -0.993530869 -58.870086670 -0.171242729 0.979298532 0.107936718 -14.799886703 0.985092461 0.168364957 0.035301812 128.603225708
0.017415553 0.107107818 -0.994094908 -59.822055817 -0.169153243 0.980229557 0.102650523 -14.794794083 0.985435903 0.166366652 0.035188876 128.660049438
0.019103568 0.105487585 -0.994237125 -60.776088715 -0.167640254 0.980678558 0.100827932 -14.796978951 0.985663116 0.164747983 0.036418423 128.719573975
0.022842735 0.111041613 -0.993553221 -61.750217438 -0.169409007 0.979870141 0.105617493 -14.789606094 0.985281050 0.165904269 0.041194357 128.768783569
0.026496103 0.113093853 -0.993230999 -62.711246490 -0.172219038 0.979240298 0.106906585 -14.789648056 0.984702289 0.168220684 0.045422971 128.821838379
0.030594144 0.108111374 -0.993667960 -63.656356812 -0.171671018 0.979929149 0.101331003 -14.792284966 0.984679103 0.167483866 0.048539683 128.882080078
0.033801198 0.102241896 -0.994185150 -64.617065430 -0.171579883 0.980578244 0.095009029 -14.796680450 0.984590113 0.167370781 0.050687369 128.944274902
0.036300518 0.102344014 -0.994086504 -65.585418701 -0.168683603 0.981096208 0.094846934 -14.806735992 0.985001564 0.164243087 0.052878071 129.035644531
0.039598059 0.106905773 -0.993480325 -66.541450500 -0.166124523 0.981127262 0.098955117 -14.813159943 0.985309482 0.161123037 0.056610402 129.107421875
0.043188285 0.113547377 -0.992593467 -67.516860962 -0.165903255 0.980541527 0.104950167 -14.813285828 0.985195875 0.160141855 0.061185777 129.178176880
0.045138225 0.117346905 -0.992064595 -68.489990234 -0.163353816 0.980576932 0.108555607 -14.817894936 0.985534310 0.157157525 0.063430570 129.270172119
0.047100425 0.119088277 -0.991765857 -69.456207275 -0.163203999 0.980443418 0.109977908 -14.823475838 0.985467374 0.156680152 0.065614969 129.350555420
0.048944179 0.116527483 -0.991980731 -70.409164429 -0.161481574 0.981028140 0.107273407 -14.820825577 0.985661268 0.154936224 0.066832654 129.432540894
0.050084654 0.114911869 -0.992112279 -71.360885620 -0.159590483 0.981516063 0.105627961 -14.822596550 0.985911906 0.153041348 0.067497730 129.509414673
0.050391652 0.110997297 -0.992542386 -72.314971924 -0.156188935 0.982452691 0.101939216 -14.829785347 0.986440837 0.149887234 0.066843972 129.595153809
0.049877014 0.110869631 -0.992582560 -73.289627075 -0.155009657 0.982636392 0.101969458 -14.827473640 0.986653209 0.148773909 0.066196814 129.686614990
0.049628731 0.115575910 -0.992058158 -74.246620178 -0.151703313 0.982629657 0.106888376 -14.828739166 0.987179339 0.145193771 0.066299900 129.768875122
0.048853625 0.117756844 -0.991840124 -75.209197998 -0.145569399 0.983262181 0.109568320 -14.838436127 0.988141119 0.139028728 0.065177709 129.863906860
0.048557948 0.112907395 -0.992418170 -76.172157288 -0.142938092 0.984149158 0.104972795 -14.823678970 0.988539755 0.136757091 0.063927017 129.940795898
0.047393437 0.108953558 -0.992916405 -77.129859924 -0.144855365 0.984275043 0.101091176 -14.823385239 0.988317132 0.139038235 0.062430691 130.016616821
0.046022434 0.106038176 -0.993296504 -78.078689575 -0.141312853 0.985041559 0.098609462 -14.825395584 0.988894582 0.135827318 0.060318567 130.097961426
0.044835765 0.106702700 -0.993279517 -79.046279907 -0.141367912 0.984951496 0.099426851 -14.827200890 0.988941312 0.135960013 0.059245393 130.166412354
0.043550916 0.107850634 -0.993212759 -80.003746033 -0.142558590 0.984653533 0.100670211 -14.831108093 0.988827765 0.137206733 0.058257591 130.247467041
0.042035695 0.107992113 -0.993262649 -80.957519531 -0.144121528 0.984399498 0.100929119 -14.833609581 0.988666654 0.138907924 0.056943908 130.319366455
0.040617682 0.109175384 -0.993192375 -81.908874512 -0.144081041 0.984263718 0.102301568 -14.838936806 0.988731921 0.138944894 0.055708617 130.386520386
0.038199130 0.109640487 -0.993237078 -82.871681213 -0.143991679 0.984193027 0.103104331 -14.843215942 0.988841295 0.139079362 0.053382643 130.457489014
0.037003629 0.111854441 -0.993035376 -83.829322815 -0.144085303 0.983929694 0.105459712 -14.834254265 0.988873184 0.139179379 0.052525539 130.522674561
0.035574786 0.115645573 -0.992653310 -84.783683777 -0.145476639 0.983300924 0.109342404 -14.827566147 0.988721848 0.140518039 0.051804453 130.578781128
0.033738859 0.120871536 -0.992094636 -85.735366821 -0.146860734 0.982483864 0.114706203 -14.819789886 0.988581657 0.141829684 0.050899167 130.638366699
0.031203097 0.120489813 -0.992224038 -86.679656982 -0.146642327 0.982517123 0.114699520 -14.816490173 0.988697350 0.141923040 0.048326485 130.703338623
0.030054796 0.115219593 -0.992885232 -87.625167847 -0.146709129 0.983084500 0.109641343 -14.811881065 0.988722980 0.142370075 0.046450164 130.763000488
0.027640371 0.110482320 -0.993493676 -88.569572449 -0.150938183 0.982939303 0.105109304 -14.802507401 0.988156617 0.147050887 0.043844819 130.820571899
0.026454896 0.108534232 -0.993740618 -89.512847900 -0.148875207 0.983430386 0.103444882 -14.801344872 0.988502085 0.145206720 0.042174604 130.882751465
0.026130449 0.109736823 -0.993617058 -90.481971741 -0.144031495 0.983998835 0.104886785 -14.803467751 0.989228070 0.140371397 0.041517887 130.933227539
0.025599057 0.111036584 -0.993486583 -91.430534363 -0.141087651 0.984265983 0.106370658 -14.802085876 0.989666104 0.137445703 0.040862169 130.992095947
0.024351534 0.111053243 -0.993516028 -92.380050659 -0.135872394 0.984956622 0.106766194 -14.806540489 0.990427017 0.132391497 0.039074279 131.055053711
0.023035700 0.108206429 -0.993861556 -93.322402954 -0.131860226 0.985769153 0.104269125 -14.809756279 0.991000652 0.128648922 0.036976010 131.117156982
0.022406805 0.105070047 -0.994212329 -94.266845703 -0.126651660 0.986748159 0.101426840 -14.813661575 0.991694093 0.123645999 0.035417169 131.177062988
0.020523896 0.107862435 -0.993953943 -95.254295349 -0.125010222 0.986638188 0.104487233 -14.818861961 0.991943121 0.122109935 0.033733565 131.229324341
0.019202443 0.110075101 -0.993737698 -96.201545715 -0.124427713 0.986457288 0.106864274 -14.815637589 0.992042780 0.121596463 0.032638781 131.284729004
0.017944051 0.108093768 -0.993978739 -97.161842346 -0.120256096 0.987155318 0.105180755 -14.813876152 0.992580712 0.117644653 0.030712496 131.330551147
0.015921684 0.105128564 -0.994331181 -98.111579895 -0.117242500 0.987793386 0.102559984 -14.814027786 0.992975652 0.114944965 0.028052866 131.377944946
0.011902387 0.102236636 -0.994688869 -99.075737000 -0.116030589 0.988180637 0.100179285 -14.810193062 0.993174255 0.114221975 0.023624288 131.434539795
0.009241786 0.101381652 -0.994804680 -100.031517029 -0.110460341 0.988862157 0.099749871 -14.820303917 0.993837476 0.108964585 0.020337505 131.480514526
0.006982329 0.101308271 -0.994830549 -100.989608765 -0.103681296 0.989566147 0.100044481 -14.814105034 0.994586051 0.102446757 0.017413251 131.521133423
0.004393697 0.108745262 -0.994059920 -101.953308105 -0.093669847 0.989743590 0.107859060 -14.808802605 0.995593607 0.092639521 0.014534782 131.582290649
0.001853515 0.116734952 -0.993161321 -102.910362244 -0.085640162 0.989532888 0.116148621 -14.804399490 0.996324420 0.084839217 0.011831313 131.633895874
-0.001450233 0.116439648 -0.993196726 -103.866249084 -0.081327736 0.989893913 0.116171196 -14.799773216 0.996686280 0.080942906 0.008034198 131.680648804
-0.003582173 0.106456816 -0.994310856 -104.818557739 -0.082421273 0.990902662 0.106388859 -14.801615715 0.996591091 0.082333490 0.005224722 131.705871582
-0.005652069 0.096986555 -0.995269597 -105.765640259 -0.084249862 0.991700590 0.097117223 -14.799355507 0.996428609 0.084400237 0.002565943 131.739974976
-0.005736226 0.098704003 -0.995100260 -106.730506897 -0.091679662 0.990873694 0.098813251 -14.804719925 0.995772064 0.091797277 0.003365272 131.751907349
-0.007102435 0.108073756 -0.994117498 -107.687705994 -0.094946779 0.989578247 0.108258635 -14.794672966 0.995456994 0.095157146 0.003232840 131.792739868
-0.008615169 0.119334176 -0.992816687 -108.650917053 -0.098865509 0.987887502 0.119599581 -14.782958984 0.995063424 0.099185705 0.003287217 131.818481445
-0.009929935 0.120962456 -0.992607415 -109.595970154 -0.105793975 0.986958027 0.121332362 -14.771722794 0.994338453 0.106216706 0.002996672 131.844009399
-0.009619663 0.118091255 -0.992956102 -110.576080322 -0.113306493 0.986477911 0.118418500 -14.755471230 0.993513525 0.113647521 0.003890920 131.859191895
-0.009872232 0.113886088 -0.993444800 -111.530570984 -0.121311940 0.986018538 0.114240289 -14.741914749 0.992565393 0.121644497 0.004081539 131.880645752
-0.007773956 0.115884833 -0.993232250 -112.497367859 -0.125910163 0.985243559 0.115938246 -14.723620415 0.992011249 0.125959307 0.006931837 131.901992798
-0.006059958 0.116979510 -0.993115842 -113.477272034 -0.134000793 0.984081924 0.116733052 -14.705998421 0.990962684 0.133785710 0.009711849 131.920730591
-0.005466594 0.119725712 -0.992792010 -114.441398621 -0.143243045 0.982474446 0.119270205 -14.690340996 0.989672482 0.142862543 0.011779085 131.937728882
-0.005229060 0.122125268 -0.992500901 -115.416328430 -0.148801848 0.981369615 0.121539533 -14.671293259 0.988853216 0.148321480 0.013040824 131.961059570
-0.005140245 0.121331990 -0.992598653 -116.388008118 -0.152458265 0.980912626 0.120693035 -14.661193848 0.988296568 0.151950240 0.013455928 131.999603271
-0.003674858 0.111987665 -0.993702769 -117.342376709 -0.151449710 0.982184529 0.111249670 -14.664940834 0.988458157 0.150904819 0.013351110 132.030029297
-0.002165070 0.100363143 -0.994948506 -118.295600891 -0.154493049 0.982971728 0.099491194 -14.656603813 0.987991452 0.153928056 0.013377203 132.062713623
