1.000000000 0.000000000 0.000000000 0.000000000 0.000000000 1.000000000 0.000000000 0.000000000 0.000000000 0.000000000 1.000000000 0.000000000
0.999997795 -0.001593094 -0.001372254 0.050006770 0.001590172 0.999996483 -0.002127713 -0.132976502 0.001375638 0.002125526 0.999996781 1.297448158
0.999997973 -0.000011255 -0.001991821 0.102456167 -0.000001334 0.999979973 -0.006319823 -0.267414510 0.001991852 0.006319814 0.999978065 2.603458166
0.999996364 0.002389501 -0.001207463 0.147464335 -0.002398885 0.999966383 -0.007831079 -0.405955464 0.001188710 0.007833947 0.999968529 3.908264875
0.999984145 0.005630847 0.000355329 0.192271426 -0.005628393 0.999962628 -0.006565421 -0.544065297 -0.000392284 0.006563316 0.999978364 5.221962929
0.999975920 0.006493168 0.002445235 0.243531391 -0.006485398 0.999973953 -0.003171959 -0.691165626 -0.002465768 0.003156024 0.999991953 6.539803982
0.999960124 0.006784930 0.005792537 0.300123900 -0.006774193 0.999975264 -0.001871265 -0.828444481 -0.005805090 0.001831951 0.999981463 7.842163086
0.999945283 0.005268611 0.009039785 0.359442711 -0.005252867 0.999984622 -0.001764421 -0.962110937 -0.009048941 0.001716839 0.999957561 9.150420189
0.999915600 0.003997948 0.012361493 0.438051105 -0.003978202 0.999990761 -0.001621534 -1.098997116 -0.012367862 0.001572221 0.999922276 10.449527740
0.999873757 0.002707857 0.015655812 0.503900290 -0.002671379 0.999993682 -0.002350482 -1.236731410 -0.015662076 0.002308364 0.999874592 11.759074211
0.999818981 0.001694384 0.018950157 0.580101430 -0.001637791 0.999994218 -0.003001554 -1.376910925 -0.018955134 0.002969974 0.999815881 13.053611755
0.999750137 0.001350008 0.022310102 0.651667476 -0.001275289 0.999993503 -0.003363013 -1.516953588 -0.022314498 0.003333721 0.999745369 14.377690315
0.999671817 0.001177192 0.025591727 0.738574028 -0.001063207 0.999989450 -0.004467113 -1.654978752 -0.025596717 0.004438438 0.999662519 15.671837807
0.999582171 0.002160314 0.028824730 0.818659484 -0.002037870 0.999988794 -0.004276577 -1.793338776 -0.028833644 0.004216049 0.999575317 16.972442627
0.999484718 0.001704759 0.032053970 0.908284545 -0.001581462 0.999991179 -0.003871500 -1.932148576 -0.032060288 0.003818813 0.999478638 18.259618759
0.999418736 0.000120273 0.034090579 1.011267066 0.000004018 0.999993324 -0.003645803 -2.074138641 -0.034090795 0.003643821 0.999412239 19.556365967
0.999356151 -0.002422514 0.035797775 1.107356310 0.002600064 0.999984503 -0.004914084 -2.214999676 -0.035785314 0.005003996 0.999346972 20.831575394
0.999319732 -0.002164235 0.036815226 1.207614660 0.002409656 0.999975145 -0.006623234 -2.357238054 -0.036799978 0.006707439 0.999300122 22.139734268
0.999274850 -0.002284498 0.038006876 1.293502331 0.002639722 0.999953270 -0.009298752 -2.499368906 -0.037983857 0.009392338 0.999234200 23.421592712
0.999235809 -0.001792214 0.039048500 1.395102024 0.002212568 0.999940038 -0.010724373 -2.643212795 -0.039026946 0.010802575 0.999179721 24.714494705
0.999190807 -0.001202193 0.040200658 1.493971825 0.001656670 0.999935091 -0.011273809 -2.791254759 -0.040184502 0.011331288 0.999128044 25.985466003
0.999170959 -0.002694491 0.040621996 1.592854142 0.003118744 0.999941170 -0.010384180 -2.936081409 -0.040591635 0.010502259 0.999120653 27.283952713
0.999162793 -0.005535901 0.040534094 1.696010590 0.005913789 0.999940097 -0.009208780 -3.083063364 -0.040480684 0.009440780 0.999135792 28.561319351
0.999192238 -0.007286738 0.039517760 1.796018362 0.007673205 0.999924123 -0.009636733 -3.231221914 -0.039444543 0.009932176 0.999172390 29.856672287
0.999187648 -0.008873801 0.039309271 1.887803078 0.009359150 0.999882042 -0.012180167 -3.377309322 -0.039196547 0.012538172 0.999152839 31.115392685
0.999238670 -0.008942690 0.037973188 2.007796526 0.009418018 0.999879241 -0.012357155 -3.524668217 -0.037858099 0.012705377 0.999202490 32.411323547
0.999259293 -0.009475438 0.037297972 2.106960297 0.009958531 0.999868631 -0.012787865 -3.667783260 -0.037171904 0.013149825 0.999222398 33.682811737
0.999269605 -0.010002597 0.036880948 2.201149940 0.010480160 0.999863446 -0.012778236 -3.814025879 -0.036748096 0.013155418 0.999237955 34.951519012
0.999271035 -0.010528405 0.036695071 2.292173624 0.011020207 0.999851882 -0.013225961 -3.957808495 -0.036550384 0.013620706 0.999238968 36.198467255
0.999318182 -0.011089323 0.035217214 2.402379036 0.011566379 0.999843717 -0.013371442 -4.118555069 -0.035063423 0.013769660 0.999290228 37.503711700
0.999315619 -0.010747327 0.035397600 2.490569115 0.011167292 0.999869347 -0.011688009 -4.263749123 -0.035267364 0.012075303 0.999304950 38.768486023
0.999278843 -0.010871533 0.036379348 2.593615532 0.011261462 0.999881148 -0.010530743 -4.404743195 -0.036260534 0.010932834 0.999282539 40.031337738
0.999204814 -0.012670229 0.037803493 2.708542824 0.013006589 0.999877930 -0.008664934 -4.549164772 -0.037689090 0.009149740 0.999247551 41.281120300
0.999090254 -0.013697546 0.040385038 2.799716473 0.014110123 0.999850929 -0.009948799 -4.694854736 -0.040242746 0.010509587 0.999134660 42.545051575
0.998969436 -0.015033456 0.042825386 2.895847082 0.015604903 0.999793172 -0.013040704 -4.843803883 -0.042620480 0.013695552 0.998997390 43.795066833
0.998872638 -0.016050076 0.044674005 3.005627155 0.016703656 0.999758303 -0.014295333 -4.989000320 -0.044433769 0.015025439 0.998899341 45.069946289
0.998750448 -0.016323213 0.047234844 3.129221678 0.016965497 0.999768496 -0.013228872 -5.122589111 -0.047007982 0.014013706 0.998796225 46.302528381
0.998554111 -0.017542204 0.050813425 3.243410110 0.018062605 0.999788940 -0.009800380 -5.275609970 -0.050630782 0.010704034 0.998660088 47.575435638
0.998280227 -0.020435618 0.054944903 3.355276585 0.020895664 0.999751210 -0.007811457 -5.414087296 -0.054771591 0.008946134 0.998458862 48.796405792
0.998048782 -0.022840876 0.058110569 3.491813660 0.023360102 0.999692917 -0.008271446 -5.554022312 -0.057903800 0.009612776 0.998275876 50.056934357
0.997780204 -0.026209248 0.061218441 3.636812210 0.026998360 0.999562323 -0.012098541 -5.688386917 -0.060874548 0.013724484 0.998051047 51.291828156
0.997490227 -0.027592156 0.065206833 3.765050173 0.028427130 0.999524891 -0.011911942 -5.829765797 -0.064847171 0.013735689 0.997800648 52.512481689
0.997143626 -0.029949600 0.069337383 3.893558025 0.030679384 0.999484301 -0.009484053 -5.968064308 -0.069017589 0.011584191 0.997548163 53.733051300
0.996863902 -0.032591682 0.072113171 4.052649975 0.033101812 0.999434590 -0.005889903 -6.104357719 -0.071880437 0.008258509 0.997379005 54.926788330
0.996573091 -0.035021849 0.074936137 4.175664902 0.035456728 0.999361098 -0.004480448 -6.239578247 -0.074731357 0.007122085 0.997178197 56.185817719
0.996390760 -0.037968438 0.075919688 4.332622528 0.038157407 0.999271214 -0.001039571 -6.367449760 -0.075824894 0.003932718 0.997113287 57.392810822
0.996210575 -0.040735301 0.076844685 4.468909264 0.040849011 0.999165356 0.000092155 -6.491192818 -0.076784298 0.003047224 0.997043073 58.608638763
0.996160686 -0.042550050 0.076507010 4.613645554 0.042919375 0.999073446 -0.003188784 -6.615188599 -0.076300442 0.006460174 0.997063935 59.800807953
0.996177375 -0.043927763 0.075504743 4.765612125 0.044611856 0.998977005 -0.007396832 -6.747531891 -0.075102575 0.010736964 0.997117996 61.009689331
0.996187985 -0.045373507 0.074503534 4.902220726 0.046347953 0.998860240 -0.011401791 -6.876469612 -0.073901288 0.014811413 0.997155547 62.189338684
0.996216834 -0.047577459 0.072720639 5.057354927 0.048696231 0.998719811 -0.013688832 -7.014193535 -0.071976274 0.017178267 0.997258425 63.406368256
0.996367991 -0.047630526 0.070584305 5.196372509 0.048714984 0.998718441 -0.013722074 -7.147592068 -0.069840260 0.017110750 0.997411489 64.581108093
0.996579766 -0.046699446 0.068174712 5.320407867 0.047699761 0.998775661 -0.013118557 -7.291418076 -0.067478597 0.016325608 0.997587144 65.799217224
0.996823907 -0.045995172 0.065011330 5.444811344 0.046830494 0.998837948 -0.011383139 -7.420105934 -0.064412221 0.014391497 0.997819543 66.974685669
0.997234523 -0.042234410 0.061151769 5.568599701 0.042758301 0.999058843 -0.007283478 -7.558500767 -0.060786605 0.009878083 0.998101890 68.164634705
0.997527599 -0.040035922 0.057756532 5.687463284 0.040414531 0.999168396 -0.005401679 -7.682003975 -0.057492241 0.007722528 0.998316050 69.347709656
0.997730434 -0.038860638 0.054987673 5.792004585 0.039381329 0.999188781 -0.008417168 -7.817355156 -0.054615967 0.010563553 0.998451531 70.515541077
0.997892022 -0.039419789 0.051551968 5.905785561 0.040247876 0.999075234 -0.015124667 -7.956685066 -0.050908089 0.017167645 0.998555720 71.704681396
0.997890532 -0.043264166 0.048402216 6.010534286 0.044187117 0.998858154 -0.018163320 -8.091537476 -0.047561128 0.020263763 0.998662770 72.876419067
0.997936070 -0.047121495 0.043625325 6.126913071 0.047734011 0.998774230 -0.013106355 -8.231074333 -0.042954251 0.015161717 0.998961985 74.048599243
0.997943401 -0.050752744 0.039154924 6.233577251 0.051119335 0.998657048 -0.008418197 -8.354696274 -0.038675088 0.010402458 0.999197721 75.205955505
0.997986138 -0.053012576 0.034833547 6.326662064 0.053228412 0.998568237 -0.005297379 -8.484410286 -0.034502849 0.007140844 0.999379098 76.391540527
0.998155415 -0.052252293 0.030912353 6.414118290 0.052370109 0.998623252 -0.003013519 -8.607792854 -0.030712325 0.004626843 0.999517620 77.550781250
0.998280168 -0.052064665 0.026946876 6.508246422 0.052164428 0.998633921 -0.003012151 -8.721366882 -0.026753243 0.004412638 0.999632239 78.706649780
0.998426259 -0.050658390 0.024057724 6.572725296 0.050780177 0.998699844 -0.004477953 -8.861284256 -0.023799594 0.005692560 0.999700665 79.883003235
0.998625219 -0.048160456 0.020693045 6.648838997 0.048369709 0.998782098 -0.009733427 -8.987289429 -0.020199075 0.010720964 0.999738514 81.026969910
0.998531401 -0.051610980 0.016466191 6.738157272 0.051844083 0.998556256 -0.014057899 -9.129988670 -0.015716877 0.014890930 0.999765575 82.187667847
0.998374403 -0.055205733 0.014171645 6.792756081 0.055421568 0.998345554 -0.015318437 -9.257682800 -0.013302533 0.016078955 0.999782205 83.325302124
0.998404205 -0.055505581 0.010403099 6.860085011 0.055626631 0.998382688 -0.011731089 -9.387084961 -0.009735133 0.012291057 0.999877036 84.462944031
0.998396754 -0.056161329 0.007070064 6.933123589 0.056226458 0.998374104 -0.009376172 -9.515360832 -0.006531990 0.009758665 0.999930978 85.593841553
0.998542428 -0.053586401 0.006438904 6.973721027 0.053656451 0.998496234 -0.011249152 -9.640084267 -0.005826419 0.011578246 0.999915957 86.745529175
0.998736084 -0.049882893 0.006155024 7.024619579 0.049968496 0.998643458 -0.014640214 -9.765275955 -0.005416378 0.014929269 0.999873936 87.865798950
0.998821259 -0.048265629 0.005129554 7.085375786 0.048347387 0.998681962 -0.017230820 -9.892108917 -0.004291137 0.017458510 0.999838352 88.964179993
0.998740494 -0.050011951 0.004031961 7.131766319 0.050075091 0.998592496 -0.017474141 -10.035041809 -0.003152370 0.017654032 0.999839127 90.106391907
0.998695195 -0.051005345 0.002558505 7.183534622 0.051037595 0.998588264 -0.014721734 -10.165473938 -0.001804006 0.014833104 0.999888361 91.221748352
0.998647571 -0.051961377 0.001793757 7.233316422 0.051979184 0.998576403 -0.011966932 -10.295805931 -0.001169386 0.012043986 0.999926805 92.337249756
0.998640895 -0.052113164 0.000796222 7.301643848 0.052118864 0.998575568 -0.011422456 -10.420698166 -0.000199828 0.011448430 0.999934435 93.482810974
0.998612702 -0.052649297 0.000944448 7.345666409 0.052657291 0.998519182 -0.013662572 -10.546335220 -0.000223724 0.013693348 0.999906182 94.591476440
0.998600185 -0.052894328 0.000058664 7.409219265 0.052887104 0.998444080 -0.017675914 -10.673658371 0.000876383 0.017654274 0.999843657 95.704467773
0.998584867 -0.053179182 0.000266152 7.448647022 0.053175058 0.998415470 -0.018407298 -10.811993599 0.000713154 0.018395402 0.999830544 96.799896240
0.998542368 -0.053972650 -0.000157713 7.507409573 0.053962477 0.998403132 -0.016713584 -10.942939758 0.001059538 0.016680716 0.999860227 97.886444092
0.998603106 -0.052827988 0.001020653 7.547100067 0.052836277 0.998536050 -0.011576203 -11.062833786 -0.000407611 0.011613959 0.999932468 98.967185974
0.998693287 -0.051055260 0.002252192 7.597003460 0.051072270 0.998660564 -0.008285776 -11.180745125 -0.001826143 0.008389972 0.999963164 100.035797119
0.998783767 -0.049126294 0.004192064 7.642768383 0.049159639 0.998756766 -0.008259529 -11.300247192 -0.003781091 0.008455562 0.999957085 101.102836609
0.998857379 -0.047376819 0.006275687 7.692809105 0.047437310 0.998825490 -0.009868173 -11.422335625 -0.005800793 0.010154599 0.999931633 102.140068054
0.998828053 -0.047515512 0.009210175 7.739717960 0.047625985 0.998790979 -0.012171354 -11.543796539 -0.008620712 0.012595733 0.999883473 103.161041260
0.998730838 -0.049124800 0.011104920 7.786353111 0.049270909 0.998697042 -0.013290732 -11.653936386 -0.010437545 0.013821016 0.999849975 104.178169250
0.998612046 -0.050989099 0.013187887 7.843388557 0.051153649 0.998613179 -0.012457034 -11.767784119 -0.012534424 0.013114356 0.999835432 105.158721924
0.998580635 -0.051127460 0.014924410 7.903335571 0.051291510 0.998625100 -0.010823719 -11.886076927 -0.014350500 0.011573852 0.999830008 106.134849548
0.998512328 -0.052181643 0.015816471 7.975360870 0.052335456 0.998584569 -0.009471647 -11.991971970 -0.015299841 0.010285319 0.999830008 107.075416565
0.998439074 -0.052845746 0.018076217 8.028840065 0.053034298 0.998541415 -0.010115444 -12.096302032 -0.017515292 0.011058314 0.999785483 107.991973877
0.998432398 -0.052416328 0.019624041 8.090118408 0.052582461 0.998584092 -0.008046546 -12.197493553 -0.019174485 0.009065812 0.999775052 108.901557922
0.998453856 -0.051312387 0.021373242 8.147693634 0.051454071 0.998656511 -0.006132087 -12.293280602 -0.021029875 0.007222346 0.999752760 109.770606995
0.998404980 -0.051762216 0.022541588 8.213138580 0.051835414 0.998651981 -0.002674963 -12.397580147 -0.022372741 0.003839149 0.999742329 110.633621216
0.998370707 -0.051737104 0.024065414 8.274768829 0.051819671 0.998652399 -0.002819848 -12.486285210 -0.023887096 0.004062316 0.999706447 111.458992004
0.998394847 -0.050662547 0.025316434 8.323566437 0.050725874 0.998710871 -0.001864926 -12.576852798 -0.025189314 0.003146131 0.999677777 112.270690918
0.998501837 -0.048315596 0.025683939 8.377035141 0.048368935 0.998828471 -0.001459203 -12.657321930 -0.025583347 0.002699322 0.999669135 113.050964355
0.998633921 -0.045897037 0.024977060 8.422130585 0.045872647 0.998946011 0.001548998 -12.733727455 -0.025021827 -0.000401118 0.999686897 113.805229187
0.998708248 -0.045719083 0.022178646 8.466391563 0.045669146 0.998952806 0.002753012 -12.819463730 -0.022281285 -0.001736575 0.999750257 114.548049927
0.998824418 -0.045784567 0.015928462 8.502452850 0.045744613 0.998949051 0.002863432 -12.893064499 -0.016042825 -0.002131424 0.999869049 115.245964050
0.999004364 -0.044293188 0.005345453 8.530261993 0.044284526 0.999017477 0.001727988 -12.968695641 -0.005416742 -0.001489546 0.999984264 115.912841797
0.999113142 -0.041318469 -0.008108025 8.526270866 0.041308418 0.999145448 -0.001403582 -13.033726692 0.008159090 0.001067408 0.999966145 116.554206848
0.998820245 -0.040142562 -0.027323585 8.527789116 0.040058427 0.999190807 -0.003620097 -13.105532646 0.027446793 0.002521287 0.999620020 117.179389954
0.998040915 -0.038366109 -0.049419455 8.491312027 0.038115062 0.999255300 -0.006012653 -13.174316406 0.049613338 0.004117248 0.998760045 117.765167236
0.996324837 -0.036907945 -0.077295318 8.452304840 0.036428135 0.999307334 -0.007608786 -13.243392944 0.077522598 0.004765098 0.996979177 118.335212708
0.993392527 -0.034606177 -0.109424233 8.380427361 0.033708904 0.999381304 -0.010039774 -13.306529045 0.109703965 0.006284865 0.993944466 118.881164551
0.989004195 -0.029997906 -0.144812763 8.274536133 0.028676327 0.999525964 -0.011205326 -13.373761177 0.145080253 0.006929415 0.989395678 119.435058594
0.982706845 -0.024366988 -0.183557793 8.169221878 0.022723220 0.999680698 -0.011053448 -13.428693771 0.183768511 0.006691276 0.982946754 119.945999146
0.974157631 -0.018895144 -0.225077137 8.028007507 0.017314475 0.999809563 -0.008994772 -13.487258911 0.225204214 0.004865233 0.974299371 120.449691772
0.962825298 -0.014317662 -0.269744992 7.853469849 0.012721293 0.999889731 -0.007665388 -13.543846130 0.269824952 0.003948924 0.962901235 120.943214417
0.948600590 -0.008023505 -0.316374063 7.664150238 0.005718227 0.999949932 -0.008214298 -13.599848747 0.316424072 0.005982988 0.948598862 121.409851074
0.931120515 -0.000190624 -0.364711374 7.441909790 -0.003297587 0.999954700 -0.008941486 -13.657691956 0.364696503 0.009528269 0.931077659 121.873596191
0.910022795 0.004485035 -0.414533913 7.181976318 -0.009345615 0.999909282 -0.009697872 -13.713562965 0.414452821 0.012699360 0.909982204 122.319503784
0.884973347 0.008831898 -0.465557992 6.913154602 -0.014444093 0.999859631 -0.008488692 -13.766481400 0.465417713 0.014236830 0.884976566 122.730072021
0.855782509 0.011842120 -0.517200172 6.633197784 -0.018957369 0.999784410 -0.008476062 -13.808573723 0.516988218 0.017058421 0.855822504 123.133018494
0.824218690 0.021619529 -0.565858960 6.303707123 -0.029597990 0.999549806 -0.004922469 -13.862112999 0.565497756 0.020805480 0.824487388 123.502235413
0.789877176 0.034546107 -0.612291336 5.959114075 -0.042513426 0.999094784 0.001526147 -13.903137207 0.611789763 0.024825130 0.790630817 123.868873596
0.754307747 0.043515600 -0.655077159 5.601619720 -0.054100458 0.998527348 0.004034821 -13.945478439 0.654287994 0.032396480 0.755551219 124.176315308
0.714383006 0.047401723 -0.698147535 5.236400604 -0.061195917 0.998112559 0.005149234 -13.992530823 0.697073758 0.039045252 0.715935469 124.473396301
0.671994567 0.049211636 -0.738919318 4.855491638 -0.063759960 0.997929275 0.008476421 -14.041304588 0.737806261 0.041417353 0.673740685 124.757125854
0.628379583 0.052719530 -0.776118398 4.438903809 -0.067394465 0.997639120 0.013201280 -14.072238922 0.774981976 0.044010673 0.630449057 125.023353577
0.583066642 0.061323699 -0.810106516 4.015808105 -0.078307427 0.996746540 0.019090975 -14.108426094 0.808641434 0.052306063 0.585971713 125.257629395
0.537390292 0.070380650 -0.840391755 3.576171875 -0.090069227 0.995601654 0.025784137 -14.133331299 0.838510036 0.061837275 0.541365862 125.462661743
0.490602076 0.075460903 -0.868110180 3.123237610 -0.095663831 0.994885683 0.032417655 -14.159306526 0.866116643 0.067142576 0.495311916 125.657897949
0.443529904 0.076972947 -0.892948270 2.661003113 -0.095111929 0.994721651 0.038503550 -14.184439659 0.891198575 0.067852557 0.448509872 125.835548401
0.396395952 0.078112833 -0.914750576 2.189914703 -0.091716088 0.994758785 0.045200884 -14.207696915 0.913486898 0.065979898 0.401482612 126.009872437
0.350542426 0.080780827 -0.933056533 1.702842712 -0.093640991 0.994303882 0.050903168 -14.228284836 0.931853712 0.069528632 0.356110096 126.153976440
0.306734920 0.084175698 -0.948065519 1.201492310 -0.099367499 0.993470550 0.056057926 -14.245814323 0.946593761 0.077011965 0.313096404 126.268592834
0.265192330 0.085570805 -0.960390925 0.673254013 -0.103992671 0.992782235 0.059741419 -14.264377594 0.958571136 0.084030643 0.272176981 126.376258850
0.225741804 0.082155891 -0.970716774 0.134357452 -0.103695758 0.992803037 0.059910525 -14.281951904 0.968652606 0.087134890 0.232636362 126.474945068
0.190866128 0.077095561 -0.978583872 -0.398740768 -0.098910995 0.993347645 0.058966774 -14.302125931 0.976620078 0.085537925 0.197222009 126.567047119
0.160277694 0.072087072 -0.984436095 -0.947889328 -0.096166879 0.993725419 0.057110205 -14.324847221 0.982376218 0.085516661 0.166204423 126.645538330
0.134050161 0.070451319 -0.988467038 -1.517528534 -0.097417511 0.993575096 0.057604194 -14.343929291 0.986174643 0.088572152 0.140052095 126.710205078
0.111661606 0.069374062 -0.991321802 -2.099454880 -0.097920053 0.993473709 0.058495030 -14.357707977 0.988910198 0.090538636 0.117725968 126.776756287
0.093296014 0.071151257 -0.993092775 -2.689871788 -0.100203745 0.993049860 0.061734539 -14.376477242 0.990583122 0.093752056 0.099777214 126.835021973
0.077254586 0.069408171 -0.994592428 -3.298453331 -0.101217121 0.992965817 0.061432656 -14.400075912 0.991860271 0.095923834 0.083736449 126.882751465
0.063269891 0.068358198 -0.995652616 -3.918670177 -0.099601932 0.993102968 0.061853826 -14.429523468 0.993013680 0.095255435 0.069642134 126.931991577
0.051234588 0.065817691 -0.996515512 -4.556895733 -0.095482193 0.993577838 0.060714569 -14.451609612 0.994111717 0.092038788 0.057189964 126.972099304
0.039282370 0.062967502 -0.997242212 -5.213868141 -0.093016051 0.993909478 0.059093073 -14.468070984 0.994889319 0.090438224 0.044900108 127.008506775
0.028003165 0.062069111 -0.997678936 -5.880093575 -0.092514336 0.993947506 0.059240241 -14.488582611 0.995317519 0.090640686 0.033575960 127.053474426
0.018507093 0.063609213 -0.997803271 -6.551208496 -0.095903598 0.993485510 0.061555155 -14.511195183 0.995218575 0.094553709 0.024486884 127.072517395
0.010006465 0.063377872 -0.997939408 -7.226659298 -0.098889880 0.993159890 0.062082760 -14.536993027 0.995048106 0.098064877 0.016205449 127.087982178
0.003384861 0.062751323 -0.998023450 -7.924394608 -0.100849777 0.992962241 0.062091067 -14.561072350 0.994895935 0.100440294 0.009689501 127.110847473
-0.001736459 0.063733906 -0.997965455 -8.620931625 -0.101601422 0.992791414 0.063580245 -14.580333710 0.994823754 0.101505116 0.004751512 127.126091003
-0.005383347 0.066229001 -0.997789860 -9.342986107 -0.104079306 0.992348075 0.066429324 -14.600916862 0.994554460 0.104206890 0.001550914 127.149093628
-0.005897426 0.070181474 -0.997516811 -10.077326775 -0.106182732 0.991850555 0.070410572 -14.626467705 0.994329154 0.106334306 0.001602693 127.147727966
-0.007052639 0.073147297 -0.997296214 -10.791896820 -0.108622715 0.991363585 0.073480330 -14.640357971 0.994058013 0.108847238 0.000953729 127.160209656
-0.007578331 0.078769170 -0.996864080 -11.533061981 -0.113223903 0.990414262 0.079120263 -14.648821831 0.993540585 0.113468431 0.001412865 127.167343140
-0.008612738 0.082378253 -0.996563971 -12.273950577 -0.116368033 0.989747047 0.082820453 -14.661936760 0.993168771 0.116681486 0.001061761 127.175361633
-0.010179445 0.082936786 -0.996502817 -13.020273209 -0.116503760 0.989669085 0.083558150 -14.682065964 0.993138015 0.116946898 -0.000411835 127.196327209
-0.011819478 0.079897970 -0.996732950 -13.763835907 -0.114127710 0.990180850 0.080726095 -14.701848030 0.993395686 0.114708997 -0.002584849 127.218750000
-0.013258345 0.076478109 -0.996983171 -14.523674965 -0.117731959 0.990015805 0.077509306 -14.708596230 0.992956936 0.118404426 -0.004122055 127.229972839
-0.014393621 0.077969164 -0.996851981 -15.287299156 -0.122867934 0.989261746 0.079149589 -14.718938828 0.992318571 0.123620383 -0.004659152 127.230407715
-0.016047183 0.081735961 -0.996524811 -16.057172775 -0.119983248 0.989294052 0.083074965 -14.735214233 0.992646217 0.120899409 -0.006068437 127.244628906
-0.018112445 0.081657417 -0.996495903 -16.831998825 -0.119137183 0.989382327 0.083239965 -14.753352165 0.992712557 0.120227382 -0.008191699 127.258071899
-0.019337406 0.080546208 -0.996563256 -17.623800278 -0.121675991 0.989151299 0.082308158 -14.762610435 0.992381513 0.122849450 -0.009327081 127.261749268
-0.019889455 0.080488086 -0.996557117 -18.410913467 -0.126411796 0.988552451 0.082364559 -14.771001816 0.991778433 0.127614766 -0.009487128 127.260452271
-0.020850293 0.084861763 -0.996174514 -19.214826584 -0.128337651 0.987920761 0.086844802 -14.779239655 0.991511345 0.129657447 -0.009707475 127.262283325
-0.021742634 0.089189164 -0.995777249 -20.027677536 -0.126705363 0.987735689 0.091235496 -14.789400101 0.991702139 0.128154024 -0.010175227 127.279403687
-0.020821843 0.091666035 -0.995572090 -20.846847534 -0.128473699 0.987286806 0.093590148 -14.805006027 0.991494238 0.129853576 -0.008780458 127.289413452
-0.018850874 0.090335868 -0.995732963 -21.664821625 -0.127853319 0.987515807 0.092010863 -14.811140060 0.991613925 0.129042253 -0.007065796 127.298515320
-0.017647192 0.090587378 -0.995732188 -22.495294571 -0.127805546 0.987513244 0.092104733 -14.819009781 0.991642296 0.128885508 -0.005849267 127.308464050
-0.017721130 0.089686848 -0.995812476 -23.329759598 -0.126338363 0.987784863 0.091212161 -14.827010155 0.991828859 0.127425700 -0.006173776 127.334243774
-0.016937831 0.091670260 -0.995645285 -24.168315887 -0.127292201 0.987487674 0.093084656 -14.834106445 0.991720617 0.128314525 -0.005056990 127.352478027
-0.016485617 0.093797140 -0.995454848 -25.006347656 -0.128910854 0.987081409 0.095143020 -14.837158203 0.991519213 0.129893422 -0.004181178 127.369766235
-0.016290173 0.096253946 -0.995223522 -25.888103485 -0.132196233 0.986410201 0.097565390 -14.840373993 0.991089821 0.133154154 -0.003344385 127.381050110
-0.014704708 0.097372882 -0.995139420 -26.751729965 -0.134383932 0.986024976 0.098466776 -14.838533401 0.990820229 0.135178655 -0.001413859 127.392776489
-0.013012812 0.100616649 -0.994840264 -27.620168686 -0.141347736 0.984748483 0.101444870 -14.840991020 0.989874423 0.141938478 0.001407587 127.407386780
-0.010659835 0.104173042 -0.994502068 -28.504449844 -0.145791247 0.983768940 0.104611449 -14.834192276 0.989257932 0.146104872 0.004700704 127.422508240
-0.008535055 0.106060624 -0.994323015 -29.378902435 -0.148341849 0.983222663 0.106149919 -14.830075264 0.988899291 0.148405701 0.007341368 127.452507019
-0.004757708 0.106887683 -0.994259834 -30.278478622 -0.147339761 0.983344197 0.106419303 -14.832576752 0.989074469 0.147000298 0.011070346 127.474197388
-0.002154152 0.106881618 -0.994269431 -31.170761108 -0.149972945 0.982992113 0.105994239 -14.827941895 0.988687694 0.149341866 0.013911835 127.503044128
0.000317635 0.110697925 -0.993854105 -32.071666718 -0.150526121 0.982535422 0.109389126 -14.821374893 0.988606036 0.149566278 0.016975015 127.533782959
0.003041068 0.112875581 -0.993604481 -32.997180939 -0.149840757 0.982442617 0.111148991 -14.815376282 0.988705397 0.148544461 0.019901039 127.566696167
0.004767309 0.114296742 -0.993435144 -33.889732361 -0.150553286 0.982204854 0.112282179 -14.813875198 0.988590419 0.149029627 0.021890219 127.608177185
0.007213841 0.112481683 -0.993627548 -34.791538239 -0.151830226 0.982256174 0.110092096 -14.808208466 0.988380253 0.150068507 0.024163956 127.640762329
0.007288608 0.113646172 -0.993494570 -35.702693939 -0.156199172 0.981454909 0.111122996 -14.798113823 0.987698674 0.154373139 0.024904881 127.683891296
0.008307484 0.114108361 -0.993433595 -36.595817566 -0.156807750 0.981325626 0.111406326 -14.793379784 0.987594187 0.154852569 0.026045427 127.721961975
0.008581426 0.110579491 -0.993830264 -37.493083954 -0.157041773 0.981683016 0.107871927 -14.791507721 0.987554610 0.155147180 0.025789842 127.757644653
0.009383285 0.106561214 -0.994261861 -38.396183014 -0.158549681 0.981886208 0.103738509 -14.791570663 0.987306356 0.156666502 0.026108561 127.799873352
0.009771697 0.105796397 -0.994339764 -39.292789459 -0.158219635 0.982024312 0.102931179 -14.787313461 0.987355590 0.156318277 0.026335109 127.842445374
0.009744061 0.109864771 -0.993898749 -40.198024750 -0.160637900 0.981208682 0.106887162 -14.782513618 0.986965299 0.158616275 0.027209405 127.879959106
0.009943050 0.116477899 -0.993143439 -41.119842529 -0.161457494 0.980347276 0.113360681 -14.774728775 0.986829579 0.159223288 0.028553870 127.912307739
0.010028337 0.115138806 -0.993298769 -42.014141083 -0.159198150 0.980862737 0.112090014 -14.775213242 0.987195671 0.157007262 0.028166309 127.958335876
0.010945495 0.104808964 -0.994432092 -42.905063629 -0.158314258 0.982130051 0.101769850 -14.783149719 0.987328053 0.156318873 0.027342651 128.000747681
0.011346116 0.094278269 -0.995481253 -43.833625793 -0.160165414 0.982862711 0.091257714 -14.786048889 0.987024903 0.158406228 0.026251795 128.039169312
0.010335837 0.091231845 -0.995776057 -44.734104156 -0.156986922 0.983628333 0.088489428 -14.794607162 0.987546504 0.155409172 0.024488833 128.085144043
0.009866167 0.101165675 -0.994820714 -45.656322479 -0.149697289 0.983807087 0.098561063 -14.798040390 0.988682687 0.147949517 0.024850635 128.135620117
0.010157598 0.114539191 -0.993366718 -46.603000641 -0.144845888 0.983109057 0.111875333 -14.795969009 0.989402056 0.142748713 0.026576556 128.191894531
0.010491952 0.123272158 -0.992317438 -47.524299622 -0.145237118 0.982036531 0.120459400 -14.785969734 0.989341319 0.142857492 0.028207181 128.236846924
0.010272712 0.117688328 -0.992997408 -48.441707611 -0.145265162 0.982690752 0.114964023 -14.783947945 0.989339411 0.143066928 0.027190913 128.276458740
0.010559486 0.104028098 -0.994518280 -49.367179871 -0.145099148 0.984206617 0.101408824 -14.776964188 0.989360750 0.143232942 0.025487104 128.311584473
0.011064203 0.095306471 -0.995386541 -50.281204224 -0.145766929 0.984967351 0.092688590 -14.778860092 0.989257038 0.144068897 0.024790410 128.354217529
0.011509355 0.095302902 -0.995381832 -51.200122833 -0.145145521 0.985063970 0.092636749 -14.789121628 0.989343345 0.143408984 0.025170242 128.402206421
0.010850492 0.096806213 -0.995244086 -52.151351929 -0.147851378 0.984517932 0.094150960 -14.805681229 0.988950014 0.146126673 0.024995441 128.443862915
0.011335633 0.096143447 -0.995302975 -53.078361511 -0.152391359 0.983905852 0.093306914 -14.807867050 0.988255203 0.150617883 0.025804628 128.478302002
0.011647243 0.095638417 -0.995347977 -54.015708923 -0.154069886 0.983700216 0.092716351 -14.812047958 0.987991273 0.152273238 0.026192393 128.521514893
0.012555887 0.103401273 -0.994560421 -54.983921051 -0.162954912 0.981553555 0.099991761 -14.817160606 0.986553550 0.160813034 0.029174028 128.559982300
0.014029073 0.112892136 -0.993508160 -55.924251556 -0.168312341 0.979694784 0.108945817 -14.810871124 0.985633910 0.165691242 0.032745346 128.597808838
0.015390747 0.121091746 -0.992522001 -56.883411407 -0.168896973 0.978690505 0.116785221 -14.803867340 0.985513508 0.165836558 0.035514805 128.638305664
0.016321570 0.121854916 -0.992413759 -57.840244293 -0.170726120 0.978309631 0.117315307 -14.797506332 0.985183299 0.167516172 0.036771365 128.686676025
0.017884033 0.112124205 -0.993533254 -58.789146423 -0.172457963 0.979144692 0.107396066 -14.795467377 0.984854460 0.169422090 0.036847770 128.733322144
0.019205626 0.107081793 -0.994064689 -59.726631165 -0.170727089 0.979996800 0.102267876 -14.790004730 0.985131145 0.167749643 0.037103217 128.787826538
0.020931926 0.105472304 -0.994202018 -60.698944092 -0.169125572 0.980461836 0.100453898 -14.790266037 0.985372245 0.166042253 0.038361017 128.845535278
0.024067987 0.111502700 -0.993472695 -61.654880524 -0.170873880 0.979595482 0.105805576 -14.792972565 0.984998882 0.167211980 0.042629790 128.903549194
0.027829451 0.113871798 -0.993105590 -62.629714966 -0.173465773 0.978967369 0.107389703 -14.796003342 0.984446645 0.169281229 0.046996985 128.957885742
0.031731069 0.108881749 -0.993548095 -63.586441040 -0.172386363 0.979748309 0.101863906 -14.797210693 0.984518230 0.168041870 0.049858186 129.018722534
0.034798823 0.102936387 -0.994078994 -64.539749146 -0.172379166 0.980391860 0.095484748 -14.801769257 0.984415829 0.168035761 0.051860571 129.086959839
0.038432870 0.103131846 -0.993924856 -65.504005432 -0.169867590 0.980857015 0.095207483 -14.807478905 0.984717190 0.165176526 0.055215914 129.157272339
0.040825628 0.107265770 -0.993391812 -66.453086853 -0.167296425 0.980919123 0.099043556 -14.818687439 0.985060990 0.162147373 0.057991821 129.237670898
0.044320110 0.113903962 -0.992502689 -67.410911560 -0.166775465 0.980381131 0.105065487 -14.819015503 0.984998345 0.160868585 0.062446989 129.315628052
0.046729665 0.117670387 -0.991952658 -68.374771118 -0.164602697 0.980369687 0.108542114 -14.821707726 0.985252321 0.158205956 0.065181203 129.401809692
0.048633374 0.119629122 -0.991626799 -69.358535767 -0.164420679 0.980216444 0.110188730 -14.826210976 0.985190630 0.157685101 0.067340732 129.481109619
0.051357020 0.116652019 -0.991844058 -70.295440674 -0.162651688 0.980871201 0.106939472 -14.822795868 0.985346019 0.155832991 0.069348268 129.553421021
0.052208852 0.115115888 -0.991979122 -71.240814209 -0.160668448 0.981361687 0.105427623 -14.825091362 0.985626638 0.153875470 0.069731250 129.639511108
0.053405363 0.111427389 -0.992336631 -72.186714172 -0.157745317 0.982218325 0.101801738 -14.832408905 0.986034572 0.151099682 0.070032895 129.723373413
0.052386373 0.111048251 -0.992433369 -73.171852112 -0.155937001 0.982516825 0.101707384 -14.825352669 0.986376822 0.149428993 0.068787023 129.814117432
0.052047141 0.115930349 -0.991892815 -74.125091553 -0.152710393 0.982481420 0.106817260 -14.829277992 0.986899555 0.145912811 0.068839096 129.900604248
0.051553138 0.117754549 -0.991703689 -75.087127686 -0.146764562 0.983135700 0.109107703 -14.835044861 0.987827182 0.139922142 0.067965917 129.996200562
0.051391568 0.112474084 -0.992324829 -76.050567627 -0.144060910 0.984080315 0.104078844 -14.814549446 0.988233507 0.137606472 0.066776544 130.071365356
0.049299575 0.108831644 -0.992836952 -77.013275146 -0.145870581 0.984171510 0.100638524 -14.821452141 0.988074541 0.139864251 0.064394556 130.160430908
0.047941137 0.106383927 -0.993168712 -77.963249207 -0.142386988 0.984885454 0.098623522 -14.827589989 0.988649428 0.136686176 0.062364206 130.243560791
0.046884988 0.106823191 -0.993171930 -78.928070068 -0.142435610 0.984820426 0.099200927 -14.827424049 0.988693058 0.136812016 0.061388720 130.311706543
0.046068471 0.108054496 -0.993076980 -79.888984680 -0.143882409 0.984484076 0.100444853 -14.830345154 0.988521814 0.138258979 0.060900815 130.386505127
0.044588722 0.108364783 -0.993110657 -80.842025757 -0.145423204 0.984214604 0.100864828 -14.834084511 0.988364279 0.139923915 0.059643622 130.460662842
0.043197483 0.109227002 -0.993077695 -81.793083191 -0.145228982 0.984133899 0.101926029 -14.837173462 0.988454640 0.139820710 0.058375034 130.528991699
0.041249000 0.109178372 -0.993165910 -82.757324219 -0.145083740 0.984131217 0.102159448 -14.837084770 0.988559067 0.139878273 0.056434438 130.599853516
0.039463546 0.111604460 -0.992968798 -83.711997986 -0.144716114 0.983903944 0.104834177 -14.831128120 0.988685906 0.139561445 0.054979302 130.674682617
0.037864264 0.115310431 -0.992607594 -84.665763855 -0.146026433 0.983295321 0.108658269 -14.824667931 0.988555849 0.140832707 0.054070123 130.734680176
0.035744846 0.120134883 -0.992113829 -85.614898682 -0.147293985 0.982539535 0.113668680 -14.815818787 0.988446653 0.142069325 0.052815866 130.799453735
0.033566453 0.120155275 -0.992187500 -86.565849304 -0.147129029 0.982524991 0.114007674 -14.815430641 0.988547742 0.142152742 0.050658215 130.862182617
0.032638956 0.115084261 -0.992819428 -87.510780334 -0.147206619 0.983068883 0.109114587 -14.812204361 0.988567173 0.142588213 0.049027510 130.922164917
0.029989736 0.110125698 -0.993465245 -88.455223083 -0.151003018 0.983004093 0.104407765 -14.800895691 0.988078237 0.146885082 0.046109352 130.984619141
0.028851198 0.108033642 -0.993728399 -89.399627686 -0.149038121 0.983494759 0.102594011 -14.799622536 0.988410532 0.145143464 0.044476133 131.048416138
0.028227525 0.109236792 -0.993614793 -90.364334106 -0.144685730 0.983989775 0.104068249 -14.802893639 0.989074945 0.140824318 0.043580588 131.101654053
0.027440663 0.110726550 -0.993471920 -91.312644958 -0.141638190 0.984249949 0.105786532 -14.802979469 0.989538074 0.137810752 0.042691577 131.164566040
0.026438089 0.110367917 -0.993539095 -92.265640259 -0.136242077 0.985010386 0.105795100 -14.804764748 0.990322709 0.132564843 0.041078556 131.229843140
0.025082007 0.107520968 -0.993886352 -93.206924438 -0.132086799 0.985839009 0.103317015 -14.809065819 0.990920782 0.128687873 0.038928922 131.293960571
0.024721207 0.104330599 -0.994235396 -94.153045654 -0.127087578 0.986798108 0.100390203 -14.813350677 0.991583288 0.123873234 0.037653964 131.352691650
0.022752784 0.107086852 -0.993989289 -95.136734009 -0.124858528 0.986766577 0.103450663 -14.817377090 0.991913617 0.121754266 0.035822395 131.406433105
0.021456994 0.109458961 -0.993759632 -96.085136414 -0.124274947 0.986571431 0.105983891 -14.816907883 0.992015779 0.121225335 0.034771863 131.462509155
0.020001298 0.107223280 -0.994033694 -97.043022156 -0.119958729 0.987307608 0.104084022 -14.813941956 0.992577374 0.117161214 0.032609798 131.513122559
0.018052705 0.104406543 -0.994370818 -97.993003845 -0.117206991 0.987896800 0.101598904 -14.816208839 0.992943406 0.114713088 0.030071381 131.561050415
0.014364528 0.101700768 -0.994711339 -98.960914612 -0.116000630 0.988266230 0.099366643 -14.814245224 0.993145287 0.113959789 0.025993327 131.613327026
0.011700739 0.100753777 -0.994842589 -99.916648865 -0.110404156 0.988957882 0.098859303 -14.823872566 0.993817866 0.108678021 0.022695174 131.661727905
0.009541221 0.101193883 -0.994821072 -100.874351501 -0.103686519 0.989603579 0.099668711 -14.822829247 0.994564235 0.102198571 0.019934468 131.703063965
0.007197727 0.108887494 -0.994028032 -101.840507507 -0.093756147 0.989748359 0.107739821 -14.821949005 0.995569110 0.092420772 0.017332813 131.761993408
0.004422517 0.116965428 -0.993126154 -102.798728943 -0.085723124 0.989524424 0.116159499 -14.818511009 0.996309280 0.084620155 0.014402829 131.818054199
0.001628568 0.116237074 -0.993220150 -103.751976013 -0.081612289 0.989923656 0.115717471 -14.811367035 0.996662855 0.080870509 0.011098530 131.862777710
-0.001217391 0.106854856 -0.994273841 -104.703903198 -0.082515515 0.990873098 0.106590435 -14.819081306 0.996589065 0.082172796 0.007610906 131.896789551
-0.003392047 0.097589739 -0.995220959 -105.650573730 -0.084372014 0.991650045 0.097527146 -14.819104195 0.996428609 0.084299609 0.004870120 131.934082031
-0.003555018 0.098892115 -0.995091796 -106.612464905 -0.091591187 0.990883112 0.098801084 -14.819295883 0.995790362 0.091492899 0.005535039 131.949844360
-0.004582817 0.108376451 -0.994099498 -107.571968079 -0.094962381 0.989570022 0.108320452 -14.810193062 0.995470285 0.094898455 0.005756668 131.987152100
-0.006067918 0.119665571 -0.992795706 -108.535736084 -0.098947182 0.987869978 0.119676605 -14.798380852 0.995074153 0.098960526 0.005846258 132.014862061
-0.007487574 0.121260144 -0.992592514 -109.483215332 -0.105872758 0.986945033 0.121368870 -14.786783218 0.994351447 0.105997249 0.005448322 132.043746948
-0.007396659 0.118007958 -0.992985129 -110.466796875 -0.112920657 0.986562073 0.118085749 -14.767053604 0.993576467 0.113001980 0.006028272 132.063247681
-0.007597884 0.114074588 -0.993443131 -111.420860291 -0.120924570 0.986076236 0.114153489 -14.755146980 0.992632568 0.120999016 0.006302328 132.086456299
-0.005117949 0.115922466 -0.993245065 -112.387832642 -0.125604242 0.985317171 0.115644388 -14.735950470 0.992067158 0.125347644 0.009517549 132.106964111
-0.004059053 0.117328204 -0.993084908 -113.372901917 -0.133528888 0.984136045 0.116816729 -14.721981049 0.991036594 0.133079663 0.011672041 132.132888794
-0.003459798 0.120007753 -0.992766976 -114.336830139 -0.142776653 0.982542396 0.119269378 -14.705979347 0.989748836 0.142156616 0.013734907 132.151687622
-0.003308128 0.122190200 -0.992501199 -115.311523438 -0.148376331 0.981460392 0.121325493 -14.686216354 0.988925338 0.147665009 0.014883337 132.178207397
-0.003324168 0.121814288 -0.992547333 -116.286338806 -0.151911110 0.980971754 0.120902404 -14.679037094 0.988388598 0.151180863 0.015244032 132.220565796
-0.001830555 0.112114854 -0.993693531 -117.240783691 -0.150770187 0.982305169 0.111107685 -14.680855751 0.988567233 0.150022775 0.015105415 132.252929688
-0.000095443 0.100880586 -0.994898558 -118.192710876 -0.154115126 0.983010888 0.099689975 -14.673303604 0.988052905 0.153338403 0.015453396 132.285430908
