1.000000000 0.000000000 0.000000000 0.000000000 0.000000000 1.000000000 0.000000000 0.000000000 0.000000000 0.000000000 1.000000000 0.000000000
0.999997675 -0.001676943 -0.001343300 0.049022209 0.001674043 0.999996245 -0.002157458 -0.133091584 0.001346913 0.002155204 0.999996781 1.298044205
0.999997675 0.000073497 -0.002151825 0.105084553 -0.000086986 0.999980330 -0.006269029 -0.269934148 0.002151322 0.006269202 0.999978006 2.603744984
0.999996185 0.002461468 -0.001242536 0.147539392 -0.002471115 0.999966323 -0.007824131 -0.408062071 0.001223236 0.007827172 0.999968648 3.908255816
0.999983191 0.005785026 0.000339263 0.192109242 -0.005782693 0.999962032 -0.006513989 -0.547185361 -0.000376933 0.006511917 0.999978781 5.219103813
0.999974668 0.006678750 0.002467138 0.242811471 -0.006670989 0.999972761 -0.003140473 -0.692529082 -0.002488045 0.003123935 0.999991953 6.538667202
0.999959528 0.006937903 0.005725184 0.299878269 -0.006927916 0.999974489 -0.001762370 -0.829578578 -0.005737266 0.001722634 0.999982059 7.842006207
0.999942303 0.005414987 0.009270051 0.355286062 -0.005399547 0.999984086 -0.001689772 -0.963687181 -0.009279052 0.001639620 0.999955595 9.146792412
0.999912500 0.004022523 0.012600358 0.433427155 -0.004003210 0.999990761 -0.001557558 -1.100416660 -0.012606506 0.001506980 0.999919355 10.446898460
0.999870181 0.002838695 0.015855370 0.501311064 -0.002801174 0.999993145 -0.002388209 -1.237679482 -0.015862042 0.002343486 0.999871373 11.756074905
0.999811888 0.001864627 0.019303234 0.576063454 -0.001803717 0.999993324 -0.003172283 -1.373667836 -0.019309022 0.003136869 0.999808609 13.048944473
0.999745965 0.001758032 0.022471622 0.650269628 -0.001689482 0.999993861 -0.003069136 -1.524894238 -0.022476878 0.003030390 0.999742746 14.371630669
0.999666512 0.001731298 0.025765859 0.736593127 -0.001628021 0.999990523 -0.004028721 -1.663357854 -0.025772586 0.003985431 0.999659836 15.666385651
0.999575436 0.002581654 0.029021790 0.818068504 -0.002465727 0.999988973 -0.004029548 -1.800356388 -0.029031873 0.003956279 0.999570668 16.964031219
0.999481499 0.002112211 0.032129116 0.910763383 -0.001999978 0.999991834 -0.003524926 -1.940101385 -0.032136295 0.003458840 0.999477506 18.248516083
0.999408960 0.000854349 0.034365695 1.004643440 -0.000739191 0.999994099 -0.003363518 -2.082356930 -0.034368366 0.003336127 0.999403656 19.555393219
0.999344766 -0.001702291 0.036151584 1.098387241 0.001869908 0.999987721 -0.004603183 -2.222610474 -0.036143299 0.004667768 0.999335766 20.833929062
0.999309659 -0.001406187 0.037124470 1.200484514 0.001642563 0.999978542 -0.006337380 -2.364295959 -0.037114762 0.006393984 0.999290526 22.139635086
0.999266207 -0.001209188 0.038284767 1.284304857 0.001557027 0.999957800 -0.009057039 -2.507567406 -0.038272195 0.009110003 0.999225795 23.423852921
0.999230564 -0.000810837 0.039213143 1.389063954 0.001221311 0.999944687 -0.010444935 -2.651780844 -0.039202504 0.010484790 0.999176264 24.715089798
0.999194384 -0.000122105 0.040130321 1.489826679 0.000564439 0.999939263 -0.011011283 -2.798983335 -0.040126536 0.011025066 0.999133825 25.985784531
0.999164999 -0.001739045 0.040820144 1.586008787 0.002150692 0.999947190 -0.010042671 -2.943819761 -0.040800534 0.010122077 0.999116004 27.276317596
0.999170125 -0.004764210 0.040452126 1.693097949 0.005122353 0.999948561 -0.008754504 -3.091388226 -0.040408336 0.008954450 0.999143064 28.555168152
0.999179423 -0.006207439 0.040022813 1.783888340 0.006583778 0.999935210 -0.009278194 -3.236983299 -0.039962623 0.009534082 0.999155641 29.845165253
0.999199688 -0.007786009 0.039234180 1.888868332 0.008254099 0.999896467 -0.011782805 -3.382097006 -0.039138380 0.012097217 0.999160588 31.112209320
0.999225259 -0.007913558 0.038552508 1.994341254 0.008375864 0.999894679 -0.011844874 -3.531876326 -0.038454708 0.012158609 0.999186397 32.398475647
0.999245763 -0.008573881 0.037876092 2.093399286 0.009041058 0.999884963 -0.012180329 -3.675047636 -0.037767302 0.012513583 0.999208152 33.665309906
0.999257505 -0.008957094 0.037470549 2.187098026 0.009425785 0.999879241 -0.012350371 -3.819208860 -0.037355401 0.012694390 0.999221385 34.929580688
0.999270082 -0.009544551 0.036988638 2.281761646 0.010030071 0.999865651 -0.012962963 -3.963259220 -0.036859948 0.013324503 0.999231517 36.189826965
0.999315977 -0.010065312 0.035585400 2.394774437 0.010533313 0.999860108 -0.012988615 -4.122196674 -0.035449702 0.013354563 0.999282181 37.476570129
0.999305725 -0.009682787 0.035974480 2.480683565 0.010097692 0.999884307 -0.011369638 -4.266032219 -0.035860237 0.011725005 0.999288023 38.742584229
0.999279559 -0.009775955 0.036671165 2.586241245 0.010152251 0.999897480 -0.010089160 -4.406960487 -0.036568776 0.010454185 0.999276459 40.001487732
0.999201417 -0.011566726 0.038246226 2.701462746 0.011892266 0.999894738 -0.008295159 -4.550035954 -0.038146250 0.008743369 0.999233902 41.253047943
0.999082386 -0.012604273 0.040931504 2.788605213 0.013002890 0.999870479 -0.009487033 -4.695601463 -0.040806621 0.010010555 0.999116898 42.512474060
0.998953164 -0.013892813 0.043586142 2.882289410 0.014457616 0.999815285 -0.012669960 -4.843679428 -0.043402072 0.013286846 0.998969316 43.761627197
0.998871326 -0.014884092 0.045105685 2.999411106 0.015525993 0.999782622 -0.013914252 -4.987110615 -0.044888780 0.014598858 0.998885334 45.030559540
0.998746097 -0.015152460 0.047713090 3.124085426 0.015780728 0.999793291 -0.012818585 -5.119051933 -0.047509000 0.013555462 0.998778820 46.264171600
0.998543441 -0.016327865 0.051422216 3.229455948 0.016821623 0.999816418 -0.009184009 -5.277756691 -0.051262822 0.010035639 0.998634756 47.523777008
0.998264253 -0.019438831 0.055591747 3.345758200 0.019877555 0.999775410 -0.007349827 -5.414435863 -0.055436391 0.008442097 0.998426437 48.750621796
0.998032212 -0.021169748 0.059021823 3.471879721 0.021650197 0.999737322 -0.007512483 -5.556853294 -0.058847271 0.008775531 0.998228550 50.003353119
0.997768998 -0.024646485 0.062045101 3.621979475 0.025388200 0.999615014 -0.011194462 -5.691905975 -0.061745308 0.012744700 0.998010576 51.231445312
0.997471392 -0.025829837 0.066208757 3.745983124 0.026645560 0.999579132 -0.011467007 -5.822978973 -0.065884709 0.013202183 0.997739851 52.463016510
0.997111678 -0.028329808 0.070466295 3.871520281 0.029037822 0.999537408 -0.009043395 -5.960894108 -0.070177481 0.011063464 0.997473121 53.682155609
0.996842742 -0.031121247 0.073048249 4.034386158 0.031601533 0.999485850 -0.005428130 -6.096653938 -0.072841749 0.007719431 0.997313678 54.875099182
0.996563673 -0.033443429 0.075778782 4.164339066 0.033847488 0.999418795 -0.004053817 -6.226231098 -0.075599171 0.006604808 0.997116327 56.119087219
0.996407211 -0.036793776 0.076280490 4.329085350 0.036954064 0.999316752 -0.000690453 -6.348422527 -0.076202974 0.003506846 0.997086108 57.317947388
0.996209145 -0.039292496 0.077610999 4.461019039 0.039385390 0.999224067 0.000333884 -6.473051548 -0.077563889 0.002724122 0.996983588 58.547748566
0.996167839 -0.041051652 0.077230737 4.606565952 0.041401487 0.999138355 -0.002933401 -6.596693993 -0.077043764 0.006119627 0.997008860 59.739147186
0.996180892 -0.042562358 0.076236881 4.762556553 0.043235458 0.999038935 -0.007199634 -6.726836681 -0.075857177 0.010468273 0.997063756 60.950695038
0.996205032 -0.043759190 0.075237058 4.900743008 0.044727147 0.998936176 -0.011228146 -6.854715824 -0.074665666 0.014550675 0.997102499 62.130573273
0.996212661 -0.046112470 0.073714904 5.042520523 0.047241967 0.998790085 -0.013652221 -6.989723206 -0.072996177 0.017082956 0.997185886 63.350486755
0.996363103 -0.045990173 0.071731098 5.179899693 0.047074869 0.998799980 -0.013504305 -7.124021053 -0.071023963 0.016831921 0.997332573 64.526054382
0.996597052 -0.045400076 0.068799295 5.314441681 0.046404108 0.998837292 -0.013065575 -7.266465664 -0.068126142 0.016213685 0.997544944 65.742546082
0.996837854 -0.044628859 0.065746069 5.437822342 0.045456477 0.998904169 -0.011145713 -7.397677422 -0.065176591 0.014099051 0.997774124 66.917732239
0.997254550 -0.040781990 0.061807264 5.562131882 0.041302547 0.999121070 -0.007167762 -7.535339832 -0.061460618 0.009700882 0.998062372 68.104072571
0.997537494 -0.038812041 0.058416795 5.681658745 0.039178420 0.999219000 -0.005139093 -7.658993244 -0.058171719 0.007415117 0.998279035 69.286666870
0.997726500 -0.037744191 0.055832084 5.784533501 0.038258683 0.999234438 -0.008174607 -7.795905590 -0.055480801 0.010292082 0.998406649 70.453582764
0.997913003 -0.038248684 0.052025605 5.902432919 0.039083350 0.999121547 -0.015121586 -7.930993080 -0.051401511 0.017123360 0.998531401 71.639900208
0.997924268 -0.042113639 0.048716921 6.009709835 0.043048769 0.998905301 -0.018307582 -8.065126419 -0.047892589 0.020366786 0.998644888 72.812904358
0.997961700 -0.046072662 0.044154171 6.123014927 0.046696398 0.998822033 -0.013200225 -8.201767921 -0.043493979 0.015235163 0.998937488 73.979583740
0.997956395 -0.049843945 0.039981201 6.225603104 0.050214965 0.998703718 -0.008329410 -8.328861237 -0.039514203 0.010320041 0.999165654 75.140289307
0.998028278 -0.051968135 0.035197668 6.325584412 0.052201461 0.998620093 -0.005742236 -8.453050613 -0.034850691 0.007568284 0.999363899 76.329177856
0.998202801 -0.051239945 0.031076100 6.415396690 0.051368322 0.998674214 -0.003346544 -8.577655792 -0.030863423 0.004936857 0.999511361 77.488403320
0.998335361 -0.050810937 0.027290013 6.501443863 0.050905507 0.998699605 -0.002781659 -8.699900627 -0.027113188 0.004166240 0.999623656 78.636650085
0.998491287 -0.049326945 0.024123702 6.574518204 0.049461674 0.998763323 -0.005019914 -8.826231003 -0.023846256 0.006205538 0.999696314 79.804962158
0.998671770 -0.047084659 0.020918669 6.650107861 0.047303751 0.998829424 -0.010104854 -8.953687668 -0.020418398 0.011080964 0.999730110 80.949455261
0.998588264 -0.050269224 0.017158538 6.733097553 0.050530046 0.998608053 -0.015121082 -9.090763092 -0.016374530 0.015966758 0.999738395 82.114509583
0.998434246 -0.054021277 0.014513237 6.789851665 0.054255016 0.998395205 -0.016225688 -9.218313217 -0.013613416 0.016987698 0.999763012 83.250457764
0.998465300 -0.054279357 0.010988045 6.855504990 0.054417737 0.998437166 -0.012712151 -9.348331451 -0.010280864 0.013290584 0.999858856 84.389053345
0.998456120 -0.054974727 0.007945942 6.925184250 0.055054117 0.998431921 -0.010143922 -9.479371071 -0.007375823 0.010565719 0.999916971 85.523223877
0.998607814 -0.052300658 0.006865144 6.969604015 0.052380167 0.998555541 -0.011962381 -9.606865883 -0.006229588 0.012305324 0.999904871 86.665580750
0.998793602 -0.048660211 0.006593296 7.020441532 0.048755702 0.998695135 -0.015191741 -9.733980179 -0.005845460 0.015494875 0.999862850 87.785339355
0.998887122 -0.046826843 0.005643855 7.077600002 0.046921130 0.998737693 -0.017927207 -9.861104965 -0.004797256 0.018172069 0.999823332 88.890487671
0.998812675 -0.048477627 0.004799813 7.125109196 0.048559763 0.998643279 -0.018803889 -10.000210762 -0.003881732 0.019014640 0.999811769 90.038391113
0.998765469 -0.049560614 0.003356148 7.178329945 0.049608298 0.998639941 -0.016042722 -10.131899834 -0.002556497 0.016189411 0.999865592 91.152374268
0.998708725 -0.050744895 0.002401170 7.228689194 0.050772361 0.998622298 -0.013251761 -10.264225960 -0.001725403 0.013356566 0.999909282 92.267929077
0.998723984 -0.050469480 0.001732998 7.292103291 0.050487533 0.998643100 -0.012766645 -10.387327194 -0.001086320 0.012837850 0.999917030 93.395881653
0.998697102 -0.050995473 0.001882370 7.336889267 0.051018078 0.998584390 -0.015043603 -10.514474869 -0.001112549 0.015120039 0.999885142 94.504096985
0.998678923 -0.051369786 0.001297515 7.399107933 0.051385213 0.998496115 -0.019102711 -10.642690659 -0.000314262 0.019144148 0.999816656 95.613883972
0.998689175 -0.051167846 0.001333908 7.441686153 0.051184278 0.998490870 -0.019904668 -10.783418655 -0.000313416 0.019946843 0.999800980 96.724914551
0.998650253 -0.051926885 0.001147261 7.497952461 0.051939167 0.998484612 -0.018190160 -10.916358948 -0.000200964 0.018225195 0.999833941 97.809677124
0.998707891 -0.050770435 0.002202015 7.538917065 0.050794978 0.998623431 -0.013080517 -11.040696144 -0.001534880 0.013175465 0.999912024 98.896026611
0.998784661 -0.049161434 0.003519675 7.588510990 0.049192790 0.998744488 -0.009456784 -11.162603378 -0.003050348 0.009618432 0.999949098 99.961639404
0.998885632 -0.046878833 0.005451845 7.633941174 0.046930350 0.998850644 -0.009741515 -11.282979965 -0.004988910 0.009986518 0.999937654 101.033050537
0.998955011 -0.045052309 0.007685439 7.683160782 0.045139704 0.998913169 -0.011604021 -11.403409004 -0.007154298 0.011938814 0.999903083 102.068176270
0.998910606 -0.045519285 0.010268578 7.736412048 0.045657281 0.998864174 -0.013629920 -11.528403282 -0.009636492 0.014083907 0.999854386 103.083320618
0.998821318 -0.047053516 0.011914497 7.793008804 0.047227468 0.998774946 -0.014765263 -11.644224167 -0.011205142 0.015310549 0.999820113 104.112907410
0.998706877 -0.048919868 0.013835743 7.854441166 0.049112249 0.998696148 -0.013924256 -11.759294510 -0.013136530 0.014585754 0.999807298 105.094993591
0.998673618 -0.049051352 0.015651464 7.912292004 0.049249791 0.998707592 -0.012555489 -11.878889084 -0.015015369 0.013309667 0.999798656 106.070701599
0.998605371 -0.050129727 0.016563851 7.986969948 0.050312500 0.998675048 -0.010808297 -11.992396355 -0.016000092 0.011626592 0.999804378 107.021972656
0.998534739 -0.050815172 0.018608965 8.043887138 0.051028889 0.998634458 -0.011194997 -12.100246429 -0.018014677 0.012128188 0.999764204 107.939674377
0.998521328 -0.050530069 0.020047329 8.109244347 0.050729040 0.998666883 -0.009543245 -12.200016022 -0.019538386 0.010546116 0.999753416 108.852470398
0.998527825 -0.049528815 0.022116294 8.165697098 0.049702048 0.998737037 -0.007352710 -12.299008369 -0.021724192 0.008441111 0.999728382 109.722358704
0.998497784 -0.049702980 0.023060067 8.231769562 0.049812634 0.998749852 -0.004205207 -12.402196884 -0.022822225 0.005347574 0.999725163 110.585296631
0.998444378 -0.050058544 0.024554461 8.293790817 0.050168063 0.998733282 -0.003864066 -12.496632576 -0.024329925 0.005089906 0.999691010 111.411941528
0.998459995 -0.049057201 0.025904378 8.344583511 0.049156755 0.998785913 -0.003219865 -12.586983681 -0.025714973 0.004488281 0.999659240 112.225448608
0.998562753 -0.046604611 0.026465107 8.397253036 0.046701282 0.998904347 -0.003046312 -12.666817665 -0.026294136 0.004277889 0.999645114 113.005737305
0.998690963 -0.043996029 0.026091309 8.441223145 0.044009186 0.999031126 0.000070302 -12.746463776 -0.026069123 0.001078046 0.999659598 113.764663696
0.998761475 -0.044230465 0.022784283 8.493208885 0.044217199 0.999021351 0.001085662 -12.830102921 -0.022809999 -0.000076860 0.999739766 114.519691467
0.998889804 -0.044227824 0.016215241 8.531708717 0.044213921 0.999021351 0.001215524 -12.904623985 -0.016253129 -0.000497236 0.999867797 115.218582153
0.999081850 -0.042433597 0.005902464 8.558650970 0.042433396 0.999099314 0.000159871 -12.980592728 -0.005903931 0.000090738 0.999982536 115.891838074
0.999177098 -0.039752070 -0.008042846 8.561074257 0.039730866 0.999206483 -0.002779932 -13.049968719 0.008146971 0.002458096 0.999963760 116.529205322
0.998894989 -0.038445067 -0.027030917 8.562716484 0.038324561 0.999253035 -0.004962150 -13.122079849 0.027201500 0.003920719 0.999622226 117.156738281
0.998097360 -0.036835723 -0.049446911 8.530705452 0.036525857 0.999307156 -0.007155881 -13.192456245 0.049676247 0.005336174 0.998751163 117.745567322
0.996411860 -0.035346780 -0.076901510 8.486665726 0.034746271 0.999354422 -0.009133203 -13.258045197 0.077174693 0.006428392 0.996996880 118.313217163
0.993489683 -0.033041064 -0.109025098 8.416335106 0.032024816 0.999425888 -0.011059608 -13.326630592 0.109327927 0.007496099 0.993977487 118.858383179
0.989129245 -0.028466647 -0.144266933 8.307643890 0.026961008 0.999559879 -0.012381170 -13.394048691 0.144555882 0.008356997 0.989461362 119.400207520
0.982812941 -0.022426218 -0.183236852 8.208408356 0.020587560 0.999716818 -0.011930712 -13.450496674 0.183452502 0.007953257 0.982996404 119.917587280
0.974256039 -0.017041614 -0.224799186 8.067192078 0.015216625 0.999835730 -0.009848455 -13.508719444 0.224930108 0.006174233 0.974355400 120.422103882
0.962959409 -0.012345431 -0.269363284 7.893844604 0.010487158 0.999910235 -0.008336743 -13.565644264 0.269442052 0.005203092 0.963002622 120.916954041
0.948746979 -0.006207254 -0.315975547 7.702850342 0.003607456 0.999954641 -0.008812105 -13.622243881 0.316015840 0.007220591 0.948726475 121.380134583
0.931271672 0.001609315 -0.364321709 7.473823547 -0.005464687 0.999939382 -0.009551710 -13.680814743 0.364284277 0.010886142 0.931224167 121.864471436
0.910042524 0.006219601 -0.414468199 7.221355438 -0.011561288 0.999879301 -0.010380567 -13.731585503 0.414353549 0.014238543 0.910004616 122.296615601
0.884918690 0.010434909 -0.465628564 6.953811646 -0.016548252 0.999822140 -0.009043265 -13.784420013 0.465451449 0.015707893 0.884934008 122.710754395
0.855743051 0.013678478 -0.517220080 6.676429749 -0.021156315 0.999739468 -0.008563973 -13.830576897 0.516968131 0.018271033 0.855809629 123.107559204
0.824335337 0.023451762 -0.565615773 6.343692780 -0.032041393 0.999472737 -0.005257026 -13.880494118 0.565194309 0.022456672 0.824652135 123.476570129
0.790189981 0.036441859 -0.611777604 5.991996765 -0.044904903 0.998990059 0.001506514 -13.922477722 0.611214697 0.026281383 0.791028380 123.840911865
0.754117191 0.045158949 -0.655185401 5.636756897 -0.056136005 0.998414338 0.004203711 -13.962793350 0.654336393 0.033609401 0.755456388 124.157272339
0.714566469 0.048927467 -0.697854519 5.263408661 -0.063408777 0.997974873 0.005042037 -14.006712914 0.696688056 0.040647224 0.716221690 124.451995850
0.671739340 0.050583050 -0.739058733 4.890266418 -0.065720983 0.997801304 0.008557477 -14.056694984 0.737866640 0.042823270 0.673586667 124.737152100
0.628281116 0.054341994 -0.776086330 4.473785400 -0.069612011 0.997482955 0.013489877 -14.088314056 0.774865806 0.045549490 0.630482435 125.004913330
0.583271503 0.062921882 -0.809836566 4.049369812 -0.080827080 0.996542990 0.019214042 -14.118985176 0.808245897 0.054249719 0.586340845 125.233474731
0.537717998 0.071911596 -0.840052485 3.604980469 -0.092120208 0.995402038 0.026243899 -14.146450996 0.838077068 0.063273989 0.541870117 125.442855835
0.490412116 0.076832548 -0.868097246 3.156200409 -0.097882658 0.994659364 0.032737549 -14.170159340 0.865976214 0.068916753 0.495313704 125.645507812
0.443565816 0.077783354 -0.892860055 2.686943054 -0.097349286 0.994513929 0.038276780 -14.190923691 0.890939057 0.069941029 0.448704630 125.823783875
0.396555156 0.079408780 -0.914569914 2.214096069 -0.095080093 0.994446576 0.045117714 -14.211593628 0.913073778 0.069065735 0.401903152 125.991561890
0.350600988 0.082265452 -0.932904840 1.721927643 -0.096560694 0.994000852 0.051363941 -14.234012604 0.931533635 0.072073691 0.356441319 126.139320374
0.306692511 0.085425124 -0.947967410 1.218334198 -0.101928800 0.993184686 0.056523155 -14.253643036 0.946335077 0.079289965 0.313309610 126.255432129
0.265334874 0.087268360 -0.960198700 0.692932129 -0.106893383 0.992418408 0.060658477 -14.271225929 0.958212495 0.086544096 0.272651583 126.360954285
0.226451501 0.083777554 -0.970412850 0.165307999 -0.107416503 0.992365122 0.060606457 -14.287089348 0.968081236 0.090513922 0.233721629 126.453895569
0.191798270 0.078617953 -0.978280425 -0.370590210 -0.102228776 0.992964506 0.059755392 -14.304842949 0.976095617 0.088547423 0.198485866 126.543655396
0.161715195 0.074054055 -0.984054923 -0.923015594 -0.099529453 0.993319571 0.058395036 -14.327524185 0.981805444 0.088499099 0.168005407 126.617324829
0.134370700 0.072077624 -0.988306284 -1.484565735 -0.100171916 0.993230104 0.058817297 -14.347248077 0.985855162 0.091097198 0.140681162 126.698478699
0.112195157 0.071275838 -0.991126597 -2.066709518 -0.101262458 0.993051767 0.059951413 -14.362639427 0.988513112 0.093637668 0.118633144 126.763381958
0.094054103 0.072543405 -0.992920578 -2.673472404 -0.103737816 0.992626786 0.062695399 -14.374918938 0.990147591 0.097106680 0.100886106 126.810287476
0.077629626 0.070949696 -0.994454503 -3.275143623 -0.104415007 0.992557764 0.062663466 -14.400421143 0.991499484 0.098971456 0.084460102 126.865463257
0.064081207 0.070112057 -0.995478690 -3.900153160 -0.103940576 0.992572427 0.063216470 -14.427024841 0.992516994 0.099419661 0.070892721 126.907203674
0.051445346 0.067244492 -0.996409297 -4.540562630 -0.098342814 0.993222356 0.061951909 -14.447769165 0.993821979 0.094802573 0.057709686 126.964530945
0.039278761 0.064632088 -0.997135937 -5.187677383 -0.096045278 0.993529677 0.060614966 -14.465915680 0.994601667 0.093389310 0.045232218 127.007629395
0.028482001 0.064332619 -0.997522056 -5.846344471 -0.095430277 0.993543744 0.061351255 -14.486841202 0.995028615 0.093446396 0.034437396 127.042488098
0.019555796 0.065769225 -0.997643232 -6.516471863 -0.098924018 0.993065000 0.063528299 -14.509599686 0.994902790 0.097448535 0.025926337 127.051521301
0.011026079 0.065084614 -0.997818828 -7.213277817 -0.101983406 0.992749333 0.063627012 -14.532786369 0.994724989 0.101059422 0.017583681 127.071838379
0.004606725 0.064573124 -0.997902334 -7.900509357 -0.104663625 0.992463171 0.063737988 -14.554246902 0.994497001 0.104150459 0.011330461 127.089576721
-0.000868212 0.065904655 -0.997825503 -8.595821381 -0.105210155 0.992281973 0.065630063 -14.575380325 0.994449675 0.105038360 0.006072327 127.106315613
-0.004304412 0.067989685 -0.997676671 -9.317674637 -0.106900461 0.991937578 0.068059795 -14.592050552 0.994260550 0.106945060 0.002998422 127.127029419
-0.005239781 0.071498327 -0.997426927 -10.034859657 -0.109308645 0.991422772 0.071642160 -14.612565994 0.993994117 0.109402776 0.002620547 127.140884399
-0.006113680 0.074984141 -0.997165918 -10.769585609 -0.111926995 0.990867198 0.075196721 -14.628068924 0.993697703 0.112069525 0.002334904 127.149261475
-0.007708082 0.080712266 -0.996707618 -11.500509262 -0.116756558 0.989847183 0.081059657 -14.640809059 0.993130624 0.116996996 0.001793864 127.166343689
-0.008992575 0.084273517 -0.996402085 -12.238348007 -0.119626671 0.989195585 0.084743649 -14.653411865 0.992778242 0.119958319 0.001185944 127.183525085
-0.010665938 0.084911607 -0.996331453 -12.982538223 -0.118986562 0.989201009 0.085577711 -14.670396805 0.992838502 0.119462818 -0.000447415 127.202087402
-0.011443649 0.081626140 -0.996597290 -13.754528999 -0.117271647 0.989675045 0.082405768 -14.688466072 0.993033946 0.117815629 -0.001753064 127.215637207
-0.013246257 0.078482978 -0.996827364 -14.506210327 -0.121134780 0.989446402 0.079511538 -14.695871353 0.992547631 0.121803708 -0.003599444 127.228828430
-0.014469778 0.080076538 -0.996683598 -15.277235031 -0.125720531 0.988731980 0.081262872 -14.705266953 0.991960227 0.126479432 -0.004239467 127.230560303
-0.015709296 0.083141595 -0.996413887 -16.055622101 -0.123279616 0.988772333 0.084447563 -14.718285561 0.992247641 0.124164172 -0.005283257 127.243682861
-0.018069373 0.083237685 -0.996365905 -16.829174042 -0.121991418 0.988899708 0.084826291 -14.733815193 0.992366672 0.123080850 -0.007714515 127.261367798
-0.018775327 0.082827300 -0.996387064 -17.619607925 -0.125299126 0.988511086 0.084533669 -14.745345116 0.991941392 0.126433566 -0.008181429 127.258705139
-0.019588692 0.082222082 -0.996421516 -18.416965485 -0.129634932 0.987990975 0.084074900 -14.756459236 0.991368294 0.130817950 -0.008694600 127.268928528
-0.020936063 0.086309820 -0.996048450 -19.213508606 -0.131470844 0.987377703 0.088321894 -14.760944366 0.991098881 0.132800445 -0.009324577 127.278915405
-0.021704765 0.091164947 -0.995599270 -20.016832352 -0.130639046 0.987036765 0.093228936 -14.774350166 0.991192400 0.132087663 -0.009513704 127.294509888
-0.020545563 0.093802407 -0.995378792 -20.843128204 -0.131691441 0.986660480 0.095699064 -14.781624794 0.991077840 0.133049011 -0.007918516 127.306159973
-0.018760122 0.092611618 -0.995525539 -21.660589218 -0.131053939 0.986882210 0.094277188 -14.787749290 0.991197646 0.132236183 -0.006376914 127.318199158
-0.017504092 0.092758983 -0.995534658 -22.492908478 -0.131066859 0.986882448 0.094257310 -14.793152809 0.991218984 0.132131487 -0.005116854 127.328178406
-0.017502187 0.091565780 -0.995645225 -23.320169449 -0.129408300 0.987214446 0.093065269 -14.794794083 0.991436899 0.130473569 -0.005429040 127.350509644
-0.016621176 0.093508579 -0.995479703 -24.158649445 -0.130265728 0.986928821 0.094880357 -14.800439835 0.991339743 0.131253898 -0.004222954 127.368293762
-0.015879497 0.095685616 -0.995284975 -24.995967865 -0.132110000 0.986482739 0.096947156 -14.802595139 0.991107821 0.133026540 -0.003023824 127.382308960
-0.016072560 0.098007925 -0.995055854 -25.863672256 -0.134810045 0.985885024 0.099282160 -14.801195145 0.990741014 0.135739282 -0.002633244 127.398902893
-0.014376769 0.099104978 -0.994973123 -26.727504730 -0.136986688 0.985498130 0.100140594 -14.797574043 0.990468502 0.137737766 -0.000592215 127.410217285
-0.012541953 0.102338620 -0.994670510 -27.599720001 -0.143671557 0.984242558 0.103077300 -14.798069000 0.989545941 0.144198626 0.002358822 127.423698425
-0.010303977 0.105899267 -0.994323492 -28.479850769 -0.148267671 0.983222663 0.106253453 -14.790143967 0.988893569 0.148520857 0.005570336 127.439804077
-0.008120222 0.107755475 -0.994144320 -29.355365753 -0.150834456 0.982669950 0.107743800 -14.784155846 0.988525629 0.150826141 0.008273741 127.469436646
-0.004394002 0.108681373 -0.994066954 -30.250413895 -0.149537295 0.982827604 0.108113557 -14.785571098 0.988746285 0.149125144 0.011933373 127.493667603
-0.001622665 0.108496375 -0.994095564 -31.143266678 -0.152117297 0.982501268 0.107479252 -14.777805328 0.988361180 0.151393518 0.014909903 127.521057129
0.000691044 0.112239830 -0.993680894 -32.045349121 -0.152523339 0.982066810 0.110821895 -14.768608093 0.988299608 0.151482970 0.017797843 127.553657532
0.003120444 0.114109859 -0.993463159 -32.960144043 -0.151489586 0.982056081 0.112323791 -14.761701584 0.988453925 0.150148854 0.020350905 127.591987610
0.004951123 0.115340464 -0.993313670 -33.853256226 -0.152111068 0.981853426 0.113251559 -14.757707596 0.988350928 0.150533304 0.022405840 127.632789612
0.007434774 0.113544099 -0.993505120 -34.755706787 -0.153416231 0.981899679 0.111069687 -14.750902176 0.988133609 0.151594073 0.024719713 127.665374756
0.007765960 0.114903733 -0.993346274 -35.663993835 -0.157755315 0.981077373 0.112251230 -14.743106842 0.987447679 0.155833870 0.025745684 127.705848694
0.008945337 0.115534663 -0.993263125 -36.558120728 -0.158656254 0.980884552 0.112665951 -14.738002777 0.987293422 0.156579554 0.027104640 127.742164612
0.009191528 0.111979671 -0.993667901 -37.454631805 -0.158947662 0.981239498 0.109108761 -14.734243393 0.987244129 0.156938374 0.026817998 127.777839661
0.009983791 0.107896231 -0.994112015 -38.357437134 -0.160198346 0.981493115 0.104917794 -14.735887527 0.987034380 0.158207625 0.027083823 127.823699951
0.010554539 0.106999487 -0.994203031 -39.253631592 -0.159796596 0.981661260 0.103953272 -14.729475975 0.987093508 0.157773107 0.027459137 127.865615845
0.010142320 0.111319087 -0.993732929 -40.153877258 -0.162089720 0.980823994 0.108218655 -14.727601051 0.986723959 0.159976304 0.027991502 127.910774231
0.010545119 0.117515035 -0.993015230 -41.088096619 -0.162543863 0.980063736 0.114256255 -14.714828491 0.986644924 0.160203695 0.029436242 127.945625305
0.010765177 0.116155118 -0.993172765 -41.982898712 -0.160353824 0.980576634 0.112943843 -14.713769913 0.987000942 0.158043176 0.029182002 127.991348267
0.011622388 0.105851680 -0.994314015 -42.874622345 -0.159490436 0.981847107 0.102660239 -14.720842361 0.987131059 0.157390416 0.028293744 128.034057617
0.012061982 0.095284790 -0.995376885 -43.797958374 -0.161267132 0.982603312 0.092107758 -14.723011017 0.986837029 0.159410611 0.027218448 128.074111938
0.010997480 0.092165977 -0.995682895 -44.700241089 -0.158129722 0.983373821 0.089280002 -14.730175018 0.987357080 0.156465217 0.025388809 128.120529175
0.010891424 0.102304511 -0.994693458 -45.620780945 -0.150751829 0.983550847 0.099507801 -14.733181000 0.988511682 0.148868069 0.026134860 128.170272827
0.010882733 0.115507543 -0.993246913 -46.570392609 -0.145905852 0.982858062 0.112700745 -14.731076241 0.989238620 0.143694028 0.027549403 128.229705811
0.011116135 0.124636456 -0.992140234 -47.491481781 -0.146011844 0.981768847 0.121697634 -14.722220421 0.989220440 0.143511400 0.029111875 128.275772095
0.010990887 0.118676923 -0.992872119 -48.407905579 -0.146166608 0.982457221 0.115814023 -14.717657089 0.989198923 0.143851861 0.028144678 128.316497803
0.011140584 0.105237998 -0.994384646 -49.344993591 -0.146248400 0.983924091 0.102492437 -14.716253281 0.989185154 0.144285351 0.026352378 128.355148315
0.011781718 0.096409433 -0.995272100 -50.261314392 -0.146729216 0.984733522 0.093651652 -14.716026306 0.989106476 0.144932121 0.025747934 128.399841309
0.012374813 0.096476912 -0.995258331 -51.194576263 -0.145691395 0.984886706 0.093660042 -14.723460197 0.989252627 0.143841550 0.026243644 128.443572998
0.011837462 0.097770639 -0.995138586 -52.146526337 -0.148851916 0.984291911 0.094934337 -14.736337662 0.988788664 0.147004545 0.026204865 128.482345581
0.012537937 0.097296320 -0.995176494 -53.074550629 -0.153531417 0.983640194 0.094234146 -14.738838196 0.988064289 0.151609346 0.027270859 128.515930176
0.012914199 0.096820496 -0.995218158 -54.012500763 -0.155186087 0.983435214 0.093660474 -14.742610931 0.987800837 0.153234437 0.027725475 128.558578491
0.013691285 0.104444526 -0.994436443 -54.969001770 -0.163908377 0.981311142 0.100809321 -14.743345261 0.986380577 0.161616266 0.030554743 128.600326538
0.015494308 0.113895714 -0.993371844 -55.931156158 -0.170381725 0.979261696 0.109620333 -14.735292435 0.985256314 0.167553917 0.034578726 128.633560181
0.016844179 0.122039437 -0.992382348 -56.875911713 -0.170643345 0.978312433 0.117412746 -14.726650238 0.985188842 0.167365730 0.037304085 128.679428101
0.017625706 0.123025142 -0.992247105 -57.818241119 -0.172139093 0.977955997 0.118195459 -14.720849991 0.984914899 0.168721229 0.038414605 128.725982666
0.019149058 0.113441817 -0.993360162 -58.756565094 -0.173630327 0.978823006 0.108434618 -14.716545105 0.984624743 0.170401022 0.038440477 128.777725220
0.019856585 0.108292378 -0.993920743 -59.737239838 -0.171660170 0.979723632 0.103316121 -14.717010498 0.984956026 0.168565124 0.038043462 128.847198486
0.022138782 0.106630325 -0.994052291 -60.689506531 -0.170499459 0.980132639 0.101339988 -14.711812973 0.985109031 0.167241827 0.039879367 128.900482178
0.025550853 0.112474985 -0.993326068 -61.650890350 -0.171649799 0.979386508 0.106481358 -14.706302643 0.984826565 0.167783529 0.044330478 128.957565308
0.029259872 0.114991471 -0.992935419 -62.633228302 -0.174686924 0.978661954 0.108190767 -14.714479446 0.984189093 0.170287207 0.048723031 129.006072998
0.032699529 0.110124826 -0.993379712 -63.574531555 -0.174087733 0.979345560 0.102838509 -14.717559814 0.984187067 0.169572428 0.051195521 129.082427979
0.035941049 0.104429320 -0.993882596 -64.525512695 -0.174094126 0.979972363 0.096672080 -14.723381042 0.984072924 0.169554651 0.053401764 129.149688721
0.039411802 0.104185663 -0.993776679 -65.491722107 -0.171421766 0.980509758 0.095996447 -14.724979401 0.984409153 0.166571543 0.056503341 129.220993042
0.041946907 0.108488113 -0.993212342 -66.455146790 -0.169169471 0.980505228 0.099955492 -14.732675552 0.984693944 0.163828403 0.059482042 129.300308228
0.045037743 0.115419373 -0.992295325 -67.424148560 -0.168739602 0.979909599 0.106320083 -14.737890244 0.984631181 0.162651092 0.063608743 129.387374878
0.048583113 0.119155511 -0.991686344 -68.380111694 -0.166497931 0.979933321 0.109586529 -14.736063957 0.984844148 0.159789681 0.067447364 129.462921143
0.050460707 0.120810010 -0.991392374 -69.345275879 -0.166090801 0.979848981 0.110949516 -14.736210823 0.984818578 0.159062549 0.069509313 129.548767090
0.052149046 0.118484855 -0.991585553 -70.300567627 -0.164252445 0.980431497 0.108513758 -14.735301018 0.985038817 0.157211497 0.070590004 129.635192871
0.052137546 0.116240926 -0.991851628 -71.258255005 -0.161571234 0.981098890 0.106487609 -14.735057831 0.985482752 0.154702693 0.069933280 129.733047485
0.052435338 0.112493083 -0.992267966 -72.199851990 -0.158466995 0.981982172 0.102952942 -14.741854668 0.985970974 0.151843384 0.069316991 129.825500488
0.052438118 0.112915106 -0.992219985 -73.170295715 -0.157565162 0.982076764 0.103433602 -14.743130684 0.986115396 0.150915414 0.069289744 129.904190063
0.051204856 0.116902746 -0.991822422 -74.117523193 -0.153983518 0.982173502 0.107815742 -14.739030838 0.986745715 0.147203594 0.068293147 130.007965088
0.051413186 0.118626483 -0.991606951 -75.094375610 -0.148587674 0.982777238 0.109866142 -14.742196083 0.987561822 0.141691983 0.068154134 130.092224121
0.050300341 0.114870265 -0.992106259 -76.044319153 -0.145512402 0.983606577 0.106508590 -14.738938332 0.988076866 0.139006346 0.066190802 130.179428101
0.048969671 0.111273386 -0.992582619 -76.994140625 -0.147114187 0.983739436 0.103024065 -14.741281509 0.987906516 0.140977934 0.064543292 130.260742188
0.047823258 0.107417643 -0.993063092 -77.976463318 -0.143641546 0.984606385 0.099585511 -14.738013268 0.988473535 0.137882650 0.062516727 130.334655762
0.046577521 0.108554594 -0.992998660 -78.917076111 -0.144288585 0.984383643 0.100844793 -14.742722511 0.988438785 0.138581321 0.061513342 130.408157349
0.045634378 0.109799795 -0.992905557 -79.867156982 -0.144688010 0.984186709 0.102185696 -14.742002487 0.988424480 0.138998374 0.060799457 130.486404419
0.044897642 0.111252867 -0.992777407 -80.834365845 -0.147336766 0.983649194 0.103566751 -14.752747536 0.988066852 0.141622707 0.060555182 130.548919678
0.043462683 0.110842019 -0.992887199 -81.793884277 -0.147165075 0.983695328 0.103373848 -14.741103172 0.988156557 0.141625434 0.059066106 130.622253418
0.041235570 0.111345708 -0.992925763 -82.746849060 -0.147335261 0.983584762 0.104179457 -14.741815567 0.988226652 0.141997084 0.056963824 130.694366455
0.039304174 0.114419781 -0.992654741 -83.692527771 -0.147172928 0.983250737 0.107508518 -14.742621422 0.988329589 0.141866326 0.055485357 130.767211914
0.037539173 0.118263669 -0.992272377 -84.655120850 -0.148257345 0.982642233 0.111507103 -14.732978821 0.988236070 0.142925769 0.054421034 130.823364258
0.035402633 0.122887962 -0.991788924 -85.605690002 -0.149416700 0.981907308 0.116330050 -14.719071388 0.988140345 0.144071415 0.053123612 130.887924194
0.033426650 0.123226337 -0.991815448 -86.552085876 -0.149572060 0.981810927 0.116942406 -14.717667580 0.988185644 0.144438908 0.051249877 130.953094482
0.031930756 0.117187172 -0.992596507 -87.497070312 -0.149539545 0.982484758 0.111182868 -14.707425117 0.988240004 0.144882292 0.048895597 131.018371582
0.029637078 0.112821385 -0.993173122 -88.435020447 -0.154362991 0.982206464 0.106969304 -14.700073242 0.987569630 0.150138900 0.046525169 131.079803467
0.029508097 0.110428147 -0.993445933 -89.409049988 -0.152803406 0.982695341 0.104694456 -14.690804482 0.987815917 0.148712590 0.045871269 131.125000000
0.028641349 0.111438893 -0.993358493 -90.360687256 -0.148686051 0.983185768 0.106010638 -14.694155693 0.988469601 0.144662261 0.044729184 131.185882568
0.027876819 0.112741485 -0.993233204 -91.309738159 -0.145361274 0.983514845 0.107558511 -14.690796852 0.988985837 0.141379267 0.043805506 131.252502441
0.026710417 0.112889603 -0.993248403 -92.255409241 -0.140566647 0.984154761 0.108075917 -14.693135262 0.989710808 0.136730865 0.042155698 131.318786621
0.025619263 0.110018060 -0.993599296 -93.201347351 -0.136399806 0.985014796 0.105550550 -14.693961143 0.990322471 0.132822603 0.040241797 131.381973267
0.024646673 0.106689073 -0.993986905 -94.174858093 -0.131285042 0.986023366 0.102578960 -14.697610855 0.991038203 0.127967432 0.038308870 131.439132690
0.023789296 0.109157242 -0.993739784 -95.133438110 -0.129294857 0.986008704 0.105212800 -14.699307442 0.991320729 0.125982508 0.037569925 131.493957520
0.022429029 0.111770287 -0.993480921 -96.079742432 -0.128925174 0.985756755 0.107990630 -14.699851036 0.991400599 0.125662565 0.036519565 131.554443359
0.021359432 0.109924152 -0.993710399 -97.034072876 -0.124184683 0.986531436 0.106460698 -14.697162628 0.992029250 0.121129669 0.034722652 131.601211548
0.017862616 0.106886789 -0.994110703 -97.994720459 -0.122464284 0.987016916 0.103923574 -14.698485374 0.992312133 0.119886696 0.030720515 131.667266846
0.014901120 0.104366280 -0.994427204 -98.944007874 -0.121324614 0.987378061 0.101808444 -14.698811531 0.992500901 0.119131446 0.027375236 131.721252441
0.012697646 0.103020415 -0.994598210 -99.905143738 -0.114875905 0.988242686 0.100895539 -14.703785896 0.993298590 0.112974219 0.024382919 131.767883301
0.010102575 0.103354663 -0.994593143 -100.854522705 -0.108886726 0.988843143 0.101651110 -14.703788757 0.994002759 0.107271075 0.021243814 131.822723389
0.007845627 0.110572182 -0.993837118 -101.847206116 -0.099190459 0.989052117 0.109256789 -14.690509796 0.995037556 0.097721979 0.018727437 131.876190186
0.005106477 0.118830673 -0.992901325 -102.805427551 -0.091278799 0.988824666 0.117873326 -14.686821938 0.995812297 0.090028927 0.015896130 131.933303833
0.000558187 0.117604516 -0.993060291 -103.761672974 -0.087033734 0.989297867 0.117110014 -14.675281525 0.996205211 0.086364381 0.010787773 131.993774414
-0.000493761 0.107857220 -0.994166255 -104.720825195 -0.087959513 0.990308344 0.107482344 -14.674551010 0.996123910 0.087499447 0.008998092 132.014297485
-0.002674063 0.098374642 -0.995145917 -105.668769836 -0.089774296 0.991107464 0.098216645 -14.671534538 0.995958447 0.089601152 0.006181230 132.051712036
-0.002749643 0.100074656 -0.994976163 -106.630729675 -0.097451828 0.990217209 0.099865317 -14.675499916 0.995236337 0.097236834 0.007029715 132.066925049
-0.003569834 0.109608516 -0.993968546 -107.597801208 -0.100556500 0.988897264 0.109410457 -14.664103508 0.994924963 0.100340545 0.007491651 132.102783203
-0.005102514 0.121132322 -0.992623270 -108.560859680 -0.104542732 0.987132192 0.120999627 -14.652542114 0.994507372 0.104388945 0.007626649 132.131958008
-0.006848787 0.122750975 -0.992413819 -109.513099670 -0.111343987 0.986172199 0.122747332 -14.640136719 0.993758380 0.111339971 0.006913497 132.164123535
-0.005774966 0.120152526 -0.992738664 -110.505683899 -0.118913300 0.985628486 0.119983718 -14.626313210 0.992887855 0.118742727 0.008595764 132.173202515
-0.006081164 0.116035022 -0.993226528 -111.459465027 -0.126912042 0.985123634 0.115865432 -14.611563683 0.991895378 0.126757011 0.008735543 132.199234009
-0.003774936 0.117882587 -0.993020415 -112.426948547 -0.131541044 0.984340072 0.117352195 -14.590709686 0.991303563 0.131065935 0.011790577 132.222183228
-0.002203160 0.119132929 -0.992875874 -113.408523560 -0.139891401 0.983078420 0.118267767 -14.571024895 0.990164399 0.139155358 0.014499794 132.245361328
-0.001488067 0.121779159 -0.992556095 -114.373664856 -0.149150833 0.981427848 0.120637417 -14.552924156 0.988813281 0.148220077 0.016703034 132.264907837
-0.001034712 0.124369912 -0.992235422 -115.349761963 -0.154899627 0.980239987 0.123027883 -14.532874107 0.987929642 0.153824195 0.018250585 132.289947510
-0.000819848 0.123807155 -0.992305934 -116.318382263 -0.158747047 0.979706943 0.122366406 -14.521857262 0.987318933 0.157625988 0.018850813 132.327072144
0.000569616 0.114409938 -0.993433475 -117.272636414 -0.157715395 0.981010675 0.112888843 -14.523821831 0.987484455 0.156615436 0.018603008 132.362228394
0.002142866 0.102731504 -0.994706750 -118.224662781 -0.160731763 0.981811285 0.101053409 -14.514054298 0.986995816 0.159664422 0.018616099 132.399063110
