1.000000000 0.000000000 0.000000000 0.000000000 0.000000000 1.000000000 0.000000000 0.000000000 0.000000000 0.000000000 1.000000000 0.000000000
0.999997675 -0.001692813 -0.001326636 0.048942134 0.001689947 0.999996245 -0.002158061 -0.133151948 0.001330285 0.002155814 0.999996781 1.298203349
0.999997616 -0.000032932 -0.002188003 0.106009111 0.000019052 0.999979854 -0.006343572 -0.267356992 0.002188168 0.006343516 0.999977410 2.602562428
0.999996126 0.002441834 -0.001306604 0.148962259 -0.002452023 0.999966145 -0.007854262 -0.405916542 0.001287381 0.007857437 0.999968231 3.905267239
0.999983609 0.005724389 0.000252013 0.193195730 -0.005722604 0.999961913 -0.006589257 -0.544574142 -0.000289723 0.006587707 0.999978244 5.217432499
0.999975502 0.006551723 0.002475211 0.242029205 -0.006543800 0.999973476 -0.003195885 -0.689335763 -0.002496084 0.003179609 0.999991834 6.535692692
0.999959171 0.006871288 0.005874814 0.297712177 -0.006860902 0.999974906 -0.001786151 -0.827513993 -0.005886938 0.001745772 0.999981105 7.838974953
0.999942303 0.005407133 0.009283173 0.352140963 -0.005389752 0.999983609 -0.001896213 -0.959202707 -0.009293274 0.001846070 0.999955118 9.143723488
0.999912560 0.004038595 0.012588997 0.430420637 -0.004016347 0.999990344 -0.001792002 -1.096083045 -0.012596112 0.001741284 0.999919176 10.443950653
0.999870479 0.002720377 0.015859814 0.497150689 -0.002682518 0.999993443 -0.002407934 -1.235790014 -0.015866259 0.002365078 0.999871314 11.755235672
0.999811053 0.001881525 0.019347461 0.569504201 -0.001822752 0.999993682 -0.003054900 -1.376109123 -0.019353086 0.003019057 0.999808133 13.049859047
0.999746203 0.001552092 0.022470918 0.643565774 -0.001479290 0.999993563 -0.003256091 -1.518382072 -0.022475826 0.003222024 0.999742210 14.375517845
0.999664307 0.001506077 0.025863213 0.727557540 -0.001394260 0.999989688 -0.004340869 -1.656082511 -0.025869481 0.004303352 0.999656022 15.669339180
0.999572039 0.002435175 0.029152302 0.805607438 -0.002309398 0.999987900 -0.004347351 -1.793727040 -0.029162537 0.004278167 0.999565482 16.976881027
0.999472141 0.001963753 0.032429069 0.894534886 -0.001838069 0.999990761 -0.003905024 -1.932578444 -0.032436438 0.003843355 0.999466419 18.263601303
0.999408185 0.000367488 0.034397613 0.996617317 -0.000241101 0.999993205 -0.003678355 -2.075240374 -0.034398731 0.003667885 0.999401450 19.563848495
0.999348700 -0.002101440 0.036026154 1.095210075 0.002275470 0.999985933 -0.004790347 -2.217403412 -0.036015585 0.004869202 0.999339402 20.837757111
0.999302685 -0.001700721 0.037297085 1.193147540 0.001945377 0.999976754 -0.006524332 -2.360293865 -0.037285127 0.006592339 0.999282897 22.150665283
0.999252558 -0.001600044 0.038624205 1.274567962 0.001953098 0.999956667 -0.009104747 -2.504900694 -0.038607966 0.009173378 0.999212325 23.436349869
0.999217033 -0.001017362 0.039550811 1.378497124 0.001438051 0.999942660 -0.010609681 -2.645530462 -0.039537746 0.010658250 0.999161184 24.718969345
0.999182343 -0.000338716 0.040428862 1.480836391 0.000798908 0.999935031 -0.011367152 -2.790980339 -0.040422384 0.011390155 0.999117732 25.989076614
0.999160588 -0.002016918 0.040914800 1.578758240 0.002434762 0.999945343 -0.010165279 -2.940239191 -0.040892068 0.010256364 0.999110937 27.281866074
0.999157965 -0.004963828 0.040726308 1.682996750 0.005331415 0.999945939 -0.008922144 -3.087825537 -0.040679824 0.009131760 0.999130547 28.560112000
0.999178648 -0.006496400 0.039997332 1.778630733 0.006877710 0.999932051 -0.009403138 -3.233642817 -0.039933532 0.009670505 0.999155462 29.849582672
0.999196768 -0.008339826 0.039195165 1.882095575 0.008808563 0.999891520 -0.011801570 -3.379340172 -0.039092492 0.012137342 0.999161839 31.112491608
0.999228239 -0.008291041 0.038394317 1.992157578 0.008763826 0.999887645 -0.012162049 -3.525314331 -0.038289163 0.012489147 0.999188662 32.398139954
0.999241233 -0.008908257 0.037915073 2.086558342 0.009396777 0.999874890 -0.012725902 -3.666733742 -0.037796959 0.013072526 0.999199986 33.666522980
0.999260247 -0.009489208 0.037268408 2.185676336 0.009967791 0.999869943 -0.012676695 -3.811898708 -0.037143275 0.013038802 0.999225020 34.931858063
0.999272287 -0.009997311 0.036810141 2.276555538 0.010489962 0.999857724 -0.013214855 -3.955662966 -0.036672797 0.013591375 0.999234974 36.190326691
0.999316812 -0.010604099 0.035404343 2.393681049 0.011081832 0.999849796 -0.013324739 -4.112216473 -0.035257738 0.013707979 0.999284208 37.475032806
0.999315977 -0.010254340 0.035531405 2.482763529 0.010677979 0.999873877 -0.011753732 -4.256334305 -0.035406396 0.012125094 0.999299407 38.740123749
0.999280155 -0.010518624 0.036447108 2.586474180 0.010906360 0.999885857 -0.010455924 -4.397930622 -0.036332961 0.010845906 0.999280870 39.996257782
0.999204516 -0.012218691 0.037961651 2.697629929 0.012559846 0.999882698 -0.008761344 -4.540323734 -0.037850138 0.009231169 0.999240816 41.243175507
0.999095857 -0.013352516 0.040365495 2.798989773 0.013769418 0.999854505 -0.010067852 -4.683283806 -0.040225193 0.010614557 0.999134243 42.513824463
0.998965800 -0.014433909 0.043114707 2.888312101 0.015023503 0.999797583 -0.013382393 -4.831638813 -0.042912818 0.014016287 0.998980463 43.764953613
0.998862088 -0.015518867 0.045097128 2.996082306 0.016175428 0.999767840 -0.014230524 -4.980634689 -0.044865821 0.014943795 0.998881161 45.028667450
0.998739183 -0.015831655 0.047640011 3.118428707 0.016458433 0.999782681 -0.012793100 -5.117191315 -0.047427125 0.013561047 0.998782575 46.259990692
0.998548448 -0.016805833 0.051171795 3.233595371 0.017330538 0.999801517 -0.009827470 -5.263330460 -0.050996479 0.010700040 0.998641491 47.526123047
0.998283327 -0.019854357 0.055102319 3.351886272 0.020314304 0.999763191 -0.007799617 -5.401947021 -0.054934416 0.008905592 0.998450220 48.753395081
0.998042405 -0.022158541 0.058484182 3.480315924 0.022681508 0.999708295 -0.008293279 -5.541306019 -0.058283359 0.009603553 0.998253882 50.001686096
0.997769654 -0.025452068 0.061708707 3.623696327 0.026233606 0.999585152 -0.011887910 -5.679252148 -0.061380547 0.013480239 0.998023391 51.233459473
0.997486353 -0.026809495 0.065590911 3.756394386 0.027663695 0.999543369 -0.012149584 -5.811564445 -0.065235250 0.013933532 0.997772574 52.470439911
0.997143447 -0.029301021 0.069615461 3.887925625 0.030050682 0.999500871 -0.009745628 -5.951063156 -0.069295160 0.011809781 0.997526288 53.689098358
0.996882975 -0.031899590 0.072156690 4.051616669 0.032447271 0.999452770 -0.006430481 -6.081790447 -0.071912073 0.008751726 0.997372508 54.886604309
0.996592522 -0.034277052 0.075022638 4.175871849 0.034719199 0.999386668 -0.004596828 -6.220087051 -0.074819058 0.007185892 0.997171164 56.138252258
0.996423900 -0.037270799 0.075830154 4.332113743 0.037471652 0.999296904 -0.001227148 -6.347752571 -0.075731114 0.004064241 0.997119963 57.342491150
0.996236086 -0.040013853 0.076892495 4.472155571 0.040133055 0.999194324 -0.000004944 -6.471724510 -0.076830342 0.003090857 0.997039378 58.562953949
0.996198177 -0.041828141 0.076416872 4.618488789 0.042220563 0.999102116 -0.003526302 -6.593277454 -0.076200746 0.006739259 0.997069657 59.752426147
0.996221364 -0.043106519 0.075399525 4.773903370 0.043787193 0.999013484 -0.007397056 -6.731503963 -0.075006269 0.010670637 0.997125983 60.962482452
0.996234477 -0.044462193 0.074431367 4.911634922 0.045430921 0.998902798 -0.011372131 -6.860690117 -0.073844068 0.014710794 0.997161329 62.143955231
0.996276617 -0.046860792 0.072366551 5.065986156 0.047960971 0.998757422 -0.013539911 -7.001293659 -0.071642153 0.016960271 0.997286201 63.360168457
0.996419013 -0.046907667 0.070347548 5.201089859 0.047981899 0.998754799 -0.013658156 -7.134255409 -0.069619291 0.016984653 0.997429013 64.536796570
0.996641278 -0.046154074 0.067645021 5.333636761 0.047126047 0.998806298 -0.012843278 -7.279751778 -0.066971496 0.015987979 0.997626722 65.754997253
0.996878505 -0.045588877 0.064458549 5.455800056 0.046388231 0.998863339 -0.010958603 -7.409119129 -0.063885689 0.013914512 0.997860193 66.930854797
0.997275651 -0.041762169 0.060804944 5.576928139 0.042264637 0.999081910 -0.007000478 -7.546174526 -0.060456757 0.009551304 0.998125136 68.126892090
0.997551978 -0.039910600 0.057420652 5.692591667 0.040256634 0.999177456 -0.004881696 -7.671634197 -0.057178587 0.007181308 0.998338163 69.304679871
0.997749805 -0.038637314 0.054793913 5.799978256 0.039119333 0.999204457 -0.007751381 -7.807252884 -0.054450832 0.009877441 0.998467565 70.479469299
0.997929215 -0.039129119 0.051051356 5.913387299 0.039927240 0.999094307 -0.014708431 -7.945483208 -0.050429586 0.016716313 0.998587728 71.668548584
0.997930944 -0.043137573 0.047677111 6.020445824 0.044014838 0.998877406 -0.017505527 -8.081989288 -0.046868451 0.019567806 0.998709381 72.840492249
0.997958302 -0.047064845 0.043175515 6.132834435 0.047655594 0.998782337 -0.012756355 -8.217283249 -0.042522561 0.014787864 0.998986065 74.010589600
0.997961104 -0.050814986 0.038619731 6.239913940 0.051162586 0.998657823 -0.008065840 -8.341017723 -0.038158029 0.010025280 0.999221444 75.166770935
0.998016596 -0.052724704 0.034392375 6.331284046 0.052933514 0.998584569 -0.005188553 -8.467571259 -0.034070142 0.006998772 0.999394953 76.358169556
0.998185396 -0.052004103 0.030352542 6.419304848 0.052109268 0.998637795 -0.002683707 -8.592613220 -0.030171633 0.004260486 0.999535620 77.517356873
0.998301327 -0.051829390 0.026610732 6.510554314 0.051922098 0.998647213 -0.002803995 -8.706381798 -0.026429405 0.004180917 0.999641955 78.673080444
0.998456717 -0.050224219 0.023701049 6.574633598 0.050346073 0.998721361 -0.004572301 -8.837696075 -0.023441108 0.005758501 0.999708652 79.839813232
0.998639524 -0.047933441 0.020528037 6.649491310 0.048142903 0.998791993 -0.009833769 -8.963727951 -0.020031873 0.010808671 0.999740899 80.983985901
0.998546124 -0.051312543 0.016505929 6.733938217 0.051553454 0.998564661 -0.014516355 -9.103393555 -0.015737370 0.015346192 0.999758363 82.150871277
0.998391628 -0.055036608 0.013605113 6.793288231 0.055250254 0.998346567 -0.015860885 -9.227373123 -0.012709687 0.016587062 0.999781668 83.294021606
0.998421669 -0.055277158 0.009930749 6.858736038 0.055398401 0.998387575 -0.012378582 -9.356704712 -0.009230483 0.012909190 0.999874055 84.431221008
0.998416662 -0.055783100 0.007225725 6.924419403 0.055852149 0.998391628 -0.009735122 -9.488215446 -0.006671048 0.010123283 0.999926567 85.571266174
0.998573542 -0.053026482 0.006270753 6.965891838 0.053095512 0.998524308 -0.011406794 -9.616268158 -0.005656638 0.011723469 0.999915242 86.704216003
0.998768091 -0.049286466 0.005763486 7.018171310 0.049365770 0.998674929 -0.014540199 -9.743679047 -0.005039213 0.014806805 0.999877691 87.824447632
0.998859704 -0.047496047 0.004843650 7.078945637 0.047573607 0.998716176 -0.017401461 -9.869271278 -0.004010931 0.017612046 0.999836862 88.920440674
0.998778045 -0.049237318 0.004244496 7.116638184 0.049305689 0.998623729 -0.017878206 -10.010913849 -0.003358379 0.018065635 0.999831080 90.072456360
0.998722255 -0.050460581 0.002786947 7.169404984 0.050497368 0.998607635 -0.015259343 -10.140691757 -0.002013071 0.015380579 0.999879599 91.186508179
0.998668253 -0.051546238 0.002184283 7.217428207 0.051569648 0.998590648 -0.012532371 -10.271102905 -0.001535208 0.012628324 0.999918997 92.302574158
0.998698115 -0.050992128 0.001373950 7.281346798 0.051004820 0.998628736 -0.011791100 -10.397253990 -0.000770813 0.011845825 0.999929488 93.443679810
0.998670459 -0.051533923 0.001298402 7.327744961 0.051547159 0.998570204 -0.014157861 -10.522397041 -0.000566935 0.014205966 0.999898911 94.553329468
0.998652577 -0.051893815 0.000465993 7.390574455 0.051893886 0.998494029 -0.017795578 -10.653115273 0.000458189 0.017795783 0.999841511 95.661087036
0.998629212 -0.052335549 0.000834690 7.430756092 0.052341998 0.998453379 -0.018737974 -10.790866852 0.000147263 0.018755976 0.999824047 96.764533997
0.998589575 -0.053090315 0.000532808 7.489456654 0.053091690 0.998444676 -0.017012388 -10.922582626 0.000371214 0.017016681 0.999855161 97.849029541
0.998640835 -0.052100096 0.001385663 7.533672810 0.052113116 0.998567164 -0.012159841 -11.042068481 -0.000750149 0.012215526 0.999925077 98.938278198
0.998720646 -0.050497320 0.002674295 7.583997250 0.050518848 0.998685181 -0.008707502 -11.161790848 -0.002231073 0.008831465 0.999958456 100.008300781
0.998817742 -0.048387591 0.004658247 7.629085064 0.048426371 0.998789668 -0.008605506 -11.284436226 -0.004236209 0.008820915 0.999952137 101.070075989
0.998897552 -0.046432462 0.006911313 7.677893162 0.046501730 0.998865843 -0.010223925 -11.407126427 -0.006428753 0.010534042 0.999923825 102.107093811
0.998854756 -0.046862051 0.009655725 7.727934361 0.046980388 0.998818576 -0.012416602 -11.530569077 -0.009062452 0.012856010 0.999876320 103.127639771
0.998763919 -0.048351720 0.011521958 7.774262428 0.048509866 0.998726368 -0.013866005 -11.638560295 -0.010836837 0.014407793 0.999837458 104.134689331
0.998650968 -0.050150599 0.013458715 7.835343361 0.050327450 0.998646319 -0.013139707 -11.752003670 -0.012781531 0.013799325 0.999823034 105.117858887
0.998609066 -0.050427273 0.015392441 7.889937401 0.050608031 0.998651326 -0.011587967 -11.871459961 -0.014787331 0.012350829 0.999814391 106.096946716
0.998546720 -0.051447507 0.016051833 7.966720581 0.051611722 0.998617291 -0.009988837 -11.979431152 -0.015515736 0.010802781 0.999821186 107.019882202
0.998480380 -0.051932771 0.018438410 8.019117355 0.052130941 0.998585761 -0.010434635 -12.087067604 -0.017870434 0.011379991 0.999775529 107.938179016
0.998472035 -0.051547159 0.019910619 8.080544472 0.051727470 0.998623788 -0.008649450 -12.185453415 -0.019437363 0.009666160 0.999764323 108.840126038
0.998483598 -0.050567292 0.021755967 8.139183998 0.050722931 0.998690546 -0.006662087 -12.282292366 -0.021390591 0.007755511 0.999741137 109.710716248
0.998443842 -0.050820716 0.022957532 8.201211929 0.050908834 0.998697937 -0.003270010 -12.386011124 -0.022761449 0.004433663 0.999731064 110.567443848
0.998400509 -0.050904833 0.024601918 8.262434959 0.051002126 0.998692930 -0.003343203 -12.476234436 -0.024399577 0.004592606 0.999691665 111.393486023
0.998428702 -0.049793396 0.025703279 8.312734604 0.049870893 0.998752832 -0.002382824 -12.565817833 -0.025552569 0.003660925 0.999666750 112.199546814
0.998529792 -0.047557343 0.026010966 8.366887093 0.047629938 0.998862743 -0.002178106 -12.644725800 -0.025877798 0.003413804 0.999659240 112.978034973
0.998661578 -0.044961587 0.025565550 8.409731865 0.044957068 0.998988569 0.000751636 -12.721790314 -0.025573486 0.000398723 0.999672830 113.730903625
0.998743057 -0.044742212 0.022598386 8.454351425 0.044706088 0.998997927 0.002101825 -12.807229996 -0.022669779 -0.001088898 0.999742389 114.470924377
0.998858035 -0.044913542 0.016289920 8.490112305 0.044882592 0.998989761 0.002260434 -12.882030487 -0.016374981 -0.001526718 0.999864817 115.166305542
0.999040723 -0.043417130 0.005708052 8.518887520 0.043409575 0.999056339 0.001439634 -12.960018158 -0.005765168 -0.001190469 0.999982655 115.835685730
0.999157727 -0.040292736 -0.007775564 8.515160561 0.040279180 0.999186695 -0.001891518 -13.024317741 0.007845456 0.001576731 0.999967933 116.477470398
0.998865724 -0.039207425 -0.027020231 8.516412735 0.039108999 0.999226213 -0.004161933 -13.094401360 0.027162503 0.003100478 0.999626219 117.093345642
0.998071134 -0.037560850 -0.049431745 8.483696938 0.037292432 0.999284267 -0.006341534 -13.165211678 0.049634561 0.004485871 0.998757422 117.680961609
0.996371686 -0.035922050 -0.077156126 8.444454193 0.035380736 0.999338865 -0.008371720 -13.230388641 0.077405833 0.005611504 0.996983945 118.246482849
0.993465424 -0.033652835 -0.109060258 8.371155739 0.032687981 0.999409080 -0.010623211 -13.295178413 0.109353319 0.006988831 0.993978322 118.792366028
0.989120781 -0.029180057 -0.144182384 8.258050919 0.027752480 0.999543905 -0.011902949 -13.361069679 0.144463956 0.007772036 0.989479542 119.334739685
0.982813776 -0.023189675 -0.183137432 8.149085999 0.021505434 0.999706268 -0.011177527 -13.424254417 0.183342829 0.007046978 0.983023763 119.858062744
0.974296927 -0.018094294 -0.224539816 8.009000778 0.016455153 0.999822676 -0.009169306 -13.479694366 0.224665880 0.005238789 0.974421799 120.348739624
0.962953806 -0.013266868 -0.269339889 7.843072891 0.011663694 0.999903440 -0.007551761 -13.539460182 0.269414067 0.004130500 0.963015556 120.833404541
0.948640764 -0.007349621 -0.316270113 7.650192261 0.004984941 0.999953210 -0.008285200 -13.593589783 0.316316187 0.006283090 0.948633075 121.308738708
0.931386113 0.000512877 -0.364032507 7.417022705 -0.004043680 0.999951839 -0.008937060 -13.648472786 0.364010423 0.009795886 0.931343377 121.775970459
0.910278022 0.005036989 -0.413966864 7.170032501 -0.010009166 0.999901414 -0.009842901 -13.700506210 0.413876474 0.013103237 0.910238802 122.207855225
0.885082126 0.009700342 -0.465333730 6.898956299 -0.015390342 0.999845982 -0.008430220 -13.756924629 0.465180367 0.014623084 0.885095119 122.636001587
0.856093168 0.012751581 -0.516664028 6.614368439 -0.019715285 0.999773681 -0.007992474 -13.803152084 0.516445220 0.017028483 0.856150806 123.030509949
0.824428558 0.022461614 -0.565520287 6.287273407 -0.030624751 0.999518752 -0.004946088 -13.849169731 0.565136909 0.021396613 0.824719608 123.406005859
0.790263414 0.035260022 -0.611751914 5.940612793 -0.043478563 0.999053419 0.001417446 -13.892567635 0.611222744 0.025477936 0.791048408 123.765960693
0.754624128 0.044342671 -0.654657125 5.592357635 -0.055050191 0.998474836 0.004174441 -13.930333138 0.653843701 0.032888871 0.755914450 124.066329956
0.714695871 0.048091780 -0.697780013 5.227691650 -0.062109400 0.998055935 0.005172038 -13.977213860 0.696672142 0.039642263 0.716293573 124.363327026
0.672526062 0.049769573 -0.738398135 4.844429016 -0.064770050 0.997865975 0.008266300 -14.022227287 0.737233758 0.042266782 0.674314380 124.645004272
0.628789246 0.053268138 -0.775749028 4.434329987 -0.068272203 0.997579873 0.013161987 -14.054450989 0.774572670 0.044685978 0.630904198 124.912078857
0.583467603 0.061947245 -0.809770346 4.012367249 -0.079241157 0.996671557 0.019149140 -14.089341164 0.808261335 0.052994236 0.586434305 125.146308899
0.537956238 0.070916325 -0.839984417 3.573780060 -0.090899296 0.995525002 0.025832767 -14.114117622 0.838057458 0.062457107 0.541995168 125.349830627
0.491251498 0.076022297 -0.867693901 3.120624542 -0.096599549 0.994793713 0.032467470 -14.140247345 0.865644574 0.067869142 0.496037692 125.546363831
0.444288522 0.077628970 -0.892514110 2.662979126 -0.095962077 0.994630814 0.038741469 -14.166456223 0.890729487 0.068435110 0.449352562 125.720703125
0.396415621 0.078695588 -0.914692104 2.182212830 -0.092610888 0.994665027 0.045439702 -14.188560486 0.913388133 0.066697434 0.401588857 125.908782959
0.350607038 0.081345052 -0.932983220 1.694507599 -0.094363861 0.994219124 0.051222980 -14.208455086 0.931756556 0.070080750 0.356256247 126.051925659
0.306867272 0.084636450 -0.947981596 1.192424774 -0.100313954 0.993366420 0.056216214 -14.225037575 0.946451068 0.077844873 0.313321888 126.166740417
0.265720487 0.086111329 -0.960196555 0.662137985 -0.104890749 0.992672324 0.059996784 -14.242973328 0.958326936 0.084773369 0.272805601 126.270606995
0.225969911 0.082938328 -0.970597148 0.143306732 -0.104646303 0.992669940 0.060461204 -14.262996674 0.968497157 0.087906972 0.232992694 126.373535156
0.191190153 0.077857196 -0.978460312 -0.390043259 -0.099587165 0.993243754 0.059574302 -14.282931328 0.976487875 0.086052060 0.197652012 126.464958191
0.160504282 0.072746873 -0.984350681 -0.939544678 -0.097086444 0.993607819 0.057600483 -14.304526329 0.982248724 0.086321965 0.166541025 126.545005798
0.134325027 0.071159013 -0.988379061 -1.506570816 -0.098002151 0.993482471 0.058207508 -14.323993683 0.986079276 0.089044549 0.140423283 126.610588074
0.112272546 0.070230320 -0.991192460 -2.091198921 -0.099163681 0.993311644 0.059148185 -14.338260651 0.988717079 0.091649570 0.118485913 126.671447754
0.093303815 0.071620539 -0.993058383 -2.683992386 -0.100701340 0.992973387 0.062152926 -14.352788925 0.990531981 0.094203204 0.099860497 126.734962463
0.077551126 0.069901854 -0.994534969 -3.292980194 -0.101608068 0.992899120 0.061863769 -14.375807762 0.991797209 0.096255153 0.084103048 126.779502869
0.063249171 0.068888567 -0.995617330 -3.911854744 -0.099933669 0.993037939 0.062361546 -14.404998779 0.992981791 0.095551364 0.069693111 126.832817078
0.051211610 0.066254750 -0.996487737 -4.549398422 -0.095943347 0.993508160 0.061125923 -14.426644325 0.994068563 0.092476010 0.057235871 126.872467041
0.039298605 0.063772187 -0.997190416 -5.202786446 -0.093500488 0.993817389 0.059871681 -14.444275856 0.994843364 0.090884916 0.045018386 126.910232544
0.028347408 0.062625483 -0.997634351 -5.880482674 -0.093139552 0.993859112 0.059741970 -14.466993332 0.995249450 0.091225699 0.034006238 126.948646545
0.018416090 0.064033642 -0.997777700 -6.549249172 -0.096455827 0.993406117 0.061972782 -14.488901138 0.995166838 0.095100202 0.024471074 126.971397400
0.010127412 0.064026497 -0.997896731 -7.227057934 -0.099501327 0.993059576 0.062706329 -14.516057968 0.994985938 0.098657012 0.016427848 126.985031128
0.003539633 0.063216753 -0.997993469 -7.925613403 -0.101418562 0.992876709 0.062532902 -14.537652016 0.994837523 0.100993738 0.009925769 127.006111145
-0.001700121 0.064178415 -0.997936964 -8.622057915 -0.102150314 0.992707133 0.064016096 -14.556522369 0.994767547 0.102048412 0.004868123 127.022651672
-0.005133712 0.066555008 -0.997769475 -9.344511986 -0.104559153 0.992277682 0.066726662 -14.575715065 0.994505405 0.104668491 0.001864868 127.043952942
-0.005880033 0.070511125 -0.997493684 -10.078598022 -0.106549546 0.991788208 0.070735902 -14.600905418 0.994289935 0.106698409 0.001681181 127.045768738
-0.006885475 0.073665723 -0.997259200 -10.792250633 -0.108860575 0.991300464 0.073977195 -14.615491867 0.994033098 0.109071568 0.001193719 127.056594849
-0.007352417 0.079051316 -0.996843457 -11.530673027 -0.113579825 0.990353167 0.079374351 -14.622320175 0.993501604 0.113804884 0.001697144 127.063468933
-0.008588942 0.082997680 -0.996512711 -12.274620056 -0.116507865 0.989679158 0.083432719 -14.636726379 0.993152559 0.116818167 0.001169586 127.072143555
-0.009789139 0.083447307 -0.996464133 -13.021754265 -0.116979793 0.989573836 0.084019497 -14.654296875 0.993085980 0.117388628 0.000074573 127.088424683
-0.011422356 0.080479816 -0.996690750 -13.765238762 -0.114615701 0.990080833 0.081259608 -14.674030304 0.993344128 0.115164585 -0.002084804 127.110397339
-0.013028258 0.076970942 -0.996948302 -14.528047562 -0.118151791 0.989929438 0.077973060 -14.679564476 0.992910028 0.118807063 -0.003802802 127.122245789
-0.013950667 0.078613013 -0.996807635 -15.296130180 -0.123565048 0.989127755 0.079736680 -14.691379547 0.992238402 0.124282949 -0.004085171 127.120399475
-0.015480123 0.081615038 -0.996543705 -16.078975677 -0.120248966 0.989277422 0.082887866 -14.705899239 0.992623091 0.121116474 -0.005500011 127.137939453
-0.017727157 0.081861719 -0.996486008 -16.853490829 -0.119214721 0.989359796 0.083397076 -14.724061966 0.992710292 0.120274186 -0.007779417 127.154075623
-0.018179618 0.081101730 -0.996540010 -17.649902344 -0.122742966 0.988984644 0.082726017 -14.733615875 0.992272079 0.123822190 -0.008024697 127.146286011
-0.019871369 0.080501482 -0.996556401 -18.435564041 -0.126512021 0.988538742 0.082376458 -14.745088577 0.991766036 0.127713293 -0.009459214 127.170173645
-0.021005752 0.084815107 -0.996175349 -19.232992172 -0.128438324 0.987909913 0.086819686 -14.751806259 0.991495013 0.129770815 -0.009858279 127.177452087
-0.021973018 0.089933336 -0.995705485 -20.035812378 -0.127836421 0.987517774 0.092014872 -14.767822266 0.991551876 0.129309252 -0.010201987 127.194038391
-0.020969326 0.092062660 -0.995532393 -20.859687805 -0.128312886 0.987268865 0.094001174 -14.775157928 0.991512001 0.129710793 -0.008889536 127.206375122
-0.018811844 0.090822458 -0.995689392 -21.678070068 -0.127785027 0.987480104 0.092487916 -14.781593323 0.991623402 0.128974065 -0.006970570 127.214172363
-0.017568734 0.090619117 -0.995730639 -22.509702682 -0.127875537 0.987502158 0.092126511 -14.785206795 0.991634607 0.128948137 -0.005761194 127.224212646
-0.017852850 0.089804523 -0.995799303 -23.337011337 -0.125942022 0.987823367 0.091343135 -14.792360306 0.991876960 0.127043724 -0.006325298 127.252944946
-0.016827455 0.091700740 -0.995644391 -24.174839020 -0.126932070 0.987532675 0.093098924 -14.799513817 0.991768658 0.127945855 -0.004977897 127.269355774
-0.016622920 0.093824223 -0.995449960 -25.013553619 -0.128560334 0.987123013 0.095186174 -14.802332878 0.991562426 0.129557654 -0.004346795 127.290191650
-0.016467381 0.096376702 -0.995208800 -25.876913071 -0.131266758 0.986520410 0.097707339 -14.803770065 0.991210282 0.132246807 -0.003594350 127.301246643
-0.014876248 0.097467653 -0.995127439 -26.739877701 -0.133457497 0.986139238 0.098582357 -14.801595688 0.990942895 0.134273753 -0.001662262 127.312805176
-0.013092219 0.100583598 -0.994842410 -27.609796524 -0.140171111 0.984918773 0.101424925 -14.802282333 0.990040779 0.140776053 0.001204144 127.326675415
-0.010836245 0.104617871 -0.994453430 -28.490413666 -0.145065159 0.983826280 0.105080619 -14.799314499 0.989362776 0.145399228 0.004515426 127.342025757
-0.008679952 0.106539771 -0.994270563 -29.365053177 -0.147711992 0.983263373 0.106649838 -14.795099258 0.988992393 0.147791371 0.007202524 127.371444702
-0.004914370 0.107231684 -0.994222045 -30.260139465 -0.146214098 0.983471572 0.106794938 -14.794605255 0.989240766 0.145894065 0.010845643 127.394805908
-0.002199962 0.107031256 -0.994253218 -31.152988434 -0.148775443 0.983155429 0.106165774 -14.788309097 0.988868535 0.148154035 0.013760719 127.422073364
0.000045712 0.110842146 -0.993838072 -32.052371979 -0.149254784 0.982706606 0.109593786 -14.781383514 0.988798738 0.148330078 0.016588639 127.455360413
0.002426528 0.113009930 -0.993590891 -32.967605591 -0.148442417 0.982626498 0.111400329 -14.776573181 0.988918066 0.147220686 0.019159833 127.493392944
0.004233148 0.114152871 -0.993454158 -33.860546112 -0.149044484 0.982438385 0.112252019 -14.772936821 0.988821387 0.147593677 0.021172659 127.534027100
0.006746324 0.112413138 -0.993638635 -34.765106201 -0.150372654 0.982476234 0.110129349 -14.766783714 0.988606334 0.148673117 0.023531962 127.564041138
0.007104349 0.113645546 -0.993495882 -35.676937103 -0.154877469 0.981657326 0.111183830 -14.757015228 0.987908125 0.153080240 0.024575168 127.604003906
0.008021623 0.114236265 -0.993421137 -36.570224762 -0.155550197 0.981502652 0.111609668 -14.752934456 0.987795293 0.153631568 0.025642719 127.642547607
0.008484431 0.110678039 -0.993820131 -37.466720581 -0.155820832 0.981861591 0.108016007 -14.750905037 0.987748861 0.153941408 0.025576480 127.676643372
0.009044603 0.106644891 -0.994255960 -38.369773865 -0.157026380 0.982112348 0.103913888 -14.753423691 0.987553120 0.155184552 0.025628872 127.721878052
0.009466113 0.105840355 -0.994338036 -39.266143799 -0.156634137 0.982264578 0.103064030 -14.748788834 0.987611413 0.154771701 0.025876433 127.764167786
0.009523300 0.109836780 -0.993903995 -40.171096802 -0.159277484 0.981425643 0.106931619 -14.741992950 0.987187982 0.157288194 0.026840935 127.799873352
0.010024379 0.116298214 -0.993163764 -41.100353241 -0.160199225 0.980571508 0.113206729 -14.732210159 0.987033725 0.157969207 0.028460503 127.833984375
0.010111351 0.114867441 -0.993329406 -41.995239258 -0.157913804 0.981098294 0.111845613 -14.732105255 0.987401128 0.155729517 0.028059386 127.880226135
0.010969084 0.104786485 -0.994434237 -42.886211395 -0.157080010 0.982327461 0.101778075 -14.741625786 0.987524927 0.155089349 0.027235094 127.922546387
0.011488639 0.094018377 -0.995504200 -43.816432953 -0.159052521 0.983066499 0.091008164 -14.742191315 0.987203181 0.157291934 0.026247956 127.960357666
0.010430559 0.091071680 -0.995789707 -44.718441010 -0.155798748 0.983830094 0.088345960 -14.751527786 0.987733662 0.154221311 0.024450751 128.006622314
0.010195071 0.100886263 -0.994845748 -45.637229919 -0.148428425 0.984028637 0.098268211 -14.752763748 0.988870680 0.146661550 0.025006628 128.057067871
0.010426000 0.114299089 -0.993391812 -46.585903168 -0.143746793 0.983298421 0.111629099 -14.753315926 0.989559710 0.141633004 0.026681997 128.113586426
0.010671792 0.123261131 -0.992316902 -47.508159637 -0.144020066 0.982215881 0.120457597 -14.744293213 0.989517272 0.141628057 0.028234081 128.158340454
0.010468309 0.117602721 -0.993005633 -48.424457550 -0.144263431 0.982848346 0.114878967 -14.742499352 0.989483953 0.142051816 0.027254531 128.199264526
0.010574761 0.104281373 -0.994491756 -49.340744019 -0.144321755 0.984293103 0.101677366 -14.746193886 0.989474297 0.142451569 0.025458740 128.240447998
0.011114671 0.095458239 -0.995371461 -50.254398346 -0.144820914 0.985091329 0.092855230 -14.746650696 0.989395440 0.143118545 0.024773315 128.283950806
0.011526075 0.095566049 -0.995356381 -51.180007935 -0.144174561 0.985180020 0.092919454 -14.757501602 0.989485145 0.142434090 0.025133451 128.331130981
0.010959882 0.096965656 -0.995227337 -52.124462128 -0.147172287 0.984604478 0.094309926 -14.772572517 0.989050269 0.145436242 0.025061803 128.372192383
0.011440373 0.096510500 -0.995266259 -53.052383423 -0.151697174 0.983978510 0.093672201 -14.775842667 0.988360763 0.149907410 0.025897449 128.406021118
0.011709290 0.096057579 -0.995306849 -53.989696503 -0.153482854 0.983752251 0.093136802 -14.780918121 0.988081932 0.151671946 0.026262229 128.448944092
0.012678383 0.103699371 -0.994527876 -54.956474304 -0.162382096 0.981618643 0.100283287 -14.783826828 0.986646473 0.160222113 0.029284267 128.488998413
0.014243014 0.112927273 -0.993501127 -55.895927429 -0.167795002 0.979781628 0.108962275 -14.775211334 0.985718966 0.165152565 0.032903671 128.526489258
0.015506678 0.121423930 -0.992479622 -56.853393555 -0.168307334 0.978752613 0.117114864 -14.770818710 0.985612571 0.165225521 0.035613738 128.568481445
0.016574943 0.121814936 -0.992414415 -57.812942505 -0.170198649 0.978408933 0.117253229 -14.758174896 0.985270321 0.166964158 0.036949806 128.616394043
0.017935362 0.112305410 -0.993511796 -58.759948730 -0.171675578 0.979260266 0.107595280 -14.758405685 0.984990239 0.168631941 0.036843482 128.663604736
0.019279005 0.107274294 -0.994042516 -59.697593689 -0.170042738 0.980094492 0.102471158 -14.752841949 0.985248148 0.167054176 0.037136458 128.716964722
0.021018710 0.105765618 -0.994168997 -60.669811249 -0.168406785 0.980554581 0.100756787 -14.753831863 0.985493422 0.165307000 0.038421638 128.774658203
0.024425825 0.111547306 -0.993458927 -61.630744934 -0.170253322 0.979702294 0.105816737 -14.751874924 0.985097528 0.166555032 0.042921335 128.832077026
0.028108569 0.113941737 -0.993089736 -62.599006653 -0.172897041 0.979062498 0.107438639 -14.754169464 0.984538734 0.168682337 0.047220238 128.884582520
0.031890914 0.108903684 -0.993540645 -63.554618835 -0.171910748 0.979829848 0.101882808 -14.755226135 0.984596133 0.167551145 0.049969379 128.946472168
0.035029002 0.102793820 -0.994085729 -64.508224487 -0.171802297 0.980507493 0.095335886 -14.757781982 0.984508336 0.167446718 0.052006409 129.014892578
0.038881384 0.103016227 -0.993919492 -65.469856262 -0.169488445 0.980938792 0.095040560 -14.761968613 0.984764934 0.164762557 0.055600315 129.080856323
0.041037399 0.107001841 -0.993411481 -66.429328918 -0.166780666 0.981033623 0.098778956 -14.772726059 0.985139608 0.161628217 0.058104891 129.165130615
0.044275280 0.113731273 -0.992524445 -67.385719299 -0.166114122 0.980506480 0.104943998 -14.774524689 0.985112071 0.160225898 0.062304564 129.246246338
0.046871904 0.117743202 -0.991937160 -68.353866577 -0.164005712 0.980459750 0.108631074 -14.779451370 0.985345185 0.157591626 0.065266579 129.330123901
0.048780434 0.119401649 -0.991646945 -69.332534790 -0.163648576 0.980367601 0.109993443 -14.780619621 0.985311925 0.156916067 0.067362659 129.410812378
0.051481012 0.116590187 -0.991844952 -70.270568848 -0.162374750 0.980923772 0.106878452 -14.778391838 0.985385239 0.155548364 0.069430239 129.480209351
0.052138127 0.115290828 -0.991962492 -71.215972900 -0.160333291 0.981394231 0.105635293 -14.782883644 0.985684931 0.153537005 0.069653019 129.568099976
0.052909516 0.111950189 -0.992304146 -72.160583496 -0.157393858 0.982210517 0.102419198 -14.793366432 0.986117482 0.150763661 0.069588557 129.654861450
0.052441001 0.111148760 -0.992419183 -73.153076172 -0.155778289 0.982531369 0.101809785 -14.782800674 0.986399055 0.149258330 0.068839490 129.739578247
0.052233756 0.115912840 -0.991885006 -74.106620789 -0.152484432 0.982519507 0.106788397 -14.785446167 0.986924589 0.145669058 0.068995602 129.825057983
0.051658496 0.117716663 -0.991702557 -75.066574097 -0.146422043 0.983189821 0.109078951 -14.791042328 0.987872422 0.139572263 0.068026431 129.922592163
0.050834186 0.112990312 -0.992294848 -76.024681091 -0.143642411 0.984076083 0.104695812 -14.778343201 0.988323271 0.137213498 0.066254914 130.006759644
0.049537774 0.109382354 -0.992764533 -76.996322632 -0.145972356 0.984104633 0.101144359 -14.783465385 0.988047540 0.139905766 0.064717151 130.079437256
0.048191831 0.106695443 -0.993123174 -77.945808411 -0.142443180 0.984850109 0.098894499 -14.787194252 0.988629103 0.136697724 0.062659763 130.162918091
0.047269356 0.107361816 -0.993095756 -78.911460876 -0.142741665 0.984729409 0.099663146 -14.787196159 0.988630593 0.137045115 0.061872523 130.229736328
0.046330191 0.108648017 -0.993000090 -79.868782043 -0.144095197 0.984397650 0.100983784 -14.792160988 0.988478661 0.138407931 0.061262995 130.305297852
0.044828847 0.108853623 -0.993046463 -80.822479248 -0.145571679 0.984147131 0.101306625 -14.794678688 0.988331497 0.140017986 0.059964191 130.380264282
0.043346278 0.109775282 -0.993010819 -81.773612976 -0.145422176 0.984052300 0.102437057 -14.798331261 0.988419652 0.139965564 0.058618769 130.449600220
0.041356295 0.109837003 -0.993088841 -82.737487793 -0.145476922 0.984009147 0.102774493 -14.798521042 0.988496900 0.140221104 0.056673713 130.519561768
0.039770048 0.112186521 -0.992890954 -83.689468384 -0.145248100 0.983771741 0.105338231 -14.792457581 0.988595545 0.140026242 0.055419538 130.593505859
0.038351506 0.116054356 -0.992502213 -84.643730164 -0.146685079 0.983127177 0.109290041 -14.786347389 0.988439500 0.141393825 0.054727860 130.652038574
0.036440402 0.120894179 -0.991996348 -85.592903137 -0.147831947 0.982386231 0.114292495 -14.776728630 0.988340974 0.142483890 0.053670578 130.715911865
0.033823602 0.120549731 -0.992130995 -86.540702820 -0.147766829 0.982391953 0.114328749 -14.772591591 0.988443613 0.142737001 0.051041294 130.784393311
0.032762710 0.115582645 -0.992757320 -87.485755920 -0.147873700 0.982919574 0.109557144 -14.769537926 0.988463461 0.143213332 0.049294740 130.845199585
0.030430689 0.110595219 -0.993399680 -88.433509827 -0.152152956 0.982789993 0.104753189 -14.757633209 0.987888396 0.147960931 0.046734367 130.905471802
0.029249936 0.108533509 -0.993662417 -89.376541138 -0.150018498 0.983304739 0.102986172 -14.756532669 0.988250434 0.146055415 0.045043640 130.970291138
0.028661879 0.109939925 -0.993524909 -90.342010498 -0.145423472 0.983817101 0.104670420 -14.759671211 0.988954246 0.141481787 0.044185892 131.024047852
0.028186578 0.111185133 -0.993399978 -91.290702820 -0.142353117 0.984112263 0.106106520 -14.758075714 0.989414573 0.138422787 0.043566301 131.085098267
0.026887098 0.111074440 -0.993448317 -92.242996216 -0.137142420 0.984820485 0.106398098 -14.760666847 0.990186393 0.133383200 0.041711982 131.152786255
0.025554145 0.108194336 -0.993801236 -93.184791565 -0.133182287 0.985632420 0.103880420 -14.764175415 0.990762055 0.129702136 0.039596565 131.217315674
0.025003647 0.105081677 -0.994149148 -94.129737854 -0.128112048 0.986597121 0.101061299 -14.769003868 0.991444588 0.124835566 0.038130756 131.278579712
0.023086745 0.107615396 -0.993924499 -95.112731934 -0.126393139 0.986526251 0.103878528 -14.771873474 0.991711497 0.123227030 0.036377531 131.334197998
0.021675199 0.109925002 -0.993703485 -96.061271667 -0.125737131 0.986344755 0.106368296 -14.770447731 0.991826713 0.122639909 0.035200879 131.392166138
0.020404998 0.107712746 -0.993972659 -97.019622803 -0.121601492 0.987066090 0.104467973 -14.767262459 0.992369235 0.118736900 0.033239111 131.441207886
0.018452298 0.104731120 -0.994329393 -97.969589233 -0.118720494 0.987692416 0.101828888 -14.767131805 0.992756248 0.116168320 0.030658927 131.490158081
0.014596350 0.102818929 -0.994592965 -98.935340881 -0.117754281 0.987954021 0.100404471 -14.775513649 0.992935419 0.115652047 0.026527887 131.544891357
0.011977759 0.101818308 -0.994730890 -99.890335083 -0.112227701 0.988653600 0.099844888 -14.783612251 0.993610322 0.110440433 0.023268690 131.593399048
0.009728573 0.101908274 -0.994746208 -100.848716736 -0.105460808 0.989349782 0.100324035 -14.778963089 0.994375825 0.103930719 0.020372292 131.636642456
0.007025343 0.110308558 -0.993872523 -101.810508728 -0.096161045 0.989365458 0.109128579 -14.788192749 0.995341122 0.094805144 0.017558012 131.701141357
0.004475718 0.118646905 -0.992926478 -102.768470764 -0.088067800 0.989125013 0.117795676 -14.784947395 0.996104479 0.086917624 0.014876014 131.755065918
0.001815263 0.117936946 -0.993019402 -103.721366882 -0.083907545 0.989537060 0.117369987 -14.776687622 0.996471882 0.083108746 0.011692068 131.798385620
-0.001337170 0.108427010 -0.994103491 -104.671981812 -0.085041434 0.990490854 0.108147353 -14.782648087 0.996376634 0.084684588 0.007896332 131.834701538
-0.003389841 0.099217057 -0.995059967 -105.619728088 -0.086932354 0.991269350 0.099135257 -14.781872749 0.996208489 0.086838961 0.005264927 131.870376587
-0.003933784 0.100693338 -0.994909763 -106.577217102 -0.094251543 0.990451038 0.100614756 -14.782467842 0.995540679 0.094167568 0.005594282 131.891067505
-0.004822259 0.109638661 -0.993959785 -107.540748596 -0.097360224 0.989197612 0.109585717 -14.768136978 0.995237529 0.097300597 0.005904276 131.926589966
-0.006347111 0.120977506 -0.992634952 -108.503669739 -0.101340041 0.987466455 0.120995596 -14.755794525 0.994831622 0.101361632 0.005992305 131.954818726
-0.007729260 0.122576423 -0.992428958 -109.449325562 -0.108190402 0.986530304 0.122690469 -14.742841721 0.994100153 0.108319595 0.005636444 131.982528687
-0.007590053 0.119475640 -0.992808044 -110.431991577 -0.115402564 0.986098289 0.119550437 -14.724722862 0.993289828 0.115479976 0.006303256 132.001953125
-0.007874505 0.115521178 -0.993273795 -111.386062622 -0.123578519 0.985577822 0.115605824 -14.711719513 0.992303550 0.123657636 0.006515000 132.025543213
-0.005499805 0.117564805 -0.993049979 -112.354957581 -0.128140524 0.984795034 0.117297210 -14.692305565 0.991740763 0.127895057 0.009648634 132.046279907
-0.003845455 0.118606843 -0.992933869 -113.339530945 -0.136296555 0.983612835 0.118021309 -14.672061920 0.990660548 0.135787293 0.012383270 132.067642212
-0.003393551 0.121229790 -0.992618680 -114.302734375 -0.145444021 0.982009351 0.120431289 -14.654674530 0.989360690 0.144779131 0.014299646 132.088455200
-0.003208251 0.123503551 -0.992338955 -115.277877808 -0.150867477 0.980925798 0.122570843 -14.633519173 0.988548815 0.150104895 0.015485611 132.114929199
-0.003032013 0.123134144 -0.992385387 -116.257667542 -0.155069992 0.980327487 0.122111782 -14.622346878 0.987898827 0.154259428 0.016122047 132.154571533
-0.001458680 0.113637857 -0.993521214 -117.212249756 -0.153947845 0.981652856 0.112506405 -14.623807907 0.988077939 0.153114527 0.016062386 132.186218262
0.000054154 0.101913132 -0.994793296 -118.165275574 -0.157217681 0.982422829 0.100637279 -14.612634659 0.987563908 0.156393647 0.016075753 132.221527100
