1.000000000 0.000000000 0.000000000 0.000000000 0.000000000 1.000000000 0.000000000 0.000000000 0.000000000 0.000000000 1.000000000 0.000000000
0.999997735 -0.001676631 -0.001325348 0.048892889 0.001673758 0.999996245 -0.002166054 -0.132913634 0.001328974 0.002163831 0.999996781 1.298207283
0.999997616 -0.000045450 -0.002168023 0.103570357 0.000031573 0.999979496 -0.006400127 -0.267664820 0.002168270 0.006400043 0.999977171 2.603972673
0.999996126 0.002421620 -0.001377340 0.147534013 -0.002432502 0.999965370 -0.007955275 -0.405577838 0.001358028 0.007958596 0.999967337 3.908493280
0.999983668 0.005707825 0.000130364 0.192414522 -0.005706823 0.999961257 -0.006694689 -0.543805599 -0.000168571 0.006693836 0.999977529 5.222502708
0.999975979 0.006495287 0.002411203 0.242185041 -0.006487026 0.999973118 -0.003418385 -0.688240349 -0.002433341 0.003402662 0.999991179 6.542148113
0.999960840 0.006752458 0.005715398 0.298585534 -0.006740855 0.999975204 -0.002046982 -0.825307608 -0.005729078 0.002008375 0.999981523 7.845010757
0.999944687 0.005256257 0.009100345 0.354532957 -0.005237724 0.999984264 -0.002059179 -0.959727824 -0.009111026 0.002011400 0.999956429 9.151779175
0.999915183 0.003922660 0.012413480 0.432600886 -0.003899744 0.999990702 -0.001869664 -1.097380519 -0.012420697 0.001821097 0.999921203 10.451597214
0.999871254 0.002734048 0.015808379 0.494929075 -0.002693822 0.999993086 -0.002565373 -1.236807823 -0.015815280 0.002522458 0.999871731 11.760409355
0.999816120 0.001644948 0.019104216 0.571595967 -0.001580980 0.999993145 -0.003362940 -1.373087883 -0.019109616 0.003332118 0.999811828 13.052744865
0.999748707 0.001558628 0.022363683 0.642736793 -0.001481968 0.999992967 -0.003444036 -1.520304799 -0.022368891 0.003410028 0.999743938 14.375894547
0.999669969 0.001530529 0.025644956 0.729637027 -0.001416874 0.999989092 -0.004449444 -1.659435630 -0.025651487 0.004411640 0.999661148 15.670775414
0.999576688 0.002315633 0.029001744 0.804827571 -0.002186694 0.999987602 -0.004476847 -1.795655012 -0.029011749 0.004411534 0.999569356 16.974859238
0.999478281 0.001984062 0.032236487 0.895024419 -0.001850916 0.999989688 -0.004159596 -1.933833480 -0.032244403 0.004097759 0.999471605 18.260869980
0.999404371 0.000443494 0.034507256 0.993115187 -0.000310401 0.999992490 -0.003862225 -2.077054024 -0.034508701 0.003849213 0.999396980 19.570730209
0.999347150 -0.002148231 0.036064688 1.092299223 0.002339411 0.999983430 -0.005259654 -2.217503548 -0.036052797 0.005340591 0.999335647 20.844991684
0.999305964 -0.001902739 0.037201587 1.192305565 0.002156772 0.999974728 -0.006789639 -2.362980843 -0.037187718 0.006865163 0.999284685 22.161390305
0.999258339 -0.002039090 0.038451888 1.277658105 0.002400026 0.999953449 -0.009342856 -2.506063223 -0.038431045 0.009428212 0.999216795 23.443393707
0.999221623 -0.001434472 0.039420605 1.378053904 0.001866276 0.999938667 -0.010919147 -2.649966955 -0.039402526 0.010984219 0.999163032 24.738609314
0.999177337 -0.000740445 0.040547647 1.477161050 0.001208053 0.999933124 -0.011509021 -2.797205448 -0.040536411 0.011548540 0.999111354 26.010181427
0.999164701 -0.002394891 0.040793836 1.579879045 0.002825245 0.999940872 -0.010495098 -2.943740606 -0.040766288 0.010601585 0.999112427 27.309518814
0.999158502 -0.005276476 0.040673751 1.681260109 0.005655272 0.999941707 -0.009203593 -3.093413591 -0.040622812 0.009425871 0.999130070 28.590757370
0.999185741 -0.006952990 0.039740957 1.785565376 0.007348131 0.999924898 -0.009805519 -3.237307072 -0.039669793 0.010089557 0.999161839 29.883106232
0.999203742 -0.008663945 0.038944982 1.890824318 0.009150370 0.999882102 -0.012329221 -3.382405043 -0.038833573 0.012675766 0.999165297 31.149753571
0.999228418 -0.008715043 0.038295783 1.995255232 0.009198139 0.999880075 -0.012456842 -3.534149408 -0.038182631 0.012799481 0.999188781 32.437602997
0.999251544 -0.009305669 0.037546940 2.097044468 0.009798381 0.999867976 -0.012959945 -3.676818609 -0.037421383 0.013318145 0.999210775 33.707546234
0.999257565 -0.009848000 0.037246175 2.186378241 0.010335394 0.999863148 -0.012915895 -3.823029757 -0.037113890 0.013291260 0.999222636 34.973705292
0.999256313 -0.010195364 0.037187528 2.271466732 0.010705259 0.999850988 -0.013538138 -3.966552019 -0.037043963 0.013926171 0.999216557 36.224864960
0.999306679 -0.010944339 0.035585333 2.390217304 0.011435012 0.999841869 -0.013614391 -4.125472069 -0.035430703 0.014011871 0.999273896 37.520870209
0.999302149 -0.010569762 0.035827667 2.476938248 0.010998619 0.999869823 -0.011794037 -4.271802902 -0.035698351 0.012179859 0.999288380 38.782386780
0.999271214 -0.010517243 0.036693528 2.585417747 0.010918509 0.999882579 -0.010752409 -4.412485123 -0.036576126 0.011145211 0.999268711 40.049037933
0.999209344 -0.012291463 0.037811231 2.705723286 0.012647396 0.999877810 -0.009188650 -4.554168224 -0.037693672 0.009659599 0.999242604 41.302326202
0.999081016 -0.013409435 0.040709373 2.790895462 0.013837770 0.999851644 -0.010258242 -4.701050282 -0.040565781 0.010812143 0.999118388 42.559612274
0.998954713 -0.014724645 0.043274827 2.885109186 0.015319165 0.999792397 -0.013438864 -4.849592209 -0.043067966 0.014087750 0.998972893 43.807891846
0.998852909 -0.015703835 0.045238748 2.989929199 0.016383538 0.999757826 -0.014693376 -4.991676807 -0.044997051 0.015417690 0.998868108 45.067127228
0.998726010 -0.016046697 0.047841847 3.111733675 0.016706677 0.999770284 -0.013427228 -5.126541615 -0.047615398 0.014209401 0.998764634 46.298709869
0.998516917 -0.017126847 0.051678605 3.213720798 0.017665539 0.999794066 -0.009984996 -5.283193111 -0.051496953 0.010883117 0.998613834 47.566692352
0.998241782 -0.020093558 0.055764068 3.324013233 0.020574572 0.999755800 -0.008065173 -5.421580315 -0.055588394 0.009198315 0.998411357 48.783386230
0.998007417 -0.022052258 0.059117675 3.459805965 0.022585142 0.999709964 -0.008360908 -5.563423634 -0.058916144 0.009679430 0.998216033 50.040664673
0.997727394 -0.025324851 0.062439051 3.603191614 0.026140032 0.999582946 -0.012273403 -5.697032928 -0.062102187 0.013877671 0.997973323 51.271759033
0.997455597 -0.026406731 0.066219240 3.739532948 0.027284879 0.999550819 -0.012391894 -5.832008839 -0.065862276 0.014167150 0.997728169 52.506278992
0.997107327 -0.028953498 0.070274428 3.871405125 0.029718334 0.999509692 -0.009862348 -5.973577023 -0.069954433 0.011922260 0.997478962 53.725212097
0.996833384 -0.031684134 0.072933763 4.033812046 0.032237276 0.999459624 -0.006419205 -6.106097698 -0.072690971 0.008750063 0.997316182 54.916286469
0.996545017 -0.033850908 0.075844653 4.155570507 0.034332264 0.999397695 -0.005051366 -6.238426208 -0.075627975 0.007637832 0.997106850 56.166721344
0.996342242 -0.036875401 0.077086516 4.307926655 0.037114080 0.999309599 -0.001665358 -6.366397381 -0.076971881 0.004520262 0.997022986 57.372833252
0.996186018 -0.039638367 0.077730820 4.450991154 0.039792087 0.999207914 -0.000429058 -6.492245197 -0.077652231 0.003520493 0.996974289 58.591651917
0.996157944 -0.041411776 0.077165022 4.598216534 0.041822229 0.999118149 -0.003710042 -6.616515636 -0.076943345 0.006923000 0.997011483 59.780750275
0.996157885 -0.042730033 0.076443762 4.748521328 0.043458331 0.999024093 -0.007888599 -6.748244762 -0.076032095 0.011180409 0.997042716 60.990554810
0.996173382 -0.044037856 0.075494356 4.885760307 0.045048475 0.998915851 -0.011735655 -6.879221916 -0.074895695 0.015091654 0.997077167 62.170005798
0.996174693 -0.046124324 0.074219525 5.020070553 0.047305308 0.998778999 -0.014232774 -7.012297630 -0.073472440 0.017689303 0.997140288 63.386455536
0.996333897 -0.046079177 0.072081514 5.160073757 0.047228646 0.998781383 -0.014323488 -7.143869400 -0.071333662 0.017675282 0.997295916 64.562469482
0.996559858 -0.045374431 0.069352806 5.293618202 0.046439789 0.998825371 -0.013826140 -7.289541721 -0.068643995 0.016999302 0.997496367 65.783668518
0.996816754 -0.044593986 0.066087991 5.419011593 0.045476571 0.998894453 -0.011910325 -7.421326160 -0.065483771 0.014877865 0.997742653 66.959739685
0.997194648 -0.040590435 0.062890097 5.532066822 0.041171137 0.999120355 -0.007964774 -7.558146477 -0.062511481 0.010531686 0.997988641 68.150482178
0.997472465 -0.038792826 0.059529610 5.651593685 0.039183389 0.999217331 -0.005407135 -7.689211845 -0.059273265 0.007726040 0.998211861 69.323165894
0.997669697 -0.037424121 0.057050079 5.757406235 0.037984852 0.999239683 -0.008775807 -7.820008278 -0.056678284 0.010922395 0.998332858 70.503089905
0.997873962 -0.037912577 0.053008493 5.873522282 0.038800828 0.999121547 -0.015828913 -7.957771301 -0.052361812 0.017852036 0.998468518 71.690757751
0.997891068 -0.041919082 0.049560275 5.983571053 0.042886376 0.998906493 -0.018617462 -8.095252991 -0.048725657 0.020703662 0.998597622 72.863403320
0.997927010 -0.045815490 0.045195315 6.094487190 0.046482407 0.998823524 -0.013816696 -8.231386185 -0.044509120 0.015888842 0.998882532 74.030715942
0.997931957 -0.049688041 0.040780678 6.202169418 0.050092630 0.998704374 -0.008959264 -8.358000755 -0.040282674 0.010983545 0.999127924 75.187896729
0.998009264 -0.051421836 0.036513761 6.294843674 0.051679298 0.998644769 -0.006141989 -8.485925674 -0.036148444 0.008016766 0.999314368 76.376007080
0.998186588 -0.050645828 0.032535307 6.384548187 0.050797008 0.998701572 -0.003836244 -8.610368729 -0.032298781 0.005481983 0.999463141 77.535110474
0.998324156 -0.050324038 0.028571229 6.479746342 0.050442901 0.998720884 -0.003454377 -8.731942177 -0.028360849 0.004889802 0.999585748 78.690322876
0.998475254 -0.048923917 0.025565388 6.547676086 0.049077660 0.998780251 -0.005421129 -8.862030029 -0.025268979 0.006667552 0.999658406 79.858055115
0.998658180 -0.046738036 0.022300115 6.625434399 0.046984561 0.998838723 -0.010662433 -8.988784790 -0.021775879 0.011695890 0.999694467 81.001945496
0.998583078 -0.050022766 0.018153068 6.714275837 0.050304178 0.998615324 -0.015391288 -9.128014565 -0.017358016 0.016282655 0.999716759 82.163978577
0.998436570 -0.053631119 0.015752651 6.769021988 0.053889241 0.998411417 -0.016446039 -9.257052422 -0.014845608 0.017269224 0.999740660 83.294670105
0.998473883 -0.053905189 0.012006856 6.838029861 0.054061435 0.998451829 -0.013092831 -9.385675430 -0.011282495 0.013721959 0.999842227 84.432151794
0.998474240 -0.054409511 0.009414766 6.904335022 0.054508958 0.998456538 -0.010650949 -9.515495300 -0.008820722 0.011147887 0.999898911 85.567916870
0.998626411 -0.051702056 0.008498158 6.948887348 0.051802222 0.998584986 -0.012022584 -9.647184372 -0.007864540 0.012446295 0.999891639 86.714904785
0.998811245 -0.048094980 0.007934297 7.004408360 0.048212957 0.998718083 -0.015417061 -9.773679733 -0.007182644 0.015781267 0.999849737 87.834564209
0.998897314 -0.046468731 0.006689095 7.067668438 0.046584774 0.998745143 -0.018387236 -9.898660660 -0.005826270 0.018678568 0.999808609 88.931869507
0.998813212 -0.048265886 0.006526793 7.105042934 0.048380841 0.998652399 -0.018780900 -10.040825844 -0.005611521 0.019074384 0.999802291 90.100822449
0.998770058 -0.049325321 0.005043975 7.160326004 0.049400635 0.998649478 -0.016091587 -10.172724724 -0.004243441 0.016320968 0.999857783 91.216621399
0.998716772 -0.050448846 0.004445001 7.210960388 0.050504528 0.998633087 -0.013460019 -10.303395271 -0.003759884 0.013667239 0.999899507 92.330039978
0.998729825 -0.050267234 0.003462701 7.276750565 0.050308015 0.998650193 -0.012916633 -10.425517082 -0.002808743 0.013074429 0.999910533 93.459785461
0.998701274 -0.050822917 0.003591919 7.324015617 0.050871681 0.998590767 -0.015123494 -10.553181648 -0.002818237 0.015286582 0.999879122 94.568901062
0.998694301 -0.051020138 0.002628215 7.390274048 0.051061068 0.998513699 -0.019053441 -10.683531761 -0.001652200 0.019162759 0.999814987 95.681503296
0.998686850 -0.051138852 0.003060942 7.433623314 0.051189903 0.998489678 -0.019947959 -10.823516846 -0.002036204 0.020078454 0.999796331 96.795799255
0.998646915 -0.051923439 0.002865655 7.491533279 0.051966961 0.998484612 -0.018110178 -10.957631111 -0.001920969 0.018234594 0.999831915 97.880096436
0.998696506 -0.050894428 0.003880431 7.535601139 0.050941579 0.998614192 -0.013210702 -11.077824593 -0.003202703 0.013391158 0.999905229 98.965393066
0.998774290 -0.049210656 0.005316367 7.586849213 0.049260739 0.998738468 -0.009739604 -11.198832512 -0.004830368 0.009989554 0.999938488 100.031394958
0.998881638 -0.046705388 0.007354119 7.632738113 0.046776120 0.998857737 -0.009758079 -11.320116997 -0.006889964 0.010091161 0.999925375 101.100532532
0.998942375 -0.044975735 0.009551202 7.683095455 0.045084022 0.998917580 -0.011441967 -11.442575455 -0.009026253 0.011860472 0.999888957 102.134056091
0.998890400 -0.045439463 0.012374179 7.734720707 0.045607410 0.998866141 -0.013645698 -11.565420151 -0.011740096 0.014194913 0.999830306 103.149520874
0.998802781 -0.046845324 0.014083445 7.788355827 0.047054112 0.998781502 -0.014878540 -11.680989265 -0.013369292 0.015523415 0.999790132 104.176994324
0.998684347 -0.048722215 0.015991066 7.852071762 0.048947159 0.998703301 -0.013990621 -11.796709061 -0.015288676 0.014754931 0.999774277 105.158363342
0.998654544 -0.048724074 0.017745769 7.910631657 0.048955090 0.998718619 -0.012824461 -11.914878845 -0.017098166 0.013675953 0.999760330 106.138381958
0.998574555 -0.049952608 0.018811569 7.985213280 0.050165266 0.998680234 -0.011006937 -12.026644707 -0.018236918 0.011934932 0.999762475 107.080978394
0.998500943 -0.050611436 0.020840272 8.043871880 0.050855406 0.998641610 -0.011347410 -12.135317802 -0.020237653 0.012390241 0.999718487 107.998146057
0.998476565 -0.050456926 0.022330232 8.110328674 0.050683212 0.998667955 -0.009686103 -12.235849380 -0.021811752 0.010803116 0.999703646 108.910217285
0.998476744 -0.049527619 0.024311747 8.169703484 0.049723629 0.998734713 -0.007524710 -12.334361076 -0.023908302 0.008722113 0.999676168 109.778419495
0.998450816 -0.049425412 0.025552856 8.234910011 0.049554911 0.998761415 -0.004459447 -12.435923576 -0.025300791 0.005718809 0.999663532 110.643653870
0.998388529 -0.049815435 0.027174458 8.297569275 0.049948156 0.998742759 -0.004227064 -12.529902458 -0.026929721 0.005577568 0.999621809 111.470382690
0.998408198 -0.048823573 0.028236847 8.352844238 0.048940983 0.998795569 -0.003481628 -12.621262550 -0.028032858 0.004858026 0.999595225 112.284851074
0.998506188 -0.046629313 0.028478852 8.410979271 0.046740271 0.998901844 -0.003242632 -12.701701164 -0.028296376 0.004568898 0.999589205 113.064170837
0.998639047 -0.043950938 0.028076356 8.458566666 0.043969799 0.999032795 -0.000054259 -12.783241272 -0.028046815 0.001288696 0.999605775 113.826484680
0.998713911 -0.044064440 0.025077403 8.504528999 0.044051196 0.999028683 0.001080535 -12.868902206 -0.025100658 0.000025544 0.999684930 114.579032898
0.998850644 -0.044182077 0.018580362 8.543598175 0.044166133 0.999023318 0.001267630 -12.943633080 -0.018618222 -0.000445550 0.999826610 115.276916504
0.999062479 -0.042510323 0.008190971 8.572854996 0.042511046 0.999095976 0.000085614 -13.018898964 -0.008187203 0.000262673 0.999966443 115.950630188
0.999193907 -0.039716411 -0.005854150 8.576314926 0.039700348 0.999207616 -0.002834438 -13.086752892 0.005962085 0.002599741 0.999978840 116.598922729
0.998965144 -0.038179882 -0.024715809 8.576669693 0.038058661 0.999261081 -0.005357039 -13.158299446 0.024902077 0.004410844 0.999680161 117.219619751
0.998219967 -0.036562610 -0.047116850 8.545401573 0.036246434 0.999314249 -0.007547745 -13.228981972 0.047360506 0.005826494 0.998860836 117.807296753
0.996576607 -0.035078559 -0.074864425 8.505407333 0.034463562 0.999360859 -0.009491324 -13.295390129 0.075149521 0.006878735 0.997148514 118.376205444
0.993748486 -0.032823917 -0.106708221 8.433114052 0.031767596 0.999428093 -0.011584369 -13.361751556 0.107027441 0.008122084 0.994222879 118.920997620
0.989465535 -0.028422605 -0.141951174 8.323888779 0.026861345 0.999555945 -0.012903119 -13.425711632 0.142254844 0.008954192 0.989789486 119.462081909
0.983254075 -0.022549473 -0.180839568 8.212945938 0.020676943 0.999711394 -0.012233371 -13.487924576 0.181063205 0.008289302 0.983436525 119.992202759
0.974858522 -0.017563719 -0.222131401 8.067977905 0.015706122 0.999825299 -0.010126455 -13.546570778 0.222270504 0.006383036 0.974964142 120.490280151
0.963643909 -0.012685797 -0.266888708 7.903205872 0.010809314 0.999905348 -0.008498942 -13.605851173 0.266971260 0.005305069 0.963689923 120.977127075
0.949380636 -0.006856210 -0.314053178 7.713802338 0.004222808 0.999949992 -0.009064761 -13.662237167 0.314099610 0.007279722 0.949362159 121.454689026
0.932162344 0.000903520 -0.362039387 7.486877441 -0.004790065 0.999940097 -0.009837751 -13.713878632 0.362008780 0.010904573 0.932110965 121.918281555
0.911296904 0.005583587 -0.411712050 7.233985901 -0.010944417 0.999883235 -0.010664434 -13.767719269 0.411604434 0.014224416 0.911251605 122.357795715
0.886111557 0.009829187 -0.463367850 6.964653015 -0.015928764 0.999830186 -0.009252144 -13.824754715 0.463198245 0.015579308 0.886117876 122.783088684
0.857135713 0.013051187 -0.514925241 6.683219910 -0.020600794 0.999747634 -0.008952334 -13.869564056 0.514678478 0.018281234 0.857188284 123.180862427
0.825600803 0.022765167 -0.563795209 6.356246948 -0.031392816 0.999491274 -0.005612584 -13.918392181 0.563380659 0.022332875 0.825895429 123.555297852
0.791593492 0.035714850 -0.610003531 6.009319305 -0.044373095 0.999014616 0.000908529 -13.962265015 0.609434843 0.026348557 0.792398214 123.915809631
0.756137371 0.044891674 -0.652871311 5.654258728 -0.055892788 0.998429000 0.003918884 -14.005496025 0.652021706 0.033527579 0.757458568 124.221343994
0.716303706 0.048730895 -0.696085036 5.290027618 -0.063153155 0.997991920 0.004879001 -14.050833702 0.694924951 0.040465128 0.717942715 124.520217896
0.674085259 0.050422579 -0.736930490 4.908950806 -0.065551564 0.997814536 0.008311561 -14.099742889 0.735739112 0.042704258 0.675917327 124.805099487
0.630464971 0.054000150 -0.774337053 4.495346069 -0.069365844 0.997505486 0.013085652 -14.129014015 0.773112118 0.045462504 0.632637978 125.076416016
0.585199356 0.062746145 -0.808458149 4.066040039 -0.080386311 0.996579587 0.019159332 -14.164670944 0.806895137 0.053776931 0.588241696 125.317901611
0.539481461 0.071778849 -0.838932335 3.630420685 -0.092073217 0.995413840 0.025959017 -14.190050125 0.836948156 0.063238792 0.543616176 125.525512695
0.492918938 0.076826386 -0.866676688 3.174598694 -0.097560294 0.994692683 0.032687292 -14.216399193 0.864588261 0.068441048 0.497798145 125.722946167
0.445804477 0.078589812 -0.891673684 2.712711334 -0.097033270 0.994511187 0.039140522 -14.243439674 0.889855564 0.069072992 0.450983465 125.902412415
0.398461670 0.079658568 -0.913719177 2.237323761 -0.093844391 0.994533718 0.045779649 -14.264818192 0.912371278 0.067505985 0.403759122 126.083236694
0.352870286 0.082294546 -0.932046175 1.749538422 -0.095545068 0.994086862 0.051599279 -14.283996582 0.930781186 0.070844576 0.358646512 126.225700378
0.309253663 0.085605115 -0.947118759 1.247268677 -0.101453483 0.993226230 0.056645896 -14.300469398 0.945552349 0.078570552 0.315843821 126.341156006
0.267948955 0.087016337 -0.959495425 0.717918396 -0.105925649 0.992535949 0.060431946 -14.318542480 0.957592309 0.085442498 0.275166214 126.448181152
0.228046179 0.083958171 -0.970023692 0.194162369 -0.105853498 0.992507815 0.061018769 -14.340468407 0.967879117 0.088765301 0.235224903 126.552841187
0.193105415 0.078891523 -0.978001237 -0.340923309 -0.100843757 0.993079484 0.060196336 -14.360101700 0.975981951 0.087001085 0.199724749 126.647079468
0.162419543 0.073827714 -0.983955920 -0.889175415 -0.098245040 0.993451774 0.058323085 -14.381737709 0.981818557 0.087196000 0.168609202 126.728263855
0.136733979 0.072457805 -0.987954259 -1.461507797 -0.099570900 0.993275762 0.059067361 -14.401206017 0.985590875 0.090294980 0.143029243 126.786842346
0.114156194 0.071384087 -0.990894854 -2.038705826 -0.100173995 0.993158758 0.060006626 -14.414484978 0.988399446 0.092411749 0.120526075 126.858879089
0.095474578 0.072879322 -0.992760420 -2.634728432 -0.101901926 0.992792487 0.063081674 -14.430744171 0.990202308 0.095141515 0.102212973 126.921554565
0.079511985 0.071055025 -0.994298279 -3.243471146 -0.102873430 0.992715299 0.062715337 -14.453184128 0.991511345 0.097300254 0.086242452 126.969505310
0.065572105 0.070118308 -0.995381236 -3.863240242 -0.101164885 0.992855370 0.063276008 -14.481666565 0.992706418 0.096548483 0.072197124 127.020668030
0.053419773 0.067378372 -0.996296406 -4.500585079 -0.097135119 0.993340135 0.061970215 -14.502148628 0.993836582 0.093464941 0.059608813 127.062850952
0.041230612 0.064752474 -0.997049212 -5.155077457 -0.094798073 0.993649602 0.060611524 -14.520470619 0.994642317 0.092019305 0.047107194 127.105499268
0.030101052 0.063787341 -0.997509539 -5.830356121 -0.094032347 0.993716478 0.060707271 -14.538578987 0.995113969 0.091970809 0.035909984 127.147628784
0.020650469 0.065260105 -0.997654557 -6.503409863 -0.097341992 0.993257701 0.062957600 -14.559570312 0.995036721 0.095813587 0.026863791 127.167289734
0.012244143 0.064935386 -0.997814238 -7.179853439 -0.100163624 0.992949665 0.063389696 -14.584816933 0.994895577 0.099168561 0.018661980 127.185745239
0.005582641 0.064462833 -0.997904420 -7.872331142 -0.102021068 0.992749631 0.063559085 -14.607648849 0.994766593 0.101452462 0.012118733 127.205810547
0.000462620 0.065415114 -0.997857928 -8.568925858 -0.102847755 0.992569685 0.065020762 -14.625730515 0.994696975 0.102597371 0.007186980 127.222373962
-0.003140201 0.067836478 -0.997691453 -9.289581299 -0.105307125 0.992126584 0.067789540 -14.644748688 0.994434893 0.105276890 0.004028188 127.246818542
-0.003686938 0.071760669 -0.997414947 -10.024770737 -0.107278951 0.991637230 0.071741529 -14.668571472 0.994222105 0.107266143 0.004042304 127.247940063
-0.005002007 0.074929498 -0.997176230 -10.739421844 -0.109651051 0.991134584 0.075025558 -14.683259964 0.993957579 0.109716713 0.003258437 127.263648987
-0.005647445 0.080438472 -0.996743560 -11.479432106 -0.114480108 0.990154147 0.080555327 -14.690177917 0.993409455 0.114562258 0.003616763 127.272949219
-0.006867586 0.083991684 -0.996442795 -12.221224785 -0.117394172 0.989508092 0.084216245 -14.701123238 0.993061662 0.117554963 0.003064604 127.284713745
-0.008285020 0.084806219 -0.996362984 -12.971563339 -0.117512688 0.989410460 0.085191600 -14.723162651 0.993036747 0.117791124 0.001768521 127.304969788
-0.009863450 0.081831545 -0.996597409 -13.716001511 -0.115125470 0.989925504 0.082423128 -14.742135048 0.993301988 0.115546711 -0.000343186 127.327888489
-0.011467234 0.078387208 -0.996857107 -14.479208946 -0.118645698 0.989773393 0.079195023 -14.746104240 0.992870510 0.119180948 -0.002049658 127.339973450
-0.012315718 0.079814829 -0.996733606 -15.246658325 -0.124180518 0.988970280 0.080727540 -14.756892204 0.992183149 0.124769107 -0.002268437 127.340560913
-0.013989735 0.083315380 -0.996424913 -16.014619827 -0.121076226 0.989048719 0.084398523 -14.770992279 0.992544651 0.121824071 -0.003749021 127.358192444
-0.015429801 0.083290040 -0.996405900 -16.791313171 -0.120193966 0.989143908 0.084544271 -14.787290573 0.992630541 0.121066481 -0.005251331 127.368484497
-0.017325526 0.082442105 -0.996445239 -17.583549500 -0.123072103 0.988840342 0.083952799 -14.799996376 0.992246449 0.124089144 -0.006985856 127.378097534
-0.017864425 0.082185686 -0.996456921 -18.370756149 -0.127748474 0.988260031 0.083799906 -14.805817604 0.991645694 0.128792882 -0.007155598 127.378379822
-0.019020464 0.086723521 -0.996050894 -19.175153732 -0.129522547 0.987622499 0.088463031 -14.813375473 0.991394043 0.130693659 -0.007552387 127.384048462
-0.019577621 0.091039471 -0.995654821 -19.987356186 -0.128050148 0.987416148 0.092804007 -14.822471619 0.991574407 0.129310608 -0.007673640 127.399452209
-0.019027993 0.093651384 -0.995423198 -20.816858292 -0.130073518 0.986910224 0.095336899 -14.836511612 0.991321743 0.131292269 -0.006597352 127.418792725
-0.017087895 0.092671879 -0.995550036 -21.634860992 -0.129418492 0.987114251 0.094108008 -14.843957901 0.991442740 0.130450696 -0.004874250 127.429428101
-0.015726203 0.092287391 -0.995608151 -22.466365814 -0.129604176 0.987142861 0.093549877 -14.845440865 0.991441131 0.130506143 -0.003563181 127.440307617
-0.015917871 0.091493294 -0.995678484 -23.300434113 -0.128187805 0.987400353 0.092781931 -14.853420258 0.991622269 0.129110739 -0.003988987 127.467575073
-0.015106311 0.093393400 -0.995514750 -24.138952255 -0.129084289 0.987114489 0.094564117 -14.858931541 0.991518557 0.129933804 -0.002856036 127.487663269
-0.014874088 0.095575981 -0.995311022 -24.976827621 -0.130713642 0.986692786 0.096701823 -14.861038208 0.991308630 0.131539077 -0.002183068 127.509735107
-0.014378174 0.097871006 -0.995095253 -25.845062256 -0.133417502 0.986111343 0.098915175 -14.858521461 0.990955651 0.134185299 -0.001120773 127.521057129
-0.012826908 0.098993003 -0.995005548 -26.708570480 -0.135592371 0.985723734 0.099817537 -14.855560303 0.990681708 0.136195481 0.000778909 127.534973145
-0.011151760 0.102163173 -0.994705200 -27.577301025 -0.142479911 0.984454513 0.102707699 -14.855862617 0.989734888 0.142870829 0.003577797 127.551918030
-0.008746119 0.106102332 -0.994316757 -28.460422516 -0.147305548 0.983369887 0.106229916 -14.850329399 0.989052355 0.147397473 0.007028793 127.566978455
-0.006582357 0.107776910 -0.994153261 -29.335657120 -0.149711818 0.982863426 0.107544214 -14.843218803 0.988707781 0.149544403 0.009665915 127.598136902
-0.002676257 0.108474240 -0.994095683 -30.231103897 -0.148420244 0.983045757 0.107668065 -14.842677116 0.988920689 0.147832111 0.013468891 127.623077393
-0.000035789 0.108526878 -0.994093537 -31.123922348 -0.151179463 0.982667089 0.107284889 -14.836946487 0.988506317 0.150290370 0.016371865 127.652717590
0.002261779 0.112167954 -0.993686736 -32.023826599 -0.151533440 0.982252538 0.110532366 -14.828129768 0.988449514 0.150326744 0.019218836 127.688247681
0.004818446 0.114232264 -0.993442297 -32.937847137 -0.150462449 0.982226729 0.112212844 -14.823593140 0.988604009 0.148935080 0.021920476 127.731391907
0.006593010 0.115571335 -0.993277311 -33.830844879 -0.151070774 0.982013404 0.113257989 -14.820391655 0.988500953 0.149308428 0.023933878 127.774154663
0.009205608 0.113734908 -0.993468404 -34.735317230 -0.152393296 0.982064843 0.111017294 -14.813086510 0.988277137 0.150375947 0.026372941 127.805976868
0.009390976 0.115081020 -0.993311703 -35.641799927 -0.156850338 0.981228590 0.112198219 -14.805410385 0.987577736 0.154747665 0.027265187 127.850532532
0.010435822 0.115670018 -0.993232787 -36.535099030 -0.157526106 0.981074452 0.112598941 -14.800220490 0.987459660 0.155285046 0.028459365 127.890075684
0.010947452 0.112305537 -0.993613422 -37.432991028 -0.158040956 0.981377840 0.109181300 -14.798055649 0.987371802 0.155836359 0.028492462 127.924926758
0.011621806 0.108046755 -0.994077861 -38.340347290 -0.159022138 0.981692553 0.104841448 -14.797977448 0.987206638 0.156861916 0.028590865 127.974555969
0.012028466 0.107257500 -0.994158506 -39.236709595 -0.158638939 0.981843054 0.104009420 -14.792574883 0.987263381 0.156461179 0.028825285 128.019409180
0.011933590 0.111239128 -0.993722022 -40.140628815 -0.161285207 0.980994165 0.107877463 -14.785002708 0.986835718 0.158985317 0.029648008 128.059112549
0.012198777 0.117769800 -0.992965996 -41.075222015 -0.161596149 0.980218589 0.114272669 -14.777120590 0.986781597 0.159065470 0.030988613 128.102447510
0.012447378 0.116392672 -0.993125260 -41.970241547 -0.159362078 0.980738223 0.112943552 -14.776296616 0.987141728 0.156860635 0.030756194 128.149414062
0.013286440 0.106016889 -0.994275510 -42.859241486 -0.158625782 0.981994748 0.102587700 -14.781489372 0.987249374 0.156354740 0.029864224 128.194549561
0.013543067 0.095401235 -0.995346785 -43.779163361 -0.160384536 0.982756615 0.092012264 -14.784606934 0.986961722 0.158392102 0.028610427 128.237625122
0.012371122 0.092377670 -0.995647192 -44.678096771 -0.157233700 0.983515799 0.089298449 -14.793452263 0.987483919 0.155444548 0.026692079 128.287170410
0.012382990 0.102404952 -0.994665682 -45.599826813 -0.149869591 0.983695507 0.099409752 -14.795145035 0.988628328 0.147839159 0.027528482 128.337142944
0.012236255 0.115491875 -0.993233025 -46.550186157 -0.144673929 0.983060122 0.112526640 -14.792350769 0.989403725 0.142318025 0.028737636 128.400726318
0.012424627 0.124656737 -0.992122233 -47.471782684 -0.144863158 0.981955469 0.121565171 -14.783828735 0.989373744 0.142211571 0.030258602 128.447952271
0.012363396 0.118710600 -0.992851973 -48.387405396 -0.144985795 0.982647479 0.115685068 -14.778534889 0.989356518 0.142519161 0.029360207 128.489517212
0.012373924 0.105369367 -0.994356275 -49.319328308 -0.145088300 0.984097481 0.102476798 -14.778745651 0.989341319 0.143001407 0.027465010 128.533645630
0.013026734 0.096559532 -0.995241940 -50.234580994 -0.145627469 0.984897137 0.093649745 -14.779130936 0.989253759 0.143714607 0.026891708 128.578201294
0.013544291 0.096652769 -0.995225966 -51.164642334 -0.144667745 0.985034347 0.093694173 -14.786407471 0.989387572 0.142708108 0.027324131 128.624649048
0.012844075 0.098053388 -0.995098233 -52.109573364 -0.147624955 0.984460711 0.095099762 -14.799444199 0.988960028 0.145679876 0.027119614 128.662780762
0.013513478 0.097235337 -0.995169640 -53.062198639 -0.152517587 0.983815074 0.094054870 -14.799342155 0.988208473 0.150509849 0.028124856 128.705062866
0.014073900 0.096761696 -0.995208085 -53.994625092 -0.154099092 0.983625650 0.093456335 -14.800443649 0.987955093 0.152045369 0.028754333 128.748886108
0.015009572 0.103959873 -0.994468272 -54.941040039 -0.163433939 0.981459379 0.100133240 -14.795505524 0.986440063 0.161026910 0.031721860 128.783752441
0.016615625 0.113798223 -0.993364990 -55.890762329 -0.169100687 0.979510188 0.109382592 -14.792716980 0.985458732 0.166161209 0.035518538 128.820526123
0.017548701 0.121845298 -0.992393911 -56.856899261 -0.169194445 0.978594363 0.117159106 -14.790290833 0.985426426 0.165851548 0.037788615 128.878799438
0.018422870 0.122745581 -0.992267132 -57.798950195 -0.170464084 0.978290677 0.117851771 -14.782272339 0.985191584 0.166974753 0.038946643 128.927352905
0.019748028 0.112947226 -0.993404746 -58.737670898 -0.172067180 0.979157269 0.107906789 -14.776941299 0.984887242 0.168801367 0.038770940 128.981353760
0.020785648 0.108245783 -0.993906915 -59.683223724 -0.170622796 0.979921818 0.103154466 -14.776567459 0.985117137 0.167439044 0.038837519 129.037857056
0.022952715 0.106522635 -0.994045317 -60.650699615 -0.169440210 0.980336905 0.101141222 -14.782544136 0.985273182 0.166109785 0.040550612 129.098449707
0.026702860 0.112886921 -0.993248999 -61.606937408 -0.170742586 0.979517519 0.106735967 -14.780250549 0.984953761 0.166739762 0.045430526 129.150070190
0.029718580 0.115121216 -0.992906809 -62.572116852 -0.173772618 0.978814185 0.108286083 -14.785258293 0.984337270 0.169321939 0.049093883 129.217559814
0.034176342 0.109688550 -0.993378222 -63.522090912 -0.173373535 0.979539454 0.102195702 -14.781475067 0.984263003 0.168732822 0.052494168 129.275573730
0.036691159 0.104212098 -0.993878067 -64.485137939 -0.172415674 0.980293572 0.096422605 -14.796267509 0.984340787 0.167822286 0.053935908 129.356369019
0.040091943 0.103877805 -0.993781686 -65.455154419 -0.170499876 0.980705976 0.095632568 -14.798353195 0.984541714 0.165605575 0.057029568 129.426086426
0.043330695 0.108659253 -0.993134201 -66.410331726 -0.168042123 0.980697930 0.099966861 -14.805874825 0.984827042 0.162556738 0.060753651 129.502670288
0.046641305 0.115461111 -0.992216349 -67.383819580 -0.167769298 0.980093181 0.106163993 -14.809129715 0.984722316 0.161511779 0.065083645 129.579437256
0.049698874 0.118894756 -0.991662323 -68.369384766 -0.165371135 0.980163991 0.109228313 -14.804467201 0.984978318 0.158563763 0.068374820 129.665191650
0.051105972 0.120571382 -0.991388261 -69.318092346 -0.164908007 0.980077565 0.110694796 -14.810552597 0.984984040 0.157830730 0.069971003 129.754867554
0.052895807 0.117832012 -0.991623700 -70.270248413 -0.163112238 0.980696857 0.107832797 -14.806360245 0.985188603 0.156042069 0.071094595 129.842025757
0.054306291 0.116297662 -0.991728604 -71.221588135 -0.161441833 0.981149614 0.106216662 -14.808139801 0.985386968 0.154338256 0.072057918 129.919464111
0.054246329 0.112608485 -0.992157578 -72.174446106 -0.157917544 0.982083499 0.102830917 -14.815884590 0.985961258 0.151100904 0.071057275 130.011596680
0.053641692 0.112255745 -0.992230535 -73.146278381 -0.156903535 0.982265294 0.102645867 -14.811204910 0.986156106 0.150178358 0.070303701 130.111938477
0.053437185 0.116990678 -0.991694391 -74.102958679 -0.153604090 0.982256591 0.107600383 -14.811436653 0.986686468 0.146578461 0.070459284 130.197753906
0.052945923 0.119053215 -0.991475224 -75.064346313 -0.147454083 0.982916117 0.110151254 -14.820873260 0.987650752 0.140365005 0.069596283 130.293258667
0.052084517 0.114534937 -0.992052853 -76.028450012 -0.144748762 0.983776450 0.105979830 -14.808358192 0.988096654 0.138078511 0.067818306 130.379119873
0.050985772 0.110488348 -0.992568731 -76.990081787 -0.146341264 0.983960152 0.102012880 -14.807752609 0.987919390 0.140052602 0.066336967 130.456756592
0.049621761 0.107890204 -0.992923737 -77.939567566 -0.142801806 0.984700739 0.099860124 -14.812268257 0.988506556 0.136836067 0.064269498 130.541778564
0.048862975 0.108440712 -0.992901385 -78.906875610 -0.143053755 0.984599710 0.100494020 -14.810139656 0.988508046 0.137127846 0.063623317 130.607391357
0.047329083 0.109574497 -0.992851138 -79.858436584 -0.144357041 0.984280825 0.101747155 -14.813185692 0.988393128 0.138509497 0.062402956 130.693145752
0.046084236 0.110015817 -0.992860913 -80.813911438 -0.145985767 0.983987689 0.102256581 -14.816283226 0.988212764 0.140231133 0.061407063 130.765991211
0.044458747 0.110589981 -0.992871225 -81.761482239 -0.145645976 0.983952641 0.103074856 -14.816538811 0.988337338 0.140025139 0.059852283 130.839859009
0.042241983 0.110965237 -0.992926240 -82.725379944 -0.145533010 0.983896792 0.103764765 -14.817993164 0.988451242 0.140120313 0.057710867 130.913650513
0.040875070 0.113360725 -0.992712736 -83.678596497 -0.146253094 0.983520567 0.106289066 -14.812208176 0.988402367 0.140842706 0.056780837 130.983169556
0.039472457 0.117157742 -0.992328465 -84.632675171 -0.147616863 0.982889414 0.110171467 -14.804666519 0.988256514 0.142135680 0.056091517 131.042984009
0.036455583 0.122118369 -0.991845727 -85.576484680 -0.148492709 0.982149303 0.115466624 -14.796773911 0.988241255 0.143072456 0.053938519 131.118026733
0.034554251 0.121795699 -0.991953492 -86.519889832 -0.148302019 0.982182443 0.115429930 -14.791279793 0.988338292 0.143120110 0.052001122 131.183303833
0.033313561 0.117615677 -0.992500246 -87.467376709 -0.149192661 0.982510149 0.111424111 -14.792896271 0.988246799 0.144361824 0.050278321 131.242370605
0.031556994 0.111945085 -0.993213177 -88.416152954 -0.152686611 0.982584774 0.105895899 -14.774755478 0.987770617 0.148308620 0.048099943 131.296463013
0.030498758 0.110029012 -0.993460298 -89.358467102 -0.150597408 0.983082354 0.104256354 -14.773086548 0.988124609 0.146432891 0.046552882 131.362640381
0.030266969 0.110864855 -0.993374527 -90.329017639 -0.145859018 0.983681262 0.105338894 -14.771232605 0.988842249 0.141704321 0.045943692 131.412200928
0.029817555 0.112099923 -0.993249476 -91.277854919 -0.142955095 0.983954430 0.106759332 -14.769191742 0.989279926 0.138806745 0.045364365 131.474227905
0.028560191 0.112071104 -0.993289590 -92.223144531 -0.137632921 0.984671474 0.107141346 -14.774158478 0.990071476 0.133649379 0.043547075 131.542175293
0.027131865 0.109299242 -0.993638515 -93.164077759 -0.133478269 0.985499382 0.104759268 -14.777550697 0.990680337 0.129786834 0.041327517 131.609252930
0.026407149 0.105858743 -0.994030476 -94.110168457 -0.128381774 0.986501932 0.101646453 -14.778759003 0.991373241 0.124931216 0.039641034 131.673217773
0.025149761 0.108851559 -0.993739843 -95.090248108 -0.126943529 0.986354947 0.104829930 -14.787168503 0.991590977 0.123512372 0.038624596 131.723663330
0.023738693 0.111246347 -0.993509233 -96.036483765 -0.126339465 0.986155570 0.107404187 -14.785996437 0.991702974 0.122969799 0.037464850 131.784240723
0.022287618 0.108963855 -0.993795753 -96.998428345 -0.122103296 0.986897647 0.105469130 -14.780936241 0.992267072 0.118995078 0.035300441 131.837615967
0.020353047 0.106246039 -0.994131565 -97.947998047 -0.119279765 0.987493753 0.103094608 -14.783232689 0.992652059 0.116481483 0.032771505 131.887680054
0.016157189 0.103820108 -0.994464815 -98.915786743 -0.118325822 0.987804174 0.101202287 -14.785861015 0.992843390 0.116035707 0.028244734 131.948547363
0.013475615 0.103180155 -0.994571447 -99.869544983 -0.112849325 0.988463640 0.101017512 -14.797001839 0.993520796 0.110875420 0.024963968 131.999114990
0.011456433 0.103069052 -0.994608283 -100.828155518 -0.106068715 0.989186883 0.101285495 -14.789247513 0.994292796 0.104336441 0.022264957 132.041351318
0.008874693 0.111468092 -0.993728340 -101.791213989 -0.096709780 0.989204586 0.110096976 -14.797673225 0.995273054 0.095126174 0.019558942 132.105529785
0.006211892 0.119839720 -0.992773771 -102.749061584 -0.088646971 0.988950253 0.118823521 -14.793887138 0.996043742 0.087268278 0.016766680 132.162353516
0.003503819 0.119598396 -0.992816091 -103.702468872 -0.084543645 0.989303052 0.118876852 -14.788327217 0.996413648 0.083519787 0.013577622 132.207824707
0.000502233 0.109134682 -0.994026780 -104.657020569 -0.085279197 0.990410507 0.108694531 -14.785349846 0.996356905 0.084715225 0.009804334 132.245376587
-0.001468459 0.099544108 -0.995032072 -105.605445862 -0.087052427 0.991242945 0.099293515 -14.780755043 0.996202648 0.086765766 0.007209957 132.282424927
-0.001961289 0.101439357 -0.994839787 -106.563385010 -0.094513804 0.990369499 0.101169884 -14.784158707 0.995521605 0.094224520 0.007645019 132.304214478
-0.002866271 0.110364832 -0.993887007 -107.525604248 -0.097625904 0.989112675 0.110116169 -14.767015457 0.995219052 0.097344756 0.007939399 132.342971802
-0.004418556 0.121658862 -0.992562175 -108.488372803 -0.101589620 0.987381876 0.121476166 -14.753629684 0.994816601 0.101370752 0.007996475 132.373275757
-0.006090469 0.123492658 -0.992326856 -109.440017700 -0.108485386 0.986406624 0.123421766 -14.741615295 0.994079351 0.108404651 0.007389472 132.405746460
-0.005210085 0.120645508 -0.992681980 -110.428291321 -0.115943111 0.985927463 0.120433137 -14.723316193 0.993242323 0.115722083 0.008851247 132.418838501
-0.005502170 0.116579585 -0.993166149 -111.382766724 -0.124016739 0.985434175 0.116359040 -14.708557129 0.992264867 0.123809442 0.009035794 132.444808960
-0.003061800 0.118526690 -0.992946088 -112.350891113 -0.128594711 0.984659851 0.117934078 -14.687410355 0.991692483 0.128048688 0.012227071 132.466598511
-0.001889152 0.119838111 -0.992791653 -113.329849243 -0.136621431 0.983453393 0.118970849 -14.669451714 0.990621507 0.135861367 0.014514559 132.496337891
-0.001332557 0.122740611 -0.992437899 -114.294174194 -0.146007612 0.981779397 0.121618450 -14.652500153 0.989282608 0.145065531 0.016612785 132.517440796
-0.001061211 0.125036284 -0.992151618 -115.269645691 -0.151582092 0.980667412 0.123751119 -14.630519867 0.988444090 0.150523737 0.017912567 132.544937134
-0.000663176 0.124159470 -0.992262006 -116.242202759 -0.155140236 0.980235636 0.122758329 -14.617175102 0.987892210 0.154021174 0.018612061 132.584762573
0.000954712 0.114525840 -0.993419886 -117.197967529 -0.154036269 0.981580794 0.113012969 -14.617009163 0.988064647 0.152914792 0.018578259 132.618408203
0.002167351 0.102920674 -0.994687200 -118.147483826 -0.157223389 0.982353628 0.101301961 -14.606048584 0.987560689 0.156168520 0.018310644 132.658477783
