1.000000000 0.000000000 0.000000000 0.000000000 0.000000000 1.000000000 0.000000000 0.000000000 0.000000000 0.000000000 1.000000000 0.000000000
0.999997914 -0.001561313 -0.001323786 0.048239831 0.001558510 0.999996543 -0.002116130 -0.132755250 0.001327085 0.002114063 0.999996901 1.298090816
0.999997854 0.000034812 -0.002034078 0.104161419 -0.000047725 0.999979854 -0.006348621 -0.267288357 0.002033815 0.006348704 0.999977767 2.606028557
0.999996066 0.002521005 -0.001210404 0.147829995 -0.002530524 0.999965370 -0.007928492 -0.405990452 0.001190375 0.007931523 0.999967813 3.910009623
0.999983311 0.005771302 0.000261901 0.193582416 -0.005769430 0.999961138 -0.006657166 -0.544290185 -0.000300311 0.006655544 0.999977767 5.223911762
0.999974489 0.006697293 0.002483991 0.241974428 -0.006689439 0.999972582 -0.003157026 -0.693150818 -0.002505067 0.003140329 0.999991953 6.545472145
0.999958336 0.007000478 0.005862619 0.297510505 -0.006989581 0.999973834 -0.001877018 -0.830835998 -0.005875606 0.001835963 0.999981046 7.848202705
0.999942482 0.005421671 0.009254628 0.357109547 -0.005405036 0.999983728 -0.001821355 -0.964679301 -0.009264353 0.001771228 0.999955535 9.162111282
0.999911726 0.004093015 0.012643300 0.434970796 -0.004072086 0.999990344 -0.001680510 -1.101528883 -0.012650057 0.001628877 0.999918640 10.462021828
0.999870539 0.002793348 0.015842900 0.500259519 -0.002755889 0.999993384 -0.002385701 -1.239717603 -0.015849460 0.002341731 0.999871671 11.779089928
0.999813855 0.001787003 0.019210445 0.576040983 -0.001725657 0.999993384 -0.003209498 -1.375939727 -0.019216051 0.003175751 0.999810338 13.073833466
0.999739766 0.001659569 0.022752030 0.640472829 -0.001588492 0.999993742 -0.003141673 -1.522876263 -0.022757100 0.003104714 0.999736190 14.400358200
0.999654710 0.001590819 0.026227109 0.725019872 -0.001481254 0.999990046 -0.004196461 -1.661309958 -0.026233524 0.004156162 0.999647200 15.697225571
0.999568224 0.002448372 0.029281832 0.808699667 -0.002329676 0.999988854 -0.004086985 -1.800198317 -0.029291516 0.004017003 0.999562800 17.000831604
0.999468803 0.002070167 0.032526664 0.898463130 -0.001950931 0.999991179 -0.003697111 -1.938228726 -0.032534037 0.003631689 0.999464035 18.287572861
0.999405980 0.000327281 0.034465317 1.000002384 -0.000205851 0.999993861 -0.003526755 -2.080552816 -0.034466259 0.003517565 0.999399662 19.580745697
0.999351382 -0.002094408 0.035950728 1.097520351 0.002269930 0.999985754 -0.004842160 -2.220227242 -0.035940073 0.004920624 0.999341846 20.860347748
0.999303341 -0.001782664 0.037276473 1.194202423 0.002025269 0.999976933 -0.006471520 -2.363082886 -0.037264079 0.006542507 0.999283969 22.163869858
0.999247849 -0.001815091 0.038735636 1.275047660 0.002172160 0.999955535 -0.009178014 -2.506768227 -0.038717259 0.009255251 0.999207318 23.452234268
0.999217510 -0.001297986 0.039531086 1.379751801 0.001721001 0.999941587 -0.010668673 -2.646966457 -0.039514929 0.010728359 0.999161363 24.734083176
0.999167800 -0.000671328 0.040783115 1.477801323 0.001130717 0.999936104 -0.011242184 -2.793353796 -0.040772960 0.011278943 0.999104738 26.004615784
0.999152064 -0.002371703 0.041103587 1.577991366 0.002794272 0.999943793 -0.010226191 -2.940381765 -0.041077018 0.010332377 0.999102533 27.291097641
0.999151766 -0.005403151 0.040823858 1.685313582 0.005777865 0.999942124 -0.009066394 -3.085261822 -0.040772509 0.009294578 0.999125183 28.568639755
0.999172390 -0.006718460 0.040117834 1.779705048 0.007102749 0.999930143 -0.009444132 -3.233661413 -0.040051583 0.009721263 0.999150336 29.858982086
0.999179065 -0.008377574 0.039638214 1.879412055 0.008864603 0.999887228 -0.012127075 -3.376533747 -0.039532159 0.012468495 0.999140561 31.121688843
0.999215007 -0.008640894 0.038660239 1.989334106 0.009120025 0.999883533 -0.012234197 -3.524319649 -0.038550023 0.012577176 0.999177456 32.410202026
0.999233723 -0.009153463 0.038056377 2.086869001 0.009635861 0.999875307 -0.012511867 -3.668727160 -0.037937105 0.012868986 0.999197245 33.677879333
0.999250293 -0.009611178 0.037502397 2.185172081 0.010088005 0.999870420 -0.012546180 -3.814174175 -0.037376951 0.012915098 0.999217749 34.944664001
0.999255538 -0.010293217 0.037179999 2.275567293 0.010790878 0.999854565 -0.013209418 -3.955721140 -0.037038621 0.013600789 0.999221265 36.199172974
0.999298334 -0.010808546 0.035860624 2.387670755 0.011288716 0.999848902 -0.013214571 -4.117346764 -0.035712373 0.013610119 0.999269545 37.488674164
0.999294579 -0.010535216 0.036046233 2.477691174 0.010959707 0.999872625 -0.011599007 -4.261042595 -0.035919446 0.011985880 0.999282897 38.754196167
0.999257863 -0.010371437 0.037096310 2.574347019 0.010760780 0.999888897 -0.010311231 -4.403718948 -0.036985256 0.010702765 0.999258518 40.015430450
0.999189198 -0.012131120 0.038389564 2.692866802 0.012475396 0.999883950 -0.008741091 -4.545679092 -0.038279075 0.009212927 0.999224663 41.263557434
0.999067843 -0.013220245 0.041093461 2.782415152 0.013629025 0.999860227 -0.009683365 -4.692987442 -0.040959705 0.010234403 0.999108315 42.525382996
0.998944402 -0.014436476 0.043609772 2.876863480 0.015007487 0.999805450 -0.012794756 -4.841395378 -0.043416582 0.013435722 0.998966634 43.778728485
0.998844385 -0.015475438 0.045501847 2.986289978 0.016123192 0.999773324 -0.013903456 -4.988447666 -0.045276370 0.014621026 0.998867512 45.038021088
0.998714626 -0.015675537 0.048200581 3.114624023 0.016314823 0.999783695 -0.012898366 -5.119141579 -0.047987960 0.013668171 0.998754442 46.276615143
0.998511553 -0.017054845 0.051805120 3.215889215 0.017555051 0.999803424 -0.009215899 -5.277368546 -0.051637761 0.010111620 0.998614788 47.533081055
0.998235822 -0.019949030 0.055921167 3.322871208 0.020397712 0.999764144 -0.007464204 -5.414615631 -0.055759072 0.008591700 0.998407245 48.754634857
0.997994721 -0.022023382 0.059341431 3.461170197 0.022523278 0.999716103 -0.007768329 -5.552562714 -0.059153505 0.009089314 0.998207510 50.004863739
0.997711778 -0.025281100 0.062706135 3.604729176 0.026052283 0.999594271 -0.011511277 -5.687613010 -0.062389676 0.013118576 0.997965634 51.237228394
0.997423351 -0.026621655 0.066617966 3.737217188 0.027457556 0.999554873 -0.011663624 -5.822104454 -0.066277809 0.013462735 0.997710407 52.468597412
0.997088552 -0.029108480 0.070476681 3.871952295 0.029830392 0.999512434 -0.009212377 -5.961080551 -0.070174158 0.011287905 0.997470915 53.688259125
0.996785939 -0.031753343 0.073549688 4.022552013 0.032264803 0.999462605 -0.005775923 -6.097397804 -0.073326766 0.008130425 0.997274816 54.892707825
0.996541798 -0.034351800 0.075660802 4.175538063 0.034767218 0.999386668 -0.004179894 -6.226352692 -0.075470805 0.006795955 0.997124791 56.106128693
0.996322989 -0.037217002 0.077171087 4.319502831 0.037415542 0.999299169 -0.001127959 -6.349473476 -0.077075027 0.004011210 0.997017145 57.316009521
0.996176481 -0.040462125 0.077429056 4.476862431 0.040536877 0.999177873 0.000606754 -6.478853226 -0.077389941 0.002534298 0.996997714 58.515457153
0.996102929 -0.042168271 0.077464454 4.615659237 0.042517930 0.999091566 -0.002869329 -6.599296093 -0.077273101 0.006151777 0.996990979 59.719394684
0.996119201 -0.043392316 0.076573662 4.769474506 0.044066459 0.999003172 -0.007135388 -6.728340149 -0.076187715 0.010482028 0.997038364 60.906120300
0.996118188 -0.044667318 0.075850517 4.895060539 0.045632835 0.998897254 -0.011043216 -6.857492447 -0.075273603 0.014461623 0.997057974 62.107078552
0.996181548 -0.046016656 0.074194007 5.045154572 0.047131933 0.998799384 -0.013350808 -6.990663528 -0.073490582 0.016796736 0.997154415 63.302284241
0.996295214 -0.046510179 0.072337441 5.173508167 0.047631495 0.998768926 -0.013853315 -7.122170925 -0.071604066 0.017247532 0.997283995 64.486961365
0.996506512 -0.046008117 0.069699921 5.306642056 0.047030922 0.998807490 -0.013104222 -7.258540630 -0.069013886 0.016336493 0.997481942 65.662017822
0.996756732 -0.045201272 0.066578738 5.427499771 0.046037819 0.998878181 -0.011083828 -7.401199341 -0.066003039 0.014113021 0.997719586 66.862892151
0.997157514 -0.041384708 0.062962599 5.548524857 0.041945308 0.999090850 -0.007607461 -7.529505730 -0.062590539 0.010226820 0.997986794 68.036857605
0.997367561 -0.039593376 0.060747456 5.655405045 0.039972533 0.999188125 -0.005038553 -7.655497551 -0.060498647 0.007453520 0.998140335 69.201591492
0.997650027 -0.038481686 0.056687459 5.783329010 0.038997725 0.999207020 -0.008024926 -7.801016331 -0.056333702 0.010216750 0.998359740 70.416702271
0.997845352 -0.038834613 0.052881308 5.896264553 0.039670490 0.999102414 -0.014849461 -7.929086685 -0.052257173 0.016915295 0.998490393 71.575263977
0.997905433 -0.042202115 0.049029574 6.007025719 0.043119997 0.998910964 -0.017816050 -8.066389084 -0.048224300 0.019892888 0.998638451 72.749954224
0.997913420 -0.045778792 0.045532048 6.117863655 0.046424359 0.998834252 -0.013222952 -8.206123352 -0.044873640 0.015309157 0.998875380 73.940780640
0.997933209 -0.049557269 0.040908545 6.227925301 0.049944829 0.998715758 -0.008506184 -8.330595016 -0.040434469 0.010531776 0.999126673 75.097381592
0.997980595 -0.051893089 0.036630820 6.322041035 0.052130528 0.998624802 -0.005556412 -8.461878777 -0.036292098 0.007454777 0.999313414 76.284774780
0.998162448 -0.051161665 0.032468367 6.413357735 0.051283360 0.998679876 -0.002925755 -8.587278366 -0.032275818 0.004585465 0.999468446 77.442588806
0.998308837 -0.050731700 0.028385689 6.516075134 0.050848659 0.998700559 -0.003413295 -8.698511124 -0.028175637 0.004850897 0.999591172 78.605186462
0.998444200 -0.049391706 0.025876325 6.573958397 0.049533769 0.998760462 -0.004877404 -8.835678101 -0.025603348 0.006151567 0.999653280 79.780906677
0.998631716 -0.046967387 0.022991600 6.650794983 0.047209188 0.998834014 -0.010089542 -8.962090492 -0.022490913 0.011161153 0.999684751 80.929809570
0.998563111 -0.050093640 0.019035816 6.737036705 0.050379939 0.998619378 -0.014870328 -9.101933479 -0.018264629 0.015807983 0.999708176 82.084579468
0.998413742 -0.053849742 0.016436914 6.793850899 0.054108534 0.998411179 -0.015727883 -9.235407829 -0.015563853 0.016592313 0.999741197 83.225006104
0.998455167 -0.054074176 0.012772068 6.861907959 0.054234087 0.998449683 -0.012524161 -9.361272812 -0.012075035 0.013197492 0.999839962 84.361175537
0.998466849 -0.054401740 0.010212574 6.930242062 0.054501854 0.998465657 -0.009794714 -9.493529320 -0.009664055 0.010336301 0.999899864 85.500198364
0.998597980 -0.052175578 0.008932692 6.978023529 0.052276716 0.998566568 -0.011488341 -9.622786522 -0.008320478 0.011939205 0.999894023 86.647361755
0.998784482 -0.048531648 0.008615871 7.031460285 0.048652753 0.998711169 -0.014452131 -9.751475334 -0.007903380 0.014853750 0.999858439 87.767509460
0.998861253 -0.047198351 0.006960344 7.100175381 0.047312893 0.998729825 -0.017328864 -9.877650261 -0.006133609 0.017638449 0.999825597 88.868843079
0.998795629 -0.048628062 0.006516266 7.143348694 0.048737276 0.998652875 -0.017806306 -10.016951561 -0.005641602 0.018102450 0.999820232 90.012542725
0.998747349 -0.049783092 0.005037856 7.198638439 0.049854536 0.998640537 -0.015218001 -10.146556854 -0.004273409 0.015450099 0.999871492 91.126266479
0.998689532 -0.051019251 0.004032986 7.252015591 0.051066179 0.998616457 -0.012545244 -10.276530266 -0.003387358 0.012734756 0.999913156 92.241172791
0.998735249 -0.050151508 0.003544249 7.317451000 0.050190598 0.998667955 -0.011967179 -10.400331497 -0.002939356 0.012129933 0.999922097 93.387145996
0.998704255 -0.050776400 0.003397024 7.366942883 0.050819244 0.998609543 -0.014012868 -10.528383255 -0.002680778 0.014167349 0.999895990 94.495132446
0.998690069 -0.051083118 0.002934213 7.427996159 0.051127348 0.998533905 -0.017776852 -10.657239914 -0.002021814 0.017903585 0.999837637 95.600486755
0.998662353 -0.051632866 0.002758413 7.477653503 0.051675819 0.998485863 -0.018856684 -10.794509888 -0.001780611 0.018974004 0.999818385 96.701568604
0.998621941 -0.052427426 0.002382161 7.538856506 0.052460499 0.998477459 -0.017047519 -10.927419662 -0.001484776 0.017148998 0.999851882 97.785789490
0.998678207 -0.051254798 0.003843043 7.576710701 0.051297724 0.998610556 -0.012055034 -11.047079086 -0.003219826 0.012236238 0.999919951 98.865737915
0.998754442 -0.049630392 0.005145483 7.627418041 0.049673121 0.998729050 -0.008536141 -11.167345047 -0.004715291 0.008781100 0.999950349 99.929069519
0.998845577 -0.047474708 0.007326169 7.671757698 0.047536850 0.998832822 -0.008554669 -11.288278580 -0.006911488 0.008893056 0.999936581 100.993934631
0.998917103 -0.045538910 0.009534338 7.724082947 0.045636661 0.998905003 -0.010299416 -11.409494400 -0.009054875 0.010723379 0.999901474 102.031776428
0.998863041 -0.046051212 0.012318616 7.777961731 0.046204966 0.998853803 -0.012503011 -11.533058167 -0.011728717 0.013057977 0.999845922 103.052406311
0.998779893 -0.047303446 0.014177409 7.826179504 0.047497641 0.998777509 -0.013689420 -11.643781662 -0.013512518 0.014346111 0.999805927 104.065185547
0.998664796 -0.049029034 0.016269527 7.887853622 0.049242154 0.998702705 -0.012967763 -11.756757736 -0.015612622 0.013751594 0.999783576 105.046684265
0.998623073 -0.049295448 0.017940896 7.947274685 0.049507324 0.998706758 -0.011563187 -11.875585556 -0.017347680 0.012435470 0.999772191 106.027740479
0.998547375 -0.050452374 0.018911768 8.022205353 0.050643917 0.998668790 -0.009789616 -11.986786842 -0.018392684 0.010733162 0.999773204 106.969436646
0.998467743 -0.051176824 0.021052351 8.080588341 0.051400337 0.998625934 -0.010216144 -12.093822479 -0.020500595 0.011282588 0.999726117 107.886024475
0.998447239 -0.051022414 0.022356318 8.146483421 0.051222932 0.998651147 -0.008490082 -12.192553520 -0.021892983 0.009622053 0.999714017 108.792976379
0.998441756 -0.050096888 0.024582922 8.204062462 0.050266150 0.998715818 -0.006315787 -12.290222168 -0.024234958 0.007541635 0.999677777 109.661613464
0.998414814 -0.050082587 0.025683559 8.267494202 0.050179135 0.998735309 -0.003127850 -12.391394615 -0.025494428 0.004411671 0.999665141 110.517105103
0.998364627 -0.050256994 0.027247446 8.330986023 0.050355274 0.998726964 -0.002932430 -12.483128548 -0.027065385 0.004299687 0.999624372 111.342910767
0.998389900 -0.049043577 0.028506236 8.383294106 0.049129024 0.998789907 -0.002304254 -12.571627617 -0.028358730 0.003701028 0.999590933 112.153549194
0.998491764 -0.046621513 0.028993806 8.437381744 0.046704978 0.998906255 -0.002207902 -12.649806976 -0.028859161 0.003558727 0.999577105 112.930023193
0.998622894 -0.044123527 0.028377157 8.483722687 0.044106420 0.999026120 0.001228568 -12.731354713 -0.028403733 0.000024739 0.999596477 113.687324524
0.998702884 -0.044161931 0.025343116 8.534481049 0.044121668 0.999023974 0.002146073 -12.814689636 -0.025413154 -0.001025109 0.999676526 114.435569763
0.998842955 -0.044138756 0.019089131 8.571892738 0.044105813 0.999024570 0.002143095 -12.887644768 -0.019165104 -0.001298674 0.999815524 115.133041382
0.999056697 -0.042579744 0.008528296 8.604088783 0.042569630 0.999092519 0.001363622 -12.965284348 -0.008578628 -0.000999289 0.999962747 115.803474426
0.999198794 -0.039692309 -0.005128017 8.602723122 0.039683480 0.999210656 -0.001812062 -13.030905724 0.005195895 0.001607112 0.999985337 116.447280884
0.998966217 -0.038365807 -0.024383897 8.612307549 0.038280662 0.999259233 -0.003949272 -13.103515625 0.024517346 0.003011758 0.999694884 117.071548462
0.998247445 -0.036609750 -0.046495914 8.577098846 0.036350839 0.999318600 -0.006402293 -13.170990944 0.046698619 0.004700907 0.998897851 117.657890320
0.996609569 -0.035052910 -0.074436098 8.541726112 0.034549184 0.999370635 -0.008044474 -13.238945007 0.074671231 0.005445493 0.997193277 118.228088379
0.993778050 -0.032855771 -0.106422052 8.470938683 0.031975955 0.999438941 -0.009963467 -13.307034492 0.106689714 0.006498528 0.994271100 118.770195007
0.989521742 -0.028022464 -0.141638488 8.365579605 0.026672330 0.999579012 -0.011422124 -13.371107101 0.141898945 0.007524613 0.989852548 119.311828613
0.983307302 -0.022552202 -0.180549592 8.260232925 0.020961381 0.999722898 -0.010714361 -13.434634209 0.180741221 0.006750941 0.983507514 119.836326599
0.974908531 -0.017103003 -0.221948072 8.119020462 0.015549051 0.999840915 -0.008746993 -13.490754128 0.222062364 0.005076435 0.975019217 120.339294434
0.963669538 -0.012516645 -0.266803980 7.947795868 0.010959039 0.999913096 -0.007326222 -13.546813965 0.266872495 0.004136140 0.963722944 120.835510254
0.949580312 -0.006304456 -0.313460499 7.758834839 0.004174476 0.999963403 -0.007465778 -13.606863022 0.313496083 0.005780822 0.949571908 121.297370911
0.932221472 0.001713916 -0.361884415 7.532421112 -0.005016658 0.999953866 -0.008187140 -13.664128304 0.361853719 0.009447678 0.932187021 121.773468018
0.911265850 0.006265371 -0.411770999 7.278102875 -0.011019519 0.999897182 -0.009172534 -13.715364456 0.411671132 0.012896134 0.911241233 122.209701538
0.886349857 0.010591185 -0.462895095 7.010375977 -0.016197281 0.999835730 -0.008137940 -13.765392303 0.462732822 0.014710704 0.886375725 122.621635437
0.857429922 0.013689794 -0.514418483 6.728580475 -0.020736223 0.999753296 -0.007957414 -13.808013916 0.514182687 0.017490018 0.857502341 123.025482178
0.826083243 0.023541963 -0.563056052 6.401641846 -0.031296860 0.999501586 -0.004126738 -13.862596512 0.562678397 0.021030920 0.826408386 123.390869141
0.792026699 0.036133114 -0.609416246 6.056373596 -0.043788973 0.999038100 0.002324071 -13.902375221 0.608914018 0.024844987 0.792847037 123.750045776
0.756074190 0.045103356 -0.652930021 5.701869965 -0.055036083 0.998470545 0.005242557 -13.944893837 0.652167857 0.031970944 0.757400155 124.066909790
0.716517925 0.048648842 -0.695870221 5.330665588 -0.062047560 0.998055875 0.005886264 -13.986944199 0.694803715 0.038959436 0.718143404 124.365653992
0.674052894 0.050525192 -0.736953139 4.955478668 -0.064853497 0.997853458 0.009094263 -14.033761024 0.735830605 0.041663975 0.675882697 124.650650024
0.630252481 0.053954698 -0.774513185 4.547115326 -0.067934252 0.997588456 0.014213916 -14.069487572 0.773412406 0.043657612 0.632398009 124.923706055
0.585332155 0.062706590 -0.808364987 4.122234344 -0.079295315 0.996652663 0.019895205 -14.100783348 0.806906700 0.052454248 0.588345289 125.154113770
0.539657414 0.071507491 -0.838842332 3.677913666 -0.090743870 0.995521963 0.026484922 -14.124485970 0.836979866 0.061827015 0.543729842 125.368301392
0.492857248 0.076567665 -0.866734743 3.229831696 -0.096389018 0.994794250 0.033070147 -14.150161743 0.864754796 0.067244850 0.497671872 125.566871643
0.445723593 0.077272438 -0.891829312 2.757240295 -0.095782526 0.994664669 0.038311873 -14.169048309 0.890031576 0.068345144 0.450746834 125.753128052
0.398987710 0.079137780 -0.913534880 2.283874512 -0.093434848 0.994591951 0.045351792 -14.191639900 0.912183464 0.067261189 0.404224187 125.919647217
0.352804035 0.081889987 -0.932106912 1.793296814 -0.094884582 0.994158983 0.051427580 -14.214178085 0.930873871 0.070298716 0.358513385 126.071113586
0.308929563 0.085001476 -0.947278857 1.287494659 -0.100309052 0.993355215 0.056422904 -14.233127594 0.945780396 0.077589944 0.315403163 126.190414429
0.267684191 0.086824983 -0.959586680 0.764554977 -0.105158910 0.992614627 0.060478520 -14.250816345 0.957750857 0.084719934 0.274837762 126.293518066
0.228630364 0.083416224 -0.969932973 0.240247726 -0.105561942 0.992571771 0.060480397 -14.267262459 0.967773139 0.088560335 0.235737607 126.390411377
0.194208562 0.078497767 -0.977814436 -0.298967361 -0.100580156 0.993133128 0.059750818 -14.286432266 0.975790262 0.086744584 0.200770259 126.477745056
0.163581148 0.073214792 -0.983809352 -0.854358673 -0.097989358 0.993516505 0.057644200 -14.303243637 0.981651247 0.086973339 0.169694930 126.559272766
0.136610538 0.071677707 -0.988028169 -1.416912079 -0.098238096 0.993442774 0.058487535 -14.326877594 0.985741794 0.089071989 0.142756209 126.638824463
0.114568666 0.071036287 -0.990872264 -1.998448372 -0.099374816 0.993256569 0.059717089 -14.343677521 0.988432467 0.091626041 0.120855257 126.704399109
0.096338212 0.072313465 -0.992718279 -2.605056763 -0.101814717 0.992841840 0.062441871 -14.356652260 0.990127623 0.095057800 0.103011161 126.753631592
0.079835683 0.070693046 -0.994298100 -3.208251953 -0.102475427 0.992779136 0.062356938 -14.381429672 0.991526663 0.096912831 0.086503476 126.809700012
0.066249967 0.069949672 -0.995348215 -3.830450058 -0.102158040 0.992773235 0.062969126 -14.410194397 0.992559731 0.097511113 0.072917104 126.854522705
0.053671241 0.066984899 -0.996309400 -4.480545998 -0.096111648 0.993461668 0.061615903 -14.432233810 0.993922532 0.092449941 0.059758358 126.912597656
0.041513611 0.064394362 -0.997060716 -5.127430916 -0.093813144 0.993763506 0.060275413 -14.450686455 0.994724035 0.091035150 0.047295757 126.957199097
0.030766159 0.064011462 -0.997474790 -5.786639214 -0.093227103 0.993780673 0.060898874 -14.471654892 0.995169401 0.091118068 0.036542416 126.992858887
0.022035543 0.065416552 -0.997614801 -6.457397461 -0.096943848 0.993294537 0.062991932 -14.493335724 0.995045960 0.095324539 0.028229520 127.002471924
0.013499735 0.064684719 -0.997814417 -7.160640717 -0.099620648 0.993027389 0.063026577 -14.516309738 0.994934022 0.098552078 0.019849541 127.023674011
0.007136971 0.064205050 -0.997911215 -7.847788811 -0.102261268 0.992751658 0.063141726 -14.538145065 0.994731963 0.101597033 0.013650930 127.042213440
0.001673270 0.065612897 -0.997843742 -8.542673111 -0.102810182 0.992568851 0.065093644 -14.560929298 0.994699538 0.102479570 0.008406510 127.060905457
-0.001777574 0.067605183 -0.997710586 -9.266804695 -0.104524054 0.992234409 0.067420349 -14.578354836 0.994520783 0.104404576 0.005302599 127.083465576
-0.002719687 0.071345247 -0.997447968 -9.985453606 -0.106920555 0.991713047 0.071226574 -14.601045609 0.994263828 0.106841400 0.004931125 127.098213196
-0.003568293 0.074763760 -0.997194886 -10.717702866 -0.109562427 0.991168737 0.074704006 -14.616689682 0.993973494 0.109521650 0.004654519 127.110176086
-0.005236656 0.080398619 -0.996749043 -11.452176094 -0.114516363 0.990156949 0.080468535 -14.627763748 0.993407547 0.114565462 0.004021847 127.128105164
-0.006410754 0.084112354 -0.996435642 -12.190082550 -0.117543846 0.989484668 0.084281862 -14.641734123 0.993046939 0.117665187 0.003543548 127.145347595
-0.007853954 0.084554434 -0.996387899 -12.937976837 -0.116966896 0.989500940 0.084891997 -14.657278061 0.993104756 0.117211133 0.002118575 127.162704468
-0.008942772 0.081119716 -0.996664226 -13.709480286 -0.114967726 0.990011215 0.081609800 -14.673873901 0.993328989 0.115314044 0.000472706 127.180328369
-0.010590779 0.077769227 -0.996915102 -14.462808609 -0.118749194 0.989818096 0.078477122 -14.679886818 0.992867827 0.119214021 -0.001247911 127.193824768
-0.011603141 0.079294555 -0.996783614 -15.235624313 -0.123560645 0.989097178 0.080121413 -14.689724922 0.992269218 0.124092899 -0.001678948 127.194946289
-0.013139259 0.082568705 -0.996498883 -16.007007599 -0.120680854 0.989168823 0.083552592 -14.705841064 0.992604375 0.121356145 -0.003032487 127.213874817
-0.015183510 0.082736269 -0.996455848 -16.781871796 -0.119463168 0.989282072 0.083960973 -14.722066879 0.992722452 0.120314568 -0.005136838 127.230133057
-0.015518224 0.082176387 -0.996497035 -17.571254730 -0.123062991 0.988882840 0.083464913 -14.733655930 0.992277443 0.123927139 -0.005232832 127.227813721
-0.016893096 0.081666030 -0.996516585 -18.363452911 -0.126754493 0.988442659 0.083153099 -14.745984077 0.991790175 0.127717644 -0.006346321 127.244483948
-0.018311391 0.085843243 -0.996140480 -19.159921646 -0.128586546 0.987831414 0.087490916 -14.751880646 0.991529167 0.129692286 -0.007050282 127.257011414
-0.019227523 0.090875953 -0.995676637 -19.962530136 -0.127828583 0.987464428 0.092594914 -14.766542435 0.991609812 0.129056260 -0.007369953 127.276237488
-0.017795756 0.093203776 -0.995487988 -20.792724609 -0.128855303 0.987129092 0.094724633 -14.773696899 0.991503716 0.129959613 -0.005556903 127.286499023
-0.015862169 0.092251621 -0.995609343 -21.611820221 -0.128259212 0.987320840 0.093527049 -14.782518387 0.991613805 0.129179642 -0.003828928 127.300010681
-0.014753877 0.092002556 -0.995649457 -22.442371368 -0.128192186 0.987366378 0.093136773 -14.785431862 0.991639614 0.129008591 -0.002773476 127.313743591
-0.014635407 0.091160029 -0.995728731 -23.263879776 -0.127011210 0.987599075 0.092282616 -14.793520927 0.991793275 0.127819315 -0.002875570 127.337882996
-0.013812276 0.093062863 -0.995564461 -24.100471497 -0.127909973 0.987314820 0.094066307 -14.799704552 0.991689563 0.128641903 -0.001733398 127.359512329
-0.013413979 0.094977751 -0.995389044 -24.939226151 -0.129430518 0.986938655 0.095915660 -14.799098015 0.991497636 0.130120367 -0.000945754 127.379859924
-0.013177546 0.097780034 -0.995120823 -25.808261871 -0.132635370 0.986241937 0.098663993 -14.804845810 0.991077244 0.133288339 -0.000027156 127.393005371
-0.011580376 0.098885871 -0.995031476 -26.673620224 -0.134844795 0.985853910 0.099543191 -14.801685333 0.990799129 0.135327518 0.001917686 127.407218933
-0.010133146 0.102123737 -0.994720101 -27.541181564 -0.141710907 0.984584332 0.102526732 -14.802238464 0.989856243 0.142001614 0.004495110 127.428390503
-0.007565599 0.105963573 -0.994341254 -28.426509857 -0.146331161 0.983547986 0.105926760 -14.798809052 0.989206731 0.146304488 0.008064642 127.443138123
-0.005601471 0.107710943 -0.994166493 -29.300594330 -0.148743778 0.983032465 0.107342727 -14.792830467 0.988859951 0.148477376 0.010514907 127.477264404
-0.001676030 0.108534776 -0.994091213 -30.200580597 -0.147573352 0.983181536 0.107592471 -14.792690277 0.989049613 0.146881714 0.014368999 127.501785278
0.001059689 0.108535185 -0.994091988 -31.094394684 -0.150405392 0.982801497 0.107142173 -14.787029266 0.988623738 0.149403244 0.017365741 127.531745911
0.003368407 0.112356521 -0.993662238 -31.993522644 -0.150900528 0.982346296 0.110565461 -14.780034065 0.988543212 0.149571732 0.020263605 127.567771912
0.005774917 0.114123493 -0.993449748 -32.908191681 -0.149630368 0.982380152 0.111982055 -14.770607948 0.988725126 0.148003533 0.022749502 127.609947205
0.007540310 0.115372919 -0.993293583 -33.801021576 -0.150267109 0.982173264 0.112940550 -14.767314911 0.988616526 0.148407772 0.024742646 127.653724670
0.010329428 0.113634981 -0.993468821 -34.705974579 -0.151660532 0.982206166 0.110769868 -14.759960175 0.988378584 0.149525836 0.027379565 127.684890747
0.010347666 0.114797883 -0.993334889 -35.616676331 -0.156173244 0.981383204 0.111789756 -14.748630524 0.987675488 0.153975621 0.028083378 127.729331970
0.011462490 0.115489230 -0.993242502 -36.510200500 -0.156959966 0.981201947 0.112277806 -14.744258881 0.987538517 0.154612333 0.029374203 127.768592834
0.011663083 0.112017453 -0.993637681 -37.405868530 -0.157310113 0.981536806 0.108806781 -14.742300034 0.987480342 0.155040264 0.029069223 127.808158875
0.012261956 0.107749641 -0.994102418 -38.307056427 -0.158452958 0.981824756 0.104464419 -14.740565300 0.987290382 0.156237513 0.029112341 127.854797363
0.012702150 0.107089944 -0.994168162 -39.203098297 -0.158099696 0.981956959 0.103754587 -14.736635208 0.987341464 0.155859783 0.029403850 127.898788452
0.012750691 0.110994808 -0.993739188 -40.109920502 -0.160387531 0.981178999 0.107533976 -14.729284286 0.986971736 0.158012211 0.030312892 127.939704895
0.013330751 0.117412932 -0.992993712 -41.030349731 -0.161610469 0.980278194 0.113739833 -14.717628479 0.986764610 0.158961952 0.032043010 127.974456787
0.013739160 0.116147056 -0.993136942 -41.926048279 -0.159480527 0.980770648 0.112494528 -14.717519760 0.987105548 0.156840444 0.031998154 128.019943237
0.014557288 0.105726726 -0.994288623 -42.815402985 -0.158814281 0.982015491 0.102096483 -14.723178864 0.987201154 0.156420991 0.031086395 128.067291260
0.014820912 0.095312931 -0.995336950 -43.737152100 -0.160182834 0.982815981 0.091728754 -14.730937958 0.986976027 0.158076376 0.029833727 128.109710693
0.013773086 0.092255421 -0.995640099 -44.637016296 -0.157034263 0.983577847 0.088965409 -14.739151001 0.987497032 0.155124292 0.028034162 128.159317017
0.013884317 0.102460831 -0.994640112 -45.560646057 -0.149636596 0.983747005 0.099249922 -14.742780685 0.988643587 0.147456527 0.028990550 128.209777832
0.013730576 0.115405627 -0.993223548 -46.500827789 -0.144861981 0.983067155 0.112222917 -14.739004135 0.989356518 0.142339438 0.030215966 128.273239136
0.013987971 0.124381766 -0.992135882 -47.421852112 -0.145189658 0.981969655 0.121060252 -14.730536461 0.989304900 0.142354459 0.031794712 128.321472168
0.013772630 0.118620425 -0.992844164 -48.338481903 -0.145381257 0.982624590 0.115382724 -14.727050781 0.989279747 0.142751798 0.030778512 128.365829468
0.013657322 0.105370104 -0.994339287 -49.253780365 -0.145090312 0.984116256 0.102293938 -14.729186058 0.989324152 0.142871916 0.028728575 128.413009644
0.014193657 0.096526161 -0.995229185 -50.167377472 -0.145734042 0.984900773 0.093445987 -14.729011536 0.989221990 0.143712461 0.028046494 128.458816528
0.014500663 0.096690916 -0.995208800 -51.096694946 -0.144669309 0.985043526 0.093595393 -14.737876892 0.989373744 0.142619014 0.028271995 128.507415771
0.014043259 0.098205708 -0.995067000 -52.040615082 -0.147861585 0.984428108 0.095068984 -14.754710197 0.988908291 0.145797148 0.028345434 128.552886963
0.014692698 0.097736835 -0.995103836 -52.968597412 -0.152433708 0.983797371 0.094375655 -14.756741524 0.988204420 0.150300741 0.029353024 128.589004517
0.015376067 0.096879527 -0.995177329 -53.908443451 -0.154182747 0.983620524 0.093372285 -14.756879807 0.987922728 0.152003497 0.030061370 128.630554199
0.015961230 0.104950249 -0.994349301 -54.870323181 -0.162811637 0.981476426 0.100978076 -14.763698578 0.986528039 0.160279930 0.032752685 128.674621582
0.017427210 0.114235893 -0.993300736 -55.811515808 -0.168131560 0.979639888 0.109714992 -14.754341125 0.985610545 0.165093169 0.036279052 128.716140747
0.018656669 0.122828215 -0.992252529 -56.766494751 -0.168675482 0.978587091 0.117965125 -14.750490189 0.985494971 0.165167838 0.038975287 128.761230469
0.019601978 0.123308018 -0.992174804 -57.722740173 -0.170252085 0.978283465 0.118218012 -14.740560532 0.985205472 0.166602507 0.040169742 128.814407349
0.021278575 0.113796979 -0.993276119 -58.662212372 -0.172221646 0.979066849 0.108479626 -14.737306595 0.984828353 0.168755352 0.040431451 128.860549927
0.022483069 0.108649462 -0.993825793 -59.599658966 -0.170565814 0.979919672 0.103270508 -14.730041504 0.985089719 0.167190880 0.040563487 128.919387817
0.024267878 0.107026555 -0.993959963 -60.569435120 -0.168933615 0.980393291 0.101441167 -14.729505539 0.985328734 0.165451497 0.041872445 128.978942871
0.027324127 0.112838432 -0.993237495 -61.523143768 -0.170376748 0.979595661 0.106601544 -14.727872849 0.985000014 0.166311786 0.045991641 129.044189453
0.031262476 0.115557835 -0.992808580 -62.502132416 -0.173471883 0.978847146 0.108470328 -14.732305527 0.984342515 0.168833375 0.050647218 129.097793579
0.034984604 0.110575512 -0.993251801 -63.457290649 -0.172560573 0.979601264 0.102977850 -14.732879639 0.984377444 0.167793512 0.053351931 129.163467407
0.038269516 0.104485922 -0.993789732 -64.412399292 -0.172474131 0.980283082 0.096424095 -14.734437943 0.984270453 0.167712927 0.055536076 129.231918335
0.042151690 0.104347259 -0.993647218 -65.371200562 -0.170246422 0.980736613 0.095769398 -14.734004974 0.984499693 0.165128052 0.059104457 129.301269531
0.044318337 0.108690791 -0.993087232 -66.328155518 -0.167341232 0.980826557 0.099880993 -14.747592926 0.984902382 0.161757872 0.061657041 129.391723633
0.047832515 0.115449883 -0.992160976 -67.286071777 -0.166789740 0.980275273 0.106025845 -14.748050690 0.984831572 0.160410762 0.066144891 129.473144531
0.050380576 0.119321868 -0.991576672 -68.250442505 -0.164478838 0.980272174 0.109604605 -14.751708984 0.985093117 0.157571435 0.069012605 129.560058594
0.052162942 0.120844230 -0.991299987 -69.227661133 -0.164324969 0.980159104 0.110839181 -14.750196457 0.985026002 0.157113686 0.070985705 129.648849487
0.054845359 0.118105367 -0.991485238 -70.175201416 -0.162735984 0.980760217 0.107825823 -14.748762131 0.985144138 0.155436620 0.073010117 129.723220825
0.055743840 0.116636343 -0.991608977 -71.120330811 -0.160747185 0.981245875 0.106380895 -14.751019478 0.985420167 0.153468311 0.073447376 129.811767578
0.056189649 0.113187693 -0.991983473 -72.064216614 -0.157746643 0.982080340 0.103122368 -14.760764122 0.985879600 0.150687665 0.073037736 129.906616211
0.055751991 0.112673871 -0.992066622 -73.063827515 -0.156243622 0.982355297 0.102790385 -14.751185417 0.986143768 0.149273321 0.072372846 129.995727539
0.055526931 0.117390908 -0.991532207 -74.017456055 -0.152958423 0.982342362 0.107737049 -14.752201080 0.986671448 0.145680875 0.072502390 130.085189819
0.054969829 0.119256504 -0.991340578 -74.977233887 -0.146877319 0.983007073 0.110109657 -14.757987022 0.987626195 0.139552742 0.071551815 130.185470581
0.054353885 0.114540696 -0.991930485 -75.935531616 -0.144200742 0.983886003 0.105710141 -14.744265556 0.988054574 0.137291342 0.069994889 130.270126343
0.052704785 0.110716209 -0.992453694 -76.902198792 -0.146541953 0.983933270 0.101983525 -14.745983124 0.987799406 0.140061110 0.068082571 130.350341797
0.051344570 0.108156681 -0.992807090 -77.850952148 -0.143027276 0.984666765 0.099872999 -14.750318527 0.988385975 0.136870548 0.066026635 130.437347412
0.050030150 0.108708352 -0.992813885 -78.814849854 -0.143207252 0.984567761 0.100588903 -14.749491692 0.988427341 0.137145668 0.064825878 130.511352539
0.049125984 0.109917819 -0.992725849 -79.766304016 -0.144354418 0.984271646 0.101838224 -14.754057884 0.988305807 0.138301432 0.064220436 130.592193604
0.047730848 0.110258125 -0.992756248 -80.720764160 -0.145845801 0.984006643 0.102274217 -14.756313324 0.988155305 0.139907688 0.063048147 130.668685913
0.046602607 0.111174345 -0.992707551 -81.672943115 -0.145795971 0.983902276 0.103343830 -14.758476257 0.988216579 0.139916673 0.062061172 130.737869263
0.044735588 0.111644998 -0.992740691 -82.635833740 -0.145813867 0.983822942 0.104071319 -14.760726929 0.988300085 0.140099630 0.060291294 130.810134888
0.042734616 0.113780230 -0.992586374 -83.588356018 -0.146113276 0.983523846 0.106450669 -14.753020287 0.988344431 0.140480936 0.058655310 130.889343262
0.041213181 0.117541775 -0.992212355 -84.542045593 -0.147500128 0.982891262 0.110310905 -14.745354652 0.988202989 0.141805217 0.057845499 130.951950073
0.039171569 0.122728772 -0.991666913 -85.490867615 -0.148750633 0.982086599 0.115667373 -14.736528397 0.988098621 0.142980188 0.056725863 131.019439697
0.036652680 0.122442409 -0.991798699 -86.440780640 -0.148470819 0.982118070 0.115760453 -14.732594490 0.988237321 0.143010184 0.054176383 131.089904785
0.035773288 0.117364310 -0.992444456 -87.385681152 -0.148626104 0.982660949 0.110850021 -14.727805138 0.988246262 0.143537685 0.052596420 131.152725220
0.033157054 0.112475112 -0.993101180 -88.332809448 -0.152787924 0.982538640 0.106177643 -14.715250969 0.987702549 0.148213342 0.049762931 131.217132568
0.032103982 0.110454895 -0.993362486 -89.276062012 -0.150709584 0.983045995 0.104437068 -14.712474823 0.988056660 0.146356389 0.048206303 131.283706665
0.031709746 0.111628070 -0.993243933 -90.242744446 -0.145898387 0.983616471 0.105888195 -14.712027550 0.988791287 0.141555011 0.047476582 131.338378906
0.031518612 0.113036245 -0.993090868 -91.192283630 -0.143043876 0.983866751 0.107446425 -14.709878922 0.989214420 0.138669029 0.047179256 131.399902344
0.029907349 0.112718269 -0.993176758 -92.144317627 -0.137639612 0.984620273 0.107602455 -14.711218834 0.990030706 0.133482367 0.044961881 131.473068237
0.028597906 0.109884359 -0.993532956 -93.086868286 -0.133666754 0.985433161 0.105141081 -14.713706970 0.990613639 0.129795492 0.042869214 131.539672852
0.027846750 0.106823392 -0.993887961 -94.032272339 -0.128547221 0.986400664 0.102417037 -14.718117714 0.991312385 0.124909572 0.041199900 131.606384277
0.026113426 0.109706953 -0.993620872 -95.015060425 -0.126796395 0.986295283 0.105565801 -14.723789215 0.991584957 0.123230845 0.039665990 131.664962769
0.024581600 0.111824125 -0.993423879 -95.961486816 -0.126173541 0.986124754 0.107880414 -14.719161987 0.991703510 0.122691929 0.038349766 131.727905273
0.023431651 0.109789819 -0.993678629 -96.920738220 -0.122114360 0.986822963 0.106152810 -14.715391159 0.992239356 0.118855081 0.036529802 131.777694702
0.021643797 0.106779285 -0.994047105 -97.870063782 -0.119117439 0.987473011 0.103479512 -14.715158463 0.992644250 0.116168648 0.034091938 131.828094482
0.017942900 0.104221553 -0.994392157 -98.836593628 -0.117782690 0.987847745 0.101410344 -14.710371017 0.992877245 0.115302607 0.030000353 131.884567261
0.015280434 0.103217348 -0.994541466 -99.791488647 -0.112191334 0.988553464 0.100872152 -14.717849731 0.993569136 0.110037558 0.026685618 131.936981201
0.012933925 0.102968693 -0.994600475 -100.750839233 -0.105329081 0.989290118 0.101049200 -14.709790230 0.994353354 0.103453413 0.023641003 131.985031128
0.010584692 0.110772036 -0.993789434 -101.713432312 -0.095336296 0.989429533 0.109270670 -14.707089424 0.995388865 0.093587615 0.021033403 132.048171997
0.007824665 0.119070105 -0.992855012 -102.671150208 -0.087287553 0.989176869 0.117941089 -14.703871727 0.996152461 0.085741036 0.018133318 132.107513428
0.005000973 0.118561372 -0.992934167 -103.623023987 -0.083129339 0.989558935 0.117739670 -14.696931839 0.996526241 0.081953146 0.014804687 132.155776978
0.002313917 0.108578175 -0.994085133 -104.578109741 -0.084260464 0.990573823 0.107998520 -14.698202133 0.996441066 0.083512165 0.011440953 132.192352295
0.000186938 0.099345766 -0.995052874 -105.525390625 -0.086105578 0.991358936 0.098960787 -14.696876526 0.996285915 0.085661106 0.008739548 132.232604980
0.000114551 0.100755803 -0.994911075 -106.489128113 -0.093465410 0.990557075 0.100304097 -14.697111130 0.995622516 0.092978284 0.009530651 132.250000000
-0.000873664 0.110139742 -0.993915737 -107.452095032 -0.096868657 0.989232540 0.109705918 -14.684353828 0.995296896 0.096375130 0.009804831 132.290863037
-0.002282936 0.121461213 -0.992593527 -108.415756226 -0.100823469 0.987510145 0.121071070 -14.671470642 0.994901657 0.100353114 0.009991717 132.321548462
-0.003810794 0.123341002 -0.992357016 -109.357643127 -0.107931249 0.986516356 0.123029537 -14.661418915 0.994150996 0.107575163 0.009552938 132.356063843
-0.003718319 0.120022021 -0.992764294 -110.344726562 -0.115059443 0.986126304 0.119650461 -14.640087128 0.993351579 0.114671811 0.010142935 132.378036499
-0.003959441 0.116137251 -0.993225217 -111.298751831 -0.123179428 0.985612273 0.115738131 -14.627172470 0.992376447 0.122803181 0.010403248 132.404907227
-0.001584879 0.118025810 -0.993009269 -112.267303467 -0.127721131 0.984853923 0.117260344 -14.606340408 0.991808832 0.127014115 0.013513515 132.429397583
-0.000536264 0.119555369 -0.992827415 -113.247253418 -0.135868356 0.983612239 0.118519090 -14.591070175 0.990726709 0.134957403 0.015716325 132.460479736
-0.000013690 0.122246191 -0.992499828 -114.211029053 -0.145094857 0.981996715 0.120954506 -14.573361397 0.989417732 0.144008264 0.017723847 132.483551025
0.000148912 0.124600157 -0.992206931 -115.185394287 -0.150575608 0.980897188 0.123157278 -14.552221298 0.988598466 0.149383828 0.018907813 132.513519287
0.000371399 0.124195628 -0.992257655 -116.160369873 -0.154535905 0.980345011 0.122646756 -14.542085648 0.987987101 0.153293863 0.019556783 132.557296753
0.001783913 0.114679843 -0.993400872 -117.114959717 -0.153469801 0.981665313 0.113049485 -14.542943001 0.988151729 0.152255356 0.019351095 132.593978882
0.003357123 0.102989778 -0.994676769 -118.066444397 -0.156619921 0.982460916 0.101196326 -14.532122612 0.987653196 0.155446485 0.019428493 132.631774902
