1.000000000 0.000000000 0.000000000 0.000000000 0.000000000 1.000000000 0.000000000 0.000000000 0.000000000 0.000000000 1.000000000 0.000000000
0.999997735 -0.001600404 -0.001390171 0.050275180 0.001597498 0.999996543 -0.002088771 -0.133071020 0.001393509 0.002086545 0.999996841 1.296958804
0.999997556 -0.000037777 -0.002201683 0.105114743 0.000023782 0.999979734 -0.006356359 -0.266924441 0.002201879 0.006356291 0.999977291 2.601361752
0.999996245 0.002381330 -0.001346272 0.148153156 -0.002391835 0.999966204 -0.007855441 -0.405934185 0.001327520 0.007858631 0.999968231 3.904272795
0.999983966 0.005650209 0.000140638 0.193647563 -0.005649162 0.999962270 -0.006587506 -0.544533432 -0.000177854 0.006586607 0.999978304 5.219406605
0.999975145 0.006606930 0.002441801 0.241463453 -0.006598971 0.999972939 -0.003253417 -0.689567387 -0.002463230 0.003237223 0.999991715 6.535988808
0.999959886 0.006902470 0.005717092 0.298631489 -0.006891101 0.999974251 -0.002005867 -0.826900721 -0.005730790 0.001966389 0.999981642 7.839117050
0.999942243 0.005474602 0.009241452 0.351953387 -0.005457416 0.999983311 -0.001883879 -0.959775925 -0.009251613 0.001833336 0.999955535 9.143252373
0.999911964 0.004117971 0.012613593 0.429365575 -0.004095931 0.999989986 -0.001772613 -1.096632600 -0.012620767 0.001720792 0.999918878 10.442876816
0.999869764 0.002888252 0.015873449 0.498172224 -0.002850542 0.999993205 -0.002397737 -1.235805035 -0.015880264 0.002352178 0.999871135 11.751481056
0.999815702 0.001794669 0.019112976 0.576454997 -0.001732989 0.999993265 -0.003243190 -1.372845531 -0.019118665 0.003209470 0.999812067 13.045045853
0.999742746 0.001772439 0.022609917 0.643844366 -0.001696988 0.999992907 -0.003355814 -1.517652392 -0.022615703 0.003316582 0.999738753 14.377056122
0.999659181 0.001674948 0.026052341 0.727710307 -0.001562696 0.999989390 -0.004328487 -1.656417489 -0.026059315 0.004286300 0.999651253 15.673677444
0.999572873 0.002451345 0.029125541 0.811001301 -0.002322221 0.999987304 -0.004466361 -1.794113517 -0.029136123 0.004396818 0.999565721 16.974925995
0.999475539 0.002066642 0.032314830 0.901423693 -0.001936769 0.999989986 -0.004049757 -1.933320403 -0.032322880 0.003985048 0.999469519 18.261274338
0.999405146 0.000624522 0.034481920 1.000159502 -0.000493940 0.999992669 -0.003795360 -2.076427460 -0.034484029 0.003776070 0.999398112 19.562925339
0.999348402 -0.001878920 0.036046926 1.099267602 0.002062709 0.999985039 -0.005062097 -2.216910601 -0.036036875 0.005133153 0.999337256 20.837846756
0.999305069 -0.001491135 0.037243191 1.195777178 0.001743406 0.999975741 -0.006742069 -2.359353542 -0.037232231 0.006802313 0.999283493 22.147562027
0.999262631 -0.001401282 0.038369250 1.279681921 0.001766423 0.999953508 -0.009484245 -2.503199100 -0.038354173 0.009545029 0.999218583 23.431718826
0.999219239 -0.000943943 0.039496202 1.381727099 0.001371413 0.999940753 -0.010797379 -2.647327423 -0.039483678 0.010843116 0.999161303 24.719266891
0.999174118 -0.000287066 0.040634021 1.481362224 0.000753444 0.999934018 -0.011462662 -2.793627739 -0.040628053 0.011483810 0.999108374 25.989240646
0.999160767 -0.001997274 0.040911686 1.584287763 0.002421051 0.999943912 -0.010311397 -2.941737652 -0.040888801 0.010401791 0.999109507 27.279500961
0.999158442 -0.004997613 0.040711522 1.690073729 0.005368156 0.999945104 -0.008997411 -3.089913130 -0.040664323 0.009208385 0.999130368 28.557363510
0.999183178 -0.006474508 0.039887436 1.787222385 0.006863955 0.999930024 -0.009634479 -3.234125376 -0.039822262 0.009900394 0.999157667 29.847352982
0.999194443 -0.008209818 0.039279517 1.886630774 0.008696152 0.999887407 -0.012226563 -3.377656460 -0.039174709 0.012558296 0.999153435 31.108163834
0.999232054 -0.008238826 0.038304970 1.999271154 0.008714567 0.999886751 -0.012269519 -3.530060530 -0.038199540 0.012593909 0.999190748 32.398582458
0.999244153 -0.008762357 0.037870541 2.094782591 0.009242970 0.999878764 -0.012534559 -3.675817013 -0.037756108 0.012875122 0.999204040 33.662811279
0.999264419 -0.009305009 0.037203148 2.192187786 0.009786335 0.999870479 -0.012776628 -3.817486286 -0.037079442 0.013131310 0.999226034 34.933734894
0.999279499 -0.009971545 0.036621477 2.287211418 0.010468024 0.999855578 -0.013390429 -3.961081266 -0.036482669 0.013764136 0.999239504 36.194999695
0.999314547 -0.010508317 0.035495948 2.397764683 0.010992710 0.999848664 -0.013479007 -4.118997574 -0.035348933 0.013859965 0.999278903 37.480434418
0.999310911 -0.010213979 0.035683289 2.486358643 0.010635792 0.999875486 -0.011651295 -4.265089512 -0.035559841 0.012022787 0.999295235 38.745876312
0.999279857 -0.010224182 0.036541112 2.590102196 0.010619570 0.999886990 -0.010642683 -4.405361652 -0.036428168 0.011023068 0.999275506 40.007392883
0.999195814 -0.012071944 0.038235608 2.699901342 0.012424297 0.999882400 -0.008991109 -4.547307014 -0.038122568 0.009458927 0.999228299 41.256198883
0.999088883 -0.013047632 0.040634573 2.796645164 0.013466286 0.999858856 -0.010046260 -4.693422794 -0.040497757 0.010584301 0.999123573 42.519443512
0.998965144 -0.014281193 0.043181799 2.890961647 0.014866473 0.999801457 -0.013263181 -4.841437340 -0.042983819 0.013891417 0.998979211 43.771697998
0.998874724 -0.015366562 0.044868696 3.004143238 0.016027335 0.999767780 -0.014404397 -4.983642101 -0.044636939 0.015107314 0.998889029 45.029125214
0.998744190 -0.015544584 0.047628198 3.124939919 0.016190147 0.999781787 -0.013198504 -5.117801189 -0.047412645 0.013953034 0.998777926 46.265083313
0.998547256 -0.016711751 0.051226400 3.232353687 0.017233077 0.999803960 -0.009752220 -5.274667740 -0.051053390 0.010620841 0.998639405 47.525024414
0.998287082 -0.019548655 0.055141978 3.348053455 0.020018959 0.999767721 -0.007989531 -5.409709930 -0.054972980 0.009079731 0.998446584 48.749832153
0.998042524 -0.021408407 0.058760390 3.479735374 0.021931758 0.999725163 -0.008275950 -5.550972462 -0.058567062 0.009548469 0.998237789 50.000743866
0.997781277 -0.024836427 0.061770316 3.628629684 0.025649760 0.999594033 -0.012409066 -5.682306290 -0.061437044 0.013965929 0.998013258 51.233474731
0.997468948 -0.026101463 0.066139564 3.749951839 0.026959730 0.999563098 -0.012117353 -5.824758530 -0.065794386 0.013869789 0.997736812 52.466403961
0.997127116 -0.028620942 0.070131704 3.882733822 0.029353270 0.999524534 -0.009433806 -5.967101574 -0.069828369 0.011465298 0.997493088 53.685279846
0.996836007 -0.031240981 0.073087722 4.034782410 0.031789713 0.999474347 -0.006356423 -6.100384235 -0.072850712 0.008659751 0.997305214 54.898670197
0.996596456 -0.033689294 0.075235598 4.184563160 0.034135986 0.999406278 -0.004658850 -6.231036186 -0.075033978 0.007211236 0.997154832 56.111660004
0.996399999 -0.037046231 0.076253869 4.338731289 0.037278056 0.999303639 -0.001618547 -6.357334137 -0.076140806 0.004455316 0.997087121 57.329048157
0.996247888 -0.040093988 0.076698437 4.495353699 0.040220127 0.999190927 -0.000100062 -6.483258247 -0.076632358 0.003184508 0.997054279 58.532917023
0.996195495 -0.041805815 0.076464735 4.635056973 0.042189587 0.999103785 -0.003409648 -6.607738018 -0.076253667 0.006622691 0.997066438 59.738647461
0.996204853 -0.042916201 0.075724162 4.782948017 0.043624278 0.999018073 -0.007720781 -6.736090660 -0.075318456 0.010994891 0.997098863 60.926132202
0.996210933 -0.044332657 0.074822657 4.914260864 0.045320634 0.998905659 -0.011557600 -6.867389202 -0.074228384 0.014904819 0.997129858 62.126808167
0.996271729 -0.045825664 0.073093355 5.061256886 0.046961661 0.998799980 -0.013898779 -7.000696182 -0.072368719 0.017279547 0.997228205 63.317737579
0.996394455 -0.046297446 0.071095429 5.195137978 0.047438350 0.998769760 -0.014442950 -7.131795406 -0.070339300 0.017763523 0.997364938 64.503730774
0.996615231 -0.045687862 0.068342477 5.329930782 0.046727560 0.998813868 -0.013691768 -7.268801689 -0.067635857 0.016838901 0.997567952 65.682441711
0.996851504 -0.044832803 0.065398656 5.444393158 0.045687824 0.998887837 -0.011636794 -7.412359238 -0.064804211 0.014588078 0.997791290 66.881919861
0.997241855 -0.041027017 0.061850041 5.564313412 0.041610833 0.999100447 -0.008180475 -7.542109966 -0.061458785 0.010731543 0.998051941 68.057060242
0.997466505 -0.039264575 0.059319664 5.672382355 0.039661791 0.999197841 -0.005533403 -7.670069695 -0.059054814 0.007872108 0.998223662 69.219032288
0.997735620 -0.038266897 0.055311032 5.797666550 0.038802765 0.999209583 -0.008646683 -7.812213421 -0.054936409 0.010773324 0.998431742 70.428497314
0.997923255 -0.038693346 0.051497016 5.909741879 0.039532080 0.999100029 -0.015369076 -7.942070961 -0.050855990 0.017372942 0.998554885 71.587562561
0.997997403 -0.042010006 0.047289751 6.022037506 0.042928617 0.998905361 -0.018579487 -8.077223778 -0.046457466 0.020572361 0.998708487 72.759056091
0.998004556 -0.045510273 0.043769095 6.133492470 0.046153355 0.998839080 -0.013795381 -8.216382980 -0.043090459 0.015787944 0.998946428 73.947341919
0.998001099 -0.049354538 0.039468996 6.238885403 0.049739555 0.998723149 -0.008832818 -8.343789101 -0.038982660 0.010778335 0.999181688 75.104171753
0.998046696 -0.051861703 0.034828987 6.334316254 0.052103400 0.998623371 -0.006067797 -8.472316742 -0.034466349 0.007870654 0.999374866 76.283615112
0.998222589 -0.051114392 0.030641828 6.424378395 0.051252455 0.998678684 -0.003736684 -8.596536636 -0.030410346 0.005300512 0.999523401 77.444496155
0.998346686 -0.050880596 0.026737966 6.519794464 0.051010624 0.998689294 -0.004203186 -8.706540108 -0.026489060 0.005560159 0.999633610 78.600982666
0.998493850 -0.049528062 0.023598069 6.590067863 0.049677201 0.998748600 -0.005776101 -8.841002464 -0.023282459 0.006939689 0.999704778 79.777526855
0.998673141 -0.047221433 0.020546146 6.662199020 0.047446840 0.998817205 -0.010624707 -8.971316338 -0.020020127 0.011585458 0.999732435 80.922256470
0.998588204 -0.050630003 0.016072003 6.754140854 0.050881747 0.998581827 -0.015661467 -9.109017372 -0.015256271 0.016457129 0.999748170 82.083496094
0.998455584 -0.053771775 0.013968740 6.808143616 0.054003630 0.998399615 -0.016786896 -9.239108086 -0.013043722 0.017515333 0.999761522 83.217933655
0.998496354 -0.054007642 0.009392307 6.885217667 0.054131899 0.998442292 -0.013518963 -9.367115021 -0.008647551 0.014007059 0.999864519 84.372245789
0.998488188 -0.054516688 0.007014879 6.942320824 0.054590687 0.998450100 -0.010828711 -9.496503830 -0.006413661 0.011195288 0.999916732 85.505287170
0.998624802 -0.052086655 0.005953576 6.997408390 0.052159060 0.998557627 -0.012732077 -9.624842644 -0.005281817 0.013025102 0.999901235 86.647071838
0.998824358 -0.048202593 0.005143284 7.050131798 0.048278797 0.998707354 -0.015894074 -9.755450249 -0.004370500 0.016123701 0.999860466 87.774612427
0.998885334 -0.047038142 0.003921656 7.102102757 0.047102470 0.998721421 -0.018352022 -9.888213158 -0.003053396 0.018516287 0.999823868 88.891914368
0.998835981 -0.048152573 0.002832121 7.158535480 0.048197016 0.998664916 -0.018584587 -10.026803017 -0.001933444 0.018699452 0.999823272 90.022972107
0.998799682 -0.048938829 0.002051443 7.204143524 0.048966613 0.998656809 -0.016934862 -10.153070450 -0.001219915 0.017014988 0.999854505 91.132362366
0.998707056 -0.050829887 0.000719674 7.263301849 0.050834980 0.998608172 -0.014050884 -10.281416893 -0.000004468 0.014069302 0.999900997 92.242118835
0.998717666 -0.050618894 0.000808250 7.310888767 0.050625186 0.998626947 -0.013465147 -10.409584999 -0.000125549 0.013488800 0.999909043 93.377685547
0.998710513 -0.050762400 0.000710410 7.354182243 0.050767291 0.998586655 -0.015726270 -10.542334557 0.000088898 0.015742058 0.999876082 94.514556885
0.998707414 -0.050827317 0.000169028 7.409265995 0.050821017 0.998518884 -0.019419687 -10.670686722 0.000818274 0.019403176 0.999811351 95.614181519
0.998657584 -0.051797852 -0.000302008 7.462934017 0.051781036 0.998451769 -0.020314738 -10.806900024 0.001353801 0.020271830 0.999793470 96.717895508
0.998653948 -0.051866550 0.000400963 7.506277561 0.051864579 0.998465955 -0.019384421 -10.938642502 0.000605056 0.019379128 0.999812007 97.794349670
0.998672605 -0.051504005 0.000677053 7.558895111 0.051508449 0.998576760 -0.013824911 -11.061101913 0.000035949 0.013841433 0.999904156 98.884361267
0.998746455 -0.050025228 0.001724305 7.613247871 0.050040878 0.998689711 -0.010705714 -11.183089256 -0.001186490 0.010778579 0.999941230 99.958129883
0.998822629 -0.048376702 0.003593874 7.668484688 0.048413672 0.998766422 -0.011033503 -11.296943665 -0.003055676 0.011194508 0.999932706 101.010711670
0.998903394 -0.046527386 0.005239549 7.722951412 0.046589226 0.998837411 -0.012372482 -11.427148819 -0.004657799 0.012603019 0.999909759 102.056602478
0.998878241 -0.046729840 0.007655741 7.776289463 0.046840381 0.998790324 -0.014959866 -11.544226646 -0.006947408 0.015301682 0.999858797 103.069702148
0.998790562 -0.048319627 0.009092919 7.844249249 0.048459142 0.998700082 -0.015805498 -11.660580635 -0.008317384 0.016227018 0.999833822 104.079696655
0.998696148 -0.049874257 0.010888154 7.911049366 0.050032265 0.998638451 -0.014756611 -11.792822838 -0.010137356 0.015282130 0.999831796 105.082695007
0.998685539 -0.049706139 0.012516157 7.971495152 0.049871664 0.998667300 -0.013278864 -11.908602715 -0.011839437 0.013885612 0.999833465 106.040039062
0.998617709 -0.050702941 0.013851690 8.031319618 0.050869361 0.998633981 -0.011938200 -12.019404411 -0.013227466 0.012626325 0.999832809 107.002014160
0.998550773 -0.051471278 0.015716862 8.089494705 0.051669065 0.998586714 -0.012448932 -12.126363754 -0.015053886 0.013242968 0.999798954 107.920745850
0.998547554 -0.050952807 0.017508157 8.147189140 0.051143687 0.998634696 -0.010632399 -12.228618622 -0.016942501 0.011512386 0.999790192 108.826179504
0.998554707 -0.050150346 0.019324441 8.204762459 0.050319649 0.998698056 -0.008376270 -12.329048157 -0.018879205 0.009336563 0.999778211 109.697074890
0.998530686 -0.050217576 0.020359475 8.266439438 0.050332256 0.998719215 -0.005160213 -12.432930946 -0.020074267 0.006177370 0.999779403 110.553146362
0.998494804 -0.050265480 0.021944953 8.325139999 0.050388195 0.998716831 -0.005074656 -12.525967598 -0.021661714 0.006172784 0.999746323 111.380493164
0.998500407 -0.049560659 0.023252407 8.373855591 0.049670622 0.998756945 -0.004174887 -12.619641304 -0.023016594 0.005323588 0.999720871 112.187545776
0.998606265 -0.047095980 0.023821509 8.424674988 0.047203317 0.998877406 -0.003963671 -12.699952126 -0.023608094 0.005082600 0.999708474 112.966033936
0.998741388 -0.044488207 0.023163408 8.470552444 0.044524625 0.999007642 -0.001058063 -12.777293205 -0.023093354 0.002088071 0.999731183 113.723419189
0.998805940 -0.044675108 0.019769447 8.518675804 0.044680353 0.999001324 0.000176499 -12.863025665 -0.019757591 0.000707017 0.999804676 114.470932007
0.998914301 -0.044644002 0.013305152 8.553791046 0.044644665 0.999002934 0.000247177 -12.938037872 -0.013302924 0.000347095 0.999911427 115.169822693
0.999075890 -0.042866915 0.003115876 8.577375412 0.042870179 0.999080122 -0.000986344 -13.013912201 -0.003070727 0.001119010 0.999994636 115.840858459
0.999127507 -0.040299874 -0.010964373 8.575222969 0.040260207 0.999181867 -0.003815014 -13.084704399 0.011109147 0.003370257 0.999932587 116.483612061
0.998788774 -0.038898833 -0.030127944 8.577831268 0.038725019 0.999229848 -0.006331473 -13.152491570 0.030351032 0.005157101 0.999525964 117.106773376
0.997933745 -0.037247777 -0.052353010 8.541648865 0.036841236 0.999283135 -0.008709462 -13.222529411 0.052639894 0.006762716 0.998590648 117.693618774
0.996144474 -0.035694662 -0.080137901 8.499724388 0.034962632 0.999333262 -0.010519760 -13.290887833 0.080459975 0.007677369 0.996728361 118.263755798
0.993123949 -0.033726480 -0.112103328 8.424964905 0.032516859 0.999391675 -0.012601689 -13.356801033 0.112460151 0.008869790 0.993616700 118.808532715
0.988643169 -0.029090479 -0.147439376 8.317440033 0.027338468 0.999529660 -0.013895900 -13.424070358 0.147774279 0.009707320 0.988973498 119.348899841
0.982283413 -0.023040632 -0.185979441 8.206874847 0.020904766 0.999691188 -0.013437543 -13.482672691 0.186231628 0.009311618 0.982461751 119.859291077
0.973610818 -0.017521746 -0.227541327 8.065113068 0.015310017 0.999816954 -0.011481601 -13.540415764 0.227700830 0.007694950 0.973700762 120.361885071
0.962191880 -0.012917509 -0.272065938 7.889247894 0.010649635 0.999895155 -0.009810701 -13.600036621 0.272164136 0.006542373 0.962228537 120.857131958
0.947856605 -0.006871662 -0.318622947 7.691970825 0.003774635 0.999939442 -0.010336461 -13.657801628 0.318674713 0.008594798 0.947825193 121.326698303
0.930167079 0.001000295 -0.367135167 7.466049194 -0.005433357 0.999924302 -0.011041470 -13.715894699 0.367096245 0.012265189 0.930102050 121.805335999
0.909098983 0.005623443 -0.416542143 7.209930420 -0.011565841 0.999864101 -0.011743870 -13.769285202 0.416419536 0.015494000 0.909040570 122.225456238
0.883861125 0.009919247 -0.467644155 6.941505432 -0.016731344 0.999805748 -0.010415751 -13.822805405 0.467450052 0.017030392 0.883855462 122.638122559
0.854759514 0.013034578 -0.518860459 6.651561737 -0.021599028 0.999711990 -0.010467467 -13.864215851 0.518574536 0.020154053 0.854794919 123.040359497
0.823023498 0.022980070 -0.567542076 6.327899933 -0.032497253 0.999449611 -0.006657807 -13.919717789 0.567076802 0.023923093 0.823317528 123.405075073
0.789003432 0.035990220 -0.613333702 5.976585388 -0.045598134 0.998959959 -0.000039630 -13.961005211 0.612694263 0.027998149 0.789823890 123.761344910
0.753026605 0.044580340 -0.656478047 5.617137909 -0.056810796 0.998381495 0.002632438 -14.001548767 0.655532897 0.035312738 0.754340589 124.075988770
0.713230371 0.048600752 -0.699242771 5.246791840 -0.064204685 0.997929275 0.003871875 -14.049243927 0.697982967 0.042133119 0.714873791 124.370498657
0.670379996 0.050256018 -0.740314126 4.873081207 -0.066637561 0.997749925 0.007389360 -14.100435257 0.739019692 0.044379056 0.672220469 124.652999878
0.626519442 0.053838979 -0.777544022 4.459476471 -0.070148498 0.997457683 0.012542962 -14.134675980 0.776242554 0.046685133 0.628703415 124.926086426
0.581465662 0.062411647 -0.811173439 4.033771515 -0.081405282 0.996512651 0.018318683 -14.166139603 0.809487939 0.055382118 0.584518611 125.154006958
0.535702348 0.071431868 -0.841380060 3.590538025 -0.092934869 0.995349884 0.025332509 -14.192945480 0.839277029 0.064622849 0.539849818 125.363098145
0.488407254 0.076286636 -0.869274735 3.141254425 -0.098517790 0.994622767 0.031934217 -14.218826294 0.867036581 0.070042126 0.493296623 125.565093994
0.441525102 0.077165268 -0.893924534 2.672260284 -0.097914748 0.994488597 0.037484333 -14.239557266 0.891890287 0.070978105 0.446647316 125.740737915
0.394733399 0.078881606 -0.915403366 2.197811127 -0.095616631 0.994424760 0.044459902 -14.260953903 0.913806856 0.069977976 0.400075167 125.904907227
0.348416954 0.081729725 -0.933769703 1.705291748 -0.097160138 0.993974090 0.050745912 -14.284389496 0.932290494 0.073044449 0.354258299 126.054908752
0.304580659 0.084762655 -0.948707461 1.201076508 -0.102756299 0.993143320 0.055743102 -14.302753448 0.946927488 0.080507383 0.311202258 126.169189453
0.263132274 0.086789146 -0.960848093 0.680440903 -0.107641563 0.992367983 0.060158100 -14.322612762 0.958736002 0.087597646 0.270466149 126.270965576
0.223960742 0.083267428 -0.971034467 0.155817032 -0.108099625 0.992318153 0.060160257 -14.338522911 0.968584657 0.091494940 0.231241420 126.365928650
0.189396173 0.078248098 -0.978777885 -0.384363174 -0.103056334 0.992898166 0.059435260 -14.356795311 0.976477563 0.089612462 0.196115047 126.452407837
0.158730268 0.073049918 -0.984615922 -0.940349579 -0.100467406 0.993277609 0.057496145 -14.374987602 0.982197046 0.089795426 0.165002346 126.532028198
0.131910712 0.071590006 -0.988673031 -1.498287201 -0.100951999 0.993173063 0.058446638 -14.398651123 0.986107588 0.092098780 0.138237312 126.606399536
0.109806508 0.070825145 -0.991426408 -2.079945564 -0.102051146 0.992990077 0.059634060 -14.414357185 0.988700211 0.094627999 0.116264574 126.669876099
0.091592140 0.072190374 -0.993176401 -2.687586784 -0.104519762 0.992556572 0.062506370 -14.427536011 0.990296185 0.098081470 0.098455705 126.715286255
0.075281620 0.070545256 -0.994663835 -3.291572571 -0.105588675 0.992450356 0.062396750 -14.453242302 0.991556287 0.100327902 0.082162037 126.766471863
0.061674580 0.069501072 -0.995673597 -3.913440704 -0.104745299 0.992514729 0.062792391 -14.478415489 0.992584884 0.100419432 0.068492830 126.808868408
0.049299784 0.066592366 -0.996561587 -4.557370663 -0.099249251 0.993163168 0.061455410 -14.498546600 0.993840575 0.095878266 0.055571973 126.859764099
0.037052218 0.064064570 -0.997257650 -5.204602242 -0.096921153 0.993468463 0.060220134 -14.517350197 0.994602144 0.094424076 0.043019421 126.901908875
0.026337659 0.063634112 -0.997625709 -5.863841057 -0.096352927 0.993486941 0.060826369 -14.538185120 0.994998693 0.094522126 0.032297455 126.934295654
0.017421439 0.065126441 -0.997724891 -6.535917759 -0.099931933 0.992993236 0.063072637 -14.560690880 0.994841695 0.098605774 0.023807582 126.941658020
0.008725918 0.064505905 -0.997879088 -7.236372471 -0.102425456 0.992726088 0.063277110 -14.583826065 0.994702399 0.101656079 0.015269491 126.962341309
0.002251115 0.063923843 -0.997952223 -7.923504829 -0.105117947 0.992441058 0.063333705 -14.605281830 0.994457245 0.104760133 0.008953644 126.978820801
-0.002965492 0.065370671 -0.997856557 -8.619171143 -0.105658658 0.992254913 0.065317705 -14.627534866 0.994398117 0.105625898 0.003964453 126.991355896
-0.006503582 0.067308374 -0.997710943 -9.339980125 -0.107173376 0.991938353 0.067617521 -14.645410538 0.994219065 0.107367814 0.000762511 127.011482239
-0.007420997 0.070966743 -0.997451007 -10.058530807 -0.109634250 0.991407573 0.071352452 -14.667086601 0.993944228 0.109884307 0.000423153 127.022972107
-0.008240582 0.074499808 -0.997186959 -10.792045593 -0.112290487 0.990844488 0.074953906 -14.682834625 0.993641198 0.112592287 0.000200485 127.029327393
-0.010015168 0.080193661 -0.996728957 -11.521643639 -0.117034547 0.989834249 0.080814935 -14.696636200 0.993077338 0.117461085 -0.000527926 127.046752930
-0.011227312 0.083709545 -0.996426821 -12.259680748 -0.119907185 0.989186466 0.084452361 -14.709191322 0.992721617 0.120426923 -0.001068527 127.061119080
-0.012815379 0.084405079 -0.996349096 -13.005010605 -0.119217783 0.989194393 0.085332409 -14.726830482 0.992785394 0.119876094 -0.002614313 127.076553345
-0.013812665 0.081054397 -0.996613979 -13.777065277 -0.117800556 0.989636004 0.082119532 -14.744228363 0.992941201 0.118535951 -0.004121259 127.089683533
-0.015483419 0.078027613 -0.996830940 -14.528692245 -0.121677093 0.989394069 0.079335444 -14.752655983 0.992448926 0.122519888 -0.005825031 127.100311279
-0.016593354 0.079474784 -0.996698797 -15.302057266 -0.126296714 0.988685071 0.080938414 -14.760885239 0.991853714 0.127222806 -0.006368200 127.098228455
-0.018106863 0.082560465 -0.996421576 -16.077766418 -0.123603418 0.988755465 0.084171399 -14.775821686 0.992166460 0.124685191 -0.007698502 127.112358093
-0.020329263 0.082822837 -0.996356845 -16.851762772 -0.122484699 0.988849699 0.084697925 -14.792943954 0.992262125 0.123760320 -0.009958053 127.126228333
-0.021090256 0.082249656 -0.996388495 -17.642282486 -0.125585288 0.988498449 0.084256560 -14.803007126 0.991858542 0.126908749 -0.010518335 127.122871399
-0.022012528 0.081442937 -0.996434808 -18.434967041 -0.129418924 0.988058150 0.083617292 -14.812960625 0.991345644 0.130798191 -0.011209399 127.133445740
-0.023314999 0.085588045 -0.996057868 -19.232240677 -0.131341070 0.987430751 0.087921090 -14.818099976 0.991062999 0.132873192 -0.011780719 127.140426636
-0.023785667 0.090447441 -0.995617151 -20.039445877 -0.130495772 0.987097144 0.092791006 -14.832048416 0.991163433 0.132130951 -0.011675755 127.148284912
-0.022888238 0.093148135 -0.995389163 -20.862007141 -0.131615639 0.986703336 0.095361754 -14.840524673 0.991036534 0.133191451 -0.010324145 127.162574768
-0.021127917 0.092002094 -0.995534539 -21.680240631 -0.130996212 0.986917734 0.093985856 -14.847320557 0.991157591 0.132397026 -0.008799592 127.173118591
-0.019903023 0.092153370 -0.995545805 -22.511779785 -0.130983666 0.986920536 0.093973599 -14.852523804 0.991184711 0.132270649 -0.007572116 127.181152344
-0.019834388 0.090961285 -0.995656848 -23.338890076 -0.129440591 0.987237930 0.092770725 -14.856343269 0.991388798 0.130718455 -0.007807181 127.201774597
-0.018968603 0.092917114 -0.995493114 -24.177288055 -0.130291432 0.986952126 0.094602548 -14.862221718 0.991294265 0.131498709 -0.006614800 127.218109131
-0.018240063 0.095190637 -0.995291948 -25.014635086 -0.131960422 0.986520231 0.096770041 -14.865274429 0.991087198 0.133104265 -0.005432794 127.230041504
-0.018337293 0.097352222 -0.995081067 -25.882053375 -0.134838641 0.985915482 0.098940320 -14.863501549 0.990697861 0.135989696 -0.004952180 127.244560242
-0.016632155 0.098428056 -0.995005190 -26.746189117 -0.137028828 0.985528708 0.099781156 -14.860123634 0.990427434 0.138003975 -0.002903982 127.253761292
-0.014584026 0.101637110 -0.994714677 -27.620264053 -0.143726379 0.984276414 0.102677807 -14.860048294 0.989510000 0.144464180 0.000253221 127.263191223
-0.012480838 0.105371363 -0.994354606 -28.498332977 -0.148468301 0.983213961 0.106054321 -14.853996277 0.988838375 0.148953825 0.003372972 127.278648376
-0.010358959 0.107166186 -0.994187057 -29.372865677 -0.150995746 0.982672095 0.107498251 -14.848342896 0.988480091 0.151231617 0.006002181 127.307128906
-0.006667174 0.107963115 -0.994132459 -30.267473221 -0.149440810 0.982882857 0.107743613 -14.847982407 0.988748133 0.149282366 0.009581042 127.329780579
-0.004023166 0.107809424 -0.994163394 -31.157566071 -0.151980221 0.982556522 0.107165784 -14.841178894 0.988375306 0.151524320 0.012431911 127.358123779
-0.001451620 0.111667238 -0.993744612 -32.062244415 -0.152544633 0.982090592 0.110580526 -14.833186150 0.988295436 0.151750937 0.015608617 127.384971619
0.001095051 0.113702729 -0.993514240 -32.978919983 -0.151625171 0.982046723 0.112223208 -14.827220917 0.988437474 0.150518864 0.018315591 127.419143677
0.002831075 0.114984743 -0.993363261 -33.871498108 -0.152258337 0.981834710 0.113216348 -14.823682785 0.988336682 0.150927290 0.020287035 127.459022522
0.005363412 0.113074437 -0.993572056 -34.774208069 -0.153502166 0.981903374 0.110917836 -14.816280365 0.988133729 0.151920542 0.022623522 127.489372253
0.005760469 0.114240460 -0.993436456 -35.682373047 -0.157883704 0.981096148 0.111905895 -14.805917740 0.987440884 0.156202778 0.023688283 127.528099060
0.006826708 0.114724502 -0.993373930 -36.575473785 -0.158585846 0.980949402 0.112199761 -14.800509453 0.987321615 0.156769082 0.024890335 127.563858032
0.007025185 0.111266658 -0.993765831 -37.472511292 -0.158832148 0.981298327 0.108747907 -14.798671722 0.987280607 0.157077968 0.024566522 127.598869324
0.008032650 0.107207812 -0.994204164 -38.383865356 -0.160045430 0.981557190 0.104550965 -14.799355507 0.987076938 0.158278003 0.025042623 127.640159607
0.008611661 0.106352188 -0.994291186 -39.282321930 -0.159666598 0.981717110 0.103624336 -14.792608261 0.987133384 0.157862708 0.025435105 127.678916931
0.008311893 0.110436939 -0.993848443 -40.187450409 -0.162002563 0.980901539 0.107643418 -14.788764000 0.986755311 0.160111248 0.026044214 127.720458984
0.008760711 0.116762370 -0.993121266 -41.121631622 -0.162577122 0.980111599 0.113798626 -14.777487755 0.986656964 0.160461858 0.027569359 127.754325867
0.009038256 0.115564913 -0.993258893 -42.015937805 -0.160422459 0.980601132 0.112632416 -14.778291702 0.987007141 0.158323035 0.027402133 127.797431946
0.009786113 0.105141759 -0.994409144 -42.906341553 -0.159703970 0.981855810 0.102242820 -14.783054352 0.987116456 0.157810509 0.026400113 127.840385437
0.010148836 0.094644405 -0.995459437 -43.829242706 -0.161392882 0.982613444 0.091777638 -14.788356781 0.986838043 0.159728631 0.025247321 127.878509521
0.009100283 0.091626287 -0.995751858 -44.730865479 -0.158297941 0.983368516 0.089040101 -14.796710968 0.987349510 0.156815156 0.023453182 127.922714233
0.008929701 0.101797611 -0.994765043 -45.652229309 -0.150838271 0.983558714 0.099296808 -14.800384521 0.988518059 0.149161920 0.024137864 127.970901489
0.008897401 0.114888780 -0.993338645 -46.601963043 -0.145861015 0.982901990 0.112375230 -14.795507431 0.989265084 0.143889517 0.025503071 128.030059814
0.009111511 0.124047063 -0.992234528 -47.524642944 -0.146114647 0.981790483 0.121399626 -14.787425041 0.989225626 0.143873900 0.027070686 128.073272705
0.009062653 0.118188776 -0.992949724 -48.439777374 -0.146396801 0.982447982 0.115602583 -14.783351898 0.989184499 0.144317001 0.026206043 128.112426758
0.009009256 0.104671396 -0.994466066 -49.373962402 -0.146132931 0.983967245 0.102242492 -14.783084869 0.989223957 0.144403070 0.024160752 128.152984619
0.009630268 0.095806383 -0.995353401 -50.289833069 -0.146461979 0.984799623 0.093373492 -14.782208443 0.989169419 0.144882232 0.023515876 128.195297241
0.010064236 0.095869713 -0.995342970 -51.222431183 -0.145338565 0.984963596 0.093400404 -14.788523674 0.989330888 0.143721744 0.023846472 128.237701416
0.009794594 0.097188212 -0.995217800 -52.181091309 -0.148842171 0.984319925 0.094659120 -14.802764893 0.988812447 0.147203237 0.024106719 128.273193359
0.010343578 0.096736148 -0.995256364 -53.109375000 -0.153437153 0.983675838 0.094015896 -14.805887222 0.988104284 0.151736856 0.025017651 128.305603027
0.010738999 0.096341960 -0.995290339 -54.048980713 -0.155101672 0.983461618 0.093523450 -14.811529160 0.987840176 0.153366864 0.025504194 128.346954346
0.011282713 0.104044020 -0.994508624 -55.007598877 -0.163744569 0.981338561 0.100808501 -14.813791275 0.986438215 0.161708012 0.028108804 128.389038086
0.013310948 0.113369256 -0.993463755 -55.960411072 -0.170278609 0.979296267 0.109471068 -14.802698135 0.985306025 0.167708471 0.032339722 128.420394897
0.014616629 0.121465363 -0.992488086 -56.905761719 -0.170515493 0.978357315 0.117224753 -14.793827057 0.985246599 0.167521149 0.035012007 128.464294434
0.015427920 0.122397259 -0.992361307 -57.848579407 -0.172172695 0.977980137 0.117946804 -14.787748337 0.984945893 0.169037864 0.036161672 128.508529663
0.016857348 0.112569407 -0.993500948 -58.790458679 -0.173443958 0.978907108 0.107972927 -14.780736923 0.984699488 0.170496613 0.036026262 128.558166504
0.017713035 0.107655004 -0.994030535 -59.765823364 -0.171963871 0.979699671 0.103038661 -14.783372879 0.984943926 0.169112191 0.035866223 128.629562378
0.020030243 0.106055148 -0.994158447 -60.718406677 -0.170763910 0.980109870 0.101115905 -14.779039383 0.985108316 0.167741030 0.037742235 128.680328369
0.023511145 0.111928858 -0.993438125 -61.678306580 -0.171938330 0.979358554 0.106273375 -14.773719788 0.984827042 0.168311492 0.042270709 128.734191895
0.027015291 0.114421450 -0.993065000 -62.663005829 -0.174707294 0.978678167 0.108011067 -14.784117699 0.984249651 0.170577735 0.046429541 128.782440186
0.030759113 0.109214552 -0.993542194 -63.605171204 -0.174334139 0.979362369 0.102258645 -14.781897545 0.984205961 0.170062900 0.049164150 128.852966309
0.033926871 0.103678241 -0.994032085 -64.555946350 -0.174263328 0.979982376 0.096265122 -14.789327621 0.984114468 0.169957384 0.051315047 128.919052124
0.037359517 0.103360027 -0.993942142 -65.521743774 -0.171621725 0.980521858 0.095513672 -14.791748047 0.984454334 0.167013705 0.054370645 128.989151001
0.039969645 0.107760474 -0.993373096 -66.485466003 -0.169377193 0.980510652 0.099550053 -14.800710678 0.984740555 0.164275780 0.057442833 129.064727783
0.043074492 0.114591986 -0.992478371 -67.457061768 -0.168860435 0.979943454 0.105815999 -14.803920746 0.984698236 0.163032383 0.061560616 129.152847290
0.046690237 0.118297398 -0.991879940 -68.413658142 -0.166669890 0.979966104 0.109030925 -14.802021980 0.984906614 0.160225838 0.065471455 129.226257324
0.048740570 0.119906008 -0.991588116 -69.376617432 -0.166146189 0.979909956 0.110327080 -14.801758766 0.984895766 0.159371212 0.067683287 129.306503296
0.050376285 0.117539331 -0.991789758 -70.332145691 -0.164255366 0.980503321 0.107858695 -14.801632881 0.985130668 0.157473281 0.068700582 129.392395020
0.050406124 0.115611322 -0.992014766 -71.288299561 -0.162024200 0.981065869 0.106102586 -14.805144310 0.985498548 0.155382156 0.068183579 129.484619141
0.050563350 0.112031989 -0.992417395 -72.230003357 -0.158877522 0.981936634 0.102754086 -14.813539505 0.986002684 0.152477235 0.067449369 129.576248169
0.050868932 0.112677343 -0.992328763 -73.200477600 -0.158078417 0.981997728 0.103400849 -14.815711975 0.986115396 0.151605830 0.067765027 129.649765015
0.049548294 0.116436116 -0.991961539 -74.147567749 -0.154376075 0.982138574 0.107572056 -14.811604500 0.986768961 0.147805110 0.066638239 129.752700806
0.049463883 0.118041672 -0.991775930 -75.126281738 -0.148795649 0.982781053 0.109550059 -14.813736916 0.987630069 0.142153144 0.066176251 129.840393066
0.048461393 0.114321470 -0.992261112 -76.075805664 -0.145703778 0.983610749 0.106208749 -14.810562134 0.988140583 0.139429182 0.064324215 129.924423218
0.047246277 0.110868603 -0.992711425 -77.024246216 -0.147298232 0.983729601 0.102855109 -14.813865662 0.987963021 0.141365096 0.062808305 130.002166748
0.046009850 0.107135288 -0.993179381 -78.007698059 -0.143907681 0.984572172 0.099540189 -14.813076019 0.988520920 0.138346314 0.060717598 130.072937012
0.044740785 0.107955217 -0.993148446 -78.955505371 -0.144359916 0.984408259 0.100501828 -14.815059662 0.988513291 0.138874263 0.059627600 130.143783569
0.043584194 0.109338813 -0.993048549 -79.904785156 -0.144912168 0.984172761 0.102001458 -14.815757751 0.988484144 0.139459163 0.058738906 130.221832275
0.043143064 0.110500418 -0.992939234 -80.874481201 -0.147536099 0.983672619 0.103058740 -14.823570251 0.988115251 0.142048106 0.058741458 130.279891968
0.041558936 0.110659927 -0.992989004 -81.831420898 -0.147560611 0.983628809 0.103441060 -14.815958977 0.988179445 0.142227203 0.057207622 130.352447510
0.039372575 0.111231163 -0.993014276 -82.785148621 -0.147728950 0.983511925 0.104309373 -14.816781044 0.988243818 0.142590061 0.055155464 130.421554565
0.037281595 0.114174455 -0.992761016 -83.731483459 -0.147624239 0.983180881 0.107528880 -14.816437721 0.988340676 0.142546743 0.053509478 130.493225098
0.035939358 0.117813483 -0.992385149 -84.694488525 -0.148502007 0.982631385 0.111277528 -14.804958344 0.988258839 0.143371984 0.052810680 130.544311523
0.033660293 0.122302286 -0.991922081 -85.643394470 -0.149551898 0.981926322 0.115994900 -14.790937424 0.988180816 0.144439384 0.051342465 130.609573364
0.031706844 0.122625105 -0.991946518 -86.591438293 -0.149760619 0.981824398 0.116586834 -14.789790154 0.988213778 0.144857883 0.049494971 130.671066284
0.030467791 0.116609663 -0.992710471 -87.536148071 -0.149606109 0.982515514 0.110820502 -14.779881477 0.988276124 0.145139083 0.047380604 130.733413696
0.028095124 0.112146161 -0.993294418 -88.474540710 -0.154354304 0.982255280 0.106533930 -14.772399902 0.987616003 0.150326192 0.044906821 130.794311523
0.028110458 0.109832279 -0.993552566 -89.449043274 -0.152913928 0.982719243 0.104308337 -14.763843536 0.987839639 0.148995876 0.044419572 130.836151123
0.027175229 0.110871844 -0.993463159 -90.399337769 -0.148800522 0.983206511 0.105656907 -14.768020630 0.988493860 0.144956559 0.043216646 130.896942139
0.026499374 0.112084351 -0.993345320 -91.348854065 -0.145447746 0.983552039 0.107099228 -14.764389992 0.989010930 0.141641766 0.042365935 130.959991455
0.025218543 0.112124860 -0.993374169 -92.294380188 -0.140539631 0.984219134 0.107523672 -14.766752243 0.989753783 0.136896834 0.040578559 131.026062012
0.024158370 0.109221123 -0.993723929 -93.240180969 -0.136468679 0.985069215 0.104952194 -14.767808914 0.990349829 0.133076683 0.038702931 131.086883545
0.023305949 0.106099337 -0.994082332 -94.209167480 -0.131277174 0.986067116 0.102166109 -14.774271965 0.991071701 0.128119245 0.036909647 131.140716553
0.022381784 0.108462341 -0.993848562 -95.169586182 -0.129369646 0.986053705 0.104698218 -14.775440216 0.991343796 0.126230523 0.036101371 131.195205688
0.020875253 0.111131653 -0.993586481 -96.115455627 -0.129266247 0.985761285 0.107540533 -14.778573036 0.991390228 0.126192272 0.034943584 131.255249023
0.020010993 0.108890139 -0.993852377 -97.068641663 -0.124629721 0.986569703 0.105582833 -14.770483017 0.992001474 0.121750712 0.033313192 131.298065186
0.016417135 0.105900072 -0.994241178 -98.024467468 -0.122115448 0.987143636 0.103127666 -14.773086548 0.992380142 0.119719155 0.029138107 131.362747192
0.013514198 0.103427656 -0.994545102 -98.973731995 -0.121031925 0.987491965 0.101049505 -14.773809433 0.992556632 0.119006120 0.025863210 131.414062500
0.011222856 0.102135651 -0.994707227 -99.936538696 -0.114655934 0.988340259 0.100188285 -14.780325890 0.993341863 0.112924688 0.022802461 131.459503174
0.008425324 0.102473460 -0.994700074 -100.882209778 -0.108851068 0.988918304 0.100955829 -14.778485298 0.994022369 0.107423574 0.019486306 131.514755249
0.006078879 0.109493107 -0.993968964 -101.870849609 -0.098471984 0.989221692 0.108367935 -14.768716812 0.995121181 0.097219326 0.016795365 131.572463989
0.003476477 0.117759652 -0.993036032 -102.829124451 -0.090550363 0.988999605 0.116963968 -14.765686035 0.995885730 0.089513160 0.014101412 131.626205444
-0.000509978 0.117063567 -0.993124306 -103.784523010 -0.086207010 0.989422023 0.116671458 -14.758213043 0.996277034 0.085673772 0.009587120 131.680526733
-0.002233681 0.106708743 -0.994287789 -104.742835999 -0.086953893 0.990503490 0.106497951 -14.754487038 0.996209860 0.086695082 0.007066271 131.705230713
-0.004466852 0.097296901 -0.995245337 -105.689682007 -0.088802040 0.991284609 0.097308263 -14.753170013 0.996039331 0.088814475 0.004212241 131.741363525
-0.004520581 0.099015757 -0.995075643 -106.652511597 -0.096362434 0.990411699 0.098989449 -14.757957458 0.995336056 0.096335404 0.005064163 131.754364014
-0.005566698 0.108248778 -0.994108140 -107.615867615 -0.099243164 0.989155889 0.108265243 -14.745294571 0.995047629 0.099261127 0.005236621 131.793243408
-0.006994540 0.119540043 -0.992804766 -108.579612732 -0.103190906 0.987442315 0.119621381 -14.733746529 0.994637012 0.103285126 0.005428741 131.819366455
-0.008679279 0.121169254 -0.992594004 -109.522644043 -0.110160172 0.986473620 0.121385373 -14.723421097 0.993875861 0.110397853 0.004786144 131.850769043
-0.008065494 0.118251696 -0.992950916 -110.515312195 -0.117501236 0.985992014 0.118377380 -14.706572533 0.993039966 0.117627732 0.005942207 131.863372803
-0.008292483 0.114257395 -0.993416607 -111.469573975 -0.125523224 0.985473692 0.114391670 -14.694165230 0.992056012 0.125645429 0.006169933 131.886138916
-0.006064308 0.116161376 -0.993211806 -112.435661316 -0.130210668 0.984682083 0.115958810 -14.675651550 0.991467834 0.130029976 0.009154034 131.908233643
-0.004746770 0.117652066 -0.993043482 -113.416137695 -0.138441339 0.983414710 0.117173024 -14.660738945 0.990359247 0.138034478 0.011619864 131.931930542
-0.004116242 0.120348416 -0.992723227 -114.380737305 -0.147693321 0.981771171 0.119633101 -14.644310951 0.989024580 0.147110999 0.013733450 131.949905396
-0.004064540 0.122632280 -0.992443800 -115.354797363 -0.153198853 0.980660081 0.121803604 -14.624571800 0.988186955 0.152536318 0.014801189 131.976531982
-0.003593264 0.121897459 -0.992536306 -116.327293396 -0.156683221 0.980214834 0.120951474 -14.613698006 0.987642467 0.155948356 0.015577118 132.012390137
-0.002010976 0.112672031 -0.993630230 -117.282371521 -0.155793652 0.981464267 0.111607797 -14.617627144 0.987787485 0.155025721 0.015579887 132.043258667
-0.000659559 0.100769952 -0.994909465 -118.232460022 -0.158570975 0.982311189 0.099599026 -14.608460426 0.987347305 0.157829449 0.015331296 132.079574585
