1.000000000 0.000000000 0.000000000 0.000000000 0.000000000 1.000000000 0.000000000 0.000000000 0.000000000 0.000000000 1.000000000 0.000000000
0.999997795 -0.001562284 -0.001407501 0.052399736 0.001559366 0.999996662 -0.002071996 -0.132163987 0.001410734 0.002069796 0.999996841 1.294721246
0.999997675 0.000023881 -0.002143733 0.104904652 -0.000037448 0.999979973 -0.006329078 -0.267583132 0.002143539 0.006329145 0.999977648 2.602319002
0.999996006 0.002524435 -0.001251433 0.147763729 -0.002534192 0.999965906 -0.007856660 -0.406545728 0.001231556 0.007859801 0.999968350 3.905130386
0.999983311 0.005756307 0.000287100 0.192359373 -0.005754310 0.999962032 -0.006534504 -0.545922756 -0.000324704 0.006532744 0.999978662 5.219321728
0.999974430 0.006691209 0.002502644 0.240806133 -0.006683100 0.999972403 -0.003234644 -0.690742552 -0.002524219 0.003217836 0.999991655 6.537720203
0.999958873 0.006934009 0.005856175 0.297765493 -0.006923191 0.999974310 -0.001865707 -0.828599155 -0.005868960 0.001825086 0.999981105 7.841410637
0.999941468 0.005591512 0.009256248 0.353418052 -0.005574653 0.999982715 -0.001846264 -0.961435974 -0.009266411 0.001794556 0.999955475 9.150766373
0.999911368 0.004256472 0.012611181 0.430854619 -0.004234998 0.999989569 -0.001729013 -1.098360062 -0.012618408 0.001675451 0.999918997 10.450062752
0.999867141 0.003028538 0.016014762 0.495313764 -0.002989907 0.999992490 -0.002435628 -1.237693191 -0.016022019 0.002387422 0.999868810 11.759868622
0.999812782 0.001967271 0.019244874 0.573798776 -0.001904761 0.999992847 -0.003265913 -1.373413563 -0.019251160 0.003228646 0.999809444 13.053359985
0.999739349 0.001713529 0.022767244 0.639296472 -0.001637885 0.999993086 -0.003340736 -1.519075990 -0.022772813 0.003302575 0.999735177 14.382191658
0.999654353 0.001587965 0.026242439 0.722559810 -0.001475204 0.999989569 -0.004315694 -1.658559442 -0.026249019 0.004275489 0.999646306 15.680604935
0.999568105 0.002450458 0.029283289 0.801207244 -0.002319735 0.999987185 -0.004497251 -1.794720888 -0.029293936 0.004427380 0.999560952 16.984670639
0.999469280 0.002071992 0.032508157 0.891574860 -0.001938976 0.999989629 -0.004122768 -1.933869362 -0.032516364 0.004057548 0.999462903 18.272527695
0.999400258 0.000478253 0.034625269 0.991708517 -0.000349388 0.999993086 -0.003727645 -2.079676151 -0.034626808 0.003713311 0.999393404 19.573827744
0.999339998 -0.002033236 0.036271404 1.089980125 0.002218262 0.999984682 -0.005061639 -2.219876289 -0.036260556 0.005138757 0.999329209 20.848165512
0.999301076 -0.001693731 0.037343040 1.189607143 0.001946080 0.999975502 -0.006722271 -2.364505291 -0.037330743 0.006790244 0.999279857 22.160240173
0.999255717 -0.001606164 0.038542479 1.273390412 0.001966260 0.999954760 -0.009306744 -2.508823395 -0.038525794 0.009375602 0.999213636 23.445055008
0.999214888 -0.001101910 0.039600804 1.374321461 0.001534299 0.999939501 -0.010889950 -2.650478840 -0.039586406 0.010942160 0.999156237 24.734331131
0.999162912 -0.000455157 0.040905088 1.472723961 0.000927168 0.999933183 -0.011520945 -2.796972752 -0.040897109 0.011549227 0.999096632 26.004322052
0.999155641 -0.002080726 0.041031674 1.577432752 0.002514439 0.999941468 -0.010521458 -2.943841457 -0.041007377 0.010615744 0.999102473 27.286052704
0.999149024 -0.005037543 0.040937036 1.681666255 0.005416493 0.999943495 -0.009151286 -3.092913628 -0.040888615 0.009365235 0.999119818 28.563352585
0.999177456 -0.006563726 0.040016830 1.779055834 0.006953961 0.999929547 -0.009620364 -3.239626169 -0.039950866 0.009890726 0.999152720 29.851186752
0.999188602 -0.008293666 0.039412666 1.880490780 0.008782811 0.999886394 -0.012253967 -3.385263443 -0.039306559 0.012590177 0.999147892 31.114591599
0.999219716 -0.008372170 0.038598105 1.987379313 0.008853917 0.999884844 -0.012327056 -3.535779476 -0.038490456 0.012659180 0.999178767 32.397441864
0.999239028 -0.009045107 0.037940517 2.085400581 0.009539063 0.999871850 -0.012858444 -3.677412748 -0.037819348 0.013210574 0.999197304 33.664051056
0.999247074 -0.009361251 0.037652310 2.177147388 0.009848665 0.999869823 -0.012780574 -3.823312998 -0.037527766 0.013141776 0.999209166 34.928359985
0.999256074 -0.009810833 0.037298210 2.269677162 0.010314594 0.999857783 -0.013337911 -3.966595411 -0.037162054 0.013712704 0.999215126 36.177032471
0.999295473 -0.010442456 0.036049325 2.379461765 0.010933531 0.999849737 -0.013452169 -4.125534058 -0.035903443 0.013836836 0.999259412 37.476112366
0.999294579 -0.010110158 0.036167435 2.468633413 0.010535809 0.999877214 -0.011597737 -4.272236347 -0.036045738 0.011970609 0.999278426 38.738082886
0.999257982 -0.010204007 0.037137706 2.571237564 0.010606193 0.999887049 -0.010648802 -4.409854889 -0.037024848 0.011034790 0.999253392 40.000904083
0.999178529 -0.011943316 0.038724598 2.683512211 0.012302638 0.999883354 -0.009053919 -4.551374435 -0.038611948 0.009522898 0.999208927 41.249420166
0.999055386 -0.012971358 0.041476279 2.772512913 0.013398823 0.999859750 -0.010044879 -4.699312210 -0.041340176 0.010591124 0.999088943 42.510955811
0.998925209 -0.014085018 0.044159703 2.865579844 0.014679756 0.999805450 -0.013172630 -4.849287033 -0.043965582 0.013806727 0.998937607 43.762863159
0.998829424 -0.015314640 0.045882899 2.975768089 0.015986081 0.999769866 -0.014302740 -4.995738506 -0.045653298 0.015019483 0.998844385 45.021106720
0.998714626 -0.015600525 0.048224635 3.106010437 0.016257539 0.999779940 -0.013261943 -5.127132893 -0.048007127 0.014028911 0.998748422 46.256156921
0.998506784 -0.016596595 0.052045535 3.213622570 0.017130673 0.999804914 -0.009832547 -5.283421993 -0.051872205 0.010709441 0.998596251 47.529029846
0.998228014 -0.019478852 0.056226794 3.327711821 0.019953959 0.999769688 -0.007900757 -5.421445847 -0.056059945 0.009008702 0.998386741 48.752086639
0.997991562 -0.021613332 0.059547428 3.459645748 0.022135967 0.999722004 -0.008131106 -5.564294338 -0.059355136 0.009432914 0.998192370 49.996986389
0.997717500 -0.024752630 0.062826589 3.602699757 0.025555883 0.999601245 -0.012013831 -5.698237896 -0.062504165 0.013591998 0.997952163 51.229911804
0.997426689 -0.026292127 0.066700771 3.737260103 0.027155846 0.999558270 -0.012075502 -5.836028576 -0.066353828 0.013855742 0.997699976 52.461315155
0.997069299 -0.028706666 0.070914865 3.867506027 0.029446863 0.999521971 -0.009414284 -5.977362633 -0.070610717 0.011474912 0.997437954 53.679874420
0.996801317 -0.031675063 0.073373809 4.028029442 0.032220326 0.999461174 -0.006259284 -6.109853745 -0.073136017 0.008603390 0.997284889 54.894046783
0.996551514 -0.034454569 0.075485192 4.180696487 0.034883328 0.999381840 -0.004368621 -6.241739273 -0.075288013 0.006986730 0.997137368 56.102737427
0.996363640 -0.037525531 0.076493710 4.335163116 0.037761003 0.999285460 -0.001633772 -6.362863541 -0.076377749 0.004516311 0.997068703 57.322559357
0.996201396 -0.040441241 0.077118613 4.484110355 0.040557276 0.999177217 0.000061648 -6.493377686 -0.077057675 0.003066307 0.997021914 58.525333405
0.996148229 -0.042652018 0.076612107 4.633694172 0.043035578 0.999067843 -0.003361707 -6.614724636 -0.076397307 0.006645804 0.997055292 59.729541779
0.996155918 -0.043892387 0.075808644 4.782542229 0.044598356 0.998975813 -0.007644009 -6.743495941 -0.075395480 0.010995565 0.997093081 60.916110992
0.996169269 -0.045280017 0.074809477 4.914686680 0.046259731 0.998864233 -0.011414807 -6.875359535 -0.074207649 0.014831747 0.997132540 62.120197296
0.996229708 -0.046789952 0.073054507 5.063594818 0.047929224 0.998753786 -0.013919512 -7.007208347 -0.072312161 0.017368481 0.997230828 63.310916901
0.996338487 -0.047282580 0.071231738 5.192047119 0.048394877 0.998730600 -0.013970168 -7.142203331 -0.070480771 0.017366268 0.997361958 64.491493225
0.996550381 -0.046602082 0.068669282 5.324892521 0.047632914 0.998774290 -0.013450465 -7.275942326 -0.067958303 0.016674986 0.997548759 65.669845581
0.996827066 -0.045454338 0.065343112 5.446672440 0.046299722 0.998861611 -0.011481360 -7.415775776 -0.064746834 0.014470296 0.997796774 66.863624573
0.997218549 -0.041710071 0.061769042 5.566897392 0.042290084 0.999072433 -0.008112039 -7.543988705 -0.061373379 0.010701695 0.998057425 68.037063599
0.997472286 -0.040460564 0.058412574 5.687604427 0.040844008 0.999151051 -0.005385122 -7.674701214 -0.058145106 0.007757314 0.998278022 69.226654053
0.997694552 -0.039470479 0.055206500 5.799489021 0.039994445 0.999164462 -0.008417998 -7.809977531 -0.054828115 0.010606543 0.998439550 70.390975952
0.997892201 -0.039336096 0.051612053 5.911331177 0.040209055 0.999063373 -0.015985511 -7.938019276 -0.050934907 0.018027088 0.998539269 71.565711975
0.997926772 -0.043163318 0.047740135 6.023623466 0.044123143 0.998840868 -0.019236922 -8.072040558 -0.046854477 0.021303486 0.998674512 72.734207153
0.997942746 -0.046950396 0.043656595 6.134602547 0.047593065 0.998771489 -0.013799297 -8.216814995 -0.042955071 0.015848659 0.998951316 73.916877747
0.997941613 -0.050497603 0.039527461 6.238070011 0.050888978 0.998664081 -0.008957910 -8.343805313 -0.039022297 0.010950984 0.999178290 75.073410034
0.997993648 -0.052895822 0.034794763 6.333820343 0.053134251 0.998569548 -0.005963192 -8.472192764 -0.034429569 0.007800023 0.999376655 76.254066467
0.998174787 -0.052018795 0.030677203 6.424516678 0.052155312 0.998632252 -0.003666379 -8.596059799 -0.030444527 0.005259666 0.999522686 77.414070129
0.998314798 -0.051494900 0.026754938 6.512611866 0.051614728 0.998659730 -0.003807119 -8.713640213 -0.026523037 0.005181651 0.999634743 78.566238403
0.998443902 -0.050363034 0.023943335 6.578820705 0.050507154 0.998708785 -0.005452737 -8.846165657 -0.023637800 0.006653562 0.999698579 79.725494385
0.998626947 -0.048057377 0.020845758 6.652556419 0.048282977 0.998778880 -0.010457464 -8.975059509 -0.020317746 0.011449602 0.999728024 80.868118286
0.998537421 -0.051223263 0.017298220 6.733988285 0.051483750 0.998561680 -0.014964445 -9.117422104 -0.016506813 0.015833138 0.999738336 82.020652771
0.998393714 -0.054825682 0.014286989 6.791287422 0.055054821 0.998352289 -0.016170824 -9.244609833 -0.013376873 0.016931420 0.999767184 83.159980774
0.998423338 -0.055169359 0.010351511 6.860390186 0.055298388 0.998389959 -0.012622615 -9.374629021 -0.009638462 0.013175133 0.999866784 84.298728943
0.998427033 -0.055560861 0.007520811 6.928835392 0.055636231 0.998398781 -0.010213204 -9.505044937 -0.006941314 0.010615569 0.999919593 85.432540894
0.998570442 -0.053019304 0.006782231 6.967028618 0.053097494 0.998518169 -0.011921141 -9.631735802 -0.006140129 0.012264219 0.999905944 86.574287415
0.998761654 -0.049339946 0.006371440 7.018542767 0.049431004 0.998664498 -0.015026907 -9.759821892 -0.005621505 0.015323245 0.999866784 87.693946838
0.998821437 -0.048218098 0.005549628 7.073332787 0.048310671 0.998670578 -0.017969087 -9.888933182 -0.004675816 0.018216016 0.999823093 88.811019897
0.998751223 -0.049769424 0.004383184 7.127964973 0.049842380 0.998585761 -0.018503016 -10.021369934 -0.003456101 0.018698376 0.999819279 89.924514771
0.998738766 -0.050082445 0.003556765 7.182207108 0.050132908 0.998615921 -0.015899695 -10.154410362 -0.002755547 0.016057950 0.999867260 91.022644043
0.998631477 -0.052245047 0.002349035 7.238361359 0.052271698 0.998544931 -0.013262085 -10.285075188 -0.001652738 0.013366725 0.999909282 92.194747925
0.998679638 -0.051342957 0.001705269 7.291069508 0.051360328 0.998601675 -0.012516571 -10.410528183 -0.001060247 0.012587626 0.999920189 93.302703857
0.998635054 -0.052200187 0.001728744 7.335080624 0.052219875 0.998529255 -0.014571459 -10.543657303 -0.000965569 0.014641847 0.999892294 94.425247192
0.998629928 -0.052316006 0.001119360 7.399989128 0.052327730 0.998462021 -0.018320668 -10.675666809 -0.000159174 0.018354142 0.999831557 95.543273926
0.998591721 -0.053040158 0.001009369 7.450659275 0.053049758 0.998400390 -0.019551395 -10.803332329 0.000029255 0.019577404 0.999808431 96.634887695
0.998577297 -0.053313706 0.001032113 7.504966259 0.053323671 0.998410106 -0.018269505 -10.934306145 -0.000056457 0.018298546 0.999832571 97.736854553
0.998597860 -0.052920606 0.001349173 7.558369160 0.052933678 0.998513758 -0.012967408 -11.055603981 -0.000660925 0.013020640 0.999915004 98.824905396
0.998684287 -0.051214464 0.002579343 7.606380939 0.051237334 0.998638749 -0.009758766 -11.175678253 -0.002076042 0.009878084 0.999949038 99.890525818
0.998748124 -0.049835924 0.004315941 7.663370132 0.049876183 0.998707473 -0.009784579 -11.290120125 -0.003822738 0.009987593 0.999942839 100.941596985
0.998849452 -0.047521662 0.006437039 7.711470127 0.047592450 0.998802602 -0.011329425 -11.417992592 -0.005890938 0.011622747 0.999915123 101.996566772
0.998824954 -0.047584843 0.009186025 7.761512756 0.047711741 0.998761177 -0.014127169 -11.532723427 -0.008502407 0.014548851 0.999857962 103.005561829
0.998733699 -0.049180459 0.010592535 7.830641270 0.049330905 0.998678148 -0.014444225 -11.654500008 -0.009868158 0.014948476 0.999839544 104.014205933
0.998604417 -0.051429015 0.012006269 7.899285316 0.051589679 0.998577356 -0.013480095 -11.782264709 -0.011295921 0.014080684 0.999837041 105.020362854
0.998587132 -0.051305532 0.013839263 7.956902981 0.051473033 0.998601913 -0.012031394 -11.895600319 -0.013202637 0.012726746 0.999831736 105.976829529
0.998512745 -0.052329570 0.015292663 8.015305519 0.052497882 0.998562336 -0.010820298 -12.002796173 -0.014704457 0.011607037 0.999824524 106.939903259
0.998451829 -0.052838173 0.017378168 8.069581985 0.053035200 0.998531163 -0.011079036 -12.110706329 -0.016767247 0.011983538 0.999787629 107.854713440
0.998431563 -0.052741554 0.018777924 8.136502266 0.052925549 0.998553813 -0.009439452 -12.211171150 -0.018252915 0.010418478 0.999779105 108.766777039
0.998434067 -0.051920082 0.020825084 8.191288948 0.052081406 0.998616397 -0.007280331 -12.310392380 -0.020418271 0.008353532 0.999756634 109.636558533
0.998414695 -0.051895387 0.021790763 8.255739212 0.051994838 0.998639226 -0.004021960 -12.412851334 -0.021552389 0.005148591 0.999754488 110.494247437
0.998381674 -0.051843069 0.023375966 8.315844536 0.051951285 0.998641431 -0.004045891 -12.503991127 -0.023134459 0.005253755 0.999718606 111.319808960
0.998392761 -0.051036723 0.024637491 8.366394043 0.051130429 0.998686910 -0.003187958 -12.595395088 -0.024442434 0.004442560 0.999691367 112.134841919
0.998495519 -0.048701461 0.025194058 8.417131424 0.048783947 0.998805821 -0.002669869 -12.677177429 -0.025033945 0.003894918 0.999679029 112.914947510
0.998630166 -0.046214841 0.024532100 8.461326599 0.046220463 0.998931289 0.000338084 -12.754761696 -0.024521507 0.000796264 0.999698937 113.667938232
0.998703778 -0.046131834 0.021508707 8.508522034 0.046114538 0.998935342 0.001299822 -12.840368271 -0.021545770 -0.000306273 0.999767840 114.419433594
0.998813272 -0.046242248 0.015286157 8.542998314 0.046223152 0.998929799 0.001600534 -12.916488647 -0.015343810 -0.000892061 0.999881864 115.115150452
0.998992801 -0.044617999 0.004750714 8.570716858 0.044616014 0.999004066 0.000523440 -12.992323875 -0.004769336 -0.000310955 0.999988616 115.782585144
0.999070585 -0.042205002 -0.008754240 8.565626144 0.042187620 0.999107361 -0.002160295 -13.064837456 0.008837603 0.001788968 0.999959409 116.415809631
0.998783171 -0.040567499 -0.028042682 8.571043015 0.040444050 0.999169528 -0.004955459 -13.130168915 0.028220424 0.003815270 0.999594450 117.049934387
0.997977793 -0.038975026 -0.050210997 8.534740448 0.038668934 0.999227166 -0.007053345 -13.201994896 0.050447091 0.005097476 0.998713732 117.636138916
0.996246159 -0.037413143 -0.078063309 8.495172501 0.036805455 0.999280035 -0.009209367 -13.266849518 0.078351654 0.006301641 0.996905923 118.206611633
0.993280053 -0.035239976 -0.110240035 8.424885750 0.034217842 0.999352157 -0.011150593 -13.335561752 0.110561579 0.007303484 0.993842483 118.749008179
0.988927901 -0.030491896 -0.145230427 8.309698105 0.028953759 0.999500096 -0.012693435 -13.401801109 0.145544872 0.008347925 0.989316463 119.299270630
0.982602715 -0.024714483 -0.184068054 8.212097168 0.022911580 0.999666512 -0.011915484 -13.463899612 0.184301108 0.007490897 0.982841253 119.805313110
0.973992825 -0.019264609 -0.225758255 8.072696686 0.017408894 0.999796391 -0.010208020 -13.519267082 0.225908920 0.006012337 0.974129856 120.308723450
0.962615430 -0.014738115 -0.270470500 7.899562836 0.012855479 0.999879241 -0.008730900 -13.577682495 0.270566463 0.004927472 0.962688625 120.804817200
0.948323011 -0.008632780 -0.317189336 7.706447601 0.005912897 0.999937117 -0.009536585 -13.631990433 0.317251682 0.007168256 0.948314130 121.282165527
0.930852473 -0.000737439 -0.365394592 7.480773926 -0.003177732 0.999943852 -0.010113448 -13.691826820 0.365381479 0.010575252 0.930797756 121.748886108
0.909866154 0.003616739 -0.414885998 7.216693878 -0.009145618 0.999893785 -0.011340306 -13.740390778 0.414800912 0.014112550 0.909802735 122.182296753
0.884760261 0.007956319 -0.465978295 6.948551178 -0.014308279 0.999846578 -0.010095535 -13.794744492 0.465826511 0.015599477 0.884738624 122.593025208
0.855417252 0.010995087 -0.517822862 6.665863037 -0.018901732 0.999771357 -0.009996263 -13.837953568 0.517594576 0.018338723 0.855429411 123.001876831
0.824213326 0.020986164 -0.565890431 6.334800720 -0.029990695 0.999528348 -0.006613411 -13.891917229 0.565484643 0.022422308 0.824454010 123.362937927
0.790037870 0.033611644 -0.612136006 5.988388062 -0.042697407 0.999087989 -0.000247622 -13.933654785 0.611569285 0.026332250 0.790752411 123.719512939
0.753818750 0.042526588 -0.655704856 5.635032654 -0.054125965 0.998530865 0.002536124 -13.976268768 0.654849350 0.033578876 0.755013108 124.037078857
0.714236617 0.046157833 -0.698380649 5.261138916 -0.061247256 0.998117089 0.003330402 -14.022537231 0.697219253 0.040395200 0.715718806 124.334625244
0.671454728 0.048088793 -0.739483595 4.886550903 -0.064167738 0.997917116 0.006630164 -14.072045326 0.738262057 0.042999130 0.673141956 124.619194031
0.627766132 0.051496528 -0.776696682 4.479301453 -0.067560568 0.997648418 0.011540143 -14.105893135 0.775464535 0.045229562 0.629769027 124.885070801
0.582662046 0.060313027 -0.810473502 4.054115295 -0.078917824 0.996728539 0.017438335 -14.140697479 0.808873892 0.053800143 0.585515678 125.114685059
0.537078679 0.069100320 -0.840697169 3.610332489 -0.090612710 0.995598376 0.023944423 -14.164822578 0.838651180 0.063317820 0.540975928 125.323463440
0.489838660 0.074148826 -0.868654132 3.161586761 -0.096138991 0.994894087 0.030711465 -14.195616722 0.866496027 0.068467878 0.494466096 125.527725220
0.442943007 0.075009063 -0.893406451 2.692337036 -0.095518969 0.994770527 0.036161970 -14.214319229 0.891446888 0.069319554 0.447791517 125.703720093
0.396107256 0.076897927 -0.914978564 2.218994141 -0.093369819 0.994694829 0.043176435 -14.238197327 0.913444698 0.068328872 0.401185840 125.869110107
0.349760652 0.079636052 -0.933448315 1.726200104 -0.094887339 0.994268000 0.049270768 -14.262165070 0.932021379 0.071339443 0.355312288 126.020599365
0.306066096 0.082667336 -0.948414326 1.223026276 -0.100581840 0.993454993 0.054134116 -14.280395508 0.946681976 0.078824624 0.312377751 126.133331299
0.264946908 0.084506087 -0.960552871 0.706474304 -0.105684787 0.992696047 0.058183156 -14.300130844 0.958453894 0.086100377 0.271942765 126.232475281
0.225931764 0.081004038 -0.970769346 0.181072235 -0.106151603 0.992649674 0.058124628 -14.317290306 0.968342185 0.089916535 0.232869804 126.327033997
0.191358149 0.076151386 -0.978561699 -0.356746674 -0.101189718 0.993203878 0.057503153 -14.338471413 0.976290286 0.088016689 0.197763413 126.414146423
0.160778463 0.071021840 -0.984431863 -0.912628174 -0.098660529 0.993568480 0.055567645 -14.357438087 0.982047021 0.088190496 0.166751534 126.493537903
0.133660644 0.069382325 -0.988595366 -1.471624374 -0.099187784 0.993473887 0.056314271 -14.381801605 0.986051023 0.090529598 0.139670223 126.571693420
0.111605220 0.068744168 -0.991371989 -2.053849220 -0.100336984 0.993285894 0.057581302 -14.399262428 0.988674283 0.093044892 0.117753468 126.635337830
0.093510084 0.069848850 -0.993165135 -2.659744263 -0.102837034 0.992878139 0.060146187 -14.412679672 0.990293086 0.096509881 0.100027159 126.681022644
0.076947659 0.068233088 -0.994697571 -3.263647079 -0.103637055 0.992798746 0.060085684 -14.439330101 0.991634190 0.098464079 0.083464995 126.735725403
0.063274197 0.067451693 -0.995714128 -3.884788513 -0.103030197 0.992823839 0.060708694 -14.468882561 0.992663682 0.098747335 0.069769703 126.780189514
0.050695561 0.064629883 -0.996620774 -4.529007912 -0.097677484 0.993440568 0.059455048 -14.492200851 0.993926048 0.094333313 0.056675907 126.836151123
0.038614318 0.062007088 -0.997328401 -5.176629543 -0.095352158 0.993747056 0.058092602 -14.511498451 0.994694471 0.092854217 0.044285372 126.877601624
0.027750006 0.061809808 -0.997702122 -5.835082531 -0.094823815 0.993748486 0.058927458 -14.535161018 0.995107234 0.092970692 0.033437558 126.912384033
0.018855479 0.063293666 -0.997816861 -6.505702019 -0.098334402 0.993272901 0.061147258 -14.559840202 0.994974911 0.096966743 0.024952583 126.921745300
0.010459949 0.062431250 -0.997994483 -7.206777573 -0.101491556 0.992961228 0.061052658 -14.584003448 0.994781375 0.100649424 0.016722571 126.938735962
0.004063560 0.061834589 -0.998078167 -7.894048691 -0.104127474 0.992686808 0.061076634 -14.606657028 0.994555712 0.103679150 0.010472521 126.955810547
-0.001539092 0.063321032 -0.997992039 -8.588853836 -0.104865156 0.992480516 0.063133046 -14.631217003 0.994485378 0.104751751 0.005112651 126.972900391
-0.004841621 0.065240264 -0.997857809 -9.305886269 -0.106384084 0.992172956 0.065384768 -14.649250984 0.994313300 0.106472768 0.002136801 126.993637085
-0.005849538 0.068845615 -0.997610152 -10.023318291 -0.108708508 0.991670966 0.069073170 -14.672912598 0.994056404 0.108852766 0.001683287 127.009170532
-0.006966199 0.072248802 -0.997362256 -10.757104874 -0.111519009 0.991108656 0.072574712 -14.689049721 0.993737817 0.111730434 0.001152855 127.021522522
-0.007889657 0.078063577 -0.996917188 -11.490139961 -0.116716795 0.990061998 0.078450486 -14.704512596 0.993133903 0.116975926 0.001300081 127.026748657
-0.009100765 0.081484661 -0.996633112 -12.227811813 -0.119657330 0.989424229 0.081987925 -14.717989922 0.992773533 0.120000623 0.000745721 127.042976379
-0.010747224 0.082290471 -0.996550500 -12.972183228 -0.118893720 0.989433110 0.082984954 -14.738400459 0.992848814 0.119375467 -0.000849837 127.060798645
-0.011733722 0.078688644 -0.996830225 -13.738891602 -0.116745412 0.989973128 0.079521567 -14.753630638 0.993092597 0.117308453 -0.002429531 127.074317932
-0.012992799 0.075370841 -0.997070849 -14.508090019 -0.119930200 0.989839196 0.076386988 -14.764056206 0.992697239 0.120571397 -0.003821542 127.083648682
-0.014519965 0.076803356 -0.996940434 -15.272405624 -0.124976151 0.989087462 0.078018576 -14.776013374 0.992053509 0.125726625 -0.004762927 127.090202332
-0.015931312 0.080861107 -0.996597946 -16.039402008 -0.122363977 0.989074886 0.082206756 -14.794633865 0.992357433 0.123257369 -0.005862776 127.100067139
-0.018021312 0.080051407 -0.996627748 -16.827661514 -0.121085107 0.989278316 0.081650563 -14.806068420 0.992478549 0.122148223 -0.008135058 127.117904663
-0.019854374 0.079353191 -0.996648788 -17.609487534 -0.124122590 0.988937974 0.081211902 -14.819867134 0.992068291 0.125319049 -0.009785219 127.128898621
-0.019953763 0.079146370 -0.996663213 -18.403621674 -0.128773719 0.988355041 0.081064746 -14.832664490 0.991473258 0.129961565 -0.009529429 127.125984192
-0.020719567 0.083452307 -0.996296346 -19.201965332 -0.130713746 0.987730563 0.085453212 -14.839812279 0.991203606 0.132000193 -0.009556989 127.129852295
-0.021451384 0.087954223 -0.995893478 -20.008621216 -0.129744276 0.987454176 0.090003550 -14.854092598 0.991315365 0.131142154 -0.009770708 127.141052246
-0.020736679 0.090246215 -0.995703697 -20.830011368 -0.131205469 0.987058997 0.092195213 -14.860245705 0.991138279 0.132553592 -0.008627526 127.156616211
-0.018983237 0.089047067 -0.995846450 -21.648612976 -0.130569890 0.987275183 0.090769611 -14.869392395 0.991257310 0.131750658 -0.007114816 127.168769836
-0.017381709 0.089134194 -0.995867908 -22.476993561 -0.130611852 0.987281144 0.090645306 -14.875926971 0.991281211 0.131647766 -0.005518651 127.174339294
-0.017657321 0.088203192 -0.995945990 -23.301658630 -0.128902525 0.987587571 0.089748308 -14.885644913 0.991500080 0.129964679 -0.006068538 127.202110291
-0.016661396 0.090041786 -0.995798647 -24.139287949 -0.129786968 0.987315953 0.091446340 -14.892894745 0.991401911 0.130765304 -0.004763813 127.219108582
-0.016083430 0.092119746 -0.995618045 -24.976409912 -0.131432071 0.986911833 0.093437381 -14.896825790 0.991194785 0.132358953 -0.003765441 127.234169006
-0.015880272 0.094479695 -0.995400131 -25.852466583 -0.134560168 0.986267567 0.095759593 -14.899003029 0.990778148 0.135461926 -0.002948992 127.245353699
-0.014243761 0.095465146 -0.995330870 -26.718309402 -0.136724785 0.985896051 0.096516833 -14.897288322 0.990506709 0.137461171 -0.000990414 127.256950378
-0.012699608 0.098544590 -0.995051563 -27.586086273 -0.143464446 0.984656513 0.099346124 -14.899781227 0.989574015 0.144016176 0.001632895 127.274368286
-0.009848458 0.102522023 -0.994681954 -28.466777802 -0.148336366 0.983574629 0.102845900 -14.897978783 0.988887906 0.148560375 0.005521053 127.282958984
-0.007863454 0.104314134 -0.994513273 -29.341527939 -0.150770739 0.983050704 0.104303956 -14.894992828 0.988537490 0.150763646 0.007997343 127.314773560
-0.003894864 0.105193585 -0.994444072 -30.241144180 -0.149633750 0.983194113 0.104589604 -14.898574829 0.988733828 0.149209782 0.011911104 127.335098267
-0.001138152 0.105046190 -0.994466662 -31.133878708 -0.152147800 0.982871294 0.103995487 -14.895143509 0.988357127 0.151424289 0.014863891 127.363471985
0.001069737 0.108880363 -0.994054258 -32.035522461 -0.152732387 0.982409954 0.107440576 -14.891160965 0.988267004 0.151709378 0.017680481 127.397911072
0.003144853 0.110866740 -0.993830323 -32.945350647 -0.151733622 0.982380748 0.109109357 -14.887197495 0.988416433 0.150454327 0.019911660 127.440849304
0.005023567 0.112128593 -0.993681073 -33.838638306 -0.152290091 0.982188463 0.110061847 -14.886259079 0.988323033 0.150774866 0.022010162 127.480911255
0.007598978 0.110220551 -0.993878126 -34.742088318 -0.153473884 0.982259452 0.107758641 -14.881034851 0.988123477 0.151715457 0.024380146 127.511764526
0.007968492 0.111380339 -0.993745863 -35.654975891 -0.157730728 0.981476665 0.108740419 -14.873597145 0.987450004 0.155877784 0.025388993 127.551719666
0.008874600 0.111970283 -0.993671954 -36.551277161 -0.158321038 0.981334388 0.109166063 -14.871384621 0.987347841 0.156350359 0.026436202 127.589431763
0.009571693 0.108605608 -0.994038820 -37.442626953 -0.159086436 0.981588542 0.105713479 -14.872430801 0.987218201 0.157126248 0.026673144 127.623611450
0.009939054 0.104299575 -0.994496286 -38.345565796 -0.159826279 0.981925011 0.101383850 -14.875888824 0.987095118 0.157938957 0.026429221 127.670951843
0.010447500 0.103481315 -0.994576514 -39.243015289 -0.159428716 0.982079864 0.100506380 -14.872838974 0.987154186 0.157514021 0.026758173 127.711929321
0.010348599 0.107624501 -0.994137824 -40.150180817 -0.161613807 0.981299996 0.104552373 -14.871607780 0.986799896 0.159584418 0.027548691 127.752784729
0.010798708 0.113859609 -0.993438184 -41.073337555 -0.162546009 0.980481803 0.110607788 -14.862632751 0.986641884 0.160284966 0.029095363 127.787384033
0.011108338 0.112649411 -0.993572712 -41.967781067 -0.160437673 0.980961621 0.109425858 -14.865993500 0.986983538 0.158190951 0.028970063 127.831253052
0.012090183 0.102074847 -0.994703293 -42.858825684 -0.159764245 0.982193470 0.098849267 -14.873052597 0.987081110 0.157722920 0.028182814 127.873908997
0.012189560 0.091883294 -0.995695174 -43.781082153 -0.161621109 0.982856691 0.088719971 -14.882076263 0.986777604 0.159843877 0.026830878 127.913719177
0.010990915 0.088816553 -0.995987356 -44.682579041 -0.158444732 0.983618498 0.085965097 -14.893297195 0.987306654 0.156864122 0.024883382 127.960960388
0.010822713 0.098736130 -0.995054781 -45.603500366 -0.151216194 0.983830214 0.095977642 -14.897909164 0.988441467 0.149429604 0.025578210 128.010803223
0.011095292 0.111949779 -0.993651927 -46.548328400 -0.146083355 0.983232915 0.109144725 -14.897141457 0.989210069 0.143945009 0.027263256 128.067321777
0.011439350 0.120927505 -0.992595434 -47.469509125 -0.146361917 0.982171595 0.117970802 -14.890818596 0.989164948 0.143928692 0.028934587 128.112548828
0.011010846 0.115346767 -0.993264258 -48.386718750 -0.146544397 0.982785463 0.112505354 -14.891554832 0.989142835 0.144318551 0.027724726 128.154342651
0.011313711 0.101810805 -0.994739592 -49.307666779 -0.146676764 0.984211504 0.099065028 -14.892953873 0.989119768 0.144784391 0.026068365 128.195343018
0.011858179 0.092984393 -0.995596945 -50.222274780 -0.147098854 0.984996617 0.090242311 -14.895787239 0.989050746 0.145381078 0.025358161 128.239334106
0.012501302 0.092942439 -0.995593011 -51.157821655 -0.146349639 0.985118747 0.090126961 -14.904766083 0.989153981 0.144577995 0.025917359 128.280151367
0.011621817 0.094513126 -0.995455801 -52.094432831 -0.149311215 0.984525979 0.091732174 -14.927444458 0.988721967 0.147566617 0.025553845 128.328292847
0.012493890 0.093999468 -0.995493829 -53.024158478 -0.153922021 0.983886302 0.090971611 -14.931859970 0.988004029 0.152091831 0.026761152 128.358825684
0.012725586 0.093360275 -0.995551109 -53.961490631 -0.155432105 0.983714163 0.090263426 -14.937476158 0.987764657 0.153591946 0.027029524 128.403488159
0.013556297 0.101112284 -0.994782627 -54.921485901 -0.164567068 0.981532991 0.097522929 -14.944499969 0.986272752 0.162386417 0.029945709 128.442672729
0.014770333 0.110569626 -0.993758559 -55.861244202 -0.169883505 0.979694724 0.106479824 -14.940816879 0.985353529 0.167250484 0.033254374 128.483795166
0.016272206 0.119052529 -0.992754638 -56.820739746 -0.170504630 0.978673697 0.114569180 -14.938329697 0.985222578 0.167405009 0.036224190 128.522720337
0.017386703 0.119410634 -0.992692649 -57.779552460 -0.172238410 0.978358209 0.114669643 -14.929363251 0.984901965 0.168986082 0.037577525 128.572357178
0.019040229 0.109831870 -0.993767917 -58.713108063 -0.173970401 0.979149580 0.104883045 -14.931161880 0.984566808 0.170889184 0.037750728 128.614929199
0.020322250 0.104747012 -0.994291246 -59.650379181 -0.172336429 0.979978025 0.099716753 -14.927684784 0.984828591 0.169326112 0.037967082 128.669815063
0.022135619 0.103417568 -0.994391739 -60.622013092 -0.170802563 0.980403483 0.098160639 -14.933536530 0.985056579 0.167671785 0.039365821 128.726394653
0.025592644 0.109267794 -0.993682802 -61.584804535 -0.172496289 0.979581296 0.103274442 -14.934362411 0.984677553 0.168763563 0.043918364 128.784301758
0.028968176 0.111402728 -0.993353069 -62.557285309 -0.175123170 0.978965640 0.104682237 -14.938663483 0.984120309 0.170926660 0.047868039 128.840576172
0.032808639 0.106459498 -0.993775666 -63.512039185 -0.174139455 0.979711235 0.099203773 -14.943105698 0.984174311 0.169800818 0.050681796 128.902282715
0.036183260 0.100709550 -0.994257748 -64.469223022 -0.174083710 0.980332851 0.092963807 -14.951014519 0.984065890 0.169720292 0.053003535 128.966323853
0.040105943 0.100306056 -0.994148016 -65.447914124 -0.171544090 0.980867028 0.092045620 -14.952384949 0.984359741 0.166848645 0.056545511 129.031341553
0.041774407 0.104834452 -0.993611932 -66.398590088 -0.168820694 0.980921507 0.096397765 -14.971776009 0.984761119 0.163715288 0.058675636 129.123931885
0.045195080 0.111504577 -0.992735684 -67.357147217 -0.168338552 0.980390370 0.102454178 -14.975057602 0.984692574 0.162485257 0.063079335 129.202743530
0.047592621 0.115352891 -0.992183864 -68.320480347 -0.165962130 0.980415940 0.106023945 -14.982027054 0.984982967 0.159618959 0.065804772 129.288925171
0.049836155 0.116927281 -0.991889358 -69.304321289 -0.165697128 0.980328560 0.107239246 -14.982040405 0.984916687 0.159008801 0.068230316 129.366912842
0.052301716 0.114311099 -0.992067277 -70.244552612 -0.164629117 0.980821729 0.104336090 -14.984243393 0.984967887 0.157866150 0.070117578 129.437469482
0.053047549 0.113107584 -0.992165625 -71.189880371 -0.162530363 0.981294155 0.103178300 -14.992025375 0.985276520 0.155783683 0.070438653 129.524673462
0.053727742 0.109510452 -0.992532432 -72.134460449 -0.159621522 0.982128620 0.099721901 -15.003122330 0.985715091 0.153071716 0.070247769 129.612655640
0.053057570 0.108928137 -0.992632568 -73.124389648 -0.158060670 0.982417762 0.099358641 -14.997959137 0.986002922 0.151624456 0.069341950 129.699386597
0.052916922 0.113571547 -0.992119610 -74.078575134 -0.154862866 0.982425272 0.104201853 -15.001741409 0.986517787 0.148128450 0.069574945 129.783859253
0.052576464 0.115195066 -0.991950512 -75.039337158 -0.148714975 0.983151138 0.106290832 -15.007989883 0.987481534 0.141929537 0.068821833 129.878646851
0.051580489 0.110735089 -0.992510498 -75.997245789 -0.145941466 0.983999968 0.102201037 -14.999966621 0.987947702 0.139576882 0.066916049 129.965103149
0.050013527 0.106936872 -0.993007123 -76.961669922 -0.148119584 0.984050751 0.098512210 -15.006112099 0.987703979 0.142156869 0.065055311 130.042724609
0.048743490 0.104256138 -0.993355274 -77.910789490 -0.144606903 0.984795630 0.096261963 -15.012436867 0.988287866 0.138953850 0.063078530 130.125244141
0.047535326 0.104801543 -0.993356407 -78.874229431 -0.144771129 0.984702945 0.096960805 -15.014613152 0.988322735 0.139200270 0.061980404 130.195571899
0.046912502 0.106059231 -0.993252575 -79.832977295 -0.146001205 0.984396636 0.098217785 -15.021995544 0.988171399 0.140408486 0.061665293 130.267990112
0.045558758 0.106278621 -0.993292153 -80.786697388 -0.147502631 0.984141171 0.098534100 -15.027140617 0.988011718 0.142024100 0.060512632 130.341491699
0.044368804 0.107431784 -0.993221939 -81.739288330 -0.147416547 0.984021425 0.099851258 -15.034292221 0.988078773 0.141987085 0.059497073 130.408615112
0.042328771 0.107565418 -0.993296564 -82.702339172 -0.147309691 0.983993709 0.100280486 -15.037378311 0.988184214 0.142077461 0.057496671 130.479934692
0.040400967 0.109770954 -0.993135512 -83.655242920 -0.147049904 0.983777463 0.102754563 -15.033356667 0.988303661 0.141889110 0.055887360 130.558425903
0.038800810 0.113433443 -0.992787659 -84.609046936 -0.148404181 0.983171701 0.106534697 -15.028822899 0.988165379 0.143200204 0.054981850 130.619064331
0.036847115 0.118578292 -0.992260754 -85.559738159 -0.149763599 0.982376635 0.111835696 -15.023604393 0.988035023 0.144483745 0.053956449 130.682876587
0.034376826 0.118363976 -0.992375016 -86.506134033 -0.149613440 0.982381880 0.111989327 -15.023793221 0.988146782 0.144622773 0.051480014 130.747497559
0.033420321 0.113364980 -0.992991149 -87.450881958 -0.149718449 0.982902825 0.107174300 -15.023024559 0.988163650 0.145087317 0.049821761 130.807998657
0.030972157 0.108454742 -0.993618786 -88.397186279 -0.153742358 0.982782364 0.102479614 -15.014202118 0.987625420 0.149587288 0.047112986 130.868118286
0.029739037 0.106380120 -0.993880689 -89.340194702 -0.151603252 0.983297288 0.100711033 -15.014816284 0.987993956 0.147680506 0.045369897 130.933639526
0.029325485 0.107563287 -0.993765652 -90.306404114 -0.146834314 0.983871520 0.102159366 -15.018085480 0.988726318 0.142923027 0.044646498 130.986053467
0.028829390 0.108954504 -0.993628561 -91.255363464 -0.143951952 0.984132409 0.103736565 -15.019721031 0.989164650 0.140044108 0.044056155 131.047134399
0.027488906 0.108779013 -0.993685782 -92.207290649 -0.138653070 0.984867454 0.103978038 -15.025240898 0.989959359 0.134919360 0.042155478 131.115249634
0.026244115 0.105908938 -0.994029462 -93.150131226 -0.134671941 0.985681832 0.101463951 -15.031126022 0.990542650 0.131205052 0.040131308 131.178924561
0.025623787 0.102897860 -0.994361818 -94.096054077 -0.129631341 0.986631989 0.098757476 -15.038712502 0.991231084 0.126369923 0.038620040 131.240509033
0.024123387 0.105781719 -0.994096696 -95.070373535 -0.128214896 0.986501396 0.101862162 -15.050324440 0.991452992 0.125000745 0.037360545 131.291305542
0.022695513 0.108072579 -0.993883848 -96.016944885 -0.127587423 0.986324012 0.104337074 -15.051072121 0.991567552 0.124439113 0.036173832 131.350814819
0.021403007 0.105831914 -0.994153678 -96.977844238 -0.123461619 0.987049997 0.102417730 -15.049481392 0.992118537 0.120547779 0.034192022 131.400100708
0.019412231 0.103160776 -0.994475245 -97.928024292 -0.120517537 0.987651467 0.100100420 -15.054732323 0.992521465 0.117908545 0.031605203 131.449966431
0.015534512 0.100642435 -0.994801342 -98.895492554 -0.119327687 0.987997472 0.098090701 -15.057859421 0.992733359 0.117183566 0.027357487 131.504180908
0.012902040 0.099707648 -0.994933069 -99.850769043 -0.113824368 0.988694668 0.097606398 -15.069030762 0.993417025 0.111988313 0.024105335 131.553024292
0.010572610 0.099525072 -0.994978845 -100.808868408 -0.107030801 0.989430726 0.097832799 -15.064211845 0.994199455 0.105459049 0.021113114 131.598129272
0.008280617 0.107813895 -0.994136631 -101.774169922 -0.097253896 0.989544451 0.106505804 -15.070597649 0.995225072 0.095801726 0.018679358 131.654556274
0.005605240 0.116091460 -0.993222773 -102.731887817 -0.089256890 0.989331901 0.115132965 -15.069537163 0.995992839 0.088006616 0.015907407 131.710708618
0.002351727 0.116030358 -0.993242979 -103.687126160 -0.084789738 0.989691973 0.115414791 -15.068180084 0.996396065 0.083945379 0.012165670 131.760681152
-0.000141673 0.105407543 -0.994429111 -104.639625549 -0.085956439 0.990747333 0.105029546 -15.066895485 0.996299028 0.085492454 0.008920096 131.793243408
-0.002362021 0.096445255 -0.995335579 -105.588378906 -0.087933116 0.991462708 0.096278660 -15.070207596 0.996123552 0.087750375 0.006138877 131.830535889
-0.002734248 0.098270535 -0.995156050 -106.540390015 -0.095582344 0.990577698 0.098081052 -15.078802109 0.995417774 0.095387518 0.006684444 131.854080200
-0.003547900 0.106980324 -0.994254827 -107.510742188 -0.098667510 0.989371955 0.106807038 -15.062079430 0.995114148 0.098479576 0.007045290 131.886077881
-0.005000048 0.118276328 -0.992968142 -108.474166870 -0.102600329 0.987679482 0.118163005 -15.051835060 0.994710147 0.102469675 0.007196744 131.914840698
-0.006500655 0.119942032 -0.992759585 -109.421333313 -0.109584920 0.986715794 0.119929411 -15.042516708 0.993956089 0.109571092 0.006729540 131.945556641
-0.006440557 0.116843611 -0.993129432 -110.403518677 -0.116859756 0.986257195 0.116792925 -15.025600433 0.993127644 0.116809078 0.007302272 131.965744019
-0.006569903 0.112944819 -0.993579566 -111.358062744 -0.125129402 0.985698581 0.112876356 -15.015653610 0.992118657 0.125067607 0.007656775 131.988739014
-0.004254703 0.114794768 -0.993380129 -112.326042175 -0.129566327 0.984952152 0.114375778 -14.997255325 0.991561592 0.129195243 0.010682859 132.011245728
-0.002918872 0.115962856 -0.993249178 -113.307243347 -0.137644157 0.983752787 0.115258619 -14.981140137 0.990477443 0.137051389 0.013090159 132.036529541
-0.002277723 0.118592091 -0.992940485 -114.271507263 -0.146838039 0.982140303 0.117639013 -14.966084480 0.989157915 0.146069393 0.015176790 132.056442261
-0.002169046 0.120707542 -0.992685735 -115.245475769 -0.152220607 0.981079936 0.119628921 -14.947150230 0.988344073 0.151366696 0.016246170 132.084152222
-0.002397370 0.120850973 -0.992667794 -116.217636108 -0.156120121 0.980453253 0.119740978 -14.944150925 0.987735152 0.155262485 0.016516760 132.126693726
-0.000772802 0.111275919 -0.993789315 -117.172592163 -0.155030295 0.981760979 0.110049672 -14.947354317 0.987909377 0.154152513 0.016492432 132.158370972
0.000665908 0.099775270 -0.995009780 -118.125297546 -0.158065394 0.982511878 0.098416232 -14.941298485 0.987428427 0.157211035 0.016425272 132.195220947
