1.000000000 0.000000000 0.000000000 0.000000000 0.000000000 1.000000000 0.000000000 0.000000000 0.000000000 0.000000000 1.000000000 0.000000000
0.999997735 -0.001654974 -0.001347368 0.049298052 0.001651999 0.999996185 -0.002206517 -0.132379502 0.001351014 0.002204286 0.999996662 1.298216105
0.999997616 0.000014536 -0.002190718 0.105127372 -0.000028725 0.999978960 -0.006477335 -0.265770912 0.002190578 0.006477384 0.999976575 2.604017735
0.999996185 0.002419023 -0.001349614 0.148344412 -0.002429677 0.999965429 -0.007949519 -0.405728519 0.001330338 0.007952767 0.999967515 3.907562017
0.999984145 0.005640401 0.000117105 0.193736792 -0.005639496 0.999961972 -0.006654637 -0.544116259 -0.000154635 0.006653871 0.999977887 5.221605301
0.999975145 0.006631873 0.002403595 0.242197692 -0.006623675 0.999972224 -0.003403547 -0.690150023 -0.002426100 0.003387542 0.999991238 6.537559986
0.999960363 0.006818957 0.005732645 0.298919111 -0.006806622 0.999974489 -0.002168613 -0.827780843 -0.005747288 0.002129507 0.999981225 7.839991093
0.999943316 0.005362075 0.009197360 0.351944625 -0.005344498 0.999983847 -0.001934788 -0.961509049 -0.009207586 0.001885523 0.999955833 9.144816399
0.999912083 0.004125310 0.012607246 0.429334581 -0.004102831 0.999989927 -0.001808376 -1.098255038 -0.012614580 0.001756491 0.999918938 10.444452286
0.999868035 0.002974039 0.015966084 0.493766367 -0.002933508 0.999992430 -0.002561368 -1.237949491 -0.015973579 0.002514193 0.999869227 11.750113487
0.999813676 0.001834728 0.019216625 0.571133316 -0.001769480 0.999992728 -0.003411836 -1.373705506 -0.019222748 0.003377197 0.999809504 13.043042183
0.999744058 0.001838175 0.022549242 0.642396569 -0.001763284 0.999992847 -0.003340643 -1.522534251 -0.022555219 0.003300028 0.999740064 14.364467621
0.999661148 0.001700809 0.025974652 0.726305842 -0.001588303 0.999989331 -0.004351411 -1.660892963 -0.025981776 0.004308681 0.999653041 15.662011147
0.999573350 0.002572364 0.029094812 0.806800723 -0.002446325 0.999987483 -0.004366780 -1.797648907 -0.029105680 0.004293741 0.999567091 16.956375122
0.999477267 0.002231411 0.032254253 0.898411930 -0.002108678 0.999990404 -0.003838682 -1.938040376 -0.032262508 0.003768661 0.999472320 18.242723465
0.999401987 0.000711578 0.034574289 0.992310524 -0.000587515 0.999993443 -0.003598333 -2.080433130 -0.034576621 0.003575868 0.999395669 19.541053772
0.999347329 -0.001865058 0.036073074 1.092069507 0.002040941 0.999986231 -0.004839509 -2.221258640 -0.036063548 0.004909974 0.999337435 20.815710068
0.999305069 -0.001514537 0.037242886 1.189496636 0.001762943 0.999976397 -0.006637960 -2.362209797 -0.037231963 0.006699005 0.999284208 22.122032166
0.999259651 -0.001347556 0.038446691 1.272428155 0.001712020 0.999953866 -0.009448366 -2.504716873 -0.038432181 0.009507193 0.999215961 23.407983780
0.999221206 -0.001042431 0.039444808 1.376001596 0.001468788 0.999940813 -0.010781503 -2.648496151 -0.039431244 0.010831041 0.999163568 24.698650360
0.999182343 -0.000361991 0.040427350 1.477755070 0.000819586 0.999935746 -0.011302963 -2.795709848 -0.040420663 0.011326856 0.999118567 25.968358994
0.999156058 -0.002100217 0.041019730 1.573272347 0.002528830 0.999942660 -0.010399867 -2.941104412 -0.040995535 0.010494820 0.999104202 27.264646530
0.999150336 -0.004972242 0.040911585 1.676093817 0.005359129 0.999941885 -0.009352421 -3.087214708 -0.040862706 0.009563725 0.999118984 28.543916702
0.999178708 -0.006566064 0.039984863 1.776436806 0.006957436 0.999929130 -0.009656749 -3.235513449 -0.039918620 0.009927007 0.999153733 29.835210800
0.999202430 -0.008259574 0.039067451 1.883237600 0.008744146 0.999886692 -0.012248851 -3.379973173 -0.038961854 0.012580693 0.999161422 31.103624344
0.999222279 -0.008277903 0.038552862 1.985199809 0.008761583 0.999884784 -0.012393871 -3.528933048 -0.038445827 0.012722016 0.999179721 32.387668610
0.999239087 -0.008851417 0.037987337 2.083102465 0.009339862 0.999875724 -0.012699902 -3.673195124 -0.037870202 0.013045033 0.999197543 33.651645660
0.999256015 -0.009430877 0.037395440 2.178817272 0.009914949 0.999869168 -0.012780486 -3.817529202 -0.037270017 0.013141749 0.999218822 34.920841217
0.999266148 -0.009859947 0.037012219 2.270474195 0.010361147 0.999856949 -0.013374238 -3.962201595 -0.036875054 0.013747912 0.999225318 36.182746887
0.999306738 -0.010537943 0.035707548 2.385517120 0.011027706 0.999847412 -0.013546878 -4.119308472 -0.035559341 0.013931257 0.999270439 37.470428467
0.999303997 -0.010205911 0.035880856 2.479881763 0.010633060 0.999874592 -0.011734037 -4.264805317 -0.035756599 0.012107394 0.999287128 38.726406097
0.999263227 -0.010130090 0.037021376 2.574398994 0.010531150 0.999887764 -0.010654304 -4.405876160 -0.036909286 0.011036329 0.999257684 40.000457764
0.999186397 -0.011979235 0.038509883 2.688760042 0.012331481 0.999884069 -0.008922371 -4.547969341 -0.038398534 0.009389996 0.999218404 41.247497559
0.999072969 -0.012921305 0.041062642 2.779574871 0.013347069 0.999859810 -0.010111464 -4.693197250 -0.040926237 0.010650155 0.999105394 42.516693115
0.998952985 -0.013994308 0.043555442 2.875549555 0.014588351 0.999804437 -0.013350938 -4.842014790 -0.043360092 0.013972359 0.998961806 43.767429352
0.998845637 -0.015309563 0.045533378 2.979576349 0.015975013 0.999770343 -0.014286719 -4.990675926 -0.045304187 0.014997623 0.998860657 45.027469635
0.998724103 -0.015442290 0.048080359 3.108872890 0.016099988 0.999781668 -0.013322021 -5.120956898 -0.047864139 0.014079116 0.998754621 46.264652252
0.998512506 -0.016640179 0.051920157 3.205926180 0.017163141 0.999806225 -0.009642880 -5.281538010 -0.051749632 0.010519649 0.998604655 47.527992249
0.998240888 -0.019578241 0.055962700 3.317836046 0.020032683 0.999770761 -0.007571022 -5.420977592 -0.055801645 0.008678785 0.998404205 48.746868134
0.997996509 -0.021473726 0.059513174 3.451104641 0.021998143 0.999724567 -0.008170543 -5.557304382 -0.059321329 0.009463353 0.998194039 50.013542175
0.997727513 -0.024874249 0.062616602 3.598047018 0.025681712 0.999596715 -0.012123559 -5.691859245 -0.062289778 0.013704111 0.997963965 51.247920990
0.997423649 -0.026039429 0.066843353 3.721823931 0.026918016 0.999562263 -0.012276951 -5.825516701 -0.066494420 0.014044613 0.997687876 52.483234406
0.997072279 -0.028524529 0.070944525 3.853820801 0.029283846 0.999524176 -0.009685842 -5.966079712 -0.070634499 0.011735015 0.997433186 53.702835083
0.996793628 -0.031106962 0.073722236 4.013462543 0.031660948 0.999478519 -0.006357534 -6.100104809 -0.073486008 0.008671265 0.997258604 54.895732880
0.996516764 -0.033604499 0.076321468 4.139221191 0.034079973 0.999406934 -0.004935734 -6.234560013 -0.076110348 0.007519576 0.997071028 56.160663605
0.996329546 -0.036554739 0.077402569 4.296122551 0.036799312 0.999321163 -0.001735248 -6.360464096 -0.077286601 0.004577238 0.996998429 57.368453979
0.996146142 -0.039133437 0.078493610 4.429316044 0.039275695 0.999228358 -0.000268713 -6.489117146 -0.078422524 0.003350569 0.996914685 58.584526062
0.996106327 -0.040998016 0.078047052 4.577634811 0.041415870 0.999134898 -0.003742113 -6.610960007 -0.077826127 0.006959929 0.996942699 59.776088715
0.996127427 -0.042348880 0.077050284 4.735709190 0.043077689 0.999041140 -0.007820771 -6.745584488 -0.076645203 0.011109634 0.996996522 60.991630554
0.996147931 -0.043614980 0.076071545 4.876348019 0.044633165 0.998934507 -0.011735411 -6.875477791 -0.075478651 0.015085521 0.997033298 62.171569824
0.996142268 -0.045840915 0.074828021 5.012520313 0.047011424 0.998796821 -0.013955981 -7.015083790 -0.074098229 0.017419910 0.997098744 63.390270233
0.996290207 -0.045853116 0.072823457 5.151390076 0.046981923 0.998799562 -0.013863133 -7.149615288 -0.072100364 0.017233090 0.997248471 64.566658020
0.996524513 -0.044865329 0.070185266 5.281264782 0.045920253 0.998854041 -0.013489216 -7.293205261 -0.069499649 0.016665259 0.997442782 65.789962769
0.996774673 -0.044066746 0.067068182 5.405832767 0.044941090 0.998922467 -0.011583338 -7.423523426 -0.066485457 0.014560091 0.997681201 66.967460632
0.997173369 -0.040170707 0.063493505 5.527313232 0.040740203 0.999140084 -0.007699780 -7.562407970 -0.063129596 0.010264756 0.997952521 68.154357910
0.997458100 -0.038199894 0.060149074 5.648061275 0.038601588 0.999239385 -0.005530071 -7.687944889 -0.059892088 0.007837866 0.998174131 69.336929321
0.997657478 -0.037197936 0.057410058 5.755764484 0.037735391 0.999253213 -0.008305828 -7.826261520 -0.057058234 0.010452763 0.998316169 70.501403809
0.997855127 -0.037493743 0.053660039 5.870811462 0.038369209 0.999145269 -0.015378705 -7.962373734 -0.053037569 0.017404612 0.998440862 71.687866211
0.997857988 -0.041280530 0.050748549 5.975243568 0.042260926 0.998937130 -0.018399492 -8.098427773 -0.049935080 0.020504761 0.998541951 72.860893250
0.997911036 -0.045328107 0.046030179 6.091980457 0.045998193 0.998848915 -0.013603620 -8.233912468 -0.045360569 0.015692508 0.998847425 74.028686523
0.997923732 -0.049136054 0.041639004 6.200698853 0.049544200 0.998732984 -0.008826954 -8.359189034 -0.041152522 0.010871598 0.999093771 75.184463501
0.997999430 -0.051054224 0.037291028 6.295413017 0.051303279 0.998666584 -0.005751840 -8.489093781 -0.036947649 0.007653485 0.999288023 76.374259949
0.998177946 -0.050370213 0.033220116 6.387510300 0.050508998 0.998717904 -0.003351630 -8.614016533 -0.033008695 0.005023437 0.999442399 77.534111023
0.998311162 -0.050076302 0.029449645 6.479888916 0.050184172 0.998735666 -0.002934851 -8.736575127 -0.029265445 0.004407800 0.999561965 78.689155579
0.998471081 -0.048612393 0.026311077 6.550498009 0.048761159 0.998797715 -0.005042133 -8.864569664 -0.026034337 0.006317384 0.999641061 79.858894348
0.998662770 -0.046310127 0.022980019 6.629371166 0.046549931 0.998865783 -0.010012407 -8.992416382 -0.022490282 0.011068735 0.999685705 81.003173828
0.998576701 -0.049795348 0.019107072 6.716898441 0.050075434 0.998640656 -0.014471143 -9.133744240 -0.018360503 0.015407341 0.999712646 82.162544250
0.998448610 -0.053136613 0.016638216 6.775481224 0.053401656 0.998446345 -0.015912076 -9.261501312 -0.015766853 0.016775900 0.999734879 83.301216125
0.998484254 -0.053454090 0.013108382 6.843935490 0.053618461 0.998482943 -0.012526113 -9.390203476 -0.012418922 0.013209979 0.999835670 84.439796448
0.998490214 -0.054091118 0.009553519 6.919883251 0.054187912 0.998478770 -0.010181277 -9.519522667 -0.008988267 0.010683590 0.999902487 85.566673279
0.998638570 -0.051365726 0.009085143 6.962099552 0.051469635 0.998607218 -0.011598222 -9.649703026 -0.008476739 0.012050040 0.999891400 86.718048096
0.998825192 -0.047695938 0.008565753 7.017529011 0.047819730 0.998745143 -0.014881488 -9.776295662 -0.007845217 0.015273619 0.999852538 87.838508606
0.998901486 -0.046323121 0.007066881 7.083590984 0.046441708 0.998764992 -0.017655939 -9.903039932 -0.006240276 0.017964739 0.999819160 88.933876038
0.998839378 -0.047690380 0.006749284 7.127499580 0.047805596 0.998692870 -0.018087119 -10.044933319 -0.005877881 0.018388780 0.999813616 90.086738586
0.998790860 -0.048874099 0.005308171 7.182796478 0.048950467 0.998683035 -0.015360622 -10.175605774 -0.004550444 0.015601886 0.999867916 91.202262878
0.998743773 -0.049882159 0.004758259 7.232658386 0.049939401 0.998670459 -0.012784351 -10.305282593 -0.004114222 0.013005916 0.999906898 92.318313599
0.998759329 -0.049647946 0.003865237 7.301859856 0.049692251 0.998688102 -0.012360956 -10.426583290 -0.003246471 0.012537690 0.999916136 93.460975647
0.998731136 -0.050209343 0.003900337 7.350521088 0.050261233 0.998629510 -0.014596229 -10.553394318 -0.003162124 0.014773744 0.999885857 94.568740845
0.998721540 -0.050452832 0.003138896 7.415001392 0.050502576 0.998551488 -0.018560121 -10.681119919 -0.002197938 0.018694913 0.999822795 95.675636292
0.998699367 -0.050872322 0.003408370 7.459653854 0.050929040 0.998514235 -0.019379940 -10.820041656 -0.002417403 0.019528318 0.999806404 96.784698486
0.998656988 -0.051713567 0.003138442 7.519447327 0.051760692 0.998506665 -0.017475411 -10.953758240 -0.002230039 0.017614391 0.999842405 97.867813110
0.998712063 -0.050566491 0.004140156 7.563051701 0.050614987 0.998638868 -0.012592785 -11.073232651 -0.003497748 0.012786121 0.999912143 98.953811646
0.998791099 -0.048850518 0.005473312 7.616066456 0.048899285 0.998761714 -0.009163240 -11.193225861 -0.005018905 0.009419805 0.999943018 100.022102356
0.998881698 -0.046723831 0.007227165 7.666488647 0.046789989 0.998861730 -0.009272944 -11.312518120 -0.006785671 0.009600733 0.999930859 101.092575073
0.998942673 -0.045016039 0.009341423 7.717455387 0.045116775 0.998922646 -0.010868621 -11.435283661 -0.008842098 0.011278585 0.999897182 102.126625061
0.998895764 -0.045471650 0.011819849 7.775856495 0.045627870 0.998870015 -0.013301450 -11.556080818 -0.011201654 0.013826076 0.999841630 103.146453857
0.998813987 -0.046737876 0.013644945 7.830748558 0.046934046 0.998793721 -0.014428603 -11.670252800 -0.012954124 0.015051902 0.999802768 104.169471741
0.998699784 -0.048522722 0.015634924 7.892522812 0.048736513 0.998719215 -0.013596228 -11.785186768 -0.014955172 0.014340540 0.999785364 105.150001526
0.998665392 -0.048648354 0.017344674 7.955105782 0.048859142 0.998734236 -0.011943417 -11.905942917 -0.016741693 0.012774922 0.999778271 106.123580933
0.998604834 -0.049463116 0.018485406 8.022376060 0.049662821 0.998710811 -0.010505147 -12.017559052 -0.017941957 0.011408527 0.999773860 107.079040527
0.998531163 -0.050164972 0.020469436 8.081468582 0.050392568 0.998671591 -0.010758524 -12.126025200 -0.019902542 0.011774226 0.999732614 107.996910095
0.998501897 -0.050057195 0.022097001 8.144462585 0.050267994 0.998694360 -0.009089203 -12.227042198 -0.021613171 0.010186358 0.999714494 108.907028198
0.998501897 -0.049196679 0.023951720 8.205024719 0.049375493 0.998756230 -0.006932116 -12.324975014 -0.023580892 0.008104358 0.999689043 109.775657654
0.998480499 -0.049011890 0.025186447 8.269685745 0.049120996 0.998785794 -0.003731045 -12.427933693 -0.024972996 0.004962559 0.999675930 110.640510559
0.998422384 -0.049387086 0.026713176 8.332641602 0.049497761 0.998768091 -0.003497636 -12.521948814 -0.026507530 0.004814361 0.999636948 111.466148376
0.998441458 -0.048331246 0.027904062 8.387299538 0.048426449 0.998822987 -0.002745621 -12.612600327 -0.027738519 0.004092637 0.999606848 112.281318665
0.998537540 -0.045989234 0.028422365 8.442346573 0.046078831 0.998934686 -0.002505111 -12.692737579 -0.028276876 0.003811116 0.999592841 113.061729431
0.998664558 -0.043522909 0.027831709 8.491065979 0.043525431 0.999052167 0.000515287 -12.770680428 -0.027827753 0.000696788 0.999612451 113.819572449
0.998745620 -0.043492369 0.024812298 8.541263580 0.043467756 0.999053657 0.001530618 -12.855125427 -0.024855386 -0.000450163 0.999690950 114.574172974
0.998882115 -0.043532930 0.018421553 8.579134941 0.043511979 0.999051750 0.001536696 -12.928290367 -0.018470984 -0.000733419 0.999829173 115.273025513
0.999094546 -0.041836172 0.007735813 8.611705780 0.041834194 0.999124467 0.000417051 -13.003808975 -0.007746490 -0.000093052 0.999970019 115.946594238
0.999209523 -0.039270181 -0.006178908 8.609784126 0.039256789 0.999226511 -0.002274590 -13.073336601 0.006263452 0.002030228 0.999978423 116.595817566
0.998976648 -0.037806712 -0.024825737 8.607966423 0.037700798 0.999277949 -0.004720767 -13.143744469 0.024986284 0.003779986 0.999680758 117.211509705
0.998233020 -0.036206838 -0.047114678 8.575119019 0.035925772 0.999331355 -0.006798957 -13.215044975 0.047329344 0.005094312 0.998866260 117.798500061
0.996599972 -0.034620304 -0.074765369 8.534892082 0.034056112 0.999381185 -0.008808205 -13.280304909 0.075024039 0.006232038 0.997162223 118.369430542
0.993750155 -0.032551855 -0.106774844 8.463662148 0.031595733 0.999444187 -0.010634506 -13.347909927 0.107061669 0.007194413 0.994226277 118.914794922
0.989482343 -0.027802790 -0.141956359 8.356115341 0.026365563 0.999580503 -0.011995675 -13.413970947 0.142230317 0.008126751 0.989800155 119.457366943
0.983220577 -0.021876438 -0.181104079 8.252557755 0.020091448 0.999729931 -0.011684978 -13.473372459 0.181310788 0.007850266 0.983394504 120.004577637
0.974836290 -0.016368074 -0.222319931 8.100616455 0.014606803 0.999847531 -0.009564315 -13.531474113 0.222442552 0.006076260 0.974926829 120.494354248
0.963585854 -0.011634964 -0.267146051 7.935808182 0.009886481 0.999920011 -0.007889162 -13.590873718 0.267216533 0.004960749 0.963623762 120.979888916
0.949242234 -0.005771367 -0.314493179 7.747200012 0.003313878 0.999959648 -0.008348237 -13.646780014 0.314528674 0.006882307 0.949223042 121.460502625
0.932081044 0.002029680 -0.362243980 7.519260406 -0.005678295 0.999943256 -0.009007927 -13.699284554 0.362205148 0.010453044 0.932039797 121.921356201
0.911221266 0.006687907 -0.411862940 7.265842438 -0.011768404 0.999882758 -0.009800573 -13.752113342 0.411749125 0.013777459 0.911193073 122.354736328
0.886105061 0.011149343 -0.463350147 6.993206024 -0.016923584 0.999822199 -0.008306278 -13.809435844 0.463175267 0.015201781 0.886136234 122.785934448
0.857071519 0.014215625 -0.515001297 6.712169647 -0.021395190 0.999738991 -0.008010260 -13.853662491 0.514752984 0.017883915 0.857151985 123.184173584
0.825595438 0.024085337 -0.563748121 6.384372711 -0.032243047 0.999469817 -0.004518234 -13.901872635 0.563340425 0.021907190 0.825934350 123.557113647
0.791615188 0.036837995 -0.609908402 6.036293030 -0.045106392 0.998980522 0.001792952 -13.942516327 0.609352708 0.026091438 0.792469859 123.918663025
0.756114960 0.046049971 -0.652816594 5.684028625 -0.056819841 0.998373747 0.004615012 -13.981657982 0.651967585 0.033603456 0.757501781 124.221237183
0.716384530 0.050059006 -0.695907533 5.318733215 -0.064107269 0.997926235 0.005790628 -14.027744293 0.694754183 0.040464412 0.718108058 124.517791748
0.674017906 0.051496509 -0.736918032 4.939281464 -0.066381045 0.997753799 0.009008909 -14.073781013 0.735726595 0.042845219 0.675922155 124.805618286
0.630292535 0.055004466 -0.774406791 4.523815155 -0.069900200 0.997456372 0.013955180 -14.104585648 0.773204684 0.045335338 0.632534087 125.080406189
0.585279703 0.063942477 -0.808306158 4.097774506 -0.081026636 0.996508002 0.020160615 -14.140716553 0.806772828 0.053694721 0.588417053 125.312835693
0.539636254 0.072947524 -0.838732004 3.660911560 -0.092618495 0.995336115 0.026977645 -14.165084839 0.836788237 0.063123979 0.543875694 125.519699097
0.492941439 0.077993043 -0.866559803 3.207958221 -0.098125145 0.994603336 0.033698991 -14.190343857 0.864511549 0.068419673 0.497934282 125.717521667
0.445841908 0.079737045 -0.891553104 2.746456146 -0.097478174 0.994425714 0.040191352 -14.217192650 0.889788151 0.068987988 0.451129347 125.897735596
0.398518622 0.080729894 -0.913600385 2.269710541 -0.094250724 0.994449675 0.046761323 -14.236437798 0.912304759 0.067472242 0.403915435 126.078758240
0.352771193 0.083351687 -0.931989729 1.781330109 -0.095960476 0.993995726 0.052574746 -14.255093575 0.930776060 0.070887312 0.358651549 126.222702026
0.309201986 0.086710684 -0.947035074 1.279296875 -0.101824299 0.993128479 0.057685904 -14.271206856 0.945529461 0.078594588 0.315906584 126.337608337
0.267942071 0.088050403 -0.959403038 0.751934052 -0.106385782 0.992429197 0.061370004 -14.287448883 0.957543314 0.085623242 0.275280833 126.445556641
0.227927446 0.084834307 -0.969975352 0.225852966 -0.106053881 0.992433250 0.061877649 -14.308066368 0.967885137 0.088766016 0.235199809 126.550422668
0.193288624 0.079744607 -0.977895856 -0.308769226 -0.101039462 0.993010223 0.061005920 -14.326544762 0.975925446 0.087014288 0.199994951 126.641365051
0.162482828 0.074707821 -0.983879149 -0.856729507 -0.098428659 0.993383229 0.059174471 -14.347922325 0.981789827 0.087227046 0.168761104 126.723098755
0.136721849 0.073462084 -0.987881780 -1.430160522 -0.099706307 0.993202627 0.060058512 -14.367221832 0.985578954 0.090286724 0.143117160 126.783241272
0.114252277 0.072410233 -0.990809321 -2.004994392 -0.100281790 0.993086636 0.061012961 -14.381021500 0.988377392 0.092389263 0.120723844 126.855300903
0.095363364 0.073962599 -0.992691100 -2.598692894 -0.102176584 0.992695868 0.064147331 -14.396963120 0.990184724 0.095312469 0.102224074 126.916580200
0.079346441 0.072109684 -0.994235575 -3.207248688 -0.103136890 0.992621362 0.063761622 -14.418512344 0.991497278 0.097483099 0.086198136 126.965103149
0.065453961 0.071121149 -0.995317817 -3.827184677 -0.101566464 0.992751241 0.064258568 -14.446718216 0.992673218 0.096884921 0.072203025 127.015266418
0.053623445 0.068576016 -0.996203721 -4.465657711 -0.097612850 0.993221104 0.063116424 -14.466862679 0.993778825 0.093857758 0.059953824 127.054603577
0.041313279 0.065817185 -0.996976018 -5.118312359 -0.095291406 0.993539155 0.061641548 -14.483207703 0.994591832 0.092456646 0.047318146 127.097938538
0.030162713 0.064725883 -0.997447133 -5.790750504 -0.094274797 0.993636906 0.061627768 -14.501270294 0.995089173 0.092175238 0.036072802 127.141693115
0.020638540 0.066387840 -0.997580409 -6.462411404 -0.097675286 0.993153751 0.064072475 -14.523154259 0.995004237 0.096116610 0.026981693 127.162635803
0.012403503 0.066126324 -0.997734129 -7.137181282 -0.100566581 0.992834091 0.064551346 -14.548152924 0.994853079 0.099538051 0.018964713 127.177902222
0.005478495 0.065587491 -0.997831762 -7.835165501 -0.102650419 0.992612362 0.064680845 -14.571208954 0.994702399 0.102073498 0.012170607 127.201271057
0.000253893 0.066483803 -0.997787476 -8.532180786 -0.103367746 0.992444277 0.066101484 -14.588208199 0.994643152 0.103122249 0.007124256 127.218750000
-0.003457354 0.068940252 -0.997614801 -9.253225327 -0.105591640 0.992018402 0.068919450 -14.606344223 0.994403481 0.105578057 0.003849757 127.243476868
-0.004046157 0.073005013 -0.997323334 -9.988574028 -0.107958265 0.991470575 0.073014580 -14.630908966 0.994147182 0.107964724 0.003869850 127.244918823
-0.005044721 0.076208368 -0.997079134 -10.705335617 -0.110149212 0.990982115 0.076299675 -14.646916389 0.993902266 0.110212378 0.003395064 127.258789062
-0.005754623 0.081590720 -0.996649325 -11.443696022 -0.114766449 0.990026295 0.081711181 -14.651906967 0.993375778 0.114852130 0.003666651 127.269622803
-0.006917220 0.085335106 -0.996328294 -12.186727524 -0.117830180 0.989341438 0.085554741 -14.662957191 0.993009686 0.117989331 0.003211558 127.278564453
-0.008163405 0.086045228 -0.996257782 -12.934634209 -0.117908776 0.989257991 0.086406834 -14.682445526 0.992990851 0.118172899 0.002069774 127.296569824
-0.009721412 0.083037592 -0.996498942 -13.678411484 -0.115546800 0.989777267 0.083604708 -14.700063705 0.993254423 0.115955040 -0.000027305 127.319389343
-0.011242449 0.079611227 -0.996762574 -14.438727379 -0.119175971 0.989613771 0.080384426 -14.704708099 0.992809534 0.119693890 -0.001637937 127.333145142
-0.012339863 0.081108257 -0.996628821 -15.209807396 -0.124557167 0.988817036 0.082014710 -14.713535309 0.992135704 0.125149325 -0.002099253 127.332839966
-0.014041163 0.084536359 -0.996321380 -15.977184296 -0.121445999 0.988898635 0.085618064 -14.726457596 0.992498696 0.122201435 -0.003618686 127.351448059
-0.015579362 0.084313422 -0.996317446 -16.751247406 -0.120432146 0.989025891 0.085579559 -14.740910530 0.992599249 0.121321924 -0.005254345 127.365028381
-0.017329667 0.083723903 -0.996338308 -17.545989990 -0.123219967 0.988712966 0.085226327 -14.752932549 0.992228031 0.124245703 -0.006817609 127.369682312
-0.017912554 0.083437972 -0.996352017 -18.332790375 -0.127893612 0.988134563 0.085049108 -14.757737160 0.991626143 0.128950477 -0.007028830 127.370567322
-0.018731160 0.087982915 -0.995945871 -19.136894226 -0.129651368 0.987496257 0.089674875 -14.763830185 0.991382658 0.130805448 -0.007089849 127.373222351
-0.019552339 0.092298321 -0.995539427 -19.950328827 -0.128256813 0.987271309 0.094050735 -14.771919250 0.991548181 0.129523590 -0.007465574 127.391036987
-0.019056460 0.094873972 -0.995306849 -20.778799057 -0.129865989 0.986819386 0.096551374 -14.786147118 0.991348386 0.131096452 -0.006484386 127.410408020
-0.017095057 0.093776137 -0.995446444 -21.596948624 -0.129256576 0.987030387 0.095203064 -14.791585922 0.991463780 0.130295500 -0.004752161 127.421028137
-0.015992418 0.093670562 -0.995474696 -22.428033829 -0.129382476 0.987037778 0.094955221 -14.794174194 0.991465867 0.130315572 -0.003665794 127.434974670
-0.016030721 0.092919059 -0.995544612 -23.265007019 -0.128018588 0.987287045 0.094209753 -14.801546097 0.991642177 0.128958434 -0.003931557 127.460800171
-0.015053498 0.094831206 -0.995379567 -24.102918625 -0.129037380 0.986983538 0.095982797 -14.806292534 0.991525412 0.129886046 -0.002620784 127.479751587
-0.014339888 0.097163856 -0.995165110 -24.939510345 -0.130662590 0.986550987 0.098205604 -14.807649612 0.991323113 0.131439120 -0.001451351 127.494697571
-0.014425345 0.099213228 -0.994961619 -25.816913605 -0.133459285 0.985970676 0.100251622 -14.805414200 0.990949273 0.134233013 -0.000982044 127.512390137
-0.012807482 0.100286625 -0.994876146 -26.681226730 -0.135625511 0.985588729 0.101096407 -14.800874710 0.990677416 0.136225343 0.000978514 127.525650024
-0.011154334 0.103436410 -0.994573474 -27.550786972 -0.142411992 0.984331906 0.103968449 -14.799243927 0.989744604 0.142798871 0.003751017 127.542510986
-0.008625867 0.107384406 -0.994180143 -28.431819916 -0.147409409 0.983218491 0.107479386 -14.793959618 0.989037931 0.147478580 0.007348359 127.558509827
-0.006481248 0.109187506 -0.994000018 -29.306833267 -0.149926692 0.982678950 0.108921535 -14.787168503 0.988675833 0.149733081 0.010001136 127.590629578
-0.002626181 0.109979175 -0.993930340 -30.206682205 -0.148966834 0.982800603 0.109141253 -14.786584854 0.988838732 0.148349300 0.013802235 127.613830566
0.000080224 0.110100470 -0.993920386 -31.099931717 -0.151729420 0.982414246 0.108813643 -14.779757500 0.988421977 0.150798246 0.016784292 127.642807007
0.002368026 0.113867186 -0.993493140 -32.000232697 -0.152057886 0.981984079 0.112185672 -14.770781517 0.988368750 0.150802776 0.019639770 127.677696228
0.004903354 0.115603201 -0.993283331 -32.914093018 -0.150921524 0.982003152 0.113545336 -14.761850357 0.988533556 0.149351060 0.022262122 127.722068787
0.006678000 0.116896227 -0.993121684 -33.806724548 -0.151523262 0.981794417 0.114544086 -14.757217407 0.988431156 0.149716109 0.024268921 127.765174866
0.009238403 0.115057223 -0.993315935 -34.709949493 -0.152866244 0.981844723 0.112306759 -14.748630524 0.988203704 0.150806934 0.026659045 127.798439026
0.009427753 0.116324544 -0.993166447 -35.614925385 -0.157040298 0.981058240 0.113415636 -14.740181923 0.987547159 0.154897884 0.027516820 127.842094421
0.010431536 0.116991296 -0.993078113 -36.507534027 -0.157930002 0.980860114 0.113892987 -14.734598160 0.987395227 0.155648723 0.028708313 127.881858826
0.010633054 0.113420129 -0.993490279 -37.404174805 -0.157993555 0.981256664 0.110332564 -14.730883598 0.987382889 0.155791894 0.028353408 127.920379639
0.011533654 0.109288514 -0.993943095 -38.313632965 -0.159216478 0.981528401 0.106075913 -14.730175018 0.987176239 0.157028705 0.028721143 127.967201233
0.012130822 0.108530454 -0.994019151 -39.212425232 -0.158896267 0.981669962 0.105242990 -14.722918510 0.987220705 0.156669274 0.029153550 128.009429932
0.011905363 0.112497367 -0.993580699 -40.116832733 -0.161322370 0.980850220 0.109122969 -14.715936661 0.986829937 0.158987641 0.029825723 128.050994873
0.012180064 0.118983246 -0.992821574 -41.053131104 -0.162065372 0.980002046 0.115458682 -14.705014229 0.986704767 0.159495711 0.031219551 128.094406128
0.012463175 0.117726997 -0.992967725 -41.947151184 -0.159809455 0.980514705 0.114244699 -14.704292297 0.987069249 0.157261804 0.031034211 128.140975952
0.013264243 0.107242502 -0.994144440 -42.837707520 -0.159063980 0.981797695 0.103788309 -14.706905365 0.987179041 0.156755894 0.030081224 128.186691284
0.013692593 0.096733898 -0.995216072 -43.758090973 -0.160949737 0.982544065 0.093287751 -14.709860802 0.986867607 0.158902436 0.029022865 128.227859497
0.012640133 0.093747512 -0.995515704 -44.659996033 -0.157817096 0.983303905 0.090593725 -14.717143059 0.987387478 0.155964270 0.027224053 128.275390625
0.012395625 0.103507482 -0.994551420 -45.580661774 -0.150489166 0.983492076 0.100480862 -14.717163086 0.988533914 0.148423716 0.027767757 128.327819824
0.012512405 0.116885729 -0.993066669 -46.526985168 -0.145417020 0.982798696 0.113844976 -14.713344574 0.989291310 0.142984286 0.029294351 128.389663696
0.012597515 0.126142159 -0.991932213 -47.449649811 -0.145656243 0.981661320 0.122986183 -14.704321861 0.989255011 0.142931819 0.030739889 128.437301636
0.012552924 0.120359927 -0.992650867 -48.364948273 -0.145656511 0.982360363 0.117270224 -14.699064255 0.989255548 0.143114015 0.029862704 128.480407715
0.012693869 0.106741562 -0.994205773 -49.297328949 -0.145782933 0.983859360 0.103769399 -14.697397232 0.989235163 0.143620998 0.028050082 128.522506714
0.013355716 0.097918198 -0.995104849 -50.212970734 -0.146144748 0.984697700 0.094932653 -14.695476532 0.989173114 0.144161433 0.027461575 128.568206787
0.013763436 0.097974800 -0.995093822 -51.140956879 -0.145265207 0.984825671 0.094954632 -14.702331543 0.989297092 0.143245578 0.027786918 128.616439819
0.013458317 0.099125147 -0.994983912 -52.096126556 -0.148414209 0.984249890 0.096048295 -14.712624550 0.988833725 0.146377116 0.027957927 128.653961182
0.014034564 0.098674096 -0.995020807 -53.024566650 -0.153088301 0.983598590 0.095382109 -14.714322090 0.988112807 0.150987402 0.028910227 128.689575195
0.014452696 0.098235980 -0.995058179 -53.963035583 -0.154761270 0.983389556 0.094836183 -14.718196869 0.987846076 0.152625844 0.029415760 128.734817505
0.015057062 0.105715312 -0.994282424 -54.916030884 -0.163408473 0.981286108 0.101858899 -14.716832161 0.986443579 0.160940483 0.032050062 128.778228760
0.017040724 0.115305811 -0.993183851 -55.871540070 -0.169963345 0.979205310 0.110766768 -14.707065582 0.985302985 0.166917309 0.036284130 128.814056396
0.018439611 0.123501122 -0.992173135 -56.815639496 -0.170224473 0.978241742 0.118603386 -14.697639465 0.985232770 0.166705161 0.039061312 128.861007690
0.019151390 0.124472655 -0.992038190 -57.757640839 -0.171771914 0.977876723 0.119379722 -14.691102028 0.984950483 0.168118045 0.040108599 128.909713745
0.020655029 0.114793651 -0.993174553 -58.695339203 -0.173422530 0.978739202 0.109518513 -14.682874680 0.984630883 0.169976741 0.040123690 128.963012695
0.021427365 0.109680317 -0.993735909 -59.667247772 -0.171483845 0.979636848 0.104426570 -14.684267044 0.984953880 0.168172047 0.039799441 129.033996582
0.023583634 0.108153507 -0.993854344 -60.619007111 -0.170436591 0.980012238 0.102602802 -14.679738998 0.985086441 0.166969419 0.041545562 129.090347290
0.027092088 0.114073202 -0.993102849 -61.580638885 -0.171362519 0.979291260 0.107811913 -14.673780441 0.984835446 0.167259768 0.046078917 129.147644043
0.030689854 0.116520643 -0.992713988 -62.565738678 -0.174367785 0.978576601 0.109470658 -14.681150436 0.984202147 0.169737697 0.050349824 129.199874878
0.034428321 0.111157954 -0.993206322 -63.517906189 -0.173928663 0.979296446 0.103572160 -14.677558899 0.984156251 0.169181228 0.053049091 129.273483276
0.037548102 0.105585925 -0.993700981 -64.468620300 -0.173844174 0.979929328 0.097553730 -14.683465958 0.984057128 0.169086128 0.055149984 129.343719482
0.041129209 0.105388336 -0.993580163 -65.435058594 -0.171361819 0.980431259 0.096900128 -14.684434891 0.984349310 0.166276276 0.058383904 129.415573120
0.043485634 0.109935425 -0.992986917 -66.398857117 -0.168951958 0.980420709 0.101145327 -14.693746567 0.984664500 0.163368717 0.061208021 129.496566772
0.046504207 0.116443172 -0.992108047 -67.378730774 -0.168430403 0.979876578 0.107112542 -14.695163727 0.984615922 0.162119970 0.065180950 129.594299316
0.050034571 0.120366119 -0.991467834 -68.334487915 -0.166239023 0.979866803 0.110568479 -14.694164276 0.984815240 0.159288391 0.069036767 129.671661377
0.051698543 0.122104287 -0.991169989 -69.298614502 -0.165695876 0.979789495 0.112059757 -14.694857597 0.984820783 0.158439443 0.070885859 129.761337280
0.054026213 0.119409434 -0.991374075 -70.255760193 -0.163994953 0.980403900 0.109150968 -14.689642906 0.984980524 0.156683370 0.072550051 129.840362549
0.053500477 0.117582723 -0.991621017 -71.217453003 -0.161704496 0.980956256 0.107593797 -14.690899849 0.985387921 0.154593244 0.071495287 129.946945190
0.053780820 0.113949046 -0.992029905 -72.159141541 -0.158632442 0.981826305 0.104177080 -14.697555542 0.985871911 0.151765406 0.070879430 130.040390015
0.053962048 0.114306800 -0.991978884 -73.129707336 -0.157575175 0.981953740 0.104579754 -14.695562363 0.986031473 0.150667906 0.071000144 130.119918823
0.052680794 0.118612185 -0.991542161 -74.081153870 -0.154168189 0.981982946 0.109277681 -14.695118904 0.986639202 0.147107393 0.070017867 130.224563599
0.052827261 0.119988926 -0.991368711 -75.056442261 -0.148623049 0.982643008 0.111013129 -14.691287994 0.987481892 0.141475722 0.069743462 130.312652588
0.051846739 0.116426468 -0.991845071 -76.005683899 -0.145613015 0.983447909 0.107829124 -14.688111305 0.987982094 0.138834968 0.067941785 130.399780273
0.050432131 0.112638645 -0.992355227 -76.953514099 -0.147356614 0.983584225 0.104154304 -14.687272072 0.987796903 0.140977398 0.066202290 130.482818604
0.049551461 0.108065099 -0.992908120 -77.938591003 -0.143557370 0.984577298 0.099994116 -14.676655769 0.988400757 0.137584418 0.064300790 130.554901123
0.048740882 0.110129282 -0.992721438 -78.877532959 -0.144574717 0.984213531 0.102087073 -14.689915657 0.988292694 0.138546601 0.063893348 130.618759155
0.047496326 0.111476712 -0.992631376 -79.826309204 -0.145061150 0.983987570 0.103564963 -14.689232826 0.988281965 0.139073297 0.062906735 130.701843262
0.046778712 0.112857446 -0.992509425 -80.795883179 -0.147650376 0.983464122 0.104869887 -14.698076248 0.987932742 0.141638711 0.062668636 130.766082764
0.045172423 0.112627819 -0.992609918 -81.740692139 -0.147384226 0.983502150 0.104887150 -14.687377930 0.988047242 0.141557023 0.061026745 130.844192505
0.043395273 0.113312401 -0.992611289 -82.694412231 -0.147671193 0.983361363 0.105800539 -14.687191010 0.988084078 0.141988859 0.059406221 130.913131714
0.041005984 0.116429687 -0.992352068 -83.637855530 -0.147527933 0.983007014 0.109237097 -14.686749458 0.988207519 0.141920283 0.057485804 130.992797852
0.039452713 0.120079242 -0.991980016 -84.597923279 -0.148876712 0.982378483 0.112995900 -14.673498154 0.988068402 0.143224716 0.056634497 131.049865723
0.037175059 0.124701023 -0.991497755 -85.547172546 -0.149920195 0.981650233 0.117841445 -14.658236504 0.987999022 0.144264713 0.055188108 131.118530273
0.035464413 0.124970004 -0.991526544 -86.495391846 -0.150068402 0.981566787 0.118347153 -14.655156136 0.988039434 0.144599661 0.053564735 131.182403564
0.034175333 0.118850365 -0.992323875 -87.438331604 -0.150403559 0.982207716 0.112458877 -14.642048836 0.988033772 0.145405725 0.051442791 131.248870850
0.031877246 0.114485197 -0.992913425 -88.376586914 -0.155167043 0.981940687 0.108238429 -14.633321762 0.987373888 0.150617078 0.049065892 131.312988281
0.032149330 0.111746952 -0.993216515 -89.352355957 -0.153644785 0.982471049 0.105564654 -14.618420601 0.987603009 0.149208710 0.048755132 131.356796265
0.031216910 0.113010213 -0.993103325 -90.303398132 -0.149628863 0.982919455 0.107147940 -14.622166634 0.988249302 0.145252094 0.047593299 131.420806885
0.030377530 0.113868870 -0.993031263 -91.256904602 -0.146115512 0.983323157 0.108285889 -14.614621162 0.988801003 0.141807839 0.046508938 131.490859985
0.029095396 0.113867819 -0.993069708 -92.201988220 -0.141089737 0.984011590 0.108695492 -14.615558624 0.989569068 0.136949420 0.044695791 131.561172485
0.028062105 0.110919230 -0.993433118 -93.147735596 -0.137042120 0.984867513 0.106091745 -14.615421295 0.990167618 0.133165032 0.042838063 131.625259399
0.027389070 0.107988805 -0.993774712 -94.119750977 -0.132086635 0.985821664 0.103484154 -14.620128632 0.990859687 0.128430054 0.041264609 131.681564331
0.026253683 0.110438675 -0.993536115 -95.078399658 -0.130120292 0.985800564 0.106140465 -14.621120453 0.991150498 0.126492679 0.040251214 131.742889404
0.024721738 0.112912685 -0.993297338 -96.025306702 -0.129846975 0.985546649 0.108799942 -14.620084763 0.991225779 0.126286939 0.039025806 131.807510376
0.023627363 0.110837720 -0.993557692 -96.979812622 -0.125193626 0.986339509 0.107055329 -14.615199089 0.991850972 0.121857658 0.037180778 131.854812622
0.020505160 0.107521854 -0.993991256 -97.927780151 -0.123149008 0.986901045 0.104214437 -14.612868309 0.992176354 0.120272100 0.033477779 131.920944214
0.017577048 0.105188362 -0.994297028 -98.877166748 -0.122032486 0.987241626 0.102284685 -14.613872528 0.992370486 0.119538680 0.030189196 131.976470947
0.015272841 0.103743084 -0.994486868 -99.839302063 -0.115696490 0.988105536 0.101300575 -14.617951393 0.993167222 0.113511495 0.027093887 132.026321411
0.011681052 0.104063779 -0.994502008 -100.785430908 -0.109694891 0.988700509 0.102168262 -14.619989395 0.993896663 0.107898355 0.022964325 132.090652466
0.010190159 0.111498877 -0.993712246 -101.741645813 -0.099973388 0.988898396 0.109933525 -14.613943100 0.994937956 0.098224550 0.021223947 132.145965576
0.006366712 0.119000413 -0.992873788 -102.708694458 -0.091800325 0.988770723 0.117919981 -14.608344078 0.995757103 0.090395369 0.017219491 132.219818115
0.003866639 0.118371002 -0.992961884 -103.673965454 -0.087594859 0.989192545 0.117580578 -14.600303650 0.996148646 0.086523712 0.014193544 132.261459351
0.000318724 0.108531073 -0.994092941 -104.621688843 -0.088211551 0.990220904 0.108080052 -14.598633766 0.996101737 0.087656036 0.009889303 132.305221558
-0.001568587 0.099355027 -0.995050728 -105.571578979 -0.090657763 0.990940332 0.099087507 -14.601912498 0.995880961 0.090364493 0.007452928 132.340698242
-0.002038823 0.100097008 -0.994975507 -106.529830933 -0.097287983 0.990237892 0.099819712 -14.595163345 0.995254159 0.097002663 0.007719314 132.368652344
-0.002942386 0.110230193 -0.993901670 -107.488212585 -0.100908123 0.988800168 0.109963112 -14.590804100 0.994891286 0.100616314 0.008213691 132.403549194
-0.004554490 0.120702982 -0.992678285 -108.457603455 -0.104031526 0.987244904 0.120519631 -14.571773529 0.994563580 0.103818737 0.008060520 132.429641724
-0.004949952 0.123130746 -0.992378116 -109.436180115 -0.111800730 0.986100316 0.122909479 -14.563795090 0.993718326 0.111557007 0.008884956 132.451583862
-0.005123666 0.120303176 -0.992724001 -110.395675659 -0.119016200 0.985607386 0.120055027 -14.544028282 0.992879033 0.118765354 0.009268108 132.475387573
-0.005205931 0.116400562 -0.993188679 -111.350273132 -0.127344668 0.985038698 0.116112880 -14.531834602 0.991844893 0.127081767 0.009694947 132.499481201
-0.003156449 0.118373424 -0.992964149 -112.325889587 -0.132142931 0.984211922 0.117750108 -14.513363838 0.991225660 0.131584853 0.012535594 132.524185181
-0.001931616 0.120316677 -0.992733777 -113.293891907 -0.139919296 0.982937455 0.119401634 -14.502065659 0.990161002 0.139133215 0.014935964 132.556503296
-0.001349390 0.123127475 -0.992389977 -114.256828308 -0.149282739 0.981245816 0.121947788 -14.483910561 0.988793612 0.148311228 0.017056718 132.578231812
-0.001214433 0.125821859 -0.992052078 -115.228713989 -0.155049637 0.980031967 0.124487147 -14.464512825 0.987905800 0.153968483 0.018318448 132.607116699
-0.001080792 0.124394365 -0.992232203 -116.200271606 -0.158329606 0.979695857 0.122995131 -14.447859764 0.987385750 0.157232657 0.018636459 132.650329590
0.000658364 0.115021117 -0.993362844 -117.156959534 -0.157388315 0.980994523 0.113484666 -14.448840141 0.987536609 0.156268984 0.018748829 132.682113647
0.001794243 0.103400946 -0.994638145 -118.105659485 -0.160404086 0.981790304 0.101775967 -14.438566208 0.987049818 0.159361407 0.018347507 132.723693848
