1.000000000 0.000000000 0.000000000 0.000000000 0.000000000 1.000000000 0.000000000 0.000000000 0.000000000 0.000000000 1.000000000 0.000000000
0.999997735 -0.001666014 -0.001336070 0.049024146 0.001663109 0.999996245 -0.002172595 -0.132786006 0.001339685 0.002170368 0.999996722 1.297996998
0.999997616 0.000043475 -0.002183953 0.106499098 -0.000057329 0.999979854 -0.006343809 -0.267383665 0.002183633 0.006343918 0.999977469 2.605644464
0.999995768 0.002561416 -0.001389449 0.150757045 -0.002572164 0.999966323 -0.007789192 -0.406937987 0.001369451 0.007792733 0.999968648 3.908758640
0.999982774 0.005867713 0.000211576 0.193940163 -0.005866216 0.999961734 -0.006489695 -0.545966864 -0.000249648 0.006488341 0.999978900 5.221691132
0.999974906 0.006660297 0.002419761 0.242701918 -0.006652709 0.999972939 -0.003130513 -0.690616190 -0.002440545 0.003114336 0.999992192 6.542827129
0.999958992 0.006964704 0.005790643 0.298432648 -0.006954497 0.999974251 -0.001780952 -0.828548729 -0.005802898 0.001740607 0.999981701 7.846353531
0.999945104 0.005120189 0.009143168 0.353773057 -0.005104385 0.999985456 -0.001750850 -0.962074518 -0.009151999 0.001704084 0.999956608 9.153607368
0.999914289 0.003823874 0.012521176 0.428242594 -0.003802874 0.999991357 -0.001700548 -1.098294616 -0.012527570 0.001652786 0.999920130 10.450351715
0.999870479 0.002630803 0.015874969 0.496788561 -0.002593596 0.999993861 -0.002363820 -1.236737847 -0.015881086 0.002322340 0.999871194 11.761904716
0.999812186 0.001683479 0.019304600 0.571625292 -0.001625982 0.999994218 -0.002993690 -1.376413703 -0.019309532 0.002961739 0.999809146 13.056288719
0.999745786 0.001186260 0.022513721 0.643185318 -0.001113568 0.999994099 -0.003241081 -1.518154144 -0.022517432 0.003215186 0.999741256 14.381448746
0.999665797 0.001162091 0.025822373 0.729539037 -0.001050034 0.999989986 -0.004352664 -1.655845881 -0.025827169 0.004324095 0.999656975 15.677172661
0.999574602 0.002065434 0.029089577 0.809485555 -0.001944712 0.999989390 -0.004177663 -1.796063542 -0.029097900 0.004119315 0.999568105 16.983160019
0.999476552 0.001688997 0.032308925 0.899418712 -0.001567339 0.999991596 -0.003790420 -1.934689045 -0.032315057 0.003737797 0.999470770 18.269639969
0.999408245 0.000047507 0.034397136 1.002358198 0.000072839 0.999993861 -0.003497473 -2.077429295 -0.034397099 0.003497909 0.999402106 19.567296982
0.999346912 -0.002516264 0.036045864 1.100304484 0.002687980 0.999985218 -0.004716146 -2.218719006 -0.036033463 0.004809956 0.999338984 20.842069626
0.999310255 -0.002017913 0.037080590 1.199426889 0.002255120 0.999977231 -0.006356343 -2.362755060 -0.037066914 0.006435579 0.999292016 22.149614334
0.999259472 -0.001786272 0.038437925 1.276926279 0.002128995 0.999958336 -0.008877187 -2.507895708 -0.038420461 0.008952446 0.999221563 23.438774109
0.999228060 -0.001407381 0.039257947 1.387375832 0.001819246 0.999943614 -0.010457512 -2.649166822 -0.039241020 0.010520860 0.999174356 24.724174500
0.999185443 -0.000864614 0.040345129 1.488771319 0.001311919 0.999938011 -0.011061796 -2.796234608 -0.040333059 0.011105714 0.999124587 25.992259979
0.999162495 -0.002283411 0.040853590 1.587591171 0.002697083 0.999945641 -0.010073466 -2.941523790 -0.040828370 0.010175217 0.999114335 27.278917313
0.999163568 -0.005257100 0.040552381 1.694424629 0.005622524 0.999944508 -0.008902366 -3.086199045 -0.040503342 0.009122926 0.999137759 28.557201385
0.999179006 -0.006715898 0.039952096 1.786508441 0.007094248 0.999931276 -0.009335866 -3.235343933 -0.039886642 0.009611634 0.999157965 29.846948624
0.999198377 -0.008282340 0.039166071 1.891213059 0.008757675 0.999889910 -0.011980439 -3.379992247 -0.039062526 0.012313839 0.999160886 31.112602234
0.999222517 -0.008436112 0.038512059 1.994314551 0.008903980 0.999888420 -0.011993255 -3.529891729 -0.038406592 0.012326845 0.999186099 32.399349213
0.999239802 -0.009006006 0.037930343 2.094969273 0.009485221 0.999877214 -0.012473076 -3.671226740 -0.037813354 0.012823374 0.999202549 33.669826508
0.999255121 -0.009687646 0.037357032 2.189345121 0.010155397 0.999872148 -0.012351702 -3.818962574 -0.037232608 0.012721877 0.999225557 34.934387207
0.999267817 -0.010345240 0.036833152 2.285360575 0.010828092 0.999857724 -0.012933916 -3.961988926 -0.036694113 0.013323280 0.999237657 36.180854797
0.999307096 -0.010890584 0.035591587 2.397294998 0.011363378 0.999849439 -0.013108678 -4.119796753 -0.035443462 0.013504035 0.999280453 37.483150482
0.999299467 -0.010544308 0.035907883 2.483952522 0.010959334 0.999875128 -0.011380930 -4.265259266 -0.035783388 0.011766485 0.999290287 38.746505737
0.999271512 -0.010496492 0.036692217 2.590438604 0.010884661 0.999886751 -0.010395340 -4.405100822 -0.036578946 0.010787147 0.999272525 40.014091492
0.999196589 -0.012292246 0.038146943 2.702687263 0.012627614 0.999883592 -0.008563029 -4.548124313 -0.038037241 0.009037853 0.999235451 41.262477875
0.999076426 -0.013418256 0.040822376 2.791705132 0.013833124 0.999855340 -0.009897257 -4.692214012 -0.040683668 0.010452816 0.999117374 42.519504547
0.998949707 -0.014498383 0.043467660 2.883470058 0.015075509 0.999802113 -0.012978848 -4.842470169 -0.043270882 0.013620511 0.998970509 43.770309448
0.998852789 -0.015724933 0.045230813 2.996179819 0.016375050 0.999767363 -0.014038948 -4.988938332 -0.044999521 0.014763500 0.998877883 45.029911041
0.998726547 -0.015894409 0.047881030 3.118403673 0.016529046 0.999780357 -0.012887774 -5.121424675 -0.047665671 0.013662792 0.998769820 46.263668060
0.998518527 -0.017048437 0.051672611 3.225343227 0.017555710 0.999801993 -0.009379111 -5.278415680 -0.051502470 0.010272366 0.998619974 47.532539368
0.998243868 -0.020020012 0.055753477 3.336915016 0.020465013 0.999763072 -0.007422106 -5.415694714 -0.055591676 0.008550070 0.998416901 48.745708466
0.998018801 -0.022293439 0.058833819 3.472027302 0.022788672 0.999710202 -0.007759858 -5.556578159 -0.058643762 0.009085228 0.998237550 50.002891541
0.997725427 -0.025622528 0.062348936 3.609871864 0.026387537 0.999585927 -0.011477306 -5.693095207 -0.062029038 0.013096435 0.997988343 51.239269257
0.997451484 -0.027074879 0.066011176 3.744321585 0.027912281 0.999540687 -0.011796596 -5.822844028 -0.065661445 0.013609054 0.997749269 52.456398010
0.997102976 -0.029585132 0.070073053 3.871525049 0.030279007 0.999502182 -0.008860620 -5.969354630 -0.069776013 0.010956693 0.997502506 53.676639557
0.996838868 -0.032221667 0.072622553 4.033516884 0.032742355 0.999445796 -0.005990450 -6.095271587 -0.072389282 0.008349346 0.997341514 54.867057800
0.996530294 -0.034230769 0.075865716 4.153387547 0.034658320 0.999389887 -0.004325861 -6.235357285 -0.075671367 0.006940230 0.997108638 56.129344940
0.996353507 -0.037318524 0.076726668 4.309446335 0.037480723 0.999297142 -0.000674599 -6.364304066 -0.076647557 0.003547911 0.997051895 57.333881378
0.996172965 -0.039810594 0.077810146 4.447889805 0.039909571 0.999203265 0.000283176 -6.484242916 -0.077759415 0.002823277 0.996968150 58.547042847
0.996137083 -0.041734304 0.077259965 4.595956802 0.042105243 0.999108136 -0.003177749 -6.606627941 -0.077058449 0.006418523 0.997005880 59.739818573
0.996146262 -0.042895380 0.076501332 4.748777866 0.043582857 0.999022841 -0.007338790 -6.736992836 -0.076111786 0.010644654 0.997042477 60.953525543
0.996161699 -0.044197451 0.075551972 4.888472557 0.045182668 0.998913884 -0.011380270 -6.865810871 -0.074966937 0.014750231 0.997076929 62.135326385
0.996152222 -0.046525151 0.074269749 5.022634029 0.047670759 0.998768747 -0.013726589 -7.003272057 -0.073539652 0.017214267 0.997143686 63.352806091
0.996309936 -0.046433844 0.072182171 5.160859585 0.047528598 0.998778343 -0.013522824 -7.139768600 -0.071466066 0.016903643 0.997299850 64.527374268
0.996548176 -0.045591645 0.069376372 5.297532558 0.046602570 0.998828650 -0.013022598 -7.282949448 -0.068701386 0.016210765 0.997505486 65.751953125
0.996789575 -0.044868540 0.066310734 5.421485424 0.045710780 0.998891532 -0.011238512 -7.413125515 -0.065732956 0.014233548 0.997735679 66.927314758
0.997184753 -0.040850744 0.062878989 5.537475586 0.041393150 0.999115884 -0.007347372 -7.548328876 -0.062523253 0.009929445 0.997994065 68.120025635
0.997479200 -0.038931269 0.059325203 5.657213688 0.039292865 0.999215543 -0.004940446 -7.677124023 -0.059086319 0.007259049 0.998226464 69.298652649
0.997650445 -0.037721876 0.057188913 5.759871006 0.038246416 0.999235511 -0.008105136 -7.809110165 -0.056839451 0.010273363 0.998330474 70.472579956
0.997853339 -0.038139168 0.053236973 5.877952576 0.038997356 0.999124050 -0.015175024 -7.944482327 -0.052611578 0.017218549 0.998466611 71.656837463
0.997876585 -0.042217065 0.049600337 5.990860939 0.043161511 0.998903632 -0.018126488 -8.079378128 -0.048780710 0.020228824 0.998604596 72.827789307
0.997911334 -0.045895748 0.045462213 6.102161884 0.046538606 0.998829484 -0.013184020 -8.217594147 -0.044803903 0.015272231 0.998879015 73.998863220
0.997913897 -0.049743447 0.041152764 6.209660530 0.050134171 0.998706162 -0.008516978 -8.342279434 -0.040675864 0.010562371 0.999116540 75.154579163
0.997992754 -0.051630862 0.036670960 6.307514191 0.051868085 0.998638451 -0.005546789 -8.470346451 -0.036334645 0.007437708 0.999311924 76.348304749
0.998169005 -0.050939191 0.032617882 6.398219585 0.051068209 0.998690248 -0.003134047 -8.594883919 -0.032415517 0.004794044 0.999462962 77.507453918
0.998326361 -0.050292738 0.028552201 6.492596626 0.050405070 0.998723686 -0.003227801 -8.712287903 -0.028353423 0.004661575 0.999587119 78.663246155
0.998454690 -0.049236607 0.025772415 6.561612129 0.049376991 0.998768508 -0.004838935 -8.847077370 -0.025502430 0.006104020 0.999656141 79.835586548
0.998643041 -0.046920657 0.022594266 6.637566566 0.047150094 0.998840451 -0.009731099 -8.975934982 -0.022111474 0.010783218 0.999697387 80.979278564
0.998573303 -0.050071120 0.018555470 6.726855278 0.050343927 0.998626173 -0.014538780 -9.114371300 -0.017802002 0.015452193 0.999722123 82.138237000
0.998421073 -0.053838544 0.016023941 6.783593178 0.054090343 0.998412311 -0.015718566 -9.244050980 -0.015152236 0.016560489 0.999748051 83.282798767
0.998461187 -0.054060344 0.012359143 6.852293968 0.054214600 0.998450875 -0.012506004 -9.370039940 -0.011663920 0.013156805 0.999845445 84.419334412
0.998460174 -0.054647282 0.009540827 6.921795845 0.054740958 0.998451948 -0.009849568 -9.501730919 -0.008987810 0.010356676 0.999905944 85.554069519
0.998613715 -0.051934984 0.008569104 6.966359615 0.052030955 0.998580515 -0.011384126 -9.631335258 -0.007965703 0.011814202 0.999898493 86.700790405
0.998801231 -0.048260473 0.008192844 7.019657135 0.048376780 0.998721659 -0.014646828 -9.757874489 -0.007475509 0.015025613 0.999859154 87.821144104
0.998885036 -0.046678402 0.007053940 7.081094265 0.046795957 0.998750508 -0.017536556 -9.883281708 -0.006226547 0.017847100 0.999821365 88.924598694
0.998789847 -0.048786521 0.006221297 7.129999161 0.048891995 0.998639882 -0.018108940 -10.023173332 -0.005329362 0.018391201 0.999816775 90.065658569
0.998741388 -0.049933728 0.004730281 7.184865475 0.050000615 0.998632371 -0.015271545 -10.154640198 -0.003961248 0.015488836 0.999872208 91.179580688
0.998684466 -0.051107943 0.004177180 7.235133171 0.051157460 0.998609066 -0.012759877 -10.283512115 -0.003519239 0.012956781 0.999909878 92.295272827
0.998692811 -0.051013801 0.003195637 7.301926136 0.051049214 0.998621523 -0.012202652 -10.407214165 -0.002568729 0.012349836 0.999920428 93.427856445
0.998661160 -0.051632728 0.003147034 7.350599289 0.051673315 0.998557746 -0.014573860 -10.532780647 -0.002390006 0.014716966 0.999888837 94.537551880
0.998646855 -0.051927667 0.002793659 7.411762238 0.051970076 0.998482406 -0.018219776 -10.662995338 -0.001843309 0.018340312 0.999830127 95.640411377
0.998636544 -0.052144527 0.002488641 7.460884094 0.052182700 0.998454273 -0.019128049 -10.801184654 -0.001487372 0.019231830 0.999813914 96.749198914
0.998593390 -0.052975032 0.002206080 7.519844055 0.053005420 0.998443425 -0.017353123 -10.933491707 -0.001283364 0.017445652 0.999846995 97.834289551
0.998644292 -0.051949039 0.003303604 7.563547611 0.051986076 0.998571575 -0.012338419 -11.053452492 -0.002657916 0.012493432 0.999918401 98.917449951
0.998725891 -0.050248194 0.004641347 7.615132332 0.050287794 0.998695493 -0.008851571 -11.173621178 -0.004190517 0.009073697 0.999950051 99.985000610
0.998824954 -0.048020471 0.006558831 7.665709972 0.048078306 0.998803318 -0.008965055 -11.292708397 -0.006120476 0.009269860 0.999938309 101.053581238
0.998892188 -0.046264734 0.008606861 7.719024181 0.046355695 0.998867750 -0.010687340 -11.414192200 -0.008102669 0.011074477 0.999905825 102.092147827
0.998843312 -0.046690956 0.011491233 7.769865990 0.046837967 0.998819470 -0.012874765 -11.537321091 -0.010876533 0.013398099 0.999851048 103.110725403
0.998759985 -0.047936372 0.013438812 7.817841053 0.048124213 0.998742878 -0.014021092 -11.649266243 -0.012749798 0.014650439 0.999811411 104.118019104
0.998641312 -0.049829312 0.015251147 7.881989479 0.050031453 0.998660803 -0.013172228 -11.763522148 -0.014574358 0.013917367 0.999796987 105.099960327
0.998603523 -0.049908567 0.017325915 7.937241554 0.050117429 0.998673141 -0.011836955 -11.882184982 -0.016712161 0.012688754 0.999779880 106.079208374
0.998532236 -0.051093839 0.017964488 8.016613960 0.051287461 0.998628974 -0.010487666 -11.984966278 -0.017403999 0.011393627 0.999783635 107.020339966
0.998457491 -0.051676776 0.020304412 8.071158409 0.051907532 0.998591185 -0.011006592 -12.092351913 -0.019707019 0.012043564 0.999733269 107.937835693
0.998455703 -0.051145755 0.021683369 8.136949539 0.051354848 0.998638093 -0.009198706 -12.193426132 -0.021183362 0.010298047 0.999722540 108.840858459
0.998458683 -0.050349172 0.023349224 8.199602127 0.050527502 0.998697340 -0.007110873 -12.290876389 -0.022960778 0.008279691 0.999702036 109.713447571
0.998413146 -0.050689209 0.024531737 8.264415741 0.050797805 0.998701632 -0.003823276 -12.393875122 -0.024306083 0.005063368 0.999691725 110.570465088
0.998362422 -0.050752167 0.026394662 8.323611259 0.050872471 0.998697579 -0.003906159 -12.484761238 -0.026162038 0.005242523 0.999644041 111.393890381
0.998392642 -0.049626302 0.027373552 8.380054474 0.049728125 0.998758078 -0.003051003 -12.574192047 -0.027188148 0.004407336 0.999620616 112.206832886
0.998493373 -0.047331292 0.027759047 8.434980392 0.047429353 0.998870432 -0.002884601 -12.653574944 -0.027591160 0.004196849 0.999610484 112.985694885
0.998617411 -0.044918709 0.027301427 8.476844788 0.044925742 0.998990238 0.000356029 -12.733654976 -0.027289854 0.000871001 0.999627173 113.738601685
0.998701870 -0.044851258 0.024143402 8.529342651 0.044825662 0.998993516 0.001600205 -12.822555542 -0.024190873 -0.000515884 0.999707222 114.490707397
0.998833001 -0.044862971 0.017889317 8.567079544 0.044837929 0.998992682 0.001798579 -12.896814346 -0.017951986 -0.000994360 0.999838352 115.186965942
0.999033153 -0.043387454 0.007093245 8.599608421 0.043384738 0.999058306 0.000535861 -12.970907211 -0.007109815 -0.000227604 0.999974728 115.859428406
0.999150991 -0.040674262 -0.006570721 8.599258423 0.040660836 0.999170601 -0.002164552 -13.040140152 0.006653311 0.001895543 0.999976039 116.497474670
0.998910666 -0.039199922 -0.025313800 8.595278740 0.039096706 0.999224961 -0.004560161 -13.113047600 0.025472945 0.003565507 0.999669135 117.113838196
0.998164535 -0.037351787 -0.047669083 8.562999725 0.037058033 0.999288380 -0.007031539 -13.180177689 0.047897808 0.005252110 0.998838425 117.701965332
0.996530652 -0.035872366 -0.075097799 8.521651268 0.035323843 0.999338746 -0.008620044 -13.250299454 0.075357355 0.005937395 0.997138917 118.263618469
0.993625164 -0.033755902 -0.107562363 8.453180313 0.032787863 0.999404490 -0.010756103 -13.316424370 0.107861385 0.007160794 0.994140148 118.819091797
0.989299715 -0.029071053 -0.142971501 8.353878021 0.027598910 0.999543786 -0.012269502 -13.379870415 0.143262953 0.008192357 0.989650786 119.357238770
0.983033359 -0.023057830 -0.181971386 8.246524811 0.021234393 0.999702930 -0.011962622 -13.438555717 0.182193190 0.007895606 0.983231068 119.897377014
0.974622607 -0.018028865 -0.223127201 8.089368820 0.016251454 0.999819934 -0.009799705 -13.495515823 0.223263666 0.005924871 0.974740088 120.396316528
0.963397741 -0.013217468 -0.267750204 7.921928406 0.011425503 0.999900758 -0.008249680 -13.554425240 0.267832637 0.004888542 0.963453054 120.880172729
0.948974133 -0.007477670 -0.315265477 7.735542297 0.004941373 0.999948740 -0.008843509 -13.611001015 0.315315455 0.006834418 0.948962331 121.361885071
0.931882560 0.000380827 -0.362759888 7.500213623 -0.004191135 0.999944031 -0.009716729 -13.663221359 0.362735868 0.010575226 0.931832075 121.825973511
0.910849392 0.004813580 -0.412710845 7.257839203 -0.010066257 0.999893665 -0.010554072 -13.716127396 0.412616163 0.013767624 0.910800934 122.255676270
0.885814965 0.009561101 -0.463939965 6.979511261 -0.015489304 0.999839783 -0.008969025 -13.775028229 0.463779926 0.015131004 0.885821223 122.683288574
0.856806338 0.012813906 -0.515479088 6.698928833 -0.020017236 0.999764204 -0.008419377 -13.822012901 0.515249610 0.017532241 0.856860876 123.077331543
0.825172782 0.022418432 -0.564435422 6.372421265 -0.030864619 0.999508798 -0.005423510 -13.868094444 0.564036608 0.021896418 0.825459421 123.455146790
0.791109920 0.035392400 -0.610649288 6.025074005 -0.043726053 0.999042690 0.001255066 -13.913636208 0.610109210 0.025708389 0.791900158 123.816085815
0.755691886 0.044010136 -0.653446794 5.673511505 -0.054997060 0.998479784 0.003645884 -13.946173668 0.652613878 0.033182487 0.756963670 124.113204956
0.715931475 0.048515841 -0.696482837 5.303176880 -0.062517717 0.998030007 0.005257640 -14.004623413 0.695365846 0.039778415 0.717554152 124.417846680
0.673652649 0.050005201 -0.737354517 4.926559448 -0.065070853 0.997846782 0.008221786 -14.046126366 0.736177921 0.042441662 0.675455987 124.699615479
0.629398346 0.053350702 -0.775249362 4.523223877 -0.068832397 0.997546613 0.012765972 -14.073753357 0.774028301 0.045327399 0.631526351 124.973678589
0.584250569 0.062631987 -0.809152961 4.096385956 -0.079931743 0.996610999 0.019427173 -14.115164757 0.807627499 0.053326681 0.587276757 125.206359863
0.539312124 0.071042053 -0.839103997 3.633304596 -0.091301069 0.995494187 0.025601337 -14.136205673 0.837141931 0.062803984 0.543368280 125.419624329
0.492466480 0.076295123 -0.866980970 3.186832428 -0.097167224 0.994742334 0.032344874 -14.160909653 0.864890397 0.068313375 0.497290581 125.613159180
0.445194304 0.077646598 -0.892061174 2.724735260 -0.096457593 0.994594812 0.038432930 -14.187211990 0.890223503 0.068935953 0.450277597 125.794746399
0.398317814 0.079430006 -0.913801849 2.250034332 -0.094069183 0.994527996 0.045443036 -14.210250854 0.912411034 0.067859821 0.403610170 125.964485168
0.352869451 0.082262009 -0.932049453 1.757816315 -0.095699787 0.994076848 0.051505022 -14.232430458 0.930765808 0.071022384 0.358651698 126.106330872
0.309260011 0.085859269 -0.947093725 1.258823395 -0.101306327 0.993223250 0.056961030 -14.253492355 0.945566118 0.078330822 0.315862328 126.223869324
0.267751396 0.087087244 -0.959544122 0.741601944 -0.105855249 0.992536664 0.060543761 -14.268892288 0.957655370 0.085362114 0.274971724 126.327911377
0.228218645 0.083579794 -0.970015764 0.211687088 -0.105938278 0.992524743 0.060594819 -14.285482407 0.967829168 0.088932946 0.235366896 126.433006287
0.193170756 0.078628786 -0.978009462 -0.319286346 -0.101331711 0.993052363 0.059823733 -14.307190895 0.975918531 0.087547198 0.199796304 126.523078918
0.162730902 0.073451392 -0.983932674 -0.867288589 -0.098487660 0.993454039 0.057873458 -14.327282906 0.981742799 0.087487452 0.168899730 126.603347778
0.136610121 0.071889743 -0.988012969 -1.434839249 -0.099703461 0.993296742 0.058488455 -14.346457481 0.985594690 0.090518206 0.142862052 126.669624329
0.114376649 0.070767969 -0.990913630 -2.023158073 -0.100192979 0.993195355 0.059366100 -14.357995987 0.988372087 0.092492506 0.120688841 126.731033325
0.095999666 0.072460845 -0.992740393 -2.617418289 -0.102184951 0.992794812 0.062583379 -14.374472618 0.990122437 0.095435128 0.102712393 126.786346436
0.079683244 0.070844091 -0.994299710 -3.222537994 -0.103298523 0.992687881 0.062450908 -14.400148392 0.991453469 0.097733378 0.086418696 126.841690063
0.065384440 0.069786936 -0.995416820 -3.842413902 -0.102174185 0.992776573 0.062890448 -14.429183006 0.992615402 0.097593851 0.072042577 126.896514893
0.052968852 0.067490496 -0.996312857 -4.479112625 -0.097855233 0.993262470 0.062081389 -14.453224182 0.993790030 0.094206050 0.059216272 126.944313049
0.041345526 0.064590842 -0.997054994 -5.130527020 -0.095501281 0.993594766 0.060406473 -14.466803551 0.994570255 0.092722490 0.047249228 126.976425171
0.030589065 0.063604213 -0.997506320 -5.796759129 -0.094679095 0.993670344 0.060456242 -14.486181259 0.995037794 0.092593685 0.036417440 127.018745422
0.020867297 0.065109596 -0.997659922 -6.467650414 -0.097986467 0.993206203 0.062769435 -14.508296967 0.994968891 0.096447334 0.027105391 127.041572571
0.012594355 0.065058194 -0.997801960 -7.143989086 -0.101017974 0.992858529 0.063460812 -14.535936356 0.994804859 0.099996693 0.019076465 127.055847168
0.005869462 0.064445905 -0.997903943 -7.840189934 -0.103048399 0.992647350 0.063500322 -14.556911469 0.994659007 0.102459677 0.012467351 127.079971313
0.000805506 0.065252863 -0.997868419 -8.538787842 -0.103778951 0.992486119 0.064817123 -14.574315071 0.994600058 0.103505537 0.007571328 127.097686768
-0.002898255 0.067572765 -0.997710109 -9.264094353 -0.106169835 0.992054403 0.067498118 -14.592292786 0.994343817 0.106122352 0.004298962 127.121620178
-0.003983377 0.071762599 -0.997413754 -9.991658211 -0.108074546 0.991548657 0.071772225 -14.620110512 0.994134784 0.108080946 0.003805997 127.130592346
-0.004399350 0.074772969 -0.997190893 -10.721837044 -0.111067519 0.990993917 0.074798316 -14.631479263 0.993803144 0.111084566 0.003945117 127.133476257
-0.005031670 0.080419131 -0.996748507 -11.463886261 -0.115684077 0.990021884 0.080460399 -14.639313698 0.993273318 0.115712769 0.004321749 127.143310547
-0.005966187 0.084157526 -0.996434569 -12.203620911 -0.118885331 0.989325583 0.084268928 -14.652672768 0.992890000 0.118964218 0.004102592 127.151084900
-0.007690012 0.084674329 -0.996379018 -12.950206757 -0.118796162 0.989274800 0.084987462 -14.671282768 0.992888868 0.119019561 0.002451451 127.178428650
-0.009174213 0.081603557 -0.996622622 -13.694368362 -0.116421632 0.989799380 0.082116552 -14.689689636 0.993157446 0.116781801 0.000419787 127.200981140
-0.010664428 0.077978656 -0.996897995 -14.455690384 -0.120001413 0.989649773 0.078695424 -14.693863869 0.992716432 0.120468400 -0.001196498 127.215072632
-0.012147583 0.080131486 -0.996710300 -15.216479301 -0.124827750 0.988864720 0.081022091 -14.708026886 0.992103994 0.125401318 -0.002009684 127.225471497
-0.013284383 0.082997896 -0.996461153 -16.006418228 -0.122088946 0.988958120 0.084000587 -14.723204613 0.992430270 0.122772790 -0.003004571 127.233985901
-0.015670296 0.083070941 -0.996420383 -16.780061722 -0.120797262 0.989086270 0.084359236 -14.739474297 0.992553473 0.121686794 -0.005464531 127.253890991
-0.016154990 0.082581840 -0.996453285 -17.572452545 -0.124509446 0.988660276 0.083954602 -14.750080109 0.992086947 0.125424132 -0.005689576 127.249328613
-0.017650278 0.081987187 -0.996477008 -18.362154007 -0.128529310 0.988177299 0.083580919 -14.762125969 0.991548657 0.129551724 -0.006903847 127.270317078
-0.018963687 0.086275943 -0.996090829 -19.158750534 -0.130281970 0.987562418 0.088017583 -14.767940521 0.991295636 0.131441802 -0.007487624 127.281471252
-0.019625887 0.091360047 -0.995624542 -19.962690353 -0.129631877 0.987177968 0.093140312 -14.782108307 0.991367936 0.130892619 -0.007531072 127.297119141
-0.018440871 0.093511172 -0.995447457 -20.794586182 -0.130371392 0.986891508 0.095122606 -14.788904190 0.991293728 0.131531999 -0.006007954 127.310012817
-0.016436752 0.092759944 -0.995552838 -21.613611221 -0.129718855 0.987074494 0.094111659 -14.798656464 0.991414607 0.130688876 -0.004191581 127.320793152
-0.015423339 0.092510059 -0.995592237 -22.444723129 -0.129715845 0.987111032 0.093731485 -14.801093102 0.991431355 0.130589783 -0.003224529 127.335769653
-0.015323515 0.091406614 -0.995695710 -23.266464233 -0.128317893 0.987398684 0.092619702 -14.805388451 0.991614699 0.129184842 -0.003401314 127.362236023
-0.014633135 0.093439378 -0.995517433 -24.103881836 -0.129207239 0.987100005 0.094548538 -14.811584473 0.991509676 0.130011618 -0.002371318 127.384300232
-0.014178643 0.095252596 -0.995352149 -24.942562103 -0.130812839 0.986719906 0.096289933 -14.810991287 0.991305709 0.131570086 -0.001530087 127.402900696
-0.013986860 0.098061785 -0.995082021 -25.815866470 -0.134156212 0.985997379 0.099052221 -14.815897942 0.990861475 0.134881824 -0.000635410 127.416694641
-0.012351670 0.099162616 -0.994994640 -26.679264069 -0.136360005 0.985607445 0.099919826 -14.812747955 0.990582347 0.136911616 0.001347916 127.430564880
-0.010378014 0.102208287 -0.994708955 -27.549001694 -0.143117756 0.984369159 0.102639042 -14.811815262 0.989651263 0.143425703 0.004412026 127.445594788
-0.008322552 0.106161058 -0.994314134 -28.433860779 -0.147849321 0.983289063 0.106221467 -14.807168007 0.988974869 0.147892684 0.007512369 127.462944031
-0.006413389 0.107922398 -0.994138539 -29.308929443 -0.150266945 0.982766390 0.107657254 -14.800826073 0.988624692 0.150076613 0.009914304 127.496467590
-0.002242952 0.108915456 -0.994048417 -30.204330444 -0.149236351 0.982882738 0.108028755 -14.802541733 0.988798976 0.148590460 0.014049582 127.518402100
0.000166005 0.108835422 -0.994059741 -31.094381332 -0.151749834 0.982550263 0.107549943 -14.796260834 0.988418937 0.150830537 0.016678864 127.552108765
0.002596126 0.112690501 -0.993626773 -31.997571945 -0.152411759 0.982066095 0.110981159 -14.788211823 0.988313794 0.151152268 0.019724926 127.585578918
0.004931034 0.114799261 -0.993376493 -32.914627075 -0.151493311 0.982008636 0.112733535 -14.785322189 0.988445938 0.149934009 0.022233635 127.628623962
0.006631094 0.115925178 -0.993235826 -33.807079315 -0.152073443 0.981821716 0.113577694 -14.780462265 0.988346934 0.150291651 0.024139695 127.672439575
0.009172741 0.114239626 -0.993410885 -34.710494995 -0.153520197 0.981835723 0.111490957 -14.774057388 0.988102973 0.151485935 0.026544206 127.705444336
0.009515244 0.115585037 -0.993252039 -35.624092102 -0.158032939 0.980987728 0.112643898 -14.763168335 0.987387955 0.155894712 0.027600583 127.749015808
0.010490772 0.116333455 -0.993154824 -36.518596649 -0.158872157 0.980787396 0.113206610 -14.758352280 0.987243474 0.156597003 0.028771363 127.788688660
0.010746125 0.112661920 -0.993575394 -37.412017822 -0.159268230 0.981140673 0.109529376 -14.754563332 0.987176895 0.157067925 0.028486922 127.826202393
0.011683817 0.108458638 -0.994032323 -38.325485229 -0.160409689 0.981428623 0.105197996 -14.753517151 0.986981392 0.158223301 0.028864648 127.874443054
0.012141329 0.107635081 -0.994116366 -39.221614838 -0.160022423 0.981585085 0.104323916 -14.747332573 0.987038791 0.157814279 0.029141773 127.918930054
0.011792440 0.111777730 -0.993663251 -40.121532440 -0.162215725 0.980782688 0.108403660 -14.744560242 0.986684918 0.159909487 0.029697923 127.965126038
0.012269274 0.118055731 -0.992931306 -41.061065674 -0.162947252 0.979968190 0.114501022 -14.731956482 0.986558497 0.160390601 0.031260360 128.002136230
0.012379459 0.116778389 -0.993080795 -41.954402924 -0.160771266 0.980468094 0.113291085 -14.731973648 0.986914158 0.158256382 0.030912271 128.049987793
0.013346546 0.106144801 -0.994261086 -42.845401764 -0.160041541 0.981757283 0.102661580 -14.735283852 0.987020075 0.157752901 0.030090643 128.095031738
0.013617917 0.096005678 -0.995287538 -43.777107239 -0.161730826 0.982484639 0.092557855 -14.741437912 0.986740947 0.159708202 0.028906472 128.136383057
0.012602922 0.092890747 -0.995596468 -44.677772522 -0.158615023 0.983254611 0.089731373 -14.748662949 0.987260044 0.156785712 0.027125750 128.184387207
0.012292337 0.103155702 -0.994589269 -45.598075867 -0.151330918 0.983399272 0.100124776 -14.753622055 0.988406718 0.149281368 0.027698923 128.237625122
0.012439917 0.116198555 -0.993148088 -46.546928406 -0.146484151 0.982721090 0.113143779 -14.747888565 0.989134789 0.144072980 0.029246217 128.298492432
0.012674790 0.125089973 -0.992064536 -47.468795776 -0.146765888 0.981631517 0.121899366 -14.738100052 0.989089966 0.144056186 0.030800920 128.345626831
0.012369848 0.119468227 -0.992760956 -48.385368347 -0.147025406 0.982263088 0.116372980 -14.734835625 0.989055395 0.144521549 0.029715309 128.389617920
0.012522622 0.106321961 -0.994252861 -49.303527832 -0.146800280 0.983752310 0.103350095 -14.737131119 0.989086807 0.144662425 0.027927252 128.433242798
0.013103034 0.097530976 -0.995146215 -50.217891693 -0.147390440 0.984548569 0.094551660 -14.736543655 0.988991618 0.145436138 0.027275711 128.478378296
0.013752572 0.097619176 -0.995128810 -51.143714905 -0.146841511 0.984629750 0.094559923 -14.745709419 0.989064395 0.144825801 0.027875744 128.525131226
0.012868161 0.099145085 -0.994989753 -52.087184906 -0.149755776 0.984039962 0.096117221 -14.761598587 0.988639295 0.147768617 0.027510334 128.570419312
0.013536409 0.098671429 -0.995027959 -53.015056610 -0.154303223 0.983405054 0.095419712 -14.762725830 0.987930834 0.152244374 0.028537096 128.605377197
0.013761274 0.098046258 -0.995086610 -53.952507019 -0.156065002 0.983194947 0.094716318 -14.765028000 0.987650990 0.153994769 0.028831603 128.649963379
0.014304377 0.105831981 -0.994281113 -54.909095764 -0.164639860 0.981059790 0.102056079 -14.766435623 0.986250103 0.162238494 0.031457610 128.688568115
0.016296387 0.115531296 -0.993170083 -55.855648041 -0.171095237 0.978973567 0.111072458 -14.765261650 0.985119700 0.168116584 0.035720583 128.731445312
0.017588036 0.123722777 -0.992160976 -56.799835205 -0.171275541 0.978019476 0.118923120 -14.756002426 0.985066116 0.167841285 0.038392127 128.779067993
0.018624982 0.124388143 -0.992058873 -57.741607666 -0.172888070 0.977684915 0.119340070 -14.746419907 0.984765351 0.169292420 0.039714586 128.824966431
0.020096691 0.114664793 -0.993200898 -58.688667297 -0.174458072 0.978563309 0.109444849 -14.740219116 0.984459460 0.171072453 0.039670084 128.875411987
0.021039721 0.109533377 -0.993760407 -59.624320984 -0.172949389 0.979393899 0.104288220 -14.733181000 0.984705985 0.169676065 0.039549902 128.936218262
0.023182580 0.107812814 -0.993900895 -60.599189758 -0.171425179 0.979872167 0.102292620 -14.729341507 0.984924316 0.168008238 0.041197803 128.992584229
0.026284838 0.113775864 -0.993158698 -61.554626465 -0.172588214 0.979099572 0.107597552 -14.727525711 0.984643281 0.168579310 0.045371849 129.060974121
0.030078745 0.115795344 -0.992817521 -62.513427734 -0.175556332 0.978438854 0.108799592 -14.725289345 0.984009743 0.171022832 0.049758818 129.115829468
0.034043163 0.111206681 -0.993213952 -63.459533691 -0.175019577 0.979096293 0.103627026 -14.729743958 0.983976245 0.170304105 0.052794877 129.179000854
0.036972284 0.105295159 -0.993753433 -64.427047729 -0.174744993 0.979792893 0.097314589 -14.734616280 0.983919322 0.170055494 0.054624975 129.250457764
0.040574871 0.105072334 -0.993636549 -65.377616882 -0.172195151 0.980311751 0.096631765 -14.736665726 0.984226882 0.167178571 0.057868969 129.322814941
0.043070085 0.109684974 -0.993032813 -66.332572937 -0.169593111 0.980332613 0.100926526 -14.747177124 0.984572530 0.164064631 0.060824819 129.408660889
0.046507567 0.116093315 -0.992148876 -67.316719055 -0.169357419 0.979761243 0.106705084 -14.745269775 0.984456778 0.163065180 0.065227591 129.486251831
0.049861938 0.119956397 -0.991526186 -68.271133423 -0.167242080 0.979746640 0.110121012 -14.744132042 0.984654129 0.160334036 0.068913817 129.565780640
0.051450625 0.121631294 -0.991240978 -69.235717773 -0.166630059 0.979687572 0.111564644 -14.744901657 0.984676242 0.159430474 0.070672967 129.656311035
0.053346749 0.118850224 -0.991477966 -70.190536499 -0.164885044 0.980311394 0.108639963 -14.739439964 0.984869063 0.157684341 0.071893051 129.740997314
0.053756185 0.117110603 -0.991662920 -71.144363403 -0.162447616 0.980894983 0.107032955 -14.740775108 0.985251784 0.155339584 0.071753487 129.828323364
0.054023668 0.113431253 -0.992075980 -72.084594727 -0.159336686 0.981775820 0.103576854 -14.747815132 0.985745072 0.152478501 0.071112894 129.922058105
0.054362286 0.113768354 -0.992018819 -73.057746887 -0.158566535 0.981864750 0.103914455 -14.744766235 0.985850632 0.151651964 0.071416259 129.999481201
0.053346340 0.117248625 -0.991668761 -74.000022888 -0.155030504 0.982014120 0.107767329 -14.737587929 0.986468315 0.147989929 0.070563987 130.102691650
0.052930526 0.119121656 -0.991467774 -74.972503662 -0.149444818 0.982623219 0.110080741 -14.739642143 0.987352312 0.142343089 0.069812879 130.194961548
0.051924050 0.115463600 -0.991953611 -75.922195435 -0.146401137 0.983442187 0.106809460 -14.737345695 0.987861574 0.139677167 0.067968294 130.282089233
0.050843205 0.111759119 -0.992433786 -76.869697571 -0.148102283 0.983575583 0.103174165 -14.737610817 0.987664342 0.141736016 0.066559903 130.361770630
0.049789246 0.108141594 -0.992887914 -77.851623535 -0.144624799 0.984423816 0.099967368 -14.735862732 0.988233149 0.138618931 0.064653680 130.433197021
0.048806388 0.109299995 -0.992810011 -78.790435791 -0.145050213 0.984232664 0.101225086 -14.742988586 0.988219798 0.139066890 0.063890837 130.494812012
0.047479160 0.110501289 -0.992741287 -79.738655090 -0.145507976 0.984025657 0.102572054 -14.741916656 0.988217235 0.139581770 0.062799528 130.579071045
0.046836130 0.111919530 -0.992613018 -80.709060669 -0.148242906 0.983478427 0.103894822 -14.751076698 0.987841249 0.142281801 0.062653609 130.643081665
0.045112576 0.111569047 -0.992732167 -81.657508850 -0.147664681 0.983572364 0.103829309 -14.741082191 0.988008082 0.141907439 0.060846291 130.720657349
0.043244690 0.111930773 -0.992774665 -82.611152649 -0.147834435 0.983481765 0.104443483 -14.739706993 0.988066256 0.142249614 0.059077594 130.790832520
0.041137081 0.115373328 -0.992470086 -83.555450439 -0.147792116 0.983086765 0.108156689 -14.741898537 0.988162577 0.142229989 0.057492599 130.866485596
0.039658248 0.119291723 -0.992066860 -84.519355774 -0.149637640 0.982360721 0.112142779 -14.731453896 0.987945199 0.144003153 0.056809235 130.920196533
0.037391786 0.123915330 -0.991588056 -85.468414307 -0.150692716 0.981634021 0.116988935 -14.717138290 0.987873316 0.145050660 0.055378184 130.988845825
0.035474788 0.124458365 -0.991590500 -86.415756226 -0.150981605 0.981493771 0.117789648 -14.716247559 0.987899959 0.145533323 0.053609207 131.054382324
0.033934716 0.118301950 -0.992397666 -87.361228943 -0.151162207 0.982153475 0.111911856 -14.704352379 0.987926424 0.146215290 0.051211894 131.123916626
0.031779286 0.113942198 -0.992978930 -88.299232483 -0.155954778 0.981877685 0.107677177 -14.696144104 0.987252772 0.151437938 0.048973203 131.186340332
0.031525038 0.111435197 -0.993271649 -89.273445129 -0.154449746 0.982372105 0.105310373 -14.685296059 0.987497509 0.150090620 0.048180468 131.235366821
0.030693375 0.112616681 -0.993164241 -90.224349976 -0.150438279 0.982834220 0.106796071 -14.688822746 0.988142788 0.146132007 0.047108360 131.298385620
0.029968640 0.113585874 -0.993076086 -91.174919128 -0.146954969 0.983226895 0.108024575 -14.682905197 0.988689065 0.142700136 0.046157982 131.367019653
0.028754566 0.113782935 -0.993089437 -92.120475769 -0.142081097 0.983878016 0.108613655 -14.685157776 0.989437222 0.137976095 0.044457391 131.435913086
0.027730005 0.110836558 -0.993451655 -93.065910339 -0.137915581 0.984753609 0.106016524 -14.685646057 0.990055680 0.134072632 0.042593315 131.499603271
0.026862364 0.107866630 -0.993802369 -94.036636353 -0.132871643 0.985724986 0.103398405 -14.692537308 0.990769148 0.129270658 0.040811330 131.557678223
0.025744028 0.110071085 -0.993590295 -94.996673584 -0.130980834 0.985722542 0.105805784 -14.691308975 0.991050601 0.127417430 0.039793681 131.618316650
0.024290301 0.112786531 -0.993322372 -95.940979004 -0.130613118 0.985456526 0.108699478 -14.692688942 0.991135776 0.127100587 0.038668439 131.681411743
0.023280732 0.110679172 -0.993583441 -96.895370483 -0.126031071 0.986248672 0.106909096 -14.687729836 0.991753101 0.122733451 0.036909606 131.727066040
0.020479877 0.107680328 -0.993974566 -97.845870972 -0.124286458 0.986745536 0.104336388 -14.690099716 0.992035031 0.121400788 0.033591632 131.786178589
0.017472921 0.105190843 -0.994298577 -98.794998169 -0.123173930 0.987101853 0.102264933 -14.689583778 0.992231369 0.120684795 0.030204328 131.842773438
0.015353091 0.103882492 -0.994471073 -99.757453918 -0.116845287 0.987960219 0.101398468 -14.694802284 0.993031502 0.114642486 0.027306426 131.890274048
0.011332651 0.104777642 -0.994431078 -100.706169128 -0.110877238 0.988493919 0.102888502 -14.702137947 0.993769467 0.109093770 0.022819711 131.956222534
0.010041236 0.112461165 -0.993605435 -101.660461426 -0.101139344 0.988673985 0.110880919 -14.697242737 0.994821489 0.099379212 0.021301758 132.009017944
0.006048483 0.119753256 -0.992785275 -102.629310608 -0.092928290 0.988574505 0.118679188 -14.689548492 0.995654345 0.091540016 0.017107844 132.084457397
0.003362983 0.119525813 -0.992825329 -103.589584351 -0.088880874 0.988937438 0.118756637 -14.686294556 0.996036530 0.087843843 0.013949335 132.126296997
0.000080538 0.109819956 -0.993951499 -104.537330627 -0.089624837 0.989952147 0.109370828 -14.684684753 0.995975673 0.089073934 0.009922326 132.166946411
-0.002061213 0.100660942 -0.994918644 -105.487243652 -0.091977492 0.990684271 0.100423075 -14.686493874 0.995758951 0.091717124 0.007216531 132.204635620
-0.001989097 0.101406030 -0.994843125 -106.449035645 -0.098783813 0.989959240 0.101105727 -14.678330421 0.995106936 0.098475486 0.008048151 132.223785400
-0.002950775 0.111488834 -0.993761241 -107.407203674 -0.102360182 0.988512099 0.111203864 -14.672410011 0.994743049 0.102049731 0.008495140 132.259643555
-0.004557921 0.122145608 -0.992501795 -108.376190186 -0.105594240 0.986904263 0.121941671 -14.653433800 0.994398892 0.105358265 0.008399638 132.285705566
-0.005076970 0.123906985 -0.992280781 -109.355720520 -0.113163255 0.985848188 0.123682722 -14.639344215 0.993563354 0.112917669 0.009016599 132.308029175
-0.005326336 0.121095814 -0.992626548 -110.315025330 -0.120417625 0.985339582 0.120853007 -14.618738174 0.992708981 0.120173424 0.009333820 132.332168579
-0.005770884 0.116960287 -0.993119836 -111.269111633 -0.128630668 0.984798789 0.116727777 -14.604173660 0.991675735 0.128419295 0.009361519 132.359985352
-0.003180219 0.119086929 -0.992878735 -112.245552063 -0.133427620 0.983955324 0.118444026 -14.586310387 0.991053522 0.132854119 0.012760292 132.378509521
-0.002032159 0.120890431 -0.992663801 -113.221725464 -0.141416192 0.982654989 0.119961031 -14.570804596 0.989948094 0.140622556 0.015098954 132.406188965
-0.001416258 0.123986416 -0.992282987 -114.185668945 -0.150898293 0.980895102 0.122778863 -14.553912163 0.988548338 0.149907693 0.017320139 132.427413940
-0.001307924 0.126679152 -0.991942942 -115.159767151 -0.156704843 0.979662776 0.125317514 -14.532706261 0.987644613 0.155606166 0.018569913 132.454345703
-0.001009541 0.125414521 -0.992103934 -116.130752563 -0.160430670 0.979233444 0.123950817 -14.513536453 0.987046540 0.159289047 0.019131767 132.489990234
0.000647783 0.115827650 -0.993269086 -117.086097717 -0.159440175 0.980574906 0.114243381 -14.512655258 0.987207353 0.158293039 0.019102786 132.523468018
0.002057362 0.104330868 -0.994540453 -118.036491394 -0.162808493 0.981308103 0.102605931 -14.501238823 0.986655474 0.161708578 0.019004861 132.560134888
