1.000000000 0.000000000 0.000000000 0.000000000 0.000000000 1.000000000 0.000000000 0.000000000 0.000000000 0.000000000 1.000000000 0.000000000
0.999997854 -0.001571447 -0.001370799 0.049905792 0.001568490 0.999996424 -0.002154989 -0.132512420 0.001374180 0.002152834 0.999996722 1.297416925
0.999997497 0.000019330 -0.002247073 0.106600411 -0.000033705 0.999979556 -0.006397710 -0.267169416 0.002246903 0.006397770 0.999976933 2.604499102
0.999995887 0.002476789 -0.001403253 0.150358140 -0.002487780 0.999965787 -0.007886327 -0.406058401 0.001383672 0.007889787 0.999967873 3.908699512
0.999983072 0.005811729 0.000213500 0.193495974 -0.005810196 0.999961436 -0.006588650 -0.544968545 -0.000251783 0.006587298 0.999978304 5.221767902
0.999975085 0.006649147 0.002357143 0.244308516 -0.006641459 0.999972582 -0.003254329 -0.690163076 -0.002378717 0.003238593 0.999991953 6.538633347
0.999959946 0.006913959 0.005685677 0.300515264 -0.006903243 0.999974370 -0.001902090 -0.827813208 -0.005698682 0.001862764 0.999982059 7.842275143
0.999943554 0.005356745 0.009172106 0.355183899 -0.005340140 0.999984086 -0.001833935 -0.961203158 -0.009181783 0.001784851 0.999956250 9.144816399
0.999915123 0.003945423 0.012424340 0.434353888 -0.003923836 0.999990761 -0.001761434 -1.097912312 -0.012431175 0.001712533 0.999921322 10.443991661
0.999873102 0.002737099 0.015690479 0.501755714 -0.002698011 0.999993205 -0.002511826 -1.233961344 -0.015697246 0.002469174 0.999873757 11.754116058
0.999814808 0.001641398 0.019173540 0.576093078 -0.001578261 0.999993265 -0.003307600 -1.369393229 -0.019178841 0.003276726 0.999810696 13.045560837
0.999746561 0.001700658 0.022449028 0.649504662 -0.001628646 0.999993443 -0.003225721 -1.518528342 -0.022454372 0.003188342 0.999742746 14.366230011
0.999667227 0.001565324 0.025750747 0.734441280 -0.001453642 0.999989450 -0.004355216 -1.655093551 -0.025757292 0.004316335 0.999658942 15.661098480
0.999579668 0.002520548 0.028882189 0.819100201 -0.002396371 0.999987721 -0.004333225 -1.794576049 -0.028892757 0.004262191 0.999573410 16.968551636
0.999481559 0.002190057 0.032122709 0.907744527 -0.002066597 0.999990404 -0.003876065 -1.934695005 -0.032130893 0.003807670 0.999476373 18.255483627
0.999406219 0.000757848 0.034446236 1.000368357 -0.000637513 0.999993622 -0.003504285 -2.077904940 -0.034448676 0.003480244 0.999400377 19.560268402
0.999348760 -0.001754257 0.036039010 1.096849918 0.001923835 0.999987185 -0.004671257 -2.219360352 -0.036030352 0.004737549 0.999339461 20.839960098
0.999308228 -0.001441372 0.037161898 1.196175218 0.001681456 0.999977887 -0.006430062 -2.361194134 -0.037151814 0.006488100 0.999288499 22.143493652
0.999263942 -0.001301121 0.038340520 1.279340148 0.001652702 0.999956787 -0.009139709 -2.504317999 -0.038326971 0.009196347 0.999222934 23.429105759
0.999219179 -0.000791068 0.039502371 1.381060362 0.001212301 0.999942660 -0.010640670 -2.646822453 -0.039491687 0.010680250 0.999162793 24.715543747
0.999174953 -0.000241772 0.040611666 1.482187033 0.000697089 0.999937057 -0.011197704 -2.794008732 -0.040606406 0.011216776 0.999112308 25.983938217
0.999156594 -0.001754839 0.041022733 1.580554128 0.002167362 0.999947488 -0.010013643 -2.942566395 -0.041003004 0.010094109 0.999108016 27.278125763
0.999158502 -0.004687554 0.040746085 1.687184572 0.005051981 0.999948084 -0.008845468 -3.089442730 -0.040702511 0.009043872 0.999130368 28.555728912
0.999181807 -0.006177999 0.039969202 1.783619642 0.006554794 0.999935210 -0.009302985 -3.235846043 -0.039909147 0.009557363 0.999157608 29.848632812
0.999189377 -0.007975772 0.039457638 1.882348895 0.008450495 0.999893785 -0.011879102 -3.380434275 -0.039358694 0.012202908 0.999150693 31.111282349
0.999235928 -0.007898695 0.038278326 2.000323534 0.008360568 0.999893963 -0.011921134 -3.528081179 -0.038180105 0.012232052 0.999195993 32.399520874
0.999245703 -0.008467022 0.037900299 2.095673084 0.008931269 0.999886930 -0.012096607 -3.673249006 -0.037793592 0.012425983 0.999208272 33.664043427
0.999268055 -0.009119374 0.037149541 2.196403027 0.009583798 0.999877870 -0.012342717 -3.815540075 -0.037032448 0.012689719 0.999233425 34.933326721
0.999280691 -0.009776025 0.036640748 2.289245129 0.010257096 0.999863267 -0.012964497 -3.960267305 -0.036509003 0.013330999 0.999244392 36.197315216
0.999330521 -0.010316936 0.035103653 2.410088301 0.010781362 0.999856472 -0.013066639 -4.117179871 -0.034963805 0.013436353 0.999298275 37.484115601
0.999321520 -0.009983120 0.035450254 2.495426178 0.010391165 0.999881685 -0.011344826 -4.262410641 -0.035332803 0.011705498 0.999307036 38.749351501
0.999291420 -0.009988632 0.036288660 2.600039005 0.010365122 0.999894261 -0.010201572 -4.402615547 -0.036182918 0.010570481 0.999289215 40.012268066
0.999216735 -0.011753225 0.037784211 2.713202000 0.012084607 0.999890387 -0.008553955 -4.543358803 -0.037679531 0.009003861 0.999249279 41.259090424
0.999101222 -0.012898775 0.040380921 2.805284500 0.013304072 0.999863625 -0.009784225 -4.688459396 -0.040249214 0.010312662 0.999136448 42.521888733
0.998978078 -0.014144339 0.042927179 2.900102377 0.014710173 0.999808609 -0.012894142 -4.837956429 -0.042736590 0.013512432 0.998994946 43.772598267
0.998885036 -0.015368491 0.044636760 3.015455246 0.016006866 0.999774277 -0.013979508 -4.982918739 -0.044411842 0.014678416 0.998905480 45.036262512
0.998771131 -0.015509909 0.047070656 3.144648075 0.016138894 0.999785185 -0.013012087 -5.114194870 -0.046858728 0.013755768 0.998806775 46.273540497
0.998562515 -0.016785942 0.050903220 3.241898537 0.017285082 0.999806583 -0.009381323 -5.270670414 -0.050735906 0.010247703 0.998659492 47.537380219
0.998288333 -0.019805796 0.055029467 3.350466728 0.020243982 0.999767542 -0.007416626 -5.408801556 -0.054869786 0.008517945 0.998457253 48.750503540
0.998054802 -0.021826888 0.058396634 3.491482258 0.022320827 0.999720275 -0.007819408 -5.546516418 -0.058209620 0.009107659 0.998262823 50.016605377
0.997787237 -0.025162054 0.061542410 3.632965326 0.025930040 0.999595165 -0.011712196 -5.679219723 -0.061222799 0.013282077 0.998035669 51.244243622
0.997501969 -0.026579352 0.065446101 3.769040823 0.027402595 0.999555826 -0.011713457 -5.817849636 -0.065105677 0.013477587 0.997787356 52.480701447
0.997152686 -0.029168097 0.069537580 3.900560617 0.029866738 0.999513030 -0.009028338 -5.959567547 -0.069240384 0.011079492 0.997538447 53.700782776
0.996873677 -0.031902328 0.072284669 4.055175304 0.032421514 0.999456108 -0.006020304 -6.090270042 -0.072053291 0.008345061 0.997365832 54.910232544
0.996646643 -0.034356609 0.074263446 4.207582951 0.034751058 0.999387860 -0.004025505 -6.222294807 -0.074079707 0.006592741 0.997230530 56.123073578
0.996436715 -0.037761621 0.075418144 4.362012863 0.037965808 0.999278188 -0.001275118 -6.345830917 -0.075315543 0.004133885 0.997151196 57.341835022
0.996294200 -0.040875021 0.075677432 4.519423485 0.040964019 0.999160588 0.000376485 -6.472669601 -0.075629279 0.002724962 0.997132301 58.545562744
0.996259451 -0.042839020 0.075045280 4.671029091 0.043172497 0.999063551 -0.002826259 -6.602883816 -0.074853942 0.006055580 0.997176051 59.753479004
0.996266961 -0.043935381 0.074309021 4.818166733 0.044592127 0.998979211 -0.007201340 -6.728898525 -0.073916793 0.010488056 0.997209251 60.942008972
0.996277630 -0.045381691 0.073289931 4.949403763 0.046322573 0.998863876 -0.011188589 -6.857601643 -0.072698906 0.014541917 0.997247934 62.141376495
0.996327758 -0.046744186 0.071735710 5.091664314 0.047832128 0.998763740 -0.013522880 -6.990261078 -0.071014911 0.016904488 0.997332036 63.331436157
0.996446252 -0.047399350 0.069628879 5.229256630 0.048460763 0.998732030 -0.013633780 -7.125349998 -0.068894371 0.016959598 0.997479737 64.516418457
0.996665239 -0.046776377 0.066860460 5.361905575 0.047768444 0.998769701 -0.013316096 -7.257300377 -0.066155344 0.016465507 0.997673452 65.693984985
0.996914744 -0.045604412 0.063883454 5.477352619 0.046408251 0.998860240 -0.011155250 -7.399401665 -0.063301891 0.014085551 0.997895002 66.891334534
0.997309446 -0.041846249 0.060189169 5.596014023 0.042376533 0.999073148 -0.007560384 -7.528439999 -0.059817009 0.010090652 0.998158336 68.064712524
0.997511029 -0.040094968 0.058001891 5.701665878 0.040445674 0.999169767 -0.004884849 -7.657761097 -0.057757877 0.007218615 0.998304486 69.233879089
0.997789443 -0.039420072 0.053500064 5.835574150 0.039914515 0.999169409 -0.008204551 -7.797466755 -0.053132202 0.010321843 0.998534143 70.440635681
0.997958541 -0.039670013 0.050049625 5.942105293 0.040461972 0.999069810 -0.014910326 -7.927022457 -0.049411573 0.016904995 0.998635530 71.599647522
0.998004556 -0.042958587 0.046276536 6.052461624 0.043838497 0.998873413 -0.018169614 -8.063015938 -0.045443859 0.020162053 0.998763382 72.782485962
0.998024583 -0.045989342 0.042800032 6.150659084 0.046598867 0.998824477 -0.013353707 -8.197272301 -0.042135589 0.015321763 0.998994350 73.951904297
0.998005807 -0.050642125 0.037680235 6.266654968 0.050998531 0.998662055 -0.008557861 -8.326843262 -0.037196435 0.010462433 0.999253213 75.128273010
0.998062372 -0.052632183 0.033187162 6.360838890 0.052862380 0.998583198 -0.006096752 -8.444655418 -0.032819264 0.007839290 0.999430597 76.302604675
0.998271704 -0.051218189 0.028815549 6.452049732 0.051346160 0.998673916 -0.003718207 -8.573995590 -0.028586898 0.005191350 0.999577820 77.467353821
0.998382688 -0.051059838 0.024997534 6.537765503 0.051156390 0.998685420 -0.003238209 -8.697941780 -0.024799330 0.004511756 0.999682188 78.624267578
0.998558819 -0.049100202 0.021669840 6.616208076 0.049215749 0.998776555 -0.004830677 -8.827609062 -0.021406144 0.005890212 0.999753475 79.789688110
0.998674691 -0.047770593 0.019151444 6.671975136 0.047967277 0.998799384 -0.009945310 -8.958272934 -0.018653356 0.010850772 0.999767125 80.940254211
0.998570800 -0.051198158 0.015330391 6.754707336 0.051428553 0.998563468 -0.015031403 -9.087166786 -0.014538789 0.015798340 0.999769509 82.086532593
0.998419285 -0.055004455 0.011547344 6.824015141 0.055187881 0.998344243 -0.016217822 -9.218634605 -0.010636169 0.016829461 0.999801815 83.252517700
0.998441041 -0.055368513 0.007054200 6.895882607 0.055457745 0.998374403 -0.013152617 -9.349228859 -0.006314495 0.013523323 0.999888599 84.416915894
0.998440683 -0.055552594 0.005473761 6.934852123 0.055608567 0.998395681 -0.010666966 -9.477229118 -0.004872402 0.010954720 0.999928117 85.541954041
0.998564184 -0.053320911 0.005137939 6.980049133 0.053379998 0.998500466 -0.012147061 -9.603273392 -0.004482542 0.012403882 0.999912977 86.669296265
0.998757899 -0.049604353 0.004688605 7.032095909 0.049671441 0.998645663 -0.015481634 -9.731223106 -0.003914298 0.015695296 0.999869108 87.778060913
0.998842001 -0.048007943 0.003154716 7.090441704 0.048056435 0.998687863 -0.017696097 -9.870718956 -0.002301023 0.017827209 0.999838412 88.897262573
0.998769760 -0.049537472 0.002265226 7.140283108 0.049570732 0.998602629 -0.018319387 -10.002024651 -0.001354564 0.018409139 0.999829590 90.010292053
0.998733759 -0.050299574 0.000973798 7.194246769 0.050308779 0.998600125 -0.016333481 -10.130080223 -0.000150868 0.016361790 0.999866068 91.112442017
0.998653233 -0.051882196 0.000006771 7.245745659 0.051877651 0.998563766 -0.013381335 -10.263843536 0.000687492 0.013363666 0.999910474 92.283996582
0.998703182 -0.050906856 -0.000664429 7.296329498 0.050894361 0.998623490 -0.012681345 -10.389348984 0.001309081 0.012631087 0.999919295 93.391502380
0.998656332 -0.051814716 -0.000927195 7.342556000 0.051795326 0.998547733 -0.014819250 -10.523208618 0.001693704 0.014751314 0.999889731 94.512947083
0.998640478 -0.052114073 -0.001156834 7.401598454 0.052084029 0.998473167 -0.018400844 -10.657706261 0.002114011 0.018315574 0.999830008 95.632110596
0.998613536 -0.052624278 -0.001301801 7.450489998 0.052588895 0.998425364 -0.019528855 -10.786555290 0.002327442 0.019433318 0.999808490 96.723258972
0.998603463 -0.052823637 -0.000881626 7.495917797 0.052798685 0.998437226 -0.018308755 -10.918183327 0.001847384 0.018236637 0.999831915 97.817070007
0.998625159 -0.052414250 -0.000681069 7.548009872 0.052401222 0.998543680 -0.012832559 -11.040963173 0.001352686 0.012779228 0.999917388 98.904067993
0.998712718 -0.050718326 0.000714919 7.593986034 0.050722864 0.998665690 -0.009711655 -11.162142754 -0.000221406 0.009735418 0.999952555 99.972427368
0.998777926 -0.049353361 0.002606038 7.647969246 0.049376361 0.998733521 -0.009656790 -11.277671814 -0.002126142 0.009773664 0.999949992 101.025550842
0.998879611 -0.047099963 0.004619521 7.696011066 0.047150034 0.998822629 -0.011404663 -11.405110359 -0.004076924 0.011609695 0.999924242 102.079689026
0.998855412 -0.047289010 0.007186174 7.746724606 0.047386359 0.998777926 -0.014042471 -11.521624565 -0.006513338 0.014366925 0.999875605 103.094047546
0.998769939 -0.048831362 0.008608644 7.815748215 0.048951726 0.998697639 -0.014373349 -11.643112183 -0.007895562 0.014777077 0.999859691 104.103233337
0.998661518 -0.050669372 0.010382520 7.880546570 0.050808080 0.998616278 -0.013562041 -11.771127701 -0.009680974 0.014071407 0.999854088 105.106170654
0.998643279 -0.050721973 0.011785150 7.943760395 0.050862893 0.998633742 -0.011981890 -11.886060715 -0.011161304 0.012565060 0.999858797 106.066268921
0.998580396 -0.051570706 0.013330628 7.999161720 0.051715568 0.998604000 -0.010760466 -11.995679855 -0.012757091 0.011434593 0.999853194 107.029747009
0.998509288 -0.052437991 0.015148154 8.056798935 0.052609399 0.998553038 -0.011147292 -12.102528572 -0.014541693 0.011927612 0.999823153 107.948280334
0.998498678 -0.052036732 0.017104223 8.112688065 0.052199401 0.998594284 -0.009205271 -12.205598831 -0.016601166 0.010084281 0.999811351 108.854858398
0.998505354 -0.051227443 0.019047517 8.168735504 0.051368847 0.998655200 -0.007009868 -12.304216385 -0.018662801 0.007977841 0.999794006 109.726119995
0.998486519 -0.051159430 0.020182893 8.227277756 0.051244464 0.998679161 -0.003718420 -12.408327103 -0.019966004 0.004747052 0.999789536 110.578117371
0.998445809 -0.051220868 0.021959677 8.285014153 0.051313370 0.998675764 -0.003669141 -12.499485016 -0.021742666 0.004790263 0.999752164 111.404144287
0.998469234 -0.050278384 0.023046564 8.335557938 0.050359387 0.998726726 -0.002947424 -12.590481758 -0.022869030 0.004103523 0.999729991 112.218933105
0.998574317 -0.047944117 0.023464233 8.387333870 0.048022185 0.998842359 -0.002774482 -12.669688225 -0.023304051 0.003897330 0.999720812 112.999099731
0.998706937 -0.045378566 0.022915628 8.429582596 0.045381930 0.998969555 0.000374111 -12.748433113 -0.022908989 0.000666328 0.999737322 113.755859375
0.998767555 -0.045597013 0.019604636 8.480602264 0.045578394 0.998959780 0.001396096 -12.833748817 -0.019647898 -0.000500828 0.999806941 114.511581421
0.998869717 -0.045666471 0.013187220 8.514640808 0.045650151 0.998956323 0.001535747 -12.908370972 -0.013243590 -0.000932012 0.999911845 115.209449768
0.999036133 -0.043812010 0.002711097 8.541843414 0.043811649 0.999039888 0.000190410 -12.981506348 -0.002716836 -0.000071449 0.999996245 115.882469177
0.999097764 -0.041008234 -0.011042826 8.539184570 0.040981993 0.999156535 -0.002591632 -13.051804543 0.011139788 0.002136736 0.999935687 116.520240784
0.998757720 -0.039826468 -0.029945590 8.535067558 0.039695717 0.999199569 -0.004948256 -13.122947693 0.030118691 0.003753398 0.999539256 117.143928528
0.997897863 -0.038153734 -0.052383803 8.501184464 0.037834208 0.999258995 -0.007078342 -13.194467545 0.052615047 0.005081562 0.998601913 117.732292175
0.996100843 -0.036760524 -0.080198407 8.459673882 0.036149889 0.999305367 -0.009053269 -13.260821342 0.080475502 0.006118806 0.996737778 118.299613953
0.993059337 -0.034797862 -0.112348944 8.388805389 0.033760201 0.999368012 -0.011125883 -13.327774048 0.112665102 0.007255739 0.993606508 118.846221924
0.988619506 -0.030182134 -0.147378564 8.274993896 0.028639568 0.999510705 -0.012577988 -13.392936707 0.147686094 0.008213988 0.989000142 119.377891541
0.982228637 -0.024120944 -0.186132059 8.170635223 0.022284012 0.999680340 -0.011955124 -13.452966690 0.186360896 0.007594895 0.982452095 119.897125244
0.973566592 -0.018686036 -0.227637887 8.028759003 0.016827442 0.999807358 -0.010102909 -13.509668350 0.227782831 0.006005292 0.973693371 120.401916504
0.962122560 -0.013895470 -0.272262990 7.853265762 0.012048233 0.999891698 -0.008455386 -13.568779945 0.272350967 0.004854830 0.962185621 120.895210266
0.947693884 -0.007931466 -0.319082081 7.659942627 0.005328517 0.999945045 -0.009029744 -13.625246048 0.319136113 0.006857200 0.947683990 121.365768433
0.930130899 -0.000053654 -0.367228150 7.428722382 -0.003795174 0.999945223 -0.009758677 -13.684797287 0.367208540 0.010470543 0.930079639 121.842376709
0.909021556 0.004549744 -0.416724086 7.173286438 -0.009916428 0.999893427 -0.010714500 -13.734454155 0.416630894 0.013872128 0.908969879 122.265426636
0.883740544 0.008714509 -0.467896014 6.905666351 -0.014947314 0.999842048 -0.009609856 -13.786551476 0.467738390 0.015486408 0.883731246 122.679489136
0.854530394 0.011905001 -0.519264877 6.624340057 -0.019818990 0.999756455 -0.009694139 -13.827157974 0.519023061 0.018575242 0.854558408 123.075294495
0.822887123 0.021385826 -0.567802250 6.291606903 -0.030244971 0.999523342 -0.006186240 -13.880598068 0.567399323 0.022263741 0.823141694 123.447769165
0.789171457 0.034987565 -0.613175392 5.938564301 -0.043857358 0.999037623 0.000559244 -13.924319267 0.612604856 0.026450915 0.789946616 123.794532776
0.752811372 0.043690961 -0.656784654 5.591453552 -0.055078793 0.998476565 0.003289454 -13.969696045 0.655927837 0.033698563 0.754070997 124.110870361
0.712789476 0.047519766 -0.699766397 5.225761414 -0.062355373 0.998044908 0.004259439 -14.014736176 0.698600769 0.040598117 0.714359045 124.407455444
0.670506001 0.049241517 -0.740268111 4.841876984 -0.064999685 0.997857094 0.007501759 -14.062539101 0.739051223 0.043087222 0.672269940 124.688552856
0.626426578 0.052789275 -0.777690649 4.430217743 -0.068341523 0.997581542 0.012666537 -14.097497940 0.776478589 0.045213912 0.628519416 124.957023621
0.580975652 0.061823461 -0.811569571 4.017337799 -0.079581618 0.996648073 0.018952472 -14.135129929 0.810021043 0.053575099 0.583948374 125.182998657
0.535743117 0.070080876 -0.841467738 3.544654846 -0.091700941 0.995484471 0.024524154 -14.149986267 0.839386821 0.064024732 0.539750457 125.411178589
0.488829941 0.075159155 -0.869135320 3.095764160 -0.097551547 0.994742692 0.031154996 -14.173719406 0.866907775 0.069555990 0.493591934 125.603179932
0.441213310 0.076444089 -0.894140363 2.633426666 -0.096792556 0.994606555 0.037271112 -14.201014519 0.892167032 0.070101641 0.446232766 125.785690308
0.393961996 0.077876411 -0.915821552 2.158981323 -0.094641581 0.994544744 0.043858320 -14.221063614 0.914241195 0.069396295 0.399183244 125.957054138
0.349007726 0.081256941 -0.933590353 1.663089752 -0.096322097 0.994067669 0.050512247 -14.247304916 0.932156384 0.072296210 0.354764104 126.090110779
0.305398345 0.084805302 -0.948440790 1.163414001 -0.102040298 0.993205428 0.055950951 -14.268819809 0.946741521 0.079691857 0.311976910 126.204933167
0.264047563 0.085837446 -0.960682571 0.646224976 -0.106655702 0.992522001 0.059367575 -14.282478333 0.958594561 0.086786419 0.271228075 126.304054260
0.224152446 0.082793847 -0.971030712 0.115158081 -0.106872931 0.992463589 0.059950788 -14.303803444 0.968676329 0.090338789 0.231311545 126.409240723
0.189099565 0.077620313 -0.978885293 -0.414079666 -0.102041505 0.993027210 0.059029475 -14.324039459 0.976641655 0.088724472 0.195701480 126.498031616
0.158581987 0.072431274 -0.984685540 -0.962436676 -0.099240355 0.993424296 0.057091594 -14.344726562 0.982345700 0.088666841 0.164727315 126.576393127
0.132210210 0.070949137 -0.988679230 -1.529262543 -0.100569569 0.993247986 0.057828419 -14.365388870 0.986106634 0.091785535 0.138452888 126.642860413
0.110070452 0.069753855 -0.991473019 -2.120513916 -0.100834928 0.993171275 0.058678936 -14.376081467 0.988795638 0.093516290 0.116352439 126.701210022
0.091657802 0.071548134 -0.993216872 -2.713450432 -0.102848336 0.992761433 0.062024087 -14.393918991 0.990465045 0.096465699 0.098352954 126.752944946
0.075456716 0.069768734 -0.994705260 -3.316071510 -0.104016006 0.992657781 0.061734654 -14.418522835 0.991709113 0.098806977 0.082159765 126.805496216
0.061255835 0.068627633 -0.995759904 -3.935597897 -0.102845788 0.992757261 0.062093955 -14.447631836 0.992809355 0.098606095 0.067870229 126.856826782
0.048919987 0.066311747 -0.996598959 -4.574959278 -0.098645009 0.993236125 0.061245821 -14.471336365 0.993919492 0.095313370 0.055130426 126.899574280
0.037056334 0.063712947 -0.997280002 -5.224600315 -0.096511707 0.993528545 0.059887148 -14.488110542 0.994641840 0.094029993 0.042965572 126.930290222
0.026295075 0.062563278 -0.997694552 -5.889836788 -0.095411167 0.993640423 0.059794404 -14.506822586 0.995090544 0.093618907 0.032097094 126.970252991
0.016598191 0.063981496 -0.997813046 -6.561120033 -0.098805092 0.993170917 0.062040254 -14.528885841 0.994968295 0.097559251 0.022806542 126.990203857
0.008350695 0.063904263 -0.997921169 -7.239004612 -0.101516485 0.992854059 0.062730297 -14.556797028 0.994798779 0.100781597 0.014778357 127.003288269
0.001555340 0.063291378 -0.997993886 -7.928284645 -0.103735670 0.992620945 0.062788978 -14.578088760 0.994603634 0.103429921 0.008109438 127.023651123
-0.003599711 0.064114399 -0.997936130 -8.625225067 -0.104501560 0.992454350 0.064139158 -14.595974922 0.994518161 0.104516760 0.003127506 127.037773132
-0.007140879 0.066653751 -0.997750640 -9.346195221 -0.106826805 0.992015362 0.067035146 -14.616422653 0.994251966 0.107065201 0.000036545 127.058967590
-0.007602520 0.070616372 -0.997474551 -10.083345413 -0.109399498 0.991457164 0.071024165 -14.641697884 0.993968785 0.109663181 0.000187822 127.055511475
-0.008916315 0.073813654 -0.997232139 -10.795760155 -0.111766152 0.990949333 0.074347921 -14.657491684 0.993694544 0.112119719 -0.000585748 127.068237305
-0.009445314 0.079341345 -0.996802747 -11.536821365 -0.116613485 0.989958107 0.079901524 -14.664832115 0.993132412 0.116995335 -0.000098194 127.072845459
-0.010827551 0.083200127 -0.996473968 -12.280631065 -0.119478658 0.989285588 0.083898164 -14.679474831 0.992777765 0.119965777 -0.000770901 127.083549500
-0.012119092 0.083816141 -0.996407509 -13.028655052 -0.119637609 0.989200950 0.084665075 -14.699831009 0.992743611 0.120233878 -0.001960655 127.098243713
-0.013627041 0.080739781 -0.996641994 -13.773012161 -0.117237687 0.989730656 0.081782855 -14.718654633 0.993010402 0.117958456 -0.004021358 127.117622375
-0.015285785 0.077096790 -0.996906459 -14.535511017 -0.120665245 0.989593923 0.078381456 -14.722023010 0.992575526 0.121490084 -0.005823819 127.127464294
-0.016023923 0.078833900 -0.996758997 -15.302457809 -0.126303807 0.988741875 0.080230273 -14.735665321 0.991862178 0.127180055 -0.005886503 127.123184204
-0.017730050 0.082388043 -0.996442556 -16.070535660 -0.123252057 0.988818169 0.083950698 -14.750450134 0.992217004 0.124302067 -0.007377297 127.138000488
-0.019506164 0.082138807 -0.996430039 -16.846662521 -0.122433290 0.988922656 0.083916731 -14.766550064 0.992285132 0.123633072 -0.009233563 127.147644043
-0.021178618 0.081605501 -0.996439636 -17.639232635 -0.125426903 0.988572001 0.083627015 -14.781213760 0.991876781 0.126751438 -0.010701067 127.152259827
-0.021740483 0.081304342 -0.996452212 -18.426532745 -0.130115166 0.987980664 0.083451957 -14.787169456 0.991260588 0.131467804 -0.010900249 127.149894714
-0.022801157 0.085612960 -0.996067464 -19.230436325 -0.131825134 0.987369597 0.087883003 -14.794109344 0.991010725 0.133310556 -0.011227220 127.151817322
-0.023392916 0.089752853 -0.995689332 -20.043334961 -0.130471095 0.987169743 0.092050195 -14.801818848 0.991176069 0.132062018 -0.011382628 127.164199829
-0.022471212 0.092396513 -0.995468616 -20.860317230 -0.131669283 0.986773193 0.094561651 -14.814997673 0.991038978 0.133197576 -0.010008206 127.174896240
-0.020444674 0.091286607 -0.995614707 -21.678491592 -0.131073758 0.986983240 0.093186751 -14.821991920 0.991161764 0.132404178 -0.008213271 127.182029724
-0.019448262 0.091107927 -0.995651007 -22.509647369 -0.131145909 0.987002671 0.092878252 -14.826370239 0.991172373 0.132381901 -0.007247055 127.193954468
-0.019438727 0.090357095 -0.995719671 -23.344280243 -0.130063117 0.987216592 0.092124596 -14.835282326 0.991315126 0.131297216 -0.007438110 127.213920593
-0.018646620 0.092427477 -0.995544851 -24.182804108 -0.130900428 0.986921608 0.094078653 -14.842355728 0.991220117 0.132071465 -0.006303959 127.231369019
-0.018275218 0.094485365 -0.995358527 -25.021726608 -0.132696077 0.986488938 0.096079767 -14.844635010 0.990988314 0.133836061 -0.005490463 127.248054504
-0.018016707 0.096817136 -0.995139062 -25.888338089 -0.135329053 0.985905409 0.098368891 -14.843438148 0.990636885 0.136443496 -0.004660598 127.260040283
-0.016368307 0.097911291 -0.995060563 -26.752548218 -0.137517512 0.985515833 0.099234216 -14.840801239 0.990364075 0.138462514 -0.002666712 127.269996643
-0.014800707 0.101072975 -0.994768858 -27.620977402 -0.144359365 0.984238625 0.102150902 -14.841930389 0.989414573 0.145116135 0.000023404 127.284568787
-0.012293706 0.104957104 -0.994400740 -28.503601074 -0.149281040 0.983138263 0.105613925 -14.836977005 0.988718390 0.149743572 0.003581695 127.295768738
-0.010170217 0.106799744 -0.994228482 -29.379165649 -0.151747212 0.982599497 0.107102811 -14.832050323 0.988367081 0.151960656 0.006213313 127.324134827
-0.006186297 0.107771344 -0.994156480 -30.279468536 -0.150872990 0.982694268 0.107467622 -14.834116936 0.988533795 0.150656179 0.010180548 127.342071533
-0.003590135 0.107647836 -0.994182587 -31.170894623 -0.153512284 0.982345104 0.106920466 -14.827657700 0.988140166 0.153003111 0.012998515 127.369789124
-0.001224186 0.111323737 -0.993783474 -32.073104858 -0.153878376 0.981927037 0.110185131 -14.819069862 0.988088965 0.153056666 0.015928254 127.400337219
0.001386294 0.113466017 -0.993540883 -32.986274719 -0.153053254 0.981859922 0.111918472 -14.814489365 0.988216996 0.151909545 0.018727491 127.436050415
0.003065894 0.114725240 -0.993392467 -33.878440857 -0.153667614 0.981652081 0.112895116 -14.811294556 0.988117754 0.152306154 0.020639196 127.476707458
0.005578784 0.112908006 -0.993589759 -34.782245636 -0.155061841 0.981684566 0.110684521 -14.804751396 0.987888992 0.153450340 0.022984328 127.506584167
0.005983196 0.113905579 -0.993473589 -35.691463470 -0.159152508 0.980936348 0.111509636 -14.794209480 0.987235904 0.157446608 0.023997493 127.546981812
0.007097972 0.114544198 -0.993392825 -36.585494995 -0.159943491 0.980758190 0.111944512 -14.789601326 0.987100661 0.158092156 0.025281992 127.582328796
0.007406045 0.111160085 -0.993774891 -37.481670380 -0.160595372 0.981034517 0.108538143 -14.788022995 0.986992478 0.158791840 0.025117381 127.615135193
0.008296374 0.106962651 -0.994228363 -38.386302948 -0.161481321 0.981356144 0.104230307 -14.790479660 0.986841023 0.159684569 0.025414163 127.660156250
0.008727531 0.106182046 -0.994308352 -39.282833099 -0.161119029 0.981503487 0.103400387 -14.785692215 0.986896396 0.159299552 0.025674049 127.701766968
0.008467198 0.110289529 -0.993863463 -40.181510925 -0.163681656 0.980646431 0.107428372 -14.781030655 0.986476898 0.161767572 0.026355706 127.742637634
0.008768858 0.116506234 -0.993151248 -41.119407654 -0.163964912 0.979914188 0.113505729 -14.772012711 0.986427188 0.161846623 0.027695669 127.778915405
0.009000296 0.115212478 -0.993300140 -42.014068604 -0.161724895 0.980430484 0.112254351 -14.772317886 0.986794889 0.159630999 0.027456887 127.822929382
0.009896139 0.104834639 -0.994440436 -42.905513763 -0.160843566 0.981706381 0.101891570 -14.779157639 0.986930311 0.158941016 0.026577076 127.863876343
0.010168829 0.094388671 -0.995483458 -43.824684143 -0.162764013 0.982414365 0.091486871 -14.783948898 0.986612618 0.161098570 0.025353080 127.902580261
0.009056863 0.091328941 -0.995779574 -44.726478577 -0.159652784 0.983178318 0.088721126 -14.792385101 0.987131596 0.158175454 0.023485433 127.947120667
0.009017769 0.101302475 -0.994814694 -45.646568298 -0.152193621 0.983403981 0.098760918 -14.794706345 0.988309503 0.150513858 0.024285702 127.995567322
0.008953381 0.114560172 -0.993375957 -46.593761444 -0.147302911 0.982729197 0.112004705 -14.792745590 0.989050925 0.145324305 0.025673797 128.051773071
0.009094725 0.123653159 -0.992283821 -47.514816284 -0.147456780 0.981642187 0.120975547 -14.784402847 0.989026725 0.145218730 0.027161263 128.096633911
0.008954670 0.117821328 -0.992994487 -48.432918549 -0.147490665 0.982328653 0.115225747 -14.780557632 0.989022911 0.145425618 0.026173975 128.135147095
0.009250088 0.104334831 -0.994499207 -49.362308502 -0.147563413 0.983795524 0.101839378 -14.779970169 0.989009321 0.145809636 0.024496203 128.170974731
0.009908347 0.095534936 -0.995376825 -50.278625488 -0.148016676 0.984599948 0.093027189 -14.780461311 0.988935173 0.146410614 0.023896525 128.213562012
0.010494221 0.095586814 -0.995365798 -51.214538574 -0.146994039 0.984753966 0.093017980 -14.788468361 0.989081681 0.145336673 0.024384914 128.254211426
0.009857527 0.097094111 -0.995226383 -52.151264191 -0.150151417 0.984133959 0.094524711 -14.802492142 0.988613844 0.148502901 0.024279945 128.292205811
0.010352083 0.096446447 -0.995284319 -53.102237701 -0.155202240 0.983430505 0.093683489 -14.807895660 0.987828493 0.153500557 0.025149258 128.332595825
0.010749176 0.095911227 -0.995331824 -54.034862518 -0.156639636 0.983262181 0.093056537 -14.809215546 0.987597406 0.154908106 0.025592756 128.374893188
0.011810882 0.103155613 -0.994595110 -54.981231689 -0.166001678 0.981064260 0.099780977 -14.804741859 0.986054778 0.163925961 0.028711237 128.406173706
0.013308285 0.112907544 -0.993516266 -55.931129456 -0.171599388 0.979121327 0.108973026 -14.802857399 0.985076964 0.169036552 0.032405287 128.441421509
0.014278335 0.120935403 -0.992557704 -56.899116516 -0.171591386 0.978229225 0.116721198 -14.800049782 0.985064745 0.168647751 0.034718953 128.498306274
0.015043117 0.121885665 -0.992430210 -57.840953827 -0.172944471 0.977900147 0.117479689 -14.793571472 0.984816670 0.169868022 0.035790116 128.544128418
0.016438123 0.112045318 -0.993567050 -58.780250549 -0.174580708 0.978758395 0.107486971 -14.788508415 0.984505713 0.171690792 0.035649899 128.594726562
0.017726107 0.107179485 -0.994081616 -59.727363586 -0.173158795 0.979543149 0.102524266 -14.785806656 0.984734416 0.170316622 0.035922557 128.646270752
0.019380957 0.105798855 -0.994198680 -60.672492981 -0.171443045 0.980008721 0.100946695 -14.795064926 0.985003412 0.168492019 0.037131991 128.710052490
0.023205064 0.111462235 -0.993497729 -61.672172546 -0.173519373 0.979131222 0.105797544 -14.782558441 0.984556973 0.169936046 0.042061664 128.757812500
0.026931265 0.113709770 -0.993148983 -62.634426117 -0.176339850 0.978469372 0.107247218 -14.783186913 0.983960867 0.172243431 0.046402991 128.809753418
0.031049857 0.108603902 -0.993600130 -63.582668304 -0.175616369 0.979207814 0.101542786 -14.785853386 0.983968973 0.171339542 0.049476884 128.869033813
0.033651646 0.102858894 -0.994126618 -64.539184570 -0.175520986 0.979838610 0.095439091 -14.794245720 0.983900428 0.171278372 0.051027078 128.940078735
0.037155189 0.102805063 -0.994007349 -65.506752014 -0.172905073 0.980353057 0.094929814 -14.797899246 0.984237432 0.168341801 0.054200727 129.013931274
0.039483935 0.107254229 -0.993447304 -66.491760254 -0.170574740 0.980352581 0.099061117 -14.811838150 0.984553337 0.165545687 0.057003032 129.099822998
0.042799156 0.113976181 -0.992561102 -67.451866150 -0.169963345 0.979820728 0.105184406 -14.812783241 0.984520495 0.164197192 0.061307281 129.179000854
0.045344111 0.118218184 -0.991951883 -68.416564941 -0.167761475 0.979772270 0.109097950 -14.821539879 0.984784186 0.161464319 0.064259365 129.260421753
0.047926519 0.119871646 -0.991631866 -69.401855469 -0.167458996 0.979685605 0.110334083 -14.818478584 0.984713435 0.160769776 0.067026511 129.336166382
0.049937397 0.117150068 -0.991857886 -70.343688965 -0.165913239 0.980271339 0.107428260 -14.819098473 0.984875143 0.159197658 0.068388961 129.416442871
0.050490115 0.115554780 -0.992017031 -71.288513184 -0.163955629 0.980767012 0.105899557 -14.821600914 0.985174835 0.157299876 0.068464898 129.503906250
0.051046878 0.111973703 -0.992399156 -72.233230591 -0.160862893 0.981641412 0.102485448 -14.830013275 0.985655785 0.154408664 0.068122141 129.590530396
0.050792377 0.111683145 -0.992445111 -73.220443726 -0.159399316 0.981895506 0.102338076 -14.821550369 0.985906661 0.152997062 0.067675032 129.671142578
0.050477989 0.116227925 -0.991939068 -74.174316406 -0.156134710 0.981911361 0.107107542 -14.821825027 0.986445010 0.149469540 0.067712136 129.756011963
0.049797114 0.118143052 -0.991747200 -75.139205933 -0.150262609 0.982563019 0.109504059 -14.828160286 0.987391174 0.143569499 0.066681281 129.853591919
0.049330253 0.113422044 -0.992321551 -76.099822998 -0.147437006 0.983473539 0.105081335 -14.813423157 0.987840414 0.141121238 0.065237612 129.930709839
0.048054945 0.109540537 -0.992820024 -77.062469482 -0.149355352 0.983581662 0.101292074 -14.814881325 0.987615168 0.143415377 0.063626423 130.006790161
0.046784457 0.106898241 -0.993168712 -78.012565613 -0.145861521 0.984331369 0.099076070 -14.818983078 0.988198161 0.140229866 0.061643749 130.088211060
0.045683604 0.107341282 -0.993172050 -78.979057312 -0.145900279 0.984265983 0.099667631 -14.818521500 0.988243937 0.140350923 0.060625933 130.154830933
0.044475745 0.108767278 -0.993071795 -79.936653137 -0.147473544 0.983879626 0.101155736 -14.822901726 0.988065541 0.141952842 0.059799083 130.234756470
0.043121390 0.109095521 -0.993095577 -80.891044617 -0.149113148 0.983589113 0.101576529 -14.825963020 0.987879455 0.143703490 0.058681309 130.306289673
0.041745417 0.110280693 -0.993023396 -81.842346191 -0.149043202 0.983456731 0.102952652 -14.830496788 0.987949133 0.143705606 0.057491396 130.372772217
0.039519276 0.110474616 -0.993092954 -82.804649353 -0.148942411 0.983417451 0.103471257 -14.832048416 0.988055885 0.143824533 0.055318303 130.444168091
0.037781678 0.112384357 -0.992946386 -83.758644104 -0.148889855 0.983197391 0.105615683 -14.822584152 0.988131762 0.143849283 0.053879745 130.517089844
0.036415033 0.116192900 -0.992558956 -84.713150024 -0.150285304 0.982558966 0.109508604 -14.815763474 0.987971842 0.145179212 0.053242002 130.573272705
0.033480689 0.121102236 -0.992075264 -85.658096313 -0.151247293 0.981813490 0.114745259 -14.808051109 0.987928748 0.146206930 0.051188175 130.644088745
0.031528752 0.120670877 -0.992191792 -86.601600647 -0.151106492 0.981850863 0.114611521 -14.802924156 0.988014579 0.146313041 0.049190681 130.706665039
0.030054025 0.116498463 -0.992736042 -87.548820496 -0.151878268 0.982184708 0.110662311 -14.805449486 0.987942159 0.147449180 0.047212198 130.764801025
0.028431749 0.110747114 -0.993441820 -88.495903015 -0.155358166 0.982256353 0.105053902 -14.786308289 0.987448990 0.151352465 0.045132730 130.815582275
0.027187694 0.108740479 -0.993698359 -89.437744141 -0.153306782 0.982759416 0.103348963 -14.785435677 0.987804592 0.149530873 0.043389615 130.880050659
0.027148806 0.109698042 -0.993594110 -90.410430908 -0.148498043 0.983374536 0.104512230 -14.782505035 0.988539934 0.144709423 0.042987395 130.925079346
0.026578780 0.111018576 -0.993462801 -91.359237671 -0.145613149 0.983643830 0.106025636 -14.781846046 0.988984585 0.141843230 0.042309817 130.984924316
0.025378050 0.110864632 -0.993511438 -92.303787231 -0.139939487 0.984439909 0.106277771 -14.786780357 0.989834785 0.136334330 0.040497508 131.050460815
0.024035789 0.108103827 -0.993849039 -93.245353699 -0.135968655 0.985251844 0.103880368 -14.791226387 0.990421593 0.132635444 0.038380045 131.114059448
0.023486409 0.104960419 -0.994198978 -94.189773560 -0.130763233 0.986252129 0.101032384 -14.795393944 0.991135359 0.127631783 0.036888495 131.173339844
0.021820923 0.107942574 -0.993917644 -95.172714233 -0.129523709 0.986081243 0.104247883 -14.807036400 0.991336107 0.126461133 0.035498325 131.226089478
0.020320436 0.110359803 -0.993684053 -96.119628906 -0.128833026 0.985891998 0.106859833 -14.806303024 0.991458058 0.125847861 0.034251746 131.283798218
0.019234596 0.108188711 -0.993944228 -97.078407288 -0.124703348 0.986624837 0.104978770 -14.801723480 0.992007554 0.121928945 0.032468818 131.329147339
0.017111914 0.105291657 -0.994294167 -98.029335022 -0.121725529 0.987262130 0.102452092 -14.804756165 0.992416263 0.119277805 0.029710624 131.379440308
0.013139234 0.103250541 -0.994568586 -98.992294312 -0.120860241 0.987525880 0.100922719 -14.808569908 0.992582560 0.118877754 0.025454214 131.434509277
0.010409551 0.102347404 -0.994694293 -99.946464539 -0.115410432 0.988223314 0.100473821 -14.817438126 0.993263304 0.113752201 0.022098921 131.482498169
0.008378753 0.102518417 -0.994695961 -100.905960083 -0.108596958 0.988940656 0.101010501 -14.812450409 0.994050503 0.107174605 0.019419279 131.521926880
0.005585710 0.110123694 -0.993902206 -101.871368408 -0.098511510 0.989143789 0.109042816 -14.809888840 0.995120168 0.097301736 0.016373517 131.585311890
0.003088841 0.118152291 -0.992990673 -102.828620911 -0.090463765 0.988956869 0.117390923 -14.804936409 0.995894909 0.089467086 0.013743232 131.637649536
-0.000260472 0.117828719 -0.993033946 -103.783966064 -0.086127818 0.989341319 0.117413156 -14.799324989 0.996284068 0.085558422 0.009890633 131.685852051
-0.002727553 0.107972123 -0.994150162 -104.734649658 -0.087293565 0.990333080 0.107797042 -14.802659035 0.996178925 0.087076925 0.006724085 131.714706421
-0.004816809 0.098183207 -0.995156705 -105.681137085 -0.088972032 0.991179407 0.098221451 -14.796581268 0.996022463 0.089014240 0.003961239 131.750228882
-0.005516171 0.100019492 -0.994970143 -106.633903503 -0.096387818 0.990299225 0.100084305 -14.803323746 0.995328665 0.096455090 0.004178000 131.774551392
-0.006083549 0.109002538 -0.994022787 -107.608283997 -0.099521451 0.989040077 0.109065212 -14.786038399 0.995016813 0.099590085 0.004831216 131.802505493
-0.007582152 0.120427839 -0.992693126 -108.571159363 -0.103457510 0.987299800 0.120563760 -14.774620056 0.994605005 0.103615701 0.004973307 131.829116821
-0.008939823 0.122114353 -0.992475808 -109.520050049 -0.110455066 0.986321270 0.122352034 -14.762262344 0.993840873 0.110717788 0.004670610 131.856048584
-0.008690377 0.118990287 -0.992857397 -110.505966187 -0.117595650 0.985883534 0.119183816 -14.742609024 0.993023634 0.117791459 0.005425042 131.872146606
-0.009045769 0.114819460 -0.993345261 -111.459655762 -0.125618368 0.985385776 0.115043379 -14.728629112 0.992037416 0.125823081 0.005509864 131.895706177
-0.006616826 0.116738595 -0.993140638 -112.428558350 -0.130136728 0.984615624 0.116603576 -14.708531380 0.991474032 0.130015627 0.008676950 131.914413452
-0.005195011 0.118114114 -0.992986441 -113.408279419 -0.138022393 0.983410954 0.117697231 -14.691080093 0.990415394 0.137665823 0.011193562 131.938903809
-0.004651793 0.120503858 -0.992702007 -114.371742249 -0.147158951 0.981822133 0.119872741 -14.672728539 0.989101946 0.146642581 0.013165990 131.957778931
-0.004277414 0.122819684 -0.992419779 -115.347839355 -0.152631417 0.980720401 0.122029640 -14.651674271 0.988273859 0.151996419 0.014551199 131.981262207
-0.004136418 0.122252263 -0.992490351 -116.323005676 -0.156885400 0.980129063 0.121383473 -14.639518738 0.987608135 0.156209379 0.015125375 132.021133423
-0.002564673 0.112554483 -0.993642271 -117.278022766 -0.155806318 0.981465638 0.111577347 -14.640663147 0.987784266 0.155101895 0.015019566 132.051757812
-0.001167123 0.100932106 -0.994892597 -118.228614807 -0.159020036 0.982214868 0.099832505 -14.630672455 0.987274647 0.158324376 0.014903863 132.087280273
