1.000000000 0.000000000 0.000000000 0.000000000 0.000000000 1.000000000 0.000000000 0.000000000 0.000000000 0.000000000 1.000000000 0.000000000
0.999997854 -0.001576354 -0.001341530 0.049316537 0.001573515 0.999996543 -0.002114569 -0.132614881 0.001344859 0.002112453 0.999996841 1.297916055
0.999997437 -0.000034776 -0.002231071 0.104560003 0.000020616 0.999979854 -0.006346368 -0.268087417 0.002231247 0.006346305 0.999977350 2.602095842
0.999996006 0.002456268 -0.001389596 0.147821248 -0.002467067 0.999966323 -0.007823957 -0.407164603 0.001370331 0.007827356 0.999968350 3.905571461
0.999983370 0.005757036 0.000125876 0.192479834 -0.005756093 0.999962151 -0.006516200 -0.546189308 -0.000163386 0.006515368 0.999978721 5.219841957
0.999975383 0.006641183 0.002269715 0.244774684 -0.006633604 0.999972582 -0.003330636 -0.689288020 -0.002291772 0.003315498 0.999991894 6.540201187
0.999960780 0.006833322 0.005635919 0.299800873 -0.006822363 0.999974787 -0.001961675 -0.827010691 -0.005649182 0.001923148 0.999982238 7.842089176
0.999945402 0.005314231 0.008995223 0.353952408 -0.005297139 0.999984145 -0.001922892 -0.961009145 -0.009005295 0.001875138 0.999957681 9.148180008
0.999915719 0.003975797 0.012354216 0.431722492 -0.003954608 0.999990702 -0.001739040 -1.098642230 -0.012361014 0.001690038 0.999922156 10.447539330
0.999872684 0.002905821 0.015685759 0.495174617 -0.002866130 0.999992609 -0.002552284 -1.237520099 -0.015693059 0.002507002 0.999873638 11.756901741
0.999815464 0.001774918 0.019127205 0.569919348 -0.001711537 0.999992967 -0.003329493 -1.373816252 -0.019132975 0.003296141 0.999811471 13.049371719
0.999742389 0.001882927 0.022617761 0.637083888 -0.001807505 0.999992728 -0.003354623 -1.521470904 -0.022623913 0.003312877 0.999738574 14.376524925
0.999662876 0.001787494 0.025899004 0.722526073 -0.001674531 0.999988973 -0.004382698 -1.660005689 -0.025906550 0.004337853 0.999654949 15.674015999
0.999572754 0.002682361 0.029102495 0.801406264 -0.002555151 0.999987006 -0.004407406 -1.798349023 -0.029113943 0.004331162 0.999566734 16.973190308
0.999474943 0.002276021 0.032322627 0.892579556 -0.002150387 0.999989927 -0.003921118 -1.938678861 -0.032331228 0.003849553 0.999469817 18.258573532
0.999399900 0.000750284 0.034630105 0.988776922 -0.000624711 0.999993205 -0.003636822 -2.080675602 -0.034632597 0.003613006 0.999393582 19.563919067
0.999342680 -0.001764202 0.036208216 1.087560177 0.001944967 0.999985874 -0.004957761 -2.220884085 -0.036198951 0.005024926 0.999332011 20.837903976
0.999302745 -0.001500259 0.037306651 1.186329842 0.001745423 0.999977112 -0.006539889 -2.365486145 -0.037295986 0.006600443 0.999282479 22.153696060
0.999256909 -0.001279913 0.038521517 1.268426061 0.001635311 0.999956429 -0.009195849 -2.509798050 -0.038508061 0.009252010 0.999215484 23.439741135
0.999224365 -0.001003690 0.039365914 1.377706409 0.001419482 0.999943495 -0.010535690 -2.653718948 -0.039353114 0.010583396 0.999169290 24.729030609
0.999179304 -0.000162747 0.040506095 1.475979328 0.000614420 0.999937713 -0.011138551 -2.801112652 -0.040501762 0.011154298 0.999117196 25.999399185
0.999159038 -0.001815752 0.040962406 1.575184941 0.002234173 0.999945760 -0.010171289 -2.946572304 -0.040941723 0.010254253 0.999108911 27.298652649
0.999156177 -0.004795957 0.040790040 1.679306030 0.005170685 0.999945343 -0.009086224 -3.092957258 -0.040744234 0.009289471 0.999126434 28.576448441
0.999179482 -0.006322732 0.040004477 1.776764631 0.006708859 0.999932110 -0.009525230 -3.238428116 -0.039941538 0.009785801 0.999154091 29.867235184
0.999196649 -0.008009954 0.039266933 1.880759716 0.008493570 0.999889910 -0.012164764 -3.382501841 -0.039165173 0.012488510 0.999154747 31.132549286
0.999232233 -0.008125236 0.038330257 1.993106365 0.008591729 0.999890745 -0.012021325 -3.533242464 -0.038228400 0.012341414 0.999192834 32.415657043
0.999254405 -0.008657423 0.037627488 2.093012571 0.009136791 0.999879003 -0.012586618 -3.676653385 -0.037513971 0.012921028 0.999212563 33.686687469
0.999256432 -0.009088499 0.037470177 2.181048155 0.009567370 0.999874592 -0.012620620 -3.819771767 -0.037350781 0.012969728 0.999217987 34.950431824
0.999259055 -0.009435022 0.037314616 2.267742634 0.009934252 0.999863327 -0.013216225 -3.963160276 -0.037184827 0.013577125 0.999216139 36.209514618
0.999306202 -0.010248481 0.035805497 2.385447979 0.010731231 0.999853730 -0.013316520 -4.122104168 -0.035663787 0.013691519 0.999270082 37.496807098
0.999305189 -0.009876568 0.035937659 2.474527836 0.010293436 0.999881566 -0.011433262 -4.269048691 -0.035820484 0.011795241 0.999288678 38.761863708
0.999270618 -0.009952000 0.036866512 2.576652050 0.010342984 0.999892116 -0.010429905 -4.407065868 -0.036758740 0.010803609 0.999265730 40.020404816
0.999190152 -0.011725280 0.038491458 2.688682318 0.012067123 0.999889672 -0.008660749 -4.550475121 -0.038385652 0.009118217 0.999221444 41.267181396
0.999077976 -0.012649685 0.041025423 2.780776024 0.013070656 0.999864399 -0.010009275 -4.693176746 -0.040893253 0.010536275 0.999107957 42.526359558
0.998949826 -0.013839921 0.043677364 2.874328375 0.014431230 0.999807954 -0.013251914 -4.842073917 -0.043485571 0.013868315 0.998957813 43.778076172
0.998858333 -0.015025515 0.045344878 2.988967896 0.015680868 0.999777198 -0.014131722 -4.990372658 -0.045122426 0.014826636 0.998871446 45.038242340
0.998728812 -0.015282597 0.048033543 3.110203981 0.015930766 0.999786794 -0.013140287 -5.121559143 -0.047822479 0.013888793 0.998759270 46.270626068
0.998527646 -0.016240232 0.051756151 3.218036175 0.016753266 0.999814570 -0.009494066 -5.279551506 -0.051592365 0.010347173 0.998614609 47.537509918
0.998253107 -0.019269688 0.055851310 3.335074663 0.019717596 0.999777555 -0.007479699 -5.417554379 -0.055694759 0.008567885 0.998411000 48.764404297
0.998009682 -0.021145916 0.059409704 3.461265087 0.021651182 0.999734581 -0.007873918 -5.559173107 -0.059227433 0.009144537 0.998202622 50.014015198
0.997746170 -0.024500772 0.062467333 3.609593153 0.025276287 0.999612510 -0.011654725 -5.693886757 -0.062157586 0.013207400 0.997978926 51.245738983
0.997450531 -0.025615726 0.066603765 3.735775709 0.026471235 0.999577641 -0.011993908 -5.826065540 -0.066268407 0.013726414 0.997707427 52.481609344
0.997102320 -0.028220329 0.070642695 3.867930412 0.028945908 0.999538064 -0.009268292 -5.969323158 -0.070348509 0.011286255 0.997458577 53.700241089
0.996814668 -0.031056017 0.073458038 4.021588802 0.031593617 0.999481678 -0.006167660 -6.100862980 -0.073228411 0.008468819 0.997279227 54.915660858
0.996588469 -0.033498656 0.075427033 4.176723003 0.033929933 0.999414265 -0.004443276 -6.232398987 -0.075234011 0.006987351 0.997141421 56.124641418
0.996379673 -0.037086632 0.076498136 4.330829144 0.037302848 0.999303043 -0.001399010 -6.355385303 -0.076392949 0.004247544 0.997068703 57.341220856
0.996244848 -0.040029213 0.076770246 4.485441685 0.040149547 0.999193668 -0.000024043 -6.481005669 -0.076707378 0.003106243 0.997048795 58.542987823
0.996170282 -0.042040288 0.076663770 4.631693363 0.042402659 0.999095738 -0.003104364 -6.607910156 -0.076463938 0.006343222 0.997052193 59.754642487
0.996196866 -0.043155726 0.075691789 4.782786846 0.043860298 0.999008238 -0.007670133 -6.734136105 -0.075285725 0.010960829 0.997101843 60.941726685
0.996198833 -0.044460095 0.074907765 4.913148403 0.045416445 0.998906314 -0.011111501 -6.871374607 -0.074331827 0.014471309 0.997128487 62.143150330
0.996255994 -0.045809209 0.073317461 5.058440208 0.046917949 0.998807907 -0.013471395 -7.003326416 -0.072612934 0.016860865 0.997217655 63.331192017
0.996362507 -0.046471678 0.071429320 5.192086697 0.047576159 0.998771667 -0.013838816 -7.136999130 -0.070698485 0.017186806 0.997349799 64.529182434
0.996589899 -0.045863196 0.068593882 5.325526714 0.046881426 0.998811781 -0.013308052 -7.271661282 -0.067902029 0.016478447 0.997555912 65.704780579
0.996843159 -0.044690274 0.065622553 5.445241451 0.045524802 0.998899519 -0.011276591 -7.414364338 -0.065046363 0.014228445 0.997780800 66.913459778
0.997241080 -0.040880412 0.061960019 5.566351414 0.041444853 0.999109864 -0.007851662 -7.543013573 -0.061583892 0.010397924 0.998047709 68.087257385
0.997446716 -0.039168969 0.059714355 5.670381069 0.039552491 0.999203742 -0.005253750 -7.671043873 -0.059461024 0.007602187 0.998201668 69.253143311
0.997738838 -0.038297247 0.055231556 5.806026459 0.038818553 0.999211013 -0.008396444 -7.813027859 -0.054866418 0.010521467 0.998438239 70.472366333
0.997928858 -0.038419753 0.051593527 5.915887833 0.039265141 0.999109030 -0.015472788 -7.940043449 -0.050953101 0.017466567 0.998548269 71.631591797
0.997964680 -0.042249646 0.047764316 6.027599812 0.043173626 0.998896599 -0.018480925 -8.076644897 -0.046930794 0.020505469 0.998687744 72.821403503
0.997981906 -0.045427121 0.044366781 6.127592087 0.046069965 0.998845994 -0.013575289 -8.213415146 -0.043698899 0.015591873 0.998923004 73.989463806
0.997950077 -0.050379612 0.039466031 6.235424042 0.050766706 0.998671174 -0.008867648 -8.339468956 -0.038966842 0.010853027 0.999181569 75.147026062
0.998026252 -0.051967822 0.035253171 6.335900784 0.052215513 0.998616934 -0.006141659 -8.463768005 -0.034885243 0.007970301 0.999359548 76.356658936
0.998206556 -0.051009778 0.031328354 6.424283504 0.051157072 0.998682976 -0.003917869 -8.585795403 -0.031087246 0.005513510 0.999501467 77.516342163
0.998345017 -0.050538931 0.027443562 6.513265133 0.050667595 0.998707533 -0.004012887 -8.705186844 -0.027205290 0.005396744 0.999615312 78.671844482
0.998475790 -0.049254656 0.024900125 6.580509663 0.049406651 0.998763442 -0.005525663 -8.837916374 -0.024597168 0.006747472 0.999674678 79.850685120
0.998659194 -0.047057096 0.021568928 6.659473419 0.047290482 0.998826563 -0.010441005 -8.967593193 -0.021052299 0.011447012 0.999712765 80.998329163
0.998565614 -0.050158456 0.018728647 6.735881805 0.050435729 0.998619974 -0.014637986 -9.116742134 -0.017968584 0.015561586 0.999717414 82.188980103
0.998446226 -0.053607378 0.015206681 6.807563782 0.053857736 0.998411238 -0.016561721 -9.233104706 -0.014294691 0.017354989 0.999747217 83.303421021
0.998481691 -0.053889081 0.011406895 6.876286030 0.054041039 0.998447955 -0.013461719 -9.359630585 -0.010663752 0.014057721 0.999844313 84.441482544
0.998496711 -0.054085955 0.008877762 6.942344189 0.054177977 0.998476326 -0.010475408 -9.495227814 -0.008297663 0.010940639 0.999905646 85.579956055
0.998642564 -0.051498476 0.007796489 6.989452839 0.051591810 0.998592615 -0.012284989 -9.623815536 -0.007152859 0.012670548 0.999894142 86.719299316
0.998827338 -0.047822572 0.007539036 7.040614128 0.047934916 0.998730123 -0.015502212 -9.751670837 -0.006788107 0.015845416 0.999851346 87.839790344
0.998888969 -0.046699334 0.006321255 7.106757164 0.046808880 0.998733163 -0.018461976 -9.878286362 -0.005451085 0.018737359 0.999809563 88.932350159
0.998857856 -0.047451627 0.005623298 7.150531769 0.047548134 0.998697758 -0.018491982 -10.022340775 -0.004738501 0.018738236 0.999813199 90.076461792
0.998803198 -0.048723012 0.004269661 7.203655243 0.048785247 0.998682082 -0.015940385 -10.152296066 -0.003487371 0.016129602 0.999863803 91.190429688
0.998754323 -0.049764343 0.003645769 7.253406048 0.049808946 0.998669088 -0.013381287 -10.282033920 -0.002975006 0.013546214 0.999903798 92.305915833
0.998761773 -0.049686380 0.002453039 7.325930119 0.049713284 0.998685241 -0.012506823 -10.408925056 -0.001828395 0.012613286 0.999918759 93.464736938
0.998734593 -0.050232809 0.002407704 7.373143673 0.050262768 0.998628914 -0.014629956 -10.536836624 -0.001669499 0.014732463 0.999890029 94.573020935
0.998727739 -0.050403129 0.001562747 7.435365200 0.050423495 0.998555243 -0.018567344 -10.665555954 -0.000624637 0.018622519 0.999826372 95.680282593
0.998691440 -0.051111031 0.001717602 7.479566097 0.051134918 0.998498738 -0.019639645 -10.803748131 -0.000711221 0.019701777 0.999805629 96.804115295
0.998649538 -0.051933479 0.001399342 7.538105488 0.051950216 0.998489380 -0.017891910 -10.936580658 -0.000468039 0.017940441 0.999838948 97.889724731
0.998706639 -0.050784841 0.002434200 7.580934525 0.050811592 0.998628795 -0.012600418 -11.061109543 -0.001790952 0.012707805 0.999917567 98.976432800
0.998791039 -0.048997462 0.003962698 7.629343987 0.049032561 0.998753905 -0.009307766 -11.180205345 -0.003501703 0.009490816 0.999948800 100.041305542
0.998884559 -0.046840221 0.005967870 7.674606800 0.046894282 0.998856902 -0.009266294 -11.303212166 -0.005527013 0.009535818 0.999939263 101.110801697
0.998963952 -0.044841018 0.007770198 7.728559017 0.044926062 0.998928189 -0.011140374 -11.423598289 -0.007262325 0.011477916 0.999907732 102.146347046
0.998925805 -0.045168560 0.010346564 7.785239220 0.045305211 0.998883665 -0.013377603 -11.546214104 -0.009730767 0.013831985 0.999856949 103.167449951
0.998823345 -0.046814855 0.012655654 7.826069832 0.046994068 0.998793423 -0.014255250 -11.661693573 -0.011973026 0.014833218 0.999818265 104.175979614
0.998717606 -0.048506722 0.014501908 7.889506340 0.048706565 0.998718321 -0.013760378 -11.773936272 -0.013815850 0.014449068 0.999800146 105.158638000
0.998681068 -0.048656177 0.016389649 7.942047596 0.048857849 0.998731911 -0.012138015 -11.893902779 -0.015778277 0.012922769 0.999791980 106.137817383
0.998613715 -0.049742248 0.017216690 8.022127151 0.049928792 0.998696685 -0.010579758 -12.002110481 -0.016667992 0.011424703 0.999795794 107.068275452
0.998545051 -0.050338730 0.019340532 8.078207016 0.050558142 0.998660266 -0.011027924 -12.109471321 -0.018759487 0.011989697 0.999752104 107.984626770
0.998535454 -0.049886692 0.020934565 8.141380310 0.050087310 0.998702765 -0.009170143 -12.210848808 -0.020449938 0.010205271 0.999738753 108.890029907
0.998541176 -0.048956543 0.022775348 8.199956894 0.049126059 0.998768449 -0.006943719 -12.308956146 -0.022407362 0.008052454 0.999716461 109.759185791
0.998501778 -0.049225066 0.023895446 8.264015198 0.049330622 0.998775065 -0.003847694 -12.410521507 -0.023676772 0.005020706 0.999707043 110.614791870
0.998467743 -0.049112141 0.025500108 8.325485229 0.049233072 0.998778760 -0.004136097 -12.498909950 -0.025265835 0.005385208 0.999666274 111.438789368
0.998484313 -0.048117992 0.026716338 8.375781059 0.048217550 0.998832047 -0.003094178 -12.589814186 -0.026536245 0.004377685 0.999638259 112.246849060
0.998589039 -0.045706019 0.027038718 8.430252075 0.045798820 0.998946726 -0.002822229 -12.669791222 -0.026881244 0.004056588 0.999630451 113.024360657
0.998709083 -0.043246116 0.026647011 8.473522186 0.043255098 0.999063969 0.000239678 -12.748510361 -0.026632434 0.000913250 0.999644876 113.782997131
0.998784542 -0.043311324 0.023526153 8.523257256 0.043290600 0.999061584 0.001389948 -12.833412170 -0.023564272 -0.000369798 0.999722183 114.526351929
0.998905480 -0.043509059 0.017170064 8.560899734 0.043491084 0.999052763 0.001419512 -12.907519341 -0.017215559 -0.000671214 0.999851584 115.224296570
0.999103665 -0.041895479 0.006055064 8.597443581 0.041893199 0.999122024 0.000503536 -12.984236717 -0.006070849 -0.000249419 0.999981523 115.889846802
0.999210536 -0.039006967 -0.007542495 8.593206406 0.038987741 0.999236166 -0.002680190 -13.050329208 0.007641276 0.002384009 0.999967933 116.535652161
0.998938143 -0.037582543 -0.026647829 8.601572037 0.037461169 0.999285340 -0.005039653 -13.119698524 0.026818193 0.004036042 0.999632180 117.156509399
0.998158932 -0.035884988 -0.048896424 8.566814423 0.035574842 0.999341130 -0.007198751 -13.190900803 0.049122535 0.005446014 0.998777986 117.742370605
0.996455371 -0.034366570 -0.076783471 8.528944016 0.033765029 0.999388218 -0.009119174 -13.256693840 0.077049904 0.006494254 0.997006118 118.314796448
0.993573725 -0.032061998 -0.108550981 8.454051018 0.031035135 0.999456227 -0.011136439 -13.323644638 0.108849004 0.007695977 0.994028568 118.856590271
0.989257872 -0.027381523 -0.143594027 8.341358185 0.025926450 0.999591947 -0.011994966 -13.395375252 0.143863857 0.008143231 0.989564002 119.399742126
0.982932448 -0.021598574 -0.182694629 8.242071152 0.019813016 0.999736428 -0.011593271 -13.451756477 0.182896882 0.007775668 0.983101368 119.908325195
0.974406004 -0.016173409 -0.224212870 8.101900101 0.014371837 0.999849975 -0.009664826 -13.508090973 0.224335551 0.006195115 0.974492192 120.409767151
0.963137269 -0.011561179 -0.268761814 7.926761627 0.009756135 0.999919951 -0.008050836 -13.566054344 0.268833369 0.005131983 0.963173032 120.904640198
0.948980570 -0.005177568 -0.315291941 7.736190796 0.002689717 0.999961734 -0.008325236 -13.624491692 0.315322995 0.007052440 0.948958158 121.367774963
0.931739986 0.002475039 -0.363117635 7.502826691 -0.006059291 0.999943495 -0.008732112 -13.683773041 0.363075465 0.010336294 0.931702375 121.835769653
0.910621524 0.007550335 -0.413172394 7.251205444 -0.012487236 0.999879241 -0.009249705 -13.738878250 0.413052708 0.013582363 0.910605788 122.275321960
0.885657549 0.011933616 -0.464185625 6.981697083 -0.017829215 0.999806404 -0.008314072 -13.786595345 0.463996589 0.015639486 0.885698855 122.687263489
0.856823742 0.015095182 -0.515388370 6.693058014 -0.022342186 0.999719501 -0.007862750 -13.832215309 0.515125096 0.018251894 0.856920660 123.087882996
0.825464845 0.025201231 -0.563890696 6.368736267 -0.033226974 0.999439895 -0.003973424 -13.885831833 0.563474655 0.022016302 0.825839937 123.450805664
0.791974425 0.038472958 -0.609340906 6.021381378 -0.046581402 0.998911202 0.002526978 -13.923131943 0.608774781 0.026382653 0.792904258 123.799057007
0.755488336 0.047203943 -0.653459370 5.670284271 -0.057522196 0.998328388 0.005612740 -13.970648766 0.652632058 0.033348054 0.756940782 124.124259949
0.715787947 0.051034052 -0.696450353 5.303897858 -0.064637281 0.997886360 0.006690496 -14.014082909 0.695319712 0.040227678 0.717573822 124.420410156
0.673456669 0.052788790 -0.737339437 4.924125671 -0.067152776 0.997691691 0.010093647 -14.060950279 0.736170173 0.042716753 0.675447106 124.705383301
0.629573226 0.056324083 -0.774896860 4.513431549 -0.070418708 0.997400463 0.015284527 -14.094348907 0.773743331 0.044944514 0.631902874 124.975234985
0.584235489 0.065414511 -0.808943629 4.100551605 -0.081259035 0.996452570 0.021890337 -14.132028580 0.807505965 0.052944865 0.587478459 125.201980591
0.538966000 0.073829234 -0.839085817 3.633415222 -0.093350396 0.995250404 0.027608491 -14.148846626 0.837138653 0.063448943 0.543298244 125.430709839
0.492252797 0.078777291 -0.866880238 3.184432983 -0.099019118 0.994499505 0.034147199 -14.169504166 0.864801943 0.069028668 0.497345537 125.623359680
0.444846660 0.080291681 -0.892000496 2.721542358 -0.098087810 0.994349778 0.040587422 -14.196041107 0.890219271 0.069439195 0.450208783 125.804840088
0.397116959 0.081801988 -0.914115250 2.248249054 -0.095655128 0.994284332 0.047420915 -14.216541290 0.912769556 0.068608157 0.402671903 125.986236572
0.352578133 0.084809951 -0.931931257 1.749469757 -0.097089820 0.993825316 0.053710531 -14.239130020 0.930732012 0.071543887 0.358635277 126.120605469
0.309157699 0.088362344 -0.946896791 1.250236511 -0.102632217 0.992959082 0.059151795 -14.258788109 0.945456564 0.078894891 0.316049784 126.235504150
0.267592430 0.089479282 -0.959368408 0.733985901 -0.107140191 0.992267251 0.062663577 -14.271261215 0.957556903 0.086018614 0.275110036 126.339408875
0.227774918 0.086358622 -0.969876647 0.203065872 -0.107228644 0.992225826 0.063166022 -14.289238930 0.967791557 0.089610934 0.235264182 126.447082520
0.192910463 0.081593841 -0.977817953 -0.330688477 -0.102493085 0.992760718 0.062620215 -14.311726570 0.975848734 0.088139474 0.199876770 126.535690308
0.162363231 0.076298788 -0.983776689 -0.878013611 -0.099544480 0.993186116 0.060599655 -14.329859734 0.981697083 0.088090397 0.168852061 126.617904663
0.135852471 0.074849382 -0.987897635 -1.445175171 -0.100780994 0.993013561 0.061377935 -14.348752975 0.985589862 0.091222964 0.142446741 126.687080383
0.113930181 0.073911071 -0.990735650 -2.034404755 -0.101050377 0.992919087 0.062453613 -14.358887672 0.988336444 0.092998862 0.120592199 126.745414734
0.095396027 0.075438902 -0.992576659 -2.627736092 -0.103005067 0.992519557 0.065534793 -14.372749329 0.990095854 0.095988691 0.102453023 126.802024841
0.079475962 0.073675066 -0.994110405 -3.238933563 -0.104022786 0.992433250 0.065234475 -14.396492958 0.991394341 0.098225571 0.086538464 126.854949951
0.065252252 0.072813541 -0.995208621 -3.858366966 -0.102953032 0.992503107 0.065865323 -14.425265312 0.992543638 0.098161891 0.072259441 126.909194946
0.052763149 0.070353977 -0.996125638 -4.496983051 -0.098552018 0.993012488 0.064913958 -14.446098328 0.993732095 0.094745137 0.059327986 126.956298828
0.041009061 0.067520604 -0.996874750 -5.147542477 -0.096297830 0.993336558 0.063319474 -14.459381104 0.994507432 0.093400188 0.047237888 126.991783142
0.030730221 0.066650242 -0.997303009 -5.818764687 -0.095551051 0.993400574 0.063445196 -14.477751732 0.994950056 0.093343660 0.036895916 127.028579712
0.020955885 0.068094552 -0.997458756 -6.489552498 -0.098813303 0.992934108 0.065709673 -14.497745514 0.994885266 0.097185202 0.027536465 127.052795410
0.012434095 0.068224013 -0.997592568 -7.169143200 -0.101713799 0.992580950 0.066613503 -14.524688721 0.994736016 0.100640632 0.019281171 127.070014954
0.006042561 0.067572132 -0.997696102 -7.865531921 -0.104221411 0.992323220 0.066577017 -14.544008255 0.994535744 0.103579000 0.013038636 127.089241028
0.000947252 0.068358332 -0.997660339 -8.564795494 -0.104931951 0.992159903 0.067881815 -14.558533669 0.994479001 0.104622148 0.008112798 127.107437134
-0.002780005 0.070741013 -0.997490883 -9.290822029 -0.107430302 0.991700649 0.070629798 -14.574798584 0.994208753 0.107357092 0.004842796 127.132507324
-0.003521331 0.074918151 -0.997183502 -10.024923325 -0.109627031 0.991150379 0.074852012 -14.598875046 0.993966639 0.109581821 0.004722886 127.135032654
-0.004241232 0.078099810 -0.996936500 -10.748477936 -0.112057075 0.990629196 0.078082435 -14.610989571 0.993692696 0.112044953 0.004550147 127.143638611
-0.005108401 0.083612375 -0.996485293 -11.487391472 -0.116623007 0.989648402 0.083636589 -14.615931511 0.993163109 0.116640367 0.004695607 127.156883240
-0.005942455 0.087479301 -0.996148586 -12.231019974 -0.119749002 0.988935411 0.087560214 -14.626231194 0.992786348 0.119808123 0.004598854 127.162620544
-0.007676118 0.088166438 -0.996076107 -12.978682518 -0.119640850 0.988869309 0.088450536 -14.642951012 0.992787540 0.119850360 0.002957631 127.188850403
-0.009180713 0.085049756 -0.996334374 -13.721517563 -0.117175639 0.989420354 0.085539289 -14.658534050 0.993068695 0.117531434 0.000882175 127.212547302
-0.010545948 0.081495449 -0.996617913 -14.484348297 -0.120788775 0.989271224 0.082172863 -14.660433769 0.992622256 0.121246845 -0.000589066 127.224456787
-0.011820162 0.083196841 -0.996463001 -15.253630638 -0.126035631 0.988460958 0.084023789 -14.668953896 0.991955221 0.126583040 -0.001198000 127.228294373
-0.013686702 0.086696602 -0.996140718 -16.022151947 -0.122897625 0.988534749 0.087723203 -14.680225372 0.992324889 0.123623960 -0.002874974 127.247520447
-0.015571838 0.086615443 -0.996120036 -16.797182083 -0.122053944 0.988626003 0.087871820 -14.694598198 0.992401242 0.122948721 -0.004822965 127.262985229
-0.016894337 0.086088032 -0.996144235 -17.590778351 -0.124832124 0.988309503 0.087528065 -14.704313278 0.992033958 0.125829533 -0.005950282 127.268211365
-0.017455045 0.085837536 -0.996156216 -18.377735138 -0.129571632 0.987712502 0.087380342 -14.707611084 0.991416454 0.130598843 -0.006118458 127.269279480
-0.018558173 0.090432011 -0.995729685 -19.180614471 -0.131453216 0.987035513 0.092092402 -14.712777138 0.991148651 0.132600933 -0.006430000 127.275558472
-0.019104352 0.094817728 -0.995311379 -19.995094299 -0.129862294 0.986824811 0.096501879 -14.718861580 0.991347969 0.131097034 -0.006539403 127.291702271
-0.018779872 0.097053096 -0.995101988 -20.814804077 -0.131726697 0.986361623 0.098686613 -14.729494095 0.991108179 0.132934839 -0.005739259 127.312240601
-0.016714087 0.095682837 -0.995271504 -21.632555008 -0.131113410 0.986605346 0.097051568 -14.731163025 0.991226435 0.132115573 -0.003944904 127.323097229
-0.015228266 0.095655695 -0.995297968 -22.463897705 -0.131267563 0.986606836 0.096828826 -14.731604576 0.991230071 0.132124841 -0.002467823 127.333053589
-0.015610187 0.094860084 -0.995368183 -23.291944504 -0.129551396 0.986906230 0.096085384 -14.737019539 0.991449833 0.130451247 -0.003116534 127.362617493
-0.015165365 0.096884400 -0.995180070 -24.129215240 -0.130507216 0.986588359 0.098036759 -14.741733551 0.991331398 0.131364942 -0.002317857 127.387329102
-0.014454048 0.098862305 -0.994996190 -24.968900681 -0.132176816 0.986178517 0.099906310 -14.739180565 0.991120756 0.132959470 -0.001186962 127.404426575
-0.014219359 0.101341888 -0.994750142 -25.835092545 -0.135018796 0.985544324 0.102334075 -14.737540245 0.990741014 0.135765046 -0.000330749 127.418235779
-0.012620179 0.102503575 -0.994652510 -26.699073792 -0.137207940 0.985144854 0.103264667 -14.731848717 0.990461946 0.137777448 0.001631601 127.432174683
-0.010887321 0.105711423 -0.994337320 -27.568519592 -0.144122869 0.983847320 0.106174260 -14.728956223 0.989499927 0.144462690 0.004523972 127.448226929
-0.008725404 0.109429814 -0.993956149 -28.451436996 -0.148760796 0.982791185 0.109506480 -14.720245361 0.988834739 0.148817182 0.007703615 127.467590332
-0.006652219 0.111221254 -0.993773401 -29.326374054 -0.151292965 0.982243359 0.110943563 -14.711297989 0.988466501 0.151088923 0.010292895 127.499938965
-0.003010874 0.111870654 -0.993718147 -30.220108032 -0.149825945 0.982455313 0.111056663 -14.708624840 0.988707781 0.149219126 0.013803077 127.528465271
-0.000485711 0.112028643 -0.993704915 -31.112255096 -0.152756870 0.982034326 0.110787608 -14.701449394 0.988263667 0.151849061 0.016636161 127.560287476
0.002160269 0.115807861 -0.993269324 -32.013923645 -0.153183982 0.981586874 0.114112623 -14.691087723 0.988195360 0.151906416 0.019860398 127.591804504
0.004350890 0.117913902 -0.993014276 -32.926448822 -0.152339727 0.981511235 0.115880512 -14.681982994 0.988318622 0.150771379 0.022233423 127.636627197
0.006187524 0.119286075 -0.992840588 -33.819808960 -0.153071553 0.981271505 0.116942108 -14.675535202 0.988195717 0.151252076 0.024330942 127.678871155
0.008718682 0.117521197 -0.993032157 -34.722015381 -0.154128909 0.981360376 0.114786677 -14.665297508 0.988012254 0.152054161 0.026669582 127.712326050
0.008492286 0.118793115 -0.992882669 -35.625690460 -0.158476129 0.980529785 0.115959674 -14.652055740 0.987326324 0.156363457 0.027152818 127.756683350
0.010227600 0.119524531 -0.992778540 -36.542358398 -0.159829989 0.980261266 0.116370961 -14.646109581 0.987091482 0.157485604 0.029129324 127.789169312
0.009848749 0.115741611 -0.993230522 -37.426151276 -0.159454465 0.980750442 0.112706184 -14.641200066 0.987156153 0.157265022 0.028114684 127.838127136
0.010785832 0.112042233 -0.993644834 -38.324119568 -0.161692962 0.980820537 0.108841039 -14.638238907 0.986782134 0.159491435 0.028695408 127.872993469
0.011601215 0.111468621 -0.993700266 -39.250072479 -0.161296621 0.980961561 0.108156539 -14.635534286 0.986837804 0.159025714 0.029359857 127.917465210
0.010925470 0.115799867 -0.993212461 -40.149982452 -0.163282156 0.980146468 0.112480365 -14.627071381 0.986518860 0.160944998 0.029616619 127.962646484
0.011217334 0.122140206 -0.992449462 -41.058536530 -0.163867682 0.979318261 0.118672013 -14.616550446 0.986418545 0.161299229 0.031000175 128.000350952
0.011799904 0.120596461 -0.992631495 -41.974243164 -0.161127090 0.979957163 0.117141239 -14.617462158 0.986863077 0.158557564 0.030994756 128.046234131
0.012502404 0.110339366 -0.993815422 -42.863281250 -0.160588011 0.981213331 0.106919982 -14.617578506 0.986942351 0.158258125 0.029986707 128.091278076
0.012829380 0.100215979 -0.994882941 -43.759086609 -0.162659213 0.981921136 0.096812770 -14.618564606 0.986598849 0.160584837 0.028898494 128.132247925
0.012011994 0.096770324 -0.995234251 -44.694953918 -0.159378693 0.982767045 0.093634464 -14.620698929 0.987144470 0.157494366 0.027228121 128.179138184
0.012088876 0.106787324 -0.994208336 -45.609642029 -0.152104601 0.982906818 0.103723928 -14.618927956 0.988290489 0.149969727 0.028125077 128.231445312
0.011909169 0.119929701 -0.992710948 -46.556766510 -0.147193953 0.982176483 0.116891190 -14.609647751 0.989035964 0.144728988 0.029349832 128.288131714
0.012024666 0.129234254 -0.991541147 -47.477058411 -0.147487462 0.980996251 0.126071230 -14.597796440 0.988990903 0.144723922 0.030856581 128.336761475
0.012015520 0.123811603 -0.992232978 -48.398117065 -0.147534326 0.981663704 0.120706193 -14.592538834 0.988983989 0.144938096 0.030061666 128.382232666
0.012017258 0.109927282 -0.993867099 -49.322887421 -0.147689313 0.983232558 0.106965296 -14.586183548 0.988960743 0.145498127 0.028050849 128.422805786
0.012711009 0.101161130 -0.994788826 -50.237018585 -0.148218542 0.984069347 0.098177180 -14.581476212 0.988873005 0.146198228 0.027502472 128.465972900
0.013357876 0.101128943 -0.994783580 -51.170330048 -0.147332594 0.984212458 0.098075919 -14.584168434 0.988996744 0.145253986 0.028046578 128.511505127
0.012558545 0.102659136 -0.994637251 -52.114730835 -0.150588542 0.983564913 0.099614948 -14.598005295 0.988516748 0.148529932 0.027811436 128.557556152
0.013039265 0.102279194 -0.994670272 -53.042701721 -0.155102625 0.982921541 0.099037841 -14.596328735 0.987812281 0.152984619 0.028680345 128.593505859
0.013788096 0.101522893 -0.994737625 -53.982852936 -0.156664029 0.982764959 0.098129429 -14.593785286 0.987555742 0.154486611 0.029455446 128.634597778
0.014218264 0.109231129 -0.993914604 -54.944736481 -0.165905520 0.980494678 0.105382927 -14.593874931 0.986039102 0.163397595 0.032062978 128.680374146
0.015566405 0.118469059 -0.992835701 -55.884399414 -0.171350867 0.978582799 0.114081785 -14.581718445 0.985087156 0.168347463 0.035532795 128.721847534
0.016849022 0.127171010 -0.991737664 -56.840099335 -0.171517804 0.977543354 0.122436859 -14.573680878 0.985037029 0.168037727 0.038282741 128.767883301
0.017533338 0.127232999 -0.991717815 -57.791740417 -0.173293144 0.977245688 0.122312479 -14.553614616 0.984714210 0.169713393 0.039182983 128.821456909
0.019502012 0.117965207 -0.992826223 -58.721591949 -0.174938202 0.978099048 0.112779051 -14.552947998 0.984386206 0.171483815 0.039711513 128.857757568
0.020832492 0.112868957 -0.993391514 -59.659702301 -0.173321426 0.978970289 0.107595682 -14.541456223 0.984644949 0.169934556 0.039956998 128.913574219
0.022572653 0.111546792 -0.993502855 -60.628196716 -0.171858028 0.979395986 0.106058270 -14.539209366 0.984863102 0.168347433 0.041277774 128.973373413
0.025581345 0.117237486 -0.992774367 -61.587978363 -0.173359036 0.978572905 0.111093402 -14.531239510 0.984526336 0.169264480 0.045357384 129.038726807
0.029608952 0.119346820 -0.992410958 -62.550308228 -0.176182032 0.977925241 0.112348303 -14.526008606 0.983912170 0.171518475 0.049982104 129.088119507
0.033605337 0.114441037 -0.992861450 -63.507083893 -0.175103426 0.978730977 0.106885590 -14.522615433 0.983976305 0.170261502 0.052929606 129.150436401
0.036503673 0.108773962 -0.993396044 -64.462242126 -0.175210699 0.979357362 0.100798421 -14.525508881 0.983853877 0.170374125 0.054808512 129.219177246
0.040196560 0.108468086 -0.993286908 -65.418945312 -0.172815293 0.979863763 0.100008741 -14.520427704 0.984133601 0.167635143 0.058132097 129.292007446
0.042532690 0.112859681 -0.992700219 -66.376670837 -0.170228481 0.979889631 0.104109690 -14.531435013 0.984486282 0.164557800 0.060889270 129.378265381
0.045983959 0.119368799 -0.991784573 -67.334480286 -0.169766322 0.979326189 0.109998152 -14.526261330 0.984410942 0.163313463 0.065298095 129.458847046
0.048515860 0.123055115 -0.991213262 -68.301094055 -0.167615786 0.979311764 0.113373473 -14.522500992 0.984657884 0.160642594 0.068138130 129.546997070
0.050196890 0.125247747 -0.990854919 -69.277511597 -0.167307571 0.979140520 0.115291186 -14.524178505 0.984626055 0.159990236 0.070104703 129.634185791
0.052800477 0.122055747 -0.991117835 -70.211784363 -0.165539786 0.979840100 0.111847974 -14.515405655 0.984788597 0.158163786 0.071941108 129.707275391
0.053692251 0.120667182 -0.991239965 -71.157592773 -0.163596109 0.980322003 0.110476650 -14.513858795 0.985065281 0.156231254 0.072376385 129.794631958
0.054824799 0.116969503 -0.991621077 -72.101287842 -0.160733148 0.981196761 0.106853262 -14.516850471 0.985474110 0.153528199 0.072594807 129.881210327
0.053563435 0.116810046 -0.991708815 -73.079010010 -0.159081459 0.981448948 0.107009389 -14.509941101 0.985811353 0.152030706 0.071152076 129.976348877
0.053328279 0.121565469 -0.991149843 -74.032295227 -0.155753165 0.981426775 0.111992724 -14.507596016 0.986355424 0.148402333 0.071272016 130.063629150
0.052698094 0.123809114 -0.990905762 -74.992889404 -0.149795175 0.982037306 0.114734694 -14.512732506 0.987311721 0.142386600 0.070297502 130.163406372
0.052472547 0.118670583 -0.991546333 -75.954803467 -0.146895543 0.983030319 0.109877683 -14.488925934 0.987759292 0.139888167 0.069014281 130.240646362
0.050773129 0.114714056 -0.992100179 -76.919212341 -0.148890585 0.983149529 0.106059276 -14.486684799 0.987549305 0.142329410 0.066997439 130.323898315
0.049614046 0.112065956 -0.992461503 -77.868309021 -0.145382553 0.983911932 0.103832759 -14.485981941 0.988130689 0.139135018 0.065108292 130.407638550
0.048561178 0.112748593 -0.992436171 -78.834007263 -0.145681858 0.983782470 0.104637049 -14.481450081 0.988138914 0.139498651 0.064199068 130.477355957
0.047466654 0.114004515 -0.992345631 -79.785652161 -0.146969870 0.983449996 0.105952568 -14.483355522 0.988001406 0.140815720 0.063436329 130.558227539
0.046157226 0.114287205 -0.992374897 -80.740364075 -0.148468688 0.983184814 0.106323257 -14.481000900 0.987839341 0.142428994 0.062349156 130.633178711
0.044624459 0.115678191 -0.992283821 -81.690414429 -0.148442686 0.983014584 0.107921906 -14.483747482 0.987913668 0.142481297 0.061038073 130.704833984
0.042697672 0.115391515 -0.992402017 -82.641593933 -0.148052678 0.983071744 0.107936732 -14.478676796 0.988057256 0.142319143 0.059058901 130.779129028
0.040624723 0.118246563 -0.992152929 -83.587753296 -0.147812679 0.982758343 0.111074544 -14.472574234 0.988180518 0.142140418 0.057402633 130.854583740
0.039127562 0.122605376 -0.991683900 -84.546546936 -0.149551496 0.981984138 0.115505494 -14.463590622 0.987979472 0.143788368 0.056758456 130.914474487
0.036678810 0.126719132 -0.991260290 -85.504409790 -0.149633676 0.981441319 0.119927183 -14.445356369 0.988060951 0.143927112 0.054959565 130.985824585
0.034774061 0.126307771 -0.991381466 -86.447891235 -0.149548143 0.981470048 0.119799398 -14.435527802 0.988142788 0.144093305 0.053018797 131.051513672
0.033326756 0.121302269 -0.992056012 -87.390983582 -0.149317279 0.982071459 0.115065299 -14.428915977 0.988227546 0.144296378 0.050841782 131.119003296
0.031084944 0.116821066 -0.992666423 -88.328742981 -0.153636187 0.981902182 0.110743225 -14.416604996 0.987638474 0.149067059 0.048470322 131.182662964
0.030666236 0.114450380 -0.992955506 -89.303253174 -0.152368829 0.982347488 0.108521976 -14.404139519 0.987847805 0.147967458 0.047563575 131.232803345
0.029961972 0.115456454 -0.992860496 -90.254440308 -0.148319796 0.982823610 0.109813377 -14.403533936 0.988485456 0.143970639 0.046571806 131.294631958
0.029256327 0.117192373 -0.992678165 -91.206146240 -0.145021990 0.983093202 0.111786701 -14.400238037 0.988995790 0.140689716 0.045757167 131.360504150
0.028041033 0.117189109 -0.992713690 -92.151092529 -0.140033439 0.983771622 0.112178028 -14.397542953 0.989749670 0.135867521 0.043996375 131.429672241
0.026986904 0.114111893 -0.993101358 -93.097793579 -0.136223108 0.984615266 0.109435044 -14.392970085 0.990310609 0.132330015 0.042116396 131.494125366
0.026269816 0.110976972 -0.993475735 -94.054740906 -0.130570292 0.985685706 0.106654212 -14.392403603 0.991090953 0.126916602 0.040384077 131.549850464
0.025388315 0.113239527 -0.993243337 -95.013153076 -0.128618136 0.985675871 0.109089158 -14.388346672 0.991369128 0.124979548 0.039589308 131.607437134
0.023918832 0.115758285 -0.992989480 -95.958129883 -0.128410861 0.985401273 0.111780591 -14.384564400 0.991432607 0.124836951 0.038434271 131.670059204
0.021755055 0.113510147 -0.993298650 -96.928024292 -0.123490132 0.986230493 0.109997764 -14.375588417 0.992107272 0.120269582 0.035472885 131.731506348
0.018913964 0.110249773 -0.993723929 -97.876937866 -0.121396549 0.986801505 0.107171178 -14.366415977 0.992423892 0.118607625 0.032048270 131.793914795
0.015936904 0.107892588 -0.994034827 -98.826293945 -0.120259888 0.987150908 0.105217338 -14.364671707 0.992614508 0.117865667 0.028707277 131.848526001
0.014078569 0.106209293 -0.994244039 -99.789321899 -0.113983586 0.988031447 0.103931591 -14.364051819 0.993382871 0.111864299 0.026016181 131.892974854
0.011046396 0.107083380 -0.994188726 -100.734191895 -0.108130842 0.988547027 0.105274267 -14.362317085 0.994075358 0.106339552 0.022498894 131.954574585
0.008494465 0.114651009 -0.993369520 -101.739746094 -0.098325819 0.988686979 0.113269769 -14.354112625 0.995118022 0.096711703 0.019671522 132.013519287
0.005882382 0.123071998 -0.992380381 -102.698478699 -0.090408511 0.988398671 0.122042298 -14.347617149 0.995887399 0.089001730 0.016940897 132.070953369
0.001603022 0.121837229 -0.992548823 -103.653846741 -0.086204953 0.988871992 0.121246688 -14.332157135 0.996276140 0.085368253 0.012088159 132.129699707
0.000263779 0.112303518 -0.993673861 -104.609161377 -0.087541252 0.989861727 0.111849420 -14.330628395 0.996160865 0.086957954 0.010092293 132.151351929
-0.001856486 0.102619737 -0.994718909 -105.556976318 -0.089144871 0.990743279 0.102375969 -14.322140694 0.996016979 0.088864155 0.007308723 132.190048218
-0.002852286 0.104923129 -0.994476259 -106.503906250 -0.097008005 0.989760876 0.104703851 -14.329461098 0.995279551 0.096770816 0.007355307 132.221862793
-0.003163242 0.114020742 -0.993473291 -107.478256226 -0.100055203 0.988456786 0.113763548 -14.308362961 0.994976878 0.099762037 0.008281638 132.246826172
-0.004671621 0.125323609 -0.992104948 -108.441322327 -0.103897795 0.986685455 0.125128254 -14.291030884 0.994577050 0.103662066 0.008411427 132.276992798
-0.006282221 0.127236888 -0.991852462 -109.382156372 -0.111153178 0.985636592 0.127143517 -14.278381348 0.993783534 0.111046284 0.007950795 132.310607910
-0.005812877 0.124065258 -0.992257059 -110.378295898 -0.118258134 0.985225499 0.123878852 -14.254136086 0.992965877 0.118062563 0.008944730 132.325057983
-0.006092140 0.120100617 -0.992743015 -111.332397461 -0.126295730 0.984719276 0.119904965 -14.236650467 0.991973937 0.126109704 0.009169145 132.350799561
-0.004137369 0.122179329 -0.992499411 -112.298194885 -0.131037250 0.983883619 0.121664926 -14.214154243 0.991368830 0.130557805 0.011939351 132.377670288
-0.002553101 0.123470731 -0.992344916 -113.282089233 -0.139032006 0.982666433 0.122624196 -14.192516327 0.990284562 0.138280779 0.014657541 132.400024414
-0.002031574 0.126286119 -0.991991818 -114.246047974 -0.148307472 0.980985582 0.125188693 -14.171466827 0.988939166 0.147374123 0.016736234 132.421340942
-0.001904291 0.128551885 -0.991700888 -115.220062256 -0.153747380 0.979873896 0.127313986 -14.146458626 0.988108337 0.152713865 0.017898548 132.449478149
-0.001802354 0.127920017 -0.991782784 -116.194480896 -0.157195121 0.979417801 0.126610830 -14.133436203 0.987565935 0.156131610 0.018343139 132.490432739
-0.000456787 0.118726976 -0.992926836 -117.148483276 -0.156229556 0.980726063 0.117339969 -14.132573128 0.987720668 0.155178130 0.018100683 132.525695801
0.001180318 0.106789276 -0.994280994 -118.102638245 -0.159358561 0.981595516 0.105237655 -14.116221428 0.987220049 0.158322960 0.018176381 132.561279297
