1.000000000 0.000000000 0.000000000 0.000000000 0.000000000 1.000000000 0.000000000 0.000000000 0.000000000 0.000000000 1.000000000 0.000000000
0.999997795 -0.001600147 -0.001369052 0.049883071 0.001597226 0.999996424 -0.002131885 -0.133008659 0.001372459 0.002129694 0.999996781 1.297557354
0.999997616 -0.000038819 -0.002178063 0.105151445 0.000024862 0.999979496 -0.006407333 -0.266913742 0.002178268 0.006407263 0.999977112 2.602513075
0.999996185 0.002408653 -0.001303257 0.147737950 -0.002418950 0.999965429 -0.007957885 -0.405535936 0.001284044 0.007961008 0.999967515 3.905498505
0.999983728 0.005691282 0.000275811 0.192344233 -0.005689344 0.999962211 -0.006581786 -0.545326233 -0.000313259 0.006580109 0.999978364 5.216510773
0.999975562 0.006513583 0.002517508 0.240006313 -0.006505305 0.999973476 -0.003282751 -0.689830363 -0.002538823 0.003266294 0.999991417 6.533909321
0.999960065 0.006751259 0.005843189 0.296338528 -0.006740111 0.999975443 -0.001925369 -0.827390909 -0.005856043 0.001885909 0.999981046 7.837080479
0.999942839 0.005279094 0.009294996 0.350322843 -0.005261225 0.999984264 -0.001945798 -0.960112691 -0.009305121 0.001896783 0.999954879 9.141064644
0.999912083 0.004024865 0.012635130 0.428376824 -0.004001129 0.999990165 -0.001903307 -1.096713185 -0.012642667 0.001852584 0.999918342 10.441046715
0.999869049 0.002697378 0.015953071 0.494123936 -0.002657453 0.999993265 -0.002523310 -1.236096144 -0.015959768 0.002480585 0.999869585 11.749865532
0.999813080 0.001639417 0.019263908 0.571631312 -0.001575135 0.999993145 -0.003351592 -1.372491598 -0.019269271 0.003320622 0.999808848 13.042605400
0.999744773 0.001364106 0.022551620 0.642514944 -0.001289199 0.999993622 -0.003335796 -1.518499970 -0.022556027 0.003305871 0.999740124 14.362442017
0.999665260 0.001255063 0.025841227 0.728789449 -0.001141477 0.999989629 -0.004409817 -1.656418324 -0.025846494 0.004378844 0.999656320 15.658632278
0.999573290 0.002154707 0.029131383 0.809722304 -0.002028553 0.999988377 -0.004359397 -1.796119928 -0.029140437 0.004298443 0.999566019 16.962705612
0.999473453 0.001884572 0.032392960 0.899302840 -0.001757247 0.999990702 -0.003958669 -1.935844302 -0.032400116 0.003899662 0.999467373 18.249750137
0.999402702 0.000228180 0.034557294 0.997995436 -0.000100936 0.999993205 -0.003683830 -2.079680681 -0.034557901 0.003678141 0.999395907 19.549108505
0.999340892 -0.002284048 0.036231618 1.094819188 0.002462148 0.999985039 -0.004871756 -2.220704317 -0.036219947 0.004957751 0.999331474 20.822654724
0.999300897 -0.001971545 0.037333786 1.192051411 0.002217927 0.999975979 -0.006559171 -2.363512278 -0.037319958 0.006637389 0.999281287 22.131334305
0.999247193 -0.001954809 0.038744021 1.272460818 0.002315595 0.999954402 -0.009269375 -2.507629633 -0.038724136 0.009352114 0.999206126 23.421981812
0.999213040 -0.001327112 0.039642829 1.375083804 0.001755874 0.999940276 -0.010782750 -2.647418022 -0.039626159 0.010843873 0.999155700 24.704441071
0.999164045 -0.000746158 0.040872745 1.473228216 0.001210869 0.999934912 -0.011346128 -2.795361519 -0.040861614 0.011386138 0.999099910 25.975212097
0.999148071 -0.002383567 0.041198988 1.572448730 0.002809866 0.999943078 -0.010292530 -2.942227364 -0.041172110 0.010399525 0.999097884 27.264846802
0.999144316 -0.005409047 0.041005384 1.677662611 0.005789603 0.999941170 -0.009167561 -3.087623835 -0.040953387 0.009397122 0.999116778 28.542047501
0.999171376 -0.006849245 0.040118583 1.776249290 0.007242978 0.999926925 -0.009677120 -3.233396769 -0.040049367 0.009959680 0.999148071 29.832981110
0.999193013 -0.008518112 0.039250702 1.883502483 0.009008655 0.999883235 -0.012337836 -3.376930952 -0.039141025 0.012681475 0.999153197 31.101129532
0.999220490 -0.008613812 0.038523991 1.989422083 0.009092852 0.999883235 -0.012276963 -3.530400753 -0.038413748 0.012617688 0.999182284 32.384075165
0.999231994 -0.009252132 0.038076617 2.085693836 0.009741932 0.999871910 -0.012698142 -3.672645569 -0.037954256 0.013059327 0.999194205 33.647937775
0.999250591 -0.009739721 0.037462294 2.183125257 0.010223752 0.999866366 -0.012750641 -3.816697836 -0.037333108 0.013124088 0.999216795 34.913837433
0.999263942 -0.010319259 0.036947560 2.276689529 0.010811699 0.999854982 -0.013153194 -3.962807655 -0.036806468 0.013542979 0.999230623 36.174625397
0.999298871 -0.010940203 0.035804283 2.385572433 0.011422756 0.999846280 -0.013300868 -4.119062424 -0.035653267 0.013700527 0.999270320 37.457397461
0.999297142 -0.010583161 0.035963107 2.480447531 0.010999615 0.999874413 -0.011401949 -4.265095711 -0.035837915 0.011789516 0.999288201 38.713455200
0.999259889 -0.010566076 0.036986083 2.576638222 0.010958840 0.999885499 -0.010432619 -4.404177189 -0.036871608 0.010830224 0.999261260 39.982112885
0.999171197 -0.012452523 0.038754318 2.681010246 0.012791787 0.999881864 -0.008518618 -4.549812794 -0.038643666 0.009007292 0.999212444 41.232280731
0.999065876 -0.013396289 0.041083600 2.780985832 0.013817344 0.999854624 -0.009981925 -4.691331863 -0.040943909 0.010540267 0.999105871 42.494243622
0.998940706 -0.014652002 0.043619886 2.876695156 0.015239037 0.999797285 -0.013156027 -4.839696884 -0.043418285 0.013806815 0.998961627 43.742572784
0.998834908 -0.015818641 0.045591846 2.980427742 0.016480774 0.999763548 -0.014183907 -4.987493038 -0.045356698 0.014918771 0.998859465 45.005783081
0.998712599 -0.016019145 0.048130970 3.109239101 0.016669443 0.999774694 -0.013140101 -5.118947983 -0.047909636 0.013925502 0.998754561 46.244277954
0.998503983 -0.017277718 0.051877812 3.211597681 0.017802401 0.999794781 -0.009668693 -5.276075840 -0.051700119 0.010577777 0.998606622 47.518127441
0.998235822 -0.020390330 0.055761833 3.329962492 0.020844117 0.999754131 -0.007568360 -5.416213989 -0.055593796 0.008717315 0.998415351 48.750667572
0.997977972 -0.022251220 0.059538126 3.454606295 0.022771593 0.999708056 -0.008075945 -5.554742813 -0.059341043 0.009415394 0.998193383 49.995227814
0.997708380 -0.025448762 0.062692314 3.601898670 0.026253438 0.999582708 -0.012045017 -5.688501358 -0.062359627 0.013663303 0.997960150 51.228939056
0.997402370 -0.026902366 0.066819303 3.727210045 0.027753266 0.999544799 -0.011838707 -5.828464508 -0.066470377 0.013662408 0.997694969 52.459564209
0.997044742 -0.029473145 0.070945524 3.858101845 0.030208450 0.999500275 -0.009313525 -5.968953609 -0.070635550 0.011429154 0.997436643 53.678565979
0.996771693 -0.032036468 0.073619112 4.017160892 0.032567535 0.999451399 -0.006024369 -6.103188992 -0.073385715 0.008402513 0.997268260 54.896953583
0.996525705 -0.034664053 0.075729318 4.168027878 0.035101660 0.999373853 -0.004454701 -6.231183052 -0.075527467 0.007097448 0.997118533 56.110595703
0.996318758 -0.037737273 0.076974697 4.321527481 0.037958574 0.999278307 -0.001413218 -6.355017185 -0.076865822 0.004329864 0.997032046 57.326839447
0.996171415 -0.040730003 0.077353217 4.479660511 0.040837895 0.999165773 0.000187210 -6.481962681 -0.077296317 0.002972450 0.997003734 58.530754089
0.996093810 -0.042933326 0.077161334 4.619322777 0.043287601 0.999058366 -0.002923868 -6.610407352 -0.076963142 0.006252575 0.997014344 59.738124847
0.996107757 -0.043933108 0.076415077 4.766687393 0.044613197 0.998978198 -0.007214844 -6.737792969 -0.076020040 0.010595882 0.997049987 60.926116943
0.996104598 -0.045452658 0.075562336 4.899939060 0.046436518 0.998857141 -0.011314052 -6.866180420 -0.074961729 0.014778831 0.997076869 62.134819031
0.996155739 -0.046789356 0.074057318 5.045627117 0.047933817 0.998755872 -0.013751359 -6.998099804 -0.073321767 0.017248344 0.997159183 63.322612762
0.996276259 -0.047389448 0.072026409 5.179354191 0.048499241 0.998728693 -0.013737248 -7.134977818 -0.071283862 0.017179320 0.997308135 64.509757996
0.996510148 -0.046842732 0.069087684 5.316625118 0.047863744 0.998766780 -0.013197015 -7.270274162 -0.068384297 0.016457759 0.997523248 65.687011719
0.996755242 -0.045753386 0.066223554 5.434406757 0.046598636 0.998850048 -0.011274846 -7.410981178 -0.065631546 0.014324189 0.997741044 66.891502380
0.997158527 -0.042001180 0.062535606 5.557821274 0.042574447 0.999062359 -0.007862252 -7.539341450 -0.062146749 0.010502331 0.998011768 68.065727234
0.997416854 -0.040184680 0.059538692 5.675567627 0.040570382 0.999162734 -0.005283101 -7.667590141 -0.059276536 0.007684962 0.998212039 69.252616882
0.997643113 -0.039332386 0.056225330 5.789873123 0.039852809 0.999172211 -0.008164374 -7.804461002 -0.055857662 0.010385868 0.998384714 70.417472839
0.997817457 -0.039569963 0.052863751 5.903113365 0.040415592 0.999070108 -0.015024033 -7.934700012 -0.052220084 0.017127763 0.998488724 71.590538025
0.997881293 -0.043105863 0.048732594 6.017760754 0.044038657 0.998863578 -0.018231871 -8.078084946 -0.047891315 0.020339362 0.998645425 72.782066345
0.997891307 -0.046420749 0.045365706 6.117730141 0.047059748 0.998805940 -0.013120070 -8.215249062 -0.044702496 0.015227305 0.998884201 73.948104858
0.997904956 -0.050686307 0.040207438 6.233220577 0.051073384 0.998657465 -0.008658280 -8.339611053 -0.039714597 0.010693673 0.999153852 75.125991821
0.997955739 -0.052613568 0.036277909 6.326116562 0.052868046 0.998582959 -0.006090840 -8.458974838 -0.035906039 0.007996334 0.999323249 76.298545837
0.998179734 -0.051286023 0.031732209 6.420294762 0.051427558 0.998669982 -0.003659496 -8.587950706 -0.031502325 0.005284745 0.999489725 77.461746216
0.998301506 -0.051090617 0.027992215 6.510741711 0.051206466 0.998682141 -0.003437182 -8.708004951 -0.027779713 0.004864728 0.999602318 78.619239807
0.998501182 -0.048744991 0.024886047 6.589210987 0.048883215 0.998792112 -0.004976038 -8.839931488 -0.024613436 0.006185091 0.999677896 79.781890869
0.998617589 -0.047801126 0.021862805 6.655139923 0.048030622 0.998794973 -0.010095293 -8.969331741 -0.021353891 0.011131422 0.999710023 80.935562134
0.998525977 -0.051057819 0.018408420 6.733267784 0.051339645 0.998565912 -0.015177047 -9.099784851 -0.017607117 0.016099757 0.999715388 82.081970215
0.998370707 -0.055158090 0.014618468 6.809374809 0.055392157 0.998334587 -0.016121622 -9.230864525 -0.013704882 0.016905101 0.999763191 83.237541199
0.998419046 -0.055050872 0.011346470 6.864500999 0.055192482 0.998396575 -0.012570446 -9.365128517 -0.010636263 0.013176815 0.999856532 84.393493652
0.998409271 -0.055653561 0.009043292 6.923416138 0.055743761 0.998394549 -0.010048870 -9.492416382 -0.008469516 0.010536993 0.999908566 85.524841309
0.998567820 -0.052813593 0.008546697 6.973505974 0.052911270 0.998531401 -0.011637462 -9.622862816 -0.007919527 0.012073013 0.999895751 86.669822693
0.998744011 -0.049521938 0.007617963 7.029605389 0.049629800 0.998659670 -0.014689235 -9.755490303 -0.006880313 0.015048863 0.999863088 87.809341431
0.998815119 -0.048215434 0.006596625 7.082691193 0.048323166 0.998682201 -0.017284397 -9.886486053 -0.005754558 0.017582688 0.999828875 88.926063538
0.998738050 -0.049915165 0.005560112 7.138705254 0.050006002 0.998593569 -0.017612228 -10.021631241 -0.004673176 0.017868040 0.999829471 90.058555603
0.998745561 -0.049853347 0.004708132 7.187106609 0.049921028 0.998632073 -0.015558542 -10.151034355 -0.003926047 0.015774060 0.999867857 91.174324036
0.998653650 -0.051756829 0.003476099 7.247512341 0.051796831 0.998577833 -0.012618933 -10.278321266 -0.002818040 0.012781993 0.999914289 92.284011841
0.998681486 -0.051230744 0.003276158 7.301406384 0.051267952 0.998606563 -0.012514916 -10.400108337 -0.002630444 0.012666381 0.999916255 93.423133850
0.998662472 -0.051600009 0.003252176 7.345849991 0.051641729 0.998561621 -0.014414668 -10.537467003 -0.002503701 0.014563337 0.999890804 94.563087463
0.998659432 -0.051683884 0.002860371 7.402847767 0.051727045 0.998499870 -0.017947786 -10.665985107 -0.001928469 0.018071681 0.999834776 95.662033081
0.998607874 -0.052697316 0.002287234 7.460347176 0.052731097 0.998431623 -0.018806254 -10.801144600 -0.001292608 0.018900681 0.999820471 96.768142700
0.998606205 -0.052692309 0.003023170 7.502737045 0.052737661 0.998452067 -0.017665712 -10.933619499 -0.002087644 0.017800523 0.999839365 97.839889526
0.998621166 -0.052383803 0.003413427 7.556832790 0.052420832 0.998554707 -0.011853749 -11.056093216 -0.002787549 0.012016337 0.999923944 98.929901123
0.998711705 -0.050533365 0.004610659 7.610992432 0.050573245 0.998679936 -0.008987095 -11.175091743 -0.004150425 0.009208692 0.999948919 100.010871887
0.998777270 -0.048983861 0.006671059 7.666282177 0.049044468 0.998753905 -0.009246682 -11.287409782 -0.006209807 0.009562553 0.999934971 101.063301086
0.998852909 -0.047159892 0.008284981 7.721948624 0.047246262 0.998827457 -0.010558262 -11.416722298 -0.007777341 0.010937586 0.999909878 102.106903076
0.998818815 -0.047380798 0.010773023 7.778850555 0.047521170 0.998783410 -0.013171066 -11.532591820 -0.010135861 0.013667455 0.999855220 103.123451233
0.998723984 -0.048990510 0.012261165 7.843311787 0.049160030 0.998693705 -0.013928548 -11.648762703 -0.011562782 0.014513532 0.999827802 104.136367798
0.998613954 -0.050698645 0.014133962 7.911315441 0.050880004 0.998622894 -0.012781564 -11.780636787 -0.013466491 0.013482984 0.999818444 105.137634277
0.998599946 -0.050498180 0.015745142 7.975367069 0.050679706 0.998650432 -0.011351326 -11.893755913 -0.015150672 0.012133393 0.999811709 106.095237732
0.998521745 -0.051576175 0.017151503 8.037126541 0.051750798 0.998610914 -0.009898045 -12.002901077 -0.016617171 0.010771018 0.999803901 107.056358337
0.998444080 -0.052389108 0.019095788 8.097429276 0.052593112 0.998562396 -0.010342225 -12.108419418 -0.018526517 0.011330441 0.999764204 107.974815369
0.998428643 -0.052020472 0.020833727 8.158254623 0.052202348 0.998602152 -0.008283562 -12.211318970 -0.020373691 0.009358118 0.999748588 108.880035400
0.998429716 -0.051160555 0.022819668 8.216972351 0.051313926 0.998663425 -0.006186607 -12.308523178 -0.022472657 0.007347859 0.999720395 109.750335693
0.998398900 -0.051296353 0.023838844 8.281521797 0.051381908 0.998674631 -0.002989982 -12.409772873 -0.023653880 0.004210080 0.999711275 110.606346130
0.998347044 -0.051472705 0.025567736 8.342103958 0.051559083 0.998666227 -0.002730319 -12.502123833 -0.025393099 0.004044055 0.999669313 111.433128357
0.998364687 -0.050610635 0.026581125 8.396888733 0.050682615 0.998712659 -0.002040649 -12.591915131 -0.026443629 0.003384513 0.999644578 112.242568970
0.998465657 -0.048282098 0.027113808 8.450325012 0.048350766 0.998828590 -0.001882357 -12.670350075 -0.026991162 0.003190442 0.999630630 113.023414612
0.998611271 -0.045532092 0.026500221 8.497375488 0.045517419 0.998962820 0.001156910 -12.747841835 -0.026525414 0.000050918 0.999648213 113.781585693
0.998683393 -0.045784123 0.023137297 8.548757553 0.045745187 0.998950839 0.002209546 -12.829571724 -0.023214186 -0.001148216 0.999729872 114.527229309
0.998812914 -0.045719054 0.016807280 8.584684372 0.045685548 0.998953044 0.002372305 -12.903602600 -0.016898142 -0.001601639 0.999855995 115.226661682
0.999015510 -0.043872505 0.006578267 8.608783722 0.043867778 0.999036908 0.000861624 -12.975727081 -0.006609736 -0.000572202 0.999978006 115.900123596
0.999116063 -0.041385505 -0.007381417 8.613091469 0.041373700 0.999142170 -0.001745507 -13.045288086 0.007447323 0.001438568 0.999971211 116.536956787
0.998854518 -0.039924186 -0.026376791 8.617942810 0.039827049 0.999197781 -0.004197916 -13.114305496 0.026523225 0.003142598 0.999643266 117.152259827
0.998071730 -0.038370114 -0.048792813 8.585579872 0.038102604 0.999253333 -0.006401061 -13.184967995 0.049001995 0.004529584 0.998788416 117.740219116
0.996399522 -0.036747735 -0.076403804 8.543648720 0.036197923 0.999307930 -0.008568976 -13.248187065 0.076665819 0.005772463 0.997040212 118.309989929
0.993502915 -0.034575343 -0.108428031 8.473892212 0.033642218 0.999379575 -0.010424057 -13.317707062 0.108721174 0.006708572 0.994049668 118.850715637
0.989158034 -0.030027768 -0.143752635 8.362596512 0.028642915 0.999521375 -0.011693832 -13.386776924 0.144034952 0.007449552 0.989544570 119.400177002
0.982961059 -0.023920652 -0.182250589 8.257158279 0.022221455 0.999688625 -0.011360018 -13.440247536 0.182465553 0.007116582 0.983186483 119.904174805
0.974452674 -0.018651828 -0.223816812 8.117164612 0.016975529 0.999811590 -0.009411534 -13.497535706 0.223950207 0.005371685 0.974585831 120.406440735
0.963190198 -0.013874335 -0.268462628 7.944911957 0.012183063 0.999894023 -0.007964828 -13.554503441 0.268544734 0.004400948 0.963257134 120.903778076
0.948970616 -0.007859697 -0.315266579 7.751739502 0.005459827 0.999948978 -0.008494658 -13.612078667 0.315317214 0.006339881 0.948965192 121.373306274
0.931523442 -0.000013054 -0.363681406 7.526298523 -0.003667904 0.999948740 -0.009430766 -13.668266296 0.363662869 0.010118929 0.931475580 121.853965759
0.910543144 0.004522576 -0.413389325 7.269985199 -0.009700425 0.999898493 -0.010427308 -13.719252586 0.413300216 0.013504565 0.910494685 122.283172607
0.885427475 0.008759019 -0.464695245 7.004753113 -0.014712932 0.999849498 -0.009187813 -13.772507668 0.464544803 0.014972168 0.885423005 122.698234558
0.856402397 0.011945969 -0.516170740 6.722919464 -0.019622073 0.999763012 -0.009417914 -13.812026024 0.515935898 0.018193863 0.856433928 123.096679688
0.824888408 0.021537777 -0.564885139 6.395149231 -0.030189589 0.999526262 -0.005975494 -13.865224838 0.564488828 0.021982767 0.825147867 123.468399048
0.790709972 0.034453873 -0.611220539 6.050842285 -0.043137327 0.999069035 0.000511569 -13.905855179 0.610669196 0.025961921 0.791460037 123.831085205
0.754806221 0.043293152 -0.654517472 5.694637299 -0.054417770 0.998512864 0.003290811 -13.948424339 0.653686643 0.033133455 0.756039679 124.145828247
0.714947879 0.047000598 -0.697596192 5.325401306 -0.061718561 0.998085678 0.003992376 -13.992696762 0.696448386 0.040200301 0.716480017 124.445663452
0.672598720 0.048708264 -0.738402605 4.948062897 -0.064323612 0.997902930 0.007234734 -14.041048050 0.737206578 0.042630643 0.674321234 124.726135254
0.629037261 0.052492943 -0.775600791 4.533359528 -0.067942329 0.997612000 0.012415331 -14.078247070 0.774400413 0.044886414 0.631101608 124.995681763
0.584038436 0.061148897 -0.809419572 4.109714508 -0.079167694 0.996695697 0.018173348 -14.110867500 0.807856202 0.053465944 0.586949587 125.225463867
0.538313389 0.069955975 -0.839836180 3.666683197 -0.090839565 0.995559216 0.024701428 -14.135616302 0.837834597 0.062993251 0.542277575 125.437561035
0.491323054 0.074805602 -0.867758989 3.214035034 -0.096481785 0.994847775 0.031133592 -14.159693718 0.865617096 0.068426289 0.496009052 125.639556885
0.444301903 0.075967707 -0.892650366 2.742637634 -0.096108511 0.994689822 0.036815207 -14.182830811 0.890706956 0.069434240 0.449243695 125.820671082
0.397424936 0.077697247 -0.914339364 2.269287109 -0.093949109 0.994618177 0.043683320 -14.204780579 0.912812710 0.068540521 0.402585685 125.987670898
0.351560503 0.080506064 -0.932697117 1.777309418 -0.095478311 0.994183838 0.049824774 -14.228118896 0.931283653 0.071535923 0.357202351 126.135025024
0.307536483 0.083564699 -0.947859824 1.273895264 -0.100949228 0.993379891 0.054824479 -14.247280121 0.946166217 0.078825176 0.313936353 126.253196716
0.266404837 0.085303061 -0.960079074 0.750602722 -0.106050923 0.992622554 0.058767304 -14.265064240 0.958009183 0.086161375 0.273485899 126.354461670
0.227388605 0.081896499 -0.970354199 0.224102020 -0.106500357 0.992571592 0.058814794 -14.282413483 0.967962861 0.089969270 0.234421492 126.449363708
0.192949027 0.076913297 -0.978189707 -0.312265396 -0.101452149 0.993143737 0.058077555 -14.302131653 0.975949883 0.088033423 0.199429125 126.537132263
0.162497282 0.071938992 -0.984083116 -0.868232727 -0.099050775 0.993490040 0.056270856 -14.321405411 0.981724739 0.088330328 0.168565065 126.615425110
0.135179341 0.070171930 -0.988333166 -1.426845551 -0.099272735 0.993428886 0.056955695 -14.346112251 0.985835552 0.090415291 0.141257212 126.697181702
0.113050029 0.069471873 -0.991157591 -2.009122849 -0.100365691 0.993248582 0.058170874 -14.362693787 0.988507152 0.092901990 0.119259395 126.761955261
0.094835863 0.070642240 -0.992983401 -2.614586830 -0.102823973 0.992838919 0.060811669 -14.376002312 0.990168393 0.096335359 0.101420462 126.809921265
0.078529641 0.069060184 -0.994516850 -3.217626572 -0.103414662 0.992779851 0.060773686 -14.402345657 0.991533458 0.098075077 0.085104465 126.864173889
0.064582698 0.068326019 -0.995570540 -3.838796616 -0.102995947 0.992781579 0.061453264 -14.431497574 0.992582917 0.098570906 0.071153834 126.911437988
0.052197069 0.065499865 -0.996486366 -4.484652519 -0.097578831 0.993406355 0.060186107 -14.454291344 0.993858039 0.094094455 0.058244292 126.965370178
0.040060557 0.062902108 -0.997215390 -5.131771088 -0.095274515 0.993709624 0.058853574 -14.473454475 0.994644642 0.092651494 0.045801532 127.008583069
0.029259982 0.062598236 -0.997609794 -5.790470123 -0.094675019 0.993723869 0.059577569 -14.495726585 0.995078087 0.092705473 0.035002828 127.043739319
0.020368997 0.064031243 -0.997740030 -6.461311340 -0.098260827 0.993243873 0.061736699 -14.519020081 0.994952202 0.096781239 0.026523147 127.053764343
0.011769226 0.063442558 -0.997916102 -7.159421444 -0.101374544 0.992918909 0.061929282 -14.544506073 0.994778693 0.100434415 0.018117348 127.074264526
0.005464859 0.062852673 -0.998007894 -7.846405506 -0.104099259 0.992636025 0.061944347 -14.566446304 0.994551897 0.103553362 0.011967530 127.091613770
-0.000209093 0.064210072 -0.997936368 -8.541699409 -0.104613736 0.992459297 0.063879579 -14.589171410 0.994512916 0.104411215 0.006509738 127.110137939
-0.003572171 0.065969348 -0.997815371 -9.260860443 -0.106286533 0.992144406 0.065974943 -14.603864670 0.994329154 0.106289998 0.003467546 127.131874084
-0.004451175 0.069555156 -0.997568190 -9.979787827 -0.108688205 0.991634548 0.069626413 -14.626155853 0.994066000 0.108733818 0.003145886 127.144752502
-0.005290973 0.073044494 -0.997314692 -10.712126732 -0.111419305 0.991075575 0.073178656 -14.643112183 0.993759453 0.111507289 0.002894816 127.153236389
-0.006834580 0.078774735 -0.996868968 -11.441544533 -0.116261646 0.990069091 0.079034492 -14.657404900 0.993195117 0.116437800 0.002391775 127.170692444
-0.008028680 0.082539089 -0.996555448 -12.179368019 -0.119248621 0.989396930 0.082906894 -14.672950745 0.992832005 0.119503513 0.001899121 127.187301636
-0.009801559 0.083114244 -0.996491790 -12.924232483 -0.118431196 0.989429176 0.083690070 -14.691353798 0.992913902 0.118836008 0.000145371 127.206665039
-0.010670242 0.079733752 -0.996758997 -13.693858147 -0.116748154 0.989898980 0.080434777 -14.709975243 0.993104160 0.117228046 -0.001253694 127.222015381
-0.012403442 0.076651908 -0.996980786 -14.445130348 -0.120552279 0.989670157 0.077589631 -14.719297409 0.992629468 0.121150672 -0.003034755 127.235649109
-0.013607535 0.078347780 -0.996833205 -15.218208313 -0.125349253 0.988927364 0.079437502 -14.730578423 0.992019355 0.126033247 -0.003636028 127.236518860
-0.014903887 0.081151798 -0.996590316 -15.994338989 -0.122792527 0.989008129 0.082370736 -14.744510651 0.992320359 0.123601489 -0.004775230 127.251205444
-0.017236436 0.081260666 -0.996543765 -16.768491745 -0.121587053 0.989124656 0.082758687 -14.761690140 0.992431045 0.122593284 -0.007168734 127.268669128
-0.017969120 0.080759339 -0.996571660 -17.558214188 -0.124805368 0.988755643 0.082376309 -14.774229050 0.992018461 0.125857711 -0.007687869 127.267333984
-0.018873323 0.080207042 -0.996599555 -18.354663849 -0.129210681 0.988222599 0.081979819 -14.786774635 0.991437554 0.130318537 -0.008287441 127.278541565
-0.020148713 0.084281139 -0.996238351 -19.151731491 -0.131065667 0.987618804 0.086202711 -14.792824745 0.991168857 0.132309467 -0.008852885 127.287971497
-0.020888204 0.089265659 -0.995788872 -19.955085754 -0.130210325 0.987279892 0.091234274 -14.808741570 0.991266310 0.131567687 -0.008999193 127.303237915
-0.019730819 0.091837220 -0.995578468 -20.777589798 -0.131193191 0.986924529 0.093638971 -14.818214417 0.991160393 0.132460713 -0.007424411 127.313713074
-0.017898267 0.090701170 -0.995717287 -21.596055984 -0.130632818 0.987128019 0.092266932 -14.826823235 0.991269231 0.131724775 -0.005819336 127.325347900
-0.016757008 0.090716548 -0.995735705 -22.427011490 -0.130537003 0.987153351 0.092131436 -14.831886292 0.991301835 0.131524235 -0.004699870 127.337432861
-0.016772835 0.089705095 -0.995827138 -23.260124207 -0.128978088 0.987452030 0.091123030 -14.838556290 0.991505563 0.129968286 -0.004992376 127.360862732
-0.015789956 0.091772258 -0.995654762 -24.097379684 -0.129917249 0.987149239 0.093048602 -14.846634865 0.991399050 0.130821958 -0.003664244 127.379180908
-0.015079700 0.093990996 -0.995458901 -24.934471130 -0.131592736 0.986725926 0.095159866 -14.849767685 0.991189241 0.132430106 -0.002510998 127.393684387
-0.015408470 0.096174084 -0.995245278 -25.803501129 -0.134258986 0.986150503 0.097373851 -14.849553108 0.990826488 0.135120973 -0.002282837 127.411231995
-0.013704656 0.097286761 -0.995162010 -26.666814804 -0.136435851 0.985765100 0.098246999 -14.847541809 0.990554214 0.137122214 -0.000236170 127.422996521
-0.012094805 0.100490823 -0.994864464 -27.535148621 -0.143154785 0.984514117 0.101185709 -14.849777222 0.989626408 0.143643439 0.002478233 127.440025330
-0.009462021 0.104131289 -0.994518578 -28.419347763 -0.147831574 0.983488679 0.104382902 -14.842494965 0.988967299 0.148008928 0.006088101 127.450965881
-0.007364613 0.105845876 -0.994355321 -29.294645309 -0.150360048 0.982959628 0.105746478 -14.837650299 0.988603950 0.150290117 0.008675875 127.481872559
-0.003436524 0.106766127 -0.994278193 -30.189405441 -0.148997009 0.983130693 0.106084093 -14.839153290 0.988831699 0.148509055 0.012529282 127.504409790
-0.000836891 0.106658891 -0.994295239 -31.079780579 -0.151608795 0.982788742 0.105552152 -14.834217072 0.988440216 0.150832251 0.015347937 127.535095215
0.001681189 0.110503525 -0.993874311 -31.983192444 -0.152047217 0.982348502 0.108964808 -14.827356339 0.988371789 0.150932640 0.018453268 127.565811157
0.003968666 0.112379111 -0.993657410 -32.901679993 -0.151031137 0.982334137 0.110495262 -14.824118614 0.988521039 0.149634734 0.020871298 127.608139038
0.005801131 0.113597214 -0.993509889 -33.794803619 -0.151684448 0.982130110 0.111410379 -14.821563721 0.988411903 0.150053680 0.022928394 127.649559021
0.008205605 0.111937627 -0.993681252 -34.697246552 -0.153096020 0.982140005 0.109373294 -14.817495346 0.988177240 0.151231200 0.025196258 127.682754517
0.008812521 0.113121964 -0.993541956 -35.608535767 -0.157530874 0.981330931 0.110334359 -14.808902740 0.987474740 0.155541196 0.026468202 127.722587585
0.009869150 0.113754258 -0.993459880 -36.502414703 -0.158236504 0.981167734 0.110774830 -14.805580139 0.987351894 0.156108409 0.027683366 127.761253357
0.010127502 0.110219963 -0.993855655 -37.399589539 -0.158607602 0.981501162 0.107233591 -14.804735184 0.987289786 0.156547055 0.027421875 127.797424316
0.010940320 0.106081150 -0.994297266 -38.305130005 -0.159731656 0.981773555 0.102987461 -14.807537079 0.987099826 0.157694042 0.027685437 127.844528198
0.011420026 0.105259225 -0.994379222 -39.203006744 -0.159337461 0.981929243 0.102111399 -14.803224564 0.987158120 0.157275751 0.027985396 127.887191772
0.011343778 0.109290764 -0.993945062 -40.107311249 -0.161840722 0.981103957 0.106031731 -14.799131393 0.986751616 0.159658015 0.028817127 127.926895142
0.011472875 0.115606889 -0.993228793 -41.036781311 -0.162333369 0.980332673 0.112230718 -14.790857315 0.986669421 0.159946546 0.030014090 127.969650269
0.011603858 0.114177197 -0.993392646 -41.930557251 -0.159986734 0.980873168 0.110869452 -14.792388916 0.987051010 0.157643110 0.029648753 128.016204834
0.012500119 0.103993863 -0.994499326 -42.821136475 -0.159395620 0.982066453 0.100690275 -14.799437523 0.987135589 0.157260194 0.028852116 128.060195923
0.012958970 0.093409516 -0.995543420 -43.746719360 -0.161074623 0.982819140 0.090118915 -14.804498672 0.986857176 0.159188896 0.027782222 128.099121094
0.011997257 0.090316057 -0.995840847 -44.649597168 -0.158007294 0.983571410 0.087299712 -14.813917160 0.987365127 0.156302795 0.026070749 128.144577026
0.011863042 0.100466520 -0.994869649 -45.571189880 -0.150548339 0.983777821 0.097551249 -14.818219185 0.988531470 0.148618728 0.026795663 128.194839478
0.011568124 0.113538519 -0.993466258 -46.520797729 -0.145481959 0.983152092 0.110665739 -14.818756104 0.989293218 0.143251240 0.027891031 128.259155273
0.011770912 0.122592285 -0.992387295 -47.443252563 -0.145695657 0.982074916 0.119590215 -14.811126709 0.989259481 0.143178850 0.029421078 128.305084229
0.011537819 0.116866075 -0.993080676 -48.358467102 -0.145603135 0.982757866 0.113959640 -14.809520721 0.989275813 0.143280789 0.028354948 128.348052979
0.011798128 0.103273451 -0.994583011 -49.284042358 -0.145776317 0.984203100 0.100466378 -14.807775497 0.989247203 0.143801361 0.026666574 128.386932373
0.012389989 0.094415776 -0.995455801 -50.200313568 -0.146268964 0.984994590 0.091603026 -14.809301376 0.989167213 0.144469306 0.026014172 128.432144165
0.012947770 0.094393797 -0.995450735 -51.134777069 -0.145107865 0.985172868 0.091531798 -14.817171097 0.989331067 0.143262580 0.026453074 128.476242065
0.012194711 0.096015871 -0.995305061 -52.064514160 -0.148083210 0.984576702 0.093166560 -14.835556030 0.988899767 0.146251813 0.026224963 128.517059326
0.012904576 0.095283657 -0.995366454 -53.025367737 -0.153233498 0.983879626 0.092197441 -14.838876724 0.988105774 0.151333719 0.027297199 128.555114746
0.013367395 0.094778739 -0.995408595 -53.956844330 -0.154827937 0.983687341 0.091583490 -14.842128754 0.987851083 0.152892798 0.027823733 128.599182129
0.014436712 0.102083370 -0.994671106 -54.903491974 -0.164093509 0.981529474 0.098352961 -14.839468002 0.986339152 0.161799163 0.030921275 128.632019043
0.016071089 0.111896805 -0.993589818 -55.848194122 -0.169651136 0.979614794 0.107578881 -14.837829590 0.985373139 0.166834697 0.034726895 128.668334961
0.016980065 0.119740933 -0.992659867 -56.813858032 -0.169716164 0.978741467 0.115158878 -14.834165573 0.985346675 0.166515067 0.036941063 128.726211548
0.017962763 0.120551988 -0.992544472 -57.756599426 -0.171063200 0.978438020 0.115742795 -14.827333450 0.985096276 0.167708769 0.038197469 128.772766113
0.019431850 0.110776745 -0.993655264 -58.694675446 -0.172713161 0.979273915 0.105795875 -14.823516846 0.984780490 0.169561565 0.038161710 128.824356079
0.020483563 0.105942331 -0.994161248 -59.636371613 -0.171278268 0.980041385 0.100908667 -14.823676109 0.985009730 0.168211251 0.038220368 128.879837036
0.022414066 0.104464687 -0.994275928 -60.588695526 -0.169843569 0.980467021 0.099185027 -14.832872391 0.985216200 0.166648269 0.039718911 128.940658569
0.025728660 0.110146053 -0.993582368 -61.580989838 -0.171718940 0.979625046 0.104152106 -14.827501297 0.984809875 0.167937204 0.044118598 129.000808716
0.029452875 0.112270936 -0.993241072 -62.541702271 -0.174497291 0.978991151 0.105485782 -14.828828812 0.984217167 0.170211032 0.048425067 129.055450439
0.033847619 0.107194103 -0.993661761 -63.491775513 -0.173880652 0.979700267 0.099764973 -14.832163811 0.984184861 0.169401750 0.051799491 129.113510132
0.036444344 0.101566002 -0.994160950 -64.447753906 -0.173722848 0.980318844 0.093783453 -14.843091965 0.984120011 0.169290602 0.053371411 129.186264038
0.040240034 0.101485983 -0.994022846 -65.409805298 -0.170999005 0.980851531 0.093218856 -14.844745636 0.984449148 0.166225761 0.056823500 129.258163452
0.042406905 0.105782144 -0.993484676 -66.388824463 -0.168912455 0.980824113 0.097224094 -14.860694885 0.984718323 0.163688973 0.059461653 129.342010498
0.045833234 0.112457864 -0.992598891 -67.347106934 -0.168278605 0.980312407 0.103295580 -14.863634109 0.984673440 0.162298784 0.063855134 129.422164917
0.048368122 0.116484351 -0.992014050 -68.313056946 -0.165984020 0.980304360 0.107016422 -14.870887756 0.984941542 0.159482285 0.066750027 129.507537842
0.050627757 0.118259095 -0.991691232 -69.297164917 -0.165731117 0.980192244 0.108426943 -14.872447014 0.984870553 0.158864737 0.069224134 129.589401245
0.052708901 0.115540199 -0.991903365 -70.239738464 -0.163958892 0.980805755 0.105534874 -14.873212814 0.985058010 0.157068714 0.070641033 129.667297363
0.053288668 0.114046872 -0.992045283 -71.186691284 -0.161980331 0.981286764 0.104109131 -14.877898216 0.985354185 0.155143946 0.070764802 129.756301880
0.053481761 0.110603541 -0.992424607 -72.130104065 -0.158892930 0.982127190 0.100893155 -14.889405251 0.985846162 0.152293280 0.070100009 129.849899292
0.053520363 0.110121928 -0.992476046 -73.123100281 -0.157325462 0.982417464 0.100521892 -14.881731033 0.986095488 0.150761753 0.069904320 129.929901123
0.053148191 0.114729196 -0.991973996 -74.076248169 -0.154064313 0.982426226 0.105370417 -14.884347916 0.986630380 0.147227541 0.069889858 130.017562866
0.052440964 0.116479814 -0.991807580 -75.040908813 -0.148181230 0.983087063 0.107620694 -14.891287804 0.987568915 0.141323552 0.068814151 130.118438721
0.052036334 0.112195946 -0.992322743 -76.000350952 -0.145353585 0.983938038 0.103625759 -14.883889198 0.988010466 0.138845339 0.067508616 130.196762085
0.050728787 0.107997857 -0.992856026 -76.951560974 -0.147238627 0.984081507 0.099520415 -14.880723953 0.987799227 0.141138241 0.065822721 130.272567749
0.049568724 0.105394237 -0.993194401 -77.900466919 -0.143746600 0.984816492 0.097331032 -14.886827469 0.988372266 0.137943730 0.063966163 130.355514526
0.048141319 0.106059097 -0.993193805 -78.864707947 -0.143860579 0.984715462 0.098180629 -14.890661240 0.988426268 0.138154924 0.062663227 130.427993774
0.047183268 0.107438184 -0.993091643 -79.820861816 -0.145177126 0.984379888 0.099598147 -14.896784782 0.988279998 0.139474809 0.062043834 130.507904053
0.045959298 0.107770912 -0.993112922 -80.775505066 -0.146799922 0.984098434 0.099999093 -14.901444435 0.988097847 0.141193032 0.061049234 130.580429077
0.044621464 0.108820237 -0.993059397 -81.723785400 -0.146535382 0.984010637 0.101244345 -14.906309128 0.988198519 0.141000658 0.059854008 130.649505615
0.042327330 0.108965687 -0.993143916 -82.689208984 -0.146606311 0.983952165 0.101708896 -14.909780502 0.988288939 0.141296118 0.057623126 130.724716187
0.040654533 0.111084357 -0.992979109 -83.647399902 -0.147095159 0.983637750 0.104017019 -14.902923584 0.988286495 0.141833663 0.056329314 130.800537109
0.039084710 0.114814684 -0.992617726 -84.601226807 -0.148427963 0.983023465 0.107860506 -14.897353172 0.988150537 0.143116534 0.055462889 130.861114502
0.037324712 0.120205358 -0.992047131 -85.550865173 -0.149754584 0.982201099 0.113377988 -14.891600609 0.988018453 0.144331783 0.054661669 130.924057007
0.034730151 0.119471684 -0.992229998 -86.498466492 -0.149211824 0.982320845 0.113055803 -14.886773109 0.988195121 0.144125998 0.051942736 130.991409302
0.033794716 0.114503108 -0.992847919 -87.443443298 -0.149371922 0.982836306 0.108264118 -14.884973526 0.988203287 0.144644842 0.050318208 131.052215576
0.031150779 0.109588169 -0.993488848 -88.388595581 -0.153567389 0.982694149 0.103582375 -14.876667023 0.987647057 0.149340808 0.047440872 131.115219116
0.029914586 0.107523523 -0.993752360 -89.331726074 -0.151478693 0.983202159 0.101822101 -14.876299858 0.988007724 0.147486314 0.045699615 131.180633545
0.029555624 0.108703941 -0.993634701 -90.300704956 -0.146436438 0.983814597 0.103273839 -14.880203247 0.988778591 0.142452002 0.044995468 131.234588623
0.029087989 0.109962650 -0.993509948 -91.250541687 -0.143466830 0.984099030 0.104720607 -14.879937172 0.989227593 0.139489606 0.044401456 131.295288086
0.027729804 0.109912105 -0.993554533 -92.201583862 -0.138172328 0.984817088 0.105089203 -14.884225845 0.990019917 0.134367645 0.042495590 131.365097046
0.026575057 0.107032262 -0.993900299 -93.143920898 -0.134169906 0.985637367 0.102554962 -14.888853073 0.990601838 0.130626097 0.040553872 131.428939819
0.025980610 0.103934199 -0.994244754 -94.089248657 -0.129060671 0.986605644 0.099763140 -14.894410133 0.991296172 0.125725985 0.039046429 131.490707397
0.024321400 0.106405288 -0.994025350 -95.073265076 -0.127483502 0.986531794 0.102483943 -14.899232864 0.991542459 0.124229290 0.037558753 131.543060303
0.022778902 0.108815774 -0.993800938 -96.020347595 -0.126797527 0.986345708 0.105093151 -14.900308609 0.991667032 0.123617604 0.036265448 131.603973389
0.021431871 0.106428072 -0.994089425 -96.981262207 -0.122657686 0.987086117 0.103033893 -14.897353172 0.992217660 0.119724482 0.034209322 131.654861450
0.019262683 0.103404209 -0.994452834 -97.932418823 -0.119740710 0.987717092 0.100384429 -14.898546219 0.992618322 0.117142826 0.031407770 131.707138062
0.015586480 0.100938238 -0.994770586 -98.897972107 -0.118577741 0.988057137 0.098399088 -14.899972916 0.992822409 0.116423972 0.027369354 131.762176514
0.012960944 0.100072876 -0.994895697 -99.853027344 -0.113011710 0.988750577 0.097982518 -14.911481857 0.993509114 0.111164913 0.024124548 131.811462402
0.010773210 0.100316465 -0.994897187 -100.810852051 -0.106322132 0.989429653 0.098613828 -14.909912109 0.994273484 0.104717210 0.021325188 131.853927612
0.007947419 0.108045213 -0.994114220 -101.774909973 -0.096936285 0.989546657 0.106773831 -14.914720535 0.995258868 0.095517173 0.018337846 131.921218872
0.005261236 0.116379872 -0.993190825 -102.732940674 -0.088908054 0.989325702 0.115455970 -14.913851738 0.996025980 0.087695219 0.015552181 131.976623535
0.002275842 0.115859039 -0.993263006 -103.687011719 -0.084570184 0.989729524 0.115253106 -14.909171104 0.996414900 0.083738148 0.012050689 132.023742676
-0.000186460 0.105364881 -0.994433582 -104.641044617 -0.085589670 0.990782857 0.104994111 -14.907397270 0.996330440 0.085132822 0.008833406 132.055953979
-0.002365331 0.096021250 -0.995376408 -105.587844849 -0.087380849 0.991552055 0.095859960 -14.907958984 0.996172130 0.087203585 0.006045070 132.094116211
-0.002518527 0.097360954 -0.995245814 -106.549797058 -0.094602853 0.990762413 0.097161710 -14.909995079 0.995511949 0.094397813 0.006715361 132.110534668
-0.003468069 0.106970623 -0.994256139 -107.509056091 -0.097993337 0.989440322 0.106794320 -14.903985023 0.995181024 0.097800843 0.007050962 132.149383545
-0.004953572 0.118115939 -0.992987454 -108.472373962 -0.101913624 0.987769544 0.118003674 -14.892677307 0.994780898 0.101783499 0.007144635 132.178314209
-0.006380186 0.119608112 -0.992800713 -109.418624878 -0.108774781 0.986846566 0.119589813 -14.882034302 0.994045913 0.108754694 0.006714080 132.209686279
-0.005764952 0.116890483 -0.993128061 -110.403633118 -0.116301849 0.986326516 0.116765030 -14.867850304 0.993197203 0.116175793 0.007908453 132.224716187
-0.005827034 0.113111943 -0.993565142 -111.359466553 -0.124466754 0.985773385 0.112954870 -14.858348846 0.992206752 0.124324024 0.008334540 132.247558594
-0.003485745 0.115145251 -0.993342578 -112.325103760 -0.129163384 0.984975636 0.114628658 -14.841856956 0.991617262 0.128703073 0.011439181 132.270477295
-0.002313820 0.116103746 -0.993234396 -113.303649902 -0.137201339 0.983807266 0.115321375 -14.824974060 0.990540504 0.136539891 0.013653234 132.298461914
-0.001813631 0.118960299 -0.992897451 -114.267448425 -0.146468118 0.982159317 0.117941305 -14.811375618 0.989213765 0.145641699 0.015642617 132.319747925
-0.001553702 0.121246964 -0.992621124 -115.242301941 -0.152209505 0.981027782 0.120069109 -14.793476105 0.988347054 0.151272908 0.016930718 132.346710205
-0.001138515 0.120554842 -0.992706120 -116.213775635 -0.155699626 0.980578661 0.119260676 -14.784336090 0.987803817 0.154699758 0.017653942 132.384292603
0.000261424 0.111008845 -0.993819416 -117.168281555 -0.154589638 0.981876969 0.109634213 -14.788538933 0.987978756 0.153605536 0.017417505 132.418884277
0.001639175 0.099608235 -0.995025396 -118.118736267 -0.157754928 0.982593000 0.098103784 -14.783156395 0.987476945 0.156809375 0.017324340 132.456817627
