1.000000000 0.000000000 0.000000000 0.000000000 0.000000000 1.000000000 0.000000000 0.000000000 0.000000000 0.000000000 1.000000000 0.000000000
0.999997854 -0.001563943 -0.001344404 0.049007580 0.001561105 0.999996543 -0.002109651 -0.133040592 0.001347698 0.002107547 0.999996901 1.298015714
0.999997675 0.000011186 -0.002139811 0.105333164 -0.000024866 0.999979556 -0.006393203 -0.267515242 0.002139695 0.006393242 0.999977291 2.604230404
0.999996126 0.002471981 -0.001284797 0.148310974 -0.002482001 0.999966025 -0.007855827 -0.406638384 0.001265333 0.007858984 0.999968290 3.907245159
0.999983132 0.005792537 0.000299447 0.192589879 -0.005790452 0.999961853 -0.006547918 -0.545540154 -0.000337365 0.006546074 0.999978542 5.217604160
0.999973953 0.006744944 0.002547854 0.241295815 -0.006736437 0.999971747 -0.003332643 -0.688828468 -0.002570261 0.003315393 0.999991179 6.537583351
0.999959052 0.006925023 0.005832085 0.298168838 -0.006913686 0.999974191 -0.001961849 -0.826738596 -0.005845521 0.001921448 0.999981046 7.840822220
0.999942780 0.005437379 0.009212973 0.353478104 -0.005419684 0.999983370 -0.001944598 -0.960651696 -0.009223393 0.001894555 0.999955654 9.146798134
0.999912500 0.004148050 0.012562701 0.432043403 -0.004124925 0.999989748 -0.001866095 -1.097818136 -0.012570312 0.001814112 0.999919355 10.446434975
0.999869466 0.002837264 0.015906055 0.496383548 -0.002797158 0.999992847 -0.002543115 -1.235764265 -0.015913157 0.002498291 0.999870241 11.754360199
0.999810457 0.001840623 0.019378006 0.572265387 -0.001774812 0.999992609 -0.003412827 -1.371982336 -0.019384144 0.003377788 0.999806345 13.047551155
0.999744117 0.001645741 0.022559416 0.643092513 -0.001570411 0.999993265 -0.003356482 -1.520347357 -0.022564789 0.003320195 0.999739826 14.368533134
0.999665320 0.001520809 0.025825655 0.730590463 -0.001405929 0.999989092 -0.004465866 -1.658242345 -0.025832165 0.004428063 0.999656498 15.663605690
0.999567151 0.002540636 0.029308395 0.805016279 -0.002417313 0.999988079 -0.004242425 -1.797270298 -0.029318823 0.004169741 0.999561429 16.964698792
0.999472678 0.002086184 0.032404780 0.896942198 -0.001964038 0.999990880 -0.003800738 -1.936759710 -0.032412414 0.003735090 0.999467611 18.251136780
0.999398887 0.000636694 0.034661662 0.994405925 -0.000514127 0.999993563 -0.003544908 -2.078513622 -0.034663696 0.003524957 0.999392807 19.548051834
0.999340832 -0.001904670 0.036252823 1.091747284 0.002087198 0.999985278 -0.004997678 -2.217126131 -0.036242772 0.005070050 0.999330163 20.824720383
0.999299347 -0.001513486 0.037396960 1.193974495 0.001760720 0.999976754 -0.006579027 -2.359941483 -0.037386138 0.006640262 0.999278784 22.127767563
0.999254286 -0.001462820 0.038583878 1.276971221 0.001813994 0.999957204 -0.009068142 -2.505128384 -0.038568962 0.009131370 0.999214232 23.415515900
0.999215484 -0.000947752 0.039591748 1.381585360 0.001374273 0.999941230 -0.010747150 -2.645465136 -0.039579231 0.010793127 0.999158144 24.699937820
0.999177873 -0.000236077 0.040540725 1.482121348 0.000698178 0.999934912 -0.011384673 -2.793929577 -0.040535402 0.011403617 0.999113023 25.970745087
0.999148846 -0.001854640 0.041208316 1.579828858 0.002285522 0.999943197 -0.010411532 -2.938031435 -0.041186668 0.010496852 0.999096334 27.263097763
0.999149680 -0.004858315 0.040942781 1.686901331 0.005238562 0.999944091 -0.009185121 -3.083744764 -0.040895876 0.009391792 0.999119282 28.539897919
0.999171019 -0.006276603 0.040222157 1.780082464 0.006672600 0.999930441 -0.009718573 -3.232779264 -0.040158361 0.009978902 0.999143481 29.835508347
0.999174416 -0.007834920 0.039863423 1.876891613 0.008333650 0.999888897 -0.012360206 -3.378446102 -0.039762150 0.012682212 0.999128699 31.096452713
0.999216378 -0.007923596 0.038779132 1.991333246 0.008407132 0.999888718 -0.012321790 -3.526318312 -0.038677186 0.012638155 0.999171853 32.385387421
0.999239624 -0.008486888 0.038055625 2.093619108 0.008981193 0.999877334 -0.012836912 -3.669010162 -0.037942011 0.013168935 0.999193251 33.661048889
0.999248922 -0.009033760 0.037683334 2.186671734 0.009524556 0.999871790 -0.012865078 -3.813811779 -0.037562277 0.013214333 0.999206901 34.919185638
0.999251723 -0.009490314 0.037496090 2.273792267 0.010001460 0.999859214 -0.013468041 -3.957666397 -0.037362989 0.013832978 0.999206007 36.175731659
0.999301791 -0.010228844 0.035932720 2.391904831 0.010717717 0.999852240 -0.013439080 -4.118357182 -0.035789933 0.013814813 0.999263823 37.466667175
0.999292374 -0.009852177 0.036296900 2.478339195 0.010284902 0.999877989 -0.011754458 -4.262391090 -0.036176663 0.012119452 0.999271870 38.731864929
0.999264836 -0.009859634 0.037045896 2.582384586 0.010255593 0.999892116 -0.010513589 -4.404300690 -0.036938243 0.010885792 0.999258280 39.996738434
0.999189138 -0.011505031 0.038584352 2.695803404 0.011856315 0.999890208 -0.008887891 -4.547478676 -0.038477860 0.009338151 0.999215841 41.243453979
0.999072313 -0.012723741 0.041139498 2.786942005 0.013151714 0.999862015 -0.010149126 -4.691933632 -0.041004684 0.010680767 0.999101877 42.509468079
0.998947859 -0.014077013 0.043644752 2.882368565 0.014670652 0.999803722 -0.013311220 -4.841063499 -0.043448806 0.013937512 0.998958409 43.759323120
0.998847783 -0.015158723 0.045531813 2.991032600 0.015822070 0.999773502 -0.014244044 -4.991464615 -0.045305569 0.014948044 0.998861313 45.030673981
0.998719811 -0.015356027 0.048196021 3.115252495 0.015999524 0.999787569 -0.012994415 -5.125836372 -0.047986239 0.013748895 0.998753369 46.263446808
0.998506844 -0.016485026 0.052079458 3.212881804 0.017015059 0.999807835 -0.009750482 -5.278682709 -0.051908705 0.010622058 0.998595476 47.533233643
0.998233974 -0.019320704 0.056173418 3.327800512 0.019795122 0.999772906 -0.007901436 -5.416194439 -0.056008000 0.008999444 0.998389721 48.755565643
0.997999907 -0.021682234 0.059380569 3.460868120 0.022190606 0.999722421 -0.007915105 -5.560515881 -0.059192471 0.009216964 0.998204052 50.010612488
0.997706175 -0.024951685 0.062928274 3.595637321 0.025736537 0.999600410 -0.011692432 -5.695032597 -0.062611394 0.013285166 0.997949541 51.240722656
0.997424126 -0.026195778 0.066774741 3.729760885 0.027065722 0.999559700 -0.012156740 -5.824352264 -0.066426903 0.013932730 0.997694016 52.484806061
0.997070372 -0.028666280 0.070914455 3.862904310 0.029424453 0.999520123 -0.009669716 -5.963442802 -0.070603244 0.011728003 0.997435510 53.701751709
0.996796310 -0.031274173 0.073614143 4.023544788 0.031832445 0.999472618 -0.006422486 -6.096735001 -0.073374458 0.008745227 0.997266114 54.897068024
0.996529460 -0.033995431 0.075982407 4.161670208 0.034435615 0.999396861 -0.004490169 -6.236512184 -0.075783916 0.007091086 0.997099042 56.152194977
0.996355653 -0.037159842 0.076775268 4.323101044 0.037360430 0.999301195 -0.001177515 -6.359490871 -0.076677859 0.004041580 0.997047722 57.351001740
0.996151268 -0.039690863 0.078148149 4.454761028 0.039810169 0.999207258 0.000031349 -6.489353657 -0.078087457 0.003079862 0.996941686 58.584533691
0.996113658 -0.041423716 0.077727072 4.602699757 0.041792087 0.999121487 -0.003117826 -6.614457607 -0.077529632 0.006354085 0.996969819 59.777122498
0.996127129 -0.042613916 0.076907337 4.752874851 0.043315165 0.999033511 -0.007472388 -6.744188309 -0.076514594 0.010774705 0.997010231 60.985462189
0.996113598 -0.044101372 0.076240905 4.886155605 0.045107897 0.998915613 -0.011529818 -6.872860909 -0.075649761 0.014924077 0.997022748 62.165805817
0.996140778 -0.046010055 0.074744113 5.026573658 0.047170363 0.998791039 -0.013832328 -7.007557869 -0.074017316 0.017304650 0.997106791 63.383773804
0.996303380 -0.045902148 0.072613925 5.168205261 0.047019403 0.998799264 -0.013751429 -7.140542984 -0.071895517 0.017114855 0.997265339 64.559165955
0.996513724 -0.045102216 0.070186578 5.295745850 0.046122495 0.998851359 -0.012983765 -7.286974907 -0.069520377 0.016175678 0.997449398 65.780563354
0.996751666 -0.044355337 0.067221284 5.419620514 0.045207504 0.998914778 -0.011208666 -7.417113781 -0.066651165 0.014211160 0.997675180 66.957099915
0.997151792 -0.040540561 0.063598208 5.539096832 0.041088782 0.999128699 -0.007335372 -7.549331665 -0.063245423 0.009927655 0.997948647 68.152603149
0.997449398 -0.038431212 0.060146846 5.659415722 0.038820695 0.999232054 -0.005319982 -7.674058437 -0.059896205 0.007641356 0.998175383 69.334342957
0.997640312 -0.037371032 0.057594597 5.764117718 0.037902895 0.999247968 -0.008169497 -7.810796261 -0.057245988 0.010333221 0.998306632 70.504898071
0.997829556 -0.037799213 0.053920757 5.885157108 0.038667042 0.999137402 -0.015142784 -7.945896626 -0.053301863 0.017194875 0.998430312 71.697875977
0.997839034 -0.041885138 0.050626937 5.993801117 0.042855058 0.998914957 -0.018226610 -8.080251694 -0.049808584 0.020356841 0.998551250 72.868812561
0.997886479 -0.045771357 0.046125647 6.110248089 0.046431679 0.998832226 -0.013346818 -8.217533112 -0.045460884 0.015460300 0.998846471 74.039535522
0.997899055 -0.049614016 0.041664734 6.219922066 0.050014950 0.998711050 -0.008635523 -8.342443466 -0.041182589 0.010701241 0.999094248 75.195701599
0.997973382 -0.051326688 0.037610482 6.313394547 0.051571250 0.998653829 -0.005560698 -8.472395897 -0.037274431 0.007489049 0.999276936 76.387992859
0.998152733 -0.050649568 0.033549473 6.405627251 0.050782684 0.998704731 -0.003126964 -8.597022057 -0.033347644 0.004824920 0.999432206 77.546264648
0.998281777 -0.050748061 0.029291764 6.504222870 0.050860167 0.998700917 -0.003094217 -8.713278770 -0.029096689 0.004578684 0.999566019 78.702659607
0.998450518 -0.048844811 0.026658019 6.570149422 0.048990823 0.998787463 -0.004851304 -8.844638824 -0.026388729 0.006149785 0.999632776 79.863906860
0.998638630 -0.046527304 0.023579882 6.646931648 0.046775252 0.998854637 -0.010074674 -8.972205162 -0.023084128 0.011163913 0.999671221 81.007369995
0.998583972 -0.049655136 0.019088242 6.740922928 0.049944207 0.998639703 -0.014977721 -9.110129356 -0.018318554 0.015909862 0.999705553 82.170028687
0.998444319 -0.053223655 0.016614126 6.799252987 0.053486619 0.998443484 -0.015806545 -9.242487907 -0.015746985 0.016670588 0.999736965 83.317771912
0.998476565 -0.053649887 0.012887902 6.868832588 0.053806394 0.998477817 -0.012120511 -9.373361588 -0.012218023 0.012795502 0.999843478 84.455024719
0.998486996 -0.054077584 0.009971451 6.939025402 0.054173410 0.998485386 -0.009603722 -9.503916740 -0.009437006 0.010129377 0.999904096 85.590950012
0.998627186 -0.051603854 0.008979313 6.988164902 0.051705182 0.998596728 -0.011444256 -9.630784988 -0.008376147 0.011892824 0.999894202 86.734779358
0.998812258 -0.047960665 0.008596380 7.042520523 0.048083976 0.998734176 -0.014762969 -9.756965637 -0.007877458 0.015158782 0.999854028 87.854484558
0.998908281 -0.046147745 0.007235180 7.107862949 0.046267971 0.998776853 -0.017438430 -9.883646011 -0.006421586 0.017754152 0.999821782 88.949668884
0.998854458 -0.047316797 0.007136050 7.147809982 0.047436811 0.998717248 -0.017708328 -10.028718948 -0.006288994 0.018026553 0.999817729 90.107490540
0.998805583 -0.048526425 0.005715279 7.202900887 0.048607223 0.998705864 -0.014966488 -10.159319878 -0.004981614 0.015226416 0.999871671 91.222839355
0.998755813 -0.049633026 0.004835850 7.256175041 0.049690198 0.998686135 -0.012522104 -10.287749290 -0.004207986 0.012746817 0.999909878 92.338432312
0.998758852 -0.049643945 0.004025271 7.325267792 0.049687926 0.998696387 -0.011682771 -10.413171768 -0.003440045 0.011868278 0.999923646 93.483734131
0.998729646 -0.050227799 0.004043000 7.374112606 0.050279714 0.998637438 -0.013969554 -10.539028168 -0.003335831 0.014155088 0.999894321 94.592697144
0.998715699 -0.050551362 0.003391263 7.438713074 0.050603636 0.998562217 -0.017679885 -10.669233322 -0.002492645 0.017828792 0.999837935 95.704025269
0.998698413 -0.050898131 0.003294735 7.484367371 0.050950941 0.998526931 -0.018654907 -10.805660248 -0.002340381 0.018798497 0.999820530 96.802886963
0.998655796 -0.051749177 0.002952693 7.545578480 0.051791824 0.998515129 -0.016886629 -10.937753677 -0.002074439 0.017016856 0.999853075 97.887931824
0.998707592 -0.050651513 0.004183091 7.587880611 0.050698642 0.998641253 -0.012054862 -11.056063652 -0.003566810 0.012251360 0.999918580 98.971176147
0.998794913 -0.048758391 0.005591789 7.639238358 0.048806097 0.998770118 -0.008738615 -11.175011635 -0.005158829 0.009001000 0.999946177 100.036987305
0.998868287 -0.046965893 0.007520186 7.689138412 0.047030579 0.998855948 -0.008669210 -11.296151161 -0.007104426 0.009013075 0.999934137 101.108161926
0.998938859 -0.044997647 0.009819569 7.741079330 0.045098897 0.998928905 -0.010344948 -11.418146133 -0.009343553 0.010776822 0.999898255 102.145507812
0.998885989 -0.045475293 0.012595013 7.792257309 0.045630582 0.998882234 -0.012329541 -11.543106079 -0.012020243 0.012890524 0.999844611 103.166236877
0.998794377 -0.046973038 0.014260785 7.844878197 0.047170140 0.998791337 -0.013815142 -11.649570465 -0.013594607 0.014471167 0.999802887 104.174751282
0.998676419 -0.048776399 0.016320433 7.907358646 0.048991021 0.998714387 -0.013019897 -11.763946533 -0.015664389 0.013802217 0.999782026 105.157440186
0.998629570 -0.049027823 0.018311381 7.963735580 0.049239568 0.998723209 -0.011297409 -11.885080338 -0.017734114 0.012183571 0.999768555 106.136573792
0.998568952 -0.049914412 0.019198611 8.038043976 0.050111234 0.998694479 -0.009911303 -11.993774414 -0.018678831 0.010859188 0.999766588 107.073783875
0.998493969 -0.050604366 0.021188969 8.097848892 0.050829951 0.998654842 -0.010246529 -12.101393700 -0.020641949 0.011308132 0.999723017 107.990516663
0.998476148 -0.050258469 0.022790756 8.161797523 0.050464988 0.998689115 -0.008579074 -12.199706078 -0.022329703 0.009716135 0.999703467 108.898544312
0.998477221 -0.049244069 0.024862524 8.220777512 0.049419727 0.998756945 -0.006500303 -12.297269821 -0.024511518 0.007719106 0.999669790 109.768890381
0.998435497 -0.049609311 0.025796952 8.286477089 0.049708448 0.998758614 -0.003215959 -12.399973869 -0.025605388 0.004493253 0.999661982 110.628578186
0.998387158 -0.049643245 0.027544575 8.347166061 0.049746793 0.998757124 -0.003086523 -12.491665840 -0.027357114 0.004451798 0.999615788 111.454788208
0.998400271 -0.048783861 0.028583582 8.403596878 0.048869193 0.998802483 -0.002293958 -12.581831932 -0.028437443 0.003687144 0.999588788 112.264251709
0.998497903 -0.046552803 0.028890522 8.459158897 0.046627089 0.998910487 -0.001902633 -12.663113594 -0.028770475 0.003246857 0.999580741 113.043838501
0.998629153 -0.044040691 0.028289754 8.507009506 0.044023644 0.999029696 0.001225306 -12.739741325 -0.028316269 0.000021792 0.999598980 113.795265198
0.998711824 -0.043805573 0.025607403 8.552654266 0.043766551 0.999039590 0.002082416 -12.823867798 -0.025674028 -0.000958985 0.999669909 114.544052124
0.998851538 -0.043913644 0.019160522 8.591545105 0.043880515 0.999034464 0.002146336 -12.897013664 -0.019236272 -0.001303098 0.999814093 115.241477966
0.999061525 -0.042451654 0.008606823 8.622385979 0.042442203 0.999098122 0.001278370 -12.975199699 -0.008653332 -0.000911877 0.999962151 115.908485413
0.999208570 -0.039413758 -0.005366562 8.627239227 0.039404046 0.999221563 -0.001902350 -13.040157318 0.005437363 0.001689380 0.999983788 116.558113098
0.998965025 -0.038284726 -0.024558784 8.631000519 0.038194939 0.999261975 -0.004114752 -13.112666130 0.024698185 0.003172472 0.999689937 117.181549072
0.998235464 -0.036489587 -0.046843864 8.597818375 0.036225315 0.999322712 -0.006478341 -13.180506706 0.047048520 0.004769977 0.998881221 117.767883301
0.996603847 -0.034980882 -0.074545547 8.558762550 0.034455508 0.999371529 -0.008322462 -13.247427940 0.074789830 0.005725692 0.997182965 118.336570740
0.993748128 -0.032648634 -0.106764324 8.489510536 0.031712379 0.999442339 -0.010455821 -13.313275337 0.107046157 0.007004702 0.994229376 118.885131836
0.989491403 -0.028077856 -0.141839340 8.382547379 0.026715823 0.999576986 -0.011498237 -13.381902695 0.142102182 0.007588053 0.989822924 119.426910400
0.983305633 -0.022149427 -0.180609241 8.281785965 0.020489527 0.999728918 -0.011051289 -13.436218262 0.180805057 0.007166196 0.983492851 119.931854248
0.974897861 -0.016723284 -0.222023547 8.140060425 0.015125560 0.999846101 -0.008894706 -13.495024681 0.222138107 0.005313201 0.975000679 120.435012817
0.963706553 -0.012107234 -0.266689509 7.967975616 0.010515164 0.999917328 -0.007397013 -13.551023483 0.266757011 0.004324267 0.963754117 120.928955078
0.949651837 -0.005915612 -0.313251317 7.779239655 0.003664383 0.999963045 -0.007774938 -13.607902527 0.313285738 0.006235613 0.949638486 121.386428833
0.932369232 0.001722846 -0.361503303 7.553352356 -0.005110321 0.999951482 -0.008414720 -13.663199425 0.361471266 0.009693024 0.932332933 121.852783203
0.911380351 0.006579194 -0.411512524 7.298191071 -0.011479000 0.999889612 -0.009436571 -13.716400146 0.411405027 0.013324058 0.911355257 122.297752380
0.886511683 0.010854954 -0.462578773 7.029758453 -0.016435210 0.999832690 -0.008035099 -13.770212173 0.462414145 0.014725789 0.886541724 122.710594177
0.857474804 0.013962260 -0.514336407 6.754623413 -0.021008993 0.999748290 -0.007885766 -13.812561035 0.514096737 0.017567536 0.857552230 123.112808228
0.826093435 0.023838257 -0.563028574 6.425361633 -0.031616211 0.999491870 -0.004070495 -13.867327690 0.562645495 0.021163441 0.826427400 123.481132507
0.792302608 0.036767196 -0.609019637 6.076576233 -0.044526961 0.999005318 0.002383834 -13.906716347 0.608501375 0.025229070 0.793151557 123.836357117
0.756262004 0.045585126 -0.652678967 5.721801758 -0.055818375 0.998428166 0.005056326 -13.946506500 0.651883483 0.032607563 0.757617712 124.156021118
0.716659725 0.049320750 -0.695677042 5.353202820 -0.062869355 0.998003781 0.005988925 -13.990909576 0.694583595 0.039444748 0.718329906 124.453399658
0.674359918 0.051130019 -0.736630499 4.976497650 -0.065514691 0.997808397 0.009282100 -14.038029671 0.735490680 0.042000640 0.676231861 124.737182617
0.630787134 0.054782417 -0.774019718 4.565608978 -0.069026887 0.997511625 0.014346958 -14.073446274 0.772879601 0.044378288 0.632998943 125.009407043
0.585730374 0.063640870 -0.808003545 4.141735077 -0.080206044 0.996570528 0.020350775 -14.106734276 0.806527615 0.052886695 0.588826060 125.241676331
0.540272892 0.072427325 -0.838367224 3.698814392 -0.091527075 0.995436072 0.027013443 -14.130470276 0.836497426 0.062138654 0.544436216 125.451568604
0.493383795 0.077434808 -0.866358101 3.247650146 -0.097185642 0.994700313 0.033559572 -14.156842232 0.864365339 0.067639813 0.498294532 125.654472351
0.446354240 0.078325853 -0.891421854 2.779640198 -0.096832633 0.994540215 0.038900279 -14.174050331 0.889601767 0.068955407 0.451501727 125.836364746
0.399493515 0.080026947 -0.913236320 2.306022644 -0.094388738 0.994478703 0.045856059 -14.195283890 0.911863863 0.067880020 0.404841393 126.005012512
0.353391290 0.082887933 -0.931796134 1.814720154 -0.095788389 0.994037509 0.052096091 -14.218418121 0.930558503 0.070844948 0.359223843 126.156440735
0.309595317 0.085929267 -0.946977735 1.311454773 -0.101414785 0.993211746 0.056969047 -14.235147476 0.945444703 0.078400187 0.316208124 126.272285461
0.268217891 0.087790608 -0.959349751 0.788312912 -0.105844937 0.992495596 0.061231367 -14.253433228 0.957525909 0.085118949 0.275497288 126.379737854
0.229189426 0.084361576 -0.969719231 0.264026642 -0.106274024 0.992450416 0.061221637 -14.269185066 0.967562973 0.089024618 0.236424565 126.476783752
0.194766074 0.079456396 -0.977626145 -0.275190353 -0.101233445 0.993019044 0.060539383 -14.288032532 0.975611627 0.087177441 0.201450005 126.564559937
0.164153129 0.074118547 -0.983646393 -0.830173492 -0.098653771 0.993407249 0.058390472 -14.303877831 0.981489301 0.087455422 0.170382977 126.646408081
0.137103781 0.072672978 -0.987887263 -1.390138626 -0.098948829 0.993321598 0.059340160 -14.328068733 0.985602200 0.089614503 0.143379033 126.727485657
0.114970565 0.072053231 -0.990752280 -1.971466064 -0.100039467 0.993135273 0.060617574 -14.344455719 0.988318801 0.092145100 0.121389478 126.794219971
0.096810289 0.073330276 -0.992597878 -2.578141212 -0.102453291 0.992718756 0.063346721 -14.356725693 0.990015686 0.095562316 0.103618331 126.842567444
0.080344617 0.071707070 -0.994184554 -3.181253433 -0.103254050 0.992641926 0.063251376 -14.381467819 0.991404772 0.097571671 0.087157473 126.898399353
0.066838324 0.070811577 -0.995247960 -3.803456306 -0.102837697 0.992655098 0.063720778 -14.408029556 0.992449999 0.098090023 0.073629506 126.942131042
0.054245651 0.067975871 -0.996211171 -4.450133801 -0.096971817 0.993322849 0.062498491 -14.428885460 0.993807793 0.093214139 0.060475193 127.001640320
0.042139970 0.065389477 -0.996969640 -5.097326279 -0.094657451 0.993628860 0.061169364 -14.446712494 0.994617641 0.091792926 0.048061080 127.046028137
0.031302631 0.065093778 -0.997388065 -5.756362438 -0.094024457 0.993643880 0.061898489 -14.467601776 0.995077729 0.091841303 0.037224062 127.082901001
0.022447538 0.066426866 -0.997538745 -6.427056313 -0.097450048 0.993184149 0.063943975 -14.488557816 0.994987309 0.095774807 0.028767839 127.094581604
0.014051618 0.065802544 -0.997733653 -7.134524345 -0.100606084 0.992861629 0.064064339 -14.511283875 0.994827092 0.099477872 0.020571444 127.115036011
0.007570770 0.065250464 -0.997840226 -7.821360588 -0.103206471 0.992590845 0.064124152 -14.532194138 0.994631112 0.102498099 0.014248949 127.134971619
0.002082239 0.066641465 -0.997774839 -8.516532898 -0.103789970 0.992402613 0.066066071 -14.554059029 0.994597018 0.103421457 0.008983137 127.154319763
-0.001219590 0.068642266 -0.997640610 -9.241246223 -0.105528608 0.992061853 0.068387456 -14.570009232 0.994415522 0.105363019 0.006033816 127.176422119
-0.002104955 0.072368592 -0.997375727 -9.958798409 -0.107865386 0.991542280 0.072172962 -14.592542648 0.994163215 0.107734255 0.005718914 127.192565918
-0.003046474 0.075819246 -0.997116923 -10.691750526 -0.110660374 0.990971804 0.075690083 -14.606634140 0.993853629 0.110571913 0.005371215 127.205154419
-0.004553210 0.081502311 -0.996662736 -11.422426224 -0.115474045 0.989962816 0.081481971 -14.618782997 0.993300080 0.115459688 0.004903893 127.221282959
-0.005747219 0.085039720 -0.996361017 -12.160603523 -0.118327260 0.989319444 0.085121244 -14.630947113 0.992958069 0.118385904 0.004376682 127.239463806
-0.007163047 0.085764848 -0.996289670 -12.906728745 -0.117702775 0.989317000 0.086010858 -14.647569656 0.993023038 0.117882162 0.003008238 127.257453918
-0.008258730 0.082271859 -0.996575654 -13.676938057 -0.116196305 0.989779472 0.082673728 -14.663572311 0.993191957 0.116481200 0.001385364 127.277183533
-0.009900494 0.079019874 -0.996823907 -14.429994583 -0.119944483 0.989581347 0.079637051 -14.669368744 0.992731273 0.120351985 -0.000319345 127.290939331
-0.010732006 0.081045166 -0.996652663 -15.203707695 -0.124777071 0.988811135 0.081751123 -14.680291176 0.992126763 0.125236750 -0.000499349 127.290748596
-0.012465591 0.083828412 -0.996402204 -15.975744247 -0.121917285 0.988917530 0.084723972 -14.692702293 0.992461979 0.122534797 -0.002107310 127.312911987
-0.014538785 0.084074140 -0.996353447 -16.749429703 -0.120866224 0.989004135 0.085217677 -14.708967209 0.992562354 0.121664435 -0.004217194 127.330314636
-0.015247456 0.083406180 -0.996398926 -17.540941238 -0.124048352 0.988658309 0.084656499 -14.718075752 0.992159009 0.124892443 -0.004728124 127.330635071
-0.016543176 0.083021358 -0.996410429 -18.334955215 -0.127488911 0.988237619 0.084457047 -14.731421471 0.991702139 0.128428429 -0.005764286 127.349372864
-0.017729295 0.087326892 -0.996021986 -19.132186890 -0.129447415 0.987593830 0.088892139 -14.736312866 0.991427839 0.130508438 -0.006205100 127.360015869
-0.018249730 0.091997042 -0.995592058 -19.939594269 -0.128602535 0.987270534 0.093585476 -14.748817444 0.991528273 0.129743561 -0.006186367 127.372528076
-0.017277349 0.094486006 -0.995376229 -20.760883331 -0.129827961 0.986884713 0.095933467 -14.753849030 0.991385996 0.130885139 -0.004783832 127.390403748
-0.015459797 0.093399405 -0.995508671 -21.579460144 -0.129229829 0.987090409 0.094616465 -14.760752678 0.991494119 0.130112171 -0.003190228 127.405120850
-0.014340706 0.093386441 -0.995526612 -22.410852432 -0.129142225 0.987117052 0.094457865 -14.764347076 0.991522431 0.129919112 -0.002095822 127.419349670
-0.014191272 0.092158973 -0.995643198 -23.231813431 -0.127164125 0.987491727 0.093216993 -14.766675949 0.991780162 0.127932996 -0.002294445 127.444030762
-0.013376741 0.094155170 -0.995467663 -24.068515778 -0.128181025 0.987181306 0.095093854 -14.772771835 0.991660595 0.128872111 -0.001136362 127.465774536
-0.013123840 0.096028879 -0.995292068 -24.908460617 -0.129696950 0.986805499 0.096920252 -14.772304535 0.991466939 0.130358294 -0.000496023 127.489425659
-0.012799585 0.098566815 -0.995048106 -25.777271271 -0.132471353 0.986190796 0.099393450 -14.770357132 0.991104186 0.133087561 0.000434447 127.501922607
-0.011116512 0.099756673 -0.994949698 -26.639549255 -0.134667754 0.985797048 0.100343622 -14.767197609 0.990828454 0.135103106 0.002475382 127.516235352
-0.009277975 0.102920450 -0.994646370 -27.511356354 -0.141562298 0.984535873 0.103194773 -14.766655922 0.989885867 0.141761824 0.005435155 127.532920837
-0.007379957 0.106797263 -0.994253397 -28.390411377 -0.146235913 0.983475804 0.106725037 -14.761590958 0.989222169 0.146183193 0.008359587 127.555526733
-0.005348037 0.108601697 -0.994070947 -29.264211655 -0.148718745 0.982943773 0.108186178 -14.755065918 0.988865137 0.148415551 0.010894289 127.589454651
-0.001684939 0.109574631 -0.993977129 -30.163747787 -0.147720367 0.983046472 0.108620048 -14.757464409 0.989027739 0.147013679 0.014530029 127.615951538
0.001033847 0.109520160 -0.993983924 -31.056821823 -0.150297746 0.982710600 0.108121708 -14.750619888 0.988640249 0.149281740 0.017476602 127.647071838
0.003329576 0.113275021 -0.993558109 -31.956367493 -0.150804400 0.982257545 0.111481301 -14.742076874 0.988558054 0.149461746 0.020352874 127.682723999
0.005828902 0.115322173 -0.993311048 -32.875602722 -0.149933979 0.982199728 0.113152333 -14.732988358 0.988678813 0.148271516 0.023015855 127.723014832
0.007735655 0.116511531 -0.993159235 -33.769214630 -0.150510550 0.982009828 0.114031240 -14.727670670 0.988578141 0.148598850 0.025132706 127.765640259
0.010262221 0.114586815 -0.993360221 -34.672138214 -0.151699811 0.982092559 0.111719869 -14.718853951 0.988373399 0.149546072 0.027461248 127.799919128
0.010292123 0.115923099 -0.993204832 -35.584590912 -0.156187549 0.981252730 0.112909585 -14.708703041 0.987673819 0.153964192 0.028204916 127.845466614
0.011450313 0.116653256 -0.993106723 -36.480827332 -0.156853095 0.981086254 0.113432817 -14.702985764 0.987555683 0.154473066 0.029531170 127.884132385
0.011878328 0.113201469 -0.993501127 -37.374713898 -0.157688797 0.981350780 0.109931707 -14.700242043 0.987417459 0.155358210 0.029507412 127.920570374
0.012549859 0.108960323 -0.993966877 -38.280769348 -0.158716783 0.981659889 0.105607249 -14.697485924 0.987244368 0.156433865 0.029613530 127.970924377
0.012990254 0.108091027 -0.994056106 -39.177829742 -0.158287540 0.981827140 0.104692794 -14.690425873 0.987307608 0.155986711 0.029863648 128.015441895
0.012910157 0.112220004 -0.993599534 -40.082752228 -0.160545737 0.981023133 0.108713582 -14.685834885 0.986944020 0.158114612 0.030681605 128.058258057
0.013430059 0.118514113 -0.992861569 -41.007846832 -0.161455438 0.980178237 0.114816196 -14.672058105 0.986788571 0.158760920 0.032298602 128.094467163
0.013766896 0.117127828 -0.993021488 -41.902523041 -0.159232229 0.980698884 0.113466844 -14.670353889 0.987145126 0.156558961 0.032151710 128.141281128
0.014731720 0.106646001 -0.994188011 -42.793525696 -0.158618003 0.981954575 0.102983356 -14.674104691 0.987230182 0.156178951 0.031381853 128.186950684
0.014868696 0.096435979 -0.995228112 -43.716697693 -0.160323232 0.982690096 0.092825852 -14.681698799 0.986952543 0.158177972 0.030072255 128.231872559
0.013846580 0.093363278 -0.995535791 -44.616054535 -0.157223508 0.983449519 0.090043046 -14.689472198 0.987466037 0.155274838 0.028296314 128.281219482
0.013731585 0.103603236 -0.994523883 -45.539524078 -0.149911761 0.983589053 0.100394249 -14.692395210 0.988604128 0.147712260 0.029037578 128.332962036
0.013731602 0.116610773 -0.993082762 -46.482841492 -0.144973472 0.982914209 0.113412164 -14.687479019 0.989340246 0.142413333 0.030402452 128.397171021
0.014009984 0.125489011 -0.991996109 -47.403560638 -0.145220101 0.981829941 0.122152045 -14.677019119 0.989300132 0.142346427 0.031978954 128.446121216
0.013643356 0.119894296 -0.992692947 -48.320854187 -0.145542234 0.982450426 0.116656914 -14.673686028 0.989258051 0.142887160 0.030853599 128.490539551
0.013759717 0.106477015 -0.994219899 -49.242794037 -0.145125553 0.983998179 0.103373818 -14.671817780 0.989317536 0.142864347 0.028992077 128.535354614
0.014274093 0.097602740 -0.995123148 -50.156471252 -0.145785302 0.984792769 0.094498366 -14.670862198 0.989213288 0.143725410 0.028286066 128.581878662
0.014565438 0.097747527 -0.995104671 -51.085838318 -0.144957542 0.984902859 0.094623670 -14.679458618 0.989330590 0.142869681 0.028514786 128.630416870
0.014258829 0.099130914 -0.994972229 -52.031555176 -0.147892311 0.984337866 0.095951952 -14.692790031 0.988900602 0.145780563 0.028696204 128.672836304
0.014720780 0.098739870 -0.995004356 -52.959503174 -0.152415723 0.983704865 0.095363617 -14.694541931 0.988206863 0.150250494 0.029530412 128.710189819
0.015265314 0.097830586 -0.995086014 -53.898937225 -0.154045507 0.983550251 0.094333321 -14.693616867 0.987945855 0.151848495 0.030084571 128.755050659
0.015998730 0.105881996 -0.994250000 -54.862911224 -0.163183376 0.981321454 0.101879358 -14.699604034 0.986465991 0.160615146 0.032978084 128.798431396
0.017450452 0.115420967 -0.993163407 -55.803119659 -0.168531686 0.979441643 0.110865101 -14.691896439 0.985541761 0.165444881 0.036543801 128.839950562
0.018682316 0.123816065 -0.992129266 -56.758483887 -0.168940470 0.978425205 0.118924595 -14.685123444 0.985449255 0.165388986 0.039196793 128.885757446
0.019833548 0.124053948 -0.992077231 -57.716197968 -0.170703188 0.978122711 0.118896335 -14.670571327 0.985122859 0.166992605 0.040576056 128.934875488
0.021069393 0.114667632 -0.993180454 -58.661357880 -0.172491103 0.978921235 0.109362110 -14.669847488 0.984785736 0.169010624 0.040404420 128.988891602
0.022309829 0.109600842 -0.993725300 -59.598827362 -0.170804769 0.979776680 0.104227722 -14.662288666 0.985052347 0.167407706 0.040578987 129.046585083
0.024340566 0.107923105 -0.993861198 -60.571498871 -0.169387430 0.980226398 0.102294058 -14.659143448 0.985248923 0.165857688 0.042140082 129.104476929
0.027653463 0.113639832 -0.993137002 -61.534263611 -0.170798823 0.979444265 0.107317172 -14.653115273 0.984917879 0.166658938 0.046494566 129.168624878
0.031110857 0.116135865 -0.992745996 -62.505508423 -0.173754245 0.978732407 0.109051369 -14.655916214 0.984297514 0.169101164 0.050628304 129.224517822
0.034999549 0.110946156 -0.993210018 -63.462657928 -0.172841519 0.979515016 0.103325650 -14.653659821 0.984327674 0.168051541 0.053458672 129.288238525
0.038405672 0.105165847 -0.993712783 -64.416557312 -0.172740564 0.980173826 0.097056791 -14.657009125 0.984218240 0.167926982 0.055810638 129.354431152
0.042239062 0.104869403 -0.993588626 -65.379348755 -0.170420781 0.980658412 0.096259803 -14.654294968 0.984465599 0.165262207 0.059294015 129.423843384
0.044206172 0.109255143 -0.993030190 -66.340774536 -0.167415947 0.980755508 0.100451872 -14.667768478 0.984894753 0.161808521 0.061646495 129.513427734
0.047634043 0.116007753 -0.992105365 -67.297767639 -0.166779459 0.980213702 0.106609643 -14.668187141 0.984842956 0.160384566 0.066039264 129.596221924
0.050060380 0.119995840 -0.991511405 -68.262405396 -0.164601088 0.980172098 0.110312998 -14.672428131 0.985089004 0.157681510 0.068819240 129.683013916
0.052202687 0.121224701 -0.991251409 -69.244522095 -0.164359614 0.980111718 0.111206636 -14.666701317 0.985018134 0.157116443 0.071088925 129.767471313
0.054751761 0.118711457 -0.991418064 -70.174430847 -0.163161308 0.980625331 0.108408444 -14.665580750 0.985078990 0.155825526 0.073060080 129.843597412
0.055396225 0.117485501 -0.991528213 -71.119651794 -0.161132649 0.981088459 0.107246079 -14.669785500 0.985376835 0.153826550 0.073279336 129.935134888
0.056150019 0.114025965 -0.991889656 -72.064620972 -0.158141211 0.981931925 0.103928976 -14.677407265 0.985818684 0.151023030 0.073167697 130.025299072
0.055600740 0.113301210 -0.992003739 -73.054557800 -0.156695366 0.982219279 0.103401087 -14.666687965 0.986080647 0.149693221 0.072365902 130.115478516
0.055393115 0.117978953 -0.991469920 -74.008224487 -0.153428137 0.982206702 0.108304687 -14.666817665 0.986606002 0.146120042 0.072508775 130.204025269
0.054766878 0.119856492 -0.991279483 -74.969833374 -0.147383615 0.982865393 0.110696383 -14.672685623 0.987561941 0.140035853 0.071493365 130.306335449
0.054054439 0.115033217 -0.991889834 -75.929046631 -0.144558892 0.983779073 0.106214643 -14.655405998 0.988018692 0.137645140 0.069806695 130.391586304
0.052458834 0.111306936 -0.992400527 -76.885665894 -0.146665469 0.983851314 0.102595247 -14.658163071 0.987794161 0.140168861 0.067936592 130.470321655
0.051080916 0.108638577 -0.992768049 -77.834861755 -0.143108457 0.984603167 0.100381747 -14.661598206 0.988388002 0.136945873 0.065841533 130.558135986
0.049746331 0.109149665 -0.992779791 -78.798362732 -0.143278494 0.984508991 0.101060927 -14.660098076 0.988431394 0.137216553 0.064614512 130.631713867
0.049087066 0.110612124 -0.992650628 -79.750625610 -0.144494563 0.984180033 0.102522895 -14.665081024 0.988287270 0.138400108 0.064293355 130.710327148
0.047791407 0.110972181 -0.992673755 -80.704818726 -0.146049425 0.983904779 0.102960460 -14.666781425 0.988122165 0.140058771 0.063229606 130.786193848
0.046538554 0.111822933 -0.992637753 -81.655212402 -0.145980582 0.983807385 0.103984058 -14.667496681 0.988192141 0.140066594 0.062108945 130.856246948
0.044487424 0.112228870 -0.992686033 -82.616561890 -0.145858362 0.983751476 0.104682088 -14.668220520 0.988304675 0.140134558 0.060134087 130.930801392
0.042887390 0.114445962 -0.992503285 -83.572334290 -0.146055996 0.983462691 0.107092217 -14.661332130 0.988346279 0.140368134 0.058893673 131.006103516
0.041351326 0.118113339 -0.992138743 -84.525848389 -0.147437871 0.982838690 0.110861123 -14.652585983 0.988206506 0.141694546 0.058056064 131.069168091
0.039435670 0.123238124 -0.991593242 -85.475837708 -0.148706093 0.982038081 0.116136529 -14.642713547 0.988094807 0.142876044 0.057053596 131.135330200
0.036865428 0.123051509 -0.991715312 -86.423614502 -0.148477763 0.982049406 0.116332747 -14.637639046 0.988228381 0.142959014 0.054474093 131.207366943
0.035889473 0.117891721 -0.992377698 -87.368324280 -0.148653165 0.982599795 0.111354075 -14.631850243 0.988237977 0.143523633 0.052789971 131.271209717
0.033327755 0.113004945 -0.993035316 -88.315704346 -0.152784601 0.982485116 0.106676660 -14.618974686 0.987697363 0.148165211 0.050009441 131.335632324
0.032171443 0.110847868 -0.993316472 -89.258140564 -0.150621101 0.983018756 0.104820393 -14.615242958 0.988068044 0.146242201 0.048321150 131.403594971
0.031649955 0.112243041 -0.993176579 -90.222900391 -0.146163806 0.983511686 0.106492899 -14.618392944 0.988753974 0.141795993 0.047533967 131.461013794
0.031118346 0.113636427 -0.993035018 -91.171562195 -0.143059820 0.983793199 0.108095862 -14.615568161 0.989224732 0.138699621 0.046870824 131.525543213
0.030032409 0.113315649 -0.993105054 -92.123825073 -0.137758225 0.984541178 0.108172581 -14.615202904 0.990010440 0.133559734 0.045178317 131.595092773
0.028738197 0.110388085 -0.993473053 -93.065956116 -0.133780375 0.985366821 0.105617516 -14.616947174 0.990594149 0.129871920 0.043085422 131.662673950
0.028153576 0.107482001 -0.993808389 -94.009033203 -0.128744081 0.986311853 0.103024065 -14.621633530 0.991278172 0.125046447 0.041605875 131.727111816
0.026550142 0.109913386 -0.993586481 -94.995742798 -0.126681015 0.986293614 0.105721489 -14.620592117 0.991588116 0.123061635 0.040110171 131.781784058
0.025101466 0.112184472 -0.993370295 -95.943244934 -0.126055762 0.986107171 0.108178906 -14.617369652 0.991705477 0.122504629 0.038894232 131.844192505
0.023841707 0.109907433 -0.993655920 -96.902801514 -0.121913753 0.986839712 0.106228292 -14.611723900 0.992254257 0.118607670 0.036927171 131.897048950
0.021955557 0.106875330 -0.994029939 -97.853462219 -0.119029246 0.987477243 0.103541739 -14.609863281 0.992647946 0.116045341 0.034401905 131.948425293
0.017832154 0.103972599 -0.994420230 -98.815185547 -0.117752947 0.987875283 0.101176716 -14.603720665 0.992882788 0.115291722 0.029859027 132.011947632
0.015249179 0.103094608 -0.994554698 -99.769592285 -0.112209953 0.988563418 0.100753099 -14.612472534 0.993567467 0.110062532 0.026643023 132.063049316
0.012995974 0.103091106 -0.994587064 -100.727920532 -0.105440103 0.989266813 0.101161890 -14.606320381 0.994340718 0.103554681 0.023726422 132.109802246
0.010216489 0.111249320 -0.993739963 -101.695648193 -0.095995419 0.989310980 0.109766573 -14.612091064 0.995329320 0.094273061 0.020786708 132.179931641
0.007581912 0.119360082 -0.992822051 -102.653182983 -0.087964930 0.989081264 0.118238598 -14.606791496 0.996094704 0.086437054 0.017998630 132.237899780
0.004987502 0.118785895 -0.992907405 -103.606689453 -0.083689973 0.989485919 0.117956199 -14.598784447 0.996479332 0.082508087 0.014876252 132.283828735
0.001961026 0.108967185 -0.994043350 -104.560867310 -0.084415592 0.990515232 0.108413875 -14.600012779 0.996428728 0.083700165 0.011140954 132.323257446
-0.000188838 0.099538878 -0.995033681 -105.508590698 -0.086180404 0.991329968 0.099184759 -14.596644402 0.996279538 0.085771136 0.008391102 132.363098145
-0.000319052 0.100995228 -0.994886875 -106.470359802 -0.093617931 0.990514517 0.100581393 -14.596398354 0.995608151 0.093171351 0.009138939 132.381408691
-0.001247737 0.110167108 -0.993912280 -107.432891846 -0.096602857 0.989251256 0.109771743 -14.582771301 0.995322168 0.096151747 0.009408132 132.422912598
-0.002769094 0.121345885 -0.992606401 -108.395324707 -0.100399561 0.987561107 0.121009164 -14.568339348 0.994943380 0.099992335 0.009448423 132.454483032
-0.004197442 0.123235315 -0.992368579 -109.336914062 -0.107635982 0.986556232 0.122968778 -14.558777809 0.994181514 0.107330717 0.009123538 132.488571167
-0.003910187 0.120163143 -0.992746472 -110.323425293 -0.114355773 0.986187577 0.119819678 -14.538752556 0.993432164 0.113994814 0.009885171 132.507995605
-0.004096215 0.116470642 -0.993185699 -111.278060913 -0.122729532 0.985627055 0.116090395 -14.527133942 0.992431700 0.122368738 0.010257046 132.533905029
-0.001769640 0.118443191 -0.992959321 -112.244651794 -0.127171189 0.984872162 0.117705181 -14.506602287 0.991879165 0.126484096 0.013319690 132.559158325
-0.000436913 0.119623631 -0.992819190 -113.227775574 -0.135332078 0.983678579 0.118581846 -14.488219261 0.990800202 0.134412095 0.015759129 132.586532593
0.000054018 0.122347675 -0.992487311 -114.191238403 -0.144550577 0.982064605 0.121054955 -14.470652580 0.989497542 0.143458068 0.017738475 132.610000610
0.000387385 0.124551207 -0.992213070 -115.166419983 -0.149911478 0.981007755 0.123086087 -14.448651314 0.988699377 0.148696452 0.019051682 132.637786865
0.000461877 0.124178670 -0.992259681 -116.142669678 -0.153612405 0.980491877 0.122634411 -14.440757751 0.988131046 0.152366772 0.019528246 132.681777954
0.002007982 0.114832863 -0.993382812 -117.097778320 -0.152613893 0.981783390 0.113183513 -14.442341805 0.988283813 0.151376724 0.019496495 132.716720581
0.003052373 0.103186235 -0.994657397 -118.049232483 -0.155569836 0.982600749 0.101458073 -14.432434082 0.987820327 0.154428989 0.019051928 132.759979248
