1.000000000 0.000000000 0.000000000 0.000000000 0.000000000 1.000000000 0.000000000 0.000000000 0.000000000 0.000000000 1.000000000 0.000000000
0.999997854 -0.001569804 -0.001351583 0.049167473 0.001566939 0.999996543 -0.002118202 -0.133000374 0.001354903 0.002116080 0.999996841 1.298063517
0.999997497 -0.000027856 -0.002228956 0.105787322 0.000013818 0.999980092 -0.006297489 -0.268081039 0.002229088 0.006297443 0.999977708 2.604783535
0.999996006 0.002447564 -0.001377882 0.148646027 -0.002458254 0.999966502 -0.007810589 -0.406556249 0.001358719 0.007813945 0.999968529 3.908815622
0.999983728 0.005716511 0.000179520 0.193038270 -0.005715219 0.999962389 -0.006519284 -0.545344114 -0.000216781 0.006518152 0.999978721 5.221437454
0.999975502 0.006555035 0.002423651 0.243042961 -0.006547394 0.999973595 -0.003146986 -0.689714134 -0.002444215 0.003131041 0.999992132 6.539186954
0.999960899 0.006750206 0.005713212 0.299802572 -0.006740383 0.999975741 -0.001736708 -0.827391744 -0.005724796 0.001698131 0.999982178 7.842184067
0.999945402 0.005141513 0.009100392 0.356471747 -0.005125801 0.999985337 -0.001749031 -0.960758209 -0.009109252 0.001702288 0.999957085 9.147455215
0.999915779 0.003782672 0.012419482 0.435050726 -0.003762241 0.999991596 -0.001668101 -1.097269058 -0.012425688 0.001621235 0.999921560 10.448041916
0.999873698 0.002511282 0.015693458 0.501399815 -0.002473324 0.999993980 -0.002437693 -1.233523130 -0.015699489 0.002398571 0.999873817 11.758158684
0.999816895 0.001413300 0.019084649 0.576736033 -0.001351246 0.999993742 -0.003264021 -1.369336486 -0.019089142 0.003237635 0.999812484 13.051558495
0.999747932 0.001398015 0.022402415 0.645979166 -0.001328075 0.999994218 -0.003136551 -1.519639850 -0.022406673 0.003106009 0.999744117 14.375541687
0.999666631 0.001324306 0.025780877 0.729798317 -0.001216674 0.999990523 -0.004190095 -1.657050014 -0.025786180 0.004157331 0.999658823 15.672314644
0.999577641 0.002236830 0.028974392 0.812631965 -0.002116572 0.999989033 -0.004180487 -1.795341969 -0.028983422 0.004117395 0.999571323 16.974779129
0.999480367 0.001841005 0.032178413 0.902560949 -0.001722283 0.999991655 -0.003716811 -1.935370922 -0.032184985 0.003659460 0.999475181 18.260547638
0.999410033 0.000259290 0.034343995 0.998593450 -0.000139190 0.999993801 -0.003499314 -2.076008320 -0.034344684 0.003492469 0.999403954 19.561691284
0.999347687 -0.002220359 0.036044184 1.095312119 0.002395700 0.999985456 -0.004822158 -2.216027021 -0.036032952 0.004905364 0.999338567 20.836429596
0.999305665 -0.001869568 0.037211470 1.191700459 0.002116296 0.999975979 -0.006592132 -2.358192921 -0.037198260 0.006666305 0.999285698 22.145072937
0.999261737 -0.001751920 0.038379051 1.276534081 0.002114669 0.999953389 -0.009413191 -2.498891592 -0.038360775 0.009487400 0.999218941 23.430442810
0.999221623 -0.001406651 0.039422903 1.377741337 0.001831048 0.999940693 -0.010731210 -2.644514084 -0.039405476 0.010795042 0.999164939 24.718441010
0.999179423 -0.000779182 0.040495392 1.479380727 0.001241715 0.999934256 -0.011397950 -2.790078163 -0.040483851 0.011438883 0.999114692 25.987562180
0.999161124 -0.002319735 0.040889457 1.578172088 0.002739756 0.999944031 -0.010219066 -2.939849377 -0.040863469 0.010322518 0.999111414 27.279283524
0.999153972 -0.005282850 0.040785503 1.681355953 0.005657752 0.999942780 -0.009082095 -3.086592197 -0.040735196 0.009305164 0.999126613 28.556945801
0.999172747 -0.006745526 0.040104594 1.773625374 0.007134565 0.999928772 -0.009565420 -3.233400583 -0.040037218 0.009843635 0.999149621 29.850477219
0.999190688 -0.008474672 0.039322998 1.879353046 0.008955178 0.999887168 -0.012059469 -3.380073071 -0.039216362 0.012401854 0.999153793 31.117919922
0.999218404 -0.008401314 0.038626153 1.984765530 0.008873388 0.999887764 -0.012066457 -3.528568745 -0.038520448 0.012399770 0.999180853 32.398296356
0.999233723 -0.009001044 0.038092475 2.083587170 0.009485587 0.999876082 -0.012558657 -3.671662807 -0.037974719 0.012910360 0.999195278 33.671096802
0.999246836 -0.009629902 0.037589867 2.177317619 0.010103597 0.999871671 -0.012432106 -3.817283630 -0.037465315 0.012802534 0.999215901 34.935173035
0.999253452 -0.010130195 0.037280519 2.269686460 0.010623691 0.999858201 -0.013063157 -3.960613012 -0.037142895 0.013449461 0.999219477 36.196437836
0.999302924 -0.010797638 0.035740063 2.386973619 0.011275630 0.999849260 -0.013199633 -4.118123055 -0.035592161 0.013593421 0.999273896 37.486080170
0.999294996 -0.010467901 0.036055561 2.474264145 0.010890472 0.999874055 -0.011543529 -4.262054443 -0.035930190 0.011928051 0.999283135 38.748981476
0.999263465 -0.010438897 0.036926430 2.579365253 0.010829164 0.999887466 -0.010384664 -4.403618336 -0.036813870 0.010776898 0.999264002 40.013992310
0.999182522 -0.012396850 0.038479365 2.687774181 0.012725260 0.999884546 -0.008301543 -4.549922943 -0.038372017 0.008784415 0.999224842 41.263568878
0.999078155 -0.013204753 0.040847152 2.789520741 0.013617883 0.999858677 -0.009852406 -4.689774990 -0.040711276 0.010399574 0.999116838 42.532596588
0.998957098 -0.014475352 0.043303367 2.885749817 0.015046517 0.999803662 -0.012893181 -4.840108871 -0.043108229 0.013531299 0.998978734 43.781284332
0.998853385 -0.015492772 0.045297496 2.990156174 0.016149051 0.999769330 -0.014158355 -4.981511116 -0.045067687 0.014873633 0.998873234 45.040466309
0.998727143 -0.015741238 0.047920022 3.112699032 0.016373521 0.999783516 -0.012830629 -5.116130352 -0.047707681 0.013598917 0.998768806 46.273784637
0.998517871 -0.016882828 0.051738467 3.216442108 0.017389959 0.999804854 -0.009367441 -5.275624275 -0.051570226 0.010253288 0.998616695 47.547206879
0.998237669 -0.019826857 0.055930793 3.331006527 0.020274024 0.999766886 -0.007438974 -5.411984444 -0.055770256 0.008559808 0.998406887 48.774124146
0.998009205 -0.022016322 0.059101023 3.463592529 0.022521352 0.999715209 -0.007892667 -5.549099922 -0.058910422 0.009207992 0.998220801 50.022865295
0.997747123 -0.025406279 0.062089112 3.610893011 0.026172703 0.999590635 -0.011561843 -5.686586857 -0.061769944 0.013160837 0.998003602 51.258163452
0.997442484 -0.026690649 0.066302232 3.737561941 0.027529122 0.999551713 -0.011764835 -5.818042755 -0.065958507 0.013559989 0.997730196 52.493965149
0.997087657 -0.029190991 0.070456602 3.868126392 0.029917376 0.999509275 -0.009276267 -5.957029343 -0.070151255 0.011357127 0.997471750 53.712097168
0.996831119 -0.031881865 0.072878182 4.034546375 0.032411385 0.999456048 -0.006094427 -6.086504459 -0.072644241 0.008437199 0.997322142 54.908733368
0.996544540 -0.034106538 0.075734384 4.163323402 0.034531564 0.999394238 -0.004309263 -6.224843025 -0.075541541 0.006909598 0.997118711 56.165695190
0.996392667 -0.037352029 0.076200418 4.328550816 0.037526466 0.999295175 -0.000858170 -6.349860191 -0.076114669 0.003714606 0.997092128 57.367527008
0.996173859 -0.039763581 0.077823736 4.456067085 0.039869096 0.999204814 0.000198125 -6.475459099 -0.077769727 0.002905394 0.996967137 58.592849731
0.996144056 -0.041592266 0.077247001 4.606467724 0.041967627 0.999113679 -0.003241542 -6.597437382 -0.077043712 0.006470916 0.997006774 59.785198212
0.996153057 -0.042780876 0.076477878 4.755377293 0.043470275 0.999027669 -0.007371769 -6.728703499 -0.076088130 0.010667926 0.997044027 60.989616394
0.996170998 -0.044106536 0.075484820 4.893822193 0.045078933 0.998920321 -0.011226173 -6.858131409 -0.074908175 0.014585961 0.997083724 62.169982910
0.996210992 -0.046307124 0.073615618 5.048167229 0.047437500 0.998780489 -0.013680613 -6.994177341 -0.072892331 0.017120918 0.997192860 63.384555817
0.996341825 -0.046220593 0.071879245 5.182362556 0.047320772 0.998786032 -0.013678211 -7.126854897 -0.071159773 0.017029557 0.997319520 64.561019897
0.996591151 -0.045406386 0.068878129 5.317512512 0.046411932 0.998836815 -0.013068709 -7.270912170 -0.068204626 0.016220925 0.997539401 65.783889771
0.996846497 -0.044634912 0.065610096 5.442869663 0.045474745 0.998900831 -0.011362451 -7.400479794 -0.065030813 0.014310222 0.997780561 66.959053040
0.997239649 -0.040911857 0.061962347 5.564967632 0.041448142 0.999113321 -0.007394032 -7.536913872 -0.061604906 0.009941845 0.998051047 68.151756287
0.997536659 -0.038784850 0.058449134 5.684872627 0.039154317 0.999219716 -0.005188843 -7.663124084 -0.058202274 0.007464598 0.998276889 69.332626343
0.997722983 -0.037756946 0.055885952 5.788179398 0.038278423 0.999232769 -0.008289954 -7.798617363 -0.055530071 0.010410304 0.998402715 70.504867554
0.997921288 -0.037948176 0.052086573 5.905701637 0.038800359 0.999127686 -0.015448116 -7.930203915 -0.051454902 0.017436981 0.998523176 71.684532166
0.997931004 -0.041861102 0.048798580 6.012887478 0.042797014 0.998916209 -0.018294239 -8.066716194 -0.047979880 0.020344824 0.998641074 72.856582642
0.997963965 -0.045947399 0.044235952 6.128482342 0.046584319 0.998823464 -0.013476104 -8.203928947 -0.043564722 0.015509371 0.998930216 74.030494690
0.997968256 -0.049605131 0.039983146 6.231647491 0.049983773 0.998713613 -0.008525884 -8.331619263 -0.039508779 0.010507070 0.999163926 75.190338135
0.998028994 -0.051730443 0.035525847 6.327618122 0.051967651 0.998631954 -0.005785743 -8.457347870 -0.035177942 0.007620533 0.999352038 76.375968933
0.998202682 -0.051001392 0.031467900 6.417582512 0.051130813 0.998686492 -0.003321270 -8.582598686 -0.031257167 0.004924280 0.999499261 77.534141541
0.998332620 -0.050661221 0.027664060 6.511137009 0.050760869 0.998706520 -0.002911378 -8.703539848 -0.027480777 0.004310776 0.999613047 78.691558838
0.998463929 -0.049495302 0.024900131 6.575198174 0.049638163 0.998753965 -0.005151717 -8.828234673 -0.024614118 0.006379800 0.999676645 79.861946106
0.998651683 -0.047190707 0.021631628 6.651457787 0.047416411 0.998824716 -0.010042016 -8.957363129 -0.021132313 0.011054171 0.999715567 81.005973816
0.998561084 -0.050654624 0.017604951 6.738956928 0.050919149 0.998591304 -0.014916233 -9.095067978 -0.016824575 0.015791195 0.999733746 82.166213989
0.998407423 -0.054291595 0.015337014 6.796890736 0.054534525 0.998385429 -0.015891293 -9.226088524 -0.014449491 0.016702382 0.999756098 83.301628113
0.998452902 -0.054368503 0.011652198 6.867535591 0.054514088 0.998433888 -0.012563459 -9.357330322 -0.010950894 0.013179231 0.999853134 84.454055786
0.998453021 -0.054839361 0.009174597 6.927630901 0.054930370 0.998440206 -0.009980416 -9.484820366 -0.008612967 0.010468942 0.999908149 85.586959839
0.998586357 -0.052468006 0.008513410 6.982623577 0.052566104 0.998548329 -0.011739102 -9.613503456 -0.007885126 0.012170024 0.999894857 86.730903625
0.998798132 -0.048433159 0.007517205 7.037328720 0.048541643 0.998708606 -0.014991258 -9.744144440 -0.006781423 0.015338138 0.999859333 87.859291077
0.998862386 -0.047292203 0.006118648 7.092791557 0.047391288 0.998728096 -0.017214037 -9.877032280 -0.005296776 0.017484425 0.999833107 88.977478027
0.998811722 -0.048433691 0.005428111 7.148915291 0.048523400 0.998662829 -0.017833596 -10.010791779 -0.004557106 0.018075794 0.999826193 90.094444275
0.998783648 -0.049089227 0.004636429 7.193936348 0.049156219 0.998668492 -0.015650919 -10.142730713 -0.003861964 0.015859796 0.999866784 91.211647034
0.998688042 -0.051088810 0.003500646 7.254595280 0.051129818 0.998609424 -0.012846593 -10.269253731 -0.002839461 0.013008728 0.999911368 92.320953369
0.998699546 -0.050851442 0.003662979 7.305166721 0.050893422 0.998626351 -0.012464287 -10.393898010 -0.003024121 0.012634501 0.999915600 93.459686279
0.998692453 -0.051008586 0.003386623 7.350156784 0.051052671 0.998590112 -0.014540756 -10.528650284 -0.002640145 0.014694640 0.999888480 94.605728149
0.998689651 -0.051096812 0.002842716 7.408950329 0.051139973 0.998527944 -0.018072298 -10.657439232 -0.001915094 0.018193994 0.999832630 95.705726624
0.998643577 -0.052023496 0.002163748 7.468969345 0.052055288 0.998463273 -0.019010175 -10.790521622 -0.001171447 0.019097021 0.999816954 96.810501099
0.998632908 -0.052178651 0.003113594 7.510370255 0.052226469 0.998472631 -0.018022237 -10.921040535 -0.002168462 0.018160218 0.999832690 97.878959656
0.998645782 -0.051894736 0.003683782 7.562194347 0.051936600 0.998573840 -0.012361621 -11.042900085 -0.003037025 0.012536204 0.999916852 98.967811584
0.998744905 -0.049855761 0.004826277 7.618550301 0.049899001 0.998710990 -0.009297101 -11.162683487 -0.004356543 0.009526259 0.999945164 100.043548584
0.998815894 -0.048156198 0.006916826 7.673098087 0.048220199 0.998792410 -0.009405850 -11.276004791 -0.006455524 0.009728242 0.999931872 101.092941284
0.998885751 -0.046413135 0.008549879 7.731997490 0.046505600 0.998857975 -0.010954645 -11.403699875 -0.008031677 0.011340056 0.999903440 102.142799377
0.998850524 -0.046679616 0.010894022 7.789755344 0.046825193 0.998811722 -0.013514253 -11.520601273 -0.010250236 0.014008835 0.999849260 103.158309937
0.998756051 -0.048189491 0.012807127 7.850703239 0.048369769 0.998729050 -0.014160328 -11.637609482 -0.012108472 0.014762192 0.999817669 104.173011780
0.998663843 -0.049562506 0.014630380 7.917058945 0.049758162 0.998672366 -0.013326562 -11.767066002 -0.013950462 0.014036737 0.999804080 105.179069519
0.998643577 -0.049493637 0.016167805 7.982939720 0.049685657 0.998696327 -0.011698641 -11.882188797 -0.015567721 0.012486078 0.999800861 106.137565613
0.998574734 -0.050298080 0.017854912 8.041890144 0.050488956 0.998670399 -0.010405340 -11.990942001 -0.017307803 0.011291984 0.999786437 107.093383789
0.998501420 -0.051084694 0.019627526 8.103468895 0.051303647 0.998624444 -0.010818877 -12.097197533 -0.019047845 0.011809628 0.999748886 108.011238098
0.998484194 -0.050654057 0.021527210 8.166508675 0.050856810 0.998665631 -0.008977339 -12.198376656 -0.021043748 0.010058536 0.999727905 108.917343140
0.998483062 -0.049832601 0.023414128 8.226549149 0.050003998 0.998725951 -0.006792628 -12.297065735 -0.023045802 0.007953125 0.999702752 109.787506104
0.998452663 -0.049898893 0.024542635 8.290615082 0.050000288 0.998742938 -0.003535077 -12.400499344 -0.024335384 0.004756744 0.999692559 110.644561768
0.998403490 -0.050027084 0.026226414 8.352679253 0.050131015 0.998737156 -0.003319965 -12.492802620 -0.026027203 0.004629422 0.999650538 111.470161438
0.998420238 -0.049083490 0.027346946 8.405497551 0.049173374 0.998786807 -0.002623677 -12.582834244 -0.027184995 0.003964273 0.999622583 112.284416199
0.998515368 -0.046664387 0.028092949 8.457462311 0.046749011 0.998903811 -0.002362794 -12.662656784 -0.027951896 0.003672604 0.999602497 113.063117981
0.998647630 -0.044212289 0.027350275 8.506358147 0.044208750 0.999021947 0.000734408 -12.740325928 -0.027356001 0.000475706 0.999625564 113.817161560
0.998719811 -0.044549450 0.023961281 8.557041168 0.044520162 0.999006927 0.001754592 -12.825589180 -0.024015658 -0.000685586 0.999711275 114.568710327
0.998853445 -0.044537656 0.017556135 8.593819618 0.044509146 0.999006987 0.002011269 -12.901278496 -0.017628275 -0.001227554 0.999843836 115.266197205
0.999062598 -0.042692486 0.007156618 8.623204231 0.042687833 0.999088109 0.000800519 -12.975095749 -0.007184265 -0.000494268 0.999974072 115.938880920
0.999174297 -0.040077612 -0.006664231 8.624006271 0.040065415 0.999195158 -0.001952853 -13.045034409 0.006737137 0.001684235 0.999975920 116.576812744
0.998925805 -0.038559079 -0.025699126 8.624011993 0.038455967 0.999250174 -0.004494678 -13.115614891 0.025853166 0.003501565 0.999659598 117.201255798
0.998162389 -0.036911990 -0.048054919 8.591497421 0.036618348 0.999305010 -0.006976895 -13.183313370 0.048279043 0.005204383 0.998820305 117.789237976
0.996503115 -0.035471082 -0.075653479 8.551114082 0.034902703 0.999351740 -0.008822491 -13.249648094 0.075917386 0.006151128 0.997095108 118.357543945
0.993630767 -0.033117056 -0.107708156 8.480685234 0.032151978 0.999425828 -0.010684879 -13.318607330 0.108000159 0.007153794 0.994125128 118.898010254
0.989293516 -0.028790627 -0.143071577 8.372243881 0.027340908 0.999553025 -0.012088945 -13.382834435 0.143355682 0.008047809 0.989638507 119.441032410
0.983108640 -0.022595756 -0.181622580 8.265428543 0.020877801 0.999717414 -0.011365441 -13.444541931 0.181828082 0.007381582 0.983302593 119.955665588
0.974633455 -0.017097333 -0.223153412 8.125341415 0.015377549 0.999837220 -0.009442267 -13.500993729 0.223278552 0.005771195 0.974737585 120.459060669
0.963392854 -0.012531012 -0.267800540 7.952808380 0.010858951 0.999911189 -0.007723894 -13.560762405 0.267873526 0.004533110 0.963443458 120.954551697
0.949197352 -0.006275950 -0.314618945 7.764568329 0.003918775 0.999959290 -0.008124121 -13.617481232 0.314657152 0.006478472 0.949183345 121.419326782
0.931858063 0.001427535 -0.362820566 7.532691956 -0.005107244 0.999944746 -0.009182974 -13.671342850 0.362787426 0.010410239 0.931813776 121.904220581
0.910789788 0.005941316 -0.412827581 7.282154083 -0.010957652 0.999892116 -0.009784812 -13.725976944 0.412724972 0.013435530 0.910756588 122.332122803
0.885676622 0.010155937 -0.464191496 7.017555237 -0.015909120 0.999837458 -0.008479366 -13.779052734 0.464029998 0.014894854 0.885694325 122.747230530
0.856553376 0.013189822 -0.515889764 6.732261658 -0.020552702 0.999752045 -0.008563728 -13.818658829 0.515648901 0.017938221 0.856612146 123.155525208
0.825258374 0.023094766 -0.564282775 6.407005310 -0.031529799 0.999489248 -0.005205301 -13.869869232 0.563874424 0.022087442 0.825565100 123.517738342
0.791152358 0.035752960 -0.610573173 6.062713623 -0.043988418 0.999030888 0.001501488 -13.910932541 0.610035121 0.025670245 0.791958392 123.873435974
0.755253077 0.044412542 -0.653926849 5.706836700 -0.055060972 0.998474061 0.004220361 -13.951937675 0.653116465 0.032818411 0.756545961 124.189483643
0.715700209 0.048372809 -0.696730375 5.337162018 -0.062263224 0.998045444 0.005334155 -13.999713898 0.695626736 0.039563026 0.717313111 124.484725952
0.672762334 0.049918834 -0.738172710 4.964298248 -0.064776540 0.997864068 0.008443817 -14.046157837 0.737017632 0.042135600 0.674558878 124.772354126
0.629306138 0.053636257 -0.775304377 4.556507111 -0.068069935 0.997585595 0.013762236 -14.082201004 0.774170697 0.044114254 0.631437778 125.035629272
0.584266841 0.062304474 -0.809166491 4.132804871 -0.079314195 0.996659398 0.019471502 -14.113602638 0.807676494 0.052801836 0.587256849 125.265991211
0.538679421 0.071023993 -0.839511752 3.689666748 -0.090973116 0.995517790 0.025848728 -14.136097908 0.837584853 0.062448818 0.542726278 125.477661133
0.492108673 0.076220326 -0.867190480 3.236335754 -0.096727408 0.994778693 0.032544114 -14.161482811 0.865143180 0.067865863 0.496911824 125.676200867
0.444531947 0.077646047 -0.892391384 2.774105072 -0.095888108 0.994636476 0.038777009 -14.188684464 0.890616000 0.068332113 0.449593037 125.859809875
0.397592366 0.078824088 -0.914170086 2.294902802 -0.093228847 0.994617522 0.045213394 -14.206091881 0.912813663 0.067250520 0.402801037 126.033012390
0.351665407 0.082339779 -0.932497501 1.801319122 -0.095302232 0.994097829 0.051838517 -14.234847069 0.931262016 0.070639290 0.357437015 126.181144714
0.308410287 0.085596703 -0.947394490 1.301601410 -0.100918591 0.993266761 0.056888692 -14.253366470 0.945885062 0.078064643 0.314972103 126.293769836
0.266814053 0.086919926 -0.959820390 0.779890060 -0.105581738 0.992566407 0.060535375 -14.268353462 0.957947135 0.085187815 0.274007797 126.397605896
0.227397144 0.083652548 -0.970202446 0.252134323 -0.105670460 0.992540002 0.060811359 -14.285957336 0.968051791 0.088693410 0.234540433 126.501373291
0.192229658 0.078431264 -0.978210747 -0.284559250 -0.101256795 0.993066132 0.059724215 -14.307435036 0.976112068 0.087569714 0.198838457 126.593513489
0.161646724 0.073143482 -0.984134257 -0.832611084 -0.098522872 0.993463337 0.057654180 -14.327525139 0.981918275 0.087640144 0.167796388 126.675132751
0.135676548 0.071585990 -0.988163590 -1.399909973 -0.099617563 0.993317544 0.058281671 -14.346032143 0.985732317 0.090530999 0.141901135 126.739112854
0.113501184 0.070945911 -0.991001606 -1.994081497 -0.100093864 0.993189037 0.059638571 -14.359643936 0.988483012 0.092424124 0.119829357 126.797737122
0.094757333 0.072334617 -0.992868960 -2.587261200 -0.101949230 0.992817998 0.062601089 -14.375758171 0.990266263 0.095290303 0.101451248 126.856361389
0.078714550 0.070668392 -0.994389236 -3.201959610 -0.103288949 0.992693901 0.062371694 -14.400392532 0.991531849 0.097799860 0.085438713 126.910018921
0.064476080 0.069484375 -0.995497227 -3.821453094 -0.102138020 0.992793620 0.062680408 -14.429055214 0.992678583 0.097636729 0.071108431 126.964111328
0.052437849 0.067116842 -0.996366262 -4.460334778 -0.097870238 0.993281186 0.061758202 -14.451048851 0.993816793 0.094276123 0.058654275 127.006065369
0.040479831 0.064750843 -0.997080028 -5.108933926 -0.095654860 0.993565798 0.060639199 -14.469062805 0.994591177 0.092920892 0.046413109 127.043945312
0.029846115 0.063473590 -0.997537136 -5.779376984 -0.094929725 0.993650794 0.060386039 -14.487585068 0.995036483 0.092893638 0.035682146 127.079406738
0.020208620 0.064938188 -0.997684598 -6.450456619 -0.098241419 0.993188322 0.062655590 -14.509620667 0.994957447 0.096747778 0.026450578 127.101211548
0.012048492 0.064772762 -0.997827351 -7.129129887 -0.101045452 0.992870510 0.063230909 -14.536041260 0.994808912 0.100064069 0.018507585 127.115676880
0.005312826 0.063991435 -0.997936308 -7.819228172 -0.103056505 0.992671669 0.063105211 -14.556497574 0.994661331 0.102508560 0.011868628 127.135513306
0.000238840 0.064771228 -0.997900128 -8.516932487 -0.103836484 0.992507398 0.064396344 -14.573321342 0.994594395 0.103603072 0.006962667 127.151977539
-0.003356134 0.067341737 -0.997724295 -9.237977028 -0.106114045 0.992072701 0.067317225 -14.594292641 0.994348347 0.106098488 0.003816378 127.175834656
-0.003993243 0.071240611 -0.997451186 -9.975341797 -0.108592175 0.991529584 0.071252406 -14.617907524 0.994078398 0.108599901 0.003776753 127.176673889
-0.005151904 0.074442260 -0.997211993 -10.690049171 -0.110543318 0.991070986 0.074554950 -14.633799553 0.993857980 0.110619225 0.003123194 127.191528320
-0.005763244 0.080004044 -0.996777892 -11.430901527 -0.115434393 0.990077436 0.080133691 -14.641260147 0.993298411 0.115524270 0.003529158 127.199676514
-0.007140990 0.083843417 -0.996453345 -12.174205780 -0.118442602 0.989393175 0.084098168 -14.655750275 0.992935181 0.118623078 0.002865385 127.212944031
-0.008469379 0.084442392 -0.996392310 -12.922893524 -0.118400864 0.989334047 0.084850602 -14.674798012 0.992929757 0.118692361 0.001619008 127.230667114
-0.009931806 0.081385478 -0.996633172 -13.667447090 -0.115996584 0.989859879 0.081988312 -14.693214417 0.993199944 0.116420329 -0.000390661 127.252189636
-0.011563864 0.077669315 -0.996912122 -14.427021980 -0.119461410 0.989731014 0.078495547 -14.696948051 0.992771506 0.120000221 -0.002166629 127.266860962
-0.012633504 0.079327621 -0.996768475 -15.192238808 -0.124904908 0.988915026 0.080285721 -14.708942413 0.992088199 0.125515580 -0.002585051 127.266281128
-0.014292054 0.082797065 -0.996463895 -15.960918427 -0.121855654 0.988993347 0.083924077 -14.723074913 0.992444932 0.122624204 -0.004045459 127.283058167
-0.016228514 0.082923964 -0.996423781 -16.737987518 -0.121015541 0.989065945 0.084282584 -14.741022110 0.992517889 0.121950530 -0.006015986 127.295295715
-0.017933806 0.082079478 -0.996464372 -17.526468277 -0.123764262 0.988777578 0.083673768 -14.752291679 0.992149591 0.124827273 -0.007574035 127.305259705
-0.018464746 0.081814125 -0.996476591 -18.313837051 -0.128446341 0.988193810 0.083514199 -14.758278847 0.991544545 0.129535869 -0.007738022 127.304893494
-0.019307889 0.086381882 -0.996075034 -19.117456436 -0.130371675 0.987537086 0.088168569 -14.765985489 0.991277158 0.131562307 -0.007805506 127.307266235
-0.019876683 0.090848535 -0.995666385 -19.931575775 -0.128818303 0.987329721 0.092659488 -14.775671005 0.991468966 0.130101800 -0.007921884 127.322120667
-0.019313738 0.093080647 -0.995471179 -20.753606796 -0.130911380 0.986849725 0.094814412 -14.788959503 0.991205931 0.132149726 -0.006874442 127.338279724
-0.017305674 0.091690317 -0.995637178 -21.571647644 -0.130318105 0.987085044 0.093167864 -14.793448448 0.991321146 0.131361887 -0.005133268 127.348213196
-0.016364839 0.091855481 -0.995637774 -22.403301239 -0.130404338 0.987069845 0.093208395 -14.800045967 0.991325855 0.131360814 -0.004174886 127.363258362
-0.016142316 0.090996802 -0.995720327 -23.239379883 -0.129115313 0.987322509 0.092322521 -14.807868004 0.991498113 0.130053088 -0.004188593 127.385284424
-0.015288287 0.093003757 -0.995548308 -24.078098297 -0.129971787 0.987032354 0.094204113 -14.814408302 0.991399765 0.130833417 -0.003002171 127.404922485
-0.014681644 0.095348403 -0.995335698 -24.914093018 -0.131652206 0.986592472 0.096452765 -14.817750931 0.991187274 0.132454216 -0.001931972 127.420837402
-0.014817945 0.097457536 -0.995129347 -25.792438507 -0.134455919 0.986005247 0.098566070 -14.818161011 0.990808785 0.135261610 -0.001506830 127.439369202
-0.013161975 0.098570317 -0.995042920 -26.655750275 -0.136586815 0.985624135 0.099443987 -14.815127373 0.990540743 0.137218639 0.000490649 127.452110291
-0.011516518 0.101720616 -0.994746387 -27.526632309 -0.143394634 0.984362125 0.102318875 -14.815269470 0.989598572 0.143819645 0.003249765 127.468421936
-0.009034713 0.105571210 -0.994370699 -28.408184052 -0.148298517 0.983273387 0.105740443 -14.810413361 0.988901317 0.148419052 0.006772463 127.483375549
-0.006996227 0.107319281 -0.994199932 -29.282457352 -0.150776953 0.982744455 0.107143730 -14.804614067 0.988543093 0.150652036 0.009305771 127.515441895
-0.003088002 0.108124904 -0.994132519 -30.180446625 -0.149527475 0.982910693 0.107368842 -14.805302620 0.988752723 0.148981676 0.013132414 127.538398743
-0.000315936 0.108078077 -0.994142294 -31.072925568 -0.152194053 0.982556045 0.106866851 -14.798927307 0.988350511 0.151336312 0.016138416 127.567039490
0.001953711 0.111883700 -0.993719399 -31.974924088 -0.152621567 0.982112825 0.110276848 -14.790961266 0.988282681 0.151447564 0.018994629 127.601135254
0.004579929 0.113895737 -0.993482172 -32.886734009 -0.151749760 0.982065797 0.111887380 -14.785780907 0.988408267 0.150248259 0.021781448 127.640579224
0.006365092 0.115141839 -0.993328691 -33.780128479 -0.152329415 0.981867373 0.112837188 -14.782389641 0.988309264 0.150594980 0.023789166 127.683067322
0.008813834 0.113249801 -0.993527472 -34.683776855 -0.153618708 0.981925011 0.110564470 -14.775543213 0.988090932 0.151649922 0.026051812 127.716041565
0.008988806 0.114700243 -0.993359506 -35.589324951 -0.157901868 0.981099010 0.111855723 -14.769418716 0.987414002 0.155847847 0.026930286 127.759422302
0.010146515 0.115345776 -0.993273556 -36.483711243 -0.158777431 0.980908275 0.112287886 -14.764576912 0.987262249 0.156570092 0.028267106 127.797256470
0.010248940 0.111788012 -0.993679285 -37.378833771 -0.159092531 0.981255889 0.108749472 -14.761556625 0.987210512 0.156972378 0.027841473 127.834907532
0.011289193 0.107693672 -0.994120002 -38.285549164 -0.160356417 0.981511176 0.104506738 -14.763320923 0.986994565 0.158233702 0.028349839 127.880195618
0.011812278 0.106894389 -0.994200230 -39.182395935 -0.160027951 0.981656313 0.103644341 -14.758163452 0.987041771 0.157875553 0.028701687 127.923530579
0.011661667 0.110894226 -0.993763804 -40.085926056 -0.162491590 0.980831623 0.107544310 -14.750898361 0.986640990 0.160224125 0.029457513 127.963798523
0.011910329 0.117142200 -0.993043661 -41.019683838 -0.162929863 0.980069280 0.113657556 -14.740546227 0.986565769 0.160442755 0.030758904 128.004302979
0.012168991 0.115841582 -0.993193209 -41.915576935 -0.160788760 0.980567873 0.112398982 -14.740231514 0.986913800 0.158326522 0.030558549 128.050109863
0.013108335 0.105389722 -0.994344532 -42.804946899 -0.160160974 0.981811881 0.101950005 -14.745384216 0.987003863 0.157918796 0.029749237 128.093475342
0.013157553 0.095095120 -0.995381236 -43.732158661 -0.161671862 0.982571602 0.091734283 -14.752437592 0.986756861 0.159718156 0.028302446 128.140899658
0.012168337 0.092046626 -0.995680392 -44.635299683 -0.158578455 0.983330071 0.088966876 -14.760451317 0.987271428 0.156810850 0.026562100 128.187332153
0.012119450 0.102003843 -0.994710147 -45.553653717 -0.151298404 0.983516812 0.099012583 -14.762727737 0.988413870 0.149298057 0.027352700 128.238006592
0.012192320 0.115100175 -0.993279040 -46.500720978 -0.146272287 0.982872486 0.112098806 -14.760271072 0.989169240 0.143922463 0.028819462 128.294998169
0.012300552 0.124127343 -0.992190003 -47.423118591 -0.146372870 0.981799841 0.121012844 -14.751358032 0.989152968 0.143741190 0.030245561 128.342514038
0.012115499 0.118417695 -0.992890000 -48.338935852 -0.146385938 0.982474625 0.115389295 -14.747940063 0.989153326 0.143947124 0.029237863 128.385025024
0.012220083 0.104994386 -0.994397879 -49.258747101 -0.146457240 0.983934939 0.102089860 -14.747547150 0.989141524 0.144389227 0.027400954 128.429977417
0.012915686 0.096121535 -0.995285809 -50.174125671 -0.146935701 0.984745741 0.093196854 -14.747624397 0.989061773 0.145039305 0.026842352 128.474746704
0.013491580 0.096149303 -0.995275497 -51.110847473 -0.145758256 0.984923124 0.093173340 -14.754183769 0.989228249 0.143812567 0.027302718 128.518798828
0.012744660 0.097789384 -0.995125592 -52.049049377 -0.148923039 0.984292448 0.094817556 -14.769647598 0.988766730 0.146988705 0.027107567 128.560745239
0.013376001 0.097225167 -0.995172620 -52.995063782 -0.153858006 0.983608961 0.094027482 -14.776838303 0.988002419 0.151857525 0.028115628 128.598358154
0.013819273 0.096598484 -0.995227456 -53.926624298 -0.155532598 0.983415544 0.093292341 -14.777239799 0.987734020 0.153501078 0.028614298 128.643142700
0.014778341 0.104050636 -0.994462192 -54.873054504 -0.164683685 0.981241643 0.100220077 -14.774389267 0.986235678 0.162290573 0.031636558 128.677841187
0.016459910 0.113905825 -0.993355095 -55.822475433 -0.170455098 0.979266286 0.109465823 -14.772254944 0.985227883 0.167520657 0.035534460 128.715225220
0.017336978 0.121618718 -0.992425442 -56.786304474 -0.170537636 0.978389859 0.116919540 -14.765426636 0.985198557 0.167218909 0.037702896 128.775177002
0.018261099 0.122484609 -0.992302299 -57.729087830 -0.171922773 0.978070199 0.117563993 -14.757425308 0.984941065 0.168452546 0.038918525 128.822708130
0.019456442 0.112790756 -0.993428171 -58.667560577 -0.173519567 0.978918791 0.107744999 -14.753582954 0.984638214 0.170282885 0.038617678 128.878295898
0.020677688 0.107972220 -0.993938863 -59.610694885 -0.172011673 0.979711235 0.102848202 -14.752850533 0.984877825 0.168842435 0.038830649 128.933944702
0.022511814 0.106553420 -0.994052052 -60.557315826 -0.170733184 0.980107307 0.101192154 -14.758993149 0.985060096 0.167439654 0.040256195 128.995254517
0.026271110 0.112038173 -0.993356526 -61.551403046 -0.172554076 0.979291916 0.105888359 -14.748542786 0.984649658 0.168625906 0.045059729 129.048294067
0.029940845 0.114161842 -0.993010819 -62.511924744 -0.175345987 0.978650510 0.107223935 -14.748341560 0.984051466 0.170910135 0.049319442 129.104171753
0.034192890 0.108907558 -0.993463635 -63.461536407 -0.174607098 0.979407549 0.101357065 -14.748916626 0.984044254 0.170000136 0.052504808 129.165634155
0.037056208 0.103202388 -0.993969858 -64.417579651 -0.174597129 0.980022550 0.095245115 -14.756185532 0.983942449 0.170014858 0.054334763 129.235626221
0.040606156 0.102752872 -0.993877769 -65.378395081 -0.171823174 0.980598330 0.094359919 -14.755175591 0.984290540 0.166939646 0.057473648 129.311325073
0.042878911 0.107533589 -0.993276358 -66.353660583 -0.169604540 0.980543852 0.098833464 -14.771822929 0.984578967 0.164226308 0.060282826 129.396667480
0.046361577 0.114305392 -0.992363274 -67.311683655 -0.168941483 0.980018198 0.104990758 -14.773810387 0.984535158 0.162783772 0.064746104 129.476730347
0.049007233 0.118509106 -0.991742849 -68.275749207 -0.166756570 0.979970098 0.108861975 -14.781808853 0.984779477 0.160044655 0.067787796 129.560684204
0.051064860 0.120097406 -0.991447926 -69.258293152 -0.166516036 0.979870617 0.110118523 -14.779959679 0.984715641 0.159468785 0.070035085 129.643859863
0.053415440 0.117309675 -0.991657794 -70.201850891 -0.165065512 0.980451167 0.107092753 -14.777589798 0.984835088 0.157968134 0.071735017 129.723617554
0.053971957 0.115809552 -0.991803944 -71.147155762 -0.163014948 0.980948389 0.105671041 -14.781479836 0.985146284 0.155975610 0.071822390 129.814834595
0.054582521 0.112301119 -0.992173910 -72.092956543 -0.159968853 0.981804013 0.102327004 -14.789289474 0.985611856 0.153131694 0.071554020 129.904144287
0.054185007 0.111911066 -0.992239833 -73.084060669 -0.158462331 0.982070804 0.102110706 -14.782131195 0.985877097 0.151699767 0.070947200 129.989334106
0.053843066 0.116733387 -0.991702676 -74.037719727 -0.155215532 0.982050180 0.107169993 -14.785344124 0.986412168 0.148157299 0.070995435 130.077545166
0.053242702 0.118354522 -0.991542876 -75.000198364 -0.149326012 0.982730210 0.109284274 -14.789401054 0.987353563 0.142244577 0.069996610 130.175781250
0.052767456 0.113733068 -0.992109001 -75.962432861 -0.146531925 0.983621061 0.104966395 -14.774890900 0.987797558 0.139836848 0.068568692 130.257156372
0.051366642 0.109950013 -0.992608905 -76.908752441 -0.148458123 0.983718455 0.101282641 -14.778264046 0.987583756 0.142158300 0.066853285 130.337661743
0.050190695 0.107188694 -0.992971003 -77.857322693 -0.144929275 0.984482110 0.098946750 -14.781110764 0.988168240 0.138944343 0.064946622 130.421783447
0.048559792 0.108320460 -0.992929280 -78.821998596 -0.145150214 0.984314442 0.100281991 -14.787596703 0.988217354 0.139254212 0.063520834 130.496414185
0.047873285 0.109021820 -0.992885888 -79.775360107 -0.146112218 0.984097481 0.101011820 -14.787231445 0.988108933 0.140236989 0.063041404 130.576019287
0.046431303 0.109224789 -0.992932022 -80.728744507 -0.147769302 0.983819067 0.101312377 -14.789836884 0.987931311 0.142020836 0.061820075 130.652160645
0.045139082 0.110507518 -0.992849708 -81.680198669 -0.147656128 0.983684421 0.102774322 -14.794733047 0.988008201 0.141961217 0.060719732 130.720672607
0.042978421 0.110759951 -0.992917418 -82.642883301 -0.147528037 0.983644485 0.103339791 -14.796861649 0.988123655 0.142041847 0.058615681 130.794342041
0.041051056 0.112704337 -0.992780209 -83.599151611 -0.147889197 0.983358741 0.105519615 -14.787558556 0.988151610 0.142489746 0.057035659 130.873733521
0.039683398 0.116438918 -0.992404699 -84.553237915 -0.149252355 0.982735634 0.109336257 -14.780403137 0.988002419 0.143779948 0.056377072 130.933349609
0.037785146 0.121480078 -0.991874397 -85.503379822 -0.150511444 0.981951654 0.114531085 -14.771935463 0.987885892 0.144960880 0.055387329 130.998611450
0.035134383 0.121193707 -0.992006838 -86.453315735 -0.150362596 0.981961548 0.114640996 -14.768096924 0.988006353 0.145132899 0.052723616 131.064865112
0.034321409 0.115903616 -0.992667377 -87.398132324 -0.150532529 0.982520461 0.109514236 -14.763404846 0.988009095 0.145670041 0.051168755 131.125793457
0.031741831 0.111304969 -0.993279219 -88.346366882 -0.154605210 0.982365787 0.105141364 -14.753001213 0.987466276 0.150228769 0.048390407 131.187698364
0.030631673 0.109353289 -0.993530750 -89.289161682 -0.152609125 0.982854903 0.103473119 -14.751896858 0.987811863 0.148452297 0.046794787 131.253250122
0.030164981 0.110396743 -0.993429720 -90.255043030 -0.147542804 0.983486414 0.104811706 -14.751100540 0.988595545 0.143411785 0.045955103 131.307876587
0.030015722 0.111745134 -0.993283510 -91.204765320 -0.144663453 0.983754277 0.106301539 -14.749556541 0.989025593 0.140501097 0.045693532 131.367416382
0.028314147 0.111322641 -0.993380904 -92.156661987 -0.139504954 0.984493732 0.106350444 -14.749704361 0.989816487 0.135570332 0.043405164 131.439056396
0.027140791 0.108486474 -0.993727386 -93.099685669 -0.135644317 0.985298634 0.103861570 -14.753603935 0.990385771 0.131974578 0.041457362 131.502883911
0.026653238 0.105384111 -0.994074345 -94.040985107 -0.130429849 0.986293375 0.101062134 -14.757835388 0.991099179 0.126963317 0.040033143 131.566589355
0.024980793 0.107898958 -0.993847966 -95.021095276 -0.128145009 0.986302316 0.103858769 -14.757441521 0.991440713 0.124762200 0.038465329 131.620300293
0.023533037 0.110269368 -0.993623078 -95.968490601 -0.127473816 0.986116529 0.106417209 -14.756399155 0.991562724 0.124156602 0.037262775 131.680831909
0.022126131 0.108122952 -0.993891358 -96.928993225 -0.123364560 0.986832380 0.104608685 -14.754366875 0.992114723 0.120296367 0.035173319 131.733627319
0.020250972 0.105474189 -0.994215906 -97.880699158 -0.120380193 0.987442493 0.102303617 -14.756999969 0.992521286 0.117612138 0.032693669 131.783493042
0.016549397 0.102383859 -0.994607270 -98.845031738 -0.119079776 0.987865508 0.099708483 -14.750953674 0.992746770 0.116787501 0.028540421 131.837875366
0.013607494 0.101463407 -0.994746208 -99.800643921 -0.113514088 0.988563657 0.099279985 -14.761357307 0.993443072 0.111566767 0.024969397 131.891632080
0.011661070 0.101367906 -0.994780660 -100.757926941 -0.106695533 0.989294827 0.099558182 -14.755249023 0.994223297 0.104977705 0.022351742 131.933197021
0.009047969 0.108889014 -0.994012713 -101.722198486 -0.096737750 0.989486158 0.107512593 -14.752091408 0.995268703 0.095185794 0.019486520 131.998138428
0.006532366 0.116900258 -0.993122160 -102.678848267 -0.088720210 0.989294648 0.115866132 -14.748538971 0.996035159 0.087353133 0.016833849 132.053924561
0.003668895 0.116445586 -0.993190229 -103.631301880 -0.084511198 0.989679992 0.115721814 -14.743375778 0.996415734 0.083511136 0.013471985 132.100616455
0.000852635 0.106228910 -0.994341314 -104.586326599 -0.085341997 0.990721762 0.105769046 -14.743673325 0.996351361 0.084768906 0.009910512 132.137481689
-0.001231257 0.096727349 -0.995310128 -105.533142090 -0.087070890 0.991520464 0.096466757 -14.741908073 0.996201396 0.086781316 0.007201320 132.175827026
-0.001333048 0.098379843 -0.995148063 -106.497451782 -0.094496727 0.990683436 0.098065063 -14.746889114 0.995524347 0.094168946 0.007975945 132.191940308
-0.002348911 0.107943602 -0.994154155 -107.458900452 -0.097992778 0.989347279 0.107653193 -14.738228798 0.995184362 0.097672798 0.008253802 132.232543945
-0.003894753 0.119137466 -0.992870092 -108.421615601 -0.101847433 0.987667382 0.118912674 -14.726278305 0.994792461 0.101584412 0.008287123 132.263671875
-0.005342654 0.121065967 -0.992630064 -109.364036560 -0.108989902 0.986660242 0.120924473 -14.718700409 0.994028509 0.108832717 0.007923583 132.295669556
-0.004898272 0.118312061 -0.992964387 -110.350425720 -0.116281174 0.986172676 0.118076436 -14.703916550 0.993204236 0.116041437 0.008926923 132.311477661
-0.005011526 0.114557624 -0.993403971 -111.305892944 -0.124434337 0.985623777 0.114288189 -14.693375587 0.992215157 0.124186322 0.009315426 132.335769653
-0.002455897 0.116339922 -0.993206441 -112.272750854 -0.129048839 0.984867632 0.115682244 -14.673476219 0.991635203 0.128456220 0.012594800 132.357543945
-0.001177014 0.117602274 -0.993060052 -113.250961304 -0.137090400 0.983665764 0.116652280 -14.657843590 0.990557849 0.136276290 0.014964359 132.383956909
-0.000662173 0.120413356 -0.992723644 -114.214912415 -0.146354094 0.982022762 0.119213022 -14.642605782 0.989232004 0.145368114 0.016972722 132.406326294
-0.000632604 0.122566573 -0.992460072 -115.187171936 -0.151883110 0.980934441 0.121240005 -14.624070168 0.988398314 0.150814623 0.017995251 132.437271118
-0.000283805 0.122087575 -0.992519319 -116.159942627 -0.155185670 0.980489850 0.120652251 -14.616443634 0.987885296 0.154059038 0.018667975 132.476119995
0.001278946 0.112637296 -0.993635356 -117.115135193 -0.154122591 0.981786191 0.111095712 -14.619465828 0.988050878 0.152999580 0.018615605 132.509780884
0.002640777 0.101010896 -0.994881928 -118.065132141 -0.157366753 0.982531130 0.099339224 -14.610227585 0.987536728 0.156298950 0.018490402 132.548889160
