1.000000000 0.000000000 0.000000000 0.000000000 0.000000000 1.000000000 0.000000000 0.000000000 0.000000000 0.000000000 1.000000000 0.000000000
0.999997854 -0.001565136 -0.001335581 0.049097270 0.001562334 0.999996603 -0.002095994 -0.132816508 0.001338857 0.002093903 0.999996901 1.297889113
0.999997675 -0.000030734 -0.002155642 0.104904182 0.000016994 0.999979675 -0.006373635 -0.267929703 0.002155794 0.006373583 0.999977350 2.600799799
0.999996066 0.002441067 -0.001372433 0.148882881 -0.002451809 0.999965906 -0.007880541 -0.406678498 0.001353150 0.007883874 0.999967992 3.903787136
0.999983847 0.005690354 0.000133787 0.194111139 -0.005689344 0.999961853 -0.006619397 -0.544897020 -0.000171449 0.006618530 0.999978006 5.218353271
0.999975264 0.006578746 0.002488647 0.241537869 -0.006570928 0.999973416 -0.003136657 -0.691367090 -0.002509217 0.003120226 0.999991953 6.533836842
0.999959826 0.006844627 0.005790621 0.297978520 -0.006834840 0.999975145 -0.001708157 -0.828812718 -0.005802169 0.001668511 0.999981821 7.838020325
0.999944091 0.005163668 0.009227201 0.352323741 -0.005147777 0.999985218 -0.001745171 -0.961461604 -0.009236076 0.001697574 0.999955893 9.141123772
0.999912024 0.003841740 0.012686749 0.426090091 -0.003821250 0.999991298 -0.001638866 -1.098569870 -0.012692934 0.001590242 0.999918222 10.437750816
0.999870598 0.002619474 0.015868843 0.495993674 -0.002580977 0.999993682 -0.002445938 -1.235854745 -0.015875148 0.002404663 0.999871075 11.750262260
0.999811947 0.001611068 0.019324247 0.570932031 -0.001548140 0.999993384 -0.003270957 -1.372467160 -0.019329390 0.003240425 0.999807894 13.043938637
0.999742448 0.001477341 0.022645872 0.639414430 -0.001403812 0.999993682 -0.003262463 -1.519593954 -0.022650547 0.003229832 0.999738157 14.367809296
0.999660552 0.001378612 0.026011795 0.724018276 -0.001265855 0.999989748 -0.004350815 -1.657191038 -0.026017522 0.004316412 0.999652147 15.665532112
0.999572873 0.002121408 0.029147483 0.809692323 -0.002000259 0.999989271 -0.004184912 -1.797019482 -0.029156044 0.004124822 0.999566376 16.961914062
0.999478161 0.001767578 0.032255381 0.901523948 -0.001648178 0.999991655 -0.003727935 -1.936728716 -0.032261703 0.003672827 0.999472737 18.247167587
0.999404192 0.000226950 0.034513861 0.999080062 -0.000101742 0.999993384 -0.003629473 -2.078010082 -0.034514468 0.003623799 0.999397635 19.547889709
0.999349296 -0.002319468 0.035994329 1.097176790 0.002497905 0.999984801 -0.004913168 -2.218028307 -0.035982389 0.004999882 0.999339879 20.825794220
0.999299169 -0.002107096 0.037373457 1.194044590 0.002348465 0.999976635 -0.006415592 -2.363964558 -0.037359070 0.006498866 0.999280751 22.130672455
0.999258757 -0.002110300 0.038439058 1.280832529 0.002464663 0.999954879 -0.009173753 -2.504877090 -0.038417973 0.009261693 0.999218762 23.413021088
0.999216080 -0.001395883 0.039562527 1.380915403 0.001814948 0.999942541 -0.010558538 -2.648773909 -0.039545517 0.010622064 0.999161243 24.700458527
0.999180794 -0.000848635 0.040458445 1.481417060 0.001303553 0.999936223 -0.011219046 -2.796414852 -0.040446337 0.011262596 0.999118209 25.971805573
0.999147236 -0.002378497 0.041221119 1.576308250 0.002799540 0.999944448 -0.010159538 -2.941565752 -0.041194666 0.010266277 0.999098420 27.264839172
0.999152243 -0.005392024 0.040812135 1.686044931 0.005766539 0.999942243 -0.009064414 -3.085268736 -0.040760905 0.009292075 0.999125779 28.542064667
0.999167800 -0.006883239 0.040204123 1.777126551 0.007266744 0.999929428 -0.009400598 -3.235194445 -0.040136576 0.009684926 0.999147177 29.833333969
0.999178112 -0.008562132 0.039620690 1.878572226 0.009045519 0.999886572 -0.012037222 -3.378799915 -0.039513133 0.012385719 0.999142230 31.096277237
0.999213278 -0.008748422 0.038682390 1.988397837 0.009217287 0.999885976 -0.011959227 -3.528456688 -0.038573351 0.012306364 0.999179959 32.380268097
0.999237239 -0.009317254 0.037924044 2.090558052 0.009791972 0.999875784 -0.012351206 -3.673167706 -0.037804253 0.012713134 0.999204218 33.650989532
0.999246120 -0.009820038 0.037559666 2.180206060 0.010295536 0.999869049 -0.012487406 -3.815023899 -0.037432116 0.012864688 0.999216497 34.912677765
0.999256551 -0.010330543 0.037144184 2.270640373 0.010826091 0.999854684 -0.013164929 -3.957026005 -0.037002787 0.013557266 0.999223292 36.168525696
0.999298930 -0.011003705 0.035782970 2.388304949 0.011482069 0.999847054 -0.013190577 -4.116167545 -0.035632350 0.013592193 0.999272525 37.460712433
0.999299228 -0.010633084 0.035888091 2.477668285 0.011045127 0.999875128 -0.011302617 -4.263117790 -0.035763431 0.011691084 0.999291897 38.718517303
0.999260068 -0.010702630 0.036941007 2.581949711 0.011094537 0.999884129 -0.010420371 -4.399723053 -0.036825199 0.010822503 0.999263108 39.989822388
0.999181628 -0.012475244 0.038476281 2.696280718 0.012814145 0.999881029 -0.008574017 -4.544264793 -0.038364746 0.009060041 0.999222696 41.240535736
0.999069810 -0.013489947 0.040957190 2.789247513 0.013909864 0.999853373 -0.009984997 -4.686518192 -0.040816478 0.010545417 0.999110997 42.506954193
0.998943567 -0.014624594 0.043563843 2.884993076 0.015206181 0.999799192 -0.013048938 -4.836197376 -0.043364257 0.013697594 0.998965383 43.755664825
0.998840570 -0.015741596 0.045493647 2.989717960 0.016399123 0.999765813 -0.014116214 -4.984234333 -0.045260783 0.014845903 0.998864830 45.020236969
0.998710871 -0.016003372 0.048171856 3.112233639 0.016636832 0.999779940 -0.012777867 -5.118239403 -0.047956768 0.013562823 0.998757362 46.254280090
0.998512089 -0.016867621 0.051856041 3.221453190 0.017388999 0.999802649 -0.009619661 -5.270890713 -0.051683538 0.010507075 0.998608232 47.522762299
0.998235464 -0.020002702 0.055909391 3.336516857 0.020471226 0.999759912 -0.007819870 -5.407255650 -0.055739548 0.008950605 0.998405159 48.745868683
0.998002648 -0.021962278 0.059230395 3.470293760 0.022473354 0.999715626 -0.007976220 -5.548746586 -0.059038382 0.009291396 0.998212397 50.000659943
0.997732818 -0.025298253 0.062362231 3.616389036 0.026086090 0.999589443 -0.011851449 -5.684448242 -0.062036809 0.013451368 0.997983158 51.236473083
0.997423589 -0.026495729 0.066666000 3.737029076 0.027361318 0.999552250 -0.012104461 -5.816446781 -0.066315442 0.013897344 0.997701943 52.473083496
0.997069061 -0.029203644 0.070715584 3.869698763 0.029944081 0.999507129 -0.009433025 -5.957829952 -0.070405260 0.011522891 0.997451901 53.690876007
0.996820569 -0.031721968 0.073091485 4.037853718 0.032262754 0.999459982 -0.006229769 -6.088884354 -0.072854377 0.008568095 0.997305810 54.884971619
0.996514857 -0.033797573 0.076261520 4.155609608 0.034254070 0.999402165 -0.004685505 -6.220625877 -0.076057568 0.007281444 0.997076869 56.143581390
0.996305645 -0.036741409 0.077620551 4.308042526 0.036945935 0.999316573 -0.001200115 -6.348105907 -0.077523403 0.004063446 0.996982276 57.350181580
0.996132076 -0.039769392 0.078352749 4.450503349 0.039895855 0.999203861 -0.000048747 -6.472115040 -0.078288428 0.003174509 0.996925652 58.569732666
0.996098757 -0.041512597 0.077871099 4.597914696 0.041902483 0.999116004 -0.003378815 -6.596298695 -0.077662013 0.006628626 0.996957719 59.757774353
0.996117115 -0.042743307 0.076965295 4.752682209 0.043449350 0.999027431 -0.007521736 -6.728928089 -0.076568924 0.010836624 0.997005343 60.967765808
0.996132374 -0.044097397 0.075997524 4.891517639 0.045116365 0.998912692 -0.011742681 -6.855128765 -0.075397067 0.015125996 0.997038841 62.147254944
0.996143222 -0.046180017 0.074607641 5.033747196 0.047342725 0.998782098 -0.013890608 -6.991487503 -0.073875301 0.017369162 0.997116208 63.364395142
0.996294916 -0.046127003 0.072585799 5.173500538 0.047261797 0.998784482 -0.013993849 -7.123031616 -0.071852073 0.017372537 0.997263968 64.540122986
0.996518731 -0.045360468 0.069948532 5.302132130 0.046398457 0.998834670 -0.013285842 -7.268054485 -0.069264382 0.016485095 0.997462094 65.760169983
0.996750236 -0.044589411 0.067088217 5.424241543 0.045450885 0.998901844 -0.011369050 -7.398514748 -0.066507615 0.014381321 0.997682214 66.937484741
0.997149408 -0.040995073 0.063343838 5.548699379 0.041557334 0.999107361 -0.007583979 -7.529303074 -0.062976375 0.010194762 0.997962952 68.124359131
0.997447789 -0.039041918 0.059779298 5.669331074 0.039440412 0.999206841 -0.005500271 -7.656270981 -0.059517149 0.007843953 0.998196423 69.303031921
0.997614801 -0.037701406 0.057820551 5.768241405 0.038237222 0.999235153 -0.008188283 -7.794699669 -0.057467617 0.010379650 0.998293459 70.477630615
0.997827411 -0.038145930 0.053713914 5.890400887 0.039021593 0.999120474 -0.015348768 -7.928370953 -0.053081166 0.017411429 0.998438418 71.661705017
0.997850299 -0.042177547 0.050158832 6.002267838 0.043143086 0.998900712 -0.018324791 -8.063942909 -0.049330808 0.020449402 0.998573184 72.833518982
0.997883976 -0.046057560 0.045893911 6.116017342 0.046719342 0.998817444 -0.013452332 -8.202270508 -0.045220051 0.015567998 0.998855710 74.004379272
0.997891843 -0.049813747 0.041600000 6.224012375 0.050218187 0.998700023 -0.008733630 -8.327404022 -0.041110869 0.010804293 0.999096096 75.160026550
0.997967541 -0.051635984 0.037342399 6.318655968 0.051886898 0.998636246 -0.005780938 -8.455943108 -0.036992971 0.007706770 0.999285817 76.353027344
0.998150527 -0.050983913 0.033106260 6.413927078 0.051125258 0.998686373 -0.003436425 -8.580085754 -0.032887559 0.005122636 0.999445975 77.513839722
0.998288393 -0.050624695 0.029276691 6.506032944 0.050738711 0.998706937 -0.003164225 -8.700907707 -0.029078644 0.004644272 0.999566317 78.667007446
0.998447895 -0.048974980 0.026519243 6.573608875 0.049122009 0.998780668 -0.004921019 -8.831230164 -0.026245898 0.006216062 0.999636114 79.839134216
0.998630166 -0.046720117 0.023558101 6.649219513 0.046973366 0.998842895 -0.010313229 -8.957200050 -0.023049003 0.011405705 0.999669254 80.982116699
0.998568416 -0.050012384 0.018972665 6.745109558 0.050302140 0.998619616 -0.015115276 -9.094998360 -0.018190522 0.016048003 0.999705732 82.144828796
0.998417735 -0.053652458 0.016836010 6.796707153 0.053920932 0.998418331 -0.015919376 -9.228261948 -0.015955271 0.016802000 0.999731541 83.297088623
0.998456359 -0.053952042 0.013199546 6.865400791 0.054116949 0.998456776 -0.012472265 -9.357207298 -0.012506274 0.013167329 0.999835074 84.433807373
0.998461425 -0.054467663 0.010399647 6.935290813 0.054571923 0.998459637 -0.010019239 -9.486723900 -0.009837905 0.010571349 0.999895692 85.570289612
0.998612106 -0.051723644 0.009927204 6.977477074 0.051836204 0.998590052 -0.011436859 -9.618047714 -0.009321653 0.011935575 0.999885321 86.719604492
0.998804033 -0.047999673 0.009295736 7.035028934 0.048133742 0.998731554 -0.014779415 -9.744011879 -0.008574538 0.015209179 0.999847591 87.839874268
0.998877048 -0.046708308 0.007933510 7.101500511 0.046844780 0.998740196 -0.017988134 -9.868088722 -0.007083321 0.018339576 0.999806702 88.932662964
0.998825073 -0.047832154 0.007770814 7.143191338 0.047964983 0.998688340 -0.017915826 -10.015786171 -0.006903667 0.018267505 0.999809325 90.091125488
0.998776138 -0.049048167 0.006358356 7.199297905 0.049139302 0.998678148 -0.015071359 -10.146936417 -0.005610730 0.015365359 0.999866188 91.205078125
0.998728454 -0.050092146 0.005673743 7.251281738 0.050159443 0.998664021 -0.012414818 -10.277312279 -0.005044278 0.012683624 0.999906838 92.321815491
0.998729944 -0.050169207 0.004637676 7.322272778 0.050222050 0.998665035 -0.012081122 -10.397164345 -0.004025385 0.012298693 0.999916196 93.449851990
0.998699367 -0.050784647 0.004527064 7.373745441 0.050844122 0.998606265 -0.014165019 -10.524392128 -0.003801388 0.014376771 0.999889374 94.558471680
0.998693407 -0.050941378 0.004047970 7.435165882 0.051006317 0.998536050 -0.018002151 -10.654938698 -0.003124990 0.018185101 0.999829769 95.665824890
0.998691380 -0.050994657 0.003888434 7.487208843 0.051059820 0.998513520 -0.019070152 -10.794935226 -0.002910177 0.019243740 0.999810696 96.782562256
0.998650908 -0.051809642 0.003490732 7.548727036 0.051862434 0.998504996 -0.017267833 -10.927577019 -0.002590873 0.017425569 0.999844849 97.867477417
0.998714447 -0.050479166 0.004613162 7.594226360 0.050531719 0.998649359 -0.012092516 -11.050765991 -0.003996511 0.012310083 0.999916196 98.953002930
0.998797834 -0.048649944 0.006000119 7.645495892 0.048701726 0.998774529 -0.008808279 -11.169435501 -0.005564243 0.009089909 0.999943256 100.020172119
0.998886883 -0.046463843 0.008130529 7.693488121 0.046534345 0.998878717 -0.008707966 -11.290059090 -0.007716807 0.009076620 0.999929011 101.086441040
0.998956382 -0.044545975 0.010090508 7.749988556 0.044651791 0.998947263 -0.010516088 -11.410904884 -0.009611433 0.010955671 0.999893725 102.125122070
0.998902798 -0.045053337 0.012784185 7.804035187 0.045215905 0.998896182 -0.012725763 -11.533506393 -0.012196735 0.013289846 0.999837279 103.146499634
0.998808503 -0.046491548 0.014843188 7.855162621 0.046694119 0.998816609 -0.013605037 -11.648323059 -0.014193104 0.014281913 0.999797285 104.147758484
0.998690963 -0.048245378 0.016991796 7.914867401 0.048464544 0.998743773 -0.012731695 -11.761496544 -0.016356204 0.013538529 0.999774575 105.125457764
0.998658240 -0.048304103 0.018665563 7.978839397 0.048523039 0.998756349 -0.011459518 -11.879617691 -0.018088806 0.012349851 0.999760091 106.101257324
0.998589337 -0.049452975 0.019329777 8.057617188 0.049650762 0.998717666 -0.009889784 -11.986446381 -0.018815912 0.010835571 0.999764264 107.042449951
0.998512149 -0.050134614 0.021447312 8.115778923 0.050365362 0.998677075 -0.010357126 -12.093116760 -0.020899687 0.011421916 0.999716341 107.958961487
0.998499393 -0.049799945 0.022784056 8.181561470 0.050005306 0.998712480 -0.008533527 -12.191945076 -0.022329751 0.009660045 0.999704003 108.862533569
0.998488903 -0.049007911 0.024862580 8.240227699 0.049179900 0.998769701 -0.006353741 -12.290212631 -0.024520610 0.007566877 0.999670744 109.730575562
0.998461187 -0.049142871 0.025692204 8.310228348 0.049244978 0.998781085 -0.003356543 -12.389611244 -0.025495933 0.004616590 0.999664187 110.587272644
0.998410404 -0.049262170 0.027384838 8.373749733 0.049376804 0.998774052 -0.003525454 -12.479836464 -0.027177593 0.004872026 0.999618769 111.413208008
0.998433053 -0.048025638 0.028723285 8.424377441 0.048114613 0.998838902 -0.002414101 -12.570462227 -0.028573995 0.003792327 0.999584496 112.218688965
0.998524070 -0.045651231 0.029420692 8.477609634 0.045734003 0.998951316 -0.002146162 -12.650736809 -0.029291864 0.003488521 0.999564886 112.996437073
0.998660147 -0.043165464 0.028544312 8.525770187 0.043150894 0.999067903 0.001126722 -12.730176926 -0.028566344 0.000106501 0.999591947 113.752769470
0.998740256 -0.043167155 0.025582116 8.577760696 0.043132860 0.999067664 0.001890984 -12.810934067 -0.025639895 -0.000785172 0.999670923 114.501029968
0.998871922 -0.043393340 0.019279700 8.617725372 0.043358877 0.999056995 0.002202666 -12.886825562 -0.019357104 -0.001364236 0.999811649 115.199317932
0.999083877 -0.041944407 0.008481959 8.648104668 0.041935015 0.999119461 0.001281671 -12.964199066 -0.008528249 -0.000924806 0.999963164 115.861076355
0.999219179 -0.039187524 -0.005027672 8.650191307 0.039178539 0.999230385 -0.001875113 -13.027132034 0.005097281 0.001676672 0.999985576 116.493453979
0.998988986 -0.037720531 -0.024456250 8.658459663 0.037627574 0.999282718 -0.004250151 -13.099172592 0.024599029 0.003325625 0.999691784 117.133766174
0.998266041 -0.035964757 -0.046599053 8.623879433 0.035701469 0.999341428 -0.006470285 -13.168785095 0.046801072 0.004795412 0.998892725 117.721374512
0.996632516 -0.034392945 -0.074434690 8.586381912 0.033872213 0.999392152 -0.008247249 -13.235734940 0.074673086 0.005698208 0.997191727 118.291580200
0.993776202 -0.032081567 -0.106675148 8.517476082 0.031149225 0.999460638 -0.010395154 -13.301280975 0.106951118 0.007007609 0.994239628 118.833526611
0.989508271 -0.027595378 -0.141815558 8.406740189 0.026194906 0.999587953 -0.011733055 -13.366226196 0.142080903 0.007895112 0.989823520 119.376953125
0.983360946 -0.021496719 -0.180386081 8.304290771 0.019834688 0.999742627 -0.011012651 -13.428110123 0.180576384 0.007251509 0.983534217 119.884223938
0.974960804 -0.016042961 -0.221797109 8.162698746 0.014443181 0.999856770 -0.008832952 -13.486751556 0.221907049 0.005408327 0.975052774 120.387481689
0.963733256 -0.011509573 -0.266619086 7.992013931 0.009901266 0.999923825 -0.007375753 -13.542158127 0.266683608 0.004468392 0.963773787 120.883628845
0.949685454 -0.005245483 -0.313161492 7.801208496 0.003004692 0.999966323 -0.007637575 -13.599901199 0.313190967 0.006312339 0.949669182 121.344657898
0.932381511 0.002480211 -0.361467183 7.579673767 -0.005926132 0.999946952 -0.008424935 -13.653785706 0.361427099 0.009997357 0.932346761 121.811706543
0.911445320 0.007278502 -0.411357135 7.322685242 -0.012030919 0.999887347 -0.008965053 -13.711146355 0.411245644 0.013120158 0.911430120 122.253074646
0.886491597 0.011632718 -0.462598443 7.056388855 -0.017135995 0.999823451 -0.007696197 -13.762794495 0.462427318 0.014749696 0.886534572 122.664291382
0.857344449 0.014554349 -0.514537394 6.775611877 -0.021551222 0.999738574 -0.007630688 -13.803116798 0.514291883 0.017631035 0.857433915 123.074821472
0.826349199 0.024753271 -0.562613785 6.444469452 -0.032477092 0.999465466 -0.003727921 -13.858645439 0.562220812 0.021352623 0.826711535 123.435150146
0.792091370 0.037466820 -0.609251618 6.102664948 -0.045053124 0.998980522 0.002859941 -13.897666931 0.608737648 0.025183359 0.792971849 123.801193237
0.756423354 0.046234626 -0.652446270 5.745300293 -0.056195501 0.998404026 0.005599321 -13.937824249 0.651664019 0.032429084 0.757814407 124.115417480
0.716418624 0.050022267 -0.695875049 5.380489349 -0.063097738 0.997984350 0.006778562 -13.984235764 0.694811523 0.039051853 0.718130946 124.417663574
0.674188137 0.051951207 -0.736730218 5.002414703 -0.065941148 0.997773290 0.010015573 -14.029965401 0.735609949 0.041828465 0.676112652 124.697669983
0.630486548 0.055190295 -0.774235487 4.593906403 -0.069099903 0.997499466 0.014834929 -14.061666489 0.773118198 0.044146370 0.632723629 124.970603943
0.585518301 0.063972443 -0.808130980 4.169849396 -0.080249362 0.996558905 0.020745184 -14.093493462 0.806677401 0.052705318 0.588637233 125.201080322
0.539978623 0.072748050 -0.838528931 3.726295471 -0.091521427 0.995425522 0.027423784 -14.117503166 0.836688042 0.061935112 0.544166505 125.412673950
0.492943823 0.077734992 -0.866581678 3.274612427 -0.097184733 0.994687438 0.033944190 -14.141111374 0.864616454 0.067485914 0.497879624 125.615737915
0.446505159 0.079077870 -0.891279876 2.808830261 -0.096360311 0.994543731 0.039966151 -14.166658401 0.889577329 0.068038903 0.451688975 125.790138245
0.399497211 0.080696791 -0.913175762 2.337474823 -0.093950123 0.994477212 0.046779945 -14.186502457 0.911907554 0.067104518 0.404872388 125.960464478
0.353474081 0.083564341 -0.931704402 1.846294403 -0.095428765 0.994026899 0.052949846 -14.208399773 0.930564046 0.070194997 0.359337211 126.110092163
0.309737146 0.086699463 -0.946861148 1.340732574 -0.100781985 0.993217826 0.057976328 -14.227434158 0.945465982 0.077469125 0.316374183 126.228591919
0.268370837 0.088554300 -0.959236801 0.816833496 -0.105922177 0.992440581 0.061985176 -14.244249344 0.957474530 0.084969446 0.275721967 126.333770752
0.229378954 0.085241079 -0.969597459 0.290027618 -0.106288716 0.992394209 0.062100377 -14.260375023 0.967516363 0.088812761 0.236694485 126.429626465
0.194529995 0.080152608 -0.977616251 -0.244768143 -0.101140924 0.992982626 0.061287012 -14.278041840 0.975668252 0.086954862 0.201271683 126.522254944
0.164424956 0.075061522 -0.983529508 -0.801172256 -0.098539740 0.993362367 0.059338234 -14.294777870 0.981455147 0.087160058 0.170730144 126.599716187
0.137367472 0.073356695 -0.987800002 -1.362413406 -0.098846249 0.993291080 0.060018513 -14.317227364 0.985575795 0.089395761 0.143696889 126.680397034
0.115235776 0.072564036 -0.990684152 -1.944237709 -0.099923171 0.993116140 0.061119162 -14.331621170 0.988299608 0.091949195 0.121693373 126.747184753
0.097052217 0.073884025 -0.992533147 -2.550615311 -0.102314495 0.992698073 0.063891768 -14.343809128 0.990006387 0.095349692 0.103902996 126.795898438
0.080839306 0.072287887 -0.994102299 -3.153622627 -0.103159934 0.992617071 0.063791037 -14.368669510 0.991374373 0.097394705 0.087699682 126.851020813
0.067118309 0.071347766 -0.995190799 -3.775759697 -0.102652170 0.992640674 0.064241804 -14.393449783 0.992450416 0.097846687 0.073948421 126.896705627
0.054663599 0.068570532 -0.996147573 -4.424983025 -0.097162835 0.993269920 0.063040636 -14.414843559 0.993766189 0.093342490 0.060958222 126.953483582
0.042452630 0.066038251 -0.996913671 -5.071733952 -0.094824165 0.993575156 0.061779119 -14.432685852 0.994588435 0.091908835 0.048441909 126.999282837
0.031721957 0.065659732 -0.997337759 -5.730841637 -0.094191350 0.993595481 0.062417466 -14.452836037 0.995048583 0.091960579 0.037703373 127.035697937
0.022810690 0.067167044 -0.997480989 -6.402037144 -0.097796604 0.993105292 0.064635962 -14.474778175 0.994944930 0.096075878 0.029222127 127.047180176
0.014470707 0.066461995 -0.997683883 -7.102608681 -0.100590825 0.992823303 0.064679183 -14.497828484 0.994822621 0.099421889 0.021052316 127.067794800
0.007924560 0.065923646 -0.997793198 -7.789317608 -0.103197135 0.992550790 0.064757675 -14.518441200 0.994629323 0.102456227 0.014668657 127.088928223
0.002380814 0.067438416 -0.997720540 -8.483595848 -0.103990324 0.992330790 0.066825956 -14.540840149 0.994575500 0.103594191 0.009375496 127.108848572
-0.001038025 0.069333814 -0.997592986 -9.204977989 -0.105326869 0.992036998 0.069057249 -14.554758072 0.994437099 0.105145022 0.006272954 127.134376526
-0.001873499 0.072897449 -0.997337759 -9.923054695 -0.107723325 0.991521120 0.072674662 -14.575042725 0.994179130 0.107572682 0.005995141 127.149436951
-0.002792016 0.076530039 -0.997063398 -10.655683517 -0.110522166 0.990935326 0.076369166 -14.589608192 0.993869662 0.110410824 0.005691559 127.162223816
-0.004316518 0.082190394 -0.996607304 -11.386459351 -0.115439557 0.989912629 0.082138292 -14.602131844 0.993305147 0.115402468 0.005215049 127.178092957
-0.005583317 0.085724168 -0.996303260 -12.124061584 -0.118317872 0.989263594 0.085781515 -14.613759041 0.992960215 0.118359424 0.004619328 127.198051453
-0.006837021 0.086402036 -0.996236861 -12.870144844 -0.117728353 0.989262164 0.086605072 -14.629714966 0.993022323 0.117877454 0.003408361 127.214118958
-0.008127513 0.082805313 -0.996532500 -13.643027306 -0.116006024 0.989758670 0.083188549 -14.644969940 0.993215203 0.116279908 0.001561635 127.235328674
-0.009745940 0.079477787 -0.996788919 -14.396652222 -0.119685888 0.989577472 0.080072992 -14.649484634 0.992763996 0.120081969 -0.000131993 127.248703003
-0.010561859 0.081575431 -0.996611178 -15.169487953 -0.124637038 0.988786876 0.082255855 -14.661156654 0.992146254 0.125083432 -0.000276111 127.249244690
-0.012439295 0.084361546 -0.996357560 -15.945304871 -0.121800847 0.988886774 0.085249633 -14.674089432 0.992476583 0.122417644 -0.002025746 127.272033691
-0.014622387 0.084361888 -0.996327817 -16.719266891 -0.120615326 0.989009321 0.085512407 -14.688308716 0.992591500 0.121422812 -0.004286340 127.290893555
-0.015157299 0.083744712 -0.996371925 -17.507036209 -0.123976409 0.988639534 0.084980786 -14.697928429 0.992169321 0.124814697 -0.004602736 127.291046143
-0.016177056 0.083402909 -0.996384621 -18.306947708 -0.128230795 0.988112926 0.084792458 -14.709662437 0.991612434 0.129138872 -0.005289933 127.302215576
-0.017483238 0.087625384 -0.996000111 -19.103954315 -0.130062759 0.987488866 0.089159645 -14.713985443 0.991351604 0.131101310 -0.005867703 127.314231873
-0.017957684 0.092286676 -0.995570600 -19.912345886 -0.129263073 0.987160325 0.093838669 -14.724598885 0.991447687 0.130375624 -0.005797854 127.326019287
-0.017258080 0.095108636 -0.995317280 -20.738351822 -0.130515978 0.986733675 0.096551478 -14.733827591 0.991295993 0.131571099 -0.004615929 127.346427917
-0.015402799 0.093886346 -0.995463789 -21.557012558 -0.129871249 0.986960292 0.095093854 -14.738925934 0.991411209 0.130746827 -0.003008815 127.360916138
-0.014135798 0.094013587 -0.995470583 -22.386077881 -0.129813164 0.986971676 0.095054321 -14.742915154 0.991437674 0.130568847 -0.001747433 127.373611450
-0.014017988 0.093046941 -0.995563030 -23.208341599 -0.128429800 0.987246335 0.094077997 -14.748338699 0.991619527 0.129178792 -0.001889204 127.399017334
-0.013134655 0.095153317 -0.995375931 -24.044919968 -0.129408762 0.986928105 0.096053377 -14.754652977 0.991504371 0.130071998 -0.000649285 127.420669556
-0.012598027 0.097140245 -0.995190978 -24.884056091 -0.130907044 0.986543655 0.097953327 -14.753352165 0.991314590 0.131511524 0.000287839 127.439399719
-0.012550559 0.099554420 -0.994952977 -25.761081696 -0.134063870 0.985879838 0.100337677 -14.752158165 0.990893245 0.134646520 0.000973305 127.454414368
-0.010914700 0.100715637 -0.994855344 -26.624069214 -0.136268005 0.985483110 0.101261817 -14.748229980 0.990611970 0.136672199 0.002968063 127.469474792
-0.009292619 0.103963301 -0.994537771 -27.492555618 -0.143151924 0.984198034 0.104220010 -14.748004913 0.989657164 0.143338442 0.005736767 127.488441467
-0.006944518 0.107606962 -0.994169235 -28.375991821 -0.147632912 0.983188212 0.107449666 -14.739588737 0.989017785 0.147518307 0.009058566 127.505577087
-0.004891549 0.109412931 -0.993984342 -29.250459671 -0.150099143 0.982654572 0.108904481 -14.732934952 0.988658845 0.149728909 0.011616086 127.540092468
-0.001113714 0.110394709 -0.993887186 -30.149621964 -0.149080575 0.982762814 0.109326139 -14.733239174 0.988824546 0.148291022 0.015363187 127.563941956
0.001521818 0.110288449 -0.993898392 -31.041357040 -0.151565656 0.982442617 0.108785190 -14.725208282 0.988445938 0.150475293 0.018211044 127.596588135
0.003991708 0.114195459 -0.993450224 -31.942689896 -0.152122214 0.981965125 0.112264037 -14.717235565 0.988353670 0.150677726 0.021291386 127.630493164
0.006263465 0.115972616 -0.993232667 -32.863273621 -0.150893763 0.981988549 0.113708161 -14.709076881 0.988530159 0.149160400 0.023650190 127.674583435
0.008192690 0.117160968 -0.993079126 -33.756420135 -0.151540831 0.981787682 0.114578642 -14.703321457 0.988417029 0.149553329 0.025798153 127.717475891
0.010801531 0.115643725 -0.993232071 -34.660484314 -0.153089195 0.981771350 0.112644464 -14.696562767 0.988153338 0.150836378 0.028308438 127.751014709
0.010890299 0.116713241 -0.993105948 -35.574501038 -0.157535464 0.980962276 0.113558538 -14.682741165 0.987453282 0.155212730 0.029069448 127.797523499
0.011940717 0.117336571 -0.993020415 -36.468444824 -0.158352926 0.980781019 0.113986231 -14.676673889 0.987310350 0.155886590 0.030291816 127.837989807
0.012411524 0.113979936 -0.993405581 -37.364849091 -0.158766970 0.981103420 0.110584810 -14.673288345 0.987237990 0.156347454 0.030273238 127.876319885
0.013175798 0.109758951 -0.993870914 -38.276988983 -0.159737900 0.981423020 0.106266603 -14.672168732 0.987071455 0.157358691 0.030463692 127.922752380
0.013678089 0.108923949 -0.993955970 -39.173168182 -0.159395233 0.981575012 0.105373673 -14.665004730 0.987120092 0.156990543 0.030788027 127.968605042
0.013614468 0.113172658 -0.993482113 -40.072025299 -0.161870822 0.980717838 0.109500386 -14.658712387 0.986718059 0.159324959 0.031671301 128.013732910
0.013784837 0.119435146 -0.992746294 -41.004127502 -0.162414104 0.979923308 0.115637220 -14.650019646 0.986626387 0.159641966 0.032906044 128.055038452
0.014225397 0.118059233 -0.992904603 -41.899974823 -0.160245389 0.980439305 0.114281222 -14.647037506 0.986974716 0.157482713 0.032865584 128.102279663
0.015004934 0.107728504 -0.994067132 -42.788284302 -0.159481555 0.981709421 0.103981987 -14.651649475 0.987086952 0.156975150 0.031911194 128.149566650
0.015178715 0.097231984 -0.995145917 -43.712039948 -0.160938099 0.982521415 0.093543746 -14.655645370 0.986847758 0.158737019 0.030561743 128.194122314
0.014117964 0.094201386 -0.995452940 -44.611255646 -0.157785192 0.983288825 0.090812474 -14.663090706 0.987372518 0.155785665 0.028745618 128.244369507
0.014292976 0.104271241 -0.994446099 -45.534927368 -0.150485963 0.983444095 0.100954726 -14.663676262 0.988508821 0.148207247 0.029747695 128.294723511
0.013921498 0.117407553 -0.992986202 -46.473571777 -0.145492494 0.982751250 0.114157632 -14.660722733 0.989261389 0.142882794 0.030763289 128.359115601
0.014188644 0.126249015 -0.991897106 -47.394596100 -0.145860016 0.981647015 0.122857921 -14.649295807 0.989203513 0.142934904 0.032342926 128.408020020
0.013957355 0.120582156 -0.992605209 -48.311134338 -0.145928144 0.982318819 0.117280617 -14.644672394 0.989196718 0.143212110 0.031306904 128.452606201
0.014108694 0.107382037 -0.994117856 -49.233280182 -0.145747706 0.983818889 0.104201116 -14.644991875 0.989221096 0.143420264 0.029531088 128.494537354
0.014602013 0.098549791 -0.995025039 -50.148124695 -0.146294251 0.984632909 0.095373638 -14.642929077 0.989133298 0.144173801 0.028794888 128.541625977
0.015213819 0.098340511 -0.995036542 -51.076564789 -0.145489201 0.984778345 0.095102184 -14.647281647 0.989242792 0.143320173 0.029289721 128.588912964
0.014551438 0.100152142 -0.994865656 -52.023559570 -0.148537382 0.984147787 0.096900590 -14.665185928 0.988799691 0.146364719 0.029197101 128.635482788
0.015282754 0.099553891 -0.994914830 -52.952346802 -0.153027266 0.983541608 0.096065238 -14.664024353 0.988103807 0.150780946 0.030265689 128.671203613
0.015593264 0.099018998 -0.994963348 -53.891132355 -0.154774621 0.983329415 0.095435537 -14.665628433 0.987826765 0.152506918 0.030658945 128.717239380
0.015996028 0.106970228 -0.994133532 -54.844509125 -0.163219929 0.981203318 0.102952659 -14.668106079 0.986460149 0.160615563 0.033155032 128.758590698
0.018033892 0.116110101 -0.993072629 -55.802219391 -0.169846848 0.979153931 0.111398354 -14.659980774 0.985305429 0.166661307 0.037378889 128.804214478
0.019073492 0.124188147 -0.992075384 -56.750259399 -0.170132846 0.978187740 0.119178750 -14.648906708 0.985236526 0.166511431 0.039785944 128.854629517
0.020039488 0.125328377 -0.991912901 -57.688186646 -0.171772987 0.977791548 0.120073840 -14.643472672 0.984932780 0.167977586 0.041122466 128.902938843
0.021598311 0.115492068 -0.993073583 -58.639766693 -0.173167095 0.978723884 0.110057048 -14.634806633 0.984655619 0.169590607 0.041138206 128.955627441
0.022496417 0.110391453 -0.993633687 -59.575687408 -0.171523869 0.979574263 0.104946092 -14.628140450 0.984923065 0.168070987 0.040971685 129.017974854
0.024656767 0.109219633 -0.993711829 -60.541534424 -0.170129672 0.979972482 0.103488147 -14.630990982 0.985113084 0.166508153 0.042744458 129.074676514
0.027735751 0.114857681 -0.992994606 -61.509342194 -0.171223477 0.979241312 0.108484343 -14.623315811 0.984841704 0.167015105 0.046826325 129.148025513
0.031800900 0.116895810 -0.992634833 -62.468677521 -0.174304694 0.978567123 0.109654970 -14.619218826 0.984178126 0.169533804 0.051494807 129.202575684
0.035483085 0.111883461 -0.993087590 -63.412799835 -0.173465818 0.979318917 0.104134314 -14.620167732 0.984200537 0.168571725 0.054157212 129.271957397
0.038233504 0.106409006 -0.993587196 -64.383056641 -0.173394814 0.979936898 0.098274857 -14.629477501 0.984109998 0.168525487 0.055917200 129.347976685
0.041748278 0.106269419 -0.993460536 -65.332878113 -0.170785472 0.980452418 0.097701021 -14.631124496 0.984423399 0.165589795 0.059081461 129.422546387
0.044321846 0.110683799 -0.992866933 -66.291404724 -0.168095455 0.980500102 0.101801328 -14.640523911 0.984773874 0.162384376 0.062063016 129.511337280
0.047449939 0.117167711 -0.991977930 -67.266937256 -0.167900592 0.979902029 0.107710063 -14.636368752 0.984661341 0.161442816 0.066168815 129.592315674
0.051111933 0.120995849 -0.991336286 -68.220428467 -0.165729865 0.979898155 0.111055002 -14.633309364 0.984845757 0.158617795 0.070137121 129.669052124
0.052432626 0.122468680 -0.991086423 -69.185112000 -0.165225670 0.979837179 0.112337470 -14.632300377 0.984861076 0.157862782 0.071610399 129.763885498
0.054628599 0.119925454 -0.991278827 -70.141830444 -0.163445979 0.980444670 0.109607339 -14.627611160 0.985038638 0.156032845 0.073161647 129.845535278
0.054889794 0.118190035 -0.991472781 -71.097702026 -0.161352590 0.980968952 0.108005144 -14.625983238 0.985369146 0.154048294 0.072915465 129.937713623
0.055006463 0.114359044 -0.991915464 -72.037849426 -0.158209041 0.981867969 0.104427211 -14.631385803 0.985872328 0.151185811 0.072101720 130.034469604
0.055525932 0.114859395 -0.991828740 -73.010047913 -0.157363519 0.981952846 0.104905970 -14.629558563 0.985978484 0.150252640 0.072598532 130.110794067
0.054054148 0.118897974 -0.991434038 -73.953903198 -0.153789952 0.982030153 0.109385431 -14.625910759 0.986623943 0.146559894 0.071368121 130.219131470
0.054298446 0.120577961 -0.991217732 -74.924972534 -0.148254946 0.982653081 0.111414768 -14.622472763 0.987457395 0.140903249 0.071232818 130.306182861
0.053469080 0.116757639 -0.991720080 -75.873512268 -0.145284757 0.983482659 0.107954718 -14.617485046 0.987943888 0.138309583 0.069549009 130.392974854
0.052191358 0.113179073 -0.992202818 -76.822006226 -0.146812767 0.983631134 0.104478739 -14.617498398 0.987786412 0.140215158 0.067953184 130.477935791
0.051126920 0.109001487 -0.992725849 -77.803787231 -0.143069178 0.984572589 0.100737959 -14.610456467 0.988391221 0.136878058 0.065932900 130.552124023
0.050447542 0.110920779 -0.992548048 -78.751953125 -0.143683076 0.984280944 0.102694035 -14.621164322 0.988337040 0.137431726 0.065592006 130.607421875
0.049167588 0.112004533 -0.992490530 -79.700622559 -0.144173086 0.984081268 0.103913262 -14.618019104 0.988330185 0.137981281 0.064532951 130.692779541
0.048392728 0.113159277 -0.992397726 -80.669631958 -0.146730080 0.983588040 0.104999669 -14.624289513 0.987992048 0.140533373 0.064202376 130.759979248
0.046891507 0.113140516 -0.992471874 -81.620208740 -0.146324664 0.983624995 0.105218560 -14.614273071 0.988124609 0.140289232 0.062678903 130.837051392
0.044967249 0.113597609 -0.992508769 -82.573059082 -0.146598309 0.983508289 0.105925605 -14.612541199 0.988173366 0.140736938 0.060878888 130.909576416
0.042946644 0.116587564 -0.992251396 -83.518676758 -0.146229386 0.983205616 0.109195590 -14.610218048 0.988318026 0.140406758 0.059273899 130.986907959
0.041159842 0.120639130 -0.991842747 -84.481872559 -0.147718638 0.982509851 0.113373868 -14.600255966 0.988172531 0.141847223 0.058260601 131.044662476
0.038968861 0.125165626 -0.991370380 -85.431404114 -0.148803845 0.981788337 0.118106663 -14.584116936 0.988098681 0.142917246 0.056884300 131.113632202
0.037135944 0.125543386 -0.991392851 -86.377799988 -0.149003521 0.981682599 0.118732311 -14.581218719 0.988139153 0.143311799 0.055162113 131.180465698
0.035843480 0.119701460 -0.992162645 -87.324295044 -0.149246410 0.982308090 0.113120757 -14.571109772 0.988150179 0.144022048 0.053074352 131.247314453
0.033814181 0.115268745 -0.992758632 -88.262138367 -0.154051319 0.982056677 0.108779021 -14.561001778 0.987484097 0.149257511 0.050964743 131.310714722
0.033665150 0.112822540 -0.993044674 -89.238494873 -0.152539060 0.982546806 0.106458642 -14.548628807 0.987723827 0.147894159 0.050287440 131.359008789
0.032702606 0.113869719 -0.992957294 -90.189537048 -0.148366749 0.983034492 0.107845381 -14.550599098 0.988391519 0.143795043 0.049042270 131.424957275
0.032064866 0.115234807 -0.992820621 -91.138511658 -0.144963533 0.983364165 0.109455369 -14.545707703 0.988917291 0.140413120 0.048236288 131.494064331
0.030797549 0.115379140 -0.992844045 -92.083389282 -0.140052810 0.984013855 0.110008612 -14.546412468 0.989664912 0.135662600 0.046464384 131.566009521
0.029792815 0.112429939 -0.993212938 -93.028999329 -0.135915607 0.984880745 0.107409783 -14.545302391 0.990272284 0.131793112 0.044623367 131.631973267
0.028907273 0.109385498 -0.993578911 -93.997932434 -0.130638167 0.985882163 0.104737341 -14.549795151 0.991008580 0.126771614 0.042789083 131.691925049
0.027930895 0.111733817 -0.993345499 -94.957466125 -0.128713548 0.985862792 0.107272945 -14.548501015 0.991288424 0.124860793 0.041917685 131.752441406
0.026529692 0.114167035 -0.993107200 -95.902015686 -0.128326863 0.985626161 0.109878898 -14.544927597 0.991376996 0.124527268 0.040799048 131.817199707
0.025376346 0.111819305 -0.993404508 -96.863021851 -0.123774149 0.986429691 0.107872419 -14.534862518 0.991985977 0.120220348 0.038872324 131.871154785
0.022186315 0.109335676 -0.993757248 -97.812149048 -0.121795416 0.986893713 0.105861366 -14.538539886 0.992307186 0.118686408 0.035212122 131.934707642
0.019035330 0.106780685 -0.994100392 -98.763160706 -0.120607488 0.987265050 0.103737056 -14.536648750 0.992517769 0.117921263 0.031671464 131.995117188
0.017028453 0.105154790 -0.994310081 -99.724800110 -0.114192873 0.988151729 0.102547839 -14.537528992 0.993312716 0.111796886 0.028834619 132.043991089
0.014041033 0.105506331 -0.994319439 -100.670303345 -0.108553708 0.988700688 0.103377223 -14.533232689 0.993991435 0.106485546 0.025335480 132.108322144
0.010952415 0.114202134 -0.993397117 -101.659278870 -0.098816104 0.988717496 0.112574682 -14.540720940 0.995045424 0.096930675 0.022113854 132.178619385
0.008352326 0.122427933 -0.992442310 -102.617538452 -0.090901159 0.988460660 0.121171728 -14.533906937 0.995824873 0.089202084 0.019384786 132.237869263
0.004459055 0.121581331 -0.992571473 -103.572097778 -0.086529374 0.988905311 0.120743513 -14.521104813 0.996239305 0.085348181 0.014929942 132.296401978
0.002640894 0.112482786 -0.993650138 -104.527137756 -0.088018261 0.989823222 0.111815654 -14.527039528 0.996115386 0.087164067 0.012514559 132.323760986
0.000528958 0.103064008 -0.994674563 -105.474319458 -0.089808114 0.990660250 0.102600291 -14.521005630 0.995958924 0.089275584 0.009780000 132.364196777
-0.000267383 0.104786687 -0.994494617 -106.425781250 -0.097218603 0.989781082 0.104316175 -14.521305084 0.995263100 0.096711271 0.009922564 132.394973755
-0.000577534 0.113845780 -0.993498385 -107.401412964 -0.100539006 0.988457859 0.113326646 -14.500742912 0.994932890 0.099950783 0.010875074 132.422882080
-0.002123874 0.125237778 -0.992124438 -108.364212036 -0.104466423 0.986670375 0.124772944 -14.484927177 0.994526148 0.103908688 0.010987580 132.455474854
-0.003670508 0.126896411 -0.991909206 -109.305984497 -0.111530848 0.985675216 0.126511604 -14.470129967 0.993754268 0.111092836 0.010534936 132.491027832
-0.003454995 0.123866171 -0.992292941 -110.294090271 -0.118819073 0.985218346 0.123396754 -14.446705818 0.992909908 0.118329652 0.011313738 132.510467529
-0.003745678 0.119844206 -0.992785633 -111.248397827 -0.126853302 0.984715283 0.119348586 -14.429417610 0.991914392 0.126385167 0.011514205 132.538406372
-0.001733849 0.121950872 -0.992534637 -112.213256836 -0.131580919 0.983878732 0.121117175 -14.407235146 0.991303921 0.130808607 0.014340509 132.566940308
-0.000194729 0.122973807 -0.992409885 -113.198776245 -0.139512390 0.982701242 0.121798098 -14.383789062 0.990220308 0.138477206 0.016965006 132.592315674
0.000519235 0.125701770 -0.992067933 -114.163864136 -0.148759946 0.981039405 0.124226503 -14.362595558 0.988873184 0.147515431 0.019208778 132.614074707
0.000502577 0.128103554 -0.991760671 -115.137145996 -0.154302880 0.979893029 0.126492456 -14.338842392 0.988023460 0.152967960 0.020259220 132.646118164
0.000937380 0.127417117 -0.991848767 -116.113685608 -0.157935262 0.979419827 0.125671223 -14.324401855 0.987449050 0.156530038 0.021041749 132.684341431
0.002164311 0.117755845 -0.993040264 -117.067077637 -0.156817153 0.980796218 0.115962178 -14.322239876 0.987625360 0.155474767 0.020588886 132.723663330
0.004086715 0.106192566 -0.994337201 -118.022209167 -0.160103604 0.981588006 0.104172945 -14.307805061 0.987091720 0.158771276 0.021013282 132.757858276
