1.000000000 0.000000000 0.000000000 0.000000000 0.000000000 1.000000000 0.000000000 0.000000000 0.000000000 0.000000000 1.000000000 0.000000000
0.999997854 -0.001570672 -0.001358844 0.049870484 0.001567805 0.999996543 -0.002108774 -0.133061230 0.001362151 0.002106639 0.999996841 1.297542572
0.999997377 -0.000017252 -0.002256509 0.106259465 0.000002868 0.999979675 -0.006374233 -0.267885298 0.002256573 0.006374211 0.999977052 2.604978561
0.999996006 0.002435099 -0.001421753 0.149464279 -0.002446232 0.999965906 -0.007882407 -0.406579047 0.001402510 0.007885852 0.999967933 3.908652782
0.999983370 0.005751617 0.000110354 0.194403976 -0.005750770 0.999961972 -0.006556808 -0.545586526 -0.000148062 0.006556065 0.999978542 5.220713139
0.999975443 0.006600860 0.002343782 0.241907254 -0.006593151 0.999972880 -0.003281594 -0.690170646 -0.002365380 0.003266060 0.999991894 6.539533615
0.999959230 0.006973074 0.005729918 0.297632247 -0.006962311 0.999973953 -0.001896395 -0.828091383 -0.005742992 0.001856424 0.999981821 7.842042446
0.999944746 0.005307188 0.009073120 0.352388263 -0.005290367 0.999984264 -0.001876932 -0.960797548 -0.009082937 0.001828828 0.999957025 9.146236420
0.999915719 0.003973824 0.012364011 0.431147754 -0.003952052 0.999990642 -0.001785014 -1.097741842 -0.012370987 0.001736000 0.999921918 10.445880890
0.999870658 0.002699334 0.015852861 0.493761450 -0.002661776 0.999993622 -0.002389793 -1.236609221 -0.015859209 0.002347287 0.999871492 11.752293587
0.999813378 0.001522742 0.019258564 0.570408523 -0.001460290 0.999993563 -0.003256417 -1.371653318 -0.019263400 0.003227687 0.999809206 13.046429634
0.999742627 0.001747137 0.022617944 0.640247226 -0.001674522 0.999993324 -0.003229029 -1.520045757 -0.022623431 0.003190324 0.999738991 14.363545418
0.999661922 0.001698575 0.025943223 0.725835323 -0.001587670 0.999989510 -0.004294900 -1.658253551 -0.025950247 0.004252259 0.999654174 15.660335541
0.999573350 0.002462273 0.029101910 0.806918859 -0.002336653 0.999987781 -0.004349777 -1.795824647 -0.029112266 0.004279920 0.999566972 16.965507507
0.999477744 0.002036352 0.032252222 0.897466123 -0.001910079 0.999990344 -0.003945509 -1.934942484 -0.032259952 0.003881844 0.999471962 18.251794815
0.999405682 0.000523341 0.034468360 0.995171189 -0.000401060 0.999993622 -0.003554457 -2.079085112 -0.034469992 0.003538520 0.999399483 19.549583435
0.999345064 -0.002035549 0.036128480 1.090920448 0.002208010 0.999986351 -0.004734274 -2.220512867 -0.036118340 0.004810945 0.999336004 20.826671600
0.999301076 -0.001551893 0.037352372 1.189258099 0.001796806 0.999977052 -0.006524139 -2.361330032 -0.037341401 0.006586692 0.999280810 22.132841110
0.999258101 -0.001407296 0.038486477 1.273813725 0.001763706 0.999955833 -0.009228268 -2.504217625 -0.038471796 0.009289301 0.999216497 23.418636322
0.999216378 -0.000864591 0.039571363 1.376767397 0.001288552 0.999942064 -0.010689572 -2.646848202 -0.039559830 0.010732189 0.999159515 24.706321716
0.999170065 -0.000217831 0.040733669 1.477053523 0.000684144 0.999934316 -0.011434247 -2.791948557 -0.040728506 0.011452624 0.999104619 25.976818085
0.999155819 -0.001772496 0.041042268 1.579092383 0.002193828 0.999945343 -0.010223027 -2.940998554 -0.041021910 0.010304437 0.999105096 27.266700745
0.999158025 -0.004758745 0.040748995 1.684631824 0.005135188 0.999945045 -0.009138421 -3.086045742 -0.040703259 0.009339979 0.999127567 28.544685364
0.999179006 -0.006352945 0.040012177 1.782946587 0.006738676 0.999931991 -0.009512878 -3.235089540 -0.039949019 0.009774696 0.999153912 29.835639954
0.999199927 -0.008083878 0.039169233 1.888773203 0.008557983 0.999891937 -0.011951485 -3.380373955 -0.039068390 0.012277130 0.999161124 31.104228973
0.999230027 -0.008096319 0.038389441 1.997509003 0.008568094 0.999889553 -0.012140655 -3.528562307 -0.038286913 0.012460233 0.999189079 32.389190674
0.999241352 -0.008687916 0.037963860 2.093213558 0.009169425 0.999879479 -0.012527634 -3.672083139 -0.037850443 0.012866236 0.999200523 33.653663635
0.999261796 -0.009153124 0.037314519 2.190797329 0.009630199 0.999873936 -0.012625570 -3.816342115 -0.037194259 0.012975596 0.999223769 34.926086426
0.999270976 -0.009629553 0.036945276 2.280642986 0.010128038 0.999859929 -0.013329145 -3.958129883 -0.036811739 0.013693611 0.999228418 36.182529449
0.999307156 -0.010119227 0.035814140 2.391916037 0.010594835 0.999857843 -0.013115143 -4.121405125 -0.035676342 0.013485503 0.999272346 37.475421906
0.999309480 -0.009775553 0.035846058 2.485436916 0.010187860 0.999883831 -0.011337621 -4.265513897 -0.035731062 0.011694986 0.999293029 38.736778259
0.999276578 -0.009844868 0.036734097 2.589301109 0.010232462 0.999893725 -0.010378222 -4.405666351 -0.036628019 0.010746593 0.999271274 40.009704590
0.999195158 -0.011653950 0.038382750 2.703662872 0.011996350 0.999890089 -0.008702422 -4.547596455 -0.038277116 0.009155871 0.999225199 41.262142181
0.999080539 -0.012831396 0.040907819 2.794932365 0.013247882 0.999862969 -0.009926295 -4.694516182 -0.040774845 0.010459107 0.999113619 42.525539398
0.998964012 -0.014124351 0.043259256 2.894833565 0.014704958 0.999805629 -0.013132884 -4.841232300 -0.043065362 0.013755402 0.998977542 43.767757416
0.998865128 -0.015185655 0.045143101 3.001227617 0.015842056 0.999773383 -0.014218417 -4.986687183 -0.044916958 0.014917440 0.998879313 45.036407471
0.998746157 -0.015393590 0.047637265 3.129570484 0.016037857 0.999784589 -0.013171916 -5.118833542 -0.047424257 0.013919400 0.998777807 46.274089813
0.998531759 -0.016642410 0.051549133 3.227502346 0.017151712 0.999808311 -0.009453332 -5.276220322 -0.051381920 0.010323607 0.998625696 47.530963898
0.998256445 -0.019720769 0.055634290 3.334983826 0.020167552 0.999768674 -0.007480689 -5.415475845 -0.055473898 0.008589654 0.998423100 48.748138428
0.998028874 -0.021513693 0.058953475 3.477663755 0.022026021 0.999724925 -0.008054386 -5.553157330 -0.058763966 0.009337020 0.998228252 50.014034271
0.997749448 -0.024930228 0.062245850 3.618082523 0.025710186 0.999600291 -0.011760882 -5.688933849 -0.061927762 0.013334766 0.997991562 51.243850708
0.997452915 -0.026000621 0.066420034 3.746843100 0.026849754 0.999568343 -0.011923705 -5.823256493 -0.066081345 0.013676695 0.997720599 52.480533600
0.997091949 -0.028628469 0.070625834 3.875849009 0.029356202 0.999525785 -0.009287536 -5.965185642 -0.070326462 0.011333835 0.997459590 53.700160980
0.996820152 -0.031127147 0.073352978 4.030884743 0.031654127 0.999480665 -0.006032235 -6.097983837 -0.073127121 0.008334978 0.997287810 54.913303375
0.996600986 -0.033697970 0.075172193 4.186577797 0.034123920 0.999407947 -0.004388792 -6.228917122 -0.074979797 0.006939045 0.997160971 56.132354736
0.996391714 -0.036757231 0.076500475 4.337462425 0.036966972 0.999315739 -0.001327041 -6.351624012 -0.076399341 0.004150245 0.997068584 57.342430115
0.996230066 -0.039787211 0.077087954 4.489239693 0.039885860 0.999204218 0.000260118 -6.481251717 -0.077036947 0.002815581 0.997024179 58.551303864
0.996176481 -0.041812725 0.076707006 4.635692596 0.042172324 0.999105573 -0.003073414 -6.603705883 -0.076509893 0.006296576 0.997048855 59.755676270
0.996191084 -0.042993903 0.075860739 4.786515236 0.043666679 0.999020040 -0.007231600 -6.734281540 -0.075475477 0.010516642 0.997092128 60.942565918
0.996221125 -0.044107880 0.074819289 4.919358253 0.045088310 0.998917162 -0.011465011 -6.858068466 -0.074232593 0.014795163 0.997131169 62.147796631
0.996274114 -0.045625534 0.073186234 5.070083618 0.046757448 0.998810530 -0.013827228 -6.990865707 -0.072468303 0.017197710 0.997222424 63.342685699
0.996393144 -0.045952879 0.071337394 5.197211266 0.047069542 0.998792768 -0.014050943 -7.126035213 -0.070605598 0.017358081 0.997353256 64.525253296
0.996618450 -0.045359116 0.068513565 5.331886768 0.046386745 0.998832583 -0.013482468 -7.260984898 -0.067822024 0.016614998 0.997559071 65.701911926
0.996854067 -0.044216305 0.065779068 5.445040703 0.045054838 0.998920381 -0.011318809 -7.404067516 -0.065207578 0.014246866 0.997770011 66.903892517
0.997248769 -0.040555283 0.062049314 5.566349030 0.041126922 0.999122202 -0.007962875 -7.531363964 -0.061671909 0.010492863 0.998041332 68.076148987
0.997453511 -0.038751066 0.059875987 5.673650742 0.039133247 0.999220371 -0.005223125 -7.661458969 -0.059626911 0.007552964 0.998192132 69.248451233
0.997750223 -0.037710939 0.055430979 5.807740211 0.038222361 0.999235630 -0.008194953 -7.804986954 -0.055079572 0.010295218 0.998428881 70.462562561
0.997937799 -0.038010925 0.051724531 5.918438911 0.038827784 0.999135077 -0.014879948 -7.934751987 -0.051114198 0.016857609 0.998550534 71.621101379
0.997988760 -0.041454237 0.047958776 6.025048256 0.042375132 0.998933315 -0.018346701 -8.066452980 -0.047147073 0.020342061 0.998680770 72.796493530
0.998020649 -0.045527376 0.043381173 6.153297424 0.046166394 0.998837829 -0.013843461 -8.202413559 -0.042700507 0.015818814 0.998962641 73.985038757
0.998020887 -0.049281321 0.039059084 6.258289337 0.049667832 0.998725355 -0.008987237 -8.329124451 -0.038566396 0.010909432 0.999196410 75.141654968
0.998071909 -0.051784702 0.034217831 6.356232643 0.052018516 0.998628139 -0.005978094 -8.459131241 -0.033861309 0.007746529 0.999396503 76.329010010
0.998254955 -0.050825592 0.030063460 6.446012497 0.050957918 0.998694003 -0.003651465 -8.582489967 -0.029838612 0.005177065 0.999541342 77.488616943
0.998392940 -0.050492041 0.025731822 6.546051979 0.050615817 0.998709440 -0.004181862 -8.692963600 -0.025487462 0.005477577 0.999660134 78.652595520
0.998515546 -0.049390119 0.022960186 6.608330250 0.049529176 0.998757482 -0.005528003 -8.830543518 -0.022658626 0.006656997 0.999721110 79.813285828
0.998706341 -0.046927769 0.019580416 6.686917305 0.047142018 0.998831570 -0.010627201 -8.958971977 -0.019058831 0.011536514 0.999751806 80.961990356
0.998598635 -0.050504118 0.015810244 6.767106056 0.050748374 0.998592019 -0.015448766 -9.097682953 -0.015007759 0.016229464 0.999755621 82.122398376
0.998449981 -0.054094993 0.013084023 6.824367046 0.054305822 0.998390734 -0.016333938 -9.227887154 -0.012179382 0.017019160 0.999780953 83.253913879
0.998471260 -0.054474164 0.009360360 6.890123367 0.054593425 0.998423994 -0.012996180 -9.356588364 -0.008637652 0.013487327 0.999871731 84.391799927
0.998476267 -0.054764003 0.006775266 6.954990387 0.054833036 0.998440802 -0.010461872 -9.486515999 -0.006191768 0.010817442 0.999922276 85.530769348
0.998611271 -0.052402925 0.005432113 7.000052452 0.052465275 0.998549998 -0.012052746 -9.616909027 -0.004792637 0.012321007 0.999912560 86.671936035
0.998794377 -0.048849221 0.004854482 7.052282810 0.048918188 0.998685956 -0.015281064 -9.744470596 -0.004101634 0.015500113 0.999871433 87.792335510
0.998872101 -0.047307409 0.004068546 7.103157520 0.047373131 0.998715937 -0.017951921 -9.874155045 -0.003214062 0.018124413 0.999830604 88.904739380
0.998781919 -0.049243066 0.003129378 7.154901981 0.049293190 0.998608947 -0.018715251 -10.008462906 -0.002203429 0.018846709 0.999819934 90.041572571
0.998731971 -0.050318003 0.001611148 7.206652641 0.050337445 0.998602569 -0.016094672 -10.139310837 -0.000799044 0.016155362 0.999869168 91.155426025
0.998673260 -0.051491592 0.000724916 7.255437851 0.051496688 0.998582125 -0.013485044 -10.269717216 -0.000029522 0.013504482 0.999908805 92.269920349
0.998691559 -0.051138423 -0.000076582 7.317645550 0.051133234 0.998609304 -0.012837068 -10.392625809 0.000732943 0.012816357 0.999917567 93.391151428
0.998662412 -0.051703688 -0.000075425 7.362505913 0.051696662 0.998548627 -0.015097231 -10.519532204 0.000855898 0.015073139 0.999886036 94.499938965
0.998654783 -0.051847912 -0.000623205 7.419154644 0.051826824 0.998476326 -0.018940203 -10.650268555 0.001604265 0.018882426 0.999820471 95.606849670
0.998630166 -0.052321523 -0.000507818 7.465455055 0.052301001 0.998432159 -0.019944785 -10.789196014 0.001550563 0.019890901 0.999800980 96.722213745
0.998592854 -0.053025305 -0.000815937 7.520930290 0.053001337 0.998424649 -0.018410821 -10.920473099 0.001790891 0.018341666 0.999830246 97.807357788
0.998641074 -0.052113872 0.000272494 7.560599327 0.052113004 0.998556316 -0.013017968 -11.045459747 0.000406316 0.013014480 0.999915183 98.893157959
0.998725951 -0.050435960 0.001627228 7.608558178 0.050449140 0.998681784 -0.009460725 -11.167000771 -0.001147923 0.009530764 0.999953985 99.960403442
0.998844028 -0.047937475 0.003554666 7.653759956 0.047969755 0.998802304 -0.009633064 -11.287067413 -0.003088624 0.009792444 0.999947309 101.030868530
0.998921931 -0.046057809 0.005791337 7.699705124 0.046121255 0.998871446 -0.011344986 -11.409608841 -0.005262276 0.011599859 0.999918878 102.063949585
0.998873234 -0.046667945 0.008626172 7.745871544 0.046782929 0.998811960 -0.013647133 -11.531758308 -0.007979039 0.014035314 0.999869704 103.082267761
0.998787999 -0.048147108 0.010212981 7.801074982 0.048293911 0.998725712 -0.014650775 -11.647295952 -0.009494575 0.015126242 0.999840438 104.102355957
0.998677015 -0.049962729 0.012159219 7.861248970 0.050130352 0.998646021 -0.013894835 -11.761941910 -0.011448530 0.014486001 0.999829412 105.083412170
0.998645365 -0.050150793 0.013871366 7.916410923 0.050324552 0.998654962 -0.012474188 -11.881937027 -0.013227118 0.013155359 0.999825895 106.065002441
0.998578310 -0.051224016 0.014744595 7.991556168 0.051384877 0.998621106 -0.010745740 -11.994166374 -0.014173823 0.011488112 0.999833524 107.008117676
0.998510778 -0.051915661 0.016756402 8.047267914 0.052106701 0.998579025 -0.011173240 -12.101538658 -0.016152523 0.012029721 0.999797165 107.926063538
0.998497546 -0.051671572 0.018235341 8.110758781 0.051850449 0.998609900 -0.009476410 -12.201660156 -0.017720329 0.010407684 0.999788821 108.833999634
0.998512626 -0.050667789 0.020134900 8.167488098 0.050826199 0.998679817 -0.007434793 -12.298958778 -0.019731615 0.008447116 0.999769628 109.704109192
0.998478293 -0.050804853 0.021444779 8.227048874 0.050905064 0.998694837 -0.004152925 -12.402227402 -0.021205800 0.005238254 0.999761403 110.561424255
0.998434246 -0.051000338 0.022977982 8.287505150 0.051103972 0.998685539 -0.003945415 -12.494973183 -0.022746559 0.005113505 0.999728203 111.388801575
0.998457134 -0.050078023 0.023989473 8.340901375 0.050169609 0.998735487 -0.003230720 -12.586724281 -0.023797350 0.004429279 0.999706984 112.203582764
0.998554170 -0.047820378 0.024548080 8.392437935 0.047905486 0.998847663 -0.002890562 -12.666951180 -0.024381567 0.004062371 0.999694467 112.984329224
0.998689592 -0.045282017 0.023846112 8.438426971 0.045284253 0.998973966 0.000446571 -12.749156952 -0.023841871 0.000633868 0.999715447 113.741333008
0.998765409 -0.045138288 0.020741118 8.486520767 0.045124691 0.998980641 0.001123610 -12.828680992 -0.020770695 -0.000186286 0.999784231 114.480499268
0.998874962 -0.045217492 0.014282259 8.523748398 0.045205962 0.998976946 0.001129398 -12.902804375 -0.014318716 -0.000482484 0.999897361 115.179061890
0.999043107 -0.043585893 0.003618781 8.550329208 0.043585479 0.999049604 0.000191761 -12.980582237 -0.003623698 -0.000033851 0.999993443 115.850028992
0.999099672 -0.041133191 -0.010382561 8.551248550 0.041107107 0.999150991 -0.002712680 -13.047152519 0.010485334 0.002283440 0.999942422 116.498985291
0.998801410 -0.039417904 -0.029015290 8.548523903 0.039287824 0.999215245 -0.005039773 -13.121512413 0.029191175 0.003893785 0.999566257 117.111145020
0.997965097 -0.037696756 -0.051426101 8.515383720 0.037360977 0.999273837 -0.007475351 -13.190550804 0.051670559 0.005538811 0.998648822 117.699241638
0.996206403 -0.036315389 -0.079082385 8.472316742 0.035698414 0.999320149 -0.009202024 -13.258549690 0.079362810 0.006343999 0.996825576 118.268966675
0.993236423 -0.034073636 -0.110997058 8.398673058 0.033030726 0.999391258 -0.011221714 -13.326150894 0.111311860 0.007479501 0.993757427 118.809463501
0.988803983 -0.029589413 -0.146257669 8.287971497 0.028052220 0.999527514 -0.012562017 -13.392154694 0.146560282 0.008318517 0.989166796 119.350952148
0.982466817 -0.023622831 -0.184935614 8.179126740 0.021743821 0.999689341 -0.012182158 -13.449076653 0.185165957 0.007947358 0.982675135 119.860313416
0.973855436 -0.018375160 -0.226424396 8.038326263 0.016472239 0.999811351 -0.010290917 -13.506628990 0.226570815 0.006292148 0.973974347 120.364051819
0.962467372 -0.013495542 -0.271061689 7.863443375 0.011534972 0.999894559 -0.008824862 -13.563296318 0.271152198 0.005366952 0.962521553 120.858963013
0.948147297 -0.007346211 -0.317746222 7.672180176 0.004710768 0.999947786 -0.009061718 -13.622785568 0.317796171 0.007095015 0.948132515 121.321060181
0.930597365 0.000497408 -0.366044104 7.446403503 -0.004370581 0.999942839 -0.009752573 -13.682837486 0.366018355 0.010675546 0.930546463 121.801300049
0.909477830 0.005025860 -0.415721834 7.187427521 -0.010479262 0.999886274 -0.010837457 -13.731834412 0.415620178 0.014212887 0.909427166 122.231132507
0.884362400 0.009270245 -0.466708928 6.918521881 -0.015531166 0.999833584 -0.009570154 -13.785317421 0.466542512 0.015712019 0.884359241 122.642913818
0.855297506 0.012615355 -0.517983794 6.630809784 -0.020473171 0.999745667 -0.009456871 -13.828171730 0.517732739 0.018693209 0.855338275 123.042648315
0.823786616 0.022473566 -0.566454411 6.303882599 -0.031260297 0.999494314 -0.005807363 -13.882747650 0.566037476 0.022491559 0.824072719 123.408561707
0.789793789 0.035830837 -0.612325072 5.964595795 -0.044468436 0.999010146 0.001101493 -13.925451279 0.611758471 0.026359189 0.790605366 123.755043030
0.753622293 0.044162948 -0.655822337 5.603443146 -0.055672742 0.998443723 0.003260019 -13.966162682 0.654945791 0.034054603 0.754908085 124.077255249
0.713658929 0.047902100 -0.698853552 5.236968994 -0.062721752 0.998021483 0.004357690 -14.012022972 0.697679639 0.040723413 0.715251446 124.373947144
0.671057701 0.049720548 -0.739735842 4.858463287 -0.065251380 0.997837722 0.007875226 -14.062536240 0.738528013 0.042984065 0.672851205 124.659774780
0.627386868 0.053203344 -0.776888132 4.442836761 -0.068700962 0.997554719 0.012834758 -14.096100807 0.775671363 0.045320597 0.629507840 124.926254272
0.582446992 0.061856169 -0.810511649 4.011665344 -0.080005907 0.996621490 0.018566018 -14.130811691 0.808921874 0.054032002 0.585428119 125.157524109
0.536768436 0.070964366 -0.840739906 3.572788239 -0.091823012 0.995451391 0.025398910 -14.156333923 0.838718116 0.063565932 0.540843010 125.361671448
0.489827931 0.075945750 -0.868505001 3.120227814 -0.097292446 0.994737685 0.032112140 -14.182781219 0.866373360 0.068769537 0.494639158 125.559020996
0.442694932 0.077142969 -0.893347859 2.652435303 -0.097014152 0.994564712 0.037808340 -14.204197884 0.891408682 0.069929823 0.447772741 125.740844727
0.395743012 0.078926727 -0.914963365 2.180583954 -0.094574913 0.994505465 0.044882346 -14.226653099 0.913478434 0.068770736 0.401033103 125.907592773
0.349602997 0.081441239 -0.933351576 1.689125061 -0.096236967 0.994066775 0.050691832 -14.247269630 0.931942105 0.072100900 0.355366409 126.053649902
0.305760175 0.084983431 -0.948308229 1.179801941 -0.101514645 0.993240893 0.056279048 -14.268823624 0.946681321 0.079059288 0.312320530 126.172019958
0.264381915 0.086462550 -0.960534394 0.665390015 -0.106279157 0.992519081 0.060088873 -14.285350800 0.958544254 0.086198375 0.271593243 126.272285461
0.225324780 0.082783274 -0.970760405 0.137401581 -0.106563464 0.992499888 0.059902512 -14.300802231 0.968438387 0.089950077 0.232456565 126.366111755
0.190273628 0.077882186 -0.978636920 -0.398519516 -0.101191640 0.993094563 0.059358351 -14.322122574 0.976502061 0.087735549 0.196840733 126.458190918
0.159537137 0.072953694 -0.984492600 -0.943092346 -0.098932832 0.993426621 0.057583638 -14.344933510 0.982222080 0.088211909 0.165705949 126.542091370
0.132938921 0.071445331 -0.988545835 -1.505968094 -0.099859327 0.993288636 0.058359087 -14.366290092 0.986080885 0.090957336 0.139181197 126.611343384
0.111182876 0.070803300 -0.991274536 -2.091896057 -0.100883663 0.993110299 0.059619147 -14.382150650 0.988666177 0.093374796 0.117559776 126.669708252
0.092638828 0.072020955 -0.993091702 -2.701613426 -0.102962799 0.992726624 0.062389772 -14.395719528 0.990361989 0.096471779 0.099380508 126.720298767
0.076775491 0.070559271 -0.994548559 -3.307300568 -0.104226924 0.992595613 0.062374778 -14.422827721 0.991585732 0.098869883 0.083561204 126.763046265
0.062770717 0.069402412 -0.995611906 -3.952129841 -0.102809660 0.992721677 0.062719062 -14.450135231 0.992718518 0.098421596 0.069449089 126.815414429
0.050338797 0.066774048 -0.996497452 -4.583137035 -0.098884188 0.993193030 0.061557438 -14.472398758 0.993824840 0.095439114 0.056599047 126.863319397
0.038256541 0.064173043 -0.997205257 -5.232798576 -0.096406519 0.993517637 0.060237218 -14.490082741 0.994606555 0.093832605 0.044195242 126.903610229
0.027483203 0.063880511 -0.997579098 -5.894885540 -0.096408963 0.993473113 0.060961537 -14.511034966 0.994962335 0.094500132 0.033462480 126.932014465
0.018185617 0.065691121 -0.997674286 -6.580776215 -0.100033581 0.992952049 0.063556775 -14.540966988 0.994817793 0.098645106 0.024628764 126.953376770
0.009860564 0.064751044 -0.997852623 -7.262518406 -0.102399416 0.992720544 0.063406140 -14.559567451 0.994694531 0.101554319 0.016419254 126.969589233
0.003281760 0.064256825 -0.997927964 -7.948327541 -0.104973026 0.992441893 0.063558355 -14.582773209 0.994469702 0.104546949 0.010002191 126.984405518
-0.002465058 0.065478250 -0.997850955 -8.653862953 -0.105337754 0.992285371 0.065373264 -14.605246544 0.994433403 0.105272539 0.004451290 127.008613586
-0.005778182 0.067908183 -0.997674823 -9.362424850 -0.107708052 0.991845071 0.068135180 -14.623470306 0.994165778 0.107851334 0.001583198 127.026145935
-0.006999294 0.071380794 -0.997424603 -10.077071190 -0.109728888 0.991370797 0.071717560 -14.646112442 0.993936896 0.109948270 0.000893638 127.039398193
-0.007948476 0.075116366 -0.997143090 -10.816856384 -0.112008825 0.990832329 0.075533815 -14.667722702 0.993675411 0.112289205 0.000538088 127.050704956
-0.008657858 0.080485605 -0.996718228 -11.559024811 -0.116773508 0.989854515 0.080945700 -14.673438072 0.993120790 0.117091104 0.000828568 127.057991028
-0.009927846 0.084019899 -0.996414602 -12.302878380 -0.119462393 0.989227474 0.084604129 -14.683456421 0.992789090 0.119874008 0.000216321 127.067260742
-0.011518640 0.084861450 -0.996326208 -13.054431915 -0.119388700 0.989148021 0.085630320 -14.706598282 0.992780745 0.119936436 -0.001262140 127.086799622
-0.012979960 0.081969827 -0.996550322 -13.798871040 -0.116974868 0.989666581 0.082927212 -14.725546837 0.993050039 0.117647752 -0.003257422 127.105865479
-0.014440658 0.078356862 -0.996820867 -14.559118271 -0.120693512 0.989498913 0.079529762 -14.729312897 0.992584884 0.121458255 -0.004831852 127.116760254
-0.015754752 0.080170929 -0.996656597 -15.324399948 -0.125916615 0.988685846 0.081520200 -14.742231369 0.991915703 0.126779974 -0.005481646 127.118385315
-0.017699303 0.083856732 -0.996320605 -16.092445374 -0.122872509 0.988740981 0.085401572 -14.756909370 0.992264628 0.123931944 -0.007196341 127.135246277
-0.019567179 0.083960049 -0.996277094 -16.867376328 -0.121846497 0.988839984 0.085726403 -14.773509026 0.992356002 0.123070285 -0.009118570 127.146560669
-0.020925678 0.082869068 -0.996340632 -17.664039612 -0.124947242 0.988529086 0.084843569 -14.785107613 0.991942704 0.126265422 -0.010331379 127.147735596
-0.021378485 0.082529455 -0.996359229 -18.451360703 -0.129618466 0.987947106 0.084613860 -14.789676666 0.991333485 0.130955473 -0.010423469 127.145042419
-0.022435665 0.086933762 -0.995961368 -19.255748749 -0.131367594 0.987318039 0.089138582 -14.796566963 0.991079807 0.132836908 -0.010730858 127.147163391
-0.023388142 0.091276653 -0.995550811 -20.068161011 -0.129993841 0.987091243 0.093554936 -14.804728508 0.991238892 0.131603539 -0.011220827 127.162330627
-0.022851786 0.093831532 -0.995325804 -20.892162323 -0.130938798 0.986728847 0.096027300 -14.820531845 0.991127074 0.132521197 -0.010262330 127.180953979
-0.021087553 0.092689544 -0.995471716 -21.710411072 -0.130358487 0.986938059 0.094656415 -14.826375961 0.991242707 0.131764263 -0.008729237 127.191131592
-0.019966133 0.092873968 -0.995477617 -22.541934967 -0.130390972 0.986930370 0.094691776 -14.831658363 0.991261721 0.131691948 -0.007595254 127.201103210
-0.019678695 0.091937587 -0.995570242 -23.376098633 -0.129124001 0.987190127 0.093715996 -14.837497711 0.991433203 0.130396202 -0.007555263 127.219810486
-0.018826302 0.093928121 -0.995400965 -24.214885712 -0.130000517 0.986895919 0.095584303 -14.842816353 0.991335154 0.131202117 -0.006368896 127.236083984
-0.018076921 0.096271127 -0.995190978 -25.050926208 -0.131716952 0.986449361 0.097818054 -14.844659805 0.991122663 0.132851735 -0.005151426 127.248428345
-0.018271664 0.098346077 -0.994984508 -25.928947449 -0.134468988 0.985867739 0.099914297 -14.843692780 0.990749359 0.135620162 -0.004788948 127.264236450
-0.016653316 0.099392712 -0.994908929 -26.792789459 -0.136661291 0.985482335 0.100738488 -14.839629173 0.990477920 0.137643188 -0.002828411 127.274627686
-0.014959382 0.102472499 -0.994623423 -27.662578583 -0.143462926 0.984222472 0.103558660 -14.837347031 0.989542723 0.144240752 -0.000022353 127.287628174
-0.012558489 0.106467374 -0.994236887 -28.542873383 -0.148209199 0.983134151 0.107150525 -14.832897186 0.988876283 0.148700684 0.003432763 127.301467896
-0.010365721 0.108338512 -0.994059980 -29.417873383 -0.150816008 0.982571959 0.108659126 -14.826836586 0.988507509 0.151046500 0.006154113 127.329521179
-0.006393939 0.109021530 -0.994018793 -30.321849823 -0.149718136 0.982730210 0.108746484 -14.825411797 0.988708019 0.149517953 0.010038984 127.346099854
-0.003618764 0.108979791 -0.994037390 -31.214519501 -0.152384177 0.982374549 0.108255900 -14.818010330 0.988314629 0.151867300 0.013051812 127.372161865
-0.001268450 0.112959363 -0.993598819 -32.116329193 -0.152958408 0.981885612 0.111822993 -14.809780121 0.988231778 0.152121127 0.016032608 127.403083801
0.001132059 0.114903331 -0.993376017 -33.028892517 -0.152037457 0.981848121 0.113396652 -14.803698540 0.988373995 0.150901988 0.018581118 127.439361572
0.002993260 0.116290286 -0.993210673 -33.921627045 -0.152753979 0.981612146 0.114471897 -14.799345970 0.988259733 0.151374266 0.020702021 127.478393555
0.005522185 0.114612818 -0.993394911 -34.825122833 -0.154112116 0.981639326 0.112399824 -14.792660713 0.988037944 0.152473509 0.023084018 127.507919312
0.005982042 0.115631588 -0.993274093 -35.735000610 -0.158374310 0.980864823 0.113233164 -14.780896187 0.987361014 0.156631753 0.024180647 127.546478271
0.006937814 0.116282016 -0.993191957 -36.627567291 -0.159137711 0.980686426 0.113706246 -14.775316238 0.987232029 0.157265425 0.025308670 127.583526611
0.007165691 0.112676024 -0.993605971 -37.524944305 -0.159398615 0.981055200 0.110103205 -14.771873474 0.987188220 0.157590449 0.024990341 127.618797302
0.007975503 0.108559482 -0.994057894 -38.429244995 -0.160555050 0.981331348 0.105881475 -14.772802353 0.986994684 0.158756539 0.025256384 127.662826538
0.008549081 0.107740268 -0.994142354 -39.328155518 -0.160218477 0.981482029 0.104990430 -14.765502930 0.987044573 0.158382431 0.025652755 127.701896667
0.008347169 0.111864977 -0.993688345 -40.232498169 -0.162631348 0.980644405 0.109030403 -14.759616852 0.986651599 0.160694763 0.026378354 127.740180969
0.008470271 0.118191838 -0.992954612 -41.161453247 -0.163117781 0.979853094 0.115240909 -14.750349045 0.986570239 0.160992399 0.027578818 127.780899048
0.008601434 0.116953231 -0.993100166 -42.056114197 -0.160930678 0.980352879 0.114058211 -14.749799728 0.986928284 0.158839211 0.027253808 127.825355530
0.009424697 0.106606707 -0.994256616 -42.945636749 -0.160117090 0.981632113 0.103735298 -14.754140854 0.987053037 0.158219770 0.026321143 127.867347717
0.009814295 0.096076854 -0.995325625 -43.867240906 -0.161892727 0.982394218 0.093232311 -14.757717133 0.986759484 0.160220936 0.025195660 127.905387878
0.008739164 0.093126319 -0.995615840 -44.769584656 -0.158790395 0.983149767 0.090566464 -14.765174866 0.987273633 0.157302767 0.023379475 127.949295044
0.008651712 0.102861740 -0.994657993 -45.691982269 -0.151495486 0.983348489 0.100374423 -14.764676094 0.988420069 0.149817809 0.024090739 127.996505737
0.008628049 0.116251655 -0.993182302 -46.638393402 -0.146414965 0.982661664 0.113748275 -14.761775970 0.989185572 0.144435316 0.025499433 128.056427002
0.008936698 0.125287160 -0.992080331 -47.560829163 -0.146706268 0.981548667 0.122635596 -14.751464844 0.989139736 0.144448444 0.027152210 128.099349976
0.008604782 0.119598351 -0.992785096 -48.476245880 -0.146603927 0.982244790 0.117057920 -14.747345924 0.989157856 0.144538924 0.025985587 128.140869141
0.008788323 0.106107101 -0.994315863 -49.400619507 -0.146810964 0.983716071 0.103678361 -14.745288849 0.989125550 0.145065308 0.024222901 128.177719116
0.009360014 0.097274378 -0.995213568 -50.316928864 -0.147277310 0.984537244 0.094845705 -14.743925095 0.989051044 0.145684600 0.023541590 128.220840454
0.009904465 0.097284310 -0.995207369 -51.252334595 -0.146099016 0.984716713 0.094804816 -14.748880386 0.989220440 0.144459829 0.023966232 128.262100220
0.009110762 0.098843820 -0.995061278 -52.180374146 -0.149068490 0.984117448 0.096391857 -14.764483452 0.988784909 0.147454068 0.023700560 128.301452637
0.009705771 0.098128937 -0.995126367 -53.144351959 -0.154227495 0.983412147 0.095469579 -14.766714096 0.987987638 0.152549267 0.024678957 128.339157104
0.010200113 0.097566396 -0.995176673 -54.076576233 -0.155906290 0.983212650 0.094795480 -14.766140938 0.987719119 0.154187396 0.025240097 128.380340576
0.011067666 0.104810879 -0.994430542 -55.022743225 -0.165051654 0.981041789 0.101562761 -14.760358810 0.986222804 0.163008347 0.028157054 128.412765503
0.012647979 0.114565626 -0.993335128 -55.973018646 -0.170788199 0.979064286 0.110745095 -14.755667686 0.985226512 0.168249235 0.031949643 128.447204590
0.013817555 0.122708172 -0.992346585 -56.935668945 -0.171040580 0.978103936 0.118565433 -14.753313065 0.985167086 0.168093249 0.034503084 128.499862671
0.014754168 0.123521842 -0.992232084 -57.878829956 -0.172356725 0.977800310 0.119162358 -14.743249893 0.984924138 0.169259727 0.035716452 128.544082642
0.016059509 0.113727532 -0.993382215 -58.816349030 -0.173989773 0.978670597 0.109230489 -14.737109184 0.984616578 0.171084106 0.035504397 128.594680786
0.017155375 0.109123006 -0.993880153 -59.759319305 -0.172404811 0.979460537 0.104563914 -14.737194061 0.984876812 0.169555873 0.035616342 128.648803711
0.019175299 0.107397914 -0.994031131 -60.708404541 -0.171246618 0.979875028 0.102565013 -14.739925385 0.985041618 0.168257788 0.037180923 128.705947876
0.022717418 0.112920083 -0.993344367 -61.701362610 -0.173068747 0.979043484 0.107336387 -14.726882935 0.984647691 0.169478491 0.041784286 128.759918213
0.026366549 0.115036786 -0.993011236 -62.662414551 -0.175812334 0.978406608 0.108676687 -14.725477219 0.984070599 0.171718210 0.046022091 128.812561035
0.030598633 0.109801576 -0.993482471 -63.611743927 -0.175124913 0.979162037 0.102825113 -14.724912643 0.984070599 0.170837253 0.049190015 128.871856689
0.033354327 0.104388990 -0.993977189 -64.567871094 -0.175251320 0.979732454 0.097012185 -14.733740807 0.983958542 0.170960054 0.050972629 128.938690186
0.036762923 0.104092285 -0.993887961 -65.537590027 -0.172624290 0.980270863 0.096280903 -14.732904434 0.984301448 0.168029651 0.054006472 129.007522583
0.039281446 0.108637519 -0.993305027 -66.511268616 -0.170260847 0.980262935 0.100477919 -14.746501923 0.984615743 0.165174037 0.057002865 129.093170166
0.042796396 0.115267090 -0.992412210 -67.470039368 -0.169676721 0.979730785 0.106477104 -14.745624542 0.984570086 0.163832411 0.061487086 129.170104980
0.045205772 0.119387701 -0.991818070 -68.435249329 -0.167387187 0.979701638 0.110299945 -14.751157761 0.984854221 0.161031440 0.064272150 129.254699707
0.047495198 0.121304482 -0.991478443 -69.416709900 -0.167131290 0.979570627 0.111841433 -14.750755310 0.984790027 0.160395145 0.066798672 129.333190918
0.049705282 0.118483007 -0.991711140 -70.366157532 -0.165757701 0.980147123 0.108793519 -14.747879982 0.984913051 0.158976153 0.068357952 129.406219482
0.050239988 0.117163122 -0.991841018 -71.312644958 -0.163755700 0.980621576 0.107543021 -14.750806808 0.985220850 0.157016650 0.068452530 129.493576050
0.050458282 0.113802828 -0.992221057 -72.255538940 -0.160562500 0.981488109 0.104406595 -14.759910583 0.985735059 0.154045343 0.067796685 129.583084106
0.050454140 0.113006949 -0.992312372 -73.244873047 -0.159105286 0.981798172 0.103719860 -14.746486664 0.985971510 0.152649030 0.067515790 129.662857056
0.050084740 0.117761977 -0.991778016 -74.197578430 -0.155821949 0.981785357 0.108706459 -14.747157097 0.986514568 0.149096265 0.067522354 129.748367310
0.049267687 0.119432971 -0.991619110 -75.163726807 -0.149794340 0.982478976 0.110889740 -14.749724388 0.987488925 0.143075615 0.066294864 129.848648071
0.048686724 0.114658110 -0.992211282 -76.123847961 -0.147097200 0.983380437 0.106419750 -14.734269142 0.987923086 0.140770271 0.064743474 129.926544189
0.047764562 0.111277618 -0.992640853 -77.075271606 -0.149030760 0.983445585 0.103075646 -14.737471581 0.987678289 0.143010676 0.063557625 129.998092651
0.046589985 0.108536817 -0.993000090 -78.024597168 -0.145553723 0.984207451 0.100746609 -14.738688469 0.988252759 0.139841065 0.061652150 130.078704834
0.044994570 0.109479360 -0.992970228 -78.989036560 -0.145746395 0.984060884 0.101892844 -14.741495132 0.988298357 0.140137196 0.060233627 130.150741577
0.044211779 0.110329017 -0.992911279 -79.943397522 -0.146963745 0.983788371 0.102771409 -14.739290237 0.988153338 0.141378239 0.059709396 130.221679688
0.042679481 0.110410132 -0.992969334 -80.897903442 -0.148475140 0.983539701 0.102979928 -14.739823341 0.987994730 0.143036142 0.058370125 130.295211792
0.041650541 0.111737758 -0.992864430 -81.847747803 -0.148354292 0.983402908 0.104449503 -14.742586136 0.988056898 0.142945305 0.057536032 130.357696533
0.039437074 0.112208210 -0.992901742 -82.814193726 -0.148465306 0.983303428 0.105226584 -14.745529175 0.988130927 0.143261656 0.055437636 130.428390503
0.037817493 0.113992237 -0.992761612 -83.766761780 -0.148734882 0.983048201 0.107211113 -14.731665611 0.988153696 0.143603832 0.054131046 130.498168945
0.036274843 0.117838271 -0.992370069 -84.720802307 -0.150080264 0.982403934 0.111168861 -14.723617554 0.988008142 0.144902527 0.053321749 130.556228638
0.034195460 0.122725666 -0.991851330 -85.670219421 -0.151283398 0.981631458 0.116245426 -14.712553978 0.987898827 0.146075562 0.052133687 130.619354248
0.031875476 0.122373015 -0.991972148 -86.626464844 -0.150953904 0.981681287 0.116252832 -14.706660271 0.988026857 0.146036476 0.049764246 130.683074951
0.030730143 0.117283344 -0.992622852 -87.571502686 -0.150966585 0.982243717 0.111383304 -14.701341629 0.988061070 0.146430060 0.047890361 130.743408203
0.028269347 0.112387173 -0.993262291 -88.520423889 -0.155147851 0.982111096 0.106709756 -14.689230919 0.987486720 0.151085868 0.045200270 130.801864624
0.026959263 0.110372849 -0.993524551 -89.464157104 -0.153120399 0.982612729 0.105005719 -14.686734200 0.987839818 0.149297982 0.043390848 130.865585327
0.026818365 0.111418799 -0.993411601 -90.430404663 -0.148354828 0.983207822 0.106269352 -14.685323715 0.988570511 0.144527435 0.042897545 130.915374756
0.026260778 0.112843201 -0.993265748 -91.379081726 -0.145416304 0.983470738 0.107885785 -14.683100700 0.989021957 0.141603842 0.042235956 130.975433350
0.024984242 0.112498671 -0.993337691 -92.330879211 -0.140293032 0.984209061 0.107936203 -14.681674004 0.989794731 0.136661679 0.040372498 131.041305542
0.023692364 0.109661929 -0.993686616 -93.272636414 -0.136169314 0.985056162 0.105462797 -14.683998108 0.990402222 0.132810965 0.038270898 131.103744507
0.023395319 0.106485963 -0.994038999 -94.227828979 -0.131093308 0.986052275 0.102545030 -14.684305191 0.991093934 0.127912804 0.037028607 131.156982422
0.021413881 0.108996980 -0.993811548 -95.204887390 -0.129186660 0.986007392 0.105357468 -14.684408188 0.991389036 0.126131043 0.035195205 131.214965820
0.019952808 0.111394353 -0.993575931 -96.152107239 -0.128528520 0.985813737 0.107942984 -14.682575226 0.991505027 0.125549108 0.033987101 131.272506714
0.018623592 0.109036252 -0.993863344 -97.112510681 -0.124377497 0.986566901 0.105905101 -14.676575661 0.992060184 0.121641912 0.031935077 131.320907593
0.016677236 0.106289200 -0.994195402 -98.060203552 -0.121442109 0.987187386 0.103502825 -14.677903175 0.992458463 0.119011052 0.029371543 131.366744995
0.013034291 0.103368647 -0.994557679 -99.031623840 -0.120090008 0.987604558 0.101072118 -14.670911789 0.992677450 0.118119039 0.025286267 131.419937134
0.010411270 0.102527007 -0.994675696 -99.986785889 -0.114489749 0.988310218 0.100672528 -14.679820061 0.993369877 0.112832032 0.022027856 131.466903687
0.008277975 0.102814294 -0.994666040 -100.945281982 -0.107726067 0.989002943 0.101332389 -14.676087379 0.994146168 0.106312655 0.019262724 131.507202148
0.006065927 0.110213988 -0.993889391 -101.911338806 -0.097860500 0.989202321 0.109096967 -14.670514107 0.995181680 0.096600734 0.016786024 131.564773560
0.003338471 0.118335992 -0.992968023 -102.869300842 -0.089784704 0.988998532 0.117561080 -14.666253090 0.995955586 0.088760860 0.013926505 131.619445801
0.000685457 0.117883570 -0.993027210 -103.822525024 -0.085575886 0.989391565 0.117392920 -14.659501076 0.996331453 0.084898695 0.010766177 131.661941528
-0.002014560 0.107805245 -0.994170010 -104.781303406 -0.086413711 0.990434349 0.107575268 -14.658619881 0.996257305 0.086126633 0.007320561 131.693710327
-0.004101434 0.098432943 -0.995135307 -105.728179932 -0.088289574 0.991221726 0.098409735 -14.656476974 0.996086359 0.088263705 0.004625171 131.729293823
-0.004682736 0.099435702 -0.995033085 -106.686927795 -0.095140569 0.990485728 0.099429056 -14.654363632 0.995452881 0.095133588 0.004822186 131.750305176
-0.005403405 0.109337151 -0.993990064 -107.650527954 -0.098885573 0.989074171 0.109333962 -14.648690224 0.995084167 0.098882049 0.005467499 131.782577515
-0.006866760 0.120747209 -0.992659569 -108.614234924 -0.102907017 0.987327278 0.120810434 -14.636733055 0.994667351 0.102981217 0.005645996 131.809143066
-0.008278874 0.122617349 -0.992419422 -109.556098938 -0.109986052 0.986320317 0.122781299 -14.627271652 0.993898630 0.110168792 0.005320577 131.838623047
-0.008063131 0.119345672 -0.992820024 -110.535705566 -0.117148593 0.985902667 0.119465560 -14.606940269 0.993081689 0.117270730 0.006031715 131.854232788
-0.008288925 0.115462005 -0.993277371 -111.490356445 -0.125306398 0.985361814 0.115587570 -14.594386101 0.992083490 0.125422090 0.006300537 131.876770020
-0.005975799 0.117546432 -0.993049443 -112.456398010 -0.129997641 0.984548688 0.117322490 -14.575884819 0.991496384 0.129795164 0.009397293 131.898452759
-0.004539393 0.118540019 -0.992938817 -113.436119080 -0.138014808 0.983372331 0.118028902 -14.555781364 0.990419745 0.137576044 0.011896363 131.919662476
-0.004106237 0.121116661 -0.992629766 -114.399177551 -0.147142708 0.981760263 0.120399088 -14.538080215 0.989106774 0.146552607 0.013790091 131.940063477
-0.003903756 0.123363122 -0.992353916 -115.374404907 -0.152544931 0.980673790 0.122511216 -14.516773224 0.988288760 0.151856810 0.014990108 131.965988159
-0.003464227 0.122993186 -0.992401481 -116.347541809 -0.156872153 0.980053306 0.122010432 -14.506387711 0.987612844 0.156102821 0.015899081 132.001983643
-0.001917262 0.113488138 -0.993537545 -117.302673340 -0.155855149 0.981364250 0.112398401 -14.508194923 0.987778008 0.155063450 0.015806181 132.033660889
-0.000518591 0.101959467 -0.994788527 -118.254821777 -0.159077361 0.982112646 0.100743219 -14.498231888 0.987265944 0.158300579 0.015710132 132.068176270
