1.000000000 0.000000000 0.000000000 0.000000000 0.000000000 1.000000000 0.000000000 0.000000000 0.000000000 0.000000000 1.000000000 0.000000000
0.999997616 -0.001678398 -0.001401339 0.050955798 0.001675291 0.999996126 -0.002215675 -0.132068411 0.001405052 0.002213322 0.999996543 1.297074437
0.999997675 0.000001041 -0.002152069 0.106030434 -0.000014681 0.999979913 -0.006338223 -0.266992509 0.002152020 0.006338240 0.999977589 2.602339983
0.999996066 0.002458094 -0.001331633 0.149966300 -0.002468575 0.999965549 -0.007927275 -0.405370593 0.001312101 0.007930532 0.999967694 3.905923367
0.999984324 0.005581123 0.000126937 0.196419343 -0.005580157 0.999962330 -0.006648806 -0.544608474 -0.000164040 0.006647995 0.999977887 5.220695019
0.999975443 0.006595911 0.002371370 0.244079724 -0.006588217 0.999972999 -0.003238122 -0.690583229 -0.002392665 0.003222419 0.999991953 6.538972378
0.999960482 0.006839107 0.005678296 0.300449878 -0.006827618 0.999974608 -0.002040339 -0.827837825 -0.005692107 0.002001489 0.999981821 7.841900826
0.999943912 0.005385365 0.009118510 0.355917394 -0.005368976 0.999983907 -0.001820826 -0.961139798 -0.009128169 0.001771767 0.999956787 9.147974014
0.999913633 0.004146058 0.012470263 0.433413923 -0.004124944 0.999990106 -0.001718363 -1.098006248 -0.012477260 0.001666776 0.999920726 10.447629929
0.999870539 0.002923044 0.015818235 0.500108719 -0.002884168 0.999992728 -0.002479909 -1.236451507 -0.015825367 0.002433965 0.999871731 11.755272865
0.999814391 0.001758212 0.019183384 0.577536941 -0.001694326 0.999992967 -0.003345975 -1.372096539 -0.019189132 0.003312851 0.999810338 13.048194885
0.999745369 0.001639073 0.022504555 0.644663572 -0.001566298 0.999993503 -0.003251052 -1.520191908 -0.022509737 0.003214976 0.999741435 14.375504494
0.999659479 0.001626847 0.026038924 0.726805449 -0.001513983 0.999989450 -0.004353556 -1.657980680 -0.026045734 0.004312652 0.999651432 15.673558235
0.999569058 0.002567900 0.029239688 0.805549145 -0.002444081 0.999987900 -0.004269565 -1.796244860 -0.029250296 0.004196262 0.999563336 16.983392715
0.999480784 0.002176354 0.032144196 0.899051130 -0.002053628 0.999990404 -0.003850517 -1.936405659 -0.032152273 0.003782505 0.999475896 18.270326614
0.999406040 0.000550371 0.034456775 0.995171309 -0.000426398 0.999993324 -0.003605160 -2.077807903 -0.034458537 0.003588327 0.999399602 19.573181152
0.999349296 -0.001994209 0.036014285 1.091352701 0.002173400 0.999985516 -0.004937087 -2.217906475 -0.036003910 0.005012148 0.999338984 20.852092743
0.999300718 -0.001681495 0.037353322 1.189302683 0.001931207 0.999976039 -0.006650077 -2.362541914 -0.037341245 0.006717565 0.999279976 22.163198471
0.999253333 -0.001558463 0.038606241 1.268620253 0.001917162 0.999955297 -0.009255920 -2.506510735 -0.038590092 0.009323021 0.999211609 23.452707291
0.999215961 -0.001035596 0.039577700 1.376303554 0.001469065 0.999939263 -0.010924825 -2.646138430 -0.039563987 0.010974403 0.999156713 24.736202240
0.999179006 -0.000321578 0.040513568 1.478108168 0.000790205 0.999933004 -0.011551674 -2.794167280 -0.040507134 0.011574201 0.999112248 26.006237030
0.999157667 -0.001948831 0.040990151 1.579830766 0.002378633 0.999942601 -0.010439334 -2.940392494 -0.040967468 0.010528041 0.999104977 27.293142319
0.999151528 -0.004948416 0.040887430 1.684512496 0.005328371 0.999943495 -0.009188974 -3.086014271 -0.040839653 0.009399038 0.999121547 28.570671082
0.999183714 -0.006444128 0.039879024 1.781975746 0.006837165 0.999929309 -0.009727238 -3.234304667 -0.039813526 0.009991959 0.999157131 29.863773346
0.999185979 -0.008167524 0.039507180 1.878776073 0.008658819 0.999887049 -0.012280507 -3.379838228 -0.039402418 0.012612595 0.999143839 31.126018524
0.999230981 -0.008321006 0.038316842 1.993237257 0.008801145 0.999884605 -0.012379141 -3.527908564 -0.038209412 0.012706851 0.999188960 32.412460327
0.999245048 -0.008866661 0.037825305 2.090963364 0.009362300 0.999872327 -0.012946418 -3.669025898 -0.037705682 0.013290776 0.999200523 33.684452057
0.999257565 -0.009268644 0.037394945 2.184456587 0.009753331 0.999870479 -0.012799664 -3.817736149 -0.037271470 0.013154888 0.999218583 34.945304871
0.999269307 -0.009846105 0.036928367 2.280206680 0.010345389 0.999857306 -0.013353733 -3.961076736 -0.036791611 0.013726014 0.999228716 36.192039490
0.999307871 -0.010404900 0.035713311 2.387060404 0.010891134 0.999850273 -0.013447474 -4.120914936 -0.035568040 0.013827126 0.999271572 37.491470337
0.999303579 -0.010003532 0.035950098 2.474957943 0.010430184 0.999877214 -0.011700009 -4.265665531 -0.035828643 0.012066826 0.999285102 38.756225586
0.999269485 -0.010057983 0.036869608 2.574588299 0.010457332 0.999888539 -0.010654502 -4.405538559 -0.036758341 0.011032277 0.999263227 40.018260956
0.999191225 -0.011793223 0.038442638 2.686548471 0.012142543 0.999886930 -0.008865960 -4.548905849 -0.038333736 0.009325582 0.999221444 41.264633179
0.999079943 -0.012830481 0.040922485 2.781242132 0.013257674 0.999860168 -0.010184806 -4.692150116 -0.040786091 0.010717973 0.999110401 42.527267456
0.998954117 -0.014182392 0.043469358 2.876593113 0.014770498 0.999803245 -0.013238013 -4.842403412 -0.043273062 0.013866232 0.998966992 43.776977539
0.998865128 -0.015285961 0.045108095 2.991161108 0.015947502 0.999769926 -0.014342368 -4.990986347 -0.044878472 0.015045451 0.998879135 45.040386200
0.998740792 -0.015532151 0.047701299 3.114948034 0.016185736 0.999780059 -0.013346035 -5.123369694 -0.047483496 0.014101312 0.998772442 46.272850037
0.998524129 -0.016582120 0.051716443 3.211076736 0.017113561 0.999805033 -0.009850079 -5.278616905 -0.051543035 0.010720597 0.998613179 47.541526794
0.998252213 -0.019675288 0.055725586 3.321020126 0.020142235 0.999766409 -0.007830076 -5.417898178 -0.055558514 0.008938828 0.998415411 48.749244690
0.998028636 -0.021902479 0.058816452 3.463880062 0.022413401 0.999716461 -0.008041055 -5.560971737 -0.058623653 0.009343479 0.998236418 50.017601013
0.997755766 -0.025163485 0.062049784 3.608861923 0.025936801 0.999595284 -0.011688964 -5.695230007 -0.061730530 0.013272106 0.998004496 51.242927551
0.997488737 -0.026463797 0.065695174 3.748342514 0.027305257 0.999555767 -0.011943707 -5.830263138 -0.065349922 0.013707537 0.997768283 52.478481293
0.997125506 -0.029033827 0.069982663 3.875386715 0.029765172 0.999512434 -0.009430121 -5.970897675 -0.069674745 0.011486060 0.997503638 53.698616028
0.996865869 -0.031733561 0.072467886 4.036612988 0.032255497 0.999461353 -0.006043118 -6.103112221 -0.072237112 0.008361666 0.997352481 54.889987946
0.996612847 -0.034293555 0.074744955 4.175229073 0.034720697 0.999387205 -0.004422307 -6.241317272 -0.074547499 0.007002525 0.997192860 56.137351990
0.996426344 -0.037637740 0.075617552 4.336885452 0.037848819 0.999282479 -0.001359633 -6.361869812 -0.075512126 0.004216808 0.997135937 57.336559296
0.996266186 -0.039986543 0.076516792 4.473340988 0.040103856 0.999195516 0.000003384 -6.490026474 -0.076455370 0.003065248 0.997068286 58.562458038
0.996215284 -0.041713592 0.076256409 4.616494179 0.042093389 0.999107957 -0.003379362 -6.612557411 -0.076047443 0.006576463 0.997082472 59.753250122
0.996228397 -0.043201867 0.075250216 4.769911766 0.043890554 0.999008000 -0.007521698 -6.746667862 -0.074850611 0.010796103 0.997136295 60.962467194
0.996239185 -0.044552870 0.074313752 4.907125950 0.045540452 0.998894513 -0.011647428 -6.873676777 -0.073712677 0.014987905 0.997166872 62.144252777
0.996271133 -0.046839662 0.072454952 5.058732986 0.047963176 0.998753190 -0.013844077 -7.013583660 -0.071716167 0.017267620 0.997275591 63.365306854
0.996415436 -0.046825338 0.070452616 5.194511414 0.047916461 0.998754978 -0.013876835 -7.147542000 -0.069715105 0.017202932 0.997418642 64.542121887
0.996655166 -0.046110608 0.067469753 5.328106403 0.047114391 0.998800099 -0.013361955 -7.291328907 -0.066772677 0.016496059 0.997631848 65.762535095
0.996887863 -0.045384537 0.064457439 5.449458122 0.046220329 0.998864591 -0.011534278 -7.422053337 -0.063860781 0.014477625 0.997853816 66.936958313
0.997292936 -0.041413128 0.060759116 5.569283485 0.041944597 0.999091804 -0.007497324 -7.560123444 -0.060393445 0.010025545 0.998124301 68.127189636
0.997573316 -0.039185159 0.057549298 5.685246468 0.039549265 0.999204099 -0.005201203 -7.687426567 -0.057299681 0.007464614 0.998329103 69.310539246
0.997771919 -0.038348652 0.054595076 5.791776657 0.038857903 0.999210298 -0.008296666 -7.821833134 -0.054233801 0.010399629 0.998474121 70.475868225
0.997947931 -0.038475968 0.051180642 5.900860786 0.039306641 0.999109685 -0.015323470 -7.955565453 -0.050545488 0.017303767 0.998571813 71.655792236
0.997950792 -0.042359293 0.047958523 6.007097244 0.043282419 0.998893857 -0.018375935 -8.091030121 -0.047127075 0.020414039 0.998680294 72.824050903
0.997983456 -0.046297483 0.043422643 6.116841793 0.046913203 0.998810768 -0.013269087 -8.230345726 -0.042756673 0.015279425 0.998968601 73.995765686
0.997971058 -0.050247286 0.039102823 6.222333908 0.050616108 0.998682022 -0.008499593 -8.355365753 -0.038624208 0.010461581 0.999198914 75.152175903
0.998016298 -0.052450236 0.034819350 6.314888954 0.052674051 0.998596370 -0.005541566 -8.484890938 -0.034479819 0.007364648 0.999378264 76.341262817
0.998191357 -0.051697925 0.030678786 6.403331757 0.051816761 0.998651803 -0.003090736 -8.610157967 -0.030477639 0.004674821 0.999524534 77.499389648
0.998307228 -0.051656507 0.026723769 6.497734070 0.051761661 0.998654068 -0.003257663 -8.723155975 -0.026519518 0.004635414 0.999637544 78.655799866
0.998454094 -0.050117034 0.024032533 6.561801910 0.050248861 0.998724639 -0.004912605 -8.858823776 -0.023755677 0.006112618 0.999699056 79.820144653
0.998641074 -0.047835417 0.020681046 6.638245106 0.048046041 0.998796880 -0.009809894 -8.987646103 -0.020186907 0.010790206 0.999737978 80.964248657
0.998554707 -0.051017430 0.016897839 6.719985008 0.051271409 0.998572767 -0.014954418 -9.122308731 -0.016110785 0.015799182 0.999745369 82.123588562
0.998402953 -0.054591853 0.014534953 6.770834923 0.054818872 0.998372674 -0.015707484 -9.253434181 -0.013653801 0.016479190 0.999770999 83.243148804
0.998433471 -0.054916810 0.010708498 6.839756966 0.055048186 0.998406887 -0.012385925 -9.380777359 -0.010011241 0.012956006 0.999866009 84.379768372
0.998435974 -0.055337533 0.007968873 6.906795979 0.055412840 0.998417795 -0.009561570 -9.513370514 -0.007427149 0.009988198 0.999922514 85.513549805
0.998584270 -0.052730635 0.006985059 6.947502136 0.052807253 0.998540998 -0.011280803 -9.641171455 -0.006380024 0.011633693 0.999911964 86.653282166
0.998771131 -0.049119640 0.006592790 6.999634743 0.049211755 0.998681307 -0.014623322 -9.767130852 -0.005865804 0.014929792 0.999871254 87.771934509
0.998851776 -0.047545198 0.005872053 7.052314758 0.047639281 0.998718500 -0.017082086 -9.897597313 -0.005052357 0.017342212 0.999836802 88.887748718
0.998743653 -0.049865607 0.004956500 7.103855133 0.049946830 0.998591542 -0.017896913 -10.031702042 -0.004057077 0.018121991 0.999827683 90.028884888
0.998700082 -0.050851397 0.003502992 7.157128811 0.050898891 0.998588860 -0.015155030 -10.163078308 -0.002727394 0.015313630 0.999879003 91.145225525
0.998655140 -0.051767208 0.002866392 7.206544876 0.051798742 0.998581648 -0.012313224 -10.293863297 -0.002224906 0.012445142 0.999920130 92.258689880
0.998672009 -0.051473230 0.002146384 7.270384789 0.051495321 0.998601437 -0.011973525 -10.415102959 -0.001527066 0.012068152 0.999926031 93.398040771
0.998643041 -0.052028663 0.002261595 7.315843105 0.052055661 0.998542905 -0.014226350 -10.541222572 -0.001518122 0.014324774 0.999896228 94.506515503
0.998632252 -0.052255332 0.001780925 7.375379086 0.052279085 0.998467445 -0.018155864 -10.668536186 -0.000829455 0.018224135 0.999833584 95.612091064
0.998623073 -0.052432898 0.001666284 7.422409534 0.052455235 0.998439431 -0.019160964 -10.805275917 -0.000659018 0.019221986 0.999815047 96.720283508
0.998580158 -0.053253632 0.001335426 7.481164455 0.053268798 0.998429358 -0.017355999 -10.938276291 -0.000409059 0.017402494 0.999848545 97.805427551
0.998629749 -0.052277584 0.002386422 7.524796963 0.052303299 0.998554051 -0.012416982 -11.056719780 -0.001733841 0.012524785 0.999920070 98.890892029
0.998714805 -0.050552338 0.003641329 7.577221394 0.050583173 0.998679817 -0.008944185 -11.177451134 -0.003184372 0.009116879 0.999953389 99.961906433
0.998808026 -0.048452839 0.005890334 7.620217800 0.048505284 0.998781264 -0.009112938 -11.295363426 -0.005441608 0.009387788 0.999941111 101.027412415
0.998888314 -0.046411674 0.008253931 7.667567730 0.046500310 0.998858869 -0.010892541 -11.416691780 -0.007738971 0.011264246 0.999906600 102.060844421
0.998830974 -0.047112998 0.010816978 7.723846912 0.047253694 0.998796403 -0.013142440 -11.539225578 -0.010184780 0.013638221 0.999855101 103.083831787
0.998745978 -0.048500694 0.012416861 7.778748035 0.048675459 0.998713970 -0.014181561 -11.653970718 -0.011713073 0.014768171 0.999822438 104.099472046
0.998630702 -0.050261889 0.014506635 7.839231968 0.050457001 0.998636246 -0.013412828 -11.767935753 -0.013812697 0.014126422 0.999804795 105.080772400
0.998596251 -0.050363094 0.016401120 7.894945145 0.050564539 0.998647392 -0.012108631 -11.885650635 -0.015769105 0.012920951 0.999792159 106.061859131
0.998523891 -0.051672075 0.016733382 7.976600647 0.051849090 0.998601675 -0.010322937 -11.997486115 -0.016176576 0.011175308 0.999806643 106.993736267
0.998452723 -0.052270047 0.018973149 8.031436920 0.052476827 0.998566270 -0.010569157 -12.106204033 -0.018393494 0.011548456 0.999764144 107.910133362
0.998449206 -0.051775120 0.020458993 8.094994545 0.051971234 0.998606384 -0.009172620 -12.205021858 -0.019955572 0.010221675 0.999748588 108.820693970
0.998462200 -0.050674640 0.022479553 8.151592255 0.050849959 0.998679638 -0.007296712 -12.301012039 -0.022080116 0.008428574 0.999720633 109.690254211
0.998428881 -0.050861768 0.023510486 8.218189240 0.050965600 0.998692989 -0.003838066 -12.404548645 -0.023284553 0.005030262 0.999716163 110.553321838
0.998381019 -0.051107775 0.024965333 8.280702591 0.051217690 0.998680353 -0.003782585 -12.495863914 -0.024739066 0.005055127 0.999681234 111.378341675
0.998404920 -0.049991902 0.026238611 8.331539154 0.050088432 0.998740196 -0.003034240 -12.584629059 -0.026053868 0.004343652 0.999651074 112.187263489
0.998503625 -0.047751702 0.026654391 8.385263443 0.047846444 0.998850346 -0.002927640 -12.664136887 -0.026483951 0.004198577 0.999640346 112.967086792
0.998638272 -0.045351900 0.025785428 8.433066368 0.045361649 0.998970568 0.000207001 -12.741786003 -0.025768273 0.000962950 0.999667466 113.717720032
0.998707831 -0.045162808 0.023300491 8.472455978 0.045142796 0.998979568 0.001384587 -12.829635620 -0.023339249 -0.000330948 0.999727547 114.470527649
0.998831987 -0.045243453 0.016964786 8.509927750 0.045224980 0.998975754 0.001470752 -12.903964996 -0.017013952 -0.000701802 0.999855042 115.166374207
0.999025762 -0.043667343 0.006373711 8.540596962 0.043664429 0.999046087 0.000595684 -12.980693817 -0.006393643 -0.000316799 0.999979556 115.836357117
0.999129713 -0.041059516 -0.007336712 8.543500900 0.041041467 0.999154031 -0.002593336 -13.044778824 0.007436985 0.002289970 0.999969721 116.467826843
0.998886406 -0.039221138 -0.026223024 8.538022995 0.039101414 0.999222338 -0.005063220 -13.115596771 0.026401216 0.004032225 0.999643266 117.091941833
0.998123586 -0.037438136 -0.048451368 8.503076553 0.037118427 0.999282837 -0.007482023 -13.184179306 0.048696738 0.005669546 0.998797476 117.677574158
0.996428132 -0.036000576 -0.076386385 8.466700554 0.035393819 0.999330342 -0.009282690 -13.251798630 0.076669410 0.006545928 0.997035086 118.250183105
0.993544996 -0.033542395 -0.108365759 8.393235207 0.032484647 0.999405861 -0.011512054 -13.317413330 0.108687513 0.007917522 0.994044423 118.793167114
0.989192009 -0.029095370 -0.143710077 8.289402008 0.027532240 0.999538183 -0.012854066 -13.382834435 0.144017726 0.008758478 0.989536405 119.333877563
0.982853830 -0.023120739 -0.182931066 8.189485550 0.021235496 0.999699235 -0.012258224 -13.445316315 0.183159485 0.008163413 0.983049273 119.879264832
0.974460483 -0.018177729 -0.223822176 8.026031494 0.016272148 0.999813974 -0.010355466 -13.499205589 0.223968744 0.006448925 0.974574983 120.373756409
0.963136971 -0.013413799 -0.268676788 7.861616135 0.011543311 0.999896884 -0.008540476 -13.561096191 0.268763661 0.005124228 0.963192403 120.859779358
0.948823035 -0.007699978 -0.315714508 7.669570923 0.004992274 0.999943435 -0.009384302 -13.615365982 0.315768927 0.007327908 0.948807716 121.339347839
0.931661069 0.000140950 -0.363328516 7.440174103 -0.004091830 0.999940574 -0.010104521 -13.667935371 0.363305509 0.010900667 0.931606293 121.795852661
0.910699904 0.004619780 -0.413042724 7.186702728 -0.010054231 0.999889076 -0.010984616 -13.723309517 0.412946194 0.014156515 0.910645366 122.237792969
0.885574400 0.009803426 -0.464393973 6.911113739 -0.016033387 0.999826610 -0.009468326 -13.781567574 0.464220524 0.015830718 0.885578156 122.660224915
0.856663406 0.012779869 -0.515717387 6.625244141 -0.020385198 0.999750912 -0.009087473 -13.827679634 0.515472770 0.018297907 0.856710494 123.056198120
0.825026333 0.022634026 -0.564640820 6.299980164 -0.031494237 0.999486148 -0.005952769 -13.873763084 0.564215958 0.022694124 0.825315237 123.430168152
0.790889621 0.035581131 -0.610923588 5.954631805 -0.044261876 0.999019563 0.000883892 -13.920988083 0.610356033 0.026341561 0.791689217 123.788909912
0.755371451 0.044300072 -0.653797686 5.603427887 -0.055841647 0.998434782 0.003134822 -13.953106880 0.652913153 0.034141187 0.756662846 124.089691162
0.715501726 0.048447393 -0.696929097 5.241458893 -0.063166387 0.997992754 0.004526277 -14.006120682 0.695749462 0.040783927 0.717125773 124.387062073
0.673050284 0.049947798 -0.737908185 4.865894318 -0.065811299 0.997803807 0.007512843 -14.048187256 0.736662865 0.043506172 0.674859285 124.670349121
0.628978312 0.053411230 -0.775586009 4.460838318 -0.069270425 0.997519374 0.012518455 -14.079595566 0.774330556 0.045851339 0.631117940 124.940536499
0.583849072 0.062475707 -0.809454858 4.032470703 -0.080827907 0.996554196 0.018616384 -14.115883827 0.807828665 0.054557387 0.586887062 125.174514771
0.538644612 0.071110971 -0.839526772 3.580787659 -0.092065513 0.995432854 0.025247077 -14.140830994 0.837487876 0.063692257 0.542731404 125.384338379
0.491818458 0.076259337 -0.867351830 3.133235931 -0.097970665 0.994677842 0.031901360 -14.164442062 0.865168393 0.069285341 0.496672094 125.577369690
0.444295734 0.077730335 -0.892501652 2.672443390 -0.097131662 0.994535744 0.038263693 -14.192420959 0.890599132 0.069689780 0.449418157 125.760848999
0.396909297 0.079578698 -0.914401650 2.196517944 -0.094736777 0.994465411 0.045424636 -14.216703415 0.912955642 0.068598002 0.402251601 125.936416626
0.351864398 0.082191631 -0.932435453 1.701522827 -0.096291617 0.994031012 0.051284451 -14.236476898 0.931084991 0.071740545 0.357678533 126.074691772
0.308298379 0.085604772 -0.947430134 1.201942444 -0.101989776 0.993176758 0.056550235 -14.256279945 0.945806682 0.079193845 0.314925611 126.190887451
0.266751528 0.087031238 -0.959827721 0.681797028 -0.106451266 0.992481232 0.060407542 -14.272466660 0.957868338 0.086061053 0.274010539 126.294715881
0.227283031 0.083064519 -0.970279634 0.155082703 -0.106686130 0.992482305 0.059974577 -14.286457062 0.967967153 0.089884177 0.234436274 126.398063660
0.191878840 0.078288458 -0.978291094 -0.372735977 -0.101570748 0.993044555 0.059547357 -14.310317993 0.976148427 0.087939873 0.198496073 126.492843628
0.161532164 0.073178768 -0.984150589 -0.920213699 -0.098856196 0.993430793 0.057643194 -14.331006050 0.981903732 0.087978162 0.167705193 126.572219849
0.134945780 0.071733654 -0.988252938 -1.487892151 -0.100011431 0.993268549 0.058441158 -14.351101875 0.985792875 0.090950206 0.141211584 126.641159058
0.112989970 0.070700534 -0.991077542 -2.080160141 -0.100483865 0.993164361 0.059393518 -14.363037109 0.988502026 0.092876419 0.119321898 126.699028015
0.094864286 0.072326265 -0.992859304 -2.670331955 -0.102807201 0.992736220 0.062494420 -14.379878998 0.990167439 0.096144609 0.101610899 126.751983643
0.078483805 0.070591100 -0.994412959 -3.275008202 -0.103465982 0.992679954 0.062302034 -14.404218674 0.991531670 0.097998232 0.085213065 126.805397034
0.064254083 0.069481328 -0.995511770 -3.894226074 -0.102426574 0.992763937 0.062678531 -14.433490753 0.992663205 0.097939506 0.070905872 126.859024048
0.052060805 0.067158908 -0.996383131 -4.533862114 -0.098174982 0.993247330 0.061817925 -14.456360817 0.993806541 0.094601609 0.058302566 126.901756287
0.039960034 0.064478613 -0.997118771 -5.175955772 -0.095878549 0.993558466 0.060405999 -14.473707199 0.994590580 0.093188480 0.045884751 126.941551208
0.029608503 0.063425168 -0.997547209 -5.852554321 -0.095202141 0.993626833 0.060350183 -14.491620064 0.995017529 0.093181759 0.035458013 126.974258423
0.019979835 0.064883649 -0.997692823 -6.523674965 -0.098500624 0.993165076 0.062616616 -14.513523102 0.994936466 0.097022288 0.026234349 126.995941162
0.011710614 0.064671077 -0.997837901 -7.201582432 -0.101486601 0.992830217 0.063155472 -14.539418221 0.994768023 0.100527592 0.018189896 127.010322571
0.004860798 0.064182498 -0.997926474 -7.896746635 -0.103572369 0.992603302 0.063335657 -14.561864853 0.994610012 0.103049725 0.011472379 127.034934998
-0.000235478 0.065104961 -0.997878373 -8.595144272 -0.104302950 0.992433965 0.064774364 -14.579839706 0.994545519 0.104096927 0.006556943 127.051521301
-0.003872907 0.067356125 -0.997721553 -9.320297241 -0.106593944 0.992016673 0.067384757 -14.598782539 0.994295120 0.106612042 0.003337767 127.074203491
-0.004499701 0.071668141 -0.997418404 -10.055275917 -0.109255947 0.991422176 0.071730174 -14.625592232 0.994003534 0.109296642 0.003369063 127.075019836
-0.005388299 0.074545786 -0.997203052 -10.771723747 -0.111362472 0.990969718 0.074681565 -14.638627052 0.993765235 0.111453392 0.002961962 127.085403442
-0.006057229 0.080116257 -0.996767104 -11.513222694 -0.116043501 0.989994586 0.080277108 -14.646179199 0.993225634 0.116154589 0.003300348 127.094833374
-0.007259781 0.084188268 -0.996423423 -12.256989479 -0.119081825 0.989286244 0.084452860 -14.661540985 0.992857873 0.119269028 0.002843291 127.105758667
-0.008510202 0.084452480 -0.996391177 -13.006531715 -0.119224638 0.989233971 0.084864140 -14.678482056 0.992830813 0.119516604 0.001650239 127.121765137
-0.010118879 0.081456356 -0.996625483 -13.750713348 -0.116768725 0.989761531 0.082080901 -14.697463989 0.993107498 0.117205262 -0.000503724 127.144523621
-0.011545785 0.077886902 -0.996895373 -14.511161804 -0.120344482 0.989606977 0.078711256 -14.702065468 0.992665112 0.120879658 -0.002052528 127.156883240
-0.012714145 0.079695836 -0.996738136 -15.283067703 -0.125651836 0.988789678 0.080663085 -14.713961601 0.991992950 0.126267508 -0.002557688 127.156234741
-0.014128697 0.082795538 -0.996466398 -16.060819626 -0.122566201 0.988907218 0.083905295 -14.731520653 0.992359757 0.123318560 -0.003824038 127.174934387
-0.016356297 0.082707182 -0.996439695 -16.834201813 -0.121359304 0.989040732 0.084085137 -14.746968269 0.992473841 0.122302547 -0.006139759 127.193450928
-0.016756069 0.082198083 -0.996475101 -17.628011703 -0.125141829 0.988605976 0.083653256 -14.757466316 0.991997421 0.126102418 -0.006278730 127.186889648
-0.018574826 0.081801042 -0.996475577 -18.420270920 -0.129080564 0.988110602 0.083520502 -14.771609306 0.991460145 0.130176976 -0.007795054 127.209976196
-0.019903455 0.086135648 -0.996084690 -19.216747284 -0.130864859 0.987486184 0.088007018 -14.777779579 0.991200387 0.132104129 -0.008382257 127.220718384
-0.020710258 0.091163144 -0.995620668 -20.019790649 -0.130242065 0.987102151 0.093092389 -14.792259216 0.991265893 0.131599635 -0.008569863 127.236938477
-0.019475335 0.093406901 -0.995437443 -20.843889236 -0.130730152 0.986840725 0.095157906 -14.799777985 0.991226673 0.131986961 -0.007007954 127.246894836
-0.017587427 0.092466615 -0.995560467 -21.662895203 -0.130149215 0.987030983 0.093973599 -14.808025360 0.991338432 0.131224170 -0.005324879 127.258155823
-0.016375029 0.091919482 -0.995631695 -22.494632721 -0.130303353 0.987077117 0.093272753 -14.808463097 0.991338968 0.131261513 -0.004186002 127.270973206
-0.016256044 0.091106936 -0.995708406 -23.319547653 -0.128469124 0.987395465 0.092443690 -14.814729691 0.991580248 0.129420593 -0.004346718 127.295806885
-0.015404814 0.093171820 -0.995530784 -24.157314301 -0.129445583 0.987084329 0.094384328 -14.822491646 0.991466820 0.130321056 -0.003145169 127.315391541
-0.015182748 0.095359966 -0.995327055 -24.995218277 -0.131075338 0.986661673 0.096529186 -14.824810028 0.991256177 0.131928384 -0.002480898 127.336647034
-0.014909259 0.097760454 -0.995098233 -25.862339020 -0.133939102 0.986044347 0.098877758 -14.824687958 0.990877390 0.134756744 -0.001607242 127.347976685
-0.013253981 0.098889306 -0.995010197 -26.726699829 -0.136115342 0.985656142 0.099772766 -14.821573257 0.990604281 0.136758551 0.000396481 127.360404968
-0.011480432 0.102063917 -0.994711518 -27.596632004 -0.142906830 0.984398007 0.102655038 -14.821912766 0.989669561 0.143329605 0.003284316 127.375930786
-0.009335247 0.105959773 -0.994326532 -28.478988647 -0.147589579 0.983333290 0.106173918 -14.816493988 0.989004612 0.147743404 0.006458897 127.393394470
-0.007298617 0.107935987 -0.994130969 -29.354043961 -0.150176480 0.982764065 0.107804388 -14.811532021 0.988632321 0.150081933 0.009036628 127.424934387
-0.003621617 0.108592242 -0.994079769 -30.248691559 -0.148820341 0.982957721 0.107919462 -14.811234474 0.988857567 0.148330152 0.012600840 127.451248169
-0.001173445 0.108536720 -0.994091690 -31.138780594 -0.151427254 0.982609689 0.107461840 -14.805535316 0.988467693 0.150658697 0.015282382 127.483627319
0.001232476 0.112380750 -0.993664384 -32.042167664 -0.151973397 0.982144356 0.110889368 -14.797234535 0.988383830 0.150873899 0.018289354 127.514907837
0.003308648 0.114479646 -0.993420064 -32.958629608 -0.151007548 0.982090592 0.112671115 -14.792999268 0.988527000 0.149641156 0.020536685 127.560661316
0.005194007 0.115751319 -0.993264556 -33.852607727 -0.151680976 0.981876075 0.113630980 -14.788572311 0.988415837 0.150069132 0.022657147 127.601234436
0.007653397 0.114000432 -0.993451178 -34.756389618 -0.153046474 0.981908858 0.111496888 -14.781698227 0.988189280 0.151190877 0.024962302 127.632797241
0.007961033 0.115198873 -0.993310571 -35.674346924 -0.157506540 0.981086671 0.112518869 -14.770362854 0.987485826 0.155557156 0.025955040 127.673248291
0.008692442 0.115972959 -0.993214250 -36.566997528 -0.158342451 0.980879903 0.113146946 -14.765974045 0.987345994 0.156284422 0.026889678 127.713752747
0.009682422 0.112300225 -0.993627191 -37.466129303 -0.158669859 0.981256962 0.109355964 -14.761043549 0.987284184 0.156599879 0.027319599 127.743789673
0.010051797 0.108251624 -0.994072735 -38.373023987 -0.159974188 0.981492519 0.105264068 -14.761337280 0.987069964 0.157967880 0.027183233 127.793022156
0.010454198 0.107375741 -0.994163632 -39.270496368 -0.159565389 0.981657028 0.104347050 -14.754816055 0.987132013 0.157543197 0.027395885 127.835868835
0.010329521 0.111534230 -0.993706942 -40.174232483 -0.162354082 0.980760932 0.108393505 -14.748083115 0.986678481 0.160212725 0.028238824 127.874450684
0.010813468 0.117871784 -0.992969871 -41.110031128 -0.163100019 0.979937255 0.114548564 -14.736326218 0.986550272 0.160714716 0.029821409 127.912925720
0.011128530 0.116480030 -0.993130684 -42.005935669 -0.160948008 0.980450928 0.113189369 -14.734576225 0.986900210 0.158582747 0.029658204 127.957824707
0.011840549 0.106104568 -0.994284451 -42.894672394 -0.160258830 0.981701732 0.102853335 -14.740938187 0.987004042 0.158124983 0.028628075 128.003173828
0.012052093 0.095685653 -0.995338619 -43.814346313 -0.161801890 0.982479334 0.092490263 -14.744608879 0.986749649 0.159933001 0.027323052 128.043624878
0.011159047 0.092669055 -0.995634377 -44.714107513 -0.158691749 0.983241677 0.089736998 -14.752627373 0.987265050 0.156997621 0.025677856 128.088989258
0.010944547 0.102609724 -0.994661510 -45.637973785 -0.151474595 0.983411789 0.099782497 -14.754611969 0.988400519 0.149573877 0.026305767 128.139266968
0.011058913 0.115886651 -0.993200898 -46.571228027 -0.146315768 0.982758284 0.113039039 -14.751789093 0.989176035 0.144070879 0.027824285 128.195770264
0.011200894 0.124800645 -0.992118657 -47.492553711 -0.146567851 0.981669486 0.121831499 -14.742164612 0.989137113 0.144048065 0.029287338 128.242935181
0.010916361 0.119183928 -0.992812216 -48.409641266 -0.146586567 0.982335687 0.116314486 -14.738414764 0.989137530 0.144263193 0.028194293 128.284606934
0.011106876 0.105660222 -0.994340241 -49.323902130 -0.146638438 0.983823061 0.102904685 -14.736909866 0.989127755 0.144665569 0.026421053 128.330017090
0.011621234 0.096736744 -0.995242178 -50.238132477 -0.147174597 0.984634995 0.093987226 -14.735545158 0.989042342 0.145382091 0.025679870 128.374389648
0.012246875 0.096647285 -0.995243311 -51.156936646 -0.146589041 0.984737933 0.093823291 -14.744272232 0.989121675 0.144742727 0.026227398 128.420715332
0.011546081 0.098410532 -0.995078921 -52.114490509 -0.149273872 0.984163702 0.095598996 -14.759036064 0.988728464 0.147435486 0.026053358 128.461242676
0.012278543 0.097876631 -0.995122850 -53.043224335 -0.153912008 0.983522773 0.094836600 -14.760025024 0.988008261 0.151996896 0.027140612 128.493774414
0.012785290 0.097313486 -0.995171666 -53.981109619 -0.155591100 0.983323932 0.094156027 -14.762328148 0.987738848 0.153636023 0.027713193 128.535079956
0.013459487 0.104986928 -0.994382501 -54.940158844 -0.164583206 0.981141329 0.101361208 -14.764230728 0.986271381 0.162294388 0.030484747 128.574493408
0.014978152 0.114542142 -0.993305385 -55.880611420 -0.169955000 0.979252875 0.110358901 -14.756811142 0.985338092 0.167164251 0.034134399 128.613021851
0.015954202 0.123024218 -0.992275357 -56.837631226 -0.170335367 0.978229642 0.118544072 -14.751502991 0.985256970 0.167128280 0.036562242 128.658325195
0.017151512 0.123590447 -0.992185056 -57.789230347 -0.172009051 0.977901042 0.118837729 -14.740845680 0.984946132 0.168626562 0.038031157 128.703826904
0.018899718 0.113726974 -0.993332267 -58.734046936 -0.174012393 0.978720903 0.108743250 -14.734771729 0.984562099 0.170796916 0.038287453 128.748016357
0.020124599 0.108760647 -0.993864179 -59.671958923 -0.172415912 0.979550064 0.103703007 -14.728925705 0.984818637 0.169271022 0.038465120 128.804046631
0.021975925 0.107060306 -0.994009674 -60.642410278 -0.170767501 0.980040431 0.101780355 -14.727214813 0.985066295 0.167507827 0.039819710 128.861785889
0.025352649 0.112887703 -0.993284225 -61.599559784 -0.172330424 0.979222357 0.106890999 -14.723630905 0.984712899 0.168463141 0.044279870 128.921447754
0.028669519 0.115361586 -0.992909849 -62.573360443 -0.175438374 0.978480160 0.108619407 -14.727611542 0.984072864 0.171080425 0.048291400 128.977996826
0.032400496 0.110147275 -0.993387043 -63.528976440 -0.174307033 0.979300082 0.102900065 -14.726223946 0.984158158 0.169820353 0.050929260 129.041381836
0.035751499 0.104103900 -0.993923604 -64.486587524 -0.174226925 0.979977906 0.096376263 -14.727563858 0.984056354 0.169722661 0.053173374 129.106521606
0.039295599 0.103710338 -0.993830979 -65.442100525 -0.171915293 0.980470002 0.095518611 -14.726545334 0.984327674 0.167101279 0.056357544 129.179061890
0.041458938 0.108441852 -0.993237913 -66.402198792 -0.169003829 0.980529308 0.099999905 -14.741943359 0.984743059 0.163715124 0.058978785 129.262680054
0.044848073 0.115244061 -0.992324293 -67.359634399 -0.168396831 0.979981661 0.106199950 -14.742832184 0.984698534 0.162341416 0.063357033 129.342895508
0.047547471 0.119432382 -0.991703153 -68.325050354 -0.166265920 0.979921579 0.110041864 -14.748946190 0.984933972 0.159654230 0.066450320 129.424179077
0.049092889 0.121209301 -0.991412163 -69.303604126 -0.165866107 0.979815662 0.111578137 -14.749731064 0.984925508 0.158964008 0.068206489 129.513458252
0.051860113 0.118231080 -0.991630912 -70.249275208 -0.164706290 0.980381548 0.108276062 -14.745802879 0.984978497 0.157712638 0.070316091 129.584197998
0.052439794 0.116990663 -0.991747558 -71.195899963 -0.162730724 0.980840623 0.107099466 -14.749801636 0.985275984 0.155771509 0.070473053 129.673416138
0.052530587 0.113497712 -0.992148578 -72.137786865 -0.159497082 0.981719792 0.103859931 -14.758646965 0.985799849 0.152788967 0.069672875 129.765991211
0.052800890 0.112711139 -0.992223918 -73.124511719 -0.158111379 0.982020140 0.103138179 -14.745394707 0.986008525 0.151436150 0.069672443 129.844848633
0.052538957 0.117281429 -0.991708040 -74.077697754 -0.154772311 0.982036114 0.107938036 -14.744963646 0.986552179 0.147817999 0.069747061 129.931228638
0.051968325 0.119164281 -0.991513550 -75.039688110 -0.148850873 0.982688606 0.110301919 -14.750427246 0.987493157 0.141855434 0.068806387 130.029418945
0.051364921 0.114381053 -0.992108285 -76.000373840 -0.146081388 0.983594835 0.105836406 -14.733892441 0.987938225 0.139492244 0.067231223 130.110626221
0.050338160 0.110806361 -0.992566347 -76.955047607 -0.147874519 0.983699262 0.102316990 -14.737025261 0.987724245 0.141624808 0.065903060 130.177825928
0.049022235 0.107859664 -0.992956817 -77.903671265 -0.144379765 0.984475732 0.099810384 -14.738061905 0.988307238 0.138469949 0.063833967 130.263137817
0.047372196 0.108739659 -0.992940903 -78.868637085 -0.144556120 0.984338582 0.100900993 -14.740896225 0.988361955 0.138755769 0.062349275 130.337783813
0.046800893 0.110241733 -0.992802441 -79.815734863 -0.145651430 0.984022379 0.102400750 -14.745119095 0.988228381 0.139810652 0.062109981 130.411804199
0.045586664 0.110525012 -0.992827296 -80.770225525 -0.147244662 0.983748257 0.102753423 -14.746490479 0.988049090 0.141504318 0.061120015 130.484664917
0.044289663 0.111618765 -0.992763638 -81.721160889 -0.147148296 0.983628988 0.104027063 -14.748911858 0.988122344 0.141476169 0.059989095 130.552688599
0.042122185 0.111672133 -0.992851913 -82.682510376 -0.147033155 0.983607233 0.104394376 -14.748655319 0.988234222 0.141584858 0.057851180 130.626815796
0.040420711 0.114131398 -0.992643058 -83.635818481 -0.147352338 0.983273447 0.107053891 -14.742581367 0.988257766 0.141941026 0.056562141 130.696304321
0.038909264 0.117842525 -0.992269754 -84.589599609 -0.148746416 0.982640982 0.110866301 -14.734201431 0.988109529 0.143282846 0.055762485 130.756774902
0.037286077 0.122959323 -0.991711080 -85.541168213 -0.150045276 0.981839418 0.116094030 -14.724001884 0.987975776 0.144472852 0.055058409 130.818634033
0.034444071 0.122627810 -0.991854787 -86.490615845 -0.149785355 0.981867492 0.116191432 -14.718929291 0.988118410 0.144563198 0.052187368 130.892013550
0.033296920 0.117584720 -0.992504418 -87.435775757 -0.149892867 0.982410789 0.111360244 -14.713966370 0.988141418 0.145061389 0.050336368 130.954513550
0.030808145 0.112756722 -0.993144870 -88.382499695 -0.154071659 0.982276857 0.106743388 -14.702102661 0.987579226 0.149726883 0.047634743 131.016006470
0.029668802 0.110712595 -0.993409514 -89.325828552 -0.151955694 0.982795179 0.104991384 -14.699138641 0.987941921 0.147839248 0.045981761 131.081222534
0.029446708 0.112024292 -0.993268967 -90.291069031 -0.147528008 0.983304381 0.106526777 -14.700383186 0.988619387 0.143398151 0.045481797 131.131393433
0.028874667 0.113344900 -0.993136108 -91.239486694 -0.144516811 0.983585060 0.108053163 -14.697576523 0.989081025 0.140404835 0.044780929 131.194290161
0.027823254 0.113184482 -0.993184328 -92.191543579 -0.139300063 0.984313369 0.108271159 -14.698184967 0.989859283 0.135338187 0.043153409 131.260192871
0.026593640 0.110335089 -0.993538558 -93.134399414 -0.135345086 0.985135794 0.105779201 -14.700148582 0.990441501 0.131657496 0.041131660 131.324752808
0.025783580 0.107092127 -0.993914723 -94.077987671 -0.130224362 0.986132920 0.102875456 -14.702642441 0.991149247 0.126779407 0.039372046 131.390716553
0.024023898 0.109866478 -0.993655980 -95.060951233 -0.128517434 0.986035049 0.105916634 -14.704130173 0.991416216 0.125157595 0.037808161 131.446243286
0.022566084 0.112057805 -0.993445456 -96.007957458 -0.127869353 0.985860527 0.108297706 -14.699460983 0.991534293 0.124587364 0.036575772 131.505920410
0.021328395 0.109939896 -0.993709385 -96.967483521 -0.123863161 0.986568570 0.106491342 -14.695014954 0.992070019 0.120812692 0.034659434 131.555664062
0.019247649 0.106987022 -0.994074047 -97.917518616 -0.120861031 0.987215996 0.103908770 -14.695217133 0.992482781 0.118144818 0.031932149 131.607070923
0.015484222 0.104216769 -0.994434059 -98.886596680 -0.119699851 0.987594187 0.101636089 -14.687926292 0.992689371 0.117459886 0.027766855 131.663909912
0.012836427 0.103345454 -0.994562745 -99.841056824 -0.114147790 0.988293886 0.101220787 -14.696519852 0.993380785 0.112227820 0.024482813 131.713623047
0.010598238 0.103115313 -0.994612932 -100.800476074 -0.107262790 0.989046872 0.101395302 -14.688084602 0.994174242 0.105610348 0.021542585 131.758193970
0.008128718 0.111236736 -0.993760645 -101.765937805 -0.097298466 0.989165843 0.109926537 -14.687997818 0.995222032 0.095797822 0.018863818 131.820999146
0.005432618 0.119312853 -0.992841899 -102.723670959 -0.089252643 0.988951802 0.118356995 -14.682643890 0.995994151 0.087970771 0.016021585 131.877365112
0.002753443 0.118515462 -0.992948413 -103.676696777 -0.085036345 0.989383280 0.117854111 -14.672946930 0.996374071 0.084112197 0.012802331 131.922668457
0.000176449 0.108881555 -0.994054675 -104.633171082 -0.085861243 0.990385413 0.108464420 -14.674853325 0.996307075 0.085331634 0.009523458 131.954467773
-0.001902622 0.099552892 -0.995030463 -105.580230713 -0.087628953 0.991187871 0.099336021 -14.672343254 0.996151388 0.087382473 0.006837861 131.992538452
-0.002303968 0.100893848 -0.994894505 -106.539245605 -0.094797753 0.990394592 0.100657046 -14.671538353 0.995493889 0.094545670 0.007282672 132.013320923
-0.003244172 0.110792220 -0.993838310 -107.499725342 -0.098488778 0.988976181 0.110571675 -14.663239479 0.995132804 0.098240636 0.007703382 132.049194336
-0.004737724 0.122079402 -0.992509067 -108.462966919 -0.102360740 0.987247527 0.121920839 -14.648951530 0.994736075 0.102171592 0.007818830 132.078796387
-0.006567141 0.124189965 -0.992236733 -109.410041809 -0.109456562 0.986206770 0.124159679 -14.639037132 0.993969858 0.109422199 0.007116849 132.110519409
-0.005958037 0.120223127 -0.992729008 -110.399719238 -0.116352193 0.985920310 0.120096885 -14.611737251 0.993190169 0.116221726 0.008114073 132.128387451
-0.006266714 0.116367243 -0.993186533 -111.353439331 -0.124395221 0.985400498 0.116239898 -14.598423958 0.992212951 0.124276087 0.008300307 132.154022217
-0.003857660 0.118348479 -0.992964625 -112.321968079 -0.129105344 0.984602630 0.117853418 -14.577943802 0.991623461 0.128651664 0.011481157 132.175338745
-0.002688330 0.119604819 -0.992817938 -113.304237366 -0.137098610 0.983402550 0.118841782 -14.559042931 0.990553737 0.136433452 0.013753942 132.204452515
-0.002233891 0.122169010 -0.992506802 -114.267547607 -0.146273687 0.981794000 0.121179603 -14.540596962 0.989241600 0.145448357 0.015676893 132.226272583
-0.001780049 0.124324381 -0.992240012 -115.243919373 -0.151753530 0.980716169 0.123152725 -14.517806053 0.988416672 0.150795162 0.017120942 132.251388550
-0.001721120 0.124066688 -0.992272317 -116.218750000 -0.155904248 0.980107188 0.122816049 -14.507366180 0.987770677 0.154910862 0.017655635 132.293869019
-0.000087435 0.114670709 -0.993403554 -117.174392700 -0.154922381 0.981408298 0.113299713 -14.508318901 0.987926602 0.153910309 0.017679250 132.326583862
0.001178582 0.103089787 -0.994671345 -118.125450134 -0.158012792 0.982195258 0.101609513 -14.498148918 0.987436354 0.157051012 0.017447103 132.365432739
