1.000000000 0.000000000 0.000000000 0.000000000 0.000000000 1.000000000 0.000000000 0.000000000 0.000000000 0.000000000 1.000000000 0.000000000
0.999997735 -0.001619524 -0.001368704 0.049901020 0.001616603 0.999996424 -0.002132360 -0.133093312 0.001372153 0.002130142 0.999996781 1.297486782
0.999997795 0.000048544 -0.002075166 0.103609845 -0.000062009 0.999978900 -0.006489095 -0.265794814 0.002074807 0.006489209 0.999976814 2.606827021
0.999996006 0.002520280 -0.001275081 0.148032486 -0.002530357 0.999965072 -0.007963713 -0.404646724 0.001254965 0.007966908 0.999967456 3.911444426
0.999983072 0.005806919 0.000297365 0.192380846 -0.005804801 0.999960840 -0.006686188 -0.543057203 -0.000336180 0.006684348 0.999977589 5.223705292
0.999974608 0.006671700 0.002510852 0.242620081 -0.006663317 0.999972224 -0.003332377 -0.688522875 -0.002533014 0.003315563 0.999991298 6.540983200
0.999959171 0.006922170 0.005806331 0.299827307 -0.006910758 0.999974132 -0.001982979 -0.826043963 -0.005819907 0.001942772 0.999981225 7.844284058
0.999942362 0.005369578 0.009300066 0.352697432 -0.005351632 0.999983788 -0.001953523 -0.959581256 -0.009310404 0.001903640 0.999954760 9.147874832
0.999912560 0.004191881 0.012545006 0.431023568 -0.004167681 0.999989450 -0.001954538 -1.095800042 -0.012553066 0.001902084 0.999919355 10.447396278
0.999868512 0.002823074 0.015964139 0.497054160 -0.002784122 0.999993086 -0.002461673 -1.235800982 -0.015970977 0.002416904 0.999869466 11.752792358
0.999809325 0.001968992 0.019423749 0.571517348 -0.001909560 0.999993443 -0.003077812 -1.376929641 -0.019429676 0.003040134 0.999806583 13.047312737
0.999739766 0.001835429 0.022736764 0.640556276 -0.001760066 0.999992907 -0.003334117 -1.519907713 -0.022742722 0.003293230 0.999735951 14.367744446
0.999657750 0.001698713 0.026108876 0.725775599 -0.001584208 0.999989033 -0.004405766 -1.658038020 -0.026116075 0.004362896 0.999649465 15.663671494
0.999567151 0.002472565 0.029313453 0.808190942 -0.002346273 0.999987841 -0.004341934 -1.796521425 -0.029323829 0.004271278 0.999560833 16.963274002
0.999471724 0.002123418 0.032431327 0.900761187 -0.002000505 0.999990702 -0.003821922 -1.936712503 -0.032439142 0.003755024 0.999466658 18.248178482
0.999396920 0.000559296 0.034720041 0.995997906 -0.000430901 0.999992967 -0.003705373 -2.077267170 -0.034721863 0.003688178 0.999390185 19.545738220
0.999334931 -0.001991048 0.036409657 1.092990875 0.002172098 0.999985456 -0.004933674 -2.218616724 -0.036399301 0.005009478 0.999324799 20.820791245
0.999299645 -0.001767399 0.037375364 1.193048120 0.002016533 0.999975979 -0.006629094 -2.359796762 -0.037362747 0.006699821 0.999279320 22.120475769
0.999249160 -0.001745839 0.038704380 1.275638461 0.002109093 0.999954045 -0.009346517 -2.503464222 -0.038686287 0.009421131 0.999207020 23.411031723
0.999211371 -0.001223356 0.039688654 1.377576113 0.001658344 0.999938905 -0.010928934 -2.644290209 -0.039672866 0.010986133 0.999152303 24.692951202
0.999163270 -0.000638789 0.040896155 1.476544857 0.001115238 0.999931812 -0.011628452 -2.790743589 -0.040885933 0.011664330 0.999095738 25.963491440
0.999146998 -0.002217468 0.041235156 1.575485706 0.002651545 0.999941647 -0.010475144 -2.938351393 -0.041209526 0.010575546 0.999094546 27.258724213
0.999141097 -0.005143063 0.041117363 1.679887176 0.005527744 0.999942005 -0.009247476 -3.086396694 -0.041067418 0.009466821 0.999111474 28.536962509
0.999167085 -0.006759132 0.040240701 1.775480151 0.007154730 0.999927402 -0.009694903 -3.232775450 -0.040172260 0.009974740 0.999143004 29.829364777
0.999189496 -0.008436739 0.039361853 1.881447911 0.008919173 0.999887049 -0.012096883 -3.379761696 -0.039255347 0.012438153 0.999151826 31.096336365
0.999218881 -0.008524997 0.038584933 1.987960815 0.009006489 0.999883413 -0.012322248 -3.530462742 -0.038475379 0.012660139 0.999179363 32.387332916
0.999228776 -0.009215361 0.038168516 2.084654808 0.009702059 0.999873698 -0.012585784 -3.674816847 -0.038047716 0.012946392 0.999192059 33.650684357
0.999248266 -0.009710686 0.037531767 2.182207108 0.010195080 0.999866903 -0.012736466 -3.819465399 -0.037403096 0.013109531 0.999214232 34.919742584
0.999260008 -0.010291057 0.037059207 2.273683548 0.010790533 0.999853253 -0.013303131 -3.963995934 -0.036916867 0.013693177 0.999224544 36.181716919
0.999301374 -0.010703309 0.035808668 2.391309261 0.011188298 0.999847949 -0.013371019 -4.123139381 -0.035660110 0.013762312 0.999269187 37.469203949
0.999299228 -0.010324647 0.035976700 2.484038353 0.010742996 0.999876738 -0.011454515 -4.269652843 -0.035853997 0.011832988 0.999286890 38.727226257
0.999262393 -0.010398211 0.036966331 2.581892490 0.010794204 0.999886334 -0.010528795 -4.408175468 -0.036852650 0.010920051 0.999261022 40.001785278
0.999183238 -0.012141933 0.038541380 2.694604397 0.012501839 0.999880254 -0.009110859 -4.546713829 -0.038426146 0.009585254 0.999215364 41.250076294
0.999065340 -0.013293285 0.041131381 2.787884712 0.013719216 0.999854982 -0.010090516 -4.696015358 -0.040991277 0.010645375 0.999102771 42.518440247
0.998938739 -0.014579430 0.043691669 2.883391857 0.015172502 0.999796808 -0.013273234 -4.843355179 -0.043489270 0.013922056 0.998956859 43.768436432
0.998843312 -0.015605853 0.045478985 2.994180441 0.016269445 0.999765992 -0.014257779 -4.993484497 -0.045245834 0.014981208 0.998863459 45.034664154
0.998731315 -0.015871709 0.047788695 3.125967741 0.016520601 0.999776304 -0.013214143 -5.125262737 -0.047568273 0.013986877 0.998769939 46.271923065
0.998504043 -0.017089816 0.051938560 3.220457792 0.017611165 0.999798834 -0.009596726 -5.281975269 -0.051764112 0.010497068 0.998604178 47.526767731
0.998232245 -0.020187231 0.055901803 3.342014313 0.020658758 0.999755621 -0.007869900 -5.418198109 -0.055729270 0.009010850 0.998405278 48.760498047
0.997998714 -0.022321740 0.059163600 3.470384121 0.022833746 0.999707341 -0.007992094 -5.559924126 -0.058967888 0.009327026 0.998216331 50.004646301
0.997721612 -0.025464255 0.062474191 3.610191584 0.026244422 0.999587119 -0.011699025 -5.694385529 -0.062150490 0.013311969 0.997977972 51.234039307
0.997419596 -0.026733229 0.066630818 3.741160393 0.027601026 0.999545336 -0.012137421 -5.825287819 -0.066276051 0.013945181 0.997703791 52.470790863
0.997076094 -0.029101076 0.070655994 3.873398304 0.029839141 0.999510348 -0.009412799 -5.969857693 -0.070347480 0.011493593 0.997456193 53.690879822
0.996791482 -0.031789046 0.073459290 4.032577515 0.032345358 0.999456286 -0.006395507 -6.096766949 -0.073216036 0.008751052 0.997277737 54.886997223
0.996515512 -0.034257527 0.076046988 4.162785530 0.034725990 0.999385118 -0.004845966 -6.229139328 -0.075834215 0.007469887 0.997092485 56.137367249
0.996320784 -0.037306361 0.077157132 4.319031239 0.037536845 0.999293983 -0.001538499 -6.353035927 -0.077045269 0.004429074 0.997017801 57.342472076
0.996136725 -0.040058263 0.078147024 4.457950592 0.040192757 0.999191940 -0.000148292 -6.484238148 -0.078077927 0.003288664 0.996941745 58.569381714
0.996099889 -0.041859075 0.077671237 4.607132435 0.042263180 0.999100208 -0.003565548 -6.607095718 -0.077452093 0.006834276 0.996972620 59.762557983
0.996110439 -0.043006238 0.076904401 4.758823872 0.043728426 0.999013543 -0.007730820 -6.739323139 -0.076496072 0.011063662 0.997008502 60.976284027
0.996125698 -0.044279013 0.075978629 4.896619320 0.045301720 0.998903751 -0.011789378 -6.867290497 -0.075373322 0.015185668 0.997039676 62.155624390
0.996129513 -0.046291880 0.074719332 5.033249855 0.047458157 0.998776376 -0.013908545 -7.006454468 -0.073984064 0.017400753 0.997107565 63.373428345
0.996275306 -0.046289422 0.072749920 5.170372009 0.047412161 0.998780251 -0.013781576 -7.141340256 -0.072023243 0.017179480 0.997255027 64.548294067
0.996503532 -0.045385942 0.070148654 5.300989628 0.046423160 0.998834252 -0.013226157 -7.284766197 -0.069466628 0.016436433 0.997448802 65.766525269
0.996766269 -0.044531185 0.066888697 5.428187847 0.045396719 0.998903036 -0.011475349 -7.414287090 -0.066304326 0.014474767 0.997694433 66.940711975
0.997151613 -0.040744632 0.063470855 5.545464993 0.041305933 0.999117970 -0.007555830 -7.548752785 -0.063107021 0.010156032 0.997955024 68.133781433
0.997447312 -0.038777579 0.059959423 5.666680813 0.039168548 0.999218285 -0.005358601 -7.675751209 -0.059704755 0.007693446 0.998186350 69.315895081
0.997635305 -0.037775930 0.057417791 5.768531799 0.038317118 0.999230683 -0.008353517 -7.812255859 -0.057058062 0.010533846 0.998315334 70.483169556
0.997820139 -0.038142990 0.053851746 5.887794018 0.039009970 0.999124110 -0.015140601 -7.949987888 -0.053227074 0.017208353 0.998434126 71.679611206
0.997830927 -0.042168278 0.050550975 5.996632576 0.043135591 0.998903513 -0.018199041 -8.083682060 -0.049728110 0.020340113 0.998555601 72.850921631
0.997880101 -0.046035748 0.045999758 6.112823486 0.046693865 0.998820186 -0.013335889 -8.221612930 -0.045331553 0.015455526 0.998852432 74.023048401
0.997875571 -0.049761344 0.042049948 6.216011524 0.050157484 0.998705804 -0.008418011 -8.348920822 -0.041576635 0.010509246 0.999080122 75.182037354
0.997957587 -0.051812161 0.037365738 6.315698624 0.052052092 0.998629272 -0.005476479 -8.477051735 -0.037030783 0.007410259 0.999286652 76.367759705
0.998130500 -0.051186357 0.033397499 6.406107903 0.051315721 0.998677790 -0.003027346 -8.602178574 -0.033198379 0.004735502 0.999437571 77.526702881
0.998295963 -0.050473828 0.029281721 6.501588821 0.050586313 0.998714745 -0.003113007 -8.719408989 -0.029086953 0.004588956 0.999566317 78.680969238
0.998432517 -0.049331415 0.026436793 6.572223663 0.049473263 0.998764157 -0.004738075 -8.853219986 -0.026170382 0.006038562 0.999639273 79.856933594
0.998623073 -0.047049433 0.023199009 6.649554729 0.047285214 0.998834014 -0.009721525 -8.981016159 -0.022714568 0.010805111 0.999683619 81.001678467
0.998546660 -0.050350878 0.019218968 6.737898350 0.050632432 0.998612761 -0.014455406 -9.119107246 -0.018464461 0.015407501 0.999710798 82.160980225
0.998405159 -0.053852789 0.016943110 6.794266701 0.054112952 0.998417854 -0.015291160 -9.252553940 -0.016092833 0.016183617 0.999739528 83.298835754
0.998449922 -0.054048616 0.013286710 6.863926888 0.054208752 0.998457491 -0.012002924 -9.379369736 -0.012617471 0.012704576 0.999839664 84.436531067
0.998446345 -0.054822821 0.009976200 6.938181400 0.054916322 0.998447180 -0.009353536 -9.510603905 -0.009447919 0.009886863 0.999906421 85.566452026
0.998604774 -0.051931173 0.009568303 6.979448795 0.052036036 0.998584092 -0.011057422 -9.636026382 -0.008980528 0.011539890 0.999893069 86.717262268
0.998794913 -0.048237070 0.009049670 7.035387039 0.048364080 0.998726130 -0.014383384 -9.761530876 -0.008344330 0.014803730 0.999855578 87.838165283
0.998873830 -0.046690226 0.008427428 7.092644215 0.046831183 0.998751521 -0.017385501 -9.886155128 -0.007605174 0.017760590 0.999813318 88.942665100
0.998818755 -0.047977552 0.007699786 7.140293598 0.048106041 0.998689532 -0.017473413 -10.030634880 -0.006851363 0.017823182 0.999817610 90.084381104
0.998776317 -0.049048711 0.006321809 7.195992947 0.049137134 0.998684108 -0.014685962 -10.161074638 -0.005593163 0.014978629 0.999872088 91.198448181
0.998727202 -0.050127476 0.005575773 7.249335766 0.050192844 0.998664081 -0.012275586 -10.289868355 -0.004952980 0.012539826 0.999909043 92.313682556
0.998732984 -0.050101541 0.004723990 7.317512512 0.050152451 0.998677015 -0.011354873 -10.414463997 -0.004148844 0.011577406 0.999924362 93.444770813
0.998704016 -0.050663646 0.004842821 7.366072655 0.050725162 0.998620629 -0.013557741 -10.540334702 -0.004149256 0.013785823 0.999896348 94.552848816
0.998702049 -0.050783090 0.003927889 7.431402206 0.050844405 0.998553038 -0.017513398 -10.668107986 -0.003032820 0.017690374 0.999838889 95.663375854
0.998693883 -0.050908599 0.004347142 7.475706577 0.050980959 0.998526871 -0.018582368 -10.806760788 -0.003394735 0.018779717 0.999817848 96.778244019
0.998657227 -0.051635392 0.004175913 7.535030365 0.051698390 0.998522580 -0.016730806 -10.939844131 -0.003305841 0.016924229 0.999851406 97.863082886
0.998702824 -0.050649304 0.005211449 7.579285622 0.050707094 0.998645782 -0.011631070 -11.061967850 -0.004615286 0.011880241 0.999918759 98.949554443
0.998781383 -0.048889022 0.006738096 7.629307747 0.048943333 0.998768330 -0.008146933 -11.181742668 -0.006331501 0.008466791 0.999944031 100.015289307
0.998874485 -0.046645936 0.008596460 7.677611828 0.046716701 0.998874307 -0.008223698 -11.302623749 -0.008203181 0.008616040 0.999929249 101.085189819
0.998940825 -0.044709489 0.010874648 7.729195118 0.044818532 0.998945117 -0.009999088 -11.422789574 -0.010416122 0.010475883 0.999890864 102.118927002
0.998882413 -0.045246236 0.013659945 7.784287453 0.045409199 0.998897851 -0.011864649 -11.546989441 -0.013108063 0.012471677 0.999836266 103.136047363
0.998785794 -0.046856076 0.015212162 7.839592934 0.047056355 0.998806536 -0.013085383 -11.660314560 -0.014580879 0.013785326 0.999798656 104.164459229
0.998669922 -0.048640091 0.017103186 7.903682232 0.048854295 0.998729765 -0.012337376 -11.773312569 -0.016481366 0.013156530 0.999777675 105.145362854
0.998632193 -0.048698138 0.019031230 7.964275360 0.048913736 0.998742044 -0.011031622 -11.891040802 -0.018470071 0.011947421 0.999758005 106.120399475
0.998556852 -0.049926113 0.019788561 8.041563034 0.050116491 0.998700619 -0.009244037 -12.003108978 -0.019301325 0.010222426 0.999761462 107.070999146
0.998479247 -0.050573520 0.021945141 8.099321365 0.050795492 0.998662233 -0.009677883 -12.109643936 -0.021426339 0.010777880 0.999712348 107.989189148
0.998455644 -0.050410934 0.023346771 8.167835236 0.050606925 0.998687506 -0.007881036 -12.209362030 -0.022918835 0.009050372 0.999696374 108.898788452
0.998453736 -0.049466368 0.025363609 8.228240967 0.049626999 0.998751342 -0.005743010 -12.306081772 -0.025047852 0.006992849 0.999661863 109.767799377
0.998421252 -0.049549963 0.026454108 8.294232368 0.049635731 0.998763978 -0.002594868 -12.408384323 -0.026292840 0.003903841 0.999646664 110.632965088
0.998370826 -0.049726542 0.027981719 8.358815193 0.049813468 0.998755634 -0.002417824 -12.500310898 -0.027826669 0.003807752 0.999605477 111.459228516
0.998387635 -0.048754875 0.029069461 8.415032387 0.048821673 0.998806238 -0.001591908 -12.590901375 -0.028957145 0.003008560 0.999576151 112.276420593
0.998485744 -0.046429381 0.029505579 8.471590042 0.046489090 0.998917878 -0.001340658 -12.669648170 -0.029411405 0.002710315 0.999563754 113.057708740
0.998609900 -0.043882452 0.029197138 8.516955376 0.043845601 0.999036551 0.001901397 -12.749868393 -0.029252442 -0.000618587 0.999571919 113.816947937
0.998697698 -0.043849207 0.026076930 8.567710876 0.043793090 0.999037027 0.002718948 -12.831197739 -0.026171038 -0.001573418 0.999656200 114.571807861
0.998837113 -0.044060249 0.019570213 8.607749939 0.044009812 0.999026656 0.003000441 -12.906113625 -0.019683361 -0.002135670 0.999803960 115.269248962
0.999065578 -0.042235348 0.009175286 8.635586739 0.042221986 0.999106884 0.001644356 -12.979228020 -0.009236537 -0.001255420 0.999956548 115.947303772
0.999208748 -0.039500974 -0.004649512 8.638559341 0.039495897 0.999219060 -0.001178501 -13.047157288 0.004692432 0.000993932 0.999988556 116.589744568
0.998991609 -0.038125105 -0.023710795 8.643540382 0.038055245 0.999269903 -0.003390787 -13.120678902 0.023822758 0.002485048 0.999713063 117.208396912
0.998273611 -0.036489744 -0.046024069 8.612396240 0.036271669 0.999326527 -0.005564671 -13.190316200 0.046196125 0.003885695 0.998924792 117.796943665
0.996678948 -0.034882165 -0.073581897 8.571369171 0.034407243 0.999378145 -0.007712505 -13.253403664 0.073805168 0.005155142 0.997259378 118.366928101
0.993882954 -0.032534175 -0.105537623 8.500668526 0.031665761 0.999449492 -0.009894129 -13.318312645 0.105801433 0.006491678 0.994366050 118.908203125
0.989638746 -0.027881697 -0.140846074 8.393011093 0.026589060 0.999585330 -0.011051564 -13.386292458 0.141095787 0.007192092 0.989969850 119.455017090
0.983422577 -0.021806996 -0.180012211 8.299039841 0.020234562 0.999739408 -0.010566963 -13.445328712 0.180195749 0.006749321 0.983607709 119.995414734
0.975084782 -0.017006684 -0.221179783 8.139125824 0.015529522 0.999843955 -0.008415926 -13.501499176 0.221288398 0.004771426 0.975196719 120.492477417
0.963861108 -0.012220875 -0.266124696 7.976995468 0.010818520 0.999918759 -0.006734931 -13.560373306 0.266185373 0.003612462 0.963915110 120.978561401
0.949630201 -0.006432537 -0.313306808 7.785381317 0.004367786 0.999963880 -0.007291649 -13.616068840 0.313342392 0.005555913 0.949623942 121.460464478
0.932531536 0.001483301 -0.361085355 7.551986694 -0.004734557 0.999955833 -0.008119657 -13.667257309 0.361057401 0.009281414 0.932497323 121.930145264
0.911583900 0.005908412 -0.411071807 7.312221527 -0.010594351 0.999902308 -0.009122021 -13.715875626 0.410977721 0.012670525 0.911557257 122.356025696
0.886620522 0.010600611 -0.462376088 7.035549164 -0.015882196 0.999845505 -0.007531765 -13.775313377 0.462224841 0.014021365 0.886651874 122.788047791
0.857776523 0.013710232 -0.513839960 6.752414703 -0.020334091 0.999766767 -0.007268934 -13.819154739 0.513620436 0.016683590 0.857855380 123.184173584
0.826168835 0.023377605 -0.562937379 6.428787231 -0.030958105 0.999512970 -0.003926551 -13.866726875 0.562571406 0.020671472 0.826490164 123.560997009
0.792250574 0.036357574 -0.609111667 6.083499908 -0.043808576 0.999036491 0.002651673 -13.910224915 0.608621180 0.024583530 0.793080091 123.919334412
0.756729245 0.045463141 -0.652145624 5.734313965 -0.055333074 0.998453379 0.005398600 -13.948904991 0.651382446 0.031999946 0.758074462 124.224273682
0.716998994 0.049248334 -0.695332289 5.369010925 -0.062464558 0.998027444 0.006276369 -13.993556023 0.694269836 0.038933467 0.718660951 124.522865295
0.674803555 0.050904609 -0.736239731 4.988925934 -0.064898670 0.997846663 0.009509313 -14.039475441 0.735138416 0.041364070 0.676653981 124.807807922
0.630921304 0.054453392 -0.773933589 4.575931549 -0.068283424 0.997560382 0.014522020 -14.071927071 0.772836208 0.043684587 0.633100271 125.083038330
0.585897446 0.063311085 -0.807908237 4.149158478 -0.079300031 0.996638000 0.020592120 -14.107546806 0.806495965 0.052002288 0.588948369 125.320243835
0.540198505 0.072328500 -0.838423610 3.712055206 -0.090888761 0.995486259 0.027318001 -14.132292747 0.836615086 0.061446149 0.544333994 125.528450012
0.493411809 0.077531055 -0.866333425 3.259162903 -0.096464589 0.994752705 0.034083255 -14.158617020 0.864430130 0.066753432 0.498301625 125.728515625
0.446436286 0.079174869 -0.891305745 2.798202515 -0.095889479 0.994575024 0.040319279 -14.183983803 0.889662802 0.067466855 0.451606393 125.906250000
0.399424881 0.080226772 -0.913248837 2.322700500 -0.092403382 0.994613647 0.046960294 -14.205463409 0.912097394 0.065630160 0.404686689 126.085006714
0.353748620 0.082858741 -0.931663215 1.835205078 -0.094047956 0.994171500 0.052708376 -14.224118233 0.930600286 0.068975516 0.359479517 126.229141235
0.310154110 0.086213306 -0.946769059 1.333438873 -0.099891849 0.993322134 0.057728685 -14.241243362 0.945423782 0.076669715 0.316694975 126.345092773
0.268954337 0.087568633 -0.959163845 0.803810120 -0.104570538 0.992626429 0.061301555 -14.255622864 0.957459569 0.083812967 0.276128262 126.451911926
0.229064777 0.084586196 -0.969729006 0.277256012 -0.104582265 0.992589474 0.061876304 -14.278659821 0.967776775 0.087242782 0.236213520 126.556396484
0.194221973 0.079505369 -0.977730453 -0.257333755 -0.099422738 0.993173003 0.061011203 -14.297410011 0.975906253 0.085358925 0.200800687 126.650291443
0.163655192 0.074518591 -0.983699143 -0.805875778 -0.096788295 0.993545115 0.059162077 -14.319074631 0.981758177 0.085528381 0.169811368 126.731628418
0.137354672 0.072824694 -0.987841249 -1.372819901 -0.097836919 0.993414223 0.059631787 -14.336076736 0.985678256 0.088456638 0.143575042 126.798843384
0.115166724 0.071801946 -0.990747750 -1.955586433 -0.098525122 0.993291736 0.060533535 -14.349500656 0.988447964 0.090642102 0.121468447 126.864181519
0.096575327 0.073497236 -0.992608368 -2.550971985 -0.100344799 0.992907882 0.063756414 -14.366618156 0.990254581 0.093445778 0.103265479 126.926628113
0.080608048 0.071625352 -0.994169116 -3.159627914 -0.101339400 0.992835224 0.063312575 -14.388442039 0.991580784 0.095644988 0.087288968 126.975608826
0.066624738 0.070727274 -0.995268166 -3.779975891 -0.099641383 0.992969930 0.063893795 -14.416781425 0.992790282 0.094912991 0.073203713 127.026969910
0.054505169 0.067974813 -0.996197104 -4.417096615 -0.095612273 0.993451059 0.062556192 -14.436896324 0.993925393 0.091839030 0.060647450 127.070205688
0.042583909 0.065426536 -0.996948361 -5.072579384 -0.093084253 0.993773043 0.061242118 -14.454070091 0.994747162 0.090192258 0.048408918 127.108711243
0.031074515 0.064393029 -0.997440636 -5.745742321 -0.092212357 0.993851423 0.061288502 -14.473279953 0.995254278 0.090071857 0.036821287 127.159080505
0.021707010 0.066087514 -0.997577608 -6.418834686 -0.095586330 0.993378997 0.063729428 -14.495319366 0.995184422 0.093971431 0.027880348 127.178451538
0.013153421 0.065815665 -0.997745097 -7.094236374 -0.098436564 0.993069768 0.064209543 -14.520154953 0.995056272 0.097370028 0.019540930 127.198623657
0.006659620 0.065273032 -0.997845173 -7.787272453 -0.100935087 0.992814839 0.064270340 -14.541735649 0.994870722 0.100289568 0.013200110 127.217140198
0.001491765 0.066209719 -0.997804642 -8.483892441 -0.101649478 0.992647409 0.065715536 -14.559154510 0.994819164 0.101328276 0.008210978 127.235183716
-0.002189111 0.068663046 -0.997637570 -9.204508781 -0.104003400 0.992214024 0.068517976 -14.577937126 0.994574606 0.103907667 0.004969121 127.260658264
-0.002729221 0.072570287 -0.997359574 -9.939175606 -0.106163256 0.991705835 0.072449431 -14.601833344 0.994345009 0.106080674 0.004997715 127.262351990
-0.003998417 0.075658195 -0.997125804 -10.652394295 -0.108624630 0.991200626 0.075644188 -14.613891602 0.994074762 0.108614855 0.004255110 127.280235291
-0.004735456 0.081174411 -0.996688604 -11.392434120 -0.113414764 0.990225136 0.081186846 -14.620309830 0.993536472 0.113423660 0.004517209 127.291114807
-0.005896198 0.084902219 -0.996371806 -12.133337975 -0.116230674 0.989577532 0.085011072 -14.632496834 0.993204772 0.116310224 0.004033499 127.302558899
-0.007371917 0.085524708 -0.996308923 -12.883104324 -0.116537288 0.989473283 0.085800231 -14.651434898 0.993158937 0.116739623 0.002672502 127.324966431
-0.008968178 0.082452796 -0.996554613 -13.628005981 -0.114189737 0.989990890 0.082937330 -14.669384956 0.993418396 0.114540093 0.000536846 127.348777771
-0.010403946 0.079069301 -0.996814907 -14.389626503 -0.117698207 0.989842355 0.079744667 -14.672968864 0.992994964 0.118152976 -0.000991951 127.360984802
-0.011892242 0.080711842 -0.996666491 -15.152612686 -0.123130031 0.989033043 0.081562862 -14.684779167 0.992319226 0.123689547 -0.001823770 127.368339539
-0.012741759 0.083886385 -0.996393859 -15.941810608 -0.119870827 0.989160359 0.084810287 -14.700527191 0.992707729 0.120519169 -0.002548112 127.378417969
-0.015083896 0.083939262 -0.996356666 -16.714994431 -0.118670233 0.989276886 0.085139357 -14.716129303 0.992819130 0.119522125 -0.004961057 127.399002075
-0.015244839 0.083222069 -0.996414363 -17.509710312 -0.122486368 0.988869429 0.084465876 -14.724559784 0.992353141 0.123334847 -0.004881589 127.391143799
-0.017138258 0.082553461 -0.996439278 -18.301042557 -0.126110792 0.988448143 0.084060468 -14.735298157 0.991868138 0.127102375 -0.006529398 127.416572571
-0.018267453 0.086971290 -0.996043384 -19.098363876 -0.128044501 0.987802863 0.088600107 -14.741150856 0.991600275 0.129156366 -0.006908448 127.426246643
-0.019185457 0.091759600 -0.995596409 -19.901618958 -0.127349973 0.987444520 0.093462355 -14.753753662 0.991672337 0.128582314 -0.007258993 127.444740295
-0.018206172 0.094151452 -0.995391309 -20.732984543 -0.127897784 0.987158179 0.095712021 -14.761824608 0.991620243 0.129050881 -0.005930608 127.456871033
-0.016138667 0.093405664 -0.995497286 -21.551198959 -0.127224237 0.987342596 0.094703034 -14.771018982 0.991742671 0.128179759 -0.004050932 127.467407227
-0.015198382 0.093212672 -0.995530188 -22.383333206 -0.127297863 0.987362921 0.094391376 -14.773269653 0.991748095 0.128163472 -0.003140544 127.483428955
-0.015200765 0.091980390 -0.995644748 -23.209745407 -0.125746518 0.987678230 0.093164228 -14.776160240 0.991945922 0.126615003 -0.003447252 127.509574890
-0.014186444 0.093897864 -0.995480716 -24.046339035 -0.126623720 0.987397015 0.094939873 -14.781942368 0.991849363 0.127398297 -0.002117955 127.529518127
-0.013871229 0.096032746 -0.995281637 -24.884450912 -0.128376573 0.986968398 0.097019807 -14.783147812 0.991628468 0.129116595 -0.001362111 127.549568176
-0.013569186 0.098429523 -0.995051444 -25.752861023 -0.131225228 0.986360848 0.099359304 -14.781960487 0.991259694 0.131924078 -0.000467678 127.561912537
-0.012010735 0.099581778 -0.994956911 -26.616043091 -0.133457854 0.985966742 0.100293033 -14.778799057 0.990981698 0.133989394 0.001447788 127.576530457
-0.009994987 0.102715686 -0.994660616 -27.488616943 -0.140141681 0.984749079 0.103100389 -14.777574539 0.990081012 0.140423894 0.004552195 127.590751648
-0.007757340 0.106556274 -0.994276404 -28.372032166 -0.144948363 0.983685136 0.106552117 -14.772146225 0.989408791 0.144945309 0.007814378 127.609199524
-0.005699753 0.108266577 -0.994105518 -29.247106552 -0.147320822 0.983183324 0.107921734 -14.765422821 0.989072323 0.147067547 0.010346021 127.642387390
-0.001772121 0.109131709 -0.994025707 -30.146564484 -0.146377176 0.983292043 0.108214244 -14.766615868 0.989227235 0.145694435 0.014231880 127.666175842
0.000892147 0.109130524 -0.994027019 -31.037651062 -0.149008051 0.982944548 0.107780099 -14.760072708 0.988835514 0.148021907 0.017138256 127.697723389
0.003509670 0.112834111 -0.993607640 -31.940383911 -0.149387881 0.982523143 0.111047685 -14.750883102 0.988772452 0.148043185 0.020304380 127.729553223
0.005786456 0.114937216 -0.993355930 -32.853141785 -0.148437038 0.982466161 0.112812534 -14.746290207 0.988904953 0.146798030 0.022745937 127.773941040
0.007526682 0.116099589 -0.993209064 -33.745826721 -0.148953080 0.982286453 0.113694020 -14.741409302 0.988815606 0.147085831 0.024686750 127.818405151
0.010126726 0.114230342 -0.993402779 -34.649585724 -0.150306016 0.982340217 0.111426070 -14.733058929 0.988587618 0.148185998 0.027117398 127.851242065
0.010504603 0.115484841 -0.993253708 -35.558311462 -0.154532984 0.981562674 0.112491205 -14.723775864 0.987931728 0.152308762 0.028157139 127.894088745
0.011616068 0.116176389 -0.993160605 -36.451862335 -0.155228823 0.981396079 0.112984650 -14.718530655 0.987810194 0.152854696 0.029433887 127.933929443
0.011939568 0.112594388 -0.993569314 -37.349807739 -0.155631468 0.981740236 0.109383702 -14.715496063 0.987743020 0.153324634 0.029244782 127.971199036
0.012663783 0.108379260 -0.994028926 -38.253013611 -0.156826556 0.982021034 0.105072089 -14.714977264 0.987544894 0.154559538 0.029432848 128.021896362
0.013306053 0.107554018 -0.994110227 -39.150943756 -0.156485513 0.982171774 0.104167849 -14.708574295 0.987590611 0.154177770 0.029899474 128.065277100
0.013107105 0.111566938 -0.993670523 -40.056217194 -0.158891991 0.981361330 0.108089015 -14.702283859 0.987208843 0.156469539 0.030589899 128.107040405
0.013085461 0.117825434 -0.992948055 -40.985481262 -0.159450069 0.980571926 0.114255548 -14.690769196 0.987119257 0.156830594 0.031618498 128.155548096
0.013252889 0.116457887 -0.993107200 -41.879432678 -0.157194987 0.981087029 0.112950586 -14.690622330 0.987478673 0.154614583 0.031308834 128.203582764
0.014323227 0.106224090 -0.994239092 -42.769519806 -0.156811148 0.982275784 0.102686882 -14.694928169 0.987524748 0.154436946 0.030726478 128.246063232
0.014621374 0.095698506 -0.995302975 -43.693229675 -0.158356816 0.983068168 0.092195824 -14.699336052 0.987273693 0.156264991 0.029528318 128.292770386
0.013634568 0.092678763 -0.995602667 -44.594635010 -0.155249730 0.983816624 0.089455523 -14.707107544 0.987781107 0.153347358 0.027802272 128.340301514
0.013441286 0.102526098 -0.994639575 -45.515373230 -0.147977725 0.983980060 0.099427603 -14.708585739 0.988899410 0.145848081 0.028397536 128.393341064
0.013343349 0.115809985 -0.993181884 -46.461177826 -0.142651558 0.983330667 0.112744793 -14.706001282 0.989682972 0.140174523 0.029641403 128.456039429
0.013470728 0.124829240 -0.992086828 -47.382186890 -0.142845631 0.982240438 0.121650741 -14.696838379 0.989653289 0.140076533 0.031062810 128.505004883
0.013329050 0.119074479 -0.992795825 -48.298763275 -0.142964378 0.982910156 0.115969397 -14.691993713 0.989638090 0.140388682 0.030124666 128.548583984
0.013447166 0.105351046 -0.994344115 -49.228160858 -0.142808586 0.984442055 0.102370605 -14.686115265 0.989658952 0.140624285 0.028282989 128.591217041
0.014071595 0.096450895 -0.995238304 -50.144474030 -0.143249750 0.985263824 0.093458861 -14.685468674 0.989586532 0.141252533 0.027680801 128.638031006
0.014608696 0.096418664 -0.995233655 -51.080780029 -0.142048523 0.985444784 0.093385220 -14.691404343 0.989751875 0.140007257 0.028092192 128.683044434
0.013976568 0.098188743 -0.995069683 -52.019653320 -0.145415992 0.984786391 0.095131539 -14.707866669 0.989271820 0.143369496 0.028042147 128.723953247
0.014576489 0.097515628 -0.995127380 -52.965065002 -0.150213987 0.984151661 0.094239794 -14.710807800 0.988546014 0.148108333 0.028993694 128.763885498
0.014990775 0.096958108 -0.995175600 -53.897144318 -0.151725829 0.983982503 0.093582064 -14.711294174 0.988308966 0.149590999 0.029461708 128.810089111
0.016003516 0.104439095 -0.994402587 -54.843681335 -0.161037132 0.981815457 0.100525454 -14.708276749 0.986818612 0.158526987 0.032531071 128.845367432
0.017425779 0.113915265 -0.993337691 -55.790561676 -0.166683361 0.979916751 0.109452091 -14.702511787 0.985856593 0.163665548 0.036063585 128.886703491
0.018502409 0.122203648 -0.992332697 -56.752117157 -0.166697428 0.978987694 0.117452130 -14.696566582 0.985834539 0.163246155 0.038484666 128.934753418
0.019810345 0.122689746 -0.992247343 -57.710655212 -0.168449804 0.978664279 0.117647104 -14.688856125 0.985511124 0.164813280 0.040054742 128.984634399
0.021423161 0.113466211 -0.993310928 -58.642486572 -0.170103937 0.979466140 0.108216010 -14.688537598 0.985193193 0.166647777 0.040284317 129.033859253
0.022536155 0.108300775 -0.993862689 -59.595123291 -0.168200448 0.980355382 0.103014871 -14.684869766 0.985495150 0.164846599 0.040309671 129.094268799
0.024365937 0.106630862 -0.994000137 -60.539413452 -0.166785955 0.980793595 0.101125702 -14.684821129 0.985692084 0.163321227 0.041682489 129.157806396
0.027901024 0.112301819 -0.993282378 -61.522048950 -0.168364584 0.980001211 0.106070906 -14.678912163 0.985329866 0.164274082 0.046250697 129.212478638
0.031493556 0.114380799 -0.992937624 -62.483371735 -0.171298683 0.979349673 0.107382372 -14.678802490 0.984715700 0.166707069 0.050436486 129.270629883
0.035939604 0.109404683 -0.993347347 -63.428421021 -0.170650393 0.980062187 0.101767316 -14.680488586 0.984676003 0.165857643 0.053892996 129.332199097
0.038675830 0.103532441 -0.993873835 -64.385864258 -0.170689151 0.980684340 0.095516264 -14.685516357 0.984565616 0.165949315 0.055600643 129.407333374
0.041362699 0.103567094 -0.993761957 -65.357131958 -0.167929962 0.981184840 0.095266715 -14.691738129 0.984930754 0.162941933 0.057976469 129.496978760
0.044760644 0.108129606 -0.993128598 -66.313591003 -0.165366337 0.981212437 0.099379085 -14.697718620 0.985215902 0.159781769 0.061800692 129.572875977
0.048324876 0.114777155 -0.992215157 -67.286071777 -0.165177792 0.980616808 0.105390653 -14.698402405 0.985079169 0.158798918 0.066346809 129.648818970
0.050345611 0.118617818 -0.991662800 -68.259330750 -0.162846237 0.980609059 0.109028086 -14.702949524 0.985366166 0.155999482 0.068685815 129.744567871
0.052067745 0.120116390 -0.991393447 -69.220932007 -0.162333593 0.980554283 0.110277399 -14.706740379 0.985361218 0.155194536 0.070554160 129.836029053
0.053859510 0.117637210 -0.991594970 -70.173568726 -0.160578206 0.981132567 0.107674032 -14.704559326 0.985552490 0.153429270 0.071733281 129.923370361
0.054932084 0.116035528 -0.991724849 -71.124465942 -0.158677503 0.981617033 0.106063657 -14.706444740 0.985801160 0.151538134 0.072334506 130.005538940
0.055463824 0.112201147 -0.992136359 -72.077903748 -0.155443415 0.982520580 0.102423862 -14.713591576 0.986286461 0.148540288 0.071935281 130.093444824
0.055039521 0.112158872 -0.992164791 -73.049850464 -0.154153809 0.982711732 0.102538705 -14.712283134 0.986512601 0.147302270 0.071377702 130.190231323
0.054931156 0.116933167 -0.991619527 -74.006584167 -0.150902137 0.982684076 0.107520208 -14.713594437 0.987021387 0.143731266 0.071625441 130.276519775
0.054225028 0.119059443 -0.991405368 -74.967323303 -0.144681931 0.983325183 0.110175699 -14.722402573 0.987991273 0.137464121 0.070546590 130.376251221
0.053643733 0.114341669 -0.991992116 -75.928710938 -0.142167389 0.984177232 0.105752937 -14.707637787 0.988388002 0.135355920 0.069050588 130.457778931
0.052262902 0.110505611 -0.992500424 -76.884384155 -0.143481731 0.984377742 0.102045804 -14.710816383 0.988271952 0.137072489 0.067301966 130.541320801
0.050954044 0.107796639 -0.992866337 -77.834175110 -0.139997333 0.985112488 0.099770121 -14.713960648 0.988839865 0.133914948 0.065286696 130.627120972
0.049682099 0.108385861 -0.992866635 -78.799545288 -0.140081897 0.985024273 0.100520171 -14.714155197 0.988892674 0.134088591 0.064120963 130.699386597
0.048889432 0.109593630 -0.992773533 -79.757873535 -0.141115218 0.984749556 0.101758637 -14.716670036 0.988785267 0.135120526 0.063609183 130.776626587
0.047388550 0.109678105 -0.992836773 -80.712524414 -0.142716333 0.984499514 0.101945177 -14.717747688 0.988628507 0.136863038 0.062306859 130.853988647
0.046344250 0.110940278 -0.992745876 -81.661674500 -0.142419085 0.984395146 0.103358544 -14.721534729 0.988720894 0.136595875 0.061421063 130.922622681
0.043688130 0.111908779 -0.992757678 -82.627510071 -0.142771363 0.984206498 0.104661927 -14.728129387 0.988790989 0.137164906 0.058975510 131.000305176
0.042327061 0.113260023 -0.992663383 -83.588279724 -0.143092826 0.983998120 0.106169865 -14.713629723 0.988803744 0.137549132 0.057856455 131.072753906
0.040819511 0.117114864 -0.992279112 -84.542190552 -0.144429937 0.983368218 0.110121712 -14.706415176 0.988672614 0.138819709 0.057055503 131.134658813
0.038951021 0.122388437 -0.991717696 -85.492866516 -0.145832226 0.982540607 0.115528151 -14.698508263 0.988542318 0.140124455 0.056119137 131.200363159
0.036383551 0.121749133 -0.991893828 -86.442855835 -0.145443290 0.982627869 0.115276799 -14.691898346 0.988697350 0.140070155 0.053459086 131.267333984
0.035546564 0.116590962 -0.992543757 -87.387161255 -0.145627841 0.983174384 0.110274926 -14.687460899 0.988700688 0.140622079 0.051927358 131.329162598
0.032853082 0.111877583 -0.993178785 -88.334823608 -0.149762973 0.983046889 0.105782300 -14.677013397 0.988175869 0.145266145 0.049051233 131.393524170
0.031699531 0.109815113 -0.993446469 -89.277755737 -0.147719607 0.983545363 0.104007125 -14.674810410 0.988521218 0.143454552 0.047399756 131.460647583
0.031291332 0.110985905 -0.993329227 -90.243156433 -0.142989740 0.984090626 0.105449289 -14.675526619 0.989229381 0.138736233 0.046663355 131.516082764
0.030763170 0.112243690 -0.993204415 -91.191894531 -0.140051782 0.984355927 0.106905796 -14.673279762 0.989666164 0.135811269 0.046001837 131.579895020
0.029549258 0.112187207 -0.993247628 -92.143310547 -0.134753346 0.985057533 0.107253201 -14.674786568 0.990438461 0.130674198 0.044225313 131.648803711
0.028292447 0.109393060 -0.993595839 -93.085891724 -0.130826011 0.985849082 0.104814909 -14.677861214 0.991001487 0.127022669 0.042203546 131.714904785
0.027666371 0.106308147 -0.993948221 -94.031059265 -0.125663772 0.986810505 0.102046907 -14.681650162 0.991687000 0.122080021 0.040660553 131.779052734
0.025597315 0.108293511 -0.993789375 -95.015136719 -0.123974353 0.986784756 0.104336970 -14.677756310 0.991955221 0.120533653 0.038684659 131.841262817
0.024257967 0.110610425 -0.993567705 -95.963569641 -0.123326294 0.986599863 0.106823705 -14.675641060 0.992069662 0.119941719 0.037574086 131.900680542
0.023028973 0.108395606 -0.993841052 -96.921913147 -0.119218387 0.987308741 0.104920648 -14.672254562 0.992600918 0.116067916 0.035659451 131.952255249
0.020798711 0.105253845 -0.994227827 -97.869964600 -0.116279669 0.987948895 0.102156609 -14.671442032 0.992998719 0.113483764 0.032786943 132.006179810
0.017445629 0.102595314 -0.994570196 -98.838455200 -0.115074478 0.988317430 0.099931821 -14.668632507 0.993203640 0.112706266 0.029047925 132.057891846
0.014804677 0.101713426 -0.994703531 -99.793136597 -0.109520920 0.988991916 0.099499330 -14.678430557 0.993874192 0.107467793 0.025781453 132.109298706
0.012620520 0.101902105 -0.994714379 -100.751228333 -0.102799609 0.989654660 0.100079499 -14.675134659 0.994621992 0.100993194 0.022965454 132.154052734
0.009626801 0.110458307 -0.993834138 -101.713813782 -0.093770564 0.989600301 0.109079435 -14.687040329 0.995547414 0.092142299 0.019884424 132.222763062
0.006981779 0.118732043 -0.992901802 -102.670997620 -0.085742213 0.989340186 0.117703259 -14.683362961 0.996292889 0.084311813 0.017087704 132.280288696
0.003933458 0.118675157 -0.992925346 -103.624549866 -0.081466332 0.989670575 0.117963418 -14.679840088 0.996668339 0.080425993 0.013560857 132.329055786
0.001739602 0.107852750 -0.994165361 -104.579956055 -0.082218781 0.990816355 0.107345566 -14.673498154 0.996612787 0.081552327 0.010591146 132.360427856
-0.000377204 0.098254114 -0.995161355 -105.526557922 -0.083939746 0.991646171 0.097938880 -14.669718742 0.996470749 0.083570525 0.007873373 132.400070190
-0.000528776 0.100159407 -0.994971275 -106.491493225 -0.091353595 0.990806043 0.099788681 -14.674369812 0.995818377 0.090946965 0.008626009 132.417480469
-0.001609788 0.109382011 -0.993998468 -107.451034546 -0.094461270 0.989538491 0.109044224 -14.661020279 0.995527208 0.094069891 0.008739417 132.460754395
-0.003144407 0.120738201 -0.992679417 -108.413932800 -0.098320000 0.987837255 0.120460689 -14.648550987 0.995149851 0.097979002 0.008764816 132.492126465
-0.004851655 0.122368425 -0.992472827 -109.361206055 -0.105154574 0.986919522 0.122197762 -14.636778831 0.994444132 0.104955912 0.008079408 132.525039673
-0.004268294 0.119139992 -0.992868304 -110.348831177 -0.112398796 0.986528397 0.118862428 -14.616305351 0.993654013 0.112104528 0.009180398 132.544021606
-0.004519810 0.115071900 -0.993346870 -111.302612305 -0.120372407 0.986071467 0.114776790 -14.602602959 0.992718518 0.120090336 0.009394623 132.570968628
-0.002012958 0.116983473 -0.993131816 -112.270759583 -0.125016004 0.985313058 0.116315864 -14.582720757 0.992152691 0.124391526 0.012641411 132.593261719
-0.000790605 0.118288353 -0.992978930 -113.249534607 -0.133035034 0.984140575 0.117341399 -14.565319061 0.991111040 0.132193759 0.014958432 132.621978760
-0.000323103 0.120896272 -0.992665052 -114.212921143 -0.142220408 0.982569158 0.119712986 -14.548385620 0.989834905 0.141215891 0.016876446 132.645355225
0.000013362 0.123169146 -0.992385685 -115.188743591 -0.147791967 0.981487989 0.121814609 -14.527100563 0.989018440 0.146664992 0.018216524 132.673049927
0.000349963 0.122457162 -0.992473722 -116.164909363 -0.151805311 0.980977952 0.120985217 -14.514446259 0.988410354 0.150620401 0.018932953 132.716217041
0.001904248 0.112893268 -0.993605256 -117.119369507 -0.150652900 0.982299149 0.111319929 -14.516391754 0.988584816 0.149477512 0.018878235 132.751159668
0.003194908 0.101323381 -0.994848430 -118.070068359 -0.153909639 0.983049393 0.099627398 -14.507872581 0.988079786 0.152798474 0.018735401 132.791915894
