1.000000000 0.000000000 0.000000000 0.000000000 0.000000000 1.000000000 0.000000000 0.000000000 0.000000000 0.000000000 1.000000000 0.000000000
0.999997795 -0.001598921 -0.001373001 0.050407633 0.001596000 0.999996483 -0.002126052 -0.132576555 0.001376396 0.002123856 0.999996781 1.297189832
0.999997556 0.000036102 -0.002206815 0.107072905 -0.000050244 0.999979377 -0.006408636 -0.267008811 0.002206539 0.006408731 0.999976993 2.605973959
0.999995887 0.002521436 -0.001375728 0.151419997 -0.002532280 0.999965310 -0.007938197 -0.405450344 0.001355665 0.007941648 0.999967575 3.910419464
0.999983132 0.005803911 0.000244551 0.194413140 -0.005802166 0.999961317 -0.006615329 -0.545198739 -0.000282937 0.006613798 0.999978185 5.223274708
0.999975026 0.006660245 0.002329688 0.246909961 -0.006652606 0.999972522 -0.003271660 -0.689260304 -0.002351414 0.003256080 0.999991953 6.543859482
0.999960661 0.006899240 0.005565675 0.303753585 -0.006888559 0.999974430 -0.001936077 -0.827219129 -0.005578889 0.001897662 0.999982655 7.847833157
0.999944508 0.005340551 0.009077637 0.357576936 -0.005324507 0.999984205 -0.001790582 -0.961553156 -0.009087059 0.001742149 0.999957204 9.153251648
0.999914944 0.004007698 0.012407529 0.435471117 -0.003986591 0.999990523 -0.001725361 -1.097951770 -0.012414324 0.001675750 0.999921560 10.453326225
0.999871135 0.002710648 0.015817652 0.499953330 -0.002671920 0.999993384 -0.002469023 -1.235150218 -0.015824240 0.002426442 0.999871790 11.761098862
0.999813557 0.001734777 0.019225810 0.575906932 -0.001671899 0.999993205 -0.003286105 -1.372440815 -0.019231377 0.003253350 0.999809742 13.055104256
0.999743581 0.001601731 0.022585800 0.643819094 -0.001527563 0.999993384 -0.003300705 -1.518433809 -0.022590935 0.003265357 0.999739468 14.378350258
0.999665737 0.001473688 0.025810426 0.730956674 -0.001361017 0.999989450 -0.004382321 -1.656106591 -0.025816614 0.004345727 0.999657214 15.674659729
0.999571681 0.002380600 0.029167509 0.810904145 -0.002255792 0.999988079 -0.004311183 -1.795929432 -0.029177427 0.004243541 0.999565184 16.978736877
0.999475658 0.002004930 0.032316394 0.901584864 -0.001882642 0.999990940 -0.003814088 -1.936431050 -0.032323752 0.003751248 0.999470413 18.265535355
0.999408603 0.000374015 0.034388401 1.002068520 -0.000250218 0.999993503 -0.003604193 -2.078240156 -0.034389526 0.003593456 0.999402046 19.560428619
0.999346673 -0.002149324 0.036077648 1.098308921 0.002324088 0.999985814 -0.004802855 -2.219296932 -0.036066815 0.004883564 0.999337375 20.836845398
0.999306440 -0.001843055 0.037191529 1.197243571 0.002089373 0.999976158 -0.006585190 -2.360112429 -0.037178501 0.006658330 0.999286413 22.140260696
0.999262273 -0.001710166 0.038364898 1.279453874 0.002066702 0.999955118 -0.009255552 -2.503851414 -0.038347337 0.009328013 0.999220967 23.429800034
0.999224842 -0.001305528 0.039344806 1.384868741 0.001724969 0.999942005 -0.010628601 -2.648087978 -0.039328650 0.010688230 0.999169171 24.713134766
0.999189675 -0.000519959 0.040246069 1.486432552 0.000971669 0.999936700 -0.011204964 -2.795468807 -0.040237695 0.011234990 0.999127030 25.982515335
0.999155819 -0.002130147 0.041025419 1.582224131 0.002554265 0.999943733 -0.010288272 -2.939877987 -0.041001208 0.010384376 0.999105155 27.272632599
0.999149740 -0.005203390 0.040899061 1.687145710 0.005581997 0.999942541 -0.009148325 -3.085636616 -0.040849116 0.009368846 0.999121368 28.550165176
0.999175012 -0.006547971 0.040078394 1.783956409 0.006938296 0.999929786 -0.009607700 -3.232076168 -0.040012665 0.009877851 0.999150336 29.839469910
0.999189198 -0.008232567 0.039409440 1.885923624 0.008722132 0.999886692 -0.012266784 -3.375842571 -0.039303984 0.012600574 0.999147832 31.103593826
0.999228477 -0.008359251 0.038372837 1.999496698 0.008834376 0.999886215 -0.012229024 -3.526018620 -0.038266242 0.012558590 0.999188662 32.395381927
0.999254763 -0.009025339 0.037530445 2.103024244 0.009503965 0.999875605 -0.012594233 -3.669656754 -0.037412107 0.012941537 0.999216080 33.664646149
0.999256372 -0.009533782 0.037361220 2.188943386 0.010013198 0.999869645 -0.012665896 -3.814966679 -0.037235603 0.013030580 0.999221563 34.930873871
0.999264896 -0.010049138 0.036995251 2.278801680 0.010549351 0.999855220 -0.013350751 -3.956923723 -0.036855731 0.013731212 0.999226272 36.187812805
0.999303579 -0.010634968 0.035766244 2.388062954 0.011110923 0.999852002 -0.013135051 -4.122821331 -0.035621259 0.013523298 0.999273837 37.481578827
0.999297798 -0.010265348 0.036033366 2.476530075 0.010679234 0.999878943 -0.011312578 -4.268686295 -0.035912879 0.011689444 0.999286532 38.748374939
0.999266744 -0.010221596 0.036899209 2.579765320 0.010606555 0.999891102 -0.010252111 -4.407630920 -0.036790393 0.010635966 0.999266386 40.010330200
0.999184072 -0.011880453 0.038600340 2.690266132 0.012221771 0.999888062 -0.008618454 -4.549364090 -0.038493626 0.009083185 0.999217510 41.260444641
0.999075890 -0.013102633 0.040933643 2.787182331 0.013518149 0.999859631 -0.009890703 -4.693346024 -0.040798310 0.010434911 0.999112904 42.523445129
0.998955369 -0.014353991 0.043383151 2.882813931 0.014934933 0.999802649 -0.013096619 -4.841913223 -0.043186605 0.013730863 0.998972714 43.773536682
0.998854458 -0.015540165 0.045257200 2.990376234 0.016193122 0.999769509 -0.014096991 -4.989546299 -0.045027710 0.014813700 0.998875916 45.037929535
0.998729527 -0.015670067 0.047894046 3.115494967 0.016323602 0.999778509 -0.013284901 -5.119957447 -0.047675263 0.014049826 0.998764098 46.270709991
0.998529553 -0.017147152 0.051426336 3.221218824 0.017656285 0.999799311 -0.009462317 -5.277961254 -0.051253770 0.010356404 0.998631954 47.531902313
0.998250961 -0.019936645 0.055653915 3.332134724 0.020391982 0.999762952 -0.007625744 -5.414108753 -0.055488691 0.008747302 0.998421013 48.753776550
0.998024046 -0.021994593 0.058857456 3.467300892 0.022493429 0.999716341 -0.007826256 -5.557253361 -0.058668617 0.009134698 0.998235703 50.012744904
0.997738004 -0.025213262 0.062314354 3.605740547 0.025985288 0.999594986 -0.011609877 -5.691432476 -0.061996385 0.013202872 0.997988999 51.244735718
0.997440398 -0.026797067 0.066291243 3.736388922 0.027637329 0.999548495 -0.011790772 -5.825823784 -0.065945350 0.013592703 0.997730672 52.471286774
0.997093081 -0.029408157 0.070289418 3.869292736 0.030122809 0.999504507 -0.009128762 -5.966401577 -0.069986120 0.011219538 0.997484922 53.691669464
0.996817589 -0.031903561 0.073053196 4.024060249 0.032435931 0.999455273 -0.006112522 -6.097289562 -0.072818376 0.008462619 0.997309327 54.903667450
0.996581018 -0.034550674 0.075050555 4.177173138 0.034969073 0.999379337 -0.004267550 -6.230029583 -0.074856520 0.006877406 0.997170627 56.121330261
0.996380687 -0.037600171 0.076234564 4.328699112 0.037811473 0.999284148 -0.001329804 -6.350882530 -0.076129980 0.004207532 0.997089028 57.334636688
0.996208072 -0.040555336 0.076970957 4.474288940 0.040651351 0.999173403 0.000319601 -6.480480194 -0.076920286 0.002810584 0.997033298 58.539657593
0.996157289 -0.042720813 0.076456524 4.628057480 0.043081030 0.999066889 -0.003067538 -6.603600502 -0.076254129 0.006349578 0.997068226 59.743858337
0.996173978 -0.043770734 0.075640753 4.776050568 0.044452567 0.998984396 -0.007353288 -6.732217789 -0.075242057 0.010687578 0.997108042 60.931179047
0.996177316 -0.045312732 0.074682429 4.907928467 0.046284951 0.998863935 -0.011338142 -6.861457825 -0.074083827 0.014751474 0.997142911 62.135276794
0.996207416 -0.046803262 0.073348306 5.049062252 0.047937743 0.998755336 -0.013782780 -6.993897915 -0.072611928 0.017246660 0.997211099 63.323650360
0.996344745 -0.047349177 0.071100339 5.190168381 0.048458785 0.998727620 -0.013962321 -7.129890442 -0.070348762 0.017356722 0.997371435 64.508216858
0.996569097 -0.046751741 0.068296649 5.323628426 0.047754742 0.998772860 -0.013126951 -7.266260147 -0.067599133 0.016343400 0.997578621 65.683303833
0.996838272 -0.045682430 0.065012127 5.445050240 0.046513103 0.998853445 -0.011320816 -7.406195164 -0.064420432 0.014308940 0.997820258 66.887870789
0.997233152 -0.041908901 0.061398018 5.565289497 0.042463198 0.999067903 -0.007750632 -7.535896778 -0.061015971 0.010336342 0.998083234 68.062011719
0.997490168 -0.040074818 0.058372878 5.681628704 0.040440604 0.999168873 -0.005098051 -7.667846680 -0.058120064 0.007445890 0.998281837 69.245452881
0.997703075 -0.039453607 0.055062506 5.795220375 0.039943580 0.999171197 -0.007826213 -7.805764198 -0.054708105 0.010007632 0.998452187 70.410430908
0.997884572 -0.039570048 0.051581938 5.908204079 0.040393651 0.999070883 -0.015022822 -7.931546211 -0.050939556 0.017074620 0.998555839 71.580513000
0.997948527 -0.043013994 0.047417428 6.021057606 0.043920618 0.998868406 -0.018246444 -8.074324608 -0.046578914 0.020291619 0.998708606 72.775085449
0.997948110 -0.046390980 0.044130635 6.119223595 0.047015093 0.998806834 -0.013210565 -8.210702896 -0.043465134 0.015258264 0.998938382 73.941375732
0.997954249 -0.050435472 0.039288905 6.229997635 0.050815929 0.998669744 -0.008745186 -8.335002899 -0.038795557 0.010723799 0.999189615 75.111663818
0.998012722 -0.052301053 0.035145920 6.323484898 0.052544057 0.998600364 -0.006025695 -8.456272125 -0.034781579 0.007860431 0.999363959 76.284881592
0.998204648 -0.051389974 0.030765753 6.411461830 0.051522907 0.998665512 -0.003543470 -8.587804794 -0.030542595 0.005122250 0.999520361 77.437248230
0.998332024 -0.051023815 0.027010178 6.497840881 0.051128991 0.998686910 -0.003217544 -8.709558487 -0.026810540 0.004593181 0.999629974 78.592140198
0.998520553 -0.049060840 0.023446405 6.579000950 0.049186718 0.998777926 -0.004822001 -8.841567993 -0.023181181 0.005968119 0.999713421 79.753608704
0.998635769 -0.047820665 0.020967770 6.642307758 0.048038863 0.998795092 -0.010028506 -8.966341019 -0.020462940 0.011022092 0.999729872 80.900444031
0.998551190 -0.051047210 0.017019488 6.726924419 0.051307328 0.998567045 -0.015213911 -9.095273018 -0.016218472 0.016065093 0.999739408 82.041854858
0.998389721 -0.055148937 0.013287814 6.798897266 0.055360205 0.998336852 -0.016093444 -9.227117538 -0.012378180 0.016803145 0.999782205 83.209617615
0.998423934 -0.055225987 0.009987338 6.854637623 0.055350441 0.998386860 -0.012646847 -9.359553337 -0.009272794 0.013179718 0.999870121 84.354156494
0.998411357 -0.055807859 0.007757886 6.911744118 0.055883896 0.998387694 -0.009957155 -9.488108635 -0.007189691 0.010374879 0.999920249 85.484863281
0.998570740 -0.052967899 0.007138903 6.959679604 0.053048063 0.998525202 -0.011551357 -9.618289948 -0.006516524 0.011913554 0.999907792 86.629386902
0.998755038 -0.049475536 0.006385365 7.014956474 0.049564939 0.998662770 -0.014698018 -9.749758720 -0.005649634 0.014996210 0.999871612 87.767562866
0.998817742 -0.048356850 0.004961603 7.070431709 0.048435159 0.998679817 -0.017111238 -9.881387711 -0.004127607 0.017331323 0.999841273 88.885986328
0.998751521 -0.049782969 0.004134208 7.127825260 0.049848821 0.998599112 -0.017744955 -10.013747215 -0.003245020 0.017928887 0.999834061 90.006652832
0.998727143 -0.050315190 0.003524640 7.169167042 0.050363865 0.998611510 -0.015442794 -10.148288727 -0.002742739 0.015600656 0.999874532 91.136726379
0.998631775 -0.052244231 0.002263326 7.229400158 0.052268218 0.998557150 -0.012304798 -10.276483536 -0.001617206 0.012406262 0.999921739 92.246383667
0.998660624 -0.051689807 0.002257920 7.278975964 0.051713489 0.998588264 -0.012131580 -10.399713516 -0.001627654 0.012232094 0.999923885 93.383285522
0.998633385 -0.052227680 0.001907146 7.324611664 0.052249536 0.998533309 -0.014181005 -10.533549309 -0.001163708 0.014261273 0.999897540 94.531227112
0.998627067 -0.052360367 0.001471063 7.380376339 0.052378196 0.998471260 -0.017651228 -10.662734032 -0.000544590 0.017704049 0.999843061 95.630836487
0.998572767 -0.053400356 0.000823658 7.436885834 0.053406399 0.998396456 -0.018772043 -10.794546127 0.000180096 0.018789243 0.999823332 96.731842041
0.998571098 -0.053418159 0.001445528 7.483061790 0.053435314 0.998417199 -0.017539188 -10.927432060 -0.000506329 0.017591372 0.999845147 97.810058594
0.998587549 -0.053099975 0.001749429 7.536521435 0.053117007 0.998518229 -0.011822976 -11.048966408 -0.001119037 0.011899197 0.999928594 98.899398804
0.998656273 -0.051743094 0.002853640 7.588739872 0.051765971 0.998622060 -0.008631950 -11.168374062 -0.002403063 0.008768072 0.999958694 99.963401794
0.998725176 -0.050230909 0.004993772 7.641908646 0.050273664 0.998696268 -0.008839028 -11.280653000 -0.004543270 0.009078816 0.999948502 101.015983582
0.998811960 -0.048277240 0.006626913 7.696784496 0.048343968 0.998777568 -0.010307539 -11.406336784 -0.006121192 0.010615665 0.999924839 102.056755066
0.998787045 -0.048341125 0.009365989 7.748235226 0.048459232 0.998742819 -0.012821763 -11.523533821 -0.008734397 0.013260080 0.999873936 103.068695068
0.998698831 -0.049901549 0.010514686 7.819131851 0.050041910 0.998655319 -0.013537945 -11.638894081 -0.009824982 0.014046505 0.999853015 104.077606201
0.998564482 -0.052215945 0.011936228 7.886399746 0.052362558 0.998552144 -0.012319053 -11.770513535 -0.011275695 0.012926380 0.999852896 105.083900452
0.998552918 -0.052060284 0.013475792 7.947627068 0.052207615 0.998577654 -0.010822062 -11.883379936 -0.012893224 0.011509944 0.999850571 106.042747498
0.998481452 -0.052890260 0.015402449 7.996731281 0.053038903 0.998548150 -0.009407349 -11.990998268 -0.014882527 0.010209993 0.999837101 106.992355347
0.998412132 -0.053593695 0.017345417 8.053675652 0.053769719 0.998504817 -0.009845528 -12.096028328 -0.016791824 0.010762552 0.999801040 107.907814026
0.998392165 -0.053439744 0.018901100 8.117042542 0.053597100 0.998531222 -0.007918566 -12.196051598 -0.018450169 0.008918879 0.999790013 108.806526184
0.998405337 -0.052297801 0.021252742 8.169138908 0.052436713 0.998605907 -0.006031570 -12.291383743 -0.020907676 0.007136375 0.999755919 109.675582886
0.998370111 -0.052678511 0.021956155 8.237104416 0.052747075 0.998604655 -0.002555076 -12.394407272 -0.021790920 0.003709035 0.999755681 110.531631470
0.998335123 -0.052660331 0.023534067 8.296919823 0.052735042 0.998605251 -0.002565062 -12.484180450 -0.023366161 0.003801861 0.999719739 111.356163025
0.998337328 -0.052035119 0.024796827 8.347955704 0.052093346 0.998640776 -0.001707542 -12.575290680 -0.024674268 0.002996452 0.999691188 112.164848328
0.998429656 -0.049861401 0.025535902 8.398130417 0.049906544 0.998753130 -0.001133133 -12.656398773 -0.025447564 0.002405762 0.999673367 112.942276001
0.998567700 -0.047152832 0.025282195 8.436645508 0.047125440 0.998887479 0.001678659 -12.731910706 -0.025333220 -0.000484820 0.999679029 113.699142456
0.998664320 -0.046951383 0.021567356 8.492187500 0.046906713 0.998895943 0.002572358 -12.811388969 -0.021664314 -0.001557268 0.999764025 114.438354492
0.998771966 -0.047129046 0.015274229 8.528121948 0.047093943 0.998886943 0.002650235 -12.884461403 -0.015382130 -0.001927657 0.999879777 115.136016846
0.998953700 -0.045419261 0.005342251 8.549345970 0.045410134 0.998966753 0.001817477 -12.962747574 -0.005419277 -0.001572983 0.999984145 115.801681519
0.999058843 -0.042544257 -0.008444570 8.547540665 0.042533301 0.999093890 -0.001473526 -13.026260376 0.008499611 0.001112964 0.999963284 116.441650391
0.998772264 -0.041163225 -0.027560070 8.552786827 0.041077595 0.999149203 -0.003666132 -13.098129272 0.027687533 0.002529529 0.999613404 117.066619873
0.997969270 -0.039591163 -0.049898483 8.518866539 0.039344851 0.999208212 -0.005909336 -13.168568611 0.050092928 0.003934088 0.998736799 117.652305603
0.996262729 -0.037893850 -0.077618495 8.478168488 0.037381683 0.999268770 -0.008041398 -13.233675957 0.077866457 0.005109834 0.996950686 118.224403381
0.993280292 -0.036151800 -0.109941706 8.409414291 0.035292681 0.999329448 -0.009750934 -13.302556038 0.110220492 0.005805274 0.993890166 118.773681641
0.988988638 -0.031126285 -0.144681543 8.294616699 0.029813370 0.999492407 -0.011234336 -13.369121552 0.144957766 0.006797185 0.989414513 119.317405701
0.982556820 -0.025689572 -0.184179425 8.200216293 0.024107462 0.999650776 -0.010824482 -13.426474571 0.184393167 0.006195568 0.982833028 119.831565857
0.974030733 -0.020149294 -0.225517631 8.056755066 0.018579196 0.999786079 -0.009082556 -13.483010292 0.225652426 0.004656752 0.974196732 120.335647583
0.962669373 -0.015578916 -0.270231664 7.883586884 0.014045301 0.999872446 -0.007608097 -13.541150093 0.270315707 0.003528597 0.962765336 120.830467224
0.948387861 -0.009533587 -0.316969633 7.689636230 0.007300572 0.999939382 -0.008231828 -13.598606110 0.317028940 0.005492904 0.948400021 121.300315857
0.930939496 -0.001636383 -0.365170002 7.458496094 -0.001829095 0.999956489 -0.009143930 -13.654853821 0.365169048 0.009180374 0.930895984 121.773689270
0.909786999 0.003165995 -0.415063500 7.219268799 -0.007965514 0.999920011 -0.009832662 -13.711379051 0.414999187 0.012251822 0.909739316 122.196220398
0.884612858 0.007157122 -0.466271251 6.937530518 -0.012721562 0.999880493 -0.008787573 -13.766119957 0.466152579 0.013705296 0.884598196 122.624191284
0.855383754 0.010160593 -0.517895103 6.657501221 -0.017330134 0.999809265 -0.009008126 -13.808700562 0.517704725 0.016680598 0.855396748 123.021713257
0.823967814 0.020040365 -0.566281974 6.324237823 -0.028488548 0.999575675 -0.006077865 -13.853989601 0.565919936 0.021140516 0.824189186 123.391372681
0.789692402 0.032952745 -0.612617373 5.978969574 -0.041571289 0.999135613 0.000156247 -13.897852898 0.612092912 0.025343906 0.790379643 123.752883911
0.754321396 0.042092413 -0.655154586 5.619251251 -0.053196616 0.998579919 0.002908154 -13.936606407 0.654346526 0.032658320 0.755489290 124.050056458
0.714295685 0.046042360 -0.698327720 5.259216309 -0.060350105 0.998168886 0.004081506 -13.988659859 0.697236955 0.039228749 0.715766430 124.352462769
0.671686769 0.047659349 -0.739300787 4.882549286 -0.062761210 0.998001754 0.007315357 -14.035509109 0.738172114 0.041485775 0.673335731 124.637771606
0.627620220 0.051025350 -0.776845813 4.479488373 -0.066400304 0.997722268 0.011887760 -14.064430237 0.775682867 0.044121787 0.629578769 124.904144287
0.582062840 0.060355037 -0.810900807 4.060646057 -0.077521779 0.996818125 0.018547820 -14.109720230 0.809440076 0.052066486 0.584889591 125.135833740
0.537235200 0.068695195 -0.840630293 3.593154907 -0.089459613 0.995696545 0.024194608 -14.126235962 0.838674724 0.062204268 0.541068673 125.350105286
0.490260005 0.073928922 -0.868435204 3.146598816 -0.095362805 0.994964063 0.030864760 -14.151977539 0.866343439 0.067684665 0.494841129 125.544174194
0.443092495 0.075210251 -0.893315494 2.683967590 -0.094732851 0.994823515 0.036768105 -14.178476334 0.891456544 0.068334647 0.447923750 125.721084595
0.395316631 0.077405222 -0.915277719 2.210155487 -0.092557654 0.994728208 0.044147879 -14.205907822 0.913869679 0.067263581 0.400396943 125.898971558
0.350226641 0.079687759 -0.933269083 1.713882446 -0.094121672 0.994325340 0.049580172 -14.226025581 0.931924045 0.070476547 0.355739653 126.035430908
0.306677401 0.083126217 -0.948176622 1.214466095 -0.099841639 0.993492723 0.054806378 -14.247213364 0.946562529 0.077859633 0.312981248 126.150726318
0.265101433 0.084463917 -0.960514009 0.694808960 -0.104628980 0.992793679 0.058424909 -14.264440536 0.958526969 0.085009076 0.272028506 126.252639771
0.225638986 0.080721863 -0.970860958 0.167695999 -0.104811549 0.992788374 0.058185648 -14.281059265 0.968556464 0.088628486 0.232472390 126.354568481
0.190120086 0.076120138 -0.978805423 -0.364410400 -0.099771962 0.993326068 0.057869993 -14.308553696 0.976678014 0.086655088 0.196445912 126.448844910
0.159745902 0.070861526 -0.984611571 -0.912492752 -0.097000487 0.993720174 0.055779442 -14.329494476 0.982380927 0.086597249 0.165616289 126.527786255
0.133002907 0.069432214 -0.988680661 -1.480525970 -0.098294720 0.993549287 0.056550968 -14.351076126 0.986229479 0.089660637 0.138969779 126.596374512
0.111273773 0.068340912 -0.991437137 -2.068494797 -0.098675817 0.993462622 0.057405651 -14.363357544 0.988878846 0.091443129 0.117289901 126.652000427
0.092956126 0.069964960 -0.993208885 -2.664179802 -0.101010360 0.993044198 0.060499616 -14.380600929 0.990533233 0.094700582 0.099376716 126.704765320
0.076461643 0.068234511 -0.994734943 -3.271053314 -0.101673327 0.992988527 0.060299467 -14.405271530 0.991875052 0.096527405 0.082863167 126.760238647
0.062314101 0.067122772 -0.995796919 -3.890489101 -0.100622572 0.993074715 0.060642619 -14.435920715 0.992971361 0.096420772 0.068636619 126.811744690
0.049901836 0.064815603 -0.996648788 -4.530428886 -0.096348472 0.993550181 0.059789971 -14.460671425 0.994095981 0.093041956 0.055824868 126.855010986
0.038555410 0.062046491 -0.997328281 -5.182448864 -0.094266370 0.993845165 0.058185589 -14.476371765 0.994800150 0.091771148 0.044167001 126.882980347
0.027473407 0.061020579 -0.997758269 -5.851784706 -0.093359277 0.993929088 0.058215722 -14.497459412 0.995253384 0.091550626 0.033003461 126.926719666
0.017848156 0.062499523 -0.997885346 -6.523461819 -0.096717604 0.993471861 0.060493205 -14.520668983 0.995151877 0.095433392 0.023776446 126.946586609
0.009573404 0.062436238 -0.998003006 -7.200444221 -0.099555559 0.993149579 0.061177608 -14.550415039 0.994985998 0.098771065 0.015723696 126.960693359
0.002714322 0.061873563 -0.998080254 -7.896973133 -0.101666190 0.992929518 0.061277766 -14.572871208 0.994814873 0.101304680 0.008985581 126.981369019
-0.002146101 0.062719889 -0.998028874 -8.596556664 -0.102490239 0.992761672 0.062609270 -14.591456413 0.994731784 0.102422580 0.004297611 126.994209290
-0.005984502 0.064890377 -0.997874439 -9.321460724 -0.104702607 0.992366612 0.065160140 -14.610417366 0.994485557 0.104870014 0.000855375 127.017669678
-0.006626775 0.069121018 -0.997586250 -10.053362846 -0.107266754 0.991802752 0.069432855 -14.640364647 0.994208217 0.107467957 0.000841934 127.017631531
-0.007331010 0.072188362 -0.997364044 -10.775412560 -0.109811425 0.991300642 0.072556645 -14.652700424 0.993925393 0.110053882 0.000659873 127.023574829
-0.008008419 0.077684879 -0.996945798 -11.513973236 -0.114295147 0.990372837 0.078090824 -14.661602020 0.993414462 0.114571445 0.000947685 127.032966614
-0.008884761 0.081622079 -0.996623814 -12.257384300 -0.117766768 0.989641607 0.082100131 -14.677455902 0.993001521 0.118098587 0.000819638 127.036628723
-0.010484110 0.081999741 -0.996577203 -13.004675865 -0.117401972 0.989638031 0.082663879 -14.696487427 0.993029118 0.117866799 -0.000748541 127.057914734
-0.011785824 0.079014972 -0.996803701 -13.748544693 -0.115123406 0.990136921 0.079847664 -14.716682434 0.993281245 0.115696512 -0.002573109 127.076927185
-0.013451049 0.075508296 -0.997054398 -14.509317398 -0.118763253 0.989965498 0.076573662 -14.724193573 0.992831469 0.119443409 -0.004348462 127.089958191
-0.014537027 0.077015437 -0.996923923 -15.280169487 -0.123854823 0.989212155 0.078225717 -14.735475540 0.992193878 0.124611020 -0.004841469 127.088310242
-0.016537113 0.080621742 -0.996607602 -16.047689438 -0.120806128 0.989280701 0.082033604 -14.752117157 0.992538393 0.121752903 -0.006620247 127.106307983
-0.018064888 0.080541834 -0.996587574 -16.820831299 -0.119867131 0.989386618 0.082132690 -14.770580292 0.992625594 0.120941795 -0.008218843 127.117660522
-0.019479012 0.079765141 -0.996623337 -17.612384796 -0.122939087 0.989056826 0.081562400 -14.784344673 0.992223024 0.124112695 -0.009459596 127.120346069
-0.020024378 0.079564415 -0.996628523 -18.399501801 -0.127658889 0.988465726 0.081477687 -14.792514801 0.991615951 0.128860056 -0.009636306 127.119499207
-0.020903369 0.083693162 -0.996272266 -19.204114914 -0.129383564 0.987884045 0.085703172 -14.799319267 0.991374314 0.130692750 -0.009821586 127.121070862
-0.021752706 0.087782726 -0.995902002 -20.025094986 -0.128319651 0.987653553 0.089858428 -14.809309006 0.991494417 0.129748493 -0.010219890 127.139862061
-0.020239931 0.090760253 -0.995667100 -20.840175629 -0.129285619 0.987272143 0.092623115 -14.824592590 0.991400778 0.130600125 -0.008248325 127.144042969
-0.018942628 0.089160196 -0.995837152 -21.663661957 -0.129016086 0.987470686 0.090865247 -14.830958366 0.991461635 0.130200252 -0.007202188 127.158950806
-0.018399922 0.088954940 -0.995865822 -22.495141983 -0.128640682 0.987545073 0.090588540 -14.837761879 0.991520524 0.129775643 -0.006727526 127.177101135
-0.017365415 0.088398755 -0.995933831 -23.329473495 -0.128048643 0.987685025 0.089899294 -14.847640038 0.991615832 0.129089087 -0.005832220 127.193748474
-0.016382899 0.090425782 -0.995768428 -24.162961960 -0.128663450 0.987431586 0.091785550 -14.855370522 0.991553009 0.129622698 -0.004542499 127.207588196
-0.016502928 0.092342719 -0.995590508 -25.007787704 -0.130408317 0.987021863 0.093709618 -14.862539291 0.991322935 0.131379813 -0.004246493 127.223106384
-0.015935408 0.094865151 -0.995362520 -25.861454010 -0.132936865 0.986450255 0.096144006 -14.863106728 0.990996361 0.133852467 -0.003108417 127.238021851
-0.014425399 0.095948339 -0.995281756 -26.734041214 -0.134887516 0.986099780 0.097018190 -14.860978127 0.990755856 0.135650590 -0.001282652 127.249748230
-0.012612299 0.098552696 -0.995051920 -27.610767365 -0.141366929 0.984960020 0.099344969 -14.858538628 0.989876866 0.141920432 0.001509486 127.262115479
-0.010180052 0.102355562 -0.994695842 -28.484405518 -0.146296576 0.983891129 0.102740996 -14.855003357 0.989188433 0.146566480 0.004958207 127.281356812
-0.007545015 0.104598500 -0.994485915 -29.370416641 -0.149320662 0.983246028 0.104549184 -14.854118347 0.988760054 0.149286121 0.008200112 127.302421570
-0.004663186 0.104880579 -0.994473875 -30.253519058 -0.147143394 0.983587682 0.104422465 -14.856054306 0.989104092 0.146817178 0.010845831 127.336051941
-0.001958651 0.104760408 -0.994495690 -31.148157120 -0.149724096 0.983256698 0.103871368 -14.853588104 0.988725901 0.149103373 0.013759300 127.368827820
0.000145504 0.108634263 -0.994081855 -32.039543152 -0.150290728 0.982793272 0.107378647 -14.850002289 0.988641798 0.149385646 0.016469721 127.408309937
0.002577683 0.111203313 -0.993794382 -32.955577850 -0.149634004 0.982651770 0.109568365 -14.849593163 0.988738120 0.148422971 0.019172762 127.436889648
0.005256019 0.112037025 -0.993690133 -33.865283966 -0.150720656 0.982440591 0.109971456 -14.840584755 0.988562405 0.149191618 0.022050023 127.473297119
0.006965932 0.109823786 -0.993926704 -34.753810883 -0.151020885 0.982665777 0.107521087 -14.834078789 0.988505960 0.149354711 0.023430871 127.519088745
0.007773813 0.111437909 -0.993740976 -35.664440155 -0.155835286 0.981764436 0.108875811 -14.828286171 0.987752378 0.154013515 0.024998017 127.540489197
0.009196199 0.112292230 -0.993632674 -36.577995300 -0.156845629 0.981536984 0.109473646 -14.828152657 0.987580299 0.154840186 0.026638953 127.569572449
0.008743391 0.108385161 -0.994070649 -37.463069916 -0.156497046 0.982006907 0.105693378 -14.827965736 0.987639785 0.154644966 0.025548026 127.617462158
0.009941803 0.104549184 -0.994470060 -38.365085602 -0.158692434 0.982080460 0.101660185 -14.831214905 0.987277985 0.156804189 0.026354810 127.647621155
0.010316215 0.103899032 -0.994534373 -39.280185699 -0.157922164 0.982274711 0.100980163 -14.834419250 0.987397611 0.156017274 0.026541319 127.694030762
0.009826287 0.108248562 -0.994075358 -40.181125641 -0.160051808 0.981476724 0.105294555 -14.831846237 0.987059653 0.158068940 0.026969653 127.734954834
0.009900525 0.114545509 -0.993368685 -41.088893890 -0.160505965 0.980718374 0.111487076 -14.828702927 0.986985147 0.158337802 0.028094860 127.772491455
0.010674448 0.113167174 -0.993518591 -42.004547119 -0.158298314 0.981237352 0.110067502 -14.834295273 0.987333655 0.156097382 0.028388340 127.812110901
0.011350174 0.102798589 -0.994637430 -42.893566132 -0.157761797 0.982427537 0.099736378 -14.840489388 0.987411857 0.155783772 0.027368415 127.855812073
0.011547677 0.092448033 -0.995650530 -43.787765503 -0.159693688 0.983107328 0.089431226 -14.846578598 0.987099051 0.157966390 0.026115973 127.895584106
0.010918898 0.089422680 -0.995933890 -44.726127625 -0.156570196 0.983860970 0.086622104 -14.858913422 0.987606585 0.154987767 0.024743604 127.938171387
0.010905262 0.099462897 -0.994981527 -45.637393951 -0.149412453 0.984032094 0.096730724 -14.864480019 0.988714755 0.147607759 0.025592122 127.990562439
0.010520641 0.112613611 -0.993583143 -46.582572937 -0.144410640 0.983392656 0.109929487 -14.862476349 0.989461899 0.142327443 0.026608517 128.048736572
0.010667602 0.121778935 -0.992500007 -47.502605438 -0.144716933 0.982294679 0.118971303 -14.856605530 0.989415586 0.142362431 0.028102204 128.094940186
0.010713911 0.116327770 -0.993152976 -48.424552917 -0.144926459 0.982903600 0.113563806 -14.857231140 0.989384413 0.142717421 0.027389709 128.136901855
0.010753655 0.102507181 -0.994674146 -49.349987030 -0.144817367 0.984404027 0.099883132 -14.857549667 0.989399970 0.142971948 0.025430758 128.171356201
0.011455319 0.093723021 -0.995532453 -50.263515472 -0.145315930 0.985184312 0.091076702 -14.859236717 0.989318967 0.143623382 0.024905050 128.212997437
0.011973390 0.093804054 -0.995518684 -51.185119629 -0.144723922 0.985269606 0.091097683 -14.869868279 0.989399612 0.142984614 0.025372706 128.259735107
0.011164289 0.095412821 -0.995375156 -52.135219574 -0.147525087 0.984701276 0.092734993 -14.889978409 0.988995314 0.145807490 0.025069274 128.301986694
0.011710925 0.094935998 -0.995414495 -53.060932159 -0.152080312 0.984070957 0.092064917 -14.895265579 0.988298714 0.150304794 0.025962275 128.337448120
0.012031012 0.094596513 -0.995442986 -54.001670837 -0.153680429 0.983862221 0.091638587 -14.902580261 0.988047361 0.151877612 0.026374489 128.378524780
0.013083723 0.101765186 -0.994722366 -54.969337463 -0.162996978 0.981718302 0.098290890 -14.901376724 0.986539841 0.160850719 0.029431947 128.414993286
0.014548402 0.111008205 -0.993713021 -55.906654358 -0.168384537 0.979896843 0.106999569 -14.895400047 0.985614002 0.165769234 0.032948002 128.454421997
0.016123606 0.119593315 -0.992691994 -56.861499786 -0.168973535 0.978867173 0.115183234 -14.893032074 0.985488772 0.165881529 0.035990968 128.493118286
0.016599841 0.120176047 -0.992613792 -57.822029114 -0.170497090 0.978551090 0.115622193 -14.885902405 0.985218346 0.167318434 0.036733456 128.546737671
0.018016681 0.110244006 -0.993741155 -58.749755859 -0.171804473 0.979460835 0.105544925 -14.884344101 0.984966218 0.168827608 0.036587048 128.592285156
0.019242834 0.105118617 -0.994273484 -59.688152313 -0.170211673 0.980284989 0.100345485 -14.879930496 0.985219598 0.167306036 0.036755882 128.646453857
0.020783229 0.103715606 -0.994389772 -60.658142090 -0.168682680 0.980709910 0.098763220 -14.884141922 0.985451281 0.165683717 0.037877344 128.705535889
0.023936789 0.109439604 -0.993705213 -61.619880676 -0.170114532 0.979939461 0.103825748 -14.883168221 0.985133529 0.166558459 0.042073872 128.767608643
0.028464915 0.111507200 -0.993355870 -62.587680817 -0.172987521 0.979313910 0.104973942 -14.883436203 0.984512568 0.168850079 0.047165439 128.809310913
0.032379847 0.106538855 -0.993781209 -63.543300629 -0.172001600 0.980062485 0.099463880 -14.887504578 0.984564424 0.167711347 0.050059132 128.870193481
0.035430983 0.100949623 -0.994260490 -64.499114990 -0.172036812 0.980649233 0.093437016 -14.896787643 0.984453201 0.167738840 0.052112419 128.937423706
0.038990296 0.100710809 -0.994151473 -65.457565308 -0.169559807 0.981146336 0.092743263 -14.899127960 0.984748304 0.164952040 0.055331692 129.007156372
0.041278463 0.104953401 -0.993620098 -66.408439636 -0.166701362 0.981251955 0.096721649 -14.914115906 0.985143006 0.161645323 0.058000460 129.088943481
0.044949997 0.111553691 -0.992741287 -67.367584229 -0.166243553 0.980724573 0.102676094 -14.915843964 0.985059679 0.160421580 0.062628657 129.164657593
0.047283608 0.115294293 -0.992205381 -68.330879211 -0.163943142 0.980741978 0.106149510 -14.920766830 0.985335946 0.157646134 0.065274730 129.251892090
0.049825288 0.116876900 -0.991895914 -69.320571899 -0.163467795 0.980691135 0.107345290 -14.921003342 0.985289633 0.156794518 0.067968853 129.325592041
0.051632844 0.114054859 -0.992131829 -70.240814209 -0.162018046 0.981252491 0.104372397 -14.924931526 0.985436022 0.155354202 0.069143809 129.405593872
0.052400604 0.112604931 -0.992257237 -71.185638428 -0.160012081 0.981730700 0.102960207 -14.930502892 0.985723257 0.153377935 0.069461443 129.492141724
0.053103387 0.109299123 -0.992589355 -72.131538391 -0.156947970 0.982551754 0.099797137 -14.943549156 0.986178160 0.150485337 0.069331095 129.579772949
0.052394010 0.108338833 -0.992732346 -73.102470398 -0.155133367 0.982912421 0.099079601 -14.934459686 0.986503184 0.148814738 0.068305708 129.671569824
0.052129056 0.113090694 -0.992216229 -74.055572510 -0.151781052 0.982921481 0.104057021 -14.940341949 0.987038553 0.145175233 0.068403795 129.757385254
0.051310264 0.115200281 -0.992016256 -75.014625549 -0.145778075 0.983549118 0.106676906 -14.951049805 0.987985849 0.139140591 0.067259826 129.856933594
0.050908677 0.110050119 -0.992621422 -75.977210999 -0.143047452 0.984465480 0.101809390 -14.934706688 0.988405645 0.136809006 0.065860227 129.933578491
0.048990939 0.106096126 -0.993148267 -76.925903320 -0.144893572 0.984578788 0.098033234 -14.941130638 0.988233626 0.139098033 0.063608095 130.021484375
0.047813762 0.103444025 -0.993485391 -77.875198364 -0.141375408 0.985310853 0.095788874 -14.947837830 0.988800585 0.135874361 0.061735857 130.102401733
0.046311367 0.104190446 -0.993478537 -78.840530396 -0.141659409 0.985179484 0.096716575 -14.953077316 0.988831580 0.136256516 0.060384568 130.172714233
0.045586776 0.105339125 -0.993390918 -79.795539856 -0.143172398 0.984847367 0.097862981 -14.959929466 0.988647342 0.137764901 0.059977669 130.245956421
0.044187155 0.105478413 -0.993439376 -80.750511169 -0.144709557 0.984598756 0.098103255 -14.964500427 0.988487005 0.139425278 0.058770362 130.318603516
0.043098688 0.106595553 -0.993367851 -81.698844910 -0.144468129 0.984506607 0.099376716 -14.971624374 0.988570452 0.139227033 0.057830602 130.383422852
0.040801927 0.107034385 -0.993417740 -82.663940430 -0.144687250 0.984399140 0.100120038 -14.978572845 0.988635778 0.139649823 0.055651896 130.456161499
0.039204109 0.109162301 -0.993250489 -83.618782043 -0.144674852 0.984160841 0.102452919 -14.974349022 0.988702297 0.139681801 0.054376185 130.529754639
0.037586305 0.112945825 -0.992890000 -84.572616577 -0.145991802 0.983551979 0.106357008 -14.970598221 0.988571465 0.140956223 0.053457253 130.589370728
0.035555162 0.118030094 -0.992373228 -85.521728516 -0.147264525 0.982779562 0.111612789 -14.965254784 0.988457918 0.142172977 0.052324522 130.652969360
0.033410639 0.117608465 -0.992497981 -86.470092773 -0.147119895 0.982813060 0.111508332 -14.963238716 0.988554180 0.142290652 0.050138973 130.715209961
0.032506604 0.112462789 -0.993124127 -87.415267944 -0.147293955 0.983338654 0.106533512 -14.961980820 0.988558471 0.142818123 0.048530091 130.774398804
0.029977120 0.107757233 -0.993725121 -88.362525940 -0.151584268 0.983163357 0.102039173 -14.955718994 0.987989664 0.147574261 0.045806706 130.834686279
0.028778458 0.105534710 -0.993999004 -89.305427551 -0.149464250 0.983685911 0.100112416 -14.956224442 0.988348305 0.145686239 0.044082623 130.898834229
0.028189065 0.106913418 -0.993868768 -90.269790649 -0.144775376 0.984217048 0.101768933 -14.963517189 0.989062905 0.141018942 0.043222588 130.954162598
0.027767800 0.108368464 -0.993722916 -91.218757629 -0.141926914 0.984462678 0.103392698 -14.965807915 0.989487529 0.138165057 0.042716764 131.013320923
0.026349414 0.108100966 -0.993790686 -92.165748596 -0.136547133 0.985207021 0.103546858 -14.972837448 0.990283072 0.132970810 0.040720504 131.080413818
0.025013532 0.105300561 -0.994125903 -93.106910706 -0.132445067 0.986019969 0.101109475 -14.979413986 0.990874708 0.129137948 0.038610380 131.144104004
0.024175104 0.102314368 -0.994458318 -94.051414490 -0.127287865 0.986967862 0.098449357 -14.987995148 0.991571128 0.124202423 0.036883425 131.207077026
0.022489857 0.104881003 -0.994230390 -95.035728455 -0.125523284 0.986908495 0.101269230 -14.994212151 0.991835713 0.122521557 0.035360437 131.259674072
0.021062803 0.107171834 -0.994017363 -95.982498169 -0.124906331 0.986730337 0.103739433 -14.995430946 0.991944849 0.121974036 0.034169741 131.317337036
0.019645063 0.105156444 -0.994261742 -96.943756104 -0.120617270 0.987439632 0.102051713 -14.996232986 0.992504716 0.117920317 0.032081988 131.366653442
0.017937673 0.102425314 -0.994578958 -97.892875671 -0.117771655 0.988030434 0.099626854 -15.001351357 0.992878675 0.115346141 0.029785767 131.411331177
0.013874796 0.099655651 -0.994925261 -98.859497070 -0.116529383 0.988402188 0.097377159 -15.001233101 0.993090332 0.114586934 0.025326686 131.467407227
0.011206128 0.098839201 -0.995040298 -99.814918518 -0.110967144 0.989079297 0.096997350 -15.014135361 0.993760943 0.109329805 0.022051647 131.514709473
0.008920593 0.098653287 -0.995081902 -100.772720337 -0.104164712 0.989799380 0.097195767 -15.009622574 0.994520068 0.102785349 0.019105788 131.557449341
0.006406358 0.107024811 -0.994235694 -101.737358093 -0.094262794 0.989893615 0.105949990 -15.016799927 0.995526671 0.093040697 0.016430065 131.615692139
0.003802689 0.115158029 -0.993339896 -102.694816589 -0.086298198 0.989678979 0.114403255 -15.015146255 0.996262193 0.085288391 0.013701370 131.669235229
0.000405155 0.115037963 -0.993360937 -103.650634766 -0.081830338 0.990033448 0.114619225 -15.013765335 0.996646106 0.081240609 0.009814709 131.718795776
-0.001808628 0.104684189 -0.994503856 -104.600860596 -0.082746439 0.991079271 0.104474209 -15.016114235 0.996568978 0.082480624 0.006869751 131.745178223
-0.003845735 0.095291898 -0.995441914 -105.548179626 -0.084649220 0.991845310 0.095274635 -15.016651154 0.996403337 0.084629789 0.004252010 131.779998779
-0.003915949 0.097137257 -0.995263338 -106.511932373 -0.092140242 0.991001964 0.097083896 -15.024405479 0.995738328 0.092083976 0.005069538 131.793685913
-0.004913124 0.106682658 -0.994281113 -107.471069336 -0.095691539 0.989680052 0.106661819 -15.016277313 0.995398879 0.095668338 0.005346206 131.828704834
-0.006385307 0.117960185 -0.992997766 -108.434379578 -0.099617995 0.988003314 0.118007444 -15.006213188 0.995005310 0.099673957 0.005442251 131.856155396
-0.007813607 0.119579636 -0.992793798 -109.378555298 -0.106501684 0.987077653 0.119729325 -14.996427536 0.994281828 0.106669731 0.005022794 131.884368896
-0.007829305 0.116059631 -0.993211508 -110.364807129 -0.113514714 0.986718237 0.116195731 -14.977909088 0.993505418 0.113653839 0.005449157 131.905776978
-0.008088657 0.112391040 -0.993631184 -111.319175720 -0.121697739 0.986166775 0.112537429 -14.970024109 0.992534280 0.121832944 0.005700971 131.928558350
-0.005648899 0.114033639 -0.993460834 -112.285423279 -0.126347139 0.985433459 0.113830641 -14.951276779 0.991969943 0.126163960 0.008841213 131.948684692
-0.004453505 0.115175426 -0.993335187 -113.271163940 -0.134246767 0.984284163 0.114727855 -14.937137604 0.990937948 0.133862972 0.011078412 131.973861694
-0.003815587 0.117839098 -0.993025482 -114.235527039 -0.143482700 0.982692838 0.117164291 -14.922967911 0.989645481 0.142929047 0.013158322 131.992111206
-0.003607502 0.120016031 -0.992765427 -115.210105896 -0.149053901 0.981617093 0.119209915 -14.905378342 0.988822520 0.148405597 0.014347671 132.017562866
-0.003490090 0.119816169 -0.992789984 -116.190200806 -0.152706951 0.981087983 0.118940726 -14.900957108 0.988265336 0.152021036 0.014872679 132.058334351
-0.001753007 0.110240743 -0.993903458 -117.146331787 -0.151632681 0.982383013 0.109230362 -14.904835701 0.988435328 0.150899708 0.014993971 132.088272095
-0.000361732 0.098687015 -0.995118439 -118.098854065 -0.154994115 0.983087361 0.097550221 -14.897789955 0.987915337 0.154272825 0.014940297 132.122573853
