1.000000000 0.000000000 0.000000000 0.000000000 0.000000000 1.000000000 0.000000000 0.000000000 0.000000000 0.000000000 1.000000000 0.000000000
0.999997914 -0.001561344 -0.001339001 0.049013875 0.001558495 0.999996543 -0.002125861 -0.132829398 0.001342316 0.002123770 0.999996841 1.297964334
0.999997795 0.000066311 -0.002083415 0.104742110 -0.000079403 0.999980271 -0.006284441 -0.268157363 0.002082957 0.006284592 0.999978065 2.606721401
0.999996185 0.002472964 -0.001342332 0.149879187 -0.002483560 0.999965310 -0.007950332 -0.405658901 0.001322625 0.007953634 0.999967515 3.911413670
0.999984324 0.005617136 0.000157129 0.195698008 -0.005615958 0.999961793 -0.006697928 -0.544217706 -0.000194746 0.006696938 0.999977589 5.227185726
0.999976277 0.006485691 0.002381125 0.244340792 -0.006478058 0.999973893 -0.003199570 -0.693235099 -0.002401814 0.003184068 0.999992073 6.545895576
0.999961615 0.006723094 0.005622105 0.301364541 -0.006712271 0.999975622 -0.001941640 -0.830949366 -0.005635022 0.001903828 0.999982357 7.850429535
0.999943078 0.005537297 0.009117799 0.360449791 -0.005519227 0.999982774 -0.002005839 -0.961992204 -0.009128750 0.001955402 0.999956429 9.161032677
0.999913812 0.004119212 0.012466715 0.438790977 -0.004095652 0.999989808 -0.001914835 -1.099184394 -0.012474474 0.001863611 0.999920487 10.461447716
0.999870181 0.002855618 0.015854947 0.504841268 -0.002814418 0.999992609 -0.002620206 -1.236082554 -0.015862308 0.002575243 0.999870837 11.770454407
0.999815702 0.002039801 0.019090209 0.585093915 -0.001976914 0.999992549 -0.003312454 -1.376084089 -0.019096823 0.003274103 0.999812245 13.058579445
0.999743581 0.001749581 0.022576483 0.653509736 -0.001673085 0.999992728 -0.003406752 -1.520618081 -0.022582283 0.003368107 0.999739289 14.392074585
0.999659419 0.001586055 0.026047966 0.737892210 -0.001468735 0.999988735 -0.004522528 -1.658702254 -0.026054842 0.004482730 0.999650359 15.689166069
0.999573052 0.002613840 0.029099550 0.821661353 -0.002486643 0.999987185 -0.004406417 -1.797491789 -0.029110694 0.004332176 0.999566793 16.988355637
0.999473274 0.002181374 0.032379605 0.910720646 -0.002053913 0.999990046 -0.003969200 -1.937366366 -0.032387942 0.003900605 0.999467731 18.274068832
0.999404371 0.000606201 0.034508307 1.006551504 -0.000474663 0.999992609 -0.003819847 -2.079258680 -0.034510367 0.003801191 0.999397218 19.579668045
0.999347031 -0.001981536 0.036076505 1.103294253 0.002166710 0.999984682 -0.005094443 -2.220110655 -0.036065850 0.005169283 0.999336004 20.858171463
0.999302506 -0.001573237 0.037309915 1.200183034 0.001828577 0.999975145 -0.006810623 -2.363474846 -0.037298273 0.006874097 0.999280512 22.166133881
0.999252796 -0.001440145 0.038622659 1.281666994 0.001805630 0.999953866 -0.009429732 -2.507211685 -0.038607296 0.009492424 0.999209404 23.451726913
0.999227345 -0.001075830 0.039286893 1.389819622 0.001507358 0.999938846 -0.010956049 -2.650059700 -0.039272692 0.011006803 0.999167919 24.741514206
0.999178946 -0.000524358 0.040510707 1.489011645 0.001004319 0.999929488 -0.011828332 -2.795045137 -0.040501647 0.011859305 0.999109089 26.011205673
0.999161959 -0.001952575 0.040882759 1.589456797 0.002388465 0.999940813 -0.010615819 -2.942518234 -0.040859614 0.010704569 0.999107540 27.295156479
0.999162197 -0.005041981 0.040612716 1.697027683 0.005428187 0.999941051 -0.009404800 -3.089506626 -0.040562913 0.009617373 0.999130666 28.572435379
0.999183238 -0.006376080 0.039901093 1.788948894 0.006777049 0.999927819 -0.009921903 -3.236606598 -0.039834943 0.010184211 0.999154389 29.860191345
0.999194622 -0.007942614 0.039331879 1.889338613 0.008439995 0.999886274 -0.012495900 -3.382567406 -0.039228156 0.012817798 0.999148011 31.125534058
0.999229968 -0.008166057 0.038377382 1.999323130 0.008652198 0.999884188 -0.012518380 -3.533856630 -0.038270712 0.012840791 0.999184906 32.412254333
0.999239862 -0.008795577 0.037978675 2.093939304 0.009296220 0.999871910 -0.013025816 -3.675516844 -0.037859242 0.013368974 0.999193609 33.677253723
0.999257386 -0.009239188 0.037407432 2.191102982 0.009731073 0.999868274 -0.012988706 -3.821347237 -0.037282500 0.013343076 0.999215662 34.940597534
0.999272883 -0.009815007 0.036844011 2.287076235 0.010319038 0.999855399 -0.013514940 -3.965987206 -0.036706034 0.013885304 0.999229610 36.200092316
0.999309063 -0.010552616 0.035637543 2.394842625 0.011043492 0.999846399 -0.013605500 -4.125089169 -0.035488501 0.013989663 0.999272108 37.485851288
0.999304771 -0.010163577 0.035869647 2.483384132 0.010600171 0.999871731 -0.012002566 -4.268843174 -0.035743061 0.012374448 0.999284327 38.751102448
0.999273121 -0.010142799 0.036747679 2.584845066 0.010542130 0.999887288 -0.010689408 -4.412840843 -0.036635119 0.011069037 0.999267340 40.016933441
0.999192238 -0.011898187 0.038386397 2.693004608 0.012241255 0.999887109 -0.008714564 -4.559249401 -0.038278382 0.009177421 0.999224901 41.264820099
0.999086142 -0.013070947 0.040697861 2.795110226 0.013498758 0.999856234 -0.010254810 -4.700434685 -0.040557977 0.010794806 0.999118865 42.535305023
0.998958766 -0.014478425 0.043266349 2.888488054 0.015069557 0.999797046 -0.013367782 -4.849312305 -0.043064028 0.014005866 0.998974085 43.788619995
0.998852849 -0.015469014 0.045317501 2.990038872 0.016137004 0.999766052 -0.014411683 -4.999111176 -0.045083951 0.015126440 0.998868644 45.052059174
0.998736739 -0.015797907 0.047700450 3.120877743 0.016453004 0.999775290 -0.013372250 -5.130935669 -0.047478471 0.014140173 0.998772144 46.289005280
0.998527288 -0.016759314 0.051600199 3.222831488 0.017292785 0.999801338 -0.009909506 -5.286053658 -0.051423889 0.010787223 0.998618662 47.559120178
0.998247027 -0.019790059 0.055777553 3.337668896 0.020260429 0.999763727 -0.007880087 -5.425603390 -0.055608425 0.008996350 0.998412192 48.787281036
0.998020291 -0.021786446 0.058998819 3.470944166 0.022302931 0.999718368 -0.008109712 -5.567472935 -0.058805522 0.009409503 0.998225093 50.039562225
0.997742534 -0.025056774 0.062306739 3.612944603 0.025849452 0.999594450 -0.011948682 -5.702912331 -0.061982080 0.013532303 0.997985482 51.274402618
0.997452319 -0.026418284 0.066264585 3.742083549 0.027274743 0.999555230 -0.012053522 -5.836642265 -0.065916695 0.013830162 0.997729242 52.500198364
0.997095466 -0.028896602 0.070466883 3.871852875 0.029648876 0.999513686 -0.009652948 -5.976369381 -0.070153676 0.011714173 0.997467399 53.720863342
0.996831536 -0.031613708 0.072989844 4.035188198 0.032163091 0.999462426 -0.006363478 -6.108272076 -0.072749436 0.008690896 0.997312367 54.913768768
0.996551216 -0.034229688 0.075591177 4.165451050 0.034655593 0.999389946 -0.004329418 -6.250496864 -0.075396873 0.006934145 0.997129440 56.162879944
0.996384025 -0.037132859 0.076419719 4.324785709 0.037311293 0.999303222 -0.000907935 -6.376848221 -0.076332763 0.003755970 0.997075260 57.372928619
0.996192873 -0.039893989 0.077512562 4.463956833 0.040002316 0.999199569 0.000155340 -6.501219749 -0.077456720 0.002945933 0.996991277 58.593555450
0.996158481 -0.041801330 0.076947115 4.613901615 0.042175002 0.999105036 -0.003236868 -6.623845100 -0.076742940 0.006469678 0.997029901 59.786449432
0.996163130 -0.043243237 0.076085791 4.764533997 0.043924689 0.999008238 -0.007305101 -6.756641865 -0.075694434 0.010619120 0.997074485 60.990581512
0.996181607 -0.044569012 0.075071886 4.903075218 0.045538232 0.998899281 -0.011247937 -6.885270119 -0.074487947 0.014623630 0.997114658 62.170665741
0.996180296 -0.046809703 0.073712088 5.040036201 0.047933027 0.998758733 -0.013543922 -7.021715164 -0.072986603 0.017025435 0.997187614 63.385684967
0.996334314 -0.046788238 0.071615674 5.179787636 0.047871776 0.998762488 -0.013488029 -7.154151917 -0.070895962 0.016866956 0.997341096 64.559967041
0.996573508 -0.045884088 0.068817459 5.311465263 0.046878122 0.998817325 -0.012898957 -7.297307014 -0.068144202 0.016080793 0.997545898 65.782737732
0.996816099 -0.045143276 0.065723971 5.434788704 0.045972820 0.998880267 -0.011163720 -7.425637722 -0.065146416 0.014149694 0.997775435 66.958915710
0.997219980 -0.041547950 0.061855733 5.561183929 0.042065844 0.999089658 -0.007093478 -7.562663078 -0.061504703 0.009675772 0.998059869 68.149101257
0.997485280 -0.039493885 0.058848929 5.676011086 0.039852742 0.999193430 -0.004936359 -7.687897205 -0.058606513 0.007269237 0.998254657 69.333709717
0.997679770 -0.038326282 0.056269657 5.777473450 0.038828865 0.999214947 -0.007865431 -7.824415207 -0.055924036 0.010032069 0.998384655 70.502403259
0.997882724 -0.038673408 0.052291922 5.898125648 0.039501779 0.999108315 -0.014901179 -7.959103107 -0.051669009 0.016935252 0.998520613 71.690147400
0.997888029 -0.042679437 0.048969340 6.005885601 0.043606542 0.998886168 -0.018022295 -8.092648506 -0.048145618 0.020119611 0.998637676 72.861991882
0.997937679 -0.046591405 0.044154916 6.124905586 0.047201630 0.998802483 -0.012879070 -8.232065201 -0.043501984 0.014936693 0.998941660 74.033058167
0.997942686 -0.050237983 0.039832581 6.230518341 0.050603576 0.998684883 -0.008222948 -8.356165886 -0.039367087 0.010221699 0.999172509 75.190155029
0.997996271 -0.052313704 0.035590883 6.324538231 0.052535325 0.998604834 -0.005319549 -8.482380867 -0.035262939 0.007178669 0.999352276 76.382446289
0.998166442 -0.051623244 0.031604517 6.414118767 0.051739294 0.998656452 -0.002864666 -8.607479095 -0.031414174 0.004494609 0.999496341 77.542449951
0.998314917 -0.050984140 0.027709845 6.507349968 0.051081356 0.998690546 -0.002811439 -8.725082397 -0.027530214 0.004222158 0.999612033 78.706047058
0.998440623 -0.050035398 0.024755528 6.575802326 0.050166640 0.998729706 -0.004708617 -8.854346275 -0.024488484 0.005943175 0.999682426 79.873481750
0.998626292 -0.047773458 0.021522434 6.652214050 0.047992125 0.998800039 -0.009760551 -8.982041359 -0.021030312 0.010780050 0.999720752 81.017517090
0.998544991 -0.050924517 0.017740281 6.737071991 0.051186439 0.998581767 -0.014636918 -9.119217873 -0.016969746 0.015523680 0.999735475 82.182975769
0.998404264 -0.054476891 0.014870048 6.798689842 0.054707542 0.998380959 -0.015572213 -9.248838425 -0.013997649 0.016360864 0.999768138 83.335021973
0.998434484 -0.054782044 0.011296334 6.865056038 0.054919075 0.998416245 -0.012199329 -9.377157211 -0.010610143 0.012800612 0.999861777 84.472549438
0.998445630 -0.055083048 0.008490285 6.932876587 0.055165213 0.998429358 -0.009767629 -9.506201744 -0.007938920 0.010220816 0.999916196 85.606338501
0.998586833 -0.052631807 0.007362908 6.978732109 0.052712474 0.998546541 -0.011227746 -9.635419846 -0.006761269 0.011599995 0.999909878 86.752822876
0.998772085 -0.049042068 0.007015110 7.030970573 0.049139623 0.998686910 -0.014485657 -9.761591911 -0.006295493 0.014812591 0.999870479 87.874000549
0.998861313 -0.047386549 0.005529169 7.096443176 0.047474552 0.998726964 -0.017050836 -9.889698982 -0.004714150 0.017293917 0.999839306 88.971061707
0.998801768 -0.048629016 0.005496670 7.133280277 0.048719432 0.998655140 -0.017726069 -10.028272629 -0.004627277 0.017972628 0.999827743 90.122741699
0.998754323 -0.049727976 0.004108797 7.185698986 0.049784672 0.998645902 -0.015095057 -10.157985687 -0.003352587 0.015280811 0.999877572 91.238342285
0.998694003 -0.050980870 0.003345525 7.237238884 0.051018886 0.998619616 -0.012482983 -10.287736893 -0.002704515 0.012637367 0.999916434 92.353401184
0.998700678 -0.050894547 0.002568209 7.298464298 0.050921135 0.998634756 -0.011649134 -10.414127350 -0.001971825 0.011764774 0.999928832 93.487571716
0.998672068 -0.051446963 0.002717690 7.344737053 0.051479820 0.998577833 -0.013860130 -10.540351868 -0.002000764 0.013981631 0.999900162 94.597152710
0.998665750 -0.051592890 0.002215242 7.403699875 0.051624004 0.998510957 -0.017630018 -10.670663834 -0.001302360 0.017720856 0.999842048 95.701400757
0.998644769 -0.051998049 0.002191636 7.451882839 0.052030016 0.998470306 -0.018702887 -10.807475090 -0.001215770 0.018791568 0.999822795 96.820465088
0.998602629 -0.052813258 0.001887234 7.510334492 0.052837636 0.998460412 -0.016882895 -10.939760208 -0.000992688 0.016959023 0.999855638 97.905616760
0.998654664 -0.051765587 0.003013487 7.552450180 0.051797975 0.998586655 -0.011903834 -11.060539246 -0.002393018 0.012043912 0.999924600 98.995491028
0.998742640 -0.049941007 0.004352372 7.603977203 0.049976718 0.998714030 -0.008523000 -11.179347992 -0.003921128 0.008729803 0.999954164 100.064468384
0.998845041 -0.047643706 0.006217313 7.651464462 0.047696076 0.998825192 -0.008565705 -11.299556732 -0.005801907 0.008852353 0.999943972 101.137611389
0.998914778 -0.045807358 0.008427748 7.700708866 0.045893662 0.998892784 -0.010349192 -11.420408249 -0.007944349 0.010724743 0.999910951 102.170585632
0.998861790 -0.046338335 0.011318669 7.749814510 0.046479523 0.998840451 -0.012546114 -11.541775703 -0.010724176 0.013057919 0.999857247 103.189002991
0.998772979 -0.047844559 0.012782473 7.808245659 0.048018128 0.998753488 -0.013635457 -11.656673431 -0.012114156 0.014232518 0.999825299 104.221733093
0.998656750 -0.049701013 0.014643693 7.871809959 0.049890164 0.998672128 -0.012847566 -11.770221710 -0.013985710 0.013560883 0.999810219 105.203964233
0.998622298 -0.049822159 0.016471926 7.928475857 0.050013386 0.998683333 -0.011407988 -11.889204025 -0.015881868 0.012216086 0.999799252 106.183715820
0.998563051 -0.050667111 0.017454067 8.003293991 0.050843094 0.998658657 -0.009790970 -12.001544952 -0.016934577 0.010664321 0.999799848 107.135604858
0.998493016 -0.051299885 0.019492969 8.060900688 0.051507838 0.998619258 -0.010319658 -12.107367516 -0.018936660 0.011308146 0.999756753 108.052871704
0.998485327 -0.050766423 0.021209596 8.123982430 0.050954919 0.998665273 -0.008442668 -12.210179329 -0.020752680 0.009510614 0.999739408 108.963699341
0.998485625 -0.049905006 0.023151081 8.182806015 0.050062165 0.998726428 -0.006258623 -12.307266235 -0.022809261 0.007408138 0.999712348 109.834114075
0.998455822 -0.050014336 0.024177421 8.246963501 0.050103959 0.998739123 -0.003115060 -12.410237312 -0.023991140 0.004321634 0.999702811 110.692245483
0.998405516 -0.050130829 0.025946477 8.306230545 0.050222296 0.998733878 -0.002885352 -12.502619743 -0.025768980 0.004183844 0.999659181 111.518898010
0.998431385 -0.049108032 0.026889011 8.362803459 0.049184188 0.998787344 -0.002178133 -12.593093872 -0.026749440 0.003497231 0.999636054 112.333740234
0.998528183 -0.046786208 0.027430920 8.417120934 0.046855498 0.998899937 -0.001888443 -12.673352242 -0.027312391 0.003170952 0.999621868 113.112808228
0.998662710 -0.044121064 0.026945110 8.462577820 0.044108611 0.999026239 0.001056545 -12.749717712 -0.026965486 0.000133379 0.999636352 113.870933533
0.998736203 -0.044206798 0.023908282 8.509222031 0.044164266 0.999021649 0.002304484 -12.836607933 -0.023986766 -0.001245680 0.999711514 114.622756958
0.998866320 -0.044274643 0.017489022 8.546734810 0.044239260 0.999018073 0.002405348 -12.909724236 -0.017578347 -0.001628920 0.999844253 115.320220947
0.999064684 -0.042655773 0.007088259 8.575990677 0.042647954 0.999089360 0.001251372 -12.984618187 -0.007135184 -0.000947901 0.999974132 115.993667603
0.999173820 -0.040075283 -0.006753640 8.578990936 0.040066406 0.999195933 -0.001444557 -13.054406166 0.006806100 0.001172770 0.999976158 116.626502991
0.998945832 -0.038114440 -0.025583843 8.574819565 0.038025785 0.999269009 -0.003942694 -13.125280380 0.025715409 0.002965691 0.999664903 117.258316040
0.998175979 -0.036466341 -0.048115887 8.544071198 0.036215797 0.999325633 -0.006068903 -13.195598602 0.048304748 0.004315277 0.998823345 117.846206665
0.996508420 -0.035004854 -0.075800285 8.503765106 0.034485351 0.999372005 -0.008152001 -13.259653091 0.076038033 0.005509539 0.997089684 118.414413452
0.993599474 -0.032979541 -0.108040154 8.434611320 0.032099292 0.999435842 -0.009876877 -13.328995705 0.108304925 0.006345646 0.994097531 118.960479736
0.989337265 -0.028339792 -0.142858878 8.318687439 0.026971348 0.999570131 -0.011506749 -13.391174316 0.143123552 0.007530959 0.989676178 119.499313354
0.983082414 -0.022161601 -0.181818351 8.213048935 0.020504117 0.999729395 -0.010990969 -13.451873779 0.182012737 0.007077002 0.983270764 120.029357910
0.974650204 -0.016868420 -0.223097295 8.066070557 0.015305046 0.999844730 -0.008734905 -13.509510040 0.223210007 0.005098964 0.974757016 120.532310486
0.963401437 -0.012081875 -0.267790258 7.900150299 0.010592051 0.999919355 -0.007007349 -13.569621086 0.267853320 0.003914444 0.963451684 121.016250610
0.949006379 -0.006246332 -0.315195173 7.709899902 0.004066133 0.999963105 -0.007574077 -13.624247551 0.315230787 0.005906221 0.948996603 121.499809265
0.931810081 0.001623095 -0.362942725 7.476467133 -0.004997186 0.999952614 -0.008357821 -13.677124977 0.362911940 0.009601596 0.931773841 121.966583252
0.910775363 0.006080670 -0.412857354 7.231113434 -0.010890679 0.999897480 -0.009298404 -13.727630615 0.412758499 0.012965057 0.910748184 122.396553040
0.885856509 0.010888541 -0.463831484 6.955722809 -0.016386731 0.999835134 -0.007825141 -13.785138130 0.463669837 0.014532634 0.885888815 122.818923950
0.856860697 0.013975395 -0.515358746 6.672149658 -0.020905685 0.999752283 -0.007647738 -13.828331947 0.515124083 0.017326970 0.856940448 123.217407227
0.825318038 0.023680862 -0.564171374 6.346683502 -0.031659603 0.999489248 -0.004361226 -13.874586105 0.563779891 0.021460840 0.825646162 123.591049194
0.791444957 0.036687903 -0.610138476 5.996635437 -0.044604260 0.999002397 0.002211762 -13.918635368 0.609610915 0.025464291 0.792291701 123.950309753
0.755526781 0.045309987 -0.653549016 5.650177002 -0.055683583 0.998436689 0.004848476 -13.953361511 0.652747035 0.032728806 0.756868660 124.253753662
0.715805173 0.049478676 -0.696544886 5.284732819 -0.063019641 0.997993410 0.006129702 -14.007014275 0.695450544 0.039508332 0.717487037 124.552742004
0.673393309 0.050941981 -0.737527192 4.906921387 -0.065475486 0.997812390 0.009138340 -14.049016953 0.736379206 0.042136256 0.675255656 124.838058472
0.629339457 0.054490872 -0.775217712 4.503471375 -0.068849847 0.997525632 0.014223254 -14.080183983 0.774074554 0.044422366 0.631533921 125.107795715
0.584242165 0.063474417 -0.809093416 4.073738098 -0.079951949 0.996588945 0.020450788 -14.117225647 0.807631552 0.052740384 0.587324142 125.342216492
0.538997173 0.072314329 -0.839197636 3.622097015 -0.091560215 0.995434225 0.026970360 -14.139905930 0.837316394 0.062300175 0.543157339 125.553466797
0.492326766 0.077479728 -0.866955161 3.174240112 -0.097427748 0.994676352 0.033566862 -14.162626266 0.864940524 0.067939632 0.497254372 125.745079041
0.444902062 0.078937128 -0.892093599 2.710865021 -0.096507750 0.994533300 0.039871491 -14.189661026 0.890364170 0.068355054 0.450087875 125.929908752
0.397327125 0.080734521 -0.914118826 2.237430573 -0.093927972 0.994468689 0.047004644 -14.213045120 0.912857294 0.067185111 0.402712613 126.106765747
0.352394342 0.083382659 -0.932129562 1.747009277 -0.095568016 0.994022131 0.052789412 -14.231609344 0.930959105 0.070479088 0.358256519 126.241561890
0.308840513 0.086796239 -0.947145104 1.248123169 -0.101222329 0.993171215 0.058007963 -14.250930786 0.945712149 0.077957042 0.315517157 126.358161926
0.267323285 0.088148430 -0.959566653 0.730449677 -0.105757818 0.992475390 0.061708700 -14.265957832 0.957785666 0.084985502 0.274634123 126.461669922
0.227961302 0.084322266 -0.970012009 0.203248978 -0.105843194 0.992485285 0.061401762 -14.279200554 0.967900217 0.088671952 0.235173166 126.562530518
0.192748517 0.079678237 -0.978007793 -0.331443787 -0.100444026 0.993064225 0.061109103 -14.304706573 0.976093769 0.086456336 0.199414849 126.657073975
0.162363380 0.074629858 -0.983904779 -0.879793167 -0.097648621 0.993456244 0.059240438 -14.325216293 0.981887341 0.086458467 0.168588430 126.736923218
0.135718524 0.073073722 -0.988048911 -1.446386337 -0.098836340 0.993300021 0.059885923 -14.343956947 0.985805154 0.089527510 0.142031536 126.807891846
0.113870993 0.071942821 -0.990887284 -2.035324097 -0.099298313 0.993204594 0.060699880 -14.354026794 0.988520801 0.091481484 0.120240986 126.865097046
0.095675752 0.073686711 -0.992681384 -2.630153656 -0.101446085 0.992785692 0.063916959 -14.370394707 0.990229666 0.094588354 0.102460727 126.917869568
0.079123981 0.071863592 -0.994271100 -3.235888481 -0.102305420 0.992717147 0.063609838 -14.393979073 0.991601229 0.096686274 0.085899755 126.975448608
0.064887941 0.070782378 -0.995379031 -3.854867935 -0.101144031 0.992810607 0.064006254 -14.422450066 0.992753386 0.096523404 0.071580671 127.029586792
0.052698173 0.068406768 -0.996264696 -4.494581699 -0.096931040 0.993290305 0.063075311 -14.444292068 0.993894994 0.093245007 0.058975324 127.073013306
0.040530942 0.065823436 -0.997007787 -5.138025284 -0.094663292 0.993592381 0.061749645 -14.460930824 0.994683862 0.091877274 0.046502307 127.113090515
0.030268827 0.064643033 -0.997449279 -5.812406063 -0.093740262 0.993691981 0.061554875 -14.478452682 0.995136440 0.091637954 0.036137547 127.146110535
0.020614237 0.066109486 -0.997599363 -6.483305931 -0.097041689 0.993232369 0.063814834 -14.499525070 0.995066822 0.095493242 0.026890099 127.168350220
0.012285829 0.066237092 -0.997728288 -7.161905289 -0.099918529 0.992890775 0.064685561 -14.527692795 0.994919777 0.098896846 0.018816797 127.184852600
0.005586288 0.065538198 -0.997834444 -7.848496914 -0.101969615 0.992685914 0.064629175 -14.546350479 0.994771838 0.101387739 0.012228334 127.206176758
0.000652984 0.066248491 -0.997802913 -8.546614647 -0.102811664 0.992520034 0.065830469 -14.562051773 0.994700611 0.102542780 0.007459220 127.222137451
-0.003093523 0.068853237 -0.997622013 -9.266185760 -0.104964875 0.992093384 0.068797156 -14.581983566 0.994471073 0.104928084 0.004158109 127.247848511
-0.003613434 0.072932668 -0.997330308 -10.004570007 -0.107419394 0.991537631 0.072898261 -14.605906487 0.994207203 0.107396036 0.004251529 127.247238159
-0.004965488 0.076107219 -0.997087419 -10.714645386 -0.109990850 0.991008043 0.076190941 -14.622396469 0.993920207 0.110048801 0.003450257 127.264282227
-0.005522278 0.081762299 -0.996636569 -11.455176353 -0.114829116 0.990007102 0.081854694 -14.628980637 0.993369937 0.114894919 0.003921597 127.272399902
-0.007006490 0.085496731 -0.996313810 -12.198514938 -0.117619470 0.989351571 0.085726425 -14.641388893 0.993034065 0.117786527 0.003124198 127.287574768
-0.008292314 0.086052038 -0.996256113 -12.943605423 -0.117663190 0.989285290 0.086429298 -14.659036636 0.993018866 0.117939383 0.001921693 127.305229187
-0.009728427 0.083019368 -0.996500432 -13.688054085 -0.115286618 0.989809096 0.083587408 -14.676534653 0.993284702 0.115696318 -0.000058261 127.327033997
-0.011232050 0.079380102 -0.996781170 -14.449412346 -0.118768044 0.989681602 0.080153033 -14.678786278 0.992858410 0.119286038 -0.001688334 127.339889526
-0.012518998 0.081031978 -0.996632874 -15.217270851 -0.124118641 0.988876641 0.081960432 -14.689960480 0.992188394 0.124726802 -0.002322168 127.343200684
-0.014405290 0.084480569 -0.996320903 -15.985002518 -0.121036157 0.988949835 0.085605562 -14.703210831 0.992543578 0.121824019 -0.004020906 127.362564087
-0.016099498 0.084506132 -0.996292949 -16.761295319 -0.120327301 0.989016652 0.085833378 -14.719432831 0.992603779 0.121263109 -0.005754277 127.374572754
-0.017677648 0.083727032 -0.996332049 -17.552412033 -0.123090990 0.988725126 0.085271783 -14.730785370 0.992237866 0.124146879 -0.007172292 127.381896973
-0.018235698 0.083587721 -0.996333599 -18.339784622 -0.127812162 0.988128722 0.085238703 -14.736225128 0.991630733 0.128897920 -0.007335688 127.382492065
-0.019257380 0.087921768 -0.995941281 -19.144477844 -0.129437327 0.987523794 0.089681461 -14.741739273 0.991400659 0.130638957 -0.007636761 127.386756897
-0.019974362 0.092090257 -0.995550275 -19.956502914 -0.128148615 0.987299860 0.093898214 -14.748905182 0.991553843 0.129453942 -0.007919444 127.403144836
-0.018898427 0.094740234 -0.995322645 -20.776071548 -0.129558221 0.986875117 0.096396126 -14.764339447 0.991391718 0.130773976 -0.006376010 127.413375854
-0.016801888 0.093418449 -0.995485127 -21.594951630 -0.129014716 0.987100005 0.094809100 -14.768223763 0.991500437 0.130025238 -0.004532790 127.423233032
-0.015804017 0.093462206 -0.995497406 -22.425241470 -0.129018173 0.987107873 0.094722785 -14.772586823 0.991516292 0.129934281 -0.003541948 127.437637329
-0.015821164 0.092703804 -0.995568037 -23.259128571 -0.127852753 0.987331510 0.093968622 -14.779915810 0.991666913 0.128772810 -0.003768301 127.462097168
-0.014977058 0.094658285 -0.995397151 -24.097852707 -0.128774017 0.987035632 0.095800713 -14.785111427 0.991560817 0.129616097 -0.002593366 127.481567383
-0.014640917 0.096792296 -0.995196998 -24.936088562 -0.130588606 0.986593485 0.097876698 -14.786184311 0.991328597 0.131394342 -0.001804665 127.502784729
-0.014649403 0.099235855 -0.994956076 -25.805561066 -0.133194253 0.986001253 0.100303799 -14.785594940 0.990981638 0.133991808 -0.001226682 127.519775391
-0.013057757 0.100408062 -0.994860590 -26.669448853 -0.135402799 0.985603571 0.101250954 -14.781642914 0.990704656 0.136029035 0.000725761 127.532905579
-0.011445090 0.103602611 -0.994552910 -27.538757324 -0.142155319 0.984347224 0.104175352 -14.781255722 0.989778161 0.142573282 0.003461719 127.550170898
-0.008875719 0.107408822 -0.994175315 -28.422420502 -0.147145718 0.983251154 0.107542284 -14.773862839 0.989075005 0.147243157 0.007077691 127.564033508
-0.006864226 0.109140933 -0.994002581 -29.297370911 -0.149571821 0.982731402 0.108936265 -14.766046524 0.988726974 0.149422556 0.009578720 127.596313477
-0.002929431 0.110017896 -0.993925273 -30.192024231 -0.148474485 0.982865155 0.109231248 -14.765483856 0.988911867 0.147892520 0.013455614 127.620460510
-0.000135425 0.109858595 -0.993947208 -31.084356308 -0.151096702 0.982533514 0.108617648 -14.756952286 0.988518953 0.150196850 0.016466213 127.649467468
0.002284534 0.113705024 -0.993511915 -31.986656189 -0.151562512 0.982076526 0.112047747 -14.747632027 0.988445044 0.150323197 0.019477010 127.683044434
0.004476004 0.115926273 -0.993247747 -32.891536713 -0.150816634 0.981974542 0.113930896 -14.743555069 0.988551617 0.149288341 0.021878937 127.727188110
0.006151844 0.117283486 -0.993079364 -33.785037994 -0.151543602 0.981737316 0.115005210 -14.738929749 0.988431454 0.149787351 0.023813054 127.770195007
0.008802053 0.115179062 -0.993305743 -34.687511444 -0.152660236 0.981854796 0.112498492 -14.728420258 0.988239527 0.150648087 0.026225600 127.802742004
0.009156507 0.116581023 -0.993138969 -35.603054047 -0.157033458 0.981025100 0.113711193 -14.720062256 0.987550855 0.154914826 0.027289880 127.844573975
0.010306193 0.117081359 -0.993068814 -36.497116089 -0.157730684 0.980878949 0.114007227 -14.712758064 0.987428367 0.155462459 0.028576450 127.883110046
0.010679018 0.113686331 -0.993459284 -37.394149780 -0.158346295 0.981172264 0.110578142 -14.708630562 0.987325907 0.156129703 0.028479761 127.918502808
0.011367639 0.109534085 -0.993918180 -38.297420502 -0.159164786 0.981507540 0.106346004 -14.710058212 0.987186551 0.156987876 0.028591394 127.967880249
0.011870573 0.108773448 -0.993995726 -39.193996429 -0.158862054 0.981645286 0.105524756 -14.703365326 0.987229407 0.156655535 0.028932661 128.011856079
0.011774458 0.112703413 -0.993558943 -40.097316742 -0.161264598 0.980834603 0.109348930 -14.694257736 0.986840904 0.158938363 0.029723858 128.052169800
0.011959447 0.119150415 -0.992804110 -41.033191681 -0.161730975 0.980032504 0.115669392 -14.684253693 0.986762404 0.159183845 0.030990962 128.094207764
0.012223509 0.117785998 -0.992963672 -41.928169250 -0.159498990 0.980552912 0.114350349 -14.682036400 0.987122476 0.156978980 0.030772548 128.140991211
0.013107895 0.107441828 -0.994124949 -42.821571350 -0.158631966 0.981842697 0.104022801 -14.686861038 0.987250686 0.156336486 0.029913608 128.185928345
0.013320554 0.097034961 -0.995191753 -43.741302490 -0.160239726 0.982624233 0.093664765 -14.690663338 0.986988246 0.158221617 0.028637953 128.229278564
0.012319850 0.093926512 -0.995502830 -44.643329620 -0.157084376 0.983398497 0.090840437 -14.696514130 0.987508357 0.155258805 0.026869703 128.276565552
0.012144578 0.103924751 -0.994511008 -45.564556122 -0.149567172 0.983583987 0.100956447 -14.697022438 0.988677025 0.147520140 0.027488947 128.327865601
0.012110585 0.117241465 -0.993029594 -46.515354156 -0.144679487 0.982857466 0.114276052 -14.694454193 0.989404380 0.142287046 0.028865412 128.390838623
0.012365595 0.126343727 -0.991909444 -47.436779022 -0.144804865 0.981754601 0.123245083 -14.683977127 0.989382923 0.142109305 0.030435167 128.437866211
0.012214920 0.120512135 -0.992636740 -48.352569580 -0.145002797 0.982430935 0.117488757 -14.678672791 0.989355803 0.142499968 0.029474910 128.480163574
0.012398113 0.106963582 -0.994185627 -49.287628174 -0.145020097 0.983942151 0.104052998 -14.673898697 0.989351034 0.142886832 0.027710894 128.520523071
0.013006171 0.098146632 -0.995086908 -50.203582764 -0.145541847 0.984758735 0.095225617 -14.672397614 0.989266634 0.143588275 0.027092379 128.566421509
0.013521464 0.098264888 -0.995068371 -51.138446808 -0.144355074 0.984925926 0.095301732 -14.678548813 0.989433587 0.142354533 0.027502678 128.611877441
0.013089386 0.099431798 -0.994958282 -52.090652466 -0.147824362 0.984302163 0.096422128 -14.690209389 0.988926947 0.145816982 0.027582355 128.651290894
0.013821769 0.098988488 -0.994992614 -53.020298004 -0.152386904 0.983672261 0.095745400 -14.690799713 0.988224208 0.150300458 0.028680639 128.685302734
0.014043720 0.098515198 -0.995036423 -53.958045959 -0.154039055 0.983468235 0.095195778 -14.693164825 0.987964928 0.151937574 0.028986739 128.731918335
0.014785277 0.106025554 -0.994253516 -54.915546417 -0.162958950 0.981323004 0.102223337 -14.691850662 0.986522079 0.160511121 0.031786945 128.776702881
0.016757861 0.115642019 -0.993149579 -55.869770050 -0.169344738 0.979267180 0.111168116 -14.685224533 0.985414386 0.166321740 0.035993796 128.806915283
0.018155580 0.123871274 -0.992132127 -56.815067291 -0.169622034 0.978293419 0.119039446 -14.675687790 0.985341907 0.166126281 0.038772784 128.853454590
0.018957680 0.124784857 -0.992002666 -57.757534027 -0.171101615 0.977949202 0.119747251 -14.667459488 0.985070944 0.167463169 0.039890546 128.901229858
0.020554267 0.115068987 -0.993144751 -58.696651459 -0.172608674 0.978846908 0.109840065 -14.659811974 0.984775960 0.169167712 0.039981391 128.954589844
0.021089079 0.109933309 -0.993715167 -59.672054291 -0.170724794 0.979733407 0.104763322 -14.660055161 0.985093057 0.167442441 0.039430022 129.026565552
0.023328418 0.108317234 -0.993842602 -60.625656128 -0.169498682 0.980149388 0.102846183 -14.653665543 0.985254347 0.166055784 0.041224960 129.081420898
0.026765244 0.114241511 -0.993092358 -61.585826874 -0.170742765 0.979372025 0.108061410 -14.647701263 0.984952092 0.166671038 0.045719042 129.139297485
0.030347280 0.116771691 -0.992695034 -62.570484161 -0.173641026 0.978667319 0.109813310 -14.655878067 0.984341323 0.169040024 0.049976252 129.191040039
0.034100354 0.111516222 -0.993177354 -63.515090942 -0.173129931 0.979390085 0.104023822 -14.653642654 0.984308481 0.168401495 0.052704345 129.262542725
0.037406638 0.105769828 -0.993686855 -64.466911316 -0.173061326 0.980043113 0.097802788 -14.657522202 0.984200418 0.168310285 0.054964781 129.331192017
0.040919773 0.105637670 -0.993562400 -65.427154541 -0.170552194 0.980539858 0.097228929 -14.659255028 0.984498560 0.165475652 0.058140211 129.403564453
0.043202505 0.110104598 -0.992980659 -66.397094727 -0.168022528 0.980552495 0.101416223 -14.667345047 0.984835923 0.162461668 0.060862377 129.486389160
0.046623375 0.116666928 -0.992076159 -67.369613647 -0.167881742 0.979944706 0.107350543 -14.666311264 0.984704018 0.161546424 0.065274589 129.574768066
0.050138906 0.120499857 -0.991446316 -68.326026917 -0.165624693 0.979953051 0.110727064 -14.664141655 0.984913528 0.158656254 0.069091529 129.652954102
0.052130260 0.122237638 -0.991130888 -69.289566040 -0.165101334 0.979877770 0.112165980 -14.663904190 0.984897971 0.157789811 0.071262889 129.737930298
0.053872947 0.119497336 -0.991371751 -70.245193481 -0.163375452 0.980489790 0.109307535 -14.658335686 0.985091925 0.156077087 0.072344802 129.827072144
0.053693220 0.117712893 -0.991595030 -71.201736450 -0.161034241 0.981050313 0.107741386 -14.661028862 0.985487163 0.153895810 0.071631558 129.925720215
0.053908929 0.113924637 -0.992025673 -72.142601013 -0.157933936 0.981938243 0.104183681 -14.666686058 0.985976994 0.151058093 0.070927799 130.020324707
0.054014988 0.114679366 -0.991932929 -73.113098145 -0.156955585 0.982009649 0.104985222 -14.668604851 0.986127436 0.150018662 0.071042798 130.099670410
0.052862536 0.118368343 -0.991561651 -74.060867310 -0.153401241 0.982126772 0.109063879 -14.661093712 0.986749053 0.146341398 0.070075572 130.204254150
0.052684512 0.119800813 -0.991399050 -75.039085388 -0.147896826 0.982765555 0.110898055 -14.660656929 0.987598538 0.140782192 0.069494687 130.295837402
0.051719140 0.115782142 -0.991927207 -75.987609863 -0.144770503 0.983633876 0.107265763 -14.654095650 0.988112688 0.138054118 0.067634538 130.383407593
0.050481226 0.112620682 -0.992354870 -76.936004639 -0.146469504 0.983713031 0.104189001 -14.658213615 0.987926364 0.140090168 0.066154532 130.463928223
0.049342483 0.108698912 -0.992849350 -77.921585083 -0.142975330 0.984591186 0.100689232 -14.654936790 0.988495529 0.136984736 0.064123444 130.537445068
0.048074245 0.110088423 -0.992758512 -78.861022949 -0.143917054 0.984300137 0.102181286 -14.660286903 0.988421321 0.137962610 0.063163094 130.612060547
0.046928942 0.111225545 -0.992686570 -79.810249329 -0.144386381 0.984100163 0.103437662 -14.657616615 0.988407850 0.138476193 0.062242243 130.693878174
0.046054091 0.112729862 -0.992557824 -80.779388428 -0.147204399 0.983530462 0.104874372 -14.667009354 0.988033295 0.141278997 0.061889932 130.758850098
0.044385441 0.112398960 -0.992671371 -81.730003357 -0.146940693 0.983577967 0.104799144 -14.654623032 0.988148987 0.141212255 0.060172513 130.837478638
0.042544208 0.112881847 -0.992697120 -82.683212280 -0.147156790 0.983467996 0.105525650 -14.653294563 0.988197744 0.141592607 0.058452185 130.906799316
0.040112168 0.115900002 -0.992450655 -83.628112793 -0.146910861 0.983139575 0.108874910 -14.652418137 0.988336086 0.141434565 0.056462824 130.985397339
0.038730476 0.119794264 -0.992042959 -84.588897705 -0.148208052 0.982495844 0.112855189 -14.641220093 0.988197505 0.142657787 0.055807006 131.039962769
0.036396150 0.124468334 -0.991555870 -85.537620544 -0.149257958 0.981760919 0.117760152 -14.626570702 0.988128304 0.143711567 0.054310203 131.108428955
0.034785241 0.124828570 -0.991568387 -86.486389160 -0.149463445 0.981660128 0.118337922 -14.623371124 0.988155127 0.144086793 0.052804600 131.170669556
0.032999251 0.118599363 -0.992393672 -87.428543091 -0.149586722 0.982336521 0.112423331 -14.610636711 0.988197803 0.144739047 0.050157256 131.242431641
0.030693322 0.114268690 -0.992975593 -88.366455078 -0.154360175 0.982067466 0.108242065 -14.602275848 0.987537801 0.149953604 0.047781445 131.305130005
0.030574366 0.111771017 -0.993263543 -89.340087891 -0.152652934 0.982592583 0.105871327 -14.591413498 0.987806797 0.148387626 0.047104318 131.352996826
0.029634416 0.112951279 -0.993158519 -90.291526794 -0.148582518 0.983054042 0.107368611 -14.594260216 0.988455892 0.144384190 0.045914821 131.415557861
0.028974181 0.114019372 -0.993055940 -91.245201111 -0.145179823 0.983418584 0.108676963 -14.587975502 0.988980889 0.141022906 0.045047063 131.483459473
0.027770424 0.114087276 -0.993082464 -92.190574646 -0.140418619 0.984060287 0.109124139 -14.589012146 0.989702642 0.136416838 0.043347742 131.551345825
0.026629630 0.111094095 -0.993453026 -93.136985779 -0.136207119 0.984940171 0.106491074 -14.587884903 0.990322351 0.132479548 0.041360397 131.616180420
0.025642691 0.107848465 -0.993836582 -94.107856750 -0.130804315 0.985978186 0.103620715 -14.591388702 0.991076469 0.127341017 0.039390184 131.674667358
0.024652803 0.110341102 -0.993587971 -95.066566467 -0.128820524 0.985954463 0.106297091 -14.592252731 0.991361380 0.125374019 0.038520742 131.732376099
0.023291461 0.113004342 -0.993321419 -96.010879517 -0.128815085 0.985647738 0.109110892 -14.593756676 0.991395116 0.125413433 0.037513837 131.792465210
0.022139359 0.110979661 -0.993576109 -96.965881348 -0.123969130 0.986454427 0.107421853 -14.589123726 0.992039084 0.120794497 0.035597522 131.840560913
0.018710760 0.107654646 -0.994012237 -97.927963257 -0.121826552 0.987023830 0.104604594 -14.585109711 0.992374957 0.119139858 0.031583156 131.906723022
0.015881386 0.105352730 -0.994308054 -98.876937866 -0.120757118 0.987356603 0.102687411 -14.586210251 0.992555082 0.118438959 0.028402679 131.959182739
0.013805352 0.104187198 -0.994461834 -99.836418152 -0.114598200 0.988168061 0.101936929 -14.592641830 0.993315935 0.112556256 0.025581673 132.005981445
0.011054726 0.104006462 -0.994515121 -100.784057617 -0.108488090 0.988829792 0.102205962 -14.583604813 0.994036317 0.106763199 0.022214701 132.061523438
0.008996739 0.111260116 -0.993750572 -101.778732300 -0.098522715 0.989054084 0.109842323 -14.574455261 0.995094061 0.096918777 0.019859908 132.116256714
0.006627777 0.119551487 -0.992805898 -102.738197327 -0.090629943 0.988813460 0.118465722 -14.570229530 0.995862544 0.089192785 0.017388582 132.171188354
0.002527119 0.118377730 -0.992965460 -103.690551758 -0.086561054 0.989267409 0.117716573 -14.558673859 0.996243417 0.085654654 0.012746898 132.228805542
0.000698620 0.108782008 -0.994065404 -104.649589539 -0.087412119 0.990267158 0.108304940 -14.559916496 0.996172011 0.086817689 0.010200686 132.256942749
-0.001370816 0.099319026 -0.995054722 -105.596817017 -0.089243107 0.991073132 0.099044539 -14.556744576 0.996009052 0.088937536 0.007504958 132.295104980
-0.001730986 0.100876659 -0.994897425 -106.555007935 -0.096475340 0.990241170 0.100572400 -14.558146477 0.995333970 0.096157148 0.008018016 132.316406250
-0.002372836 0.110298239 -0.993895650 -107.521087646 -0.099815316 0.988908768 0.109983101 -14.545886993 0.995003104 0.099466987 0.008662934 132.351104736
-0.003877421 0.121756673 -0.992552340 -108.484130859 -0.103806600 0.987148464 0.121499307 -14.533633232 0.994589984 0.103504598 0.008811558 132.381454468
-0.005428432 0.123595454 -0.992317736 -109.425422668 -0.110908397 0.986135840 0.123432189 -14.523566246 0.993815899 0.110726431 0.008354602 132.415405273
-0.005034439 0.120607890 -0.992687464 -110.417556763 -0.118050210 0.985686839 0.120356053 -14.504129410 0.992994785 0.117792897 0.009275407 132.432189941
-0.005284914 0.116572514 -0.993168116 -111.371635437 -0.126042530 0.985183299 0.116306007 -14.489457130 0.992010832 0.125796095 0.009486485 132.458358765
-0.003350657 0.118609890 -0.992935300 -112.337173462 -0.130723700 0.984368205 0.118027650 -14.470186234 0.991413176 0.130195633 0.012206845 132.485977173
-0.001571488 0.119856834 -0.992789924 -113.319557190 -0.138762444 0.983160377 0.118913941 -14.450955391 0.990324438 0.137948856 0.015086603 132.508056641
-0.001100125 0.122750364 -0.992437005 -114.283325195 -0.148083732 0.981475770 0.121558763 -14.434135437 0.988974273 0.147097543 0.017097587 132.530288696
-0.000871273 0.125160441 -0.992136061 -115.258590698 -0.153704286 0.980329990 0.123806052 -14.412672997 0.988116503 0.152603447 0.018383564 132.558471680
-0.000653124 0.124096960 -0.992269874 -116.231285095 -0.157240748 0.979913831 0.122655161 -14.399269104 0.987560093 0.156105325 0.018873090 132.600616455
0.000938805 0.114803284 -0.993387818 -117.186584473 -0.156255186 0.981203079 0.113247439 -14.401136398 0.987716258 0.155115709 0.018859766 132.634262085
0.002336981 0.103115924 -0.994666576 -118.137351990 -0.159303457 0.982005358 0.101429060 -14.391223907 0.987226844 0.158216774 0.018721651 132.672760010
