1.000000000 0.000000000 0.000000000 0.000000000 0.000000000 1.000000000 0.000000000 0.000000000 0.000000000 0.000000000 1.000000000 0.000000000
0.999997854 -0.001564973 -0.001354352 0.049771212 0.001562123 0.999996543 -0.002102422 -0.132963106 0.001357638 0.002100302 0.999996901 1.297532082
0.999997437 0.000076581 -0.002243889 0.105553359 -0.000090879 0.999979675 -0.006372546 -0.267068028 0.002243354 0.006372734 0.999977171 2.605110407
0.999995828 0.002518247 -0.001502461 0.149375021 -0.002530125 0.999965250 -0.007957540 -0.405013382 0.001482370 0.007961308 0.999967217 3.909228563
0.999983191 0.005802137 0.000043154 0.194195941 -0.005801719 0.999960959 -0.006675502 -0.543205559 -0.000081884 0.006675140 0.999977708 5.221958160
0.999975145 0.006660676 0.002277371 0.241979063 -0.006653253 0.999972522 -0.003251695 -0.690431297 -0.002298967 0.003236462 0.999992132 6.537579060
0.999960840 0.006905686 0.005540535 0.299150079 -0.006894833 0.999974251 -0.001975398 -0.826955259 -0.005554034 0.001937119 0.999982715 7.840466022
0.999944568 0.005452453 0.009008630 0.351170510 -0.005435306 0.999983370 -0.001926779 -0.959345460 -0.009018987 0.001877707 0.999957502 9.145341873
0.999915898 0.004148775 0.012293305 0.429507017 -0.004126353 0.999989867 -0.001848755 -1.096290231 -0.012300851 0.001797873 0.999922693 10.445237160
0.999872684 0.002814364 0.015705965 0.493148595 -0.002776495 0.999993205 -0.002432478 -1.235143065 -0.015712706 0.002388562 0.999873638 11.750531197
0.999816000 0.001824656 0.019097522 0.568889499 -0.001761058 0.999992907 -0.003346437 -1.371078253 -0.019103492 0.003312190 0.999812007 13.045795441
0.999745905 0.001573388 0.022487538 0.637237608 -0.001499671 0.999993443 -0.003294619 -1.519296527 -0.022492571 0.003260058 0.999741673 14.366344452
0.999663293 0.001518767 0.025902720 0.721628606 -0.001405029 0.999989331 -0.004408621 -1.656673312 -0.025909135 0.004370743 0.999654770 15.659975052
0.999572814 0.002343497 0.029132849 0.799507976 -0.002214638 0.999987543 -0.004454661 -1.792405844 -0.029142926 0.004388239 0.999565542 16.964025497
0.999476016 0.001962322 0.032308582 0.890755534 -0.001833240 0.999990284 -0.004024428 -1.932199478 -0.032316163 0.003963090 0.999469817 18.250314713
0.999407649 0.000302102 0.034410980 0.990318656 -0.000171637 0.999992728 -0.003794244 -2.073110819 -0.034411874 0.003786090 0.999400556 19.550031662
0.999350190 -0.002159895 0.035981156 1.088850021 0.002343456 0.999984443 -0.005060181 -2.213382244 -0.035969671 0.005141213 0.999339640 20.824901581
0.999301374 -0.001660294 0.037336357 1.186342835 0.001918636 0.999974430 -0.006884544 -2.354532003 -0.037323974 0.006951368 0.999279022 22.133426666
0.999255955 -0.001744881 0.038529225 1.272205353 0.002107400 0.999953926 -0.009370307 -2.498328924 -0.038511097 0.009444532 0.999213576 23.416284561
0.999223650 -0.001077785 0.039380614 1.375308037 0.001514510 0.999937654 -0.011061715 -2.640292406 -0.039366234 0.011112770 0.999163032 24.704568863
0.999190748 -0.000290585 0.040219411 1.477689981 0.000760915 0.999931455 -0.011679301 -2.787652493 -0.040213265 0.011700453 0.999122620 25.974962234
0.999161959 -0.001982098 0.040882960 1.573503256 0.002419978 0.999940217 -0.010663850 -2.934939384 -0.040859375 0.010753850 0.999107003 27.269744873
0.999153674 -0.004954990 0.040833220 1.675446153 0.005350003 0.999939919 -0.009570206 -3.082131147 -0.040783349 0.009780565 0.999120176 28.548313141
0.999179721 -0.006536006 0.039964229 1.773187041 0.006939924 0.999926090 -0.009976597 -3.227950096 -0.039896071 0.010245759 0.999151289 29.837364197
0.999185681 -0.008161037 0.039514780 1.870091200 0.008666104 0.999882698 -0.012627335 -3.371761084 -0.039407089 0.012959491 0.999139130 31.097120285
0.999227166 -0.008352639 0.038407557 1.987235069 0.008845393 0.999880433 -0.012677656 -3.522101879 -0.038297068 0.013007586 0.999181867 32.384349823
0.999237835 -0.008926000 0.037998516 2.080188036 0.009436545 0.999867201 -0.013277842 -3.664762974 -0.037874956 0.013626296 0.999189615 33.652481079
0.999255300 -0.009448310 0.037410900 2.176274776 0.009946755 0.999863923 -0.013159842 -3.812200069 -0.037281472 0.013522159 0.999213338 34.921466827
0.999265790 -0.009975864 0.036992643 2.266024113 0.010486063 0.999852240 -0.013623609 -3.956948757 -0.036851272 0.014001514 0.999222636 36.179862976
0.999308169 -0.010611892 0.035644319 2.379712105 0.011113034 0.999841690 -0.013890862 -4.114308834 -0.035491262 0.014277367 0.999267995 37.470855713
0.999302208 -0.010332613 0.035892997 2.469065189 0.010778093 0.999866962 -0.012240076 -4.259451866 -0.035761751 0.012618391 0.999280632 38.733253479
0.999274611 -0.010293508 0.036664739 2.574888706 0.010702319 0.999882519 -0.010971217 -4.401047707 -0.036547497 0.011355657 0.999267399 39.993946075
0.999196053 -0.012041735 0.038239475 2.687372684 0.012412196 0.999878168 -0.009465290 -4.542343140 -0.038120832 0.009932317 0.999223709 41.243019104
0.999082327 -0.013272970 0.040721845 2.779866695 0.013711164 0.999850810 -0.010500285 -4.689671516 -0.040576391 0.011048994 0.999115348 42.501270294
0.998954892 -0.014388760 0.043384463 2.871723652 0.014996313 0.999793470 -0.013711080 -4.839380264 -0.043178219 0.014347357 0.998964310 43.752075195
0.998858333 -0.015598328 0.045152385 2.983503819 0.016274363 0.999760330 -0.014643641 -4.988626003 -0.044913147 0.015361749 0.998872757 45.013694763
0.998740435 -0.015839567 0.047610343 3.113111019 0.016505260 0.999770999 -0.013621654 -5.120820045 -0.047383677 0.014390318 0.998773098 46.250579834
0.998529434 -0.016992364 0.051479701 3.208788395 0.017540501 0.999793947 -0.010214645 -5.277208805 -0.051295519 0.011102604 0.998621821 47.513603210
0.998250246 -0.019979740 0.055653665 3.316378832 0.020458952 0.999758303 -0.008054120 -5.418243885 -0.055479288 0.009178641 0.998417675 48.726165771
0.998010278 -0.022041274 0.059071995 3.454822540 0.022583367 0.999708533 -0.008524845 -5.559256554 -0.058866873 0.009841927 0.998217344 49.992607117
0.997726500 -0.025416093 0.062415849 3.593973637 0.026236262 0.999579489 -0.012356082 -5.694089890 -0.062075548 0.013965551 0.997973680 51.224487305
0.997451305 -0.026739154 0.066150859 3.730916023 0.027613061 0.999542475 -0.012331751 -5.832041264 -0.065790862 0.014126949 0.997733414 52.453941345
0.997095227 -0.029226180 0.070335604 3.861345053 0.029992148 0.999501467 -0.009858673 -5.972028732 -0.070012428 0.011939552 0.997474670 53.674289703
0.996816516 -0.031944759 0.073050395 4.017620564 0.032508381 0.999450088 -0.006539266 -6.107276440 -0.072801329 0.008893199 0.997306764 54.884826660
0.996567726 -0.034696307 0.075158499 4.169432640 0.035155188 0.999370456 -0.004790748 -6.238675594 -0.074944958 0.007416517 0.997160077 56.095352173
0.996365547 -0.037631296 0.076416530 4.314383984 0.037877683 0.999280810 -0.001776941 -6.364706516 -0.076294720 0.004664964 0.997074544 57.335063934
0.996212184 -0.040800247 0.076788969 4.469518185 0.040934667 0.999161780 -0.000176694 -6.493634701 -0.076717414 0.003319356 0.997047365 58.535171509
0.996153116 -0.042688750 0.076528803 4.612114429 0.043068368 0.999066532 -0.003316212 -6.622311592 -0.076315813 0.006599426 0.997061789 59.746814728
0.996170521 -0.044129398 0.075478077 4.765023708 0.044829302 0.998965740 -0.007603137 -6.751935482 -0.075064495 0.010957651 0.997118413 60.935642242
0.996175408 -0.045313712 0.074707799 4.895435810 0.046314441 0.998858154 -0.011716699 -6.880035400 -0.074091591 0.015131936 0.997136652 62.143196106
0.996230483 -0.046704188 0.073100165 5.039859772 0.047868546 0.998751879 -0.014257168 -7.011835575 -0.072343066 0.017702622 0.997222722 63.332569122
0.996338904 -0.047356158 0.071177281 5.175671577 0.048495814 0.998719990 -0.014368584 -7.147701740 -0.070405744 0.017767776 0.997360110 64.521560669
0.996579945 -0.046975687 0.067983374 5.315368652 0.048019644 0.998751044 -0.013803408 -7.282809734 -0.067250043 0.017020738 0.997590899 65.697860718
0.996810436 -0.045606915 0.065489016 5.428470612 0.046463475 0.998852372 -0.011615827 -7.427188396 -0.064884104 0.014621626 0.997785628 66.898742676
0.997203052 -0.041824948 0.061942697 5.547474384 0.042407051 0.999067426 -0.008112104 -7.556825638 -0.061545655 0.010716219 0.998046696 68.072586060
0.997411430 -0.040128276 0.059667282 5.654549599 0.040538576 0.999161899 -0.005681638 -7.681660652 -0.059389267 0.008085757 0.998202205 69.243293762
0.997707784 -0.039190646 0.055165026 5.791638851 0.039736602 0.999171138 -0.008834599 -7.827511311 -0.054773062 0.011006419 0.998438179 70.458572388
0.997882545 -0.039522521 0.051655788 5.901354790 0.040360693 0.999068320 -0.015284506 -7.959988117 -0.051003572 0.017337004 0.998547971 71.618713379
0.997940898 -0.042699758 0.047860917 6.013377666 0.043637529 0.998871863 -0.018722707 -8.094806671 -0.047007475 0.020772688 0.998678446 72.802818298
0.997970700 -0.045799691 0.044236802 6.115731239 0.046463411 0.998820543 -0.014093359 -8.228629112 -0.043539148 0.016120151 0.998921633 73.970275879
0.997959316 -0.050099786 0.039588321 6.225868225 0.050505258 0.998680413 -0.009308772 -8.356591225 -0.039069705 0.011289194 0.999172688 75.144882202
0.998018801 -0.052177731 0.035155315 6.322022438 0.052442752 0.998601735 -0.006658280 -8.477552414 -0.034758743 0.008488729 0.999359667 76.320159912
0.998239517 -0.050669797 0.030828228 6.413361549 0.050825968 0.998698235 -0.004303000 -8.607978821 -0.030570060 0.005862299 0.999515355 77.480697632
0.998346686 -0.050525773 0.027402714 6.500294685 0.050654370 0.998708129 -0.004018992 -8.730618477 -0.027164251 0.005400416 0.999616325 78.638214111
0.998534977 -0.048491314 0.024008827 6.580529213 0.048632674 0.998802364 -0.005339036 -8.864659309 -0.023721179 0.006498828 0.999697506 79.805076599
0.998647451 -0.047569856 0.020985726 6.644493103 0.047795255 0.998803258 -0.010372917 -8.997000694 -0.020467173 0.011361904 0.999725938 80.944030762
0.998552859 -0.050905224 0.017341143 6.724821568 0.051175136 0.998569429 -0.015493801 -9.126581192 -0.016527615 0.016358815 0.999729574 82.090881348
0.998405159 -0.054793470 0.013595491 6.797464371 0.055017952 0.998345256 -0.016725698 -9.257089615 -0.012656536 0.017447019 0.999767661 83.252044678
0.998446345 -0.054980665 0.009058164 6.871157169 0.055099055 0.998391271 -0.013384556 -9.390556335 -0.008307699 0.013862859 0.999869347 84.414985657
0.998428524 -0.055573653 0.007211520 6.913931370 0.055651993 0.998387814 -0.011160027 -9.513838768 -0.006579690 0.011543824 0.999911726 85.536026001
0.998555243 -0.053320210 0.006665203 6.963128090 0.053401455 0.998492718 -0.012671656 -9.640120506 -0.005979499 0.013009278 0.999897540 86.663009644
0.998751938 -0.049499303 0.006656702 7.013443947 0.049597368 0.998649359 -0.015475440 -9.771982193 -0.005881688 0.015786279 0.999858081 87.774017334
0.998828053 -0.048149835 0.004899201 7.076311588 0.048231479 0.998670459 -0.018194787 -9.909502983 -0.004016610 0.018409757 0.999822438 88.885253906
0.998755753 -0.049729761 0.003752810 7.130141258 0.049791742 0.998582959 -0.018783627 -10.041442871 -0.002813388 0.018947115 0.999816537 89.998260498
0.998729587 -0.050332047 0.002430748 7.186302185 0.050365843 0.998589873 -0.016778035 -10.170300484 -0.001582848 0.016879149 0.999856174 91.099143982
0.998674631 -0.051424984 0.002121727 7.234262466 0.051449075 0.998583853 -0.013539834 -10.302448273 -0.001422437 0.013631050 0.999906003 92.264076233
0.998721898 -0.050522916 0.001423559 7.287543297 0.050537042 0.998639822 -0.012825851 -10.428925514 -0.000773623 0.012881402 0.999916673 93.371330261
0.998679042 -0.051369570 0.001190998 7.334135056 0.051381711 0.998564482 -0.015128367 -10.560735703 -0.000412151 0.015169578 0.999884844 94.494277954
0.998664021 -0.051670812 0.000584095 7.397431850 0.051672712 0.998489916 -0.018650012 -10.695442200 0.000380448 0.018655282 0.999825895 95.600280762
0.998635769 -0.052212961 0.000603123 7.446548462 0.052214723 0.998442531 -0.019651081 -10.826071739 0.000423858 0.019655760 0.999806821 96.691375732
0.998610854 -0.052683052 0.000912063 7.496257782 0.052690893 0.998436868 -0.018638788 -10.955179214 0.000071311 0.018660951 0.999825895 97.783126831
0.998631895 -0.052276589 0.001288707 7.548340797 0.052289039 0.998545468 -0.013146280 -11.078306198 -0.000599590 0.013195678 0.999912739 98.868202209
0.998705864 -0.050813556 0.002139295 7.602973938 0.050832476 0.998657167 -0.009988517 -11.199281693 -0.001628870 0.010084337 0.999947846 99.935508728
0.998778343 -0.049246795 0.004079735 7.657053947 0.049285483 0.998734713 -0.009995316 -11.314033508 -0.003582336 0.010184175 0.999941707 100.985626221
0.998854816 -0.047477726 0.005928440 7.711189747 0.047543723 0.998802543 -0.011536486 -11.442714691 -0.005373616 0.011805133 0.999915898 102.033981323
0.998834610 -0.047533356 0.008360387 7.764285088 0.047648817 0.998763204 -0.014201258 -11.558715820 -0.007675013 0.014583071 0.999864221 103.048004150
0.998736262 -0.049283035 0.009844088 7.833640099 0.049424432 0.998669982 -0.014677517 -11.679043770 -0.009107644 0.015145510 0.999843776 104.059623718
0.998635828 -0.050944548 0.011451260 7.898762703 0.051101264 0.998597622 -0.013837600 -11.803136826 -0.010730252 0.014403898 0.999838650 105.061775208
0.998622656 -0.050872415 0.012838923 7.961686134 0.051031478 0.998620272 -0.012381234 -11.917764664 -0.012191348 0.013019370 0.999840915 106.021728516
0.998543620 -0.052032910 0.014264771 8.020953178 0.052193008 0.998575449 -0.011090552 -12.025979996 -0.013667379 0.011818918 0.999836683 106.975975037
0.998486519 -0.052632552 0.015954733 8.078936577 0.052817661 0.998538971 -0.011411814 -12.132826805 -0.015330790 0.012237235 0.999807596 107.891983032
0.998465061 -0.052525483 0.017566854 8.142251015 0.052701879 0.998562813 -0.009733927 -12.234198570 -0.017030325 0.010644794 0.999798298 108.797554016
0.998483896 -0.051479366 0.019491004 8.197045326 0.051640462 0.998634815 -0.007853536 -12.331267357 -0.019060098 0.008848153 0.999779165 109.667602539
0.998443365 -0.051857010 0.020536676 8.259454727 0.051958621 0.998639345 -0.004445430 -12.435728073 -0.020278202 0.005505568 0.999779224 110.526611328
0.998406172 -0.051802754 0.022397568 8.314854622 0.051913492 0.998641968 -0.004390689 -12.527769089 -0.022139698 0.005546426 0.999739528 111.350875854
0.998431444 -0.050885398 0.023351857 8.366483688 0.050979916 0.998693585 -0.003470075 -12.619365692 -0.023144780 0.004655108 0.999721289 112.162368774
0.998527825 -0.048633665 0.024017481 8.416483879 0.048721299 0.998807669 -0.003076921 -12.700916290 -0.023839202 0.004242554 0.999706745 112.942466736
0.998661041 -0.046193574 0.023285285 8.462398529 0.046208292 0.998931766 -0.000094437 -12.779923439 -0.023256052 0.001170284 0.999728858 113.702117920
0.998741686 -0.045913380 0.020175315 8.506063461 0.045903102 0.998945355 0.000972303 -12.863814354 -0.020198680 -0.000044969 0.999795973 114.443588257
0.998843312 -0.046009202 0.013969547 8.539072990 0.046000373 0.998940945 0.000952515 -12.937130928 -0.013998576 -0.000308809 0.999901950 115.142448425
0.999010861 -0.044328123 0.003499653 8.563232422 0.044328317 0.999016941 0.000021110 -13.014739037 -0.003497146 0.000134045 0.999993801 115.807594299
0.999092400 -0.041432034 -0.009889454 8.558551788 0.041405495 0.999138236 -0.002874015 -13.084349632 0.010000005 0.002461929 0.999946952 116.452598572
0.998761475 -0.040121865 -0.029426843 8.568422318 0.039983738 0.999186456 -0.005267709 -13.154202461 0.029614260 0.004084589 0.999553084 117.074493408
0.997926354 -0.038331416 -0.051706173 8.532595634 0.037982859 0.999248683 -0.007707444 -13.223496437 0.051962756 0.005727514 0.998632550 117.662597656
0.996172726 -0.036896721 -0.079237401 8.489051819 0.036272366 0.999298632 -0.009304969 -13.293348312 0.079525150 0.006395226 0.996812403 118.229850769
0.993126869 -0.034910034 -0.111714765 8.419956207 0.033824421 0.999360502 -0.011598809 -13.357896805 0.112048231 0.007740400 0.993672669 118.779106140
0.988709211 -0.030231690 -0.146765992 8.309597015 0.028668964 0.999507725 -0.012751849 -13.425829887 0.147079259 0.008400241 0.989089012 119.320388794
0.982339978 -0.024459234 -0.185498700 8.201013565 0.022565568 0.999669552 -0.012313230 -13.486433983 0.185738564 0.007909897 0.982567370 119.829322815
0.973706841 -0.019009978 -0.227009892 8.058822632 0.017087333 0.999799550 -0.010431773 -13.543680191 0.227162719 0.006278493 0.973836601 120.331527710
0.962303460 -0.014400096 -0.271596521 7.882701874 0.012428962 0.999882460 -0.008976446 -13.601734161 0.271693885 0.005262400 0.962369323 120.825668335
0.947959363 -0.008468143 -0.318278670 7.694042206 0.005855631 0.999940872 -0.009164110 -13.661933899 0.318337500 0.006823480 0.947952986 121.288536072
0.930541277 -0.000359763 -0.366186798 7.456211090 -0.003729556 0.999938369 -0.010459817 -13.713936806 0.366168022 0.011099002 0.930482566 121.766471863
0.909329355 0.004056499 -0.416057110 7.202289581 -0.009583320 0.999891400 -0.011196389 -13.769267082 0.415966541 0.014168413 0.909269571 122.194335938
0.884222627 0.008393892 -0.466990143 6.931739807 -0.014829013 0.999839008 -0.010106443 -13.821885109 0.466830164 0.015861351 0.884204805 122.605255127
0.855160415 0.011761607 -0.518229842 6.648784637 -0.019974371 0.999747753 -0.010270835 -13.862883568 0.517978311 0.019134529 0.855179727 123.004760742
0.823621690 0.021204898 -0.566743016 6.317527771 -0.030378729 0.999515712 -0.006750769 -13.915896416 0.566325426 0.022777012 0.823866904 123.371246338
0.789457500 0.034229904 -0.612850070 5.971473694 -0.043501236 0.999053359 -0.000236397 -13.958343506 0.612261832 0.026846360 0.790199161 123.723617554
0.753516912 0.042938415 -0.656024814 5.613903046 -0.054900512 0.998489261 0.002294243 -13.999223709 0.655132234 0.034287345 0.754735827 124.037139893
0.713864982 0.046750933 -0.698721111 5.240791321 -0.062138204 0.998062134 0.003294659 -14.045247078 0.697521091 0.041065339 0.715386510 124.332778931
0.670987904 0.048542198 -0.739877701 4.866600037 -0.064793013 0.997876227 0.006708921 -14.096087456 0.738632023 0.043437306 0.672707975 124.618789673
0.627308369 0.051858086 -0.777042270 4.455398560 -0.068004385 0.997616649 0.011678599 -14.131159782 0.775796115 0.045516212 0.629339874 124.885581970
0.582266986 0.060553972 -0.810739458 4.029674530 -0.079502761 0.996683717 0.017343845 -14.163747787 0.809100986 0.054357275 0.585150123 125.114929199
0.536629915 0.069372468 -0.840961158 3.583545685 -0.091156587 0.995548368 0.023956280 -14.188611984 0.838879466 0.063803494 0.540564835 125.325706482
0.489575982 0.074384011 -0.868782163 3.135936737 -0.096747048 0.994836688 0.030657768 -14.217181206 0.866576791 0.069042787 0.494244516 125.523605347
0.442228764 0.075242862 -0.893740535 2.662307739 -0.096245162 0.994702101 0.036119923 -14.238062859 0.891723394 0.070044935 0.447127670 125.709144592
0.395191818 0.076977029 -0.915367663 2.189636230 -0.094112217 0.994632065 0.043011606 -14.260318756 0.913764954 0.069149449 0.400314867 125.875915527
0.349225134 0.079926625 -0.933623910 1.697292328 -0.095625877 0.994193673 0.049342763 -14.284849167 0.932146788 0.072046869 0.354840398 126.022834778
0.305034101 0.083096594 -0.948709249 1.190505981 -0.101002768 0.993390381 0.054535214 -14.306770325 0.946970224 0.079187162 0.311410964 126.143310547
0.263693333 0.084762700 -0.960875154 0.669261932 -0.106062092 0.992639661 0.058458108 -14.323305130 0.958757877 0.086497433 0.270742565 126.244796753
0.224668935 0.081398204 -0.971029460 0.144336700 -0.106536724 0.992583156 0.058555372 -14.341365814 0.968593776 0.090294726 0.231674433 126.338493347
0.190122738 0.076392211 -0.978783727 -0.393470764 -0.101556987 0.993149996 0.057786651 -14.361267090 0.976493418 0.088415757 0.196578547 126.424888611
0.160033226 0.071553439 -0.984514773 -0.948110580 -0.099052221 0.993499279 0.056105450 -14.383633614 0.982129335 0.088539645 0.166080356 126.497009277
0.132500827 0.069733612 -0.988726854 -1.507619858 -0.099420600 0.993426323 0.056741547 -14.405535698 0.986184120 0.090781510 0.138562769 126.579437256
0.110356204 0.068879314 -0.991502523 -2.089908600 -0.100652955 0.993241370 0.057797246 -14.421935081 0.988782406 0.093419366 0.116543256 126.642814636
0.092045963 0.070123516 -0.993282557 -2.696083069 -0.102850653 0.992851436 0.060562078 -14.435181618 0.990428865 0.096585266 0.098600209 126.690383911
0.075649202 0.068628937 -0.994769990 -3.298918724 -0.103804432 0.992750108 0.060595587 -14.462359428 0.991716623 0.098677509 0.082224771 126.743759155
0.062260807 0.067576326 -0.995769620 -3.921133995 -0.103309587 0.992782235 0.060914125 -14.489727974 0.992698669 0.099079974 0.068792701 126.783981323
0.049679462 0.064979382 -0.996649206 -4.558823586 -0.097865671 0.993395925 0.059889030 -14.512988091 0.993958890 0.094562478 0.055710629 126.838676453
0.037514351 0.062320836 -0.997350812 -5.205828190 -0.095581748 0.993701279 0.058497574 -14.532218933 0.994714439 0.093134053 0.043234780 126.880432129
0.026699822 0.062042560 -0.997716367 -5.864926338 -0.095016159 0.993710935 0.059250761 -14.554731369 0.995117664 0.093217172 0.032426942 126.914344788
0.017845038 0.063418902 -0.997827351 -6.536207676 -0.098633356 0.993230104 0.061362762 -14.578112602 0.994963765 0.097324051 0.023979444 126.921524048
0.009621756 0.062625453 -0.997990727 -7.238560200 -0.101781234 0.992914796 0.061325643 -14.601531029 0.994760275 0.100986667 0.015927680 126.936210632
0.003304140 0.062074870 -0.998066068 -7.925743103 -0.104370162 0.992642045 0.061391987 -14.624410629 0.994533062 0.103965476 0.009758590 126.951644897
-0.002046925 0.063557625 -0.997976184 -8.620650291 -0.105060503 0.992441475 0.063420638 -14.648435593 0.994463742 0.104977682 0.004645945 126.965888977
-0.005624219 0.065605506 -0.997829795 -9.347145081 -0.106786460 0.992100298 0.065830685 -14.667053223 0.994266093 0.106924944 0.001425989 126.987266541
-0.006568448 0.069214851 -0.997580111 -10.063356400 -0.109146126 0.991591871 0.069518022 -14.689487457 0.994004011 0.109338634 0.001041312 127.000518799
-0.007493084 0.072513938 -0.997339249 -10.799362183 -0.111910403 0.991041005 0.072896793 -14.705390930 0.993690014 0.112158865 0.000689111 127.009666443
-0.008868111 0.078275494 -0.996892333 -11.532670975 -0.116983637 0.990004659 0.078775339 -14.719648361 0.993094265 0.117318690 0.000377481 127.020484924
-0.010147741 0.081821218 -0.996595263 -12.270389557 -0.119812630 0.989367187 0.082447760 -14.734142303 0.992744803 0.120241374 -0.000236625 127.036735535
-0.011569140 0.082456015 -0.996527553 -13.015521049 -0.119264618 0.989366293 0.083248056 -14.752344131 0.992795110 0.119813569 -0.001612033 127.051925659
-0.012653982 0.079189941 -0.996779203 -13.790030479 -0.117506884 0.989833951 0.080129929 -14.772910118 0.992991447 0.118142389 -0.003219978 127.066413879
-0.014463166 0.075836405 -0.997015357 -14.541360855 -0.121188410 0.989636004 0.077033103 -14.780311584 0.992524147 0.121940851 -0.005122777 127.079353333
-0.015494669 0.077302173 -0.996887267 -15.315340996 -0.125846669 0.988927841 0.078641012 -14.790131569 0.991928756 0.126673445 -0.005594886 127.076957703
-0.016949927 0.080518097 -0.996609032 -16.087539673 -0.123315036 0.988974035 0.081998527 -14.806077957 0.992222726 0.124286748 -0.006833952 127.091354370
-0.019212119 0.080756776 -0.996548653 -16.859394073 -0.122025944 0.989091754 0.082504995 -14.824677467 0.992340863 0.123189881 -0.009148126 127.108039856
-0.020159120 0.080152936 -0.996578753 -17.649505615 -0.125384852 0.988708973 0.082056314 -14.836739540 0.991903365 0.126610041 -0.009881536 127.106231689
-0.021041043 0.079648681 -0.996600866 -18.446624756 -0.129436269 0.988215268 0.081711270 -14.851284027 0.991364598 0.130715564 -0.010483651 127.115447998
-0.022270560 0.083712280 -0.996241152 -19.243207932 -0.131268784 0.987616301 0.085922025 -14.857423782 0.991096497 0.132688895 -0.011005960 127.122985840
-0.023098633 0.088531815 -0.995805442 -20.046268463 -0.130498707 0.987281799 0.090801060 -14.872690201 0.991179347 0.132048681 -0.011251572 127.138107300
-0.022129988 0.090856545 -0.995618045 -20.864337921 -0.131754145 0.986911058 0.092990540 -14.879251480 0.991035342 0.133234680 -0.009869599 127.147209167
-0.020156251 0.089922465 -0.995744765 -21.683132172 -0.131103575 0.987109482 0.091796488 -14.890022278 0.991163731 0.132395968 -0.008107271 127.156028748
-0.018834103 0.089587204 -0.995800853 -22.513462067 -0.131192505 0.987144709 0.091289759 -14.892656326 0.991177976 0.132360980 -0.006838814 127.163978577
-0.018810235 0.088910989 -0.995861888 -23.336387634 -0.129551440 0.987424552 0.090604708 -14.902446747 0.991394281 0.130719647 -0.007055142 127.186813354
-0.018026520 0.090849750 -0.995701492 -24.173543930 -0.130550727 0.987123668 0.092430636 -14.910516739 0.991277695 0.131655738 -0.005933899 127.204513550
-0.017701080 0.092721939 -0.995534718 -25.013162613 -0.132000223 0.986758649 0.094251588 -14.911669731 0.991091728 0.133079186 -0.005227375 127.222251892
-0.017337229 0.095340230 -0.995293736 -25.886375427 -0.135102078 0.986090720 0.096812032 -14.915683746 0.990679920 0.136144727 -0.004215417 127.229278564
-0.015732035 0.096504070 -0.995208204 -26.749498367 -0.137184083 0.985710561 0.097751640 -14.914828300 0.990420640 0.138064578 -0.002268412 127.240554810
-0.014157979 0.099838287 -0.994902909 -27.617877960 -0.144044027 0.984420359 0.100836173 -14.918428421 0.989470005 0.144737482 0.000443708 127.255325317
-0.011711447 0.103340872 -0.994577050 -28.499752045 -0.148616448 0.983418345 0.103931427 -14.913217545 0.988825560 0.149027720 0.003840904 127.268005371
-0.009652725 0.105123617 -0.994412243 -29.374200821 -0.151087597 0.982888222 0.105371952 -14.909269333 0.988473237 0.151260510 0.006395326 127.297744751
-0.005810478 0.106125861 -0.994335651 -30.272550583 -0.150004163 0.983008921 0.105793513 -14.913207054 0.988668263 0.149769202 0.010207565 127.317649841
-0.003116271 0.105969571 -0.994364440 -31.165081024 -0.152534500 0.982682884 0.105202697 -14.908500671 0.988293171 0.152002722 0.013101708 127.345275879
-0.000760579 0.109996960 -0.993931592 -32.064975739 -0.153278321 0.982173860 0.108813040 -14.904014587 0.988182724 0.152430922 0.016113129 127.376213074
0.001616265 0.111893363 -0.993718863 -32.977333069 -0.152278990 0.982158422 0.110343978 -14.897817612 0.988336205 0.151144147 0.018626433 127.412353516
0.003492374 0.113104545 -0.993576944 -33.869926453 -0.152907565 0.981959283 0.111244582 -14.895410538 0.988234282 0.151536927 0.020723911 127.451072693
0.005941757 0.111307532 -0.993768215 -34.772716522 -0.154038355 0.982026219 0.109071366 -14.890317917 0.988047004 0.152430356 0.022980591 127.482406616
0.006106994 0.112608477 -0.993620634 -35.683506012 -0.158533752 0.981181741 0.110224374 -14.883045197 0.987334669 0.156849265 0.023844315 127.522422791
0.007271249 0.113450713 -0.993517041 -36.578117371 -0.159513012 0.980952680 0.110848561 -14.880805969 0.987169027 0.157672852 0.025229618 127.556800842
0.007477920 0.109756827 -0.993930340 -37.472198486 -0.159777522 0.981319249 0.107162125 -14.878582001 0.987124622 0.158006355 0.024874900 127.591949463
0.008076796 0.105739303 -0.994361103 -38.378715515 -0.160809815 0.981588423 0.103074864 -14.882045746 0.986952364 0.159070507 0.024932006 127.639106750
0.008611477 0.104870774 -0.994448602 -39.276981354 -0.160453111 0.981744349 0.102141596 -14.876799583 0.987005949 0.158682778 0.025281116 127.678039551
0.008465244 0.108937480 -0.994012594 -40.180557251 -0.162527665 0.980980277 0.106125101 -14.874300957 0.986667693 0.160656154 0.026009591 127.717964172
0.009027968 0.115212277 -0.993299842 -41.107372284 -0.163608819 0.980124593 0.112197049 -14.863619804 0.986483991 0.161499724 0.027698275 127.750984192
0.009167378 0.113933682 -0.993445992 -42.001365662 -0.161442727 0.980622947 0.110973254 -14.865507126 0.986839652 0.159367293 0.027383497 127.794876099
0.010060260 0.103455529 -0.994583249 -42.891696930 -0.160804912 0.981855690 0.100505061 -14.871795654 0.986935019 0.158922747 0.026513878 127.837661743
0.010328035 0.093168966 -0.995596707 -43.817657471 -0.162361354 0.982593775 0.090267852 -14.880672455 0.986677289 0.160714135 0.025275294 127.874671936
0.009334984 0.090128817 -0.995886326 -44.718441010 -0.159222782 0.983357251 0.087502427 -14.890433311 0.987198532 0.157750949 0.023530185 127.918792725
0.009137318 0.100536145 -0.994891465 -45.642669678 -0.152023658 0.983507514 0.097989537 -14.896802902 0.988334596 0.150351688 0.024270490 127.966217041
0.009129027 0.113492943 -0.993496776 -46.583061218 -0.146997899 0.982896686 0.110931285 -14.894701004 0.989094675 0.145029247 0.025656110 128.024368286
0.009453690 0.122383349 -0.992437840 -47.504413605 -0.147303373 0.981825113 0.119671471 -14.886603355 0.989046216 0.145058110 0.027309353 128.068374634
0.009138748 0.116779819 -0.993115783 -48.421325684 -0.147320181 0.982477188 0.114173166 -14.885152817 0.989046693 0.145262584 0.026182637 128.108413696
0.009206197 0.103404596 -0.994596720 -49.335517883 -0.147475719 0.983902693 0.100927711 -14.887170792 0.989022851 0.145749673 0.024307670 128.148956299
0.009768902 0.094542399 -0.995472908 -50.249500275 -0.148105666 0.984677076 0.092063680 -14.887901306 0.988923371 0.146535769 0.023621477 128.189697266
0.010242335 0.094662949 -0.995456815 -51.172958374 -0.147422910 0.984773278 0.092130177 -14.899609566 0.989020586 0.145809487 0.024041869 128.234313965
0.009633293 0.095981300 -0.995336533 -52.125740051 -0.150037348 0.984252989 0.093460366 -14.914405823 0.988633394 0.148437321 0.023882372 128.275802612
0.010065006 0.095474735 -0.995380998 -53.053283691 -0.154554680 0.983617842 0.092783630 -14.918094635 0.987933040 0.152906895 0.024656184 128.309280396
0.010718821 0.094937980 -0.995425522 -53.992301941 -0.156404763 0.983389020 0.092105843 -14.922483444 0.987634838 0.154702008 0.025389522 128.347259521
0.011457450 0.102619380 -0.994654655 -54.958328247 -0.165334940 0.981222689 0.099329092 -14.927215576 0.986170948 0.163313136 0.028208882 128.385620117
0.012863593 0.112026930 -0.993621886 -55.898643494 -0.170663431 0.979369462 0.108210571 -14.921185493 0.985245407 0.168182984 0.031717110 128.422973633
0.014549616 0.120348215 -0.992625058 -56.852146149 -0.171246603 0.978362560 0.116108894 -14.915557861 0.985120714 0.168294340 0.034844022 128.459747314
0.015476994 0.120812938 -0.992554665 -57.810775757 -0.172963977 0.978031933 0.116348222 -14.908048630 0.984806597 0.169875488 0.036033288 128.508712769
0.016752051 0.111583821 -0.993613839 -58.744655609 -0.174713150 0.978790998 0.106973588 -14.911808014 0.984476864 0.171805352 0.035891920 128.551330566
0.018082431 0.106570929 -0.994140625 -59.682785034 -0.173095047 0.979623139 0.101866230 -14.906701088 0.984739125 0.170238853 0.036160864 128.603881836
0.019842049 0.105029210 -0.994271219 -60.652580261 -0.171480834 0.980087996 0.100108832 -14.907966614 0.984987557 0.168512121 0.037457455 128.659317017
0.022807069 0.110880286 -0.993572056 -61.608013153 -0.173007131 0.979273975 0.105313353 -14.909816742 0.984656453 0.169493169 0.041517451 128.719848633
0.026782295 0.113111131 -0.993221462 -62.590694427 -0.176001236 0.978590369 0.106699027 -14.909317017 0.984025538 0.171950519 0.046116587 128.769104004
0.030714611 0.107970335 -0.993679583 -63.546382904 -0.175025478 0.979369104 0.101005375 -14.910015106 0.984084666 0.170816883 0.048978511 128.827911377
0.034334891 0.102449544 -0.994145513 -64.505409241 -0.175096318 0.979963005 0.094940677 -14.917060852 0.983952463 0.170811430 0.051585466 128.887908936
0.037720289 0.102292672 -0.994038939 -65.461906433 -0.172641113 0.980456114 0.094343796 -14.919454575 0.984262288 0.168053284 0.054643013 128.959136963
0.039539702 0.106496014 -0.993526638 -66.417587280 -0.170069829 0.980513573 0.098332822 -14.935181618 0.984638393 0.165080830 0.056880981 129.048675537
0.043128271 0.113157012 -0.992640615 -67.376037598 -0.169460759 0.979996622 0.104352914 -14.936061859 0.984592855 0.163713053 0.061441246 129.124496460
0.045337629 0.116850458 -0.992114186 -68.340415955 -0.167282522 0.980000138 0.107779190 -14.938930511 0.984866023 0.161076903 0.063977920 129.211196899
0.047834009 0.118648060 -0.991783559 -69.324317932 -0.166854903 0.979917765 0.109181091 -14.940206528 0.984820485 0.160261363 0.066670403 129.284881592
0.050034478 0.116062813 -0.991980970 -70.266883850 -0.166036576 0.980370283 0.106329665 -14.942224503 0.984849453 0.159384996 0.068322994 129.354934692
0.050575938 0.114805907 -0.992099643 -71.213111877 -0.163993686 0.980841935 0.105142981 -14.948250771 0.985164046 0.157380402 0.068434440 129.442687988
0.051109709 0.111322999 -0.992469132 -72.157302856 -0.160965309 0.981693327 0.101824977 -14.958286285 0.985635757 0.154548839 0.068093196 129.530838013
0.050991580 0.110555544 -0.992560983 -73.152847290 -0.159466937 0.982003808 0.101187222 -14.948332787 0.985885441 0.153120965 0.067703895 129.609573364
0.050957885 0.115213312 -0.992032766 -74.106933594 -0.156273395 0.982007146 0.106021620 -14.950345993 0.986398458 0.149625704 0.068045788 129.691741943
0.050421160 0.117016628 -0.991849184 -75.067169189 -0.150204182 0.982705116 0.108302124 -14.956855774 0.987368405 0.143519178 0.067125537 129.786682129
0.049471330 0.112781309 -0.992387474 -76.024452209 -0.147360548 0.983554363 0.104431383 -14.949332237 0.987844825 0.141072422 0.065277241 129.870300293
0.048199452 0.108798854 -0.992894530 -76.986091614 -0.149629205 0.983619332 0.100518830 -14.949419022 0.987566650 0.143721089 0.063689396 129.940429688
0.046867501 0.106253706 -0.993233919 -77.934944153 -0.146136448 0.984357655 0.098408423 -14.955205917 0.988153577 0.140535533 0.061661933 130.022598267
0.045651931 0.106847495 -0.993226826 -78.898941040 -0.146279797 0.984261036 0.099159479 -14.956166267 0.988189280 0.140762225 0.060563054 130.090835571
0.044969697 0.107792526 -0.993155837 -79.854072571 -0.147413224 0.983994365 0.100123324 -14.957701683 0.988052130 0.141901791 0.060139969 130.161697388
0.043468017 0.108120181 -0.993187010 -80.808616638 -0.149026304 0.983706057 0.100565746 -14.962113380 0.987877309 0.143639594 0.058872506 130.234466553
0.042473905 0.109126516 -0.993119955 -81.758743286 -0.148731470 0.983631849 0.101722956 -14.966102600 0.987965047 0.143387631 0.058009218 130.298202515
0.040194705 0.109676309 -0.993154287 -82.728736877 -0.148836076 0.983525991 0.102589354 -14.970372200 0.988044620 0.143693641 0.055856328 130.368545532
0.038697544 0.111991674 -0.992955327 -83.680847168 -0.149365604 0.983183861 0.105068490 -14.964835167 0.988024473 0.144247487 0.054774512 130.439941406
0.037205946 0.115701243 -0.992587030 -84.634757996 -0.150672242 0.982568979 0.108885713 -14.958069801 0.987883329 0.145504102 0.053990375 130.498428345
0.034995582 0.120754965 -0.992065310 -85.583450317 -0.151958436 0.981774032 0.114141911 -14.950553894 0.987767160 0.146758214 0.052707501 130.563507080
0.032771841 0.120568499 -0.992163897 -86.534225464 -0.151784718 0.981783271 0.114293471 -14.947527885 0.987870276 0.146849692 0.050475296 130.623931885
0.031939682 0.115531735 -0.992790103 -87.479347229 -0.151984081 0.982307315 0.109422237 -14.944542885 0.987866759 0.147393391 0.048933566 130.682464600
0.029340466 0.110586181 -0.993433356 -88.425827026 -0.156009436 0.982187986 0.104726724 -14.934120178 0.987319648 0.151912257 0.046070337 130.742599487
0.028096257 0.108609729 -0.993687332 -89.369117737 -0.153905973 0.982696414 0.103056751 -14.933381081 0.987686038 0.150038928 0.044325769 130.807037354
0.027795151 0.109786838 -0.993566394 -90.335655212 -0.149350032 0.983250022 0.104468830 -14.935874939 0.988393664 0.145485416 0.043726251 130.857971191
0.027013000 0.111165389 -0.993434787 -91.284324646 -0.146267429 0.983540833 0.106081039 -14.935223579 0.988876283 0.142441586 0.042828269 130.920227051
0.025934834 0.110951640 -0.993487358 -92.238250732 -0.140910476 0.984304607 0.106247686 -14.937789917 0.989682496 0.137237266 0.041162036 130.986083984
0.024582366 0.108124673 -0.993833423 -93.180053711 -0.136874452 0.985135794 0.103792831 -14.941660881 0.990283310 0.133478940 0.039016470 131.049942017
0.023928093 0.105164960 -0.994166791 -94.127212524 -0.131747097 0.986110032 0.101141728 -14.947508812 0.990994513 0.128558472 0.037450917 131.110717773
0.022076907 0.107740670 -0.993933856 -95.109214783 -0.130324185 0.986003280 0.103986278 -14.954759598 0.991225719 0.127237946 0.035809111 131.166778564
0.020701982 0.109924100 -0.993724346 -96.058158875 -0.129720122 0.985830963 0.106348529 -14.952201843 0.991334498 0.126704454 0.034668025 131.223510742
0.019307893 0.107798085 -0.993985236 -97.017395020 -0.125535682 0.986564279 0.104554780 -14.949745178 0.991901219 0.122761935 0.032580979 131.273284912
0.017522519 0.104704283 -0.994349003 -97.970909119 -0.122579806 0.987224460 0.101793975 -14.948258400 0.992303967 0.120103434 0.030133290 131.321136475
0.013176664 0.102634117 -0.994631827 -98.938362122 -0.121377349 0.987526596 0.100292958 -14.954544067 0.992518961 0.119404264 0.025469763 131.379592896
0.010626947 0.101952568 -0.994732440 -99.892112732 -0.115904637 0.988209009 0.100045703 -14.966002464 0.993203461 0.114230923 0.022318417 131.425674438
0.008373937 0.102052033 -0.994743884 -100.851249695 -0.109143376 0.988928795 0.100536667 -14.961353302 0.993990719 0.107727796 0.019419532 131.467407227
0.005759990 0.110607669 -0.993847430 -101.818473816 -0.099932261 0.988952398 0.109483711 -14.972343445 0.994977534 0.098686807 0.016749632 131.528137207
0.003161297 0.118969008 -0.992892981 -102.776321411 -0.091913901 0.988729358 0.118177496 -14.968934059 0.995761991 0.090887062 0.014060572 131.581039429
0.000124271 0.118859462 -0.992911041 -103.731178284 -0.087598085 0.989095449 0.118391760 -14.964613914 0.996155977 0.086962394 0.010534778 131.626663208
-0.002600117 0.108906761 -0.994048595 -104.681152344 -0.089132525 0.990070105 0.108704023 -14.968304634 0.996016324 0.088884704 0.007132837 131.657608032
-0.004832910 0.099494740 -0.995026410 -105.628051758 -0.090927124 0.990872264 0.099521004 -14.965540886 0.995845795 0.090955868 0.004257974 131.694290161
-0.005010274 0.100857235 -0.994888306 -106.591522217 -0.098149918 0.990047336 0.100860760 -14.963680267 0.995159030 0.098153546 0.004938720 131.707916260
-0.005773662 0.110302471 -0.993881285 -107.552581787 -0.101615719 0.988688231 0.110316455 -14.952733040 0.994806945 0.101630896 0.005500112 131.741516113
-0.007291579 0.121558882 -0.992557466 -108.515579224 -0.105613828 0.986938596 0.121646598 -14.939233780 0.994380414 0.105714791 0.005641958 131.768981934
-0.008599304 0.122902438 -0.992381394 -109.462661743 -0.112476021 0.986001313 0.123086922 -14.924160004 0.993617177 0.112677589 0.005344653 131.796401978
-0.008426438 0.119756676 -0.992767513 -110.447380066 -0.119736515 0.985538900 0.119901001 -14.903746605 0.992769897 0.119880863 0.006034667 131.813186646
-0.008758697 0.115539484 -0.993264318 -111.401176453 -0.127731338 0.985036135 0.115708716 -14.888647079 0.991770208 0.127884418 0.006130381 131.836730957
-0.006261468 0.117587887 -0.993042827 -112.369850159 -0.132380903 0.984224379 0.117378406 -14.868793488 0.991179168 0.132194847 0.009403704 131.855575562
-0.004832151 0.118994989 -0.992882967 -113.353759766 -0.140491799 0.982966006 0.118490174 -14.852619171 0.990070045 0.140064493 0.011967976 131.877609253
-0.004177038 0.121730469 -0.992554367 -114.318367004 -0.149788439 0.981288671 0.120979175 -14.835013390 0.988709152 0.149178535 0.014134940 131.895385742
-0.003880632 0.123981722 -0.992276847 -115.294006348 -0.155431494 0.980149865 0.123074345 -14.813423157 0.987839043 0.154708698 0.015467063 131.918975830
-0.003575062 0.123352244 -0.992356658 -116.268066406 -0.159071937 0.979656756 0.122346729 -14.801968575 0.987260520 0.158293471 0.016119549 131.953887939
-0.002298924 0.113823250 -0.993498385 -117.221664429 -0.158014640 0.980978012 0.112754472 -14.803857803 0.987434030 0.157246470 0.015730549 131.987823486
-0.000503625 0.102090046 -0.994775057 -118.177474976 -0.161011815 0.981787503 0.100838706 -14.792523384 0.986952305 0.160221338 0.015943253 132.019546509
