1.000000000 0.000000000 0.000000000 0.000000000 0.000000000 1.000000000 0.000000000 0.000000000 0.000000000 0.000000000 1.000000000 0.000000000
0.999997795 -0.001601904 -0.001347418 0.048968848 0.001599043 0.999996483 -0.002121644 -0.133044913 0.001350812 0.002119484 0.999996841 1.297984362
0.999997616 -0.000063867 -0.002187159 0.106702864 0.000050008 0.999979854 -0.006336050 -0.267323881 0.002187520 0.006335923 0.999977529 2.605551958
0.999996126 0.002450617 -0.001317038 0.150048733 -0.002460984 0.999965668 -0.007928818 -0.405480415 0.001297562 0.007932029 0.999967694 3.909110308
0.999983788 0.005686305 0.000142479 0.196437329 -0.005685227 0.999961615 -0.006665847 -0.543741941 -0.000180378 0.006664929 0.999977767 5.222615242
0.999975443 0.006559005 0.002471679 0.242414027 -0.006551019 0.999973357 -0.003224916 -0.690668702 -0.002492765 0.003208645 0.999991775 6.544345379
0.999960601 0.006729807 0.005787750 0.299412191 -0.006718596 0.999975562 -0.001954366 -0.828817844 -0.005800760 0.001915403 0.999981403 7.847668648
0.999942362 0.005311722 0.009328582 0.353579402 -0.005295205 0.999984384 -0.001794477 -0.962226629 -0.009337969 0.001744977 0.999954820 9.156810760
0.999911249 0.003991775 0.012707215 0.431782067 -0.003971604 0.999990821 -0.001612207 -1.099411130 -0.012713534 0.001561596 0.999917984 10.456991196
0.999868333 0.002643165 0.016005281 0.496987641 -0.002605538 0.999993801 -0.002371296 -1.237807393 -0.016011447 0.002329281 0.999869108 11.767618179
0.999811888 0.001478528 0.019337123 0.574128866 -0.001416112 0.999993861 -0.003241068 -1.372694969 -0.019341795 0.003213075 0.999807715 13.060463905
0.999741077 0.001683639 0.022691488 0.643917561 -0.001614639 0.999994040 -0.003058768 -1.524249792 -0.022696503 0.003021337 0.999737859 14.390028954
0.999657154 0.001585367 0.026138155 0.727625847 -0.001477289 0.999990225 -0.004153645 -1.662015319 -0.026144490 0.004113606 0.999649704 15.684313774
0.999570668 0.002475790 0.029194992 0.811961293 -0.002354338 0.999988377 -0.004193672 -1.797343969 -0.029205041 0.004123137 0.999564946 16.992141724
0.999471664 0.001931393 0.032443691 0.902034640 -0.001811093 0.999991417 -0.003736952 -1.936815381 -0.032450631 0.003676219 0.999466598 18.277645111
0.999401748 0.000356390 0.034582753 0.999537110 -0.000233641 0.999993682 -0.003553407 -2.079942465 -0.034583811 0.003543202 0.999395490 19.582798004
0.999342918 -0.002053603 0.036187585 1.097574830 0.002230118 0.999985814 -0.004838075 -2.220168114 -0.036177136 0.004915598 0.999333382 20.857532501
0.999300659 -0.001823954 0.037347429 1.194554925 0.002070853 0.999976277 -0.006573237 -2.362667322 -0.037334546 0.006645981 0.999280751 22.165758133
0.999253869 -0.001678351 0.038586635 1.278836250 0.002038475 0.999954820 -0.009295432 -2.504875183 -0.038569286 0.009367152 0.999212027 23.451917648
0.999212027 -0.001378381 0.039666891 1.377775431 0.001803681 0.999941230 -0.010688000 -2.648916960 -0.039649826 0.010751124 0.999155939 24.734436035
0.999165177 -0.000802405 0.040845558 1.478271723 0.001264632 0.999935389 -0.011291888 -2.795258284 -0.040833864 0.011334114 0.999101698 26.003234863
0.999152660 -0.002529678 0.041080102 1.580655694 0.002945123 0.999945045 -0.010055682 -2.944541216 -0.041052397 0.010168145 0.999105215 27.285598755
0.999148607 -0.005564418 0.040878907 1.686611414 0.005930547 0.999943316 -0.008840638 -3.091360569 -0.040827394 0.009075545 0.999125063 28.563957214
0.999168515 -0.007098824 0.040148437 1.783999681 0.007484230 0.999927282 -0.009457385 -3.235102415 -0.040078387 0.009750001 0.999148905 29.847354889
0.999186993 -0.008772040 0.039346483 1.890945435 0.009255654 0.999883592 -0.012125904 -3.378318787 -0.039235540 0.012480223 0.999152064 31.115554810
0.999226570 -0.008857238 0.038311355 2.003331423 0.009326036 0.999883533 -0.012075154 -3.529887915 -0.038199954 0.012423106 0.999192894 32.398586273
0.999251544 -0.009667917 0.037455190 2.104234219 0.010138256 0.999871731 -0.012387859 -3.672763348 -0.037330627 0.012758316 0.999221504 33.664051056
0.999256015 -0.010029085 0.037239034 2.196626902 0.010506599 0.999864817 -0.012649499 -3.815169573 -0.037107125 0.013031344 0.999226332 34.926815033
0.999265373 -0.010657450 0.036811642 2.289324999 0.011144754 0.999852657 -0.013058084 -3.960481644 -0.036667053 0.013458750 0.999236941 36.184936523
0.999311805 -0.011161575 0.035372637 2.403898716 0.011633749 0.999845445 -0.013171005 -4.117197514 -0.035220169 0.013573457 0.999287367 37.467784882
0.999304235 -0.010824864 0.035689160 2.490190029 0.011240872 0.999870896 -0.011476420 -4.262868404 -0.035560321 0.011869615 0.999297023 38.733036041
0.999277472 -0.011042212 0.036365472 2.595394373 0.011425127 0.999881208 -0.010338708 -4.401475906 -0.036246989 0.010746717 0.999285102 39.992317200
0.999195635 -0.012698011 0.038035907 2.705105305 0.013038982 0.999876797 -0.008729875 -4.544007301 -0.037920371 0.009218802 0.999238193 41.241077423
0.999081373 -0.013907396 0.040534407 2.800409317 0.014321097 0.999848068 -0.009933705 -4.687476158 -0.040390089 0.010505076 0.999128759 42.507354736
0.998957336 -0.015154410 0.043065533 2.895889759 0.015734753 0.999789476 -0.013168920 -4.835646629 -0.042856891 0.013832813 0.998985410 43.756683350
0.998862326 -0.016319666 0.044808004 3.007821083 0.016964627 0.999757290 -0.014051533 -4.984678268 -0.044567820 0.014795695 0.998896897 45.019508362
0.998742402 -0.016491322 0.047345679 3.137425184 0.017123224 0.999769211 -0.012972144 -5.115277290 -0.047120824 0.013766541 0.998794317 46.258739471
0.998534918 -0.017706150 0.051134143 3.237169981 0.018206827 0.999790609 -0.009342314 -5.274319172 -0.050958019 0.010259620 0.998648107 47.514747620
0.998262107 -0.020743737 0.055158779 3.345521927 0.021170789 0.999750137 -0.007169181 -5.415052414 -0.054996278 0.008324476 0.998451829 48.724040985
0.998018980 -0.022793148 0.058639310 3.482047796 0.023289261 0.999698400 -0.007790879 -5.552492142 -0.058444053 0.009141111 0.998248816 49.985061646
0.997747302 -0.026074089 0.061809186 3.628171921 0.026838129 0.999572933 -0.011563364 -5.688020229 -0.061481275 0.013196159 0.998020947 51.217243195
0.997461438 -0.027414596 0.065720439 3.760425806 0.028238110 0.999533474 -0.011634376 -5.824179649 -0.065370813 0.013460659 0.997770250 52.451221466
0.997117341 -0.029914986 0.069729216 3.891267061 0.030622540 0.999489605 -0.009100154 -5.964383125 -0.069421396 0.011209207 0.997524440 53.670616150
0.996820986 -0.032654304 0.072674446 4.044570923 0.033154134 0.999434054 -0.005681727 -6.099722385 -0.072447784 0.008073122 0.997339547 54.881668091
0.996577322 -0.035147700 0.074820928 4.195206165 0.035537392 0.999360800 -0.003883049 -6.230383396 -0.074636623 0.006528700 0.997189343 56.094184875
0.996385336 -0.038232405 0.075859092 4.349112511 0.038416572 0.999261320 -0.000969465 -6.352704048 -0.075765990 0.003880207 0.997118056 57.306953430
0.996236205 -0.041367803 0.076171346 4.501783371 0.041443221 0.999140680 0.000591000 -6.479795456 -0.076130345 0.002568011 0.997094572 58.507144928
0.996171355 -0.043239962 0.075981431 4.647433758 0.043566179 0.999046981 -0.002640253 -6.605112076 -0.075794876 0.005940365 0.997105658 59.716217041
0.996177673 -0.044339575 0.075259537 4.794122696 0.044986494 0.998963594 -0.006921693 -6.732409477 -0.074874640 0.010280898 0.997139931 60.903633118
0.996182024 -0.045677748 0.074397385 4.924212456 0.046608403 0.998854637 -0.010820585 -6.862197399 -0.073817894 0.014246814 0.997170091 62.104553223
0.996245921 -0.047086257 0.072643161 5.070204258 0.048180714 0.998748899 -0.013387238 -6.993176937 -0.071921930 0.016836980 0.997268200 63.295440674
0.996373355 -0.047503319 0.070594139 5.208787441 0.048579849 0.998726666 -0.013611007 -7.127280235 -0.069857672 0.016991099 0.997412264 64.481735229
0.996601582 -0.046921566 0.067702442 5.341944218 0.047908787 0.998766720 -0.013031679 -7.261034012 -0.067007490 0.016230935 0.997620463 65.656501770
0.996828496 -0.045869820 0.065029316 5.456429005 0.046675961 0.998850286 -0.010931108 -7.403530121 -0.064453147 0.013931747 0.997823477 66.855949402
0.997223377 -0.042105734 0.061423372 5.574851513 0.042642616 0.999062598 -0.007455504 -7.530769348 -0.061051879 0.010054056 0.998083949 68.031372070
0.997438371 -0.040490799 0.058968235 5.685907364 0.040842660 0.999154210 -0.004773381 -7.659666538 -0.058725093 0.007169574 0.998248398 69.199157715
0.997741818 -0.039196845 0.054542568 5.817579746 0.039689444 0.999180138 -0.007977298 -7.798666954 -0.054185163 0.010124047 0.998479724 70.407966614
0.997911572 -0.039561898 0.051061593 5.925785542 0.040342033 0.999082983 -0.014338769 -7.931278229 -0.050447501 0.016368754 0.998592615 71.566345215
0.997951925 -0.043029897 0.047331166 6.032378197 0.043912496 0.998877347 -0.017767750 -8.064136505 -0.046513494 0.019809790 0.998721302 72.741363525
0.997970521 -0.046811540 0.043167975 6.148937702 0.047416840 0.998789191 -0.013105586 -8.203231812 -0.042502206 0.015125878 0.998981893 73.930091858
0.997965693 -0.050509654 0.038899224 6.253286362 0.050868176 0.998670995 -0.008282006 -8.328709602 -0.038429201 0.010243889 0.999208808 75.086708069
0.998005092 -0.053206764 0.033983573 6.350857735 0.053423658 0.998556733 -0.005505883 -8.457644463 -0.033641580 0.007310428 0.999407172 76.273651123
0.998182237 -0.052437793 0.029706048 6.442345619 0.052549772 0.998613834 -0.003000660 -8.581973076 -0.029507522 0.004556251 0.999554157 77.435043335
0.998321712 -0.051883455 0.025726531 6.537193298 0.051999003 0.998639762 -0.003842423 -8.688495636 -0.025492173 0.005173727 0.999661624 78.593574524
0.998445451 -0.050707381 0.023140687 6.596262932 0.050835591 0.998694599 -0.004986194 -8.827476501 -0.022857640 0.006154814 0.999719918 79.776336670
0.998629928 -0.048378870 0.019946234 6.670094490 0.048581939 0.998770952 -0.009824914 -8.956800461 -0.019446401 0.010780480 0.999752760 80.921318054
0.998526871 -0.051840704 0.016020749 6.755070210 0.052074272 0.998537660 -0.014522715 -9.096977234 -0.015244452 0.015335590 0.999766171 82.083007812
0.998388290 -0.055091482 0.013625030 6.812844276 0.055300884 0.998349369 -0.015501582 -9.227875710 -0.012748535 0.016230075 0.999787033 83.219177246
0.998422086 -0.055357769 0.009441694 6.883890629 0.055474907 0.998380184 -0.012631202 -9.354265213 -0.008727166 0.013135047 0.999875665 84.385597229
0.998410940 -0.055892654 0.007177826 6.940134525 0.055962000 0.998384237 -0.009854604 -9.483177185 -0.006615430 0.010240630 0.999925673 85.516929626
0.998551369 -0.053429864 0.006369615 6.993554592 0.053504813 0.998492479 -0.012243821 -9.606902122 -0.005705830 0.012566889 0.999904811 86.663002014
0.998753488 -0.049629055 0.005328464 7.046812057 0.049704805 0.998648643 -0.015174911 -9.739171982 -0.004568148 0.015420847 0.999870658 87.789703369
0.998819351 -0.048411984 0.004020967 7.099802494 0.048475560 0.998669326 -0.017598307 -9.871500015 -0.003163648 0.017772449 0.999837041 88.907493591
0.998769164 -0.049470663 0.003574494 7.144264698 0.049527314 0.998609960 -0.018034870 -10.005748749 -0.002677328 0.018189706 0.999830961 90.032241821
0.998722911 -0.050465580 0.002402250 7.195330620 0.050497342 0.998599052 -0.015810344 -10.139168739 -0.001601006 0.015911467 0.999872088 91.138160706
0.998628914 -0.052333038 0.001208271 7.253469467 0.052344251 0.998546600 -0.012837097 -10.266473770 -0.000534710 0.012882745 0.999916852 92.247947693
0.998645544 -0.052005231 0.001585920 7.299689293 0.052020594 0.998573422 -0.012041054 -10.395330429 -0.000957460 0.012107247 0.999926269 93.386100769
0.998626709 -0.052379433 0.001071196 7.345569134 0.052389428 0.998522580 -0.014423940 -10.528656006 -0.000314096 0.014460249 0.999895394 94.529281616
0.998622954 -0.052455373 0.000739544 7.399421692 0.052460194 0.998462141 -0.017924652 -10.657637596 0.000201837 0.017938767 0.999839067 95.628822327
0.998573065 -0.053402651 0.000125557 7.455419064 0.053395450 0.998393834 -0.018938141 -10.790914536 0.000885991 0.018917823 0.999820590 96.733581543
0.998579144 -0.053283609 0.000731810 7.498075008 0.053288188 0.998419344 -0.017866680 -10.923674583 0.000221348 0.017880293 0.999840021 97.813705444
0.998597324 -0.052931011 0.001315890 7.547300816 0.052943166 0.998522639 -0.012234204 -11.045297623 -0.000666377 0.012286710 0.999924242 98.902259827
0.998694003 -0.051025603 0.002573160 7.599264622 0.051047496 0.998652756 -0.009318720 -11.164737701 -0.002094200 0.009437904 0.999953210 99.970222473
0.998766065 -0.049453981 0.004535108 7.654535294 0.049494918 0.998730063 -0.009407995 -11.278849602 -0.004064086 0.009620853 0.999945402 101.023056030
0.998853266 -0.047468860 0.006220374 7.707705975 0.047533780 0.998811841 -0.010741825 -11.408126831 -0.005703080 0.011025184 0.999922931 102.067855835
0.998829603 -0.047586367 0.008664154 7.760861397 0.047699537 0.998772323 -0.013359115 -11.523857117 -0.008017805 0.013756753 0.999873161 103.081848145
0.998736322 -0.049234390 0.010082051 7.831598759 0.049372897 0.998682439 -0.013983095 -11.642604828 -0.009380320 0.014463203 0.999851406 104.095001221
0.998632133 -0.050805949 0.012352312 7.885085583 0.050967455 0.998613954 -0.013131741 -11.767270088 -0.011668020 0.013743346 0.999837399 105.099929810
0.998612702 -0.050761607 0.013995031 7.948127270 0.050925314 0.998635054 -0.011600144 -11.881875992 -0.013387088 0.012296753 0.999834716 106.059494019
0.998542428 -0.051726148 0.015410123 8.006941795 0.051886830 0.998600721 -0.010216076 -11.991193771 -0.014860124 0.011000767 0.999829054 107.013496399
0.998465717 -0.052599289 0.017307591 8.065582275 0.052788939 0.998548508 -0.010689491 -12.096967697 -0.016720209 0.011586738 0.999793112 107.931907654
0.998460233 -0.052099928 0.019042406 8.126464844 0.052275345 0.998593628 -0.008832361 -12.198825836 -0.018555462 0.009814208 0.999779642 108.834915161
0.998468697 -0.051186625 0.020980740 8.183797836 0.051336545 0.998659134 -0.006669952 -12.296548843 -0.020611191 0.007736817 0.999757588 109.705314636
0.998438239 -0.051322997 0.022068124 8.247051239 0.051409155 0.998672068 -0.003354072 -12.399493217 -0.021866677 0.004483338 0.999750793 110.559585571
0.998396814 -0.051348019 0.023814099 8.306215286 0.051438536 0.998671055 -0.003203632 -12.491255760 -0.023617951 0.004423458 0.999711275 111.386489868
0.998418391 -0.050489545 0.024729354 8.361191750 0.050569434 0.998717129 -0.002615481 -12.580480576 -0.024565572 0.003861893 0.999690771 112.198417664
0.998521686 -0.048162490 0.025195932 8.414043427 0.048233967 0.998833597 -0.002236669 -12.660982132 -0.025058819 0.003448662 0.999680102 112.978469849
0.998657703 -0.045524608 0.024701897 8.460109711 0.045521624 0.998963058 0.000683391 -12.737302780 -0.024707394 0.000441997 0.999694645 113.734222412
0.998725414 -0.045751967 0.021313455 8.510825157 0.045725208 0.998952568 0.001741411 -12.822980881 -0.021370802 -0.000764629 0.999771237 114.494033813
0.998839200 -0.045786031 0.014958223 8.545871735 0.045761138 0.998950481 0.002002123 -12.898173332 -0.015034193 -0.001315294 0.999886036 115.191070557
0.999020040 -0.044013146 0.004646592 8.571876526 0.044010505 0.999030828 0.000668305 -12.971940994 -0.004671501 -0.000463151 0.999988973 115.862091064
0.999086082 -0.041719507 -0.009291872 8.570881844 0.041707017 0.999128759 -0.001533964 -13.048132896 0.009347772 0.001145026 0.999955595 116.496406555
0.998820364 -0.039692283 -0.027970359 8.566494942 0.039580319 0.999206066 -0.004545362 -13.111665726 0.028128568 0.003432925 0.999598384 117.122413635
0.998004556 -0.038124047 -0.050334103 8.532664299 0.037834786 0.999261618 -0.006687467 -13.182410240 0.050551891 0.004769742 0.998710036 117.709587097
0.996264517 -0.036758918 -0.078138977 8.493076324 0.036209654 0.999308586 -0.008435110 -13.250894547 0.078395016 0.005574216 0.996906817 118.276489258
0.993338585 -0.034368277 -0.109987192 8.420171738 0.033393681 0.999385118 -0.010691298 -13.316633224 0.110287018 0.006947202 0.993875504 118.818931580
0.988932073 -0.030004306 -0.145303026 8.308689117 0.028523574 0.999517977 -0.012263717 -13.379137993 0.145600945 0.007983422 0.989311278 119.361724854
0.982615411 -0.023888510 -0.184109896 8.199464798 0.022158556 0.999688923 -0.011448297 -13.444546700 0.184326127 0.007169662 0.982839108 119.888442993
0.974086702 -0.018515451 -0.225415707 8.050535202 0.016742066 0.999812067 -0.009776370 -13.500050545 0.225554332 0.005749109 0.974213541 120.396446228
0.962688148 -0.013821959 -0.270259857 7.886049271 0.012113030 0.999894679 -0.007990211 -13.561647415 0.270341784 0.004418418 0.962754309 120.881935120
0.948296845 -0.007995682 -0.317284137 7.691375732 0.005561907 0.999947786 -0.008575680 -13.618007660 0.317336172 0.006367585 0.948291719 121.361366272
0.930925190 -0.000110833 -0.365209818 7.459518433 -0.003584336 0.999949098 -0.009439989 -13.671368599 0.365192235 0.010096959 0.930877388 121.829490662
0.909803391 0.003775751 -0.415022373 7.206645966 -0.008902490 0.999906123 -0.010419006 -13.720869064 0.414944053 0.013173979 0.909751534 122.265899658
0.884695351 0.009222525 -0.466078371 6.937347412 -0.015172875 0.999844134 -0.009016258 -13.778707504 0.465922683 0.015048391 0.884697497 122.680976868
0.855572522 0.012290782 -0.517536938 6.652965546 -0.019644964 0.999768972 -0.008733198 -13.824857712 0.517309964 0.017638879 0.855616271 123.079032898
0.823834836 0.021961633 -0.566404223 6.327995300 -0.030479306 0.999519825 -0.005576990 -13.870755196 0.566009760 0.021858126 0.824108720 123.452377319
0.789862096 0.035040017 -0.612282634 5.976268768 -0.043565053 0.999050140 0.000973980 -13.915928841 0.611735225 0.025904818 0.790638328 123.808654785
0.754423976 0.043746982 -0.654927850 5.619262695 -0.054784600 0.998491764 0.003588450 -13.952577591 0.654097080 0.033172749 0.755682826 124.106765747
0.714093149 0.047981743 -0.698404312 5.260166168 -0.062318202 0.998044550 0.004849514 -14.005881310 0.697271407 0.040060308 0.715686858 124.412338257
0.671552539 0.049487021 -0.739302456 4.882099152 -0.064721614 0.997871280 0.008004442 -14.050413132 0.738124847 0.042473450 0.673325896 124.695831299
0.627241373 0.052941013 -0.777023435 4.479755402 -0.068215780 0.997587204 0.012902454 -14.082015991 0.775831699 0.044912312 0.629339337 124.966926575
0.581993163 0.062128350 -0.810816944 4.054592133 -0.079420008 0.996653140 0.019361369 -14.121759415 0.809306204 0.053126905 0.584979475 125.198356628
0.537177503 0.070741817 -0.840497315 3.594768524 -0.091345422 0.995495081 0.025406880 -14.140609741 0.838508308 0.063127592 0.541219532 125.405311584
0.490319848 0.075854778 -0.868235230 3.146686554 -0.097202063 0.994749606 0.032014832 -14.164252281 0.866105258 0.068696760 0.495118707 125.597946167
0.443398178 0.076999478 -0.893011212 2.683162689 -0.096457720 0.994616568 0.037867125 -14.189022064 0.891119540 0.069347627 0.448438317 125.772811890
0.395554125 0.079348691 -0.915008545 2.208675385 -0.094205178 0.994511604 0.045518648 -14.215845108 0.913598537 0.068193465 0.400858283 125.952003479
0.350457788 0.081753246 -0.933003604 1.716621399 -0.095596574 0.994102716 0.051198665 -14.234947205 0.931686938 0.071248978 0.356206298 126.087303162
0.306893229 0.085297853 -0.947913945 1.217422485 -0.101313859 0.993244529 0.056575894 -14.255943298 0.946336150 0.078674071 0.313461840 126.202339172
0.265331626 0.086692169 -0.960251868 0.698545456 -0.105882198 0.992545605 0.060350850 -14.272645950 0.958325684 0.085660584 0.272532940 126.303649902
0.225821897 0.082787201 -0.970644534 0.170795441 -0.105871603 0.992566466 0.060025759 -14.286204338 0.968398631 0.089208558 0.232907981 126.406860352
0.190485358 0.078011684 -0.978585422 -0.359497070 -0.101047590 0.993100822 0.059499532 -14.312063217 0.976475656 0.087549917 0.197054058 126.501487732
0.160118520 0.072984956 -0.984395981 -0.908029556 -0.098236285 0.993490100 0.057680435 -14.333168983 0.982197344 0.087467700 0.166245937 126.579750061
0.133659407 0.071393982 -0.988452435 -1.474571228 -0.099516012 0.993327260 0.058289438 -14.352474213 0.986018181 0.090575904 0.139872342 126.647781372
0.111353800 0.070424356 -0.991282403 -2.063533783 -0.100097030 0.993208051 0.059316959 -14.365427017 0.988726914 0.092619270 0.117646731 126.707374573
0.093179412 0.071991883 -0.993043244 -2.659981728 -0.102141544 0.992811441 0.062390912 -14.381750107 0.990396202 0.095617436 0.099862926 126.759376526
0.076926321 0.070279337 -0.994556785 -3.268020630 -0.102965690 0.992739022 0.062186778 -14.406079292 0.991705835 0.097621411 0.083604142 126.810539246
0.062698089 0.069282368 -0.995624900 -3.887443066 -0.101980977 0.992810726 0.062664427 -14.436061859 0.992808580 0.097605847 0.069312826 126.863121033
0.050485842 0.066818215 -0.996487081 -4.527292728 -0.097613677 0.993312538 0.061659869 -14.458056450 0.993943095 0.094157815 0.056670576 126.905082703
0.038524602 0.064160578 -0.997195661 -5.173126221 -0.095255338 0.993627846 0.060251020 -14.474570274 0.994707108 0.092667043 0.044390760 126.940078735
0.027903900 0.063101493 -0.997616827 -5.845752716 -0.094385922 0.993712962 0.060214527 -14.493516922 0.995144546 0.092480764 0.033684354 126.975387573
0.018329350 0.064624563 -0.997741222 -6.517074585 -0.097708993 0.993248165 0.062538534 -14.515664101 0.995046258 0.096342020 0.024519987 126.995223999
0.010035200 0.064290687 -0.997880697 -7.195569992 -0.100412920 0.992951572 0.062963307 -14.540962219 0.994895220 0.099568270 0.016420083 127.010475159
0.003324320 0.063914210 -0.997949779 -7.882645607 -0.102575064 0.992713094 0.063237131 -14.564721107 0.994719684 0.102154545 0.009856098 127.028900146
-0.001699017 0.064732514 -0.997901201 -8.579611778 -0.103305437 0.992552102 0.064561427 -14.581946373 0.994648218 0.103198305 0.005000857 127.043075562
-0.005237686 0.067314208 -0.997717977 -9.302447319 -0.105578579 0.992117941 0.067490630 -14.602551460 0.994397223 0.105691150 0.001910534 127.065223694
-0.005804362 0.071362309 -0.997433543 -10.038601875 -0.107997388 0.991571546 0.071571380 -14.628274918 0.994134188 0.108135670 0.001951504 127.064147949
-0.007210591 0.074324705 -0.997207999 -10.749496460 -0.110236794 0.991096616 0.074666321 -14.641942978 0.993879199 0.110467389 0.001046925 127.080841064
-0.007855350 0.079776585 -0.996781826 -11.489759445 -0.115028076 0.990123391 0.080150187 -14.648814201 0.993331194 0.115287505 0.001398780 127.088287354
-0.008900336 0.083730198 -0.996448636 -12.230987549 -0.118147977 0.989420116 0.084194891 -14.662834167 0.992956042 0.118477777 0.001086379 127.095420837
-0.010457288 0.084307522 -0.996384919 -12.973646164 -0.117890358 0.989386141 0.084952638 -14.683509827 0.992971480 0.118352540 -0.000407251 127.114379883
-0.012055840 0.081236929 -0.996621847 -13.717441559 -0.115507238 0.989908934 0.082087025 -14.701807022 0.993233442 0.116106682 -0.002550728 127.135620117
-0.013666767 0.077598743 -0.996891022 -14.478137016 -0.119159624 0.989752948 0.078676745 -14.706558228 0.992781103 0.119864397 -0.004280085 127.148414612
-0.014695248 0.079317227 -0.996741116 -15.247619629 -0.124381602 0.988960981 0.080531925 -14.718725204 0.992125571 0.125159696 -0.004667421 127.145355225
-0.016480664 0.082858697 -0.996424973 -16.016111374 -0.121352464 0.989027500 0.084250696 -14.733276367 0.992472649 0.122307144 -0.006244722 127.161521912
-0.018064499 0.082862251 -0.996397197 -16.793361664 -0.120621122 0.989100575 0.084442288 -14.749936104 0.992534220 0.121711962 -0.007872665 127.169792175
-0.019793060 0.081871353 -0.996446371 -17.581113815 -0.123024568 0.988868296 0.083692431 -14.761636734 0.992206335 0.124243908 -0.009500541 127.176124573
-0.020333657 0.081656516 -0.996453047 -18.368360519 -0.127764583 0.988275409 0.083593540 -14.767895699 0.991596043 0.129011184 -0.009662443 127.174652100
-0.021351675 0.086053312 -0.996061683 -19.174089432 -0.129458815 0.987663031 0.088102803 -14.774578094 0.991354942 0.130830109 -0.009947902 127.177566528
-0.021921055 0.090093933 -0.995691955 -19.985933304 -0.128168285 0.987460077 0.092170805 -14.781436920 0.991510153 0.129636630 -0.010098984 127.190345764
-0.021148384 0.092794113 -0.995460689 -20.808790207 -0.129725620 0.987011254 0.094762497 -14.796641350 0.991324306 0.131140858 -0.008835915 127.204147339
-0.019187761 0.091472074 -0.995622754 -21.627071381 -0.129185200 0.987231791 0.093190856 -14.801811218 0.991434753 0.130407855 -0.007125927 127.213035583
-0.018136879 0.091340259 -0.995654523 -22.458690643 -0.129279301 0.987244546 0.092923716 -14.806130409 0.991442263 0.130402878 -0.006097129 127.225738525
-0.018078605 0.090733759 -0.995711029 -23.293155670 -0.127618551 0.987518787 0.092304341 -14.814189911 0.991658568 0.128739938 -0.006273650 127.247550964
-0.016985593 0.092762351 -0.995543361 -24.131906509 -0.128591791 0.987215281 0.094180368 -14.820684433 0.991552234 0.129618421 -0.004839959 127.262390137
-0.016426655 0.095028304 -0.995339096 -24.969207764 -0.130358547 0.986773014 0.096361861 -14.823728561 0.991330922 0.131333843 -0.003821628 127.277442932
-0.016676782 0.097241499 -0.995121062 -25.845838547 -0.133032277 0.986195087 0.098598689 -14.823232651 0.990971386 0.134027570 -0.003510302 127.296714783
-0.015023842 0.098357342 -0.995037675 -26.710042953 -0.135335281 0.985792458 0.099486858 -14.820486069 0.990685880 0.136158392 -0.001499172 127.307250977
-0.013463596 0.101541191 -0.994740248 -27.578056335 -0.142125711 0.984535217 0.102423139 -14.821292877 0.989757061 0.142757133 0.001176226 127.323326111
-0.010869838 0.105387107 -0.994371891 -28.458324432 -0.146999329 0.983457923 0.105837323 -14.816341400 0.989076853 0.147322416 0.004801805 127.336349487
-0.008793171 0.107261881 -0.994191885 -29.333433151 -0.149508953 0.982913673 0.107367419 -14.811329842 0.988721311 0.149584696 0.007393683 127.366615295
-0.004879692 0.108035348 -0.994135082 -30.235317230 -0.148466334 0.983050704 0.107559524 -14.811730385 0.988905430 0.148120448 0.011242629 127.385818481
-0.002116197 0.107915901 -0.994157612 -31.127790451 -0.151053861 0.982717991 0.106995650 -14.804553986 0.988523245 0.150397792 0.014221489 127.412918091
0.000225544 0.111819148 -0.993728518 -32.030029297 -0.151446849 0.982270122 0.110495426 -14.798303604 0.988465369 0.150472149 0.017156202 127.444107056
0.002649865 0.113745950 -0.993506193 -32.942092896 -0.150619984 0.982220888 0.112052150 -14.791494370 0.988588214 0.149344966 0.019735165 127.484260559
0.004441523 0.115167469 -0.993336082 -33.836521149 -0.151368782 0.981977224 0.113173679 -14.788719177 0.988467395 0.149857432 0.021794232 127.523597717
0.007080633 0.113112256 -0.993556917 -34.739711761 -0.152646288 0.982059717 0.110715494 -14.780375481 0.988255501 0.150878847 0.024219772 127.553894043
0.007388526 0.114542246 -0.993390918 -35.651042938 -0.157256618 0.981190085 0.111965820 -14.772021294 0.987530112 0.155390024 0.025262075 127.594261169
0.008377468 0.115040749 -0.993325412 -36.544353485 -0.157997087 0.981034636 0.112284809 -14.766873360 0.987404048 0.156001851 0.026394689 127.632286072
0.008549215 0.111449681 -0.993733466 -37.441421509 -0.158151478 0.981412590 0.108707316 -14.764163971 0.987377822 0.156231001 0.026016243 127.669052124
0.009623641 0.107430458 -0.994165957 -38.351913452 -0.159493133 0.981648862 0.104533911 -14.765162468 0.987152100 0.157556668 0.026581457 127.713417053
0.010118349 0.106582373 -0.994252384 -39.249797821 -0.159032196 0.981819332 0.103631146 -14.759028435 0.987221420 0.157069579 0.026884425 127.755012512
0.010060603 0.110678241 -0.993805349 -40.154754639 -0.161608562 0.980970085 0.107612789 -14.753925323 0.986803710 0.159524828 0.027755704 127.792785645
0.010065824 0.117100768 -0.993069053 -41.089038849 -0.162013561 0.980188429 0.113939732 -14.745384216 0.986737132 0.159743771 0.028838323 127.837532043
0.010213836 0.115741067 -0.993226945 -41.983966827 -0.159793258 0.980703235 0.112638451 -14.745179176 0.987097681 0.157560512 0.028511388 127.883140564
0.011183829 0.105334289 -0.994373977 -42.873912811 -0.159033313 0.981965959 0.102231242 -14.750085831 0.987209857 0.156995267 0.027733799 127.925102234
0.011431704 0.094789170 -0.995431721 -43.793746948 -0.160987377 0.982684672 0.091726564 -14.753781319 0.986890256 0.159203306 0.026493626 127.966400146
0.010461932 0.091796979 -0.995722771 -44.697193146 -0.157895327 0.983436465 0.089005284 -14.762228012 0.987400353 0.156288788 0.024782958 128.011093140
0.010386017 0.101849250 -0.994745672 -45.618370056 -0.150434986 0.983636379 0.099141113 -14.764032364 0.988565385 0.148614854 0.025537752 128.059677124
0.010022883 0.115017414 -0.993312895 -46.563632965 -0.145260155 0.982993126 0.112356737 -14.764105797 0.989342749 0.143162638 0.026559876 128.124328613
0.010305696 0.124097884 -0.992216468 -47.485244751 -0.145498469 0.981895030 0.121295720 -14.755182266 0.989304781 0.143115938 0.028175164 128.169067383
0.010290020 0.118264794 -0.992928863 -48.401695251 -0.145690829 0.982562721 0.115520276 -14.751291275 0.989276648 0.143471882 0.027340686 128.208038330
0.010261920 0.104774445 -0.994443059 -49.331279755 -0.145755738 0.984030426 0.102173291 -14.750764847 0.989267528 0.143897280 0.025369521 128.249237061
0.010911755 0.095954940 -0.995325863 -50.246994019 -0.146298409 0.984827220 0.093338937 -14.751409531 0.989180267 0.144596100 0.024784250 128.292282104
0.011432650 0.096095979 -0.995306492 -51.180835724 -0.145248905 0.984973907 0.093429968 -14.758684158 0.989329100 0.143499032 0.025218697 128.334732056
0.010776304 0.097408138 -0.995186210 -52.124431610 -0.148257256 0.984399796 0.094746962 -14.772155762 0.988890111 0.146522596 0.025049651 128.371963501
0.011372717 0.096890934 -0.995229959 -53.068309784 -0.153107151 0.983726680 0.094021425 -14.777858734 0.988144159 0.151307553 0.026022341 128.412673950
0.011907466 0.096346207 -0.995276630 -54.000015259 -0.154831812 0.983520091 0.093355723 -14.778314590 0.987869084 0.152988836 0.026628686 128.454971313
0.012668349 0.103577480 -0.994540751 -54.948146820 -0.164009079 0.981365204 0.100116186 -14.774295807 0.986377478 0.161845386 0.029419925 128.490081787
0.014303471 0.113294140 -0.993458509 -55.898849487 -0.169745937 0.979413569 0.109248511 -14.770874977 0.985384047 0.167072907 0.033240233 128.524490356
0.015321709 0.121056221 -0.992527366 -56.872570038 -0.169827685 0.978536189 0.116728112 -14.763190269 0.985354662 0.166770145 0.035551533 128.586441040
0.016105952 0.121924520 -0.992408693 -57.814022064 -0.171125039 0.978229105 0.117405243 -14.755606651 0.985117674 0.167935044 0.036619641 128.633010864
0.017462533 0.112115078 -0.993541837 -58.753391266 -0.172803760 0.979078293 0.107445739 -14.750642776 0.984801531 0.169811487 0.036471091 128.685195923
0.018350191 0.107258856 -0.994061828 -59.703262329 -0.171035573 0.979910910 0.102574706 -14.750744820 0.985093951 0.168137684 0.036326628 128.746429443
0.019972082 0.105862744 -0.994180202 -60.639976501 -0.169302568 0.980376124 0.100991733 -14.759493828 0.985361755 0.166300252 0.037502985 128.807403564
0.024130965 0.111464404 -0.993475437 -61.639972687 -0.171747908 0.979452074 0.105719328 -14.743411064 0.984845340 0.168076262 0.042778894 128.854965210
0.027835652 0.113676809 -0.993127763 -62.600696564 -0.174540162 0.978803277 0.107145093 -14.744173050 0.984256506 0.170358241 0.047086798 128.908432007
0.032157794 0.108669460 -0.993557632 -63.551433563 -0.173946679 0.979510009 0.101502985 -14.747157097 0.984229863 0.169561952 0.050401572 128.966003418
0.034770861 0.102793053 -0.994094908 -64.508941650 -0.173765853 0.980167389 0.095275030 -14.752847672 0.984172940 0.169426978 0.051943194 129.036437988
0.038483001 0.102846175 -0.993952513 -65.478385925 -0.171311334 0.980641842 0.094836198 -14.755887032 0.984465063 0.166625768 0.055356756 129.104263306
0.040480603 0.107010573 -0.993433356 -66.457496643 -0.168665081 0.980712533 0.098767504 -14.769026756 0.984841824 0.163559332 0.057748772 129.200164795
0.043741170 0.113627970 -0.992559969 -67.414993286 -0.168060079 0.980189562 0.104805551 -14.769971848 0.984805882 0.162225381 0.061970964 129.282272339
0.046276264 0.117546946 -0.991988480 -68.381347656 -0.165806174 0.980181038 0.108412936 -14.774930954 0.985072017 0.159460872 0.064849131 129.365386963
0.048846237 0.119406670 -0.991643131 -69.365470886 -0.165543601 0.980064511 0.109858133 -14.775336266 0.984992027 0.158794016 0.067639470 129.440521240
0.050809991 0.116332248 -0.991909862 -70.313201904 -0.163707048 0.980728805 0.106635116 -14.770876884 0.985199571 0.156964496 0.068875246 129.520385742
0.051428437 0.114903018 -0.992044568 -71.260536194 -0.161734223 0.981204152 0.105263010 -14.774886131 0.985493422 0.155034021 0.069045536 129.607284546
0.051841635 0.111398771 -0.992422700 -72.204071045 -0.158702970 0.982049346 0.101944126 -14.784497261 0.985964358 0.152215511 0.068590343 129.696899414
0.051876802 0.110565819 -0.992514074 -73.192649841 -0.157118946 0.982378364 0.101224393 -14.772200584 0.986216366 0.150691539 0.068334632 129.775177002
0.051559128 0.115279429 -0.991994083 -74.145195007 -0.153856710 0.982373178 0.106164649 -14.774949074 0.986747086 0.147151187 0.068386830 129.860809326
0.050897293 0.116632327 -0.991870046 -75.111389160 -0.147892803 0.983087718 0.108010575 -14.776468277 0.987692893 0.141193017 0.067285590 129.960800171
0.050439015 0.111742191 -0.992456317 -76.071647644 -0.145126611 0.983993888 0.103413709 -14.761697769 0.988126576 0.138815746 0.065848455 130.037826538
0.049064152 0.108531758 -0.992881417 -77.033271790 -0.147347212 0.983988345 0.100278355 -14.770102501 0.987867117 0.141378254 0.064270407 130.112762451
0.047943618 0.105767690 -0.993234515 -77.982772827 -0.143816948 0.984747708 0.097921893 -14.773710251 0.988442302 0.138149187 0.062423561 130.193634033
0.046772186 0.106845960 -0.993174970 -78.948883057 -0.144134894 0.984580040 0.099133492 -14.778326988 0.988452196 0.138514489 0.061451185 130.261932373
0.045457441 0.107785277 -0.993134379 -79.904174805 -0.145636275 0.984255493 0.100155629 -14.781084061 0.988293350 0.140083551 0.060439184 130.342453003
0.043910556 0.108024053 -0.993177950 -80.858245850 -0.147164240 0.983991146 0.100518391 -14.785123825 0.988136888 0.141746476 0.059104878 130.417175293
0.042774990 0.109089062 -0.993111134 -81.808303833 -0.147002548 0.983889341 0.101744421 -14.789285660 0.988210797 0.141637757 0.058122240 130.482345581
0.040531360 0.108960867 -0.993219256 -82.773262024 -0.146909937 0.983882844 0.101941474 -14.789992332 0.988319159 0.141781971 0.055885542 130.554321289
0.038944878 0.111246936 -0.993029416 -83.722434998 -0.146810025 0.983635962 0.104436964 -14.782344818 0.988397777 0.141719386 0.054639753 130.625900269
0.037334029 0.115115665 -0.992650270 -84.676605225 -0.148154572 0.983002663 0.108424701 -14.777125359 0.988259315 0.143017754 0.053754363 130.685150146
0.035157304 0.120070629 -0.992142677 -85.625076294 -0.149310112 0.982245266 0.113581918 -14.769022942 0.988165259 0.144143716 0.052460853 130.750183105
0.033107203 0.119784325 -0.992247760 -86.579391479 -0.149399310 0.982230663 0.113590211 -14.765650749 0.988222539 0.144480512 0.050414599 130.808944702
0.032095335 0.114686988 -0.992883027 -87.524406433 -0.149444550 0.982778192 0.108688936 -14.762589455 0.988249123 0.144892588 0.048681937 130.869171143
0.029433260 0.109881327 -0.993508756 -88.471961975 -0.153549820 0.982638955 0.104130119 -14.753194809 0.987702429 0.149488211 0.045794528 130.930587769
0.028262457 0.107630290 -0.993789196 -89.415695190 -0.151459917 0.983168662 0.102172673 -14.751655579 0.988059282 0.147631571 0.044088434 130.994522095
0.027721012 0.108962953 -0.993659198 -90.378669739 -0.146803439 0.983706892 0.103776075 -14.754744530 0.988777161 0.142995805 0.043265484 131.047805786
0.027162977 0.110138260 -0.993544996 -91.327270508 -0.143755943 0.984010816 0.105151154 -14.753653526 0.989240289 0.139971793 0.042561695 131.108612061
0.025930261 0.110036001 -0.993589282 -92.279060364 -0.138440236 0.984741628 0.105443187 -14.757108688 0.990031242 0.134818599 0.040768024 131.174499512
0.024604978 0.107094161 -0.993944407 -93.220832825 -0.134509057 0.985559285 0.102860935 -14.761272430 0.990606785 0.131163642 0.038654801 131.238037109
0.024047360 0.104020797 -0.994284332 -94.164939880 -0.129416004 0.986527026 0.100079246 -14.767160416 0.991298735 0.126269653 0.037185330 131.298446655
0.022564655 0.106837682 -0.994020343 -95.149971008 -0.128010824 0.986397982 0.103112534 -14.774730682 0.991516054 0.124918677 0.035934109 131.349533081
0.021067381 0.109106146 -0.993806839 -96.096679688 -0.127369300 0.986220837 0.105573244 -14.773728371 0.991631687 0.124356307 0.034673858 131.408035278
0.019836677 0.106969431 -0.994064391 -97.056510925 -0.123334356 0.986927867 0.103740312 -14.771145821 0.992166877 0.120544434 0.032770377 131.455780029
0.017884906 0.103973895 -0.994419217 -98.005691528 -0.120338984 0.987572074 0.101093650 -14.773627281 0.992571771 0.117859334 0.030174745 131.503250122
0.014306320 0.101414070 -0.994741380 -98.972221375 -0.119063079 0.987937927 0.099008083 -14.769844055 0.992783546 0.117020525 0.026208427 131.556518555
0.011641169 0.100551955 -0.994863629 -99.927001953 -0.113527991 0.988630772 0.098593548 -14.780934334 0.993466556 0.111797124 0.022924278 131.604934692
0.009457815 0.100627102 -0.994879305 -100.885726929 -0.106778927 0.989336669 0.099051401 -14.777284622 0.994237840 0.105295330 0.020101814 131.646499634
0.007212519 0.107731648 -0.994153857 -101.851737976 -0.096715562 0.989593923 0.106535859 -14.770938873 0.995285928 0.095381752 0.017556792 131.705017090
0.004738016 0.115851961 -0.993255138 -102.808898926 -0.088685706 0.989401042 0.114979386 -14.769018173 0.996048510 0.087542765 0.014962209 131.758377075
0.000512961 0.115840480 -0.993267655 -103.767616272 -0.084266394 0.989740133 0.115385532 -14.768083572 0.996443093 0.083639905 0.010269154 131.815063477
-0.001028568 0.105172925 -0.994453430 -104.719032288 -0.085131526 0.990834534 0.104878262 -14.764666557 0.996369123 0.084767208 0.007934391 131.838256836
-0.003157208 0.095785841 -0.995396912 -105.666397095 -0.086901203 0.991609931 0.095697053 -14.765068054 0.996211946 0.086803332 0.005193185 131.875381470
-0.003456513 0.097127862 -0.995265901 -106.624671936 -0.094119698 0.990822136 0.097021073 -14.768172264 0.995554924 0.094009489 0.005716855 131.894042969
-0.004391519 0.106707901 -0.994280696 -107.585472107 -0.097522669 0.989505053 0.106626101 -14.761874199 0.995223641 0.097433157 0.006061008 131.929656982
-0.005853532 0.118205063 -0.992971957 -108.548675537 -0.101598218 0.987780273 0.118185952 -14.752941132 0.994808316 0.101575986 0.006227420 131.957366943
-0.007214987 0.120015793 -0.992745757 -109.490509033 -0.108703569 0.986794293 0.120086312 -14.745695114 0.994048059 0.108781435 0.005926436 131.987350464
-0.006958168 0.117069945 -0.993099272 -110.470802307 -0.115893632 0.986336589 0.117084756 -14.731211662 0.993237257 0.115908571 0.006704567 132.002273560
-0.007096035 0.113255359 -0.993540525 -111.425903320 -0.124056809 0.985790312 0.113257930 -14.721359253 0.992249787 0.124059163 0.007054897 132.024993896
-0.004625808 0.115380861 -0.993310511 -112.391891479 -0.128784418 0.984980464 0.115013003 -14.705051422 0.991661847 0.128454983 0.010302929 132.045379639
-0.003342354 0.116418824 -0.993194580 -113.367195129 -0.136782676 0.983811736 0.115779303 -14.688842773 0.990595460 0.136238769 0.012635832 132.070159912
-0.002846660 0.119150303 -0.992872179 -114.330986023 -0.146009400 0.982186079 0.118286535 -14.674009323 0.989279151 0.145305365 0.014601111 132.090789795
-0.002653951 0.121440142 -0.992595255 -115.305870056 -0.151486814 0.981094539 0.120438099 -14.655051231 0.988455653 0.150684729 0.015792800 132.117660522
-0.002026438 0.120881684 -0.992664874 -116.280082703 -0.155617610 0.980535388 0.119722292 -14.645807266 0.987815261 0.154718757 0.016824326 132.154296875
-0.000511681 0.111335993 -0.993782699 -117.235084534 -0.154562056 0.981831908 0.110076658 -14.649522781 0.987982869 0.153657421 0.016705934 132.187164307
0.000723969 0.099736869 -0.995013535 -118.183944702 -0.157759070 0.982565284 0.098374307 -14.641917229 0.987477362 0.156901225 0.016445741 132.225631714
