1.000000000 0.000000000 0.000000000 0.000000000 0.000000000 1.000000000 0.000000000 0.000000000 0.000000000 0.000000000 1.000000000 0.000000000
0.999997795 -0.001589001 -0.001370012 0.049872652 0.001586038 0.999996424 -0.002161437 -0.132406503 0.001373442 0.002159260 0.999996722 1.297442079
0.999997675 -0.000067099 -0.002159044 0.103865027 0.000053358 0.999979734 -0.006363756 -0.266985446 0.002159427 0.006363627 0.999977410 2.603584290
0.999996305 0.002412204 -0.001276058 0.146456867 -0.002422151 0.999966264 -0.007852199 -0.405840546 0.001257074 0.007855261 0.999968350 3.907495975
0.999983430 0.005758465 0.000314128 0.190759450 -0.005756283 0.999961972 -0.006551552 -0.544096410 -0.000351843 0.006549633 0.999978483 5.222401619
0.999976337 0.006463327 0.002361444 0.244024813 -0.006455651 0.999973893 -0.003244232 -0.689226568 -0.002382351 0.003228911 0.999991894 6.542231083
0.999960661 0.006711529 0.005799876 0.298845977 -0.006700639 0.999975801 -0.001894835 -0.826713741 -0.005812452 0.001855898 0.999981344 7.844462872
0.999944568 0.005285191 0.009108650 0.355863214 -0.005268111 0.999984324 -0.001898190 -0.959711969 -0.009118540 0.001850099 0.999956667 9.149888039
0.999915063 0.003887043 0.012440431 0.433863103 -0.003864993 0.999990940 -0.001796051 -1.096711993 -0.012447298 0.001747816 0.999921024 10.449793816
0.999871433 0.002723230 0.015801976 0.499275327 -0.002682861 0.999993086 -0.002575340 -1.234231710 -0.015808880 0.002532614 0.999871850 11.756622314
0.999815226 0.001670428 0.019153127 0.574995279 -0.001607249 0.999993145 -0.003313519 -1.371843219 -0.019158535 0.003282123 0.999811113 13.050378799
0.999746382 0.001408534 0.022472560 0.645520270 -0.001332158 0.999993265 -0.003413244 -1.516762972 -0.022477208 0.003382442 0.999741614 14.375538826
0.999666810 0.001366982 0.025774017 0.731340766 -0.001252221 0.999989212 -0.004468206 -1.655300617 -0.025779847 0.004434443 0.999657750 15.671970367
0.999576449 0.002316775 0.029007992 0.810842276 -0.002189534 0.999987841 -0.004417415 -1.793512702 -0.029017873 0.004352031 0.999569356 16.968017578
0.999477506 0.001873916 0.032269832 0.900781631 -0.001745894 0.999990523 -0.003994951 -1.931919098 -0.032277003 0.003936524 0.999471188 18.254428864
0.999403059 0.000453503 0.034548502 0.997710049 -0.000326011 0.999993265 -0.003695782 -2.076191425 -0.034549937 0.003682313 0.999396205 19.555742264
0.999352038 -0.001998751 0.035940845 1.096333385 0.002171924 0.999986291 -0.004779853 -2.218051195 -0.035930797 0.004854816 0.999342442 20.834524155
0.999306202 -0.001800762 0.037201162 1.195822120 0.002045942 0.999976456 -0.006553636 -2.360645771 -0.037188493 0.006625201 0.999286294 22.140134811
0.999266684 -0.001710678 0.038249109 1.280531406 0.002072139 0.999953508 -0.009412529 -2.503623009 -0.038231231 0.009484885 0.999223888 23.430170059
0.999220312 -0.001184995 0.039464187 1.383070350 0.001609214 0.999941349 -0.010719441 -2.647982359 -0.039449174 0.010774590 0.999163508 24.717845917
0.999189556 -0.000440774 0.040249523 1.485675812 0.000894443 0.999936283 -0.011254125 -2.796030998 -0.040241998 0.011281005 0.999126315 25.987173080
0.999153078 -0.002007908 0.041099101 1.579190612 0.002434344 0.999943614 -0.010328384 -2.941104650 -0.041076042 0.010419684 0.999101698 27.285121918
0.999153197 -0.004978062 0.040842142 1.685993195 0.005356746 0.999943614 -0.009167704 -3.087858677 -0.040794201 0.009378721 0.999123573 28.564197540
0.999172449 -0.006426117 0.040164195 1.778466344 0.006820022 0.999929905 -0.009678028 -3.233584404 -0.040099189 0.009943940 0.999146223 29.855947495
0.999191821 -0.008084770 0.039374124 1.882954359 0.008575202 0.999887586 -0.012302749 -3.377871752 -0.039270237 0.012630448 0.999148846 31.120548248
0.999220073 -0.008197649 0.038625412 1.990230918 0.008680354 0.999886096 -0.012346057 -3.529047966 -0.038519815 0.012671712 0.999177516 32.412136078
0.999242783 -0.008873829 0.037881266 2.093434572 0.009363654 0.999874532 -0.012772775 -3.672470808 -0.037763175 0.013117811 0.999200642 33.683296204
0.999247611 -0.009388346 0.037630085 2.180903673 0.009873932 0.999870062 -0.012739166 -3.818527222 -0.037505597 0.013101137 0.999210536 34.948577881
0.999259949 -0.009771536 0.037202425 2.270767689 0.010274129 0.999858201 -0.013342529 -3.961780787 -0.037066773 0.013714876 0.999218702 36.205566406
0.999297619 -0.010410086 0.035996247 2.386955500 0.010899324 0.999850512 -0.013421955 -4.120511055 -0.035851147 0.013804864 0.999261737 37.495319366
0.999298930 -0.010057887 0.036060177 2.476163149 0.010486456 0.999876380 -0.011715436 -4.267195225 -0.035937887 0.012085367 0.999280930 38.757934570
0.999260604 -0.010042946 0.037113834 2.581919670 0.010445067 0.999888599 -0.010656737 -4.403646469 -0.037002675 0.011036513 0.999254167 40.018276215
0.999185681 -0.011728927 0.038606953 2.696286678 0.012089550 0.999885201 -0.009120613 -4.544162750 -0.038495548 0.009579927 0.999212801 41.267417908
0.999075055 -0.012946106 0.041005194 2.791898727 0.013377033 0.999857962 -0.010252159 -4.690028191 -0.040866643 0.010791204 0.999106348 42.537460327
0.998943865 -0.014011307 0.043758433 2.882032633 0.014608753 0.999803960 -0.013363431 -4.839966297 -0.043562621 0.013988573 0.998952746 43.788963318
0.998848498 -0.015188403 0.045508686 2.995242357 0.015864071 0.999768794 -0.014522829 -4.988049507 -0.045277584 0.015228059 0.998858333 45.057483673
0.998718679 -0.015234133 0.048260581 3.118322134 0.015889525 0.999786317 -0.013225885 -5.122652054 -0.048048787 0.013975775 0.998747170 46.293365479
0.998520434 -0.016551504 0.051797394 3.228351593 0.017081751 0.999805987 -0.009810994 -5.279179573 -0.051624954 0.010681271 0.998609424 47.558940887
0.998232722 -0.019718515 0.056058835 3.332995892 0.020181715 0.999766648 -0.007708585 -5.420717239 -0.055893753 0.008826327 0.998397768 48.770854950
0.998012304 -0.021702494 0.059163492 3.478009224 0.022224138 0.999719620 -0.008173266 -5.559063435 -0.058969524 0.009471878 0.998214841 50.036796570
0.997731805 -0.024951655 0.062517025 3.621103525 0.025747353 0.999597073 -0.011954406 -5.696451187 -0.062193550 0.013536941 0.997972310 51.270530701
0.997444272 -0.026334781 0.066417426 3.751045227 0.027198298 0.999556422 -0.012130756 -5.831029415 -0.066068478 0.013906193 0.997718275 52.502990723
0.997097671 -0.028769139 0.070488349 3.882923365 0.029515062 0.999518573 -0.009563372 -5.972024441 -0.070179276 0.011616083 0.997466743 53.722034454
0.996798575 -0.031666692 0.073414549 4.034636021 0.032205068 0.999462306 -0.006161090 -6.108149052 -0.073179968 0.008505686 0.997282505 54.936538696
0.996576369 -0.034154307 0.075293384 4.189773560 0.034580454 0.999392390 -0.004363034 -6.240780830 -0.075098611 0.006951775 0.997151911 56.154323578
0.996366680 -0.037382096 0.076526023 4.343432903 0.037600987 0.999291837 -0.001420853 -6.362333775 -0.076418720 0.004293144 0.997066557 57.369258881
0.996194601 -0.040294632 0.077283435 4.487942219 0.040409546 0.999183238 0.000076990 -6.490455151 -0.077223420 0.003046292 0.997009099 58.574592590
0.996165216 -0.042264305 0.076606981 4.643472672 0.042626608 0.999086261 -0.003099679 -6.618285656 -0.076405980 0.006353288 0.997056544 59.782325745
0.996177852 -0.043478213 0.075757436 4.794473648 0.044166978 0.998996496 -0.007439330 -6.746716499 -0.075357959 0.010756874 0.997098505 60.970684052
0.996179342 -0.044779222 0.074976787 4.923945904 0.045749240 0.998889387 -0.011269582 -6.879891872 -0.074388869 0.014656653 0.997121572 62.177291870
0.996243298 -0.046274398 0.073198564 5.076180458 0.047387097 0.998784900 -0.013537250 -7.012976170 -0.072483182 0.016955063 0.997225463 63.370876312
0.996362686 -0.046489630 0.071414754 5.206560135 0.047600836 0.998769224 -0.013936629 -7.146325111 -0.070678964 0.017285343 0.997349322 64.554359436
0.996589780 -0.045819324 0.068624265 5.339350224 0.046835762 0.998814404 -0.013275890 -7.281273842 -0.067934602 0.016444687 0.997554243 65.728759766
0.996833682 -0.044853065 0.065657079 5.457869530 0.045693982 0.998890817 -0.011361785 -7.421704292 -0.065074645 0.014325945 0.997777581 66.933486938
0.997219145 -0.041064963 0.062192213 5.577268600 0.041622661 0.999103785 -0.007697961 -7.552331924 -0.061820362 0.010265158 0.998034418 68.108268738
0.997448981 -0.039339028 0.059565213 5.686954975 0.039726242 0.999196410 -0.005330209 -7.678561687 -0.059307661 0.007682913 0.998210192 69.271415710
0.997737706 -0.038386371 0.055190448 5.818440437 0.038902029 0.999208570 -0.008299203 -7.822656631 -0.054828200 0.010427448 0.998441339 70.482376099
0.997924089 -0.038784277 0.051413342 5.929465294 0.039606813 0.999101579 -0.015077012 -7.951699734 -0.050782409 0.017082030 0.998563647 71.640235901
0.997974992 -0.042098679 0.047683123 6.038842201 0.043001708 0.998911500 -0.018072920 -8.088026047 -0.046870381 0.020086780 0.998699009 72.818809509
0.997993052 -0.045932893 0.043589532 6.159985065 0.046567429 0.998821795 -0.013654719 -8.222773552 -0.042910967 0.015657166 0.998956203 74.005477905
0.997995079 -0.049626667 0.039280906 6.264703751 0.050011244 0.998709261 -0.008868618 -8.348373413 -0.038790077 0.010815321 0.999188840 75.161544800
0.998041868 -0.052127313 0.034571506 6.360904694 0.052358203 0.998611510 -0.005806648 -8.480010986 -0.034220811 0.007605378 0.999385357 76.348091125
0.998222351 -0.051206812 0.030498430 6.450099945 0.051331632 0.998676121 -0.003323212 -8.604425430 -0.030287884 0.004882838 0.999529302 77.507522583
0.998371840 -0.050761968 0.026018154 6.554089069 0.050882362 0.998696744 -0.003985896 -8.712999344 -0.025781911 0.005303271 0.999653518 78.672988892
0.998504341 -0.049316715 0.023600368 6.609171867 0.049451113 0.998763204 -0.005145165 -8.852080345 -0.023317439 0.006304534 0.999708235 79.842018127
0.998692751 -0.046953894 0.020202108 6.687198639 0.047165789 0.998835504 -0.010142832 -8.981245041 -0.019702340 0.011082421 0.999744415 80.990112305
0.998600960 -0.050290305 0.016345648 6.771436214 0.050532948 0.998612940 -0.014787050 -9.122177124 -0.015579332 0.015592355 0.999756992 82.148422241
0.998445988 -0.053938735 0.014006279 6.823837757 0.054159686 0.998405576 -0.015906274 -9.251500130 -0.013125983 0.016640132 0.999775410 83.281288147
0.998475075 -0.054250252 0.010210373 6.891621590 0.054377407 0.998440742 -0.012618295 -9.378890991 -0.009509905 0.013154268 0.999868333 84.419151306
0.998474002 -0.054722417 0.007423306 6.958947659 0.054795459 0.998447359 -0.010022659 -9.509727478 -0.006863316 0.010414128 0.999922216 85.554138184
0.998615801 -0.052212037 0.006342404 7.001226425 0.052283242 0.998564601 -0.011635929 -9.638197899 -0.005725763 0.011951425 0.999912202 86.701927185
0.998801827 -0.048576985 0.005928242 7.053019524 0.048659615 0.998707294 -0.014697542 -9.766402245 -0.005206616 0.014968399 0.999874413 87.822128296
0.998886764 -0.046956200 0.004495197 7.115176201 0.047027249 0.998744130 -0.017278058 -9.894560814 -0.003678238 0.017470222 0.999840677 88.923080444
0.998785675 -0.049091101 0.004153757 7.155656338 0.049159013 0.998624444 -0.018237639 -10.027969360 -0.003252736 0.018419685 0.999825180 90.064285278
0.998741329 -0.050086852 0.002669232 7.207084179 0.050122265 0.998623371 -0.015463728 -10.159626961 -0.001891028 0.015578050 0.999876857 91.179275513
0.998689830 -0.051137976 0.001859784 7.257373333 0.051157616 0.998608768 -0.012778616 -10.289597511 -0.001203724 0.012857012 0.999916553 92.293380737
0.998700380 -0.050957430 0.000948095 7.324392319 0.050965209 0.998625755 -0.012213954 -10.414215088 -0.000324401 0.012246402 0.999924958 93.426826477
0.998672664 -0.051498566 0.000865722 7.370724201 0.051505700 0.998568118 -0.014456835 -10.541058540 -0.000119976 0.014482237 0.999895155 94.535385132
0.998656392 -0.051821601 0.000220060 7.431468010 0.051816974 0.998489618 -0.018261278 -10.670439720 0.000726601 0.018248146 0.999833167 95.644218445
0.998636782 -0.052195184 0.000481373 7.471783638 0.052194916 0.998456478 -0.018979238 -10.811726570 0.000509995 0.018978491 0.999819875 96.750930786
0.998592734 -0.053033773 0.000159444 7.529348850 0.053028636 0.998444140 -0.017242113 -10.943881035 0.000755218 0.017226305 0.999851406 97.836700439
0.998659015 -0.051751681 0.001390404 7.569303036 0.051764995 0.998581946 -0.012429715 -11.061717033 -0.000745173 0.012485021 0.999921739 98.922035217
0.998738825 -0.050133385 0.002735464 7.619148254 0.050155859 0.998701870 -0.008880461 -11.183080673 -0.002286706 0.009006458 0.999956906 99.991004944
0.998848021 -0.047741372 0.004842492 7.663197517 0.047783505 0.998817205 -0.008994066 -11.302252769 -0.004407376 0.009215096 0.999947846 101.056243896
0.998930275 -0.045713495 0.006968446 7.712236404 0.045787212 0.998892605 -0.010812988 -11.423466682 -0.006466431 0.011120485 0.999917269 102.091690063
0.998888373 -0.046126869 0.009716922 7.764258385 0.046252266 0.998843849 -0.013101742 -11.546803474 -0.009101346 0.013536606 0.999866962 103.115318298
0.998795033 -0.047708970 0.011499830 7.812712669 0.047871523 0.998751044 -0.014300520 -11.657421112 -0.010803206 0.014833803 0.999831617 104.135688782
0.998680770 -0.049557533 0.013445383 7.873139381 0.049737614 0.998672307 -0.013406763 -11.772385597 -0.012763126 0.014057818 0.999819756 105.116966248
0.998639584 -0.049866810 0.015239128 7.931703091 0.050047193 0.998678386 -0.011693674 -11.894454002 -0.014635860 0.012440439 0.999815524 106.092315674
0.998584747 -0.050637852 0.016252352 8.000451088 0.050807230 0.998656571 -0.010183636 -12.003463745 -0.015714841 0.010994960 0.999816060 107.042533875
0.998514950 -0.051289137 0.018366080 8.055900574 0.051488668 0.998617649 -0.010560750 -12.111226082 -0.017799037 0.011490711 0.999775589 107.959869385
0.998495400 -0.051181946 0.019680841 8.121668816 0.051364068 0.998640597 -0.008861932 -12.210873604 -0.019200513 0.009859486 0.999767065 108.871543884
0.998506129 -0.050213218 0.021540755 8.180500984 0.050372500 0.998706460 -0.006916270 -12.307008743 -0.021165606 0.007991000 0.999743998 109.740837097
0.998464167 -0.050457228 0.022878496 8.241212845 0.050555747 0.998714209 -0.003747872 -12.409949303 -0.022659976 0.004898756 0.999731243 110.601638794
0.998420656 -0.050569732 0.024471140 8.302122116 0.050673194 0.998708665 -0.003626221 -12.501755714 -0.024256162 0.004860525 0.999693930 111.427742004
0.998443246 -0.049547181 0.025619397 8.354572296 0.049633864 0.998763621 -0.002757835 -12.592977524 -0.025451083 0.004025131 0.999667943 112.243331909
0.998551130 -0.047179174 0.025878560 8.408690453 0.047256846 0.998879910 -0.002397517 -12.673739433 -0.025736460 0.003616983 0.999662161 113.022712708
0.998681307 -0.044630341 0.025368981 8.452384949 0.044627041 0.999003470 0.000696710 -12.751749039 -0.025374794 0.000436352 0.999677837 113.778152466
0.998753011 -0.044443794 0.022740213 8.496431351 0.044418588 0.999011695 0.001612838 -12.837116241 -0.022789415 -0.000600739 0.999740124 114.531326294
0.998871863 -0.044630554 0.016215308 8.535289764 0.044606499 0.999002934 0.001842165 -12.912350655 -0.016281351 -0.001116779 0.999866843 115.226654053
0.999062002 -0.042920567 0.005742788 8.564449310 0.042917270 0.999078393 0.000696503 -12.987055779 -0.005767390 -0.000449385 0.999983311 115.900009155
0.999160230 -0.040164776 -0.008086519 8.565830231 0.040146839 0.999190986 -0.002368341 -13.054167747 0.008175105 0.002041704 0.999964535 116.535018921
0.998881459 -0.038780440 -0.027052494 8.565799713 0.038670257 0.999241531 -0.004584244 -13.127131462 0.027209751 0.003532989 0.999623477 117.166633606
0.998087823 -0.037092086 -0.049446288 8.532049179 0.036805116 0.999300122 -0.006701799 -13.197977066 0.049660258 0.004869108 0.998754323 117.753509521
0.996389627 -0.035543196 -0.077100366 8.491020203 0.035008397 0.999352813 -0.008277321 -13.267660141 0.077344663 0.005548277 0.996988952 118.322921753
0.993431509 -0.033394609 -0.109447554 8.424102783 0.032462329 0.999419987 -0.010289317 -13.334386826 0.109727688 0.006668809 0.993939281 118.868751526
0.989030540 -0.028767938 -0.144882917 8.321050644 0.027355600 0.999556959 -0.011731312 -13.398813248 0.145156175 0.007639267 0.989379227 119.410797119
0.982721448 -0.022657527 -0.183698893 8.207569122 0.020901456 0.999715567 -0.011490382 -13.459241867 0.183906972 0.007452270 0.982915401 119.964027405
0.974266529 -0.017665328 -0.224705741 8.049270630 0.015923992 0.999827623 -0.009559448 -13.514626503 0.224835873 0.005735235 0.974379778 120.457878113
0.962923229 -0.012884909 -0.269467503 7.883302689 0.011142964 0.999905884 -0.007993082 -13.573559761 0.269545168 0.004694056 0.962976396 120.943305969
0.948508978 -0.007176296 -0.316668928 7.691604614 0.004722923 0.999952495 -0.008514332 -13.630152702 0.316715002 0.006580316 0.948498011 121.425827026
0.931254804 0.000570305 -0.364368260 7.456741333 -0.004300851 0.999946356 -0.009427028 -13.681612015 0.364343345 0.010346057 0.931207299 121.892799377
0.910257041 0.005197754 -0.414010942 7.209289551 -0.010391454 0.999893010 -0.010293674 -13.734383583 0.413913131 0.013672063 0.910213768 122.322074890
0.885091484 0.010043733 -0.465308666 6.935447693 -0.015912192 0.999835610 -0.008685986 -13.794067383 0.465144962 0.015091971 0.885105848 122.745391846
0.856119752 0.013076414 -0.516611934 6.649829865 -0.020250876 0.999760926 -0.008253566 -13.840368271 0.516380489 0.017527886 0.856179833 123.140029907
0.824292958 0.022946009 -0.565698504 6.326198578 -0.031178767 0.999501765 -0.004889269 -13.889286041 0.565304518 0.021667968 0.824597716 123.517074585
0.790357172 0.035947077 -0.611590862 5.977451324 -0.044292092 0.999017477 0.001480053 -13.931085587 0.611043215 0.025918864 0.791172862 123.873672485
0.754639685 0.044925284 -0.654599547 5.625709534 -0.055699136 0.998438239 0.004311568 -13.972126961 0.653770864 0.033206951 0.755963564 124.178619385
0.714801311 0.048828170 -0.697620809 5.259689331 -0.062869459 0.998006999 0.005435154 -14.018852234 0.696495831 0.039973985 0.716446638 124.475479126
0.672398806 0.050529439 -0.738462329 4.878875732 -0.065520577 0.997814059 0.008616587 -14.065017700 0.737283468 0.042590693 0.674239755 124.760375977
0.628367245 0.053876918 -0.776048899 4.467926025 -0.068914518 0.997531891 0.013453154 -14.095852852 0.774858296 0.045027509 0.630529404 125.035751343
0.583283305 0.062647402 -0.809849262 4.036785126 -0.080056272 0.996600807 0.019434454 -14.130480766 0.808314025 0.053497717 0.586315989 125.268859863
0.537640572 0.071707338 -0.840119362 3.597961426 -0.091764197 0.995434999 0.026238933 -14.155583382 0.838165820 0.062985756 0.541766524 125.474205017
0.490800142 0.076754965 -0.867884755 3.145225525 -0.097269520 0.994712055 0.032964278 -14.182522774 0.865825474 0.068239860 0.495670736 125.671173096
0.443776309 0.078484565 -0.892694056 2.683792114 -0.096640415 0.994539380 0.039396778 -14.207495689 0.890911460 0.068786971 0.448937833 125.847839355
0.396124810 0.079435088 -0.914754152 2.207393646 -0.093554206 0.994557798 0.045852363 -14.229660034 0.913418114 0.067415848 0.401400447 126.030517578
0.350367755 0.082035907 -0.933012545 1.719512939 -0.095234029 0.994114280 0.051645733 -14.248806000 0.931757927 0.070759557 0.356118172 126.172805786
0.306619167 0.085368685 -0.947996199 1.216892242 -0.101081952 0.993258178 0.056750733 -14.265613556 0.946449816 0.078424446 0.313181192 126.287727356
0.265157044 0.086781979 -0.960291922 0.690002441 -0.105615050 0.992562830 0.060535755 -14.283375740 0.958403528 0.085369810 0.272350401 126.395614624
0.225516066 0.083639435 -0.970642567 0.165885925 -0.105940558 0.992505193 0.060909431 -14.305580139 0.968462169 0.089094356 0.232686669 126.495574951
0.190653563 0.078518465 -0.978512228 -0.366548538 -0.100880370 0.993085802 0.060032330 -14.324476242 0.976460040 0.087267295 0.197256327 126.587554932
0.159913242 0.073508844 -0.984390378 -0.916996002 -0.098174296 0.993463695 0.058238082 -14.346837044 0.982236981 0.087328777 0.166084677 126.667808533
0.133965582 0.071732327 -0.988386512 -1.482824326 -0.099232621 0.993334889 0.058641504 -14.363977432 0.986005127 0.090224214 0.140190870 126.730926514
0.111521155 0.070805825 -0.991236389 -2.065284729 -0.100058302 0.993189752 0.059688076 -14.378738403 0.988712013 0.092524938 0.117846370 126.796806335
0.092916824 0.072556615 -0.993026793 -2.659985542 -0.101999752 0.992787778 0.062995121 -14.396044731 0.990435541 0.095435187 0.099647447 126.856216431
0.076991268 0.070656344 -0.994524956 -3.268868446 -0.102963686 0.992716014 0.062556878 -14.417971611 0.991701007 0.097583622 0.083705485 126.902130127
0.063065015 0.069731429 -0.995570362 -3.888618946 -0.101468399 0.992834866 0.063112266 -14.447374344 0.992837846 0.097038731 0.069688678 126.951263428
0.050975684 0.067099094 -0.996443331 -4.526605129 -0.097405992 0.993317664 0.061905555 -14.467967987 0.993938386 0.093903862 0.057170898 126.991485596
0.038688853 0.064374648 -0.997175515 -5.179863930 -0.094985999 0.993640900 0.060461149 -14.485334396 0.994726479 0.092378549 0.044557516 127.032402039
0.027755789 0.063319318 -0.997607231 -5.848966599 -0.094064645 0.993728817 0.060456049 -14.503234863 0.995179117 0.092161588 0.033537831 127.073425293
0.018312778 0.064955883 -0.997720122 -6.519695282 -0.097505704 0.993246913 0.062874988 -14.525596619 0.995066464 0.096131973 0.024522677 127.091476440
0.009963103 0.064709075 -0.997854471 -7.194547176 -0.100407280 0.992925286 0.063386887 -14.550900459 0.994896472 0.099560328 0.016389875 127.105293274
0.003061211 0.064006627 -0.997944772 -7.893808365 -0.102364056 0.992727220 0.063357987 -14.574135780 0.994742274 0.101959705 0.009590927 127.129051208
-0.002166199 0.064896636 -0.997889638 -8.592473984 -0.103068978 0.992562830 0.064773954 -14.591616631 0.994671762 0.102991790 0.004538741 127.145248413
-0.005705925 0.067272380 -0.997718275 -9.317687988 -0.105435349 0.992132723 0.067498729 -14.609716415 0.994409800 0.105579935 0.001431851 127.166847229
-0.006099492 0.071448088 -0.997425675 -10.053276062 -0.107874408 0.991576493 0.071688771 -14.635830879 0.994145870 0.108033977 0.001659307 127.162574768
-0.007331682 0.074620523 -0.997185051 -10.764622688 -0.109748982 0.991127610 0.074974179 -14.653003693 0.993932307 0.109989718 0.000922895 127.177207947
-0.007849604 0.080183417 -0.996749341 -11.506195068 -0.114484392 0.990153611 0.080554433 -14.659836769 0.993394077 0.114744537 0.001407435 127.183906555
-0.009067404 0.083913393 -0.996431768 -12.247824669 -0.117626324 0.989465058 0.084397085 -14.672129631 0.993016541 0.117971882 0.000898546 127.191680908
-0.010330384 0.084246278 -0.996391356 -12.997164726 -0.117607668 0.989426315 0.084876694 -14.690104485 0.993006408 0.118060067 -0.000313144 127.207977295
-0.011954064 0.081236154 -0.996623158 -13.741327286 -0.115157761 0.989950716 0.082073562 -14.709089279 0.993275285 0.115750007 -0.002478960 127.229553223
-0.013436355 0.077714078 -0.996885180 -14.500687599 -0.118705869 0.989800692 0.078761756 -14.714577675 0.992838562 0.119394384 -0.004074196 127.241401672
-0.014546629 0.079340994 -0.996741414 -15.272387505 -0.124149524 0.988989830 0.080535829 -14.725496292 0.992156804 0.124916486 -0.004536320 127.240303040
-0.016261389 0.082950301 -0.996420979 -16.041067123 -0.121175446 0.989043832 0.084313713 -14.740327835 0.992497921 0.122112803 -0.006031688 127.255943298
-0.018330943 0.083024137 -0.996378958 -16.815860748 -0.120371468 0.989114642 0.084633373 -14.758913040 0.992559671 0.121486999 -0.008137668 127.270294189
-0.019437855 0.082025163 -0.996440709 -17.610372543 -0.122979961 0.988864720 0.083800517 -14.767514229 0.992218792 0.124171123 -0.009133960 127.270713806
-0.019972177 0.081849620 -0.996444583 -18.397777557 -0.127661914 0.988276541 0.083737470 -14.773883820 0.991616666 0.128880411 -0.009288956 127.269195557
-0.020784182 0.086356178 -0.996047616 -19.201538086 -0.129621744 0.987621307 0.088330433 -14.781106949 0.991345644 0.130945295 -0.009333265 127.269805908
-0.021502826 0.090837464 -0.995633662 -20.015361786 -0.128096819 0.987405479 0.092853300 -14.790513992 0.991528511 0.129534096 -0.009596017 127.284759521
-0.021066751 0.093146995 -0.995429456 -20.848865509 -0.129874274 0.986958981 0.095102958 -14.804730415 0.991306663 0.131284177 -0.008694622 127.305671692
-0.018990587 0.091811910 -0.995595336 -21.667030334 -0.129319444 0.987184703 0.093503013 -14.809577942 0.991421103 0.130525455 -0.006874151 127.313774109
-0.017963503 0.091946408 -0.995601892 -22.497440338 -0.129360676 0.987179399 0.093502589 -14.814582825 0.991434932 0.130471379 -0.005838949 127.325859070
-0.018097702 0.091076292 -0.995679438 -23.329854965 -0.127798349 0.987463415 0.092647664 -14.823118210 0.991634965 0.128922895 -0.006231416 127.352478027
-0.017430009 0.092909753 -0.995521903 -24.168224335 -0.128751338 0.987174988 0.094384983 -14.828455925 0.991523743 0.129819930 -0.005244214 127.372100830
-0.016962737 0.095012508 -0.995331526 -25.006462097 -0.130432546 0.986757815 0.096416958 -14.830431938 0.991312027 0.131459117 -0.004345391 127.388984680
-0.016624615 0.097578876 -0.995088935 -25.873622894 -0.133265465 0.986130714 0.098926835 -14.833139420 0.990941048 0.134255588 -0.003390151 127.401626587
-0.015046271 0.098596387 -0.995013773 -26.742387772 -0.135547474 0.985739052 0.099727049 -14.828919411 0.990656614 0.136372119 -0.001467208 127.411750793
-0.013396878 0.101834625 -0.994711101 -27.609054565 -0.142387345 0.984468281 0.102703676 -14.829738617 0.989720285 0.143010169 0.001311157 127.428077698
-0.010924879 0.105765454 -0.994331062 -28.488433838 -0.147497743 0.983342409 0.106217191 -14.826075554 0.989001989 0.147822022 0.004857270 127.441215515
-0.008710224 0.107469104 -0.994170189 -29.363393784 -0.149926260 0.982829392 0.107556723 -14.819225311 0.988658845 0.149989083 0.007551778 127.470443726
-0.005295604 0.108352751 -0.994098425 -30.256036758 -0.148615628 0.982987165 0.107933350 -14.821504593 0.988880813 0.148310184 0.010897401 127.497261047
-0.002568225 0.108282596 -0.994116843 -31.148906708 -0.151216537 0.982646286 0.107423842 -14.814802170 0.988497317 0.150602758 0.013850464 127.524131775
-0.000087051 0.112147480 -0.993691564 -32.050598145 -0.151728585 0.982185364 0.110862166 -14.806863785 0.988422155 0.150781095 0.016930480 127.554519653
0.002170322 0.114561446 -0.993413746 -32.961505890 -0.151106790 0.982046604 0.112920456 -14.805456161 0.988515079 0.149866477 0.019442368 127.595664978
0.003999558 0.115885824 -0.993254483 -33.854785919 -0.151811361 0.981820107 0.113940440 -14.801456451 0.988401353 0.150331631 0.021519629 127.635780334
0.006607613 0.113896333 -0.993470669 -34.758750916 -0.152929932 0.981920481 0.111555032 -14.791976929 0.988214970 0.151194274 0.023906305 127.665260315
0.006580467 0.115207747 -0.993319631 -35.664855957 -0.157490939 0.981063545 0.112742916 -14.783075333 0.987498462 0.155696943 0.024600035 127.709991455
0.007592287 0.115710437 -0.993254006 -36.557712555 -0.158231422 0.980907619 0.113062635 -14.777277946 0.987372816 0.156305581 0.025756363 127.747039795
0.007933262 0.112262487 -0.993646920 -37.455066681 -0.158508644 0.981256127 0.109597035 -14.774713516 0.987325728 0.156632125 0.025579138 127.782302856
0.008697154 0.108206138 -0.994090378 -38.367523193 -0.159808323 0.981500983 0.105437651 -14.775583267 0.987109780 0.157946885 0.025828507 127.825889587
0.009203804 0.107471578 -0.994165599 -39.264713287 -0.159507498 0.981635273 0.104640335 -14.769695282 0.987153828 0.157613769 0.026177304 127.866828918
0.009079017 0.111496203 -0.993723452 -40.168720245 -0.161986426 0.980802536 0.108566515 -14.761806488 0.986751258 0.159983978 0.026965592 127.904235840
0.009585072 0.117952041 -0.992973030 -41.103996277 -0.162818804 0.979950666 0.114833482 -14.751377106 0.986609399 0.160573989 0.028597709 127.939971924
0.009766939 0.116561763 -0.993135393 -41.998542786 -0.160617709 0.980469584 0.113495618 -14.750104904 0.986968398 0.158406600 0.028298067 127.985473633
0.010748938 0.106330737 -0.994272709 -42.890483856 -0.159705669 0.981748760 0.103264816 -14.756797791 0.987106144 0.157680988 0.027534377 128.026580811
0.010818750 0.095695034 -0.995351911 -43.818286896 -0.161442444 0.982518077 0.092706412 -14.759494781 0.986822844 0.159689099 0.026078861 128.068984985
0.010068098 0.092544831 -0.995657563 -44.718444824 -0.158374220 0.983287752 0.089793578 -14.766155243 0.987327814 0.156782493 0.024556551 128.112579346
0.009721798 0.102668785 -0.994668007 -45.640754700 -0.150849178 0.983481824 0.100039765 -14.768410683 0.988509059 0.149072304 0.025048710 128.163070679
0.009571916 0.115897812 -0.993215024 -46.581905365 -0.145919606 0.982790053 0.113275051 -14.765714645 0.989250124 0.143845290 0.026318951 128.223419189
0.009730131 0.124822244 -0.992131412 -47.503456116 -0.146184817 0.981696367 0.122075692 -14.755603790 0.989209414 0.143846750 0.027799152 128.268722534
0.009631491 0.118988432 -0.992848933 -48.420387268 -0.146492019 0.982350409 0.116309144 -14.751098633 0.989164889 0.144324228 0.026892360 128.307495117
0.010017115 0.105626665 -0.994355381 -49.340038300 -0.146230251 0.983869672 0.103039704 -14.749049187 0.989199996 0.144372642 0.025301350 128.343795776
0.010547224 0.096727692 -0.995254934 -50.254337311 -0.146826327 0.984672070 0.094143152 -14.747840881 0.989105999 0.145136714 0.024587730 128.386871338
0.011183204 0.096650183 -0.995255530 -51.176647186 -0.146172345 0.984783828 0.093990803 -14.755270004 0.989195943 0.144427732 0.025140619 128.430694580
0.010339455 0.098501429 -0.995083153 -52.124042511 -0.148992389 0.984179556 0.095873982 -14.773951530 0.988784313 0.147268564 0.024851836 128.474716187
0.011229586 0.097884454 -0.995134532 -53.053386688 -0.153657466 0.983545840 0.095010616 -14.774419785 0.988060415 0.151842922 0.026085488 128.504791260
0.011270779 0.097350456 -0.995186388 -53.991966248 -0.155209094 0.983357489 0.094435558 -14.777059555 0.987817407 0.153397590 0.026192883 128.547622681
0.011853620 0.105074227 -0.994393766 -54.946723938 -0.163827524 0.981229603 0.101730309 -14.780066490 0.986417770 0.161703169 0.028845169 128.585052490
0.013957432 0.114306316 -0.993347466 -55.903873444 -0.170141548 0.979228139 0.110290937 -14.769325256 0.985320807 0.167470261 0.033115759 128.620452881
0.014890969 0.122476436 -0.992359698 -56.850246429 -0.170446172 0.978254616 0.118177928 -14.760589600 0.985254407 0.167384133 0.035442792 128.667800903
0.015946433 0.123513028 -0.992214918 -57.790370941 -0.171932712 0.977898538 0.118967712 -14.754595757 0.984979630 0.168697059 0.036829930 128.711517334
0.017443132 0.113657169 -0.993366897 -58.747726440 -0.173511207 0.978787661 0.108942285 -14.749185562 0.984677434 0.170460016 0.036793917 128.756500244
0.018450407 0.108444229 -0.993931293 -59.684207916 -0.171916023 0.979638934 0.103693560 -14.741863251 0.984938800 0.168959543 0.036718044 128.814895630
0.020615967 0.106625736 -0.994085491 -60.656486511 -0.170390606 0.980125308 0.101594679 -14.738185883 0.985160947 0.167288393 0.038374256 128.867599487
0.023255566 0.112546533 -0.993374228 -61.611820221 -0.171994403 0.979278028 0.106922947 -14.737071991 0.984823465 0.168368295 0.042131033 128.932434082
0.027243080 0.115285568 -0.992958724 -62.583984375 -0.174675062 0.978593707 0.108825333 -14.742845535 0.984249294 0.170480400 0.046797417 128.982147217
0.031184394 0.110160142 -0.993424475 -63.540405273 -0.173770353 0.979369462 0.103146799 -14.741194725 0.984292328 0.169411138 0.049683612 129.041625977
0.034230791 0.104400575 -0.993946075 -64.492790222 -0.173491642 0.980050087 0.096966065 -14.746427536 0.984240294 0.169122100 0.051660515 129.109619141
0.038077053 0.104259945 -0.993820906 -65.452728271 -0.171081454 0.980538249 0.096311711 -14.745409966 0.984520793 0.166357026 0.055172950 129.175521851
0.040372718 0.108582780 -0.993267179 -66.410568237 -0.168660641 0.980553865 0.100337513 -14.756376266 0.984847009 0.163474217 0.057901282 129.257751465
0.044042759 0.115232810 -0.992361605 -67.369636536 -0.168243185 0.979993999 0.106329747 -14.754545212 0.984761238 0.162275031 0.062548772 129.333099365
0.046948660 0.118671440 -0.991822958 -68.330398560 -0.166071609 0.980026543 0.109398887 -14.752570152 0.984995484 0.159577534 0.065718897 129.414703369
0.048947990 0.120847091 -0.991463602 -69.316810608 -0.165613681 0.979894400 0.111260697 -14.756436348 0.984975278 0.158753976 0.067977801 129.493957520
0.050840754 0.118039951 -0.991706610 -70.258834839 -0.164511666 0.980415821 0.108262211 -14.755786896 0.985064030 0.157643154 0.069264039 129.574188232
0.051363446 0.116625883 -0.991846800 -71.203056335 -0.162386954 0.980915904 0.106931269 -14.758820534 0.985389352 0.155570656 0.069321752 129.663696289
0.052371137 0.113134138 -0.992198527 -72.150871277 -0.159494027 0.981755614 0.103524856 -14.765897751 0.985808790 0.152827993 0.069459870 129.747863770
0.051731516 0.112655357 -0.992286563 -73.142623901 -0.157808498 0.982055247 0.103266634 -14.756141663 0.986113727 0.151249126 0.068581164 129.835617065
0.051423281 0.117314488 -0.991762578 -74.095367432 -0.154459789 0.982061148 0.108158104 -14.756534576 0.986659944 0.147625595 0.068621181 129.921630859
0.050462022 0.118585803 -0.991660714 -75.059318542 -0.148400351 0.982793570 0.109973863 -14.755958557 0.987639070 0.141613334 0.067191936 130.025863647
0.050364230 0.113907069 -0.992214084 -76.016357422 -0.145836309 0.983664989 0.105523050 -14.741313934 0.988025844 0.139386252 0.066153310 130.098541260
0.048594404 0.110440217 -0.992694080 -76.969833374 -0.147864282 0.983712733 0.102202766 -14.746530533 0.987813115 0.141817540 0.064133100 130.177810669
0.047347087 0.107885592 -0.993035257 -77.918983459 -0.144328669 0.984456599 0.100072116 -14.750398636 0.988396406 0.138585344 0.062182132 130.259689331
0.046142671 0.108505197 -0.993024409 -78.883605957 -0.144477159 0.984355927 0.100844622 -14.750546455 0.988431692 0.138816088 0.061097346 130.328262329
0.045431864 0.109713674 -0.992924392 -79.832748413 -0.145656899 0.984055877 0.102069102 -14.753626823 0.988291562 0.139989123 0.060688056 130.398849487
0.044245809 0.110011026 -0.992945015 -80.788665771 -0.147240266 0.983782113 0.102434799 -14.755323410 0.988110542 0.141669169 0.059726298 130.469894409
0.042841256 0.110820070 -0.992916644 -81.738334656 -0.147068456 0.983702123 0.103446081 -14.757292747 0.988198102 0.141594991 0.058441173 130.538558960
0.040458776 0.110662393 -0.993034184 -82.701957703 -0.147056997 0.983684540 0.103629000 -14.755426407 0.988300323 0.141839921 0.056072354 130.611892700
0.039157536 0.113384463 -0.992779255 -83.652839661 -0.147468314 0.983317614 0.106487378 -14.750124931 0.988291323 0.142233670 0.055224910 130.679107666
0.037614133 0.117095016 -0.992408156 -84.606491089 -0.148798212 0.982695699 0.110309310 -14.742174149 0.988151848 0.143519357 0.054386772 130.738739014
0.034797989 0.122380957 -0.991872966 -85.551849365 -0.149754390 0.981907010 0.115897469 -14.735601425 0.988110602 0.144504353 0.052495487 130.809722900
0.032875828 0.121941470 -0.991992652 -86.495544434 -0.149579003 0.981951118 0.115749881 -14.729413033 0.988202989 0.144575939 0.050522339 130.873840332
0.031437840 0.117571279 -0.992566705 -87.441856384 -0.150126547 0.982347310 0.111605771 -14.729801178 0.988166809 0.145502016 0.048533443 130.933105469
0.029997177 0.112076737 -0.993246675 -88.388984680 -0.153912887 0.982360721 0.106200024 -14.710830688 0.987628937 0.149687767 0.046718102 130.983459473
0.028720764 0.109952569 -0.993521810 -89.331443787 -0.151805311 0.982882798 0.104386754 -14.708247185 0.987993121 0.147823825 0.044920526 131.049621582
0.028515916 0.111011632 -0.993409932 -90.300247192 -0.147013903 0.983472764 0.105681114 -14.706586838 0.988723278 0.143031523 0.044364881 131.098770142
0.027968531 0.112210937 -0.993290782 -91.249290466 -0.144099310 0.983753085 0.107076019 -14.704114914 0.989167929 0.140137747 0.043683648 131.159713745
0.026677625 0.112269036 -0.993319690 -92.194389343 -0.138659239 0.984483302 0.107546359 -14.708670616 0.989980757 0.134863839 0.041830819 131.227294922
0.025222847 0.109404415 -0.993677258 -93.134849548 -0.134505838 0.985326469 0.105070770 -14.711361885 0.990591764 0.131005228 0.039568271 131.293060303
0.024563942 0.106081843 -0.994053900 -94.080917358 -0.129485279 0.986315370 0.102056310 -14.712886810 0.991277099 0.126208439 0.037963830 131.355331421
0.022970138 0.108745515 -0.993804157 -95.064323425 -0.127335757 0.986288369 0.104979955 -14.714334488 0.991593599 0.124135412 0.036502376 131.407531738
0.021728653 0.111175828 -0.993563175 -96.010513306 -0.126729235 0.986087739 0.107567839 -14.712994576 0.991699338 0.123576209 0.035515592 131.464141846
0.020228248 0.108884268 -0.993848622 -96.971725464 -0.122519866 0.986829817 0.105621591 -14.707777023 0.992259860 0.119629666 0.033302322 131.515472412
0.018416354 0.106533244 -0.994138539 -97.920700073 -0.119681001 0.987392902 0.103593305 -14.713104248 0.992641568 0.117071696 0.030934185 131.561920166
0.013786010 0.104070939 -0.994474351 -98.885475159 -0.118288979 0.987754583 0.101727933 -14.714356422 0.992883444 0.116232939 0.025927646 131.627746582
0.011088865 0.103257708 -0.994592845 -99.840194702 -0.112753317 0.988439322 0.101361766 -14.723656654 0.993561089 0.111019656 0.022603320 131.676376343
0.008982280 0.103282310 -0.994611502 -100.798759460 -0.105969898 0.989148915 0.101758040 -14.716580391 0.994328797 0.104484864 0.019829627 131.717529297
0.005983488 0.111838453 -0.993708372 -101.763389587 -0.096153155 0.989185929 0.110750489 -14.721966743 0.995348513 0.094885521 0.016672408 131.782150269
0.003464160 0.119868852 -0.992783606 -102.720169067 -0.088188998 0.988958120 0.119099215 -14.715199471 0.996097744 0.087140009 0.013997020 131.835220337
0.000236593 0.119598128 -0.992822349 -103.674713135 -0.083740391 0.989337623 0.119158395 -14.708212852 0.996487558 0.083111137 0.010249265 131.883010864
-0.002360834 0.109944984 -0.993934870 -104.626403809 -0.085229829 0.990298808 0.109745219 -14.712401390 0.996358633 0.084971979 0.007032662 131.912796021
-0.004454874 0.100643083 -0.994912744 -105.573860168 -0.087180085 0.991095245 0.100647300 -14.708799362 0.996182501 0.087184958 0.004358870 131.947555542
-0.004695725 0.102541812 -0.994717658 -106.535751343 -0.094899453 0.990193427 0.102523424 -14.713038445 0.995475769 0.094879575 0.005081487 131.963821411
-0.005586234 0.110648863 -0.993843853 -107.502037048 -0.097392455 0.989074290 0.110665284 -14.687173843 0.995230377 0.097411096 0.005251165 131.999923706
-0.007196023 0.121885814 -0.992518127 -108.464820862 -0.101210020 0.987358153 0.121985957 -14.672916412 0.994839132 0.101330586 0.005231014 132.028442383
-0.008619261 0.123356663 -0.992325068 -109.410789490 -0.108094290 0.986431897 0.123562984 -14.658485413 0.994103253 0.108329684 0.004831836 132.056411743
-0.008513852 0.120393179 -0.992689788 -110.396530151 -0.115414418 0.985973001 0.120568417 -14.639349937 0.993280947 0.115597218 0.005500681 132.075622559
-0.008849435 0.116241977 -0.993181527 -111.350425720 -0.123453848 0.985495031 0.116442353 -14.624106407 0.992310882 0.123642534 0.005629447 132.099044800
-0.006227798 0.118260801 -0.992963076 -112.318878174 -0.128027439 0.984715998 0.118081585 -14.603206635 0.991750956 0.127861917 0.009008018 132.116973877
-0.005069862 0.119551092 -0.992815077 -113.299804688 -0.136211812 0.983491659 0.119123988 -14.584150314 0.990666747 0.135837093 0.011298109 132.142089844
-0.004423823 0.122145556 -0.992502391 -114.264488220 -0.145472005 0.981875300 0.121486112 -14.565093994 0.989352524 0.144918770 0.013425120 132.159927368
-0.004121640 0.124479078 -0.992213666 -115.240051270 -0.151066139 0.980757356 0.123669334 -14.543169022 0.988515139 0.150399625 0.014762245 132.183135986
-0.003847909 0.123749390 -0.992305994 -116.212875366 -0.154925600 0.980258405 0.122847706 -14.528446198 0.987918615 0.154206336 0.015400007 132.220657349
-0.002099966 0.114344850 -0.993438840 -117.168708801 -0.153957143 0.981559813 0.113302991 -14.529242516 0.988075256 0.153184935 0.015542963 132.250427246
-0.000559887 0.102648228 -0.994717538 -118.121337891 -0.157199085 0.982341290 0.101459563 -14.516915321 0.987566710 0.156425506 0.015586209 132.284072876
