1.000000000 0.000000000 0.000000000 0.000000000 0.000000000 1.000000000 0.000000000 0.000000000 0.000000000 0.000000000 1.000000000 0.000000000
0.999997795 -0.001599493 -0.001354170 0.049957681 0.001596601 0.999996424 -0.002133544 -0.132902756 0.001357578 0.002131377 0.999996781 1.297368169
0.999997795 -0.000003786 -0.002095249 0.102743000 -0.000009684 0.999979258 -0.006428957 -0.267425418 0.002095230 0.006428963 0.999977112 2.605247259
0.999996066 0.002470056 -0.001306961 0.146827355 -0.002480401 0.999965131 -0.007973500 -0.405431181 0.001287221 0.007976711 0.999967277 3.908826828
0.999983191 0.005783914 0.000266349 0.191527322 -0.005782000 0.999960721 -0.006702003 -0.544163942 -0.000305103 0.006700350 0.999977529 5.219826698
0.999975204 0.006611960 0.002420238 0.242181689 -0.006603930 0.999972701 -0.003310813 -0.689882040 -0.002442062 0.003294748 0.999991536 6.538065910
0.999960065 0.006843789 0.005742792 0.298253566 -0.006832699 0.999974787 -0.001948797 -0.827088416 -0.005755984 0.001909481 0.999981642 7.840668678
0.999945521 0.005246033 0.009027225 0.354851604 -0.005228871 0.999984503 -0.001923686 -0.961077094 -0.009037175 0.001876379 0.999957383 9.146421432
0.999916077 0.003860435 0.012367620 0.432496369 -0.003838212 0.999990940 -0.001820092 -1.098221421 -0.012374535 0.001772469 0.999921799 10.446111679
0.999872208 0.002688924 0.015759423 0.496694237 -0.002649570 0.999993324 -0.002517498 -1.237344742 -0.015766088 0.002475421 0.999872625 11.752559662
0.999814868 0.001597953 0.019174298 0.572818041 -0.001534166 0.999993205 -0.003340936 -1.373222351 -0.019179508 0.003310901 0.999810517 13.047709465
0.999746084 0.001475198 0.022481540 0.642315388 -0.001401412 0.999993563 -0.003297476 -1.522056937 -0.022486258 0.003265133 0.999741793 14.363793373
0.999664009 0.001348634 0.025882293 0.726067781 -0.001234976 0.999989569 -0.004406818 -1.659353971 -0.025887964 0.004373373 0.999655247 15.661295891
0.999575436 0.002141096 0.029058212 0.808813095 -0.002014115 0.999988317 -0.004398464 -1.797615528 -0.029067287 0.004338070 0.999568045 16.963541031
0.999477327 0.001767925 0.032280687 0.898293257 -0.001641959 0.999990940 -0.003928312 -1.936887264 -0.032287337 0.003873255 0.999471128 18.249916077
0.999411106 0.000073192 0.034313001 1.000010490 0.000057910 0.999992728 -0.003819769 -2.078458309 -0.034313027 0.003819507 0.999403954 19.542833328
0.999347270 -0.002395372 0.036045145 1.096389532 0.002580171 0.999983847 -0.005081255 -2.219462633 -0.036032394 0.005170940 0.999337196 20.817674637
0.999305069 -0.002079240 0.037216045 1.192867756 0.002333401 0.999974251 -0.006787220 -2.360902071 -0.037200976 0.006869343 0.999284208 22.122665405
0.999257982 -0.001921318 0.038467567 1.276287913 0.002284564 0.999953210 -0.009401197 -2.504838705 -0.038447708 0.009482103 0.999215662 23.408475876
0.999223471 -0.001401428 0.039376084 1.381329536 0.001831815 0.999938965 -0.010896211 -2.647051334 -0.039358411 0.010959879 0.999165058 24.692626953
0.999179244 -0.000810198 0.040497683 1.482928753 0.001279834 0.999932170 -0.011572034 -2.792725325 -0.040485565 0.011614366 0.999112606 25.960962296
0.999163210 -0.002458883 0.040826574 1.583308935 0.002892283 0.999939978 -0.010559930 -2.938781261 -0.040798161 0.010669176 0.999110460 27.252315521
0.999157012 -0.005413152 0.040693469 1.687253833 0.005796929 0.999939740 -0.009318852 -3.086966515 -0.040640566 0.009546894 0.999128163 28.529842377
0.999182045 -0.006961079 0.039832305 1.784400940 0.007355410 0.999925435 -0.009761812 -3.233222246 -0.039761372 0.010046810 0.999158680 29.822973251
0.999202371 -0.008686899 0.038974989 1.890417814 0.009174179 0.999881744 -0.012341009 -3.377957106 -0.038863182 0.012688728 0.999163985 31.091350555
0.999232173 -0.008650005 0.038213123 1.997023344 0.009131176 0.999880910 -0.012435161 -3.528870583 -0.038101014 0.012774542 0.999192238 32.377319336
0.999240041 -0.009163009 0.037884813 2.091119766 0.009655648 0.999870837 -0.012841057 -3.673460245 -0.037762269 0.013197101 0.999199569 33.641414642
0.999259233 -0.009797398 0.037216067 2.189189672 0.010286340 0.999862969 -0.012969183 -3.816583157 -0.037083905 0.013342393 0.999223053 34.910240173
0.999271750 -0.010308379 0.036738858 2.282895088 0.010814513 0.999848902 -0.013604512 -3.960732937 -0.036593076 0.013991918 0.999232233 36.172550201
0.999313474 -0.010903329 0.035407752 2.397539139 0.011393309 0.999841630 -0.013666042 -4.117235661 -0.035253141 0.014060071 0.999279499 37.455490112
0.999311984 -0.010548905 0.035555039 2.489575863 0.010978249 0.999868870 -0.011901950 -4.262885094 -0.035424817 0.012284094 0.999296844 38.713558197
0.999275267 -0.010398258 0.036615666 2.586498737 0.010805111 0.999881864 -0.010931145 -4.400380611 -0.036497671 0.011318861 0.999269664 39.980983734
0.999194026 -0.012073192 0.038280796 2.697186708 0.012433026 0.999880612 -0.009175778 -4.543988705 -0.038165446 0.009644329 0.999224842 41.229354858
0.999085724 -0.013301665 0.040630337 2.793705463 0.013734397 0.999851644 -0.010389948 -4.688494682 -0.040486109 0.010938483 0.999120235 42.489643097
0.998961508 -0.014505296 0.043192923 2.889154434 0.015104057 0.999793768 -0.013568524 -4.837216854 -0.042987205 0.014206820 0.998974681 43.739589691
0.998868525 -0.015678616 0.044898588 3.000025749 0.016346373 0.999760747 -0.014544254 -4.986616611 -0.044659805 0.015261726 0.998885691 44.999809265
0.998741746 -0.015954999 0.047544304 3.126437426 0.016597990 0.999775767 -0.013160065 -5.122788429 -0.047323670 0.013932645 0.998782456 46.237205505
0.998542726 -0.017240783 0.051137947 3.230348587 0.017773954 0.999792039 -0.009989749 -5.275986671 -0.050955083 0.010884116 0.998641610 47.497428894
0.998283327 -0.020304995 0.054936286 3.342391253 0.020770766 0.999752820 -0.007920707 -5.416574955 -0.054761883 0.009048179 0.998458385 48.719398499
0.998034418 -0.022240298 0.058588140 3.481289864 0.022770735 0.999705434 -0.008401638 -5.555367470 -0.058384012 0.009719219 0.998246908 49.984771729
0.997763634 -0.025571018 0.061756920 3.623685837 0.026375348 0.999577224 -0.012244092 -5.689818382 -0.061417714 0.013845570 0.998016059 51.215454102
0.997473061 -0.026881855 0.065765411 3.757641077 0.027750524 0.999538779 -0.012330740 -5.824638844 -0.065403625 0.014124601 0.997759044 52.446033478
0.997136116 -0.029257536 0.069739550 3.890185356 0.030011121 0.999501705 -0.009782289 -5.965207100 -0.069418602 0.011847235 0.997517347 53.664051056
0.996846199 -0.032002367 0.072620213 4.042997837 0.032568794 0.999447525 -0.006628795 -6.099413395 -0.072367944 0.008973041 0.997337639 54.884872437
0.996609449 -0.034472276 0.074706472 4.195155144 0.034918256 0.999379277 -0.004671512 -6.233818531 -0.074499056 0.007264293 0.997194588 56.093997955
0.996388435 -0.037822105 0.076025367 4.341598511 0.038066659 0.999273598 -0.001769629 -6.358808041 -0.075903200 0.004657269 0.997104287 57.314590454
0.996230960 -0.040824566 0.076533183 4.494792938 0.040956695 0.999160886 -0.000157076 -6.488887787 -0.076462552 0.003291030 0.997066975 58.524108887
0.996178865 -0.042705134 0.076183267 4.641386986 0.043084357 0.999065816 -0.003340537 -6.614624023 -0.075969443 0.006610081 0.997088253 59.722080231
0.996189296 -0.043889057 0.075369827 4.789151669 0.044599336 0.998974741 -0.007766007 -6.742220879 -0.074951716 0.011097858 0.997125387 60.908206940
0.996202111 -0.045208283 0.074414223 4.923699856 0.046208736 0.998862386 -0.011777338 -6.871449947 -0.073797151 0.015171199 0.997157812 62.104633331
0.996260405 -0.046602260 0.072756231 5.072951794 0.047754627 0.998758495 -0.014179431 -7.004599094 -0.072005123 0.017600855 0.997248888 63.298690796
0.996368945 -0.047192290 0.070864990 5.200765610 0.048344012 0.998723805 -0.014625317 -7.137138367 -0.070084341 0.017998112 0.997378707 64.480461121
0.996593297 -0.046581633 0.068058655 5.335353851 0.047629062 0.998769164 -0.013848494 -7.273489952 -0.067329809 0.017042885 0.997585177 65.657615662
0.996834874 -0.046030626 0.064818367 5.456927776 0.046878904 0.998832881 -0.011626652 -7.420415878 -0.064207532 0.014628466 0.997829318 66.849815369
0.997232199 -0.042213175 0.061204541 5.575769424 0.042788763 0.999051094 -0.008123782 -7.549096107 -0.060803518 0.010720161 0.998092115 68.022956848
0.997436762 -0.040348403 0.059093166 5.681900501 0.040752366 0.999153256 -0.005646341 -7.677145481 -0.058815315 0.008040054 0.998236418 69.189682007
0.997723997 -0.039042946 0.054977249 5.810756207 0.039605148 0.999173403 -0.009173497 -7.811886311 -0.054573640 0.011330001 0.998445451 70.401794434
0.997893393 -0.039451964 0.051501445 5.919657230 0.040295564 0.999068379 -0.015445471 -7.945972443 -0.050844114 0.017488213 0.998553514 71.561607361
0.997963905 -0.043049641 0.047060631 6.032769203 0.043974668 0.998855710 -0.018800367 -8.080111504 -0.046197429 0.020831563 0.998715043 72.735565186
0.998001099 -0.046229728 0.043088164 6.149020195 0.046869058 0.998803794 -0.013947072 -8.220876694 -0.042391840 0.015938696 0.998973906 73.928855896
0.997993886 -0.050084848 0.038724914 6.253914356 0.050471835 0.998684168 -0.009080329 -8.347678185 -0.038219173 0.011016628 0.999208629 75.085258484
0.998034120 -0.052494422 0.034237225 6.347375870 0.052740760 0.998588145 -0.006331728 -8.477870941 -0.033856515 0.008124978 0.999393702 76.270233154
0.998203278 -0.051714242 0.030261690 6.434290409 0.051855408 0.998646975 -0.003898408 -8.603509903 -0.030019147 0.005460636 0.999534488 77.430564880
0.998339593 -0.051269319 0.026258992 6.529708862 0.051406212 0.998667419 -0.004564411 -8.713150978 -0.025989985 0.005906706 0.999644816 78.588455200
0.998477519 -0.049950790 0.023399487 6.595777512 0.050106414 0.998725176 -0.006112278 -8.846791267 -0.023064343 0.007275436 0.999707520 79.763923645
0.998665452 -0.047548320 0.020158309 6.669572830 0.047778465 0.998796284 -0.011092566 -8.976135254 -0.019606609 0.012040894 0.999735236 80.907783508
0.998561442 -0.051144384 0.016101720 6.756035805 0.051399250 0.998552680 -0.015833179 -9.116565704 -0.015268637 0.016638016 0.999744892 82.074562073
0.998430371 -0.054314770 0.013661547 6.815211773 0.054541171 0.998370528 -0.016784115 -9.248878479 -0.012727654 0.017502885 0.999765813 83.202789307
0.998468339 -0.054566804 0.009125313 6.891706944 0.054688647 0.998409688 -0.013683366 -9.377909660 -0.008364145 0.014161458 0.999864757 84.363265991
0.998454869 -0.055120245 0.007038453 6.945839882 0.055197019 0.998412430 -0.011223495 -9.505856514 -0.006408638 0.011594655 0.999912262 85.494934082
0.998595536 -0.052650820 0.005886448 7.002654076 0.052724048 0.998523593 -0.013065840 -9.634640694 -0.005189830 0.013357846 0.999897361 86.638664246
0.998798668 -0.048743047 0.005032720 7.053862095 0.048818983 0.998675227 -0.016264720 -9.766351700 -0.004233262 0.016490873 0.999855042 87.767822266
0.998858571 -0.047616351 0.003760588 7.106065273 0.047678538 0.998688042 -0.018675186 -9.899619102 -0.002866410 0.018833164 0.999818563 88.884521484
0.998803079 -0.048806820 0.003192090 7.152246475 0.048859518 0.998619139 -0.019302346 -10.035631180 -0.002245595 0.019435206 0.999808550 90.021163940
0.998762786 -0.049699776 0.001760198 7.208882332 0.049722601 0.998617709 -0.017038476 -10.168769836 -0.000910957 0.017104916 0.999853253 91.132591248
0.998667002 -0.051612265 0.000561036 7.266235352 0.051615033 0.998566866 -0.014148554 -10.297293663 0.000170007 0.014158652 0.999899805 92.242691040
0.998691201 -0.051142812 0.000710799 7.313100815 0.051147752 0.998599291 -0.013542326 -10.425700188 -0.000017211 0.013560956 0.999908090 93.378005981
0.998668373 -0.051586833 0.000250914 7.360656261 0.051584315 0.998542786 -0.015855812 -10.560613632 0.000567403 0.015847648 0.999874175 94.526344299
0.998663962 -0.051674467 -0.000193361 7.414413929 0.051660854 0.998473883 -0.019520858 -10.689588547 0.001201797 0.019484794 0.999809444 95.625488281
0.998610914 -0.052682284 -0.000806190 7.468914986 0.052654557 0.998400629 -0.020586016 -10.824183464 0.001889419 0.020514974 0.999787748 96.729179382
0.998610139 -0.052704684 -0.000016520 7.512814045 0.052694455 0.998422563 -0.019383581 -10.958436012 0.001038100 0.019355772 0.999812245 97.808555603
0.998627126 -0.052379392 0.000467823 7.562575340 0.052380860 0.998532057 -0.013786569 -11.080941200 0.000254996 0.013792146 0.999904871 98.897926331
0.998716414 -0.050623778 0.001677772 7.614315033 0.050638974 0.998658836 -0.010782635 -11.202028275 -0.001129665 0.010853754 0.999940455 99.972229004
0.998797536 -0.048894186 0.003603494 7.668355465 0.048931252 0.998741210 -0.011039228 -11.315553665 -0.003059204 0.011202276 0.999932587 101.022964478
0.998869300 -0.047235165 0.005380543 7.719333172 0.047298156 0.998805642 -0.012252446 -11.447552681 -0.004795370 0.012493083 0.999910414 102.074195862
0.998846829 -0.047382131 0.007745531 7.772584915 0.047493365 0.998760819 -0.014869031 -11.565366745 -0.007031407 0.015219746 0.999859512 103.089477539
0.998759627 -0.048918501 0.009281400 7.838705063 0.049058151 0.998676121 -0.015466731 -11.685802460 -0.008512504 0.015902873 0.999837339 104.104347229
0.998673141 -0.050259497 0.011223004 7.898411751 0.050421000 0.998621285 -0.014604050 -11.812821388 -0.010473538 0.015150547 0.999830365 105.107032776
0.998652518 -0.050313007 0.012721926 7.961796761 0.050477054 0.998641670 -0.012920417 -11.929921150 -0.012054581 0.013545172 0.999835551 106.066123962
0.998582542 -0.051319551 0.014116090 8.020719528 0.051486596 0.998604715 -0.011735970 -12.038179398 -0.013494109 0.012446126 0.999831498 107.024322510
0.998510778 -0.052177358 0.015931513 8.079234123 0.052374173 0.998553097 -0.012196353 -12.145449638 -0.015272089 0.013012592 0.999798715 107.943199158
0.998495042 -0.051908311 0.017695043 8.138186455 0.052094560 0.998589754 -0.010232114 -12.249600410 -0.017138958 0.011138533 0.999791086 108.847297668
0.998498857 -0.051081374 0.019770212 8.193512917 0.051250182 0.998652875 -0.008127416 -12.348483086 -0.019328419 0.009128442 0.999771535 109.717567444
0.998478711 -0.051104527 0.020701198 8.257276535 0.051215246 0.998675764 -0.004853287 -12.452193260 -0.020425761 0.005906121 0.999773920 110.572257996
0.998439729 -0.051173579 0.022345331 8.316360474 0.051290818 0.998672783 -0.004705389 -12.545320511 -0.022074878 0.005844159 0.999739289 111.398971558
0.998460412 -0.050278515 0.023427632 8.367935181 0.050385118 0.998722017 -0.003982412 -12.635848045 -0.023197461 0.005156686 0.999717534 112.210853577
0.998563766 -0.047958091 0.023883184 8.420258522 0.048060741 0.998837411 -0.003742498 -12.716077805 -0.023675928 0.004884967 0.999707758 112.992881775
0.998704433 -0.045246366 0.023282744 8.464941978 0.045274373 0.998974323 -0.000677050 -12.795146942 -0.023228230 0.001730285 0.999728680 113.749824524
0.998764575 -0.045565914 0.019824667 8.517788887 0.045571309 0.998961091 0.000179850 -12.879153252 -0.019812262 0.000723808 0.999803483 114.507194519
0.998870611 -0.045568395 0.013452816 8.551615715 0.045567591 0.998961270 0.000366567 -12.954294205 -0.013455544 0.000246860 0.999909461 115.204086304
0.999032736 -0.043841936 0.003391000 8.573698044 0.043845519 0.999037862 -0.000990718 -13.029312134 -0.003344303 0.001138440 0.999993801 115.873970032
0.999090075 -0.041278832 -0.010731198 8.574724197 0.041241903 0.999142587 -0.003640517 -13.099957466 0.010872275 0.003194630 0.999935806 116.517181396
0.998789370 -0.039495233 -0.029322462 8.566463470 0.039332431 0.999207497 -0.006108472 -13.172669411 0.029540477 0.004947754 0.999551356 117.131683350
0.997939527 -0.037841283 -0.051814958 8.533313751 0.037454724 0.999262929 -0.008411637 -13.242715836 0.052095063 0.006453590 0.998621345 117.720603943
0.996166229 -0.036434956 -0.079531327 8.491253853 0.035741292 0.999309659 -0.010128565 -13.312173843 0.079845458 0.007247183 0.996780932 118.285385132
0.993198037 -0.034088448 -0.111336231 8.417009354 0.032933444 0.999383092 -0.012197225 -13.380054474 0.111683331 0.008447574 0.993708014 118.826599121
0.988715053 -0.029800663 -0.146814659 8.308591843 0.028124284 0.999513566 -0.013481387 -13.447725296 0.147144988 0.009200194 0.989072204 119.364349365
0.982371271 -0.023673721 -0.185435444 8.194210052 0.021631984 0.999681175 -0.013026278 -13.508508682 0.185684711 0.008785305 0.982570112 119.897087097
0.973764598 -0.018502779 -0.226804003 8.051059723 0.016432263 0.999804318 -0.011013899 -13.566442490 0.226963416 0.006998043 0.973878145 120.389221191
0.962311864 -0.013683268 -0.271603972 7.885093689 0.011599677 0.999889731 -0.009275468 -13.628120422 0.271700829 0.005775373 0.962364495 120.874984741
0.947888136 -0.007807486 -0.318507552 7.690776825 0.004901270 0.999938726 -0.009924887 -13.684350014 0.318565488 0.007846591 0.947868347 121.351036072
0.930445254 -0.000065940 -0.366430759 7.457073212 -0.004220411 0.999931753 -0.010896455 -13.735922813 0.366406441 0.011685043 0.930381536 121.820648193
0.909348965 0.004503250 -0.416009843 7.202518463 -0.010468343 0.999872446 -0.012059091 -13.784971237 0.415902436 0.015320854 0.909280181 122.251441956
0.884089231 0.009560454 -0.467220098 6.930080414 -0.016199851 0.999816775 -0.010195226 -13.850060463 0.467037082 0.016582385 0.884082139 122.675857544
0.854966342 0.012627728 -0.518529654 6.644714355 -0.020761665 0.999735594 -0.009885908 -13.895755768 0.518267751 0.019217659 0.855002403 123.070327759
0.823240280 0.022302678 -0.567254901 6.316692352 -0.031734474 0.999473512 -0.006759145 -13.941336632 0.566805482 0.023565937 0.823514521 123.444656372
0.789236426 0.035335708 -0.613071978 5.965324402 -0.044839822 0.998994112 -0.000145264 -13.986603737 0.612450123 0.027604686 0.790027142 123.798973083
0.753793120 0.044099633 -0.655630410 5.607307434 -0.056043547 0.998424590 0.002722445 -14.025539398 0.654717505 0.034691691 0.755077124 124.096717834
0.713501453 0.048481900 -0.698974371 5.250377655 -0.063656822 0.997962832 0.004240355 -14.081904411 0.697756052 0.041468989 0.715134144 124.396194458
0.670892119 0.049969751 -0.739869416 4.872539520 -0.066163614 0.997781336 0.007393507 -14.125813484 0.738597393 0.043992199 0.672709942 124.680458069
0.626659572 0.053581692 -0.777448833 4.469470978 -0.069703341 0.997488618 0.012562706 -14.158084869 0.776169538 0.046318240 0.628820717 124.948150635
0.581514120 0.062578917 -0.811125755 4.040252686 -0.080993831 0.996536851 0.018817216 -14.195968628 0.809494436 0.054753710 0.584568858 125.180389404
0.536279798 0.071001031 -0.841048598 3.588092804 -0.092539154 0.995394528 0.025024883 -14.216432571 0.838951826 0.064409591 0.540380418 125.387832642
0.489405692 0.076114736 -0.868728101 3.139823914 -0.098429956 0.994639158 0.031695168 -14.240084648 0.866483331 0.069997087 0.494273990 125.579345703
0.442136347 0.077351287 -0.893606305 2.677902222 -0.097730018 0.994497538 0.037729882 -14.265985489 0.891607642 0.070650414 0.447263062 125.757934570
0.394638836 0.079510786 -0.915389657 2.200313568 -0.095393024 0.994410753 0.045249104 -14.291966438 0.913870990 0.069464736 0.400017858 125.933647156
0.349440008 0.081936948 -0.933369100 1.705768585 -0.096912667 0.993986547 0.050975610 -14.311105728 0.931933284 0.072642371 0.355279386 126.070556641
0.305835307 0.085368268 -0.948249459 1.206584930 -0.102568366 0.993129730 0.056327753 -14.331469536 0.946543455 0.080033384 0.312490225 126.185546875
0.264183283 0.086858913 -0.960553348 0.686271667 -0.107236922 0.992406428 0.060245626 -14.348676682 0.958492279 0.087090902 0.271491706 126.287521362
0.224576607 0.082869649 -0.970926344 0.157487869 -0.107094646 0.992440641 0.059934780 -14.362510681 0.968553603 0.090521067 0.231753841 126.391899109
0.189584106 0.078236490 -0.978742540 -0.372022629 -0.102551907 0.992946088 0.059507381 -14.386718750 0.976494253 0.089090265 0.196270093 126.480308533
0.159259140 0.073276289 -0.984513640 -0.920366287 -0.099763475 0.993331254 0.057794411 -14.408126831 0.982183218 0.089014225 0.165507346 126.557502747
0.133001372 0.071566992 -0.988528609 -1.487503052 -0.101126850 0.993164062 0.058296494 -14.426467896 0.985943258 0.092213280 0.139329538 126.622459412
0.110426217 0.071001768 -0.991344929 -2.076577187 -0.101372652 0.993047714 0.059831794 -14.442373276 0.988700986 0.093888290 0.116856158 126.684585571
0.092696130 0.072124138 -0.993078768 -2.674447060 -0.103602320 0.992658019 0.062423110 -14.454581261 0.990289867 0.097098887 0.099487752 126.729545593
0.076019719 0.070419542 -0.994616568 -3.284596443 -0.104588084 0.992563605 0.062280398 -14.479295731 0.991605937 0.099290498 0.082819447 126.787231445
0.061860237 0.069362253 -0.995671690 -3.903756618 -0.103537247 0.992646098 0.062718809 -14.508702278 0.992699981 0.099209309 0.068586886 126.838523865
0.049572393 0.066962250 -0.996523261 -4.544649601 -0.099283978 0.993138433 0.061795890 -14.530837059 0.993823528 0.095875420 0.055880520 126.880172729
0.037632078 0.064449310 -0.997211158 -5.193694115 -0.096943177 0.993446529 0.060547628 -14.548119545 0.994578242 0.094394267 0.043633372 126.914611816
0.027105913 0.063227117 -0.997631013 -5.862046242 -0.096154481 0.993534923 0.060354974 -14.567173958 0.994997203 0.094290704 0.033010233 126.950386047
0.017478907 0.064616337 -0.997757137 -6.533230782 -0.099543929 0.993064046 0.062568575 -14.588407516 0.994879603 0.098227017 0.023789838 126.970359802
0.009138646 0.064481318 -0.997877181 -7.211570740 -0.102266312 0.992746532 0.063213229 -14.615827560 0.994715095 0.101471514 0.015666630 126.984306335
0.002302667 0.063937448 -0.997951269 -7.903135300 -0.104381919 0.992517829 0.063348472 -14.637861252 0.994534612 0.104022197 0.008959353 127.005172729
-0.002771250 0.064900488 -0.997887909 -8.600739479 -0.105228439 0.992332518 0.064831428 -14.655831337 0.994444191 0.105185844 0.004079377 127.019523621
-0.006342468 0.067334801 -0.997710288 -9.321311951 -0.107416660 0.991911530 0.067626283 -14.675053596 0.994193792 0.107599631 0.000941714 127.041229248
-0.006962875 0.071355842 -0.997426629 -10.049008369 -0.109828979 0.991361797 0.071688674 -14.700998306 0.993926048 0.110045508 0.000934212 127.041900635
-0.008118997 0.074327663 -0.997200847 -10.775406837 -0.112813637 0.990799010 0.074768998 -14.713974953 0.993582964 0.113104925 0.000340878 127.053459167
-0.008599522 0.079878986 -0.996767461 -11.516113281 -0.117506273 0.989817321 0.080335796 -14.724096298 0.993034959 0.117817275 0.000874327 127.058532715
-0.010122836 0.083640754 -0.996444523 -12.260187149 -0.119937517 0.989200115 0.084251106 -14.736766815 0.992729843 0.120363943 0.000018156 127.071556091
-0.011764813 0.084534965 -0.996351004 -12.993005753 -0.119518086 0.989157856 0.085335925 -14.762282372 0.992762327 0.120085932 -0.001533800 127.092910767
-0.013211665 0.081466272 -0.996588588 -13.737295151 -0.117082752 0.989693344 0.082454778 -14.780498505 0.993034363 0.117772676 -0.003537200 127.111709595
-0.014817771 0.077862479 -0.996854007 -14.500496864 -0.121040910 0.989491999 0.079086669 -14.784622192 0.992536902 0.121832013 -0.005237520 127.120254517
-0.015677169 0.079392508 -0.996720016 -15.267045975 -0.126076952 0.988729358 0.080739059 -14.795065880 0.991896570 0.126929209 -0.005490910 127.118621826
-0.017246906 0.082993433 -0.996400833 -16.036314011 -0.123078890 0.988793731 0.084490195 -14.809231758 0.992247045 0.124093123 -0.006838892 127.132057190
-0.019355107 0.083096370 -0.996353507 -16.811685562 -0.122134566 0.988880455 0.084845670 -14.826397896 0.992324829 0.123331420 -0.008990947 127.143844604
-0.020921398 0.082205236 -0.996395826 -17.600875854 -0.125160158 0.988558292 0.084186636 -14.840010643 0.991915941 0.126470357 -0.010393200 127.149330139
-0.021383561 0.081985809 -0.996404111 -18.388422012 -0.129836887 0.987964153 0.084077761 -14.845617294 0.991304815 0.131167874 -0.010481413 127.146057129
-0.022721516 0.086569898 -0.995986700 -19.193653107 -0.131727263 0.987298787 0.088819869 -14.853927612 0.991025567 0.133216709 -0.011029311 127.150901794
-0.023480423 0.091017507 -0.995572448 -20.005187988 -0.129925117 0.987123489 0.093309343 -14.864482880 0.991245747 0.131540820 -0.011352621 127.164810181
-0.022302538 0.093360916 -0.995382488 -20.821130753 -0.132190421 0.986613095 0.095500253 -14.875682831 0.990973413 0.133709967 -0.009662559 127.172851562
-0.020268733 0.091980524 -0.995554507 -21.638982773 -0.131628036 0.986846089 0.093855798 -14.879829407 0.991091907 0.132945240 -0.007894903 127.180015564
-0.019063527 0.091887757 -0.995586812 -22.470611572 -0.131712511 0.986858606 0.093604229 -14.883706093 0.991104603 0.132915691 -0.006710234 127.190338135
-0.019146267 0.091274627 -0.995641708 -23.303180695 -0.130177394 0.987119734 0.092996702 -14.892016411 0.991305947 0.131390542 -0.007017768 127.212936401
-0.018204270 0.093330711 -0.995468736 -24.140724182 -0.131142691 0.986809313 0.094917051 -14.898849487 0.991196334 0.132276341 -0.005724502 127.229347229
-0.017869491 0.095294565 -0.995288789 -24.979125977 -0.132778674 0.986404657 0.096827880 -14.899055481 0.990984678 0.133883372 -0.004973466 127.246376038
-0.017757585 0.097761095 -0.995051503 -25.855144501 -0.135568738 0.985782385 0.099269770 -14.899343491 0.990608752 0.136660665 -0.004251766 127.257972717
-0.016138965 0.098749161 -0.994981527 -26.718917847 -0.137786433 0.985397518 0.100032941 -14.895415306 0.990330517 0.138709381 -0.002296998 127.268440247
-0.014329805 0.101902433 -0.994691193 -27.589000702 -0.144681498 0.984112918 0.102903031 -14.895091057 0.989374518 0.145387962 0.000641251 127.280128479
-0.012078319 0.105764687 -0.994317949 -28.464565277 -0.149309307 0.983051360 0.106380016 -14.889226913 0.988716781 0.149745792 0.003918043 127.296394348
-0.010027426 0.107698776 -0.994132936 -29.338977814 -0.151842192 0.982489944 0.107969031 -14.884388924 0.988353968 0.152033970 0.006501374 127.325698853
-0.005991231 0.108525187 -0.994075656 -30.239879608 -0.150826260 0.982622862 0.108183883 -14.884500504 0.988542140 0.150580838 0.010481323 127.342620850
-0.003359809 0.108360879 -0.994105995 -31.130718231 -0.153393909 0.982290387 0.107591361 -14.877304077 0.988159359 0.152851254 0.013321588 127.371200562
-0.000837580 0.112106204 -0.993695915 -32.034584045 -0.153750122 0.981866479 0.110901229 -14.868063927 0.988109410 0.152873725 0.016413948 127.399795532
0.001330259 0.114156961 -0.993461788 -32.951602936 -0.152871311 0.981808841 0.112613231 -14.864302635 0.988245189 0.151722014 0.018757386 127.443511963
0.003206733 0.115530610 -0.993298769 -33.845458984 -0.153592989 0.981574237 0.113671087 -14.860383034 0.988128901 0.152199209 0.020892337 127.481590271
0.005875824 0.113901936 -0.993474603 -34.749240875 -0.155024603 0.981584370 0.111621827 -14.854434967 0.987893105 0.153357133 0.023425216 127.509696960
0.006044351 0.114928961 -0.993355334 -35.656032562 -0.159068286 0.980835438 0.112512544 -14.844291687 0.987249076 0.157331228 0.024210069 127.550857544
0.007048330 0.115712725 -0.993257642 -36.549430847 -0.159914508 0.980629444 0.113106795 -14.839855194 0.987105608 0.158039078 0.025415950 127.587547302
0.007398497 0.112088002 -0.993670762 -37.446521759 -0.160388529 0.980965793 0.109460674 -14.835655212 0.987026155 0.158563539 0.025235305 127.620269775
0.008182818 0.107919812 -0.994125903 -38.350749969 -0.161268771 0.981287718 0.105198696 -14.836946487 0.986876547 0.159460619 0.025433796 127.665664673
0.008612103 0.107057586 -0.994215548 -39.247020721 -0.160860002 0.981451869 0.104289770 -14.831197739 0.986939728 0.159031346 0.025673637 127.707496643
0.008465300 0.111222528 -0.993759453 -40.146514893 -0.163552731 0.980566263 0.108352713 -14.825849533 0.986498356 0.161614805 0.026491532 127.747222900
0.008826817 0.117418818 -0.993043184 -41.084617615 -0.163912505 0.979819179 0.114398226 -14.812777519 0.986435413 0.161762446 0.027895097 127.782173157
0.009094574 0.116160333 -0.993188739 -41.979904175 -0.161724374 0.980324686 0.113174886 -14.812341690 0.986794055 0.159593582 0.027701596 127.825637817
0.009974874 0.105798267 -0.994337559 -42.871955872 -0.160875812 0.981603324 0.102829471 -14.818405151 0.986924231 0.158939168 0.026811752 127.866592407
0.010226504 0.095300481 -0.995396018 -43.791549683 -0.162676305 0.982345343 0.092379697 -14.821738243 0.986626446 0.160982609 0.025549088 127.906867981
0.009242345 0.092241183 -0.995693743 -44.693740845 -0.159550741 0.983115673 0.089594945 -14.829042435 0.987146437 0.158035606 0.023803439 127.950912476
0.009129286 0.102216482 -0.994720280 -45.613304138 -0.152079225 0.983331919 0.099650495 -14.830802917 0.988326132 0.150366530 0.024522120 127.999488831
0.008916105 0.115503974 -0.993267000 -46.563724518 -0.146949604 0.982673526 0.112953015 -14.829174995 0.989103794 0.144953072 0.025734883 128.057846069
0.009111196 0.124498107 -0.992178082 -47.485786438 -0.147127658 0.981587350 0.121818133 -14.819303513 0.989075482 0.144866928 0.027260553 128.101745605
0.009042898 0.118743643 -0.992883801 -48.401912689 -0.147170722 0.982269704 0.116133869 -14.815153122 0.989069760 0.145073205 0.026358154 128.140518188
0.009223818 0.105322041 -0.994395375 -49.330734253 -0.147356808 0.983724058 0.102824926 -14.814195633 0.989040375 0.145582512 0.024593607 128.176544189
0.009901105 0.096482381 -0.995285451 -50.246875763 -0.147831619 0.984538198 0.093969919 -14.813417435 0.988962948 0.146204278 0.024011167 128.218978882
0.010361623 0.096645266 -0.995265007 -51.180793762 -0.146659613 0.984701693 0.094092675 -14.821657181 0.989132702 0.144990206 0.024377067 128.262237549
0.009821958 0.098141454 -0.995123982 -52.117595673 -0.149895370 0.984071791 0.095571980 -14.833629608 0.988653123 0.148225754 0.024376459 128.299087524
0.010313687 0.097482435 -0.995183825 -53.070308685 -0.154887795 0.983380675 0.094721094 -14.839305878 0.987878203 0.153164878 0.025241118 128.335693359
0.010736440 0.096855469 -0.995240510 -54.001861572 -0.156622991 0.983175874 0.093991727 -14.838961601 0.987600088 0.154868409 0.025725599 128.377685547
0.011560284 0.104365714 -0.994471848 -54.949630737 -0.165761203 0.980977952 0.101022691 -14.836521149 0.986098111 0.163676962 0.028640164 128.410751343
0.013192637 0.113946594 -0.993399382 -55.901359558 -0.171414942 0.979036212 0.110022664 -14.831295013 0.985110521 0.168831974 0.032448214 128.446594238
0.014247929 0.121761076 -0.992457151 -56.872707367 -0.171494856 0.978147686 0.117543496 -14.823244095 0.985081971 0.168526500 0.034817971 128.505035400
0.015198790 0.122583225 -0.992341876 -57.815128326 -0.172789335 0.977847219 0.118146278 -14.814264297 0.984841526 0.169670388 0.036043171 128.549499512
0.016354103 0.112816975 -0.993481278 -58.753551483 -0.174475774 0.978691399 0.108265378 -14.809245110 0.984525681 0.171567813 0.035689447 128.602905273
0.017107302 0.108087040 -0.993994236 -59.703990936 -0.172773942 0.979504466 0.103537872 -14.810913086 0.984812975 0.169965029 0.035431303 128.667343140
0.019147683 0.106678709 -0.994109094 -60.641761780 -0.171168908 0.979961753 0.101863630 -14.817848206 0.985055685 0.168210134 0.037024070 128.718734741
0.023003181 0.112313859 -0.993406475 -61.640575409 -0.173440874 0.979049861 0.106674537 -14.806213379 0.984575629 0.169843420 0.042001076 128.767822266
0.026696447 0.114367075 -0.993079722 -62.601573944 -0.176275119 0.978405058 0.107938349 -14.805160522 0.983978868 0.172173694 0.046280000 128.820266724
0.031013012 0.109338567 -0.993520677 -63.551357269 -0.175670877 0.979122341 0.102270409 -14.806619644 0.983960271 0.171360940 0.049573142 128.877639771
0.033510990 0.103766032 -0.994036973 -64.506896973 -0.175500348 0.979752302 0.096358404 -14.814510345 0.983908892 0.171224788 0.051043451 128.948699951
0.037399817 0.103046492 -0.993973076 -65.476211548 -0.173006043 0.980316699 0.095121093 -14.810017586 0.984210491 0.168405831 0.054491326 129.013488770
0.039624847 0.108114831 -0.993348539 -66.450836182 -0.170850262 0.980222344 0.099870972 -14.830388069 0.984499931 0.165756449 0.057312619 129.099258423
0.043196499 0.114879020 -0.992439806 -67.409973145 -0.170233071 0.979686737 0.105993301 -14.831174850 0.984456599 0.164367542 0.061875243 129.175643921
0.045800377 0.118779011 -0.991863847 -68.374443054 -0.167998180 0.979679883 0.109562442 -14.834881783 0.984722733 0.161613315 0.064824365 129.258148193
0.048174761 0.120782919 -0.991509318 -69.358413696 -0.167668179 0.979554176 0.111180037 -14.835390091 0.984665692 0.160888478 0.067441233 129.334777832
0.050013177 0.118230224 -0.991725922 -70.305541992 -0.166226298 0.980104506 0.108461894 -14.837094307 0.984818518 0.159426376 0.068671115 129.414916992
0.050588068 0.116676293 -0.991880834 -71.252685547 -0.164201438 0.980609119 0.106975757 -14.838809013 0.985128820 0.157456577 0.068765536 129.501968384
0.051266134 0.113038830 -0.992267191 -72.195884705 -0.161211252 0.981479824 0.103480875 -14.845098495 0.985587418 0.154659569 0.068539813 129.588485718
0.050698489 0.112497546 -0.992357790 -73.184387207 -0.159409672 0.981808066 0.103157535 -14.834022522 0.985909820 0.152961493 0.067709386 129.673156738
0.050400686 0.117295414 -0.991817236 -74.138473511 -0.156149983 0.981791854 0.108174786 -14.835958481 0.986446619 0.149420157 0.067798659 129.757583618
0.049764670 0.119203240 -0.991621912 -75.102447510 -0.150131851 0.982463777 0.110567965 -14.841702461 0.987412691 0.143371671 0.066788189 129.853759766
0.049310327 0.114331499 -0.992218137 -76.062965393 -0.147524476 0.983363986 0.105979733 -14.824184418 0.987828314 0.141150534 0.065356687 129.931671143
0.048052382 0.110205121 -0.992746592 -77.019828796 -0.149052203 0.983557522 0.101970427 -14.822257996 0.987661064 0.143071130 0.063688606 130.010070801
0.046886042 0.107557327 -0.993092775 -77.968765259 -0.145548552 0.984311223 0.099734597 -14.825713158 0.988239467 0.139867052 0.061805267 130.091033936
0.045298833 0.108334847 -0.993081868 -78.932868958 -0.145658806 0.984194636 0.100721180 -14.828756332 0.988297284 0.140088573 0.060362775 130.163162231
0.044333924 0.109416001 -0.993006885 -79.884841919 -0.146803379 0.983907223 0.101859152 -14.830526352 0.988171697 0.141260937 0.059683114 130.239990234
0.043061532 0.109613851 -0.993041039 -80.839988708 -0.148402616 0.983638108 0.102140710 -14.831510544 0.987989068 0.142971575 0.058623947 130.310897827
0.041678574 0.110702053 -0.992979407 -81.789321899 -0.148141593 0.983542562 0.103432015 -14.834995270 0.988087595 0.142790645 0.057392228 130.377410889
0.039516602 0.111024536 -0.993031621 -82.754226685 -0.148152709 0.983474553 0.104060441 -14.836722374 0.988174617 0.143008232 0.055312146 130.448379517
0.037559099 0.113126248 -0.992870450 -83.699317932 -0.148380622 0.983188748 0.106410049 -14.828782082 0.988216817 0.143326074 0.053713426 130.524230957
0.036158241 0.116883464 -0.992487192 -84.653480530 -0.149730667 0.982559741 0.110259339 -14.820941925 0.988065422 0.144619003 0.053028662 130.580993652
0.033348266 0.121908367 -0.991980970 -85.597869873 -0.150684729 0.981800675 0.115591593 -14.812918663 0.988019228 0.145621628 0.051111083 130.651641846
0.031398468 0.121497229 -0.992094994 -86.542030334 -0.150534526 0.981837273 0.115476795 -14.807136536 0.988105953 0.145718753 0.049117718 130.714645386
0.030229315 0.117223248 -0.992645383 -87.488403320 -0.151201636 0.982207358 0.111386009 -14.808430672 0.988040686 0.146722466 0.047415793 130.770294189
0.028441425 0.111561939 -0.993350387 -88.435890198 -0.155181065 0.982197046 0.105866216 -14.787899971 0.987476528 0.151138172 0.045247395 130.821197510
0.027216474 0.109432325 -0.993621588 -89.378654480 -0.153079361 0.982722044 0.104038879 -14.785495758 0.987839103 0.149271384 0.043498062 130.885375977
0.026993832 0.110334560 -0.993528008 -90.345947266 -0.148079723 0.983366132 0.105182774 -14.782196999 0.988606930 0.144282058 0.042883124 130.933990479
0.026470853 0.111679360 -0.993391752 -91.294799805 -0.145276070 0.983619750 0.106709629 -14.780961990 0.989036977 0.141491324 0.042261597 130.993255615
0.025212556 0.111525975 -0.993441641 -92.239852905 -0.139648780 0.984406531 0.106967539 -14.785257339 0.989880025 0.136035964 0.040393874 131.059173584
0.023818798 0.108706802 -0.993788540 -93.181549072 -0.135750502 0.985214889 0.104515344 -14.788979530 0.990456760 0.132417828 0.038223647 131.122848511
0.023153713 0.105428010 -0.994157255 -94.126907349 -0.130692586 0.986209333 0.101541333 -14.791873932 0.991152585 0.127577931 0.036613066 131.183746338
0.021406820 0.108278200 -0.993890047 -95.106964111 -0.129003376 0.986106575 0.104651712 -14.797145844 0.991412997 0.125974938 0.035077658 131.238067627
0.019899108 0.110734485 -0.993650734 -96.053825378 -0.128299043 0.985913515 0.107302889 -14.796258926 0.991535902 0.125349209 0.033825926 131.295578003
0.018793175 0.108513393 -0.993917346 -97.012641907 -0.124285586 0.986635983 0.105368428 -14.791387558 0.992068529 0.121549375 0.032028668 131.340621948
0.016615488 0.105630614 -0.994266510 -97.963470459 -0.121331997 0.987268150 0.102859497 -14.794397354 0.992472947 0.118927293 0.029220317 131.390533447
0.012565792 0.103444003 -0.994555891 -98.927803040 -0.120171577 0.987581491 0.101200275 -14.795171738 0.992673576 0.118245699 0.024840770 131.446411133
0.009887692 0.102571070 -0.994676590 -99.882759094 -0.114615351 0.988285482 0.100772679 -14.803654671 0.993360698 0.113008782 0.021528080 131.493438721
0.007869462 0.102524787 -0.994699359 -100.841781616 -0.107761897 0.989024162 0.101087302 -14.796697617 0.994145572 0.106395170 0.018831352 131.532730103
0.005156332 0.110735081 -0.993836582 -101.804290771 -0.097949833 0.989126444 0.109702088 -14.799777031 0.995177984 0.096780457 0.015946744 131.593826294
0.002602533 0.118809037 -0.992913783 -102.761138916 -0.089906685 0.988923728 0.118095964 -14.794511795 0.995946765 0.088962212 0.013255431 131.646224976
-0.000072097 0.118390106 -0.992967188 -103.714073181 -0.085824698 0.989302576 0.117959432 -14.787957191 0.996310174 0.085229598 0.010089472 131.687973022
-0.002936654 0.108632393 -0.994077623 -104.667457581 -0.086802706 0.990302086 0.108476244 -14.791608810 0.996221185 0.086607188 0.006521413 131.719985962
-0.004882718 0.099246569 -0.995050907 -105.615371704 -0.088695668 0.991097987 0.099287540 -14.788430214 0.996046782 0.088741504 0.003963490 131.753356934
-0.005103292 0.101007640 -0.994872510 -106.581512451 -0.096195243 0.990221977 0.101028919 -14.791513443 0.995349348 0.096217595 0.004663065 131.765594482
-0.005928431 0.110081963 -0.993904769 -107.543922424 -0.099431865 0.988931715 0.110124275 -14.775987625 0.995026648 0.099478669 0.005082844 131.801361084
-0.007492547 0.121370807 -0.992578983 -108.506813049 -0.103377901 0.987194359 0.121492729 -14.762639046 0.994613945 0.103521027 0.005150459 131.828979492
-0.009051185 0.123183720 -0.992342591 -109.451454163 -0.110328019 0.986201465 0.123427704 -14.751502037 0.993853986 0.110600375 0.004664327 131.858261108
-0.008335309 0.119939655 -0.992746174 -110.444747925 -0.117748111 0.985756218 0.120083787 -14.729209900 0.993008435 0.117894933 0.005906084 131.869979858
-0.008704378 0.115781218 -0.993236601 -111.398399353 -0.125776708 0.985258818 0.115953520 -14.714535713 0.992020369 0.125935331 0.005986517 131.894149780
-0.006283763 0.117830627 -0.993013859 -112.367424011 -0.130317181 0.984468341 0.117641263 -14.694371223 0.991452396 0.130146012 0.009169189 131.913085938
-0.004598906 0.119120941 -0.992869198 -113.349075317 -0.138691008 0.983207941 0.118604265 -14.675142288 0.990325153 0.138247415 0.011999328 131.933029175
-0.004096472 0.121824086 -0.992543280 -114.312843323 -0.147927850 0.981557667 0.121086255 -14.657745361 0.988989711 0.147320807 0.014000252 131.952407837
-0.003641169 0.124123156 -0.992260098 -115.289054871 -0.153475240 0.980441272 0.123207904 -14.635651588 0.988145769 0.152735993 0.015479877 131.975418091
-0.003234690 0.123423398 -0.992348850 -116.256065369 -0.157707825 0.979872406 0.122385710 -14.621254921 0.987480521 0.156897053 0.016295251 132.007568359
-0.001713603 0.113743655 -0.993508697 -117.210975647 -0.156585097 0.981224060 0.112607300 -14.621496201 0.987663031 0.155761585 0.016129132 132.039443970
-0.000254860 0.102127090 -0.994771242 -118.162872314 -0.159858391 0.981974423 0.100854255 -14.610601425 0.987139881 0.159048259 0.016075606 132.074554443
