1.000000000 0.000000000 0.000000000 0.000000000 0.000000000 1.000000000 0.000000000 0.000000000 0.000000000 0.000000000 1.000000000 0.000000000
0.999997914 -0.001550457 -0.001336938 0.048950117 0.001547621 0.999996543 -0.002119571 -0.132759884 0.001340220 0.002117498 0.999996841 1.298079133
0.999997675 -0.000018212 -0.002169808 0.105147697 0.000004520 0.999980032 -0.006309756 -0.267463982 0.002169880 0.006309731 0.999977767 2.603239775
0.999996066 0.002448943 -0.001354047 0.148725718 -0.002459527 0.999965966 -0.007870375 -0.405992687 0.001334727 0.007873673 0.999968112 3.906517982
0.999983311 0.005752779 0.000198705 0.192850381 -0.005751343 0.999961793 -0.006599254 -0.544213593 -0.000236661 0.006598002 0.999978185 5.220538139
0.999975741 0.006546588 0.002374236 0.242609456 -0.006538844 0.999973297 -0.003255038 -0.689497709 -0.002395482 0.003239435 0.999991834 6.539432526
0.999960780 0.006824223 0.005644838 0.299641907 -0.006813743 0.999975026 -0.001873603 -0.827257156 -0.005657484 0.001835066 0.999982357 7.843674660
0.999943674 0.005404328 0.009132019 0.352886736 -0.005387278 0.999983668 -0.001890592 -0.960428596 -0.009142090 0.001841289 0.999956489 9.147909164
0.999913931 0.004014648 0.012484936 0.430424988 -0.003992398 0.999990463 -0.001806568 -1.097339869 -0.012492068 0.001756568 0.999920428 10.447729111
0.999871433 0.002797217 0.015786478 0.495860338 -0.002757651 0.999993145 -0.002527490 -1.235424519 -0.015793435 0.002483631 0.999872208 11.758004189
0.999817193 0.001622224 0.019052261 0.572241902 -0.001558423 0.999993145 -0.003363142 -1.371225357 -0.019057583 0.003332836 0.999812782 13.051519394
0.999747753 0.001496714 0.022406811 0.643602014 -0.001420120 0.999993026 -0.003433826 -1.516289711 -0.022411795 0.003401139 0.999743044 14.375147820
0.999668777 0.001352061 0.025701439 0.729060233 -0.001238132 0.999989331 -0.004448188 -1.654970646 -0.025707183 0.004414893 0.999659717 15.671472549
0.999575555 0.002360346 0.029037720 0.805765927 -0.002227506 0.999986827 -0.004606263 -1.791198015 -0.029048210 0.004539625 0.999567628 16.980390549
0.999478817 0.001890523 0.032226618 0.895681918 -0.001754243 0.999989271 -0.004256546 -1.929350019 -0.032234326 0.004197794 0.999471545 18.267826080
0.999406338 0.000467362 0.034449775 0.995858908 -0.000341244 0.999993145 -0.003666718 -2.077276230 -0.034451261 0.003652785 0.999399722 19.568590164
0.999341547 -0.001949432 0.036229551 1.090364218 0.002129815 0.999985456 -0.004940978 -2.217885017 -0.036219388 0.005014887 0.999331295 20.845321655
0.999310493 -0.001624149 0.037090782 1.194422126 0.001869076 0.999976695 -0.006569719 -2.361675262 -0.037079241 0.006634515 0.999290287 22.152839661
0.999270678 -0.001561224 0.038152535 1.279286623 0.001920192 0.999954283 -0.009373948 -2.504854441 -0.038136151 0.009440372 0.999227881 23.443529129
0.999225199 -0.000954264 0.039346501 1.377788901 0.001377568 0.999941409 -0.010732652 -2.646881342 -0.039333954 0.010778536 0.999167979 24.724113464
0.999181211 -0.000362580 0.040459756 1.478757620 0.000826921 0.999934018 -0.011460450 -2.791991234 -0.040452931 0.011484523 0.999115467 25.993110657
0.999166191 -0.001851388 0.040783886 1.580395699 0.002272308 0.999944568 -0.010276800 -2.940379143 -0.040762596 0.010360906 0.999115109 27.278467178
0.999161184 -0.004900493 0.040656243 1.685448170 0.005276525 0.999944210 -0.009146909 -3.084807873 -0.040609155 0.009353761 0.999131322 28.555711746
0.999185085 -0.006225309 0.039880548 1.779634237 0.006613920 0.999931872 -0.009619861 -3.232295752 -0.039817952 0.009875789 0.999158144 29.846809387
0.999202251 -0.007899699 0.039143916 1.881408334 0.008386712 0.999889314 -0.012293040 -3.376208544 -0.039042473 0.012611521 0.999157965 31.110244751
0.999237239 -0.007954255 0.038231153 1.993022442 0.008432743 0.999887943 -0.012370757 -3.523832798 -0.038128458 0.012683717 0.999192357 32.396293640
0.999254227 -0.008635678 0.037635379 2.089751244 0.009124749 0.999875903 -0.012842637 -3.666284800 -0.037519798 0.013176471 0.999208987 33.664016724
0.999267399 -0.009157798 0.037157491 2.186162233 0.009637872 0.999872148 -0.012761437 -3.812398434 -0.037035879 0.013110208 0.999227941 34.923522949
0.999281228 -0.009654213 0.036656681 2.278111458 0.010149263 0.999859452 -0.013342999 -3.955502987 -0.036522716 0.013705446 0.999238908 36.180206299
0.999323308 -0.010298684 0.035311658 2.395140171 0.010782146 0.999850273 -0.013528221 -4.110968113 -0.035167053 0.013899802 0.999284744 37.468318939
0.999323905 -0.009992816 0.035383478 2.484700203 0.010418303 0.999875367 -0.011861129 -4.255673885 -0.035260540 0.012221747 0.999303401 38.725521088
0.999289036 -0.009858825 0.036390644 2.591661692 0.010255439 0.999889791 -0.010728183 -4.396162987 -0.036280863 0.011093755 0.999280035 39.994132996
0.999213517 -0.011606409 0.037917260 2.706212044 0.011958745 0.999887228 -0.009078666 -4.539564133 -0.037807614 0.009524968 0.999239624 41.246131897
0.999098003 -0.012580182 0.040558267 2.796257496 0.013007410 0.999862492 -0.010287072 -4.683849812 -0.040423278 0.010805350 0.999124229 42.506092072
0.998978615 -0.013617584 0.043084435 2.889949560 0.014210205 0.999808252 -0.013478581 -4.832959175 -0.042892620 0.014077052 0.998980582 43.754581451
0.998884082 -0.015005533 0.044781335 3.003031254 0.015668189 0.999772370 -0.014483464 -4.978224754 -0.044553801 0.015168946 0.998891830 45.009231567
0.998764575 -0.015221800 0.047300465 3.125772953 0.015866013 0.999786079 -0.013274096 -5.112670422 -0.047088288 0.014008168 0.998792529 46.241916656
0.998562634 -0.016304333 0.051057160 3.234469891 0.016826965 0.999810159 -0.009823046 -5.269492626 -0.050887316 0.010668065 0.998647451 47.506755829
0.998305142 -0.019253416 0.054919623 3.354013205 0.019714003 0.999774754 -0.007857081 -5.407060146 -0.054755975 0.008926450 0.998459876 48.735847473
0.998072565 -0.021324953 0.058278903 3.487424612 0.021843066 0.999727190 -0.008267581 -5.548691273 -0.058086701 0.009524637 0.998266101 49.985057831
0.997791588 -0.024791781 0.061621659 3.631168127 0.025572244 0.999601960 -0.011909023 -5.687067986 -0.061301887 0.013458529 0.998028457 51.214962006
0.997526586 -0.026030438 0.065292634 3.770606518 0.026877547 0.999565125 -0.012129300 -5.820610046 -0.064948514 0.013854206 0.997792423 52.445144653
0.997168601 -0.028529540 0.069577329 3.897206783 0.029271135 0.999524713 -0.009662211 -5.960872173 -0.069268614 0.011671460 0.997529745 53.662891388
0.996905327 -0.031196365 0.072158508 4.056880474 0.031730920 0.999476850 -0.006273324 -6.096471786 -0.071925074 0.008543565 0.997373462 54.874713898
0.996681273 -0.033579409 0.074154660 4.207080841 0.034011427 0.999410927 -0.004570376 -6.228243351 -0.073957525 0.007077313 0.997236252 56.092475891
0.996473670 -0.037179962 0.075218059 4.361645699 0.037397787 0.999299347 -0.001489051 -6.353247166 -0.075109988 0.004296789 0.997165978 57.304939270
0.996308506 -0.040109199 0.075898685 4.507885456 0.040212892 0.999191105 0.000162243 -6.483062267 -0.075843796 0.002890462 0.997115493 58.509220123
0.996271193 -0.042353604 0.075165942 4.661790848 0.042700931 0.999083340 -0.003019116 -6.606897831 -0.074969172 0.006217514 0.997166455 59.710018158
0.996280193 -0.043584481 0.074338742 4.808887005 0.044249646 0.998993635 -0.007323545 -6.735592842 -0.073944733 0.010585764 0.997206211 60.895782471
0.996294260 -0.044841669 0.073396161 4.940684795 0.045797467 0.998885810 -0.011390866 -6.863808632 -0.072803587 0.014710014 0.997237802 62.098342896
0.996368706 -0.046416994 0.071378507 5.092745304 0.047514994 0.998775661 -0.013761534 -6.997243881 -0.070652358 0.017103111 0.997354388 63.293037415
0.996465564 -0.046982545 0.069634497 5.219799042 0.048055515 0.998749137 -0.013813323 -7.134501934 -0.068898395 0.017110823 0.997476935 64.475219727
0.996685445 -0.046416987 0.066809408 5.352675438 0.047396127 0.998789668 -0.013145266 -7.269140244 -0.066118367 0.016268205 0.997679174 65.652267456
0.996949732 -0.045218538 0.063611045 5.472664833 0.046024889 0.998876750 -0.011267834 -7.409761429 -0.063030072 0.014161156 0.997911155 66.858734131
0.997349918 -0.041542426 0.059726160 5.595144272 0.042085636 0.999083042 -0.007865414 -7.538239002 -0.059344642 0.010358185 0.998183787 68.032119751
0.997597873 -0.039817624 0.056686256 5.711056709 0.040182579 0.999178231 -0.005312397 -7.667153835 -0.056428146 0.007577434 0.998377919 69.226470947
0.997812748 -0.039058242 0.053331923 5.822985172 0.039537780 0.999186397 -0.007965794 -7.806205273 -0.052977402 0.010056997 0.998545051 70.391296387
0.997983575 -0.039270744 0.049867574 5.934271336 0.040071893 0.999081790 -0.015168468 -7.932806015 -0.049226098 0.017136170 0.998640716 71.561653137
0.998017967 -0.043037519 0.045910258 6.045528889 0.043917283 0.998867035 -0.018328816 -8.077240944 -0.045069411 0.020308742 0.998777390 72.755065918
0.998032153 -0.046366401 0.042212646 6.145123005 0.046956122 0.998811245 -0.013087321 -8.215458870 -0.041555654 0.015043708 0.999022901 73.921218872
0.998013496 -0.050536104 0.037619278 6.252814293 0.050904788 0.998663783 -0.008907366 -8.338202477 -0.037118863 0.010804674 0.999252379 75.094947815
0.998072147 -0.052328084 0.033373475 6.345646858 0.052567184 0.998597264 -0.006327171 -8.457746506 -0.032995570 0.008069325 0.999422908 76.266494751
0.998256385 -0.051399440 0.029022554 6.429935455 0.051525522 0.998665154 -0.003612808 -8.590662956 -0.028798120 0.005101911 0.999572217 77.424835205
0.998377264 -0.051041640 0.025253074 6.515572548 0.051141556 0.998685896 -0.003326506 -8.711695671 -0.025050100 0.004612589 0.999675512 78.581848145
0.998536825 -0.049418725 0.021956904 6.593234539 0.049531505 0.998761892 -0.004622225 -8.845692635 -0.021701297 0.005703021 0.999748230 79.747207642
0.998665750 -0.047841921 0.019439494 6.648818016 0.048046790 0.998792887 -0.010211759 -8.968256950 -0.018927477 0.011132140 0.999758899 80.895843506
0.998574495 -0.051112618 0.015378846 6.733414650 0.051353045 0.998557687 -0.015667476 -9.093995094 -0.014555857 0.016434891 0.999759018 82.038536072
0.998410940 -0.055121344 0.011719063 6.805323124 0.055308405 0.998336434 -0.016286908 -9.228528023 -0.010801813 0.016909186 0.999798715 83.201705933
0.998437107 -0.055268943 0.008288015 6.860762119 0.055370506 0.998386741 -0.012571884 -9.365624428 -0.007579810 0.013011146 0.999886572 84.345314026
0.998417318 -0.055922184 0.005962569 6.915756702 0.055979978 0.998381734 -0.010010035 -9.492343903 -0.005393138 0.010327975 0.999932110 85.476219177
0.998579443 -0.053026065 0.005215733 6.964092255 0.053082358 0.998525977 -0.011323305 -9.625767708 -0.004607615 0.011584085 0.999922335 86.621032715
0.998746395 -0.049894080 0.004026109 7.022287846 0.049948607 0.998641789 -0.014819711 -9.754316330 -0.003281225 0.015002230 0.999882102 87.754653931
0.998805225 -0.048778821 0.002959384 7.072072983 0.048822742 0.998658597 -0.017243365 -9.885981560 -0.002114303 0.017367247 0.999846935 88.872085571
0.998756766 -0.049811598 0.001931457 7.127144814 0.049838118 0.998598993 -0.017780788 -10.019336700 -0.001043061 0.017854942 0.999840021 89.984901428
0.998703897 -0.050880514 0.001282986 7.169179916 0.050894186 0.998587549 -0.015251731 -10.156460762 -0.000505158 0.015297259 0.999882817 91.118682861
0.998608828 -0.052729405 0.000044017 7.226942062 0.052726112 0.998536348 -0.012050256 -10.284729004 0.000591451 0.012035809 0.999927402 92.228996277
0.998634219 -0.052245192 -0.000254420 7.277008057 0.052238520 0.998564363 -0.011851976 -10.407965660 0.000873264 0.011822497 0.999929726 93.366325378
0.998597085 -0.052948285 -0.000593218 7.321666718 0.052934628 0.998498023 -0.014129878 -10.537722588 0.001340480 0.014078656 0.999899924 94.508010864
0.998587847 -0.053111725 -0.001183991 7.377839088 0.053082418 0.998432517 -0.017744258 -10.665635109 0.002124563 0.017656352 0.999841750 95.607826233
0.998536408 -0.054052640 -0.001815616 7.432083130 0.054008789 0.998361468 -0.018905738 -10.796113014 0.002834546 0.018780008 0.999819577 96.712059021
0.998528659 -0.054218058 -0.000964170 7.469569206 0.054192685 0.998374820 -0.017631734 -10.930928230 0.001918561 0.017553544 0.999844015 97.791519165
0.998548865 -0.053849820 -0.000649307 7.520103931 0.053837907 0.998475134 -0.012201074 -11.050214767 0.001305342 0.012148413 0.999925375 98.882492065
0.998647332 -0.051994909 0.000510103 7.569086075 0.051997393 0.998606980 -0.008964550 -11.171257019 -0.000043282 0.008978947 0.999959707 99.940277100
0.998723269 -0.050463360 0.002316452 7.624210358 0.050482985 0.998680890 -0.009382556 -11.282415390 -0.001839921 0.009487519 0.999953330 100.992553711
0.998808861 -0.048591956 0.004457193 7.667986870 0.048637144 0.998759568 -0.010660639 -11.409730911 -0.003933644 0.010864726 0.999933243 102.043128967
0.998784959 -0.048796140 0.006893344 7.721402168 0.048884671 0.998715699 -0.013318397 -11.525540352 -0.006234604 0.013639196 0.999887526 103.059776306
0.998697221 -0.050296877 0.008604670 7.781877518 0.050412722 0.998632848 -0.013822164 -11.643390656 -0.007897695 0.014237944 0.999867439 104.075767517
0.998600304 -0.051909845 0.010139421 7.848848343 0.052039798 0.998560369 -0.013003276 -11.769539833 -0.009449825 0.013512729 0.999863982 105.066253662
0.998592317 -0.051732663 0.011707101 7.908337593 0.051865831 0.998589396 -0.011372402 -11.884362221 -0.011102262 0.011963594 0.999866724 106.023544312
0.998508036 -0.052932490 0.013421908 7.962401867 0.053069983 0.998539805 -0.010103771 -11.991886139 -0.012867492 0.010800996 0.999858856 106.981262207
0.998443007 -0.053693969 0.015121534 8.020314217 0.053853851 0.998494983 -0.010371377 -12.098527908 -0.014541895 0.011169582 0.999831855 107.897247314
0.998433828 -0.053297918 0.017005973 8.077202797 0.053448386 0.998534262 -0.008519378 -12.199790955 -0.016526982 0.009414977 0.999819100 108.803810120
0.998451591 -0.052201252 0.019220376 8.129986763 0.052335735 0.998607934 -0.006561273 -12.295730591 -0.018851113 0.007557028 0.999793768 109.675521851
0.998424828 -0.052427892 0.019976363 8.194510460 0.052502904 0.998615503 -0.003249147 -12.398450851 -0.019778352 0.004292846 0.999795318 110.533493042
0.998394728 -0.052423827 0.021438206 8.255436897 0.052504852 0.998615503 -0.003233659 -12.489157677 -0.021239005 0.004354079 0.999764979 111.360847473
0.998414278 -0.051386349 0.022987628 8.299522400 0.051458433 0.998671830 -0.002554554 -12.577479362 -0.022825830 0.003733410 0.999732494 112.172729492
0.998507380 -0.049236923 0.023639116 8.348147392 0.049305338 0.998781145 -0.002319891 -12.656797409 -0.023496080 0.003481962 0.999717891 112.950897217
0.998658836 -0.046379723 0.023007341 8.389865875 0.046377912 0.998923838 0.000612291 -12.734194756 -0.023010980 0.000455563 0.999735117 113.706718445
0.998722136 -0.046493467 0.019815700 8.440073013 0.046467114 0.998918235 0.001788775 -12.818882942 -0.019877430 -0.000865710 0.999802172 114.457550049
0.998827696 -0.046433326 0.013682068 8.472911835 0.046413630 0.998920798 0.001753798 -12.891346931 -0.013748737 -0.001116708 0.999904811 115.155456543
0.998985469 -0.044909861 0.003354833 8.496079445 0.044907946 0.998991013 0.000643918 -12.967225075 -0.003380366 -0.000492606 0.999994159 115.822624207
0.999068379 -0.041946586 -0.010140244 8.489193916 0.041927390 0.999118507 -0.002098590 -13.037434578 0.010219336 0.001671480 0.999946475 116.462486267
0.998733640 -0.040621825 -0.029680718 8.497226715 0.040498082 0.999168217 -0.004758823 -13.104431152 0.029849349 0.003550784 0.999548078 117.092872620
0.997876525 -0.038962055 -0.052194916 8.463837624 0.038655046 0.999228895 -0.006879084 -13.175868034 0.052422687 0.004846879 0.998613238 117.680320740
0.996085227 -0.037504807 -0.080047496 8.422821999 0.036911920 0.999279082 -0.008874168 -13.242078781 0.080322616 0.005884720 0.996751547 118.255187988
0.993081629 -0.035575226 -0.111907810 8.348047256 0.034574118 0.999342918 -0.010874422 -13.308661461 0.112221144 0.006930075 0.993659079 118.798934937
0.988703191 -0.030407859 -0.146770135 8.233459473 0.028901001 0.999505520 -0.012388844 -13.374015808 0.147074267 0.008007085 0.989093065 119.333580017
0.982322097 -0.024743309 -0.185556054 8.124782562 0.022957405 0.999667168 -0.011767384 -13.437285423 0.185785443 0.007299476 0.982563138 119.847953796
0.973708749 -0.019239817 -0.226982504 7.982530594 0.017448884 0.999798715 -0.009894211 -13.493976593 0.227127209 0.005673490 0.973848462 120.351074219
0.962224841 -0.014774076 -0.271854937 7.811132431 0.012970558 0.999880314 -0.008429921 -13.552340508 0.271946967 0.004585369 0.962301254 120.846237183
0.947943628 -0.008586874 -0.318322599 7.619148254 0.006097536 0.999942541 -0.008815786 -13.611410141 0.318379998 0.006415884 0.947941422 121.307647705
0.930297375 -0.000743535 -0.366805613 7.396808624 -0.003166016 0.999944389 -0.010056645 -13.661765099 0.366792619 0.010516981 0.930243254 121.782012939
0.909199178 0.003948343 -0.416342586 7.131347656 -0.009245809 0.999899805 -0.010708329 -13.719911575 0.416258723 0.013585431 0.909144640 122.217140198
0.883979023 0.008312904 -0.467452765 6.863212585 -0.014498180 0.999848425 -0.009636146 -13.772033691 0.467301905 0.015295363 0.883965492 122.628059387
0.854671061 0.011236391 -0.519048214 6.580085754 -0.019191496 0.999766171 -0.009957949 -13.810497284 0.518814981 0.018472085 0.854686916 123.031967163
0.823355377 0.021370992 -0.567123711 6.246414185 -0.030195441 0.999524951 -0.006172795 -13.868129730 0.566722393 0.022206958 0.823609412 123.394897461
0.788791537 0.033653546 -0.613738835 5.906883240 -0.042501215 0.999096394 0.000160545 -13.909564972 0.613189697 0.025958002 0.789509118 123.755378723
0.752744198 0.042523086 -0.656938136 5.549686432 -0.053787664 0.998547852 0.003003285 -13.953443527 0.656112015 0.033074468 0.753938496 124.067665100
0.712960541 0.046182197 -0.699681699 5.178478241 -0.061046164 0.998128116 0.003676311 -13.998065948 0.698541760 0.040091820 0.714445233 124.366943359
0.670413256 0.048183296 -0.740421712 4.798442841 -0.063899562 0.997931242 0.007083115 -14.048060417 0.739231229 0.042564016 0.672105312 124.647888184
0.626291275 0.051420551 -0.777891457 4.392864227 -0.066969343 0.997682512 0.012031322 -14.084640503 0.776707292 0.044559769 0.628283501 124.916091919
0.581144631 0.060043801 -0.811582208 3.968959808 -0.078218497 0.996778429 0.017735869 -14.117404938 0.810032666 0.053173639 0.583968937 125.143852234
0.535580099 0.068695739 -0.841685772 3.524581909 -0.089843668 0.995664418 0.024093829 -14.141170502 0.839691758 0.062715963 0.539429843 125.351730347
0.488768846 0.073930994 -0.869274974 3.066703796 -0.095640987 0.994937956 0.030842282 -14.170181274 0.867155015 0.068063594 0.493365467 125.553764343
0.441265106 0.075285628 -0.894213200 2.605621338 -0.094987169 0.994795024 0.036880761 -14.197307587 0.892335415 0.068664588 0.446119547 125.732940674
0.394359529 0.076668762 -0.915752411 2.129402161 -0.092284821 0.994780123 0.043543614 -14.216282845 0.914310694 0.067338221 0.399376392 125.902542114
0.348076731 0.080077454 -0.934039712 1.632129669 -0.094505303 0.994266748 0.050022762 -14.245172501 0.932690382 0.070859954 0.353648871 126.053215027
0.304579049 0.083232887 -0.948843360 1.131912231 -0.100228176 0.993444741 0.054972041 -14.264449120 0.947199047 0.078357518 0.310924739 126.165954590
0.263113290 0.084535494 -0.961054087 0.611145020 -0.105077162 0.992738664 0.058554918 -14.280629158 0.959025681 0.085578270 0.270085484 126.265220642
0.223486662 0.081252687 -0.971314430 0.083951950 -0.105425656 0.992688298 0.058783606 -14.298934937 0.968988776 0.089264102 0.230418667 126.367225647
0.188442081 0.076153547 -0.979127288 -0.455205917 -0.100800134 0.993223369 0.057849981 -14.321856499 0.976897597 0.087794788 0.194841370 126.456596375
0.157969132 0.070890866 -0.984896064 -1.004009247 -0.098170675 0.993605435 0.055772007 -14.342575073 0.982551873 0.087877646 0.163918391 126.534568787
0.131719291 0.069357708 -0.988857746 -1.571718216 -0.099428415 0.993443012 0.056435116 -14.363245010 0.986288011 0.090886950 0.137751743 126.598304749
0.109797947 0.068796203 -0.991570175 -2.164869308 -0.099814586 0.993321955 0.057865143 -14.378299713 0.988929451 0.092619695 0.115931563 126.652336121
0.090902530 0.070162743 -0.993385136 -2.758850098 -0.102142073 0.992911041 0.060782477 -14.394742012 0.990607798 0.095941119 0.097424671 126.708717346
0.074758954 0.068091623 -0.994874120 -3.368513107 -0.102628939 0.992893696 0.060244109 -14.417091370 0.991906464 0.097599104 0.081215873 126.761680603
0.060395904 0.067032680 -0.995921195 -3.988204002 -0.101534881 0.992979705 0.060677312 -14.447983742 0.992997050 0.097456053 0.066778064 126.813583374
0.048392087 0.064605080 -0.996736825 -4.628550053 -0.097344875 0.993460536 0.059666563 -14.471486092 0.994073510 0.094139837 0.054364588 126.852134705
0.037071906 0.062312588 -0.997368038 -5.282034874 -0.095287755 0.993726790 0.058543287 -14.489865303 0.994759321 0.092866652 0.042776965 126.878715515
0.025849987 0.060980938 -0.997804165 -5.943476677 -0.094317228 0.993833959 0.058294836 -14.509894371 0.995206475 0.092603207 0.031442150 126.921531677
0.016119502 0.062383648 -0.997922122 -6.615588188 -0.097704336 0.993373632 0.060521081 -14.532790184 0.995084941 0.096525751 0.022107840 126.941246033
0.007890468 0.062240534 -0.998030066 -7.293393135 -0.100413769 0.993065596 0.061137058 -14.561878204 0.994914412 0.099733539 0.014085557 126.954658508
0.001249094 0.061528321 -0.998104572 -7.985443592 -0.102417432 0.992864668 0.061077144 -14.583690643 0.994740665 0.102147020 0.007541755 126.971885681
-0.003825385 0.062480032 -0.998038888 -8.683911324 -0.103153378 0.992697358 0.062541015 -14.602980614 0.994658113 0.103190318 0.002647576 126.985527039
-0.007502759 0.064799473 -0.997870088 -9.407317162 -0.105542310 0.992273092 0.065229572 -14.624051094 0.994386554 0.105806910 -0.000605698 127.006965637
-0.008356718 0.068703420 -0.997602165 -10.139810562 -0.107733637 0.991768301 0.069204114 -14.650834084 0.994144619 0.108053625 -0.000886260 127.007957458
-0.009112134 0.071698420 -0.997384846 -10.855603218 -0.110410720 0.991255403 0.072266512 -14.662329674 0.993844271 0.110780485 -0.001116177 127.014457703
-0.009536306 0.077065200 -0.996980488 -11.596599579 -0.115335971 0.990286887 0.077650994 -14.670206070 0.993280828 0.115728199 -0.000555289 127.018234253
-0.010498920 0.081093222 -0.996651173 -12.340264320 -0.118166991 0.989621580 0.081766054 -14.688111305 0.992938280 0.118629716 -0.000807416 127.023483276
-0.012214608 0.081512861 -0.996597409 -13.090083122 -0.118221954 0.989563584 0.082386531 -14.705852509 0.992912054 0.118826032 -0.002450523 127.043182373
-0.013622127 0.078426957 -0.996826828 -13.832984924 -0.115892492 0.990076780 0.079479620 -14.726294518 0.993168235 0.116607435 -0.004397854 127.062141418
-0.015073218 0.074794047 -0.997085094 -14.595500946 -0.119675137 0.989895046 0.076063864 -14.732850075 0.992698669 0.120472826 -0.005969917 127.071784973
-0.015930798 0.076528817 -0.996940017 -15.363178253 -0.124796160 0.989117861 0.077922553 -14.744775772 0.992054462 0.125655666 -0.006206931 127.067138672
-0.017794682 0.079694085 -0.996660531 -16.146663666 -0.121700197 0.989233911 0.081273131 -14.764724731 0.992407322 0.122740015 -0.007904321 127.082344055
-0.020018021 0.079842672 -0.996606410 -16.921630859 -0.120626926 0.989331663 0.081682771 -14.783533096 0.992496073 0.121852703 -0.010173287 127.096405029
-0.020084895 0.079190627 -0.996657133 -17.716007233 -0.124423020 0.988910735 0.081082545 -14.794229507 0.992025971 0.125635609 -0.010009033 127.084129333
-0.022128355 0.078576103 -0.996662498 -18.501434326 -0.128263995 0.988445044 0.080776013 -14.809682846 0.991493165 0.129623324 -0.011794179 127.107528687
-0.023344984 0.082807057 -0.996292233 -19.298696518 -0.130007297 0.987849832 0.085151680 -14.817198753 0.991238177 0.131513104 -0.012295824 127.113845825
-0.024168473 0.087848596 -0.995840669 -20.101709366 -0.129358351 0.987482309 0.090250716 -14.834048271 0.991303325 0.131001532 -0.012501990 127.127403259
-0.022778729 0.090073474 -0.995674610 -20.926294327 -0.130342156 0.987164795 0.092285544 -14.842262268 0.991207361 0.131880522 -0.010745991 127.133682251
-0.021021744 0.089068100 -0.995803654 -21.744642258 -0.129730180 0.987360060 0.091051497 -14.852672577 0.991326451 0.131099880 -0.009201209 127.143539429
-0.019623373 0.088839762 -0.995852649 -22.575700760 -0.129770860 0.987392247 0.090642147 -14.856762886 0.991349757 0.131011292 -0.007847161 127.150070190
-0.019753590 0.087916419 -0.995931983 -23.400783539 -0.128155977 0.987686396 0.089730419 -14.865661621 0.991557240 0.129407108 -0.008243334 127.174644470
-0.018917514 0.090037867 -0.995758653 -24.239501953 -0.129087284 0.987381220 0.091732785 -14.875552177 0.991452813 0.130275145 -0.007056050 127.190361023
-0.018504376 0.092084020 -0.995579302 -25.076570511 -0.130743533 0.986976743 0.093718410 -14.878828049 0.991243601 0.131899804 -0.006223996 127.205635071
-0.018297974 0.094456479 -0.995360672 -25.950710297 -0.134013906 0.986312568 0.096061446 -14.884214401 0.990810513 0.135149926 -0.005389033 127.215812683
-0.016556486 0.095441721 -0.995297313 -26.820175171 -0.136187255 0.985941708 0.096810021 -14.881545067 0.990544736 0.137149662 -0.003325780 127.223091125
-0.014930610 0.098655067 -0.995009720 -27.686082840 -0.143076301 0.984669387 0.099776767 -14.885576248 0.989598989 0.143852040 -0.000586512 127.238410950
-0.012576566 0.102639556 -0.994639099 -28.567386627 -0.147837639 0.983594835 0.103369199 -14.885068893 0.988931596 0.148345113 0.002803747 127.252128601
-0.010646461 0.104348987 -0.994483709 -29.441574097 -0.150358617 0.983065307 0.104760550 -14.881417274 0.988574147 0.150644511 0.005223606 127.281707764
-0.006677261 0.105292402 -0.994418859 -30.338405609 -0.149191856 0.983206153 0.105106942 -14.885349274 0.988785863 0.149061009 0.009143643 127.301300049
-0.003950345 0.105014838 -0.994462788 -31.230751038 -0.151653141 0.982905209 0.104396775 -14.879818916 0.988425910 0.151225820 0.012043016 127.327262878
-0.001520396 0.108945996 -0.994046509 -32.132797241 -0.152187631 0.982443452 0.107907079 -14.874947548 0.988350511 0.151445642 0.015086528 127.356498718
0.000661626 0.111193642 -0.993798494 -33.044898987 -0.151383117 0.982356548 0.109812632 -14.874411583 0.988475084 0.150371656 0.017482789 127.396682739
0.002491544 0.112292036 -0.993672132 -33.937808990 -0.151932493 0.982181966 0.110612616 -14.871959686 0.988387764 0.150695488 0.019507959 127.435150146
0.005049227 0.110520586 -0.993860960 -34.840789795 -0.153149039 0.982234299 0.108449586 -14.867199898 0.988190174 0.151661262 0.021885645 127.464187622
0.005337475 0.111379407 -0.993763626 -35.755722046 -0.157193795 0.981516004 0.109162435 -14.856637955 0.987553298 0.155630812 0.022746971 127.505088806
0.006383563 0.112262443 -0.993658125 -36.649761200 -0.158177182 0.981281459 0.109847978 -14.855916977 0.987390101 0.156472832 0.024021428 127.539848328
0.006659511 0.108491786 -0.994075119 -37.544715881 -0.158329129 0.981671810 0.106077433 -14.854061127 0.987363935 0.156684637 0.023714865 127.573677063
0.007504396 0.104343131 -0.994513035 -38.455310822 -0.159548655 0.981925189 0.101818524 -14.857371330 0.987161517 0.157909110 0.024016563 127.617088318
0.008034246 0.103647240 -0.994581699 -39.353408813 -0.159260139 0.982051015 0.101054877 -14.854276657 0.987203956 0.157585308 0.024396906 127.655418396
0.007841959 0.107705526 -0.994151950 -40.253536224 -0.161483660 0.981269777 0.105036102 -14.854051590 0.986844182 0.159715578 0.025087759 127.696609497
0.008312196 0.113724813 -0.993477523 -41.187088013 -0.162250981 0.980499744 0.110881723 -14.841493607 0.986714423 0.160271034 0.026602071 127.729614258
0.008413969 0.112447329 -0.993622065 -42.081062317 -0.159998536 0.981006742 0.109664798 -14.844564438 0.987081409 0.158055395 0.026245572 127.773094177
0.009522214 0.102049224 -0.994733870 -42.973434448 -0.159492120 0.982198775 0.099236518 -14.851507187 0.987153232 0.157707259 0.025628760 127.812210083
0.009531477 0.091681957 -0.995742738 -43.893238068 -0.160903409 0.982952356 0.088964105 -14.861099243 0.986924112 0.159370393 0.024120923 127.852165222
0.008399529 0.088622786 -0.996029794 -44.794696808 -0.157770097 0.983706713 0.086195834 -14.872214317 0.987440109 0.156419709 0.022244699 127.896270752
0.008341148 0.098819129 -0.995070457 -45.715618134 -0.150284111 0.983926594 0.096452698 -14.878150940 0.988607645 0.148738742 0.023058020 127.943626404
0.008443532 0.111831173 -0.993691325 -46.658103943 -0.145593077 0.983274817 0.109421782 -14.876436234 0.989308476 0.143750653 0.024584163 128.000503540
0.008829796 0.120745257 -0.992644191 -47.578926086 -0.145882964 0.982217729 0.118179321 -14.869279861 0.989262462 0.143766403 0.026287464 128.043289185
0.008477625 0.115045168 -0.993324041 -48.496074677 -0.146137357 0.982837141 0.112583362 -14.869159698 0.989228010 0.144207314 0.025144527 128.082275391
0.008465075 0.101667605 -0.994782329 -49.408039093 -0.146110326 0.984266937 0.099349581 -14.873106003 0.989232004 0.144507006 0.023186581 128.125488281
0.008981549 0.092941970 -0.995630920 -50.322151184 -0.146630824 0.985030830 0.090629667 -14.876827240 0.989150524 0.145176217 0.022475256 128.166549683
0.009308721 0.092910595 -0.995630860 -51.248008728 -0.145736247 0.985168874 0.090571709 -14.888132095 0.989279568 0.144256413 0.022711102 128.211547852
0.008840146 0.094286829 -0.995505810 -52.195491791 -0.148797989 0.984585106 0.091931149 -14.905326843 0.988828123 0.147316590 0.022733567 128.248458862
0.009558950 0.093828537 -0.995542407 -53.123992920 -0.153465092 0.983930886 0.091260627 -14.910514832 0.988107800 0.151908696 0.023804752 128.278015137
0.009947961 0.093256146 -0.995592475 -54.062999725 -0.155158803 0.983726740 0.090594351 -14.916187286 0.987839460 0.153573707 0.024255589 128.317474365
0.010862162 0.100907251 -0.994836569 -55.023223877 -0.163895220 0.981620073 0.097777195 -14.921262741 0.986417949 0.161986917 0.027200732 128.354797363
0.012142378 0.110203020 -0.993834972 -55.964298248 -0.169305772 0.979784131 0.106576465 -14.915449142 0.985488832 0.166967899 0.030554915 128.392639160
0.013401559 0.118773393 -0.992830992 -56.920074463 -0.169789448 0.978770971 0.114799522 -14.914546967 0.985389233 0.167033732 0.033283528 128.433181763
0.014383195 0.118927494 -0.992798805 -57.874248505 -0.171464816 0.978487134 0.114729002 -14.903947830 0.985085249 0.168579906 0.034465648 128.478515625
0.015898325 0.109648049 -0.993843257 -58.801971436 -0.173153281 0.979253054 0.105268419 -14.908203125 0.984766543 0.170413643 0.034554396 128.519210815
0.017241798 0.104485117 -0.994376957 -59.740123749 -0.171555966 0.980085135 0.100008719 -14.903026581 0.985023499 0.168866962 0.034823470 128.570602417
0.019201985 0.102853224 -0.994511187 -60.711856842 -0.169840276 0.980573535 0.098132491 -14.904756546 0.985284567 0.167023718 0.036297575 128.622543335
0.022219958 0.108838387 -0.993811131 -61.667842865 -0.171404496 0.979752660 0.103466429 -14.907154083 0.984950066 0.168044657 0.040425446 128.683029175
0.026113275 0.111180022 -0.993457139 -62.636489868 -0.174532712 0.979039192 0.104978845 -14.912763596 0.984304965 0.170649409 0.044970475 128.729522705
0.029763777 0.106248155 -0.993894100 -63.591220856 -0.173489630 0.979791820 0.099545196 -14.917016983 0.984385729 0.169467434 0.047595263 128.790756226
0.033502579 0.100113615 -0.994411767 -64.547561646 -0.173594892 0.980429649 0.092857376 -14.920543671 0.984247088 0.169513837 0.050226130 128.848342896
0.037193544 0.099978626 -0.994294167 -65.521972656 -0.171183616 0.980912745 0.092229635 -14.925134659 0.984536886 0.166776523 0.053598322 128.914108276
0.038563255 0.104555726 -0.993771195 -66.473709106 -0.167814821 0.981063664 0.096706741 -14.945680618 0.985063910 0.163040191 0.055379026 129.010498047
0.042165995 0.111072488 -0.992917418 -67.432807922 -0.167293459 0.980555475 0.102585226 -14.947288513 0.985004961 0.161782950 0.059927817 129.084762573
0.044740189 0.114573993 -0.992406726 -68.394226074 -0.165130258 0.980584383 0.105764613 -14.949485779 0.985256433 0.159144446 0.062791169 129.165359497
0.046548035 0.116455585 -0.992104530 -69.377090454 -0.164657474 0.980489850 0.107366741 -14.954665184 0.985251784 0.158359706 0.064815156 129.246398926
0.049067732 0.113886684 -0.992281318 -70.334983826 -0.163348362 0.981016576 0.104516320 -14.957188606 0.985347509 0.156959131 0.066739462 129.318328857
0.049759317 0.112557426 -0.992398560 -71.281448364 -0.161304548 0.981490672 0.103232384 -14.963926315 0.985649526 0.154941589 0.066994332 129.403701782
0.050314181 0.109078161 -0.992758989 -72.226608276 -0.158314556 0.982321262 0.099907748 -14.975604057 0.986105978 0.152141407 0.066693336 129.488769531
0.049970474 0.108544171 -0.992834866 -73.222709656 -0.156865060 0.982592106 0.099529162 -14.968704224 0.986355066 0.150767609 0.066127382 129.568191528
0.049779207 0.113161236 -0.992328763 -74.177139282 -0.153630123 0.982603610 0.104345500 -14.971962929 0.986873806 0.147257373 0.066298202 129.650863647
0.049305342 0.114924990 -0.992149770 -75.138168335 -0.147627279 0.983285606 0.106561817 -14.979030609 0.987813294 0.141214296 0.065447301 129.743515015
0.048450414 0.110353783 -0.992710710 -76.099960327 -0.144744009 0.984162509 0.102339141 -14.968744278 0.988282263 0.138730556 0.063656136 129.822814941
0.047007974 0.106608726 -0.993189156 -77.067092896 -0.147138730 0.984181345 0.098677687 -14.976230621 0.987998307 0.141497985 0.061950639 129.897445679
0.045725778 0.103955314 -0.993530333 -78.016983032 -0.143635467 0.984920025 0.096443780 -14.982587814 0.988573730 0.138296247 0.059967902 129.977447510
0.044600595 0.104449995 -0.993529618 -78.982475281 -0.143757716 0.984839380 0.097082950 -14.984903336 0.988607407 0.138497576 0.058939923 130.043426514
0.043778293 0.105730176 -0.993430674 -79.936622620 -0.145091042 0.984514296 0.098387375 -14.990138054 0.988449335 0.139830649 0.058440864 130.116912842
0.042346518 0.105926633 -0.993471861 -80.890975952 -0.146639079 0.984254360 0.098693393 -14.995440483 0.988283277 0.141502425 0.057212729 130.188308716
0.041242663 0.106796131 -0.993425190 -81.842277527 -0.146448627 0.984179020 0.099722236 -15.000479698 0.988358200 0.141372949 0.056230310 130.252639771
0.039231207 0.107142270 -0.993469417 -82.804412842 -0.146482274 0.984110236 0.100348487 -15.005024910 0.988434970 0.141588852 0.054302283 130.320541382
0.037097655 0.109372690 -0.993308187 -83.752708435 -0.146409914 0.983861268 0.102864444 -14.999329567 0.988528132 0.141614184 0.052512195 130.394683838
0.035452336 0.113181964 -0.992941618 -84.706802368 -0.147801682 0.983233869 0.106798254 -14.995476723 0.988381326 0.142972171 0.051586416 130.452117920
0.033462755 0.117985614 -0.992451370 -85.656021118 -0.149001688 0.982498884 0.111778520 -14.987978935 0.988270521 0.144136503 0.050457176 130.513671875
0.031327173 0.117815785 -0.992541134 -86.608848572 -0.148998231 0.982483387 0.111919135 -14.988370895 0.988341033 0.144380793 0.048332773 130.572402954
0.030449165 0.112785719 -0.993152738 -87.553771973 -0.148985669 0.983025789 0.107067928 -14.987243652 0.988370419 0.144705370 0.046735778 130.629577637
0.027840892 0.107841015 -0.993778348 -88.502098083 -0.152754158 0.982946157 0.102386147 -14.977238655 0.987871945 0.148953229 0.043839261 130.689224243
0.026692066 0.105850928 -0.994023681 -89.445510864 -0.150813252 0.983422875 0.100672357 -14.978570938 0.988201916 0.147224769 0.042213302 130.750961304
0.026195383 0.107076705 -0.993905604 -90.412055969 -0.146354258 0.983944356 0.102146246 -14.982993126 0.988885283 0.142786548 0.041445930 130.800491333
0.025431678 0.108429514 -0.993778765 -91.361465454 -0.143301174 0.984229088 0.103720360 -14.984435081 0.989352286 0.139771864 0.040568676 130.860305786
0.024367107 0.108231314 -0.993827045 -92.312843323 -0.137844995 0.984990180 0.103889182 -14.988714218 0.990154028 0.134462625 0.038920507 130.924530029
0.022969091 0.105439156 -0.994160473 -93.254554749 -0.133800879 0.985800624 0.101461194 -14.994985580 0.990742028 0.130689085 0.036750793 130.987060547
0.022477845 0.102272972 -0.994502366 -94.199829102 -0.128848597 0.986753941 0.098563872 -15.001947403 0.991409481 0.125924721 0.035357818 131.044845581
0.020622188 0.104955621 -0.994263053 -95.183273315 -0.126747280 0.986725152 0.101531021 -15.006702423 0.991720676 0.123926356 0.033651274 131.096237183
0.019242417 0.107258581 -0.994044900 -96.130661011 -0.126072362 0.986553431 0.104009762 -15.007136345 0.991834402 0.123320185 0.032506011 131.152008057
0.017798858 0.105139799 -0.994298100 -97.091545105 -0.121933311 0.987261236 0.102212958 -15.007512093 0.992378712 0.119418778 0.030392163 131.199676514
0.015724868 0.102124445 -0.994647264 -98.044921875 -0.119057365 0.987884462 0.099547833 -15.009270668 0.992762923 0.116854720 0.027693020 131.249221802
0.012101261 0.099381164 -0.994975865 -99.012168884 -0.117827371 0.988257945 0.097277112 -15.009133339 0.992960334 0.116058208 0.023668990 131.295135498
0.009467831 0.098554030 -0.995086610 -99.966491699 -0.112278134 0.988943100 0.096877277 -15.022296906 0.993631661 0.110809259 0.020428609 131.341049194
0.007247068 0.098950863 -0.995065987 -100.926109314 -0.105607115 0.989602983 0.097638480 -15.023048401 0.994381487 0.104378447 0.017621636 131.380325317
0.004676405 0.106790051 -0.994270623 -101.897171021 -0.095778249 0.989758313 0.105854899 -15.025220871 0.995391667 0.094734482 0.014856675 131.438995361
0.002181790 0.114831746 -0.993382633 -102.853912354 -0.087760441 0.989574075 0.114198752 -15.023292542 0.996139288 0.086930521 0.012236727 131.490249634
-0.001516107 0.114750504 -0.993393242 -103.815322876 -0.083454207 0.989914477 0.114476033 -15.022228241 0.996510446 0.083076410 0.008075598 131.538391113
-0.003635210 0.104706518 -0.994496524 -104.759803772 -0.084727846 0.990894675 0.104637004 -15.027721405 0.996397495 0.084641911 0.005269448 131.564407349
-0.005817442 0.095339209 -0.995427787 -105.706672668 -0.086474821 0.991667569 0.095484450 -15.028463364 0.996237040 0.086634912 0.002475472 131.599334717
-0.005846840 0.097018421 -0.995265365 -106.668716431 -0.094111085 0.990811586 0.097137123 -15.035161972 0.995544493 0.094233446 0.003337391 131.611175537
-0.006722133 0.106239013 -0.994317770 -107.632255554 -0.097209543 0.989561439 0.106387995 -15.024852753 0.995241225 0.097372346 0.003675483 131.644424438
-0.008200374 0.117416903 -0.993048847 -108.595642090 -0.101109840 0.987895250 0.117642500 -15.014198303 0.994841516 0.101371706 0.003770894 131.670166016
-0.009458656 0.119174883 -0.992828190 -109.543243408 -0.108134225 0.986928284 0.119496882 -15.005751610 0.994091213 0.108488999 0.003551870 131.695724487
-0.009581679 0.115846358 -0.993220866 -110.522407532 -0.115210846 0.986523867 0.116176687 -14.987240791 0.993294835 0.115542985 0.003894202 131.714996338
-0.009840077 0.111852683 -0.993676007 -111.476501465 -0.123328052 0.986001551 0.112210095 -14.977257729 0.992317200 0.123652287 0.004092244 131.735992432
-0.007140897 0.113790691 -0.993479073 -112.441818237 -0.127950504 0.985234022 0.113766000 -14.960722923 0.991754830 0.127928540 0.007524122 131.753341675
-0.006045517 0.114955232 -0.993352294 -113.423683167 -0.135765940 0.984078050 0.114708245 -14.946341515 0.990722477 0.135556877 0.009657744 131.778625488
-0.005486154 0.117612638 -0.993044436 -114.387496948 -0.144981250 0.982473195 0.117161579 -14.932285309 0.989419222 0.144615605 0.011661628 131.796066284
-0.005293965 0.119675383 -0.992799044 -115.362808228 -0.150370419 0.981428683 0.119106613 -14.913477898 0.988615513 0.149918109 0.012799988 131.819580078
-0.005358737 0.119461596 -0.992824376 -116.338989258 -0.154213950 0.980862677 0.118854687 -14.909247398 0.988022923 0.153744251 0.013166461 131.860671997
-0.003504963 0.109923914 -0.993933797 -117.295951843 -0.153268024 0.982136905 0.109159715 -14.913400650 0.988178372 0.152720883 0.013405467 131.887359619
-0.002179874 0.098503247 -0.995134354 -118.244682312 -0.156533629 0.982835591 0.097628765 -14.908339500 0.987670183 0.155984759 0.013276614 131.921142578
