1.000000000 0.000000000 0.000000000 0.000000000 0.000000000 1.000000000 0.000000000 0.000000000 0.000000000 0.000000000 1.000000000 0.000000000
0.999997675 -0.001675205 -0.001339394 0.049456459 0.001672293 0.999996245 -0.002172280 -0.132547960 0.001343029 0.002170035 0.999996722 1.297955632
0.999997675 0.000026848 -0.002148899 0.105393924 -0.000040874 0.999978662 -0.006527655 -0.265673578 0.002148677 0.006527728 0.999976397 2.606257677
0.999996126 0.002479604 -0.001271130 0.148257509 -0.002489741 0.999964595 -0.008036321 -0.404306382 0.001251158 0.008039455 0.999966919 3.909738541
0.999983191 0.005788701 0.000291705 0.194198772 -0.005786625 0.999961019 -0.006676856 -0.544455945 -0.000330344 0.006675056 0.999977767 5.224671841
0.999974728 0.006623153 0.002563471 0.240025133 -0.006614360 0.999972224 -0.003423980 -0.688436806 -0.002586076 0.003406938 0.999990880 6.542100906
0.999958873 0.006850728 0.005942089 0.295554370 -0.006838439 0.999974370 -0.002086063 -0.826154351 -0.005956229 0.002045343 0.999980211 7.845175266
0.999942422 0.005292094 0.009327142 0.350649357 -0.005273008 0.999983966 -0.002069673 -0.959652305 -0.009337944 0.002020372 0.999954343 9.151791573
0.999912322 0.003945747 0.012636301 0.429187179 -0.003920678 0.999990344 -0.002007999 -1.096632838 -0.012644101 0.001958281 0.999918163 10.451884270
0.999867737 0.002681170 0.016039556 0.494036734 -0.002639286 0.999993026 -0.002631910 -1.235947490 -0.016046502 0.002589229 0.999867916 11.759501457
0.999809802 0.001627531 0.019432478 0.570161462 -0.001562318 0.999993026 -0.003370567 -1.373822331 -0.019437831 0.003339567 0.999805510 13.053794861
0.999738932 0.001506551 0.022797897 0.639846683 -0.001426732 0.999992728 -0.003517029 -1.518540859 -0.022803035 0.003483584 0.999733865 14.374592781
0.999659121 0.001379041 0.026070837 0.726586342 -0.001258142 0.999988317 -0.004653186 -1.656033039 -0.026076948 0.004618798 0.999649346 15.671208382
0.999570429 0.002226441 0.029223649 0.809013844 -0.002095853 0.999987662 -0.004498435 -1.796846986 -0.029233307 0.004435254 0.999562740 16.975957870
0.999470055 0.001970841 0.032491829 0.897488773 -0.001841049 0.999990165 -0.004024044 -1.937455177 -0.032499436 0.003962093 0.999463916 18.263051987
0.999404609 0.000213224 0.034501098 0.999484539 -0.000077828 0.999992311 -0.003925684 -2.078494549 -0.034501661 0.003920661 0.999396920 19.559480667
0.999337494 -0.002280055 0.036321644 1.093754768 0.002474654 0.999982774 -0.005313600 -2.218642950 -0.036308911 0.005399964 0.999326050 20.836307526
0.999303937 -0.001977381 0.037252724 1.196467280 0.002238713 0.999973178 -0.006974693 -2.362013102 -0.037237935 0.007053236 0.999281466 22.141319275
0.999254525 -0.001847437 0.038562536 1.278334141 0.002219616 0.999951363 -0.009610719 -2.506156206 -0.038542908 0.009689149 0.999209940 23.427108765
0.999218464 -0.001381257 0.039503418 1.382731676 0.001822108 0.999936402 -0.011125997 -2.649134398 -0.039485551 0.011189281 0.999157429 24.715656281
0.999174535 -0.000843677 0.040614586 1.484844446 0.001323168 0.999929786 -0.011780446 -2.795117378 -0.040601797 0.011824463 0.999105453 25.983627319
0.999152184 -0.002321656 0.041102387 1.582413673 0.002762102 0.999939322 -0.010662281 -2.944498777 -0.041075144 0.010766769 0.999098063 27.274028778
0.999150574 -0.005412064 0.040851645 1.689675808 0.005802534 0.999938488 -0.009445738 -3.091116428 -0.040798012 0.009674757 0.999120593 28.550807953
0.999166071 -0.006786934 0.040261935 1.780547619 0.007185841 0.999926448 -0.009771401 -3.241280317 -0.040192652 0.010052568 0.999141395 29.843767166
0.999185145 -0.008450148 0.039469454 1.886047244 0.008938483 0.999885499 -0.012212484 -3.387900352 -0.039361738 0.012555330 0.999146163 31.110797882
0.999214053 -0.008570462 0.038701296 1.993573308 0.009057953 0.999881625 -0.012438451 -3.537510633 -0.038590122 0.012779230 0.999173343 32.400470734
0.999226749 -0.009121523 0.038244031 2.089553356 0.009616949 0.999871910 -0.012790439 -3.682804823 -0.038122471 0.013148339 0.999186575 33.665893555
0.999242783 -0.009684051 0.037683289 2.187335968 0.010178143 0.999864459 -0.012942078 -3.825186968 -0.037552837 0.013315824 0.999206066 34.932155609
0.999259174 -0.010229576 0.037099451 2.283424377 0.010735440 0.999851644 -0.013461866 -3.969642401 -0.036956243 0.013850170 0.999220908 36.192352295
0.999290884 -0.010701818 0.036099013 2.392030954 0.011197704 0.999845326 -0.013562796 -4.129124641 -0.035948277 0.013957405 0.999256313 37.479114532
0.999285340 -0.010330252 0.036361240 2.479903221 0.010771950 0.999870241 -0.011972589 -4.273409843 -0.036232848 0.012355714 0.999266982 38.744308472
0.999253988 -0.010312096 0.037215386 2.583645344 0.010718660 0.999884844 -0.010741702 -4.414993286 -0.037100330 0.011132588 0.999249518 40.006832123
0.999174774 -0.012072106 0.038780451 2.696753979 0.012430934 0.999882042 -0.009025007 -4.558348656 -0.038666919 0.009499637 0.999207079 41.255748749
0.999061704 -0.013244864 0.041234497 2.793325186 0.013679184 0.999853671 -0.010268685 -4.704257488 -0.041092459 0.010823105 0.999096751 42.519668579
0.998933911 -0.014478655 0.043834690 2.890445232 0.015085446 0.999794424 -0.013543661 -4.851783752 -0.043629598 0.014190487 0.998947024 43.769218445
0.998837829 -0.015635755 0.045591384 2.997705698 0.016311413 0.999762118 -0.014485658 -5.000839710 -0.045354038 0.015212483 0.998855114 45.032531738
0.998711884 -0.015840022 0.048204102 3.126018047 0.016502677 0.999774218 -0.013380014 -5.134979725 -0.047981273 0.014158277 0.998747826 46.271453857
0.998502791 -0.017024446 0.051984064 3.225872040 0.017558215 0.999797642 -0.009828600 -5.287246704 -0.051806215 0.010726633 0.998599529 47.520313263
0.998219490 -0.020118386 0.056151506 3.330836058 0.020580253 0.999758899 -0.007659264 -5.428165436 -0.055983867 0.008801239 0.998392880 48.733955383
0.997985542 -0.022156885 0.059446938 3.470461130 0.022687050 0.999708474 -0.008258093 -5.565088749 -0.059246629 0.009590132 0.998197317 49.988758087
0.997704983 -0.025549460 0.062705018 3.616690397 0.026343269 0.999582589 -0.011865388 -5.702184200 -0.062375687 0.013490013 0.997961521 51.214862823
0.997425973 -0.026736582 0.066532686 3.754173279 0.027612992 0.999543190 -0.012287905 -5.834339142 -0.066173770 0.014093443 0.997708499 52.455688477
0.997092307 -0.029226668 0.070375063 3.888934851 0.029963581 0.999506474 -0.009438236 -5.979570866 -0.070064485 0.011519485 0.997475863 53.675189972
0.996790111 -0.031857267 0.073449232 4.040837288 0.032410737 0.999454379 -0.006355491 -6.110846043 -0.073206700 0.008715634 0.997278690 54.889682770
0.996558964 -0.034408424 0.075406410 4.193218231 0.034853678 0.999381840 -0.004596321 -6.242141724 -0.075201638 0.007208696 0.997142255 56.105468750
0.996350765 -0.037585910 0.076632239 4.346085548 0.037816644 0.999283493 -0.001561608 -6.367706776 -0.076518625 0.004453884 0.997058213 57.319404602
0.996177733 -0.040553909 0.077365853 4.495676994 0.040667158 0.999172747 0.000111816 -6.498943329 -0.077306390 0.003034860 0.997002780 58.525394440
0.996137440 -0.042758383 0.076693937 4.647485733 0.043137990 0.999063671 -0.003299140 -6.621257305 -0.076481067 0.006594820 0.997049153 59.724071503
0.996158838 -0.044100784 0.075648464 4.799977303 0.044789203 0.998968840 -0.007427158 -6.751554966 -0.075242914 0.010786865 0.997106791 60.913051605
0.996160865 -0.045446642 0.074819542 4.929224491 0.046441372 0.998853564 -0.011608523 -6.880731583 -0.074206181 0.015038679 0.997129440 62.117366791
0.996221721 -0.046878401 0.073106714 5.079706669 0.048033569 0.998745918 -0.014122799 -7.012815952 -0.072352983 0.017581016 0.997224092 63.310340881
0.996341944 -0.047491360 0.071044110 5.214118958 0.048623670 0.998714864 -0.014293690 -7.149154186 -0.070273980 0.017695833 0.997370780 64.497444153
0.996572912 -0.046839189 0.068179928 5.350451946 0.047894359 0.998755336 -0.013923924 -7.282081604 -0.067442887 0.017141642 0.997575819 65.674613953
0.996823847 -0.045724075 0.065203726 5.466047287 0.046595369 0.998842895 -0.011904350 -7.423629284 -0.064583972 0.014904729 0.997801065 66.873825073
0.997211277 -0.042012244 0.061681136 5.585094452 0.042598370 0.999058485 -0.008217821 -7.555355549 -0.061277818 0.010822419 0.998062074 68.048561096
0.997483909 -0.040243536 0.058362804 5.707641602 0.040666621 0.999154389 -0.006079332 -7.680881977 -0.058068786 0.008437456 0.998276949 69.238861084
0.997719705 -0.039377864 0.054815840 5.823498249 0.039928522 0.999162138 -0.008986513 -7.817309856 -0.054416042 0.011154737 0.998456001 70.400939941
0.997889161 -0.039552946 0.051505052 5.935607910 0.040432803 0.999051690 -0.016154021 -7.947369576 -0.050817262 0.018202413 0.998542070 71.576828003
0.997933328 -0.042917680 0.047822926 6.042944908 0.043868218 0.998856604 -0.019006664 -8.093024254 -0.046952516 0.021065293 0.998674989 72.756919861
0.997993231 -0.046246078 0.043252893 6.154048443 0.046890028 0.998802125 -0.013993474 -8.230662346 -0.042553931 0.015993521 0.998966157 73.924537659
0.997946560 -0.050573472 0.039306104 6.256336212 0.050985627 0.998653710 -0.009554667 -8.355270386 -0.038769975 0.011539095 0.999181449 75.094909668
0.998007536 -0.052612901 0.034825303 6.353614330 0.052883077 0.998576999 -0.006882454 -8.475194931 -0.034413632 0.008710410 0.999369740 76.268455505
0.998217344 -0.051232040 0.030617474 6.443781853 0.051384460 0.998670161 -0.004211973 -8.611180305 -0.030360969 0.005777727 0.999522269 77.433937073
0.998329401 -0.051005870 0.027145794 6.530128479 0.051137276 0.998682916 -0.004168344 -8.730741501 -0.026897429 0.005549542 0.999622822 78.590744019
0.998508453 -0.049195606 0.023680734 6.611598969 0.049339995 0.998766661 -0.005551845 -8.866058350 -0.023378396 0.006711970 0.999704242 79.756317139
0.998629808 -0.047938559 0.020986425 6.669008732 0.048175126 0.998779237 -0.010915418 -8.992686272 -0.020437533 0.011911487 0.999720156 80.907943726
0.998534620 -0.051338907 0.017113699 6.752974033 0.051613070 0.998539329 -0.015982678 -9.123243332 -0.016268168 0.016842548 0.999725759 82.052314758
0.998392999 -0.055111848 0.013189217 6.826029301 0.055331811 0.998324394 -0.016937472 -9.257377625 -0.012233661 0.017640037 0.999769509 83.215667725
0.998431742 -0.055022620 0.010317512 6.879779816 0.055159159 0.998386919 -0.013452545 -9.390388489 -0.009560674 0.014000556 0.999856293 84.361419678
0.998419940 -0.055662345 0.007704777 6.940120697 0.055745427 0.998384058 -0.011024390 -9.517793655 -0.007078684 0.011436475 0.999909580 85.493263245
0.998581231 -0.052743051 0.007329415 6.987165928 0.052831177 0.998526394 -0.012400430 -9.649844170 -0.006664577 0.012770057 0.999896228 86.637031555
0.998756051 -0.049419880 0.006633455 7.041587830 0.049519841 0.998647213 -0.015861543 -9.780722618 -0.005840606 0.016170302 0.999852180 87.776985168
0.998821795 -0.048221085 0.005447088 7.095298290 0.048313443 0.998664021 -0.018332694 -9.913381577 -0.004555787 0.018574262 0.999817073 88.896026611
0.998770952 -0.049341664 0.004684036 7.151449680 0.049421582 0.998600423 -0.018836599 -10.047551155 -0.003748051 0.019044938 0.999811590 90.008674622
0.998733819 -0.050162237 0.003807488 7.195312500 0.050218597 0.998601496 -0.016526492 -10.182382584 -0.002973157 0.016696773 0.999856174 91.137947083
0.998641431 -0.052046519 0.002536766 7.256027699 0.052076597 0.998548448 -0.013745675 -10.309166908 -0.001817669 0.013859106 0.999902308 92.247322083
0.998667657 -0.051540341 0.002552836 7.305522919 0.051570006 0.998579741 -0.013379083 -10.435070992 -0.001859648 0.013492908 0.999907196 93.383773804
0.998653710 -0.051819123 0.002362055 7.350691795 0.051849537 0.998535275 -0.015456419 -10.569650650 -0.001557657 0.015558083 0.999877751 94.532905579
0.998652577 -0.051863879 0.001854833 7.407716274 0.051889792 0.998472333 -0.018982721 -10.699158669 -0.000867482 0.019053387 0.999818087 95.633117676
0.998598576 -0.052908551 0.001339347 7.464561462 0.052924845 0.998392165 -0.020299572 -10.830435753 -0.000263173 0.020342005 0.999792993 96.737930298
0.998600364 -0.052847743 0.002113657 7.505629063 0.052878190 0.998424232 -0.018783962 -10.968729019 -0.001117637 0.018869435 0.999821246 97.811004639
0.998616636 -0.052516103 0.002643132 7.556770325 0.052546203 0.998533666 -0.013021316 -11.092427254 -0.001955427 0.013142192 0.999911726 98.899818420
0.998719275 -0.050435737 0.004032133 7.608022690 0.050474416 0.998673797 -0.010146169 -11.210799217 -0.003515056 0.010336695 0.999940395 99.968215942
0.998797894 -0.048630241 0.006143512 7.661482334 0.048691645 0.998760939 -0.010274572 -11.324679375 -0.005636245 0.010561359 0.999928355 101.017997742
0.998855829 -0.047189157 0.007760230 7.717948437 0.047277074 0.998814821 -0.011565562 -11.456167221 -0.007205263 0.011919212 0.999903023 102.066452026
0.998823285 -0.047404978 0.010244681 7.772626877 0.047548741 0.998766899 -0.014276154 -11.572354317 -0.009555288 0.014746476 0.999845564 103.081695557
0.998733819 -0.048910890 0.011769125 7.842536449 0.049080513 0.998688400 -0.014582838 -11.694549561 -0.011040430 0.015142009 0.999824345 104.092857361
0.998630106 -0.050520424 0.013623248 7.902231216 0.050710052 0.998615861 -0.013952590 -11.817775726 -0.012899502 0.014624311 0.999809861 105.096870422
0.998605192 -0.050495766 0.015418677 7.963932991 0.050689273 0.998637140 -0.012428359 -11.933062553 -0.014770083 0.013192585 0.999803901 106.056747437
0.998536527 -0.051434472 0.016706955 8.025709152 0.051623054 0.998605371 -0.011059388 -12.043464661 -0.016114818 0.011905666 0.999799252 107.013565063
0.998458922 -0.052249189 0.018701933 8.084008217 0.052466162 0.998558819 -0.011305030 -12.151712418 -0.018084303 0.012268828 0.999761164 107.930969238
0.998442411 -0.051895864 0.020479448 8.144021988 0.052097619 0.998597264 -0.009443509 -12.253891945 -0.019960646 0.010495733 0.999745667 108.834838867
0.998445511 -0.051031347 0.022412322 8.203383446 0.051204838 0.998661935 -0.007236044 -12.351911545 -0.022013072 0.008372415 0.999722600 109.704864502
0.998417616 -0.051147949 0.023369946 8.267993927 0.051254228 0.998677731 -0.003971205 -12.455678940 -0.023135927 0.005162729 0.999718964 110.560928345
0.998372078 -0.051284354 0.024961840 8.328430176 0.051395904 0.998670936 -0.003847407 -12.548458099 -0.024731351 0.005124080 0.999681056 111.388229370
0.998397231 -0.050184101 0.026163248 8.382822037 0.050286636 0.998729467 -0.003275526 -12.636763573 -0.025965625 0.004585939 0.999652267 112.202400208
0.998495162 -0.047914736 0.026677461 8.436532974 0.048008911 0.998842776 -0.002900434 -12.718085289 -0.026507614 0.004176826 0.999639928 112.984092712
0.998630881 -0.045429826 0.025931900 8.484006882 0.045441318 0.998966992 0.000146344 -12.795222282 -0.025911760 0.001032237 0.999663711 113.737693787
0.998696387 -0.045555569 0.023027336 8.529938698 0.045533434 0.998961687 0.001484561 -12.884983063 -0.023071060 -0.000434112 0.999733746 114.487518311
0.998828232 -0.045508783 0.016472224 8.568022728 0.045488972 0.998963594 0.001575238 -12.958660126 -0.016526844 -0.000824087 0.999863148 115.184707642
0.999030709 -0.043546580 0.006432995 8.592917442 0.043546837 0.999051273 0.000099248 -13.030501366 -0.006431215 0.000180985 0.999979377 115.854164124
0.999130964 -0.041039810 -0.007292036 8.592707634 0.041022185 0.999154985 -0.002550025 -13.102006912 0.007390527 0.002248674 0.999970198 116.488449097
0.998869061 -0.039430030 -0.026567861 8.596984863 0.039313395 0.999214947 -0.004898442 -13.175006866 0.026740152 0.003848429 0.999634981 117.119888306
0.998073876 -0.037901383 -0.049112312 8.566463470 0.037596598 0.999267757 -0.007115110 -13.245439529 0.049346022 0.005254950 0.998767912 117.708717346
0.996382535 -0.036436826 -0.076772518 8.525705338 0.035860561 0.999317467 -0.008871924 -13.313674927 0.077043384 0.006086725 0.997009158 118.275733948
0.993494332 -0.034201350 -0.108624354 8.453330040 0.033206280 0.999388516 -0.010956936 -13.380842209 0.108932666 0.007278644 0.994022429 118.816528320
0.989168465 -0.029555021 -0.143777549 8.340253830 0.028047081 0.999528408 -0.012503978 -13.445596695 0.144079298 0.008336002 0.989531040 119.362640381
0.982896626 -0.023513017 -0.182650641 8.231431961 0.021709342 0.999693990 -0.011868453 -13.506675720 0.182873815 0.007700238 0.983106196 119.885932922
0.974432707 -0.018198149 -0.223941490 8.082019806 0.016363161 0.999815643 -0.010047249 -13.562595367 0.224083006 0.006125978 0.974550784 120.396080017
0.963108361 -0.013469543 -0.268776596 7.918045044 0.011654663 0.999897182 -0.008346925 -13.623177528 0.268861383 0.004906493 0.963166356 120.881530762
0.948729098 -0.007537651 -0.316000551 7.725963593 0.004940947 0.999947131 -0.009017810 -13.678804398 0.316051781 0.006994118 0.948716164 121.362854004
0.931472301 0.000246362 -0.363812149 7.492237091 -0.004133037 0.999942482 -0.009904724 -13.730542183 0.363788784 0.010729623 0.931419730 121.831153870
0.910487831 0.004830591 -0.413507670 7.246810913 -0.010225747 0.999889076 -0.010835020 -13.782324791 0.413409412 0.014093579 0.910436094 122.257057190
0.885335207 0.009300751 -0.464860320 6.970390320 -0.015412700 0.999837458 -0.009349400 -13.841478348 0.464697808 0.015442105 0.885334671 122.688934326
0.856378317 0.012480725 -0.516198039 6.685779572 -0.020073565 0.999756873 -0.009129981 -13.885749817 0.515958548 0.018180653 0.856420636 123.084640503
0.824702024 0.022184392 -0.565132201 6.359077454 -0.030815348 0.999508619 -0.005733150 -13.935302734 0.564727366 0.022142889 0.824980438 123.459533691
0.790618241 0.035107926 -0.611302137 6.012588501 -0.043917611 0.999035001 0.000575794 -13.978223801 0.610732436 0.026391698 0.791397154 123.818359375
0.754782498 0.043929141 -0.654502630 5.659313202 -0.055343226 0.998462319 0.003192495 -14.013848305 0.653636456 0.033812650 0.756052971 124.125213623
0.715346336 0.048020463 -0.697118044 5.287590027 -0.062702820 0.998022497 0.004405653 -14.067181587 0.695951045 0.040559709 0.716942847 124.421882629
0.672742903 0.049425494 -0.738223672 4.912342072 -0.065176949 0.997846186 0.007411994 -14.110104561 0.737000048 0.043128803 0.674515367 124.707824707
0.628611088 0.053045578 -0.775908709 4.509433746 -0.068782650 0.997553647 0.012473470 -14.141901016 0.774672270 0.045528099 0.630721927 124.976348877
0.583325624 0.062212210 -0.809852242 4.083595276 -0.079801276 0.996628106 0.019080400 -14.183429718 0.808308661 0.053497165 0.586323380 125.208885193
0.538621426 0.070650719 -0.839580476 3.615184784 -0.091623530 0.995480239 0.024989843 -14.201360703 0.837551236 0.063465267 0.542660236 125.422660828
0.491899580 0.075762525 -0.867349267 3.167373657 -0.097533792 0.994731247 0.031574950 -14.224984169 0.865171611 0.069064155 0.496697396 125.614746094
0.444310874 0.077228971 -0.892537594 2.706680298 -0.096712798 0.994589865 0.037915029 -14.253396034 0.890637040 0.069473751 0.449376315 125.799102783
0.396801621 0.079341039 -0.914468884 2.232414246 -0.094505541 0.994494200 0.045276813 -14.278237343 0.913026452 0.068456464 0.402115107 125.974769592
0.351960570 0.081761360 -0.932437062 1.735477448 -0.096163861 0.994064927 0.050866932 -14.297083855 0.931061924 0.071763597 0.357734144 126.111984253
0.308389395 0.085241146 -0.947433293 1.236232758 -0.101920143 0.993204713 0.056184232 -14.317771912 0.945784450 0.079235911 0.314981550 126.228698730
0.266778916 0.086636998 -0.959855795 0.715908051 -0.106480308 0.992503583 0.059989043 -14.334492683 0.957857490 0.086201914 0.274004161 126.332145691
0.227209270 0.082732312 -0.970325410 0.188793182 -0.106455892 0.992523670 0.059697516 -14.348967552 0.968009949 0.089733027 0.234317929 126.437423706
0.192389697 0.077874735 -0.978223681 -0.344518661 -0.101416908 0.993086219 0.059111997 -14.372694016 0.976063967 0.087835893 0.198957399 126.523498535
0.162085027 0.072738193 -0.984092295 -0.892213821 -0.098598056 0.993482530 0.057192661 -14.393395424 0.981838584 0.087759510 0.168200493 126.602882385
0.135441035 0.071185462 -0.988224864 -1.459535599 -0.099778883 0.993324876 0.057877652 -14.413338661 0.985748410 0.090764970 0.141639724 126.672714233
0.113351390 0.070612520 -0.991042554 -2.048022270 -0.100209147 0.993197441 0.059304543 -14.428651810 0.988488615 0.092589281 0.119656317 126.732467651
0.095093749 0.071808562 -0.992874980 -2.641587257 -0.102265492 0.992822468 0.062010180 -14.442137718 0.990201414 0.095640078 0.101754732 126.785888672
0.078758799 0.069993801 -0.994433582 -3.251472473 -0.103220433 0.992743134 0.061699796 -14.465404510 0.991535485 0.097786471 0.085412025 126.839401245
0.064676866 0.068944454 -0.995521665 -3.870523453 -0.102177501 0.992824674 0.062119417 -14.495274544 0.992661357 0.097702242 0.071257353 126.891807556
0.052343056 0.066508226 -0.996412039 -4.510236263 -0.097918123 0.993313432 0.061157618 -14.518559456 0.993816972 0.094365612 0.058505416 126.935806274
0.040334992 0.063862860 -0.997143149 -5.160568237 -0.095673315 0.993616998 0.059766963 -14.534737587 0.994595289 0.092989318 0.046187490 126.971900940
0.029923538 0.062828414 -0.997575641 -5.829140186 -0.094980910 0.993685246 0.059734315 -14.554187775 0.995029271 0.092963174 0.035702087 127.008209229
0.020188373 0.064402469 -0.997719765 -6.500401020 -0.098339759 0.993212044 0.062121637 -14.577264786 0.994948089 0.096861392 0.026384663 127.030616760
0.012012148 0.064426370 -0.997850180 -7.178202629 -0.101227537 0.992873788 0.062886484 -14.606170654 0.994790792 0.100254506 0.018448267 127.045654297
0.005253700 0.063499376 -0.997968078 -7.868594170 -0.103470623 0.992659509 0.062616892 -14.624705315 0.994618654 0.102931403 0.011785455 127.066589355
0.000267199 0.064279459 -0.997931838 -8.567457199 -0.104275405 0.992493451 0.063901231 -14.642055511 0.994548440 0.104042687 0.006967960 127.081756592
-0.003435098 0.066776484 -0.997762144 -9.287340164 -0.106318422 0.992088258 0.066762805 -14.662524223 0.994326234 0.106309816 0.003691649 127.105827332
-0.004230154 0.070924208 -0.997472703 -10.022602081 -0.108658053 0.991543114 0.070963390 -14.690437317 0.994070232 0.108683616 0.003512106 127.109321594
-0.005311148 0.074003972 -0.997243822 -10.733302116 -0.111100703 0.991040170 0.074135311 -14.704848289 0.993795097 0.111188203 0.002958332 127.122398376
-0.005870721 0.079543345 -0.996814132 -11.471561432 -0.115914367 0.990057409 0.079686873 -14.712492943 0.993241847 0.116012894 0.003407866 127.131111145
-0.007128304 0.083413221 -0.996489584 -12.213296890 -0.118947856 0.989369035 0.083668076 -14.726414680 0.992874920 0.119126700 0.002869302 127.141914368
-0.008383679 0.084038153 -0.996427298 -12.960754395 -0.118942373 0.989304245 0.084438153 -14.746901512 0.992865741 0.119225323 0.001701687 127.159866333
-0.009929310 0.080944911 -0.996669054 -13.703871727 -0.116557479 0.989830136 0.081550695 -14.765584946 0.993134260 0.116978981 -0.000393595 127.182861328
-0.011464651 0.077180296 -0.996951282 -14.467451096 -0.120173715 0.989683867 0.077999651 -14.769297600 0.992686689 0.120701559 -0.002071338 127.194038391
-0.012406580 0.078995578 -0.996797740 -15.234138489 -0.125582322 0.988858104 0.079929419 -14.782242775 0.992005646 0.126171857 -0.002347898 127.194999695
-0.014136348 0.082557939 -0.996485949 -16.002637863 -0.122529842 0.988931596 0.083670311 -14.797260284 0.992364168 0.123282067 -0.003864068 127.212646484
-0.015946060 0.082483292 -0.996464849 -16.779550552 -0.121566772 0.989038289 0.083813928 -14.813882828 0.992455184 0.122473508 -0.005744039 127.224571228
-0.017685203 0.081653289 -0.996503890 -17.570693970 -0.124391966 0.988736749 0.083224446 -14.826417923 0.992075503 0.125428915 -0.007329000 127.232421875
-0.018272204 0.081431262 -0.996511519 -18.357662201 -0.129094735 0.988142967 0.083114520 -14.833036423 0.991463900 0.130163044 -0.007543204 127.232833862
-0.019359110 0.085776173 -0.996126413 -19.161708832 -0.130993396 0.987507224 0.087579764 -14.840579033 0.991194189 0.132181406 -0.007881151 127.237922668
-0.019856904 0.090124451 -0.995732546 -19.974979401 -0.129407004 0.987319767 0.091943629 -14.849628448 0.991392732 0.130680472 -0.007942374 127.251937866
-0.019037716 0.092659347 -0.995515823 -20.800823212 -0.130859300 0.986900210 0.094359905 -14.864290237 0.991218150 0.132068872 -0.006662990 127.267562866
-0.016899720 0.091305077 -0.995679438 -21.618682861 -0.130297139 0.987128794 0.092732511 -14.869358063 0.991330922 0.131301343 -0.004785411 127.276611328
-0.015654583 0.091185667 -0.995710850 -22.449760437 -0.130392000 0.987142682 0.092451036 -14.873256683 0.991338968 0.131279990 -0.003563426 127.288154602
-0.015913071 0.090598643 -0.995760322 -23.286022186 -0.128861904 0.987395346 0.091896899 -14.883850098 0.991534829 0.129777953 -0.004037780 127.315727234
-0.015105041 0.092572890 -0.995591283 -24.124706268 -0.129730701 0.987107038 0.093752287 -14.890789032 0.991434276 0.130574897 -0.002900746 127.335723877
-0.014228528 0.094883412 -0.995386660 -24.960941315 -0.131507173 0.986662507 0.095931634 -14.893969536 0.991213143 0.132265449 -0.001560903 127.349624634
-0.014529556 0.096840613 -0.995193839 -25.841312408 -0.134079963 0.986121297 0.097915307 -14.892454147 0.990863979 0.134858221 -0.001343520 127.368621826
-0.012796870 0.097919092 -0.995112121 -26.705429077 -0.136187300 0.985749364 0.098749116 -14.889749527 0.990600467 0.136785313 0.000720830 127.380859375
-0.011193216 0.101142623 -0.994809031 -27.575586319 -0.143025368 0.984479785 0.101701722 -14.890872955 0.989655733 0.143421307 0.003446466 127.397453308
-0.008637152 0.104852013 -0.994450271 -28.458423615 -0.147792011 0.983431697 0.104973853 -14.885103226 0.988980889 0.147878498 0.007002238 127.413169861
-0.006553905 0.106735356 -0.994265854 -29.333326340 -0.150311843 0.982885122 0.106504433 -14.880963326 0.988616884 0.150147945 0.009601849 127.445068359
-0.002720644 0.107525587 -0.994198620 -30.232986450 -0.149318710 0.983012617 0.106724389 -14.882402420 0.988785386 0.148742810 0.013381153 127.468544006
0.000012794 0.107424177 -0.994213223 -31.126214981 -0.151979253 0.982664406 0.106174357 -14.876642227 0.988383651 0.151098430 0.016338818 127.497238159
0.002335955 0.111183800 -0.993797183 -32.026901245 -0.152461708 0.982221246 0.109530337 -14.869306564 0.988306642 0.151260167 0.019245701 127.531578064
0.005025314 0.113390058 -0.993537784 -32.946205139 -0.151436031 0.982177854 0.111327596 -14.864249229 0.988454223 0.149897963 0.022107093 127.570236206
0.006771411 0.114599615 -0.993388653 -33.838512421 -0.152008846 0.981984675 0.112247840 -14.861297607 0.988355935 0.150243819 0.024069579 127.613433838
0.009350302 0.112670057 -0.993588388 -34.742183685 -0.153275996 0.982051015 0.109919310 -14.854042053 0.988139153 0.151265517 0.026452087 127.646652222
0.009723620 0.113963790 -0.993437290 -35.656642914 -0.157965913 0.981184542 0.111012027 -14.844253540 0.987396657 0.155849829 0.027543059 127.688163757
0.010778523 0.114631832 -0.993349552 -36.551017761 -0.158744708 0.981005192 0.111484811 -14.840467453 0.987260818 0.156487361 0.028770983 127.727363586
0.010982852 0.111016996 -0.993757784 -37.445919037 -0.159172267 0.981340051 0.107870571 -14.837965012 0.987189651 0.156993940 0.028448733 127.765113831
0.011558186 0.106883489 -0.994204342 -38.343360901 -0.160930261 0.981508374 0.103647642 -14.836501122 0.986898005 0.158799604 0.028545238 127.811981201
0.012569769 0.106209151 -0.994264305 -39.279319763 -0.160091892 0.981729746 0.102846242 -14.837465286 0.987022102 0.157880902 0.029343337 127.856239319
0.011917477 0.110289924 -0.993827999 -40.179252625 -0.162099242 0.980965018 0.106918640 -14.832443237 0.986702502 0.159824550 0.029568542 127.901702881
0.012027971 0.116737515 -0.993089974 -41.086261749 -0.162489235 0.980189323 0.113253020 -14.827834129 0.986636996 0.160004228 0.030758277 127.940994263
0.012903681 0.115041867 -0.993276775 -42.005874634 -0.160048783 0.980789721 0.111516416 -14.829060555 0.987024784 0.157533750 0.031068107 127.985275269
0.013584353 0.104830034 -0.994397342 -42.895263672 -0.159486279 0.981984615 0.101342760 -14.834341049 0.987106740 0.157216042 0.030058572 128.030517578
0.013749123 0.094479702 -0.995431840 -43.790142059 -0.161425233 0.982676804 0.091039449 -14.839877129 0.986789107 0.159436107 0.028762350 128.072906494
0.012914116 0.091122687 -0.995755911 -44.718162537 -0.158013254 0.983512223 0.087952957 -14.847202301 0.987352550 0.156206757 0.027099779 128.121826172
0.012935871 0.101056866 -0.994796574 -45.633281708 -0.150860488 0.983688772 0.097966760 -14.850357056 0.988470435 0.148808196 0.027970362 128.174240112
0.012705485 0.114269003 -0.993368566 -46.577133179 -0.145782769 0.983045340 0.111216895 -14.846895218 0.989234984 0.143402979 0.029148519 128.231140137
0.012895693 0.123580247 -0.992250741 -47.496696472 -0.146052703 0.981923342 0.120395847 -14.840691566 0.989192784 0.143368334 0.030711818 128.278976440
0.013077833 0.117938183 -0.992934763 -48.413951874 -0.146156996 0.982579708 0.114783205 -14.837762833 0.989175022 0.143623263 0.030087503 128.321121216
0.012945744 0.104183979 -0.994473755 -49.342914581 -0.146207199 0.984064996 0.101190254 -14.836576462 0.989169300 0.144089192 0.027971899 128.366119385
0.013544528 0.095462807 -0.995340765 -50.257659912 -0.146762133 0.984841287 0.092458658 -14.838329315 0.989079058 0.144826055 0.027349539 128.410629272
0.013978465 0.095377609 -0.995342970 -51.186767578 -0.145755425 0.985001922 0.092339724 -14.845731735 0.989221931 0.143785864 0.027670616 128.459930420
0.013613779 0.096640140 -0.995226264 -52.144824982 -0.149213478 0.984370172 0.093544886 -14.859909058 0.988711298 0.147227675 0.027821006 128.498336792
0.014360440 0.096171983 -0.995261073 -53.073417664 -0.153868243 0.983720481 0.092836671 -14.863665581 0.987987041 0.151805893 0.028924471 128.532608032
0.014733065 0.095589414 -0.995311797 -54.011451721 -0.155415252 0.983541012 0.092158414 -14.869003296 0.987739384 0.153328866 0.029346623 128.577743530
0.015267475 0.103155673 -0.994548023 -54.964580536 -0.164222240 0.981415331 0.099272527 -14.871646881 0.986305177 0.161811262 0.031924188 128.619934082
0.017151289 0.112548560 -0.993498147 -55.919013977 -0.170553476 0.979410827 0.108008325 -14.863885880 0.985199153 0.167592078 0.035993714 128.659820557
0.018506555 0.120846868 -0.992498755 -56.863876343 -0.170825794 0.978454769 0.115951590 -14.857917786 0.985127389 0.167398527 0.038751591 128.707061768
0.019224443 0.121797390 -0.992368817 -57.805347443 -0.172380924 0.978092313 0.116705775 -14.853822708 0.984842718 0.168821871 0.039798830 128.755432129
0.020744456 0.111936219 -0.993498862 -58.743740082 -0.173910707 0.978967369 0.106667653 -14.848128319 0.984542906 0.170567304 0.039775051 128.809417725
0.021544065 0.106875986 -0.994038880 -59.712245941 -0.171860993 0.979865134 0.101627290 -14.852946281 0.984885514 0.168647066 0.039478093 128.876678467
0.023822585 0.105376936 -0.994147003 -60.664726257 -0.170864403 0.980226517 0.099807009 -14.850969315 0.985006511 0.167486697 0.041356698 128.931671143
0.027407762 0.111167721 -0.993423641 -61.625373840 -0.171887457 0.979518771 0.104869485 -14.846487045 0.984735191 0.167882815 0.045954753 128.987609863
0.030790683 0.113471895 -0.993064106 -62.610855103 -0.174737439 0.978846073 0.106429428 -14.854475021 0.984133482 0.170248464 0.049967133 129.040771484
0.034303050 0.107999891 -0.993558884 -63.556510925 -0.174218401 0.979568720 0.100464202 -14.851312637 0.984109342 0.169649988 0.052417759 129.120849609
0.037787389 0.102004357 -0.994066119 -64.506881714 -0.174194470 0.980218053 0.093961723 -14.856688499 0.983985901 0.169610277 0.054808483 129.187164307
0.041095357 0.102279454 -0.993906498 -65.474906921 -0.171544269 0.980698168 0.093827337 -14.865121841 0.984318912 0.166643098 0.057847589 129.260528564
0.043601889 0.106697515 -0.993335009 -66.440368652 -0.169243217 0.980698764 0.097911365 -14.875581741 0.984609306 0.163846120 0.060818154 129.342025757
0.047023140 0.113453723 -0.992429852 -67.410423279 -0.168701559 0.980158985 0.104057550 -14.882030487 0.984544873 0.162531376 0.065229975 129.425842285
0.050312132 0.117245391 -0.991827846 -68.365745544 -0.166436225 0.980182946 0.107426107 -14.883495331 0.984767795 0.159671217 0.068828985 129.505798340
0.052306764 0.118555039 -0.991568863 -69.329772949 -0.165986314 0.980148315 0.108433560 -14.882280350 0.984739900 0.158915058 0.070946909 129.591644287
0.054553960 0.116456129 -0.991696477 -70.286643982 -0.164245740 0.980693698 0.106128782 -14.885330200 0.984909713 0.157092199 0.072628140 129.671646118
0.053785741 0.114067897 -0.992015898 -71.245292664 -0.161637321 0.981346667 0.104077324 -14.885032654 0.985383391 0.154748917 0.071220078 129.783660889
0.054032758 0.110505551 -0.992405713 -72.186882019 -0.158548504 0.982198775 0.100736640 -14.895548820 0.985871613 0.151901364 0.070591398 129.877151489
0.054108564 0.110785462 -0.992370367 -73.156745911 -0.157649592 0.982309639 0.101066537 -14.897421837 0.986011624 0.150978193 0.070616640 129.956192017
0.053015579 0.114395387 -0.992019713 -74.105102539 -0.153926164 0.982480049 0.105069213 -14.893283844 0.986659110 0.147127464 0.069695197 130.060226440
0.052940719 0.115909636 -0.991847873 -75.084136963 -0.148488909 0.983112335 0.106963053 -14.895428658 0.987495959 0.141615704 0.069257967 130.153839111
0.052080199 0.111993037 -0.992343247 -76.034530640 -0.145503119 0.983938754 0.103408217 -14.893181801 0.987986088 0.139003515 0.067539051 130.238800049
0.050729353 0.108659759 -0.992783725 -76.982658386 -0.147036090 0.984043896 0.100189932 -14.900141716 0.987829387 0.140892491 0.065896817 130.321548462
0.049934305 0.103986658 -0.993324339 -77.967506409 -0.143432707 0.985002160 0.095905088 -14.893011093 0.988399506 0.137686253 0.064100474 130.392272949
0.048446875 0.105906397 -0.993195236 -78.911689758 -0.144543394 0.984639168 0.097943425 -14.905334473 0.988311768 0.138814747 0.063010760 130.470352173
0.047172014 0.107196778 -0.993118107 -79.860633850 -0.145015240 0.984426796 0.099370562 -14.908101082 0.988304317 0.139329761 0.061982546 130.552841187
0.046341278 0.108502850 -0.993015468 -80.828971863 -0.147630915 0.983911097 0.100618526 -14.920196533 0.987956226 0.141936988 0.061614063 130.618591309
0.044808768 0.108252235 -0.993113101 -81.779006958 -0.147613153 0.983916640 0.100589581 -14.912611961 0.988029599 0.142089248 0.060067549 130.695419312
0.042850386 0.108824223 -0.993137062 -82.732276917 -0.147834554 0.983797967 0.101422347 -14.916008949 0.988083422 0.142474011 0.058244105 130.765457153
0.040734589 0.111856803 -0.992889106 -83.676933289 -0.147689596 0.983472407 0.104736783 -14.918770790 0.988194585 0.142372966 0.056581423 130.841049194
0.038849164 0.115565851 -0.992539763 -84.636276245 -0.148922607 0.982866049 0.108610488 -14.910936356 0.988085389 0.143592209 0.055393901 130.901168823
0.036716931 0.120305687 -0.992057621 -85.585388184 -0.150078848 0.982131958 0.113547474 -14.900644302 0.987991929 0.144717753 0.054116208 130.967849731
0.034928534 0.120639019 -0.992081702 -86.533622742 -0.150156096 0.982052386 0.114132822 -14.902026176 0.988045037 0.144980639 0.052416332 131.030715942
0.033548195 0.114547715 -0.992851138 -87.476097107 -0.150493860 0.982662380 0.108287089 -14.892898560 0.988041520 0.145785168 0.050205279 131.096206665
0.031368434 0.110116132 -0.993423581 -88.414215088 -0.155313745 0.982376873 0.103987440 -14.887959480 0.987367034 0.151030436 0.047918167 131.158050537
0.031490985 0.107478030 -0.993708611 -89.389366150 -0.153698564 0.982897282 0.101437919 -14.878758430 0.987615824 0.149537206 0.047471620 131.202880859
0.030480601 0.108782396 -0.993598223 -90.340690613 -0.149708629 0.983343542 0.103067078 -14.886780739 0.988260150 0.145608664 0.046258569 131.266174316
0.029670309 0.109994628 -0.993489206 -91.291625977 -0.145969659 0.983748257 0.104556806 -14.885073662 0.988844037 0.141917035 0.045243986 131.335693359
0.028323399 0.110081270 -0.993518889 -92.236877441 -0.141137421 0.984400928 0.105047449 -14.890274048 0.989584744 0.137247369 0.043418169 131.404571533
0.027140217 0.107126638 -0.993874848 -93.183975220 -0.137061507 0.985249937 0.102454163 -14.894323349 0.990190685 0.133441374 0.041422829 131.469970703
0.026478902 0.104120508 -0.994212151 -94.144622803 -0.131307364 0.986305833 0.099795394 -14.901112556 0.990988016 0.127904937 0.039788086 131.523925781
0.025427753 0.106567740 -0.993980169 -95.102958679 -0.129299313 0.986300290 0.102436669 -14.905477524 0.991279542 0.125916258 0.038858540 131.582489014
0.024001803 0.109148934 -0.993735671 -96.050292969 -0.129306287 0.986010969 0.105177328 -14.909193993 0.991314113 0.125971839 0.037779689 131.642868042
0.022349648 0.106836610 -0.994025409 -97.016136169 -0.124321528 0.986853242 0.103270508 -14.905714035 0.991990209 0.121270686 0.035337910 131.698287964
0.019781046 0.103750229 -0.994406581 -97.969482422 -0.122012205 0.987417758 0.100593939 -14.903708458 0.992331445 0.119339898 0.032190945 131.755081177
0.016688079 0.101307340 -0.994715214 -98.918670654 -0.120847434 0.987764895 0.098572031 -14.907462120 0.992530882 0.118563809 0.028726630 131.811355591
0.014710996 0.100029171 -0.994875729 -99.882110596 -0.114478089 0.988609314 0.097706348 -14.915985107 0.993316829 0.112454101 0.025994573 131.855682373
0.011494373 0.099977970 -0.994923174 -100.822494507 -0.108959317 0.989189386 0.098142982 -14.913715363 0.993979812 0.107278071 0.022263642 131.919265747
0.009416346 0.107261039 -0.994186282 -101.828018188 -0.098523699 0.989492238 0.105821446 -14.907527924 0.995090127 0.096954457 0.019885158 131.974105835
0.006802128 0.115471072 -0.993287563 -102.787521362 -0.090601593 0.989296257 0.114386633 -14.906742096 0.995864034 0.089215368 0.017191183 132.031250000
0.002656282 0.114359662 -0.993435860 -103.741180420 -0.086390674 0.989751458 0.113704532 -14.899419785 0.996257722 0.085521564 0.012508668 132.089233398
0.001191606 0.104363590 -0.994538486 -104.696296692 -0.087147057 0.990766406 0.103863314 -14.899605751 0.996194720 0.086547345 0.010275580 132.113449097
-0.000914229 0.094787009 -0.995497108 -105.643318176 -0.088917419 0.991546631 0.094492525 -14.899508476 0.996038556 0.088603415 0.007521717 132.151947021
-0.001532351 0.096610382 -0.995321095 -106.596893311 -0.096345685 0.990677655 0.096307993 -14.908772469 0.995346725 0.096042454 0.007789927 132.178710938
-0.002170891 0.105995394 -0.994364202 -107.568023682 -0.099460907 0.989413083 0.105684757 -14.900140762 0.995039105 0.099129781 0.008394488 132.210571289
-0.003628235 0.117298894 -0.993089974 -108.531280518 -0.103437997 0.987725317 0.117043175 -14.890971184 0.994629264 0.103147894 0.008549464 132.240341187
-0.005199570 0.119162194 -0.992861211 -109.471450806 -0.110423356 0.986734211 0.119005121 -14.884724617 0.993871093 0.110253833 0.008027697 132.273834229
-0.004548275 0.116588533 -0.993169904 -110.466789246 -0.117928825 0.986187041 0.116308883 -14.872931480 0.993011594 0.117652379 0.009263696 132.289047241
-0.004769659 0.112486511 -0.993641853 -111.421333313 -0.125990182 0.985667408 0.112188533 -14.861915588 0.992020011 0.125724226 0.009470900 132.315002441
-0.002763881 0.114580996 -0.993410051 -112.387748718 -0.130558595 0.984869301 0.113959134 -14.846379280 0.991436779 0.130013198 0.012237472 132.341979980
-0.001102384 0.115788586 -0.993273258 -113.367057800 -0.138495907 0.983684003 0.114824437 -14.831386566 0.990362406 0.137690827 0.014951845 132.366012573
-0.000440607 0.118379854 -0.992968261 -114.331092834 -0.147670701 0.982074380 0.117146619 -14.816325188 0.989036560 0.146683931 0.017048523 132.387710571
-0.000596869 0.120714135 -0.992687166 -115.304908752 -0.153123647 0.980969489 0.119381309 -14.799180031 0.988206923 0.152075127 0.017898677 132.419631958
0.000264725 0.119939476 -0.992781103 -116.283493042 -0.156919345 0.980487049 0.118412353 -14.789622307 0.987611413 0.155755222 0.019080380 132.455596924
0.001721539 0.110632129 -0.993859887 -117.237762451 -0.155885145 0.981741250 0.109013118 -14.795790672 0.987773657 0.154740304 0.018936008 132.490417480
0.003368820 0.098874159 -0.995094240 -118.190155029 -0.158884779 0.982511997 0.097086087 -14.788920403 0.987291336 0.157778263 0.019019505 132.527481079
