1.000000000 0.000000000 0.000000000 0.000000000 0.000000000 1.000000000 0.000000000 0.000000000 0.000000000 0.000000000 1.000000000 0.000000000
0.999997795 -0.001584752 -0.001360625 0.049312267 0.001581820 0.999996424 -0.002152913 -0.132567525 0.001364032 0.002150756 0.999996781 1.298225880
0.999997795 0.000025323 -0.002086003 0.103436418 -0.000038674 0.999979496 -0.006400521 -0.266287208 0.002085798 0.006400589 0.999977350 2.602993727
0.999996066 0.002447339 -0.001316115 0.148361474 -0.002457551 0.999966383 -0.007814316 -0.406135380 0.001296946 0.007817519 0.999968588 3.906735659
0.999983370 0.005748326 0.000273385 0.192620471 -0.005746413 0.999962032 -0.006551100 -0.544607759 -0.000311032 0.006549420 0.999978483 5.220501900
0.999974728 0.006639599 0.002534933 0.240123123 -0.006631254 0.999972641 -0.003286226 -0.689734221 -0.002556683 0.003269333 0.999991417 6.540631771
0.999958873 0.006893293 0.005884937 0.296308130 -0.006881337 0.999974191 -0.002049288 -0.826820195 -0.005898911 0.002008708 0.999980569 7.843654633
0.999942899 0.005420745 0.009221790 0.350239217 -0.005402685 0.999983430 -0.001982108 -0.959762216 -0.009232383 0.001932173 0.999955475 9.150039673
0.999910355 0.004200893 0.012711878 0.424053073 -0.004178341 0.999989629 -0.001800056 -1.097120047 -0.012719311 0.001746780 0.999917626 10.445891380
0.999867916 0.003121820 0.015950890 0.493192434 -0.003082775 0.999992132 -0.002471826 -1.237931967 -0.015958481 0.002422327 0.999869645 11.758535385
0.999813259 0.001960459 0.019227767 0.570612431 -0.001899486 0.999993205 -0.003188828 -1.377596259 -0.019233888 0.003151709 0.999809980 13.052361488
0.999742150 0.001903200 0.022627095 0.639412701 -0.001829171 0.999992907 -0.003291925 -1.521492720 -0.022633195 0.003249688 0.999738574 14.377816200
0.999660134 0.001780522 0.026005937 0.724990726 -0.001667914 0.999989152 -0.004351107 -1.659550548 -0.026013397 0.004306253 0.999652386 15.670473099
0.999568939 0.002684852 0.029235547 0.805316985 -0.002558487 0.999987245 -0.004358856 -1.796274900 -0.029246876 0.004282177 0.999563038 16.973773956
0.999469757 0.002306177 0.032477863 0.896016240 -0.002178814 0.999989867 -0.003956352 -1.935596704 -0.032486655 0.003883492 0.999464571 18.260038376
0.999404609 0.000652718 0.034493856 0.998655319 -0.000532581 0.999993742 -0.003491924 -2.080031395 -0.034495909 0.003471474 0.999398828 19.556955338
0.999344110 -0.001839613 0.036165904 1.094853520 0.002013307 0.999986589 -0.004766862 -2.220370531 -0.036156651 0.004836548 0.999334455 20.830823898
0.999301374 -0.001414483 0.037347287 1.193395734 0.001661865 0.999976873 -0.006593644 -2.361503363 -0.037337091 0.006651104 0.999280512 22.139820099
0.999251187 -0.001341336 0.038669840 1.275551200 0.001702953 0.999955118 -0.009319974 -2.504327297 -0.038655605 0.009378848 0.999208510 23.428150177
0.999219000 -0.000825884 0.039504815 1.382307053 0.001251512 0.999941409 -0.010750559 -2.647155762 -0.039493620 0.010791603 0.999161541 24.713336945
0.999181151 -0.000103321 0.040462110 1.482968450 0.000567938 0.999934077 -0.011471438 -2.793866634 -0.040458258 0.011485023 0.999115169 25.983871460
0.999157667 -0.001516532 0.041006174 1.581452370 0.001944542 0.999944031 -0.010399840 -2.940401554 -0.040988114 0.010470817 0.999104738 27.277799606
0.999157131 -0.004470855 0.040803779 1.685996413 0.004859341 0.999943793 -0.009426584 -3.084789276 -0.040759351 0.009616919 0.999122679 28.556034088
0.999179661 -0.006047873 0.040042870 1.781647682 0.006445471 0.999931157 -0.009807681 -3.233931541 -0.039980810 0.010057731 0.999149799 29.846206665
0.999187589 -0.007750593 0.039549410 1.880151749 0.008243584 0.999890208 -0.012317371 -3.380762100 -0.039449602 0.012633393 0.999141693 31.105644226
0.999221563 -0.007857157 0.038659722 1.990776539 0.008341422 0.999888539 -0.012381040 -3.528799057 -0.038558137 0.012693878 0.999175727 32.393013000
0.999230087 -0.008493459 0.038302377 2.084941864 0.008996787 0.999875247 -0.012987763 -3.670602560 -0.038187284 0.013322361 0.999181807 33.661014557
0.999246776 -0.008809814 0.037792366 2.181310177 0.009299566 0.999874771 -0.012802873 -3.818003416 -0.037674833 0.013144681 0.999203622 34.929573059
0.999249697 -0.009278492 0.037604388 2.269019365 0.009794044 0.999860227 -0.013549017 -3.959919930 -0.037473414 0.013907149 0.999200881 36.186584473
0.999298692 -0.009973948 0.036091514 2.383349895 0.010464827 0.999854922 -0.013437675 -4.120585918 -0.035952259 0.013805944 0.999258161 37.477825165
0.999293923 -0.009570490 0.036332246 2.471655846 0.010001617 0.999881506 -0.011703131 -4.266320705 -0.036215946 0.012058248 0.999271214 38.741748810
0.999259472 -0.009759624 0.037219234 2.575231075 0.010157304 0.999893129 -0.010510716 -4.406729698 -0.037112676 0.010880980 0.999251842 40.002056122
0.999181569 -0.011408729 0.038807996 2.686751366 0.011753307 0.999893367 -0.008662415 -4.551074028 -0.038705029 0.009111446 0.999209166 41.251876831
0.999069512 -0.012549758 0.041261911 2.781466961 0.012978978 0.999864221 -0.010150976 -4.692153454 -0.041128911 0.010677068 0.999096811 42.511726379
0.998948634 -0.013726314 0.043739904 2.876732111 0.014314923 0.999810696 -0.013172312 -4.842902184 -0.043550808 0.013784595 0.998956144 43.758983612
0.998845398 -0.014977166 0.045645926 2.985362053 0.015640914 0.999776542 -0.014218896 -4.991812229 -0.045422766 0.014916424 0.998856485 45.018993378
0.998728514 -0.014950002 0.048144039 3.115576267 0.015605843 0.999790132 -0.013275513 -5.123573303 -0.047935460 0.014009962 0.998752177 46.255531311
0.998524904 -0.016355280 0.051773328 3.219351053 0.016875347 0.999811292 -0.009623830 -5.279706955 -0.051606160 0.010483329 0.998612463 47.516815186
0.998237848 -0.019504711 0.056042459 3.325651169 0.019948401 0.999773860 -0.007368485 -5.420790195 -0.055886075 0.008473461 0.998401165 48.726154327
0.998014629 -0.021453928 0.059215523 3.467201710 0.021969749 0.999726057 -0.008073573 -5.556413174 -0.059026089 0.009358495 0.998212576 49.994445801
0.997742891 -0.024617560 0.062474106 3.608906746 0.025404632 0.999607146 -0.011835335 -5.690128803 -0.062158205 0.013395753 0.997976422 51.226711273
0.997444928 -0.026038822 0.066523924 3.738339901 0.026886353 0.999567926 -0.011876735 -5.824565887 -0.066185921 0.013634974 0.997714162 52.456825256
0.997077823 -0.028475698 0.070886016 3.866024494 0.029219680 0.999527991 -0.009480575 -5.962808132 -0.070582606 0.011524138 0.997439384 53.676258087
0.996809483 -0.031165132 0.073481768 4.023143291 0.031702381 0.999478519 -0.006155999 -6.096888542 -0.073251590 0.008465906 0.997277558 54.891464233
0.996560872 -0.033782832 0.075663500 4.172680855 0.034216918 0.999404550 -0.004447768 -6.228600025 -0.075468183 0.007021445 0.997123480 56.106113434
0.996352613 -0.036928743 0.076927207 4.323176861 0.037130691 0.999309719 -0.001196044 -6.353042126 -0.076829940 0.004048042 0.997035980 57.319976807
0.996198475 -0.039820690 0.077478200 4.473246574 0.039917622 0.999202967 0.000297853 -6.480850697 -0.077428311 0.002796025 0.996994019 58.525764465
0.996150970 -0.042028382 0.076921083 4.627330303 0.042380679 0.999097109 -0.002952671 -6.606396198 -0.076727547 0.006201273 0.997032821 59.730392456
0.996151268 -0.043196406 0.076267265 4.774546623 0.043869436 0.999011517 -0.007170794 -6.734591961 -0.075882129 0.010488998 0.997061610 60.916824341
0.996166706 -0.044413120 0.075361639 4.906584740 0.045383133 0.998906791 -0.011207270 -6.861870766 -0.074781515 0.014584457 0.997093260 62.124118805
0.996231258 -0.045899916 0.073596030 5.053772926 0.047040872 0.998796940 -0.013844501 -6.992611408 -0.072872028 0.017254345 0.997192025 63.313823700
0.996338546 -0.046428632 0.071790621 5.190932274 0.047532417 0.998775125 -0.013742938 -7.129541874 -0.071064621 0.017105004 0.997325063 64.498893738
0.996567607 -0.046069898 0.068778329 5.329810143 0.047072981 0.998806417 -0.013034729 -7.265511990 -0.068095714 0.016227592 0.997546852 65.675750732
0.996806264 -0.044737224 0.066149883 5.441840649 0.045585860 0.998895586 -0.011374958 -7.402121544 -0.065567940 0.014354128 0.997744858 66.876197815
0.997197628 -0.040983420 0.062588096 5.560760498 0.041540824 0.999107599 -0.007630380 -7.532612324 -0.062219530 0.010208957 0.998010278 68.051139832
0.997467816 -0.039176043 0.059356507 5.684025764 0.039567474 0.999202251 -0.005433281 -7.659340858 -0.059096288 0.007768111 0.998222053 69.238784790
0.997698188 -0.038417246 0.055879928 5.798705101 0.038928218 0.999209344 -0.008084038 -7.797093391 -0.055525184 0.010240735 0.998404741 70.402801514
0.997875750 -0.038507599 0.052547608 5.910655022 0.039368190 0.999105453 -0.015441304 -7.925749779 -0.051906001 0.017477207 0.998498976 71.581146240
0.997928023 -0.041889008 0.048838537 6.018019676 0.042823397 0.998916030 -0.018244991 -8.074900627 -0.048021346 0.020298615 0.998640001 72.755828857
0.997950435 -0.045163821 0.045333728 6.119965076 0.045803029 0.998863816 -0.013161251 -8.210642815 -0.044687811 0.015210694 0.998885155 73.922592163
0.997958064 -0.049327709 0.040573236 6.230679512 0.049725927 0.998723686 -0.008864829 -8.337885857 -0.040084161 0.010864274 0.999137223 75.101737976
0.998033464 -0.051163275 0.036213577 6.327534676 0.051417589 0.998658478 -0.006126108 -8.458942413 -0.035851572 0.007976077 0.999325275 76.272247314
0.998228192 -0.050070435 0.032147221 6.413529396 0.050208811 0.998732567 -0.003511244 -8.590601921 -0.031930663 0.005119097 0.999476969 77.437759399
0.998340011 -0.049955241 0.028666232 6.499818802 0.050064929 0.998741150 -0.003121095 -8.713383675 -0.028474232 0.004551087 0.999584198 78.593231201
0.998538435 -0.047834333 0.025160260 6.583669662 0.047972310 0.998836637 -0.004908825 -8.843041420 -0.024896186 0.006108646 0.999671340 79.756584167
0.998654842 -0.046657890 0.022618104 6.643092155 0.046893161 0.998849928 -0.009985295 -8.973927498 -0.022126196 0.011032497 0.999694288 80.907432556
0.998575866 -0.049872208 0.018944280 6.726159096 0.050165210 0.998623371 -0.015319021 -9.100738525 -0.018154209 0.016247554 0.999703109 82.050064087
0.998436153 -0.053800944 0.015192119 6.800618172 0.054046754 0.998406053 -0.016261397 -9.232423782 -0.014293026 0.017057052 0.999752283 83.213188171
0.998472631 -0.054074887 0.011329009 6.864620686 0.054213583 0.998453319 -0.012315809 -9.370641708 -0.010645512 0.012911185 0.999859989 84.367897034
0.998463929 -0.054674286 0.008975707 6.923456192 0.054761834 0.998451114 -0.009815769 -9.496954918 -0.008425136 0.010292218 0.999911547 85.499900818
0.998613656 -0.051873330 0.008941388 6.967952728 0.051971789 0.998586237 -0.011155508 -9.628359795 -0.008350074 0.011604746 0.999897838 86.643051147
0.998796821 -0.048425622 0.007726980 7.031224251 0.048534915 0.998714089 -0.014647963 -9.757306099 -0.007007705 0.015005372 0.999862850 87.772834778
0.998858809 -0.047269806 0.006832369 7.082747936 0.047381733 0.998727500 -0.017272353 -9.888065338 -0.006007214 0.017576372 0.999827445 88.890777588
0.998822749 -0.048183709 0.005608654 7.144155979 0.048275698 0.998678625 -0.017618600 -10.022253990 -0.004752313 0.017868619 0.999828935 90.001762390
0.998802960 -0.048636198 0.005202798 7.183517456 0.048711300 0.998693585 -0.015439871 -10.153947830 -0.004445064 0.015674826 0.999867201 91.133781433
0.998711348 -0.050596662 0.003967201 7.244992256 0.050642688 0.998638451 -0.012516323 -10.280747414 -0.003328516 0.012701103 0.999913812 92.243057251
0.998738348 -0.050083037 0.003670907 7.299895287 0.050124515 0.998667955 -0.012244069 -10.404624939 -0.003052797 0.012412621 0.999918342 93.380264282
0.998716116 -0.050548453 0.003314747 7.346775055 0.050590906 0.998616993 -0.014300223 -10.537134171 -0.002587310 0.014449557 0.999892175 94.518188477
0.998712957 -0.050643463 0.002785530 7.404925823 0.050685316 0.998554528 -0.017879898 -10.664873123 -0.001876003 0.017998070 0.999836266 95.617599487
0.998662591 -0.051663768 0.002025925 7.463096619 0.051693168 0.998479068 -0.019161301 -10.796425819 -0.001032899 0.019240400 0.999814272 96.718971252
0.998653173 -0.051793795 0.003036571 7.505258560 0.051839400 0.998500288 -0.017603308 -10.930023193 -0.002120274 0.017737014 0.999840438 97.788818359
0.998671353 -0.051419284 0.003394627 7.559864998 0.051456511 0.998603404 -0.011982454 -11.051307678 -0.002773756 0.012141213 0.999922454 98.878730774
0.998753607 -0.049718745 0.004385070 7.614431381 0.049756467 0.998721123 -0.008959165 -11.171223640 -0.003934024 0.009166184 0.999950230 99.951499939
0.998820662 -0.048102386 0.006589812 7.666596413 0.048161477 0.998798013 -0.009122212 -11.284111023 -0.006143091 0.009428833 0.999936640 100.999916077
0.998901427 -0.046128519 0.008252070 7.724144936 0.046214841 0.998875260 -0.010594384 -11.410393715 -0.007754087 0.010964114 0.999909818 102.046623230
0.998870909 -0.046291314 0.010678956 7.779332161 0.046430588 0.998834431 -0.013184464 -11.526546478 -0.010056185 0.013665406 0.999856055 103.059700012
0.998776555 -0.047912691 0.012236319 7.849408150 0.048080139 0.998748422 -0.013778194 -11.646060944 -0.011560855 0.014349660 0.999830127 104.071563721
0.998674214 -0.049582589 0.013835003 7.917958260 0.049762845 0.998676419 -0.013003616 -11.768203735 -0.013171940 0.013674847 0.999819756 105.074516296
0.998663664 -0.049318295 0.015447933 7.981128693 0.049502041 0.998704910 -0.011747018 -11.880666733 -0.014848584 0.012496024 0.999811769 106.033569336
0.998571336 -0.050748471 0.016737018 8.044760704 0.050923496 0.998650432 -0.010201764 -11.989223480 -0.016196705 0.011039495 0.999807894 106.988815308
0.998503327 -0.051440459 0.018575506 8.103025436 0.051642582 0.998609662 -0.010570138 -12.095211029 -0.018005945 0.011513605 0.999771595 107.903579712
0.998482943 -0.051226221 0.020187100 8.168848991 0.051411100 0.998639286 -0.008747981 -12.197024345 -0.019711504 0.009772552 0.999757946 108.810768127
0.998492122 -0.050198995 0.022213914 8.224315643 0.050361272 0.998707891 -0.006806856 -12.294120789 -0.021843513 0.007915313 0.999730051 109.680267334
0.998459995 -0.050380588 0.023226634 8.288828850 0.050471645 0.998719871 -0.003350972 -12.397250175 -0.023028078 0.004518098 0.999724627 110.536445618
0.998423874 -0.050374623 0.024742322 8.349237442 0.050475053 0.998719394 -0.003450729 -12.487316132 -0.024536807 0.004694160 0.999687970 111.361236572
0.998442888 -0.049335532 0.026033657 8.400390625 0.049419634 0.998774707 -0.002596697 -12.578206062 -0.025873650 0.003879228 0.999657631 112.175888062
0.998528719 -0.047139641 0.026799757 8.451402664 0.047218107 0.998881936 -0.002302433 -12.657994270 -0.026661258 0.003564480 0.999638200 112.955314636
0.998668492 -0.044606574 0.025908722 8.500792503 0.044604369 0.999004424 0.000663252 -12.735954285 -0.025912514 0.000493272 0.999664187 113.715492249
0.998754799 -0.044446375 0.022663040 8.551342010 0.044416178 0.999011457 0.001834404 -12.820570946 -0.022722170 -0.000825513 0.999741495 114.459907532
0.998876035 -0.044387832 0.016620383 8.584598541 0.044361167 0.999013662 0.001969824 -12.894299507 -0.016691422 -0.001230311 0.999859989 115.158050537
0.999053717 -0.043049298 0.006202968 8.610471725 0.043043435 0.999072671 0.001074315 -12.972366333 -0.006243462 -0.000806301 0.999980211 115.824958801
0.999158919 -0.040359702 -0.007248323 8.605639458 0.040349700 0.999184430 -0.001520728 -13.044183731 0.007303787 0.001226981 0.999972582 116.459838867
0.998880327 -0.038852192 -0.026992165 8.616672516 0.038744327 0.999238968 -0.004507793 -13.105572701 0.027146762 0.003456953 0.999625504 117.085540771
0.998096645 -0.037122604 -0.049244177 8.582756996 0.036833137 0.999298453 -0.006773006 -13.174776077 0.049461059 0.004946298 0.998763859 117.673217773
0.996409833 -0.035573810 -0.076824017 8.539821625 0.035018586 0.999349952 -0.008562741 -13.242774010 0.077078693 0.005841731 0.997007847 118.243408203
0.993501723 -0.033417638 -0.108800292 8.466177940 0.032437332 0.999415755 -0.010768063 -13.307302475 0.109096579 0.007168899 0.994005263 118.788986206
0.989127040 -0.028516991 -0.144271880 8.360588074 0.027071187 0.999561727 -0.011974992 -13.374158859 0.144550145 0.007939178 0.989465654 119.327865601
0.982878804 -0.022784431 -0.182839066 8.248823166 0.021035312 0.999712586 -0.011500388 -13.434069633 0.183048517 0.007457411 0.983075619 119.834426880
0.974371135 -0.017369960 -0.224274591 8.106948853 0.015618465 0.999832034 -0.009581384 -13.490612030 0.224403381 0.005833000 0.974478900 120.336441040
0.963042021 -0.012687618 -0.269052237 7.935249329 0.010864177 0.999906778 -0.008265220 -13.545821190 0.269132078 0.005036721 0.963090062 120.832382202
0.948775113 -0.006729098 -0.315880567 7.746658325 0.004298885 0.999955535 -0.008389651 -13.606115341 0.315923035 0.006601959 0.948761880 121.294059753
0.931429386 0.001337719 -0.363919497 7.510951996 -0.005095868 0.999943078 -0.009366909 -13.661235809 0.363886297 0.010579100 0.931383371 121.771881104
0.910548866 0.005983506 -0.413358212 7.259056091 -0.011116748 0.999888062 -0.010014328 -13.713637352 0.413251966 0.013713733 0.910513461 122.195968628
0.885479569 0.010324966 -0.464563608 6.992172241 -0.016212288 0.999830842 -0.008680031 -13.766795158 0.464395434 0.015217626 0.885497153 122.609184265
0.856532872 0.013767005 -0.515908837 6.705127716 -0.020957341 0.999747396 -0.008116021 -13.815421104 0.515666783 0.017763717 0.856605113 123.012298584
0.825205266 0.023053115 -0.564362288 6.377445221 -0.031300008 0.999497890 -0.004939019 -13.862749100 0.563965082 0.021740252 0.825512469 123.376487732
0.791353881 0.036562428 -0.610264122 6.031620026 -0.044875454 0.998991251 0.001660232 -13.903927803 0.609709203 0.026072053 0.792196274 123.732055664
0.755640090 0.045450814 -0.653408170 5.676490784 -0.056223609 0.998408377 0.004428567 -13.946661949 0.652569473 0.033390563 0.756992817 124.040786743
0.715998650 0.049343064 -0.696355700 5.309314728 -0.063505881 0.997966766 0.005417640 -13.990296364 0.695207059 0.040343661 0.717676401 124.336914062
0.673131049 0.051091403 -0.737756193 4.936531067 -0.065787442 0.997792363 0.009074884 -14.041380882 0.736591220 0.042426504 0.675006151 124.626342773
0.629767716 0.054552637 -0.774865508 4.518615723 -0.069209434 0.997504234 0.013977420 -14.073101044 0.773694217 0.044825479 0.631971478 124.892700195
0.584729791 0.063140646 -0.808767140 4.094844818 -0.080173142 0.996583462 0.019839218 -14.105598450 0.807256639 0.053240817 0.587794244 125.123611450
0.539059460 0.072438635 -0.839146852 3.657157898 -0.091889121 0.995405912 0.026898926 -14.132165909 0.837240279 0.062608346 0.543239295 125.330177307
0.492243230 0.077412970 -0.867008507 3.204162598 -0.097343497 0.994685233 0.033546232 -14.157505989 0.864997625 0.067884728 0.497162730 125.528236389
0.445260346 0.078852318 -0.891922295 2.743743896 -0.096827641 0.994513631 0.039584391 -14.179822922 0.890150368 0.068737350 0.450452685 125.705055237
0.398045719 0.080266103 -0.913847327 2.269443512 -0.093254343 0.994544864 0.046735104 -14.206859589 0.912613332 0.066617534 0.403359532 125.884208679
0.352287024 0.082928061 -0.932210743 1.781356812 -0.095026076 0.994088292 0.052521776 -14.225977898 0.931055307 0.070081607 0.358084679 126.027595520
0.308548272 0.086281352 -0.947287440 1.280624390 -0.100813173 0.993234873 0.057629727 -14.242331505 0.945851266 0.077717498 0.315159261 126.144027710
0.266924322 0.087740816 -0.959715068 0.753065109 -0.105137378 0.992554188 0.061501354 -14.260172844 0.957965255 0.084485725 0.274161756 126.255004883
0.227762714 0.084753990 -0.970021009 0.221755981 -0.105386183 0.992498398 0.061973047 -14.282321930 0.967996776 0.088111661 0.234986037 126.350364685
0.193096742 0.079558134 -0.977949023 -0.313367844 -0.100246452 0.993091166 0.060996257 -14.300193787 0.976045191 0.086257741 0.199738055 126.441886902
0.162335575 0.074636206 -0.983908832 -0.861902237 -0.097602546 0.993459761 0.059257217 -14.322393417 0.981896579 0.086412452 0.168558538 126.524055481
0.136134058 0.073280454 -0.987976491 -1.433776855 -0.099116027 0.993264318 0.060015388 -14.342673302 0.985719860 0.089754164 0.142480373 126.587257385
0.113900691 0.072280131 -0.990859330 -2.011746407 -0.099470034 0.993168235 0.061014317 -14.354743958 0.988500059 0.091611251 0.120312266 126.655258179
0.095123552 0.073593087 -0.992741466 -2.601387978 -0.101480305 0.992784977 0.063872568 -14.369509697 0.990279377 0.094667904 0.101905495 126.716987610
0.079258278 0.071806282 -0.994264483 -3.210202217 -0.102380052 0.992714345 0.063533045 -14.391284943 0.991582870 0.096757330 0.086032353 126.764053345
0.065065116 0.070709869 -0.995372713 -3.830055237 -0.100835383 0.992846549 0.063939027 -14.419223785 0.992773235 0.096208572 0.071729720 126.816810608
0.053329203 0.068450987 -0.996228218 -4.466955662 -0.096769780 0.993306398 0.063070051 -14.440847397 0.993877053 0.093041293 0.059596229 126.856071472
0.041105658 0.065312654 -0.997017920 -5.125849724 -0.094521508 0.993640304 0.061194405 -14.453661919 0.994673848 0.091724195 0.047017682 126.895759583
0.029873500 0.064643033 -0.997461200 -5.791244507 -0.093487017 0.993712962 0.061600238 -14.477151871 0.995172143 0.091409452 0.035728972 126.942077637
0.020142216 0.066066988 -0.997611880 -6.460707188 -0.096871652 0.993248522 0.063822143 -14.497627258 0.995093048 0.095354795 0.026406240 126.963973999
0.011978721 0.066005349 -0.997747362 -7.137018204 -0.099821739 0.992913365 0.064487129 -14.523027420 0.994933248 0.098824397 0.018482603 126.978637695
0.005139675 0.065272108 -0.997854233 -7.835971832 -0.101639003 0.992733777 0.064413644 -14.543880463 0.994808078 0.101089835 0.011736520 127.002967834
0.000045880 0.066274151 -0.997801483 -8.533881187 -0.102396205 0.992556989 0.065921105 -14.561326981 0.994743705 0.102168061 0.006831761 127.019615173
-0.003517929 0.068740785 -0.997628391 -9.255422592 -0.104769319 0.992118657 0.068730593 -14.580594063 0.994490445 0.104762636 0.003711724 127.043243408
-0.004041765 0.072648935 -0.997349441 -9.991725922 -0.106972620 0.991603136 0.072663873 -14.604521751 0.994253755 0.106982775 0.003763622 127.043113708
-0.005389136 0.075633027 -0.997121155 -10.704700470 -0.109359562 0.991110444 0.075768143 -14.615194321 0.993987620 0.109453090 0.002929965 127.059928894
-0.005844843 0.081129059 -0.996686578 -11.442988396 -0.114085600 0.990141630 0.081265368 -14.621024132 0.993453741 0.114182562 0.003468438 127.068367004
-0.006996097 0.084970549 -0.996358931 -12.185705185 -0.117025197 0.989467144 0.085204527 -14.634245872 0.993104279 0.117195196 0.003021287 127.077888489
-0.008506169 0.085509352 -0.996301055 -12.935597420 -0.117305063 0.989372432 0.085916214 -14.651453972 0.993059516 0.117601968 0.001614910 127.099205017
-0.010161523 0.082465895 -0.996542037 -13.678947449 -0.114952944 0.989890099 0.083087564 -14.669540405 0.993318915 0.115399741 -0.000579094 127.122779846
-0.011794308 0.079012811 -0.996803880 -14.441666603 -0.118402876 0.989749491 0.079854600 -14.673247337 0.992895603 0.118966259 -0.002318067 127.135314941
-0.012961800 0.080625400 -0.996660233 -15.208004951 -0.123778842 0.988948166 0.081611305 -14.683629036 0.992225170 0.124423288 -0.002838828 127.137779236
-0.013941363 0.083516732 -0.996408820 -15.997635841 -0.120571405 0.989094019 0.084590621 -14.696701050 0.992606759 0.121317714 -0.003719590 127.148986816
-0.016226856 0.083689630 -0.996359766 -16.771575928 -0.119571641 0.989177465 0.085033715 -14.713313103 0.992692947 0.120516203 -0.006044334 127.167251587
-0.016423339 0.082978688 -0.996415913 -17.566787720 -0.123251341 0.988782167 0.084374435 -14.721682549 0.992239594 0.124195337 -0.006011869 127.159118652
-0.018300246 0.082436830 -0.996428192 -18.351757050 -0.126873985 0.988347352 0.084098399 -14.734009743 0.991750121 0.127959833 -0.007627912 127.184768677
-0.019420378 0.086855277 -0.996031642 -19.149238586 -0.128796354 0.987701595 0.088640131 -14.739785194 0.991480887 0.130006701 -0.007994895 127.193283081
-0.020177802 0.091706842 -0.995581627 -19.952474594 -0.128114492 0.987338066 0.093544029 -14.752693176 0.991554081 0.129435971 -0.008173337 127.209762573
-0.019075332 0.094028197 -0.995386779 -20.774440765 -0.128823400 0.987038195 0.095708281 -14.758600235 0.991484046 0.130054817 -0.006715049 127.220390320
-0.017050467 0.093226798 -0.995498896 -21.593492508 -0.128214598 0.987219632 0.094647482 -14.767358780 0.991599798 0.129251316 -0.004879517 127.230613708
-0.015886275 0.092812926 -0.995556712 -22.424484253 -0.128323257 0.987259209 0.094087034 -14.767864227 0.991605163 0.129247800 -0.003773813 127.243850708
-0.016176833 0.091756769 -0.995650053 -23.258058548 -0.126573712 0.987581432 0.093069695 -14.771948814 0.991825283 0.127528653 -0.004361945 127.274185181
-0.015447532 0.093718186 -0.995478928 -24.095518112 -0.127552450 0.987278759 0.094925515 -14.778055191 0.991711497 0.128442138 -0.003297035 127.294952393
-0.015263244 0.095710509 -0.995292187 -24.935308456 -0.129170850 0.986878276 0.096882276 -14.778816223 0.991504848 0.130041495 -0.002699956 127.316658020
-0.014761901 0.098439671 -0.995033503 -25.804975510 -0.131890982 0.986254990 0.099527873 -14.780036926 0.991154432 0.132705137 -0.001575696 127.326583862
-0.013230058 0.099634297 -0.994936109 -26.668352127 -0.134049878 0.985864520 0.100508355 -14.777173042 0.990886211 0.134700805 0.000312919 127.340347290
-0.011475464 0.102801807 -0.994635701 -27.538370132 -0.140936226 0.984605253 0.103391111 -14.776850700 0.989952087 0.141366675 0.003189696 127.355796814
-0.009151167 0.106564619 -0.994263649 -28.420816422 -0.145537138 0.983575881 0.106758624 -14.769871712 0.989310443 0.145679250 0.006508241 127.371658325
-0.007037434 0.108465306 -0.994075239 -29.295591354 -0.148199886 0.983008802 0.108306974 -14.764119148 0.988932371 0.148084044 0.009156686 127.403182983
-0.003306523 0.109210290 -0.994013131 -30.186645508 -0.146794021 0.983197451 0.108510256 -14.762867928 0.989161551 0.146274000 0.012780447 127.429100037
-0.000587985 0.109119207 -0.994028509 -31.078758240 -0.149360254 0.982868910 0.107982509 -14.755264282 0.988782704 0.148531854 0.015720159 127.458587646
0.001787983 0.112907149 -0.993603885 -31.980455399 -0.149839342 0.982418299 0.111366436 -14.746585846 0.988708675 0.148681849 0.018674482 127.491889954
0.004262867 0.115217477 -0.993331015 -32.899883270 -0.149176300 0.982298315 0.113297582 -14.744132996 0.988801420 0.147698477 0.021375125 127.531013489
0.005992240 0.116356671 -0.993189454 -33.792198181 -0.149784490 0.982106566 0.114154577 -14.738796234 0.988700449 0.148080319 0.023313446 127.573982239
0.008442475 0.114706554 -0.993363500 -34.694602966 -0.151193425 0.982124627 0.112123787 -14.732218742 0.988468170 0.149243414 0.025634438 127.607734680
0.008550229 0.115919352 -0.993221819 -35.602569580 -0.155665383 0.981303692 0.113188297 -14.721698761 0.987772763 0.153642505 0.026435001 127.652160645
0.009645320 0.116590612 -0.993133247 -36.495704651 -0.156434715 0.981126428 0.113661766 -14.716053009 0.987641156 0.154264197 0.027702095 127.690284729
0.009810332 0.112869360 -0.993561387 -37.393852234 -0.156591535 0.981523752 0.109955706 -14.711746216 0.987614751 0.154504582 0.027303455 127.728065491
0.010543120 0.109012268 -0.993984520 -38.305801392 -0.157845274 0.981758356 0.105997145 -14.714162827 0.987407565 0.155778185 0.027557865 127.775093079
0.011015845 0.108224437 -0.994065464 -39.203994751 -0.157559693 0.981894970 0.105153412 -14.707220078 0.987448037 0.155466288 0.027868211 127.817344666
0.010999448 0.112239130 -0.993620396 -40.108341217 -0.159978151 0.981078386 0.109051429 -14.700258255 0.987059295 0.157758042 0.028747130 127.856750488
0.011421806 0.118685320 -0.992866158 -41.042339325 -0.160872892 0.980214596 0.115322299 -14.689161301 0.986909032 0.158408046 0.030289071 127.895210266
0.011475340 0.117454194 -0.993012011 -41.936100006 -0.158621818 0.980716646 0.114166826 -14.689180374 0.987272739 0.156203300 0.029884851 127.942466736
0.012330448 0.107077420 -0.994174182 -42.827621460 -0.157868937 0.981988490 0.103806943 -14.692522049 0.987383127 0.155669257 0.029012553 127.987297058
0.012649287 0.096585698 -0.995244265 -43.754913330 -0.159429759 0.982785702 0.093350329 -14.696813583 0.987128258 0.157490760 0.027830178 128.028472900
0.011446144 0.093517974 -0.995551765 -44.656986237 -0.156271890 0.983550608 0.090593927 -14.703868866 0.987647712 0.154539779 0.025872095 128.077194214
0.011338819 0.103625678 -0.994551718 -45.574687958 -0.148899317 0.983701527 0.100797571 -14.705403328 0.988787293 0.146945179 0.026583808 128.128555298
0.011518334 0.116710462 -0.993099332 -46.519874573 -0.144048169 0.982999265 0.113852806 -14.700967789 0.989503562 0.141742751 0.028134445 128.185974121
0.011708026 0.125422776 -0.992034376 -47.442306519 -0.144497737 0.981901050 0.122436270 -14.689654350 0.989435792 0.141913205 0.029619429 128.232192993
0.011516765 0.119762570 -0.992735803 -48.358543396 -0.144478992 0.982582927 0.116861641 -14.685109138 0.989440799 0.142083570 0.028619347 128.273941040
0.011804445 0.106597573 -0.994232178 -49.281795502 -0.144444093 0.984054506 0.103791408 -14.684416771 0.989442468 0.142385781 0.027013609 128.314193726
0.012334584 0.097622871 -0.995147109 -50.196334839 -0.144975230 0.984881580 0.094818905 -14.681865692 0.989358425 0.143102139 0.026300998 128.359237671
0.012884825 0.097689256 -0.995133519 -51.130764008 -0.144123688 0.985005558 0.094828933 -14.687002182 0.989475846 0.142200470 0.026770955 128.401657104
0.012309412 0.099376440 -0.994973779 -52.065612793 -0.147347420 0.984366596 0.096494101 -14.705915451 0.989008129 0.145419016 0.026759837 128.446563721
0.012936519 0.098956995 -0.995007694 -52.995376587 -0.152026102 0.983717144 0.095857553 -14.706890106 0.988291800 0.150027096 0.027769923 128.479858398
0.013288260 0.098439582 -0.995054364 -53.934516907 -0.153547749 0.983539760 0.095249936 -14.708412170 0.988051832 0.151522651 0.028184710 128.523056030
0.013830586 0.106099695 -0.994259417 -54.887271881 -0.162051797 0.981446624 0.102478199 -14.711244583 0.986685336 0.159704179 0.030767627 128.561264038
0.015933504 0.115453497 -0.993185103 -55.846874237 -0.168716639 0.979378402 0.111141846 -14.700906754 0.985535800 0.165795952 0.035083849 128.601608276
0.017024364 0.123761535 -0.992165983 -56.793121338 -0.169071659 0.978376389 0.119140379 -14.692244530 0.985456705 0.165718839 0.037580792 128.649887085
0.017973069 0.124723285 -0.992028773 -57.732254028 -0.170677915 0.978008509 0.119868323 -14.685178757 0.985162914 0.167163000 0.038865324 128.695999146
0.019494656 0.114716850 -0.993206918 -58.681961060 -0.171904549 0.978986502 0.109700263 -14.674389839 0.984920681 0.168598220 0.038805358 128.744323730
0.020460812 0.109562755 -0.993769288 -59.618240356 -0.170304999 0.979832530 0.104519814 -14.667223930 0.985178947 0.167105317 0.038707249 128.803909302
0.022524346 0.107940570 -0.993902147 -60.587181091 -0.168848813 0.980283678 0.102635033 -14.665651321 0.985384524 0.165507421 0.040305894 128.861312866
0.025731767 0.113679081 -0.993184268 -61.548377991 -0.170193225 0.979507029 0.107704177 -14.658535004 0.985074639 0.166261822 0.044551857 128.922073364
0.029376658 0.116282828 -0.992781579 -62.521488190 -0.173262402 0.978767872 0.109514564 -14.665077209 0.984437466 0.168794543 0.048900373 128.976150513
0.033130743 0.111278288 -0.993236899 -63.476280212 -0.172255829 0.979546845 0.103998713 -14.664506912 0.984494925 0.167645290 0.051621448 129.040145874
0.036423199 0.105807878 -0.993719339 -64.431495667 -0.172101840 0.980186343 0.098058835 -14.671305656 0.984405577 0.167449325 0.053911265 129.106979370
0.040226102 0.105352126 -0.993621051 -65.401954651 -0.169520587 0.980729282 0.097122312 -14.667095184 0.984705329 0.164532393 0.057310276 129.178985596
0.042083085 0.109737836 -0.993069291 -66.351402283 -0.166725695 0.980784297 0.101314999 -14.682544708 0.985104799 0.161306500 0.059570540 129.268447876
0.045807533 0.116184168 -0.992170811 -67.311599731 -0.166236848 0.980250955 0.107113346 -14.678653717 0.985021293 0.160028711 0.064216964 129.345062256
0.048422251 0.119965844 -0.991596341 -68.274963379 -0.164078519 0.980229914 0.110578299 -14.678725243 0.985258162 0.157345206 0.067148745 129.432220459
0.050255332 0.121760949 -0.991286397 -69.257133484 -0.163630500 0.980132520 0.112095319 -14.678448677 0.985240877 0.156571284 0.069180690 129.516662598
0.052703355 0.119328320 -0.991455019 -70.193832397 -0.162629694 0.980606019 0.109377563 -14.679206848 0.985278606 0.155475467 0.071087539 129.587982178
0.053225618 0.117882088 -0.991600096 -71.138473511 -0.160609841 0.981090128 0.108011685 -14.680566788 0.985581934 0.153511748 0.071152151 129.679214478
0.053893223 0.114446528 -0.991966486 -72.082817078 -0.157524049 0.981945753 0.104732156 -14.687978745 0.986043453 0.150614217 0.070948288 129.768005371
0.053553179 0.113882989 -0.992049754 -73.076263428 -0.155954242 0.982238173 0.104337886 -14.676139832 0.986311495 0.149126738 0.070362516 129.853820801
0.053379856 0.118462279 -0.991522729 -74.030120850 -0.152665362 0.982233703 0.109133556 -14.674592972 0.986835301 0.145545676 0.070516594 129.940307617
0.052700646 0.120010428 -0.991372824 -74.991775513 -0.146705985 0.982911229 0.111187354 -14.675918579 0.987775326 0.139580682 0.069406316 130.041000366
0.052739691 0.115074582 -0.991955876 -75.951141357 -0.143847361 0.983853817 0.106486715 -14.654378891 0.988193512 0.137074158 0.068441331 130.114746094
0.050703011 0.111846901 -0.992431045 -76.909721375 -0.145942003 0.983871937 0.103426121 -14.663007736 0.987993002 0.139593393 0.066208437 130.194458008
0.049447965 0.109284222 -0.992779911 -77.858085632 -0.142359674 0.984618187 0.101295196 -14.666038513 0.988579035 0.136322990 0.064245038 130.279708862
0.048149385 0.109748356 -0.992792547 -78.822113037 -0.142563030 0.984524369 0.101920180 -14.663702965 0.988613963 0.136628121 0.063050292 130.351547241
0.047545303 0.110989451 -0.992683649 -79.778610229 -0.143560991 0.984248936 0.103170432 -14.664318085 0.988498688 0.137605369 0.062730171 130.425872803
0.046235491 0.111343130 -0.992706001 -80.733833313 -0.145132616 0.983972847 0.103604056 -14.666069984 0.988331318 0.139283791 0.061653990 130.500640869
0.045236561 0.112149708 -0.992661119 -81.684402466 -0.145045415 0.983885884 0.104548424 -14.665368080 0.988390386 0.139251515 0.060774412 130.567092896
0.043344479 0.112210900 -0.992738664 -82.646240234 -0.144887641 0.983873546 0.104882851 -14.663652420 0.988498271 0.139289469 0.058903459 130.639099121
0.041176952 0.114761263 -0.992539346 -83.601325989 -0.145032942 0.983547211 0.107704669 -14.658249855 0.988569617 0.139515921 0.057143632 130.714614868
0.039811049 0.118541397 -0.992150724 -84.555297852 -0.146427229 0.982910454 0.111561850 -14.649370193 0.988420010 0.140836462 0.056488380 130.774627686
0.037524294 0.123705544 -0.991609275 -85.503890991 -0.147715494 0.982093573 0.116928615 -14.639548302 0.988317788 0.142088398 0.055125598 130.842651367
0.035339203 0.123307511 -0.991739094 -86.458549500 -0.147527695 0.982130468 0.116855875 -14.633337975 0.988426328 0.142179400 0.052898984 130.912734985
0.034212574 0.118026733 -0.992420912 -87.403656006 -0.147613987 0.982707858 0.111782759 -14.626547813 0.988453150 0.142670810 0.051043358 130.976409912
0.031574205 0.113334142 -0.993055105 -88.348693848 -0.152126372 0.982519925 0.107294917 -14.615421295 0.987856567 0.147682160 0.048263397 131.040725708
0.030356541 0.111233667 -0.993330538 -89.291641235 -0.150024667 0.983037651 0.105496272 -14.611488342 0.988216102 0.145821556 0.046529416 131.107116699
0.030143386 0.112613820 -0.993181527 -90.258010864 -0.145419434 0.983555257 0.107108802 -14.612414360 0.988910794 0.141199231 0.046023931 131.159118652
0.029639658 0.113871627 -0.993053198 -91.206245422 -0.142401323 0.983837247 0.108564585 -14.608589172 0.989365101 0.138194278 0.045376066 131.222442627
0.028450603 0.113614798 -0.993117452 -92.158241272 -0.137183338 0.984562635 0.108706124 -14.608004570 0.990136981 0.133146405 0.043597452 131.290542603
0.027094450 0.110761613 -0.993477583 -93.099838257 -0.133194774 0.985380650 0.106226362 -14.609485626 0.990719378 0.129447863 0.041451212 131.357284546
0.026617715 0.107650191 -0.993832409 -94.045051575 -0.128144905 0.986349642 0.103407577 -14.612277031 0.991398156 0.124602117 0.040049199 131.419891357
0.025063610 0.110394076 -0.993571818 -95.027618408 -0.125914961 0.986317396 0.106411755 -14.612742424 0.991724312 0.122438513 0.038620938 131.470855713
0.023664441 0.112653300 -0.993352532 -95.974731445 -0.125253305 0.986135483 0.108850949 -14.608394623 0.991842508 0.121844798 0.037446544 131.531448364
0.022282964 0.110610887 -0.993614018 -96.934745789 -0.121048592 0.986847281 0.107142955 -14.604400635 0.992396355 0.117888130 0.035379179 131.583892822
0.020303588 0.107711032 -0.993974924 -97.885032654 -0.118204288 0.987465680 0.104591146 -14.603172302 0.992781758 0.115368530 0.032781005 131.635055542
0.016498586 0.104717612 -0.994365156 -98.854248047 -0.116774850 0.987896502 0.102098837 -14.595093727 0.993021309 0.114432357 0.028527284 131.691925049
0.013823502 0.103726313 -0.994509876 -99.809677124 -0.111188576 0.988595963 0.101563998 -14.602086067 0.993703187 0.109174170 0.025199043 131.743041992
0.011614027 0.103853188 -0.994524837 -100.768043518 -0.104418293 0.989280224 0.102086112 -14.596306801 0.994465649 0.102660939 0.022333693 131.788406372
0.009062561 0.111685313 -0.993702292 -101.733428955 -0.094464123 0.989394605 0.110339649 -14.593274117 0.995487034 0.092869282 0.019516705 131.852310181
0.006523031 0.119731717 -0.992784798 -102.690673828 -0.086391509 0.989161491 0.118727103 -14.587277412 0.996240020 0.084993705 0.016796136 131.908599854
0.003637676 0.119224735 -0.992860615 -103.644256592 -0.082160756 0.989546061 0.118525676 -14.578976631 0.996612549 0.081143007 0.013395241 131.955978394
0.000728052 0.109302655 -0.994008243 -104.596145630 -0.083135836 0.990574121 0.108864136 -14.579384804 0.996537983 0.082558446 0.009808159 131.992858887
-0.001444934 0.100205362 -0.994965732 -105.542816162 -0.084982507 0.991355121 0.099965148 -14.578259468 0.996381342 0.084699132 0.007083260 132.031921387
-0.001497408 0.101516888 -0.994832635 -106.507690430 -0.092404850 0.990563393 0.101220317 -14.576761246 0.995720446 0.092078939 0.007897376 132.047653198
-0.002449195 0.110994503 -0.993817925 -107.467803955 -0.095716059 0.989231944 0.110718183 -14.565045357 0.995405674 0.095395505 0.008201132 132.086883545
-0.003906997 0.122266367 -0.992489636 -108.431137085 -0.099608175 0.987513602 0.122045457 -14.550824165 0.995019078 0.099336922 0.008320518 132.116638184
-0.005493396 0.124232747 -0.992237866 -109.372863770 -0.106819227 0.986502588 0.124106035 -14.540725708 0.994263291 0.106671833 0.007851195 132.150100708
-0.005380695 0.120641008 -0.992681623 -110.362266541 -0.113586359 0.986197412 0.120468639 -14.515779495 0.993513584 0.113403283 0.008396741 132.171585083
-0.005513465 0.116945788 -0.993122995 -111.317260742 -0.121902250 0.985652626 0.116742842 -14.503491402 0.992526770 0.121707588 0.008821594 132.195678711
-0.003013682 0.118790582 -0.992914736 -112.284812927 -0.126421168 0.984907389 0.118216291 -14.481441498 0.991972029 0.125881717 0.012049444 132.217620850
-0.001943983 0.119909465 -0.992782950 -113.270301819 -0.134345263 0.983753443 0.119081922 -14.462370872 0.990932703 0.133607179 0.014196866 132.246490479
-0.001319511 0.122713298 -0.992441356 -114.235054016 -0.143644854 0.982126594 0.121628873 -14.444476128 0.989628494 0.142719612 0.016331205 132.267044067
-0.001049244 0.125318214 -0.992116034 -115.209411621 -0.149369478 0.980966866 0.124067850 -14.424621582 0.988781035 0.148322061 0.017689439 132.293792725
-0.000989504 0.124642722 -0.992201209 -116.187774658 -0.152916595 0.980513573 0.123327017 -14.413120270 0.988238513 0.151846036 0.018089714 132.338516235
0.000317932 0.115051247 -0.993359506 -117.141967773 -0.151863009 0.981843710 0.113668866 -14.413156509 0.988401532 0.150818437 0.017784188 132.375000000
0.001951459 0.103466734 -0.994630992 -118.095481873 -0.155050859 0.982635498 0.101914704 -14.401777267 0.987904549 0.154019520 0.017960183 132.410385132
