1.000000000 0.000000000 0.000000000 0.000000000 0.000000000 1.000000000 0.000000000 0.000000000 0.000000000 0.000000000 1.000000000 0.000000000
0.999997795 -0.001601158 -0.001379250 0.050447073 0.001598216 0.999996424 -0.002130923 -0.132617310 0.001382658 0.002128714 0.999996781 1.297137022
0.999997914 0.000097400 -0.002030144 0.103111826 -0.000110208 0.999980092 -0.006310015 -0.267636359 0.002029489 0.006310226 0.999978006 2.604823351
0.999996006 0.002542401 -0.001230918 0.146349341 -0.002551977 0.999966025 -0.007841285 -0.405898392 0.001210940 0.007844397 0.999968469 3.908962488
0.999982655 0.005878896 0.000378115 0.190256864 -0.005876263 0.999960780 -0.006623164 -0.544204116 -0.000417037 0.006620828 0.999978006 5.221342564
0.999974966 0.006608820 0.002507840 0.240474582 -0.006600450 0.999972761 -0.003331168 -0.688001633 -0.002529787 0.003314533 0.999991298 6.537302017
0.999960303 0.006801609 0.005769594 0.297626525 -0.006790164 0.999974906 -0.002001132 -0.825082004 -0.005783060 0.001961876 0.999981344 7.840071201
0.999943554 0.005170859 0.009283640 0.351704240 -0.005154120 0.999985039 -0.001826138 -0.960060298 -0.009292943 0.001778186 0.999955177 9.144559860
0.999913692 0.003907989 0.012541302 0.429765552 -0.003886234 0.999990880 -0.001758516 -1.096629024 -0.012548061 0.001709625 0.999919832 10.443937302
0.999869168 0.002853302 0.015927769 0.494044006 -0.002813973 0.999992967 -0.002491073 -1.233926654 -0.015934763 0.002445926 0.999870062 11.755024910
0.999811649 0.001562210 0.019344246 0.569955587 -0.001498217 0.999993384 -0.003322222 -1.369263291 -0.019349307 0.003292614 0.999807358 13.048240662
0.999741018 0.001634035 0.022695880 0.637819767 -0.001559964 0.999993503 -0.003280932 -1.517553687 -0.022701090 0.003244679 0.999737024 14.373759270
0.999659359 0.001556247 0.026052864 0.722345948 -0.001441224 0.999989152 -0.004433179 -1.654418707 -0.026059479 0.004394121 0.999650776 15.668613434
0.999568582 0.002487132 0.029264418 0.803384423 -0.002360413 0.999987721 -0.004363901 -1.791731715 -0.029274911 0.004292942 0.999562204 16.970479965
0.999469876 0.002175948 0.032483809 0.894244015 -0.002049032 0.999990225 -0.003939837 -1.931017160 -0.032492064 0.003871188 0.999464571 18.255678177
0.999400139 0.000530939 0.034627110 0.996128380 -0.000405443 0.999993324 -0.003631139 -2.073926926 -0.034628805 0.003614921 0.999393702 19.557401657
0.999341428 -0.001889855 0.036236890 1.093071699 0.002065357 0.999986351 -0.004806344 -2.215130806 -0.036227304 0.004878021 0.999331713 20.830961227
0.999300659 -0.001570722 0.037359316 1.194692969 0.001820572 0.999976218 -0.006654699 -2.355908871 -0.037347972 0.006718060 0.999279737 22.141340256
0.999256432 -0.001538849 0.038525544 1.278657436 0.001895943 0.999955595 -0.009234197 -2.500341177 -0.038509618 0.009300375 0.999214888 23.426393509
0.999218225 -0.001094098 0.039518408 1.384157181 0.001513133 0.999942958 -0.010575174 -2.646399021 -0.039504588 0.010626704 0.999162793 24.718700409
0.999176860 -0.000428953 0.040565215 1.485502720 0.000885868 0.999936402 -0.011246393 -2.791841269 -0.040557813 0.011273071 0.999113560 25.989896774
0.999154568 -0.002158048 0.041053463 1.584404230 0.002577939 0.999944806 -0.010177708 -2.938846350 -0.041029245 0.010274937 0.999105036 27.277778625
0.999148488 -0.005133503 0.040938444 1.688630342 0.005508603 0.999943793 -0.009055025 -3.085373640 -0.040889658 0.009272827 0.999120653 28.555591583
0.999173939 -0.006621322 0.040094331 1.787098169 0.007008678 0.999930024 -0.009528257 -3.231873035 -0.040028434 0.009801397 0.999150395 29.846691132
0.999200583 -0.008322096 0.039101131 1.896494508 0.008800702 0.999888241 -0.012084031 -3.376758575 -0.038996197 0.012418488 0.999162257 31.115253448
0.999224603 -0.008357695 0.038475227 2.002080679 0.008830668 0.999887288 -0.012139360 -3.528772831 -0.038369428 0.012469711 0.999185801 32.401584625
0.999244690 -0.009217778 0.037750177 2.105032921 0.009690665 0.999876559 -0.012362965 -3.672244310 -0.037631553 0.012719454 0.999210775 33.670993805
0.999253750 -0.009484636 0.037441552 2.195053577 0.009960879 0.999871612 -0.012553696 -3.817602873 -0.037317671 0.012917278 0.999219954 34.939708710
0.999269068 -0.010100571 0.036871511 2.288748741 0.010590953 0.999857664 -0.013128732 -3.960994720 -0.036733653 0.013509638 0.999233782 36.202030182
0.999309301 -0.010491039 0.035649028 2.400769949 0.010965570 0.999853492 -0.013141830 -4.120095730 -0.035505939 0.013523666 0.999277890 37.487049103
0.999312341 -0.010209409 0.035646837 2.496582508 0.010615789 0.999880612 -0.011229625 -4.266216278 -0.035527937 0.011600325 0.999301255 38.744068146
0.999273837 -0.010186441 0.036716297 2.594232082 0.010567021 0.999892294 -0.010186278 -4.406108379 -0.036608573 0.010566861 0.999273837 40.012424469
0.999193251 -0.011958485 0.038339596 2.705423355 0.012299005 0.999886870 -0.008658173 -4.547163963 -0.038231712 0.009122726 0.999227345 41.261417389
0.999085367 -0.013130844 0.040694676 2.801320076 0.013539943 0.999860346 -0.009793615 -4.693556786 -0.040560387 0.010335661 0.999123633 42.521900177
0.998957396 -0.014486714 0.043291114 2.895380497 0.015056398 0.999803901 -0.012862368 -4.842817307 -0.043096289 0.013500769 0.998979688 43.771411896
0.998863339 -0.015503454 0.045072246 3.005392790 0.016142882 0.999773800 -0.013857593 -4.991142273 -0.044847213 0.014569440 0.998887539 45.033290863
0.998744428 -0.015658842 0.047584914 3.132901669 0.016289944 0.999784172 -0.012903922 -5.121662140 -0.047372583 0.013662877 0.998783827 46.268280029
0.998542428 -0.017025521 0.051215678 3.238468647 0.017521737 0.999803662 -0.009255449 -5.281019211 -0.051048033 0.010139347 0.998644710 47.535522461
0.998266280 -0.020032069 0.055345953 3.345346928 0.020476870 0.999762297 -0.007481318 -5.417119026 -0.055182938 0.008601659 0.998439193 48.748764038
0.998037040 -0.022207856 0.058556683 3.487389803 0.022697913 0.999712527 -0.007717133 -5.556787968 -0.058368471 0.009031097 0.998254240 50.012653351
0.997750580 -0.025431685 0.062024489 3.624217749 0.026193243 0.999590814 -0.011496240 -5.691744804 -0.061706740 0.013095004 0.998008370 51.243324280
0.997474134 -0.026995324 0.065700620 3.761102200 0.027815480 0.999545693 -0.011600537 -5.826008320 -0.065357618 0.013398727 0.997771919 52.471298218
0.997121692 -0.029404279 0.069881871 3.891234636 0.030117175 0.999504268 -0.009169569 -5.964287281 -0.069577619 0.011247821 0.997513115 53.690650940
0.996832728 -0.032216001 0.072709665 4.045442581 0.032720935 0.999447882 -0.005763771 -6.100854397 -0.072483838 0.008124644 0.997336507 54.906112671
0.996597290 -0.034698516 0.074765928 4.199432850 0.035093907 0.999376118 -0.003980822 -6.231822014 -0.074581154 0.006591106 0.997193158 56.116786957
0.996404290 -0.038094878 0.075677551 4.355789661 0.038283195 0.999266326 -0.001038659 -6.353934288 -0.075582452 0.003932102 0.997131765 57.335510254
0.996260524 -0.041107710 0.075993679 4.513319016 0.041198038 0.999150872 0.000379307 -6.478252411 -0.075944766 0.002752903 0.997108221 58.540000916
0.996194720 -0.043123111 0.075739704 4.653961182 0.043467812 0.999050558 -0.002907829 -6.601744652 -0.075542383 0.006189003 0.997123361 59.746761322
0.996196687 -0.044145931 0.075121783 4.798387051 0.044809334 0.998969913 -0.007167848 -6.730132103 -0.074727960 0.010506744 0.997148514 60.933593750
0.996214509 -0.045759331 0.073910676 4.932686806 0.046704270 0.998846948 -0.011106685 -6.860010624 -0.073317222 0.014516586 0.997202992 62.139846802
0.996236205 -0.047101162 0.072767541 5.071084976 0.048203520 0.998746753 -0.013466878 -6.992134571 -0.072042041 0.016923843 0.997257948 63.330127716
0.996377349 -0.047553696 0.070503980 5.208076000 0.048636969 0.998722196 -0.013727396 -7.127535820 -0.069761097 0.017106766 0.997417033 64.518875122
0.996606529 -0.046847988 0.067681260 5.341033459 0.047835071 0.998770177 -0.013037034 -7.262605667 -0.066987269 0.016230330 0.997621834 65.694511414
0.996837258 -0.046263531 0.064615525 5.461498737 0.047058154 0.998833418 -0.010829458 -7.407045364 -0.064039133 0.013835896 0.997851431 66.897331238
0.997239709 -0.042438533 0.060925476 5.581814766 0.042975623 0.999047756 -0.007531847 -7.533450603 -0.060547814 0.010129368 0.998113811 68.070915222
0.997456074 -0.040621888 0.058576141 5.690209389 0.040983535 0.999147415 -0.004985400 -7.659894466 -0.058323678 0.007373377 0.998270512 69.238708496
0.997738421 -0.039499886 0.054386124 5.820738792 0.040008210 0.999164879 -0.008289427 -7.797750473 -0.054013271 0.010446572 0.998485565 70.457786560
0.997911155 -0.039672405 0.050983079 5.928507805 0.040463880 0.999074459 -0.014586771 -7.930954933 -0.050357193 0.016619276 0.998592973 71.617507935
0.997956991 -0.043274060 0.046999786 6.034942627 0.044150811 0.998866677 -0.017778907 -8.066114426 -0.046177149 0.019817665 0.998736680 72.792289734
0.997955084 -0.047419276 0.042861369 6.156620502 0.048019707 0.998760641 -0.013088751 -8.202972412 -0.042187590 0.015120175 0.998995245 73.988403320
0.997952640 -0.051175188 0.038364157 6.262594223 0.051525280 0.998638093 -0.008192047 -8.328794479 -0.037892684 0.010151999 0.999230266 75.145042419
0.998016238 -0.053045962 0.033907603 6.356303215 0.053274829 0.998562574 -0.005881535 -8.452458382 -0.033546876 0.007676290 0.999407589 76.343208313
0.998195589 -0.052125812 0.029808182 6.443086624 0.052249379 0.998628378 -0.003380868 -8.577980042 -0.029591065 0.004932226 0.999549866 77.501876831
0.998312175 -0.051945657 0.025969829 6.537986755 0.052065656 0.998635828 -0.003965495 -8.686705589 -0.025728419 0.005310938 0.999654770 78.663093567
0.998468697 -0.050388828 0.022826552 6.608973980 0.050525047 0.998708010 -0.005430073 -8.822659492 -0.022523452 0.006575071 0.999724627 79.834320068
0.998656094 -0.048014347 0.019507950 6.683367729 0.048226986 0.998780370 -0.010579825 -8.950914383 -0.018976178 0.011506417 0.999753714 80.978828430
0.998555303 -0.051453527 0.015489075 6.768113613 0.051689342 0.998547137 -0.015229855 -9.090774536 -0.014682945 0.016008470 0.999763966 82.145622253
0.998391271 -0.055458304 0.011794279 6.839135647 0.055649307 0.998313427 -0.016533850 -9.218894958 -0.010857450 0.017163597 0.999793708 83.326972961
0.998391330 -0.055985335 0.008964777 6.884868622 0.056100544 0.998338342 -0.013161288 -9.345689774 -0.008213041 0.013643044 0.999873161 84.463150024
0.998381257 -0.056490909 0.006601560 6.941679001 0.056558583 0.998343468 -0.010559101 -9.474020004 -0.005994132 0.010915385 0.999922454 85.596504211
0.998523116 -0.054011345 0.005851398 6.994647503 0.054079302 0.998462677 -0.012156705 -9.604310036 -0.005185802 0.012455191 0.999908984 86.742683411
0.998729229 -0.050195701 0.004511948 7.049669266 0.050260659 0.998613179 -0.015669905 -9.733931541 -0.003719129 0.015876764 0.999867022 87.865211487
0.998790443 -0.049074527 0.003065057 7.103111744 0.049121905 0.998630583 -0.017998608 -9.866741180 -0.002177586 0.018127400 0.999833286 88.983779907
0.998745263 -0.050019965 0.002422741 7.155493736 0.050056227 0.998575985 -0.018447259 -10.002821922 -0.001496560 0.018545387 0.999826849 90.098495483
0.998688757 -0.051173534 0.001408946 7.199857712 0.051189858 0.998552024 -0.016542248 -10.134804726 -0.000560380 0.016592689 0.999862134 91.219223022
0.998590708 -0.053070366 0.000154969 7.257178307 0.053067472 0.998496294 -0.013752392 -10.261891365 0.000575109 0.013741235 0.999905407 92.329345703
0.998611212 -0.052682843 0.000387508 7.304406166 0.052683450 0.998527229 -0.012946903 -10.391122818 0.000295142 0.012949334 0.999916136 93.463050842
0.998612583 -0.052657869 0.000186254 7.345784187 0.052654494 0.998494327 -0.015380737 -10.522672653 0.000623943 0.015369205 0.999881685 94.615196228
0.998606205 -0.052778631 -0.000405365 7.401896000 0.052761544 0.998427987 -0.018911766 -10.652011871 0.001402865 0.018864017 0.999821067 95.715759277
0.998549163 -0.053841379 -0.000763564 7.455471992 0.053815443 0.998351276 -0.019964010 -10.786760330 0.001837195 0.019893955 0.999800384 96.820411682
0.998556852 -0.053704802 -0.000232971 7.500629425 0.053690568 0.998374879 -0.019098636 -10.913791656 0.001258280 0.019058567 0.999817550 97.901000977
0.998576403 -0.053339649 0.000231792 7.549955845 0.053337943 0.998485982 -0.013438863 -11.036994934 0.000485383 0.013432093 0.999909639 98.988998413
0.998648882 -0.051952288 0.001130234 7.604595184 0.051961292 0.998594105 -0.010478470 -11.155359268 -0.000584265 0.010523039 0.999944448 100.055267334
0.998718917 -0.050514270 0.002984710 7.658638477 0.050543230 0.998665631 -0.010593118 -11.269781113 -0.002445623 0.010730404 0.999939442 101.105148315
0.998794854 -0.048846055 0.004790286 7.710378170 0.048900630 0.998731256 -0.012027555 -11.397568703 -0.004196711 0.012247306 0.999916196 102.158576965
0.998777688 -0.048930280 0.006993874 7.765126705 0.049028680 0.998689592 -0.014666509 -11.514812469 -0.006267074 0.014991482 0.999867916 103.174308777
0.998684347 -0.050590917 0.008373974 7.836237431 0.050713569 0.998598397 -0.015147794 -11.636275291 -0.007595897 0.015552539 0.999850154 104.190872192
0.998591125 -0.052023351 0.010455371 7.897816181 0.052170735 0.998534977 -0.014355958 -11.760072708 -0.009693209 0.014881196 0.999842286 105.191955566
0.998577952 -0.051930614 0.012046599 7.959522247 0.052083306 0.998561680 -0.012728283 -11.876079559 -0.011368285 0.013337612 0.999846458 106.150726318
0.998510540 -0.052849773 0.013544934 8.014757156 0.053005915 0.998528659 -0.011440429 -11.986716270 -0.012920381 0.012141353 0.999842763 107.106071472
0.998443544 -0.053569596 0.015512505 8.071010590 0.053757425 0.998482406 -0.011954661 -12.093189240 -0.014848558 0.012769967 0.999808192 108.024993896
0.998437226 -0.053197421 0.017121408 8.130520821 0.053376976 0.998522282 -0.010206575 -12.194217682 -0.016553145 0.011104511 0.999801338 108.931655884
0.998445928 -0.052378803 0.019032303 8.186903954 0.052538089 0.998587132 -0.007967671 -12.294381142 -0.018588075 0.008955210 0.999787152 109.802597046
0.998420596 -0.052454881 0.020119771 8.249067307 0.052562661 0.998605788 -0.004865769 -12.395855904 -0.019836485 0.005915633 0.999785841 110.658973694
0.998376310 -0.052650604 0.021742746 8.307538033 0.052765995 0.998595536 -0.004767936 -12.488708496 -0.021461176 0.005907473 0.999752164 111.484497070
0.998405874 -0.051560588 0.022961136 8.356979370 0.051665399 0.998656452 -0.003994711 -12.579584122 -0.022724317 0.005174639 0.999728382 112.296951294
0.998519599 -0.049156379 0.023287348 8.409648895 0.049256336 0.998779058 -0.003737982 -12.660443306 -0.023075175 0.004879497 0.999721825 113.078460693
0.998661458 -0.046520703 0.022603977 8.457452774 0.046551544 0.998915434 -0.000839751 -12.736865044 -0.022540400 0.001890877 0.999744117 113.831932068
0.998707771 -0.046891756 0.019593414 8.498842239 0.046891905 0.998899817 0.000452213 -12.825593948 -0.019593066 0.000467144 0.999808073 114.574409485
0.998815596 -0.046856407 0.013110479 8.533817291 0.046854265 0.998901606 0.000470887 -12.899815559 -0.013118140 0.000143953 0.999913931 115.271331787
0.998975754 -0.045162167 0.002796806 8.559083939 0.045164634 0.998979211 -0.000825386 -12.974902153 -0.002756674 0.000950857 0.999995768 115.943504333
0.999025226 -0.042729318 -0.011076957 8.554911613 0.042694572 0.999082565 -0.003355299 -13.047603607 0.011210166 0.002879103 0.999933124 116.582221985
0.998706043 -0.041004751 -0.030080497 8.557049751 0.040845312 0.999148071 -0.005896423 -13.115729332 0.030296648 0.004660146 0.999530077 117.205993652
0.997855067 -0.039248709 -0.052390397 8.522556305 0.038857270 0.999208868 -0.008469706 -13.183923721 0.052681368 0.006415790 0.998590827 117.793952942
0.996051490 -0.037935011 -0.080265045 8.481329918 0.037235744 0.999254584 -0.010191536 -13.253598213 0.080591828 0.007162564 0.996721447 118.360549927
0.993035376 -0.035732660 -0.112266600 8.409723282 0.034579005 0.999327421 -0.012207026 -13.322370529 0.112627290 0.008239940 0.993603110 118.904838562
0.988529086 -0.031128081 -0.147787452 8.310237885 0.029441822 0.999474168 -0.013584469 -13.388765335 0.148132622 0.009077512 0.988925815 119.440742493
0.982214391 -0.025143316 -0.186071426 8.189479828 0.023057437 0.999644816 -0.013366028 -13.444809914 0.186341390 0.008837975 0.982445300 119.962471008
0.973529756 -0.019672472 -0.227712303 8.048498154 0.017531728 0.999781072 -0.011420145 -13.504707336 0.227887124 0.007125659 0.973661423 120.465843201
0.962111056 -0.014954810 -0.272247821 7.873161316 0.012741973 0.999869823 -0.009894209 -13.563101768 0.272360325 0.006050353 0.962176323 120.959663391
0.947756350 -0.008811210 -0.318873584 7.677608490 0.005780536 0.999928772 -0.010449423 -13.622233391 0.318942904 0.008060245 0.947739661 121.429924011
0.930167437 -0.001139823 -0.367133856 7.448654175 -0.003143226 0.999933779 -0.011068111 -13.682044983 0.367122233 0.011449182 0.930102229 121.903480530
0.908974349 0.003389763 -0.416837960 7.198471069 -0.009218724 0.999885857 -0.011971581 -13.734904289 0.416749746 0.014724576 0.908901989 122.328315735
0.883696377 0.007625763 -0.467998534 6.930755615 -0.014355749 0.999838412 -0.010815402 -13.788635254 0.467840493 0.016276000 0.883663177 122.741867065
0.854684114 0.010833221 -0.519035339 6.643737793 -0.019330529 0.999753058 -0.010964474 -13.831072807 0.518788517 0.019404391 0.854682446 123.137985229
0.822977424 0.020469623 -0.567705035 6.315883636 -0.030004138 0.999521911 -0.007456153 -13.884545326 0.567281127 0.023169748 0.823198318 123.507125854
0.788696170 0.033299092 -0.613880754 5.968982697 -0.043133058 0.999068499 -0.001223035 -13.923807144 0.613268256 0.027443156 0.789397836 123.862762451
0.752671599 0.041999992 -0.657055259 5.609592438 -0.054569945 0.998509049 0.001315139 -13.964826584 0.656130791 0.034865610 0.753841281 124.177703857
0.712739468 0.045782030 -0.699933350 5.239990234 -0.061810557 0.998085082 0.002342429 -14.012734413 0.698700309 0.041593727 0.714204371 124.474700928
0.670111954 0.047608294 -0.740731657 4.863445282 -0.064642869 0.997892439 0.005656562 -14.062469482 0.739439964 0.044092495 0.671777129 124.755699158
0.626271904 0.051204387 -0.777921259 4.452529907 -0.068067931 0.997621477 0.010866866 -14.100601196 0.776627481 0.046145882 0.628267586 125.024581909
0.581229687 0.059992343 -0.811525166 4.027286530 -0.079393543 0.996701419 0.016818427 -14.135756493 0.809857309 0.054654483 0.584075451 125.252502441
0.535351098 0.068741947 -0.841827571 3.584121704 -0.091280550 0.995553792 0.023246046 -14.159978867 0.839682698 0.064397700 0.539245665 125.463348389
0.488270283 0.073653989 -0.869578779 3.132602692 -0.096875362 0.994848251 0.029868700 -14.187425613 0.867298901 0.069656752 0.492890000 125.662002563
0.441227883 0.074582241 -0.894290447 2.659118652 -0.096468844 0.994707644 0.035360754 -14.208958626 0.892194867 0.070669003 0.446087688 125.841285706
0.394444019 0.076342881 -0.915743232 2.184436798 -0.094270192 0.994646907 0.042315233 -14.231834412 0.914071679 0.069636308 0.399529487 126.004776001
0.348227888 0.079142623 -0.934063077 1.693626404 -0.095924281 0.994207501 0.048477098 -14.256207466 0.932489038 0.072718255 0.353802502 126.152511597
0.304200053 0.082120322 -0.949061990 1.188179016 -0.101534985 0.993397236 0.053411826 -14.275728226 0.947181642 0.080115125 0.310529470 126.270446777
0.262945026 0.083894774 -0.961156368 0.663259506 -0.106533855 0.992645144 0.057498656 -14.294137001 0.958911061 0.087276720 0.269948751 126.369956970
0.223924875 0.080454148 -0.971280038 0.136453629 -0.107055224 0.992586851 0.057537884 -14.312299728 0.968708813 0.091096431 0.230877951 126.462776184
0.189431712 0.075490423 -0.978987575 -0.400203705 -0.102127470 0.993147314 0.056820843 -14.332733154 0.976568282 0.089217857 0.195843250 126.548370361
0.158929169 0.070395961 -0.984777153 -0.957813263 -0.099776611 0.993493259 0.054916486 -14.351634979 0.982235312 0.089529887 0.164918929 126.625236511
0.131605402 0.068661079 -0.988921404 -1.516407013 -0.099951938 0.993433475 0.055672769 -14.376832008 0.986250281 0.091517754 0.137604073 126.704109192
0.109573916 0.067907482 -0.991656303 -2.098323822 -0.101109415 0.993250012 0.056844454 -14.394011497 0.988822758 0.094037123 0.115700379 126.766242981
0.091438055 0.069049582 -0.993413985 -2.703742981 -0.103607379 0.992838562 0.059473120 -14.408038139 0.990406334 0.097486906 0.097937286 126.811225891
0.074944057 0.067473993 -0.994902313 -3.307938576 -0.104419768 0.992754102 0.059462566 -14.435157776 0.991705596 0.099431098 0.081446633 126.864028931
0.061295621 0.066720620 -0.995887220 -3.929282665 -0.103787348 0.992780626 0.060124505 -14.465022087 0.992708981 0.099675126 0.067777865 126.906059265
0.048760243 0.063904166 -0.996764123 -4.575410843 -0.098394774 0.993404329 0.058875445 -14.488692284 0.993952155 0.095205568 0.054726470 126.959129333
0.036638800 0.061342072 -0.997444153 -5.222733021 -0.096100651 0.993704677 0.057582069 -14.508864403 0.994697094 0.093745284 0.042303156 126.999794006
0.025794454 0.061048448 -0.997801483 -5.881280899 -0.095578618 0.993711591 0.058327395 -14.532073021 0.995087564 0.093863972 0.031467173 127.032890320
0.016877152 0.062570281 -0.997897744 -6.552655220 -0.099161632 0.993224382 0.060600154 -14.557463646 0.994928241 0.097930416 0.022967368 127.041297913
0.008421158 0.061939903 -0.998044372 -7.249523163 -0.102500461 0.992876053 0.060754269 -14.584135056 0.994697332 0.101788402 0.014710035 127.057022095
0.001991841 0.061455302 -0.998107910 -7.936555862 -0.105183676 0.992586017 0.060905404 -14.607706070 0.994450867 0.104863331 0.008441167 127.072990417
-0.003581583 0.062903278 -0.998013139 -8.630494118 -0.105880909 0.992385626 0.062928550 -14.632906914 0.994372427 0.105895929 0.003105946 127.088745117
-0.006995310 0.064802140 -0.997873724 -9.348230362 -0.107535228 0.992062390 0.065178640 -14.649326324 0.994176686 0.107762516 0.000028731 127.108169556
-0.007994220 0.068337284 -0.997630179 -10.066389084 -0.109761558 0.991573751 0.068801969 -14.671776772 0.993925750 0.110051475 -0.000426052 127.120033264
-0.008681764 0.071796715 -0.997381508 -10.799637794 -0.112666160 0.990997672 0.072317891 -14.689157486 0.993594944 0.112998992 -0.000514548 127.124740601
-0.010361442 0.077417672 -0.996944904 -11.527198792 -0.117488071 0.989998639 0.078099318 -14.704211235 0.993020236 0.117938370 -0.001162162 127.140213013
-0.011567282 0.081074752 -0.996640921 -12.265180588 -0.120463625 0.989335299 0.081878595 -14.719593048 0.992650330 0.121006094 -0.001677362 127.154205322
-0.013135645 0.081684083 -0.996571720 -13.010573387 -0.119767457 0.989353955 0.082671106 -14.738181114 0.992715120 0.120442808 -0.003212708 127.169555664
-0.014061135 0.078222133 -0.996836722 -13.777003288 -0.118105911 0.989826441 0.079338007 -14.756544113 0.992901385 0.118847884 -0.004679586 127.181823730
-0.015837850 0.075008579 -0.997057080 -14.528484344 -0.121867068 0.989602923 0.076383591 -14.766043663 0.992420077 0.122718185 -0.006532108 127.193069458
-0.016866941 0.076630957 -0.996916890 -15.300500870 -0.126647323 0.988864064 0.078154728 -14.777316093 0.991804421 0.127575085 -0.006974004 127.190795898
-0.018182926 0.079813577 -0.996643960 -16.076871872 -0.123898782 0.988945782 0.081457518 -14.794530869 0.992128253 0.124964140 -0.008093124 127.201309204
-0.020625155 0.079885371 -0.996590614 -16.852121353 -0.122661270 0.989069939 0.081821084 -14.812103271 0.992234230 0.123930641 -0.010600887 127.215904236
-0.021141725 0.079514295 -0.996609509 -17.638963699 -0.126091316 0.988660574 0.081554942 -14.826489449 0.991793275 0.127388030 -0.010875928 127.211151123
-0.022114083 0.078785121 -0.996646285 -18.435167313 -0.129910305 0.988211632 0.081000857 -14.838032722 0.991279125 0.131265894 -0.011618395 127.220596313
-0.023277774 0.082973823 -0.996279776 -19.232456207 -0.131820068 0.987594128 0.085330389 -14.845293045 0.991000295 0.133315966 -0.012051379 127.226455688
-0.024098102 0.087819844 -0.995844781 -20.035642624 -0.131016746 0.987265170 0.090233669 -14.860579491 0.991087198 0.132646829 -0.012285347 127.239944458
-0.023059219 0.090514287 -0.995628178 -20.859130859 -0.132077783 0.986887813 0.092778683 -14.872013092 0.990971029 0.133639753 -0.010801935 127.249023438
-0.021281421 0.089461930 -0.995762765 -21.677085876 -0.131469190 0.987089097 0.091492400 -14.881816864 0.991091847 0.132859245 -0.009245172 127.258613586
-0.020216383 0.089692511 -0.995764256 -22.508186340 -0.131400049 0.987090349 0.091578931 -14.889772415 0.991123319 0.132694900 -0.008169794 127.268798828
-0.020133551 0.088248879 -0.995894909 -23.339273453 -0.129579604 0.987465024 0.090121537 -14.892371178 0.991364539 0.130862117 -0.008445919 127.287139893
-0.019319998 0.090330459 -0.995724440 -24.177045822 -0.130519062 0.987160146 0.092085965 -14.901868820 0.991257548 0.131740138 -0.007282083 127.304115295
-0.018896507 0.092316888 -0.995550334 -25.015542984 -0.132222787 0.986751795 0.094010726 -14.904870987 0.991039932 0.133410931 -0.006439764 127.319351196
-0.018721739 0.094655968 -0.995333970 -25.882537842 -0.134980202 0.986155331 0.096322000 -14.905263901 0.990671396 0.136153683 -0.005685862 127.328033447
-0.016997183 0.095707387 -0.995264351 -26.746929169 -0.137123480 0.985779703 0.097137108 -14.903884888 0.990408123 0.138125181 -0.003631745 127.336616516
-0.014962530 0.098842047 -0.994990587 -27.620725632 -0.143899232 0.984530151 0.099966846 -14.905541420 0.989479184 0.144674137 -0.000507767 127.344741821
-0.013001491 0.102820866 -0.994614899 -28.500637054 -0.148547739 0.983462572 0.103609748 -14.904700279 0.988819718 0.149094895 0.002487327 127.362457275
-0.010864787 0.104521766 -0.994463265 -29.376253128 -0.150902674 0.982960582 0.104961455 -14.900510788 0.988488972 0.151207551 0.005092960 127.389961243
-0.006896607 0.105291009 -0.994417489 -30.277257919 -0.149846345 0.983103871 0.105132312 -14.902693748 0.988685250 0.149734885 0.008997389 127.408271790
-0.004239791 0.105225101 -0.994439423 -31.169088364 -0.152512118 0.982746661 0.104638092 -14.899038315 0.988292456 0.152107686 0.011881465 127.434638977
-0.001748098 0.109007671 -0.994039357 -32.070461273 -0.152877420 0.982326984 0.107992113 -14.893383026 0.988243580 0.152154922 0.014947606 127.461799622
0.000615475 0.110727288 -0.993850648 -32.984802246 -0.151663765 0.982364416 0.109353662 -14.886779785 0.988431931 0.150663823 0.017397942 127.501518250
0.002447092 0.111918777 -0.993714333 -33.878326416 -0.152167335 0.982186794 0.110245742 -14.885283470 0.988351643 0.150941104 0.019433886 127.539833069
0.005002070 0.110139132 -0.993903577 -34.780982971 -0.153492734 0.982222080 0.108072177 -14.881311417 0.988137066 0.152016401 0.021818703 127.568679810
0.005402732 0.111392252 -0.993761837 -35.690685272 -0.157987595 0.981390417 0.109146588 -14.875373840 0.987426341 0.156412333 0.022900783 127.605407715
0.006481961 0.111948185 -0.993692875 -36.584083557 -0.158719599 0.981231809 0.109508999 -14.872836113 0.987302363 0.157008663 0.024128681 127.640678406
0.006703774 0.108545586 -0.994068921 -37.481029510 -0.159050494 0.981552005 0.106106244 -14.873626709 0.987247705 0.157395825 0.023844339 127.674278259
0.007622329 0.104315333 -0.994515061 -38.388298035 -0.160250410 0.981817663 0.101755232 -14.876794815 0.987046897 0.158595830 0.024200309 127.716667175
0.008170764 0.103509344 -0.994594932 -39.286785126 -0.159871548 0.981969476 0.100882001 -14.873260498 0.987103999 0.158183157 0.024571640 127.755287170
0.008020468 0.107560888 -0.994166136 -40.191947937 -0.162293792 0.981156707 0.104844064 -14.870806694 0.986709833 0.160506099 0.025325805 127.791908264
0.008319314 0.113904007 -0.993456900 -41.124526978 -0.163093761 0.980342686 0.111034639 -14.862792969 0.986575484 0.161102921 0.026732808 127.829948425
0.008613609 0.112625383 -0.993600130 -42.019065857 -0.160814136 0.980859637 0.109787129 -14.865815163 0.986947119 0.158839300 0.026560497 127.871932983
0.009361681 0.102296568 -0.994709790 -42.909564972 -0.160146758 0.982066691 0.099489108 -14.873550415 0.987048805 0.158368185 0.025576256 127.914085388
0.009800722 0.091715179 -0.995737076 -43.832275391 -0.161765352 0.982813716 0.088932633 -14.880449295 0.986780584 0.160204157 0.024468619 127.950958252
0.008907041 0.088721924 -0.996016622 -44.735172272 -0.158717602 0.983554542 0.086192489 -14.891313553 0.987283826 0.157317638 0.022842292 127.992797852
0.008590975 0.098747507 -0.995075405 -45.653854370 -0.151290357 0.983785272 0.096320949 -14.896538734 0.988452077 0.149717808 0.023391217 128.042495728
0.008564502 0.111997493 -0.993671715 -46.605056763 -0.146482021 0.983128965 0.109546706 -14.897034645 0.989176273 0.144616812 0.024825633 128.099716187
0.008760931 0.121098667 -0.992601752 -47.527671814 -0.146675557 0.982058942 0.118517831 -14.890592575 0.989145875 0.144552127 0.026365967 128.142868042
0.008524727 0.115421318 -0.993280053 -48.443195343 -0.146794394 0.982699275 0.112931937 -14.890368462 0.989130318 0.144845247 0.025320446 128.182312012
0.008823140 0.101698466 -0.994776130 -49.374446869 -0.146637201 0.984192133 0.099315807 -14.888457298 0.989150941 0.144994915 0.023596438 128.217483521
0.009410875 0.092849389 -0.995635629 -50.290489197 -0.147101030 0.984975874 0.090464868 -14.890711784 0.989076734 0.145607710 0.022927724 128.259429932
0.009906479 0.092904359 -0.995625675 -51.223098755 -0.146000326 0.985138834 0.090473078 -14.900895119 0.989234924 0.144465402 0.023323320 128.302017212
0.009525125 0.094188139 -0.995508850 -52.176940918 -0.149431467 0.984509051 0.091717631 -14.919239044 0.988726199 0.147886753 0.023452243 128.337722778
0.010145182 0.093739778 -0.995544970 -53.105827332 -0.153998062 0.983865201 0.091070689 -14.924796104 0.988019109 0.152388081 0.024417240 128.369125366
0.010556042 0.093321100 -0.995580077 -54.049465179 -0.155786365 0.983631790 0.090549313 -14.930896759 0.987734377 0.154141977 0.024921414 128.409255981
0.011448646 0.100578025 -0.994863272 -54.999565125 -0.164445624 0.981571257 0.097341835 -14.932624817 0.986319780 0.162486479 0.027777279 128.447937012
0.013234340 0.109780513 -0.993867755 -55.952972412 -0.170832276 0.979589462 0.105928548 -14.926115036 0.985211253 0.168382794 0.031718265 128.480072021
0.014521067 0.118115127 -0.992893755 -56.896808624 -0.171190292 0.978630424 0.113914683 -14.922435760 0.985130906 0.168319583 0.034430917 128.523330688
0.015294800 0.119012244 -0.992775023 -57.838768005 -0.172646359 0.978292525 0.114616312 -14.919830322 0.984865129 0.169645950 0.035509817 128.567718506
0.016951323 0.109373748 -0.993856192 -58.778377533 -0.174280331 0.979105830 0.104777917 -14.917325974 0.984550118 0.171433419 0.035658825 128.614654541
0.017526899 0.104438782 -0.994376779 -59.752506256 -0.172183067 0.979986966 0.099892527 -14.925865173 0.984908998 0.169464067 0.035158716 128.684478760
0.019730208 0.102916390 -0.994494259 -60.704845428 -0.171118215 0.980358660 0.098058648 -14.925605774 0.985052943 0.168241397 0.036953554 128.735855103
0.023340698 0.108944923 -0.993773639 -61.666255951 -0.172051787 0.979650855 0.103355698 -14.924816132 0.984811366 0.168568134 0.041609894 128.787673950
0.026909269 0.111185640 -0.993435323 -62.648391724 -0.175103545 0.978954017 0.104821861 -14.934324265 0.984182298 0.171133354 0.045811944 128.835418701
0.030389443 0.106059439 -0.993895292 -63.606246948 -0.174782053 0.979598224 0.099189617 -14.935681343 0.984138072 0.170700744 0.048306730 128.909454346
0.033636548 0.100469321 -0.994371414 -64.556678772 -0.174701273 0.980207443 0.093128607 -14.946043015 0.984046757 0.170585439 0.050522916 128.973907471
0.037124768 0.100228459 -0.994271517 -65.526069641 -0.172114059 0.980730474 0.092436925 -14.951141357 0.984377325 0.167696416 0.053660117 129.040328979
0.039356701 0.104653813 -0.993729651 -66.488449097 -0.169818804 0.980733335 0.096559435 -14.963470459 0.984689116 0.164953694 0.056370612 129.121215820
0.042843480 0.111456193 -0.992845356 -67.458641052 -0.169663250 0.980135441 0.102708027 -14.969884872 0.984570324 0.164049029 0.060902439 129.203079224
0.046445150 0.115192786 -0.992256701 -68.415023804 -0.167508975 0.980161190 0.105947874 -14.971066475 0.984775901 0.161291152 0.064819552 129.275329590
0.048101708 0.116728835 -0.991998255 -69.378631592 -0.166889116 0.980126381 0.107239462 -14.974728584 0.984801650 0.160395324 0.066626534 129.361434937
0.050016809 0.114282735 -0.992188275 -70.336608887 -0.165025905 0.980722368 0.104642987 -14.975689888 0.985020161 0.158502892 0.067912214 129.442184448
0.049706589 0.112450689 -0.992413282 -71.287490845 -0.162297726 0.981344223 0.103067517 -14.985115051 0.985489070 0.155943274 0.067029782 129.539932251
0.050050568 0.108654872 -0.992818832 -72.229232788 -0.159257337 0.982213616 0.099465676 -14.995068550 0.985967577 0.153135359 0.066464446 129.628906250
0.050078578 0.109067976 -0.992772043 -73.200424194 -0.158274412 0.982324660 0.099936366 -14.998115540 0.986124396 0.152125716 0.066456109 129.704025269
0.049262714 0.113491401 -0.992316842 -74.152351379 -0.154858515 0.982376516 0.104666702 -15.000203133 0.986707687 0.148512557 0.065969646 129.799972534
0.048819475 0.115116142 -0.992151678 -75.127922058 -0.149197683 0.983031869 0.106716625 -15.007987022 0.987601519 0.142816871 0.065166160 129.887634277
0.047796719 0.111321881 -0.992634356 -76.078140259 -0.146122083 0.983858287 0.103301682 -15.006927490 0.988111317 0.140108302 0.063291796 129.971343994
0.046491172 0.107687332 -0.993097186 -77.028816223 -0.147727370 0.983981669 0.099783130 -15.012103081 0.987934887 0.142068595 0.061654843 130.048690796
0.045340165 0.104160175 -0.993526578 -78.009254456 -0.144182160 0.984818280 0.096667379 -15.015194893 0.988511920 0.138865873 0.059669867 130.117126465
0.044524316 0.105112650 -0.993463099 -78.956268311 -0.144600391 0.984655082 0.097700104 -15.021202087 0.988487840 0.139305115 0.059040431 130.181213379
0.043198418 0.106418192 -0.993382692 -79.904235840 -0.145002201 0.984450281 0.099155724 -15.024674416 0.988487899 0.139759287 0.057957564 130.261138916
0.042404752 0.107585035 -0.993291080 -80.872406006 -0.147664338 0.983941853 0.100268424 -15.035491943 0.988128006 0.142421812 0.057610281 130.322769165
0.041143350 0.107444324 -0.993359447 -81.826362610 -0.147405744 0.983974934 0.100323960 -15.028567314 0.988219976 0.142299220 0.056321934 130.392166138
0.038920797 0.108442426 -0.993340492 -82.780242920 -0.147644073 0.983806491 0.101616651 -15.034995079 0.988274455 0.142705843 0.054301422 130.460250854
0.036888134 0.111502223 -0.993079424 -83.724731445 -0.147537380 0.983473241 0.104943350 -15.037663460 0.988368392 0.142645180 0.052729242 130.531494141
0.035445511 0.114875384 -0.992747307 -84.685104370 -0.148730904 0.982915521 0.108427308 -15.027853966 0.988242269 0.143808991 0.051925458 130.584228516
0.033242919 0.119370528 -0.992293060 -85.634132385 -0.149736702 0.982230902 0.113143705 -15.016310692 0.988166928 0.144821450 0.050526377 130.648239136
0.031291097 0.119855255 -0.992298067 -86.582389832 -0.150082961 0.982091784 0.113889761 -15.019131660 0.988178134 0.145363271 0.048718967 130.709442139
0.029913938 0.113684654 -0.993066370 -87.524040222 -0.149923593 0.982782185 0.107991204 -15.009806633 0.988244951 0.145653650 0.046442900 130.774703979
0.027602402 0.109220862 -0.993634105 -88.462738037 -0.154660612 0.982510090 0.103701748 -15.004870415 0.987582028 0.150813639 0.044011801 130.834381104
0.027350208 0.106842935 -0.993899643 -89.431221008 -0.153112382 0.982986867 0.101456463 -15.000473976 0.987830162 0.149403483 0.043243878 130.880142212
0.026383894 0.108073816 -0.993792653 -90.382774353 -0.149038076 0.983453214 0.102992624 -15.007698059 0.988479316 0.145395622 0.042054437 130.939178467
0.025707727 0.109151058 -0.993692696 -91.336517334 -0.145554304 0.983836770 0.104302838 -15.005616188 0.989016235 0.141954839 0.041179609 131.002868652
0.024498610 0.109228231 -0.993714809 -92.282234192 -0.140667096 0.984500289 0.104747437 -15.010836601 0.989753783 0.137216806 0.039483711 131.067138672
0.023514489 0.106463425 -0.994038463 -93.228141785 -0.136526123 0.985339999 0.102302194 -15.015720367 0.990357339 0.133306637 0.037704807 131.125808716
0.022255378 0.102961436 -0.994436324 -94.187828064 -0.131185159 0.986382961 0.099191718 -15.020853043 0.991108060 0.128247723 0.035459340 131.183578491
0.021392319 0.105479278 -0.994191349 -95.148529053 -0.129277050 0.986362338 0.101866946 -15.026129723 0.991377771 0.126346946 0.034736630 131.236068726
0.020275572 0.108231723 -0.993919015 -96.082847595 -0.129323140 0.986055553 0.104737334 -15.032426834 0.991395235 0.126413077 0.033989713 131.290863037
0.018811217 0.106192961 -0.994167566 -97.052917480 -0.124977924 0.986794293 0.103040621 -15.033203125 0.991981268 0.122310653 0.031834580 131.337707520
0.015458011 0.103013046 -0.994559884 -98.008148193 -0.122422494 0.987389982 0.100367665 -15.036035538 0.992357790 0.120205022 0.027874200 131.397247314
0.012631959 0.100909851 -0.994815409 -98.958335876 -0.121351160 0.987695694 0.098646767 -15.042984962 0.992529273 0.119475901 0.024722058 131.445877075
0.010321187 0.099460453 -0.994987905 -99.918579102 -0.114955425 0.988561809 0.097625636 -15.050272942 0.993316948 0.113371648 0.021636646 131.490783691
0.007425969 0.099526264 -0.995007157 -100.865058899 -0.109241225 0.989160061 0.098126099 -15.048576355 0.993987441 0.107967138 0.018217839 131.546173096
0.005535858 0.106935486 -0.994250536 -101.869438171 -0.099098980 0.989430070 0.105865262 -15.044950485 0.995062172 0.097943150 0.016074542 131.590682983
0.002994577 0.115052812 -0.993354857 -102.829185486 -0.091223992 0.989248872 0.114302218 -15.043151855 0.995825946 0.090275504 0.013457956 131.643264771
-0.001219376 0.114060953 -0.993473053 -103.783103943 -0.086942807 0.989699662 0.113734439 -15.036626816 0.996212542 0.086514018 0.008709962 131.698333740
-0.002684111 0.104091510 -0.994564116 -104.739082336 -0.087765761 0.990705252 0.103924491 -15.038661003 0.996137440 0.087567613 0.006476508 131.717956543
-0.004757317 0.094646007 -0.995499671 -105.687034607 -0.089539818 0.991471708 0.094690964 -15.039669037 0.995971859 0.089587338 0.003757841 131.752807617
-0.005471672 0.096371479 -0.995330453 -106.637290955 -0.097006865 0.990599632 0.096446708 -15.048117638 0.995268643 0.097081602 0.003928457 131.777435303
-0.005750518 0.105837345 -0.994366825 -107.614837646 -0.100385346 0.989298999 0.105878480 -15.038075447 0.994931996 0.100428700 0.004935537 131.800003052
-0.007254036 0.117179774 -0.993084192 -108.578063965 -0.104316950 0.987603128 0.117294990 -15.029039383 0.994517565 0.104446381 0.005059727 131.826705933
-0.008971581 0.118774146 -0.992880702 -109.524902344 -0.111118801 0.986652792 0.119033165 -15.020118713 0.993766606 0.111395642 0.004346204 131.856170654
-0.008306884 0.116274506 -0.993182480 -110.517395020 -0.118783250 0.986069620 0.116435304 -15.009421349 0.992885470 0.118940666 0.005620297 131.867584229
-0.008656385 0.112187326 -0.993649364 -111.470855713 -0.126745626 0.985549092 0.112376958 -14.998534203 0.991897523 0.126913503 0.005687962 131.891494751
-0.006572212 0.114130400 -0.993443966 -112.437789917 -0.131370246 0.984756470 0.114001438 -14.982019424 0.991311669 0.131258219 0.008521311 131.913574219
-0.004876825 0.115520738 -0.993293107 -113.423820496 -0.139342576 0.983535707 0.115070075 -14.968497276 0.990232229 0.138969198 0.011300421 131.933837891
-0.004218657 0.118163414 -0.992985249 -114.388000488 -0.148597598 0.981895328 0.117475055 -14.953888893 0.988888800 0.148050800 0.013416521 131.951507568
-0.003949992 0.120760471 -0.992673874 -115.362045288 -0.154282495 0.980722249 0.119920455 -14.938514709 0.988018870 0.153625876 0.014757384 131.976104736
-0.003882690 0.119786337 -0.992792130 -116.339134216 -0.157594934 0.980319917 0.118897848 -14.930197716 0.987496197 0.156920657 0.015071445 132.014739990
-0.002236968 0.110270694 -0.993899167 -117.294723511 -0.156624421 0.981596351 0.109258257 -14.934700966 0.987655759 0.155913293 0.015075286 132.044723511
-0.000825837 0.098790936 -0.995107889 -118.245811462 -0.159638539 0.982333422 0.097655214 -14.928895950 0.987175167 0.158938214 0.014959592 132.078582764
