1.000000000 0.000000000 0.000000000 0.000000000 0.000000000 1.000000000 0.000000000 0.000000000 0.000000000 0.000000000 1.000000000 0.000000000
0.999997854 -0.001577281 -0.001355553 0.049735107 0.001574372 0.999996483 -0.002144645 -0.132760555 0.001358931 0.002142506 0.999996781 1.297486782
0.999997675 0.000082558 -0.002131185 0.103285469 -0.000096111 0.999979794 -0.006360252 -0.267799258 0.002130617 0.006360443 0.999977469 2.605001926
0.999995887 0.002521906 -0.001347041 0.147051856 -0.002532281 0.999966681 -0.007756856 -0.407775134 0.001327434 0.007760236 0.999969006 3.908984661
0.999982953 0.005822701 0.000222800 0.191189185 -0.005821137 0.999962091 -0.006473191 -0.546288252 -0.000260483 0.006471784 0.999979079 5.220915794
0.999974847 0.006649156 0.002444373 0.240333274 -0.006641378 0.999972880 -0.003176169 -0.691323340 -0.002465425 0.003159856 0.999991953 6.539524078
0.999959588 0.006857059 0.005813404 0.296476841 -0.006846677 0.999974847 -0.001803735 -0.829383850 -0.005825627 0.001763859 0.999981403 7.842051506
0.999944091 0.005259775 0.009174375 0.350526929 -0.005244788 0.999984860 -0.001656695 -0.963568032 -0.009182950 0.001608484 0.999956489 9.143480301
0.999913812 0.003887729 0.012541760 0.428199619 -0.003868554 0.999991357 -0.001552820 -1.100335717 -0.012547689 0.001504168 0.999920130 10.443305016
0.999869466 0.002817114 0.015904285 0.493264884 -0.002781838 0.999993622 -0.002239666 -1.239608884 -0.015910495 0.002195131 0.999871016 11.750088692
0.999816060 0.001577876 0.019108813 0.572275221 -0.001519239 0.999994099 -0.003082741 -1.375138760 -0.019113565 0.003053143 0.999812663 13.043522835
0.999747038 0.001464936 0.022447648 0.642229319 -0.001394892 0.999994040 -0.003135673 -1.519330502 -0.022452110 0.003103568 0.999743104 14.366350174
0.999666989 0.001333467 0.025768688 0.726804018 -0.001223442 0.999990106 -0.004285011 -1.655895710 -0.025774145 0.004252058 0.999658704 15.661228180
0.999569893 0.002438767 0.029224753 0.801916063 -0.002316117 0.999988317 -0.004229953 -1.794299126 -0.029234726 0.004160445 0.999563932 16.966575623
0.999476552 0.002047566 0.032284983 0.894982338 -0.001925196 0.999990880 -0.003820920 -1.934044123 -0.032292511 0.003756765 0.999471426 18.251457214
0.999392927 0.000870879 0.034826927 0.987521172 -0.000755449 0.999994159 -0.003327426 -2.077993631 -0.034829617 0.003299096 0.999387801 19.556446075
0.999334395 -0.001632313 0.036443889 1.085009098 0.001799026 0.999988019 -0.004542191 -2.218560696 -0.036436044 0.004604731 0.999325395 20.833602905
0.999298036 -0.001496428 0.037431464 1.185471654 0.001738138 0.999977767 -0.006425695 -2.361067295 -0.037421022 0.006486246 0.999278545 22.140510559
0.999260008 -0.001294812 0.038442127 1.270885468 0.001647443 0.999956846 -0.009142771 -2.504332781 -0.038428638 0.009199337 0.999218941 23.431501389
0.999212265 -0.000823068 0.039676208 1.371298313 0.001238232 0.999944746 -0.010440378 -2.647608042 -0.039665412 0.010481281 0.999158025 24.711908340
0.999183416 -0.000061472 0.040403932 1.475031137 0.000509674 0.999938428 -0.011082833 -2.794615984 -0.040400762 0.011094377 0.999121904 25.981081009
0.999153256 -0.001703860 0.041108027 1.572269201 0.002117442 0.999947548 -0.010019401 -2.942276955 -0.041088801 0.010097962 0.999104440 27.274505615
0.999152780 -0.004650572 0.040891033 1.677938938 0.005016408 0.999948263 -0.008848534 -3.087383032 -0.040847771 0.009046163 0.999124348 28.552419662
0.999173582 -0.006187294 0.040173061 1.774779677 0.006565244 0.999935389 -0.009282968 -3.234668016 -0.040113028 0.009539044 0.999149621 29.844768524
0.999182880 -0.007875716 0.039644625 1.874661326 0.008354764 0.999893904 -0.011932408 -3.378646374 -0.039546441 0.012253879 0.999142587 31.107589722
0.999222159 -0.007969674 0.038621306 1.989511013 0.008436599 0.999893069 -0.011941983 -3.526580334 -0.038522013 0.012258528 0.999182582 32.394401550
0.999240696 -0.008535528 0.038015720 2.086884737 0.009009915 0.999883473 -0.012324938 -3.669343472 -0.037906084 0.012658099 0.999201179 33.661209106
0.999258101 -0.009092682 0.037427701 2.184486866 0.009561037 0.999877930 -0.012353633 -3.814435959 -0.037310809 0.012702312 0.999222994 34.927040100
0.999269009 -0.009492625 0.037029907 2.274203539 0.009977788 0.999866486 -0.012939235 -3.956718683 -0.036902137 0.013299255 0.999230444 36.187530518
0.999319255 -0.010253492 0.035438981 2.395483732 0.010717934 0.999858797 -0.012940330 -4.117069244 -0.035301294 0.013311355 0.999288082 37.471565247
0.999321938 -0.009910647 0.035460018 2.488493919 0.010321057 0.999881625 -0.011409631 -4.259307861 -0.035342738 0.011767881 0.999306023 38.729373932
0.999285698 -0.009931442 0.036461487 2.591491461 0.010307677 0.999895334 -0.010145261 -4.401207924 -0.036356911 0.010513845 0.999283493 39.997650146
0.999211907 -0.011769996 0.037907697 2.705374718 0.012094446 0.999891996 -0.008341054 -4.543544292 -0.037805431 0.008792954 0.999246359 41.243751526
0.999088824 -0.012907512 0.040680069 2.795936108 0.013308153 0.999865413 -0.009593222 -4.688961029 -0.040550772 0.010125856 0.999126196 42.514831543
0.998964131 -0.014053152 0.043279726 2.889903307 0.014619199 0.999811292 -0.012790171 -4.837544918 -0.043091819 0.013409637 0.998981118 43.765975952
0.998872101 -0.015296161 0.044949975 3.005077124 0.015941853 0.999774337 -0.014041434 -4.981291771 -0.044725053 0.014742184 0.998890519 45.027877808
0.998759270 -0.015431125 0.047346842 3.133818626 0.016058229 0.999787927 -0.012893195 -5.113600254 -0.047137838 0.013637506 0.998795271 46.263122559
0.998560071 -0.016706659 0.050976157 3.241497517 0.017201526 0.999808908 -0.009284618 -5.271588326 -0.050811291 0.010148118 0.998656809 47.524971008
0.998287261 -0.019726437 0.055076987 3.355633736 0.020154890 0.999770641 -0.007234471 -5.409448624 -0.054921649 0.008332150 0.998455882 48.753673553
0.998060524 -0.021575756 0.058391228 3.494213104 0.022076694 0.999724627 -0.007947477 -5.545030594 -0.058203679 0.009221148 0.998262167 50.009777069
0.997778714 -0.024915142 0.061779171 3.634555340 0.025692496 0.999599993 -0.011820414 -5.678999424 -0.061459959 0.013381420 0.998019874 51.242031097
0.997511446 -0.026381869 0.065382466 3.773095846 0.027209491 0.999560118 -0.011800089 -5.814499855 -0.065042391 0.013549749 0.997790515 52.469131470
0.997165084 -0.029066499 0.069402494 3.903028965 0.029753132 0.999517798 -0.008880196 -5.960294247 -0.069110900 0.010919964 0.997549236 53.687976837
0.996887386 -0.031458817 0.072290510 4.060591221 0.031989653 0.999468982 -0.006196864 -6.083857059 -0.072057173 0.008490123 0.997364461 54.897926331
0.996658087 -0.034165666 0.074198209 4.213791847 0.034584623 0.999392152 -0.004368677 -6.215806007 -0.074003860 0.006920194 0.997233927 56.115760803
0.996460617 -0.037405025 0.075279981 4.371072292 0.037612032 0.999291539 -0.001333467 -6.340665340 -0.075176753 0.004160181 0.997161567 57.326263428
0.996300578 -0.040486485 0.075802229 4.517345428 0.040597625 0.999175668 0.000074825 -6.470558167 -0.075742759 0.003002841 0.997122943 58.531864166
0.996263981 -0.042592183 0.075125746 4.670736790 0.042945415 0.999072611 -0.003092117 -6.592611790 -0.074924394 0.006306872 0.997169375 59.737518311
0.996271014 -0.043735590 0.074372947 4.819014072 0.044408321 0.998985887 -0.007415029 -6.721906185 -0.073973246 0.010690155 0.997202933 60.926235199
0.996284485 -0.045157474 0.073336400 4.950654030 0.046111327 0.998871565 -0.011365206 -6.852699757 -0.072740436 0.014704619 0.997242510 62.131366730
0.996331513 -0.046619929 0.071763709 5.094646454 0.047738992 0.998762310 -0.013957483 -6.983424664 -0.071024202 0.017332207 0.997323990 63.323246002
0.996460319 -0.047223881 0.069548443 5.236097813 0.048301138 0.998736203 -0.013888982 -7.122946739 -0.068804637 0.017199080 0.997481883 64.510505676
0.996678770 -0.046621922 0.066767149 5.366802216 0.047598545 0.998780489 -0.013111177 -7.258759022 -0.066074446 0.016245648 0.997682452 65.686378479
0.996922612 -0.045517247 0.063823432 5.481505871 0.046331350 0.998861849 -0.011333219 -7.396948338 -0.063234948 0.014255370 0.997896850 66.884834290
0.997317314 -0.041717812 0.060147204 5.599997997 0.042264558 0.999075651 -0.007846287 -7.525773048 -0.059764281 0.010367334 0.998158693 68.058555603
0.997531176 -0.040079843 0.057662167 5.706171513 0.040463522 0.999165952 -0.005501387 -7.649318695 -0.057393569 0.007821021 0.998320937 69.222221375
0.997793019 -0.039433397 0.053423930 5.838406563 0.039937712 0.999166846 -0.008405137 -7.799029350 -0.053047977 0.010520218 0.998536468 70.433479309
0.997969270 -0.039700989 0.049810443 5.946446419 0.040496357 0.999066114 -0.015061405 -7.928811550 -0.049165972 0.017047958 0.998645067 71.592613220
0.998009324 -0.043051016 0.046086319 6.056518078 0.043922402 0.998871505 -0.018064314 -8.067957878 -0.045256618 0.020052575 0.998774230 72.773376465
0.998033285 -0.045915537 0.042675819 6.153931618 0.046523932 0.998827577 -0.013373315 -8.201704979 -0.042011749 0.015332458 0.998999476 73.940109253
0.998010039 -0.050684355 0.037511207 6.267714024 0.051036302 0.998660684 -0.008484584 -8.330698013 -0.037030928 0.010382133 0.999260187 75.118141174
0.998056114 -0.052555189 0.033496726 6.357945442 0.052782990 0.998588204 -0.005952362 -8.449953079 -0.033136606 0.007708848 0.999421120 76.295295715
0.998264909 -0.051426385 0.028676797 6.449536324 0.051548854 0.998664200 -0.003547497 -8.577978134 -0.028456051 0.005019597 0.999582410 77.451133728
0.998381853 -0.051102575 0.024946418 6.535615921 0.051200196 0.998683095 -0.003289938 -8.698053360 -0.024745438 0.004561875 0.999683380 78.608139038
0.998531044 -0.049529806 0.021964397 6.609863758 0.049645778 0.998755455 -0.004766369 -8.830501556 -0.021700984 0.005849807 0.999747396 79.764190674
0.998684704 -0.047795866 0.018558398 6.678850651 0.047992025 0.998794854 -0.010271782 -8.958990097 -0.018045088 0.011148928 0.999774992 80.923660278
0.998579323 -0.051120210 0.015033228 6.757557392 0.051348526 0.998564839 -0.015215581 -9.088805199 -0.014233832 0.015965901 0.999771237 82.066200256
0.998420477 -0.054997947 0.011484697 6.822933674 0.055179428 0.998346150 -0.016132342 -9.223347664 -0.010578459 0.016740579 0.999803901 83.224540710
0.998467207 -0.054808922 0.007689176 6.882254601 0.054903563 0.998411000 -0.012690921 -9.355525017 -0.006981382 0.013093633 0.999889851 84.382827759
0.998449028 -0.055406101 0.005451445 6.935688019 0.055459261 0.998409510 -0.010138649 -9.482729912 -0.004881032 0.010425257 0.999933720 85.513641357
0.998603106 -0.052641265 0.004556713 6.986286163 0.052691694 0.998541474 -0.011764426 -9.612299919 -0.003930774 0.011988091 0.999920368 86.655578613
0.998769224 -0.049508054 0.002998153 7.046620369 0.049547691 0.998658597 -0.015033768 -9.743262291 -0.002249838 0.015163820 0.999882460 87.789970398
0.998828530 -0.048357729 0.001719682 7.097559929 0.048380505 0.998674512 -0.017563771 -9.874351501 -0.000868059 0.017626397 0.999844253 88.908355713
0.998778820 -0.049397964 0.000915493 7.148098469 0.049406443 0.998616338 -0.018011715 -10.009474754 -0.000024485 0.018034952 0.999837339 90.024368286
0.998739421 -0.050194770 0.000242265 7.188201427 0.050192393 0.998616397 -0.015683925 -10.143107414 0.000545321 0.015676316 0.999876916 91.152191162
0.998645484 -0.052016709 -0.001183142 7.246209621 0.051997352 0.998565197 -0.012801806 -10.269840240 0.001847352 0.012722949 0.999917328 92.261100769
0.998666108 -0.051613890 -0.001399554 7.294289589 0.051591512 0.998584330 -0.012950003 -10.389850616 0.002065972 0.012860524 0.999915183 93.401390076
0.998645246 -0.052013557 -0.001447256 7.335408688 0.051987052 0.998541594 -0.014562512 -10.526977539 0.002202593 0.014467548 0.999892890 94.543281555
0.998641789 -0.052061878 -0.002011986 7.390040398 0.052016206 0.998476803 -0.018397504 -10.652889252 0.002966730 0.018267862 0.999828696 95.643417358
0.998578310 -0.053244859 -0.002489215 7.442001820 0.053187512 0.998400152 -0.019191975 -10.788108826 0.003507106 0.019032296 0.999812722 96.749481201
0.998554766 -0.053697348 -0.002206095 7.487113953 0.053648632 0.998394847 -0.018153720 -10.919920921 0.003177361 0.018009128 0.999832690 97.829414368
0.998580337 -0.053234756 -0.001835335 7.535606384 0.053207491 0.998503864 -0.012611735 -11.041061401 0.002503971 0.012496175 0.999918759 98.920196533
0.998667777 -0.051591624 -0.001000409 7.589552402 0.051579859 0.998623908 -0.009479096 -11.158829689 0.001488074 0.009414867 0.999954522 99.997085571
0.998750329 -0.049967308 0.001005191 7.639015675 0.049974818 0.998701692 -0.009872731 -11.270238876 -0.000510572 0.009910627 0.999950767 101.047454834
0.998827517 -0.048317123 0.002999923 7.686540604 0.048347972 0.998767316 -0.011238864 -11.396337509 -0.002453196 0.011370727 0.999932349 102.095680237
0.998809040 -0.048486520 0.005439175 7.737485409 0.048556410 0.998728454 -0.013551763 -11.515060425 -0.004775182 0.013799733 0.999893367 103.107345581
0.998723328 -0.050048035 0.006834065 7.805171967 0.050142806 0.998636961 -0.014482893 -11.630010605 -0.006099910 0.014807085 0.999871790 104.113838196
0.998612881 -0.051899634 0.008886894 7.856490135 0.052016083 0.998556077 -0.013414867 -11.761813164 -0.008177836 0.013858519 0.999870479 105.122642517
0.998607099 -0.051664729 0.010707465 7.912394047 0.051790692 0.998587728 -0.011841412 -11.876049995 -0.010080559 0.012379465 0.999872625 106.079483032
0.998530626 -0.052784123 0.012263496 7.964605331 0.052914608 0.998543024 -0.010571371 -11.983726501 -0.011687632 0.011204752 0.999868870 107.037864685
0.998466313 -0.053477094 0.014328071 8.016901016 0.053633317 0.998502851 -0.010750066 -12.091197968 -0.013731738 0.011502041 0.999839485 107.952407837
0.998454630 -0.053296048 0.015739815 8.078590393 0.053440567 0.998531222 -0.008908244 -12.193756104 -0.015241923 0.009735623 0.999836445 108.853012085
0.998470306 -0.052388269 0.017679289 8.132647514 0.052516490 0.998596370 -0.006867705 -12.290020943 -0.017294688 0.007785654 0.999820113 109.722946167
0.998446643 -0.052415196 0.018891476 8.190009117 0.052489337 0.998615503 -0.003449704 -12.394536018 -0.018684508 0.004435946 0.999815583 110.581253052
0.998416603 -0.052449360 0.020328119 8.249427795 0.052531824 0.998612940 -0.003544045 -12.485062599 -0.020114042 0.004606307 0.999787033 111.407196045
0.998428702 -0.051560268 0.021946888 8.293462753 0.051631521 0.998662591 -0.002692005 -12.574085236 -0.021778736 0.003820927 0.999755502 112.219848633
0.998535514 -0.049240477 0.022410396 8.343360901 0.049306884 0.998780727 -0.002420309 -12.653532028 -0.022263890 0.003521752 0.999745965 112.999549866
0.998672307 -0.046751607 0.021631263 8.389460564 0.046746533 0.998906493 0.000740801 -12.731303215 -0.021642243 0.000271369 0.999765694 113.753532410
0.998735368 -0.046682786 0.018661279 8.431089401 0.046657111 0.998909295 0.001809116 -12.818286896 -0.018725377 -0.000936147 0.999824345 114.503852844
0.998826802 -0.046745796 0.012636225 8.462526321 0.046724636 0.998905838 0.001964938 -12.892389297 -0.012714250 -0.001372210 0.999918282 115.201065063
0.998971105 -0.045289505 0.002351614 8.485612869 0.045287702 0.998973727 0.000813141 -12.967254639 -0.002386026 -0.000705805 0.999996841 115.865432739
0.999038756 -0.042355523 -0.011297766 8.483007431 0.042335749 0.999101520 -0.001983888 -13.036115646 0.011371644 0.001503682 0.999934196 116.503364563
0.998703718 -0.040889375 -0.030311905 8.477972031 0.040771633 0.999158382 -0.004492720 -13.106434822 0.030470101 0.003251029 0.999530375 117.127700806
0.997851968 -0.039191663 -0.052490816 8.440439224 0.038891416 0.999220729 -0.006729667 -13.176514626 0.052713666 0.004673769 0.998598695 117.712615967
0.996072114 -0.037691116 -0.080122523 8.399060249 0.037132766 0.999274611 -0.008447792 -13.245923042 0.080382809 0.005439441 0.996749222 118.282081604
0.993038833 -0.035499971 -0.112309702 8.327967644 0.034533147 0.999348044 -0.010542879 -13.312900543 0.112610742 0.006591082 0.993617296 118.822151184
0.988510549 -0.030815180 -0.147977233 8.225547791 0.029363642 0.999496937 -0.011984381 -13.377915382 0.148272097 0.007501537 0.988918126 119.368003845
0.982061565 -0.025229882 -0.186865151 8.116947174 0.023457401 0.999656498 -0.011690826 -13.434549332 0.187095910 0.007097741 0.982316017 119.885963440
0.973389924 -0.019764125 -0.228301138 7.974164963 0.017937554 0.999788344 -0.010073149 -13.489799500 0.228451878 0.005709937 0.973538518 120.391441345
0.961894751 -0.015215794 -0.272995830 7.799221039 0.013368163 0.999873400 -0.008626864 -13.547900200 0.273092568 0.004648682 0.961976469 120.885780334
0.947446764 -0.009264516 -0.319779187 7.600963593 0.006616522 0.999934256 -0.009366162 -13.601799011 0.319844931 0.006758114 0.947445810 121.373550415
0.929876745 -0.001441576 -0.367868304 7.379268646 -0.002489629 0.999944806 -0.010211656 -13.657718658 0.367862701 0.010411438 0.929821849 121.824440002
0.908683240 0.003312575 -0.417472988 7.118648529 -0.008553593 0.999906301 -0.010683907 -13.717947960 0.417398542 0.013279182 0.908626497 122.258186340
0.883396864 0.007576081 -0.468564391 6.850467682 -0.013754603 0.999857724 -0.009765506 -13.769175529 0.468423843 0.015071734 0.883375347 122.671806335
0.854157388 0.010713838 -0.519904196 6.567028046 -0.018349763 0.999786079 -0.009544140 -13.813757896 0.519690812 0.017692318 0.854171157 123.068923950
0.822705984 0.020294158 -0.568104744 6.232257843 -0.029077895 0.999556720 -0.006402694 -13.864559174 0.567723036 0.021786828 0.822931290 123.435691833
0.788649559 0.033915922 -0.613906860 5.883457184 -0.042559966 0.999093771 0.000521723 -13.910256386 0.613368213 0.025716396 0.789378226 123.789131165
0.752676427 0.043244526 -0.656968892 5.530353546 -0.054486629 0.998509049 0.003301909 -13.957865715 0.656132162 0.033310752 0.753910422 124.100067139
0.712858558 0.047057319 -0.699727297 5.160854340 -0.061685879 0.998086452 0.004278762 -14.003555298 0.698589683 0.040113132 0.714397252 124.394088745
0.669866502 0.048638448 -0.740886748 4.786323547 -0.064097144 0.997914910 0.007559213 -14.052983284 0.739709735 0.042425055 0.671587348 124.681228638
0.626031518 0.051798228 -0.778075576 4.369060516 -0.067521997 0.997644544 0.012087937 -14.082144737 0.776868999 0.044969782 0.628054440 124.949676514
0.580508590 0.060981710 -0.811967373 3.958877563 -0.078272775 0.996752918 0.018899366 -14.126435280 0.810483277 0.052583706 0.583396673 125.172073364
0.535680473 0.070006050 -0.841513872 3.482692719 -0.091016121 0.995538652 0.024881547 -14.147171974 0.839501321 0.063262783 0.539662242 125.394592285
0.488946259 0.075076215 -0.869077206 3.033130646 -0.096868299 0.994800568 0.031438496 -14.170392036 0.866918802 0.068814293 0.493676484 125.584312439
0.441231698 0.076389275 -0.894135952 2.570751190 -0.096151352 0.994658947 0.037529238 -14.196873665 0.892227232 0.069413289 0.446220011 125.766868591
0.393682003 0.077900447 -0.915939987 2.096149445 -0.093638025 0.994618177 0.044345275 -14.219298363 0.914465129 0.068308868 0.398857772 125.942794800
0.348946095 0.080877878 -0.933646262 1.598571777 -0.095714927 0.994134843 0.050344720 -14.240344048 0.932242036 0.071796291 0.354640663 126.073959351
0.305106550 0.083929814 -0.948612571 1.083724976 -0.101498015 0.993300915 0.055238429 -14.258722305 0.946893930 0.079428680 0.311581343 126.195411682
0.263615459 0.085323341 -0.960846961 0.570325851 -0.106175825 0.992594719 0.059012435 -14.276087761 0.958766639 0.086462125 0.270722568 126.296264648
0.224704534 0.082009293 -0.970969796 0.042697906 -0.106760837 0.992525399 0.059123013 -14.292084694 0.968560815 0.090376340 0.231780335 126.388259888
0.189925686 0.076820739 -0.978788495 -0.492561340 -0.101370811 0.993140399 0.058277000 -14.312280655 0.976551175 0.088152282 0.196410269 126.477233887
0.159494892 0.072343610 -0.984544456 -1.045074463 -0.099593498 0.993402183 0.056860469 -14.340540886 0.982162178 0.088985279 0.165647507 126.556106567
0.132768631 0.070744559 -0.988619089 -1.607824326 -0.100559913 0.993263900 0.057572044 -14.362441063 0.986032486 0.091771685 0.138988361 126.626274109
0.111057535 0.069918573 -0.991351366 -2.193648338 -0.101248175 0.993127882 0.058701385 -14.376108170 0.988643050 0.093853302 0.117373466 126.684020996
0.092676900 0.071223125 -0.993145585 -2.800615311 -0.103704318 0.992704093 0.061514124 -14.390548706 0.990280926 0.097292565 0.099386886 126.732551575
0.076694824 0.069369361 -0.994638443 -3.406854630 -0.104320094 0.992659748 0.061187424 -14.415020943 0.991582155 0.099068023 0.083368473 126.779479980
0.062952258 0.068883508 -0.995636523 -4.054476261 -0.103770800 0.992659628 0.062116317 -14.449035645 0.992606938 0.099407643 0.069638267 126.828727722
0.050481617 0.066354200 -0.996518314 -4.685492992 -0.099762022 0.993135095 0.061075177 -14.472308159 0.993729949 0.096331522 0.056754697 126.877227783
0.038444139 0.063762330 -0.997224391 -5.334862232 -0.097107917 0.993476927 0.059779096 -14.489868164 0.994531155 0.094540223 0.044385195 126.917419434
0.028122641 0.063337326 -0.997595787 -5.997768402 -0.097259060 0.993428826 0.060330994 -14.511088371 0.994861662 0.095328577 0.034097970 126.941429138
0.018297728 0.065161742 -0.997706950 -6.684301376 -0.101170354 0.992872953 0.062990583 -14.540300369 0.994700789 0.099785775 0.024759755 126.966941833
0.009981047 0.064101472 -0.997893453 -7.366102219 -0.103558555 0.992643297 0.062728412 -14.558783531 0.994573295 0.102714315 0.016545877 126.983489990
0.003455217 0.063582122 -0.997970581 -8.052353859 -0.106157266 0.992360592 0.062857158 -14.581961632 0.994343340 0.105724663 0.010178528 126.997817993
-0.001843843 0.064804122 -0.997896314 -8.759129524 -0.106459878 0.992214203 0.064631835 -14.603613853 0.994315207 0.106355101 0.005069551 127.016014099
-0.005263502 0.067476556 -0.997706950 -9.467761993 -0.108779229 0.991761386 0.067648314 -14.624175072 0.994051933 0.108885877 0.002119910 127.034454346
-0.006193160 0.071119033 -0.997448623 -10.189333916 -0.110623337 0.991296709 0.071367249 -14.648187637 0.993843079 0.110783093 0.001728166 127.047958374
-0.007635583 0.074436642 -0.997196496 -10.925964355 -0.112903871 0.990784645 0.074822530 -14.665865898 0.993576527 0.113158643 0.000838966 127.063453674
-0.008205710 0.079866245 -0.996771812 -11.667657852 -0.117754132 0.989792705 0.080276445 -14.672678947 0.993008912 0.118032716 0.001282629 127.069709778
-0.009367947 0.083334476 -0.996477544 -12.411725044 -0.120475113 0.989168286 0.083855800 -14.682816505 0.992672145 0.120836303 0.000773254 127.079330444
-0.010948368 0.084069103 -0.996399760 -13.155685425 -0.120510675 0.989085555 0.084776141 -14.705456734 0.992651641 0.121004969 -0.000697648 127.098350525
-0.012856640 0.081101507 -0.996622860 -13.897695541 -0.117872104 0.989633024 0.082053237 -14.724757195 0.992945552 0.118528984 -0.003163752 127.122779846
-0.014481474 0.077566184 -0.996882081 -14.658858299 -0.121680297 0.989440084 0.078754745 -14.731170654 0.992463708 0.122441396 -0.004890273 127.135124207
-0.015264904 0.079081193 -0.996751308 -15.432275772 -0.126877174 0.988656044 0.080381997 -14.739841461 0.991800964 0.127691999 -0.005058141 127.131118774
-0.017103340 0.082701221 -0.996427596 -16.200969696 -0.123850368 0.988723099 0.084187619 -14.754744530 0.992153525 0.124847822 -0.006667892 127.146957397
-0.019341087 0.082799211 -0.996378481 -16.974796295 -0.122977540 0.988800645 0.084556632 -14.773350716 0.992220998 0.124167614 -0.008942037 127.161849976
-0.020319901 0.081764542 -0.996444523 -17.770177841 -0.125486493 0.988560259 0.083676562 -14.782176971 0.991887212 0.126740620 -0.009827102 127.161834717
-0.020829793 0.081627339 -0.996445239 -18.557168961 -0.130258799 0.987944603 0.083653919 -14.789177895 0.991261244 0.131538242 -0.009946004 127.159469604
-0.021616459 0.086125307 -0.996049821 -19.362459183 -0.132226616 0.987284362 0.088236980 -14.796752930 0.990983784 0.133611679 -0.009953534 127.159675598
-0.022106059 0.090397403 -0.995660365 -20.176219940 -0.130779117 0.987084746 0.092522420 -14.804455757 0.991165042 0.132256880 -0.009998465 127.171119690
-0.021698559 0.092819653 -0.995446503 -20.998491287 -0.132142410 0.986679077 0.094882563 -14.819634438 0.990993202 0.133599505 -0.009144100 127.188468933
-0.020031631 0.091580287 -0.995596230 -21.816978455 -0.131583348 0.986892700 0.093427189 -14.826036453 0.991102755 0.132875383 -0.007718626 127.200248718
-0.018901333 0.091788091 -0.995599091 -22.647819519 -0.131533936 0.986893952 0.093482703 -14.831592560 0.991131485 0.132722005 -0.006580359 127.211990356
-0.018836668 0.090543732 -0.995714307 -23.474569321 -0.129946053 0.987222195 0.092229798 -14.837067604 0.991342127 0.131126449 -0.006830172 127.233947754
-0.018049045 0.092611402 -0.995538771 -24.312314987 -0.130894065 0.986912668 0.094182044 -14.844984055 0.991232038 0.132010028 -0.005690548 127.252128601
-0.017699249 0.094573379 -0.995360494 -25.150093079 -0.132573590 0.986504376 0.096089318 -14.845909119 0.991015196 0.133659214 -0.004922456 127.270378113
-0.017454650 0.097077981 -0.995123684 -26.019470215 -0.135602236 0.985849679 0.098551750 -14.847620010 0.990609586 0.136661187 -0.004043669 127.280120850
-0.015963672 0.098374389 -0.995021343 -26.886190414 -0.137764633 0.985440671 0.099637404 -14.845800400 0.990336418 0.138669342 -0.002178739 127.291603088
-0.014495151 0.101393677 -0.994740725 -27.752298355 -0.144574404 0.984178662 0.102423787 -14.845512390 0.989387691 0.145298719 0.000393109 127.308837891
-0.011757088 0.105211370 -0.994380355 -28.643527985 -0.149364755 0.983107209 0.105784625 -14.840982437 0.988712251 0.149769083 0.004156393 127.317260742
-0.009675789 0.107101776 -0.994201005 -29.517887115 -0.151908755 0.982550204 0.107325122 -14.835945129 0.988347113 0.152066261 0.006762749 127.346740723
-0.006110689 0.107953541 -0.994137108 -30.415718079 -0.150594756 0.982718170 0.107639208 -14.838028908 0.988576710 0.150369629 0.010252152 127.370216370
-0.003655901 0.108138621 -0.994129062 -31.307315826 -0.153424829 0.982304692 0.107416607 -14.833839417 0.988153577 0.152916804 0.012999943 127.399436951
-0.001020269 0.111930341 -0.993715525 -32.209724426 -0.153836206 0.981869638 0.110753991 -14.826288223 0.988095939 0.152982444 0.016217168 127.427024841
0.001125691 0.113679960 -0.993516803 -33.126670837 -0.152464658 0.981921732 0.112180479 -14.818253517 0.988308191 0.151349947 0.018437520 127.467811584
0.002924080 0.115166202 -0.993341923 -34.019855499 -0.153271526 0.981660426 0.113360696 -14.816019058 0.988179743 0.151919588 0.020522153 127.506744385
0.005441737 0.113357894 -0.993539333 -34.922740936 -0.154649422 0.981696010 0.111159623 -14.809358597 0.987954378 0.153045401 0.022872861 127.536521912
0.005898410 0.114530727 -0.993402302 -35.844032288 -0.159445062 0.980817735 0.112133130 -14.797399521 0.987189114 0.157731682 0.024046633 127.574172974
0.006983103 0.115170643 -0.993321180 -36.737583160 -0.160269544 0.980632961 0.112572797 -14.792705536 0.987048566 0.158412993 0.025306206 127.609893799
0.007226038 0.111779258 -0.993706763 -37.633403778 -0.160727009 0.980942190 0.109174646 -14.790452957 0.986972451 0.158926606 0.025054269 127.642990112
0.008086817 0.107689619 -0.994151711 -38.533740997 -0.162628412 0.981089771 0.104951836 -14.786148071 0.986654222 0.160828605 0.025447287 127.684837341
0.009009460 0.106988087 -0.994219482 -39.478717804 -0.162171006 0.981253862 0.104123250 -14.788137436 0.986721516 0.160295486 0.026190927 127.725524902
0.008239316 0.111023091 -0.993783772 -40.377487183 -0.164223179 0.980473876 0.108174615 -14.781721115 0.986388862 0.162311032 0.026311003 127.769111633
0.008438095 0.117420323 -0.993046463 -41.284805298 -0.164524153 0.979711175 0.114445545 -14.776517868 0.986336946 0.162414432 0.027585378 127.805229187
0.009071956 0.115824133 -0.993228316 -42.196842194 -0.161897525 0.980334580 0.112841822 -14.777776718 0.986765862 0.159777507 0.027645199 127.847663879
0.009760683 0.105644703 -0.994356096 -43.085628510 -0.161460653 0.981521130 0.102696180 -14.781875610 0.986830831 0.159547001 0.026637783 127.889686584
0.009856851 0.095561028 -0.995374799 -43.979839325 -0.163499057 0.982180953 0.092675276 -14.787514687 0.986494184 0.161829323 0.025305349 127.929603577
0.009134211 0.092032440 -0.995714247 -44.906017303 -0.160288230 0.983014464 0.089388244 -14.794425964 0.987028003 0.158784762 0.023730787 127.973434448
0.009232207 0.101936013 -0.994748175 -45.819786072 -0.153063416 0.983211339 0.099333219 -14.796115875 0.988173246 0.151342481 0.024679884 128.022232056
0.009046714 0.115318127 -0.993287325 -46.759517670 -0.148108199 0.982526422 0.112719849 -14.792484283 0.988929749 0.146094248 0.025968200 128.076980591
0.009204472 0.124414660 -0.992187619 -47.681789398 -0.148530215 0.981392920 0.121683136 -14.783981323 0.988865018 0.146249801 0.027512537 128.120590210
0.009180189 0.119004890 -0.992851198 -48.602615356 -0.148646280 0.982023954 0.116332680 -14.782257080 0.988847852 0.146515682 0.026704801 128.164016724
0.009339513 0.105197944 -0.994407415 -49.525146484 -0.148663670 0.983545363 0.102652587 -14.778684616 0.988843679 0.146873504 0.024824949 128.197814941
0.009916442 0.096475460 -0.995285928 -50.439914703 -0.149203733 0.984335244 0.093927398 -14.779130936 0.988756776 0.147568926 0.024155602 128.239685059
0.010382746 0.096439444 -0.995284677 -51.372741699 -0.148329675 0.984475315 0.093844697 -14.785093307 0.988883495 0.146655902 0.024526386 128.281570435
0.010007323 0.097922847 -0.995143712 -52.313354492 -0.151678950 0.983826458 0.095283896 -14.800899506 0.988379121 0.149988800 0.024698300 128.321441650
0.010366675 0.097355381 -0.995195746 -53.240295410 -0.156295538 0.983174384 0.094551310 -14.803388596 0.987655938 0.154564425 0.025408462 128.356033325
0.011212093 0.096798785 -0.995240808 -54.179401398 -0.157781944 0.983005941 0.093831271 -14.804925919 0.987410367 0.155978978 0.026294651 128.393096924
0.011831589 0.104330532 -0.994472325 -55.139770508 -0.166931659 0.980791032 0.100909196 -14.807617188 0.985897481 0.164814979 0.029020388 128.433853149
0.013139817 0.113723412 -0.993425548 -56.080818176 -0.172419637 0.978887200 0.109778568 -14.799990654 0.984935939 0.169843584 0.032470547 128.472686768
0.014569275 0.122166902 -0.992402613 -57.039138794 -0.172628298 0.977911592 0.117848694 -14.793766975 0.984879255 0.169599816 0.035336927 128.511840820
0.015422363 0.122547388 -0.992342949 -57.991539001 -0.174478799 0.977563679 0.118010633 -14.783409119 0.984540105 0.171322748 0.036458265 128.561660767
0.017261324 0.113163270 -0.993426442 -58.922470093 -0.176200390 0.978368938 0.108386457 -14.783535004 0.984202981 0.173171237 0.036827356 128.600799561
0.018379375 0.108116597 -0.993968248 -59.860511780 -0.174506634 0.979223907 0.103285998 -14.777173996 0.984484553 0.171555743 0.036864579 128.656631470
0.019976154 0.106327333 -0.994130492 -60.830604553 -0.172953635 0.979705811 0.101309203 -14.775098801 0.984727323 0.169914722 0.037960455 128.715240479
0.023248661 0.112540111 -0.993375123 -61.791000366 -0.174360767 0.978871047 0.106816240 -14.776696205 0.984407365 0.170722321 0.042380013 128.773574829
0.027403468 0.114795886 -0.993011057 -62.744720459 -0.177526027 0.978152335 0.108179070 -14.776939392 0.983734488 0.173320875 0.047184020 128.817581177
0.031276371 0.109627709 -0.993480504 -63.700325012 -0.176437378 0.978963494 0.102471255 -14.775867462 0.983814836 0.172082186 0.049960848 128.877822876
0.034493547 0.104010016 -0.993977964 -64.655494690 -0.176529303 0.979565740 0.096375920 -14.782348633 0.983690858 0.172141865 0.052149527 128.943649292
0.037984338 0.103675231 -0.993885636 -65.614532471 -0.174261972 0.980050325 0.095572092 -14.780598640 0.983966529 0.169566199 0.055293210 129.013015747
0.040065005 0.108232029 -0.993317962 -66.564811707 -0.171569258 0.980096817 0.099871293 -14.798438072 0.984357059 0.166421488 0.057836875 129.105010986
0.043516427 0.114700988 -0.992446423 -67.522979736 -0.171041131 0.979576230 0.105713770 -14.797188759 0.984302461 0.165148899 0.062246248 129.182540894
0.045862902 0.118591227 -0.991883397 -68.488510132 -0.168792188 0.979571223 0.109314494 -14.800659180 0.984584033 0.162408695 0.064943254 129.267837524
0.047837541 0.120204717 -0.991595805 -69.469551086 -0.168346077 0.979501724 0.110617071 -14.799423218 0.984566450 0.161639661 0.067092940 129.349456787
0.050368629 0.117724717 -0.991768062 -70.404350281 -0.166997492 0.980040729 0.107851438 -14.799769402 0.984669924 0.160190433 0.069023043 129.421478271
0.051042333 0.116392232 -0.991890907 -71.349342346 -0.164932787 0.980530322 0.106571779 -14.803498268 0.984983146 0.158155620 0.069245450 129.508483887
0.051467612 0.112854250 -0.992277682 -72.294227600 -0.161885083 0.981396317 0.103220023 -14.812529564 0.985466540 0.155322462 0.068779550 129.595779419
0.051189505 0.112074561 -0.992380440 -73.289154053 -0.160684943 0.981661260 0.102575444 -14.800817490 0.985677421 0.154209852 0.068259455 129.679321289
0.050915331 0.116882220 -0.991839826 -74.242324829 -0.157313854 0.981668413 0.107608013 -14.803830147 0.986235201 0.150551230 0.068369158 129.764282227
0.050439544 0.118763588 -0.991640627 -75.204414368 -0.151292950 0.982354403 0.109955966 -14.808416367 0.987201273 0.144482106 0.067517601 129.859268188
0.049834795 0.114060916 -0.992223084 -76.164512634 -0.148402333 0.983275175 0.105578728 -14.794698715 0.987670600 0.141986728 0.065928213 129.938781738
0.048146278 0.110197358 -0.992742896 -77.120025635 -0.150957093 0.983281910 0.101826005 -14.796113014 0.987367153 0.144959047 0.063976437 130.017639160
0.046913497 0.107671075 -0.993079126 -78.068946838 -0.147444040 0.984030128 0.099724635 -14.800634384 0.987957239 0.141745195 0.062039759 130.099151611
0.045485687 0.108423717 -0.993063688 -79.032737732 -0.147544935 0.983919024 0.100667246 -14.802993774 0.988008857 0.141942590 0.060751602 130.169189453
0.044922620 0.109182931 -0.993005991 -79.995223999 -0.148934782 0.983632803 0.101414643 -14.800713539 0.987826109 0.143337265 0.060448486 130.240921021
0.043527782 0.109353505 -0.993049502 -80.949699402 -0.150471345 0.983370185 0.101692125 -14.802577972 0.987655640 0.144999057 0.059258491 130.313079834
0.042102728 0.110133626 -0.993024588 -81.898307800 -0.150035039 0.983332396 0.102697439 -14.804521561 0.987783849 0.144664660 0.057924882 130.382095337
0.040028483 0.111001648 -0.993013740 -82.864997864 -0.150529385 0.983137965 0.103829838 -14.810750961 0.987794876 0.145321608 0.056062534 130.451385498
0.038202301 0.112508819 -0.992916107 -83.818008423 -0.150293708 0.982985497 0.105601013 -14.797624588 0.987902999 0.145194858 0.054461662 130.527725220
0.036654010 0.116198510 -0.992549539 -84.771858215 -0.151597932 0.982368588 0.109408244 -14.790297508 0.987762332 0.146458179 0.053623203 130.586410522
0.034539316 0.121220313 -0.992024601 -85.720764160 -0.152817801 0.981584489 0.114623949 -14.781894684 0.987650573 0.147639960 0.052427884 130.650299072
0.032085046 0.121071979 -0.992125154 -86.669456482 -0.152477428 0.981610000 0.114857733 -14.778726578 0.987785935 0.147591442 0.049955763 130.713455200
0.031254180 0.115942866 -0.992764056 -87.614562988 -0.152624100 0.982154846 0.109898940 -14.774436951 0.987789989 0.148084939 0.048392128 130.771575928
0.028653875 0.111080781 -0.993398309 -88.558242798 -0.156474590 0.982052803 0.105298765 -14.762499809 0.987266183 0.152424350 0.045520939 130.831069946
0.027589895 0.109135829 -0.993643761 -89.502487183 -0.154568538 0.982532799 0.103623636 -14.761320114 0.987596750 0.150727108 0.043976940 130.893371582
0.026959224 0.110147625 -0.993549526 -90.467903137 -0.150085300 0.983090580 0.104915664 -14.761314392 0.988305390 0.146288767 0.043034907 130.946197510
0.026388949 0.111488841 -0.993415236 -91.416625977 -0.146979451 0.983393729 0.106459811 -14.759676933 0.988787472 0.143202275 0.042337295 131.006347656
0.025252555 0.111459076 -0.993448079 -92.369850159 -0.141537294 0.984152853 0.106818460 -14.762839317 0.989610791 0.137912512 0.040627997 131.071258545
0.023860481 0.108589716 -0.993800282 -93.311828613 -0.137519971 0.984989583 0.104325235 -14.765979767 0.990211666 0.134178162 0.038435571 131.134643555
0.023370951 0.105560258 -0.994138241 -94.255607605 -0.132510766 0.985962927 0.101577029 -14.771329880 0.990906060 0.129360095 0.037030764 131.194305420
0.021273909 0.107972763 -0.993926227 -95.241546631 -0.130570233 0.985936463 0.104310088 -14.771868706 0.991210818 0.127558067 0.035072751 131.253768921
0.019862881 0.110381335 -0.993690789 -96.188232422 -0.129896149 0.985747874 0.106902510 -14.770586967 0.991328657 0.126953200 0.033917900 131.309997559
0.018779743 0.108119152 -0.993960440 -97.147209167 -0.125883833 0.986480355 0.104927056 -14.766124725 0.991867244 0.123153031 0.032136299 131.354721069
0.016844220 0.105232418 -0.994305015 -98.097000122 -0.122835778 0.987130821 0.102392212 -14.768701553 0.992284179 0.120411493 0.029553749 131.402053833
0.013129439 0.102477275 -0.994648695 -99.059654236 -0.121805087 0.987490296 0.100131929 -14.762506485 0.992467165 0.119838588 0.025447445 131.455047607
0.010548700 0.101532303 -0.994776249 -100.015144348 -0.116187148 0.988217652 0.099630833 -14.771535873 0.993171394 0.114529245 0.022221159 131.501541138
0.008186366 0.101610884 -0.994790554 -100.974052429 -0.109439701 0.988938987 0.100112580 -14.767126083 0.993959725 0.108050011 0.019216081 131.544479370
0.005785745 0.109649315 -0.993953586 -101.936370850 -0.099612929 0.989089370 0.108532906 -14.768577576 0.995009422 0.098382667 0.016645111 131.603927612
0.003021432 0.117756456 -0.993037879 -102.894622803 -0.091548949 0.988904834 0.116987780 -14.764748573 0.995795965 0.090558104 0.013768386 131.658569336
0.000167787 0.116729632 -0.993163705 -103.847702026 -0.087356836 0.989368677 0.116268829 -14.754697800 0.996177018 0.086740129 0.010363137 131.702880859
-0.002499091 0.107496247 -0.994202495 -104.797424316 -0.088612549 0.990270555 0.107293896 -14.762515068 0.996063054 0.088366933 0.007050740 131.733154297
-0.004630230 0.097918138 -0.995183647 -105.745422363 -0.090379141 0.991080463 0.097934917 -14.759295464 0.995896697 0.090397306 0.004260826 131.768646240
-0.005429940 0.099561609 -0.995016575 -106.696876526 -0.097694352 0.990218520 0.099614665 -14.763689995 0.995201707 0.097748399 0.004349781 131.794540405
-0.005754530 0.109088831 -0.994015336 -107.665626526 -0.101227641 0.988862038 0.109109305 -14.752163887 0.994846582 0.101249710 0.005352369 131.818664551
-0.007253344 0.120367147 -0.992702961 -108.628974915 -0.105214529 0.987126887 0.120459773 -14.739710808 0.994423091 0.105320513 0.005504401 131.845672607
-0.009070874 0.122132763 -0.992472291 -109.578033447 -0.112041056 0.986139297 0.122377440 -14.728809357 0.993662238 0.112307735 0.004738739 131.876403809
-0.008494531 0.118746109 -0.992888331 -110.560440063 -0.119216330 0.985722125 0.118908994 -14.707193375 0.992831945 0.119378559 0.005783229 131.891326904
-0.008796103 0.114684477 -0.993363082 -111.514328003 -0.127193302 0.985203981 0.114868812 -14.694016457 0.991838932 0.127359509 0.005921142 131.914154053
-0.006274409 0.116669923 -0.993150949 -112.478904724 -0.132024795 0.984379649 0.116473600 -14.675671577 0.991226494 0.131851345 0.009226921 131.934127808
-0.005430312 0.117890589 -0.993011773 -113.466644287 -0.139846087 0.983178318 0.117487915 -14.658555984 0.990158379 0.139506802 0.011147573 131.961669922
-0.004836885 0.120496690 -0.992702007 -114.430816650 -0.149075732 0.981533587 0.119867399 -14.641457558 0.988813937 0.148567587 0.013215566 131.979415894
-0.004449779 0.122673713 -0.992437065 -115.407379150 -0.154562801 0.980436087 0.121883273 -14.620159149 0.987972915 0.153936222 0.014598064 132.002044678
-0.004725942 0.122465640 -0.992461503 -116.384544373 -0.158172742 0.979886949 0.121667199 -14.615797997 0.987400055 0.157555386 0.014739837 132.045318604
-0.003241002 0.112839460 -0.993607998 -117.339157104 -0.157204613 0.981200993 0.111943223 -14.617616653 0.987560630 0.156562567 0.014558810 132.076553345
-0.001910661 0.101312064 -0.994852960 -118.289512634 -0.160370901 0.981947005 0.100305781 -14.608262062 0.987055004 0.159737065 0.014371337 132.110977173
