1.000000000 0.000000000 0.000000000 0.000000000 0.000000000 1.000000000 0.000000000 0.000000000 0.000000000 0.000000000 1.000000000 0.000000000
0.999997795 -0.001591727 -0.001349924 0.049253758 0.001588802 0.999996364 -0.002165390 -0.132541060 0.001353366 0.002163240 0.999996722 1.298218727
0.999997735 -0.000004119 -0.002128765 0.104395732 -0.000009496 0.999979496 -0.006395863 -0.266524971 0.002128748 0.006395868 0.999977231 2.601273060
0.999996305 0.002404142 -0.001264825 0.147317708 -0.002414072 0.999965787 -0.007908555 -0.405910403 0.001245768 0.007911579 0.999967933 3.903998375
0.999983668 0.005710181 0.000356404 0.190151021 -0.005707711 0.999962032 -0.006580630 -0.545313239 -0.000393967 0.006578487 0.999978304 5.216824532
0.999975383 0.006583046 0.002425026 0.241960257 -0.006575115 0.999973059 -0.003263686 -0.690319300 -0.002446445 0.003247660 0.999991715 6.535551548
0.999959469 0.006904238 0.005775648 0.298128486 -0.006893328 0.999974430 -0.001906750 -0.827871203 -0.005788665 0.001866860 0.999981463 7.839274883
0.999942958 0.005250041 0.009297337 0.350682616 -0.005233068 0.999984622 -0.001848963 -0.961007118 -0.009306902 0.001800204 0.999955058 9.141279221
0.999912679 0.003898146 0.012633118 0.428809255 -0.003876301 0.999991000 -0.001753170 -1.097968340 -0.012639838 0.001704047 0.999918699 10.441049576
0.999868631 0.002847856 0.015955376 0.493065774 -0.002808888 0.999992967 -0.002464207 -1.236473322 -0.015962282 0.002419066 0.999869645 11.749927521
0.999814391 0.001678796 0.019193370 0.569824159 -0.001616879 0.999993443 -0.003241037 -1.372474551 -0.019198684 0.003209401 0.999810457 13.044481277
0.999736726 0.001744374 0.022877805 0.634229064 -0.001671787 0.999993622 -0.003191562 -1.520673275 -0.022883229 0.003152476 0.999733150 14.365328789
0.999655843 0.001591336 0.026180113 0.718929112 -0.001479234 0.999989688 -0.004300751 -1.658249497 -0.026186690 0.004260546 0.999647975 15.661474228
0.999562442 0.002579262 0.029462421 0.798519731 -0.002454989 0.999987900 -0.004253397 -1.794629455 -0.029473035 0.004179207 0.999556780 16.963418961
0.999458194 0.002262330 0.032836985 0.887224197 -0.002138441 0.999990463 -0.003807491 -1.934621334 -0.032845281 0.003735207 0.999453485 18.250549316
0.999383926 0.000860582 0.035085425 0.984923303 -0.000739273 0.999993622 -0.003470344 -2.077355385 -0.035088189 0.003442269 0.999378264 19.554473877
0.999326944 -0.001645950 0.036645748 1.084652424 0.001818874 0.999987364 -0.004685957 -2.218807220 -0.036637571 0.004749457 0.999317288 20.829629898
0.999289989 -0.001357728 0.037651729 1.185270548 0.001603893 0.999977529 -0.006508501 -2.358899117 -0.037642039 0.006564269 0.999269724 22.134010315
0.999240518 -0.001210725 0.038946904 1.267731667 0.001567965 0.999956965 -0.009143238 -2.503376484 -0.038934156 0.009197362 0.999199450 23.418676376
0.999203861 -0.000643806 0.039890449 1.373713017 0.001063038 0.999944448 -0.010489281 -2.647721052 -0.039881479 0.010523333 0.999149024 24.706359863
0.999158740 -0.000039581 0.041010704 1.474963427 0.000498514 0.999937415 -0.011180401 -2.793623209 -0.041007694 0.011191442 0.999096155 25.976467133
0.999143720 -0.001683536 0.041338846 1.575376391 0.002108229 0.999945402 -0.010232016 -2.938029766 -0.041319359 0.010310405 0.999092817 27.267837524
0.999145687 -0.004691254 0.041058339 1.683312774 0.005070791 0.999945343 -0.009144580 -3.083157778 -0.041013196 0.009344966 0.999114990 28.544771194
0.999162614 -0.006183252 0.040444795 1.777318239 0.006567163 0.999934554 -0.009366283 -3.232849360 -0.040384237 0.009624047 0.999137998 29.839157104
0.999182105 -0.007765232 0.039682336 1.883535862 0.008244298 0.999894917 -0.011923179 -3.377428055 -0.039585579 0.012240582 0.999141216 31.107652664
0.999219894 -0.008012277 0.038671009 1.996440172 0.008483990 0.999891400 -0.012049394 -3.526900530 -0.038570274 0.012368078 0.999179363 32.395641327
0.999227345 -0.008560286 0.038359344 2.090697765 0.009038120 0.999883473 -0.012300727 -3.673006773 -0.038249571 0.012637920 0.999188304 33.660465240
0.999257445 -0.009285829 0.037394892 2.195904732 0.009758814 0.999874413 -0.012485770 -3.814343691 -0.037274260 0.012841429 0.999222517 34.929000854
0.999268472 -0.009756020 0.036977578 2.286837578 0.010245659 0.999861956 -0.013075197 -3.958715677 -0.036844913 0.013444492 0.999230564 36.189273834
0.999316454 -0.010431605 0.035464190 2.411261559 0.010905039 0.999853611 -0.013182603 -4.114156723 -0.035321478 0.013560330 0.999283969 37.475837708
0.999312222 -0.010025198 0.035701040 2.505189657 0.010439927 0.999879956 -0.011449304 -4.257495403 -0.035581965 0.011814145 0.999296904 38.730548859
0.999284446 -0.009956890 0.036489580 2.608772278 0.010338959 0.999893546 -0.010296991 -4.401037216 -0.036383178 0.010666887 0.999280989 40.009651184
0.999209702 -0.011673631 0.037995569 2.723156691 0.012017215 0.999888837 -0.008826959 -4.541659832 -0.037888303 0.009276586 0.999238968 41.262302399
0.999091446 -0.012847739 0.040635012 2.815398216 0.013261807 0.999862671 -0.009936744 -4.687586784 -0.040501766 0.010466610 0.999124646 42.529663086
0.998973012 -0.014149799 0.043042351 2.912846804 0.014728407 0.999804974 -0.013155465 -4.834824562 -0.042847812 0.013775896 0.998986542 43.777999878
0.998881161 -0.015210645 0.044778202 3.024428368 0.015858792 0.999774039 -0.014155055 -4.980677605 -0.044552777 0.014849346 0.998896658 45.037136078
0.998760700 -0.015464508 0.047308020 3.150448799 0.016096178 0.999785900 -0.013000568 -5.113592625 -0.047096848 0.013745936 0.998795807 46.273899078
0.998551428 -0.016855851 0.051097449 3.254543304 0.017359819 0.999804795 -0.009435208 -5.272792339 -0.050928444 0.010308584 0.998649120 47.534946442
0.998283327 -0.019765072 0.055134796 3.370553970 0.020217167 0.999766350 -0.007654089 -5.408576012 -0.054970630 0.008755620 0.998449624 48.762889862
0.998062968 -0.021661149 0.058319353 3.513279200 0.022157924 0.999723315 -0.007884913 -5.549229622 -0.058132425 0.009161875 0.998266816 50.020664215
0.997784972 -0.025030700 0.061632358 3.655289173 0.025804918 0.999597311 -0.011797961 -5.683480263 -0.061312228 0.013362249 0.998029113 51.253223419
0.997508943 -0.026347607 0.065433569 3.791115999 0.027167613 0.999562740 -0.011673704 -5.821745872 -0.065097392 0.013422299 0.997788668 52.476013184
0.997158289 -0.028789766 0.069615781 3.920444965 0.029487167 0.999524474 -0.009010794 -5.962329865 -0.069323279 0.011037961 0.997533143 53.694412231
0.996875405 -0.031547800 0.072416238 4.076836109 0.032067519 0.999467552 -0.006025177 -6.093262196 -0.072187603 0.008328561 0.997356236 54.907909393
0.996656477 -0.034131546 0.074234672 4.230561733 0.034540221 0.999394357 -0.004227900 -6.225208282 -0.074045412 0.006777845 0.997231781 56.125217438
0.996459901 -0.037466537 0.075257905 4.387068272 0.037672017 0.999289274 -0.001312087 -6.344670773 -0.075155251 0.004142559 0.997163236 57.338344574
0.996288776 -0.040254626 0.076080695 4.531154633 0.040366139 0.999184966 0.000072282 -6.471635818 -0.076021589 0.002999069 0.997101665 58.541683197
0.996260881 -0.042328902 0.075316101 4.689517021 0.042679626 0.999084115 -0.003052558 -6.597663879 -0.075117916 0.006255608 0.997155011 59.757400513
0.996270895 -0.043543834 0.074486822 4.837533951 0.044210184 0.998995483 -0.007319712 -6.727117538 -0.074093275 0.010585492 0.997195065 60.947353363
0.996284604 -0.044819046 0.073539704 4.968740940 0.045771789 0.998887718 -0.011320869 -6.854172230 -0.072950527 0.014644850 0.997228026 62.153396606
0.996329904 -0.046209898 0.072050549 5.112592697 0.047324680 0.998783648 -0.013841677 -6.985440731 -0.071323283 0.017200649 0.997304857 63.338569641
0.996460199 -0.046631932 0.069947064 5.246610641 0.047730368 0.998760641 -0.014114619 -7.119149208 -0.069202177 0.017403252 0.997450829 64.528091431
0.996678174 -0.046087731 0.067146726 5.379945755 0.047104202 0.998796940 -0.013633371 -7.252932072 -0.066437617 0.016750975 0.997650027 65.705253601
0.996922672 -0.045187511 0.064057223 5.498942375 0.046002146 0.998877347 -0.011299231 -7.398242950 -0.063474737 0.014211230 0.997882187 66.901374817
0.997318685 -0.041404370 0.060342610 5.618961334 0.041955560 0.999088228 -0.007895572 -7.526793003 -0.059960689 0.010406110 0.998146415 68.075881958
0.997525573 -0.039852906 0.057918482 5.726584435 0.040221449 0.999177217 -0.005210774 -7.653441906 -0.057663158 0.007527446 0.998307645 69.248031616
0.997796595 -0.038749684 0.053855818 5.854362488 0.039262466 0.999192834 -0.008495807 -7.793545246 -0.053483136 0.010591601 0.998512566 70.457603455
0.997965753 -0.039008461 0.050424248 5.961539268 0.039806593 0.999095976 -0.014921756 -7.925554276 -0.049796592 0.016898619 0.998616457 71.616210938
0.998016000 -0.042704094 0.046266139 6.070584297 0.043585032 0.998883963 -0.018201713 -8.060341835 -0.045437224 0.020182110 0.998763263 72.794692993
0.998054147 -0.045929588 0.042169899 6.191555977 0.046543308 0.998822391 -0.013688588 -8.199048996 -0.041491520 0.015624679 0.999016702 73.989349365
0.998048604 -0.049652766 0.037861012 6.294415474 0.050013646 0.998711109 -0.008644545 -8.326554298 -0.037382990 0.010521244 0.999245584 75.147102356
0.998083234 -0.052017108 0.033528071 6.385553837 0.052242786 0.998616934 -0.005889903 -8.457011223 -0.033175327 0.007630213 0.999420404 76.334060669
0.998256147 -0.051247306 0.029299907 6.474460125 0.051366072 0.998674452 -0.003314699 -8.582118034 -0.029091198 0.004813941 0.999565184 77.493873596
0.998388410 -0.050806526 0.025284206 6.563651562 0.050909806 0.998697340 -0.003457534 -8.702484131 -0.025075596 0.004739176 0.999674320 78.646179199
0.998519540 -0.049608868 0.022310102 6.633065701 0.049735721 0.998749077 -0.005166630 -8.829666138 -0.022025881 0.006268590 0.999737680 79.812408447
0.998700619 -0.047246899 0.019095510 6.706513405 0.047444653 0.998823345 -0.010038985 -8.958471298 -0.018598732 0.010931921 0.999767303 80.956954956
0.998594165 -0.050761063 0.015272060 6.789807320 0.050992392 0.998584032 -0.015158881 -9.094240189 -0.014480954 0.015916329 0.999768436 82.116950989
0.998450696 -0.054245248 0.012391326 6.846907616 0.054441523 0.998387218 -0.016092272 -9.227981567 -0.011498413 0.016741943 0.999793708 83.261138916
0.998477399 -0.054487582 0.008598020 6.912677288 0.054595057 0.998426378 -0.012804138 -9.355301857 -0.007886822 0.013254052 0.999881029 84.397834778
0.998470545 -0.055034194 0.005275249 6.982704163 0.055086453 0.998428106 -0.010333312 -9.485493660 -0.004698272 0.010608103 0.999932706 85.525802612
0.998604715 -0.052593295 0.004756668 7.018405914 0.052646242 0.998543620 -0.011785859 -9.617703438 -0.004129884 0.012019834 0.999919176 86.678596497
0.998793781 -0.048911352 0.004329902 7.068222523 0.048970271 0.998691320 -0.014746967 -9.746494293 -0.003602942 0.014941212 0.999881804 87.799278259
0.998865485 -0.047531039 0.002913329 7.129809380 0.047575016 0.998713315 -0.017558312 -9.873358727 -0.002075015 0.017676990 0.999841571 88.898040771
0.998783827 -0.049239945 0.002504423 7.165201187 0.049277712 0.998616457 -0.018354395 -10.011307716 -0.001597188 0.018455490 0.999828398 90.045799255
0.998730004 -0.050371319 0.001112300 7.215343952 0.050382573 0.998607278 -0.015653156 -10.142210007 -0.000322281 0.015689321 0.999876857 91.159896851
0.998677433 -0.051413242 0.000042567 7.265001774 0.051409472 0.998593569 -0.012960163 -10.272824287 0.000623817 0.012945211 0.999916077 92.275520325
0.998701811 -0.050935235 -0.000428398 7.325324059 0.050926108 0.998626471 -0.012318008 -10.399256706 0.001055230 0.012280201 0.999924064 93.405319214
0.998670578 -0.051544305 -0.000415050 7.368931770 0.051532973 0.998567283 -0.014419244 -10.527084351 0.001157685 0.014378687 0.999895930 94.513435364
0.998654127 -0.051854312 -0.001069746 7.427525997 0.051825944 0.998486936 -0.018383428 -10.654589653 0.002021387 0.018303247 0.999830484 95.621994019
0.998638391 -0.052158788 -0.000938479 7.469030380 0.052130792 0.998451471 -0.019413326 -10.793093681 0.001949601 0.019337963 0.999811113 96.733734131
0.998596370 -0.052951451 -0.001253856 7.524887562 0.052921038 0.998441756 -0.017702619 -10.925217628 0.002189281 0.017611416 0.999842525 97.819198608
0.998650610 -0.051931996 -0.000134552 7.562819958 0.051926140 0.998570621 -0.012662354 -11.046094894 0.000791941 0.012638282 0.999919772 98.901115417
0.998741567 -0.050138347 0.001156692 7.611344814 0.050146900 0.998699307 -0.009223226 -11.166270256 -0.000692750 0.009269626 0.999956846 99.971130371
0.998838961 -0.048079949 0.003040707 7.656584740 0.048106510 0.998798311 -0.009365901 -11.284654617 -0.002586742 0.009501304 0.999951482 101.037231445
0.998910129 -0.046376973 0.005245252 7.702406406 0.046433438 0.998858452 -0.011210528 -11.405425072 -0.004719353 0.011441867 0.999923468 102.070999146
0.998872459 -0.046802063 0.007947698 7.753947735 0.046904832 0.998811066 -0.013277696 -11.529315948 -0.007316825 0.013635514 0.999880314 103.090972900
0.998797417 -0.048101995 0.009478615 7.807926178 0.048236102 0.998731136 -0.014466693 -11.642504692 -0.008770713 0.014906508 0.999850452 104.112983704
0.998691738 -0.049818464 0.011537701 7.865232468 0.049975660 0.998655617 -0.013761945 -11.756056786 -0.010836592 0.014320543 0.999838769 105.093688965
0.998662293 -0.049993396 0.013203488 7.923996925 0.050153729 0.998668194 -0.012105201 -11.877345085 -0.012580723 0.012751213 0.999839544 106.068115234
0.998590827 -0.051071499 0.014426128 7.988846302 0.051224750 0.998632371 -0.010461017 -11.988809586 -0.013872142 0.011185251 0.999841154 107.016174316
0.998527586 -0.051724724 0.016346432 8.045134544 0.051906187 0.998592675 -0.010878499 -12.095795631 -0.015760740 0.011710962 0.999807298 107.934173584
0.998501182 -0.051696464 0.017968217 8.106315613 0.051867567 0.998611689 -0.009190447 -12.196696281 -0.017468158 0.010108638 0.999796331 108.843811035
0.998521447 -0.050600167 0.019861341 8.162337303 0.050751027 0.998685598 -0.007166483 -12.293718338 -0.019472612 0.008163870 0.999777079 109.714035034
0.998493791 -0.050656024 0.021075321 8.223954201 0.050748292 0.998704016 -0.003866286 -12.396129608 -0.020852156 0.004930000 0.999770403 110.577392578
0.998444915 -0.050999556 0.022512380 8.283677101 0.051094986 0.998687088 -0.003683860 -12.489519119 -0.022294946 0.004828403 0.999739766 111.404342651
0.998466432 -0.049972661 0.023819212 8.333385468 0.050055120 0.998742282 -0.002877779 -12.580090523 -0.023645442 0.004065639 0.999712169 112.217308044
0.998569548 -0.047517229 0.024511643 8.383399010 0.047596000 0.998863161 -0.002639959 -12.659876823 -0.024358334 0.003802839 0.999696076 112.995933533
0.998696446 -0.045065735 0.023965988 8.427909851 0.045068495 0.998983741 0.000424929 -12.738336563 -0.023960782 0.000655736 0.999712706 113.754524231
0.998764098 -0.045153882 0.020768240 8.476635933 0.045132622 0.998979807 0.001491213 -12.822665215 -0.020814391 -0.000552045 0.999783218 114.511230469
0.998876631 -0.045147691 0.014389162 8.511943817 0.045130350 0.998979926 0.001527928 -12.896419525 -0.014443468 -0.000876823 0.999895334 115.209289551
0.999050140 -0.043389231 0.004009074 8.538764000 0.043387506 0.999058187 0.000515094 -12.973006248 -0.004027648 -0.000340661 0.999991894 115.880523682
0.999113977 -0.040867686 -0.010056041 8.537317276 0.040846575 0.999162793 -0.002295994 -13.042648315 0.010141458 0.001883205 0.999946833 116.530235291
0.998812497 -0.039289135 -0.028809857 8.537119865 0.039163146 0.999220610 -0.004924437 -13.110157967 0.028980883 0.003790304 0.999572754 117.151771545
0.997973382 -0.037632156 -0.051313616 8.504827499 0.037310954 0.999277651 -0.007203514 -13.179671288 0.051547639 0.005274355 0.998656571 117.738937378
0.996219754 -0.036165275 -0.078982301 8.462171555 0.035557155 0.999326229 -0.009092720 -13.246879578 0.079257920 0.006249961 0.996834517 118.306770325
0.993244052 -0.033963304 -0.110962801 8.390353203 0.032945570 0.999396622 -0.010993011 -13.315101624 0.111269213 0.007263009 0.993763685 118.849380493
0.988776743 -0.029501000 -0.146459013 8.290866852 0.027998919 0.999532163 -0.012307287 -13.380288124 0.146753550 0.008068467 0.989140093 119.377746582
0.982489347 -0.023584286 -0.184820428 8.166557312 0.021718841 0.999690652 -0.012111563 -13.437959671 0.185048893 0.007885395 0.982697546 119.917160034
0.973905921 -0.018267846 -0.226215482 8.009944916 0.016433874 0.999815047 -0.009987905 -13.499963760 0.226356089 0.006009685 0.974026084 120.438011169
0.962453723 -0.013670358 -0.271101236 7.845502853 0.011822020 0.999894321 -0.008449859 -13.559602737 0.271188080 0.004927634 0.962513685 120.923110962
0.947970092 -0.007656658 -0.318267524 7.651683807 0.005088893 0.999947429 -0.008898609 -13.617340088 0.318318933 0.006815985 0.947959185 121.404052734
0.930658579 0.000003403 -0.365888894 7.421829224 -0.003767771 0.999947011 -0.009574242 -13.670399666 0.365869492 0.010288935 0.930609286 121.861984253
0.909358621 0.004643925 -0.415987194 7.178276062 -0.009892538 0.999896288 -0.010462879 -13.724326134 0.415895432 0.013629679 0.909310281 122.294128418
0.884249926 0.009322360 -0.466921002 6.898422241 -0.015399177 0.999839067 -0.009200404 -13.779968262 0.466760039 0.015325655 0.884251177 122.721229553
0.855091035 0.012483681 -0.518327534 6.614158630 -0.020046925 0.999758601 -0.008992921 -13.824154854 0.518090189 0.018080637 0.855134785 123.117500305
0.823473454 0.022271041 -0.566917419 6.284519196 -0.030900812 0.999506593 -0.005619775 -13.872730255 0.566512465 0.022145946 0.823755443 123.488235474
0.789212883 0.035071943 -0.613117695 5.939769745 -0.043856509 0.999037504 0.000694929 -13.915377617 0.612551987 0.026340751 0.789991260 123.848075867
0.753555059 0.044232577 -0.655895174 5.584945679 -0.055428024 0.998456001 0.003653358 -13.957473755 0.655043960 0.033601966 0.754843175 124.150581360
0.713582635 0.047928870 -0.698929608 5.218883514 -0.062646642 0.998025775 0.004479257 -14.001858711 0.697764456 0.040589284 0.715176404 124.448043823
0.671145916 0.049646344 -0.739660919 4.838050842 -0.065152481 0.997844398 0.007858316 -14.050137520 0.738456726 0.042916678 0.672933817 124.731781006
0.627216518 0.053191505 -0.777026474 4.424377441 -0.068840042 0.997546613 0.012719508 -14.081612587 0.775796771 0.045512650 0.629339516 125.003677368
0.582023263 0.061974987 -0.810807049 3.994060516 -0.080050722 0.996615231 0.018714461 -14.116651535 0.809222341 0.054013446 0.585014284 125.238418579
0.536342919 0.070946626 -0.841012955 3.555858612 -0.091688320 0.995461106 0.025502862 -14.141878128 0.839005053 0.063432790 0.540413439 125.442993164
0.489401966 0.076024920 -0.868738055 3.101989746 -0.097281255 0.994734406 0.032247879 -14.168799400 0.866615295 0.068729766 0.494220734 125.640678406
0.442158580 0.077737108 -0.893561840 2.638786316 -0.096824341 0.994552255 0.038611650 -14.195539474 0.891695440 0.069446072 0.447276652 125.818588257
0.394864678 0.078727998 -0.915359914 2.162513733 -0.093523055 0.994590521 0.045198806 -14.216541290 0.913966775 0.067759849 0.400091648 125.996337891
0.349199384 0.081366681 -0.933509111 1.674118042 -0.095259108 0.994144320 0.051018037 -14.236122131 0.932193995 0.071109779 0.354905516 126.136848450
0.305331260 0.084737882 -0.948468447 1.172435760 -0.101192161 0.993280232 0.056165628 -14.253929138 0.946854234 0.078828461 0.311854333 126.252281189
0.264272273 0.086076044 -0.960599422 0.641721725 -0.105797313 0.992585838 0.059836145 -14.270278931 0.958627701 0.085815802 0.271419525 126.354156494
0.224302664 0.082798317 -0.970995724 0.116449356 -0.105215698 0.992617309 0.060336895 -14.291311264 0.968822956 0.088630252 0.231358394 126.456596375
0.189387321 0.077779263 -0.978816926 -0.416807175 -0.100217126 0.993183076 0.059530213 -14.311591148 0.976774752 0.086819939 0.195891082 126.548370361
0.158766299 0.072798088 -0.984628618 -0.966314316 -0.097599514 0.993550539 0.057720289 -14.334011078 0.982480288 0.086935230 0.164847419 126.626197815
0.132732987 0.071329780 -0.988581777 -1.538007736 -0.099119224 0.993362308 0.058366358 -14.353932381 0.986183167 0.090240322 0.138922125 126.686805725
0.110616386 0.069783755 -0.991410196 -2.126664162 -0.099561818 0.993291974 0.058807623 -14.362782478 0.988863647 0.092201494 0.116822198 126.747726440
0.091445543 0.071606010 -0.993232250 -2.710500717 -0.101325855 0.992903590 0.062253378 -14.382571220 0.990641534 0.094947316 0.098052174 126.815643311
0.075686432 0.069816113 -0.994684517 -3.319568634 -0.102228306 0.992832720 0.061907500 -14.404979706 0.991877437 0.096999362 0.082281157 126.859222412
0.061393268 0.068732955 -0.995744288 -3.939073086 -0.100644924 0.992967725 0.062335961 -14.434008598 0.993026376 0.096389607 0.067879140 126.911003113
0.049293272 0.066049524 -0.996598065 -4.576409817 -0.096603051 0.993448138 0.061062638 -14.455124855 0.994101644 0.093264431 0.055350892 126.950248718
0.037330024 0.063546918 -0.997280538 -5.231016636 -0.094405800 0.993736804 0.059787355 -14.472951889 0.994833648 0.091917180 0.043095421 126.986694336
0.025959428 0.062618956 -0.997699857 -5.900287151 -0.093702734 0.993794501 0.059935767 -14.496532440 0.995261729 0.091931298 0.031665903 127.029685974
0.016369998 0.064089119 -0.997809947 -6.572261333 -0.096970849 0.993341088 0.062211193 -14.518220901 0.995152593 0.095740065 0.022475764 127.048484802
0.008110518 0.063812353 -0.997928977 -7.249789238 -0.099869557 0.993023872 0.062687024 -14.544433594 0.994967401 0.099154294 0.014426848 127.061828613
0.001353896 0.063336261 -0.997991323 -7.943271160 -0.101618491 0.992834747 0.062871151 -14.567107201 0.994822443 0.101329252 0.007780329 127.079826355
-0.003800817 0.064240955 -0.997927189 -8.639695168 -0.102377422 0.992665768 0.064292178 -14.585411072 0.994738340 0.102409557 0.002803883 127.093887329
-0.007292603 0.066672079 -0.997748256 -9.360973358 -0.104827411 0.992226303 0.067069262 -14.605046272 0.994463682 0.105080470 -0.000246850 127.113929749
-0.007849528 0.070655622 -0.997469902 -10.096603394 -0.107300185 0.991681874 0.071090013 -14.630306244 0.994195640 0.107586727 -0.000202872 127.111709595
-0.009263420 0.073901601 -0.997222543 -10.809015274 -0.109337680 0.991210938 0.074471772 -14.646862030 0.993961453 0.109723844 -0.001101773 127.125846863
-0.009680173 0.079497188 -0.996788025 -11.549958229 -0.114200622 0.990224719 0.080082767 -14.654433250 0.993410587 0.114609040 -0.000506920 127.129257202
-0.011062303 0.083059281 -0.996483207 -12.293997765 -0.117027782 0.989588141 0.083783731 -14.666809082 0.993067026 0.117543057 -0.001226879 127.139869690
-0.012498708 0.083831854 -0.996401548 -13.041333199 -0.117232956 0.989484131 0.084720410 -14.687153816 0.993025780 0.117869981 -0.002539418 127.157020569
-0.013943582 0.080770075 -0.996635258 -13.785820007 -0.114808284 0.990010738 0.081839472 -14.705692291 0.993289769 0.115563124 -0.004531221 127.175354004
-0.015547511 0.077249281 -0.996890604 -14.548842430 -0.118379459 0.989856601 0.078550473 -14.709787369 0.992846727 0.119232640 -0.006245077 127.184646606
-0.016800128 0.079124905 -0.996723115 -15.303390503 -0.123670839 0.989044607 0.080599859 -14.724309921 0.992181182 0.124619685 -0.006830633 127.189872742
-0.017947646 0.081812300 -0.996486068 -16.103794098 -0.120526999 0.989201784 0.083385050 -14.735741615 0.992547810 0.121600054 -0.007893253 127.193817139
-0.020265063 0.081858091 -0.996437967 -16.877140045 -0.119338512 0.989319265 0.083700344 -14.752265930 0.992646754 0.120609604 -0.010279792 127.209701538
-0.020369958 0.081234775 -0.996486843 -17.671813965 -0.123287089 0.988882661 0.083135091 -14.762681007 0.992161989 0.124547400 -0.010128299 127.197189331
-0.022116158 0.080719054 -0.996491432 -18.460916519 -0.127076298 0.988423765 0.082885869 -14.775432587 0.991646349 0.128463596 -0.011602661 127.217002869
-0.023235442 0.085049063 -0.996105790 -19.258171082 -0.128978297 0.987792969 0.087347880 -14.781804085 0.991375148 0.130505636 -0.011982321 127.222549438
-0.024255192 0.089912720 -0.995654285 -20.061189651 -0.128302261 0.987431109 0.092295691 -14.795757294 0.991438448 0.129983336 -0.012414325 127.237655640
-0.023322057 0.092188679 -0.995468378 -20.890804291 -0.128826112 0.987160206 0.094437473 -14.804432869 0.991392851 0.130444795 -0.011146298 127.246482849
-0.021332178 0.091073133 -0.995615661 -21.709394455 -0.128236920 0.987367094 0.093066245 -14.811922073 0.991514027 0.129659995 -0.009383752 127.253746033
-0.019965183 0.091460124 -0.995608509 -22.540794373 -0.128210306 0.987351179 0.093272604 -14.818666458 0.991545975 0.129509464 -0.007986517 127.260063171
-0.020066647 0.090129584 -0.995727897 -23.368421555 -0.126676142 0.987672865 0.091953352 -14.823278427 0.991741121 0.127980158 -0.008402014 127.284103394
-0.019000668 0.092170462 -0.995561957 -24.206703186 -0.127570108 0.987379611 0.093847647 -14.829980850 0.991647482 0.128787175 -0.007002677 127.298141479
-0.018242359 0.094497249 -0.995358050 -25.045942307 -0.129356131 0.986933589 0.096068226 -14.833521843 0.991430342 0.130508155 -0.005780198 127.309371948
-0.018466434 0.096772328 -0.995135188 -25.914310455 -0.132420674 0.986300170 0.098370433 -14.834835052 0.991021574 0.133593053 -0.005398795 127.323593140
-0.016868034 0.097833961 -0.995059848 -26.777711868 -0.134599417 0.985920370 0.099217087 -14.832117081 0.990756512 0.135608062 -0.003462145 127.333793640
-0.015148683 0.100777790 -0.994793653 -27.646371841 -0.141260788 0.984713197 0.101907715 -14.831062317 0.989856541 0.142069086 -0.000681160 127.347656250
-0.012607854 0.104550742 -0.994439662 -28.529378891 -0.145985618 0.983669937 0.105269335 -14.826191902 0.989206374 0.146501079 0.002860941 127.357872009
-0.010515402 0.106363527 -0.994271636 -29.404203415 -0.148529440 0.983130157 0.106742501 -14.821070671 0.988852084 0.148801029 0.005460108 127.386337280
-0.006567317 0.107067294 -0.994230032 -30.301729202 -0.147100061 0.983331800 0.106865332 -14.820631027 0.989099801 0.146953121 0.009291754 127.405525208
-0.003987122 0.107150808 -0.994234741 -31.192125320 -0.149846882 0.982952774 0.106535830 -14.816326141 0.988701165 0.149407744 0.012137063 127.433624268
-0.001221575 0.110731013 -0.993849695 -32.097305298 -0.150065839 0.982575893 0.109659359 -14.806580544 0.988675177 0.149276838 0.015416649 127.459136963
0.001133272 0.112632789 -0.993635952 -33.012443542 -0.149135083 0.982543647 0.111205347 -14.800184250 0.988816202 0.148059979 0.017910989 127.496368408
0.002870098 0.113926046 -0.993485034 -33.905071259 -0.149799600 0.982327938 0.112213857 -14.797712326 0.988712251 0.148501605 0.019885451 127.536186218
0.005530450 0.112069674 -0.993684947 -34.808845520 -0.151114926 0.982382059 0.109953858 -14.791202545 0.988500714 0.149552539 0.022368414 127.564537048
0.005801062 0.113245361 -0.993550122 -35.720035553 -0.155356720 0.981604993 0.110976771 -14.781869888 0.987841547 0.153710872 0.023287782 127.605308533
0.006895372 0.113908999 -0.993467212 -36.613666534 -0.156135455 0.981428444 0.111444935 -14.778112411 0.987711549 0.154347032 0.024552545 127.640403748
0.007164854 0.110254325 -0.993877590 -37.511875153 -0.156392694 0.981795967 0.107786626 -14.775833130 0.987668931 0.154662907 0.024277393 127.674812317
0.008168056 0.106133521 -0.994318366 -38.425220490 -0.157628119 0.982056499 0.103529833 -14.776762009 0.987464786 0.155886918 0.024751121 127.716690063
0.008642490 0.105278030 -0.994405329 -39.323902130 -0.157262787 0.982210457 0.102620177 -14.771614075 0.987518966 0.155496076 0.025045061 127.756256104
0.008640178 0.109303810 -0.993970871 -40.229125977 -0.159720570 0.981397152 0.106532708 -14.766691208 0.987124503 0.157837152 0.025937505 127.792762756
0.008760970 0.115652002 -0.993251145 -41.164051056 -0.160333216 0.980600476 0.112764768 -14.756019592 0.987024069 0.158263221 0.027133865 127.834114075
0.008862877 0.114362180 -0.993399501 -42.057788849 -0.158021063 0.981115997 0.111538239 -14.757946014 0.987396002 0.155989513 0.026767142 127.878463745
0.009847440 0.103917874 -0.994537055 -42.949028015 -0.157394037 0.982348621 0.101085864 -14.762983322 0.987486720 0.155538812 0.026029676 127.919242859
0.010235130 0.093426026 -0.995573640 -43.870674133 -0.159302101 0.983062506 0.090614222 -14.767737389 0.987176836 0.157669529 0.024944732 127.956527710
0.009235404 0.090469211 -0.995856464 -44.773769379 -0.156221792 0.983800769 0.087925233 -14.777486801 0.987678885 0.154762447 0.023219062 127.999931335
0.009025883 0.100557201 -0.994890273 -45.694828033 -0.148759276 0.983994842 0.098106362 -14.780636787 0.988832235 0.147113666 0.023840243 128.048004150
0.008986341 0.113600977 -0.993485808 -46.641075134 -0.143673435 0.983364105 0.111144051 -14.779844284 0.989584327 0.141738713 0.025158290 128.107437134
0.009155194 0.122749567 -0.992395401 -47.563755035 -0.143901706 0.982268631 0.120169431 -14.772269249 0.989549577 0.141707242 0.026656736 128.151031494
0.009112819 0.116954304 -0.993095458 -48.479404449 -0.143910423 0.982951462 0.114439122 -14.769873619 0.989548683 0.141873941 0.025788406 128.189926147
0.009182933 0.103351578 -0.994602501 -49.407451630 -0.144163162 0.984390259 0.100959368 -14.768407822 0.989511311 0.142457962 0.023939079 128.228256226
0.009775799 0.094484851 -0.995478332 -50.324302673 -0.144688353 0.985182822 0.092086799 -14.769836426 0.989428937 0.143133879 0.023301804 128.271408081
0.010307320 0.094668977 -0.995455503 -51.259048462 -0.143599600 0.985329747 0.092219144 -14.779669762 0.989582181 0.141996413 0.023750536 128.312591553
0.009625155 0.096047290 -0.995330155 -52.199119568 -0.146710232 0.984740555 0.093606643 -14.793536186 0.989132702 0.145124182 0.023569398 128.348892212
0.009945063 0.095490195 -0.995380700 -53.141216278 -0.151564971 0.984072924 0.092891075 -14.799551010 0.988397241 0.149941057 0.024259632 128.389221191
0.010511958 0.094971098 -0.995424569 -54.072631836 -0.153079569 0.983898163 0.092254840 -14.801844597 0.988157868 0.151409402 0.024880834 128.429687500
0.011480642 0.102339648 -0.994683325 -55.020137787 -0.162398919 0.981732845 0.099132806 -14.799444199 0.986658275 0.160397366 0.027890775 128.460388184
0.013055855 0.112016261 -0.993620634 -55.969947815 -0.168087244 0.979810536 0.108250752 -14.797397614 0.985685587 0.165601656 0.031620771 128.494003296
0.013966007 0.120087340 -0.992665112 -56.925186157 -0.167945147 0.978940010 0.116064101 -14.791795731 0.985697269 0.165092319 0.033839971 128.536102295
0.015202541 0.120725654 -0.992569447 -57.890872955 -0.169604912 0.978610337 0.116430089 -14.789911270 0.985394895 0.166574627 0.035353027 128.589279175
0.016837539 0.111442856 -0.993628263 -58.822525024 -0.171237156 0.979408205 0.106946260 -14.790138245 0.985086024 0.168345362 0.035573982 128.634094238
0.017884193 0.106389865 -0.994163573 -59.774215698 -0.169346139 0.980278969 0.101857625 -14.788382530 0.985394359 0.166536123 0.035548218 128.690505981
0.019728789 0.104551867 -0.994323790 -60.729145050 -0.167694211 0.980774462 0.099799909 -14.788055420 0.985641599 0.164773375 0.036882252 128.749969482
0.023202218 0.110257648 -0.993632078 -61.701488495 -0.169413343 0.979958832 0.104784444 -14.783644676 0.985272050 0.165903315 0.041416328 128.798706055
0.026881067 0.112363577 -0.993303537 -62.661876678 -0.172251165 0.979320168 0.106120259 -14.784991264 0.984686255 0.168245077 0.045679923 128.851486206
0.031290494 0.107318558 -0.993732154 -63.609649658 -0.171678796 0.980020225 0.100431949 -14.786968231 0.984655857 0.167460203 0.049089637 128.907562256
0.034473497 0.101551577 -0.994232714 -64.570152283 -0.171729565 0.980629265 0.094207652 -14.792870522 0.984540761 0.167491540 0.051245123 128.971206665
0.036483184 0.101547919 -0.994161427 -65.539260864 -0.168717757 0.981169105 0.094029330 -14.803921700 0.984988987 0.164302230 0.052929103 129.068542480
0.039891180 0.106125548 -0.993552268 -66.495384216 -0.166225851 0.981192827 0.098131403 -14.811050415 0.985280514 0.161239475 0.056781746 129.139465332
0.043497544 0.112835005 -0.992661178 -67.471267700 -0.166050524 0.980597854 0.104187600 -14.812176704 0.985157430 0.160300002 0.061389908 129.210098267
0.045291387 0.116446808 -0.992163658 -68.442398071 -0.163622662 0.980634749 0.107624479 -14.816308975 0.985482872 0.157466024 0.063467644 129.303924561
0.047365304 0.118321896 -0.991844952 -69.408584595 -0.163084745 0.980551600 0.109186612 -14.824513435 0.985474467 0.156583160 0.065740630 129.385101318
0.049163572 0.115662694 -0.992071033 -70.361732483 -0.161313370 0.981151402 0.106395461 -14.822166443 0.985677958 0.154803559 0.066894837 129.467605591
0.050370514 0.114176661 -0.992182732 -71.314002991 -0.159479409 0.981615961 0.104864322 -14.825539589 0.985915422 0.152950630 0.067653328 129.543624878
0.050453201 0.110385098 -0.992607355 -72.267280579 -0.155992284 0.982546270 0.101337291 -14.834230423 0.986468852 0.149726301 0.066791825 129.631805420
0.049905960 0.109864160 -0.992692947 -73.238349915 -0.154818937 0.982768357 0.100982517 -14.828695297 0.986681521 0.148648053 0.066055045 129.728302002
0.049853537 0.114702046 -0.992148161 -74.196136475 -0.151619360 0.982739210 0.105995700 -14.831544876 0.987180948 0.145144626 0.066384085 129.808944702
0.048775077 0.116751477 -0.991962731 -75.160888672 -0.145321324 0.983406305 0.108598925 -14.842617035 0.988181531 0.138856411 0.064932205 129.910247803
0.047947090 0.112236626 -0.992523968 -76.121971130 -0.142710030 0.984242439 0.104406044 -14.831511497 0.988602638 0.136637136 0.063208848 129.988708496
0.046871517 0.107841223 -0.993062615 -77.082977295 -0.144333303 0.984453678 0.100093946 -14.827415466 0.988418400 0.138640448 0.061707910 130.061950684
0.045615379 0.105189867 -0.993405461 -78.032272339 -0.140865728 0.985181212 0.097850718 -14.832990646 0.988977194 0.135473296 0.059757058 130.142471313
0.044285372 0.105861381 -0.993394315 -78.997169495 -0.140952855 0.985084772 0.098692223 -14.835407257 0.989025354 0.135651156 0.058546305 130.210067749
0.043414924 0.106915250 -0.993319809 -79.956581116 -0.141921386 0.984834194 0.099798977 -14.838140488 0.988925338 0.136640549 0.057930071 130.283996582
0.041889012 0.106975481 -0.993378818 -80.910263062 -0.143546224 0.984580934 0.099974945 -14.840806961 0.988756657 0.138407946 0.056599036 130.356201172
0.040700592 0.108420245 -0.993271589 -81.863113403 -0.143364444 0.984442830 0.101582013 -14.847707748 0.988832712 0.138265371 0.055611026 130.419158936
0.038037878 0.108770519 -0.993338883 -82.827400208 -0.143311620 0.984376132 0.102301277 -14.852251053 0.988946378 0.138465673 0.053031653 130.491287231
0.036671586 0.110913463 -0.993153274 -83.780204773 -0.143473819 0.984110177 0.104605861 -14.844885826 0.988974452 0.138655424 0.052002069 130.560913086
0.035158213 0.114768751 -0.992769837 -84.734680176 -0.144870982 0.983476579 0.108563915 -14.839448929 0.988825679 0.140006632 0.051203940 130.617095947
0.032959443 0.119763896 -0.992255151 -85.683128357 -0.146028712 0.982717633 0.113762118 -14.831384659 0.988731205 0.141148210 0.049878787 130.680465698
0.031010319 0.119454168 -0.992355287 -86.635253906 -0.145900503 0.982739449 0.113737360 -14.829259872 0.988813102 0.141258076 0.047903486 130.737167358
0.030074907 0.114431746 -0.992975831 -87.580253601 -0.146034077 0.983268559 0.108890049 -14.826518059 0.988822281 0.141733438 0.046282649 130.794479370
0.027331328 0.109453268 -0.993616104 -88.525070190 -0.149800554 0.983211577 0.104186587 -14.815470695 0.988338411 0.145996690 0.043268643 130.855422974
0.026277019 0.107556731 -0.993851602 -89.468948364 -0.148010701 0.983655691 0.102539964 -14.815501213 0.988636613 0.144406229 0.041767079 130.915954590
0.025725244 0.108560562 -0.993756831 -90.435104370 -0.143407032 0.984204769 0.103804708 -14.818505287 0.989329398 0.139841318 0.040887259 130.968017578
0.025067188 0.109907135 -0.993625700 -91.384460449 -0.140412286 0.984471977 0.105352320 -14.818072319 0.989775717 0.136876330 0.040110264 131.026565552
0.024043305 0.110033087 -0.993637085 -92.333686829 -0.134903893 0.985190451 0.105833434 -14.824453354 0.990566909 0.131500930 0.038531128 131.089096069
0.022836054 0.107193150 -0.993975997 -93.275581360 -0.130866826 0.986000776 0.103326492 -14.828470230 0.991136849 0.127718896 0.036544397 131.149414062
0.022230040 0.104019023 -0.994326890 -94.228622437 -0.125466153 0.986999750 0.100447483 -14.829879761 0.991848767 0.122521386 0.034991909 131.204376221
0.020131029 0.106536955 -0.994104862 -95.208328247 -0.124009378 0.986894310 0.103252970 -14.834671021 0.992076814 0.121199742 0.033078779 131.263000488
0.018773584 0.108920678 -0.993873179 -96.154937744 -0.123361789 0.986705303 0.105804898 -14.834445953 0.992184162 0.120619640 0.031960640 131.318008423
0.017459406 0.106570311 -0.994151831 -97.116165161 -0.119220987 0.987431586 0.103756130 -14.830439568 0.992714226 0.116712242 0.029945381 131.363952637
0.015641438 0.103798486 -0.994475305 -98.065429688 -0.116336837 0.988030791 0.101296060 -14.833122253 0.993086576 0.114109688 0.027529810 131.408233643
0.011702457 0.100773491 -0.994840443 -99.035026550 -0.114958540 0.988447368 0.098773591 -14.827631950 0.993301272 0.113209546 0.023152037 131.462280273
0.009052745 0.099880442 -0.994958222 -99.990234375 -0.109374687 0.989127994 0.098300017 -14.838879585 0.993959308 0.107933357 0.019878721 131.507553101
0.006798018 0.099965014 -0.994967759 -100.947944641 -0.102653459 0.989803910 0.098744825 -14.835177422 0.994693935 0.101465613 0.016990455 131.547622681
0.004310566 0.107870318 -0.994155586 -101.915008545 -0.092587605 0.989937425 0.107011177 -14.835449219 0.995695233 0.091585219 0.014254645 131.605895996
0.001732729 0.116021514 -0.993245244 -102.872154236 -0.084545478 0.989707410 0.115460768 -14.832941055 0.996418118 0.083774321 0.011523988 131.657333374
-0.001294008 0.115720391 -0.993280947 -103.827056885 -0.080276601 0.990064144 0.115450181 -14.828995705 0.996771812 0.079886600 0.008008488 131.701553345
-0.003753864 0.105601408 -0.994401455 -104.781669617 -0.081174403 0.991094589 0.105556659 -14.831376076 0.996692836 0.081116207 0.004851697 131.729614258
-0.005844950 0.096063271 -0.995358050 -105.728286743 -0.082998075 0.991894007 0.096216321 -14.829437256 0.996532559 0.083175175 0.002175494 131.763504028
-0.006180489 0.097650945 -0.995201588 -106.689170837 -0.090157248 0.991113007 0.097809657 -14.834303856 0.995908320 0.090329163 0.002678377 131.779907227
-0.007099517 0.106961265 -0.994237840 -107.652557373 -0.093608744 0.989825964 0.107155047 -14.824759483 0.995583773 0.093830124 0.002985225 131.813980103
-0.008636788 0.118160658 -0.992956936 -108.615913391 -0.097494461 0.988163531 0.118438281 -14.813798904 0.995198667 0.097830720 0.002985450 131.839660645
-0.010016085 0.119764686 -0.992751777 -109.557548523 -0.104542308 0.987235487 0.120153964 -14.804286003 0.994470060 0.104988031 0.002632243 131.867721558
-0.009734711 0.116963431 -0.993088484 -110.540145874 -0.111724205 0.986790001 0.117316775 -14.789246559 0.993691504 0.112094060 0.003461533 131.880798340
-0.009929376 0.113117665 -0.993531942 -111.494850159 -0.119910181 0.986276627 0.113490000 -14.779103279 0.992735088 0.120261490 0.003770848 131.901336670
-0.007668199 0.114898898 -0.993347526 -112.460891724 -0.124469392 0.985541582 0.114956841 -14.760379791 0.992193878 0.124522857 0.006744065 131.921737671
-0.006221151 0.116064988 -0.993222117 -113.441215515 -0.132581517 0.984377027 0.115861803 -14.743739128 0.991152585 0.132403687 0.009264113 131.942062378
-0.005739922 0.118653759 -0.992919087 -114.404487610 -0.141711310 0.982818007 0.118265890 -14.728253365 0.989891291 0.141386673 0.011173281 131.960144043
-0.005526905 0.120941155 -0.992644310 -115.379623413 -0.147148237 0.981755078 0.120433763 -14.709001541 0.989099085 0.146731481 0.012370209 131.983825684
-0.005241624 0.120446652 -0.992705941 -116.355087280 -0.151160434 0.981216848 0.119850792 -14.702212334 0.988495290 0.150686145 0.013063600 132.022720337
-0.003798503 0.111082949 -0.993803799 -117.309806824 -0.150198206 0.982473552 0.110390581 -14.706719398 0.988648653 0.149686858 0.012952530 132.052764893
-0.002419904 0.099388763 -0.995045662 -118.260482788 -0.153196186 0.983265996 0.098584719 -14.698729515 0.988192856 0.152675778 0.012846570 132.087036133
