1.000000000 0.000000000 0.000000000 0.000000000 0.000000000 1.000000000 0.000000000 0.000000000 0.000000000 0.000000000 1.000000000 0.000000000
0.999997973 -0.001529741 -0.001321816 0.048512049 0.001526916 0.999996543 -0.002135342 -0.132356241 0.001325078 0.002133319 0.999996841 1.298339128
0.999997795 0.000006361 -0.002100048 0.104186870 -0.000019697 0.999979854 -0.006350383 -0.267785996 0.002099966 0.006350410 0.999977589 2.603662252
0.999996185 0.002421199 -0.001310171 0.148137823 -0.002431402 0.999966204 -0.007842977 -0.407048434 0.001291138 0.007846132 0.999968350 3.907588243
0.999983847 0.005668621 0.000213788 0.193365857 -0.005667098 0.999962509 -0.006554538 -0.545702100 -0.000250935 0.006553221 0.999978542 5.220202923
0.999975979 0.006492273 0.002432932 0.242930830 -0.006484573 0.999974012 -0.003159624 -0.693141758 -0.002453382 0.003143771 0.999992013 6.538470745
0.999961019 0.006732953 0.005705018 0.300371706 -0.006722258 0.999975622 -0.001891817 -0.829650462 -0.005717616 0.001853393 0.999981999 7.841222763
0.999943495 0.005298570 0.009213298 0.356113255 -0.005282377 0.999984443 -0.001781010 -0.962954223 -0.009222593 0.001732242 0.999955952 9.147235870
0.999912739 0.003962754 0.012606648 0.433701575 -0.003942798 0.999990940 -0.001607317 -1.099956155 -0.012612902 0.001557471 0.999919236 10.447168350
0.999872327 0.002577525 0.015770936 0.503512025 -0.002540642 0.999993980 -0.002358262 -1.236923099 -0.015776919 0.002317892 0.999872804 11.755128860
0.999814987 0.001454840 0.019178974 0.579649568 -0.001392821 0.999993682 -0.003246712 -1.372004867 -0.019183578 0.003219399 0.999810815 13.047671318
0.999745607 0.001645163 0.022494463 0.646724999 -0.001575355 0.999993801 -0.003120740 -1.522274733 -0.022499455 0.003084510 0.999742091 14.375752449
0.999663055 0.001481270 0.025919231 0.731528521 -0.001372385 0.999990165 -0.004218222 -1.659476042 -0.025925223 0.004181229 0.999655187 15.671416283
0.999578774 0.002321519 0.028928736 0.817879796 -0.002200850 0.999988675 -0.004202391 -1.797747374 -0.028938165 0.004136954 0.999572575 16.973592758
0.999482095 0.001953471 0.032121759 0.908233106 -0.001833869 0.999991238 -0.003752393 -1.937396049 -0.032128807 0.003691542 0.999476910 18.260402679
0.999412477 0.000418088 0.034270849 1.007014513 -0.000298660 0.999993861 -0.003489865 -2.080027819 -0.034272101 0.003477579 0.999406636 19.559516907
0.999359310 -0.002142073 0.035726745 1.106393337 0.002313146 0.999986053 -0.004747720 -2.219843388 -0.035716079 0.004827320 0.999350369 20.834482193
0.999313414 -0.001777949 0.037010636 1.203377962 0.002018631 0.999977052 -0.006466686 -2.363064528 -0.036998291 0.006536956 0.999293923 22.141403198
0.999266982 -0.001733978 0.038241364 1.284588575 0.002093454 0.999954045 -0.009362174 -2.505837440 -0.038223363 0.009435367 0.999224663 23.432014465
0.999224782 -0.001233568 0.039347935 1.387478352 0.001650475 0.999942839 -0.010564663 -2.648624182 -0.039332654 0.010621415 0.999169707 24.712564468
0.999186516 -0.000552005 0.040324192 1.487403631 0.000999773 0.999938130 -0.011084889 -2.796324968 -0.040315576 0.011116186 0.999125183 25.982931137
0.999160349 -0.002230518 0.040908720 1.584276795 0.002647774 0.999944985 -0.010148359 -2.942388058 -0.040883828 0.010248158 0.999111354 27.280378342
0.999166310 -0.005179509 0.040493887 1.692014933 0.005548569 0.999944091 -0.009006931 -3.087768555 -0.040444966 0.009224107 0.999139130 28.559856415
0.999176681 -0.006664489 0.040018819 1.783218026 0.007048850 0.999930322 -0.009471060 -3.236058712 -0.039952911 0.009745347 0.999153972 29.853073120
0.999179423 -0.008303504 0.039643493 1.879477620 0.008790339 0.999887884 -0.012121817 -3.379168034 -0.039538387 0.012460348 0.999140322 31.112209320
0.999224603 -0.008454114 0.038454432 1.997416258 0.008927232 0.999886334 -0.012148349 -3.529187918 -0.038347352 0.012482220 0.999186516 32.404579163
0.999247670 -0.008872776 0.037755776 2.094963789 0.009350569 0.999878168 -0.012497081 -3.673723221 -0.037640296 0.012840715 0.999208868 33.672271729
0.999256313 -0.009419939 0.037391584 2.188626051 0.009890822 0.999873817 -0.012428393 -3.820510864 -0.037269786 0.012788983 0.999223411 34.940715790
0.999273062 -0.009913621 0.036811642 2.280902863 0.010397463 0.999861717 -0.012975677 -3.964562893 -0.036677919 0.013348993 0.999237955 36.199863434
0.999309599 -0.010539664 0.035627197 2.397954464 0.011012733 0.999853432 -0.013108245 -4.123419762 -0.035483811 0.013491548 0.999279201 37.487171173
0.999302924 -0.010212803 0.035907954 2.486154556 0.010630365 0.999877870 -0.011456958 -4.266836166 -0.035786558 0.011830686 0.999289393 38.750801086
0.999269068 -0.010034536 0.036886565 2.587745190 0.010422505 0.999892235 -0.010340648 -4.407554626 -0.036778834 0.010717540 0.999265969 40.021129608
0.999199450 -0.011781513 0.038232885 2.704628468 0.012124871 0.999888062 -0.008761290 -4.547430992 -0.038125392 0.009217843 0.999230504 41.271919250
0.999077618 -0.012980795 0.040928457 2.791407824 0.013386391 0.999863803 -0.009651488 -4.696608543 -0.040797602 0.010190469 0.999115467 42.532588959
0.998959184 -0.014283241 0.043317877 2.889375448 0.014852986 0.999807000 -0.012859475 -4.844999313 -0.043125834 0.013489490 0.998978555 43.780242920
0.998858929 -0.015515225 0.045164686 2.996808529 0.016162176 0.999771416 -0.013994544 -4.988968849 -0.044937231 0.014708539 0.998881519 45.035404205
0.998722076 -0.015638728 0.048057869 3.116925001 0.016269913 0.999786079 -0.012770868 -5.122425079 -0.047847871 0.013536446 0.998762906 46.272853851
0.998525083 -0.016918635 0.051588897 3.222048759 0.017418623 0.999805450 -0.009257589 -5.278980255 -0.051422231 0.010142542 0.998625517 47.527423859
0.998248696 -0.019734746 0.055768184 3.331650019 0.020175057 0.999769449 -0.007343407 -5.415340424 -0.055610403 0.008455674 0.998416722 48.748962402
0.998019934 -0.021980280 0.058932941 3.468492985 0.022463925 0.999719083 -0.007556691 -5.557868958 -0.058750294 0.008865594 0.998233259 50.001224518
0.997732878 -0.025446145 0.062301695 3.608649492 0.026209829 0.999590635 -0.011471282 -5.692638874 -0.061984297 0.013078192 0.997991383 51.237995148
0.997450769 -0.026680866 0.066184074 3.740605354 0.027496567 0.999556363 -0.011444372 -5.827574253 -0.065849371 0.013235033 0.997741818 52.464778900
0.997093141 -0.029290816 0.070337370 3.868571520 0.029986920 0.999510944 -0.008861008 -5.967697620 -0.070043422 0.010944450 0.997483909 53.684619904
0.996842384 -0.031544354 0.072870545 4.036883354 0.032028317 0.999471843 -0.005482245 -6.099229813 -0.072659142 0.007798855 0.997326434 54.880352020
0.996558249 -0.034089085 0.075562164 4.165280819 0.034486923 0.999397218 -0.003966169 -6.232276917 -0.075381421 0.006558425 0.997133195 56.130691528
0.996372044 -0.036997881 0.076641433 4.320074558 0.037166007 0.999308765 -0.000767963 -6.357007504 -0.076560043 0.003613632 0.997058451 57.337478638
0.996195316 -0.039825782 0.077518016 4.458070278 0.039897554 0.999203563 0.000623395 -6.484084129 -0.077481113 0.002471755 0.996990740 58.556133270
0.996155739 -0.041580506 0.077102765 4.605265617 0.041905697 0.999118149 -0.002603829 -6.607733250 -0.076926515 0.005824865 0.997019768 59.748264313
0.996173680 -0.042736616 0.076233916 4.755516052 0.043392740 0.999033749 -0.006970424 -6.736267090 -0.075862348 0.010251752 0.997065604 60.953983307
0.996179640 -0.044228978 0.075298928 4.894731045 0.045166612 0.998921096 -0.010794356 -6.865860939 -0.074740261 0.014154114 0.997102559 62.135055542
0.996204793 -0.046278421 0.073719636 5.040677547 0.047363717 0.998792589 -0.013041511 -7.003366470 -0.073027089 0.016483650 0.997193754 63.354358673
0.996362329 -0.046072427 0.071691044 5.178602695 0.047129847 0.998802423 -0.013127909 -7.135245323 -0.071000360 0.016458938 0.997340560 64.530319214
0.996584117 -0.045315489 0.069040477 5.311762333 0.046278991 0.998851359 -0.012419833 -7.280165672 -0.068398364 0.015572532 0.997536540 65.746978760
0.996803880 -0.044557277 0.066306844 5.431942940 0.045354169 0.998915136 -0.010561064 -7.410654545 -0.065764338 0.013534602 0.997743368 66.924911499
0.997245312 -0.040662836 0.062036604 5.559021473 0.041169483 0.999128222 -0.006910107 -7.542378902 -0.061701559 0.009445087 0.998049974 68.116302490
0.997531891 -0.038669001 0.058607846 5.677773476 0.039016351 0.999227047 -0.004793503 -7.666901112 -0.058377195 0.007068336 0.998269618 69.298316956
0.997733057 -0.037781563 0.055689391 5.783936501 0.038261868 0.999238968 -0.007583516 -7.804929733 -0.055360492 0.009697106 0.998419404 70.468299866
0.997909009 -0.038015507 0.052272551 5.902240276 0.038841002 0.999134719 -0.014867739 -7.935680866 -0.051662121 0.016866971 0.998522162 71.660964966
0.997905910 -0.042043645 0.049153637 6.007737160 0.042965386 0.998917103 -0.017848115 -8.070526123 -0.048350014 0.019922648 0.998631716 72.831657410
0.997963309 -0.045886964 0.044312373 6.125420570 0.046497811 0.998835623 -0.012853518 -8.206996918 -0.043670971 0.014887769 0.998935044 73.997177124
0.997974694 -0.049543831 0.039897323 6.232363701 0.049908239 0.998720169 -0.008189364 -8.331851959 -0.039440528 0.010163985 0.999170244 75.154273987
0.998029351 -0.051653385 0.035625584 6.325640202 0.051872194 0.998639941 -0.005244558 -8.459566116 -0.035306230 0.007082201 0.999351442 76.344841003
0.998199463 -0.050990600 0.031587072 6.415366173 0.051103756 0.998689413 -0.002785054 -8.584401131 -0.031403672 0.004394258 0.999497175 77.504440308
0.998337686 -0.050476994 0.027818592 6.505416870 0.050568078 0.998717189 -0.002580188 -8.703787804 -0.027652670 0.003982631 0.999609590 78.659561157
0.998474181 -0.049227446 0.025018392 6.569675446 0.049354151 0.998771310 -0.004471985 -8.835073471 -0.024767509 0.005699923 0.999677002 79.831878662
0.998665690 -0.046797670 0.021835547 6.645213604 0.047016189 0.998847902 -0.009603405 -8.962297440 -0.021360973 0.010617217 0.999715507 80.976974487
0.998588860 -0.050113216 0.017578321 6.735557556 0.050369620 0.998625994 -0.014459515 -9.099760056 -0.016829556 0.015324526 0.999740899 82.136489868
0.998431861 -0.053853888 0.015291217 6.788427830 0.054085955 0.998420715 -0.015191122 -9.233421326 -0.014448969 0.015994338 0.999767661 83.272262573
0.998464227 -0.054171212 0.011606900 6.856868744 0.054307558 0.998454809 -0.011772108 -9.360713005 -0.010951256 0.012384369 0.999863327 84.409477234
0.998465478 -0.054698326 0.008649494 6.926202297 0.054776356 0.998457670 -0.009057532 -9.492495537 -0.008140720 0.009517424 0.999921560 85.543914795
0.998603463 -0.052246746 0.007837655 6.969491482 0.052330587 0.998570383 -0.010903364 -9.619277954 -0.007256784 0.011298289 0.999909818 86.692886353
0.998789430 -0.048626773 0.007431801 7.022449493 0.048727073 0.998714387 -0.013970223 -9.746633530 -0.006742920 0.014315443 0.999874711 87.814643860
0.998854339 -0.047443964 0.006249775 7.086057186 0.047543947 0.998725235 -0.016960297 -9.871242523 -0.005437145 0.017238006 0.999836564 88.908767700
0.998827934 -0.048053294 0.005802562 7.126273632 0.048147324 0.998689950 -0.017327154 -10.013010979 -0.004962334 0.017586220 0.999832988 90.061660767
0.998773932 -0.049321730 0.004251334 7.181608677 0.049379017 0.998672962 -0.014629118 -10.142582893 -0.003524159 0.014821107 0.999883950 91.175796509
0.998724580 -0.050353453 0.003699229 7.230148792 0.050394602 0.998656869 -0.012030628 -10.271842957 -0.003088476 0.012201704 0.999920785 92.292243958
0.998745441 -0.049993549 0.002857867 7.298006058 0.050022967 0.998683393 -0.011364215 -10.393411636 -0.002285967 0.011492916 0.999931335 93.431167603
0.998716354 -0.050561704 0.003004609 7.343951225 0.050597761 0.998628199 -0.013469535 -10.520477295 -0.002319445 0.013604270 0.999904752 94.539901733
0.998703957 -0.050853293 0.002064672 7.408334255 0.050881654 0.998551905 -0.017463934 -10.647070885 -0.001173583 0.017546356 0.999845386 95.649780273
0.998698175 -0.050964016 0.002111468 7.452546597 0.050994325 0.998529017 -0.018423779 -10.786487579 -0.001169413 0.018507473 0.999828041 96.758491516
0.998656332 -0.051793072 0.001744249 7.511755943 0.051815018 0.998516977 -0.016705748 -10.917890549 -0.000876420 0.016773686 0.999858856 97.843856812
0.998727202 -0.050361495 0.002774298 7.555607319 0.050390594 0.998661399 -0.011670119 -11.038697243 -0.002182859 0.011795064 0.999927998 98.935386658
0.998807788 -0.048642561 0.004127474 7.605643749 0.048675586 0.998780012 -0.008318397 -11.157400131 -0.003717810 0.008509384 0.999956906 100.003273010
0.998893142 -0.046607222 0.006360424 7.648973465 0.046659105 0.998876631 -0.008266823 -11.278978348 -0.005967987 0.008554443 0.999945581 101.067634583
0.998967350 -0.044635259 0.008485367 7.701408386 0.044719081 0.998949945 -0.009959815 -11.400293350 -0.008031897 0.010328988 0.999914348 102.107460022
0.998923182 -0.045039993 0.011124127 7.753512859 0.045173246 0.998906672 -0.012032770 -11.525047302 -0.010570008 0.012522325 0.999865651 103.126373291
0.998823106 -0.046670809 0.013198656 7.797394276 0.046844732 0.998815119 -0.013190273 -11.637845039 -0.012567416 0.013793035 0.999825895 104.138084412
0.998703063 -0.048557084 0.015308242 7.858688354 0.048747599 0.998735130 -0.012328202 -11.751621246 -0.014690255 0.013058452 0.999806881 105.119430542
0.998661757 -0.048744399 0.017279521 7.912484169 0.048941396 0.998739302 -0.011167007 -11.867273331 -0.016713405 0.011997746 0.999788344 106.101654053
0.998607635 -0.049653336 0.017815355 7.993134499 0.049828324 0.998712480 -0.009516826 -11.977310181 -0.017319875 0.010391284 0.999795973 107.042938232
0.998533845 -0.050284859 0.020038838 8.049037933 0.050491355 0.998675108 -0.009935590 -12.084189415 -0.019512681 0.010932811 0.999749780 107.959480286
0.998534441 -0.049649116 0.021537703 8.112013817 0.049836297 0.998723388 -0.008242866 -12.181663513 -0.021100955 0.009304146 0.999733984 108.866477966
0.998536229 -0.048673358 0.023589211 8.169969559 0.048833515 0.998787284 -0.006261257 -12.278217316 -0.023255847 0.007404035 0.999702156 109.736061096
0.998492062 -0.049060225 0.024636814 8.235666275 0.049144212 0.998787701 -0.002814223 -12.382997513 -0.024468886 0.004020734 0.999692500 110.592781067
0.998432755 -0.049335252 0.026418198 8.297441483 0.049424004 0.998774171 -0.002716680 -12.474050522 -0.026251785 0.004018115 0.999647260 111.418586731
0.998473346 -0.048005596 0.027320733 8.350893021 0.048076078 0.998841763 -0.001928121 -12.563556671 -0.027196532 0.003238651 0.999624789 112.228233337
0.998565793 -0.045766193 0.027780814 8.405758858 0.045827616 0.998948157 -0.001578315 -12.643184662 -0.027679358 0.002849180 0.999612749 113.007453918
0.998684466 -0.043439999 0.027245337 8.451749802 0.043411773 0.999055982 0.001626743 -12.724235535 -0.027290283 -0.000441835 0.999627411 113.765632629
0.998780012 -0.043084253 0.024128562 8.500669479 0.043036591 0.999070406 0.002491482 -12.803771973 -0.024213474 -0.001450032 0.999705732 114.504989624
0.998907447 -0.043218493 0.017777130 8.538557053 0.043178197 0.999063849 0.002644055 -12.878127098 -0.017874759 -0.001873582 0.999838471 115.201927185
0.999103189 -0.041749779 0.007055651 8.567961693 0.041736864 0.999126732 0.001968384 -12.957212448 -0.007131670 -0.001672138 0.999973118 115.868865967
0.999225557 -0.038722761 -0.006980348 8.571892738 0.038712770 0.999249160 -0.001561604 -13.018117905 0.007035576 0.001290165 0.999974310 116.519477844
0.998966396 -0.037475739 -0.025723690 8.572202682 0.037393928 0.999293923 -0.003654167 -13.089559555 0.025842465 0.002688480 0.999662399 117.134925842
0.998203635 -0.035703693 -0.048111573 8.539546967 0.035462920 0.999353826 -0.005848902 -13.159069061 0.048289310 0.004132219 0.998824894 117.723602295
0.996519864 -0.034111686 -0.076055214 8.501190186 0.033588555 0.999402463 -0.008147137 -13.220761299 0.076287687 0.005564200 0.997070312 118.297668457
0.993657768 -0.031872645 -0.107834607 8.426959991 0.030965140 0.999469519 -0.010080121 -13.288269997 0.108098701 0.006677078 0.994117796 118.841072083
0.989336252 -0.027214983 -0.143084034 8.321151733 0.025845200 0.999600649 -0.011423474 -13.354686737 0.143337801 0.007603623 0.989644587 119.385581970
0.983105123 -0.021328801 -0.181794986 8.215717316 0.019733693 0.999749303 -0.010578725 -13.413697243 0.181975082 0.006812511 0.983279526 119.892234802
0.974593639 -0.015896056 -0.223415539 8.077098846 0.014331431 0.999860227 -0.008622982 -13.469705582 0.223521352 0.005202039 0.974685192 120.395652771
0.963352025 -0.011388134 -0.267998636 7.905019760 0.009909773 0.999927342 -0.006868356 -13.526354790 0.268057346 0.003960838 0.963394880 120.884597778
0.949174881 -0.005096423 -0.314708173 7.711563110 0.002997868 0.999970019 -0.007151935 -13.585390091 0.314735174 0.005844983 0.949161589 121.353012085
0.931796730 0.002823927 -0.362969726 7.489528656 -0.006163477 0.999948621 -0.008042891 -13.638234138 0.362928391 0.009731493 0.931766212 121.817283630
0.910743833 0.007623390 -0.412901223 7.236656189 -0.012252019 0.999888241 -0.008563582 -13.694508553 0.412789762 0.012858104 0.910735548 122.258972168
0.885631204 0.011963950 -0.464235097 6.971134186 -0.017282197 0.999824643 -0.007202822 -13.746384621 0.464067459 0.014402048 0.885682762 122.673835754
0.856765926 0.014946985 -0.515488744 6.683429718 -0.021697834 0.999739528 -0.007074592 -13.788572311 0.515248716 0.017246259 0.856867135 123.074813843
0.825111806 0.024793163 -0.564425230 6.362300873 -0.032336514 0.999471307 -0.003368347 -13.840233803 0.564043403 0.021030808 0.825477242 123.443038940
0.791098595 0.037937284 -0.610511124 6.020389557 -0.045210231 0.998971343 0.003493005 -13.883320808 0.610015631 0.024838038 0.791999996 123.793228149
0.755106330 0.046743806 -0.653933883 5.665908813 -0.056385905 0.998389423 0.006256251 -13.922969818 0.653173029 0.032148514 0.756525993 124.109710693
0.715223491 0.050374690 -0.697078049 5.297351837 -0.063080199 0.997981071 0.007397368 -13.969570160 0.696043313 0.038681049 0.716957152 124.409652710
0.672814906 0.052430995 -0.737950683 4.918785095 -0.066093296 0.997756720 0.010630565 -14.014349937 0.736852705 0.041621182 0.674771011 124.691604614
0.629453361 0.055948280 -0.775021493 4.508163452 -0.068893701 0.997494757 0.016054709 -14.051118851 0.773978114 0.043288399 0.631730914 124.957359314
0.584397495 0.064397074 -0.808908343 4.084007263 -0.079994775 0.996562481 0.021543793 -14.078990936 0.807514966 0.052118305 0.587539971 125.188606262
0.538898230 0.073421620 -0.839165092 3.638381958 -0.091417678 0.995407999 0.028384937 -14.104228020 0.837395668 0.061417922 0.543135524 125.398979187
0.491534740 0.078246251 -0.867335677 3.187339783 -0.096736394 0.994697511 0.034913883 -14.128819466 0.865468383 0.066741519 0.496497691 125.606018066
0.444994032 0.079437681 -0.892003357 2.717487335 -0.095497534 0.994587719 0.040932484 -14.153495789 0.890427172 0.066969410 0.450171709 125.781539917
0.398022145 0.081067234 -0.913786888 2.246093750 -0.093060695 0.994517505 0.047694445 -14.173179626 0.912643492 0.066054195 0.403384119 125.950164795
0.351974219 0.083907723 -0.932241261 1.753337860 -0.094597109 0.994063199 0.053756285 -14.194278717 0.931217194 0.069266506 0.357822090 126.100204468
0.307872325 0.087301619 -0.947413921 1.249164581 -0.099701807 0.993259072 0.059126936 -14.215532303 0.946189284 0.076255329 0.314501107 126.222923279
0.266670197 0.088892773 -0.959679663 0.726686478 -0.104675807 0.992518604 0.062847838 -14.228456497 0.958086610 0.083695598 0.273980051 126.323654175
0.227745026 0.085411936 -0.969967484 0.200038910 -0.105058827 0.992485762 0.062727362 -14.243498802 0.968036592 0.087617807 0.235006928 126.417907715
0.192899540 0.080406360 -0.977918446 -0.337484360 -0.099980190 0.993060291 0.061929729 -14.261480331 0.976111412 0.085826255 0.199599952 126.510360718
0.163027927 0.075641833 -0.983717501 -0.888246536 -0.097075135 0.993448615 0.060302164 -14.281198502 0.981834173 0.085663572 0.169302762 126.583190918
0.135550067 0.073766842 -0.988020480 -1.451038361 -0.097558700 0.993371964 0.060781948 -14.300287247 0.985955536 0.088151008 0.141848266 126.666999817
0.113415457 0.072993718 -0.990862727 -2.032687187 -0.098644741 0.993197203 0.061874688 -14.314862251 0.988638520 0.090725839 0.119844377 126.732536316
0.095338881 0.074412435 -0.992659688 -2.639545441 -0.101004124 0.992778659 0.064720511 -14.326669693 0.990307391 0.094092332 0.102166384 126.779525757
0.078941181 0.072735839 -0.994222224 -3.241241455 -0.101797141 0.992709279 0.064542465 -14.350484848 0.991668105 0.096113905 0.085769944 126.835502625
0.065423585 0.071842372 -0.995267987 -3.864321709 -0.101298071 0.992730379 0.065000407 -14.375916481 0.992702663 0.096566163 0.072225481 126.878608704
0.052820001 0.069114029 -0.996209443 -4.507687092 -0.095711432 0.993359685 0.063841619 -14.396343231 0.994006753 0.091976516 0.059084266 126.934684753
0.040666066 0.066544503 -0.996954322 -5.154691696 -0.093389176 0.993665040 0.062515564 -14.413436890 0.994799018 0.090562485 0.046622980 126.978782654
0.029945629 0.066146247 -0.997360408 -5.813546181 -0.092832148 0.993679404 0.063114829 -14.432950974 0.995231509 0.090697110 0.035896845 127.013984680
0.020986721 0.067641206 -0.997488916 -6.484517097 -0.096401140 0.993196845 0.065321900 -14.454617500 0.995121300 0.094788186 0.027364627 127.025230408
0.012606368 0.066868253 -0.997682154 -7.178401947 -0.099267654 0.992916167 0.065294497 -14.476834297 0.994980931 0.098214440 0.019154921 127.044235229
0.006074809 0.066351622 -0.997777820 -7.865202427 -0.101824060 0.992651045 0.065390751 -14.497289658 0.994783878 0.101200558 0.012786357 127.064247131
0.000508635 0.068035074 -0.997682750 -8.560208321 -0.102710411 0.992410064 0.067623153 -14.520321846 0.994711220 0.102438018 0.007492683 127.083358765
-0.002928104 0.070065729 -0.997538090 -9.281800270 -0.104071058 0.992104173 0.069989547 -14.536991119 0.994565547 0.104019798 0.004386831 127.107177734
-0.003934271 0.073622569 -0.997278392 -10.000610352 -0.106421061 0.991591811 0.073622592 -14.557001114 0.994313300 0.106421098 0.003933800 127.123222351
-0.004792435 0.076961130 -0.997022569 -10.733027458 -0.109247781 0.991025984 0.077023380 -14.568999290 0.994002998 0.109291650 0.003658406 127.134216309
-0.006076910 0.082777090 -0.996549547 -11.466085434 -0.114174001 0.989993513 0.082928747 -14.581376076 0.993442178 0.114283994 0.003434890 127.145111084
-0.007300225 0.086563386 -0.996219575 -12.203724861 -0.117142975 0.989312649 0.086821645 -14.593793869 0.993088245 0.117333949 0.002918088 127.162727356
-0.008720312 0.086926512 -0.996176481 -12.950984955 -0.116366051 0.989357829 0.087350145 -14.607336998 0.993168116 0.116682850 0.001487785 127.179405212
-0.009716246 0.083592854 -0.996452630 -13.723097801 -0.114635341 0.989836633 0.084155641 -14.624958038 0.993360102 0.115046367 -0.000034800 127.195777893
-0.011450240 0.080455422 -0.996692419 -14.475409508 -0.118428424 0.989633143 0.081246115 -14.630580902 0.992896438 0.118967019 -0.001803328 127.209236145
-0.012834833 0.082185753 -0.996534348 -15.246129990 -0.123164475 0.988897383 0.083142199 -14.639831543 0.992303312 0.123804741 -0.002569968 127.214233398
-0.014009967 0.084858231 -0.996294558 -16.024019241 -0.120556496 0.988980234 0.085930534 -14.648461342 0.992607594 0.121313669 -0.003625369 127.228637695
-0.016084451 0.085046247 -0.996247172 -16.801259995 -0.119553417 0.989064395 0.086363271 -14.663223267 0.992697477 0.120493859 -0.005740989 127.242431641
-0.016821865 0.084456287 -0.996285260 -17.587388992 -0.122687817 0.988721967 0.085886680 -14.671844482 0.992302775 0.123676829 -0.006270390 127.243972778
-0.017939420 0.083801903 -0.996320963 -18.380655289 -0.126587600 0.988272071 0.085404202 -14.679849625 0.991793215 0.127653986 -0.007120745 127.259429932
-0.019045135 0.087991953 -0.995939136 -19.178335190 -0.128484651 0.987645030 0.089716159 -14.683507919 0.991528630 0.129671574 -0.007504219 127.268325806
-0.019939374 0.093115002 -0.995455682 -19.979690552 -0.127565518 0.987279058 0.094905354 -14.698138237 0.991629720 0.128878176 -0.007807461 127.283622742
-0.018747209 0.095527329 -0.995250285 -20.808917999 -0.128920406 0.986884415 0.097152777 -14.703058243 0.991477728 0.130129382 -0.006185906 127.299743652
-0.016981794 0.094382353 -0.995391190 -21.628421783 -0.128235981 0.987107217 0.095784649 -14.708537102 0.991598308 0.129271552 -0.004659641 127.314826965
-0.015762486 0.094306186 -0.995418489 -22.459461212 -0.128249660 0.987128079 0.095551580 -14.710577011 0.991616726 0.129168198 -0.003464859 127.326599121
-0.015734525 0.093424872 -0.995501935 -23.282697678 -0.126887515 0.987389147 0.094669029 -14.714604378 0.991792321 0.127806291 -0.003681652 127.350509644
-0.015001282 0.095368952 -0.995328963 -24.119186401 -0.127783045 0.987095714 0.096505977 -14.719320297 0.991688609 0.128633887 -0.002621167 127.372474670
-0.014548196 0.097170889 -0.995161414 -24.959289551 -0.129293919 0.986728132 0.098237559 -14.715974808 0.991499662 0.130097523 -0.001791511 127.391868591
-0.014368049 0.099914014 -0.994892359 -25.832641602 -0.132319793 0.986054242 0.100937389 -14.716650009 0.991102934 0.133094177 -0.000947073 127.403823853
-0.012676176 0.101019658 -0.994803667 -26.695978165 -0.134553656 0.985662639 0.101805963 -14.711370468 0.990825176 0.135144994 0.001098133 127.416557312
-0.011125604 0.104088262 -0.994505882 -27.564067841 -0.141353473 0.984416187 0.104613572 -14.709252357 0.989896715 0.141740769 0.003761016 127.435203552
-0.008703248 0.108152561 -0.994096220 -28.444194794 -0.146135673 0.983322978 0.108259909 -14.704280853 0.989226222 0.146215156 0.007246848 127.451293945
-0.006788162 0.109914444 -0.993917823 -29.318025589 -0.148573771 0.982798040 0.109699443 -14.696466446 0.988878012 0.148414761 0.009659012 127.485282898
-0.002713628 0.110719889 -0.993847966 -30.220520020 -0.147653908 0.982913613 0.109904908 -14.694938660 0.989035308 0.147043809 0.013680966 127.506523132
-0.000138555 0.110786319 -0.993844330 -31.111215591 -0.150339022 0.982546389 0.109547891 -14.688637733 0.988634527 0.149428725 0.016519370 127.539337158
0.002234030 0.114549443 -0.993415058 -32.012435913 -0.150896415 0.982080877 0.112903200 -14.678338051 0.988547027 0.149650529 0.019479102 127.573066711
0.004541472 0.116404638 -0.993191481 -32.923137665 -0.149620637 0.982100546 0.114420593 -14.667664528 0.988732994 0.148082271 0.021876719 127.615699768
0.006409288 0.117690958 -0.993029535 -33.816680908 -0.150194556 0.981898129 0.115402289 -14.661937714 0.988635600 0.148407981 0.023969807 127.657669067
0.008929671 0.115746625 -0.993238568 -34.721309662 -0.151491910 0.981969953 0.113071457 -14.652075768 0.988418102 0.149457902 0.026303343 127.690078735
0.009159161 0.117135771 -0.993073702 -35.626029968 -0.156162828 0.981097639 0.114282884 -14.642224312 0.987688839 0.154034466 0.027278287 127.732856750
0.010244922 0.117741108 -0.992991447 -36.519283295 -0.156848595 0.980940282 0.114693940 -14.635134697 0.987569451 0.154574320 0.028517187 127.771865845
0.010730663 0.114351079 -0.993382454 -37.415309906 -0.157470748 0.981236935 0.111251965 -14.630351067 0.987465382 0.155234858 0.028536275 127.807136536
0.011053042 0.110135734 -0.993855119 -38.317420959 -0.158404499 0.981558263 0.107011378 -14.629390717 0.987312376 0.156248361 0.028295206 127.857444763
0.011526529 0.109288119 -0.993943274 -39.214157104 -0.157966599 0.981726348 0.106112905 -14.621615410 0.987377226 0.155786738 0.028579773 127.901596069
0.011371735 0.113253020 -0.993501127 -40.117092133 -0.160610974 0.980871856 0.109974980 -14.612568855 0.986952305 0.158316582 0.029343896 127.941993713
0.012047454 0.119527601 -0.992757738 -41.045097351 -0.161383092 0.980046332 0.116038665 -14.598030090 0.986818314 0.158816352 0.031096790 127.976333618
0.012406695 0.118350297 -0.992894351 -41.940605164 -0.159269944 0.980527580 0.114886053 -14.596639633 0.987157106 0.156712860 0.031014750 128.021530151
0.013234802 0.107945859 -0.994068682 -42.830905914 -0.158519566 0.981809795 0.104504168 -14.599505424 0.987267137 0.156196237 0.030105587 128.067367554
0.013402487 0.097545289 -0.995140851 -43.755409241 -0.160183832 0.982586145 0.094157331 -14.603643417 0.986996233 0.158143565 0.028794277 128.111114502
0.012275374 0.094541267 -0.995445251 -44.657348633 -0.157065749 0.983344555 0.091455147 -14.609883308 0.987511933 0.155227721 0.026920114 128.159942627
0.012062766 0.104333282 -0.994469225 -45.577014923 -0.149685070 0.983523607 0.101369277 -14.609860420 0.988660216 0.147634402 0.027481146 128.211807251
0.012331945 0.117687352 -0.992974102 -46.518684387 -0.144827828 0.982788384 0.114681497 -14.605013847 0.989380002 0.142396078 0.029164096 128.270812988
0.012529184 0.126423329 -0.991897285 -47.440639496 -0.145175219 0.981694460 0.123289138 -14.592790604 0.989326596 0.142454177 0.030653365 128.317855835
0.012530410 0.120573997 -0.992625296 -48.356681824 -0.145552590 0.982349575 0.117488459 -14.586870193 0.989271045 0.143006995 0.029859105 128.359634399
0.012368238 0.107470974 -0.994131207 -49.272655487 -0.145283476 0.983850360 0.104552038 -14.586330414 0.989312768 0.143137753 0.027782250 128.407073975
0.012924346 0.098607495 -0.995042443 -50.187049866 -0.145878375 0.984664440 0.095684260 -14.583894730 0.989218056 0.143918499 0.027110841 128.452331543
0.013542684 0.098373614 -0.995057344 -51.118499756 -0.145026907 0.984818935 0.095387615 -14.586544037 0.989335060 0.143018305 0.027603915 128.496597290
0.012832021 0.100226119 -0.994881868 -52.052822113 -0.147996858 0.984195709 0.097240694 -14.605148315 0.988904536 0.145991623 0.027462367 128.544433594
0.013556235 0.099726453 -0.994922578 -52.981918335 -0.152595729 0.983565331 0.096508868 -14.604343414 0.988195658 0.150512666 0.028551273 128.577804565
0.014133493 0.098897494 -0.994997203 -53.918754578 -0.154267028 0.983397841 0.095553271 -14.602685928 0.987928092 0.152144775 0.029155467 128.620834351
0.014653049 0.106875673 -0.994164526 -54.878349304 -0.163340688 0.981170774 0.103071332 -14.606336594 0.986460924 0.160877213 0.031834293 128.662506104
0.016134363 0.116051227 -0.993112147 -55.817733765 -0.168708026 0.979316711 0.111698270 -14.594678879 0.985534012 0.165743843 0.035379428 128.702865601
0.017611958 0.124548808 -0.992057145 -56.777515411 -0.169250235 0.978263438 0.119812369 -14.586443901 0.985415757 0.165795773 0.038309053 128.743835449
0.018526519 0.125325248 -0.991942644 -57.731517792 -0.171072587 0.977880001 0.120353371 -14.578266144 0.985084295 0.167464495 0.039556429 128.797042847
0.020045249 0.115654722 -0.993087173 -58.672092438 -0.172913134 0.978719950 0.110491298 -14.571392059 0.984733105 0.169503018 0.039616905 128.842620850
0.021246212 0.110663295 -0.993630767 -59.610054016 -0.171429247 0.979539156 0.105428278 -14.563343048 0.984967351 0.168097422 0.039782420 128.900375366
0.023110205 0.109085672 -0.993763685 -60.580768585 -0.169673368 0.980036318 0.103633016 -14.561264038 0.985229373 0.166220233 0.041157767 128.959671021
0.026368966 0.115042083 -0.993010521 -61.539951324 -0.171536148 0.979142725 0.108880386 -14.557617188 0.984824896 0.167466134 0.045552850 129.021209717
0.030034337 0.117303647 -0.992641807 -62.507408142 -0.174450338 0.978463054 0.110349745 -14.557657242 0.984207749 0.169852465 0.049851153 129.075317383
0.033771157 0.112176567 -0.993114114 -63.462905884 -0.173385143 0.979271114 0.104716897 -14.555463791 0.984274924 0.168654859 0.052520871 129.140289307
0.037031852 0.106292553 -0.993645012 -64.418792725 -0.173347697 0.979936123 0.098365612 -14.556835175 0.984164298 0.168603450 0.054714423 129.207519531
0.040668137 0.105990037 -0.993535161 -65.373031616 -0.171126559 0.980404437 0.097584568 -14.553252220 0.984409332 0.166051671 0.058008932 129.281555176
0.042902168 0.110532738 -0.992946208 -66.332313538 -0.168361962 0.980447531 0.101867013 -14.566064835 0.984791160 0.162804037 0.060672846 129.368347168
0.046181381 0.117161542 -0.992038548 -67.288597107 -0.167726561 0.979908645 0.107920952 -14.564347267 0.984751284 0.161407322 0.064904645 129.451553345
0.048563857 0.121089377 -0.991452932 -68.254798889 -0.165532619 0.979873359 0.111566901 -14.566128731 0.985007882 0.158699691 0.067630664 129.540573120
0.050471313 0.122740693 -0.991154552 -69.235549927 -0.165127695 0.979786098 0.112924278 -14.563214302 0.984979928 0.157967657 0.069718987 129.624633789
0.053186357 0.119931459 -0.991356492 -70.184394836 -0.164164752 0.980304420 0.109786935 -14.559903145 0.984998167 0.156906605 0.071827345 129.698226929
0.053825080 0.118645400 -0.991476774 -71.129257202 -0.162151620 0.980775774 0.108562008 -14.562093735 0.985296786 0.154926181 0.072028883 129.788589478
0.054468431 0.115437165 -0.991820216 -72.075256348 -0.159095347 0.981608927 0.105511531 -14.570530891 0.985759556 0.152046949 0.071832202 129.878967285
0.054229207 0.114388049 -0.991954923 -73.067680359 -0.157448888 0.981968880 0.104628906 -14.554370880 0.986037016 0.150508240 0.071261652 129.966049194
0.054129131 0.118920870 -0.991427183 -74.021499634 -0.154184669 0.981970251 0.109368466 -14.552105904 0.986558139 0.146942824 0.071488976 130.052795410
0.053482633 0.120967105 -0.991214693 -74.982215881 -0.148080289 0.982621193 0.111928433 -14.557829857 0.987528145 0.140793130 0.070466004 130.153610229
0.052690919 0.116233900 -0.991823256 -75.940650940 -0.145344406 0.983519375 0.107539281 -14.541802406 0.987977147 0.138489619 0.068716496 130.238891602
0.051162019 0.112449072 -0.992339432 -76.896530151 -0.147420213 0.983605921 0.103858851 -14.541207314 0.987749815 0.140977293 0.066900522 130.320358276
0.049952060 0.109852120 -0.992691934 -77.844688416 -0.143882319 0.984356105 0.101689555 -14.543441772 0.988333166 0.137751222 0.064976387 130.404968262
0.048458416 0.110493705 -0.992694736 -78.808052063 -0.144017622 0.984249890 0.102523513 -14.542687416 0.988387883 0.137997404 0.063608229 130.479309082
0.047746036 0.111400552 -0.992627919 -79.767410278 -0.145322949 0.983962417 0.103437886 -14.540742874 0.988231540 0.139312878 0.063169368 130.558410645
0.046303190 0.111597925 -0.992674172 -80.721527100 -0.146838903 0.983705342 0.103740364 -14.541026115 0.988076031 0.140959680 0.061935615 130.634246826
0.045199756 0.112627387 -0.992608666 -81.670593262 -0.146550462 0.983621657 0.104934312 -14.542325020 0.988170028 0.140724242 0.060965050 130.702575684
0.042716131 0.113113225 -0.992663503 -82.636558533 -0.146620661 0.983522594 0.105762273 -14.543496132 0.988270104 0.141027212 0.058597025 130.780105591
0.041399799 0.115359291 -0.992460668 -83.588966370 -0.146706060 0.983248055 0.108168714 -14.534167290 0.988313437 0.141121820 0.057630185 130.851013184
0.039800450 0.119077332 -0.992086828 -84.542182922 -0.147999927 0.982624531 0.112004139 -14.524583817 0.988186181 0.142370999 0.056732334 130.913513184
0.037694238 0.124136776 -0.991548896 -85.491081238 -0.149269596 0.981821001 0.117244318 -14.513826370 0.988077819 0.143588692 0.055538841 130.980438232
0.035285808 0.123779610 -0.991682172 -86.443382263 -0.149145424 0.981839836 0.117244266 -14.506436348 0.988185465 0.143767759 0.053106166 131.048141479
0.034260511 0.118756644 -0.992332160 -87.388183594 -0.149271116 0.982385695 0.112412669 -14.500413895 0.988202572 0.144275218 0.051383972 131.110595703
0.031749874 0.113799848 -0.992996216 -88.337127686 -0.153253525 0.982303202 0.107674316 -14.484502792 0.987676740 0.148761526 0.048628233 131.173477173
0.030597337 0.111650571 -0.993276358 -89.279846191 -0.151160106 0.982828975 0.105819821 -14.480169296 0.988035679 0.146905959 0.046949066 131.240036011
0.030085273 0.112857722 -0.993155599 -90.245719910 -0.146478146 0.983376265 0.107309259 -14.478850365 0.988756299 0.142247126 0.046116326 131.295135498
0.029735250 0.114195675 -0.993013203 -91.194587708 -0.143545762 0.983642638 0.108819693 -14.475071907 0.989196837 0.139307052 0.045641176 131.356842041
0.028368350 0.113895141 -0.993087590 -92.145652771 -0.138315424 0.984377861 0.108945169 -14.474301338 0.989981771 0.134268731 0.043678634 131.426986694
0.027031118 0.111060321 -0.993445992 -93.087318420 -0.134375185 0.985192835 0.106481411 -14.475675583 0.990561724 0.130616188 0.041554615 131.493362427
0.026446829 0.108011149 -0.993797779 -94.032066345 -0.129199177 0.986176789 0.103744611 -14.478359222 0.991265833 0.125654161 0.040036201 131.556152344
0.024473619 0.111019015 -0.993516922 -95.012229919 -0.127498984 0.986045480 0.107043408 -14.485626221 0.991536736 0.124052666 0.038286921 131.615524292
0.023139626 0.113237061 -0.993298531 -95.960807800 -0.126903459 0.985859990 0.109432749 -14.480554581 0.991645157 0.123520792 0.037182603 131.674057007
0.021886026 0.111012049 -0.993578136 -96.918998718 -0.122724742 0.986598253 0.107528888 -14.474053383 0.992199421 0.119583234 0.035216652 131.725219727
0.020042267 0.108214639 -0.993925512 -97.868537903 -0.119817555 0.987220585 0.105068527 -14.472998619 0.992593706 0.116983928 0.032752153 131.774078369
0.016534340 0.105733886 -0.994256973 -98.836364746 -0.118476331 0.987594545 0.103055127 -14.468895912 0.992819190 0.116091974 0.028856188 131.826583862
0.013878807 0.104731448 -0.994403660 -99.792030334 -0.112888254 0.988305211 0.102513582 -14.475194931 0.993510723 0.110833742 0.025539447 131.877716064
0.011531708 0.104599960 -0.994447529 -100.750328064 -0.106086768 0.989028692 0.102799810 -14.466228485 0.994290054 0.104312271 0.022501867 131.924652100
0.008888167 0.112521827 -0.993609488 -101.712608337 -0.096005067 0.989154577 0.111158542 -14.462362289 0.995341182 0.094403550 0.019594442 131.990402222
0.006157582 0.120754905 -0.992663205 -102.670944214 -0.087963983 0.988899291 0.119751394 -14.456834793 0.996104717 0.086581230 0.016711310 132.048187256
0.003504064 0.120555364 -0.992700338 -103.623954773 -0.083747782 0.989254415 0.119841263 -14.449919701 0.996480882 0.082716517 0.013562655 132.093338013
0.000559451 0.110191397 -0.993910193 -104.574150085 -0.084600046 0.990352511 0.109749325 -14.445944786 0.996414840 0.084023461 0.009876251 132.131912231
-0.001648412 0.100707598 -0.994914651 -105.521080017 -0.086272046 0.991192400 0.100473732 -14.440522194 0.996270239 0.085998960 0.007054356 132.171401978
-0.001770125 0.102049567 -0.994777739 -106.484214783 -0.093609698 0.990394235 0.101766452 -14.438351631 0.995607376 0.093300991 0.007799706 132.188079834
-0.002717354 0.111421622 -0.993769526 -107.445854187 -0.096933387 0.989063919 0.111159101 -14.425479889 0.995287180 0.096631497 0.008112838 132.227615356
-0.004198132 0.122843817 -0.992417216 -108.408950806 -0.100914195 0.987307549 0.122638240 -14.411727905 0.994886339 0.100663818 0.008251839 132.257476807
-0.005731069 0.124592111 -0.992191494 -109.350311279 -0.108058818 0.986320496 0.124479041 -14.400114059 0.994127989 0.107928440 0.007810605 132.290481567
-0.005328913 0.121622734 -0.992562115 -110.337966919 -0.115119986 0.985902309 0.121424735 -14.379441261 0.993337274 0.114910811 0.008747418 132.307327271
-0.005563813 0.117595360 -0.993046045 -111.291900635 -0.123160861 0.985420048 0.117382362 -14.363800049 0.992371142 0.122957490 0.009000453 132.332580566
-0.003026424 0.119453847 -0.992835283 -112.257720947 -0.127788097 0.984653592 0.118859023 -14.341389656 0.991796851 0.127232239 0.012284800 132.354568481
-0.001805669 0.120808713 -0.992674291 -113.241279602 -0.135638341 0.983472288 0.119935580 -14.321851730 0.990756750 0.134861276 0.014610472 132.383193970
-0.001265591 0.123507962 -0.992342830 -114.205146790 -0.144853562 0.981854796 0.122387357 -14.302595139 0.989452302 0.143899277 0.016647944 132.405136108
-0.001210243 0.125448391 -0.992099464 -115.180091858 -0.150143832 0.980831027 0.124206677 -14.277549744 0.988663316 0.149107933 0.017648259 132.434631348
-0.001164411 0.125170514 -0.992134571 -116.152297974 -0.154321283 0.980227649 0.123849414 -14.266892433 0.988019943 0.153251708 0.018175088 132.480056763
0.000436850 0.115675561 -0.993286967 -117.107337952 -0.153271869 0.981558144 0.114242256 -14.266591072 0.988183916 0.152193040 0.018158605 132.513061523
0.001516071 0.103897065 -0.994586885 -118.056007385 -0.156205431 0.982403636 0.102386266 -14.255239487 0.987723410 0.155204624 0.017718678 132.556350708
