1.000000000 0.000000000 0.000000000 0.000000000 0.000000000 1.000000000 0.000000000 0.000000000 0.000000000 0.000000000 1.000000000 0.000000000
0.999997795 -0.001587015 -0.001372150 0.050075378 0.001584052 0.999996424 -0.002157303 -0.132465601 0.001375569 0.002155125 0.999996722 1.297667027
0.999997854 0.000062096 -0.002065070 0.104030222 -0.000075331 0.999979436 -0.006409414 -0.266262978 0.002064630 0.006409556 0.999977350 2.605123758
0.999996185 0.002429719 -0.001254720 0.147110298 -0.002439637 0.999965429 -0.007964700 -0.404830843 0.001235324 0.007967732 0.999967515 3.909214258
0.999983668 0.005700102 0.000282119 0.192767993 -0.005698072 0.999961019 -0.006740416 -0.542746127 -0.000320529 0.006738700 0.999977231 5.221712589
0.999975145 0.006566333 0.002563031 0.240159780 -0.006557977 0.999973178 -0.003255040 -0.690515339 -0.002584336 0.003238151 0.999991417 6.539982319
0.999960363 0.006709340 0.005842373 0.297042578 -0.006697583 0.999975502 -0.002029505 -0.827200353 -0.005855846 0.001990295 0.999980867 7.843552113
0.999941230 0.005528922 0.009326241 0.354649991 -0.005511436 0.999983013 -0.001899599 -0.961801410 -0.009336586 0.001848086 0.999954641 9.155476570
0.999912858 0.004127685 0.012543292 0.433666229 -0.004105794 0.999989986 -0.001770432 -1.098744631 -0.012550475 0.001718777 0.999919772 10.455433846
0.999866247 0.002829435 0.016107222 0.495978653 -0.002787329 0.999992609 -0.002635938 -1.233157158 -0.016114566 0.002590690 0.999866784 11.766401291
0.999808192 0.001797606 0.019498028 0.573260427 -0.001730283 0.999992430 -0.003469144 -1.368716955 -0.019504117 0.003434742 0.999803901 13.059439659
0.999736249 0.001557129 0.022912268 0.639427722 -0.001478095 0.999992907 -0.003465918 -1.515727401 -0.022917502 0.003431137 0.999731481 14.388653755
0.999650300 0.001479761 0.026404088 0.723475337 -0.001361193 0.999989033 -0.004507914 -1.653993487 -0.026410464 0.004470396 0.999641299 15.685876846
0.999563515 0.002456429 0.029440487 0.811763763 -0.002329535 0.999987781 -0.004343703 -1.795141101 -0.029450800 0.004273224 0.999557078 16.984930038
0.999462843 0.002082966 0.032704465 0.901487112 -0.001956099 0.999990404 -0.003910695 -1.934660792 -0.032712303 0.003844622 0.999457419 18.271236420
0.999399364 0.000493150 0.034651361 1.004408598 -0.000364394 0.999993026 -0.003721961 -2.075646877 -0.034652960 0.003707099 0.999392509 19.565666199
0.999340296 -0.001983517 0.036264837 1.102577925 0.002163055 0.999985576 -0.004912173 -2.217312336 -0.036254574 0.004987375 0.999330103 20.840454102
0.999302089 -0.001731368 0.037313651 1.203927279 0.001983678 0.999975383 -0.006725885 -2.359131336 -0.037301097 0.006795209 0.999280989 22.144687653
0.999260902 -0.001698450 0.038401470 1.291463733 0.002061183 0.999953628 -0.009408176 -2.501777649 -0.038383707 0.009480376 0.999218166 23.426958084
0.999214709 -0.001090747 0.039607607 1.390256882 0.001523263 0.999939442 -0.010891478 -2.644890308 -0.039593332 0.010943256 0.999155939 24.714588165
0.999169230 -0.000488038 0.040752754 1.489873171 0.000955776 0.999933839 -0.011458762 -2.791893482 -0.040744465 0.011488191 0.999103606 25.984880447
0.999150574 -0.002041270 0.041157633 1.587907910 0.002475352 0.999941766 -0.010498607 -2.937528610 -0.041133814 0.010591570 0.999097466 27.274856567
0.999142110 -0.005018374 0.041109614 1.691311359 0.005402225 0.999942780 -0.009231496 -3.085602999 -0.041060932 0.009445657 0.999112010 28.552583694
0.999170601 -0.006514279 0.040195096 1.786718130 0.006916165 0.999927521 -0.009867488 -3.230029821 -0.040127888 0.010137301 0.999143124 29.844699860
0.999181569 -0.008032899 0.039644938 1.888263345 0.008534015 0.999885559 -0.012487061 -3.375489712 -0.039540093 0.012815172 0.999135792 31.111164093
0.999211192 -0.008147391 0.038865626 1.993471503 0.008634939 0.999885917 -0.012393168 -3.527347088 -0.038760215 0.012718997 0.999167562 32.392169952
0.999225557 -0.008774450 0.038357332 2.091012478 0.009270133 0.999875546 -0.012764055 -3.670485258 -0.038240552 0.013109747 0.999182582 33.656459808
0.999243736 -0.009434226 0.037722684 2.187606096 0.009921441 0.999869525 -0.012749392 -3.815299273 -0.037597481 0.013114013 0.999206901 34.923965454
0.999254584 -0.009845084 0.037330158 2.278376341 0.010351421 0.999856770 -0.013394814 -3.958247423 -0.037192937 0.013771249 0.999213159 36.181758881
0.999298513 -0.010593353 0.035918571 2.397354841 0.011084247 0.999847412 -0.013495404 -4.115475655 -0.035770133 0.013884068 0.999263585 37.468605042
0.999295592 -0.010230307 0.036108665 2.492189884 0.010655852 0.999875724 -0.011612394 -4.262468338 -0.035985377 0.011988983 0.999280334 38.725826263
0.999255061 -0.010045975 0.037259307 2.584290981 0.010451849 0.999887884 -0.010714510 -4.399859428 -0.037147492 0.011095957 0.999248207 39.995037079
0.999178946 -0.011809940 0.038753346 2.697105646 0.012167763 0.999885321 -0.009010537 -4.542496681 -0.038642488 0.009474679 0.999208272 41.244747162
0.999059379 -0.012902061 0.041397396 2.785295486 0.013341563 0.999857306 -0.010357986 -4.686758041 -0.041257843 0.010900551 0.999089003 42.507072449
0.998943508 -0.014138690 0.043726716 2.885109901 0.014734634 0.999802530 -0.013336637 -4.837235451 -0.043529518 0.013966845 0.998954535 43.754245758
0.998837054 -0.015237965 0.045742594 2.990910530 0.015912045 0.999769568 -0.014408597 -4.986208916 -0.045512501 0.015119701 0.998849273 45.017234802
0.998714209 -0.015585213 0.048238657 3.115023375 0.016237266 0.999781609 -0.013155065 -5.120688438 -0.048023101 0.013921415 0.998749137 46.249767303
0.998498142 -0.016689403 0.052181505 3.218526840 0.017215228 0.999805272 -0.009643661 -5.278552532 -0.052010406 0.010527493 0.998591065 47.517208099
0.998222411 -0.019863168 0.056190684 3.331710339 0.020331442 0.999763072 -0.007774265 -5.416124821 -0.056022950 0.008902882 0.998389840 48.750999451
0.997986138 -0.021795474 0.059570778 3.466727734 0.022328291 0.999716222 -0.008293175 -5.554060936 -0.059373125 0.009606587 0.998189628 49.999824524
0.997717798 -0.024930641 0.062750146 3.610638380 0.025733124 0.999596655 -0.012012908 -5.689526558 -0.062425349 0.013600251 0.997956932 51.230731964
0.997413039 -0.026419904 0.066854022 3.742417336 0.027287837 0.999554276 -0.012102564 -5.826883316 -0.066504471 0.013895554 0.997689366 52.461208344
0.997070789 -0.028858023 0.070831507 3.876267195 0.029605173 0.999516189 -0.009520891 -5.967247009 -0.070522480 0.011589980 0.997442901 53.681903839
0.996771336 -0.031561892 0.073829085 4.027857304 0.032107186 0.999465108 -0.006210448 -6.103156090 -0.073593579 0.008560841 0.997251570 54.891033173
0.996559024 -0.034080774 0.075555921 4.184252739 0.034507290 0.999394953 -0.004346390 -6.235770702 -0.075362071 0.006938665 0.997132123 56.106353760
0.996322274 -0.036976218 0.077295080 4.327201366 0.037206780 0.999306381 -0.001544402 -6.357843399 -0.077184372 0.004414624 0.997007072 57.322036743
0.996148705 -0.040100645 0.077971227 4.473741055 0.040213294 0.999191165 0.000125410 -6.489119053 -0.077913202 0.003010554 0.996955633 58.521461487
0.996102750 -0.042125825 0.077489875 4.622495174 0.042491011 0.999092162 -0.003069089 -6.612820625 -0.077290222 0.006349750 0.996988416 59.731449127
0.996126890 -0.043392207 0.076474532 4.776065350 0.044080690 0.999001086 -0.007336964 -6.741991997 -0.076079771 0.010679598 0.997044504 60.920330048
0.996119261 -0.044576306 0.075889774 4.901315689 0.045570310 0.998895824 -0.011416171 -6.870215893 -0.075297080 0.014830185 0.997050881 62.124824524
0.996178150 -0.046014305 0.074241042 5.048325539 0.047168013 0.998790681 -0.013861296 -7.003555775 -0.073513441 0.017310124 0.997143924 63.316036224
0.996279240 -0.046581879 0.072510764 5.179369450 0.047743004 0.998756528 -0.014362250 -7.133567333 -0.071751565 0.017770695 0.997264206 64.512382507
0.996506691 -0.045902845 0.069766998 5.313398361 0.046964493 0.998803318 -0.013652903 -7.270072937 -0.069056794 0.016881781 0.997469842 65.687301636
0.996761560 -0.044669613 0.066867173 5.432366371 0.045537945 0.998896182 -0.011517674 -7.414439201 -0.066278882 0.014525369 0.997695386 66.885223389
0.997151971 -0.040898755 0.063365228 5.552557945 0.041491352 0.999106288 -0.008064046 -7.543096542 -0.062978789 0.010670188 0.997957826 68.060791016
0.997374177 -0.039182961 0.060904883 5.662201881 0.039619088 0.999197006 -0.005969233 -7.665800095 -0.060622074 0.008366553 0.998125672 69.224021912
0.997649908 -0.037920408 0.057066143 5.787733078 0.038463783 0.999224246 -0.008453300 -7.818556309 -0.056701317 0.010628414 0.998334587 70.436416626
0.997837722 -0.038273733 0.053433239 5.899328709 0.039126780 0.999121487 -0.015010610 -7.949030876 -0.052811794 0.017068826 0.998458564 71.593742371
0.997898042 -0.041700825 0.049603492 6.009368896 0.042645629 0.998925567 -0.018143380 -8.084821701 -0.048793599 0.020220615 0.998604119 72.772186279
0.997924089 -0.045344424 0.045732353 6.126513481 0.046016492 0.998845994 -0.013750946 -8.221010208 -0.045056045 0.015826840 0.998859107 73.963165283
0.997935891 -0.049084373 0.041410334 6.233719826 0.049487997 0.998736084 -0.008777937 -8.348322868 -0.040927142 0.010809131 0.999103665 75.119895935
0.997979641 -0.051800679 0.036785949 6.332787514 0.052053072 0.998626590 -0.005936274 -8.478864670 -0.036427923 0.007839102 0.999305546 76.304397583
0.998167038 -0.051056486 0.032493614 6.425745964 0.051195588 0.998682678 -0.003462998 -8.604158401 -0.032274008 0.005120181 0.999465883 77.464179993
0.998316705 -0.050540473 0.028451744 6.526320457 0.050673205 0.998707414 -0.003963328 -8.714452744 -0.028214667 0.005398397 0.999587297 78.624504089
0.998447001 -0.049569823 0.025424313 6.601206779 0.049716864 0.998749912 -0.005183934 -8.853374481 -0.025135562 0.006439901 0.999663293 79.802009583
0.998635769 -0.047293305 0.022134461 6.678218842 0.047527697 0.998817921 -0.010185676 -8.981550217 -0.021626581 0.011223780 0.999703109 80.946403503
0.998553514 -0.050584778 0.018224612 6.766703606 0.050859436 0.998594105 -0.014936009 -9.121180534 -0.017443456 0.015841296 0.999722302 82.107810974
0.998426557 -0.053773791 0.015901973 6.825309277 0.054030366 0.998408318 -0.016170762 -9.250085831 -0.015007095 0.017004509 0.999742806 83.245323181
0.998473465 -0.053935770 0.011900682 6.892775536 0.054085102 0.998456776 -0.012604921 -9.379005432 -0.011202461 0.013229330 0.999849677 84.398262024
0.998468697 -0.054496851 0.009502755 6.952701092 0.054590631 0.998459637 -0.009905525 -9.507677078 -0.008948296 0.010409119 0.999905765 85.531173706
0.998611152 -0.051976498 0.008612473 7.008353233 0.052078053 0.998570681 -0.012019087 -9.633268356 -0.007975452 0.012450915 0.999890685 86.670959473
0.998812675 -0.048105702 0.007682996 7.065537930 0.048217002 0.998723984 -0.015027054 -9.764455795 -0.006950305 0.015379663 0.999857485 87.798728943
0.998869538 -0.047108043 0.006366611 7.121084690 0.047213275 0.998730958 -0.017534785 -9.895586967 -0.005532502 0.017815551 0.999825895 88.916526794
0.998833835 -0.047948636 0.005639535 7.178318024 0.048042201 0.998686254 -0.017826941 -10.031145096 -0.004777349 0.018077089 0.999825060 90.029670715
0.998790741 -0.048934087 0.004741264 7.221969128 0.049003359 0.998673558 -0.015800258 -10.162330627 -0.003961803 0.016013492 0.999863923 91.148139954
0.998703718 -0.050783161 0.003458619 7.283476353 0.050824076 0.998623013 -0.012999524 -10.288673401 -0.002793700 0.013158451 0.999909520 92.257507324
0.998730898 -0.050238848 0.003544298 7.334481716 0.050279811 0.998655498 -0.012611717 -10.413919449 -0.002905935 0.012773922 0.999914169 93.394523621
0.998697042 -0.050927866 0.003248016 7.381623268 0.050970513 0.998590767 -0.014782639 -10.545686722 -0.002490590 0.014928930 0.999885380 94.528472900
0.998692453 -0.051049490 0.002704665 7.439760685 0.051090725 0.998524666 -0.018393934 -10.674229622 -0.001761673 0.018508067 0.999827147 95.628128052
0.998650789 -0.051880874 0.002221234 7.497347355 0.051914256 0.998463273 -0.019391760 -10.807293892 -0.001211759 0.019480910 0.999809444 96.732589722
0.998648524 -0.051883992 0.003005734 7.541187286 0.051929880 0.998488307 -0.018012118 -10.942338943 -0.002066649 0.018143870 0.999833167 97.809745789
0.998666108 -0.051511250 0.003551411 7.593068600 0.051551726 0.998592734 -0.012445607 -11.063682556 -0.002905324 0.012612090 0.999916196 98.899185181
0.998756766 -0.049645945 0.004492271 7.650705814 0.049686231 0.998721063 -0.009349434 -11.186328888 -0.004022364 0.009561013 0.999946177 99.976165771
0.998821497 -0.048100572 0.006476025 7.706874847 0.048161127 0.998793960 -0.009542882 -11.299706459 -0.006009197 0.009843527 0.999933422 101.029113770
0.998902500 -0.046124481 0.008143584 7.763540745 0.046212457 0.998871446 -0.010967071 -11.426989555 -0.007628542 0.011331371 0.999906719 102.073150635
0.998871684 -0.046314340 0.010508954 7.821293831 0.046453856 0.998829961 -0.013444787 -11.544110298 -0.009873971 0.013917798 0.999854445 103.087532043
0.998777628 -0.047970884 0.011922110 7.886404037 0.048137732 0.998740911 -0.014126416 -11.660912514 -0.011229441 0.014683052 0.999829173 104.102569580
0.998685539 -0.049239062 0.014244279 7.946010113 0.049428396 0.998689651 -0.013258633 -11.790143013 -0.013572774 0.013945273 0.999810576 105.098472595
0.998667717 -0.049108099 0.015847435 8.010251999 0.049295198 0.998716354 -0.011639209 -11.905178070 -0.015255515 0.012404905 0.999806702 106.056236267
0.998589098 -0.050267473 0.017113447 8.073462486 0.050449237 0.998672843 -0.010360171 -12.013564110 -0.016569953 0.011208913 0.999800026 107.015625000
0.998512924 -0.051058557 0.019106444 8.131882668 0.051270828 0.998626590 -0.010789568 -12.120205879 -0.018529303 0.011753127 0.999759257 107.932907104
0.998498917 -0.050643187 0.020862127 8.192768097 0.050837595 0.998667300 -0.008895485 -12.221099854 -0.020383827 0.009942712 0.999742806 108.838783264
0.998501599 -0.049755853 0.022781432 8.251758575 0.049919225 0.998731017 -0.006659066 -12.320117950 -0.022421198 0.007786320 0.999718308 109.710403442
0.998467743 -0.049930368 0.023852874 8.316688538 0.050028265 0.998741508 -0.003524833 -12.422901154 -0.023646861 0.004712750 0.999709249 110.567520142
0.998425782 -0.049955659 0.025500162 8.378143311 0.050057672 0.998740613 -0.003377595 -12.514389038 -0.025299316 0.004648757 0.999669075 111.394584656
0.998429298 -0.049266756 0.026676934 8.430383682 0.049353007 0.998778164 -0.002584171 -12.605362892 -0.026517017 0.003896699 0.999640763 112.207550049
0.998525441 -0.046940308 0.027267624 8.484066963 0.047023233 0.998890877 -0.002407499 -12.684125900 -0.027124373 0.003686161 0.999625206 112.987121582
0.998663545 -0.044230416 0.026736822 8.528586388 0.044231195 0.999021053 0.000562683 -12.761284828 -0.026735539 0.000620671 0.999642313 113.744819641
0.998748779 -0.044255063 0.023288025 8.582342148 0.044226833 0.999019980 0.001726287 -12.844388962 -0.023341604 -0.000694171 0.999727309 114.494338989
0.998874962 -0.044356816 0.016767770 8.619450569 0.044332001 0.999015152 0.001848988 -12.918561935 -0.016833274 -0.001103560 0.999857664 115.192283630
0.999076605 -0.042468209 0.006511694 8.645172119 0.042465772 0.999097824 0.000512617 -12.992132187 -0.006527591 -0.000235620 0.999978721 115.865859985
0.999186695 -0.039630897 -0.007434972 8.649021149 0.039615206 0.999212384 -0.002245836 -13.061383247 0.007518120 0.001949471 0.999969840 116.506752014
0.998907030 -0.038514853 -0.026484013 8.654377937 0.038407940 0.999251842 -0.004533915 -13.132948875 0.026638826 0.003511763 0.999638975 117.120109558
0.998122215 -0.036794793 -0.048972577 8.622271538 0.036497865 0.999309599 -0.006943903 -13.201286316 0.049194265 0.005143469 0.998776019 117.708198547
0.996424437 -0.035407942 -0.076711178 8.580786705 0.034829084 0.999353826 -0.008871110 -13.266844749 0.076975733 0.006167611 0.997013927 118.282508850
0.993519843 -0.033305544 -0.108669817 8.509001732 0.032351557 0.999420941 -0.010530483 -13.337383270 0.108957633 0.006946606 0.994022131 118.822105408
0.989130914 -0.028760150 -0.144197479 8.404960632 0.027288683 0.999553502 -0.012172380 -13.400845528 0.144483209 0.008105118 0.989474118 119.368698120
0.982953608 -0.022635130 -0.182455048 8.287073135 0.020875456 0.999715269 -0.011559453 -13.458763123 0.182664722 0.007553573 0.983146369 119.877441406
0.974449098 -0.017308649 -0.223940313 8.145700455 0.015568648 0.999833345 -0.009533374 -13.515951157 0.224068001 0.005803338 0.974556208 120.380859375
0.963150799 -0.012609029 -0.268666238 7.973907471 0.010869793 0.999909163 -0.007960190 -13.573476791 0.268742204 0.004746517 0.963200450 120.876609802
0.948925018 -0.006468527 -0.315435231 7.780189514 0.003986917 0.999955773 -0.008511920 -13.629746437 0.315476358 0.006819559 0.948908865 121.351577759
0.931499124 0.001323965 -0.363740981 7.553009033 -0.005011348 0.999945104 -0.009193841 -13.687658310 0.363708854 0.010386888 0.931454718 121.824409485
0.910487235 0.005758613 -0.413497061 7.300376892 -0.010943285 0.999888301 -0.010171170 -13.736038208 0.413392335 0.013785736 0.910448611 122.253814697
0.885326862 0.009993277 -0.464861661 7.035484314 -0.015944820 0.999833465 -0.008873099 -13.789723396 0.464695573 0.015267731 0.885338783 122.668891907
0.856488526 0.013256105 -0.515995800 6.746879578 -0.020921476 0.999740183 -0.009043372 -13.827836037 0.515741944 0.018540941 0.856543362 123.068801880
0.824979544 0.022968402 -0.564695597 6.421962738 -0.031442318 0.999491572 -0.005281685 -13.883773804 0.564287186 0.022112625 0.825282335 123.435989380
0.790871322 0.036080860 -0.610917926 6.078094482 -0.044501055 0.999008358 0.001392125 -13.925706863 0.610362351 0.026085505 0.791692734 123.789901733
0.754948437 0.044855125 -0.654248297 5.723007202 -0.055627041 0.998442531 0.004264007 -13.968150139 0.653420568 0.033174790 0.756267846 124.105224609
0.715121090 0.048525181 -0.697314262 5.352325439 -0.062766686 0.998015225 0.005081069 -14.011617661 0.696176827 0.040134531 0.716747582 124.406127930
0.672724783 0.050288580 -0.738181710 4.975414276 -0.065514110 0.997817278 0.008271473 -14.058512688 0.736986637 0.042796899 0.674551129 124.688316345
0.629068315 0.053933159 -0.775476694 4.566623688 -0.068802074 0.997538090 0.013564779 -14.096099854 0.774299145 0.044821236 0.631230354 124.953636169
0.583957493 0.062616184 -0.809365749 4.143798828 -0.079948314 0.996609807 0.019419506 -14.128030777 0.807837903 0.053367261 0.586983860 125.183959961
0.538429499 0.071492635 -0.839632332 3.698966980 -0.091478623 0.995464981 0.026099065 -14.152837753 0.837690413 0.062755898 0.542527854 125.394523621
0.491309375 0.076309174 -0.867635846 3.248729706 -0.096964411 0.994754374 0.032582067 -14.177421570 0.865570903 0.068121932 0.496131420 125.596847534
0.444469899 0.077385321 -0.892444968 2.781185150 -0.096700288 0.994584739 0.038081776 -14.198628426 0.890559137 0.069373481 0.449546158 125.775314331
0.397544473 0.078979149 -0.914177656 2.308116913 -0.094459400 0.994518220 0.044842910 -14.218765259 0.912707984 0.068525620 0.402825534 125.942764282
0.351496965 0.081815638 -0.932607114 1.817115784 -0.095915742 0.994079053 0.051058058 -14.242083549 0.931262612 0.071504958 0.357263237 126.092124939
0.307709157 0.084951170 -0.947680593 1.312149048 -0.101346627 0.993266404 0.056130596 -14.261733055 0.946067631 0.078772321 0.314246655 126.208847046
0.266426414 0.086927958 -0.959927320 0.788948059 -0.106357321 0.992494345 0.060357813 -14.280046463 0.957969248 0.086014397 0.273672193 126.311927795
0.227329403 0.083488338 -0.970232487 0.264369965 -0.106817581 0.992443979 0.060371846 -14.296377182 0.967941761 0.089913592 0.234529749 126.407852173
0.192677841 0.078536049 -0.978114188 -0.276580811 -0.101700783 0.993022084 0.059699114 -14.315657616 0.975977480 0.087972276 0.199320540 126.497589111
0.162169248 0.073401190 -0.984029174 -0.830293655 -0.099116772 0.993397593 0.057765458 -14.332906723 0.981772304 0.088165998 0.168373823 126.576484680
0.135236785 0.071622342 -0.988221228 -1.388525009 -0.099623330 0.993312418 0.058357991 -14.354378700 0.985792160 0.090557747 0.141467631 126.656440735
0.113076530 0.070841342 -0.991057634 -1.969916344 -0.100754030 0.993130922 0.059493836 -14.370626450 0.988464653 0.093125708 0.119437367 126.722213745
0.094967127 0.072228059 -0.992856681 -2.578099251 -0.103257932 0.992699027 0.062339947 -14.384304047 0.990110636 0.096600093 0.101731896 126.768547058
0.078802392 0.070604138 -0.994386911 -3.183588982 -0.104161255 0.992612004 0.062223636 -14.408668518 0.991433620 0.098673217 0.085574418 126.819679260
0.065153658 0.069619320 -0.995443583 -3.803808212 -0.103707395 0.992633641 0.062634945 -14.435359955 0.992471516 0.099153973 0.071893744 126.865180969
0.052449558 0.066887371 -0.996380925 -4.448181152 -0.097762868 0.993305564 0.061534666 -14.457064629 0.993826628 0.094181590 0.058637530 126.924423218
0.040262569 0.064280324 -0.997119308 -5.095516682 -0.095453300 0.993611932 0.060199916 -14.475440979 0.994619310 0.092754520 0.046141133 126.968185425
0.029502127 0.063958921 -0.997516274 -5.754628181 -0.094881110 0.993623912 0.060903177 -14.496575356 0.995051324 0.092848696 0.035382506 127.002166748
0.020663567 0.065411925 -0.997644365 -6.426163673 -0.098454714 0.993140459 0.063077390 -14.519119263 0.994926929 0.096919388 0.026961934 127.012512207
0.011971846 0.064809397 -0.997825861 -7.123436928 -0.101320967 0.992839873 0.063269928 -14.543401718 0.994781733 0.100343227 0.018452678 127.033943176
0.005479916 0.064335778 -0.997913301 -7.810478687 -0.104092091 0.992543697 0.063417993 -14.565358162 0.994552553 0.103527345 0.012135901 127.052841187
0.000131653 0.065808341 -0.997832239 -8.505950928 -0.104753055 0.992343307 0.065432511 -14.587992668 0.994498312 0.104517356 0.007024267 127.069129944
-0.003299339 0.067511253 -0.997713029 -9.227954865 -0.106215894 0.992050707 0.067479350 -14.602548599 0.994337618 0.106195621 0.003897655 127.091438293
-0.004209860 0.071043402 -0.997464299 -9.947809219 -0.108660556 0.991534412 0.071079671 -14.623686790 0.994070053 0.108684272 0.003545394 127.105331421
-0.005140426 0.074618831 -0.997198761 -10.679219246 -0.111251958 0.990978777 0.074726872 -14.639594078 0.993778944 0.111324452 0.003207437 127.114906311
-0.006861012 0.080443390 -0.996735573 -11.408523560 -0.116004162 0.989965260 0.080695480 -14.654086113 0.993225038 0.116179124 0.002539604 127.134193420
-0.008128846 0.083987698 -0.996433616 -12.146270752 -0.118858367 0.989321172 0.084357843 -14.666819572 0.992877960 0.119120210 0.001940601 127.152015686
-0.009777713 0.084669665 -0.996361136 -12.891341209 -0.118232168 0.989321232 0.085231699 -14.684316635 0.992937863 0.118635297 0.000337380 127.170288086
-0.010590282 0.081333309 -0.996630609 -13.661890030 -0.116537958 0.989794195 0.082013756 -14.701894760 0.993129790 0.117013864 -0.001003781 127.184631348
-0.012435888 0.078156151 -0.996863484 -14.412353516 -0.120272346 0.989585757 0.079085961 -14.709739685 0.992663026 0.120878637 -0.002906353 127.199424744
-0.013487677 0.079906046 -0.996711135 -15.186532974 -0.125081703 0.988837183 0.080967411 -14.719594955 0.992054820 0.125762388 -0.003342334 127.199012756
-0.014887000 0.082794182 -0.996455491 -15.962000847 -0.122517429 0.988905430 0.083997250 -14.733270645 0.992354631 0.123333618 -0.004578106 127.215019226
-0.017249459 0.082851544 -0.996412635 -16.736047745 -0.121241547 0.989033699 0.084336869 -14.748870850 0.992473125 0.122261368 -0.007015246 127.233032227
-0.017972417 0.082398772 -0.996437371 -17.525758743 -0.124515943 0.988655448 0.084001102 -14.760469437 0.992054880 0.125582039 -0.007508568 127.231666565
-0.018778421 0.081931524 -0.996461034 -18.321804047 -0.128793627 0.988135040 0.083674073 -14.773093224 0.991493583 0.129909098 -0.008003358 127.242019653
-0.019986222 0.085983686 -0.996096075 -19.119220734 -0.130664870 0.987525403 0.087865598 -14.777555466 0.991225064 0.131910905 -0.008501850 127.250915527
-0.020747617 0.090889141 -0.995644867 -19.922760010 -0.129908904 0.987171412 0.092822731 -14.791513443 0.991308749 0.131268948 -0.008674146 127.266746521
-0.019767417 0.093448132 -0.995428026 -20.746755600 -0.130785286 0.986825705 0.095237739 -14.800578117 0.991213560 0.132069960 -0.007285356 127.280609131
-0.017993487 0.092300437 -0.995568573 -21.565349579 -0.130286887 0.987023294 0.093862958 -14.807631493 0.991313040 0.131398439 -0.005734454 127.293060303
-0.016899826 0.092308104 -0.995587051 -22.397104263 -0.130256519 0.987040222 0.093726754 -14.811586380 0.991336346 0.131265625 -0.004657080 127.306411743
-0.016753504 0.091339789 -0.995678842 -23.225191116 -0.128661111 0.987342656 0.092739947 -14.817303658 0.991547108 0.129658848 -0.004789573 127.328178406
-0.015789369 0.093320340 -0.995510995 -24.062330246 -0.129599005 0.987045228 0.094582275 -14.823443413 0.991440773 0.130510613 -0.003490598 127.346572876
-0.015112336 0.095510103 -0.995313704 -24.899347305 -0.131197244 0.986631870 0.096669018 -14.824665070 0.991241157 0.132043302 -0.002379647 127.361793518
-0.015377664 0.097874105 -0.995079994 -25.772417068 -0.134341404 0.985971868 0.099054329 -14.825324059 0.990815699 0.135203645 -0.002013400 127.380073547
-0.013769940 0.098941892 -0.994997978 -26.635467529 -0.136485040 0.985592604 0.099895470 -14.821970940 0.990546465 0.137177885 -0.000067465 127.393051147
-0.012198845 0.102166653 -0.994692445 -27.504283905 -0.143220708 0.984331250 0.102858856 -14.822345734 0.989615560 0.143715322 0.002624675 127.410430908
-0.009568420 0.105758265 -0.994345844 -28.382583618 -0.147938386 0.983298898 0.106006905 -14.815457344 0.988950312 0.148116246 0.006237090 127.424186707
-0.007512660 0.107600048 -0.994165838 -29.257410049 -0.150447562 0.982755721 0.107502006 -14.810266495 0.988589406 0.150377467 0.008805054 127.455802917
-0.003494437 0.108620606 -0.994077027 -30.156835556 -0.149575815 0.982843101 0.107918873 -14.812353134 0.988744080 0.149066985 0.012812532 127.476615906
-0.000853742 0.108512893 -0.994094670 -31.049663544 -0.152166992 0.982504487 0.107378423 -14.805523872 0.988354445 0.151360035 0.015673274 127.505798340
0.001444410 0.112378582 -0.993664443 -31.949792862 -0.152719751 0.982034087 0.110841244 -14.797966003 0.988268435 0.151592091 0.018580887 127.539642334
0.003849785 0.114075527 -0.993464649 -32.861236572 -0.151437327 0.982080400 0.112181485 -14.790173531 0.988459289 0.150015771 0.021056091 127.584335327
0.005669562 0.115303554 -0.993314147 -33.754642487 -0.152041346 0.981880784 0.113108560 -14.786408424 0.988357782 0.150383502 0.023097740 127.625984192
0.008239903 0.113446280 -0.993509948 -34.658046722 -0.153331459 0.981937408 0.110853136 -14.778605461 0.988140404 0.151422903 0.025485950 127.657699585
0.008608446 0.114844322 -0.993346214 -35.567974091 -0.157980949 0.981063545 0.112055212 -14.769870758 0.987404644 0.155965149 0.026588649 127.700477600
0.009607010 0.115468346 -0.993264735 -36.461185455 -0.158851475 0.980873108 0.112491347 -14.764661789 0.987255752 0.156700864 0.027765572 127.739509583
0.009947778 0.111955665 -0.993663430 -37.358406067 -0.158952460 0.981254637 0.108966231 -14.762980461 0.987236083 0.156861290 0.027556926 127.775985718
0.010797478 0.107903518 -0.994102716 -38.264827728 -0.160341203 0.981483221 0.104792215 -14.764869690 0.987002611 0.158264071 0.027898924 127.822036743
0.011342713 0.107090414 -0.994184554 -39.162975311 -0.159944922 0.981641114 0.103914462 -14.758680344 0.987060726 0.157836065 0.028263042 127.864318848
0.011310555 0.111164398 -0.993737638 -40.068458557 -0.162425309 0.980806947 0.107869208 -14.752941132 0.986656070 0.160188079 0.029149381 127.903167725
0.011347465 0.117370769 -0.993023336 -40.999935150 -0.163045630 0.980013728 0.113969952 -14.740890503 0.986553192 0.160614833 0.030257467 127.947875977
0.011591859 0.115955546 -0.993186772 -41.894268036 -0.160719603 0.980555713 0.112605006 -14.740564346 0.986932039 0.158319265 0.030002784 127.993743896
0.012518682 0.105625272 -0.994327247 -42.785060883 -0.160160154 0.981778145 0.102275789 -14.745663643 0.987011731 0.157971203 0.029207520 128.037475586
0.012814078 0.095060259 -0.995389044 -43.706760406 -0.161816850 0.982546270 0.091750607 -14.748972893 0.986737549 0.159895033 0.027972778 128.079696655
0.011877432 0.091961771 -0.995691717 -44.609066010 -0.158681035 0.983317137 0.088925980 -14.756631851 0.987258434 0.156941175 0.026271876 128.125320435
0.011698405 0.102169171 -0.994698286 -45.529422760 -0.151306808 0.983492792 0.099238731 -14.759705544 0.988417685 0.149343669 0.026964191 128.176208496
0.011628435 0.115258776 -0.993267417 -46.472877502 -0.146461800 0.982817650 0.112331524 -14.757862091 0.989147961 0.144169465 0.028309636 128.237258911
0.011924496 0.124311939 -0.992171586 -47.394119263 -0.146644160 0.981731117 0.121241406 -14.749072075 0.989117384 0.144050390 0.029936275 128.283737183
0.011690740 0.118619300 -0.992870986 -48.310237885 -0.146730080 0.982393861 0.115639895 -14.745711327 0.989107430 0.144332156 0.028889935 128.325820923
0.011804530 0.105033554 -0.994398594 -49.230377197 -0.146794677 0.983875334 0.102179430 -14.743054390 0.989096522 0.144766241 0.027032558 128.367630005
0.012366847 0.096134871 -0.995291531 -50.145698547 -0.147269249 0.984688044 0.093280822 -14.742496490 0.989019036 0.145422235 0.026335198 128.413085938
0.012782927 0.096189797 -0.995280921 -51.078907013 -0.146060005 0.984865606 0.093307272 -14.749668121 0.989193082 0.144178003 0.026638947 128.459457397
0.012051746 0.097745106 -0.995138586 -52.006366730 -0.148998126 0.984275639 0.094873682 -14.767047882 0.988763988 0.147130370 0.026426081 128.502990723
0.012817018 0.097007900 -0.995201051 -52.969161987 -0.154130712 0.983579338 0.093890049 -14.767374039 0.987967312 0.152187645 0.027558452 128.538024902
0.013296903 0.096305877 -0.995262980 -53.901092529 -0.155727595 0.983405054 0.093077898 -14.767118454 0.987710476 0.153752267 0.028073724 128.582122803
0.014299206 0.103767760 -0.994498730 -54.847949982 -0.164914817 0.981224239 0.100011446 -14.764776230 0.986204028 0.162577480 0.031143565 128.615783691
0.015946710 0.113482669 -0.993411958 -55.797042847 -0.170662925 0.979267836 0.109127350 -14.761867523 0.985200346 0.167798355 0.034983382 128.651550293
0.017019304 0.121516727 -0.992443383 -56.757884979 -0.170973018 0.978321493 0.116855621 -14.757216454 0.985128641 0.167692274 0.037426427 128.708801270
0.017764118 0.122481339 -0.992311776 -57.701179504 -0.172278509 0.977999449 0.117630683 -14.749943733 0.984888077 0.168864399 0.038474202 128.757476807
0.019087300 0.112428337 -0.993476450 -58.637680054 -0.173748299 0.978911579 0.107441902 -14.743579865 0.984605074 0.170564070 0.038219012 128.811706543
0.020211600 0.107857324 -0.993960917 -59.578781128 -0.172294110 0.979666471 0.102802709 -14.743601799 0.984838188 0.169175819 0.038383812 128.867828369
0.022318264 0.106405057 -0.994072318 -60.530059814 -0.171057373 0.980063796 0.101065144 -14.753586769 0.985008299 0.167787805 0.040074691 128.926208496
0.025873912 0.111799598 -0.993393898 -61.522514343 -0.172840685 0.979260921 0.105707243 -14.737844467 0.984609902 0.168963790 0.044660825 128.983337402
0.029657772 0.114162028 -0.993019402 -62.483520508 -0.175695002 0.978584409 0.107255198 -14.739694595 0.983997881 0.171287566 0.049080335 129.037475586
0.033782009 0.108916722 -0.993476689 -63.432834625 -0.174973458 0.979335964 0.101416670 -14.741142273 0.983993471 0.170405984 0.052141469 129.099273682
0.036431216 0.103236780 -0.993989468 -64.389175415 -0.174875155 0.979960859 0.095370308 -14.749288559 0.983916402 0.170349613 0.053754710 129.171371460
0.040394120 0.103015117 -0.993859231 -65.356605530 -0.172504440 0.980454147 0.094614454 -14.748741150 0.984180093 0.167623267 0.057375140 129.233520508
0.042400397 0.107428707 -0.993308246 -66.331207275 -0.170015350 0.980477691 0.098783769 -14.764459610 0.984528840 0.164689183 0.059837174 129.330123901
0.045884266 0.114264078 -0.992390156 -67.289283752 -0.169349715 0.979946554 0.105001248 -14.767089844 0.984487355 0.163243100 0.064314723 129.409637451
0.048356596 0.118342757 -0.991794586 -68.254295349 -0.167095780 0.979921401 0.108778991 -14.774176598 0.984754205 0.160464525 0.067160241 129.494781494
0.050805155 0.120159924 -0.991453707 -69.239334106 -0.166868046 0.979801774 0.110196933 -14.774003029 0.984669387 0.159843415 0.069829836 129.575454712
0.052904390 0.117397070 -0.991674900 -70.187248230 -0.165502861 0.980362594 0.107228562 -14.773064613 0.984789252 0.158452168 0.071295053 129.656768799
0.053519588 0.115891576 -0.991818905 -71.134490967 -0.163483381 0.980857670 0.105789050 -14.776210785 0.985093296 0.156484127 0.071441442 129.745819092
0.053617299 0.112409271 -0.992214441 -72.077362061 -0.160357818 0.981716871 0.102554575 -14.786313057 0.985601664 0.153610632 0.070662707 129.841033936
0.053621475 0.112199076 -0.992238045 -73.068763733 -0.159020603 0.981946051 0.102441691 -14.780331612 0.985818028 0.152293161 0.070495352 129.922134399
0.053257901 0.117045462 -0.991697431 -74.021102905 -0.155772761 0.981923103 0.107526228 -14.783530235 0.986356080 0.148752868 0.070527643 130.010040283
0.052613024 0.118544973 -0.991553783 -74.988075256 -0.149762914 0.982636094 0.109532237 -14.785083771 0.987321079 0.142735183 0.069453105 130.111511230
0.052166790 0.114088558 -0.992099941 -75.946807861 -0.146994606 0.983508766 0.105371296 -14.775402069 0.987760663 0.140336454 0.068076879 130.189544678
0.051047496 0.110525534 -0.992561579 -76.893066406 -0.149290890 0.983534634 0.101842336 -14.778026581 0.987474740 0.142981559 0.066707440 130.264984131
0.049747970 0.107715040 -0.992936373 -77.842033386 -0.145762563 0.984305739 0.099475816 -14.780650139 0.988067985 0.139784262 0.064668044 130.350173950
0.048432641 0.108504653 -0.992915511 -78.806793213 -0.145919845 0.984185278 0.100432925 -14.782278061 0.988110065 0.140021816 0.063499682 130.421768188
0.047357693 0.109780617 -0.992826998 -79.758056641 -0.147014380 0.983884037 0.101779193 -14.786976814 0.988000035 0.141139820 0.062733814 130.501358032
0.045838587 0.109895542 -0.992885590 -80.711212158 -0.148604169 0.983621359 0.102009512 -14.788108826 0.987833798 0.142870963 0.061418738 130.577835083
0.044474363 0.111213408 -0.992800832 -81.662391663 -0.148547038 0.983472824 0.103514016 -14.793022156 0.987904727 0.142873943 0.060259745 130.646545410
0.042398404 0.111138865 -0.992900074 -82.625679016 -0.148325890 0.983481169 0.103750817 -14.792248726 0.988029301 0.142873913 0.058182795 130.719177246
0.041077986 0.113630049 -0.992673516 -83.578628540 -0.148661822 0.983148634 0.106387958 -14.785121918 0.988034546 0.143202454 0.057278216 130.789077759
0.039796863 0.117539458 -0.992270589 -84.533126831 -0.150056496 0.982498348 0.110363618 -14.777922630 0.987876117 0.144504532 0.056737918 130.847915649
0.037911601 0.122894645 -0.991695404 -85.482528687 -0.151477680 0.981647193 0.115858600 -14.769942284 0.987733424 0.145827308 0.055831619 130.912536621
0.035246745 0.122336991 -0.991862535 -86.437759399 -0.151036069 0.981731534 0.115720235 -14.764224052 0.987899661 0.145728260 0.053080149 130.984634399
0.034314148 0.116990626 -0.992540061 -87.382568359 -0.151172966 0.982305288 0.110557906 -14.758231163 0.987911522 0.146251515 0.051392794 131.046356201
0.031745810 0.112363696 -0.993159831 -88.329376221 -0.155273601 0.982151270 0.106154993 -14.746403694 0.987361312 0.150841489 0.048626304 131.110076904
0.030612204 0.110121012 -0.993446648 -89.272010803 -0.153111711 0.982698679 0.104211614 -14.742841721 0.987734735 0.148918182 0.046943389 131.176361084
0.030089039 0.111445539 -0.993314922 -90.235969543 -0.148795635 0.983191609 0.105802491 -14.745260239 0.988410056 0.144617423 0.046165898 131.231323242
0.029482266 0.112734824 -0.993187606 -91.184471130 -0.145645231 0.983499706 0.107311748 -14.742758751 0.988897443 0.141489267 0.045415089 131.294830322
0.028386418 0.112524465 -0.993243396 -92.137100220 -0.140364841 0.984247327 0.107493743 -14.743785858 0.989692867 0.136365056 0.043733735 131.362976074
0.027061399 0.109622873 -0.993604839 -93.078811646 -0.136365399 0.985081732 0.104968555 -14.746178627 0.990289032 0.132652715 0.041606456 131.429244995
0.026482152 0.106537193 -0.993956029 -94.023864746 -0.131110415 0.986085832 0.102200441 -14.749628067 0.991014063 0.127611488 0.040081803 131.492370605
0.024841020 0.109425880 -0.993684530 -95.007720947 -0.129737571 0.985938013 0.105329528 -14.755941391 0.991237283 0.126301691 0.038688343 131.547561646
0.023305412 0.111532941 -0.993487418 -95.954689026 -0.129115134 0.985770404 0.107637800 -14.751483917 0.991355777 0.125765711 0.037374377 131.609176636
0.022174966 0.109360039 -0.993754804 -96.913619995 -0.125107110 0.986489296 0.105768800 -14.746622086 0.991895437 0.121980354 0.035557084 131.658081055
0.020087734 0.106011391 -0.994161963 -97.864738464 -0.122124463 0.987176776 0.102798931 -14.744270325 0.992311537 0.119346499 0.032776725 131.711380005
0.016047325 0.103525907 -0.994497299 -98.830169678 -0.120710991 0.987551033 0.100855015 -14.739597321 0.992558002 0.118428297 0.028344268 131.770660400
0.013443600 0.102628894 -0.994628847 -99.785491943 -0.115134485 0.988261461 0.100415692 -14.748350143 0.993258953 0.113166139 0.025101915 131.819961548
0.011157900 0.102489345 -0.994671524 -100.743919373 -0.108268514 0.989009202 0.100691386 -14.741626740 0.994059086 0.106568091 0.022131633 131.866012573
0.008921303 0.110470474 -0.993839383 -101.708801270 -0.098301947 0.989161730 0.109068125 -14.740799904 0.995116770 0.096723303 0.019684080 131.925155640
0.006153297 0.118596867 -0.992923379 -102.666511536 -0.090256892 0.988955319 0.117563553 -14.736653328 0.995899498 0.088894777 0.016789518 131.982971191
0.003488608 0.117941856 -0.993014336 -103.619636536 -0.086072214 0.989370584 0.117206685 -14.728669167 0.996282816 0.085062057 0.013603042 132.028884888
0.000995083 0.107774429 -0.994174898 -104.574523926 -0.086704306 0.990440667 0.107282847 -14.727433205 0.996233582 0.086092472 0.010330079 132.061813354
-0.001050269 0.098275118 -0.995158792 -105.520858765 -0.088536583 0.991242051 0.097981788 -14.724358559 0.996072352 0.088210858 0.007659874 132.100097656
-0.001365324 0.099860743 -0.995000482 -106.481445312 -0.095713325 0.990420222 0.099532396 -14.727304459 0.995407999 0.095370688 0.008205760 132.120986938
-0.002153606 0.108953618 -0.994044483 -107.445419312 -0.099044368 0.989135802 0.108630165 -14.712663651 0.995080709 0.098688461 0.008661034 132.157775879
-0.003605064 0.120216712 -0.992741048 -108.409019470 -0.102951117 0.987427890 0.119947165 -14.700255394 0.994679868 0.102636226 0.008816703 132.187683105
-0.005096438 0.121874675 -0.992532372 -109.353523254 -0.109902255 0.986464441 0.121693894 -14.689166069 0.993929327 0.109701768 0.008366847 132.219696045
-0.004913168 0.119197510 -0.992858529 -110.332817078 -0.117283143 0.985949278 0.118948407 -14.673785210 0.993086338 0.117029987 0.009135728 132.240142822
-0.005171081 0.115357362 -0.993310630 -111.287139893 -0.125489146 0.985396624 0.115091555 -14.661981583 0.992081523 0.125244856 0.009380532 132.265808105
-0.002857572 0.117254548 -0.993097723 -112.254722595 -0.130070329 0.984621584 0.116628006 -14.642135620 0.991500676 0.129505828 0.012437709 132.289810181
-0.001657909 0.118386313 -0.992966175 -113.230010986 -0.138069749 0.983430266 0.117479913 -14.624341965 0.990421116 0.137293383 0.014715135 132.318313599
-0.001091624 0.121065699 -0.992643952 -114.194046021 -0.147261217 0.981802821 0.119905449 -14.607446671 0.989097059 0.146308884 0.016756525 132.339965820
-0.000539440 0.123342410 -0.992364049 -115.169212341 -0.152777284 0.980704188 0.121976271 -14.587722778 0.988260508 0.151676476 0.018314891 132.365005493
-0.001052192 0.122695439 -0.992443800 -116.138450623 -0.156524315 0.980191350 0.121346623 -14.577514648 0.987673521 0.155469269 0.018173467 132.417343140
0.000639181 0.113049895 -0.993589044 -117.094184875 -0.155356601 0.981536806 0.111578658 -14.578667641 0.987858176 0.154289320 0.018190427 132.449600220
0.001882172 0.101374567 -0.994846463 -118.043960571 -0.158397377 0.982318997 0.099798329 -14.569541931 0.987373650 0.157393277 0.017906360 132.490234375
