1.000000000 0.000000000 0.000000000 0.000000000 0.000000000 1.000000000 0.000000000 0.000000000 0.000000000 0.000000000 1.000000000 0.000000000
0.999997735 -0.001623241 -0.001384027 0.049861487 0.001620247 0.999996364 -0.002161072 -0.132677779 0.001387530 0.002158825 0.999996722 1.297598362
0.999997675 0.000020576 -0.002143992 0.105643280 -0.000034086 0.999980152 -0.006301584 -0.268456578 0.002143820 0.006301643 0.999977827 2.606290579
0.999996066 0.002482185 -0.001376144 0.149947599 -0.002492811 0.999966681 -0.007774609 -0.407663822 0.001356800 0.007778008 0.999968827 3.909907341
0.999983132 0.005802858 0.000178618 0.193764165 -0.005801566 0.999961793 -0.006540880 -0.545873940 -0.000216567 0.006539734 0.999978602 5.224212646
0.999975741 0.006526369 0.002427388 0.242525429 -0.006518584 0.999973655 -0.003201035 -0.690783203 -0.002448215 0.003185134 0.999991953 6.542255402
0.999960780 0.006751243 0.005728571 0.298887104 -0.006740762 0.999975562 -0.001846938 -0.828100860 -0.005740900 0.001808250 0.999981880 7.845393181
0.999944270 0.005186485 0.009194473 0.353762209 -0.005170647 0.999985099 -0.001745454 -0.962139666 -0.009203389 0.001697815 0.999956191 9.151054382
0.999914944 0.003887876 0.012448356 0.431715190 -0.003866704 0.999991119 -0.001724523 -1.098219872 -0.012454949 0.001676242 0.999921083 10.450510979
0.999870658 0.002568769 0.015873346 0.496868402 -0.002531558 0.999993980 -0.002363910 -1.237344742 -0.015879318 0.002323420 0.999871194 11.759251595
0.999813437 0.001437603 0.019258309 0.572658062 -0.001376978 0.999994159 -0.003160873 -1.373210788 -0.019262739 0.003133765 0.999809504 13.052922249
0.999745131 0.001472353 0.022527630 0.644573092 -0.001401693 0.999994040 -0.003152009 -1.521261692 -0.022532137 0.003119629 0.999741256 14.374431610
0.999664009 0.001371946 0.025885841 0.729830265 -0.001262872 0.999990225 -0.004229537 -1.658920288 -0.025891390 0.004195426 0.999655962 15.670364380
0.999576569 0.002088575 0.029021893 0.813260913 -0.001967361 0.999989212 -0.004204574 -1.798462749 -0.029030360 0.004145697 0.999569893 16.974987030
0.999478877 0.001772646 0.032231826 0.903000593 -0.001651122 0.999991357 -0.003796532 -1.938179255 -0.032238279 0.003741334 0.999473274 18.261058807
0.999412715 0.000098605 0.034266155 1.004982710 0.000021826 0.999993742 -0.003514165 -2.080395222 -0.034266282 0.003512848 0.999406576 19.556812286
0.999350965 -0.002426512 0.035940494 1.100630879 0.002600502 0.999985039 -0.004795089 -2.220626354 -0.035928331 0.004885440 0.999342382 20.834278107
0.999305844 -0.002024073 0.037201148 1.197176456 0.002263933 0.999976933 -0.006406649 -2.362720013 -0.037187316 0.006486422 0.999287188 22.137128830
0.999257922 -0.002020970 0.038465582 1.278989673 0.002374127 0.999955356 -0.009137658 -2.506776571 -0.038445398 0.009222199 0.999218047 23.429473877
0.999224186 -0.001383268 0.039358731 1.386016369 0.001801767 0.999942183 -0.010599439 -2.646516085 -0.039341800 0.010662132 0.999168873 24.709865570
0.999190211 -0.000631827 0.040230446 1.487700105 0.001084850 0.999936163 -0.011239844 -2.794205666 -0.040220778 0.011274388 0.999127150 25.979406357
0.999161482 -0.002378527 0.040874165 1.585312009 0.002798514 0.999943852 -0.010220973 -2.939393997 -0.040847559 0.010326790 0.999112010 27.273523331
0.999167860 -0.005291441 0.040443573 1.692536712 0.005662562 0.999942780 -0.009067233 -3.085299969 -0.040393289 0.009288700 0.999140680 28.551790237
0.999184966 -0.006979425 0.039758362 1.789947033 0.007360232 0.999928296 -0.009439705 -3.233442545 -0.039689623 0.009724642 0.999164760 29.839712143
0.999188006 -0.008614597 0.039358839 1.886195421 0.009097844 0.999885201 -0.012115424 -3.376555443 -0.039249953 0.012463666 0.999151707 31.101066589
0.999229908 -0.008676949 0.038265619 2.000208855 0.009142441 0.999886096 -0.012006592 -3.527973175 -0.038157083 0.012347188 0.999195457 32.391784668
0.999251604 -0.009204525 0.037571114 2.099633932 0.009684575 0.999873459 -0.012615209 -3.670117617 -0.037450243 0.012969628 0.999214351 33.657455444
0.999266982 -0.009684246 0.037039567 2.194799662 0.010153869 0.999870181 -0.012511912 -3.816314697 -0.036913589 0.012878832 0.999235570 34.926734924
0.999273717 -0.010150480 0.036729574 2.284318447 0.010635516 0.999858499 -0.013034402 -3.959241390 -0.036592070 0.013415572 0.999240220 36.185459137
0.999315619 -0.010799402 0.035379115 2.397705555 0.011269348 0.999850452 -0.013110715 -4.119580269 -0.035232242 0.013500441 0.999287903 37.475669861
0.999318600 -0.010462769 0.035396900 2.490456104 0.010872357 0.999875903 -0.011398597 -4.263567924 -0.035273250 0.011775678 0.999308228 38.734790802
0.999276996 -0.010395818 0.036569409 2.587129593 0.010778788 0.999888897 -0.010290884 -4.403717518 -0.036458369 0.010677617 0.999278128 40.000743866
0.999193668 -0.012116401 0.038277797 2.696751595 0.012453841 0.999885499 -0.008589452 -4.545385838 -0.038169339 0.009059230 0.999230206 41.249221802
0.999082208 -0.013312268 0.040712658 2.790571451 0.013719359 0.999858499 -0.009736133 -4.692970276 -0.040577278 0.010285749 0.999123454 42.515853882
0.998954535 -0.014614069 0.043315154 2.883805513 0.015180268 0.999803245 -0.012771624 -4.842926502 -0.043119974 0.013415807 0.998979807 43.768325806
0.998847544 -0.015568305 0.045401119 2.988625050 0.016218161 0.999770761 -0.013980602 -4.990256310 -0.045173053 0.014700811 0.998870969 45.036060333
0.998721421 -0.015783213 0.048025206 3.111835957 0.016418008 0.999782741 -0.012852304 -5.123330593 -0.047811918 0.013624350 0.998763442 46.266906738
0.998515844 -0.017009078 0.051738173 3.218214989 0.017513195 0.999803305 -0.009305919 -5.279475689 -0.051569715 0.010198208 0.998617351 47.539821625
0.998236358 -0.019995019 0.055896897 3.325168371 0.020436570 0.999764204 -0.007338980 -5.418245316 -0.055736978 0.008468376 0.998409569 48.752117157
0.998008728 -0.022209208 0.059035435 3.467171192 0.022711666 0.999711215 -0.007853810 -5.554027081 -0.058843967 0.009178965 0.998224914 50.013950348
0.997736037 -0.025403218 0.062268358 3.607059479 0.026183859 0.999588072 -0.011752777 -5.687794209 -0.061944153 0.013356594 0.997990191 51.244319916
0.997448742 -0.026835019 0.066151917 3.741653442 0.027680958 0.999545932 -0.011904328 -5.822199345 -0.065802433 0.013705103 0.997738540 52.474308014
0.997106314 -0.029315477 0.070139602 3.873060226 0.030015968 0.999509335 -0.008953797 -5.968998909 -0.069842696 0.011033197 0.997496903 53.694065094
0.996822596 -0.031669516 0.073088214 4.027647972 0.032187507 0.999464333 -0.005919937 -6.096740723 -0.072861567 0.008253654 0.997307956 54.884456635
0.996535242 -0.034557030 0.075651623 4.162077904 0.034995422 0.999377429 -0.004476696 -6.226966381 -0.075449832 0.007108647 0.997124255 56.142932892
0.996370316 -0.037707388 0.076317325 4.323482513 0.037919410 0.999279916 -0.001330506 -6.346671581 -0.076212212 0.004219584 0.997082710 57.343982697
0.996177137 -0.040371109 0.077467822 4.457636833 0.040477443 0.999180436 0.000197697 -6.477359772 -0.077412315 0.002938758 0.996994793 58.557693481
0.996149182 -0.042141035 0.076882623 4.605270863 0.042499159 0.999091864 -0.003027181 -6.601417542 -0.076685235 0.006282971 0.997035503 59.746898651
0.996143281 -0.043438710 0.076233864 4.754063606 0.044124547 0.998999119 -0.007334533 -6.731484890 -0.075838931 0.010670029 0.997062922 60.953723907
0.996139824 -0.044727512 0.075530298 4.887346268 0.045677140 0.998896897 -0.010891747 -6.863413334 -0.074959807 0.014299709 0.997083962 62.134601593
0.996162057 -0.046867188 0.073922470 5.030333519 0.048003562 0.998753607 -0.013670560 -6.995161533 -0.073189631 0.017166637 0.997170210 63.350620270
0.996334612 -0.046963677 0.071495160 5.175670147 0.048041042 0.998755157 -0.013423909 -7.129899025 -0.070775725 0.016809409 0.997350514 64.525207520
0.996559322 -0.046059173 0.068905883 5.306601524 0.047068615 0.998805761 -0.013097556 -7.272017479 -0.068220325 0.016295800 0.997537196 65.746055603
0.996797085 -0.045419894 0.065822497 5.429848194 0.046259552 0.998865724 -0.011288173 -7.402779579 -0.065235101 0.014296936 0.997767508 66.921661377
0.997222543 -0.041458208 0.061873317 5.556585312 0.041996773 0.999090135 -0.007428748 -7.537874699 -0.061509039 0.010006594 0.998056293 68.112594604
0.997506380 -0.039644767 0.058389068 5.674613476 0.040019680 0.999185085 -0.005265235 -7.665057659 -0.058132742 0.007588816 0.998279989 69.292289734
0.997686565 -0.038330797 0.056143932 5.775876045 0.038844168 0.999212623 -0.008080883 -7.800791740 -0.055789977 0.010243054 0.998390079 70.463462830
0.997885346 -0.038700905 0.052221965 5.892982006 0.039549612 0.999100208 -0.015317342 -7.934078217 -0.051582176 0.017350310 0.998517990 71.649475098
0.997883260 -0.042821437 0.048944566 5.999833107 0.043761462 0.998874485 -0.018297959 -8.069146156 -0.048105936 0.020401109 0.998633862 72.818603516
0.997919202 -0.046731945 0.044422660 6.114109516 0.047365054 0.998789012 -0.013307134 -8.207482338 -0.043746997 0.015383527 0.998924196 73.991333008
0.997907281 -0.050509185 0.040371511 6.216725826 0.050880164 0.998670995 -0.008214591 -8.336162567 -0.039902944 0.010251510 0.999150932 75.151306152
0.997970879 -0.052612796 0.035861395 6.313353539 0.052845720 0.998587132 -0.005577796 -8.461771965 -0.035517272 0.007461600 0.999341190 76.333892822
0.998151898 -0.051803865 0.031765763 6.403879642 0.051931232 0.998645544 -0.003197200 -8.586194992 -0.031557113 0.004840926 0.999490201 77.492790222
0.998282969 -0.051629942 0.027668625 6.499573708 0.051726047 0.998657405 -0.002768350 -8.707846642 -0.027488548 0.004194785 0.999613345 78.650802612
0.998423159 -0.050141644 0.025239393 6.560688972 0.050280590 0.998723030 -0.004900728 -8.835149765 -0.024961431 0.006162052 0.999669433 79.821449280
0.998615623 -0.047743611 0.022076903 6.636623383 0.047974478 0.998798013 -0.010048452 -8.962769508 -0.021570612 0.011093669 0.999705791 80.965637207
0.998519897 -0.051319629 0.018007604 6.724517822 0.051588982 0.998558342 -0.014826389 -9.100736618 -0.017220758 0.015733439 0.999727905 82.128669739
0.998368979 -0.054850005 0.015837902 6.773898602 0.055098329 0.998357534 -0.015692664 -9.232586861 -0.014951147 0.016539710 0.999751449 83.262405396
0.998395324 -0.055394657 0.011751346 6.846951008 0.055539019 0.998380244 -0.012335455 -9.359463692 -0.011048997 0.012968319 0.999854922 84.400825500
0.998405814 -0.055650014 0.009425769 6.911206245 0.055742048 0.998397112 -0.009800401 -9.490901947 -0.008865269 0.010310192 0.999907553 85.534423828
0.998544395 -0.053257339 0.008528832 6.954960823 0.053352591 0.998511076 -0.011359229 -9.620373726 -0.007911173 0.011797730 0.999899030 86.679908752
0.998736799 -0.049584549 0.008141298 7.008541584 0.049699884 0.998656929 -0.014633813 -9.746664047 -0.007404755 0.015019948 0.999859750 87.801162720
0.998827815 -0.047898181 0.006979596 7.072573662 0.048013564 0.998694658 -0.017425962 -9.872307777 -0.006135816 0.017740652 0.999823749 88.897651672
0.998752356 -0.049496882 0.006615280 7.111717224 0.049608525 0.998607635 -0.017939506 -10.014204979 -0.005718119 0.018245297 0.999817312 90.048072815
0.998700082 -0.050699960 0.005253479 7.166554451 0.050775062 0.998592675 -0.015313512 -10.144006729 -0.004469691 0.015560355 0.999868989 91.161499023
0.998640239 -0.051933166 0.004530395 7.217960835 0.051986489 0.998568594 -0.012576418 -10.274127007 -0.003870777 0.012794837 0.999910653 92.276863098
0.998670280 -0.051405147 0.003893491 7.280881882 0.051447645 0.998606682 -0.011736733 -10.400865555 -0.003284737 0.011921434 0.999923527 93.409004211
0.998641491 -0.051949777 0.004027252 7.328479290 0.052000865 0.998551190 -0.013833940 -10.528383255 -0.003302746 0.014024569 0.999896109 94.517044067
0.998626709 -0.052267715 0.003571339 7.390362740 0.052323103 0.998472571 -0.017742734 -10.655271530 -0.002638512 0.017905232 0.999836147 95.619277954
0.998600245 -0.052774072 0.003527428 7.436654091 0.052831139 0.998427689 -0.018740863 -10.793146133 -0.002532850 0.018900987 0.999818146 96.726623535
0.998558700 -0.053573977 0.003213061 7.496836185 0.053620938 0.998417437 -0.016951069 -10.925058365 -0.002299840 0.017098922 0.999851167 97.811515808
0.998612523 -0.052499406 0.004106566 7.543536186 0.052545797 0.998544574 -0.012147793 -11.044279099 -0.003462838 0.012346720 0.999917746 98.894714355
0.998688221 -0.050899394 0.005590971 7.595141411 0.050945293 0.998666167 -0.008397918 -11.166775703 -0.005156065 0.008671737 0.999949157 99.963684082
0.998789549 -0.048618671 0.007449598 7.644451141 0.048682258 0.998777270 -0.008605507 -11.284927368 -0.007022101 0.008957753 0.999935150 101.021530151
0.998860061 -0.046734691 0.009716134 7.694855690 0.046835262 0.998848557 -0.010393792 -11.405192375 -0.009219196 0.010837001 0.999898732 102.056335449
0.998803079 -0.047260236 0.012604528 7.747078896 0.047420200 0.998794138 -0.012708632 -11.526826859 -0.011988718 0.013291129 0.999839783 103.076248169
0.998721778 -0.048534337 0.014116663 7.804351807 0.048729319 0.998716474 -0.013812166 -11.638645172 -0.013428180 0.014482405 0.999804974 104.086204529
0.998599589 -0.050430242 0.015994282 7.868526936 0.050640661 0.998631835 -0.013035093 -11.752815247 -0.015315038 0.013826799 0.999787152 105.068565369
0.998564065 -0.050606400 0.017576985 7.933187485 0.050810702 0.998643517 -0.011377515 -11.872826576 -0.016977366 0.012254277 0.999780834 106.045005798
0.998480618 -0.051853135 0.018654048 8.003738403 0.052044127 0.998595655 -0.009902613 -11.981759071 -0.018114373 0.010858397 0.999776959 106.984001160
0.998402119 -0.052470360 0.020975489 8.058781624 0.052693158 0.998558521 -0.010213867 -12.090013504 -0.020409327 0.011302813 0.999727905 107.901473999
0.998389363 -0.052200999 0.022219010 8.125984192 0.052401349 0.998589575 -0.008531941 -12.188354492 -0.021742305 0.009682503 0.999716699 108.805709839
0.998391449 -0.051206425 0.024337430 8.183275223 0.051379941 0.998657703 -0.006558546 -12.284766197 -0.023968916 0.007798451 0.999682307 109.672317505
0.998353899 -0.051412329 0.025421780 8.250986099 0.051515162 0.998666346 -0.003405876 -12.386212349 -0.025212770 0.004709877 0.999671042 110.530632019
0.998323917 -0.051299796 0.026790328 8.315881729 0.051410384 0.998671591 -0.003454498 -12.476621628 -0.026577529 0.004826009 0.999635100 111.356338501
0.998334825 -0.050264765 0.028302742 8.365815163 0.050354879 0.998728335 -0.002479474 -12.566651344 -0.028142119 0.003900527 0.999596298 112.164459229
0.998437345 -0.047993492 0.028625188 8.421385765 0.048073135 0.998841643 -0.002099868 -12.647669792 -0.028491246 0.003472689 0.999588013 112.944046021
0.998570621 -0.045484543 0.028067278 8.468345642 0.045479324 0.998964965 0.000824773 -12.724789619 -0.028075740 0.000452887 0.999605715 113.698753357
0.998653233 -0.045468301 0.024986885 8.518795967 0.045434337 0.998965442 0.001925244 -12.810462952 -0.025048569 -0.000787389 0.999685943 114.440216064
0.998785615 -0.045658804 0.018505648 8.557909012 0.045626357 0.998956144 0.002171895 -12.885581970 -0.018585496 -0.001324912 0.999826431 115.135490417
0.998995364 -0.044077918 0.008097097 8.587385178 0.044071425 0.999027848 0.000979518 -12.959620476 -0.008132398 -0.000621683 0.999966741 115.806793213
0.999137461 -0.041198298 -0.005204171 8.584264755 0.041189112 0.999149561 -0.001859472 -13.029376030 0.005276354 0.001643513 0.999984682 116.449111938
0.998892188 -0.039950732 -0.024866356 8.595652580 0.039853450 0.999195814 -0.004395834 -13.096210480 0.025021978 0.003399955 0.999681115 117.073509216
0.998167932 -0.038156096 -0.046956904 8.559739113 0.037884694 0.999260008 -0.006656598 -13.166671753 0.047176149 0.004865455 0.998874724 117.658241272
0.996519566 -0.036425363 -0.074979231 8.523624420 0.035863005 0.999317646 -0.008833469 -13.230526924 0.075249843 0.006113744 0.997145951 118.229957581
0.993663490 -0.034308512 -0.107031181 8.452883720 0.033358585 0.999386728 -0.010653527 -13.299337387 0.107331052 0.007015613 0.994198561 118.772521973
0.989354789 -0.029805982 -0.142437935 8.350286484 0.028398056 0.999525845 -0.011907604 -13.364350319 0.142725319 0.007735883 0.989732087 119.315834045
0.983277440 -0.023951923 -0.180532023 8.231676102 0.022256635 0.999687314 -0.011410604 -13.427523613 0.180748880 0.007201756 0.983502924 119.826484680
0.974826515 -0.018503409 -0.222195894 8.093820572 0.016799454 0.999813199 -0.009556429 -13.484829903 0.222331226 0.005583092 0.974955261 120.331520081
0.963598192 -0.013864256 -0.266995013 7.922218323 0.012138903 0.999893427 -0.008111581 -13.541358948 0.267078996 0.004575278 0.963663816 120.826843262
0.949465096 -0.007594207 -0.313780785 7.738842010 0.005170437 0.999950051 -0.008555908 -13.597830772 0.313830078 0.006501153 0.949456930 121.294288635
0.932063460 -0.000312658 -0.362295091 7.516380310 -0.003382236 0.999948502 -0.009564301 -13.650220871 0.362279415 0.010139903 0.932014346 121.763122559
0.911204755 0.004941239 -0.411924154 7.253231049 -0.009934439 0.999900818 -0.009981350 -13.711961746 0.411833972 0.013187286 0.911163449 122.208297729
0.886241674 0.009324605 -0.463129491 6.986488342 -0.015180591 0.999844968 -0.008918696 -13.762674332 0.462974519 0.014934696 0.886245728 122.622367859
0.857048512 0.012484957 -0.515084326 6.713001251 -0.019640036 0.999771416 -0.008445921 -13.809288025 0.514861107 0.017354840 0.857097864 123.023468018
0.825979829 0.022033455 -0.563268900 6.374233246 -0.030271722 0.999527693 -0.005291943 -13.859270096 0.562886238 0.021422157 0.826256692 123.393005371
0.792118430 0.035392545 -0.609340370 6.029811859 -0.043571141 0.999049366 0.001387406 -13.902559280 0.608810246 0.025450667 0.792907476 123.748428345
0.756132662 0.044172700 -0.652925849 5.674766541 -0.054661237 0.998495936 0.004250276 -13.944991112 0.652131557 0.032475963 0.757409930 124.067886353
0.716526449 0.048078738 -0.695900977 5.306663513 -0.061911315 0.998068035 0.005208724 -13.991296768 0.694807053 0.039351963 0.718118787 124.364990234
0.674018800 0.049756579 -0.737036586 4.932388306 -0.064648941 0.997873962 0.008244083 -14.037268639 0.735879958 0.042091973 0.675802588 124.648490906
0.630554795 0.053308342 -0.774311960 4.520751953 -0.068051830 0.997593641 0.013262955 -14.071694374 0.773155630 0.044330321 0.632665038 124.917045593
0.585527420 0.062145140 -0.808267176 4.097461700 -0.079270378 0.996668160 0.019205416 -14.104917526 0.806767583 0.052826338 0.588502765 125.148017883
0.540267467 0.071070760 -0.838486731 3.651645660 -0.090738371 0.995537460 0.025916472 -14.130565643 0.836586893 0.062081087 0.544305325 125.357666016
0.493423522 0.076073170 -0.866456091 3.201900482 -0.096291810 0.994822145 0.032507878 -14.156942368 0.864442706 0.067392468 0.498193771 125.557174683
0.446381122 0.076964729 -0.891526937 2.735877991 -0.095777780 0.994680405 0.037914634 -14.177599907 0.889702499 0.068464093 0.451378047 125.738662720
0.399544448 0.078621641 -0.913336098 2.263317108 -0.093428671 0.994619906 0.044747770 -14.199090004 0.911940336 0.067453042 0.404740334 125.906700134
0.353479534 0.081543036 -0.931881428 1.772121429 -0.094998777 0.994172215 0.050958954 -14.221813202 0.930605948 0.070514634 0.359165967 126.057731628
0.309624642 0.084743805 -0.947074890 1.267364502 -0.100332305 0.993372023 0.056085080 -14.241983414 0.945550621 0.077656887 0.316074908 126.176742554
0.268395901 0.086495288 -0.959417641 0.746217728 -0.105518103 0.992607474 0.059968933 -14.259745598 0.957512200 0.085140519 0.275538534 126.281044006
0.229431018 0.083005659 -0.969779015 0.219469070 -0.105959922 0.992565334 0.059887920 -14.276096344 0.967540145 0.089017577 0.236520499 126.376434326
0.194893569 0.077931292 -0.977723479 -0.316843033 -0.100911073 0.993141770 0.059045233 -14.294382095 0.975619614 0.087155603 0.201421022 126.465621948
0.164561450 0.072845705 -0.983673155 -0.872251511 -0.098446257 0.993502617 0.057104278 -14.312360764 0.981441796 0.087441787 0.170663565 126.546249390
0.137235790 0.071459375 -0.987957418 -1.430322647 -0.098941304 0.993395090 0.058108892 -14.338482857 0.985584557 0.089775182 0.143399656 126.628219604
0.115058556 0.070661284 -0.990842342 -2.012039185 -0.100113899 0.993212879 0.059204929 -14.354266167 0.988301039 0.092385046 0.121351838 126.695289612
0.096968770 0.072061755 -0.992675185 -2.619888306 -0.102418110 0.992803276 0.062066402 -14.367290497 0.990003824 0.095649414 0.103651330 126.742744446
0.080485567 0.070446953 -0.994263172 -3.221923828 -0.103229515 0.992724419 0.061981510 -14.392860413 0.991395891 0.097648680 0.087172210 126.799667358
0.066939071 0.069526933 -0.995331705 -3.844638824 -0.102790929 0.992741764 0.062433012 -14.420364380 0.992448032 0.098131858 0.073599957 126.843505859
0.054328665 0.066715725 -0.996291816 -4.486392021 -0.097271807 0.993373454 0.061215982 -14.442814827 0.993773937 0.093585327 0.060458209 126.903358459
0.042166609 0.064134441 -0.997050047 -5.132999420 -0.094974674 0.993675828 0.059900798 -14.461663246 0.994586229 0.092168696 0.047991086 126.948547363
0.031407855 0.063779041 -0.997469723 -5.791728973 -0.094510093 0.993680179 0.060560852 -14.482589722 0.995028377 0.092368871 0.037237123 126.984870911
0.022456598 0.065210439 -0.997618794 -6.462786198 -0.098100953 0.993198514 0.062713228 -14.505402565 0.994923115 0.096459039 0.028701063 126.996368408
0.013968815 0.064357229 -0.997829139 -7.160410881 -0.101036072 0.992909670 0.062625512 -14.529356956 0.994784713 0.099941924 0.020372178 127.019020081
0.007389225 0.063842595 -0.997932673 -7.847429276 -0.103690289 0.992629170 0.062735528 -14.551714897 0.994582117 0.103012361 0.013954617 127.039657593
0.002064870 0.065261826 -0.997866035 -8.542533875 -0.104328431 0.992436767 0.064690858 -14.574575424 0.994540811 0.103972211 0.008857917 127.057617188
-0.001408709 0.067499600 -0.997718334 -9.258812904 -0.105834685 0.992105782 0.067269318 -14.594173431 0.994382739 0.105687968 0.005746209 127.082481384
-0.002363259 0.070964530 -0.997476101 -9.976372719 -0.108119175 0.991613388 0.070803590 -14.615386963 0.994135141 0.108013615 0.005329186 127.099884033
-0.003475565 0.074409798 -0.997221708 -10.710268021 -0.110974103 0.991039336 0.074335247 -14.630359650 0.993817210 0.110924155 0.004813139 127.114921570
-0.004312506 0.080275305 -0.996763408 -11.442698479 -0.116224505 0.989977062 0.080231637 -14.644636154 0.993213594 0.116194338 0.005060677 127.121383667
-0.005560274 0.083797447 -0.996467292 -12.180055618 -0.119131088 0.989330530 0.083862059 -14.657351494 0.992862999 0.119176514 0.004481932 127.140861511
-0.007203634 0.084378585 -0.996407688 -12.925247192 -0.118423976 0.989349365 0.084637038 -14.674486160 0.992936969 0.118608266 0.002865537 127.160980225
-0.008235237 0.080941088 -0.996684849 -13.690833092 -0.116478346 0.989856124 0.081348941 -14.691463470 0.993159056 0.116762124 0.001276186 127.177757263
-0.009686298 0.077613108 -0.996936500 -14.453495979 -0.119237572 0.989780366 0.078214511 -14.699310303 0.992818594 0.119629890 -0.000332907 127.191436768
-0.011205552 0.078937940 -0.996816516 -15.218249321 -0.124302998 0.989036679 0.079719201 -14.709212303 0.992181063 0.124800563 -0.001270480 127.200469971
-0.012552056 0.083042756 -0.996466935 -15.985415459 -0.121650964 0.989016056 0.083954215 -14.726854324 0.992493510 0.122274950 -0.002311952 127.212219238
-0.014620537 0.082158878 -0.996511996 -16.771278381 -0.120405465 0.989221692 0.083324373 -14.735888481 0.992617071 0.121203743 -0.004570571 127.229393005
-0.016470188 0.081495926 -0.996537447 -17.553123474 -0.123520464 0.988872290 0.082910538 -14.748609543 0.992205322 0.124458343 -0.006220500 127.243263245
-0.016116994 0.081153654 -0.996571243 -18.354057312 -0.128462762 0.988272250 0.082555376 -14.754717827 0.991583407 0.129352823 -0.005502754 127.233078003
-0.017796360 0.085917436 -0.996143281 -19.149101257 -0.129722729 0.987681508 0.087505132 -14.771447182 0.991390705 0.130779698 -0.006431695 127.246452332
-0.018293936 0.090240911 -0.995751917 -19.953533173 -0.128766000 0.987412214 0.091850787 -14.782094002 0.991506279 0.129899353 -0.006443697 127.259811401
-0.017024720 0.093179852 -0.995503664 -20.766645432 -0.130013615 0.986988425 0.094606251 -14.793116570 0.991366029 0.131039694 -0.004688554 127.269943237
-0.016092537 0.091680437 -0.995658457 -21.594667435 -0.129243284 0.987242758 0.092994422 -14.798754692 0.991482317 0.130178690 -0.004038162 127.293167114
-0.014827405 0.091743022 -0.995672345 -22.414913177 -0.128906280 0.987296522 0.092890926 -14.804990768 0.991545916 0.129725769 -0.002812792 127.310409546
-0.014059376 0.091172613 -0.995735884 -23.246847153 -0.128332675 0.987433732 0.092224449 -14.812665939 0.991631448 0.129082084 -0.002182277 127.326087952
-0.013797761 0.092924498 -0.995577574 -24.085290909 -0.129281282 0.987149239 0.093929522 -14.819788933 0.991511941 0.130005583 -0.001607052 127.352035522
-0.013469244 0.095119089 -0.995374739 -24.930780411 -0.131603152 0.986636817 0.096064895 -14.823088646 0.991210938 0.132288367 -0.000771281 127.368843079
-0.012891332 0.097753555 -0.995127261 -25.781421661 -0.133682832 0.986107051 0.098599270 -14.825327873 0.990940273 0.134302482 0.000355740 127.389396667
-0.011637069 0.098368324 -0.995082021 -26.653734207 -0.135020837 0.985880792 0.099037759 -14.814515114 0.990774393 0.135509327 0.001809013 127.404182434
-0.009146587 0.101704329 -0.994772613 -27.526872635 -0.141573429 0.984661698 0.101972304 -14.811138153 0.989885449 0.141766086 0.005392336 127.413574219
-0.007057711 0.105408236 -0.994403958 -28.395011902 -0.146731064 0.983555794 0.105299696 -14.807375908 0.989151120 0.146653160 0.008525009 127.438438416
-0.004372803 0.106965452 -0.994253039 -29.294658661 -0.149844483 0.982966602 0.106410243 -14.797006607 0.988699913 0.149448633 0.011729862 127.458114624
-0.001413167 0.107048683 -0.994252741 -30.178174973 -0.147392720 0.983372211 0.106086701 -14.795901299 0.989076972 0.146695539 0.014388528 127.494308472
0.001581292 0.106857538 -0.994273126 -31.075481415 -0.150767297 0.982934475 0.105399169 -14.788275719 0.988567889 0.149737164 0.017664930 127.526786804
0.004596102 0.111139648 -0.993794143 -31.983119965 -0.150724635 0.982527971 0.109182619 -14.786663055 0.988565087 0.149287462 0.021267278 127.558715820
0.006297290 0.113740727 -0.993490458 -32.881198883 -0.150237709 0.982340932 0.111511946 -14.785650253 0.988629818 0.148557544 0.023274234 127.601890564
0.008522386 0.115184799 -0.993307412 -33.780818939 -0.150956869 0.982107580 0.112590857 -14.784496307 0.988503575 0.148987100 0.025757838 127.639945984
0.011282877 0.112860277 -0.993546784 -34.695075989 -0.151903570 0.982271492 0.109854437 -14.772118568 0.988330901 0.149683833 0.028226728 127.680427551
0.011092074 0.113986716 -0.993420362 -35.590335846 -0.155815378 0.981542766 0.110884108 -14.762256622 0.987723947 0.153560236 0.028648231 127.721626282
0.012358325 0.114883706 -0.993301988 -36.482707977 -0.156612471 0.981340230 0.111551717 -14.762142181 0.987582803 0.154184923 0.030119943 127.759483337
0.012683213 0.111046262 -0.993734300 -37.396316528 -0.157295257 0.981662452 0.107689686 -14.756015778 0.987470269 0.154943824 0.029917680 127.807876587
0.013522890 0.106740832 -0.994194925 -38.288757324 -0.158504471 0.981942892 0.103269443 -14.752768517 0.987265646 0.156187817 0.030197602 127.850357056
0.013675065 0.106285825 -0.994241595 -39.183685303 -0.158302307 0.982024550 0.102802470 -14.752311707 0.987295985 0.155984893 0.030254537 127.899452209
0.013996649 0.110269085 -0.993803203 -40.109344482 -0.161114126 0.981162190 0.106597364 -14.744065285 0.986836553 0.158623695 0.031498890 127.935134888
0.013731272 0.116276279 -0.993121922 -41.011344910 -0.160703242 0.980560780 0.112583637 -14.735681534 0.986907303 0.158052027 0.032150317 127.982643127
0.014455893 0.115160048 -0.993241727 -41.917381287 -0.158812150 0.981000662 0.111429371 -14.739204407 0.987203062 0.156128019 0.032470059 128.023605347
0.015237517 0.104493178 -0.994408786 -42.819156647 -0.157638758 0.982337713 0.100809239 -14.745965958 0.987379193 0.155221298 0.031440563 128.072357178
0.015631821 0.094366625 -0.995414793 -43.710613251 -0.159596115 0.983008325 0.090684213 -14.749895096 0.987058520 0.157446757 0.030426757 128.113159180
0.014971659 0.091161124 -0.995723605 -44.617446899 -0.156823426 0.983724773 0.087704614 -14.760480881 0.987513185 0.154839709 0.029024189 128.155746460
0.014627204 0.100912698 -0.994787753 -45.547821045 -0.149215296 0.983973861 0.097621709 -14.763403893 0.988696456 0.147009611 0.029450513 128.213745117
0.015011728 0.114581443 -0.993300438 -46.469837189 -0.144354165 0.983253479 0.111240856 -14.762190819 0.989412189 0.141717151 0.031300638 128.267196655
0.014539913 0.123184107 -0.992277324 -47.402259827 -0.144536570 0.982218325 0.119817466 -14.751186371 0.989392638 0.141678199 0.032085981 128.322906494
0.014787618 0.117581002 -0.992953181 -48.319297791 -0.144603461 0.982873559 0.114233904 -14.747013092 0.989379168 0.141895235 0.031536978 128.370147705
0.014963483 0.103598729 -0.994506598 -49.250423431 -0.144388720 0.984416902 0.100375198 -14.735563278 0.989407957 0.142093554 0.029688796 128.407821655
0.015567003 0.094927885 -0.995362401 -50.176792145 -0.145473078 0.985105753 0.091674574 -14.746412277 0.989239693 0.143371388 0.029144594 128.450927734
0.016291007 0.095273517 -0.995317757 -51.095878601 -0.144801348 0.985180616 0.091933101 -14.758035660 0.989326656 0.142625690 0.029845318 128.498840332
0.015514284 0.096397966 -0.995221913 -52.018455505 -0.147748753 0.984636128 0.093069397 -14.769161224 0.988903284 0.145598918 0.029518602 128.543975830
0.015603918 0.095877089 -0.995270848 -52.977066040 -0.151778609 0.984084249 0.092419840 -14.777062416 0.988291323 0.149618715 0.029907657 128.591293335
0.016212888 0.095283762 -0.995318115 -53.908714294 -0.153270170 0.983920693 0.091696031 -14.778488159 0.988051236 0.151065931 0.030556355 128.636871338
0.017396927 0.103198797 -0.994508684 -54.853687286 -0.162860230 0.981667936 0.099017449 -14.782075882 0.986495733 0.160243317 0.033884987 128.671371460
0.019254902 0.111805506 -0.993543446 -55.797615051 -0.168315589 0.979907572 0.107009053 -14.769851685 0.985545099 0.165168419 0.037686631 128.712799072
0.020254023 0.120032445 -0.992563367 -56.776550293 -0.168704480 0.978941798 0.114942603 -14.761823654 0.985458493 0.165121824 0.040077522 128.768249512
0.021256462 0.121038511 -0.992420256 -57.717338562 -0.170067221 0.978615165 0.115712211 -14.757266998 0.985203147 0.166318491 0.041386586 128.817718506
0.022368379 0.111307673 -0.993534267 -58.652954102 -0.171880215 0.979413986 0.105856054 -14.755163193 0.984863877 0.168401062 0.041039493 128.878280640
0.023576586 0.106221825 -0.994062901 -59.588695526 -0.170156270 0.980257273 0.100710936 -14.753221512 0.985135019 0.166771650 0.041185435 128.938552856
0.025587622 0.104696967 -0.994174957 -60.545135498 -0.168580532 0.980709672 0.098940104 -14.763956070 0.985355735 0.165066868 0.042743899 128.996994019
0.029309696 0.111155614 -0.993370771 -61.500915527 -0.170048088 0.979865730 0.104627125 -14.764711380 0.984999835 0.165854171 0.047621362 129.051116943
0.032389350 0.113240436 -0.993039548 -62.465267181 -0.172868922 0.979221582 0.106026344 -14.770471573 0.984412134 0.168231577 0.051292095 129.120162964
0.036621198 0.108406290 -0.993431866 -63.415603638 -0.172239006 0.979906678 0.100581087 -14.773721695 0.984374225 0.167424321 0.054557145 129.184036255
0.039392754 0.102114238 -0.993992507 -64.373992920 -0.172152460 0.980583251 0.093914181 -14.781679153 0.984282374 0.167418689 0.056207106 129.260955811
0.042994708 0.101862542 -0.993868947 -65.324249268 -0.169579819 0.981097877 0.093217611 -14.787138939 0.984578192 0.164532289 0.059455853 129.336105347
0.045599315 0.106863454 -0.993227482 -66.280654907 -0.167067945 0.981074214 0.097885735 -14.803164482 0.984890342 0.161472961 0.062589772 129.418655396
0.048530526 0.113294274 -0.992375553 -67.259254456 -0.166722223 0.980526268 0.103788219 -14.804424286 0.984808862 0.160414100 0.066474125 129.508483887
0.051911425 0.116972715 -0.991777539 -68.213653564 -0.164600328 0.980536103 0.107031405 -14.805301666 0.984993279 0.157690763 0.070154771 129.588577271
0.053297631 0.118594542 -0.991511285 -69.175033569 -0.164095953 0.980464518 0.108452417 -14.808468819 0.985003531 0.156922713 0.071717307 129.683258057
0.055045817 0.116204672 -0.991698742 -70.132316589 -0.162048131 0.981076896 0.105965279 -14.809846878 0.985246360 0.154870033 0.072834916 129.772903442
0.055917781 0.114432462 -0.991855979 -71.089172363 -0.160041004 0.981592536 0.104225695 -14.813023567 0.985525250 0.152909562 0.073202372 129.860290527
0.056027424 0.110482551 -0.992297649 -72.029052734 -0.156874627 0.982488513 0.100532874 -14.820874214 0.986027956 0.150033727 0.072378218 129.957260132
0.056529183 0.110900998 -0.992222488 -73.000755310 -0.156029865 0.982581794 0.100934066 -14.822006226 0.986133456 0.149110600 0.072848409 130.036331177
0.055704761 0.114646718 -0.991843283 -73.944801331 -0.152580738 0.982695282 0.105019927 -14.818872452 0.986719847 0.145486042 0.072233677 130.138580322
0.054878179 0.116529003 -0.991670012 -74.913246155 -0.147151306 0.983266056 0.107398257 -14.824833870 0.987590432 0.140031740 0.071107246 130.237548828
0.053821966 0.113020159 -0.992133915 -75.861808777 -0.144046158 0.984060585 0.104286149 -14.826260567 0.988106191 0.137300164 0.069244199 130.327560425
0.052754097 0.109525517 -0.992583096 -76.811531067 -0.145786226 0.984162629 0.100848086 -14.830411911 0.987908602 0.139384791 0.067885920 130.408401489
0.051625900 0.105509304 -0.993077278 -77.790580750 -0.142225027 0.985044241 0.097262144 -14.829003334 0.988487184 0.136219203 0.065859862 130.483306885
0.050529215 0.106889755 -0.992986083 -78.737091064 -0.143081814 0.984774470 0.098724954 -14.839386940 0.988420069 0.137089714 0.065053858 130.550415039
0.049517054 0.108425975 -0.992870510 -79.689376831 -0.143632337 0.984529972 0.100351833 -14.843143463 0.988391519 0.137639135 0.064324498 130.632415771
0.049088214 0.109312065 -0.992794693 -80.656455994 -0.146141410 0.984081328 0.101126790 -14.849836349 0.988044977 0.140124232 0.064281806 130.696823120
0.047378939 0.109460101 -0.992861390 -81.608093262 -0.146221340 0.984030128 0.101508841 -14.844817162 0.988116622 0.140368178 0.062627696 130.775466919
0.045349084 0.110036843 -0.992892325 -82.561210632 -0.146463156 0.983906925 0.102351509 -14.847506523 0.988176167 0.140780583 0.060735609 130.848358154
0.043413181 0.113584965 -0.992579401 -83.508201599 -0.146521106 0.983497083 0.106137142 -14.852325439 0.988254488 0.140826076 0.059339337 130.923889160
0.041790605 0.116772018 -0.992279232 -84.472343445 -0.147865102 0.982933164 0.109444760 -14.840742111 0.988124132 0.142149657 0.058343880 130.981170654
0.039569605 0.121235631 -0.991834760 -85.420745850 -0.148863897 0.982249856 0.114125073 -14.828118324 0.988065660 0.143132523 0.056914851 131.051544189
0.037860364 0.121540003 -0.991864204 -86.369323730 -0.149246916 0.982130706 0.114650406 -14.828013420 0.988074958 0.143691957 0.055323303 131.116287231
0.036256026 0.115618415 -0.992631793 -87.315498352 -0.149067193 0.982797921 0.109028302 -14.820610046 0.988162160 0.144015923 0.052867264 131.186843872
0.034148004 0.111437447 -0.993184566 -88.253517151 -0.153916612 0.982494712 0.104946017 -14.815938950 0.987493575 0.149283931 0.050702311 131.250549316
0.033961315 0.108513854 -0.993514657 -89.228324890 -0.152340442 0.983033776 0.102161653 -14.804959297 0.987744331 0.147882909 0.049916171 131.300018311
0.033027615 0.109647594 -0.993421614 -90.179542542 -0.148217201 0.983510733 0.103626005 -14.811344147 0.988403201 0.143819660 0.048734665 131.364974976
0.032245096 0.110589959 -0.993342876 -91.128005981 -0.144842029 0.983885348 0.104835294 -14.808555603 0.988929331 0.140497401 0.047743548 131.435638428
0.030950326 0.110762268 -0.993364871 -92.073005676 -0.139911488 0.984536290 0.105418652 -14.813739777 0.989680111 0.135720432 0.045968633 131.507186890
0.029955233 0.107878022 -0.993712723 -93.018890381 -0.135848090 0.985373795 0.102877632 -14.817562103 0.990276694 0.131912261 0.044172131 131.572509766
0.029080305 0.104808174 -0.994067192 -93.989082336 -0.130735248 0.986344099 0.100169353 -14.826853752 0.990990758 0.127046704 0.042385302 131.631851196
0.028120197 0.107105397 -0.993849933 -94.948280334 -0.128808171 0.986342251 0.102651782 -14.829375267 0.991270781 0.125129417 0.041532185 131.691604614
0.026553936 0.109717846 -0.993607998 -95.892890930 -0.128617674 0.986072063 0.105448417 -14.833559036 0.991338730 0.124995485 0.040295754 131.757690430
0.025426107 0.107538901 -0.993875623 -96.848205566 -0.123812683 0.986881196 0.103614599 -14.829335213 0.991979837 0.120419905 0.038407225 131.807922363
0.022380961 0.104365952 -0.994287074 -97.807266235 -0.121950351 0.987394452 0.100897416 -14.830824852 0.992283821 0.118995465 0.034826301 131.873565674
0.019325694 0.102033533 -0.994593263 -98.757125854 -0.120753512 0.987735152 0.098983668 -14.835304260 0.992494464 0.118187696 0.031409580 131.931777954
0.017277267 0.100563936 -0.994780540 -99.719909668 -0.114456475 0.988587558 0.097950004 -14.842123032 0.993277967 0.112166762 0.028590292 131.979980469
0.014053612 0.101110995 -0.994775891 -100.660316467 -0.108807117 0.989120841 0.098999061 -14.843288422 0.993963540 0.106847391 0.024902325 132.045562744
0.011568773 0.108696744 -0.994007647 -101.650131226 -0.098683111 0.989345431 0.107038401 -14.844464302 0.995051682 0.096853465 0.022172047 132.108840942
0.008963308 0.116975419 -0.993094325 -102.608612061 -0.090736710 0.989132345 0.115689777 -14.843298912 0.995834649 0.089073159 0.019479863 132.167831421
0.005464869 0.115957767 -0.993239105 -103.561523438 -0.086822249 0.989558160 0.115050323 -14.835542679 0.996208847 0.085606530 0.015475522 132.222335815
0.003242894 0.106512547 -0.994306087 -104.519790649 -0.087932244 0.990490139 0.105816998 -14.840836525 0.996121168 0.087088414 0.012577944 132.254379272
0.000984516 0.097021781 -0.995281816 -105.466758728 -0.089689523 0.991279602 0.096542932 -14.840201378 0.995969296 0.089171290 0.009677769 132.296447754
0.000779851 0.098602809 -0.995126486 -106.426162720 -0.097105622 0.990431428 0.098061502 -14.843316078 0.995273829 0.096555911 0.010347278 132.317199707
0.000033596 0.107960694 -0.994155169 -107.395179749 -0.100282535 0.989143968 0.107413113 -14.832212448 0.994958997 0.099692792 0.010859803 132.354034424
-0.001454990 0.119462982 -0.992837608 -108.358360291 -0.104342982 0.987401009 0.118961729 -14.822491646 0.994540334 0.103768729 0.011028464 132.386276245
-0.003227227 0.121013649 -0.992645621 -109.307777405 -0.111147687 0.986456633 0.120620511 -14.811425209 0.993798673 0.110719509 0.010266866 132.422317505
-0.002784323 0.118054762 -0.993003190 -110.299385071 -0.118660934 0.985952199 0.117549203 -14.795932770 0.992930889 0.118157975 0.011263278 132.442474365
-0.002972522 0.114031009 -0.993472755 -111.253601074 -0.126654953 0.985433459 0.113487214 -14.783953667 0.991942406 0.126165599 0.011513369 132.470123291
-0.000885810 0.116084352 -0.993238986 -112.219558716 -0.131329909 0.984623134 0.115194514 -14.767220497 0.991338372 0.130544022 0.014373158 132.498428345
0.000288668 0.117193788 -0.993109047 -113.205093384 -0.139435336 0.983412266 0.116008975 -14.750447273 0.990231156 0.138440967 0.016624834 132.527969360
0.000882041 0.120082766 -0.992763460 -114.169281006 -0.148756877 0.981733978 0.118616469 -14.736032486 0.988873482 0.147575766 0.018729063 132.550979614
0.001055453 0.122680247 -0.992445707 -115.143547058 -0.154590964 0.980535567 0.121043578 -14.719495773 0.987978101 0.153295338 0.020000163 132.580688477
0.001275741 0.121845238 -0.992548287 -116.125221252 -0.157909989 0.980120599 0.120116666 -14.709537506 0.987452626 0.156580105 0.020490959 132.625305176
0.002789197 0.112400383 -0.993659139 -117.080062866 -0.156939566 0.981398702 0.110572994 -14.713048935 0.987604260 0.155636027 0.020377381 132.661544800
0.004392825 0.100828238 -0.994894147 -118.031021118 -0.160128236 0.982136548 0.098828271 -14.705486298 0.987086356 0.158876538 0.020459801 132.699432373
