1.000000000 0.000000000 0.000000000 0.000000000 0.000000000 1.000000000 0.000000000 0.000000000 0.000000000 0.000000000 1.000000000 0.000000000
0.999997735 -0.001602568 -0.001401655 0.050780237 0.001599507 0.999996364 -0.002182321 -0.132133707 0.001405147 0.002180074 0.999996662 1.296947241
0.999997735 0.000005267 -0.002120041 0.104388840 -0.000018713 0.999979913 -0.006342571 -0.267516911 0.002119965 0.006342597 0.999977589 2.602066755
0.999996185 0.002398348 -0.001377750 0.148653984 -0.002409181 0.999965787 -0.007915683 -0.405679852 0.001358719 0.007918973 0.999967694 3.906245947
0.999983966 0.005668407 0.000172098 0.194254741 -0.005667139 0.999961853 -0.006641001 -0.543915272 -0.000209735 0.006639919 0.999977887 5.218012810
0.999975622 0.006554969 0.002414100 0.242838770 -0.006547063 0.999973238 -0.003268176 -0.691111386 -0.002435458 0.003252291 0.999991775 6.535852909
0.999960899 0.006780723 0.005678472 0.299831063 -0.006769402 0.999975026 -0.002010469 -0.828182399 -0.005691963 0.001971950 0.999981880 7.839039803
0.999942720 0.005401679 0.009242119 0.356469899 -0.005384828 0.999983788 -0.001847185 -0.962359369 -0.009251946 0.001797312 0.999955595 9.148941040
0.999911726 0.004030486 0.012663084 0.433815122 -0.004008933 0.999990463 -0.001726974 -1.099144578 -0.012669924 0.001676056 0.999918282 10.448199272
0.999870121 0.002652161 0.015895499 0.499023408 -0.002612278 0.999993324 -0.002529298 -1.234740734 -0.015902106 0.002487445 0.999870479 11.759816170
0.999810457 0.001613973 0.019398671 0.572880387 -0.001547968 0.999993026 -0.003417050 -1.370713353 -0.019404046 0.003386374 0.999806046 13.050394058
0.999746442 0.001308806 0.022480428 0.649195552 -0.001231987 0.999993384 -0.003430626 -1.513990760 -0.022484768 0.003402061 0.999741316 14.377025604
0.999661624 0.001342856 0.025978148 0.731184840 -0.001228631 0.999989569 -0.004412425 -1.653396249 -0.025983799 0.004379014 0.999652743 15.675278664
0.999574184 0.002308369 0.029085316 0.814681888 -0.002183204 0.999988198 -0.004334398 -1.791460395 -0.029094977 0.004269054 0.999567509 16.965940475
0.999476254 0.001863056 0.032305673 0.905692637 -0.001738617 0.999990940 -0.003879576 -1.931558609 -0.032312613 0.003821377 0.999470472 18.250167847
0.999411941 0.000185935 0.034288377 1.006374836 -0.000057446 0.999992967 -0.003748241 -2.071484566 -0.034288831 0.003744067 0.999404967 19.546733856
0.999350905 -0.002253230 0.035956465 1.101820946 0.002436510 0.999984264 -0.005054257 -2.211406708 -0.035944507 0.005138584 0.999340653 20.824243546
0.999315679 -0.002082909 0.036929395 1.204190731 0.002335721 0.999974072 -0.006803991 -2.351697683 -0.036914259 0.006885591 0.999294698 22.124509811
0.999272943 -0.002198781 0.038061354 1.290756702 0.002563786 0.999951184 -0.009543751 -2.493284941 -0.038038518 0.009634392 0.999229789 23.404851913
0.999232233 -0.001556160 0.039147738 1.390554428 0.001986670 0.999937952 -0.010960571 -2.636804342 -0.039128251 0.011029928 0.999173343 24.694389343
0.999184549 -0.000920227 0.040366504 1.487691402 0.001389176 0.999931872 -0.011590778 -2.783187151 -0.040353093 0.011637400 0.999117732 25.966226578
0.999170423 -0.002579785 0.040642805 1.588428020 0.003012431 0.999939442 -0.010587423 -2.929255962 -0.040613029 0.010701072 0.999117792 27.258087158
0.999164283 -0.005563050 0.040495921 1.691075087 0.005949961 0.999937713 -0.009440066 -3.077334881 -0.040440891 0.009673124 0.999135137 28.536478043
0.999188423 -0.007118380 0.039645609 1.789364815 0.007512506 0.999923706 -0.009801132 -3.224082947 -0.039572824 0.010091016 0.999165714 29.828252792
0.999202669 -0.008791420 0.038945414 1.893637419 0.009282406 0.999879479 -0.012444216 -3.368313074 -0.038831316 0.012795801 0.999163866 31.095315933
0.999235272 -0.008820157 0.038095791 1.999931574 0.009305016 0.999877691 -0.012568884 -3.518355846 -0.037980277 0.012913752 0.999195039 32.383064270
0.999247074 -0.009400299 0.037643980 2.095283747 0.009889611 0.999868751 -0.012833362 -3.664713144 -0.037518397 0.013195985 0.999208808 33.648426056
0.999265254 -0.009944940 0.037014600 2.195927382 0.010429434 0.999862075 -0.012919296 -3.806619883 -0.036881022 0.013295845 0.999231219 34.912723541
0.999279737 -0.010554144 0.036450665 2.288562059 0.011050170 0.999848723 -0.013433598 -3.951863050 -0.036303367 0.013826708 0.999245226 36.175056458
0.999321818 -0.011084531 0.035112213 2.405662060 0.011570096 0.999839783 -0.013656054 -4.107305527 -0.034955215 0.014053046 0.999289989 37.461746216
0.999313474 -0.010749338 0.035453919 2.491509199 0.011179670 0.999865949 -0.011961954 -4.253376007 -0.035320580 0.012350105 0.999299645 38.727416992
0.999279380 -0.010902754 0.036356863 2.595164776 0.011300812 0.999878168 -0.010761147 -4.395400047 -0.036235113 0.011164255 0.999280930 39.991664886
0.999192357 -0.012718637 0.038115483 2.700293303 0.013068534 0.999874592 -0.008944815 -4.540199280 -0.037996940 0.009435705 0.999233305 41.241352081
0.999088764 -0.013543720 0.040474255 2.800986767 0.013970954 0.999849439 -0.010291521 -4.684137821 -0.040328775 0.010847609 0.999127567 42.508148193
0.998971045 -0.014801470 0.042868439 2.896923304 0.015390749 0.999791086 -0.013448951 -4.832956314 -0.042660419 0.014094890 0.998990238 43.759433746
0.998866558 -0.015871121 0.044876941 3.003951311 0.016531929 0.999759734 -0.014392233 -4.983161926 -0.044637732 0.015117819 0.998888850 45.027862549
0.998727798 -0.015966572 0.047830965 3.120546818 0.016617587 0.999774158 -0.013244185 -5.119195938 -0.047608700 0.014022169 0.998767674 46.269462585
0.998551607 -0.017348437 0.050927829 3.242150307 0.017874472 0.999791265 -0.009891840 -5.272023678 -0.050745588 0.010787822 0.998653352 47.536148071
0.998286664 -0.020311080 0.054875556 3.360747099 0.020778801 0.999752402 -0.007966190 -5.409588814 -0.054700166 0.009092790 0.998461425 48.763687134
0.998046041 -0.022458291 0.058306012 3.492147684 0.022986416 0.999700487 -0.008402881 -5.546749115 -0.058099829 0.009726710 0.998263359 50.025066376
0.997777641 -0.025663693 0.061491475 3.632826090 0.026465043 0.999574661 -0.012252914 -5.680127621 -0.061150860 0.013853056 0.998032391 51.254188538
0.997485578 -0.027253604 0.065421835 3.763912439 0.028109429 0.999530375 -0.012196749 -5.816887856 -0.065058716 0.014005051 0.997783184 52.480224609
0.997138619 -0.029715674 0.069509178 3.893020153 0.030465666 0.999488235 -0.009754494 -5.955288887 -0.069183752 0.011844226 0.997533619 53.700832367
0.996838570 -0.032364216 0.072562143 4.040559292 0.032916777 0.999437332 -0.006431919 -6.091744900 -0.072313145 0.008800097 0.997343183 54.911296844
0.996615887 -0.034867838 0.074437894 4.200471878 0.035292953 0.999367356 -0.004402895 -6.226173878 -0.074237265 0.007015127 0.997215986 56.111949921
0.996406794 -0.037853077 0.075766332 4.342404366 0.038094413 0.999272645 -0.001742099 -6.346778393 -0.075645268 0.004622113 0.997124076 57.334213257
0.996259630 -0.040945549 0.076092988 4.499573708 0.041080516 0.999155819 -0.000208645 -6.473081589 -0.076020196 0.003333804 0.997100711 58.538028717
0.996197343 -0.043088689 0.075724810 4.642399788 0.043471437 0.999048769 -0.003412636 -6.599940300 -0.075505733 0.006691525 0.997122943 59.742973328
0.996206582 -0.044161446 0.074981421 4.788997173 0.044875100 0.998961687 -0.007858980 -6.726956844 -0.074556507 0.011193968 0.997153938 60.930194855
0.996221781 -0.045756798 0.073813833 4.924415588 0.046748154 0.998837471 -0.011758232 -6.858299732 -0.073190011 0.015164468 0.997202635 62.137638092
0.996266544 -0.047278136 0.072234653 5.072619915 0.048420992 0.998726726 -0.014152080 -6.991867065 -0.071473584 0.017596919 0.997287154 63.331638336
0.996383369 -0.047666438 0.070342988 5.199110031 0.048798341 0.998704016 -0.014460510 -7.126484871 -0.069562547 0.017840831 0.997417927 64.503288269
0.996617556 -0.047103889 0.067340016 5.339042664 0.048135139 0.998745859 -0.013773499 -7.268802643 -0.066606775 0.016968330 0.997635126 65.726638794
0.996835172 -0.046204910 0.064688914 5.455371857 0.047054429 0.998824120 -0.011670163 -7.401868343 -0.064073645 0.014677132 0.997837186 66.906013489
0.997262895 -0.042370230 0.060592737 5.579145432 0.042941187 0.999044359 -0.008151239 -7.534663200 -0.060189463 0.010730851 0.998129427 68.089927673
0.997543514 -0.040413219 0.057216085 5.696868420 0.040818684 0.999149024 -0.005935287 -7.660982132 -0.056927532 0.008256194 0.998344183 69.267906189
0.997725189 -0.039483253 0.054637358 5.798235416 0.040031455 0.999158204 -0.008975464 -7.797766685 -0.054236986 0.011142262 0.998465896 70.438819885
0.997941911 -0.039254721 0.050704475 5.915802002 0.040115312 0.999065876 -0.016067550 -7.931123257 -0.050026383 0.018068511 0.998584390 71.617355347
0.997940123 -0.043236502 0.047393136 6.021909237 0.044180494 0.998841763 -0.019054778 -8.067127228 -0.046514384 0.021109382 0.998694599 72.787162781
0.997969508 -0.046867918 0.043131012 6.128754139 0.047527466 0.998766124 -0.014395045 -8.203125000 -0.042403128 0.016415721 0.998965740 73.957603455
0.997960210 -0.050447978 0.039120380 6.228239059 0.050845731 0.998663723 -0.009239438 -8.333189011 -0.038601991 0.011209693 0.999191821 75.119216919
0.998007298 -0.052895013 0.034401741 6.325306416 0.053150538 0.998564959 -0.006555457 -8.461295128 -0.034005620 0.008370864 0.999386609 76.303886414
0.998176217 -0.052156590 0.030395225 6.413629532 0.052303437 0.998623073 -0.004055798 -8.587770462 -0.030141832 0.005638177 0.999529779 77.463195801
0.998296440 -0.051839329 0.026779193 6.499313831 0.051964980 0.998640776 -0.004017048 -8.707379341 -0.026534559 0.005401785 0.999633312 78.615692139
0.998445332 -0.050356090 0.023900211 6.565569878 0.050515272 0.998704553 -0.006103740 -8.834637642 -0.023561891 0.007301576 0.999695718 79.789344788
0.998626530 -0.048128407 0.020705756 6.640478134 0.048367519 0.998766720 -0.011206452 -8.962651253 -0.020140875 0.012192546 0.999722779 80.933677673
0.998535275 -0.051416494 0.016841179 6.724528790 0.051687468 0.998533905 -0.016070517 -9.101077080 -0.015990203 0.016917458 0.999728978 82.092597961
0.998396516 -0.054780420 0.014269730 6.785412788 0.055018812 0.998342454 -0.016887099 -9.234369278 -0.013320996 0.017645122 0.999755561 83.226425171
0.998443007 -0.054791808 0.010470540 6.848285198 0.054930042 0.998400211 -0.013403077 -9.367362022 -0.009719412 0.013957355 0.999855340 84.379089355
0.998440921 -0.055231217 0.008068070 6.906329632 0.055317290 0.998409688 -0.010866650 -9.495553017 -0.007455061 0.011296013 0.999908388 85.512077332
0.998579741 -0.052751787 0.007455781 6.959695339 0.052844252 0.998520732 -0.012803193 -9.622900009 -0.006769360 0.013179005 0.999890268 86.654998779
0.998779893 -0.048971321 0.006367039 7.013507366 0.049066208 0.998671889 -0.015715616 -9.757165909 -0.005588969 0.016008848 0.999856234 87.783050537
0.998843670 -0.047813077 0.005020276 7.068268299 0.047897074 0.998686254 -0.018211758 -9.889741898 -0.004142920 0.018431157 0.999821544 88.899879456
0.998796999 -0.048831847 0.004466984 7.113709450 0.048907228 0.998628318 -0.018699132 -10.024563789 -0.003547744 0.018895108 0.999815166 90.026367188
0.998776078 -0.049340371 0.003438169 7.168041229 0.049390934 0.998641074 -0.016625883 -10.156683922 -0.002613170 0.016775347 0.999855876 91.131835938
0.998685420 -0.051207490 0.002261223 7.226991653 0.051233850 0.998591840 -0.013763984 -10.284511566 -0.001553220 0.013861743 0.999902666 92.241767883
0.998693943 -0.051040728 0.002240736 7.278960228 0.051066112 0.998606682 -0.013309823 -10.410883904 -0.001558271 0.013406869 0.999908924 93.381652832
0.998689592 -0.051125430 0.002305755 7.319648743 0.051155023 0.998571336 -0.015440646 -10.546948433 -0.001513051 0.015538361 0.999878109 94.526741028
0.998685420 -0.051228765 0.001761529 7.376904488 0.051252965 0.998506188 -0.018930800 -10.676946640 -0.000789097 0.018996198 0.999819160 95.626464844
0.998636603 -0.052187737 0.001185799 7.434113503 0.052201025 0.998434305 -0.020097049 -10.809804916 -0.000135123 0.020131547 0.999797285 96.731369019
0.998637795 -0.052140225 0.001985061 7.476418495 0.052168526 0.998458445 -0.018948639 -10.945544243 -0.000994015 0.019026380 0.999818504 97.811164856
0.998651922 -0.051850144 0.002428099 7.528878212 0.051877804 0.998566031 -0.013206567 -11.069008827 -0.001739855 0.013314729 0.999909818 98.899566650
0.998750567 -0.049847297 0.003543032 7.583611965 0.049881086 0.998703182 -0.010192385 -11.189693451 -0.003030375 0.010356381 0.999941766 99.974815369
0.998833835 -0.047953539 0.005594200 7.637045860 0.048009753 0.998792887 -0.010390533 -11.303349495 -0.005089184 0.010646993 0.999930322 101.023300171
0.998894334 -0.046419058 0.007438396 7.688437939 0.046504512 0.998848855 -0.011759269 -11.433396339 -0.006883979 0.012092186 0.999903202 102.076416016
0.998866200 -0.046570223 0.009872645 7.742956161 0.046709258 0.998805344 -0.014353557 -11.551025391 -0.009192402 0.014798426 0.999848247 103.091728210
0.998777807 -0.048077244 0.011465640 7.810508728 0.048244879 0.998725593 -0.014821642 -11.672197342 -0.010738445 0.015356685 0.999824405 104.106010437
0.998663604 -0.049804635 0.013801279 7.859240532 0.050001699 0.998646379 -0.014321294 -11.791259766 -0.013069330 0.014992241 0.999802291 105.107666016
0.998652697 -0.049576551 0.015321260 7.923738956 0.049776092 0.998676717 -0.012928906 -11.905999184 -0.014660016 0.013674121 0.999799073 106.067268372
0.998585045 -0.050370261 0.017048756 7.980276108 0.050566457 0.998656988 -0.011278940 -12.018259048 -0.016457735 0.012125075 0.999791026 107.018981934
0.998513699 -0.051114291 0.018913215 8.039613724 0.051342875 0.998611331 -0.011804448 -12.125033379 -0.018283574 0.012757962 0.999751449 107.936012268
0.998501718 -0.050611094 0.020805223 8.100511551 0.050825641 0.998658299 -0.009915581 -12.226926804 -0.020275470 0.010958165 0.999734402 108.841217041
0.998498380 -0.049839105 0.022739813 8.159915924 0.050027862 0.998717248 -0.007808264 -12.324907303 -0.022321489 0.008934163 0.999710917 109.711029053
0.998472393 -0.049874991 0.023778088 8.223665237 0.049997211 0.998738885 -0.004572746 -12.427734375 -0.023520039 0.005754599 0.999706805 110.567489624
0.998420417 -0.050113980 0.025405223 8.284746170 0.050241105 0.998727500 -0.004389988 -12.521234512 -0.025152894 0.005659440 0.999667645 111.393119812
0.998451233 -0.048735362 0.026833838 8.334523201 0.048854042 0.998798847 -0.003784743 -12.609582901 -0.026617156 0.005089823 0.999632716 112.209297180
0.998547077 -0.046445120 0.027326901 8.388373375 0.046556938 0.998909533 -0.003469655 -12.690562248 -0.027135951 0.004736870 0.999620497 112.991157532
0.998677492 -0.043989312 0.026612002 8.437049866 0.044015579 0.999030709 -0.000401850 -12.768884659 -0.026568530 0.001572661 0.999645710 113.743614197
0.998740852 -0.044320356 0.023507491 8.486319542 0.044315230 0.999017239 0.000739214 -12.857339859 -0.023517160 0.000303457 0.999723315 114.492858887
0.998874843 -0.044228874 0.017114868 8.522619247 0.044222288 0.999021351 0.000763414 -12.931340218 -0.017131887 -0.000005696 0.999853194 115.189727783
0.999067903 -0.042614873 0.006869813 8.549621582 0.042617336 0.999091387 -0.000212520 -13.009844780 -0.006854519 0.000505095 0.999976397 115.858680725
0.999175847 -0.039969061 -0.007076191 8.552169800 0.039948355 0.999197066 -0.003043884 -13.077813148 0.007192172 0.002758693 0.999970317 116.500122070
0.998922646 -0.038429737 -0.026012115 8.550985336 0.038298234 0.999250948 -0.005534870 -13.150089264 0.026205339 0.004532688 0.999646306 117.127128601
0.998145700 -0.036840260 -0.048457190 8.519380569 0.036498748 0.999302387 -0.007914131 -13.219202042 0.048714943 0.006130828 0.998793960 117.715797424
0.996462524 -0.035433415 -0.076204091 8.479205132 0.034794465 0.999347389 -0.009696539 -13.286597252 0.076497950 0.007010757 0.997045100 118.284339905
0.993546665 -0.033376783 -0.108402498 8.410035133 0.032331564 0.999412298 -0.011385807 -13.357131958 0.108718812 0.007807507 0.994041800 118.829910278
0.989184856 -0.028817065 -0.143815964 8.302804947 0.027229324 0.999544740 -0.012996542 -13.421592712 0.144124985 0.008939970 0.989519060 119.376747131
0.982996881 -0.022516521 -0.182236567 8.188196182 0.020597732 0.999710739 -0.012415210 -13.481500626 0.182463452 0.008450453 0.983176291 119.893630981
0.974492729 -0.017261049 -0.223754510 8.047691345 0.015351139 0.999829412 -0.010272560 -13.540254593 0.223893672 0.006575650 0.974591374 120.397979736
0.963195920 -0.012510249 -0.268509448 7.875333786 0.010585205 0.999906778 -0.008615933 -13.599240303 0.268592179 0.005456605 0.963238537 120.892623901
0.948952794 -0.006332992 -0.315354764 7.684638977 0.003632640 0.999951601 -0.009149943 -13.653896332 0.315397501 0.007537292 0.948929727 121.369895935
0.931581974 0.001533626 -0.363528222 7.454502106 -0.005533615 0.999935091 -0.009962073 -13.711798668 0.363489300 0.011292112 0.931529999 121.843772888
0.910465658 0.005985917 -0.413541287 7.201953888 -0.011526977 0.999874055 -0.010905205 -13.762778282 0.413423955 0.014695696 0.910420001 122.275413513
0.885384262 0.010207011 -0.464747757 6.935455322 -0.016512359 0.999818563 -0.009498964 -13.816431046 0.464566499 0.016084312 0.885392129 122.688522339
0.856293559 0.013423297 -0.516314983 6.651248932 -0.021291364 0.999729872 -0.009319864 -13.858825684 0.516050398 0.018973591 0.856348038 123.091567993
0.824760377 0.023238283 -0.565004706 6.325405121 -0.032162905 0.999465585 -0.005842119 -13.911653519 0.564566970 0.022990540 0.825066984 123.461509705
0.790798426 0.035947550 -0.611020088 5.980072021 -0.045093913 0.998982668 0.000410422 -13.948314667 0.610413253 0.027228726 0.791614950 123.812957764
0.754887462 0.044741530 -0.654326379 5.623401642 -0.056357410 0.998405337 0.003250183 -13.990260124 0.653428435 0.034422621 0.756205201 124.129577637
0.715065956 0.048609648 -0.697364807 5.255317688 -0.063416399 0.997976899 0.004537653 -14.039494514 0.696174681 0.040979642 0.716701865 124.427902222
0.672875464 0.050441373 -0.738033950 4.875148773 -0.066411369 0.997763038 0.007644576 -14.084811211 0.736768723 0.043870002 0.674720168 124.706146240
0.629136920 0.053981945 -0.775417745 4.464096069 -0.069847077 0.997475982 0.012770307 -14.120740891 0.774149954 0.046126384 0.631319463 124.977394104
0.584178507 0.062698051 -0.809199810 4.039192200 -0.081030801 0.996535897 0.018715288 -14.153428078 0.807570159 0.054637052 0.587235212 125.206596375
0.538544953 0.071506552 -0.839557052 3.596202850 -0.092729740 0.995369911 0.025294691 -14.177303314 0.837478757 0.064229593 0.542682230 125.417968750
0.491372228 0.076342650 -0.867597282 3.145851135 -0.098092757 0.994663656 0.031967834 -14.202709198 0.865408063 0.069396891 0.496238887 125.621139526
0.444271356 0.077422507 -0.892540574 2.671401978 -0.097800605 0.994496047 0.037585270 -14.224650383 0.890538037 0.070592955 0.449398071 125.806060791
0.397378176 0.079189636 -0.914231658 2.199337006 -0.095557638 0.994424164 0.044600911 -14.246598244 0.912666023 0.069638401 0.402729630 125.973175049
0.351566702 0.082117230 -0.932554305 1.704593658 -0.097088873 0.993972063 0.050923597 -14.269687653 0.931114793 0.072637603 0.357420176 126.120491028
0.307589948 0.085425980 -0.947676539 1.202785492 -0.102371372 0.993151784 0.056298286 -14.290607452 0.945996046 0.079698168 0.314228773 126.236930847
0.266210645 0.087072723 -0.959974051 0.674808502 -0.107568190 0.992374539 0.060181793 -14.307482719 0.957893968 0.087241642 0.273546994 126.343635559
0.227183595 0.083629474 -0.970254481 0.147611618 -0.108056076 0.992318630 0.060230099 -14.323918343 0.967838526 0.091158606 0.234475151 126.438598633
0.192784756 0.078403316 -0.978103697 -0.387645721 -0.102817155 0.992929578 0.059326403 -14.341098785 0.975839496 0.089128621 0.199482828 126.526191711
0.162726104 0.073620282 -0.983920813 -0.943416595 -0.100422874 0.993269742 0.057711311 -14.361704826 0.981547415 0.089417018 0.169024050 126.600723267
0.135113418 0.071929507 -0.988215804 -1.501356125 -0.100602970 0.993203104 0.058537621 -14.383974075 0.985709608 0.091508217 0.141431376 126.685173035
0.112959363 0.071084447 -0.991053581 -2.083353043 -0.101853460 0.993011475 0.059615724 -14.399180412 0.988365412 0.094208084 0.119410127 126.750434875
0.094783932 0.072385482 -0.992862701 -2.688858032 -0.104064286 0.992609084 0.062432475 -14.411669731 0.990043759 0.097403966 0.101616099 126.798484802
0.078478955 0.070817076 -0.994397283 -3.291888237 -0.104936376 0.992519259 0.062401634 -14.437576294 0.991377592 0.099451236 0.085323140 126.853134155
0.064953975 0.069727525 -0.995449185 -3.913814545 -0.104353584 0.992560863 0.062716052 -14.463096619 0.992416918 0.099805035 0.071747065 126.895530701
0.052173279 0.067200668 -0.996374547 -4.558074951 -0.098749958 0.993190587 0.061815068 -14.486472130 0.993743598 0.095166840 0.058454067 126.953536987
0.040033177 0.064559251 -0.997110486 -5.204958916 -0.096448831 0.993500412 0.060453173 -14.504472733 0.994532466 0.093750015 0.045999646 126.997123718
0.029211441 0.064213470 -0.997508526 -5.863958359 -0.095860168 0.993514776 0.061149161 -14.525569916 0.994966090 0.093835086 0.035177521 127.032272339
0.020327833 0.065794110 -0.997626126 -6.534035683 -0.099551618 0.993006587 0.063460954 -14.549064636 0.994824767 0.098025277 0.026735585 127.041763306
0.011745431 0.065240338 -0.997800410 -7.231721878 -0.102262959 0.992715418 0.063704096 -14.573914528 0.994688034 0.101289786 0.018331544 127.062301636
0.005359774 0.064708337 -0.997889876 -7.918844700 -0.104973257 0.992427051 0.063790284 -14.595224380 0.994460583 0.104409844 0.012111830 127.080314636
-0.000099991 0.066038221 -0.997817099 -8.614275932 -0.105496362 0.992248297 0.065680243 -14.616250038 0.994419634 0.105272651 0.006867575 127.097282410
-0.003487979 0.068015330 -0.997678161 -9.333607674 -0.107350707 0.991893291 0.067996249 -14.632199287 0.994215071 0.107338622 0.003841789 127.118164062
-0.004446917 0.071502805 -0.997430444 -10.052209854 -0.109758638 0.991379023 0.071558341 -14.652293205 0.993948340 0.109794833 0.003439469 127.132225037
-0.005308282 0.075088814 -0.997162640 -10.784981728 -0.112476647 0.990804076 0.075208738 -14.668531418 0.993640125 0.112556756 0.003186269 127.140708923
-0.006791115 0.080651544 -0.996719241 -11.512461662 -0.117107183 0.989819467 0.080891140 -14.679293633 0.993096054 0.117272340 0.002722899 127.157333374
-0.008007935 0.084315501 -0.996406913 -12.250443459 -0.119979925 0.989159405 0.084666476 -14.692574501 0.992744029 0.120226853 0.002195043 127.174720764
-0.009610545 0.084783971 -0.996353090 -12.995519638 -0.119345360 0.989179611 0.085324749 -14.708809853 0.992806315 0.119730122 0.000612020 127.192268372
-0.010576673 0.081609227 -0.996608257 -13.762600899 -0.117682122 0.989636183 0.082287222 -14.727533340 0.992994964 0.118153304 -0.000863113 127.208206177
-0.012364875 0.078355446 -0.996848702 -14.513881683 -0.121461235 0.989425123 0.079278521 -14.734411240 0.992519140 0.122058779 -0.002716966 127.222335815
-0.013659384 0.080132872 -0.996690571 -15.285268784 -0.126141384 0.988682032 0.081217729 -14.744732857 0.991918206 0.126833349 -0.003396716 127.224876404
-0.014779265 0.083218545 -0.996421695 -16.061634064 -0.123455890 0.988753557 0.084409267 -14.758878708 0.992239952 0.124261618 -0.004339232 127.237319946
-0.017104594 0.083459951 -0.996364355 -16.837413788 -0.122399420 0.988840342 0.084930949 -14.775401115 0.992333531 0.123407140 -0.006698260 127.253150940
-0.017761394 0.082925171 -0.996397376 -17.625617981 -0.125510305 0.988486767 0.084504098 -14.785560608 0.991933286 0.126559034 -0.007148944 127.253440857
-0.018669629 0.082299441 -0.996432781 -18.416950226 -0.129523233 0.988009393 0.084030531 -14.794950485 0.991400540 0.130630061 -0.007786081 127.265823364
-0.019974878 0.086466268 -0.996054590 -19.213865280 -0.131446511 0.987378418 0.088349149 -14.799979210 0.991121948 0.132692665 -0.008357073 127.276153564
-0.020753896 0.091529377 -0.995586157 -20.014619827 -0.130549505 0.987026572 0.093463883 -14.815340042 0.991224468 0.131912962 -0.008535533 127.290687561
-0.019639157 0.093914539 -0.995386481 -20.840045929 -0.131585628 0.986675620 0.095688872 -14.821878433 0.991110265 0.132857785 -0.007019676 127.305625916
-0.017916201 0.092796616 -0.995523870 -21.657926559 -0.130953670 0.986888766 0.094348453 -14.828761101 0.991226614 0.132057875 -0.005529242 127.319030762
-0.016861811 0.093053997 -0.995518267 -22.489791870 -0.130923256 0.986881733 0.094464265 -14.834840775 0.991249144 0.131929323 -0.004457681 127.332275391
-0.016661163 0.091615133 -0.995655239 -23.319988251 -0.129282713 0.987236619 0.093003929 -14.835446358 0.991467774 0.130270556 -0.004604260 127.354827881
-0.015810311 0.093731001 -0.995472014 -24.157382965 -0.130208984 0.986925364 0.094994284 -14.842621803 0.991360486 0.131121278 -0.003398979 127.374488831
-0.015168371 0.095768623 -0.995288074 -24.995294571 -0.131839842 0.986520171 0.096934222 -14.842786789 0.991154909 0.132688940 -0.002337784 127.390052795
-0.015234678 0.098174110 -0.995052755 -25.869407654 -0.134845778 0.985874951 0.099333197 -14.842176437 0.990749419 0.135691956 -0.001781123 127.405433655
-0.013609850 0.099230759 -0.994971335 -26.732715607 -0.136988059 0.985495985 0.100159571 -14.838554382 0.990479350 0.137662351 0.000180977 127.418373108
-0.011937862 0.102442108 -0.994667292 -27.601924896 -0.143682256 0.984239519 0.103092581 -14.838444710 0.989551902 0.144146785 0.002969399 127.434761047
-0.009482385 0.106091224 -0.994311213 -28.483654022 -0.148245364 0.983218729 0.106321424 -14.831980705 0.988905132 0.148410201 0.006404271 127.449821472
-0.007373993 0.107951127 -0.994128942 -29.357738495 -0.150754333 0.982673347 0.107825406 -14.826293945 0.988543749 0.150664315 0.009027872 127.481147766
-0.003507743 0.108846873 -0.994052291 -30.255334854 -0.149777129 0.982788026 0.108141959 -14.827795029 0.988713562 0.149265677 0.012855402 127.504119873
-0.001006786 0.108673982 -0.994076908 -31.145273209 -0.152257651 0.982470632 0.107559383 -14.821184158 0.988340318 0.151464090 0.015557306 127.536239624
0.001511878 0.112434827 -0.993657947 -32.047992706 -0.152783319 0.982019126 0.110885434 -14.811972618 0.988258421 0.151646689 0.018662861 127.567848206
0.003815686 0.114696220 -0.993393302 -32.959499359 -0.152033523 0.981918931 0.112787426 -14.808151245 0.988367975 0.150598750 0.021184368 127.609535217
0.005640016 0.115838833 -0.993251979 -33.852222443 -0.152590066 0.981735528 0.113629252 -14.803117752 0.988273442 0.150919542 0.023212858 127.651336670
0.008208892 0.113921866 -0.993455768 -34.756168365 -0.153745174 0.981820166 0.111317195 -14.794161797 0.988076448 0.151825219 0.025574597 127.683059692
0.008631846 0.115172632 -0.993308008 -35.663963318 -0.158137128 0.981002212 0.112371579 -14.784018517 0.987379432 0.156108871 0.026680928 127.724632263
0.009759828 0.115732059 -0.993232548 -36.557201385 -0.158914164 0.980835915 0.112726063 -14.778594971 0.987244248 0.156738505 0.027964247 127.762336731
0.010087060 0.112339430 -0.993618727 -37.455070496 -0.159217075 0.981172740 0.109315939 -14.776678085 0.987192094 0.157098383 0.027783500 127.799468994
0.010811280 0.108151473 -0.994075656 -38.360580444 -0.160417378 0.981445074 0.105032675 -14.777141571 0.986990094 0.158331439 0.027960055 127.846405029
0.011435416 0.107311644 -0.994159698 -39.258171082 -0.160109878 0.981593251 0.104113504 -14.770622253 0.987033010 0.157984227 0.028406583 127.888366699
0.011393911 0.111396894 -0.993710697 -40.162799835 -0.162722945 0.980734825 0.108076490 -14.763420105 0.986606061 0.160468146 0.029301241 127.926651001
0.011444611 0.117647998 -0.992989540 -41.090885162 -0.163188815 0.979960501 0.114223525 -14.753665924 0.986528397 0.160737574 0.030414103 127.971054077
0.011679599 0.116445668 -0.993128359 -41.985977173 -0.161042690 0.980449617 0.113065146 -14.753980637 0.986878335 0.158615515 0.030203979 128.017303467
0.012677561 0.106191054 -0.994264901 -42.876953125 -0.160164431 0.981721699 0.102809191 -14.760557175 0.987008929 0.157942474 0.029453866 128.059997559
0.012955871 0.095505781 -0.995344520 -43.795574188 -0.162152126 0.982452810 0.092158146 -14.762199402 0.986680686 0.160203248 0.028214999 128.100585938
0.011996665 0.092450708 -0.995644987 -44.697860718 -0.158997610 0.983224571 0.089381650 -14.769862175 0.987206101 0.157232881 0.026494857 128.146759033
0.011871389 0.102485672 -0.994663656 -45.618869781 -0.151509777 0.983433008 0.099520236 -14.771838188 0.988384366 0.149519831 0.027202293 128.196975708
0.011752245 0.115612030 -0.993224859 -46.565910339 -0.146686867 0.982746899 0.112656727 -14.769899368 0.989113092 0.144369096 0.028508248 128.260101318
0.011939885 0.124765664 -0.992114425 -47.487476349 -0.146839976 0.981647372 0.121682160 -14.761199951 0.989088178 0.144229174 0.030041343 128.306991577
0.011926258 0.118809074 -0.992845535 -48.402923584 -0.147041738 0.982330382 0.115784451 -14.755714417 0.989058375 0.144608840 0.029185414 128.347854614
0.012002874 0.105469011 -0.994350135 -49.330097198 -0.147086903 0.983790696 0.102573492 -14.756855011 0.989050686 0.145024732 0.027321428 128.389389038
0.012598719 0.096550226 -0.995248318 -50.245594025 -0.147593856 0.984604359 0.093649268 -14.756039619 0.988967836 0.145712703 0.026654968 128.434860229
0.013065578 0.096592516 -0.995238245 -51.178585052 -0.146425292 0.984778345 0.093655050 -14.762429237 0.989135444 0.144504428 0.027010288 128.481231689
0.012348933 0.098152049 -0.995094836 -52.108448029 -0.149426967 0.984177113 0.095220797 -14.778625488 0.988695741 0.147518158 0.026820093 128.523376465
0.012975690 0.097469047 -0.995153964 -53.074878693 -0.154419377 0.983493567 0.094313540 -14.781955719 0.987920165 0.152447313 0.027812613 128.560516357
0.013458272 0.096922517 -0.995200932 -54.005893707 -0.156036586 0.983301342 0.093653515 -14.783460617 0.987659574 0.154027313 0.028356999 128.605346680
0.014519740 0.104338445 -0.994435847 -54.952716827 -0.165377349 0.981093943 0.100523904 -14.779748917 0.986123443 0.162997574 0.031500440 128.637619019
0.016241170 0.114094481 -0.993337154 -55.902660370 -0.171020910 0.979144990 0.109668158 -14.776819229 0.985133529 0.168100297 0.035415005 128.673141479
0.017200518 0.122038297 -0.992376268 -56.861728668 -0.171398968 0.978190958 0.117323048 -14.770750046 0.985051453 0.168074250 0.037742633 128.731170654
0.018117718 0.122875877 -0.992256641 -57.804439545 -0.172731742 0.977882087 0.117941901 -14.762142181 0.984802186 0.169257358 0.038941566 128.778884888
0.019394550 0.113288037 -0.993372858 -58.741744995 -0.174318105 0.978725195 0.108214185 -14.758769989 0.984498322 0.171064079 0.038730092 128.832809448
0.020576661 0.108260766 -0.993909538 -59.683788300 -0.172842443 0.979536891 0.103116915 -14.754551888 0.984734535 0.169667929 0.038867660 128.888122559
0.022790764 0.106945291 -0.994003654 -60.638191223 -0.171727106 0.979902685 0.101490781 -14.763554573 0.984880865 0.168384284 0.040698145 128.948150635
0.026011730 0.112409934 -0.993321359 -61.623119354 -0.173258558 0.979126513 0.106266513 -14.752413750 0.984532773 0.169337258 0.044944763 129.007888794
0.029660933 0.114600770 -0.992968798 -62.583438873 -0.176030397 0.978478611 0.107670240 -14.752246857 0.983937860 0.171599075 0.049195807 129.064224243
0.033995289 0.109563820 -0.993398190 -63.534797668 -0.175543562 0.979174614 0.101987749 -14.754289627 0.983884633 0.170917585 0.052520558 129.123626709
0.036769308 0.103759289 -0.993922532 -64.490356445 -0.175432906 0.979819477 0.095797017 -14.761519432 0.983804584 0.170844316 0.054230072 129.195663452
0.040251572 0.103391923 -0.993825972 -65.453254700 -0.172662124 0.980388999 0.095000923 -14.759475708 0.984158337 0.167772204 0.057314068 129.270095825
0.042369045 0.107934684 -0.993254721 -66.431274414 -0.170360580 0.980368912 0.099267386 -14.777903557 0.984470487 0.165005565 0.059925105 129.359359741
0.045722011 0.114704311 -0.992346883 -67.389816284 -0.169728741 0.979834199 0.105437785 -14.779651642 0.984429657 0.163608968 0.064268611 129.440551758
0.048321001 0.118692674 -0.991754532 -68.356094360 -0.167524323 0.979812443 0.109101221 -14.784593582 0.984683037 0.160871163 0.067229435 129.525543213
0.050424118 0.120498352 -0.991432071 -69.335884094 -0.167073026 0.979723990 0.110578030 -14.785271645 0.984654248 0.160065815 0.069533743 129.609024048
0.052850101 0.117597520 -0.991653979 -70.279121399 -0.165388137 0.980358422 0.107443653 -14.782045364 0.984811485 0.158329383 0.071261264 129.685806274
0.053486541 0.116127320 -0.991793215 -71.225357056 -0.163375333 0.980849206 0.106035218 -14.784933090 0.985113084 0.156363100 0.071434580 129.774887085
0.053944457 0.112641692 -0.992170334 -72.170890808 -0.160273403 0.981711209 0.102740154 -14.793922424 0.985597551 0.153476268 0.071011335 129.866561890
0.053494338 0.112604991 -0.992198765 -73.156341553 -0.158981770 0.981908023 0.102865599 -14.791287422 0.985831201 0.152238771 0.070428669 129.953384399
0.053261578 0.117267147 -0.991671145 -74.109481812 -0.155710489 0.981908560 0.107749656 -14.792401314 0.986365736 0.148674697 0.070557721 130.040496826
0.052592922 0.119255468 -0.991469741 -75.070259094 -0.149730444 0.982561827 0.110241503 -14.798872948 0.987327099 0.142655253 0.069531970 130.139862061
0.051970866 0.114269830 -0.992089391 -76.029190063 -0.146857023 0.983506143 0.105588049 -14.781682968 0.987791419 0.140207812 0.067894988 130.224075317
0.050794665 0.110577516 -0.992568672 -77.003623962 -0.149360612 0.983515441 0.101925418 -14.785846710 0.987477362 0.143073365 0.066473268 130.299301147
0.049502023 0.107959569 -0.992922127 -77.953437805 -0.145823956 0.984269023 0.099748686 -14.789597511 0.988071382 0.139854059 0.064466394 130.383773804
0.048363440 0.108764790 -0.992890358 -78.917999268 -0.145994917 0.984147370 0.100695647 -14.791163445 0.988102436 0.140086934 0.063475847 130.453811646
0.047323216 0.109747969 -0.992832243 -79.875679016 -0.147307217 0.983844936 0.101733141 -14.792984009 0.987958014 0.141437039 0.062725380 130.532897949
0.045840438 0.109900780 -0.992884994 -80.829261780 -0.148764387 0.983597577 0.102004498 -14.794487953 0.987809479 0.143030003 0.061437875 130.609054565
0.044553403 0.111123383 -0.992807448 -81.780868530 -0.148716792 0.983458817 0.103403144 -14.798528671 0.987875581 0.143040195 0.060342349 130.676910400
0.042057790 0.111328058 -0.992893398 -82.747764587 -0.148629785 0.983412206 0.103969216 -14.798866272 0.987998128 0.143200830 0.057906814 130.751129150
0.040709496 0.113447979 -0.992709517 -83.694442749 -0.148478448 0.983188927 0.106271088 -14.789958000 0.988077343 0.143069759 0.056869708 130.827453613
0.039118364 0.117396988 -0.992314339 -84.648544312 -0.149856642 0.982532382 0.110332169 -14.783400536 0.987933517 0.144388914 0.056027785 130.888168335
0.036986671 0.122124143 -0.991825402 -85.596832275 -0.150957927 0.981797695 0.115259983 -14.772396088 0.987847924 0.145460814 0.054749038 130.955139160
0.034869172 0.122027941 -0.991913974 -86.550643921 -0.150949076 0.981773913 0.115474120 -14.769059181 0.987926483 0.145702019 0.052653648 131.017425537
0.034016538 0.116996773 -0.992549658 -87.495567322 -0.150998712 0.982325554 0.110616602 -14.764609337 0.987948537 0.146110922 0.051081676 131.078216553
0.031243585 0.112139791 -0.993201077 -88.443916321 -0.155092940 0.982194662 0.106018223 -14.753674507 0.987405717 0.150726095 0.048079368 131.143142700
0.030080300 0.109999567 -0.993476272 -89.386764526 -0.152981669 0.982722640 0.104176939 -14.750701904 0.987771153 0.148850009 0.046388511 131.208877563
0.029581865 0.111414447 -0.993333638 -90.352081299 -0.148142904 0.983282447 0.105875298 -14.752885818 0.988523424 0.144023329 0.045592584 131.263977051
0.029307175 0.112796828 -0.993185699 -91.301521301 -0.145234197 0.983548999 0.107416764 -14.750561714 0.988963187 0.141096458 0.045207001 131.324111938
0.027727999 0.112536639 -0.993260622 -92.253372192 -0.139736712 0.984322548 0.107623056 -14.751796722 0.989800394 0.135810822 0.043018796 131.395614624
0.026620628 0.109669648 -0.993611515 -93.196456909 -0.135842547 0.985140443 0.105095193 -14.754240036 0.990372717 0.132177070 0.041122865 131.458618164
0.025964634 0.106477484 -0.993975997 -94.138809204 -0.130676612 0.986140788 0.102224618 -14.757266045 0.991084933 0.127235189 0.039518904 131.522613525
0.024195263 0.108920194 -0.993755996 -95.124717712 -0.128993213 0.986077487 0.104937963 -14.757265091 0.991350234 0.125648782 0.037908368 131.580215454
0.022724632 0.111160584 -0.993542612 -96.071502686 -0.128375366 0.985896468 0.107368864 -14.754052162 0.991465151 0.125106469 0.036674410 131.640304565
0.021397734 0.109028913 -0.993808270 -97.031272888 -0.124374308 0.986604333 0.105560683 -14.750165939 0.992004573 0.121345483 0.034671493 131.690963745
0.019494642 0.106002100 -0.994174838 -97.980278015 -0.121247433 0.987275600 0.102888949 -14.750379562 0.992430866 0.118535370 0.032099061 131.740600586
0.015994150 0.103425905 -0.994508505 -98.949089050 -0.120107546 0.987632334 0.100779183 -14.745577812 0.992632031 0.117836095 0.028218571 131.796020508
0.013253774 0.102329649 -0.994662285 -99.903862000 -0.114529297 0.988358319 0.100155011 -14.753136635 0.993331432 0.112590551 0.024819221 131.847305298
0.011080882 0.102399744 -0.994681537 -100.862998962 -0.107727446 0.989075303 0.100622490 -14.748167038 0.994118750 0.106039502 0.021991089 131.891052246
0.008815198 0.109693877 -0.993926346 -101.828819275 -0.097807944 0.989293337 0.108315110 -14.742126465 0.995166242 0.096259050 0.019449752 131.953460693
0.006250465 0.117825732 -0.993014634 -102.785881042 -0.089747362 0.989092648 0.116795465 -14.738770485 0.995944977 0.088390402 0.016756836 132.009262085
0.002404122 0.117535546 -0.993065834 -103.743453979 -0.085466422 0.989459157 0.116901785 -14.734245300 0.996338129 0.084592745 0.012424125 132.064392090
0.000700232 0.107184522 -0.994238913 -104.698669434 -0.086411521 0.990526676 0.106723450 -14.731329918 0.996259272 0.085838959 0.009955574 132.089859009
-0.001430425 0.097744934 -0.995210528 -105.645126343 -0.088206969 0.991319954 0.097489610 -14.729176521 0.996101141 0.087923951 0.007203777 132.128555298
-0.001947392 0.098901570 -0.995095313 -106.603828430 -0.095142983 0.990564764 0.098637477 -14.729238510 0.995461762 0.094868436 0.007480775 132.151687622
-0.002616686 0.108526990 -0.994090080 -107.566200256 -0.098618135 0.989219487 0.108254857 -14.721551895 0.995121896 0.098318599 0.008114254 132.186492920
-0.004067880 0.119943440 -0.992772460 -108.529884338 -0.102705248 0.987480462 0.119724922 -14.710709572 0.994703531 0.102449954 0.008301866 132.215759277
-0.005312226 0.121579632 -0.992567480 -109.477035522 -0.109602220 0.986530721 0.121426769 -14.699069023 0.993961334 0.109432653 0.008084722 132.245422363
-0.005171882 0.118835703 -0.992900431 -110.457122803 -0.117036797 0.986017823 0.118621588 -14.685004234 0.993114114 0.116819397 0.008808583 132.265197754
-0.005352816 0.114912502 -0.993361235 -111.412078857 -0.125168100 0.985485852 0.114675954 -14.672894478 0.992121160 0.124950983 0.009108256 132.290054321
-0.002960906 0.117034748 -0.993123472 -112.379287720 -0.129887730 0.984669566 0.116425753 -14.655057907 0.991524339 0.129339278 0.012285864 132.313354492
-0.001544205 0.118085220 -0.993002176 -113.358207703 -0.138041198 0.983471692 0.117166542 -14.636375427 0.990425289 0.137256101 0.014781944 132.338317871
-0.001146685 0.120856978 -0.992669225 -114.321258545 -0.147261381 0.981827021 0.119707048 -14.620677948 0.989096940 0.146319121 0.016671719 132.361541748
-0.000887509 0.123078696 -0.992396533 -115.296508789 -0.152648896 0.980749905 0.121770769 -14.600225449 0.988280118 0.151596323 0.017917404 132.389984131
-0.000663738 0.122670695 -0.992447197 -116.267135620 -0.156654805 0.980181336 0.121259354 -14.590601921 0.987653196 0.155552074 0.018566372 132.430892944
0.000871840 0.113191724 -0.993572772 -117.221389771 -0.155592605 0.981488049 0.111678459 -14.593121529 0.987820923 0.154495180 0.018467497 132.465194702
0.002338555 0.101685047 -0.994814038 -118.172866821 -0.158754453 0.982237995 0.100026436 -14.584257126 0.987315238 0.157697231 0.018439978 132.502456665
