1.000000000 0.000000000 0.000000000 0.000000000 0.000000000 1.000000000 0.000000000 0.000000000 0.000000000 0.000000000 1.000000000 0.000000000
0.999997795 -0.001588306 -0.001357721 0.049233403 0.001585383 0.999996424 -0.002151007 -0.132751450 0.001361132 0.002148849 0.999996781 1.298360348
0.999997854 -0.000020733 -0.002035297 0.101463541 0.000007738 0.999979556 -0.006384786 -0.266410589 0.002035387 0.006384758 0.999977529 2.604138136
0.999996066 0.002453467 -0.001307328 0.145837963 -0.002463769 0.999965429 -0.007938863 -0.404976040 0.001287805 0.007942053 0.999967635 3.907789707
0.999983609 0.005727213 0.000236433 0.190886259 -0.005725507 0.999961257 -0.006678491 -0.543413401 -0.000274673 0.006677029 0.999977708 5.220726490
0.999974906 0.006692289 0.002323760 0.241784111 -0.006684685 0.999972463 -0.003264620 -0.690193415 -0.002345544 0.003249005 0.999991953 6.536033630
0.999960482 0.006935410 0.005567454 0.299116552 -0.006924096 0.999973953 -0.002048829 -0.827167094 -0.005581518 0.002010199 0.999982357 7.838142872
0.999944091 0.005493138 0.009033026 0.354119450 -0.005476900 0.999983490 -0.001821301 -0.960433304 -0.009042880 0.001771727 0.999957561 9.141965866
0.999913931 0.004265554 0.012406386 0.431667924 -0.004244268 0.999989510 -0.001741445 -1.096858621 -0.012413683 0.001688639 0.999921501 10.441673279
0.999870121 0.002981258 0.015837787 0.495276630 -0.002942592 0.999992609 -0.002464141 -1.235991716 -0.015845019 0.002417217 0.999871492 11.750325203
0.999813199 0.001862657 0.019236602 0.572670579 -0.001798751 0.999992788 -0.003338914 -1.371156812 -0.019242685 0.003303688 0.999809444 13.043103218
0.999744773 0.001785000 0.022518869 0.640886307 -0.001712659 0.999993265 -0.003231365 -1.520540476 -0.022524485 0.003191974 0.999741197 14.365924835
0.999663115 0.001651158 0.025901189 0.725173414 -0.001541724 0.999989808 -0.004244453 -1.658471227 -0.025907934 0.004203090 0.999655485 15.662708282
0.999575436 0.002608648 0.029022930 0.808332980 -0.002486420 0.999987900 -0.004246722 -1.797131181 -0.029033659 0.004172755 0.999569654 16.968185425
0.999486983 0.002307729 0.031944506 0.900956750 -0.002187270 0.999990404 -0.003805313 -1.937838197 -0.031952977 0.003733489 0.999482334 18.254032135
0.999408782 0.000701958 0.034374110 0.996506453 -0.000581590 0.999993622 -0.003511572 -2.080297709 -0.034376353 0.003489504 0.999403000 19.557142258
0.999347270 -0.001645297 0.036085937 1.089163303 0.001822882 0.999986351 -0.004888808 -2.219132900 -0.036077395 0.004951398 0.999336720 20.838436127
0.999309063 -0.001505208 0.037136603 1.192393661 0.001746726 0.999977469 -0.006471911 -2.363100529 -0.037126027 0.006532306 0.999289215 22.144577026
0.999261618 -0.001341572 0.038397491 1.272707701 0.001696276 0.999956250 -0.009206608 -2.506756783 -0.038383454 0.009264944 0.999220133 23.435888290
0.999226034 -0.000942870 0.039324801 1.378634572 0.001362652 0.999942303 -0.010649313 -2.647815704 -0.039312501 0.010694658 0.999169707 24.715890884
0.999184430 -0.000161963 0.040378302 1.478081226 0.000616510 0.999936521 -0.011245020 -2.796541691 -0.040373921 0.011260743 0.999121189 25.985532761
0.999165297 -0.001990198 0.040801749 1.578920126 0.002407297 0.999945343 -0.010176006 -2.942216635 -0.040779263 0.010265733 0.999115467 27.280416489
0.999161601 -0.004940317 0.040641744 1.684246778 0.005309521 0.999945581 -0.008981428 -3.087609529 -0.040595163 0.009189685 0.999133408 28.557600021
0.999186099 -0.006479466 0.039814714 1.779782295 0.006861087 0.999931693 -0.009455766 -3.235080719 -0.039750721 0.009721240 0.999162316 29.853372574
0.999195695 -0.008127994 0.039268721 1.880226374 0.008610289 0.999889433 -0.012128448 -3.379400730 -0.039165795 0.012456806 0.999155104 31.116626740
0.999234915 -0.008391938 0.038198654 1.994565010 0.008856285 0.999888718 -0.012003164 -3.528913498 -0.038093686 0.012332282 0.999198020 32.404476166
0.999259293 -0.008941466 0.037429344 2.093294859 0.009414601 0.999877810 -0.012483671 -3.672818422 -0.037313156 0.012826808 0.999221325 33.671298981
0.999264836 -0.009462713 0.037150960 2.186953783 0.009934021 0.999872267 -0.012522316 -3.817342520 -0.037027717 0.012882169 0.999231160 34.937500000
0.999276102 -0.009930561 0.036724471 2.276828527 0.010420010 0.999859095 -0.013160269 -3.960265398 -0.036588605 0.013533412 0.999238729 36.194923401
0.999313951 -0.010547901 0.035505328 2.391081810 0.011019126 0.999853432 -0.013102496 -4.121101379 -0.035361927 0.013484742 0.999283612 37.483768463
0.999309540 -0.010159775 0.035738934 2.479026794 0.010576390 0.999877989 -0.011487497 -4.265211582 -0.035617869 0.011857553 0.999295115 38.747997284
0.999277472 -0.010273269 0.036589928 2.588017702 0.010657262 0.999890149 -0.010314992 -4.407097816 -0.036479931 0.010697488 0.999277115 40.010707855
0.999207497 -0.012040856 0.037937485 2.704782486 0.012372886 0.999887109 -0.008529408 -4.550770283 -0.037830506 0.008992047 0.999243677 41.263645172
0.999080360 -0.013106625 0.040825196 2.790970087 0.013517896 0.999860466 -0.009814201 -4.694535732 -0.040690873 0.010357045 0.999118030 42.527816772
0.998957515 -0.014293360 0.043353852 2.887671232 0.014883263 0.999800563 -0.013314597 -4.840208054 -0.043154895 0.013945963 0.998970985 43.771511078
0.998867989 -0.015401375 0.045006331 2.997429371 0.016048735 0.999772310 -0.014057973 -4.985167980 -0.044779576 0.014764354 0.998887718 45.024749756
0.998732626 -0.015725158 0.047810126 3.116667986 0.016350908 0.999785304 -0.012725417 -5.122669220 -0.047599744 0.013491030 0.998775363 46.258831024
0.998531461 -0.016535444 0.051589999 3.226457596 0.017046263 0.999809802 -0.009477239 -5.272199154 -0.051423468 0.010342736 0.998623371 47.521083832
0.998252094 -0.019480906 0.055796742 3.337957859 0.019947734 0.999770522 -0.007821769 -5.408599377 -0.055631563 0.008921115 0.998411417 48.754825592
0.998034835 -0.021426888 0.058884013 3.476740837 0.021920953 0.999729633 -0.007757297 -5.551955223 -0.058701884 0.009032846 0.998234689 49.994224548
0.997744918 -0.024723608 0.062400151 3.612859964 0.025490467 0.999608696 -0.011523298 -5.689486027 -0.062090836 0.013087921 0.997984588 51.229209900
0.997484207 -0.026211377 0.065865181 3.759491205 0.027055571 0.999562383 -0.011957665 -5.815944672 -0.065522939 0.013709600 0.997756898 52.452541351
0.997101367 -0.028683333 0.070470557 3.873214006 0.029417662 0.999522924 -0.009404481 -5.958334923 -0.070167191 0.011450299 0.997469604 53.679176331
0.996869206 -0.031509355 0.072518781 4.047113895 0.032023270 0.999469519 -0.005934641 -6.097138405 -0.072293319 0.008238349 0.997349441 54.877853394
0.996609390 -0.033852879 0.074991174 4.187632561 0.034280639 0.999402463 -0.004423937 -6.222620964 -0.074796595 0.006979683 0.997174323 56.111324310
0.996451735 -0.037409034 0.075396016 4.353928566 0.037583627 0.999293029 -0.000897558 -6.348028183 -0.075309128 0.003728028 0.997153282 57.311164856
0.996247709 -0.039651163 0.076930195 4.483251572 0.039756808 0.999209285 0.000158511 -6.473469734 -0.076875649 0.002900582 0.997036397 58.540248871
0.996215224 -0.041256528 0.076506041 4.630346775 0.041622046 0.999128282 -0.003188535 -6.597652912 -0.076307803 0.006360805 0.997063935 59.732078552
0.996229410 -0.042840458 0.075442307 4.781387329 0.043533161 0.999023378 -0.007560827 -6.726130962 -0.075044729 0.010816561 0.997121513 60.936119080
0.996228874 -0.044228189 0.074644670 4.916987419 0.045206662 0.998911798 -0.011469417 -6.856555939 -0.074056178 0.014800603 0.997144163 62.121479034
0.996238232 -0.046346106 0.073221363 5.053931236 0.047472108 0.998778462 -0.013712399 -6.991861343 -0.072496407 0.017136792 0.997221470 63.335235596
0.996399403 -0.046423867 0.070942827 5.196359158 0.047517411 0.998775065 -0.013804489 -7.123739719 -0.070215076 0.017125810 0.997384906 64.510131836
0.996610105 -0.045340843 0.068646729 5.321510315 0.046349138 0.998838544 -0.013166577 -7.268034458 -0.067970008 0.016303660 0.997554123 65.717239380
0.996860445 -0.044689905 0.065359347 5.444626808 0.045557383 0.998891592 -0.011841963 -7.396476269 -0.064757675 0.014782385 0.997791529 66.892669678
0.997263908 -0.040871415 0.061596211 5.569721699 0.041402850 0.999115288 -0.007375916 -7.535017490 -0.061240248 0.009905994 0.998073876 68.079849243
0.997546971 -0.039190024 0.058001366 5.687589169 0.039559893 0.999203444 -0.005242090 -7.664250851 -0.057749730 0.007523760 0.998302698 69.259307861
0.997747719 -0.037800331 0.055414055 5.792584419 0.038298145 0.999234676 -0.007949078 -7.800487518 -0.055071179 0.010053431 0.998431861 70.428146362
0.997914553 -0.038155280 0.052064165 5.906444550 0.038983624 0.999127567 -0.014988102 -7.932823658 -0.051446855 0.016986495 0.998531401 71.610427856
0.997922063 -0.042008940 0.048852023 6.012753963 0.042934667 0.998914719 -0.018056799 -8.067123413 -0.048040453 0.020116724 0.998642802 72.781547546
0.997969687 -0.045777135 0.044281390 6.127472878 0.046403755 0.998835206 -0.013227597 -8.204153061 -0.043624286 0.015255563 0.998931527 73.957092285
0.997968614 -0.049540579 0.040053226 6.232552528 0.049914487 0.998718262 -0.008389266 -8.329946518 -0.039586276 0.010371462 0.999162316 75.112854004
0.998023331 -0.051675409 0.035764910 6.324710846 0.051894754 0.998638868 -0.005231452 -8.460534096 -0.035445895 0.007077122 0.999346673 76.300308228
0.998202264 -0.050940543 0.031582385 6.415984631 0.051057495 0.998691499 -0.002907172 -8.584346771 -0.031392969 0.004514464 0.999496937 77.459571838
0.998323619 -0.050820712 0.027701393 6.510150909 0.050914463 0.998699367 -0.002688976 -8.703274727 -0.027528716 0.004094869 0.999612570 78.618843079
0.998470604 -0.049370274 0.024879072 6.575665474 0.049500939 0.998763204 -0.004663560 -8.831453323 -0.024618059 0.005887965 0.999679506 79.782341003
0.998664618 -0.046933223 0.021593604 6.651243687 0.047154777 0.998838842 -0.009867855 -8.958584785 -0.021105397 0.010872920 0.999718070 80.926963806
0.998581290 -0.050276369 0.017543247 6.738387108 0.050531499 0.998618543 -0.014416276 -9.098817825 -0.016794210 0.015282309 0.999742150 82.084091187
0.998436809 -0.053823650 0.015069146 6.799855709 0.054052960 0.998421729 -0.015246759 -9.230407715 -0.014224728 0.016037455 0.999770224 83.217071533
0.998466313 -0.054167289 0.011443273 6.865802765 0.054302581 0.998454034 -0.011863500 -9.359563828 -0.010782970 0.012466704 0.999864101 84.365310669
0.998461783 -0.054691602 0.009102318 6.924915791 0.054775622 0.998455822 -0.009251729 -9.486565590 -0.008582271 0.009736081 0.999915779 85.496566772
0.998599827 -0.052210379 0.008514464 6.976706505 0.052303720 0.998569131 -0.011135231 -9.613392830 -0.007920908 0.011564978 0.999901712 86.644180298
0.998805046 -0.048343334 0.007173466 7.037117481 0.048441220 0.998725593 -0.014163464 -9.746320724 -0.006479616 0.014494033 0.999873936 87.764457703
0.998865426 -0.047270145 0.005769765 7.092146397 0.047359530 0.998741806 -0.016487701 -9.877668381 -0.004983130 0.016742248 0.999847412 88.881866455
0.998826444 -0.048158951 0.005153138 7.146886826 0.048240483 0.998689711 -0.017080728 -10.010707855 -0.004323795 0.017309271 0.999840796 89.998367310
0.998766005 -0.049463697 0.004452589 7.191532135 0.049523626 0.998667240 -0.014539605 -10.146963120 -0.003727472 0.014742173 0.999884367 91.115928650
0.998681307 -0.051242471 0.003142885 7.251976967 0.051276136 0.998615086 -0.011776270 -10.271371841 -0.002535087 0.011921897 0.999925733 92.222969055
0.998687029 -0.051121026 0.003311999 7.303504944 0.051155340 0.998627067 -0.011273311 -10.396492958 -0.002731149 0.011427935 0.999930978 93.362113953
0.998662651 -0.051592197 0.003331384 7.348788261 0.051632449 0.998576224 -0.013409381 -10.526850700 -0.002634821 0.013563456 0.999904513 94.498023987
0.998659670 -0.051687196 0.002679151 7.409153461 0.051725134 0.998519063 -0.016855679 -10.655080795 -0.001803960 0.016971665 0.999854326 95.597427368
0.998611331 -0.052633338 0.002230718 7.465417862 0.052665271 0.998446703 -0.018180838 -10.784450531 -0.001270335 0.018273076 0.999832213 96.704666138
0.998598039 -0.052855592 0.002902353 7.507722378 0.052897498 0.998454869 -0.017022399 -10.917930603 -0.001998139 0.017152067 0.999850869 97.780891418
0.998624265 -0.052328777 0.003362032 7.560766697 0.052364364 0.998561263 -0.011554314 -11.036635399 -0.002752572 0.011714472 0.999927521 98.871025085
0.998712540 -0.050532516 0.004445889 7.613573074 0.050567955 0.998686492 -0.008257253 -11.157619476 -0.004022790 0.008471441 0.999955952 99.929145813
0.998787224 -0.048817951 0.006390219 7.668732643 0.048871558 0.998768687 -0.008519852 -11.269335747 -0.005966429 0.008821819 0.999943256 100.979751587
0.998860300 -0.046959221 0.008539986 7.718265057 0.047043595 0.998843133 -0.009964082 -11.395187378 -0.008062201 0.010354478 0.999913812 102.030113220
0.998828650 -0.047121793 0.010988658 7.773852348 0.047256794 0.998806119 -0.012368005 -11.512382507 -0.010392738 0.012872807 0.999863088 103.042289734
0.998732269 -0.048773326 0.012442599 7.844884872 0.048934788 0.998717070 -0.013020046 -11.628561974 -0.011791608 0.013612418 0.999837816 104.052383423
0.998618841 -0.050480697 0.014562111 7.902796268 0.050657202 0.998643816 -0.012017645 -11.756505013 -0.013935704 0.012738725 0.999821663 105.048164368
0.998599231 -0.050385132 0.016149946 7.966409206 0.050555155 0.998668253 -0.010298380 -11.870901108 -0.015609551 0.011100419 0.999816537 106.006332397
0.998519659 -0.051306847 0.018053481 8.019941330 0.051478058 0.998632133 -0.009149891 -11.977452278 -0.017559340 0.010065706 0.999795258 106.963706970
0.998444736 -0.051956512 0.020211739 8.076597214 0.052156195 0.998593926 -0.009481401 -12.082633018 -0.019690700 0.010520824 0.999750733 107.878555298
0.998429954 -0.051568761 0.021865917 8.140443802 0.051746853 0.998630881 -0.007658418 -12.183585167 -0.021441039 0.008777888 0.999731600 108.782089233
0.998435140 -0.050575856 0.023855289 8.198133469 0.050724775 0.998696566 -0.005679398 -12.278460503 -0.023536952 0.006880567 0.999699295 109.650886536
0.998402178 -0.050714158 0.024919644 8.262837410 0.050781559 0.998707592 -0.002078858 -12.385025978 -0.024782006 0.003340994 0.999687314 110.511817932
0.998349607 -0.050834242 0.026715377 8.323441505 0.050903443 0.998701692 -0.001916175 -12.476480484 -0.026583288 0.003272918 0.999641299 111.337783813
0.998368979 -0.049885329 0.027762091 8.376729012 0.049940340 0.998751342 -0.001291749 -12.564789772 -0.027662985 0.002676090 0.999613702 112.151794434
0.998462439 -0.047601067 0.028404221 8.428940773 0.047647253 0.998863697 -0.000951114 -12.644748688 -0.028326677 0.002303034 0.999596059 112.929870605
0.998587549 -0.045109671 0.028071983 8.471157074 0.045070328 0.998981714 0.002032864 -12.720601082 -0.028135100 -0.000764779 0.999603808 113.683525085
0.998688817 -0.044931728 0.024531392 8.529059410 0.044868145 0.998987973 0.003136924 -12.804602623 -0.024647519 -0.002032133 0.999694109 114.444610596
0.998812020 -0.045110062 0.018429123 8.564853668 0.045055211 0.998978734 0.003381285 -12.878647804 -0.018562835 -0.002546940 0.999824405 115.139785767
0.999019086 -0.043547854 0.008030117 8.593411446 0.043529775 0.999049187 0.002413347 -12.953974724 -0.008127581 -0.002061431 0.999964774 115.807777405
0.999157488 -0.040698830 -0.005271375 8.589839935 0.040695626 0.999171257 -0.000713348 -13.019406319 0.005296035 0.000498226 0.999985814 116.446113586
0.998917162 -0.039254099 -0.024972485 8.601170540 0.039184954 0.999226689 -0.003252343 -13.085318565 0.025080841 0.002270276 0.999682844 117.072097778
0.998174191 -0.037547752 -0.047313750 8.568557739 0.037326105 0.999287724 -0.005559757 -13.153939247 0.047488801 0.003783568 0.998864532 117.659889221
0.996529758 -0.036001306 -0.075048625 8.529594421 0.035542894 0.999340534 -0.007435364 -13.220165253 0.075266816 0.004742116 0.997152090 118.229560852
0.993630826 -0.033998776 -0.107433721 8.462930679 0.033180196 0.999405146 -0.009398339 -13.286167145 0.107689351 0.005773808 0.994167805 118.777206421
0.989322245 -0.029121967 -0.142804787 8.356021881 0.027843760 0.999552429 -0.010941333 -13.351855278 0.143059492 0.006848283 0.989690363 119.319717407
0.983092725 -0.023582954 -0.181583077 8.257097244 0.022124723 0.999704778 -0.010052310 -13.411203384 0.181766525 0.005864879 0.983324230 119.836112976
0.974638939 -0.018093068 -0.223050222 8.117334366 0.016655855 0.999826610 -0.008323165 -13.465636253 0.223162144 0.004396988 0.974771440 120.341796875
0.963371575 -0.013499438 -0.267829984 7.945270538 0.012080559 0.999902964 -0.006944925 -13.521621704 0.267897785 0.003455007 0.963441253 120.836997986
0.949349582 -0.007343994 -0.314136088 7.754089355 0.005315174 0.999959171 -0.007314455 -13.578884125 0.314177006 0.005274286 0.949349761 121.299850464
0.931842983 0.000535271 -0.362861454 7.535327911 -0.003720837 0.999960363 -0.008080184 -13.634963989 0.362842739 0.008879608 0.931808114 121.768524170
0.910915673 0.005033049 -0.412561923 7.267578125 -0.009494327 0.999916494 -0.008764506 -13.691785812 0.412483364 0.011900724 0.910887361 122.216423035
0.885865867 0.009408948 -0.463846028 7.001785278 -0.014593161 0.999864638 -0.007588523 -13.743332863 0.463711917 0.013491393 0.885883212 122.630737305
0.856624246 0.012291749 -0.515794456 6.720012665 -0.019220609 0.999782443 -0.008095792 -13.779859543 0.515582681 0.016848935 0.856674135 123.038528442
0.825200915 0.022315588 -0.564398408 6.396232605 -0.030182259 0.999533772 -0.004608876 -13.832816124 0.564032435 0.020838069 0.825489640 123.404434204
0.791400313 0.035191890 -0.610284567 6.045349121 -0.042866472 0.999078751 0.002023551 -13.875955582 0.609793603 0.024559297 0.792179704 123.761245728
0.755155802 0.044090051 -0.654061019 5.694602966 -0.053921901 0.998532414 0.005054432 -13.920796394 0.653323889 0.031451326 0.756424963 124.079254150
0.716010213 0.047878444 -0.696446002 5.317558289 -0.061178546 0.998110414 0.005719767 -13.963484764 0.695403814 0.038512141 0.717586458 124.373580933
0.673718512 0.049829975 -0.737306058 4.938140869 -0.064369410 0.997888863 0.008623173 -14.008378983 0.736179233 0.041650370 0.675503790 124.657073975
0.629659653 0.053067949 -0.775056422 4.530281067 -0.067095272 0.997651041 0.013800438 -14.046331406 0.773968279 0.043313041 0.631741285 124.933059692
0.584805965 0.061765715 -0.808818161 4.104270935 -0.078249909 0.996742308 0.019538986 -14.078653336 0.807390273 0.051863439 0.587734044 125.162399292
0.539359808 0.070621237 -0.839108825 3.661010742 -0.089741513 0.995622814 0.026110018 -14.102853775 0.837279856 0.061220203 0.543336511 125.371139526
0.492211998 0.075779490 -0.867170513 3.209857941 -0.095502667 0.994890869 0.032732613 -14.130678177 0.865220487 0.066705719 0.496934354 125.576187134
0.445123315 0.076373659 -0.892206371 2.740631104 -0.094771147 0.994778395 0.037872415 -14.147562981 0.890440166 0.067697525 0.450037122 125.756225586
0.398345411 0.078017980 -0.913911462 2.267566681 -0.092506371 0.994712889 0.044595126 -14.168450356 0.912558794 0.066778369 0.403456509 125.922843933
0.352130353 0.080842815 -0.932453036 1.775848389 -0.093979441 0.994281709 0.050713021 -14.191827774 0.931220829 0.069773830 0.357714385 126.073745728
0.308255732 0.083887741 -0.947597623 1.272197723 -0.099498734 0.993484020 0.055582747 -14.210424423 0.946085870 0.077151060 0.314593852 126.191062927
0.267008990 0.085822798 -0.959864914 0.750440598 -0.104298823 0.992749572 0.059749894 -14.228967667 0.958033383 0.084159024 0.274024278 126.295524597
0.228076532 0.082451493 -0.970145822 0.223798752 -0.104756571 0.992701948 0.059740756 -14.246248245 0.967991352 0.088003680 0.235049367 126.390563965
0.193551004 0.077358402 -0.978035569 -0.313943863 -0.099713206 0.993275523 0.058830801 -14.264696121 0.976009846 0.086136311 0.199963152 126.479476929
0.163025320 0.072282590 -0.983970523 -0.867507935 -0.097218730 0.993636012 0.056885328 -14.282844543 0.981820345 0.086386606 0.169015050 126.558189392
0.135939226 0.070574373 -0.988200247 -1.429716110 -0.097514383 0.993569195 0.057543486 -14.307068825 0.985906422 0.088541307 0.141947061 126.638603210
0.113780320 0.069815822 -0.991049767 -2.011204720 -0.098631330 0.993393838 0.058657285 -14.323144913 0.988597929 0.091074519 0.119914673 126.704826355
0.095768601 0.071072705 -0.992862940 -2.617587090 -0.101191826 0.992975354 0.061320100 -14.336894989 0.990246773 0.094597079 0.102287829 126.751556396
0.079234906 0.069556266 -0.994426310 -3.219988823 -0.101979367 0.992894709 0.061323512 -14.363384247 0.991625965 0.096551999 0.085765183 126.807762146
0.065697357 0.068465672 -0.995487988 -3.839551926 -0.101168312 0.992959559 0.061615162 -14.389884949 0.992697775 0.096663885 0.072161362 126.854133606
0.053113788 0.065859817 -0.996414244 -4.488448620 -0.095772758 0.993558884 0.060565926 -14.413561821 0.993985176 0.092212468 0.059079252 126.908500671
0.040953401 0.063280866 -0.997155130 -5.135384083 -0.093499430 0.993855894 0.059231434 -14.432802200 0.994776666 0.090807721 0.046618506 126.952629089
0.030204216 0.062972903 -0.997558057 -5.794286251 -0.092933528 0.993867338 0.059926063 -14.454371452 0.995214105 0.090896577 0.035871275 126.987731934
0.021360975 0.064411238 -0.997694790 -6.464771271 -0.096487507 0.993397117 0.062067952 -14.477489471 0.995105028 0.094939254 0.027434815 126.997047424
0.012826759 0.063732311 -0.997884572 -7.166307449 -0.099387638 0.993106008 0.062149584 -14.503488541 0.994966090 0.098380215 0.019072536 127.019012451
0.006378350 0.063271485 -0.997976005 -7.853250504 -0.102053434 0.992826641 0.062292773 -14.526268959 0.994758427 0.101449564 0.012789670 127.038429260
0.000975494 0.064758986 -0.997900426 -8.548674583 -0.102634981 0.992637575 0.064317130 -14.549244881 0.994718552 0.102356747 0.007614850 127.055541992
-0.002462857 0.066652104 -0.997773230 -9.269390106 -0.104361810 0.992310643 0.066544786 -14.566986084 0.994536340 0.104293324 0.004512016 127.079200745
-0.003365430 0.070212968 -0.997526288 -9.988246918 -0.106649712 0.991817415 0.070170954 -14.588974953 0.994290948 0.106622055 0.004150300 127.094703674
-0.004697461 0.073750079 -0.997265697 -10.721141815 -0.109451026 0.991247177 0.073820539 -14.605483055 0.993981123 0.109498508 0.003415675 127.110916138
-0.005912310 0.079585209 -0.996810555 -11.452110291 -0.114435956 0.990225315 0.079738207 -14.621790886 0.993412971 0.114542395 0.003252892 127.122428894
-0.007120971 0.083061419 -0.996518910 -12.189877510 -0.117406890 0.989582241 0.083322205 -14.634458542 0.993058383 0.117591523 0.002705196 127.140319824
-0.008774040 0.083827250 -0.996441722 -12.934120178 -0.116462946 0.989612818 0.084278271 -14.653195381 0.993156314 0.116787978 0.001079867 127.159805298
-0.009519815 0.080181740 -0.996734798 -13.708547592 -0.115056209 0.990071893 0.080744646 -14.669234276 0.993313313 0.115449212 -0.000199892 127.172889709
-0.011273385 0.076906487 -0.996974647 -14.459851265 -0.118749738 0.989879131 0.077701919 -14.676749229 0.992860198 0.119266428 -0.002026665 127.187767029
-0.012304664 0.078572407 -0.996832490 -15.234198570 -0.123604491 0.989142478 0.079492010 -14.687274933 0.992255270 0.124191076 -0.002459164 127.187591553
-0.013847186 0.081686154 -0.996561885 -16.006381989 -0.120848827 0.989214778 0.082763128 -14.702558517 0.992574334 0.121579364 -0.003826164 127.204437256
-0.015883287 0.081658415 -0.996533811 -16.780494690 -0.119621485 0.989346147 0.082976036 -14.718585968 0.992692530 0.120524779 -0.005945967 127.220825195
-0.016810484 0.081322759 -0.996545970 -17.569030762 -0.122996673 0.988948822 0.082777597 -14.731734276 0.992264748 0.123963363 -0.006622277 127.222259521
-0.017889807 0.080935314 -0.996558726 -18.367897034 -0.126447171 0.988532245 0.082553357 -14.745937347 0.991811991 0.127488896 -0.007450611 127.233444214
-0.019129688 0.085098796 -0.996188939 -19.165145874 -0.128319860 0.987921953 0.086856723 -14.751751900 0.991548359 0.129492357 -0.007978773 127.243209839
-0.019822860 0.089817487 -0.995760918 -19.970981598 -0.127531022 0.987593830 0.091619596 -14.764815331 0.991636455 0.128806561 -0.008122418 127.257125854
-0.018640552 0.092339061 -0.995553136 -20.796545029 -0.129089952 0.987169623 0.093978517 -14.771473885 0.991457582 0.130267739 -0.006481344 127.269256592
-0.016848940 0.091229863 -0.995687366 -21.615406036 -0.128445193 0.987379968 0.092642248 -14.779644012 0.991573453 0.129452139 -0.004918271 127.282913208
-0.015498322 0.091226593 -0.995709538 -22.445278168 -0.128386453 0.987404346 0.092464000 -14.784644127 0.991603017 0.129268676 -0.003590854 127.292160034
-0.015639231 0.090229884 -0.995798171 -23.262697220 -0.126714140 0.987711310 0.091487192 -14.790924072 0.991815984 0.127612531 -0.004013645 127.321334839
-0.014974270 0.092104010 -0.995636702 -24.099637985 -0.127581909 0.987433314 0.093263961 -14.797577858 0.991715014 0.128421813 -0.003035287 127.343711853
-0.014595672 0.094125547 -0.995453298 -24.939208984 -0.129137725 0.987044036 0.095223859 -14.798778534 0.991519213 0.129940450 -0.002251411 127.362808228
-0.014021168 0.096659385 -0.995218694 -25.817258835 -0.132330045 0.986382365 0.097665504 -14.800939560 0.991106510 0.133066699 -0.001039292 127.372116089
-0.012357827 0.097824223 -0.995126903 -26.680307388 -0.134547114 0.985989749 0.098596841 -14.798947334 0.990830123 0.135109887 0.000977275 127.385047913
-0.010815504 0.101040095 -0.994823515 -27.548505783 -0.141469896 0.984719992 0.101551950 -14.800726891 0.989883423 0.141835898 0.003643886 127.402900696
-0.008340530 0.104930803 -0.994444489 -28.429702759 -0.146231547 0.983660161 0.105019346 -14.797841072 0.989215195 0.146295071 0.007139951 127.419784546
-0.006305231 0.106671304 -0.994274318 -29.304063797 -0.148615763 0.983152092 0.106420487 -14.792458534 0.988874912 0.148435831 0.009654034 127.452743530
-0.002552926 0.107808448 -0.994168401 -30.198480606 -0.147592977 0.983242989 0.107002676 -14.796866417 0.989044845 0.147005454 0.013401622 127.478309631
0.000123454 0.107802950 -0.994172215 -31.091827393 -0.150311366 0.982879162 0.106559724 -14.791944504 0.988638639 0.149422213 0.016325347 127.508331299
0.002479338 0.111706465 -0.993738174 -31.992485046 -0.150806665 0.982417822 0.110057682 -14.786256790 0.988560081 0.149589449 0.019281825 127.542312622
0.004442084 0.113570049 -0.993520081 -32.900588989 -0.149614587 0.982422292 0.111632518 -14.779325485 0.988734365 0.148149282 0.021355737 127.589744568
0.006273204 0.114725344 -0.993377447 -33.794357300 -0.150119394 0.982247293 0.112491921 -14.775613785 0.988647997 0.148419529 0.023384336 127.631767273
0.008608643 0.112882383 -0.993571043 -34.697914124 -0.151426941 0.982296348 0.110289410 -14.768821716 0.988430917 0.149503976 0.025549673 127.665504456
0.009094574 0.114243254 -0.993411183 -35.605396271 -0.155613005 0.981510818 0.111450076 -14.759719849 0.987776220 0.153574079 0.026704162 127.705734253
0.010200250 0.114928566 -0.993321478 -36.499713898 -0.156548485 0.981307328 0.111930959 -14.755367279 0.987617493 0.154361233 0.028001478 127.743423462
0.010782481 0.111235231 -0.993735611 -37.396503448 -0.156710401 0.981701255 0.108187757 -14.752593040 0.987585723 0.154562160 0.028016895 127.778434753
0.011209309 0.107140556 -0.994180679 -38.304592133 -0.157696947 0.981990516 0.104048833 -14.752668381 0.987423897 0.155612931 0.027903173 127.827880859
0.011653457 0.106385797 -0.994256616 -39.202430725 -0.157405332 0.982122481 0.103242531 -14.747510910 0.987465322 0.155298159 0.028190814 127.870498657
0.011467928 0.110300645 -0.993832111 -40.109020233 -0.159495011 0.981374443 0.107077621 -14.742698669 0.987132072 0.157283291 0.028846735 127.913764954
0.011982891 0.116806798 -0.993082345 -41.037517548 -0.160240754 0.980542481 0.113398343 -14.733760834 0.987005234 0.157773420 0.030466946 127.947578430
0.012147836 0.115340397 -0.993251741 -41.932086945 -0.158129260 0.981047153 0.111989185 -14.733024597 0.987343729 0.155701727 0.030156290 127.994583130
0.013018548 0.104931913 -0.994394124 -42.821792603 -0.157295644 0.982311547 0.101597607 -14.739368439 0.987465739 0.155091241 0.029293606 128.039535522
0.013486615 0.094684467 -0.995415986 -43.748527527 -0.159296095 0.982995868 0.091344804 -14.745260239 0.987138689 0.157333955 0.028340159 128.079177856
0.012396630 0.091603555 -0.995718420 -44.650707245 -0.156193823 0.983748496 0.088557735 -14.754057884 0.987648606 0.154427230 0.026503071 128.126586914
0.012028445 0.101786256 -0.994733512 -45.573570251 -0.148709267 0.983924747 0.098882020 -14.758459091 0.988807857 0.146736696 0.026971642 128.179397583
0.012327955 0.114963077 -0.993293285 -46.518451691 -0.143949360 0.983225346 0.112011239 -14.755102158 0.989508212 0.141603068 0.028670017 128.239929199
0.012637839 0.123797774 -0.992227018 -47.439563751 -0.144345850 0.982138276 0.120700523 -14.745513916 0.989446640 0.141698450 0.030281801 128.286666870
0.012428758 0.118164591 -0.992916286 -48.356906891 -0.144623891 0.982764125 0.115146093 -14.743148804 0.989408612 0.142168254 0.029303959 128.328659058
0.012382837 0.104797080 -0.994416535 -49.276645660 -0.144137681 0.984293401 0.101935409 -14.743301392 0.989480138 0.142070681 0.027293555 128.374343872
0.012848118 0.095976651 -0.995300651 -50.190872192 -0.144748479 0.985076725 0.093122222 -14.743564606 0.989385009 0.142871827 0.026548861 128.419235229
0.013221375 0.096004568 -0.995293081 -51.117198944 -0.143779874 0.985218525 0.093122832 -14.752080917 0.989521265 0.141871929 0.026829474 128.467727661
0.012680372 0.097564310 -0.995148420 -52.068363190 -0.146847725 0.984619379 0.094660863 -14.769375801 0.989077806 0.144934967 0.026812438 128.511657715
0.013095984 0.097012371 -0.995196998 -52.995712280 -0.151465252 0.983989775 0.093926743 -14.771686554 0.988375783 0.149507672 0.027580317 128.548019409
0.013653014 0.096285976 -0.995260119 -53.936111450 -0.153173491 0.983806193 0.093076639 -14.773265839 0.988104939 0.151176676 0.028180383 128.590423584
0.014522013 0.104351841 -0.994434416 -54.899375916 -0.161997467 0.981645346 0.100644119 -14.779731750 0.986684322 0.159634307 0.031160202 128.632522583
0.015963873 0.113788426 -0.993376791 -55.839733124 -0.167362347 0.979790986 0.109542653 -14.772068024 0.985766232 0.164505154 0.034685157 128.672744751
0.017425926 0.122078314 -0.992367506 -56.797142029 -0.167992264 0.978765965 0.117455177 -14.765913010 0.985634327 0.164663330 0.037564121 128.713699341
0.018171219 0.122729495 -0.992273808 -57.751743317 -0.169804350 0.978399336 0.117903858 -14.757774353 0.985310316 0.166349947 0.038618714 128.766693115
0.019710267 0.113101542 -0.993387878 -58.696578979 -0.171509877 0.979235172 0.108087175 -14.753772736 0.984985173 0.168245390 0.038699016 128.813919067
0.020935673 0.108129404 -0.993916392 -59.634071350 -0.169938847 0.980052650 0.103041612 -14.748346329 0.985232234 0.166747704 0.038893446 128.870315552
0.022671947 0.106590152 -0.994044542 -60.605541229 -0.168351293 0.980508208 0.101298943 -14.749294281 0.985466361 0.165052027 0.040174615 128.929931641
0.026107620 0.112277441 -0.993333757 -61.565071106 -0.170148179 0.979672551 0.106261298 -14.745277405 0.985072553 0.166239709 0.044680718 128.989471436
0.029778123 0.114664078 -0.992957890 -62.541282654 -0.172857001 0.979022086 0.107870959 -14.747396469 0.984496593 0.168427512 0.048973929 129.042831421
0.033581376 0.109573916 -0.993411183 -63.497581482 -0.171890229 0.979794025 0.102261335 -14.747488022 0.984543562 0.167323560 0.051737510 129.106369019
0.036956839 0.103723466 -0.993919313 -64.453125000 -0.171731904 0.980461657 0.095933527 -14.751224518 0.984450221 0.167142272 0.054047383 129.171844482
0.040823631 0.103354216 -0.993806481 -65.426727295 -0.169413805 0.980950058 0.095057964 -14.749584198 0.984699070 0.164483935 0.057555582 129.240905762
0.043138225 0.107674502 -0.993249893 -66.373405457 -0.166839853 0.980991125 0.099099502 -14.761483192 0.985039890 0.161438674 0.060282614 129.317459106
0.046409585 0.114765599 -0.992307961 -67.330162048 -0.166289315 0.980405033 0.105611719 -14.765136719 0.984984338 0.160108805 0.064584479 129.399719238
0.048936658 0.118492998 -0.991748273 -68.299194336 -0.164000139 0.980414629 0.109046452 -14.768431664 0.985245645 0.157310501 0.067411073 129.487442017
0.051143501 0.120079018 -0.991446078 -69.278556824 -0.163563579 0.980347574 0.110297427 -14.767276764 0.985206127 0.156523496 0.069778964 129.566818237
0.053449623 0.117414288 -0.991643548 -70.223464966 -0.162645489 0.980825603 0.107366800 -14.769271851 0.985235810 0.155547619 0.071521655 129.642669678
0.054181337 0.116165228 -0.991751015 -71.168846130 -0.160662115 0.981283486 0.106161870 -14.773766518 0.985521257 0.153584808 0.071830630 129.731231689
0.054777540 0.112862989 -0.992099524 -72.113853455 -0.157586828 0.982116163 0.103026286 -14.783761024 0.985984623 0.150698289 0.071583629 129.822784424
0.054479025 0.111882456 -0.992226958 -73.107116699 -0.155797482 0.982484639 0.102229737 -14.770765305 0.986285567 0.149017096 0.070955835 129.908874512
0.054406758 0.116370566 -0.991714537 -74.062629700 -0.152558401 0.982493758 0.106919035 -14.770347595 0.986795783 0.145477250 0.071207620 129.994735718
0.053778842 0.118233092 -0.991528451 -75.021369934 -0.146473587 0.983158767 0.109290563 -14.776591301 0.987751663 0.139355198 0.070191160 130.095352173
0.052900609 0.113989875 -0.992072463 -75.979812622 -0.143721104 0.983989656 0.105397470 -14.767582893 0.988203228 0.137006149 0.068436421 130.180786133
0.051643528 0.110222548 -0.992564321 -76.947593689 -0.145839259 0.984068036 0.101690970 -14.770635605 0.987959385 0.139503181 0.066895507 130.255340576
0.050250009 0.107587114 -0.992924988 -77.896141052 -0.142323926 0.984805882 0.099504650 -14.774821281 0.988543749 0.136316866 0.064798720 130.341384888
0.049254108 0.108172044 -0.992911398 -78.860305786 -0.142455786 0.984715104 0.100212492 -14.773706436 0.988574922 0.136510089 0.063910991 130.411087036
0.048138194 0.109386645 -0.992832959 -79.817733765 -0.143892467 0.984376490 0.101478204 -14.777021408 0.988421798 0.137976244 0.063126028 130.491424561
0.046479139 0.109523684 -0.992896914 -80.770462036 -0.145375311 0.984130383 0.101751409 -14.778889656 0.988284171 0.139613405 0.061663583 130.570739746
0.045177743 0.110706016 -0.992825806 -81.720802307 -0.145190090 0.984015644 0.103116855 -14.783459663 0.988371849 0.139489874 0.060529027 130.639999390
0.043154053 0.110761441 -0.992909610 -82.686004639 -0.145215005 0.983976662 0.103453577 -14.782907486 0.988458574 0.139720947 0.058546789 130.712463379
0.041626956 0.113378122 -0.992679477 -83.640045166 -0.144891053 0.983723164 0.106279328 -14.777855873 0.988571584 0.139406264 0.057376884 130.787414551
0.040152356 0.117255926 -0.992289603 -84.593948364 -0.146272659 0.983081520 0.110248990 -14.770794868 0.988429070 0.140718102 0.056624372 130.848403931
0.037177108 0.122371629 -0.991787791 -85.538139343 -0.147250026 0.982310891 0.115682676 -14.763501167 0.988400400 0.141739994 0.054538708 130.923248291
0.035165563 0.121957056 -0.991912186 -86.481460571 -0.147081599 0.982349873 0.115566954 -14.757689476 0.988499045 0.141828060 0.052482523 130.990188599
0.033770677 0.117972031 -0.992442489 -87.428215027 -0.148010284 0.982649565 0.111771457 -14.760498047 0.988409042 0.143117160 0.050645813 131.051483154
0.032055140 0.112133950 -0.993175924 -88.369857788 -0.151603624 0.982734680 0.106062002 -14.740497589 0.987921476 0.147169203 0.048501600 131.107116699
0.030867072 0.110060290 -0.993445516 -89.312225342 -0.149554744 0.983238757 0.104282752 -14.738045692 0.988271594 0.145355582 0.046809744 131.174484253
0.030720817 0.111013338 -0.993344009 -90.278335571 -0.144707352 0.983836710 0.105475530 -14.736798286 0.988997459 0.140503913 0.046288714 131.225158691
0.030170077 0.112374529 -0.993207812 -91.226280212 -0.141819879 0.984088778 0.107034788 -14.735328674 0.989432633 0.137627393 0.045626976 131.288909912
0.029112246 0.112333216 -0.993244052 -92.172538757 -0.136281371 0.984832764 0.107387453 -14.740160942 0.990242302 0.132234395 0.043979615 131.355178833
0.027685488 0.109566778 -0.993593812 -93.113044739 -0.132098481 0.985658526 0.105010949 -14.743369102 0.990849912 0.128344938 0.041762050 131.423034668
0.026945744 0.106169701 -0.993982911 -94.058738708 -0.126959577 0.986655176 0.101945281 -14.744756699 0.991541862 0.123448677 0.040065423 131.488006592
0.025371406 0.109016322 -0.993716121 -95.035369873 -0.124975972 0.986583471 0.105042964 -14.749660492 0.991835237 0.121525556 0.038655434 131.545104980
0.024163483 0.111443743 -0.993476927 -95.983573914 -0.124363698 0.986382723 0.107623152 -14.747941971 0.991942406 0.120951913 0.037693996 131.602798462
0.022515539 0.109371908 -0.993745923 -96.943077087 -0.120046772 0.987101555 0.105920725 -14.745023727 0.992512822 0.116911113 0.035354871 131.658935547
0.020125752 0.106573686 -0.994101107 -97.904914856 -0.117248669 0.987693191 0.103512995 -14.745886803 0.992898583 0.114473760 0.032373689 131.712753296
0.016408887 0.104193307 -0.994421721 -98.852943420 -0.116337985 0.987999320 0.101600729 -14.750008583 0.993074119 0.114021853 0.028333614 131.771514893
0.013704102 0.103325523 -0.994553268 -99.807685852 -0.110817589 0.988676071 0.101187982 -14.758414268 0.993746281 0.108827300 0.024999209 131.822692871
0.011648284 0.103415139 -0.994570136 -100.765541077 -0.104074717 0.989360750 0.101654559 -14.752214432 0.994501233 0.102325507 0.022287255 131.865829468
0.008766967 0.112046883 -0.993664265 -101.733612061 -0.094823942 0.989317656 0.110720150 -14.763245583 0.995455563 0.093252487 0.019298041 131.934600830
0.006047728 0.120367326 -0.992711067 -102.691795349 -0.086783603 0.989046812 0.119394355 -14.758467674 0.996208787 0.085428976 0.016427398 131.991760254
0.003004588 0.120312400 -0.992731512 -103.649688721 -0.082484126 0.989382803 0.119656928 -14.753441811 0.996587813 0.081525072 0.012896555 132.039062500
0.000421522 0.110288709 -0.993899524 -104.597290039 -0.083882339 0.990400672 0.109864883 -14.755387306 0.996475577 0.083324306 0.009668751 132.073104858
-0.001581073 0.100690022 -0.994916618 -105.544174194 -0.085472375 0.991263390 0.100456141 -14.748889923 0.996339262 0.085196711 0.007038957 132.111038208
-0.002391800 0.102458775 -0.994734406 -106.498458862 -0.092896439 0.990413010 0.102237046 -14.751983643 0.995672882 0.092651814 0.007149188 132.138488770
-0.002967684 0.111883566 -0.993716896 -107.468391418 -0.096485212 0.989052892 0.111646593 -14.737303734 0.995329976 0.096210316 0.007859915 132.168472290
-0.004593436 0.123154834 -0.992376864 -108.431121826 -0.100356080 0.987320423 0.122991845 -14.722496033 0.994940996 0.100156009 0.007824142 132.199493408
-0.006200335 0.124774277 -0.992165804 -109.380279541 -0.107319720 0.986371219 0.124716237 -14.707311630 0.994205296 0.107252240 0.007274908 132.231155396
-0.005560795 0.121817201 -0.992536962 -110.375984192 -0.114767760 0.985915959 0.121647574 -14.686960220 0.993376791 0.114587702 0.008498212 132.245635986
-0.005916889 0.117623299 -0.993040621 -111.329551697 -0.122686289 0.985470414 0.117457606 -14.670027733 0.992427886 0.122527443 0.008599844 132.272399902
-0.003415098 0.119768403 -0.992795885 -112.296966553 -0.127476379 0.984649897 0.119224176 -14.649203300 0.991835654 0.126965195 0.011904964 132.293670654
-0.001774271 0.120954618 -0.992656589 -113.286163330 -0.135639533 0.983455122 0.120075867 -14.627353668 0.990756691 0.134856552 0.014661312 132.316833496
-0.001167025 0.123226367 -0.992377937 -114.250045776 -0.144666061 0.981918514 0.122097716 -14.605463028 0.989479899 0.143705919 0.016680751 132.338790894
-0.001075958 0.125562623 -0.992085099 -115.224487305 -0.150230244 0.980806172 0.124298051 -14.582721710 0.988650501 0.149174914 0.017808000 132.367736816
-0.000754597 0.125082955 -0.992146015 -116.205162048 -0.154602483 0.980202854 0.123694830 -14.567582130 0.987976491 0.153481573 0.018598482 132.409088135
0.000844280 0.115540393 -0.993302405 -117.160125732 -0.153512284 0.981543899 0.114042170 -14.567089081 0.988146424 0.152387828 0.018565567 132.442779541
0.002305249 0.103837520 -0.994591594 -118.113357544 -0.156714574 0.982342422 0.102195464 -14.554625511 0.987641215 0.155631423 0.018537395 132.481018066
