1.000000000 0.000000000 0.000000000 0.000000000 0.000000000 1.000000000 0.000000000 0.000000000 0.000000000 0.000000000 1.000000000 0.000000000
0.999997675 -0.001620242 -0.001414502 0.050833993 0.001617136 0.999996305 -0.002194107 -0.132209942 0.001418052 0.002191815 0.999996603 1.296810746
0.999997556 0.000015250 -0.002214604 0.106387801 -0.000029374 0.999979615 -0.006377618 -0.266707212 0.002214462 0.006377667 0.999977231 2.602687120
0.999996305 0.002353138 -0.001349011 0.148875311 -0.002363813 0.999965429 -0.007967144 -0.404662400 0.001330217 0.007970302 0.999967337 3.906267166
0.999984205 0.005611729 0.000224217 0.194074854 -0.005610119 0.999962270 -0.006632335 -0.543542385 -0.000261428 0.006630971 0.999978006 5.219392776
0.999975741 0.006522972 0.002427201 0.242428184 -0.006514813 0.999973118 -0.003354041 -0.689310730 -0.002449014 0.003338148 0.999991417 6.535033703
0.999961495 0.006726672 0.005653372 0.300652534 -0.006714916 0.999975324 -0.002096018 -0.826545179 -0.005667332 0.002057975 0.999981821 7.837849140
0.999942541 0.005398248 0.009258683 0.355442494 -0.005380786 0.999983728 -0.001909962 -0.960175395 -0.009268843 0.001860033 0.999955297 9.143779755
0.999912500 0.004035000 0.012595124 0.433735192 -0.004013046 0.999990463 -0.001767780 -1.097265363 -0.012602136 0.001717081 0.999919116 10.444149971
0.999871135 0.002689160 0.015822183 0.502750754 -0.002648538 0.999993145 -0.002587765 -1.233658910 -0.015829032 0.002545526 0.999871492 11.752942085
0.999814630 0.001680504 0.019175861 0.579234540 -0.001613892 0.999992549 -0.003488689 -1.369391203 -0.019181587 0.003457095 0.999810040 13.047485352
0.999746740 0.001642539 0.022444768 0.649652719 -0.001568403 0.999993265 -0.003320199 -1.518831134 -0.022450069 0.003284156 0.999742508 14.369256973
0.999663651 0.001485236 0.025888266 0.734432101 -0.001372343 0.999989450 -0.004377998 -1.656404972 -0.025894497 0.004340999 0.999655247 15.665850639
0.999579489 0.002381229 0.028896429 0.819433510 -0.002253855 0.999987543 -0.004439683 -1.795095801 -0.028906642 0.004372688 0.999572515 16.967342377
0.999486983 0.001988480 0.031964991 0.912203252 -0.001861994 0.999990284 -0.003986301 -1.934582353 -0.031972609 0.003924738 0.999481022 18.252616882
0.999410629 0.000479301 0.034324486 1.005335093 -0.000355399 0.999993324 -0.003615731 -2.078402042 -0.034325991 0.003601401 0.999404192 19.554931641
0.999349773 -0.002091768 0.035994556 1.102881432 0.002272360 0.999985039 -0.004977017 -2.218051195 -0.035983611 0.005055574 0.999339521 20.830562592
0.999310791 -0.001869785 0.037076857 1.201026797 0.002125183 0.999974251 -0.006850125 -2.358789921 -0.037063107 0.006924198 0.999288917 22.134742737
0.999266267 -0.001820166 0.038256045 1.284069538 0.002188120 0.999951661 -0.009578533 -2.502316952 -0.038236771 0.009655213 0.999221981 23.419507980
0.999218106 -0.001197452 0.039516926 1.383260846 0.001629528 0.999939203 -0.010903545 -2.645891428 -0.039501458 0.010959413 0.999159396 24.708457947
0.999168754 -0.000550270 0.040762227 1.480711102 0.001016878 0.999934137 -0.011427213 -2.793473244 -0.040753257 0.011459165 0.999103546 25.980148315
0.999152541 -0.002186379 0.041103039 1.579915166 0.002614127 0.999942958 -0.010355868 -2.941757679 -0.041078053 0.010454540 0.999101162 27.272838593
0.999149203 -0.005051414 0.040930036 1.685600996 0.005429700 0.999943495 -0.009136401 -3.089597225 -0.040881563 0.009350868 0.999120176 28.550151825
0.999167144 -0.006603971 0.040267266 1.778371096 0.006997235 0.999929130 -0.009633221 -3.235156298 -0.040200803 0.009906959 0.999142528 29.839166641
0.999184132 -0.008290899 0.039525591 1.883231401 0.008773880 0.999888778 -0.012061711 -3.381555796 -0.039421197 0.012398664 0.999145806 31.104587555
0.999215066 -0.008362875 0.038721375 1.992660522 0.008844956 0.999885261 -0.012295520 -3.531505823 -0.038614113 0.012628359 0.999174416 32.396816254
0.999240220 -0.009082201 0.037903115 2.096065521 0.009571273 0.999873042 -0.012741808 -3.673748970 -0.037782572 0.013094905 0.999200225 33.662975311
0.999247611 -0.009468092 0.037608672 2.186491966 0.009951089 0.999870062 -0.012676333 -3.821869612 -0.037483763 0.013041044 0.999212146 34.934337616
0.999258876 -0.010065076 0.037153758 2.278967381 0.010556003 0.999859154 -0.013040941 -3.967458010 -0.037017267 0.013423473 0.999224424 36.196819305
0.999300718 -0.010566724 0.035867337 2.393161774 0.011056703 0.999847889 -0.013490168 -4.120817661 -0.035719343 0.013877309 0.999265492 37.483623505
0.999292731 -0.010193897 0.036197729 2.480159760 0.010626330 0.999874294 -0.011774223 -4.266667843 -0.036073148 0.012150544 0.999275327 38.748703003
0.999263346 -0.010299039 0.036967698 2.586642742 0.010690682 0.999888659 -0.010412250 -4.410337448 -0.036856338 0.010799791 0.999262154 40.012840271
0.999175966 -0.012093391 0.038743880 2.692099094 0.012432386 0.999886453 -0.008520655 -4.556184769 -0.038636424 0.008995312 0.999212801 41.262481689
0.999074459 -0.013174575 0.040945075 2.798774719 0.013598826 0.999856412 -0.010100205 -4.694230080 -0.040806130 0.010647665 0.999110341 42.530677795
0.998953581 -0.014441502 0.043394670 2.896574974 0.015033843 0.999797702 -0.013354843 -4.841005325 -0.043193035 0.013993258 0.998968780 43.778007507
0.998860717 -0.015388831 0.045171309 3.007381916 0.016052309 0.999768019 -0.014362173 -4.986904144 -0.044939820 0.015070913 0.998876035 45.045398712
0.998730838 -0.015686659 0.047860608 3.130213737 0.016335659 0.999779522 -0.013199277 -5.120839119 -0.047643002 0.013964360 0.998766780 46.279361725
0.998534977 -0.016923198 0.051395290 3.237432241 0.017452730 0.999798954 -0.009871855 -5.276176929 -0.051217902 0.010754383 0.998629570 47.542701721
0.998260498 -0.019851819 0.055514373 3.353072166 0.020327874 0.999761224 -0.008023828 -5.412810326 -0.055341821 0.009138362 0.998425543 48.772609711
0.998026609 -0.021887379 0.058854554 3.488694668 0.022413587 0.999714375 -0.008295532 -5.552495956 -0.058656171 0.009598305 0.998232067 50.024971008
0.997768223 -0.025414556 0.061746534 3.637522459 0.026208444 0.999583542 -0.012081333 -5.689344406 -0.061413765 0.013672652 0.998018742 51.258975983
0.997454882 -0.026456339 0.066209368 3.760538340 0.027324406 0.999551594 -0.012239821 -5.823127270 -0.065855861 0.014017805 0.997730672 52.492893219
0.997108281 -0.028901881 0.070282482 3.892368555 0.029647436 0.999514401 -0.009587882 -5.964034081 -0.069971263 0.011643851 0.997481048 53.712032318
0.996828675 -0.031663999 0.073005795 4.046370029 0.032223117 0.999459624 -0.006493258 -6.097511768 -0.072760731 0.008825140 0.997310400 54.922889709
0.996602535 -0.034260262 0.074896432 4.200052261 0.034709811 0.999386311 -0.004708436 -6.230283260 -0.074689165 0.007292081 0.997180223 56.140747070
0.996394992 -0.037412588 0.076140508 4.351718903 0.037652530 0.999289393 -0.001717733 -6.351276398 -0.076022118 0.004578423 0.997095585 57.349075317
0.996228874 -0.040460467 0.076752953 4.504717827 0.040593218 0.999175727 -0.000169654 -6.479233742 -0.076682813 0.003284664 0.997050107 58.553039551
0.996179104 -0.042648669 0.076211415 4.652954102 0.043039430 0.999067247 -0.003491567 -6.603756905 -0.075991400 0.006758322 0.997085571 59.757015228
0.996193707 -0.043753427 0.075390287 4.801837921 0.044459786 0.998981416 -0.007715935 -6.733609200 -0.074975900 0.011038402 0.997124255 60.944137573
0.996202946 -0.045216758 0.074397556 4.934797764 0.046218909 0.998861551 -0.011803247 -6.862446308 -0.073779158 0.015197005 0.997158766 62.150424957
0.996250272 -0.046607144 0.072891384 5.076983929 0.047774088 0.998755157 -0.014347620 -6.994680882 -0.072131947 0.017776139 0.997236669 63.339828491
0.996392190 -0.047151733 0.070564575 5.220640659 0.048296984 0.998726070 -0.014611640 -7.129309654 -0.069785722 0.017966978 0.997400165 64.528060913
0.996605873 -0.046681803 0.067804411 5.353055000 0.047722206 0.998765230 -0.013805497 -7.267158031 -0.067076199 0.016994417 0.997603118 65.702514648
0.996872425 -0.045406856 0.064680927 5.475399494 0.046270851 0.998857796 -0.011922307 -7.408153057 -0.064065695 0.014877860 0.997834802 66.901397705
0.997257173 -0.041720994 0.061135616 5.594055653 0.042314809 0.999068558 -0.008450173 -7.538052559 -0.060726129 0.011013936 0.998093724 68.075889587
0.997489274 -0.040017389 0.058427677 5.702845573 0.040450059 0.999162078 -0.006240971 -7.662768364 -0.058128979 0.008588706 0.998272240 69.239463806
0.997776747 -0.038693439 0.054261699 5.837196350 0.039234385 0.999190032 -0.008939242 -7.815582275 -0.053871863 0.011048294 0.998486698 70.461311340
0.997955382 -0.039106399 0.050554741 5.946507931 0.039940704 0.999080241 -0.015598995 -7.945634842 -0.049898226 0.017586293 0.998599410 71.618698120
0.997995853 -0.042464960 0.046914864 6.059519768 0.043393187 0.998878539 -0.018946972 -8.083992958 -0.046057653 0.020944787 0.998719156 72.804733276
0.998016596 -0.045514632 0.043489479 6.159140587 0.046168979 0.998833239 -0.014161594 -8.219217300 -0.042794179 0.016141370 0.998953462 73.972587585
0.998013735 -0.049991798 0.038333435 6.273920059 0.050393555 0.998683572 -0.009586347 -8.345948219 -0.037803724 0.011499066 0.999218941 75.148597717
0.998074114 -0.051991060 0.033837538 6.369302750 0.052254308 0.998609662 -0.006941557 -8.466802597 -0.033429593 0.008696345 0.999403298 76.321243286
0.998292148 -0.050515141 0.029340552 6.464960098 0.050672390 0.998704493 -0.004640305 -8.596220970 -0.029068135 0.006119136 0.999558628 77.489334106
0.998397291 -0.050359659 0.025823288 6.548248291 0.050488673 0.998715103 -0.004368088 -8.719264030 -0.025570134 0.005664871 0.999656916 78.643997192
0.998585939 -0.048245609 0.022326477 6.629929066 0.048388042 0.998811245 -0.005883437 -8.852852821 -0.022016089 0.006955450 0.999733388 79.813575745
0.998702705 -0.047092658 0.019374443 6.693513870 0.047312532 0.998818934 -0.011050472 -8.983717918 -0.018831164 0.011952790 0.999751210 80.961563110
0.998602271 -0.050478980 0.015656326 6.773032665 0.050727885 0.998585403 -0.015930369 -9.116948128 -0.014830031 0.016702320 0.999750495 82.109001160
0.998455167 -0.054284651 0.011854811 6.843723297 0.054483559 0.998367310 -0.017153954 -9.248251915 -0.010904258 0.017773343 0.999782622 83.268638611
0.998483539 -0.054568004 0.007279224 6.916418552 0.054664996 0.998408496 -0.013865795 -9.381316185 -0.006511008 0.014242687 0.999877393 84.430061340
0.998464048 -0.055113815 0.005657114 6.958272934 0.055178147 0.998405278 -0.011928376 -9.502953529 -0.004990675 0.012222204 0.999912798 85.536575317
0.998590112 -0.052814960 0.005319301 7.003796101 0.052881788 0.998511851 -0.013322925 -9.631092072 -0.004607737 0.013585434 0.999897122 86.663208008
0.998785079 -0.049015198 0.005085350 7.054785728 0.049092282 0.998660564 -0.016338937 -9.762790680 -0.004277683 0.016568737 0.999853671 87.773178101
0.998844147 -0.047933839 0.003569610 7.113094807 0.047992919 0.998669207 -0.018881489 -9.901661873 -0.002659797 0.019030979 0.999815345 88.891532898
0.998773515 -0.049450982 0.002458101 7.164890289 0.049489684 0.998583257 -0.019549381 -10.034136772 -0.001487883 0.019647051 0.999805868 90.003791809
0.998747051 -0.050028957 0.001179562 7.218516827 0.050041962 0.998592675 -0.017563358 -10.163502693 -0.000299225 0.017600376 0.999845028 91.104278564
0.998672366 -0.051508445 0.000478955 7.269489288 0.051509932 0.998564959 -0.014649078 -10.293781281 0.000276284 0.014654303 0.999892592 92.277214050
0.998719335 -0.050592422 -0.000232197 7.322092056 0.050584469 0.998625398 -0.013730871 -10.424031258 0.000926556 0.013701542 0.999905646 93.385353088
0.998669207 -0.051572729 -0.000424181 7.366200447 0.051559333 0.998541474 -0.016016698 -10.556533813 0.001249587 0.015973510 0.999871671 94.507614136
0.998659670 -0.051754992 -0.000522700 7.424300194 0.051734921 0.998469591 -0.019543482 -10.694480896 0.001533373 0.019490248 0.999808788 95.625946045
0.998628795 -0.052345149 -0.000658524 7.473641872 0.052320767 0.998420835 -0.020452652 -10.826574326 0.001728081 0.020390153 0.999790609 96.717216492
0.998616755 -0.052577805 -0.000343925 7.521886826 0.052561112 0.998427272 -0.019497782 -10.956671715 0.001368535 0.019452732 0.999809861 97.807518005
0.998634338 -0.052243695 -0.000084387 7.574374199 0.052237466 0.998538017 -0.013898076 -11.081644058 0.000810350 0.013874692 0.999903440 98.895004272
0.998719692 -0.050571728 0.001156567 7.623132229 0.050581265 0.998661876 -0.010764556 -11.202913284 -0.000610637 0.010809275 0.999941349 99.964553833
0.998779178 -0.049303416 0.003034632 7.676064014 0.049333572 0.998723626 -0.010829780 -11.318557739 -0.002496814 0.010966268 0.999936819 101.014823914
0.998884141 -0.046974368 0.004909866 7.729065895 0.047031499 0.998818278 -0.012249698 -11.450422287 -0.004328643 0.012466946 0.999912858 102.075935364
0.998862028 -0.047140166 0.007235648 7.782331467 0.047244448 0.998770833 -0.014989886 -11.566397667 -0.006520130 0.015314673 0.999861419 103.091545105
0.998771787 -0.048694573 0.009147629 7.840331554 0.048832469 0.998686492 -0.015509082 -11.687677383 -0.008380406 0.015936738 0.999837875 104.108055115
0.998669326 -0.050472185 0.010599595 7.913000584 0.050621200 0.998615623 -0.014295047 -11.820300102 -0.009863420 0.014812588 0.999841630 105.108154297
0.998651803 -0.050465021 0.012155844 7.974990368 0.050619006 0.998637199 -0.012711927 -11.935892105 -0.011497769 0.013310106 0.999845266 106.067054749
0.998588324 -0.051321872 0.013691427 8.030247688 0.051480934 0.998607397 -0.011530197 -12.046052933 -0.013080608 0.012218768 0.999839783 107.027862549
0.998525381 -0.052032933 0.015482135 8.088018417 0.052220900 0.998563468 -0.011994583 -12.153399467 -0.014835782 0.012785386 0.999808192 107.946479797
0.998518348 -0.051560283 0.017396046 8.143670082 0.051742267 0.998608589 -0.010178194 -12.254714966 -0.016847048 0.011063223 0.999796867 108.853813171
0.998521149 -0.050862718 0.019198816 8.199576378 0.051023066 0.998665869 -0.007956300 -12.355185509 -0.018768523 0.008924117 0.999783993 109.723098755
0.998495996 -0.050879929 0.020419288 8.261631012 0.050988138 0.998687685 -0.004813825 -12.456873894 -0.020147560 0.005847726 0.999779940 110.583496094
0.998458266 -0.050874993 0.022196706 8.317802429 0.050990403 0.998688400 -0.004664580 -12.549909592 -0.021930283 0.005789209 0.999742746 111.409255981
0.998486757 -0.049866956 0.023182673 8.370617867 0.049974449 0.998742104 -0.004080673 -12.640542030 -0.022950020 0.005233040 0.999722838 112.224472046
0.998591185 -0.047527775 0.023598135 8.422672272 0.047629565 0.998857975 -0.003769939 -12.721733093 -0.023392005 0.004888598 0.999714375 113.005393982
0.998722017 -0.045071363 0.022865113 8.469030380 0.045097601 0.998982310 -0.000632521 -12.800195694 -0.022813331 0.001662874 0.999738336 113.757812500
0.998783588 -0.045063768 0.020014353 8.513374329 0.045066576 0.998983920 0.000310590 -12.886338234 -0.020008015 0.000591766 0.999799669 114.506942749
0.998888671 -0.045166217 0.013463250 8.549920082 0.045163050 0.998979449 0.000538981 -12.962458611 -0.013473855 0.000069659 0.999909222 115.200912476
0.999052584 -0.043430060 0.002754699 8.579003334 0.043432049 0.999056160 -0.000666306 -13.037553787 -0.002723163 0.000785317 0.999996006 115.876670837
0.999116838 -0.040539082 -0.011049232 8.577760696 0.040501744 0.999172986 -0.003583103 -13.105974197 0.011185348 0.003132425 0.999932528 116.518836975
0.998782635 -0.039190546 -0.029955944 8.578102112 0.039030168 0.999220431 -0.005920275 -13.179589272 0.030164611 0.004743881 0.999533713 117.142662048
0.997925341 -0.037587363 -0.052269716 8.542873383 0.037198920 0.999272764 -0.008384851 -13.248198509 0.052546859 0.006423078 0.998597860 117.730873108
0.996148705 -0.036111936 -0.079897732 8.499437332 0.035415832 0.999321461 -0.010112867 -13.317815781 0.080208711 0.007244274 0.996751785 118.299278259
0.993131995 -0.033909418 -0.111977816 8.428223610 0.032762900 0.999390364 -0.012063591 -13.385810852 0.112318620 0.008312020 0.993637562 118.840690613
0.988691866 -0.029228337 -0.147085249 8.312805176 0.027529368 0.999528825 -0.013573792 -13.450960159 0.147412673 0.009371134 0.989030659 119.380912781
0.982315838 -0.023249405 -0.185782194 8.205987930 0.021199740 0.999690592 -0.013011843 -13.510210037 0.186027229 0.008843206 0.982504785 119.896751404
0.973646879 -0.017915012 -0.227356300 8.064670563 0.015837871 0.999814510 -0.010957256 -13.569109917 0.227510393 0.007067658 0.973750055 120.400398254
0.962214291 -0.013209151 -0.271972716 7.889394760 0.011065510 0.999894440 -0.009414053 -13.627443314 0.272068381 0.006048820 0.962258935 120.894012451
0.948016644 -0.006800758 -0.318147957 7.693042755 0.003852553 0.999943554 -0.009895048 -13.685333252 0.318197310 0.008154988 0.947989464 121.351318359
0.930497587 0.000869102 -0.366296798 7.457229614 -0.005029825 0.999933243 -0.010404671 -13.745025635 0.366263330 0.011523934 0.930439830 121.832489014
0.909387767 0.005640105 -0.415911108 7.202651978 -0.011417275 0.999869704 -0.011404746 -13.796336174 0.415792584 0.015119907 0.909333706 122.260437012
0.884200513 0.009914787 -0.467002273 6.934196472 -0.016512727 0.999813259 -0.010037698 -13.849834442 0.466815531 0.016586820 0.884199083 122.673416138
0.855079710 0.013309225 -0.518325686 6.651023865 -0.021337101 0.999727011 -0.009529397 -13.898070335 0.518057346 0.019207960 0.855130136 123.069854736
0.823518932 0.022762435 -0.566832006 6.319152832 -0.031942468 0.999469995 -0.006271451 -13.947397232 0.566388845 0.023270672 0.823809505 123.441360474
0.789403379 0.035530157 -0.612845719 5.969650269 -0.045072168 0.998983741 -0.000140450 -13.983386993 0.612217903 0.027733160 0.790202558 123.795082092
0.753359795 0.044353962 -0.656111121 5.613658905 -0.056348152 0.998407245 0.002793575 -14.027105331 0.655190051 0.034866083 0.754659116 124.109085083
0.713646591 0.048173625 -0.698847473 5.242385864 -0.063689418 0.997962713 0.003754393 -14.071962357 0.697604477 0.041829873 0.715260923 124.404182434
0.670894146 0.049917005 -0.739871085 4.864578247 -0.066400476 0.997767687 0.007106481 -14.120763779 0.738574147 0.044360097 0.672711134 124.689689636
0.626521111 0.053447813 -0.777569652 4.458904266 -0.069501899 0.997502685 0.012564689 -14.160241127 0.776299238 0.046170529 0.628671288 124.966102600
0.581335902 0.062213134 -0.811281741 4.033927917 -0.080787390 0.996559024 0.018531730 -14.193952560 0.809643149 0.054768175 0.584361613 125.195678711
0.535670400 0.071067646 -0.841431320 3.589828491 -0.092276037 0.995411277 0.025328264 -14.219373703 0.839370251 0.064076349 0.539770186 125.403968811
0.488523543 0.075888842 -0.869244277 3.139591217 -0.098043628 0.994675875 0.031738129 -14.244353294 0.867024958 0.069719046 0.493362993 125.605354309
0.441617042 0.076788805 -0.893911541 2.668087006 -0.097491801 0.994538367 0.037269183 -14.263784409 0.891891122 0.070690334 0.446691334 125.781242371
0.394782484 0.078646183 -0.915402412 2.193946838 -0.095231161 0.994465888 0.044368841 -14.286371231 0.913825929 0.069658801 0.400087297 125.945770264
0.348527908 0.081368513 -0.933759868 1.702911377 -0.096686408 0.994031250 0.050532192 -14.309529305 0.932298303 0.072670020 0.354314864 126.094116211
0.304667115 0.084413782 -0.948710740 1.198348999 -0.102206871 0.993210912 0.055550762 -14.327830315 0.946959198 0.080040276 0.311226368 126.209442139
0.263483226 0.086227857 -0.960802436 0.674697876 -0.107204475 0.992444873 0.059668683 -14.346123695 0.958688736 0.087280631 0.270736545 126.309814453
0.224296182 0.082697816 -0.971005797 0.150156021 -0.107619360 0.992400587 0.059660554 -14.362384796 0.968560457 0.091117390 0.231491506 126.405174255
0.189946383 0.077738523 -0.978711963 -0.389795303 -0.102597654 0.992974102 0.058959417 -14.381017685 0.976419032 0.089214429 0.196587622 126.489089966
0.159118325 0.072525240 -0.984592021 -0.946891785 -0.100038692 0.993349254 0.057003219 -14.399478912 0.982178032 0.089427046 0.165315360 126.571136475
0.132220104 0.070874684 -0.988683283 -1.504709244 -0.100357339 0.993272185 0.057782486 -14.421950340 0.986126840 0.091581605 0.138443351 126.646362305
0.110145152 0.070074342 -0.991442263 -2.086749077 -0.101527162 0.993086934 0.058911346 -14.437922478 0.988716483 0.094169535 0.116498150 126.709594727
0.091922447 0.071443491 -0.993199944 -2.693423271 -0.104016922 0.992655039 0.061777327 -14.452434540 0.990318477 0.097630888 0.098678604 126.755500793
0.075502917 0.069735251 -0.994704187 -3.297486305 -0.104792409 0.992582500 0.061632246 -14.476799011 0.991623878 0.099584036 0.082250595 126.807807922
0.061949372 0.068704911 -0.995711803 -3.915594101 -0.104063727 0.992635190 0.062018167 -14.502652168 0.992639422 0.099775493 0.068642817 126.851593018
0.049320016 0.066230312 -0.996584713 -4.558059692 -0.098865755 0.993222356 0.061114084 -14.527702332 0.993877828 0.095513955 0.055533655 126.905975342
0.037105121 0.063655823 -0.997281969 -5.205204010 -0.096550398 0.993528664 0.059823979 -14.546569824 0.994636297 0.094068184 0.043010995 126.948097229
0.026354605 0.063236386 -0.997650564 -5.864360332 -0.096039109 0.993541062 0.060438868 -14.567620277 0.995028675 0.094220631 0.032257542 126.980606079
0.017498959 0.064789034 -0.997745514 -6.535791397 -0.099569537 0.993050814 0.062737890 -14.590932846 0.994876742 0.098247193 0.023828372 126.988136292
0.008852380 0.064053476 -0.997907221 -7.229938507 -0.102392040 0.992758870 0.062814683 -14.614605904 0.994704664 0.101621687 0.015346846 127.008201599
0.002435787 0.063512087 -0.997978091 -7.917269707 -0.105124086 0.992467642 0.062904820 -14.636398315 0.994456053 0.104758322 0.009094091 127.024345398
-0.003055037 0.064888455 -0.997887790 -8.613110542 -0.105636492 0.992288113 0.064847730 -14.658521652 0.994400084 0.105611488 0.003823112 127.039657593
-0.006401108 0.066912994 -0.997738302 -9.333533287 -0.107450336 0.991935909 0.067213215 -14.675417900 0.994189858 0.107637569 0.000840334 127.058052063
-0.007424308 0.070442386 -0.997488201 -10.050810814 -0.109874077 0.991418421 0.070831530 -14.696834564 0.993917763 0.110123970 0.000379196 127.071083069
-0.008223804 0.074012049 -0.997223437 -10.785804749 -0.112412743 0.990867257 0.074467354 -14.713186264 0.993627489 0.112713039 0.000171201 127.077079773
-0.009786375 0.079726793 -0.996768713 -11.513995171 -0.117301002 0.989842594 0.080324471 -14.726342201 0.993048191 0.117708050 -0.000334941 127.092727661
-0.011038857 0.083373234 -0.996457219 -12.252157211 -0.120225176 0.989178360 0.084096067 -14.740068436 0.992685258 0.120727569 -0.000895837 127.107826233
-0.012617666 0.083924100 -0.996392369 -12.996479034 -0.119496539 0.989203811 0.084831849 -14.757165909 0.992754459 0.120135821 -0.002452805 127.123847961
-0.013402914 0.080543444 -0.996661007 -13.768524170 -0.117999338 0.989658177 0.081564352 -14.774600029 0.992923319 0.118698515 -0.003760231 127.134567261
-0.015477850 0.077298582 -0.996887922 -14.518973351 -0.121778026 0.989439368 0.078611784 -14.782740593 0.992436588 0.122615777 -0.005901125 127.149322510
-0.016276177 0.079122186 -0.996732116 -15.291920662 -0.126591399 0.988679111 0.080550104 -14.793451309 0.991821408 0.127488747 -0.006075728 127.145271301
-0.017640356 0.082053714 -0.996471763 -16.069671631 -0.123766266 0.988782525 0.083611555 -14.807694435 0.992154539 0.124804549 -0.007286994 127.156677246
-0.019851446 0.082217567 -0.996416628 -16.846488953 -0.122704513 0.988878548 0.084040202 -14.824190140 0.992244661 0.123933159 -0.009542202 127.168685913
-0.020504862 0.081619926 -0.996452451 -17.633937836 -0.125807539 0.988529265 0.083559781 -14.834935188 0.991842747 0.127074629 -0.010001257 127.166671753
-0.021359140 0.081067696 -0.996479690 -18.426319122 -0.129720107 0.988057017 0.083162956 -14.846470833 0.991320550 0.131039754 -0.010587938 127.176803589
-0.022755863 0.085253373 -0.996099353 -19.223068237 -0.131601796 0.987431824 0.087517962 -14.852188110 0.991041362 0.133080006 -0.011250370 127.185287476
-0.023474410 0.090024784 -0.995662808 -20.029102325 -0.130820811 0.987096906 0.092334613 -14.864918709 0.991127968 0.132420897 -0.011394403 127.196640015
-0.022316068 0.092649043 -0.995448709 -20.849950790 -0.131882787 0.986722410 0.094793439 -14.873852730 0.991014004 0.133397982 -0.009800949 127.207542419
-0.020599876 0.091468059 -0.995594919 -21.668325424 -0.131259397 0.986939430 0.093388744 -14.880996704 0.991133928 0.132604986 -0.008324789 127.219078064
-0.019327464 0.091625154 -0.995605886 -22.499948502 -0.131250262 0.986941934 0.093375720 -14.886775017 0.991160810 0.132478282 -0.007049259 127.227226257
-0.019302001 0.090432003 -0.995715499 -23.326856613 -0.129520103 0.987283111 0.092176922 -14.890762329 0.991388917 0.130744413 -0.007343778 127.249763489
-0.018464284 0.092552356 -0.995536566 -24.164384842 -0.130448803 0.986972153 0.094175585 -14.898555756 0.991283059 0.131605461 -0.006150393 127.267059326
-0.017888078 0.094687574 -0.995346367 -25.002416611 -0.131953508 0.986574471 0.096224524 -14.900663376 0.991094530 0.133060709 -0.005153563 127.280761719
-0.017883021 0.096959963 -0.995127618 -25.876602173 -0.135179400 0.985913754 0.098491468 -14.900218964 0.990659714 0.136282086 -0.004524130 127.293556213
-0.016320705 0.098041303 -0.995048463 -26.739862442 -0.137347415 0.985527337 0.099355951 -14.897584915 0.990388513 0.138288885 -0.002618778 127.304611206
-0.014567422 0.101231068 -0.994756341 -27.608121872 -0.144194975 0.984249830 0.102273509 -14.898147583 0.989441931 0.144928753 0.000259029 127.317718506
-0.012362801 0.105114475 -0.994383276 -28.488290787 -0.148903742 0.983177483 0.105781183 -14.894290924 0.988774419 0.149375111 0.003497106 127.333534241
-0.010221061 0.106927663 -0.994214237 -29.362564087 -0.151460186 0.982628882 0.107238747 -14.889001846 0.988410413 0.151679978 0.006151770 127.362159729
-0.006248150 0.107739672 -0.994159520 -30.261512756 -0.150281876 0.982786596 0.107451655 -14.889819145 0.988623381 0.150075555 0.010050721 127.380966187
-0.003556627 0.107621439 -0.994185567 -31.154743195 -0.152910069 0.982441664 0.106897153 -14.883423805 0.988233626 0.152401179 0.012962220 127.406814575
-0.001175370 0.111312859 -0.993784785 -32.055500031 -0.153320968 0.982015312 0.110175893 -14.874713898 0.988175750 0.152497545 0.015912363 127.438659668
0.001074673 0.113197453 -0.993571877 -32.967594147 -0.152032509 0.982041180 0.111719325 -14.868907928 0.988374889 0.150935173 0.018265065 127.480278015
0.002919652 0.114388965 -0.993431687 -33.861305237 -0.152619377 0.981848776 0.112606697 -14.865061760 0.988280714 0.151288167 0.020324629 127.519172668
0.005380515 0.112640411 -0.993621230 -34.765052795 -0.154018879 0.981872439 0.110474512 -14.859325409 0.988053262 0.152442023 0.022631729 127.548789978
0.005889313 0.113933682 -0.993470907 -35.677597046 -0.158284768 0.981069505 0.111573145 -14.851046562 0.987375915 0.156594232 0.023811797 127.585159302
0.007016322 0.114509203 -0.993397355 -36.571269989 -0.159063876 0.980901122 0.111945264 -14.846400261 0.987243414 0.157228202 0.025096593 127.620758057
0.007289979 0.110999145 -0.993793786 -37.469261169 -0.159309223 0.981256068 0.108430162 -14.844239235 0.987201810 0.157530099 0.024836523 127.653892517
0.008168275 0.106894158 -0.994236946 -38.378433228 -0.160541028 0.981512845 0.104207225 -14.845909119 0.986995399 0.158764616 0.025178166 127.697845459
0.008716104 0.106149286 -0.994312048 -39.275840759 -0.160179123 0.981657982 0.103394262 -14.841047287 0.987049460 0.158366844 0.025559133 127.738052368
0.008510336 0.110197872 -0.993873239 -40.180595398 -0.162623912 0.980830014 0.107359178 -14.836296082 0.986651421 0.160713911 0.026268002 127.776016235
0.008745592 0.116438024 -0.993159592 -41.113201141 -0.163129911 0.980058253 0.113465548 -14.826038361 0.986565769 0.161021739 0.027565720 127.814437866
0.009023390 0.115155086 -0.993306577 -42.008747101 -0.161002576 0.980554104 0.112214088 -14.826395035 0.986912787 0.158912376 0.027388189 127.857658386
0.009805477 0.104964711 -0.994427621 -42.898910522 -0.160156980 0.981801987 0.102052823 -14.834550858 0.987042844 0.158263847 0.026437867 127.899658203
0.010283819 0.094247870 -0.995495617 -43.819400787 -0.162141562 0.982530475 0.091345422 -14.836050034 0.986713946 0.160471812 0.025385663 127.935623169
0.009276535 0.091168903 -0.995792150 -44.722187042 -0.159031108 0.983295083 0.088543244 -14.844435692 0.987230062 0.157540575 0.023620259 127.979324341
0.009121642 0.101257503 -0.994818330 -45.643314362 -0.151537836 0.983509600 0.098716974 -14.847177505 0.988409400 0.149852172 0.024315564 128.027191162
0.009068019 0.114484794 -0.993383527 -46.588104248 -0.146709606 0.982826769 0.111928880 -14.846970558 0.989138067 0.144723982 0.025708312 128.085739136
0.009197927 0.123512380 -0.992300451 -47.510471344 -0.146914467 0.981740654 0.120836206 -14.838241577 0.989106476 0.144671828 0.027175732 128.129867554
0.009057363 0.117737107 -0.993003488 -48.426269531 -0.146928623 0.982422709 0.115142390 -14.834743500 0.989105701 0.144857749 0.026197106 128.169754028
0.009112689 0.104216032 -0.994512916 -49.350624084 -0.146791637 0.983919144 0.101760864 -14.833312988 0.989125371 0.145058885 0.024264198 128.210403442
0.009835972 0.095387980 -0.995391607 -50.265872955 -0.147277161 0.984721780 0.092910193 -14.833499908 0.989046276 0.145684585 0.023734169 128.251220703
0.010256978 0.095522948 -0.995374382 -51.195110321 -0.146224618 0.984869421 0.093008034 -14.842985153 0.989198148 0.144594282 0.024069592 128.296707153
0.009739063 0.097088195 -0.995228112 -52.135856628 -0.149396747 0.984245896 0.094554871 -14.856769562 0.988729358 0.147762954 0.024090292 128.332916260
0.010239372 0.096379727 -0.995291948 -53.086975098 -0.154402465 0.983559132 0.093655124 -14.862815857 0.987954974 0.152716532 0.024952298 128.368652344
0.010702921 0.095781937 -0.995344758 -54.019187927 -0.156061515 0.983364105 0.092950910 -14.863468170 0.987689316 0.154340163 0.025472738 128.409851074
0.011740560 0.103263378 -0.994584739 -54.964038849 -0.165260553 0.981175303 0.099920295 -14.861541748 0.986179948 0.163192540 0.028584914 128.441146851
0.013370430 0.112838082 -0.993523419 -55.913650513 -0.170863852 0.979256034 0.108918265 -14.856826782 0.985203862 0.168300927 0.032373026 128.476531982
0.014410564 0.120913893 -0.992558420 -56.875698090 -0.171114504 0.978316009 0.116694540 -14.854872704 0.985145688 0.168159500 0.034788210 128.528945923
0.015359960 0.121792302 -0.992436826 -57.818798065 -0.172493532 0.977995336 0.117350362 -14.847327232 0.984890938 0.169386446 0.036030356 128.573287964
0.016632771 0.111899897 -0.993580341 -58.757953644 -0.174044773 0.978871107 0.107329763 -14.842479706 0.984597266 0.171142265 0.035756938 128.623809814
0.017350916 0.107142255 -0.994092345 -59.692405701 -0.172530949 0.979648709 0.102574199 -14.841937065 0.984851301 0.169731930 0.035483159 128.685470581
0.020051241 0.105762780 -0.994189203 -60.652915955 -0.171419606 0.980028033 0.100799024 -14.849315643 0.984993994 0.168402404 0.037780590 128.734436035
0.023360312 0.111233763 -0.993519664 -61.641475677 -0.172955886 0.979255438 0.105570093 -14.837556839 0.984652460 0.169368908 0.042114243 128.789779663
0.027065992 0.113283440 -0.993193984 -62.602703094 -0.175743818 0.978622019 0.106832094 -14.837312698 0.984063804 0.171656176 0.046396241 128.842208862
0.031428866 0.108182572 -0.993634105 -63.553249359 -0.175178200 0.979333758 0.101084672 -14.839258194 0.984034956 0.170886084 0.049730580 128.900924683
0.034001473 0.102613389 -0.994140089 -64.509277344 -0.175289422 0.979908347 0.095149189 -14.847842216 0.983929634 0.171026990 0.051305376 128.969573975
0.037378497 0.102441378 -0.994036615 -65.481887817 -0.172383189 0.980480433 0.094562270 -14.851858139 0.984320521 0.167820588 0.054308057 129.041595459
0.039955132 0.106946699 -0.993461609 -66.459793091 -0.169942632 0.980497122 0.098716311 -14.867904663 0.984643638 0.164887264 0.057350703 129.125030518
0.043148391 0.113778792 -0.992568731 -67.416992188 -0.169162363 0.979981065 0.104982138 -14.870943069 0.984643221 0.163375452 0.061531700 129.206237793
0.045840517 0.117532298 -0.992010534 -68.383949280 -0.167178109 0.979951859 0.108378366 -14.874432564 0.984860539 0.160874337 0.064570323 129.288009644
0.048203602 0.119686455 -0.991640985 -69.368972778 -0.166877896 0.979805827 0.110146135 -14.877507210 0.984798551 0.160173491 0.067203201 129.364944458
0.050357878 0.116627268 -0.991898179 -70.316719055 -0.165094256 0.980467200 0.106901482 -14.873660088 0.984991372 0.158373386 0.068628721 129.441497803
0.050974775 0.115229957 -0.992029965 -71.264213562 -0.163054734 0.980953217 0.105564870 -14.877820969 0.985299408 0.156374052 0.068792678 129.527999878
0.051426649 0.111484393 -0.992434621 -72.207931519 -0.160010144 0.981831133 0.102001734 -14.885129929 0.985774815 0.153553993 0.068330929 129.617675781
0.051059265 0.111488551 -0.992453158 -73.190887451 -0.158528328 0.982054591 0.102164522 -14.881496429 0.986033320 0.152115524 0.067817062 129.699478149
0.050645396 0.116219938 -0.991931498 -74.143440247 -0.155275047 0.982044876 0.107133627 -14.883706093 0.986572206 0.148596361 0.067782097 129.785263062
0.050033286 0.117861211 -0.991768837 -75.110008240 -0.149249598 0.982744634 0.109259352 -14.887056351 0.987532854 0.142554507 0.066760682 129.882995605
0.049244415 0.113248773 -0.992345631 -76.069847107 -0.146507576 0.983622968 0.104983009 -14.874711037 0.987983048 0.140216306 0.065029733 129.964309692
0.047868900 0.109559670 -0.992826879 -77.024238586 -0.148446232 0.983708560 0.101396151 -14.878889084 0.987761259 0.142527685 0.063352771 130.043365479
0.046548449 0.107004799 -0.993168235 -77.974098206 -0.144953698 0.984445870 0.099271253 -14.883583069 0.988342881 0.139342502 0.061335173 130.124954224
0.045331448 0.107672863 -0.993152320 -78.938873291 -0.145048350 0.984348238 0.100097761 -14.885231972 0.988385677 0.139517531 0.060239695 130.193954468
0.044452980 0.108679481 -0.993082404 -79.897567749 -0.146482125 0.984030128 0.101131916 -14.885286331 0.988214016 0.140973181 0.059662677 130.268524170
0.043014832 0.109032154 -0.993107140 -80.851112366 -0.148039743 0.983749449 0.101592682 -14.888668060 0.988045573 0.142649353 0.058456916 130.340911865
0.041823938 0.109914646 -0.993060648 -81.802192688 -0.147865996 0.983666182 0.102647275 -14.891185760 0.988122702 0.142546788 0.057393432 130.405639648
0.039540328 0.110064693 -0.993137598 -82.762084961 -0.147756025 0.983632386 0.103128582 -14.892377853 0.988233268 0.142664313 0.055155870 130.479904175
0.037978593 0.112344690 -0.992943227 -83.721107483 -0.147907838 0.983347118 0.105601713 -14.884260178 0.988271654 0.142853484 0.053962808 130.548110962
0.036559902 0.116101734 -0.992564261 -84.675651550 -0.149269328 0.982720137 0.109452099 -14.877217293 0.988120496 0.144157812 0.053258583 130.604995728
0.034381714 0.121069364 -0.992048383 -85.624534607 -0.150527522 0.981938958 0.114618711 -14.868287086 0.988007784 0.145389825 0.051985011 130.669128418
0.032057572 0.121057764 -0.992127597 -86.578399658 -0.150593862 0.981890857 0.114942677 -14.866089821 0.988075793 0.145723552 0.049707595 130.732086182
0.031187145 0.116058841 -0.992752612 -87.523399353 -0.150792688 0.982413650 0.110113032 -14.862350464 0.988073289 0.146265760 0.048139501 130.789978027
0.028635053 0.110994123 -0.993408442 -88.471961975 -0.154815778 0.982316434 0.105292238 -14.849669456 0.987528265 0.150780275 0.045312334 130.849914551
0.027542399 0.108902499 -0.993670762 -89.415481567 -0.152810246 0.982823014 0.103478082 -14.847558022 0.987871706 0.148993045 0.043710735 130.912307739
0.026710918 0.110004455 -0.993572056 -90.380256653 -0.148153663 0.983385861 0.104893766 -14.850275040 0.988603711 0.144399539 0.042564694 130.968414307
0.026108399 0.111482568 -0.993423343 -91.329559326 -0.145256236 0.983638167 0.106566958 -14.849593163 0.989049494 0.141518667 0.041874759 131.027603149
0.025193635 0.111463510 -0.993449152 -92.278831482 -0.139679700 0.984408617 0.106906950 -14.854122162 0.989876211 0.136071250 0.040370025 131.089828491
0.023947483 0.108559005 -0.993801594 -93.222152710 -0.135819659 0.985222876 0.104349092 -14.857190132 0.990444183 0.132478863 0.038338061 131.151214600
0.023317829 0.105414324 -0.994154990 -94.165229797 -0.130463332 0.986242354 0.101515301 -14.859435081 0.991178930 0.127333656 0.036749732 131.212463379
0.021867201 0.108406931 -0.993866086 -95.145324707 -0.128756046 0.986130536 0.104730256 -14.867234230 0.991435111 0.125676125 0.035521958 131.260543823
0.020556198 0.110813871 -0.993628561 -96.093688965 -0.128140301 0.985934019 0.107304767 -14.865875244 0.991543055 0.125118077 0.034466773 131.316253662
0.019208351 0.108335577 -0.993928909 -97.053100586 -0.124024257 0.986692190 0.105149962 -14.859708786 0.992093265 0.121251523 0.032388974 131.365982056
0.017189667 0.105915815 -0.994226515 -98.003227234 -0.121077120 0.987276316 0.103082024 -14.864227295 0.992494345 0.118606143 0.029794928 131.413314819
0.013471856 0.103506006 -0.994537532 -98.970100403 -0.120053224 0.987600386 0.101157792 -14.866481781 0.992676020 0.118034676 0.025731038 131.464523315
0.010707145 0.102507271 -0.994674683 -99.924324036 -0.114486776 0.988316000 0.100619584 -14.874695778 0.993367016 0.112799734 0.022317769 131.514083862
0.008622564 0.102543786 -0.994691074 -100.884239197 -0.107713714 0.989035547 0.101027019 -14.868701935 0.994144499 0.106270760 0.019573394 131.553894043
0.005600666 0.109903224 -0.993926644 -101.846229553 -0.097988412 0.989218891 0.108830541 -14.865220070 0.995171785 0.096783765 0.016309528 131.622207642
0.002997685 0.117858604 -0.993025899 -102.802391052 -0.089931838 0.989038229 0.117113851 -14.859899521 0.995943367 0.088953592 0.013564065 131.676071167
-0.000404215 0.117660590 -0.993053854 -103.757598877 -0.085640557 0.989401460 0.117262706 -14.855237961 0.996325970 0.085093088 0.009676589 131.723953247
-0.002661923 0.107772417 -0.994172037 -104.710891724 -0.086813569 0.990397096 0.107595660 -14.857313156 0.996221006 0.086594023 0.006719748 131.751800537
-0.004773880 0.098254025 -0.995149910 -105.659042358 -0.088618919 0.991204321 0.098289564 -14.853825569 0.996054173 0.088658340 0.003975275 131.786666870
-0.004795655 0.100092195 -0.994966626 -106.625274658 -0.096239254 0.990313292 0.100087941 -14.858266830 0.995346665 0.096234836 0.004883599 131.797378540
-0.005846830 0.109054081 -0.994018614 -107.585617065 -0.099280529 0.989061058 0.109094150 -14.843007088 0.995042324 0.099324539 0.005044074 131.836990356
-0.007450726 0.120354041 -0.992703080 -108.547904968 -0.103107370 0.987346828 0.120478541 -14.830357552 0.994642317 0.103252657 0.005052938 131.865264893
-0.008572125 0.121998586 -0.992493212 -109.495056152 -0.110142447 0.986375391 0.122197859 -14.818504333 0.993878841 0.110363111 0.004981888 131.889099121
-0.008359176 0.119008206 -0.992857993 -110.479736328 -0.117182136 0.985935092 0.119164973 -14.800610542 0.993075192 0.117341340 0.005704029 131.907638550
-0.008527419 0.114970431 -0.993332267 -111.434692383 -0.125275269 0.985419273 0.115130000 -14.787405968 0.992085338 0.125421733 0.005999870 131.929489136
-0.006010962 0.116913237 -0.993123889 -112.403106689 -0.129838377 0.984643519 0.116700761 -14.767394066 0.991516948 0.129647076 0.009261170 131.947753906
-0.004808400 0.118099496 -0.992990077 -113.381996155 -0.137829050 0.983445883 0.117631808 -14.749826431 0.990444362 0.137428492 0.011548743 131.973983765
-0.004192083 0.120901756 -0.992655694 -114.346588135 -0.147159144 0.981782258 0.120198883 -14.733678818 0.989103973 0.146582261 0.013676088 131.991744995
-0.003578200 0.123256929 -0.992368340 -115.323844910 -0.152842328 0.980647326 0.122352235 -14.712639809 0.988244116 0.152113721 0.015329923 132.012939453
-0.003808003 0.122205094 -0.992497563 -116.293609619 -0.156521186 0.980198741 0.121291302 -14.698907852 0.987667263 0.155808792 0.015395092 132.058074951
-0.002181654 0.112698197 -0.993626893 -117.249153137 -0.155486718 0.981506407 0.111664869 -14.700765610 0.987835526 0.154739395 0.015381766 132.087844849
-0.000839447 0.101080187 -0.994877934 -118.199432373 -0.158545256 0.982281327 0.099934138 -14.691791534 0.987351358 0.157817036 0.015201214 132.124023438
